,TIME,SRC,PACKET_SIZE,CUMULATIVE_PACKET_SIZE,PAGE_NUMBER,TOTAL_PACKET_SIZE
0,0.0,74.125.130.0-255,153,153,9,255821
1,3.2e-05,172.31.36.0-255,66,219,9,255821
2,4e-05,74.125.130.0-255,1484,1703,9,255821
3,4.5e-05,172.31.36.0-255,66,1769,9,255821
4,5.5e-05,74.125.130.0-255,1484,3253,9,255821
5,5.8e-05,172.31.36.0-255,66,3319,9,255821
6,6.4e-05,74.125.130.0-255,2902,6221,9,255821
7,6.7e-05,172.31.36.0-255,66,6287,9,255821
8,9.4e-05,74.125.130.0-255,2902,9189,9,255821
9,9.7e-05,172.31.36.0-255,66,9255,9,255821
10,0.000123,74.125.130.0-255,2902,12157,9,255821
11,0.000126,172.31.36.0-255,66,12223,9,255821
12,0.000153,74.125.130.0-255,2029,14252,9,255821
13,0.000157,172.31.36.0-255,66,14318,9,255821
14,0.000402,74.125.130.0-255,1484,15802,9,255821
15,0.000408,172.31.36.0-255,66,15868,9,255821
16,0.000415,74.125.130.0-255,2902,18770,9,255821
17,0.000417,172.31.36.0-255,66,18836,9,255821
18,0.000459,74.125.130.0-255,1484,20320,9,255821
19,0.000463,172.31.36.0-255,66,20386,9,255821
20,0.000487,74.125.130.0-255,4320,24706,9,255821
21,0.000491,172.31.36.0-255,66,24772,9,255821
22,0.000495,74.125.130.0-255,2902,27674,9,255821
23,0.000497,172.31.36.0-255,66,27740,9,255821
24,0.000502,74.125.130.0-255,3961,31701,9,255821
25,0.000504,172.31.36.0-255,66,31767,9,255821
26,0.000535,74.125.130.0-255,1484,33251,9,255821
27,0.000538,172.31.36.0-255,66,33317,9,255821
28,0.000543,74.125.130.0-255,2902,36219,9,255821
29,0.000545,172.31.36.0-255,66,36285,9,255821
30,0.000571,74.125.130.0-255,5738,42023,9,255821
31,0.000575,172.31.36.0-255,66,42089,9,255821
32,0.000602,74.125.130.0-255,4320,46409,9,255821
33,0.000605,172.31.36.0-255,66,46475,9,255821
34,0.00063,74.125.130.0-255,5738,52213,9,255821
35,0.000634,172.31.36.0-255,66,52279,9,255821
36,0.000679,172.31.36.0-255,66,52345,9,255821
37,0.000705,74.125.130.0-255,2184,54529,9,255821
38,0.000708,172.31.36.0-255,66,54595,9,255821
39,0.000746,74.125.130.0-255,378,54973,9,255821
40,0.000759,74.125.130.0-255,99,55072,9,255821
41,0.00084,74.125.130.0-255,1484,56556,9,255821
42,0.000845,172.31.36.0-255,66,56622,9,255821
43,0.00085,74.125.130.0-255,1484,58106,9,255821
44,0.000874,74.125.130.0-255,1484,59590,9,255821
45,0.000877,172.31.36.0-255,66,59656,9,255821
46,0.000884,74.125.130.0-255,5738,65394,9,255821
47,0.000887,172.31.36.0-255,66,65460,9,255821
48,0.000899,74.125.130.0-255,5738,71198,9,255821
49,0.000902,172.31.36.0-255,66,71264,9,255821
50,0.000947,74.125.130.0-255,4320,75584,9,255821
51,0.000951,172.31.36.0-255,66,75650,9,255821
52,0.000976,74.125.130.0-255,1484,77134,9,255821
53,0.000984,74.125.130.0-255,7156,84290,9,255821
54,0.000989,172.31.36.0-255,66,84356,9,255821
55,0.001011,74.125.130.0-255,5020,89376,9,255821
56,0.001014,172.31.36.0-255,66,89442,9,255821
57,0.001017,74.125.130.0-255,363,89805,9,255821
58,0.001179,172.31.36.0-255,66,89871,9,255821
59,0.001481,74.125.130.0-255,1484,91355,9,255821
60,0.001492,74.125.130.0-255,2902,94257,9,255821
61,0.001495,172.31.36.0-255,66,94323,9,255821
62,0.001499,74.125.130.0-255,1484,95807,9,255821
63,0.001522,74.125.130.0-255,4320,100127,9,255821
64,0.001525,172.31.36.0-255,66,100193,9,255821
65,0.00153,74.125.130.0-255,4320,104513,9,255821
66,0.001532,172.31.36.0-255,66,104579,9,255821
67,0.001555,74.125.130.0-255,2902,107481,9,255821
68,0.001557,172.31.36.0-255,66,107547,9,255821
69,0.001562,74.125.130.0-255,4320,111867,9,255821
70,0.001564,172.31.36.0-255,66,111933,9,255821
71,0.001567,74.125.130.0-255,1484,113417,9,255821
72,0.0016,74.125.130.0-255,4320,117737,9,255821
73,0.001604,172.31.36.0-255,66,117803,9,255821
74,0.001608,74.125.130.0-255,2902,120705,9,255821
75,0.00161,172.31.36.0-255,66,120771,9,255821
76,0.001626,74.125.130.0-255,3602,124373,9,255821
77,0.001629,172.31.36.0-255,66,124439,9,255821
78,0.003721,74.125.130.0-255,1484,125923,9,255821
79,0.00374,74.125.130.0-255,4320,130243,9,255821
80,0.003743,172.31.36.0-255,66,130309,9,255821
81,0.005851,74.125.130.0-255,1484,131793,9,255821
82,0.005863,74.125.130.0-255,4320,136113,9,255821
83,0.005865,172.31.36.0-255,66,136179,9,255821
84,0.007987,74.125.130.0-255,5738,141917,9,255821
85,0.007995,172.31.36.0-255,66,141983,9,255821
86,0.01011,74.125.130.0-255,5738,147721,9,255821
87,0.010119,172.31.36.0-255,66,147787,9,255821
88,0.012235,74.125.130.0-255,5738,153525,9,255821
89,0.012246,172.31.36.0-255,66,153591,9,255821
90,0.014347,74.125.130.0-255,5738,159329,9,255821
91,0.014353,172.31.36.0-255,66,159395,9,255821
92,0.016474,74.125.130.0-255,5738,165133,9,255821
93,0.016482,172.31.36.0-255,66,165199,9,255821
94,0.018591,74.125.130.0-255,5738,170937,9,255821
95,0.0186,172.31.36.0-255,66,171003,9,255821
96,0.0207,74.125.130.0-255,1484,172487,9,255821
97,0.020722,74.125.130.0-255,4320,176807,9,255821
98,0.020727,172.31.36.0-255,66,176873,9,255821
99,0.022851,74.125.130.0-255,5738,182611,9,255821
100,0.022857,172.31.36.0-255,66,182677,9,255821
101,0.024979,74.125.130.0-255,5738,188415,9,255821
102,0.024985,172.31.36.0-255,66,188481,9,255821
103,0.02713,74.125.130.0-255,5738,194219,9,255821
104,0.027137,172.31.36.0-255,66,194285,9,255821
105,0.029253,74.125.130.0-255,5738,200023,9,255821
106,0.029261,172.31.36.0-255,66,200089,9,255821
107,0.031373,74.125.130.0-255,5738,205827,9,255821
108,0.031381,172.31.36.0-255,66,205893,9,255821
109,0.033501,74.125.130.0-255,5738,211631,9,255821
110,0.033509,172.31.36.0-255,66,211697,9,255821
111,0.034884,172.31.36.0-255,172,211869,9,255821
112,0.034945,172.31.36.0-255,1117,212986,9,255821
113,0.035053,172.31.36.0-255,1514,214500,9,255821
114,0.035056,172.31.36.0-255,1514,216014,9,255821
115,0.035061,172.31.36.0-255,1514,217528,9,255821
116,0.035062,172.31.36.0-255,105,217633,9,255821
117,0.035618,74.125.130.0-255,5738,223371,9,255821
118,0.035625,172.31.36.0-255,66,223437,9,255821
119,0.036435,104.244.42.0-255,66,223503,9,255821
120,0.036479,104.244.42.0-255,66,223569,9,255821
121,0.036636,104.244.42.0-255,66,223635,9,255821
122,0.036643,104.244.42.0-255,66,223701,9,255821
123,0.037742,74.125.130.0-255,4320,228021,9,255821
124,0.037747,172.31.36.0-255,66,228087,9,255821
125,0.037779,74.125.130.0-255,1484,229571,9,255821
126,0.039877,74.125.130.0-255,4320,233891,9,255821
127,0.039883,172.31.36.0-255,66,233957,9,255821
128,0.042022,74.125.130.0-255,5738,239695,9,255821
129,0.04203,172.31.36.0-255,66,239761,9,255821
130,0.044153,74.125.130.0-255,4320,244081,9,255821
131,0.044159,172.31.36.0-255,66,244147,9,255821
132,0.044202,74.125.130.0-255,1484,245631,9,255821
133,0.046281,74.125.130.0-255,4320,249951,9,255821
134,0.046287,172.31.36.0-255,66,250017,9,255821
135,0.048404,74.125.130.0-255,5738,255755,9,255821
136,0.048409,172.31.36.0-255,66,255821,9,255821
137,0.0,74.125.24.0-255,145,145,9,252489
138,2.6e-05,172.31.36.0-255,66,211,9,252489
139,3.4e-05,74.125.24.0-255,1484,1695,9,252489
140,3.9e-05,172.31.36.0-255,66,1761,9,252489
141,4.4e-05,74.125.24.0-255,2902,4663,9,252489
142,4.7e-05,172.31.36.0-255,66,4729,9,252489
143,5.2e-05,74.125.24.0-255,4320,9049,9,252489
144,5.5e-05,172.31.36.0-255,66,9115,9,252489
145,7.3e-05,74.125.24.0-255,2902,12017,9,252489
146,7.6e-05,172.31.36.0-255,66,12083,9,252489
147,8.3e-05,74.125.24.0-255,4893,16976,9,252489
148,8.7e-05,172.31.36.0-255,66,17042,9,252489
149,0.00012,172.31.36.0-255,66,17108,9,252489
150,0.000169,74.125.24.0-255,1484,18592,9,252489
151,0.000173,172.31.36.0-255,66,18658,9,252489
152,0.000178,74.125.24.0-255,2902,21560,9,252489
153,0.000181,172.31.36.0-255,66,21626,9,252489
154,0.000186,74.125.24.0-255,2902,24528,9,252489
155,0.000191,172.31.36.0-255,66,24594,9,252489
156,0.000211,74.125.24.0-255,2902,27496,9,252489
157,0.000215,172.31.36.0-255,66,27562,9,252489
158,0.000227,172.31.36.0-255,66,27628,9,252489
159,0.000243,74.125.24.0-255,4320,31948,9,252489
160,0.000245,172.31.36.0-255,66,32014,9,252489
161,0.000252,74.125.24.0-255,7156,39170,9,252489
162,0.000254,172.31.36.0-255,66,39236,9,252489
163,0.000278,74.125.24.0-255,3602,42838,9,252489
164,0.000281,172.31.36.0-255,66,42904,9,252489
165,0.000284,74.125.24.0-255,396,43300,9,252489
166,0.000286,172.31.36.0-255,66,43366,9,252489
167,0.00031,74.125.24.0-255,380,43746,9,252489
168,0.000391,74.125.24.0-255,1484,45230,9,252489
169,0.000398,74.125.24.0-255,2902,48132,9,252489
170,0.000404,74.125.24.0-255,5738,53870,9,252489
171,0.000404,172.31.36.0-255,66,53936,9,252489
172,0.00041,172.31.36.0-255,66,54002,9,252489
173,0.000446,74.125.24.0-255,6797,60799,9,252489
174,0.000461,172.31.36.0-255,66,60865,9,252489
175,0.000519,74.125.24.0-255,1484,62349,9,252489
176,0.000527,74.125.24.0-255,2902,65251,9,252489
177,0.000533,74.125.24.0-255,5738,70989,9,252489
178,0.000534,172.31.36.0-255,66,71055,9,252489
179,0.00054,172.31.36.0-255,66,71121,9,252489
180,0.000586,74.125.24.0-255,5738,76859,9,252489
181,0.000599,172.31.36.0-255,66,76925,9,252489
182,0.000607,74.125.24.0-255,1125,78050,9,252489
183,0.001074,74.125.24.0-255,1484,79534,9,252489
184,0.001081,172.31.36.0-255,66,79600,9,252489
185,0.001087,74.125.24.0-255,2902,82502,9,252489
186,0.001093,74.125.24.0-255,5738,88240,9,252489
187,0.001097,74.125.24.0-255,2902,91142,9,252489
188,0.001103,172.31.36.0-255,66,91208,9,252489
189,0.001118,74.125.24.0-255,4320,95528,9,252489
190,0.00112,172.31.36.0-255,66,95594,9,252489
191,0.001135,74.125.24.0-255,2902,98496,9,252489
192,0.001147,172.31.36.0-255,66,98562,9,252489
193,0.001167,74.125.24.0-255,2184,100746,9,252489
194,0.001171,172.31.36.0-255,66,100812,9,252489
195,0.001202,74.125.24.0-255,1484,102296,9,252489
196,0.001207,74.125.24.0-255,2902,105198,9,252489
197,0.00121,74.125.24.0-255,1484,106682,9,252489
198,0.001218,172.31.36.0-255,66,106748,9,252489
199,0.001236,74.125.24.0-255,4320,111068,9,252489
200,0.001243,74.125.24.0-255,5738,116806,9,252489
201,0.001246,172.31.36.0-255,66,116872,9,252489
202,0.001251,172.31.36.0-255,66,116938,9,252489
203,0.001264,74.125.24.0-255,7156,124094,9,252489
204,0.001277,172.31.36.0-255,66,124160,9,252489
205,0.001281,172.31.36.0-255,66,124226,9,252489
206,0.001293,74.125.24.0-255,766,124992,9,252489
207,0.001313,74.125.24.0-255,1484,126476,9,252489
208,0.001318,172.31.36.0-255,66,126542,9,252489
209,0.001361,74.125.24.0-255,2902,129444,9,252489
210,0.001365,172.31.36.0-255,66,129510,9,252489
211,0.00139,74.125.24.0-255,1484,130994,9,252489
212,0.001409,172.31.36.0-255,66,131060,9,252489
213,0.001416,172.31.36.0-255,66,131126,9,252489
214,0.001433,172.31.36.0-255,66,131192,9,252489
215,0.001435,74.125.24.0-255,2184,133376,9,252489
216,0.001448,172.31.36.0-255,66,133442,9,252489
217,0.001467,74.125.24.0-255,5738,139180,9,252489
218,0.001474,172.31.36.0-255,66,139246,9,252489
219,0.001519,172.31.36.0-255,66,139312,9,252489
220,0.001524,172.31.36.0-255,66,139378,9,252489
221,0.001578,74.125.24.0-255,3602,142980,9,252489
222,0.001582,172.31.36.0-255,66,143046,9,252489
223,0.001704,74.125.24.0-255,1484,144530,9,252489
224,0.00171,74.125.24.0-255,2902,147432,9,252489
225,0.001713,74.125.24.0-255,1484,148916,9,252489
226,0.001719,172.31.36.0-255,66,148982,9,252489
227,0.001741,74.125.24.0-255,4320,153302,9,252489
228,0.001747,172.31.36.0-255,66,153368,9,252489
229,0.001756,74.125.24.0-255,1484,154852,9,252489
230,0.00176,172.31.36.0-255,66,154918,9,252489
231,0.001777,74.125.24.0-255,7156,162074,9,252489
232,0.00179,172.31.36.0-255,66,162140,9,252489
233,0.001802,74.125.24.0-255,2184,164324,9,252489
234,0.001813,172.31.36.0-255,66,164390,9,252489
235,0.001843,74.125.24.0-255,2902,167292,9,252489
236,0.001847,74.125.24.0-255,1484,168776,9,252489
237,0.001849,172.31.36.0-255,66,168842,9,252489
238,0.001875,74.125.24.0-255,2902,171744,9,252489
239,0.00189,172.31.36.0-255,66,171810,9,252489
240,0.001911,74.125.24.0-255,2902,174712,9,252489
241,0.001925,172.31.36.0-255,66,174778,9,252489
242,0.001953,172.31.36.0-255,66,174844,9,252489
243,0.002006,74.125.24.0-255,1484,176328,9,252489
244,0.00201,74.125.24.0-255,1484,177812,9,252489
245,0.002016,172.31.36.0-255,66,177878,9,252489
246,0.002027,74.125.24.0-255,1484,179362,9,252489
247,0.002033,74.125.24.0-255,5738,185100,9,252489
248,0.002037,172.31.36.0-255,66,185166,9,252489
249,0.002074,172.31.36.0-255,66,185232,9,252489
250,0.002107,74.125.24.0-255,2902,188134,9,252489
251,0.002111,172.31.36.0-255,66,188200,9,252489
252,0.002133,74.125.24.0-255,5738,193938,9,252489
253,0.002137,74.125.24.0-255,2184,196122,9,252489
254,0.002144,172.31.36.0-255,66,196188,9,252489
255,0.004156,74.125.24.0-255,5738,201926,9,252489
256,0.004161,172.31.36.0-255,66,201992,9,252489
257,0.006209,74.125.24.0-255,5738,207730,9,252489
258,0.006215,172.31.36.0-255,66,207796,9,252489
259,0.008263,74.125.24.0-255,5738,213534,9,252489
260,0.008269,172.31.36.0-255,66,213600,9,252489
261,0.010313,74.125.24.0-255,5738,219338,9,252489
262,0.01032,172.31.36.0-255,66,219404,9,252489
263,0.012356,74.125.24.0-255,5738,225142,9,252489
264,0.012363,172.31.36.0-255,66,225208,9,252489
265,0.01441,74.125.24.0-255,5738,230946,9,252489
266,0.014417,172.31.36.0-255,66,231012,9,252489
267,0.016453,74.125.24.0-255,5738,236750,9,252489
268,0.016461,172.31.36.0-255,66,236816,9,252489
269,0.018499,74.125.24.0-255,5738,242554,9,252489
270,0.018508,172.31.36.0-255,66,242620,9,252489
271,0.020535,74.125.24.0-255,602,243222,9,252489
272,0.027916,172.31.36.0-255,66,243288,9,252489
273,0.027977,172.31.36.0-255,105,243393,9,252489
274,0.029996,74.125.24.0-255,66,243459,9,252489
275,0.030857,172.31.36.0-255,172,243631,9,252489
276,0.030894,172.31.36.0-255,1117,244748,9,252489
277,0.030961,172.31.36.0-255,1514,246262,9,252489
278,0.030963,172.31.36.0-255,1514,247776,9,252489
279,0.030969,172.31.36.0-255,1514,249290,9,252489
280,0.03097,172.31.36.0-255,1514,250804,9,252489
281,0.03099,172.31.36.0-255,1487,252291,9,252489
282,0.032334,104.244.42.0-255,66,252357,9,252489
283,0.032362,104.244.42.0-255,66,252423,9,252489
284,0.032476,104.244.42.0-255,66,252489,9,252489
285,0.0,74.125.68.0-255,150,150,9,330779
286,3.4e-05,172.31.36.0-255,66,216,9,330779
287,4.1e-05,74.125.68.0-255,1484,1700,9,330779
288,4.5e-05,172.31.36.0-255,66,1766,9,330779
289,6.3e-05,74.125.68.0-255,2902,4668,9,330779
290,6.5e-05,172.31.36.0-255,66,4734,9,330779
291,7e-05,74.125.68.0-255,4320,9054,9,330779
292,7.4e-05,172.31.36.0-255,66,9120,9,330779
293,0.00012,74.125.68.0-255,4822,13942,9,330779
294,0.000124,172.31.36.0-255,66,14008,9,330779
295,0.000472,74.125.68.0-255,1484,15492,9,330779
296,0.000477,172.31.36.0-255,66,15558,9,330779
297,0.000486,74.125.68.0-255,2902,18460,9,330779
298,0.000488,172.31.36.0-255,66,18526,9,330779
299,0.000514,74.125.68.0-255,4320,22846,9,330779
300,0.000516,172.31.36.0-255,66,22912,9,330779
301,0.000528,74.125.68.0-255,1484,24396,9,330779
302,0.00053,172.31.36.0-255,66,24462,9,330779
303,0.000535,74.125.68.0-255,4320,28782,9,330779
304,0.000537,172.31.36.0-255,66,28848,9,330779
305,0.000565,74.125.68.0-255,2543,31391,9,330779
306,0.000568,172.31.36.0-255,66,31457,9,330779
307,0.000574,74.125.68.0-255,2902,34359,9,330779
308,0.000575,172.31.36.0-255,66,34425,9,330779
309,0.000581,74.125.68.0-255,4320,38745,9,330779
310,0.000584,172.31.36.0-255,66,38811,9,330779
311,0.00061,74.125.68.0-255,4320,43131,9,330779
312,0.000613,172.31.36.0-255,66,43197,9,330779
313,0.000634,74.125.68.0-255,4320,47517,9,330779
314,0.000638,172.31.36.0-255,66,47583,9,330779
315,0.000668,74.125.68.0-255,5738,53321,9,330779
316,0.000672,172.31.36.0-255,66,53387,9,330779
317,0.000688,74.125.68.0-255,1484,54871,9,330779
318,0.000696,74.125.68.0-255,5738,60609,9,330779
319,0.000699,172.31.36.0-255,66,60675,9,330779
320,0.000719,74.125.68.0-255,2902,63577,9,330779
321,0.000722,172.31.36.0-255,66,63643,9,330779
322,0.000726,74.125.68.0-255,2184,65827,9,330779
323,0.000728,172.31.36.0-255,66,65893,9,330779
324,0.000769,74.125.68.0-255,364,66257,9,330779
325,0.000773,74.125.68.0-255,130,66387,9,330779
326,0.000865,74.125.68.0-255,1484,67871,9,330779
327,0.00087,172.31.36.0-255,66,67937,9,330779
328,0.000876,74.125.68.0-255,2902,70839,9,330779
329,0.000878,172.31.36.0-255,66,70905,9,330779
330,0.000903,74.125.68.0-255,5738,76643,9,330779
331,0.000906,172.31.36.0-255,66,76709,9,330779
332,0.000942,74.125.68.0-255,4320,81029,9,330779
333,0.000945,172.31.36.0-255,66,81095,9,330779
334,0.000959,74.125.68.0-255,2902,83997,9,330779
335,0.000964,172.31.36.0-255,66,84063,9,330779
336,0.000976,172.31.36.0-255,66,84129,9,330779
337,0.000986,172.31.36.0-255,66,84195,9,330779
338,0.000988,74.125.68.0-255,347,84542,9,330779
339,0.00124,74.125.68.0-255,1484,86026,9,330779
340,0.001243,172.31.36.0-255,66,86092,9,330779
341,0.00126,74.125.68.0-255,1484,87576,9,330779
342,0.001279,74.125.68.0-255,2902,90478,9,330779
343,0.001281,172.31.36.0-255,66,90544,9,330779
344,0.001296,74.125.68.0-255,2902,93446,9,330779
345,0.001298,172.31.36.0-255,66,93512,9,330779
346,0.001315,74.125.68.0-255,2902,96414,9,330779
347,0.001317,172.31.36.0-255,66,96480,9,330779
348,0.001321,74.125.68.0-255,1484,97964,9,330779
349,0.001325,74.125.68.0-255,2902,100866,9,330779
350,0.001327,172.31.36.0-255,66,100932,9,330779
351,0.001344,74.125.68.0-255,5738,106670,9,330779
352,0.001347,172.31.36.0-255,66,106736,9,330779
353,0.001361,74.125.68.0-255,1484,108220,9,330779
354,0.001379,74.125.68.0-255,2902,111122,9,330779
355,0.001381,172.31.36.0-255,66,111188,9,330779
356,0.001401,74.125.68.0-255,5738,116926,9,330779
357,0.001403,172.31.36.0-255,66,116992,9,330779
358,0.001422,74.125.68.0-255,2184,119176,9,330779
359,0.001424,172.31.36.0-255,66,119242,9,330779
360,0.001548,74.125.68.0-255,1484,120726,9,330779
361,0.001561,74.125.68.0-255,1484,122210,9,330779
362,0.001563,172.31.36.0-255,66,122276,9,330779
363,0.001566,74.125.68.0-255,1484,123760,9,330779
364,0.00158,74.125.68.0-255,1484,125244,9,330779
365,0.001582,172.31.36.0-255,66,125310,9,330779
366,0.001592,74.125.68.0-255,1484,126794,9,330779
367,0.00161,74.125.68.0-255,4320,131114,9,330779
368,0.001612,172.31.36.0-255,66,131180,9,330779
369,0.001637,172.31.36.0-255,66,131246,9,330779
370,0.001699,172.31.36.0-255,66,131312,9,330779
371,0.001862,74.125.68.0-255,1484,132796,9,330779
372,0.001876,74.125.68.0-255,2902,135698,9,330779
373,0.001878,172.31.36.0-255,66,135764,9,330779
374,0.001922,74.125.68.0-255,2902,138666,9,330779
375,0.001924,172.31.36.0-255,66,138732,9,330779
376,0.001963,74.125.68.0-255,4320,143052,9,330779
377,0.001965,172.31.36.0-255,66,143118,9,330779
378,0.001986,74.125.68.0-255,1484,144602,9,330779
379,0.001988,74.125.68.0-255,1484,146086,9,330779
380,0.00199,172.31.36.0-255,66,146152,9,330779
381,0.002008,74.125.68.0-255,1484,147636,9,330779
382,0.002012,74.125.68.0-255,1484,149120,9,330779
383,0.002014,172.31.36.0-255,66,149186,9,330779
384,0.002035,74.125.68.0-255,4320,153506,9,330779
385,0.002038,172.31.36.0-255,66,153572,9,330779
386,0.002041,74.125.68.0-255,2902,156474,9,330779
387,0.002043,172.31.36.0-255,66,156540,9,330779
388,0.002079,74.125.68.0-255,2902,159442,9,330779
389,0.002081,172.31.36.0-255,66,159508,9,330779
390,0.002118,74.125.68.0-255,6438,165946,9,330779
391,0.002121,172.31.36.0-255,66,166012,9,330779
392,0.002231,74.125.68.0-255,1484,167496,9,330779
393,0.002237,74.125.68.0-255,1484,168980,9,330779
394,0.002241,172.31.36.0-255,66,169046,9,330779
395,0.002256,74.125.68.0-255,1484,170530,9,330779
396,0.002263,74.125.68.0-255,5738,176268,9,330779
397,0.002266,172.31.36.0-255,66,176334,9,330779
398,0.002284,74.125.68.0-255,5738,182072,9,330779
399,0.002287,172.31.36.0-255,66,182138,9,330779
400,0.002312,74.125.68.0-255,7156,189294,9,330779
401,0.002315,172.31.36.0-255,66,189360,9,330779
402,0.002343,172.31.36.0-255,66,189426,9,330779
403,0.002374,74.125.68.0-255,4320,193746,9,330779
404,0.002378,172.31.36.0-255,66,193812,9,330779
405,0.002402,74.125.68.0-255,6438,200250,9,330779
406,0.002405,172.31.36.0-255,66,200316,9,330779
407,0.002416,74.125.68.0-255,4320,204636,9,330779
408,0.002419,172.31.36.0-255,66,204702,9,330779
409,0.002434,74.125.68.0-255,2902,207604,9,330779
410,0.002437,172.31.36.0-255,66,207670,9,330779
411,0.002467,172.31.36.0-255,66,207736,9,330779
412,0.002471,74.125.68.0-255,2184,209920,9,330779
413,0.002473,172.31.36.0-255,66,209986,9,330779
414,0.002535,172.31.36.0-255,66,210052,9,330779
415,0.002549,172.31.36.0-255,66,210118,9,330779
416,0.002555,74.125.68.0-255,4320,214438,9,330779
417,0.002557,172.31.36.0-255,66,214504,9,330779
418,0.002579,74.125.68.0-255,2902,217406,9,330779
419,0.002582,172.31.36.0-255,66,217472,9,330779
420,0.002597,74.125.68.0-255,3602,221074,9,330779
421,0.0026,172.31.36.0-255,66,221140,9,330779
422,0.005123,74.125.68.0-255,1484,222624,9,330779
423,0.005145,74.125.68.0-255,4320,226944,9,330779
424,0.005149,172.31.36.0-255,66,227010,9,330779
425,0.007712,74.125.68.0-255,5738,232748,9,330779
426,0.00772,172.31.36.0-255,66,232814,9,330779
427,0.010273,74.125.68.0-255,5738,238552,9,330779
428,0.010282,172.31.36.0-255,66,238618,9,330779
429,0.012836,74.125.68.0-255,5738,244356,9,330779
430,0.012844,172.31.36.0-255,66,244422,9,330779
431,0.015399,74.125.68.0-255,5738,250160,9,330779
432,0.015406,172.31.36.0-255,66,250226,9,330779
433,0.017965,74.125.68.0-255,5738,255964,9,330779
434,0.017972,172.31.36.0-255,66,256030,9,330779
435,0.020534,74.125.68.0-255,5738,261768,9,330779
436,0.020546,172.31.36.0-255,66,261834,9,330779
437,0.023109,74.125.68.0-255,5738,267572,9,330779
438,0.023121,172.31.36.0-255,66,267638,9,330779
439,0.025681,74.125.68.0-255,5738,273376,9,330779
440,0.025692,172.31.36.0-255,66,273442,9,330779
441,0.026613,172.31.36.0-255,172,273614,9,330779
442,0.026642,172.31.36.0-255,1116,274730,9,330779
443,0.026682,172.31.36.0-255,1514,276244,9,330779
444,0.026684,172.31.36.0-255,1514,277758,9,330779
445,0.026685,172.31.36.0-255,1514,279272,9,330779
446,0.026686,172.31.36.0-255,359,279631,9,330779
447,0.02817,104.244.42.0-255,66,279697,9,330779
448,0.028209,104.244.42.0-255,66,279763,9,330779
449,0.028232,74.125.68.0-255,4320,284083,9,330779
450,0.028238,172.31.36.0-255,66,284149,9,330779
451,0.028268,104.244.42.0-255,66,284215,9,330779
452,0.028273,104.244.42.0-255,66,284281,9,330779
453,0.028278,74.125.68.0-255,1484,285765,9,330779
454,0.030788,74.125.68.0-255,4320,290085,9,330779
455,0.030794,172.31.36.0-255,66,290151,9,330779
456,0.033335,74.125.68.0-255,5738,295889,9,330779
457,0.033341,172.31.36.0-255,66,295955,9,330779
458,0.035915,74.125.68.0-255,5738,301693,9,330779
459,0.035921,172.31.36.0-255,66,301759,9,330779
460,0.03847,74.125.68.0-255,5738,307497,9,330779
461,0.038476,172.31.36.0-255,66,307563,9,330779
462,0.04102,74.125.68.0-255,5738,313301,9,330779
463,0.041026,172.31.36.0-255,66,313367,9,330779
464,0.043586,74.125.68.0-255,5738,319105,9,330779
465,0.043592,172.31.36.0-255,66,319171,9,330779
466,0.04614,74.125.68.0-255,5738,324909,9,330779
467,0.046146,172.31.36.0-255,66,324975,9,330779
468,0.048686,74.125.68.0-255,5738,330713,9,330779
469,0.048691,172.31.36.0-255,66,330779,9,330779
470,0.0,172.31.36.0-255,105,105,9,276
471,0.001474,157.240.13.0-255,105,210,9,276
472,0.001488,172.31.36.0-255,66,276,9,276
473,0.0,74.125.24.0-255,153,153,9,249741
474,2.4e-05,172.31.36.0-255,66,219,9,249741
475,3.1e-05,74.125.24.0-255,1484,1703,9,249741
476,3.6e-05,172.31.36.0-255,66,1769,9,249741
477,4.2e-05,74.125.24.0-255,2902,4671,9,249741
478,4.6e-05,172.31.36.0-255,66,4737,9,249741
479,5.4e-05,74.125.24.0-255,5738,10475,9,249741
480,5.6e-05,172.31.36.0-255,66,10541,9,249741
481,7.7e-05,74.125.24.0-255,3454,13995,9,249741
482,8e-05,172.31.36.0-255,66,14061,9,249741
483,0.000311,74.125.24.0-255,1484,15545,9,249741
484,0.000316,172.31.36.0-255,66,15611,9,249741
485,0.000321,74.125.24.0-255,2902,18513,9,249741
486,0.000324,172.31.36.0-255,66,18579,9,249741
487,0.000329,74.125.24.0-255,2902,21481,9,249741
488,0.000331,172.31.36.0-255,66,21547,9,249741
489,0.000348,74.125.24.0-255,2902,24449,9,249741
490,0.000351,172.31.36.0-255,66,24515,9,249741
491,0.000383,74.125.24.0-255,7156,31671,9,249741
492,0.000386,172.31.36.0-255,66,31737,9,249741
493,0.000413,74.125.24.0-255,6797,38534,9,249741
494,0.000416,172.31.36.0-255,66,38600,9,249741
495,0.000426,172.31.36.0-255,66,38666,9,249741
496,0.000458,172.31.36.0-255,66,38732,9,249741
497,0.00049,172.31.36.0-255,66,38798,9,249741
498,0.000492,74.125.24.0-255,400,39198,9,249741
499,0.000495,172.31.36.0-255,66,39264,9,249741
500,0.000521,74.125.24.0-255,107,39371,9,249741
501,0.000523,172.31.36.0-255,66,39437,9,249741
502,0.000563,74.125.24.0-255,332,39769,9,249741
503,0.000699,74.125.24.0-255,1484,41253,9,249741
504,0.000703,172.31.36.0-255,66,41319,9,249741
505,0.000709,74.125.24.0-255,2902,44221,9,249741
506,0.000711,172.31.36.0-255,66,44287,9,249741
507,0.000714,74.125.24.0-255,1484,45771,9,249741
508,0.000733,74.125.24.0-255,4320,50091,9,249741
509,0.000736,172.31.36.0-255,66,50157,9,249741
510,0.000743,74.125.24.0-255,7156,57313,9,249741
511,0.000745,172.31.36.0-255,66,57379,9,249741
512,0.000773,74.125.24.0-255,5738,63117,9,249741
513,0.000776,172.31.36.0-255,66,63183,9,249741
514,0.000788,172.31.36.0-255,66,63249,9,249741
515,0.000825,74.125.24.0-255,2184,65433,9,249741
516,0.000828,172.31.36.0-255,66,65499,9,249741
517,0.000947,74.125.24.0-255,1484,66983,9,249741
518,0.000968,74.125.24.0-255,2902,69885,9,249741
519,0.000972,172.31.36.0-255,66,69951,9,249741
520,0.000979,74.125.24.0-255,5738,75689,9,249741
521,0.000982,172.31.36.0-255,66,75755,9,249741
522,0.000988,74.125.24.0-255,4320,80075,9,249741
523,0.000991,172.31.36.0-255,66,80141,9,249741
524,0.00103,172.31.36.0-255,66,80207,9,249741
525,0.00106,172.31.36.0-255,66,80273,9,249741
526,0.001201,74.125.24.0-255,1484,81757,9,249741
527,0.001206,74.125.24.0-255,1484,83241,9,249741
528,0.001209,172.31.36.0-255,66,83307,9,249741
529,0.00123,74.125.24.0-255,1484,84791,9,249741
530,0.001237,74.125.24.0-255,5738,90529,9,249741
531,0.00124,172.31.36.0-255,66,90595,9,249741
532,0.001247,74.125.24.0-255,5738,96333,9,249741
533,0.001249,172.31.36.0-255,66,96399,9,249741
534,0.001276,74.125.24.0-255,2902,99301,9,249741
535,0.001278,172.31.36.0-255,66,99367,9,249741
536,0.001314,172.31.36.0-255,66,99433,9,249741
537,0.00132,74.125.24.0-255,5020,104453,9,249741
538,0.001323,172.31.36.0-255,66,104519,9,249741
539,0.001814,74.125.24.0-255,1484,106003,9,249741
540,0.001821,74.125.24.0-255,2902,108905,9,249741
541,0.001825,172.31.36.0-255,66,108971,9,249741
542,0.001833,74.125.24.0-255,5738,114709,9,249741
543,0.001835,172.31.36.0-255,66,114775,9,249741
544,0.001879,172.31.36.0-255,66,114841,9,249741
545,0.001886,74.125.24.0-255,5738,120579,9,249741
546,0.001888,172.31.36.0-255,66,120645,9,249741
547,0.001913,74.125.24.0-255,1484,122129,9,249741
548,0.001928,74.125.24.0-255,3602,125731,9,249741
549,0.00193,172.31.36.0-255,66,125797,9,249741
550,0.004286,74.125.24.0-255,5738,131535,9,249741
551,0.004295,172.31.36.0-255,66,131601,9,249741
552,0.006609,74.125.24.0-255,5738,137339,9,249741
553,0.006615,172.31.36.0-255,66,137405,9,249741
554,0.008969,74.125.24.0-255,5738,143143,9,249741
555,0.008975,172.31.36.0-255,66,143209,9,249741
556,0.011311,74.125.24.0-255,5738,148947,9,249741
557,0.011319,172.31.36.0-255,66,149013,9,249741
558,0.013639,74.125.24.0-255,5738,154751,9,249741
559,0.013647,172.31.36.0-255,66,154817,9,249741
560,0.015933,74.125.24.0-255,5738,160555,9,249741
561,0.015947,172.31.36.0-255,66,160621,9,249741
562,0.018284,74.125.24.0-255,5738,166359,9,249741
563,0.018303,172.31.36.0-255,66,166425,9,249741
564,0.020598,74.125.24.0-255,5738,172163,9,249741
565,0.02061,172.31.36.0-255,66,172229,9,249741
566,0.022967,74.125.24.0-255,5738,177967,9,249741
567,0.022975,172.31.36.0-255,66,178033,9,249741
568,0.025298,74.125.24.0-255,4320,182353,9,249741
569,0.025305,172.31.36.0-255,66,182419,9,249741
570,0.025327,74.125.24.0-255,1484,183903,9,249741
571,0.027643,74.125.24.0-255,4320,188223,9,249741
572,0.02765,172.31.36.0-255,66,188289,9,249741
573,0.029957,74.125.24.0-255,5738,194027,9,249741
574,0.029966,172.31.36.0-255,66,194093,9,249741
575,0.032279,74.125.24.0-255,5738,199831,9,249741
576,0.032287,172.31.36.0-255,66,199897,9,249741
577,0.034652,74.125.24.0-255,5738,205635,9,249741
578,0.034666,172.31.36.0-255,66,205701,9,249741
579,0.036988,74.125.24.0-255,5738,211439,9,249741
580,0.036996,172.31.36.0-255,66,211505,9,249741
581,0.039275,74.125.24.0-255,5738,217243,9,249741
582,0.039288,172.31.36.0-255,66,217309,9,249741
583,0.041566,74.125.24.0-255,5738,223047,9,249741
584,0.041575,172.31.36.0-255,66,223113,9,249741
585,0.042193,172.31.36.0-255,172,223285,9,249741
586,0.042221,172.31.36.0-255,1117,224402,9,249741
587,0.042287,172.31.36.0-255,1514,225916,9,249741
588,0.042288,172.31.36.0-255,1514,227430,9,249741
589,0.042289,172.31.36.0-255,1514,228944,9,249741
590,0.042295,172.31.36.0-255,1514,230458,9,249741
591,0.042296,172.31.36.0-255,1499,231957,9,249741
592,0.043726,104.244.42.0-255,66,232023,9,249741
593,0.043774,104.244.42.0-255,66,232089,9,249741
594,0.0439,74.125.24.0-255,5738,237827,9,249741
595,0.043907,172.31.36.0-255,66,237893,9,249741
596,0.043918,104.244.42.0-255,66,237959,9,249741
597,0.045012,104.244.42.0-255,108,238067,9,249741
598,0.045028,172.31.36.0-255,66,238133,9,249741
599,0.046248,74.125.24.0-255,5738,243871,9,249741
600,0.046257,172.31.36.0-255,66,243937,9,249741
601,0.048521,74.125.24.0-255,5738,249675,9,249741
602,0.048529,172.31.36.0-255,66,249741,9,249741
603,0.0,74.125.200.0-255,153,153,9,290439
604,3e-05,172.31.36.0-255,66,219,9,290439
605,3.7e-05,74.125.200.0-255,1484,1703,9,290439
606,4.1e-05,172.31.36.0-255,66,1769,9,290439
607,4.6e-05,74.125.200.0-255,2902,4671,9,290439
608,4.8e-05,172.31.36.0-255,66,4737,9,290439
609,9.4e-05,74.125.200.0-255,4320,9057,9,290439
610,9.8e-05,172.31.36.0-255,66,9123,9,290439
611,0.000115,74.125.200.0-255,1484,10607,9,290439
612,0.000117,172.31.36.0-255,66,10673,9,290439
613,0.000123,74.125.200.0-255,4874,15547,9,290439
614,0.000126,172.31.36.0-255,66,15613,9,290439
615,0.000132,74.125.200.0-255,5738,21351,9,290439
616,0.000134,172.31.36.0-255,66,21417,9,290439
617,0.000165,172.31.36.0-255,66,21483,9,290439
618,0.000672,74.125.200.0-255,1484,22967,9,290439
619,0.000679,172.31.36.0-255,66,23033,9,290439
620,0.000689,74.125.200.0-255,2902,25935,9,290439
621,0.000692,172.31.36.0-255,66,26001,9,290439
622,0.000719,74.125.200.0-255,2902,28903,9,290439
623,0.000723,172.31.36.0-255,66,28969,9,290439
624,0.000746,74.125.200.0-255,4320,33289,9,290439
625,0.000749,172.31.36.0-255,66,33355,9,290439
626,0.000752,74.125.200.0-255,1484,34839,9,290439
627,0.000754,172.31.36.0-255,66,34905,9,290439
628,0.000773,74.125.200.0-255,2902,37807,9,290439
629,0.000776,172.31.36.0-255,66,37873,9,290439
630,0.000797,74.125.200.0-255,5738,43611,9,290439
631,0.0008,172.31.36.0-255,66,43677,9,290439
632,0.000805,74.125.200.0-255,2902,46579,9,290439
633,0.000807,172.31.36.0-255,66,46645,9,290439
634,0.000827,74.125.200.0-255,4320,50965,9,290439
635,0.00083,172.31.36.0-255,66,51031,9,290439
636,0.000855,74.125.200.0-255,1484,52515,9,290439
637,0.00088,74.125.200.0-255,3602,56117,9,290439
638,0.000887,172.31.36.0-255,66,56183,9,290439
639,0.000973,74.125.200.0-255,410,56593,9,290439
640,0.000991,74.125.200.0-255,332,56925,9,290439
641,0.001219,172.31.36.0-255,66,56991,9,290439
642,0.001318,74.125.200.0-255,1484,58475,9,290439
643,0.001327,74.125.200.0-255,2902,61377,9,290439
644,0.001331,74.125.200.0-255,1484,62861,9,290439
645,0.001346,74.125.200.0-255,4320,67181,9,290439
646,0.00136,74.125.200.0-255,1484,68665,9,290439
647,0.001374,74.125.200.0-255,2902,71567,9,290439
648,0.001378,74.125.200.0-255,4320,75887,9,290439
649,0.001381,172.31.36.0-255,66,75953,9,290439
650,0.001387,172.31.36.0-255,66,76019,9,290439
651,0.001394,74.125.200.0-255,1484,77503,9,290439
652,0.0014,74.125.200.0-255,5738,83241,9,290439
653,0.001421,74.125.200.0-255,5738,88979,9,290439
654,0.001425,74.125.200.0-255,2184,91163,9,290439
655,0.001438,172.31.36.0-255,66,91229,9,290439
656,0.001472,74.125.200.0-255,1484,92713,9,290439
657,0.001486,74.125.200.0-255,2902,95615,9,290439
658,0.001494,172.31.36.0-255,66,95681,9,290439
659,0.001509,74.125.200.0-255,5738,101419,9,290439
660,0.001514,74.125.200.0-255,2902,104321,9,290439
661,0.001529,74.125.200.0-255,1484,105805,9,290439
662,0.001534,172.31.36.0-255,66,105871,9,290439
663,0.001569,172.31.36.0-255,66,105937,9,290439
664,0.001572,74.125.200.0-255,1484,107421,9,290439
665,0.001585,74.125.200.0-255,2902,110323,9,290439
666,0.001597,74.125.200.0-255,4320,114643,9,290439
667,0.001608,74.125.200.0-255,2184,116827,9,290439
668,0.001614,172.31.36.0-255,66,116893,9,290439
669,0.00179,74.125.200.0-255,1484,118377,9,290439
670,0.001794,74.125.200.0-255,1484,119861,9,290439
671,0.001803,172.31.36.0-255,66,119927,9,290439
672,0.001813,74.125.200.0-255,1484,121411,9,290439
673,0.00184,74.125.200.0-255,5738,127149,9,290439
674,0.001844,74.125.200.0-255,2902,130051,9,290439
675,0.001848,172.31.36.0-255,66,130117,9,290439
676,0.001863,74.125.200.0-255,4320,134437,9,290439
677,0.00188,74.125.200.0-255,2902,137339,9,290439
678,0.001885,172.31.36.0-255,66,137405,9,290439
679,0.001907,74.125.200.0-255,5738,143143,9,290439
680,0.001913,74.125.200.0-255,4320,147463,9,290439
681,0.001918,172.31.36.0-255,66,147529,9,290439
682,0.001947,74.125.200.0-255,3602,151131,9,290439
683,0.001963,172.31.36.0-255,66,151197,9,290439
684,0.003976,74.125.200.0-255,1484,152681,9,290439
685,0.004009,74.125.200.0-255,1484,154165,9,290439
686,0.004013,172.31.36.0-255,66,154231,9,290439
687,0.004034,74.125.200.0-255,2902,157133,9,290439
688,0.004046,172.31.36.0-255,66,157199,9,290439
689,0.006084,74.125.200.0-255,2902,160101,9,290439
690,0.00609,172.31.36.0-255,66,160167,9,290439
691,0.006112,74.125.200.0-255,2902,163069,9,290439
692,0.006144,172.31.36.0-255,66,163135,9,290439
693,0.008157,74.125.200.0-255,2902,166037,9,290439
694,0.008165,172.31.36.0-255,66,166103,9,290439
695,0.008209,74.125.200.0-255,2902,169005,9,290439
696,0.00824,172.31.36.0-255,66,169071,9,290439
697,0.010235,74.125.200.0-255,2902,171973,9,290439
698,0.010243,172.31.36.0-255,66,172039,9,290439
699,0.010328,74.125.200.0-255,2902,174941,9,290439
700,0.010354,172.31.36.0-255,66,175007,9,290439
701,0.012309,74.125.200.0-255,2902,177909,9,290439
702,0.012316,172.31.36.0-255,66,177975,9,290439
703,0.012419,74.125.200.0-255,2902,180877,9,290439
704,0.012424,172.31.36.0-255,66,180943,9,290439
705,0.014385,74.125.200.0-255,2902,183845,9,290439
706,0.014395,172.31.36.0-255,66,183911,9,290439
707,0.014476,74.125.200.0-255,2902,186813,9,290439
708,0.0145,172.31.36.0-255,66,186879,9,290439
709,0.016462,74.125.200.0-255,2902,189781,9,290439
710,0.016468,172.31.36.0-255,66,189847,9,290439
711,0.016557,74.125.200.0-255,2902,192749,9,290439
712,0.016625,172.31.36.0-255,66,192815,9,290439
713,0.018535,74.125.200.0-255,2902,195717,9,290439
714,0.018542,172.31.36.0-255,66,195783,9,290439
715,0.018685,74.125.200.0-255,2902,198685,9,290439
716,0.01869,172.31.36.0-255,66,198751,9,290439
717,0.020606,74.125.200.0-255,2902,201653,9,290439
718,0.020613,172.31.36.0-255,66,201719,9,290439
719,0.020754,74.125.200.0-255,2902,204621,9,290439
720,0.02076,172.31.36.0-255,66,204687,9,290439
721,0.022683,74.125.200.0-255,2902,207589,9,290439
722,0.02269,172.31.36.0-255,66,207655,9,290439
723,0.022823,74.125.200.0-255,2902,210557,9,290439
724,0.022828,172.31.36.0-255,66,210623,9,290439
725,0.024758,74.125.200.0-255,2902,213525,9,290439
726,0.024765,172.31.36.0-255,66,213591,9,290439
727,0.024893,74.125.200.0-255,2902,216493,9,290439
728,0.024899,172.31.36.0-255,66,216559,9,290439
729,0.026839,74.125.200.0-255,2902,219461,9,290439
730,0.026846,172.31.36.0-255,66,219527,9,290439
731,0.026963,74.125.200.0-255,2902,222429,9,290439
732,0.026967,172.31.36.0-255,66,222495,9,290439
733,0.02891,74.125.200.0-255,2902,225397,9,290439
734,0.028916,172.31.36.0-255,66,225463,9,290439
735,0.02902,74.125.200.0-255,2902,228365,9,290439
736,0.029074,172.31.36.0-255,66,228431,9,290439
737,0.029452,172.31.36.0-255,176,228607,9,290439
738,0.029494,172.31.36.0-255,1117,229724,9,290439
739,0.029576,172.31.36.0-255,1514,231238,9,290439
740,0.029597,172.31.36.0-255,1514,232752,9,290439
741,0.029598,172.31.36.0-255,1514,234266,9,290439
742,0.029604,172.31.36.0-255,1514,235780,9,290439
743,0.029605,172.31.36.0-255,1499,237279,9,290439
744,0.030993,74.125.200.0-255,2902,240181,9,290439
745,0.030999,172.31.36.0-255,66,240247,9,290439
746,0.031017,104.244.42.0-255,66,240313,9,290439
747,0.031023,104.244.42.0-255,66,240379,9,290439
748,0.031136,74.125.200.0-255,2902,243281,9,290439
749,0.031141,172.31.36.0-255,66,243347,9,290439
750,0.031244,104.244.42.0-255,66,243413,9,290439
751,0.033074,74.125.200.0-255,2902,246315,9,290439
752,0.033079,172.31.36.0-255,66,246381,9,290439
753,0.033207,74.125.200.0-255,2902,249283,9,290439
754,0.033224,172.31.36.0-255,66,249349,9,290439
755,0.035199,74.125.200.0-255,2902,252251,9,290439
756,0.035204,172.31.36.0-255,66,252317,9,290439
757,0.035276,74.125.200.0-255,2902,255219,9,290439
758,0.035339,172.31.36.0-255,66,255285,9,290439
759,0.037274,74.125.200.0-255,2902,258187,9,290439
760,0.03728,172.31.36.0-255,66,258253,9,290439
761,0.037405,74.125.200.0-255,2902,261155,9,290439
762,0.037485,172.31.36.0-255,66,261221,9,290439
763,0.039348,74.125.200.0-255,2902,264123,9,290439
764,0.039541,74.125.200.0-255,2902,267025,9,290439
765,0.040601,172.31.36.0-255,66,267091,9,290439
766,0.042677,74.125.200.0-255,5738,272829,9,290439
767,0.042684,172.31.36.0-255,66,272895,9,290439
768,0.044748,74.125.200.0-255,5738,278633,9,290439
769,0.044754,172.31.36.0-255,66,278699,9,290439
770,0.046833,74.125.200.0-255,5738,284437,9,290439
771,0.046843,172.31.36.0-255,66,284503,9,290439
772,0.0489,74.125.200.0-255,2902,287405,9,290439
773,0.048906,172.31.36.0-255,66,287471,9,290439
774,0.048941,74.125.200.0-255,2902,290373,9,290439
775,0.048961,172.31.36.0-255,66,290439,9,290439
776,0.0,172.217.194.0-255,153,153,9,213774
777,1.8e-05,172.31.36.0-255,66,219,9,213774
778,2.6e-05,172.217.194.0-255,1484,1703,9,213774
779,3.1e-05,172.31.36.0-255,66,1769,9,213774
780,3.8e-05,172.217.194.0-255,2902,4671,9,213774
781,5e-05,172.31.36.0-255,66,4737,9,213774
782,5.9e-05,172.217.194.0-255,7156,11893,9,213774
783,6.1e-05,172.31.36.0-255,66,11959,9,213774
784,6.6e-05,172.217.194.0-255,1975,13934,9,213774
785,7e-05,172.31.36.0-255,66,14000,9,213774
786,0.000116,172.217.194.0-255,1484,15484,9,213774
787,0.000119,172.31.36.0-255,66,15550,9,213774
788,0.000129,172.217.194.0-255,2902,18452,9,213774
789,0.000133,172.31.36.0-255,66,18518,9,213774
790,0.00015,172.217.194.0-255,5738,24256,9,213774
791,0.000153,172.31.36.0-255,66,24322,9,213774
792,0.00016,172.217.194.0-255,6797,31119,9,213774
793,0.000163,172.31.36.0-255,66,31185,9,213774
794,0.000168,172.217.194.0-255,4320,35505,9,213774
795,0.000171,172.31.36.0-255,66,35571,9,213774
796,0.000217,172.31.36.0-255,66,35637,9,213774
797,0.000222,172.217.194.0-255,2543,38180,9,213774
798,0.000224,172.31.36.0-255,66,38246,9,213774
799,0.00023,172.217.194.0-255,4320,42566,9,213774
800,0.000232,172.31.36.0-255,66,42632,9,213774
801,0.000282,172.31.36.0-255,66,42698,9,213774
802,0.000285,172.217.194.0-255,381,43079,9,213774
803,0.000288,172.31.36.0-255,66,43145,9,213774
804,0.000291,172.217.194.0-255,98,43243,9,213774
805,0.000293,172.31.36.0-255,66,43309,9,213774
806,0.000351,172.217.194.0-255,363,43672,9,213774
807,0.000478,172.217.194.0-255,1484,45156,9,213774
808,0.000483,172.31.36.0-255,66,45222,9,213774
809,0.000487,172.217.194.0-255,1484,46706,9,213774
810,0.000511,172.217.194.0-255,1484,48190,9,213774
811,0.000513,172.31.36.0-255,66,48256,9,213774
812,0.00052,172.217.194.0-255,5738,53994,9,213774
813,0.000523,172.31.36.0-255,66,54060,9,213774
814,0.000541,172.217.194.0-255,2902,56962,9,213774
815,0.000548,172.31.36.0-255,66,57028,9,213774
816,0.000583,172.31.36.0-255,66,57094,9,213774
817,0.0006,172.31.36.0-255,66,57160,9,213774
818,0.000758,172.217.194.0-255,1484,58644,9,213774
819,0.000764,172.217.194.0-255,2902,61546,9,213774
820,0.000768,172.31.36.0-255,66,61612,9,213774
821,0.000774,172.217.194.0-255,4320,65932,9,213774
822,0.000776,172.31.36.0-255,66,65998,9,213774
823,0.000805,172.217.194.0-255,1484,67482,9,213774
824,0.00081,172.217.194.0-255,2902,70384,9,213774
825,0.000813,172.31.36.0-255,66,70450,9,213774
826,0.000829,172.31.36.0-255,66,70516,9,213774
827,0.000848,172.217.194.0-255,4320,74836,9,213774
828,0.000851,172.31.36.0-255,66,74902,9,213774
829,0.000884,172.217.194.0-255,6438,81340,9,213774
830,0.000888,172.31.36.0-255,66,81406,9,213774
831,0.001065,172.217.194.0-255,1484,82890,9,213774
832,0.001071,172.217.194.0-255,2902,85792,9,213774
833,0.001074,172.31.36.0-255,66,85858,9,213774
834,0.001107,172.217.194.0-255,5738,91596,9,213774
835,0.00111,172.31.36.0-255,66,91662,9,213774
836,0.001119,172.217.194.0-255,7156,98818,9,213774
837,0.001121,172.31.36.0-255,66,98884,9,213774
838,0.00114,172.31.36.0-255,66,98950,9,213774
839,0.00117,172.217.194.0-255,2902,101852,9,213774
840,0.001173,172.31.36.0-255,66,101918,9,213774
841,0.001177,172.217.194.0-255,2184,104102,9,213774
842,0.001179,172.31.36.0-255,66,104168,9,213774
843,0.00122,172.217.194.0-255,1484,105652,9,213774
844,0.001239,172.217.194.0-255,2902,108554,9,213774
845,0.001243,172.31.36.0-255,66,108620,9,213774
846,0.00125,172.217.194.0-255,5738,114358,9,213774
847,0.001252,172.31.36.0-255,66,114424,9,213774
848,0.001281,172.217.194.0-255,5738,120162,9,213774
849,0.001284,172.31.36.0-255,66,120228,9,213774
850,0.001312,172.217.194.0-255,7156,127384,9,213774
851,0.001316,172.31.36.0-255,66,127450,9,213774
852,0.001335,172.31.36.0-255,66,127516,9,213774
853,0.001422,172.217.194.0-255,1484,129000,9,213774
854,0.001428,172.217.194.0-255,2902,131902,9,213774
855,0.00143,172.31.36.0-255,66,131968,9,213774
856,0.001434,172.217.194.0-255,1484,133452,9,213774
857,0.001458,172.217.194.0-255,4320,137772,9,213774
858,0.001461,172.31.36.0-255,66,137838,9,213774
859,0.001467,172.217.194.0-255,5738,143576,9,213774
860,0.00147,172.31.36.0-255,66,143642,9,213774
861,0.001499,172.217.194.0-255,7156,150798,9,213774
862,0.001502,172.31.36.0-255,66,150864,9,213774
863,0.00152,172.31.36.0-255,66,150930,9,213774
864,0.001523,172.217.194.0-255,1484,152414,9,213774
865,0.001563,172.31.36.0-255,66,152480,9,213774
866,0.001569,172.217.194.0-255,4320,156800,9,213774
867,0.001571,172.31.36.0-255,66,156866,9,213774
868,0.001583,172.217.194.0-255,7156,164022,9,213774
869,0.001586,172.31.36.0-255,66,164088,9,213774
870,0.001627,172.31.36.0-255,66,164154,9,213774
871,0.00163,172.217.194.0-255,766,164920,9,213774
872,0.00172,172.217.194.0-255,1484,166404,9,213774
873,0.001724,172.31.36.0-255,66,166470,9,213774
874,0.00173,172.217.194.0-255,2902,169372,9,213774
875,0.001732,172.31.36.0-255,66,169438,9,213774
876,0.001759,172.217.194.0-255,5738,175176,9,213774
877,0.001765,172.31.36.0-255,66,175242,9,213774
878,0.001778,172.31.36.0-255,66,175308,9,213774
879,0.001801,172.217.194.0-255,4320,179628,9,213774
880,0.001804,172.31.36.0-255,66,179694,9,213774
881,0.001841,172.31.36.0-255,66,179760,9,213774
882,0.001865,172.217.194.0-255,1484,181244,9,213774
883,0.001869,172.217.194.0-255,2902,184146,9,213774
884,0.001875,172.217.194.0-255,5738,189884,9,213774
885,0.001903,172.217.194.0-255,7156,197040,9,213774
886,0.001907,172.31.36.0-255,66,197106,9,213774
887,0.001912,172.31.36.0-255,66,197172,9,213774
888,0.001944,172.217.194.0-255,5738,202910,9,213774
889,0.001963,172.31.36.0-255,66,202976,9,213774
890,0.002035,172.31.36.0-255,66,203042,9,213774
891,0.002136,172.217.194.0-255,105,203147,9,213774
892,0.002149,172.31.36.0-255,66,203213,9,213774
893,0.004876,172.31.36.0-255,105,203318,9,213774
894,0.007165,172.217.194.0-255,66,203384,9,213774
895,0.039936,172.31.36.0-255,192,203576,9,213774
896,0.039983,172.31.36.0-255,960,204536,9,213774
897,0.040071,172.31.36.0-255,1514,206050,9,213774
898,0.040073,172.31.36.0-255,1514,207564,9,213774
899,0.040074,172.31.36.0-255,1514,209078,9,213774
900,0.040075,172.31.36.0-255,1514,210592,9,213774
901,0.040104,172.31.36.0-255,1514,212106,9,213774
902,0.040105,172.31.36.0-255,1338,213444,9,213774
903,0.041495,104.244.42.0-255,66,213510,9,213774
904,0.041506,104.244.42.0-255,66,213576,9,213774
905,0.041645,104.244.42.0-255,66,213642,9,213774
906,0.041651,104.244.42.0-255,66,213708,9,213774
907,0.041654,104.244.42.0-255,66,213774,9,213774
908,0.0,172.31.36.0-255,105,105,9,276
909,0.001467,157.240.13.0-255,105,210,9,276
910,0.001479,172.31.36.0-255,66,276,9,276
911,0.0,172.217.194.0-255,143,143,9,294224
912,2.6e-05,172.31.36.0-255,66,209,9,294224
913,3.2e-05,172.217.194.0-255,1484,1693,9,294224
914,3.7e-05,172.31.36.0-255,66,1759,9,294224
915,4.1e-05,172.217.194.0-255,2902,4661,9,294224
916,4.5e-05,172.31.36.0-255,66,4727,9,294224
917,6e-05,172.217.194.0-255,5738,10465,9,294224
918,6.3e-05,172.31.36.0-255,66,10531,9,294224
919,6.6e-05,172.217.194.0-255,1484,12015,9,294224
920,6.8e-05,172.31.36.0-255,66,12081,9,294224
921,0.000101,172.217.194.0-255,2071,14152,9,294224
922,0.000104,172.31.36.0-255,66,14218,9,294224
923,0.00013,172.217.194.0-255,4320,18538,9,294224
924,0.000133,172.31.36.0-255,66,18604,9,294224
925,0.000166,172.217.194.0-255,5738,24342,9,294224
926,0.000168,172.31.36.0-255,66,24408,9,294224
927,0.000196,172.217.194.0-255,5738,30146,9,294224
928,0.000199,172.31.36.0-255,66,30212,9,294224
929,0.000263,172.217.194.0-255,4320,34532,9,294224
930,0.000267,172.31.36.0-255,66,34598,9,294224
931,0.000285,172.217.194.0-255,2902,37500,9,294224
932,0.000289,172.31.36.0-255,66,37566,9,294224
933,0.000315,172.217.194.0-255,2902,40468,9,294224
934,0.000318,172.31.36.0-255,66,40534,9,294224
935,0.000339,172.217.194.0-255,5738,46272,9,294224
936,0.000342,172.217.194.0-255,2184,48456,9,294224
937,0.000344,172.31.36.0-255,66,48522,9,294224
938,0.000347,172.31.36.0-255,66,48588,9,294224
939,0.000809,172.217.194.0-255,1484,50072,9,294224
940,0.000815,172.31.36.0-255,66,50138,9,294224
941,0.000841,172.217.194.0-255,2902,53040,9,294224
942,0.000845,172.31.36.0-255,66,53106,9,294224
943,0.000849,172.217.194.0-255,1484,54590,9,294224
944,0.000868,172.217.194.0-255,2902,57492,9,294224
945,0.000871,172.31.36.0-255,66,57558,9,294224
946,0.000898,172.217.194.0-255,2902,60460,9,294224
947,0.000902,172.31.36.0-255,66,60526,9,294224
948,0.000909,172.217.194.0-255,5659,66185,9,294224
949,0.000911,172.31.36.0-255,66,66251,9,294224
950,0.001495,172.217.194.0-255,1484,67735,9,294224
951,0.00151,172.217.194.0-255,2902,70637,9,294224
952,0.001515,172.31.36.0-255,66,70703,9,294224
953,0.001546,172.217.194.0-255,2902,73605,9,294224
954,0.001548,172.31.36.0-255,66,73671,9,294224
955,0.001555,172.217.194.0-255,7156,80827,9,294224
956,0.001556,172.31.36.0-255,66,80893,9,294224
957,0.001585,172.217.194.0-255,5738,86631,9,294224
958,0.001588,172.31.36.0-255,66,86697,9,294224
959,0.001624,172.217.194.0-255,2902,89599,9,294224
960,0.001626,172.31.36.0-255,66,89665,9,294224
961,0.001643,172.217.194.0-255,4320,93985,9,294224
962,0.001645,172.31.36.0-255,66,94051,9,294224
963,0.001676,172.217.194.0-255,1484,95535,9,294224
964,0.001692,172.217.194.0-255,5020,100555,9,294224
965,0.001695,172.31.36.0-255,66,100621,9,294224
966,0.00201,172.217.194.0-255,1484,102105,9,294224
967,0.002013,172.217.194.0-255,1484,103589,9,294224
968,0.002015,172.31.36.0-255,66,103655,9,294224
969,0.002024,172.217.194.0-255,1484,105139,9,294224
970,0.00203,172.217.194.0-255,1484,106623,9,294224
971,0.002033,172.31.36.0-255,66,106689,9,294224
972,0.002059,172.217.194.0-255,4320,111009,9,294224
973,0.002062,172.31.36.0-255,66,111075,9,294224
974,0.002102,172.217.194.0-255,5738,116813,9,294224
975,0.002104,172.31.36.0-255,66,116879,9,294224
976,0.002131,172.217.194.0-255,4320,121199,9,294224
977,0.002133,172.31.36.0-255,66,121265,9,294224
978,0.002149,172.31.36.0-255,66,121331,9,294224
979,0.002152,172.217.194.0-255,2184,123515,9,294224
980,0.002154,172.31.36.0-255,66,123581,9,294224
981,0.002198,172.217.194.0-255,1484,125065,9,294224
982,0.002216,172.217.194.0-255,7156,132221,9,294224
983,0.002218,172.31.36.0-255,66,132287,9,294224
984,0.002253,172.31.36.0-255,66,132353,9,294224
985,0.002263,172.31.36.0-255,66,132419,9,294224
986,0.002309,172.217.194.0-255,1484,133903,9,294224
987,0.002328,172.217.194.0-255,5020,138923,9,294224
988,0.00233,172.31.36.0-255,66,138989,9,294224
989,0.002521,172.217.194.0-255,1484,140473,9,294224
990,0.002541,172.217.194.0-255,2902,143375,9,294224
991,0.002543,172.31.36.0-255,66,143441,9,294224
992,0.002547,172.217.194.0-255,1484,144925,9,294224
993,0.002566,172.217.194.0-255,1484,146409,9,294224
994,0.002568,172.31.36.0-255,66,146475,9,294224
995,0.002626,172.217.194.0-255,2902,149377,9,294224
996,0.002629,172.31.36.0-255,66,149443,9,294224
997,0.002658,172.217.194.0-255,5738,155181,9,294224
998,0.002661,172.31.36.0-255,66,155247,9,294224
999,0.002665,172.217.194.0-255,2902,158149,9,294224
1000,0.002667,172.31.36.0-255,66,158215,9,294224
1001,0.002669,172.217.194.0-255,1484,159699,9,294224
1002,0.002677,172.217.194.0-255,1484,161183,9,294224
1003,0.002679,172.31.36.0-255,66,161249,9,294224
1004,0.002705,172.217.194.0-255,1484,162733,9,294224
1005,0.002708,172.217.194.0-255,1484,164217,9,294224
1006,0.002709,172.31.36.0-255,66,164283,9,294224
1007,0.002715,172.217.194.0-255,4320,168603,9,294224
1008,0.002717,172.31.36.0-255,66,168669,9,294224
1009,0.002726,172.217.194.0-255,4320,172989,9,294224
1010,0.002729,172.31.36.0-255,66,173055,9,294224
1011,0.002731,172.217.194.0-255,766,173821,9,294224
1012,0.004767,172.217.194.0-255,1484,175305,9,294224
1013,0.00477,172.31.36.0-255,66,175371,9,294224
1014,0.004775,172.217.194.0-255,2902,178273,9,294224
1015,0.004778,172.31.36.0-255,66,178339,9,294224
1016,0.004798,172.217.194.0-255,2902,181241,9,294224
1017,0.0048,172.31.36.0-255,66,181307,9,294224
1018,0.004819,172.217.194.0-255,7156,188463,9,294224
1019,0.004821,172.31.36.0-255,66,188529,9,294224
1020,0.004845,172.217.194.0-255,2902,191431,9,294224
1021,0.004847,172.31.36.0-255,66,191497,9,294224
1022,0.00488,172.31.36.0-255,66,191563,9,294224
1023,0.004882,172.217.194.0-255,1484,193047,9,294224
1024,0.004962,172.217.194.0-255,5020,198067,9,294224
1025,0.004965,172.31.36.0-255,66,198133,9,294224
1026,0.005037,172.217.194.0-255,4320,202453,9,294224
1027,0.005039,172.31.36.0-255,66,202519,9,294224
1028,0.005043,172.217.194.0-255,2902,205421,9,294224
1029,0.005046,172.31.36.0-255,66,205487,9,294224
1030,0.005068,172.217.194.0-255,4320,209807,9,294224
1031,0.00507,172.31.36.0-255,66,209873,9,294224
1032,0.005112,172.217.194.0-255,4320,214193,9,294224
1033,0.005116,172.31.36.0-255,66,214259,9,294224
1034,0.005128,172.31.36.0-255,66,214325,9,294224
1035,0.005159,172.217.194.0-255,6438,220763,9,294224
1036,0.005162,172.31.36.0-255,66,220829,9,294224
1037,0.005175,172.31.36.0-255,66,220895,9,294224
1038,0.005243,172.31.36.0-255,66,220961,9,294224
1039,0.00525,172.217.194.0-255,5020,225981,9,294224
1040,0.005252,172.31.36.0-255,66,226047,9,294224
1041,0.005862,172.217.194.0-255,1484,227531,9,294224
1042,0.00587,172.217.194.0-255,2902,230433,9,294224
1043,0.005873,172.31.36.0-255,66,230499,9,294224
1044,0.005904,172.217.194.0-255,5738,236237,9,294224
1045,0.005908,172.31.36.0-255,66,236303,9,294224
1046,0.005916,172.217.194.0-255,7156,243459,9,294224
1047,0.005919,172.31.36.0-255,66,243525,9,294224
1048,0.005966,172.31.36.0-255,66,243591,9,294224
1049,0.005996,172.217.194.0-255,2902,246493,9,294224
1050,0.005999,172.31.36.0-255,66,246559,9,294224
1051,0.006018,172.31.36.0-255,66,246625,9,294224
1052,0.006024,172.217.194.0-255,2902,249527,9,294224
1053,0.006026,172.31.36.0-255,66,249593,9,294224
1054,0.006077,172.31.36.0-255,66,249659,9,294224
1055,0.006685,172.217.194.0-255,1484,251143,9,294224
1056,0.006691,172.217.194.0-255,2902,254045,9,294224
1057,0.006694,172.31.36.0-255,66,254111,9,294224
1058,0.006715,172.217.194.0-255,5738,259849,9,294224
1059,0.006718,172.31.36.0-255,66,259915,9,294224
1060,0.006732,172.217.194.0-255,2902,262817,9,294224
1061,0.006738,172.31.36.0-255,66,262883,9,294224
1062,0.006763,172.217.194.0-255,2902,265785,9,294224
1063,0.006766,172.31.36.0-255,66,265851,9,294224
1064,0.006786,172.31.36.0-255,66,265917,9,294224
1065,0.006792,172.217.194.0-255,5020,270937,9,294224
1066,0.006796,172.31.36.0-255,66,271003,9,294224
1067,0.006896,172.217.194.0-255,1484,272487,9,294224
1068,0.006901,172.217.194.0-255,2902,275389,9,294224
1069,0.006904,172.31.36.0-255,66,275455,9,294224
1070,0.006958,172.217.194.0-255,1484,276939,9,294224
1071,0.006963,172.217.194.0-255,2902,279841,9,294224
1072,0.006967,172.31.36.0-255,66,279907,9,294224
1073,0.007034,172.217.194.0-255,2902,282809,9,294224
1074,0.007038,172.31.36.0-255,66,282875,9,294224
1075,0.007062,172.217.194.0-255,1747,284622,9,294224
1076,0.007065,172.31.36.0-255,66,284688,9,294224
1077,0.007119,172.217.194.0-255,105,284793,9,294224
1078,0.008139,172.31.36.0-255,101,284894,9,294224
1079,0.008453,172.31.36.0-255,105,284999,9,294224
1080,0.01068,172.217.194.0-255,66,285065,9,294224
1081,0.010935,172.217.194.0-255,66,285131,9,294224
1082,0.043252,172.31.36.0-255,172,285303,9,294224
1083,0.043288,172.31.36.0-255,1116,286419,9,294224
1084,0.043365,172.31.36.0-255,1514,287933,9,294224
1085,0.043387,172.31.36.0-255,1514,289447,9,294224
1086,0.043389,172.31.36.0-255,1514,290961,9,294224
1087,0.043414,172.31.36.0-255,1514,292475,9,294224
1088,0.043416,172.31.36.0-255,1485,293960,9,294224
1089,0.044827,104.244.42.0-255,66,294026,9,294224
1090,0.044837,104.244.42.0-255,66,294092,9,294224
1091,0.044989,104.244.42.0-255,66,294158,9,294224
1092,0.045019,104.244.42.0-255,66,294224,9,294224
1093,0.0,172.217.160.0-255,146,146,9,198753
1094,2.2e-05,172.31.36.0-255,66,212,9,198753
1095,2.8e-05,172.217.160.0-255,1484,1696,9,198753
1096,3.2e-05,172.31.36.0-255,66,1762,9,198753
1097,3.7e-05,172.217.160.0-255,2902,4664,9,198753
1098,3.9e-05,172.31.36.0-255,66,4730,9,198753
1099,5.4e-05,172.217.160.0-255,7156,11886,9,198753
1100,5.7e-05,172.31.36.0-255,66,11952,9,198753
1101,6e-05,172.217.160.0-255,2055,14007,9,198753
1102,6.3e-05,172.31.36.0-255,66,14073,9,198753
1103,0.0001,172.217.160.0-255,1484,15557,9,198753
1104,0.000103,172.31.36.0-255,66,15623,9,198753
1105,0.000108,172.217.160.0-255,2902,18525,9,198753
1106,0.000111,172.31.36.0-255,66,18591,9,198753
1107,0.000113,172.217.160.0-255,1484,20075,9,198753
1108,0.000119,172.31.36.0-255,66,20141,9,198753
1109,0.000142,172.217.160.0-255,4320,24461,9,198753
1110,0.000144,172.31.36.0-255,66,24527,9,198753
1111,0.00015,172.217.160.0-255,4320,28847,9,198753
1112,0.000152,172.31.36.0-255,66,28913,9,198753
1113,0.00018,172.217.160.0-255,2543,31456,9,198753
1114,0.000182,172.31.36.0-255,66,31522,9,198753
1115,0.000187,172.217.160.0-255,4320,35842,9,198753
1116,0.000189,172.31.36.0-255,66,35908,9,198753
1117,0.000224,172.217.160.0-255,2902,38810,9,198753
1118,0.000226,172.31.36.0-255,66,38876,9,198753
1119,0.000231,172.217.160.0-255,5738,44614,9,198753
1120,0.000233,172.31.36.0-255,66,44680,9,198753
1121,0.000258,172.217.160.0-255,3961,48641,9,198753
1122,0.000259,172.31.36.0-255,66,48707,9,198753
1123,0.001027,172.217.160.0-255,1484,50191,9,198753
1124,0.001032,172.31.36.0-255,66,50257,9,198753
1125,0.00104,172.217.160.0-255,2902,53159,9,198753
1126,0.001042,172.31.36.0-255,66,53225,9,198753
1127,0.001048,172.217.160.0-255,5738,58963,9,198753
1128,0.001055,172.31.36.0-255,66,59029,9,198753
1129,0.001088,172.217.160.0-255,6797,65826,9,198753
1130,0.001091,172.31.36.0-255,66,65892,9,198753
1131,0.001232,172.217.160.0-255,1484,67376,9,198753
1132,0.001239,172.217.160.0-255,2902,70278,9,198753
1133,0.001242,172.31.36.0-255,66,70344,9,198753
1134,0.001247,172.217.160.0-255,2902,73246,9,198753
1135,0.001249,172.31.36.0-255,66,73312,9,198753
1136,0.001279,172.217.160.0-255,2902,76214,9,198753
1137,0.001281,172.31.36.0-255,66,76280,9,198753
1138,0.001288,172.217.160.0-255,6797,83077,9,198753
1139,0.001289,172.31.36.0-255,66,83143,9,198753
1140,0.001292,172.217.160.0-255,1484,84627,9,198753
1141,0.001326,172.31.36.0-255,66,84693,9,198753
1142,0.00133,172.217.160.0-255,2543,87236,9,198753
1143,0.001332,172.31.36.0-255,66,87302,9,198753
1144,0.001632,172.217.160.0-255,646,87948,9,198753
1145,0.001759,172.217.160.0-255,1484,89432,9,198753
1146,0.001763,172.31.36.0-255,66,89498,9,198753
1147,0.001768,172.217.160.0-255,2902,92400,9,198753
1148,0.00177,172.31.36.0-255,66,92466,9,198753
1149,0.001773,172.217.160.0-255,1484,93950,9,198753
1150,0.001802,172.217.160.0-255,4320,98270,9,198753
1151,0.001804,172.31.36.0-255,66,98336,9,198753
1152,0.001813,172.31.36.0-255,66,98402,9,198753
1153,0.001823,172.217.160.0-255,7156,105558,9,198753
1154,0.001826,172.31.36.0-255,66,105624,9,198753
1155,0.001835,172.31.36.0-255,66,105690,9,198753
1156,0.002483,172.217.160.0-255,1484,107174,9,198753
1157,0.002489,172.217.160.0-255,2902,110076,9,198753
1158,0.002491,172.31.36.0-255,66,110142,9,198753
1159,0.002499,172.217.160.0-255,5738,115880,9,198753
1160,0.002502,172.31.36.0-255,66,115946,9,198753
1161,0.002549,172.31.36.0-255,66,116012,9,198753
1162,0.002566,172.31.36.0-255,66,116078,9,198753
1163,0.002919,172.217.160.0-255,1484,117562,9,198753
1164,0.002925,172.217.160.0-255,2902,120464,9,198753
1165,0.002927,172.31.36.0-255,66,120530,9,198753
1166,0.002932,172.217.160.0-255,2902,123432,9,198753
1167,0.002934,172.31.36.0-255,66,123498,9,198753
1168,0.002937,172.217.160.0-255,1484,124982,9,198753
1169,0.002973,172.31.36.0-255,66,125048,9,198753
1170,0.002997,172.217.160.0-255,2902,127950,9,198753
1171,0.002999,172.31.36.0-255,66,128016,9,198753
1172,0.00301,172.31.36.0-255,66,128082,9,198753
1173,0.003027,172.217.160.0-255,3602,131684,9,198753
1174,0.00303,172.31.36.0-255,66,131750,9,198753
1175,0.003055,172.217.160.0-255,1484,133234,9,198753
1176,0.00306,172.217.160.0-255,2902,136136,9,198753
1177,0.003067,172.31.36.0-255,66,136202,9,198753
1178,0.003072,172.217.160.0-255,2902,139104,9,198753
1179,0.003074,172.31.36.0-255,66,139170,9,198753
1180,0.003114,172.217.160.0-255,2902,142072,9,198753
1181,0.003116,172.31.36.0-255,66,142138,9,198753
1182,0.003135,172.31.36.0-255,66,142204,9,198753
1183,0.003171,172.31.36.0-255,66,142270,9,198753
1184,0.003198,172.217.160.0-255,766,143036,9,198753
1185,0.00322,172.31.36.0-255,66,143102,9,198753
1186,0.00324,172.31.36.0-255,66,143168,9,198753
1187,0.003325,172.217.160.0-255,1484,144652,9,198753
1188,0.00333,172.217.160.0-255,2902,147554,9,198753
1189,0.003333,172.31.36.0-255,66,147620,9,198753
1190,0.003339,172.217.160.0-255,5738,153358,9,198753
1191,0.003342,172.31.36.0-255,66,153424,9,198753
1192,0.003359,172.31.36.0-255,66,153490,9,198753
1193,0.003401,172.31.36.0-255,66,153556,9,198753
1194,0.003805,172.217.160.0-255,1484,155040,9,198753
1195,0.003826,172.217.160.0-255,2902,157942,9,198753
1196,0.00383,172.31.36.0-255,66,158008,9,198753
1197,0.003838,172.217.160.0-255,5738,163746,9,198753
1198,0.00384,172.31.36.0-255,66,163812,9,198753
1199,0.003865,172.217.160.0-255,1484,165296,9,198753
1200,0.003902,172.31.36.0-255,66,165362,9,198753
1201,0.003909,172.217.160.0-255,7156,172518,9,198753
1202,0.003911,172.31.36.0-255,66,172584,9,198753
1203,0.003925,172.31.36.0-255,66,172650,9,198753
1204,0.003962,172.31.36.0-255,66,172716,9,198753
1205,0.003971,172.31.36.0-255,66,172782,9,198753
1206,0.004005,172.217.160.0-255,6438,179220,9,198753
1207,0.004008,172.31.36.0-255,66,179286,9,198753
1208,0.00402,172.31.36.0-255,66,179352,9,198753
1209,0.004052,172.217.160.0-255,5738,185090,9,198753
1210,0.004055,172.31.36.0-255,66,185156,9,198753
1211,0.004058,172.217.160.0-255,1484,186640,9,198753
1212,0.004066,172.217.160.0-255,7156,193796,9,198753
1213,0.004099,172.31.36.0-255,66,193862,9,198753
1214,0.004117,172.217.160.0-255,4320,198182,9,198753
1215,0.004127,172.31.36.0-255,66,198248,9,198753
1216,0.004151,172.217.160.0-255,97,198345,9,198753
1217,0.004168,172.31.36.0-255,66,198411,9,198753
1218,0.004175,172.217.160.0-255,105,198516,9,198753
1219,0.006779,172.31.36.0-255,66,198582,9,198753
1220,0.006817,172.31.36.0-255,105,198687,9,198753
1221,0.008411,172.217.160.0-255,66,198753,9,198753
1222,0.0,172.217.194.0-255,148,148,9,214574
1223,2.7e-05,172.31.36.0-255,66,214,9,214574
1224,3.4e-05,172.217.194.0-255,1484,1698,9,214574
1225,3.8e-05,172.31.36.0-255,66,1764,9,214574
1226,4.3e-05,172.217.194.0-255,2902,4666,9,214574
1227,5.3e-05,172.31.36.0-255,66,4732,9,214574
1228,6.1e-05,172.217.194.0-255,7156,11888,9,214574
1229,6.3e-05,172.31.36.0-255,66,11954,9,214574
1230,6.7e-05,172.217.194.0-255,2105,14059,9,214574
1231,7e-05,172.31.36.0-255,66,14125,9,214574
1232,0.000113,172.31.36.0-255,66,14191,9,214574
1233,0.000176,172.31.36.0-255,66,14257,9,214574
1234,0.000205,172.217.194.0-255,4320,18577,9,214574
1235,0.000208,172.31.36.0-255,66,18643,9,214574
1236,0.000233,172.31.36.0-255,66,18709,9,214574
1237,0.000255,172.217.194.0-255,119,18828,9,214574
1238,0.000258,172.31.36.0-255,66,18894,9,214574
1239,0.000393,172.217.194.0-255,1484,20378,9,214574
1240,0.000396,172.31.36.0-255,66,20444,9,214574
1241,0.000427,172.217.194.0-255,1484,21928,9,214574
1242,0.00043,172.31.36.0-255,66,21994,9,214574
1243,0.000458,172.217.194.0-255,2902,24896,9,214574
1244,0.000461,172.31.36.0-255,66,24962,9,214574
1245,0.000466,172.217.194.0-255,4320,29282,9,214574
1246,0.000469,172.31.36.0-255,66,29348,9,214574
1247,0.000489,172.217.194.0-255,1484,30832,9,214574
1248,0.000492,172.31.36.0-255,66,30898,9,214574
1249,0.000499,172.217.194.0-255,1484,32382,9,214574
1250,0.000502,172.31.36.0-255,66,32448,9,214574
1251,0.000517,172.31.36.0-255,66,32514,9,214574
1252,0.000547,172.217.194.0-255,7156,39670,9,214574
1253,0.000551,172.31.36.0-255,66,39736,9,214574
1254,0.000582,172.217.194.0-255,5020,44756,9,214574
1255,0.000585,172.31.36.0-255,66,44822,9,214574
1256,0.001011,172.217.194.0-255,1484,46306,9,214574
1257,0.001017,172.217.194.0-255,2902,49208,9,214574
1258,0.00102,172.31.36.0-255,66,49274,9,214574
1259,0.001054,172.217.194.0-255,5738,55012,9,214574
1260,0.001058,172.31.36.0-255,66,55078,9,214574
1261,0.001073,172.31.36.0-255,66,55144,9,214574
1262,0.00108,172.217.194.0-255,4320,59464,9,214574
1263,0.001081,172.31.36.0-255,66,59530,9,214574
1264,0.001111,172.217.194.0-255,4320,63850,9,214574
1265,0.001114,172.31.36.0-255,66,63916,9,214574
1266,0.001132,172.217.194.0-255,2184,66100,9,214574
1267,0.001134,172.31.36.0-255,66,66166,9,214574
1268,0.001176,172.217.194.0-255,1484,67650,9,214574
1269,0.001181,172.217.194.0-255,2902,70552,9,214574
1270,0.001184,172.31.36.0-255,66,70618,9,214574
1271,0.001188,172.217.194.0-255,1484,72102,9,214574
1272,0.00122,172.217.194.0-255,4320,76422,9,214574
1273,0.001223,172.31.36.0-255,66,76488,9,214574
1274,0.00123,172.217.194.0-255,7156,83644,9,214574
1275,0.001232,172.31.36.0-255,66,83710,9,214574
1276,0.001253,172.217.194.0-255,2902,86612,9,214574
1277,0.001256,172.31.36.0-255,66,86678,9,214574
1278,0.001292,172.217.194.0-255,2902,89580,9,214574
1279,0.001295,172.31.36.0-255,66,89646,9,214574
1280,0.001337,172.31.36.0-255,66,89712,9,214574
1281,0.001451,172.217.194.0-255,1484,91196,9,214574
1282,0.001457,172.217.194.0-255,2902,94098,9,214574
1283,0.00146,172.31.36.0-255,66,94164,9,214574
1284,0.001505,172.217.194.0-255,5738,99902,9,214574
1285,0.001508,172.31.36.0-255,66,99968,9,214574
1286,0.001521,172.31.36.0-255,66,100034,9,214574
1287,0.001553,172.217.194.0-255,1484,101518,9,214574
1288,0.001564,172.31.36.0-255,66,101584,9,214574
1289,0.001569,172.217.194.0-255,2184,103768,9,214574
1290,0.001571,172.31.36.0-255,66,103834,9,214574
1291,0.001608,172.217.194.0-255,2902,106736,9,214574
1292,0.001612,172.31.36.0-255,66,106802,9,214574
1293,0.001618,172.217.194.0-255,4320,111122,9,214574
1294,0.00162,172.31.36.0-255,66,111188,9,214574
1295,0.001642,172.217.194.0-255,2902,114090,9,214574
1296,0.001646,172.31.36.0-255,66,114156,9,214574
1297,0.001652,172.217.194.0-255,5738,119894,9,214574
1298,0.001655,172.31.36.0-255,66,119960,9,214574
1299,0.001707,172.31.36.0-255,66,120026,9,214574
1300,0.001735,172.217.194.0-255,2902,122928,9,214574
1301,0.001739,172.31.36.0-255,66,122994,9,214574
1302,0.001751,172.31.36.0-255,66,123060,9,214574
1303,0.001762,172.31.36.0-255,66,123126,9,214574
1304,0.00178,172.31.36.0-255,66,123192,9,214574
1305,0.001786,172.217.194.0-255,3602,126794,9,214574
1306,0.001791,172.31.36.0-255,66,126860,9,214574
1307,0.001815,172.217.194.0-255,4320,131180,9,214574
1308,0.001818,172.31.36.0-255,66,131246,9,214574
1309,0.001847,172.217.194.0-255,4320,135566,9,214574
1310,0.00185,172.31.36.0-255,66,135632,9,214574
1311,0.001857,172.217.194.0-255,5738,141370,9,214574
1312,0.001859,172.31.36.0-255,66,141436,9,214574
1313,0.001885,172.217.194.0-255,4320,145756,9,214574
1314,0.001888,172.31.36.0-255,66,145822,9,214574
1315,0.001912,172.217.194.0-255,5738,151560,9,214574
1316,0.001916,172.31.36.0-255,66,151626,9,214574
1317,0.001932,172.217.194.0-255,5738,157364,9,214574
1318,0.001935,172.31.36.0-255,66,157430,9,214574
1319,0.001962,172.217.194.0-255,3602,161032,9,214574
1320,0.001965,172.31.36.0-255,66,161098,9,214574
1321,0.002056,172.217.194.0-255,1484,162582,9,214574
1322,0.00208,172.217.194.0-255,2902,165484,9,214574
1323,0.002084,172.31.36.0-255,66,165550,9,214574
1324,0.00209,172.217.194.0-255,4320,169870,9,214574
1325,0.002092,172.31.36.0-255,66,169936,9,214574
1326,0.002103,172.217.194.0-255,5738,175674,9,214574
1327,0.002105,172.31.36.0-255,66,175740,9,214574
1328,0.002118,172.217.194.0-255,2902,178642,9,214574
1329,0.00212,172.31.36.0-255,66,178708,9,214574
1330,0.002152,172.31.36.0-255,66,178774,9,214574
1331,0.002179,172.217.194.0-255,5020,183794,9,214574
1332,0.002182,172.31.36.0-255,66,183860,9,214574
1333,0.002201,172.31.36.0-255,66,183926,9,214574
1334,0.002216,172.31.36.0-255,66,183992,9,214574
1335,0.002248,172.217.194.0-255,5738,189730,9,214574
1336,0.00225,172.31.36.0-255,66,189796,9,214574
1337,0.002257,172.217.194.0-255,7156,196952,9,214574
1338,0.002259,172.31.36.0-255,66,197018,9,214574
1339,0.002299,172.31.36.0-255,66,197084,9,214574
1340,0.002306,172.217.194.0-255,6438,203522,9,214574
1341,0.002308,172.31.36.0-255,66,203588,9,214574
1342,0.00233,172.217.194.0-255,1484,205072,9,214574
1343,0.002361,172.31.36.0-255,66,205138,9,214574
1344,0.002412,172.217.194.0-255,105,205243,9,214574
1345,0.008398,172.31.36.0-255,66,205309,9,214574
1346,0.008425,172.31.36.0-255,105,205414,9,214574
1347,0.011029,172.217.194.0-255,66,205480,9,214574
1348,0.035788,172.31.36.0-255,172,205652,9,214574
1349,0.035825,172.31.36.0-255,1116,206768,9,214574
1350,0.035864,172.31.36.0-255,1514,208282,9,214574
1351,0.035866,172.31.36.0-255,1514,209796,9,214574
1352,0.035871,172.31.36.0-255,1514,211310,9,214574
1353,0.035872,172.31.36.0-255,1514,212824,9,214574
1354,0.035898,172.31.36.0-255,1486,214310,9,214574
1355,0.037313,104.244.42.0-255,66,214376,9,214574
1356,0.037373,104.244.42.0-255,66,214442,9,214574
1357,0.037425,104.244.42.0-255,66,214508,9,214574
1358,0.037481,104.244.42.0-255,66,214574,9,214574
1359,0.0,172.217.194.0-255,146,146,9,178321
1360,2.4e-05,172.31.36.0-255,66,212,9,178321
1361,3.1e-05,172.217.194.0-255,1484,1696,9,178321
1362,3.6e-05,172.31.36.0-255,66,1762,9,178321
1363,4.2e-05,172.217.194.0-255,2902,4664,9,178321
1364,4.5e-05,172.31.36.0-255,66,4730,9,178321
1365,5.4e-05,172.217.194.0-255,7156,11886,9,178321
1366,5.7e-05,172.31.36.0-255,66,11952,9,178321
1367,6.2e-05,172.217.194.0-255,2013,13965,9,178321
1368,6.5e-05,172.31.36.0-255,66,14031,9,178321
1369,8e-05,172.31.36.0-255,66,14097,9,178321
1370,0.000112,172.217.194.0-255,5379,19476,9,178321
1371,0.000115,172.31.36.0-255,66,19542,9,178321
1372,0.00016,172.217.194.0-255,1484,21026,9,178321
1373,0.000162,172.31.36.0-255,66,21092,9,178321
1374,0.000177,172.217.194.0-255,2902,23994,9,178321
1375,0.00018,172.31.36.0-255,66,24060,9,178321
1376,0.000184,172.217.194.0-255,1484,25544,9,178321
1377,0.000186,172.31.36.0-255,66,25610,9,178321
1378,0.00021,172.217.194.0-255,4320,29930,9,178321
1379,0.000213,172.31.36.0-255,66,29996,9,178321
1380,0.000215,172.217.194.0-255,1484,31480,9,178321
1381,0.000217,172.31.36.0-255,66,31546,9,178321
1382,0.000241,172.31.36.0-255,66,31612,9,178321
1383,0.000247,172.217.194.0-255,5738,37350,9,178321
1384,0.000249,172.31.36.0-255,66,37416,9,178321
1385,0.000335,172.31.36.0-255,66,37482,9,178321
1386,0.000682,172.217.194.0-255,1484,38966,9,178321
1387,0.000688,172.31.36.0-255,66,39032,9,178321
1388,0.000695,172.217.194.0-255,2902,41934,9,178321
1389,0.0007,172.31.36.0-255,66,42000,9,178321
1390,0.000726,172.217.194.0-255,5738,47738,9,178321
1391,0.000744,172.217.194.0-255,4320,52058,9,178321
1392,0.000749,172.31.36.0-255,66,52124,9,178321
1393,0.000824,172.217.194.0-255,2184,54308,9,178321
1394,0.00083,172.31.36.0-255,66,54374,9,178321
1395,0.003095,172.217.194.0-255,5738,60112,9,178321
1396,0.003102,172.31.36.0-255,66,60178,9,178321
1397,0.005364,172.217.194.0-255,5738,65916,9,178321
1398,0.005519,172.31.36.0-255,66,65982,9,178321
1399,0.007793,172.217.194.0-255,5738,71720,9,178321
1400,0.0078,172.31.36.0-255,66,71786,9,178321
1401,0.010063,172.217.194.0-255,5738,77524,9,178321
1402,0.010071,172.31.36.0-255,66,77590,9,178321
1403,0.012334,172.217.194.0-255,5738,83328,9,178321
1404,0.012342,172.31.36.0-255,66,83394,9,178321
1405,0.014605,172.217.194.0-255,5738,89132,9,178321
1406,0.014612,172.31.36.0-255,66,89198,9,178321
1407,0.016889,172.217.194.0-255,5738,94936,9,178321
1408,0.016897,172.31.36.0-255,66,95002,9,178321
1409,0.019151,172.217.194.0-255,5738,100740,9,178321
1410,0.01916,172.31.36.0-255,66,100806,9,178321
1411,0.021429,172.217.194.0-255,5738,106544,9,178321
1412,0.021436,172.31.36.0-255,66,106610,9,178321
1413,0.02371,172.217.194.0-255,5738,112348,9,178321
1414,0.02372,172.31.36.0-255,66,112414,9,178321
1415,0.025982,172.217.194.0-255,5738,118152,9,178321
1416,0.025989,172.31.36.0-255,66,118218,9,178321
1417,0.028253,172.217.194.0-255,5738,123956,9,178321
1418,0.028262,172.31.36.0-255,66,124022,9,178321
1419,0.030523,172.217.194.0-255,5738,129760,9,178321
1420,0.030532,172.31.36.0-255,66,129826,9,178321
1421,0.032818,172.217.194.0-255,5738,135564,9,178321
1422,0.032827,172.31.36.0-255,66,135630,9,178321
1423,0.035106,172.217.194.0-255,5738,141368,9,178321
1424,0.035115,172.31.36.0-255,66,141434,9,178321
1425,0.035902,172.31.36.0-255,188,141622,9,178321
1426,0.035931,172.31.36.0-255,960,142582,9,178321
1427,0.035994,172.31.36.0-255,717,143299,9,178321
1428,0.037391,172.217.194.0-255,5738,149037,9,178321
1429,0.037404,172.31.36.0-255,66,149103,9,178321
1430,0.037411,104.244.42.0-255,66,149169,9,178321
1431,0.037422,104.244.42.0-255,66,149235,9,178321
1432,0.037505,104.244.42.0-255,66,149301,9,178321
1433,0.039681,172.217.194.0-255,5738,155039,9,178321
1434,0.039691,172.31.36.0-255,66,155105,9,178321
1435,0.041977,172.217.194.0-255,5738,160843,9,178321
1436,0.041987,172.31.36.0-255,66,160909,9,178321
1437,0.044299,172.217.194.0-255,5738,166647,9,178321
1438,0.044306,172.31.36.0-255,66,166713,9,178321
1439,0.04658,172.217.194.0-255,5738,172451,9,178321
1440,0.046587,172.31.36.0-255,66,172517,9,178321
1441,0.048887,172.217.194.0-255,5738,178255,9,178321
1442,0.048894,172.31.36.0-255,66,178321,9,178321
1443,0.0,172.217.194.0-255,297,297,9,243457
1444,2.5e-05,172.31.36.0-255,66,363,9,243457
1445,3.1e-05,172.217.194.0-255,1484,1847,9,243457
1446,3.6e-05,172.31.36.0-255,66,1913,9,243457
1447,5.3e-05,172.217.194.0-255,4320,6233,9,243457
1448,5.6e-05,172.31.36.0-255,66,6299,9,243457
1449,6.9e-05,172.31.36.0-255,66,6365,9,243457
1450,9.9e-05,172.217.194.0-255,1484,7849,9,243457
1451,0.000102,172.31.36.0-255,66,7915,9,243457
1452,0.000144,172.217.194.0-255,7156,15071,9,243457
1453,0.000147,172.31.36.0-255,66,15137,9,243457
1454,0.000159,172.31.36.0-255,66,15203,9,243457
1455,0.000185,172.217.194.0-255,1484,16687,9,243457
1456,0.000188,172.31.36.0-255,66,16753,9,243457
1457,0.000193,172.217.194.0-255,2902,19655,9,243457
1458,0.000195,172.31.36.0-255,66,19721,9,243457
1459,0.000228,172.217.194.0-255,5738,25459,9,243457
1460,0.000231,172.31.36.0-255,66,25525,9,243457
1461,0.000244,172.31.36.0-255,66,25591,9,243457
1462,0.000269,172.217.194.0-255,2543,28134,9,243457
1463,0.000271,172.31.36.0-255,66,28200,9,243457
1464,0.000283,172.31.36.0-255,66,28266,9,243457
1465,0.000286,172.217.194.0-255,411,28677,9,243457
1466,0.000289,172.31.36.0-255,66,28743,9,243457
1467,0.00033,172.217.194.0-255,364,29107,9,243457
1468,0.000333,172.31.36.0-255,66,29173,9,243457
1469,0.000594,172.217.194.0-255,1484,30657,9,243457
1470,0.000599,172.31.36.0-255,66,30723,9,243457
1471,0.000606,172.217.194.0-255,2902,33625,9,243457
1472,0.00061,172.31.36.0-255,66,33691,9,243457
1473,0.000619,172.217.194.0-255,2902,36593,9,243457
1474,0.000622,172.31.36.0-255,66,36659,9,243457
1475,0.000649,172.217.194.0-255,2902,39561,9,243457
1476,0.000652,172.31.36.0-255,66,39627,9,243457
1477,0.000667,172.31.36.0-255,66,39693,9,243457
1478,0.000674,172.217.194.0-255,5738,45431,9,243457
1479,0.000676,172.31.36.0-255,66,45497,9,243457
1480,0.00071,172.217.194.0-255,5020,50517,9,243457
1481,0.000713,172.31.36.0-255,66,50583,9,243457
1482,0.001591,172.217.194.0-255,1484,52067,9,243457
1483,0.001601,172.217.194.0-255,2902,54969,9,243457
1484,0.001606,172.31.36.0-255,66,55035,9,243457
1485,0.001614,172.217.194.0-255,5738,60773,9,243457
1486,0.001616,172.31.36.0-255,66,60839,9,243457
1487,0.001631,172.217.194.0-255,7156,67995,9,243457
1488,0.001633,172.31.36.0-255,66,68061,9,243457
1489,0.001668,172.217.194.0-255,5738,73799,9,243457
1490,0.001671,172.31.36.0-255,66,73865,9,243457
1491,0.001676,172.217.194.0-255,1484,75349,9,243457
1492,0.001683,172.217.194.0-255,5738,81087,9,243457
1493,0.001685,172.31.36.0-255,66,81153,9,243457
1494,0.001709,172.217.194.0-255,3602,84755,9,243457
1495,0.001712,172.31.36.0-255,66,84821,9,243457
1496,0.001833,172.217.194.0-255,1484,86305,9,243457
1497,0.00184,172.217.194.0-255,2902,89207,9,243457
1498,0.001844,172.31.36.0-255,66,89273,9,243457
1499,0.00185,172.217.194.0-255,5738,95011,9,243457
1500,0.001852,172.31.36.0-255,66,95077,9,243457
1501,0.001896,172.31.36.0-255,66,95143,9,243457
1502,0.0019,172.217.194.0-255,2902,98045,9,243457
1503,0.001902,172.31.36.0-255,66,98111,9,243457
1504,0.001947,172.217.194.0-255,7156,105267,9,243457
1505,0.00195,172.31.36.0-255,66,105333,9,243457
1506,0.001973,172.217.194.0-255,766,106099,9,243457
1507,0.002107,172.217.194.0-255,1484,107583,9,243457
1508,0.002113,172.31.36.0-255,66,107649,9,243457
1509,0.002119,172.217.194.0-255,2902,110551,9,243457
1510,0.002121,172.31.36.0-255,66,110617,9,243457
1511,0.002133,172.217.194.0-255,5738,116355,9,243457
1512,0.002136,172.31.36.0-255,66,116421,9,243457
1513,0.002143,172.217.194.0-255,5738,122159,9,243457
1514,0.002145,172.31.36.0-255,66,122225,9,243457
1515,0.002191,172.31.36.0-255,66,122291,9,243457
1516,0.002197,172.217.194.0-255,5020,127311,9,243457
1517,0.002199,172.31.36.0-255,66,127377,9,243457
1518,0.004525,172.217.194.0-255,5738,133115,9,243457
1519,0.004533,172.31.36.0-255,66,133181,9,243457
1520,0.006815,172.217.194.0-255,5738,138919,9,243457
1521,0.006819,172.31.36.0-255,66,138985,9,243457
1522,0.009111,172.217.194.0-255,5738,144723,9,243457
1523,0.009119,172.31.36.0-255,66,144789,9,243457
1524,0.011435,172.217.194.0-255,5738,150527,9,243457
1525,0.011448,172.31.36.0-255,66,150593,9,243457
1526,0.013771,172.217.194.0-255,5738,156331,9,243457
1527,0.013787,172.31.36.0-255,66,156397,9,243457
1528,0.016122,172.217.194.0-255,5738,162135,9,243457
1529,0.016138,172.31.36.0-255,66,162201,9,243457
1530,0.018457,172.217.194.0-255,5738,167939,9,243457
1531,0.018471,172.31.36.0-255,66,168005,9,243457
1532,0.020778,172.217.194.0-255,5738,173743,9,243457
1533,0.020794,172.31.36.0-255,66,173809,9,243457
1534,0.02312,172.217.194.0-255,5738,179547,9,243457
1535,0.023135,172.31.36.0-255,66,179613,9,243457
1536,0.025443,172.217.194.0-255,5738,185351,9,243457
1537,0.025465,172.31.36.0-255,66,185417,9,243457
1538,0.027768,172.217.194.0-255,5738,191155,9,243457
1539,0.027789,172.31.36.0-255,66,191221,9,243457
1540,0.030109,172.217.194.0-255,5738,196959,9,243457
1541,0.030124,172.31.36.0-255,66,197025,9,243457
1542,0.032437,172.217.194.0-255,5738,202763,9,243457
1543,0.032457,172.31.36.0-255,66,202829,9,243457
1544,0.034758,172.217.194.0-255,5738,208567,9,243457
1545,0.034774,172.31.36.0-255,66,208633,9,243457
1546,0.037104,172.217.194.0-255,5738,214371,9,243457
1547,0.037121,172.31.36.0-255,66,214437,9,243457
1548,0.039443,172.217.194.0-255,5738,220175,9,243457
1549,0.039464,172.31.36.0-255,66,220241,9,243457
1550,0.04178,172.217.194.0-255,5738,225979,9,243457
1551,0.041797,172.31.36.0-255,66,226045,9,243457
1552,0.044134,172.217.194.0-255,5738,231783,9,243457
1553,0.044152,172.31.36.0-255,66,231849,9,243457
1554,0.046476,172.217.194.0-255,5738,237587,9,243457
1555,0.046494,172.31.36.0-255,66,237653,9,243457
1556,0.048808,172.217.194.0-255,5738,243391,9,243457
1557,0.048823,172.31.36.0-255,66,243457,9,243457
1558,0.0,172.217.194.0-255,152,152,9,274990
1559,1.7e-05,172.31.36.0-255,66,218,9,274990
1560,2.3e-05,172.217.194.0-255,1484,1702,9,274990
1561,2.8e-05,172.31.36.0-255,66,1768,9,274990
1562,3.4e-05,172.217.194.0-255,2902,4670,9,274990
1563,3.7e-05,172.31.36.0-255,66,4736,9,274990
1564,5.4e-05,172.217.194.0-255,7156,11892,9,274990
1565,5.8e-05,172.31.36.0-255,66,11958,9,274990
1566,6.3e-05,172.217.194.0-255,2147,14105,9,274990
1567,6.5e-05,172.31.36.0-255,66,14171,9,274990
1568,9.7e-05,172.217.194.0-255,2902,17073,9,274990
1569,0.0001,172.31.36.0-255,66,17139,9,274990
1570,0.000108,172.217.194.0-255,7156,24295,9,274990
1571,0.000111,172.31.36.0-255,66,24361,9,274990
1572,0.000123,172.217.194.0-255,6797,31158,9,274990
1573,0.000126,172.31.36.0-255,66,31224,9,274990
1574,0.000254,172.217.194.0-255,1484,32708,9,274990
1575,0.000259,172.31.36.0-255,66,32774,9,274990
1576,0.000264,172.217.194.0-255,2902,35676,9,274990
1577,0.000266,172.31.36.0-255,66,35742,9,274990
1578,0.000278,172.217.194.0-255,5738,41480,9,274990
1579,0.000281,172.31.36.0-255,66,41546,9,274990
1580,0.000319,172.217.194.0-255,6797,48343,9,274990
1581,0.000322,172.31.36.0-255,66,48409,9,274990
1582,0.000359,172.217.194.0-255,7156,55565,9,274990
1583,0.000362,172.31.36.0-255,66,55631,9,274990
1584,0.000369,172.217.194.0-255,5738,61369,9,274990
1585,0.000371,172.31.36.0-255,66,61435,9,274990
1586,0.000401,172.217.194.0-255,2902,64337,9,274990
1587,0.000405,172.31.36.0-255,66,64403,9,274990
1588,0.000408,172.217.194.0-255,1399,65802,9,274990
1589,0.00041,172.31.36.0-255,66,65868,9,274990
1590,0.000447,172.217.194.0-255,434,66302,9,274990
1591,0.000751,172.217.194.0-255,1484,67786,9,274990
1592,0.000757,172.31.36.0-255,66,67852,9,274990
1593,0.000763,172.217.194.0-255,2902,70754,9,274990
1594,0.000765,172.31.36.0-255,66,70820,9,274990
1595,0.000795,172.217.194.0-255,5738,76558,9,274990
1596,0.000798,172.31.36.0-255,66,76624,9,274990
1597,0.000801,172.217.194.0-255,1484,78108,9,274990
1598,0.000838,172.31.36.0-255,66,78174,9,274990
1599,0.00085,172.31.36.0-255,66,78240,9,274990
1600,0.000872,172.217.194.0-255,766,79006,9,274990
1601,0.001054,172.217.194.0-255,1484,80490,9,274990
1602,0.001059,172.31.36.0-255,66,80556,9,274990
1603,0.001064,172.217.194.0-255,2902,83458,9,274990
1604,0.001066,172.31.36.0-255,66,83524,9,274990
1605,0.001072,172.217.194.0-255,4320,87844,9,274990
1606,0.001079,172.31.36.0-255,66,87910,9,274990
1607,0.001108,172.217.194.0-255,1484,89394,9,274990
1608,0.001128,172.31.36.0-255,66,89460,9,274990
1609,0.001141,172.31.36.0-255,66,89526,9,274990
1610,0.001442,172.217.194.0-255,1484,91010,9,274990
1611,0.001448,172.217.194.0-255,2902,93912,9,274990
1612,0.001452,172.31.36.0-255,66,93978,9,274990
1613,0.00146,172.217.194.0-255,5738,99716,9,274990
1614,0.001462,172.31.36.0-255,66,99782,9,274990
1615,0.001466,172.217.194.0-255,2902,102684,9,274990
1616,0.001468,172.31.36.0-255,66,102750,9,274990
1617,0.001499,172.217.194.0-255,2902,105652,9,274990
1618,0.001502,172.31.36.0-255,66,105718,9,274990
1619,0.001516,172.31.36.0-255,66,105784,9,274990
1620,0.001526,172.217.194.0-255,5020,110804,9,274990
1621,0.001529,172.31.36.0-255,66,110870,9,274990
1622,0.001901,172.217.194.0-255,1484,112354,9,274990
1623,0.001909,172.217.194.0-255,2902,115256,9,274990
1624,0.001912,172.31.36.0-255,66,115322,9,274990
1625,0.001919,172.217.194.0-255,5738,121060,9,274990
1626,0.001921,172.31.36.0-255,66,121126,9,274990
1627,0.001961,172.31.36.0-255,66,121192,9,274990
1628,0.002001,172.31.36.0-255,66,121258,9,274990
1629,0.002035,172.217.194.0-255,1484,122742,9,274990
1630,0.002039,172.217.194.0-255,1484,124226,9,274990
1631,0.002042,172.31.36.0-255,66,124292,9,274990
1632,0.002075,172.217.194.0-255,1484,125776,9,274990
1633,0.002082,172.217.194.0-255,5738,131514,9,274990
1634,0.002113,172.31.36.0-255,66,131580,9,274990
1635,0.002162,172.31.36.0-255,66,131646,9,274990
1636,0.00217,172.217.194.0-255,7156,138802,9,274990
1637,0.002193,172.217.194.0-255,4320,143122,9,274990
1638,0.002205,172.217.194.0-255,7156,150278,9,274990
1639,0.002219,172.217.194.0-255,4320,154598,9,274990
1640,0.002222,172.31.36.0-255,66,154664,9,274990
1641,0.002281,172.217.194.0-255,1484,156148,9,274990
1642,0.002302,172.217.194.0-255,2902,159050,9,274990
1643,0.002314,172.217.194.0-255,1484,160534,9,274990
1644,0.002328,172.217.194.0-255,4320,164854,9,274990
1645,0.002347,172.217.194.0-255,5738,170592,9,274990
1646,0.002349,172.217.194.0-255,1484,172076,9,274990
1647,0.00239,172.217.194.0-255,5020,177096,9,274990
1648,0.00246,172.217.194.0-255,1484,178580,9,274990
1649,0.002465,172.217.194.0-255,2902,181482,9,274990
1650,0.002484,172.217.194.0-255,5738,187220,9,274990
1651,0.002504,172.217.194.0-255,5738,192958,9,274990
1652,0.002519,172.217.194.0-255,7156,200114,9,274990
1653,0.002537,172.217.194.0-255,2902,203016,9,274990
1654,0.002586,172.217.194.0-255,5738,208754,9,274990
1655,0.002611,172.217.194.0-255,7156,215910,9,274990
1656,0.007348,172.31.36.0-255,66,215976,9,274990
1657,0.009976,172.217.194.0-255,5738,221714,9,274990
1658,0.009983,172.31.36.0-255,66,221780,9,274990
1659,0.012629,172.217.194.0-255,5738,227518,9,274990
1660,0.012636,172.31.36.0-255,66,227584,9,274990
1661,0.015267,172.217.194.0-255,5738,233322,9,274990
1662,0.015274,172.31.36.0-255,66,233388,9,274990
1663,0.017889,172.217.194.0-255,5738,239126,9,274990
1664,0.017898,172.31.36.0-255,66,239192,9,274990
1665,0.020536,172.217.194.0-255,5738,244930,9,274990
1666,0.020545,172.31.36.0-255,66,244996,9,274990
1667,0.023152,172.217.194.0-255,5738,250734,9,274990
1668,0.023159,172.31.36.0-255,66,250800,9,274990
1669,0.025776,172.217.194.0-255,5738,256538,9,274990
1670,0.025784,172.31.36.0-255,66,256604,9,274990
1671,0.028388,172.217.194.0-255,5738,262342,9,274990
1672,0.028396,172.31.36.0-255,66,262408,9,274990
1673,0.030864,172.31.36.0-255,172,262580,9,274990
1674,0.030897,172.31.36.0-255,1116,263696,9,274990
1675,0.030955,172.31.36.0-255,1506,265202,9,274990
1676,0.031019,172.217.194.0-255,5738,270940,9,274990
1677,0.031026,172.31.36.0-255,66,271006,9,274990
1678,0.032425,104.244.42.0-255,66,271072,9,274990
1679,0.032433,104.244.42.0-255,66,271138,9,274990
1680,0.032554,104.244.42.0-255,66,271204,9,274990
1681,0.033625,172.217.194.0-255,3549,274753,9,274990
1682,0.03363,172.31.36.0-255,66,274819,9,274990
1683,0.033795,172.31.36.0-255,105,274924,9,274990
1684,0.036391,172.217.194.0-255,66,274990,9,274990
1685,0.0,172.217.194.0-255,149,149,9,276294
1686,3.4e-05,172.31.36.0-255,66,215,9,276294
1687,4.1e-05,172.217.194.0-255,1484,1699,9,276294
1688,4.5e-05,172.31.36.0-255,66,1765,9,276294
1689,4.9e-05,172.217.194.0-255,2902,4667,9,276294
1690,5.1e-05,172.31.36.0-255,66,4733,9,276294
1691,5.9e-05,172.217.194.0-255,7156,11889,9,276294
1692,6.2e-05,172.31.36.0-255,66,11955,9,276294
1693,0.000101,172.31.36.0-255,66,12021,9,276294
1694,0.000106,172.217.194.0-255,2543,14564,9,276294
1695,0.000108,172.31.36.0-255,66,14630,9,276294
1696,0.000129,172.217.194.0-255,1484,16114,9,276294
1697,0.000131,172.31.36.0-255,66,16180,9,276294
1698,0.000153,172.217.194.0-255,4320,20500,9,276294
1699,0.000156,172.31.36.0-255,66,20566,9,276294
1700,0.000162,172.217.194.0-255,7156,27722,9,276294
1701,0.000164,172.31.36.0-255,66,27788,9,276294
1702,0.000191,172.217.194.0-255,3961,31749,9,276294
1703,0.000194,172.31.36.0-255,66,31815,9,276294
1704,0.000232,172.217.194.0-255,4320,36135,9,276294
1705,0.000235,172.31.36.0-255,66,36201,9,276294
1706,0.000238,172.217.194.0-255,1484,37685,9,276294
1707,0.00024,172.31.36.0-255,66,37751,9,276294
1708,0.00026,172.217.194.0-255,4320,42071,9,276294
1709,0.000262,172.31.36.0-255,66,42137,9,276294
1710,0.000312,172.31.36.0-255,66,42203,9,276294
1711,0.000474,172.217.194.0-255,1484,43687,9,276294
1712,0.000479,172.31.36.0-255,66,43753,9,276294
1713,0.000504,172.217.194.0-255,2902,46655,9,276294
1714,0.000507,172.31.36.0-255,66,46721,9,276294
1715,0.000513,172.217.194.0-255,5738,52459,9,276294
1716,0.000515,172.31.36.0-255,66,52525,9,276294
1717,0.00053,172.217.194.0-255,1484,54009,9,276294
1718,0.000546,172.217.194.0-255,5379,59388,9,276294
1719,0.000552,172.31.36.0-255,66,59454,9,276294
1720,0.00059,172.217.194.0-255,7156,66610,9,276294
1721,0.000594,172.31.36.0-255,66,66676,9,276294
1722,0.000606,172.31.36.0-255,66,66742,9,276294
1723,0.00066,172.217.194.0-255,7156,73898,9,276294
1724,0.000663,172.31.36.0-255,66,73964,9,276294
1725,0.000691,172.31.36.0-255,66,74030,9,276294
1726,0.000971,172.217.194.0-255,1484,75514,9,276294
1727,0.000977,172.217.194.0-255,2902,78416,9,276294
1728,0.00098,172.31.36.0-255,66,78482,9,276294
1729,0.001014,172.217.194.0-255,5738,84220,9,276294
1730,0.001017,172.31.36.0-255,66,84286,9,276294
1731,0.001041,172.217.194.0-255,1484,85770,9,276294
1732,0.001076,172.31.36.0-255,66,85836,9,276294
1733,0.001083,172.217.194.0-255,7156,92992,9,276294
1734,0.001086,172.31.36.0-255,66,93058,9,276294
1735,0.0011,172.217.194.0-255,3602,96660,9,276294
1736,0.001104,172.31.36.0-255,66,96726,9,276294
1737,0.00161,172.217.194.0-255,1484,98210,9,276294
1738,0.00162,172.217.194.0-255,2902,101112,9,276294
1739,0.001624,172.31.36.0-255,66,101178,9,276294
1740,0.001631,172.217.194.0-255,5738,106916,9,276294
1741,0.001633,172.31.36.0-255,66,106982,9,276294
1742,0.001663,172.217.194.0-255,4320,111302,9,276294
1743,0.001666,172.31.36.0-255,66,111368,9,276294
1744,0.001684,172.217.194.0-255,7156,118524,9,276294
1745,0.001686,172.31.36.0-255,66,118590,9,276294
1746,0.001699,172.31.36.0-255,66,118656,9,276294
1747,0.00211,172.217.194.0-255,1484,120140,9,276294
1748,0.002118,172.217.194.0-255,2902,123042,9,276294
1749,0.002123,172.31.36.0-255,66,123108,9,276294
1750,0.00213,172.217.194.0-255,5738,128846,9,276294
1751,0.002132,172.31.36.0-255,66,128912,9,276294
1752,0.002188,172.217.194.0-255,5738,134650,9,276294
1753,0.002191,172.31.36.0-255,66,134716,9,276294
1754,0.002224,172.217.194.0-255,7156,141872,9,276294
1755,0.002228,172.31.36.0-255,66,141938,9,276294
1756,0.002239,172.31.36.0-255,66,142004,9,276294
1757,0.002266,172.217.194.0-255,7156,149160,9,276294
1758,0.002268,172.31.36.0-255,66,149226,9,276294
1759,0.002298,172.31.36.0-255,66,149292,9,276294
1760,0.002314,172.217.194.0-255,2902,152194,9,276294
1761,0.002315,172.31.36.0-255,66,152260,9,276294
1762,0.002326,172.31.36.0-255,66,152326,9,276294
1763,0.004636,172.217.194.0-255,5738,158064,9,276294
1764,0.004641,172.31.36.0-255,66,158130,9,276294
1765,0.006949,172.217.194.0-255,5738,163868,9,276294
1766,0.006956,172.31.36.0-255,66,163934,9,276294
1767,0.009268,172.217.194.0-255,5738,169672,9,276294
1768,0.009274,172.31.36.0-255,66,169738,9,276294
1769,0.011563,172.217.194.0-255,5738,175476,9,276294
1770,0.01157,172.31.36.0-255,66,175542,9,276294
1771,0.013876,172.217.194.0-255,5738,181280,9,276294
1772,0.013882,172.31.36.0-255,66,181346,9,276294
1773,0.016198,172.217.194.0-255,5738,187084,9,276294
1774,0.016209,172.31.36.0-255,66,187150,9,276294
1775,0.018524,172.217.194.0-255,5738,192888,9,276294
1776,0.018532,172.31.36.0-255,66,192954,9,276294
1777,0.020834,172.217.194.0-255,5738,198692,9,276294
1778,0.020841,172.31.36.0-255,66,198758,9,276294
1779,0.023137,172.217.194.0-255,2902,201660,9,276294
1780,0.023144,172.31.36.0-255,66,201726,9,276294
1781,0.023166,172.217.194.0-255,2902,204628,9,276294
1782,0.023169,172.31.36.0-255,66,204694,9,276294
1783,0.025464,172.217.194.0-255,5738,210432,9,276294
1784,0.025471,172.31.36.0-255,66,210498,9,276294
1785,0.027788,172.217.194.0-255,5738,216236,9,276294
1786,0.027796,172.31.36.0-255,66,216302,9,276294
1787,0.030126,172.217.194.0-255,5738,222040,9,276294
1788,0.030142,172.31.36.0-255,66,222106,9,276294
1789,0.032501,172.217.194.0-255,5738,227844,9,276294
1790,0.032517,172.31.36.0-255,66,227910,9,276294
1791,0.034807,172.217.194.0-255,5738,233648,9,276294
1792,0.034819,172.31.36.0-255,66,233714,9,276294
1793,0.035087,172.31.36.0-255,172,233886,9,276294
1794,0.035148,172.31.36.0-255,1117,235003,9,276294
1795,0.035395,172.31.36.0-255,1514,236517,9,276294
1796,0.035399,172.31.36.0-255,1514,238031,9,276294
1797,0.0354,172.31.36.0-255,1514,239545,9,276294
1798,0.035401,172.31.36.0-255,1514,241059,9,276294
1799,0.035435,172.31.36.0-255,1499,242558,9,276294
1800,0.036631,104.244.42.0-255,66,242624,9,276294
1801,0.036763,104.244.42.0-255,66,242690,9,276294
1802,0.037008,104.244.42.0-255,66,242756,9,276294
1803,0.037106,172.217.194.0-255,4320,247076,9,276294
1804,0.037111,172.31.36.0-255,66,247142,9,276294
1805,0.037145,104.244.42.0-255,66,247208,9,276294
1806,0.037148,172.217.194.0-255,1484,248692,9,276294
1807,0.039425,172.217.194.0-255,4320,253012,9,276294
1808,0.039431,172.31.36.0-255,66,253078,9,276294
1809,0.041706,172.217.194.0-255,5738,258816,9,276294
1810,0.041713,172.31.36.0-255,66,258882,9,276294
1811,0.044021,172.217.194.0-255,5738,264620,9,276294
1812,0.044027,172.31.36.0-255,66,264686,9,276294
1813,0.046325,172.217.194.0-255,5738,270424,9,276294
1814,0.04633,172.31.36.0-255,66,270490,9,276294
1815,0.048649,172.217.194.0-255,5738,276228,9,276294
1816,0.048654,172.31.36.0-255,66,276294,9,276294
1817,0.0,172.31.36.0-255,105,105,9,105
1818,0.0,172.217.194.0-255,153,153,9,269612
1819,3e-05,172.31.36.0-255,66,219,9,269612
1820,3.7e-05,172.217.194.0-255,1484,1703,9,269612
1821,4.1e-05,172.31.36.0-255,66,1769,9,269612
1822,5.5e-05,172.217.194.0-255,2902,4671,9,269612
1823,5.9e-05,172.31.36.0-255,66,4737,9,269612
1824,6.4e-05,172.217.194.0-255,4320,9057,9,269612
1825,6.7e-05,172.31.36.0-255,66,9123,9,269612
1826,9.5e-05,172.217.194.0-255,4975,14098,9,269612
1827,9.8e-05,172.31.36.0-255,66,14164,9,269612
1828,0.000298,172.217.194.0-255,1484,15648,9,269612
1829,0.000303,172.31.36.0-255,66,15714,9,269612
1830,0.000309,172.217.194.0-255,2902,18616,9,269612
1831,0.000311,172.31.36.0-255,66,18682,9,269612
1832,0.000344,172.217.194.0-255,5738,24420,9,269612
1833,0.000349,172.31.36.0-255,66,24486,9,269612
1834,0.000354,172.217.194.0-255,4320,28806,9,269612
1835,0.000357,172.31.36.0-255,66,28872,9,269612
1836,0.000387,172.217.194.0-255,2543,31415,9,269612
1837,0.000391,172.31.36.0-255,66,31481,9,269612
1838,0.000444,172.217.194.0-255,1484,32965,9,269612
1839,0.000449,172.31.36.0-255,66,33031,9,269612
1840,0.000457,172.217.194.0-255,2902,35933,9,269612
1841,0.00046,172.31.36.0-255,66,35999,9,269612
1842,0.000469,172.217.194.0-255,2902,38901,9,269612
1843,0.000472,172.31.36.0-255,66,38967,9,269612
1844,0.000497,172.217.194.0-255,2902,41869,9,269612
1845,0.000501,172.31.36.0-255,66,41935,9,269612
1846,0.000512,172.31.36.0-255,66,42001,9,269612
1847,0.000539,172.217.194.0-255,3961,45962,9,269612
1848,0.000542,172.31.36.0-255,66,46028,9,269612
1849,0.000548,172.217.194.0-255,4320,50348,9,269612
1850,0.000551,172.31.36.0-255,66,50414,9,269612
1851,0.000579,172.217.194.0-255,6797,57211,9,269612
1852,0.000582,172.31.36.0-255,66,57277,9,269612
1853,0.00067,172.217.194.0-255,647,57924,9,269612
1854,0.000779,172.31.36.0-255,66,57990,9,269612
1855,0.000832,172.217.194.0-255,1484,59474,9,269612
1856,0.000841,172.217.194.0-255,2902,62376,9,269612
1857,0.000843,172.31.36.0-255,66,62442,9,269612
1858,0.000862,172.217.194.0-255,5738,68180,9,269612
1859,0.000864,172.31.36.0-255,66,68246,9,269612
1860,0.000894,172.31.36.0-255,66,68312,9,269612
1861,0.000916,172.217.194.0-255,1484,69796,9,269612
1862,0.000928,172.31.36.0-255,66,69862,9,269612
1863,0.00148,172.217.194.0-255,1484,71346,9,269612
1864,0.001495,172.217.194.0-255,2902,74248,9,269612
1865,0.001499,172.31.36.0-255,66,74314,9,269612
1866,0.001528,172.217.194.0-255,2902,77216,9,269612
1867,0.00153,172.31.36.0-255,66,77282,9,269612
1868,0.001557,172.217.194.0-255,2902,80184,9,269612
1869,0.001559,172.31.36.0-255,66,80250,9,269612
1870,0.001564,172.217.194.0-255,5738,85988,9,269612
1871,0.001566,172.31.36.0-255,66,86054,9,269612
1872,0.001576,172.217.194.0-255,7156,93210,9,269612
1873,0.001578,172.31.36.0-255,66,93276,9,269612
1874,0.001586,172.31.36.0-255,66,93342,9,269612
1875,0.001606,172.217.194.0-255,2184,95526,9,269612
1876,0.001608,172.31.36.0-255,66,95592,9,269612
1877,0.001879,172.217.194.0-255,1484,97076,9,269612
1878,0.00189,172.217.194.0-255,2902,99978,9,269612
1879,0.001893,172.31.36.0-255,66,100044,9,269612
1880,0.001916,172.217.194.0-255,5738,105782,9,269612
1881,0.001918,172.31.36.0-255,66,105848,9,269612
1882,0.001951,172.31.36.0-255,66,105914,9,269612
1883,0.001987,172.217.194.0-255,4320,110234,9,269612
1884,0.001988,172.31.36.0-255,66,110300,9,269612
1885,0.002019,172.31.36.0-255,66,110366,9,269612
1886,0.002042,172.217.194.0-255,1484,111850,9,269612
1887,0.002046,172.217.194.0-255,2902,114752,9,269612
1888,0.002047,172.31.36.0-255,66,114818,9,269612
1889,0.00205,172.217.194.0-255,1484,116302,9,269612
1890,0.002072,172.217.194.0-255,4320,120622,9,269612
1891,0.002074,172.31.36.0-255,66,120688,9,269612
1892,0.002088,172.217.194.0-255,5738,126426,9,269612
1893,0.00209,172.31.36.0-255,66,126492,9,269612
1894,0.002121,172.217.194.0-255,7156,133648,9,269612
1895,0.002132,172.217.194.0-255,2902,136550,9,269612
1896,0.002152,172.217.194.0-255,5738,142288,9,269612
1897,0.002162,172.217.194.0-255,2184,144472,9,269612
1898,0.002302,172.217.194.0-255,1484,145956,9,269612
1899,0.002313,172.217.194.0-255,2902,148858,9,269612
1900,0.002323,172.217.194.0-255,1484,150342,9,269612
1901,0.002336,172.217.194.0-255,4320,154662,9,269612
1902,0.002339,172.217.194.0-255,1484,156146,9,269612
1903,0.002356,172.217.194.0-255,2902,159048,9,269612
1904,0.002361,172.217.194.0-255,4320,163368,9,269612
1905,0.005865,172.31.36.0-255,66,163434,9,269612
1906,0.008215,172.217.194.0-255,5738,169172,9,269612
1907,0.008223,172.31.36.0-255,66,169238,9,269612
1908,0.010567,172.217.194.0-255,5738,174976,9,269612
1909,0.010574,172.31.36.0-255,66,175042,9,269612
1910,0.012927,172.217.194.0-255,5738,180780,9,269612
1911,0.012934,172.31.36.0-255,66,180846,9,269612
1912,0.01529,172.217.194.0-255,5738,186584,9,269612
1913,0.015299,172.31.36.0-255,66,186650,9,269612
1914,0.017645,172.217.194.0-255,5738,192388,9,269612
1915,0.017653,172.31.36.0-255,66,192454,9,269612
1916,0.020002,172.217.194.0-255,5738,198192,9,269612
1917,0.020009,172.31.36.0-255,66,198258,9,269612
1918,0.02236,172.217.194.0-255,5738,203996,9,269612
1919,0.022368,172.31.36.0-255,66,204062,9,269612
1920,0.022486,172.31.36.0-255,172,204234,9,269612
1921,0.022511,172.31.36.0-255,1116,205350,9,269612
1922,0.022652,172.31.36.0-255,1506,206856,9,269612
1923,0.024064,104.244.42.0-255,66,206922,9,269612
1924,0.02407,104.244.42.0-255,66,206988,9,269612
1925,0.024245,104.244.42.0-255,66,207054,9,269612
1926,0.024695,172.217.194.0-255,4320,211374,9,269612
1927,0.0247,172.31.36.0-255,66,211440,9,269612
1928,0.024733,172.217.194.0-255,1484,212924,9,269612
1929,0.027061,172.217.194.0-255,4320,217244,9,269612
1930,0.027067,172.31.36.0-255,66,217310,9,269612
1931,0.029425,172.217.194.0-255,5738,223048,9,269612
1932,0.029431,172.31.36.0-255,66,223114,9,269612
1933,0.0318,172.217.194.0-255,5738,228852,9,269612
1934,0.031806,172.31.36.0-255,66,228918,9,269612
1935,0.034188,172.217.194.0-255,5738,234656,9,269612
1936,0.034193,172.31.36.0-255,66,234722,9,269612
1937,0.036534,172.217.194.0-255,5738,240460,9,269612
1938,0.036539,172.31.36.0-255,66,240526,9,269612
1939,0.038891,172.217.194.0-255,5738,246264,9,269612
1940,0.038897,172.31.36.0-255,66,246330,9,269612
1941,0.041212,172.217.194.0-255,5738,252068,9,269612
1942,0.041217,172.31.36.0-255,66,252134,9,269612
1943,0.043533,172.217.194.0-255,5738,257872,9,269612
1944,0.04354,172.31.36.0-255,66,257938,9,269612
1945,0.045876,172.217.194.0-255,5738,263676,9,269612
1946,0.045881,172.31.36.0-255,66,263742,9,269612
1947,0.048194,172.217.194.0-255,4320,268062,9,269612
1948,0.0482,172.31.36.0-255,66,268128,9,269612
1949,0.048234,172.217.194.0-255,1484,269612,9,269612
1950,0.0,74.125.200.0-255,153,153,9,288384
1951,2e-05,172.31.36.0-255,66,219,9,288384
1952,2.7e-05,74.125.200.0-255,1484,1703,9,288384
1953,3.1e-05,172.31.36.0-255,66,1769,9,288384
1954,3.6e-05,74.125.200.0-255,2902,4671,9,288384
1955,4.8e-05,172.31.36.0-255,66,4737,9,288384
1956,5.5e-05,74.125.200.0-255,7156,11893,9,288384
1957,5.8e-05,172.31.36.0-255,66,11959,9,288384
1958,6.2e-05,74.125.200.0-255,2048,14007,9,288384
1959,6.4e-05,172.31.36.0-255,66,14073,9,288384
1960,8.6e-05,74.125.200.0-255,2902,16975,9,288384
1961,9e-05,172.31.36.0-255,66,17041,9,288384
1962,9.4e-05,74.125.200.0-255,4320,21361,9,288384
1963,9.6e-05,172.31.36.0-255,66,21427,9,288384
1964,0.000134,74.125.200.0-255,2902,24329,9,288384
1965,0.000136,172.31.36.0-255,66,24395,9,288384
1966,0.000143,74.125.200.0-255,6797,31192,9,288384
1967,0.000145,172.31.36.0-255,66,31258,9,288384
1968,0.000202,74.125.200.0-255,1484,32742,9,288384
1969,0.000205,172.31.36.0-255,66,32808,9,288384
1970,0.000209,74.125.200.0-255,2902,35710,9,288384
1971,0.000211,172.31.36.0-255,66,35776,9,288384
1972,0.000231,74.125.200.0-255,5738,41514,9,288384
1973,0.000238,172.31.36.0-255,66,41580,9,288384
1974,0.000293,74.125.200.0-255,7156,48736,9,288384
1975,0.000295,172.31.36.0-255,66,48802,9,288384
1976,0.000323,74.125.200.0-255,3961,52763,9,288384
1977,0.000325,172.31.36.0-255,66,52829,9,288384
1978,0.000337,172.31.36.0-255,66,52895,9,288384
1979,0.00034,74.125.200.0-255,1435,54330,9,288384
1980,0.000342,172.31.36.0-255,66,54396,9,288384
1981,0.000345,74.125.200.0-255,110,54506,9,288384
1982,0.000396,74.125.200.0-255,333,54839,9,288384
1983,0.000497,74.125.200.0-255,1484,56323,9,288384
1984,0.000502,172.31.36.0-255,66,56389,9,288384
1985,0.000508,74.125.200.0-255,2902,59291,9,288384
1986,0.000512,172.31.36.0-255,66,59357,9,288384
1987,0.000514,74.125.200.0-255,1484,60841,9,288384
1988,0.000533,74.125.200.0-255,2902,63743,9,288384
1989,0.000536,172.31.36.0-255,66,63809,9,288384
1990,0.000562,74.125.200.0-255,4320,68129,9,288384
1991,0.000565,172.31.36.0-255,66,68195,9,288384
1992,0.000591,74.125.200.0-255,1484,69679,9,288384
1993,0.000597,74.125.200.0-255,5738,75417,9,288384
1994,0.0006,172.31.36.0-255,66,75483,9,288384
1995,0.000623,74.125.200.0-255,1484,76967,9,288384
1996,0.000629,74.125.200.0-255,5738,82705,9,288384
1997,0.000632,172.31.36.0-255,66,82771,9,288384
1998,0.000635,74.125.200.0-255,1484,84255,9,288384
1999,0.000662,74.125.200.0-255,5020,89275,9,288384
2000,0.000665,172.31.36.0-255,66,89341,9,288384
2001,0.001252,74.125.200.0-255,1484,90825,9,288384
2002,0.00126,74.125.200.0-255,2902,93727,9,288384
2003,0.001264,172.31.36.0-255,66,93793,9,288384
2004,0.001269,74.125.200.0-255,1484,95277,9,288384
2005,0.001291,74.125.200.0-255,1484,96761,9,288384
2006,0.001294,172.31.36.0-255,66,96827,9,288384
2007,0.0013,74.125.200.0-255,4320,101147,9,288384
2008,0.001303,172.31.36.0-255,66,101213,9,288384
2009,0.001348,172.31.36.0-255,66,101279,9,288384
2010,0.001354,74.125.200.0-255,4320,105599,9,288384
2011,0.001356,172.31.36.0-255,66,105665,9,288384
2012,0.00139,74.125.200.0-255,5738,111403,9,288384
2013,0.001394,172.31.36.0-255,66,111469,9,288384
2014,0.001399,74.125.200.0-255,3602,115071,9,288384
2015,0.0014,172.31.36.0-255,66,115137,9,288384
2016,0.001457,74.125.200.0-255,1484,116621,9,288384
2017,0.001481,74.125.200.0-255,1484,118105,9,288384
2018,0.001486,172.31.36.0-255,66,118171,9,288384
2019,0.001491,74.125.200.0-255,2902,121073,9,288384
2020,0.001493,172.31.36.0-255,66,121139,9,288384
2021,0.001505,74.125.200.0-255,5738,126877,9,288384
2022,0.001508,172.31.36.0-255,66,126943,9,288384
2023,0.001559,172.31.36.0-255,66,127009,9,288384
2024,0.001562,74.125.200.0-255,1484,128493,9,288384
2025,0.001566,74.125.200.0-255,2902,131395,9,288384
2026,0.001568,172.31.36.0-255,66,131461,9,288384
2027,0.001574,74.125.200.0-255,5020,136481,9,288384
2028,0.001578,172.31.36.0-255,66,136547,9,288384
2029,0.001602,74.125.200.0-255,1484,138031,9,288384
2030,0.001637,74.125.200.0-255,4320,142351,9,288384
2031,0.001641,172.31.36.0-255,66,142417,9,288384
2032,0.001652,172.31.36.0-255,66,142483,9,288384
2033,0.001665,74.125.200.0-255,2902,145385,9,288384
2034,0.001667,172.31.36.0-255,66,145451,9,288384
2035,0.001698,172.31.36.0-255,66,145517,9,288384
2036,0.001704,74.125.200.0-255,6438,151955,9,288384
2037,0.001706,172.31.36.0-255,66,152021,9,288384
2038,0.002141,74.125.200.0-255,1484,153505,9,288384
2039,0.002154,74.125.200.0-255,1484,154989,9,288384
2040,0.002158,172.31.36.0-255,66,155055,9,288384
2041,0.002183,74.125.200.0-255,1484,156539,9,288384
2042,0.002189,74.125.200.0-255,5738,162277,9,288384
2043,0.002193,74.125.200.0-255,2902,165179,9,288384
2044,0.002198,172.31.36.0-255,66,165245,9,288384
2045,0.002201,172.31.36.0-255,66,165311,9,288384
2046,0.002212,74.125.200.0-255,4320,169631,9,288384
2047,0.002214,172.31.36.0-255,66,169697,9,288384
2048,0.002229,172.31.36.0-255,66,169763,9,288384
2049,0.002287,74.125.200.0-255,5738,175501,9,288384
2050,0.00229,172.31.36.0-255,66,175567,9,288384
2051,0.002317,74.125.200.0-255,1484,177051,9,288384
2052,0.00232,74.125.200.0-255,766,177817,9,288384
2053,0.002322,172.31.36.0-255,66,177883,9,288384
2054,0.003014,172.31.36.0-255,101,177984,9,288384
2055,0.004848,74.125.200.0-255,2902,180886,9,288384
2056,0.004855,172.31.36.0-255,66,180952,9,288384
2057,0.004884,74.125.200.0-255,2902,183854,9,288384
2058,0.004888,172.31.36.0-255,66,183920,9,288384
2059,0.005529,74.125.200.0-255,66,183986,9,288384
2060,0.007406,74.125.200.0-255,2902,186888,9,288384
2061,0.007412,172.31.36.0-255,66,186954,9,288384
2062,0.007446,74.125.200.0-255,2902,189856,9,288384
2063,0.00745,172.31.36.0-255,66,189922,9,288384
2064,0.010004,74.125.200.0-255,2902,192824,9,288384
2065,0.010014,172.31.36.0-255,66,192890,9,288384
2066,0.010043,74.125.200.0-255,2902,195792,9,288384
2067,0.010047,172.31.36.0-255,66,195858,9,288384
2068,0.012571,74.125.200.0-255,2902,198760,9,288384
2069,0.012578,172.31.36.0-255,66,198826,9,288384
2070,0.012613,74.125.200.0-255,2902,201728,9,288384
2071,0.012618,172.31.36.0-255,66,201794,9,288384
2072,0.015123,74.125.200.0-255,2902,204696,9,288384
2073,0.015131,172.31.36.0-255,66,204762,9,288384
2074,0.015178,74.125.200.0-255,2902,207664,9,288384
2075,0.015184,172.31.36.0-255,66,207730,9,288384
2076,0.017691,74.125.200.0-255,2902,210632,9,288384
2077,0.0177,172.31.36.0-255,66,210698,9,288384
2078,0.017732,74.125.200.0-255,2902,213600,9,288384
2079,0.017736,172.31.36.0-255,66,213666,9,288384
2080,0.020256,74.125.200.0-255,2902,216568,9,288384
2081,0.020263,172.31.36.0-255,66,216634,9,288384
2082,0.020294,74.125.200.0-255,2902,219536,9,288384
2083,0.020298,172.31.36.0-255,66,219602,9,288384
2084,0.02281,74.125.200.0-255,2902,222504,9,288384
2085,0.022815,172.31.36.0-255,66,222570,9,288384
2086,0.022841,74.125.200.0-255,2902,225472,9,288384
2087,0.022843,172.31.36.0-255,66,225538,9,288384
2088,0.025364,74.125.200.0-255,2902,228440,9,288384
2089,0.025371,172.31.36.0-255,66,228506,9,288384
2090,0.025401,74.125.200.0-255,2902,231408,9,288384
2091,0.025405,172.31.36.0-255,66,231474,9,288384
2092,0.027922,74.125.200.0-255,2902,234376,9,288384
2093,0.02793,172.31.36.0-255,66,234442,9,288384
2094,0.027962,74.125.200.0-255,2902,237344,9,288384
2095,0.027966,172.31.36.0-255,66,237410,9,288384
2096,0.030453,172.31.36.0-255,167,237577,9,288384
2097,0.030494,74.125.200.0-255,2902,240479,9,288384
2098,0.030499,172.31.36.0-255,66,240545,9,288384
2099,0.030529,74.125.200.0-255,2902,243447,9,288384
2100,0.030534,172.31.36.0-255,66,243513,9,288384
2101,0.030557,172.31.36.0-255,1115,244628,9,288384
2102,0.030642,172.31.36.0-255,1514,246142,9,288384
2103,0.030644,172.31.36.0-255,1284,247426,9,288384
2104,0.032006,104.244.42.0-255,66,247492,9,288384
2105,0.032104,104.244.42.0-255,66,247558,9,288384
2106,0.032198,104.244.42.0-255,66,247624,9,288384
2107,0.033052,74.125.200.0-255,2902,250526,9,288384
2108,0.033056,172.31.36.0-255,66,250592,9,288384
2109,0.033084,74.125.200.0-255,2902,253494,9,288384
2110,0.033086,172.31.36.0-255,66,253560,9,288384
2111,0.035624,74.125.200.0-255,5738,259298,9,288384
2112,0.035629,172.31.36.0-255,66,259364,9,288384
2113,0.038194,74.125.200.0-255,5738,265102,9,288384
2114,0.038199,172.31.36.0-255,66,265168,9,288384
2115,0.040749,74.125.200.0-255,5738,270906,9,288384
2116,0.040755,172.31.36.0-255,66,270972,9,288384
2117,0.043309,74.125.200.0-255,5738,276710,9,288384
2118,0.043315,172.31.36.0-255,66,276776,9,288384
2119,0.045865,74.125.200.0-255,5738,282514,9,288384
2120,0.04587,172.31.36.0-255,66,282580,9,288384
2121,0.048428,74.125.200.0-255,5738,288318,9,288384
2122,0.048435,172.31.36.0-255,66,288384,9,288384
2123,0.0,172.217.194.0-255,153,153,9,291654
2124,1.9e-05,172.31.36.0-255,66,219,9,291654
2125,3.5e-05,172.217.194.0-255,1484,1703,9,291654
2126,4.1e-05,172.31.36.0-255,66,1769,9,291654
2127,4.6e-05,172.217.194.0-255,2902,4671,9,291654
2128,4.8e-05,172.31.36.0-255,66,4737,9,291654
2129,5.7e-05,172.217.194.0-255,2902,7639,9,291654
2130,6e-05,172.31.36.0-255,66,7705,9,291654
2131,8.4e-05,172.217.194.0-255,4320,12025,9,291654
2132,8.7e-05,172.31.36.0-255,66,12091,9,291654
2133,9.8e-05,172.31.36.0-255,66,12157,9,291654
2134,0.000113,172.217.194.0-255,4320,16477,9,291654
2135,0.000117,172.31.36.0-255,66,16543,9,291654
2136,0.000149,172.217.194.0-255,5379,21922,9,291654
2137,0.000153,172.31.36.0-255,66,21988,9,291654
2138,0.000193,172.217.194.0-255,1484,23472,9,291654
2139,0.000196,172.31.36.0-255,66,23538,9,291654
2140,0.000201,172.217.194.0-255,2902,26440,9,291654
2141,0.000203,172.31.36.0-255,66,26506,9,291654
2142,0.000207,172.217.194.0-255,2902,29408,9,291654
2143,0.000215,172.31.36.0-255,66,29474,9,291654
2144,0.000243,172.217.194.0-255,2902,32376,9,291654
2145,0.000245,172.31.36.0-255,66,32442,9,291654
2146,0.000252,172.217.194.0-255,6797,39239,9,291654
2147,0.000256,172.31.36.0-255,66,39305,9,291654
2148,0.000282,172.217.194.0-255,1484,40789,9,291654
2149,0.000285,172.31.36.0-255,66,40855,9,291654
2150,0.000289,172.217.194.0-255,1484,42339,9,291654
2151,0.000292,172.31.36.0-255,66,42405,9,291654
2152,0.000324,172.217.194.0-255,1484,43889,9,291654
2153,0.000328,172.31.36.0-255,66,43955,9,291654
2154,0.000335,172.217.194.0-255,5738,49693,9,291654
2155,0.000337,172.31.36.0-255,66,49759,9,291654
2156,0.000344,172.217.194.0-255,5738,55497,9,291654
2157,0.000349,172.31.36.0-255,66,55563,9,291654
2158,0.000371,172.217.194.0-255,1402,56965,9,291654
2159,0.000375,172.217.194.0-255,119,57084,9,291654
2160,0.000397,172.217.194.0-255,378,57462,9,291654
2161,0.000401,172.31.36.0-255,66,57528,9,291654
2162,0.000522,172.217.194.0-255,1484,59012,9,291654
2163,0.000527,172.217.194.0-255,2902,61914,9,291654
2164,0.00053,172.31.36.0-255,66,61980,9,291654
2165,0.000538,172.217.194.0-255,5738,67718,9,291654
2166,0.00054,172.31.36.0-255,66,67784,9,291654
2167,0.000591,172.217.194.0-255,6797,74581,9,291654
2168,0.000595,172.31.36.0-255,66,74647,9,291654
2169,0.000624,172.217.194.0-255,7156,81803,9,291654
2170,0.000627,172.31.36.0-255,66,81869,9,291654
2171,0.000661,172.31.36.0-255,66,81935,9,291654
2172,0.000686,172.217.194.0-255,1484,83419,9,291654
2173,0.000705,172.217.194.0-255,2902,86321,9,291654
2174,0.000709,172.31.36.0-255,66,86387,9,291654
2175,0.000715,172.217.194.0-255,5738,92125,9,291654
2176,0.000718,172.31.36.0-255,66,92191,9,291654
2177,0.000763,172.217.194.0-255,6797,98988,9,291654
2178,0.000768,172.31.36.0-255,66,99054,9,291654
2179,0.000961,172.217.194.0-255,1484,100538,9,291654
2180,0.000966,172.217.194.0-255,2902,103440,9,291654
2181,0.000969,172.31.36.0-255,66,103506,9,291654
2182,0.000974,172.217.194.0-255,2902,106408,9,291654
2183,0.000976,172.31.36.0-255,66,106474,9,291654
2184,0.000997,172.217.194.0-255,2902,109376,9,291654
2185,0.001,172.31.36.0-255,66,109442,9,291654
2186,0.001019,172.31.36.0-255,66,109508,9,291654
2187,0.001043,172.217.194.0-255,1484,110992,9,291654
2188,0.001081,172.31.36.0-255,66,111058,9,291654
2189,0.001177,172.217.194.0-255,1484,112542,9,291654
2190,0.00118,172.217.194.0-255,1484,114026,9,291654
2191,0.001183,172.31.36.0-255,66,114092,9,291654
2192,0.001201,172.217.194.0-255,1484,115576,9,291654
2193,0.001208,172.217.194.0-255,5738,121314,9,291654
2194,0.00121,172.31.36.0-255,66,121380,9,291654
2195,0.001214,172.217.194.0-255,1484,122864,9,291654
2196,0.001253,172.31.36.0-255,66,122930,9,291654
2197,0.00126,172.217.194.0-255,5738,128668,9,291654
2198,0.001261,172.31.36.0-255,66,128734,9,291654
2199,0.001316,172.31.36.0-255,66,128800,9,291654
2200,0.001337,172.31.36.0-255,66,128866,9,291654
2201,0.001396,172.217.194.0-255,1484,130350,9,291654
2202,0.001401,172.217.194.0-255,2902,133252,9,291654
2203,0.001403,172.31.36.0-255,66,133318,9,291654
2204,0.001473,172.217.194.0-255,5738,139056,9,291654
2205,0.001477,172.31.36.0-255,66,139122,9,291654
2206,0.001497,172.31.36.0-255,66,139188,9,291654
2207,0.00151,172.31.36.0-255,66,139254,9,291654
2208,0.001512,172.217.194.0-255,766,140020,9,291654
2209,0.002001,172.217.194.0-255,1484,141504,9,291654
2210,0.002005,172.31.36.0-255,66,141570,9,291654
2211,0.002011,172.217.194.0-255,2902,144472,9,291654
2212,0.002014,172.31.36.0-255,66,144538,9,291654
2213,0.002026,172.217.194.0-255,5738,150276,9,291654
2214,0.00203,172.31.36.0-255,66,150342,9,291654
2215,0.002033,172.217.194.0-255,1484,151826,9,291654
2216,0.002076,172.31.36.0-255,66,151892,9,291654
2217,0.002089,172.31.36.0-255,66,151958,9,291654
2218,0.002245,172.217.194.0-255,1484,153442,9,291654
2219,0.002261,172.217.194.0-255,2902,156344,9,291654
2220,0.002264,172.31.36.0-255,66,156410,9,291654
2221,0.002269,172.217.194.0-255,2902,159312,9,291654
2222,0.002271,172.31.36.0-255,66,159378,9,291654
2223,0.002291,172.217.194.0-255,2902,162280,9,291654
2224,0.002294,172.31.36.0-255,66,162346,9,291654
2225,0.002313,172.31.36.0-255,66,162412,9,291654
2226,0.00232,172.217.194.0-255,7156,169568,9,291654
2227,0.002322,172.31.36.0-255,66,169634,9,291654
2228,0.004587,172.217.194.0-255,5738,175372,9,291654
2229,0.004594,172.31.36.0-255,66,175438,9,291654
2230,0.006838,172.217.194.0-255,5738,181176,9,291654
2231,0.006843,172.31.36.0-255,66,181242,9,291654
2232,0.009127,172.217.194.0-255,5738,186980,9,291654
2233,0.009133,172.31.36.0-255,66,187046,9,291654
2234,0.011421,172.217.194.0-255,5738,192784,9,291654
2235,0.01143,172.31.36.0-255,66,192850,9,291654
2236,0.013714,172.217.194.0-255,5738,198588,9,291654
2237,0.013721,172.31.36.0-255,66,198654,9,291654
2238,0.016007,172.217.194.0-255,5738,204392,9,291654
2239,0.016014,172.31.36.0-255,66,204458,9,291654
2240,0.018282,172.217.194.0-255,5738,210196,9,291654
2241,0.018293,172.31.36.0-255,66,210262,9,291654
2242,0.020575,172.217.194.0-255,5738,216000,9,291654
2243,0.020581,172.31.36.0-255,66,216066,9,291654
2244,0.022844,172.217.194.0-255,5738,221804,9,291654
2245,0.022851,172.31.36.0-255,66,221870,9,291654
2246,0.025123,172.217.194.0-255,5738,227608,9,291654
2247,0.025129,172.31.36.0-255,66,227674,9,291654
2248,0.027417,172.217.194.0-255,5738,233412,9,291654
2249,0.027424,172.31.36.0-255,66,233478,9,291654
2250,0.029707,172.217.194.0-255,5738,239216,9,291654
2251,0.029714,172.31.36.0-255,66,239282,9,291654
2252,0.03199,172.217.194.0-255,5738,245020,9,291654
2253,0.031997,172.31.36.0-255,66,245086,9,291654
2254,0.034264,172.217.194.0-255,5738,250824,9,291654
2255,0.034271,172.31.36.0-255,66,250890,9,291654
2256,0.036535,172.217.194.0-255,5738,256628,9,291654
2257,0.036543,172.31.36.0-255,66,256694,9,291654
2258,0.038861,172.217.194.0-255,5738,262432,9,291654
2259,0.038868,172.31.36.0-255,66,262498,9,291654
2260,0.041124,172.217.194.0-255,5738,268236,9,291654
2261,0.041132,172.31.36.0-255,66,268302,9,291654
2262,0.043375,172.217.194.0-255,5738,274040,9,291654
2263,0.043394,172.31.36.0-255,66,274106,9,291654
2264,0.04567,172.217.194.0-255,5738,279844,9,291654
2265,0.045679,172.31.36.0-255,66,279910,9,291654
2266,0.04794,172.217.194.0-255,5738,285648,9,291654
2267,0.047947,172.31.36.0-255,66,285714,9,291654
2268,0.048655,172.31.36.0-255,176,285890,9,291654
2269,0.048684,172.31.36.0-255,1116,287006,9,291654
2270,0.048737,172.31.36.0-255,1514,288520,9,291654
2271,0.048757,172.31.36.0-255,1514,290034,9,291654
2272,0.048761,172.31.36.0-255,1514,291548,9,291654
2273,0.048777,172.31.36.0-255,106,291654,9,291654
2274,0.0,74.125.24.0-255,150,150,9,238989
2275,3.9e-05,172.31.36.0-255,66,216,9,238989
2276,4.6e-05,74.125.24.0-255,1484,1700,9,238989
2277,5e-05,172.31.36.0-255,66,1766,9,238989
2278,5.5e-05,74.125.24.0-255,2902,4668,9,238989
2279,5.7e-05,172.31.36.0-255,66,4734,9,238989
2280,7.2e-05,74.125.24.0-255,7156,11890,9,238989
2281,7.5e-05,172.31.36.0-255,66,11956,9,238989
2282,7.9e-05,74.125.24.0-255,2029,13985,9,238989
2283,8.2e-05,172.31.36.0-255,66,14051,9,238989
2284,0.00013,74.125.24.0-255,1484,15535,9,238989
2285,0.000134,172.31.36.0-255,66,15601,9,238989
2286,0.000158,74.125.24.0-255,2902,18503,9,238989
2287,0.000161,172.31.36.0-255,66,18569,9,238989
2288,0.00017,74.125.24.0-255,5738,24307,9,238989
2289,0.000172,172.31.36.0-255,66,24373,9,238989
2290,0.000199,74.125.24.0-255,6797,31170,9,238989
2291,0.000202,172.31.36.0-255,66,31236,9,238989
2292,0.000237,74.125.24.0-255,1484,32720,9,238989
2293,0.000247,172.31.36.0-255,66,32786,9,238989
2294,0.000253,74.125.24.0-255,2902,35688,9,238989
2295,0.000255,172.31.36.0-255,66,35754,9,238989
2296,0.00026,74.125.24.0-255,2902,38656,9,238989
2297,0.000263,172.31.36.0-255,66,38722,9,238989
2298,0.000292,74.125.24.0-255,2902,41624,9,238989
2299,0.000296,172.31.36.0-255,66,41690,9,238989
2300,0.000305,74.125.24.0-255,6797,48487,9,238989
2301,0.000307,172.31.36.0-255,66,48553,9,238989
2302,0.000568,74.125.24.0-255,1484,50037,9,238989
2303,0.000574,172.31.36.0-255,66,50103,9,238989
2304,0.00058,74.125.24.0-255,2902,53005,9,238989
2305,0.000582,172.31.36.0-255,66,53071,9,238989
2306,0.000587,74.125.24.0-255,5738,58809,9,238989
2307,0.00059,172.31.36.0-255,66,58875,9,238989
2308,0.000602,74.125.24.0-255,4320,63195,9,238989
2309,0.000605,172.31.36.0-255,66,63261,9,238989
2310,0.000643,74.125.24.0-255,2543,65804,9,238989
2311,0.000646,172.31.36.0-255,66,65870,9,238989
2312,0.000693,74.125.24.0-255,2902,68772,9,238989
2313,0.000698,172.31.36.0-255,66,68838,9,238989
2314,0.000725,74.125.24.0-255,4320,73158,9,238989
2315,0.00073,172.31.36.0-255,66,73224,9,238989
2316,0.000741,172.31.36.0-255,66,73290,9,238989
2317,0.0008,74.125.24.0-255,1706,74996,9,238989
2318,0.000804,172.31.36.0-255,66,75062,9,238989
2319,0.000849,74.125.24.0-255,1484,76546,9,238989
2320,0.000865,74.125.24.0-255,2902,79448,9,238989
2321,0.000869,172.31.36.0-255,66,79514,9,238989
2322,0.000872,74.125.24.0-255,1484,80998,9,238989
2323,0.0009,74.125.24.0-255,4320,85318,9,238989
2324,0.000904,172.31.36.0-255,66,85384,9,238989
2325,0.00091,74.125.24.0-255,4320,89704,9,238989
2326,0.000912,172.31.36.0-255,66,89770,9,238989
2327,0.000935,74.125.24.0-255,2543,92313,9,238989
2328,0.000938,172.31.36.0-255,66,92379,9,238989
2329,0.001851,74.125.24.0-255,1484,93863,9,238989
2330,0.00187,74.125.24.0-255,2902,96765,9,238989
2331,0.001875,172.31.36.0-255,66,96831,9,238989
2332,0.00188,74.125.24.0-255,4320,101151,9,238989
2333,0.001883,172.31.36.0-255,66,101217,9,238989
2334,0.001913,172.31.36.0-255,66,101283,9,238989
2335,0.001977,74.125.24.0-255,1484,102767,9,238989
2336,0.001997,74.125.24.0-255,3602,106369,9,238989
2337,0.003626,172.31.36.0-255,66,106435,9,238989
2338,0.00572,74.125.24.0-255,5738,112173,9,238989
2339,0.005733,172.31.36.0-255,66,112239,9,238989
2340,0.007804,74.125.24.0-255,5738,117977,9,238989
2341,0.00782,172.31.36.0-255,66,118043,9,238989
2342,0.009893,74.125.24.0-255,5738,123781,9,238989
2343,0.009908,172.31.36.0-255,66,123847,9,238989
2344,0.011995,74.125.24.0-255,5738,129585,9,238989
2345,0.012014,172.31.36.0-255,66,129651,9,238989
2346,0.014102,74.125.24.0-255,5738,135389,9,238989
2347,0.014118,172.31.36.0-255,66,135455,9,238989
2348,0.016219,74.125.24.0-255,5738,141193,9,238989
2349,0.016233,172.31.36.0-255,66,141259,9,238989
2350,0.018306,74.125.24.0-255,5738,146997,9,238989
2351,0.018318,172.31.36.0-255,66,147063,9,238989
2352,0.020398,74.125.24.0-255,5738,152801,9,238989
2353,0.020408,172.31.36.0-255,66,152867,9,238989
2354,0.022464,74.125.24.0-255,5738,158605,9,238989
2355,0.022471,172.31.36.0-255,66,158671,9,238989
2356,0.024562,74.125.24.0-255,5738,164409,9,238989
2357,0.02457,172.31.36.0-255,66,164475,9,238989
2358,0.026667,74.125.24.0-255,5738,170213,9,238989
2359,0.026677,172.31.36.0-255,66,170279,9,238989
2360,0.028714,74.125.24.0-255,5738,176017,9,238989
2361,0.028722,172.31.36.0-255,66,176083,9,238989
2362,0.03077,74.125.24.0-255,5738,181821,9,238989
2363,0.030778,172.31.36.0-255,66,181887,9,238989
2364,0.032835,74.125.24.0-255,5738,187625,9,238989
2365,0.032845,172.31.36.0-255,66,187691,9,238989
2366,0.034917,74.125.24.0-255,5738,193429,9,238989
2367,0.034923,172.31.36.0-255,66,193495,9,238989
2368,0.035882,172.31.36.0-255,190,193685,9,238989
2369,0.035918,172.31.36.0-255,1115,194800,9,238989
2370,0.036032,172.31.36.0-255,1514,196314,9,238989
2371,0.036035,172.31.36.0-255,1514,197828,9,238989
2372,0.036036,172.31.36.0-255,1514,199342,9,238989
2373,0.036037,172.31.36.0-255,107,199449,9,238989
2374,0.036968,74.125.24.0-255,5738,205187,9,238989
2375,0.036976,172.31.36.0-255,66,205253,9,238989
2376,0.037456,104.244.42.0-255,66,205319,9,238989
2377,0.037464,104.244.42.0-255,66,205385,9,238989
2378,0.03761,104.244.42.0-255,66,205451,9,238989
2379,0.037616,104.244.42.0-255,66,205517,9,238989
2380,0.03907,74.125.24.0-255,4320,209837,9,238989
2381,0.039076,172.31.36.0-255,66,209903,9,238989
2382,0.039109,74.125.24.0-255,1484,211387,9,238989
2383,0.041107,74.125.24.0-255,4320,215707,9,238989
2384,0.041114,172.31.36.0-255,66,215773,9,238989
2385,0.043152,74.125.24.0-255,5738,221511,9,238989
2386,0.043161,172.31.36.0-255,66,221577,9,238989
2387,0.045211,74.125.24.0-255,5738,227315,9,238989
2388,0.045218,172.31.36.0-255,66,227381,9,238989
2389,0.047305,74.125.24.0-255,5738,233119,9,238989
2390,0.047312,172.31.36.0-255,66,233185,9,238989
2391,0.04941,74.125.24.0-255,5738,238923,9,238989
2392,0.049417,172.31.36.0-255,66,238989,9,238989
2393,0.0,74.125.68.0-255,153,153,9,306437
2394,1.3e-05,172.31.36.0-255,66,219,9,306437
2395,2e-05,74.125.68.0-255,1484,1703,9,306437
2396,2.4e-05,172.31.36.0-255,66,1769,9,306437
2397,2.7e-05,74.125.68.0-255,1484,3253,9,306437
2398,3e-05,172.31.36.0-255,66,3319,9,306437
2399,5.4e-05,74.125.68.0-255,1484,4803,9,306437
2400,5.7e-05,172.31.36.0-255,66,4869,9,306437
2401,7e-05,74.125.68.0-255,5738,10607,9,306437
2402,7.3e-05,172.31.36.0-255,66,10673,9,306437
2403,7.9e-05,74.125.68.0-255,4946,15619,9,306437
2404,8.1e-05,172.31.36.0-255,66,15685,9,306437
2405,0.000133,74.125.68.0-255,5738,21423,9,306437
2406,0.000136,172.31.36.0-255,66,21489,9,306437
2407,0.000149,172.31.36.0-255,66,21555,9,306437
2408,0.000517,74.125.68.0-255,1484,23039,9,306437
2409,0.000523,172.31.36.0-255,66,23105,9,306437
2410,0.00053,74.125.68.0-255,2902,26007,9,306437
2411,0.000532,172.31.36.0-255,66,26073,9,306437
2412,0.000543,74.125.68.0-255,4320,30393,9,306437
2413,0.000545,172.31.36.0-255,66,30459,9,306437
2414,0.000601,172.31.36.0-255,66,30525,9,306437
2415,0.000606,74.125.68.0-255,2902,33427,9,306437
2416,0.000608,172.31.36.0-255,66,33493,9,306437
2417,0.000634,74.125.68.0-255,1484,34977,9,306437
2418,0.000637,172.31.36.0-255,66,35043,9,306437
2419,0.000681,172.31.36.0-255,66,35109,9,306437
2420,0.001065,74.125.68.0-255,114,35223,9,306437
2421,0.00107,172.31.36.0-255,66,35289,9,306437
2422,0.001073,74.125.68.0-255,328,35617,9,306437
2423,0.001148,172.31.36.0-255,66,35683,9,306437
2424,0.00201,74.125.68.0-255,1484,37167,9,306437
2425,0.002017,172.31.36.0-255,66,37233,9,306437
2426,0.002027,74.125.68.0-255,2902,40135,9,306437
2427,0.002039,74.125.68.0-255,5738,45873,9,306437
2428,0.002042,74.125.68.0-255,1484,47357,9,306437
2429,0.002061,74.125.68.0-255,2902,50259,9,306437
2430,0.002081,74.125.68.0-255,4320,54579,9,306437
2431,0.002092,74.125.68.0-255,1484,56063,9,306437
2432,0.002097,74.125.68.0-255,4320,60383,9,306437
2433,0.002116,74.125.68.0-255,5738,66121,9,306437
2434,0.002151,74.125.68.0-255,3602,69723,9,306437
2435,0.002667,74.125.68.0-255,1484,71207,9,306437
2436,0.00268,74.125.68.0-255,2902,74109,9,306437
2437,0.002703,74.125.68.0-255,4320,78429,9,306437
2438,0.002714,74.125.68.0-255,1484,79913,9,306437
2439,0.002717,74.125.68.0-255,1484,81397,9,306437
2440,0.00274,74.125.68.0-255,2902,84299,9,306437
2441,0.002745,74.125.68.0-255,5738,90037,9,306437
2442,0.002748,74.125.68.0-255,1484,91521,9,306437
2443,0.002751,74.125.68.0-255,1484,93005,9,306437
2444,0.002775,74.125.68.0-255,2902,95907,9,306437
2445,0.002797,74.125.68.0-255,4320,100227,9,306437
2446,0.002814,74.125.68.0-255,3602,103829,9,306437
2447,0.002897,74.125.68.0-255,1484,105313,9,306437
2448,0.002915,74.125.68.0-255,2902,108215,9,306437
2449,0.002918,74.125.68.0-255,1484,109699,9,306437
2450,0.002936,74.125.68.0-255,4320,114019,9,306437
2451,0.002968,74.125.68.0-255,5738,119757,9,306437
2452,0.00299,74.125.68.0-255,7156,126913,9,306437
2453,0.003038,74.125.68.0-255,2184,129097,9,306437
2454,0.003099,74.125.68.0-255,1484,130581,9,306437
2455,0.003118,74.125.68.0-255,2902,133483,9,306437
2456,0.003124,74.125.68.0-255,4320,137803,9,306437
2457,0.003156,74.125.68.0-255,7156,144959,9,306437
2458,0.003173,74.125.68.0-255,1484,146443,9,306437
2459,0.003177,74.125.68.0-255,2902,149345,9,306437
2460,0.003199,74.125.68.0-255,7156,156501,9,306437
2461,0.003222,74.125.68.0-255,5738,162239,9,306437
2462,0.003225,74.125.68.0-255,766,163005,9,306437
2463,0.003391,74.125.68.0-255,1484,164489,9,306437
2464,0.003406,74.125.68.0-255,2902,167391,9,306437
2465,0.00342,74.125.68.0-255,1484,168875,9,306437
2466,0.003424,74.125.68.0-255,2902,171777,9,306437
2467,0.003459,74.125.68.0-255,5738,177515,9,306437
2468,0.003464,74.125.68.0-255,2902,180417,9,306437
2469,0.003483,74.125.68.0-255,4320,184737,9,306437
2470,0.003518,74.125.68.0-255,1484,186221,9,306437
2471,0.003523,74.125.68.0-255,2184,188405,9,306437
2472,0.003566,74.125.68.0-255,4320,192725,9,306437
2473,0.003582,74.125.68.0-255,1484,194209,9,306437
2474,0.0036,74.125.68.0-255,7156,201365,9,306437
2475,0.003727,74.125.68.0-255,2902,204267,9,306437
2476,0.003779,74.125.68.0-255,7156,211423,9,306437
2477,0.003798,74.125.68.0-255,5738,217161,9,306437
2478,0.00382,74.125.68.0-255,2184,219345,9,306437
2479,0.004001,74.125.68.0-255,1484,220829,9,306437
2480,0.004009,74.125.68.0-255,2902,223731,9,306437
2481,0.004031,74.125.68.0-255,2902,226633,9,306437
2482,0.004037,74.125.68.0-255,4320,230953,9,306437
2483,0.004061,74.125.68.0-255,4320,235273,9,306437
2484,0.004083,74.125.68.0-255,4320,239593,9,306437
2485,0.004088,74.125.68.0-255,4320,243913,9,306437
2486,0.004112,74.125.68.0-255,5738,249651,9,306437
2487,0.004129,74.125.68.0-255,1484,251135,9,306437
2488,0.004148,74.125.68.0-255,2184,253319,9,306437
2489,0.004185,74.125.68.0-255,1484,254803,9,306437
2490,0.004207,74.125.68.0-255,2902,257705,9,306437
2491,0.004224,74.125.68.0-255,2902,260607,9,306437
2492,0.004253,74.125.68.0-255,2902,263509,9,306437
2493,0.004264,74.125.68.0-255,1484,264993,9,306437
2494,0.004269,74.125.68.0-255,2902,267895,9,306437
2495,0.00429,74.125.68.0-255,5738,273633,9,306437
2496,0.004329,74.125.68.0-255,3602,277235,9,306437
2497,0.004341,74.125.68.0-255,1484,278719,9,306437
2498,0.004355,74.125.68.0-255,2902,281621,9,306437
2499,0.004375,74.125.68.0-255,7156,288777,9,306437
2500,0.004392,74.125.68.0-255,2902,291679,9,306437
2501,0.004428,74.125.68.0-255,1484,293163,9,306437
2502,0.004509,74.125.68.0-255,1484,294647,9,306437
2503,0.004523,74.125.68.0-255,2902,297549,9,306437
2504,0.004544,74.125.68.0-255,4320,301869,9,306437
2505,0.004582,74.125.68.0-255,4226,306095,9,306437
2506,0.004612,74.125.68.0-255,105,306200,9,306437
2507,0.004893,172.31.36.0-255,66,306266,9,306437
2508,0.008671,172.31.36.0-255,105,306371,9,306437
2509,0.010866,74.125.68.0-255,66,306437,9,306437
2510,0.0,172.217.194.0-255,150,150,9,240531
2511,2.6e-05,172.31.36.0-255,66,216,9,240531
2512,3.3e-05,172.217.194.0-255,1484,1700,9,240531
2513,3.6e-05,172.31.36.0-255,66,1766,9,240531
2514,4.1e-05,172.217.194.0-255,2902,4668,9,240531
2515,4.4e-05,172.31.36.0-255,66,4734,9,240531
2516,5.1e-05,172.217.194.0-255,7156,11890,9,240531
2517,5.4e-05,172.31.36.0-255,66,11956,9,240531
2518,5.7e-05,172.217.194.0-255,1987,13943,9,240531
2519,6e-05,172.31.36.0-255,66,14009,9,240531
2520,8.2e-05,172.217.194.0-255,2902,16911,9,240531
2521,8.5e-05,172.31.36.0-255,66,16977,9,240531
2522,0.000115,172.31.36.0-255,66,17043,9,240531
2523,0.000129,172.31.36.0-255,66,17109,9,240531
2524,0.000177,172.31.36.0-255,66,17175,9,240531
2525,0.000926,172.217.194.0-255,1484,18659,9,240531
2526,0.000932,172.31.36.0-255,66,18725,9,240531
2527,0.000942,172.217.194.0-255,2902,21627,9,240531
2528,0.000944,172.31.36.0-255,66,21693,9,240531
2529,0.000951,172.217.194.0-255,5738,27431,9,240531
2530,0.000953,172.31.36.0-255,66,27497,9,240531
2531,0.000976,172.217.194.0-255,2902,30399,9,240531
2532,0.000978,172.31.36.0-255,66,30465,9,240531
2533,0.000997,172.217.194.0-255,3961,34426,9,240531
2534,0.001,172.31.36.0-255,66,34492,9,240531
2535,0.001008,172.217.194.0-255,7156,41648,9,240531
2536,0.00101,172.31.36.0-255,66,41714,9,240531
2537,0.001015,172.217.194.0-255,2902,44616,9,240531
2538,0.001017,172.31.36.0-255,66,44682,9,240531
2539,0.001057,172.31.36.0-255,66,44748,9,240531
2540,0.00107,172.31.36.0-255,66,44814,9,240531
2541,0.001257,172.217.194.0-255,1484,46298,9,240531
2542,0.001266,172.217.194.0-255,2902,49200,9,240531
2543,0.00127,172.31.36.0-255,66,49266,9,240531
2544,0.001277,172.217.194.0-255,4320,53586,9,240531
2545,0.001281,172.31.36.0-255,66,53652,9,240531
2546,0.001298,172.217.194.0-255,1484,55136,9,240531
2547,0.00133,172.217.194.0-255,6828,61964,9,240531
2548,0.001334,172.31.36.0-255,66,62030,9,240531
2549,0.00151,172.217.194.0-255,1484,63514,9,240531
2550,0.001516,172.217.194.0-255,2902,66416,9,240531
2551,0.001518,172.31.36.0-255,66,66482,9,240531
2552,0.001567,172.217.194.0-255,4320,70802,9,240531
2553,0.00157,172.31.36.0-255,66,70868,9,240531
2554,0.001581,172.217.194.0-255,1484,72352,9,240531
2555,0.001594,172.31.36.0-255,66,72418,9,240531
2556,0.001606,172.31.36.0-255,66,72484,9,240531
2557,0.001832,172.217.194.0-255,1484,73968,9,240531
2558,0.001836,172.217.194.0-255,1484,75452,9,240531
2559,0.001838,172.31.36.0-255,66,75518,9,240531
2560,0.001851,172.217.194.0-255,1484,77002,9,240531
2561,0.001857,172.217.194.0-255,4320,81322,9,240531
2562,0.001859,172.31.36.0-255,66,81388,9,240531
2563,0.001879,172.217.194.0-255,1484,82872,9,240531
2564,0.001888,172.31.36.0-255,66,82938,9,240531
2565,0.001907,172.217.194.0-255,4320,87258,9,240531
2566,0.00191,172.31.36.0-255,66,87324,9,240531
2567,0.001916,172.217.194.0-255,7156,94480,9,240531
2568,0.001919,172.31.36.0-255,66,94546,9,240531
2569,0.001933,172.217.194.0-255,1484,96030,9,240531
2570,0.001945,172.217.194.0-255,2184,98214,9,240531
2571,0.001948,172.31.36.0-255,66,98280,9,240531
2572,0.003936,172.217.194.0-255,2902,101182,9,240531
2573,0.003941,172.31.36.0-255,66,101248,9,240531
2574,0.00396,172.217.194.0-255,2902,104150,9,240531
2575,0.003963,172.31.36.0-255,66,104216,9,240531
2576,0.005959,172.217.194.0-255,5738,109954,9,240531
2577,0.005964,172.31.36.0-255,66,110020,9,240531
2578,0.007987,172.217.194.0-255,5738,115758,9,240531
2579,0.007994,172.31.36.0-255,66,115824,9,240531
2580,0.010013,172.217.194.0-255,5738,121562,9,240531
2581,0.01002,172.31.36.0-255,66,121628,9,240531
2582,0.012043,172.217.194.0-255,5738,127366,9,240531
2583,0.012051,172.31.36.0-255,66,127432,9,240531
2584,0.01404,172.217.194.0-255,5738,133170,9,240531
2585,0.01405,172.31.36.0-255,66,133236,9,240531
2586,0.016117,172.217.194.0-255,5738,138974,9,240531
2587,0.016126,172.31.36.0-255,66,139040,9,240531
2588,0.018144,172.217.194.0-255,5738,144778,9,240531
2589,0.018151,172.31.36.0-255,66,144844,9,240531
2590,0.020195,172.217.194.0-255,2902,147746,9,240531
2591,0.020203,172.31.36.0-255,66,147812,9,240531
2592,0.02024,172.217.194.0-255,2902,150714,9,240531
2593,0.020243,172.31.36.0-255,66,150780,9,240531
2594,0.02218,172.217.194.0-255,2902,153682,9,240531
2595,0.022186,172.31.36.0-255,66,153748,9,240531
2596,0.022242,172.217.194.0-255,2902,156650,9,240531
2597,0.022246,172.31.36.0-255,66,156716,9,240531
2598,0.024177,172.217.194.0-255,2902,159618,9,240531
2599,0.024184,172.31.36.0-255,66,159684,9,240531
2600,0.024246,172.217.194.0-255,2902,162586,9,240531
2601,0.024251,172.31.36.0-255,66,162652,9,240531
2602,0.026196,172.217.194.0-255,2902,165554,9,240531
2603,0.026203,172.31.36.0-255,66,165620,9,240531
2604,0.026276,172.217.194.0-255,2902,168522,9,240531
2605,0.026282,172.31.36.0-255,66,168588,9,240531
2606,0.028219,172.217.194.0-255,2902,171490,9,240531
2607,0.028226,172.31.36.0-255,66,171556,9,240531
2608,0.028275,172.217.194.0-255,2902,174458,9,240531
2609,0.028279,172.31.36.0-255,66,174524,9,240531
2610,0.029424,172.31.36.0-255,192,174716,9,240531
2611,0.029481,172.31.36.0-255,960,175676,9,240531
2612,0.029497,172.31.36.0-255,1514,177190,9,240531
2613,0.029498,172.31.36.0-255,1514,178704,9,240531
2614,0.0295,172.31.36.0-255,1514,180218,9,240531
2615,0.0295,172.31.36.0-255,515,180733,9,240531
2616,0.030212,172.217.194.0-255,2902,183635,9,240531
2617,0.030219,172.31.36.0-255,66,183701,9,240531
2618,0.030295,172.217.194.0-255,2902,186603,9,240531
2619,0.030299,172.31.36.0-255,66,186669,9,240531
2620,0.030961,104.244.42.0-255,66,186735,9,240531
2621,0.031053,104.244.42.0-255,66,186801,9,240531
2622,0.031056,104.244.42.0-255,66,186867,9,240531
2623,0.031059,104.244.42.0-255,66,186933,9,240531
2624,0.03223,172.217.194.0-255,2902,189835,9,240531
2625,0.032235,172.31.36.0-255,66,189901,9,240531
2626,0.032303,172.217.194.0-255,2902,192803,9,240531
2627,0.032308,172.31.36.0-255,66,192869,9,240531
2628,0.034232,172.217.194.0-255,2902,195771,9,240531
2629,0.034238,172.31.36.0-255,66,195837,9,240531
2630,0.034317,172.217.194.0-255,2902,198739,9,240531
2631,0.034322,172.31.36.0-255,66,198805,9,240531
2632,0.034504,104.244.42.0-255,108,198913,9,240531
2633,0.034512,172.31.36.0-255,66,198979,9,240531
2634,0.036227,172.217.194.0-255,2902,201881,9,240531
2635,0.036232,172.31.36.0-255,66,201947,9,240531
2636,0.036297,172.217.194.0-255,2902,204849,9,240531
2637,0.036301,172.31.36.0-255,66,204915,9,240531
2638,0.038228,172.217.194.0-255,2902,207817,9,240531
2639,0.038233,172.31.36.0-255,66,207883,9,240531
2640,0.038303,172.217.194.0-255,2902,210785,9,240531
2641,0.038308,172.31.36.0-255,66,210851,9,240531
2642,0.040216,172.217.194.0-255,2902,213753,9,240531
2643,0.040235,172.31.36.0-255,66,213819,9,240531
2644,0.040324,172.217.194.0-255,2902,216721,9,240531
2645,0.040329,172.31.36.0-255,66,216787,9,240531
2646,0.042223,172.217.194.0-255,2902,219689,9,240531
2647,0.042228,172.31.36.0-255,66,219755,9,240531
2648,0.042314,172.217.194.0-255,2902,222657,9,240531
2649,0.042321,172.31.36.0-255,66,222723,9,240531
2650,0.044245,172.217.194.0-255,2902,225625,9,240531
2651,0.04425,172.31.36.0-255,66,225691,9,240531
2652,0.044346,172.217.194.0-255,2902,228593,9,240531
2653,0.044351,172.31.36.0-255,66,228659,9,240531
2654,0.046291,172.217.194.0-255,2902,231561,9,240531
2655,0.046296,172.31.36.0-255,66,231627,9,240531
2656,0.046344,172.217.194.0-255,2902,234529,9,240531
2657,0.046349,172.31.36.0-255,66,234595,9,240531
2658,0.048286,172.217.194.0-255,2902,237497,9,240531
2659,0.048292,172.31.36.0-255,66,237563,9,240531
2660,0.048372,172.217.194.0-255,2902,240465,9,240531
2661,0.048377,172.31.36.0-255,66,240531,9,240531
2662,0.0,172.217.194.0-255,154,154,9,237395
2663,2.3e-05,172.31.36.0-255,66,220,9,237395
2664,3e-05,172.217.194.0-255,1484,1704,9,237395
2665,3.5e-05,172.31.36.0-255,66,1770,9,237395
2666,4.1e-05,172.217.194.0-255,2902,4672,9,237395
2667,5.1e-05,172.31.36.0-255,66,4738,9,237395
2668,5.7e-05,172.217.194.0-255,4320,9058,9,237395
2669,6.1e-05,172.31.36.0-255,66,9124,9,237395
2670,6.5e-05,172.217.194.0-255,1484,10608,9,237395
2671,6.8e-05,172.31.36.0-255,66,10674,9,237395
2672,0.000118,172.31.36.0-255,66,10740,9,237395
2673,0.000139,172.31.36.0-255,66,10806,9,237395
2674,0.000166,172.217.194.0-255,1484,12290,9,237395
2675,0.000168,172.31.36.0-255,66,12356,9,237395
2676,0.000173,172.217.194.0-255,2902,15258,9,237395
2677,0.000175,172.31.36.0-255,66,15324,9,237395
2678,0.000186,172.217.194.0-255,5738,21062,9,237395
2679,0.000188,172.31.36.0-255,66,21128,9,237395
2680,0.000192,172.217.194.0-255,1484,22612,9,237395
2681,0.000194,172.31.36.0-255,66,22678,9,237395
2682,0.000241,172.31.36.0-255,66,22744,9,237395
2683,0.000282,172.217.194.0-255,7156,29900,9,237395
2684,0.000284,172.31.36.0-255,66,29966,9,237395
2685,0.000305,172.217.194.0-255,3915,33881,9,237395
2686,0.000307,172.31.36.0-255,66,33947,9,237395
2687,0.000311,172.217.194.0-255,99,34046,9,237395
2688,0.000313,172.31.36.0-255,66,34112,9,237395
2689,0.000339,172.217.194.0-255,362,34474,9,237395
2690,0.000341,172.31.36.0-255,66,34540,9,237395
2691,0.000431,172.217.194.0-255,1484,36024,9,237395
2692,0.000452,172.217.194.0-255,2902,38926,9,237395
2693,0.000455,172.31.36.0-255,66,38992,9,237395
2694,0.00046,172.217.194.0-255,2902,41894,9,237395
2695,0.000462,172.31.36.0-255,66,41960,9,237395
2696,0.000486,172.217.194.0-255,2902,44862,9,237395
2697,0.000489,172.31.36.0-255,66,44928,9,237395
2698,0.000501,172.217.194.0-255,6248,51176,9,237395
2699,0.000503,172.31.36.0-255,66,51242,9,237395
2700,0.000631,172.217.194.0-255,1484,52726,9,237395
2701,0.000637,172.217.194.0-255,2902,55628,9,237395
2702,0.00064,172.31.36.0-255,66,55694,9,237395
2703,0.000669,172.217.194.0-255,5738,61432,9,237395
2704,0.000672,172.31.36.0-255,66,61498,9,237395
2705,0.000683,172.217.194.0-255,1484,62982,9,237395
2706,0.000702,172.217.194.0-255,4320,67302,9,237395
2707,0.000705,172.31.36.0-255,66,67368,9,237395
2708,0.000738,172.217.194.0-255,7156,74524,9,237395
2709,0.000741,172.31.36.0-255,66,74590,9,237395
2710,0.000745,172.217.194.0-255,1484,76074,9,237395
2711,0.000774,172.31.36.0-255,66,76140,9,237395
2712,0.00141,172.217.194.0-255,1484,77624,9,237395
2713,0.001416,172.217.194.0-255,1484,79108,9,237395
2714,0.001419,172.31.36.0-255,66,79174,9,237395
2715,0.001434,172.217.194.0-255,1484,80658,9,237395
2716,0.001444,172.217.194.0-255,4320,84978,9,237395
2717,0.001446,172.31.36.0-255,66,85044,9,237395
2718,0.00147,172.217.194.0-255,1484,86528,9,237395
2719,0.001477,172.217.194.0-255,7156,93684,9,237395
2720,0.00148,172.31.36.0-255,66,93750,9,237395
2721,0.0015,172.217.194.0-255,5738,99488,9,237395
2722,0.001507,172.31.36.0-255,66,99554,9,237395
2723,0.00152,172.31.36.0-255,66,99620,9,237395
2724,0.003587,172.217.194.0-255,5738,105358,9,237395
2725,0.003595,172.31.36.0-255,66,105424,9,237395
2726,0.00569,172.217.194.0-255,5738,111162,9,237395
2727,0.005696,172.31.36.0-255,66,111228,9,237395
2728,0.00775,172.217.194.0-255,5738,116966,9,237395
2729,0.007762,172.31.36.0-255,66,117032,9,237395
2730,0.00984,172.217.194.0-255,5738,122770,9,237395
2731,0.009856,172.31.36.0-255,66,122836,9,237395
2732,0.011946,172.217.194.0-255,5738,128574,9,237395
2733,0.011961,172.31.36.0-255,66,128640,9,237395
2734,0.014046,172.217.194.0-255,5738,134378,9,237395
2735,0.014058,172.31.36.0-255,66,134444,9,237395
2736,0.016147,172.217.194.0-255,5738,140182,9,237395
2737,0.016162,172.31.36.0-255,66,140248,9,237395
2738,0.018252,172.217.194.0-255,5738,145986,9,237395
2739,0.018266,172.31.36.0-255,66,146052,9,237395
2740,0.020344,172.217.194.0-255,5738,151790,9,237395
2741,0.020353,172.31.36.0-255,66,151856,9,237395
2742,0.02243,172.217.194.0-255,5738,157594,9,237395
2743,0.02244,172.31.36.0-255,66,157660,9,237395
2744,0.024556,172.217.194.0-255,5738,163398,9,237395
2745,0.024569,172.31.36.0-255,66,163464,9,237395
2746,0.026646,172.217.194.0-255,5738,169202,9,237395
2747,0.026658,172.31.36.0-255,66,169268,9,237395
2748,0.028719,172.217.194.0-255,5738,175006,9,237395
2749,0.02873,172.31.36.0-255,66,175072,9,237395
2750,0.030829,172.217.194.0-255,5738,180810,9,237395
2751,0.030839,172.31.36.0-255,66,180876,9,237395
2752,0.032196,172.31.36.0-255,172,181048,9,237395
2753,0.03223,172.31.36.0-255,1115,182163,9,237395
2754,0.032291,172.31.36.0-255,1514,183677,9,237395
2755,0.032293,172.31.36.0-255,1284,184961,9,237395
2756,0.032927,172.217.194.0-255,5738,190699,9,237395
2757,0.032935,172.31.36.0-255,66,190765,9,237395
2758,0.033763,104.244.42.0-255,66,190831,9,237395
2759,0.033798,104.244.42.0-255,66,190897,9,237395
2760,0.033843,104.244.42.0-255,66,190963,9,237395
2761,0.035027,172.217.194.0-255,5738,196701,9,237395
2762,0.035032,172.31.36.0-255,66,196767,9,237395
2763,0.037112,172.217.194.0-255,5738,202505,9,237395
2764,0.037122,172.31.36.0-255,66,202571,9,237395
2765,0.039199,172.217.194.0-255,5738,208309,9,237395
2766,0.039207,172.31.36.0-255,66,208375,9,237395
2767,0.041287,172.217.194.0-255,5738,214113,9,237395
2768,0.041294,172.31.36.0-255,66,214179,9,237395
2769,0.043387,172.217.194.0-255,5738,219917,9,237395
2770,0.043395,172.31.36.0-255,66,219983,9,237395
2771,0.045463,172.217.194.0-255,5738,225721,9,237395
2772,0.045468,172.31.36.0-255,66,225787,9,237395
2773,0.047563,172.217.194.0-255,5738,231525,9,237395
2774,0.04757,172.31.36.0-255,66,231591,9,237395
2775,0.049648,172.217.194.0-255,5738,237329,9,237395
2776,0.049655,172.31.36.0-255,66,237395,9,237395
2777,0.0,172.217.194.0-255,152,152,9,165912
2778,1.9e-05,172.31.36.0-255,66,218,9,165912
2779,2.6e-05,172.217.194.0-255,1484,1702,9,165912
2780,3.1e-05,172.31.36.0-255,66,1768,9,165912
2781,4.4e-05,172.217.194.0-255,2902,4670,9,165912
2782,4.7e-05,172.31.36.0-255,66,4736,9,165912
2783,5.5e-05,172.217.194.0-255,7156,11892,9,165912
2784,5.8e-05,172.31.36.0-255,66,11958,9,165912
2785,6.3e-05,172.217.194.0-255,2092,14050,9,165912
2786,6.6e-05,172.31.36.0-255,66,14116,9,165912
2787,0.000116,172.217.194.0-255,1484,15600,9,165912
2788,0.000118,172.31.36.0-255,66,15666,9,165912
2789,0.000147,172.217.194.0-255,2902,18568,9,165912
2790,0.000149,172.31.36.0-255,66,18634,9,165912
2791,0.000156,172.217.194.0-255,5738,24372,9,165912
2792,0.000158,172.31.36.0-255,66,24438,9,165912
2793,0.00017,172.217.194.0-255,5738,30176,9,165912
2794,0.000173,172.31.36.0-255,66,30242,9,165912
2795,0.000201,172.217.194.0-255,1125,31367,9,165912
2796,0.000204,172.31.36.0-255,66,31433,9,165912
2797,0.000239,172.217.194.0-255,1484,32917,9,165912
2798,0.000241,172.31.36.0-255,66,32983,9,165912
2799,0.000245,172.217.194.0-255,1484,34467,9,165912
2800,0.000247,172.31.36.0-255,66,34533,9,165912
2801,0.000268,172.217.194.0-255,2902,37435,9,165912
2802,0.000271,172.31.36.0-255,66,37501,9,165912
2803,0.000281,172.217.194.0-255,4320,41821,9,165912
2804,0.000284,172.31.36.0-255,66,41887,9,165912
2805,0.00029,172.217.194.0-255,5738,47625,9,165912
2806,0.000292,172.31.36.0-255,66,47691,9,165912
2807,0.000346,172.31.36.0-255,66,47757,9,165912
2808,0.000352,172.217.194.0-255,5379,53136,9,165912
2809,0.000354,172.31.36.0-255,66,53202,9,165912
2810,0.000357,172.217.194.0-255,341,53543,9,165912
2811,0.000365,172.217.194.0-255,402,53945,9,165912
2812,0.000466,172.217.194.0-255,1484,55429,9,165912
2813,0.00047,172.31.36.0-255,66,55495,9,165912
2814,0.000475,172.217.194.0-255,2902,58397,9,165912
2815,0.000478,172.31.36.0-255,66,58463,9,165912
2816,0.000481,172.217.194.0-255,1484,59947,9,165912
2817,0.000518,172.217.194.0-255,4320,64267,9,165912
2818,0.00052,172.31.36.0-255,66,64333,9,165912
2819,0.000541,172.31.36.0-255,66,64399,9,165912
2820,0.000581,172.31.36.0-255,66,64465,9,165912
2821,0.000602,172.217.194.0-255,1125,65590,9,165912
2822,0.000753,172.217.194.0-255,1484,67074,9,165912
2823,0.000758,172.31.36.0-255,66,67140,9,165912
2824,0.000764,172.217.194.0-255,2902,70042,9,165912
2825,0.000767,172.31.36.0-255,66,70108,9,165912
2826,0.000779,172.217.194.0-255,5738,75846,9,165912
2827,0.000781,172.31.36.0-255,66,75912,9,165912
2828,0.000788,172.217.194.0-255,5738,81650,9,165912
2829,0.00079,172.31.36.0-255,66,81716,9,165912
2830,0.000842,172.31.36.0-255,66,81782,9,165912
2831,0.000848,172.217.194.0-255,5020,86802,9,165912
2832,0.000851,172.31.36.0-255,66,86868,9,165912
2833,0.001123,172.217.194.0-255,1484,88352,9,165912
2834,0.00113,172.217.194.0-255,2902,91254,9,165912
2835,0.001133,172.31.36.0-255,66,91320,9,165912
2836,0.001137,172.217.194.0-255,1484,92804,9,165912
2837,0.001166,172.217.194.0-255,4320,97124,9,165912
2838,0.001168,172.31.36.0-255,66,97190,9,165912
2839,0.001187,172.31.36.0-255,66,97256,9,165912
2840,0.001199,172.31.36.0-255,66,97322,9,165912
2841,0.001224,172.217.194.0-255,2184,99506,9,165912
2842,0.00123,172.31.36.0-255,66,99572,9,165912
2843,0.001346,172.217.194.0-255,1484,101056,9,165912
2844,0.001352,172.217.194.0-255,2902,103958,9,165912
2845,0.001355,172.31.36.0-255,66,104024,9,165912
2846,0.001363,172.217.194.0-255,5738,109762,9,165912
2847,0.001365,172.31.36.0-255,66,109828,9,165912
2848,0.001409,172.31.36.0-255,66,109894,9,165912
2849,0.001441,172.217.194.0-255,7156,117050,9,165912
2850,0.001445,172.31.36.0-255,66,117116,9,165912
2851,0.001473,172.217.194.0-255,3602,120718,9,165912
2852,0.001476,172.31.36.0-255,66,120784,9,165912
2853,0.001554,172.217.194.0-255,1484,122268,9,165912
2854,0.001559,172.217.194.0-255,2902,125170,9,165912
2855,0.001563,172.31.36.0-255,66,125236,9,165912
2856,0.001569,172.217.194.0-255,4320,129556,9,165912
2857,0.001572,172.31.36.0-255,66,129622,9,165912
2858,0.001597,172.217.194.0-255,1484,131106,9,165912
2859,0.001609,172.31.36.0-255,66,131172,9,165912
2860,0.001665,172.31.36.0-255,66,131238,9,165912
2861,0.001692,172.217.194.0-255,1484,132722,9,165912
2862,0.001696,172.217.194.0-255,2902,135624,9,165912
2863,0.001699,172.217.194.0-255,1484,137108,9,165912
2864,0.001703,172.31.36.0-255,66,137174,9,165912
2865,0.001732,172.217.194.0-255,4320,141494,9,165912
2866,0.001735,172.31.36.0-255,66,141560,9,165912
2867,0.001759,172.31.36.0-255,66,141626,9,165912
2868,0.00177,172.31.36.0-255,66,141692,9,165912
2869,0.001773,172.217.194.0-255,766,142458,9,165912
2870,0.001847,172.217.194.0-255,1484,143942,9,165912
2871,0.001851,172.31.36.0-255,66,144008,9,165912
2872,0.001856,172.217.194.0-255,2902,146910,9,165912
2873,0.001858,172.31.36.0-255,66,146976,9,165912
2874,0.001862,172.217.194.0-255,1484,148460,9,165912
2875,0.001891,172.217.194.0-255,4320,152780,9,165912
2876,0.001894,172.31.36.0-255,66,152846,9,165912
2877,0.001908,172.31.36.0-255,66,152912,9,165912
2878,0.001923,172.31.36.0-255,66,152978,9,165912
2879,0.001998,172.31.36.0-255,66,153044,9,165912
2880,0.002009,172.31.36.0-255,66,153110,9,165912
2881,0.00203,172.31.36.0-255,66,153176,9,165912
2882,0.002035,172.217.194.0-255,2902,156078,9,165912
2883,0.002037,172.31.36.0-255,66,156144,9,165912
2884,0.002104,172.31.36.0-255,66,156210,9,165912
2885,0.002123,172.31.36.0-255,66,156276,9,165912
2886,0.002143,172.31.36.0-255,66,156342,9,165912
2887,0.002164,172.31.36.0-255,66,156408,9,165912
2888,0.002186,172.31.36.0-255,66,156474,9,165912
2889,0.002189,172.217.194.0-255,105,156579,9,165912
2890,0.004762,172.31.36.0-255,66,156645,9,165912
2891,0.004799,172.31.36.0-255,105,156750,9,165912
2892,0.00709,172.217.194.0-255,66,156816,9,165912
2893,0.036358,172.31.36.0-255,172,156988,9,165912
2894,0.03639,172.31.36.0-255,1117,158105,9,165912
2895,0.036458,172.31.36.0-255,1514,159619,9,165912
2896,0.03646,172.31.36.0-255,1514,161133,9,165912
2897,0.036465,172.31.36.0-255,1514,162647,9,165912
2898,0.036466,172.31.36.0-255,1514,164161,9,165912
2899,0.036486,172.31.36.0-255,1487,165648,9,165912
2900,0.037879,104.244.42.0-255,66,165714,9,165912
2901,0.037907,104.244.42.0-255,66,165780,9,165912
2902,0.038019,104.244.42.0-255,66,165846,9,165912
2903,0.038048,104.244.42.0-255,66,165912,9,165912
2904,0.0,172.217.194.0-255,153,153,9,188287
2905,3.5e-05,172.31.36.0-255,66,219,9,188287
2906,4.2e-05,172.217.194.0-255,1484,1703,9,188287
2907,4.5e-05,172.31.36.0-255,66,1769,9,188287
2908,5e-05,172.217.194.0-255,2902,4671,9,188287
2909,5.3e-05,172.31.36.0-255,66,4737,9,188287
2910,6.9e-05,172.217.194.0-255,7156,11893,9,188287
2911,7.3e-05,172.31.36.0-255,66,11959,9,188287
2912,7.6e-05,172.217.194.0-255,1484,13443,9,188287
2913,7.8e-05,172.31.36.0-255,66,13509,9,188287
2914,8.3e-05,172.217.194.0-255,2902,16411,9,188287
2915,8.6e-05,172.31.36.0-255,66,16477,9,188287
2916,0.000134,172.31.36.0-255,66,16543,9,188287
2917,0.000141,172.217.194.0-255,6797,23340,9,188287
2918,0.000144,172.31.36.0-255,66,23406,9,188287
2919,0.000166,172.217.194.0-255,2902,26308,9,188287
2920,0.000174,172.31.36.0-255,66,26374,9,188287
2921,0.00018,172.217.194.0-255,4320,30694,9,188287
2922,0.000182,172.31.36.0-255,66,30760,9,188287
2923,0.000194,172.31.36.0-255,66,30826,9,188287
2924,0.000197,172.217.194.0-255,1125,31951,9,188287
2925,0.000201,172.31.36.0-255,66,32017,9,188287
2926,0.000322,172.217.194.0-255,1484,33501,9,188287
2927,0.000326,172.31.36.0-255,66,33567,9,188287
2928,0.000332,172.217.194.0-255,2902,36469,9,188287
2929,0.000335,172.31.36.0-255,66,36535,9,188287
2930,0.00034,172.217.194.0-255,4320,40855,9,188287
2931,0.000348,172.31.36.0-255,66,40921,9,188287
2932,0.000371,172.217.194.0-255,1484,42405,9,188287
2933,0.000374,172.31.36.0-255,66,42471,9,188287
2934,0.000385,172.217.194.0-255,4320,46791,9,188287
2935,0.000389,172.31.36.0-255,66,46857,9,188287
2936,0.000432,172.217.194.0-255,1484,48341,9,188287
2937,0.000449,172.217.194.0-255,1707,50048,9,188287
2938,0.000452,172.31.36.0-255,66,50114,9,188287
2939,0.000698,172.217.194.0-255,1484,51598,9,188287
2940,0.000702,172.217.194.0-255,2902,54500,9,188287
2941,0.000706,172.31.36.0-255,66,54566,9,188287
2942,0.000713,172.217.194.0-255,5738,60304,9,188287
2943,0.000715,172.31.36.0-255,66,60370,9,188287
2944,0.00072,172.217.194.0-255,4320,64690,9,188287
2945,0.000729,172.31.36.0-255,66,64756,9,188287
2946,0.000772,172.31.36.0-255,66,64822,9,188287
2947,0.000788,172.31.36.0-255,66,64888,9,188287
2948,0.000791,172.217.194.0-255,766,65654,9,188287
2949,0.001098,172.217.194.0-255,1484,67138,9,188287
2950,0.001103,172.31.36.0-255,66,67204,9,188287
2951,0.001109,172.217.194.0-255,2902,70106,9,188287
2952,0.001111,172.31.36.0-255,66,70172,9,188287
2953,0.001117,172.217.194.0-255,5738,75910,9,188287
2954,0.001121,172.31.36.0-255,66,75976,9,188287
2955,0.001157,172.217.194.0-255,5738,81714,9,188287
2956,0.001161,172.31.36.0-255,66,81780,9,188287
2957,0.00117,172.31.36.0-255,66,81846,9,188287
2958,0.001199,172.217.194.0-255,5020,86866,9,188287
2959,0.001203,172.31.36.0-255,66,86932,9,188287
2960,0.001228,172.217.194.0-255,1484,88416,9,188287
2961,0.001233,172.217.194.0-255,2902,91318,9,188287
2962,0.001236,172.31.36.0-255,66,91384,9,188287
2963,0.00124,172.217.194.0-255,1484,92868,9,188287
2964,0.00127,172.217.194.0-255,4320,97188,9,188287
2965,0.001275,172.31.36.0-255,66,97254,9,188287
2966,0.001289,172.31.36.0-255,66,97320,9,188287
2967,0.001308,172.31.36.0-255,66,97386,9,188287
2968,0.001335,172.217.194.0-255,5738,103124,9,188287
2969,0.001338,172.31.36.0-255,66,103190,9,188287
2970,0.00136,172.217.194.0-255,1484,104674,9,188287
2971,0.001377,172.31.36.0-255,66,104740,9,188287
2972,0.001383,172.217.194.0-255,5738,110478,9,188287
2973,0.001386,172.31.36.0-255,66,110544,9,188287
2974,0.001423,172.217.194.0-255,766,111310,9,188287
2975,0.001431,172.31.36.0-255,66,111376,9,188287
2976,0.001472,172.31.36.0-255,66,111442,9,188287
2977,0.001503,172.217.194.0-255,4320,115762,9,188287
2978,0.001508,172.31.36.0-255,66,115828,9,188287
2979,0.001517,172.31.36.0-255,66,115894,9,188287
2980,0.001577,172.31.36.0-255,66,115960,9,188287
2981,0.001629,172.31.36.0-255,66,116026,9,188287
2982,0.001637,172.217.194.0-255,6438,122464,9,188287
2983,0.00164,172.31.36.0-255,66,122530,9,188287
2984,0.001644,172.217.194.0-255,7156,129686,9,188287
2985,0.001646,172.31.36.0-255,66,129752,9,188287
2986,0.001659,172.31.36.0-255,66,129818,9,188287
2987,0.001673,172.31.36.0-255,66,129884,9,188287
2988,0.001677,172.217.194.0-255,2184,132068,9,188287
2989,0.001679,172.31.36.0-255,66,132134,9,188287
2990,0.001704,172.217.194.0-255,2902,135036,9,188287
2991,0.001707,172.31.36.0-255,66,135102,9,188287
2992,0.001718,172.217.194.0-255,5738,140840,9,188287
2993,0.001721,172.31.36.0-255,66,140906,9,188287
2994,0.001752,172.217.194.0-255,1484,142390,9,188287
2995,0.001758,172.217.194.0-255,2902,145292,9,188287
2996,0.001767,172.31.36.0-255,66,145358,9,188287
2997,0.001779,172.31.36.0-255,66,145424,9,188287
2998,0.001789,172.31.36.0-255,66,145490,9,188287
2999,0.001818,172.217.194.0-255,1484,146974,9,188287
3000,0.001823,172.217.194.0-255,2902,149876,9,188287
3001,0.001826,172.31.36.0-255,66,149942,9,188287
3002,0.001828,172.217.194.0-255,5738,155680,9,188287
3003,0.00183,172.31.36.0-255,66,155746,9,188287
3004,0.00186,172.31.36.0-255,66,155812,9,188287
3005,0.001889,172.217.194.0-255,1484,157296,9,188287
3006,0.001907,172.31.36.0-255,66,157362,9,188287
3007,0.001911,172.217.194.0-255,2184,159546,9,188287
3008,0.001914,172.217.194.0-255,2902,162448,9,188287
3009,0.001919,172.31.36.0-255,66,162514,9,188287
3010,0.001922,172.31.36.0-255,66,162580,9,188287
3011,0.001956,172.217.194.0-255,7156,169736,9,188287
3012,0.00196,172.31.36.0-255,66,169802,9,188287
3013,0.001967,172.217.194.0-255,7156,176958,9,188287
3014,0.001969,172.31.36.0-255,66,177024,9,188287
3015,0.002019,172.31.36.0-255,66,177090,9,188287
3016,0.002027,172.217.194.0-255,6438,183528,9,188287
3017,0.002029,172.31.36.0-255,66,183594,9,188287
3018,0.00205,172.31.36.0-255,66,183660,9,188287
3019,0.002054,172.217.194.0-255,105,183765,9,188287
3020,0.003712,172.31.36.0-255,66,183831,9,188287
3021,0.003739,172.31.36.0-255,105,183936,9,188287
3022,0.006277,172.217.194.0-255,66,184002,9,188287
3023,0.032118,172.31.36.0-255,172,184174,9,188287
3024,0.032146,172.31.36.0-255,1115,185289,9,188287
3025,0.032182,172.31.36.0-255,1514,186803,9,188287
3026,0.032183,172.31.36.0-255,1286,188089,9,188287
3027,0.033614,104.244.42.0-255,66,188155,9,188287
3028,0.033647,104.244.42.0-255,66,188221,9,188287
3029,0.03368,104.244.42.0-255,66,188287,9,188287
3030,0.0,172.31.36.0-255,105,105,9,105
3031,0.0,74.125.130.0-255,153,153,9,287270
3032,2.5e-05,172.31.36.0-255,66,219,9,287270
3033,3.3e-05,74.125.130.0-255,1484,1703,9,287270
3034,3.7e-05,172.31.36.0-255,66,1769,9,287270
3035,5.3e-05,74.125.130.0-255,2902,4671,9,287270
3036,5.8e-05,172.31.36.0-255,66,4737,9,287270
3037,6.5e-05,74.125.130.0-255,5738,10475,9,287270
3038,6.9e-05,172.31.36.0-255,66,10541,9,287270
3039,7.2e-05,74.125.130.0-255,1484,12025,9,287270
3040,7.5e-05,172.31.36.0-255,66,12091,9,287270
3041,8e-05,74.125.130.0-255,2118,14209,9,287270
3042,8.3e-05,172.31.36.0-255,66,14275,9,287270
3043,0.000143,74.125.130.0-255,5738,20013,9,287270
3044,0.000146,172.31.36.0-255,66,20079,9,287270
3045,0.000154,74.125.130.0-255,7156,27235,9,287270
3046,0.000157,172.31.36.0-255,66,27301,9,287270
3047,0.000163,74.125.130.0-255,3961,31262,9,287270
3048,0.000165,172.31.36.0-255,66,31328,9,287270
3049,0.000316,74.125.130.0-255,1484,32812,9,287270
3050,0.00032,172.31.36.0-255,66,32878,9,287270
3051,0.000347,74.125.130.0-255,2902,35780,9,287270
3052,0.00035,172.31.36.0-255,66,35846,9,287270
3053,0.000357,74.125.130.0-255,5738,41584,9,287270
3054,0.00036,172.31.36.0-255,66,41650,9,287270
3055,0.000385,74.125.130.0-255,6797,48447,9,287270
3056,0.000388,172.31.36.0-255,66,48513,9,287270
3057,0.000422,74.125.130.0-255,7156,55669,9,287270
3058,0.000425,172.31.36.0-255,66,55735,9,287270
3059,0.000432,74.125.130.0-255,7156,62891,9,287270
3060,0.000434,172.31.36.0-255,66,62957,9,287270
3061,0.000473,74.125.130.0-255,2798,65755,9,287270
3062,0.000477,172.31.36.0-255,66,65821,9,287270
3063,0.000502,74.125.130.0-255,121,65942,9,287270
3064,0.00065,74.125.130.0-255,1484,67426,9,287270
3065,0.000655,172.31.36.0-255,66,67492,9,287270
3066,0.000687,74.125.130.0-255,2902,70394,9,287270
3067,0.000691,172.31.36.0-255,66,70460,9,287270
3068,0.000694,74.125.130.0-255,1484,71944,9,287270
3069,0.000699,74.125.130.0-255,2902,74846,9,287270
3070,0.000701,172.31.36.0-255,66,74912,9,287270
3071,0.000708,74.125.130.0-255,5738,80650,9,287270
3072,0.000711,172.31.36.0-255,66,80716,9,287270
3073,0.000753,172.31.36.0-255,66,80782,9,287270
3074,0.000758,74.125.130.0-255,2902,83684,9,287270
3075,0.00076,172.31.36.0-255,66,83750,9,287270
3076,0.000795,74.125.130.0-255,7156,90906,9,287270
3077,0.000798,172.31.36.0-255,66,90972,9,287270
3078,0.000801,74.125.130.0-255,766,91738,9,287270
3079,0.000834,74.125.130.0-255,1484,93222,9,287270
3080,0.000837,172.31.36.0-255,66,93288,9,287270
3081,0.000864,74.125.130.0-255,2902,96190,9,287270
3082,0.000868,172.31.36.0-255,66,96256,9,287270
3083,0.000872,74.125.130.0-255,2902,99158,9,287270
3084,0.000874,172.31.36.0-255,66,99224,9,287270
3085,0.00091,74.125.130.0-255,4320,103544,9,287270
3086,0.000913,172.31.36.0-255,66,103610,9,287270
3087,0.000943,74.125.130.0-255,5109,108719,9,287270
3088,0.000946,172.31.36.0-255,66,108785,9,287270
3089,0.000966,74.125.130.0-255,5738,114523,9,287270
3090,0.000968,172.31.36.0-255,66,114589,9,287270
3091,0.000972,74.125.130.0-255,1484,116073,9,287270
3092,0.000994,74.125.130.0-255,2902,118975,9,287270
3093,0.000997,172.31.36.0-255,66,119041,9,287270
3094,0.001018,74.125.130.0-255,5738,124779,9,287270
3095,0.001021,172.31.36.0-255,66,124845,9,287270
3096,0.001024,74.125.130.0-255,1125,125970,9,287270
3097,0.001354,74.125.130.0-255,1484,127454,9,287270
3098,0.001358,172.31.36.0-255,66,127520,9,287270
3099,0.001364,74.125.130.0-255,2902,130422,9,287270
3100,0.001367,172.31.36.0-255,66,130488,9,287270
3101,0.001387,74.125.130.0-255,2902,133390,9,287270
3102,0.001389,172.31.36.0-255,66,133456,9,287270
3103,0.001395,74.125.130.0-255,4320,137776,9,287270
3104,0.001398,172.31.36.0-255,66,137842,9,287270
3105,0.00144,172.31.36.0-255,66,137908,9,287270
3106,0.001446,74.125.130.0-255,4320,142228,9,287270
3107,0.001448,172.31.36.0-255,66,142294,9,287270
3108,0.001453,74.125.130.0-255,2902,145196,9,287270
3109,0.001455,172.31.36.0-255,66,145262,9,287270
3110,0.001486,74.125.130.0-255,2902,148164,9,287270
3111,0.001488,172.31.36.0-255,66,148230,9,287270
3112,0.001494,74.125.130.0-255,3602,151832,9,287270
3113,0.001496,172.31.36.0-255,66,151898,9,287270
3114,0.003433,74.125.130.0-255,2902,154800,9,287270
3115,0.00344,172.31.36.0-255,66,154866,9,287270
3116,0.003471,74.125.130.0-255,2902,157768,9,287270
3117,0.003473,172.31.36.0-255,66,157834,9,287270
3118,0.005399,74.125.130.0-255,4320,162154,9,287270
3119,0.005406,172.31.36.0-255,66,162220,9,287270
3120,0.005432,74.125.130.0-255,1484,163704,9,287270
3121,0.007341,74.125.130.0-255,4320,168024,9,287270
3122,0.007346,172.31.36.0-255,66,168090,9,287270
3123,0.009304,74.125.130.0-255,5738,173828,9,287270
3124,0.009325,172.31.36.0-255,66,173894,9,287270
3125,0.011274,74.125.130.0-255,5738,179632,9,287270
3126,0.011282,172.31.36.0-255,66,179698,9,287270
3127,0.013283,74.125.130.0-255,5738,185436,9,287270
3128,0.013296,172.31.36.0-255,66,185502,9,287270
3129,0.015236,74.125.130.0-255,5738,191240,9,287270
3130,0.015244,172.31.36.0-255,66,191306,9,287270
3131,0.017192,74.125.130.0-255,5738,197044,9,287270
3132,0.0172,172.31.36.0-255,66,197110,9,287270
3133,0.019155,74.125.130.0-255,5738,202848,9,287270
3134,0.019162,172.31.36.0-255,66,202914,9,287270
3135,0.021132,74.125.130.0-255,5738,208652,9,287270
3136,0.02114,172.31.36.0-255,66,208718,9,287270
3137,0.023091,74.125.130.0-255,5738,214456,9,287270
3138,0.023097,172.31.36.0-255,66,214522,9,287270
3139,0.025033,74.125.130.0-255,5738,220260,9,287270
3140,0.02504,172.31.36.0-255,66,220326,9,287270
3141,0.026996,74.125.130.0-255,5738,226064,9,287270
3142,0.027004,172.31.36.0-255,66,226130,9,287270
3143,0.028961,74.125.130.0-255,5738,231868,9,287270
3144,0.02897,172.31.36.0-255,66,231934,9,287270
3145,0.030936,74.125.130.0-255,4320,236254,9,287270
3146,0.030944,172.31.36.0-255,66,236320,9,287270
3147,0.030973,74.125.130.0-255,1484,237804,9,287270
3148,0.03289,74.125.130.0-255,2902,240706,9,287270
3149,0.032896,172.31.36.0-255,66,240772,9,287270
3150,0.032922,74.125.130.0-255,1484,242256,9,287270
3151,0.034837,74.125.130.0-255,4320,246576,9,287270
3152,0.034842,172.31.36.0-255,66,246642,9,287270
3153,0.036783,74.125.130.0-255,5738,252380,9,287270
3154,0.036791,172.31.36.0-255,66,252446,9,287270
3155,0.038745,74.125.130.0-255,5738,258184,9,287270
3156,0.038753,172.31.36.0-255,66,258250,9,287270
3157,0.040703,74.125.130.0-255,5738,263988,9,287270
3158,0.040708,172.31.36.0-255,66,264054,9,287270
3159,0.042664,74.125.130.0-255,5738,269792,9,287270
3160,0.042671,172.31.36.0-255,66,269858,9,287270
3161,0.044634,74.125.130.0-255,5738,275596,9,287270
3162,0.044642,172.31.36.0-255,66,275662,9,287270
3163,0.046607,74.125.130.0-255,5738,281400,9,287270
3164,0.046615,172.31.36.0-255,66,281466,9,287270
3165,0.04856,74.125.130.0-255,5738,287204,9,287270
3166,0.048567,172.31.36.0-255,66,287270,9,287270
3167,0.0,172.217.160.0-255,153,153,9,267276
3168,3.3e-05,172.31.36.0-255,66,219,9,267276
3169,4e-05,172.217.160.0-255,1484,1703,9,267276
3170,4.5e-05,172.31.36.0-255,66,1769,9,267276
3171,5e-05,172.217.160.0-255,2902,4671,9,267276
3172,6e-05,172.31.36.0-255,66,4737,9,267276
3173,6.8e-05,172.217.160.0-255,7156,11893,9,267276
3174,7.1e-05,172.31.36.0-255,66,11959,9,267276
3175,8.4e-05,172.31.36.0-255,66,12025,9,267276
3176,0.000116,172.217.160.0-255,4777,16802,9,267276
3177,0.000123,172.31.36.0-255,66,16868,9,267276
3178,0.000128,172.217.160.0-255,2543,19411,9,267276
3179,0.00013,172.31.36.0-255,66,19477,9,267276
3180,0.000237,172.217.160.0-255,1484,20961,9,267276
3181,0.000241,172.31.36.0-255,66,21027,9,267276
3182,0.000247,172.217.160.0-255,2902,23929,9,267276
3183,0.000249,172.31.36.0-255,66,23995,9,267276
3184,0.000279,172.217.160.0-255,5738,29733,9,267276
3185,0.000282,172.31.36.0-255,66,29799,9,267276
3186,0.000289,172.217.160.0-255,6797,36596,9,267276
3187,0.000292,172.31.36.0-255,66,36662,9,267276
3188,0.000426,172.217.160.0-255,1484,38146,9,267276
3189,0.00043,172.31.36.0-255,66,38212,9,267276
3190,0.000436,172.217.160.0-255,2902,41114,9,267276
3191,0.000437,172.31.36.0-255,66,41180,9,267276
3192,0.000441,172.217.160.0-255,1484,42664,9,267276
3193,0.000443,172.31.36.0-255,66,42730,9,267276
3194,0.000463,172.217.160.0-255,4320,47050,9,267276
3195,0.000473,172.31.36.0-255,66,47116,9,267276
3196,0.0005,172.217.160.0-255,6797,53913,9,267276
3197,0.000503,172.31.36.0-255,66,53979,9,267276
3198,0.000584,172.217.160.0-255,372,54351,9,267276
3199,0.000828,172.31.36.0-255,66,54417,9,267276
3200,0.000994,172.217.160.0-255,371,54788,9,267276
3201,0.001111,172.217.160.0-255,1484,56272,9,267276
3202,0.001116,172.31.36.0-255,66,56338,9,267276
3203,0.001122,172.217.160.0-255,2902,59240,9,267276
3204,0.001124,172.31.36.0-255,66,59306,9,267276
3205,0.00113,172.217.160.0-255,5738,65044,9,267276
3206,0.001138,172.31.36.0-255,66,65110,9,267276
3207,0.001172,172.217.160.0-255,6797,71907,9,267276
3208,0.001175,172.31.36.0-255,66,71973,9,267276
3209,0.001183,172.217.160.0-255,7156,79129,9,267276
3210,0.001185,172.31.36.0-255,66,79195,9,267276
3211,0.001226,172.217.160.0-255,7156,86351,9,267276
3212,0.001229,172.31.36.0-255,66,86417,9,267276
3213,0.001255,172.217.160.0-255,2543,88960,9,267276
3214,0.001258,172.31.36.0-255,66,89026,9,267276
3215,0.001477,172.217.160.0-255,1484,90510,9,267276
3216,0.001484,172.217.160.0-255,2902,93412,9,267276
3217,0.001488,172.31.36.0-255,66,93478,9,267276
3218,0.001496,172.217.160.0-255,5738,99216,9,267276
3219,0.001498,172.31.36.0-255,66,99282,9,267276
3220,0.001538,172.31.36.0-255,66,99348,9,267276
3221,0.001568,172.217.160.0-255,5738,105086,9,267276
3222,0.001572,172.31.36.0-255,66,105152,9,267276
3223,0.001604,172.217.160.0-255,5020,110172,9,267276
3224,0.001607,172.31.36.0-255,66,110238,9,267276
3225,0.001838,172.217.160.0-255,1484,111722,9,267276
3226,0.001843,172.217.160.0-255,1484,113206,9,267276
3227,0.001847,172.31.36.0-255,66,113272,9,267276
3228,0.00188,172.217.160.0-255,1484,114756,9,267276
3229,0.001886,172.217.160.0-255,5738,120494,9,267276
3230,0.001889,172.31.36.0-255,66,120560,9,267276
3231,0.001915,172.217.160.0-255,5738,126298,9,267276
3232,0.001918,172.31.36.0-255,66,126364,9,267276
3233,0.001931,172.217.160.0-255,1484,127848,9,267276
3234,0.001946,172.31.36.0-255,66,127914,9,267276
3235,0.001981,172.31.36.0-255,66,127980,9,267276
3236,0.003919,172.217.160.0-255,5738,133718,9,267276
3237,0.003926,172.31.36.0-255,66,133784,9,267276
3238,0.005859,172.217.160.0-255,5738,139522,9,267276
3239,0.005864,172.31.36.0-255,66,139588,9,267276
3240,0.007832,172.217.160.0-255,5738,145326,9,267276
3241,0.007851,172.31.36.0-255,66,145392,9,267276
3242,0.009802,172.217.160.0-255,5738,151130,9,267276
3243,0.009818,172.31.36.0-255,66,151196,9,267276
3244,0.011777,172.217.160.0-255,5738,156934,9,267276
3245,0.011793,172.31.36.0-255,66,157000,9,267276
3246,0.013747,172.217.160.0-255,5738,162738,9,267276
3247,0.013754,172.31.36.0-255,66,162804,9,267276
3248,0.015719,172.217.160.0-255,5738,168542,9,267276
3249,0.015738,172.31.36.0-255,66,168608,9,267276
3250,0.01768,172.217.160.0-255,5738,174346,9,267276
3251,0.017689,172.31.36.0-255,66,174412,9,267276
3252,0.019627,172.217.160.0-255,5738,180150,9,267276
3253,0.019635,172.31.36.0-255,66,180216,9,267276
3254,0.021583,172.217.160.0-255,5738,185954,9,267276
3255,0.02159,172.31.36.0-255,66,186020,9,267276
3256,0.023531,172.217.160.0-255,5738,191758,9,267276
3257,0.023538,172.31.36.0-255,66,191824,9,267276
3258,0.025481,172.217.160.0-255,5738,197562,9,267276
3259,0.025491,172.31.36.0-255,66,197628,9,267276
3260,0.027437,172.217.160.0-255,5738,203366,9,267276
3261,0.027444,172.31.36.0-255,66,203432,9,267276
3262,0.029413,172.217.160.0-255,5738,209170,9,267276
3263,0.02942,172.31.36.0-255,66,209236,9,267276
3264,0.031383,172.217.160.0-255,5738,214974,9,267276
3265,0.03139,172.31.36.0-255,66,215040,9,267276
3266,0.033343,172.217.160.0-255,5738,220778,9,267276
3267,0.033359,172.31.36.0-255,66,220844,9,267276
3268,0.035314,172.217.160.0-255,5738,226582,9,267276
3269,0.035332,172.31.36.0-255,66,226648,9,267276
3270,0.037287,172.217.160.0-255,5738,232386,9,267276
3271,0.037294,172.31.36.0-255,66,232452,9,267276
3272,0.039255,172.217.160.0-255,5738,238190,9,267276
3273,0.039273,172.31.36.0-255,66,238256,9,267276
3274,0.041213,172.217.160.0-255,5738,243994,9,267276
3275,0.041225,172.31.36.0-255,66,244060,9,267276
3276,0.043167,172.217.160.0-255,5738,249798,9,267276
3277,0.043175,172.31.36.0-255,66,249864,9,267276
3278,0.045115,172.217.160.0-255,5738,255602,9,267276
3279,0.045123,172.31.36.0-255,66,255668,9,267276
3280,0.047067,172.217.160.0-255,5738,261406,9,267276
3281,0.047074,172.31.36.0-255,66,261472,9,267276
3282,0.049022,172.217.160.0-255,5738,267210,9,267276
3283,0.049031,172.31.36.0-255,66,267276,9,267276
3284,0.0,74.125.24.0-255,146,146,9,261780
3285,2.8e-05,172.31.36.0-255,66,212,9,261780
3286,3.6e-05,74.125.24.0-255,1484,1696,9,261780
3287,4.1e-05,172.31.36.0-255,66,1762,9,261780
3288,5.4e-05,74.125.24.0-255,2902,4664,9,261780
3289,5.6e-05,172.31.36.0-255,66,4730,9,261780
3290,6.4e-05,74.125.24.0-255,7156,11886,9,261780
3291,6.7e-05,172.31.36.0-255,66,11952,9,261780
3292,9.3e-05,74.125.24.0-255,1950,13902,9,261780
3293,9.6e-05,172.31.36.0-255,66,13968,9,261780
3294,0.000101,74.125.24.0-255,2902,16870,9,261780
3295,0.000103,172.31.36.0-255,66,16936,9,261780
3296,0.000142,74.125.24.0-255,7156,24092,9,261780
3297,0.000146,172.31.36.0-255,66,24158,9,261780
3298,0.000153,74.125.24.0-255,6797,30955,9,261780
3299,0.000155,172.31.36.0-255,66,31021,9,261780
3300,0.000202,74.125.24.0-255,1484,32505,9,261780
3301,0.000206,172.31.36.0-255,66,32571,9,261780
3302,0.000211,74.125.24.0-255,2902,35473,9,261780
3303,0.000213,172.31.36.0-255,66,35539,9,261780
3304,0.000251,74.125.24.0-255,5738,41277,9,261780
3305,0.000254,172.31.36.0-255,66,41343,9,261780
3306,0.000288,172.31.36.0-255,66,41409,9,261780
3307,0.000319,74.125.24.0-255,5379,46788,9,261780
3308,0.000323,172.31.36.0-255,66,46854,9,261780
3309,0.000329,74.125.24.0-255,7156,54010,9,261780
3310,0.000332,172.31.36.0-255,66,54076,9,261780
3311,0.000336,74.125.24.0-255,2854,56930,9,261780
3312,0.000339,172.31.36.0-255,66,56996,9,261780
3313,0.000364,74.125.24.0-255,109,57105,9,261780
3314,0.000367,172.31.36.0-255,66,57171,9,261780
3315,0.000491,74.125.24.0-255,332,57503,9,261780
3316,0.000495,172.31.36.0-255,66,57569,9,261780
3317,0.000945,74.125.24.0-255,1484,59053,9,261780
3318,0.000951,172.31.36.0-255,66,59119,9,261780
3319,0.000983,74.125.24.0-255,2902,62021,9,261780
3320,0.000987,172.31.36.0-255,66,62087,9,261780
3321,0.000995,74.125.24.0-255,4320,66407,9,261780
3322,0.000998,172.31.36.0-255,66,66473,9,261780
3323,0.001002,74.125.24.0-255,1484,67957,9,261780
3324,0.001003,172.31.36.0-255,66,68023,9,261780
3325,0.001029,74.125.24.0-255,4320,72343,9,261780
3326,0.001033,172.31.36.0-255,66,72409,9,261780
3327,0.001078,74.125.24.0-255,2902,75311,9,261780
3328,0.001082,172.31.36.0-255,66,75377,9,261780
3329,0.001111,172.31.36.0-255,66,75443,9,261780
3330,0.001153,172.31.36.0-255,66,75509,9,261780
3331,0.001397,74.125.24.0-255,1484,76993,9,261780
3332,0.001405,74.125.24.0-255,2902,79895,9,261780
3333,0.001409,172.31.36.0-255,66,79961,9,261780
3334,0.001416,74.125.24.0-255,5738,85699,9,261780
3335,0.001417,172.31.36.0-255,66,85765,9,261780
3336,0.001474,172.31.36.0-255,66,85831,9,261780
3337,0.001481,74.125.24.0-255,7156,92987,9,261780
3338,0.001483,172.31.36.0-255,66,93053,9,261780
3339,0.001521,74.125.24.0-255,3602,96655,9,261780
3340,0.001525,172.31.36.0-255,66,96721,9,261780
3341,0.001576,74.125.24.0-255,1484,98205,9,261780
3342,0.001582,74.125.24.0-255,2902,101107,9,261780
3343,0.001585,172.31.36.0-255,66,101173,9,261780
3344,0.001635,74.125.24.0-255,5738,106911,9,261780
3345,0.001638,172.31.36.0-255,66,106977,9,261780
3346,0.001643,74.125.24.0-255,5738,112715,9,261780
3347,0.001645,172.31.36.0-255,66,112781,9,261780
3348,0.001663,172.31.36.0-255,66,112847,9,261780
3349,0.001676,172.31.36.0-255,66,112913,9,261780
3350,0.001681,74.125.24.0-255,2902,115815,9,261780
3351,0.001683,172.31.36.0-255,66,115881,9,261780
3352,0.001743,172.31.36.0-255,66,115947,9,261780
3353,0.001746,172.31.36.0-255,66,116013,9,261780
3354,0.00205,74.125.24.0-255,1484,117497,9,261780
3355,0.002056,74.125.24.0-255,2902,120399,9,261780
3356,0.002059,172.31.36.0-255,66,120465,9,261780
3357,0.002063,74.125.24.0-255,1484,121949,9,261780
3358,0.002088,74.125.24.0-255,4320,126269,9,261780
3359,0.00209,172.31.36.0-255,66,126335,9,261780
3360,0.002124,172.31.36.0-255,66,126401,9,261780
3361,0.002131,74.125.24.0-255,7156,133557,9,261780
3362,0.002133,172.31.36.0-255,66,133623,9,261780
3363,0.002169,74.125.24.0-255,3602,137225,9,261780
3364,0.002172,172.31.36.0-255,66,137291,9,261780
3365,0.00444,74.125.24.0-255,5738,143029,9,261780
3366,0.004446,172.31.36.0-255,66,143095,9,261780
3367,0.006712,74.125.24.0-255,5738,148833,9,261780
3368,0.006717,172.31.36.0-255,66,148899,9,261780
3369,0.009001,74.125.24.0-255,5738,154637,9,261780
3370,0.009008,172.31.36.0-255,66,154703,9,261780
3371,0.011299,74.125.24.0-255,5738,160441,9,261780
3372,0.011306,172.31.36.0-255,66,160507,9,261780
3373,0.013613,74.125.24.0-255,5738,166245,9,261780
3374,0.013621,172.31.36.0-255,66,166311,9,261780
3375,0.015948,74.125.24.0-255,5738,172049,9,261780
3376,0.015956,172.31.36.0-255,66,172115,9,261780
3377,0.018275,74.125.24.0-255,5738,177853,9,261780
3378,0.018283,172.31.36.0-255,66,177919,9,261780
3379,0.020562,74.125.24.0-255,2902,180821,9,261780
3380,0.020568,172.31.36.0-255,66,180887,9,261780
3381,0.0206,74.125.24.0-255,2902,183789,9,261780
3382,0.020604,172.31.36.0-255,66,183855,9,261780
3383,0.022832,74.125.24.0-255,2902,186757,9,261780
3384,0.022851,172.31.36.0-255,66,186823,9,261780
3385,0.022893,74.125.24.0-255,2902,189725,9,261780
3386,0.022896,172.31.36.0-255,66,189791,9,261780
3387,0.025134,74.125.24.0-255,2902,192693,9,261780
3388,0.025138,172.31.36.0-255,66,192759,9,261780
3389,0.025211,74.125.24.0-255,2902,195661,9,261780
3390,0.025217,172.31.36.0-255,66,195727,9,261780
3391,0.026012,172.31.36.0-255,172,195899,9,261780
3392,0.026053,172.31.36.0-255,1116,197015,9,261780
3393,0.026128,172.31.36.0-255,1514,198529,9,261780
3394,0.02613,172.31.36.0-255,1514,200043,9,261780
3395,0.026131,172.31.36.0-255,1514,201557,9,261780
3396,0.026132,172.31.36.0-255,359,201916,9,261780
3397,0.027383,74.125.24.0-255,2902,204818,9,261780
3398,0.02739,172.31.36.0-255,66,204884,9,261780
3399,0.027455,74.125.24.0-255,2902,207786,9,261780
3400,0.027459,172.31.36.0-255,66,207852,9,261780
3401,0.027554,104.244.42.0-255,66,207918,9,261780
3402,0.027618,104.244.42.0-255,66,207984,9,261780
3403,0.027691,104.244.42.0-255,66,208050,9,261780
3404,0.027695,104.244.42.0-255,66,208116,9,261780
3405,0.029649,74.125.24.0-255,2902,211018,9,261780
3406,0.029655,172.31.36.0-255,66,211084,9,261780
3407,0.029776,74.125.24.0-255,2902,213986,9,261780
3408,0.029781,172.31.36.0-255,66,214052,9,261780
3409,0.030305,104.244.42.0-255,108,214160,9,261780
3410,0.030326,172.31.36.0-255,66,214226,9,261780
3411,0.031897,74.125.24.0-255,2902,217128,9,261780
3412,0.031902,172.31.36.0-255,66,217194,9,261780
3413,0.032044,74.125.24.0-255,2902,220096,9,261780
3414,0.03205,172.31.36.0-255,66,220162,9,261780
3415,0.034233,74.125.24.0-255,2902,223064,9,261780
3416,0.034239,172.31.36.0-255,66,223130,9,261780
3417,0.034304,74.125.24.0-255,1484,224614,9,261780
3418,0.034318,74.125.24.0-255,1484,226098,9,261780
3419,0.034321,172.31.36.0-255,66,226164,9,261780
3420,0.036531,74.125.24.0-255,2902,229066,9,261780
3421,0.036537,172.31.36.0-255,66,229132,9,261780
3422,0.036678,74.125.24.0-255,2902,232034,9,261780
3423,0.036683,172.31.36.0-255,66,232100,9,261780
3424,0.038833,74.125.24.0-255,2902,235002,9,261780
3425,0.03886,172.31.36.0-255,66,235068,9,261780
3426,0.038977,74.125.24.0-255,2902,237970,9,261780
3427,0.038983,172.31.36.0-255,66,238036,9,261780
3428,0.041123,74.125.24.0-255,2902,240938,9,261780
3429,0.041129,172.31.36.0-255,66,241004,9,261780
3430,0.04129,74.125.24.0-255,2902,243906,9,261780
3431,0.041295,172.31.36.0-255,66,243972,9,261780
3432,0.043418,74.125.24.0-255,2902,246874,9,261780
3433,0.043423,172.31.36.0-255,66,246940,9,261780
3434,0.043586,74.125.24.0-255,2902,249842,9,261780
3435,0.043591,172.31.36.0-255,66,249908,9,261780
3436,0.04567,74.125.24.0-255,2902,252810,9,261780
3437,0.045676,172.31.36.0-255,66,252876,9,261780
3438,0.045916,74.125.24.0-255,2902,255778,9,261780
3439,0.045922,172.31.36.0-255,66,255844,9,261780
3440,0.047984,74.125.24.0-255,2902,258746,9,261780
3441,0.047991,172.31.36.0-255,66,258812,9,261780
3442,0.048217,74.125.24.0-255,2902,261714,9,261780
3443,0.048223,172.31.36.0-255,66,261780,9,261780
3444,0.0,74.125.200.0-255,146,146,9,350730
3445,3e-05,172.31.36.0-255,66,212,9,350730
3446,3.7e-05,74.125.200.0-255,1484,1696,9,350730
3447,4.1e-05,172.31.36.0-255,66,1762,9,350730
3448,4.5e-05,74.125.200.0-255,2902,4664,9,350730
3449,4.8e-05,172.31.36.0-255,66,4730,9,350730
3450,6.2e-05,74.125.200.0-255,5738,10468,9,350730
3451,6.5e-05,172.31.36.0-255,66,10534,9,350730
3452,6.9e-05,74.125.200.0-255,3494,14028,9,350730
3453,7.2e-05,172.31.36.0-255,66,14094,9,350730
3454,0.000153,74.125.200.0-255,1484,15578,9,350730
3455,0.000158,172.31.36.0-255,66,15644,9,350730
3456,0.000162,74.125.200.0-255,1484,17128,9,350730
3457,0.000165,172.31.36.0-255,66,17194,9,350730
3458,0.000185,74.125.200.0-255,2902,20096,9,350730
3459,0.000189,172.31.36.0-255,66,20162,9,350730
3460,0.0002,74.125.200.0-255,5738,25900,9,350730
3461,0.000203,172.31.36.0-255,66,25966,9,350730
3462,0.000234,74.125.200.0-255,5379,31345,9,350730
3463,0.000237,172.31.36.0-255,66,31411,9,350730
3464,0.000242,74.125.200.0-255,5738,37149,9,350730
3465,0.000244,172.31.36.0-255,66,37215,9,350730
3466,0.000282,74.125.200.0-255,5738,42953,9,350730
3467,0.000285,172.31.36.0-255,66,43019,9,350730
3468,0.000315,74.125.200.0-255,5379,48398,9,350730
3469,0.000319,172.31.36.0-255,66,48464,9,350730
3470,0.000321,74.125.200.0-255,1484,49948,9,350730
3471,0.000323,172.31.36.0-255,66,50014,9,350730
3472,0.000328,74.125.200.0-255,2902,52916,9,350730
3473,0.000335,172.31.36.0-255,66,52982,9,350730
3474,0.000367,74.125.200.0-255,5738,58720,9,350730
3475,0.00037,172.31.36.0-255,66,58786,9,350730
3476,0.000374,74.125.200.0-255,2902,61688,9,350730
3477,0.000376,172.31.36.0-255,66,61754,9,350730
3478,0.000404,74.125.200.0-255,3961,65715,9,350730
3479,0.000413,172.31.36.0-255,66,65781,9,350730
3480,0.000416,74.125.200.0-255,362,66143,9,350730
3481,0.000454,74.125.200.0-255,127,66270,9,350730
3482,0.000568,74.125.200.0-255,1484,67754,9,350730
3483,0.000573,172.31.36.0-255,66,67820,9,350730
3484,0.000578,74.125.200.0-255,2902,70722,9,350730
3485,0.000581,172.31.36.0-255,66,70788,9,350730
3486,0.000584,74.125.200.0-255,1484,72272,9,350730
3487,0.000616,74.125.200.0-255,4320,76592,9,350730
3488,0.00062,172.31.36.0-255,66,76658,9,350730
3489,0.000624,74.125.200.0-255,2902,79560,9,350730
3490,0.000628,172.31.36.0-255,66,79626,9,350730
3491,0.000649,74.125.200.0-255,5379,85005,9,350730
3492,0.000652,172.31.36.0-255,66,85071,9,350730
3493,0.000667,172.31.36.0-255,66,85137,9,350730
3494,0.000672,74.125.200.0-255,2902,88039,9,350730
3495,0.000674,172.31.36.0-255,66,88105,9,350730
3496,0.000705,74.125.200.0-255,3961,92066,9,350730
3497,0.000709,172.31.36.0-255,66,92132,9,350730
3498,0.000714,74.125.200.0-255,353,92485,9,350730
3499,0.000854,74.125.200.0-255,1484,93969,9,350730
3500,0.000858,172.31.36.0-255,66,94035,9,350730
3501,0.000879,74.125.200.0-255,1484,95519,9,350730
3502,0.000883,74.125.200.0-255,1484,97003,9,350730
3503,0.000885,172.31.36.0-255,66,97069,9,350730
3504,0.000911,74.125.200.0-255,1484,98553,9,350730
3505,0.000918,74.125.200.0-255,5738,104291,9,350730
3506,0.000921,172.31.36.0-255,66,104357,9,350730
3507,0.000928,74.125.200.0-255,7156,111513,9,350730
3508,0.00093,172.31.36.0-255,66,111579,9,350730
3509,0.000952,74.125.200.0-255,1484,113063,9,350730
3510,0.000964,172.31.36.0-255,66,113129,9,350730
3511,0.000969,74.125.200.0-255,3602,116731,9,350730
3512,0.000973,172.31.36.0-255,66,116797,9,350730
3513,0.001028,74.125.200.0-255,4320,121117,9,350730
3514,0.001032,172.31.36.0-255,66,121183,9,350730
3515,0.001039,74.125.200.0-255,5738,126921,9,350730
3516,0.001041,172.31.36.0-255,66,126987,9,350730
3517,0.001062,74.125.200.0-255,2902,129889,9,350730
3518,0.001065,172.31.36.0-255,66,129955,9,350730
3519,0.001104,172.31.36.0-255,66,130021,9,350730
3520,0.001109,74.125.200.0-255,5738,135759,9,350730
3521,0.001112,172.31.36.0-255,66,135825,9,350730
3522,0.001135,74.125.200.0-255,6438,142263,9,350730
3523,0.001143,172.31.36.0-255,66,142329,9,350730
3524,0.001254,74.125.200.0-255,1484,143813,9,350730
3525,0.00127,74.125.200.0-255,2902,146715,9,350730
3526,0.001273,172.31.36.0-255,66,146781,9,350730
3527,0.001276,74.125.200.0-255,1484,148265,9,350730
3528,0.00128,74.125.200.0-255,2902,151167,9,350730
3529,0.001282,172.31.36.0-255,66,151233,9,350730
3530,0.001301,74.125.200.0-255,5738,156971,9,350730
3531,0.001303,172.31.36.0-255,66,157037,9,350730
3532,0.001357,172.31.36.0-255,66,157103,9,350730
3533,0.001384,74.125.200.0-255,6438,163541,9,350730
3534,0.001388,172.31.36.0-255,66,163607,9,350730
3535,0.001877,74.125.200.0-255,1484,165091,9,350730
3536,0.001883,74.125.200.0-255,2902,167993,9,350730
3537,0.001887,172.31.36.0-255,66,168059,9,350730
3538,0.001916,74.125.200.0-255,5738,173797,9,350730
3539,0.001919,172.31.36.0-255,66,173863,9,350730
3540,0.001925,74.125.200.0-255,4320,178183,9,350730
3541,0.001928,172.31.36.0-255,66,178249,9,350730
3542,0.001971,172.31.36.0-255,66,178315,9,350730
3543,0.001977,74.125.200.0-255,4320,182635,9,350730
3544,0.001978,172.31.36.0-255,66,182701,9,350730
3545,0.002008,74.125.200.0-255,6438,189139,9,350730
3546,0.002011,172.31.36.0-255,66,189205,9,350730
3547,0.002052,74.125.200.0-255,1484,190689,9,350730
3548,0.002073,74.125.200.0-255,2902,193591,9,350730
3549,0.002075,172.31.36.0-255,66,193657,9,350730
3550,0.002082,74.125.200.0-255,5738,199395,9,350730
3551,0.002084,172.31.36.0-255,66,199461,9,350730
3552,0.002103,74.125.200.0-255,1484,200945,9,350730
3553,0.002126,74.125.200.0-255,2902,203847,9,350730
3554,0.00213,172.31.36.0-255,66,203913,9,350730
3555,0.002136,74.125.200.0-255,5738,209651,9,350730
3556,0.002138,172.31.36.0-255,66,209717,9,350730
3557,0.002141,74.125.200.0-255,1484,211201,9,350730
3558,0.002174,74.125.200.0-255,2902,214103,9,350730
3559,0.002176,172.31.36.0-255,66,214169,9,350730
3560,0.002183,74.125.200.0-255,5738,219907,9,350730
3561,0.002185,172.31.36.0-255,66,219973,9,350730
3562,0.002188,74.125.200.0-255,1484,221457,9,350730
3563,0.002216,74.125.200.0-255,2184,223641,9,350730
3564,0.002219,172.31.36.0-255,66,223707,9,350730
3565,0.004483,74.125.200.0-255,1484,225191,9,350730
3566,0.004514,74.125.200.0-255,1484,226675,9,350730
3567,0.004518,172.31.36.0-255,66,226741,9,350730
3568,0.004537,74.125.200.0-255,2902,229643,9,350730
3569,0.004539,172.31.36.0-255,66,229709,9,350730
3570,0.006809,74.125.200.0-255,2902,232611,9,350730
3571,0.006812,172.31.36.0-255,66,232677,9,350730
3572,0.006829,74.125.200.0-255,2902,235579,9,350730
3573,0.006831,172.31.36.0-255,66,235645,9,350730
3574,0.009124,74.125.200.0-255,2902,238547,9,350730
3575,0.00913,172.31.36.0-255,66,238613,9,350730
3576,0.009162,74.125.200.0-255,2902,241515,9,350730
3577,0.009165,172.31.36.0-255,66,241581,9,350730
3578,0.011434,74.125.200.0-255,2902,244483,9,350730
3579,0.011441,172.31.36.0-255,66,244549,9,350730
3580,0.011477,74.125.200.0-255,2902,247451,9,350730
3581,0.011481,172.31.36.0-255,66,247517,9,350730
3582,0.013762,74.125.200.0-255,2902,250419,9,350730
3583,0.013768,172.31.36.0-255,66,250485,9,350730
3584,0.013804,74.125.200.0-255,2902,253387,9,350730
3585,0.013809,172.31.36.0-255,66,253453,9,350730
3586,0.016072,74.125.200.0-255,2902,256355,9,350730
3587,0.016079,172.31.36.0-255,66,256421,9,350730
3588,0.016115,74.125.200.0-255,2902,259323,9,350730
3589,0.016118,172.31.36.0-255,66,259389,9,350730
3590,0.018389,74.125.200.0-255,2902,262291,9,350730
3591,0.018395,172.31.36.0-255,66,262357,9,350730
3592,0.018431,74.125.200.0-255,2902,265259,9,350730
3593,0.018435,172.31.36.0-255,66,265325,9,350730
3594,0.0207,74.125.200.0-255,2902,268227,9,350730
3595,0.020706,172.31.36.0-255,66,268293,9,350730
3596,0.020737,74.125.200.0-255,2902,271195,9,350730
3597,0.020741,172.31.36.0-255,66,271261,9,350730
3598,0.023042,74.125.200.0-255,2902,274163,9,350730
3599,0.023048,172.31.36.0-255,66,274229,9,350730
3600,0.023086,74.125.200.0-255,2902,277131,9,350730
3601,0.02309,172.31.36.0-255,66,277197,9,350730
3602,0.025352,74.125.200.0-255,2902,280099,9,350730
3603,0.025359,172.31.36.0-255,66,280165,9,350730
3604,0.025395,74.125.200.0-255,2902,283067,9,350730
3605,0.0254,172.31.36.0-255,66,283133,9,350730
3606,0.02767,74.125.200.0-255,2902,286035,9,350730
3607,0.027676,172.31.36.0-255,66,286101,9,350730
3608,0.027707,74.125.200.0-255,2902,289003,9,350730
3609,0.027711,172.31.36.0-255,66,289069,9,350730
3610,0.03,74.125.200.0-255,5738,294807,9,350730
3611,0.030007,172.31.36.0-255,66,294873,9,350730
3612,0.031759,172.31.36.0-255,172,295045,9,350730
3613,0.031786,172.31.36.0-255,1115,296160,9,350730
3614,0.032004,172.31.36.0-255,1514,297674,9,350730
3615,0.032006,172.31.36.0-255,1514,299188,9,350730
3616,0.032007,172.31.36.0-255,1514,300702,9,350730
3617,0.032013,172.31.36.0-255,1514,302216,9,350730
3618,0.032014,172.31.36.0-255,1488,303704,9,350730
3619,0.032324,74.125.200.0-255,5738,309442,9,350730
3620,0.032329,172.31.36.0-255,66,309508,9,350730
3621,0.033252,104.244.42.0-255,66,309574,9,350730
3622,0.033271,104.244.42.0-255,66,309640,9,350730
3623,0.033536,104.244.42.0-255,66,309706,9,350730
3624,0.034634,74.125.200.0-255,5738,315444,9,350730
3625,0.034639,172.31.36.0-255,66,315510,9,350730
3626,0.036951,74.125.200.0-255,2902,318412,9,350730
3627,0.036955,172.31.36.0-255,66,318478,9,350730
3628,0.036992,74.125.200.0-255,2902,321380,9,350730
3629,0.036995,172.31.36.0-255,66,321446,9,350730
3630,0.039255,74.125.200.0-255,2902,324348,9,350730
3631,0.039261,172.31.36.0-255,66,324414,9,350730
3632,0.039296,74.125.200.0-255,2902,327316,9,350730
3633,0.039299,172.31.36.0-255,66,327382,9,350730
3634,0.041572,74.125.200.0-255,1484,328866,9,350730
3635,0.041607,74.125.200.0-255,4320,333186,9,350730
3636,0.041611,172.31.36.0-255,66,333252,9,350730
3637,0.043914,74.125.200.0-255,5738,338990,9,350730
3638,0.043919,172.31.36.0-255,66,339056,9,350730
3639,0.04623,74.125.200.0-255,5738,344794,9,350730
3640,0.046235,172.31.36.0-255,66,344860,9,350730
3641,0.048534,74.125.200.0-255,4320,349180,9,350730
3642,0.04854,172.31.36.0-255,66,349246,9,350730
3643,0.048576,74.125.200.0-255,1484,350730,9,350730
3644,0.0,172.31.36.0-255,105,105,9,276
3645,0.002129,157.240.13.0-255,105,210,9,276
3646,0.002144,172.31.36.0-255,66,276,9,276
3647,0.0,74.125.24.0-255,153,153,9,217970
3648,3.5e-05,172.31.36.0-255,66,219,9,217970
3649,4.2e-05,74.125.24.0-255,1484,1703,9,217970
3650,4.7e-05,172.31.36.0-255,66,1769,9,217970
3651,5.2e-05,74.125.24.0-255,2902,4671,9,217970
3652,6.4e-05,172.31.36.0-255,66,4737,9,217970
3653,7.1e-05,74.125.24.0-255,7156,11893,9,217970
3654,7.4e-05,172.31.36.0-255,66,11959,9,217970
3655,7.8e-05,74.125.24.0-255,2066,14025,9,217970
3656,8e-05,172.31.36.0-255,66,14091,9,217970
3657,0.00011,74.125.24.0-255,2902,16993,9,217970
3658,0.000113,172.31.36.0-255,66,17059,9,217970
3659,0.000117,74.125.24.0-255,2902,19961,9,217970
3660,0.000119,172.31.36.0-255,66,20027,9,217970
3661,0.000138,74.125.24.0-255,1484,21511,9,217970
3662,0.000142,172.31.36.0-255,66,21577,9,217970
3663,0.000158,172.31.36.0-255,66,21643,9,217970
3664,0.000162,74.125.24.0-255,1125,22768,9,217970
3665,0.000166,172.31.36.0-255,66,22834,9,217970
3666,0.000243,74.125.24.0-255,1484,24318,9,217970
3667,0.000246,172.31.36.0-255,66,24384,9,217970
3668,0.000304,74.125.24.0-255,2902,27286,9,217970
3669,0.000308,172.31.36.0-255,66,27352,9,217970
3670,0.000315,74.125.24.0-255,5738,33090,9,217970
3671,0.000318,172.31.36.0-255,66,33156,9,217970
3672,0.000338,172.31.36.0-255,66,33222,9,217970
3673,0.000345,74.125.24.0-255,7156,40378,9,217970
3674,0.00035,172.31.36.0-255,66,40444,9,217970
3675,0.000373,74.125.24.0-255,2817,43261,9,217970
3676,0.000376,172.31.36.0-255,66,43327,9,217970
3677,0.000402,74.125.24.0-255,130,43457,9,217970
3678,0.000541,74.125.24.0-255,1484,44941,9,217970
3679,0.000545,172.31.36.0-255,66,45007,9,217970
3680,0.000551,74.125.24.0-255,2902,47909,9,217970
3681,0.000553,172.31.36.0-255,66,47975,9,217970
3682,0.000557,74.125.24.0-255,1484,49459,9,217970
3683,0.00059,74.125.24.0-255,4320,53779,9,217970
3684,0.000594,172.31.36.0-255,66,53845,9,217970
3685,0.000602,74.125.24.0-255,6797,60642,9,217970
3686,0.000604,172.31.36.0-255,66,60708,9,217970
3687,0.000612,74.125.24.0-255,7156,67864,9,217970
3688,0.000614,172.31.36.0-255,66,67930,9,217970
3689,0.000648,74.125.24.0-255,7156,75086,9,217970
3690,0.000652,172.31.36.0-255,66,75152,9,217970
3691,0.000656,74.125.24.0-255,2245,77397,9,217970
3692,0.000658,172.31.36.0-255,66,77463,9,217970
3693,0.000826,74.125.24.0-255,1484,78947,9,217970
3694,0.000832,74.125.24.0-255,2902,81849,9,217970
3695,0.000835,172.31.36.0-255,66,81915,9,217970
3696,0.000866,74.125.24.0-255,5738,87653,9,217970
3697,0.00087,172.31.36.0-255,66,87719,9,217970
3698,0.000874,74.125.24.0-255,1484,89203,9,217970
3699,0.000895,74.125.24.0-255,5365,94568,9,217970
3700,0.000898,172.31.36.0-255,66,94634,9,217970
3701,0.001315,74.125.24.0-255,1484,96118,9,217970
3702,0.001325,74.125.24.0-255,2902,99020,9,217970
3703,0.001329,172.31.36.0-255,66,99086,9,217970
3704,0.001362,74.125.24.0-255,5738,104824,9,217970
3705,0.001366,172.31.36.0-255,66,104890,9,217970
3706,0.001379,172.31.36.0-255,66,104956,9,217970
3707,0.001418,172.31.36.0-255,66,105022,9,217970
3708,0.001486,74.125.24.0-255,1484,106506,9,217970
3709,0.001504,74.125.24.0-255,2902,109408,9,217970
3710,0.001507,172.31.36.0-255,66,109474,9,217970
3711,0.001514,74.125.24.0-255,5738,115212,9,217970
3712,0.001516,172.31.36.0-255,66,115278,9,217970
3713,0.001554,172.31.36.0-255,66,115344,9,217970
3714,0.001562,74.125.24.0-255,7156,122500,9,217970
3715,0.001563,172.31.36.0-255,66,122566,9,217970
3716,0.001603,172.31.36.0-255,66,122632,9,217970
3717,0.001611,74.125.24.0-255,7156,129788,9,217970
3718,0.001614,172.31.36.0-255,66,129854,9,217970
3719,0.001638,74.125.24.0-255,4320,134174,9,217970
3720,0.001641,172.31.36.0-255,66,134240,9,217970
3721,0.001652,172.31.36.0-255,66,134306,9,217970
3722,0.001682,74.125.24.0-255,5406,139712,9,217970
3723,0.001687,172.31.36.0-255,66,139778,9,217970
3724,0.00169,74.125.24.0-255,1484,141262,9,217970
3725,0.001695,74.125.24.0-255,2902,144164,9,217970
3726,0.001697,172.31.36.0-255,66,144230,9,217970
3727,0.001734,74.125.24.0-255,1484,145714,9,217970
3728,0.001764,74.125.24.0-255,4320,150034,9,217970
3729,0.001768,172.31.36.0-255,66,150100,9,217970
3730,0.00178,172.31.36.0-255,66,150166,9,217970
3731,0.001791,172.31.36.0-255,66,150232,9,217970
3732,0.001833,74.125.24.0-255,1484,151716,9,217970
3733,0.001841,74.125.24.0-255,1484,153200,9,217970
3734,0.001844,172.31.36.0-255,66,153266,9,217970
3735,0.001872,74.125.24.0-255,1484,154750,9,217970
3736,0.001877,74.125.24.0-255,5738,160488,9,217970
3737,0.00188,172.31.36.0-255,66,160554,9,217970
3738,0.001892,172.31.36.0-255,66,160620,9,217970
3739,0.001906,172.31.36.0-255,66,160686,9,217970
3740,0.001932,74.125.24.0-255,2184,162870,9,217970
3741,0.001934,172.31.36.0-255,66,162936,9,217970
3742,0.001937,74.125.24.0-255,1484,164420,9,217970
3743,0.001971,172.31.36.0-255,66,164486,9,217970
3744,0.001981,172.31.36.0-255,66,164552,9,217970
3745,0.002008,74.125.24.0-255,4320,168872,9,217970
3746,0.00201,172.31.36.0-255,66,168938,9,217970
3747,0.00202,172.31.36.0-255,66,169004,9,217970
3748,0.002067,74.125.24.0-255,1484,170488,9,217970
3749,0.002083,74.125.24.0-255,2902,173390,9,217970
3750,0.002085,172.31.36.0-255,66,173456,9,217970
3751,0.00209,74.125.24.0-255,4320,177776,9,217970
3752,0.002093,172.31.36.0-255,66,177842,9,217970
3753,0.002118,74.125.24.0-255,1484,179326,9,217970
3754,0.002122,74.125.24.0-255,4320,183646,9,217970
3755,0.002125,172.31.36.0-255,66,183712,9,217970
3756,0.00213,74.125.24.0-255,5738,189450,9,217970
3757,0.002133,172.31.36.0-255,66,189516,9,217970
3758,0.00214,74.125.24.0-255,7156,196672,9,217970
3759,0.002142,172.31.36.0-255,66,196738,9,217970
3760,0.002168,74.125.24.0-255,4320,201058,9,217970
3761,0.00217,172.31.36.0-255,66,201124,9,217970
3762,0.002174,74.125.24.0-255,2184,203308,9,217970
3763,0.002176,172.31.36.0-255,66,203374,9,217970
3764,0.002209,74.125.24.0-255,4320,207694,9,217970
3765,0.002212,172.31.36.0-255,66,207760,9,217970
3766,0.002236,74.125.24.0-255,2902,210662,9,217970
3767,0.002238,172.31.36.0-255,66,210728,9,217970
3768,0.002248,172.31.36.0-255,66,210794,9,217970
3769,0.002262,172.31.36.0-255,66,210860,9,217970
3770,0.002292,74.125.24.0-255,5738,216598,9,217970
3771,0.002295,172.31.36.0-255,66,216664,9,217970
3772,0.002298,74.125.24.0-255,766,217430,9,217970
3773,0.002308,172.31.36.0-255,66,217496,9,217970
3774,0.002342,172.31.36.0-255,66,217562,9,217970
3775,0.002355,172.31.36.0-255,66,217628,9,217970
3776,0.002358,74.125.24.0-255,105,217733,9,217970
3777,0.007381,172.31.36.0-255,66,217799,9,217970
3778,0.007407,172.31.36.0-255,105,217904,9,217970
3779,0.009681,74.125.24.0-255,66,217970,9,217970
3780,0.0,74.125.24.0-255,153,153,9,318203
3781,2.8e-05,172.31.36.0-255,66,219,9,318203
3782,3.5e-05,74.125.24.0-255,1484,1703,9,318203
3783,4e-05,172.31.36.0-255,66,1769,9,318203
3784,4.4e-05,74.125.24.0-255,2902,4671,9,318203
3785,4.7e-05,172.31.36.0-255,66,4737,9,318203
3786,7.3e-05,74.125.24.0-255,5738,10475,9,318203
3787,7.5e-05,172.31.36.0-255,66,10541,9,318203
3788,0.000144,74.125.24.0-255,6299,16840,9,318203
3789,0.000149,172.31.36.0-255,66,16906,9,318203
3790,0.000156,74.125.24.0-255,7156,24062,9,318203
3791,0.000159,172.31.36.0-255,66,24128,9,318203
3792,0.000166,74.125.24.0-255,6797,30925,9,318203
3793,0.000169,172.31.36.0-255,66,30991,9,318203
3794,0.000176,74.125.24.0-255,7156,38147,9,318203
3795,0.000178,172.31.36.0-255,66,38213,9,318203
3796,0.000218,172.31.36.0-255,66,38279,9,318203
3797,0.000314,74.125.24.0-255,1484,39763,9,318203
3798,0.000318,74.125.24.0-255,2902,42665,9,318203
3799,0.000319,172.31.36.0-255,66,42731,9,318203
3800,0.000324,172.31.36.0-255,66,42797,9,318203
3801,0.000343,74.125.24.0-255,4320,47117,9,318203
3802,0.000346,172.31.36.0-255,66,47183,9,318203
3803,0.000366,74.125.24.0-255,1484,48667,9,318203
3804,0.000368,172.31.36.0-255,66,48733,9,318203
3805,0.000378,74.125.24.0-255,6797,55530,9,318203
3806,0.000381,172.31.36.0-255,66,55596,9,318203
3807,0.000414,74.125.24.0-255,1484,57080,9,318203
3808,0.000417,172.31.36.0-255,66,57146,9,318203
3809,0.000421,74.125.24.0-255,1484,58630,9,318203
3810,0.000423,172.31.36.0-255,66,58696,9,318203
3811,0.00044,74.125.24.0-255,1484,60180,9,318203
3812,0.000448,74.125.24.0-255,5738,65918,9,318203
3813,0.000451,172.31.36.0-255,66,65984,9,318203
3814,0.000459,74.125.24.0-255,6797,72781,9,318203
3815,0.000462,172.31.36.0-255,66,72847,9,318203
3816,0.000477,74.125.24.0-255,648,73495,9,318203
3817,0.00051,74.125.24.0-255,1484,74979,9,318203
3818,0.000513,172.31.36.0-255,66,75045,9,318203
3819,0.000518,74.125.24.0-255,2902,77947,9,318203
3820,0.000521,172.31.36.0-255,66,78013,9,318203
3821,0.000546,74.125.24.0-255,1484,79497,9,318203
3822,0.000557,172.31.36.0-255,66,79563,9,318203
3823,0.000581,74.125.24.0-255,7156,86719,9,318203
3824,0.000584,172.31.36.0-255,66,86785,9,318203
3825,0.000615,74.125.24.0-255,459,87244,9,318203
3826,0.000617,172.31.36.0-255,66,87310,9,318203
3827,0.000677,74.125.24.0-255,5738,93048,9,318203
3828,0.000681,172.31.36.0-255,66,93114,9,318203
3829,0.000707,172.31.36.0-255,66,93180,9,318203
3830,0.000835,74.125.24.0-255,1484,94664,9,318203
3831,0.000849,74.125.24.0-255,2902,97566,9,318203
3832,0.000853,172.31.36.0-255,66,97632,9,318203
3833,0.000862,74.125.24.0-255,5738,103370,9,318203
3834,0.000863,172.31.36.0-255,66,103436,9,318203
3835,0.000896,172.31.36.0-255,66,103502,9,318203
3836,0.00092,74.125.24.0-255,2902,106404,9,318203
3837,0.000925,172.31.36.0-255,66,106470,9,318203
3838,0.00093,172.31.36.0-255,66,106536,9,318203
3839,0.000944,74.125.24.0-255,2184,108720,9,318203
3840,0.000947,172.31.36.0-255,66,108786,9,318203
3841,0.001863,74.125.24.0-255,1484,110270,9,318203
3842,0.001874,74.125.24.0-255,2902,113172,9,318203
3843,0.001878,172.31.36.0-255,66,113238,9,318203
3844,0.001885,74.125.24.0-255,5738,118976,9,318203
3845,0.001887,172.31.36.0-255,66,119042,9,318203
3846,0.001908,74.125.24.0-255,7156,126198,9,318203
3847,0.00191,172.31.36.0-255,66,126264,9,318203
3848,0.00194,74.125.24.0-255,5738,132002,9,318203
3849,0.001943,172.31.36.0-255,66,132068,9,318203
3850,0.00195,74.125.24.0-255,7156,139224,9,318203
3851,0.001952,172.31.36.0-255,66,139290,9,318203
3852,0.002002,74.125.24.0-255,3602,142892,9,318203
3853,0.002005,172.31.36.0-255,66,142958,9,318203
3854,0.002037,74.125.24.0-255,1484,144442,9,318203
3855,0.002041,74.125.24.0-255,2902,147344,9,318203
3856,0.002044,172.31.36.0-255,66,147410,9,318203
3857,0.002064,74.125.24.0-255,5738,153148,9,318203
3858,0.002067,172.31.36.0-255,66,153214,9,318203
3859,0.002085,74.125.24.0-255,5738,158952,9,318203
3860,0.002088,172.31.36.0-255,66,159018,9,318203
3861,0.002117,74.125.24.0-255,7156,166174,9,318203
3862,0.00212,172.31.36.0-255,66,166240,9,318203
3863,0.002126,74.125.24.0-255,5738,171978,9,318203
3864,0.002128,172.31.36.0-255,66,172044,9,318203
3865,0.002154,74.125.24.0-255,5020,177064,9,318203
3866,0.002156,172.31.36.0-255,66,177130,9,318203
3867,0.004194,74.125.24.0-255,5738,182868,9,318203
3868,0.0042,172.31.36.0-255,66,182934,9,318203
3869,0.006207,74.125.24.0-255,4320,187254,9,318203
3870,0.006212,172.31.36.0-255,66,187320,9,318203
3871,0.00623,74.125.24.0-255,1484,188804,9,318203
3872,0.008278,74.125.24.0-255,4320,193124,9,318203
3873,0.008285,172.31.36.0-255,66,193190,9,318203
3874,0.010328,74.125.24.0-255,5738,198928,9,318203
3875,0.010338,172.31.36.0-255,66,198994,9,318203
3876,0.01236,74.125.24.0-255,5738,204732,9,318203
3877,0.012368,172.31.36.0-255,66,204798,9,318203
3878,0.01439,74.125.24.0-255,5738,210536,9,318203
3879,0.014399,172.31.36.0-255,66,210602,9,318203
3880,0.016449,74.125.24.0-255,5738,216340,9,318203
3881,0.01646,172.31.36.0-255,66,216406,9,318203
3882,0.018515,74.125.24.0-255,5738,222144,9,318203
3883,0.018524,172.31.36.0-255,66,222210,9,318203
3884,0.02057,74.125.24.0-255,5738,227948,9,318203
3885,0.020577,172.31.36.0-255,66,228014,9,318203
3886,0.02264,74.125.24.0-255,5738,233752,9,318203
3887,0.02265,172.31.36.0-255,66,233818,9,318203
3888,0.024707,74.125.24.0-255,4320,238138,9,318203
3889,0.024715,172.31.36.0-255,66,238204,9,318203
3890,0.024732,74.125.24.0-255,1484,239688,9,318203
3891,0.025694,172.31.36.0-255,176,239864,9,318203
3892,0.025727,172.31.36.0-255,1115,240979,9,318203
3893,0.025772,172.31.36.0-255,1514,242493,9,318203
3894,0.025774,172.31.36.0-255,1514,244007,9,318203
3895,0.025775,172.31.36.0-255,1514,245521,9,318203
3896,0.025777,172.31.36.0-255,1514,247035,9,318203
3897,0.025803,172.31.36.0-255,1486,248521,9,318203
3898,0.02674,74.125.24.0-255,4320,252841,9,318203
3899,0.026746,172.31.36.0-255,66,252907,9,318203
3900,0.027235,104.244.42.0-255,66,252973,9,318203
3901,0.027309,104.244.42.0-255,66,253039,9,318203
3902,0.027359,104.244.42.0-255,66,253105,9,318203
3903,0.028792,74.125.24.0-255,5738,258843,9,318203
3904,0.028798,172.31.36.0-255,66,258909,9,318203
3905,0.03086,74.125.24.0-255,2902,261811,9,318203
3906,0.030865,172.31.36.0-255,66,261877,9,318203
3907,0.030895,74.125.24.0-255,2902,264779,9,318203
3908,0.030899,172.31.36.0-255,66,264845,9,318203
3909,0.032903,74.125.24.0-255,2902,267747,9,318203
3910,0.03291,172.31.36.0-255,66,267813,9,318203
3911,0.032944,74.125.24.0-255,2902,270715,9,318203
3912,0.032947,172.31.36.0-255,66,270781,9,318203
3913,0.034938,74.125.24.0-255,2902,273683,9,318203
3914,0.034943,172.31.36.0-255,66,273749,9,318203
3915,0.034978,74.125.24.0-255,2902,276651,9,318203
3916,0.034981,172.31.36.0-255,66,276717,9,318203
3917,0.036987,74.125.24.0-255,2902,279619,9,318203
3918,0.036993,172.31.36.0-255,66,279685,9,318203
3919,0.037021,74.125.24.0-255,2902,282587,9,318203
3920,0.037025,172.31.36.0-255,66,282653,9,318203
3921,0.039032,74.125.24.0-255,2902,285555,9,318203
3922,0.039037,172.31.36.0-255,66,285621,9,318203
3923,0.039068,74.125.24.0-255,2902,288523,9,318203
3924,0.039071,172.31.36.0-255,66,288589,9,318203
3925,0.041055,74.125.24.0-255,2902,291491,9,318203
3926,0.04106,172.31.36.0-255,66,291557,9,318203
3927,0.04109,74.125.24.0-255,2902,294459,9,318203
3928,0.041093,172.31.36.0-255,66,294525,9,318203
3929,0.043072,74.125.24.0-255,2902,297427,9,318203
3930,0.043077,172.31.36.0-255,66,297493,9,318203
3931,0.04311,74.125.24.0-255,1484,298977,9,318203
3932,0.043128,74.125.24.0-255,1484,300461,9,318203
3933,0.04313,172.31.36.0-255,66,300527,9,318203
3934,0.045125,74.125.24.0-255,2902,303429,9,318203
3935,0.045131,172.31.36.0-255,66,303495,9,318203
3936,0.045159,74.125.24.0-255,2902,306397,9,318203
3937,0.045161,172.31.36.0-255,66,306463,9,318203
3938,0.047167,74.125.24.0-255,2902,309365,9,318203
3939,0.047173,172.31.36.0-255,66,309431,9,318203
3940,0.047203,74.125.24.0-255,2902,312333,9,318203
3941,0.047206,172.31.36.0-255,66,312399,9,318203
3942,0.04922,74.125.24.0-255,5738,318137,9,318203
3943,0.049226,172.31.36.0-255,66,318203,9,318203
3944,0.0,172.217.194.0-255,143,143,9,216694
3945,5.1e-05,172.31.36.0-255,66,209,9,216694
3946,5.9e-05,172.217.194.0-255,1484,1693,9,216694
3947,6.4e-05,172.31.36.0-255,66,1759,9,216694
3948,6.9e-05,172.217.194.0-255,2902,4661,9,216694
3949,8.1e-05,172.31.36.0-255,66,4727,9,216694
3950,9.1e-05,172.217.194.0-255,7156,11883,9,216694
3951,9.4e-05,172.31.36.0-255,66,11949,9,216694
3952,9.8e-05,172.217.194.0-255,1972,13921,9,216694
3953,0.0001,172.31.36.0-255,66,13987,9,216694
3954,0.000115,172.31.36.0-255,66,14053,9,216694
3955,0.000122,172.217.194.0-255,5379,19432,9,216694
3956,0.000124,172.31.36.0-255,66,19498,9,216694
3957,0.000169,172.217.194.0-255,1484,20982,9,216694
3958,0.000172,172.31.36.0-255,66,21048,9,216694
3959,0.000176,172.217.194.0-255,1484,22532,9,216694
3960,0.000177,172.31.36.0-255,66,22598,9,216694
3961,0.0002,172.217.194.0-255,1484,24082,9,216694
3962,0.000202,172.31.36.0-255,66,24148,9,216694
3963,0.000205,172.217.194.0-255,1484,25632,9,216694
3964,0.000208,172.31.36.0-255,66,25698,9,216694
3965,0.000257,172.217.194.0-255,4320,30018,9,216694
3966,0.000261,172.31.36.0-255,66,30084,9,216694
3967,0.000278,172.31.36.0-255,66,30150,9,216694
3968,0.000289,172.31.36.0-255,66,30216,9,216694
3969,0.000365,172.217.194.0-255,1484,31700,9,216694
3970,0.000371,172.31.36.0-255,66,31766,9,216694
3971,0.000378,172.217.194.0-255,2902,34668,9,216694
3972,0.00038,172.31.36.0-255,66,34734,9,216694
3973,0.000392,172.217.194.0-255,5738,40472,9,216694
3974,0.000396,172.31.36.0-255,66,40538,9,216694
3975,0.000438,172.31.36.0-255,66,40604,9,216694
3976,0.000477,172.217.194.0-255,2902,43506,9,216694
3977,0.00048,172.31.36.0-255,66,43572,9,216694
3978,0.000519,172.31.36.0-255,66,43638,9,216694
3979,0.000522,172.217.194.0-255,766,44404,9,216694
3980,0.000618,172.217.194.0-255,1484,45888,9,216694
3981,0.000621,172.31.36.0-255,66,45954,9,216694
3982,0.000625,172.217.194.0-255,1484,47438,9,216694
3983,0.000649,172.217.194.0-255,1484,48922,9,216694
3984,0.000652,172.31.36.0-255,66,48988,9,216694
3985,0.000658,172.217.194.0-255,5738,54726,9,216694
3986,0.000661,172.31.36.0-255,66,54792,9,216694
3987,0.000672,172.217.194.0-255,4320,59112,9,216694
3988,0.000675,172.31.36.0-255,66,59178,9,216694
3989,0.000714,172.217.194.0-255,1484,60662,9,216694
3990,0.000729,172.31.36.0-255,66,60728,9,216694
3991,0.000752,172.217.194.0-255,5020,65748,9,216694
3992,0.000756,172.31.36.0-255,66,65814,9,216694
3993,0.000947,172.217.194.0-255,1484,67298,9,216694
3994,0.000952,172.217.194.0-255,1484,68782,9,216694
3995,0.000956,172.31.36.0-255,66,68848,9,216694
3996,0.000984,172.217.194.0-255,1484,70332,9,216694
3997,0.000991,172.217.194.0-255,5738,76070,9,216694
3998,0.000994,172.31.36.0-255,66,76136,9,216694
3999,0.001001,172.217.194.0-255,7156,83292,9,216694
4000,0.001003,172.31.36.0-255,66,83358,9,216694
4001,0.001007,172.217.194.0-255,1484,84842,9,216694
4002,0.001044,172.31.36.0-255,66,84908,9,216694
4003,0.001068,172.217.194.0-255,2184,87092,9,216694
4004,0.001071,172.31.36.0-255,66,87158,9,216694
4005,0.001928,172.217.194.0-255,1484,88642,9,216694
4006,0.001938,172.217.194.0-255,2902,91544,9,216694
4007,0.001943,172.31.36.0-255,66,91610,9,216694
4008,0.001951,172.217.194.0-255,4320,95930,9,216694
4009,0.001953,172.31.36.0-255,66,95996,9,216694
4010,0.001978,172.217.194.0-255,1484,97480,9,216694
4011,0.001991,172.217.194.0-255,4320,101800,9,216694
4012,0.001994,172.31.36.0-255,66,101866,9,216694
4013,0.002025,172.31.36.0-255,66,101932,9,216694
4014,0.002036,172.31.36.0-255,66,101998,9,216694
4015,0.00208,172.31.36.0-255,66,102064,9,216694
4016,0.002102,172.31.36.0-255,66,102130,9,216694
4017,0.002112,172.31.36.0-255,66,102196,9,216694
4018,0.002312,172.217.194.0-255,1484,103680,9,216694
4019,0.004373,172.217.194.0-255,4320,108000,9,216694
4020,0.004379,172.31.36.0-255,66,108066,9,216694
4021,0.006655,172.217.194.0-255,4320,112386,9,216694
4022,0.006659,172.31.36.0-255,66,112452,9,216694
4023,0.006681,172.217.194.0-255,1484,113936,9,216694
4024,0.008931,172.217.194.0-255,4320,118256,9,216694
4025,0.008937,172.31.36.0-255,66,118322,9,216694
4026,0.011301,172.217.194.0-255,5738,124060,9,216694
4027,0.01132,172.31.36.0-255,66,124126,9,216694
4028,0.013611,172.217.194.0-255,5738,129864,9,216694
4029,0.013618,172.31.36.0-255,66,129930,9,216694
4030,0.015898,172.217.194.0-255,5738,135668,9,216694
4031,0.015905,172.31.36.0-255,66,135734,9,216694
4032,0.01818,172.217.194.0-255,5738,141472,9,216694
4033,0.018187,172.31.36.0-255,66,141538,9,216694
4034,0.02048,172.217.194.0-255,4320,145858,9,216694
4035,0.020488,172.31.36.0-255,66,145924,9,216694
4036,0.02052,172.217.194.0-255,1484,147408,9,216694
4037,0.022814,172.217.194.0-255,4320,151728,9,216694
4038,0.022822,172.31.36.0-255,66,151794,9,216694
4039,0.025097,172.217.194.0-255,5738,157532,9,216694
4040,0.025105,172.31.36.0-255,66,157598,9,216694
4041,0.027386,172.217.194.0-255,5738,163336,9,216694
4042,0.027394,172.31.36.0-255,66,163402,9,216694
4043,0.029688,172.217.194.0-255,5738,169140,9,216694
4044,0.029698,172.31.36.0-255,66,169206,9,216694
4045,0.031992,172.217.194.0-255,2902,172108,9,216694
4046,0.032002,172.31.36.0-255,66,172174,9,216694
4047,0.032044,172.217.194.0-255,2902,175076,9,216694
4048,0.032047,172.31.36.0-255,66,175142,9,216694
4049,0.034297,172.217.194.0-255,2902,178044,9,216694
4050,0.034313,172.31.36.0-255,66,178110,9,216694
4051,0.034374,172.217.194.0-255,2902,181012,9,216694
4052,0.034377,172.31.36.0-255,66,181078,9,216694
4053,0.036568,172.217.194.0-255,2902,183980,9,216694
4054,0.036577,172.31.36.0-255,66,184046,9,216694
4055,0.036649,172.217.194.0-255,2902,186948,9,216694
4056,0.036654,172.31.36.0-255,66,187014,9,216694
4057,0.038855,172.217.194.0-255,2902,189916,9,216694
4058,0.038872,172.31.36.0-255,66,189982,9,216694
4059,0.03893,172.217.194.0-255,2902,192884,9,216694
4060,0.038933,172.31.36.0-255,66,192950,9,216694
4061,0.041125,172.217.194.0-255,2902,195852,9,216694
4062,0.041133,172.31.36.0-255,66,195918,9,216694
4063,0.041192,172.217.194.0-255,2902,198820,9,216694
4064,0.041197,172.31.36.0-255,66,198886,9,216694
4065,0.043437,172.217.194.0-255,2902,201788,9,216694
4066,0.043457,172.31.36.0-255,66,201854,9,216694
4067,0.043516,172.217.194.0-255,2902,204756,9,216694
4068,0.043519,172.31.36.0-255,66,204822,9,216694
4069,0.045727,172.217.194.0-255,2902,207724,9,216694
4070,0.045734,172.31.36.0-255,66,207790,9,216694
4071,0.045785,172.217.194.0-255,2902,210692,9,216694
4072,0.045789,172.31.36.0-255,66,210758,9,216694
4073,0.048038,172.217.194.0-255,2902,213660,9,216694
4074,0.048057,172.31.36.0-255,66,213726,9,216694
4075,0.048068,172.217.194.0-255,2902,216628,9,216694
4076,0.048071,172.31.36.0-255,66,216694,9,216694
4077,0.0,74.125.24.0-255,298,298,9,237160
4078,3.3e-05,172.31.36.0-255,66,364,9,237160
4079,4e-05,74.125.24.0-255,1484,1848,9,237160
4080,4.5e-05,172.31.36.0-255,66,1914,9,237160
4081,5.1e-05,74.125.24.0-255,4320,6234,9,237160
4082,5.4e-05,172.31.36.0-255,66,6300,9,237160
4083,6.2e-05,74.125.24.0-255,7156,13456,9,237160
4084,6.5e-05,172.31.36.0-255,66,13522,9,237160
4085,8.9e-05,74.125.24.0-255,451,13973,9,237160
4086,9.4e-05,172.31.36.0-255,66,14039,9,237160
4087,9.9e-05,172.31.36.0-255,66,14105,9,237160
4088,0.000102,74.125.24.0-255,1484,15589,9,237160
4089,0.000104,172.31.36.0-255,66,15655,9,237160
4090,0.000131,74.125.24.0-255,6797,22452,9,237160
4091,0.000134,172.31.36.0-255,66,22518,9,237160
4092,0.000167,74.125.24.0-255,1484,24002,9,237160
4093,0.00017,172.31.36.0-255,66,24068,9,237160
4094,0.000185,74.125.24.0-255,2902,26970,9,237160
4095,0.000186,172.31.36.0-255,66,27036,9,237160
4096,0.000189,74.125.24.0-255,1484,28520,9,237160
4097,0.000193,172.31.36.0-255,66,28586,9,237160
4098,0.000207,74.125.24.0-255,4320,32906,9,237160
4099,0.00021,172.31.36.0-255,66,32972,9,237160
4100,0.000215,74.125.24.0-255,4320,37292,9,237160
4101,0.000219,172.31.36.0-255,66,37358,9,237160
4102,0.000247,74.125.24.0-255,2902,40260,9,237160
4103,0.000249,172.31.36.0-255,66,40326,9,237160
4104,0.000261,172.31.36.0-255,66,40392,9,237160
4105,0.000264,74.125.24.0-255,1484,41876,9,237160
4106,0.000266,172.31.36.0-255,66,41942,9,237160
4107,0.000296,74.125.24.0-255,6438,48380,9,237160
4108,0.000299,172.31.36.0-255,66,48446,9,237160
4109,0.000302,74.125.24.0-255,442,48888,9,237160
4110,0.000385,74.125.24.0-255,1484,50372,9,237160
4111,0.00039,172.31.36.0-255,66,50438,9,237160
4112,0.000395,74.125.24.0-255,2902,53340,9,237160
4113,0.000398,172.31.36.0-255,66,53406,9,237160
4114,0.000425,74.125.24.0-255,5738,59144,9,237160
4115,0.000429,172.31.36.0-255,66,59210,9,237160
4116,0.00044,172.31.36.0-255,66,59276,9,237160
4117,0.000455,74.125.24.0-255,4320,63596,9,237160
4118,0.000457,172.31.36.0-255,66,63662,9,237160
4119,0.000485,74.125.24.0-255,5738,69400,9,237160
4120,0.000488,172.31.36.0-255,66,69466,9,237160
4121,0.000509,74.125.24.0-255,4706,74172,9,237160
4122,0.000512,172.31.36.0-255,66,74238,9,237160
4123,0.000751,74.125.24.0-255,1484,75722,9,237160
4124,0.000757,74.125.24.0-255,2902,78624,9,237160
4125,0.00076,172.31.36.0-255,66,78690,9,237160
4126,0.000764,74.125.24.0-255,1484,80174,9,237160
4127,0.000784,74.125.24.0-255,4320,84494,9,237160
4128,0.000788,172.31.36.0-255,66,84560,9,237160
4129,0.000792,74.125.24.0-255,7156,91716,9,237160
4130,0.000794,172.31.36.0-255,66,91782,9,237160
4131,0.000816,74.125.24.0-255,2902,94684,9,237160
4132,0.000819,172.31.36.0-255,66,94750,9,237160
4133,0.000846,172.31.36.0-255,66,94816,9,237160
4134,0.000865,74.125.24.0-255,2184,97000,9,237160
4135,0.000868,172.31.36.0-255,66,97066,9,237160
4136,0.001006,74.125.24.0-255,1484,98550,9,237160
4137,0.001011,74.125.24.0-255,2902,101452,9,237160
4138,0.001014,172.31.36.0-255,66,101518,9,237160
4139,0.001018,74.125.24.0-255,1484,103002,9,237160
4140,0.001038,74.125.24.0-255,4320,107322,9,237160
4141,0.001041,172.31.36.0-255,66,107388,9,237160
4142,0.001045,74.125.24.0-255,1484,108872,9,237160
4143,0.001069,172.31.36.0-255,66,108938,9,237160
4144,0.001085,74.125.24.0-255,2902,111840,9,237160
4145,0.00109,74.125.24.0-255,4320,116160,9,237160
4146,0.001091,172.31.36.0-255,66,116226,9,237160
4147,0.001094,172.31.36.0-255,66,116292,9,237160
4148,0.001118,74.125.24.0-255,6438,122730,9,237160
4149,0.001121,172.31.36.0-255,66,122796,9,237160
4150,0.001246,74.125.24.0-255,1484,124280,9,237160
4151,0.001251,74.125.24.0-255,1484,125764,9,237160
4152,0.001254,172.31.36.0-255,66,125830,9,237160
4153,0.001273,74.125.24.0-255,1484,127314,9,237160
4154,0.001279,74.125.24.0-255,5738,133052,9,237160
4155,0.001282,172.31.36.0-255,66,133118,9,237160
4156,0.001324,74.125.24.0-255,5738,138856,9,237160
4157,0.001327,172.31.36.0-255,66,138922,9,237160
4158,0.00135,74.125.24.0-255,1484,140406,9,237160
4159,0.001365,74.125.24.0-255,2184,142590,9,237160
4160,0.001366,172.31.36.0-255,66,142656,9,237160
4161,0.001369,172.31.36.0-255,66,142722,9,237160
4162,0.002178,74.125.24.0-255,1484,144206,9,237160
4163,0.002189,74.125.24.0-255,2902,147108,9,237160
4164,0.002193,172.31.36.0-255,66,147174,9,237160
4165,0.002214,74.125.24.0-255,4320,151494,9,237160
4166,0.002218,172.31.36.0-255,66,151560,9,237160
4167,0.002235,74.125.24.0-255,1484,153044,9,237160
4168,0.002238,74.125.24.0-255,1484,154528,9,237160
4169,0.00224,172.31.36.0-255,66,154594,9,237160
4170,0.002266,172.31.36.0-255,66,154660,9,237160
4171,0.002279,172.31.36.0-255,66,154726,9,237160
4172,0.002292,74.125.24.0-255,1484,156210,9,237160
4173,0.002297,74.125.24.0-255,2184,158394,9,237160
4174,0.002298,172.31.36.0-255,66,158460,9,237160
4175,0.002322,74.125.24.0-255,1484,159944,9,237160
4176,0.002344,74.125.24.0-255,5738,165682,9,237160
4177,0.002346,172.31.36.0-255,66,165748,9,237160
4178,0.002379,172.31.36.0-255,66,165814,9,237160
4179,0.002385,74.125.24.0-255,4320,170134,9,237160
4180,0.002387,172.31.36.0-255,66,170200,9,237160
4181,0.002411,74.125.24.0-255,2902,173102,9,237160
4182,0.002414,172.31.36.0-255,66,173168,9,237160
4183,0.002445,172.31.36.0-255,66,173234,9,237160
4184,0.002452,74.125.24.0-255,7156,180390,9,237160
4185,0.002455,172.31.36.0-255,66,180456,9,237160
4186,0.002459,74.125.24.0-255,1484,181940,9,237160
4187,0.002461,74.125.24.0-255,1484,183424,9,237160
4188,0.002463,172.31.36.0-255,78,183502,9,237160
4189,0.002476,172.31.36.0-255,78,183580,9,237160
4190,0.002505,74.125.24.0-255,7156,190736,9,237160
4191,0.002508,172.31.36.0-255,66,190802,9,237160
4192,0.002511,74.125.24.0-255,1484,192286,9,237160
4193,0.002514,74.125.24.0-255,1484,193770,9,237160
4194,0.002516,172.31.36.0-255,78,193848,9,237160
4195,0.002518,74.125.24.0-255,1484,195332,9,237160
4196,0.002521,172.31.36.0-255,78,195410,9,237160
4197,0.00255,172.31.36.0-255,66,195476,9,237160
4198,0.002563,172.31.36.0-255,66,195542,9,237160
4199,0.002566,74.125.24.0-255,1484,197026,9,237160
4200,0.00257,74.125.24.0-255,1484,198510,9,237160
4201,0.002572,172.31.36.0-255,66,198576,9,237160
4202,0.002575,74.125.24.0-255,1484,200060,9,237160
4203,0.002578,74.125.24.0-255,1484,201544,9,237160
4204,0.002581,172.31.36.0-255,66,201610,9,237160
4205,0.002588,74.125.24.0-255,7156,208766,9,237160
4206,0.002591,172.31.36.0-255,66,208832,9,237160
4207,0.00263,74.125.24.0-255,5020,213852,9,237160
4208,0.002634,172.31.36.0-255,66,213918,9,237160
4209,0.002642,74.125.24.0-255,5738,219656,9,237160
4210,0.002644,172.31.36.0-255,66,219722,9,237160
4211,0.002647,74.125.24.0-255,1484,221206,9,237160
4212,0.00268,172.31.36.0-255,66,221272,9,237160
4213,0.002692,172.31.36.0-255,66,221338,9,237160
4214,0.00273,74.125.24.0-255,4320,225658,9,237160
4215,0.002734,172.31.36.0-255,66,225724,9,237160
4216,0.002762,74.125.24.0-255,5020,230744,9,237160
4217,0.002766,172.31.36.0-255,66,230810,9,237160
4218,0.002769,74.125.24.0-255,1484,232294,9,237160
4219,0.002783,172.31.36.0-255,66,232360,9,237160
4220,0.002829,74.125.24.0-255,105,232465,9,237160
4221,0.00654,172.31.36.0-255,66,232531,9,237160
4222,0.008273,172.31.36.0-255,105,232636,9,237160
4223,0.010519,74.125.24.0-255,66,232702,9,237160
4224,0.033935,172.31.36.0-255,172,232874,9,237160
4225,0.033966,172.31.36.0-255,1116,233990,9,237160
4226,0.034008,172.31.36.0-255,1514,235504,9,237160
4227,0.03401,172.31.36.0-255,1284,236788,9,237160
4228,0.035494,104.244.42.0-255,66,236854,9,237160
4229,0.035519,104.244.42.0-255,66,236920,9,237160
4230,0.035563,104.244.42.0-255,66,236986,9,237160
4231,0.036408,104.244.42.0-255,108,237094,9,237160
4232,0.036417,172.31.36.0-255,66,237160,9,237160
4233,0.0,172.217.194.0-255,153,153,9,317189
4234,2.3e-05,172.31.36.0-255,66,219,9,317189
4235,3.1e-05,172.217.194.0-255,1484,1703,9,317189
4236,3.7e-05,172.31.36.0-255,66,1769,9,317189
4237,4.2e-05,172.217.194.0-255,2902,4671,9,317189
4238,4.5e-05,172.31.36.0-255,66,4737,9,317189
4239,5.1e-05,172.217.194.0-255,4320,9057,9,317189
4240,5.6e-05,172.31.36.0-255,66,9123,9,317189
4241,7.3e-05,172.217.194.0-255,2902,12025,9,317189
4242,7.6e-05,172.31.36.0-255,66,12091,9,317189
4243,8.1e-05,172.217.194.0-255,2084,14175,9,317189
4244,8.4e-05,172.31.36.0-255,66,14241,9,317189
4245,0.000126,172.217.194.0-255,5738,19979,9,317189
4246,0.000129,172.31.36.0-255,66,20045,9,317189
4247,0.000147,172.217.194.0-255,2902,22947,9,317189
4248,0.000149,172.31.36.0-255,66,23013,9,317189
4249,0.000162,172.217.194.0-255,1484,24497,9,317189
4250,0.000165,172.31.36.0-255,66,24563,9,317189
4251,0.000194,172.217.194.0-255,6797,31360,9,317189
4252,0.000197,172.31.36.0-255,66,31426,9,317189
4253,0.000203,172.217.194.0-255,4320,35746,9,317189
4254,0.000205,172.31.36.0-255,66,35812,9,317189
4255,0.00023,172.217.194.0-255,4320,40132,9,317189
4256,0.000233,172.31.36.0-255,66,40198,9,317189
4257,0.00024,172.217.194.0-255,7156,47354,9,317189
4258,0.000243,172.31.36.0-255,66,47420,9,317189
4259,0.000275,172.31.36.0-255,66,47486,9,317189
4260,0.000303,172.31.36.0-255,66,47552,9,317189
4261,0.000306,172.217.194.0-255,677,48229,9,317189
4262,0.000308,172.31.36.0-255,66,48295,9,317189
4263,0.00061,172.217.194.0-255,1484,49779,9,317189
4264,0.000617,172.217.194.0-255,2902,52681,9,317189
4265,0.000621,172.31.36.0-255,66,52747,9,317189
4266,0.000629,172.217.194.0-255,5738,58485,9,317189
4267,0.000632,172.31.36.0-255,66,58551,9,317189
4268,0.000659,172.217.194.0-255,5738,64289,9,317189
4269,0.000663,172.31.36.0-255,66,64355,9,317189
4270,0.000686,172.217.194.0-255,7156,71511,9,317189
4271,0.000689,172.31.36.0-255,66,71577,9,317189
4272,0.000708,172.217.194.0-255,7156,78733,9,317189
4273,0.000711,172.31.36.0-255,66,78799,9,317189
4274,0.00073,172.217.194.0-255,3602,82401,9,317189
4275,0.000734,172.31.36.0-255,66,82467,9,317189
4276,0.001114,172.217.194.0-255,1484,83951,9,317189
4277,0.001143,172.217.194.0-255,2902,86853,9,317189
4278,0.001147,172.31.36.0-255,66,86919,9,317189
4279,0.001155,172.217.194.0-255,5738,92657,9,317189
4280,0.001157,172.31.36.0-255,66,92723,9,317189
4281,0.0012,172.217.194.0-255,5738,98461,9,317189
4282,0.001203,172.31.36.0-255,66,98527,9,317189
4283,0.001221,172.217.194.0-255,7156,105683,9,317189
4284,0.001225,172.217.194.0-255,4320,110003,9,317189
4285,0.00123,172.31.36.0-255,66,110069,9,317189
4286,0.001233,172.31.36.0-255,66,110135,9,317189
4287,0.001247,172.217.194.0-255,5738,115873,9,317189
4288,0.00125,172.31.36.0-255,66,115939,9,317189
4289,0.001253,172.217.194.0-255,766,116705,9,317189
4290,0.001351,172.217.194.0-255,1484,118189,9,317189
4291,0.001354,172.31.36.0-255,66,118255,9,317189
4292,0.001359,172.217.194.0-255,1484,119739,9,317189
4293,0.001378,172.217.194.0-255,1484,121223,9,317189
4294,0.00138,172.31.36.0-255,66,121289,9,317189
4295,0.001387,172.217.194.0-255,5738,127027,9,317189
4296,0.001389,172.31.36.0-255,66,127093,9,317189
4297,0.001404,172.31.36.0-255,66,127159,9,317189
4298,0.001414,172.31.36.0-255,66,127225,9,317189
4299,0.001432,172.217.194.0-255,2184,129409,9,317189
4300,0.001435,172.31.36.0-255,66,129475,9,317189
4301,0.001448,172.217.194.0-255,1484,130959,9,317189
4302,0.001459,172.217.194.0-255,1484,132443,9,317189
4303,0.001461,172.31.36.0-255,66,132509,9,317189
4304,0.001479,172.217.194.0-255,1484,133993,9,317189
4305,0.001486,172.217.194.0-255,5738,139731,9,317189
4306,0.001489,172.31.36.0-255,66,139797,9,317189
4307,0.001494,172.217.194.0-255,4320,144117,9,317189
4308,0.001496,172.31.36.0-255,66,144183,9,317189
4309,0.001514,172.217.194.0-255,5738,149921,9,317189
4310,0.001517,172.31.36.0-255,66,149987,9,317189
4311,0.001529,172.31.36.0-255,66,150053,9,317189
4312,0.001554,172.217.194.0-255,2184,152237,9,317189
4313,0.001557,172.31.36.0-255,66,152303,9,317189
4314,0.001562,172.217.194.0-255,2902,155205,9,317189
4315,0.001564,172.31.36.0-255,66,155271,9,317189
4316,0.001624,172.217.194.0-255,7156,162427,9,317189
4317,0.001653,172.31.36.0-255,66,162493,9,317189
4318,0.001657,172.31.36.0-255,66,162559,9,317189
4319,0.001662,172.217.194.0-255,2184,164743,9,317189
4320,0.001683,172.31.36.0-255,66,164809,9,317189
4321,0.001932,172.217.194.0-255,1484,166293,9,317189
4322,0.001938,172.217.194.0-255,2902,169195,9,317189
4323,0.001941,172.31.36.0-255,66,169261,9,317189
4324,0.001946,172.217.194.0-255,2902,172163,9,317189
4325,0.001948,172.31.36.0-255,66,172229,9,317189
4326,0.001965,172.217.194.0-255,2902,175131,9,317189
4327,0.001968,172.31.36.0-255,66,175197,9,317189
4328,0.001973,172.217.194.0-255,4320,179517,9,317189
4329,0.001975,172.31.36.0-255,66,179583,9,317189
4330,0.002006,172.217.194.0-255,5738,185321,9,317189
4331,0.002023,172.217.194.0-255,7156,192477,9,317189
4332,0.002027,172.31.36.0-255,66,192543,9,317189
4333,0.002032,172.31.36.0-255,66,192609,9,317189
4334,0.002052,172.217.194.0-255,6438,199047,9,317189
4335,0.002066,172.31.36.0-255,66,199113,9,317189
4336,0.002376,172.217.194.0-255,1484,200597,9,317189
4337,0.002396,172.217.194.0-255,2902,203499,9,317189
4338,0.0024,172.217.194.0-255,1484,204983,9,317189
4339,0.007031,172.31.36.0-255,66,205049,9,317189
4340,0.009382,172.217.194.0-255,5738,210787,9,317189
4341,0.009391,172.31.36.0-255,66,210853,9,317189
4342,0.011754,172.217.194.0-255,5738,216591,9,317189
4343,0.011762,172.31.36.0-255,66,216657,9,317189
4344,0.014143,172.217.194.0-255,5738,222395,9,317189
4345,0.014153,172.31.36.0-255,66,222461,9,317189
4346,0.016521,172.217.194.0-255,5738,228199,9,317189
4347,0.016534,172.31.36.0-255,66,228265,9,317189
4348,0.0189,172.217.194.0-255,5738,234003,9,317189
4349,0.01891,172.31.36.0-255,66,234069,9,317189
4350,0.021231,172.217.194.0-255,5738,239807,9,317189
4351,0.021239,172.31.36.0-255,66,239873,9,317189
4352,0.023598,172.217.194.0-255,5738,245611,9,317189
4353,0.023607,172.31.36.0-255,66,245677,9,317189
4354,0.025965,172.217.194.0-255,5738,251415,9,317189
4355,0.025974,172.31.36.0-255,66,251481,9,317189
4356,0.028322,172.217.194.0-255,5738,257219,9,317189
4357,0.028329,172.31.36.0-255,66,257285,9,317189
4358,0.030687,172.217.194.0-255,5738,263023,9,317189
4359,0.0307,172.31.36.0-255,66,263089,9,317189
4360,0.033085,172.217.194.0-255,5738,268827,9,317189
4361,0.033097,172.31.36.0-255,66,268893,9,317189
4362,0.035465,172.217.194.0-255,5738,274631,9,317189
4363,0.035478,172.31.36.0-255,66,274697,9,317189
4364,0.037465,172.31.36.0-255,164,274861,9,317189
4365,0.037499,172.31.36.0-255,1126,275987,9,317189
4366,0.037565,172.31.36.0-255,1514,277501,9,317189
4367,0.037567,172.31.36.0-255,1514,279015,9,317189
4368,0.037568,172.31.36.0-255,1514,280529,9,317189
4369,0.037573,172.31.36.0-255,1514,282043,9,317189
4370,0.037574,172.31.36.0-255,1476,283519,9,317189
4371,0.037828,172.217.194.0-255,5738,289257,9,317189
4372,0.037835,172.31.36.0-255,66,289323,9,317189
4373,0.03904,104.244.42.0-255,66,289389,9,317189
4374,0.039093,104.244.42.0-255,66,289455,9,317189
4375,0.039144,104.244.42.0-255,66,289521,9,317189
4376,0.040172,172.217.194.0-255,5738,295259,9,317189
4377,0.040181,172.31.36.0-255,66,295325,9,317189
4378,0.042524,172.217.194.0-255,5738,301063,9,317189
4379,0.042531,172.31.36.0-255,66,301129,9,317189
4380,0.044934,172.217.194.0-255,4320,305449,9,317189
4381,0.044942,172.31.36.0-255,66,305515,9,317189
4382,0.044962,172.217.194.0-255,1484,306999,9,317189
4383,0.047292,172.217.194.0-255,4320,311319,9,317189
4384,0.047299,172.31.36.0-255,66,311385,9,317189
4385,0.049656,172.217.194.0-255,5738,317123,9,317189
4386,0.049667,172.31.36.0-255,66,317189,9,317189
4387,0.0,172.31.36.0-255,105,105,9,105
4388,0.0,74.125.24.0-255,66,66,9,66
4389,0.0,172.217.194.0-255,152,152,9,260233
4390,3.3e-05,172.31.36.0-255,66,218,9,260233
4391,4e-05,172.217.194.0-255,1484,1702,9,260233
4392,4.5e-05,172.31.36.0-255,66,1768,9,260233
4393,5e-05,172.217.194.0-255,2902,4670,9,260233
4394,5.2e-05,172.31.36.0-255,66,4736,9,260233
4395,6.6e-05,172.217.194.0-255,5738,10474,9,260233
4396,6.9e-05,172.31.36.0-255,66,10540,9,260233
4397,7.4e-05,172.217.194.0-255,2902,13442,9,260233
4398,7.7e-05,172.31.36.0-255,66,13508,9,260233
4399,0.000119,172.31.36.0-255,66,13574,9,260233
4400,0.000148,172.217.194.0-255,6797,20371,9,260233
4401,0.000152,172.31.36.0-255,66,20437,9,260233
4402,0.000209,172.217.194.0-255,1484,21921,9,260233
4403,0.000212,172.31.36.0-255,66,21987,9,260233
4404,0.000217,172.217.194.0-255,2902,24889,9,260233
4405,0.000219,172.31.36.0-255,66,24955,9,260233
4406,0.000223,172.217.194.0-255,1484,26439,9,260233
4407,0.00023,172.31.36.0-255,66,26505,9,260233
4408,0.000256,172.217.194.0-255,1484,27989,9,260233
4409,0.000259,172.31.36.0-255,66,28055,9,260233
4410,0.000265,172.217.194.0-255,2902,30957,9,260233
4411,0.000267,172.31.36.0-255,66,31023,9,260233
4412,0.000311,172.217.194.0-255,4320,35343,9,260233
4413,0.000316,172.31.36.0-255,66,35409,9,260233
4414,0.000321,172.217.194.0-255,2543,37952,9,260233
4415,0.000323,172.31.36.0-255,66,38018,9,260233
4416,0.000328,172.217.194.0-255,2902,40920,9,260233
4417,0.000332,172.31.36.0-255,66,40986,9,260233
4418,0.000334,172.217.194.0-255,7156,48142,9,260233
4419,0.000337,172.31.36.0-255,66,48208,9,260233
4420,0.000344,172.217.194.0-255,7086,55294,9,260233
4421,0.000346,172.31.36.0-255,66,55360,9,260233
4422,0.000377,172.217.194.0-255,366,55726,9,260233
4423,0.000755,172.217.194.0-255,1484,57210,9,260233
4424,0.000759,172.31.36.0-255,66,57276,9,260233
4425,0.000765,172.217.194.0-255,2902,60178,9,260233
4426,0.000768,172.31.36.0-255,66,60244,9,260233
4427,0.000796,172.217.194.0-255,5738,65982,9,260233
4428,0.000799,172.31.36.0-255,66,66048,9,260233
4429,0.000805,172.217.194.0-255,4320,70368,9,260233
4430,0.000807,172.31.36.0-255,66,70434,9,260233
4431,0.000813,172.217.194.0-255,5738,76172,9,260233
4432,0.000821,172.31.36.0-255,66,76238,9,260233
4433,0.000829,172.217.194.0-255,7156,83394,9,260233
4434,0.000831,172.31.36.0-255,66,83460,9,260233
4435,0.000861,172.217.194.0-255,4320,87780,9,260233
4436,0.000864,172.31.36.0-255,66,87846,9,260233
4437,0.000869,172.217.194.0-255,2184,90030,9,260233
4438,0.000871,172.31.36.0-255,66,90096,9,260233
4439,0.001243,172.217.194.0-255,1484,91580,9,260233
4440,0.001273,172.217.194.0-255,2902,94482,9,260233
4441,0.001277,172.31.36.0-255,66,94548,9,260233
4442,0.001283,172.217.194.0-255,2902,97450,9,260233
4443,0.001285,172.31.36.0-255,66,97516,9,260233
4444,0.001306,172.217.194.0-255,2902,100418,9,260233
4445,0.001309,172.31.36.0-255,66,100484,9,260233
4446,0.001315,172.217.194.0-255,4320,104804,9,260233
4447,0.001317,172.31.36.0-255,66,104870,9,260233
4448,0.001355,172.31.36.0-255,66,104936,9,260233
4449,0.001385,172.217.194.0-255,1484,106420,9,260233
4450,0.001391,172.217.194.0-255,4320,110740,9,260233
4451,0.001394,172.31.36.0-255,66,110806,9,260233
4452,0.001431,172.31.36.0-255,66,110872,9,260233
4453,0.001438,172.217.194.0-255,5738,116610,9,260233
4454,0.00144,172.31.36.0-255,66,116676,9,260233
4455,0.001478,172.31.36.0-255,66,116742,9,260233
4456,0.001517,172.217.194.0-255,2902,119644,9,260233
4457,0.00152,172.31.36.0-255,66,119710,9,260233
4458,0.001552,172.31.36.0-255,66,119776,9,260233
4459,0.002112,172.217.194.0-255,1484,121260,9,260233
4460,0.003606,172.217.194.0-255,1484,122744,9,260233
4461,0.003611,172.31.36.0-255,66,122810,9,260233
4462,0.003627,172.217.194.0-255,2902,125712,9,260233
4463,0.00363,172.31.36.0-255,66,125778,9,260233
4464,0.00566,172.217.194.0-255,2902,128680,9,260233
4465,0.005664,172.31.36.0-255,66,128746,9,260233
4466,0.005691,172.217.194.0-255,2902,131648,9,260233
4467,0.005693,172.31.36.0-255,66,131714,9,260233
4468,0.007723,172.217.194.0-255,2902,134616,9,260233
4469,0.007729,172.31.36.0-255,66,134682,9,260233
4470,0.007769,172.217.194.0-255,2902,137584,9,260233
4471,0.007774,172.31.36.0-255,66,137650,9,260233
4472,0.00785,172.31.36.0-255,101,137751,9,260233
4473,0.009818,172.217.194.0-255,2902,140653,9,260233
4474,0.009825,172.31.36.0-255,66,140719,9,260233
4475,0.009858,172.217.194.0-255,2902,143621,9,260233
4476,0.009862,172.31.36.0-255,66,143687,9,260233
4477,0.009897,172.217.194.0-255,66,143753,9,260233
4478,0.011949,172.217.194.0-255,5738,149491,9,260233
4479,0.011956,172.31.36.0-255,66,149557,9,260233
4480,0.014022,172.217.194.0-255,5738,155295,9,260233
4481,0.014031,172.31.36.0-255,66,155361,9,260233
4482,0.016124,172.217.194.0-255,5738,161099,9,260233
4483,0.016131,172.31.36.0-255,66,161165,9,260233
4484,0.01821,172.217.194.0-255,5738,166903,9,260233
4485,0.018218,172.31.36.0-255,66,166969,9,260233
4486,0.020316,172.217.194.0-255,5738,172707,9,260233
4487,0.020323,172.31.36.0-255,66,172773,9,260233
4488,0.022394,172.217.194.0-255,5738,178511,9,260233
4489,0.0224,172.31.36.0-255,66,178577,9,260233
4490,0.024452,172.217.194.0-255,5738,184315,9,260233
4491,0.024458,172.31.36.0-255,66,184381,9,260233
4492,0.026547,172.217.194.0-255,5738,190119,9,260233
4493,0.026555,172.31.36.0-255,66,190185,9,260233
4494,0.02868,172.217.194.0-255,5738,195923,9,260233
4495,0.028688,172.31.36.0-255,66,195989,9,260233
4496,0.030784,172.217.194.0-255,5738,201727,9,260233
4497,0.030791,172.31.36.0-255,66,201793,9,260233
4498,0.032964,172.217.194.0-255,5738,207531,9,260233
4499,0.032973,172.31.36.0-255,66,207597,9,260233
4500,0.035043,172.217.194.0-255,5738,213335,9,260233
4501,0.035051,172.31.36.0-255,66,213401,9,260233
4502,0.037134,172.217.194.0-255,5738,219139,9,260233
4503,0.037141,172.31.36.0-255,66,219205,9,260233
4504,0.039224,172.217.194.0-255,5738,224943,9,260233
4505,0.039231,172.31.36.0-255,66,225009,9,260233
4506,0.041353,172.217.194.0-255,5738,230747,9,260233
4507,0.041365,172.31.36.0-255,66,230813,9,260233
4508,0.043436,172.217.194.0-255,5738,236551,9,260233
4509,0.043444,172.31.36.0-255,66,236617,9,260233
4510,0.043504,172.31.36.0-255,176,236793,9,260233
4511,0.04354,172.31.36.0-255,1115,237908,9,260233
4512,0.043691,172.31.36.0-255,1514,239422,9,260233
4513,0.043693,172.31.36.0-255,1514,240936,9,260233
4514,0.043694,172.31.36.0-255,1514,242450,9,260233
4515,0.043695,172.31.36.0-255,107,242557,9,260233
4516,0.045049,104.244.42.0-255,66,242623,9,260233
4517,0.045068,104.244.42.0-255,66,242689,9,260233
4518,0.045244,104.244.42.0-255,66,242755,9,260233
4519,0.045251,104.244.42.0-255,66,242821,9,260233
4520,0.045545,172.217.194.0-255,5738,248559,9,260233
4521,0.045552,172.31.36.0-255,66,248625,9,260233
4522,0.047619,172.217.194.0-255,5738,254363,9,260233
4523,0.047629,172.31.36.0-255,66,254429,9,260233
4524,0.049712,172.217.194.0-255,5738,260167,9,260233
4525,0.049718,172.31.36.0-255,66,260233,9,260233
4526,0.0,172.217.194.0-255,143,143,9,269091
4527,3e-05,172.31.36.0-255,66,209,9,269091
4528,3.7e-05,172.217.194.0-255,1484,1693,9,269091
4529,4.1e-05,172.31.36.0-255,66,1759,9,269091
4530,4.6e-05,172.217.194.0-255,2902,4661,9,269091
4531,4.8e-05,172.31.36.0-255,66,4727,9,269091
4532,6.4e-05,172.217.194.0-255,7156,11883,9,269091
4533,6.6e-05,172.31.36.0-255,66,11949,9,269091
4534,9.1e-05,172.217.194.0-255,2099,14048,9,269091
4535,9.5e-05,172.31.36.0-255,66,14114,9,269091
4536,0.000188,172.217.194.0-255,1484,15598,9,269091
4537,0.000192,172.31.36.0-255,66,15664,9,269091
4538,0.000199,172.217.194.0-255,2902,18566,9,269091
4539,0.000202,172.31.36.0-255,66,18632,9,269091
4540,0.000215,172.217.194.0-255,5738,24370,9,269091
4541,0.000218,172.31.36.0-255,66,24436,9,269091
4542,0.000251,172.217.194.0-255,5738,30174,9,269091
4543,0.000254,172.31.36.0-255,66,30240,9,269091
4544,0.000282,172.217.194.0-255,1125,31365,9,269091
4545,0.000284,172.31.36.0-255,66,31431,9,269091
4546,0.000477,172.217.194.0-255,1484,32915,9,269091
4547,0.000481,172.31.36.0-255,66,32981,9,269091
4548,0.000486,172.217.194.0-255,2902,35883,9,269091
4549,0.000488,172.31.36.0-255,66,35949,9,269091
4550,0.000515,172.217.194.0-255,5738,41687,9,269091
4551,0.000524,172.31.36.0-255,66,41753,9,269091
4552,0.000554,172.217.194.0-255,5738,47491,9,269091
4553,0.000557,172.31.36.0-255,66,47557,9,269091
4554,0.000581,172.217.194.0-255,1125,48682,9,269091
4555,0.000584,172.31.36.0-255,66,48748,9,269091
4556,0.001045,172.217.194.0-255,1484,50232,9,269091
4557,0.001051,172.31.36.0-255,66,50298,9,269091
4558,0.001061,172.217.194.0-255,2902,53200,9,269091
4559,0.001063,172.31.36.0-255,66,53266,9,269091
4560,0.001078,172.217.194.0-255,5738,59004,9,269091
4561,0.00108,172.31.36.0-255,66,59070,9,269091
4562,0.001109,172.217.194.0-255,5738,64808,9,269091
4563,0.001112,172.31.36.0-255,66,64874,9,269091
4564,0.001155,172.217.194.0-255,1704,66578,9,269091
4565,0.001159,172.31.36.0-255,66,66644,9,269091
4566,0.001298,172.217.194.0-255,1484,68128,9,269091
4567,0.001305,172.217.194.0-255,2902,71030,9,269091
4568,0.001309,172.31.36.0-255,66,71096,9,269091
4569,0.001341,172.217.194.0-255,5738,76834,9,269091
4570,0.001343,172.31.36.0-255,66,76900,9,269091
4571,0.001347,172.217.194.0-255,1484,78384,9,269091
4572,0.001366,172.217.194.0-255,1484,79868,9,269091
4573,0.001368,172.31.36.0-255,66,79934,9,269091
4574,0.001399,172.217.194.0-255,7156,87090,9,269091
4575,0.001404,172.31.36.0-255,66,87156,9,269091
4576,0.001443,172.217.194.0-255,5738,92894,9,269091
4577,0.001447,172.31.36.0-255,66,92960,9,269091
4578,0.001481,172.31.36.0-255,66,93026,9,269091
4579,0.001932,172.217.194.0-255,1484,94510,9,269091
4580,0.001952,172.217.194.0-255,2902,97412,9,269091
4581,0.001957,172.31.36.0-255,66,97478,9,269091
4582,0.001964,172.217.194.0-255,5738,103216,9,269091
4583,0.001966,172.31.36.0-255,66,103282,9,269091
4584,0.001992,172.217.194.0-255,1484,104766,9,269091
4585,0.002017,172.31.36.0-255,66,104832,9,269091
4586,0.002033,172.217.194.0-255,1484,106316,9,269091
4587,0.002076,172.217.194.0-255,1484,107800,9,269091
4588,0.002079,172.31.36.0-255,66,107866,9,269091
4589,0.002112,172.217.194.0-255,7156,115022,9,269091
4590,0.002115,172.31.36.0-255,66,115088,9,269091
4591,0.002141,172.217.194.0-255,2184,117272,9,269091
4592,0.002143,172.31.36.0-255,66,117338,9,269091
4593,0.002221,172.217.194.0-255,1484,118822,9,269091
4594,0.002236,172.217.194.0-255,2902,121724,9,269091
4595,0.002239,172.31.36.0-255,66,121790,9,269091
4596,0.002262,172.217.194.0-255,2902,124692,9,269091
4597,0.002264,172.31.36.0-255,66,124758,9,269091
4598,0.002292,172.217.194.0-255,2902,127660,9,269091
4599,0.002294,172.31.36.0-255,66,127726,9,269091
4600,0.002297,172.217.194.0-255,1484,129210,9,269091
4601,0.002339,172.217.194.0-255,7156,136366,9,269091
4602,0.002341,172.31.36.0-255,66,136432,9,269091
4603,0.002353,172.217.194.0-255,1484,137916,9,269091
4604,0.002363,172.217.194.0-255,5738,143654,9,269091
4605,0.002365,172.31.36.0-255,66,143720,9,269091
4606,0.0024,172.31.36.0-255,66,143786,9,269091
4607,0.004697,172.217.194.0-255,5738,149524,9,269091
4608,0.004703,172.31.36.0-255,66,149590,9,269091
4609,0.006995,172.217.194.0-255,5738,155328,9,269091
4610,0.007001,172.31.36.0-255,66,155394,9,269091
4611,0.009319,172.217.194.0-255,5738,161132,9,269091
4612,0.009327,172.31.36.0-255,66,161198,9,269091
4613,0.011623,172.217.194.0-255,5738,166936,9,269091
4614,0.01163,172.31.36.0-255,66,167002,9,269091
4615,0.013929,172.217.194.0-255,5738,172740,9,269091
4616,0.013938,172.31.36.0-255,66,172806,9,269091
4617,0.016265,172.217.194.0-255,5738,178544,9,269091
4618,0.016276,172.31.36.0-255,66,178610,9,269091
4619,0.018582,172.217.194.0-255,5738,184348,9,269091
4620,0.018591,172.31.36.0-255,66,184414,9,269091
4621,0.020874,172.217.194.0-255,5738,190152,9,269091
4622,0.020882,172.31.36.0-255,66,190218,9,269091
4623,0.023165,172.217.194.0-255,5738,195956,9,269091
4624,0.023171,172.31.36.0-255,66,196022,9,269091
4625,0.025447,172.217.194.0-255,5738,201760,9,269091
4626,0.025455,172.31.36.0-255,66,201826,9,269091
4627,0.027749,172.217.194.0-255,5738,207564,9,269091
4628,0.027757,172.31.36.0-255,66,207630,9,269091
4629,0.029825,172.31.36.0-255,172,207802,9,269091
4630,0.029868,172.31.36.0-255,1116,208918,9,269091
4631,0.029938,172.31.36.0-255,1514,210432,9,269091
4632,0.02994,172.31.36.0-255,1514,211946,9,269091
4633,0.029944,172.31.36.0-255,1514,213460,9,269091
4634,0.029945,172.31.36.0-255,1514,214974,9,269091
4635,0.029965,172.31.36.0-255,1485,216459,9,269091
4636,0.030016,172.217.194.0-255,5738,222197,9,269091
4637,0.030021,172.31.36.0-255,66,222263,9,269091
4638,0.03139,104.244.42.0-255,66,222329,9,269091
4639,0.031412,104.244.42.0-255,66,222395,9,269091
4640,0.031559,104.244.42.0-255,66,222461,9,269091
4641,0.031566,104.244.42.0-255,66,222527,9,269091
4642,0.032328,172.217.194.0-255,5738,228265,9,269091
4643,0.032334,172.31.36.0-255,66,228331,9,269091
4644,0.034652,172.217.194.0-255,2902,231233,9,269091
4645,0.034658,172.31.36.0-255,66,231299,9,269091
4646,0.034689,172.217.194.0-255,2902,234201,9,269091
4647,0.034693,172.31.36.0-255,66,234267,9,269091
4648,0.036989,172.217.194.0-255,5738,240005,9,269091
4649,0.036997,172.31.36.0-255,66,240071,9,269091
4650,0.039263,172.217.194.0-255,5738,245809,9,269091
4651,0.039269,172.31.36.0-255,66,245875,9,269091
4652,0.041557,172.217.194.0-255,5738,251613,9,269091
4653,0.041578,172.31.36.0-255,66,251679,9,269091
4654,0.043897,172.217.194.0-255,5738,257417,9,269091
4655,0.043903,172.31.36.0-255,66,257483,9,269091
4656,0.046188,172.217.194.0-255,5738,263221,9,269091
4657,0.046194,172.31.36.0-255,66,263287,9,269091
4658,0.048488,172.217.194.0-255,5738,269025,9,269091
4659,0.048493,172.31.36.0-255,66,269091,9,269091
4660,0.0,74.125.24.0-255,148,148,9,201691
4661,1.4e-05,172.31.36.0-255,66,214,9,201691
4662,2.2e-05,74.125.24.0-255,1484,1698,9,201691
4663,2.6e-05,172.31.36.0-255,66,1764,9,201691
4664,3.2e-05,74.125.24.0-255,2902,4666,9,201691
4665,4.2e-05,172.31.36.0-255,66,4732,9,201691
4666,5e-05,74.125.24.0-255,7156,11888,9,201691
4667,5.4e-05,172.31.36.0-255,66,11954,9,201691
4668,5.8e-05,74.125.24.0-255,2002,13956,9,201691
4669,6.1e-05,172.31.36.0-255,66,14022,9,201691
4670,0.000154,74.125.24.0-255,1484,15506,9,201691
4671,0.000158,172.31.36.0-255,66,15572,9,201691
4672,0.000163,74.125.24.0-255,2902,18474,9,201691
4673,0.000166,172.31.36.0-255,66,18540,9,201691
4674,0.000172,74.125.24.0-255,5738,24278,9,201691
4675,0.000179,172.31.36.0-255,66,24344,9,201691
4676,0.000217,74.125.24.0-255,1484,25828,9,201691
4677,0.000219,172.31.36.0-255,66,25894,9,201691
4678,0.000265,74.125.24.0-255,5379,31273,9,201691
4679,0.000269,172.31.36.0-255,66,31339,9,201691
4680,0.000492,74.125.24.0-255,1484,32823,9,201691
4681,0.000498,172.31.36.0-255,66,32889,9,201691
4682,0.000504,74.125.24.0-255,2902,35791,9,201691
4683,0.000507,172.31.36.0-255,66,35857,9,201691
4684,0.000513,74.125.24.0-255,5738,41595,9,201691
4685,0.00052,172.31.36.0-255,66,41661,9,201691
4686,0.000525,74.125.24.0-255,4320,45981,9,201691
4687,0.000527,172.31.36.0-255,66,46047,9,201691
4688,0.000576,172.31.36.0-255,66,46113,9,201691
4689,0.000583,74.125.24.0-255,6797,52910,9,201691
4690,0.000586,172.31.36.0-255,66,52976,9,201691
4691,0.000598,74.125.24.0-255,400,53376,9,201691
4692,0.000646,74.125.24.0-255,376,53752,9,201691
4693,0.000816,74.125.24.0-255,1484,55236,9,201691
4694,0.000821,172.31.36.0-255,66,55302,9,201691
4695,0.000827,74.125.24.0-255,2902,58204,9,201691
4696,0.000829,172.31.36.0-255,66,58270,9,201691
4697,0.00084,74.125.24.0-255,5738,64008,9,201691
4698,0.000843,172.31.36.0-255,66,64074,9,201691
4699,0.000896,172.31.36.0-255,66,64140,9,201691
4700,0.0009,74.125.24.0-255,1484,65624,9,201691
4701,0.000936,172.31.36.0-255,66,65690,9,201691
4702,0.000951,74.125.24.0-255,5738,71428,9,201691
4703,0.000953,172.31.36.0-255,66,71494,9,201691
4704,0.000984,74.125.24.0-255,4320,75814,9,201691
4705,0.001018,74.125.24.0-255,2902,78716,9,201691
4706,0.001023,74.125.24.0-255,3602,82318,9,201691
4707,0.001041,172.31.36.0-255,66,82384,9,201691
4708,0.001145,74.125.24.0-255,1484,83868,9,201691
4709,0.001162,74.125.24.0-255,2902,86770,9,201691
4710,0.001169,74.125.24.0-255,5738,92508,9,201691
4711,0.001174,74.125.24.0-255,4320,96828,9,201691
4712,0.001193,172.31.36.0-255,66,96894,9,201691
4713,0.001197,74.125.24.0-255,1484,98378,9,201691
4714,0.001226,74.125.24.0-255,4320,102698,9,201691
4715,0.001233,74.125.24.0-255,5020,107718,9,201691
4716,0.001238,172.31.36.0-255,66,107784,9,201691
4717,0.00142,74.125.24.0-255,1484,109268,9,201691
4718,0.001426,74.125.24.0-255,2902,112170,9,201691
4719,0.001431,74.125.24.0-255,4320,116490,9,201691
4720,0.001441,74.125.24.0-255,1484,117974,9,201691
4721,0.001451,172.31.36.0-255,66,118040,9,201691
4722,0.001541,172.31.36.0-255,66,118106,9,201691
4723,0.001557,74.125.24.0-255,1484,119590,9,201691
4724,0.00158,74.125.24.0-255,6438,126028,9,201691
4725,0.001594,172.31.36.0-255,66,126094,9,201691
4726,0.001638,74.125.24.0-255,1484,127578,9,201691
4727,0.001642,74.125.24.0-255,2902,130480,9,201691
4728,0.001661,74.125.24.0-255,5738,136218,9,201691
4729,0.001668,172.31.36.0-255,66,136284,9,201691
4730,0.001724,172.31.36.0-255,66,136350,9,201691
4731,0.001762,74.125.24.0-255,2184,138534,9,201691
4732,0.001777,172.31.36.0-255,66,138600,9,201691
4733,0.00179,74.125.24.0-255,5738,144338,9,201691
4734,0.001796,172.31.36.0-255,66,144404,9,201691
4735,0.001815,74.125.24.0-255,1484,145888,9,201691
4736,0.001845,74.125.24.0-255,766,146654,9,201691
4737,0.001863,172.31.36.0-255,66,146720,9,201691
4738,0.001904,74.125.24.0-255,7156,153876,9,201691
4739,0.001925,172.31.36.0-255,66,153942,9,201691
4740,0.001933,74.125.24.0-255,7156,161098,9,201691
4741,0.001938,172.31.36.0-255,66,161164,9,201691
4742,0.001976,74.125.24.0-255,766,161930,9,201691
4743,0.001995,172.31.36.0-255,66,161996,9,201691
4744,0.002015,74.125.24.0-255,1484,163480,9,201691
4745,0.002021,74.125.24.0-255,2902,166382,9,201691
4746,0.002027,74.125.24.0-255,5738,172120,9,201691
4747,0.00203,74.125.24.0-255,1484,173604,9,201691
4748,0.002049,74.125.24.0-255,5738,179342,9,201691
4749,0.002051,172.31.36.0-255,66,179408,9,201691
4750,0.002057,172.31.36.0-255,66,179474,9,201691
4751,0.002104,74.125.24.0-255,2184,181658,9,201691
4752,0.002108,74.125.24.0-255,2902,184560,9,201691
4753,0.002116,74.125.24.0-255,7156,191716,9,201691
4754,0.002188,172.31.36.0-255,66,191782,9,201691
4755,0.0022,74.125.24.0-255,2902,194684,9,201691
4756,0.002206,74.125.24.0-255,1484,196168,9,201691
4757,0.002225,74.125.24.0-255,892,197060,9,201691
4758,0.002238,74.125.24.0-255,105,197165,9,201691
4759,0.002257,172.31.36.0-255,66,197231,9,201691
4760,0.01065,172.31.36.0-255,105,197336,9,201691
4761,0.012899,74.125.24.0-255,66,197402,9,201691
4762,0.031262,172.31.36.0-255,176,197578,9,201691
4763,0.031294,172.31.36.0-255,1115,198693,9,201691
4764,0.031358,172.31.36.0-255,1514,200207,9,201691
4765,0.03136,172.31.36.0-255,1286,201493,9,201691
4766,0.032823,104.244.42.0-255,66,201559,9,201691
4767,0.032861,104.244.42.0-255,66,201625,9,201691
4768,0.032889,104.244.42.0-255,66,201691,9,201691
4769,0.0,74.125.68.0-255,97,97,9,229
4770,0.00173,74.125.68.0-255,66,163,9,229
4771,0.039911,172.31.36.0-255,66,229,9,229
4772,0.0,172.31.36.0-255,66,66,9,66
4773,0.0,172.217.194.0-255,146,146,9,223980
4774,3.4e-05,172.31.36.0-255,66,212,9,223980
4775,4e-05,172.217.194.0-255,1484,1696,9,223980
4776,4.5e-05,172.31.36.0-255,66,1762,9,223980
4777,5e-05,172.217.194.0-255,2902,4664,9,223980
4778,5.2e-05,172.31.36.0-255,66,4730,9,223980
4779,5.9e-05,172.217.194.0-255,7156,11886,9,223980
4780,7.2e-05,172.31.36.0-255,66,11952,9,223980
4781,7.9e-05,172.217.194.0-255,6255,18207,9,223980
4782,8.2e-05,172.31.36.0-255,66,18273,9,223980
4783,0.000111,172.217.194.0-255,1484,19757,9,223980
4784,0.000113,172.31.36.0-255,66,19823,9,223980
4785,0.000154,172.31.36.0-255,66,19889,9,223980
4786,0.000217,172.217.194.0-255,1484,21373,9,223980
4787,0.00022,172.31.36.0-255,66,21439,9,223980
4788,0.000225,172.217.194.0-255,2902,24341,9,223980
4789,0.000228,172.31.36.0-255,66,24407,9,223980
4790,0.000239,172.217.194.0-255,5738,30145,9,223980
4791,0.000242,172.31.36.0-255,66,30211,9,223980
4792,0.000247,172.217.194.0-255,5738,35949,9,223980
4793,0.00025,172.31.36.0-255,66,36015,9,223980
4794,0.00026,172.31.36.0-255,66,36081,9,223980
4795,0.000296,172.217.194.0-255,5379,41460,9,223980
4796,0.000299,172.31.36.0-255,66,41526,9,223980
4797,0.000305,172.217.194.0-255,4253,45779,9,223980
4798,0.000308,172.31.36.0-255,66,45845,9,223980
4799,0.000465,172.217.194.0-255,364,46209,9,223980
4800,0.00047,172.31.36.0-255,66,46275,9,223980
4801,0.000567,172.217.194.0-255,1484,47759,9,223980
4802,0.000571,172.31.36.0-255,66,47825,9,223980
4803,0.000576,172.217.194.0-255,2902,50727,9,223980
4804,0.000579,172.31.36.0-255,66,50793,9,223980
4805,0.000604,172.217.194.0-255,5738,56531,9,223980
4806,0.000608,172.31.36.0-255,66,56597,9,223980
4807,0.000645,172.31.36.0-255,66,56663,9,223980
4808,0.000659,172.217.194.0-255,2543,59206,9,223980
4809,0.000666,172.31.36.0-255,66,59272,9,223980
4810,0.000671,172.217.194.0-255,4320,63592,9,223980
4811,0.000673,172.31.36.0-255,66,63658,9,223980
4812,0.000714,172.217.194.0-255,7156,70814,9,223980
4813,0.000718,172.31.36.0-255,66,70880,9,223980
4814,0.000721,172.217.194.0-255,1125,72005,9,223980
4815,0.000723,172.31.36.0-255,66,72071,9,223980
4816,0.000746,172.217.194.0-255,1484,73555,9,223980
4817,0.000753,172.31.36.0-255,66,73621,9,223980
4818,0.000758,172.217.194.0-255,2902,76523,9,223980
4819,0.000761,172.31.36.0-255,66,76589,9,223980
4820,0.000768,172.217.194.0-255,5738,82327,9,223980
4821,0.000771,172.31.36.0-255,66,82393,9,223980
4822,0.000774,172.217.194.0-255,1484,83877,9,223980
4823,0.000776,172.31.36.0-255,66,83943,9,223980
4824,0.000816,172.31.36.0-255,66,84009,9,223980
4825,0.000821,172.217.194.0-255,2902,86911,9,223980
4826,0.000823,172.31.36.0-255,66,86977,9,223980
4827,0.000868,172.31.36.0-255,66,87043,9,223980
4828,0.000891,172.217.194.0-255,766,87809,9,223980
4829,0.000894,172.31.36.0-255,66,87875,9,223980
4830,0.001028,172.217.194.0-255,1484,89359,9,223980
4831,0.001032,172.31.36.0-255,66,89425,9,223980
4832,0.001037,172.217.194.0-255,2902,92327,9,223980
4833,0.001039,172.31.36.0-255,66,92393,9,223980
4834,0.001069,172.217.194.0-255,5738,98131,9,223980
4835,0.001073,172.31.36.0-255,66,98197,9,223980
4836,0.001077,172.217.194.0-255,1484,99681,9,223980
4837,0.001078,172.31.36.0-255,66,99747,9,223980
4838,0.001117,172.217.194.0-255,7156,106903,9,223980
4839,0.001121,172.31.36.0-255,66,106969,9,223980
4840,0.001134,172.31.36.0-255,66,107035,9,223980
4841,0.001145,172.217.194.0-255,5020,112055,9,223980
4842,0.001148,172.31.36.0-255,66,112121,9,223980
4843,0.001358,172.217.194.0-255,1484,113605,9,223980
4844,0.001362,172.31.36.0-255,66,113671,9,223980
4845,0.001366,172.217.194.0-255,1484,115155,9,223980
4846,0.001368,172.31.36.0-255,66,115221,9,223980
4847,0.0014,172.217.194.0-255,1484,116705,9,223980
4848,0.001403,172.31.36.0-255,66,116771,9,223980
4849,0.001415,172.217.194.0-255,5738,122509,9,223980
4850,0.001417,172.31.36.0-255,66,122575,9,223980
4851,0.001423,172.217.194.0-255,5738,128313,9,223980
4852,0.001425,172.31.36.0-255,66,128379,9,223980
4853,0.001438,172.31.36.0-255,66,128445,9,223980
4854,0.001444,172.217.194.0-255,5020,133465,9,223980
4855,0.001447,172.31.36.0-255,66,133531,9,223980
4856,0.001528,172.217.194.0-255,1484,135015,9,223980
4857,0.001532,172.31.36.0-255,66,135081,9,223980
4858,0.001536,172.217.194.0-255,1484,136565,9,223980
4859,0.001562,172.217.194.0-255,1484,138049,9,223980
4860,0.001569,172.217.194.0-255,5738,143787,9,223980
4861,0.001571,172.31.36.0-255,66,143853,9,223980
4862,0.001576,172.31.36.0-255,66,143919,9,223980
4863,0.001609,172.217.194.0-255,1484,145403,9,223980
4864,0.001643,172.31.36.0-255,66,145469,9,223980
4865,0.001667,172.31.36.0-255,66,145535,9,223980
4866,0.001695,172.217.194.0-255,1484,147019,9,223980
4867,0.0017,172.217.194.0-255,2902,149921,9,223980
4868,0.001712,172.31.36.0-255,66,149987,9,223980
4869,0.001724,172.217.194.0-255,5738,155725,9,223980
4870,0.001735,172.217.194.0-255,4320,160045,9,223980
4871,0.001736,172.31.36.0-255,66,160111,9,223980
4872,0.001741,172.31.36.0-255,66,160177,9,223980
4873,0.001784,172.31.36.0-255,66,160243,9,223980
4874,0.001831,172.31.36.0-255,66,160309,9,223980
4875,0.001888,172.217.194.0-255,1484,161793,9,223980
4876,0.001893,172.217.194.0-255,2902,164695,9,223980
4877,0.001896,172.31.36.0-255,66,164761,9,223980
4878,0.0019,172.217.194.0-255,1484,166245,9,223980
4879,0.001933,172.217.194.0-255,4320,170565,9,223980
4880,0.001955,172.31.36.0-255,66,170631,9,223980
4881,0.001961,172.31.36.0-255,66,170697,9,223980
4882,0.002006,172.217.194.0-255,1484,172181,9,223980
4883,0.002012,172.217.194.0-255,2902,175083,9,223980
4884,0.002014,172.31.36.0-255,66,175149,9,223980
4885,0.002044,172.217.194.0-255,5738,180887,9,223980
4886,0.002049,172.217.194.0-255,4320,185207,9,223980
4887,0.002051,172.31.36.0-255,66,185273,9,223980
4888,0.002055,172.31.36.0-255,66,185339,9,223980
4889,0.002073,172.217.194.0-255,4320,189659,9,223980
4890,0.002077,172.31.36.0-255,66,189725,9,223980
4891,0.002101,172.217.194.0-255,7156,196881,9,223980
4892,0.002113,172.31.36.0-255,66,196947,9,223980
4893,0.002118,172.31.36.0-255,66,197013,9,223980
4894,0.002143,172.31.36.0-255,66,197079,9,223980
4895,0.002188,172.31.36.0-255,66,197145,9,223980
4896,0.002202,172.217.194.0-255,4320,201465,9,223980
4897,0.002213,172.31.36.0-255,66,201531,9,223980
4898,0.002228,172.31.36.0-255,66,201597,9,223980
4899,0.002249,172.217.194.0-255,3602,205199,9,223980
4900,0.002256,172.217.194.0-255,7156,212355,9,223980
4901,0.002257,172.31.36.0-255,66,212421,9,223980
4902,0.002261,172.31.36.0-255,66,212487,9,223980
4903,0.002312,172.217.194.0-255,5020,217507,9,223980
4904,0.002317,172.31.36.0-255,66,217573,9,223980
4905,0.002368,172.31.36.0-255,66,217639,9,223980
4906,0.002384,172.217.194.0-255,5738,223377,9,223980
4907,0.002387,172.217.194.0-255,195,223572,9,223980
4908,0.002387,172.31.36.0-255,66,223638,9,223980
4909,0.002389,172.217.194.0-255,105,223743,9,223980
4910,0.003702,172.31.36.0-255,66,223809,9,223980
4911,0.00373,172.31.36.0-255,105,223914,9,223980
4912,0.00622,172.217.194.0-255,66,223980,9,223980
4913,0.0,172.217.194.0-255,430,430,9,146623
4914,2.8e-05,172.217.194.0-255,1484,1914,9,146623
4915,3.7e-05,172.31.36.0-255,66,1980,9,146623
4916,4.6e-05,172.217.194.0-255,4320,6300,9,146623
4917,4.9e-05,172.31.36.0-255,66,6366,9,146623
4918,5.7e-05,172.31.36.0-255,66,6432,9,146623
4919,0.000333,172.217.194.0-255,7156,13588,9,146623
4920,0.000339,172.31.36.0-255,66,13654,9,146623
4921,0.000353,172.217.194.0-255,1484,15138,9,146623
4922,0.000699,172.217.194.0-255,7080,22218,9,146623
4923,0.000705,172.31.36.0-255,66,22284,9,146623
4924,0.002429,172.217.194.0-255,5738,28022,9,146623
4925,0.002436,172.31.36.0-255,66,28088,9,146623
4926,0.002492,172.217.194.0-255,1484,29572,9,146623
4927,0.002532,172.217.194.0-255,7156,36728,9,146623
4928,0.002851,172.217.194.0-255,4320,41048,9,146623
4929,0.003447,172.217.194.0-255,2902,43950,9,146623
4930,0.004039,172.217.194.0-255,4320,48270,9,146623
4931,0.004526,172.217.194.0-255,5738,54008,9,146623
4932,0.004623,172.31.36.0-255,66,54074,9,146623
4933,0.004794,172.31.36.0-255,66,54140,9,146623
4934,0.005099,172.31.36.0-255,66,54206,9,146623
4935,0.006967,172.217.194.0-255,7156,61362,9,146623
4936,0.006974,172.31.36.0-255,66,61428,9,146623
4937,0.006999,172.217.194.0-255,7156,68584,9,146623
4938,0.007089,172.217.194.0-255,4320,72904,9,146623
4939,0.007123,172.217.194.0-255,1484,74388,9,146623
4940,0.007441,172.217.194.0-255,5626,80014,9,146623
4941,0.007473,172.217.194.0-255,2902,82916,9,146623
4942,0.007499,172.217.194.0-255,5850,88766,9,146623
4943,0.007592,172.217.194.0-255,2902,91668,9,146623
4944,0.007792,172.217.194.0-255,5738,97406,9,146623
4945,0.009329,172.217.194.0-255,2458,99864,9,146623
4946,0.009338,172.217.194.0-255,2902,102766,9,146623
4947,0.009351,172.217.194.0-255,4320,107086,9,146623
4948,0.009382,172.217.194.0-255,7156,114242,9,146623
4949,0.009509,172.217.194.0-255,4320,118562,9,146623
4950,0.009593,172.31.36.0-255,66,118628,9,146623
4951,0.011995,172.31.36.0-255,66,118694,9,146623
4952,0.01202,172.31.36.0-255,66,118760,9,146623
4953,0.012068,172.31.36.0-255,66,118826,9,146623
4954,0.012222,172.31.36.0-255,66,118892,9,146623
4955,0.012257,172.31.36.0-255,66,118958,9,146623
4956,0.012273,172.217.194.0-255,1484,120442,9,146623
4957,0.012452,172.217.194.0-255,4320,124762,9,146623
4958,0.012456,172.31.36.0-255,66,124828,9,146623
4959,0.012495,172.31.36.0-255,66,124894,9,146623
4960,0.012696,172.217.194.0-255,7156,132050,9,146623
4961,0.012702,172.31.36.0-255,66,132116,9,146623
4962,0.012722,172.217.194.0-255,980,133096,9,146623
4963,0.014386,172.217.194.0-255,5738,138834,9,146623
4964,0.014393,172.31.36.0-255,66,138900,9,146623
4965,0.014428,172.31.36.0-255,66,138966,9,146623
4966,0.014447,172.31.36.0-255,66,139032,9,146623
4967,0.014489,172.31.36.0-255,66,139098,9,146623
4968,0.01471,172.217.194.0-255,7156,146254,9,146623
4969,0.014716,172.31.36.0-255,66,146320,9,146623
4970,0.014739,172.31.36.0-255,66,146386,9,146623
4971,0.014781,172.31.36.0-255,66,146452,9,146623
4972,0.0154,172.31.36.0-255,105,146557,9,146623
4973,0.017717,172.217.194.0-255,66,146623,9,146623
4974,0.0,74.125.24.0-255,152,152,9,270528
4975,2.3e-05,172.31.36.0-255,66,218,9,270528
4976,3e-05,74.125.24.0-255,1484,1702,9,270528
4977,3.4e-05,172.31.36.0-255,66,1768,9,270528
4978,4.9e-05,74.125.24.0-255,2902,4670,9,270528
4979,5.2e-05,172.31.36.0-255,66,4736,9,270528
4980,6e-05,74.125.24.0-255,7156,11892,9,270528
4981,6.4e-05,172.31.36.0-255,66,11958,9,270528
4982,6.9e-05,74.125.24.0-255,2021,13979,9,270528
4983,7.2e-05,172.31.36.0-255,66,14045,9,270528
4984,0.000358,74.125.24.0-255,1484,15529,9,270528
4985,0.000363,172.31.36.0-255,66,15595,9,270528
4986,0.000371,74.125.24.0-255,2902,18497,9,270528
4987,0.000374,172.31.36.0-255,66,18563,9,270528
4988,0.000386,74.125.24.0-255,5738,24301,9,270528
4989,0.000388,172.31.36.0-255,66,24367,9,270528
4990,0.000421,74.125.24.0-255,6797,31164,9,270528
4991,0.000425,172.31.36.0-255,66,31230,9,270528
4992,0.000433,74.125.24.0-255,7156,38386,9,270528
4993,0.000435,172.31.36.0-255,66,38452,9,270528
4994,0.000489,172.31.36.0-255,66,38518,9,270528
4995,0.000524,172.31.36.0-255,66,38584,9,270528
4996,0.000529,74.125.24.0-255,4320,42904,9,270528
4997,0.000531,172.31.36.0-255,66,42970,9,270528
4998,0.000554,74.125.24.0-255,1484,44454,9,270528
4999,0.000557,172.31.36.0-255,66,44520,9,270528
5000,0.00056,74.125.24.0-255,1125,45645,9,270528
5001,0.000562,172.31.36.0-255,66,45711,9,270528
5002,0.000626,74.125.24.0-255,647,46358,9,270528
5003,0.000629,172.31.36.0-255,66,46424,9,270528
5004,0.000896,74.125.24.0-255,1484,47908,9,270528
5005,0.000903,74.125.24.0-255,2902,50810,9,270528
5006,0.000907,172.31.36.0-255,66,50876,9,270528
5007,0.000912,74.125.24.0-255,2902,53778,9,270528
5008,0.000914,172.31.36.0-255,66,53844,9,270528
5009,0.000937,74.125.24.0-255,2902,56746,9,270528
5010,0.000939,172.31.36.0-255,66,56812,9,270528
5011,0.000952,172.31.36.0-255,66,56878,9,270528
5012,0.000964,172.31.36.0-255,66,56944,9,270528
5013,0.001012,74.125.24.0-255,5020,61964,9,270528
5014,0.001015,172.31.36.0-255,66,62030,9,270528
5015,0.001699,74.125.24.0-255,1484,63514,9,270528
5016,0.001707,74.125.24.0-255,1484,64998,9,270528
5017,0.001711,172.31.36.0-255,66,65064,9,270528
5018,0.001741,74.125.24.0-255,1484,66548,9,270528
5019,0.001748,74.125.24.0-255,5738,72286,9,270528
5020,0.00175,172.31.36.0-255,66,72352,9,270528
5021,0.001758,74.125.24.0-255,7156,79508,9,270528
5022,0.001761,172.31.36.0-255,66,79574,9,270528
5023,0.001791,74.125.24.0-255,5738,85312,9,270528
5024,0.001796,172.31.36.0-255,66,85378,9,270528
5025,0.001822,172.31.36.0-255,66,85444,9,270528
5026,0.00204,74.125.24.0-255,1484,86928,9,270528
5027,0.002065,74.125.24.0-255,2902,89830,9,270528
5028,0.002067,172.31.36.0-255,66,89896,9,270528
5029,0.002072,74.125.24.0-255,4320,94216,9,270528
5030,0.002074,172.31.36.0-255,66,94282,9,270528
5031,0.002099,74.125.24.0-255,1484,95766,9,270528
5032,0.002104,74.125.24.0-255,4320,100086,9,270528
5033,0.002106,172.31.36.0-255,66,100152,9,270528
5034,0.002109,74.125.24.0-255,1484,101636,9,270528
5035,0.002134,74.125.24.0-255,5738,107374,9,270528
5036,0.002136,172.31.36.0-255,66,107440,9,270528
5037,0.002164,74.125.24.0-255,4320,111760,9,270528
5038,0.002166,172.31.36.0-255,66,111826,9,270528
5039,0.002175,172.31.36.0-255,66,111892,9,270528
5040,0.00218,74.125.24.0-255,2902,114794,9,270528
5041,0.002181,172.31.36.0-255,66,114860,9,270528
5042,0.002211,74.125.24.0-255,5738,120598,9,270528
5043,0.002214,172.31.36.0-255,66,120664,9,270528
5044,0.00222,74.125.24.0-255,5738,126402,9,270528
5045,0.002222,172.31.36.0-255,66,126468,9,270528
5046,0.002225,74.125.24.0-255,1484,127952,9,270528
5047,0.002255,172.31.36.0-255,66,128018,9,270528
5048,0.00226,74.125.24.0-255,3602,131620,9,270528
5049,0.002262,172.31.36.0-255,66,131686,9,270528
5050,0.002315,74.125.24.0-255,1484,133170,9,270528
5051,0.00234,74.125.24.0-255,2902,136072,9,270528
5052,0.002343,172.31.36.0-255,66,136138,9,270528
5053,0.002347,74.125.24.0-255,2902,139040,9,270528
5054,0.002349,172.31.36.0-255,66,139106,9,270528
5055,0.002352,74.125.24.0-255,1484,140590,9,270528
5056,0.002374,74.125.24.0-255,2902,143492,9,270528
5057,0.002377,172.31.36.0-255,66,143558,9,270528
5058,0.002382,74.125.24.0-255,4320,147878,9,270528
5059,0.002384,172.31.36.0-255,66,147944,9,270528
5060,0.002409,74.125.24.0-255,4320,152264,9,270528
5061,0.00241,172.31.36.0-255,66,152330,9,270528
5062,0.00242,74.125.24.0-255,7156,159486,9,270528
5063,0.002422,172.31.36.0-255,66,159552,9,270528
5064,0.002462,74.125.24.0-255,6438,165990,9,270528
5065,0.002464,172.31.36.0-255,66,166056,9,270528
5066,0.005053,74.125.24.0-255,5738,171794,9,270528
5067,0.005063,172.31.36.0-255,66,171860,9,270528
5068,0.007629,74.125.24.0-255,5738,177598,9,270528
5069,0.007636,172.31.36.0-255,66,177664,9,270528
5070,0.010245,74.125.24.0-255,5738,183402,9,270528
5071,0.010253,172.31.36.0-255,66,183468,9,270528
5072,0.012871,74.125.24.0-255,5738,189206,9,270528
5073,0.012879,172.31.36.0-255,66,189272,9,270528
5074,0.015536,74.125.24.0-255,5738,195010,9,270528
5075,0.015545,172.31.36.0-255,66,195076,9,270528
5076,0.018167,74.125.24.0-255,5738,200814,9,270528
5077,0.018175,172.31.36.0-255,66,200880,9,270528
5078,0.020757,74.125.24.0-255,5738,206618,9,270528
5079,0.020767,172.31.36.0-255,66,206684,9,270528
5080,0.023386,74.125.24.0-255,5738,212422,9,270528
5081,0.023393,172.31.36.0-255,66,212488,9,270528
5082,0.026011,74.125.24.0-255,5738,218226,9,270528
5083,0.026019,172.31.36.0-255,66,218292,9,270528
5084,0.02864,74.125.24.0-255,5738,224030,9,270528
5085,0.028649,172.31.36.0-255,66,224096,9,270528
5086,0.03128,74.125.24.0-255,5738,229834,9,270528
5087,0.031288,172.31.36.0-255,66,229900,9,270528
5088,0.033886,74.125.24.0-255,5738,235638,9,270528
5089,0.033893,172.31.36.0-255,66,235704,9,270528
5090,0.036517,74.125.24.0-255,5738,241442,9,270528
5091,0.036524,172.31.36.0-255,66,241508,9,270528
5092,0.039099,74.125.24.0-255,5738,247246,9,270528
5093,0.039107,172.31.36.0-255,66,247312,9,270528
5094,0.041702,74.125.24.0-255,5738,253050,9,270528
5095,0.041713,172.31.36.0-255,66,253116,9,270528
5096,0.044306,74.125.24.0-255,5738,258854,9,270528
5097,0.044315,172.31.36.0-255,66,258920,9,270528
5098,0.046941,74.125.24.0-255,5738,264658,9,270528
5099,0.046949,172.31.36.0-255,66,264724,9,270528
5100,0.049585,74.125.24.0-255,5738,270462,9,270528
5101,0.049594,172.31.36.0-255,66,270528,9,270528
5102,0.0,172.253.118.0-255,431,431,9,63032
5103,2.9e-05,172.253.118.0-255,1484,1915,9,63032
5104,3.9e-05,172.31.36.0-255,66,1981,9,63032
5105,6.5e-05,172.253.118.0-255,4320,6301,9,63032
5106,6.9e-05,172.31.36.0-255,66,6367,9,63032
5107,0.00021,172.31.36.0-255,66,6433,9,63032
5108,0.000527,172.31.36.0-255,66,6499,9,63032
5109,0.00087,172.253.118.0-255,7156,13655,9,63032
5110,0.000877,172.31.36.0-255,66,13721,9,63032
5111,0.002123,172.253.118.0-255,4320,18041,9,63032
5112,0.002129,172.31.36.0-255,66,18107,9,63032
5113,0.002167,172.31.36.0-255,66,18173,9,63032
5114,0.0024,172.253.118.0-255,4320,22493,9,63032
5115,0.002407,172.31.36.0-255,66,22559,9,63032
5116,0.002629,172.31.36.0-255,66,22625,9,63032
5117,0.002652,172.31.36.0-255,66,22691,9,63032
5118,0.003269,172.31.36.0-255,66,22757,9,63032
5119,0.003299,172.253.118.0-255,7156,29913,9,63032
5120,0.00332,172.31.36.0-255,66,29979,9,63032
5121,0.003862,172.253.118.0-255,7156,37135,9,63032
5122,0.003867,172.31.36.0-255,66,37201,9,63032
5123,0.004262,172.253.118.0-255,1484,38685,9,63032
5124,0.004274,172.31.36.0-255,66,38751,9,63032
5125,0.004477,172.31.36.0-255,66,38817,9,63032
5126,0.004531,172.31.36.0-255,66,38883,9,63032
5127,0.004702,172.253.118.0-255,7156,46039,9,63032
5128,0.004708,172.31.36.0-255,66,46105,9,63032
5129,0.004747,172.31.36.0-255,66,46171,9,63032
5130,0.005068,172.31.36.0-255,66,46237,9,63032
5131,0.005101,172.253.118.0-255,7156,53393,9,63032
5132,0.005105,172.31.36.0-255,66,53459,9,63032
5133,0.005971,172.31.36.0-255,66,53525,9,63032
5134,0.006023,172.31.36.0-255,66,53591,9,63032
5135,0.006544,172.31.36.0-255,66,53657,9,63032
5136,0.006785,172.253.118.0-255,5738,59395,9,63032
5137,0.00679,172.31.36.0-255,66,59461,9,63032
5138,0.006852,172.31.36.0-255,66,59527,9,63032
5139,0.007041,172.253.118.0-255,3004,62531,9,63032
5140,0.007048,172.31.36.0-255,66,62597,9,63032
5141,0.007157,172.31.36.0-255,66,62663,9,63032
5142,0.007208,172.31.36.0-255,66,62729,9,63032
5143,0.008156,172.31.36.0-255,66,62795,9,63032
5144,0.009732,172.31.36.0-255,66,62861,9,63032
5145,0.011943,172.31.36.0-255,105,62966,9,63032
5146,0.0179,172.253.118.0-255,66,63032,9,63032
5147,0.0,74.125.200.0-255,143,143,9,335240
5148,2.3e-05,172.31.36.0-255,66,209,9,335240
5149,3.1e-05,74.125.200.0-255,1484,1693,9,335240
5150,3.6e-05,172.31.36.0-255,66,1759,9,335240
5151,6.5e-05,74.125.200.0-255,2902,4661,9,335240
5152,6.9e-05,172.31.36.0-255,66,4727,9,335240
5153,8e-05,74.125.200.0-255,1484,6211,9,335240
5154,8.3e-05,172.31.36.0-255,66,6277,9,335240
5155,0.000112,74.125.200.0-255,2902,9179,9,335240
5156,0.000115,172.31.36.0-255,66,9245,9,335240
5157,0.00012,74.125.200.0-255,2902,12147,9,335240
5158,0.000122,172.31.36.0-255,66,12213,9,335240
5159,0.000144,74.125.200.0-255,3507,15720,9,335240
5160,0.000146,172.31.36.0-255,66,15786,9,335240
5161,0.000153,74.125.200.0-255,7156,22942,9,335240
5162,0.000156,172.31.36.0-255,66,23008,9,335240
5163,0.000196,74.125.200.0-255,2902,25910,9,335240
5164,0.0002,172.31.36.0-255,66,25976,9,335240
5165,0.00022,74.125.200.0-255,5379,31355,9,335240
5166,0.000222,172.31.36.0-255,66,31421,9,335240
5167,0.000294,74.125.200.0-255,1484,32905,9,335240
5168,0.000298,172.31.36.0-255,66,32971,9,335240
5169,0.000315,74.125.200.0-255,2902,35873,9,335240
5170,0.000318,172.31.36.0-255,66,35939,9,335240
5171,0.000321,74.125.200.0-255,1484,37423,9,335240
5172,0.000323,172.31.36.0-255,66,37489,9,335240
5173,0.000346,74.125.200.0-255,4320,41809,9,335240
5174,0.000348,172.31.36.0-255,66,41875,9,335240
5175,0.000354,74.125.200.0-255,5738,47613,9,335240
5176,0.000357,172.31.36.0-255,66,47679,9,335240
5177,0.000359,74.125.200.0-255,1484,49163,9,335240
5178,0.000361,172.31.36.0-255,66,49229,9,335240
5179,0.000387,74.125.200.0-255,5379,54608,9,335240
5180,0.00039,172.31.36.0-255,66,54674,9,335240
5181,0.000398,74.125.200.0-255,7156,61830,9,335240
5182,0.0004,172.31.36.0-255,66,61896,9,335240
5183,0.000422,74.125.200.0-255,1484,63380,9,335240
5184,0.000428,74.125.200.0-255,2543,65923,9,335240
5185,0.00043,172.31.36.0-255,66,65989,9,335240
5186,0.000459,74.125.200.0-255,398,66387,9,335240
5187,0.000548,74.125.200.0-255,1484,67871,9,335240
5188,0.000552,172.31.36.0-255,66,67937,9,335240
5189,0.000576,74.125.200.0-255,2902,70839,9,335240
5190,0.000579,172.31.36.0-255,66,70905,9,335240
5191,0.000585,74.125.200.0-255,4320,75225,9,335240
5192,0.000587,172.31.36.0-255,66,75291,9,335240
5193,0.000594,74.125.200.0-255,5738,81029,9,335240
5194,0.000596,172.31.36.0-255,66,81095,9,335240
5195,0.000655,172.31.36.0-255,66,81161,9,335240
5196,0.000661,74.125.200.0-255,5738,86899,9,335240
5197,0.000663,172.31.36.0-255,66,86965,9,335240
5198,0.000682,74.125.200.0-255,2463,89428,9,335240
5199,0.000684,172.31.36.0-255,66,89494,9,335240
5200,0.000985,74.125.200.0-255,1484,90978,9,335240
5201,0.001006,74.125.200.0-255,2902,93880,9,335240
5202,0.00101,172.31.36.0-255,66,93946,9,335240
5203,0.001029,74.125.200.0-255,4320,98266,9,335240
5204,0.001032,172.31.36.0-255,66,98332,9,335240
5205,0.001053,74.125.200.0-255,1484,99816,9,335240
5206,0.001059,74.125.200.0-255,4320,104136,9,335240
5207,0.001061,172.31.36.0-255,66,104202,9,335240
5208,0.001064,74.125.200.0-255,1484,105686,9,335240
5209,0.001085,74.125.200.0-255,4320,110006,9,335240
5210,0.001088,172.31.36.0-255,66,110072,9,335240
5211,0.001117,172.31.36.0-255,66,110138,9,335240
5212,0.001149,74.125.200.0-255,3602,113740,9,335240
5213,0.001152,172.31.36.0-255,66,113806,9,335240
5214,0.001253,74.125.200.0-255,1484,115290,9,335240
5215,0.00126,74.125.200.0-255,2902,118192,9,335240
5216,0.001263,172.31.36.0-255,66,118258,9,335240
5217,0.001269,74.125.200.0-255,4320,122578,9,335240
5218,0.001271,172.31.36.0-255,66,122644,9,335240
5219,0.001274,74.125.200.0-255,1484,124128,9,335240
5220,0.00131,74.125.200.0-255,7156,131284,9,335240
5221,0.001312,172.31.36.0-255,66,131350,9,335240
5222,0.001321,74.125.200.0-255,7156,138506,9,335240
5223,0.001323,172.31.36.0-255,66,138572,9,335240
5224,0.001334,172.31.36.0-255,66,138638,9,335240
5225,0.001337,74.125.200.0-255,766,139404,9,335240
5226,0.001384,74.125.200.0-255,1484,140888,9,335240
5227,0.001387,172.31.36.0-255,66,140954,9,335240
5228,0.001405,74.125.200.0-255,2902,143856,9,335240
5229,0.001408,172.31.36.0-255,66,143922,9,335240
5230,0.001414,74.125.200.0-255,4320,148242,9,335240
5231,0.001416,172.31.36.0-255,66,148308,9,335240
5232,0.001446,172.31.36.0-255,66,148374,9,335240
5233,0.001451,74.125.200.0-255,2902,151276,9,335240
5234,0.001454,172.31.36.0-255,66,151342,9,335240
5235,0.00148,74.125.200.0-255,5738,157080,9,335240
5236,0.001484,172.31.36.0-255,66,157146,9,335240
5237,0.001525,172.31.36.0-255,66,157212,9,335240
5238,0.00159,74.125.200.0-255,1484,158696,9,335240
5239,0.001607,74.125.200.0-255,2902,161598,9,335240
5240,0.00161,172.31.36.0-255,66,161664,9,335240
5241,0.00164,74.125.200.0-255,5738,167402,9,335240
5242,0.001644,172.31.36.0-255,66,167468,9,335240
5243,0.001648,74.125.200.0-255,2902,170370,9,335240
5244,0.001651,172.31.36.0-255,66,170436,9,335240
5245,0.001685,172.31.36.0-255,66,170502,9,335240
5246,0.001708,74.125.200.0-255,5738,176240,9,335240
5247,0.00171,172.31.36.0-255,66,176306,9,335240
5248,0.001735,74.125.200.0-255,5020,181326,9,335240
5249,0.001738,172.31.36.0-255,66,181392,9,335240
5250,0.001968,74.125.200.0-255,1484,182876,9,335240
5251,0.001988,74.125.200.0-255,2902,185778,9,335240
5252,0.001991,172.31.36.0-255,66,185844,9,335240
5253,0.001998,74.125.200.0-255,5738,191582,9,335240
5254,0.002016,172.31.36.0-255,66,191648,9,335240
5255,0.002027,74.125.200.0-255,7156,198804,9,335240
5256,0.00203,172.31.36.0-255,66,198870,9,335240
5257,0.002051,74.125.200.0-255,7156,206026,9,335240
5258,0.002053,172.31.36.0-255,66,206092,9,335240
5259,0.00208,74.125.200.0-255,7156,213248,9,335240
5260,0.002083,172.31.36.0-255,66,213314,9,335240
5261,0.002129,74.125.200.0-255,2184,215498,9,335240
5262,0.002132,172.31.36.0-255,66,215564,9,335240
5263,0.004387,74.125.200.0-255,2902,218466,9,335240
5264,0.004396,172.31.36.0-255,66,218532,9,335240
5265,0.004427,74.125.200.0-255,2902,221434,9,335240
5266,0.00443,172.31.36.0-255,66,221500,9,335240
5267,0.006708,74.125.200.0-255,2902,224402,9,335240
5268,0.006732,74.125.200.0-255,2902,227304,9,335240
5269,0.00825,172.31.36.0-255,66,227370,9,335240
5270,0.010557,74.125.200.0-255,5738,233108,9,335240
5271,0.010564,172.31.36.0-255,66,233174,9,335240
5272,0.012876,74.125.200.0-255,5738,238912,9,335240
5273,0.012884,172.31.36.0-255,66,238978,9,335240
5274,0.015198,74.125.200.0-255,5738,244716,9,335240
5275,0.015207,172.31.36.0-255,66,244782,9,335240
5276,0.017526,74.125.200.0-255,5738,250520,9,335240
5277,0.017537,172.31.36.0-255,66,250586,9,335240
5278,0.019871,74.125.200.0-255,5738,256324,9,335240
5279,0.019885,172.31.36.0-255,66,256390,9,335240
5280,0.0222,74.125.200.0-255,5738,262128,9,335240
5281,0.022209,172.31.36.0-255,66,262194,9,335240
5282,0.024531,74.125.200.0-255,5738,267932,9,335240
5283,0.024538,172.31.36.0-255,66,267998,9,335240
5284,0.026848,74.125.200.0-255,5738,273736,9,335240
5285,0.026856,172.31.36.0-255,66,273802,9,335240
5286,0.029169,74.125.200.0-255,5738,279540,9,335240
5287,0.029178,172.31.36.0-255,66,279606,9,335240
5288,0.031492,74.125.200.0-255,5738,285344,9,335240
5289,0.0315,172.31.36.0-255,66,285410,9,335240
5290,0.033817,74.125.200.0-255,5738,291148,9,335240
5291,0.033826,172.31.36.0-255,66,291214,9,335240
5292,0.036143,74.125.200.0-255,5738,296952,9,335240
5293,0.036152,172.31.36.0-255,66,297018,9,335240
5294,0.038221,172.31.36.0-255,172,297190,9,335240
5295,0.03825,172.31.36.0-255,1117,298307,9,335240
5296,0.038321,172.31.36.0-255,1514,299821,9,335240
5297,0.038323,172.31.36.0-255,1514,301335,9,335240
5298,0.038325,172.31.36.0-255,1514,302849,9,335240
5299,0.038326,172.31.36.0-255,1514,304363,9,335240
5300,0.038353,172.31.36.0-255,1485,305848,9,335240
5301,0.038468,74.125.200.0-255,5738,311586,9,335240
5302,0.038474,172.31.36.0-255,66,311652,9,335240
5303,0.039772,104.244.42.0-255,66,311718,9,335240
5304,0.039781,104.244.42.0-255,66,311784,9,335240
5305,0.039912,104.244.42.0-255,66,311850,9,335240
5306,0.040574,104.244.42.0-255,108,311958,9,335240
5307,0.040584,172.31.36.0-255,66,312024,9,335240
5308,0.040791,74.125.200.0-255,5738,317762,9,335240
5309,0.040796,172.31.36.0-255,66,317828,9,335240
5310,0.043114,74.125.200.0-255,5738,323566,9,335240
5311,0.043121,172.31.36.0-255,66,323632,9,335240
5312,0.045438,74.125.200.0-255,5738,329370,9,335240
5313,0.045448,172.31.36.0-255,66,329436,9,335240
5314,0.047772,74.125.200.0-255,5738,335174,9,335240
5315,0.047779,172.31.36.0-255,66,335240,9,335240
5316,0.0,74.125.24.0-255,155,155,9,297157
5317,3e-05,172.31.36.0-255,66,221,9,297157
5318,3.6e-05,74.125.24.0-255,1484,1705,9,297157
5319,4e-05,172.31.36.0-255,66,1771,9,297157
5320,4.4e-05,74.125.24.0-255,2902,4673,9,297157
5321,4.7e-05,172.31.36.0-255,66,4739,9,297157
5322,5.1e-05,74.125.24.0-255,2902,7641,9,297157
5323,5.3e-05,172.31.36.0-255,66,7707,9,297157
5324,7.6e-05,74.125.24.0-255,1484,9191,9,297157
5325,7.8e-05,172.31.36.0-255,66,9257,9,297157
5326,8.5e-05,74.125.24.0-255,4320,13577,9,297157
5327,8.7e-05,172.31.36.0-255,66,13643,9,297157
5328,0.000105,74.125.24.0-255,4983,18626,9,297157
5329,0.000109,172.31.36.0-255,66,18692,9,297157
5330,0.000134,74.125.24.0-255,1484,20176,9,297157
5331,0.000137,172.31.36.0-255,66,20242,9,297157
5332,0.00015,74.125.24.0-255,1484,21726,9,297157
5333,0.000153,172.31.36.0-255,66,21792,9,297157
5334,0.00019,172.31.36.0-255,66,21858,9,297157
5335,0.000224,74.125.24.0-255,1484,23342,9,297157
5336,0.000228,172.31.36.0-255,66,23408,9,297157
5337,0.000248,74.125.24.0-255,2902,26310,9,297157
5338,0.000251,172.31.36.0-255,66,26376,9,297157
5339,0.000256,74.125.24.0-255,2902,29278,9,297157
5340,0.000258,172.31.36.0-255,66,29344,9,297157
5341,0.00027,74.125.24.0-255,2902,32246,9,297157
5342,0.000273,172.31.36.0-255,66,32312,9,297157
5343,0.000317,74.125.24.0-255,4320,36632,9,297157
5344,0.000321,172.31.36.0-255,66,36698,9,297157
5345,0.000345,172.31.36.0-255,66,36764,9,297157
5346,0.000389,74.125.24.0-255,4320,41084,9,297157
5347,0.000398,172.31.36.0-255,66,41150,9,297157
5348,0.000414,74.125.24.0-255,6438,47588,9,297157
5349,0.000419,172.31.36.0-255,66,47654,9,297157
5350,0.000453,74.125.24.0-255,362,48016,9,297157
5351,0.000457,74.125.24.0-255,131,48147,9,297157
5352,0.000516,74.125.24.0-255,1484,49631,9,297157
5353,0.000522,74.125.24.0-255,2902,52533,9,297157
5354,0.000523,172.31.36.0-255,66,52599,9,297157
5355,0.000528,172.31.36.0-255,66,52665,9,297157
5356,0.000547,74.125.24.0-255,5738,58403,9,297157
5357,0.000558,172.31.36.0-255,66,58469,9,297157
5358,0.000574,74.125.24.0-255,4320,62789,9,297157
5359,0.000586,172.31.36.0-255,66,62855,9,297157
5360,0.000591,74.125.24.0-255,5738,68593,9,297157
5361,0.000605,172.31.36.0-255,66,68659,9,297157
5362,0.00064,74.125.24.0-255,5738,74397,9,297157
5363,0.000651,172.31.36.0-255,66,74463,9,297157
5364,0.000666,172.31.36.0-255,66,74529,9,297157
5365,0.001079,74.125.24.0-255,1484,76013,9,297157
5366,0.001084,74.125.24.0-255,2902,78915,9,297157
5367,0.001088,172.31.36.0-255,66,78981,9,297157
5368,0.001094,74.125.24.0-255,2902,81883,9,297157
5369,0.001103,172.31.36.0-255,66,81949,9,297157
5370,0.001109,74.125.24.0-255,2902,84851,9,297157
5371,0.001116,172.31.36.0-255,66,84917,9,297157
5372,0.001136,74.125.24.0-255,7156,92073,9,297157
5373,0.001142,172.31.36.0-255,66,92139,9,297157
5374,0.001154,74.125.24.0-255,5738,97877,9,297157
5375,0.001159,172.31.36.0-255,66,97943,9,297157
5376,0.001232,74.125.24.0-255,7156,105099,9,297157
5377,0.001237,172.31.36.0-255,66,105165,9,297157
5378,0.00125,74.125.24.0-255,3602,108767,9,297157
5379,0.001264,172.31.36.0-255,66,108833,9,297157
5380,0.001302,74.125.24.0-255,1484,110317,9,297157
5381,0.001318,74.125.24.0-255,2902,113219,9,297157
5382,0.001321,172.31.36.0-255,66,113285,9,297157
5383,0.001339,74.125.24.0-255,2902,116187,9,297157
5384,0.001347,172.31.36.0-255,66,116253,9,297157
5385,0.001355,74.125.24.0-255,2902,119155,9,297157
5386,0.001362,172.31.36.0-255,66,119221,9,297157
5387,0.001368,74.125.24.0-255,2902,122123,9,297157
5388,0.00138,172.31.36.0-255,66,122189,9,297157
5389,0.001394,172.31.36.0-255,66,122255,9,297157
5390,0.001473,74.125.24.0-255,5738,127993,9,297157
5391,0.00148,172.31.36.0-255,66,128059,9,297157
5392,0.001485,74.125.24.0-255,1484,129543,9,297157
5393,0.001523,74.125.24.0-255,3602,133145,9,297157
5394,0.001526,172.31.36.0-255,66,133211,9,297157
5395,0.001591,74.125.24.0-255,1484,134695,9,297157
5396,0.001607,74.125.24.0-255,1484,136179,9,297157
5397,0.001618,74.125.24.0-255,1484,137663,9,297157
5398,0.00162,172.31.36.0-255,66,137729,9,297157
5399,0.001622,74.125.24.0-255,2902,140631,9,297157
5400,0.001626,172.31.36.0-255,66,140697,9,297157
5401,0.001649,74.125.24.0-255,2902,143599,9,297157
5402,0.001654,74.125.24.0-255,2902,146501,9,297157
5403,0.001656,172.31.36.0-255,66,146567,9,297157
5404,0.001661,172.31.36.0-255,66,146633,9,297157
5405,0.001672,74.125.24.0-255,7156,153789,9,297157
5406,0.001676,172.31.36.0-255,66,153855,9,297157
5407,0.001694,74.125.24.0-255,2902,156757,9,297157
5408,0.001697,172.31.36.0-255,66,156823,9,297157
5409,0.001743,74.125.24.0-255,4320,161143,9,297157
5410,0.001752,172.31.36.0-255,66,161209,9,297157
5411,0.001765,74.125.24.0-255,6438,167647,9,297157
5412,0.001769,172.31.36.0-255,66,167713,9,297157
5413,0.002062,74.125.24.0-255,1484,169197,9,297157
5414,0.002108,74.125.24.0-255,1484,170681,9,297157
5415,0.002112,172.31.36.0-255,66,170747,9,297157
5416,0.002131,74.125.24.0-255,1484,172231,9,297157
5417,0.002137,74.125.24.0-255,4320,176551,9,297157
5418,0.00215,74.125.24.0-255,4320,180871,9,297157
5419,0.002164,74.125.24.0-255,4320,185191,9,297157
5420,0.002205,74.125.24.0-255,5738,190929,9,297157
5421,0.00227,74.125.24.0-255,4320,195249,9,297157
5422,0.002287,74.125.24.0-255,2902,198151,9,297157
5423,0.002292,74.125.24.0-255,3602,201753,9,297157
5424,0.006765,172.31.36.0-255,66,201819,9,297157
5425,0.009061,74.125.24.0-255,5738,207557,9,297157
5426,0.009069,172.31.36.0-255,66,207623,9,297157
5427,0.011316,74.125.24.0-255,5738,213361,9,297157
5428,0.014708,172.31.36.0-255,66,213427,9,297157
5429,0.017005,74.125.24.0-255,5738,219165,9,297157
5430,0.017015,172.31.36.0-255,66,219231,9,297157
5431,0.019285,74.125.24.0-255,5738,224969,9,297157
5432,0.019293,172.31.36.0-255,66,225035,9,297157
5433,0.021588,74.125.24.0-255,2902,227937,9,297157
5434,0.021594,172.31.36.0-255,66,228003,9,297157
5435,0.021624,74.125.24.0-255,2902,230905,9,297157
5436,0.021639,172.31.36.0-255,66,230971,9,297157
5437,0.023851,74.125.24.0-255,2902,233873,9,297157
5438,0.023857,172.31.36.0-255,66,233939,9,297157
5439,0.023877,74.125.24.0-255,1484,235423,9,297157
5440,0.023895,74.125.24.0-255,1484,236907,9,297157
5441,0.023996,172.31.36.0-255,66,236973,9,297157
5442,0.026105,74.125.24.0-255,2902,239875,9,297157
5443,0.026111,172.31.36.0-255,66,239941,9,297157
5444,0.026245,74.125.24.0-255,2902,242843,9,297157
5445,0.026249,172.31.36.0-255,66,242909,9,297157
5446,0.028381,74.125.24.0-255,2902,245811,9,297157
5447,0.028391,172.31.36.0-255,66,245877,9,297157
5448,0.028509,74.125.24.0-255,2902,248779,9,297157
5449,0.028862,172.31.36.0-255,66,248845,9,297157
5450,0.030664,74.125.24.0-255,2902,251747,9,297157
5451,0.030671,172.31.36.0-255,66,251813,9,297157
5452,0.031129,74.125.24.0-255,2902,254715,9,297157
5453,0.031134,172.31.36.0-255,66,254781,9,297157
5454,0.032944,74.125.24.0-255,2902,257683,9,297157
5455,0.03295,172.31.36.0-255,66,257749,9,297157
5456,0.033399,74.125.24.0-255,2902,260651,9,297157
5457,0.034544,172.31.36.0-255,66,260717,9,297157
5458,0.035224,74.125.24.0-255,2902,263619,9,297157
5459,0.03523,172.31.36.0-255,66,263685,9,297157
5460,0.036801,74.125.24.0-255,2902,266587,9,297157
5461,0.037513,74.125.24.0-255,2902,269489,9,297157
5462,0.038519,172.31.36.0-255,66,269555,9,297157
5463,0.040794,74.125.24.0-255,5738,275293,9,297157
5464,0.0408,172.31.36.0-255,66,275359,9,297157
5465,0.043073,74.125.24.0-255,5738,281097,9,297157
5466,0.043079,172.31.36.0-255,66,281163,9,297157
5467,0.045351,74.125.24.0-255,5738,286901,9,297157
5468,0.045359,172.31.36.0-255,66,286967,9,297157
5469,0.047694,74.125.24.0-255,5738,292705,9,297157
5470,0.047702,172.31.36.0-255,66,292771,9,297157
5471,0.049977,74.125.24.0-255,4320,297091,9,297157
5472,0.049983,172.31.36.0-255,66,297157,9,297157
5473,0.0,74.125.24.0-255,153,153,9,272271
5474,2.2e-05,172.31.36.0-255,66,219,9,272271
5475,3e-05,74.125.24.0-255,1484,1703,9,272271
5476,3.5e-05,172.31.36.0-255,66,1769,9,272271
5477,4.2e-05,74.125.24.0-255,2902,4671,9,272271
5478,4.5e-05,172.31.36.0-255,66,4737,9,272271
5479,5.3e-05,74.125.24.0-255,7156,11893,9,272271
5480,5.6e-05,172.31.36.0-255,66,11959,9,272271
5481,9.9e-05,74.125.24.0-255,2033,13992,9,272271
5482,0.000103,172.31.36.0-255,66,14058,9,272271
5483,0.00025,74.125.24.0-255,1484,15542,9,272271
5484,0.000254,172.31.36.0-255,66,15608,9,272271
5485,0.000261,74.125.24.0-255,2902,18510,9,272271
5486,0.000264,172.31.36.0-255,66,18576,9,272271
5487,0.000269,74.125.24.0-255,2902,21478,9,272271
5488,0.000272,172.31.36.0-255,66,21544,9,272271
5489,0.000291,74.125.24.0-255,2902,24446,9,272271
5490,0.000293,172.31.36.0-255,66,24512,9,272271
5491,0.000316,74.125.24.0-255,1484,25996,9,272271
5492,0.000318,172.31.36.0-255,66,26062,9,272271
5493,0.000344,74.125.24.0-255,5379,31441,9,272271
5494,0.000347,172.31.36.0-255,66,31507,9,272271
5495,0.00038,74.125.24.0-255,1484,32991,9,272271
5496,0.000382,172.31.36.0-255,66,33057,9,272271
5497,0.000405,74.125.24.0-255,5738,38795,9,272271
5498,0.000408,172.31.36.0-255,66,38861,9,272271
5499,0.00045,74.125.24.0-255,4320,43181,9,272271
5500,0.000453,172.31.36.0-255,66,43247,9,272271
5501,0.000471,74.125.24.0-255,5379,48626,9,272271
5502,0.000474,172.31.36.0-255,66,48692,9,272271
5503,0.000612,74.125.24.0-255,1484,50176,9,272271
5504,0.000617,172.31.36.0-255,66,50242,9,272271
5505,0.000623,74.125.24.0-255,2902,53144,9,272271
5506,0.000625,172.31.36.0-255,66,53210,9,272271
5507,0.000633,74.125.24.0-255,5738,58948,9,272271
5508,0.000635,172.31.36.0-255,66,59014,9,272271
5509,0.000664,74.125.24.0-255,1484,60498,9,272271
5510,0.000688,74.125.24.0-255,5959,66457,9,272271
5511,0.000692,172.31.36.0-255,66,66523,9,272271
5512,0.000846,74.125.24.0-255,1484,68007,9,272271
5513,0.000861,74.125.24.0-255,2902,70909,9,272271
5514,0.000865,172.31.36.0-255,66,70975,9,272271
5515,0.000903,74.125.24.0-255,5738,76713,9,272271
5516,0.000906,172.31.36.0-255,66,76779,9,272271
5517,0.000926,74.125.24.0-255,6248,83027,9,272271
5518,0.000929,172.31.36.0-255,66,83093,9,272271
5519,0.001487,74.125.24.0-255,1484,84577,9,272271
5520,0.001496,74.125.24.0-255,2902,87479,9,272271
5521,0.001501,172.31.36.0-255,66,87545,9,272271
5522,0.001507,74.125.24.0-255,2902,90447,9,272271
5523,0.001509,172.31.36.0-255,66,90513,9,272271
5524,0.001523,74.125.24.0-255,2902,93415,9,272271
5525,0.001525,172.31.36.0-255,66,93481,9,272271
5526,0.001561,74.125.24.0-255,5738,99219,9,272271
5527,0.001564,172.31.36.0-255,66,99285,9,272271
5528,0.001581,74.125.24.0-255,2902,102187,9,272271
5529,0.001583,172.31.36.0-255,66,102253,9,272271
5530,0.001628,74.125.24.0-255,4320,106573,9,272271
5531,0.00163,172.31.36.0-255,66,106639,9,272271
5532,0.001654,172.31.36.0-255,66,106705,9,272271
5533,0.001785,74.125.24.0-255,7156,113861,9,272271
5534,0.001789,172.31.36.0-255,66,113927,9,272271
5535,0.00181,74.125.24.0-255,4320,118247,9,272271
5536,0.001813,172.31.36.0-255,66,118313,9,272271
5537,0.001861,74.125.24.0-255,5738,124051,9,272271
5538,0.001865,172.31.36.0-255,66,124117,9,272271
5539,0.001885,74.125.24.0-255,6797,130914,9,272271
5540,0.001888,172.31.36.0-255,66,130980,9,272271
5541,0.00199,172.31.36.0-255,66,131046,9,272271
5542,0.002019,172.31.36.0-255,66,131112,9,272271
5543,0.002036,74.125.24.0-255,2902,134014,9,272271
5544,0.002038,172.31.36.0-255,66,134080,9,272271
5545,0.002187,74.125.24.0-255,766,134846,9,272271
5546,0.002205,74.125.24.0-255,1484,136330,9,272271
5547,0.002209,172.31.36.0-255,66,136396,9,272271
5548,0.002216,74.125.24.0-255,4320,140716,9,272271
5549,0.002219,172.31.36.0-255,66,140782,9,272271
5550,0.00226,74.125.24.0-255,7156,147938,9,272271
5551,0.002264,172.31.36.0-255,66,148004,9,272271
5552,0.002279,74.125.24.0-255,2902,150906,9,272271
5553,0.002281,172.31.36.0-255,66,150972,9,272271
5554,0.002346,74.125.24.0-255,4320,155292,9,272271
5555,0.00235,172.31.36.0-255,66,155358,9,272271
5556,0.00241,172.31.36.0-255,66,155424,9,272271
5557,0.002427,74.125.24.0-255,5020,160444,9,272271
5558,0.002429,172.31.36.0-255,66,160510,9,272271
5559,0.002532,74.125.24.0-255,7156,167666,9,272271
5560,0.002537,172.31.36.0-255,66,167732,9,272271
5561,0.002578,172.31.36.0-255,66,167798,9,272271
5562,0.002772,74.125.24.0-255,766,168564,9,272271
5563,0.002794,74.125.24.0-255,5738,174302,9,272271
5564,0.002927,74.125.24.0-255,2902,177204,9,272271
5565,0.003354,74.125.24.0-255,4320,181524,9,272271
5566,0.00337,74.125.24.0-255,4320,185844,9,272271
5567,0.003496,74.125.24.0-255,2902,188746,9,272271
5568,0.005024,172.31.36.0-255,66,188812,9,272271
5569,0.007643,74.125.24.0-255,5738,194550,9,272271
5570,0.007651,172.31.36.0-255,66,194616,9,272271
5571,0.010254,74.125.24.0-255,5738,200354,9,272271
5572,0.010261,172.31.36.0-255,66,200420,9,272271
5573,0.01283,74.125.24.0-255,5738,206158,9,272271
5574,0.012837,172.31.36.0-255,66,206224,9,272271
5575,0.015481,74.125.24.0-255,5738,211962,9,272271
5576,0.01549,172.31.36.0-255,66,212028,9,272271
5577,0.018074,74.125.24.0-255,5738,217766,9,272271
5578,0.018082,172.31.36.0-255,66,217832,9,272271
5579,0.02069,74.125.24.0-255,5738,223570,9,272271
5580,0.0207,172.31.36.0-255,66,223636,9,272271
5581,0.023289,74.125.24.0-255,5738,229374,9,272271
5582,0.023299,172.31.36.0-255,66,229440,9,272271
5583,0.02593,74.125.24.0-255,5738,235178,9,272271
5584,0.025938,172.31.36.0-255,66,235244,9,272271
5585,0.028536,74.125.24.0-255,5738,240982,9,272271
5586,0.028544,172.31.36.0-255,66,241048,9,272271
5587,0.031143,74.125.24.0-255,5738,246786,9,272271
5588,0.031156,172.31.36.0-255,66,246852,9,272271
5589,0.033739,74.125.24.0-255,5738,252590,9,272271
5590,0.033748,172.31.36.0-255,66,252656,9,272271
5591,0.036312,74.125.24.0-255,5738,258394,9,272271
5592,0.036319,172.31.36.0-255,66,258460,9,272271
5593,0.038902,74.125.24.0-255,4320,262780,9,272271
5594,0.038912,172.31.36.0-255,66,262846,9,272271
5595,0.038927,74.125.24.0-255,1484,264330,9,272271
5596,0.041514,74.125.24.0-255,4320,268650,9,272271
5597,0.041523,172.31.36.0-255,66,268716,9,272271
5598,0.044174,74.125.24.0-255,3318,272034,9,272271
5599,0.04418,172.31.36.0-255,66,272100,9,272271
5600,0.044356,172.31.36.0-255,105,272205,9,272271
5601,0.046942,74.125.24.0-255,66,272271,9,272271
5602,0.0,172.217.194.0-255,152,152,9,195156
5603,3.4e-05,172.31.36.0-255,66,218,9,195156
5604,4.1e-05,172.217.194.0-255,1484,1702,9,195156
5605,4.5e-05,172.31.36.0-255,66,1768,9,195156
5606,5e-05,172.217.194.0-255,2902,4670,9,195156
5607,5.2e-05,172.31.36.0-255,66,4736,9,195156
5608,7.7e-05,172.217.194.0-255,5738,10474,9,195156
5609,8e-05,172.31.36.0-255,66,10540,9,195156
5610,0.000116,172.217.194.0-255,3502,14042,9,195156
5611,0.000119,172.31.36.0-255,66,14108,9,195156
5612,0.00019,172.217.194.0-255,1484,15592,9,195156
5613,0.000195,172.31.36.0-255,66,15658,9,195156
5614,0.000213,172.217.194.0-255,2902,18560,9,195156
5615,0.000216,172.31.36.0-255,66,18626,9,195156
5616,0.000222,172.217.194.0-255,5738,24364,9,195156
5617,0.000224,172.31.36.0-255,66,24430,9,195156
5618,0.000254,172.217.194.0-255,6797,31227,9,195156
5619,0.000258,172.31.36.0-255,66,31293,9,195156
5620,0.000269,172.217.194.0-255,7156,38449,9,195156
5621,0.000272,172.31.36.0-255,66,38515,9,195156
5622,0.000315,172.31.36.0-255,66,38581,9,195156
5623,0.000318,172.217.194.0-255,1484,40065,9,195156
5624,0.000321,172.31.36.0-255,66,40131,9,195156
5625,0.000343,172.217.194.0-255,4320,44451,9,195156
5626,0.000346,172.31.36.0-255,66,44517,9,195156
5627,0.00038,172.217.194.0-255,5020,49537,9,195156
5628,0.000383,172.31.36.0-255,66,49603,9,195156
5629,0.000386,172.217.194.0-255,364,49967,9,195156
5630,0.000388,172.31.36.0-255,66,50033,9,195156
5631,0.000392,172.217.194.0-255,380,50413,9,195156
5632,0.000395,172.31.36.0-255,66,50479,9,195156
5633,0.00082,172.217.194.0-255,1484,51963,9,195156
5634,0.000828,172.217.194.0-255,2902,54865,9,195156
5635,0.000831,172.31.36.0-255,66,54931,9,195156
5636,0.000837,172.217.194.0-255,4320,59251,9,195156
5637,0.000839,172.31.36.0-255,66,59317,9,195156
5638,0.000862,172.217.194.0-255,1484,60801,9,195156
5639,0.000869,172.217.194.0-255,5738,66539,9,195156
5640,0.000871,172.31.36.0-255,66,66605,9,195156
5641,0.000876,172.217.194.0-255,2902,69507,9,195156
5642,0.000879,172.31.36.0-255,66,69573,9,195156
5643,0.00093,172.217.194.0-255,5020,74593,9,195156
5644,0.00093,172.31.36.0-255,66,74659,9,195156
5645,0.000934,172.31.36.0-255,66,74725,9,195156
5646,0.00096,172.217.194.0-255,1484,76209,9,195156
5647,0.000964,172.217.194.0-255,1484,77693,9,195156
5648,0.000967,172.31.36.0-255,66,77759,9,195156
5649,0.000993,172.217.194.0-255,1484,79243,9,195156
5650,0.001,172.217.194.0-255,5738,84981,9,195156
5651,0.001002,172.31.36.0-255,66,85047,9,195156
5652,0.001009,172.217.194.0-255,7156,92203,9,195156
5653,0.001011,172.31.36.0-255,66,92269,9,195156
5654,0.001055,172.217.194.0-255,4320,96589,9,195156
5655,0.001059,172.31.36.0-255,66,96655,9,195156
5656,0.001095,172.31.36.0-255,66,96721,9,195156
5657,0.001099,172.217.194.0-255,2184,98905,9,195156
5658,0.001101,172.31.36.0-255,66,98971,9,195156
5659,0.001122,172.217.194.0-255,1484,100455,9,195156
5660,0.001127,172.217.194.0-255,2902,103357,9,195156
5661,0.001135,172.31.36.0-255,66,103423,9,195156
5662,0.00114,172.217.194.0-255,4320,107743,9,195156
5663,0.001142,172.31.36.0-255,66,107809,9,195156
5664,0.001164,172.217.194.0-255,1484,109293,9,195156
5665,0.00118,172.31.36.0-255,66,109359,9,195156
5666,0.001204,172.217.194.0-255,4320,113679,9,195156
5667,0.001207,172.31.36.0-255,66,113745,9,195156
5668,0.001212,172.217.194.0-255,2902,116647,9,195156
5669,0.001214,172.31.36.0-255,66,116713,9,195156
5670,0.001255,172.31.36.0-255,66,116779,9,195156
5671,0.001319,172.217.194.0-255,1484,118263,9,195156
5672,0.001324,172.217.194.0-255,2902,121165,9,195156
5673,0.001327,172.31.36.0-255,66,121231,9,195156
5674,0.001333,172.217.194.0-255,5738,126969,9,195156
5675,0.001336,172.31.36.0-255,66,127035,9,195156
5676,0.001355,172.31.36.0-255,66,127101,9,195156
5677,0.0014,172.31.36.0-255,66,127167,9,195156
5678,0.00143,172.217.194.0-255,4320,131487,9,195156
5679,0.001434,172.31.36.0-255,66,131553,9,195156
5680,0.00144,172.217.194.0-255,5738,137291,9,195156
5681,0.001442,172.31.36.0-255,66,137357,9,195156
5682,0.001492,172.31.36.0-255,66,137423,9,195156
5683,0.001511,172.31.36.0-255,66,137489,9,195156
5684,0.001537,172.217.194.0-255,1484,138973,9,195156
5685,0.001541,172.217.194.0-255,2902,141875,9,195156
5686,0.001544,172.31.36.0-255,66,141941,9,195156
5687,0.001549,172.217.194.0-255,5738,147679,9,195156
5688,0.001552,172.31.36.0-255,66,147745,9,195156
5689,0.001596,172.31.36.0-255,66,147811,9,195156
5690,0.001639,172.31.36.0-255,66,147877,9,195156
5691,0.001644,172.217.194.0-255,4320,152197,9,195156
5692,0.001646,172.31.36.0-255,66,152263,9,195156
5693,0.001692,172.31.36.0-255,66,152329,9,195156
5694,0.001708,172.31.36.0-255,66,152395,9,195156
5695,0.001758,172.31.36.0-255,66,152461,9,195156
5696,0.001798,172.31.36.0-255,66,152527,9,195156
5697,0.001802,172.217.194.0-255,1484,154011,9,195156
5698,0.001806,172.217.194.0-255,2902,156913,9,195156
5699,0.001808,172.31.36.0-255,66,156979,9,195156
5700,0.00182,172.217.194.0-255,5738,162717,9,195156
5701,0.001824,172.31.36.0-255,66,162783,9,195156
5702,0.001861,172.217.194.0-255,7156,169939,9,195156
5703,0.001864,172.31.36.0-255,66,170005,9,195156
5704,0.001892,172.217.194.0-255,2902,172907,9,195156
5705,0.0019,172.31.36.0-255,66,172973,9,195156
5706,0.001913,172.31.36.0-255,66,173039,9,195156
5707,0.002207,172.217.194.0-255,1484,174523,9,195156
5708,0.002214,172.217.194.0-255,2902,177425,9,195156
5709,0.002219,172.31.36.0-255,66,177491,9,195156
5710,0.00225,172.217.194.0-255,5738,183229,9,195156
5711,0.002254,172.31.36.0-255,66,183295,9,195156
5712,0.002298,172.31.36.0-255,66,183361,9,195156
5713,0.002305,172.217.194.0-255,7156,190517,9,195156
5714,0.002307,172.31.36.0-255,66,190583,9,195156
5715,0.002366,172.31.36.0-255,66,190649,9,195156
5716,0.002371,172.217.194.0-255,2551,193200,9,195156
5717,0.002373,172.31.36.0-255,66,193266,9,195156
5718,0.002413,172.217.194.0-255,105,193371,9,195156
5719,0.010795,172.31.36.0-255,66,193437,9,195156
5720,0.010825,172.31.36.0-255,105,193542,9,195156
5721,0.013387,172.217.194.0-255,66,193608,9,195156
5722,0.037759,172.31.36.0-255,172,193780,9,195156
5723,0.037817,172.31.36.0-255,1070,194850,9,195156
5724,0.039269,104.244.42.0-255,66,194916,9,195156
5725,0.039338,104.244.42.0-255,66,194982,9,195156
5726,0.039908,104.244.42.0-255,108,195090,9,195156
5727,0.039915,172.31.36.0-255,66,195156,9,195156
5728,0.0,172.31.36.0-255,105,105,9,276
5729,0.002102,157.240.13.0-255,105,210,9,276
5730,0.002117,172.31.36.0-255,66,276,9,276
5731,0.0,74.125.24.0-255,146,146,9,233431
5732,2.5e-05,172.31.36.0-255,66,212,9,233431
5733,3.3e-05,74.125.24.0-255,1484,1696,9,233431
5734,3.8e-05,172.31.36.0-255,66,1762,9,233431
5735,4.4e-05,74.125.24.0-255,2902,4664,9,233431
5736,4.7e-05,172.31.36.0-255,66,4730,9,233431
5737,5.2e-05,74.125.24.0-255,2902,7632,9,233431
5738,5.4e-05,172.31.36.0-255,66,7698,9,233431
5739,6.1e-05,74.125.24.0-255,4320,12018,9,233431
5740,6.4e-05,172.31.36.0-255,66,12084,9,233431
5741,7.5e-05,172.31.36.0-255,66,12150,9,233431
5742,8e-05,74.125.24.0-255,4320,16470,9,233431
5743,8.3e-05,172.31.36.0-255,66,16536,9,233431
5744,0.000121,74.125.24.0-255,5379,21915,9,233431
5745,0.000124,172.31.36.0-255,66,21981,9,233431
5746,0.000308,74.125.24.0-255,1484,23465,9,233431
5747,0.000313,172.31.36.0-255,66,23531,9,233431
5748,0.000344,74.125.24.0-255,1484,25015,9,233431
5749,0.000347,172.31.36.0-255,66,25081,9,233431
5750,0.000352,74.125.24.0-255,2902,27983,9,233431
5751,0.000355,172.31.36.0-255,66,28049,9,233431
5752,0.000381,74.125.24.0-255,5738,33787,9,233431
5753,0.000385,172.31.36.0-255,66,33853,9,233431
5754,0.00039,74.125.24.0-255,4320,38173,9,233431
5755,0.000392,172.31.36.0-255,66,38239,9,233431
5756,0.000415,74.125.24.0-255,2902,41141,9,233431
5757,0.000417,172.31.36.0-255,66,41207,9,233431
5758,0.000448,172.31.36.0-255,66,41273,9,233431
5759,0.000451,74.125.24.0-255,1484,42757,9,233431
5760,0.000453,172.31.36.0-255,66,42823,9,233431
5761,0.000489,74.125.24.0-255,3961,46784,9,233431
5762,0.000492,172.31.36.0-255,66,46850,9,233431
5763,0.000619,74.125.24.0-255,647,47497,9,233431
5764,0.000723,74.125.24.0-255,1484,48981,9,233431
5765,0.000727,172.31.36.0-255,66,49047,9,233431
5766,0.000733,74.125.24.0-255,2902,51949,9,233431
5767,0.000735,172.31.36.0-255,66,52015,9,233431
5768,0.000751,74.125.24.0-255,5738,57753,9,233431
5769,0.000753,172.31.36.0-255,66,57819,9,233431
5770,0.000782,74.125.24.0-255,6797,64616,9,233431
5771,0.000786,172.31.36.0-255,66,64682,9,233431
5772,0.000798,74.125.24.0-255,4320,69002,9,233431
5773,0.0008,172.31.36.0-255,66,69068,9,233431
5774,0.000815,74.125.24.0-255,2902,71970,9,233431
5775,0.000818,172.31.36.0-255,66,72036,9,233431
5776,0.000822,74.125.24.0-255,2902,74938,9,233431
5777,0.000824,172.31.36.0-255,66,75004,9,233431
5778,0.00085,74.125.24.0-255,6797,81801,9,233431
5779,0.000853,172.31.36.0-255,66,81867,9,233431
5780,0.001291,74.125.24.0-255,1484,83351,9,233431
5781,0.001297,74.125.24.0-255,2902,86253,9,233431
5782,0.001301,172.31.36.0-255,66,86319,9,233431
5783,0.001327,74.125.24.0-255,5738,92057,9,233431
5784,0.00133,172.31.36.0-255,66,92123,9,233431
5785,0.001337,74.125.24.0-255,5738,97861,9,233431
5786,0.001339,172.31.36.0-255,66,97927,9,233431
5787,0.001361,74.125.24.0-255,7156,105083,9,233431
5788,0.001363,172.31.36.0-255,66,105149,9,233431
5789,0.001402,172.31.36.0-255,66,105215,9,233431
5790,0.00144,172.31.36.0-255,66,105281,9,233431
5791,0.001469,74.125.24.0-255,2902,108183,9,233431
5792,0.001472,172.31.36.0-255,66,108249,9,233431
5793,0.001493,172.31.36.0-255,66,108315,9,233431
5794,0.001505,172.31.36.0-255,66,108381,9,233431
5795,0.001514,74.125.24.0-255,7156,115537,9,233431
5796,0.001516,172.31.36.0-255,66,115603,9,233431
5797,0.001535,74.125.24.0-255,4320,119923,9,233431
5798,0.001538,172.31.36.0-255,66,119989,9,233431
5799,0.001552,172.31.36.0-255,66,120055,9,233431
5800,0.003911,74.125.24.0-255,5738,125793,9,233431
5801,0.003918,172.31.36.0-255,66,125859,9,233431
5802,0.006269,74.125.24.0-255,5738,131597,9,233431
5803,0.006275,172.31.36.0-255,66,131663,9,233431
5804,0.008644,74.125.24.0-255,5738,137401,9,233431
5805,0.008651,172.31.36.0-255,66,137467,9,233431
5806,0.010983,74.125.24.0-255,5738,143205,9,233431
5807,0.010992,172.31.36.0-255,66,143271,9,233431
5808,0.013339,74.125.24.0-255,5738,149009,9,233431
5809,0.013348,172.31.36.0-255,66,149075,9,233431
5810,0.015719,74.125.24.0-255,5738,154813,9,233431
5811,0.015729,172.31.36.0-255,66,154879,9,233431
5812,0.018096,74.125.24.0-255,4320,159199,9,233431
5813,0.018101,172.31.36.0-255,66,159265,9,233431
5814,0.018119,74.125.24.0-255,1484,160749,9,233431
5815,0.020463,74.125.24.0-255,4320,165069,9,233431
5816,0.02047,172.31.36.0-255,66,165135,9,233431
5817,0.02282,74.125.24.0-255,5738,170873,9,233431
5818,0.02283,172.31.36.0-255,66,170939,9,233431
5819,0.025171,74.125.24.0-255,5738,176677,9,233431
5820,0.025182,172.31.36.0-255,66,176743,9,233431
5821,0.027515,74.125.24.0-255,5738,182481,9,233431
5822,0.027523,172.31.36.0-255,66,182547,9,233431
5823,0.029885,74.125.24.0-255,5738,188285,9,233431
5824,0.029892,172.31.36.0-255,66,188351,9,233431
5825,0.032242,74.125.24.0-255,5738,194089,9,233431
5826,0.032249,172.31.36.0-255,66,194155,9,233431
5827,0.034597,74.125.24.0-255,4320,198475,9,233431
5828,0.034605,172.31.36.0-255,66,198541,9,233431
5829,0.034622,74.125.24.0-255,1484,200025,9,233431
5830,0.03696,74.125.24.0-255,4320,204345,9,233431
5831,0.036968,172.31.36.0-255,66,204411,9,233431
5832,0.03933,74.125.24.0-255,5738,210149,9,233431
5833,0.039338,172.31.36.0-255,66,210215,9,233431
5834,0.041696,74.125.24.0-255,5738,215953,9,233431
5835,0.041706,172.31.36.0-255,66,216019,9,233431
5836,0.044051,74.125.24.0-255,5738,221757,9,233431
5837,0.044058,172.31.36.0-255,66,221823,9,233431
5838,0.046443,74.125.24.0-255,5738,227561,9,233431
5839,0.046455,172.31.36.0-255,66,227627,9,233431
5840,0.048829,74.125.24.0-255,5738,233365,9,233431
5841,0.048844,172.31.36.0-255,66,233431,9,233431
5842,0.0,74.125.24.0-255,153,153,9,224579
5843,2e-05,172.31.36.0-255,66,219,9,224579
5844,2.8e-05,74.125.24.0-255,1484,1703,9,224579
5845,3.3e-05,172.31.36.0-255,66,1769,9,224579
5846,4.9e-05,74.125.24.0-255,2902,4671,9,224579
5847,5.2e-05,172.31.36.0-255,66,4737,9,224579
5848,5.9e-05,74.125.24.0-255,4320,9057,9,224579
5849,6.2e-05,172.31.36.0-255,66,9123,9,224579
5850,6.5e-05,74.125.24.0-255,1484,10607,9,224579
5851,6.7e-05,172.31.36.0-255,66,10673,9,224579
5852,9.5e-05,74.125.24.0-255,3430,14103,9,224579
5853,9.9e-05,172.31.36.0-255,66,14169,9,224579
5854,0.000106,74.125.24.0-255,5738,19907,9,224579
5855,0.000108,172.31.36.0-255,66,19973,9,224579
5856,0.000153,172.31.36.0-255,66,20039,9,224579
5857,0.000348,74.125.24.0-255,1484,21523,9,224579
5858,0.000353,172.31.36.0-255,66,21589,9,224579
5859,0.00036,74.125.24.0-255,2902,24491,9,224579
5860,0.000363,172.31.36.0-255,66,24557,9,224579
5861,0.000375,74.125.24.0-255,5738,30295,9,224579
5862,0.000378,172.31.36.0-255,66,30361,9,224579
5863,0.000382,74.125.24.0-255,2902,33263,9,224579
5864,0.000385,172.31.36.0-255,66,33329,9,224579
5865,0.000427,172.31.36.0-255,66,33395,9,224579
5866,0.000433,74.125.24.0-255,4320,37715,9,224579
5867,0.000436,172.31.36.0-255,66,37781,9,224579
5868,0.000442,74.125.24.0-255,5379,43160,9,224579
5869,0.00045,172.31.36.0-255,66,43226,9,224579
5870,0.000473,74.125.24.0-255,412,43638,9,224579
5871,0.00048,172.31.36.0-255,66,43704,9,224579
5872,0.000606,74.125.24.0-255,333,44037,9,224579
5873,0.00101,74.125.24.0-255,1484,45521,9,224579
5874,0.001015,172.31.36.0-255,66,45587,9,224579
5875,0.001021,74.125.24.0-255,2902,48489,9,224579
5876,0.001023,172.31.36.0-255,66,48555,9,224579
5877,0.001055,74.125.24.0-255,4320,52875,9,224579
5878,0.001058,74.125.24.0-255,1484,54359,9,224579
5879,0.001078,74.125.24.0-255,4320,58679,9,224579
5880,0.001082,172.31.36.0-255,66,58745,9,224579
5881,0.001087,172.31.36.0-255,66,58811,9,224579
5882,0.001143,74.125.24.0-255,2902,61713,9,224579
5883,0.001147,172.31.36.0-255,66,61779,9,224579
5884,0.00116,74.125.24.0-255,6438,68217,9,224579
5885,0.00117,172.31.36.0-255,66,68283,9,224579
5886,0.001201,74.125.24.0-255,5738,74021,9,224579
5887,0.001209,74.125.24.0-255,7156,81177,9,224579
5888,0.001219,172.31.36.0-255,66,81243,9,224579
5889,0.001251,74.125.24.0-255,6438,87681,9,224579
5890,0.00129,74.125.24.0-255,2902,90583,9,224579
5891,0.001297,74.125.24.0-255,4320,94903,9,224579
5892,0.00133,74.125.24.0-255,1484,96387,9,224579
5893,0.001344,172.31.36.0-255,66,96453,9,224579
5894,0.001353,74.125.24.0-255,7156,103609,9,224579
5895,0.001374,74.125.24.0-255,766,104375,9,224579
5896,0.001387,172.31.36.0-255,66,104441,9,224579
5897,0.001436,74.125.24.0-255,1484,105925,9,224579
5898,0.001439,74.125.24.0-255,1484,107409,9,224579
5899,0.001457,74.125.24.0-255,1484,108893,9,224579
5900,0.001462,74.125.24.0-255,2902,111795,9,224579
5901,0.001471,172.31.36.0-255,66,111861,9,224579
5902,0.001481,74.125.24.0-255,2902,114763,9,224579
5903,0.001486,74.125.24.0-255,2902,117665,9,224579
5904,0.001503,172.31.36.0-255,66,117731,9,224579
5905,0.00151,74.125.24.0-255,4320,122051,9,224579
5906,0.001517,74.125.24.0-255,7156,129207,9,224579
5907,0.001531,74.125.24.0-255,1484,130691,9,224579
5908,0.001547,74.125.24.0-255,4320,135011,9,224579
5909,0.001562,74.125.24.0-255,3602,138613,9,224579
5910,0.001571,172.31.36.0-255,66,138679,9,224579
5911,0.001692,74.125.24.0-255,1484,140163,9,224579
5912,0.001699,74.125.24.0-255,2902,143065,9,224579
5913,0.001705,74.125.24.0-255,5738,148803,9,224579
5914,0.001752,172.31.36.0-255,66,148869,9,224579
5915,0.001803,74.125.24.0-255,1484,150353,9,224579
5916,0.001809,74.125.24.0-255,2902,153255,9,224579
5917,0.001815,74.125.24.0-255,5738,158993,9,224579
5918,0.001833,74.125.24.0-255,7156,166149,9,224579
5919,0.001852,74.125.24.0-255,5738,171887,9,224579
5920,0.001882,172.31.36.0-255,66,171953,9,224579
5921,0.001906,74.125.24.0-255,1484,173437,9,224579
5922,0.001942,74.125.24.0-255,1484,174921,9,224579
5923,0.001947,172.31.36.0-255,66,174987,9,224579
5924,0.002003,172.31.36.0-255,66,175053,9,224579
5925,0.002011,74.125.24.0-255,1484,176537,9,224579
5926,0.002015,74.125.24.0-255,2902,179439,9,224579
5927,0.002029,172.31.36.0-255,66,179505,9,224579
5928,0.002035,74.125.24.0-255,4320,183825,9,224579
5929,0.002055,74.125.24.0-255,1484,185309,9,224579
5930,0.00206,74.125.24.0-255,4320,189629,9,224579
5931,0.002073,74.125.24.0-255,1484,191113,9,224579
5932,0.002133,74.125.24.0-255,1484,192597,9,224579
5933,0.002138,172.31.36.0-255,66,192663,9,224579
5934,0.002156,74.125.24.0-255,6438,199101,9,224579
5935,0.002172,172.31.36.0-255,66,199167,9,224579
5936,0.002193,74.125.24.0-255,1484,200651,9,224579
5937,0.002198,74.125.24.0-255,2902,203553,9,224579
5938,0.002214,74.125.24.0-255,5738,209291,9,224579
5939,0.002222,172.31.36.0-255,66,209357,9,224579
5940,0.002233,74.125.24.0-255,4320,213677,9,224579
5941,0.002243,172.31.36.0-255,66,213743,9,224579
5942,0.002291,172.31.36.0-255,66,213809,9,224579
5943,0.002302,74.125.24.0-255,2902,216711,9,224579
5944,0.00232,172.31.36.0-255,66,216777,9,224579
5945,0.002369,74.125.24.0-255,1484,218261,9,224579
5946,0.002387,74.125.24.0-255,97,218358,9,224579
5947,0.002392,172.31.36.0-255,66,218424,9,224579
5948,0.003884,172.31.36.0-255,101,218525,9,224579
5949,0.004695,74.125.24.0-255,105,218630,9,224579
5950,0.004879,172.31.36.0-255,105,218735,9,224579
5951,0.006209,74.125.24.0-255,66,218801,9,224579
5952,0.007149,74.125.24.0-255,66,218867,9,224579
5953,0.044535,172.31.36.0-255,172,219039,9,224579
5954,0.044568,172.31.36.0-255,1118,220157,9,224579
5955,0.044652,172.31.36.0-255,1514,221671,9,224579
5956,0.044654,172.31.36.0-255,1514,223185,9,224579
5957,0.044678,172.31.36.0-255,1130,224315,9,224579
5958,0.046099,104.244.42.0-255,66,224381,9,224579
5959,0.04611,104.244.42.0-255,66,224447,9,224579
5960,0.046234,104.244.42.0-255,66,224513,9,224579
5961,0.04624,104.244.42.0-255,66,224579,9,224579
5962,0.0,172.217.194.0-255,153,153,9,202421
5963,3.7e-05,172.31.36.0-255,66,219,9,202421
5964,4.4e-05,172.217.194.0-255,1484,1703,9,202421
5965,4.8e-05,172.31.36.0-255,66,1769,9,202421
5966,5.2e-05,172.217.194.0-255,2902,4671,9,202421
5967,5.5e-05,172.31.36.0-255,66,4737,9,202421
5968,6.2e-05,172.217.194.0-255,7156,11893,9,202421
5969,6.5e-05,172.31.36.0-255,66,11959,9,202421
5970,7.5e-05,172.31.36.0-255,66,12025,9,202421
5971,0.000111,172.217.194.0-255,7156,19181,9,202421
5972,0.000114,172.31.36.0-255,66,19247,9,202421
5973,0.000132,172.217.194.0-255,3961,23208,9,202421
5974,0.000134,172.31.36.0-255,66,23274,9,202421
5975,0.000165,172.217.194.0-255,1484,24758,9,202421
5976,0.000167,172.31.36.0-255,66,24824,9,202421
5977,0.000172,172.217.194.0-255,1484,26308,9,202421
5978,0.000174,172.31.36.0-255,66,26374,9,202421
5979,0.000196,172.217.194.0-255,1484,27858,9,202421
5980,0.000199,172.31.36.0-255,66,27924,9,202421
5981,0.000207,172.217.194.0-255,5738,33662,9,202421
5982,0.00021,172.31.36.0-255,66,33728,9,202421
5983,0.000217,172.217.194.0-255,6797,40525,9,202421
5984,0.000219,172.31.36.0-255,66,40591,9,202421
5985,0.000254,172.31.36.0-255,66,40657,9,202421
5986,0.000258,172.217.194.0-255,2795,43452,9,202421
5987,0.00026,172.31.36.0-255,66,43518,9,202421
5988,0.000305,172.217.194.0-255,118,43636,9,202421
5989,0.000309,172.31.36.0-255,66,43702,9,202421
5990,0.000328,172.217.194.0-255,383,44085,9,202421
5991,0.000331,172.31.36.0-255,66,44151,9,202421
5992,0.000803,172.217.194.0-255,1484,45635,9,202421
5993,0.000809,172.217.194.0-255,2902,48537,9,202421
5994,0.000813,172.31.36.0-255,66,48603,9,202421
5995,0.000837,172.217.194.0-255,5738,54341,9,202421
5996,0.000839,172.31.36.0-255,66,54407,9,202421
5997,0.000869,172.31.36.0-255,66,54473,9,202421
5998,0.000876,172.217.194.0-255,5738,60211,9,202421
5999,0.000878,172.31.36.0-255,66,60277,9,202421
6000,0.000896,172.217.194.0-255,5020,65297,9,202421
6001,0.000898,172.31.36.0-255,66,65363,9,202421
6002,0.002286,172.217.194.0-255,1484,66847,9,202421
6003,0.002297,172.217.194.0-255,2902,69749,9,202421
6004,0.002301,172.31.36.0-255,66,69815,9,202421
6005,0.002308,172.217.194.0-255,5738,75553,9,202421
6006,0.00231,172.31.36.0-255,66,75619,9,202421
6007,0.002344,172.31.36.0-255,66,75685,9,202421
6008,0.002355,172.31.36.0-255,66,75751,9,202421
6009,0.002398,172.217.194.0-255,766,76517,9,202421
6010,0.002431,172.217.194.0-255,1484,78001,9,202421
6011,0.002433,172.31.36.0-255,66,78067,9,202421
6012,0.002437,172.217.194.0-255,2902,80969,9,202421
6013,0.002439,172.31.36.0-255,66,81035,9,202421
6014,0.002455,172.217.194.0-255,5738,86773,9,202421
6015,0.002457,172.31.36.0-255,66,86839,9,202421
6016,0.0025,172.31.36.0-255,66,86905,9,202421
6017,0.002507,172.217.194.0-255,5738,92643,9,202421
6018,0.002509,172.31.36.0-255,66,92709,9,202421
6019,0.002521,172.217.194.0-255,1484,94193,9,202421
6020,0.002545,172.217.194.0-255,3602,97795,9,202421
6021,0.002547,172.31.36.0-255,66,97861,9,202421
6022,0.005102,172.217.194.0-255,5738,103599,9,202421
6023,0.005109,172.31.36.0-255,66,103665,9,202421
6024,0.007686,172.217.194.0-255,5738,109403,9,202421
6025,0.007692,172.31.36.0-255,66,109469,9,202421
6026,0.010259,172.217.194.0-255,5738,115207,9,202421
6027,0.010266,172.31.36.0-255,66,115273,9,202421
6028,0.012846,172.217.194.0-255,5738,121011,9,202421
6029,0.012853,172.31.36.0-255,66,121077,9,202421
6030,0.015447,172.217.194.0-255,5738,126815,9,202421
6031,0.015458,172.31.36.0-255,66,126881,9,202421
6032,0.018057,172.217.194.0-255,5738,132619,9,202421
6033,0.018072,172.31.36.0-255,66,132685,9,202421
6034,0.020694,172.217.194.0-255,1484,134169,9,202421
6035,0.020728,172.217.194.0-255,4320,138489,9,202421
6036,0.020734,172.31.36.0-255,66,138555,9,202421
6037,0.023308,172.217.194.0-255,5738,144293,9,202421
6038,0.023316,172.31.36.0-255,66,144359,9,202421
6039,0.025883,172.217.194.0-255,5738,150097,9,202421
6040,0.025892,172.31.36.0-255,66,150163,9,202421
6041,0.028481,172.217.194.0-255,5738,155901,9,202421
6042,0.02849,172.31.36.0-255,66,155967,9,202421
6043,0.031041,172.217.194.0-255,5738,161705,9,202421
6044,0.031049,172.31.36.0-255,66,161771,9,202421
6045,0.033574,172.31.36.0-255,172,161943,9,202421
6046,0.033634,172.217.194.0-255,5738,167681,9,202421
6047,0.033639,172.31.36.0-255,66,167747,9,202421
6048,0.033644,172.31.36.0-255,1070,168817,9,202421
6049,0.035103,104.244.42.0-255,66,168883,9,202421
6050,0.035204,104.244.42.0-255,66,168949,9,202421
6051,0.036198,172.217.194.0-255,5738,174687,9,202421
6052,0.036203,172.31.36.0-255,66,174753,9,202421
6053,0.038772,172.217.194.0-255,5738,180491,9,202421
6054,0.038778,172.31.36.0-255,66,180557,9,202421
6055,0.041347,172.217.194.0-255,4320,184877,9,202421
6056,0.041354,172.31.36.0-255,66,184943,9,202421
6057,0.041372,172.217.194.0-255,1484,186427,9,202421
6058,0.043968,172.217.194.0-255,4320,190747,9,202421
6059,0.043973,172.31.36.0-255,66,190813,9,202421
6060,0.046549,172.217.194.0-255,5738,196551,9,202421
6061,0.046554,172.31.36.0-255,66,196617,9,202421
6062,0.049124,172.217.194.0-255,5738,202355,9,202421
6063,0.049129,172.31.36.0-255,66,202421,9,202421
6064,0.0,74.125.68.0-255,153,153,9,270493
6065,1.6e-05,172.31.36.0-255,66,219,9,270493
6066,2.3e-05,74.125.68.0-255,1484,1703,9,270493
6067,2.7e-05,172.31.36.0-255,66,1769,9,270493
6068,3.1e-05,74.125.68.0-255,1484,3253,9,270493
6069,4.3e-05,172.31.36.0-255,66,3319,9,270493
6070,5e-05,74.125.68.0-255,2902,6221,9,270493
6071,5.2e-05,172.31.36.0-255,66,6287,9,270493
6072,9e-05,74.125.68.0-255,4320,10607,9,270493
6073,9.3e-05,172.31.36.0-255,66,10673,9,270493
6074,0.000108,74.125.68.0-255,1484,12157,9,270493
6075,0.00011,172.31.36.0-255,66,12223,9,270493
6076,0.000122,74.125.68.0-255,4904,17127,9,270493
6077,0.000125,172.31.36.0-255,66,17193,9,270493
6078,0.000131,74.125.68.0-255,5738,22931,9,270493
6079,0.000134,172.31.36.0-255,66,22997,9,270493
6080,0.000174,172.31.36.0-255,66,23063,9,270493
6081,0.000238,74.125.68.0-255,1484,24547,9,270493
6082,0.000241,172.31.36.0-255,66,24613,9,270493
6083,0.000259,74.125.68.0-255,2902,27515,9,270493
6084,0.000262,172.31.36.0-255,66,27581,9,270493
6085,0.000267,74.125.68.0-255,2902,30483,9,270493
6086,0.000269,172.31.36.0-255,66,30549,9,270493
6087,0.000298,74.125.68.0-255,2902,33451,9,270493
6088,0.000301,172.31.36.0-255,66,33517,9,270493
6089,0.000306,74.125.68.0-255,2902,36419,9,270493
6090,0.000308,172.31.36.0-255,66,36485,9,270493
6091,0.000314,74.125.68.0-255,3961,40446,9,270493
6092,0.000316,172.31.36.0-255,66,40512,9,270493
6093,0.000364,172.31.36.0-255,66,40578,9,270493
6094,0.000371,74.125.68.0-255,4320,44898,9,270493
6095,0.000373,172.31.36.0-255,66,44964,9,270493
6096,0.000401,74.125.68.0-255,4300,49264,9,270493
6097,0.000403,172.31.36.0-255,66,49330,9,270493
6098,0.000428,74.125.68.0-255,349,49679,9,270493
6099,0.000654,74.125.68.0-255,1484,51163,9,270493
6100,0.00066,172.31.36.0-255,66,51229,9,270493
6101,0.000665,74.125.68.0-255,2902,54131,9,270493
6102,0.000668,172.31.36.0-255,66,54197,9,270493
6103,0.000691,74.125.68.0-255,5738,59935,9,270493
6104,0.000698,172.31.36.0-255,66,60001,9,270493
6105,0.000702,74.125.68.0-255,2902,62903,9,270493
6106,0.000704,172.31.36.0-255,66,62969,9,270493
6107,0.00071,74.125.68.0-255,3961,66930,9,270493
6108,0.000712,172.31.36.0-255,66,66996,9,270493
6109,0.000739,74.125.68.0-255,5738,72734,9,270493
6110,0.000742,172.31.36.0-255,66,72800,9,270493
6111,0.000775,74.125.68.0-255,2902,75702,9,270493
6112,0.000777,172.31.36.0-255,66,75768,9,270493
6113,0.000783,74.125.68.0-255,2902,78670,9,270493
6114,0.000785,172.31.36.0-255,66,78736,9,270493
6115,0.000811,74.125.68.0-255,5379,84115,9,270493
6116,0.000815,172.31.36.0-255,66,84181,9,270493
6117,0.001627,74.125.68.0-255,1484,85665,9,270493
6118,0.001636,74.125.68.0-255,2902,88567,9,270493
6119,0.001639,172.31.36.0-255,66,88633,9,270493
6120,0.001644,74.125.68.0-255,1484,90117,9,270493
6121,0.001659,74.125.68.0-255,1484,91601,9,270493
6122,0.001661,172.31.36.0-255,66,91667,9,270493
6123,0.001665,74.125.68.0-255,2902,94569,9,270493
6124,0.001667,172.31.36.0-255,66,94635,9,270493
6125,0.00169,74.125.68.0-255,1484,96119,9,270493
6126,0.001702,172.31.36.0-255,66,96185,9,270493
6127,0.001708,74.125.68.0-255,5738,101923,9,270493
6128,0.00171,172.31.36.0-255,66,101989,9,270493
6129,0.001736,74.125.68.0-255,7156,109145,9,270493
6130,0.001739,172.31.36.0-255,66,109211,9,270493
6131,0.001742,74.125.68.0-255,766,109977,9,270493
6132,0.001883,74.125.68.0-255,1484,111461,9,270493
6133,0.001888,172.31.36.0-255,66,111527,9,270493
6134,0.001894,74.125.68.0-255,2902,114429,9,270493
6135,0.001897,172.31.36.0-255,66,114495,9,270493
6136,0.001914,74.125.68.0-255,4320,118815,9,270493
6137,0.001917,172.31.36.0-255,66,118881,9,270493
6138,0.001928,74.125.68.0-255,5738,124619,9,270493
6139,0.00193,172.31.36.0-255,66,124685,9,270493
6140,0.00197,172.31.36.0-255,66,124751,9,270493
6141,0.001976,74.125.68.0-255,4320,129071,9,270493
6142,0.001978,172.31.36.0-255,66,129137,9,270493
6143,0.002018,74.125.68.0-255,3602,132739,9,270493
6144,0.002021,172.31.36.0-255,66,132805,9,270493
6145,0.002136,74.125.68.0-255,1484,134289,9,270493
6146,0.002156,74.125.68.0-255,2902,137191,9,270493
6147,0.00216,172.31.36.0-255,66,137257,9,270493
6148,0.002166,74.125.68.0-255,4320,141577,9,270493
6149,0.002168,172.31.36.0-255,66,141643,9,270493
6150,0.002195,74.125.68.0-255,5738,147381,9,270493
6151,0.002197,172.31.36.0-255,66,147447,9,270493
6152,0.002223,74.125.68.0-255,5738,153185,9,270493
6153,0.002226,172.31.36.0-255,66,153251,9,270493
6154,0.002258,74.125.68.0-255,2902,156153,9,270493
6155,0.002261,172.31.36.0-255,66,156219,9,270493
6156,0.002276,172.31.36.0-255,66,156285,9,270493
6157,0.00228,74.125.68.0-255,766,157051,9,270493
6158,0.004428,172.31.36.0-255,66,157117,9,270493
6159,0.004551,74.125.68.0-255,4320,161437,9,270493
6160,0.004556,172.31.36.0-255,66,161503,9,270493
6161,0.006696,74.125.68.0-255,1484,162987,9,270493
6162,0.006822,74.125.68.0-255,2902,165889,9,270493
6163,0.006824,172.31.36.0-255,66,165955,9,270493
6164,0.00685,74.125.68.0-255,1484,167439,9,270493
6165,0.009103,74.125.68.0-255,4320,171759,9,270493
6166,0.00911,172.31.36.0-255,66,171825,9,270493
6167,0.011416,74.125.68.0-255,5738,177563,9,270493
6168,0.011424,172.31.36.0-255,66,177629,9,270493
6169,0.013717,74.125.68.0-255,5738,183367,9,270493
6170,0.013726,172.31.36.0-255,66,183433,9,270493
6171,0.016033,74.125.68.0-255,5738,189171,9,270493
6172,0.016041,172.31.36.0-255,66,189237,9,270493
6173,0.01834,74.125.68.0-255,5738,194975,9,270493
6174,0.01835,172.31.36.0-255,66,195041,9,270493
6175,0.020643,74.125.68.0-255,5738,200779,9,270493
6176,0.020651,172.31.36.0-255,66,200845,9,270493
6177,0.022943,74.125.68.0-255,5738,206583,9,270493
6178,0.02295,172.31.36.0-255,66,206649,9,270493
6179,0.025236,74.125.68.0-255,5738,212387,9,270493
6180,0.025243,172.31.36.0-255,66,212453,9,270493
6181,0.027525,74.125.68.0-255,5738,218191,9,270493
6182,0.027532,172.31.36.0-255,66,218257,9,270493
6183,0.029819,74.125.68.0-255,5738,223995,9,270493
6184,0.029827,172.31.36.0-255,66,224061,9,270493
6185,0.032126,74.125.68.0-255,5738,229799,9,270493
6186,0.032134,172.31.36.0-255,66,229865,9,270493
6187,0.034423,74.125.68.0-255,5738,235603,9,270493
6188,0.034431,172.31.36.0-255,66,235669,9,270493
6189,0.03671,74.125.68.0-255,5738,241407,9,270493
6190,0.036718,172.31.36.0-255,66,241473,9,270493
6191,0.039002,74.125.68.0-255,5738,247211,9,270493
6192,0.039011,172.31.36.0-255,66,247277,9,270493
6193,0.041297,74.125.68.0-255,5738,253015,9,270493
6194,0.041304,172.31.36.0-255,66,253081,9,270493
6195,0.043591,74.125.68.0-255,5738,258819,9,270493
6196,0.043599,172.31.36.0-255,66,258885,9,270493
6197,0.045888,74.125.68.0-255,5738,264623,9,270493
6198,0.045896,172.31.36.0-255,66,264689,9,270493
6199,0.048186,74.125.68.0-255,5738,270427,9,270493
6200,0.048194,172.31.36.0-255,66,270493,9,270493
6201,0.0,172.253.118.0-255,150,150,9,251113
6202,2.8e-05,172.31.36.0-255,66,216,9,251113
6203,3.5e-05,172.253.118.0-255,1484,1700,9,251113
6204,3.8e-05,172.31.36.0-255,66,1766,9,251113
6205,4.3e-05,172.253.118.0-255,2902,4668,9,251113
6206,6.2e-05,172.31.36.0-255,66,4734,9,251113
6207,7e-05,172.253.118.0-255,7156,11890,9,251113
6208,7.3e-05,172.31.36.0-255,66,11956,9,251113
6209,7.7e-05,172.253.118.0-255,2066,14022,9,251113
6210,7.9e-05,172.31.36.0-255,66,14088,9,251113
6211,0.000115,172.253.118.0-255,2902,16990,9,251113
6212,0.000119,172.31.36.0-255,66,17056,9,251113
6213,0.000124,172.253.118.0-255,2902,19958,9,251113
6214,0.000125,172.31.36.0-255,66,20024,9,251113
6215,0.000155,172.253.118.0-255,7156,27180,9,251113
6216,0.000158,172.31.36.0-255,66,27246,9,251113
6217,0.000179,172.253.118.0-255,3961,31207,9,251113
6218,0.000182,172.31.36.0-255,66,31273,9,251113
6219,0.000305,172.253.118.0-255,1484,32757,9,251113
6220,0.000309,172.31.36.0-255,66,32823,9,251113
6221,0.000316,172.253.118.0-255,2902,35725,9,251113
6222,0.000319,172.31.36.0-255,66,35791,9,251113
6223,0.000322,172.253.118.0-255,1484,37275,9,251113
6224,0.000331,172.31.36.0-255,66,37341,9,251113
6225,0.000363,172.253.118.0-255,4320,41661,9,251113
6226,0.000367,172.31.36.0-255,66,41727,9,251113
6227,0.000379,172.31.36.0-255,66,41793,9,251113
6228,0.000413,172.31.36.0-255,66,41859,9,251113
6229,0.000439,172.253.118.0-255,2543,44402,9,251113
6230,0.000442,172.31.36.0-255,66,44468,9,251113
6231,0.000665,172.253.118.0-255,647,45115,9,251113
6232,0.000798,172.31.36.0-255,66,45181,9,251113
6233,0.000833,172.253.118.0-255,1484,46665,9,251113
6234,0.00084,172.253.118.0-255,2902,49567,9,251113
6235,0.000844,172.253.118.0-255,2902,52469,9,251113
6236,0.000861,172.31.36.0-255,66,52535,9,251113
6237,0.000862,172.253.118.0-255,2902,55437,9,251113
6238,0.000866,172.253.118.0-255,2902,58339,9,251113
6239,0.000866,172.31.36.0-255,66,58405,9,251113
6240,0.000886,172.31.36.0-255,66,58471,9,251113
6241,0.00091,172.253.118.0-255,7156,65627,9,251113
6242,0.000912,172.31.36.0-255,66,65693,9,251113
6243,0.000918,172.31.36.0-255,66,65759,9,251113
6244,0.000938,172.253.118.0-255,3602,69361,9,251113
6245,0.000943,172.31.36.0-255,66,69427,9,251113
6246,0.001213,172.253.118.0-255,1484,70911,9,251113
6247,0.001238,172.253.118.0-255,2902,73813,9,251113
6248,0.001242,172.31.36.0-255,66,73879,9,251113
6249,0.00125,172.253.118.0-255,5738,79617,9,251113
6250,0.001278,172.253.118.0-255,4320,83937,9,251113
6251,0.001324,172.31.36.0-255,66,84003,9,251113
6252,0.001344,172.31.36.0-255,66,84069,9,251113
6253,0.001384,172.253.118.0-255,1484,85553,9,251113
6254,0.001389,172.253.118.0-255,2902,88455,9,251113
6255,0.001417,172.253.118.0-255,5738,94193,9,251113
6256,0.001429,172.31.36.0-255,66,94259,9,251113
6257,0.001475,172.31.36.0-255,66,94325,9,251113
6258,0.001482,172.253.118.0-255,766,95091,9,251113
6259,0.001623,172.253.118.0-255,1484,96575,9,251113
6260,0.001631,172.253.118.0-255,2902,99477,9,251113
6261,0.001651,172.253.118.0-255,5738,105215,9,251113
6262,0.001656,172.253.118.0-255,4320,109535,9,251113
6263,0.001662,172.253.118.0-255,5738,115273,9,251113
6264,0.001683,172.253.118.0-255,4320,119593,9,251113
6265,0.001695,172.31.36.0-255,66,119659,9,251113
6266,0.001709,172.253.118.0-255,7156,126815,9,251113
6267,0.001717,172.253.118.0-255,2184,128999,9,251113
6268,0.001772,172.31.36.0-255,66,129065,9,251113
6269,0.001882,172.253.118.0-255,1484,130549,9,251113
6270,0.001888,172.253.118.0-255,2902,133451,9,251113
6271,0.001894,172.31.36.0-255,66,133517,9,251113
6272,0.001932,172.253.118.0-255,5738,139255,9,251113
6273,0.001937,172.253.118.0-255,4320,143575,9,251113
6274,0.001943,172.31.36.0-255,66,143641,9,251113
6275,0.001953,172.253.118.0-255,5738,149379,9,251113
6276,0.001958,172.31.36.0-255,66,149445,9,251113
6277,0.001977,172.253.118.0-255,7156,156601,9,251113
6278,0.002021,172.31.36.0-255,66,156667,9,251113
6279,0.002041,172.253.118.0-255,4320,160987,9,251113
6280,0.002047,172.253.118.0-255,7156,168143,9,251113
6281,0.002062,172.253.118.0-255,6438,174581,9,251113
6282,0.002065,172.31.36.0-255,66,174647,9,251113
6283,0.002095,172.253.118.0-255,1484,176131,9,251113
6284,0.002099,172.31.36.0-255,66,176197,9,251113
6285,0.002153,172.253.118.0-255,5738,181935,9,251113
6286,0.002158,172.31.36.0-255,66,182001,9,251113
6287,0.002205,172.253.118.0-255,5738,187739,9,251113
6288,0.002228,172.31.36.0-255,66,187805,9,251113
6289,0.002276,172.31.36.0-255,66,187871,9,251113
6290,0.002304,172.253.118.0-255,6438,194309,9,251113
6291,0.002308,172.253.118.0-255,2902,197211,9,251113
6292,0.002317,172.31.36.0-255,66,197277,9,251113
6293,0.00237,172.31.36.0-255,66,197343,9,251113
6294,0.002394,172.253.118.0-255,1484,198827,9,251113
6295,0.004702,172.253.118.0-255,4320,203147,9,251113
6296,0.004708,172.31.36.0-255,66,203213,9,251113
6297,0.007052,172.253.118.0-255,5738,208951,9,251113
6298,0.007092,172.31.36.0-255,66,209017,9,251113
6299,0.009472,172.253.118.0-255,5738,214755,9,251113
6300,0.009479,172.31.36.0-255,66,214821,9,251113
6301,0.011814,172.253.118.0-255,5738,220559,9,251113
6302,0.011822,172.31.36.0-255,66,220625,9,251113
6303,0.014188,172.253.118.0-255,5738,226363,9,251113
6304,0.0142,172.31.36.0-255,66,226429,9,251113
6305,0.016537,172.253.118.0-255,5738,232167,9,251113
6306,0.016546,172.31.36.0-255,66,232233,9,251113
6307,0.018886,172.253.118.0-255,5738,237971,9,251113
6308,0.018894,172.31.36.0-255,66,238037,9,251113
6309,0.021217,172.253.118.0-255,5738,243775,9,251113
6310,0.021224,172.31.36.0-255,66,243841,9,251113
6311,0.023562,172.253.118.0-255,661,244502,9,251113
6312,0.023684,172.31.36.0-255,66,244568,9,251113
6313,0.02372,172.31.36.0-255,105,244673,9,251113
6314,0.026004,172.253.118.0-255,66,244739,9,251113
6315,0.042022,172.31.36.0-255,172,244911,9,251113
6316,0.042082,172.31.36.0-255,1116,246027,9,251113
6317,0.042177,172.31.36.0-255,1514,247541,9,251113
6318,0.042179,172.31.36.0-255,1514,249055,9,251113
6319,0.04218,172.31.36.0-255,1514,250569,9,251113
6320,0.042181,172.31.36.0-255,106,250675,9,251113
6321,0.043594,104.244.42.0-255,66,250741,9,251113
6322,0.043633,104.244.42.0-255,66,250807,9,251113
6323,0.043737,104.244.42.0-255,66,250873,9,251113
6324,0.043741,104.244.42.0-255,66,250939,9,251113
6325,0.044264,104.244.42.0-255,108,251047,9,251113
6326,0.044269,172.31.36.0-255,66,251113,9,251113
6327,0.0,172.31.36.0-255,105,105,9,105
6328,0.0,172.217.194.0-255,150,150,9,222577
6329,2.2e-05,172.31.36.0-255,66,216,9,222577
6330,2.9e-05,172.217.194.0-255,1484,1700,9,222577
6331,3.3e-05,172.31.36.0-255,66,1766,9,222577
6332,4.7e-05,172.217.194.0-255,2902,4668,9,222577
6333,5e-05,172.31.36.0-255,66,4734,9,222577
6334,5.6e-05,172.217.194.0-255,4320,9054,9,222577
6335,6e-05,172.31.36.0-255,66,9120,9,222577
6336,9e-05,172.31.36.0-255,66,9186,9,222577
6337,0.000107,172.31.36.0-255,66,9252,9,222577
6338,0.000112,172.217.194.0-255,2543,11795,9,222577
6339,0.000114,172.31.36.0-255,66,11861,9,222577
6340,0.000141,172.217.194.0-255,2902,14763,9,222577
6341,0.000143,172.31.36.0-255,66,14829,9,222577
6342,0.000151,172.217.194.0-255,7156,21985,9,222577
6343,0.000153,172.31.36.0-255,66,22051,9,222577
6344,0.000181,172.217.194.0-255,6797,28848,9,222577
6345,0.000185,172.31.36.0-255,66,28914,9,222577
6346,0.000227,172.217.194.0-255,7156,36070,9,222577
6347,0.00023,172.31.36.0-255,66,36136,9,222577
6348,0.00025,172.217.194.0-255,5738,41874,9,222577
6349,0.000252,172.31.36.0-255,66,41940,9,222577
6350,0.000273,172.217.194.0-255,4603,46543,9,222577
6351,0.000276,172.31.36.0-255,66,46609,9,222577
6352,0.000453,172.217.194.0-255,1484,48093,9,222577
6353,0.000459,172.31.36.0-255,66,48159,9,222577
6354,0.000464,172.217.194.0-255,2902,51061,9,222577
6355,0.000466,172.31.36.0-255,66,51127,9,222577
6356,0.000478,172.217.194.0-255,5738,56865,9,222577
6357,0.000481,172.31.36.0-255,66,56931,9,222577
6358,0.000486,172.217.194.0-255,2902,59833,9,222577
6359,0.000488,172.31.36.0-255,66,59899,9,222577
6360,0.000526,172.31.36.0-255,66,59965,9,222577
6361,0.000538,172.31.36.0-255,66,60031,9,222577
6362,0.000579,172.217.194.0-255,1484,61515,9,222577
6363,0.000584,172.217.194.0-255,1484,62999,9,222577
6364,0.000587,172.31.36.0-255,66,63065,9,222577
6365,0.000615,172.217.194.0-255,1484,64549,9,222577
6366,0.000621,172.217.194.0-255,5738,70287,9,222577
6367,0.000624,172.31.36.0-255,66,70353,9,222577
6368,0.000638,172.31.36.0-255,66,70419,9,222577
6369,0.000649,172.217.194.0-255,1484,71903,9,222577
6370,0.000651,172.217.194.0-255,1484,73387,9,222577
6371,0.000653,172.31.36.0-255,66,73453,9,222577
6372,0.000676,172.217.194.0-255,7156,80609,9,222577
6373,0.000682,172.31.36.0-255,66,80675,9,222577
6374,0.000711,172.217.194.0-255,3053,83728,9,222577
6375,0.000713,172.31.36.0-255,66,83794,9,222577
6376,0.000733,172.31.36.0-255,66,83860,9,222577
6377,0.000738,172.217.194.0-255,3961,87821,9,222577
6378,0.00074,172.31.36.0-255,66,87887,9,222577
6379,0.00078,172.217.194.0-255,4320,92207,9,222577
6380,0.000783,172.31.36.0-255,66,92273,9,222577
6381,0.000791,172.217.194.0-255,7156,99429,9,222577
6382,0.000793,172.31.36.0-255,66,99495,9,222577
6383,0.000832,172.217.194.0-255,1484,100979,9,222577
6384,0.000867,172.31.36.0-255,66,101045,9,222577
6385,0.000878,172.31.36.0-255,66,101111,9,222577
6386,0.000889,172.31.36.0-255,66,101177,9,222577
6387,0.000897,172.217.194.0-255,6797,107974,9,222577
6388,0.000899,172.31.36.0-255,66,108040,9,222577
6389,0.000978,172.217.194.0-255,1484,109524,9,222577
6390,0.000984,172.217.194.0-255,2902,112426,9,222577
6391,0.000986,172.31.36.0-255,66,112492,9,222577
6392,0.001011,172.217.194.0-255,5738,118230,9,222577
6393,0.001022,172.31.36.0-255,66,118296,9,222577
6394,0.001069,172.31.36.0-255,66,118362,9,222577
6395,0.001088,172.31.36.0-255,66,118428,9,222577
6396,0.00113,172.217.194.0-255,1484,119912,9,222577
6397,0.001159,172.217.194.0-255,2902,122814,9,222577
6398,0.001162,172.31.36.0-255,66,122880,9,222577
6399,0.001169,172.217.194.0-255,5738,128618,9,222577
6400,0.001172,172.31.36.0-255,66,128684,9,222577
6401,0.001184,172.31.36.0-255,66,128750,9,222577
6402,0.00121,172.217.194.0-255,4320,133070,9,222577
6403,0.001235,172.217.194.0-255,2184,135254,9,222577
6404,0.001239,172.31.36.0-255,66,135320,9,222577
6405,0.001244,172.31.36.0-255,66,135386,9,222577
6406,0.001308,172.217.194.0-255,1484,136870,9,222577
6407,0.001312,172.217.194.0-255,1484,138354,9,222577
6408,0.001327,172.217.194.0-255,1484,139838,9,222577
6409,0.001334,172.217.194.0-255,5738,145576,9,222577
6410,0.00134,172.217.194.0-255,5738,151314,9,222577
6411,0.00135,172.31.36.0-255,66,151380,9,222577
6412,0.00138,172.217.194.0-255,2902,154282,9,222577
6413,0.001386,172.217.194.0-255,5020,159302,9,222577
6414,0.001395,172.31.36.0-255,66,159368,9,222577
6415,0.001771,172.217.194.0-255,1484,160852,9,222577
6416,0.001776,172.217.194.0-255,2902,163754,9,222577
6417,0.001782,172.31.36.0-255,66,163820,9,222577
6418,0.001805,172.217.194.0-255,5738,169558,9,222577
6419,0.001809,172.31.36.0-255,66,169624,9,222577
6420,0.001818,172.217.194.0-255,7156,176780,9,222577
6421,0.001843,172.217.194.0-255,5738,182518,9,222577
6422,0.00185,172.217.194.0-255,4320,186838,9,222577
6423,0.001854,172.31.36.0-255,66,186904,9,222577
6424,0.001884,172.217.194.0-255,6438,193342,9,222577
6425,0.001887,172.217.194.0-255,1484,194826,9,222577
6426,0.001905,172.217.194.0-255,2902,197728,9,222577
6427,0.001911,172.31.36.0-255,66,197794,9,222577
6428,0.001946,172.217.194.0-255,5738,203532,9,222577
6429,0.002008,172.31.36.0-255,66,203598,9,222577
6430,0.002032,172.217.194.0-255,2184,205782,9,222577
6431,0.002056,172.217.194.0-255,2902,208684,9,222577
6432,0.002088,172.31.36.0-255,66,208750,9,222577
6433,0.002094,172.31.36.0-255,66,208816,9,222577
6434,0.002113,172.217.194.0-255,3602,212418,9,222577
6435,0.002116,172.217.194.0-255,707,213125,9,222577
6436,0.002139,172.31.36.0-255,66,213191,9,222577
6437,0.004117,172.217.194.0-255,105,213296,9,222577
6438,0.01089,172.31.36.0-255,66,213362,9,222577
6439,0.01093,172.31.36.0-255,105,213467,9,222577
6440,0.012923,172.217.194.0-255,66,213533,9,222577
6441,0.040112,172.31.36.0-255,172,213705,9,222577
6442,0.040149,172.31.36.0-255,1117,214822,9,222577
6443,0.040234,172.31.36.0-255,1514,216336,9,222577
6444,0.040236,172.31.36.0-255,1514,217850,9,222577
6445,0.040238,172.31.36.0-255,1514,219364,9,222577
6446,0.040239,172.31.36.0-255,1514,220878,9,222577
6447,0.040267,172.31.36.0-255,1501,222379,9,222577
6448,0.041609,104.244.42.0-255,66,222445,9,222577
6449,0.041637,104.244.42.0-255,66,222511,9,222577
6450,0.041764,104.244.42.0-255,66,222577,9,222577
6451,0.0,172.31.36.0-255,66,66,9,66
6452,0.0,74.125.24.0-255,153,153,9,300651
6453,3e-05,172.31.36.0-255,66,219,9,300651
6454,3.7e-05,74.125.24.0-255,1484,1703,9,300651
6455,4.1e-05,172.31.36.0-255,66,1769,9,300651
6456,4.6e-05,74.125.24.0-255,2902,4671,9,300651
6457,4.8e-05,172.31.36.0-255,66,4737,9,300651
6458,5.6e-05,74.125.24.0-255,7156,11893,9,300651
6459,5.9e-05,172.31.36.0-255,66,11959,9,300651
6460,9.7e-05,74.125.24.0-255,2093,14052,9,300651
6461,0.000101,172.31.36.0-255,66,14118,9,300651
6462,0.000106,74.125.24.0-255,2902,17020,9,300651
6463,0.000108,172.31.36.0-255,66,17086,9,300651
6464,0.000114,74.125.24.0-255,4320,21406,9,300651
6465,0.000116,172.31.36.0-255,66,21472,9,300651
6466,0.000138,74.125.24.0-255,2902,24374,9,300651
6467,0.00014,172.31.36.0-255,66,24440,9,300651
6468,0.000145,74.125.24.0-255,4320,28760,9,300651
6469,0.000147,172.31.36.0-255,66,28826,9,300651
6470,0.000176,74.125.24.0-255,2543,31369,9,300651
6471,0.00018,172.31.36.0-255,66,31435,9,300651
6472,0.00023,74.125.24.0-255,1484,32919,9,300651
6473,0.000233,172.31.36.0-255,66,32985,9,300651
6474,0.000237,74.125.24.0-255,2902,35887,9,300651
6475,0.00024,172.31.36.0-255,66,35953,9,300651
6476,0.000258,74.125.24.0-255,5738,41691,9,300651
6477,0.00026,172.31.36.0-255,66,41757,9,300651
6478,0.000298,172.31.36.0-255,66,41823,9,300651
6479,0.000311,172.31.36.0-255,66,41889,9,300651
6480,0.000314,74.125.24.0-255,361,42250,9,300651
6481,0.000316,172.31.36.0-255,66,42316,9,300651
6482,0.000372,74.125.24.0-255,132,42448,9,300651
6483,0.000494,74.125.24.0-255,1484,43932,9,300651
6484,0.000499,172.31.36.0-255,66,43998,9,300651
6485,0.000504,74.125.24.0-255,2902,46900,9,300651
6486,0.000506,172.31.36.0-255,66,46966,9,300651
6487,0.000512,74.125.24.0-255,5738,52704,9,300651
6488,0.000515,172.31.36.0-255,66,52770,9,300651
6489,0.000548,74.125.24.0-255,4320,57090,9,300651
6490,0.000551,172.31.36.0-255,66,57156,9,300651
6491,0.000566,74.125.24.0-255,2244,59400,9,300651
6492,0.000569,172.31.36.0-255,66,59466,9,300651
6493,0.000607,74.125.24.0-255,1484,60950,9,300651
6494,0.00061,74.125.24.0-255,1484,62434,9,300651
6495,0.000613,172.31.36.0-255,66,62500,9,300651
6496,0.000637,74.125.24.0-255,1484,63984,9,300651
6497,0.000643,74.125.24.0-255,5738,69722,9,300651
6498,0.000645,172.31.36.0-255,66,69788,9,300651
6499,0.000652,74.125.24.0-255,7156,76944,9,300651
6500,0.000654,172.31.36.0-255,66,77010,9,300651
6501,0.000682,172.31.36.0-255,66,77076,9,300651
6502,0.000697,74.125.24.0-255,2902,79978,9,300651
6503,0.0007,172.31.36.0-255,66,80044,9,300651
6504,0.000704,74.125.24.0-255,2184,82228,9,300651
6505,0.000707,172.31.36.0-255,66,82294,9,300651
6506,0.000842,74.125.24.0-255,1484,83778,9,300651
6507,0.000849,74.125.24.0-255,2902,86680,9,300651
6508,0.000854,172.31.36.0-255,66,86746,9,300651
6509,0.000861,74.125.24.0-255,5738,92484,9,300651
6510,0.000863,172.31.36.0-255,66,92550,9,300651
6511,0.000875,74.125.24.0-255,1484,94034,9,300651
6512,0.000912,172.31.36.0-255,66,94100,9,300651
6513,0.000924,172.31.36.0-255,66,94166,9,300651
6514,0.001106,74.125.24.0-255,1484,95650,9,300651
6515,0.001123,74.125.24.0-255,2902,98552,9,300651
6516,0.001127,172.31.36.0-255,66,98618,9,300651
6517,0.001133,74.125.24.0-255,4320,102938,9,300651
6518,0.001136,172.31.36.0-255,66,103004,9,300651
6519,0.001151,74.125.24.0-255,1484,104488,9,300651
6520,0.001158,74.125.24.0-255,5738,110226,9,300651
6521,0.00116,172.31.36.0-255,66,110292,9,300651
6522,0.001174,74.125.24.0-255,1125,111417,9,300651
6523,0.00125,74.125.24.0-255,1484,112901,9,300651
6524,0.001255,172.31.36.0-255,66,112967,9,300651
6525,0.00126,74.125.24.0-255,2902,115869,9,300651
6526,0.001263,172.31.36.0-255,66,115935,9,300651
6527,0.001268,74.125.24.0-255,2902,118837,9,300651
6528,0.00127,172.31.36.0-255,66,118903,9,300651
6529,0.001282,74.125.24.0-255,2902,121805,9,300651
6530,0.001285,172.31.36.0-255,66,121871,9,300651
6531,0.001305,74.125.24.0-255,7156,129027,9,300651
6532,0.001308,172.31.36.0-255,66,129093,9,300651
6533,0.00133,74.125.24.0-255,5738,134831,9,300651
6534,0.001333,172.31.36.0-255,66,134897,9,300651
6535,0.001336,74.125.24.0-255,1484,136381,9,300651
6536,0.001408,172.31.36.0-255,66,136447,9,300651
6537,0.001573,74.125.24.0-255,1484,137931,9,300651
6538,0.001594,74.125.24.0-255,2902,140833,9,300651
6539,0.001598,172.31.36.0-255,66,140899,9,300651
6540,0.001602,74.125.24.0-255,1484,142383,9,300651
6541,0.001618,74.125.24.0-255,1484,143867,9,300651
6542,0.00162,172.31.36.0-255,66,143933,9,300651
6543,0.001628,74.125.24.0-255,7156,151089,9,300651
6544,0.00163,172.31.36.0-255,66,151155,9,300651
6545,0.001646,74.125.24.0-255,1484,152639,9,300651
6546,0.001672,172.31.36.0-255,66,152705,9,300651
6547,0.001677,74.125.24.0-255,3602,156307,9,300651
6548,0.001679,172.31.36.0-255,66,156373,9,300651
6549,0.001775,74.125.24.0-255,1484,157857,9,300651
6550,0.00179,74.125.24.0-255,2902,160759,9,300651
6551,0.001792,172.31.36.0-255,66,160825,9,300651
6552,0.001799,74.125.24.0-255,4320,165145,9,300651
6553,0.001802,172.31.36.0-255,66,165211,9,300651
6554,0.001812,74.125.24.0-255,1484,166695,9,300651
6555,0.001815,74.125.24.0-255,1484,168179,9,300651
6556,0.001817,172.31.36.0-255,66,168245,9,300651
6557,0.001852,172.31.36.0-255,66,168311,9,300651
6558,0.001856,74.125.24.0-255,2902,171213,9,300651
6559,0.001858,172.31.36.0-255,66,171279,9,300651
6560,0.001879,172.31.36.0-255,66,171345,9,300651
6561,0.001901,74.125.24.0-255,1484,172829,9,300651
6562,0.001914,74.125.24.0-255,1484,174313,9,300651
6563,0.001916,172.31.36.0-255,66,174379,9,300651
6564,0.001921,74.125.24.0-255,4320,178699,9,300651
6565,0.001924,172.31.36.0-255,66,178765,9,300651
6566,0.001941,172.31.36.0-255,66,178831,9,300651
6567,0.00196,74.125.24.0-255,1484,180315,9,300651
6568,0.002002,74.125.24.0-255,1484,181799,9,300651
6569,0.002015,74.125.24.0-255,2184,183983,9,300651
6570,0.002017,74.125.24.0-255,1484,185467,9,300651
6571,0.002037,74.125.24.0-255,2902,188369,9,300651
6572,0.005865,172.31.36.0-255,66,188435,9,300651
6573,0.007809,74.125.24.0-255,5738,194173,9,300651
6574,0.007816,172.31.36.0-255,66,194239,9,300651
6575,0.009761,74.125.24.0-255,5738,199977,9,300651
6576,0.009767,172.31.36.0-255,66,200043,9,300651
6577,0.011732,74.125.24.0-255,5738,205781,9,300651
6578,0.011739,172.31.36.0-255,66,205847,9,300651
6579,0.013681,74.125.24.0-255,5738,211585,9,300651
6580,0.013688,172.31.36.0-255,66,211651,9,300651
6581,0.015625,74.125.24.0-255,5738,217389,9,300651
6582,0.015632,172.31.36.0-255,66,217455,9,300651
6583,0.017579,74.125.24.0-255,5738,223193,9,300651
6584,0.017588,172.31.36.0-255,66,223259,9,300651
6585,0.019536,74.125.24.0-255,5738,228997,9,300651
6586,0.019543,172.31.36.0-255,66,229063,9,300651
6587,0.021472,74.125.24.0-255,5738,234801,9,300651
6588,0.021479,172.31.36.0-255,66,234867,9,300651
6589,0.023399,74.125.24.0-255,5738,240605,9,300651
6590,0.023405,172.31.36.0-255,66,240671,9,300651
6591,0.025394,74.125.24.0-255,5738,246409,9,300651
6592,0.025401,172.31.36.0-255,66,246475,9,300651
6593,0.027353,74.125.24.0-255,5738,252213,9,300651
6594,0.02736,172.31.36.0-255,66,252279,9,300651
6595,0.029389,74.125.24.0-255,5738,258017,9,300651
6596,0.029395,172.31.36.0-255,66,258083,9,300651
6597,0.031327,74.125.24.0-255,5738,263821,9,300651
6598,0.031334,172.31.36.0-255,66,263887,9,300651
6599,0.033297,74.125.24.0-255,5738,269625,9,300651
6600,0.033304,172.31.36.0-255,66,269691,9,300651
6601,0.035234,74.125.24.0-255,5738,275429,9,300651
6602,0.035242,172.31.36.0-255,66,275495,9,300651
6603,0.037189,74.125.24.0-255,5738,281233,9,300651
6604,0.037196,172.31.36.0-255,66,281299,9,300651
6605,0.037376,172.31.36.0-255,172,281471,9,300651
6606,0.037404,172.31.36.0-255,1117,282588,9,300651
6607,0.03751,172.31.36.0-255,1514,284102,9,300651
6608,0.037513,172.31.36.0-255,1514,285616,9,300651
6609,0.037514,172.31.36.0-255,1514,287130,9,300651
6610,0.037519,172.31.36.0-255,1514,288644,9,300651
6611,0.037521,172.31.36.0-255,1485,290129,9,300651
6612,0.038902,104.244.42.0-255,66,290195,9,300651
6613,0.038938,104.244.42.0-255,66,290261,9,300651
6614,0.039043,104.244.42.0-255,66,290327,9,300651
6615,0.039138,74.125.24.0-255,5738,296065,9,300651
6616,0.039145,172.31.36.0-255,66,296131,9,300651
6617,0.039634,104.244.42.0-255,108,296239,9,300651
6618,0.039655,172.31.36.0-255,66,296305,9,300651
6619,0.041069,74.125.24.0-255,4109,300414,9,300651
6620,0.041088,172.31.36.0-255,66,300480,9,300651
6621,0.041257,172.31.36.0-255,105,300585,9,300651
6622,0.043137,74.125.24.0-255,66,300651,9,300651
6623,0.0,74.125.68.0-255,150,150,9,263024
6624,2.3e-05,172.31.36.0-255,66,216,9,263024
6625,3e-05,74.125.68.0-255,1484,1700,9,263024
6626,3.5e-05,172.31.36.0-255,66,1766,9,263024
6627,6.5e-05,74.125.68.0-255,2902,4668,9,263024
6628,6.9e-05,172.31.36.0-255,66,4734,9,263024
6629,7.9e-05,74.125.68.0-255,2902,7636,9,263024
6630,8.3e-05,172.31.36.0-255,66,7702,9,263024
6631,8.9e-05,74.125.68.0-255,4320,12022,9,263024
6632,9.2e-05,172.31.36.0-255,66,12088,9,263024
6633,0.000128,74.125.68.0-255,2052,14140,9,263024
6634,0.000131,172.31.36.0-255,66,14206,9,263024
6635,0.000197,74.125.68.0-255,1484,15690,9,263024
6636,0.0002,172.31.36.0-255,66,15756,9,263024
6637,0.000223,74.125.68.0-255,1484,17240,9,263024
6638,0.000226,172.31.36.0-255,66,17306,9,263024
6639,0.000231,74.125.68.0-255,2902,20208,9,263024
6640,0.000233,172.31.36.0-255,66,20274,9,263024
6641,0.000251,74.125.68.0-255,2902,23176,9,263024
6642,0.000254,172.31.36.0-255,66,23242,9,263024
6643,0.000278,74.125.68.0-255,2902,26144,9,263024
6644,0.000281,172.31.36.0-255,66,26210,9,263024
6645,0.000284,74.125.68.0-255,1484,27694,9,263024
6646,0.000286,172.31.36.0-255,66,27760,9,263024
6647,0.000312,74.125.68.0-255,2902,30662,9,263024
6648,0.000319,172.31.36.0-255,66,30728,9,263024
6649,0.000349,74.125.68.0-255,3961,34689,9,263024
6650,0.000352,172.31.36.0-255,66,34755,9,263024
6651,0.000385,74.125.68.0-255,4320,39075,9,263024
6652,0.000388,172.31.36.0-255,66,39141,9,263024
6653,0.000423,172.31.36.0-255,66,39207,9,263024
6654,0.000862,74.125.68.0-255,1484,40691,9,263024
6655,0.000895,74.125.68.0-255,1484,42175,9,263024
6656,0.000899,172.31.36.0-255,66,42241,9,263024
6657,0.000931,74.125.68.0-255,2902,45143,9,263024
6658,0.000938,74.125.68.0-255,5738,50881,9,263024
6659,0.000958,172.31.36.0-255,66,50947,9,263024
6660,0.00099,74.125.68.0-255,5379,56326,9,263024
6661,0.001015,172.31.36.0-255,66,56392,9,263024
6662,0.001039,74.125.68.0-255,1484,57876,9,263024
6663,0.001056,74.125.68.0-255,2902,60778,9,263024
6664,0.00107,74.125.68.0-255,5738,66516,9,263024
6665,0.001083,172.31.36.0-255,66,66582,9,263024
6666,0.001108,74.125.68.0-255,4320,70902,9,263024
6667,0.001124,172.31.36.0-255,66,70968,9,263024
6668,0.001156,74.125.68.0-255,5379,76347,9,263024
6669,0.001189,172.31.36.0-255,66,76413,9,263024
6670,0.001208,74.125.68.0-255,2902,79315,9,263024
6671,0.001222,74.125.68.0-255,4320,83635,9,263024
6672,0.001239,74.125.68.0-255,5738,89373,9,263024
6673,0.001251,172.31.36.0-255,66,89439,9,263024
6674,0.001304,74.125.68.0-255,1705,91144,9,263024
6675,0.001313,172.31.36.0-255,66,91210,9,263024
6676,0.001864,74.125.68.0-255,1484,92694,9,263024
6677,0.001902,74.125.68.0-255,2902,95596,9,263024
6678,0.001907,172.31.36.0-255,66,95662,9,263024
6679,0.001915,74.125.68.0-255,4320,99982,9,263024
6680,0.001935,74.125.68.0-255,2902,102884,9,263024
6681,0.001958,74.125.68.0-255,5738,108622,9,263024
6682,0.001999,74.125.68.0-255,2902,111524,9,263024
6683,0.002027,74.125.68.0-255,2902,114426,9,263024
6684,0.002047,74.125.68.0-255,1484,115910,9,263024
6685,0.002076,74.125.68.0-255,4320,120230,9,263024
6686,0.002097,74.125.68.0-255,4320,124550,9,263024
6687,0.002109,74.125.68.0-255,217,124767,9,263024
6688,0.002154,74.125.68.0-255,1484,126251,9,263024
6689,0.002169,74.125.68.0-255,2902,129153,9,263024
6690,0.002187,74.125.68.0-255,5738,134891,9,263024
6691,0.002234,74.125.68.0-255,5738,140629,9,263024
6692,0.00228,74.125.68.0-255,2902,143531,9,263024
6693,0.002298,74.125.68.0-255,4320,147851,9,263024
6694,0.006255,172.31.36.0-255,66,147917,9,263024
6695,0.008535,74.125.68.0-255,5738,153655,9,263024
6696,0.008542,172.31.36.0-255,66,153721,9,263024
6697,0.010798,74.125.68.0-255,5738,159459,9,263024
6698,0.010805,172.31.36.0-255,66,159525,9,263024
6699,0.013067,74.125.68.0-255,5738,165263,9,263024
6700,0.013918,172.31.36.0-255,66,165329,9,263024
6701,0.016173,74.125.68.0-255,5738,171067,9,263024
6702,0.01618,172.31.36.0-255,66,171133,9,263024
6703,0.018429,74.125.68.0-255,5738,176871,9,263024
6704,0.018434,172.31.36.0-255,66,176937,9,263024
6705,0.020698,74.125.68.0-255,5738,182675,9,263024
6706,0.020705,172.31.36.0-255,66,182741,9,263024
6707,0.022977,74.125.68.0-255,5738,188479,9,263024
6708,0.022987,172.31.36.0-255,66,188545,9,263024
6709,0.02524,74.125.68.0-255,5738,194283,9,263024
6710,0.025247,172.31.36.0-255,66,194349,9,263024
6711,0.027497,74.125.68.0-255,5738,200087,9,263024
6712,0.027504,172.31.36.0-255,66,200153,9,263024
6713,0.027853,172.31.36.0-255,172,200325,9,263024
6714,0.027885,172.31.36.0-255,1118,201443,9,263024
6715,0.027953,172.31.36.0-255,1514,202957,9,263024
6716,0.027955,172.31.36.0-255,1514,204471,9,263024
6717,0.027956,172.31.36.0-255,1514,205985,9,263024
6718,0.027957,172.31.36.0-255,1514,207499,9,263024
6719,0.027989,172.31.36.0-255,1514,209013,9,263024
6720,0.027991,172.31.36.0-255,1163,210176,9,263024
6721,0.029403,104.244.42.0-255,66,210242,9,263024
6722,0.029432,104.244.42.0-255,66,210308,9,263024
6723,0.029505,104.244.42.0-255,66,210374,9,263024
6724,0.029511,104.244.42.0-255,66,210440,9,263024
6725,0.029515,104.244.42.0-255,66,210506,9,263024
6726,0.02976,74.125.68.0-255,5738,216244,9,263024
6727,0.029767,172.31.36.0-255,66,216310,9,263024
6728,0.030163,104.244.42.0-255,108,216418,9,263024
6729,0.030169,172.31.36.0-255,66,216484,9,263024
6730,0.032026,74.125.68.0-255,5738,222222,9,263024
6731,0.032033,172.31.36.0-255,66,222288,9,263024
6732,0.03429,74.125.68.0-255,5738,228026,9,263024
6733,0.034297,172.31.36.0-255,66,228092,9,263024
6734,0.036572,74.125.68.0-255,5738,233830,9,263024
6735,0.036581,172.31.36.0-255,66,233896,9,263024
6736,0.03884,74.125.68.0-255,5738,239634,9,263024
6737,0.038849,172.31.36.0-255,66,239700,9,263024
6738,0.04111,74.125.68.0-255,5738,245438,9,263024
6739,0.041118,172.31.36.0-255,66,245504,9,263024
6740,0.043373,74.125.68.0-255,5738,251242,9,263024
6741,0.043381,172.31.36.0-255,66,251308,9,263024
6742,0.044643,172.31.36.0-255,108,251416,9,263024
6743,0.045641,74.125.68.0-255,5738,257154,9,263024
6744,0.045649,172.31.36.0-255,66,257220,9,263024
6745,0.04791,74.125.68.0-255,5738,262958,9,263024
6746,0.04792,172.31.36.0-255,66,263024,9,263024
6747,0.0,172.217.160.0-255,153,153,9,276415
6748,2.3e-05,172.31.36.0-255,66,219,9,276415
6749,3e-05,172.217.160.0-255,1484,1703,9,276415
6750,3.4e-05,172.31.36.0-255,66,1769,9,276415
6751,3.9e-05,172.217.160.0-255,2902,4671,9,276415
6752,4.2e-05,172.31.36.0-255,66,4737,9,276415
6753,4.9e-05,172.217.160.0-255,7156,11893,9,276415
6754,5.2e-05,172.31.36.0-255,66,11959,9,276415
6755,5.6e-05,172.217.160.0-255,1975,13934,9,276415
6756,5.9e-05,172.31.36.0-255,66,14000,9,276415
6757,0.000104,172.217.160.0-255,1484,15484,9,276415
6758,0.000106,172.31.36.0-255,66,15550,9,276415
6759,0.000127,172.217.160.0-255,2902,18452,9,276415
6760,0.000129,172.31.36.0-255,66,18518,9,276415
6761,0.000134,172.217.160.0-255,4320,22838,9,276415
6762,0.000136,172.31.36.0-255,66,22904,9,276415
6763,0.00019,172.217.160.0-255,7156,30060,9,276415
6764,0.000192,172.31.36.0-255,66,30126,9,276415
6765,0.000219,172.217.160.0-255,2543,32669,9,276415
6766,0.000221,172.31.36.0-255,66,32735,9,276415
6767,0.000232,172.31.36.0-255,66,32801,9,276415
6768,0.000238,172.217.160.0-255,5379,38180,9,276415
6769,0.00024,172.31.36.0-255,66,38246,9,276415
6770,0.000843,172.217.160.0-255,1484,39730,9,276415
6771,0.00085,172.31.36.0-255,66,39796,9,276415
6772,0.000857,172.217.160.0-255,2902,42698,9,276415
6773,0.000859,172.31.36.0-255,66,42764,9,276415
6774,0.000865,172.217.160.0-255,5738,48502,9,276415
6775,0.000867,172.31.36.0-255,66,48568,9,276415
6776,0.000926,172.217.160.0-255,6797,55365,9,276415
6777,0.000932,172.31.36.0-255,66,55431,9,276415
6778,0.00104,172.217.160.0-255,1484,56915,9,276415
6779,0.001049,172.217.160.0-255,2902,59817,9,276415
6780,0.001052,172.31.36.0-255,66,59883,9,276415
6781,0.001058,172.217.160.0-255,4320,64203,9,276415
6782,0.001061,172.31.36.0-255,66,64269,9,276415
6783,0.001078,172.217.160.0-255,1484,65753,9,276415
6784,0.001085,172.217.160.0-255,4320,70073,9,276415
6785,0.001087,172.31.36.0-255,66,70139,9,276415
6786,0.001095,172.217.160.0-255,7156,77295,9,276415
6787,0.001097,172.31.36.0-255,66,77361,9,276415
6788,0.001127,172.217.160.0-255,5379,82740,9,276415
6789,0.001131,172.31.36.0-255,66,82806,9,276415
6790,0.001137,172.217.160.0-255,6797,89603,9,276415
6791,0.00114,172.31.36.0-255,66,89669,9,276415
6792,0.001192,172.217.160.0-255,1484,91153,9,276415
6793,0.001197,172.217.160.0-255,2902,94055,9,276415
6794,0.001202,172.31.36.0-255,66,94121,9,276415
6795,0.001224,172.217.160.0-255,5738,99859,9,276415
6796,0.001227,172.31.36.0-255,66,99925,9,276415
6797,0.001233,172.217.160.0-255,5738,105663,9,276415
6798,0.001235,172.31.36.0-255,66,105729,9,276415
6799,0.001258,172.217.160.0-255,1013,106742,9,276415
6800,0.001525,172.217.160.0-255,195,106937,9,276415
6801,0.001652,172.217.160.0-255,1484,108421,9,276415
6802,0.001656,172.31.36.0-255,66,108487,9,276415
6803,0.001662,172.217.160.0-255,2902,111389,9,276415
6804,0.001663,172.31.36.0-255,66,111455,9,276415
6805,0.001695,172.217.160.0-255,5738,117193,9,276415
6806,0.001698,172.217.160.0-255,1484,118677,9,276415
6807,0.001701,172.217.160.0-255,2902,121579,9,276415
6808,0.001705,172.31.36.0-255,66,121645,9,276415
6809,0.001709,172.31.36.0-255,66,121711,9,276415
6810,0.001733,172.31.36.0-255,66,121777,9,276415
6811,0.001736,172.217.160.0-255,1484,123261,9,276415
6812,0.00175,172.217.160.0-255,5738,128999,9,276415
6813,0.001752,172.31.36.0-255,66,129065,9,276415
6814,0.001774,172.217.160.0-255,2184,131249,9,276415
6815,0.001777,172.31.36.0-255,66,131315,9,276415
6816,0.003647,172.217.160.0-255,5738,137053,9,276415
6817,0.003653,172.31.36.0-255,66,137119,9,276415
6818,0.005535,172.217.160.0-255,5738,142857,9,276415
6819,0.005541,172.31.36.0-255,66,142923,9,276415
6820,0.007462,172.217.160.0-255,5738,148661,9,276415
6821,0.007472,172.31.36.0-255,66,148727,9,276415
6822,0.009395,172.217.160.0-255,5738,154465,9,276415
6823,0.009407,172.31.36.0-255,66,154531,9,276415
6824,0.011304,172.217.160.0-255,5738,160269,9,276415
6825,0.011314,172.31.36.0-255,66,160335,9,276415
6826,0.013197,172.217.160.0-255,5738,166073,9,276415
6827,0.013206,172.31.36.0-255,66,166139,9,276415
6828,0.015087,172.217.160.0-255,5738,171877,9,276415
6829,0.015096,172.31.36.0-255,66,171943,9,276415
6830,0.01699,172.217.160.0-255,5738,177681,9,276415
6831,0.016998,172.31.36.0-255,66,177747,9,276415
6832,0.018876,172.217.160.0-255,5738,183485,9,276415
6833,0.018883,172.31.36.0-255,66,183551,9,276415
6834,0.020778,172.217.160.0-255,5738,189289,9,276415
6835,0.02079,172.31.36.0-255,66,189355,9,276415
6836,0.022674,172.217.160.0-255,5738,195093,9,276415
6837,0.02268,172.31.36.0-255,66,195159,9,276415
6838,0.024554,172.217.160.0-255,5738,200897,9,276415
6839,0.024558,172.31.36.0-255,66,200963,9,276415
6840,0.026441,172.217.160.0-255,5738,206701,9,276415
6841,0.02645,172.31.36.0-255,66,206767,9,276415
6842,0.028328,172.217.160.0-255,5738,212505,9,276415
6843,0.028336,172.31.36.0-255,66,212571,9,276415
6844,0.030231,172.217.160.0-255,5738,218309,9,276415
6845,0.030245,172.31.36.0-255,66,218375,9,276415
6846,0.032128,172.217.160.0-255,5738,224113,9,276415
6847,0.032135,172.31.36.0-255,66,224179,9,276415
6848,0.03403,172.217.160.0-255,5738,229917,9,276415
6849,0.034042,172.31.36.0-255,66,229983,9,276415
6850,0.035939,172.217.160.0-255,5738,235721,9,276415
6851,0.035951,172.31.36.0-255,66,235787,9,276415
6852,0.037834,172.217.160.0-255,5738,241525,9,276415
6853,0.037843,172.31.36.0-255,66,241591,9,276415
6854,0.039724,172.217.160.0-255,5738,247329,9,276415
6855,0.039732,172.31.36.0-255,66,247395,9,276415
6856,0.041613,172.217.160.0-255,5738,253133,9,276415
6857,0.041625,172.31.36.0-255,66,253199,9,276415
6858,0.043502,172.217.160.0-255,5738,258937,9,276415
6859,0.043508,172.31.36.0-255,66,259003,9,276415
6860,0.045395,172.217.160.0-255,5738,264741,9,276415
6861,0.045402,172.31.36.0-255,66,264807,9,276415
6862,0.047283,172.217.160.0-255,5738,270545,9,276415
6863,0.04729,172.31.36.0-255,66,270611,9,276415
6864,0.049184,172.217.160.0-255,5738,276349,9,276415
6865,0.049196,172.31.36.0-255,66,276415,9,276415
6866,0.0,172.217.27.0-255,146,146,9,311836
6867,2.4e-05,172.31.36.0-255,66,212,9,311836
6868,3.1e-05,172.217.27.0-255,1484,1696,9,311836
6869,3.7e-05,172.31.36.0-255,66,1762,9,311836
6870,4.3e-05,172.217.27.0-255,2902,4664,9,311836
6871,5.4e-05,172.31.36.0-255,66,4730,9,311836
6872,6.1e-05,172.217.27.0-255,4320,9050,9,311836
6873,6.4e-05,172.31.36.0-255,66,9116,9,311836
6874,7e-05,172.217.27.0-255,4320,13436,9,311836
6875,7.4e-05,172.31.36.0-255,66,13502,9,311836
6876,8.2e-05,172.217.27.0-255,4892,18394,9,311836
6877,8.5e-05,172.31.36.0-255,66,18460,9,311836
6878,9.1e-05,172.217.27.0-255,4320,22780,9,311836
6879,9.4e-05,172.31.36.0-255,66,22846,9,311836
6880,0.0001,172.217.27.0-255,4320,27166,9,311836
6881,0.000104,172.31.36.0-255,66,27232,9,311836
6882,0.000142,172.217.27.0-255,1484,28716,9,311836
6883,0.000145,172.31.36.0-255,66,28782,9,311836
6884,0.000164,172.31.36.0-255,66,28848,9,311836
6885,0.000177,172.31.36.0-255,66,28914,9,311836
6886,0.000188,172.31.36.0-255,66,28980,9,311836
6887,0.000232,172.217.27.0-255,1484,30464,9,311836
6888,0.000234,172.31.36.0-255,66,30530,9,311836
6889,0.000239,172.217.27.0-255,2902,33432,9,311836
6890,0.000241,172.31.36.0-255,66,33498,9,311836
6891,0.000252,172.217.27.0-255,3961,37459,9,311836
6892,0.000254,172.31.36.0-255,66,37525,9,311836
6893,0.000257,172.217.27.0-255,393,37918,9,311836
6894,0.000259,172.31.36.0-255,66,37984,9,311836
6895,0.000584,172.217.27.0-255,115,38099,9,311836
6896,0.000762,172.217.27.0-255,1484,39583,9,311836
6897,0.000768,172.217.27.0-255,2902,42485,9,311836
6898,0.000788,172.31.36.0-255,66,42551,9,311836
6899,0.000795,172.217.27.0-255,5738,48289,9,311836
6900,0.000802,172.217.27.0-255,5738,54027,9,311836
6901,0.000816,172.217.27.0-255,1484,55511,9,311836
6902,0.00083,172.31.36.0-255,66,55577,9,311836
6903,0.000859,172.217.27.0-255,1484,57061,9,311836
6904,0.000864,172.217.27.0-255,2902,59963,9,311836
6905,0.000882,172.31.36.0-255,66,60029,9,311836
6906,0.000905,172.217.27.0-255,3602,63631,9,311836
6907,0.000928,172.31.36.0-255,66,63697,9,311836
6908,0.000939,172.217.27.0-255,2902,66599,9,311836
6909,0.000954,172.217.27.0-255,1484,68083,9,311836
6910,0.00096,172.217.27.0-255,5738,73821,9,311836
6911,0.000981,172.217.27.0-255,1484,75305,9,311836
6912,0.000984,172.31.36.0-255,66,75371,9,311836
6913,0.000994,172.217.27.0-255,2902,78273,9,311836
6914,0.001004,172.217.27.0-255,4320,82593,9,311836
6915,0.00101,172.217.27.0-255,5738,88331,9,311836
6916,0.001016,172.31.36.0-255,66,88397,9,311836
6917,0.001054,172.217.27.0-255,2902,91299,9,311836
6918,0.001073,172.217.27.0-255,6438,97737,9,311836
6919,0.001078,172.31.36.0-255,66,97803,9,311836
6920,0.001104,172.217.27.0-255,2902,100705,9,311836
6921,0.001114,172.31.36.0-255,66,100771,9,311836
6922,0.001143,172.217.27.0-255,4320,105091,9,311836
6923,0.001176,172.31.36.0-255,66,105157,9,311836
6924,0.001179,172.217.27.0-255,1484,106641,9,311836
6925,0.001201,172.217.27.0-255,766,107407,9,311836
6926,0.001224,172.31.36.0-255,66,107473,9,311836
6927,0.001398,172.217.27.0-255,1484,108957,9,311836
6928,0.001402,172.217.27.0-255,1484,110441,9,311836
6929,0.001414,172.217.27.0-255,1484,111925,9,311836
6930,0.001426,172.217.27.0-255,1484,113409,9,311836
6931,0.00143,172.217.27.0-255,2902,116311,9,311836
6932,0.001436,172.31.36.0-255,66,116377,9,311836
6933,0.001452,172.217.27.0-255,2902,119279,9,311836
6934,0.001455,172.217.27.0-255,1484,120763,9,311836
6935,0.001475,172.217.27.0-255,7156,127919,9,311836
6936,0.001482,172.31.36.0-255,66,127985,9,311836
6937,0.001502,172.217.27.0-255,4320,132305,9,311836
6938,0.001509,172.217.27.0-255,7156,139461,9,311836
6939,0.001527,172.31.36.0-255,66,139527,9,311836
6940,0.001557,172.31.36.0-255,66,139593,9,311836
6941,0.001565,172.217.27.0-255,1484,141077,9,311836
6942,0.00157,172.217.27.0-255,4320,145397,9,311836
6943,0.001598,172.217.27.0-255,7156,152553,9,311836
6944,0.001609,172.31.36.0-255,66,152619,9,311836
6945,0.001622,172.217.27.0-255,5020,157639,9,311836
6946,0.001647,172.31.36.0-255,66,157705,9,311836
6947,0.003333,172.217.27.0-255,5738,163443,9,311836
6948,0.003339,172.31.36.0-255,66,163509,9,311836
6949,0.005016,172.217.27.0-255,5738,169247,9,311836
6950,0.008938,172.31.36.0-255,66,169313,9,311836
6951,0.010609,172.217.27.0-255,5738,175051,9,311836
6952,0.010617,172.31.36.0-255,66,175117,9,311836
6953,0.012298,172.217.27.0-255,5738,180855,9,311836
6954,0.012789,172.31.36.0-255,66,180921,9,311836
6955,0.014461,172.217.27.0-255,5738,186659,9,311836
6956,0.014469,172.31.36.0-255,66,186725,9,311836
6957,0.016143,172.217.27.0-255,5738,192463,9,311836
6958,0.016152,172.31.36.0-255,66,192529,9,311836
6959,0.017825,172.217.27.0-255,5738,198267,9,311836
6960,0.017834,172.31.36.0-255,66,198333,9,311836
6961,0.019513,172.217.27.0-255,5738,204071,9,311836
6962,0.019524,172.31.36.0-255,66,204137,9,311836
6963,0.021207,172.217.27.0-255,5738,209875,9,311836
6964,0.021214,172.31.36.0-255,66,209941,9,311836
6965,0.022883,172.217.27.0-255,5738,215679,9,311836
6966,0.022891,172.31.36.0-255,66,215745,9,311836
6967,0.024556,172.217.27.0-255,5738,221483,9,311836
6968,0.024563,172.31.36.0-255,66,221549,9,311836
6969,0.026233,172.217.27.0-255,5738,227287,9,311836
6970,0.026241,172.31.36.0-255,66,227353,9,311836
6971,0.027925,172.217.27.0-255,5738,233091,9,311836
6972,0.027932,172.31.36.0-255,66,233157,9,311836
6973,0.02961,172.217.27.0-255,5738,238895,9,311836
6974,0.029618,172.31.36.0-255,66,238961,9,311836
6975,0.031277,172.217.27.0-255,5738,244699,9,311836
6976,0.031524,172.31.36.0-255,66,244765,9,311836
6977,0.033193,172.217.27.0-255,5738,250503,9,311836
6978,0.033201,172.31.36.0-255,66,250569,9,311836
6979,0.034873,172.217.27.0-255,5738,256307,9,311836
6980,0.034882,172.31.36.0-255,66,256373,9,311836
6981,0.036551,172.217.27.0-255,5738,262111,9,311836
6982,0.03656,172.31.36.0-255,66,262177,9,311836
6983,0.038242,172.217.27.0-255,5738,267915,9,311836
6984,0.038251,172.31.36.0-255,66,267981,9,311836
6985,0.039931,172.217.27.0-255,5738,273719,9,311836
6986,0.039939,172.31.36.0-255,66,273785,9,311836
6987,0.041578,172.31.36.0-255,176,273961,9,311836
6988,0.041616,172.217.27.0-255,5738,279699,9,311836
6989,0.041621,172.31.36.0-255,66,279765,9,311836
6990,0.041625,172.31.36.0-255,1117,280882,9,311836
6991,0.041719,172.31.36.0-255,1514,282396,9,311836
6992,0.041721,172.31.36.0-255,1514,283910,9,311836
6993,0.041727,172.31.36.0-255,1514,285424,9,311836
6994,0.041728,172.31.36.0-255,1514,286938,9,311836
6995,0.041748,172.31.36.0-255,1484,288422,9,311836
6996,0.043139,104.244.42.0-255,66,288488,9,311836
6997,0.043169,104.244.42.0-255,66,288554,9,311836
6998,0.043296,172.217.27.0-255,5738,294292,9,311836
6999,0.043303,172.31.36.0-255,66,294358,9,311836
7000,0.04331,104.244.42.0-255,66,294424,9,311836
7001,0.04499,172.217.27.0-255,5738,300162,9,311836
7002,0.044998,172.31.36.0-255,66,300228,9,311836
7003,0.046672,172.217.27.0-255,5738,305966,9,311836
7004,0.046678,172.31.36.0-255,66,306032,9,311836
7005,0.048348,172.217.27.0-255,5738,311770,9,311836
7006,0.048355,172.31.36.0-255,66,311836,9,311836
7007,0.0,74.125.68.0-255,146,146,9,293670
7008,3.3e-05,172.31.36.0-255,66,212,9,293670
7009,4e-05,74.125.68.0-255,1484,1696,9,293670
7010,4.4e-05,172.31.36.0-255,66,1762,9,293670
7011,6.2e-05,74.125.68.0-255,2902,4664,9,293670
7012,6.5e-05,172.31.36.0-255,66,4730,9,293670
7013,6.9e-05,74.125.68.0-255,2902,7632,9,293670
7014,7.1e-05,172.31.36.0-255,66,7698,9,293670
7015,9.3e-05,74.125.68.0-255,1484,9182,9,293670
7016,9.6e-05,172.31.36.0-255,66,9248,9,293670
7017,0.000116,74.125.68.0-255,2902,12150,9,293670
7018,0.000119,172.31.36.0-255,66,12216,9,293670
7019,0.000123,74.125.68.0-255,2048,14264,9,293670
7020,0.000125,172.31.36.0-255,66,14330,9,293670
7021,0.000756,74.125.68.0-255,1484,15814,9,293670
7022,0.000763,172.31.36.0-255,66,15880,9,293670
7023,0.000773,74.125.68.0-255,2902,18782,9,293670
7024,0.000775,172.31.36.0-255,66,18848,9,293670
7025,0.000781,74.125.68.0-255,4320,23168,9,293670
7026,0.000783,172.31.36.0-255,66,23234,9,293670
7027,0.000814,74.125.68.0-255,5738,28972,9,293670
7028,0.000818,172.31.36.0-255,66,29038,9,293670
7029,0.000842,74.125.68.0-255,3961,32999,9,293670
7030,0.000846,172.31.36.0-255,66,33065,9,293670
7031,0.00085,74.125.68.0-255,1484,34549,9,293670
7032,0.000852,172.31.36.0-255,66,34615,9,293670
7033,0.000868,74.125.68.0-255,2902,37517,9,293670
7034,0.000871,172.31.36.0-255,66,37583,9,293670
7035,0.000889,74.125.68.0-255,4320,41903,9,293670
7036,0.000892,172.31.36.0-255,66,41969,9,293670
7037,0.000918,74.125.68.0-255,5738,47707,9,293670
7038,0.000922,172.31.36.0-255,66,47773,9,293670
7039,0.000977,172.31.36.0-255,66,47839,9,293670
7040,0.001008,74.125.68.0-255,6438,54277,9,293670
7041,0.001022,172.31.36.0-255,66,54343,9,293670
7042,0.00142,74.125.68.0-255,399,54742,9,293670
7043,0.001444,172.31.36.0-255,66,54808,9,293670
7044,0.001464,74.125.68.0-255,108,54916,9,293670
7045,0.001483,172.31.36.0-255,66,54982,9,293670
7046,0.001691,74.125.68.0-255,1484,56466,9,293670
7047,0.001698,74.125.68.0-255,2902,59368,9,293670
7048,0.001726,74.125.68.0-255,5738,65106,9,293670
7049,0.001732,172.31.36.0-255,66,65172,9,293670
7050,0.001743,74.125.68.0-255,2902,68074,9,293670
7051,0.00176,74.125.68.0-255,4320,72394,9,293670
7052,0.001765,74.125.68.0-255,4320,76714,9,293670
7053,0.001783,74.125.68.0-255,4320,81034,9,293670
7054,0.001785,74.125.68.0-255,1484,82518,9,293670
7055,0.001789,172.31.36.0-255,66,82584,9,293670
7056,0.001808,74.125.68.0-255,6438,89022,9,293670
7057,0.00182,172.31.36.0-255,66,89088,9,293670
7058,0.001857,74.125.68.0-255,1484,90572,9,293670
7059,0.00187,74.125.68.0-255,2902,93474,9,293670
7060,0.001892,74.125.68.0-255,5738,99212,9,293670
7061,0.001898,172.31.36.0-255,66,99278,9,293670
7062,0.001913,74.125.68.0-255,4320,103598,9,293670
7063,0.001927,74.125.68.0-255,2902,106500,9,293670
7064,0.00193,172.31.36.0-255,66,106566,9,293670
7065,0.001934,172.31.36.0-255,66,106632,9,293670
7066,0.001962,172.31.36.0-255,66,106698,9,293670
7067,0.001977,74.125.68.0-255,5738,112436,9,293670
7068,0.001986,172.31.36.0-255,66,112502,9,293670
7069,0.001996,74.125.68.0-255,4320,116822,9,293670
7070,0.002,172.31.36.0-255,66,116888,9,293670
7071,0.002011,74.125.68.0-255,3602,120490,9,293670
7072,0.002014,74.125.68.0-255,1484,121974,9,293670
7073,0.002033,74.125.68.0-255,7156,129130,9,293670
7074,0.002039,172.31.36.0-255,66,129196,9,293670
7075,0.002047,74.125.68.0-255,2902,132098,9,293670
7076,0.002051,172.31.36.0-255,66,132164,9,293670
7077,0.00206,74.125.68.0-255,5738,137902,9,293670
7078,0.00208,172.31.36.0-255,66,137968,9,293670
7079,0.0021,74.125.68.0-255,5738,143706,9,293670
7080,0.002105,172.31.36.0-255,66,143772,9,293670
7081,0.002115,74.125.68.0-255,4320,148092,9,293670
7082,0.002139,172.31.36.0-255,66,148158,9,293670
7083,0.002147,74.125.68.0-255,766,148924,9,293670
7084,0.002352,74.125.68.0-255,1484,150408,9,293670
7085,0.002356,172.31.36.0-255,66,150474,9,293670
7086,0.00236,74.125.68.0-255,1484,151958,9,293670
7087,0.002378,74.125.68.0-255,2902,154860,9,293670
7088,0.002389,172.31.36.0-255,66,154926,9,293670
7089,0.002409,74.125.68.0-255,4320,159246,9,293670
7090,0.002414,172.31.36.0-255,66,159312,9,293670
7091,0.002431,74.125.68.0-255,1484,160796,9,293670
7092,0.002448,74.125.68.0-255,7156,167952,9,293670
7093,0.002464,172.31.36.0-255,66,168018,9,293670
7094,0.002468,74.125.68.0-255,2902,170920,9,293670
7095,0.002472,172.31.36.0-255,66,170986,9,293670
7096,0.00249,74.125.68.0-255,4320,175306,9,293670
7097,0.0025,172.31.36.0-255,66,175372,9,293670
7098,0.002511,74.125.68.0-255,4320,179692,9,293670
7099,0.002535,172.31.36.0-255,66,179758,9,293670
7100,0.002563,74.125.68.0-255,3602,183360,9,293670
7101,0.00259,172.31.36.0-255,66,183426,9,293670
7102,0.005104,74.125.68.0-255,1484,184910,9,293670
7103,0.005174,74.125.68.0-255,4320,189230,9,293670
7104,0.00518,172.31.36.0-255,66,189296,9,293670
7105,0.007765,74.125.68.0-255,5738,195034,9,293670
7106,0.007834,172.31.36.0-255,66,195100,9,293670
7107,0.010408,74.125.68.0-255,5738,200838,9,293670
7108,0.010418,172.31.36.0-255,66,200904,9,293670
7109,0.013013,74.125.68.0-255,5738,206642,9,293670
7110,0.013026,172.31.36.0-255,66,206708,9,293670
7111,0.015603,74.125.68.0-255,4320,211028,9,293670
7112,0.015612,172.31.36.0-255,66,211094,9,293670
7113,0.015636,74.125.68.0-255,1484,212578,9,293670
7114,0.018191,74.125.68.0-255,4320,216898,9,293670
7115,0.018198,172.31.36.0-255,66,216964,9,293670
7116,0.020813,74.125.68.0-255,5738,222702,9,293670
7117,0.020858,172.31.36.0-255,66,222768,9,293670
7118,0.023435,74.125.68.0-255,5738,228506,9,293670
7119,0.023445,172.31.36.0-255,66,228572,9,293670
7120,0.026061,74.125.68.0-255,5738,234310,9,293670
7121,0.026073,172.31.36.0-255,66,234376,9,293670
7122,0.028664,74.125.68.0-255,5738,240114,9,293670
7123,0.028676,172.31.36.0-255,66,240180,9,293670
7124,0.03126,74.125.68.0-255,5738,245918,9,293670
7125,0.03127,172.31.36.0-255,66,245984,9,293670
7126,0.033843,74.125.68.0-255,2902,248886,9,293670
7127,0.033851,172.31.36.0-255,66,248952,9,293670
7128,0.033887,74.125.68.0-255,2902,251854,9,293670
7129,0.033923,172.31.36.0-255,66,251920,9,293670
7130,0.034247,172.31.36.0-255,172,252092,9,293670
7131,0.034446,172.31.36.0-255,1116,253208,9,293670
7132,0.034536,172.31.36.0-255,1514,254722,9,293670
7133,0.034538,172.31.36.0-255,1514,256236,9,293670
7134,0.03454,172.31.36.0-255,1514,257750,9,293670
7135,0.034541,172.31.36.0-255,106,257856,9,293670
7136,0.035796,104.244.42.0-255,66,257922,9,293670
7137,0.035981,104.244.42.0-255,66,257988,9,293670
7138,0.036071,104.244.42.0-255,66,258054,9,293670
7139,0.036074,104.244.42.0-255,66,258120,9,293670
7140,0.036409,74.125.68.0-255,2902,261022,9,293670
7141,0.036413,172.31.36.0-255,66,261088,9,293670
7142,0.036485,74.125.68.0-255,2902,263990,9,293670
7143,0.036503,172.31.36.0-255,66,264056,9,293670
7144,0.038984,74.125.68.0-255,2902,266958,9,293670
7145,0.03899,172.31.36.0-255,66,267024,9,293670
7146,0.039085,74.125.68.0-255,2902,269926,9,293670
7147,0.03909,172.31.36.0-255,66,269992,9,293670
7148,0.041563,74.125.68.0-255,2902,272894,9,293670
7149,0.041568,172.31.36.0-255,66,272960,9,293670
7150,0.041667,74.125.68.0-255,2902,275862,9,293670
7151,0.041672,172.31.36.0-255,66,275928,9,293670
7152,0.044154,74.125.68.0-255,2902,278830,9,293670
7153,0.04416,172.31.36.0-255,66,278896,9,293670
7154,0.044237,74.125.68.0-255,2902,281798,9,293670
7155,0.044249,172.31.36.0-255,66,281864,9,293670
7156,0.046733,74.125.68.0-255,2902,284766,9,293670
7157,0.046738,172.31.36.0-255,66,284832,9,293670
7158,0.046822,74.125.68.0-255,2902,287734,9,293670
7159,0.046828,172.31.36.0-255,66,287800,9,293670
7160,0.049307,74.125.68.0-255,2902,290702,9,293670
7161,0.049314,172.31.36.0-255,66,290768,9,293670
7162,0.049386,74.125.68.0-255,2902,293670,9,293670
7163,0.0,172.217.194.0-255,153,153,9,197695
7164,3e-05,172.31.36.0-255,66,219,9,197695
7165,3.6e-05,172.217.194.0-255,1484,1703,9,197695
7166,4.1e-05,172.31.36.0-255,66,1769,9,197695
7167,4.6e-05,172.217.194.0-255,2902,4671,9,197695
7168,5e-05,172.31.36.0-255,66,4737,9,197695
7169,5.6e-05,172.217.194.0-255,7156,11893,9,197695
7170,5.9e-05,172.31.36.0-255,66,11959,9,197695
7171,6.3e-05,172.217.194.0-255,2027,13986,9,197695
7172,6.6e-05,172.31.36.0-255,66,14052,9,197695
7173,0.000229,172.217.194.0-255,1484,15536,9,197695
7174,0.000234,172.31.36.0-255,66,15602,9,197695
7175,0.000241,172.217.194.0-255,2902,18504,9,197695
7176,0.000244,172.31.36.0-255,66,18570,9,197695
7177,0.000252,172.217.194.0-255,5738,24308,9,197695
7178,0.000255,172.31.36.0-255,66,24374,9,197695
7179,0.000306,172.217.194.0-255,6797,31171,9,197695
7180,0.00031,172.31.36.0-255,66,31237,9,197695
7181,0.000721,172.217.194.0-255,1484,32721,9,197695
7182,0.000727,172.31.36.0-255,66,32787,9,197695
7183,0.000735,172.217.194.0-255,2902,35689,9,197695
7184,0.000738,172.31.36.0-255,66,35755,9,197695
7185,0.000744,172.217.194.0-255,5738,41493,9,197695
7186,0.000746,172.31.36.0-255,66,41559,9,197695
7187,0.000751,172.217.194.0-255,2902,44461,9,197695
7188,0.000753,172.31.36.0-255,66,44527,9,197695
7189,0.000778,172.217.194.0-255,2902,47429,9,197695
7190,0.000781,172.31.36.0-255,66,47495,9,197695
7191,0.000821,172.31.36.0-255,66,47561,9,197695
7192,0.00086,172.217.194.0-255,5738,53299,9,197695
7193,0.000863,172.31.36.0-255,66,53365,9,197695
7194,0.000879,172.217.194.0-255,2543,55908,9,197695
7195,0.000881,172.31.36.0-255,66,55974,9,197695
7196,0.001698,172.217.194.0-255,647,56621,9,197695
7197,0.001874,172.217.194.0-255,1484,58105,9,197695
7198,0.001878,172.31.36.0-255,66,58171,9,197695
7199,0.001902,172.217.194.0-255,2902,61073,9,197695
7200,0.001904,172.31.36.0-255,66,61139,9,197695
7201,0.00191,172.217.194.0-255,5738,66877,9,197695
7202,0.001913,172.31.36.0-255,66,66943,9,197695
7203,0.001918,172.217.194.0-255,4320,71263,9,197695
7204,0.00192,172.31.36.0-255,66,71329,9,197695
7205,0.001942,172.217.194.0-255,1484,72813,9,197695
7206,0.001947,172.217.194.0-255,2902,75715,9,197695
7207,0.001949,172.31.36.0-255,66,75781,9,197695
7208,0.001978,172.31.36.0-255,66,75847,9,197695
7209,0.001983,172.217.194.0-255,5020,80867,9,197695
7210,0.001985,172.31.36.0-255,66,80933,9,197695
7211,0.004299,172.217.194.0-255,2902,83835,9,197695
7212,0.004301,172.31.36.0-255,66,83901,9,197695
7213,0.004319,172.217.194.0-255,2902,86803,9,197695
7214,0.004322,172.31.36.0-255,66,86869,9,197695
7215,0.006606,172.217.194.0-255,2902,89771,9,197695
7216,0.006613,172.31.36.0-255,66,89837,9,197695
7217,0.00665,172.217.194.0-255,2902,92739,9,197695
7218,0.006654,172.31.36.0-255,66,92805,9,197695
7219,0.008921,172.217.194.0-255,2902,95707,9,197695
7220,0.00893,172.31.36.0-255,66,95773,9,197695
7221,0.008953,172.217.194.0-255,2902,98675,9,197695
7222,0.008957,172.31.36.0-255,66,98741,9,197695
7223,0.011241,172.217.194.0-255,2902,101643,9,197695
7224,0.011248,172.31.36.0-255,66,101709,9,197695
7225,0.011277,172.217.194.0-255,2902,104611,9,197695
7226,0.011282,172.31.36.0-255,66,104677,9,197695
7227,0.013542,172.217.194.0-255,2902,107579,9,197695
7228,0.01355,172.31.36.0-255,66,107645,9,197695
7229,0.013576,172.217.194.0-255,2902,110547,9,197695
7230,0.013579,172.31.36.0-255,66,110613,9,197695
7231,0.015876,172.217.194.0-255,5738,116351,9,197695
7232,0.015883,172.31.36.0-255,66,116417,9,197695
7233,0.01817,172.217.194.0-255,5738,122155,9,197695
7234,0.018178,172.31.36.0-255,66,122221,9,197695
7235,0.020536,172.217.194.0-255,5738,127959,9,197695
7236,0.020544,172.31.36.0-255,66,128025,9,197695
7237,0.022838,172.217.194.0-255,5738,133763,9,197695
7238,0.022845,172.31.36.0-255,66,133829,9,197695
7239,0.025169,172.217.194.0-255,5738,139567,9,197695
7240,0.025176,172.31.36.0-255,66,139633,9,197695
7241,0.027486,172.217.194.0-255,5738,145371,9,197695
7242,0.027494,172.31.36.0-255,66,145437,9,197695
7243,0.02982,172.217.194.0-255,5738,151175,9,197695
7244,0.029828,172.31.36.0-255,66,151241,9,197695
7245,0.032136,172.217.194.0-255,5738,156979,9,197695
7246,0.032143,172.31.36.0-255,66,157045,9,197695
7247,0.034474,172.217.194.0-255,5738,162783,9,197695
7248,0.034481,172.31.36.0-255,66,162849,9,197695
7249,0.036807,172.217.194.0-255,5738,168587,9,197695
7250,0.036813,172.31.36.0-255,66,168653,9,197695
7251,0.039161,172.217.194.0-255,5738,174391,9,197695
7252,0.03917,172.31.36.0-255,66,174457,9,197695
7253,0.04149,172.217.194.0-255,5738,180195,9,197695
7254,0.041497,172.31.36.0-255,66,180261,9,197695
7255,0.042621,172.31.36.0-255,172,180433,9,197695
7256,0.042649,172.31.36.0-255,1070,181503,9,197695
7257,0.043812,172.217.194.0-255,5738,187241,9,197695
7258,0.043818,172.31.36.0-255,66,187307,9,197695
7259,0.044199,104.244.42.0-255,66,187373,9,197695
7260,0.044207,104.244.42.0-255,66,187439,9,197695
7261,0.04612,172.217.194.0-255,4320,191759,9,197695
7262,0.046124,172.31.36.0-255,66,191825,9,197695
7263,0.046153,172.217.194.0-255,1484,193309,9,197695
7264,0.048413,172.217.194.0-255,4320,197629,9,197695
7265,0.048417,172.31.36.0-255,66,197695,9,197695
7266,0.0,74.125.24.0-255,66,66,9,132
7267,0.017713,104.244.42.0-255,66,132,9,132
7268,0.0,74.125.130.0-255,219,219,9,313958
7269,3.4e-05,172.31.36.0-255,66,285,9,313958
7270,4.1e-05,74.125.130.0-255,1484,1769,9,313958
7271,4.5e-05,172.31.36.0-255,66,1835,9,313958
7272,5.9e-05,74.125.130.0-255,4320,6155,9,313958
7273,6.2e-05,172.31.36.0-255,66,6221,9,313958
7274,6.6e-05,74.125.130.0-255,1484,7705,9,313958
7275,6.8e-05,172.31.36.0-255,66,7771,9,313958
7276,0.000104,74.125.130.0-255,6147,13918,9,313958
7277,0.000107,172.31.36.0-255,66,13984,9,313958
7278,0.000132,74.125.130.0-255,1484,15468,9,313958
7279,0.000135,172.31.36.0-255,66,15534,9,313958
7280,0.00014,74.125.130.0-255,2902,18436,9,313958
7281,0.000143,172.31.36.0-255,66,18502,9,313958
7282,0.000147,74.125.130.0-255,2902,21404,9,313958
7283,0.000154,172.31.36.0-255,66,21470,9,313958
7284,0.000186,74.125.130.0-255,2902,24372,9,313958
7285,0.000189,172.31.36.0-255,66,24438,9,313958
7286,0.000194,74.125.130.0-255,2902,27340,9,313958
7287,0.000197,172.31.36.0-255,66,27406,9,313958
7288,0.000227,74.125.130.0-255,3961,31367,9,313958
7289,0.00023,172.31.36.0-255,66,31433,9,313958
7290,0.0003,74.125.130.0-255,1484,32917,9,313958
7291,0.000304,172.31.36.0-255,66,32983,9,313958
7292,0.00031,74.125.130.0-255,2902,35885,9,313958
7293,0.000312,172.31.36.0-255,66,35951,9,313958
7294,0.000341,74.125.130.0-255,5738,41689,9,313958
7295,0.000347,172.31.36.0-255,66,41755,9,313958
7296,0.000348,74.125.130.0-255,5738,47493,9,313958
7297,0.000351,172.31.36.0-255,66,47559,9,313958
7298,0.000374,74.125.130.0-255,1125,48684,9,313958
7299,0.000378,172.31.36.0-255,66,48750,9,313958
7300,0.000418,74.125.130.0-255,4320,53070,9,313958
7301,0.000422,172.31.36.0-255,66,53136,9,313958
7302,0.000464,172.31.36.0-255,66,53202,9,313958
7303,0.000468,74.125.130.0-255,2543,55745,9,313958
7304,0.000471,172.31.36.0-255,66,55811,9,313958
7305,0.000481,74.125.130.0-255,677,56488,9,313958
7306,0.000725,74.125.130.0-255,1484,57972,9,313958
7307,0.00073,172.31.36.0-255,66,58038,9,313958
7308,0.000758,74.125.130.0-255,2902,60940,9,313958
7309,0.000761,172.31.36.0-255,66,61006,9,313958
7310,0.000768,74.125.130.0-255,5738,66744,9,313958
7311,0.00077,172.31.36.0-255,66,66810,9,313958
7312,0.000811,172.31.36.0-255,66,66876,9,313958
7313,0.000828,172.31.36.0-255,66,66942,9,313958
7314,0.000847,74.125.130.0-255,2184,69126,9,313958
7315,0.00085,172.31.36.0-255,66,69192,9,313958
7316,0.001064,74.125.130.0-255,1484,70676,9,313958
7317,0.001069,74.125.130.0-255,1484,72160,9,313958
7318,0.001072,172.31.36.0-255,66,72226,9,313958
7319,0.00109,74.125.130.0-255,1484,73710,9,313958
7320,0.001097,74.125.130.0-255,5738,79448,9,313958
7321,0.001101,172.31.36.0-255,66,79514,9,313958
7322,0.001107,74.125.130.0-255,5738,85252,9,313958
7323,0.00111,172.31.36.0-255,66,85318,9,313958
7324,0.001115,74.125.130.0-255,4320,89638,9,313958
7325,0.001117,172.31.36.0-255,66,89704,9,313958
7326,0.001146,74.125.130.0-255,2902,92606,9,313958
7327,0.00115,172.31.36.0-255,66,92672,9,313958
7328,0.001162,172.31.36.0-255,66,92738,9,313958
7329,0.001186,74.125.130.0-255,2184,94922,9,313958
7330,0.001191,172.31.36.0-255,66,94988,9,313958
7331,0.001215,74.125.130.0-255,1484,96472,9,313958
7332,0.00122,74.125.130.0-255,2902,99374,9,313958
7333,0.001223,172.31.36.0-255,66,99440,9,313958
7334,0.001229,74.125.130.0-255,5738,105178,9,313958
7335,0.001231,172.31.36.0-255,66,105244,9,313958
7336,0.001252,74.125.130.0-255,5738,110982,9,313958
7337,0.001255,172.31.36.0-255,66,111048,9,313958
7338,0.001283,74.125.130.0-255,7156,118204,9,313958
7339,0.001287,172.31.36.0-255,66,118270,9,313958
7340,0.00129,74.125.130.0-255,1484,119754,9,313958
7341,0.001319,172.31.36.0-255,66,119820,9,313958
7342,0.001426,74.125.130.0-255,1484,121304,9,313958
7343,0.001445,74.125.130.0-255,2902,124206,9,313958
7344,0.001448,172.31.36.0-255,66,124272,9,313958
7345,0.001454,74.125.130.0-255,4320,128592,9,313958
7346,0.001456,172.31.36.0-255,66,128658,9,313958
7347,0.001484,74.125.130.0-255,5738,134396,9,313958
7348,0.001488,172.31.36.0-255,66,134462,9,313958
7349,0.001493,74.125.130.0-255,2902,137364,9,313958
7350,0.001495,172.31.36.0-255,66,137430,9,313958
7351,0.001545,172.31.36.0-255,66,137496,9,313958
7352,0.001554,172.31.36.0-255,66,137562,9,313958
7353,0.001818,74.125.130.0-255,1484,139046,9,313958
7354,0.001824,74.125.130.0-255,2902,141948,9,313958
7355,0.001827,172.31.36.0-255,66,142014,9,313958
7356,0.001834,74.125.130.0-255,5738,147752,9,313958
7357,0.001836,172.31.36.0-255,66,147818,9,313958
7358,0.001866,74.125.130.0-255,5738,153556,9,313958
7359,0.00187,172.31.36.0-255,66,153622,9,313958
7360,0.001895,74.125.130.0-255,7156,160778,9,313958
7361,0.001898,172.31.36.0-255,66,160844,9,313958
7362,0.001909,172.31.36.0-255,66,160910,9,313958
7363,0.001913,74.125.130.0-255,2184,163094,9,313958
7364,0.001915,172.31.36.0-255,66,163160,9,313958
7365,0.003873,74.125.130.0-255,5738,168898,9,313958
7366,0.003878,172.31.36.0-255,66,168964,9,313958
7367,0.005861,74.125.130.0-255,5738,174702,9,313958
7368,0.005868,172.31.36.0-255,66,174768,9,313958
7369,0.007848,74.125.130.0-255,5738,180506,9,313958
7370,0.007853,172.31.36.0-255,66,180572,9,313958
7371,0.009824,74.125.130.0-255,5738,186310,9,313958
7372,0.00983,172.31.36.0-255,66,186376,9,313958
7373,0.009938,172.31.36.0-255,101,186477,9,313958
7374,0.011801,74.125.130.0-255,5738,192215,9,313958
7375,0.011807,172.31.36.0-255,66,192281,9,313958
7376,0.011866,74.125.130.0-255,66,192347,9,313958
7377,0.01378,74.125.130.0-255,5738,198085,9,313958
7378,0.013786,172.31.36.0-255,66,198151,9,313958
7379,0.015772,74.125.130.0-255,5738,203889,9,313958
7380,0.01578,172.31.36.0-255,66,203955,9,313958
7381,0.017749,74.125.130.0-255,2902,206857,9,313958
7382,0.017758,172.31.36.0-255,66,206923,9,313958
7383,0.017801,74.125.130.0-255,2902,209825,9,313958
7384,0.017806,172.31.36.0-255,66,209891,9,313958
7385,0.019748,74.125.130.0-255,2902,212793,9,313958
7386,0.01976,172.31.36.0-255,66,212859,9,313958
7387,0.0198,74.125.130.0-255,2902,215761,9,313958
7388,0.019803,172.31.36.0-255,66,215827,9,313958
7389,0.021733,74.125.130.0-255,2902,218729,9,313958
7390,0.021742,172.31.36.0-255,66,218795,9,313958
7391,0.021776,74.125.130.0-255,2902,221697,9,313958
7392,0.021779,172.31.36.0-255,66,221763,9,313958
7393,0.02371,74.125.130.0-255,2902,224665,9,313958
7394,0.023718,172.31.36.0-255,66,224731,9,313958
7395,0.023754,74.125.130.0-255,2902,227633,9,313958
7396,0.023757,172.31.36.0-255,66,227699,9,313958
7397,0.025716,74.125.130.0-255,2902,230601,9,313958
7398,0.025724,172.31.36.0-255,66,230667,9,313958
7399,0.025758,74.125.130.0-255,2902,233569,9,313958
7400,0.025761,172.31.36.0-255,66,233635,9,313958
7401,0.027705,74.125.130.0-255,2902,236537,9,313958
7402,0.027713,172.31.36.0-255,66,236603,9,313958
7403,0.027748,74.125.130.0-255,2902,239505,9,313958
7404,0.027752,172.31.36.0-255,66,239571,9,313958
7405,0.029685,74.125.130.0-255,2902,242473,9,313958
7406,0.029692,172.31.36.0-255,66,242539,9,313958
7407,0.029722,74.125.130.0-255,2902,245441,9,313958
7408,0.029726,172.31.36.0-255,66,245507,9,313958
7409,0.031666,74.125.130.0-255,2902,248409,9,313958
7410,0.031672,172.31.36.0-255,66,248475,9,313958
7411,0.031709,74.125.130.0-255,2902,251377,9,313958
7412,0.031712,172.31.36.0-255,66,251443,9,313958
7413,0.033651,74.125.130.0-255,2902,254345,9,313958
7414,0.033658,172.31.36.0-255,66,254411,9,313958
7415,0.033693,74.125.130.0-255,2902,257313,9,313958
7416,0.033697,172.31.36.0-255,66,257379,9,313958
7417,0.035624,74.125.130.0-255,2902,260281,9,313958
7418,0.03563,172.31.36.0-255,66,260347,9,313958
7419,0.035673,74.125.130.0-255,2902,263249,9,313958
7420,0.035681,172.31.36.0-255,66,263315,9,313958
7421,0.037609,74.125.130.0-255,2902,266217,9,313958
7422,0.037618,172.31.36.0-255,66,266283,9,313958
7423,0.037653,74.125.130.0-255,2902,269185,9,313958
7424,0.037656,172.31.36.0-255,66,269251,9,313958
7425,0.039591,74.125.130.0-255,2902,272153,9,313958
7426,0.0396,172.31.36.0-255,66,272219,9,313958
7427,0.039638,74.125.130.0-255,2902,275121,9,313958
7428,0.039642,172.31.36.0-255,66,275187,9,313958
7429,0.041465,172.31.36.0-255,167,275354,9,313958
7430,0.041556,172.31.36.0-255,1117,276471,9,313958
7431,0.041578,74.125.130.0-255,2902,279373,9,313958
7432,0.041584,172.31.36.0-255,66,279439,9,313958
7433,0.041614,74.125.130.0-255,2902,282341,9,313958
7434,0.041617,172.31.36.0-255,66,282407,9,313958
7435,0.042351,172.31.36.0-255,1514,283921,9,313958
7436,0.042353,172.31.36.0-255,1514,285435,9,313958
7437,0.042355,172.31.36.0-255,1514,286949,9,313958
7438,0.042356,172.31.36.0-255,1514,288463,9,313958
7439,0.042386,172.31.36.0-255,1487,289950,9,313958
7440,0.043004,104.244.42.0-255,66,290016,9,313958
7441,0.043088,104.244.42.0-255,66,290082,9,313958
7442,0.04355,74.125.130.0-255,2902,292984,9,313958
7443,0.043554,172.31.36.0-255,66,293050,9,313958
7444,0.043594,74.125.130.0-255,2902,295952,9,313958
7445,0.043598,172.31.36.0-255,66,296018,9,313958
7446,0.043912,104.244.42.0-255,66,296084,9,313958
7447,0.04396,104.244.42.0-255,66,296150,9,313958
7448,0.045536,74.125.130.0-255,2902,299052,9,313958
7449,0.045545,172.31.36.0-255,66,299118,9,313958
7450,0.045588,74.125.130.0-255,2902,302020,9,313958
7451,0.045592,172.31.36.0-255,66,302086,9,313958
7452,0.047535,74.125.130.0-255,2902,304988,9,313958
7453,0.04754,172.31.36.0-255,66,305054,9,313958
7454,0.047572,74.125.130.0-255,2902,307956,9,313958
7455,0.047575,172.31.36.0-255,66,308022,9,313958
7456,0.049508,74.125.130.0-255,2902,310924,9,313958
7457,0.049514,172.31.36.0-255,66,310990,9,313958
7458,0.049548,74.125.130.0-255,2902,313892,9,313958
7459,0.049551,172.31.36.0-255,66,313958,9,313958
7460,0.0,172.217.194.0-255,153,153,9,146216
7461,3.5e-05,172.31.36.0-255,66,219,9,146216
7462,4.3e-05,172.217.194.0-255,1484,1703,9,146216
7463,4.7e-05,172.31.36.0-255,66,1769,9,146216
7464,6.2e-05,172.217.194.0-255,2902,4671,9,146216
7465,6.5e-05,172.31.36.0-255,66,4737,9,146216
7466,7.2e-05,172.217.194.0-255,7156,11893,9,146216
7467,7.5e-05,172.31.36.0-255,66,11959,9,146216
7468,7.8e-05,172.217.194.0-255,2028,13987,9,146216
7469,8.1e-05,172.31.36.0-255,66,14053,9,146216
7470,0.000109,172.217.194.0-255,1484,15537,9,146216
7471,0.000111,172.31.36.0-255,66,15603,9,146216
7472,0.000116,172.217.194.0-255,2902,18505,9,146216
7473,0.000118,172.31.36.0-255,66,18571,9,146216
7474,0.000146,172.217.194.0-255,5738,24309,9,146216
7475,0.000149,172.31.36.0-255,66,24375,9,146216
7476,0.000153,172.217.194.0-255,2902,27277,9,146216
7477,0.000155,172.31.36.0-255,66,27343,9,146216
7478,0.000186,172.217.194.0-255,3961,31304,9,146216
7479,0.000191,172.31.36.0-255,66,31370,9,146216
7480,0.000198,172.217.194.0-255,7156,38526,9,146216
7481,0.0002,172.31.36.0-255,66,38592,9,146216
7482,0.000203,172.217.194.0-255,1484,40076,9,146216
7483,0.000205,172.31.36.0-255,66,40142,9,146216
7484,0.000241,172.31.36.0-255,66,40208,9,146216
7485,0.00028,172.31.36.0-255,66,40274,9,146216
7486,0.000307,172.217.194.0-255,1484,41758,9,146216
7487,0.000311,172.31.36.0-255,66,41824,9,146216
7488,0.000318,172.217.194.0-255,6797,48621,9,146216
7489,0.000321,172.31.36.0-255,66,48687,9,146216
7490,0.000323,172.217.194.0-255,380,49067,9,146216
7491,0.000327,172.217.194.0-255,396,49463,9,146216
7492,0.000499,172.217.194.0-255,1484,50947,9,146216
7493,0.000503,172.31.36.0-255,66,51013,9,146216
7494,0.000508,172.217.194.0-255,2902,53915,9,146216
7495,0.000511,172.31.36.0-255,66,53981,9,146216
7496,0.000541,172.217.194.0-255,5738,59719,9,146216
7497,0.000544,172.31.36.0-255,66,59785,9,146216
7498,0.000559,172.31.36.0-255,66,59851,9,146216
7499,0.000563,172.217.194.0-255,1484,61335,9,146216
7500,0.000605,172.31.36.0-255,66,61401,9,146216
7501,0.000709,172.217.194.0-255,1484,62885,9,146216
7502,0.000715,172.217.194.0-255,2902,65787,9,146216
7503,0.00072,172.31.36.0-255,66,65853,9,146216
7504,0.00074,172.217.194.0-255,5738,71591,9,146216
7505,0.000742,172.31.36.0-255,66,71657,9,146216
7506,0.000747,172.217.194.0-255,2902,74559,9,146216
7507,0.000749,172.31.36.0-255,66,74625,9,146216
7508,0.000796,172.31.36.0-255,66,74691,9,146216
7509,0.000809,172.31.36.0-255,66,74757,9,146216
7510,0.001347,172.217.194.0-255,1484,76241,9,146216
7511,0.001354,172.217.194.0-255,2902,79143,9,146216
7512,0.001357,172.31.36.0-255,66,79209,9,146216
7513,0.001364,172.217.194.0-255,5738,84947,9,146216
7514,0.001366,172.31.36.0-255,66,85013,9,146216
7515,0.001408,172.31.36.0-255,66,85079,9,146216
7516,0.001431,172.217.194.0-255,2902,87981,9,146216
7517,0.001434,172.31.36.0-255,66,88047,9,146216
7518,0.001472,172.31.36.0-255,66,88113,9,146216
7519,0.001476,172.217.194.0-255,2902,91015,9,146216
7520,0.001478,172.31.36.0-255,66,91081,9,146216
7521,0.001481,172.217.194.0-255,1484,92565,9,146216
7522,0.001498,172.217.194.0-255,2902,95467,9,146216
7523,0.001503,172.31.36.0-255,66,95533,9,146216
7524,0.001513,172.31.36.0-255,66,95599,9,146216
7525,0.001559,172.31.36.0-255,66,95665,9,146216
7526,0.001607,172.217.194.0-255,1484,97149,9,146216
7527,0.001611,172.217.194.0-255,1484,98633,9,146216
7528,0.001614,172.31.36.0-255,66,98699,9,146216
7529,0.001622,172.217.194.0-255,1484,100183,9,146216
7530,0.001638,172.217.194.0-255,5738,105921,9,146216
7531,0.001641,172.31.36.0-255,66,105987,9,146216
7532,0.001679,172.31.36.0-255,66,106053,9,146216
7533,0.001699,172.217.194.0-255,2902,108955,9,146216
7534,0.001702,172.31.36.0-255,66,109021,9,146216
7535,0.001713,172.31.36.0-255,66,109087,9,146216
7536,0.001794,172.217.194.0-255,1484,110571,9,146216
7537,0.00185,172.217.194.0-255,2902,113473,9,146216
7538,0.001854,172.31.36.0-255,66,113539,9,146216
7539,0.001861,172.217.194.0-255,5738,119277,9,146216
7540,0.001863,172.31.36.0-255,66,119343,9,146216
7541,0.001885,172.31.36.0-255,66,119409,9,146216
7542,0.001902,172.31.36.0-255,66,119475,9,146216
7543,0.001951,172.31.36.0-255,66,119541,9,146216
7544,0.001955,172.217.194.0-255,1484,121025,9,146216
7545,0.002005,172.31.36.0-255,66,121091,9,146216
7546,0.002059,172.217.194.0-255,7156,128247,9,146216
7547,0.002064,172.31.36.0-255,66,128313,9,146216
7548,0.002107,172.31.36.0-255,66,128379,9,146216
7549,0.002137,172.217.194.0-255,5738,134117,9,146216
7550,0.002141,172.31.36.0-255,66,134183,9,146216
7551,0.002186,172.31.36.0-255,66,134249,9,146216
7552,0.002234,172.31.36.0-255,66,134315,9,146216
7553,0.002283,172.31.36.0-255,66,134381,9,146216
7554,0.00237,172.31.36.0-255,66,134447,9,146216
7555,0.002394,172.217.194.0-255,2437,136884,9,146216
7556,0.002399,172.31.36.0-255,66,136950,9,146216
7557,0.0081,172.31.36.0-255,105,137055,9,146216
7558,0.010618,172.217.194.0-255,66,137121,9,146216
7559,0.035171,172.31.36.0-255,172,137293,9,146216
7560,0.035202,172.31.36.0-255,1115,138408,9,146216
7561,0.035253,172.31.36.0-255,1514,139922,9,146216
7562,0.035274,172.31.36.0-255,1514,141436,9,146216
7563,0.035276,172.31.36.0-255,1514,142950,9,146216
7564,0.035297,172.31.36.0-255,1514,144464,9,146216
7565,0.035298,172.31.36.0-255,1488,145952,9,146216
7566,0.03666,104.244.42.0-255,66,146018,9,146216
7567,0.036771,104.244.42.0-255,66,146084,9,146216
7568,0.036776,104.244.42.0-255,66,146150,9,146216
7569,0.036896,104.244.42.0-255,66,146216,9,146216
7570,0.0,172.217.194.0-255,156,156,9,273337
7571,2.2e-05,172.31.36.0-255,66,222,9,273337
7572,2.9e-05,172.217.194.0-255,1484,1706,9,273337
7573,3.4e-05,172.31.36.0-255,66,1772,9,273337
7574,4e-05,172.217.194.0-255,2902,4674,9,273337
7575,5.3e-05,172.31.36.0-255,66,4740,9,273337
7576,6e-05,172.217.194.0-255,7156,11896,9,273337
7577,6.4e-05,172.31.36.0-255,66,11962,9,273337
7578,6.8e-05,172.217.194.0-255,2084,14046,9,273337
7579,7.1e-05,172.31.36.0-255,66,14112,9,273337
7580,0.000147,172.217.194.0-255,1484,15596,9,273337
7581,0.00015,172.31.36.0-255,66,15662,9,273337
7582,0.000156,172.217.194.0-255,2902,18564,9,273337
7583,0.000159,172.31.36.0-255,66,18630,9,273337
7584,0.000162,172.217.194.0-255,1484,20114,9,273337
7585,0.000164,172.31.36.0-255,66,20180,9,273337
7586,0.000204,172.217.194.0-255,4320,24500,9,273337
7587,0.000208,172.31.36.0-255,66,24566,9,273337
7588,0.000215,172.217.194.0-255,5738,30304,9,273337
7589,0.000217,172.31.36.0-255,66,30370,9,273337
7590,0.000246,172.217.194.0-255,1125,31495,9,273337
7591,0.000248,172.31.36.0-255,66,31561,9,273337
7592,0.000273,172.217.194.0-255,1484,33045,9,273337
7593,0.000276,172.31.36.0-255,66,33111,9,273337
7594,0.000281,172.217.194.0-255,2902,36013,9,273337
7595,0.000283,172.31.36.0-255,66,36079,9,273337
7596,0.000286,172.217.194.0-255,1484,37563,9,273337
7597,0.000288,172.31.36.0-255,66,37629,9,273337
7598,0.000308,172.217.194.0-255,4320,41949,9,273337
7599,0.000311,172.31.36.0-255,66,42015,9,273337
7600,0.000322,172.217.194.0-255,6797,48812,9,273337
7601,0.000325,172.31.36.0-255,66,48878,9,273337
7602,0.000373,172.31.36.0-255,66,48944,9,273337
7603,0.000377,172.217.194.0-255,2797,51741,9,273337
7604,0.000379,172.31.36.0-255,66,51807,9,273337
7605,0.000413,172.217.194.0-255,432,52239,9,273337
7606,0.000601,172.217.194.0-255,1484,53723,9,273337
7607,0.000608,172.31.36.0-255,66,53789,9,273337
7608,0.000615,172.217.194.0-255,2902,56691,9,273337
7609,0.000617,172.31.36.0-255,66,56757,9,273337
7610,0.000652,172.217.194.0-255,5738,62495,9,273337
7611,0.000655,172.31.36.0-255,66,62561,9,273337
7612,0.000674,172.31.36.0-255,66,62627,9,273337
7613,0.000686,172.31.36.0-255,66,62693,9,273337
7614,0.000852,172.217.194.0-255,1484,64177,9,273337
7615,0.00086,172.217.194.0-255,2902,67079,9,273337
7616,0.000864,172.31.36.0-255,66,67145,9,273337
7617,0.000868,172.217.194.0-255,1484,68629,9,273337
7618,0.000903,172.217.194.0-255,5738,74367,9,273337
7619,0.000906,172.31.36.0-255,66,74433,9,273337
7620,0.000921,172.31.36.0-255,66,74499,9,273337
7621,0.000939,172.31.36.0-255,66,74565,9,273337
7622,0.00098,172.217.194.0-255,1484,76049,9,273337
7623,0.000998,172.217.194.0-255,2902,78951,9,273337
7624,0.001002,172.31.36.0-255,66,79017,9,273337
7625,0.001009,172.217.194.0-255,5738,84755,9,273337
7626,0.001011,172.31.36.0-255,66,84821,9,273337
7627,0.001019,172.217.194.0-255,1484,86305,9,273337
7628,0.001054,172.31.36.0-255,66,86371,9,273337
7629,0.001124,172.31.36.0-255,66,86437,9,273337
7630,0.001127,172.217.194.0-255,1484,87921,9,273337
7631,0.001133,172.217.194.0-255,2902,90823,9,273337
7632,0.001135,172.31.36.0-255,66,90889,9,273337
7633,0.001167,172.217.194.0-255,5738,96627,9,273337
7634,0.00117,172.217.194.0-255,1484,98111,9,273337
7635,0.001175,172.31.36.0-255,66,98177,9,273337
7636,0.001187,172.217.194.0-255,5379,103556,9,273337
7637,0.001194,172.31.36.0-255,66,103622,9,273337
7638,0.001379,172.217.194.0-255,1484,105106,9,273337
7639,0.001385,172.217.194.0-255,2902,108008,9,273337
7640,0.001388,172.31.36.0-255,66,108074,9,273337
7641,0.001395,172.217.194.0-255,4320,112394,9,273337
7642,0.001397,172.31.36.0-255,66,112460,9,273337
7643,0.001413,172.217.194.0-255,1484,113944,9,273337
7644,0.001418,172.217.194.0-255,2902,116846,9,273337
7645,0.00142,172.31.36.0-255,66,116912,9,273337
7646,0.00146,172.31.36.0-255,66,116978,9,273337
7647,0.001477,172.31.36.0-255,66,117044,9,273337
7648,0.00148,172.217.194.0-255,766,117810,9,273337
7649,0.001634,172.217.194.0-255,1484,119294,9,273337
7650,0.001639,172.31.36.0-255,66,119360,9,273337
7651,0.001644,172.217.194.0-255,2902,122262,9,273337
7652,0.001647,172.31.36.0-255,66,122328,9,273337
7653,0.001659,172.217.194.0-255,5738,128066,9,273337
7654,0.001661,172.31.36.0-255,66,128132,9,273337
7655,0.001703,172.217.194.0-255,6797,134929,9,273337
7656,0.001713,172.31.36.0-255,66,134995,9,273337
7657,0.00173,172.217.194.0-255,1484,136479,9,273337
7658,0.001735,172.217.194.0-255,2902,139381,9,273337
7659,0.001737,172.31.36.0-255,66,139447,9,273337
7660,0.001769,172.217.194.0-255,5738,145185,9,273337
7661,0.001787,172.31.36.0-255,66,145251,9,273337
7662,0.00179,172.31.36.0-255,66,145317,9,273337
7663,0.001819,172.217.194.0-255,4320,149637,9,273337
7664,0.001826,172.31.36.0-255,66,149703,9,273337
7665,0.001839,172.31.36.0-255,66,149769,9,273337
7666,0.002148,172.217.194.0-255,1484,151253,9,273337
7667,0.002155,172.217.194.0-255,2902,154155,9,273337
7668,0.002158,172.31.36.0-255,66,154221,9,273337
7669,0.002166,172.217.194.0-255,5738,159959,9,273337
7670,0.002168,172.31.36.0-255,66,160025,9,273337
7671,0.002202,172.31.36.0-255,66,160091,9,273337
7672,0.002226,172.217.194.0-255,1484,161575,9,273337
7673,0.002239,172.31.36.0-255,66,161641,9,273337
7674,0.002242,172.217.194.0-255,766,162407,9,273337
7675,0.003836,172.31.36.0-255,66,162473,9,273337
7676,0.004762,172.217.194.0-255,4320,166793,9,273337
7677,0.004769,172.31.36.0-255,66,166859,9,273337
7678,0.006323,172.217.194.0-255,1484,168343,9,273337
7679,0.007303,172.217.194.0-255,4320,172663,9,273337
7680,0.007308,172.31.36.0-255,66,172729,9,273337
7681,0.009823,172.217.194.0-255,5738,178467,9,273337
7682,0.00983,172.31.36.0-255,66,178533,9,273337
7683,0.012352,172.217.194.0-255,5738,184271,9,273337
7684,0.012361,172.31.36.0-255,66,184337,9,273337
7685,0.014888,172.217.194.0-255,5738,190075,9,273337
7686,0.014898,172.31.36.0-255,66,190141,9,273337
7687,0.017454,172.217.194.0-255,5738,195879,9,273337
7688,0.017466,172.31.36.0-255,66,195945,9,273337
7689,0.020042,172.217.194.0-255,5738,201683,9,273337
7690,0.020051,172.31.36.0-255,66,201749,9,273337
7691,0.022604,172.217.194.0-255,5738,207487,9,273337
7692,0.022612,172.31.36.0-255,66,207553,9,273337
7693,0.025143,172.217.194.0-255,5738,213291,9,273337
7694,0.025151,172.31.36.0-255,66,213357,9,273337
7695,0.027655,172.217.194.0-255,4320,217677,9,273337
7696,0.027663,172.31.36.0-255,66,217743,9,273337
7697,0.027692,172.217.194.0-255,1484,219227,9,273337
7698,0.030237,172.217.194.0-255,4320,223547,9,273337
7699,0.030244,172.31.36.0-255,66,223613,9,273337
7700,0.032759,172.217.194.0-255,5738,229351,9,273337
7701,0.032767,172.31.36.0-255,66,229417,9,273337
7702,0.035308,172.217.194.0-255,5738,235155,9,273337
7703,0.035316,172.31.36.0-255,66,235221,9,273337
7704,0.037857,172.217.194.0-255,5738,240959,9,273337
7705,0.037866,172.31.36.0-255,66,241025,9,273337
7706,0.038964,172.31.36.0-255,172,241197,9,273337
7707,0.038996,172.31.36.0-255,1116,242313,9,273337
7708,0.039058,172.31.36.0-255,1514,243827,9,273337
7709,0.03906,172.31.36.0-255,1514,245341,9,273337
7710,0.039066,172.31.36.0-255,1514,246855,9,273337
7711,0.039067,172.31.36.0-255,1514,248369,9,273337
7712,0.039096,172.31.36.0-255,1488,249857,9,273337
7713,0.040417,172.217.194.0-255,5738,255595,9,273337
7714,0.040425,172.31.36.0-255,66,255661,9,273337
7715,0.040486,104.244.42.0-255,66,255727,9,273337
7716,0.040532,104.244.42.0-255,66,255793,9,273337
7717,0.040596,104.244.42.0-255,66,255859,9,273337
7718,0.04065,104.244.42.0-255,66,255925,9,273337
7719,0.042923,172.217.194.0-255,5738,261663,9,273337
7720,0.04293,172.31.36.0-255,66,261729,9,273337
7721,0.045442,172.217.194.0-255,5738,267467,9,273337
7722,0.04545,172.31.36.0-255,66,267533,9,273337
7723,0.048007,172.217.194.0-255,5738,273271,9,273337
7724,0.048026,172.31.36.0-255,66,273337,9,273337
7725,0.0,172.31.36.0-255,105,105,9,105
7726,0.0,172.217.194.0-255,431,431,9,90461
7727,1.8e-05,172.217.194.0-255,1484,1915,9,90461
7728,2.7e-05,172.31.36.0-255,66,1981,9,90461
7729,3.7e-05,172.217.194.0-255,4320,6301,9,90461
7730,4e-05,172.31.36.0-255,66,6367,9,90461
7731,4.6e-05,172.217.194.0-255,4320,10687,9,90461
7732,4.8e-05,172.31.36.0-255,66,10753,9,90461
7733,7.4e-05,172.217.194.0-255,4902,15655,9,90461
7734,7.7e-05,172.31.36.0-255,66,15721,9,90461
7735,0.000427,172.217.194.0-255,7156,22877,9,90461
7736,0.000434,172.31.36.0-255,66,22943,9,90461
7737,0.000751,172.217.194.0-255,7033,29976,9,90461
7738,0.000757,172.31.36.0-255,66,30042,9,90461
7739,0.00262,172.217.194.0-255,5738,35780,9,90461
7740,0.002629,172.31.36.0-255,66,35846,9,90461
7741,0.003097,172.217.194.0-255,2902,38748,9,90461
7742,0.003739,172.217.194.0-255,1484,40232,9,90461
7743,0.00436,172.217.194.0-255,2902,43134,9,90461
7744,0.004903,172.217.194.0-255,5738,48872,9,90461
7745,0.005204,172.31.36.0-255,66,48938,9,90461
7746,0.005227,172.217.194.0-255,4320,53258,9,90461
7747,0.005248,172.217.194.0-255,4320,57578,9,90461
7748,0.005273,172.31.36.0-255,66,57644,9,90461
7749,0.00574,172.31.36.0-255,66,57710,9,90461
7750,0.007875,172.31.36.0-255,66,57776,9,90461
7751,0.007967,172.31.36.0-255,66,57842,9,90461
7752,0.007988,172.217.194.0-255,5738,63580,9,90461
7753,0.007992,172.31.36.0-255,66,63646,9,90461
7754,0.008331,172.217.194.0-255,5754,69400,9,90461
7755,0.008338,172.31.36.0-255,66,69466,9,90461
7756,0.008661,172.31.36.0-255,66,69532,9,90461
7757,0.008712,172.31.36.0-255,66,69598,9,90461
7758,0.008752,172.31.36.0-255,66,69664,9,90461
7759,0.008918,172.31.36.0-255,66,69730,9,90461
7760,0.010474,172.217.194.0-255,5018,74748,9,90461
7761,0.010489,172.31.36.0-255,66,74814,9,90461
7762,0.010509,172.31.36.0-255,66,74880,9,90461
7763,0.010673,172.217.194.0-255,5738,80618,9,90461
7764,0.010677,172.31.36.0-255,66,80684,9,90461
7765,0.010703,172.31.36.0-255,66,80750,9,90461
7766,0.010899,172.31.36.0-255,66,80816,9,90461
7767,0.011086,172.31.36.0-255,66,80882,9,90461
7768,0.011137,172.31.36.0-255,66,80948,9,90461
7769,0.011524,172.31.36.0-255,66,81014,9,90461
7770,0.011561,172.31.36.0-255,66,81080,9,90461
7771,0.01192,172.217.194.0-255,7156,88236,9,90461
7772,0.011926,172.31.36.0-255,66,88302,9,90461
7773,0.011977,172.31.36.0-255,66,88368,9,90461
7774,0.012447,172.31.36.0-255,66,88434,9,90461
7775,0.012541,172.31.36.0-255,66,88500,9,90461
7776,0.013098,172.31.36.0-255,66,88566,9,90461
7777,0.013519,172.217.194.0-255,1658,90224,9,90461
7778,0.0136,172.31.36.0-255,66,90290,9,90461
7779,0.014154,172.31.36.0-255,105,90395,9,90461
7780,0.016711,172.217.194.0-255,66,90461,9,90461
7781,0.0,74.125.24.0-255,152,152,9,318881
7782,1.5e-05,172.31.36.0-255,66,218,9,318881
7783,2.1e-05,74.125.24.0-255,1484,1702,9,318881
7784,2.6e-05,172.31.36.0-255,66,1768,9,318881
7785,4e-05,74.125.24.0-255,2902,4670,9,318881
7786,4.3e-05,172.31.36.0-255,66,4736,9,318881
7787,5.1e-05,74.125.24.0-255,7156,11892,9,318881
7788,5.4e-05,172.31.36.0-255,66,11958,9,318881
7789,5.8e-05,74.125.24.0-255,2035,13993,9,318881
7790,6.1e-05,172.31.36.0-255,66,14059,9,318881
7791,0.000104,74.125.24.0-255,7156,21215,9,318881
7792,0.000108,172.31.36.0-255,66,21281,9,318881
7793,0.000125,74.125.24.0-255,4320,25601,9,318881
7794,0.000128,172.31.36.0-255,66,25667,9,318881
7795,0.000162,74.125.24.0-255,4320,29987,9,318881
7796,0.000164,172.31.36.0-255,66,30053,9,318881
7797,0.000181,74.125.24.0-255,1125,31178,9,318881
7798,0.000186,172.31.36.0-255,66,31244,9,318881
7799,0.000251,74.125.24.0-255,1484,32728,9,318881
7800,0.000254,172.31.36.0-255,66,32794,9,318881
7801,0.000258,74.125.24.0-255,1484,34278,9,318881
7802,0.000261,172.31.36.0-255,66,34344,9,318881
7803,0.000278,74.125.24.0-255,1484,35828,9,318881
7804,0.00028,172.31.36.0-255,66,35894,9,318881
7805,0.000303,74.125.24.0-255,4320,40214,9,318881
7806,0.000306,172.31.36.0-255,66,40280,9,318881
7807,0.000334,74.125.24.0-255,1484,41764,9,318881
7808,0.000337,172.31.36.0-255,66,41830,9,318881
7809,0.000344,74.125.24.0-255,6797,48627,9,318881
7810,0.000347,172.31.36.0-255,66,48693,9,318881
7811,0.000354,74.125.24.0-255,7156,55849,9,318881
7812,0.000357,172.31.36.0-255,66,55915,9,318881
7813,0.000363,74.125.24.0-255,4320,60235,9,318881
7814,0.000365,172.31.36.0-255,66,60301,9,318881
7815,0.000397,74.125.24.0-255,5659,65960,9,318881
7816,0.0004,172.31.36.0-255,66,66026,9,318881
7817,0.000526,74.125.24.0-255,126,66152,9,318881
7818,0.000549,74.125.24.0-255,348,66500,9,318881
7819,0.000748,172.31.36.0-255,101,66601,9,318881
7820,0.000936,74.125.24.0-255,1484,68085,9,318881
7821,0.000954,74.125.24.0-255,1484,69569,9,318881
7822,0.000957,172.31.36.0-255,66,69635,9,318881
7823,0.000987,74.125.24.0-255,1484,71119,9,318881
7824,0.000993,74.125.24.0-255,5738,76857,9,318881
7825,0.000995,172.31.36.0-255,66,76923,9,318881
7826,0.001033,74.125.24.0-255,7156,84079,9,318881
7827,0.001036,172.31.36.0-255,66,84145,9,318881
7828,0.001063,74.125.24.0-255,5738,89883,9,318881
7829,0.001067,172.31.36.0-255,66,89949,9,318881
7830,0.001078,172.31.36.0-255,66,90015,9,318881
7831,0.001304,74.125.24.0-255,1484,91499,9,318881
7832,0.001311,74.125.24.0-255,2902,94401,9,318881
7833,0.001314,172.31.36.0-255,66,94467,9,318881
7834,0.00132,74.125.24.0-255,5738,100205,9,318881
7835,0.001321,172.31.36.0-255,66,100271,9,318881
7836,0.001337,172.31.36.0-255,66,100337,9,318881
7837,0.001342,74.125.24.0-255,4320,104657,9,318881
7838,0.001344,172.31.36.0-255,66,104723,9,318881
7839,0.001348,74.125.24.0-255,2902,107625,9,318881
7840,0.001349,172.31.36.0-255,66,107691,9,318881
7841,0.001384,74.125.24.0-255,3602,111293,9,318881
7842,0.001387,172.31.36.0-255,66,111359,9,318881
7843,0.001399,74.125.24.0-255,1484,112843,9,318881
7844,0.001401,74.125.24.0-255,1484,114327,9,318881
7845,0.001407,172.31.36.0-255,66,114393,9,318881
7846,0.001432,74.125.24.0-255,1484,115877,9,318881
7847,0.001437,74.125.24.0-255,5738,121615,9,318881
7848,0.00144,172.31.36.0-255,66,121681,9,318881
7849,0.001452,74.125.24.0-255,1484,123165,9,318881
7850,0.001486,74.125.24.0-255,7156,130321,9,318881
7851,0.001508,74.125.24.0-255,1484,131805,9,318881
7852,0.00152,74.125.24.0-255,2184,133989,9,318881
7853,0.001526,172.31.36.0-255,66,134055,9,318881
7854,0.001713,74.125.24.0-255,1484,135539,9,318881
7855,0.001717,74.125.24.0-255,1484,137023,9,318881
7856,0.001719,172.31.36.0-255,66,137089,9,318881
7857,0.001739,74.125.24.0-255,1484,138573,9,318881
7858,0.001745,74.125.24.0-255,5738,144311,9,318881
7859,0.001757,74.125.24.0-255,1484,145795,9,318881
7860,0.001769,74.125.24.0-255,2902,148697,9,318881
7861,0.001771,172.31.36.0-255,66,148763,9,318881
7862,0.001779,74.125.24.0-255,2902,151665,9,318881
7863,0.001783,172.31.36.0-255,66,151731,9,318881
7864,0.001808,74.125.24.0-255,5738,157469,9,318881
7865,0.001812,74.125.24.0-255,4320,161789,9,318881
7866,0.001822,172.31.36.0-255,66,161855,9,318881
7867,0.001831,74.125.24.0-255,2902,164757,9,318881
7868,0.00185,172.31.36.0-255,66,164823,9,318881
7869,0.001877,74.125.24.0-255,3602,168425,9,318881
7870,0.001884,172.31.36.0-255,66,168491,9,318881
7871,0.002028,74.125.24.0-255,1484,169975,9,318881
7872,0.00204,74.125.24.0-255,2902,172877,9,318881
7873,0.002043,172.31.36.0-255,66,172943,9,318881
7874,0.002047,74.125.24.0-255,2902,175845,9,318881
7875,0.00205,172.31.36.0-255,66,175911,9,318881
7876,0.002072,74.125.24.0-255,2902,178813,9,318881
7877,0.002087,172.31.36.0-255,66,178879,9,318881
7878,0.002143,172.31.36.0-255,66,178945,9,318881
7879,0.002245,74.125.24.0-255,1484,180429,9,318881
7880,0.002249,74.125.24.0-255,2902,183331,9,318881
7881,0.002252,172.31.36.0-255,66,183397,9,318881
7882,0.002257,74.125.24.0-255,5738,189135,9,318881
7883,0.00226,172.31.36.0-255,66,189201,9,318881
7884,0.002285,74.125.24.0-255,7156,196357,9,318881
7885,0.002296,74.125.24.0-255,1484,197841,9,318881
7886,0.002338,172.31.36.0-255,66,197907,9,318881
7887,0.002345,74.125.24.0-255,2184,200091,9,318881
7888,0.00236,172.31.36.0-255,66,200157,9,318881
7889,0.002425,172.31.36.0-255,66,200223,9,318881
7890,0.002474,74.125.24.0-255,1484,201707,9,318881
7891,0.002495,74.125.24.0-255,5738,207445,9,318881
7892,0.002505,74.125.24.0-255,2902,210347,9,318881
7893,0.002527,74.125.24.0-255,2902,213249,9,318881
7894,0.002529,172.31.36.0-255,66,213315,9,318881
7895,0.002538,172.31.36.0-255,66,213381,9,318881
7896,0.002564,74.125.24.0-255,1484,214865,9,318881
7897,0.002588,74.125.24.0-255,4320,219185,9,318881
7898,0.002599,172.31.36.0-255,66,219251,9,318881
7899,0.002631,74.125.24.0-255,1484,220735,9,318881
7900,0.002644,172.31.36.0-255,66,220801,9,318881
7901,0.00266,74.125.24.0-255,5020,225821,9,318881
7902,0.002672,172.31.36.0-255,66,225887,9,318881
7903,0.003401,74.125.24.0-255,66,225953,9,318881
7904,0.00524,74.125.24.0-255,4320,230273,9,318881
7905,0.005244,172.31.36.0-255,66,230339,9,318881
7906,0.005268,74.125.24.0-255,1484,231823,9,318881
7907,0.007795,74.125.24.0-255,4320,236143,9,318881
7908,0.007802,172.31.36.0-255,66,236209,9,318881
7909,0.01041,74.125.24.0-255,5738,241947,9,318881
7910,0.010418,172.31.36.0-255,66,242013,9,318881
7911,0.013028,74.125.24.0-255,5738,247751,9,318881
7912,0.01304,172.31.36.0-255,66,247817,9,318881
7913,0.015606,74.125.24.0-255,5738,253555,9,318881
7914,0.015617,172.31.36.0-255,66,253621,9,318881
7915,0.018185,74.125.24.0-255,5738,259359,9,318881
7916,0.018192,172.31.36.0-255,66,259425,9,318881
7917,0.020798,74.125.24.0-255,5738,265163,9,318881
7918,0.020805,172.31.36.0-255,66,265229,9,318881
7919,0.023388,74.125.24.0-255,5738,270967,9,318881
7920,0.023393,172.31.36.0-255,66,271033,9,318881
7921,0.025954,74.125.24.0-255,5738,276771,9,318881
7922,0.025967,172.31.36.0-255,66,276837,9,318881
7923,0.028612,74.125.24.0-255,5738,282575,9,318881
7924,0.02862,172.31.36.0-255,66,282641,9,318881
7925,0.031201,74.125.24.0-255,5738,288379,9,318881
7926,0.031209,172.31.36.0-255,66,288445,9,318881
7927,0.033227,172.31.36.0-255,172,288617,9,318881
7928,0.033269,172.31.36.0-255,1115,289732,9,318881
7929,0.033366,172.31.36.0-255,1514,291246,9,318881
7930,0.033368,172.31.36.0-255,1514,292760,9,318881
7931,0.033369,172.31.36.0-255,1514,294274,9,318881
7932,0.033373,172.31.36.0-255,1514,295788,9,318881
7933,0.033374,172.31.36.0-255,1486,297274,9,318881
7934,0.033765,74.125.24.0-255,5738,303012,9,318881
7935,0.033772,172.31.36.0-255,66,303078,9,318881
7936,0.034791,104.244.42.0-255,66,303144,9,318881
7937,0.03484,104.244.42.0-255,66,303210,9,318881
7938,0.034974,104.244.42.0-255,66,303276,9,318881
7939,0.036372,74.125.24.0-255,5738,309014,9,318881
7940,0.036378,172.31.36.0-255,66,309080,9,318881
7941,0.038953,74.125.24.0-255,5738,314818,9,318881
7942,0.038958,172.31.36.0-255,66,314884,9,318881
7943,0.041516,74.125.24.0-255,3760,318644,9,318881
7944,0.041526,172.31.36.0-255,66,318710,9,318881
7945,0.041743,172.31.36.0-255,105,318815,9,318881
7946,0.048328,74.125.24.0-255,66,318881,9,318881
7947,0.0,172.31.36.0-255,105,105,9,276
7948,0.001772,157.240.13.0-255,105,210,9,276
7949,0.001784,172.31.36.0-255,66,276,9,276
7950,0.0,74.125.24.0-255,150,150,9,168542
7951,2e-05,172.31.36.0-255,66,216,9,168542
7952,2.7e-05,74.125.24.0-255,1484,1700,9,168542
7953,3.2e-05,172.31.36.0-255,66,1766,9,168542
7954,4.7e-05,74.125.24.0-255,2902,4668,9,168542
7955,5e-05,172.31.36.0-255,66,4734,9,168542
7956,5.8e-05,74.125.24.0-255,5738,10472,9,168542
7957,6e-05,172.31.36.0-255,66,10538,9,168542
7958,9.8e-05,74.125.24.0-255,3438,13976,9,168542
7959,0.000101,172.31.36.0-255,66,14042,9,168542
7960,0.000107,74.125.24.0-255,4320,18362,9,168542
7961,0.00011,172.31.36.0-255,66,18428,9,168542
7962,0.000114,74.125.24.0-255,1484,19912,9,168542
7963,0.000116,172.31.36.0-255,66,19978,9,168542
7964,0.000147,172.31.36.0-255,66,20044,9,168542
7965,0.000194,74.125.24.0-255,1484,21528,9,168542
7966,0.000196,172.31.36.0-255,66,21594,9,168542
7967,0.000223,172.31.36.0-255,66,21660,9,168542
7968,0.000274,74.125.24.0-255,4320,25980,9,168542
7969,0.000276,172.31.36.0-255,66,26046,9,168542
7970,0.000302,74.125.24.0-255,3602,29648,9,168542
7971,0.000307,172.31.36.0-255,66,29714,9,168542
7972,0.000356,74.125.24.0-255,2902,32616,9,168542
7973,0.000358,172.31.36.0-255,66,32682,9,168542
7974,0.000386,74.125.24.0-255,5738,38420,9,168542
7975,0.000389,172.31.36.0-255,66,38486,9,168542
7976,0.000401,172.31.36.0-255,66,38552,9,168542
7977,0.000508,74.125.24.0-255,1484,40036,9,168542
7978,0.000513,172.31.36.0-255,66,40102,9,168542
7979,0.000518,74.125.24.0-255,2902,43004,9,168542
7980,0.00052,172.31.36.0-255,66,43070,9,168542
7981,0.000532,74.125.24.0-255,5738,48808,9,168542
7982,0.000535,172.31.36.0-255,66,48874,9,168542
7983,0.000583,74.125.24.0-255,7156,56030,9,168542
7984,0.000586,172.31.36.0-255,66,56096,9,168542
7985,0.000616,74.125.24.0-255,6797,62893,9,168542
7986,0.000619,172.31.36.0-255,66,62959,9,168542
7987,0.00067,74.125.24.0-255,5738,68697,9,168542
7988,0.000673,172.31.36.0-255,66,68763,9,168542
7989,0.000697,74.125.24.0-255,3961,72724,9,168542
7990,0.0007,172.31.36.0-255,66,72790,9,168542
7991,0.000869,74.125.24.0-255,1484,74274,9,168542
7992,0.000874,74.125.24.0-255,1484,75758,9,168542
7993,0.000878,172.31.36.0-255,66,75824,9,168542
7994,0.000905,74.125.24.0-255,1484,77308,9,168542
7995,0.000913,74.125.24.0-255,5738,83046,9,168542
7996,0.000915,172.31.36.0-255,66,83112,9,168542
7997,0.000949,172.31.36.0-255,66,83178,9,168542
7998,0.001022,74.125.24.0-255,2902,86080,9,168542
7999,0.001025,172.31.36.0-255,66,86146,9,168542
8000,0.001058,172.31.36.0-255,66,86212,9,168542
8001,0.001105,74.125.24.0-255,5738,91950,9,168542
8002,0.001109,172.31.36.0-255,66,92016,9,168542
8003,0.001137,74.125.24.0-255,7156,99172,9,168542
8004,0.001141,172.31.36.0-255,66,99238,9,168542
8005,0.001195,74.125.24.0-255,5738,104976,9,168542
8006,0.001198,172.31.36.0-255,66,105042,9,168542
8007,0.001225,172.31.36.0-255,66,105108,9,168542
8008,0.0013,74.125.24.0-255,6438,111546,9,168542
8009,0.001304,172.31.36.0-255,66,111612,9,168542
8010,0.001358,74.125.24.0-255,1484,113096,9,168542
8011,0.001365,74.125.24.0-255,2902,115998,9,168542
8012,0.001367,172.31.36.0-255,66,116064,9,168542
8013,0.001412,74.125.24.0-255,5738,121802,9,168542
8014,0.001417,172.31.36.0-255,66,121868,9,168542
8015,0.001424,74.125.24.0-255,5738,127606,9,168542
8016,0.001426,172.31.36.0-255,66,127672,9,168542
8017,0.001457,74.125.24.0-255,1484,129156,9,168542
8018,0.001476,74.125.24.0-255,4320,133476,9,168542
8019,0.00148,172.31.36.0-255,66,133542,9,168542
8020,0.001522,172.31.36.0-255,66,133608,9,168542
8021,0.001576,74.125.24.0-255,2184,135792,9,168542
8022,0.001579,172.31.36.0-255,66,135858,9,168542
8023,0.001627,74.125.24.0-255,2902,138760,9,168542
8024,0.00163,172.31.36.0-255,66,138826,9,168542
8025,0.001639,74.125.24.0-255,7156,145982,9,168542
8026,0.001646,172.31.36.0-255,66,146048,9,168542
8027,0.001683,172.31.36.0-255,66,146114,9,168542
8028,0.001753,74.125.24.0-255,5738,151852,9,168542
8029,0.001758,172.31.36.0-255,66,151918,9,168542
8030,0.001806,172.31.36.0-255,66,151984,9,168542
8031,0.001912,74.125.24.0-255,5738,157722,9,168542
8032,0.001916,172.31.36.0-255,66,157788,9,168542
8033,0.001965,172.31.36.0-255,66,157854,9,168542
8034,0.002081,172.31.36.0-255,66,157920,9,168542
8035,0.002104,74.125.24.0-255,2184,160104,9,168542
8036,0.002107,172.31.36.0-255,66,160170,9,168542
8037,0.002146,74.125.24.0-255,2902,163072,9,168542
8038,0.00215,172.31.36.0-255,66,163138,9,168542
8039,0.002205,172.31.36.0-255,66,163204,9,168542
8040,0.002394,74.125.24.0-255,2902,166106,9,168542
8041,0.002401,172.31.36.0-255,66,166172,9,168542
8042,0.002462,172.31.36.0-255,66,166238,9,168542
8043,0.002494,172.31.36.0-255,66,166304,9,168542
8044,0.002822,172.31.36.0-255,66,166370,9,168542
8045,0.002895,172.31.36.0-255,66,166436,9,168542
8046,0.00314,74.125.24.0-255,168,166604,9,168542
8047,0.008259,172.31.36.0-255,105,166709,9,168542
8048,0.008308,172.31.36.0-255,105,166814,9,168542
8049,0.008547,172.31.36.0-255,90,166904,9,168542
8050,0.008567,172.31.36.0-255,66,166970,9,168542
8051,0.010478,74.125.24.0-255,66,167036,9,168542
8052,0.010515,74.125.24.0-255,66,167102,9,168542
8053,0.010767,74.125.24.0-255,66,167168,9,168542
8054,0.010789,74.125.24.0-255,66,167234,9,168542
8055,0.010798,172.31.36.0-255,66,167300,9,168542
8056,0.049682,172.31.36.0-255,172,167472,9,168542
8057,0.049716,172.31.36.0-255,1070,168542,9,168542
8058,0.0,74.125.24.0-255,146,146,9,270172
8059,2.7e-05,172.31.36.0-255,66,212,9,270172
8060,3.5e-05,74.125.24.0-255,1484,1696,9,270172
8061,3.9e-05,172.31.36.0-255,66,1762,9,270172
8062,4.4e-05,74.125.24.0-255,2902,4664,9,270172
8063,4.7e-05,172.31.36.0-255,66,4730,9,270172
8064,7.8e-05,74.125.24.0-255,7156,11886,9,270172
8065,8.1e-05,172.31.36.0-255,66,11952,9,270172
8066,0.000118,74.125.24.0-255,1484,13436,9,270172
8067,0.000121,172.31.36.0-255,66,13502,9,270172
8068,0.000135,74.125.24.0-255,4320,17822,9,270172
8069,0.000138,172.31.36.0-255,66,17888,9,270172
8070,0.000161,74.125.24.0-255,7156,25044,9,270172
8071,0.000163,172.31.36.0-255,66,25110,9,270172
8072,0.000183,74.125.24.0-255,2056,27166,9,270172
8073,0.000185,172.31.36.0-255,66,27232,9,270172
8074,0.000199,172.31.36.0-255,66,27298,9,270172
8075,0.000223,74.125.24.0-255,4320,31618,9,270172
8076,0.000226,172.31.36.0-255,66,31684,9,270172
8077,0.000232,74.125.24.0-255,5020,36704,9,270172
8078,0.000235,172.31.36.0-255,66,36770,9,270172
8079,0.000257,74.125.24.0-255,1484,38254,9,270172
8080,0.000259,172.31.36.0-255,66,38320,9,270172
8081,0.000291,172.31.36.0-255,66,38386,9,270172
8082,0.000312,74.125.24.0-255,2854,41240,9,270172
8083,0.000317,172.31.36.0-255,66,41306,9,270172
8084,0.000321,74.125.24.0-255,110,41416,9,270172
8085,0.000324,172.31.36.0-255,66,41482,9,270172
8086,0.000684,74.125.24.0-255,330,41812,9,270172
8087,0.000688,172.31.36.0-255,66,41878,9,270172
8088,0.000865,74.125.24.0-255,1484,43362,9,270172
8089,0.000875,74.125.24.0-255,2902,46264,9,270172
8090,0.000879,172.31.36.0-255,66,46330,9,270172
8091,0.000885,74.125.24.0-255,4320,50650,9,270172
8092,0.000887,172.31.36.0-255,66,50716,9,270172
8093,0.000917,74.125.24.0-255,1484,52200,9,270172
8094,0.000931,172.31.36.0-255,66,52266,9,270172
8095,0.000942,172.31.36.0-255,66,52332,9,270172
8096,0.000994,74.125.24.0-255,2184,54516,9,270172
8097,0.000998,172.31.36.0-255,66,54582,9,270172
8098,0.001233,74.125.24.0-255,1484,56066,9,270172
8099,0.00124,74.125.24.0-255,2902,58968,9,270172
8100,0.001244,172.31.36.0-255,66,59034,9,270172
8101,0.001248,74.125.24.0-255,1484,60518,9,270172
8102,0.001269,74.125.24.0-255,4320,64838,9,270172
8103,0.001272,172.31.36.0-255,66,64904,9,270172
8104,0.001279,74.125.24.0-255,7156,72060,9,270172
8105,0.001282,172.31.36.0-255,66,72126,9,270172
8106,0.001324,172.31.36.0-255,66,72192,9,270172
8107,0.001328,74.125.24.0-255,2184,74376,9,270172
8108,0.00133,172.31.36.0-255,66,74442,9,270172
8109,0.001371,74.125.24.0-255,1484,75926,9,270172
8110,0.001376,74.125.24.0-255,1484,77410,9,270172
8111,0.001379,172.31.36.0-255,66,77476,9,270172
8112,0.001402,74.125.24.0-255,1484,78960,9,270172
8113,0.001408,74.125.24.0-255,5738,84698,9,270172
8114,0.00141,172.31.36.0-255,66,84764,9,270172
8115,0.001425,172.31.36.0-255,66,84830,9,270172
8116,0.001432,74.125.24.0-255,7156,91986,9,270172
8117,0.001435,172.31.36.0-255,66,92052,9,270172
8118,0.001454,74.125.24.0-255,1484,93536,9,270172
8119,0.001467,74.125.24.0-255,2184,95720,9,270172
8120,0.001471,172.31.36.0-255,66,95786,9,270172
8121,0.001584,74.125.24.0-255,1484,97270,9,270172
8122,0.001591,74.125.24.0-255,2902,100172,9,270172
8123,0.001595,172.31.36.0-255,66,100238,9,270172
8124,0.001598,74.125.24.0-255,1484,101722,9,270172
8125,0.001618,74.125.24.0-255,4320,106042,9,270172
8126,0.001622,172.31.36.0-255,66,106108,9,270172
8127,0.001636,74.125.24.0-255,2902,109010,9,270172
8128,0.001639,172.31.36.0-255,66,109076,9,270172
8129,0.001664,172.31.36.0-255,66,109142,9,270172
8130,0.001668,74.125.24.0-255,1484,110626,9,270172
8131,0.001698,74.125.24.0-255,2902,113528,9,270172
8132,0.001702,172.31.36.0-255,66,113594,9,270172
8133,0.001721,74.125.24.0-255,6438,120032,9,270172
8134,0.001724,172.31.36.0-255,66,120098,9,270172
8135,0.001729,74.125.24.0-255,4320,124418,9,270172
8136,0.001731,172.31.36.0-255,66,124484,9,270172
8137,0.001753,74.125.24.0-255,5738,130222,9,270172
8138,0.001756,172.31.36.0-255,66,130288,9,270172
8139,0.001761,74.125.24.0-255,4320,134608,9,270172
8140,0.001763,172.31.36.0-255,66,134674,9,270172
8141,0.001782,74.125.24.0-255,7156,141830,9,270172
8142,0.001785,172.31.36.0-255,66,141896,9,270172
8143,0.001797,172.31.36.0-255,66,141962,9,270172
8144,0.002082,74.125.24.0-255,1484,143446,9,270172
8145,0.002099,74.125.24.0-255,2902,146348,9,270172
8146,0.002102,172.31.36.0-255,66,146414,9,270172
8147,0.002108,74.125.24.0-255,4320,150734,9,270172
8148,0.002109,172.31.36.0-255,66,150800,9,270172
8149,0.002122,74.125.24.0-255,1484,152284,9,270172
8150,0.002125,74.125.24.0-255,2902,155186,9,270172
8151,0.002127,172.31.36.0-255,66,155252,9,270172
8152,0.002162,172.31.36.0-255,66,155318,9,270172
8153,0.002174,172.31.36.0-255,66,155384,9,270172
8154,0.002234,74.125.24.0-255,1484,156868,9,270172
8155,0.002239,74.125.24.0-255,2902,159770,9,270172
8156,0.002242,172.31.36.0-255,66,159836,9,270172
8157,0.002248,74.125.24.0-255,5738,165574,9,270172
8158,0.00225,172.31.36.0-255,66,165640,9,270172
8159,0.002252,74.125.24.0-255,1484,167124,9,270172
8160,0.002317,74.125.24.0-255,7156,174280,9,270172
8161,0.002332,74.125.24.0-255,2184,176464,9,270172
8162,0.002549,74.125.24.0-255,1484,177948,9,270172
8163,0.002564,74.125.24.0-255,2902,180850,9,270172
8164,0.002568,74.125.24.0-255,2902,183752,9,270172
8165,0.002584,74.125.24.0-255,2902,186654,9,270172
8166,0.002595,74.125.24.0-255,1484,188138,9,270172
8167,0.002615,74.125.24.0-255,7156,195294,9,270172
8168,0.002637,74.125.24.0-255,2902,198196,9,270172
8169,0.002641,74.125.24.0-255,4320,202516,9,270172
8170,0.002644,74.125.24.0-255,1484,204000,9,270172
8171,0.002648,74.125.24.0-255,4320,208320,9,270172
8172,0.002664,74.125.24.0-255,2184,210504,9,270172
8173,0.002685,172.31.36.0-255,66,210570,9,270172
8174,0.00273,74.125.24.0-255,1484,212054,9,270172
8175,0.002733,74.125.24.0-255,1484,213538,9,270172
8176,0.002749,172.31.36.0-255,66,213604,9,270172
8177,0.002753,74.125.24.0-255,1484,215088,9,270172
8178,0.00276,74.125.24.0-255,5738,220826,9,270172
8179,0.002761,74.125.24.0-255,1484,222310,9,270172
8180,0.002767,172.31.36.0-255,66,222376,9,270172
8181,0.002781,74.125.24.0-255,5738,228114,9,270172
8182,0.002798,74.125.24.0-255,5738,233852,9,270172
8183,0.002804,74.125.24.0-255,5738,239590,9,270172
8184,0.002811,172.31.36.0-255,66,239656,9,270172
8185,0.002825,74.125.24.0-255,5020,244676,9,270172
8186,0.00283,74.125.24.0-255,5738,250414,9,270172
8187,0.002844,74.125.24.0-255,5738,256152,9,270172
8188,0.002856,172.31.36.0-255,66,256218,9,270172
8189,0.002902,74.125.24.0-255,1484,257702,9,270172
8190,0.002905,74.125.24.0-255,2902,260604,9,270172
8191,0.002909,172.31.36.0-255,66,260670,9,270172
8192,0.002914,172.31.36.0-255,66,260736,9,270172
8193,0.002941,74.125.24.0-255,105,260841,9,270172
8194,0.00296,172.31.36.0-255,66,260907,9,270172
8195,0.004891,172.31.36.0-255,105,261012,9,270172
8196,0.007222,74.125.24.0-255,66,261078,9,270172
8197,0.030653,172.31.36.0-255,172,261250,9,270172
8198,0.030709,172.31.36.0-255,1117,262367,9,270172
8199,0.030927,172.31.36.0-255,1514,263881,9,270172
8200,0.030929,172.31.36.0-255,1514,265395,9,270172
8201,0.030931,172.31.36.0-255,1514,266909,9,270172
8202,0.030932,172.31.36.0-255,1514,268423,9,270172
8203,0.030965,172.31.36.0-255,1485,269908,9,270172
8204,0.032239,104.244.42.0-255,66,269974,9,270172
8205,0.032278,104.244.42.0-255,66,270040,9,270172
8206,0.032547,104.244.42.0-255,66,270106,9,270172
8207,0.032574,104.244.42.0-255,66,270172,9,270172
8208,0.0,74.125.200.0-255,156,156,9,353903
8209,1.8e-05,172.31.36.0-255,66,222,9,353903
8210,2.4e-05,74.125.200.0-255,1484,1706,9,353903
8211,2.9e-05,172.31.36.0-255,66,1772,9,353903
8212,3.3e-05,74.125.200.0-255,2902,4674,9,353903
8213,3.6e-05,172.31.36.0-255,66,4740,9,353903
8214,4e-05,74.125.200.0-255,2902,7642,9,353903
8215,4.3e-05,172.31.36.0-255,66,7708,9,353903
8216,6.2e-05,74.125.200.0-255,2902,10610,9,353903
8217,6.5e-05,172.31.36.0-255,66,10676,9,353903
8218,8.2e-05,74.125.200.0-255,6293,16969,9,353903
8219,8.6e-05,172.31.36.0-255,66,17035,9,353903
8220,0.00011,74.125.200.0-255,2902,19937,9,353903
8221,0.000113,172.31.36.0-255,66,20003,9,353903
8222,0.000128,74.125.200.0-255,4320,24323,9,353903
8223,0.000131,172.31.36.0-255,66,24389,9,353903
8224,0.000135,74.125.200.0-255,2902,27291,9,353903
8225,0.000137,172.31.36.0-255,66,27357,9,353903
8226,0.000172,74.125.200.0-255,3961,31318,9,353903
8227,0.000176,172.31.36.0-255,66,31384,9,353903
8228,0.000234,74.125.200.0-255,1484,32868,9,353903
8229,0.000236,172.31.36.0-255,66,32934,9,353903
8230,0.000251,74.125.200.0-255,2902,35836,9,353903
8231,0.000255,172.31.36.0-255,66,35902,9,353903
8232,0.000273,74.125.200.0-255,1484,37386,9,353903
8233,0.000276,172.31.36.0-255,66,37452,9,353903
8234,0.000301,74.125.200.0-255,4320,41772,9,353903
8235,0.000304,172.31.36.0-255,66,41838,9,353903
8236,0.000308,74.125.200.0-255,2902,44740,9,353903
8237,0.00031,172.31.36.0-255,66,44806,9,353903
8238,0.000363,74.125.200.0-255,3961,48767,9,353903
8239,0.000368,172.31.36.0-255,66,48833,9,353903
8240,0.000877,74.125.200.0-255,1484,50317,9,353903
8241,0.000897,74.125.200.0-255,1484,51801,9,353903
8242,0.000903,172.31.36.0-255,66,51867,9,353903
8243,0.000922,74.125.200.0-255,1484,53351,9,353903
8244,0.000976,74.125.200.0-255,4320,57671,9,353903
8245,0.00098,172.31.36.0-255,66,57737,9,353903
8246,0.001003,74.125.200.0-255,4320,62057,9,353903
8247,0.001005,172.31.36.0-255,66,62123,9,353903
8248,0.00104,74.125.200.0-255,5379,67502,9,353903
8249,0.001043,172.31.36.0-255,66,67568,9,353903
8250,0.001061,74.125.200.0-255,4320,71888,9,353903
8251,0.001064,172.31.36.0-255,66,71954,9,353903
8252,0.001072,74.125.200.0-255,5738,77692,9,353903
8253,0.001074,172.31.36.0-255,66,77758,9,353903
8254,0.001089,74.125.200.0-255,1484,79242,9,353903
8255,0.001105,74.125.200.0-255,4540,83782,9,353903
8256,0.001108,172.31.36.0-255,66,83848,9,353903
8257,0.001153,74.125.200.0-255,5738,89586,9,353903
8258,0.001157,172.31.36.0-255,66,89652,9,353903
8259,0.001177,74.125.200.0-255,1484,91136,9,353903
8260,0.001182,74.125.200.0-255,2902,94038,9,353903
8261,0.001184,172.31.36.0-255,66,94104,9,353903
8262,0.001189,74.125.200.0-255,4320,98424,9,353903
8263,0.001191,172.31.36.0-255,66,98490,9,353903
8264,0.001195,74.125.200.0-255,2543,101033,9,353903
8265,0.001199,172.31.36.0-255,66,101099,9,353903
8266,0.001525,74.125.200.0-255,1484,102583,9,353903
8267,0.001531,74.125.200.0-255,1484,104067,9,353903
8268,0.001536,172.31.36.0-255,66,104133,9,353903
8269,0.001541,74.125.200.0-255,2902,107035,9,353903
8270,0.001543,172.31.36.0-255,66,107101,9,353903
8271,0.001576,74.125.200.0-255,5738,112839,9,353903
8272,0.00158,172.31.36.0-255,66,112905,9,353903
8273,0.001585,74.125.200.0-255,4320,117225,9,353903
8274,0.001587,172.31.36.0-255,66,117291,9,353903
8275,0.001606,74.125.200.0-255,7156,124447,9,353903
8276,0.001608,172.31.36.0-255,66,124513,9,353903
8277,0.001647,74.125.200.0-255,7156,131669,9,353903
8278,0.00165,172.31.36.0-255,66,131735,9,353903
8279,0.001668,74.125.200.0-255,3602,135337,9,353903
8280,0.001671,172.31.36.0-255,66,135403,9,353903
8281,0.001873,74.125.200.0-255,1484,136887,9,353903
8282,0.001887,74.125.200.0-255,2902,139789,9,353903
8283,0.00189,172.31.36.0-255,66,139855,9,353903
8284,0.001918,74.125.200.0-255,5738,145593,9,353903
8285,0.001921,172.31.36.0-255,66,145659,9,353903
8286,0.001934,74.125.200.0-255,1484,147143,9,353903
8287,0.001947,74.125.200.0-255,2902,150045,9,353903
8288,0.001949,172.31.36.0-255,66,150111,9,353903
8289,0.001974,74.125.200.0-255,2902,153013,9,353903
8290,0.001977,172.31.36.0-255,66,153079,9,353903
8291,0.001997,74.125.200.0-255,2902,155981,9,353903
8292,0.001999,172.31.36.0-255,66,156047,9,353903
8293,0.002004,74.125.200.0-255,4320,160367,9,353903
8294,0.002006,172.31.36.0-255,66,160433,9,353903
8295,0.002012,74.125.200.0-255,5738,166171,9,353903
8296,0.002015,172.31.36.0-255,66,166237,9,353903
8297,0.002047,74.125.200.0-255,3602,169839,9,353903
8298,0.00205,172.31.36.0-255,66,169905,9,353903
8299,0.002152,74.125.200.0-255,1484,171389,9,353903
8300,0.002167,74.125.200.0-255,2902,174291,9,353903
8301,0.002169,172.31.36.0-255,66,174357,9,353903
8302,0.002194,74.125.200.0-255,2902,177259,9,353903
8303,0.002196,172.31.36.0-255,66,177325,9,353903
8304,0.002211,74.125.200.0-255,2902,180227,9,353903
8305,0.002213,172.31.36.0-255,66,180293,9,353903
8306,0.002216,74.125.200.0-255,1484,181777,9,353903
8307,0.00222,74.125.200.0-255,2902,184679,9,353903
8308,0.002222,172.31.36.0-255,66,184745,9,353903
8309,0.002236,74.125.200.0-255,2902,187647,9,353903
8310,0.002238,172.31.36.0-255,66,187713,9,353903
8311,0.002253,74.125.200.0-255,2902,190615,9,353903
8312,0.002256,172.31.36.0-255,66,190681,9,353903
8313,0.002261,74.125.200.0-255,4320,195001,9,353903
8314,0.002263,172.31.36.0-255,66,195067,9,353903
8315,0.002284,74.125.200.0-255,5738,200805,9,353903
8316,0.002286,172.31.36.0-255,66,200871,9,353903
8317,0.002306,74.125.200.0-255,3602,204473,9,353903
8318,0.002308,172.31.36.0-255,66,204539,9,353903
8319,0.002384,74.125.200.0-255,1484,206023,9,353903
8320,0.002401,74.125.200.0-255,2902,208925,9,353903
8321,0.002404,172.31.36.0-255,66,208991,9,353903
8322,0.002407,74.125.200.0-255,1484,210475,9,353903
8323,0.00242,74.125.200.0-255,2902,213377,9,353903
8324,0.002422,172.31.36.0-255,66,213443,9,353903
8325,0.00244,74.125.200.0-255,2902,216345,9,353903
8326,0.002442,172.31.36.0-255,66,216411,9,353903
8327,0.002459,74.125.200.0-255,5738,222149,9,353903
8328,0.002462,172.31.36.0-255,66,222215,9,353903
8329,0.002464,74.125.200.0-255,1484,223699,9,353903
8330,0.002489,74.125.200.0-255,5738,229437,9,353903
8331,0.002491,172.31.36.0-255,66,229503,9,353903
8332,0.002501,172.31.36.0-255,66,229569,9,353903
8333,0.002503,74.125.200.0-255,766,230335,9,353903
8334,0.002558,74.125.200.0-255,1484,231819,9,353903
8335,0.00256,172.31.36.0-255,66,231885,9,353903
8336,0.002576,74.125.200.0-255,2902,234787,9,353903
8337,0.002578,172.31.36.0-255,66,234853,9,353903
8338,0.002597,74.125.200.0-255,1484,236337,9,353903
8339,0.0026,74.125.200.0-255,1484,237821,9,353903
8340,0.002602,172.31.36.0-255,66,237887,9,353903
8341,0.002607,74.125.200.0-255,2902,240789,9,353903
8342,0.002609,172.31.36.0-255,66,240855,9,353903
8343,0.00516,74.125.200.0-255,2902,243757,9,353903
8344,0.005166,172.31.36.0-255,66,243823,9,353903
8345,0.005189,74.125.200.0-255,2902,246725,9,353903
8346,0.005191,172.31.36.0-255,66,246791,9,353903
8347,0.007709,74.125.200.0-255,2902,249693,9,353903
8348,0.007714,172.31.36.0-255,66,249759,9,353903
8349,0.007748,74.125.200.0-255,2902,252661,9,353903
8350,0.007752,172.31.36.0-255,66,252727,9,353903
8351,0.010266,74.125.200.0-255,2902,255629,9,353903
8352,0.010273,172.31.36.0-255,66,255695,9,353903
8353,0.010294,74.125.200.0-255,2902,258597,9,353903
8354,0.010297,172.31.36.0-255,66,258663,9,353903
8355,0.012812,74.125.200.0-255,2902,261565,9,353903
8356,0.012819,172.31.36.0-255,66,261631,9,353903
8357,0.012839,74.125.200.0-255,2902,264533,9,353903
8358,0.012842,172.31.36.0-255,66,264599,9,353903
8359,0.015396,74.125.200.0-255,2902,267501,9,353903
8360,0.015404,172.31.36.0-255,66,267567,9,353903
8361,0.015445,74.125.200.0-255,2902,270469,9,353903
8362,0.015449,172.31.36.0-255,66,270535,9,353903
8363,0.017943,74.125.200.0-255,2902,273437,9,353903
8364,0.017952,172.31.36.0-255,66,273503,9,353903
8365,0.017981,74.125.200.0-255,2902,276405,9,353903
8366,0.017985,172.31.36.0-255,66,276471,9,353903
8367,0.020498,74.125.200.0-255,2902,279373,9,353903
8368,0.02051,172.31.36.0-255,66,279439,9,353903
8369,0.020547,74.125.200.0-255,2902,282341,9,353903
8370,0.020551,172.31.36.0-255,66,282407,9,353903
8371,0.023053,74.125.200.0-255,2902,285309,9,353903
8372,0.023061,172.31.36.0-255,66,285375,9,353903
8373,0.023098,74.125.200.0-255,2902,288277,9,353903
8374,0.023103,172.31.36.0-255,66,288343,9,353903
8375,0.025613,74.125.200.0-255,2902,291245,9,353903
8376,0.02562,172.31.36.0-255,66,291311,9,353903
8377,0.025657,74.125.200.0-255,2902,294213,9,353903
8378,0.025661,172.31.36.0-255,66,294279,9,353903
8379,0.028182,74.125.200.0-255,2902,297181,9,353903
8380,0.028191,172.31.36.0-255,66,297247,9,353903
8381,0.028227,74.125.200.0-255,2902,300149,9,353903
8382,0.028231,172.31.36.0-255,66,300215,9,353903
8383,0.030741,74.125.200.0-255,2902,303117,9,353903
8384,0.03075,172.31.36.0-255,66,303183,9,353903
8385,0.030788,74.125.200.0-255,2902,306085,9,353903
8386,0.030791,172.31.36.0-255,66,306151,9,353903
8387,0.033296,74.125.200.0-255,2902,309053,9,353903
8388,0.033303,172.31.36.0-255,66,309119,9,353903
8389,0.033339,74.125.200.0-255,2902,312021,9,353903
8390,0.033342,172.31.36.0-255,66,312087,9,353903
8391,0.035839,74.125.200.0-255,2902,314989,9,353903
8392,0.035846,172.31.36.0-255,66,315055,9,353903
8393,0.035876,74.125.200.0-255,2902,317957,9,353903
8394,0.035879,172.31.36.0-255,66,318023,9,353903
8395,0.038394,74.125.200.0-255,2902,320925,9,353903
8396,0.038404,172.31.36.0-255,66,320991,9,353903
8397,0.038438,74.125.200.0-255,2902,323893,9,353903
8398,0.038442,172.31.36.0-255,66,323959,9,353903
8399,0.040951,74.125.200.0-255,2902,326861,9,353903
8400,0.040961,172.31.36.0-255,66,326927,9,353903
8401,0.040996,74.125.200.0-255,2902,329829,9,353903
8402,0.040999,172.31.36.0-255,66,329895,9,353903
8403,0.043513,74.125.200.0-255,2902,332797,9,353903
8404,0.04354,172.31.36.0-255,66,332863,9,353903
8405,0.04356,74.125.200.0-255,2902,335765,9,353903
8406,0.043563,172.31.36.0-255,66,335831,9,353903
8407,0.046085,74.125.200.0-255,2902,338733,9,353903
8408,0.046093,172.31.36.0-255,66,338799,9,353903
8409,0.046114,74.125.200.0-255,2902,341701,9,353903
8410,0.046117,172.31.36.0-255,66,341767,9,353903
8411,0.046947,172.31.36.0-255,172,341939,9,353903
8412,0.046981,172.31.36.0-255,1116,343055,9,353903
8413,0.047025,172.31.36.0-255,1514,344569,9,353903
8414,0.047026,172.31.36.0-255,1514,346083,9,353903
8415,0.047031,172.31.36.0-255,1514,347597,9,353903
8416,0.047032,172.31.36.0-255,106,347703,9,353903
8417,0.048496,104.244.42.0-255,66,347769,9,353903
8418,0.048544,104.244.42.0-255,66,347835,9,353903
8419,0.048592,104.244.42.0-255,66,347901,9,353903
8420,0.048597,104.244.42.0-255,66,347967,9,353903
8421,0.048629,74.125.200.0-255,2902,350869,9,353903
8422,0.048634,172.31.36.0-255,66,350935,9,353903
8423,0.048663,74.125.200.0-255,2902,353837,9,353903
8424,0.048667,172.31.36.0-255,66,353903,9,353903
8425,0.0,172.31.36.0-255,105,105,9,276
8426,0.002066,157.240.13.0-255,105,210,9,276
8427,0.00208,172.31.36.0-255,66,276,9,276
8428,0.0,172.217.24.0-255,153,153,9,258691
8429,1.7e-05,172.31.36.0-255,66,219,9,258691
8430,2.3e-05,172.217.24.0-255,1484,1703,9,258691
8431,2.6e-05,172.31.36.0-255,66,1769,9,258691
8432,3.2e-05,172.217.24.0-255,2902,4671,9,258691
8433,3.4e-05,172.31.36.0-255,66,4737,9,258691
8434,3.9e-05,172.217.24.0-255,4320,9057,9,258691
8435,4.2e-05,172.31.36.0-255,66,9123,9,258691
8436,6.5e-05,172.217.24.0-255,4320,13443,9,258691
8437,6.7e-05,172.31.36.0-255,66,13509,9,258691
8438,9.2e-05,172.217.24.0-255,4865,18374,9,258691
8439,9.4e-05,172.31.36.0-255,66,18440,9,258691
8440,0.000105,172.31.36.0-255,66,18506,9,258691
8441,0.000109,172.217.24.0-255,2543,21049,9,258691
8442,0.000111,172.31.36.0-255,66,21115,9,258691
8443,0.000136,172.217.24.0-255,1484,22599,9,258691
8444,0.000138,172.31.36.0-255,66,22665,9,258691
8445,0.000148,172.217.24.0-255,1484,24149,9,258691
8446,0.000149,172.31.36.0-255,66,24215,9,258691
8447,0.000154,172.217.24.0-255,2902,27117,9,258691
8448,0.000156,172.31.36.0-255,66,27183,9,258691
8449,0.000184,172.217.24.0-255,4320,31503,9,258691
8450,0.000186,172.31.36.0-255,66,31569,9,258691
8451,0.000191,172.217.24.0-255,4320,35889,9,258691
8452,0.000193,172.31.36.0-255,66,35955,9,258691
8453,0.000211,172.217.24.0-255,1484,37439,9,258691
8454,0.000213,172.31.36.0-255,66,37505,9,258691
8455,0.000222,172.217.24.0-255,1125,38630,9,258691
8456,0.000224,172.31.36.0-255,66,38696,9,258691
8457,0.000855,172.217.24.0-255,1484,40180,9,258691
8458,0.000862,172.31.36.0-255,66,40246,9,258691
8459,0.000871,172.217.24.0-255,2902,43148,9,258691
8460,0.000873,172.31.36.0-255,66,43214,9,258691
8461,0.000879,172.217.24.0-255,4320,47534,9,258691
8462,0.000881,172.31.36.0-255,66,47600,9,258691
8463,0.000903,172.217.24.0-255,1484,49084,9,258691
8464,0.000912,172.217.24.0-255,6797,55881,9,258691
8465,0.000915,172.31.36.0-255,66,55947,9,258691
8466,0.000918,172.217.24.0-255,678,56625,9,258691
8467,0.000991,172.217.24.0-255,1484,58109,9,258691
8468,0.000995,172.31.36.0-255,66,58175,9,258691
8469,0.001018,172.217.24.0-255,2902,61077,9,258691
8470,0.00102,172.31.36.0-255,66,61143,9,258691
8471,0.00104,172.217.24.0-255,5738,66881,9,258691
8472,0.001042,172.31.36.0-255,66,66947,9,258691
8473,0.001057,172.217.24.0-255,1484,68431,9,258691
8474,0.001072,172.217.24.0-255,5379,73810,9,258691
8475,0.001074,172.31.36.0-255,66,73876,9,258691
8476,0.001091,172.217.24.0-255,2902,76778,9,258691
8477,0.001093,172.31.36.0-255,66,76844,9,258691
8478,0.00111,172.217.24.0-255,4320,81164,9,258691
8479,0.001112,172.31.36.0-255,66,81230,9,258691
8480,0.001123,172.31.36.0-255,66,81296,9,258691
8481,0.001126,172.217.24.0-255,1125,82421,9,258691
8482,0.001169,172.217.24.0-255,1484,83905,9,258691
8483,0.001172,172.31.36.0-255,66,83971,9,258691
8484,0.001178,172.217.24.0-255,4320,88291,9,258691
8485,0.00118,172.31.36.0-255,66,88357,9,258691
8486,0.001186,172.217.24.0-255,5738,94095,9,258691
8487,0.001189,172.31.36.0-255,66,94161,9,258691
8488,0.001229,172.217.24.0-255,4711,98872,9,258691
8489,0.001233,172.31.36.0-255,66,98938,9,258691
8490,0.001559,172.217.24.0-255,201,99139,9,258691
8491,0.00171,172.217.24.0-255,1484,100623,9,258691
8492,0.001716,172.31.36.0-255,66,100689,9,258691
8493,0.001724,172.217.24.0-255,2902,103591,9,258691
8494,0.001727,172.31.36.0-255,66,103657,9,258691
8495,0.001731,172.217.24.0-255,2902,106559,9,258691
8496,0.001734,172.31.36.0-255,66,106625,9,258691
8497,0.001739,172.217.24.0-255,2902,109527,9,258691
8498,0.001742,172.31.36.0-255,66,109593,9,258691
8499,0.00177,172.217.24.0-255,4320,113913,9,258691
8500,0.001773,172.31.36.0-255,66,113979,9,258691
8501,0.001788,172.31.36.0-255,66,114045,9,258691
8502,0.001812,172.217.24.0-255,1484,115529,9,258691
8503,0.001817,172.217.24.0-255,3602,119131,9,258691
8504,0.00182,172.31.36.0-255,66,119197,9,258691
8505,0.001917,172.217.24.0-255,1484,120681,9,258691
8506,0.001931,172.217.24.0-255,2902,123583,9,258691
8507,0.001944,172.217.24.0-255,4320,127903,9,258691
8508,0.001964,172.217.24.0-255,1484,129387,9,258691
8509,0.001968,172.217.24.0-255,2902,132289,9,258691
8510,0.00675,172.31.36.0-255,66,132355,9,258691
8511,0.008687,172.217.24.0-255,5738,138093,9,258691
8512,0.008694,172.31.36.0-255,66,138159,9,258691
8513,0.010646,172.217.24.0-255,5738,143897,9,258691
8514,0.010655,172.31.36.0-255,66,143963,9,258691
8515,0.012587,172.217.24.0-255,5738,149701,9,258691
8516,0.012595,172.31.36.0-255,66,149767,9,258691
8517,0.014532,172.217.24.0-255,5738,155505,9,258691
8518,0.014539,172.31.36.0-255,66,155571,9,258691
8519,0.016523,172.217.24.0-255,5738,161309,9,258691
8520,0.016531,172.31.36.0-255,66,161375,9,258691
8521,0.018474,172.217.24.0-255,5738,167113,9,258691
8522,0.018482,172.31.36.0-255,66,167179,9,258691
8523,0.020426,172.217.24.0-255,5738,172917,9,258691
8524,0.020433,172.31.36.0-255,66,172983,9,258691
8525,0.022372,172.217.24.0-255,5738,178721,9,258691
8526,0.022379,172.31.36.0-255,66,178787,9,258691
8527,0.024327,172.217.24.0-255,5738,184525,9,258691
8528,0.024337,172.31.36.0-255,66,184591,9,258691
8529,0.026275,172.217.24.0-255,5738,190329,9,258691
8530,0.026284,172.31.36.0-255,66,190395,9,258691
8531,0.028212,172.217.24.0-255,5738,196133,9,258691
8532,0.028219,172.31.36.0-255,66,196199,9,258691
8533,0.030157,172.217.24.0-255,5738,201937,9,258691
8534,0.030163,172.31.36.0-255,66,202003,9,258691
8535,0.032108,172.217.24.0-255,5738,207741,9,258691
8536,0.032115,172.31.36.0-255,66,207807,9,258691
8537,0.034055,172.217.24.0-255,5738,213545,9,258691
8538,0.034062,172.31.36.0-255,66,213611,9,258691
8539,0.036002,172.217.24.0-255,5738,219349,9,258691
8540,0.036009,172.31.36.0-255,66,219415,9,258691
8541,0.037952,172.217.24.0-255,5738,225153,9,258691
8542,0.037959,172.31.36.0-255,66,225219,9,258691
8543,0.039885,172.217.24.0-255,4320,229539,9,258691
8544,0.039897,172.31.36.0-255,66,229605,9,258691
8545,0.039913,172.217.24.0-255,1484,231089,9,258691
8546,0.041837,172.217.24.0-255,4320,235409,9,258691
8547,0.041844,172.31.36.0-255,66,235475,9,258691
8548,0.043781,172.217.24.0-255,5738,241213,9,258691
8549,0.043788,172.31.36.0-255,66,241279,9,258691
8550,0.045727,172.217.24.0-255,5738,247017,9,258691
8551,0.045734,172.31.36.0-255,66,247083,9,258691
8552,0.047723,172.217.24.0-255,5738,252821,9,258691
8553,0.047728,172.31.36.0-255,66,252887,9,258691
8554,0.049673,172.217.24.0-255,5738,258625,9,258691
8555,0.049682,172.31.36.0-255,66,258691,9,258691
8556,0.0,172.217.194.0-255,66,66,9,66
8557,0.0,172.31.36.0-255,105,105,9,276
8558,0.001812,157.240.13.0-255,105,210,9,276
8559,0.001825,172.31.36.0-255,66,276,9,276
8560,0.0,74.125.24.0-255,150,150,9,200814
8561,1.6e-05,172.31.36.0-255,66,216,9,200814
8562,2.3e-05,74.125.24.0-255,1484,1700,9,200814
8563,2.8e-05,172.31.36.0-255,66,1766,9,200814
8564,3.4e-05,74.125.24.0-255,2902,4668,9,200814
8565,4.4e-05,172.31.36.0-255,66,4734,9,200814
8566,5.1e-05,74.125.24.0-255,5738,10472,9,200814
8567,5.3e-05,172.31.36.0-255,66,10538,9,200814
8568,9.3e-05,74.125.24.0-255,3418,13956,9,200814
8569,9.6e-05,172.31.36.0-255,66,14022,9,200814
8570,0.000101,74.125.24.0-255,2902,16924,9,200814
8571,0.000104,172.31.36.0-255,66,16990,9,200814
8572,0.000123,74.125.24.0-255,1484,18474,9,200814
8573,0.000126,172.31.36.0-255,66,18540,9,200814
8574,0.000162,172.31.36.0-255,66,18606,9,200814
8575,0.000166,74.125.24.0-255,2543,21149,9,200814
8576,0.00017,172.31.36.0-255,66,21215,9,200814
8577,0.000249,74.125.24.0-255,1484,22699,9,200814
8578,0.000252,172.31.36.0-255,66,22765,9,200814
8579,0.000286,74.125.24.0-255,2902,25667,9,200814
8580,0.000289,172.31.36.0-255,66,25733,9,200814
8581,0.000295,74.125.24.0-255,5738,31471,9,200814
8582,0.000298,172.31.36.0-255,66,31537,9,200814
8583,0.00031,74.125.24.0-255,6797,38334,9,200814
8584,0.000312,172.31.36.0-255,66,38400,9,200814
8585,0.00032,74.125.24.0-255,7156,45556,9,200814
8586,0.000323,172.31.36.0-255,66,45622,9,200814
8587,0.000368,172.31.36.0-255,66,45688,9,200814
8588,0.000391,74.125.24.0-255,1405,47093,9,200814
8589,0.000394,172.31.36.0-255,66,47159,9,200814
8590,0.000417,74.125.24.0-255,408,47567,9,200814
8591,0.000642,74.125.24.0-255,1484,49051,9,200814
8592,0.000647,172.31.36.0-255,66,49117,9,200814
8593,0.000653,74.125.24.0-255,2902,52019,9,200814
8594,0.000655,172.31.36.0-255,66,52085,9,200814
8595,0.000663,74.125.24.0-255,5738,57823,9,200814
8596,0.000671,172.31.36.0-255,66,57889,9,200814
8597,0.000716,172.31.36.0-255,66,57955,9,200814
8598,0.000723,74.125.24.0-255,7156,65111,9,200814
8599,0.000725,172.31.36.0-255,66,65177,9,200814
8600,0.000767,74.125.24.0-255,3602,68779,9,200814
8601,0.000774,172.31.36.0-255,66,68845,9,200814
8602,0.000952,74.125.24.0-255,1484,70329,9,200814
8603,0.000958,74.125.24.0-255,2902,73231,9,200814
8604,0.000962,172.31.36.0-255,66,73297,9,200814
8605,0.000965,74.125.24.0-255,1484,74781,9,200814
8606,0.000992,74.125.24.0-255,4320,79101,9,200814
8607,0.00101,172.31.36.0-255,66,79167,9,200814
8608,0.001014,172.31.36.0-255,66,79233,9,200814
8609,0.001053,74.125.24.0-255,7156,86389,9,200814
8610,0.001068,172.31.36.0-255,66,86455,9,200814
8611,0.0011,74.125.24.0-255,6438,92893,9,200814
8612,0.001103,172.31.36.0-255,66,92959,9,200814
8613,0.00146,74.125.24.0-255,1484,94443,9,200814
8614,0.001466,74.125.24.0-255,2902,97345,9,200814
8615,0.00147,172.31.36.0-255,66,97411,9,200814
8616,0.001475,74.125.24.0-255,2902,100313,9,200814
8617,0.001477,172.31.36.0-255,66,100379,9,200814
8618,0.001495,74.125.24.0-255,2902,103281,9,200814
8619,0.001497,172.31.36.0-255,66,103347,9,200814
8620,0.001513,172.31.36.0-255,66,103413,9,200814
8621,0.001544,74.125.24.0-255,1484,104897,9,200814
8622,0.001579,172.31.36.0-255,66,104963,9,200814
8623,0.001617,74.125.24.0-255,1484,106447,9,200814
8624,0.001622,74.125.24.0-255,2902,109349,9,200814
8625,0.001624,172.31.36.0-255,66,109415,9,200814
8626,0.001657,74.125.24.0-255,5738,115153,9,200814
8627,0.00166,172.31.36.0-255,66,115219,9,200814
8628,0.001666,74.125.24.0-255,5738,120957,9,200814
8629,0.001668,172.31.36.0-255,66,121023,9,200814
8630,0.001688,172.31.36.0-255,66,121089,9,200814
8631,0.001725,74.125.24.0-255,5020,126109,9,200814
8632,0.001729,172.31.36.0-255,66,126175,9,200814
8633,0.001777,74.125.24.0-255,1484,127659,9,200814
8634,0.001782,74.125.24.0-255,2902,130561,9,200814
8635,0.001785,172.31.36.0-255,66,130627,9,200814
8636,0.001814,74.125.24.0-255,5738,136365,9,200814
8637,0.001817,172.31.36.0-255,66,136431,9,200814
8638,0.00182,74.125.24.0-255,1484,137915,9,200814
8639,0.001835,172.31.36.0-255,66,137981,9,200814
8640,0.001869,172.31.36.0-255,66,138047,9,200814
8641,0.002049,74.125.24.0-255,1484,139531,9,200814
8642,0.002055,74.125.24.0-255,2902,142433,9,200814
8643,0.002059,172.31.36.0-255,66,142499,9,200814
8644,0.002065,74.125.24.0-255,5738,148237,9,200814
8645,0.002067,172.31.36.0-255,66,148303,9,200814
8646,0.002129,172.31.36.0-255,66,148369,9,200814
8647,0.002153,74.125.24.0-255,6438,154807,9,200814
8648,0.002212,74.125.24.0-255,7156,161963,9,200814
8649,0.002223,74.125.24.0-255,2902,164865,9,200814
8650,0.002228,74.125.24.0-255,4320,169185,9,200814
8651,0.002233,74.125.24.0-255,4320,173505,9,200814
8652,0.002249,74.125.24.0-255,4320,177825,9,200814
8653,0.002272,74.125.24.0-255,2902,180727,9,200814
8654,0.002309,74.125.24.0-255,3602,184329,9,200814
8655,0.002373,74.125.24.0-255,4320,188649,9,200814
8656,0.002423,74.125.24.0-255,3602,192251,9,200814
8657,0.002465,74.125.24.0-255,105,192356,9,200814
8658,0.006336,172.31.36.0-255,66,192422,9,200814
8659,0.006341,172.31.36.0-255,66,192488,9,200814
8660,0.006344,172.31.36.0-255,66,192554,9,200814
8661,0.006347,172.31.36.0-255,66,192620,9,200814
8662,0.006359,172.31.36.0-255,66,192686,9,200814
8663,0.006362,172.31.36.0-255,66,192752,9,200814
8664,0.006366,172.31.36.0-255,66,192818,9,200814
8665,0.006369,172.31.36.0-255,66,192884,9,200814
8666,0.006373,172.31.36.0-255,66,192950,9,200814
8667,0.006377,172.31.36.0-255,66,193016,9,200814
8668,0.006379,172.31.36.0-255,66,193082,9,200814
8669,0.006382,172.31.36.0-255,66,193148,9,200814
8670,0.006385,172.31.36.0-255,66,193214,9,200814
8671,0.006388,172.31.36.0-255,66,193280,9,200814
8672,0.006391,172.31.36.0-255,66,193346,9,200814
8673,0.006394,172.31.36.0-255,66,193412,9,200814
8674,0.006397,172.31.36.0-255,66,193478,9,200814
8675,0.0064,172.31.36.0-255,66,193544,9,200814
8676,0.006403,172.31.36.0-255,66,193610,9,200814
8677,0.008748,172.31.36.0-255,66,193676,9,200814
8678,0.008784,172.31.36.0-255,105,193781,9,200814
8679,0.011344,74.125.24.0-255,66,193847,9,200814
8680,0.044318,172.31.36.0-255,188,194035,9,200814
8681,0.044345,172.31.36.0-255,960,194995,9,200814
8682,0.044422,172.31.36.0-255,1514,196509,9,200814
8683,0.044423,172.31.36.0-255,1514,198023,9,200814
8684,0.044424,172.31.36.0-255,1514,199537,9,200814
8685,0.044425,172.31.36.0-255,1013,200550,9,200814
8686,0.045869,104.244.42.0-255,66,200616,9,200814
8687,0.045958,104.244.42.0-255,66,200682,9,200814
8688,0.045981,104.244.42.0-255,66,200748,9,200814
8689,0.045998,104.244.42.0-255,66,200814,9,200814
8690,0.0,172.217.27.0-255,143,143,9,269190
8691,3.2e-05,172.31.36.0-255,66,209,9,269190
8692,3.8e-05,172.217.27.0-255,1484,1693,9,269190
8693,4.3e-05,172.31.36.0-255,66,1759,9,269190
8694,4.7e-05,172.217.27.0-255,2902,4661,9,269190
8695,4.9e-05,172.31.36.0-255,66,4727,9,269190
8696,5.4e-05,172.217.27.0-255,5738,10465,9,269190
8697,5.6e-05,172.31.36.0-255,66,10531,9,269190
8698,7.1e-05,172.217.27.0-255,2902,13433,9,269190
8699,7.3e-05,172.31.36.0-255,66,13499,9,269190
8700,9.3e-05,172.217.27.0-255,514,14013,9,269190
8701,9.5e-05,172.31.36.0-255,66,14079,9,269190
8702,0.000145,172.217.27.0-255,1484,15563,9,269190
8703,0.000148,172.31.36.0-255,66,15629,9,269190
8704,0.000152,172.217.27.0-255,2902,18531,9,269190
8705,0.000154,172.31.36.0-255,66,18597,9,269190
8706,0.000166,172.217.27.0-255,1484,20081,9,269190
8707,0.000168,172.31.36.0-255,66,20147,9,269190
8708,0.00019,172.217.27.0-255,2902,23049,9,269190
8709,0.000193,172.31.36.0-255,66,23115,9,269190
8710,0.000198,172.217.27.0-255,5738,28853,9,269190
8711,0.0002,172.31.36.0-255,66,28919,9,269190
8712,0.000233,172.217.27.0-255,6797,35716,9,269190
8713,0.000236,172.31.36.0-255,66,35782,9,269190
8714,0.000272,172.217.27.0-255,7156,42938,9,269190
8715,0.000275,172.31.36.0-255,66,43004,9,269190
8716,0.000281,172.217.27.0-255,5379,48383,9,269190
8717,0.000283,172.31.36.0-255,66,48449,9,269190
8718,0.000905,172.217.27.0-255,1484,49933,9,269190
8719,0.00091,172.31.36.0-255,66,49999,9,269190
8720,0.00092,172.217.27.0-255,2902,52901,9,269190
8721,0.000922,172.31.36.0-255,66,52967,9,269190
8722,0.000928,172.217.27.0-255,5738,58705,9,269190
8723,0.00093,172.31.36.0-255,66,58771,9,269190
8724,0.000958,172.217.27.0-255,6797,65568,9,269190
8725,0.00096,172.31.36.0-255,66,65634,9,269190
8726,0.001146,172.217.27.0-255,1484,67118,9,269190
8727,0.001153,172.217.27.0-255,2902,70020,9,269190
8728,0.001156,172.31.36.0-255,66,70086,9,269190
8729,0.001161,172.217.27.0-255,2902,72988,9,269190
8730,0.001163,172.31.36.0-255,66,73054,9,269190
8731,0.001178,172.217.27.0-255,2902,75956,9,269190
8732,0.00118,172.31.36.0-255,66,76022,9,269190
8733,0.001186,172.217.27.0-255,5738,81760,9,269190
8734,0.001188,172.31.36.0-255,66,81826,9,269190
8735,0.001201,172.217.27.0-255,1125,82951,9,269190
8736,0.001204,172.217.27.0-255,1484,84435,9,269190
8737,0.001205,172.31.36.0-255,66,84501,9,269190
8738,0.001208,172.217.27.0-255,1484,85985,9,269190
8739,0.001228,172.217.27.0-255,1484,87469,9,269190
8740,0.001229,172.31.36.0-255,66,87535,9,269190
8741,0.001235,172.217.27.0-255,5738,93273,9,269190
8742,0.001237,172.31.36.0-255,66,93339,9,269190
8743,0.001239,172.217.27.0-255,1484,94823,9,269190
8744,0.00126,172.217.27.0-255,5379,100202,9,269190
8745,0.001262,172.31.36.0-255,66,100268,9,269190
8746,0.001264,172.217.27.0-255,646,100914,9,269190
8747,0.002893,172.217.27.0-255,4320,105234,9,269190
8748,0.002896,172.31.36.0-255,66,105300,9,269190
8749,0.004533,172.217.27.0-255,5738,111038,9,269190
8750,0.004537,172.31.36.0-255,66,111104,9,269190
8751,0.006177,172.217.27.0-255,5738,116842,9,269190
8752,0.006183,172.31.36.0-255,66,116908,9,269190
8753,0.007819,172.217.27.0-255,5738,122646,9,269190
8754,0.007827,172.31.36.0-255,66,122712,9,269190
8755,0.009476,172.217.27.0-255,5738,128450,9,269190
8756,0.009485,172.31.36.0-255,66,128516,9,269190
8757,0.011126,172.217.27.0-255,5738,134254,9,269190
8758,0.011135,172.31.36.0-255,66,134320,9,269190
8759,0.012783,172.217.27.0-255,5738,140058,9,269190
8760,0.012795,172.31.36.0-255,66,140124,9,269190
8761,0.014451,172.217.27.0-255,5738,145862,9,269190
8762,0.014463,172.31.36.0-255,66,145928,9,269190
8763,0.01611,172.217.27.0-255,5738,151666,9,269190
8764,0.016123,172.31.36.0-255,66,151732,9,269190
8765,0.017778,172.217.27.0-255,5738,157470,9,269190
8766,0.017791,172.31.36.0-255,66,157536,9,269190
8767,0.019431,172.217.27.0-255,5738,163274,9,269190
8768,0.019441,172.31.36.0-255,66,163340,9,269190
8769,0.021081,172.217.27.0-255,5738,169078,9,269190
8770,0.021092,172.31.36.0-255,66,169144,9,269190
8771,0.022755,172.217.27.0-255,5738,174882,9,269190
8772,0.022769,172.31.36.0-255,66,174948,9,269190
8773,0.024413,172.217.27.0-255,5738,180686,9,269190
8774,0.024424,172.31.36.0-255,66,180752,9,269190
8775,0.026086,172.217.27.0-255,5738,186490,9,269190
8776,0.026098,172.31.36.0-255,66,186556,9,269190
8777,0.02773,172.217.27.0-255,5738,192294,9,269190
8778,0.027739,172.31.36.0-255,66,192360,9,269190
8779,0.029377,172.217.27.0-255,5738,198098,9,269190
8780,0.029385,172.31.36.0-255,66,198164,9,269190
8781,0.031032,172.217.27.0-255,5738,203902,9,269190
8782,0.031044,172.31.36.0-255,66,203968,9,269190
8783,0.032694,172.217.27.0-255,5738,209706,9,269190
8784,0.032702,172.31.36.0-255,66,209772,9,269190
8785,0.033206,172.31.36.0-255,176,209948,9,269190
8786,0.033232,172.31.36.0-255,1070,211018,9,269190
8787,0.03434,172.217.27.0-255,5738,216756,9,269190
8788,0.034352,172.31.36.0-255,66,216822,9,269190
8789,0.034775,104.244.42.0-255,66,216888,9,269190
8790,0.034785,104.244.42.0-255,66,216954,9,269190
8791,0.036016,172.217.27.0-255,5738,222692,9,269190
8792,0.036026,172.31.36.0-255,66,222758,9,269190
8793,0.037669,172.217.27.0-255,5738,228496,9,269190
8794,0.037677,172.31.36.0-255,66,228562,9,269190
8795,0.039314,172.217.27.0-255,5738,234300,9,269190
8796,0.039321,172.31.36.0-255,66,234366,9,269190
8797,0.040955,172.217.27.0-255,5738,240104,9,269190
8798,0.040961,172.31.36.0-255,66,240170,9,269190
8799,0.042601,172.217.27.0-255,5738,245908,9,269190
8800,0.042607,172.31.36.0-255,66,245974,9,269190
8801,0.044247,172.217.27.0-255,5738,251712,9,269190
8802,0.044254,172.31.36.0-255,66,251778,9,269190
8803,0.045901,172.217.27.0-255,5738,257516,9,269190
8804,0.045911,172.31.36.0-255,66,257582,9,269190
8805,0.047567,172.217.27.0-255,5738,263320,9,269190
8806,0.047586,172.31.36.0-255,66,263386,9,269190
8807,0.049248,172.217.27.0-255,5738,269124,9,269190
8808,0.049264,172.31.36.0-255,66,269190,9,269190
8809,0.0,74.125.24.0-255,153,153,9,255543
8810,1.4e-05,172.31.36.0-255,66,219,9,255543
8811,2e-05,74.125.24.0-255,1484,1703,9,255543
8812,2.4e-05,172.31.36.0-255,66,1769,9,255543
8813,2.9e-05,74.125.24.0-255,2902,4671,9,255543
8814,3.2e-05,172.31.36.0-255,66,4737,9,255543
8815,5.7e-05,74.125.24.0-255,7156,11893,9,255543
8816,5.9e-05,172.31.36.0-255,66,11959,9,255543
8817,6.3e-05,74.125.24.0-255,2071,14030,9,255543
8818,6.5e-05,172.31.36.0-255,66,14096,9,255543
8819,0.000136,74.125.24.0-255,1484,15580,9,255543
8820,0.000138,172.31.36.0-255,66,15646,9,255543
8821,0.000142,74.125.24.0-255,1484,17130,9,255543
8822,0.000144,172.31.36.0-255,66,17196,9,255543
8823,0.000161,74.125.24.0-255,1484,18680,9,255543
8824,0.000163,172.31.36.0-255,66,18746,9,255543
8825,0.00017,74.125.24.0-255,5738,24484,9,255543
8826,0.000172,172.31.36.0-255,66,24550,9,255543
8827,0.000196,74.125.24.0-255,1484,26034,9,255543
8828,0.000199,172.31.36.0-255,66,26100,9,255543
8829,0.000221,172.31.36.0-255,66,26166,9,255543
8830,0.000226,74.125.24.0-255,2902,29068,9,255543
8831,0.000229,172.31.36.0-255,66,29134,9,255543
8832,0.000252,74.125.24.0-255,1484,30618,9,255543
8833,0.000255,172.31.36.0-255,66,30684,9,255543
8834,0.000278,74.125.24.0-255,5379,36063,9,255543
8835,0.000281,172.31.36.0-255,66,36129,9,255543
8836,0.000312,74.125.24.0-255,4320,40449,9,255543
8837,0.000315,172.31.36.0-255,66,40515,9,255543
8838,0.000333,74.125.24.0-255,2902,43417,9,255543
8839,0.000335,172.31.36.0-255,66,43483,9,255543
8840,0.000339,74.125.24.0-255,1484,44967,9,255543
8841,0.000366,74.125.24.0-255,4320,49287,9,255543
8842,0.00037,172.31.36.0-255,66,49353,9,255543
8843,0.00039,74.125.24.0-255,4326,53679,9,255543
8844,0.000393,172.31.36.0-255,66,53745,9,255543
8845,0.000566,74.125.24.0-255,1484,55229,9,255543
8846,0.000572,74.125.24.0-255,2902,58131,9,255543
8847,0.000576,172.31.36.0-255,66,58197,9,255543
8848,0.00058,74.125.24.0-255,1484,59681,9,255543
8849,0.000597,74.125.24.0-255,4320,64001,9,255543
8850,0.0006,172.31.36.0-255,66,64067,9,255543
8851,0.000642,172.31.36.0-255,66,64133,9,255543
8852,0.000687,172.31.36.0-255,66,64199,9,255543
8853,0.000823,74.125.24.0-255,1484,65683,9,255543
8854,0.000837,74.125.24.0-255,2902,68585,9,255543
8855,0.00084,172.31.36.0-255,66,68651,9,255543
8856,0.000845,74.125.24.0-255,2902,71553,9,255543
8857,0.000847,172.31.36.0-255,66,71619,9,255543
8858,0.000862,74.125.24.0-255,2902,74521,9,255543
8859,0.000864,172.31.36.0-255,66,74587,9,255543
8860,0.00087,74.125.24.0-255,5738,80325,9,255543
8861,0.000873,172.31.36.0-255,66,80391,9,255543
8862,0.000899,74.125.24.0-255,7156,87547,9,255543
8863,0.000902,172.31.36.0-255,66,87613,9,255543
8864,0.000921,74.125.24.0-255,2902,90515,9,255543
8865,0.000923,172.31.36.0-255,66,90581,9,255543
8866,0.000956,172.31.36.0-255,66,90647,9,255543
8867,0.000998,74.125.24.0-255,1484,92131,9,255543
8868,0.001003,74.125.24.0-255,2902,95033,9,255543
8869,0.001005,172.31.36.0-255,66,95099,9,255543
8870,0.001009,74.125.24.0-255,1484,96583,9,255543
8871,0.001029,74.125.24.0-255,4320,100903,9,255543
8872,0.001032,172.31.36.0-255,66,100969,9,255543
8873,0.001039,74.125.24.0-255,7156,108125,9,255543
8874,0.001041,172.31.36.0-255,66,108191,9,255543
8875,0.00106,74.125.24.0-255,1484,109675,9,255543
8876,0.001114,172.31.36.0-255,66,109741,9,255543
8877,0.001129,74.125.24.0-255,4320,114061,9,255543
8878,0.001131,172.31.36.0-255,66,114127,9,255543
8879,0.001135,74.125.24.0-255,2184,116311,9,255543
8880,0.001137,172.31.36.0-255,66,116377,9,255543
8881,0.00114,74.125.24.0-255,1484,117861,9,255543
8882,0.001145,74.125.24.0-255,2902,120763,9,255543
8883,0.001147,172.31.36.0-255,66,120829,9,255543
8884,0.00115,74.125.24.0-255,1484,122313,9,255543
8885,0.001173,74.125.24.0-255,4320,126633,9,255543
8886,0.001176,172.31.36.0-255,66,126699,9,255543
8887,0.001218,172.31.36.0-255,66,126765,9,255543
8888,0.00122,172.31.36.0-255,66,126831,9,255543
8889,0.001379,74.125.24.0-255,1484,128315,9,255543
8890,0.001395,74.125.24.0-255,2902,131217,9,255543
8891,0.001399,172.31.36.0-255,66,131283,9,255543
8892,0.00142,74.125.24.0-255,5738,137021,9,255543
8893,0.001423,172.31.36.0-255,66,137087,9,255543
8894,0.001429,74.125.24.0-255,5738,142825,9,255543
8895,0.001431,172.31.36.0-255,66,142891,9,255543
8896,0.001462,74.125.24.0-255,7156,150047,9,255543
8897,0.001466,172.31.36.0-255,66,150113,9,255543
8898,0.001476,172.31.36.0-255,66,150179,9,255543
8899,0.0015,74.125.24.0-255,2184,152363,9,255543
8900,0.001503,172.31.36.0-255,66,152429,9,255543
8901,0.001507,74.125.24.0-255,2902,155331,9,255543
8902,0.001509,172.31.36.0-255,66,155397,9,255543
8903,0.001512,74.125.24.0-255,1484,156881,9,255543
8904,0.001539,74.125.24.0-255,5738,162619,9,255543
8905,0.001542,172.31.36.0-255,66,162685,9,255543
8906,0.001548,74.125.24.0-255,4320,167005,9,255543
8907,0.00155,172.31.36.0-255,66,167071,9,255543
8908,0.001583,172.31.36.0-255,66,167137,9,255543
8909,0.001586,74.125.24.0-255,1484,168621,9,255543
8910,0.001594,74.125.24.0-255,6438,175059,9,255543
8911,0.001597,172.31.36.0-255,66,175125,9,255543
8912,0.0016,74.125.24.0-255,1484,176609,9,255543
8913,0.001626,74.125.24.0-255,5738,182347,9,255543
8914,0.001631,74.125.24.0-255,2902,185249,9,255543
8915,0.00167,172.31.36.0-255,66,185315,9,255543
8916,0.00171,74.125.24.0-255,2184,187499,9,255543
8917,0.001715,74.125.24.0-255,2902,190401,9,255543
8918,0.001721,74.125.24.0-255,5738,196139,9,255543
8919,0.001735,172.31.36.0-255,66,196205,9,255543
8920,0.001738,74.125.24.0-255,1484,197689,9,255543
8921,0.001742,74.125.24.0-255,2902,200591,9,255543
8922,0.001747,172.31.36.0-255,66,200657,9,255543
8923,0.001769,74.125.24.0-255,1484,202141,9,255543
8924,0.001791,172.31.36.0-255,66,202207,9,255543
8925,0.00181,74.125.24.0-255,5020,207227,9,255543
8926,0.001824,172.31.36.0-255,66,207293,9,255543
8927,0.001863,74.125.24.0-255,1484,208777,9,255543
8928,0.001875,74.125.24.0-255,2902,211679,9,255543
8929,0.001915,74.125.24.0-255,1484,213163,9,255543
8930,0.001933,74.125.24.0-255,4320,217483,9,255543
8931,0.001951,74.125.24.0-255,7156,224639,9,255543
8932,0.001968,172.31.36.0-255,66,224705,9,255543
8933,0.001974,74.125.24.0-255,3602,228307,9,255543
8934,0.001984,172.31.36.0-255,66,228373,9,255543
8935,0.002,74.125.24.0-255,4320,232693,9,255543
8936,0.002012,74.125.24.0-255,1484,234177,9,255543
8937,0.002033,74.125.24.0-255,1484,235661,9,255543
8938,0.002037,172.31.36.0-255,66,235727,9,255543
8939,0.002057,74.125.24.0-255,5738,241465,9,255543
8940,0.00206,74.125.24.0-255,1484,242949,9,255543
8941,0.002072,74.125.24.0-255,2902,245851,9,255543
8942,0.00211,172.31.36.0-255,66,245917,9,255543
8943,0.002129,74.125.24.0-255,105,246022,9,255543
8944,0.00764,172.31.36.0-255,66,246088,9,255543
8945,0.007679,172.31.36.0-255,105,246193,9,255543
8946,0.010285,74.125.24.0-255,66,246259,9,255543
8947,0.038926,172.31.36.0-255,172,246431,9,255543
8948,0.038956,172.31.36.0-255,1117,247548,9,255543
8949,0.039025,172.31.36.0-255,1514,249062,9,255543
8950,0.039027,172.31.36.0-255,1514,250576,9,255543
8951,0.039028,172.31.36.0-255,1514,252090,9,255543
8952,0.039034,172.31.36.0-255,1514,253604,9,255543
8953,0.039035,172.31.36.0-255,1501,255105,9,255543
8954,0.040465,104.244.42.0-255,66,255171,9,255543
8955,0.040501,104.244.42.0-255,66,255237,9,255543
8956,0.040593,104.244.42.0-255,66,255303,9,255543
8957,0.040599,104.244.42.0-255,66,255369,9,255543
8958,0.041216,104.244.42.0-255,108,255477,9,255543
8959,0.041225,172.31.36.0-255,66,255543,9,255543
8960,0.0,172.217.194.0-255,160,160,9,249810
8961,2.1e-05,172.31.36.0-255,66,226,9,249810
8962,2.8e-05,172.217.194.0-255,1484,1710,9,249810
8963,3.3e-05,172.31.36.0-255,66,1776,9,249810
8964,3.9e-05,172.217.194.0-255,2902,4678,9,249810
8965,4.3e-05,172.31.36.0-255,66,4744,9,249810
8966,4.8e-05,172.217.194.0-255,2902,7646,9,249810
8967,5.2e-05,172.31.36.0-255,66,7712,9,249810
8968,7.6e-05,172.217.194.0-255,2902,10614,9,249810
8969,7.9e-05,172.31.36.0-255,66,10680,9,249810
8970,8.5e-05,172.217.194.0-255,3503,14183,9,249810
8971,8.7e-05,172.31.36.0-255,66,14249,9,249810
8972,9.2e-05,172.217.194.0-255,2902,17151,9,249810
8973,9.4e-05,172.31.36.0-255,66,17217,9,249810
8974,0.000113,172.217.194.0-255,1484,18701,9,249810
8975,0.000115,172.31.36.0-255,66,18767,9,249810
8976,0.000129,172.31.36.0-255,66,18833,9,249810
8977,0.000132,172.217.194.0-255,1484,20317,9,249810
8978,0.000134,172.31.36.0-255,66,20383,9,249810
8979,0.000152,172.217.194.0-255,1125,21508,9,249810
8980,0.000154,172.31.36.0-255,66,21574,9,249810
8981,0.0002,172.217.194.0-255,1484,23058,9,249810
8982,0.000203,172.31.36.0-255,66,23124,9,249810
8983,0.000216,172.217.194.0-255,2902,26026,9,249810
8984,0.000218,172.31.36.0-255,66,26092,9,249810
8985,0.000237,172.217.194.0-255,5738,31830,9,249810
8986,0.00024,172.31.36.0-255,66,31896,9,249810
8987,0.000247,172.217.194.0-255,6797,38693,9,249810
8988,0.00025,172.31.36.0-255,66,38759,9,249810
8989,0.000283,172.217.194.0-255,1484,40243,9,249810
8990,0.000286,172.31.36.0-255,66,40309,9,249810
8991,0.000304,172.217.194.0-255,2902,43211,9,249810
8992,0.000306,172.31.36.0-255,66,43277,9,249810
8993,0.000313,172.217.194.0-255,5738,49015,9,249810
8994,0.000315,172.31.36.0-255,66,49081,9,249810
8995,0.000346,172.217.194.0-255,7073,56154,9,249810
8996,0.000349,172.31.36.0-255,66,56220,9,249810
8997,0.000352,172.217.194.0-255,113,56333,9,249810
8998,0.000675,172.217.194.0-255,385,56718,9,249810
8999,0.000922,172.217.194.0-255,1484,58202,9,249810
9000,0.000928,172.31.36.0-255,66,58268,9,249810
9001,0.000935,172.217.194.0-255,2902,61170,9,249810
9002,0.000937,172.31.36.0-255,66,61236,9,249810
9003,0.000942,172.217.194.0-255,2902,64138,9,249810
9004,0.000944,172.31.36.0-255,66,64204,9,249810
9005,0.000972,172.217.194.0-255,2902,67106,9,249810
9006,0.000975,172.31.36.0-255,66,67172,9,249810
9007,0.000982,172.217.194.0-255,7156,74328,9,249810
9008,0.000985,172.31.36.0-255,66,74394,9,249810
9009,0.000999,172.31.36.0-255,66,74460,9,249810
9010,0.001003,172.217.194.0-255,2184,76644,9,249810
9011,0.001006,172.31.36.0-255,66,76710,9,249810
9012,0.001871,172.217.194.0-255,1484,78194,9,249810
9013,0.001883,172.217.194.0-255,2902,81096,9,249810
9014,0.001888,172.31.36.0-255,66,81162,9,249810
9015,0.001896,172.217.194.0-255,5738,86900,9,249810
9016,0.001898,172.31.36.0-255,66,86966,9,249810
9017,0.001927,172.217.194.0-255,7156,94122,9,249810
9018,0.00193,172.31.36.0-255,66,94188,9,249810
9019,0.001955,172.217.194.0-255,5738,99926,9,249810
9020,0.001957,172.31.36.0-255,66,99992,9,249810
9021,0.00197,172.31.36.0-255,66,100058,9,249810
9022,0.002178,172.217.194.0-255,1484,101542,9,249810
9023,0.002185,172.217.194.0-255,2902,104444,9,249810
9024,0.00219,172.31.36.0-255,66,104510,9,249810
9025,0.002198,172.217.194.0-255,5738,110248,9,249810
9026,0.0022,172.31.36.0-255,66,110314,9,249810
9027,0.002222,172.217.194.0-255,4320,114634,9,249810
9028,0.002224,172.31.36.0-255,66,114700,9,249810
9029,0.002255,172.31.36.0-255,66,114766,9,249810
9030,0.002266,172.31.36.0-255,66,114832,9,249810
9031,0.002269,172.217.194.0-255,766,115598,9,249810
9032,0.002303,172.217.194.0-255,1484,117082,9,249810
9033,0.002305,172.31.36.0-255,66,117148,9,249810
9034,0.002309,172.217.194.0-255,1484,118632,9,249810
9035,0.00233,172.217.194.0-255,2902,121534,9,249810
9036,0.002332,172.31.36.0-255,66,121600,9,249810
9037,0.00234,172.217.194.0-255,7156,128756,9,249810
9038,0.002342,172.31.36.0-255,66,128822,9,249810
9039,0.002374,172.31.36.0-255,66,128888,9,249810
9040,0.002389,172.217.194.0-255,1484,130372,9,249810
9041,0.002399,172.31.36.0-255,66,130438,9,249810
9042,0.004771,172.217.194.0-255,5738,136176,9,249810
9043,0.004777,172.31.36.0-255,66,136242,9,249810
9044,0.007173,172.217.194.0-255,5738,141980,9,249810
9045,0.00718,172.31.36.0-255,66,142046,9,249810
9046,0.00956,172.217.194.0-255,5738,147784,9,249810
9047,0.009567,172.31.36.0-255,66,147850,9,249810
9048,0.011948,172.217.194.0-255,5738,153588,9,249810
9049,0.011957,172.31.36.0-255,66,153654,9,249810
9050,0.014324,172.217.194.0-255,5738,159392,9,249810
9051,0.014333,172.31.36.0-255,66,159458,9,249810
9052,0.016719,172.217.194.0-255,5738,165196,9,249810
9053,0.016729,172.31.36.0-255,66,165262,9,249810
9054,0.019127,172.217.194.0-255,5738,171000,9,249810
9055,0.019135,172.31.36.0-255,66,171066,9,249810
9056,0.021524,172.217.194.0-255,5738,176804,9,249810
9057,0.021532,172.31.36.0-255,66,176870,9,249810
9058,0.023912,172.217.194.0-255,5738,182608,9,249810
9059,0.02392,172.31.36.0-255,66,182674,9,249810
9060,0.026303,172.217.194.0-255,5738,188412,9,249810
9061,0.026312,172.31.36.0-255,66,188478,9,249810
9062,0.028678,172.217.194.0-255,5738,194216,9,249810
9063,0.028686,172.31.36.0-255,66,194282,9,249810
9064,0.03106,172.217.194.0-255,5738,200020,9,249810
9065,0.031067,172.31.36.0-255,66,200086,9,249810
9066,0.03342,172.217.194.0-255,5738,205824,9,249810
9067,0.033427,172.31.36.0-255,66,205890,9,249810
9068,0.03401,172.31.36.0-255,172,206062,9,249810
9069,0.034043,172.31.36.0-255,1116,207178,9,249810
9070,0.034106,172.31.36.0-255,1514,208692,9,249810
9071,0.034108,172.31.36.0-255,1514,210206,9,249810
9072,0.03411,172.31.36.0-255,1514,211720,9,249810
9073,0.034111,172.31.36.0-255,1514,213234,9,249810
9074,0.034142,172.31.36.0-255,1488,214722,9,249810
9075,0.035542,104.244.42.0-255,66,214788,9,249810
9076,0.035592,104.244.42.0-255,66,214854,9,249810
9077,0.035638,104.244.42.0-255,66,214920,9,249810
9078,0.03574,104.244.42.0-255,66,214986,9,249810
9079,0.035818,172.217.194.0-255,5738,220724,9,249810
9080,0.035824,172.31.36.0-255,66,220790,9,249810
9081,0.038197,172.217.194.0-255,5738,226528,9,249810
9082,0.038203,172.31.36.0-255,66,226594,9,249810
9083,0.040581,172.217.194.0-255,5738,232332,9,249810
9084,0.040591,172.31.36.0-255,66,232398,9,249810
9085,0.043019,172.217.194.0-255,5738,238136,9,249810
9086,0.043028,172.31.36.0-255,66,238202,9,249810
9087,0.045434,172.217.194.0-255,5738,243940,9,249810
9088,0.045441,172.31.36.0-255,66,244006,9,249810
9089,0.047814,172.217.194.0-255,5738,249744,9,249810
9090,0.047821,172.31.36.0-255,66,249810,9,249810
9091,0.0,74.125.24.0-255,145,145,9,312595
9092,1.5e-05,172.31.36.0-255,66,211,9,312595
9093,2.1e-05,74.125.24.0-255,1484,1695,9,312595
9094,2.6e-05,172.31.36.0-255,66,1761,9,312595
9095,3.2e-05,74.125.24.0-255,2902,4663,9,312595
9096,4.4e-05,172.31.36.0-255,66,4729,9,312595
9097,4.9e-05,74.125.24.0-255,2902,7631,9,312595
9098,5.1e-05,172.31.36.0-255,66,7697,9,312595
9099,5.9e-05,74.125.24.0-255,5738,13435,9,312595
9100,6.2e-05,172.31.36.0-255,66,13501,9,312595
9101,8.4e-05,74.125.24.0-255,2055,15556,9,312595
9102,8.7e-05,172.31.36.0-255,66,15622,9,312595
9103,9.4e-05,74.125.24.0-255,5738,21360,9,312595
9104,9.6e-05,172.31.36.0-255,66,21426,9,312595
9105,0.000132,172.31.36.0-255,66,21492,9,312595
9106,0.00018,74.125.24.0-255,1484,22976,9,312595
9107,0.000182,172.31.36.0-255,66,23042,9,312595
9108,0.000187,74.125.24.0-255,2902,25944,9,312595
9109,0.000189,172.31.36.0-255,66,26010,9,312595
9110,0.0002,74.125.24.0-255,5738,31748,9,312595
9111,0.000203,172.31.36.0-255,66,31814,9,312595
9112,0.00021,74.125.24.0-255,5738,37552,9,312595
9113,0.000212,172.31.36.0-255,66,37618,9,312595
9114,0.000226,172.31.36.0-255,66,37684,9,312595
9115,0.000259,74.125.24.0-255,6438,44122,9,312595
9116,0.000262,172.31.36.0-255,66,44188,9,312595
9117,0.000279,74.125.24.0-255,676,44864,9,312595
9118,0.000281,172.31.36.0-255,66,44930,9,312595
9119,0.000683,74.125.24.0-255,1484,46414,9,312595
9120,0.00069,172.31.36.0-255,66,46480,9,312595
9121,0.000698,74.125.24.0-255,2902,49382,9,312595
9122,0.000711,74.125.24.0-255,5738,55120,9,312595
9123,0.000715,74.125.24.0-255,1484,56604,9,312595
9124,0.000722,172.31.36.0-255,66,56670,9,312595
9125,0.000786,172.31.36.0-255,66,56736,9,312595
9126,0.001064,74.125.24.0-255,1484,58220,9,312595
9127,0.001084,74.125.24.0-255,2902,61122,9,312595
9128,0.001087,172.31.36.0-255,66,61188,9,312595
9129,0.001095,74.125.24.0-255,5738,66926,9,312595
9130,0.001101,74.125.24.0-255,4320,71246,9,312595
9131,0.001123,74.125.24.0-255,4320,75566,9,312595
9132,0.00113,172.31.36.0-255,66,75632,9,312595
9133,0.001154,74.125.24.0-255,2902,78534,9,312595
9134,0.001164,172.31.36.0-255,66,78600,9,312595
9135,0.001238,172.31.36.0-255,66,78666,9,312595
9136,0.001241,74.125.24.0-255,1484,80150,9,312595
9137,0.001267,74.125.24.0-255,6438,86588,9,312595
9138,0.001284,172.31.36.0-255,66,86654,9,312595
9139,0.001496,74.125.24.0-255,1484,88138,9,312595
9140,0.001501,74.125.24.0-255,1484,89622,9,312595
9141,0.001515,74.125.24.0-255,1484,91106,9,312595
9142,0.001521,74.125.24.0-255,4320,95426,9,312595
9143,0.001528,172.31.36.0-255,66,95492,9,312595
9144,0.001536,74.125.24.0-255,1484,96976,9,312595
9145,0.001554,74.125.24.0-255,7156,104132,9,312595
9146,0.00157,74.125.24.0-255,5738,109870,9,312595
9147,0.001587,172.31.36.0-255,66,109936,9,312595
9148,0.001628,172.31.36.0-255,66,110002,9,312595
9149,0.001678,74.125.24.0-255,1484,111486,9,312595
9150,0.001681,74.125.24.0-255,1484,112970,9,312595
9151,0.001692,74.125.24.0-255,1484,114454,9,312595
9152,0.001708,74.125.24.0-255,5738,120192,9,312595
9153,0.001758,74.125.24.0-255,7156,127348,9,312595
9154,0.001767,172.31.36.0-255,66,127414,9,312595
9155,0.001783,74.125.24.0-255,5738,133152,9,312595
9156,0.001799,172.31.36.0-255,66,133218,9,312595
9157,0.001806,74.125.24.0-255,1484,134702,9,312595
9158,0.001834,74.125.24.0-255,2902,137604,9,312595
9159,0.00184,74.125.24.0-255,5738,143342,9,312595
9160,0.001848,172.31.36.0-255,66,143408,9,312595
9161,0.001883,74.125.24.0-255,5738,149146,9,312595
9162,0.001908,172.31.36.0-255,66,149212,9,312595
9163,0.00192,74.125.24.0-255,5020,154232,9,312595
9164,0.001948,172.31.36.0-255,66,154298,9,312595
9165,0.001974,74.125.24.0-255,1484,155782,9,312595
9166,0.001979,74.125.24.0-255,2902,158684,9,312595
9167,0.001981,74.125.24.0-255,1484,160168,9,312595
9168,0.002004,74.125.24.0-255,4320,164488,9,312595
9169,0.00201,74.125.24.0-255,5738,170226,9,312595
9170,0.002018,172.31.36.0-255,66,170292,9,312595
9171,0.002031,74.125.24.0-255,7156,177448,9,312595
9172,0.002051,74.125.24.0-255,7156,184604,9,312595
9173,0.002055,74.125.24.0-255,3602,188206,9,312595
9174,0.002079,172.31.36.0-255,66,188272,9,312595
9175,0.0041,74.125.24.0-255,5738,194010,9,312595
9176,0.004107,172.31.36.0-255,66,194076,9,312595
9177,0.00623,74.125.24.0-255,5738,199814,9,312595
9178,0.008485,172.31.36.0-255,66,199880,9,312595
9179,0.010529,74.125.24.0-255,5738,205618,9,312595
9180,0.010536,172.31.36.0-255,66,205684,9,312595
9181,0.01257,74.125.24.0-255,5738,211422,9,312595
9182,0.012581,172.31.36.0-255,66,211488,9,312595
9183,0.014618,74.125.24.0-255,5738,217226,9,312595
9184,0.014627,172.31.36.0-255,66,217292,9,312595
9185,0.016657,74.125.24.0-255,5738,223030,9,312595
9186,0.016665,172.31.36.0-255,66,223096,9,312595
9187,0.018686,74.125.24.0-255,5738,228834,9,312595
9188,0.018693,172.31.36.0-255,66,228900,9,312595
9189,0.020722,74.125.24.0-255,5738,234638,9,312595
9190,0.020729,172.31.36.0-255,66,234704,9,312595
9191,0.022782,74.125.24.0-255,5738,240442,9,312595
9192,0.02279,172.31.36.0-255,66,240508,9,312595
9193,0.024799,74.125.24.0-255,5738,246246,9,312595
9194,0.024808,172.31.36.0-255,66,246312,9,312595
9195,0.026886,74.125.24.0-255,5738,252050,9,312595
9196,0.026893,172.31.36.0-255,66,252116,9,312595
9197,0.028944,74.125.24.0-255,5738,257854,9,312595
9198,0.028952,172.31.36.0-255,66,257920,9,312595
9199,0.031002,74.125.24.0-255,5738,263658,9,312595
9200,0.031009,172.31.36.0-255,66,263724,9,312595
9201,0.033045,74.125.24.0-255,5738,269462,9,312595
9202,0.033052,172.31.36.0-255,66,269528,9,312595
9203,0.035116,74.125.24.0-255,5738,275266,9,312595
9204,0.035126,172.31.36.0-255,66,275332,9,312595
9205,0.035701,172.31.36.0-255,172,275504,9,312595
9206,0.035729,172.31.36.0-255,1117,276621,9,312595
9207,0.035802,172.31.36.0-255,1514,278135,9,312595
9208,0.035804,172.31.36.0-255,1514,279649,9,312595
9209,0.035805,172.31.36.0-255,1514,281163,9,312595
9210,0.035811,172.31.36.0-255,1514,282677,9,312595
9211,0.035812,172.31.36.0-255,1485,284162,9,312595
9212,0.037143,74.125.24.0-255,5738,289900,9,312595
9213,0.03715,172.31.36.0-255,66,289966,9,312595
9214,0.037254,104.244.42.0-255,66,290032,9,312595
9215,0.037309,104.244.42.0-255,66,290098,9,312595
9216,0.037431,104.244.42.0-255,66,290164,9,312595
9217,0.039236,74.125.24.0-255,5738,295902,9,312595
9218,0.039243,172.31.36.0-255,66,295968,9,312595
9219,0.041288,74.125.24.0-255,5738,301706,9,312595
9220,0.041294,172.31.36.0-255,66,301772,9,312595
9221,0.043335,74.125.24.0-255,5738,307510,9,312595
9222,0.043342,172.31.36.0-255,66,307576,9,312595
9223,0.045384,74.125.24.0-255,4782,312358,9,312595
9224,0.045394,172.31.36.0-255,66,312424,9,312595
9225,0.045576,172.31.36.0-255,105,312529,9,312595
9226,0.047599,74.125.24.0-255,66,312595,9,312595
9227,0.0,74.125.24.0-255,153,153,9,212248
9228,1.5e-05,172.31.36.0-255,66,219,9,212248
9229,2.2e-05,74.125.24.0-255,1484,1703,9,212248
9230,2.7e-05,172.31.36.0-255,66,1769,9,212248
9231,4e-05,74.125.24.0-255,2902,4671,9,212248
9232,4.3e-05,172.31.36.0-255,66,4737,9,212248
9233,4.8e-05,74.125.24.0-255,2902,7639,9,212248
9234,5.1e-05,172.31.36.0-255,66,7705,9,212248
9235,8.6e-05,74.125.24.0-255,4320,12025,9,212248
9236,8.9e-05,172.31.36.0-255,66,12091,9,212248
9237,9.2e-05,74.125.24.0-255,1484,13575,9,212248
9238,9.4e-05,172.31.36.0-255,66,13641,9,212248
9239,9.7e-05,74.125.24.0-255,601,14242,9,212248
9240,0.0001,172.31.36.0-255,66,14308,9,212248
9241,0.00032,74.125.24.0-255,1484,15792,9,212248
9242,0.000325,172.31.36.0-255,66,15858,9,212248
9243,0.000332,74.125.24.0-255,2902,18760,9,212248
9244,0.000334,172.31.36.0-255,66,18826,9,212248
9245,0.00034,74.125.24.0-255,4320,23146,9,212248
9246,0.000347,172.31.36.0-255,66,23212,9,212248
9247,0.00038,74.125.24.0-255,1484,24696,9,212248
9248,0.000382,172.31.36.0-255,66,24762,9,212248
9249,0.000394,74.125.24.0-255,6797,31559,9,212248
9250,0.000397,172.31.36.0-255,66,31625,9,212248
9251,0.000404,74.125.24.0-255,7156,38781,9,212248
9252,0.000407,172.31.36.0-255,66,38847,9,212248
9253,0.000421,172.31.36.0-255,66,38913,9,212248
9254,0.000457,74.125.24.0-255,4320,43233,9,212248
9255,0.00046,172.31.36.0-255,66,43299,9,212248
9256,0.000467,74.125.24.0-255,5738,49037,9,212248
9257,0.00047,172.31.36.0-255,66,49103,9,212248
9258,0.000482,74.125.24.0-255,5400,54503,9,212248
9259,0.000484,172.31.36.0-255,66,54569,9,212248
9260,0.000512,74.125.24.0-255,329,54898,9,212248
9261,0.000756,74.125.24.0-255,1484,56382,9,212248
9262,0.000761,172.31.36.0-255,66,56448,9,212248
9263,0.000767,74.125.24.0-255,2902,59350,9,212248
9264,0.000769,172.31.36.0-255,66,59416,9,212248
9265,0.000793,74.125.24.0-255,4320,63736,9,212248
9266,0.000795,172.31.36.0-255,66,63802,9,212248
9267,0.00081,172.31.36.0-255,66,63868,9,212248
9268,0.00085,172.31.36.0-255,66,63934,9,212248
9269,0.000879,74.125.24.0-255,5020,68954,9,212248
9270,0.000881,172.31.36.0-255,66,69020,9,212248
9271,0.001331,74.125.24.0-255,1484,70504,9,212248
9272,0.001339,74.125.24.0-255,2902,73406,9,212248
9273,0.001342,172.31.36.0-255,66,73472,9,212248
9274,0.001346,74.125.24.0-255,1484,74956,9,212248
9275,0.001375,74.125.24.0-255,4320,79276,9,212248
9276,0.001377,172.31.36.0-255,66,79342,9,212248
9277,0.001392,172.31.36.0-255,66,79408,9,212248
9278,0.001403,74.125.24.0-255,7156,86564,9,212248
9279,0.001405,172.31.36.0-255,66,86630,9,212248
9280,0.001436,74.125.24.0-255,3602,90232,9,212248
9281,0.001438,172.31.36.0-255,66,90298,9,212248
9282,0.003651,74.125.24.0-255,1484,91782,9,212248
9283,0.003714,74.125.24.0-255,4320,96102,9,212248
9284,0.003719,172.31.36.0-255,66,96168,9,212248
9285,0.005978,74.125.24.0-255,5738,101906,9,212248
9286,0.005984,172.31.36.0-255,66,101972,9,212248
9287,0.008262,74.125.24.0-255,5738,107710,9,212248
9288,0.008269,172.31.36.0-255,66,107776,9,212248
9289,0.010518,74.125.24.0-255,5738,113514,9,212248
9290,0.010526,172.31.36.0-255,66,113580,9,212248
9291,0.012789,74.125.24.0-255,5738,119318,9,212248
9292,0.012797,172.31.36.0-255,66,119384,9,212248
9293,0.015045,74.125.24.0-255,5738,125122,9,212248
9294,0.015053,172.31.36.0-255,66,125188,9,212248
9295,0.017335,74.125.24.0-255,5738,130926,9,212248
9296,0.017343,172.31.36.0-255,66,130992,9,212248
9297,0.019608,74.125.24.0-255,5738,136730,9,212248
9298,0.019616,172.31.36.0-255,66,136796,9,212248
9299,0.021912,74.125.24.0-255,5738,142534,9,212248
9300,0.021921,172.31.36.0-255,66,142600,9,212248
9301,0.024215,74.125.24.0-255,5738,148338,9,212248
9302,0.024223,172.31.36.0-255,66,148404,9,212248
9303,0.026493,74.125.24.0-255,5738,154142,9,212248
9304,0.026501,172.31.36.0-255,66,154208,9,212248
9305,0.028763,74.125.24.0-255,5738,159946,9,212248
9306,0.028769,172.31.36.0-255,66,160012,9,212248
9307,0.031029,74.125.24.0-255,5738,165750,9,212248
9308,0.031037,172.31.36.0-255,66,165816,9,212248
9309,0.033303,74.125.24.0-255,5738,171554,9,212248
9310,0.03331,172.31.36.0-255,66,171620,9,212248
9311,0.035603,74.125.24.0-255,5738,177358,9,212248
9312,0.035611,172.31.36.0-255,66,177424,9,212248
9313,0.037889,74.125.24.0-255,5738,183162,9,212248
9314,0.037897,172.31.36.0-255,66,183228,9,212248
9315,0.040223,74.125.24.0-255,5738,188966,9,212248
9316,0.04023,172.31.36.0-255,66,189032,9,212248
9317,0.042491,74.125.24.0-255,5738,194770,9,212248
9318,0.042499,172.31.36.0-255,66,194836,9,212248
9319,0.044765,74.125.24.0-255,5738,200574,9,212248
9320,0.044778,172.31.36.0-255,66,200640,9,212248
9321,0.04704,74.125.24.0-255,5738,206378,9,212248
9322,0.047048,172.31.36.0-255,66,206444,9,212248
9323,0.049311,74.125.24.0-255,5738,212182,9,212248
9324,0.049319,172.31.36.0-255,66,212248,9,212248
9325,0.0,172.217.194.0-255,143,143,9,156776
9326,1.6e-05,172.31.36.0-255,66,209,9,156776
9327,2.3e-05,172.217.194.0-255,1484,1693,9,156776
9328,2.7e-05,172.31.36.0-255,66,1759,9,156776
9329,3.3e-05,172.217.194.0-255,2902,4661,9,156776
9330,3.5e-05,172.31.36.0-255,66,4727,9,156776
9331,5.2e-05,172.217.194.0-255,7156,11883,9,156776
9332,5.6e-05,172.31.36.0-255,66,11949,9,156776
9333,6.1e-05,172.217.194.0-255,3523,15472,9,156776
9334,6.5e-05,172.31.36.0-255,66,15538,9,156776
9335,8.2e-05,172.31.36.0-255,66,15604,9,156776
9336,8.7e-05,172.217.194.0-255,2543,18147,9,156776
9337,9e-05,172.31.36.0-255,66,18213,9,156776
9338,0.000358,172.217.194.0-255,1484,19697,9,156776
9339,0.000365,172.31.36.0-255,66,19763,9,156776
9340,0.000371,172.217.194.0-255,2902,22665,9,156776
9341,0.000374,172.31.36.0-255,66,22731,9,156776
9342,0.000386,172.217.194.0-255,5738,28469,9,156776
9343,0.000389,172.31.36.0-255,66,28535,9,156776
9344,0.000392,172.217.194.0-255,1484,30019,9,156776
9345,0.000395,172.31.36.0-255,66,30085,9,156776
9346,0.000443,172.31.36.0-255,66,30151,9,156776
9347,0.00046,172.31.36.0-255,66,30217,9,156776
9348,0.000464,172.217.194.0-255,2184,32401,9,156776
9349,0.000466,172.31.36.0-255,66,32467,9,156776
9350,0.000634,172.217.194.0-255,338,32805,9,156776
9351,0.000638,172.31.36.0-255,66,32871,9,156776
9352,0.000681,172.217.194.0-255,119,32990,9,156776
9353,0.000684,172.31.36.0-255,66,33056,9,156776
9354,0.001136,172.217.194.0-255,1484,34540,9,156776
9355,0.001144,172.217.194.0-255,2902,37442,9,156776
9356,0.001148,172.31.36.0-255,66,37508,9,156776
9357,0.001183,172.217.194.0-255,5738,43246,9,156776
9358,0.001185,172.31.36.0-255,66,43312,9,156776
9359,0.001192,172.217.194.0-255,4320,47632,9,156776
9360,0.001194,172.31.36.0-255,66,47698,9,156776
9361,0.00123,172.31.36.0-255,66,47764,9,156776
9362,0.001248,172.31.36.0-255,66,47830,9,156776
9363,0.00141,172.217.194.0-255,1484,49314,9,156776
9364,0.001416,172.217.194.0-255,2902,52216,9,156776
9365,0.001419,172.31.36.0-255,66,52282,9,156776
9366,0.001446,172.217.194.0-255,5738,58020,9,156776
9367,0.001448,172.31.36.0-255,66,58086,9,156776
9368,0.001454,172.217.194.0-255,4320,62406,9,156776
9369,0.001456,172.31.36.0-255,66,62472,9,156776
9370,0.001502,172.31.36.0-255,66,62538,9,156776
9371,0.001514,172.31.36.0-255,66,62604,9,156776
9372,0.001531,172.31.36.0-255,66,62670,9,156776
9373,0.001624,172.31.36.0-255,66,62736,9,156776
9374,0.001632,172.31.36.0-255,66,62802,9,156776
9375,0.001662,172.31.36.0-255,66,62868,9,156776
9376,0.001669,172.217.194.0-255,6438,69306,9,156776
9377,0.001671,172.31.36.0-255,66,69372,9,156776
9378,0.001679,172.217.194.0-255,7156,76528,9,156776
9379,0.001682,172.31.36.0-255,66,76594,9,156776
9380,0.001686,172.217.194.0-255,1484,78078,9,156776
9381,0.001738,172.31.36.0-255,66,78144,9,156776
9382,0.001749,172.31.36.0-255,66,78210,9,156776
9383,0.001781,172.31.36.0-255,66,78276,9,156776
9384,0.001786,172.217.194.0-255,2902,81178,9,156776
9385,0.001789,172.31.36.0-255,66,81244,9,156776
9386,0.001809,172.217.194.0-255,7156,88400,9,156776
9387,0.001811,172.31.36.0-255,66,88466,9,156776
9388,0.001856,172.31.36.0-255,66,88532,9,156776
9389,0.001884,172.31.36.0-255,66,88598,9,156776
9390,0.002116,172.217.194.0-255,1484,90082,9,156776
9391,0.002121,172.217.194.0-255,1484,91566,9,156776
9392,0.002124,172.31.36.0-255,66,91632,9,156776
9393,0.002151,172.217.194.0-255,1484,93116,9,156776
9394,0.002159,172.217.194.0-255,5738,98854,9,156776
9395,0.002161,172.31.36.0-255,66,98920,9,156776
9396,0.002167,172.217.194.0-255,4320,103240,9,156776
9397,0.002169,172.31.36.0-255,66,103306,9,156776
9398,0.002208,172.31.36.0-255,66,103372,9,156776
9399,0.002211,172.217.194.0-255,1484,104856,9,156776
9400,0.002243,172.217.194.0-255,6438,111294,9,156776
9401,0.002247,172.31.36.0-255,66,111360,9,156776
9402,0.00225,172.217.194.0-255,382,111742,9,156776
9403,0.002281,172.217.194.0-255,1484,113226,9,156776
9404,0.002284,172.31.36.0-255,66,113292,9,156776
9405,0.002303,172.217.194.0-255,4320,117612,9,156776
9406,0.002306,172.31.36.0-255,66,117678,9,156776
9407,0.002336,172.31.36.0-255,66,117744,9,156776
9408,0.002349,172.217.194.0-255,1484,119228,9,156776
9409,0.002375,172.31.36.0-255,66,119294,9,156776
9410,0.002406,172.217.194.0-255,4320,123614,9,156776
9411,0.002409,172.31.36.0-255,66,123680,9,156776
9412,0.002413,172.217.194.0-255,2184,125864,9,156776
9413,0.002415,172.31.36.0-255,66,125930,9,156776
9414,0.002441,172.217.194.0-255,1484,127414,9,156776
9415,0.002454,172.217.194.0-255,2902,130316,9,156776
9416,0.002458,172.31.36.0-255,66,130382,9,156776
9417,0.002483,172.217.194.0-255,4320,134702,9,156776
9418,0.002486,172.31.36.0-255,66,134768,9,156776
9419,0.00251,172.217.194.0-255,1484,136252,9,156776
9420,0.002553,172.217.194.0-255,7156,143408,9,156776
9421,0.002556,172.31.36.0-255,66,143474,9,156776
9422,0.00259,172.217.194.0-255,5738,149212,9,156776
9423,0.002593,172.31.36.0-255,66,149278,9,156776
9424,0.002607,172.31.36.0-255,66,149344,9,156776
9425,0.002627,172.31.36.0-255,66,149410,9,156776
9426,0.002644,172.31.36.0-255,66,149476,9,156776
9427,0.002661,172.31.36.0-255,66,149542,9,156776
9428,0.00269,172.217.194.0-255,2548,152090,9,156776
9429,0.002692,172.31.36.0-255,66,152156,9,156776
9430,0.005315,172.217.194.0-255,105,152261,9,156776
9431,0.010048,172.31.36.0-255,66,152327,9,156776
9432,0.010099,172.31.36.0-255,105,152432,9,156776
9433,0.01275,172.217.194.0-255,66,152498,9,156776
9434,0.034816,172.31.36.0-255,167,152665,9,156776
9435,0.034849,172.31.36.0-255,1116,153781,9,156776
9436,0.034908,172.31.36.0-255,1514,155295,9,156776
9437,0.03491,172.31.36.0-255,1283,156578,9,156776
9438,0.03642,104.244.42.0-255,66,156644,9,156776
9439,0.036431,104.244.42.0-255,66,156710,9,156776
9440,0.036494,104.244.42.0-255,66,156776,9,156776
9441,0.0,172.217.194.0-255,153,153,9,244862
9442,3.4e-05,172.31.36.0-255,66,219,9,244862
9443,4.2e-05,172.217.194.0-255,1484,1703,9,244862
9444,4.7e-05,172.31.36.0-255,66,1769,9,244862
9445,5.1e-05,172.217.194.0-255,2902,4671,9,244862
9446,5.4e-05,172.31.36.0-255,66,4737,9,244862
9447,5.8e-05,172.217.194.0-255,2902,7639,9,244862
9448,6.2e-05,172.31.36.0-255,66,7705,9,244862
9449,6.7e-05,172.217.194.0-255,4320,12025,9,244862
9450,6.9e-05,172.31.36.0-255,66,12091,9,244862
9451,8.9e-05,172.217.194.0-255,4320,16411,9,244862
9452,9.4e-05,172.31.36.0-255,66,16477,9,244862
9453,0.000104,172.217.194.0-255,4765,21242,9,244862
9454,0.000108,172.31.36.0-255,66,21308,9,244862
9455,0.00012,172.31.36.0-255,66,21374,9,244862
9456,0.000142,172.217.194.0-255,1125,22499,9,244862
9457,0.000145,172.31.36.0-255,66,22565,9,244862
9458,0.00015,172.217.194.0-255,1484,24049,9,244862
9459,0.000151,172.31.36.0-255,66,24115,9,244862
9460,0.000169,172.217.194.0-255,2902,27017,9,244862
9461,0.000171,172.31.36.0-255,66,27083,9,244862
9462,0.000197,172.217.194.0-255,1484,28567,9,244862
9463,0.000199,172.31.36.0-255,66,28633,9,244862
9464,0.000211,172.31.36.0-255,66,28699,9,244862
9465,0.000213,172.217.194.0-255,1125,29824,9,244862
9466,0.000215,172.31.36.0-255,66,29890,9,244862
9467,0.000345,172.217.194.0-255,1484,31374,9,244862
9468,0.000349,172.31.36.0-255,66,31440,9,244862
9469,0.000355,172.217.194.0-255,2902,34342,9,244862
9470,0.000358,172.31.36.0-255,66,34408,9,244862
9471,0.000364,172.217.194.0-255,5738,40146,9,244862
9472,0.000366,172.31.36.0-255,66,40212,9,244862
9473,0.00037,172.217.194.0-255,2902,43114,9,244862
9474,0.000373,172.31.36.0-255,66,43180,9,244862
9475,0.000401,172.217.194.0-255,4274,47454,9,244862
9476,0.000405,172.31.36.0-255,66,47520,9,244862
9477,0.000561,172.217.194.0-255,364,47884,9,244862
9478,0.000685,172.217.194.0-255,1484,49368,9,244862
9479,0.000689,172.31.36.0-255,66,49434,9,244862
9480,0.000694,172.217.194.0-255,2902,52336,9,244862
9481,0.000696,172.31.36.0-255,66,52402,9,244862
9482,0.0007,172.217.194.0-255,1484,53886,9,244862
9483,0.000722,172.217.194.0-255,4320,58206,9,244862
9484,0.000724,172.31.36.0-255,66,58272,9,244862
9485,0.000732,172.217.194.0-255,6797,65069,9,244862
9486,0.000734,172.31.36.0-255,66,65135,9,244862
9487,0.000776,172.217.194.0-255,4320,69455,9,244862
9488,0.00078,172.31.36.0-255,66,69521,9,244862
9489,0.000807,172.31.36.0-255,66,69587,9,244862
9490,0.000824,172.217.194.0-255,2543,72130,9,244862
9491,0.000827,172.31.36.0-255,66,72196,9,244862
9492,0.001603,172.217.194.0-255,1484,73680,9,244862
9493,0.001613,172.217.194.0-255,2902,76582,9,244862
9494,0.001618,172.31.36.0-255,66,76648,9,244862
9495,0.001626,172.217.194.0-255,5738,82386,9,244862
9496,0.001628,172.31.36.0-255,66,82452,9,244862
9497,0.001634,172.217.194.0-255,4320,86772,9,244862
9498,0.001636,172.31.36.0-255,66,86838,9,244862
9499,0.001657,172.217.194.0-255,4320,91158,9,244862
9500,0.00166,172.31.36.0-255,66,91224,9,244862
9501,0.001683,172.217.194.0-255,4320,95544,9,244862
9502,0.001686,172.31.36.0-255,66,95610,9,244862
9503,0.001714,172.31.36.0-255,66,95676,9,244862
9504,0.001719,172.217.194.0-255,2902,98578,9,244862
9505,0.001721,172.31.36.0-255,66,98644,9,244862
9506,0.001746,172.31.36.0-255,66,98710,9,244862
9507,0.001794,172.217.194.0-255,5738,104448,9,244862
9508,0.001797,172.31.36.0-255,66,104514,9,244862
9509,0.001818,172.217.194.0-255,7156,111670,9,244862
9510,0.001821,172.31.36.0-255,66,111736,9,244862
9511,0.001827,172.217.194.0-255,5020,116756,9,244862
9512,0.001831,172.31.36.0-255,66,116822,9,244862
9513,0.001967,172.217.194.0-255,1484,118306,9,244862
9514,0.001973,172.217.194.0-255,2902,121208,9,244862
9515,0.001976,172.31.36.0-255,66,121274,9,244862
9516,0.001979,172.217.194.0-255,1484,122758,9,244862
9517,0.001997,172.217.194.0-255,4320,127078,9,244862
9518,0.002,172.31.36.0-255,66,127144,9,244862
9519,0.002003,172.217.194.0-255,1484,128628,9,244862
9520,0.002032,172.31.36.0-255,66,128694,9,244862
9521,0.002059,172.31.36.0-255,66,128760,9,244862
9522,0.004337,172.217.194.0-255,5738,134498,9,244862
9523,0.004349,172.31.36.0-255,66,134564,9,244862
9524,0.006632,172.217.194.0-255,5738,140302,9,244862
9525,0.006638,172.31.36.0-255,66,140368,9,244862
9526,0.008947,172.217.194.0-255,5738,146106,9,244862
9527,0.008953,172.31.36.0-255,66,146172,9,244862
9528,0.011259,172.217.194.0-255,4320,150492,9,244862
9529,0.011269,172.31.36.0-255,66,150558,9,244862
9530,0.011291,172.217.194.0-255,1484,152042,9,244862
9531,0.013544,172.217.194.0-255,4320,156362,9,244862
9532,0.013551,172.31.36.0-255,66,156428,9,244862
9533,0.015864,172.217.194.0-255,5738,162166,9,244862
9534,0.015874,172.31.36.0-255,66,162232,9,244862
9535,0.018154,172.217.194.0-255,5738,167970,9,244862
9536,0.018163,172.31.36.0-255,66,168036,9,244862
9537,0.020465,172.217.194.0-255,5738,173774,9,244862
9538,0.020473,172.31.36.0-255,66,173840,9,244862
9539,0.022787,172.217.194.0-255,5738,179578,9,244862
9540,0.022794,172.31.36.0-255,66,179644,9,244862
9541,0.025114,172.217.194.0-255,5738,185382,9,244862
9542,0.025137,172.31.36.0-255,66,185448,9,244862
9543,0.027451,172.217.194.0-255,5738,191186,9,244862
9544,0.02747,172.31.36.0-255,66,191252,9,244862
9545,0.029768,172.217.194.0-255,5738,196990,9,244862
9546,0.029787,172.31.36.0-255,66,197056,9,244862
9547,0.032085,172.217.194.0-255,5738,202794,9,244862
9548,0.032094,172.31.36.0-255,66,202860,9,244862
9549,0.034407,172.217.194.0-255,5738,208598,9,244862
9550,0.034423,172.31.36.0-255,66,208664,9,244862
9551,0.036731,172.217.194.0-255,5738,214402,9,244862
9552,0.036736,172.31.36.0-255,66,214468,9,244862
9553,0.039038,172.217.194.0-255,5738,220206,9,244862
9554,0.039047,172.31.36.0-255,66,220272,9,244862
9555,0.04135,172.217.194.0-255,5738,226010,9,244862
9556,0.041358,172.31.36.0-255,66,226076,9,244862
9557,0.043668,172.217.194.0-255,5738,231814,9,244862
9558,0.043677,172.31.36.0-255,66,231880,9,244862
9559,0.045606,172.31.36.0-255,172,232052,9,244862
9560,0.045637,172.31.36.0-255,1070,233122,9,244862
9561,0.045966,172.217.194.0-255,5738,238860,9,244862
9562,0.045973,172.31.36.0-255,66,238926,9,244862
9563,0.047151,104.244.42.0-255,66,238992,9,244862
9564,0.047193,104.244.42.0-255,66,239058,9,244862
9565,0.048278,172.217.194.0-255,5738,244796,9,244862
9566,0.048286,172.31.36.0-255,66,244862,9,244862
9567,0.0,74.125.24.0-255,153,153,9,300658
9568,2.6e-05,172.31.36.0-255,66,219,9,300658
9569,3.3e-05,74.125.24.0-255,1484,1703,9,300658
9570,3.7e-05,172.31.36.0-255,66,1769,9,300658
9571,4.3e-05,74.125.24.0-255,2902,4671,9,300658
9572,4.5e-05,172.31.36.0-255,66,4737,9,300658
9573,5.3e-05,74.125.24.0-255,7156,11893,9,300658
9574,5.6e-05,172.31.36.0-255,66,11959,9,300658
9575,6e-05,74.125.24.0-255,2103,14062,9,300658
9576,6.2e-05,172.31.36.0-255,66,14128,9,300658
9577,8.1e-05,74.125.24.0-255,2902,17030,9,300658
9578,8.4e-05,172.31.36.0-255,66,17096,9,300658
9579,0.000108,74.125.24.0-255,7156,24252,9,300658
9580,0.000111,172.31.36.0-255,66,24318,9,300658
9581,0.000117,74.125.24.0-255,6797,31115,9,300658
9582,0.00012,172.31.36.0-255,66,31181,9,300658
9583,0.000222,74.125.24.0-255,1484,32665,9,300658
9584,0.000226,172.31.36.0-255,66,32731,9,300658
9585,0.000232,74.125.24.0-255,2902,35633,9,300658
9586,0.000234,172.31.36.0-255,66,35699,9,300658
9587,0.000259,74.125.24.0-255,5738,41437,9,300658
9588,0.000263,172.31.36.0-255,66,41503,9,300658
9589,0.000268,74.125.24.0-255,5738,47241,9,300658
9590,0.000271,172.31.36.0-255,66,47307,9,300658
9591,0.000313,172.31.36.0-255,66,47373,9,300658
9592,0.000333,74.125.24.0-255,5379,52752,9,300658
9593,0.000336,172.31.36.0-255,66,52818,9,300658
9594,0.000341,74.125.24.0-255,4230,57048,9,300658
9595,0.000343,74.125.24.0-255,136,57184,9,300658
9596,0.000345,172.31.36.0-255,66,57250,9,300658
9597,0.000349,172.31.36.0-255,66,57316,9,300658
9598,0.000437,74.125.24.0-255,1484,58800,9,300658
9599,0.000443,74.125.24.0-255,2902,61702,9,300658
9600,0.000447,172.31.36.0-255,66,61768,9,300658
9601,0.000456,74.125.24.0-255,5738,67506,9,300658
9602,0.000459,172.31.36.0-255,66,67572,9,300658
9603,0.000462,74.125.24.0-255,1484,69056,9,300658
9604,0.000479,74.125.24.0-255,4320,73376,9,300658
9605,0.000484,172.31.36.0-255,66,73442,9,300658
9606,0.000509,74.125.24.0-255,826,74268,9,300658
9607,0.000526,74.125.24.0-255,1484,75752,9,300658
9608,0.00053,172.31.36.0-255,66,75818,9,300658
9609,0.000539,74.125.24.0-255,1484,77302,9,300658
9610,0.000564,74.125.24.0-255,2902,80204,9,300658
9611,0.000567,172.31.36.0-255,66,80270,9,300658
9612,0.000579,172.31.36.0-255,66,80336,9,300658
9613,0.000593,172.31.36.0-255,66,80402,9,300658
9614,0.000637,74.125.24.0-255,5020,85422,9,300658
9615,0.000641,172.31.36.0-255,66,85488,9,300658
9616,0.000806,74.125.24.0-255,1484,86972,9,300658
9617,0.000811,74.125.24.0-255,2902,89874,9,300658
9618,0.000814,172.31.36.0-255,66,89940,9,300658
9619,0.000819,74.125.24.0-255,2902,92842,9,300658
9620,0.000821,172.31.36.0-255,66,92908,9,300658
9621,0.000836,74.125.24.0-255,2902,95810,9,300658
9622,0.00084,172.31.36.0-255,66,95876,9,300658
9623,0.000868,74.125.24.0-255,7156,103032,9,300658
9624,0.000871,172.31.36.0-255,66,103098,9,300658
9625,0.000894,74.125.24.0-255,5738,108836,9,300658
9626,0.000897,172.31.36.0-255,66,108902,9,300658
9627,0.000908,172.31.36.0-255,66,108968,9,300658
9628,0.000911,74.125.24.0-255,1484,110452,9,300658
9629,0.000926,74.125.24.0-255,2902,113354,9,300658
9630,0.000929,172.31.36.0-255,66,113420,9,300658
9631,0.000934,74.125.24.0-255,2902,116322,9,300658
9632,0.000937,172.31.36.0-255,66,116388,9,300658
9633,0.000955,74.125.24.0-255,2902,119290,9,300658
9634,0.000957,172.31.36.0-255,66,119356,9,300658
9635,0.000969,172.31.36.0-255,66,119422,9,300658
9636,0.000995,74.125.24.0-255,4320,123742,9,300658
9637,0.000999,172.31.36.0-255,66,123808,9,300658
9638,0.001011,172.31.36.0-255,66,123874,9,300658
9639,0.00103,74.125.24.0-255,1484,125358,9,300658
9640,0.001045,74.125.24.0-255,5738,131096,9,300658
9641,0.001048,172.31.36.0-255,66,131162,9,300658
9642,0.001055,74.125.24.0-255,5738,136900,9,300658
9643,0.001057,172.31.36.0-255,66,136966,9,300658
9644,0.001087,74.125.24.0-255,2902,139868,9,300658
9645,0.00109,172.31.36.0-255,66,139934,9,300658
9646,0.001107,172.31.36.0-255,66,140000,9,300658
9647,0.001109,74.125.24.0-255,766,140766,9,300658
9648,0.001146,74.125.24.0-255,1484,142250,9,300658
9649,0.00115,172.31.36.0-255,66,142316,9,300658
9650,0.001171,74.125.24.0-255,4320,146636,9,300658
9651,0.001175,172.31.36.0-255,66,146702,9,300658
9652,0.001182,74.125.24.0-255,7156,153858,9,300658
9653,0.001187,172.31.36.0-255,66,153924,9,300658
9654,0.001207,74.125.24.0-255,2902,156826,9,300658
9655,0.00121,172.31.36.0-255,66,156892,9,300658
9656,0.001217,74.125.24.0-255,5738,162630,9,300658
9657,0.001219,172.31.36.0-255,66,162696,9,300658
9658,0.001235,74.125.24.0-255,5738,168434,9,300658
9659,0.001238,172.31.36.0-255,66,168500,9,300658
9660,0.001261,74.125.24.0-255,2902,171402,9,300658
9661,0.001263,172.31.36.0-255,66,171468,9,300658
9662,0.001273,74.125.24.0-255,3602,175070,9,300658
9663,0.001276,172.31.36.0-255,66,175136,9,300658
9664,0.001282,74.125.24.0-255,4320,179456,9,300658
9665,0.001284,172.31.36.0-255,66,179522,9,300658
9666,0.001295,172.31.36.0-255,66,179588,9,300658
9667,0.001307,172.31.36.0-255,66,179654,9,300658
9668,0.001328,74.125.24.0-255,1484,181138,9,300658
9669,0.001358,172.31.36.0-255,66,181204,9,300658
9670,0.001733,74.125.24.0-255,1484,182688,9,300658
9671,0.001738,74.125.24.0-255,1484,184172,9,300658
9672,0.001741,172.31.36.0-255,66,184238,9,300658
9673,0.001755,74.125.24.0-255,1484,185722,9,300658
9674,0.001761,74.125.24.0-255,5738,191460,9,300658
9675,0.001764,172.31.36.0-255,66,191526,9,300658
9676,0.001828,172.31.36.0-255,66,191592,9,300658
9677,0.001839,172.31.36.0-255,66,191658,9,300658
9678,0.001842,74.125.24.0-255,766,192424,9,300658
9679,0.002179,74.125.24.0-255,1484,193908,9,300658
9680,0.002184,172.31.36.0-255,66,193974,9,300658
9681,0.002189,74.125.24.0-255,2902,196876,9,300658
9682,0.002192,172.31.36.0-255,66,196942,9,300658
9683,0.002212,74.125.24.0-255,1484,198426,9,300658
9684,0.002217,74.125.24.0-255,2902,201328,9,300658
9685,0.002221,172.31.36.0-255,66,201394,9,300658
9686,0.002231,74.125.24.0-255,2902,204296,9,300658
9687,0.002233,172.31.36.0-255,66,204362,9,300658
9688,0.004419,74.125.24.0-255,5738,210100,9,300658
9689,0.004425,172.31.36.0-255,66,210166,9,300658
9690,0.006629,74.125.24.0-255,5738,215904,9,300658
9691,0.006636,172.31.36.0-255,66,215970,9,300658
9692,0.008832,74.125.24.0-255,5738,221708,9,300658
9693,0.008838,172.31.36.0-255,66,221774,9,300658
9694,0.01105,74.125.24.0-255,5738,227512,9,300658
9695,0.011056,172.31.36.0-255,66,227578,9,300658
9696,0.013257,74.125.24.0-255,5738,233316,9,300658
9697,0.013265,172.31.36.0-255,66,233382,9,300658
9698,0.015458,74.125.24.0-255,5738,239120,9,300658
9699,0.015466,172.31.36.0-255,66,239186,9,300658
9700,0.017684,74.125.24.0-255,5738,244924,9,300658
9701,0.017696,172.31.36.0-255,66,244990,9,300658
9702,0.019881,74.125.24.0-255,5738,250728,9,300658
9703,0.019889,172.31.36.0-255,66,250794,9,300658
9704,0.022103,74.125.24.0-255,5738,256532,9,300658
9705,0.02211,172.31.36.0-255,66,256598,9,300658
9706,0.024306,74.125.24.0-255,5738,262336,9,300658
9707,0.024313,172.31.36.0-255,66,262402,9,300658
9708,0.026538,74.125.24.0-255,5738,268140,9,300658
9709,0.026546,172.31.36.0-255,66,268206,9,300658
9710,0.028759,74.125.24.0-255,5738,273944,9,300658
9711,0.028768,172.31.36.0-255,66,274010,9,300658
9712,0.030974,74.125.24.0-255,5738,279748,9,300658
9713,0.030981,172.31.36.0-255,66,279814,9,300658
9714,0.033189,74.125.24.0-255,5738,285552,9,300658
9715,0.033196,172.31.36.0-255,66,285618,9,300658
9716,0.035394,74.125.24.0-255,5738,291356,9,300658
9717,0.035402,172.31.36.0-255,66,291422,9,300658
9718,0.037597,74.125.24.0-255,2625,294047,9,300658
9719,0.037603,172.31.36.0-255,66,294113,9,300658
9720,0.038099,172.31.36.0-255,105,294218,9,300658
9721,0.040267,74.125.24.0-255,66,294284,9,300658
9722,0.046216,172.31.36.0-255,172,294456,9,300658
9723,0.046247,172.31.36.0-255,1116,295572,9,300658
9724,0.046304,172.31.36.0-255,1514,297086,9,300658
9725,0.046306,172.31.36.0-255,1514,298600,9,300658
9726,0.046307,172.31.36.0-255,1514,300114,9,300658
9727,0.046308,172.31.36.0-255,106,300220,9,300658
9728,0.047765,104.244.42.0-255,66,300286,9,300658
9729,0.047784,104.244.42.0-255,66,300352,9,300658
9730,0.047822,104.244.42.0-255,66,300418,9,300658
9731,0.047825,104.244.42.0-255,66,300484,9,300658
9732,0.048469,104.244.42.0-255,108,300592,9,300658
9733,0.04849,172.31.36.0-255,66,300658,9,300658
9734,0.0,74.125.130.0-255,153,153,9,257296
9735,1.8e-05,172.31.36.0-255,66,219,9,257296
9736,2.5e-05,74.125.130.0-255,1484,1703,9,257296
9737,3e-05,172.31.36.0-255,66,1769,9,257296
9738,3.6e-05,74.125.130.0-255,2902,4671,9,257296
9739,4e-05,172.31.36.0-255,66,4737,9,257296
9740,4.8e-05,74.125.130.0-255,7156,11893,9,257296
9741,5.1e-05,172.31.36.0-255,66,11959,9,257296
9742,5.7e-05,74.125.130.0-255,4320,16279,9,257296
9743,6e-05,172.31.36.0-255,66,16345,9,257296
9744,8.9e-05,74.125.130.0-255,3570,19915,9,257296
9745,9.3e-05,172.31.36.0-255,66,19981,9,257296
9746,0.0001,74.125.130.0-255,5738,25719,9,257296
9747,0.000102,172.31.36.0-255,66,25785,9,257296
9748,0.000118,74.125.130.0-255,5379,31164,9,257296
9749,0.000121,172.31.36.0-255,66,31230,9,257296
9750,0.000283,74.125.130.0-255,1484,32714,9,257296
9751,0.000289,172.31.36.0-255,66,32780,9,257296
9752,0.000294,74.125.130.0-255,1484,34264,9,257296
9753,0.000296,172.31.36.0-255,66,34330,9,257296
9754,0.000311,74.125.130.0-255,1484,35814,9,257296
9755,0.000314,172.31.36.0-255,66,35880,9,257296
9756,0.000321,74.125.130.0-255,5738,41618,9,257296
9757,0.000324,172.31.36.0-255,66,41684,9,257296
9758,0.000335,74.125.130.0-255,1484,43168,9,257296
9759,0.000338,172.31.36.0-255,66,43234,9,257296
9760,0.000363,172.31.36.0-255,66,43300,9,257296
9761,0.000388,74.125.130.0-255,5738,49038,9,257296
9762,0.000391,172.31.36.0-255,66,49104,9,257296
9763,0.000417,74.125.130.0-255,4320,53424,9,257296
9764,0.00042,172.31.36.0-255,66,53490,9,257296
9765,0.000425,74.125.130.0-255,4210,57700,9,257296
9766,0.000427,172.31.36.0-255,66,57766,9,257296
9767,0.00043,74.125.130.0-255,116,57882,9,257296
9768,0.000452,74.125.130.0-255,1484,59366,9,257296
9769,0.000454,172.31.36.0-255,66,59432,9,257296
9770,0.00046,74.125.130.0-255,2902,62334,9,257296
9771,0.000462,172.31.36.0-255,66,62400,9,257296
9772,0.00047,74.125.130.0-255,7156,69556,9,257296
9773,0.000472,172.31.36.0-255,66,69622,9,257296
9774,0.000501,74.125.130.0-255,5379,75001,9,257296
9775,0.000504,172.31.36.0-255,66,75067,9,257296
9776,0.000532,74.125.130.0-255,2902,77969,9,257296
9777,0.000535,172.31.36.0-255,66,78035,9,257296
9778,0.000539,74.125.130.0-255,2902,80937,9,257296
9779,0.000542,172.31.36.0-255,66,81003,9,257296
9780,0.000554,74.125.130.0-255,1484,82487,9,257296
9781,0.000559,74.125.130.0-255,2902,85389,9,257296
9782,0.000561,172.31.36.0-255,66,85455,9,257296
9783,0.000583,74.125.130.0-255,5738,91193,9,257296
9784,0.000586,172.31.36.0-255,66,91259,9,257296
9785,0.000589,74.125.130.0-255,1447,92706,9,257296
9786,0.001145,74.125.130.0-255,1484,94190,9,257296
9787,0.00115,172.31.36.0-255,66,94256,9,257296
9788,0.001156,74.125.130.0-255,2902,97158,9,257296
9789,0.001159,172.31.36.0-255,66,97224,9,257296
9790,0.001187,74.125.130.0-255,5738,102962,9,257296
9791,0.00119,172.31.36.0-255,66,103028,9,257296
9792,0.001195,74.125.130.0-255,2902,105930,9,257296
9793,0.001197,172.31.36.0-255,66,105996,9,257296
9794,0.001226,172.31.36.0-255,66,106062,9,257296
9795,0.001242,74.125.130.0-255,2902,108964,9,257296
9796,0.001244,172.31.36.0-255,66,109030,9,257296
9797,0.001266,172.31.36.0-255,66,109096,9,257296
9798,0.00194,74.125.130.0-255,1484,110580,9,257296
9799,0.00195,74.125.130.0-255,2902,113482,9,257296
9800,0.001955,172.31.36.0-255,66,113548,9,257296
9801,0.001962,74.125.130.0-255,4320,117868,9,257296
9802,0.001964,172.31.36.0-255,66,117934,9,257296
9803,0.003904,74.125.130.0-255,1484,119418,9,257296
9804,0.003922,74.125.130.0-255,4320,123738,9,257296
9805,0.003926,172.31.36.0-255,66,123804,9,257296
9806,0.005861,74.125.130.0-255,5738,129542,9,257296
9807,0.005866,172.31.36.0-255,66,129608,9,257296
9808,0.007803,74.125.130.0-255,5738,135346,9,257296
9809,0.007809,172.31.36.0-255,66,135412,9,257296
9810,0.009758,74.125.130.0-255,5738,141150,9,257296
9811,0.009766,172.31.36.0-255,66,141216,9,257296
9812,0.01171,74.125.130.0-255,5738,146954,9,257296
9813,0.011718,172.31.36.0-255,66,147020,9,257296
9814,0.013662,74.125.130.0-255,5738,152758,9,257296
9815,0.01367,172.31.36.0-255,66,152824,9,257296
9816,0.015616,74.125.130.0-255,5738,158562,9,257296
9817,0.015624,172.31.36.0-255,66,158628,9,257296
9818,0.017559,74.125.130.0-255,5738,164366,9,257296
9819,0.017565,172.31.36.0-255,66,164432,9,257296
9820,0.019496,74.125.130.0-255,5738,170170,9,257296
9821,0.019505,172.31.36.0-255,66,170236,9,257296
9822,0.021449,74.125.130.0-255,5738,175974,9,257296
9823,0.021458,172.31.36.0-255,66,176040,9,257296
9824,0.023398,74.125.130.0-255,5738,181778,9,257296
9825,0.023408,172.31.36.0-255,66,181844,9,257296
9826,0.025354,74.125.130.0-255,5738,187582,9,257296
9827,0.025366,172.31.36.0-255,66,187648,9,257296
9828,0.027327,74.125.130.0-255,5738,193386,9,257296
9829,0.027339,172.31.36.0-255,66,193452,9,257296
9830,0.029279,74.125.130.0-255,5738,199190,9,257296
9831,0.029292,172.31.36.0-255,66,199256,9,257296
9832,0.031272,74.125.130.0-255,5738,204994,9,257296
9833,0.031282,172.31.36.0-255,66,205060,9,257296
9834,0.033235,74.125.130.0-255,5738,210798,9,257296
9835,0.033248,172.31.36.0-255,66,210864,9,257296
9836,0.035232,74.125.130.0-255,5738,216602,9,257296
9837,0.035244,172.31.36.0-255,66,216668,9,257296
9838,0.037188,74.125.130.0-255,5738,222406,9,257296
9839,0.037196,172.31.36.0-255,66,222472,9,257296
9840,0.03915,74.125.130.0-255,5738,228210,9,257296
9841,0.039158,172.31.36.0-255,66,228276,9,257296
9842,0.041099,74.125.130.0-255,5738,234014,9,257296
9843,0.041114,172.31.36.0-255,66,234080,9,257296
9844,0.043053,74.125.130.0-255,5738,239818,9,257296
9845,0.043062,172.31.36.0-255,66,239884,9,257296
9846,0.044997,74.125.130.0-255,5738,245622,9,257296
9847,0.045005,172.31.36.0-255,66,245688,9,257296
9848,0.046956,74.125.130.0-255,5738,251426,9,257296
9849,0.046964,172.31.36.0-255,66,251492,9,257296
9850,0.048922,74.125.130.0-255,5738,257230,9,257296
9851,0.048931,172.31.36.0-255,66,257296,9,257296
9852,0.0,172.217.194.0-255,156,156,9,235750
9853,1.5e-05,172.31.36.0-255,66,222,9,235750
9854,2.3e-05,172.217.194.0-255,1484,1706,9,235750
9855,2.8e-05,172.31.36.0-255,66,1772,9,235750
9856,3.3e-05,172.217.194.0-255,2902,4674,9,235750
9857,3.7e-05,172.31.36.0-255,66,4740,9,235750
9858,5.4e-05,172.217.194.0-255,7156,11896,9,235750
9859,5.7e-05,172.31.36.0-255,66,11962,9,235750
9860,6.2e-05,172.217.194.0-255,1975,13937,9,235750
9861,6.4e-05,172.31.36.0-255,66,14003,9,235750
9862,0.000104,172.217.194.0-255,4320,18323,9,235750
9863,0.000107,172.31.36.0-255,66,18389,9,235750
9864,0.000134,172.217.194.0-255,7156,25545,9,235750
9865,0.000137,172.31.36.0-255,66,25611,9,235750
9866,0.000144,172.217.194.0-255,5379,30990,9,235750
9867,0.000146,172.31.36.0-255,66,31056,9,235750
9868,0.0005,172.217.194.0-255,1484,32540,9,235750
9869,0.000507,172.31.36.0-255,66,32606,9,235750
9870,0.000514,172.217.194.0-255,2902,35508,9,235750
9871,0.000516,172.31.36.0-255,66,35574,9,235750
9872,0.000528,172.217.194.0-255,5738,41312,9,235750
9873,0.000532,172.31.36.0-255,66,41378,9,235750
9874,0.000577,172.217.194.0-255,6797,48175,9,235750
9875,0.000581,172.31.36.0-255,66,48241,9,235750
9876,0.000612,172.217.194.0-255,7156,55397,9,235750
9877,0.000615,172.31.36.0-255,66,55463,9,235750
9878,0.000623,172.217.194.0-255,7156,62619,9,235750
9879,0.000626,172.31.36.0-255,66,62685,9,235750
9880,0.000665,172.217.194.0-255,2854,65539,9,235750
9881,0.000667,172.31.36.0-255,66,65605,9,235750
9882,0.00073,172.217.194.0-255,366,65971,9,235750
9883,0.000734,172.31.36.0-255,66,66037,9,235750
9884,0.001071,172.217.194.0-255,1484,67521,9,235750
9885,0.001077,172.217.194.0-255,2902,70423,9,235750
9886,0.001083,172.31.36.0-255,66,70489,9,235750
9887,0.001098,172.217.194.0-255,5738,76227,9,235750
9888,0.001104,172.31.36.0-255,66,76293,9,235750
9889,0.001108,172.217.194.0-255,2902,79195,9,235750
9890,0.00111,172.31.36.0-255,66,79261,9,235750
9891,0.00114,172.217.194.0-255,2902,82163,9,235750
9892,0.001144,172.31.36.0-255,66,82229,9,235750
9893,0.001167,172.217.194.0-255,1125,83354,9,235750
9894,0.001295,172.217.194.0-255,1484,84838,9,235750
9895,0.0013,172.31.36.0-255,66,84904,9,235750
9896,0.001328,172.217.194.0-255,2902,87806,9,235750
9897,0.00133,172.31.36.0-255,66,87872,9,235750
9898,0.001337,172.217.194.0-255,5738,93610,9,235750
9899,0.001339,172.31.36.0-255,66,93676,9,235750
9900,0.001377,172.31.36.0-255,66,93742,9,235750
9901,0.001419,172.217.194.0-255,5738,99480,9,235750
9902,0.001422,172.31.36.0-255,66,99546,9,235750
9903,0.001456,172.31.36.0-255,66,99612,9,235750
9904,0.00147,172.31.36.0-255,66,99678,9,235750
9905,0.001543,172.31.36.0-255,66,99744,9,235750
9906,0.00156,172.31.36.0-255,66,99810,9,235750
9907,0.001565,172.217.194.0-255,4320,104130,9,235750
9908,0.001568,172.31.36.0-255,66,104196,9,235750
9909,0.001592,172.31.36.0-255,66,104262,9,235750
9910,0.001595,172.217.194.0-255,766,105028,9,235750
9911,0.003629,172.217.194.0-255,4320,109348,9,235750
9912,0.003637,172.31.36.0-255,66,109414,9,235750
9913,0.00569,172.217.194.0-255,5738,115152,9,235750
9914,0.005698,172.31.36.0-255,66,115218,9,235750
9915,0.007744,172.217.194.0-255,5738,120956,9,235750
9916,0.00775,172.31.36.0-255,66,121022,9,235750
9917,0.009813,172.217.194.0-255,5738,126760,9,235750
9918,0.00982,172.31.36.0-255,66,126826,9,235750
9919,0.011912,172.217.194.0-255,5738,132564,9,235750
9920,0.01192,172.31.36.0-255,66,132630,9,235750
9921,0.014007,172.217.194.0-255,5738,138368,9,235750
9922,0.014015,172.31.36.0-255,66,138434,9,235750
9923,0.016088,172.217.194.0-255,5738,144172,9,235750
9924,0.016096,172.31.36.0-255,66,144238,9,235750
9925,0.018184,172.217.194.0-255,5738,149976,9,235750
9926,0.018193,172.31.36.0-255,66,150042,9,235750
9927,0.020262,172.217.194.0-255,4320,154362,9,235750
9928,0.020268,172.31.36.0-255,66,154428,9,235750
9929,0.020298,172.217.194.0-255,1484,155912,9,235750
9930,0.022322,172.217.194.0-255,4320,160232,9,235750
9931,0.02233,172.31.36.0-255,66,160298,9,235750
9932,0.024418,172.217.194.0-255,5738,166036,9,235750
9933,0.024425,172.31.36.0-255,66,166102,9,235750
9934,0.026484,172.217.194.0-255,5738,171840,9,235750
9935,0.026492,172.31.36.0-255,66,171906,9,235750
9936,0.028538,172.217.194.0-255,5738,177644,9,235750
9937,0.028546,172.31.36.0-255,66,177710,9,235750
9938,0.03062,172.217.194.0-255,5738,183448,9,235750
9939,0.030627,172.31.36.0-255,66,183514,9,235750
9940,0.032704,172.217.194.0-255,5738,189252,9,235750
9941,0.032712,172.31.36.0-255,66,189318,9,235750
9942,0.034816,172.217.194.0-255,5738,195056,9,235750
9943,0.034823,172.31.36.0-255,66,195122,9,235750
9944,0.036896,172.217.194.0-255,5738,200860,9,235750
9945,0.036904,172.31.36.0-255,66,200926,9,235750
9946,0.038954,172.217.194.0-255,5738,206664,9,235750
9947,0.038962,172.31.36.0-255,66,206730,9,235750
9948,0.041046,172.217.194.0-255,5738,212468,9,235750
9949,0.041054,172.31.36.0-255,66,212534,9,235750
9950,0.043118,172.217.194.0-255,5738,218272,9,235750
9951,0.043125,172.31.36.0-255,66,218338,9,235750
9952,0.045201,172.217.194.0-255,5738,224076,9,235750
9953,0.045209,172.31.36.0-255,66,224142,9,235750
9954,0.047295,172.217.194.0-255,5738,229880,9,235750
9955,0.047304,172.31.36.0-255,66,229946,9,235750
9956,0.049348,172.217.194.0-255,5738,235684,9,235750
9957,0.049356,172.31.36.0-255,66,235750,9,235750
9958,0.0,74.125.130.0-255,153,153,9,298573
9959,2.3e-05,172.31.36.0-255,66,219,9,298573
9960,3.1e-05,74.125.130.0-255,1484,1703,9,298573
9961,3.5e-05,172.31.36.0-255,66,1769,9,298573
9962,4.1e-05,74.125.130.0-255,2902,4671,9,298573
9963,4.3e-05,172.31.36.0-255,66,4737,9,298573
9964,4.9e-05,74.125.130.0-255,4320,9057,9,298573
9965,5.1e-05,172.31.36.0-255,66,9123,9,298573
9966,6.4e-05,172.31.36.0-255,66,9189,9,298573
9967,7.2e-05,74.125.130.0-255,7156,16345,9,298573
9968,7.5e-05,172.31.36.0-255,66,16411,9,298573
9969,0.000125,74.125.130.0-255,5379,21790,9,298573
9970,0.000128,172.31.36.0-255,66,21856,9,298573
9971,0.000251,74.125.130.0-255,1484,23340,9,298573
9972,0.000255,172.31.36.0-255,66,23406,9,298573
9973,0.000259,74.125.130.0-255,1484,24890,9,298573
9974,0.000262,172.31.36.0-255,66,24956,9,298573
9975,0.000276,74.125.130.0-255,1484,26440,9,298573
9976,0.000278,172.31.36.0-255,66,26506,9,298573
9977,0.000285,74.125.130.0-255,5738,32244,9,298573
9978,0.000288,172.31.36.0-255,66,32310,9,298573
9979,0.000306,74.125.130.0-255,4320,36630,9,298573
9980,0.000308,172.31.36.0-255,66,36696,9,298573
9981,0.000326,74.125.130.0-255,6797,43493,9,298573
9982,0.000329,172.31.36.0-255,66,43559,9,298573
9983,0.00034,172.31.36.0-255,66,43625,9,298573
9984,0.000357,74.125.130.0-255,2902,46527,9,298573
9985,0.000359,172.31.36.0-255,66,46593,9,298573
9986,0.000362,74.125.130.0-255,1446,48039,9,298573
9987,0.000364,172.31.36.0-255,66,48105,9,298573
9988,0.000481,74.125.130.0-255,1484,49589,9,298573
9989,0.000487,74.125.130.0-255,2902,52491,9,298573
9990,0.00049,172.31.36.0-255,66,52557,9,298573
9991,0.000514,74.125.130.0-255,4320,56877,9,298573
9992,0.000517,172.31.36.0-255,66,56943,9,298573
9993,0.000523,74.125.130.0-255,5738,62681,9,298573
9994,0.000526,172.31.36.0-255,66,62747,9,298573
9995,0.000559,172.31.36.0-255,66,62813,9,298573
9996,0.000583,74.125.130.0-255,3961,66774,9,298573
9997,0.000586,172.31.36.0-255,66,66840,9,298573
9998,0.000593,74.125.130.0-255,6797,73637,9,298573
9999,0.000596,172.31.36.0-255,66,73703,9,298573
10000,0.001235,74.125.130.0-255,1484,75187,9,298573
10001,0.001241,74.125.130.0-255,2902,78089,9,298573
10002,0.001245,172.31.36.0-255,66,78155,9,298573
10003,0.001249,74.125.130.0-255,1484,79639,9,298573
10004,0.001271,74.125.130.0-255,4320,83959,9,298573
10005,0.001273,172.31.36.0-255,66,84025,9,298573
10006,0.001281,74.125.130.0-255,7156,91181,9,298573
10007,0.001282,172.31.36.0-255,66,91247,9,298573
10008,0.001293,172.31.36.0-255,66,91313,9,298573
10009,0.001314,74.125.130.0-255,1484,92797,9,298573
10010,0.00134,74.125.130.0-255,6438,99235,9,298573
10011,0.001343,172.31.36.0-255,66,99301,9,298573
10012,0.001484,74.125.130.0-255,1484,100785,9,298573
10013,0.00149,74.125.130.0-255,2902,103687,9,298573
10014,0.001493,172.31.36.0-255,66,103753,9,298573
10015,0.001497,74.125.130.0-255,1484,105237,9,298573
10016,0.001517,74.125.130.0-255,4320,109557,9,298573
10017,0.00152,172.31.36.0-255,66,109623,9,298573
10018,0.001525,74.125.130.0-255,2902,112525,9,298573
10019,0.001526,172.31.36.0-255,66,112591,9,298573
10020,0.001572,74.125.130.0-255,5738,118329,9,298573
10021,0.001575,172.31.36.0-255,66,118395,9,298573
10022,0.001587,172.31.36.0-255,66,118461,9,298573
10023,0.001593,74.125.130.0-255,5020,123481,9,298573
10024,0.001595,172.31.36.0-255,66,123547,9,298573
10025,0.001688,74.125.130.0-255,1484,125031,9,298573
10026,0.001693,74.125.130.0-255,2902,127933,9,298573
10027,0.001696,172.31.36.0-255,66,127999,9,298573
10028,0.0017,74.125.130.0-255,1484,129483,9,298573
10029,0.001723,74.125.130.0-255,4320,133803,9,298573
10030,0.001726,172.31.36.0-255,66,133869,9,298573
10031,0.001731,74.125.130.0-255,2902,136771,9,298573
10032,0.001733,172.31.36.0-255,66,136837,9,298573
10033,0.00174,74.125.130.0-255,4320,141157,9,298573
10034,0.001741,172.31.36.0-255,66,141223,9,298573
10035,0.00177,74.125.130.0-255,5738,146961,9,298573
10036,0.001773,172.31.36.0-255,66,147027,9,298573
10037,0.001781,74.125.130.0-255,7156,154183,9,298573
10038,0.001783,172.31.36.0-255,66,154249,9,298573
10039,0.001805,74.125.130.0-255,3602,157851,9,298573
10040,0.001808,172.31.36.0-255,66,157917,9,298573
10041,0.002006,74.125.130.0-255,1484,159401,9,298573
10042,0.002026,74.125.130.0-255,1484,160885,9,298573
10043,0.002029,172.31.36.0-255,66,160951,9,298573
10044,0.002034,74.125.130.0-255,2902,163853,9,298573
10045,0.002036,172.31.36.0-255,66,163919,9,298573
10046,0.002071,74.125.130.0-255,2902,166821,9,298573
10047,0.002073,172.31.36.0-255,66,166887,9,298573
10048,0.00209,74.125.130.0-255,2902,169789,9,298573
10049,0.002093,172.31.36.0-255,66,169855,9,298573
10050,0.002107,172.31.36.0-255,66,169921,9,298573
10051,0.002113,74.125.130.0-255,5738,175659,9,298573
10052,0.002116,172.31.36.0-255,66,175725,9,298573
10053,0.002122,74.125.130.0-255,3602,179327,9,298573
10054,0.002125,172.31.36.0-255,66,179393,9,298573
10055,0.00435,74.125.130.0-255,4320,183713,9,298573
10056,0.004358,172.31.36.0-255,66,183779,9,298573
10057,0.004381,74.125.130.0-255,1484,185263,9,298573
10058,0.006615,74.125.130.0-255,4320,189583,9,298573
10059,0.006619,172.31.36.0-255,66,189649,9,298573
10060,0.008866,74.125.130.0-255,5738,195387,9,298573
10061,0.008872,172.31.36.0-255,66,195453,9,298573
10062,0.011137,74.125.130.0-255,5738,201191,9,298573
10063,0.011146,172.31.36.0-255,66,201257,9,298573
10064,0.013391,74.125.130.0-255,5738,206995,9,298573
10065,0.013399,172.31.36.0-255,66,207061,9,298573
10066,0.01565,74.125.130.0-255,5738,212799,9,298573
10067,0.015658,172.31.36.0-255,66,212865,9,298573
10068,0.017902,74.125.130.0-255,5738,218603,9,298573
10069,0.017911,172.31.36.0-255,66,218669,9,298573
10070,0.02016,74.125.130.0-255,5738,224407,9,298573
10071,0.02017,172.31.36.0-255,66,224473,9,298573
10072,0.022432,74.125.130.0-255,5738,230211,9,298573
10073,0.02244,172.31.36.0-255,66,230277,9,298573
10074,0.024689,74.125.130.0-255,5738,236015,9,298573
10075,0.024699,172.31.36.0-255,66,236081,9,298573
10076,0.026948,74.125.130.0-255,5738,241819,9,298573
10077,0.026956,172.31.36.0-255,66,241885,9,298573
10078,0.0292,74.125.130.0-255,4320,246205,9,298573
10079,0.029208,172.31.36.0-255,66,246271,9,298573
10080,0.029232,74.125.130.0-255,1484,247755,9,298573
10081,0.031453,74.125.130.0-255,4320,252075,9,298573
10082,0.031461,172.31.36.0-255,66,252141,9,298573
10083,0.033706,74.125.130.0-255,5738,257879,9,298573
10084,0.033715,172.31.36.0-255,66,257945,9,298573
10085,0.035971,74.125.130.0-255,5738,263683,9,298573
10086,0.035978,172.31.36.0-255,66,263749,9,298573
10087,0.038238,74.125.130.0-255,5738,269487,9,298573
10088,0.038246,172.31.36.0-255,66,269553,9,298573
10089,0.040485,74.125.130.0-255,5738,275291,9,298573
10090,0.040493,172.31.36.0-255,66,275357,9,298573
10091,0.042734,74.125.130.0-255,5738,281095,9,298573
10092,0.042742,172.31.36.0-255,66,281161,9,298573
10093,0.044986,74.125.130.0-255,5738,286899,9,298573
10094,0.044998,172.31.36.0-255,66,286965,9,298573
10095,0.047239,74.125.130.0-255,5738,292703,9,298573
10096,0.047249,172.31.36.0-255,66,292769,9,298573
10097,0.049504,74.125.130.0-255,5738,298507,9,298573
10098,0.049512,172.31.36.0-255,66,298573,9,298573
10099,0.0,172.31.36.0-255,188,188,9,11811
10100,0.000269,172.31.36.0-255,982,1170,9,11811
10101,0.000374,172.31.36.0-255,1514,2684,9,11811
10102,0.000376,172.31.36.0-255,1514,4198,9,11811
10103,0.000377,172.31.36.0-255,1514,5712,9,11811
10104,0.000383,172.31.36.0-255,1514,7226,9,11811
10105,0.000385,172.31.36.0-255,1514,8740,9,11811
10106,0.000386,172.31.36.0-255,1514,10254,9,11811
10107,0.000406,172.31.36.0-255,1293,11547,9,11811
10108,0.00155,104.244.42.0-255,66,11613,9,11811
10109,0.001853,104.244.42.0-255,66,11679,9,11811
10110,0.00205,104.244.42.0-255,66,11745,9,11811
10111,0.002056,104.244.42.0-255,66,11811,9,11811
10112,0.0,172.217.27.0-255,293,293,9,241261
10113,2.4e-05,172.31.36.0-255,66,359,9,241261
10114,3.1e-05,172.217.27.0-255,1484,1843,9,241261
10115,3.5e-05,172.31.36.0-255,66,1909,9,241261
10116,4.1e-05,172.217.27.0-255,2902,4811,9,241261
10117,4.3e-05,172.31.36.0-255,66,4877,9,241261
10118,5e-05,172.217.27.0-255,5738,10615,9,241261
10119,5.3e-05,172.31.36.0-255,66,10681,9,241261
10120,5.9e-05,172.217.27.0-255,3211,13892,9,241261
10121,6.1e-05,172.31.36.0-255,66,13958,9,241261
10122,0.000223,172.217.27.0-255,1484,15442,9,241261
10123,0.000228,172.31.36.0-255,66,15508,9,241261
10124,0.000233,172.217.27.0-255,2902,18410,9,241261
10125,0.000235,172.31.36.0-255,66,18476,9,241261
10126,0.00024,172.217.27.0-255,2902,21378,9,241261
10127,0.000242,172.31.36.0-255,66,21444,9,241261
10128,0.000259,172.217.27.0-255,2902,24346,9,241261
10129,0.000262,172.31.36.0-255,66,24412,9,241261
10130,0.000269,172.217.27.0-255,6797,31209,9,241261
10131,0.000272,172.31.36.0-255,66,31275,9,241261
10132,0.000308,172.217.27.0-255,1484,32759,9,241261
10133,0.00031,172.31.36.0-255,66,32825,9,241261
10134,0.000332,172.217.27.0-255,2902,35727,9,241261
10135,0.000335,172.31.36.0-255,66,35793,9,241261
10136,0.000339,172.217.27.0-255,2902,38695,9,241261
10137,0.000341,172.31.36.0-255,66,38761,9,241261
10138,0.000355,172.217.27.0-255,2902,41663,9,241261
10139,0.000357,172.31.36.0-255,66,41729,9,241261
10140,0.00036,172.217.27.0-255,1484,43213,9,241261
10141,0.000362,172.31.36.0-255,66,43279,9,241261
10142,0.000391,172.217.27.0-255,5379,48658,9,241261
10143,0.000394,172.31.36.0-255,66,48724,9,241261
10144,0.000763,172.217.27.0-255,1484,50208,9,241261
10145,0.000771,172.217.27.0-255,2902,53110,9,241261
10146,0.000775,172.31.36.0-255,66,53176,9,241261
10147,0.00078,172.217.27.0-255,2902,56078,9,241261
10148,0.000801,172.217.27.0-255,2902,58980,9,241261
10149,0.000811,172.31.36.0-255,66,59046,9,241261
10150,0.000823,172.217.27.0-255,5738,64784,9,241261
10151,0.000834,172.217.27.0-255,1455,66239,9,241261
10152,0.000837,172.31.36.0-255,66,66305,9,241261
10153,0.001059,172.31.36.0-255,66,66371,9,241261
10154,0.001272,172.217.27.0-255,114,66485,9,241261
10155,0.001364,172.217.27.0-255,1484,67969,9,241261
10156,0.00137,172.31.36.0-255,66,68035,9,241261
10157,0.001376,172.217.27.0-255,2902,70937,9,241261
10158,0.00138,172.217.27.0-255,1484,72421,9,241261
10159,0.001403,172.217.27.0-255,4320,76741,9,241261
10160,0.001428,172.217.27.0-255,6797,83538,9,241261
10161,0.001462,172.217.27.0-255,4320,87858,9,241261
10162,0.001477,172.217.27.0-255,2902,90760,9,241261
10163,0.001483,172.217.27.0-255,5738,96498,9,241261
10164,0.001522,172.217.27.0-255,3961,100459,9,241261
10165,0.007538,172.31.36.0-255,66,100525,9,241261
10166,0.008844,172.217.27.0-255,1484,102009,9,241261
10167,0.009207,172.217.27.0-255,4320,106329,9,241261
10168,0.009214,172.31.36.0-255,66,106395,9,241261
10169,0.010887,172.217.27.0-255,5738,112133,9,241261
10170,0.012464,172.31.36.0-255,66,112199,9,241261
10171,0.014138,172.217.27.0-255,5738,117937,9,241261
10172,0.014147,172.31.36.0-255,66,118003,9,241261
10173,0.015813,172.217.27.0-255,5738,123741,9,241261
10174,0.015822,172.31.36.0-255,66,123807,9,241261
10175,0.017493,172.217.27.0-255,5738,129545,9,241261
10176,0.017503,172.31.36.0-255,66,129611,9,241261
10177,0.019162,172.217.27.0-255,5738,135349,9,241261
10178,0.01917,172.31.36.0-255,66,135415,9,241261
10179,0.020839,172.217.27.0-255,5738,141153,9,241261
10180,0.020847,172.31.36.0-255,66,141219,9,241261
10181,0.022513,172.217.27.0-255,5738,146957,9,241261
10182,0.022522,172.31.36.0-255,66,147023,9,241261
10183,0.024189,172.217.27.0-255,5738,152761,9,241261
10184,0.0242,172.31.36.0-255,66,152827,9,241261
10185,0.025903,172.217.27.0-255,5738,158565,9,241261
10186,0.025917,172.31.36.0-255,66,158631,9,241261
10187,0.027583,172.217.27.0-255,5738,164369,9,241261
10188,0.027593,172.31.36.0-255,66,164435,9,241261
10189,0.029266,172.217.27.0-255,5738,170173,9,241261
10190,0.029275,172.31.36.0-255,66,170239,9,241261
10191,0.030975,172.217.27.0-255,5738,175977,9,241261
10192,0.030988,172.31.36.0-255,66,176043,9,241261
10193,0.032661,172.217.27.0-255,5738,181781,9,241261
10194,0.032672,172.31.36.0-255,66,181847,9,241261
10195,0.034336,172.217.27.0-255,5738,187585,9,241261
10196,0.034343,172.31.36.0-255,66,187651,9,241261
10197,0.034977,172.31.36.0-255,172,187823,9,241261
10198,0.035009,172.31.36.0-255,1070,188893,9,241261
10199,0.036005,172.217.27.0-255,5738,194631,9,241261
10200,0.036012,172.31.36.0-255,66,194697,9,241261
10201,0.036506,104.244.42.0-255,66,194763,9,241261
10202,0.036553,104.244.42.0-255,66,194829,9,241261
10203,0.037726,172.217.27.0-255,5738,200567,9,241261
10204,0.037733,172.31.36.0-255,66,200633,9,241261
10205,0.039398,172.217.27.0-255,5738,206371,9,241261
10206,0.039405,172.31.36.0-255,66,206437,9,241261
10207,0.041077,172.217.27.0-255,5738,212175,9,241261
10208,0.041084,172.31.36.0-255,66,212241,9,241261
10209,0.042756,172.217.27.0-255,5738,217979,9,241261
10210,0.042763,172.31.36.0-255,66,218045,9,241261
10211,0.044432,172.217.27.0-255,5738,223783,9,241261
10212,0.044438,172.31.36.0-255,66,223849,9,241261
10213,0.046118,172.217.27.0-255,5738,229587,9,241261
10214,0.046124,172.31.36.0-255,66,229653,9,241261
10215,0.047791,172.217.27.0-255,5738,235391,9,241261
10216,0.0478,172.31.36.0-255,66,235457,9,241261
10217,0.049471,172.217.27.0-255,5738,241195,9,241261
10218,0.049477,172.31.36.0-255,66,241261,9,241261
10219,0.0,172.217.160.0-255,152,152,9,254467
10220,2e-05,172.31.36.0-255,66,218,9,254467
10221,2.7e-05,172.217.160.0-255,1484,1702,9,254467
10222,3.2e-05,172.31.36.0-255,66,1768,9,254467
10223,3.7e-05,172.217.160.0-255,2902,4670,9,254467
10224,4.2e-05,172.31.36.0-255,66,4736,9,254467
10225,5e-05,172.217.160.0-255,7156,11892,9,254467
10226,5.3e-05,172.31.36.0-255,66,11958,9,254467
10227,5.8e-05,172.217.160.0-255,1985,13943,9,254467
10228,6.1e-05,172.31.36.0-255,66,14009,9,254467
10229,0.000665,172.217.160.0-255,1484,15493,9,254467
10230,0.000673,172.31.36.0-255,66,15559,9,254467
10231,0.000683,172.217.160.0-255,2902,18461,9,254467
10232,0.000686,172.31.36.0-255,66,18527,9,254467
10233,0.000693,172.217.160.0-255,5738,24265,9,254467
10234,0.000695,172.31.36.0-255,66,24331,9,254467
10235,0.000729,172.217.160.0-255,2902,27233,9,254467
10236,0.000732,172.31.36.0-255,66,27299,9,254467
10237,0.000753,172.217.160.0-255,3961,31260,9,254467
10238,0.000756,172.31.36.0-255,66,31326,9,254467
10239,0.000764,172.217.160.0-255,7156,38482,9,254467
10240,0.000767,172.31.36.0-255,66,38548,9,254467
10241,0.00079,172.217.160.0-255,2902,41450,9,254467
10242,0.000792,172.31.36.0-255,66,41516,9,254467
10243,0.00081,172.217.160.0-255,6797,48313,9,254467
10244,0.000813,172.31.36.0-255,66,48379,9,254467
10245,0.001429,172.217.160.0-255,1484,49863,9,254467
10246,0.001435,172.31.36.0-255,66,49929,9,254467
10247,0.001444,172.217.160.0-255,2902,52831,9,254467
10248,0.001446,172.31.36.0-255,66,52897,9,254467
10249,0.00145,172.217.160.0-255,1484,54381,9,254467
10250,0.001453,172.31.36.0-255,66,54447,9,254467
10251,0.001476,172.217.160.0-255,4320,58767,9,254467
10252,0.001479,172.31.36.0-255,66,58833,9,254467
10253,0.001486,172.217.160.0-255,5738,64571,9,254467
10254,0.001488,172.31.36.0-255,66,64637,9,254467
10255,0.001523,172.217.160.0-255,1705,66342,9,254467
10256,0.001526,172.31.36.0-255,66,66408,9,254467
10257,0.001553,172.217.160.0-255,2902,69310,9,254467
10258,0.001555,172.31.36.0-255,66,69376,9,254467
10259,0.001562,172.217.160.0-255,7156,76532,9,254467
10260,0.001564,172.31.36.0-255,66,76598,9,254467
10261,0.001589,172.217.160.0-255,1484,78082,9,254467
10262,0.001634,172.31.36.0-255,66,78148,9,254467
10263,0.001663,172.217.160.0-255,1484,79632,9,254467
10264,0.001691,172.31.36.0-255,66,79698,9,254467
10265,0.003314,172.217.160.0-255,5738,85436,9,254467
10266,0.00332,172.31.36.0-255,66,85502,9,254467
10267,0.004947,172.217.160.0-255,5738,91240,9,254467
10268,0.004953,172.31.36.0-255,66,91306,9,254467
10269,0.006587,172.217.160.0-255,5738,97044,9,254467
10270,0.006595,172.31.36.0-255,66,97110,9,254467
10271,0.008231,172.217.160.0-255,5738,102848,9,254467
10272,0.008239,172.31.36.0-255,66,102914,9,254467
10273,0.009884,172.217.160.0-255,5738,108652,9,254467
10274,0.009892,172.31.36.0-255,66,108718,9,254467
10275,0.011511,172.217.160.0-255,5738,114456,9,254467
10276,0.011517,172.31.36.0-255,66,114522,9,254467
10277,0.013141,172.217.160.0-255,5738,120260,9,254467
10278,0.013148,172.31.36.0-255,66,120326,9,254467
10279,0.014787,172.217.160.0-255,5738,126064,9,254467
10280,0.014796,172.31.36.0-255,66,126130,9,254467
10281,0.016426,172.217.160.0-255,5738,131868,9,254467
10282,0.016435,172.31.36.0-255,66,131934,9,254467
10283,0.018061,172.217.160.0-255,5738,137672,9,254467
10284,0.018068,172.31.36.0-255,66,137738,9,254467
10285,0.019694,172.217.160.0-255,5738,143476,9,254467
10286,0.019702,172.31.36.0-255,66,143542,9,254467
10287,0.021331,172.217.160.0-255,5738,149280,9,254467
10288,0.021342,172.31.36.0-255,66,149346,9,254467
10289,0.02297,172.217.160.0-255,5738,155084,9,254467
10290,0.022977,172.31.36.0-255,66,155150,9,254467
10291,0.024602,172.217.160.0-255,5738,160888,9,254467
10292,0.024608,172.31.36.0-255,66,160954,9,254467
10293,0.024663,172.31.36.0-255,172,161126,9,254467
10294,0.024692,172.31.36.0-255,1116,162242,9,254467
10295,0.024802,172.31.36.0-255,1514,163756,9,254467
10296,0.024804,172.31.36.0-255,1514,165270,9,254467
10297,0.024809,172.31.36.0-255,1514,166784,9,254467
10298,0.02481,172.31.36.0-255,359,167143,9,254467
10299,0.026237,104.244.42.0-255,66,167209,9,254467
10300,0.026246,104.244.42.0-255,66,167275,9,254467
10301,0.026251,172.217.160.0-255,5738,173013,9,254467
10302,0.026257,172.31.36.0-255,66,173079,9,254467
10303,0.026381,104.244.42.0-255,66,173145,9,254467
10304,0.026387,104.244.42.0-255,66,173211,9,254467
10305,0.027879,172.217.160.0-255,5738,178949,9,254467
10306,0.027887,172.31.36.0-255,66,179015,9,254467
10307,0.02952,172.217.160.0-255,5738,184753,9,254467
10308,0.029527,172.31.36.0-255,66,184819,9,254467
10309,0.031161,172.217.160.0-255,5738,190557,9,254467
10310,0.031168,172.31.36.0-255,66,190623,9,254467
10311,0.032803,172.217.160.0-255,5738,196361,9,254467
10312,0.03281,172.31.36.0-255,66,196427,9,254467
10313,0.03445,172.217.160.0-255,5738,202165,9,254467
10314,0.034457,172.31.36.0-255,66,202231,9,254467
10315,0.036078,172.217.160.0-255,5738,207969,9,254467
10316,0.036085,172.31.36.0-255,66,208035,9,254467
10317,0.037711,172.217.160.0-255,5738,213773,9,254467
10318,0.037718,172.31.36.0-255,66,213839,9,254467
10319,0.03938,172.217.160.0-255,5738,219577,9,254467
10320,0.039387,172.31.36.0-255,66,219643,9,254467
10321,0.041026,172.217.160.0-255,5738,225381,9,254467
10322,0.041033,172.31.36.0-255,66,225447,9,254467
10323,0.042666,172.217.160.0-255,5738,231185,9,254467
10324,0.042672,172.31.36.0-255,66,231251,9,254467
10325,0.044315,172.217.160.0-255,5738,236989,9,254467
10326,0.044323,172.31.36.0-255,66,237055,9,254467
10327,0.045958,172.217.160.0-255,5738,242793,9,254467
10328,0.045965,172.31.36.0-255,66,242859,9,254467
10329,0.047592,172.217.160.0-255,5738,248597,9,254467
10330,0.047599,172.31.36.0-255,66,248663,9,254467
10331,0.049273,172.217.160.0-255,5738,254401,9,254467
10332,0.049279,172.31.36.0-255,66,254467,9,254467
10333,0.0,172.31.36.0-255,105,105,9,276
10334,0.001771,157.240.13.0-255,105,210,9,276
10335,0.001781,172.31.36.0-255,66,276,9,276
10336,0.0,172.31.36.0-255,105,105,9,276
10337,0.001783,157.240.13.0-255,105,210,9,276
10338,0.001795,172.31.36.0-255,66,276,9,276
10339,0.0,172.31.36.0-255,105,105,9,459
10340,0.000218,172.31.36.0-255,90,195,9,459
10341,0.000228,172.31.36.0-255,66,261,9,459
10342,0.002552,74.125.130.0-255,66,327,9,459
10343,0.002579,74.125.130.0-255,66,393,9,459
10344,0.0026,172.31.36.0-255,66,459,9,459
10345,0.0,74.125.130.0-255,143,143,9,270386
10346,3e-05,172.31.36.0-255,66,209,9,270386
10347,3.7e-05,74.125.130.0-255,1484,1693,9,270386
10348,4.2e-05,172.31.36.0-255,66,1759,9,270386
10349,4.7e-05,74.125.130.0-255,2902,4661,9,270386
10350,4.9e-05,172.31.36.0-255,66,4727,9,270386
10351,5.5e-05,74.125.130.0-255,4320,9047,9,270386
10352,5.7e-05,172.31.36.0-255,66,9113,9,270386
10353,6.3e-05,74.125.130.0-255,4320,13433,9,270386
10354,6.6e-05,172.31.36.0-255,66,13499,9,270386
10355,8.5e-05,74.125.130.0-255,613,14112,9,270386
10356,8.8e-05,172.31.36.0-255,66,14178,9,270386
10357,0.00011,74.125.130.0-255,1484,15662,9,270386
10358,0.000113,172.31.36.0-255,66,15728,9,270386
10359,0.000125,74.125.130.0-255,2902,18630,9,270386
10360,0.000128,172.31.36.0-255,66,18696,9,270386
10361,0.000148,74.125.130.0-255,5738,24434,9,270386
10362,0.000152,172.31.36.0-255,66,24500,9,270386
10363,0.000174,74.125.130.0-255,5738,30238,9,270386
10364,0.000176,172.31.36.0-255,66,30304,9,270386
10365,0.000198,74.125.130.0-255,1125,31429,9,270386
10366,0.0002,172.31.36.0-255,66,31495,9,270386
10367,0.000204,74.125.130.0-255,1484,32979,9,270386
10368,0.000206,172.31.36.0-255,66,33045,9,270386
10369,0.000223,74.125.130.0-255,4320,37365,9,270386
10370,0.000225,172.31.36.0-255,66,37431,9,270386
10371,0.000254,172.31.36.0-255,66,37497,9,270386
10372,0.000279,74.125.130.0-255,1125,38622,9,270386
10373,0.000282,172.31.36.0-255,66,38688,9,270386
10374,0.000421,74.125.130.0-255,1484,40172,9,270386
10375,0.000425,172.31.36.0-255,66,40238,9,270386
10376,0.00043,74.125.130.0-255,2902,43140,9,270386
10377,0.000437,172.31.36.0-255,66,43206,9,270386
10378,0.000448,74.125.130.0-255,2902,46108,9,270386
10379,0.000454,74.125.130.0-255,4320,50428,9,270386
10380,0.000475,172.31.36.0-255,66,50494,9,270386
10381,0.000497,74.125.130.0-255,4320,54814,9,270386
10382,0.000502,172.31.36.0-255,66,54880,9,270386
10383,0.000519,74.125.130.0-255,1421,56301,9,270386
10384,0.000816,172.31.36.0-255,66,56367,9,270386
10385,0.000822,74.125.130.0-255,381,56748,9,270386
10386,0.000835,172.31.36.0-255,66,56814,9,270386
10387,0.001027,74.125.130.0-255,1484,58298,9,270386
10388,0.001036,74.125.130.0-255,2902,61200,9,270386
10389,0.00104,74.125.130.0-255,2902,64102,9,270386
10390,0.001058,74.125.130.0-255,2902,67004,9,270386
10391,0.001063,74.125.130.0-255,4320,71324,9,270386
10392,0.001106,74.125.130.0-255,1484,72808,9,270386
10393,0.001127,74.125.130.0-255,3961,76769,9,270386
10394,0.001134,74.125.130.0-255,5738,82507,9,270386
10395,0.001157,74.125.130.0-255,4320,86827,9,270386
10396,0.00117,74.125.130.0-255,3961,90788,9,270386
10397,0.001424,74.125.130.0-255,1484,92272,9,270386
10398,0.001431,74.125.130.0-255,2902,95174,9,270386
10399,0.001454,74.125.130.0-255,5738,100912,9,270386
10400,0.001457,74.125.130.0-255,1484,102396,9,270386
10401,0.001473,74.125.130.0-255,4320,106716,9,270386
10402,0.001476,74.125.130.0-255,1484,108200,9,270386
10403,0.001495,74.125.130.0-255,5738,113938,9,270386
10404,0.001508,74.125.130.0-255,2902,116840,9,270386
10405,0.001746,74.125.130.0-255,1484,118324,9,270386
10406,0.00175,74.125.130.0-255,1484,119808,9,270386
10407,0.001762,74.125.130.0-255,1484,121292,9,270386
10408,0.001766,74.125.130.0-255,2902,124194,9,270386
10409,0.001776,74.125.130.0-255,2902,127096,9,270386
10410,0.001798,74.125.130.0-255,5738,132834,9,270386
10411,0.001815,74.125.130.0-255,7156,139990,9,270386
10412,0.001855,74.125.130.0-255,2902,142892,9,270386
10413,0.001873,74.125.130.0-255,7156,150048,9,270386
10414,0.001876,74.125.130.0-255,766,150814,9,270386
10415,0.001892,74.125.130.0-255,1484,152298,9,270386
10416,0.001898,74.125.130.0-255,4320,156618,9,270386
10417,0.0019,74.125.130.0-255,1484,158102,9,270386
10418,0.001914,74.125.130.0-255,2902,161004,9,270386
10419,0.001936,74.125.130.0-255,5738,166742,9,270386
10420,0.00194,74.125.130.0-255,2902,169644,9,270386
10421,0.001966,74.125.130.0-255,6438,176082,9,270386
10422,0.006635,172.31.36.0-255,66,176148,9,270386
10423,0.009216,74.125.130.0-255,5738,181886,9,270386
10424,0.009224,172.31.36.0-255,66,181952,9,270386
10425,0.011779,74.125.130.0-255,5738,187690,9,270386
10426,0.011787,172.31.36.0-255,66,187756,9,270386
10427,0.014359,74.125.130.0-255,5738,193494,9,270386
10428,0.014371,172.31.36.0-255,66,193560,9,270386
10429,0.016939,74.125.130.0-255,5738,199298,9,270386
10430,0.016946,172.31.36.0-255,66,199364,9,270386
10431,0.019511,74.125.130.0-255,5738,205102,9,270386
10432,0.019518,172.31.36.0-255,66,205168,9,270386
10433,0.022073,74.125.130.0-255,5738,210906,9,270386
10434,0.022079,172.31.36.0-255,66,210972,9,270386
10435,0.024641,74.125.130.0-255,5738,216710,9,270386
10436,0.024649,172.31.36.0-255,66,216776,9,270386
10437,0.027213,74.125.130.0-255,5738,222514,9,270386
10438,0.027222,172.31.36.0-255,66,222580,9,270386
10439,0.029627,172.31.36.0-255,172,222752,9,270386
10440,0.029659,172.31.36.0-255,1070,223822,9,270386
10441,0.029793,74.125.130.0-255,5738,229560,9,270386
10442,0.0298,172.31.36.0-255,66,229626,9,270386
10443,0.031155,104.244.42.0-255,66,229692,9,270386
10444,0.031201,104.244.42.0-255,66,229758,9,270386
10445,0.032364,74.125.130.0-255,5738,235496,9,270386
10446,0.03237,172.31.36.0-255,66,235562,9,270386
10447,0.034922,74.125.130.0-255,5738,241300,9,270386
10448,0.034928,172.31.36.0-255,66,241366,9,270386
10449,0.037476,74.125.130.0-255,5738,247104,9,270386
10450,0.037481,172.31.36.0-255,66,247170,9,270386
10451,0.040032,74.125.130.0-255,5738,252908,9,270386
10452,0.040038,172.31.36.0-255,66,252974,9,270386
10453,0.042595,74.125.130.0-255,5738,258712,9,270386
10454,0.042617,172.31.36.0-255,66,258778,9,270386
10455,0.045168,74.125.130.0-255,5738,264516,9,270386
10456,0.045173,172.31.36.0-255,66,264582,9,270386
10457,0.047731,74.125.130.0-255,5738,270320,9,270386
10458,0.047736,172.31.36.0-255,66,270386,9,270386
10459,0.0,172.217.194.0-255,153,153,9,183318
10460,1.9e-05,172.31.36.0-255,66,219,9,183318
10461,2.6e-05,172.217.194.0-255,1484,1703,9,183318
10462,3.1e-05,172.31.36.0-255,66,1769,9,183318
10463,3.6e-05,172.217.194.0-255,2902,4671,9,183318
10464,4.8e-05,172.31.36.0-255,66,4737,9,183318
10465,5.6e-05,172.217.194.0-255,7156,11893,9,183318
10466,6e-05,172.31.36.0-255,66,11959,9,183318
10467,8.5e-05,172.217.194.0-255,2082,14041,9,183318
10468,8.8e-05,172.31.36.0-255,66,14107,9,183318
10469,0.000907,172.217.194.0-255,1484,15591,9,183318
10470,0.000915,172.31.36.0-255,66,15657,9,183318
10471,0.000926,172.217.194.0-255,2902,18559,9,183318
10472,0.000928,172.31.36.0-255,66,18625,9,183318
10473,0.000941,172.217.194.0-255,5738,24363,9,183318
10474,0.000944,172.31.36.0-255,66,24429,9,183318
10475,0.000979,172.217.194.0-255,6797,31226,9,183318
10476,0.000982,172.31.36.0-255,66,31292,9,183318
10477,0.001017,172.31.36.0-255,66,31358,9,183318
10478,0.001044,172.217.194.0-255,1484,32842,9,183318
10479,0.001047,172.31.36.0-255,66,32908,9,183318
10480,0.001059,172.31.36.0-255,66,32974,9,183318
10481,0.001065,172.217.194.0-255,4320,37294,9,183318
10482,0.001067,172.31.36.0-255,66,37360,9,183318
10483,0.001099,172.217.194.0-255,6438,43798,9,183318
10484,0.001103,172.31.36.0-255,66,43864,9,183318
10485,0.001106,172.217.194.0-255,397,44261,9,183318
10486,0.001108,172.31.36.0-255,66,44327,9,183318
10487,0.001206,172.217.194.0-255,1484,45811,9,183318
10488,0.001211,172.31.36.0-255,66,45877,9,183318
10489,0.001216,172.217.194.0-255,1484,47361,9,183318
10490,0.001243,172.217.194.0-255,1484,48845,9,183318
10491,0.001246,172.31.36.0-255,66,48911,9,183318
10492,0.001253,172.217.194.0-255,5738,54649,9,183318
10493,0.001255,172.31.36.0-255,66,54715,9,183318
10494,0.00128,172.217.194.0-255,5738,60453,9,183318
10495,0.001306,172.217.194.0-255,5020,65473,9,183318
10496,0.001677,172.217.194.0-255,1484,66957,9,183318
10497,0.001684,172.217.194.0-255,2902,69859,9,183318
10498,0.001714,172.217.194.0-255,5738,75597,9,183318
10499,0.001719,172.217.194.0-255,4320,79917,9,183318
10500,0.001751,172.217.194.0-255,7156,87073,9,183318
10501,0.001783,172.217.194.0-255,3602,90675,9,183318
10502,0.001865,172.217.194.0-255,1484,92159,9,183318
10503,0.001903,172.217.194.0-255,1484,93643,9,183318
10504,0.001918,172.217.194.0-255,1484,95127,9,183318
10505,0.001923,172.217.194.0-255,4320,99447,9,183318
10506,0.001953,172.217.194.0-255,2902,102349,9,183318
10507,0.002269,172.217.194.0-255,1484,103833,9,183318
10508,0.002287,172.217.194.0-255,2902,106735,9,183318
10509,0.0023,172.217.194.0-255,1484,108219,9,183318
10510,0.00232,172.217.194.0-255,4320,112539,9,183318
10511,0.002354,172.217.194.0-255,5738,118277,9,183318
10512,0.002369,172.217.194.0-255,7156,125433,9,183318
10513,0.002372,172.217.194.0-255,1484,126917,9,183318
10514,0.002389,172.217.194.0-255,2902,129819,9,183318
10515,0.002438,172.217.194.0-255,4320,134139,9,183318
10516,0.00245,172.217.194.0-255,2184,136323,9,183318
10517,0.002576,172.217.194.0-255,1484,137807,9,183318
10518,0.00259,172.217.194.0-255,2902,140709,9,183318
10519,0.002621,172.217.194.0-255,5738,146447,9,183318
10520,0.002638,172.217.194.0-255,4320,150767,9,183318
10521,0.00267,172.217.194.0-255,2902,153669,9,183318
10522,0.002762,172.217.194.0-255,4320,157989,9,183318
10523,0.002805,172.217.194.0-255,6438,164427,9,183318
10524,0.002811,172.217.194.0-255,5738,170165,9,183318
10525,0.00286,172.217.194.0-255,6438,176603,9,183318
10526,0.002985,172.217.194.0-255,173,176776,9,183318
10527,0.003,172.217.194.0-255,105,176881,9,183318
10528,0.003343,172.31.36.0-255,66,176947,9,183318
10529,0.006412,172.31.36.0-255,105,177052,9,183318
10530,0.00846,172.217.194.0-255,66,177118,9,183318
10531,0.040243,172.31.36.0-255,172,177290,9,183318
10532,0.040277,172.31.36.0-255,1116,178406,9,183318
10533,0.040361,172.31.36.0-255,1514,179920,9,183318
10534,0.040363,172.31.36.0-255,1514,181434,9,183318
10535,0.040368,172.31.36.0-255,1514,182948,9,183318
10536,0.040369,172.31.36.0-255,106,183054,9,183318
10537,0.041795,104.244.42.0-255,66,183120,9,183318
10538,0.041848,104.244.42.0-255,66,183186,9,183318
10539,0.041905,104.244.42.0-255,66,183252,9,183318
10540,0.041911,104.244.42.0-255,66,183318,9,183318
10541,0.0,74.125.24.0-255,153,153,9,293355
10542,2e-05,172.31.36.0-255,66,219,9,293355
10543,2.7e-05,74.125.24.0-255,1484,1703,9,293355
10544,3.2e-05,172.31.36.0-255,66,1769,9,293355
10545,4.5e-05,74.125.24.0-255,2902,4671,9,293355
10546,4.9e-05,172.31.36.0-255,66,4737,9,293355
10547,5.7e-05,74.125.24.0-255,7156,11893,9,293355
10548,6.1e-05,172.31.36.0-255,66,11959,9,293355
10549,6.7e-05,74.125.24.0-255,5738,17697,9,293355
10550,7.1e-05,172.31.36.0-255,66,17763,9,293355
10551,0.000102,74.125.24.0-255,2053,19816,9,293355
10552,0.000105,172.31.36.0-255,66,19882,9,293355
10553,0.000123,172.31.36.0-255,66,19948,9,293355
10554,0.000161,74.125.24.0-255,1484,21432,9,293355
10555,0.000163,172.31.36.0-255,66,21498,9,293355
10556,0.000168,74.125.24.0-255,2902,24400,9,293355
10557,0.00017,172.31.36.0-255,66,24466,9,293355
10558,0.000188,74.125.24.0-255,2902,27368,9,293355
10559,0.00019,172.31.36.0-255,66,27434,9,293355
10560,0.000213,74.125.24.0-255,2902,30336,9,293355
10561,0.000215,172.31.36.0-255,66,30402,9,293355
10562,0.000227,74.125.24.0-255,6797,37199,9,293355
10563,0.00023,172.31.36.0-255,66,37265,9,293355
10564,0.000487,74.125.24.0-255,1484,38749,9,293355
10565,0.000493,172.31.36.0-255,66,38815,9,293355
10566,0.000499,74.125.24.0-255,2902,41717,9,293355
10567,0.000501,172.31.36.0-255,66,41783,9,293355
10568,0.000514,74.125.24.0-255,5738,47521,9,293355
10569,0.000517,172.31.36.0-255,66,47587,9,293355
10570,0.000567,74.125.24.0-255,7133,54720,9,293355
10571,0.000571,172.31.36.0-255,66,54786,9,293355
10572,0.000691,74.125.24.0-255,341,55127,9,293355
10573,0.000826,74.125.24.0-255,1484,56611,9,293355
10574,0.000829,172.31.36.0-255,66,56677,9,293355
10575,0.000834,74.125.24.0-255,1484,58161,9,293355
10576,0.000858,74.125.24.0-255,1484,59645,9,293355
10577,0.000861,172.31.36.0-255,66,59711,9,293355
10578,0.000868,74.125.24.0-255,5738,65449,9,293355
10579,0.00087,172.31.36.0-255,66,65515,9,293355
10580,0.00088,74.125.24.0-255,2902,68417,9,293355
10581,0.000882,172.31.36.0-255,66,68483,9,293355
10582,0.000922,172.31.36.0-255,66,68549,9,293355
10583,0.000927,74.125.24.0-255,2902,71451,9,293355
10584,0.000929,172.31.36.0-255,66,71517,9,293355
10585,0.000966,74.125.24.0-255,6797,78314,9,293355
10586,0.000969,172.31.36.0-255,66,78380,9,293355
10587,0.001829,74.125.24.0-255,1484,79864,9,293355
10588,0.00184,74.125.24.0-255,2902,82766,9,293355
10589,0.001845,172.31.36.0-255,66,82832,9,293355
10590,0.00185,74.125.24.0-255,1484,84316,9,293355
10591,0.001875,74.125.24.0-255,2902,87218,9,293355
10592,0.001877,172.31.36.0-255,66,87284,9,293355
10593,0.001885,74.125.24.0-255,5738,93022,9,293355
10594,0.001887,172.31.36.0-255,66,93088,9,293355
10595,0.001906,172.31.36.0-255,66,93154,9,293355
10596,0.00193,172.31.36.0-255,66,93220,9,293355
10597,0.001965,74.125.24.0-255,1484,94704,9,293355
10598,0.001988,74.125.24.0-255,2902,97606,9,293355
10599,0.00199,172.31.36.0-255,66,97672,9,293355
10600,0.001997,74.125.24.0-255,5738,103410,9,293355
10601,0.001999,172.31.36.0-255,66,103476,9,293355
10602,0.002004,74.125.24.0-255,2902,106378,9,293355
10603,0.002011,172.31.36.0-255,66,106444,9,293355
10604,0.002036,74.125.24.0-255,4320,110764,9,293355
10605,0.002039,172.31.36.0-255,66,110830,9,293355
10606,0.002057,172.31.36.0-255,66,110896,9,293355
10607,0.002089,74.125.24.0-255,2902,113798,9,293355
10608,0.002091,172.31.36.0-255,66,113864,9,293355
10609,0.002096,74.125.24.0-255,2184,116048,9,293355
10610,0.002098,172.31.36.0-255,66,116114,9,293355
10611,0.002118,74.125.24.0-255,1484,117598,9,293355
10612,0.002121,74.125.24.0-255,1484,119082,9,293355
10613,0.002123,172.31.36.0-255,66,119148,9,293355
10614,0.002144,74.125.24.0-255,1484,120632,9,293355
10615,0.00215,74.125.24.0-255,5738,126370,9,293355
10616,0.002152,172.31.36.0-255,66,126436,9,293355
10617,0.002168,172.31.36.0-255,66,126502,9,293355
10618,0.002228,172.31.36.0-255,66,126568,9,293355
10619,0.002258,74.125.24.0-255,6438,133006,9,293355
10620,0.002261,172.31.36.0-255,66,133072,9,293355
10621,0.002264,74.125.24.0-255,1484,134556,9,293355
10622,0.002269,74.125.24.0-255,2902,137458,9,293355
10623,0.002271,172.31.36.0-255,66,137524,9,293355
10624,0.002275,74.125.24.0-255,2902,140426,9,293355
10625,0.002282,172.31.36.0-255,66,140492,9,293355
10626,0.002294,74.125.24.0-255,2902,143394,9,293355
10627,0.002296,172.31.36.0-255,66,143460,9,293355
10628,0.002338,74.125.24.0-255,5738,149198,9,293355
10629,0.002341,172.31.36.0-255,66,149264,9,293355
10630,0.002375,74.125.24.0-255,5738,155002,9,293355
10631,0.002378,172.31.36.0-255,66,155068,9,293355
10632,0.002392,172.31.36.0-255,66,155134,9,293355
10633,0.002486,74.125.24.0-255,1484,156618,9,293355
10634,0.002493,74.125.24.0-255,2902,159520,9,293355
10635,0.002496,172.31.36.0-255,66,159586,9,293355
10636,0.002503,74.125.24.0-255,5738,165324,9,293355
10637,0.002505,172.31.36.0-255,66,165390,9,293355
10638,0.002547,172.31.36.0-255,66,165456,9,293355
10639,0.002572,74.125.24.0-255,1484,166940,9,293355
10640,0.002583,172.31.36.0-255,66,167006,9,293355
10641,0.002608,74.125.24.0-255,3602,170608,9,293355
10642,0.002611,172.31.36.0-255,66,170674,9,293355
10643,0.002629,172.31.36.0-255,66,170740,9,293355
10644,0.002633,74.125.24.0-255,2902,173642,9,293355
10645,0.002636,172.31.36.0-255,66,173708,9,293355
10646,0.002669,74.125.24.0-255,7156,180864,9,293355
10647,0.002672,172.31.36.0-255,66,180930,9,293355
10648,0.005262,74.125.24.0-255,5738,186668,9,293355
10649,0.00527,172.31.36.0-255,66,186734,9,293355
10650,0.007861,74.125.24.0-255,5738,192472,9,293355
10651,0.007867,172.31.36.0-255,66,192538,9,293355
10652,0.010444,74.125.24.0-255,5738,198276,9,293355
10653,0.010451,172.31.36.0-255,66,198342,9,293355
10654,0.013051,74.125.24.0-255,5738,204080,9,293355
10655,0.013058,172.31.36.0-255,66,204146,9,293355
10656,0.015644,74.125.24.0-255,5738,209884,9,293355
10657,0.015652,172.31.36.0-255,66,209950,9,293355
10658,0.01823,74.125.24.0-255,5738,215688,9,293355
10659,0.018242,172.31.36.0-255,66,215754,9,293355
10660,0.020848,74.125.24.0-255,5738,221492,9,293355
10661,0.02086,172.31.36.0-255,66,221558,9,293355
10662,0.023476,74.125.24.0-255,5738,227296,9,293355
10663,0.023485,172.31.36.0-255,66,227362,9,293355
10664,0.02606,74.125.24.0-255,5738,233100,9,293355
10665,0.026067,172.31.36.0-255,66,233166,9,293355
10666,0.028647,74.125.24.0-255,5738,238904,9,293355
10667,0.028656,172.31.36.0-255,66,238970,9,293355
10668,0.031285,74.125.24.0-255,5738,244708,9,293355
10669,0.031293,172.31.36.0-255,66,244774,9,293355
10670,0.03396,74.125.24.0-255,5738,250512,9,293355
10671,0.033969,172.31.36.0-255,66,250578,9,293355
10672,0.036578,74.125.24.0-255,5738,256316,9,293355
10673,0.036587,172.31.36.0-255,66,256382,9,293355
10674,0.039199,74.125.24.0-255,5738,262120,9,293355
10675,0.039207,172.31.36.0-255,66,262186,9,293355
10676,0.03981,172.31.36.0-255,171,262357,9,293355
10677,0.039841,172.31.36.0-255,1141,263498,9,293355
10678,0.039916,172.31.36.0-255,1514,265012,9,293355
10679,0.039917,172.31.36.0-255,1514,266526,9,293355
10680,0.039919,172.31.36.0-255,1514,268040,9,293355
10681,0.03992,172.31.36.0-255,1514,269554,9,293355
10682,0.039947,172.31.36.0-255,321,269875,9,293355
10683,0.041412,104.244.42.0-255,66,269941,9,293355
10684,0.041421,104.244.42.0-255,66,270007,9,293355
10685,0.041499,104.244.42.0-255,66,270073,9,293355
10686,0.041504,104.244.42.0-255,66,270139,9,293355
10687,0.0418,74.125.24.0-255,5738,275877,9,293355
10688,0.041808,172.31.36.0-255,66,275943,9,293355
10689,0.044382,74.125.24.0-255,5738,281681,9,293355
10690,0.044389,172.31.36.0-255,66,281747,9,293355
10691,0.047008,74.125.24.0-255,5738,287485,9,293355
10692,0.047015,172.31.36.0-255,66,287551,9,293355
10693,0.049621,74.125.24.0-255,5738,293289,9,293355
10694,0.049627,172.31.36.0-255,66,293355,9,293355
10695,0.0,74.125.24.0-255,153,153,9,265114
10696,2.3e-05,172.31.36.0-255,66,219,9,265114
10697,3.1e-05,74.125.24.0-255,1484,1703,9,265114
10698,3.6e-05,172.31.36.0-255,66,1769,9,265114
10699,4.2e-05,74.125.24.0-255,2902,4671,9,265114
10700,4.5e-05,172.31.36.0-255,66,4737,9,265114
10701,5.3e-05,74.125.24.0-255,7156,11893,9,265114
10702,5.5e-05,172.31.36.0-255,66,11959,9,265114
10703,6e-05,74.125.24.0-255,2902,14861,9,265114
10704,6.3e-05,172.31.36.0-255,66,14927,9,265114
10705,8.7e-05,74.125.24.0-255,4774,19701,9,265114
10706,9.1e-05,172.31.36.0-255,66,19767,9,265114
10707,9.8e-05,74.125.24.0-255,5738,25505,9,265114
10708,0.0001,172.31.36.0-255,66,25571,9,265114
10709,0.000118,74.125.24.0-255,4320,29891,9,265114
10710,0.00012,172.31.36.0-255,66,29957,9,265114
10711,0.000145,74.125.24.0-255,1125,31082,9,265114
10712,0.000148,172.31.36.0-255,66,31148,9,265114
10713,0.000382,74.125.24.0-255,1484,32632,9,265114
10714,0.000385,172.31.36.0-255,66,32698,9,265114
10715,0.00039,74.125.24.0-255,2902,35600,9,265114
10716,0.000392,172.31.36.0-255,66,35666,9,265114
10717,0.000399,74.125.24.0-255,5738,41404,9,265114
10718,0.000401,172.31.36.0-255,66,41470,9,265114
10719,0.000431,74.125.24.0-255,5738,47208,9,265114
10720,0.000433,172.31.36.0-255,66,47274,9,265114
10721,0.00047,172.31.36.0-255,66,47340,9,265114
10722,0.000482,172.31.36.0-255,66,47406,9,265114
10723,0.00055,74.125.24.0-255,116,47522,9,265114
10724,0.000553,172.31.36.0-255,66,47588,9,265114
10725,0.000697,74.125.24.0-255,1484,49072,9,265114
10726,0.000705,74.125.24.0-255,2902,51974,9,265114
10727,0.000707,172.31.36.0-255,66,52040,9,265114
10728,0.000713,74.125.24.0-255,2902,54942,9,265114
10729,0.000715,172.31.36.0-255,66,55008,9,265114
10730,0.000729,74.125.24.0-255,2902,57910,9,265114
10731,0.000732,172.31.36.0-255,66,57976,9,265114
10732,0.000775,172.31.36.0-255,66,58042,9,265114
10733,0.000781,74.125.24.0-255,4320,62362,9,265114
10734,0.000784,172.31.36.0-255,66,62428,9,265114
10735,0.0008,74.125.24.0-255,5379,67807,9,265114
10736,0.000803,172.31.36.0-255,66,67873,9,265114
10737,0.000806,74.125.24.0-255,328,68201,9,265114
10738,0.001059,74.125.24.0-255,1484,69685,9,265114
10739,0.001064,172.31.36.0-255,66,69751,9,265114
10740,0.00107,74.125.24.0-255,2902,72653,9,265114
10741,0.001073,172.31.36.0-255,66,72719,9,265114
10742,0.00108,74.125.24.0-255,5738,78457,9,265114
10743,0.001083,172.31.36.0-255,66,78523,9,265114
10744,0.001099,74.125.24.0-255,1484,80007,9,265114
10745,0.001125,172.31.36.0-255,66,80073,9,265114
10746,0.001164,74.125.24.0-255,2902,82975,9,265114
10747,0.001167,172.31.36.0-255,66,83041,9,265114
10748,0.001197,172.31.36.0-255,66,83107,9,265114
10749,0.001217,74.125.24.0-255,1484,84591,9,265114
10750,0.001222,74.125.24.0-255,1484,86075,9,265114
10751,0.001224,172.31.36.0-255,66,86141,9,265114
10752,0.001242,74.125.24.0-255,1484,87625,9,265114
10753,0.00125,74.125.24.0-255,5738,93363,9,265114
10754,0.001252,172.31.36.0-255,66,93429,9,265114
10755,0.00129,74.125.24.0-255,4320,97749,9,265114
10756,0.001292,172.31.36.0-255,66,97815,9,265114
10757,0.001314,74.125.24.0-255,5738,103553,9,265114
10758,0.001317,172.31.36.0-255,66,103619,9,265114
10759,0.001333,172.31.36.0-255,66,103685,9,265114
10760,0.001366,172.31.36.0-255,66,103751,9,265114
10761,0.001373,74.125.24.0-255,7156,110907,9,265114
10762,0.001377,172.31.36.0-255,66,110973,9,265114
10763,0.001415,74.125.24.0-255,4320,115293,9,265114
10764,0.001418,172.31.36.0-255,66,115359,9,265114
10765,0.001439,172.31.36.0-255,66,115425,9,265114
10766,0.001464,74.125.24.0-255,4320,119745,9,265114
10767,0.001467,172.31.36.0-255,66,119811,9,265114
10768,0.001473,74.125.24.0-255,5738,125549,9,265114
10769,0.001475,172.31.36.0-255,66,125615,9,265114
10770,0.001492,74.125.24.0-255,5738,131353,9,265114
10771,0.001495,172.31.36.0-255,66,131419,9,265114
10772,0.001525,74.125.24.0-255,5738,137157,9,265114
10773,0.001528,172.31.36.0-255,66,137223,9,265114
10774,0.001543,172.31.36.0-255,66,137289,9,265114
10775,0.001609,74.125.24.0-255,1484,138773,9,265114
10776,0.001613,74.125.24.0-255,1484,140257,9,265114
10777,0.001616,172.31.36.0-255,66,140323,9,265114
10778,0.001637,74.125.24.0-255,1484,141807,9,265114
10779,0.001645,74.125.24.0-255,5738,147545,9,265114
10780,0.001648,172.31.36.0-255,66,147611,9,265114
10781,0.001667,172.31.36.0-255,66,147677,9,265114
10782,0.001679,172.31.36.0-255,66,147743,9,265114
10783,0.0017,74.125.24.0-255,2184,149927,9,265114
10784,0.001703,172.31.36.0-255,66,149993,9,265114
10785,0.001994,74.125.24.0-255,1484,151477,9,265114
10786,0.002001,74.125.24.0-255,2902,154379,9,265114
10787,0.002004,172.31.36.0-255,66,154445,9,265114
10788,0.002024,74.125.24.0-255,2902,157347,9,265114
10789,0.002026,172.31.36.0-255,66,157413,9,265114
10790,0.002047,74.125.24.0-255,2902,160315,9,265114
10791,0.00205,172.31.36.0-255,66,160381,9,265114
10792,0.002063,172.31.36.0-255,66,160447,9,265114
10793,0.002087,74.125.24.0-255,1484,161931,9,265114
10794,0.002101,172.31.36.0-255,66,161997,9,265114
10795,0.002305,74.125.24.0-255,1484,163481,9,265114
10796,0.002321,74.125.24.0-255,2902,166383,9,265114
10797,0.002324,172.31.36.0-255,66,166449,9,265114
10798,0.002331,74.125.24.0-255,5738,172187,9,265114
10799,0.002333,172.31.36.0-255,66,172253,9,265114
10800,0.002376,172.31.36.0-255,66,172319,9,265114
10801,0.002413,74.125.24.0-255,4320,176639,9,265114
10802,0.002415,172.31.36.0-255,66,176705,9,265114
10803,0.002429,74.125.24.0-255,1484,178189,9,265114
10804,0.002435,74.125.24.0-255,5020,183209,9,265114
10805,0.002438,172.31.36.0-255,66,183275,9,265114
10806,0.004819,74.125.24.0-255,5738,189013,9,265114
10807,0.004827,172.31.36.0-255,66,189079,9,265114
10808,0.00722,74.125.24.0-255,5738,194817,9,265114
10809,0.007224,172.31.36.0-255,66,194883,9,265114
10810,0.009621,74.125.24.0-255,5738,200621,9,265114
10811,0.009638,172.31.36.0-255,66,200687,9,265114
10812,0.012072,74.125.24.0-255,5738,206425,9,265114
10813,0.01209,172.31.36.0-255,66,206491,9,265114
10814,0.014485,74.125.24.0-255,5738,212229,9,265114
10815,0.014494,172.31.36.0-255,66,212295,9,265114
10816,0.016895,74.125.24.0-255,5738,218033,9,265114
10817,0.016911,172.31.36.0-255,66,218099,9,265114
10818,0.01935,74.125.24.0-255,5738,223837,9,265114
10819,0.019361,172.31.36.0-255,66,223903,9,265114
10820,0.021763,74.125.24.0-255,1484,225387,9,265114
10821,0.021788,74.125.24.0-255,4320,229707,9,265114
10822,0.021793,172.31.36.0-255,66,229773,9,265114
10823,0.024264,74.125.24.0-255,5738,235511,9,265114
10824,0.024276,172.31.36.0-255,66,235577,9,265114
10825,0.026668,74.125.24.0-255,5738,241315,9,265114
10826,0.02668,172.31.36.0-255,66,241381,9,265114
10827,0.029064,74.125.24.0-255,5738,247119,9,265114
10828,0.029076,172.31.36.0-255,66,247185,9,265114
10829,0.031443,74.125.24.0-255,5738,252923,9,265114
10830,0.031451,172.31.36.0-255,66,252989,9,265114
10831,0.033837,74.125.24.0-255,5738,258727,9,265114
10832,0.033845,172.31.36.0-255,66,258793,9,265114
10833,0.036299,74.125.24.0-255,5738,264531,9,265114
10834,0.03631,172.31.36.0-255,66,264597,9,265114
10835,0.038695,74.125.24.0-255,280,264877,9,265114
10836,0.039355,172.31.36.0-255,66,264943,9,265114
10837,0.039395,172.31.36.0-255,105,265048,9,265114
10838,0.041775,74.125.24.0-255,66,265114,9,265114
10839,0.0,172.217.194.0-255,143,143,9,307812
10840,1.5e-05,172.31.36.0-255,66,209,9,307812
10841,3.7e-05,172.217.194.0-255,1484,1693,9,307812
10842,4.2e-05,172.31.36.0-255,66,1759,9,307812
10843,4.8e-05,172.217.194.0-255,2902,4661,9,307812
10844,5.1e-05,172.31.36.0-255,66,4727,9,307812
10845,7.9e-05,172.217.194.0-255,2902,7629,9,307812
10846,8.2e-05,172.31.36.0-255,66,7695,9,307812
10847,0.000101,172.217.194.0-255,4320,12015,9,307812
10848,0.000104,172.31.36.0-255,66,12081,9,307812
10849,0.000131,172.217.194.0-255,2038,14119,9,307812
10850,0.000134,172.31.36.0-255,66,14185,9,307812
10851,0.000137,172.217.194.0-255,1484,15669,9,307812
10852,0.000139,172.31.36.0-255,66,15735,9,307812
10853,0.000153,172.217.194.0-255,1484,17219,9,307812
10854,0.000155,172.31.36.0-255,66,17285,9,307812
10855,0.000161,172.217.194.0-255,4320,21605,9,307812
10856,0.000163,172.31.36.0-255,66,21671,9,307812
10857,0.000191,172.217.194.0-255,2902,24573,9,307812
10858,0.000194,172.31.36.0-255,66,24639,9,307812
10859,0.000202,172.217.194.0-255,7156,31795,9,307812
10860,0.000204,172.31.36.0-255,66,31861,9,307812
10861,0.000251,172.31.36.0-255,66,31927,9,307812
10862,0.000269,172.217.194.0-255,5738,37665,9,307812
10863,0.000271,172.31.36.0-255,66,37731,9,307812
10864,0.000274,172.217.194.0-255,766,38497,9,307812
10865,0.000276,172.31.36.0-255,66,38563,9,307812
10866,0.000395,172.217.194.0-255,1484,40047,9,307812
10867,0.000399,172.31.36.0-255,66,40113,9,307812
10868,0.000404,172.217.194.0-255,2902,43015,9,307812
10869,0.000407,172.31.36.0-255,66,43081,9,307812
10870,0.000411,172.217.194.0-255,1484,44565,9,307812
10871,0.000432,172.217.194.0-255,4320,48885,9,307812
10872,0.000435,172.31.36.0-255,66,48951,9,307812
10873,0.000441,172.217.194.0-255,5738,54689,9,307812
10874,0.000443,172.31.36.0-255,66,54755,9,307812
10875,0.000478,172.217.194.0-255,1447,56202,9,307812
10876,0.000624,172.217.194.0-255,1484,57686,9,307812
10877,0.000628,172.31.36.0-255,66,57752,9,307812
10878,0.000651,172.217.194.0-255,2902,60654,9,307812
10879,0.000654,172.31.36.0-255,66,60720,9,307812
10880,0.00066,172.217.194.0-255,5738,66458,9,307812
10881,0.000662,172.31.36.0-255,66,66524,9,307812
10882,0.0007,172.31.36.0-255,66,66590,9,307812
10883,0.000713,172.31.36.0-255,66,66656,9,307812
10884,0.000736,172.217.194.0-255,766,67422,9,307812
10885,0.001243,172.217.194.0-255,1484,68906,9,307812
10886,0.001249,172.31.36.0-255,66,68972,9,307812
10887,0.001259,172.217.194.0-255,2902,71874,9,307812
10888,0.001261,172.31.36.0-255,66,71940,9,307812
10889,0.001282,172.217.194.0-255,1484,73424,9,307812
10890,0.001296,172.217.194.0-255,4320,77744,9,307812
10891,0.001299,172.31.36.0-255,66,77810,9,307812
10892,0.001302,172.217.194.0-255,1484,79294,9,307812
10893,0.001329,172.217.194.0-255,5738,85032,9,307812
10894,0.001332,172.31.36.0-255,66,85098,9,307812
10895,0.001347,172.217.194.0-255,2902,88000,9,307812
10896,0.00135,172.31.36.0-255,66,88066,9,307812
10897,0.001396,172.217.194.0-255,7156,95222,9,307812
10898,0.001399,172.31.36.0-255,66,95288,9,307812
10899,0.001423,172.217.194.0-255,6438,101726,9,307812
10900,0.001426,172.31.36.0-255,66,101792,9,307812
10901,0.001441,172.31.36.0-255,66,101858,9,307812
10902,0.001453,172.31.36.0-255,66,101924,9,307812
10903,0.001477,172.217.194.0-255,5738,107662,9,307812
10904,0.001479,172.31.36.0-255,66,107728,9,307812
10905,0.001484,172.217.194.0-255,2902,110630,9,307812
10906,0.001485,172.31.36.0-255,66,110696,9,307812
10907,0.0015,172.217.194.0-255,2184,112880,9,307812
10908,0.001502,172.31.36.0-255,66,112946,9,307812
10909,0.001663,172.217.194.0-255,1484,114430,9,307812
10910,0.00168,172.217.194.0-255,2902,117332,9,307812
10911,0.001683,172.31.36.0-255,66,117398,9,307812
10912,0.001687,172.217.194.0-255,1484,118882,9,307812
10913,0.001692,172.217.194.0-255,2902,121784,9,307812
10914,0.001694,172.31.36.0-255,66,121850,9,307812
10915,0.001718,172.217.194.0-255,2902,124752,9,307812
10916,0.001721,172.31.36.0-255,66,124818,9,307812
10917,0.001734,172.31.36.0-255,66,124884,9,307812
10918,0.001738,172.217.194.0-255,2902,127786,9,307812
10919,0.001741,172.31.36.0-255,66,127852,9,307812
10920,0.00177,172.217.194.0-255,6438,134290,9,307812
10921,0.001773,172.31.36.0-255,66,134356,9,307812
10922,0.002003,172.217.194.0-255,1484,135840,9,307812
10923,0.002021,172.217.194.0-255,2902,138742,9,307812
10924,0.002024,172.31.36.0-255,66,138808,9,307812
10925,0.002043,172.217.194.0-255,4320,143128,9,307812
10926,0.002046,172.31.36.0-255,66,143194,9,307812
10927,0.00206,172.217.194.0-255,1484,144678,9,307812
10928,0.002062,172.217.194.0-255,1484,146162,9,307812
10929,0.002079,172.31.36.0-255,66,146228,9,307812
10930,0.002082,172.31.36.0-255,66,146294,9,307812
10931,0.002138,172.217.194.0-255,4320,150614,9,307812
10932,0.002141,172.31.36.0-255,66,150680,9,307812
10933,0.002172,172.31.36.0-255,66,150746,9,307812
10934,0.002186,172.31.36.0-255,66,150812,9,307812
10935,0.002196,172.217.194.0-255,5738,156550,9,307812
10936,0.002199,172.31.36.0-255,66,156616,9,307812
10937,0.002218,172.217.194.0-255,7156,163772,9,307812
10938,0.00222,172.31.36.0-255,66,163838,9,307812
10939,0.002247,172.217.194.0-255,6438,170276,9,307812
10940,0.002249,172.31.36.0-255,66,170342,9,307812
10941,0.002253,172.217.194.0-255,1484,171826,9,307812
10942,0.002279,172.31.36.0-255,66,171892,9,307812
10943,0.002286,172.217.194.0-255,7156,179048,9,307812
10944,0.002289,172.31.36.0-255,66,179114,9,307812
10945,0.002321,172.31.36.0-255,66,179180,9,307812
10946,0.002326,172.217.194.0-255,3602,182782,9,307812
10947,0.002329,172.31.36.0-255,66,182848,9,307812
10948,0.004608,172.217.194.0-255,1484,184332,9,307812
10949,0.004658,172.217.194.0-255,4320,188652,9,307812
10950,0.004664,172.31.36.0-255,66,188718,9,307812
10951,0.006951,172.217.194.0-255,5738,194456,9,307812
10952,0.006958,172.31.36.0-255,66,194522,9,307812
10953,0.00925,172.217.194.0-255,5738,200260,9,307812
10954,0.009254,172.31.36.0-255,66,200326,9,307812
10955,0.011588,172.217.194.0-255,5738,206064,9,307812
10956,0.011596,172.31.36.0-255,66,206130,9,307812
10957,0.013919,172.217.194.0-255,5738,211868,9,307812
10958,0.013931,172.31.36.0-255,66,211934,9,307812
10959,0.016237,172.217.194.0-255,5738,217672,9,307812
10960,0.016248,172.31.36.0-255,66,217738,9,307812
10961,0.018555,172.217.194.0-255,5738,223476,9,307812
10962,0.018569,172.31.36.0-255,66,223542,9,307812
10963,0.020882,172.217.194.0-255,5738,229280,9,307812
10964,0.020891,172.31.36.0-255,66,229346,9,307812
10965,0.023187,172.217.194.0-255,5738,235084,9,307812
10966,0.023199,172.31.36.0-255,66,235150,9,307812
10967,0.025485,172.217.194.0-255,5738,240888,9,307812
10968,0.025495,172.31.36.0-255,66,240954,9,307812
10969,0.027797,172.217.194.0-255,5738,246692,9,307812
10970,0.027806,172.31.36.0-255,66,246758,9,307812
10971,0.030093,172.217.194.0-255,5738,252496,9,307812
10972,0.030108,172.31.36.0-255,66,252562,9,307812
10973,0.032415,172.217.194.0-255,5738,258300,9,307812
10974,0.032426,172.31.36.0-255,66,258366,9,307812
10975,0.034739,172.217.194.0-255,5738,264104,9,307812
10976,0.034748,172.31.36.0-255,66,264170,9,307812
10977,0.03707,172.217.194.0-255,5738,269908,9,307812
10978,0.037079,172.31.36.0-255,66,269974,9,307812
10979,0.039396,172.217.194.0-255,5738,275712,9,307812
10980,0.039419,172.31.36.0-255,66,275778,9,307812
10981,0.041112,172.31.36.0-255,172,275950,9,307812
10982,0.041146,172.31.36.0-255,1117,277067,9,307812
10983,0.04121,172.31.36.0-255,1514,278581,9,307812
10984,0.041212,172.31.36.0-255,1514,280095,9,307812
10985,0.041213,172.31.36.0-255,1514,281609,9,307812
10986,0.041218,172.31.36.0-255,1514,283123,9,307812
10987,0.041219,172.31.36.0-255,1499,284622,9,307812
10988,0.041725,172.217.194.0-255,5738,290360,9,307812
10989,0.041733,172.31.36.0-255,66,290426,9,307812
10990,0.042653,104.244.42.0-255,66,290492,9,307812
10991,0.042703,104.244.42.0-255,66,290558,9,307812
10992,0.042806,104.244.42.0-255,66,290624,9,307812
10993,0.043495,104.244.42.0-255,108,290732,9,307812
10994,0.043505,172.31.36.0-255,66,290798,9,307812
10995,0.044041,172.217.194.0-255,5738,296536,9,307812
10996,0.044048,172.31.36.0-255,66,296602,9,307812
10997,0.046416,172.217.194.0-255,5738,302340,9,307812
10998,0.046423,172.31.36.0-255,66,302406,9,307812
10999,0.048731,172.217.194.0-255,5235,307641,9,307812
11000,0.048738,172.31.36.0-255,66,307707,9,307812
11001,0.04893,172.31.36.0-255,105,307812,9,307812
11002,0.0,172.217.194.0-255,153,153,9,194935
11003,2.6e-05,172.31.36.0-255,66,219,9,194935
11004,3.3e-05,172.217.194.0-255,1484,1703,9,194935
11005,3.7e-05,172.31.36.0-255,66,1769,9,194935
11006,4.1e-05,172.217.194.0-255,2902,4671,9,194935
11007,4.4e-05,172.31.36.0-255,66,4737,9,194935
11008,5e-05,172.217.194.0-255,7156,11893,9,194935
11009,5.3e-05,172.31.36.0-255,66,11959,9,194935
11010,5.6e-05,172.217.194.0-255,1484,13443,9,194935
11011,5.8e-05,172.31.36.0-255,66,13509,9,194935
11012,9.9e-05,172.31.36.0-255,66,13575,9,194935
11013,0.000102,172.217.194.0-255,1484,15059,9,194935
11014,0.000104,172.31.36.0-255,66,15125,9,194935
11015,0.000107,172.217.194.0-255,1125,16250,9,194935
11016,0.000109,172.31.36.0-255,66,16316,9,194935
11017,0.000892,172.217.194.0-255,1484,17800,9,194935
11018,0.000898,172.31.36.0-255,66,17866,9,194935
11019,0.000907,172.217.194.0-255,2902,20768,9,194935
11020,0.000909,172.31.36.0-255,66,20834,9,194935
11021,0.000915,172.217.194.0-255,4320,25154,9,194935
11022,0.000917,172.31.36.0-255,66,25220,9,194935
11023,0.000939,172.217.194.0-255,1484,26704,9,194935
11024,0.000941,172.31.36.0-255,66,26770,9,194935
11025,0.000948,172.217.194.0-255,5738,32508,9,194935
11026,0.000949,172.31.36.0-255,66,32574,9,194935
11027,0.000952,172.217.194.0-255,1484,34058,9,194935
11028,0.000954,172.31.36.0-255,66,34124,9,194935
11029,0.000992,172.31.36.0-255,66,34190,9,194935
11030,0.000998,172.217.194.0-255,4216,38406,9,194935
11031,0.001001,172.31.36.0-255,66,38472,9,194935
11032,0.002216,172.217.194.0-255,111,38583,9,194935
11033,0.002495,172.217.194.0-255,1484,40067,9,194935
11034,0.0025,172.31.36.0-255,66,40133,9,194935
11035,0.002505,172.217.194.0-255,2902,43035,9,194935
11036,0.002508,172.31.36.0-255,66,43101,9,194935
11037,0.002533,172.217.194.0-255,5738,48839,9,194935
11038,0.002536,172.31.36.0-255,66,48905,9,194935
11039,0.002553,172.217.194.0-255,2902,51807,9,194935
11040,0.002564,172.31.36.0-255,66,51873,9,194935
11041,0.002576,172.31.36.0-255,66,51939,9,194935
11042,0.002586,172.31.36.0-255,66,52005,9,194935
11043,0.002618,172.217.194.0-255,2184,54189,9,194935
11044,0.002627,172.31.36.0-255,66,54255,9,194935
11045,0.002807,172.217.194.0-255,1484,55739,9,194935
11046,0.002811,172.217.194.0-255,2902,58641,9,194935
11047,0.002828,172.31.36.0-255,66,58707,9,194935
11048,0.002834,172.217.194.0-255,5738,64445,9,194935
11049,0.002837,172.31.36.0-255,66,64511,9,194935
11050,0.002883,172.31.36.0-255,66,64577,9,194935
11051,0.002914,172.217.194.0-255,7156,71733,9,194935
11052,0.002926,172.31.36.0-255,66,71799,9,194935
11053,0.002931,172.217.194.0-255,2902,74701,9,194935
11054,0.002938,172.217.194.0-255,5738,80439,9,194935
11055,0.00294,172.31.36.0-255,66,80505,9,194935
11056,0.002945,172.31.36.0-255,66,80571,9,194935
11057,0.002972,172.31.36.0-255,66,80637,9,194935
11058,0.002989,172.217.194.0-255,7156,87793,9,194935
11059,0.002989,172.31.36.0-255,66,87859,9,194935
11060,0.002994,172.31.36.0-255,66,87925,9,194935
11061,0.003036,172.31.36.0-255,66,87991,9,194935
11062,0.003049,172.217.194.0-255,7156,95147,9,194935
11063,0.003051,172.31.36.0-255,66,95213,9,194935
11064,0.003058,172.31.36.0-255,66,95279,9,194935
11065,0.003065,172.217.194.0-255,2184,97463,9,194935
11066,0.003071,172.31.36.0-255,66,97529,9,194935
11067,0.003084,172.217.194.0-255,2902,100431,9,194935
11068,0.003087,172.31.36.0-255,66,100497,9,194935
11069,0.003126,172.31.36.0-255,66,100563,9,194935
11070,0.003154,172.217.194.0-255,1484,102047,9,194935
11071,0.003159,172.31.36.0-255,78,102125,9,194935
11072,0.003163,172.31.36.0-255,78,102203,9,194935
11073,0.003216,172.217.194.0-255,1484,103687,9,194935
11074,0.003219,172.31.36.0-255,78,103765,9,194935
11075,0.003231,172.217.194.0-255,7156,110921,9,194935
11076,0.003233,172.217.194.0-255,1484,112405,9,194935
11077,0.003233,172.31.36.0-255,66,112471,9,194935
11078,0.003235,172.217.194.0-255,1484,113955,9,194935
11079,0.003238,172.31.36.0-255,66,114021,9,194935
11080,0.003252,172.217.194.0-255,5738,119759,9,194935
11081,0.003261,172.31.36.0-255,66,119825,9,194935
11082,0.003271,172.217.194.0-255,3602,123427,9,194935
11083,0.003276,172.217.194.0-255,4320,127747,9,194935
11084,0.003278,172.31.36.0-255,66,127813,9,194935
11085,0.003283,172.31.36.0-255,66,127879,9,194935
11086,0.003305,172.217.194.0-255,4320,132199,9,194935
11087,0.00331,172.217.194.0-255,4320,136519,9,194935
11088,0.003311,172.31.36.0-255,66,136585,9,194935
11089,0.003323,172.31.36.0-255,66,136651,9,194935
11090,0.003348,172.217.194.0-255,1484,138135,9,194935
11091,0.003386,172.31.36.0-255,66,138201,9,194935
11092,0.003391,172.31.36.0-255,66,138267,9,194935
11093,0.003402,172.217.194.0-255,7156,145423,9,194935
11094,0.003406,172.31.36.0-255,66,145489,9,194935
11095,0.003422,172.217.194.0-255,5020,150509,9,194935
11096,0.003433,172.31.36.0-255,66,150575,9,194935
11097,0.003439,172.217.194.0-255,2902,153477,9,194935
11098,0.003448,172.31.36.0-255,66,153543,9,194935
11099,0.00346,172.217.194.0-255,7156,160699,9,194935
11100,0.003467,172.31.36.0-255,66,160765,9,194935
11101,0.00348,172.217.194.0-255,7156,167921,9,194935
11102,0.00349,172.31.36.0-255,66,167987,9,194935
11103,0.0035,172.217.194.0-255,4320,172307,9,194935
11104,0.003508,172.217.194.0-255,7156,179463,9,194935
11105,0.003509,172.31.36.0-255,66,179529,9,194935
11106,0.003514,172.31.36.0-255,66,179595,9,194935
11107,0.003551,172.217.194.0-255,5738,185333,9,194935
11108,0.003563,172.31.36.0-255,66,185399,9,194935
11109,0.003585,172.217.194.0-255,97,185496,9,194935
11110,0.00359,172.31.36.0-255,66,185562,9,194935
11111,0.003624,172.217.194.0-255,105,185667,9,194935
11112,0.009781,172.31.36.0-255,66,185733,9,194935
11113,0.009823,172.31.36.0-255,105,185838,9,194935
11114,0.012063,172.217.194.0-255,66,185904,9,194935
11115,0.037157,172.31.36.0-255,176,186080,9,194935
11116,0.037187,172.31.36.0-255,1115,187195,9,194935
11117,0.03723,172.31.36.0-255,1514,188709,9,194935
11118,0.037232,172.31.36.0-255,1514,190223,9,194935
11119,0.037233,172.31.36.0-255,1514,191737,9,194935
11120,0.037234,172.31.36.0-255,1514,193251,9,194935
11121,0.037235,172.31.36.0-255,1486,194737,9,194935
11122,0.03872,104.244.42.0-255,66,194803,9,194935
11123,0.038731,104.244.42.0-255,66,194869,9,194935
11124,0.038814,104.244.42.0-255,66,194935,9,194935
11125,0.0,172.31.36.0-255,105,105,9,459
11126,0.00022,172.31.36.0-255,90,195,9,459
11127,0.00023,172.31.36.0-255,66,261,9,459
11128,0.002895,74.125.24.0-255,66,327,9,459
11129,0.002909,74.125.24.0-255,66,393,9,459
11130,0.002922,172.31.36.0-255,66,459,9,459
11131,0.0,74.125.68.0-255,153,153,9,376862
11132,1.5e-05,172.31.36.0-255,66,219,9,376862
11133,2.1e-05,74.125.68.0-255,1484,1703,9,376862
11134,2.6e-05,172.31.36.0-255,66,1769,9,376862
11135,3.2e-05,74.125.68.0-255,2902,4671,9,376862
11136,3.5e-05,172.31.36.0-255,66,4737,9,376862
11137,4e-05,74.125.68.0-255,2902,7639,9,376862
11138,4.3e-05,172.31.36.0-255,66,7705,9,376862
11139,4.8e-05,74.125.68.0-255,2902,10607,9,376862
11140,5.1e-05,172.31.36.0-255,66,10673,9,376862
11141,7.5e-05,74.125.68.0-255,1484,12157,9,376862
11142,7.8e-05,172.31.36.0-255,66,12223,9,376862
11143,9.1e-05,172.31.36.0-255,66,12289,9,376862
11144,9.5e-05,74.125.68.0-255,2902,15191,9,376862
11145,9.7e-05,172.31.36.0-255,66,15257,9,376862
11146,0.000123,74.125.68.0-255,4320,19577,9,376862
11147,0.000126,172.31.36.0-255,66,19643,9,376862
11148,0.000129,74.125.68.0-255,1484,21127,9,376862
11149,0.000131,172.31.36.0-255,66,21193,9,376862
11150,0.000145,74.125.68.0-255,1125,22318,9,376862
11151,0.000147,172.31.36.0-255,66,22384,9,376862
11152,0.000216,74.125.68.0-255,1484,23868,9,376862
11153,0.000219,172.31.36.0-255,66,23934,9,376862
11154,0.000241,74.125.68.0-255,2902,26836,9,376862
11155,0.000244,172.31.36.0-255,66,26902,9,376862
11156,0.000248,74.125.68.0-255,1484,28386,9,376862
11157,0.00025,172.31.36.0-255,66,28452,9,376862
11158,0.000256,74.125.68.0-255,2902,31354,9,376862
11159,0.000258,172.31.36.0-255,66,31420,9,376862
11160,0.000261,74.125.68.0-255,1484,32904,9,376862
11161,0.000263,172.31.36.0-255,66,32970,9,376862
11162,0.000287,74.125.68.0-255,4320,37290,9,376862
11163,0.00029,172.31.36.0-255,66,37356,9,376862
11164,0.000297,74.125.68.0-255,5738,43094,9,376862
11165,0.000299,172.31.36.0-255,66,43160,9,376862
11166,0.000324,74.125.68.0-255,4320,47480,9,376862
11167,0.000326,172.31.36.0-255,66,47546,9,376862
11168,0.000361,74.125.68.0-255,7156,54702,9,376862
11169,0.000363,172.31.36.0-255,66,54768,9,376862
11170,0.000383,74.125.68.0-255,2480,57248,9,376862
11171,0.000386,172.31.36.0-255,66,57314,9,376862
11172,0.000389,74.125.68.0-255,131,57445,9,376862
11173,0.000489,74.125.68.0-255,1484,58929,9,376862
11174,0.000492,172.31.36.0-255,66,58995,9,376862
11175,0.000497,74.125.68.0-255,2902,61897,9,376862
11176,0.0005,172.31.36.0-255,66,61963,9,376862
11177,0.00052,74.125.68.0-255,5738,67701,9,376862
11178,0.000523,172.31.36.0-255,66,67767,9,376862
11179,0.000563,172.31.36.0-255,66,67833,9,376862
11180,0.000583,74.125.68.0-255,2902,70735,9,376862
11181,0.000588,172.31.36.0-255,66,70801,9,376862
11182,0.000602,172.31.36.0-255,66,70867,9,376862
11183,0.000605,74.125.68.0-255,1484,72351,9,376862
11184,0.00061,74.125.68.0-255,2902,75253,9,376862
11185,0.000612,172.31.36.0-255,66,75319,9,376862
11186,0.00066,74.125.68.0-255,5738,81057,9,376862
11187,0.000663,172.31.36.0-255,66,81123,9,376862
11188,0.000671,74.125.68.0-255,6498,87621,9,376862
11189,0.000673,172.31.36.0-255,66,87687,9,376862
11190,0.000711,74.125.68.0-255,1484,89171,9,376862
11191,0.000727,74.125.68.0-255,2902,92073,9,376862
11192,0.00073,172.31.36.0-255,66,92139,9,376862
11193,0.000734,74.125.68.0-255,1484,93623,9,376862
11194,0.000747,74.125.68.0-255,4320,97943,9,376862
11195,0.00075,172.31.36.0-255,66,98009,9,376862
11196,0.000754,74.125.68.0-255,2902,100911,9,376862
11197,0.000757,172.31.36.0-255,66,100977,9,376862
11198,0.000761,74.125.68.0-255,2902,103879,9,376862
11199,0.000763,172.31.36.0-255,66,103945,9,376862
11200,0.000779,74.125.68.0-255,1484,105429,9,376862
11201,0.000783,74.125.68.0-255,1484,106913,9,376862
11202,0.000785,172.31.36.0-255,66,106979,9,376862
11203,0.000816,74.125.68.0-255,7156,114135,9,376862
11204,0.00082,172.31.36.0-255,66,114201,9,376862
11205,0.000825,74.125.68.0-255,4320,118521,9,376862
11206,0.000828,172.31.36.0-255,66,118587,9,376862
11207,0.000866,74.125.68.0-255,3602,122189,9,376862
11208,0.000869,172.31.36.0-255,66,122255,9,376862
11209,0.001121,74.125.68.0-255,1484,123739,9,376862
11210,0.001143,74.125.68.0-255,2902,126641,9,376862
11211,0.001147,172.31.36.0-255,66,126707,9,376862
11212,0.001153,74.125.68.0-255,4320,131027,9,376862
11213,0.001155,172.31.36.0-255,66,131093,9,376862
11214,0.001168,74.125.68.0-255,1484,132577,9,376862
11215,0.001186,74.125.68.0-255,4320,136897,9,376862
11216,0.001189,172.31.36.0-255,66,136963,9,376862
11217,0.001218,172.31.36.0-255,66,137029,9,376862
11218,0.001244,74.125.68.0-255,2902,139931,9,376862
11219,0.001248,172.31.36.0-255,66,139997,9,376862
11220,0.001276,172.31.36.0-255,66,140063,9,376862
11221,0.001432,74.125.68.0-255,1484,141547,9,376862
11222,0.001439,74.125.68.0-255,2902,144449,9,376862
11223,0.001442,172.31.36.0-255,66,144515,9,376862
11224,0.00149,74.125.68.0-255,5738,150253,9,376862
11225,0.001493,172.31.36.0-255,66,150319,9,376862
11226,0.001509,74.125.68.0-255,1484,151803,9,376862
11227,0.001526,74.125.68.0-255,5738,157541,9,376862
11228,0.001529,172.31.36.0-255,66,157607,9,376862
11229,0.001535,74.125.68.0-255,4320,161927,9,376862
11230,0.001537,172.31.36.0-255,66,161993,9,376862
11231,0.001572,74.125.68.0-255,4320,166313,9,376862
11232,0.001576,172.31.36.0-255,66,166379,9,376862
11233,0.001592,74.125.68.0-255,1484,167863,9,376862
11234,0.001595,74.125.68.0-255,1484,169347,9,376862
11235,0.001598,172.31.36.0-255,66,169413,9,376862
11236,0.001603,74.125.68.0-255,2902,172315,9,376862
11237,0.001606,172.31.36.0-255,66,172381,9,376862
11238,0.001636,74.125.68.0-255,2184,174565,9,376862
11239,0.00164,172.31.36.0-255,66,174631,9,376862
11240,0.001946,74.125.68.0-255,1484,176115,9,376862
11241,0.001953,74.125.68.0-255,2902,179017,9,376862
11242,0.001956,172.31.36.0-255,66,179083,9,376862
11243,0.001996,74.125.68.0-255,2902,181985,9,376862
11244,0.002001,172.31.36.0-255,66,182051,9,376862
11245,0.00201,74.125.68.0-255,2902,184953,9,376862
11246,0.002012,172.31.36.0-255,66,185019,9,376862
11247,0.002021,74.125.68.0-255,7156,192175,9,376862
11248,0.002023,172.31.36.0-255,66,192241,9,376862
11249,0.002043,74.125.68.0-255,2902,195143,9,376862
11250,0.002046,172.31.36.0-255,66,195209,9,376862
11251,0.002064,74.125.68.0-255,2902,198111,9,376862
11252,0.002069,172.31.36.0-255,66,198177,9,376862
11253,0.002089,74.125.68.0-255,5738,203915,9,376862
11254,0.002091,172.31.36.0-255,66,203981,9,376862
11255,0.002115,74.125.68.0-255,1484,205465,9,376862
11256,0.00212,74.125.68.0-255,2902,208367,9,376862
11257,0.002122,172.31.36.0-255,66,208433,9,376862
11258,0.002153,74.125.68.0-255,7156,215589,9,376862
11259,0.002156,172.31.36.0-255,66,215655,9,376862
11260,0.002171,74.125.68.0-255,5020,220675,9,376862
11261,0.002173,172.31.36.0-255,66,220741,9,376862
11262,0.002184,172.31.36.0-255,66,220807,9,376862
11263,0.00221,74.125.68.0-255,4320,225127,9,376862
11264,0.002212,172.31.36.0-255,66,225193,9,376862
11265,0.002219,74.125.68.0-255,7156,232349,9,376862
11266,0.002222,172.31.36.0-255,66,232415,9,376862
11267,0.002257,74.125.68.0-255,2902,235317,9,376862
11268,0.00226,172.31.36.0-255,66,235383,9,376862
11269,0.002274,74.125.68.0-255,5020,240403,9,376862
11270,0.002277,172.31.36.0-255,66,240469,9,376862
11271,0.00228,74.125.68.0-255,2902,243371,9,376862
11272,0.002282,172.31.36.0-255,66,243437,9,376862
11273,0.00229,74.125.68.0-255,7156,250593,9,376862
11274,0.002292,172.31.36.0-255,66,250659,9,376862
11275,0.004548,74.125.68.0-255,5738,256397,9,376862
11276,0.004556,172.31.36.0-255,66,256463,9,376862
11277,0.006807,74.125.68.0-255,5738,262201,9,376862
11278,0.006811,172.31.36.0-255,66,262267,9,376862
11279,0.009069,74.125.68.0-255,5738,268005,9,376862
11280,0.009075,172.31.36.0-255,66,268071,9,376862
11281,0.011339,74.125.68.0-255,5738,273809,9,376862
11282,0.011347,172.31.36.0-255,66,273875,9,376862
11283,0.0136,74.125.68.0-255,2902,276777,9,376862
11284,0.013608,172.31.36.0-255,66,276843,9,376862
11285,0.013626,74.125.68.0-255,2902,279745,9,376862
11286,0.013629,172.31.36.0-255,66,279811,9,376862
11287,0.015886,74.125.68.0-255,5738,285549,9,376862
11288,0.015893,172.31.36.0-255,66,285615,9,376862
11289,0.018162,74.125.68.0-255,5738,291353,9,376862
11290,0.018169,172.31.36.0-255,66,291419,9,376862
11291,0.020428,74.125.68.0-255,5738,297157,9,376862
11292,0.02044,172.31.36.0-255,66,297223,9,376862
11293,0.022709,74.125.68.0-255,5738,302961,9,376862
11294,0.022717,172.31.36.0-255,66,303027,9,376862
11295,0.024985,74.125.68.0-255,5738,308765,9,376862
11296,0.024993,172.31.36.0-255,66,308831,9,376862
11297,0.027241,74.125.68.0-255,5738,314569,9,376862
11298,0.027248,172.31.36.0-255,66,314635,9,376862
11299,0.029521,74.125.68.0-255,5738,320373,9,376862
11300,0.02953,172.31.36.0-255,66,320439,9,376862
11301,0.031788,74.125.68.0-255,5738,326177,9,376862
11302,0.031797,172.31.36.0-255,66,326243,9,376862
11303,0.034077,74.125.68.0-255,5738,331981,9,376862
11304,0.034088,172.31.36.0-255,66,332047,9,376862
11305,0.036035,172.31.36.0-255,235,332282,9,376862
11306,0.036071,172.31.36.0-255,960,333242,9,376862
11307,0.036142,172.31.36.0-255,1514,334756,9,376862
11308,0.036144,172.31.36.0-255,1514,336270,9,376862
11309,0.03615,172.31.36.0-255,1514,337784,9,376862
11310,0.036151,172.31.36.0-255,1514,339298,9,376862
11311,0.036169,172.31.36.0-255,1514,340812,9,376862
11312,0.036171,172.31.36.0-255,962,341774,9,376862
11313,0.036342,74.125.68.0-255,5738,347512,9,376862
11314,0.036349,172.31.36.0-255,66,347578,9,376862
11315,0.037587,104.244.42.0-255,66,347644,9,376862
11316,0.037654,104.244.42.0-255,66,347710,9,376862
11317,0.037736,104.244.42.0-255,66,347776,9,376862
11318,0.037742,104.244.42.0-255,66,347842,9,376862
11319,0.038615,74.125.68.0-255,5738,353580,9,376862
11320,0.038624,172.31.36.0-255,66,353646,9,376862
11321,0.040902,74.125.68.0-255,5738,359384,9,376862
11322,0.040923,172.31.36.0-255,66,359450,9,376862
11323,0.043213,74.125.68.0-255,5738,365188,9,376862
11324,0.04323,172.31.36.0-255,66,365254,9,376862
11325,0.045507,74.125.68.0-255,5738,370992,9,376862
11326,0.04552,172.31.36.0-255,66,371058,9,376862
11327,0.047779,74.125.68.0-255,5738,376796,9,376862
11328,0.04779,172.31.36.0-255,66,376862,9,376862
11329,0.0,172.31.36.0-255,105,105,9,459
11330,0.000199,172.31.36.0-255,90,195,9,459
11331,0.00021,172.31.36.0-255,66,261,9,459
11332,0.002248,74.125.200.0-255,66,327,9,459
11333,0.002265,74.125.200.0-255,66,393,9,459
11334,0.002278,172.31.36.0-255,66,459,9,459
11335,0.0,74.125.68.0-255,153,153,9,180227
11336,2.7e-05,172.31.36.0-255,66,219,9,180227
11337,6e-05,74.125.68.0-255,1484,1703,9,180227
11338,6.5e-05,172.31.36.0-255,66,1769,9,180227
11339,6.8e-05,74.125.68.0-255,1484,3253,9,180227
11340,7.2e-05,172.31.36.0-255,66,3319,9,180227
11341,0.000116,74.125.68.0-255,1484,4803,9,180227
11342,0.000119,172.31.36.0-255,66,4869,9,180227
11343,0.000162,74.125.68.0-255,2902,7771,9,180227
11344,0.000165,172.31.36.0-255,66,7837,9,180227
11345,0.00022,74.125.68.0-255,2902,10739,9,180227
11346,0.000223,172.31.36.0-255,66,10805,9,180227
11347,0.000277,74.125.68.0-255,3410,14215,9,180227
11348,0.000284,172.31.36.0-255,66,14281,9,180227
11349,0.00032,74.125.68.0-255,1484,15765,9,180227
11350,0.000323,172.31.36.0-255,66,15831,9,180227
11351,0.000407,74.125.68.0-255,2902,18733,9,180227
11352,0.000412,172.31.36.0-255,66,18799,9,180227
11353,0.000437,74.125.68.0-255,1484,20283,9,180227
11354,0.00044,172.31.36.0-255,66,20349,9,180227
11355,0.000447,74.125.68.0-255,2902,23251,9,180227
11356,0.00045,172.31.36.0-255,66,23317,9,180227
11357,0.000454,74.125.68.0-255,2902,26219,9,180227
11358,0.000458,172.31.36.0-255,66,26285,9,180227
11359,0.000486,74.125.68.0-255,2902,29187,9,180227
11360,0.00049,172.31.36.0-255,66,29253,9,180227
11361,0.000494,74.125.68.0-255,2543,31796,9,180227
11362,0.000496,172.31.36.0-255,66,31862,9,180227
11363,0.000929,74.125.68.0-255,1484,33346,9,180227
11364,0.000935,172.31.36.0-255,66,33412,9,180227
11365,0.000945,74.125.68.0-255,2902,36314,9,180227
11366,0.000955,172.31.36.0-255,66,36380,9,180227
11367,0.000959,74.125.68.0-255,1484,37864,9,180227
11368,0.000979,74.125.68.0-255,2902,40766,9,180227
11369,0.001,74.125.68.0-255,5738,46504,9,180227
11370,0.001007,74.125.68.0-255,7156,53660,9,180227
11371,0.001056,74.125.68.0-255,3602,57262,9,180227
11372,0.001072,74.125.68.0-255,399,57661,9,180227
11373,0.001084,172.31.36.0-255,66,57727,9,180227
11374,0.003297,74.125.68.0-255,5738,63465,9,180227
11375,0.003303,172.31.36.0-255,66,63531,9,180227
11376,0.005506,74.125.68.0-255,5738,69269,9,180227
11377,0.00551,172.31.36.0-255,66,69335,9,180227
11378,0.007716,74.125.68.0-255,5738,75073,9,180227
11379,0.007724,172.31.36.0-255,66,75139,9,180227
11380,0.00994,74.125.68.0-255,5738,80877,9,180227
11381,0.009948,172.31.36.0-255,66,80943,9,180227
11382,0.012172,74.125.68.0-255,5738,86681,9,180227
11383,0.01218,172.31.36.0-255,66,86747,9,180227
11384,0.014409,74.125.68.0-255,5738,92485,9,180227
11385,0.014418,172.31.36.0-255,66,92551,9,180227
11386,0.016634,74.125.68.0-255,5738,98289,9,180227
11387,0.016643,172.31.36.0-255,66,98355,9,180227
11388,0.018857,74.125.68.0-255,5738,104093,9,180227
11389,0.018864,172.31.36.0-255,66,104159,9,180227
11390,0.021083,74.125.68.0-255,5738,109897,9,180227
11391,0.02109,172.31.36.0-255,66,109963,9,180227
11392,0.023302,74.125.68.0-255,5738,115701,9,180227
11393,0.023309,172.31.36.0-255,66,115767,9,180227
11394,0.025515,74.125.68.0-255,5738,121505,9,180227
11395,0.025522,172.31.36.0-255,66,121571,9,180227
11396,0.027741,74.125.68.0-255,5738,127309,9,180227
11397,0.027748,172.31.36.0-255,66,127375,9,180227
11398,0.029947,74.125.68.0-255,4320,131695,9,180227
11399,0.029954,172.31.36.0-255,66,131761,9,180227
11400,0.029984,74.125.68.0-255,1484,133245,9,180227
11401,0.030472,172.31.36.0-255,172,133417,9,180227
11402,0.030508,172.31.36.0-255,1070,134487,9,180227
11403,0.032036,104.244.42.0-255,66,134553,9,180227
11404,0.032073,104.244.42.0-255,66,134619,9,180227
11405,0.032156,74.125.68.0-255,4320,138939,9,180227
11406,0.03216,172.31.36.0-255,66,139005,9,180227
11407,0.034376,74.125.68.0-255,5738,144743,9,180227
11408,0.034432,172.31.36.0-255,66,144809,9,180227
11409,0.036635,74.125.68.0-255,5738,150547,9,180227
11410,0.03664,172.31.36.0-255,66,150613,9,180227
11411,0.038842,74.125.68.0-255,4320,154933,9,180227
11412,0.038848,172.31.36.0-255,66,154999,9,180227
11413,0.03888,74.125.68.0-255,1484,156483,9,180227
11414,0.041063,74.125.68.0-255,4320,160803,9,180227
11415,0.041069,172.31.36.0-255,66,160869,9,180227
11416,0.043286,74.125.68.0-255,4320,165189,9,180227
11417,0.043292,172.31.36.0-255,66,165255,9,180227
11418,0.043334,74.125.68.0-255,1484,166739,9,180227
11419,0.045509,74.125.68.0-255,1484,168223,9,180227
11420,0.045515,172.31.36.0-255,66,168289,9,180227
11421,0.045548,74.125.68.0-255,2902,171191,9,180227
11422,0.045566,172.31.36.0-255,66,171257,9,180227
11423,0.047719,74.125.68.0-255,2902,174159,9,180227
11424,0.047726,172.31.36.0-255,66,174225,9,180227
11425,0.047761,74.125.68.0-255,1484,175709,9,180227
11426,0.047778,74.125.68.0-255,1484,177193,9,180227
11427,0.047803,172.31.36.0-255,66,177259,9,180227
11428,0.049933,74.125.68.0-255,2902,180161,9,180227
11429,0.049939,172.31.36.0-255,66,180227,9,180227
11430,0.0,74.125.68.0-255,153,153,9,325814
11431,2.2e-05,172.31.36.0-255,66,219,9,325814
11432,2.9e-05,74.125.68.0-255,1484,1703,9,325814
11433,3.4e-05,172.31.36.0-255,66,1769,9,325814
11434,4e-05,74.125.68.0-255,2902,4671,9,325814
11435,4.3e-05,172.31.36.0-255,66,4737,9,325814
11436,4.9e-05,74.125.68.0-255,4320,9057,9,325814
11437,5.2e-05,172.31.36.0-255,66,9123,9,325814
11438,5.6e-05,74.125.68.0-255,1484,10607,9,325814
11439,5.8e-05,172.31.36.0-255,66,10673,9,325814
11440,8e-05,74.125.68.0-255,3465,14138,9,325814
11441,8.3e-05,172.31.36.0-255,66,14204,9,325814
11442,8.6e-05,74.125.68.0-255,1484,15688,9,325814
11443,8.8e-05,172.31.36.0-255,66,15754,9,325814
11444,0.000107,74.125.68.0-255,1484,17238,9,325814
11445,0.000109,172.31.36.0-255,66,17304,9,325814
11446,0.000132,74.125.68.0-255,2902,20206,9,325814
11447,0.000135,172.31.36.0-255,66,20272,9,325814
11448,0.00016,74.125.68.0-255,5738,26010,9,325814
11449,0.000163,172.31.36.0-255,66,26076,9,325814
11450,0.000166,74.125.68.0-255,1484,27560,9,325814
11451,0.000169,172.31.36.0-255,66,27626,9,325814
11452,0.000174,74.125.68.0-255,2902,30528,9,325814
11453,0.000176,172.31.36.0-255,66,30594,9,325814
11454,0.000209,74.125.68.0-255,1125,31719,9,325814
11455,0.000212,172.31.36.0-255,66,31785,9,325814
11456,0.000297,74.125.68.0-255,1484,33269,9,325814
11457,0.000301,172.31.36.0-255,66,33335,9,325814
11458,0.000307,74.125.68.0-255,2902,36237,9,325814
11459,0.000309,172.31.36.0-255,66,36303,9,325814
11460,0.000332,74.125.68.0-255,4320,40623,9,325814
11461,0.000335,172.31.36.0-255,66,40689,9,325814
11462,0.000338,74.125.68.0-255,1484,42173,9,325814
11463,0.000357,74.125.68.0-255,7156,49329,9,325814
11464,0.00036,172.31.36.0-255,66,49395,9,325814
11465,0.000366,74.125.68.0-255,5738,55133,9,325814
11466,0.000368,172.31.36.0-255,66,55199,9,325814
11467,0.000393,74.125.68.0-255,7156,62355,9,325814
11468,0.000396,172.31.36.0-255,66,62421,9,325814
11469,0.00043,74.125.68.0-255,3602,66023,9,325814
11470,0.000432,172.31.36.0-255,66,66089,9,325814
11471,0.000445,74.125.68.0-255,444,66533,9,325814
11472,0.000574,74.125.68.0-255,1484,68017,9,325814
11473,0.00058,172.31.36.0-255,66,68083,9,325814
11474,0.000585,74.125.68.0-255,2902,70985,9,325814
11475,0.000588,172.31.36.0-255,66,71051,9,325814
11476,0.000611,74.125.68.0-255,5738,76789,9,325814
11477,0.000615,172.31.36.0-255,66,76855,9,325814
11478,0.000621,74.125.68.0-255,5738,82593,9,325814
11479,0.000623,172.31.36.0-255,66,82659,9,325814
11480,0.000651,74.125.68.0-255,7156,89815,9,325814
11481,0.000654,172.31.36.0-255,66,89881,9,325814
11482,0.000665,74.125.68.0-255,1484,91365,9,325814
11483,0.000701,172.31.36.0-255,66,91431,9,325814
11484,0.001037,74.125.68.0-255,1484,92915,9,325814
11485,0.001063,74.125.68.0-255,2902,95817,9,325814
11486,0.001068,172.31.36.0-255,66,95883,9,325814
11487,0.001098,74.125.68.0-255,1484,97367,9,325814
11488,0.001134,74.125.68.0-255,2902,100269,9,325814
11489,0.001137,172.31.36.0-255,66,100335,9,325814
11490,0.001141,74.125.68.0-255,1484,101819,9,325814
11491,0.001155,74.125.68.0-255,2902,104721,9,325814
11492,0.001158,172.31.36.0-255,66,104787,9,325814
11493,0.001183,74.125.68.0-255,4320,109107,9,325814
11494,0.001186,172.31.36.0-255,66,109173,9,325814
11495,0.00121,74.125.68.0-255,4320,113493,9,325814
11496,0.001213,172.31.36.0-255,66,113559,9,325814
11497,0.001221,74.125.68.0-255,5738,119297,9,325814
11498,0.001223,172.31.36.0-255,66,119363,9,325814
11499,0.00123,74.125.68.0-255,6438,125801,9,325814
11500,0.001233,172.31.36.0-255,66,125867,9,325814
11501,0.001306,74.125.68.0-255,1484,127351,9,325814
11502,0.001333,74.125.68.0-255,1484,128835,9,325814
11503,0.001336,172.31.36.0-255,66,128901,9,325814
11504,0.00139,74.125.68.0-255,2902,131803,9,325814
11505,0.001393,172.31.36.0-255,66,131869,9,325814
11506,0.001456,74.125.68.0-255,1484,133353,9,325814
11507,0.001483,74.125.68.0-255,1484,134837,9,325814
11508,0.001486,172.31.36.0-255,66,134903,9,325814
11509,0.001508,74.125.68.0-255,2902,137805,9,325814
11510,0.00151,172.31.36.0-255,66,137871,9,325814
11511,0.001547,74.125.68.0-255,1484,139355,9,325814
11512,0.001552,74.125.68.0-255,2902,142257,9,325814
11513,0.001554,172.31.36.0-255,66,142323,9,325814
11514,0.001582,74.125.68.0-255,1484,143807,9,325814
11515,0.001605,74.125.68.0-255,4320,148127,9,325814
11516,0.001607,172.31.36.0-255,66,148193,9,325814
11517,0.001626,74.125.68.0-255,1484,149677,9,325814
11518,0.001643,74.125.68.0-255,5738,155415,9,325814
11519,0.001645,172.31.36.0-255,66,155481,9,325814
11520,0.001649,74.125.68.0-255,1484,156965,9,325814
11521,0.001667,74.125.68.0-255,3602,160567,9,325814
11522,0.001673,172.31.36.0-255,66,160633,9,325814
11523,0.001992,74.125.68.0-255,1484,162117,9,325814
11524,0.002023,74.125.68.0-255,2902,165019,9,325814
11525,0.002027,172.31.36.0-255,66,165085,9,325814
11526,0.002035,74.125.68.0-255,5738,170823,9,325814
11527,0.002037,172.31.36.0-255,66,170889,9,325814
11528,0.002054,74.125.68.0-255,2902,173791,9,325814
11529,0.002056,172.31.36.0-255,66,173857,9,325814
11530,0.002062,74.125.68.0-255,4320,178177,9,325814
11531,0.002064,172.31.36.0-255,66,178243,9,325814
11532,0.002069,74.125.68.0-255,2902,181145,9,325814
11533,0.002071,172.31.36.0-255,66,181211,9,325814
11534,0.002117,74.125.68.0-255,5738,186949,9,325814
11535,0.002121,172.31.36.0-255,66,187015,9,325814
11536,0.002128,74.125.68.0-255,7156,194171,9,325814
11537,0.00213,172.31.36.0-255,66,194237,9,325814
11538,0.002133,74.125.68.0-255,766,195003,9,325814
11539,0.002212,74.125.68.0-255,1484,196487,9,325814
11540,0.002216,172.31.36.0-255,66,196553,9,325814
11541,0.002236,74.125.68.0-255,2902,199455,9,325814
11542,0.002238,172.31.36.0-255,66,199521,9,325814
11543,0.002242,74.125.68.0-255,2902,202423,9,325814
11544,0.002244,172.31.36.0-255,66,202489,9,325814
11545,0.002248,74.125.68.0-255,1484,203973,9,325814
11546,0.002279,74.125.68.0-255,2902,206875,9,325814
11547,0.002283,172.31.36.0-255,66,206941,9,325814
11548,0.002293,172.31.36.0-255,66,207007,9,325814
11549,0.002297,74.125.68.0-255,1484,208491,9,325814
11550,0.004547,74.125.68.0-255,4320,212811,9,325814
11551,0.004554,172.31.36.0-255,66,212877,9,325814
11552,0.006802,74.125.68.0-255,4320,217197,9,325814
11553,0.006806,172.31.36.0-255,66,217263,9,325814
11554,0.006825,74.125.68.0-255,1484,218747,9,325814
11555,0.009073,74.125.68.0-255,4320,223067,9,325814
11556,0.009081,172.31.36.0-255,66,223133,9,325814
11557,0.01137,74.125.68.0-255,5738,228871,9,325814
11558,0.01138,172.31.36.0-255,66,228937,9,325814
11559,0.013651,74.125.68.0-255,5738,234675,9,325814
11560,0.013662,172.31.36.0-255,66,234741,9,325814
11561,0.015935,74.125.68.0-255,5738,240479,9,325814
11562,0.015954,172.31.36.0-255,66,240545,9,325814
11563,0.01823,74.125.68.0-255,5738,246283,9,325814
11564,0.018243,172.31.36.0-255,66,246349,9,325814
11565,0.020503,74.125.68.0-255,5738,252087,9,325814
11566,0.020512,172.31.36.0-255,66,252153,9,325814
11567,0.022787,74.125.68.0-255,5738,257891,9,325814
11568,0.022796,172.31.36.0-255,66,257957,9,325814
11569,0.025072,74.125.68.0-255,5738,263695,9,325814
11570,0.025083,172.31.36.0-255,66,263761,9,325814
11571,0.027345,74.125.68.0-255,5738,269499,9,325814
11572,0.027359,172.31.36.0-255,66,269565,9,325814
11573,0.029627,74.125.68.0-255,5738,275303,9,325814
11574,0.029639,172.31.36.0-255,66,275369,9,325814
11575,0.031918,74.125.68.0-255,5738,281107,9,325814
11576,0.03193,172.31.36.0-255,66,281173,9,325814
11577,0.0342,74.125.68.0-255,5738,286911,9,325814
11578,0.03421,172.31.36.0-255,66,286977,9,325814
11579,0.03521,172.31.36.0-255,168,287145,9,325814
11580,0.035244,172.31.36.0-255,1123,288268,9,325814
11581,0.0353,172.31.36.0-255,1514,289782,9,325814
11582,0.035302,172.31.36.0-255,1010,290792,9,325814
11583,0.036472,74.125.68.0-255,5738,296530,9,325814
11584,0.036481,172.31.36.0-255,66,296596,9,325814
11585,0.0368,104.244.42.0-255,66,296662,9,325814
11586,0.036809,104.244.42.0-255,66,296728,9,325814
11587,0.037001,104.244.42.0-255,66,296794,9,325814
11588,0.038756,74.125.68.0-255,5738,302532,9,325814
11589,0.038763,172.31.36.0-255,66,302598,9,325814
11590,0.041034,74.125.68.0-255,5738,308336,9,325814
11591,0.041041,172.31.36.0-255,66,308402,9,325814
11592,0.043314,74.125.68.0-255,5738,314140,9,325814
11593,0.043323,172.31.36.0-255,66,314206,9,325814
11594,0.045615,74.125.68.0-255,5738,319944,9,325814
11595,0.045622,172.31.36.0-255,66,320010,9,325814
11596,0.047893,74.125.68.0-255,5738,325748,9,325814
11597,0.047899,172.31.36.0-255,66,325814,9,325814
11598,0.0,172.31.36.0-255,105,105,9,276
11599,0.002041,157.240.13.0-255,105,210,9,276
11600,0.002057,172.31.36.0-255,66,276,9,276
11601,0.0,172.217.194.0-255,226,226,9,159675
11602,3.4e-05,172.31.36.0-255,66,292,9,159675
11603,4.1e-05,172.217.194.0-255,1484,1776,9,159675
11604,4.6e-05,172.31.36.0-255,66,1842,9,159675
11605,6.1e-05,172.217.194.0-255,4320,6162,9,159675
11606,6.5e-05,172.31.36.0-255,66,6228,9,159675
11607,0.00023,172.217.194.0-255,5738,11966,9,159675
11608,0.000237,172.31.36.0-255,66,12032,9,159675
11609,0.000264,172.217.194.0-255,3394,15426,9,159675
11610,0.000267,172.31.36.0-255,66,15492,9,159675
11611,0.000604,172.31.36.0-255,66,15558,9,159675
11612,0.000947,172.217.194.0-255,4320,19878,9,159675
11613,0.000954,172.31.36.0-255,66,19944,9,159675
11614,0.000982,172.217.194.0-255,2543,22487,9,159675
11615,0.000986,172.31.36.0-255,66,22553,9,159675
11616,0.002075,172.217.194.0-255,1515,24068,9,159675
11617,0.002083,172.31.36.0-255,66,24134,9,159675
11618,0.00303,172.217.194.0-255,2902,27036,9,159675
11619,0.003033,172.31.36.0-255,66,27102,9,159675
11620,0.004152,172.217.194.0-255,2902,30004,9,159675
11621,0.004159,172.31.36.0-255,66,30070,9,159675
11622,0.005089,172.217.194.0-255,2902,32972,9,159675
11623,0.005095,172.31.36.0-255,66,33038,9,159675
11624,0.006209,172.217.194.0-255,2902,35940,9,159675
11625,0.006215,172.31.36.0-255,66,36006,9,159675
11626,0.007152,172.217.194.0-255,1453,37459,9,159675
11627,0.007159,172.31.36.0-255,66,37525,9,159675
11628,0.007168,172.217.194.0-255,1484,39009,9,159675
11629,0.00717,172.31.36.0-255,66,39075,9,159675
11630,0.008276,172.217.194.0-255,2902,41977,9,159675
11631,0.008282,172.31.36.0-255,66,42043,9,159675
11632,0.009216,172.217.194.0-255,2902,44945,9,159675
11633,0.009223,172.31.36.0-255,66,45011,9,159675
11634,0.010325,172.217.194.0-255,2902,47913,9,159675
11635,0.010331,172.31.36.0-255,66,47979,9,159675
11636,0.011289,172.217.194.0-255,2902,50881,9,159675
11637,0.011295,172.31.36.0-255,66,50947,9,159675
11638,0.012365,172.217.194.0-255,1484,52431,9,159675
11639,0.012372,172.31.36.0-255,66,52497,9,159675
11640,0.012405,172.217.194.0-255,1484,53981,9,159675
11641,0.01241,172.31.36.0-255,66,54047,9,159675
11642,0.013314,172.217.194.0-255,2902,56949,9,159675
11643,0.01332,172.31.36.0-255,66,57015,9,159675
11644,0.014395,172.217.194.0-255,1484,58499,9,159675
11645,0.014404,172.31.36.0-255,66,58565,9,159675
11646,0.014463,172.217.194.0-255,1484,60049,9,159675
11647,0.014468,172.31.36.0-255,66,60115,9,159675
11648,0.015366,172.217.194.0-255,2902,63017,9,159675
11649,0.015373,172.31.36.0-255,66,63083,9,159675
11650,0.016475,172.217.194.0-255,1484,64567,9,159675
11651,0.016481,172.31.36.0-255,66,64633,9,159675
11652,0.017427,172.217.194.0-255,2902,67535,9,159675
11653,0.017434,172.31.36.0-255,66,67601,9,159675
11654,0.017471,172.217.194.0-255,1484,69085,9,159675
11655,0.018547,172.217.194.0-255,1484,70569,9,159675
11656,0.018554,172.31.36.0-255,66,70635,9,159675
11657,0.01948,172.217.194.0-255,2902,73537,9,159675
11658,0.019486,172.31.36.0-255,66,73603,9,159675
11659,0.020583,172.217.194.0-255,2902,76505,9,159675
11660,0.020589,172.31.36.0-255,66,76571,9,159675
11661,0.021533,172.217.194.0-255,2902,79473,9,159675
11662,0.021539,172.31.36.0-255,66,79539,9,159675
11663,0.022641,172.217.194.0-255,2902,82441,9,159675
11664,0.022647,172.31.36.0-255,66,82507,9,159675
11665,0.023615,172.217.194.0-255,2902,85409,9,159675
11666,0.023622,172.31.36.0-255,66,85475,9,159675
11667,0.024703,172.217.194.0-255,2902,88377,9,159675
11668,0.024711,172.31.36.0-255,66,88443,9,159675
11669,0.02565,172.217.194.0-255,2902,91345,9,159675
11670,0.025657,172.31.36.0-255,66,91411,9,159675
11671,0.026754,172.217.194.0-255,2902,94313,9,159675
11672,0.026761,172.31.36.0-255,66,94379,9,159675
11673,0.027702,172.217.194.0-255,2902,97281,9,159675
11674,0.027709,172.31.36.0-255,66,97347,9,159675
11675,0.028836,172.217.194.0-255,2902,100249,9,159675
11676,0.028844,172.31.36.0-255,66,100315,9,159675
11677,0.029772,172.217.194.0-255,2902,103217,9,159675
11678,0.029779,172.31.36.0-255,66,103283,9,159675
11679,0.030923,172.217.194.0-255,2902,106185,9,159675
11680,0.030929,172.31.36.0-255,66,106251,9,159675
11681,0.031846,172.217.194.0-255,2902,109153,9,159675
11682,0.031853,172.31.36.0-255,66,109219,9,159675
11683,0.033009,172.217.194.0-255,2902,112121,9,159675
11684,0.033015,172.31.36.0-255,66,112187,9,159675
11685,0.033911,172.217.194.0-255,2902,115089,9,159675
11686,0.033917,172.31.36.0-255,66,115155,9,159675
11687,0.035078,172.217.194.0-255,2902,118057,9,159675
11688,0.035086,172.31.36.0-255,66,118123,9,159675
11689,0.035965,172.217.194.0-255,2902,121025,9,159675
11690,0.035973,172.31.36.0-255,66,121091,9,159675
11691,0.037166,172.217.194.0-255,2902,123993,9,159675
11692,0.037173,172.31.36.0-255,66,124059,9,159675
11693,0.038003,172.217.194.0-255,2902,126961,9,159675
11694,0.03801,172.31.36.0-255,66,127027,9,159675
11695,0.039226,172.217.194.0-255,2902,129929,9,159675
11696,0.039232,172.31.36.0-255,66,129995,9,159675
11697,0.040047,172.217.194.0-255,2902,132897,9,159675
11698,0.040055,172.31.36.0-255,66,132963,9,159675
11699,0.041294,172.217.194.0-255,2902,135865,9,159675
11700,0.041301,172.31.36.0-255,66,135931,9,159675
11701,0.042098,172.217.194.0-255,2902,138833,9,159675
11702,0.042105,172.31.36.0-255,66,138899,9,159675
11703,0.043341,172.217.194.0-255,2902,141801,9,159675
11704,0.043348,172.31.36.0-255,66,141867,9,159675
11705,0.044135,172.217.194.0-255,2902,144769,9,159675
11706,0.044141,172.31.36.0-255,66,144835,9,159675
11707,0.045397,172.217.194.0-255,2902,147737,9,159675
11708,0.045404,172.31.36.0-255,66,147803,9,159675
11709,0.046204,172.217.194.0-255,2902,150705,9,159675
11710,0.046211,172.31.36.0-255,66,150771,9,159675
11711,0.04747,172.217.194.0-255,2902,153673,9,159675
11712,0.047477,172.31.36.0-255,66,153739,9,159675
11713,0.04827,172.217.194.0-255,2902,156641,9,159675
11714,0.048277,172.31.36.0-255,66,156707,9,159675
11715,0.049617,172.217.194.0-255,2902,159609,9,159675
11716,0.049627,172.31.36.0-255,66,159675,9,159675
11717,0.0,172.217.194.0-255,143,143,9,253103
11718,3.7e-05,172.31.36.0-255,66,209,9,253103
11719,4.5e-05,172.217.194.0-255,1484,1693,9,253103
11720,5.1e-05,172.31.36.0-255,66,1759,9,253103
11721,6.4e-05,172.217.194.0-255,2902,4661,9,253103
11722,6.8e-05,172.31.36.0-255,66,4727,9,253103
11723,7.1e-05,172.217.194.0-255,1484,6211,9,253103
11724,7.4e-05,172.31.36.0-255,66,6277,9,253103
11725,8.1e-05,172.217.194.0-255,7156,13433,9,253103
11726,8.4e-05,172.31.36.0-255,66,13499,9,253103
11727,9.9e-05,172.217.194.0-255,2028,15527,9,253103
11728,0.000101,172.31.36.0-255,66,15593,9,253103
11729,0.000116,172.31.36.0-255,66,15659,9,253103
11730,0.000153,172.217.194.0-255,6797,22456,9,253103
11731,0.000157,172.31.36.0-255,66,22522,9,253103
11732,0.000183,172.217.194.0-255,1484,24006,9,253103
11733,0.000185,172.31.36.0-255,66,24072,9,253103
11734,0.000192,172.217.194.0-255,2902,26974,9,253103
11735,0.000195,172.31.36.0-255,66,27040,9,253103
11736,0.000235,172.217.194.0-255,5738,32778,9,253103
11737,0.000238,172.31.36.0-255,66,32844,9,253103
11738,0.000262,172.31.36.0-255,66,32910,9,253103
11739,0.000275,172.31.36.0-255,66,32976,9,253103
11740,0.000364,172.217.194.0-255,647,33623,9,253103
11741,0.000369,172.31.36.0-255,66,33689,9,253103
11742,0.000521,172.217.194.0-255,1484,35173,9,253103
11743,0.000526,172.31.36.0-255,66,35239,9,253103
11744,0.000532,172.217.194.0-255,2902,38141,9,253103
11745,0.000534,172.31.36.0-255,66,38207,9,253103
11746,0.000571,172.217.194.0-255,5738,43945,9,253103
11747,0.000575,172.217.194.0-255,2902,46847,9,253103
11748,0.000577,172.31.36.0-255,66,46913,9,253103
11749,0.000581,172.31.36.0-255,66,46979,9,253103
11750,0.000588,172.217.194.0-255,4320,51299,9,253103
11751,0.000591,172.31.36.0-255,66,51365,9,253103
11752,0.000636,172.217.194.0-255,5738,57103,9,253103
11753,0.000641,172.31.36.0-255,66,57169,9,253103
11754,0.00066,172.31.36.0-255,66,57235,9,253103
11755,0.000664,172.217.194.0-255,2184,59419,9,253103
11756,0.000669,172.31.36.0-255,66,59485,9,253103
11757,0.000798,172.217.194.0-255,1484,60969,9,253103
11758,0.000804,172.217.194.0-255,1484,62453,9,253103
11759,0.000808,172.31.36.0-255,66,62519,9,253103
11760,0.000826,172.217.194.0-255,1484,64003,9,253103
11761,0.000835,172.217.194.0-255,5738,69741,9,253103
11762,0.000838,172.31.36.0-255,66,69807,9,253103
11763,0.000866,172.217.194.0-255,5738,75545,9,253103
11764,0.00087,172.31.36.0-255,66,75611,9,253103
11765,0.000904,172.217.194.0-255,7156,82767,9,253103
11766,0.000909,172.31.36.0-255,66,82833,9,253103
11767,0.000927,172.31.36.0-255,66,82899,9,253103
11768,0.000991,172.217.194.0-255,1484,84383,9,253103
11769,0.001007,172.217.194.0-255,2902,87285,9,253103
11770,0.001011,172.31.36.0-255,66,87351,9,253103
11771,0.001017,172.217.194.0-255,4320,91671,9,253103
11772,0.001019,172.31.36.0-255,66,91737,9,253103
11773,0.001047,172.217.194.0-255,1484,93221,9,253103
11774,0.00106,172.31.36.0-255,66,93287,9,253103
11775,0.001103,172.217.194.0-255,4320,97607,9,253103
11776,0.001107,172.31.36.0-255,66,97673,9,253103
11777,0.001115,172.217.194.0-255,7156,104829,9,253103
11778,0.001118,172.31.36.0-255,66,104895,9,253103
11779,0.001129,172.217.194.0-255,3602,108497,9,253103
11780,0.001132,172.31.36.0-255,66,108563,9,253103
11781,0.001804,172.217.194.0-255,1484,110047,9,253103
11782,0.001813,172.217.194.0-255,2902,112949,9,253103
11783,0.001817,172.31.36.0-255,66,113015,9,253103
11784,0.001823,172.217.194.0-255,1484,114499,9,253103
11785,0.001845,172.217.194.0-255,4320,118819,9,253103
11786,0.001847,172.31.36.0-255,66,118885,9,253103
11787,0.00186,172.31.36.0-255,66,118951,9,253103
11788,0.00189,172.217.194.0-255,1484,120435,9,253103
11789,0.001905,172.31.36.0-255,66,120501,9,253103
11790,0.003989,172.217.194.0-255,5738,126239,9,253103
11791,0.003998,172.31.36.0-255,66,126305,9,253103
11792,0.006064,172.217.194.0-255,1484,127789,9,253103
11793,0.006084,172.217.194.0-255,4320,132109,9,253103
11794,0.006087,172.31.36.0-255,66,132175,9,253103
11795,0.008191,172.217.194.0-255,5738,137913,9,253103
11796,0.008198,172.31.36.0-255,66,137979,9,253103
11797,0.01034,172.217.194.0-255,5738,143717,9,253103
11798,0.010357,172.31.36.0-255,66,143783,9,253103
11799,0.012476,172.217.194.0-255,5738,149521,9,253103
11800,0.01251,172.31.36.0-255,66,149587,9,253103
11801,0.014632,172.217.194.0-255,5738,155325,9,253103
11802,0.014655,172.31.36.0-255,66,155391,9,253103
11803,0.01677,172.217.194.0-255,5738,161129,9,253103
11804,0.016786,172.31.36.0-255,66,161195,9,253103
11805,0.018897,172.217.194.0-255,5738,166933,9,253103
11806,0.01891,172.31.36.0-255,66,166999,9,253103
11807,0.021028,172.217.194.0-255,5738,172737,9,253103
11808,0.021046,172.31.36.0-255,66,172803,9,253103
11809,0.02314,172.217.194.0-255,5738,178541,9,253103
11810,0.023156,172.31.36.0-255,66,178607,9,253103
11811,0.025275,172.217.194.0-255,5738,184345,9,253103
11812,0.025292,172.31.36.0-255,66,184411,9,253103
11813,0.027396,172.217.194.0-255,5738,190149,9,253103
11814,0.027411,172.31.36.0-255,66,190215,9,253103
11815,0.029512,172.217.194.0-255,5738,195953,9,253103
11816,0.029527,172.31.36.0-255,66,196019,9,253103
11817,0.031622,172.217.194.0-255,5738,201757,9,253103
11818,0.031638,172.31.36.0-255,66,201823,9,253103
11819,0.033788,172.217.194.0-255,4320,206143,9,253103
11820,0.033807,172.31.36.0-255,66,206209,9,253103
11821,0.033852,172.217.194.0-255,1484,207693,9,253103
11822,0.035921,172.217.194.0-255,4320,212013,9,253103
11823,0.035936,172.31.36.0-255,66,212079,9,253103
11824,0.038009,172.217.194.0-255,5738,217817,9,253103
11825,0.038021,172.31.36.0-255,66,217883,9,253103
11826,0.040121,172.217.194.0-255,5738,223621,9,253103
11827,0.040129,172.31.36.0-255,66,223687,9,253103
11828,0.042218,172.217.194.0-255,5738,229425,9,253103
11829,0.042226,172.31.36.0-255,66,229491,9,253103
11830,0.044304,172.217.194.0-255,5738,235229,9,253103
11831,0.044312,172.31.36.0-255,66,235295,9,253103
11832,0.044791,172.31.36.0-255,172,235467,9,253103
11833,0.044833,172.31.36.0-255,1115,236582,9,253103
11834,0.044911,172.31.36.0-255,1514,238096,9,253103
11835,0.044913,172.31.36.0-255,1514,239610,9,253103
11836,0.044917,172.31.36.0-255,1514,241124,9,253103
11837,0.044918,172.31.36.0-255,107,241231,9,253103
11838,0.04635,104.244.42.0-255,66,241297,9,253103
11839,0.046387,172.217.194.0-255,5738,247035,9,253103
11840,0.046392,172.31.36.0-255,66,247101,9,253103
11841,0.046429,104.244.42.0-255,66,247167,9,253103
11842,0.046459,104.244.42.0-255,66,247233,9,253103
11843,0.046464,104.244.42.0-255,66,247299,9,253103
11844,0.048495,172.217.194.0-255,5738,253037,9,253103
11845,0.0485,172.31.36.0-255,66,253103,9,253103
11846,0.0,74.125.200.0-255,152,152,9,304557
11847,2.7e-05,172.31.36.0-255,66,218,9,304557
11848,3.5e-05,74.125.200.0-255,1484,1702,9,304557
11849,3.9e-05,172.31.36.0-255,66,1768,9,304557
11850,4.3e-05,74.125.200.0-255,1484,3252,9,304557
11851,4.8e-05,172.31.36.0-255,66,3318,9,304557
11852,5.5e-05,74.125.200.0-255,2902,6220,9,304557
11853,5.8e-05,172.31.36.0-255,66,6286,9,304557
11854,6.4e-05,74.125.200.0-255,5738,12024,9,304557
11855,6.7e-05,172.31.36.0-255,66,12090,9,304557
11856,7.1e-05,74.125.200.0-255,2040,14130,9,304557
11857,7.3e-05,172.31.36.0-255,66,14196,9,304557
11858,9.7e-05,74.125.200.0-255,2902,17098,9,304557
11859,0.0001,172.31.36.0-255,66,17164,9,304557
11860,0.000104,74.125.200.0-255,2902,20066,9,304557
11861,0.000106,172.31.36.0-255,66,20132,9,304557
11862,0.000132,74.125.200.0-255,4320,24452,9,304557
11863,0.000134,172.31.36.0-255,66,24518,9,304557
11864,0.000139,74.125.200.0-255,2902,27420,9,304557
11865,0.000141,172.31.36.0-255,66,27486,9,304557
11866,0.000161,74.125.200.0-255,3961,31447,9,304557
11867,0.000164,172.31.36.0-255,66,31513,9,304557
11868,0.000211,74.125.200.0-255,1484,32997,9,304557
11869,0.000213,172.31.36.0-255,66,33063,9,304557
11870,0.000227,74.125.200.0-255,2902,35965,9,304557
11871,0.00023,172.31.36.0-255,66,36031,9,304557
11872,0.000233,74.125.200.0-255,1484,37515,9,304557
11873,0.000235,172.31.36.0-255,66,37581,9,304557
11874,0.000261,74.125.200.0-255,4320,41901,9,304557
11875,0.000263,172.31.36.0-255,66,41967,9,304557
11876,0.000268,74.125.200.0-255,2902,44869,9,304557
11877,0.00027,172.31.36.0-255,66,44935,9,304557
11878,0.000305,74.125.200.0-255,3961,48896,9,304557
11879,0.000307,172.31.36.0-255,66,48962,9,304557
11880,0.000315,74.125.200.0-255,7156,56118,9,304557
11881,0.000317,172.31.36.0-255,66,56184,9,304557
11882,0.000323,74.125.200.0-255,5738,61922,9,304557
11883,0.000326,172.31.36.0-255,66,61988,9,304557
11884,0.000346,74.125.200.0-255,4265,66253,9,304557
11885,0.000348,172.31.36.0-255,66,66319,9,304557
11886,0.000352,74.125.200.0-255,114,66433,9,304557
11887,0.000373,74.125.200.0-255,333,66766,9,304557
11888,0.000599,74.125.200.0-255,1484,68250,9,304557
11889,0.000605,172.31.36.0-255,66,68316,9,304557
11890,0.000612,74.125.200.0-255,2902,71218,9,304557
11891,0.000614,172.31.36.0-255,66,71284,9,304557
11892,0.000617,74.125.200.0-255,1484,72768,9,304557
11893,0.000635,74.125.200.0-255,2902,75670,9,304557
11894,0.000638,172.31.36.0-255,66,75736,9,304557
11895,0.000656,74.125.200.0-255,2902,78638,9,304557
11896,0.000659,172.31.36.0-255,66,78704,9,304557
11897,0.000677,74.125.200.0-255,5738,84442,9,304557
11898,0.000679,172.31.36.0-255,66,84508,9,304557
11899,0.000695,74.125.200.0-255,5738,90246,9,304557
11900,0.000729,172.31.36.0-255,66,90312,9,304557
11901,0.000755,172.31.36.0-255,66,90378,9,304557
11902,0.000779,74.125.200.0-255,1484,91862,9,304557
11903,0.000802,74.125.200.0-255,2902,94764,9,304557
11904,0.000805,172.31.36.0-255,66,94830,9,304557
11905,0.000808,74.125.200.0-255,1484,96314,9,304557
11906,0.000831,74.125.200.0-255,4320,100634,9,304557
11907,0.000834,172.31.36.0-255,66,100700,9,304557
11908,0.000838,74.125.200.0-255,2902,103602,9,304557
11909,0.00084,172.31.36.0-255,66,103668,9,304557
11910,0.000843,74.125.200.0-255,1484,105152,9,304557
11911,0.00086,74.125.200.0-255,5738,110890,9,304557
11912,0.000862,172.31.36.0-255,66,110956,9,304557
11913,0.000889,74.125.200.0-255,2902,113858,9,304557
11914,0.000892,172.31.36.0-255,66,113924,9,304557
11915,0.000905,172.31.36.0-255,66,113990,9,304557
11916,0.00096,74.125.200.0-255,1484,115474,9,304557
11917,0.000977,74.125.200.0-255,2902,118376,9,304557
11918,0.000981,172.31.36.0-255,66,118442,9,304557
11919,0.000987,74.125.200.0-255,4320,122762,9,304557
11920,0.000989,172.31.36.0-255,66,122828,9,304557
11921,0.001027,74.125.200.0-255,4320,127148,9,304557
11922,0.001031,172.31.36.0-255,66,127214,9,304557
11923,0.001053,74.125.200.0-255,4320,131534,9,304557
11924,0.001056,172.31.36.0-255,66,131600,9,304557
11925,0.00107,74.125.200.0-255,2902,134502,9,304557
11926,0.001072,172.31.36.0-255,66,134568,9,304557
11927,0.001091,74.125.200.0-255,7156,141724,9,304557
11928,0.001093,172.31.36.0-255,66,141790,9,304557
11929,0.001098,74.125.200.0-255,2902,144692,9,304557
11930,0.0011,172.31.36.0-255,66,144758,9,304557
11931,0.001149,74.125.200.0-255,5020,149778,9,304557
11932,0.001153,172.31.36.0-255,66,149844,9,304557
11933,0.001157,74.125.200.0-255,1484,151328,9,304557
11934,0.001175,74.125.200.0-255,4320,155648,9,304557
11935,0.001177,172.31.36.0-255,66,155714,9,304557
11936,0.0012,74.125.200.0-255,4320,160034,9,304557
11937,0.001203,172.31.36.0-255,66,160100,9,304557
11938,0.001209,74.125.200.0-255,4320,164420,9,304557
11939,0.001211,172.31.36.0-255,66,164486,9,304557
11940,0.001223,74.125.200.0-255,1484,165970,9,304557
11941,0.001245,172.31.36.0-255,66,166036,9,304557
11942,0.001264,74.125.200.0-255,1484,167520,9,304557
11943,0.001295,172.31.36.0-255,66,167586,9,304557
11944,0.001302,74.125.200.0-255,5738,173324,9,304557
11945,0.001304,172.31.36.0-255,66,173390,9,304557
11946,0.001311,74.125.200.0-255,7156,180546,9,304557
11947,0.001314,172.31.36.0-255,66,180612,9,304557
11948,0.001349,74.125.200.0-255,1995,182607,9,304557
11949,0.001353,172.31.36.0-255,66,182673,9,304557
11950,0.003576,74.125.200.0-255,5738,188411,9,304557
11951,0.003588,172.31.36.0-255,66,188477,9,304557
11952,0.005833,74.125.200.0-255,5738,194215,9,304557
11953,0.005839,172.31.36.0-255,66,194281,9,304557
11954,0.008095,74.125.200.0-255,5738,200019,9,304557
11955,0.008106,172.31.36.0-255,66,200085,9,304557
11956,0.010356,74.125.200.0-255,5738,205823,9,304557
11957,0.010366,172.31.36.0-255,66,205889,9,304557
11958,0.012649,74.125.200.0-255,5738,211627,9,304557
11959,0.012666,172.31.36.0-255,66,211693,9,304557
11960,0.014945,74.125.200.0-255,5738,217431,9,304557
11961,0.014962,172.31.36.0-255,66,217497,9,304557
11962,0.017246,74.125.200.0-255,5738,223235,9,304557
11963,0.017263,172.31.36.0-255,66,223301,9,304557
11964,0.01953,74.125.200.0-255,5738,229039,9,304557
11965,0.019544,172.31.36.0-255,66,229105,9,304557
11966,0.021821,74.125.200.0-255,5738,234843,9,304557
11967,0.02184,172.31.36.0-255,66,234909,9,304557
11968,0.024163,74.125.200.0-255,5738,240647,9,304557
11969,0.024183,172.31.36.0-255,66,240713,9,304557
11970,0.026451,74.125.200.0-255,5738,246451,9,304557
11971,0.026462,172.31.36.0-255,66,246517,9,304557
11972,0.02871,74.125.200.0-255,5738,252255,9,304557
11973,0.028719,172.31.36.0-255,66,252321,9,304557
11974,0.030989,74.125.200.0-255,5738,258059,9,304557
11975,0.031003,172.31.36.0-255,66,258125,9,304557
11976,0.03327,74.125.200.0-255,5738,263863,9,304557
11977,0.033286,172.31.36.0-255,66,263929,9,304557
11978,0.035548,74.125.200.0-255,5738,269667,9,304557
11979,0.035563,172.31.36.0-255,66,269733,9,304557
11980,0.03783,74.125.200.0-255,5738,275471,9,304557
11981,0.037848,172.31.36.0-255,66,275537,9,304557
11982,0.040109,74.125.200.0-255,5738,281275,9,304557
11983,0.040123,172.31.36.0-255,66,281341,9,304557
11984,0.042389,74.125.200.0-255,5738,287079,9,304557
11985,0.042403,172.31.36.0-255,66,287145,9,304557
11986,0.044667,74.125.200.0-255,5738,292883,9,304557
11987,0.044684,172.31.36.0-255,66,292949,9,304557
11988,0.046951,74.125.200.0-255,5738,298687,9,304557
11989,0.046969,172.31.36.0-255,66,298753,9,304557
11990,0.049234,74.125.200.0-255,5738,304491,9,304557
11991,0.049244,172.31.36.0-255,66,304557,9,304557
11992,0.0,74.125.24.0-255,146,146,9,203632
11993,2.6e-05,172.31.36.0-255,66,212,9,203632
11994,3.3e-05,74.125.24.0-255,1484,1696,9,203632
11995,3.7e-05,172.31.36.0-255,66,1762,9,203632
11996,4.2e-05,74.125.24.0-255,2902,4664,9,203632
11997,5.2e-05,172.31.36.0-255,66,4730,9,203632
11998,6e-05,74.125.24.0-255,7156,11886,9,203632
11999,6.3e-05,172.31.36.0-255,66,11952,9,203632
12000,6.6e-05,74.125.24.0-255,1484,13436,9,203632
12001,6.8e-05,172.31.36.0-255,66,13502,9,203632
12002,0.0001,74.125.24.0-255,567,14069,9,203632
12003,0.000104,172.31.36.0-255,66,14135,9,203632
12004,0.000262,74.125.24.0-255,1484,15619,9,203632
12005,0.000267,172.31.36.0-255,66,15685,9,203632
12006,0.000272,74.125.24.0-255,2902,18587,9,203632
12007,0.000275,172.31.36.0-255,66,18653,9,203632
12008,0.000302,74.125.24.0-255,5738,24391,9,203632
12009,0.000305,172.31.36.0-255,66,24457,9,203632
12010,0.000339,74.125.24.0-255,6797,31254,9,203632
12011,0.000343,172.31.36.0-255,66,31320,9,203632
12012,0.000405,74.125.24.0-255,1484,32804,9,203632
12013,0.000408,172.31.36.0-255,66,32870,9,203632
12014,0.000413,74.125.24.0-255,2902,35772,9,203632
12015,0.000415,172.31.36.0-255,66,35838,9,203632
12016,0.000419,74.125.24.0-255,1484,37322,9,203632
12017,0.000427,172.31.36.0-255,66,37388,9,203632
12018,0.000456,74.125.24.0-255,2902,40290,9,203632
12019,0.00046,172.31.36.0-255,66,40356,9,203632
12020,0.000496,172.31.36.0-255,66,40422,9,203632
12021,0.00129,74.125.24.0-255,1484,41906,9,203632
12022,0.001297,172.31.36.0-255,66,41972,9,203632
12023,0.001307,74.125.24.0-255,2902,44874,9,203632
12024,0.00131,172.31.36.0-255,66,44940,9,203632
12025,0.001322,74.125.24.0-255,4320,49260,9,203632
12026,0.001324,172.31.36.0-255,66,49326,9,203632
12027,0.001329,74.125.24.0-255,1484,50810,9,203632
12028,0.001367,74.125.24.0-255,6797,57607,9,203632
12029,0.00137,172.31.36.0-255,66,57673,9,203632
12030,0.001403,74.125.24.0-255,1484,59157,9,203632
12031,0.001416,74.125.24.0-255,2902,62059,9,203632
12032,0.001419,172.31.36.0-255,66,62125,9,203632
12033,0.001447,74.125.24.0-255,5738,67863,9,203632
12034,0.001449,172.31.36.0-255,66,67929,9,203632
12035,0.001454,74.125.24.0-255,4320,72249,9,203632
12036,0.001455,172.31.36.0-255,66,72315,9,203632
12037,0.001461,74.125.24.0-255,5379,77694,9,203632
12038,0.001463,172.31.36.0-255,66,77760,9,203632
12039,0.001514,172.31.36.0-255,66,77826,9,203632
12040,0.001519,74.125.24.0-255,3125,80951,9,203632
12041,0.00152,172.31.36.0-255,66,81017,9,203632
12042,0.003828,74.125.24.0-255,1484,82501,9,203632
12043,0.003845,74.125.24.0-255,4320,86821,9,203632
12044,0.003851,172.31.36.0-255,66,86887,9,203632
12045,0.006151,74.125.24.0-255,5738,92625,9,203632
12046,0.006157,172.31.36.0-255,66,92691,9,203632
12047,0.008461,74.125.24.0-255,5738,98429,9,203632
12048,0.008468,172.31.36.0-255,66,98495,9,203632
12049,0.010804,74.125.24.0-255,5738,104233,9,203632
12050,0.010812,172.31.36.0-255,66,104299,9,203632
12051,0.01311,74.125.24.0-255,5738,110037,9,203632
12052,0.01312,172.31.36.0-255,66,110103,9,203632
12053,0.015448,74.125.24.0-255,5738,115841,9,203632
12054,0.015457,172.31.36.0-255,66,115907,9,203632
12055,0.017787,74.125.24.0-255,5738,121645,9,203632
12056,0.017798,172.31.36.0-255,66,121711,9,203632
12057,0.020104,74.125.24.0-255,5738,127449,9,203632
12058,0.020116,172.31.36.0-255,66,127515,9,203632
12059,0.022425,74.125.24.0-255,5738,133253,9,203632
12060,0.022439,172.31.36.0-255,66,133319,9,203632
12061,0.024772,74.125.24.0-255,5738,139057,9,203632
12062,0.024785,172.31.36.0-255,66,139123,9,203632
12063,0.02584,172.31.36.0-255,188,139311,9,203632
12064,0.025872,172.31.36.0-255,960,140271,9,203632
12065,0.025918,172.31.36.0-255,1514,141785,9,203632
12066,0.02592,172.31.36.0-255,1514,143299,9,203632
12067,0.025921,172.31.36.0-255,1514,144813,9,203632
12068,0.025925,172.31.36.0-255,515,145328,9,203632
12069,0.027111,74.125.24.0-255,5738,151066,9,203632
12070,0.027119,172.31.36.0-255,66,151132,9,203632
12071,0.027388,104.244.42.0-255,66,151198,9,203632
12072,0.027423,104.244.42.0-255,66,151264,9,203632
12073,0.027461,104.244.42.0-255,66,151330,9,203632
12074,0.027467,104.244.42.0-255,66,151396,9,203632
12075,0.029447,74.125.24.0-255,5738,157134,9,203632
12076,0.029458,172.31.36.0-255,66,157200,9,203632
12077,0.031834,74.125.24.0-255,5738,162938,9,203632
12078,0.031841,172.31.36.0-255,66,163004,9,203632
12079,0.034149,74.125.24.0-255,5738,168742,9,203632
12080,0.034158,172.31.36.0-255,66,168808,9,203632
12081,0.036473,74.125.24.0-255,5738,174546,9,203632
12082,0.036481,172.31.36.0-255,66,174612,9,203632
12083,0.038805,74.125.24.0-255,5738,180350,9,203632
12084,0.038838,172.31.36.0-255,66,180416,9,203632
12085,0.041187,74.125.24.0-255,5738,186154,9,203632
12086,0.041195,172.31.36.0-255,66,186220,9,203632
12087,0.043514,74.125.24.0-255,5738,191958,9,203632
12088,0.043521,172.31.36.0-255,66,192024,9,203632
12089,0.045846,74.125.24.0-255,5738,197762,9,203632
12090,0.045876,172.31.36.0-255,66,197828,9,203632
12091,0.048215,74.125.24.0-255,5738,203566,9,203632
12092,0.048221,172.31.36.0-255,66,203632,9,203632
12093,0.0,172.31.36.0-255,74,74,9,3092
12094,0.002312,74.125.200.0-255,74,148,9,3092
12095,0.00233,172.31.36.0-255,66,214,9,3092
12096,0.005403,172.31.36.0-255,697,911,9,3092
12097,0.007714,74.125.200.0-255,66,977,9,3092
12098,0.008124,74.125.200.0-255,278,1255,9,3092
12099,0.008135,172.31.36.0-255,66,1321,9,3092
12100,0.014788,172.31.36.0-255,130,1451,9,3092
12101,0.016134,172.31.36.0-255,236,1687,9,3092
12102,0.016165,172.31.36.0-255,383,2070,9,3092
12103,0.017423,74.125.200.0-255,630,2700,9,3092
12104,0.018515,74.125.200.0-255,66,2766,9,3092
12105,0.018898,74.125.200.0-255,97,2863,9,3092
12106,0.018906,172.31.36.0-255,66,2929,9,3092
12107,0.019043,172.31.36.0-255,97,3026,9,3092
12108,0.025478,74.125.200.0-255,66,3092,9,3092
12109,0.0,172.31.36.0-255,105,105,9,105
12110,0.0,74.125.68.0-255,153,153,9,328597
12111,2.1e-05,172.31.36.0-255,66,219,9,328597
12112,3e-05,74.125.68.0-255,1484,1703,9,328597
12113,3.5e-05,172.31.36.0-255,66,1769,9,328597
12114,4.1e-05,74.125.68.0-255,2902,4671,9,328597
12115,4.5e-05,172.31.36.0-255,66,4737,9,328597
12116,4.9e-05,74.125.68.0-255,2902,7639,9,328597
12117,5.2e-05,172.31.36.0-255,66,7705,9,328597
12118,8.3e-05,74.125.68.0-255,4320,12025,9,328597
12119,8.7e-05,172.31.36.0-255,66,12091,9,328597
12120,9.3e-05,74.125.68.0-255,4320,16411,9,328597
12121,9.5e-05,172.31.36.0-255,66,16477,9,328597
12122,0.000111,74.125.68.0-255,4872,21349,9,328597
12123,0.000114,172.31.36.0-255,66,21415,9,328597
12124,0.000126,172.31.36.0-255,66,21481,9,328597
12125,0.000266,74.125.68.0-255,1484,22965,9,328597
12126,0.000271,172.31.36.0-255,66,23031,9,328597
12127,0.000277,74.125.68.0-255,2902,25933,9,328597
12128,0.000279,172.31.36.0-255,66,25999,9,328597
12129,0.000282,74.125.68.0-255,1484,27483,9,328597
12130,0.000284,172.31.36.0-255,66,27549,9,328597
12131,0.000316,74.125.68.0-255,4320,31869,9,328597
12132,0.000319,172.31.36.0-255,66,31935,9,328597
12133,0.000323,74.125.68.0-255,2902,34837,9,328597
12134,0.000325,172.31.36.0-255,66,34903,9,328597
12135,0.00033,74.125.68.0-255,3961,38864,9,328597
12136,0.000332,172.31.36.0-255,66,38930,9,328597
12137,0.000366,172.31.36.0-255,66,38996,9,328597
12138,0.000404,74.125.68.0-255,2902,41898,9,328597
12139,0.000407,172.31.36.0-255,66,41964,9,328597
12140,0.000429,74.125.68.0-255,5379,47343,9,328597
12141,0.000432,172.31.36.0-255,66,47409,9,328597
12142,0.000435,74.125.68.0-255,366,47775,9,328597
12143,0.001024,172.31.36.0-255,66,47841,9,328597
12144,0.001096,74.125.68.0-255,378,48219,9,328597
12145,0.001118,172.31.36.0-255,66,48285,9,328597
12146,0.001147,74.125.68.0-255,1484,49769,9,328597
12147,0.001162,74.125.68.0-255,1484,51253,9,328597
12148,0.001165,172.31.36.0-255,66,51319,9,328597
12149,0.001197,74.125.68.0-255,2902,54221,9,328597
12150,0.0012,172.31.36.0-255,66,54287,9,328597
12151,0.001207,74.125.68.0-255,5738,60025,9,328597
12152,0.001209,172.31.36.0-255,66,60091,9,328597
12153,0.001214,74.125.68.0-255,2902,62993,9,328597
12154,0.001216,172.31.36.0-255,66,63059,9,328597
12155,0.00123,74.125.68.0-255,1484,64543,9,328597
12156,0.001246,74.125.68.0-255,2902,67445,9,328597
12157,0.001249,172.31.36.0-255,66,67511,9,328597
12158,0.001269,74.125.68.0-255,4320,71831,9,328597
12159,0.001271,172.31.36.0-255,66,71897,9,328597
12160,0.001286,74.125.68.0-255,2902,74799,9,328597
12161,0.001288,172.31.36.0-255,66,74865,9,328597
12162,0.001293,74.125.68.0-255,2902,77767,9,328597
12163,0.001295,172.31.36.0-255,66,77833,9,328597
12164,0.001321,74.125.68.0-255,5020,82853,9,328597
12165,0.001323,172.31.36.0-255,66,82919,9,328597
12166,0.001864,74.125.68.0-255,1484,84403,9,328597
12167,0.001875,74.125.68.0-255,2902,87305,9,328597
12168,0.001879,172.31.36.0-255,66,87371,9,328597
12169,0.001884,74.125.68.0-255,1484,88855,9,328597
12170,0.001901,74.125.68.0-255,2902,91757,9,328597
12171,0.001903,172.31.36.0-255,66,91823,9,328597
12172,0.001931,172.31.36.0-255,66,91889,9,328597
12173,0.001971,74.125.68.0-255,4320,96209,9,328597
12174,0.001973,172.31.36.0-255,66,96275,9,328597
12175,0.001995,74.125.68.0-255,5738,102013,9,328597
12176,0.001997,172.31.36.0-255,66,102079,9,328597
12177,0.002023,74.125.68.0-255,6438,108517,9,328597
12178,0.002026,172.31.36.0-255,66,108583,9,328597
12179,0.002215,74.125.68.0-255,1484,110067,9,328597
12180,0.002234,74.125.68.0-255,1484,111551,9,328597
12181,0.002238,172.31.36.0-255,66,111617,9,328597
12182,0.002244,74.125.68.0-255,2902,114519,9,328597
12183,0.002246,172.31.36.0-255,66,114585,9,328597
12184,0.002272,74.125.68.0-255,5738,120323,9,328597
12185,0.002275,172.31.36.0-255,66,120389,9,328597
12186,0.002297,74.125.68.0-255,7156,127545,9,328597
12187,0.0023,172.31.36.0-255,66,127611,9,328597
12188,0.002318,74.125.68.0-255,1484,129095,9,328597
12189,0.00233,172.31.36.0-255,66,129161,9,328597
12190,0.002347,74.125.68.0-255,1484,130645,9,328597
12191,0.002351,74.125.68.0-255,2902,133547,9,328597
12192,0.002353,172.31.36.0-255,66,133613,9,328597
12193,0.002356,74.125.68.0-255,766,134379,9,328597
12194,0.0024,74.125.68.0-255,1484,135863,9,328597
12195,0.002402,172.31.36.0-255,66,135929,9,328597
12196,0.002408,74.125.68.0-255,4320,140249,9,328597
12197,0.002411,172.31.36.0-255,66,140315,9,328597
12198,0.002416,74.125.68.0-255,4320,144635,9,328597
12199,0.002419,172.31.36.0-255,66,144701,9,328597
12200,0.002423,74.125.68.0-255,2902,147603,9,328597
12201,0.002426,172.31.36.0-255,66,147669,9,328597
12202,0.002429,74.125.68.0-255,1484,149153,9,328597
12203,0.002432,74.125.68.0-255,1484,150637,9,328597
12204,0.002434,172.31.36.0-255,66,150703,9,328597
12205,0.002437,74.125.68.0-255,1484,152187,9,328597
12206,0.002472,74.125.68.0-255,2902,155089,9,328597
12207,0.002475,172.31.36.0-255,66,155155,9,328597
12208,0.002491,74.125.68.0-255,1484,156639,9,328597
12209,0.002497,74.125.68.0-255,4320,160959,9,328597
12210,0.0025,172.31.36.0-255,66,161025,9,328597
12211,0.002518,74.125.68.0-255,2902,163927,9,328597
12212,0.00252,172.31.36.0-255,66,163993,9,328597
12213,0.002527,74.125.68.0-255,5020,169013,9,328597
12214,0.00253,172.31.36.0-255,66,169079,9,328597
12215,0.00261,74.125.68.0-255,1484,170563,9,328597
12216,0.002624,74.125.68.0-255,1484,172047,9,328597
12217,0.002627,172.31.36.0-255,66,172113,9,328597
12218,0.002633,74.125.68.0-255,4320,176433,9,328597
12219,0.002636,172.31.36.0-255,66,176499,9,328597
12220,0.002639,74.125.68.0-255,1484,177983,9,328597
12221,0.002663,74.125.68.0-255,2902,180885,9,328597
12222,0.002665,172.31.36.0-255,66,180951,9,328597
12223,0.002683,74.125.68.0-255,2902,183853,9,328597
12224,0.002685,172.31.36.0-255,66,183919,9,328597
12225,0.00269,74.125.68.0-255,2902,186821,9,328597
12226,0.002693,172.31.36.0-255,66,186887,9,328597
12227,0.002716,74.125.68.0-255,5738,192625,9,328597
12228,0.002719,172.31.36.0-255,66,192691,9,328597
12229,0.002725,74.125.68.0-255,5738,198429,9,328597
12230,0.002727,172.31.36.0-255,66,198495,9,328597
12231,0.002731,74.125.68.0-255,2902,201397,9,328597
12232,0.002734,172.31.36.0-255,66,201463,9,328597
12233,0.002753,74.125.68.0-255,2184,203647,9,328597
12234,0.002756,172.31.36.0-255,66,203713,9,328597
12235,0.002843,74.125.68.0-255,1484,205197,9,328597
12236,0.002859,74.125.68.0-255,2902,208099,9,328597
12237,0.002862,172.31.36.0-255,66,208165,9,328597
12238,0.002865,74.125.68.0-255,1484,209649,9,328597
12239,0.002882,74.125.68.0-255,4320,213969,9,328597
12240,0.002885,172.31.36.0-255,66,214035,9,328597
12241,0.002904,74.125.68.0-255,2902,216937,9,328597
12242,0.002907,172.31.36.0-255,66,217003,9,328597
12243,0.002937,74.125.68.0-255,2902,219905,9,328597
12244,0.002939,172.31.36.0-255,66,219971,9,328597
12245,0.002947,74.125.68.0-255,7156,227127,9,328597
12246,0.002949,172.31.36.0-255,66,227193,9,328597
12247,0.002963,172.31.36.0-255,66,227259,9,328597
12248,0.002998,74.125.68.0-255,2902,230161,9,328597
12249,0.003001,172.31.36.0-255,66,230227,9,328597
12250,0.003029,172.31.36.0-255,66,230293,9,328597
12251,0.003043,172.31.36.0-255,66,230359,9,328597
12252,0.00305,74.125.68.0-255,5738,236097,9,328597
12253,0.003052,172.31.36.0-255,66,236163,9,328597
12254,0.003106,74.125.68.0-255,6438,242601,9,328597
12255,0.003109,172.31.36.0-255,66,242667,9,328597
12256,0.003127,74.125.68.0-255,2902,245569,9,328597
12257,0.00313,172.31.36.0-255,66,245635,9,328597
12258,0.003148,74.125.68.0-255,4320,249955,9,328597
12259,0.003151,172.31.36.0-255,66,250021,9,328597
12260,0.003156,74.125.68.0-255,4320,254341,9,328597
12261,0.003158,172.31.36.0-255,66,254407,9,328597
12262,0.003175,74.125.68.0-255,2902,257309,9,328597
12263,0.003177,172.31.36.0-255,66,257375,9,328597
12264,0.0032,74.125.68.0-255,2902,260277,9,328597
12265,0.003202,172.31.36.0-255,66,260343,9,328597
12266,0.003213,172.31.36.0-255,66,260409,9,328597
12267,0.003229,74.125.68.0-255,2902,263311,9,328597
12268,0.003231,172.31.36.0-255,66,263377,9,328597
12269,0.003263,74.125.68.0-255,5738,269115,9,328597
12270,0.003265,172.31.36.0-255,66,269181,9,328597
12271,0.003288,74.125.68.0-255,6438,275619,9,328597
12272,0.00329,172.31.36.0-255,66,275685,9,328597
12273,0.003336,172.31.36.0-255,66,275751,9,328597
12274,0.003356,74.125.68.0-255,4320,280071,9,328597
12275,0.003358,172.31.36.0-255,66,280137,9,328597
12276,0.003364,74.125.68.0-255,4320,284457,9,328597
12277,0.003366,172.31.36.0-255,66,284523,9,328597
12278,0.003373,74.125.68.0-255,6438,290961,9,328597
12279,0.003376,172.31.36.0-255,66,291027,9,328597
12280,0.003382,74.125.68.0-255,5738,296765,9,328597
12281,0.003385,172.31.36.0-255,66,296831,9,328597
12282,0.003399,172.31.36.0-255,66,296897,9,328597
12283,0.003403,74.125.68.0-255,2902,299799,9,328597
12284,0.003404,172.31.36.0-255,66,299865,9,328597
12285,0.00343,74.125.68.0-255,7156,307021,9,328597
12286,0.003433,172.31.36.0-255,66,307087,9,328597
12287,0.00344,74.125.68.0-255,6438,313525,9,328597
12288,0.003442,172.31.36.0-255,66,313591,9,328597
12289,0.003471,74.125.68.0-255,2902,316493,9,328597
12290,0.003474,172.31.36.0-255,66,316559,9,328597
12291,0.00349,74.125.68.0-255,1484,318043,9,328597
12292,0.003493,74.125.68.0-255,1484,319527,9,328597
12293,0.003495,172.31.36.0-255,66,319593,9,328597
12294,0.003503,74.125.68.0-255,7156,326749,9,328597
12295,0.003506,172.31.36.0-255,66,326815,9,328597
12296,0.003508,74.125.68.0-255,1238,328053,9,328597
12297,0.003511,74.125.68.0-255,97,328150,9,328597
12298,0.003572,74.125.68.0-255,105,328255,9,328597
12299,0.009456,172.31.36.0-255,66,328321,9,328597
12300,0.009498,172.31.36.0-255,105,328426,9,328597
12301,0.011779,74.125.68.0-255,66,328492,9,328597
12302,0.016362,172.31.36.0-255,105,328597,9,328597
12303,0.0,172.217.194.0-255,153,153,9,201829
12304,2.9e-05,172.31.36.0-255,66,219,9,201829
12305,3.6e-05,172.217.194.0-255,1484,1703,9,201829
12306,4e-05,172.31.36.0-255,66,1769,9,201829
12307,4.5e-05,172.217.194.0-255,2902,4671,9,201829
12308,4.8e-05,172.31.36.0-255,66,4737,9,201829
12309,5.6e-05,172.217.194.0-255,7156,11893,9,201829
12310,5.9e-05,172.31.36.0-255,66,11959,9,201829
12311,6.3e-05,172.217.194.0-255,2105,14064,9,201829
12312,6.6e-05,172.31.36.0-255,66,14130,9,201829
12313,0.000157,172.217.194.0-255,1484,15614,9,201829
12314,0.000162,172.31.36.0-255,66,15680,9,201829
12315,0.000168,172.217.194.0-255,2902,18582,9,201829
12316,0.00017,172.31.36.0-255,66,18648,9,201829
12317,0.000199,172.217.194.0-255,5738,24386,9,201829
12318,0.000202,172.31.36.0-255,66,24452,9,201829
12319,0.000233,172.31.36.0-255,66,24518,9,201829
12320,0.000239,172.217.194.0-255,5738,30256,9,201829
12321,0.000241,172.31.36.0-255,66,30322,9,201829
12322,0.000299,172.217.194.0-255,4320,34642,9,201829
12323,0.000302,172.31.36.0-255,66,34708,9,201829
12324,0.000339,172.31.36.0-255,66,34774,9,201829
12325,0.000359,172.217.194.0-255,1484,36258,9,201829
12326,0.000362,172.31.36.0-255,66,36324,9,201829
12327,0.000367,172.217.194.0-255,2902,39226,9,201829
12328,0.00037,172.31.36.0-255,66,39292,9,201829
12329,0.000391,172.217.194.0-255,4320,43612,9,201829
12330,0.000394,172.31.36.0-255,66,43678,9,201829
12331,0.0004,172.217.194.0-255,5738,49416,9,201829
12332,0.000403,172.31.36.0-255,66,49482,9,201829
12333,0.000427,172.217.194.0-255,1484,50966,9,201829
12334,0.000445,172.217.194.0-255,7156,58122,9,201829
12335,0.000449,172.31.36.0-255,66,58188,9,201829
12336,0.00047,172.217.194.0-255,2902,61090,9,201829
12337,0.000473,172.31.36.0-255,66,61156,9,201829
12338,0.000515,172.217.194.0-255,5738,66894,9,201829
12339,0.000519,172.31.36.0-255,66,66960,9,201829
12340,0.00054,172.217.194.0-255,2238,69198,9,201829
12341,0.000543,172.31.36.0-255,66,69264,9,201829
12342,0.000644,172.217.194.0-255,1484,70748,9,201829
12343,0.000658,172.217.194.0-255,2902,73650,9,201829
12344,0.000661,172.31.36.0-255,66,73716,9,201829
12345,0.000682,172.217.194.0-255,5738,79454,9,201829
12346,0.000685,172.31.36.0-255,66,79520,9,201829
12347,0.000695,172.31.36.0-255,66,79586,9,201829
12348,0.000744,172.217.194.0-255,2902,82488,9,201829
12349,0.000747,172.31.36.0-255,66,82554,9,201829
12350,0.000774,172.31.36.0-255,66,82620,9,201829
12351,0.000793,172.217.194.0-255,2184,84804,9,201829
12352,0.000797,172.31.36.0-255,66,84870,9,201829
12353,0.000817,172.217.194.0-255,1484,86354,9,201829
12354,0.000822,172.217.194.0-255,2902,89256,9,201829
12355,0.000824,172.31.36.0-255,66,89322,9,201829
12356,0.000829,172.217.194.0-255,2902,92224,9,201829
12357,0.000831,172.31.36.0-255,66,92290,9,201829
12358,0.000849,172.217.194.0-255,2902,95192,9,201829
12359,0.000852,172.31.36.0-255,66,95258,9,201829
12360,0.000857,172.217.194.0-255,4320,99578,9,201829
12361,0.000859,172.31.36.0-255,66,99644,9,201829
12362,0.000878,172.217.194.0-255,2902,102546,9,201829
12363,0.000881,172.31.36.0-255,66,102612,9,201829
12364,0.000891,172.31.36.0-255,66,102678,9,201829
12365,0.000915,172.217.194.0-255,5738,108416,9,201829
12366,0.000918,172.31.36.0-255,66,108482,9,201829
12367,0.000923,172.217.194.0-255,2184,110666,9,201829
12368,0.000924,172.31.36.0-255,66,110732,9,201829
12369,0.000956,172.31.36.0-255,66,110798,9,201829
12370,0.000969,172.31.36.0-255,66,110864,9,201829
12371,0.000984,172.217.194.0-255,3602,114466,9,201829
12372,0.000987,172.31.36.0-255,66,114532,9,201829
12373,0.001003,172.217.194.0-255,7156,121688,9,201829
12374,0.001006,172.31.36.0-255,66,121754,9,201829
12375,0.001033,172.31.36.0-255,66,121820,9,201829
12376,0.00104,172.217.194.0-255,5738,127558,9,201829
12377,0.001042,172.31.36.0-255,66,127624,9,201829
12378,0.001066,172.31.36.0-255,66,127690,9,201829
12379,0.001069,172.217.194.0-255,766,128456,9,201829
12380,0.001103,172.217.194.0-255,2902,131358,9,201829
12381,0.001106,172.31.36.0-255,66,131424,9,201829
12382,0.001126,172.217.194.0-255,4320,135744,9,201829
12383,0.001129,172.31.36.0-255,66,135810,9,201829
12384,0.001141,172.31.36.0-255,66,135876,9,201829
12385,0.001155,172.217.194.0-255,1484,137360,9,201829
12386,0.001184,172.31.36.0-255,66,137426,9,201829
12387,0.001234,172.31.36.0-255,66,137492,9,201829
12388,0.00127,172.217.194.0-255,1484,138976,9,201829
12389,0.001274,172.217.194.0-255,1484,140460,9,201829
12390,0.001277,172.31.36.0-255,66,140526,9,201829
12391,0.001299,172.217.194.0-255,1484,142010,9,201829
12392,0.001305,172.217.194.0-255,5738,147748,9,201829
12393,0.001308,172.31.36.0-255,66,147814,9,201829
12394,0.001346,172.217.194.0-255,5738,153552,9,201829
12395,0.00135,172.31.36.0-255,66,153618,9,201829
12396,0.001376,172.217.194.0-255,7156,160774,9,201829
12397,0.00138,172.31.36.0-255,66,160840,9,201829
12398,0.001392,172.31.36.0-255,66,160906,9,201829
12399,0.001424,172.217.194.0-255,5738,166644,9,201829
12400,0.001428,172.31.36.0-255,66,166710,9,201829
12401,0.001435,172.217.194.0-255,7156,173866,9,201829
12402,0.001438,172.31.36.0-255,66,173932,9,201829
12403,0.001442,172.217.194.0-255,2902,176834,9,201829
12404,0.001444,172.31.36.0-255,66,176900,9,201829
12405,0.001473,172.31.36.0-255,66,176966,9,201829
12406,0.00148,172.217.194.0-255,6438,183404,9,201829
12407,0.001483,172.31.36.0-255,66,183470,9,201829
12408,0.001508,172.217.194.0-255,7156,190626,9,201829
12409,0.001511,172.31.36.0-255,66,190692,9,201829
12410,0.001548,172.31.36.0-255,66,190758,9,201829
12411,0.00156,172.31.36.0-255,66,190824,9,201829
12412,0.001605,172.31.36.0-255,66,190890,9,201829
12413,0.001639,172.31.36.0-255,66,190956,9,201829
12414,0.001653,172.31.36.0-255,66,191022,9,201829
12415,0.001656,172.217.194.0-255,105,191127,9,201829
12416,0.008495,172.31.36.0-255,66,191193,9,201829
12417,0.008522,172.31.36.0-255,105,191298,9,201829
12418,0.01107,172.217.194.0-255,66,191364,9,201829
12419,0.03539,172.31.36.0-255,176,191540,9,201829
12420,0.035427,172.31.36.0-255,1116,192656,9,201829
12421,0.035468,172.31.36.0-255,1514,194170,9,201829
12422,0.035469,172.31.36.0-255,1514,195684,9,201829
12423,0.035475,172.31.36.0-255,1514,197198,9,201829
12424,0.035476,172.31.36.0-255,1514,198712,9,201829
12425,0.035496,172.31.36.0-255,1514,200226,9,201829
12426,0.035502,172.31.36.0-255,1165,201391,9,201829
12427,0.036978,104.244.42.0-255,66,201457,9,201829
12428,0.03699,104.244.42.0-255,66,201523,9,201829
12429,0.037146,104.244.42.0-255,66,201589,9,201829
12430,0.037198,104.244.42.0-255,66,201655,9,201829
12431,0.043364,172.31.36.0-255,108,201763,9,201829
12432,0.044912,104.244.42.0-255,66,201829,9,201829
12433,0.0,74.125.200.0-255,153,153,9,397432
12434,1.5e-05,172.31.36.0-255,66,219,9,397432
12435,3.4e-05,74.125.200.0-255,1484,1703,9,397432
12436,3.8e-05,172.31.36.0-255,66,1769,9,397432
12437,4.4e-05,74.125.200.0-255,2902,4671,9,397432
12438,4.7e-05,172.31.36.0-255,66,4737,9,397432
12439,6.6e-05,74.125.200.0-255,5738,10475,9,397432
12440,7e-05,172.31.36.0-255,66,10541,9,397432
12441,0.000108,172.31.36.0-255,66,10607,9,397432
12442,0.000115,74.125.200.0-255,5738,16345,9,397432
12443,0.000117,172.31.36.0-255,66,16411,9,397432
12444,0.000141,74.125.200.0-255,2902,19313,9,397432
12445,0.000144,172.31.36.0-255,66,19379,9,397432
12446,0.00015,74.125.200.0-255,3961,23340,9,397432
12447,0.000152,172.31.36.0-255,66,23406,9,397432
12448,0.000227,74.125.200.0-255,1484,24890,9,397432
12449,0.000231,172.31.36.0-255,66,24956,9,397432
12450,0.000237,74.125.200.0-255,2902,27858,9,397432
12451,0.00024,172.31.36.0-255,66,27924,9,397432
12452,0.000243,74.125.200.0-255,1484,29408,9,397432
12453,0.000245,172.31.36.0-255,66,29474,9,397432
12454,0.000265,74.125.200.0-255,2902,32376,9,397432
12455,0.000268,172.31.36.0-255,66,32442,9,397432
12456,0.000283,74.125.200.0-255,2902,35344,9,397432
12457,0.000285,172.31.36.0-255,66,35410,9,397432
12458,0.000307,74.125.200.0-255,6797,42207,9,397432
12459,0.000311,172.31.36.0-255,66,42273,9,397432
12460,0.000315,74.125.200.0-255,2902,45175,9,397432
12461,0.000317,172.31.36.0-255,66,45241,9,397432
12462,0.00034,74.125.200.0-255,1484,46725,9,397432
12463,0.000343,172.31.36.0-255,66,46791,9,397432
12464,0.00039,172.31.36.0-255,66,46857,9,397432
12465,0.000393,74.125.200.0-255,373,47230,9,397432
12466,0.00097,172.31.36.0-255,66,47296,9,397432
12467,0.001101,74.125.200.0-255,1484,48780,9,397432
12468,0.001111,74.125.200.0-255,2902,51682,9,397432
12469,0.001114,172.31.36.0-255,66,51748,9,397432
12470,0.001131,74.125.200.0-255,5738,57486,9,397432
12471,0.001134,172.31.36.0-255,66,57552,9,397432
12472,0.001138,74.125.200.0-255,2902,60454,9,397432
12473,0.00114,172.31.36.0-255,66,60520,9,397432
12474,0.001158,74.125.200.0-255,1484,62004,9,397432
12475,0.001181,172.31.36.0-255,66,62070,9,397432
12476,0.001186,74.125.200.0-255,2902,64972,9,397432
12477,0.001187,172.31.36.0-255,66,65038,9,397432
12478,0.001204,74.125.200.0-255,7156,72194,9,397432
12479,0.001206,172.31.36.0-255,66,72260,9,397432
12480,0.001226,74.125.200.0-255,766,73026,9,397432
12481,0.00232,74.125.200.0-255,1484,74510,9,397432
12482,0.002327,172.31.36.0-255,66,74576,9,397432
12483,0.002333,74.125.200.0-255,2902,77478,9,397432
12484,0.002336,172.31.36.0-255,66,77544,9,397432
12485,0.002342,74.125.200.0-255,4320,81864,9,397432
12486,0.002344,172.31.36.0-255,66,81930,9,397432
12487,0.00236,74.125.200.0-255,1484,83414,9,397432
12488,0.00239,74.125.200.0-255,7156,90570,9,397432
12489,0.002393,172.31.36.0-255,66,90636,9,397432
12490,0.002399,74.125.200.0-255,5738,96374,9,397432
12491,0.002401,172.31.36.0-255,66,96440,9,397432
12492,0.002409,74.125.200.0-255,7156,103596,9,397432
12493,0.002411,172.31.36.0-255,66,103662,9,397432
12494,0.002445,74.125.200.0-255,3602,107264,9,397432
12495,0.002447,172.31.36.0-255,66,107330,9,397432
12496,0.002663,74.125.200.0-255,1484,108814,9,397432
12497,0.002681,74.125.200.0-255,2902,111716,9,397432
12498,0.002683,172.31.36.0-255,66,111782,9,397432
12499,0.002686,74.125.200.0-255,1484,113266,9,397432
12500,0.002702,74.125.200.0-255,1484,114750,9,397432
12501,0.002705,172.31.36.0-255,66,114816,9,397432
12502,0.00272,74.125.200.0-255,4320,119136,9,397432
12503,0.002723,172.31.36.0-255,66,119202,9,397432
12504,0.002749,74.125.200.0-255,4320,123522,9,397432
12505,0.002752,172.31.36.0-255,66,123588,9,397432
12506,0.002757,74.125.200.0-255,5738,129326,9,397432
12507,0.00276,172.31.36.0-255,66,129392,9,397432
12508,0.002766,74.125.200.0-255,7156,136548,9,397432
12509,0.002769,172.31.36.0-255,66,136614,9,397432
12510,0.002789,74.125.200.0-255,4320,140934,9,397432
12511,0.002791,172.31.36.0-255,66,141000,9,397432
12512,0.002804,74.125.200.0-255,2184,143184,9,397432
12513,0.002807,172.31.36.0-255,66,143250,9,397432
12514,0.00281,74.125.200.0-255,1484,144734,9,397432
12515,0.002815,74.125.200.0-255,2902,147636,9,397432
12516,0.002817,172.31.36.0-255,66,147702,9,397432
12517,0.002819,74.125.200.0-255,1484,149186,9,397432
12518,0.002838,74.125.200.0-255,4320,153506,9,397432
12519,0.00284,172.31.36.0-255,66,153572,9,397432
12520,0.002845,74.125.200.0-255,4320,157892,9,397432
12521,0.002847,172.31.36.0-255,66,157958,9,397432
12522,0.002886,74.125.200.0-255,2902,160860,9,397432
12523,0.002888,172.31.36.0-255,66,160926,9,397432
12524,0.002906,74.125.200.0-255,2902,163828,9,397432
12525,0.002908,172.31.36.0-255,66,163894,9,397432
12526,0.002913,74.125.200.0-255,2902,166796,9,397432
12527,0.002914,172.31.36.0-255,66,166862,9,397432
12528,0.002921,74.125.200.0-255,5738,172600,9,397432
12529,0.002923,172.31.36.0-255,66,172666,9,397432
12530,0.002946,74.125.200.0-255,3602,176268,9,397432
12531,0.002948,172.31.36.0-255,66,176334,9,397432
12532,0.003019,74.125.200.0-255,1484,177818,9,397432
12533,0.003037,74.125.200.0-255,2902,180720,9,397432
12534,0.00304,172.31.36.0-255,66,180786,9,397432
12535,0.003043,74.125.200.0-255,1484,182270,9,397432
12536,0.003059,74.125.200.0-255,2902,185172,9,397432
12537,0.003062,172.31.36.0-255,66,185238,9,397432
12538,0.003065,74.125.200.0-255,1484,186722,9,397432
12539,0.003088,74.125.200.0-255,7156,193878,9,397432
12540,0.003091,172.31.36.0-255,66,193944,9,397432
12541,0.003098,74.125.200.0-255,7156,201100,9,397432
12542,0.0031,172.31.36.0-255,66,201166,9,397432
12543,0.003117,74.125.200.0-255,5738,206904,9,397432
12544,0.00312,172.31.36.0-255,66,206970,9,397432
12545,0.003133,74.125.200.0-255,2902,209872,9,397432
12546,0.003135,172.31.36.0-255,66,209938,9,397432
12547,0.003139,74.125.200.0-255,766,210704,9,397432
12548,0.0032,74.125.200.0-255,1484,212188,9,397432
12549,0.003202,172.31.36.0-255,66,212254,9,397432
12550,0.003224,74.125.200.0-255,2902,215156,9,397432
12551,0.003226,172.31.36.0-255,66,215222,9,397432
12552,0.00325,74.125.200.0-255,5738,220960,9,397432
12553,0.003253,172.31.36.0-255,66,221026,9,397432
12554,0.003272,74.125.200.0-255,2902,223928,9,397432
12555,0.003275,172.31.36.0-255,66,223994,9,397432
12556,0.003297,74.125.200.0-255,4320,228314,9,397432
12557,0.003299,172.31.36.0-255,66,228380,9,397432
12558,0.003302,74.125.200.0-255,1484,229864,9,397432
12559,0.003318,74.125.200.0-255,4320,234184,9,397432
12560,0.00332,172.31.36.0-255,66,234250,9,397432
12561,0.003336,74.125.200.0-255,2902,237152,9,397432
12562,0.003338,172.31.36.0-255,66,237218,9,397432
12563,0.003364,74.125.200.0-255,1484,238702,9,397432
12564,0.003371,74.125.200.0-255,5738,244440,9,397432
12565,0.003373,172.31.36.0-255,66,244506,9,397432
12566,0.003376,74.125.200.0-255,766,245272,9,397432
12567,0.003408,74.125.200.0-255,1484,246756,9,397432
12568,0.00341,172.31.36.0-255,66,246822,9,397432
12569,0.003414,74.125.200.0-255,1484,248306,9,397432
12570,0.003433,74.125.200.0-255,2902,251208,9,397432
12571,0.003436,172.31.36.0-255,66,251274,9,397432
12572,0.003458,74.125.200.0-255,4320,255594,9,397432
12573,0.003461,172.31.36.0-255,66,255660,9,397432
12574,0.00348,74.125.200.0-255,4320,259980,9,397432
12575,0.003483,172.31.36.0-255,66,260046,9,397432
12576,0.003504,74.125.200.0-255,1484,261530,9,397432
12577,0.003507,74.125.200.0-255,1484,263014,9,397432
12578,0.003509,172.31.36.0-255,66,263080,9,397432
12579,0.003515,74.125.200.0-255,2902,265982,9,397432
12580,0.003517,172.31.36.0-255,66,266048,9,397432
12581,0.003536,74.125.200.0-255,1484,267532,9,397432
12582,0.003541,74.125.200.0-255,2902,270434,9,397432
12583,0.003544,172.31.36.0-255,66,270500,9,397432
12584,0.003567,74.125.200.0-255,4320,274820,9,397432
12585,0.00357,172.31.36.0-255,66,274886,9,397432
12586,0.003595,74.125.200.0-255,5020,279906,9,397432
12587,0.003598,172.31.36.0-255,66,279972,9,397432
12588,0.003629,74.125.200.0-255,4320,284292,9,397432
12589,0.003632,172.31.36.0-255,66,284358,9,397432
12590,0.003648,74.125.200.0-255,1484,285842,9,397432
12591,0.003651,74.125.200.0-255,1484,287326,9,397432
12592,0.003653,172.31.36.0-255,66,287392,9,397432
12593,0.003659,74.125.200.0-255,2902,290294,9,397432
12594,0.003661,172.31.36.0-255,66,290360,9,397432
12595,0.003689,74.125.200.0-255,4320,294680,9,397432
12596,0.003692,172.31.36.0-255,66,294746,9,397432
12597,0.003695,74.125.200.0-255,1484,296230,9,397432
12598,0.0037,74.125.200.0-255,2902,299132,9,397432
12599,0.003702,172.31.36.0-255,66,299198,9,397432
12600,0.003705,74.125.200.0-255,1484,300682,9,397432
12601,0.003726,74.125.200.0-255,5738,306420,9,397432
12602,0.003728,172.31.36.0-255,66,306486,9,397432
12603,0.003732,74.125.200.0-255,1484,307970,9,397432
12604,0.003766,74.125.200.0-255,2902,310872,9,397432
12605,0.00377,172.31.36.0-255,66,310938,9,397432
12606,0.003775,74.125.200.0-255,3602,314540,9,397432
12607,0.003778,172.31.36.0-255,66,314606,9,397432
12608,0.003812,74.125.200.0-255,1484,316090,9,397432
12609,0.003848,74.125.200.0-255,2902,318992,9,397432
12610,0.003851,172.31.36.0-255,66,319058,9,397432
12611,0.003879,74.125.200.0-255,4320,323378,9,397432
12612,0.003883,172.31.36.0-255,66,323444,9,397432
12613,0.003923,172.31.36.0-255,66,323510,9,397432
12614,0.003949,74.125.200.0-255,2902,326412,9,397432
12615,0.003952,172.31.36.0-255,66,326478,9,397432
12616,0.003976,74.125.200.0-255,7156,333634,9,397432
12617,0.003979,172.31.36.0-255,66,333700,9,397432
12618,0.004006,74.125.200.0-255,2902,336602,9,397432
12619,0.004009,172.31.36.0-255,66,336668,9,397432
12620,0.004025,74.125.200.0-255,3602,340270,9,397432
12621,0.004029,172.31.36.0-255,66,340336,9,397432
12622,0.004036,74.125.200.0-255,7156,347492,9,397432
12623,0.004039,172.31.36.0-255,66,347558,9,397432
12624,0.004086,74.125.200.0-255,1484,349042,9,397432
12625,0.004091,74.125.200.0-255,2902,351944,9,397432
12626,0.004093,172.31.36.0-255,66,352010,9,397432
12627,0.0041,74.125.200.0-255,5738,357748,9,397432
12628,0.004102,172.31.36.0-255,66,357814,9,397432
12629,0.004108,74.125.200.0-255,4320,362134,9,397432
12630,0.00411,172.31.36.0-255,66,362200,9,397432
12631,0.00415,74.125.200.0-255,5738,367938,9,397432
12632,0.004153,172.31.36.0-255,66,368004,9,397432
12633,0.004161,74.125.200.0-255,6438,374442,9,397432
12634,0.004164,172.31.36.0-255,66,374508,9,397432
12635,0.00421,74.125.200.0-255,7156,381664,9,397432
12636,0.004213,172.31.36.0-255,66,381730,9,397432
12637,0.004218,74.125.200.0-255,2902,384632,9,397432
12638,0.00422,172.31.36.0-255,66,384698,9,397432
12639,0.004226,74.125.200.0-255,3197,387895,9,397432
12640,0.004228,172.31.36.0-255,66,387961,9,397432
12641,0.004231,74.125.200.0-255,97,388058,9,397432
12642,0.004318,74.125.200.0-255,105,388163,9,397432
12643,0.009028,172.31.36.0-255,66,388229,9,397432
12644,0.009066,172.31.36.0-255,105,388334,9,397432
12645,0.011599,74.125.200.0-255,66,388400,9,397432
12646,0.03641,172.31.36.0-255,176,388576,9,397432
12647,0.036445,172.31.36.0-255,1117,389693,9,397432
12648,0.036516,172.31.36.0-255,1514,391207,9,397432
12649,0.036518,172.31.36.0-255,1514,392721,9,397432
12650,0.036519,172.31.36.0-255,1514,394235,9,397432
12651,0.036525,172.31.36.0-255,1514,395749,9,397432
12652,0.036525,172.31.36.0-255,1485,397234,9,397432
12653,0.03798,104.244.42.0-255,66,397300,9,397432
12654,0.038039,104.244.42.0-255,66,397366,9,397432
12655,0.038124,104.244.42.0-255,66,397432,9,397432
12656,0.0,172.253.118.0-255,226,226,9,162573
12657,2.5e-05,172.31.36.0-255,66,292,9,162573
12658,3.1e-05,172.253.118.0-255,1484,1776,9,162573
12659,3.5e-05,172.31.36.0-255,66,1842,9,162573
12660,6.7e-05,172.253.118.0-255,2902,4744,9,162573
12661,7e-05,172.31.36.0-255,66,4810,9,162573
12662,0.00018,172.253.118.0-255,5738,10548,9,162573
12663,0.000186,172.31.36.0-255,66,10614,9,162573
12664,0.000397,172.253.118.0-255,2902,13516,9,162573
12665,0.000401,172.31.36.0-255,66,13582,9,162573
12666,0.000483,172.253.118.0-255,686,14268,9,162573
12667,0.000487,172.31.36.0-255,66,14334,9,162573
12668,0.00053,172.253.118.0-255,4320,18654,9,162573
12669,0.000533,172.31.36.0-255,66,18720,9,162573
12670,0.00056,172.253.118.0-255,1484,20204,9,162573
12671,0.000563,172.31.36.0-255,66,20270,9,162573
12672,0.000761,172.31.36.0-255,66,20336,9,162573
12673,0.00078,172.253.118.0-255,3961,24297,9,162573
12674,0.000783,172.31.36.0-255,66,24363,9,162573
12675,0.001234,172.253.118.0-255,4320,28683,9,162573
12676,0.00124,172.31.36.0-255,66,28749,9,162573
12677,0.00226,172.253.118.0-255,2902,31651,9,162573
12678,0.002264,172.31.36.0-255,66,31717,9,162573
12679,0.003476,172.253.118.0-255,2902,34619,9,162573
12680,0.003482,172.31.36.0-255,66,34685,9,162573
12681,0.004501,172.253.118.0-255,2902,37587,9,162573
12682,0.004508,172.31.36.0-255,66,37653,9,162573
12683,0.00573,172.253.118.0-255,2902,40555,9,162573
12684,0.005738,172.31.36.0-255,66,40621,9,162573
12685,0.006736,172.253.118.0-255,2902,43523,9,162573
12686,0.006744,172.31.36.0-255,66,43589,9,162573
12687,0.007968,172.253.118.0-255,2902,46491,9,162573
12688,0.007975,172.31.36.0-255,66,46557,9,162573
12689,0.008974,172.253.118.0-255,2902,49459,9,162573
12690,0.00898,172.31.36.0-255,66,49525,9,162573
12691,0.010222,172.253.118.0-255,2902,52427,9,162573
12692,0.010229,172.31.36.0-255,66,52493,9,162573
12693,0.011209,172.253.118.0-255,2902,55395,9,162573
12694,0.011216,172.31.36.0-255,66,55461,9,162573
12695,0.012474,172.253.118.0-255,2902,58363,9,162573
12696,0.012481,172.31.36.0-255,66,58429,9,162573
12697,0.013459,172.253.118.0-255,2902,61331,9,162573
12698,0.013466,172.31.36.0-255,66,61397,9,162573
12699,0.014722,172.253.118.0-255,2902,64299,9,162573
12700,0.014729,172.31.36.0-255,66,64365,9,162573
12701,0.015703,172.253.118.0-255,2902,67267,9,162573
12702,0.01571,172.31.36.0-255,66,67333,9,162573
12703,0.016972,172.253.118.0-255,2902,70235,9,162573
12704,0.016979,172.31.36.0-255,66,70301,9,162573
12705,0.017971,172.253.118.0-255,2902,73203,9,162573
12706,0.017978,172.31.36.0-255,66,73269,9,162573
12707,0.019228,172.253.118.0-255,2902,76171,9,162573
12708,0.019234,172.31.36.0-255,66,76237,9,162573
12709,0.020231,172.253.118.0-255,2902,79139,9,162573
12710,0.020238,172.31.36.0-255,66,79205,9,162573
12711,0.021479,172.253.118.0-255,2902,82107,9,162573
12712,0.021486,172.31.36.0-255,66,82173,9,162573
12713,0.022465,172.253.118.0-255,2902,85075,9,162573
12714,0.022471,172.31.36.0-255,66,85141,9,162573
12715,0.023718,172.253.118.0-255,2902,88043,9,162573
12716,0.023725,172.31.36.0-255,66,88109,9,162573
12717,0.024708,172.253.118.0-255,2902,91011,9,162573
12718,0.024715,172.31.36.0-255,66,91077,9,162573
12719,0.025969,172.253.118.0-255,2902,93979,9,162573
12720,0.025976,172.31.36.0-255,66,94045,9,162573
12721,0.026948,172.253.118.0-255,2902,96947,9,162573
12722,0.026955,172.31.36.0-255,66,97013,9,162573
12723,0.028209,172.253.118.0-255,2902,99915,9,162573
12724,0.028216,172.31.36.0-255,66,99981,9,162573
12725,0.029182,172.253.118.0-255,2902,102883,9,162573
12726,0.029186,172.31.36.0-255,66,102949,9,162573
12727,0.030443,172.253.118.0-255,2902,105851,9,162573
12728,0.030449,172.31.36.0-255,66,105917,9,162573
12729,0.031412,172.253.118.0-255,2902,108819,9,162573
12730,0.031418,172.31.36.0-255,66,108885,9,162573
12731,0.032689,172.253.118.0-255,2902,111787,9,162573
12732,0.032696,172.31.36.0-255,66,111853,9,162573
12733,0.033662,172.253.118.0-255,2902,114755,9,162573
12734,0.033668,172.31.36.0-255,66,114821,9,162573
12735,0.034933,172.253.118.0-255,2902,117723,9,162573
12736,0.03494,172.31.36.0-255,66,117789,9,162573
12737,0.035907,172.253.118.0-255,2902,120691,9,162573
12738,0.035914,172.31.36.0-255,66,120757,9,162573
12739,0.037173,172.253.118.0-255,2902,123659,9,162573
12740,0.03718,172.31.36.0-255,66,123725,9,162573
12741,0.038148,172.253.118.0-255,2902,126627,9,162573
12742,0.038154,172.31.36.0-255,66,126693,9,162573
12743,0.039421,172.253.118.0-255,2902,129595,9,162573
12744,0.039427,172.31.36.0-255,66,129661,9,162573
12745,0.040369,172.253.118.0-255,2902,132563,9,162573
12746,0.040374,172.31.36.0-255,66,132629,9,162573
12747,0.041016,172.31.36.0-255,172,132801,9,162573
12748,0.041066,172.31.36.0-255,1116,133917,9,162573
12749,0.041091,172.31.36.0-255,1514,135431,9,162573
12750,0.041093,172.31.36.0-255,1514,136945,9,162573
12751,0.041097,172.31.36.0-255,1514,138459,9,162573
12752,0.041098,172.31.36.0-255,106,138565,9,162573
12753,0.041656,172.253.118.0-255,2902,141467,9,162573
12754,0.041663,172.31.36.0-255,66,141533,9,162573
12755,0.042552,104.244.42.0-255,66,141599,9,162573
12756,0.042608,172.253.118.0-255,2902,144501,9,162573
12757,0.042614,172.31.36.0-255,66,144567,9,162573
12758,0.042633,104.244.42.0-255,66,144633,9,162573
12759,0.042637,104.244.42.0-255,66,144699,9,162573
12760,0.042661,104.244.42.0-255,66,144765,9,162573
12761,0.043893,172.253.118.0-255,2902,147667,9,162573
12762,0.043898,172.31.36.0-255,66,147733,9,162573
12763,0.044855,172.253.118.0-255,2902,150635,9,162573
12764,0.04486,172.31.36.0-255,66,150701,9,162573
12765,0.046122,172.253.118.0-255,2902,153603,9,162573
12766,0.046127,172.31.36.0-255,66,153669,9,162573
12767,0.047089,172.253.118.0-255,2902,156571,9,162573
12768,0.047093,172.31.36.0-255,66,156637,9,162573
12769,0.048361,172.253.118.0-255,2902,159539,9,162573
12770,0.048367,172.31.36.0-255,66,159605,9,162573
12771,0.049322,172.253.118.0-255,2902,162507,9,162573
12772,0.049328,172.31.36.0-255,66,162573,9,162573
12773,0.0,172.31.36.0-255,105,105,9,459
12774,0.000202,172.31.36.0-255,90,195,9,459
12775,0.000211,172.31.36.0-255,66,261,9,459
12776,0.002423,74.125.24.0-255,66,327,9,459
12777,0.002432,74.125.24.0-255,66,393,9,459
12778,0.002437,172.31.36.0-255,66,459,9,459
12779,0.0,74.125.24.0-255,152,152,9,262522
12780,1.5e-05,172.31.36.0-255,66,218,9,262522
12781,2.1e-05,74.125.24.0-255,1484,1702,9,262522
12782,2.6e-05,172.31.36.0-255,66,1768,9,262522
12783,3.2e-05,74.125.24.0-255,2902,4670,9,262522
12784,4.7e-05,172.31.36.0-255,66,4736,9,262522
12785,5.1e-05,74.125.24.0-255,2902,7638,9,262522
12786,5.4e-05,172.31.36.0-255,66,7704,9,262522
12787,8.9e-05,74.125.24.0-255,1484,9188,9,262522
12788,9.2e-05,172.31.36.0-255,66,9254,9,262522
12789,0.000125,74.125.24.0-255,4912,14166,9,262522
12790,0.000128,172.31.36.0-255,66,14232,9,262522
12791,0.000135,74.125.24.0-255,5738,19970,9,262522
12792,0.000138,172.31.36.0-255,66,20036,9,262522
12793,0.000149,74.125.24.0-255,1484,21520,9,262522
12794,0.000151,172.31.36.0-255,66,21586,9,262522
12795,0.000155,74.125.24.0-255,1484,23070,9,262522
12796,0.00016,172.31.36.0-255,66,23136,9,262522
12797,0.000199,172.31.36.0-255,66,23202,9,262522
12798,0.000206,74.125.24.0-255,7156,30358,9,262522
12799,0.000208,172.31.36.0-255,66,30424,9,262522
12800,0.000253,74.125.24.0-255,4320,34744,9,262522
12801,0.000256,172.31.36.0-255,66,34810,9,262522
12802,0.000287,74.125.24.0-255,2543,37353,9,262522
12803,0.000289,172.31.36.0-255,66,37419,9,262522
12804,0.000312,74.125.24.0-255,1484,38903,9,262522
12805,0.000314,172.31.36.0-255,66,38969,9,262522
12806,0.000319,74.125.24.0-255,2902,41871,9,262522
12807,0.000321,172.31.36.0-255,66,41937,9,262522
12808,0.000324,74.125.24.0-255,1484,43421,9,262522
12809,0.000327,172.31.36.0-255,66,43487,9,262522
12810,0.00036,74.125.24.0-255,4320,47807,9,262522
12811,0.000366,74.125.24.0-255,4320,52127,9,262522
12812,0.000392,74.125.24.0-255,3123,55250,9,262522
12813,0.000423,74.125.24.0-255,4320,59570,9,262522
12814,0.000461,74.125.24.0-255,2902,62472,9,262522
12815,0.000466,74.125.24.0-255,2902,65374,9,262522
12816,0.000485,74.125.24.0-255,5738,71112,9,262522
12817,0.000507,74.125.24.0-255,2902,74014,9,262522
12818,0.000545,74.125.24.0-255,4320,78334,9,262522
12819,0.000548,74.125.24.0-255,576,78910,9,262522
12820,0.000644,172.31.36.0-255,66,78976,9,262522
12821,0.000924,74.125.24.0-255,1484,80460,9,262522
12822,0.000931,74.125.24.0-255,2902,83362,9,262522
12823,0.000941,172.31.36.0-255,66,83428,9,262522
12824,0.000972,74.125.24.0-255,5738,89166,9,262522
12825,0.000979,74.125.24.0-255,6683,95849,9,262522
12826,0.000986,74.125.24.0-255,7156,103005,9,262522
12827,0.001012,74.125.24.0-255,4320,107325,9,262522
12828,0.001018,172.31.36.0-255,66,107391,9,262522
12829,0.001064,74.125.24.0-255,766,108157,9,262522
12830,0.001126,74.125.24.0-255,1615,109772,9,262522
12831,0.001133,74.125.24.0-255,4320,114092,9,262522
12832,0.001139,74.125.24.0-255,4320,118412,9,262522
12833,0.001143,74.125.24.0-255,2902,121314,9,262522
12834,0.001239,74.125.24.0-255,1484,122798,9,262522
12835,0.001243,74.125.24.0-255,2902,125700,9,262522
12836,0.001263,74.125.24.0-255,5738,131438,9,262522
12837,0.001277,74.125.24.0-255,2902,134340,9,262522
12838,0.001327,74.125.24.0-255,2902,137242,9,262522
12839,0.001359,74.125.24.0-255,2902,140144,9,262522
12840,0.001386,74.125.24.0-255,7156,147300,9,262522
12841,0.001401,74.125.24.0-255,1484,148784,9,262522
12842,0.001426,74.125.24.0-255,7156,155940,9,262522
12843,0.001481,74.125.24.0-255,7156,163096,9,262522
12844,0.00161,74.125.24.0-255,1484,164580,9,262522
12845,0.001614,74.125.24.0-255,1484,166064,9,262522
12846,0.001626,74.125.24.0-255,1484,167548,9,262522
12847,0.001632,74.125.24.0-255,5738,173286,9,262522
12848,0.001637,74.125.24.0-255,2902,176188,9,262522
12849,0.001649,74.125.24.0-255,1484,177672,9,262522
12850,0.001653,74.125.24.0-255,1484,179156,9,262522
12851,0.001686,74.125.24.0-255,1484,180640,9,262522
12852,0.001708,74.125.24.0-255,6438,187078,9,262522
12853,0.001749,74.125.24.0-255,1484,188562,9,262522
12854,0.001755,74.125.24.0-255,2902,191464,9,262522
12855,0.001775,74.125.24.0-255,5738,197202,9,262522
12856,0.001796,74.125.24.0-255,5738,202940,9,262522
12857,0.001801,74.125.24.0-255,2902,205842,9,262522
12858,0.001817,74.125.24.0-255,4320,210162,9,262522
12859,0.001845,74.125.24.0-255,2902,213064,9,262522
12860,0.001898,74.125.24.0-255,1484,214548,9,262522
12861,0.00192,74.125.24.0-255,2902,217450,9,262522
12862,0.001927,74.125.24.0-255,5738,223188,9,262522
12863,0.001974,74.125.24.0-255,4320,227508,9,262522
12864,0.001992,74.125.24.0-255,5738,233246,9,262522
12865,0.00203,74.125.24.0-255,5738,238984,9,262522
12866,0.002045,74.125.24.0-255,7156,246140,9,262522
12867,0.002071,74.125.24.0-255,4320,250460,9,262522
12868,0.002084,74.125.24.0-255,2678,253138,9,262522
12869,0.0021,74.125.24.0-255,105,253243,9,262522
12870,0.005455,172.31.36.0-255,66,253309,9,262522
12871,0.008364,172.31.36.0-255,105,253414,9,262522
12872,0.010387,74.125.24.0-255,66,253480,9,262522
12873,0.042317,172.31.36.0-255,172,253652,9,262522
12874,0.04235,172.31.36.0-255,1117,254769,9,262522
12875,0.042418,172.31.36.0-255,1514,256283,9,262522
12876,0.04242,172.31.36.0-255,1514,257797,9,262522
12877,0.042421,172.31.36.0-255,1514,259311,9,262522
12878,0.042423,172.31.36.0-255,1514,260825,9,262522
12879,0.042452,172.31.36.0-255,1499,262324,9,262522
12880,0.04388,104.244.42.0-255,66,262390,9,262522
12881,0.043929,104.244.42.0-255,66,262456,9,262522
12882,0.044085,104.244.42.0-255,66,262522,9,262522
12883,0.0,172.217.194.0-255,146,146,9,233429
12884,2.4e-05,172.31.36.0-255,66,212,9,233429
12885,3.1e-05,172.217.194.0-255,1484,1696,9,233429
12886,3.7e-05,172.31.36.0-255,66,1762,9,233429
12887,5.2e-05,172.217.194.0-255,2902,4664,9,233429
12888,5.6e-05,172.31.36.0-255,66,4730,9,233429
12889,6.3e-05,172.217.194.0-255,5738,10468,9,233429
12890,6.6e-05,172.31.36.0-255,66,10534,9,233429
12891,0.000124,172.217.194.0-255,3453,13987,9,233429
12892,0.000128,172.31.36.0-255,66,14053,9,233429
12893,0.000157,172.217.194.0-255,4320,18373,9,233429
12894,0.00016,172.31.36.0-255,66,18439,9,233429
12895,0.00022,172.217.194.0-255,5738,24177,9,233429
12896,0.000223,172.31.36.0-255,66,24243,9,233429
12897,0.000251,172.217.194.0-255,4320,28563,9,233429
12898,0.000254,172.31.36.0-255,66,28629,9,233429
12899,0.00033,172.217.194.0-255,2543,31172,9,233429
12900,0.000334,172.31.36.0-255,66,31238,9,233429
12901,0.000363,172.217.194.0-255,5738,36976,9,233429
12902,0.000367,172.31.36.0-255,66,37042,9,233429
12903,0.000409,172.31.36.0-255,66,37108,9,233429
12904,0.000635,172.31.36.0-255,66,37174,9,233429
12905,0.000761,172.217.194.0-255,2184,39358,9,233429
12906,0.000766,172.31.36.0-255,66,39424,9,233429
12907,0.000791,172.217.194.0-255,347,39771,9,233429
12908,0.000793,172.217.194.0-255,1484,41255,9,233429
12909,0.000798,172.31.36.0-255,66,41321,9,233429
12910,0.000802,172.31.36.0-255,66,41387,9,233429
12911,0.000818,172.217.194.0-255,2902,44289,9,233429
12912,0.000821,172.31.36.0-255,66,44355,9,233429
12913,0.000849,172.217.194.0-255,5738,50093,9,233429
12914,0.000858,172.31.36.0-255,66,50159,9,233429
12915,0.000869,172.217.194.0-255,4320,54479,9,233429
12916,0.000894,172.31.36.0-255,66,54545,9,233429
12917,0.000972,172.217.194.0-255,5738,60283,9,233429
12918,0.000976,172.31.36.0-255,66,60349,9,233429
12919,0.00102,172.31.36.0-255,66,60415,9,233429
12920,0.001219,172.217.194.0-255,5738,66153,9,233429
12921,0.001225,172.31.36.0-255,66,66219,9,233429
12922,0.001242,172.217.194.0-255,7156,73375,9,233429
12923,0.001248,172.31.36.0-255,66,73441,9,233429
12924,0.001402,172.31.36.0-255,66,73507,9,233429
12925,0.001411,172.217.194.0-255,1484,74991,9,233429
12926,0.001564,172.217.194.0-255,6438,81429,9,233429
12927,0.001568,172.31.36.0-255,66,81495,9,233429
12928,0.001648,172.31.36.0-255,66,81561,9,233429
12929,0.001696,172.31.36.0-255,66,81627,9,233429
12930,0.00193,172.217.194.0-255,7156,88783,9,233429
12931,0.001935,172.31.36.0-255,66,88849,9,233429
12932,0.001961,172.217.194.0-255,3602,92451,9,233429
12933,0.001968,172.31.36.0-255,66,92517,9,233429
12934,0.002065,172.217.194.0-255,7156,99673,9,233429
12935,0.002068,172.31.36.0-255,66,99739,9,233429
12936,0.00217,172.31.36.0-255,66,99805,9,233429
12937,0.002488,172.31.36.0-255,66,99871,9,233429
12938,0.002554,172.31.36.0-255,66,99937,9,233429
12939,0.004579,172.217.194.0-255,5738,105675,9,233429
12940,0.004587,172.31.36.0-255,66,105741,9,233429
12941,0.006608,172.217.194.0-255,5738,111479,9,233429
12942,0.006613,172.31.36.0-255,66,111545,9,233429
12943,0.008655,172.217.194.0-255,5738,117283,9,233429
12944,0.008661,172.31.36.0-255,66,117349,9,233429
12945,0.010655,172.217.194.0-255,5738,123087,9,233429
12946,0.010663,172.31.36.0-255,66,123153,9,233429
12947,0.012688,172.217.194.0-255,5738,128891,9,233429
12948,0.012696,172.31.36.0-255,66,128957,9,233429
12949,0.014735,172.217.194.0-255,5738,134695,9,233429
12950,0.014743,172.31.36.0-255,66,134761,9,233429
12951,0.016749,172.217.194.0-255,5738,140499,9,233429
12952,0.016758,172.31.36.0-255,66,140565,9,233429
12953,0.018805,172.217.194.0-255,5738,146303,9,233429
12954,0.018813,172.31.36.0-255,66,146369,9,233429
12955,0.020817,172.217.194.0-255,5738,152107,9,233429
12956,0.020825,172.31.36.0-255,66,152173,9,233429
12957,0.022845,172.217.194.0-255,5738,157911,9,233429
12958,0.022853,172.31.36.0-255,66,157977,9,233429
12959,0.024874,172.217.194.0-255,5738,163715,9,233429
12960,0.024881,172.31.36.0-255,66,163781,9,233429
12961,0.026908,172.217.194.0-255,5738,169519,9,233429
12962,0.026916,172.31.36.0-255,66,169585,9,233429
12963,0.028912,172.217.194.0-255,5738,175323,9,233429
12964,0.02892,172.31.36.0-255,66,175389,9,233429
12965,0.03095,172.217.194.0-255,5738,181127,9,233429
12966,0.030958,172.31.36.0-255,66,181193,9,233429
12967,0.032964,172.217.194.0-255,5738,186931,9,233429
12968,0.032971,172.31.36.0-255,66,186997,9,233429
12969,0.034974,172.217.194.0-255,5738,192735,9,233429
12970,0.034981,172.31.36.0-255,66,192801,9,233429
12971,0.037013,172.217.194.0-255,5738,198539,9,233429
12972,0.03702,172.31.36.0-255,66,198605,9,233429
12973,0.039048,172.217.194.0-255,5738,204343,9,233429
12974,0.039054,172.31.36.0-255,66,204409,9,233429
12975,0.041066,172.217.194.0-255,5738,210147,9,233429
12976,0.041073,172.31.36.0-255,66,210213,9,233429
12977,0.0431,172.217.194.0-255,5738,215951,9,233429
12978,0.043114,172.31.36.0-255,66,216017,9,233429
12979,0.045126,172.217.194.0-255,5738,221755,9,233429
12980,0.045133,172.31.36.0-255,66,221821,9,233429
12981,0.047158,172.217.194.0-255,5738,227559,9,233429
12982,0.047166,172.31.36.0-255,66,227625,9,233429
12983,0.049173,172.217.194.0-255,5738,233363,9,233429
12984,0.04918,172.31.36.0-255,66,233429,9,233429
12985,0.0,74.125.200.0-255,153,153,9,359854
12986,2.3e-05,172.31.36.0-255,66,219,9,359854
12987,3.1e-05,74.125.200.0-255,1484,1703,9,359854
12988,3.6e-05,172.31.36.0-255,66,1769,9,359854
12989,4.2e-05,74.125.200.0-255,2902,4671,9,359854
12990,4.5e-05,172.31.36.0-255,66,4737,9,359854
12991,5.1e-05,74.125.200.0-255,4320,9057,9,359854
12992,5.5e-05,172.31.36.0-255,66,9123,9,359854
12993,9.5e-05,74.125.200.0-255,4887,14010,9,359854
12994,9.8e-05,172.31.36.0-255,66,14076,9,359854
12995,0.000187,74.125.200.0-255,1484,15560,9,359854
12996,0.00019,172.31.36.0-255,66,15626,9,359854
12997,0.000194,74.125.200.0-255,1484,17110,9,359854
12998,0.000196,172.31.36.0-255,66,17176,9,359854
12999,0.000222,74.125.200.0-255,1484,18660,9,359854
13000,0.000224,172.31.36.0-255,66,18726,9,359854
13001,0.000229,74.125.200.0-255,2902,21628,9,359854
13002,0.000232,172.31.36.0-255,66,21694,9,359854
13003,0.000257,74.125.200.0-255,1484,23178,9,359854
13004,0.000259,172.31.36.0-255,66,23244,9,359854
13005,0.000266,74.125.200.0-255,5738,28982,9,359854
13006,0.000268,172.31.36.0-255,66,29048,9,359854
13007,0.000271,74.125.200.0-255,1484,30532,9,359854
13008,0.000273,172.31.36.0-255,66,30598,9,359854
13009,0.00032,74.125.200.0-255,2543,33141,9,359854
13010,0.000323,172.31.36.0-255,66,33207,9,359854
13011,0.000343,74.125.200.0-255,2902,36109,9,359854
13012,0.000346,172.31.36.0-255,66,36175,9,359854
13013,0.000363,74.125.200.0-255,5738,41913,9,359854
13014,0.000366,172.31.36.0-255,66,41979,9,359854
13015,0.000386,74.125.200.0-255,1484,43463,9,359854
13016,0.000388,172.31.36.0-255,66,43529,9,359854
13017,0.000391,74.125.200.0-255,1484,45013,9,359854
13018,0.000425,74.125.200.0-255,3961,48974,9,359854
13019,0.000428,172.31.36.0-255,66,49040,9,359854
13020,0.000473,74.125.200.0-255,1484,50524,9,359854
13021,0.000486,74.125.200.0-255,2902,53426,9,359854
13022,0.000489,172.31.36.0-255,66,53492,9,359854
13023,0.000494,74.125.200.0-255,2902,56394,9,359854
13024,0.000495,172.31.36.0-255,66,56460,9,359854
13025,0.00051,74.125.200.0-255,2902,59362,9,359854
13026,0.000513,172.31.36.0-255,66,59428,9,359854
13027,0.00054,74.125.200.0-255,6797,66225,9,359854
13028,0.000543,172.31.36.0-255,66,66291,9,359854
13029,0.000571,74.125.200.0-255,647,66938,9,359854
13030,0.000679,74.125.200.0-255,1484,68422,9,359854
13031,0.000682,172.31.36.0-255,66,68488,9,359854
13032,0.000688,74.125.200.0-255,2902,71390,9,359854
13033,0.000691,172.31.36.0-255,66,71456,9,359854
13034,0.000725,74.125.200.0-255,5738,77194,9,359854
13035,0.000728,172.31.36.0-255,66,77260,9,359854
13036,0.000731,74.125.200.0-255,1484,78744,9,359854
13037,0.000736,74.125.200.0-255,2902,81646,9,359854
13038,0.000738,172.31.36.0-255,66,81712,9,359854
13039,0.000772,74.125.200.0-255,2543,84255,9,359854
13040,0.000775,172.31.36.0-255,66,84321,9,359854
13041,0.000779,74.125.200.0-255,2902,87223,9,359854
13042,0.000782,172.31.36.0-255,66,87289,9,359854
13043,0.000809,74.125.200.0-255,2902,90191,9,359854
13044,0.000812,172.31.36.0-255,66,90257,9,359854
13045,0.000832,74.125.200.0-255,4320,94577,9,359854
13046,0.000834,172.31.36.0-255,66,94643,9,359854
13047,0.000876,74.125.200.0-255,6797,101440,9,359854
13048,0.000879,172.31.36.0-255,66,101506,9,359854
13049,0.00114,74.125.200.0-255,1484,102990,9,359854
13050,0.001156,74.125.200.0-255,2902,105892,9,359854
13051,0.00116,172.31.36.0-255,66,105958,9,359854
13052,0.001173,74.125.200.0-255,4320,110278,9,359854
13053,0.001176,172.31.36.0-255,66,110344,9,359854
13054,0.001204,74.125.200.0-255,1484,111828,9,359854
13055,0.001213,74.125.200.0-255,7156,118984,9,359854
13056,0.001215,172.31.36.0-255,66,119050,9,359854
13057,0.001221,74.125.200.0-255,4320,123370,9,359854
13058,0.001223,172.31.36.0-255,66,123436,9,359854
13059,0.001246,172.31.36.0-255,66,123502,9,359854
13060,0.001261,74.125.200.0-255,2184,125686,9,359854
13061,0.001263,172.31.36.0-255,66,125752,9,359854
13062,0.00129,74.125.200.0-255,2902,128654,9,359854
13063,0.001292,172.31.36.0-255,66,128720,9,359854
13064,0.001307,74.125.200.0-255,1484,130204,9,359854
13065,0.001321,74.125.200.0-255,4320,134524,9,359854
13066,0.001323,172.31.36.0-255,66,134590,9,359854
13067,0.001344,74.125.200.0-255,1484,136074,9,359854
13068,0.00135,74.125.200.0-255,4320,140394,9,359854
13069,0.001352,172.31.36.0-255,66,140460,9,359854
13070,0.001358,74.125.200.0-255,4320,144780,9,359854
13071,0.00136,172.31.36.0-255,66,144846,9,359854
13072,0.001381,74.125.200.0-255,7156,152002,9,359854
13073,0.001383,172.31.36.0-255,66,152068,9,359854
13074,0.001394,74.125.200.0-255,1484,153552,9,359854
13075,0.001401,74.125.200.0-255,6438,159990,9,359854
13076,0.001404,172.31.36.0-255,66,160056,9,359854
13077,0.001464,74.125.200.0-255,1484,161540,9,359854
13078,0.001467,74.125.200.0-255,1484,163024,9,359854
13079,0.001472,172.31.36.0-255,66,163090,9,359854
13080,0.001483,74.125.200.0-255,1484,164574,9,359854
13081,0.001486,74.125.200.0-255,1484,166058,9,359854
13082,0.001488,172.31.36.0-255,66,166124,9,359854
13083,0.00152,74.125.200.0-255,2902,169026,9,359854
13084,0.001523,172.31.36.0-255,66,169092,9,359854
13085,0.00153,74.125.200.0-255,5738,174830,9,359854
13086,0.001533,172.31.36.0-255,66,174896,9,359854
13087,0.001539,74.125.200.0-255,5738,180634,9,359854
13088,0.001542,172.31.36.0-255,66,180700,9,359854
13089,0.00157,74.125.200.0-255,7156,187856,9,359854
13090,0.001586,74.125.200.0-255,5738,193594,9,359854
13091,0.001593,172.31.36.0-255,66,193660,9,359854
13092,0.001615,74.125.200.0-255,2184,195844,9,359854
13093,0.00163,74.125.200.0-255,4320,200164,9,359854
13094,0.001639,172.31.36.0-255,66,200230,9,359854
13095,0.001679,74.125.200.0-255,2902,203132,9,359854
13096,0.001711,172.31.36.0-255,66,203198,9,359854
13097,0.001719,74.125.200.0-255,1484,204682,9,359854
13098,0.001734,74.125.200.0-255,2902,207584,9,359854
13099,0.001736,172.31.36.0-255,66,207650,9,359854
13100,0.001759,74.125.200.0-255,5738,213388,9,359854
13101,0.001773,172.31.36.0-255,66,213454,9,359854
13102,0.001805,74.125.200.0-255,5738,219192,9,359854
13103,0.001827,74.125.200.0-255,5738,224930,9,359854
13104,0.001832,74.125.200.0-255,2184,227114,9,359854
13105,0.001849,172.31.36.0-255,66,227180,9,359854
13106,0.001887,74.125.200.0-255,1484,228664,9,359854
13107,0.001891,74.125.200.0-255,1484,230148,9,359854
13108,0.001907,74.125.200.0-255,1484,231632,9,359854
13109,0.001916,172.31.36.0-255,66,231698,9,359854
13110,0.001936,74.125.200.0-255,5738,237436,9,359854
13111,0.001939,74.125.200.0-255,1484,238920,9,359854
13112,0.001946,74.125.200.0-255,5738,244658,9,359854
13113,0.001954,172.31.36.0-255,66,244724,9,359854
13114,0.001963,74.125.200.0-255,2902,247626,9,359854
13115,0.001973,172.31.36.0-255,66,247692,9,359854
13116,0.001976,74.125.200.0-255,1484,249176,9,359854
13117,0.002027,172.31.36.0-255,66,249242,9,359854
13118,0.002073,74.125.200.0-255,1484,250726,9,359854
13119,0.00208,74.125.200.0-255,2902,253628,9,359854
13120,0.002086,172.31.36.0-255,66,253694,9,359854
13121,0.002093,74.125.200.0-255,1484,255178,9,359854
13122,0.002109,74.125.200.0-255,4320,259498,9,359854
13123,0.002127,172.31.36.0-255,66,259564,9,359854
13124,0.002139,74.125.200.0-255,7156,266720,9,359854
13125,0.00215,172.31.36.0-255,66,266786,9,359854
13126,0.002156,74.125.200.0-255,4320,271106,9,359854
13127,0.002161,74.125.200.0-255,5738,276844,9,359854
13128,0.002181,74.125.200.0-255,6438,283282,9,359854
13129,0.002186,74.125.200.0-255,2902,286184,9,359854
13130,0.002205,74.125.200.0-255,4320,290504,9,359854
13131,0.002207,74.125.200.0-255,1484,291988,9,359854
13132,0.002211,172.31.36.0-255,66,292054,9,359854
13133,0.002255,74.125.200.0-255,4320,296374,9,359854
13134,0.002259,172.31.36.0-255,66,296440,9,359854
13135,0.002268,74.125.200.0-255,2902,299342,9,359854
13136,0.002275,74.125.200.0-255,7156,306498,9,359854
13137,0.002288,74.125.200.0-255,2184,308682,9,359854
13138,0.00232,172.31.36.0-255,66,308748,9,359854
13139,0.0046,74.125.200.0-255,5738,314486,9,359854
13140,0.004609,172.31.36.0-255,66,314552,9,359854
13141,0.00689,74.125.200.0-255,5738,320290,9,359854
13142,0.006901,172.31.36.0-255,66,320356,9,359854
13143,0.009173,74.125.200.0-255,5738,326094,9,359854
13144,0.009177,172.31.36.0-255,66,326160,9,359854
13145,0.011464,74.125.200.0-255,5738,331898,9,359854
13146,0.011471,172.31.36.0-255,66,331964,9,359854
13147,0.013744,74.125.200.0-255,5738,337702,9,359854
13148,0.013752,172.31.36.0-255,66,337768,9,359854
13149,0.016061,74.125.200.0-255,5738,343506,9,359854
13150,0.016069,172.31.36.0-255,66,343572,9,359854
13151,0.018341,74.125.200.0-255,5738,349310,9,359854
13152,0.018351,172.31.36.0-255,66,349376,9,359854
13153,0.020641,74.125.200.0-255,5738,355114,9,359854
13154,0.02065,172.31.36.0-255,66,355180,9,359854
13155,0.022928,74.125.200.0-255,4437,359617,9,359854
13156,0.022936,172.31.36.0-255,66,359683,9,359854
13157,0.024195,172.31.36.0-255,105,359788,9,359854
13158,0.026445,74.125.200.0-255,66,359854,9,359854
13159,0.0,74.125.24.0-255,153,153,9,249402
13160,3.5e-05,172.31.36.0-255,66,219,9,249402
13161,4.2e-05,74.125.24.0-255,1484,1703,9,249402
13162,4.6e-05,172.31.36.0-255,66,1769,9,249402
13163,5e-05,74.125.24.0-255,2902,4671,9,249402
13164,5.3e-05,172.31.36.0-255,66,4737,9,249402
13165,6.9e-05,74.125.24.0-255,7156,11893,9,249402
13166,7.2e-05,172.31.36.0-255,66,11959,9,249402
13167,8.6e-05,172.31.36.0-255,66,12025,9,249402
13168,0.000119,74.125.24.0-255,4778,16803,9,249402
13169,0.000122,172.31.36.0-255,66,16869,9,249402
13170,0.000127,74.125.24.0-255,3961,20830,9,249402
13171,0.000129,172.31.36.0-255,66,20896,9,249402
13172,0.000169,74.125.24.0-255,1484,22380,9,249402
13173,0.000172,172.31.36.0-255,66,22446,9,249402
13174,0.000179,74.125.24.0-255,2902,25348,9,249402
13175,0.000181,172.31.36.0-255,66,25414,9,249402
13176,0.000219,74.125.24.0-255,5738,31152,9,249402
13177,0.000222,172.31.36.0-255,66,31218,9,249402
13178,0.000229,74.125.24.0-255,6797,38015,9,249402
13179,0.000232,172.31.36.0-255,66,38081,9,249402
13180,0.000575,74.125.24.0-255,1484,39565,9,249402
13181,0.00058,172.31.36.0-255,66,39631,9,249402
13182,0.000587,74.125.24.0-255,2902,42533,9,249402
13183,0.000589,172.31.36.0-255,66,42599,9,249402
13184,0.000623,74.125.24.0-255,5738,48337,9,249402
13185,0.000626,172.31.36.0-255,66,48403,9,249402
13186,0.000635,74.125.24.0-255,7156,55559,9,249402
13187,0.000637,172.31.36.0-255,66,55625,9,249402
13188,0.000666,74.125.24.0-255,289,55914,9,249402
13189,0.000669,172.31.36.0-255,66,55980,9,249402
13190,0.001097,74.125.24.0-255,1484,57464,9,249402
13191,0.001108,74.125.24.0-255,2902,60366,9,249402
13192,0.001112,172.31.36.0-255,66,60432,9,249402
13193,0.001119,74.125.24.0-255,5738,66170,9,249402
13194,0.001121,172.31.36.0-255,66,66236,9,249402
13195,0.001139,74.125.24.0-255,4320,70556,9,249402
13196,0.001141,172.31.36.0-255,66,70622,9,249402
13197,0.001173,74.125.24.0-255,7156,77778,9,249402
13198,0.001176,172.31.36.0-255,66,77844,9,249402
13199,0.001188,172.31.36.0-255,66,77910,9,249402
13200,0.001623,74.125.24.0-255,1484,79394,9,249402
13201,0.00163,74.125.24.0-255,2902,82296,9,249402
13202,0.001634,172.31.36.0-255,66,82362,9,249402
13203,0.001662,74.125.24.0-255,2902,85264,9,249402
13204,0.001665,172.31.36.0-255,66,85330,9,249402
13205,0.001672,74.125.24.0-255,7156,92486,9,249402
13206,0.001675,172.31.36.0-255,66,92552,9,249402
13207,0.001745,74.125.24.0-255,1484,94036,9,249402
13208,0.001758,74.125.24.0-255,5738,99774,9,249402
13209,0.001762,172.31.36.0-255,66,99840,9,249402
13210,0.001793,74.125.24.0-255,5738,105578,9,249402
13211,0.001796,172.31.36.0-255,66,105644,9,249402
13212,0.001803,74.125.24.0-255,6438,112082,9,249402
13213,0.001807,172.31.36.0-255,66,112148,9,249402
13214,0.003829,74.125.24.0-255,5738,117886,9,249402
13215,0.003835,172.31.36.0-255,66,117952,9,249402
13216,0.005834,74.125.24.0-255,5738,123690,9,249402
13217,0.00584,172.31.36.0-255,66,123756,9,249402
13218,0.007839,74.125.24.0-255,5738,129494,9,249402
13219,0.007844,172.31.36.0-255,66,129560,9,249402
13220,0.009874,74.125.24.0-255,5738,135298,9,249402
13221,0.00988,172.31.36.0-255,66,135364,9,249402
13222,0.01191,74.125.24.0-255,5738,141102,9,249402
13223,0.011917,172.31.36.0-255,66,141168,9,249402
13224,0.013917,74.125.24.0-255,5738,146906,9,249402
13225,0.013925,172.31.36.0-255,66,146972,9,249402
13226,0.016019,74.125.24.0-255,5738,152710,9,249402
13227,0.016029,172.31.36.0-255,66,152776,9,249402
13228,0.01806,74.125.24.0-255,5738,158514,9,249402
13229,0.018068,172.31.36.0-255,66,158580,9,249402
13230,0.020073,74.125.24.0-255,5738,164318,9,249402
13231,0.02008,172.31.36.0-255,66,164384,9,249402
13232,0.022101,74.125.24.0-255,5738,170122,9,249402
13233,0.022107,172.31.36.0-255,66,170188,9,249402
13234,0.024117,74.125.24.0-255,5738,175926,9,249402
13235,0.024125,172.31.36.0-255,66,175992,9,249402
13236,0.026123,74.125.24.0-255,5738,181730,9,249402
13237,0.02613,172.31.36.0-255,66,181796,9,249402
13238,0.02813,74.125.24.0-255,5738,187534,9,249402
13239,0.028138,172.31.36.0-255,66,187600,9,249402
13240,0.03016,74.125.24.0-255,4320,191920,9,249402
13241,0.030168,172.31.36.0-255,66,191986,9,249402
13242,0.030206,74.125.24.0-255,1484,193470,9,249402
13243,0.032194,74.125.24.0-255,4320,197790,9,249402
13244,0.032202,172.31.36.0-255,66,197856,9,249402
13245,0.034207,74.125.24.0-255,5738,203594,9,249402
13246,0.034215,172.31.36.0-255,66,203660,9,249402
13247,0.036233,74.125.24.0-255,5738,209398,9,249402
13248,0.03624,172.31.36.0-255,66,209464,9,249402
13249,0.03816,172.31.36.0-255,176,209640,9,249402
13250,0.038187,172.31.36.0-255,1116,210756,9,249402
13251,0.03824,172.31.36.0-255,1514,212270,9,249402
13252,0.038241,172.31.36.0-255,1514,213784,9,249402
13253,0.038242,172.31.36.0-255,1514,215298,9,249402
13254,0.038244,172.31.36.0-255,368,215666,9,249402
13255,0.038271,74.125.24.0-255,5738,221404,9,249402
13256,0.038275,172.31.36.0-255,66,221470,9,249402
13257,0.039725,104.244.42.0-255,66,221536,9,249402
13258,0.039751,104.244.42.0-255,66,221602,9,249402
13259,0.039818,104.244.42.0-255,66,221668,9,249402
13260,0.039822,104.244.42.0-255,66,221734,9,249402
13261,0.040297,74.125.24.0-255,5738,227472,9,249402
13262,0.040302,172.31.36.0-255,66,227538,9,249402
13263,0.042326,74.125.24.0-255,4320,231858,9,249402
13264,0.042332,172.31.36.0-255,66,231924,9,249402
13265,0.042372,74.125.24.0-255,1484,233408,9,249402
13266,0.044384,74.125.24.0-255,4320,237728,9,249402
13267,0.044403,172.31.36.0-255,66,237794,9,249402
13268,0.046444,74.125.24.0-255,5738,243532,9,249402
13269,0.04646,172.31.36.0-255,66,243598,9,249402
13270,0.048493,74.125.24.0-255,5738,249336,9,249402
13271,0.048505,172.31.36.0-255,66,249402,9,249402
13272,0.0,74.125.68.0-255,153,153,9,327060
13273,2.2e-05,172.31.36.0-255,66,219,9,327060
13274,2.9e-05,74.125.68.0-255,1484,1703,9,327060
13275,3.3e-05,172.31.36.0-255,66,1769,9,327060
13276,3.9e-05,74.125.68.0-255,2902,4671,9,327060
13277,4.1e-05,172.31.36.0-255,66,4737,9,327060
13278,6.9e-05,74.125.68.0-255,2902,7639,9,327060
13279,7.2e-05,172.31.36.0-255,66,7705,9,327060
13280,7.8e-05,74.125.68.0-255,4320,12025,9,327060
13281,8e-05,172.31.36.0-255,66,12091,9,327060
13282,0.000101,74.125.68.0-255,2001,14092,9,327060
13283,0.000104,172.31.36.0-255,66,14158,9,327060
13284,0.000169,74.125.68.0-255,2902,17060,9,327060
13285,0.000171,172.31.36.0-255,66,17126,9,327060
13286,0.000175,74.125.68.0-255,1484,18610,9,327060
13287,0.000177,172.31.36.0-255,66,18676,9,327060
13288,0.000182,74.125.68.0-255,2902,21578,9,327060
13289,0.000184,172.31.36.0-255,66,21644,9,327060
13290,0.000187,74.125.68.0-255,1484,23128,9,327060
13291,0.000189,172.31.36.0-255,66,23194,9,327060
13292,0.000217,74.125.68.0-255,4320,27514,9,327060
13293,0.00022,172.31.36.0-255,66,27580,9,327060
13294,0.000225,74.125.68.0-255,3961,31541,9,327060
13295,0.000228,172.31.36.0-255,66,31607,9,327060
13296,0.00035,74.125.68.0-255,1484,33091,9,327060
13297,0.000354,172.31.36.0-255,66,33157,9,327060
13298,0.000358,74.125.68.0-255,1484,34641,9,327060
13299,0.00036,172.31.36.0-255,66,34707,9,327060
13300,0.000365,74.125.68.0-255,2902,37609,9,327060
13301,0.000367,172.31.36.0-255,66,37675,9,327060
13302,0.000407,74.125.68.0-255,2902,40577,9,327060
13303,0.00041,172.31.36.0-255,66,40643,9,327060
13304,0.000428,74.125.68.0-255,4320,44963,9,327060
13305,0.00043,172.31.36.0-255,66,45029,9,327060
13306,0.000512,74.125.68.0-255,4320,49349,9,327060
13307,0.000516,172.31.36.0-255,66,49415,9,327060
13308,0.000539,74.125.68.0-255,2902,52317,9,327060
13309,0.000541,172.31.36.0-255,66,52383,9,327060
13310,0.000549,74.125.68.0-255,7156,59539,9,327060
13311,0.000551,172.31.36.0-255,66,59605,9,327060
13312,0.000581,74.125.68.0-255,6438,66043,9,327060
13313,0.000584,172.31.36.0-255,66,66109,9,327060
13314,0.000588,74.125.68.0-255,399,66508,9,327060
13315,0.000642,74.125.68.0-255,111,66619,9,327060
13316,0.000787,74.125.68.0-255,1484,68103,9,327060
13317,0.000804,172.31.36.0-255,66,68169,9,327060
13318,0.00081,74.125.68.0-255,2902,71071,9,327060
13319,0.000812,172.31.36.0-255,66,71137,9,327060
13320,0.000819,74.125.68.0-255,5738,76875,9,327060
13321,0.000821,172.31.36.0-255,66,76941,9,327060
13322,0.000829,74.125.68.0-255,5738,82679,9,327060
13323,0.000831,172.31.36.0-255,66,82745,9,327060
13324,0.000837,74.125.68.0-255,4320,87065,9,327060
13325,0.000839,172.31.36.0-255,66,87131,9,327060
13326,0.000862,74.125.68.0-255,2902,90033,9,327060
13327,0.000865,172.31.36.0-255,66,90099,9,327060
13328,0.000872,74.125.68.0-255,7156,97255,9,327060
13329,0.000874,172.31.36.0-255,66,97321,9,327060
13330,0.000942,74.125.68.0-255,3602,100923,9,327060
13331,0.000946,172.31.36.0-255,66,100989,9,327060
13332,0.001033,74.125.68.0-255,1484,102473,9,327060
13333,0.001038,74.125.68.0-255,1484,103957,9,327060
13334,0.001042,172.31.36.0-255,66,104023,9,327060
13335,0.001061,74.125.68.0-255,1484,105507,9,327060
13336,0.001079,74.125.68.0-255,1484,106991,9,327060
13337,0.001082,172.31.36.0-255,66,107057,9,327060
13338,0.001087,74.125.68.0-255,2902,109959,9,327060
13339,0.001089,172.31.36.0-255,66,110025,9,327060
13340,0.001105,74.125.68.0-255,5738,115763,9,327060
13341,0.001108,172.31.36.0-255,66,115829,9,327060
13342,0.001111,74.125.68.0-255,1484,117313,9,327060
13343,0.001136,74.125.68.0-255,2902,120215,9,327060
13344,0.001139,172.31.36.0-255,66,120281,9,327060
13345,0.001155,74.125.68.0-255,4320,124601,9,327060
13346,0.001157,172.31.36.0-255,66,124667,9,327060
13347,0.001182,74.125.68.0-255,1484,126151,9,327060
13348,0.001237,74.125.68.0-255,7156,133307,9,327060
13349,0.00124,172.31.36.0-255,66,133373,9,327060
13350,0.001257,74.125.68.0-255,2184,135557,9,327060
13351,0.00126,172.31.36.0-255,66,135623,9,327060
13352,0.001509,74.125.68.0-255,1484,137107,9,327060
13353,0.001515,74.125.68.0-255,1484,138591,9,327060
13354,0.00152,172.31.36.0-255,66,138657,9,327060
13355,0.00154,74.125.68.0-255,1484,140141,9,327060
13356,0.001547,74.125.68.0-255,5738,145879,9,327060
13357,0.001551,172.31.36.0-255,66,145945,9,327060
13358,0.001558,74.125.68.0-255,7156,153101,9,327060
13359,0.00156,172.31.36.0-255,66,153167,9,327060
13360,0.001615,172.31.36.0-255,66,153233,9,327060
13361,0.001629,74.125.68.0-255,2902,156135,9,327060
13362,0.001632,172.31.36.0-255,66,156201,9,327060
13363,0.001654,74.125.68.0-255,5020,161221,9,327060
13364,0.001657,172.31.36.0-255,66,161287,9,327060
13365,0.001899,74.125.68.0-255,1484,162771,9,327060
13366,0.001916,74.125.68.0-255,2902,165673,9,327060
13367,0.00192,172.31.36.0-255,66,165739,9,327060
13368,0.001924,74.125.68.0-255,1484,167223,9,327060
13369,0.001942,74.125.68.0-255,2902,170125,9,327060
13370,0.001945,172.31.36.0-255,66,170191,9,327060
13371,0.001967,74.125.68.0-255,4320,174511,9,327060
13372,0.00197,172.31.36.0-255,66,174577,9,327060
13373,0.001991,74.125.68.0-255,1484,176061,9,327060
13374,0.001993,74.125.68.0-255,1484,177545,9,327060
13375,0.001996,172.31.36.0-255,66,177611,9,327060
13376,0.002,74.125.68.0-255,1484,179095,9,327060
13377,0.00393,74.125.68.0-255,1484,180579,9,327060
13378,0.003936,172.31.36.0-255,66,180645,9,327060
13379,0.003956,74.125.68.0-255,2902,183547,9,327060
13380,0.003959,172.31.36.0-255,66,183613,9,327060
13381,0.005912,74.125.68.0-255,5738,189351,9,327060
13382,0.005919,172.31.36.0-255,66,189417,9,327060
13383,0.007901,74.125.68.0-255,5738,195155,9,327060
13384,0.007908,172.31.36.0-255,66,195221,9,327060
13385,0.009879,74.125.68.0-255,5738,200959,9,327060
13386,0.009887,172.31.36.0-255,66,201025,9,327060
13387,0.011867,74.125.68.0-255,5738,206763,9,327060
13388,0.011875,172.31.36.0-255,66,206829,9,327060
13389,0.014059,74.125.68.0-255,5738,212567,9,327060
13390,0.014067,172.31.36.0-255,66,212633,9,327060
13391,0.016036,74.125.68.0-255,5738,218371,9,327060
13392,0.016042,172.31.36.0-255,66,218437,9,327060
13393,0.018012,74.125.68.0-255,5738,224175,9,327060
13394,0.018019,172.31.36.0-255,66,224241,9,327060
13395,0.019998,74.125.68.0-255,5738,229979,9,327060
13396,0.020006,172.31.36.0-255,66,230045,9,327060
13397,0.021983,74.125.68.0-255,5738,235783,9,327060
13398,0.021991,172.31.36.0-255,66,235849,9,327060
13399,0.023969,74.125.68.0-255,5738,241587,9,327060
13400,0.023976,172.31.36.0-255,66,241653,9,327060
13401,0.025968,74.125.68.0-255,5738,247391,9,327060
13402,0.025975,172.31.36.0-255,66,247457,9,327060
13403,0.027969,74.125.68.0-255,5738,253195,9,327060
13404,0.027977,172.31.36.0-255,66,253261,9,327060
13405,0.02995,74.125.68.0-255,5738,258999,9,327060
13406,0.029957,172.31.36.0-255,66,259065,9,327060
13407,0.031953,74.125.68.0-255,5738,264803,9,327060
13408,0.031962,172.31.36.0-255,66,264869,9,327060
13409,0.033939,74.125.68.0-255,5738,270607,9,327060
13410,0.033947,172.31.36.0-255,66,270673,9,327060
13411,0.034947,172.31.36.0-255,209,270882,9,327060
13412,0.034977,172.31.36.0-255,960,271842,9,327060
13413,0.035051,172.31.36.0-255,1514,273356,9,327060
13414,0.035053,172.31.36.0-255,1514,274870,9,327060
13415,0.035054,172.31.36.0-255,1514,276384,9,327060
13416,0.035055,172.31.36.0-255,1514,277898,9,327060
13417,0.035081,172.31.36.0-255,1514,279412,9,327060
13418,0.035087,172.31.36.0-255,952,280364,9,327060
13419,0.035922,74.125.68.0-255,5738,286102,9,327060
13420,0.035928,172.31.36.0-255,66,286168,9,327060
13421,0.036563,104.244.42.0-255,66,286234,9,327060
13422,0.036572,104.244.42.0-255,66,286300,9,327060
13423,0.036623,104.244.42.0-255,66,286366,9,327060
13424,0.036629,104.244.42.0-255,66,286432,9,327060
13425,0.037905,74.125.68.0-255,5738,292170,9,327060
13426,0.037912,172.31.36.0-255,66,292236,9,327060
13427,0.039914,74.125.68.0-255,5738,297974,9,327060
13428,0.039921,172.31.36.0-255,66,298040,9,327060
13429,0.041899,74.125.68.0-255,5738,303778,9,327060
13430,0.041908,172.31.36.0-255,66,303844,9,327060
13431,0.043906,74.125.68.0-255,5738,309582,9,327060
13432,0.043912,172.31.36.0-255,66,309648,9,327060
13433,0.045908,74.125.68.0-255,5738,315386,9,327060
13434,0.045915,172.31.36.0-255,66,315452,9,327060
13435,0.047894,74.125.68.0-255,5738,321190,9,327060
13436,0.0479,172.31.36.0-255,66,321256,9,327060
13437,0.049887,74.125.68.0-255,5738,326994,9,327060
13438,0.049893,172.31.36.0-255,66,327060,9,327060
13439,0.0,74.125.24.0-255,143,143,9,253731
13440,2.4e-05,172.31.36.0-255,66,209,9,253731
13441,3.2e-05,74.125.24.0-255,1484,1693,9,253731
13442,3.6e-05,172.31.36.0-255,66,1759,9,253731
13443,5.1e-05,74.125.24.0-255,2902,4661,9,253731
13444,5.5e-05,172.31.36.0-255,66,4727,9,253731
13445,6.3e-05,74.125.24.0-255,7156,11883,9,253731
13446,6.6e-05,172.31.36.0-255,66,11949,9,253731
13447,7e-05,74.125.24.0-255,2049,13998,9,253731
13448,7.3e-05,172.31.36.0-255,66,14064,9,253731
13449,9.6e-05,74.125.24.0-255,1484,15548,9,253731
13450,9.8e-05,172.31.36.0-255,66,15614,9,253731
13451,0.000107,74.125.24.0-255,1484,17098,9,253731
13452,0.00011,172.31.36.0-255,66,17164,9,253731
13453,0.000136,74.125.24.0-255,1484,18648,9,253731
13454,0.000142,172.31.36.0-255,66,18714,9,253731
13455,0.00015,74.125.24.0-255,5738,24452,9,253731
13456,0.000152,172.31.36.0-255,66,24518,9,253731
13457,0.000159,74.125.24.0-255,6797,31315,9,253731
13458,0.000162,172.31.36.0-255,66,31381,9,253731
13459,0.00029,74.125.24.0-255,1484,32865,9,253731
13460,0.000295,172.31.36.0-255,66,32931,9,253731
13461,0.0003,74.125.24.0-255,2902,35833,9,253731
13462,0.000303,172.31.36.0-255,66,35899,9,253731
13463,0.000306,74.125.24.0-255,1484,37383,9,253731
13464,0.000308,172.31.36.0-255,66,37449,9,253731
13465,0.000326,74.125.24.0-255,4320,41769,9,253731
13466,0.000333,172.31.36.0-255,66,41835,9,253731
13467,0.000358,74.125.24.0-255,4320,46155,9,253731
13468,0.000361,172.31.36.0-255,66,46221,9,253731
13469,0.000401,172.31.36.0-255,66,46287,9,253731
13470,0.000408,74.125.24.0-255,7156,53443,9,253731
13471,0.00043,74.125.24.0-255,2877,56320,9,253731
13472,0.000432,74.125.24.0-255,343,56663,9,253731
13473,0.000546,172.31.36.0-255,66,56729,9,253731
13474,0.000671,74.125.24.0-255,1484,58213,9,253731
13475,0.000676,74.125.24.0-255,1484,59697,9,253731
13476,0.000687,74.125.24.0-255,1484,61181,9,253731
13477,0.000696,74.125.24.0-255,5738,66919,9,253731
13478,0.000709,74.125.24.0-255,4320,71239,9,253731
13479,0.000724,172.31.36.0-255,66,71305,9,253731
13480,0.000774,172.31.36.0-255,66,71371,9,253731
13481,0.000814,172.31.36.0-255,66,71437,9,253731
13482,0.001065,74.125.24.0-255,1484,72921,9,253731
13483,0.00107,74.125.24.0-255,1484,74405,9,253731
13484,0.001074,172.31.36.0-255,66,74471,9,253731
13485,0.001118,74.125.24.0-255,1484,75955,9,253731
13486,0.001125,74.125.24.0-255,4320,80275,9,253731
13487,0.001131,74.125.24.0-255,5738,86013,9,253731
13488,0.001146,74.125.24.0-255,4320,90333,9,253731
13489,0.001152,172.31.36.0-255,66,90399,9,253731
13490,0.001176,74.125.24.0-255,2902,93301,9,253731
13491,0.00119,172.31.36.0-255,66,93367,9,253731
13492,0.001243,172.31.36.0-255,66,93433,9,253731
13493,0.001455,74.125.24.0-255,1484,94917,9,253731
13494,0.001462,74.125.24.0-255,2902,97819,9,253731
13495,0.001465,172.31.36.0-255,66,97885,9,253731
13496,0.001472,74.125.24.0-255,5738,103623,9,253731
13497,0.001511,74.125.24.0-255,1484,105107,9,253731
13498,0.001533,74.125.24.0-255,1484,106591,9,253731
13499,0.001535,74.125.24.0-255,766,107357,9,253731
13500,0.001538,172.31.36.0-255,66,107423,9,253731
13501,0.001544,172.31.36.0-255,66,107489,9,253731
13502,0.00217,74.125.24.0-255,1484,108973,9,253731
13503,0.002176,74.125.24.0-255,2902,111875,9,253731
13504,0.00218,172.31.36.0-255,66,111941,9,253731
13505,0.002186,74.125.24.0-255,2902,114843,9,253731
13506,0.00221,74.125.24.0-255,2902,117745,9,253731
13507,0.002214,172.31.36.0-255,66,117811,9,253731
13508,0.002227,74.125.24.0-255,4320,122131,9,253731
13509,0.002249,74.125.24.0-255,5738,127869,9,253731
13510,0.002279,74.125.24.0-255,1484,129353,9,253731
13511,0.002283,74.125.24.0-255,2184,131537,9,253731
13512,0.002287,172.31.36.0-255,66,131603,9,253731
13513,0.002292,172.31.36.0-255,66,131669,9,253731
13514,0.002314,74.125.24.0-255,1484,133153,9,253731
13515,0.002322,74.125.24.0-255,2902,136055,9,253731
13516,0.002334,172.31.36.0-255,66,136121,9,253731
13517,0.002353,74.125.24.0-255,5738,141859,9,253731
13518,0.002376,74.125.24.0-255,1484,143343,9,253731
13519,0.002383,172.31.36.0-255,66,143409,9,253731
13520,0.002451,172.31.36.0-255,66,143475,9,253731
13521,0.002463,74.125.24.0-255,1484,144959,9,253731
13522,0.00248,74.125.24.0-255,2902,147861,9,253731
13523,0.002486,74.125.24.0-255,4320,152181,9,253731
13524,0.002498,74.125.24.0-255,1484,153665,9,253731
13525,0.002503,74.125.24.0-255,2902,156567,9,253731
13526,0.002517,172.31.36.0-255,66,156633,9,253731
13527,0.002556,74.125.24.0-255,766,157399,9,253731
13528,0.008388,172.31.36.0-255,66,157465,9,253731
13529,0.011001,74.125.24.0-255,5738,163203,9,253731
13530,0.011012,172.31.36.0-255,66,163269,9,253731
13531,0.013582,74.125.24.0-255,5738,169007,9,253731
13532,0.014806,172.31.36.0-255,66,169073,9,253731
13533,0.017352,74.125.24.0-255,5738,174811,9,253731
13534,0.017366,172.31.36.0-255,66,174877,9,253731
13535,0.019956,74.125.24.0-255,5738,180615,9,253731
13536,0.019966,172.31.36.0-255,66,180681,9,253731
13537,0.022502,74.125.24.0-255,5738,186419,9,253731
13538,0.022511,172.31.36.0-255,66,186485,9,253731
13539,0.025079,74.125.24.0-255,5738,192223,9,253731
13540,0.025105,172.31.36.0-255,66,192289,9,253731
13541,0.027694,74.125.24.0-255,5738,198027,9,253731
13542,0.027701,172.31.36.0-255,66,198093,9,253731
13543,0.030255,74.125.24.0-255,5738,203831,9,253731
13544,0.030264,172.31.36.0-255,66,203897,9,253731
13545,0.032828,74.125.24.0-255,5738,209635,9,253731
13546,0.032838,172.31.36.0-255,66,209701,9,253731
13547,0.035405,74.125.24.0-255,5738,215439,9,253731
13548,0.035414,172.31.36.0-255,66,215505,9,253731
13549,0.036921,172.31.36.0-255,176,215681,9,253731
13550,0.036956,172.31.36.0-255,1116,216797,9,253731
13551,0.037019,172.31.36.0-255,1514,218311,9,253731
13552,0.03702,172.31.36.0-255,1514,219825,9,253731
13553,0.037022,172.31.36.0-255,1514,221339,9,253731
13554,0.037023,172.31.36.0-255,1514,222853,9,253731
13555,0.03705,172.31.36.0-255,1486,224339,9,253731
13556,0.037968,74.125.24.0-255,5738,230077,9,253731
13557,0.037975,172.31.36.0-255,66,230143,9,253731
13558,0.038459,104.244.42.0-255,66,230209,9,253731
13559,0.038507,104.244.42.0-255,66,230275,9,253731
13560,0.038644,104.244.42.0-255,66,230341,9,253731
13561,0.039602,104.244.42.0-255,108,230449,9,253731
13562,0.039612,172.31.36.0-255,66,230515,9,253731
13563,0.040533,74.125.24.0-255,5738,236253,9,253731
13564,0.040538,172.31.36.0-255,66,236319,9,253731
13565,0.043098,74.125.24.0-255,5738,242057,9,253731
13566,0.043106,172.31.36.0-255,66,242123,9,253731
13567,0.045644,74.125.24.0-255,5738,247861,9,253731
13568,0.045651,172.31.36.0-255,66,247927,9,253731
13569,0.048244,74.125.24.0-255,5738,253665,9,253731
13570,0.04826,172.31.36.0-255,66,253731,9,253731
13571,0.0,172.217.26.0-255,153,153,9,276738
13572,1.4e-05,172.31.36.0-255,66,219,9,276738
13573,2e-05,172.217.26.0-255,1484,1703,9,276738
13574,2.5e-05,172.31.36.0-255,66,1769,9,276738
13575,3.1e-05,172.217.26.0-255,2902,4671,9,276738
13576,3.5e-05,172.31.36.0-255,66,4737,9,276738
13577,4.1e-05,172.217.26.0-255,4320,9057,9,276738
13578,4.3e-05,172.31.36.0-255,66,9123,9,276738
13579,9e-05,172.217.26.0-255,4876,13999,9,276738
13580,9.3e-05,172.31.36.0-255,66,14065,9,276738
13581,0.000143,172.217.26.0-255,1484,15549,9,276738
13582,0.000145,172.31.36.0-255,66,15615,9,276738
13583,0.000182,172.217.26.0-255,2902,18517,9,276738
13584,0.000186,172.31.36.0-255,66,18583,9,276738
13585,0.000192,172.217.26.0-255,4320,22903,9,276738
13586,0.000194,172.31.36.0-255,66,22969,9,276738
13587,0.000226,172.217.26.0-255,5738,28707,9,276738
13588,0.000228,172.31.36.0-255,66,28773,9,276738
13589,0.000242,172.217.26.0-255,2543,31316,9,276738
13590,0.000244,172.31.36.0-255,66,31382,9,276738
13591,0.000254,172.31.36.0-255,66,31448,9,276738
13592,0.000271,172.217.26.0-255,2902,34350,9,276738
13593,0.000273,172.31.36.0-255,66,34416,9,276738
13594,0.000289,172.217.26.0-255,5379,39795,9,276738
13595,0.000292,172.31.36.0-255,66,39861,9,276738
13596,0.000309,172.217.26.0-255,1484,41345,9,276738
13597,0.000311,172.31.36.0-255,66,41411,9,276738
13598,0.000316,172.217.26.0-255,2902,44313,9,276738
13599,0.000318,172.31.36.0-255,66,44379,9,276738
13600,0.000323,172.217.26.0-255,2902,47281,9,276738
13601,0.000325,172.31.36.0-255,66,47347,9,276738
13602,0.00033,172.217.26.0-255,2902,50249,9,276738
13603,0.000332,172.31.36.0-255,66,50315,9,276738
13604,0.000356,172.217.26.0-255,1484,51799,9,276738
13605,0.000388,172.217.26.0-255,5702,57501,9,276738
13606,0.000391,172.31.36.0-255,66,57567,9,276738
13607,0.001198,172.217.26.0-255,119,57686,9,276738
13608,0.001416,172.217.26.0-255,1484,59170,9,276738
13609,0.001422,172.31.36.0-255,66,59236,9,276738
13610,0.001438,172.217.26.0-255,1484,60720,9,276738
13611,0.001442,172.217.26.0-255,2902,63622,9,276738
13612,0.001445,172.31.36.0-255,66,63688,9,276738
13613,0.001467,172.217.26.0-255,5738,69426,9,276738
13614,0.001469,172.31.36.0-255,66,69492,9,276738
13615,0.001486,172.217.26.0-255,2902,72394,9,276738
13616,0.001488,172.31.36.0-255,66,72460,9,276738
13617,0.00151,172.31.36.0-255,66,72526,9,276738
13618,0.001555,172.31.36.0-255,66,72592,9,276738
13619,0.001661,172.217.26.0-255,1484,74076,9,276738
13620,0.001668,172.217.26.0-255,2902,76978,9,276738
13621,0.001671,172.31.36.0-255,66,77044,9,276738
13622,0.001696,172.217.26.0-255,5738,82782,9,276738
13623,0.001698,172.31.36.0-255,66,82848,9,276738
13624,0.001763,172.217.26.0-255,7156,90004,9,276738
13625,0.001766,172.31.36.0-255,66,90070,9,276738
13626,0.001775,172.217.26.0-255,7156,97226,9,276738
13627,0.001777,172.31.36.0-255,66,97292,9,276738
13628,0.001809,172.217.26.0-255,2902,100194,9,276738
13629,0.001812,172.31.36.0-255,66,100260,9,276738
13630,0.001819,172.217.26.0-255,6438,106698,9,276738
13631,0.001821,172.31.36.0-255,66,106764,9,276738
13632,0.001897,172.217.26.0-255,1484,108248,9,276738
13633,0.001904,172.217.26.0-255,2902,111150,9,276738
13634,0.001907,172.31.36.0-255,66,111216,9,276738
13635,0.001933,172.217.26.0-255,5738,116954,9,276738
13636,0.001936,172.31.36.0-255,66,117020,9,276738
13637,0.001941,172.217.26.0-255,4320,121340,9,276738
13638,0.001943,172.31.36.0-255,66,121406,9,276738
13639,0.001965,172.31.36.0-255,66,121472,9,276738
13640,0.001997,172.217.26.0-255,7156,128628,9,276738
13641,0.002,172.31.36.0-255,66,128694,9,276738
13642,0.002022,172.217.26.0-255,3602,132296,9,276738
13643,0.002024,172.31.36.0-255,66,132362,9,276738
13644,0.003961,172.217.26.0-255,1484,133846,9,276738
13645,0.003987,172.217.26.0-255,4320,138166,9,276738
13646,0.00399,172.31.36.0-255,66,138232,9,276738
13647,0.005958,172.217.26.0-255,5738,143970,9,276738
13648,0.005961,172.31.36.0-255,66,144036,9,276738
13649,0.007936,172.217.26.0-255,5738,149774,9,276738
13650,0.007943,172.31.36.0-255,66,149840,9,276738
13651,0.009959,172.217.26.0-255,5738,155578,9,276738
13652,0.009966,172.31.36.0-255,66,155644,9,276738
13653,0.01195,172.217.26.0-255,5738,161382,9,276738
13654,0.011957,172.31.36.0-255,66,161448,9,276738
13655,0.013931,172.217.26.0-255,5738,167186,9,276738
13656,0.013938,172.31.36.0-255,66,167252,9,276738
13657,0.015912,172.217.26.0-255,5738,172990,9,276738
13658,0.015921,172.31.36.0-255,66,173056,9,276738
13659,0.017898,172.217.26.0-255,5738,178794,9,276738
13660,0.017906,172.31.36.0-255,66,178860,9,276738
13661,0.019902,172.217.26.0-255,5738,184598,9,276738
13662,0.019911,172.31.36.0-255,66,184664,9,276738
13663,0.020032,172.31.36.0-255,101,184765,9,276738
13664,0.021897,172.217.26.0-255,5738,190503,9,276738
13665,0.021904,172.31.36.0-255,66,190569,9,276738
13666,0.021965,172.217.26.0-255,66,190635,9,276738
13667,0.023893,172.217.26.0-255,5738,196373,9,276738
13668,0.0239,172.31.36.0-255,66,196439,9,276738
13669,0.025875,172.217.26.0-255,5738,202177,9,276738
13670,0.025882,172.31.36.0-255,66,202243,9,276738
13671,0.027856,172.217.26.0-255,5738,207981,9,276738
13672,0.027864,172.31.36.0-255,66,208047,9,276738
13673,0.029862,172.217.26.0-255,4320,212367,9,276738
13674,0.029869,172.31.36.0-255,66,212433,9,276738
13675,0.02989,172.217.26.0-255,1484,213917,9,276738
13676,0.031867,172.217.26.0-255,4320,218237,9,276738
13677,0.031875,172.31.36.0-255,66,218303,9,276738
13678,0.033859,172.217.26.0-255,5738,224041,9,276738
13679,0.033866,172.31.36.0-255,66,224107,9,276738
13680,0.035841,172.217.26.0-255,5738,229845,9,276738
13681,0.035848,172.31.36.0-255,66,229911,9,276738
13682,0.037839,172.217.26.0-255,5738,235649,9,276738
13683,0.037847,172.31.36.0-255,66,235715,9,276738
13684,0.039824,172.217.26.0-255,5738,241453,9,276738
13685,0.039831,172.31.36.0-255,66,241519,9,276738
13686,0.041809,172.217.26.0-255,5738,247257,9,276738
13687,0.041817,172.31.36.0-255,66,247323,9,276738
13688,0.043582,172.31.36.0-255,171,247494,9,276738
13689,0.043614,172.31.36.0-255,1139,248633,9,276738
13690,0.043687,172.31.36.0-255,1514,250147,9,276738
13691,0.043688,172.31.36.0-255,1514,251661,9,276738
13692,0.043693,172.31.36.0-255,1514,253175,9,276738
13693,0.043694,172.31.36.0-255,83,253258,9,276738
13694,0.043784,172.217.26.0-255,5738,258996,9,276738
13695,0.043789,172.31.36.0-255,66,259062,9,276738
13696,0.045141,104.244.42.0-255,66,259128,9,276738
13697,0.045149,104.244.42.0-255,66,259194,9,276738
13698,0.045247,104.244.42.0-255,66,259260,9,276738
13699,0.045253,104.244.42.0-255,66,259326,9,276738
13700,0.045767,172.217.26.0-255,5738,265064,9,276738
13701,0.045774,172.31.36.0-255,66,265130,9,276738
13702,0.047757,172.217.26.0-255,5738,270868,9,276738
13703,0.047764,172.31.36.0-255,66,270934,9,276738
13704,0.04981,172.217.26.0-255,5738,276672,9,276738
13705,0.049817,172.31.36.0-255,66,276738,9,276738
13706,0.0,172.217.194.0-255,496,496,9,162760
13707,1.6e-05,172.31.36.0-255,66,562,9,162760
13708,2.3e-05,172.217.194.0-255,1484,2046,9,162760
13709,2.7e-05,172.31.36.0-255,66,2112,9,162760
13710,3.5e-05,172.217.194.0-255,4320,6432,9,162760
13711,3.9e-05,172.31.36.0-255,66,6498,9,162760
13712,9.9e-05,172.31.36.0-255,66,6564,9,162760
13713,0.000269,172.31.36.0-255,66,6630,9,162760
13714,0.000322,172.217.194.0-255,4320,10950,9,162760
13715,0.000326,172.31.36.0-255,66,11016,9,162760
13716,0.000575,172.217.194.0-255,2543,13559,9,162760
13717,0.000583,172.31.36.0-255,66,13625,9,162760
13718,0.000641,172.31.36.0-255,66,13691,9,162760
13719,0.000662,172.217.194.0-255,7156,20847,9,162760
13720,0.000665,172.31.36.0-255,66,20913,9,162760
13721,0.000969,172.217.194.0-255,1125,22038,9,162760
13722,0.000976,172.31.36.0-255,66,22104,9,162760
13723,0.001007,172.217.194.0-255,1484,23588,9,162760
13724,0.00101,172.31.36.0-255,66,23654,9,162760
13725,0.001031,172.217.194.0-255,4320,27974,9,162760
13726,0.001033,172.31.36.0-255,66,28040,9,162760
13727,0.001137,172.31.36.0-255,66,28106,9,162760
13728,0.001381,172.31.36.0-255,66,28172,9,162760
13729,0.001836,172.31.36.0-255,66,28238,9,162760
13730,0.002129,172.217.194.0-255,7156,35394,9,162760
13731,0.002134,172.31.36.0-255,66,35460,9,162760
13732,0.002187,172.217.194.0-255,3602,39062,9,162760
13733,0.002869,172.217.194.0-255,5738,44800,9,162760
13734,0.003837,172.217.194.0-255,4320,49120,9,162760
13735,0.003855,172.217.194.0-255,5738,54858,9,162760
13736,0.00387,172.217.194.0-255,5738,60596,9,162760
13737,0.005816,172.31.36.0-255,66,60662,9,162760
13738,0.008098,172.217.194.0-255,2902,63564,9,162760
13739,0.008105,172.31.36.0-255,66,63630,9,162760
13740,0.008126,172.217.194.0-255,2902,66532,9,162760
13741,0.008314,172.31.36.0-255,66,66598,9,162760
13742,0.010402,172.217.194.0-255,2902,69500,9,162760
13743,0.010409,172.31.36.0-255,66,69566,9,162760
13744,0.010581,172.217.194.0-255,2902,72468,9,162760
13745,0.010587,172.31.36.0-255,66,72534,9,162760
13746,0.012687,172.217.194.0-255,2902,75436,9,162760
13747,0.012696,172.31.36.0-255,66,75502,9,162760
13748,0.012873,172.217.194.0-255,2902,78404,9,162760
13749,0.014546,172.31.36.0-255,66,78470,9,162760
13750,0.014992,172.217.194.0-255,2902,81372,9,162760
13751,0.014999,172.31.36.0-255,66,81438,9,162760
13752,0.016895,172.217.194.0-255,2902,84340,9,162760
13753,0.017346,172.217.194.0-255,2902,87242,9,162760
13754,0.018524,172.31.36.0-255,66,87308,9,162760
13755,0.020797,172.217.194.0-255,5738,93046,9,162760
13756,0.020805,172.31.36.0-255,66,93112,9,162760
13757,0.023081,172.217.194.0-255,5738,98850,9,162760
13758,0.02309,172.31.36.0-255,66,98916,9,162760
13759,0.025408,172.217.194.0-255,5738,104654,9,162760
13760,0.025416,172.31.36.0-255,66,104720,9,162760
13761,0.027808,172.217.194.0-255,5738,110458,9,162760
13762,0.027814,172.31.36.0-255,66,110524,9,162760
13763,0.030099,172.217.194.0-255,5738,116262,9,162760
13764,0.030109,172.31.36.0-255,66,116328,9,162760
13765,0.032399,172.217.194.0-255,5738,122066,9,162760
13766,0.032406,172.31.36.0-255,66,122132,9,162760
13767,0.034722,172.217.194.0-255,5738,127870,9,162760
13768,0.034729,172.31.36.0-255,66,127936,9,162760
13769,0.037054,172.217.194.0-255,5738,133674,9,162760
13770,0.037064,172.31.36.0-255,66,133740,9,162760
13771,0.039369,172.217.194.0-255,5738,139478,9,162760
13772,0.039378,172.31.36.0-255,66,139544,9,162760
13773,0.041662,172.217.194.0-255,5738,145282,9,162760
13774,0.04167,172.31.36.0-255,66,145348,9,162760
13775,0.043991,172.217.194.0-255,5738,151086,9,162760
13776,0.044002,172.31.36.0-255,66,151152,9,162760
13777,0.046308,172.217.194.0-255,5738,156890,9,162760
13778,0.046316,172.31.36.0-255,66,156956,9,162760
13779,0.048602,172.217.194.0-255,5738,162694,9,162760
13780,0.048611,172.31.36.0-255,66,162760,9,162760
13781,0.0,172.217.194.0-255,142,142,9,234567
13782,1.5e-05,172.31.36.0-255,66,208,9,234567
13783,2.2e-05,172.217.194.0-255,1484,1692,9,234567
13784,2.7e-05,172.31.36.0-255,66,1758,9,234567
13785,3.3e-05,172.217.194.0-255,2902,4660,9,234567
13786,3.6e-05,172.31.36.0-255,66,4726,9,234567
13787,4.3e-05,172.217.194.0-255,7156,11882,9,234567
13788,4.6e-05,172.31.36.0-255,66,11948,9,234567
13789,5e-05,172.217.194.0-255,2075,14023,9,234567
13790,5.4e-05,172.31.36.0-255,66,14089,9,234567
13791,0.000146,172.217.194.0-255,1484,15573,9,234567
13792,0.000149,172.31.36.0-255,66,15639,9,234567
13793,0.000154,172.217.194.0-255,2902,18541,9,234567
13794,0.000157,172.31.36.0-255,66,18607,9,234567
13795,0.000187,172.217.194.0-255,5738,24345,9,234567
13796,0.00019,172.31.36.0-255,66,24411,9,234567
13797,0.000205,172.31.36.0-255,66,24477,9,234567
13798,0.00021,172.217.194.0-255,2902,27379,9,234567
13799,0.000212,172.31.36.0-255,66,27445,9,234567
13800,0.00025,172.31.36.0-255,66,27511,9,234567
13801,0.000279,172.31.36.0-255,66,27577,9,234567
13802,0.000291,172.217.194.0-255,2184,29761,9,234567
13803,0.000294,172.31.36.0-255,66,29827,9,234567
13804,0.000296,172.217.194.0-255,387,30214,9,234567
13805,0.000298,172.31.36.0-255,66,30280,9,234567
13806,0.000614,172.217.194.0-255,386,30666,9,234567
13807,0.00062,172.31.36.0-255,66,30732,9,234567
13808,0.00133,172.217.194.0-255,1484,32216,9,234567
13809,0.001338,172.31.36.0-255,66,32282,9,234567
13810,0.001345,172.217.194.0-255,2902,35184,9,234567
13811,0.001347,172.31.36.0-255,66,35250,9,234567
13812,0.001352,172.217.194.0-255,2902,38152,9,234567
13813,0.001355,172.31.36.0-255,66,38218,9,234567
13814,0.001386,172.217.194.0-255,2902,41120,9,234567
13815,0.001388,172.31.36.0-255,66,41186,9,234567
13816,0.001395,172.217.194.0-255,4320,45506,9,234567
13817,0.001397,172.31.36.0-255,66,45572,9,234567
13818,0.001404,172.217.194.0-255,7156,52728,9,234567
13819,0.001407,172.31.36.0-255,66,52794,9,234567
13820,0.001432,172.217.194.0-255,5379,58173,9,234567
13821,0.001436,172.31.36.0-255,66,58239,9,234567
13822,0.001443,172.217.194.0-255,6797,65036,9,234567
13823,0.001446,172.31.36.0-255,66,65102,9,234567
13824,0.001601,172.217.194.0-255,1484,66586,9,234567
13825,0.00162,172.217.194.0-255,2902,69488,9,234567
13826,0.001623,172.31.36.0-255,66,69554,9,234567
13827,0.001629,172.217.194.0-255,4320,73874,9,234567
13828,0.001632,172.31.36.0-255,66,73940,9,234567
13829,0.001643,172.217.194.0-255,1484,75424,9,234567
13830,0.001648,172.217.194.0-255,2902,78326,9,234567
13831,0.001651,172.31.36.0-255,66,78392,9,234567
13832,0.001682,172.31.36.0-255,66,78458,9,234567
13833,0.001695,172.31.36.0-255,66,78524,9,234567
13834,0.001718,172.217.194.0-255,1484,80008,9,234567
13835,0.001723,172.217.194.0-255,2902,82910,9,234567
13836,0.001725,172.31.36.0-255,66,82976,9,234567
13837,0.001728,172.217.194.0-255,1484,84460,9,234567
13838,0.001748,172.217.194.0-255,4320,88780,9,234567
13839,0.00175,172.31.36.0-255,66,88846,9,234567
13840,0.001792,172.217.194.0-255,1484,90330,9,234567
13841,0.00182,172.31.36.0-255,66,90396,9,234567
13842,0.001842,172.217.194.0-255,2902,93298,9,234567
13843,0.001845,172.31.36.0-255,66,93364,9,234567
13844,0.001858,172.31.36.0-255,66,93430,9,234567
13845,0.00187,172.31.36.0-255,66,93496,9,234567
13846,0.001883,172.31.36.0-255,66,93562,9,234567
13847,0.001907,172.217.194.0-255,1484,95046,9,234567
13848,0.00192,172.31.36.0-255,66,95112,9,234567
13849,0.001923,172.217.194.0-255,1484,96596,9,234567
13850,0.001942,172.217.194.0-255,5738,102334,9,234567
13851,0.001945,172.31.36.0-255,66,102400,9,234567
13852,0.001971,172.217.194.0-255,5738,108138,9,234567
13853,0.001973,172.31.36.0-255,66,108204,9,234567
13854,0.001984,172.31.36.0-255,66,108270,9,234567
13855,0.002001,172.217.194.0-255,4320,112590,9,234567
13856,0.002004,172.31.36.0-255,66,112656,9,234567
13857,0.002035,172.31.36.0-255,66,112722,9,234567
13858,0.002103,172.217.194.0-255,1484,114206,9,234567
13859,0.002107,172.217.194.0-255,2902,117108,9,234567
13860,0.00211,172.31.36.0-255,66,117174,9,234567
13861,0.002116,172.217.194.0-255,5738,122912,9,234567
13862,0.002118,172.31.36.0-255,66,122978,9,234567
13863,0.002137,172.217.194.0-255,2902,125880,9,234567
13864,0.002139,172.31.36.0-255,66,125946,9,234567
13865,0.002183,172.31.36.0-255,66,126012,9,234567
13866,0.00219,172.217.194.0-255,5738,131750,9,234567
13867,0.002192,172.31.36.0-255,66,131816,9,234567
13868,0.002212,172.217.194.0-255,5020,136836,9,234567
13869,0.002215,172.31.36.0-255,66,136902,9,234567
13870,0.002565,172.217.194.0-255,1484,138386,9,234567
13871,0.00257,172.217.194.0-255,2902,141288,9,234567
13872,0.002573,172.31.36.0-255,66,141354,9,234567
13873,0.002595,172.217.194.0-255,5738,147092,9,234567
13874,0.002598,172.31.36.0-255,66,147158,9,234567
13875,0.00265,172.217.194.0-255,2902,150060,9,234567
13876,0.002652,172.31.36.0-255,66,150126,9,234567
13877,0.002685,172.31.36.0-255,66,150192,9,234567
13878,0.002697,172.31.36.0-255,66,150258,9,234567
13879,0.002711,172.217.194.0-255,1484,151742,9,234567
13880,0.002726,172.217.194.0-255,2902,154644,9,234567
13881,0.002729,172.31.36.0-255,66,154710,9,234567
13882,0.002734,172.217.194.0-255,2902,157612,9,234567
13883,0.002736,172.31.36.0-255,66,157678,9,234567
13884,0.002749,172.217.194.0-255,2902,160580,9,234567
13885,0.002752,172.31.36.0-255,66,160646,9,234567
13886,0.002779,172.31.36.0-255,66,160712,9,234567
13887,0.002803,172.217.194.0-255,7156,167868,9,234567
13888,0.002806,172.31.36.0-255,66,167934,9,234567
13889,0.00282,172.217.194.0-255,3602,171536,9,234567
13890,0.002823,172.31.36.0-255,66,171602,9,234567
13891,0.00286,172.217.194.0-255,1484,173086,9,234567
13892,0.002865,172.217.194.0-255,2902,175988,9,234567
13893,0.002867,172.31.36.0-255,66,176054,9,234567
13894,0.002888,172.217.194.0-255,1484,177538,9,234567
13895,0.002911,172.217.194.0-255,4320,181858,9,234567
13896,0.002914,172.31.36.0-255,66,181924,9,234567
13897,0.002919,172.217.194.0-255,4320,186244,9,234567
13898,0.002921,172.31.36.0-255,66,186310,9,234567
13899,0.002932,172.31.36.0-255,66,186376,9,234567
13900,0.002936,172.217.194.0-255,2902,189278,9,234567
13901,0.002939,172.31.36.0-255,66,189344,9,234567
13902,0.002964,172.217.194.0-255,5738,195082,9,234567
13903,0.002967,172.31.36.0-255,66,195148,9,234567
13904,0.00297,172.217.194.0-255,2184,197332,9,234567
13905,0.002972,172.31.36.0-255,66,197398,9,234567
13906,0.003025,172.217.194.0-255,1484,198882,9,234567
13907,0.003028,172.217.194.0-255,1484,200366,9,234567
13908,0.003031,172.31.36.0-255,66,200432,9,234567
13909,0.003049,172.217.194.0-255,1484,201916,9,234567
13910,0.003055,172.217.194.0-255,5738,207654,9,234567
13911,0.003058,172.31.36.0-255,66,207720,9,234567
13912,0.003087,172.31.36.0-255,66,207786,9,234567
13913,0.003097,172.217.194.0-255,2902,210688,9,234567
13914,0.0031,172.31.36.0-255,66,210754,9,234567
13915,0.003139,172.31.36.0-255,66,210820,9,234567
13916,0.003159,172.217.194.0-255,5020,215840,9,234567
13917,0.003161,172.31.36.0-255,66,215906,9,234567
13918,0.003164,172.217.194.0-255,1484,217390,9,234567
13919,0.003187,172.217.194.0-255,7139,224529,9,234567
13920,0.003189,172.31.36.0-255,66,224595,9,234567
13921,0.003192,172.217.194.0-255,105,224700,9,234567
13922,0.003222,172.217.194.0-255,129,224829,9,234567
13923,0.008839,172.31.36.0-255,105,224934,9,234567
13924,0.008897,172.31.36.0-255,105,225039,9,234567
13925,0.009148,172.31.36.0-255,90,225129,9,234567
13926,0.009159,172.31.36.0-255,66,225195,9,234567
13927,0.011485,172.217.194.0-255,66,225261,9,234567
13928,0.011592,172.217.194.0-255,66,225327,9,234567
13929,0.011737,172.217.194.0-255,66,225393,9,234567
13930,0.011765,172.217.194.0-255,66,225459,9,234567
13931,0.011781,172.31.36.0-255,66,225525,9,234567
13932,0.042045,172.31.36.0-255,172,225697,9,234567
13933,0.04208,172.31.36.0-255,1117,226814,9,234567
13934,0.042169,172.31.36.0-255,1514,228328,9,234567
13935,0.042171,172.31.36.0-255,1514,229842,9,234567
13936,0.042172,172.31.36.0-255,1514,231356,9,234567
13937,0.042177,172.31.36.0-255,1514,232870,9,234567
13938,0.042178,172.31.36.0-255,1499,234369,9,234567
13939,0.043588,104.244.42.0-255,66,234435,9,234567
13940,0.043638,104.244.42.0-255,66,234501,9,234567
13941,0.043792,104.244.42.0-255,66,234567,9,234567
13942,0.0,74.125.24.0-255,143,143,9,216595
13943,2.6e-05,172.31.36.0-255,66,209,9,216595
13944,3.3e-05,74.125.24.0-255,1484,1693,9,216595
13945,3.7e-05,172.31.36.0-255,66,1759,9,216595
13946,4.2e-05,74.125.24.0-255,2902,4661,9,216595
13947,4.4e-05,172.31.36.0-255,66,4727,9,216595
13948,4.8e-05,74.125.24.0-255,2902,7629,9,216595
13949,5.2e-05,172.31.36.0-255,66,7695,9,216595
13950,8e-05,74.125.24.0-255,4320,12015,9,216595
13951,8.3e-05,172.31.36.0-255,66,12081,9,216595
13952,8.6e-05,74.125.24.0-255,2053,14134,9,216595
13953,8.9e-05,172.31.36.0-255,66,14200,9,216595
13954,0.00011,74.125.24.0-255,2902,17102,9,216595
13955,0.000112,172.31.36.0-255,66,17168,9,216595
13956,0.00014,172.31.36.0-255,66,17234,9,216595
13957,0.000147,74.125.24.0-255,7156,24390,9,216595
13958,0.000149,172.31.36.0-255,66,24456,9,216595
13959,0.000171,74.125.24.0-255,1484,25940,9,216595
13960,0.000173,172.31.36.0-255,66,26006,9,216595
13961,0.000215,172.31.36.0-255,66,26072,9,216595
13962,0.000268,172.31.36.0-255,66,26138,9,216595
13963,0.000291,74.125.24.0-255,2902,29040,9,216595
13964,0.000294,172.31.36.0-255,66,29106,9,216595
13965,0.000297,74.125.24.0-255,1398,30504,9,216595
13966,0.000301,172.31.36.0-255,66,30570,9,216595
13967,0.000532,74.125.24.0-255,134,30704,9,216595
13968,0.000536,172.31.36.0-255,66,30770,9,216595
13969,0.00054,74.125.24.0-255,345,31115,9,216595
13970,0.000543,172.31.36.0-255,66,31181,9,216595
13971,0.000866,74.125.24.0-255,1484,32665,9,216595
13972,0.000876,74.125.24.0-255,2902,35567,9,216595
13973,0.00088,172.31.36.0-255,66,35633,9,216595
13974,0.000884,74.125.24.0-255,1484,37117,9,216595
13975,0.000904,74.125.24.0-255,4320,41437,9,216595
13976,0.000906,172.31.36.0-255,66,41503,9,216595
13977,0.00092,74.125.24.0-255,4320,45823,9,216595
13978,0.000923,172.31.36.0-255,66,45889,9,216595
13979,0.000958,172.31.36.0-255,66,45955,9,216595
13980,0.000969,172.31.36.0-255,66,46021,9,216595
13981,0.000972,74.125.24.0-255,766,46787,9,216595
13982,0.001014,74.125.24.0-255,1484,48271,9,216595
13983,0.001017,172.31.36.0-255,66,48337,9,216595
13984,0.001021,74.125.24.0-255,1484,49821,9,216595
13985,0.001037,74.125.24.0-255,2902,52723,9,216595
13986,0.00104,172.31.36.0-255,66,52789,9,216595
13987,0.001051,74.125.24.0-255,1484,54273,9,216595
13988,0.001066,74.125.24.0-255,5738,60011,9,216595
13989,0.001069,172.31.36.0-255,66,60077,9,216595
13990,0.001095,74.125.24.0-255,1484,61561,9,216595
13991,0.001121,172.31.36.0-255,66,61627,9,216595
13992,0.001155,172.31.36.0-255,66,61693,9,216595
13993,0.001383,74.125.24.0-255,1484,63177,9,216595
13994,0.001392,74.125.24.0-255,2902,66079,9,216595
13995,0.001396,172.31.36.0-255,66,66145,9,216595
13996,0.001421,74.125.24.0-255,5738,71883,9,216595
13997,0.001425,172.31.36.0-255,66,71949,9,216595
13998,0.001457,74.125.24.0-255,4320,76269,9,216595
13999,0.00146,172.31.36.0-255,66,76335,9,216595
14000,0.001479,74.125.24.0-255,7156,83491,9,216595
14001,0.001482,172.31.36.0-255,66,83557,9,216595
14002,0.001485,74.125.24.0-255,1484,85041,9,216595
14003,0.001503,74.125.24.0-255,7156,92197,9,216595
14004,0.001505,172.31.36.0-255,66,92263,9,216595
14005,0.001546,74.125.24.0-255,3602,95865,9,216595
14006,0.001548,172.31.36.0-255,66,95931,9,216595
14007,0.003715,74.125.24.0-255,1484,97415,9,216595
14008,0.003786,74.125.24.0-255,4320,101735,9,216595
14009,0.00379,172.31.36.0-255,66,101801,9,216595
14010,0.006021,74.125.24.0-255,5738,107539,9,216595
14011,0.006027,172.31.36.0-255,66,107605,9,216595
14012,0.00828,74.125.24.0-255,5738,113343,9,216595
14013,0.008287,172.31.36.0-255,66,113409,9,216595
14014,0.01051,74.125.24.0-255,5738,119147,9,216595
14015,0.010517,172.31.36.0-255,66,119213,9,216595
14016,0.012782,74.125.24.0-255,5738,124951,9,216595
14017,0.01279,172.31.36.0-255,66,125017,9,216595
14018,0.015044,74.125.24.0-255,5738,130755,9,216595
14019,0.015055,172.31.36.0-255,66,130821,9,216595
14020,0.017274,74.125.24.0-255,5738,136559,9,216595
14021,0.017281,172.31.36.0-255,66,136625,9,216595
14022,0.019491,74.125.24.0-255,5738,142363,9,216595
14023,0.019498,172.31.36.0-255,66,142429,9,216595
14024,0.021774,74.125.24.0-255,5738,148167,9,216595
14025,0.02178,172.31.36.0-255,66,148233,9,216595
14026,0.024021,74.125.24.0-255,4320,152553,9,216595
14027,0.024027,172.31.36.0-255,66,152619,9,216595
14028,0.024059,74.125.24.0-255,1484,154103,9,216595
14029,0.026265,74.125.24.0-255,4320,158423,9,216595
14030,0.026274,172.31.36.0-255,66,158489,9,216595
14031,0.028507,74.125.24.0-255,5738,164227,9,216595
14032,0.028514,172.31.36.0-255,66,164293,9,216595
14033,0.030797,74.125.24.0-255,5738,170031,9,216595
14034,0.030805,172.31.36.0-255,66,170097,9,216595
14035,0.03307,74.125.24.0-255,5738,175835,9,216595
14036,0.033077,172.31.36.0-255,66,175901,9,216595
14037,0.03535,74.125.24.0-255,5738,181639,9,216595
14038,0.035359,172.31.36.0-255,66,181705,9,216595
14039,0.03759,74.125.24.0-255,5738,187443,9,216595
14040,0.0376,172.31.36.0-255,66,187509,9,216595
14041,0.039899,74.125.24.0-255,5738,193247,9,216595
14042,0.039907,172.31.36.0-255,66,193313,9,216595
14043,0.042153,74.125.24.0-255,5738,199051,9,216595
14044,0.042161,172.31.36.0-255,66,199117,9,216595
14045,0.044419,74.125.24.0-255,5738,204855,9,216595
14046,0.044427,172.31.36.0-255,66,204921,9,216595
14047,0.046661,74.125.24.0-255,5738,210659,9,216595
14048,0.046668,172.31.36.0-255,66,210725,9,216595
14049,0.048901,74.125.24.0-255,4320,215045,9,216595
14050,0.04891,172.31.36.0-255,66,215111,9,216595
14051,0.048944,74.125.24.0-255,1484,216595,9,216595
14052,0.0,172.217.194.0-255,66,66,9,132
14053,0.031453,172.31.36.0-255,66,132,9,132
14054,0.0,172.217.194.0-255,153,153,9,243773
14055,2.4e-05,172.31.36.0-255,66,219,9,243773
14056,3e-05,172.217.194.0-255,1484,1703,9,243773
14057,3.4e-05,172.31.36.0-255,66,1769,9,243773
14058,3.9e-05,172.217.194.0-255,2902,4671,9,243773
14059,4.2e-05,172.31.36.0-255,66,4737,9,243773
14060,5.7e-05,172.217.194.0-255,7156,11893,9,243773
14061,5.9e-05,172.31.36.0-255,66,11959,9,243773
14062,6.2e-05,172.217.194.0-255,1484,13443,9,243773
14063,6.5e-05,172.31.36.0-255,66,13509,9,243773
14064,0.000109,172.217.194.0-255,6305,19814,9,243773
14065,0.000113,172.31.36.0-255,66,19880,9,243773
14066,0.000123,172.31.36.0-255,66,19946,9,243773
14067,0.000133,172.217.194.0-255,2543,22489,9,243773
14068,0.000135,172.31.36.0-255,66,22555,9,243773
14069,0.000139,172.217.194.0-255,2902,25457,9,243773
14070,0.000141,172.31.36.0-255,66,25523,9,243773
14071,0.000164,172.217.194.0-255,2902,28425,9,243773
14072,0.000166,172.31.36.0-255,66,28491,9,243773
14073,0.000198,172.217.194.0-255,4320,32811,9,243773
14074,0.000201,172.31.36.0-255,66,32877,9,243773
14075,0.000208,172.217.194.0-255,4320,37197,9,243773
14076,0.00021,172.31.36.0-255,66,37263,9,243773
14077,0.000215,172.217.194.0-255,4320,41583,9,243773
14078,0.000217,172.31.36.0-255,66,41649,9,243773
14079,0.000264,172.217.194.0-255,5379,47028,9,243773
14080,0.000268,172.31.36.0-255,66,47094,9,243773
14081,0.000286,172.31.36.0-255,66,47160,9,243773
14082,0.000289,172.217.194.0-255,117,47277,9,243773
14083,0.000291,172.31.36.0-255,66,47343,9,243773
14084,0.000294,172.217.194.0-255,384,47727,9,243773
14085,0.000478,172.217.194.0-255,1484,49211,9,243773
14086,0.000485,172.217.194.0-255,2902,52113,9,243773
14087,0.000488,172.217.194.0-255,1484,53597,9,243773
14088,0.00051,172.217.194.0-255,4320,57917,9,243773
14089,0.000514,172.217.194.0-255,2902,60819,9,243773
14090,0.000831,172.217.194.0-255,1484,62303,9,243773
14091,0.000839,172.217.194.0-255,2902,65205,9,243773
14092,0.000844,172.217.194.0-255,4320,69525,9,243773
14093,0.000859,172.217.194.0-255,1484,71009,9,243773
14094,0.001662,172.217.194.0-255,1484,72493,9,243773
14095,0.001667,172.217.194.0-255,2902,75395,9,243773
14096,0.001685,172.217.194.0-255,5738,81133,9,243773
14097,0.001688,172.217.194.0-255,1484,82617,9,243773
14098,0.001702,172.217.194.0-255,2902,85519,9,243773
14099,0.001712,172.217.194.0-255,1484,87003,9,243773
14100,0.001715,172.217.194.0-255,2902,89905,9,243773
14101,0.001734,172.217.194.0-255,4320,94225,9,243773
14102,0.001782,172.217.194.0-255,2902,97127,9,243773
14103,0.001805,172.217.194.0-255,7156,104283,9,243773
14104,0.001825,172.217.194.0-255,5738,110021,9,243773
14105,0.001865,172.217.194.0-255,1484,111505,9,243773
14106,0.001906,172.217.194.0-255,2902,114407,9,243773
14107,0.001957,172.217.194.0-255,7156,121563,9,243773
14108,0.00198,172.217.194.0-255,4320,125883,9,243773
14109,0.001999,172.217.194.0-255,2902,128785,9,243773
14110,0.002019,172.217.194.0-255,5738,134523,9,243773
14111,0.002054,172.217.194.0-255,1484,136007,9,243773
14112,0.002094,172.217.194.0-255,2184,138191,9,243773
14113,0.002111,172.217.194.0-255,4320,142511,9,243773
14114,0.002137,172.217.194.0-255,1484,143995,9,243773
14115,0.002159,172.217.194.0-255,7156,151151,9,243773
14116,0.00218,172.217.194.0-255,2902,154053,9,243773
14117,0.0022,172.217.194.0-255,6438,160491,9,243773
14118,0.002214,172.217.194.0-255,5738,166229,9,243773
14119,0.002225,172.217.194.0-255,1484,167713,9,243773
14120,0.002265,172.217.194.0-255,5738,173451,9,243773
14121,0.002296,172.217.194.0-255,1484,174935,9,243773
14122,0.002311,172.217.194.0-255,2902,177837,9,243773
14123,0.002315,172.217.194.0-255,2902,180739,9,243773
14124,0.002327,172.217.194.0-255,2902,183641,9,243773
14125,0.002374,172.217.194.0-255,4320,187961,9,243773
14126,0.002389,172.217.194.0-255,5738,193699,9,243773
14127,0.002401,172.217.194.0-255,2184,195883,9,243773
14128,0.002403,172.217.194.0-255,1484,197367,9,243773
14129,0.003484,172.31.36.0-255,66,197433,9,243773
14130,0.005876,172.217.194.0-255,5738,203171,9,243773
14131,0.005882,172.31.36.0-255,66,203237,9,243773
14132,0.008252,172.217.194.0-255,5738,208975,9,243773
14133,0.008259,172.31.36.0-255,66,209041,9,243773
14134,0.010639,172.217.194.0-255,5738,214779,9,243773
14135,0.013886,172.31.36.0-255,66,214845,9,243773
14136,0.016281,172.217.194.0-255,5738,220583,9,243773
14137,0.01629,172.31.36.0-255,66,220649,9,243773
14138,0.018669,172.217.194.0-255,5738,226387,9,243773
14139,0.018676,172.31.36.0-255,66,226453,9,243773
14140,0.021066,172.217.194.0-255,5738,232191,9,243773
14141,0.021074,172.31.36.0-255,66,232257,9,243773
14142,0.023443,172.217.194.0-255,5738,237995,9,243773
14143,0.023449,172.31.36.0-255,66,238061,9,243773
14144,0.025815,172.217.194.0-255,5475,243536,9,243773
14145,0.025823,172.31.36.0-255,66,243602,9,243773
14146,0.026036,172.31.36.0-255,105,243707,9,243773
14147,0.028358,172.217.194.0-255,66,243773,9,243773
14148,0.0,74.125.24.0-255,154,154,9,267756
14149,3.4e-05,172.31.36.0-255,66,220,9,267756
14150,4.2e-05,74.125.24.0-255,1484,1704,9,267756
14151,4.6e-05,172.31.36.0-255,66,1770,9,267756
14152,5.1e-05,74.125.24.0-255,2902,4672,9,267756
14153,5.3e-05,172.31.36.0-255,66,4738,9,267756
14154,6.9e-05,74.125.24.0-255,7156,11894,9,267756
14155,7.2e-05,172.31.36.0-255,66,11960,9,267756
14156,8.6e-05,74.125.24.0-255,2902,14862,9,267756
14157,9e-05,172.31.36.0-255,66,14928,9,267756
14158,0.000135,172.31.36.0-255,66,14994,9,267756
14159,0.00014,74.125.24.0-255,2543,17537,9,267756
14160,0.000142,172.31.36.0-255,66,17603,9,267756
14161,0.000175,74.125.24.0-255,2902,20505,9,267756
14162,0.000178,172.31.36.0-255,66,20571,9,267756
14163,0.000186,74.125.24.0-255,5738,26309,9,267756
14164,0.000189,172.31.36.0-255,66,26375,9,267756
14165,0.000196,74.125.24.0-255,7156,33531,9,267756
14166,0.000198,172.31.36.0-255,66,33597,9,267756
14167,0.000227,74.125.24.0-255,1125,34722,9,267756
14168,0.00023,172.31.36.0-255,66,34788,9,267756
14169,0.000579,74.125.24.0-255,1484,36272,9,267756
14170,0.000582,74.125.24.0-255,1484,37756,9,267756
14171,0.000585,172.31.36.0-255,66,37822,9,267756
14172,0.00059,172.31.36.0-255,66,37888,9,267756
14173,0.000604,74.125.24.0-255,1484,39372,9,267756
14174,0.000608,172.31.36.0-255,66,39438,9,267756
14175,0.000642,74.125.24.0-255,5738,45176,9,267756
14176,0.000645,172.31.36.0-255,66,45242,9,267756
14177,0.000652,74.125.24.0-255,5738,50980,9,267756
14178,0.000654,172.31.36.0-255,66,51046,9,267756
14179,0.000684,74.125.24.0-255,7156,58202,9,267756
14180,0.000687,172.31.36.0-255,66,58268,9,267756
14181,0.000702,74.125.24.0-255,6797,65065,9,267756
14182,0.000705,172.31.36.0-255,66,65131,9,267756
14183,0.000716,74.125.24.0-255,3961,69092,9,267756
14184,0.000718,172.31.36.0-255,66,69158,9,267756
14185,0.001089,74.125.24.0-255,1484,70642,9,267756
14186,0.001098,74.125.24.0-255,2902,73544,9,267756
14187,0.001101,172.31.36.0-255,66,73610,9,267756
14188,0.00113,74.125.24.0-255,4320,77930,9,267756
14189,0.001134,172.31.36.0-255,66,77996,9,267756
14190,0.001158,74.125.24.0-255,1484,79480,9,267756
14191,0.001169,172.31.36.0-255,66,79546,9,267756
14192,0.001335,74.125.24.0-255,1484,81030,9,267756
14193,0.001353,74.125.24.0-255,2902,83932,9,267756
14194,0.001356,172.31.36.0-255,66,83998,9,267756
14195,0.00136,74.125.24.0-255,1484,85482,9,267756
14196,0.001385,74.125.24.0-255,2902,88384,9,267756
14197,0.001388,172.31.36.0-255,66,88450,9,267756
14198,0.0014,172.31.36.0-255,66,88516,9,267756
14199,0.001425,74.125.24.0-255,4320,92836,9,267756
14200,0.001428,172.31.36.0-255,66,92902,9,267756
14201,0.001463,172.31.36.0-255,66,92968,9,267756
14202,0.001619,74.125.24.0-255,1484,94452,9,267756
14203,0.001644,74.125.24.0-255,2902,97354,9,267756
14204,0.001648,172.31.36.0-255,66,97420,9,267756
14205,0.001652,74.125.24.0-255,1484,98904,9,267756
14206,0.001682,74.125.24.0-255,4320,103224,9,267756
14207,0.001684,172.31.36.0-255,66,103290,9,267756
14208,0.001688,74.125.24.0-255,1484,104774,9,267756
14209,0.00169,74.125.24.0-255,1484,106258,9,267756
14210,0.001692,172.31.36.0-255,66,106324,9,267756
14211,0.001716,74.125.24.0-255,1484,107808,9,267756
14212,0.00172,74.125.24.0-255,1484,109292,9,267756
14213,0.001722,172.31.36.0-255,66,109358,9,267756
14214,0.00174,74.125.24.0-255,4320,113678,9,267756
14215,0.001743,172.31.36.0-255,66,113744,9,267756
14216,0.001746,74.125.24.0-255,1484,115228,9,267756
14217,0.001767,74.125.24.0-255,5738,120966,9,267756
14218,0.00177,172.31.36.0-255,66,121032,9,267756
14219,0.001777,74.125.24.0-255,6438,127470,9,267756
14220,0.001779,172.31.36.0-255,66,127536,9,267756
14221,0.001798,74.125.24.0-255,2902,130438,9,267756
14222,0.001801,172.31.36.0-255,66,130504,9,267756
14223,0.001829,74.125.24.0-255,4320,134824,9,267756
14224,0.001831,172.31.36.0-255,66,134890,9,267756
14225,0.001842,172.31.36.0-255,66,134956,9,267756
14226,0.00189,74.125.24.0-255,4320,139276,9,267756
14227,0.001892,172.31.36.0-255,66,139342,9,267756
14228,0.001933,172.31.36.0-255,66,139408,9,267756
14229,0.004044,74.125.24.0-255,5738,145146,9,267756
14230,0.004047,172.31.36.0-255,66,145212,9,267756
14231,0.006158,74.125.24.0-255,5738,150950,9,267756
14232,0.006164,172.31.36.0-255,66,151016,9,267756
14233,0.008303,74.125.24.0-255,5738,156754,9,267756
14234,0.008309,172.31.36.0-255,66,156820,9,267756
14235,0.010441,74.125.24.0-255,5738,162558,9,267756
14236,0.010449,172.31.36.0-255,66,162624,9,267756
14237,0.012654,74.125.24.0-255,5738,168362,9,267756
14238,0.012665,172.31.36.0-255,66,168428,9,267756
14239,0.014816,74.125.24.0-255,5738,174166,9,267756
14240,0.014824,172.31.36.0-255,66,174232,9,267756
14241,0.016991,74.125.24.0-255,5738,179970,9,267756
14242,0.017005,172.31.36.0-255,66,180036,9,267756
14243,0.019142,74.125.24.0-255,5738,185774,9,267756
14244,0.019153,172.31.36.0-255,66,185840,9,267756
14245,0.021327,74.125.24.0-255,5738,191578,9,267756
14246,0.021336,172.31.36.0-255,66,191644,9,267756
14247,0.023506,74.125.24.0-255,5738,197382,9,267756
14248,0.02352,172.31.36.0-255,66,197448,9,267756
14249,0.025659,74.125.24.0-255,5738,203186,9,267756
14250,0.025668,172.31.36.0-255,66,203252,9,267756
14251,0.027771,74.125.24.0-255,2902,206154,9,267756
14252,0.027779,172.31.36.0-255,66,206220,9,267756
14253,0.02781,74.125.24.0-255,2902,209122,9,267756
14254,0.027813,172.31.36.0-255,66,209188,9,267756
14255,0.02989,74.125.24.0-255,2902,212090,9,267756
14256,0.029898,172.31.36.0-255,66,212156,9,267756
14257,0.029963,74.125.24.0-255,2902,215058,9,267756
14258,0.029967,172.31.36.0-255,66,215124,9,267756
14259,0.032013,74.125.24.0-255,2902,218026,9,267756
14260,0.032021,172.31.36.0-255,66,218092,9,267756
14261,0.03212,74.125.24.0-255,2902,220994,9,267756
14262,0.032124,172.31.36.0-255,66,221060,9,267756
14263,0.034139,74.125.24.0-255,2902,223962,9,267756
14264,0.034149,172.31.36.0-255,66,224028,9,267756
14265,0.034268,74.125.24.0-255,2902,226930,9,267756
14266,0.034273,172.31.36.0-255,66,226996,9,267756
14267,0.036304,74.125.24.0-255,2902,229898,9,267756
14268,0.036312,172.31.36.0-255,66,229964,9,267756
14269,0.036352,74.125.24.0-255,2902,232866,9,267756
14270,0.036355,172.31.36.0-255,66,232932,9,267756
14271,0.038458,74.125.24.0-255,5738,238670,9,267756
14272,0.038466,172.31.36.0-255,66,238736,9,267756
14273,0.04057,74.125.24.0-255,5738,244474,9,267756
14274,0.040578,172.31.36.0-255,66,244540,9,267756
14275,0.042695,74.125.24.0-255,5738,250278,9,267756
14276,0.042712,172.31.36.0-255,66,250344,9,267756
14277,0.044858,74.125.24.0-255,5738,256082,9,267756
14278,0.044868,172.31.36.0-255,66,256148,9,267756
14279,0.046976,74.125.24.0-255,5738,261886,9,267756
14280,0.046983,172.31.36.0-255,66,261952,9,267756
14281,0.049127,74.125.24.0-255,5738,267690,9,267756
14282,0.049134,172.31.36.0-255,66,267756,9,267756
14283,0.0,172.217.194.0-255,147,147,9,217980
14284,1.7e-05,172.31.36.0-255,66,213,9,217980
14285,2.4e-05,172.217.194.0-255,1484,1697,9,217980
14286,2.9e-05,172.31.36.0-255,66,1763,9,217980
14287,3.5e-05,172.217.194.0-255,2902,4665,9,217980
14288,3.7e-05,172.31.36.0-255,66,4731,9,217980
14289,4.6e-05,172.217.194.0-255,7156,11887,9,217980
14290,5e-05,172.31.36.0-255,66,11953,9,217980
14291,5.4e-05,172.217.194.0-255,1999,13952,9,217980
14292,5.6e-05,172.31.36.0-255,66,14018,9,217980
14293,6e-05,172.217.194.0-255,1484,15502,9,217980
14294,6.3e-05,172.31.36.0-255,66,15568,9,217980
14295,6.8e-05,172.217.194.0-255,2902,18470,9,217980
14296,7.1e-05,172.31.36.0-255,66,18536,9,217980
14297,0.000102,172.217.194.0-255,5738,24274,9,217980
14298,0.000105,172.31.36.0-255,66,24340,9,217980
14299,0.000141,172.217.194.0-255,6797,31137,9,217980
14300,0.000144,172.31.36.0-255,66,31203,9,217980
14301,0.000205,172.217.194.0-255,1484,32687,9,217980
14302,0.000208,172.31.36.0-255,66,32753,9,217980
14303,0.000214,172.217.194.0-255,2902,35655,9,217980
14304,0.000216,172.31.36.0-255,66,35721,9,217980
14305,0.000234,172.217.194.0-255,5738,41459,9,217980
14306,0.000237,172.31.36.0-255,66,41525,9,217980
14307,0.000243,172.217.194.0-255,5738,47263,9,217980
14308,0.000245,172.31.36.0-255,66,47329,9,217980
14309,0.000282,172.217.194.0-255,1484,48813,9,217980
14310,0.000285,172.31.36.0-255,66,48879,9,217980
14311,0.000311,172.31.36.0-255,66,48945,9,217980
14312,0.000317,172.217.194.0-255,4220,53165,9,217980
14313,0.000319,172.31.36.0-255,66,53231,9,217980
14314,0.000388,172.217.194.0-255,115,53346,9,217980
14315,0.000439,172.217.194.0-255,381,53727,9,217980
14316,0.000649,172.217.194.0-255,1484,55211,9,217980
14317,0.000654,172.31.36.0-255,66,55277,9,217980
14318,0.00066,172.217.194.0-255,2902,58179,9,217980
14319,0.000663,172.31.36.0-255,66,58245,9,217980
14320,0.000694,172.217.194.0-255,5738,63983,9,217980
14321,0.000697,172.31.36.0-255,66,64049,9,217980
14322,0.000701,172.217.194.0-255,2902,66951,9,217980
14323,0.000704,172.31.36.0-255,66,67017,9,217980
14324,0.000726,172.217.194.0-255,7156,74173,9,217980
14325,0.000728,172.31.36.0-255,66,74239,9,217980
14326,0.000748,172.217.194.0-255,4320,78559,9,217980
14327,0.00075,172.31.36.0-255,66,78625,9,217980
14328,0.000769,172.217.194.0-255,7156,85781,9,217980
14329,0.000772,172.31.36.0-255,66,85847,9,217980
14330,0.000776,172.217.194.0-255,2184,88031,9,217980
14331,0.000778,172.31.36.0-255,66,88097,9,217980
14332,0.001035,172.217.194.0-255,1484,89581,9,217980
14333,0.00104,172.217.194.0-255,1484,91065,9,217980
14334,0.001044,172.31.36.0-255,66,91131,9,217980
14335,0.001067,172.217.194.0-255,1484,92615,9,217980
14336,0.001074,172.217.194.0-255,5738,98353,9,217980
14337,0.001077,172.31.36.0-255,66,98419,9,217980
14338,0.001083,172.217.194.0-255,5738,104157,9,217980
14339,0.001085,172.31.36.0-255,66,104223,9,217980
14340,0.001092,172.217.194.0-255,7156,111379,9,217980
14341,0.001094,172.31.36.0-255,66,111445,9,217980
14342,0.001126,172.31.36.0-255,66,111511,9,217980
14343,0.001164,172.31.36.0-255,66,111577,9,217980
14344,0.001189,172.217.194.0-255,2902,114479,9,217980
14345,0.001191,172.31.36.0-255,66,114545,9,217980
14346,0.001202,172.31.36.0-255,66,114611,9,217980
14347,0.001242,172.31.36.0-255,66,114677,9,217980
14348,0.0019,172.217.194.0-255,1484,116161,9,217980
14349,0.001908,172.217.194.0-255,2902,119063,9,217980
14350,0.001912,172.31.36.0-255,66,119129,9,217980
14351,0.001919,172.217.194.0-255,5738,124867,9,217980
14352,0.001921,172.31.36.0-255,66,124933,9,217980
14353,0.001982,172.31.36.0-255,66,124999,9,217980
14354,0.001987,172.217.194.0-255,2902,127901,9,217980
14355,0.001989,172.31.36.0-255,66,127967,9,217980
14356,0.002009,172.31.36.0-255,66,128033,9,217980
14357,0.002026,172.217.194.0-255,5738,133771,9,217980
14358,0.002029,172.31.36.0-255,66,133837,9,217980
14359,0.002047,172.217.194.0-255,5738,139575,9,217980
14360,0.002049,172.31.36.0-255,66,139641,9,217980
14361,0.00206,172.31.36.0-255,66,139707,9,217980
14362,0.0021,172.31.36.0-255,66,139773,9,217980
14363,0.00212,172.217.194.0-255,5020,144793,9,217980
14364,0.002122,172.31.36.0-255,66,144859,9,217980
14365,0.002205,172.217.194.0-255,1484,146343,9,217980
14366,0.002225,172.217.194.0-255,2902,149245,9,217980
14367,0.002229,172.31.36.0-255,66,149311,9,217980
14368,0.002236,172.217.194.0-255,5738,155049,9,217980
14369,0.002238,172.31.36.0-255,66,155115,9,217980
14370,0.002264,172.217.194.0-255,4320,159435,9,217980
14371,0.002267,172.31.36.0-255,66,159501,9,217980
14372,0.002317,172.31.36.0-255,66,159567,9,217980
14373,0.002323,172.217.194.0-255,5738,165305,9,217980
14374,0.002325,172.31.36.0-255,66,165371,9,217980
14375,0.002329,172.217.194.0-255,2184,167555,9,217980
14376,0.002332,172.31.36.0-255,66,167621,9,217980
14377,0.002419,172.217.194.0-255,1484,169105,9,217980
14378,0.002424,172.217.194.0-255,1484,170589,9,217980
14379,0.002428,172.31.36.0-255,66,170655,9,217980
14380,0.002447,172.217.194.0-255,1484,172139,9,217980
14381,0.002453,172.217.194.0-255,4320,176459,9,217980
14382,0.002456,172.31.36.0-255,66,176525,9,217980
14383,0.002485,172.31.36.0-255,66,176591,9,217980
14384,0.002522,172.31.36.0-255,66,176657,9,217980
14385,0.002542,172.217.194.0-255,5738,182395,9,217980
14386,0.002578,172.217.194.0-255,4320,186715,9,217980
14387,0.002582,172.217.194.0-255,2184,188899,9,217980
14388,0.002588,172.217.194.0-255,5738,194637,9,217980
14389,0.002591,172.217.194.0-255,1484,196121,9,217980
14390,0.002609,172.217.194.0-255,766,196887,9,217980
14391,0.002612,172.31.36.0-255,78,196965,9,217980
14392,0.002618,172.217.194.0-255,2902,199867,9,217980
14393,0.002621,172.31.36.0-255,78,199945,9,217980
14394,0.002713,172.217.194.0-255,7156,207101,9,217980
14395,0.002729,172.217.194.0-255,4320,211421,9,217980
14396,0.002748,172.217.194.0-255,535,211956,9,217980
14397,0.002759,172.217.194.0-255,105,212061,9,217980
14398,0.006539,172.31.36.0-255,66,212127,9,217980
14399,0.008615,172.31.36.0-255,105,212232,9,217980
14400,0.010878,172.217.194.0-255,66,212298,9,217980
14401,0.043811,172.31.36.0-255,188,212486,9,217980
14402,0.043845,172.31.36.0-255,960,213446,9,217980
14403,0.044018,172.31.36.0-255,1514,214960,9,217980
14404,0.04402,172.31.36.0-255,1514,216474,9,217980
14405,0.04405,172.31.36.0-255,1242,217716,9,217980
14406,0.045367,104.244.42.0-255,66,217782,9,217980
14407,0.0454,104.244.42.0-255,66,217848,9,217980
14408,0.045598,104.244.42.0-255,66,217914,9,217980
14409,0.045604,104.244.42.0-255,66,217980,9,217980
14410,0.0,74.125.24.0-255,152,152,9,282993
14411,2.9e-05,172.31.36.0-255,66,218,9,282993
14412,3.5e-05,74.125.24.0-255,1484,1702,9,282993
14413,4e-05,172.31.36.0-255,66,1768,9,282993
14414,4.5e-05,74.125.24.0-255,2902,4670,9,282993
14415,5.7e-05,172.31.36.0-255,66,4736,9,282993
14416,6e-05,74.125.24.0-255,1484,6220,9,282993
14417,6.2e-05,172.31.36.0-255,66,6286,9,282993
14418,0.000109,172.31.36.0-255,66,6352,9,282993
14419,0.000121,172.31.36.0-255,66,6418,9,282993
14420,0.000149,74.125.24.0-255,5379,11797,9,282993
14421,0.000154,172.31.36.0-255,66,11863,9,282993
14422,0.000236,74.125.24.0-255,1484,13347,9,282993
14423,0.000239,172.31.36.0-255,66,13413,9,282993
14424,0.000245,74.125.24.0-255,2902,16315,9,282993
14425,0.000247,172.31.36.0-255,66,16381,9,282993
14426,0.000252,74.125.24.0-255,4320,20701,9,282993
14427,0.000261,172.31.36.0-255,66,20767,9,282993
14428,0.000271,74.125.24.0-255,1484,22251,9,282993
14429,0.000273,172.31.36.0-255,66,22317,9,282993
14430,0.000296,74.125.24.0-255,5738,28055,9,282993
14431,0.000302,172.31.36.0-255,66,28121,9,282993
14432,0.000331,172.31.36.0-255,66,28187,9,282993
14433,0.000343,172.31.36.0-255,66,28253,9,282993
14434,0.000345,74.125.24.0-255,677,28930,9,282993
14435,0.000348,172.31.36.0-255,66,28996,9,282993
14436,0.000766,74.125.24.0-255,1484,30480,9,282993
14437,0.000771,172.31.36.0-255,66,30546,9,282993
14438,0.000776,74.125.24.0-255,2902,33448,9,282993
14439,0.000778,172.31.36.0-255,66,33514,9,282993
14440,0.000784,74.125.24.0-255,4320,37834,9,282993
14441,0.000786,172.31.36.0-255,66,37900,9,282993
14442,0.000823,74.125.24.0-255,1484,39384,9,282993
14443,0.000832,74.125.24.0-255,7156,46540,9,282993
14444,0.000835,172.31.36.0-255,66,46606,9,282993
14445,0.00085,172.31.36.0-255,66,46672,9,282993
14446,0.000855,74.125.24.0-255,2184,48856,9,282993
14447,0.000857,172.31.36.0-255,66,48922,9,282993
14448,0.001512,74.125.24.0-255,1484,50406,9,282993
14449,0.001523,74.125.24.0-255,2902,53308,9,282993
14450,0.001528,172.31.36.0-255,66,53374,9,282993
14451,0.001533,74.125.24.0-255,1484,54858,9,282993
14452,0.001551,74.125.24.0-255,4320,59178,9,282993
14453,0.001554,172.31.36.0-255,66,59244,9,282993
14454,0.001562,74.125.24.0-255,7156,66400,9,282993
14455,0.001564,172.31.36.0-255,66,66466,9,282993
14456,0.001584,74.125.24.0-255,2902,69368,9,282993
14457,0.001587,172.31.36.0-255,66,69434,9,282993
14458,0.001606,172.31.36.0-255,66,69500,9,282993
14459,0.001611,74.125.24.0-255,2184,71684,9,282993
14460,0.00165,172.31.36.0-255,66,71750,9,282993
14461,0.001678,74.125.24.0-255,2902,74652,9,282993
14462,0.001682,172.31.36.0-255,66,74718,9,282993
14463,0.001687,74.125.24.0-255,2902,77620,9,282993
14464,0.001689,172.31.36.0-255,66,77686,9,282993
14465,0.001696,74.125.24.0-255,7156,84842,9,282993
14466,0.001698,172.31.36.0-255,66,84908,9,282993
14467,0.001746,172.31.36.0-255,66,84974,9,282993
14468,0.001781,172.31.36.0-255,66,85040,9,282993
14469,0.001819,74.125.24.0-255,5738,90778,9,282993
14470,0.001822,172.31.36.0-255,66,90844,9,282993
14471,0.001845,74.125.24.0-255,1484,92328,9,282993
14472,0.001856,172.31.36.0-255,66,92394,9,282993
14473,0.001885,74.125.24.0-255,5738,98132,9,282993
14474,0.001888,172.31.36.0-255,66,98198,9,282993
14475,0.001894,74.125.24.0-255,7156,105354,9,282993
14476,0.001897,172.31.36.0-255,66,105420,9,282993
14477,0.001919,74.125.24.0-255,5020,110440,9,282993
14478,0.001921,172.31.36.0-255,66,110506,9,282993
14479,0.001957,74.125.24.0-255,1484,111990,9,282993
14480,0.00197,74.125.24.0-255,2902,114892,9,282993
14481,0.001973,172.31.36.0-255,66,114958,9,282993
14482,0.001979,74.125.24.0-255,5738,120696,9,282993
14483,0.001981,172.31.36.0-255,66,120762,9,282993
14484,0.002006,74.125.24.0-255,5738,126500,9,282993
14485,0.002009,172.31.36.0-255,66,126566,9,282993
14486,0.002039,74.125.24.0-255,7156,133722,9,282993
14487,0.002041,172.31.36.0-255,66,133788,9,282993
14488,0.002051,172.31.36.0-255,66,133854,9,282993
14489,0.002072,74.125.24.0-255,2184,136038,9,282993
14490,0.002074,172.31.36.0-255,66,136104,9,282993
14491,0.002112,74.125.24.0-255,2902,139006,9,282993
14492,0.002114,172.31.36.0-255,66,139072,9,282993
14493,0.002117,74.125.24.0-255,1484,140556,9,282993
14494,0.002147,74.125.24.0-255,2902,143458,9,282993
14495,0.002149,172.31.36.0-255,66,143524,9,282993
14496,0.002155,74.125.24.0-255,5738,149262,9,282993
14497,0.002157,172.31.36.0-255,66,149328,9,282993
14498,0.002161,74.125.24.0-255,2902,152230,9,282993
14499,0.002167,172.31.36.0-255,66,152296,9,282993
14500,0.002211,172.31.36.0-255,66,152362,9,282993
14501,0.002214,74.125.24.0-255,1484,153846,9,282993
14502,0.00224,74.125.24.0-255,6438,160284,9,282993
14503,0.002243,172.31.36.0-255,66,160350,9,282993
14504,0.004575,74.125.24.0-255,4320,164670,9,282993
14505,0.004579,172.31.36.0-255,66,164736,9,282993
14506,0.00459,74.125.24.0-255,1484,166220,9,282993
14507,0.006919,74.125.24.0-255,4320,170540,9,282993
14508,0.006925,172.31.36.0-255,66,170606,9,282993
14509,0.009245,74.125.24.0-255,5738,176344,9,282993
14510,0.009252,172.31.36.0-255,66,176410,9,282993
14511,0.011578,74.125.24.0-255,5738,182148,9,282993
14512,0.01159,172.31.36.0-255,66,182214,9,282993
14513,0.013934,74.125.24.0-255,5738,187952,9,282993
14514,0.01395,172.31.36.0-255,66,188018,9,282993
14515,0.016287,74.125.24.0-255,5738,193756,9,282993
14516,0.016296,172.31.36.0-255,66,193822,9,282993
14517,0.018649,74.125.24.0-255,5738,199560,9,282993
14518,0.01866,172.31.36.0-255,66,199626,9,282993
14519,0.020977,74.125.24.0-255,5738,205364,9,282993
14520,0.020987,172.31.36.0-255,66,205430,9,282993
14521,0.023353,74.125.24.0-255,5738,211168,9,282993
14522,0.02336,172.31.36.0-255,66,211234,9,282993
14523,0.025677,74.125.24.0-255,5738,216972,9,282993
14524,0.025684,172.31.36.0-255,66,217038,9,282993
14525,0.027976,74.125.24.0-255,5738,222776,9,282993
14526,0.027984,172.31.36.0-255,66,222842,9,282993
14527,0.030312,74.125.24.0-255,5738,228580,9,282993
14528,0.030319,172.31.36.0-255,66,228646,9,282993
14529,0.030835,172.31.36.0-255,172,228818,9,282993
14530,0.030862,172.31.36.0-255,1116,229934,9,282993
14531,0.030917,172.31.36.0-255,1514,231448,9,282993
14532,0.030937,172.31.36.0-255,1514,232962,9,282993
14533,0.030938,172.31.36.0-255,1514,234476,9,282993
14534,0.030957,172.31.36.0-255,1514,235990,9,282993
14535,0.03096,172.31.36.0-255,1485,237475,9,282993
14536,0.032352,104.244.42.0-255,66,237541,9,282993
14537,0.03244,104.244.42.0-255,66,237607,9,282993
14538,0.032491,104.244.42.0-255,66,237673,9,282993
14539,0.032533,104.244.42.0-255,66,237739,9,282993
14540,0.032622,74.125.24.0-255,4320,242059,9,282993
14541,0.032627,172.31.36.0-255,66,242125,9,282993
14542,0.032658,74.125.24.0-255,1484,243609,9,282993
14543,0.034461,104.244.42.0-255,108,243717,9,282993
14544,0.034482,172.31.36.0-255,66,243783,9,282993
14545,0.034927,74.125.24.0-255,4320,248103,9,282993
14546,0.034931,172.31.36.0-255,66,248169,9,282993
14547,0.037231,74.125.24.0-255,5738,253907,9,282993
14548,0.037237,172.31.36.0-255,66,253973,9,282993
14549,0.039556,74.125.24.0-255,5738,259711,9,282993
14550,0.039561,172.31.36.0-255,66,259777,9,282993
14551,0.041846,74.125.24.0-255,5738,265515,9,282993
14552,0.041851,172.31.36.0-255,66,265581,9,282993
14553,0.044158,74.125.24.0-255,5738,271319,9,282993
14554,0.044165,172.31.36.0-255,66,271385,9,282993
14555,0.046487,74.125.24.0-255,5738,277123,9,282993
14556,0.046495,172.31.36.0-255,66,277189,9,282993
14557,0.048802,74.125.24.0-255,5738,282927,9,282993
14558,0.048808,172.31.36.0-255,66,282993,9,282993
14559,0.0,172.217.194.0-255,143,143,9,213553
14560,3e-05,172.31.36.0-255,66,209,9,213553
14561,3.7e-05,172.217.194.0-255,1484,1693,9,213553
14562,4e-05,172.31.36.0-255,66,1759,9,213553
14563,4.4e-05,172.217.194.0-255,2902,4661,9,213553
14564,4.7e-05,172.31.36.0-255,66,4727,9,213553
14565,5e-05,172.217.194.0-255,2902,7629,9,213553
14566,5.2e-05,172.31.36.0-255,66,7695,9,213553
14567,8.6e-05,172.217.194.0-255,4320,12015,9,213553
14568,9e-05,172.31.36.0-255,66,12081,9,213553
14569,0.000108,172.217.194.0-255,2020,14101,9,213553
14570,0.00011,172.31.36.0-255,66,14167,9,213553
14571,0.000954,172.217.194.0-255,1484,15651,9,213553
14572,0.000961,172.31.36.0-255,66,15717,9,213553
14573,0.000968,172.217.194.0-255,2902,18619,9,213553
14574,0.00097,172.31.36.0-255,66,18685,9,213553
14575,0.000974,172.217.194.0-255,4320,23005,9,213553
14576,0.000976,172.31.36.0-255,66,23071,9,213553
14577,0.00104,172.31.36.0-255,66,23137,9,213553
14578,0.001069,172.31.36.0-255,66,23203,9,213553
14579,0.001077,172.31.36.0-255,66,23269,9,213553
14580,0.001279,172.217.194.0-255,1484,24753,9,213553
14581,0.001283,172.31.36.0-255,66,24819,9,213553
14582,0.001287,172.217.194.0-255,2902,27721,9,213553
14583,0.001289,172.31.36.0-255,66,27787,9,213553
14584,0.001325,172.217.194.0-255,5738,33525,9,213553
14585,0.001327,172.31.36.0-255,66,33591,9,213553
14586,0.00133,172.217.194.0-255,1484,35075,9,213553
14587,0.001331,172.31.36.0-255,66,35141,9,213553
14588,0.001348,172.217.194.0-255,4320,39461,9,213553
14589,0.00135,172.31.36.0-255,66,39527,9,213553
14590,0.001378,172.217.194.0-255,1417,40944,9,213553
14591,0.001448,172.217.194.0-255,365,41309,9,213553
14592,0.00145,172.31.36.0-255,66,41375,9,213553
14593,0.001489,172.217.194.0-255,1484,42859,9,213553
14594,0.001506,172.217.194.0-255,4320,47179,9,213553
14595,0.001508,172.31.36.0-255,66,47245,9,213553
14596,0.001529,172.217.194.0-255,2902,50147,9,213553
14597,0.001531,172.31.36.0-255,66,50213,9,213553
14598,0.001551,172.217.194.0-255,7156,57369,9,213553
14599,0.001554,172.31.36.0-255,66,57435,9,213553
14600,0.001556,172.217.194.0-255,1484,58919,9,213553
14601,0.00158,172.31.36.0-255,66,58985,9,213553
14602,0.001608,172.217.194.0-255,6438,65423,9,213553
14603,0.00161,172.31.36.0-255,66,65489,9,213553
14604,0.001959,172.217.194.0-255,1484,66973,9,213553
14605,0.001967,172.217.194.0-255,2902,69875,9,213553
14606,0.001969,172.31.36.0-255,66,69941,9,213553
14607,0.001988,172.217.194.0-255,1484,71425,9,213553
14608,0.002008,172.217.194.0-255,2902,74327,9,213553
14609,0.00201,172.31.36.0-255,66,74393,9,213553
14610,0.002015,172.217.194.0-255,4320,78713,9,213553
14611,0.002017,172.31.36.0-255,66,78779,9,213553
14612,0.002029,172.217.194.0-255,1484,80263,9,213553
14613,0.002065,172.31.36.0-255,66,80329,9,213553
14614,0.002085,172.217.194.0-255,2902,83231,9,213553
14615,0.002088,172.31.36.0-255,66,83297,9,213553
14616,0.002094,172.217.194.0-255,6438,89735,9,213553
14617,0.002096,172.31.36.0-255,66,89801,9,213553
14618,0.004388,172.217.194.0-255,5738,95539,9,213553
14619,0.004396,172.31.36.0-255,66,95605,9,213553
14620,0.006672,172.217.194.0-255,5738,101343,9,213553
14621,0.006688,172.31.36.0-255,66,101409,9,213553
14622,0.009029,172.217.194.0-255,5738,107147,9,213553
14623,0.009048,172.31.36.0-255,66,107213,9,213553
14624,0.011349,172.217.194.0-255,5738,112951,9,213553
14625,0.011359,172.31.36.0-255,66,113017,9,213553
14626,0.013611,172.217.194.0-255,5738,118755,9,213553
14627,0.013618,172.31.36.0-255,66,118821,9,213553
14628,0.015911,172.217.194.0-255,5738,124559,9,213553
14629,0.015919,172.31.36.0-255,66,124625,9,213553
14630,0.018205,172.217.194.0-255,5738,130363,9,213553
14631,0.018211,172.31.36.0-255,66,130429,9,213553
14632,0.020557,172.217.194.0-255,5738,136167,9,213553
14633,0.020565,172.31.36.0-255,66,136233,9,213553
14634,0.02289,172.217.194.0-255,5738,141971,9,213553
14635,0.022897,172.31.36.0-255,66,142037,9,213553
14636,0.025177,172.217.194.0-255,5738,147775,9,213553
14637,0.025188,172.31.36.0-255,66,147841,9,213553
14638,0.027398,172.31.36.0-255,167,148008,9,213553
14639,0.027442,172.31.36.0-255,1115,149123,9,213553
14640,0.027497,172.217.194.0-255,5738,154861,9,213553
14641,0.027503,172.31.36.0-255,66,154927,9,213553
14642,0.02764,172.31.36.0-255,1514,156441,9,213553
14643,0.027642,172.31.36.0-255,1514,157955,9,213553
14644,0.027648,172.31.36.0-255,1514,159469,9,213553
14645,0.027649,172.31.36.0-255,1514,160983,9,213553
14646,0.02767,172.31.36.0-255,1488,162471,9,213553
14647,0.028899,104.244.42.0-255,66,162537,9,213553
14648,0.028981,104.244.42.0-255,66,162603,9,213553
14649,0.029171,104.244.42.0-255,66,162669,9,213553
14650,0.029811,172.217.194.0-255,5738,168407,9,213553
14651,0.029815,172.31.36.0-255,66,168473,9,213553
14652,0.032142,172.217.194.0-255,5738,174211,9,213553
14653,0.032148,172.31.36.0-255,66,174277,9,213553
14654,0.03443,172.217.194.0-255,4320,178597,9,213553
14655,0.034435,172.31.36.0-255,66,178663,9,213553
14656,0.034462,172.217.194.0-255,1484,180147,9,213553
14657,0.03672,172.217.194.0-255,4320,184467,9,213553
14658,0.036725,172.31.36.0-255,66,184533,9,213553
14659,0.039012,172.217.194.0-255,5738,190271,9,213553
14660,0.039017,172.31.36.0-255,66,190337,9,213553
14661,0.041314,172.217.194.0-255,5738,196075,9,213553
14662,0.04132,172.31.36.0-255,66,196141,9,213553
14663,0.043605,172.217.194.0-255,5738,201879,9,213553
14664,0.043611,172.31.36.0-255,66,201945,9,213553
14665,0.045902,172.217.194.0-255,5738,207683,9,213553
14666,0.045908,172.31.36.0-255,66,207749,9,213553
14667,0.048192,172.217.194.0-255,5738,213487,9,213553
14668,0.048199,172.31.36.0-255,66,213553,9,213553
14669,0.0,74.125.200.0-255,153,153,9,350150
14670,2.2e-05,172.31.36.0-255,66,219,9,350150
14671,3e-05,74.125.200.0-255,1484,1703,9,350150
14672,3.4e-05,172.31.36.0-255,66,1769,9,350150
14673,3.9e-05,74.125.200.0-255,2902,4671,9,350150
14674,4.3e-05,172.31.36.0-255,66,4737,9,350150
14675,4.8e-05,74.125.200.0-255,4320,9057,9,350150
14676,5.3e-05,172.31.36.0-255,66,9123,9,350150
14677,8.8e-05,74.125.200.0-255,4783,13906,9,350150
14678,9.1e-05,172.31.36.0-255,66,13972,9,350150
14679,0.000173,74.125.200.0-255,1484,15456,9,350150
14680,0.000176,172.31.36.0-255,66,15522,9,350150
14681,0.00018,74.125.200.0-255,1484,17006,9,350150
14682,0.000182,172.31.36.0-255,66,17072,9,350150
14683,0.000186,74.125.200.0-255,1484,18556,9,350150
14684,0.000188,172.31.36.0-255,66,18622,9,350150
14685,0.000204,74.125.200.0-255,1484,20106,9,350150
14686,0.000206,172.31.36.0-255,66,20172,9,350150
14687,0.000223,74.125.200.0-255,5738,25910,9,350150
14688,0.000226,172.31.36.0-255,66,25976,9,350150
14689,0.000252,74.125.200.0-255,5379,31355,9,350150
14690,0.000255,172.31.36.0-255,66,31421,9,350150
14691,0.000348,74.125.200.0-255,1484,32905,9,350150
14692,0.000353,172.31.36.0-255,66,32971,9,350150
14693,0.000358,74.125.200.0-255,2902,35873,9,350150
14694,0.00036,172.31.36.0-255,66,35939,9,350150
14695,0.000387,74.125.200.0-255,5738,41677,9,350150
14696,0.00039,172.31.36.0-255,66,41743,9,350150
14697,0.000404,74.125.200.0-255,1484,43227,9,350150
14698,0.000407,172.31.36.0-255,66,43293,9,350150
14699,0.000425,74.125.200.0-255,1484,44777,9,350150
14700,0.000428,172.31.36.0-255,66,44843,9,350150
14701,0.000444,74.125.200.0-255,1484,46327,9,350150
14702,0.00045,74.125.200.0-255,2543,48870,9,350150
14703,0.000452,172.31.36.0-255,66,48936,9,350150
14704,0.000468,74.125.200.0-255,2902,51838,9,350150
14705,0.000471,172.31.36.0-255,66,51904,9,350150
14706,0.000501,74.125.200.0-255,7156,59060,9,350150
14707,0.000504,172.31.36.0-255,66,59126,9,350150
14708,0.000508,74.125.200.0-255,2902,62028,9,350150
14709,0.00051,172.31.36.0-255,66,62094,9,350150
14710,0.000545,74.125.200.0-255,4293,66387,9,350150
14711,0.000548,172.31.36.0-255,66,66453,9,350150
14712,0.000722,74.125.200.0-255,112,66565,9,350150
14713,0.000881,74.125.200.0-255,1484,68049,9,350150
14714,0.000886,172.31.36.0-255,66,68115,9,350150
14715,0.00089,74.125.200.0-255,1484,69599,9,350150
14716,0.000905,74.125.200.0-255,2902,72501,9,350150
14717,0.000909,172.31.36.0-255,66,72567,9,350150
14718,0.000913,74.125.200.0-255,1484,74051,9,350150
14719,0.000929,74.125.200.0-255,4320,78371,9,350150
14720,0.000931,172.31.36.0-255,66,78437,9,350150
14721,0.000958,74.125.200.0-255,5379,83816,9,350150
14722,0.00096,172.31.36.0-255,66,83882,9,350150
14723,0.000999,74.125.200.0-255,4320,88202,9,350150
14724,0.001002,172.31.36.0-255,66,88268,9,350150
14725,0.00102,74.125.200.0-255,1484,89752,9,350150
14726,0.001027,74.125.200.0-255,7156,96908,9,350150
14727,0.00103,172.31.36.0-255,66,96974,9,350150
14728,0.001044,74.125.200.0-255,1484,98458,9,350150
14729,0.001059,74.125.200.0-255,2543,101001,9,350150
14730,0.001064,172.31.36.0-255,66,101067,9,350150
14731,0.001279,74.125.200.0-255,1484,102551,9,350150
14732,0.001293,74.125.200.0-255,2902,105453,9,350150
14733,0.001297,172.31.36.0-255,66,105519,9,350150
14734,0.0013,74.125.200.0-255,1484,107003,9,350150
14735,0.001315,74.125.200.0-255,2902,109905,9,350150
14736,0.001318,172.31.36.0-255,66,109971,9,350150
14737,0.001336,74.125.200.0-255,2902,112873,9,350150
14738,0.001339,172.31.36.0-255,66,112939,9,350150
14739,0.001357,74.125.200.0-255,2902,115841,9,350150
14740,0.00136,172.31.36.0-255,66,115907,9,350150
14741,0.001389,74.125.200.0-255,2902,118809,9,350150
14742,0.001392,172.31.36.0-255,66,118875,9,350150
14743,0.001408,74.125.200.0-255,5738,124613,9,350150
14744,0.001411,172.31.36.0-255,66,124679,9,350150
14745,0.001432,74.125.200.0-255,2902,127581,9,350150
14746,0.001436,172.31.36.0-255,66,127647,9,350150
14747,0.001465,74.125.200.0-255,5738,133385,9,350150
14748,0.001469,172.31.36.0-255,66,133451,9,350150
14749,0.001477,172.31.36.0-255,66,133517,9,350150
14750,0.001481,74.125.200.0-255,2902,136419,9,350150
14751,0.001484,172.31.36.0-255,66,136485,9,350150
14752,0.0015,74.125.200.0-255,4320,140805,9,350150
14753,0.001503,172.31.36.0-255,66,140871,9,350150
14754,0.001506,74.125.200.0-255,1484,142355,9,350150
14755,0.001525,74.125.200.0-255,1484,143839,9,350150
14756,0.001529,172.31.36.0-255,66,143905,9,350150
14757,0.001534,74.125.200.0-255,4320,148225,9,350150
14758,0.001537,172.31.36.0-255,66,148291,9,350150
14759,0.001544,74.125.200.0-255,7156,155447,9,350150
14760,0.001546,172.31.36.0-255,66,155513,9,350150
14761,0.001569,74.125.200.0-255,1484,156997,9,350150
14762,0.001575,74.125.200.0-255,5020,162017,9,350150
14763,0.001578,172.31.36.0-255,66,162083,9,350150
14764,0.001642,74.125.200.0-255,1484,163567,9,350150
14765,0.001658,74.125.200.0-255,1484,165051,9,350150
14766,0.001661,172.31.36.0-255,66,165117,9,350150
14767,0.001665,74.125.200.0-255,2902,168019,9,350150
14768,0.001667,172.31.36.0-255,66,168085,9,350150
14769,0.001705,74.125.200.0-255,2902,170987,9,350150
14770,0.001707,172.31.36.0-255,66,171053,9,350150
14771,0.00173,74.125.200.0-255,2902,173955,9,350150
14772,0.001732,172.31.36.0-255,66,174021,9,350150
14773,0.001738,74.125.200.0-255,5738,179759,9,350150
14774,0.00174,172.31.36.0-255,66,179825,9,350150
14775,0.001743,74.125.200.0-255,1484,181309,9,350150
14776,0.001771,74.125.200.0-255,5738,187047,9,350150
14777,0.001774,172.31.36.0-255,66,187113,9,350150
14778,0.001778,74.125.200.0-255,2902,190015,9,350150
14779,0.001781,172.31.36.0-255,66,190081,9,350150
14780,0.001808,74.125.200.0-255,1484,191565,9,350150
14781,0.001823,74.125.200.0-255,5020,196585,9,350150
14782,0.001826,172.31.36.0-255,66,196651,9,350150
14783,0.001904,74.125.200.0-255,1484,198135,9,350150
14784,0.001921,74.125.200.0-255,2902,201037,9,350150
14785,0.001924,172.31.36.0-255,66,201103,9,350150
14786,0.001945,74.125.200.0-255,4320,205423,9,350150
14787,0.001949,172.31.36.0-255,66,205489,9,350150
14788,0.001967,74.125.200.0-255,1484,206973,9,350150
14789,0.001979,172.31.36.0-255,66,207039,9,350150
14790,0.002027,172.31.36.0-255,66,207105,9,350150
14791,0.004005,74.125.200.0-255,5738,212843,9,350150
14792,0.004012,172.31.36.0-255,66,212909,9,350150
14793,0.005986,74.125.200.0-255,5738,218647,9,350150
14794,0.00599,172.31.36.0-255,66,218713,9,350150
14795,0.007963,74.125.200.0-255,5738,224451,9,350150
14796,0.007968,172.31.36.0-255,66,224517,9,350150
14797,0.009959,74.125.200.0-255,5738,230255,9,350150
14798,0.009966,172.31.36.0-255,66,230321,9,350150
14799,0.011956,74.125.200.0-255,5738,236059,9,350150
14800,0.011964,172.31.36.0-255,66,236125,9,350150
14801,0.013951,74.125.200.0-255,5738,241863,9,350150
14802,0.013959,172.31.36.0-255,66,241929,9,350150
14803,0.015968,74.125.200.0-255,5738,247667,9,350150
14804,0.015978,172.31.36.0-255,66,247733,9,350150
14805,0.017973,74.125.200.0-255,5738,253471,9,350150
14806,0.01798,172.31.36.0-255,66,253537,9,350150
14807,0.019983,74.125.200.0-255,5738,259275,9,350150
14808,0.01999,172.31.36.0-255,66,259341,9,350150
14809,0.02201,74.125.200.0-255,4320,263661,9,350150
14810,0.022018,172.31.36.0-255,66,263727,9,350150
14811,0.022035,74.125.200.0-255,1484,265211,9,350150
14812,0.024013,74.125.200.0-255,4320,269531,9,350150
14813,0.024019,172.31.36.0-255,66,269597,9,350150
14814,0.026007,74.125.200.0-255,5738,275335,9,350150
14815,0.026016,172.31.36.0-255,66,275401,9,350150
14816,0.028001,74.125.200.0-255,5738,281139,9,350150
14817,0.028014,172.31.36.0-255,66,281205,9,350150
14818,0.029999,74.125.200.0-255,4320,285525,9,350150
14819,0.030007,172.31.36.0-255,66,285591,9,350150
14820,0.030031,74.125.200.0-255,1484,287075,9,350150
14821,0.031407,172.31.36.0-255,172,287247,9,350150
14822,0.03144,172.31.36.0-255,1116,288363,9,350150
14823,0.031502,172.31.36.0-255,1514,289877,9,350150
14824,0.031503,172.31.36.0-255,1514,291391,9,350150
14825,0.031509,172.31.36.0-255,1514,292905,9,350150
14826,0.03151,172.31.36.0-255,359,293264,9,350150
14827,0.031996,74.125.200.0-255,4320,297584,9,350150
14828,0.032002,172.31.36.0-255,66,297650,9,350150
14829,0.032964,104.244.42.0-255,66,297716,9,350150
14830,0.032999,104.244.42.0-255,66,297782,9,350150
14831,0.033026,104.244.42.0-255,66,297848,9,350150
14832,0.033046,104.244.42.0-255,66,297914,9,350150
14833,0.033989,74.125.200.0-255,5738,303652,9,350150
14834,0.033993,172.31.36.0-255,66,303718,9,350150
14835,0.035977,74.125.200.0-255,5738,309456,9,350150
14836,0.035983,172.31.36.0-255,66,309522,9,350150
14837,0.03797,74.125.200.0-255,5738,315260,9,350150
14838,0.037977,172.31.36.0-255,66,315326,9,350150
14839,0.03996,74.125.200.0-255,5738,321064,9,350150
14840,0.039966,172.31.36.0-255,66,321130,9,350150
14841,0.041952,74.125.200.0-255,5738,326868,9,350150
14842,0.041959,172.31.36.0-255,66,326934,9,350150
14843,0.043939,74.125.200.0-255,5738,332672,9,350150
14844,0.043946,172.31.36.0-255,66,332738,9,350150
14845,0.045925,74.125.200.0-255,5738,338476,9,350150
14846,0.045932,172.31.36.0-255,66,338542,9,350150
14847,0.04793,74.125.200.0-255,5738,344280,9,350150
14848,0.04794,172.31.36.0-255,66,344346,9,350150
14849,0.049968,74.125.200.0-255,5738,350084,9,350150
14850,0.049974,172.31.36.0-255,66,350150,9,350150
14851,0.0,74.125.130.0-255,149,149,9,313025
14852,2.2e-05,172.31.36.0-255,66,215,9,313025
14853,2.8e-05,74.125.130.0-255,1484,1699,9,313025
14854,3.2e-05,172.31.36.0-255,66,1765,9,313025
14855,3.7e-05,74.125.130.0-255,2902,4667,9,313025
14856,3.9e-05,172.31.36.0-255,66,4733,9,313025
14857,5.1e-05,74.125.130.0-255,5738,10471,9,313025
14858,5.4e-05,172.31.36.0-255,66,10537,9,313025
14859,0.000115,74.125.130.0-255,3428,13965,9,313025
14860,0.000119,172.31.36.0-255,66,14031,9,313025
14861,0.000188,74.125.130.0-255,1484,15515,9,313025
14862,0.000193,172.31.36.0-255,66,15581,9,313025
14863,0.000198,74.125.130.0-255,2902,18483,9,313025
14864,0.000202,172.31.36.0-255,66,18549,9,313025
14865,0.000207,74.125.130.0-255,4320,22869,9,313025
14866,0.000215,172.31.36.0-255,66,22935,9,313025
14867,0.000221,74.125.130.0-255,5738,28673,9,313025
14868,0.000224,172.31.36.0-255,66,28739,9,313025
14869,0.000278,74.125.130.0-255,2543,31282,9,313025
14870,0.000282,172.31.36.0-255,66,31348,9,313025
14871,0.00037,74.125.130.0-255,1484,32832,9,313025
14872,0.000374,172.31.36.0-255,66,32898,9,313025
14873,0.00038,74.125.130.0-255,2902,35800,9,313025
14874,0.000383,172.31.36.0-255,66,35866,9,313025
14875,0.000414,74.125.130.0-255,2902,38768,9,313025
14876,0.000418,172.31.36.0-255,66,38834,9,313025
14877,0.000449,74.125.130.0-255,4320,43154,9,313025
14878,0.000453,172.31.36.0-255,66,43220,9,313025
14879,0.000466,172.31.36.0-255,66,43286,9,313025
14880,0.000478,74.125.130.0-255,4320,47606,9,313025
14881,0.000481,172.31.36.0-255,66,47672,9,313025
14882,0.000537,172.31.36.0-255,66,47738,9,313025
14883,0.000541,74.125.130.0-255,367,48105,9,313025
14884,0.000618,74.125.130.0-255,1484,49589,9,313025
14885,0.000623,172.31.36.0-255,66,49655,9,313025
14886,0.000629,74.125.130.0-255,2902,52557,9,313025
14887,0.000631,172.31.36.0-255,66,52623,9,313025
14888,0.000661,74.125.130.0-255,2902,55525,9,313025
14889,0.000664,172.31.36.0-255,66,55591,9,313025
14890,0.000689,74.125.130.0-255,2902,58493,9,313025
14891,0.000692,172.31.36.0-255,66,58559,9,313025
14892,0.000697,74.125.130.0-255,2902,61461,9,313025
14893,0.000702,172.31.36.0-255,66,61527,9,313025
14894,0.000703,74.125.130.0-255,7156,68683,9,313025
14895,0.000705,172.31.36.0-255,66,68749,9,313025
14896,0.000737,74.125.130.0-255,2833,71582,9,313025
14897,0.000741,172.31.36.0-255,66,71648,9,313025
14898,0.000758,172.31.36.0-255,66,71714,9,313025
14899,0.000787,74.125.130.0-255,1992,73706,9,313025
14900,0.00079,172.31.36.0-255,66,73772,9,313025
14901,0.000794,74.125.130.0-255,2902,76674,9,313025
14902,0.000796,172.31.36.0-255,66,76740,9,313025
14903,0.000816,74.125.130.0-255,4320,81060,9,313025
14904,0.000824,172.31.36.0-255,66,81126,9,313025
14905,0.000836,74.125.130.0-255,1484,82610,9,313025
14906,0.000864,74.125.130.0-255,5738,88348,9,313025
14907,0.000867,172.31.36.0-255,66,88414,9,313025
14908,0.000895,74.125.130.0-255,1484,89898,9,313025
14909,0.000899,74.125.130.0-255,1125,91023,9,313025
14910,0.000902,172.31.36.0-255,66,91089,9,313025
14911,0.001194,74.125.130.0-255,1484,92573,9,313025
14912,0.00121,74.125.130.0-255,2902,95475,9,313025
14913,0.001214,172.31.36.0-255,66,95541,9,313025
14914,0.001226,74.125.130.0-255,2902,98443,9,313025
14915,0.001228,172.31.36.0-255,66,98509,9,313025
14916,0.001246,74.125.130.0-255,1484,99993,9,313025
14917,0.00128,74.125.130.0-255,5738,105731,9,313025
14918,0.001283,172.31.36.0-255,66,105797,9,313025
14919,0.001311,74.125.130.0-255,2902,108699,9,313025
14920,0.001314,172.31.36.0-255,66,108765,9,313025
14921,0.001316,74.125.130.0-255,1484,110249,9,313025
14922,0.00132,74.125.130.0-255,2902,113151,9,313025
14923,0.001322,172.31.36.0-255,66,113217,9,313025
14924,0.001331,74.125.130.0-255,5738,118955,9,313025
14925,0.001333,172.31.36.0-255,66,119021,9,313025
14926,0.001338,74.125.130.0-255,4320,123341,9,313025
14927,0.00134,172.31.36.0-255,66,123407,9,313025
14928,0.001371,74.125.130.0-255,2184,125591,9,313025
14929,0.001379,172.31.36.0-255,66,125657,9,313025
14930,0.001692,74.125.130.0-255,1484,127141,9,313025
14931,0.001701,74.125.130.0-255,2902,130043,9,313025
14932,0.001704,172.31.36.0-255,66,130109,9,313025
14933,0.001712,74.125.130.0-255,5738,135847,9,313025
14934,0.001714,172.31.36.0-255,66,135913,9,313025
14935,0.001717,74.125.130.0-255,1484,137397,9,313025
14936,0.001774,74.125.130.0-255,7156,144553,9,313025
14937,0.001777,172.31.36.0-255,66,144619,9,313025
14938,0.0018,74.125.130.0-255,1484,146103,9,313025
14939,0.001812,172.31.36.0-255,66,146169,9,313025
14940,0.001814,74.125.130.0-255,766,146935,9,313025
14941,0.001869,74.125.130.0-255,1484,148419,9,313025
14942,0.001873,172.31.36.0-255,66,148485,9,313025
14943,0.001878,74.125.130.0-255,2902,151387,9,313025
14944,0.001879,172.31.36.0-255,66,151453,9,313025
14945,0.001908,74.125.130.0-255,5738,157191,9,313025
14946,0.001911,172.31.36.0-255,66,157257,9,313025
14947,0.001949,172.31.36.0-255,66,157323,9,313025
14948,0.001956,74.125.130.0-255,5738,163061,9,313025
14949,0.001958,172.31.36.0-255,66,163127,9,313025
14950,0.001974,74.125.130.0-255,4320,167447,9,313025
14951,0.001976,172.31.36.0-255,66,167513,9,313025
14952,0.00198,74.125.130.0-255,5020,172533,9,313025
14953,0.001982,172.31.36.0-255,66,172599,9,313025
14954,0.004,74.125.130.0-255,5738,178337,9,313025
14955,0.004005,172.31.36.0-255,66,178403,9,313025
14956,0.006053,74.125.130.0-255,5738,184141,9,313025
14957,0.006058,172.31.36.0-255,66,184207,9,313025
14958,0.008098,74.125.130.0-255,5738,189945,9,313025
14959,0.008104,172.31.36.0-255,66,190011,9,313025
14960,0.010315,74.125.130.0-255,5738,195749,9,313025
14961,0.010373,172.31.36.0-255,66,195815,9,313025
14962,0.012401,74.125.130.0-255,4320,200135,9,313025
14963,0.012408,172.31.36.0-255,66,200201,9,313025
14964,0.012438,74.125.130.0-255,1484,201685,9,313025
14965,0.014444,74.125.130.0-255,4320,206005,9,313025
14966,0.014451,172.31.36.0-255,66,206071,9,313025
14967,0.016465,74.125.130.0-255,5738,211809,9,313025
14968,0.016473,172.31.36.0-255,66,211875,9,313025
14969,0.018497,74.125.130.0-255,5738,217613,9,313025
14970,0.018505,172.31.36.0-255,66,217679,9,313025
14971,0.020562,74.125.130.0-255,4320,221999,9,313025
14972,0.02057,172.31.36.0-255,66,222065,9,313025
14973,0.020602,74.125.130.0-255,1484,223549,9,313025
14974,0.022649,74.125.130.0-255,4320,227869,9,313025
14975,0.022656,172.31.36.0-255,66,227935,9,313025
14976,0.024687,74.125.130.0-255,5738,233673,9,313025
14977,0.024695,172.31.36.0-255,66,233739,9,313025
14978,0.026718,74.125.130.0-255,5738,239477,9,313025
14979,0.026725,172.31.36.0-255,66,239543,9,313025
14980,0.028751,74.125.130.0-255,5738,245281,9,313025
14981,0.028758,172.31.36.0-255,66,245347,9,313025
14982,0.030781,74.125.130.0-255,5738,251085,9,313025
14983,0.03079,172.31.36.0-255,66,251151,9,313025
14984,0.032831,74.125.130.0-255,4320,255471,9,313025
14985,0.03284,172.31.36.0-255,66,255537,9,313025
14986,0.032873,74.125.130.0-255,1484,257021,9,313025
14987,0.033209,172.31.36.0-255,188,257209,9,313025
14988,0.033256,172.31.36.0-255,960,258169,9,313025
14989,0.033343,172.31.36.0-255,1514,259683,9,313025
14990,0.033345,172.31.36.0-255,1514,261197,9,313025
14991,0.033351,172.31.36.0-255,1514,262711,9,313025
14992,0.033352,172.31.36.0-255,1514,264225,9,313025
14993,0.033375,172.31.36.0-255,1514,265739,9,313025
14994,0.033376,172.31.36.0-255,952,266691,9,313025
14995,0.034784,104.244.42.0-255,66,266757,9,313025
14996,0.034837,104.244.42.0-255,66,266823,9,313025
14997,0.03486,74.125.130.0-255,1484,268307,9,313025
14998,0.034863,172.31.36.0-255,66,268373,9,313025
14999,0.0349,74.125.130.0-255,2902,271275,9,313025
15000,0.034902,172.31.36.0-255,66,271341,9,313025
15001,0.034926,104.244.42.0-255,66,271407,9,313025
15002,0.03493,104.244.42.0-255,66,271473,9,313025
15003,0.036918,74.125.130.0-255,2902,274375,9,313025
15004,0.036923,172.31.36.0-255,66,274441,9,313025
15005,0.036959,74.125.130.0-255,2902,277343,9,313025
15006,0.036961,172.31.36.0-255,66,277409,9,313025
15007,0.038934,74.125.130.0-255,2902,280311,9,313025
15008,0.038939,172.31.36.0-255,66,280377,9,313025
15009,0.038977,74.125.130.0-255,2902,283279,9,313025
15010,0.03898,172.31.36.0-255,66,283345,9,313025
15011,0.040963,74.125.130.0-255,2902,286247,9,313025
15012,0.040968,172.31.36.0-255,66,286313,9,313025
15013,0.04102,74.125.130.0-255,2902,289215,9,313025
15014,0.041024,172.31.36.0-255,66,289281,9,313025
15015,0.042999,74.125.130.0-255,2902,292183,9,313025
15016,0.043004,172.31.36.0-255,66,292249,9,313025
15017,0.043062,74.125.130.0-255,2902,295151,9,313025
15018,0.043066,172.31.36.0-255,66,295217,9,313025
15019,0.045023,74.125.130.0-255,2902,298119,9,313025
15020,0.045028,172.31.36.0-255,66,298185,9,313025
15021,0.045118,74.125.130.0-255,2902,301087,9,313025
15022,0.045123,172.31.36.0-255,66,301153,9,313025
15023,0.047069,74.125.130.0-255,2902,304055,9,313025
15024,0.047075,172.31.36.0-255,66,304121,9,313025
15025,0.047163,74.125.130.0-255,2902,307023,9,313025
15026,0.047167,172.31.36.0-255,66,307089,9,313025
15027,0.0491,74.125.130.0-255,2902,309991,9,313025
15028,0.049104,172.31.36.0-255,66,310057,9,313025
15029,0.049166,74.125.130.0-255,2902,312959,9,313025
15030,0.049169,172.31.36.0-255,66,313025,9,313025
15031,0.0,172.217.194.0-255,153,153,9,143925
15032,2.2e-05,172.31.36.0-255,66,219,9,143925
15033,3e-05,172.217.194.0-255,1484,1703,9,143925
15034,3.4e-05,172.31.36.0-255,66,1769,9,143925
15035,4e-05,172.217.194.0-255,2902,4671,9,143925
15036,5.1e-05,172.31.36.0-255,66,4737,9,143925
15037,6e-05,172.217.194.0-255,7156,11893,9,143925
15038,6.2e-05,172.31.36.0-255,66,11959,9,143925
15039,8.9e-05,172.217.194.0-255,2066,14025,9,143925
15040,9.2e-05,172.31.36.0-255,66,14091,9,143925
15041,0.000564,172.217.194.0-255,1484,15575,9,143925
15042,0.00057,172.31.36.0-255,66,15641,9,143925
15043,0.000577,172.217.194.0-255,2902,18543,9,143925
15044,0.000579,172.31.36.0-255,66,18609,9,143925
15045,0.000591,172.217.194.0-255,5738,24347,9,143925
15046,0.000593,172.31.36.0-255,66,24413,9,143925
15047,0.000599,172.217.194.0-255,5738,30151,9,143925
15048,0.000603,172.31.36.0-255,66,30217,9,143925
15049,0.000641,172.217.194.0-255,1484,31701,9,143925
15050,0.000644,172.31.36.0-255,66,31767,9,143925
15051,0.000682,172.31.36.0-255,66,31833,9,143925
15052,0.000687,172.217.194.0-255,3961,35794,9,143925
15053,0.00069,172.31.36.0-255,66,35860,9,143925
15054,0.001295,172.217.194.0-255,1484,37344,9,143925
15055,0.001302,172.31.36.0-255,66,37410,9,143925
15056,0.001311,172.217.194.0-255,2902,40312,9,143925
15057,0.001314,172.31.36.0-255,66,40378,9,143925
15058,0.001326,172.217.194.0-255,5738,46116,9,143925
15059,0.001328,172.31.36.0-255,66,46182,9,143925
15060,0.001359,172.217.194.0-255,2902,49084,9,143925
15061,0.001361,172.31.36.0-255,66,49150,9,143925
15062,0.001384,172.217.194.0-255,4540,53690,9,143925
15063,0.001386,172.31.36.0-255,66,53756,9,143925
15064,0.001397,172.31.36.0-255,66,53822,9,143925
15065,0.001402,172.217.194.0-255,2902,56724,9,143925
15066,0.001405,172.31.36.0-255,66,56790,9,143925
15067,0.001435,172.217.194.0-255,5379,62169,9,143925
15068,0.001438,172.31.36.0-255,66,62235,9,143925
15069,0.001451,172.31.36.0-255,66,62301,9,143925
15070,0.001488,172.31.36.0-255,66,62367,9,143925
15071,0.002057,172.217.194.0-255,1484,63851,9,143925
15072,0.002066,172.217.194.0-255,2902,66753,9,143925
15073,0.00207,172.31.36.0-255,66,66819,9,143925
15074,0.002078,172.217.194.0-255,5738,72557,9,143925
15075,0.002081,172.31.36.0-255,66,72623,9,143925
15076,0.002084,172.217.194.0-255,1484,74107,9,143925
15077,0.002124,172.31.36.0-255,66,74173,9,143925
15078,0.002137,172.31.36.0-255,66,74239,9,143925
15079,0.002379,172.217.194.0-255,1484,75723,9,143925
15080,0.002407,172.217.194.0-255,2902,78625,9,143925
15081,0.00241,172.31.36.0-255,66,78691,9,143925
15082,0.002417,172.217.194.0-255,5738,84429,9,143925
15083,0.00242,172.31.36.0-255,66,84495,9,143925
15084,0.002427,172.217.194.0-255,1484,85979,9,143925
15085,0.002486,172.217.194.0-255,5738,91717,9,143925
15086,0.002489,172.31.36.0-255,66,91783,9,143925
15087,0.002511,172.217.194.0-255,7156,98939,9,143925
15088,0.002514,172.31.36.0-255,66,99005,9,143925
15089,0.002516,172.217.194.0-255,1484,100489,9,143925
15090,0.002519,172.31.36.0-255,78,100567,9,143925
15091,0.002532,172.31.36.0-255,66,100633,9,143925
15092,0.002545,172.31.36.0-255,66,100699,9,143925
15093,0.002559,172.31.36.0-255,66,100765,9,143925
15094,0.002566,172.217.194.0-255,6438,107203,9,143925
15095,0.002569,172.31.36.0-255,66,107269,9,143925
15096,0.002572,172.217.194.0-255,1484,108753,9,143925
15097,0.002587,172.217.194.0-255,2902,111655,9,143925
15098,0.00259,172.31.36.0-255,66,111721,9,143925
15099,0.002601,172.217.194.0-255,5738,117459,9,143925
15100,0.002604,172.31.36.0-255,66,117525,9,143925
15101,0.002648,172.217.194.0-255,1484,119009,9,143925
15102,0.002661,172.217.194.0-255,2902,121911,9,143925
15103,0.002672,172.217.194.0-255,4320,126231,9,143925
15104,0.002683,172.217.194.0-255,2184,128415,9,143925
15105,0.002701,172.217.194.0-255,5738,134153,9,143925
15106,0.002761,172.217.194.0-255,1484,135637,9,143925
15107,0.002954,172.217.194.0-255,1484,137121,9,143925
15108,0.003001,172.217.194.0-255,2184,139305,9,143925
15109,0.003013,172.217.194.0-255,105,139410,9,143925
15110,0.006607,172.31.36.0-255,66,139476,9,143925
15111,0.009434,172.31.36.0-255,105,139581,9,143925
15112,0.011754,172.217.194.0-255,66,139647,9,143925
15113,0.034588,172.31.36.0-255,167,139814,9,143925
15114,0.03462,172.31.36.0-255,1116,140930,9,143925
15115,0.034683,172.31.36.0-255,1514,142444,9,143925
15116,0.034685,172.31.36.0-255,1283,143727,9,143925
15117,0.036138,104.244.42.0-255,66,143793,9,143925
15118,0.036207,104.244.42.0-255,66,143859,9,143925
15119,0.036275,104.244.42.0-255,66,143925,9,143925
15120,0.0,172.217.194.0-255,226,226,9,135138
15121,2.7e-05,172.31.36.0-255,66,292,9,135138
15122,3.4e-05,172.217.194.0-255,1484,1776,9,135138
15123,3.9e-05,172.31.36.0-255,66,1842,9,135138
15124,5.6e-05,172.217.194.0-255,4320,6162,9,135138
15125,5.9e-05,172.31.36.0-255,66,6228,9,135138
15126,0.000203,172.31.36.0-255,66,6294,9,135138
15127,0.000533,172.217.194.0-255,4320,10614,9,135138
15128,0.000543,172.31.36.0-255,66,10680,9,135138
15129,0.000698,172.31.36.0-255,66,10746,9,135138
15130,0.002978,172.217.194.0-255,5738,16484,9,135138
15131,0.002986,172.31.36.0-255,66,16550,9,135138
15132,0.005265,172.217.194.0-255,5738,22288,9,135138
15133,0.005272,172.31.36.0-255,66,22354,9,135138
15134,0.007568,172.217.194.0-255,2902,25256,9,135138
15135,0.007576,172.31.36.0-255,66,25322,9,135138
15136,0.007606,172.217.194.0-255,2902,28224,9,135138
15137,0.007609,172.31.36.0-255,66,28290,9,135138
15138,0.009872,172.217.194.0-255,2902,31192,9,135138
15139,0.00988,172.31.36.0-255,66,31258,9,135138
15140,0.009907,172.217.194.0-255,2902,34160,9,135138
15141,0.00991,172.31.36.0-255,66,34226,9,135138
15142,0.012164,172.217.194.0-255,2902,37128,9,135138
15143,0.012172,172.31.36.0-255,66,37194,9,135138
15144,0.012203,172.217.194.0-255,2902,40096,9,135138
15145,0.012206,172.31.36.0-255,66,40162,9,135138
15146,0.014441,172.217.194.0-255,2902,43064,9,135138
15147,0.014448,172.31.36.0-255,66,43130,9,135138
15148,0.014519,172.217.194.0-255,2902,46032,9,135138
15149,0.014523,172.31.36.0-255,66,46098,9,135138
15150,0.016769,172.217.194.0-255,2902,49000,9,135138
15151,0.016778,172.31.36.0-255,66,49066,9,135138
15152,0.016813,172.217.194.0-255,2902,51968,9,135138
15153,0.016816,172.31.36.0-255,66,52034,9,135138
15154,0.019088,172.217.194.0-255,2902,54936,9,135138
15155,0.019095,172.31.36.0-255,66,55002,9,135138
15156,0.019126,172.217.194.0-255,2902,57904,9,135138
15157,0.01913,172.31.36.0-255,66,57970,9,135138
15158,0.021388,172.217.194.0-255,2902,60872,9,135138
15159,0.021396,172.31.36.0-255,66,60938,9,135138
15160,0.021426,172.217.194.0-255,2902,63840,9,135138
15161,0.02143,172.31.36.0-255,66,63906,9,135138
15162,0.023688,172.217.194.0-255,2902,66808,9,135138
15163,0.023703,172.31.36.0-255,66,66874,9,135138
15164,0.023739,172.217.194.0-255,2902,69776,9,135138
15165,0.023742,172.31.36.0-255,66,69842,9,135138
15166,0.026021,172.217.194.0-255,2902,72744,9,135138
15167,0.026029,172.31.36.0-255,66,72810,9,135138
15168,0.026061,172.217.194.0-255,2902,75712,9,135138
15169,0.026064,172.31.36.0-255,66,75778,9,135138
15170,0.028333,172.217.194.0-255,2902,78680,9,135138
15171,0.028341,172.31.36.0-255,66,78746,9,135138
15172,0.02837,172.217.194.0-255,2902,81648,9,135138
15173,0.028373,172.31.36.0-255,66,81714,9,135138
15174,0.030627,172.217.194.0-255,2902,84616,9,135138
15175,0.030635,172.31.36.0-255,66,84682,9,135138
15176,0.030662,172.217.194.0-255,2902,87584,9,135138
15177,0.030665,172.31.36.0-255,66,87650,9,135138
15178,0.032929,172.217.194.0-255,2902,90552,9,135138
15179,0.032942,172.31.36.0-255,66,90618,9,135138
15180,0.032975,172.217.194.0-255,2902,93520,9,135138
15181,0.032979,172.31.36.0-255,66,93586,9,135138
15182,0.035253,172.217.194.0-255,2902,96488,9,135138
15183,0.03526,172.31.36.0-255,66,96554,9,135138
15184,0.035289,172.217.194.0-255,2902,99456,9,135138
15185,0.035292,172.31.36.0-255,66,99522,9,135138
15186,0.03754,172.217.194.0-255,2902,102424,9,135138
15187,0.037547,172.31.36.0-255,66,102490,9,135138
15188,0.037596,172.217.194.0-255,2902,105392,9,135138
15189,0.0376,172.31.36.0-255,66,105458,9,135138
15190,0.039845,172.217.194.0-255,2902,108360,9,135138
15191,0.039853,172.31.36.0-255,66,108426,9,135138
15192,0.039891,172.217.194.0-255,2902,111328,9,135138
15193,0.039895,172.31.36.0-255,66,111394,9,135138
15194,0.042144,172.217.194.0-255,2902,114296,9,135138
15195,0.042151,172.31.36.0-255,66,114362,9,135138
15196,0.0422,172.217.194.0-255,2902,117264,9,135138
15197,0.042203,172.31.36.0-255,66,117330,9,135138
15198,0.044448,172.217.194.0-255,2902,120232,9,135138
15199,0.044456,172.31.36.0-255,66,120298,9,135138
15200,0.04449,172.217.194.0-255,2902,123200,9,135138
15201,0.044494,172.31.36.0-255,66,123266,9,135138
15202,0.046755,172.217.194.0-255,2902,126168,9,135138
15203,0.046762,172.31.36.0-255,66,126234,9,135138
15204,0.046803,172.217.194.0-255,2902,129136,9,135138
15205,0.046806,172.31.36.0-255,66,129202,9,135138
15206,0.049034,172.217.194.0-255,2902,132104,9,135138
15207,0.049046,172.31.36.0-255,66,132170,9,135138
15208,0.049084,172.217.194.0-255,2902,135072,9,135138
15209,0.049087,172.31.36.0-255,66,135138,9,135138
15210,0.0,172.253.118.0-255,297,297,9,288209
15211,2.9e-05,172.31.36.0-255,66,363,9,288209
15212,3.6e-05,172.253.118.0-255,1484,1847,9,288209
15213,4.1e-05,172.31.36.0-255,66,1913,9,288209
15214,4.6e-05,172.253.118.0-255,4320,6233,9,288209
15215,4.8e-05,172.31.36.0-255,66,6299,9,288209
15216,6.8e-05,172.31.36.0-255,66,6365,9,288209
15217,7.5e-05,172.253.118.0-255,5738,12103,9,288209
15218,7.8e-05,172.31.36.0-255,66,12169,9,288209
15219,0.000107,172.253.118.0-255,1484,13653,9,288209
15220,0.00011,172.31.36.0-255,66,13719,9,288209
15221,0.000152,172.31.36.0-255,66,13785,9,288209
15222,0.000177,172.253.118.0-255,1484,15269,9,288209
15223,0.00018,172.31.36.0-255,66,15335,9,288209
15224,0.000185,172.253.118.0-255,2902,18237,9,288209
15225,0.000187,172.31.36.0-255,66,18303,9,288209
15226,0.000196,172.253.118.0-255,4320,22623,9,288209
15227,0.000198,172.31.36.0-255,66,22689,9,288209
15228,0.000235,172.253.118.0-255,1484,24173,9,288209
15229,0.000237,172.31.36.0-255,66,24239,9,288209
15230,0.000246,172.253.118.0-255,7156,31395,9,288209
15231,0.000249,172.31.36.0-255,66,31461,9,288209
15232,0.000259,172.31.36.0-255,66,31527,9,288209
15233,0.000304,172.31.36.0-255,66,31593,9,288209
15234,0.000362,172.253.118.0-255,113,31706,9,288209
15235,0.000366,172.31.36.0-255,66,31772,9,288209
15236,0.000604,172.253.118.0-255,1484,33256,9,288209
15237,0.000608,172.31.36.0-255,66,33322,9,288209
15238,0.000614,172.253.118.0-255,2902,36224,9,288209
15239,0.000618,172.31.36.0-255,66,36290,9,288209
15240,0.000632,172.253.118.0-255,5738,42028,9,288209
15241,0.000634,172.31.36.0-255,66,42094,9,288209
15242,0.000678,172.31.36.0-255,66,42160,9,288209
15243,0.000702,172.253.118.0-255,1484,43644,9,288209
15244,0.000711,172.253.118.0-255,7156,50800,9,288209
15245,0.000713,172.31.36.0-255,66,50866,9,288209
15246,0.000732,172.253.118.0-255,3602,54468,9,288209
15247,0.000735,172.31.36.0-255,66,54534,9,288209
15248,0.000752,172.253.118.0-255,332,54866,9,288209
15249,0.000941,172.253.118.0-255,1484,56350,9,288209
15250,0.000946,172.31.36.0-255,66,56416,9,288209
15251,0.000984,172.253.118.0-255,2902,59318,9,288209
15252,0.000987,172.31.36.0-255,66,59384,9,288209
15253,0.001013,172.253.118.0-255,5738,65122,9,288209
15254,0.001017,172.31.36.0-255,66,65188,9,288209
15255,0.001022,172.253.118.0-255,2902,68090,9,288209
15256,0.001024,172.31.36.0-255,66,68156,9,288209
15257,0.001054,172.253.118.0-255,2902,71058,9,288209
15258,0.001058,172.31.36.0-255,66,71124,9,288209
15259,0.001091,172.253.118.0-255,1484,72608,9,288209
15260,0.001103,172.31.36.0-255,66,72674,9,288209
15261,0.001109,172.253.118.0-255,4320,76994,9,288209
15262,0.001111,172.31.36.0-255,66,77060,9,288209
15263,0.001145,172.253.118.0-255,3602,80662,9,288209
15264,0.001148,172.31.36.0-255,66,80728,9,288209
15265,0.001236,172.253.118.0-255,1484,82212,9,288209
15266,0.001253,172.253.118.0-255,2902,85114,9,288209
15267,0.001257,172.31.36.0-255,66,85180,9,288209
15268,0.001284,172.253.118.0-255,4320,89500,9,288209
15269,0.001287,172.31.36.0-255,66,89566,9,288209
15270,0.001312,172.31.36.0-255,66,89632,9,288209
15271,0.001343,172.253.118.0-255,7156,96788,9,288209
15272,0.001347,172.31.36.0-255,66,96854,9,288209
15273,0.001373,172.253.118.0-255,4320,101174,9,288209
15274,0.001376,172.31.36.0-255,66,101240,9,288209
15275,0.001382,172.253.118.0-255,5020,106260,9,288209
15276,0.001389,172.31.36.0-255,66,106326,9,288209
15277,0.001567,172.253.118.0-255,1484,107810,9,288209
15278,0.001571,172.253.118.0-255,1484,109294,9,288209
15279,0.001574,172.31.36.0-255,66,109360,9,288209
15280,0.001605,172.253.118.0-255,1484,110844,9,288209
15281,0.001611,172.253.118.0-255,5738,116582,9,288209
15282,0.001614,172.31.36.0-255,66,116648,9,288209
15283,0.001651,172.31.36.0-255,66,116714,9,288209
15284,0.00167,172.253.118.0-255,2902,119616,9,288209
15285,0.001673,172.31.36.0-255,66,119682,9,288209
15286,0.001719,172.31.36.0-255,66,119748,9,288209
15287,0.00175,172.253.118.0-255,6438,126186,9,288209
15288,0.001754,172.31.36.0-255,66,126252,9,288209
15289,0.001761,172.253.118.0-255,7156,133408,9,288209
15290,0.001764,172.31.36.0-255,66,133474,9,288209
15291,0.001797,172.253.118.0-255,5738,139212,9,288209
15292,0.001801,172.31.36.0-255,66,139278,9,288209
15293,0.00182,172.253.118.0-255,2902,142180,9,288209
15294,0.001823,172.31.36.0-255,66,142246,9,288209
15295,0.00185,172.31.36.0-255,66,142312,9,288209
15296,0.001875,172.253.118.0-255,1484,143796,9,288209
15297,0.00188,172.253.118.0-255,2184,145980,9,288209
15298,0.001882,172.31.36.0-255,66,146046,9,288209
15299,0.002115,172.253.118.0-255,1484,147530,9,288209
15300,0.002129,172.253.118.0-255,2902,150432,9,288209
15301,0.002132,172.31.36.0-255,66,150498,9,288209
15302,0.002139,172.253.118.0-255,5738,156236,9,288209
15303,0.002141,172.31.36.0-255,66,156302,9,288209
15304,0.00217,172.253.118.0-255,2902,159204,9,288209
15305,0.002174,172.31.36.0-255,66,159270,9,288209
15306,0.002232,172.31.36.0-255,66,159336,9,288209
15307,0.002243,172.31.36.0-255,66,159402,9,288209
15308,0.002251,172.253.118.0-255,2184,161586,9,288209
15309,0.002254,172.31.36.0-255,66,161652,9,288209
15310,0.002287,172.253.118.0-255,2902,164554,9,288209
15311,0.00229,172.31.36.0-255,66,164620,9,288209
15312,0.002294,172.253.118.0-255,1484,166104,9,288209
15313,0.002319,172.253.118.0-255,2902,169006,9,288209
15314,0.002321,172.31.36.0-255,66,169072,9,288209
15315,0.002333,172.31.36.0-255,66,169138,9,288209
15316,0.002344,172.31.36.0-255,66,169204,9,288209
15317,0.004663,172.253.118.0-255,5738,174942,9,288209
15318,0.004671,172.31.36.0-255,66,175008,9,288209
15319,0.006966,172.253.118.0-255,5738,180746,9,288209
15320,0.006973,172.31.36.0-255,66,180812,9,288209
15321,0.009277,172.253.118.0-255,5738,186550,9,288209
15322,0.009283,172.31.36.0-255,66,186616,9,288209
15323,0.011571,172.253.118.0-255,5738,192354,9,288209
15324,0.011579,172.31.36.0-255,66,192420,9,288209
15325,0.013897,172.253.118.0-255,5738,198158,9,288209
15326,0.013915,172.31.36.0-255,66,198224,9,288209
15327,0.01623,172.253.118.0-255,5738,203962,9,288209
15328,0.016246,172.31.36.0-255,66,204028,9,288209
15329,0.018561,172.253.118.0-255,5738,209766,9,288209
15330,0.018578,172.31.36.0-255,66,209832,9,288209
15331,0.020903,172.253.118.0-255,5738,215570,9,288209
15332,0.02092,172.31.36.0-255,66,215636,9,288209
15333,0.023223,172.253.118.0-255,5738,221374,9,288209
15334,0.023231,172.31.36.0-255,66,221440,9,288209
15335,0.025544,172.253.118.0-255,5738,227178,9,288209
15336,0.025557,172.31.36.0-255,66,227244,9,288209
15337,0.027857,172.253.118.0-255,5738,232982,9,288209
15338,0.027868,172.31.36.0-255,66,233048,9,288209
15339,0.030175,172.253.118.0-255,5738,238786,9,288209
15340,0.030188,172.31.36.0-255,66,238852,9,288209
15341,0.032483,172.253.118.0-255,5738,244590,9,288209
15342,0.032492,172.31.36.0-255,66,244656,9,288209
15343,0.032867,172.31.36.0-255,166,244822,9,288209
15344,0.032911,172.31.36.0-255,1140,245962,9,288209
15345,0.032998,172.31.36.0-255,1514,247476,9,288209
15346,0.033,172.31.36.0-255,1259,248735,9,288209
15347,0.034404,104.244.42.0-255,66,248801,9,288209
15348,0.034501,104.244.42.0-255,66,248867,9,288209
15349,0.034572,104.244.42.0-255,66,248933,9,288209
15350,0.034794,172.253.118.0-255,4320,253253,9,288209
15351,0.034799,172.31.36.0-255,66,253319,9,288209
15352,0.03483,172.253.118.0-255,1484,254803,9,288209
15353,0.03708,172.253.118.0-255,4320,259123,9,288209
15354,0.037088,172.31.36.0-255,66,259189,9,288209
15355,0.039386,172.253.118.0-255,5738,264927,9,288209
15356,0.039393,172.31.36.0-255,66,264993,9,288209
15357,0.041696,172.253.118.0-255,5738,270731,9,288209
15358,0.041707,172.31.36.0-255,66,270797,9,288209
15359,0.043997,172.253.118.0-255,5738,276535,9,288209
15360,0.044003,172.31.36.0-255,66,276601,9,288209
15361,0.046304,172.253.118.0-255,5738,282339,9,288209
15362,0.046313,172.31.36.0-255,66,282405,9,288209
15363,0.048603,172.253.118.0-255,5738,288143,9,288209
15364,0.048613,172.31.36.0-255,66,288209,9,288209
15365,0.0,74.125.130.0-255,147,147,9,335871
15366,2.1e-05,172.31.36.0-255,66,213,9,335871
15367,2.8e-05,74.125.130.0-255,1484,1697,9,335871
15368,3.1e-05,172.31.36.0-255,66,1763,9,335871
15369,4.5e-05,74.125.130.0-255,2902,4665,9,335871
15370,4.8e-05,172.31.36.0-255,66,4731,9,335871
15371,5.6e-05,74.125.130.0-255,7156,11887,9,335871
15372,5.9e-05,172.31.36.0-255,66,11953,9,335871
15373,6.3e-05,74.125.130.0-255,2048,14001,9,335871
15374,6.5e-05,172.31.36.0-255,66,14067,9,335871
15375,0.000124,74.125.130.0-255,1484,15551,9,335871
15376,0.000126,172.31.36.0-255,66,15617,9,335871
15377,0.00013,74.125.130.0-255,1484,17101,9,335871
15378,0.000132,172.31.36.0-255,66,17167,9,335871
15379,0.000151,74.125.130.0-255,1484,18651,9,335871
15380,0.000153,172.31.36.0-255,66,18717,9,335871
15381,0.000159,74.125.130.0-255,5738,24455,9,335871
15382,0.000161,172.31.36.0-255,66,24521,9,335871
15383,0.000169,74.125.130.0-255,2902,27423,9,335871
15384,0.000171,172.31.36.0-255,66,27489,9,335871
15385,0.000174,74.125.130.0-255,1484,28973,9,335871
15386,0.000175,172.31.36.0-255,66,29039,9,335871
15387,0.000196,74.125.130.0-255,2543,31582,9,335871
15388,0.000198,172.31.36.0-255,66,31648,9,335871
15389,0.000326,74.125.130.0-255,1484,33132,9,335871
15390,0.00033,172.31.36.0-255,66,33198,9,335871
15391,0.000335,74.125.130.0-255,2902,36100,9,335871
15392,0.000338,172.31.36.0-255,66,36166,9,335871
15393,0.000357,74.125.130.0-255,5738,41904,9,335871
15394,0.000359,172.31.36.0-255,66,41970,9,335871
15395,0.000363,74.125.130.0-255,2902,44872,9,335871
15396,0.000365,172.31.36.0-255,66,44938,9,335871
15397,0.000409,74.125.130.0-255,1484,46422,9,335871
15398,0.000427,74.125.130.0-255,7156,53578,9,335871
15399,0.000443,74.125.130.0-255,2543,56121,9,335871
15400,0.000458,172.31.36.0-255,66,56187,9,335871
15401,0.00047,74.125.130.0-255,7156,63343,9,335871
15402,0.000474,172.31.36.0-255,66,63409,9,335871
15403,0.000491,74.125.130.0-255,2795,66204,9,335871
15404,0.000493,74.125.130.0-255,119,66323,9,335871
15405,0.000508,74.125.130.0-255,382,66705,9,335871
15406,0.00053,172.31.36.0-255,66,66771,9,335871
15407,0.000786,74.125.130.0-255,1484,68255,9,335871
15408,0.000789,74.125.130.0-255,1484,69739,9,335871
15409,0.000795,172.31.36.0-255,66,69805,9,335871
15410,0.000803,74.125.130.0-255,1484,71289,9,335871
15411,0.000806,74.125.130.0-255,2902,74191,9,335871
15412,0.000827,74.125.130.0-255,2902,77093,9,335871
15413,0.00083,74.125.130.0-255,2902,79995,9,335871
15414,0.000834,74.125.130.0-255,4320,84315,9,335871
15415,0.000852,172.31.36.0-255,66,84381,9,335871
15416,0.000862,74.125.130.0-255,5738,90119,9,335871
15417,0.000877,172.31.36.0-255,66,90185,9,335871
15418,0.000882,74.125.130.0-255,2902,93087,9,335871
15419,0.000886,74.125.130.0-255,4320,97407,9,335871
15420,0.000915,74.125.130.0-255,1484,98891,9,335871
15421,0.00092,172.31.36.0-255,66,98957,9,335871
15422,0.000942,74.125.130.0-255,2184,101141,9,335871
15423,0.000957,172.31.36.0-255,66,101207,9,335871
15424,0.001042,74.125.130.0-255,1484,102691,9,335871
15425,0.001054,74.125.130.0-255,2902,105593,9,335871
15426,0.001056,172.31.36.0-255,66,105659,9,335871
15427,0.00108,74.125.130.0-255,2902,108561,9,335871
15428,0.001085,74.125.130.0-255,4320,112881,9,335871
15429,0.001129,172.31.36.0-255,66,112947,9,335871
15430,0.001147,74.125.130.0-255,7156,120103,9,335871
15431,0.001158,172.31.36.0-255,66,120169,9,335871
15432,0.001169,74.125.130.0-255,4320,124489,9,335871
15433,0.001184,74.125.130.0-255,2184,126673,9,335871
15434,0.001195,172.31.36.0-255,66,126739,9,335871
15435,0.001223,74.125.130.0-255,1484,128223,9,335871
15436,0.001234,74.125.130.0-255,2902,131125,9,335871
15437,0.001241,172.31.36.0-255,66,131191,9,335871
15438,0.001251,74.125.130.0-255,2902,134093,9,335871
15439,0.001266,74.125.130.0-255,2902,136995,9,335871
15440,0.001272,74.125.130.0-255,5738,142733,9,335871
15441,0.001288,172.31.36.0-255,66,142799,9,335871
15442,0.001295,74.125.130.0-255,2902,145701,9,335871
15443,0.001299,172.31.36.0-255,66,145767,9,335871
15444,0.001318,74.125.130.0-255,4320,150087,9,335871
15445,0.001321,74.125.130.0-255,1484,151571,9,335871
15446,0.001331,172.31.36.0-255,66,151637,9,335871
15447,0.001384,172.31.36.0-255,66,151703,9,335871
15448,0.001418,74.125.130.0-255,1484,153187,9,335871
15449,0.00143,74.125.130.0-255,2902,156089,9,335871
15450,0.001448,172.31.36.0-255,66,156155,9,335871
15451,0.001457,74.125.130.0-255,2902,159057,9,335871
15452,0.001466,172.31.36.0-255,66,159123,9,335871
15453,0.001484,74.125.130.0-255,2902,162025,9,335871
15454,0.001489,74.125.130.0-255,4320,166345,9,335871
15455,0.001495,74.125.130.0-255,5738,172083,9,335871
15456,0.001508,172.31.36.0-255,66,172149,9,335871
15457,0.001517,74.125.130.0-255,1484,173633,9,335871
15458,0.001553,172.31.36.0-255,66,173699,9,335871
15459,0.001578,74.125.130.0-255,2184,175883,9,335871
15460,0.001586,172.31.36.0-255,66,175949,9,335871
15461,0.001634,74.125.130.0-255,1484,177433,9,335871
15462,0.001647,74.125.130.0-255,2902,180335,9,335871
15463,0.001658,74.125.130.0-255,1484,181819,9,335871
15464,0.001671,74.125.130.0-255,4320,186139,9,335871
15465,0.001678,172.31.36.0-255,66,186205,9,335871
15466,0.001695,74.125.130.0-255,2902,189107,9,335871
15467,0.001701,74.125.130.0-255,4320,193427,9,335871
15468,0.00171,172.31.36.0-255,66,193493,9,335871
15469,0.00172,74.125.130.0-255,5738,199231,9,335871
15470,0.001724,172.31.36.0-255,66,199297,9,335871
15471,0.001762,172.31.36.0-255,66,199363,9,335871
15472,0.001789,74.125.130.0-255,2184,201547,9,335871
15473,0.001805,172.31.36.0-255,66,201613,9,335871
15474,0.001831,74.125.130.0-255,1484,203097,9,335871
15475,0.001849,74.125.130.0-255,2902,205999,9,335871
15476,0.001858,172.31.36.0-255,66,206065,9,335871
15477,0.001876,74.125.130.0-255,5738,211803,9,335871
15478,0.001887,74.125.130.0-255,4320,216123,9,335871
15479,0.00189,74.125.130.0-255,1484,217607,9,335871
15480,0.001904,74.125.130.0-255,4320,221927,9,335871
15481,0.001931,74.125.130.0-255,4320,226247,9,335871
15482,0.001937,172.31.36.0-255,66,226313,9,335871
15483,0.001967,74.125.130.0-255,7156,233469,9,335871
15484,0.001973,74.125.130.0-255,2184,235653,9,335871
15485,0.001992,172.31.36.0-255,66,235719,9,335871
15486,0.004047,74.125.130.0-255,5738,241457,9,335871
15487,0.004055,172.31.36.0-255,66,241523,9,335871
15488,0.006135,74.125.130.0-255,5738,247261,9,335871
15489,0.013551,74.125.130.0-255,1484,248745,9,335871
15490,0.014978,172.31.36.0-255,66,248811,9,335871
15491,0.017041,74.125.130.0-255,5738,254549,9,335871
15492,0.017048,172.31.36.0-255,66,254615,9,335871
15493,0.019138,74.125.130.0-255,5738,260353,9,335871
15494,0.019144,172.31.36.0-255,66,260419,9,335871
15495,0.021203,74.125.130.0-255,5738,266157,9,335871
15496,0.02121,172.31.36.0-255,66,266223,9,335871
15497,0.023275,74.125.130.0-255,5738,271961,9,335871
15498,0.02502,172.31.36.0-255,66,272027,9,335871
15499,0.02709,74.125.130.0-255,5738,277765,9,335871
15500,0.027099,172.31.36.0-255,66,277831,9,335871
15501,0.029166,74.125.130.0-255,5738,283569,9,335871
15502,0.030918,172.31.36.0-255,66,283635,9,335871
15503,0.032984,74.125.130.0-255,5738,289373,9,335871
15504,0.032993,172.31.36.0-255,66,289439,9,335871
15505,0.035053,74.125.130.0-255,5738,295177,9,335871
15506,0.03506,172.31.36.0-255,66,295243,9,335871
15507,0.037127,74.125.130.0-255,5738,300981,9,335871
15508,0.037133,172.31.36.0-255,66,301047,9,335871
15509,0.039201,74.125.130.0-255,5738,306785,9,335871
15510,0.039208,172.31.36.0-255,66,306851,9,335871
15511,0.041269,74.125.130.0-255,5738,312589,9,335871
15512,0.041277,172.31.36.0-255,66,312655,9,335871
15513,0.04334,74.125.130.0-255,5738,318393,9,335871
15514,0.043348,172.31.36.0-255,66,318459,9,335871
15515,0.045408,74.125.130.0-255,5738,324197,9,335871
15516,0.045417,172.31.36.0-255,66,324263,9,335871
15517,0.047497,74.125.130.0-255,5738,330001,9,335871
15518,0.047503,172.31.36.0-255,66,330067,9,335871
15519,0.049571,74.125.130.0-255,5738,335805,9,335871
15520,0.049579,172.31.36.0-255,66,335871,9,335871
15521,0.0,74.125.68.0-255,153,153,9,319909
15522,1.4e-05,172.31.36.0-255,66,219,9,319909
15523,2.1e-05,74.125.68.0-255,1484,1703,9,319909
15524,2.6e-05,172.31.36.0-255,66,1769,9,319909
15525,2.9e-05,74.125.68.0-255,1484,3253,9,319909
15526,3.2e-05,172.31.36.0-255,66,3319,9,319909
15527,3.6e-05,74.125.68.0-255,1484,4803,9,319909
15528,3.9e-05,172.31.36.0-255,66,4869,9,319909
15529,6.6e-05,74.125.68.0-255,2902,7771,9,319909
15530,6.9e-05,172.31.36.0-255,66,7837,9,319909
15531,8.7e-05,74.125.68.0-255,1484,9321,9,319909
15532,9e-05,172.31.36.0-255,66,9387,9,319909
15533,0.000121,172.31.36.0-255,66,9453,9,319909
15534,0.000127,74.125.68.0-255,4320,13773,9,319909
15535,0.000129,172.31.36.0-255,66,13839,9,319909
15536,0.000157,74.125.68.0-255,7156,20995,9,319909
15537,0.000159,172.31.36.0-255,66,21061,9,319909
15538,0.000163,74.125.68.0-255,1125,22186,9,319909
15539,0.000165,172.31.36.0-255,66,22252,9,319909
15540,0.000411,74.125.68.0-255,1484,23736,9,319909
15541,0.000416,172.31.36.0-255,66,23802,9,319909
15542,0.000423,74.125.68.0-255,2902,26704,9,319909
15543,0.000425,172.31.36.0-255,66,26770,9,319909
15544,0.000429,74.125.68.0-255,1484,28254,9,319909
15545,0.000432,172.31.36.0-255,66,28320,9,319909
15546,0.000452,74.125.68.0-255,2902,31222,9,319909
15547,0.000455,172.31.36.0-255,66,31288,9,319909
15548,0.000463,74.125.68.0-255,5738,37026,9,319909
15549,0.000465,172.31.36.0-255,66,37092,9,319909
15550,0.000514,172.31.36.0-255,66,37158,9,319909
15551,0.000529,74.125.68.0-255,2543,39701,9,319909
15552,0.000532,172.31.36.0-255,66,39767,9,319909
15553,0.000548,74.125.68.0-255,2902,42669,9,319909
15554,0.000551,172.31.36.0-255,66,42735,9,319909
15555,0.000577,74.125.68.0-255,5690,48425,9,319909
15556,0.000581,172.31.36.0-255,66,48491,9,319909
15557,0.000618,74.125.68.0-255,111,48602,9,319909
15558,0.00074,74.125.68.0-255,1484,50086,9,319909
15559,0.000745,172.31.36.0-255,66,50152,9,319909
15560,0.000759,74.125.68.0-255,2902,53054,9,319909
15561,0.000762,172.31.36.0-255,66,53120,9,319909
15562,0.000765,74.125.68.0-255,1484,54604,9,319909
15563,0.000789,74.125.68.0-255,4320,58924,9,319909
15564,0.000792,172.31.36.0-255,66,58990,9,319909
15565,0.000799,74.125.68.0-255,6797,65787,9,319909
15566,0.000802,172.31.36.0-255,66,65853,9,319909
15567,0.000825,74.125.68.0-255,4320,70173,9,319909
15568,0.000828,172.31.36.0-255,66,70239,9,319909
15569,0.000846,74.125.68.0-255,2902,73141,9,319909
15570,0.000849,172.31.36.0-255,66,73207,9,319909
15571,0.00086,172.31.36.0-255,66,73273,9,319909
15572,0.000898,74.125.68.0-255,1125,74398,9,319909
15573,0.000961,74.125.68.0-255,1484,75882,9,319909
15574,0.000965,172.31.36.0-255,66,75948,9,319909
15575,0.000969,74.125.68.0-255,1484,77432,9,319909
15576,0.000998,74.125.68.0-255,2902,80334,9,319909
15577,0.001001,172.31.36.0-255,66,80400,9,319909
15578,0.001004,74.125.68.0-255,1484,81884,9,319909
15579,0.001023,74.125.68.0-255,4320,86204,9,319909
15580,0.001026,172.31.36.0-255,66,86270,9,319909
15581,0.00103,74.125.68.0-255,2902,89172,9,319909
15582,0.001032,172.31.36.0-255,66,89238,9,319909
15583,0.001052,74.125.68.0-255,5738,94976,9,319909
15584,0.001054,172.31.36.0-255,66,95042,9,319909
15585,0.00106,74.125.68.0-255,5738,100780,9,319909
15586,0.001063,172.31.36.0-255,66,100846,9,319909
15587,0.001082,74.125.68.0-255,4320,105166,9,319909
15588,0.001084,172.31.36.0-255,66,105232,9,319909
15589,0.001098,74.125.68.0-255,1484,106716,9,319909
15590,0.001112,74.125.68.0-255,2184,108900,9,319909
15591,0.001115,172.31.36.0-255,66,108966,9,319909
15592,0.001734,74.125.68.0-255,1484,110450,9,319909
15593,0.001752,74.125.68.0-255,2902,113352,9,319909
15594,0.001756,172.31.36.0-255,66,113418,9,319909
15595,0.001771,74.125.68.0-255,1484,114902,9,319909
15596,0.001796,74.125.68.0-255,4320,119222,9,319909
15597,0.001802,74.125.68.0-255,5738,124960,9,319909
15598,0.001806,74.125.68.0-255,4320,129280,9,319909
15599,0.00181,172.31.36.0-255,66,129346,9,319909
15600,0.001819,172.31.36.0-255,66,129412,9,319909
15601,0.001821,172.31.36.0-255,66,129478,9,319909
15602,0.001827,74.125.68.0-255,2902,132380,9,319909
15603,0.001829,172.31.36.0-255,66,132446,9,319909
15604,0.001832,74.125.68.0-255,1484,133930,9,319909
15605,0.001868,172.31.36.0-255,66,133996,9,319909
15606,0.00273,74.125.68.0-255,1484,135480,9,319909
15607,0.00274,74.125.68.0-255,2902,138382,9,319909
15608,0.002745,172.31.36.0-255,66,138448,9,319909
15609,0.002753,74.125.68.0-255,5738,144186,9,319909
15610,0.002756,172.31.36.0-255,66,144252,9,319909
15611,0.002774,74.125.68.0-255,5738,149990,9,319909
15612,0.002776,172.31.36.0-255,66,150056,9,319909
15613,0.002795,74.125.68.0-255,1484,151540,9,319909
15614,0.002799,74.125.68.0-255,1484,153024,9,319909
15615,0.002801,172.31.36.0-255,66,153090,9,319909
15616,0.00283,172.31.36.0-255,66,153156,9,319909
15617,0.002865,74.125.68.0-255,1484,154640,9,319909
15618,0.0029,172.31.36.0-255,66,154706,9,319909
15619,0.002915,172.31.36.0-255,66,154772,9,319909
15620,0.002921,74.125.68.0-255,5738,160510,9,319909
15621,0.002924,172.31.36.0-255,66,160576,9,319909
15622,0.002971,74.125.68.0-255,3602,164178,9,319909
15623,0.002973,172.31.36.0-255,66,164244,9,319909
15624,0.003052,74.125.68.0-255,1484,165728,9,319909
15625,0.003057,74.125.68.0-255,2902,168630,9,319909
15626,0.003059,172.31.36.0-255,66,168696,9,319909
15627,0.003062,74.125.68.0-255,1484,170180,9,319909
15628,0.003089,74.125.68.0-255,2902,173082,9,319909
15629,0.003092,172.31.36.0-255,66,173148,9,319909
15630,0.00312,74.125.68.0-255,5738,178886,9,319909
15631,0.003123,172.31.36.0-255,66,178952,9,319909
15632,0.003127,74.125.68.0-255,2902,181854,9,319909
15633,0.00313,172.31.36.0-255,66,181920,9,319909
15634,0.003135,74.125.68.0-255,4320,186240,9,319909
15635,0.003138,172.31.36.0-255,66,186306,9,319909
15636,0.003149,172.31.36.0-255,66,186372,9,319909
15637,0.003171,74.125.68.0-255,3602,189974,9,319909
15638,0.003173,172.31.36.0-255,66,190040,9,319909
15639,0.003177,74.125.68.0-255,1484,191524,9,319909
15640,0.003204,74.125.68.0-255,2902,194426,9,319909
15641,0.003207,172.31.36.0-255,66,194492,9,319909
15642,0.00323,74.125.68.0-255,4320,198812,9,319909
15643,0.003232,172.31.36.0-255,66,198878,9,319909
15644,0.003239,74.125.68.0-255,4320,203198,9,319909
15645,0.003241,172.31.36.0-255,66,203264,9,319909
15646,0.003302,172.31.36.0-255,66,203330,9,319909
15647,0.003305,74.125.68.0-255,1484,204814,9,319909
15648,0.00331,74.125.68.0-255,4320,209134,9,319909
15649,0.003312,172.31.36.0-255,66,209200,9,319909
15650,0.003334,74.125.68.0-255,5020,214220,9,319909
15651,0.003336,172.31.36.0-255,66,214286,9,319909
15652,0.00334,74.125.68.0-255,2902,217188,9,319909
15653,0.003342,172.31.36.0-255,66,217254,9,319909
15654,0.003348,74.125.68.0-255,4320,221574,9,319909
15655,0.003351,172.31.36.0-255,66,221640,9,319909
15656,0.003354,74.125.68.0-255,1484,223124,9,319909
15657,0.003378,74.125.68.0-255,4320,227444,9,319909
15658,0.003381,172.31.36.0-255,66,227510,9,319909
15659,0.003393,172.31.36.0-255,66,227576,9,319909
15660,0.003406,74.125.68.0-255,1484,229060,9,319909
15661,0.003409,74.125.68.0-255,1484,230544,9,319909
15662,0.003411,172.31.36.0-255,66,230610,9,319909
15663,0.003458,74.125.68.0-255,1484,232094,9,319909
15664,0.003486,74.125.68.0-255,6438,238532,9,319909
15665,0.003491,74.125.68.0-255,2902,241434,9,319909
15666,0.00351,74.125.68.0-255,5738,247172,9,319909
15667,0.003515,74.125.68.0-255,4320,251492,9,319909
15668,0.003521,74.125.68.0-255,5738,257230,9,319909
15669,0.00354,74.125.68.0-255,4320,261550,9,319909
15670,0.003556,74.125.68.0-255,7156,268706,9,319909
15671,0.003572,74.125.68.0-255,3602,272308,9,319909
15672,0.003639,74.125.68.0-255,1484,273792,9,319909
15673,0.003655,74.125.68.0-255,2902,276694,9,319909
15674,0.003681,74.125.68.0-255,5738,282432,9,319909
15675,0.003704,74.125.68.0-255,7156,289588,9,319909
15676,0.003726,74.125.68.0-255,4320,293908,9,319909
15677,0.003736,74.125.68.0-255,1484,295392,9,319909
15678,0.003751,74.125.68.0-255,1484,296876,9,319909
15679,0.003767,74.125.68.0-255,7156,304032,9,319909
15680,0.003771,74.125.68.0-255,2184,306216,9,319909
15681,0.003799,74.125.68.0-255,4320,310536,9,319909
15682,0.00384,74.125.68.0-255,105,310641,9,319909
15683,0.005472,172.31.36.0-255,66,310707,9,319909
15684,0.010025,172.31.36.0-255,105,310812,9,319909
15685,0.012234,74.125.68.0-255,66,310878,9,319909
15686,0.040575,172.31.36.0-255,176,311054,9,319909
15687,0.040614,172.31.36.0-255,1115,312169,9,319909
15688,0.04069,172.31.36.0-255,1514,313683,9,319909
15689,0.040693,172.31.36.0-255,1514,315197,9,319909
15690,0.040694,172.31.36.0-255,1514,316711,9,319909
15691,0.040695,172.31.36.0-255,1514,318225,9,319909
15692,0.040723,172.31.36.0-255,1486,319711,9,319909
15693,0.042175,104.244.42.0-255,66,319777,9,319909
15694,0.042189,104.244.42.0-255,66,319843,9,319909
15695,0.042274,104.244.42.0-255,66,319909,9,319909
15696,0.0,74.125.24.0-255,152,152,9,236468
15697,3.1e-05,172.31.36.0-255,66,218,9,236468
15698,3.8e-05,74.125.24.0-255,1484,1702,9,236468
15699,4.2e-05,172.31.36.0-255,66,1768,9,236468
15700,4.5e-05,74.125.24.0-255,2902,4670,9,236468
15701,4.7e-05,172.31.36.0-255,66,4736,9,236468
15702,6e-05,74.125.24.0-255,4320,9056,9,236468
15703,6.3e-05,172.31.36.0-255,66,9122,9,236468
15704,7.2e-05,172.31.36.0-255,66,9188,9,236468
15705,7.5e-05,74.125.24.0-255,1484,10672,9,236468
15706,7.6e-05,172.31.36.0-255,66,10738,9,236468
15707,0.000111,74.125.24.0-255,7156,17894,9,236468
15708,0.000113,172.31.36.0-255,66,17960,9,236468
15709,0.000144,74.125.24.0-255,1484,19444,9,236468
15710,0.000147,172.31.36.0-255,66,19510,9,236468
15711,0.000172,74.125.24.0-255,2543,22053,9,236468
15712,0.000175,172.31.36.0-255,66,22119,9,236468
15713,0.000179,74.125.24.0-255,4320,26439,9,236468
15714,0.000182,172.31.36.0-255,66,26505,9,236468
15715,0.000186,74.125.24.0-255,4320,30825,9,236468
15716,0.000188,172.31.36.0-255,66,30891,9,236468
15717,0.000209,74.125.24.0-255,1484,32375,9,236468
15718,0.000211,172.31.36.0-255,66,32441,9,236468
15719,0.00024,172.31.36.0-255,66,32507,9,236468
15720,0.000264,74.125.24.0-255,2543,35050,9,236468
15721,0.000267,172.31.36.0-255,66,35116,9,236468
15722,0.000271,74.125.24.0-255,4320,39436,9,236468
15723,0.000273,172.31.36.0-255,66,39502,9,236468
15724,0.000289,74.125.24.0-255,4320,43822,9,236468
15725,0.000292,172.31.36.0-255,66,43888,9,236468
15726,0.000311,74.125.24.0-255,2543,46431,9,236468
15727,0.000313,172.31.36.0-255,66,46497,9,236468
15728,0.000419,74.125.24.0-255,411,46908,9,236468
15729,0.000632,74.125.24.0-255,1484,48392,9,236468
15730,0.000636,172.31.36.0-255,66,48458,9,236468
15731,0.00064,74.125.24.0-255,2902,51360,9,236468
15732,0.000642,172.31.36.0-255,66,51426,9,236468
15733,0.000661,74.125.24.0-255,5738,57164,9,236468
15734,0.000664,172.31.36.0-255,66,57230,9,236468
15735,0.000666,74.125.24.0-255,1484,58714,9,236468
15736,0.000698,172.31.36.0-255,66,58780,9,236468
15737,0.000704,74.125.24.0-255,4320,63100,9,236468
15738,0.000706,172.31.36.0-255,66,63166,9,236468
15739,0.000724,74.125.24.0-255,1484,64650,9,236468
15740,0.00076,74.125.24.0-255,1484,66134,9,236468
15741,0.000762,172.31.36.0-255,66,66200,9,236468
15742,0.000779,74.125.24.0-255,2543,68743,9,236468
15743,0.000781,172.31.36.0-255,66,68809,9,236468
15744,0.001194,74.125.24.0-255,1484,70293,9,236468
15745,0.001204,74.125.24.0-255,2902,73195,9,236468
15746,0.001208,172.31.36.0-255,66,73261,9,236468
15747,0.001216,74.125.24.0-255,5738,78999,9,236468
15748,0.001244,172.31.36.0-255,66,79065,9,236468
15749,0.001259,172.31.36.0-255,66,79131,9,236468
15750,0.001324,172.31.36.0-255,66,79197,9,236468
15751,0.001328,74.125.24.0-255,2184,81381,9,236468
15752,0.00133,172.31.36.0-255,66,81447,9,236468
15753,0.001826,74.125.24.0-255,1484,82931,9,236468
15754,0.001836,74.125.24.0-255,2902,85833,9,236468
15755,0.001841,172.31.36.0-255,66,85899,9,236468
15756,0.001847,74.125.24.0-255,5738,91637,9,236468
15757,0.001849,172.31.36.0-255,66,91703,9,236468
15758,0.001883,172.31.36.0-255,66,91769,9,236468
15759,0.001894,172.31.36.0-255,66,91835,9,236468
15760,0.001925,74.125.24.0-255,5020,96855,9,236468
15761,0.001928,172.31.36.0-255,66,96921,9,236468
15762,0.003895,74.125.24.0-255,5738,102659,9,236468
15763,0.0039,172.31.36.0-255,66,102725,9,236468
15764,0.005862,74.125.24.0-255,2902,105627,9,236468
15765,0.005867,172.31.36.0-255,66,105693,9,236468
15766,0.005893,74.125.24.0-255,2902,108595,9,236468
15767,0.005896,172.31.36.0-255,66,108661,9,236468
15768,0.007858,74.125.24.0-255,5738,114399,9,236468
15769,0.007865,172.31.36.0-255,66,114465,9,236468
15770,0.009837,74.125.24.0-255,5738,120203,9,236468
15771,0.009845,172.31.36.0-255,66,120269,9,236468
15772,0.011841,74.125.24.0-255,5738,126007,9,236468
15773,0.011848,172.31.36.0-255,66,126073,9,236468
15774,0.01383,74.125.24.0-255,5738,131811,9,236468
15775,0.013838,172.31.36.0-255,66,131877,9,236468
15776,0.015827,74.125.24.0-255,5738,137615,9,236468
15777,0.015834,172.31.36.0-255,66,137681,9,236468
15778,0.017841,74.125.24.0-255,5738,143419,9,236468
15779,0.017849,172.31.36.0-255,66,143485,9,236468
15780,0.019814,74.125.24.0-255,5738,149223,9,236468
15781,0.01982,172.31.36.0-255,66,149289,9,236468
15782,0.02179,74.125.24.0-255,5738,155027,9,236468
15783,0.021795,172.31.36.0-255,66,155093,9,236468
15784,0.023763,74.125.24.0-255,5738,160831,9,236468
15785,0.02377,172.31.36.0-255,66,160897,9,236468
15786,0.025735,74.125.24.0-255,5738,166635,9,236468
15787,0.025741,172.31.36.0-255,66,166701,9,236468
15788,0.027724,74.125.24.0-255,5738,172439,9,236468
15789,0.027731,172.31.36.0-255,66,172505,9,236468
15790,0.029679,74.125.24.0-255,4320,176825,9,236468
15791,0.029686,172.31.36.0-255,66,176891,9,236468
15792,0.029716,74.125.24.0-255,1484,178375,9,236468
15793,0.030757,172.31.36.0-255,168,178543,9,236468
15794,0.030788,172.31.36.0-255,1070,179613,9,236468
15795,0.031657,74.125.24.0-255,4320,183933,9,236468
15796,0.031664,172.31.36.0-255,66,183999,9,236468
15797,0.032334,104.244.42.0-255,66,184065,9,236468
15798,0.032342,104.244.42.0-255,66,184131,9,236468
15799,0.033684,74.125.24.0-255,5738,189869,9,236468
15800,0.033689,172.31.36.0-255,66,189935,9,236468
15801,0.035647,74.125.24.0-255,5738,195673,9,236468
15802,0.035653,172.31.36.0-255,66,195739,9,236468
15803,0.037608,74.125.24.0-255,5738,201477,9,236468
15804,0.037614,172.31.36.0-255,66,201543,9,236468
15805,0.039565,74.125.24.0-255,5738,207281,9,236468
15806,0.03957,172.31.36.0-255,66,207347,9,236468
15807,0.041513,74.125.24.0-255,5738,213085,9,236468
15808,0.041519,172.31.36.0-255,66,213151,9,236468
15809,0.043491,74.125.24.0-255,5738,218889,9,236468
15810,0.043497,172.31.36.0-255,66,218955,9,236468
15811,0.045458,74.125.24.0-255,5738,224693,9,236468
15812,0.045463,172.31.36.0-255,66,224759,9,236468
15813,0.047464,74.125.24.0-255,5738,230497,9,236468
15814,0.047469,172.31.36.0-255,66,230563,9,236468
15815,0.049429,74.125.24.0-255,5738,236301,9,236468
15816,0.049435,172.31.36.0-255,66,236367,9,236468
15817,0.049568,172.31.36.0-255,101,236468,9,236468
15818,0.0,172.31.36.0-255,188,188,9,11811
15819,5.1e-05,172.31.36.0-255,982,1170,9,11811
15820,0.000145,172.31.36.0-255,1514,2684,9,11811
15821,0.000147,172.31.36.0-255,1514,4198,9,11811
15822,0.000152,172.31.36.0-255,1514,5712,9,11811
15823,0.000154,172.31.36.0-255,1514,7226,9,11811
15824,0.000174,172.31.36.0-255,1514,8740,9,11811
15825,0.000175,172.31.36.0-255,1514,10254,9,11811
15826,0.000197,172.31.36.0-255,1293,11547,9,11811
15827,0.001546,104.244.42.0-255,66,11613,9,11811
15828,0.001609,104.244.42.0-255,66,11679,9,11811
15829,0.001726,104.244.42.0-255,66,11745,9,11811
15830,0.001732,104.244.42.0-255,66,11811,9,11811
15831,0.0,172.217.194.0-255,153,153,9,222853
15832,2.8e-05,172.31.36.0-255,66,219,9,222853
15833,3.5e-05,172.217.194.0-255,1484,1703,9,222853
15834,3.9e-05,172.31.36.0-255,66,1769,9,222853
15835,4.3e-05,172.217.194.0-255,2902,4671,9,222853
15836,4.6e-05,172.31.36.0-255,66,4737,9,222853
15837,5.3e-05,172.217.194.0-255,7156,11893,9,222853
15838,5.6e-05,172.31.36.0-255,66,11959,9,222853
15839,5.9e-05,172.217.194.0-255,1484,13443,9,222853
15840,6.1e-05,172.31.36.0-255,66,13509,9,222853
15841,9.7e-05,172.217.194.0-255,4903,18412,9,222853
15842,0.000101,172.31.36.0-255,66,18478,9,222853
15843,0.000108,172.217.194.0-255,7156,25634,9,222853
15844,0.00011,172.31.36.0-255,66,25700,9,222853
15845,0.000125,172.31.36.0-255,66,25766,9,222853
15846,0.000132,172.217.194.0-255,6438,32204,9,222853
15847,0.000134,172.31.36.0-255,66,32270,9,222853
15848,0.000297,172.217.194.0-255,1484,33754,9,222853
15849,0.000302,172.31.36.0-255,66,33820,9,222853
15850,0.000306,172.217.194.0-255,1484,35304,9,222853
15851,0.000308,172.31.36.0-255,66,35370,9,222853
15852,0.000321,172.217.194.0-255,1484,36854,9,222853
15853,0.000325,172.31.36.0-255,66,36920,9,222853
15854,0.000332,172.217.194.0-255,5738,42658,9,222853
15855,0.000335,172.31.36.0-255,66,42724,9,222853
15856,0.000382,172.217.194.0-255,7101,49825,9,222853
15857,0.000386,172.31.36.0-255,66,49891,9,222853
15858,0.000393,172.217.194.0-255,7156,57047,9,222853
15859,0.000395,172.31.36.0-255,66,57113,9,222853
15860,0.000413,172.217.194.0-255,1484,58597,9,222853
15861,0.000417,172.31.36.0-255,66,58663,9,222853
15862,0.000469,172.31.36.0-255,66,58729,9,222853
15863,0.000473,172.217.194.0-255,4320,63049,9,222853
15864,0.000475,172.31.36.0-255,66,63115,9,222853
15865,0.000486,172.217.194.0-255,1484,64599,9,222853
15866,0.00049,172.31.36.0-255,66,64665,9,222853
15867,0.000506,172.217.194.0-255,7156,71821,9,222853
15868,0.00051,172.217.194.0-255,2902,74723,9,222853
15869,0.00052,172.31.36.0-255,66,74789,9,222853
15870,0.000532,172.217.194.0-255,7156,81945,9,222853
15871,0.000537,172.31.36.0-255,66,82011,9,222853
15872,0.000547,172.217.194.0-255,4320,86331,9,222853
15873,0.000554,172.217.194.0-255,6438,92769,9,222853
15874,0.00056,172.31.36.0-255,66,92835,9,222853
15875,0.000616,172.217.194.0-255,1484,94319,9,222853
15876,0.000633,172.217.194.0-255,2902,97221,9,222853
15877,0.000638,172.217.194.0-255,4320,101541,9,222853
15878,0.00065,172.31.36.0-255,66,101607,9,222853
15879,0.000651,172.217.194.0-255,1484,103091,9,222853
15880,0.000673,172.217.194.0-255,5738,108829,9,222853
15881,0.000684,172.31.36.0-255,66,108895,9,222853
15882,0.00069,172.217.194.0-255,7156,116051,9,222853
15883,0.000697,172.217.194.0-255,7156,123207,9,222853
15884,0.0007,172.31.36.0-255,66,123273,9,222853
15885,0.000739,172.217.194.0-255,3602,126875,9,222853
15886,0.000753,172.31.36.0-255,66,126941,9,222853
15887,0.000893,172.217.194.0-255,1484,128425,9,222853
15888,0.000914,172.217.194.0-255,2902,131327,9,222853
15889,0.00092,172.31.36.0-255,66,131393,9,222853
15890,0.000925,172.217.194.0-255,2902,134295,9,222853
15891,0.000934,172.31.36.0-255,66,134361,9,222853
15892,0.00095,172.217.194.0-255,2902,137263,9,222853
15893,0.000956,172.217.194.0-255,5738,143001,9,222853
15894,0.000959,172.217.194.0-255,1484,144485,9,222853
15895,0.00096,172.31.36.0-255,66,144551,9,222853
15896,0.000985,172.31.36.0-255,66,144617,9,222853
15897,0.001005,172.217.194.0-255,1484,146101,9,222853
15898,0.001012,172.217.194.0-255,5020,151121,9,222853
15899,0.001024,172.31.36.0-255,66,151187,9,222853
15900,0.001066,172.217.194.0-255,1484,152671,9,222853
15901,0.001081,172.217.194.0-255,2902,155573,9,222853
15902,0.001085,172.31.36.0-255,66,155639,9,222853
15903,0.001091,172.217.194.0-255,4320,159959,9,222853
15904,0.001101,172.31.36.0-255,66,160025,9,222853
15905,0.001103,172.217.194.0-255,1484,161509,9,222853
15906,0.001119,172.217.194.0-255,5738,167247,9,222853
15907,0.001126,172.31.36.0-255,66,167313,9,222853
15908,0.001135,172.217.194.0-255,5738,173051,9,222853
15909,0.001143,172.31.36.0-255,66,173117,9,222853
15910,0.001147,172.217.194.0-255,1484,174601,9,222853
15911,0.001152,172.217.194.0-255,4320,178921,9,222853
15912,0.001157,172.31.36.0-255,66,178987,9,222853
15913,0.001213,172.31.36.0-255,66,179053,9,222853
15914,0.00122,172.217.194.0-255,2184,181237,9,222853
15915,0.001239,172.31.36.0-255,66,181303,9,222853
15916,0.001248,172.217.194.0-255,5020,186323,9,222853
15917,0.001254,172.31.36.0-255,66,186389,9,222853
15918,0.001268,172.31.36.0-255,66,186455,9,222853
15919,0.001297,172.217.194.0-255,6438,192893,9,222853
15920,0.001297,172.31.36.0-255,66,192959,9,222853
15921,0.001301,172.31.36.0-255,66,193025,9,222853
15922,0.001315,172.217.194.0-255,4320,197345,9,222853
15923,0.001333,172.31.36.0-255,66,197411,9,222853
15924,0.001361,172.31.36.0-255,66,197477,9,222853
15925,0.001382,172.31.36.0-255,66,197543,9,222853
15926,0.00141,172.217.194.0-255,6438,203981,9,222853
15927,0.00142,172.31.36.0-255,66,204047,9,222853
15928,0.001433,172.217.194.0-255,5738,209785,9,222853
15929,0.001435,172.31.36.0-255,66,209851,9,222853
15930,0.001439,172.31.36.0-255,66,209917,9,222853
15931,0.00146,172.217.194.0-255,2902,212819,9,222853
15932,0.001465,172.31.36.0-255,66,212885,9,222853
15933,0.001466,172.217.194.0-255,4320,217205,9,222853
15934,0.001469,172.31.36.0-255,66,217271,9,222853
15935,0.00153,172.31.36.0-255,66,217337,9,222853
15936,0.001546,172.31.36.0-255,66,217403,9,222853
15937,0.001566,172.217.194.0-255,3602,221005,9,222853
15938,0.001576,172.31.36.0-255,66,221071,9,222853
15939,0.00158,172.31.36.0-255,66,221137,9,222853
15940,0.001602,172.217.194.0-255,105,221242,9,222853
15941,0.007703,172.31.36.0-255,66,221308,9,222853
15942,0.00773,172.31.36.0-255,105,221413,9,222853
15943,0.009968,172.217.194.0-255,66,221479,9,222853
15944,0.047177,172.31.36.0-255,172,221651,9,222853
15945,0.047205,172.31.36.0-255,1070,222721,9,222853
15946,0.048712,104.244.42.0-255,66,222787,9,222853
15947,0.048747,104.244.42.0-255,66,222853,9,222853
15948,0.0,172.217.194.0-255,298,298,9,185472
15949,3.1e-05,172.31.36.0-255,66,364,9,185472
15950,3.8e-05,172.217.194.0-255,1484,1848,9,185472
15951,4.1e-05,172.31.36.0-255,66,1914,9,185472
15952,4.7e-05,172.217.194.0-255,2902,4816,9,185472
15953,5e-05,172.31.36.0-255,66,4882,9,185472
15954,5.5e-05,172.217.194.0-255,4320,9202,9,185472
15955,5.8e-05,172.31.36.0-255,66,9268,9,185472
15956,7.2e-05,172.217.194.0-255,1484,10752,9,185472
15957,7.4e-05,172.31.36.0-255,66,10818,9,185472
15958,7.9e-05,172.217.194.0-255,3237,14055,9,185472
15959,8.1e-05,172.31.36.0-255,66,14121,9,185472
15960,8.6e-05,172.217.194.0-255,4320,18441,9,185472
15961,9e-05,172.31.36.0-255,66,18507,9,185472
15962,0.000118,172.31.36.0-255,66,18573,9,185472
15963,0.000122,172.217.194.0-255,2543,21116,9,185472
15964,0.000125,172.31.36.0-255,66,21182,9,185472
15965,0.000217,172.217.194.0-255,1484,22666,9,185472
15966,0.000221,172.31.36.0-255,66,22732,9,185472
15967,0.000226,172.217.194.0-255,2902,25634,9,185472
15968,0.000229,172.31.36.0-255,66,25700,9,185472
15969,0.000245,172.217.194.0-255,5738,31438,9,185472
15970,0.000248,172.31.36.0-255,66,31504,9,185472
15971,0.0003,172.31.36.0-255,66,31570,9,185472
15972,0.000326,172.31.36.0-255,66,31636,9,185472
15973,0.000343,172.217.194.0-255,1484,33120,9,185472
15974,0.000345,172.31.36.0-255,66,33186,9,185472
15975,0.000352,172.217.194.0-255,4250,37436,9,185472
15976,0.000354,172.31.36.0-255,66,37502,9,185472
15977,0.000357,172.217.194.0-255,99,37601,9,185472
15978,0.000421,172.217.194.0-255,1484,39085,9,185472
15979,0.000427,172.31.36.0-255,66,39151,9,185472
15980,0.00043,172.217.194.0-255,1484,40635,9,185472
15981,0.000445,172.217.194.0-255,1484,42119,9,185472
15982,0.000448,172.31.36.0-255,66,42185,9,185472
15983,0.000455,172.217.194.0-255,5738,47923,9,185472
15984,0.000458,172.31.36.0-255,66,47989,9,185472
15985,0.000475,172.217.194.0-255,2902,50891,9,185472
15986,0.000479,172.31.36.0-255,66,50957,9,185472
15987,0.00052,172.31.36.0-255,66,51023,9,185472
15988,0.000533,172.31.36.0-255,66,51089,9,185472
15989,0.00085,172.217.194.0-255,363,51452,9,185472
15990,0.001006,172.217.194.0-255,1484,52936,9,185472
15991,0.00101,172.31.36.0-255,66,53002,9,185472
15992,0.001015,172.217.194.0-255,2902,55904,9,185472
15993,0.001017,172.31.36.0-255,66,55970,9,185472
15994,0.001034,172.217.194.0-255,5738,61708,9,185472
15995,0.001036,172.31.36.0-255,66,61774,9,185472
15996,0.001056,172.217.194.0-255,4320,66094,9,185472
15997,0.001059,172.31.36.0-255,66,66160,9,185472
15998,0.001095,172.31.36.0-255,66,66226,9,185472
15999,0.001106,172.31.36.0-255,66,66292,9,185472
16000,0.003358,172.217.194.0-255,5738,72030,9,185472
16001,0.003365,172.31.36.0-255,66,72096,9,185472
16002,0.00563,172.217.194.0-255,5738,77834,9,185472
16003,0.005637,172.31.36.0-255,66,77900,9,185472
16004,0.007919,172.217.194.0-255,4320,82220,9,185472
16005,0.007925,172.31.36.0-255,66,82286,9,185472
16006,0.007941,172.217.194.0-255,1484,83770,9,185472
16007,0.01041,172.217.194.0-255,4320,88090,9,185472
16008,0.01047,172.31.36.0-255,66,88156,9,185472
16009,0.012757,172.217.194.0-255,5738,93894,9,185472
16010,0.012764,172.31.36.0-255,66,93960,9,185472
16011,0.015028,172.217.194.0-255,5738,99698,9,185472
16012,0.015036,172.31.36.0-255,66,99764,9,185472
16013,0.017365,172.217.194.0-255,5738,105502,9,185472
16014,0.017374,172.31.36.0-255,66,105568,9,185472
16015,0.019675,172.217.194.0-255,5738,111306,9,185472
16016,0.019682,172.31.36.0-255,66,111372,9,185472
16017,0.022026,172.217.194.0-255,4320,115692,9,185472
16018,0.022034,172.31.36.0-255,66,115758,9,185472
16019,0.022061,172.217.194.0-255,1484,117242,9,185472
16020,0.024352,172.217.194.0-255,4320,121562,9,185472
16021,0.024359,172.31.36.0-255,66,121628,9,185472
16022,0.026652,172.217.194.0-255,5738,127366,9,185472
16023,0.026659,172.31.36.0-255,66,127432,9,185472
16024,0.028972,172.217.194.0-255,5738,133170,9,185472
16025,0.028979,172.31.36.0-255,66,133236,9,185472
16026,0.031261,172.217.194.0-255,5738,138974,9,185472
16027,0.031269,172.31.36.0-255,66,139040,9,185472
16028,0.033533,172.217.194.0-255,5738,144778,9,185472
16029,0.033541,172.31.36.0-255,66,144844,9,185472
16030,0.035796,172.217.194.0-255,5738,150582,9,185472
16031,0.035804,172.31.36.0-255,66,150648,9,185472
16032,0.038067,172.217.194.0-255,5738,156386,9,185472
16033,0.038075,172.31.36.0-255,66,156452,9,185472
16034,0.040388,172.217.194.0-255,5738,162190,9,185472
16035,0.040396,172.31.36.0-255,66,162256,9,185472
16036,0.042681,172.217.194.0-255,5738,167994,9,185472
16037,0.042691,172.31.36.0-255,66,168060,9,185472
16038,0.044954,172.217.194.0-255,5738,173798,9,185472
16039,0.044961,172.31.36.0-255,66,173864,9,185472
16040,0.04729,172.217.194.0-255,5738,179602,9,185472
16041,0.047299,172.31.36.0-255,66,179668,9,185472
16042,0.049574,172.217.194.0-255,5738,185406,9,185472
16043,0.049581,172.31.36.0-255,66,185472,9,185472
16044,0.0,172.217.194.0-255,297,297,9,284750
16045,2.3e-05,172.31.36.0-255,66,363,9,284750
16046,3e-05,172.217.194.0-255,1484,1847,9,284750
16047,3.5e-05,172.31.36.0-255,66,1913,9,284750
16048,4.2e-05,172.217.194.0-255,4320,6233,9,284750
16049,4.5e-05,172.31.36.0-255,66,6299,9,284750
16050,7.4e-05,172.31.36.0-255,66,6365,9,284750
16051,0.000138,172.217.194.0-255,1484,7849,9,284750
16052,0.000141,172.31.36.0-255,66,7915,9,284750
16053,0.000145,172.217.194.0-255,1484,9399,9,284750
16054,0.000147,172.31.36.0-255,66,9465,9,284750
16055,0.000169,172.217.194.0-255,1484,10949,9,284750
16056,0.000171,172.31.36.0-255,66,11015,9,284750
16057,0.000177,172.217.194.0-255,5738,16753,9,284750
16058,0.000179,172.31.36.0-255,66,16819,9,284750
16059,0.000219,172.217.194.0-255,6797,23616,9,284750
16060,0.000221,172.31.36.0-255,66,23682,9,284750
16061,0.00024,172.217.194.0-255,1484,25166,9,284750
16062,0.000242,172.31.36.0-255,66,25232,9,284750
16063,0.000266,172.217.194.0-255,5738,30970,9,284750
16064,0.000269,172.31.36.0-255,66,31036,9,284750
16065,0.000276,172.217.194.0-255,5738,36774,9,284750
16066,0.000279,172.31.36.0-255,66,36840,9,284750
16067,0.000312,172.217.194.0-255,4320,41160,9,284750
16068,0.000315,172.31.36.0-255,66,41226,9,284750
16069,0.00033,172.217.194.0-255,3961,45187,9,284750
16070,0.000333,172.31.36.0-255,66,45253,9,284750
16071,0.00034,172.217.194.0-255,7156,52409,9,284750
16072,0.000343,172.31.36.0-255,66,52475,9,284750
16073,0.000358,172.217.194.0-255,1484,53959,9,284750
16074,0.000361,172.31.36.0-255,66,54025,9,284750
16075,0.000367,172.217.194.0-255,4235,58260,9,284750
16076,0.000369,172.31.36.0-255,66,58326,9,284750
16077,0.000409,172.217.194.0-255,434,58760,9,284750
16078,0.000593,172.217.194.0-255,1484,60244,9,284750
16079,0.000598,172.31.36.0-255,66,60310,9,284750
16080,0.000605,172.217.194.0-255,2902,63212,9,284750
16081,0.000608,172.31.36.0-255,66,63278,9,284750
16082,0.000614,172.217.194.0-255,5738,69016,9,284750
16083,0.000617,172.31.36.0-255,66,69082,9,284750
16084,0.000653,172.217.194.0-255,7156,76238,9,284750
16085,0.000657,172.31.36.0-255,66,76304,9,284750
16086,0.000672,172.31.36.0-255,66,76370,9,284750
16087,0.000677,172.217.194.0-255,2184,78554,9,284750
16088,0.00068,172.31.36.0-255,66,78620,9,284750
16089,0.000864,172.217.194.0-255,1484,80104,9,284750
16090,0.00088,172.217.194.0-255,2902,83006,9,284750
16091,0.000887,172.217.194.0-255,5738,88744,9,284750
16092,0.000891,172.31.36.0-255,66,88810,9,284750
16093,0.000899,172.31.36.0-255,66,88876,9,284750
16094,0.000914,172.217.194.0-255,4320,93196,9,284750
16095,0.000916,172.31.36.0-255,66,93262,9,284750
16096,0.000939,172.31.36.0-255,66,93328,9,284750
16097,0.00095,172.31.36.0-255,66,93394,9,284750
16098,0.000954,172.217.194.0-255,217,93611,9,284750
16099,0.001036,172.217.194.0-255,1484,95095,9,284750
16100,0.001039,172.31.36.0-255,66,95161,9,284750
16101,0.001052,172.217.194.0-255,1484,96645,9,284750
16102,0.001071,172.217.194.0-255,1484,98129,9,284750
16103,0.001074,172.31.36.0-255,66,98195,9,284750
16104,0.001081,172.217.194.0-255,5738,103933,9,284750
16105,0.001084,172.31.36.0-255,66,103999,9,284750
16106,0.00109,172.217.194.0-255,5738,109737,9,284750
16107,0.001092,172.31.36.0-255,66,109803,9,284750
16108,0.001123,172.217.194.0-255,1125,110928,9,284750
16109,0.001256,172.217.194.0-255,1484,112412,9,284750
16110,0.001261,172.31.36.0-255,66,112478,9,284750
16111,0.001267,172.217.194.0-255,2902,115380,9,284750
16112,0.001269,172.31.36.0-255,66,115446,9,284750
16113,0.001272,172.217.194.0-255,1484,116930,9,284750
16114,0.001297,172.217.194.0-255,4320,121250,9,284750
16115,0.001301,172.31.36.0-255,66,121316,9,284750
16116,0.001307,172.217.194.0-255,5738,127054,9,284750
16117,0.00131,172.31.36.0-255,66,127120,9,284750
16118,0.001323,172.31.36.0-255,66,127186,9,284750
16119,0.001349,172.217.194.0-255,1484,128670,9,284750
16120,0.001356,172.217.194.0-255,5020,133690,9,284750
16121,0.001359,172.31.36.0-255,66,133756,9,284750
16122,0.001365,172.217.194.0-255,4320,138076,9,284750
16123,0.001367,172.31.36.0-255,66,138142,9,284750
16124,0.001379,172.217.194.0-255,1484,139626,9,284750
16125,0.001396,172.217.194.0-255,2902,142528,9,284750
16126,0.001398,172.31.36.0-255,66,142594,9,284750
16127,0.001426,172.31.36.0-255,66,142660,9,284750
16128,0.001429,172.217.194.0-255,1484,144144,9,284750
16129,0.001468,172.31.36.0-255,66,144210,9,284750
16130,0.00151,172.217.194.0-255,4320,148530,9,284750
16131,0.001513,172.31.36.0-255,66,148596,9,284750
16132,0.001533,172.31.36.0-255,66,148662,9,284750
16133,0.001545,172.31.36.0-255,66,148728,9,284750
16134,0.00155,172.217.194.0-255,4320,153048,9,284750
16135,0.001552,172.31.36.0-255,66,153114,9,284750
16136,0.001605,172.31.36.0-255,66,153180,9,284750
16137,0.00162,172.31.36.0-255,66,153246,9,284750
16138,0.001813,172.217.194.0-255,1484,154730,9,284750
16139,0.001819,172.217.194.0-255,2902,157632,9,284750
16140,0.001822,172.31.36.0-255,66,157698,9,284750
16141,0.001827,172.217.194.0-255,2902,160600,9,284750
16142,0.00183,172.31.36.0-255,66,160666,9,284750
16143,0.001844,172.217.194.0-255,2902,163568,9,284750
16144,0.001846,172.31.36.0-255,66,163634,9,284750
16145,0.001853,172.217.194.0-255,6797,170431,9,284750
16146,0.001856,172.31.36.0-255,66,170497,9,284750
16147,0.001899,172.217.194.0-255,2902,173399,9,284750
16148,0.001902,172.31.36.0-255,66,173465,9,284750
16149,0.001955,172.31.36.0-255,66,173531,9,284750
16150,0.00196,172.217.194.0-255,2543,176074,9,284750
16151,0.001962,172.31.36.0-255,66,176140,9,284750
16152,0.002339,172.217.194.0-255,1484,177624,9,284750
16153,0.002345,172.217.194.0-255,2902,180526,9,284750
16154,0.002349,172.31.36.0-255,66,180592,9,284750
16155,0.002357,172.217.194.0-255,5738,186330,9,284750
16156,0.002359,172.31.36.0-255,66,186396,9,284750
16157,0.002379,172.217.194.0-255,4320,190716,9,284750
16158,0.002381,172.31.36.0-255,66,190782,9,284750
16159,0.002394,172.217.194.0-255,2543,193325,9,284750
16160,0.002397,172.31.36.0-255,66,193391,9,284750
16161,0.004694,172.217.194.0-255,2902,196293,9,284750
16162,0.004701,172.31.36.0-255,66,196359,9,284750
16163,0.004728,172.217.194.0-255,2902,199261,9,284750
16164,0.004731,172.31.36.0-255,66,199327,9,284750
16165,0.007045,172.217.194.0-255,5738,205065,9,284750
16166,0.007052,172.31.36.0-255,66,205131,9,284750
16167,0.009381,172.217.194.0-255,5738,210869,9,284750
16168,0.009388,172.31.36.0-255,66,210935,9,284750
16169,0.011711,172.217.194.0-255,5738,216673,9,284750
16170,0.011717,172.31.36.0-255,66,216739,9,284750
16171,0.014101,172.217.194.0-255,5738,222477,9,284750
16172,0.014109,172.31.36.0-255,66,222543,9,284750
16173,0.016443,172.217.194.0-255,5738,228281,9,284750
16174,0.016469,172.31.36.0-255,66,228347,9,284750
16175,0.0188,172.217.194.0-255,5738,234085,9,284750
16176,0.018809,172.31.36.0-255,66,234151,9,284750
16177,0.021117,172.217.194.0-255,5738,239889,9,284750
16178,0.021125,172.31.36.0-255,66,239955,9,284750
16179,0.02346,172.217.194.0-255,5738,245693,9,284750
16180,0.023465,172.31.36.0-255,66,245759,9,284750
16181,0.025783,172.217.194.0-255,5738,251497,9,284750
16182,0.02579,172.31.36.0-255,66,251563,9,284750
16183,0.028134,172.217.194.0-255,5738,257301,9,284750
16184,0.028147,172.31.36.0-255,66,257367,9,284750
16185,0.030524,172.217.194.0-255,5738,263105,9,284750
16186,0.030534,172.31.36.0-255,66,263171,9,284750
16187,0.032895,172.217.194.0-255,5738,268909,9,284750
16188,0.032902,172.31.36.0-255,66,268975,9,284750
16189,0.035292,172.217.194.0-255,5738,274713,9,284750
16190,0.035298,172.31.36.0-255,66,274779,9,284750
16191,0.037596,172.217.194.0-255,639,275418,9,284750
16192,0.037737,172.31.36.0-255,66,275484,9,284750
16193,0.037775,172.31.36.0-255,105,275589,9,284750
16194,0.040061,172.217.194.0-255,66,275655,9,284750
16195,0.043622,172.31.36.0-255,172,275827,9,284750
16196,0.043654,172.31.36.0-255,1116,276943,9,284750
16197,0.043729,172.31.36.0-255,1514,278457,9,284750
16198,0.043732,172.31.36.0-255,1514,279971,9,284750
16199,0.043737,172.31.36.0-255,1514,281485,9,284750
16200,0.043739,172.31.36.0-255,1514,282999,9,284750
16201,0.043756,172.31.36.0-255,1487,284486,9,284750
16202,0.045102,104.244.42.0-255,66,284552,9,284750
16203,0.045133,104.244.42.0-255,66,284618,9,284750
16204,0.045235,104.244.42.0-255,66,284684,9,284750
16205,0.045266,104.244.42.0-255,66,284750,9,284750
16206,0.0,74.125.24.0-255,150,150,9,202772
16207,2.1e-05,172.31.36.0-255,66,216,9,202772
16208,2.9e-05,74.125.24.0-255,1484,1700,9,202772
16209,3.4e-05,172.31.36.0-255,66,1766,9,202772
16210,5.5e-05,74.125.24.0-255,2902,4668,9,202772
16211,5.9e-05,172.31.36.0-255,66,4734,9,202772
16212,7.3e-05,74.125.24.0-255,5738,10472,9,202772
16213,7.7e-05,172.31.36.0-255,66,10538,9,202772
16214,0.000132,172.31.36.0-255,66,10604,9,202772
16215,0.000161,74.125.24.0-255,6797,17401,9,202772
16216,0.000164,172.31.36.0-255,66,17467,9,202772
16217,0.000215,74.125.24.0-255,1484,18951,9,202772
16218,0.000217,172.31.36.0-255,66,19017,9,202772
16219,0.000236,74.125.24.0-255,2902,21919,9,202772
16220,0.000238,172.31.36.0-255,66,21985,9,202772
16221,0.000268,74.125.24.0-255,5738,27723,9,202772
16222,0.000271,172.31.36.0-255,66,27789,9,202772
16223,0.000316,172.31.36.0-255,66,27855,9,202772
16224,0.000326,172.31.36.0-255,66,27921,9,202772
16225,0.000334,74.125.24.0-255,1400,29321,9,202772
16226,0.000336,172.31.36.0-255,66,29387,9,202772
16227,0.000395,74.125.24.0-255,380,29767,9,202772
16228,0.000398,172.31.36.0-255,66,29833,9,202772
16229,0.000491,74.125.24.0-255,1484,31317,9,202772
16230,0.000495,172.31.36.0-255,66,31383,9,202772
16231,0.000499,74.125.24.0-255,1484,32867,9,202772
16232,0.000501,172.31.36.0-255,66,32933,9,202772
16233,0.000522,74.125.24.0-255,1484,34417,9,202772
16234,0.000525,172.31.36.0-255,66,34483,9,202772
16235,0.000537,74.125.24.0-255,5738,40221,9,202772
16236,0.00054,172.31.36.0-255,66,40287,9,202772
16237,0.000544,74.125.24.0-255,2902,43189,9,202772
16238,0.000547,172.31.36.0-255,66,43255,9,202772
16239,0.000578,172.31.36.0-255,66,43321,9,202772
16240,0.000591,172.31.36.0-255,66,43387,9,202772
16241,0.000594,74.125.24.0-255,1125,44512,9,202772
16242,0.000885,74.125.24.0-255,1484,45996,9,202772
16243,0.000891,172.31.36.0-255,66,46062,9,202772
16244,0.000898,74.125.24.0-255,2902,48964,9,202772
16245,0.0009,172.31.36.0-255,66,49030,9,202772
16246,0.000911,74.125.24.0-255,5738,54768,9,202772
16247,0.000914,172.31.36.0-255,66,54834,9,202772
16248,0.000963,172.31.36.0-255,66,54900,9,202772
16249,0.000977,172.31.36.0-255,66,54966,9,202772
16250,0.00099,172.31.36.0-255,66,55032,9,202772
16251,0.00106,172.31.36.0-255,66,55098,9,202772
16252,0.001065,74.125.24.0-255,3602,58700,9,202772
16253,0.001067,172.31.36.0-255,66,58766,9,202772
16254,0.001568,74.125.24.0-255,1484,60250,9,202772
16255,0.001577,74.125.24.0-255,2902,63152,9,202772
16256,0.001581,172.31.36.0-255,66,63218,9,202772
16257,0.001611,74.125.24.0-255,5738,68956,9,202772
16258,0.001614,172.31.36.0-255,66,69022,9,202772
16259,0.001622,74.125.24.0-255,7156,76178,9,202772
16260,0.001624,172.31.36.0-255,66,76244,9,202772
16261,0.001668,172.31.36.0-255,66,76310,9,202772
16262,0.001673,74.125.24.0-255,2184,78494,9,202772
16263,0.001675,172.31.36.0-255,66,78560,9,202772
16264,0.001731,74.125.24.0-255,1484,80044,9,202772
16265,0.001735,74.125.24.0-255,1484,81528,9,202772
16266,0.001738,172.31.36.0-255,66,81594,9,202772
16267,0.001781,74.125.24.0-255,1484,83078,9,202772
16268,0.001787,74.125.24.0-255,5738,88816,9,202772
16269,0.00179,172.31.36.0-255,66,88882,9,202772
16270,0.001806,172.31.36.0-255,66,88948,9,202772
16271,0.001817,172.31.36.0-255,66,89014,9,202772
16272,0.001845,74.125.24.0-255,2184,91198,9,202772
16273,0.001848,172.31.36.0-255,66,91264,9,202772
16274,0.001909,74.125.24.0-255,1484,92748,9,202772
16275,0.001913,74.125.24.0-255,1484,94232,9,202772
16276,0.001916,172.31.36.0-255,66,94298,9,202772
16277,0.001942,74.125.24.0-255,1484,95782,9,202772
16278,0.00195,74.125.24.0-255,5738,101520,9,202772
16279,0.001953,172.31.36.0-255,66,101586,9,202772
16280,0.001959,74.125.24.0-255,5738,107324,9,202772
16281,0.001962,172.31.36.0-255,66,107390,9,202772
16282,0.002005,74.125.24.0-255,7156,114546,9,202772
16283,0.002008,172.31.36.0-255,66,114612,9,202772
16284,0.002011,74.125.24.0-255,1484,116096,9,202772
16285,0.002038,172.31.36.0-255,66,116162,9,202772
16286,0.002094,74.125.24.0-255,1484,117646,9,202772
16287,0.002098,74.125.24.0-255,1484,119130,9,202772
16288,0.0021,172.31.36.0-255,66,119196,9,202772
16289,0.002116,74.125.24.0-255,1484,120680,9,202772
16290,0.002122,74.125.24.0-255,4320,125000,9,202772
16291,0.002125,172.31.36.0-255,66,125066,9,202772
16292,0.002156,74.125.24.0-255,1484,126550,9,202772
16293,0.00217,172.31.36.0-255,66,126616,9,202772
16294,0.002186,172.31.36.0-255,66,126682,9,202772
16295,0.002227,74.125.24.0-255,7156,133838,9,202772
16296,0.00223,172.31.36.0-255,66,133904,9,202772
16297,0.002267,172.31.36.0-255,66,133970,9,202772
16298,0.002305,74.125.24.0-255,4320,138290,9,202772
16299,0.002307,172.31.36.0-255,66,138356,9,202772
16300,0.002353,172.31.36.0-255,66,138422,9,202772
16301,0.002367,172.31.36.0-255,66,138488,9,202772
16302,0.004605,74.125.24.0-255,5738,144226,9,202772
16303,0.004612,172.31.36.0-255,66,144292,9,202772
16304,0.006867,74.125.24.0-255,5738,150030,9,202772
16305,0.006876,172.31.36.0-255,66,150096,9,202772
16306,0.009138,74.125.24.0-255,5738,155834,9,202772
16307,0.009144,172.31.36.0-255,66,155900,9,202772
16308,0.011403,74.125.24.0-255,5738,161638,9,202772
16309,0.011409,172.31.36.0-255,66,161704,9,202772
16310,0.013682,74.125.24.0-255,5738,167442,9,202772
16311,0.01369,172.31.36.0-255,66,167508,9,202772
16312,0.015953,74.125.24.0-255,5738,173246,9,202772
16313,0.015962,172.31.36.0-255,66,173312,9,202772
16314,0.018232,74.125.24.0-255,5738,179050,9,202772
16315,0.018244,172.31.36.0-255,66,179116,9,202772
16316,0.020487,74.125.24.0-255,5738,184854,9,202772
16317,0.020497,172.31.36.0-255,66,184920,9,202772
16318,0.022767,74.125.24.0-255,5738,190658,9,202772
16319,0.022776,172.31.36.0-255,66,190724,9,202772
16320,0.025036,74.125.24.0-255,4431,195155,9,202772
16321,0.025044,172.31.36.0-255,66,195221,9,202772
16322,0.025235,172.31.36.0-255,105,195326,9,202772
16323,0.027458,74.125.24.0-255,66,195392,9,202772
16324,0.035616,172.31.36.0-255,221,195613,9,202772
16325,0.035652,172.31.36.0-255,1116,196729,9,202772
16326,0.03572,172.31.36.0-255,1514,198243,9,202772
16327,0.035722,172.31.36.0-255,1514,199757,9,202772
16328,0.035723,172.31.36.0-255,1514,201271,9,202772
16329,0.035724,172.31.36.0-255,1063,202334,9,202772
16330,0.037196,104.244.42.0-255,66,202400,9,202772
16331,0.037225,104.244.42.0-255,66,202466,9,202772
16332,0.037281,104.244.42.0-255,66,202532,9,202772
16333,0.037295,104.244.42.0-255,66,202598,9,202772
16334,0.037997,104.244.42.0-255,108,202706,9,202772
16335,0.038005,172.31.36.0-255,66,202772,9,202772
16336,0.0,172.217.194.0-255,150,150,9,272574
16337,2.9e-05,172.31.36.0-255,66,216,9,272574
16338,3.7e-05,172.217.194.0-255,1484,1700,9,272574
16339,4.1e-05,172.31.36.0-255,66,1766,9,272574
16340,4.6e-05,172.217.194.0-255,2902,4668,9,272574
16341,5.8e-05,172.31.36.0-255,66,4734,9,272574
16342,6.5e-05,172.217.194.0-255,7156,11890,9,272574
16343,6.7e-05,172.31.36.0-255,66,11956,9,272574
16344,7.1e-05,172.217.194.0-255,2035,13991,9,272574
16345,7.3e-05,172.31.36.0-255,66,14057,9,272574
16346,0.000104,172.217.194.0-255,2902,16959,9,272574
16347,0.000107,172.31.36.0-255,66,17025,9,272574
16348,0.000119,172.217.194.0-255,1484,18509,9,272574
16349,0.000126,172.31.36.0-255,66,18575,9,272574
16350,0.000155,172.217.194.0-255,2902,21477,9,272574
16351,0.000159,172.31.36.0-255,66,21543,9,272574
16352,0.000178,172.31.36.0-255,66,21609,9,272574
16353,0.000181,172.217.194.0-255,1125,22734,9,272574
16354,0.000183,172.31.36.0-255,66,22800,9,272574
16355,0.000226,172.217.194.0-255,1484,24284,9,272574
16356,0.000229,172.31.36.0-255,66,24350,9,272574
16357,0.000235,172.217.194.0-255,4320,28670,9,272574
16358,0.000238,172.31.36.0-255,66,28736,9,272574
16359,0.000249,172.217.194.0-255,4320,33056,9,272574
16360,0.000252,172.31.36.0-255,66,33122,9,272574
16361,0.000279,172.217.194.0-255,2902,36024,9,272574
16362,0.000282,172.31.36.0-255,66,36090,9,272574
16363,0.000302,172.217.194.0-255,3961,40051,9,272574
16364,0.000304,172.31.36.0-255,66,40117,9,272574
16365,0.000964,172.217.194.0-255,1484,41601,9,272574
16366,0.00097,172.31.36.0-255,66,41667,9,272574
16367,0.000979,172.217.194.0-255,2902,44569,9,272574
16368,0.000982,172.31.36.0-255,66,44635,9,272574
16369,0.000996,172.217.194.0-255,5738,50373,9,272574
16370,0.000998,172.31.36.0-255,66,50439,9,272574
16371,0.001032,172.217.194.0-255,2902,53341,9,272574
16372,0.001035,172.31.36.0-255,66,53407,9,272574
16373,0.001065,172.217.194.0-255,3961,57368,9,272574
16374,0.001068,172.31.36.0-255,66,57434,9,272574
16375,0.001091,172.217.194.0-255,2902,60336,9,272574
16376,0.001093,172.31.36.0-255,66,60402,9,272574
16377,0.001099,172.217.194.0-255,4320,64722,9,272574
16378,0.001101,172.31.36.0-255,66,64788,9,272574
16379,0.001107,172.217.194.0-255,5738,70526,9,272574
16380,0.001109,172.31.36.0-255,66,70592,9,272574
16381,0.001139,172.217.194.0-255,2902,73494,9,272574
16382,0.001142,172.31.36.0-255,66,73560,9,272574
16383,0.001148,172.217.194.0-255,4320,77880,9,272574
16384,0.00115,172.31.36.0-255,66,77946,9,272574
16385,0.001187,172.31.36.0-255,66,78012,9,272574
16386,0.001195,172.217.194.0-255,5960,83972,9,272574
16387,0.001199,172.31.36.0-255,66,84038,9,272574
16388,0.001371,172.217.194.0-255,1484,85522,9,272574
16389,0.001378,172.217.194.0-255,2902,88424,9,272574
16390,0.001381,172.31.36.0-255,66,88490,9,272574
16391,0.00141,172.217.194.0-255,5738,94228,9,272574
16392,0.001413,172.31.36.0-255,66,94294,9,272574
16393,0.001432,172.217.194.0-255,2902,97196,9,272574
16394,0.001434,172.31.36.0-255,66,97262,9,272574
16395,0.001471,172.31.36.0-255,66,97328,9,272574
16396,0.001478,172.217.194.0-255,7156,104484,9,272574
16397,0.00148,172.31.36.0-255,66,104550,9,272574
16398,0.001497,172.217.194.0-255,3052,107602,9,272574
16399,0.001499,172.31.36.0-255,66,107668,9,272574
16400,0.001503,172.217.194.0-255,2902,110570,9,272574
16401,0.001505,172.31.36.0-255,66,110636,9,272574
16402,0.001515,172.217.194.0-255,4320,114956,9,272574
16403,0.001517,172.31.36.0-255,66,115022,9,272574
16404,0.001527,172.31.36.0-255,66,115088,9,272574
16405,0.001566,172.31.36.0-255,66,115154,9,272574
16406,0.001594,172.217.194.0-255,6438,121592,9,272574
16407,0.001596,172.31.36.0-255,66,121658,9,272574
16408,0.001919,172.217.194.0-255,1484,123142,9,272574
16409,0.001934,172.217.194.0-255,2902,126044,9,272574
16410,0.001936,172.31.36.0-255,66,126110,9,272574
16411,0.001961,172.217.194.0-255,2902,129012,9,272574
16412,0.001963,172.31.36.0-255,66,129078,9,272574
16413,0.00197,172.217.194.0-255,7156,136234,9,272574
16414,0.001972,172.31.36.0-255,66,136300,9,272574
16415,0.002019,172.31.36.0-255,66,136366,9,272574
16416,0.002033,172.217.194.0-255,5738,142104,9,272574
16417,0.002039,172.31.36.0-255,66,142170,9,272574
16418,0.002043,172.217.194.0-255,3602,145772,9,272574
16419,0.002046,172.31.36.0-255,66,145838,9,272574
16420,0.004285,172.217.194.0-255,5738,151576,9,272574
16421,0.004289,172.31.36.0-255,66,151642,9,272574
16422,0.006607,172.217.194.0-255,5738,157380,9,272574
16423,0.006613,172.31.36.0-255,66,157446,9,272574
16424,0.008881,172.217.194.0-255,5738,163184,9,272574
16425,0.008888,172.31.36.0-255,66,163250,9,272574
16426,0.011205,172.217.194.0-255,5738,168988,9,272574
16427,0.011216,172.31.36.0-255,66,169054,9,272574
16428,0.013443,172.217.194.0-255,5738,174792,9,272574
16429,0.01345,172.31.36.0-255,66,174858,9,272574
16430,0.015702,172.217.194.0-255,5738,180596,9,272574
16431,0.015709,172.31.36.0-255,66,180662,9,272574
16432,0.017991,172.217.194.0-255,5738,186400,9,272574
16433,0.017998,172.31.36.0-255,66,186466,9,272574
16434,0.020258,172.217.194.0-255,5738,192204,9,272574
16435,0.020268,172.31.36.0-255,66,192270,9,272574
16436,0.022518,172.217.194.0-255,5738,198008,9,272574
16437,0.022526,172.31.36.0-255,66,198074,9,272574
16438,0.024789,172.217.194.0-255,5738,203812,9,272574
16439,0.024797,172.31.36.0-255,66,203878,9,272574
16440,0.027122,172.217.194.0-255,5738,209616,9,272574
16441,0.027129,172.31.36.0-255,66,209682,9,272574
16442,0.029419,172.217.194.0-255,5738,215420,9,272574
16443,0.029426,172.31.36.0-255,66,215486,9,272574
16444,0.031669,172.217.194.0-255,5738,221224,9,272574
16445,0.031676,172.31.36.0-255,66,221290,9,272574
16446,0.033932,172.217.194.0-255,4320,225610,9,272574
16447,0.03394,172.31.36.0-255,66,225676,9,272574
16448,0.033969,172.217.194.0-255,1484,227160,9,272574
16449,0.036219,172.217.194.0-255,4320,231480,9,272574
16450,0.036226,172.31.36.0-255,66,231546,9,272574
16451,0.03849,172.217.194.0-255,5738,237284,9,272574
16452,0.038497,172.31.36.0-255,66,237350,9,272574
16453,0.040775,172.217.194.0-255,5738,243088,9,272574
16454,0.040783,172.31.36.0-255,66,243154,9,272574
16455,0.043008,172.217.194.0-255,5738,248892,9,272574
16456,0.043016,172.31.36.0-255,66,248958,9,272574
16457,0.045276,172.217.194.0-255,5738,254696,9,272574
16458,0.045285,172.31.36.0-255,66,254762,9,272574
16459,0.046742,172.31.36.0-255,176,254938,9,272574
16460,0.046773,172.31.36.0-255,1115,256053,9,272574
16461,0.046823,172.31.36.0-255,1514,257567,9,272574
16462,0.046825,172.31.36.0-255,1514,259081,9,272574
16463,0.046826,172.31.36.0-255,1514,260595,9,272574
16464,0.046827,172.31.36.0-255,107,260702,9,272574
16465,0.047562,172.217.194.0-255,5738,266440,9,272574
16466,0.047568,172.31.36.0-255,66,266506,9,272574
16467,0.048277,104.244.42.0-255,66,266572,9,272574
16468,0.048337,104.244.42.0-255,66,266638,9,272574
16469,0.048371,104.244.42.0-255,66,266704,9,272574
16470,0.048375,104.244.42.0-255,66,266770,9,272574
16471,0.049854,172.217.194.0-255,5738,272508,9,272574
16472,0.049861,172.31.36.0-255,66,272574,9,272574
16473,0.0,172.217.194.0-255,143,143,9,204751
16474,2.3e-05,172.31.36.0-255,66,209,9,204751
16475,3e-05,172.217.194.0-255,1484,1693,9,204751
16476,3.5e-05,172.31.36.0-255,66,1759,9,204751
16477,4.1e-05,172.217.194.0-255,2902,4661,9,204751
16478,4.4e-05,172.31.36.0-255,66,4727,9,204751
16479,5.2e-05,172.217.194.0-255,7156,11883,9,204751
16480,5.6e-05,172.31.36.0-255,66,11949,9,204751
16481,6e-05,172.217.194.0-255,2051,14000,9,204751
16482,6.3e-05,172.31.36.0-255,66,14066,9,204751
16483,0.000109,172.217.194.0-255,1484,15550,9,204751
16484,0.000112,172.31.36.0-255,66,15616,9,204751
16485,0.000118,172.217.194.0-255,2902,18518,9,204751
16486,0.000121,172.31.36.0-255,66,18584,9,204751
16487,0.000141,172.217.194.0-255,5738,24322,9,204751
16488,0.000144,172.31.36.0-255,66,24388,9,204751
16489,0.00017,172.217.194.0-255,6797,31185,9,204751
16490,0.000173,172.31.36.0-255,66,31251,9,204751
16491,0.000179,172.217.194.0-255,4320,35571,9,204751
16492,0.000181,172.31.36.0-255,66,35637,9,204751
16493,0.000205,172.217.194.0-255,2902,38539,9,204751
16494,0.000207,172.31.36.0-255,66,38605,9,204751
16495,0.000213,172.217.194.0-255,4320,42925,9,204751
16496,0.000215,172.31.36.0-255,66,42991,9,204751
16497,0.000232,172.217.194.0-255,5379,48370,9,204751
16498,0.000235,172.31.36.0-255,66,48436,9,204751
16499,0.00024,172.217.194.0-255,4320,52756,9,204751
16500,0.000242,172.31.36.0-255,66,52822,9,204751
16501,0.000268,172.217.194.0-255,5738,58560,9,204751
16502,0.000271,172.31.36.0-255,66,58626,9,204751
16503,0.000278,172.217.194.0-255,6797,65423,9,204751
16504,0.000281,172.31.36.0-255,66,65489,9,204751
16505,0.000283,172.217.194.0-255,378,65867,9,204751
16506,0.000381,172.217.194.0-255,366,66233,9,204751
16507,0.000684,172.217.194.0-255,1484,67717,9,204751
16508,0.000689,172.31.36.0-255,66,67783,9,204751
16509,0.000696,172.217.194.0-255,2902,70685,9,204751
16510,0.000698,172.31.36.0-255,66,70751,9,204751
16511,0.000705,172.217.194.0-255,5738,76489,9,204751
16512,0.000707,172.31.36.0-255,66,76555,9,204751
16513,0.000752,172.217.194.0-255,4320,80875,9,204751
16514,0.000755,172.31.36.0-255,66,80941,9,204751
16515,0.00078,172.217.194.0-255,1484,82425,9,204751
16516,0.000795,172.31.36.0-255,66,82491,9,204751
16517,0.000801,172.217.194.0-255,5020,87511,9,204751
16518,0.000803,172.31.36.0-255,66,87577,9,204751
16519,0.001091,172.217.194.0-255,1484,89061,9,204751
16520,0.001114,172.217.194.0-255,2902,91963,9,204751
16521,0.001118,172.31.36.0-255,66,92029,9,204751
16522,0.001125,172.217.194.0-255,5738,97767,9,204751
16523,0.001127,172.31.36.0-255,66,97833,9,204751
16524,0.001169,172.31.36.0-255,66,97899,9,204751
16525,0.001174,172.217.194.0-255,2902,100801,9,204751
16526,0.001176,172.31.36.0-255,66,100867,9,204751
16527,0.001197,172.31.36.0-255,66,100933,9,204751
16528,0.001227,172.31.36.0-255,66,100999,9,204751
16529,0.001233,172.217.194.0-255,4320,105319,9,204751
16530,0.001235,172.31.36.0-255,66,105385,9,204751
16531,0.001271,172.31.36.0-255,66,105451,9,204751
16532,0.001288,172.217.194.0-255,5738,111189,9,204751
16533,0.001291,172.31.36.0-255,66,111255,9,204751
16534,0.001293,172.217.194.0-255,766,112021,9,204751
16535,0.001315,172.217.194.0-255,1484,113505,9,204751
16536,0.001317,172.31.36.0-255,66,113571,9,204751
16537,0.001322,172.217.194.0-255,1484,115055,9,204751
16538,0.001341,172.217.194.0-255,1484,116539,9,204751
16539,0.001343,172.31.36.0-255,66,116605,9,204751
16540,0.001351,172.217.194.0-255,5738,122343,9,204751
16541,0.001353,172.31.36.0-255,66,122409,9,204751
16542,0.001359,172.217.194.0-255,4320,126729,9,204751
16543,0.001361,172.31.36.0-255,66,126795,9,204751
16544,0.001409,172.217.194.0-255,766,127561,9,204751
16545,0.001414,172.31.36.0-255,66,127627,9,204751
16546,0.001417,172.31.36.0-255,66,127693,9,204751
16547,0.00146,172.217.194.0-255,1484,129177,9,204751
16548,0.001463,172.31.36.0-255,66,129243,9,204751
16549,0.001468,172.217.194.0-255,2902,132145,9,204751
16550,0.00147,172.31.36.0-255,66,132211,9,204751
16551,0.001483,172.217.194.0-255,1484,133695,9,204751
16552,0.00149,172.217.194.0-255,5738,139433,9,204751
16553,0.001493,172.31.36.0-255,66,139499,9,204751
16554,0.001507,172.217.194.0-255,1484,140983,9,204751
16555,0.001512,172.217.194.0-255,2902,143885,9,204751
16556,0.001515,172.31.36.0-255,66,143951,9,204751
16557,0.001553,172.31.36.0-255,66,144017,9,204751
16558,0.001558,172.217.194.0-255,5020,149037,9,204751
16559,0.001561,172.31.36.0-255,66,149103,9,204751
16560,0.001587,172.217.194.0-255,1484,150587,9,204751
16561,0.001592,172.217.194.0-255,2902,153489,9,204751
16562,0.001595,172.31.36.0-255,66,153555,9,204751
16563,0.00161,172.217.194.0-255,4320,157875,9,204751
16564,0.001615,172.31.36.0-255,66,157941,9,204751
16565,0.001635,172.217.194.0-255,1484,159425,9,204751
16566,0.001654,172.31.36.0-255,66,159491,9,204751
16567,0.001667,172.31.36.0-255,66,159557,9,204751
16568,0.00175,172.31.36.0-255,66,159623,9,204751
16569,0.00176,172.31.36.0-255,66,159689,9,204751
16570,0.001763,172.217.194.0-255,1484,161173,9,204751
16571,0.001768,172.217.194.0-255,2902,164075,9,204751
16572,0.001771,172.31.36.0-255,66,164141,9,204751
16573,0.001777,172.217.194.0-255,5738,169879,9,204751
16574,0.00178,172.31.36.0-255,66,169945,9,204751
16575,0.001813,172.31.36.0-255,66,170011,9,204751
16576,0.001821,172.217.194.0-255,7156,177167,9,204751
16577,0.001823,172.31.36.0-255,66,177233,9,204751
16578,0.001848,172.217.194.0-255,3602,180835,9,204751
16579,0.001851,172.31.36.0-255,66,180901,9,204751
16580,0.001856,172.217.194.0-255,2902,183803,9,204751
16581,0.001858,172.31.36.0-255,66,183869,9,204751
16582,0.001861,172.217.194.0-255,1484,185353,9,204751
16583,0.001884,172.217.194.0-255,2902,188255,9,204751
16584,0.001887,172.31.36.0-255,66,188321,9,204751
16585,0.001897,172.31.36.0-255,66,188387,9,204751
16586,0.001936,172.31.36.0-255,66,188453,9,204751
16587,0.001957,172.217.194.0-255,3602,192055,9,204751
16588,0.001961,172.31.36.0-255,66,192121,9,204751
16589,0.001993,172.31.36.0-255,66,192187,9,204751
16590,0.002008,172.31.36.0-255,66,192253,9,204751
16591,0.002012,172.217.194.0-255,2902,195155,9,204751
16592,0.002015,172.31.36.0-255,66,195221,9,204751
16593,0.002048,172.31.36.0-255,66,195287,9,204751
16594,0.002051,172.217.194.0-255,105,195392,9,204751
16595,0.009352,172.31.36.0-255,66,195458,9,204751
16596,0.009397,172.31.36.0-255,105,195563,9,204751
16597,0.011699,172.217.194.0-255,66,195629,9,204751
16598,0.036671,172.31.36.0-255,199,195828,9,204751
16599,0.036703,172.31.36.0-255,1116,196944,9,204751
16600,0.036771,172.31.36.0-255,1514,198458,9,204751
16601,0.036773,172.31.36.0-255,1514,199972,9,204751
16602,0.036774,172.31.36.0-255,1514,201486,9,204751
16603,0.036775,172.31.36.0-255,1514,203000,9,204751
16604,0.036807,172.31.36.0-255,1487,204487,9,204751
16605,0.0382,104.244.42.0-255,66,204553,9,204751
16606,0.038246,104.244.42.0-255,66,204619,9,204751
16607,0.038344,104.244.42.0-255,66,204685,9,204751
16608,0.038351,104.244.42.0-255,66,204751,9,204751
16609,0.0,74.125.68.0-255,299,299,9,240118
16610,2.8e-05,172.31.36.0-255,66,365,9,240118
16611,3.4e-05,74.125.68.0-255,1484,1849,9,240118
16612,3.8e-05,172.31.36.0-255,66,1915,9,240118
16613,4.3e-05,74.125.68.0-255,2902,4817,9,240118
16614,4.6e-05,172.31.36.0-255,66,4883,9,240118
16615,5.1e-05,74.125.68.0-255,4320,9203,9,240118
16616,5.5e-05,172.31.36.0-255,66,9269,9,240118
16617,7.2e-05,74.125.68.0-255,2902,12171,9,240118
16618,7.5e-05,172.31.36.0-255,66,12237,9,240118
16619,0.000102,74.125.68.0-255,3188,15425,9,240118
16620,0.000105,172.31.36.0-255,66,15491,9,240118
16621,0.000112,74.125.68.0-255,7156,22647,9,240118
16622,0.000114,172.31.36.0-255,66,22713,9,240118
16623,0.000141,172.31.36.0-255,66,22779,9,240118
16624,0.000419,74.125.68.0-255,1484,24263,9,240118
16625,0.000424,172.31.36.0-255,66,24329,9,240118
16626,0.000453,74.125.68.0-255,2902,27231,9,240118
16627,0.000457,172.31.36.0-255,66,27297,9,240118
16628,0.000472,74.125.68.0-255,2902,30199,9,240118
16629,0.000474,172.31.36.0-255,66,30265,9,240118
16630,0.000497,74.125.68.0-255,2902,33167,9,240118
16631,0.0005,172.31.36.0-255,66,33233,9,240118
16632,0.000512,74.125.68.0-255,1484,34717,9,240118
16633,0.000515,172.31.36.0-255,66,34783,9,240118
16634,0.000541,74.125.68.0-255,5379,40162,9,240118
16635,0.000545,172.31.36.0-255,66,40228,9,240118
16636,0.001707,74.125.68.0-255,1484,41712,9,240118
16637,0.001714,172.31.36.0-255,66,41778,9,240118
16638,0.001722,74.125.68.0-255,2902,44680,9,240118
16639,0.001725,172.31.36.0-255,66,44746,9,240118
16640,0.001732,74.125.68.0-255,5738,50484,9,240118
16641,0.001734,172.31.36.0-255,66,50550,9,240118
16642,0.001738,74.125.68.0-255,2902,53452,9,240118
16643,0.00174,172.31.36.0-255,66,53518,9,240118
16644,0.001763,74.125.68.0-255,3961,57479,9,240118
16645,0.001766,172.31.36.0-255,66,57545,9,240118
16646,0.001849,74.125.68.0-255,1484,59029,9,240118
16647,0.001867,74.125.68.0-255,2902,61931,9,240118
16648,0.001871,172.31.36.0-255,66,61997,9,240118
16649,0.001893,74.125.68.0-255,5738,67735,9,240118
16650,0.001896,172.31.36.0-255,66,67801,9,240118
16651,0.001916,74.125.68.0-255,4320,72121,9,240118
16652,0.00192,172.31.36.0-255,66,72187,9,240118
16653,0.001939,74.125.68.0-255,2902,75089,9,240118
16654,0.001942,172.31.36.0-255,66,75155,9,240118
16655,0.001982,172.31.36.0-255,66,75221,9,240118
16656,0.001996,74.125.68.0-255,1484,76705,9,240118
16657,0.002001,74.125.68.0-255,2184,78889,9,240118
16658,0.002004,172.31.36.0-255,66,78955,9,240118
16659,0.002027,74.125.68.0-255,647,79602,9,240118
16660,0.00205,74.125.68.0-255,1484,81086,9,240118
16661,0.002054,172.31.36.0-255,66,81152,9,240118
16662,0.002058,74.125.68.0-255,1484,82636,9,240118
16663,0.002077,74.125.68.0-255,2902,85538,9,240118
16664,0.00208,172.31.36.0-255,66,85604,9,240118
16665,0.0021,74.125.68.0-255,1484,87088,9,240118
16666,0.002116,74.125.68.0-255,4320,91408,9,240118
16667,0.002119,172.31.36.0-255,66,91474,9,240118
16668,0.002126,74.125.68.0-255,7156,98630,9,240118
16669,0.002128,172.31.36.0-255,66,98696,9,240118
16670,0.002174,172.31.36.0-255,66,98762,9,240118
16671,0.002204,74.125.68.0-255,5738,104500,9,240118
16672,0.002207,172.31.36.0-255,66,104566,9,240118
16673,0.002224,74.125.68.0-255,2184,106750,9,240118
16674,0.002227,172.31.36.0-255,66,106816,9,240118
16675,0.002258,74.125.68.0-255,7156,113972,9,240118
16676,0.002261,172.31.36.0-255,66,114038,9,240118
16677,0.002272,74.125.68.0-255,1484,115522,9,240118
16678,0.002285,74.125.68.0-255,4320,119842,9,240118
16679,0.002288,172.31.36.0-255,66,119908,9,240118
16680,0.002301,74.125.68.0-255,5738,125646,9,240118
16681,0.002304,172.31.36.0-255,66,125712,9,240118
16682,0.002308,74.125.68.0-255,2902,128614,9,240118
16683,0.00231,172.31.36.0-255,66,128680,9,240118
16684,0.002329,74.125.68.0-255,1484,130164,9,240118
16685,0.002392,74.125.68.0-255,2902,133066,9,240118
16686,0.002396,172.31.36.0-255,66,133132,9,240118
16687,0.002414,74.125.68.0-255,2184,135316,9,240118
16688,0.002417,172.31.36.0-255,66,135382,9,240118
16689,0.00498,74.125.68.0-255,2902,138284,9,240118
16690,0.004987,172.31.36.0-255,66,138350,9,240118
16691,0.005011,74.125.68.0-255,2902,141252,9,240118
16692,0.005014,172.31.36.0-255,66,141318,9,240118
16693,0.007565,74.125.68.0-255,2902,144220,9,240118
16694,0.007571,172.31.36.0-255,66,144286,9,240118
16695,0.007595,74.125.68.0-255,2902,147188,9,240118
16696,0.007599,172.31.36.0-255,66,147254,9,240118
16697,0.010163,74.125.68.0-255,5738,152992,9,240118
16698,0.010171,172.31.36.0-255,66,153058,9,240118
16699,0.012758,74.125.68.0-255,5738,158796,9,240118
16700,0.012767,172.31.36.0-255,66,158862,9,240118
16701,0.015345,74.125.68.0-255,5738,164600,9,240118
16702,0.015353,172.31.36.0-255,66,164666,9,240118
16703,0.017959,74.125.68.0-255,5738,170404,9,240118
16704,0.017973,172.31.36.0-255,66,170470,9,240118
16705,0.020575,74.125.68.0-255,5738,176208,9,240118
16706,0.020592,172.31.36.0-255,66,176274,9,240118
16707,0.023192,74.125.68.0-255,5738,182012,9,240118
16708,0.023205,172.31.36.0-255,66,182078,9,240118
16709,0.025803,74.125.68.0-255,5738,187816,9,240118
16710,0.025818,172.31.36.0-255,66,187882,9,240118
16711,0.02842,74.125.68.0-255,5738,193620,9,240118
16712,0.028442,172.31.36.0-255,66,193686,9,240118
16713,0.031029,74.125.68.0-255,5738,199424,9,240118
16714,0.031043,172.31.36.0-255,66,199490,9,240118
16715,0.033633,74.125.68.0-255,5738,205228,9,240118
16716,0.033645,172.31.36.0-255,66,205294,9,240118
16717,0.036253,74.125.68.0-255,5738,211032,9,240118
16718,0.036268,172.31.36.0-255,66,211098,9,240118
16719,0.038863,74.125.68.0-255,5738,216836,9,240118
16720,0.038873,172.31.36.0-255,66,216902,9,240118
16721,0.041477,74.125.68.0-255,5738,222640,9,240118
16722,0.041487,172.31.36.0-255,66,222706,9,240118
16723,0.044076,74.125.68.0-255,5738,228444,9,240118
16724,0.044086,172.31.36.0-255,66,228510,9,240118
16725,0.046681,74.125.68.0-255,5738,234248,9,240118
16726,0.046691,172.31.36.0-255,66,234314,9,240118
16727,0.049284,74.125.68.0-255,5738,240052,9,240118
16728,0.049302,172.31.36.0-255,66,240118,9,240118
16729,0.0,74.125.68.0-255,299,299,9,262695
16730,3.2e-05,172.31.36.0-255,66,365,9,262695
16731,4e-05,74.125.68.0-255,1484,1849,9,262695
16732,4.5e-05,172.31.36.0-255,66,1915,9,262695
16733,5e-05,74.125.68.0-255,2902,4817,9,262695
16734,6.1e-05,172.31.36.0-255,66,4883,9,262695
16735,9.3e-05,74.125.68.0-255,5738,10621,9,262695
16736,9.6e-05,172.31.36.0-255,66,10687,9,262695
16737,0.000101,74.125.68.0-255,3295,13982,9,262695
16738,0.000103,172.31.36.0-255,66,14048,9,262695
16739,0.000697,74.125.68.0-255,1484,15532,9,262695
16740,0.000704,172.31.36.0-255,66,15598,9,262695
16741,0.000715,74.125.68.0-255,2902,18500,9,262695
16742,0.000725,172.31.36.0-255,66,18566,9,262695
16743,0.000733,74.125.68.0-255,5738,24304,9,262695
16744,0.000735,172.31.36.0-255,66,24370,9,262695
16745,0.00078,74.125.68.0-255,6797,31167,9,262695
16746,0.000785,172.31.36.0-255,66,31233,9,262695
16747,0.000857,74.125.68.0-255,1484,32717,9,262695
16748,0.000862,172.31.36.0-255,66,32783,9,262695
16749,0.000866,74.125.68.0-255,1484,34267,9,262695
16750,0.000868,172.31.36.0-255,66,34333,9,262695
16751,0.000873,74.125.68.0-255,2902,37235,9,262695
16752,0.000881,172.31.36.0-255,66,37301,9,262695
16753,0.000886,74.125.68.0-255,2902,40203,9,262695
16754,0.000889,172.31.36.0-255,66,40269,9,262695
16755,0.000927,74.125.68.0-255,2902,43171,9,262695
16756,0.000934,74.125.68.0-255,5379,48550,9,262695
16757,0.000939,74.125.68.0-255,5738,54288,9,262695
16758,0.000954,172.31.36.0-255,66,54354,9,262695
16759,0.00097,172.31.36.0-255,66,54420,9,262695
16760,0.000973,172.31.36.0-255,66,54486,9,262695
16761,0.000978,74.125.68.0-255,394,54880,9,262695
16762,0.000986,172.31.36.0-255,66,54946,9,262695
16763,0.001048,74.125.68.0-255,349,55295,9,262695
16764,0.001323,74.125.68.0-255,1484,56779,9,262695
16765,0.00133,172.31.36.0-255,66,56845,9,262695
16766,0.001336,74.125.68.0-255,2902,59747,9,262695
16767,0.001338,172.31.36.0-255,66,59813,9,262695
16768,0.001341,74.125.68.0-255,1484,61297,9,262695
16769,0.001375,74.125.68.0-255,2902,64199,9,262695
16770,0.001377,172.31.36.0-255,66,64265,9,262695
16771,0.00138,74.125.68.0-255,1484,65749,9,262695
16772,0.001409,74.125.68.0-255,4320,70069,9,262695
16773,0.001412,172.31.36.0-255,66,70135,9,262695
16774,0.001419,74.125.68.0-255,7156,77291,9,262695
16775,0.001454,74.125.68.0-255,5738,83029,9,262695
16776,0.001457,172.31.36.0-255,66,83095,9,262695
16777,0.001462,172.31.36.0-255,66,83161,9,262695
16778,0.00151,74.125.68.0-255,4320,87481,9,262695
16779,0.001518,172.31.36.0-255,66,87547,9,262695
16780,0.001526,74.125.68.0-255,1484,89031,9,262695
16781,0.001529,74.125.68.0-255,766,89797,9,262695
16782,0.001552,172.31.36.0-255,66,89863,9,262695
16783,0.002195,74.125.68.0-255,1484,91347,9,262695
16784,0.002202,74.125.68.0-255,1484,92831,9,262695
16785,0.002205,172.31.36.0-255,66,92897,9,262695
16786,0.002231,74.125.68.0-255,2902,95799,9,262695
16787,0.002233,172.31.36.0-255,66,95865,9,262695
16788,0.002238,74.125.68.0-255,2902,98767,9,262695
16789,0.002241,172.31.36.0-255,66,98833,9,262695
16790,0.002264,74.125.68.0-255,2902,101735,9,262695
16791,0.002266,172.31.36.0-255,66,101801,9,262695
16792,0.00227,74.125.68.0-255,2902,104703,9,262695
16793,0.002272,172.31.36.0-255,66,104769,9,262695
16794,0.002276,74.125.68.0-255,2902,107671,9,262695
16795,0.002277,172.31.36.0-255,66,107737,9,262695
16796,0.002301,74.125.68.0-255,1484,109221,9,262695
16797,0.002318,74.125.68.0-255,2902,112123,9,262695
16798,0.00232,172.31.36.0-255,66,112189,9,262695
16799,0.002346,74.125.68.0-255,5738,117927,9,262695
16800,0.002348,172.31.36.0-255,66,117993,9,262695
16801,0.002352,74.125.68.0-255,2902,120895,9,262695
16802,0.002354,172.31.36.0-255,66,120961,9,262695
16803,0.002379,74.125.68.0-255,3602,124563,9,262695
16804,0.002385,172.31.36.0-255,66,124629,9,262695
16805,0.00241,74.125.68.0-255,1484,126113,9,262695
16806,0.002414,74.125.68.0-255,2902,129015,9,262695
16807,0.002416,172.31.36.0-255,66,129081,9,262695
16808,0.002422,74.125.68.0-255,4320,133401,9,262695
16809,0.002424,172.31.36.0-255,66,133467,9,262695
16810,0.00246,172.31.36.0-255,66,133533,9,262695
16811,0.002479,74.125.68.0-255,5738,139271,9,262695
16812,0.002499,74.125.68.0-255,7156,146427,9,262695
16813,0.002534,172.31.36.0-255,66,146493,9,262695
16814,0.002539,172.31.36.0-255,66,146559,9,262695
16815,0.002553,74.125.68.0-255,3602,150161,9,262695
16816,0.002602,172.31.36.0-255,66,150227,9,262695
16817,0.005046,74.125.68.0-255,1484,151711,9,262695
16818,0.005132,74.125.68.0-255,4320,156031,9,262695
16819,0.005138,172.31.36.0-255,66,156097,9,262695
16820,0.007654,74.125.68.0-255,5738,161835,9,262695
16821,0.007661,172.31.36.0-255,66,161901,9,262695
16822,0.01037,74.125.68.0-255,5738,167639,9,262695
16823,0.010432,172.31.36.0-255,66,167705,9,262695
16824,0.012959,74.125.68.0-255,5738,173443,9,262695
16825,0.012967,172.31.36.0-255,66,173509,9,262695
16826,0.015472,74.125.68.0-255,5738,179247,9,262695
16827,0.015481,172.31.36.0-255,66,179313,9,262695
16828,0.018009,74.125.68.0-255,5738,185051,9,262695
16829,0.018024,172.31.36.0-255,66,185117,9,262695
16830,0.020539,74.125.68.0-255,5738,190855,9,262695
16831,0.020547,172.31.36.0-255,66,190921,9,262695
16832,0.023053,74.125.68.0-255,4320,195241,9,262695
16833,0.023061,172.31.36.0-255,66,195307,9,262695
16834,0.023092,74.125.68.0-255,1484,196791,9,262695
16835,0.025579,74.125.68.0-255,4320,201111,9,262695
16836,0.025586,172.31.36.0-255,66,201177,9,262695
16837,0.028099,74.125.68.0-255,5738,206915,9,262695
16838,0.028106,172.31.36.0-255,66,206981,9,262695
16839,0.030627,74.125.68.0-255,5738,212719,9,262695
16840,0.030634,172.31.36.0-255,66,212785,9,262695
16841,0.031667,172.31.36.0-255,172,212957,9,262695
16842,0.0317,172.31.36.0-255,1117,214074,9,262695
16843,0.031767,172.31.36.0-255,1514,215588,9,262695
16844,0.031769,172.31.36.0-255,1514,217102,9,262695
16845,0.031771,172.31.36.0-255,1514,218616,9,262695
16846,0.031772,172.31.36.0-255,1514,220130,9,262695
16847,0.0318,172.31.36.0-255,1499,221629,9,262695
16848,0.033151,74.125.68.0-255,5738,227367,9,262695
16849,0.033158,172.31.36.0-255,66,227433,9,262695
16850,0.03321,104.244.42.0-255,66,227499,9,262695
16851,0.033235,104.244.42.0-255,66,227565,9,262695
16852,0.033372,104.244.42.0-255,66,227631,9,262695
16853,0.033379,104.244.42.0-255,66,227697,9,262695
16854,0.034151,104.244.42.0-255,108,227805,9,262695
16855,0.034161,172.31.36.0-255,66,227871,9,262695
16856,0.035677,74.125.68.0-255,5738,233609,9,262695
16857,0.035684,172.31.36.0-255,66,233675,9,262695
16858,0.038224,74.125.68.0-255,5738,239413,9,262695
16859,0.038231,172.31.36.0-255,66,239479,9,262695
16860,0.040778,74.125.68.0-255,5738,245217,9,262695
16861,0.040785,172.31.36.0-255,66,245283,9,262695
16862,0.043311,74.125.68.0-255,5738,251021,9,262695
16863,0.043319,172.31.36.0-255,66,251087,9,262695
16864,0.045874,74.125.68.0-255,5738,256825,9,262695
16865,0.04588,172.31.36.0-255,66,256891,9,262695
16866,0.048415,74.125.68.0-255,5738,262629,9,262695
16867,0.048421,172.31.36.0-255,66,262695,9,262695
16868,0.0,172.217.194.0-255,153,153,9,279107
16869,2.4e-05,172.31.36.0-255,66,219,9,279107
16870,3.1e-05,172.217.194.0-255,1484,1703,9,279107
16871,3.5e-05,172.31.36.0-255,66,1769,9,279107
16872,4e-05,172.217.194.0-255,2902,4671,9,279107
16873,4.3e-05,172.31.36.0-255,66,4737,9,279107
16874,4.6e-05,172.217.194.0-255,1484,6221,9,279107
16875,4.9e-05,172.31.36.0-255,66,6287,9,279107
16876,8.5e-05,172.217.194.0-255,5738,12025,9,279107
16877,8.8e-05,172.31.36.0-255,66,12091,9,279107
16878,9.3e-05,172.217.194.0-255,1977,14068,9,279107
16879,9.5e-05,172.31.36.0-255,66,14134,9,279107
16880,0.000105,172.31.36.0-255,66,14200,9,279107
16881,0.000125,172.217.194.0-255,2902,17102,9,279107
16882,0.000128,172.31.36.0-255,66,17168,9,279107
16883,0.000134,172.217.194.0-255,5379,22547,9,279107
16884,0.000136,172.31.36.0-255,66,22613,9,279107
16885,0.00022,172.217.194.0-255,1484,24097,9,279107
16886,0.000223,172.31.36.0-255,66,24163,9,279107
16887,0.000229,172.217.194.0-255,2902,27065,9,279107
16888,0.000231,172.31.36.0-255,66,27131,9,279107
16889,0.000234,172.217.194.0-255,1484,28615,9,279107
16890,0.000237,172.31.36.0-255,66,28681,9,279107
16891,0.000262,172.217.194.0-255,4320,33001,9,279107
16892,0.000266,172.31.36.0-255,66,33067,9,279107
16893,0.000273,172.217.194.0-255,6797,39864,9,279107
16894,0.000275,172.31.36.0-255,66,39930,9,279107
16895,0.000307,172.31.36.0-255,66,39996,9,279107
16896,0.000326,172.217.194.0-255,4320,44316,9,279107
16897,0.000329,172.31.36.0-255,66,44382,9,279107
16898,0.000333,172.217.194.0-255,2543,46925,9,279107
16899,0.000336,172.31.36.0-255,66,46991,9,279107
16900,0.000388,172.217.194.0-255,648,47639,9,279107
16901,0.000454,172.217.194.0-255,1484,49123,9,279107
16902,0.000458,172.31.36.0-255,66,49189,9,279107
16903,0.000471,172.217.194.0-255,2902,52091,9,279107
16904,0.000474,172.31.36.0-255,66,52157,9,279107
16905,0.000478,172.217.194.0-255,1484,53641,9,279107
16906,0.000504,172.217.194.0-255,4320,57961,9,279107
16907,0.000507,172.31.36.0-255,66,58027,9,279107
16908,0.000514,172.217.194.0-255,7156,65183,9,279107
16909,0.000517,172.31.36.0-255,66,65249,9,279107
16910,0.000554,172.31.36.0-255,66,65315,9,279107
16911,0.000559,172.217.194.0-255,2184,67499,9,279107
16912,0.000562,172.31.36.0-255,66,67565,9,279107
16913,0.000736,172.217.194.0-255,1484,69049,9,279107
16914,0.000742,172.217.194.0-255,2902,71951,9,279107
16915,0.000746,172.31.36.0-255,66,72017,9,279107
16916,0.00075,172.217.194.0-255,2902,74919,9,279107
16917,0.000753,172.31.36.0-255,66,74985,9,279107
16918,0.000768,172.217.194.0-255,2902,77887,9,279107
16919,0.00077,172.31.36.0-255,66,77953,9,279107
16920,0.000777,172.217.194.0-255,5738,83691,9,279107
16921,0.000779,172.31.36.0-255,66,83757,9,279107
16922,0.000805,172.217.194.0-255,7156,90913,9,279107
16923,0.000809,172.31.36.0-255,66,90979,9,279107
16924,0.00082,172.217.194.0-255,4320,95299,9,279107
16925,0.000823,172.31.36.0-255,66,95365,9,279107
16926,0.000851,172.217.194.0-255,6438,101803,9,279107
16927,0.000855,172.31.36.0-255,66,101869,9,279107
16928,0.001141,172.217.194.0-255,1484,103353,9,279107
16929,0.001159,172.217.194.0-255,2902,106255,9,279107
16930,0.001162,172.31.36.0-255,66,106321,9,279107
16931,0.001168,172.217.194.0-255,2902,109223,9,279107
16932,0.00117,172.31.36.0-255,66,109289,9,279107
16933,0.001184,172.217.194.0-255,2902,112191,9,279107
16934,0.001187,172.31.36.0-255,66,112257,9,279107
16935,0.001197,172.31.36.0-255,66,112323,9,279107
16936,0.001216,172.217.194.0-255,4320,116643,9,279107
16937,0.001219,172.31.36.0-255,66,116709,9,279107
16938,0.00123,172.31.36.0-255,66,116775,9,279107
16939,0.001253,172.217.194.0-255,2184,118959,9,279107
16940,0.001255,172.31.36.0-255,66,119025,9,279107
16941,0.001799,172.217.194.0-255,1484,120509,9,279107
16942,0.001809,172.217.194.0-255,2902,123411,9,279107
16943,0.001813,172.31.36.0-255,66,123477,9,279107
16944,0.001821,172.217.194.0-255,5738,129215,9,279107
16945,0.001824,172.31.36.0-255,66,129281,9,279107
16946,0.00185,172.217.194.0-255,4320,133601,9,279107
16947,0.001854,172.31.36.0-255,66,133667,9,279107
16948,0.001881,172.31.36.0-255,66,133733,9,279107
16949,0.001893,172.31.36.0-255,66,133799,9,279107
16950,0.001998,172.217.194.0-255,1484,135283,9,279107
16951,0.002004,172.217.194.0-255,2902,138185,9,279107
16952,0.002008,172.31.36.0-255,66,138251,9,279107
16953,0.002029,172.217.194.0-255,5738,143989,9,279107
16954,0.002031,172.31.36.0-255,66,144055,9,279107
16955,0.002074,172.31.36.0-255,66,144121,9,279107
16956,0.002091,172.217.194.0-255,1484,145605,9,279107
16957,0.002104,172.31.36.0-255,66,145671,9,279107
16958,0.004154,172.217.194.0-255,5738,151409,9,279107
16959,0.00416,172.31.36.0-255,66,151475,9,279107
16960,0.006223,172.217.194.0-255,5738,157213,9,279107
16961,0.00623,172.31.36.0-255,66,157279,9,279107
16962,0.008304,172.217.194.0-255,5738,163017,9,279107
16963,0.00831,172.31.36.0-255,66,163083,9,279107
16964,0.01041,172.217.194.0-255,5738,168821,9,279107
16965,0.010417,172.31.36.0-255,66,168887,9,279107
16966,0.012493,172.217.194.0-255,5738,174625,9,279107
16967,0.0125,172.31.36.0-255,66,174691,9,279107
16968,0.01458,172.217.194.0-255,5738,180429,9,279107
16969,0.014587,172.31.36.0-255,66,180495,9,279107
16970,0.016636,172.217.194.0-255,5738,186233,9,279107
16971,0.016644,172.31.36.0-255,66,186299,9,279107
16972,0.0187,172.217.194.0-255,5738,192037,9,279107
16973,0.018707,172.31.36.0-255,66,192103,9,279107
16974,0.020827,172.217.194.0-255,5738,197841,9,279107
16975,0.020835,172.31.36.0-255,66,197907,9,279107
16976,0.022902,172.217.194.0-255,5738,203645,9,279107
16977,0.022909,172.31.36.0-255,66,203711,9,279107
16978,0.025021,172.217.194.0-255,5738,209449,9,279107
16979,0.025028,172.31.36.0-255,66,209515,9,279107
16980,0.027084,172.217.194.0-255,5738,215253,9,279107
16981,0.027091,172.31.36.0-255,66,215319,9,279107
16982,0.029163,172.217.194.0-255,5738,221057,9,279107
16983,0.02917,172.31.36.0-255,66,221123,9,279107
16984,0.031253,172.217.194.0-255,5738,226861,9,279107
16985,0.03126,172.31.36.0-255,66,226927,9,279107
16986,0.033361,172.217.194.0-255,5738,232665,9,279107
16987,0.033368,172.31.36.0-255,66,232731,9,279107
16988,0.035445,172.217.194.0-255,5738,238469,9,279107
16989,0.035453,172.31.36.0-255,66,238535,9,279107
16990,0.037536,172.217.194.0-255,5738,244273,9,279107
16991,0.037543,172.31.36.0-255,66,244339,9,279107
16992,0.03962,172.217.194.0-255,5738,250077,9,279107
16993,0.039627,172.31.36.0-255,66,250143,9,279107
16994,0.041684,172.217.194.0-255,5738,255881,9,279107
16995,0.041691,172.31.36.0-255,66,255947,9,279107
16996,0.042109,172.31.36.0-255,188,256135,9,279107
16997,0.04214,172.31.36.0-255,960,257095,9,279107
16998,0.04219,172.31.36.0-255,1514,258609,9,279107
16999,0.042191,172.31.36.0-255,1514,260123,9,279107
17000,0.042215,172.31.36.0-255,1242,261365,9,279107
17001,0.043672,104.244.42.0-255,66,261431,9,279107
17002,0.043702,104.244.42.0-255,66,261497,9,279107
17003,0.043746,104.244.42.0-255,66,261563,9,279107
17004,0.043751,104.244.42.0-255,66,261629,9,279107
17005,0.043783,172.217.194.0-255,5738,267367,9,279107
17006,0.043788,172.31.36.0-255,66,267433,9,279107
17007,0.045881,172.217.194.0-255,5738,273171,9,279107
17008,0.045887,172.31.36.0-255,66,273237,9,279107
17009,0.047952,172.217.194.0-255,4320,277557,9,279107
17010,0.047957,172.31.36.0-255,66,277623,9,279107
17011,0.047991,172.217.194.0-255,1484,279107,9,279107
17012,0.0,74.125.24.0-255,153,153,9,235309
17013,2.5e-05,172.31.36.0-255,66,219,9,235309
17014,3.2e-05,74.125.24.0-255,1484,1703,9,235309
17015,3.7e-05,172.31.36.0-255,66,1769,9,235309
17016,4.2e-05,74.125.24.0-255,2902,4671,9,235309
17017,4.5e-05,172.31.36.0-255,66,4737,9,235309
17018,5.3e-05,74.125.24.0-255,7156,11893,9,235309
17019,5.6e-05,172.31.36.0-255,66,11959,9,235309
17020,6e-05,74.125.24.0-255,2060,14019,9,235309
17021,6.2e-05,172.31.36.0-255,66,14085,9,235309
17022,7.4e-05,172.31.36.0-255,66,14151,9,235309
17023,9.8e-05,74.125.24.0-255,1484,15635,9,235309
17024,0.000101,172.31.36.0-255,66,15701,9,235309
17025,0.000114,172.31.36.0-255,66,15767,9,235309
17026,0.000144,74.125.24.0-255,5738,21505,9,235309
17027,0.000146,172.31.36.0-255,66,21571,9,235309
17028,0.000159,172.31.36.0-255,66,21637,9,235309
17029,0.000178,74.125.24.0-255,6438,28075,9,235309
17030,0.00018,172.31.36.0-255,66,28141,9,235309
17031,0.000186,74.125.24.0-255,4233,32374,9,235309
17032,0.000187,172.31.36.0-255,66,32440,9,235309
17033,0.000208,74.125.24.0-255,385,32825,9,235309
17034,0.000211,172.31.36.0-255,66,32891,9,235309
17035,0.000406,74.125.24.0-255,1484,34375,9,235309
17036,0.000412,172.31.36.0-255,66,34441,9,235309
17037,0.000418,74.125.24.0-255,2902,37343,9,235309
17038,0.00042,172.31.36.0-255,66,37409,9,235309
17039,0.000426,74.125.24.0-255,5738,43147,9,235309
17040,0.000429,172.31.36.0-255,66,43213,9,235309
17041,0.000432,74.125.24.0-255,1484,44697,9,235309
17042,0.000457,172.31.36.0-255,66,44763,9,235309
17043,0.000492,74.125.24.0-255,2902,47665,9,235309
17044,0.000496,172.31.36.0-255,66,47731,9,235309
17045,0.000521,172.31.36.0-255,66,47797,9,235309
17046,0.001114,74.125.24.0-255,1484,49281,9,235309
17047,0.00113,74.125.24.0-255,2902,52183,9,235309
17048,0.001135,172.31.36.0-255,66,52249,9,235309
17049,0.001142,74.125.24.0-255,5738,57987,9,235309
17050,0.001144,172.31.36.0-255,66,58053,9,235309
17051,0.00115,74.125.24.0-255,4320,62373,9,235309
17052,0.001152,172.31.36.0-255,66,62439,9,235309
17053,0.001187,172.31.36.0-255,66,62505,9,235309
17054,0.001193,74.125.24.0-255,3602,66107,9,235309
17055,0.001195,172.31.36.0-255,66,66173,9,235309
17056,0.001426,74.125.24.0-255,1484,67657,9,235309
17057,0.001432,74.125.24.0-255,2902,70559,9,235309
17058,0.001436,172.31.36.0-255,66,70625,9,235309
17059,0.00144,74.125.24.0-255,1484,72109,9,235309
17060,0.001454,74.125.24.0-255,1484,73593,9,235309
17061,0.001456,172.31.36.0-255,66,73659,9,235309
17062,0.001459,74.125.24.0-255,1484,75143,9,235309
17063,0.001482,74.125.24.0-255,5738,80881,9,235309
17064,0.001484,172.31.36.0-255,66,80947,9,235309
17065,0.001519,172.31.36.0-255,66,81013,9,235309
17066,0.001538,74.125.24.0-255,4320,85333,9,235309
17067,0.001542,172.31.36.0-255,66,85399,9,235309
17068,0.00156,74.125.24.0-255,3602,89001,9,235309
17069,0.001563,172.31.36.0-255,66,89067,9,235309
17070,0.001655,74.125.24.0-255,1484,90551,9,235309
17071,0.001674,74.125.24.0-255,2902,93453,9,235309
17072,0.001679,74.125.24.0-255,5738,99191,9,235309
17073,0.001714,172.31.36.0-255,66,99257,9,235309
17074,0.001721,172.31.36.0-255,66,99323,9,235309
17075,0.001732,172.31.36.0-255,66,99389,9,235309
17076,0.00177,172.31.36.0-255,66,99455,9,235309
17077,0.00179,74.125.24.0-255,2184,101639,9,235309
17078,0.001792,172.31.36.0-255,66,101705,9,235309
17079,0.001813,74.125.24.0-255,1484,103189,9,235309
17080,0.001833,74.125.24.0-255,2902,106091,9,235309
17081,0.001836,172.31.36.0-255,66,106157,9,235309
17082,0.00184,74.125.24.0-255,2902,109059,9,235309
17083,0.001843,172.31.36.0-255,66,109125,9,235309
17084,0.00186,74.125.24.0-255,2902,112027,9,235309
17085,0.001862,172.31.36.0-255,66,112093,9,235309
17086,0.001867,74.125.24.0-255,4320,116413,9,235309
17087,0.001869,172.31.36.0-255,66,116479,9,235309
17088,0.001872,74.125.24.0-255,1484,117963,9,235309
17089,0.001895,172.31.36.0-255,66,118029,9,235309
17090,0.001918,172.31.36.0-255,66,118095,9,235309
17091,0.001956,74.125.24.0-255,1484,119579,9,235309
17092,0.001959,74.125.24.0-255,1484,121063,9,235309
17093,0.001963,172.31.36.0-255,66,121129,9,235309
17094,0.00197,74.125.24.0-255,1484,122613,9,235309
17095,0.001994,74.125.24.0-255,5738,128351,9,235309
17096,0.001996,74.125.24.0-255,1484,129835,9,235309
17097,0.002,172.31.36.0-255,66,129901,9,235309
17098,0.002035,172.31.36.0-255,66,129967,9,235309
17099,0.00204,74.125.24.0-255,4320,134287,9,235309
17100,0.002042,172.31.36.0-255,66,134353,9,235309
17101,0.002062,172.31.36.0-255,66,134419,9,235309
17102,0.002073,172.31.36.0-255,66,134485,9,235309
17103,0.002114,74.125.24.0-255,2902,137387,9,235309
17104,0.002117,172.31.36.0-255,66,137453,9,235309
17105,0.002139,172.31.36.0-255,66,137519,9,235309
17106,0.002156,74.125.24.0-255,6438,143957,9,235309
17107,0.002159,172.31.36.0-255,66,144023,9,235309
17108,0.002161,74.125.24.0-255,1484,145507,9,235309
17109,0.002192,74.125.24.0-255,4320,149827,9,235309
17110,0.002211,74.125.24.0-255,4320,154147,9,235309
17111,0.002228,74.125.24.0-255,5738,159885,9,235309
17112,0.002234,74.125.24.0-255,6438,166323,9,235309
17113,0.002239,74.125.24.0-255,5738,172061,9,235309
17114,0.002249,74.125.24.0-255,1484,173545,9,235309
17115,0.002253,74.125.24.0-255,2902,176447,9,235309
17116,0.002282,74.125.24.0-255,4320,180767,9,235309
17117,0.002292,74.125.24.0-255,2184,182951,9,235309
17118,0.003149,172.31.36.0-255,66,183017,9,235309
17119,0.005416,74.125.24.0-255,5738,188755,9,235309
17120,0.005422,172.31.36.0-255,66,188821,9,235309
17121,0.00769,74.125.24.0-255,5738,194559,9,235309
17122,0.007698,172.31.36.0-255,66,194625,9,235309
17123,0.009971,74.125.24.0-255,5738,200363,9,235309
17124,0.009984,172.31.36.0-255,66,200429,9,235309
17125,0.012239,74.125.24.0-255,5738,206167,9,235309
17126,0.012248,172.31.36.0-255,66,206233,9,235309
17127,0.014514,74.125.24.0-255,5738,211971,9,235309
17128,0.014524,172.31.36.0-255,66,212037,9,235309
17129,0.016785,74.125.24.0-255,5738,217775,9,235309
17130,0.016793,172.31.36.0-255,66,217841,9,235309
17131,0.019054,74.125.24.0-255,5738,223579,9,235309
17132,0.019063,172.31.36.0-255,66,223645,9,235309
17133,0.021332,74.125.24.0-255,5738,229383,9,235309
17134,0.021342,172.31.36.0-255,66,229449,9,235309
17135,0.023606,74.125.24.0-255,1336,230785,9,235309
17136,0.023961,172.31.36.0-255,66,230851,9,235309
17137,0.024001,172.31.36.0-255,105,230956,9,235309
17138,0.026061,172.31.36.0-255,176,231132,9,235309
17139,0.026092,172.31.36.0-255,1115,232247,9,235309
17140,0.026153,172.31.36.0-255,1514,233761,9,235309
17141,0.026155,172.31.36.0-255,1284,235045,9,235309
17142,0.026196,74.125.24.0-255,66,235111,9,235309
17143,0.027606,104.244.42.0-255,66,235177,9,235309
17144,0.027655,104.244.42.0-255,66,235243,9,235309
17145,0.027748,104.244.42.0-255,66,235309,9,235309
17146,0.0,74.125.24.0-255,152,152,9,291492
17147,3.6e-05,172.31.36.0-255,66,218,9,291492
17148,4.3e-05,74.125.24.0-255,1484,1702,9,291492
17149,4.6e-05,172.31.36.0-255,66,1768,9,291492
17150,5.1e-05,74.125.24.0-255,2902,4670,9,291492
17151,6.1e-05,172.31.36.0-255,66,4736,9,291492
17152,6.9e-05,74.125.24.0-255,7156,11892,9,291492
17153,7.1e-05,172.31.36.0-255,66,11958,9,291492
17154,7.5e-05,74.125.24.0-255,2018,13976,9,291492
17155,7.7e-05,172.31.36.0-255,66,14042,9,291492
17156,0.000169,74.125.24.0-255,1484,15526,9,291492
17157,0.000175,172.31.36.0-255,66,15592,9,291492
17158,0.000181,74.125.24.0-255,2902,18494,9,291492
17159,0.000183,172.31.36.0-255,66,18560,9,291492
17160,0.000188,74.125.24.0-255,4320,22880,9,291492
17161,0.000197,172.31.36.0-255,66,22946,9,291492
17162,0.00022,74.125.24.0-255,1484,24430,9,291492
17163,0.000228,172.31.36.0-255,66,24496,9,291492
17164,0.000233,74.125.24.0-255,2902,27398,9,291492
17165,0.000236,172.31.36.0-255,66,27464,9,291492
17166,0.000253,74.125.24.0-255,1484,28948,9,291492
17167,0.000255,172.31.36.0-255,66,29014,9,291492
17168,0.000269,74.125.24.0-255,4320,33334,9,291492
17169,0.000271,172.31.36.0-255,66,33400,9,291492
17170,0.000314,172.31.36.0-255,66,33466,9,291492
17171,0.00037,74.125.24.0-255,7156,40622,9,291492
17172,0.000374,172.31.36.0-255,66,40688,9,291492
17173,0.000402,74.125.24.0-255,5738,46426,9,291492
17174,0.000405,172.31.36.0-255,66,46492,9,291492
17175,0.000472,74.125.24.0-255,5738,52230,9,291492
17176,0.000475,172.31.36.0-255,66,52296,9,291492
17177,0.000508,74.125.24.0-255,5401,57697,9,291492
17178,0.000511,172.31.36.0-255,66,57763,9,291492
17179,0.000536,74.125.24.0-255,329,58092,9,291492
17180,0.000557,74.125.24.0-255,1484,59576,9,291492
17181,0.000561,172.31.36.0-255,66,59642,9,291492
17182,0.000567,74.125.24.0-255,4320,63962,9,291492
17183,0.000569,172.31.36.0-255,66,64028,9,291492
17184,0.000597,74.125.24.0-255,2902,66930,9,291492
17185,0.0006,172.31.36.0-255,66,66996,9,291492
17186,0.000635,74.125.24.0-255,5738,72734,9,291492
17187,0.000638,172.31.36.0-255,66,72800,9,291492
17188,0.000665,74.125.24.0-255,4320,77120,9,291492
17189,0.000668,172.31.36.0-255,66,77186,9,291492
17190,0.00071,172.31.36.0-255,66,77252,9,291492
17191,0.000793,74.125.24.0-255,766,78018,9,291492
17192,0.000831,74.125.24.0-255,1484,79502,9,291492
17193,0.000835,172.31.36.0-255,66,79568,9,291492
17194,0.000841,74.125.24.0-255,4320,83888,9,291492
17195,0.000843,172.31.36.0-255,66,83954,9,291492
17196,0.000878,172.31.36.0-255,66,84020,9,291492
17197,0.000939,74.125.24.0-255,7156,91176,9,291492
17198,0.000942,172.31.36.0-255,66,91242,9,291492
17199,0.001023,172.31.36.0-255,66,91308,9,291492
17200,0.001052,74.125.24.0-255,3602,94910,9,291492
17201,0.001055,172.31.36.0-255,66,94976,9,291492
17202,0.001408,74.125.24.0-255,1484,96460,9,291492
17203,0.001417,74.125.24.0-255,2902,99362,9,291492
17204,0.001422,172.31.36.0-255,66,99428,9,291492
17205,0.001427,74.125.24.0-255,2902,102330,9,291492
17206,0.001429,172.31.36.0-255,66,102396,9,291492
17207,0.001468,74.125.24.0-255,7156,109552,9,291492
17208,0.001472,172.31.36.0-255,66,109618,9,291492
17209,0.001501,74.125.24.0-255,4320,113938,9,291492
17210,0.001504,172.31.36.0-255,66,114004,9,291492
17211,0.001534,74.125.24.0-255,5738,119742,9,291492
17212,0.001537,172.31.36.0-255,66,119808,9,291492
17213,0.001579,172.31.36.0-255,66,119874,9,291492
17214,0.0016,74.125.24.0-255,2184,122058,9,291492
17215,0.001602,172.31.36.0-255,66,122124,9,291492
17216,0.001675,172.31.36.0-255,66,122190,9,291492
17217,0.00176,172.31.36.0-255,66,122256,9,291492
17218,0.00182,172.31.36.0-255,66,122322,9,291492
17219,0.001908,74.125.24.0-255,1484,123806,9,291492
17220,0.001915,74.125.24.0-255,2902,126708,9,291492
17221,0.00192,172.31.36.0-255,66,126774,9,291492
17222,0.001953,74.125.24.0-255,5738,132512,9,291492
17223,0.001958,172.31.36.0-255,66,132578,9,291492
17224,0.001987,74.125.24.0-255,5738,138316,9,291492
17225,0.00199,172.31.36.0-255,66,138382,9,291492
17226,0.002021,74.125.24.0-255,7156,145538,9,291492
17227,0.002028,172.31.36.0-255,66,145604,9,291492
17228,0.002088,74.125.24.0-255,5738,151342,9,291492
17229,0.002092,172.31.36.0-255,66,151408,9,291492
17230,0.002127,74.125.24.0-255,2902,154310,9,291492
17231,0.00213,172.31.36.0-255,66,154376,9,291492
17232,0.002153,74.125.24.0-255,2184,156560,9,291492
17233,0.002157,172.31.36.0-255,66,156626,9,291492
17234,0.002176,74.125.24.0-255,5738,162364,9,291492
17235,0.002179,172.31.36.0-255,66,162430,9,291492
17236,0.004266,74.125.24.0-255,5738,168168,9,291492
17237,0.004272,172.31.36.0-255,66,168234,9,291492
17238,0.006389,74.125.24.0-255,5738,173972,9,291492
17239,0.006396,172.31.36.0-255,66,174038,9,291492
17240,0.008515,74.125.24.0-255,5738,179776,9,291492
17241,0.008522,172.31.36.0-255,66,179842,9,291492
17242,0.010634,74.125.24.0-255,5738,185580,9,291492
17243,0.01064,172.31.36.0-255,66,185646,9,291492
17244,0.01274,74.125.24.0-255,5738,191384,9,291492
17245,0.012748,172.31.36.0-255,66,191450,9,291492
17246,0.014838,74.125.24.0-255,5738,197188,9,291492
17247,0.014845,172.31.36.0-255,66,197254,9,291492
17248,0.016968,74.125.24.0-255,5738,202992,9,291492
17249,0.016978,172.31.36.0-255,66,203058,9,291492
17250,0.019082,74.125.24.0-255,5738,208796,9,291492
17251,0.019089,172.31.36.0-255,66,208862,9,291492
17252,0.021245,74.125.24.0-255,5738,214600,9,291492
17253,0.021264,172.31.36.0-255,66,214666,9,291492
17254,0.023356,74.125.24.0-255,5738,220404,9,291492
17255,0.023371,172.31.36.0-255,66,220470,9,291492
17256,0.025509,74.125.24.0-255,5738,226208,9,291492
17257,0.025526,172.31.36.0-255,66,226274,9,291492
17258,0.027618,74.125.24.0-255,5738,232012,9,291492
17259,0.027633,172.31.36.0-255,66,232078,9,291492
17260,0.029743,74.125.24.0-255,5738,237816,9,291492
17261,0.02975,172.31.36.0-255,66,237882,9,291492
17262,0.031846,74.125.24.0-255,5738,243620,9,291492
17263,0.031853,172.31.36.0-255,66,243686,9,291492
17264,0.033966,74.125.24.0-255,5738,249424,9,291492
17265,0.033974,172.31.36.0-255,66,249490,9,291492
17266,0.036083,74.125.24.0-255,5738,255228,9,291492
17267,0.036092,172.31.36.0-255,66,255294,9,291492
17268,0.038193,74.125.24.0-255,5738,261032,9,291492
17269,0.038202,172.31.36.0-255,66,261098,9,291492
17270,0.040316,74.125.24.0-255,5738,266836,9,291492
17271,0.040326,172.31.36.0-255,66,266902,9,291492
17272,0.042285,172.31.36.0-255,172,267074,9,291492
17273,0.042317,172.31.36.0-255,1070,268144,9,291492
17274,0.042404,74.125.24.0-255,5738,273882,9,291492
17275,0.042409,172.31.36.0-255,66,273948,9,291492
17276,0.043777,104.244.42.0-255,66,274014,9,291492
17277,0.043882,104.244.42.0-255,66,274080,9,291492
17278,0.044512,74.125.24.0-255,5738,279818,9,291492
17279,0.044519,172.31.36.0-255,66,279884,9,291492
17280,0.046623,74.125.24.0-255,5738,285622,9,291492
17281,0.04663,172.31.36.0-255,66,285688,9,291492
17282,0.048745,74.125.24.0-255,5738,291426,9,291492
17283,0.048751,172.31.36.0-255,66,291492,9,291492
17284,0.0,172.217.194.0-255,291,291,9,188489
17285,2.4e-05,172.31.36.0-255,66,357,9,188489
17286,3.1e-05,172.217.194.0-255,1484,1841,9,188489
17287,3.6e-05,172.31.36.0-255,66,1907,9,188489
17288,4.3e-05,172.217.194.0-255,4320,6227,9,188489
17289,4.7e-05,172.31.36.0-255,66,6293,9,188489
17290,6e-05,172.31.36.0-255,66,6359,9,188489
17291,7.2e-05,172.31.36.0-255,66,6425,9,188489
17292,8.9e-05,172.217.194.0-255,1484,7909,9,188489
17293,9.1e-05,172.31.36.0-255,66,7975,9,188489
17294,0.000115,172.217.194.0-255,3961,11936,9,188489
17295,0.000118,172.31.36.0-255,66,12002,9,188489
17296,0.000136,172.217.194.0-255,1484,13486,9,188489
17297,0.000139,172.31.36.0-255,66,13552,9,188489
17298,0.000144,172.217.194.0-255,2902,16454,9,188489
17299,0.000146,172.31.36.0-255,66,16520,9,188489
17300,0.000178,172.217.194.0-255,5738,22258,9,188489
17301,0.00018,172.31.36.0-255,66,22324,9,188489
17302,0.000191,172.31.36.0-255,66,22390,9,188489
17303,0.000216,172.217.194.0-255,4320,26710,9,188489
17304,0.000218,172.31.36.0-255,66,26776,9,188489
17305,0.000246,172.31.36.0-255,66,26842,9,188489
17306,0.000268,172.217.194.0-255,2494,29336,9,188489
17307,0.00027,172.31.36.0-255,66,29402,9,188489
17308,0.000856,172.217.194.0-255,100,29502,9,188489
17309,0.000862,172.31.36.0-255,66,29568,9,188489
17310,0.000896,172.217.194.0-255,1484,31052,9,188489
17311,0.000899,172.31.36.0-255,66,31118,9,188489
17312,0.000905,172.217.194.0-255,2902,34020,9,188489
17313,0.000907,172.31.36.0-255,66,34086,9,188489
17314,0.000931,172.217.194.0-255,7156,41242,9,188489
17315,0.000934,172.31.36.0-255,66,41308,9,188489
17316,0.000976,172.31.36.0-255,66,41374,9,188489
17317,0.001012,172.31.36.0-255,66,41440,9,188489
17318,0.001028,172.31.36.0-255,66,41506,9,188489
17319,0.001032,172.217.194.0-255,2902,44408,9,188489
17320,0.001034,172.31.36.0-255,66,44474,9,188489
17321,0.001073,172.31.36.0-255,66,44540,9,188489
17322,0.00108,172.217.194.0-255,6438,50978,9,188489
17323,0.001082,172.31.36.0-255,66,51044,9,188489
17324,0.001126,172.31.36.0-255,66,51110,9,188489
17325,0.001148,172.217.194.0-255,5738,56848,9,188489
17326,0.001152,172.31.36.0-255,66,56914,9,188489
17327,0.001162,172.31.36.0-255,66,56980,9,188489
17328,0.001288,172.217.194.0-255,1484,58464,9,188489
17329,0.001295,172.217.194.0-255,2902,61366,9,188489
17330,0.001298,172.31.36.0-255,66,61432,9,188489
17331,0.001305,172.217.194.0-255,5738,67170,9,188489
17332,0.001307,172.31.36.0-255,66,67236,9,188489
17333,0.00131,172.217.194.0-255,1484,68720,9,188489
17334,0.001329,172.217.194.0-255,5738,74458,9,188489
17335,0.001332,172.31.36.0-255,66,74524,9,188489
17336,0.001335,172.217.194.0-255,1484,76008,9,188489
17337,0.001361,172.31.36.0-255,66,76074,9,188489
17338,0.001366,172.217.194.0-255,2184,78258,9,188489
17339,0.001369,172.31.36.0-255,66,78324,9,188489
17340,0.001411,172.217.194.0-255,2902,81226,9,188489
17341,0.001415,172.31.36.0-255,66,81292,9,188489
17342,0.00142,172.217.194.0-255,4320,85612,9,188489
17343,0.001423,172.31.36.0-255,66,85678,9,188489
17344,0.001489,172.31.36.0-255,66,85744,9,188489
17345,0.001507,172.31.36.0-255,66,85810,9,188489
17346,0.001548,172.217.194.0-255,1484,87294,9,188489
17347,0.001553,172.217.194.0-255,2902,90196,9,188489
17348,0.001556,172.31.36.0-255,66,90262,9,188489
17349,0.001574,172.217.194.0-255,4320,94582,9,188489
17350,0.001576,172.31.36.0-255,66,94648,9,188489
17351,0.001581,172.217.194.0-255,2902,97550,9,188489
17352,0.001583,172.31.36.0-255,66,97616,9,188489
17353,0.001606,172.217.194.0-255,5738,103354,9,188489
17354,0.00161,172.31.36.0-255,66,103420,9,188489
17355,0.00164,172.217.194.0-255,5738,109158,9,188489
17356,0.001644,172.31.36.0-255,66,109224,9,188489
17357,0.001668,172.31.36.0-255,66,109290,9,188489
17358,0.001744,172.217.194.0-255,1484,110774,9,188489
17359,0.00175,172.217.194.0-255,2902,113676,9,188489
17360,0.001753,172.31.36.0-255,66,113742,9,188489
17361,0.001774,172.217.194.0-255,5738,119480,9,188489
17362,0.001777,172.31.36.0-255,66,119546,9,188489
17363,0.001781,172.217.194.0-255,2902,122448,9,188489
17364,0.001783,172.31.36.0-255,66,122514,9,188489
17365,0.001803,172.217.194.0-255,7156,129670,9,188489
17366,0.001805,172.31.36.0-255,66,129736,9,188489
17367,0.001829,172.217.194.0-255,2902,132638,9,188489
17368,0.00185,172.217.194.0-255,2184,134822,9,188489
17369,0.001853,172.31.36.0-255,66,134888,9,188489
17370,0.001859,172.31.36.0-255,66,134954,9,188489
17371,0.00202,172.217.194.0-255,1484,136438,9,188489
17372,0.002025,172.217.194.0-255,1484,137922,9,188489
17373,0.002027,172.31.36.0-255,66,137988,9,188489
17374,0.002057,172.217.194.0-255,1484,139472,9,188489
17375,0.002064,172.217.194.0-255,5738,145210,9,188489
17376,0.002067,172.31.36.0-255,66,145276,9,188489
17377,0.0021,172.217.194.0-255,2902,148178,9,188489
17378,0.002122,172.217.194.0-255,1484,149662,9,188489
17379,0.002183,172.217.194.0-255,4320,153982,9,188489
17380,0.002187,172.217.194.0-255,2902,156884,9,188489
17381,0.002214,172.217.194.0-255,7156,164040,9,188489
17382,0.002236,172.217.194.0-255,4320,168360,9,188489
17383,0.002308,172.217.194.0-255,6438,174798,9,188489
17384,0.002311,172.217.194.0-255,1484,176282,9,188489
17385,0.002315,172.217.194.0-255,2902,179184,9,188489
17386,0.002342,172.217.194.0-255,5738,184922,9,188489
17387,0.002348,172.217.194.0-255,3128,188050,9,188489
17388,0.00235,172.217.194.0-255,97,188147,9,188489
17389,0.011609,172.217.194.0-255,105,188252,9,188489
17390,0.014168,172.31.36.0-255,66,188318,9,188489
17391,0.016679,172.31.36.0-255,105,188423,9,188489
17392,0.01901,172.217.194.0-255,66,188489,9,188489
17393,0.0,172.253.118.0-255,143,143,9,227831
17394,2e-05,172.31.36.0-255,66,209,9,227831
17395,4.1e-05,172.253.118.0-255,1484,1693,9,227831
17396,4.5e-05,172.31.36.0-255,66,1759,9,227831
17397,4.9e-05,172.253.118.0-255,1484,3243,9,227831
17398,5.1e-05,172.31.36.0-255,66,3309,9,227831
17399,6.3e-05,172.253.118.0-255,1484,4793,9,227831
17400,6.5e-05,172.31.36.0-255,66,4859,9,227831
17401,7.1e-05,172.253.118.0-255,2902,7761,9,227831
17402,7.4e-05,172.31.36.0-255,66,7827,9,227831
17403,9.3e-05,172.253.118.0-255,4320,12147,9,227831
17404,9.7e-05,172.31.36.0-255,66,12213,9,227831
17405,0.000101,172.253.118.0-255,1992,14205,9,227831
17406,0.000103,172.31.36.0-255,66,14271,9,227831
17407,0.000527,172.253.118.0-255,1484,15755,9,227831
17408,0.000533,172.31.36.0-255,66,15821,9,227831
17409,0.000542,172.253.118.0-255,2902,18723,9,227831
17410,0.000544,172.31.36.0-255,66,18789,9,227831
17411,0.000549,172.253.118.0-255,2902,21691,9,227831
17412,0.000551,172.31.36.0-255,66,21757,9,227831
17413,0.000568,172.253.118.0-255,2902,24659,9,227831
17414,0.00057,172.31.36.0-255,66,24725,9,227831
17415,0.000602,172.253.118.0-255,6797,31522,9,227831
17416,0.000606,172.31.36.0-255,66,31588,9,227831
17417,0.000723,172.253.118.0-255,1484,33072,9,227831
17418,0.000728,172.31.36.0-255,66,33138,9,227831
17419,0.000734,172.253.118.0-255,2902,36040,9,227831
17420,0.000736,172.31.36.0-255,66,36106,9,227831
17421,0.00074,172.253.118.0-255,1484,37590,9,227831
17422,0.000742,172.31.36.0-255,66,37656,9,227831
17423,0.000762,172.253.118.0-255,5738,43394,9,227831
17424,0.000766,172.31.36.0-255,66,43460,9,227831
17425,0.00079,172.253.118.0-255,2902,46362,9,227831
17426,0.000792,172.31.36.0-255,66,46428,9,227831
17427,0.000804,172.253.118.0-255,2543,48971,9,227831
17428,0.000807,172.31.36.0-255,66,49037,9,227831
17429,0.001518,172.253.118.0-255,1484,50521,9,227831
17430,0.001524,172.253.118.0-255,1484,52005,9,227831
17431,0.001528,172.31.36.0-255,66,52071,9,227831
17432,0.001547,172.253.118.0-255,1484,53555,9,227831
17433,0.001553,172.253.118.0-255,5738,59293,9,227831
17434,0.001555,172.31.36.0-255,66,59359,9,227831
17435,0.001599,172.253.118.0-255,2902,62261,9,227831
17436,0.001602,172.31.36.0-255,66,62327,9,227831
17437,0.001617,172.253.118.0-255,3961,66288,9,227831
17438,0.001619,172.31.36.0-255,66,66354,9,227831
17439,0.001681,172.253.118.0-255,1484,67838,9,227831
17440,0.001684,172.253.118.0-255,1484,69322,9,227831
17441,0.001686,172.31.36.0-255,66,69388,9,227831
17442,0.001704,172.253.118.0-255,1484,70872,9,227831
17443,0.001708,172.253.118.0-255,2902,73774,9,227831
17444,0.00171,172.31.36.0-255,66,73840,9,227831
17445,0.001716,172.253.118.0-255,5738,79578,9,227831
17446,0.001718,172.31.36.0-255,66,79644,9,227831
17447,0.001732,172.253.118.0-255,1484,81128,9,227831
17448,0.001752,172.253.118.0-255,4320,85448,9,227831
17449,0.001754,172.31.36.0-255,66,85514,9,227831
17450,0.001784,172.31.36.0-255,66,85580,9,227831
17451,0.001803,172.253.118.0-255,2543,88123,9,227831
17452,0.001805,172.31.36.0-255,66,88189,9,227831
17453,0.00193,172.253.118.0-255,646,88835,9,227831
17454,0.002142,172.253.118.0-255,1484,90319,9,227831
17455,0.002144,172.31.36.0-255,66,90385,9,227831
17456,0.002147,172.253.118.0-255,1484,91869,9,227831
17457,0.002164,172.253.118.0-255,1484,93353,9,227831
17458,0.002166,172.31.36.0-255,66,93419,9,227831
17459,0.002172,172.253.118.0-255,5738,99157,9,227831
17460,0.002174,172.31.36.0-255,66,99223,9,227831
17461,0.002184,172.253.118.0-255,1484,100707,9,227831
17462,0.002209,172.31.36.0-255,66,100773,9,227831
17463,0.002215,172.253.118.0-255,7156,107929,9,227831
17464,0.002217,172.31.36.0-255,66,107995,9,227831
17465,0.002238,172.253.118.0-255,3602,111597,9,227831
17466,0.00224,172.31.36.0-255,66,111663,9,227831
17467,0.004587,172.253.118.0-255,5738,117401,9,227831
17468,0.004594,172.31.36.0-255,66,117467,9,227831
17469,0.006934,172.253.118.0-255,5738,123205,9,227831
17470,0.006941,172.31.36.0-255,66,123271,9,227831
17471,0.009286,172.253.118.0-255,5738,129009,9,227831
17472,0.009292,172.31.36.0-255,66,129075,9,227831
17473,0.011674,172.253.118.0-255,5738,134813,9,227831
17474,0.011681,172.31.36.0-255,66,134879,9,227831
17475,0.014033,172.253.118.0-255,5738,140617,9,227831
17476,0.014045,172.31.36.0-255,66,140683,9,227831
17477,0.016387,172.253.118.0-255,5738,146421,9,227831
17478,0.016395,172.31.36.0-255,66,146487,9,227831
17479,0.018715,172.253.118.0-255,5738,152225,9,227831
17480,0.018723,172.31.36.0-255,66,152291,9,227831
17481,0.021063,172.253.118.0-255,5738,158029,9,227831
17482,0.021071,172.31.36.0-255,66,158095,9,227831
17483,0.023449,172.253.118.0-255,5738,163833,9,227831
17484,0.023456,172.31.36.0-255,66,163899,9,227831
17485,0.025695,172.31.36.0-255,172,164071,9,227831
17486,0.025724,172.31.36.0-255,1070,165141,9,227831
17487,0.025848,172.253.118.0-255,5738,170879,9,227831
17488,0.025854,172.31.36.0-255,66,170945,9,227831
17489,0.027253,104.244.42.0-255,66,171011,9,227831
17490,0.027261,104.244.42.0-255,66,171077,9,227831
17491,0.028225,172.253.118.0-255,5738,176815,9,227831
17492,0.028232,172.31.36.0-255,66,176881,9,227831
17493,0.030568,172.253.118.0-255,5738,182619,9,227831
17494,0.030574,172.31.36.0-255,66,182685,9,227831
17495,0.032908,172.253.118.0-255,5738,188423,9,227831
17496,0.032914,172.31.36.0-255,66,188489,9,227831
17497,0.035249,172.253.118.0-255,5738,194227,9,227831
17498,0.035254,172.31.36.0-255,66,194293,9,227831
17499,0.037588,172.253.118.0-255,5738,200031,9,227831
17500,0.037593,172.31.36.0-255,66,200097,9,227831
17501,0.039938,172.253.118.0-255,1484,201581,9,227831
17502,0.039969,172.253.118.0-255,4320,205901,9,227831
17503,0.039975,172.31.36.0-255,66,205967,9,227831
17504,0.042317,172.253.118.0-255,4320,210287,9,227831
17505,0.042323,172.31.36.0-255,66,210353,9,227831
17506,0.042354,172.253.118.0-255,1484,211837,9,227831
17507,0.044668,172.253.118.0-255,4320,216157,9,227831
17508,0.044673,172.31.36.0-255,66,216223,9,227831
17509,0.047003,172.253.118.0-255,5738,221961,9,227831
17510,0.047008,172.31.36.0-255,66,222027,9,227831
17511,0.049371,172.253.118.0-255,5738,227765,9,227831
17512,0.049378,172.31.36.0-255,66,227831,9,227831
17513,0.0,74.125.68.0-255,153,153,9,336764
17514,1.8e-05,172.31.36.0-255,66,219,9,336764
17515,2.4e-05,74.125.68.0-255,1484,1703,9,336764
17516,2.8e-05,172.31.36.0-255,66,1769,9,336764
17517,3.4e-05,74.125.68.0-255,2902,4671,9,336764
17518,3.6e-05,172.31.36.0-255,66,4737,9,336764
17519,6e-05,74.125.68.0-255,4320,9057,9,336764
17520,6.3e-05,172.31.36.0-255,66,9123,9,336764
17521,8e-05,74.125.68.0-255,1484,10607,9,336764
17522,8.2e-05,172.31.36.0-255,66,10673,9,336764
17523,8.8e-05,74.125.68.0-255,3384,14057,9,336764
17524,9e-05,172.31.36.0-255,66,14123,9,336764
17525,9.3e-05,74.125.68.0-255,1484,15607,9,336764
17526,9.5e-05,172.31.36.0-255,66,15673,9,336764
17527,0.00012,74.125.68.0-255,2902,18575,9,336764
17528,0.000123,172.31.36.0-255,66,18641,9,336764
17529,0.000156,172.31.36.0-255,66,18707,9,336764
17530,0.000177,74.125.68.0-255,1484,20191,9,336764
17531,0.000179,172.31.36.0-255,66,20257,9,336764
17532,0.000184,74.125.68.0-255,2543,22800,9,336764
17533,0.000186,172.31.36.0-255,66,22866,9,336764
17534,0.000415,74.125.68.0-255,1484,24350,9,336764
17535,0.00042,172.31.36.0-255,66,24416,9,336764
17536,0.000426,74.125.68.0-255,2902,27318,9,336764
17537,0.000429,172.31.36.0-255,66,27384,9,336764
17538,0.000491,74.125.68.0-255,4320,31704,9,336764
17539,0.000495,172.31.36.0-255,66,31770,9,336764
17540,0.000515,74.125.68.0-255,1484,33254,9,336764
17541,0.000518,172.31.36.0-255,66,33320,9,336764
17542,0.000526,74.125.68.0-255,7156,40476,9,336764
17543,0.000528,172.31.36.0-255,66,40542,9,336764
17544,0.000536,74.125.68.0-255,7156,47698,9,336764
17545,0.000539,172.31.36.0-255,66,47764,9,336764
17546,0.000565,74.125.68.0-255,5738,53502,9,336764
17547,0.000568,172.31.36.0-255,66,53568,9,336764
17548,0.00059,74.125.68.0-255,3602,57170,9,336764
17549,0.000592,172.31.36.0-255,66,57236,9,336764
17550,0.000608,74.125.68.0-255,398,57634,9,336764
17551,0.000656,74.125.68.0-255,1484,59118,9,336764
17552,0.000659,172.31.36.0-255,66,59184,9,336764
17553,0.000678,74.125.68.0-255,1484,60668,9,336764
17554,0.0007,74.125.68.0-255,2902,63570,9,336764
17555,0.000704,74.125.68.0-255,2902,66472,9,336764
17556,0.00071,172.31.36.0-255,66,66538,9,336764
17557,0.000713,172.31.36.0-255,66,66604,9,336764
17558,0.000741,74.125.68.0-255,4320,70924,9,336764
17559,0.000744,172.31.36.0-255,66,70990,9,336764
17560,0.000797,74.125.68.0-255,1484,72474,9,336764
17561,0.000815,74.125.68.0-255,2800,75274,9,336764
17562,0.000818,172.31.36.0-255,66,75340,9,336764
17563,0.001066,74.125.68.0-255,1484,76824,9,336764
17564,0.001072,74.125.68.0-255,2902,79726,9,336764
17565,0.001075,172.31.36.0-255,66,79792,9,336764
17566,0.001097,74.125.68.0-255,5738,85530,9,336764
17567,0.001101,172.31.36.0-255,66,85596,9,336764
17568,0.001153,74.125.68.0-255,2902,88498,9,336764
17569,0.001156,172.31.36.0-255,66,88564,9,336764
17570,0.001174,74.125.68.0-255,2902,91466,9,336764
17571,0.001177,172.31.36.0-255,66,91532,9,336764
17572,0.001184,74.125.68.0-255,7156,98688,9,336764
17573,0.001186,172.31.36.0-255,66,98754,9,336764
17574,0.001211,74.125.68.0-255,4320,103074,9,336764
17575,0.001213,172.31.36.0-255,66,103140,9,336764
17576,0.001238,74.125.68.0-255,6438,109578,9,336764
17577,0.001241,172.31.36.0-255,66,109644,9,336764
17578,0.00129,74.125.68.0-255,1484,111128,9,336764
17579,0.00131,74.125.68.0-255,1484,112612,9,336764
17580,0.001313,172.31.36.0-255,66,112678,9,336764
17581,0.001318,74.125.68.0-255,2902,115580,9,336764
17582,0.001319,172.31.36.0-255,66,115646,9,336764
17583,0.001323,74.125.68.0-255,1484,117130,9,336764
17584,0.001339,74.125.68.0-255,4320,121450,9,336764
17585,0.001341,172.31.36.0-255,66,121516,9,336764
17586,0.001366,74.125.68.0-255,5738,127254,9,336764
17587,0.001369,172.31.36.0-255,66,127320,9,336764
17588,0.001393,74.125.68.0-255,2902,130222,9,336764
17589,0.001395,172.31.36.0-255,66,130288,9,336764
17590,0.001415,74.125.68.0-255,2902,133190,9,336764
17591,0.001417,172.31.36.0-255,66,133256,9,336764
17592,0.001425,74.125.68.0-255,7156,140412,9,336764
17593,0.001427,172.31.36.0-255,66,140478,9,336764
17594,0.001448,74.125.68.0-255,3602,144080,9,336764
17595,0.00145,172.31.36.0-255,66,144146,9,336764
17596,0.001456,74.125.68.0-255,4320,148466,9,336764
17597,0.001458,172.31.36.0-255,66,148532,9,336764
17598,0.001483,74.125.68.0-255,2902,151434,9,336764
17599,0.001485,172.31.36.0-255,66,151500,9,336764
17600,0.001512,74.125.68.0-255,7156,158656,9,336764
17601,0.001514,172.31.36.0-255,66,158722,9,336764
17602,0.001519,74.125.68.0-255,4320,163042,9,336764
17603,0.001521,172.31.36.0-255,66,163108,9,336764
17604,0.00156,74.125.68.0-255,4320,167428,9,336764
17605,0.001563,172.31.36.0-255,66,167494,9,336764
17606,0.001596,172.31.36.0-255,66,167560,9,336764
17607,0.001645,74.125.68.0-255,1484,169044,9,336764
17608,0.001663,74.125.68.0-255,2902,171946,9,336764
17609,0.001665,172.31.36.0-255,66,172012,9,336764
17610,0.00169,74.125.68.0-255,5738,177750,9,336764
17611,0.001693,172.31.36.0-255,66,177816,9,336764
17612,0.001725,74.125.68.0-255,7156,184972,9,336764
17613,0.001728,172.31.36.0-255,66,185038,9,336764
17614,0.001731,74.125.68.0-255,1484,186522,9,336764
17615,0.001752,74.125.68.0-255,7156,193678,9,336764
17616,0.001791,172.31.36.0-255,66,193744,9,336764
17617,0.001816,172.31.36.0-255,66,193810,9,336764
17618,0.001836,74.125.68.0-255,5738,199548,9,336764
17619,0.00184,172.31.36.0-255,66,199614,9,336764
17620,0.001859,74.125.68.0-255,2902,202516,9,336764
17621,0.00187,74.125.68.0-255,1484,204000,9,336764
17622,0.001874,172.31.36.0-255,66,204066,9,336764
17623,0.001877,172.31.36.0-255,66,204132,9,336764
17624,0.001893,172.31.36.0-255,66,204198,9,336764
17625,0.001938,172.31.36.0-255,66,204264,9,336764
17626,0.001943,74.125.68.0-255,2902,207166,9,336764
17627,0.001945,172.31.36.0-255,66,207232,9,336764
17628,0.001963,74.125.68.0-255,1484,208716,9,336764
17629,0.001988,74.125.68.0-255,6797,215513,9,336764
17630,0.001991,172.31.36.0-255,66,215579,9,336764
17631,0.004275,74.125.68.0-255,5738,221317,9,336764
17632,0.004283,172.31.36.0-255,66,221383,9,336764
17633,0.006573,74.125.68.0-255,5738,227121,9,336764
17634,0.006579,172.31.36.0-255,66,227187,9,336764
17635,0.008915,74.125.68.0-255,4320,231507,9,336764
17636,0.008922,172.31.36.0-255,66,231573,9,336764
17637,0.008939,74.125.68.0-255,1484,233057,9,336764
17638,0.011207,74.125.68.0-255,4320,237377,9,336764
17639,0.011214,172.31.36.0-255,66,237443,9,336764
17640,0.013493,74.125.68.0-255,5738,243181,9,336764
17641,0.013501,172.31.36.0-255,66,243247,9,336764
17642,0.015795,74.125.68.0-255,5738,248985,9,336764
17643,0.015804,172.31.36.0-255,66,249051,9,336764
17644,0.018096,74.125.68.0-255,5738,254789,9,336764
17645,0.018106,172.31.36.0-255,66,254855,9,336764
17646,0.020401,74.125.68.0-255,5738,260593,9,336764
17647,0.020409,172.31.36.0-255,66,260659,9,336764
17648,0.022694,74.125.68.0-255,5738,266397,9,336764
17649,0.022701,172.31.36.0-255,66,266463,9,336764
17650,0.024986,74.125.68.0-255,5738,272201,9,336764
17651,0.024994,172.31.36.0-255,66,272267,9,336764
17652,0.027287,74.125.68.0-255,5738,278005,9,336764
17653,0.027294,172.31.36.0-255,66,278071,9,336764
17654,0.029587,74.125.68.0-255,5738,283809,9,336764
17655,0.029595,172.31.36.0-255,66,283875,9,336764
17656,0.031887,74.125.68.0-255,5738,289613,9,336764
17657,0.031894,172.31.36.0-255,66,289679,9,336764
17658,0.032654,172.31.36.0-255,176,289855,9,336764
17659,0.032688,172.31.36.0-255,1116,290971,9,336764
17660,0.032752,172.31.36.0-255,1514,292485,9,336764
17661,0.032754,172.31.36.0-255,1514,293999,9,336764
17662,0.032759,172.31.36.0-255,1514,295513,9,336764
17663,0.03276,172.31.36.0-255,359,295872,9,336764
17664,0.034196,104.244.42.0-255,66,295938,9,336764
17665,0.034223,74.125.68.0-255,5738,301676,9,336764
17666,0.034229,172.31.36.0-255,66,301742,9,336764
17667,0.034249,104.244.42.0-255,66,301808,9,336764
17668,0.034296,104.244.42.0-255,66,301874,9,336764
17669,0.034301,104.244.42.0-255,66,301940,9,336764
17670,0.036548,74.125.68.0-255,5738,307678,9,336764
17671,0.036555,172.31.36.0-255,66,307744,9,336764
17672,0.038843,74.125.68.0-255,5738,313482,9,336764
17673,0.03885,172.31.36.0-255,66,313548,9,336764
17674,0.041136,74.125.68.0-255,5738,319286,9,336764
17675,0.041143,172.31.36.0-255,66,319352,9,336764
17676,0.043448,74.125.68.0-255,5738,325090,9,336764
17677,0.043453,172.31.36.0-255,66,325156,9,336764
17678,0.045754,74.125.68.0-255,5738,330894,9,336764
17679,0.045761,172.31.36.0-255,66,330960,9,336764
17680,0.048061,74.125.68.0-255,5738,336698,9,336764
17681,0.048071,172.31.36.0-255,66,336764,9,336764
17682,0.0,74.125.24.0-255,153,153,9,229588
17683,3.5e-05,172.31.36.0-255,66,219,9,229588
17684,4.2e-05,74.125.24.0-255,1484,1703,9,229588
17685,4.6e-05,172.31.36.0-255,66,1769,9,229588
17686,5.2e-05,74.125.24.0-255,2902,4671,9,229588
17687,5.5e-05,172.31.36.0-255,66,4737,9,229588
17688,5.9e-05,74.125.24.0-255,2902,7639,9,229588
17689,6.3e-05,172.31.36.0-255,66,7705,9,229588
17690,6.8e-05,74.125.24.0-255,4320,12025,9,229588
17691,7.1e-05,172.31.36.0-255,66,12091,9,229588
17692,0.000106,74.125.24.0-255,1977,14068,9,229588
17693,0.000109,172.31.36.0-255,66,14134,9,229588
17694,0.000308,74.125.24.0-255,1484,15618,9,229588
17695,0.000314,172.31.36.0-255,66,15684,9,229588
17696,0.000319,74.125.24.0-255,2902,18586,9,229588
17697,0.000322,172.31.36.0-255,66,18652,9,229588
17698,0.000329,74.125.24.0-255,5738,24390,9,229588
17699,0.000332,172.31.36.0-255,66,24456,9,229588
17700,0.000379,74.125.24.0-255,4320,28776,9,229588
17701,0.000383,172.31.36.0-255,66,28842,9,229588
17702,0.000402,74.125.24.0-255,2543,31385,9,229588
17703,0.000407,172.31.36.0-255,66,31451,9,229588
17704,0.000913,74.125.24.0-255,1484,32935,9,229588
17705,0.000919,172.31.36.0-255,66,33001,9,229588
17706,0.000929,74.125.24.0-255,2902,35903,9,229588
17707,0.000931,172.31.36.0-255,66,35969,9,229588
17708,0.000938,74.125.24.0-255,5738,41707,9,229588
17709,0.00094,172.31.36.0-255,66,41773,9,229588
17710,0.000955,74.125.24.0-255,1484,43257,9,229588
17711,0.000957,172.31.36.0-255,66,43323,9,229588
17712,0.000986,172.31.36.0-255,66,43389,9,229588
17713,0.001012,74.125.24.0-255,4320,47709,9,229588
17714,0.001015,172.31.36.0-255,66,47775,9,229588
17715,0.001037,74.125.24.0-255,5673,53448,9,229588
17716,0.001041,172.31.36.0-255,66,53514,9,229588
17717,0.001044,74.125.24.0-255,131,53645,9,229588
17718,0.001077,74.125.24.0-255,350,53995,9,229588
17719,0.001509,74.125.24.0-255,1484,55479,9,229588
17720,0.001514,172.31.36.0-255,66,55545,9,229588
17721,0.001521,74.125.24.0-255,2902,58447,9,229588
17722,0.001523,172.31.36.0-255,66,58513,9,229588
17723,0.00153,74.125.24.0-255,5738,64251,9,229588
17724,0.001532,172.31.36.0-255,66,64317,9,229588
17725,0.001579,74.125.24.0-255,5738,70055,9,229588
17726,0.001582,172.31.36.0-255,66,70121,9,229588
17727,0.001602,74.125.24.0-255,7156,77277,9,229588
17728,0.001604,172.31.36.0-255,66,77343,9,229588
17729,0.001611,74.125.24.0-255,7156,84499,9,229588
17730,0.001613,172.31.36.0-255,66,84565,9,229588
17731,0.001653,74.125.24.0-255,3602,88167,9,229588
17732,0.001655,172.31.36.0-255,66,88233,9,229588
17733,0.002124,74.125.24.0-255,1484,89717,9,229588
17734,0.002129,74.125.24.0-255,2902,92619,9,229588
17735,0.002131,172.31.36.0-255,66,92685,9,229588
17736,0.002152,74.125.24.0-255,5738,98423,9,229588
17737,0.002154,172.31.36.0-255,66,98489,9,229588
17738,0.002157,74.125.24.0-255,1484,99973,9,229588
17739,0.002185,172.31.36.0-255,66,100039,9,229588
17740,0.002195,172.31.36.0-255,66,100105,9,229588
17741,0.002232,74.125.24.0-255,2184,102289,9,229588
17742,0.002234,172.31.36.0-255,66,102355,9,229588
17743,0.004493,74.125.24.0-255,2902,105257,9,229588
17744,0.004497,172.31.36.0-255,66,105323,9,229588
17745,0.004526,74.125.24.0-255,2902,108225,9,229588
17746,0.00453,172.31.36.0-255,66,108291,9,229588
17747,0.0068,74.125.24.0-255,2902,111193,9,229588
17748,0.006807,172.31.36.0-255,66,111259,9,229588
17749,0.006843,74.125.24.0-255,2902,114161,9,229588
17750,0.006846,172.31.36.0-255,66,114227,9,229588
17751,0.009109,74.125.24.0-255,2902,117129,9,229588
17752,0.009116,172.31.36.0-255,66,117195,9,229588
17753,0.00914,74.125.24.0-255,2902,120097,9,229588
17754,0.009144,172.31.36.0-255,66,120163,9,229588
17755,0.011415,74.125.24.0-255,2902,123065,9,229588
17756,0.011423,172.31.36.0-255,66,123131,9,229588
17757,0.011446,74.125.24.0-255,2902,126033,9,229588
17758,0.011449,172.31.36.0-255,66,126099,9,229588
17759,0.013733,74.125.24.0-255,5738,131837,9,229588
17760,0.01374,172.31.36.0-255,66,131903,9,229588
17761,0.016038,74.125.24.0-255,5738,137641,9,229588
17762,0.016046,172.31.36.0-255,66,137707,9,229588
17763,0.018384,74.125.24.0-255,5738,143445,9,229588
17764,0.018393,172.31.36.0-255,66,143511,9,229588
17765,0.020699,74.125.24.0-255,5738,149249,9,229588
17766,0.020708,172.31.36.0-255,66,149315,9,229588
17767,0.023016,74.125.24.0-255,5738,155053,9,229588
17768,0.023022,172.31.36.0-255,66,155119,9,229588
17769,0.025324,74.125.24.0-255,5738,160857,9,229588
17770,0.025333,172.31.36.0-255,66,160923,9,229588
17771,0.02765,74.125.24.0-255,5738,166661,9,229588
17772,0.027657,172.31.36.0-255,66,166727,9,229588
17773,0.029959,74.125.24.0-255,5738,172465,9,229588
17774,0.029967,172.31.36.0-255,66,172531,9,229588
17775,0.031798,172.31.36.0-255,176,172707,9,229588
17776,0.031844,172.31.36.0-255,1116,173823,9,229588
17777,0.031926,172.31.36.0-255,1514,175337,9,229588
17778,0.031928,172.31.36.0-255,1514,176851,9,229588
17779,0.031933,172.31.36.0-255,1514,178365,9,229588
17780,0.031934,172.31.36.0-255,1514,179879,9,229588
17781,0.031956,172.31.36.0-255,1514,181393,9,229588
17782,0.031958,172.31.36.0-255,1259,182652,9,229588
17783,0.032253,74.125.24.0-255,5738,188390,9,229588
17784,0.032258,172.31.36.0-255,66,188456,9,229588
17785,0.03335,104.244.42.0-255,66,188522,9,229588
17786,0.033359,104.244.42.0-255,66,188588,9,229588
17787,0.033496,104.244.42.0-255,66,188654,9,229588
17788,0.033503,104.244.42.0-255,66,188720,9,229588
17789,0.033506,104.244.42.0-255,66,188786,9,229588
17790,0.034584,74.125.24.0-255,5738,194524,9,229588
17791,0.034591,172.31.36.0-255,66,194590,9,229588
17792,0.0369,74.125.24.0-255,5738,200328,9,229588
17793,0.036909,172.31.36.0-255,66,200394,9,229588
17794,0.039211,74.125.24.0-255,5738,206132,9,229588
17795,0.039221,172.31.36.0-255,66,206198,9,229588
17796,0.041533,74.125.24.0-255,5738,211936,9,229588
17797,0.041548,172.31.36.0-255,66,212002,9,229588
17798,0.043855,74.125.24.0-255,5738,217740,9,229588
17799,0.043864,172.31.36.0-255,66,217806,9,229588
17800,0.046169,74.125.24.0-255,5738,223544,9,229588
17801,0.046175,172.31.36.0-255,66,223610,9,229588
17802,0.04777,172.31.36.0-255,108,223718,9,229588
17803,0.048499,74.125.24.0-255,5738,229456,9,229588
17804,0.048505,172.31.36.0-255,66,229522,9,229588
17805,0.049316,104.244.42.0-255,66,229588,9,229588
17806,0.0,172.31.36.0-255,172,172,9,11861
17807,5.8e-05,172.31.36.0-255,1140,1312,9,11861
17808,0.000152,172.31.36.0-255,1514,2826,9,11861
17809,0.000155,172.31.36.0-255,1514,4340,9,11861
17810,0.000161,172.31.36.0-255,1514,5854,9,11861
17811,0.000162,172.31.36.0-255,1514,7368,9,11861
17812,0.000187,172.31.36.0-255,1514,8882,9,11861
17813,0.000189,172.31.36.0-255,1514,10396,9,11861
17814,0.000216,172.31.36.0-255,1135,11531,9,11861
17815,0.001543,104.244.42.0-255,66,11597,9,11861
17816,0.001622,104.244.42.0-255,66,11663,9,11861
17817,0.00173,104.244.42.0-255,66,11729,9,11861
17818,0.001736,104.244.42.0-255,66,11795,9,11861
17819,0.001747,104.244.42.0-255,66,11861,9,11861
17820,0.0,74.125.200.0-255,66,66,9,198
17821,2.1e-05,74.125.200.0-255,66,132,9,198
17822,3.7e-05,172.31.36.0-255,66,198,9,198
17823,0.0,74.125.68.0-255,153,153,9,245017
17824,3.4e-05,172.31.36.0-255,66,219,9,245017
17825,4.1e-05,74.125.68.0-255,1484,1703,9,245017
17826,4.7e-05,172.31.36.0-255,66,1769,9,245017
17827,5.2e-05,74.125.68.0-255,2902,4671,9,245017
17828,5.5e-05,172.31.36.0-255,66,4737,9,245017
17829,6e-05,74.125.68.0-255,2902,7639,9,245017
17830,6.3e-05,172.31.36.0-255,66,7705,9,245017
17831,8.3e-05,74.125.68.0-255,4320,12025,9,245017
17832,8.7e-05,172.31.36.0-255,66,12091,9,245017
17833,9.1e-05,74.125.68.0-255,2082,14173,9,245017
17834,9.3e-05,172.31.36.0-255,66,14239,9,245017
17835,0.000132,172.31.36.0-255,66,14305,9,245017
17836,0.000135,74.125.68.0-255,1484,15789,9,245017
17837,0.000138,172.31.36.0-255,66,15855,9,245017
17838,0.000164,74.125.68.0-255,2902,18757,9,245017
17839,0.000167,172.31.36.0-255,66,18823,9,245017
17840,0.000203,172.31.36.0-255,66,18889,9,245017
17841,0.000211,74.125.68.0-255,5738,24627,9,245017
17842,0.000213,172.31.36.0-255,66,24693,9,245017
17843,0.000216,74.125.68.0-255,766,25459,9,245017
17844,0.000218,172.31.36.0-255,66,25525,9,245017
17845,0.00027,74.125.68.0-255,1484,27009,9,245017
17846,0.000273,172.31.36.0-255,66,27075,9,245017
17847,0.000293,74.125.68.0-255,1484,28559,9,245017
17848,0.000297,172.31.36.0-255,66,28625,9,245017
17849,0.000301,74.125.68.0-255,2902,31527,9,245017
17850,0.000304,172.31.36.0-255,66,31593,9,245017
17851,0.000307,74.125.68.0-255,1484,33077,9,245017
17852,0.000309,172.31.36.0-255,66,33143,9,245017
17853,0.000339,74.125.68.0-255,4320,37463,9,245017
17854,0.000342,172.31.36.0-255,66,37529,9,245017
17855,0.000346,74.125.68.0-255,2902,40431,9,245017
17856,0.000349,172.31.36.0-255,66,40497,9,245017
17857,0.000382,74.125.68.0-255,2819,43316,9,245017
17858,0.000385,172.31.36.0-255,66,43382,9,245017
17859,0.000505,74.125.68.0-255,133,43515,9,245017
17860,0.000732,74.125.68.0-255,1484,44999,9,245017
17861,0.00074,172.31.36.0-255,66,45065,9,245017
17862,0.000745,74.125.68.0-255,2902,47967,9,245017
17863,0.000748,172.31.36.0-255,66,48033,9,245017
17864,0.000768,74.125.68.0-255,5738,53771,9,245017
17865,0.00077,172.31.36.0-255,66,53837,9,245017
17866,0.000816,172.31.36.0-255,66,53903,9,245017
17867,0.000844,74.125.68.0-255,1484,55387,9,245017
17868,0.000875,172.31.36.0-255,66,55453,9,245017
17869,0.001004,74.125.68.0-255,1484,56937,9,245017
17870,0.00102,74.125.68.0-255,2902,59839,9,245017
17871,0.001023,172.31.36.0-255,66,59905,9,245017
17872,0.001066,74.125.68.0-255,5738,65643,9,245017
17873,0.001073,74.125.68.0-255,7156,72799,9,245017
17874,0.001072,172.31.36.0-255,66,72865,9,245017
17875,0.001077,172.31.36.0-255,66,72931,9,245017
17876,0.001105,172.31.36.0-255,66,72997,9,245017
17877,0.001129,74.125.68.0-255,5738,78735,9,245017
17878,0.001134,172.31.36.0-255,66,78801,9,245017
17879,0.001148,74.125.68.0-255,4320,83121,9,245017
17880,0.001152,172.31.36.0-255,66,83187,9,245017
17881,0.001181,172.31.36.0-255,66,83253,9,245017
17882,0.001195,172.31.36.0-255,66,83319,9,245017
17883,0.0012,74.125.68.0-255,4320,87639,9,245017
17884,0.001202,172.31.36.0-255,66,87705,9,245017
17885,0.001256,74.125.68.0-255,5738,93443,9,245017
17886,0.00126,172.31.36.0-255,66,93509,9,245017
17887,0.001263,74.125.68.0-255,766,94275,9,245017
17888,0.001421,74.125.68.0-255,1484,95759,9,245017
17889,0.001425,172.31.36.0-255,66,95825,9,245017
17890,0.00143,74.125.68.0-255,2902,98727,9,245017
17891,0.001432,172.31.36.0-255,66,98793,9,245017
17892,0.001444,74.125.68.0-255,2902,101695,9,245017
17893,0.001446,172.31.36.0-255,66,101761,9,245017
17894,0.001472,74.125.68.0-255,4320,106081,9,245017
17895,0.001476,172.31.36.0-255,66,106147,9,245017
17896,0.00148,74.125.68.0-255,2902,109049,9,245017
17897,0.001482,172.31.36.0-255,66,109115,9,245017
17898,0.001501,74.125.68.0-255,5738,114853,9,245017
17899,0.001504,172.31.36.0-255,66,114919,9,245017
17900,0.001511,74.125.68.0-255,5738,120657,9,245017
17901,0.001513,172.31.36.0-255,66,120723,9,245017
17902,0.00152,74.125.68.0-255,5738,126461,9,245017
17903,0.001522,172.31.36.0-255,66,126527,9,245017
17904,0.001542,74.125.68.0-255,1484,128011,9,245017
17905,0.001546,74.125.68.0-255,766,128777,9,245017
17906,0.001549,172.31.36.0-255,66,128843,9,245017
17907,0.003851,74.125.68.0-255,2902,131745,9,245017
17908,0.003857,172.31.36.0-255,66,131811,9,245017
17909,0.003879,74.125.68.0-255,2902,134713,9,245017
17910,0.003881,172.31.36.0-255,66,134779,9,245017
17911,0.006175,74.125.68.0-255,4320,139099,9,245017
17912,0.006178,172.31.36.0-255,66,139165,9,245017
17913,0.006194,74.125.68.0-255,1484,140649,9,245017
17914,0.008501,74.125.68.0-255,4320,144969,9,245017
17915,0.008507,172.31.36.0-255,66,145035,9,245017
17916,0.010839,74.125.68.0-255,5738,150773,9,245017
17917,0.010846,172.31.36.0-255,66,150839,9,245017
17918,0.013182,74.125.68.0-255,5738,156577,9,245017
17919,0.01319,172.31.36.0-255,66,156643,9,245017
17920,0.015527,74.125.68.0-255,5738,162381,9,245017
17921,0.015536,172.31.36.0-255,66,162447,9,245017
17922,0.017859,74.125.68.0-255,5738,168185,9,245017
17923,0.017867,172.31.36.0-255,66,168251,9,245017
17924,0.020199,74.125.68.0-255,5738,173989,9,245017
17925,0.020206,172.31.36.0-255,66,174055,9,245017
17926,0.022539,74.125.68.0-255,5738,179793,9,245017
17927,0.022546,172.31.36.0-255,66,179859,9,245017
17928,0.024872,74.125.68.0-255,5738,185597,9,245017
17929,0.024884,172.31.36.0-255,66,185663,9,245017
17930,0.027217,74.125.68.0-255,5738,191401,9,245017
17931,0.027226,172.31.36.0-255,66,191467,9,245017
17932,0.029547,74.125.68.0-255,5738,197205,9,245017
17933,0.029555,172.31.36.0-255,66,197271,9,245017
17934,0.031886,74.125.68.0-255,5738,203009,9,245017
17935,0.031893,172.31.36.0-255,66,203075,9,245017
17936,0.032441,172.31.36.0-255,172,203247,9,245017
17937,0.032472,172.31.36.0-255,1114,204361,9,245017
17938,0.032503,172.31.36.0-255,1514,205875,9,245017
17939,0.032504,172.31.36.0-255,1020,206895,9,245017
17940,0.033998,104.244.42.0-255,66,206961,9,245017
17941,0.034005,104.244.42.0-255,66,207027,9,245017
17942,0.034109,104.244.42.0-255,66,207093,9,245017
17943,0.034213,74.125.68.0-255,4320,211413,9,245017
17944,0.034218,172.31.36.0-255,66,211479,9,245017
17945,0.034236,74.125.68.0-255,1484,212963,9,245017
17946,0.036549,74.125.68.0-255,4320,217283,9,245017
17947,0.036555,172.31.36.0-255,66,217349,9,245017
17948,0.038884,74.125.68.0-255,5738,223087,9,245017
17949,0.038889,172.31.36.0-255,66,223153,9,245017
17950,0.041215,74.125.68.0-255,5738,228891,9,245017
17951,0.041221,172.31.36.0-255,66,228957,9,245017
17952,0.043566,74.125.68.0-255,4320,233277,9,245017
17953,0.043571,172.31.36.0-255,66,233343,9,245017
17954,0.043602,74.125.68.0-255,1484,234827,9,245017
17955,0.045897,74.125.68.0-255,4320,239147,9,245017
17956,0.045902,172.31.36.0-255,66,239213,9,245017
17957,0.048219,74.125.68.0-255,5738,244951,9,245017
17958,0.048224,172.31.36.0-255,66,245017,9,245017
17959,0.0,172.31.36.0-255,105,105,9,276
17960,0.001761,157.240.13.0-255,105,210,9,276
17961,0.001771,172.31.36.0-255,66,276,9,276
17962,0.0,74.125.130.0-255,153,153,9,342094
17963,3.2e-05,172.31.36.0-255,66,219,9,342094
17964,3.9e-05,74.125.130.0-255,1484,1703,9,342094
17965,4.4e-05,172.31.36.0-255,66,1769,9,342094
17966,4.7e-05,74.125.130.0-255,1484,3253,9,342094
17967,4.9e-05,172.31.36.0-255,66,3319,9,342094
17968,5.5e-05,74.125.130.0-255,2902,6221,9,342094
17969,5.7e-05,172.31.36.0-255,66,6287,9,342094
17970,6.3e-05,74.125.130.0-255,4320,10607,9,342094
17971,6.5e-05,172.31.36.0-255,66,10673,9,342094
17972,7.8e-05,74.125.130.0-255,1484,12157,9,342094
17973,8e-05,172.31.36.0-255,66,12223,9,342094
17974,8.5e-05,74.125.130.0-255,2041,14264,9,342094
17975,9e-05,172.31.36.0-255,66,14330,9,342094
17976,0.000185,74.125.130.0-255,1484,15814,9,342094
17977,0.00019,172.31.36.0-255,66,15880,9,342094
17978,0.000209,74.125.130.0-255,2902,18782,9,342094
17979,0.000213,172.31.36.0-255,66,18848,9,342094
17980,0.000217,74.125.130.0-255,1484,20332,9,342094
17981,0.000219,172.31.36.0-255,66,20398,9,342094
17982,0.000235,74.125.130.0-255,2902,23300,9,342094
17983,0.000238,172.31.36.0-255,66,23366,9,342094
17984,0.000269,74.125.130.0-255,1484,24850,9,342094
17985,0.000271,172.31.36.0-255,66,24916,9,342094
17986,0.000289,74.125.130.0-255,4320,29236,9,342094
17987,0.000293,172.31.36.0-255,66,29302,9,342094
17988,0.000297,74.125.130.0-255,2543,31845,9,342094
17989,0.000299,172.31.36.0-255,66,31911,9,342094
17990,0.00032,74.125.130.0-255,2902,34813,9,342094
17991,0.000323,172.31.36.0-255,66,34879,9,342094
17992,0.000327,74.125.130.0-255,2902,37781,9,342094
17993,0.00033,172.31.36.0-255,66,37847,9,342094
17994,0.000332,74.125.130.0-255,1484,39331,9,342094
17995,0.000355,74.125.130.0-255,2902,42233,9,342094
17996,0.000358,172.31.36.0-255,66,42299,9,342094
17997,0.000376,74.125.130.0-255,4320,46619,9,342094
17998,0.000379,172.31.36.0-255,66,46685,9,342094
17999,0.000397,74.125.130.0-255,2543,49228,9,342094
18000,0.0004,172.31.36.0-255,66,49294,9,342094
18001,0.000446,74.125.130.0-255,1484,50778,9,342094
18002,0.000461,74.125.130.0-255,2902,53680,9,342094
18003,0.000464,172.31.36.0-255,66,53746,9,342094
18004,0.000483,74.125.130.0-255,4320,58066,9,342094
18005,0.000486,172.31.36.0-255,66,58132,9,342094
18006,0.000489,74.125.130.0-255,1484,59616,9,342094
18007,0.00051,74.125.130.0-255,4320,63936,9,342094
18008,0.000513,172.31.36.0-255,66,64002,9,342094
18009,0.000526,74.125.130.0-255,2543,66545,9,342094
18010,0.000529,172.31.36.0-255,66,66611,9,342094
18011,0.000831,74.125.130.0-255,357,66968,9,342094
18012,0.000868,74.125.130.0-255,1484,68452,9,342094
18013,0.000872,172.31.36.0-255,66,68518,9,342094
18014,0.000892,74.125.130.0-255,4320,72838,9,342094
18015,0.000895,172.31.36.0-255,66,72904,9,342094
18016,0.000908,74.125.130.0-255,1484,74388,9,342094
18017,0.000923,74.125.130.0-255,4320,78708,9,342094
18018,0.000927,172.31.36.0-255,66,78774,9,342094
18019,0.00095,74.125.130.0-255,5379,84153,9,342094
18020,0.000953,172.31.36.0-255,66,84219,9,342094
18021,0.001057,74.125.130.0-255,1484,85703,9,342094
18022,0.001083,74.125.130.0-255,2902,88605,9,342094
18023,0.001087,172.31.36.0-255,66,88671,9,342094
18024,0.001109,74.125.130.0-255,4320,92991,9,342094
18025,0.001112,172.31.36.0-255,66,93057,9,342094
18026,0.001136,74.125.130.0-255,1484,94541,9,342094
18027,0.00115,74.125.130.0-255,4320,98861,9,342094
18028,0.001153,172.31.36.0-255,66,98927,9,342094
18029,0.001171,74.125.130.0-255,4320,103247,9,342094
18030,0.001173,172.31.36.0-255,66,103313,9,342094
18031,0.001197,74.125.130.0-255,2902,106215,9,342094
18032,0.0012,172.31.36.0-255,66,106281,9,342094
18033,0.001204,74.125.130.0-255,2902,109183,9,342094
18034,0.001206,172.31.36.0-255,66,109249,9,342094
18035,0.001211,74.125.130.0-255,2902,112151,9,342094
18036,0.001213,172.31.36.0-255,66,112217,9,342094
18037,0.001234,74.125.130.0-255,1484,113701,9,342094
18038,0.001237,74.125.130.0-255,1484,115185,9,342094
18039,0.00124,172.31.36.0-255,66,115251,9,342094
18040,0.001258,74.125.130.0-255,3602,118853,9,342094
18041,0.00126,172.31.36.0-255,66,118919,9,342094
18042,0.001292,74.125.130.0-255,1484,120403,9,342094
18043,0.001311,74.125.130.0-255,2902,123305,9,342094
18044,0.001315,172.31.36.0-255,66,123371,9,342094
18045,0.001332,74.125.130.0-255,2902,126273,9,342094
18046,0.001335,172.31.36.0-255,66,126339,9,342094
18047,0.001353,74.125.130.0-255,2902,129241,9,342094
18048,0.001355,172.31.36.0-255,66,129307,9,342094
18049,0.001359,74.125.130.0-255,1484,130791,9,342094
18050,0.001364,74.125.130.0-255,2902,133693,9,342094
18051,0.001366,172.31.36.0-255,66,133759,9,342094
18052,0.001397,74.125.130.0-255,2841,136600,9,342094
18053,0.0014,172.31.36.0-255,66,136666,9,342094
18054,0.001977,74.125.130.0-255,1484,138150,9,342094
18055,0.001982,74.125.130.0-255,2902,141052,9,342094
18056,0.001986,172.31.36.0-255,66,141118,9,342094
18057,0.001989,74.125.130.0-255,1484,142602,9,342094
18058,0.002004,74.125.130.0-255,2902,145504,9,342094
18059,0.002006,172.31.36.0-255,66,145570,9,342094
18060,0.002024,74.125.130.0-255,4320,149890,9,342094
18061,0.002026,172.31.36.0-255,66,149956,9,342094
18062,0.00204,74.125.130.0-255,1484,151440,9,342094
18063,0.002057,74.125.130.0-255,2902,154342,9,342094
18064,0.00206,172.31.36.0-255,66,154408,9,342094
18065,0.00208,74.125.130.0-255,4320,158728,9,342094
18066,0.002082,172.31.36.0-255,66,158794,9,342094
18067,0.002086,74.125.130.0-255,2902,161696,9,342094
18068,0.002088,172.31.36.0-255,66,161762,9,342094
18069,0.002104,74.125.130.0-255,5738,167500,9,342094
18070,0.002106,172.31.36.0-255,66,167566,9,342094
18071,0.002111,74.125.130.0-255,3602,171168,9,342094
18072,0.002114,172.31.36.0-255,66,171234,9,342094
18073,0.002174,74.125.130.0-255,1484,172718,9,342094
18074,0.00219,74.125.130.0-255,2902,175620,9,342094
18075,0.002193,172.31.36.0-255,66,175686,9,342094
18076,0.002195,74.125.130.0-255,1484,177170,9,342094
18077,0.002223,74.125.130.0-255,1484,178654,9,342094
18078,0.002225,172.31.36.0-255,66,178720,9,342094
18079,0.002242,74.125.130.0-255,4320,183040,9,342094
18080,0.002244,172.31.36.0-255,66,183106,9,342094
18081,0.002263,74.125.130.0-255,4320,187426,9,342094
18082,0.002266,172.31.36.0-255,66,187492,9,342094
18083,0.002298,172.31.36.0-255,66,187558,9,342094
18084,0.002315,74.125.130.0-255,5738,193296,9,342094
18085,0.002317,172.31.36.0-255,66,193362,9,342094
18086,0.00234,74.125.130.0-255,3602,196964,9,342094
18087,0.002342,172.31.36.0-255,66,197030,9,342094
18088,0.002413,74.125.130.0-255,1484,198514,9,342094
18089,0.002428,74.125.130.0-255,2902,201416,9,342094
18090,0.00243,172.31.36.0-255,66,201482,9,342094
18091,0.002487,74.125.130.0-255,5738,207220,9,342094
18092,0.00249,172.31.36.0-255,66,207286,9,342094
18093,0.002496,74.125.130.0-255,7156,214442,9,342094
18094,0.002499,172.31.36.0-255,66,214508,9,342094
18095,0.002513,74.125.130.0-255,7156,221664,9,342094
18096,0.002516,172.31.36.0-255,66,221730,9,342094
18097,0.002534,74.125.130.0-255,5738,227468,9,342094
18098,0.002536,172.31.36.0-255,66,227534,9,342094
18099,0.00255,74.125.130.0-255,1484,229018,9,342094
18100,0.002567,74.125.130.0-255,2184,231202,9,342094
18101,0.002569,172.31.36.0-255,66,231268,9,342094
18102,0.005152,74.125.130.0-255,1484,232752,9,342094
18103,0.005176,74.125.130.0-255,4320,237072,9,342094
18104,0.00518,172.31.36.0-255,66,237138,9,342094
18105,0.00782,74.125.130.0-255,5738,242876,9,342094
18106,0.007827,172.31.36.0-255,66,242942,9,342094
18107,0.010452,74.125.130.0-255,5738,248680,9,342094
18108,0.010462,172.31.36.0-255,66,248746,9,342094
18109,0.013077,74.125.130.0-255,5738,254484,9,342094
18110,0.013085,172.31.36.0-255,66,254550,9,342094
18111,0.015708,74.125.130.0-255,5738,260288,9,342094
18112,0.01572,172.31.36.0-255,66,260354,9,342094
18113,0.018365,74.125.130.0-255,5738,266092,9,342094
18114,0.018374,172.31.36.0-255,66,266158,9,342094
18115,0.020986,74.125.130.0-255,5738,271896,9,342094
18116,0.020995,172.31.36.0-255,66,271962,9,342094
18117,0.023616,74.125.130.0-255,5738,277700,9,342094
18118,0.023623,172.31.36.0-255,66,277766,9,342094
18119,0.026239,74.125.130.0-255,5738,283504,9,342094
18120,0.026247,172.31.36.0-255,66,283570,9,342094
18121,0.02886,74.125.130.0-255,5738,289308,9,342094
18122,0.028869,172.31.36.0-255,66,289374,9,342094
18123,0.031481,74.125.130.0-255,5738,295112,9,342094
18124,0.03149,172.31.36.0-255,66,295178,9,342094
18125,0.034113,74.125.130.0-255,5738,300916,9,342094
18126,0.034122,172.31.36.0-255,66,300982,9,342094
18127,0.036743,74.125.130.0-255,5738,306720,9,342094
18128,0.036751,172.31.36.0-255,66,306786,9,342094
18129,0.039377,74.125.130.0-255,5738,312524,9,342094
18130,0.039385,172.31.36.0-255,66,312590,9,342094
18131,0.0403,172.31.36.0-255,176,312766,9,342094
18132,0.040328,172.31.36.0-255,1115,313881,9,342094
18133,0.040386,172.31.36.0-255,1514,315395,9,342094
18134,0.040388,172.31.36.0-255,1514,316909,9,342094
18135,0.040389,172.31.36.0-255,1514,318423,9,342094
18136,0.040391,172.31.36.0-255,1514,319937,9,342094
18137,0.040392,172.31.36.0-255,1381,321318,9,342094
18138,0.041921,104.244.42.0-255,66,321384,9,342094
18139,0.042009,74.125.130.0-255,4320,325704,9,342094
18140,0.042017,172.31.36.0-255,66,325770,9,342094
18141,0.04205,74.125.130.0-255,1484,327254,9,342094
18142,0.042068,104.244.42.0-255,66,327320,9,342094
18143,0.042073,104.244.42.0-255,66,327386,9,342094
18144,0.042075,104.244.42.0-255,66,327452,9,342094
18145,0.044648,74.125.130.0-255,4320,331772,9,342094
18146,0.044654,172.31.36.0-255,66,331838,9,342094
18147,0.047265,74.125.130.0-255,4320,336158,9,342094
18148,0.04727,172.31.36.0-255,66,336224,9,342094
18149,0.047304,74.125.130.0-255,1484,337708,9,342094
18150,0.049921,74.125.130.0-255,4320,342028,9,342094
18151,0.049927,172.31.36.0-255,66,342094,9,342094
18152,0.0,172.31.36.0-255,66,66,9,66
18153,0.0,74.125.130.0-255,431,431,9,135340
18154,3.3e-05,74.125.130.0-255,1484,1915,9,135340
18155,3.7e-05,172.31.36.0-255,66,1981,9,135340
18156,5.9e-05,74.125.130.0-255,2902,4883,9,135340
18157,6.2e-05,172.31.36.0-255,66,4949,9,135340
18158,8.5e-05,74.125.130.0-255,5738,10687,9,135340
18159,8.7e-05,172.31.36.0-255,66,10753,9,135340
18160,0.000317,74.125.130.0-255,4850,15603,9,135340
18161,0.000323,172.31.36.0-255,66,15669,9,135340
18162,0.000507,74.125.130.0-255,5738,21407,9,135340
18163,0.000513,172.31.36.0-255,66,21473,9,135340
18164,0.000755,74.125.130.0-255,5738,27211,9,135340
18165,0.00076,172.31.36.0-255,66,27277,9,135340
18166,0.000788,74.125.130.0-255,2902,30179,9,135340
18167,0.000791,172.31.36.0-255,66,30245,9,135340
18168,0.002518,74.125.130.0-255,4320,34565,9,135340
18169,0.002523,172.31.36.0-255,66,34631,9,135340
18170,0.002548,74.125.130.0-255,1484,36115,9,135340
18171,0.002618,74.125.130.0-255,5738,41853,9,135340
18172,0.002638,74.125.130.0-255,7156,49009,9,135340
18173,0.003181,74.125.130.0-255,2902,51911,9,135340
18174,0.003806,172.31.36.0-255,66,51977,9,135340
18175,0.004008,74.125.130.0-255,4320,56297,9,135340
18176,0.004013,172.31.36.0-255,66,56363,9,135340
18177,0.004048,172.31.36.0-255,66,56429,9,135340
18178,0.004735,74.125.130.0-255,7156,63585,9,135340
18179,0.00474,172.31.36.0-255,66,63651,9,135340
18180,0.006297,74.125.130.0-255,5738,69389,9,135340
18181,0.006303,172.31.36.0-255,66,69455,9,135340
18182,0.006333,74.125.130.0-255,5738,75193,9,135340
18183,0.006454,74.125.130.0-255,5738,80931,9,135340
18184,0.006902,74.125.130.0-255,7156,88087,9,135340
18185,0.007345,74.125.130.0-255,7156,95243,9,135340
18186,0.007714,74.125.130.0-255,5738,100981,9,135340
18187,0.008107,74.125.130.0-255,1484,102465,9,135340
18188,0.008443,74.125.130.0-255,3816,106281,9,135340
18189,0.00845,172.31.36.0-255,66,106347,9,135340
18190,0.008456,172.31.36.0-255,66,106413,9,135340
18191,0.010967,172.31.36.0-255,66,106479,9,135340
18192,0.011019,172.31.36.0-255,66,106545,9,135340
18193,0.011094,172.31.36.0-255,66,106611,9,135340
18194,0.011158,172.31.36.0-255,66,106677,9,135340
18195,0.011518,74.125.130.0-255,7156,113833,9,135340
18196,0.011523,172.31.36.0-255,66,113899,9,135340
18197,0.011573,172.31.36.0-255,66,113965,9,135340
18198,0.011973,172.31.36.0-255,66,114031,9,135340
18199,0.012007,172.31.36.0-255,66,114097,9,135340
18200,0.013465,172.31.36.0-255,66,114163,9,135340
18201,0.013508,74.125.130.0-255,5910,120073,9,135340
18202,0.013511,172.31.36.0-255,66,120139,9,135340
18203,0.013542,172.31.36.0-255,66,120205,9,135340
18204,0.013594,172.31.36.0-255,66,120271,9,135340
18205,0.014021,74.125.130.0-255,7156,127427,9,135340
18206,0.014025,172.31.36.0-255,66,127493,9,135340
18207,0.014068,172.31.36.0-255,66,127559,9,135340
18208,0.014096,74.125.130.0-255,1999,129558,9,135340
18209,0.014099,172.31.36.0-255,66,129624,9,135340
18210,0.014582,172.31.36.0-255,105,129729,9,135340
18211,0.021417,74.125.130.0-255,66,129795,9,135340
18212,0.027095,172.31.36.0-255,172,129967,9,135340
18213,0.02713,172.31.36.0-255,1118,131085,9,135340
18214,0.027172,172.31.36.0-255,1514,132599,9,135340
18215,0.027174,172.31.36.0-255,1514,134113,9,135340
18216,0.027175,172.31.36.0-255,963,135076,9,135340
18217,0.028585,104.244.42.0-255,66,135142,9,135340
18218,0.028618,104.244.42.0-255,66,135208,9,135340
18219,0.028675,104.244.42.0-255,66,135274,9,135340
18220,0.02869,104.244.42.0-255,66,135340,9,135340
18221,0.0,172.217.194.0-255,153,153,9,167831
18222,1.5e-05,172.31.36.0-255,66,219,9,167831
18223,2.2e-05,172.217.194.0-255,1484,1703,9,167831
18224,2.7e-05,172.31.36.0-255,66,1769,9,167831
18225,4e-05,172.217.194.0-255,2902,4671,9,167831
18226,4.4e-05,172.31.36.0-255,66,4737,9,167831
18227,5.1e-05,172.217.194.0-255,4320,9057,9,167831
18228,5.3e-05,172.31.36.0-255,66,9123,9,167831
18229,9.4e-05,172.31.36.0-255,66,9189,9,167831
18230,0.000116,172.217.194.0-255,646,9835,9,167831
18231,0.000118,172.31.36.0-255,66,9901,9,167831
18232,0.000136,172.31.36.0-255,66,9967,9,167831
18233,0.000241,172.217.194.0-255,1484,11451,9,167831
18234,0.000243,172.31.36.0-255,66,11517,9,167831
18235,0.000249,172.217.194.0-255,2902,14419,9,167831
18236,0.000251,172.31.36.0-255,66,14485,9,167831
18237,0.000281,172.217.194.0-255,5738,20223,9,167831
18238,0.000284,172.31.36.0-255,66,20289,9,167831
18239,0.000288,172.217.194.0-255,1484,21773,9,167831
18240,0.00029,172.31.36.0-255,66,21839,9,167831
18241,0.000326,172.31.36.0-255,66,21905,9,167831
18242,0.000338,172.31.36.0-255,66,21971,9,167831
18243,0.000343,172.217.194.0-255,3961,25932,9,167831
18244,0.000345,172.31.36.0-255,66,25998,9,167831
18245,0.00213,172.217.194.0-255,1484,27482,9,167831
18246,0.002139,172.31.36.0-255,66,27548,9,167831
18247,0.002149,172.217.194.0-255,2902,30450,9,167831
18248,0.002151,172.31.36.0-255,66,30516,9,167831
18249,0.002163,172.217.194.0-255,5738,36254,9,167831
18250,0.002165,172.31.36.0-255,66,36320,9,167831
18251,0.002171,172.217.194.0-255,5738,42058,9,167831
18252,0.002173,172.31.36.0-255,66,42124,9,167831
18253,0.002206,172.31.36.0-255,66,42190,9,167831
18254,0.002232,172.217.194.0-255,4320,46510,9,167831
18255,0.002234,172.31.36.0-255,66,46576,9,167831
18256,0.00224,172.217.194.0-255,5020,51596,9,167831
18257,0.002241,172.31.36.0-255,66,51662,9,167831
18258,0.002385,172.217.194.0-255,1484,53146,9,167831
18259,0.002395,172.217.194.0-255,2902,56048,9,167831
18260,0.002399,172.31.36.0-255,66,56114,9,167831
18261,0.002407,172.217.194.0-255,5738,61852,9,167831
18262,0.002408,172.31.36.0-255,66,61918,9,167831
18263,0.002411,172.217.194.0-255,1484,63402,9,167831
18264,0.00242,172.31.36.0-255,78,63480,9,167831
18265,0.002428,172.217.194.0-255,7156,70636,9,167831
18266,0.002431,172.31.36.0-255,66,70702,9,167831
18267,0.002443,172.31.36.0-255,66,70768,9,167831
18268,0.002471,172.217.194.0-255,1484,72252,9,167831
18269,0.002482,172.217.194.0-255,3602,75854,9,167831
18270,0.002484,172.31.36.0-255,66,75920,9,167831
18271,0.002489,172.217.194.0-255,2902,78822,9,167831
18272,0.002491,172.31.36.0-255,66,78888,9,167831
18273,0.002512,172.31.36.0-255,66,78954,9,167831
18274,0.002517,172.217.194.0-255,4320,83274,9,167831
18275,0.002519,172.31.36.0-255,66,83340,9,167831
18276,0.002522,172.217.194.0-255,1484,84824,9,167831
18277,0.00253,172.217.194.0-255,7156,91980,9,167831
18278,0.002533,172.31.36.0-255,66,92046,9,167831
18279,0.002563,172.217.194.0-255,5020,97066,9,167831
18280,0.002566,172.31.36.0-255,66,97132,9,167831
18281,0.002585,172.31.36.0-255,66,97198,9,167831
18282,0.002599,172.31.36.0-255,66,97264,9,167831
18283,0.002649,172.217.194.0-255,7156,104420,9,167831
18284,0.002651,172.31.36.0-255,66,104486,9,167831
18285,0.002687,172.217.194.0-255,2902,107388,9,167831
18286,0.00269,172.31.36.0-255,66,107454,9,167831
18287,0.002704,172.31.36.0-255,66,107520,9,167831
18288,0.002711,172.217.194.0-255,1484,109004,9,167831
18289,0.002714,172.217.194.0-255,1484,110488,9,167831
18290,0.002716,172.31.36.0-255,66,110554,9,167831
18291,0.002728,172.31.36.0-255,66,110620,9,167831
18292,0.002739,172.31.36.0-255,66,110686,9,167831
18293,0.002745,172.217.194.0-255,5738,116424,9,167831
18294,0.002749,172.31.36.0-255,66,116490,9,167831
18295,0.002772,172.31.36.0-255,66,116556,9,167831
18296,0.002783,172.31.36.0-255,66,116622,9,167831
18297,0.002828,172.31.36.0-255,66,116688,9,167831
18298,0.002843,172.217.194.0-255,1484,118172,9,167831
18299,0.002848,172.217.194.0-255,2902,121074,9,167831
18300,0.002852,172.217.194.0-255,2902,123976,9,167831
18301,0.002877,172.217.194.0-255,2902,126878,9,167831
18302,0.002882,172.217.194.0-255,4320,131198,9,167831
18303,0.002907,172.217.194.0-255,5738,136936,9,167831
18304,0.00292,172.217.194.0-255,1484,138420,9,167831
18305,0.002939,172.217.194.0-255,7156,145576,9,167831
18306,0.002986,172.217.194.0-255,3602,149178,9,167831
18307,0.003018,172.217.194.0-255,5738,154916,9,167831
18308,0.003107,172.217.194.0-255,2184,157100,9,167831
18309,0.003127,172.217.194.0-255,105,157205,9,167831
18310,0.003874,172.31.36.0-255,66,157271,9,167831
18311,0.010547,172.31.36.0-255,105,157376,9,167831
18312,0.012891,172.217.194.0-255,66,157442,9,167831
18313,0.035426,172.31.36.0-255,164,157606,9,167831
18314,0.035462,172.31.36.0-255,1125,158731,9,167831
18315,0.035547,172.31.36.0-255,1514,160245,9,167831
18316,0.035548,172.31.36.0-255,1514,161759,9,167831
18317,0.035555,172.31.36.0-255,1514,163273,9,167831
18318,0.035556,172.31.36.0-255,1514,164787,9,167831
18319,0.035574,172.31.36.0-255,1514,166301,9,167831
18320,0.035576,172.31.36.0-255,1158,167459,9,167831
18321,0.037006,104.244.42.0-255,66,167525,9,167831
18322,0.037019,104.244.42.0-255,66,167591,9,167831
18323,0.037093,104.244.42.0-255,66,167657,9,167831
18324,0.037117,104.244.42.0-255,66,167723,9,167831
18325,0.049957,172.31.36.0-255,108,167831,9,167831
18326,0.0,74.125.24.0-255,298,298,9,232302
18327,2.4e-05,172.31.36.0-255,66,364,9,232302
18328,3.1e-05,74.125.24.0-255,1484,1848,9,232302
18329,3.4e-05,172.31.36.0-255,66,1914,9,232302
18330,5e-05,74.125.24.0-255,4320,6234,9,232302
18331,5.3e-05,172.31.36.0-255,66,6300,9,232302
18332,6.3e-05,172.31.36.0-255,66,6366,9,232302
18333,8.3e-05,74.125.24.0-255,1484,7850,9,232302
18334,8.6e-05,172.31.36.0-255,66,7916,9,232302
18335,9.1e-05,74.125.24.0-255,2902,10818,9,232302
18336,9.3e-05,172.31.36.0-255,66,10884,9,232302
18337,0.00013,74.125.24.0-255,5738,16622,9,232302
18338,0.000133,172.31.36.0-255,66,16688,9,232302
18339,0.00014,74.125.24.0-255,5738,22426,9,232302
18340,0.000142,172.31.36.0-255,66,22492,9,232302
18341,0.000177,74.125.24.0-255,1125,23617,9,232302
18342,0.00018,172.31.36.0-255,66,23683,9,232302
18343,0.000188,74.125.24.0-255,7156,30839,9,232302
18344,0.00019,172.31.36.0-255,66,30905,9,232302
18345,0.000194,74.125.24.0-255,2902,33807,9,232302
18346,0.000199,172.31.36.0-255,66,33873,9,232302
18347,0.000233,74.125.24.0-255,6797,40670,9,232302
18348,0.000236,172.31.36.0-255,66,40736,9,232302
18349,0.000261,74.125.24.0-255,1484,42220,9,232302
18350,0.000263,172.31.36.0-255,66,42286,9,232302
18351,0.000268,74.125.24.0-255,2902,45188,9,232302
18352,0.00027,172.31.36.0-255,66,45254,9,232302
18353,0.000277,74.125.24.0-255,5738,50992,9,232302
18354,0.00028,172.31.36.0-255,66,51058,9,232302
18355,0.000287,74.125.24.0-255,5738,56796,9,232302
18356,0.000291,172.31.36.0-255,66,56862,9,232302
18357,0.000328,74.125.24.0-255,1417,58279,9,232302
18358,0.000369,74.125.24.0-255,415,58694,9,232302
18359,0.000372,172.31.36.0-255,66,58760,9,232302
18360,0.000623,74.125.24.0-255,1484,60244,9,232302
18361,0.00063,74.125.24.0-255,2902,63146,9,232302
18362,0.000635,172.31.36.0-255,66,63212,9,232302
18363,0.000656,74.125.24.0-255,5738,68950,9,232302
18364,0.000659,172.31.36.0-255,66,69016,9,232302
18365,0.0007,74.125.24.0-255,5738,74754,9,232302
18366,0.000704,172.31.36.0-255,66,74820,9,232302
18367,0.000707,172.31.36.0-255,66,74886,9,232302
18368,0.000748,74.125.24.0-255,5020,79906,9,232302
18369,0.000751,172.31.36.0-255,66,79972,9,232302
18370,0.001043,74.125.24.0-255,1484,81456,9,232302
18371,0.001073,74.125.24.0-255,1484,82940,9,232302
18372,0.001076,172.31.36.0-255,66,83006,9,232302
18373,0.001109,74.125.24.0-255,1484,84490,9,232302
18374,0.001115,74.125.24.0-255,5738,90228,9,232302
18375,0.001118,172.31.36.0-255,66,90294,9,232302
18376,0.001136,172.31.36.0-255,66,90360,9,232302
18377,0.001149,172.31.36.0-255,66,90426,9,232302
18378,0.001706,74.125.24.0-255,1484,91910,9,232302
18379,0.001712,74.125.24.0-255,2902,94812,9,232302
18380,0.001715,172.31.36.0-255,66,94878,9,232302
18381,0.00172,74.125.24.0-255,1484,96362,9,232302
18382,0.001748,74.125.24.0-255,4320,100682,9,232302
18383,0.00175,172.31.36.0-255,66,100748,9,232302
18384,0.001757,74.125.24.0-255,5738,106486,9,232302
18385,0.001759,172.31.36.0-255,66,106552,9,232302
18386,0.001804,172.31.36.0-255,66,106618,9,232302
18387,0.001809,74.125.24.0-255,5020,111638,9,232302
18388,0.001811,172.31.36.0-255,66,111704,9,232302
18389,0.002362,74.125.24.0-255,1484,113188,9,232302
18390,0.002372,74.125.24.0-255,2902,116090,9,232302
18391,0.002376,172.31.36.0-255,66,116156,9,232302
18392,0.004134,74.125.24.0-255,1484,117640,9,232302
18393,0.004673,74.125.24.0-255,4320,121960,9,232302
18394,0.004678,172.31.36.0-255,66,122026,9,232302
18395,0.007016,74.125.24.0-255,5738,127764,9,232302
18396,0.007019,172.31.36.0-255,66,127830,9,232302
18397,0.009344,74.125.24.0-255,5738,133568,9,232302
18398,0.009351,172.31.36.0-255,66,133634,9,232302
18399,0.011675,74.125.24.0-255,5738,139372,9,232302
18400,0.011686,172.31.36.0-255,66,139438,9,232302
18401,0.014007,74.125.24.0-255,5738,145176,9,232302
18402,0.014021,172.31.36.0-255,66,145242,9,232302
18403,0.016391,74.125.24.0-255,5738,150980,9,232302
18404,0.016404,172.31.36.0-255,66,151046,9,232302
18405,0.018771,74.125.24.0-255,5738,156784,9,232302
18406,0.018785,172.31.36.0-255,66,156850,9,232302
18407,0.02113,74.125.24.0-255,5738,162588,9,232302
18408,0.021143,172.31.36.0-255,66,162654,9,232302
18409,0.023486,74.125.24.0-255,5738,168392,9,232302
18410,0.023496,172.31.36.0-255,66,168458,9,232302
18411,0.025806,74.125.24.0-255,5738,174196,9,232302
18412,0.025816,172.31.36.0-255,66,174262,9,232302
18413,0.028136,74.125.24.0-255,5738,180000,9,232302
18414,0.028148,172.31.36.0-255,66,180066,9,232302
18415,0.030525,74.125.24.0-255,5738,185804,9,232302
18416,0.030535,172.31.36.0-255,66,185870,9,232302
18417,0.032882,74.125.24.0-255,5738,191608,9,232302
18418,0.032895,172.31.36.0-255,66,191674,9,232302
18419,0.03521,74.125.24.0-255,5738,197412,9,232302
18420,0.035221,172.31.36.0-255,66,197478,9,232302
18421,0.037576,74.125.24.0-255,5738,203216,9,232302
18422,0.037587,172.31.36.0-255,66,203282,9,232302
18423,0.039974,74.125.24.0-255,5738,209020,9,232302
18424,0.039986,172.31.36.0-255,66,209086,9,232302
18425,0.042314,74.125.24.0-255,5738,214824,9,232302
18426,0.042325,172.31.36.0-255,66,214890,9,232302
18427,0.044679,74.125.24.0-255,5738,220628,9,232302
18428,0.044697,172.31.36.0-255,66,220694,9,232302
18429,0.047017,74.125.24.0-255,5738,226432,9,232302
18430,0.047028,172.31.36.0-255,66,226498,9,232302
18431,0.049416,74.125.24.0-255,5738,232236,9,232302
18432,0.049432,172.31.36.0-255,66,232302,9,232302
18433,0.0,172.217.194.0-255,151,151,9,266883
18434,1.4e-05,172.31.36.0-255,66,217,9,266883
18435,2e-05,172.217.194.0-255,1484,1701,9,266883
18436,2.4e-05,172.31.36.0-255,66,1767,9,266883
18437,2.8e-05,172.217.194.0-255,1484,3251,9,266883
18438,3e-05,172.31.36.0-255,66,3317,9,266883
18439,6.3e-05,172.217.194.0-255,1484,4801,9,266883
18440,6.6e-05,172.31.36.0-255,66,4867,9,266883
18441,7.3e-05,172.217.194.0-255,5738,10605,9,266883
18442,7.5e-05,172.31.36.0-255,66,10671,9,266883
18443,9.5e-05,172.217.194.0-255,5738,16409,9,266883
18444,9.8e-05,172.31.36.0-255,66,16475,9,266883
18445,0.000125,172.31.36.0-255,66,16541,9,266883
18446,0.000161,172.217.194.0-255,2902,19443,9,266883
18447,0.000164,172.31.36.0-255,66,19509,9,266883
18448,0.000182,172.217.194.0-255,3961,23470,9,266883
18449,0.000185,172.31.36.0-255,66,23536,9,266883
18450,0.000196,172.217.194.0-255,1484,25020,9,266883
18451,0.000198,172.31.36.0-255,66,25086,9,266883
18452,0.000203,172.217.194.0-255,2902,27988,9,266883
18453,0.000205,172.31.36.0-255,66,28054,9,266883
18454,0.000236,172.217.194.0-255,5738,33792,9,266883
18455,0.000239,172.31.36.0-255,66,33858,9,266883
18456,0.000256,172.217.194.0-255,1484,35342,9,266883
18457,0.000258,172.31.36.0-255,66,35408,9,266883
18458,0.00028,172.31.36.0-255,66,35474,9,266883
18459,0.000358,172.217.194.0-255,5738,41212,9,266883
18460,0.000362,172.31.36.0-255,66,41278,9,266883
18461,0.000379,172.217.194.0-255,4251,45529,9,266883
18462,0.000382,172.31.36.0-255,66,45595,9,266883
18463,0.000421,172.217.194.0-255,2902,48497,9,266883
18464,0.000424,172.31.36.0-255,66,48563,9,266883
18465,0.000451,172.31.36.0-255,66,48629,9,266883
18466,0.000491,172.217.194.0-255,4320,52949,9,266883
18467,0.000494,172.31.36.0-255,66,53015,9,266883
18468,0.00052,172.31.36.0-255,66,53081,9,266883
18469,0.000583,172.217.194.0-255,5738,58819,9,266883
18470,0.000587,172.31.36.0-255,66,58885,9,266883
18471,0.000631,172.31.36.0-255,66,58951,9,266883
18472,0.001103,172.217.194.0-255,1484,60435,9,266883
18473,0.00111,172.217.194.0-255,2902,63337,9,266883
18474,0.001115,172.31.36.0-255,66,63403,9,266883
18475,0.001123,172.217.194.0-255,5738,69141,9,266883
18476,0.001125,172.31.36.0-255,66,69207,9,266883
18477,0.00115,172.217.194.0-255,7156,76363,9,266883
18478,0.001154,172.31.36.0-255,66,76429,9,266883
18479,0.001178,172.217.194.0-255,5738,82167,9,266883
18480,0.001182,172.31.36.0-255,66,82233,9,266883
18481,0.001234,172.217.194.0-255,7156,89389,9,266883
18482,0.001239,172.31.36.0-255,66,89455,9,266883
18483,0.001255,172.217.194.0-255,1484,90939,9,266883
18484,0.001287,172.217.194.0-255,2184,93123,9,266883
18485,0.001291,172.31.36.0-255,66,93189,9,266883
18486,0.001327,172.217.194.0-255,5738,98927,9,266883
18487,0.00133,172.31.36.0-255,66,98993,9,266883
18488,0.001352,172.217.194.0-255,7156,106149,9,266883
18489,0.001355,172.31.36.0-255,66,106215,9,266883
18490,0.001399,172.217.194.0-255,4320,110535,9,266883
18491,0.001405,172.31.36.0-255,66,110601,9,266883
18492,0.001439,172.31.36.0-255,66,110667,9,266883
18493,0.001534,172.31.36.0-255,66,110733,9,266883
18494,0.001595,172.217.194.0-255,3602,114335,9,266883
18495,0.001598,172.31.36.0-255,66,114401,9,266883
18496,0.001962,172.217.194.0-255,1484,115885,9,266883
18497,0.00198,172.217.194.0-255,2902,118787,9,266883
18498,0.001983,172.31.36.0-255,66,118853,9,266883
18499,0.002005,172.217.194.0-255,5738,124591,9,266883
18500,0.002009,172.31.36.0-255,66,124657,9,266883
18501,0.002041,172.31.36.0-255,66,124723,9,266883
18502,0.002096,172.217.194.0-255,2902,127625,9,266883
18503,0.002099,172.31.36.0-255,66,127691,9,266883
18504,0.002119,172.217.194.0-255,5738,133429,9,266883
18505,0.002122,172.31.36.0-255,66,133495,9,266883
18506,0.00215,172.217.194.0-255,2184,135679,9,266883
18507,0.002152,172.31.36.0-255,66,135745,9,266883
18508,0.004357,172.217.194.0-255,2902,138647,9,266883
18509,0.004361,172.31.36.0-255,66,138713,9,266883
18510,0.004402,172.217.194.0-255,2902,141615,9,266883
18511,0.004404,172.31.36.0-255,66,141681,9,266883
18512,0.006584,172.217.194.0-255,2902,144583,9,266883
18513,0.006591,172.31.36.0-255,66,144649,9,266883
18514,0.006645,172.217.194.0-255,2902,147551,9,266883
18515,0.00665,172.31.36.0-255,66,147617,9,266883
18516,0.00883,172.217.194.0-255,2902,150519,9,266883
18517,0.00884,172.31.36.0-255,66,150585,9,266883
18518,0.0089,172.217.194.0-255,2902,153487,9,266883
18519,0.008902,172.31.36.0-255,66,153553,9,266883
18520,0.011126,172.217.194.0-255,2902,156455,9,266883
18521,0.011136,172.31.36.0-255,66,156521,9,266883
18522,0.011159,172.217.194.0-255,2902,159423,9,266883
18523,0.011161,172.31.36.0-255,66,159489,9,266883
18524,0.013392,172.217.194.0-255,4320,163809,9,266883
18525,0.013402,172.31.36.0-255,66,163875,9,266883
18526,0.01342,172.217.194.0-255,1484,165359,9,266883
18527,0.015649,172.217.194.0-255,4320,169679,9,266883
18528,0.015659,172.31.36.0-255,66,169745,9,266883
18529,0.017891,172.217.194.0-255,5738,175483,9,266883
18530,0.017902,172.31.36.0-255,66,175549,9,266883
18531,0.020154,172.217.194.0-255,5738,181287,9,266883
18532,0.020163,172.31.36.0-255,66,181353,9,266883
18533,0.022419,172.217.194.0-255,5738,187091,9,266883
18534,0.022426,172.31.36.0-255,66,187157,9,266883
18535,0.024681,172.217.194.0-255,5738,192895,9,266883
18536,0.02469,172.31.36.0-255,66,192961,9,266883
18537,0.02696,172.217.194.0-255,5738,198699,9,266883
18538,0.026969,172.31.36.0-255,66,198765,9,266883
18539,0.028166,172.31.36.0-255,190,198955,9,266883
18540,0.028199,172.31.36.0-255,1117,200072,9,266883
18541,0.028254,172.31.36.0-255,1514,201586,9,266883
18542,0.028256,172.31.36.0-255,1514,203100,9,266883
18543,0.028258,172.31.36.0-255,1514,204614,9,266883
18544,0.028259,172.31.36.0-255,1514,206128,9,266883
18545,0.028285,172.31.36.0-255,1485,207613,9,266883
18546,0.029188,172.217.194.0-255,5738,213351,9,266883
18547,0.029194,172.31.36.0-255,66,213417,9,266883
18548,0.029721,104.244.42.0-255,66,213483,9,266883
18549,0.029771,104.244.42.0-255,66,213549,9,266883
18550,0.029828,104.244.42.0-255,66,213615,9,266883
18551,0.029873,104.244.42.0-255,66,213681,9,266883
18552,0.0305,104.244.42.0-255,108,213789,9,266883
18553,0.030509,172.31.36.0-255,66,213855,9,266883
18554,0.031429,172.217.194.0-255,5738,219593,9,266883
18555,0.031435,172.31.36.0-255,66,219659,9,266883
18556,0.033657,172.217.194.0-255,2902,222561,9,266883
18557,0.033663,172.31.36.0-255,66,222627,9,266883
18558,0.033689,172.217.194.0-255,2902,225529,9,266883
18559,0.033692,172.31.36.0-255,66,225595,9,266883
18560,0.035934,172.217.194.0-255,5738,231333,9,266883
18561,0.035939,172.31.36.0-255,66,231399,9,266883
18562,0.038205,172.217.194.0-255,5738,237137,9,266883
18563,0.03821,172.31.36.0-255,66,237203,9,266883
18564,0.040449,172.217.194.0-255,2902,240105,9,266883
18565,0.040454,172.31.36.0-255,66,240171,9,266883
18566,0.040482,172.217.194.0-255,2902,243073,9,266883
18567,0.040485,172.31.36.0-255,66,243139,9,266883
18568,0.042688,172.217.194.0-255,2902,246041,9,266883
18569,0.042693,172.31.36.0-255,66,246107,9,266883
18570,0.042762,172.217.194.0-255,2902,249009,9,266883
18571,0.042767,172.31.36.0-255,66,249075,9,266883
18572,0.044955,172.217.194.0-255,2902,251977,9,266883
18573,0.04496,172.31.36.0-255,66,252043,9,266883
18574,0.04501,172.217.194.0-255,2902,254945,9,266883
18575,0.045013,172.31.36.0-255,66,255011,9,266883
18576,0.047211,172.217.194.0-255,2902,257913,9,266883
18577,0.047217,172.31.36.0-255,66,257979,9,266883
18578,0.047252,172.217.194.0-255,2902,260881,9,266883
18579,0.047255,172.31.36.0-255,66,260947,9,266883
18580,0.049448,172.217.194.0-255,2902,263849,9,266883
18581,0.049452,172.31.36.0-255,66,263915,9,266883
18582,0.049488,172.217.194.0-255,2902,266817,9,266883
18583,0.049491,172.31.36.0-255,66,266883,9,266883
18584,0.0,74.125.130.0-255,153,153,9,262237
18585,3.3e-05,172.31.36.0-255,66,219,9,262237
18586,4e-05,74.125.130.0-255,1484,1703,9,262237
18587,4.4e-05,172.31.36.0-255,66,1769,9,262237
18588,4.7e-05,74.125.130.0-255,1484,3253,9,262237
18589,4.9e-05,172.31.36.0-255,66,3319,9,262237
18590,7.7e-05,74.125.130.0-255,2902,6221,9,262237
18591,8e-05,172.31.36.0-255,66,6287,9,262237
18592,8.7e-05,74.125.130.0-255,5738,12025,9,262237
18593,9e-05,172.31.36.0-255,66,12091,9,262237
18594,9.4e-05,74.125.130.0-255,2058,14149,9,262237
18595,9.6e-05,172.31.36.0-255,66,14215,9,262237
18596,0.000132,74.125.130.0-255,4320,18535,9,262237
18597,0.000135,172.31.36.0-255,66,18601,9,262237
18598,0.000157,74.125.130.0-255,5738,24339,9,262237
18599,0.000159,172.31.36.0-255,66,24405,9,262237
18600,0.000164,74.125.130.0-255,4320,28725,9,262237
18601,0.000166,172.31.36.0-255,66,28791,9,262237
18602,0.000195,74.125.130.0-255,2543,31334,9,262237
18603,0.000198,172.31.36.0-255,66,31400,9,262237
18604,0.000402,74.125.130.0-255,1484,32884,9,262237
18605,0.000406,172.31.36.0-255,66,32950,9,262237
18606,0.000412,74.125.130.0-255,2902,35852,9,262237
18607,0.000415,172.31.36.0-255,66,35918,9,262237
18608,0.000443,74.125.130.0-255,5738,41656,9,262237
18609,0.000446,172.31.36.0-255,66,41722,9,262237
18610,0.000451,74.125.130.0-255,2902,44624,9,262237
18611,0.000453,172.31.36.0-255,66,44690,9,262237
18612,0.000466,74.125.130.0-255,1484,46174,9,262237
18613,0.000471,172.31.36.0-255,66,46240,9,262237
18614,0.00048,74.125.130.0-255,2543,48783,9,262237
18615,0.000482,172.31.36.0-255,66,48849,9,262237
18616,0.000503,74.125.130.0-255,4320,53169,9,262237
18617,0.000513,172.31.36.0-255,66,53235,9,262237
18618,0.000528,74.125.130.0-255,5738,58973,9,262237
18619,0.000542,172.31.36.0-255,66,59039,9,262237
18620,0.000573,74.125.130.0-255,7048,66087,9,262237
18621,0.000585,172.31.36.0-255,66,66153,9,262237
18622,0.000632,74.125.130.0-255,118,66271,9,262237
18623,0.000834,172.31.36.0-255,66,66337,9,262237
18624,0.000963,74.125.130.0-255,1484,67821,9,262237
18625,0.000972,74.125.130.0-255,2902,70723,9,262237
18626,0.001005,74.125.130.0-255,4320,75043,9,262237
18627,0.001022,74.125.130.0-255,1484,76527,9,262237
18628,0.001036,74.125.130.0-255,4320,80847,9,262237
18629,0.001061,74.125.130.0-255,4320,85167,9,262237
18630,0.001078,74.125.130.0-255,4320,89487,9,262237
18631,0.001094,74.125.130.0-255,4320,93807,9,262237
18632,0.001111,74.125.130.0-255,5738,99545,9,262237
18633,0.001115,74.125.130.0-255,766,100311,9,262237
18634,0.001564,74.125.130.0-255,1484,101795,9,262237
18635,0.001588,74.125.130.0-255,2902,104697,9,262237
18636,0.001599,74.125.130.0-255,2902,107599,9,262237
18637,0.00161,74.125.130.0-255,2902,110501,9,262237
18638,0.001613,74.125.130.0-255,1484,111985,9,262237
18639,0.001635,74.125.130.0-255,2902,114887,9,262237
18640,0.001671,74.125.130.0-255,2902,117789,9,262237
18641,0.001685,74.125.130.0-255,2902,120691,9,262237
18642,0.001702,74.125.130.0-255,4320,125011,9,262237
18643,0.001714,74.125.130.0-255,2902,127913,9,262237
18644,0.001729,74.125.130.0-255,1484,129397,9,262237
18645,0.001733,74.125.130.0-255,2902,132299,9,262237
18646,0.001765,74.125.130.0-255,2184,134483,9,262237
18647,0.003771,172.31.36.0-255,66,134549,9,262237
18648,0.005803,74.125.130.0-255,5738,140287,9,262237
18649,0.005808,172.31.36.0-255,66,140353,9,262237
18650,0.007825,74.125.130.0-255,5738,146091,9,262237
18651,0.00783,172.31.36.0-255,66,146157,9,262237
18652,0.009848,74.125.130.0-255,5738,151895,9,262237
18653,0.009855,172.31.36.0-255,66,151961,9,262237
18654,0.011896,74.125.130.0-255,5738,157699,9,262237
18655,0.011904,172.31.36.0-255,66,157765,9,262237
18656,0.013927,74.125.130.0-255,5738,163503,9,262237
18657,0.013937,172.31.36.0-255,66,163569,9,262237
18658,0.015961,74.125.130.0-255,5738,169307,9,262237
18659,0.015969,172.31.36.0-255,66,169373,9,262237
18660,0.017985,74.125.130.0-255,5738,175111,9,262237
18661,0.017992,172.31.36.0-255,66,175177,9,262237
18662,0.020024,74.125.130.0-255,5738,180915,9,262237
18663,0.020035,172.31.36.0-255,66,180981,9,262237
18664,0.022062,74.125.130.0-255,5738,186719,9,262237
18665,0.022069,172.31.36.0-255,66,186785,9,262237
18666,0.024094,74.125.130.0-255,5738,192523,9,262237
18667,0.024101,172.31.36.0-255,66,192589,9,262237
18668,0.026121,74.125.130.0-255,5738,198327,9,262237
18669,0.026129,172.31.36.0-255,66,198393,9,262237
18670,0.028158,74.125.130.0-255,5738,204131,9,262237
18671,0.028166,172.31.36.0-255,66,204197,9,262237
18672,0.030182,74.125.130.0-255,5738,209935,9,262237
18673,0.030191,172.31.36.0-255,66,210001,9,262237
18674,0.032215,74.125.130.0-255,5738,215739,9,262237
18675,0.032223,172.31.36.0-255,66,215805,9,262237
18676,0.03425,74.125.130.0-255,5738,221543,9,262237
18677,0.03426,172.31.36.0-255,66,221609,9,262237
18678,0.036281,74.125.130.0-255,5738,227347,9,262237
18679,0.036289,172.31.36.0-255,66,227413,9,262237
18680,0.038316,74.125.130.0-255,5738,233151,9,262237
18681,0.038324,172.31.36.0-255,66,233217,9,262237
18682,0.040349,74.125.130.0-255,5738,238955,9,262237
18683,0.040374,172.31.36.0-255,66,239021,9,262237
18684,0.042445,74.125.130.0-255,5738,244759,9,262237
18685,0.042452,172.31.36.0-255,66,244825,9,262237
18686,0.044478,74.125.130.0-255,5738,250563,9,262237
18687,0.044486,172.31.36.0-255,66,250629,9,262237
18688,0.04654,74.125.130.0-255,5738,256367,9,262237
18689,0.046548,172.31.36.0-255,66,256433,9,262237
18690,0.048573,74.125.130.0-255,5738,262171,9,262237
18691,0.048581,172.31.36.0-255,66,262237,9,262237
18692,0.0,74.125.24.0-255,153,153,9,217261
18693,2.8e-05,172.31.36.0-255,66,219,9,217261
18694,3.7e-05,74.125.24.0-255,1484,1703,9,217261
18695,4.1e-05,172.31.36.0-255,66,1769,9,217261
18696,4.7e-05,74.125.24.0-255,2902,4671,9,217261
18697,6.2e-05,172.31.36.0-255,66,4737,9,217261
18698,7.1e-05,74.125.24.0-255,7156,11893,9,217261
18699,7.4e-05,172.31.36.0-255,66,11959,9,217261
18700,8e-05,74.125.24.0-255,3484,15443,9,217261
18701,8.3e-05,172.31.36.0-255,66,15509,9,217261
18702,9.8e-05,172.31.36.0-255,66,15575,9,217261
18703,0.00016,172.31.36.0-255,66,15641,9,217261
18704,0.000177,172.31.36.0-255,66,15707,9,217261
18705,0.00018,74.125.24.0-255,110,15817,9,217261
18706,0.000182,172.31.36.0-255,66,15883,9,217261
18707,0.000258,74.125.24.0-255,1484,17367,9,217261
18708,0.000261,172.31.36.0-255,66,17433,9,217261
18709,0.000266,74.125.24.0-255,2902,20335,9,217261
18710,0.000268,172.31.36.0-255,66,20401,9,217261
18711,0.000275,74.125.24.0-255,5738,26139,9,217261
18712,0.000283,172.31.36.0-255,66,26205,9,217261
18713,0.00029,74.125.24.0-255,5738,31943,9,217261
18714,0.000292,172.31.36.0-255,66,32009,9,217261
18715,0.000333,74.125.24.0-255,7156,39165,9,217261
18716,0.000336,172.31.36.0-255,66,39231,9,217261
18717,0.000347,172.31.36.0-255,66,39297,9,217261
18718,0.000351,74.125.24.0-255,2448,41745,9,217261
18719,0.000353,172.31.36.0-255,66,41811,9,217261
18720,0.000403,74.125.24.0-255,1484,43295,9,217261
18721,0.00042,74.125.24.0-255,2902,46197,9,217261
18722,0.000423,172.31.36.0-255,66,46263,9,217261
18723,0.000429,74.125.24.0-255,5738,52001,9,217261
18724,0.000432,172.31.36.0-255,66,52067,9,217261
18725,0.000441,74.125.24.0-255,2902,54969,9,217261
18726,0.000443,172.31.36.0-255,66,55035,9,217261
18727,0.00048,172.31.36.0-255,66,55101,9,217261
18728,0.000488,74.125.24.0-255,7156,62257,9,217261
18729,0.000491,172.31.36.0-255,66,62323,9,217261
18730,0.00052,74.125.24.0-255,3602,65925,9,217261
18731,0.000523,172.31.36.0-255,66,65991,9,217261
18732,0.000732,74.125.24.0-255,1484,67475,9,217261
18733,0.000739,74.125.24.0-255,2902,70377,9,217261
18734,0.000743,172.31.36.0-255,66,70443,9,217261
18735,0.000747,74.125.24.0-255,1484,71927,9,217261
18736,0.000774,74.125.24.0-255,4320,76247,9,217261
18737,0.000777,172.31.36.0-255,66,76313,9,217261
18738,0.000784,74.125.24.0-255,5738,82051,9,217261
18739,0.000786,172.31.36.0-255,66,82117,9,217261
18740,0.000794,74.125.24.0-255,7156,89273,9,217261
18741,0.000796,172.31.36.0-255,66,89339,9,217261
18742,0.000812,74.125.24.0-255,5738,95077,9,217261
18743,0.000821,74.125.24.0-255,5020,100097,9,217261
18744,0.000861,172.31.36.0-255,66,100163,9,217261
18745,0.000868,172.31.36.0-255,66,100229,9,217261
18746,0.000914,74.125.24.0-255,1484,101713,9,217261
18747,0.00092,74.125.24.0-255,2902,104615,9,217261
18748,0.000923,172.31.36.0-255,66,104681,9,217261
18749,0.000926,74.125.24.0-255,1484,106165,9,217261
18750,0.000953,74.125.24.0-255,4320,110485,9,217261
18751,0.000957,172.31.36.0-255,66,110551,9,217261
18752,0.000963,74.125.24.0-255,4320,114871,9,217261
18753,0.000965,172.31.36.0-255,66,114937,9,217261
18754,0.000996,172.31.36.0-255,66,115003,9,217261
18755,0.000999,74.125.24.0-255,1484,116487,9,217261
18756,0.001029,172.31.36.0-255,66,116553,9,217261
18757,0.001212,74.125.24.0-255,1484,118037,9,217261
18758,0.001218,74.125.24.0-255,2902,120939,9,217261
18759,0.00122,74.125.24.0-255,1484,122423,9,217261
18760,0.001225,172.31.36.0-255,66,122489,9,217261
18761,0.001238,74.125.24.0-255,4320,126809,9,217261
18762,0.00124,172.31.36.0-255,66,126875,9,217261
18763,0.001273,172.31.36.0-255,66,126941,9,217261
18764,0.001278,74.125.24.0-255,4320,131261,9,217261
18765,0.00128,172.31.36.0-255,66,131327,9,217261
18766,0.001308,74.125.24.0-255,6438,137765,9,217261
18767,0.001311,172.31.36.0-255,66,137831,9,217261
18768,0.001326,74.125.24.0-255,2902,140733,9,217261
18769,0.001329,172.31.36.0-255,66,140799,9,217261
18770,0.001339,74.125.24.0-255,4320,145119,9,217261
18771,0.001341,172.31.36.0-255,66,145185,9,217261
18772,0.001344,74.125.24.0-255,1484,146669,9,217261
18773,0.001385,74.125.24.0-255,7156,153825,9,217261
18774,0.001388,172.31.36.0-255,66,153891,9,217261
18775,0.001401,74.125.24.0-255,7156,161047,9,217261
18776,0.001403,172.31.36.0-255,66,161113,9,217261
18777,0.001464,172.31.36.0-255,66,161179,9,217261
18778,0.001481,172.31.36.0-255,66,161245,9,217261
18779,0.001494,172.31.36.0-255,66,161311,9,217261
18780,0.0015,74.125.24.0-255,3602,164913,9,217261
18781,0.001502,172.31.36.0-255,66,164979,9,217261
18782,0.00153,74.125.24.0-255,4320,169299,9,217261
18783,0.001533,172.31.36.0-255,66,169365,9,217261
18784,0.00154,74.125.24.0-255,5738,175103,9,217261
18785,0.001542,172.31.36.0-255,66,175169,9,217261
18786,0.00155,74.125.24.0-255,7156,182325,9,217261
18787,0.001552,172.31.36.0-255,66,182391,9,217261
18788,0.001575,74.125.24.0-255,4320,186711,9,217261
18789,0.001577,172.31.36.0-255,66,186777,9,217261
18790,0.001586,74.125.24.0-255,7156,193933,9,217261
18791,0.001588,172.31.36.0-255,66,193999,9,217261
18792,0.001616,74.125.24.0-255,5020,199019,9,217261
18793,0.001619,172.31.36.0-255,66,199085,9,217261
18794,0.001637,74.125.24.0-255,1484,200569,9,217261
18795,0.001643,74.125.24.0-255,2902,203471,9,217261
18796,0.001645,172.31.36.0-255,66,203537,9,217261
18797,0.001677,74.125.24.0-255,5738,209275,9,217261
18798,0.00168,172.31.36.0-255,66,209341,9,217261
18799,0.001727,172.31.36.0-255,66,209407,9,217261
18800,0.001766,74.125.24.0-255,2902,212309,9,217261
18801,0.001768,172.31.36.0-255,66,212375,9,217261
18802,0.001782,172.31.36.0-255,66,212441,9,217261
18803,0.001794,172.31.36.0-255,66,212507,9,217261
18804,0.001813,172.31.36.0-255,66,212573,9,217261
18805,0.001857,172.31.36.0-255,66,212639,9,217261
18806,0.001861,74.125.24.0-255,105,212744,9,217261
18807,0.015277,172.31.36.0-255,66,212810,9,217261
18808,0.015333,172.31.36.0-255,105,212915,9,217261
18809,0.017263,74.125.24.0-255,66,212981,9,217261
18810,0.034474,172.31.36.0-255,167,213148,9,217261
18811,0.03451,172.31.36.0-255,1116,214264,9,217261
18812,0.034574,172.31.36.0-255,1514,215778,9,217261
18813,0.034577,172.31.36.0-255,1285,217063,9,217261
18814,0.03599,104.244.42.0-255,66,217129,9,217261
18815,0.036092,104.244.42.0-255,66,217195,9,217261
18816,0.036113,104.244.42.0-255,66,217261,9,217261
18817,0.0,74.125.24.0-255,153,153,9,252454
18818,2e-05,172.31.36.0-255,66,219,9,252454
18819,2.7e-05,74.125.24.0-255,1484,1703,9,252454
18820,3e-05,172.31.36.0-255,66,1769,9,252454
18821,3.5e-05,74.125.24.0-255,2902,4671,9,252454
18822,3.8e-05,172.31.36.0-255,66,4737,9,252454
18823,4.5e-05,74.125.24.0-255,7156,11893,9,252454
18824,4.7e-05,172.31.36.0-255,66,11959,9,252454
18825,5.1e-05,74.125.24.0-255,2043,14002,9,252454
18826,5.4e-05,172.31.36.0-255,66,14068,9,252454
18827,9e-05,172.31.36.0-255,66,14134,9,252454
18828,9.6e-05,74.125.24.0-255,4320,18454,9,252454
18829,9.8e-05,172.31.36.0-255,66,18520,9,252454
18830,0.000109,74.125.24.0-255,1125,19645,9,252454
18831,0.000111,172.31.36.0-255,66,19711,9,252454
18832,0.000173,74.125.24.0-255,1484,21195,9,252454
18833,0.000175,172.31.36.0-255,66,21261,9,252454
18834,0.00018,74.125.24.0-255,2902,24163,9,252454
18835,0.000182,172.31.36.0-255,66,24229,9,252454
18836,0.000193,74.125.24.0-255,1484,25713,9,252454
18837,0.000195,172.31.36.0-255,66,25779,9,252454
18838,0.000199,74.125.24.0-255,2902,28681,9,252454
18839,0.000201,172.31.36.0-255,66,28747,9,252454
18840,0.000227,74.125.24.0-255,5738,34485,9,252454
18841,0.000229,172.31.36.0-255,66,34551,9,252454
18842,0.000247,74.125.24.0-255,1484,36035,9,252454
18843,0.000248,172.31.36.0-255,66,36101,9,252454
18844,0.000286,172.31.36.0-255,66,36167,9,252454
18845,0.000302,74.125.24.0-255,1484,37651,9,252454
18846,0.000304,172.31.36.0-255,66,37717,9,252454
18847,0.000316,74.125.24.0-255,4241,41958,9,252454
18848,0.000333,74.125.24.0-255,376,42334,9,252454
18849,0.000413,172.31.36.0-255,66,42400,9,252454
18850,0.00047,74.125.24.0-255,1484,43884,9,252454
18851,0.000475,74.125.24.0-255,2902,46786,9,252454
18852,0.000478,74.125.24.0-255,1484,48270,9,252454
18853,0.000495,74.125.24.0-255,4320,52590,9,252454
18854,0.000502,74.125.24.0-255,6797,59387,9,252454
18855,0.000506,172.31.36.0-255,66,59453,9,252454
18856,0.000557,74.125.24.0-255,2543,61996,9,252454
18857,0.000565,172.31.36.0-255,66,62062,9,252454
18858,0.000624,74.125.24.0-255,1484,63546,9,252454
18859,0.000629,74.125.24.0-255,2902,66448,9,252454
18860,0.000633,172.31.36.0-255,66,66514,9,252454
18861,0.000654,74.125.24.0-255,5738,72252,9,252454
18862,0.000659,74.125.24.0-255,4320,76572,9,252454
18863,0.000664,172.31.36.0-255,66,76638,9,252454
18864,0.00069,74.125.24.0-255,1484,78122,9,252454
18865,0.0007,172.31.36.0-255,66,78188,9,252454
18866,0.000713,74.125.24.0-255,7156,85344,9,252454
18867,0.000723,74.125.24.0-255,766,86110,9,252454
18868,0.000737,172.31.36.0-255,66,86176,9,252454
18869,0.000765,74.125.24.0-255,1484,87660,9,252454
18870,0.000769,74.125.24.0-255,2902,90562,9,252454
18871,0.000778,172.31.36.0-255,66,90628,9,252454
18872,0.000788,74.125.24.0-255,5738,96366,9,252454
18873,0.000792,172.31.36.0-255,66,96432,9,252454
18874,0.000866,172.31.36.0-255,66,96498,9,252454
18875,0.000886,74.125.24.0-255,2184,98682,9,252454
18876,0.000891,74.125.24.0-255,2902,101584,9,252454
18877,0.000895,172.31.36.0-255,66,101650,9,252454
18878,0.000918,74.125.24.0-255,7156,108806,9,252454
18879,0.000923,74.125.24.0-255,4320,113126,9,252454
18880,0.000929,172.31.36.0-255,66,113192,9,252454
18881,0.000972,172.31.36.0-255,66,113258,9,252454
18882,0.000985,74.125.24.0-255,2902,116160,9,252454
18883,0.000999,74.125.24.0-255,3602,119762,9,252454
18884,0.001004,172.31.36.0-255,66,119828,9,252454
18885,0.001022,74.125.24.0-255,1484,121312,9,252454
18886,0.001033,74.125.24.0-255,2902,124214,9,252454
18887,0.001046,74.125.24.0-255,5738,129952,9,252454
18888,0.001066,74.125.24.0-255,2902,132854,9,252454
18889,0.001074,172.31.36.0-255,66,132920,9,252454
18890,0.001107,74.125.24.0-255,7156,140076,9,252454
18891,0.00112,172.31.36.0-255,66,140142,9,252454
18892,0.001133,74.125.24.0-255,3602,143744,9,252454
18893,0.001158,172.31.36.0-255,66,143810,9,252454
18894,0.001284,74.125.24.0-255,1484,145294,9,252454
18895,0.001297,74.125.24.0-255,1484,146778,9,252454
18896,0.001304,172.31.36.0-255,66,146844,9,252454
18897,0.001317,74.125.24.0-255,1484,148328,9,252454
18898,0.001323,74.125.24.0-255,5738,154066,9,252454
18899,0.001331,172.31.36.0-255,66,154132,9,252454
18900,0.001347,74.125.24.0-255,7156,161288,9,252454
18901,0.001361,172.31.36.0-255,66,161354,9,252454
18902,0.001404,74.125.24.0-255,5738,167092,9,252454
18903,0.001407,74.125.24.0-255,2184,169276,9,252454
18904,0.001409,172.31.36.0-255,66,169342,9,252454
18905,0.001415,172.31.36.0-255,66,169408,9,252454
18906,0.001574,74.125.24.0-255,1484,170892,9,252454
18907,0.001592,74.125.24.0-255,2902,173794,9,252454
18908,0.001598,74.125.24.0-255,5738,179532,9,252454
18909,0.00161,74.125.24.0-255,1484,181016,9,252454
18910,0.001619,172.31.36.0-255,66,181082,9,252454
18911,0.00166,172.31.36.0-255,66,181148,9,252454
18912,0.001684,74.125.24.0-255,2184,183332,9,252454
18913,0.001691,172.31.36.0-255,66,183398,9,252454
18914,0.001706,74.125.24.0-255,2902,186300,9,252454
18915,0.001712,74.125.24.0-255,7156,193456,9,252454
18916,0.001733,74.125.24.0-255,1484,194940,9,252454
18917,0.001743,172.31.36.0-255,66,195006,9,252454
18918,0.001755,172.31.36.0-255,66,195072,9,252454
18919,0.001774,74.125.24.0-255,2902,197974,9,252454
18920,0.001803,74.125.24.0-255,4320,202294,9,252454
18921,0.001879,74.125.24.0-255,5738,208032,9,252454
18922,0.001893,74.125.24.0-255,6438,214470,9,252454
18923,0.001921,74.125.24.0-255,4320,218790,9,252454
18924,0.001932,74.125.24.0-255,2902,221692,9,252454
18925,0.001936,74.125.24.0-255,2902,224594,9,252454
18926,0.001957,74.125.24.0-255,5738,230332,9,252454
18927,0.00196,74.125.24.0-255,1484,231816,9,252454
18928,0.001994,74.125.24.0-255,3602,235418,9,252454
18929,0.002045,74.125.24.0-255,7156,242574,9,252454
18930,0.002063,74.125.24.0-255,3076,245650,9,252454
18931,0.002075,74.125.24.0-255,105,245755,9,252454
18932,0.008038,172.31.36.0-255,66,245821,9,252454
18933,0.0154,172.31.36.0-255,105,245926,9,252454
18934,0.01766,74.125.24.0-255,66,245992,9,252454
18935,0.048207,172.31.36.0-255,172,246164,9,252454
18936,0.048242,172.31.36.0-255,1116,247280,9,252454
18937,0.048328,172.31.36.0-255,1514,248794,9,252454
18938,0.04833,172.31.36.0-255,1514,250308,9,252454
18939,0.048336,172.31.36.0-255,1514,251822,9,252454
18940,0.048337,172.31.36.0-255,368,252190,9,252454
18941,0.049763,104.244.42.0-255,66,252256,9,252454
18942,0.049793,104.244.42.0-255,66,252322,9,252454
18943,0.04991,104.244.42.0-255,66,252388,9,252454
18944,0.049916,104.244.42.0-255,66,252454,9,252454
18945,0.0,74.125.68.0-255,146,146,9,380794
18946,1.3e-05,172.31.36.0-255,66,212,9,380794
18947,2e-05,74.125.68.0-255,1484,1696,9,380794
18948,2.4e-05,172.31.36.0-255,66,1762,9,380794
18949,3.1e-05,74.125.68.0-255,2902,4664,9,380794
18950,3.4e-05,172.31.36.0-255,66,4730,9,380794
18951,5e-05,74.125.68.0-255,1484,6214,9,380794
18952,5.3e-05,172.31.36.0-255,66,6280,9,380794
18953,7.8e-05,74.125.68.0-255,2902,9182,9,380794
18954,8.1e-05,172.31.36.0-255,66,9248,9,380794
18955,0.0001,74.125.68.0-255,6302,15550,9,380794
18956,0.000102,172.31.36.0-255,66,15616,9,380794
18957,0.000106,74.125.68.0-255,1484,17100,9,380794
18958,0.000108,172.31.36.0-255,66,17166,9,380794
18959,0.000128,74.125.68.0-255,1484,18650,9,380794
18960,0.00013,172.31.36.0-255,66,18716,9,380794
18961,0.000137,74.125.68.0-255,4320,23036,9,380794
18962,0.000139,172.31.36.0-255,66,23102,9,380794
18963,0.00016,74.125.68.0-255,2902,26004,9,380794
18964,0.000163,172.31.36.0-255,66,26070,9,380794
18965,0.000179,74.125.68.0-255,5379,31449,9,380794
18966,0.000182,172.31.36.0-255,66,31515,9,380794
18967,0.000264,74.125.68.0-255,1484,32999,9,380794
18968,0.000268,172.31.36.0-255,66,33065,9,380794
18969,0.000298,74.125.68.0-255,2902,35967,9,380794
18970,0.000301,172.31.36.0-255,66,36033,9,380794
18971,0.000307,74.125.68.0-255,4320,40353,9,380794
18972,0.000309,172.31.36.0-255,66,40419,9,380794
18973,0.000321,74.125.68.0-255,1484,41903,9,380794
18974,0.000323,172.31.36.0-255,66,41969,9,380794
18975,0.00033,74.125.68.0-255,6797,48766,9,380794
18976,0.000332,172.31.36.0-255,66,48832,9,380794
18977,0.000369,74.125.68.0-255,5738,54570,9,380794
18978,0.000373,172.31.36.0-255,66,54636,9,380794
18979,0.000387,74.125.68.0-255,4320,58956,9,380794
18980,0.00039,172.31.36.0-255,66,59022,9,380794
18981,0.000431,74.125.68.0-255,7110,66132,9,380794
18982,0.000434,172.31.36.0-255,66,66198,9,380794
18983,0.000452,74.125.68.0-255,373,66571,9,380794
18984,0.000573,74.125.68.0-255,1484,68055,9,380794
18985,0.000579,172.31.36.0-255,66,68121,9,380794
18986,0.000585,74.125.68.0-255,2902,71023,9,380794
18987,0.000587,172.31.36.0-255,66,71089,9,380794
18988,0.000591,74.125.68.0-255,2902,73991,9,380794
18989,0.000593,172.31.36.0-255,66,74057,9,380794
18990,0.000608,74.125.68.0-255,2902,76959,9,380794
18991,0.00061,172.31.36.0-255,66,77025,9,380794
18992,0.000614,74.125.68.0-255,2902,79927,9,380794
18993,0.000617,172.31.36.0-255,66,79993,9,380794
18994,0.00064,74.125.68.0-255,2902,82895,9,380794
18995,0.000642,172.31.36.0-255,66,82961,9,380794
18996,0.00065,74.125.68.0-255,7156,90117,9,380794
18997,0.000652,172.31.36.0-255,66,90183,9,380794
18998,0.000705,172.31.36.0-255,66,90249,9,380794
18999,0.00072,74.125.68.0-255,766,91015,9,380794
19000,0.000833,74.125.68.0-255,1484,92499,9,380794
19001,0.000844,172.31.36.0-255,66,92565,9,380794
19002,0.00085,74.125.68.0-255,2902,95467,9,380794
19003,0.000852,172.31.36.0-255,66,95533,9,380794
19004,0.000875,74.125.68.0-255,5738,101271,9,380794
19005,0.000878,172.31.36.0-255,66,101337,9,380794
19006,0.000882,74.125.68.0-255,2902,104239,9,380794
19007,0.000884,172.31.36.0-255,66,104305,9,380794
19008,0.00091,74.125.68.0-255,2902,107207,9,380794
19009,0.000912,172.31.36.0-255,66,107273,9,380794
19010,0.000931,74.125.68.0-255,7156,114429,9,380794
19011,0.000934,172.31.36.0-255,66,114495,9,380794
19012,0.000939,74.125.68.0-255,4320,118815,9,380794
19013,0.000941,172.31.36.0-255,66,118881,9,380794
19014,0.000982,74.125.68.0-255,4320,123201,9,380794
19015,0.000987,172.31.36.0-255,66,123267,9,380794
19016,0.000997,74.125.68.0-255,2184,125451,9,380794
19017,0.001,172.31.36.0-255,66,125517,9,380794
19018,0.001074,74.125.68.0-255,1484,127001,9,380794
19019,0.00108,74.125.68.0-255,2902,129903,9,380794
19020,0.001084,172.31.36.0-255,66,129969,9,380794
19021,0.001117,74.125.68.0-255,5738,135707,9,380794
19022,0.00112,172.31.36.0-255,66,135773,9,380794
19023,0.001125,74.125.68.0-255,4320,140093,9,380794
19024,0.001127,172.31.36.0-255,66,140159,9,380794
19025,0.001156,74.125.68.0-255,5738,145897,9,380794
19026,0.00116,172.31.36.0-255,66,145963,9,380794
19027,0.001163,74.125.68.0-255,1484,147447,9,380794
19028,0.001188,172.31.36.0-255,66,147513,9,380794
19029,0.00121,74.125.68.0-255,1484,148997,9,380794
19030,0.001215,74.125.68.0-255,2184,151181,9,380794
19031,0.001218,172.31.36.0-255,66,151247,9,380794
19032,0.001309,74.125.68.0-255,1484,152731,9,380794
19033,0.001334,74.125.68.0-255,2902,155633,9,380794
19034,0.001337,172.31.36.0-255,66,155699,9,380794
19035,0.001343,74.125.68.0-255,4320,160019,9,380794
19036,0.001345,172.31.36.0-255,66,160085,9,380794
19037,0.001348,74.125.68.0-255,1484,161569,9,380794
19038,0.001377,74.125.68.0-255,4320,165889,9,380794
19039,0.001379,172.31.36.0-255,66,165955,9,380794
19040,0.001395,74.125.68.0-255,4320,170275,9,380794
19041,0.001397,172.31.36.0-255,66,170341,9,380794
19042,0.001418,74.125.68.0-255,4320,174661,9,380794
19043,0.001421,172.31.36.0-255,66,174727,9,380794
19044,0.001428,74.125.68.0-255,7156,181883,9,380794
19045,0.001431,172.31.36.0-255,66,181949,9,380794
19046,0.001451,74.125.68.0-255,2902,184851,9,380794
19047,0.001454,172.31.36.0-255,66,184917,9,380794
19048,0.001456,74.125.68.0-255,766,185683,9,380794
19049,0.001474,74.125.68.0-255,1484,187167,9,380794
19050,0.001477,74.125.68.0-255,1484,188651,9,380794
19051,0.001481,172.31.36.0-255,66,188717,9,380794
19052,0.001506,74.125.68.0-255,2902,191619,9,380794
19053,0.001509,172.31.36.0-255,66,191685,9,380794
19054,0.001515,74.125.68.0-255,4320,196005,9,380794
19055,0.001518,172.31.36.0-255,66,196071,9,380794
19056,0.001535,74.125.68.0-255,1484,197555,9,380794
19057,0.001538,74.125.68.0-255,1484,199039,9,380794
19058,0.001541,172.31.36.0-255,66,199105,9,380794
19059,0.001568,172.31.36.0-255,66,199171,9,380794
19060,0.001595,172.31.36.0-255,66,199237,9,380794
19061,0.001598,74.125.68.0-255,766,200003,9,380794
19062,0.001625,74.125.68.0-255,1484,201487,9,380794
19063,0.001627,172.31.36.0-255,66,201553,9,380794
19064,0.001645,74.125.68.0-255,1484,203037,9,380794
19065,0.001671,74.125.68.0-255,2902,205939,9,380794
19066,0.001674,172.31.36.0-255,66,206005,9,380794
19067,0.001698,74.125.68.0-255,5738,211743,9,380794
19068,0.001701,172.31.36.0-255,66,211809,9,380794
19069,0.001737,74.125.68.0-255,7156,218965,9,380794
19070,0.00174,172.31.36.0-255,66,219031,9,380794
19071,0.001747,74.125.68.0-255,5738,224769,9,380794
19072,0.001749,172.31.36.0-255,66,224835,9,380794
19073,0.001768,74.125.68.0-255,7156,231991,9,380794
19074,0.001771,172.31.36.0-255,66,232057,9,380794
19075,0.001806,74.125.68.0-255,2184,234241,9,380794
19076,0.00181,172.31.36.0-255,66,234307,9,380794
19077,0.001889,74.125.68.0-255,1484,235791,9,380794
19078,0.001934,74.125.68.0-255,2902,238693,9,380794
19079,0.001939,172.31.36.0-255,66,238759,9,380794
19080,0.001946,74.125.68.0-255,5738,244497,9,380794
19081,0.001948,172.31.36.0-255,66,244563,9,380794
19082,0.001954,74.125.68.0-255,4320,248883,9,380794
19083,0.001956,172.31.36.0-255,66,248949,9,380794
19084,0.00199,74.125.68.0-255,7156,256105,9,380794
19085,0.001993,172.31.36.0-255,66,256171,9,380794
19086,0.002006,172.31.36.0-255,66,256237,9,380794
19087,0.002156,74.125.68.0-255,1484,257721,9,380794
19088,0.002164,74.125.68.0-255,2902,260623,9,380794
19089,0.002167,172.31.36.0-255,66,260689,9,380794
19090,0.002185,74.125.68.0-255,1484,262173,9,380794
19091,0.002204,74.125.68.0-255,4320,266493,9,380794
19092,0.002207,172.31.36.0-255,66,266559,9,380794
19093,0.002213,74.125.68.0-255,4320,270879,9,380794
19094,0.002215,172.31.36.0-255,66,270945,9,380794
19095,0.002218,74.125.68.0-255,1484,272429,9,380794
19096,0.002242,74.125.68.0-255,4320,276749,9,380794
19097,0.002257,74.125.68.0-255,5738,282487,9,380794
19098,0.002271,74.125.68.0-255,2902,285389,9,380794
19099,0.002292,74.125.68.0-255,5020,290409,9,380794
19100,0.002473,172.31.36.0-255,66,290475,9,380794
19101,0.004763,74.125.68.0-255,5738,296213,9,380794
19102,0.004769,172.31.36.0-255,66,296279,9,380794
19103,0.007053,74.125.68.0-255,5738,302017,9,380794
19104,0.007059,172.31.36.0-255,66,302083,9,380794
19105,0.00934,74.125.68.0-255,5738,307821,9,380794
19106,0.009347,172.31.36.0-255,66,307887,9,380794
19107,0.011633,74.125.68.0-255,5738,313625,9,380794
19108,0.011641,172.31.36.0-255,66,313691,9,380794
19109,0.01394,74.125.68.0-255,5738,319429,9,380794
19110,0.013956,172.31.36.0-255,66,319495,9,380794
19111,0.016244,74.125.68.0-255,5738,325233,9,380794
19112,0.016256,172.31.36.0-255,66,325299,9,380794
19113,0.018542,74.125.68.0-255,5738,331037,9,380794
19114,0.018552,172.31.36.0-255,66,331103,9,380794
19115,0.020848,74.125.68.0-255,5738,336841,9,380794
19116,0.020856,172.31.36.0-255,66,336907,9,380794
19117,0.023136,74.125.68.0-255,5738,342645,9,380794
19118,0.023144,172.31.36.0-255,66,342711,9,380794
19119,0.025422,74.125.68.0-255,5738,348449,9,380794
19120,0.025429,172.31.36.0-255,66,348515,9,380794
19121,0.02772,74.125.68.0-255,5738,354253,9,380794
19122,0.027728,172.31.36.0-255,66,354319,9,380794
19123,0.030027,74.125.68.0-255,5738,360057,9,380794
19124,0.030034,172.31.36.0-255,66,360123,9,380794
19125,0.032325,74.125.68.0-255,5738,365861,9,380794
19126,0.032333,172.31.36.0-255,66,365927,9,380794
19127,0.03461,74.125.68.0-255,5537,371464,9,380794
19128,0.034617,172.31.36.0-255,66,371530,9,380794
19129,0.034797,172.31.36.0-255,105,371635,9,380794
19130,0.035291,172.31.36.0-255,172,371807,9,380794
19131,0.035322,172.31.36.0-255,1116,372923,9,380794
19132,0.035383,172.31.36.0-255,1514,374437,9,380794
19133,0.035385,172.31.36.0-255,1514,375951,9,380794
19134,0.035392,172.31.36.0-255,1514,377465,9,380794
19135,0.035393,172.31.36.0-255,1514,378979,9,380794
19136,0.035423,172.31.36.0-255,1485,380464,9,380794
19137,0.036814,104.244.42.0-255,66,380530,9,380794
19138,0.036843,104.244.42.0-255,66,380596,9,380794
19139,0.036992,104.244.42.0-255,66,380662,9,380794
19140,0.037006,104.244.42.0-255,66,380728,9,380794
19141,0.037039,74.125.68.0-255,66,380794,9,380794
19142,0.0,172.217.194.0-255,146,146,9,235124
19143,1.6e-05,172.31.36.0-255,66,212,9,235124
19144,2.2e-05,172.217.194.0-255,1484,1696,9,235124
19145,2.8e-05,172.31.36.0-255,66,1762,9,235124
19146,4.2e-05,172.217.194.0-255,2902,4664,9,235124
19147,4.6e-05,172.31.36.0-255,66,4730,9,235124
19148,5.3e-05,172.217.194.0-255,5738,10468,9,235124
19149,5.5e-05,172.31.36.0-255,66,10534,9,235124
19150,9.1e-05,172.217.194.0-255,6310,16844,9,235124
19151,9.5e-05,172.31.36.0-255,66,16910,9,235124
19152,0.000102,172.217.194.0-255,7156,24066,9,235124
19153,0.000105,172.31.36.0-255,66,24132,9,235124
19154,0.000137,172.217.194.0-255,6797,30929,9,235124
19155,0.00014,172.31.36.0-255,66,30995,9,235124
19156,0.000175,172.217.194.0-255,2902,33897,9,235124
19157,0.000178,172.31.36.0-255,66,33963,9,235124
19158,0.000181,172.217.194.0-255,1484,35447,9,235124
19159,0.000183,172.31.36.0-255,66,35513,9,235124
19160,0.000205,172.217.194.0-255,2902,38415,9,235124
19161,0.000208,172.31.36.0-255,66,38481,9,235124
19162,0.000223,172.31.36.0-255,66,38547,9,235124
19163,0.000226,172.217.194.0-255,1125,39672,9,235124
19164,0.000228,172.31.36.0-255,66,39738,9,235124
19165,0.000276,172.217.194.0-255,1484,41222,9,235124
19166,0.000278,172.31.36.0-255,66,41288,9,235124
19167,0.000288,172.217.194.0-255,4320,45608,9,235124
19168,0.00029,172.31.36.0-255,66,45674,9,235124
19169,0.000297,172.217.194.0-255,5738,51412,9,235124
19170,0.0003,172.31.36.0-255,66,51478,9,235124
19171,0.00034,172.217.194.0-255,5653,57131,9,235124
19172,0.000344,172.31.36.0-255,66,57197,9,235124
19173,0.000368,172.217.194.0-255,120,57317,9,235124
19174,0.000779,172.217.194.0-255,381,57698,9,235124
19175,0.000985,172.217.194.0-255,1484,59182,9,235124
19176,0.000988,172.217.194.0-255,1484,60666,9,235124
19177,0.000994,172.31.36.0-255,66,60732,9,235124
19178,0.001006,172.217.194.0-255,1484,62216,9,235124
19179,0.001013,172.31.36.0-255,66,62282,9,235124
19180,0.001021,172.217.194.0-255,5738,68020,9,235124
19181,0.001023,172.31.36.0-255,66,68086,9,235124
19182,0.001036,172.31.36.0-255,66,68152,9,235124
19183,0.001073,172.217.194.0-255,1484,69636,9,235124
19184,0.001088,172.31.36.0-255,66,69702,9,235124
19185,0.001651,172.217.194.0-255,1484,71186,9,235124
19186,0.00166,172.217.194.0-255,2902,74088,9,235124
19187,0.001664,172.31.36.0-255,66,74154,9,235124
19188,0.001672,172.217.194.0-255,5738,79892,9,235124
19189,0.001675,172.31.36.0-255,66,79958,9,235124
19190,0.001691,172.31.36.0-255,66,80024,9,235124
19191,0.001704,172.217.194.0-255,4320,84344,9,235124
19192,0.001707,172.31.36.0-255,66,84410,9,235124
19193,0.001723,172.31.36.0-255,66,84476,9,235124
19194,0.001756,172.217.194.0-255,7156,91632,9,235124
19195,0.001759,172.31.36.0-255,66,91698,9,235124
19196,0.001762,172.217.194.0-255,1484,93182,9,235124
19197,0.001792,172.217.194.0-255,7156,100338,9,235124
19198,0.001795,172.31.36.0-255,66,100404,9,235124
19199,0.001808,172.31.36.0-255,66,100470,9,235124
19200,0.001835,172.217.194.0-255,4320,104790,9,235124
19201,0.001837,172.31.36.0-255,66,104856,9,235124
19202,0.00184,172.217.194.0-255,766,105622,9,235124
19203,0.001869,172.217.194.0-255,1484,107106,9,235124
19204,0.001871,172.31.36.0-255,66,107172,9,235124
19205,0.001876,172.217.194.0-255,2902,110074,9,235124
19206,0.001878,172.31.36.0-255,66,110140,9,235124
19207,0.001912,172.217.194.0-255,5738,115878,9,235124
19208,0.001915,172.31.36.0-255,66,115944,9,235124
19209,0.001933,172.31.36.0-255,66,116010,9,235124
19210,0.001957,172.217.194.0-255,2902,118912,9,235124
19211,0.00196,172.31.36.0-255,66,118978,9,235124
19212,0.001987,172.31.36.0-255,66,119044,9,235124
19213,0.004373,172.217.194.0-255,5738,124782,9,235124
19214,0.004382,172.31.36.0-255,66,124848,9,235124
19215,0.006745,172.217.194.0-255,5738,130586,9,235124
19216,0.006752,172.31.36.0-255,66,130652,9,235124
19217,0.009121,172.217.194.0-255,5738,136390,9,235124
19218,0.009127,172.31.36.0-255,66,136456,9,235124
19219,0.011491,172.217.194.0-255,5738,142194,9,235124
19220,0.011501,172.31.36.0-255,66,142260,9,235124
19221,0.013946,172.217.194.0-255,5738,147998,9,235124
19222,0.013954,172.31.36.0-255,66,148064,9,235124
19223,0.016342,172.217.194.0-255,5738,153802,9,235124
19224,0.016351,172.31.36.0-255,66,153868,9,235124
19225,0.018714,172.217.194.0-255,5738,159606,9,235124
19226,0.018722,172.31.36.0-255,66,159672,9,235124
19227,0.0211,172.217.194.0-255,5738,165410,9,235124
19228,0.021112,172.31.36.0-255,66,165476,9,235124
19229,0.023517,172.217.194.0-255,5738,171214,9,235124
19230,0.023524,172.31.36.0-255,66,171280,9,235124
19231,0.025911,172.217.194.0-255,5738,177018,9,235124
19232,0.025917,172.31.36.0-255,66,177084,9,235124
19233,0.028308,172.217.194.0-255,5738,182822,9,235124
19234,0.028316,172.31.36.0-255,66,182888,9,235124
19235,0.03071,172.217.194.0-255,5738,188626,9,235124
19236,0.030715,172.31.36.0-255,66,188692,9,235124
19237,0.033096,172.217.194.0-255,5738,194430,9,235124
19238,0.033104,172.31.36.0-255,66,194496,9,235124
19239,0.035489,172.217.194.0-255,5738,200234,9,235124
19240,0.035497,172.31.36.0-255,66,200300,9,235124
19241,0.037857,172.217.194.0-255,5738,206038,9,235124
19242,0.037865,172.31.36.0-255,66,206104,9,235124
19243,0.040256,172.217.194.0-255,5738,211842,9,235124
19244,0.040265,172.31.36.0-255,66,211908,9,235124
19245,0.042662,172.217.194.0-255,5738,217646,9,235124
19246,0.042676,172.31.36.0-255,66,217712,9,235124
19247,0.045055,172.217.194.0-255,5738,223450,9,235124
19248,0.045063,172.31.36.0-255,66,223516,9,235124
19249,0.047424,172.217.194.0-255,5738,229254,9,235124
19250,0.047431,172.31.36.0-255,66,229320,9,235124
19251,0.04983,172.217.194.0-255,5738,235058,9,235124
19252,0.049838,172.31.36.0-255,66,235124,9,235124
19253,0.0,74.125.24.0-255,150,150,9,240188
19254,2e-05,172.31.36.0-255,66,216,9,240188
19255,2.8e-05,74.125.24.0-255,1484,1700,9,240188
19256,3.2e-05,172.31.36.0-255,66,1766,9,240188
19257,3.7e-05,74.125.24.0-255,2902,4668,9,240188
19258,4e-05,172.31.36.0-255,66,4734,9,240188
19259,4.7e-05,74.125.24.0-255,5738,10472,9,240188
19260,5e-05,172.31.36.0-255,66,10538,9,240188
19261,0.000125,74.125.24.0-255,3421,13959,9,240188
19262,0.000129,172.31.36.0-255,66,14025,9,240188
19263,0.000133,74.125.24.0-255,1484,15509,9,240188
19264,0.000136,172.31.36.0-255,66,15575,9,240188
19265,0.00014,74.125.24.0-255,2902,18477,9,240188
19266,0.000142,172.31.36.0-255,66,18543,9,240188
19267,0.000149,74.125.24.0-255,5738,24281,9,240188
19268,0.000151,172.31.36.0-255,66,24347,9,240188
19269,0.00017,74.125.24.0-255,1484,25831,9,240188
19270,0.000172,172.31.36.0-255,66,25897,9,240188
19271,0.000198,74.125.24.0-255,5379,31276,9,240188
19272,0.0002,172.31.36.0-255,66,31342,9,240188
19273,0.000208,74.125.24.0-255,7156,38498,9,240188
19274,0.00021,172.31.36.0-255,66,38564,9,240188
19275,0.000239,74.125.24.0-255,7156,45720,9,240188
19276,0.000241,172.31.36.0-255,66,45786,9,240188
19277,0.000267,74.125.24.0-255,2543,48329,9,240188
19278,0.000269,172.31.36.0-255,66,48395,9,240188
19279,0.00036,74.125.24.0-255,1484,49879,9,240188
19280,0.000362,172.31.36.0-255,66,49945,9,240188
19281,0.000365,74.125.24.0-255,1484,51429,9,240188
19282,0.000368,172.31.36.0-255,66,51495,9,240188
19283,0.00038,74.125.24.0-255,1484,52979,9,240188
19284,0.000381,172.31.36.0-255,66,53045,9,240188
19285,0.000388,74.125.24.0-255,5738,58783,9,240188
19286,0.000391,172.31.36.0-255,66,58849,9,240188
19287,0.000447,74.125.24.0-255,2902,61751,9,240188
19288,0.00045,172.31.36.0-255,66,61817,9,240188
19289,0.00047,74.125.24.0-255,4573,66390,9,240188
19290,0.000472,172.31.36.0-255,66,66456,9,240188
19291,0.000666,74.125.24.0-255,1484,67940,9,240188
19292,0.00068,74.125.24.0-255,2902,70842,9,240188
19293,0.000683,172.31.36.0-255,66,70908,9,240188
19294,0.000703,74.125.24.0-255,5738,76646,9,240188
19295,0.000706,172.31.36.0-255,66,76712,9,240188
19296,0.000731,74.125.24.0-255,4320,81032,9,240188
19297,0.000734,172.31.36.0-255,66,81098,9,240188
19298,0.000752,74.125.24.0-255,2543,83641,9,240188
19299,0.000754,172.31.36.0-255,66,83707,9,240188
19300,0.000817,74.125.24.0-255,1484,85191,9,240188
19301,0.000829,74.125.24.0-255,2902,88093,9,240188
19302,0.000832,172.31.36.0-255,66,88159,9,240188
19303,0.000835,74.125.24.0-255,1484,89643,9,240188
19304,0.000853,74.125.24.0-255,4320,93963,9,240188
19305,0.000856,172.31.36.0-255,66,94029,9,240188
19306,0.000886,74.125.24.0-255,6797,100826,9,240188
19307,0.000889,172.31.36.0-255,66,100892,9,240188
19308,0.002855,74.125.24.0-255,5738,106630,9,240188
19309,0.002863,172.31.36.0-255,66,106696,9,240188
19310,0.004843,74.125.24.0-255,5738,112434,9,240188
19311,0.004849,172.31.36.0-255,66,112500,9,240188
19312,0.006795,74.125.24.0-255,5738,118238,9,240188
19313,0.006799,172.31.36.0-255,66,118304,9,240188
19314,0.008757,74.125.24.0-255,5738,124042,9,240188
19315,0.008764,172.31.36.0-255,66,124108,9,240188
19316,0.01074,74.125.24.0-255,5738,129846,9,240188
19317,0.010748,172.31.36.0-255,66,129912,9,240188
19318,0.012726,74.125.24.0-255,5738,135650,9,240188
19319,0.012736,172.31.36.0-255,66,135716,9,240188
19320,0.014686,74.125.24.0-255,5738,141454,9,240188
19321,0.014695,172.31.36.0-255,66,141520,9,240188
19322,0.016699,74.125.24.0-255,5738,147258,9,240188
19323,0.016713,172.31.36.0-255,66,147324,9,240188
19324,0.018669,74.125.24.0-255,5738,153062,9,240188
19325,0.018677,172.31.36.0-255,66,153128,9,240188
19326,0.020649,74.125.24.0-255,5738,158866,9,240188
19327,0.020657,172.31.36.0-255,66,158932,9,240188
19328,0.022634,74.125.24.0-255,5738,164670,9,240188
19329,0.022642,172.31.36.0-255,66,164736,9,240188
19330,0.024613,74.125.24.0-255,5738,170474,9,240188
19331,0.02462,172.31.36.0-255,66,170540,9,240188
19332,0.026587,74.125.24.0-255,5738,176278,9,240188
19333,0.026595,172.31.36.0-255,66,176344,9,240188
19334,0.028537,74.125.24.0-255,5738,182082,9,240188
19335,0.028546,172.31.36.0-255,66,182148,9,240188
19336,0.030544,74.125.24.0-255,5738,187886,9,240188
19337,0.030551,172.31.36.0-255,66,187952,9,240188
19338,0.032495,74.125.24.0-255,5738,193690,9,240188
19339,0.032503,172.31.36.0-255,66,193756,9,240188
19340,0.034463,74.125.24.0-255,5738,199494,9,240188
19341,0.03447,172.31.36.0-255,66,199560,9,240188
19342,0.036432,74.125.24.0-255,5738,205298,9,240188
19343,0.036441,172.31.36.0-255,66,205364,9,240188
19344,0.038402,74.125.24.0-255,5738,211102,9,240188
19345,0.03841,172.31.36.0-255,66,211168,9,240188
19346,0.040367,74.125.24.0-255,5738,216906,9,240188
19347,0.040379,172.31.36.0-255,66,216972,9,240188
19348,0.042357,74.125.24.0-255,5738,222710,9,240188
19349,0.042369,172.31.36.0-255,66,222776,9,240188
19350,0.044337,74.125.24.0-255,5738,228514,9,240188
19351,0.044346,172.31.36.0-255,66,228580,9,240188
19352,0.046301,74.125.24.0-255,5738,234318,9,240188
19353,0.04631,172.31.36.0-255,66,234384,9,240188
19354,0.048273,74.125.24.0-255,5738,240122,9,240188
19355,0.048282,172.31.36.0-255,66,240188,9,240188
19356,0.0,74.125.24.0-255,153,153,9,249913
19357,2.3e-05,172.31.36.0-255,66,219,9,249913
19358,3e-05,74.125.24.0-255,1484,1703,9,249913
19359,3.5e-05,172.31.36.0-255,66,1769,9,249913
19360,5e-05,74.125.24.0-255,2902,4671,9,249913
19361,5.3e-05,172.31.36.0-255,66,4737,9,249913
19362,6e-05,74.125.24.0-255,5738,10475,9,249913
19363,6.3e-05,172.31.36.0-255,66,10541,9,249913
19364,7e-05,74.125.24.0-255,3393,13934,9,249913
19365,7.3e-05,172.31.36.0-255,66,14000,9,249913
19366,0.000113,74.125.24.0-255,4320,18320,9,249913
19367,0.000116,172.31.36.0-255,66,18386,9,249913
19368,0.000129,172.31.36.0-255,66,18452,9,249913
19369,0.000139,74.125.24.0-255,2543,20995,9,249913
19370,0.000141,172.31.36.0-255,66,21061,9,249913
19371,0.000246,74.125.24.0-255,1484,22545,9,249913
19372,0.000251,172.31.36.0-255,66,22611,9,249913
19373,0.000256,74.125.24.0-255,2902,25513,9,249913
19374,0.000259,172.31.36.0-255,66,25579,9,249913
19375,0.000266,74.125.24.0-255,5738,31317,9,249913
19376,0.000268,172.31.36.0-255,66,31383,9,249913
19377,0.000281,74.125.24.0-255,6797,38180,9,249913
19378,0.000284,172.31.36.0-255,66,38246,9,249913
19379,0.000319,74.125.24.0-255,7156,45402,9,249913
19380,0.000322,172.31.36.0-255,66,45468,9,249913
19381,0.000325,74.125.24.0-255,1484,46952,9,249913
19382,0.000327,172.31.36.0-255,66,47018,9,249913
19383,0.000364,74.125.24.0-255,7156,54174,9,249913
19384,0.000367,172.31.36.0-255,66,54240,9,249913
19385,0.000371,74.125.24.0-255,1457,55697,9,249913
19386,0.000373,172.31.36.0-255,66,55763,9,249913
19387,0.000532,74.125.24.0-255,346,56109,9,249913
19388,0.000638,74.125.24.0-255,1484,57593,9,249913
19389,0.000644,172.31.36.0-255,66,57659,9,249913
19390,0.000649,74.125.24.0-255,2902,60561,9,249913
19391,0.000652,172.31.36.0-255,66,60627,9,249913
19392,0.000658,74.125.24.0-255,5738,66365,9,249913
19393,0.000666,172.31.36.0-255,66,66431,9,249913
19394,0.000671,74.125.24.0-255,4320,70751,9,249913
19395,0.000674,172.31.36.0-255,66,70817,9,249913
19396,0.00072,74.125.24.0-255,2543,73360,9,249913
19397,0.000723,172.31.36.0-255,66,73426,9,249913
19398,0.000738,172.31.36.0-255,66,73492,9,249913
19399,0.000742,74.125.24.0-255,2543,76035,9,249913
19400,0.000745,172.31.36.0-255,66,76101,9,249913
19401,0.001815,74.125.24.0-255,1484,77585,9,249913
19402,0.001826,74.125.24.0-255,2902,80487,9,249913
19403,0.00183,172.31.36.0-255,66,80553,9,249913
19404,0.00184,74.125.24.0-255,5738,86291,9,249913
19405,0.001842,172.31.36.0-255,66,86357,9,249913
19406,0.001848,74.125.24.0-255,5738,92095,9,249913
19407,0.00185,172.31.36.0-255,66,92161,9,249913
19408,0.00188,74.125.24.0-255,4320,96481,9,249913
19409,0.001887,172.31.36.0-255,66,96547,9,249913
19410,0.001899,172.31.36.0-255,66,96613,9,249913
19411,0.001931,74.125.24.0-255,5020,101633,9,249913
19412,0.001933,172.31.36.0-255,66,101699,9,249913
19413,0.002167,74.125.24.0-255,1484,103183,9,249913
19414,0.002175,74.125.24.0-255,2902,106085,9,249913
19415,0.002179,172.31.36.0-255,66,106151,9,249913
19416,0.002187,74.125.24.0-255,5738,111889,9,249913
19417,0.002189,172.31.36.0-255,66,111955,9,249913
19418,0.0022,74.125.24.0-255,4320,116275,9,249913
19419,0.002202,172.31.36.0-255,66,116341,9,249913
19420,0.002256,172.31.36.0-255,66,116407,9,249913
19421,0.002266,172.31.36.0-255,66,116473,9,249913
19422,0.002272,74.125.24.0-255,2902,119375,9,249913
19423,0.002274,172.31.36.0-255,66,119441,9,249913
19424,0.002312,74.125.24.0-255,5738,125179,9,249913
19425,0.002315,172.31.36.0-255,66,125245,9,249913
19426,0.002331,172.31.36.0-255,66,125311,9,249913
19427,0.00235,172.31.36.0-255,66,125377,9,249913
19428,0.004663,74.125.24.0-255,5738,131115,9,249913
19429,0.004669,172.31.36.0-255,66,131181,9,249913
19430,0.00699,74.125.24.0-255,5738,136919,9,249913
19431,0.006994,172.31.36.0-255,66,136985,9,249913
19432,0.009312,74.125.24.0-255,5738,142723,9,249913
19433,0.00932,172.31.36.0-255,66,142789,9,249913
19434,0.011618,74.125.24.0-255,5738,148527,9,249913
19435,0.011626,172.31.36.0-255,66,148593,9,249913
19436,0.013941,74.125.24.0-255,5738,154331,9,249913
19437,0.013949,172.31.36.0-255,66,154397,9,249913
19438,0.016264,74.125.24.0-255,5738,160135,9,249913
19439,0.016272,172.31.36.0-255,66,160201,9,249913
19440,0.018582,74.125.24.0-255,5738,165939,9,249913
19441,0.018589,172.31.36.0-255,66,166005,9,249913
19442,0.020914,74.125.24.0-255,5738,171743,9,249913
19443,0.020922,172.31.36.0-255,66,171809,9,249913
19444,0.023237,74.125.24.0-255,5738,177547,9,249913
19445,0.023245,172.31.36.0-255,66,177613,9,249913
19446,0.025569,74.125.24.0-255,5738,183351,9,249913
19447,0.025577,172.31.36.0-255,66,183417,9,249913
19448,0.027887,74.125.24.0-255,5738,189155,9,249913
19449,0.027894,172.31.36.0-255,66,189221,9,249913
19450,0.030226,74.125.24.0-255,5738,194959,9,249913
19451,0.030248,172.31.36.0-255,66,195025,9,249913
19452,0.030976,172.31.36.0-255,188,195213,9,249913
19453,0.031007,172.31.36.0-255,960,196173,9,249913
19454,0.03107,172.31.36.0-255,1514,197687,9,249913
19455,0.031071,172.31.36.0-255,1514,199201,9,249913
19456,0.031077,172.31.36.0-255,1514,200715,9,249913
19457,0.031079,172.31.36.0-255,1514,202229,9,249913
19458,0.031097,172.31.36.0-255,988,203217,9,249913
19459,0.032521,104.244.42.0-255,66,203283,9,249913
19460,0.032564,74.125.24.0-255,5738,209021,9,249913
19461,0.032568,172.31.36.0-255,66,209087,9,249913
19462,0.032694,104.244.42.0-255,66,209153,9,249913
19463,0.032699,104.244.42.0-255,66,209219,9,249913
19464,0.032702,104.244.42.0-255,66,209285,9,249913
19465,0.034893,74.125.24.0-255,5738,215023,9,249913
19466,0.0349,172.31.36.0-255,66,215089,9,249913
19467,0.03722,74.125.24.0-255,5738,220827,9,249913
19468,0.037231,172.31.36.0-255,66,220893,9,249913
19469,0.039563,74.125.24.0-255,5738,226631,9,249913
19470,0.03957,172.31.36.0-255,66,226697,9,249913
19471,0.041877,74.125.24.0-255,5738,232435,9,249913
19472,0.041885,172.31.36.0-255,66,232501,9,249913
19473,0.044207,74.125.24.0-255,5738,238239,9,249913
19474,0.044213,172.31.36.0-255,66,238305,9,249913
19475,0.046506,74.125.24.0-255,5738,244043,9,249913
19476,0.046512,172.31.36.0-255,66,244109,9,249913
19477,0.04884,74.125.24.0-255,5738,249847,9,249913
19478,0.048846,172.31.36.0-255,66,249913,9,249913
19479,0.0,172.31.36.0-255,172,172,9,11794
19480,3.3e-05,172.31.36.0-255,1140,1312,9,11794
19481,0.000119,172.31.36.0-255,1514,2826,9,11794
19482,0.000121,172.31.36.0-255,1514,4340,9,11794
19483,0.000126,172.31.36.0-255,1514,5854,9,11794
19484,0.000127,172.31.36.0-255,1514,7368,9,11794
19485,0.000149,172.31.36.0-255,1514,8882,9,11794
19486,0.00015,172.31.36.0-255,1514,10396,9,11794
19487,0.000172,172.31.36.0-255,1134,11530,9,11794
19488,0.001549,104.244.42.0-255,66,11596,9,11794
19489,0.001587,104.244.42.0-255,66,11662,9,11794
19490,0.001695,104.244.42.0-255,66,11728,9,11794
19491,0.001702,104.244.42.0-255,66,11794,9,11794
19492,0.0,74.125.24.0-255,146,146,9,208911
19493,3.7e-05,172.31.36.0-255,66,212,9,208911
19494,4.5e-05,74.125.24.0-255,1484,1696,9,208911
19495,4.9e-05,172.31.36.0-255,66,1762,9,208911
19496,5.4e-05,74.125.24.0-255,2902,4664,9,208911
19497,6.5e-05,172.31.36.0-255,66,4730,9,208911
19498,7.2e-05,74.125.24.0-255,7156,11886,9,208911
19499,7.5e-05,172.31.36.0-255,66,11952,9,208911
19500,7.8e-05,74.125.24.0-255,2038,13990,9,208911
19501,8.1e-05,172.31.36.0-255,66,14056,9,208911
19502,0.000156,74.125.24.0-255,1484,15540,9,208911
19503,0.00016,172.31.36.0-255,66,15606,9,208911
19504,0.000172,74.125.24.0-255,1484,17090,9,208911
19505,0.000181,172.31.36.0-255,66,17156,9,208911
19506,0.000205,74.125.24.0-255,1484,18640,9,208911
19507,0.000208,172.31.36.0-255,66,18706,9,208911
19508,0.000215,74.125.24.0-255,5738,24444,9,208911
19509,0.000217,172.31.36.0-255,66,24510,9,208911
19510,0.000226,74.125.24.0-255,6797,31307,9,208911
19511,0.000229,172.31.36.0-255,66,31373,9,208911
19512,0.000479,74.125.24.0-255,1484,32857,9,208911
19513,0.000484,172.31.36.0-255,66,32923,9,208911
19514,0.00049,74.125.24.0-255,2902,35825,9,208911
19515,0.000494,172.31.36.0-255,66,35891,9,208911
19516,0.000506,74.125.24.0-255,5738,41629,9,208911
19517,0.000511,172.31.36.0-255,66,41695,9,208911
19518,0.000556,74.125.24.0-255,2902,44597,9,208911
19519,0.00056,172.31.36.0-255,66,44663,9,208911
19520,0.000589,74.125.24.0-255,3961,48624,9,208911
19521,0.000592,172.31.36.0-255,66,48690,9,208911
19522,0.000633,74.125.24.0-255,1484,50174,9,208911
19523,0.000637,172.31.36.0-255,66,50240,9,208911
19524,0.000641,74.125.24.0-255,2902,53142,9,208911
19525,0.000645,172.31.36.0-255,66,53208,9,208911
19526,0.000647,74.125.24.0-255,5738,58946,9,208911
19527,0.000649,172.31.36.0-255,66,59012,9,208911
19528,0.000689,74.125.24.0-255,5738,64750,9,208911
19529,0.000693,172.31.36.0-255,66,64816,9,208911
19530,0.000718,74.125.24.0-255,1457,66273,9,208911
19531,0.000721,172.31.36.0-255,66,66339,9,208911
19532,0.000837,74.125.24.0-255,110,66449,9,208911
19533,0.000841,172.31.36.0-255,66,66515,9,208911
19534,0.000956,74.125.24.0-255,1484,67999,9,208911
19535,0.00096,172.31.36.0-255,66,68065,9,208911
19536,0.000968,74.125.24.0-255,2902,70967,9,208911
19537,0.000971,172.31.36.0-255,66,71033,9,208911
19538,0.00098,74.125.24.0-255,2902,73935,9,208911
19539,0.000983,172.31.36.0-255,66,74001,9,208911
19540,0.001012,74.125.24.0-255,2902,76903,9,208911
19541,0.001015,172.31.36.0-255,66,76969,9,208911
19542,0.001029,74.125.24.0-255,6797,83766,9,208911
19543,0.001032,172.31.36.0-255,66,83832,9,208911
19544,0.001046,172.31.36.0-255,66,83898,9,208911
19545,0.00105,74.125.24.0-255,2786,86684,9,208911
19546,0.001052,172.31.36.0-255,66,86750,9,208911
19547,0.002125,74.125.24.0-255,1484,88234,9,208911
19548,0.002132,172.31.36.0-255,66,88300,9,208911
19549,0.00214,74.125.24.0-255,2902,91202,9,208911
19550,0.002141,172.31.36.0-255,66,91268,9,208911
19551,0.002144,74.125.24.0-255,1484,92752,9,208911
19552,0.002146,172.31.36.0-255,66,92818,9,208911
19553,0.002181,74.125.24.0-255,4320,97138,9,208911
19554,0.002183,172.31.36.0-255,66,97204,9,208911
19555,0.002191,74.125.24.0-255,7156,104360,9,208911
19556,0.002194,172.31.36.0-255,66,104426,9,208911
19557,0.002269,74.125.24.0-255,3602,108028,9,208911
19558,0.004994,172.31.36.0-255,66,108094,9,208911
19559,0.007637,74.125.24.0-255,5738,113832,9,208911
19560,0.007644,172.31.36.0-255,66,113898,9,208911
19561,0.010279,74.125.24.0-255,5738,119636,9,208911
19562,0.010289,172.31.36.0-255,66,119702,9,208911
19563,0.012953,74.125.24.0-255,5738,125440,9,208911
19564,0.012961,172.31.36.0-255,66,125506,9,208911
19565,0.015599,74.125.24.0-255,5738,131244,9,208911
19566,0.015614,172.31.36.0-255,66,131310,9,208911
19567,0.018271,74.125.24.0-255,5738,137048,9,208911
19568,0.018284,172.31.36.0-255,66,137114,9,208911
19569,0.02089,74.125.24.0-255,5738,142852,9,208911
19570,0.020898,172.31.36.0-255,66,142918,9,208911
19571,0.023575,74.125.24.0-255,5738,148656,9,208911
19572,0.023584,172.31.36.0-255,66,148722,9,208911
19573,0.026255,74.125.24.0-255,5738,154460,9,208911
19574,0.02627,172.31.36.0-255,66,154526,9,208911
19575,0.028909,74.125.24.0-255,5738,160264,9,208911
19576,0.028918,172.31.36.0-255,66,160330,9,208911
19577,0.031608,74.125.24.0-255,5738,166068,9,208911
19578,0.031619,172.31.36.0-255,66,166134,9,208911
19579,0.033619,172.31.36.0-255,171,166305,9,208911
19580,0.033649,172.31.36.0-255,1140,167445,9,208911
19581,0.033698,172.31.36.0-255,1514,168959,9,208911
19582,0.0337,172.31.36.0-255,1514,170473,9,208911
19583,0.033705,172.31.36.0-255,1514,171987,9,208911
19584,0.033707,172.31.36.0-255,1514,173501,9,208911
19585,0.033725,172.31.36.0-255,322,173823,9,208911
19586,0.034289,74.125.24.0-255,5738,179561,9,208911
19587,0.034296,172.31.36.0-255,66,179627,9,208911
19588,0.035167,104.244.42.0-255,66,179693,9,208911
19589,0.035196,104.244.42.0-255,66,179759,9,208911
19590,0.035252,104.244.42.0-255,66,179825,9,208911
19591,0.035257,104.244.42.0-255,66,179891,9,208911
19592,0.036938,74.125.24.0-255,5738,185629,9,208911
19593,0.036945,172.31.36.0-255,66,185695,9,208911
19594,0.039594,74.125.24.0-255,5738,191433,9,208911
19595,0.039615,172.31.36.0-255,66,191499,9,208911
19596,0.042236,74.125.24.0-255,5738,197237,9,208911
19597,0.042242,172.31.36.0-255,66,197303,9,208911
19598,0.044943,74.125.24.0-255,5738,203041,9,208911
19599,0.044949,172.31.36.0-255,66,203107,9,208911
19600,0.047576,74.125.24.0-255,5738,208845,9,208911
19601,0.047581,172.31.36.0-255,66,208911,9,208911
19602,0.0,74.125.200.0-255,289,289,9,357800
19603,2.3e-05,172.31.36.0-255,66,355,9,357800
19604,3.1e-05,74.125.200.0-255,1484,1839,9,357800
19605,3.5e-05,172.31.36.0-255,66,1905,9,357800
19606,3.8e-05,74.125.200.0-255,1484,3389,9,357800
19607,4.1e-05,172.31.36.0-255,66,3455,9,357800
19608,4.7e-05,74.125.200.0-255,2902,6357,9,357800
19609,5e-05,172.31.36.0-255,66,6423,9,357800
19610,6.9e-05,74.125.200.0-255,2902,9325,9,357800
19611,7.2e-05,172.31.36.0-255,66,9391,9,357800
19612,9.6e-05,74.125.200.0-255,4320,13711,9,357800
19613,9.9e-05,172.31.36.0-255,66,13777,9,357800
19614,0.000102,74.125.200.0-255,443,14220,9,357800
19615,0.000104,172.31.36.0-255,66,14286,9,357800
19616,0.000278,74.125.200.0-255,1484,15770,9,357800
19617,0.000283,172.31.36.0-255,66,15836,9,357800
19618,0.00029,74.125.200.0-255,2902,18738,9,357800
19619,0.000292,172.31.36.0-255,66,18804,9,357800
19620,0.000316,74.125.200.0-255,5738,24542,9,357800
19621,0.000318,172.31.36.0-255,66,24608,9,357800
19622,0.000321,74.125.200.0-255,1484,26092,9,357800
19623,0.000324,172.31.36.0-255,66,26158,9,357800
19624,0.000349,74.125.200.0-255,2902,29060,9,357800
19625,0.000352,172.31.36.0-255,66,29126,9,357800
19626,0.000391,74.125.200.0-255,2543,31669,9,357800
19627,0.000394,172.31.36.0-255,66,31735,9,357800
19628,0.000409,74.125.200.0-255,2902,34637,9,357800
19629,0.000412,172.31.36.0-255,66,34703,9,357800
19630,0.000437,74.125.200.0-255,4320,39023,9,357800
19631,0.00044,172.31.36.0-255,66,39089,9,357800
19632,0.000447,74.125.200.0-255,5738,44827,9,357800
19633,0.000449,172.31.36.0-255,66,44893,9,357800
19634,0.00048,172.31.36.0-255,66,44959,9,357800
19635,0.000496,74.125.200.0-255,1484,46443,9,357800
19636,0.000501,74.125.200.0-255,2902,49345,9,357800
19637,0.000504,172.31.36.0-255,66,49411,9,357800
19638,0.000538,74.125.200.0-255,6438,55849,9,357800
19639,0.000541,172.31.36.0-255,66,55915,9,357800
19640,0.000552,74.125.200.0-255,648,56563,9,357800
19641,0.000626,74.125.200.0-255,1484,58047,9,357800
19642,0.00063,172.31.36.0-255,66,58113,9,357800
19643,0.000634,74.125.200.0-255,1484,59597,9,357800
19644,0.00065,74.125.200.0-255,1484,61081,9,357800
19645,0.000652,172.31.36.0-255,66,61147,9,357800
19646,0.000659,74.125.200.0-255,5738,66885,9,357800
19647,0.000662,172.31.36.0-255,66,66951,9,357800
19648,0.000675,74.125.200.0-255,1484,68435,9,357800
19649,0.0007,74.125.200.0-255,7156,75591,9,357800
19650,0.000731,74.125.200.0-255,7156,82747,9,357800
19651,0.000736,172.31.36.0-255,66,82813,9,357800
19652,0.000739,172.31.36.0-255,66,82879,9,357800
19653,0.000749,74.125.200.0-255,2902,85781,9,357800
19654,0.000756,74.125.200.0-255,5020,90801,9,357800
19655,0.000759,172.31.36.0-255,66,90867,9,357800
19656,0.000767,172.31.36.0-255,66,90933,9,357800
19657,0.000791,74.125.200.0-255,1484,92417,9,357800
19658,0.000805,74.125.200.0-255,2902,95319,9,357800
19659,0.00081,172.31.36.0-255,66,95385,9,357800
19660,0.000833,74.125.200.0-255,5738,101123,9,357800
19661,0.000836,172.31.36.0-255,66,101189,9,357800
19662,0.00084,74.125.200.0-255,2902,104091,9,357800
19663,0.000842,172.31.36.0-255,66,104157,9,357800
19664,0.000854,74.125.200.0-255,1484,105641,9,357800
19665,0.000881,172.31.36.0-255,66,105707,9,357800
19666,0.000894,172.31.36.0-255,66,105773,9,357800
19667,0.000921,74.125.200.0-255,215,105988,9,357800
19668,0.001029,74.125.200.0-255,1484,107472,9,357800
19669,0.001034,172.31.36.0-255,66,107538,9,357800
19670,0.001038,74.125.200.0-255,1484,109022,9,357800
19671,0.001054,74.125.200.0-255,1484,110506,9,357800
19672,0.001056,172.31.36.0-255,66,110572,9,357800
19673,0.001062,74.125.200.0-255,5738,116310,9,357800
19674,0.001064,172.31.36.0-255,66,116376,9,357800
19675,0.001089,74.125.200.0-255,5738,122114,9,357800
19676,0.001092,172.31.36.0-255,66,122180,9,357800
19677,0.00112,74.125.200.0-255,5738,127918,9,357800
19678,0.001122,172.31.36.0-255,66,127984,9,357800
19679,0.001136,172.31.36.0-255,66,128050,9,357800
19680,0.00147,74.125.200.0-255,1484,129534,9,357800
19681,0.001477,74.125.200.0-255,2902,132436,9,357800
19682,0.001482,172.31.36.0-255,66,132502,9,357800
19683,0.001487,74.125.200.0-255,1484,133986,9,357800
19684,0.00149,74.125.200.0-255,1484,135470,9,357800
19685,0.001492,172.31.36.0-255,66,135536,9,357800
19686,0.001512,74.125.200.0-255,1484,137020,9,357800
19687,0.001518,74.125.200.0-255,5738,142758,9,357800
19688,0.00152,172.31.36.0-255,66,142824,9,357800
19689,0.001553,74.125.200.0-255,5738,148562,9,357800
19690,0.001556,172.31.36.0-255,66,148628,9,357800
19691,0.001577,74.125.200.0-255,5738,154366,9,357800
19692,0.00158,172.31.36.0-255,66,154432,9,357800
19693,0.001603,172.31.36.0-255,66,154498,9,357800
19694,0.001633,172.31.36.0-255,66,154564,9,357800
19695,0.001638,74.125.200.0-255,2902,157466,9,357800
19696,0.00164,172.31.36.0-255,66,157532,9,357800
19697,0.001662,74.125.200.0-255,7156,164688,9,357800
19698,0.001664,172.31.36.0-255,66,164754,9,357800
19699,0.00167,74.125.200.0-255,4320,169074,9,357800
19700,0.001673,172.31.36.0-255,66,169140,9,357800
19701,0.001703,74.125.200.0-255,7156,176296,9,357800
19702,0.001707,172.31.36.0-255,66,176362,9,357800
19703,0.001712,74.125.200.0-255,3602,179964,9,357800
19704,0.001714,172.31.36.0-255,66,180030,9,357800
19705,0.001798,74.125.200.0-255,1484,181514,9,357800
19706,0.001815,74.125.200.0-255,2902,184416,9,357800
19707,0.001818,172.31.36.0-255,66,184482,9,357800
19708,0.001823,74.125.200.0-255,2902,187384,9,357800
19709,0.001826,172.31.36.0-255,66,187450,9,357800
19710,0.001844,74.125.200.0-255,2902,190352,9,357800
19711,0.001847,172.31.36.0-255,66,190418,9,357800
19712,0.001858,74.125.200.0-255,4320,194738,9,357800
19713,0.00186,172.31.36.0-255,66,194804,9,357800
19714,0.001867,74.125.200.0-255,5738,200542,9,357800
19715,0.001869,172.31.36.0-255,66,200608,9,357800
19716,0.001888,74.125.200.0-255,1484,202092,9,357800
19717,0.00191,172.31.36.0-255,66,202158,9,357800
19718,0.001915,74.125.200.0-255,2184,204342,9,357800
19719,0.001917,172.31.36.0-255,66,204408,9,357800
19720,0.001961,74.125.200.0-255,1484,205892,9,357800
19721,0.001965,74.125.200.0-255,1484,207376,9,357800
19722,0.001967,172.31.36.0-255,66,207442,9,357800
19723,0.001993,74.125.200.0-255,1484,208926,9,357800
19724,0.002,74.125.200.0-255,5738,214664,9,357800
19725,0.002002,172.31.36.0-255,66,214730,9,357800
19726,0.002007,74.125.200.0-255,2902,217632,9,357800
19727,0.002009,172.31.36.0-255,66,217698,9,357800
19728,0.002068,172.31.36.0-255,66,217764,9,357800
19729,0.004083,74.125.200.0-255,5738,223502,9,357800
19730,0.004092,172.31.36.0-255,66,223568,9,357800
19731,0.006127,74.125.200.0-255,5738,229306,9,357800
19732,0.006136,172.31.36.0-255,66,229372,9,357800
19733,0.008193,74.125.200.0-255,5738,235110,9,357800
19734,0.008224,172.31.36.0-255,66,235176,9,357800
19735,0.010262,74.125.200.0-255,5738,240914,9,357800
19736,0.01027,172.31.36.0-255,66,240980,9,357800
19737,0.012289,74.125.200.0-255,5738,246718,9,357800
19738,0.012296,172.31.36.0-255,66,246784,9,357800
19739,0.014319,74.125.200.0-255,5738,252522,9,357800
19740,0.014327,172.31.36.0-255,66,252588,9,357800
19741,0.01636,74.125.200.0-255,5738,258326,9,357800
19742,0.016369,172.31.36.0-255,66,258392,9,357800
19743,0.018392,74.125.200.0-255,5738,264130,9,357800
19744,0.018399,172.31.36.0-255,66,264196,9,357800
19745,0.020424,74.125.200.0-255,5738,269934,9,357800
19746,0.020435,172.31.36.0-255,66,270000,9,357800
19747,0.022467,74.125.200.0-255,5738,275738,9,357800
19748,0.022477,172.31.36.0-255,66,275804,9,357800
19749,0.024496,74.125.200.0-255,5738,281542,9,357800
19750,0.024504,172.31.36.0-255,66,281608,9,357800
19751,0.026518,74.125.200.0-255,5738,287346,9,357800
19752,0.026526,172.31.36.0-255,66,287412,9,357800
19753,0.028547,74.125.200.0-255,5738,293150,9,357800
19754,0.028554,172.31.36.0-255,66,293216,9,357800
19755,0.030586,74.125.200.0-255,5738,298954,9,357800
19756,0.030593,172.31.36.0-255,66,299020,9,357800
19757,0.032609,74.125.200.0-255,5738,304758,9,357800
19758,0.032616,172.31.36.0-255,66,304824,9,357800
19759,0.034633,74.125.200.0-255,5738,310562,9,357800
19760,0.034638,172.31.36.0-255,66,310628,9,357800
19761,0.036657,74.125.200.0-255,5738,316366,9,357800
19762,0.036665,172.31.36.0-255,66,316432,9,357800
19763,0.038696,74.125.200.0-255,5738,322170,9,357800
19764,0.038703,172.31.36.0-255,66,322236,9,357800
19765,0.040724,74.125.200.0-255,5738,327974,9,357800
19766,0.040732,172.31.36.0-255,66,328040,9,357800
19767,0.042747,74.125.200.0-255,5738,333778,9,357800
19768,0.04276,172.31.36.0-255,66,333844,9,357800
19769,0.044779,74.125.200.0-255,5738,339582,9,357800
19770,0.044786,172.31.36.0-255,66,339648,9,357800
19771,0.046045,172.31.36.0-255,167,339815,9,357800
19772,0.046086,172.31.36.0-255,1115,340930,9,357800
19773,0.046164,172.31.36.0-255,1514,342444,9,357800
19774,0.046166,172.31.36.0-255,1514,343958,9,357800
19775,0.046172,172.31.36.0-255,1514,345472,9,357800
19776,0.046173,172.31.36.0-255,1514,346986,9,357800
19777,0.046192,172.31.36.0-255,1488,348474,9,357800
19778,0.046805,74.125.200.0-255,5738,354212,9,357800
19779,0.046812,172.31.36.0-255,66,354278,9,357800
19780,0.047606,104.244.42.0-255,66,354344,9,357800
19781,0.047659,104.244.42.0-255,66,354410,9,357800
19782,0.047702,104.244.42.0-255,66,354476,9,357800
19783,0.047759,104.244.42.0-255,66,354542,9,357800
19784,0.048828,74.125.200.0-255,3087,357629,9,357800
19785,0.048836,172.31.36.0-255,66,357695,9,357800
19786,0.049011,172.31.36.0-255,105,357800,9,357800
19787,0.0,74.125.68.0-255,150,150,9,236369
19788,2.6e-05,172.31.36.0-255,66,216,9,236369
19789,3.3e-05,74.125.68.0-255,1484,1700,9,236369
19790,3.7e-05,172.31.36.0-255,66,1766,9,236369
19791,4.2e-05,74.125.68.0-255,2902,4668,9,236369
19792,4.4e-05,172.31.36.0-255,66,4734,9,236369
19793,6e-05,74.125.68.0-255,7156,11890,9,236369
19794,6.3e-05,172.31.36.0-255,66,11956,9,236369
19795,6.8e-05,74.125.68.0-255,2002,13958,9,236369
19796,7e-05,172.31.36.0-255,66,14024,9,236369
19797,7.4e-05,74.125.68.0-255,2902,16926,9,236369
19798,7.7e-05,172.31.36.0-255,66,16992,9,236369
19799,0.000114,74.125.68.0-255,7156,24148,9,236369
19800,0.000118,172.31.36.0-255,66,24214,9,236369
19801,0.000123,74.125.68.0-255,2902,27116,9,236369
19802,0.000125,172.31.36.0-255,66,27182,9,236369
19803,0.000168,74.125.68.0-255,3961,31143,9,236369
19804,0.000173,172.31.36.0-255,66,31209,9,236369
19805,0.000229,74.125.68.0-255,1484,32693,9,236369
19806,0.000233,172.31.36.0-255,66,32759,9,236369
19807,0.000238,74.125.68.0-255,2902,35661,9,236369
19808,0.000241,172.31.36.0-255,66,35727,9,236369
19809,0.000303,74.125.68.0-255,5738,41465,9,236369
19810,0.000307,172.31.36.0-255,66,41531,9,236369
19811,0.000311,74.125.68.0-255,2902,44433,9,236369
19812,0.000314,172.31.36.0-255,66,44499,9,236369
19813,0.000326,172.31.36.0-255,66,44565,9,236369
19814,0.000332,74.125.68.0-255,4320,48885,9,236369
19815,0.000334,172.31.36.0-255,66,48951,9,236369
19816,0.00038,74.125.68.0-255,5379,54330,9,236369
19817,0.000384,172.31.36.0-255,66,54396,9,236369
19818,0.00073,74.125.68.0-255,647,55043,9,236369
19819,0.000767,74.125.68.0-255,1484,56527,9,236369
19820,0.000771,172.31.36.0-255,66,56593,9,236369
19821,0.000799,74.125.68.0-255,2902,59495,9,236369
19822,0.000803,172.31.36.0-255,66,59561,9,236369
19823,0.00081,74.125.68.0-255,5738,65299,9,236369
19824,0.000812,172.31.36.0-255,66,65365,9,236369
19825,0.000845,172.31.36.0-255,66,65431,9,236369
19826,0.000852,74.125.68.0-255,7156,72587,9,236369
19827,0.000854,172.31.36.0-255,66,72653,9,236369
19828,0.000889,74.125.68.0-255,2902,75555,9,236369
19829,0.000894,172.31.36.0-255,66,75621,9,236369
19830,0.000895,74.125.68.0-255,5020,80641,9,236369
19831,0.000898,172.31.36.0-255,66,80707,9,236369
19832,0.001437,74.125.68.0-255,1484,82191,9,236369
19833,0.001448,74.125.68.0-255,2902,85093,9,236369
19834,0.001452,172.31.36.0-255,66,85159,9,236369
19835,0.001484,74.125.68.0-255,5738,90897,9,236369
19836,0.001487,172.31.36.0-255,66,90963,9,236369
19837,0.001494,74.125.68.0-255,5738,96701,9,236369
19838,0.001496,172.31.36.0-255,66,96767,9,236369
19839,0.001517,74.125.68.0-255,1484,98251,9,236369
19840,0.001522,74.125.68.0-255,2902,101153,9,236369
19841,0.001525,172.31.36.0-255,66,101219,9,236369
19842,0.001557,74.125.68.0-255,5738,106957,9,236369
19843,0.00156,172.31.36.0-255,66,107023,9,236369
19844,0.001584,74.125.68.0-255,2902,109925,9,236369
19845,0.001587,172.31.36.0-255,66,109991,9,236369
19846,0.00161,74.125.68.0-255,5020,115011,9,236369
19847,0.001612,172.31.36.0-255,66,115077,9,236369
19848,0.003856,74.125.68.0-255,5738,120815,9,236369
19849,0.003862,172.31.36.0-255,66,120881,9,236369
19850,0.006096,74.125.68.0-255,5738,126619,9,236369
19851,0.006101,172.31.36.0-255,66,126685,9,236369
19852,0.008343,74.125.68.0-255,5738,132423,9,236369
19853,0.00835,172.31.36.0-255,66,132489,9,236369
19854,0.010611,74.125.68.0-255,5738,138227,9,236369
19855,0.01062,172.31.36.0-255,66,138293,9,236369
19856,0.012865,74.125.68.0-255,5738,144031,9,236369
19857,0.012872,172.31.36.0-255,66,144097,9,236369
19858,0.01513,74.125.68.0-255,5738,149835,9,236369
19859,0.01514,172.31.36.0-255,66,149901,9,236369
19860,0.017389,74.125.68.0-255,5738,155639,9,236369
19861,0.017397,172.31.36.0-255,66,155705,9,236369
19862,0.019645,74.125.68.0-255,5738,161443,9,236369
19863,0.019651,172.31.36.0-255,66,161509,9,236369
19864,0.021888,74.125.68.0-255,5738,167247,9,236369
19865,0.021895,172.31.36.0-255,66,167313,9,236369
19866,0.024128,74.125.68.0-255,5738,173051,9,236369
19867,0.024135,172.31.36.0-255,66,173117,9,236369
19868,0.026385,74.125.68.0-255,5738,178855,9,236369
19869,0.026392,172.31.36.0-255,66,178921,9,236369
19870,0.028639,74.125.68.0-255,5738,184659,9,236369
19871,0.028647,172.31.36.0-255,66,184725,9,236369
19872,0.030884,74.125.68.0-255,5738,190463,9,236369
19873,0.030891,172.31.36.0-255,66,190529,9,236369
19874,0.031484,172.31.36.0-255,172,190701,9,236369
19875,0.031515,172.31.36.0-255,1115,191816,9,236369
19876,0.031546,172.31.36.0-255,561,192377,9,236369
19877,0.033014,104.244.42.0-255,66,192443,9,236369
19878,0.033075,104.244.42.0-255,66,192509,9,236369
19879,0.033079,104.244.42.0-255,66,192575,9,236369
19880,0.033174,74.125.68.0-255,5738,198313,9,236369
19881,0.03318,172.31.36.0-255,66,198379,9,236369
19882,0.035416,74.125.68.0-255,4320,202699,9,236369
19883,0.035422,172.31.36.0-255,66,202765,9,236369
19884,0.035456,74.125.68.0-255,1484,204249,9,236369
19885,0.037688,74.125.68.0-255,4320,208569,9,236369
19886,0.037694,172.31.36.0-255,66,208635,9,236369
19887,0.03994,74.125.68.0-255,5738,214373,9,236369
19888,0.039945,172.31.36.0-255,66,214439,9,236369
19889,0.042207,74.125.68.0-255,5738,220177,9,236369
19890,0.042213,172.31.36.0-255,66,220243,9,236369
19891,0.044447,74.125.68.0-255,4320,224563,9,236369
19892,0.044452,172.31.36.0-255,66,224629,9,236369
19893,0.044489,74.125.68.0-255,1484,226113,9,236369
19894,0.046685,74.125.68.0-255,4320,230433,9,236369
19895,0.046691,172.31.36.0-255,66,230499,9,236369
19896,0.048943,74.125.68.0-255,4320,234819,9,236369
19897,0.048949,172.31.36.0-255,66,234885,9,236369
19898,0.048975,74.125.68.0-255,1484,236369,9,236369
19899,0.0,74.125.24.0-255,153,153,9,297919
19900,3e-05,172.31.36.0-255,66,219,9,297919
19901,3.7e-05,74.125.24.0-255,1484,1703,9,297919
19902,4.2e-05,172.31.36.0-255,66,1769,9,297919
19903,4.7e-05,74.125.24.0-255,2902,4671,9,297919
19904,5e-05,172.31.36.0-255,66,4737,9,297919
19905,5.3e-05,74.125.24.0-255,1484,6221,9,297919
19906,5.6e-05,172.31.36.0-255,66,6287,9,297919
19907,8.4e-05,74.125.24.0-255,4320,10607,9,297919
19908,8.9e-05,172.31.36.0-255,66,10673,9,297919
19909,9.8e-05,74.125.24.0-255,3457,14130,9,297919
19910,0.000101,172.31.36.0-255,66,14196,9,297919
19911,0.000149,74.125.24.0-255,4320,18516,9,297919
19912,0.000153,172.31.36.0-255,66,18582,9,297919
19913,0.000173,74.125.24.0-255,4320,22902,9,297919
19914,0.000177,172.31.36.0-255,66,22968,9,297919
19915,0.000218,172.31.36.0-255,66,23034,9,297919
19916,0.000339,74.125.24.0-255,1484,24518,9,297919
19917,0.000342,74.125.24.0-255,1484,26002,9,297919
19918,0.000344,172.31.36.0-255,66,26068,9,297919
19919,0.000348,172.31.36.0-255,66,26134,9,297919
19920,0.000363,74.125.24.0-255,1484,27618,9,297919
19921,0.000366,172.31.36.0-255,66,27684,9,297919
19922,0.000372,74.125.24.0-255,4320,32004,9,297919
19923,0.000375,172.31.36.0-255,66,32070,9,297919
19924,0.000401,74.125.24.0-255,4320,36390,9,297919
19925,0.000404,172.31.36.0-255,66,36456,9,297919
19926,0.000428,74.125.24.0-255,5379,41835,9,297919
19927,0.000431,172.31.36.0-255,66,41901,9,297919
19928,0.000435,74.125.24.0-255,2902,44803,9,297919
19929,0.000438,172.31.36.0-255,66,44869,9,297919
19930,0.000478,74.125.24.0-255,7156,52025,9,297919
19931,0.000482,172.31.36.0-255,66,52091,9,297919
19932,0.000503,74.125.24.0-255,5379,57470,9,297919
19933,0.000506,172.31.36.0-255,66,57536,9,297919
19934,0.000509,74.125.24.0-255,363,57899,9,297919
19935,0.000534,74.125.24.0-255,125,58024,9,297919
19936,0.000627,74.125.24.0-255,1484,59508,9,297919
19937,0.000631,172.31.36.0-255,66,59574,9,297919
19938,0.000636,74.125.24.0-255,2902,62476,9,297919
19939,0.000638,172.31.36.0-255,66,62542,9,297919
19940,0.000655,74.125.24.0-255,1484,64026,9,297919
19941,0.000674,74.125.24.0-255,4320,68346,9,297919
19942,0.000677,172.31.36.0-255,66,68412,9,297919
19943,0.000701,74.125.24.0-255,1484,69896,9,297919
19944,0.000716,74.125.24.0-255,5379,75275,9,297919
19945,0.000719,172.31.36.0-255,66,75341,9,297919
19946,0.000726,74.125.24.0-255,7156,82497,9,297919
19947,0.000728,172.31.36.0-255,66,82563,9,297919
19948,0.000751,74.125.24.0-255,7156,89719,9,297919
19949,0.000754,172.31.36.0-255,66,89785,9,297919
19950,0.000758,74.125.24.0-255,2543,92328,9,297919
19951,0.00076,172.31.36.0-255,66,92394,9,297919
19952,0.000847,74.125.24.0-255,352,92746,9,297919
19953,0.00113,172.31.36.0-255,66,92812,9,297919
19954,0.001266,74.125.24.0-255,1484,94296,9,297919
19955,0.001276,74.125.24.0-255,2902,97198,9,297919
19956,0.001279,172.31.36.0-255,66,97264,9,297919
19957,0.001287,74.125.24.0-255,5738,103002,9,297919
19958,0.001289,172.31.36.0-255,66,103068,9,297919
19959,0.001343,172.31.36.0-255,66,103134,9,297919
19960,0.001363,74.125.24.0-255,4320,107454,9,297919
19961,0.001367,172.31.36.0-255,66,107520,9,297919
19962,0.001379,172.31.36.0-255,66,107586,9,297919
19963,0.001546,74.125.24.0-255,1484,109070,9,297919
19964,0.001553,74.125.24.0-255,2902,111972,9,297919
19965,0.001557,172.31.36.0-255,66,112038,9,297919
19966,0.001576,74.125.24.0-255,1484,113522,9,297919
19967,0.001587,74.125.24.0-255,1484,115006,9,297919
19968,0.001589,172.31.36.0-255,66,115072,9,297919
19969,0.001608,74.125.24.0-255,2902,117974,9,297919
19970,0.00161,172.31.36.0-255,66,118040,9,297919
19971,0.001622,172.31.36.0-255,66,118106,9,297919
19972,0.001659,172.31.36.0-255,66,118172,9,297919
19973,0.001682,74.125.24.0-255,3602,121774,9,297919
19974,0.001685,172.31.36.0-255,66,121840,9,297919
19975,0.001702,172.31.36.0-255,66,121906,9,297919
19976,0.001709,74.125.24.0-255,6438,128344,9,297919
19977,0.001711,172.31.36.0-255,66,128410,9,297919
19978,0.001833,74.125.24.0-255,1484,129894,9,297919
19979,0.001839,74.125.24.0-255,2902,132796,9,297919
19980,0.001842,172.31.36.0-255,66,132862,9,297919
19981,0.001865,74.125.24.0-255,5738,138600,9,297919
19982,0.001868,172.31.36.0-255,66,138666,9,297919
19983,0.00188,74.125.24.0-255,2902,141568,9,297919
19984,0.0019,172.31.36.0-255,66,141634,9,297919
19985,0.001925,172.31.36.0-255,66,141700,9,297919
19986,0.001931,74.125.24.0-255,5738,147438,9,297919
19987,0.001933,172.31.36.0-255,66,147504,9,297919
19988,0.001947,74.125.24.0-255,1484,148988,9,297919
19989,0.001953,74.125.24.0-255,3602,152590,9,297919
19990,0.001955,172.31.36.0-255,66,152656,9,297919
19991,0.002181,74.125.24.0-255,1484,154140,9,297919
19992,0.002198,74.125.24.0-255,2902,157042,9,297919
19993,0.0022,172.31.36.0-255,66,157108,9,297919
19994,0.002204,74.125.24.0-255,1484,158592,9,297919
19995,0.002222,74.125.24.0-255,4320,162912,9,297919
19996,0.002224,172.31.36.0-255,66,162978,9,297919
19997,0.002255,74.125.24.0-255,2902,165880,9,297919
19998,0.002258,172.31.36.0-255,66,165946,9,297919
19999,0.002282,74.125.24.0-255,7156,173102,9,297919
20000,0.002284,172.31.36.0-255,66,173168,9,297919
20001,0.002296,172.31.36.0-255,66,173234,9,297919
20002,0.0023,74.125.24.0-255,2184,175418,9,297919
20003,0.002302,172.31.36.0-255,66,175484,9,297919
20004,0.004605,74.125.24.0-255,4320,179804,9,297919
20005,0.004611,172.31.36.0-255,66,179870,9,297919
20006,0.004631,74.125.24.0-255,1484,181354,9,297919
20007,0.006931,74.125.24.0-255,4320,185674,9,297919
20008,0.006938,172.31.36.0-255,66,185740,9,297919
20009,0.009268,74.125.24.0-255,5738,191478,9,297919
20010,0.009275,172.31.36.0-255,66,191544,9,297919
20011,0.011581,74.125.24.0-255,5738,197282,9,297919
20012,0.011588,172.31.36.0-255,66,197348,9,297919
20013,0.013909,74.125.24.0-255,5738,203086,9,297919
20014,0.013915,172.31.36.0-255,66,203152,9,297919
20015,0.016285,74.125.24.0-255,5738,208890,9,297919
20016,0.016294,172.31.36.0-255,66,208956,9,297919
20017,0.018601,74.125.24.0-255,5738,214694,9,297919
20018,0.018608,172.31.36.0-255,66,214760,9,297919
20019,0.020912,74.125.24.0-255,5738,220498,9,297919
20020,0.020919,172.31.36.0-255,66,220564,9,297919
20021,0.023234,74.125.24.0-255,5738,226302,9,297919
20022,0.023241,172.31.36.0-255,66,226368,9,297919
20023,0.025529,74.125.24.0-255,5738,232106,9,297919
20024,0.025534,172.31.36.0-255,66,232172,9,297919
20025,0.027849,74.125.24.0-255,5738,237910,9,297919
20026,0.027856,172.31.36.0-255,66,237976,9,297919
20027,0.030223,74.125.24.0-255,4320,242296,9,297919
20028,0.03023,172.31.36.0-255,66,242362,9,297919
20029,0.030249,74.125.24.0-255,1484,243846,9,297919
20030,0.032567,74.125.24.0-255,4320,248166,9,297919
20031,0.032574,172.31.36.0-255,66,248232,9,297919
20032,0.034899,74.125.24.0-255,5738,253970,9,297919
20033,0.034905,172.31.36.0-255,66,254036,9,297919
20034,0.037235,74.125.24.0-255,5738,259774,9,297919
20035,0.037243,172.31.36.0-255,66,259840,9,297919
20036,0.039579,74.125.24.0-255,5738,265578,9,297919
20037,0.039587,172.31.36.0-255,66,265644,9,297919
20038,0.041919,74.125.24.0-255,5738,271382,9,297919
20039,0.041927,172.31.36.0-255,66,271448,9,297919
20040,0.042461,172.31.36.0-255,176,271624,9,297919
20041,0.04249,172.31.36.0-255,1115,272739,9,297919
20042,0.042541,172.31.36.0-255,1514,274253,9,297919
20043,0.042542,172.31.36.0-255,1514,275767,9,297919
20044,0.042543,172.31.36.0-255,1514,277281,9,297919
20045,0.042544,172.31.36.0-255,1514,278795,9,297919
20046,0.042546,172.31.36.0-255,1382,280177,9,297919
20047,0.044019,104.244.42.0-255,66,280243,9,297919
20048,0.044027,104.244.42.0-255,66,280309,9,297919
20049,0.044122,104.244.42.0-255,66,280375,9,297919
20050,0.044127,104.244.42.0-255,66,280441,9,297919
20051,0.044268,74.125.24.0-255,5738,286179,9,297919
20052,0.044276,172.31.36.0-255,66,286245,9,297919
20053,0.046598,74.125.24.0-255,5738,291983,9,297919
20054,0.046603,172.31.36.0-255,66,292049,9,297919
20055,0.048914,74.125.24.0-255,4320,296369,9,297919
20056,0.048919,172.31.36.0-255,66,296435,9,297919
20057,0.048948,74.125.24.0-255,1484,297919,9,297919
20058,0.0,172.217.194.0-255,153,153,9,291619
20059,2.1e-05,172.31.36.0-255,66,219,9,291619
20060,2.8e-05,172.217.194.0-255,1484,1703,9,291619
20061,3.4e-05,172.31.36.0-255,66,1769,9,291619
20062,5.1e-05,172.217.194.0-255,2902,4671,9,291619
20063,5.5e-05,172.31.36.0-255,66,4737,9,291619
20064,6.2e-05,172.217.194.0-255,7156,11893,9,291619
20065,6.6e-05,172.31.36.0-255,66,11959,9,291619
20066,7e-05,172.217.194.0-255,2078,14037,9,291619
20067,7.2e-05,172.31.36.0-255,66,14103,9,291619
20068,7.5e-05,172.217.194.0-255,1484,15587,9,291619
20069,7.7e-05,172.31.36.0-255,66,15653,9,291619
20070,0.000121,172.31.36.0-255,66,15719,9,291619
20071,0.000127,172.217.194.0-255,5379,21098,9,291619
20072,0.00013,172.31.36.0-255,66,21164,9,291619
20073,0.000173,172.217.194.0-255,1484,22648,9,291619
20074,0.000176,172.31.36.0-255,66,22714,9,291619
20075,0.000182,172.217.194.0-255,2902,25616,9,291619
20076,0.000184,172.31.36.0-255,66,25682,9,291619
20077,0.000196,172.217.194.0-255,5738,31420,9,291619
20078,0.000199,172.31.36.0-255,66,31486,9,291619
20079,0.000227,172.217.194.0-255,6797,38283,9,291619
20080,0.000231,172.31.36.0-255,66,38349,9,291619
20081,0.00029,172.217.194.0-255,7156,45505,9,291619
20082,0.000295,172.31.36.0-255,66,45571,9,291619
20083,0.000321,172.31.36.0-255,66,45637,9,291619
20084,0.000324,172.217.194.0-255,1419,47056,9,291619
20085,0.000326,172.31.36.0-255,66,47122,9,291619
20086,0.000624,172.217.194.0-255,383,47505,9,291619
20087,0.000631,172.31.36.0-255,66,47571,9,291619
20088,0.000636,172.217.194.0-255,1484,49055,9,291619
20089,0.000642,172.217.194.0-255,2902,51957,9,291619
20090,0.000644,172.31.36.0-255,66,52023,9,291619
20091,0.000668,172.217.194.0-255,1484,53507,9,291619
20092,0.000687,172.31.36.0-255,66,53573,9,291619
20093,0.000691,172.217.194.0-255,1125,54698,9,291619
20094,0.000747,172.217.194.0-255,1484,56182,9,291619
20095,0.000751,172.31.36.0-255,66,56248,9,291619
20096,0.000757,172.217.194.0-255,2902,59150,9,291619
20097,0.00076,172.31.36.0-255,66,59216,9,291619
20098,0.000772,172.217.194.0-255,5738,64954,9,291619
20099,0.000775,172.31.36.0-255,66,65020,9,291619
20100,0.000779,172.217.194.0-255,2902,67922,9,291619
20101,0.000781,172.31.36.0-255,66,67988,9,291619
20102,0.000815,172.217.194.0-255,3961,71949,9,291619
20103,0.000818,172.31.36.0-255,66,72015,9,291619
20104,0.001408,172.217.194.0-255,1484,73499,9,291619
20105,0.001415,172.217.194.0-255,2902,76401,9,291619
20106,0.001419,172.31.36.0-255,66,76467,9,291619
20107,0.001426,172.217.194.0-255,5738,82205,9,291619
20108,0.001428,172.31.36.0-255,66,82271,9,291619
20109,0.001438,172.217.194.0-255,2902,85173,9,291619
20110,0.00144,172.31.36.0-255,66,85239,9,291619
20111,0.001468,172.217.194.0-255,4320,89559,9,291619
20112,0.00147,172.31.36.0-255,66,89625,9,291619
20113,0.001481,172.31.36.0-255,66,89691,9,291619
20114,0.001512,172.217.194.0-255,4320,94011,9,291619
20115,0.001515,172.31.36.0-255,66,94077,9,291619
20116,0.001519,172.217.194.0-255,2184,96261,9,291619
20117,0.001521,172.31.36.0-255,66,96327,9,291619
20118,0.001754,172.217.194.0-255,1484,97811,9,291619
20119,0.001775,172.217.194.0-255,2902,100713,9,291619
20120,0.001778,172.31.36.0-255,66,100779,9,291619
20121,0.001785,172.217.194.0-255,5738,106517,9,291619
20122,0.001786,172.31.36.0-255,66,106583,9,291619
20123,0.00185,172.31.36.0-255,66,106649,9,291619
20124,0.001861,172.31.36.0-255,66,106715,9,291619
20125,0.001881,172.217.194.0-255,3602,110317,9,291619
20126,0.001884,172.31.36.0-255,66,110383,9,291619
20127,0.001887,172.217.194.0-255,1484,111867,9,291619
20128,0.00189,172.217.194.0-255,1484,113351,9,291619
20129,0.001891,172.31.36.0-255,66,113417,9,291619
20130,0.001916,172.217.194.0-255,1484,114901,9,291619
20131,0.001922,172.217.194.0-255,5738,120639,9,291619
20132,0.001924,172.31.36.0-255,66,120705,9,291619
20133,0.001954,172.31.36.0-255,66,120771,9,291619
20134,0.001958,172.217.194.0-255,2902,123673,9,291619
20135,0.00196,172.31.36.0-255,66,123739,9,291619
20136,0.001999,172.217.194.0-255,7156,130895,9,291619
20137,0.002002,172.31.36.0-255,66,130961,9,291619
20138,0.002007,172.217.194.0-255,5020,135981,9,291619
20139,0.00201,172.31.36.0-255,66,136047,9,291619
20140,0.002036,172.217.194.0-255,1484,137531,9,291619
20141,0.002039,172.217.194.0-255,1484,139015,9,291619
20142,0.002041,172.31.36.0-255,66,139081,9,291619
20143,0.002067,172.217.194.0-255,1484,140565,9,291619
20144,0.002073,172.217.194.0-255,5738,146303,9,291619
20145,0.002075,172.31.36.0-255,66,146369,9,291619
20146,0.002085,172.31.36.0-255,66,146435,9,291619
20147,0.002115,172.217.194.0-255,4320,150755,9,291619
20148,0.002117,172.31.36.0-255,66,150821,9,291619
20149,0.002133,172.31.36.0-255,66,150887,9,291619
20150,0.002156,172.217.194.0-255,4320,155207,9,291619
20151,0.002159,172.31.36.0-255,66,155273,9,291619
20152,0.00219,172.217.194.0-255,1484,156757,9,291619
20153,0.002198,172.217.194.0-255,7156,163913,9,291619
20154,0.0022,172.31.36.0-255,66,163979,9,291619
20155,0.002217,172.31.36.0-255,66,164045,9,291619
20156,0.002223,172.217.194.0-255,5738,169783,9,291619
20157,0.002225,172.31.36.0-255,66,169849,9,291619
20158,0.002228,172.217.194.0-255,766,170615,9,291619
20159,0.003243,172.31.36.0-255,66,170681,9,291619
20160,0.004534,172.217.194.0-255,4320,175001,9,291619
20161,0.00454,172.31.36.0-255,66,175067,9,291619
20162,0.005543,172.217.194.0-255,1484,176551,9,291619
20163,0.006873,172.217.194.0-255,4320,180871,9,291619
20164,0.006878,172.31.36.0-255,66,180937,9,291619
20165,0.009382,172.217.194.0-255,5738,186675,9,291619
20166,0.009446,172.31.36.0-255,66,186741,9,291619
20167,0.011784,172.217.194.0-255,5738,192479,9,291619
20168,0.011793,172.31.36.0-255,66,192545,9,291619
20169,0.014129,172.217.194.0-255,5738,198283,9,291619
20170,0.014139,172.31.36.0-255,66,198349,9,291619
20171,0.016479,172.217.194.0-255,5738,204087,9,291619
20172,0.016487,172.31.36.0-255,66,204153,9,291619
20173,0.018813,172.217.194.0-255,5738,209891,9,291619
20174,0.018819,172.31.36.0-255,66,209957,9,291619
20175,0.02116,172.217.194.0-255,5738,215695,9,291619
20176,0.021167,172.31.36.0-255,66,215761,9,291619
20177,0.023506,172.217.194.0-255,5738,221499,9,291619
20178,0.023512,172.31.36.0-255,66,221565,9,291619
20179,0.025874,172.217.194.0-255,5738,227303,9,291619
20180,0.025881,172.31.36.0-255,66,227369,9,291619
20181,0.02821,172.217.194.0-255,5738,233107,9,291619
20182,0.028216,172.31.36.0-255,66,233173,9,291619
20183,0.030546,172.217.194.0-255,5738,238911,9,291619
20184,0.030553,172.31.36.0-255,66,238977,9,291619
20185,0.032893,172.217.194.0-255,5738,244715,9,291619
20186,0.032903,172.31.36.0-255,66,244781,9,291619
20187,0.035244,172.217.194.0-255,5738,250519,9,291619
20188,0.035251,172.31.36.0-255,66,250585,9,291619
20189,0.037602,172.217.194.0-255,5738,256323,9,291619
20190,0.037613,172.31.36.0-255,66,256389,9,291619
20191,0.039941,172.217.194.0-255,5738,262127,9,291619
20192,0.039949,172.31.36.0-255,66,262193,9,291619
20193,0.042281,172.217.194.0-255,5738,267931,9,291619
20194,0.04229,172.31.36.0-255,66,267997,9,291619
20195,0.043601,172.31.36.0-255,182,268179,9,291619
20196,0.044388,172.31.36.0-255,1116,269295,9,291619
20197,0.044624,172.217.194.0-255,5738,275033,9,291619
20198,0.044631,172.31.36.0-255,66,275099,9,291619
20199,0.044665,172.31.36.0-255,1514,276613,9,291619
20200,0.044667,172.31.36.0-255,1514,278127,9,291619
20201,0.044671,172.31.36.0-255,1514,279641,9,291619
20202,0.044673,172.31.36.0-255,106,279747,9,291619
20203,0.045113,104.244.42.0-255,66,279813,9,291619
20204,0.045951,104.244.42.0-255,66,279879,9,291619
20205,0.046188,104.244.42.0-255,66,279945,9,291619
20206,0.046236,104.244.42.0-255,66,280011,9,291619
20207,0.046955,172.217.194.0-255,5738,285749,9,291619
20208,0.046961,172.31.36.0-255,66,285815,9,291619
20209,0.04931,172.217.194.0-255,5738,291553,9,291619
20210,0.049321,172.31.36.0-255,66,291619,9,291619
20211,0.0,172.217.194.0-255,153,153,9,286648
20212,1.7e-05,172.31.36.0-255,66,219,9,286648
20213,2.4e-05,172.217.194.0-255,1484,1703,9,286648
20214,2.9e-05,172.31.36.0-255,66,1769,9,286648
20215,3.5e-05,172.217.194.0-255,2902,4671,9,286648
20216,3.8e-05,172.31.36.0-255,66,4737,9,286648
20217,4.6e-05,172.217.194.0-255,7156,11893,9,286648
20218,5.7e-05,172.31.36.0-255,66,11959,9,286648
20219,7.3e-05,172.217.194.0-255,2902,14861,9,286648
20220,7.6e-05,172.31.36.0-255,66,14927,9,286648
20221,0.000114,172.31.36.0-255,66,14993,9,286648
20222,0.00012,172.217.194.0-255,4320,19313,9,286648
20223,0.000122,172.31.36.0-255,66,19379,9,286648
20224,0.000147,172.217.194.0-255,2543,21922,9,286648
20225,0.000153,172.31.36.0-255,66,21988,9,286648
20226,0.000182,172.217.194.0-255,4320,26308,9,286648
20227,0.000186,172.31.36.0-255,66,26374,9,286648
20228,0.000193,172.217.194.0-255,5738,32112,9,286648
20229,0.000195,172.31.36.0-255,66,32178,9,286648
20230,0.000205,172.217.194.0-255,4320,36498,9,286648
20231,0.000207,172.31.36.0-255,66,36564,9,286648
20232,0.000256,172.31.36.0-255,66,36630,9,286648
20233,0.000263,172.217.194.0-255,7156,43786,9,286648
20234,0.000266,172.31.36.0-255,66,43852,9,286648
20235,0.000296,172.217.194.0-255,4268,48120,9,286648
20236,0.000299,172.31.36.0-255,66,48186,9,286648
20237,0.000302,172.217.194.0-255,379,48565,9,286648
20238,0.000303,172.31.36.0-255,66,48631,9,286648
20239,0.00048,172.217.194.0-255,1484,50115,9,286648
20240,0.000485,172.31.36.0-255,66,50181,9,286648
20241,0.000491,172.217.194.0-255,2902,53083,9,286648
20242,0.000494,172.31.36.0-255,66,53149,9,286648
20243,0.000505,172.217.194.0-255,5738,58887,9,286648
20244,0.000509,172.31.36.0-255,66,58953,9,286648
20245,0.000512,172.217.194.0-255,1484,60437,9,286648
20246,0.000534,172.31.36.0-255,66,60503,9,286648
20247,0.000568,172.217.194.0-255,2902,63405,9,286648
20248,0.00057,172.31.36.0-255,66,63471,9,286648
20249,0.000581,172.31.36.0-255,66,63537,9,286648
20250,0.000589,172.217.194.0-255,2184,65721,9,286648
20251,0.000592,172.31.36.0-255,66,65787,9,286648
20252,0.000999,172.217.194.0-255,1484,67271,9,286648
20253,0.001008,172.217.194.0-255,2902,70173,9,286648
20254,0.001014,172.31.36.0-255,66,70239,9,286648
20255,0.001021,172.217.194.0-255,5738,75977,9,286648
20256,0.001024,172.31.36.0-255,66,76043,9,286648
20257,0.001052,172.217.194.0-255,5738,81781,9,286648
20258,0.001054,172.31.36.0-255,66,81847,9,286648
20259,0.001088,172.217.194.0-255,7156,89003,9,286648
20260,0.001092,172.31.36.0-255,66,89069,9,286648
20261,0.001109,172.31.36.0-255,66,89135,9,286648
20262,0.001189,172.217.194.0-255,1484,90619,9,286648
20263,0.001194,172.217.194.0-255,2902,93521,9,286648
20264,0.001197,172.31.36.0-255,66,93587,9,286648
20265,0.001203,172.217.194.0-255,2902,96489,9,286648
20266,0.001205,172.31.36.0-255,66,96555,9,286648
20267,0.00124,172.217.194.0-255,2902,99457,9,286648
20268,0.001243,172.31.36.0-255,66,99523,9,286648
20269,0.001257,172.31.36.0-255,66,99589,9,286648
20270,0.001272,172.31.36.0-255,66,99655,9,286648
20271,0.001285,172.217.194.0-255,2184,101839,9,286648
20272,0.001287,172.31.36.0-255,66,101905,9,286648
20273,0.0015,172.217.194.0-255,1484,103389,9,286648
20274,0.001506,172.217.194.0-255,2902,106291,9,286648
20275,0.00151,172.31.36.0-255,66,106357,9,286648
20276,0.001517,172.217.194.0-255,5738,112095,9,286648
20277,0.001519,172.31.36.0-255,66,112161,9,286648
20278,0.001558,172.217.194.0-255,2902,115063,9,286648
20279,0.001561,172.31.36.0-255,66,115129,9,286648
20280,0.001581,172.217.194.0-255,5379,120508,9,286648
20281,0.001584,172.31.36.0-255,66,120574,9,286648
20282,0.001591,172.217.194.0-255,7156,127730,9,286648
20283,0.001594,172.31.36.0-255,66,127796,9,286648
20284,0.001616,172.217.194.0-255,1484,129280,9,286648
20285,0.001633,172.31.36.0-255,66,129346,9,286648
20286,0.001674,172.31.36.0-255,66,129412,9,286648
20287,0.001677,172.217.194.0-255,1484,130896,9,286648
20288,0.001683,172.217.194.0-255,3602,134498,9,286648
20289,0.00169,172.31.36.0-255,66,134564,9,286648
20290,0.001864,172.217.194.0-255,1484,136048,9,286648
20291,0.001869,172.217.194.0-255,1484,137532,9,286648
20292,0.001872,172.31.36.0-255,66,137598,9,286648
20293,0.001901,172.217.194.0-255,1484,139082,9,286648
20294,0.001909,172.217.194.0-255,5738,144820,9,286648
20295,0.001911,172.31.36.0-255,66,144886,9,286648
20296,0.00193,172.31.36.0-255,66,144952,9,286648
20297,0.001941,172.31.36.0-255,66,145018,9,286648
20298,0.001963,172.217.194.0-255,2184,147202,9,286648
20299,0.001974,172.31.36.0-255,66,147268,9,286648
20300,0.002147,172.217.194.0-255,1484,148752,9,286648
20301,0.002152,172.217.194.0-255,1484,150236,9,286648
20302,0.002155,172.31.36.0-255,66,150302,9,286648
20303,0.002184,172.217.194.0-255,1484,151786,9,286648
20304,0.002191,172.217.194.0-255,5738,157524,9,286648
20305,0.002194,172.31.36.0-255,66,157590,9,286648
20306,0.002201,172.217.194.0-255,5738,163328,9,286648
20307,0.002203,172.31.36.0-255,66,163394,9,286648
20308,0.002238,172.217.194.0-255,7156,170550,9,286648
20309,0.002241,172.31.36.0-255,66,170616,9,286648
20310,0.002258,172.31.36.0-255,66,170682,9,286648
20311,0.00228,172.217.194.0-255,1484,172166,9,286648
20312,0.002285,172.217.194.0-255,2902,175068,9,286648
20313,0.002288,172.31.36.0-255,66,175134,9,286648
20314,0.002291,172.217.194.0-255,1484,176618,9,286648
20315,0.002317,172.217.194.0-255,4320,180938,9,286648
20316,0.002334,172.31.36.0-255,66,181004,9,286648
20317,0.002337,172.31.36.0-255,66,181070,9,286648
20318,0.002387,172.31.36.0-255,66,181136,9,286648
20319,0.004879,172.217.194.0-255,5738,186874,9,286648
20320,0.004886,172.31.36.0-255,66,186940,9,286648
20321,0.007402,172.217.194.0-255,5738,192678,9,286648
20322,0.00741,172.31.36.0-255,66,192744,9,286648
20323,0.00992,172.217.194.0-255,5738,198482,9,286648
20324,0.009926,172.31.36.0-255,66,198548,9,286648
20325,0.012476,172.217.194.0-255,5738,204286,9,286648
20326,0.012493,172.31.36.0-255,66,204352,9,286648
20327,0.01503,172.217.194.0-255,5738,210090,9,286648
20328,0.015047,172.31.36.0-255,66,210156,9,286648
20329,0.017602,172.217.194.0-255,5738,215894,9,286648
20330,0.017619,172.31.36.0-255,66,215960,9,286648
20331,0.020139,172.217.194.0-255,5738,221698,9,286648
20332,0.020154,172.31.36.0-255,66,221764,9,286648
20333,0.022689,172.217.194.0-255,5738,227502,9,286648
20334,0.022703,172.31.36.0-255,66,227568,9,286648
20335,0.025227,172.217.194.0-255,5738,233306,9,286648
20336,0.025234,172.31.36.0-255,66,233372,9,286648
20337,0.027775,172.217.194.0-255,5738,239110,9,286648
20338,0.027782,172.31.36.0-255,66,239176,9,286648
20339,0.030333,172.217.194.0-255,5738,244914,9,286648
20340,0.030344,172.31.36.0-255,66,244980,9,286648
20341,0.031353,172.31.36.0-255,167,245147,9,286648
20342,0.031391,172.31.36.0-255,1116,246263,9,286648
20343,0.031461,172.31.36.0-255,1514,247777,9,286648
20344,0.031463,172.31.36.0-255,1283,249060,9,286648
20345,0.032856,172.217.194.0-255,2902,251962,9,286648
20346,0.032862,172.31.36.0-255,66,252028,9,286648
20347,0.032893,104.244.42.0-255,66,252094,9,286648
20348,0.032902,172.217.194.0-255,2902,254996,9,286648
20349,0.032905,172.31.36.0-255,66,255062,9,286648
20350,0.03299,104.244.42.0-255,66,255128,9,286648
20351,0.033047,104.244.42.0-255,66,255194,9,286648
20352,0.035384,172.217.194.0-255,2902,258096,9,286648
20353,0.035392,172.31.36.0-255,66,258162,9,286648
20354,0.035426,172.217.194.0-255,2902,261064,9,286648
20355,0.035429,172.31.36.0-255,66,261130,9,286648
20356,0.037927,172.217.194.0-255,5738,266868,9,286648
20357,0.037934,172.31.36.0-255,66,266934,9,286648
20358,0.040426,172.217.194.0-255,5738,272672,9,286648
20359,0.040435,172.31.36.0-255,66,272738,9,286648
20360,0.042977,172.217.194.0-255,5738,278476,9,286648
20361,0.042991,172.31.36.0-255,66,278542,9,286648
20362,0.045541,172.217.194.0-255,5738,284280,9,286648
20363,0.045554,172.31.36.0-255,66,284346,9,286648
20364,0.04808,172.217.194.0-255,2131,286477,9,286648
20365,0.048088,172.31.36.0-255,66,286543,9,286648
20366,0.048927,172.31.36.0-255,105,286648,9,286648
20367,0.0,74.125.24.0-255,153,153,9,225808
20368,3.4e-05,172.31.36.0-255,66,219,9,225808
20369,4.1e-05,74.125.24.0-255,1484,1703,9,225808
20370,4.5e-05,172.31.36.0-255,66,1769,9,225808
20371,4.8e-05,74.125.24.0-255,1484,3253,9,225808
20372,5.8e-05,172.31.36.0-255,66,3319,9,225808
20373,8.8e-05,74.125.24.0-255,4320,7639,9,225808
20374,9.1e-05,172.31.36.0-255,66,7705,9,225808
20375,0.000114,74.125.24.0-255,1484,9189,9,225808
20376,0.000116,172.31.36.0-255,66,9255,9,225808
20377,0.000121,74.125.24.0-255,2902,12157,9,225808
20378,0.000124,172.31.36.0-255,66,12223,9,225808
20379,0.000158,74.125.24.0-255,3484,15707,9,225808
20380,0.000162,172.31.36.0-255,66,15773,9,225808
20381,0.000211,74.125.24.0-255,4320,20093,9,225808
20382,0.000215,172.31.36.0-255,66,20159,9,225808
20383,0.000221,74.125.24.0-255,2902,23061,9,225808
20384,0.000223,172.31.36.0-255,66,23127,9,225808
20385,0.000249,74.125.24.0-255,2902,26029,9,225808
20386,0.000252,172.31.36.0-255,66,26095,9,225808
20387,0.000284,74.125.24.0-255,5379,31474,9,225808
20388,0.000288,172.31.36.0-255,66,31540,9,225808
20389,0.000342,74.125.24.0-255,1484,33024,9,225808
20390,0.000346,172.31.36.0-255,66,33090,9,225808
20391,0.000352,74.125.24.0-255,2902,35992,9,225808
20392,0.000354,172.31.36.0-255,66,36058,9,225808
20393,0.000357,74.125.24.0-255,1484,37542,9,225808
20394,0.000367,172.31.36.0-255,66,37608,9,225808
20395,0.000391,74.125.24.0-255,4320,41928,9,225808
20396,0.000395,172.31.36.0-255,66,41994,9,225808
20397,0.000398,74.125.24.0-255,1484,43478,9,225808
20398,0.0004,172.31.36.0-255,66,43544,9,225808
20399,0.000447,172.31.36.0-255,66,43610,9,225808
20400,0.000453,74.125.24.0-255,4320,47930,9,225808
20401,0.000458,172.31.36.0-255,66,47996,9,225808
20402,0.000488,74.125.24.0-255,5688,53684,9,225808
20403,0.000492,172.31.36.0-255,66,53750,9,225808
20404,0.00052,74.125.24.0-255,113,53863,9,225808
20405,0.000831,172.31.36.0-255,66,53929,9,225808
20406,0.001019,74.125.24.0-255,329,54258,9,225808
20407,0.001224,74.125.24.0-255,1484,55742,9,225808
20408,0.00123,172.31.36.0-255,66,55808,9,225808
20409,0.001238,74.125.24.0-255,2902,58710,9,225808
20410,0.00124,172.31.36.0-255,66,58776,9,225808
20411,0.001253,74.125.24.0-255,5738,64514,9,225808
20412,0.001256,172.31.36.0-255,66,64580,9,225808
20413,0.001261,74.125.24.0-255,4320,68900,9,225808
20414,0.001263,172.31.36.0-255,66,68966,9,225808
20415,0.001306,74.125.24.0-255,4320,73286,9,225808
20416,0.001309,172.31.36.0-255,66,73352,9,225808
20417,0.001344,74.125.24.0-255,7156,80508,9,225808
20418,0.001347,172.31.36.0-255,66,80574,9,225808
20419,0.001358,172.31.36.0-255,66,80640,9,225808
20420,0.001791,74.125.24.0-255,1484,82124,9,225808
20421,0.001807,74.125.24.0-255,2902,85026,9,225808
20422,0.001811,172.31.36.0-255,66,85092,9,225808
20423,0.001819,74.125.24.0-255,5738,90830,9,225808
20424,0.00182,172.31.36.0-255,66,90896,9,225808
20425,0.001836,74.125.24.0-255,1484,92380,9,225808
20426,0.001871,172.31.36.0-255,66,92446,9,225808
20427,0.001884,172.31.36.0-255,66,92512,9,225808
20428,0.002002,74.125.24.0-255,1484,93996,9,225808
20429,0.002007,74.125.24.0-255,2902,96898,9,225808
20430,0.00201,172.31.36.0-255,66,96964,9,225808
20431,0.002038,74.125.24.0-255,5738,102702,9,225808
20432,0.00204,172.31.36.0-255,66,102768,9,225808
20433,0.002045,74.125.24.0-255,2902,105670,9,225808
20434,0.002047,172.31.36.0-255,66,105736,9,225808
20435,0.002086,172.31.36.0-255,66,105802,9,225808
20436,0.002098,172.31.36.0-255,66,105868,9,225808
20437,0.002117,74.125.24.0-255,2902,108770,9,225808
20438,0.00212,172.31.36.0-255,66,108836,9,225808
20439,0.002164,172.31.36.0-255,66,108902,9,225808
20440,0.0022,172.31.36.0-255,66,108968,9,225808
20441,0.004465,74.125.24.0-255,1484,110452,9,225808
20442,0.004481,74.125.24.0-255,4320,114772,9,225808
20443,0.004484,172.31.36.0-255,66,114838,9,225808
20444,0.006774,74.125.24.0-255,5738,120576,9,225808
20445,0.00678,172.31.36.0-255,66,120642,9,225808
20446,0.009091,74.125.24.0-255,5738,126380,9,225808
20447,0.0091,172.31.36.0-255,66,126446,9,225808
20448,0.011413,74.125.24.0-255,5738,132184,9,225808
20449,0.011428,172.31.36.0-255,66,132250,9,225808
20450,0.013719,74.125.24.0-255,5738,137988,9,225808
20451,0.013735,172.31.36.0-255,66,138054,9,225808
20452,0.016018,74.125.24.0-255,5738,143792,9,225808
20453,0.01603,172.31.36.0-255,66,143858,9,225808
20454,0.018332,74.125.24.0-255,5738,149596,9,225808
20455,0.018343,172.31.36.0-255,66,149662,9,225808
20456,0.020663,74.125.24.0-255,5738,155400,9,225808
20457,0.020672,172.31.36.0-255,66,155466,9,225808
20458,0.02298,74.125.24.0-255,5738,161204,9,225808
20459,0.022994,172.31.36.0-255,66,161270,9,225808
20460,0.025336,74.125.24.0-255,5738,167008,9,225808
20461,0.02535,172.31.36.0-255,66,167074,9,225808
20462,0.027666,74.125.24.0-255,5738,172812,9,225808
20463,0.027674,172.31.36.0-255,66,172878,9,225808
20464,0.02829,172.31.36.0-255,172,173050,9,225808
20465,0.028318,172.31.36.0-255,1116,174166,9,225808
20466,0.028361,172.31.36.0-255,560,174726,9,225808
20467,0.029866,104.244.42.0-255,66,174792,9,225808
20468,0.029873,104.244.42.0-255,66,174858,9,225808
20469,0.029957,104.244.42.0-255,66,174924,9,225808
20470,0.02997,74.125.24.0-255,4320,179244,9,225808
20471,0.029973,172.31.36.0-255,66,179310,9,225808
20472,0.030004,74.125.24.0-255,1484,180794,9,225808
20473,0.032239,74.125.24.0-255,4320,185114,9,225808
20474,0.032245,172.31.36.0-255,66,185180,9,225808
20475,0.034586,74.125.24.0-255,5738,190918,9,225808
20476,0.034591,172.31.36.0-255,66,190984,9,225808
20477,0.036908,74.125.24.0-255,5738,196722,9,225808
20478,0.036913,172.31.36.0-255,66,196788,9,225808
20479,0.039155,74.125.24.0-255,5738,202526,9,225808
20480,0.039161,172.31.36.0-255,66,202592,9,225808
20481,0.041451,74.125.24.0-255,5738,208330,9,225808
20482,0.041457,172.31.36.0-255,66,208396,9,225808
20483,0.043725,74.125.24.0-255,5738,214134,9,225808
20484,0.043732,172.31.36.0-255,66,214200,9,225808
20485,0.04603,74.125.24.0-255,5738,219938,9,225808
20486,0.046036,172.31.36.0-255,66,220004,9,225808
20487,0.048313,74.125.24.0-255,5738,225742,9,225808
20488,0.048318,172.31.36.0-255,66,225808,9,225808
20489,0.0,74.125.68.0-255,153,153,9,369370
20490,3.2e-05,172.31.36.0-255,66,219,9,369370
20491,3.8e-05,74.125.68.0-255,1484,1703,9,369370
20492,4.2e-05,172.31.36.0-255,66,1769,9,369370
20493,4.7e-05,74.125.68.0-255,2902,4671,9,369370
20494,5e-05,172.31.36.0-255,66,4737,9,369370
20495,5.6e-05,74.125.68.0-255,7156,11893,9,369370
20496,5.8e-05,172.31.36.0-255,66,11959,9,369370
20497,6.4e-05,74.125.68.0-255,6310,18269,9,369370
20498,6.6e-05,172.31.36.0-255,66,18335,9,369370
20499,9.2e-05,74.125.68.0-255,4320,22655,9,369370
20500,9.5e-05,172.31.36.0-255,66,22721,9,369370
20501,0.000118,74.125.68.0-255,1484,24205,9,369370
20502,0.000121,172.31.36.0-255,66,24271,9,369370
20503,0.000139,74.125.68.0-255,4320,28591,9,369370
20504,0.000141,172.31.36.0-255,66,28657,9,369370
20505,0.000145,74.125.68.0-255,2543,31200,9,369370
20506,0.000147,172.31.36.0-255,66,31266,9,369370
20507,0.000245,74.125.68.0-255,1484,32750,9,369370
20508,0.00025,172.31.36.0-255,66,32816,9,369370
20509,0.00026,74.125.68.0-255,2902,35718,9,369370
20510,0.000263,172.31.36.0-255,66,35784,9,369370
20511,0.000279,74.125.68.0-255,2902,38686,9,369370
20512,0.000282,172.31.36.0-255,66,38752,9,369370
20513,0.000294,74.125.68.0-255,2902,41654,9,369370
20514,0.000296,172.31.36.0-255,66,41720,9,369370
20515,0.0003,74.125.68.0-255,2902,44622,9,369370
20516,0.000302,172.31.36.0-255,66,44688,9,369370
20517,0.000326,74.125.68.0-255,3961,48649,9,369370
20518,0.000329,172.31.36.0-255,66,48715,9,369370
20519,0.000343,74.125.68.0-255,7156,55871,9,369370
20520,0.000346,172.31.36.0-255,66,55937,9,369370
20521,0.000354,74.125.68.0-255,1484,57421,9,369370
20522,0.000387,74.125.68.0-255,1484,58905,9,369370
20523,0.00039,172.31.36.0-255,66,58971,9,369370
20524,0.000411,74.125.68.0-255,7071,66042,9,369370
20525,0.000413,74.125.68.0-255,131,66173,9,369370
20526,0.000416,172.31.36.0-255,66,66239,9,369370
20527,0.000498,74.125.68.0-255,1484,67723,9,369370
20528,0.000501,172.31.36.0-255,66,67789,9,369370
20529,0.000521,74.125.68.0-255,2902,70691,9,369370
20530,0.000524,172.31.36.0-255,66,70757,9,369370
20531,0.000542,74.125.68.0-255,1484,72241,9,369370
20532,0.000564,74.125.68.0-255,4320,76561,9,369370
20533,0.000567,172.31.36.0-255,66,76627,9,369370
20534,0.000571,74.125.68.0-255,2902,79529,9,369370
20535,0.000573,172.31.36.0-255,66,79595,9,369370
20536,0.000589,74.125.68.0-255,3662,83257,9,369370
20537,0.000591,172.31.36.0-255,66,83323,9,369370
20538,0.000722,74.125.68.0-255,1484,84807,9,369370
20539,0.000744,74.125.68.0-255,1484,86291,9,369370
20540,0.000748,172.31.36.0-255,66,86357,9,369370
20541,0.000785,74.125.68.0-255,2902,89259,9,369370
20542,0.000788,172.31.36.0-255,66,89325,9,369370
20543,0.000794,74.125.68.0-255,5738,95063,9,369370
20544,0.000796,172.31.36.0-255,66,95129,9,369370
20545,0.000803,74.125.68.0-255,5738,100867,9,369370
20546,0.000805,172.31.36.0-255,66,100933,9,369370
20547,0.000835,74.125.68.0-255,7156,108089,9,369370
20548,0.000837,172.31.36.0-255,66,108155,9,369370
20549,0.000858,74.125.68.0-255,5738,113893,9,369370
20550,0.000861,172.31.36.0-255,66,113959,9,369370
20551,0.000875,74.125.68.0-255,3602,117561,9,369370
20552,0.000877,172.31.36.0-255,66,117627,9,369370
20553,0.000893,74.125.68.0-255,1484,119111,9,369370
20554,0.000912,74.125.68.0-255,2902,122013,9,369370
20555,0.000915,172.31.36.0-255,66,122079,9,369370
20556,0.000935,74.125.68.0-255,5738,127817,9,369370
20557,0.000937,172.31.36.0-255,66,127883,9,369370
20558,0.000958,74.125.68.0-255,6797,134680,9,369370
20559,0.000961,172.31.36.0-255,66,134746,9,369370
20560,0.000993,74.125.68.0-255,7156,141902,9,369370
20561,0.000996,172.31.36.0-255,66,141968,9,369370
20562,0.001011,74.125.68.0-255,1484,143452,9,369370
20563,0.001014,74.125.68.0-255,2902,146354,9,369370
20564,0.001016,172.31.36.0-255,66,146420,9,369370
20565,0.001044,74.125.68.0-255,5738,152158,9,369370
20566,0.001046,172.31.36.0-255,66,152224,9,369370
20567,0.001062,74.125.68.0-255,1484,153708,9,369370
20568,0.001072,74.125.68.0-255,1484,155192,9,369370
20569,0.001074,172.31.36.0-255,66,155258,9,369370
20570,0.00109,74.125.68.0-255,1484,156742,9,369370
20571,0.001125,74.125.68.0-255,2902,159644,9,369370
20572,0.001128,172.31.36.0-255,66,159710,9,369370
20573,0.001149,74.125.68.0-255,1484,161194,9,369370
20574,0.001155,74.125.68.0-255,5738,166932,9,369370
20575,0.001158,172.31.36.0-255,66,166998,9,369370
20576,0.001161,74.125.68.0-255,2184,169182,9,369370
20577,0.001163,172.31.36.0-255,66,169248,9,369370
20578,0.001274,74.125.68.0-255,1484,170732,9,369370
20579,0.001298,74.125.68.0-255,1484,172216,9,369370
20580,0.001301,172.31.36.0-255,66,172282,9,369370
20581,0.001316,74.125.68.0-255,1484,173766,9,369370
20582,0.001329,74.125.68.0-255,4320,178086,9,369370
20583,0.001331,172.31.36.0-255,66,178152,9,369370
20584,0.001359,74.125.68.0-255,1484,179636,9,369370
20585,0.001374,74.125.68.0-255,4320,183956,9,369370
20586,0.001376,172.31.36.0-255,66,184022,9,369370
20587,0.001379,74.125.68.0-255,1484,185506,9,369370
20588,0.001397,74.125.68.0-255,5738,191244,9,369370
20589,0.001399,172.31.36.0-255,66,191310,9,369370
20590,0.001403,74.125.68.0-255,2902,194212,9,369370
20591,0.001404,172.31.36.0-255,66,194278,9,369370
20592,0.00142,74.125.68.0-255,1484,195762,9,369370
20593,0.001435,74.125.68.0-255,2902,198664,9,369370
20594,0.001437,172.31.36.0-255,66,198730,9,369370
20595,0.001469,74.125.68.0-255,5020,203750,9,369370
20596,0.001472,172.31.36.0-255,66,203816,9,369370
20597,0.001809,74.125.68.0-255,1484,205300,9,369370
20598,0.001827,74.125.68.0-255,2902,208202,9,369370
20599,0.001829,172.31.36.0-255,66,208268,9,369370
20600,0.001849,74.125.68.0-255,1484,209752,9,369370
20601,0.001866,74.125.68.0-255,4320,214072,9,369370
20602,0.001868,172.31.36.0-255,66,214138,9,369370
20603,0.001871,74.125.68.0-255,1484,215622,9,369370
20604,0.001923,74.125.68.0-255,2902,218524,9,369370
20605,0.001925,172.31.36.0-255,66,218590,9,369370
20606,0.001931,74.125.68.0-255,5738,224328,9,369370
20607,0.001933,172.31.36.0-255,66,224394,9,369370
20608,0.001936,74.125.68.0-255,1484,225878,9,369370
20609,0.001952,74.125.68.0-255,1484,227362,9,369370
20610,0.001954,172.31.36.0-255,66,227428,9,369370
20611,0.001979,74.125.68.0-255,7156,234584,9,369370
20612,0.001981,172.31.36.0-255,66,234650,9,369370
20613,0.001983,74.125.68.0-255,1484,236134,9,369370
20614,0.002026,74.125.68.0-255,2184,238318,9,369370
20615,0.002029,172.31.36.0-255,66,238384,9,369370
20616,0.003997,74.125.68.0-255,1484,239868,9,369370
20617,0.004041,74.125.68.0-255,1484,241352,9,369370
20618,0.004043,172.31.36.0-255,66,241418,9,369370
20619,0.004059,74.125.68.0-255,2902,244320,9,369370
20620,0.004061,172.31.36.0-255,66,244386,9,369370
20621,0.00608,74.125.68.0-255,4320,248706,9,369370
20622,0.006088,172.31.36.0-255,66,248772,9,369370
20623,0.006111,74.125.68.0-255,1484,250256,9,369370
20624,0.008125,74.125.68.0-255,4320,254576,9,369370
20625,0.008131,172.31.36.0-255,66,254642,9,369370
20626,0.010177,74.125.68.0-255,5738,260380,9,369370
20627,0.010184,172.31.36.0-255,66,260446,9,369370
20628,0.012214,74.125.68.0-255,4320,264766,9,369370
20629,0.012221,172.31.36.0-255,66,264832,9,369370
20630,0.012238,74.125.68.0-255,1484,266316,9,369370
20631,0.014261,74.125.68.0-255,4320,270636,9,369370
20632,0.014269,172.31.36.0-255,66,270702,9,369370
20633,0.016309,74.125.68.0-255,5738,276440,9,369370
20634,0.016318,172.31.36.0-255,66,276506,9,369370
20635,0.018365,74.125.68.0-255,5738,282244,9,369370
20636,0.018374,172.31.36.0-255,66,282310,9,369370
20637,0.020406,74.125.68.0-255,5738,288048,9,369370
20638,0.020413,172.31.36.0-255,66,288114,9,369370
20639,0.02245,74.125.68.0-255,5738,293852,9,369370
20640,0.022458,172.31.36.0-255,66,293918,9,369370
20641,0.024491,74.125.68.0-255,5738,299656,9,369370
20642,0.024498,172.31.36.0-255,66,299722,9,369370
20643,0.026538,74.125.68.0-255,5738,305460,9,369370
20644,0.026545,172.31.36.0-255,66,305526,9,369370
20645,0.028581,74.125.68.0-255,5738,311264,9,369370
20646,0.028589,172.31.36.0-255,66,311330,9,369370
20647,0.030614,74.125.68.0-255,5738,317068,9,369370
20648,0.030619,172.31.36.0-255,66,317134,9,369370
20649,0.032666,74.125.68.0-255,5738,322872,9,369370
20650,0.032672,172.31.36.0-255,66,322938,9,369370
20651,0.034712,74.125.68.0-255,5738,328676,9,369370
20652,0.03472,172.31.36.0-255,66,328742,9,369370
20653,0.036754,74.125.68.0-255,5738,334480,9,369370
20654,0.036761,172.31.36.0-255,66,334546,9,369370
20655,0.038794,74.125.68.0-255,5738,340284,9,369370
20656,0.038802,172.31.36.0-255,66,340350,9,369370
20657,0.040842,74.125.68.0-255,5738,346088,9,369370
20658,0.04085,172.31.36.0-255,66,346154,9,369370
20659,0.042901,74.125.68.0-255,5738,351892,9,369370
20660,0.042907,172.31.36.0-255,66,351958,9,369370
20661,0.044949,74.125.68.0-255,5738,357696,9,369370
20662,0.044956,172.31.36.0-255,66,357762,9,369370
20663,0.046998,74.125.68.0-255,5738,363500,9,369370
20664,0.047005,172.31.36.0-255,66,363566,9,369370
20665,0.049045,74.125.68.0-255,5738,369304,9,369370
20666,0.049057,172.31.36.0-255,66,369370,9,369370
20667,0.0,172.217.194.0-255,146,146,9,163840
20668,3.3e-05,172.31.36.0-255,66,212,9,163840
20669,4.1e-05,172.217.194.0-255,1484,1696,9,163840
20670,4.5e-05,172.31.36.0-255,66,1762,9,163840
20671,5e-05,172.217.194.0-255,2902,4664,9,163840
20672,6.1e-05,172.31.36.0-255,66,4730,9,163840
20673,6.8e-05,172.217.194.0-255,7156,11886,9,163840
20674,7.1e-05,172.31.36.0-255,66,11952,9,163840
20675,7.5e-05,172.217.194.0-255,1931,13883,9,163840
20676,7.7e-05,172.31.36.0-255,66,13949,9,163840
20677,0.000113,172.217.194.0-255,1484,15433,9,163840
20678,0.000116,172.31.36.0-255,66,15499,9,163840
20679,0.00015,172.31.36.0-255,66,15565,9,163840
20680,0.000153,172.217.194.0-255,1484,17049,9,163840
20681,0.000155,172.31.36.0-255,66,17115,9,163840
20682,0.000171,172.31.36.0-255,66,17181,9,163840
20683,0.00018,172.217.194.0-255,6438,23619,9,163840
20684,0.000182,172.31.36.0-255,66,23685,9,163840
20685,0.000345,172.217.194.0-255,1484,25169,9,163840
20686,0.000349,172.31.36.0-255,66,25235,9,163840
20687,0.000382,172.217.194.0-255,2902,28137,9,163840
20688,0.000386,172.31.36.0-255,66,28203,9,163840
20689,0.00039,172.217.194.0-255,2902,31105,9,163840
20690,0.000393,172.31.36.0-255,66,31171,9,163840
20691,0.000406,172.217.194.0-255,7156,38327,9,163840
20692,0.000409,172.31.36.0-255,66,38393,9,163840
20693,0.000451,172.31.36.0-255,66,38459,9,163840
20694,0.000513,172.31.36.0-255,66,38525,9,163840
20695,0.000519,172.217.194.0-255,5738,44263,9,163840
20696,0.000522,172.31.36.0-255,66,44329,9,163840
20697,0.000539,172.31.36.0-255,66,44395,9,163840
20698,0.000712,172.217.194.0-255,1484,45879,9,163840
20699,0.000727,172.217.194.0-255,2902,48781,9,163840
20700,0.000732,172.31.36.0-255,66,48847,9,163840
20701,0.000761,172.217.194.0-255,5738,54585,9,163840
20702,0.000764,172.31.36.0-255,66,54651,9,163840
20703,0.000771,172.217.194.0-255,5738,60389,9,163840
20704,0.000773,172.31.36.0-255,66,60455,9,163840
20705,0.000799,172.217.194.0-255,7156,67611,9,163840
20706,0.000803,172.31.36.0-255,66,67677,9,163840
20707,0.000804,172.217.194.0-255,4320,71997,9,163840
20708,0.000812,172.31.36.0-255,66,72063,9,163840
20709,0.000849,172.217.194.0-255,6438,78501,9,163840
20710,0.000852,172.31.36.0-255,66,78567,9,163840
20711,0.001101,172.217.194.0-255,1484,80051,9,163840
20712,0.001107,172.217.194.0-255,1484,81535,9,163840
20713,0.001109,172.31.36.0-255,66,81601,9,163840
20714,0.001137,172.217.194.0-255,1484,83085,9,163840
20715,0.001144,172.217.194.0-255,5738,88823,9,163840
20716,0.001147,172.31.36.0-255,66,88889,9,163840
20717,0.001155,172.217.194.0-255,7156,96045,9,163840
20718,0.001158,172.31.36.0-255,66,96111,9,163840
20719,0.001176,172.31.36.0-255,66,96177,9,163840
20720,0.001206,172.217.194.0-255,2902,99079,9,163840
20721,0.001209,172.31.36.0-255,66,99145,9,163840
20722,0.001229,172.31.36.0-255,66,99211,9,163840
20723,0.001237,172.217.194.0-255,7156,106367,9,163840
20724,0.00124,172.31.36.0-255,66,106433,9,163840
20725,0.001282,172.217.194.0-255,7156,113589,9,163840
20726,0.001285,172.31.36.0-255,66,113655,9,163840
20727,0.001295,172.31.36.0-255,66,113721,9,163840
20728,0.001312,172.31.36.0-255,66,113787,9,163840
20729,0.001328,172.31.36.0-255,66,113853,9,163840
20730,0.001331,172.217.194.0-255,1484,115337,9,163840
20731,0.001371,172.31.36.0-255,66,115403,9,163840
20732,0.001401,172.217.194.0-255,3602,119005,9,163840
20733,0.001404,172.31.36.0-255,66,119071,9,163840
20734,0.001466,172.31.36.0-255,66,119137,9,163840
20735,0.001498,172.217.194.0-255,7156,126293,9,163840
20736,0.001503,172.217.194.0-255,3602,129895,9,163840
20737,0.001503,172.31.36.0-255,66,129961,9,163840
20738,0.001508,172.31.36.0-255,66,130027,9,163840
20739,0.001528,172.31.36.0-255,66,130093,9,163840
20740,0.001537,172.31.36.0-255,66,130159,9,163840
20741,0.001542,172.217.194.0-255,5738,135897,9,163840
20742,0.001545,172.31.36.0-255,66,135963,9,163840
20743,0.001551,172.217.194.0-255,7156,143119,9,163840
20744,0.001553,172.31.36.0-255,66,143185,9,163840
20745,0.001567,172.31.36.0-255,66,143251,9,163840
20746,0.001572,172.217.194.0-255,6438,149689,9,163840
20747,0.001574,172.31.36.0-255,66,149755,9,163840
20748,0.001712,172.217.194.0-255,1484,151239,9,163840
20749,0.001718,172.217.194.0-255,2902,154141,9,163840
20750,0.001722,172.31.36.0-255,66,154207,9,163840
20751,0.001752,172.217.194.0-255,4320,158527,9,163840
20752,0.001755,172.31.36.0-255,66,158593,9,163840
20753,0.001782,172.217.194.0-255,1484,160077,9,163840
20754,0.001786,172.217.194.0-255,1484,161561,9,163840
20755,0.001788,172.31.36.0-255,66,161627,9,163840
20756,0.001799,172.31.36.0-255,66,161693,9,163840
20757,0.001851,172.31.36.0-255,66,161759,9,163840
20758,0.001886,172.31.36.0-255,66,161825,9,163840
20759,0.001897,172.31.36.0-255,66,161891,9,163840
20760,0.001939,172.31.36.0-255,66,161957,9,163840
20761,0.001982,172.31.36.0-255,66,162023,9,163840
20762,0.001986,172.217.194.0-255,97,162120,9,163840
20763,0.001988,172.217.194.0-255,105,162225,9,163840
20764,0.003675,172.31.36.0-255,66,162291,9,163840
20765,0.003703,172.31.36.0-255,105,162396,9,163840
20766,0.00601,172.217.194.0-255,66,162462,9,163840
20767,0.042035,172.31.36.0-255,176,162638,9,163840
20768,0.042066,172.31.36.0-255,1070,163708,9,163840
20769,0.043557,104.244.42.0-255,66,163774,9,163840
20770,0.043601,104.244.42.0-255,66,163840,9,163840
20771,0.0,74.125.68.0-255,153,153,9,308368
20772,3.3e-05,172.31.36.0-255,66,219,9,308368
20773,4e-05,74.125.68.0-255,1484,1703,9,308368
20774,4.5e-05,172.31.36.0-255,66,1769,9,308368
20775,4.8e-05,74.125.68.0-255,1484,3253,9,308368
20776,5.1e-05,172.31.36.0-255,66,3319,9,308368
20777,7.2e-05,74.125.68.0-255,1484,4803,9,308368
20778,7.4e-05,172.31.36.0-255,66,4869,9,308368
20779,7.9e-05,74.125.68.0-255,2902,7771,9,308368
20780,8.1e-05,172.31.36.0-255,66,7837,9,308368
20781,0.000111,74.125.68.0-255,4320,12157,9,308368
20782,0.000113,172.31.36.0-255,66,12223,9,308368
20783,0.000117,74.125.68.0-255,2028,14251,9,308368
20784,0.000119,172.31.36.0-255,66,14317,9,308368
20785,0.000187,74.125.68.0-255,2902,17219,9,308368
20786,0.000191,172.31.36.0-255,66,17285,9,308368
20787,0.000209,74.125.68.0-255,4320,21605,9,308368
20788,0.000212,172.31.36.0-255,66,21671,9,308368
20789,0.000231,74.125.68.0-255,1484,23155,9,308368
20790,0.000234,172.31.36.0-255,66,23221,9,308368
20791,0.000239,74.125.68.0-255,2902,26123,9,308368
20792,0.000241,172.31.36.0-255,66,26189,9,308368
20793,0.000291,74.125.68.0-255,4320,30509,9,308368
20794,0.000295,172.31.36.0-255,66,30575,9,308368
20795,0.000308,74.125.68.0-255,1125,31700,9,308368
20796,0.000311,172.31.36.0-255,66,31766,9,308368
20797,0.000398,74.125.68.0-255,1484,33250,9,308368
20798,0.000402,172.31.36.0-255,66,33316,9,308368
20799,0.000446,74.125.68.0-255,2902,36218,9,308368
20800,0.000455,172.31.36.0-255,66,36284,9,308368
20801,0.000477,74.125.68.0-255,4320,40604,9,308368
20802,0.00048,172.31.36.0-255,66,40670,9,308368
20803,0.000485,74.125.68.0-255,2902,43572,9,308368
20804,0.000488,172.31.36.0-255,66,43638,9,308368
20805,0.000515,74.125.68.0-255,4320,47958,9,308368
20806,0.000518,172.31.36.0-255,66,48024,9,308368
20807,0.000537,74.125.68.0-255,5738,53762,9,308368
20808,0.00054,172.31.36.0-255,66,53828,9,308368
20809,0.000553,74.125.68.0-255,1484,55312,9,308368
20810,0.000574,74.125.68.0-255,7156,62468,9,308368
20811,0.000578,172.31.36.0-255,66,62534,9,308368
20812,0.000594,74.125.68.0-255,1484,64018,9,308368
20813,0.000599,74.125.68.0-255,2184,66202,9,308368
20814,0.000601,172.31.36.0-255,66,66268,9,308368
20815,0.000641,74.125.68.0-255,392,66660,9,308368
20816,0.000658,74.125.68.0-255,118,66778,9,308368
20817,0.000775,74.125.68.0-255,1484,68262,9,308368
20818,0.00078,172.31.36.0-255,66,68328,9,308368
20819,0.000786,74.125.68.0-255,2902,71230,9,308368
20820,0.000788,172.31.36.0-255,66,71296,9,308368
20821,0.000805,74.125.68.0-255,5738,77034,9,308368
20822,0.000808,172.31.36.0-255,66,77100,9,308368
20823,0.000839,74.125.68.0-255,7156,84256,9,308368
20824,0.000843,172.31.36.0-255,66,84322,9,308368
20825,0.000865,74.125.68.0-255,5738,90060,9,308368
20826,0.000868,172.31.36.0-255,66,90126,9,308368
20827,0.000903,74.125.68.0-255,1484,91610,9,308368
20828,0.000934,172.31.36.0-255,66,91676,9,308368
20829,0.000953,74.125.68.0-255,330,92006,9,308368
20830,0.000993,74.125.68.0-255,1484,93490,9,308368
20831,0.000996,172.31.36.0-255,66,93556,9,308368
20832,0.001,74.125.68.0-255,1484,95040,9,308368
20833,0.001018,74.125.68.0-255,2902,97942,9,308368
20834,0.001022,74.125.68.0-255,2902,100844,9,308368
20835,0.001024,172.31.36.0-255,66,100910,9,308368
20836,0.001028,172.31.36.0-255,66,100976,9,308368
20837,0.001046,74.125.68.0-255,2902,103878,9,308368
20838,0.001049,172.31.36.0-255,66,103944,9,308368
20839,0.001061,172.31.36.0-255,66,104010,9,308368
20840,0.001067,74.125.68.0-255,4320,108330,9,308368
20841,0.001069,172.31.36.0-255,66,108396,9,308368
20842,0.001098,74.125.68.0-255,5738,114134,9,308368
20843,0.001101,172.31.36.0-255,66,114200,9,308368
20844,0.001104,74.125.68.0-255,766,114966,9,308368
20845,0.001295,74.125.68.0-255,1484,116450,9,308368
20846,0.001299,172.31.36.0-255,66,116516,9,308368
20847,0.001324,74.125.68.0-255,2902,119418,9,308368
20848,0.001328,172.31.36.0-255,66,119484,9,308368
20849,0.001333,74.125.68.0-255,2902,122386,9,308368
20850,0.001335,172.31.36.0-255,66,122452,9,308368
20851,0.00135,74.125.68.0-255,2902,125354,9,308368
20852,0.001353,172.31.36.0-255,66,125420,9,308368
20853,0.001359,74.125.68.0-255,5738,131158,9,308368
20854,0.001362,172.31.36.0-255,66,131224,9,308368
20855,0.001383,74.125.68.0-255,2902,134126,9,308368
20856,0.001385,172.31.36.0-255,66,134192,9,308368
20857,0.001398,172.31.36.0-255,66,134258,9,308368
20858,0.001418,74.125.68.0-255,5020,139278,9,308368
20859,0.001421,172.31.36.0-255,66,139344,9,308368
20860,0.001861,74.125.68.0-255,1484,140828,9,308368
20861,0.001871,74.125.68.0-255,2902,143730,9,308368
20862,0.001876,172.31.36.0-255,66,143796,9,308368
20863,0.00188,74.125.68.0-255,1484,145280,9,308368
20864,0.001884,74.125.68.0-255,1484,146764,9,308368
20865,0.001886,172.31.36.0-255,66,146830,9,308368
20866,0.001905,74.125.68.0-255,1484,148314,9,308368
20867,0.001911,74.125.68.0-255,4320,152634,9,308368
20868,0.001914,172.31.36.0-255,66,152700,9,308368
20869,0.001941,74.125.68.0-255,1484,154184,9,308368
20870,0.001948,74.125.68.0-255,7156,161340,9,308368
20871,0.001951,172.31.36.0-255,66,161406,9,308368
20872,0.001961,172.31.36.0-255,66,161472,9,308368
20873,0.001982,74.125.68.0-255,3602,165074,9,308368
20874,0.001985,172.31.36.0-255,66,165140,9,308368
20875,0.002048,74.125.68.0-255,1484,166624,9,308368
20876,0.002066,74.125.68.0-255,2902,169526,9,308368
20877,0.002069,172.31.36.0-255,66,169592,9,308368
20878,0.002092,74.125.68.0-255,4320,173912,9,308368
20879,0.002095,172.31.36.0-255,66,173978,9,308368
20880,0.002101,74.125.68.0-255,5738,179716,9,308368
20881,0.002103,172.31.36.0-255,66,179782,9,308368
20882,0.002164,172.31.36.0-255,66,179848,9,308368
20883,0.002182,74.125.68.0-255,1484,181332,9,308368
20884,0.002203,74.125.68.0-255,6438,187770,9,308368
20885,0.002206,172.31.36.0-255,66,187836,9,308368
20886,0.004424,74.125.68.0-255,5738,193574,9,308368
20887,0.004432,172.31.36.0-255,66,193640,9,308368
20888,0.00663,74.125.68.0-255,5738,199378,9,308368
20889,0.006633,172.31.36.0-255,66,199444,9,308368
20890,0.008858,74.125.68.0-255,5738,205182,9,308368
20891,0.008864,172.31.36.0-255,66,205248,9,308368
20892,0.011073,74.125.68.0-255,5738,210986,9,308368
20893,0.011083,172.31.36.0-255,66,211052,9,308368
20894,0.013298,74.125.68.0-255,5738,216790,9,308368
20895,0.013307,172.31.36.0-255,66,216856,9,308368
20896,0.015531,74.125.68.0-255,5738,222594,9,308368
20897,0.015541,172.31.36.0-255,66,222660,9,308368
20898,0.017754,74.125.68.0-255,5738,228398,9,308368
20899,0.017765,172.31.36.0-255,66,228464,9,308368
20900,0.019977,74.125.68.0-255,5738,234202,9,308368
20901,0.019984,172.31.36.0-255,66,234268,9,308368
20902,0.022205,74.125.68.0-255,5738,240006,9,308368
20903,0.022214,172.31.36.0-255,66,240072,9,308368
20904,0.024425,74.125.68.0-255,5738,245810,9,308368
20905,0.024433,172.31.36.0-255,66,245876,9,308368
20906,0.026647,74.125.68.0-255,5738,251614,9,308368
20907,0.026655,172.31.36.0-255,66,251680,9,308368
20908,0.028862,74.125.68.0-255,4320,256000,9,308368
20909,0.028868,172.31.36.0-255,66,256066,9,308368
20910,0.028897,74.125.68.0-255,1484,257550,9,308368
20911,0.03108,74.125.68.0-255,4320,261870,9,308368
20912,0.031088,172.31.36.0-255,66,261936,9,308368
20913,0.033302,74.125.68.0-255,5738,267674,9,308368
20914,0.033311,172.31.36.0-255,66,267740,9,308368
20915,0.035544,74.125.68.0-255,5738,273478,9,308368
20916,0.035554,172.31.36.0-255,66,273544,9,308368
20917,0.037775,74.125.68.0-255,5738,279282,9,308368
20918,0.037784,172.31.36.0-255,66,279348,9,308368
20919,0.040003,74.125.68.0-255,5738,285086,9,308368
20920,0.040012,172.31.36.0-255,66,285152,9,308368
20921,0.042227,74.125.68.0-255,5738,290890,9,308368
20922,0.042236,172.31.36.0-255,66,290956,9,308368
20923,0.044445,74.125.68.0-255,5738,296694,9,308368
20924,0.044452,172.31.36.0-255,66,296760,9,308368
20925,0.046664,74.125.68.0-255,5738,302498,9,308368
20926,0.046671,172.31.36.0-255,66,302564,9,308368
20927,0.048886,74.125.68.0-255,5738,308302,9,308368
20928,0.048896,172.31.36.0-255,66,308368,9,308368
20929,0.0,172.31.36.0-255,105,105,9,276
20930,0.001476,157.240.13.0-255,105,210,9,276
20931,0.001489,172.31.36.0-255,66,276,9,276
20932,0.0,74.125.24.0-255,153,153,9,228212
20933,2.2e-05,172.31.36.0-255,66,219,9,228212
20934,2.9e-05,74.125.24.0-255,1484,1703,9,228212
20935,3.5e-05,172.31.36.0-255,66,1769,9,228212
20936,4.1e-05,74.125.24.0-255,2902,4671,9,228212
20937,4.4e-05,172.31.36.0-255,66,4737,9,228212
20938,5.1e-05,74.125.24.0-255,5738,10475,9,228212
20939,5.4e-05,172.31.36.0-255,66,10541,9,228212
20940,8.7e-05,74.125.24.0-255,3444,13985,9,228212
20941,9e-05,172.31.36.0-255,66,14051,9,228212
20942,0.00037,74.125.24.0-255,1484,15535,9,228212
20943,0.000375,172.31.36.0-255,66,15601,9,228212
20944,0.00038,74.125.24.0-255,2902,18503,9,228212
20945,0.000383,172.31.36.0-255,66,18569,9,228212
20946,0.000388,74.125.24.0-255,4320,22889,9,228212
20947,0.000391,172.31.36.0-255,66,22955,9,228212
20948,0.000426,74.125.24.0-255,5738,28693,9,228212
20949,0.000429,172.31.36.0-255,66,28759,9,228212
20950,0.000463,74.125.24.0-255,2543,31302,9,228212
20951,0.000466,172.31.36.0-255,66,31368,9,228212
20952,0.000611,74.125.24.0-255,1484,32852,9,228212
20953,0.000615,172.31.36.0-255,66,32918,9,228212
20954,0.000635,74.125.24.0-255,2902,35820,9,228212
20955,0.000638,172.31.36.0-255,66,35886,9,228212
20956,0.000641,74.125.24.0-255,1484,37370,9,228212
20957,0.000643,172.31.36.0-255,66,37436,9,228212
20958,0.000658,74.125.24.0-255,4320,41756,9,228212
20959,0.000661,172.31.36.0-255,66,41822,9,228212
20960,0.000678,74.125.24.0-255,4320,46142,9,228212
20961,0.00068,172.31.36.0-255,66,46208,9,228212
20962,0.000702,74.125.24.0-255,6797,53005,9,228212
20963,0.000705,172.31.36.0-255,66,53071,9,228212
20964,0.000766,74.125.24.0-255,5738,58809,9,228212
20965,0.00077,172.31.36.0-255,66,58875,9,228212
20966,0.000794,74.125.24.0-255,6797,65672,9,228212
20967,0.000797,172.31.36.0-255,66,65738,9,228212
20968,0.000839,74.125.24.0-255,368,66106,9,228212
20969,0.000842,172.31.36.0-255,66,66172,9,228212
20970,0.000845,74.125.24.0-255,408,66580,9,228212
20971,0.000847,172.31.36.0-255,66,66646,9,228212
20972,0.001282,74.125.24.0-255,1484,68130,9,228212
20973,0.001286,172.31.36.0-255,66,68196,9,228212
20974,0.00129,74.125.24.0-255,1484,69680,9,228212
20975,0.001305,74.125.24.0-255,1484,71164,9,228212
20976,0.001311,172.31.36.0-255,66,71230,9,228212
20977,0.001327,74.125.24.0-255,2902,74132,9,228212
20978,0.001347,74.125.24.0-255,7156,81288,9,228212
20979,0.001353,172.31.36.0-255,66,81354,9,228212
20980,0.001374,74.125.24.0-255,4320,85674,9,228212
20981,0.001405,172.31.36.0-255,66,85740,9,228212
20982,0.001494,74.125.24.0-255,3602,89342,9,228212
20983,0.001498,172.31.36.0-255,66,89408,9,228212
20984,0.002341,74.125.24.0-255,1484,90892,9,228212
20985,0.002348,172.31.36.0-255,66,90958,9,228212
20986,0.002357,74.125.24.0-255,2902,93860,9,228212
20987,0.002359,172.31.36.0-255,66,93926,9,228212
20988,0.002366,74.125.24.0-255,4320,98246,9,228212
20989,0.002368,172.31.36.0-255,66,98312,9,228212
20990,0.002389,74.125.24.0-255,1484,99796,9,228212
20991,0.002397,74.125.24.0-255,5738,105534,9,228212
20992,0.002408,74.125.24.0-255,1484,107018,9,228212
20993,0.002477,74.125.24.0-255,5738,112756,9,228212
20994,0.002561,74.125.24.0-255,2184,114940,9,228212
20995,0.002585,74.125.24.0-255,1484,116424,9,228212
20996,0.002602,74.125.24.0-255,4320,120744,9,228212
20997,0.002612,74.125.24.0-255,1484,122228,9,228212
20998,0.002633,74.125.24.0-255,2902,125130,9,228212
20999,0.002668,74.125.24.0-255,1484,126614,9,228212
21000,0.00273,74.125.24.0-255,1484,128098,9,228212
21001,0.002764,74.125.24.0-255,2902,131000,9,228212
21002,0.007455,172.31.36.0-255,66,131066,9,228212
21003,0.010014,74.125.24.0-255,5738,136804,9,228212
21004,0.010026,172.31.36.0-255,66,136870,9,228212
21005,0.012631,74.125.24.0-255,5738,142608,9,228212
21006,0.012642,172.31.36.0-255,66,142674,9,228212
21007,0.015222,74.125.24.0-255,5738,148412,9,228212
21008,0.01524,172.31.36.0-255,66,148478,9,228212
21009,0.017798,74.125.24.0-255,5738,154216,9,228212
21010,0.017807,172.31.36.0-255,66,154282,9,228212
21011,0.020398,74.125.24.0-255,5738,160020,9,228212
21012,0.020406,172.31.36.0-255,66,160086,9,228212
21013,0.022956,74.125.24.0-255,5738,165824,9,228212
21014,0.022968,172.31.36.0-255,66,165890,9,228212
21015,0.025522,74.125.24.0-255,5738,171628,9,228212
21016,0.025532,172.31.36.0-255,66,171694,9,228212
21017,0.028087,74.125.24.0-255,5738,177432,9,228212
21018,0.028093,172.31.36.0-255,66,177498,9,228212
21019,0.028816,172.31.36.0-255,171,177669,9,228212
21020,0.028846,172.31.36.0-255,1115,178784,9,228212
21021,0.028904,172.31.36.0-255,1514,180298,9,228212
21022,0.028906,172.31.36.0-255,1284,181582,9,228212
21023,0.03039,104.244.42.0-255,66,181648,9,228212
21024,0.030424,104.244.42.0-255,66,181714,9,228212
21025,0.030471,104.244.42.0-255,66,181780,9,228212
21026,0.030637,74.125.24.0-255,5738,187518,9,228212
21027,0.030642,172.31.36.0-255,66,187584,9,228212
21028,0.033177,74.125.24.0-255,5738,193322,9,228212
21029,0.033185,172.31.36.0-255,66,193388,9,228212
21030,0.035736,74.125.24.0-255,5738,199126,9,228212
21031,0.035748,172.31.36.0-255,66,199192,9,228212
21032,0.038359,74.125.24.0-255,5738,204930,9,228212
21033,0.038374,172.31.36.0-255,66,204996,9,228212
21034,0.040921,74.125.24.0-255,5738,210734,9,228212
21035,0.04093,172.31.36.0-255,66,210800,9,228212
21036,0.043489,74.125.24.0-255,5738,216538,9,228212
21037,0.043498,172.31.36.0-255,66,216604,9,228212
21038,0.046048,74.125.24.0-255,5738,222342,9,228212
21039,0.046058,172.31.36.0-255,66,222408,9,228212
21040,0.048572,74.125.24.0-255,5738,228146,9,228212
21041,0.04858,172.31.36.0-255,66,228212,9,228212
21042,0.0,172.31.36.0-255,105,105,9,276
21043,0.001493,157.240.13.0-255,105,210,9,276
21044,0.001509,172.31.36.0-255,66,276,9,276
21045,0.0,74.125.24.0-255,66,66,9,66
21046,0.0,74.82.47.0-255,60,60,9,114
21047,2.5e-05,172.31.36.0-255,54,114,9,114
21048,0.0,172.217.27.0-255,146,146,9,250046
21049,2.4e-05,172.31.36.0-255,66,212,9,250046
21050,3.2e-05,172.217.27.0-255,1484,1696,9,250046
21051,3.6e-05,172.31.36.0-255,66,1762,9,250046
21052,4.2e-05,172.217.27.0-255,2902,4664,9,250046
21053,4.5e-05,172.31.36.0-255,66,4730,9,250046
21054,5.4e-05,172.217.27.0-255,7156,11886,9,250046
21055,5.8e-05,172.31.36.0-255,66,11952,9,250046
21056,7.2e-05,172.31.36.0-255,66,12018,9,250046
21057,8.6e-05,172.31.36.0-255,66,12084,9,250046
21058,0.000263,172.217.27.0-255,1484,13568,9,250046
21059,0.000268,172.31.36.0-255,66,13634,9,250046
21060,0.000274,172.217.27.0-255,2902,16536,9,250046
21061,0.000277,172.31.36.0-255,66,16602,9,250046
21062,0.000284,172.217.27.0-255,5738,22340,9,250046
21063,0.000288,172.31.36.0-255,66,22406,9,250046
21064,0.000333,172.217.27.0-255,6797,29203,9,250046
21065,0.000336,172.31.36.0-255,66,29269,9,250046
21066,0.000343,172.217.27.0-255,7156,36425,9,250046
21067,0.000346,172.31.36.0-255,66,36491,9,250046
21068,0.00035,172.217.27.0-255,2902,39393,9,250046
21069,0.000352,172.31.36.0-255,66,39459,9,250046
21070,0.000382,172.217.27.0-255,6797,46256,9,250046
21071,0.000385,172.31.36.0-255,66,46322,9,250046
21072,0.000388,172.217.27.0-255,389,46711,9,250046
21073,0.00039,172.31.36.0-255,66,46777,9,250046
21074,0.001037,172.217.27.0-255,121,46898,9,250046
21075,0.001043,172.31.36.0-255,66,46964,9,250046
21076,0.001181,172.217.27.0-255,1484,48448,9,250046
21077,0.001185,172.31.36.0-255,66,48514,9,250046
21078,0.001191,172.217.27.0-255,2902,51416,9,250046
21079,0.001194,172.31.36.0-255,66,51482,9,250046
21080,0.001223,172.217.27.0-255,4320,55802,9,250046
21081,0.001225,172.31.36.0-255,66,55868,9,250046
21082,0.001232,172.217.27.0-255,5738,61606,9,250046
21083,0.001234,172.31.36.0-255,66,61672,9,250046
21084,0.001255,172.217.27.0-255,5379,67051,9,250046
21085,0.001258,172.31.36.0-255,66,67117,9,250046
21086,0.001262,172.217.27.0-255,2902,70019,9,250046
21087,0.001264,172.31.36.0-255,66,70085,9,250046
21088,0.001282,172.217.27.0-255,2902,72987,9,250046
21089,0.001284,172.31.36.0-255,66,73053,9,250046
21090,0.001321,172.217.27.0-255,5738,78791,9,250046
21091,0.001324,172.31.36.0-255,66,78857,9,250046
21092,0.001341,172.217.27.0-255,2543,81400,9,250046
21093,0.001343,172.31.36.0-255,66,81466,9,250046
21094,0.002981,172.217.27.0-255,5738,87204,9,250046
21095,0.002988,172.31.36.0-255,66,87270,9,250046
21096,0.004649,172.217.27.0-255,5738,93008,9,250046
21097,0.004656,172.31.36.0-255,66,93074,9,250046
21098,0.006309,172.217.27.0-255,2902,95976,9,250046
21099,0.006315,172.31.36.0-255,66,96042,9,250046
21100,0.006339,172.217.27.0-255,2902,98944,9,250046
21101,0.006341,172.31.36.0-255,66,99010,9,250046
21102,0.007967,172.217.27.0-255,2902,101912,9,250046
21103,0.007973,172.31.36.0-255,66,101978,9,250046
21104,0.007994,172.217.27.0-255,2902,104880,9,250046
21105,0.007997,172.31.36.0-255,66,104946,9,250046
21106,0.009631,172.217.27.0-255,5738,110684,9,250046
21107,0.009638,172.31.36.0-255,66,110750,9,250046
21108,0.011295,172.217.27.0-255,5738,116488,9,250046
21109,0.011302,172.31.36.0-255,66,116554,9,250046
21110,0.012964,172.217.27.0-255,5738,122292,9,250046
21111,0.012972,172.31.36.0-255,66,122358,9,250046
21112,0.014626,172.217.27.0-255,5738,128096,9,250046
21113,0.014633,172.31.36.0-255,66,128162,9,250046
21114,0.016293,172.217.27.0-255,5738,133900,9,250046
21115,0.0163,172.31.36.0-255,66,133966,9,250046
21116,0.017966,172.217.27.0-255,5738,139704,9,250046
21117,0.017974,172.31.36.0-255,66,139770,9,250046
21118,0.019645,172.217.27.0-255,5738,145508,9,250046
21119,0.019654,172.31.36.0-255,66,145574,9,250046
21120,0.021322,172.217.27.0-255,5738,151312,9,250046
21121,0.02133,172.31.36.0-255,66,151378,9,250046
21122,0.022994,172.217.27.0-255,5738,157116,9,250046
21123,0.023002,172.31.36.0-255,66,157182,9,250046
21124,0.024667,172.217.27.0-255,5738,162920,9,250046
21125,0.024675,172.31.36.0-255,66,162986,9,250046
21126,0.02634,172.217.27.0-255,5738,168724,9,250046
21127,0.026348,172.31.36.0-255,66,168790,9,250046
21128,0.028009,172.217.27.0-255,5738,174528,9,250046
21129,0.028016,172.31.36.0-255,66,174594,9,250046
21130,0.029672,172.217.27.0-255,5738,180332,9,250046
21131,0.029679,172.31.36.0-255,66,180398,9,250046
21132,0.031331,172.217.27.0-255,5738,186136,9,250046
21133,0.031339,172.31.36.0-255,66,186202,9,250046
21134,0.033001,172.217.27.0-255,5738,191940,9,250046
21135,0.033008,172.31.36.0-255,66,192006,9,250046
21136,0.034668,172.217.27.0-255,5738,197744,9,250046
21137,0.034676,172.31.36.0-255,66,197810,9,250046
21138,0.036339,172.217.27.0-255,5738,203548,9,250046
21139,0.036346,172.31.36.0-255,66,203614,9,250046
21140,0.038039,172.217.27.0-255,5738,209352,9,250046
21141,0.038047,172.31.36.0-255,66,209418,9,250046
21142,0.039707,172.217.27.0-255,5738,215156,9,250046
21143,0.039715,172.31.36.0-255,66,215222,9,250046
21144,0.041369,172.217.27.0-255,5738,220960,9,250046
21145,0.041373,172.31.36.0-255,66,221026,9,250046
21146,0.043026,172.217.27.0-255,5738,226764,9,250046
21147,0.043034,172.31.36.0-255,66,226830,9,250046
21148,0.04469,172.217.27.0-255,5738,232568,9,250046
21149,0.044698,172.31.36.0-255,66,232634,9,250046
21150,0.046366,172.217.27.0-255,5738,238372,9,250046
21151,0.046373,172.31.36.0-255,66,238438,9,250046
21152,0.048036,172.217.27.0-255,5738,244176,9,250046
21153,0.048044,172.31.36.0-255,66,244242,9,250046
21154,0.049702,172.217.27.0-255,5738,249980,9,250046
21155,0.049709,172.31.36.0-255,66,250046,9,250046
21156,0.0,172.253.118.0-255,298,298,9,229334
21157,3.5e-05,172.31.36.0-255,66,364,9,229334
21158,4.1e-05,172.253.118.0-255,1484,1848,9,229334
21159,4.5e-05,172.31.36.0-255,66,1914,9,229334
21160,5.1e-05,172.253.118.0-255,4320,6234,9,229334
21161,5.3e-05,172.31.36.0-255,66,6300,9,229334
21162,5.9e-05,172.253.118.0-255,7156,13456,9,229334
21163,6.2e-05,172.31.36.0-255,66,13522,9,229334
21164,6.4e-05,172.253.118.0-255,438,13960,9,229334
21165,6.6e-05,172.31.36.0-255,66,14026,9,229334
21166,0.000241,172.253.118.0-255,1484,15510,9,229334
21167,0.000245,172.31.36.0-255,66,15576,9,229334
21168,0.00025,172.253.118.0-255,2902,18478,9,229334
21169,0.000253,172.31.36.0-255,66,18544,9,229334
21170,0.000273,172.253.118.0-255,5738,24282,9,229334
21171,0.000276,172.31.36.0-255,66,24348,9,229334
21172,0.000306,172.253.118.0-255,6797,31145,9,229334
21173,0.000309,172.31.36.0-255,66,31211,9,229334
21174,0.000688,172.253.118.0-255,1484,32695,9,229334
21175,0.000693,172.31.36.0-255,66,32761,9,229334
21176,0.000715,172.253.118.0-255,2902,35663,9,229334
21177,0.000718,172.31.36.0-255,66,35729,9,229334
21178,0.000723,172.253.118.0-255,2902,38631,9,229334
21179,0.000725,172.31.36.0-255,66,38697,9,229334
21180,0.000731,172.253.118.0-255,7156,45853,9,229334
21181,0.000736,172.31.36.0-255,66,45919,9,229334
21182,0.000746,172.253.118.0-255,1484,47403,9,229334
21183,0.000748,172.31.36.0-255,66,47469,9,229334
21184,0.000793,172.31.36.0-255,66,47535,9,229334
21185,0.000798,172.253.118.0-255,2543,50078,9,229334
21186,0.000801,172.31.36.0-255,66,50144,9,229334
21187,0.000907,172.253.118.0-255,412,50556,9,229334
21188,0.000946,172.253.118.0-255,330,50886,9,229334
21189,0.001024,172.31.36.0-255,66,50952,9,229334
21190,0.001161,172.253.118.0-255,1484,52436,9,229334
21191,0.001181,172.253.118.0-255,2902,55338,9,229334
21192,0.001185,172.31.36.0-255,66,55404,9,229334
21193,0.001193,172.253.118.0-255,5738,61142,9,229334
21194,0.001195,172.31.36.0-255,66,61208,9,229334
21195,0.001198,172.253.118.0-255,1484,62692,9,229334
21196,0.001225,172.31.36.0-255,66,62758,9,229334
21197,0.001232,172.253.118.0-255,7156,69914,9,229334
21198,0.001234,172.31.36.0-255,66,69980,9,229334
21199,0.001275,172.253.118.0-255,3602,73582,9,229334
21200,0.001278,172.31.36.0-255,66,73648,9,229334
21201,0.001396,172.253.118.0-255,1484,75132,9,229334
21202,0.001414,172.253.118.0-255,2902,78034,9,229334
21203,0.001417,172.31.36.0-255,66,78100,9,229334
21204,0.001421,172.253.118.0-255,1484,79584,9,229334
21205,0.00144,172.253.118.0-255,4320,83904,9,229334
21206,0.001443,172.31.36.0-255,66,83970,9,229334
21207,0.001475,172.31.36.0-255,66,84036,9,229334
21208,0.001478,172.253.118.0-255,1484,85520,9,229334
21209,0.001506,172.31.36.0-255,66,85586,9,229334
21210,0.00228,172.253.118.0-255,1484,87070,9,229334
21211,0.00229,172.253.118.0-255,2902,89972,9,229334
21212,0.002294,172.31.36.0-255,66,90038,9,229334
21213,0.002302,172.253.118.0-255,5738,95776,9,229334
21214,0.002304,172.31.36.0-255,66,95842,9,229334
21215,0.00231,172.253.118.0-255,5738,101580,9,229334
21216,0.002312,172.31.36.0-255,66,101646,9,229334
21217,0.00238,172.31.36.0-255,66,101712,9,229334
21218,0.002386,172.253.118.0-255,5020,106732,9,229334
21219,0.002388,172.31.36.0-255,66,106798,9,229334
21220,0.00468,172.253.118.0-255,5738,112536,9,229334
21221,0.004687,172.31.36.0-255,66,112602,9,229334
21222,0.006989,172.253.118.0-255,5738,118340,9,229334
21223,0.006996,172.31.36.0-255,66,118406,9,229334
21224,0.009292,172.253.118.0-255,5738,124144,9,229334
21225,0.0093,172.31.36.0-255,66,124210,9,229334
21226,0.011617,172.253.118.0-255,5738,129948,9,229334
21227,0.011628,172.31.36.0-255,66,130014,9,229334
21228,0.013958,172.253.118.0-255,5738,135752,9,229334
21229,0.013969,172.31.36.0-255,66,135818,9,229334
21230,0.016297,172.253.118.0-255,5738,141556,9,229334
21231,0.016308,172.31.36.0-255,66,141622,9,229334
21232,0.01864,172.253.118.0-255,5738,147360,9,229334
21233,0.018649,172.31.36.0-255,66,147426,9,229334
21234,0.020975,172.253.118.0-255,5738,153164,9,229334
21235,0.020984,172.31.36.0-255,66,153230,9,229334
21236,0.023285,172.253.118.0-255,5738,158968,9,229334
21237,0.023293,172.31.36.0-255,66,159034,9,229334
21238,0.025645,172.253.118.0-255,2902,161936,9,229334
21239,0.025655,172.31.36.0-255,66,162002,9,229334
21240,0.025681,172.253.118.0-255,2902,164904,9,229334
21241,0.025685,172.31.36.0-255,66,164970,9,229334
21242,0.027991,172.253.118.0-255,5738,170708,9,229334
21243,0.027998,172.31.36.0-255,66,170774,9,229334
21244,0.03033,172.253.118.0-255,5738,176512,9,229334
21245,0.030339,172.31.36.0-255,66,176578,9,229334
21246,0.03247,172.31.36.0-255,172,176750,9,229334
21247,0.032497,172.31.36.0-255,1117,177867,9,229334
21248,0.032557,172.31.36.0-255,1514,179381,9,229334
21249,0.032559,172.31.36.0-255,1514,180895,9,229334
21250,0.032564,172.31.36.0-255,1514,182409,9,229334
21251,0.032566,172.31.36.0-255,1514,183923,9,229334
21252,0.03259,172.31.36.0-255,1485,185408,9,229334
21253,0.032674,172.253.118.0-255,5738,191146,9,229334
21254,0.032682,172.31.36.0-255,66,191212,9,229334
21255,0.034196,104.244.42.0-255,66,191278,9,229334
21256,0.034316,104.244.42.0-255,66,191344,9,229334
21257,0.034365,104.244.42.0-255,66,191410,9,229334
21258,0.034995,172.253.118.0-255,4320,195730,9,229334
21259,0.035001,172.31.36.0-255,66,195796,9,229334
21260,0.035031,172.253.118.0-255,1484,197280,9,229334
21261,0.037308,172.253.118.0-255,4320,201600,9,229334
21262,0.037314,172.31.36.0-255,66,201666,9,229334
21263,0.039633,172.253.118.0-255,4320,205986,9,229334
21264,0.039639,172.31.36.0-255,66,206052,9,229334
21265,0.039662,172.253.118.0-255,1484,207536,9,229334
21266,0.041931,172.253.118.0-255,4320,211856,9,229334
21267,0.041937,172.31.36.0-255,66,211922,9,229334
21268,0.044242,172.253.118.0-255,5738,217660,9,229334
21269,0.044247,172.31.36.0-255,66,217726,9,229334
21270,0.046544,172.253.118.0-255,5738,223464,9,229334
21271,0.046549,172.31.36.0-255,66,223530,9,229334
21272,0.048873,172.253.118.0-255,5738,229268,9,229334
21273,0.048879,172.31.36.0-255,66,229334,9,229334
21274,0.0,172.217.194.0-255,153,153,9,327419
21275,2.4e-05,172.31.36.0-255,66,219,9,327419
21276,3.2e-05,172.217.194.0-255,1484,1703,9,327419
21277,3.6e-05,172.31.36.0-255,66,1769,9,327419
21278,5.1e-05,172.217.194.0-255,2902,4671,9,327419
21279,5.5e-05,172.31.36.0-255,66,4737,9,327419
21280,5.8e-05,172.217.194.0-255,1484,6221,9,327419
21281,6.1e-05,172.31.36.0-255,66,6287,9,327419
21282,7e-05,172.217.194.0-255,5738,12025,9,327419
21283,7.3e-05,172.31.36.0-255,66,12091,9,327419
21284,9e-05,172.31.36.0-255,66,12157,9,327419
21285,9.7e-05,172.217.194.0-255,5379,17536,9,327419
21286,0.000101,172.31.36.0-255,66,17602,9,327419
21287,0.000123,172.217.194.0-255,1484,19086,9,327419
21288,0.000131,172.31.36.0-255,66,19152,9,327419
21289,0.000136,172.217.194.0-255,2902,22054,9,327419
21290,0.000138,172.31.36.0-255,66,22120,9,327419
21291,0.000145,172.217.194.0-255,5738,27858,9,327419
21292,0.000148,172.31.36.0-255,66,27924,9,327419
21293,0.000192,172.217.194.0-255,4320,32244,9,327419
21294,0.000195,172.31.36.0-255,66,32310,9,327419
21295,0.000213,172.217.194.0-255,2543,34853,9,327419
21296,0.000215,172.31.36.0-255,66,34919,9,327419
21297,0.00024,172.217.194.0-255,1484,36403,9,327419
21298,0.000242,172.31.36.0-255,66,36469,9,327419
21299,0.000267,172.217.194.0-255,2902,39371,9,327419
21300,0.00027,172.31.36.0-255,66,39437,9,327419
21301,0.000276,172.217.194.0-255,5738,45175,9,327419
21302,0.000279,172.31.36.0-255,66,45241,9,327419
21303,0.000295,172.217.194.0-255,4320,49561,9,327419
21304,0.000297,172.31.36.0-255,66,49627,9,327419
21305,0.000323,172.217.194.0-255,1484,51111,9,327419
21306,0.00034,172.217.194.0-255,1736,52847,9,327419
21307,0.000343,172.31.36.0-255,66,52913,9,327419
21308,0.000374,172.217.194.0-255,1484,54397,9,327419
21309,0.000387,172.217.194.0-255,2902,57299,9,327419
21310,0.00039,172.31.36.0-255,66,57365,9,327419
21311,0.000395,172.217.194.0-255,4320,61685,9,327419
21312,0.000397,172.31.36.0-255,66,61751,9,327419
21313,0.000427,172.217.194.0-255,1484,63235,9,327419
21314,0.000432,172.217.194.0-255,4320,67555,9,327419
21315,0.000435,172.31.36.0-255,66,67621,9,327419
21316,0.000459,172.217.194.0-255,1994,69615,9,327419
21317,0.000462,172.31.36.0-255,66,69681,9,327419
21318,0.000468,172.217.194.0-255,4320,74001,9,327419
21319,0.00047,172.31.36.0-255,66,74067,9,327419
21320,0.000501,172.217.194.0-255,2902,76969,9,327419
21321,0.000503,172.31.36.0-255,66,77035,9,327419
21322,0.00052,172.31.36.0-255,66,77101,9,327419
21323,0.000523,172.217.194.0-255,1484,78585,9,327419
21324,0.000547,172.217.194.0-255,2902,81487,9,327419
21325,0.00055,172.31.36.0-255,66,81553,9,327419
21326,0.00058,172.217.194.0-255,5738,87291,9,327419
21327,0.000582,172.31.36.0-255,66,87357,9,327419
21328,0.000614,172.217.194.0-255,2902,90259,9,327419
21329,0.000617,172.31.36.0-255,66,90325,9,327419
21330,0.000643,172.217.194.0-255,3961,94286,9,327419
21331,0.000647,172.31.36.0-255,66,94352,9,327419
21332,0.000658,172.217.194.0-255,7156,101508,9,327419
21333,0.000661,172.31.36.0-255,66,101574,9,327419
21334,0.000674,172.31.36.0-255,66,101640,9,327419
21335,0.000805,172.217.194.0-255,1484,103124,9,327419
21336,0.000811,172.217.194.0-255,2902,106026,9,327419
21337,0.000814,172.31.36.0-255,66,106092,9,327419
21338,0.000823,172.217.194.0-255,5738,111830,9,327419
21339,0.000831,172.31.36.0-255,66,111896,9,327419
21340,0.000844,172.217.194.0-255,2902,114798,9,327419
21341,0.00085,172.31.36.0-255,66,114864,9,327419
21342,0.000878,172.217.194.0-255,3961,118825,9,327419
21343,0.000882,172.31.36.0-255,66,118891,9,327419
21344,0.001035,172.217.194.0-255,1484,120375,9,327419
21345,0.001053,172.217.194.0-255,2902,123277,9,327419
21346,0.001057,172.31.36.0-255,66,123343,9,327419
21347,0.001085,172.217.194.0-255,5738,129081,9,327419
21348,0.001088,172.31.36.0-255,66,129147,9,327419
21349,0.001095,172.217.194.0-255,4320,133467,9,327419
21350,0.001097,172.31.36.0-255,66,133533,9,327419
21351,0.001131,172.217.194.0-255,5738,139271,9,327419
21352,0.001135,172.31.36.0-255,66,139337,9,327419
21353,0.001139,172.217.194.0-255,2902,142239,9,327419
21354,0.001142,172.31.36.0-255,66,142305,9,327419
21355,0.001183,172.217.194.0-255,2184,144489,9,327419
21356,0.001187,172.31.36.0-255,66,144555,9,327419
21357,0.00119,172.31.36.0-255,66,144621,9,327419
21358,0.001212,172.217.194.0-255,4320,148941,9,327419
21359,0.001219,172.31.36.0-255,66,149007,9,327419
21360,0.001237,172.217.194.0-255,4320,153327,9,327419
21361,0.001239,172.31.36.0-255,66,153393,9,327419
21362,0.001272,172.217.194.0-255,1484,154877,9,327419
21363,0.00128,172.217.194.0-255,6797,161674,9,327419
21364,0.001283,172.31.36.0-255,66,161740,9,327419
21365,0.001286,172.217.194.0-255,1484,163224,9,327419
21366,0.001313,172.217.194.0-255,5738,168962,9,327419
21367,0.001316,172.31.36.0-255,66,169028,9,327419
21368,0.001322,172.217.194.0-255,5738,174766,9,327419
21369,0.001324,172.31.36.0-255,66,174832,9,327419
21370,0.001351,172.217.194.0-255,1484,176316,9,327419
21371,0.001366,172.217.194.0-255,2543,178859,9,327419
21372,0.001368,172.31.36.0-255,66,178925,9,327419
21373,0.001396,172.217.194.0-255,2902,181827,9,327419
21374,0.0014,172.31.36.0-255,66,181893,9,327419
21375,0.00141,172.217.194.0-255,1484,183377,9,327419
21376,0.001427,172.217.194.0-255,5738,189115,9,327419
21377,0.001429,172.31.36.0-255,66,189181,9,327419
21378,0.00148,172.217.194.0-255,2902,192083,9,327419
21379,0.001484,172.31.36.0-255,66,192149,9,327419
21380,0.001537,172.31.36.0-255,66,192215,9,327419
21381,0.001562,172.31.36.0-255,66,192281,9,327419
21382,0.001631,172.217.194.0-255,1484,193765,9,327419
21383,0.001637,172.217.194.0-255,2902,196667,9,327419
21384,0.00164,172.31.36.0-255,66,196733,9,327419
21385,0.001643,172.217.194.0-255,1484,198217,9,327419
21386,0.001667,172.217.194.0-255,4320,202537,9,327419
21387,0.00167,172.31.36.0-255,66,202603,9,327419
21388,0.001678,172.217.194.0-255,6797,209400,9,327419
21389,0.001681,172.31.36.0-255,66,209466,9,327419
21390,0.002034,172.217.194.0-255,1484,210950,9,327419
21391,0.00205,172.217.194.0-255,2902,213852,9,327419
21392,0.002054,172.31.36.0-255,66,213918,9,327419
21393,0.00206,172.217.194.0-255,2902,216820,9,327419
21394,0.002062,172.31.36.0-255,66,216886,9,327419
21395,0.002086,172.217.194.0-255,2902,219788,9,327419
21396,0.002089,172.31.36.0-255,66,219854,9,327419
21397,0.002101,172.217.194.0-255,7156,227010,9,327419
21398,0.002104,172.31.36.0-255,66,227076,9,327419
21399,0.002134,172.217.194.0-255,5738,232814,9,327419
21400,0.002137,172.31.36.0-255,66,232880,9,327419
21401,0.00215,172.31.36.0-255,66,232946,9,327419
21402,0.002152,172.217.194.0-255,766,233712,9,327419
21403,0.002213,172.217.194.0-255,1484,235196,9,327419
21404,0.002216,172.31.36.0-255,66,235262,9,327419
21405,0.002221,172.217.194.0-255,4320,239582,9,327419
21406,0.002224,172.31.36.0-255,66,239648,9,327419
21407,0.002234,172.217.194.0-255,4320,243968,9,327419
21408,0.002236,172.31.36.0-255,66,244034,9,327419
21409,0.002249,172.31.36.0-255,66,244100,9,327419
21410,0.00229,172.31.36.0-255,66,244166,9,327419
21411,0.002318,172.217.194.0-255,2902,247068,9,327419
21412,0.002321,172.31.36.0-255,66,247134,9,327419
21413,0.002354,172.31.36.0-255,66,247200,9,327419
21414,0.004685,172.217.194.0-255,5738,252938,9,327419
21415,0.004697,172.31.36.0-255,66,253004,9,327419
21416,0.007041,172.217.194.0-255,5738,258742,9,327419
21417,0.007054,172.31.36.0-255,66,258808,9,327419
21418,0.009362,172.217.194.0-255,5738,264546,9,327419
21419,0.009374,172.31.36.0-255,66,264612,9,327419
21420,0.011697,172.217.194.0-255,5738,270350,9,327419
21421,0.011711,172.31.36.0-255,66,270416,9,327419
21422,0.01408,172.217.194.0-255,5738,276154,9,327419
21423,0.01409,172.31.36.0-255,66,276220,9,327419
21424,0.01647,172.217.194.0-255,5738,281958,9,327419
21425,0.016481,172.31.36.0-255,66,282024,9,327419
21426,0.018808,172.217.194.0-255,5738,287762,9,327419
21427,0.018816,172.31.36.0-255,66,287828,9,327419
21428,0.021221,172.217.194.0-255,5738,293566,9,327419
21429,0.021229,172.31.36.0-255,66,293632,9,327419
21430,0.02352,172.217.194.0-255,5738,299370,9,327419
21431,0.023528,172.31.36.0-255,66,299436,9,327419
21432,0.025868,172.217.194.0-255,5738,305174,9,327419
21433,0.02588,172.31.36.0-255,66,305240,9,327419
21434,0.028175,172.217.194.0-255,5738,310978,9,327419
21435,0.028183,172.31.36.0-255,66,311044,9,327419
21436,0.030528,172.217.194.0-255,5738,316782,9,327419
21437,0.030534,172.31.36.0-255,66,316848,9,327419
21438,0.032862,172.217.194.0-255,400,317248,9,327419
21439,0.033002,172.31.36.0-255,66,317314,9,327419
21440,0.033043,172.31.36.0-255,105,317419,9,327419
21441,0.035285,172.217.194.0-255,66,317485,9,327419
21442,0.037699,172.31.36.0-255,188,317673,9,327419
21443,0.037738,172.31.36.0-255,960,318633,9,327419
21444,0.037821,172.31.36.0-255,1514,320147,9,327419
21445,0.037823,172.31.36.0-255,1514,321661,9,327419
21446,0.037829,172.31.36.0-255,1514,323175,9,327419
21447,0.03783,172.31.36.0-255,1514,324689,9,327419
21448,0.037851,172.31.36.0-255,1514,326203,9,327419
21449,0.037852,172.31.36.0-255,952,327155,9,327419
21450,0.039316,104.244.42.0-255,66,327221,9,327419
21451,0.039346,104.244.42.0-255,66,327287,9,327419
21452,0.039408,104.244.42.0-255,66,327353,9,327419
21453,0.039422,104.244.42.0-255,66,327419,9,327419
21454,0.0,74.125.24.0-255,152,152,9,230204
21455,3.3e-05,172.31.36.0-255,66,218,9,230204
21456,4.1e-05,74.125.24.0-255,1484,1702,9,230204
21457,4.5e-05,172.31.36.0-255,66,1768,9,230204
21458,5e-05,74.125.24.0-255,2902,4670,9,230204
21459,5.3e-05,172.31.36.0-255,66,4736,9,230204
21460,6.1e-05,74.125.24.0-255,7156,11892,9,230204
21461,6.3e-05,172.31.36.0-255,66,11958,9,230204
21462,9.7e-05,74.125.24.0-255,4940,16898,9,230204
21463,0.0001,172.31.36.0-255,66,16964,9,230204
21464,0.000106,74.125.24.0-255,5738,22702,9,230204
21465,0.000108,172.31.36.0-255,66,22768,9,230204
21466,0.00012,172.31.36.0-255,66,22834,9,230204
21467,0.000143,74.125.24.0-255,1484,24318,9,230204
21468,0.000146,172.31.36.0-255,66,24384,9,230204
21469,0.000159,172.31.36.0-255,66,24450,9,230204
21470,0.000298,74.125.24.0-255,1484,25934,9,230204
21471,0.000303,172.31.36.0-255,66,26000,9,230204
21472,0.000312,74.125.24.0-255,2902,28902,9,230204
21473,0.000314,172.31.36.0-255,66,28968,9,230204
21474,0.00032,74.125.24.0-255,4320,33288,9,230204
21475,0.000323,172.31.36.0-255,66,33354,9,230204
21476,0.000345,74.125.24.0-255,1484,34838,9,230204
21477,0.000348,172.31.36.0-255,66,34904,9,230204
21478,0.000352,74.125.24.0-255,1484,36388,9,230204
21479,0.000355,172.31.36.0-255,66,36454,9,230204
21480,0.000374,74.125.24.0-255,1484,37938,9,230204
21481,0.000377,172.31.36.0-255,66,38004,9,230204
21482,0.000398,74.125.24.0-255,4301,42305,9,230204
21483,0.000404,172.31.36.0-255,66,42371,9,230204
21484,0.000495,74.125.24.0-255,1484,43855,9,230204
21485,0.000514,74.125.24.0-255,2902,46757,9,230204
21486,0.000518,74.125.24.0-255,2902,49659,9,230204
21487,0.000518,172.31.36.0-255,66,49725,9,230204
21488,0.000522,172.31.36.0-255,66,49791,9,230204
21489,0.000542,74.125.24.0-255,2902,52693,9,230204
21490,0.000545,172.31.36.0-255,66,52759,9,230204
21491,0.000551,74.125.24.0-255,4320,57079,9,230204
21492,0.000553,172.31.36.0-255,66,57145,9,230204
21493,0.000559,74.125.24.0-255,5738,62883,9,230204
21494,0.000562,172.31.36.0-255,66,62949,9,230204
21495,0.000583,172.31.36.0-255,66,63015,9,230204
21496,0.000601,74.125.24.0-255,3882,66897,9,230204
21497,0.000603,172.31.36.0-255,66,66963,9,230204
21498,0.000749,74.125.24.0-255,1484,68447,9,230204
21499,0.000754,74.125.24.0-255,2902,71349,9,230204
21500,0.000758,172.31.36.0-255,66,71415,9,230204
21501,0.000781,74.125.24.0-255,5738,77153,9,230204
21502,0.000784,172.31.36.0-255,66,77219,9,230204
21503,0.000816,74.125.24.0-255,5738,82957,9,230204
21504,0.000819,172.31.36.0-255,66,83023,9,230204
21505,0.000838,74.125.24.0-255,2902,85925,9,230204
21506,0.000841,172.31.36.0-255,66,85991,9,230204
21507,0.000857,74.125.24.0-255,4320,90311,9,230204
21508,0.00086,172.31.36.0-255,66,90377,9,230204
21509,0.000894,172.31.36.0-255,66,90443,9,230204
21510,0.000917,74.125.24.0-255,5738,96181,9,230204
21511,0.000921,172.31.36.0-255,66,96247,9,230204
21512,0.000924,74.125.24.0-255,1484,97731,9,230204
21513,0.000943,74.125.24.0-255,5738,103469,9,230204
21514,0.000949,172.31.36.0-255,66,103535,9,230204
21515,0.000964,74.125.24.0-255,2902,106437,9,230204
21516,0.000966,172.31.36.0-255,66,106503,9,230204
21517,0.001002,172.31.36.0-255,66,106569,9,230204
21518,0.001009,74.125.24.0-255,6438,113007,9,230204
21519,0.001012,172.31.36.0-255,66,113073,9,230204
21520,0.00104,74.125.24.0-255,1484,114557,9,230204
21521,0.001043,74.125.24.0-255,1484,116041,9,230204
21522,0.001046,172.31.36.0-255,66,116107,9,230204
21523,0.001058,74.125.24.0-255,1484,117591,9,230204
21524,0.001065,74.125.24.0-255,5738,123329,9,230204
21525,0.001069,172.31.36.0-255,66,123395,9,230204
21526,0.001083,74.125.24.0-255,1484,124879,9,230204
21527,0.00111,172.31.36.0-255,66,124945,9,230204
21528,0.001114,74.125.24.0-255,2902,127847,9,230204
21529,0.001116,172.31.36.0-255,66,127913,9,230204
21530,0.001152,74.125.24.0-255,4320,132233,9,230204
21531,0.001156,172.31.36.0-255,66,132299,9,230204
21532,0.001175,74.125.24.0-255,3602,135901,9,230204
21533,0.001177,172.31.36.0-255,66,135967,9,230204
21534,0.001252,74.125.24.0-255,1484,137451,9,230204
21535,0.001258,74.125.24.0-255,2902,140353,9,230204
21536,0.00126,172.31.36.0-255,66,140419,9,230204
21537,0.001267,74.125.24.0-255,5738,146157,9,230204
21538,0.001269,172.31.36.0-255,66,146223,9,230204
21539,0.001274,74.125.24.0-255,2902,149125,9,230204
21540,0.001276,172.31.36.0-255,66,149191,9,230204
21541,0.001311,172.31.36.0-255,66,149257,9,230204
21542,0.001317,74.125.24.0-255,7156,156413,9,230204
21543,0.001321,172.31.36.0-255,66,156479,9,230204
21544,0.001354,74.125.24.0-255,3602,160081,9,230204
21545,0.001357,172.31.36.0-255,66,160147,9,230204
21546,0.001495,74.125.24.0-255,1484,161631,9,230204
21547,0.001499,74.125.24.0-255,1484,163115,9,230204
21548,0.001502,172.31.36.0-255,66,163181,9,230204
21549,0.001516,74.125.24.0-255,1484,164665,9,230204
21550,0.001522,74.125.24.0-255,5738,170403,9,230204
21551,0.001525,172.31.36.0-255,66,170469,9,230204
21552,0.00155,74.125.24.0-255,2902,173371,9,230204
21553,0.001552,172.31.36.0-255,66,173437,9,230204
21554,0.001585,172.31.36.0-255,66,173503,9,230204
21555,0.001593,74.125.24.0-255,7156,180659,9,230204
21556,0.001595,172.31.36.0-255,66,180725,9,230204
21557,0.001632,74.125.24.0-255,1484,182209,9,230204
21558,0.00166,172.31.36.0-255,66,182275,9,230204
21559,0.001687,74.125.24.0-255,1484,183759,9,230204
21560,0.001688,172.31.36.0-255,66,183825,9,230204
21561,0.00172,172.31.36.0-255,66,183891,9,230204
21562,0.001725,74.125.24.0-255,2184,186075,9,230204
21563,0.001727,172.31.36.0-255,66,186141,9,230204
21564,0.001731,74.125.24.0-255,2902,189043,9,230204
21565,0.001734,172.31.36.0-255,66,189109,9,230204
21566,0.001737,74.125.24.0-255,7156,196265,9,230204
21567,0.00174,172.31.36.0-255,66,196331,9,230204
21568,0.001778,74.125.24.0-255,2902,199233,9,230204
21569,0.001781,172.31.36.0-255,66,199299,9,230204
21570,0.001816,172.31.36.0-255,66,199365,9,230204
21571,0.001829,172.31.36.0-255,66,199431,9,230204
21572,0.001842,172.31.36.0-255,66,199497,9,230204
21573,0.001847,74.125.24.0-255,2902,202399,9,230204
21574,0.001849,172.31.36.0-255,66,202465,9,230204
21575,0.001875,74.125.24.0-255,4320,206785,9,230204
21576,0.001878,172.31.36.0-255,66,206851,9,230204
21577,0.001916,74.125.24.0-255,4320,211171,9,230204
21578,0.00192,172.31.36.0-255,66,211237,9,230204
21579,0.001955,172.31.36.0-255,66,211303,9,230204
21580,0.001958,74.125.24.0-255,1484,212787,9,230204
21581,0.001965,74.125.24.0-255,5738,218525,9,230204
21582,0.001967,172.31.36.0-255,66,218591,9,230204
21583,0.002005,172.31.36.0-255,66,218657,9,230204
21584,0.002008,74.125.24.0-255,1484,220141,9,230204
21585,0.002037,172.31.36.0-255,66,220207,9,230204
21586,0.002043,74.125.24.0-255,5311,225518,9,230204
21587,0.002046,172.31.36.0-255,66,225584,9,230204
21588,0.002049,74.125.24.0-255,105,225689,9,230204
21589,0.003645,172.31.36.0-255,66,225755,9,230204
21590,0.003674,172.31.36.0-255,105,225860,9,230204
21591,0.005609,74.125.24.0-255,66,225926,9,230204
21592,0.030729,172.31.36.0-255,167,226093,9,230204
21593,0.030759,172.31.36.0-255,1116,227209,9,230204
21594,0.030807,172.31.36.0-255,1514,228723,9,230204
21595,0.030809,172.31.36.0-255,1283,230006,9,230204
21596,0.032288,104.244.42.0-255,66,230072,9,230204
21597,0.032305,104.244.42.0-255,66,230138,9,230204
21598,0.032375,104.244.42.0-255,66,230204,9,230204
21599,0.0,74.125.200.0-255,153,153,9,349350
21600,2.4e-05,172.31.36.0-255,66,219,9,349350
21601,3.1e-05,74.125.200.0-255,1484,1703,9,349350
21602,3.5e-05,172.31.36.0-255,66,1769,9,349350
21603,3.9e-05,74.125.200.0-255,2902,4671,9,349350
21604,4.2e-05,172.31.36.0-255,66,4737,9,349350
21605,5.7e-05,74.125.200.0-255,5738,10475,9,349350
21606,6e-05,172.31.36.0-255,66,10541,9,349350
21607,9.7e-05,74.125.200.0-255,3484,14025,9,349350
21608,9.9e-05,172.31.36.0-255,66,14091,9,349350
21609,0.000182,74.125.200.0-255,1484,15575,9,349350
21610,0.000185,172.31.36.0-255,66,15641,9,349350
21611,0.000199,74.125.200.0-255,2902,18543,9,349350
21612,0.000206,172.31.36.0-255,66,18609,9,349350
21613,0.000212,74.125.200.0-255,5738,24347,9,349350
21614,0.000215,172.31.36.0-255,66,24413,9,349350
21615,0.000223,74.125.200.0-255,6797,31210,9,349350
21616,0.000225,172.31.36.0-255,66,31276,9,349350
21617,0.00025,74.125.200.0-255,5738,37014,9,349350
21618,0.000253,172.31.36.0-255,66,37080,9,349350
21619,0.000287,74.125.200.0-255,7156,44236,9,349350
21620,0.00029,172.31.36.0-255,66,44302,9,349350
21621,0.000296,74.125.200.0-255,3961,48263,9,349350
21622,0.000298,172.31.36.0-255,66,48329,9,349350
21623,0.00034,74.125.200.0-255,4320,52649,9,349350
21624,0.000343,172.31.36.0-255,66,52715,9,349350
21625,0.000348,74.125.200.0-255,2902,55617,9,349350
21626,0.000351,172.31.36.0-255,66,55683,9,349350
21627,0.000356,74.125.200.0-255,2902,58585,9,349350
21628,0.000362,172.31.36.0-255,66,58651,9,349350
21629,0.000392,74.125.200.0-255,1484,60135,9,349350
21630,0.000395,172.31.36.0-255,66,60201,9,349350
21631,0.000402,74.125.200.0-255,5379,65580,9,349350
21632,0.000429,74.125.200.0-255,678,66258,9,349350
21633,0.00051,74.125.200.0-255,1484,67742,9,349350
21634,0.000528,74.125.200.0-255,2902,70644,9,349350
21635,0.000546,74.125.200.0-255,4320,74964,9,349350
21636,0.000571,74.125.200.0-255,5738,80702,9,349350
21637,0.000604,74.125.200.0-255,4320,85022,9,349350
21638,0.000614,172.31.36.0-255,66,85088,9,349350
21639,0.000639,172.31.36.0-255,66,85154,9,349350
21640,0.000653,74.125.200.0-255,6797,91951,9,349350
21641,0.000687,172.31.36.0-255,66,92017,9,349350
21642,0.000934,74.125.200.0-255,1484,93501,9,349350
21643,0.000954,74.125.200.0-255,2902,96403,9,349350
21644,0.000966,172.31.36.0-255,66,96469,9,349350
21645,0.000975,74.125.200.0-255,4320,100789,9,349350
21646,0.00098,172.31.36.0-255,66,100855,9,349350
21647,0.000994,74.125.200.0-255,2902,103757,9,349350
21648,0.001025,74.125.200.0-255,5738,109495,9,349350
21649,0.001031,74.125.200.0-255,4320,113815,9,349350
21650,0.001046,172.31.36.0-255,66,113881,9,349350
21651,0.001059,74.125.200.0-255,4320,118201,9,349350
21652,0.001099,172.31.36.0-255,66,118267,9,349350
21653,0.001154,74.125.200.0-255,1484,119751,9,349350
21654,0.001174,74.125.200.0-255,2902,122653,9,349350
21655,0.001179,172.31.36.0-255,66,122719,9,349350
21656,0.001199,74.125.200.0-255,5738,128457,9,349350
21657,0.001205,74.125.200.0-255,4320,132777,9,349350
21658,0.001217,172.31.36.0-255,66,132843,9,349350
21659,0.00123,74.125.200.0-255,5738,138581,9,349350
21660,0.001241,74.125.200.0-255,5738,144319,9,349350
21661,0.001259,74.125.200.0-255,5738,150057,9,349350
21662,0.001263,74.125.200.0-255,2184,152241,9,349350
21663,0.001311,172.31.36.0-255,66,152307,9,349350
21664,0.001321,74.125.200.0-255,2902,155209,9,349350
21665,0.001326,74.125.200.0-255,4320,159529,9,349350
21666,0.001343,74.125.200.0-255,2902,162431,9,349350
21667,0.001346,172.31.36.0-255,66,162497,9,349350
21668,0.001363,74.125.200.0-255,5738,168235,9,349350
21669,0.001391,74.125.200.0-255,2902,171137,9,349350
21670,0.001413,74.125.200.0-255,4320,175457,9,349350
21671,0.001418,172.31.36.0-255,66,175523,9,349350
21672,0.001466,74.125.200.0-255,5738,181261,9,349350
21673,0.00149,74.125.200.0-255,3961,185222,9,349350
21674,0.001494,172.31.36.0-255,66,185288,9,349350
21675,0.001501,172.31.36.0-255,66,185354,9,349350
21676,0.001591,74.125.200.0-255,1484,186838,9,349350
21677,0.001609,74.125.200.0-255,1484,188322,9,349350
21678,0.001625,172.31.36.0-255,66,188388,9,349350
21679,0.00163,74.125.200.0-255,2902,191290,9,349350
21680,0.001635,172.31.36.0-255,66,191356,9,349350
21681,0.001667,74.125.200.0-255,5738,197094,9,349350
21682,0.001672,74.125.200.0-255,4320,201414,9,349350
21683,0.001685,172.31.36.0-255,66,201480,9,349350
21684,0.001689,74.125.200.0-255,4320,205800,9,349350
21685,0.00171,172.31.36.0-255,66,205866,9,349350
21686,0.001735,74.125.200.0-255,3602,209468,9,349350
21687,0.00174,172.31.36.0-255,66,209534,9,349350
21688,0.001863,74.125.200.0-255,1484,211018,9,349350
21689,0.001867,74.125.200.0-255,2902,213920,9,349350
21690,0.001893,74.125.200.0-255,5738,219658,9,349350
21691,0.001898,172.31.36.0-255,66,219724,9,349350
21692,0.001925,74.125.200.0-255,5738,225462,9,349350
21693,0.00193,172.31.36.0-255,66,225528,9,349350
21694,0.001957,74.125.200.0-255,7156,232684,9,349350
21695,0.00196,74.125.200.0-255,1484,234168,9,349350
21696,0.001978,74.125.200.0-255,5738,239906,9,349350
21697,0.001987,172.31.36.0-255,66,239972,9,349350
21698,0.001993,74.125.200.0-255,1484,241456,9,349350
21699,0.002019,74.125.200.0-255,7156,248612,9,349350
21700,0.002024,172.31.36.0-255,66,248678,9,349350
21701,0.002031,74.125.200.0-255,2184,250862,9,349350
21702,0.002035,74.125.200.0-255,4320,255182,9,349350
21703,0.002044,172.31.36.0-255,66,255248,9,349350
21704,0.002078,74.125.200.0-255,7156,262404,9,349350
21705,0.002084,74.125.200.0-255,6438,268842,9,349350
21706,0.002097,172.31.36.0-255,66,268908,9,349350
21707,0.00212,74.125.200.0-255,1484,270392,9,349350
21708,0.002132,74.125.200.0-255,2902,273294,9,349350
21709,0.002143,172.31.36.0-255,66,273360,9,349350
21710,0.002155,74.125.200.0-255,5738,279098,9,349350
21711,0.002185,74.125.200.0-255,4320,283418,9,349350
21712,0.002194,172.31.36.0-255,66,283484,9,349350
21713,0.002221,74.125.200.0-255,5738,289222,9,349350
21714,0.002234,74.125.200.0-255,2184,291406,9,349350
21715,0.002269,172.31.36.0-255,66,291472,9,349350
21716,0.002298,74.125.200.0-255,2902,294374,9,349350
21717,0.002305,74.125.200.0-255,7156,301530,9,349350
21718,0.002308,74.125.200.0-255,2902,304432,9,349350
21719,0.002313,74.125.200.0-255,7156,311588,9,349350
21720,0.002327,74.125.200.0-255,4320,315908,9,349350
21721,0.002338,74.125.200.0-255,1484,317392,9,349350
21722,0.002355,172.31.36.0-255,66,317458,9,349350
21723,0.004669,74.125.200.0-255,5738,323196,9,349350
21724,0.004675,172.31.36.0-255,66,323262,9,349350
21725,0.006992,74.125.200.0-255,5738,329000,9,349350
21726,0.006999,172.31.36.0-255,66,329066,9,349350
21727,0.009313,74.125.200.0-255,5738,334804,9,349350
21728,0.009319,172.31.36.0-255,66,334870,9,349350
21729,0.011643,74.125.200.0-255,5738,340608,9,349350
21730,0.011649,172.31.36.0-255,66,340674,9,349350
21731,0.013983,74.125.200.0-255,5738,346412,9,349350
21732,0.013991,172.31.36.0-255,66,346478,9,349350
21733,0.016284,74.125.200.0-255,588,347066,9,349350
21734,0.017153,172.31.36.0-255,66,347132,9,349350
21735,0.0172,172.31.36.0-255,105,347237,9,349350
21736,0.019483,74.125.200.0-255,66,347303,9,349350
21737,0.038178,172.31.36.0-255,172,347475,9,349350
21738,0.038213,172.31.36.0-255,1115,348590,9,349350
21739,0.038273,172.31.36.0-255,562,349152,9,349350
21740,0.039739,104.244.42.0-255,66,349218,9,349350
21741,0.039769,104.244.42.0-255,66,349284,9,349350
21742,0.039814,104.244.42.0-255,66,349350,9,349350
21743,0.0,74.125.24.0-255,150,150,9,173246
21744,2.9e-05,172.31.36.0-255,66,216,9,173246
21745,3.5e-05,74.125.24.0-255,1484,1700,9,173246
21746,4e-05,172.31.36.0-255,66,1766,9,173246
21747,4.5e-05,74.125.24.0-255,2902,4668,9,173246
21748,4.7e-05,172.31.36.0-255,66,4734,9,173246
21749,5.3e-05,74.125.24.0-255,7156,11890,9,173246
21750,5.7e-05,172.31.36.0-255,66,11956,9,173246
21751,9.3e-05,74.125.24.0-255,2148,14104,9,173246
21752,9.7e-05,172.31.36.0-255,66,14170,9,173246
21753,0.000151,74.125.24.0-255,1484,15654,9,173246
21754,0.000154,172.31.36.0-255,66,15720,9,173246
21755,0.000159,74.125.24.0-255,2902,18622,9,173246
21756,0.000162,172.31.36.0-255,66,18688,9,173246
21757,0.000195,74.125.24.0-255,5738,24426,9,173246
21758,0.000198,172.31.36.0-255,66,24492,9,173246
21759,0.000204,74.125.24.0-255,5738,30230,9,173246
21760,0.000206,172.31.36.0-255,66,30296,9,173246
21761,0.000251,172.31.36.0-255,66,30362,9,173246
21762,0.000256,74.125.24.0-255,3961,34323,9,173246
21763,0.000258,172.31.36.0-255,66,34389,9,173246
21764,0.000297,74.125.24.0-255,5738,40127,9,173246
21765,0.000301,172.31.36.0-255,66,40193,9,173246
21766,0.000325,74.125.24.0-255,7156,47349,9,173246
21767,0.000328,172.31.36.0-255,66,47415,9,173246
21768,0.000357,74.125.24.0-255,4233,51648,9,173246
21769,0.00036,172.31.36.0-255,66,51714,9,173246
21770,0.001155,74.125.24.0-255,130,51844,9,173246
21771,0.00116,172.31.36.0-255,66,51910,9,173246
21772,0.001168,74.125.24.0-255,350,52260,9,173246
21773,0.00117,172.31.36.0-255,66,52326,9,173246
21774,0.001703,74.125.24.0-255,1484,53810,9,173246
21775,0.00171,74.125.24.0-255,2902,56712,9,173246
21776,0.001713,172.31.36.0-255,66,56778,9,173246
21777,0.001738,74.125.24.0-255,5738,62516,9,173246
21778,0.00174,172.31.36.0-255,66,62582,9,173246
21779,0.001756,74.125.24.0-255,1484,64066,9,173246
21780,0.001782,172.31.36.0-255,66,64132,9,173246
21781,0.001806,74.125.24.0-255,1484,65616,9,173246
21782,0.001825,172.31.36.0-255,66,65682,9,173246
21783,0.004384,74.125.24.0-255,5738,71420,9,173246
21784,0.004388,172.31.36.0-255,66,71486,9,173246
21785,0.006933,74.125.24.0-255,5738,77224,9,173246
21786,0.00694,172.31.36.0-255,66,77290,9,173246
21787,0.009452,74.125.24.0-255,4320,81610,9,173246
21788,0.009459,172.31.36.0-255,66,81676,9,173246
21789,0.00948,74.125.24.0-255,1484,83160,9,173246
21790,0.011998,74.125.24.0-255,4320,87480,9,173246
21791,0.012006,172.31.36.0-255,66,87546,9,173246
21792,0.014556,74.125.24.0-255,5738,93284,9,173246
21793,0.014563,172.31.36.0-255,66,93350,9,173246
21794,0.017094,74.125.24.0-255,5738,99088,9,173246
21795,0.017102,172.31.36.0-255,66,99154,9,173246
21796,0.019651,74.125.24.0-255,5738,104892,9,173246
21797,0.019658,172.31.36.0-255,66,104958,9,173246
21798,0.020446,172.31.36.0-255,172,105130,9,173246
21799,0.020482,172.31.36.0-255,1116,106246,9,173246
21800,0.020513,172.31.36.0-255,1506,107752,9,173246
21801,0.021989,104.244.42.0-255,66,107818,9,173246
21802,0.02203,104.244.42.0-255,66,107884,9,173246
21803,0.022083,104.244.42.0-255,66,107950,9,173246
21804,0.022176,74.125.24.0-255,2902,110852,9,173246
21805,0.022181,172.31.36.0-255,66,110918,9,173246
21806,0.022212,74.125.24.0-255,2902,113820,9,173246
21807,0.022216,172.31.36.0-255,66,113886,9,173246
21808,0.024714,74.125.24.0-255,2902,116788,9,173246
21809,0.024719,172.31.36.0-255,66,116854,9,173246
21810,0.02478,74.125.24.0-255,2902,119756,9,173246
21811,0.024784,172.31.36.0-255,66,119822,9,173246
21812,0.027274,74.125.24.0-255,2902,122724,9,173246
21813,0.02728,172.31.36.0-255,66,122790,9,173246
21814,0.027339,74.125.24.0-255,2902,125692,9,173246
21815,0.027343,172.31.36.0-255,66,125758,9,173246
21816,0.029824,74.125.24.0-255,2902,128660,9,173246
21817,0.029829,172.31.36.0-255,66,128726,9,173246
21818,0.029887,74.125.24.0-255,2902,131628,9,173246
21819,0.029891,172.31.36.0-255,66,131694,9,173246
21820,0.032355,74.125.24.0-255,2902,134596,9,173246
21821,0.032362,172.31.36.0-255,66,134662,9,173246
21822,0.032424,74.125.24.0-255,2902,137564,9,173246
21823,0.032428,172.31.36.0-255,66,137630,9,173246
21824,0.034886,74.125.24.0-255,2902,140532,9,173246
21825,0.034891,172.31.36.0-255,66,140598,9,173246
21826,0.034993,74.125.24.0-255,2902,143500,9,173246
21827,0.034997,172.31.36.0-255,66,143566,9,173246
21828,0.037458,74.125.24.0-255,2902,146468,9,173246
21829,0.037463,172.31.36.0-255,66,146534,9,173246
21830,0.037514,74.125.24.0-255,2902,149436,9,173246
21831,0.03752,172.31.36.0-255,66,149502,9,173246
21832,0.040019,74.125.24.0-255,2902,152404,9,173246
21833,0.040024,172.31.36.0-255,66,152470,9,173246
21834,0.04008,74.125.24.0-255,2902,155372,9,173246
21835,0.040084,172.31.36.0-255,66,155438,9,173246
21836,0.042563,74.125.24.0-255,2902,158340,9,173246
21837,0.042568,172.31.36.0-255,66,158406,9,173246
21838,0.042635,74.125.24.0-255,2902,161308,9,173246
21839,0.04264,172.31.36.0-255,66,161374,9,173246
21840,0.045104,74.125.24.0-255,2902,164276,9,173246
21841,0.04511,172.31.36.0-255,66,164342,9,173246
21842,0.045167,74.125.24.0-255,2902,167244,9,173246
21843,0.045171,172.31.36.0-255,66,167310,9,173246
21844,0.047609,74.125.24.0-255,2902,170212,9,173246
21845,0.047629,172.31.36.0-255,66,170278,9,173246
21846,0.047683,74.125.24.0-255,2902,173180,9,173246
21847,0.04769,172.31.36.0-255,66,173246,9,173246
21848,0.0,172.31.36.0-255,164,164,9,230
21849,0.007279,74.125.24.0-255,66,230,9,230
21850,0.0,172.217.194.0-255,143,143,9,233514
21851,2.1e-05,172.31.36.0-255,66,209,9,233514
21852,2.8e-05,172.217.194.0-255,1484,1693,9,233514
21853,3.3e-05,172.31.36.0-255,66,1759,9,233514
21854,3.9e-05,172.217.194.0-255,2902,4661,9,233514
21855,4.2e-05,172.31.36.0-255,66,4727,9,233514
21856,5.1e-05,172.217.194.0-255,7156,11883,9,233514
21857,5.5e-05,172.31.36.0-255,66,11949,9,233514
21858,6e-05,172.217.194.0-255,2058,14007,9,233514
21859,6.3e-05,172.31.36.0-255,66,14073,9,233514
21860,6.9e-05,172.217.194.0-255,4320,18393,9,233514
21861,7.2e-05,172.31.36.0-255,66,18459,9,233514
21862,9.7e-05,172.217.194.0-255,2902,21361,9,233514
21863,0.0001,172.31.36.0-255,66,21427,9,233514
21864,0.000112,172.31.36.0-255,66,21493,9,233514
21865,0.000115,172.217.194.0-255,1125,22618,9,233514
21866,0.000117,172.31.36.0-255,66,22684,9,233514
21867,0.000181,172.217.194.0-255,1484,24168,9,233514
21868,0.000184,172.31.36.0-255,66,24234,9,233514
21869,0.000189,172.217.194.0-255,2902,27136,9,233514
21870,0.000192,172.31.36.0-255,66,27202,9,233514
21871,0.000219,172.217.194.0-255,5738,32940,9,233514
21872,0.000222,172.31.36.0-255,66,33006,9,233514
21873,0.000239,172.217.194.0-255,2902,35908,9,233514
21874,0.000241,172.31.36.0-255,66,35974,9,233514
21875,0.000254,172.217.194.0-255,1484,37458,9,233514
21876,0.000256,172.31.36.0-255,66,37524,9,233514
21877,0.000271,172.217.194.0-255,2543,40067,9,233514
21878,0.000273,172.31.36.0-255,66,40133,9,233514
21879,0.000291,172.217.194.0-255,4320,44453,9,233514
21880,0.000293,172.31.36.0-255,66,44519,9,233514
21881,0.000322,172.217.194.0-255,2902,47421,9,233514
21882,0.000331,172.217.194.0-255,7156,54577,9,233514
21883,0.000348,172.217.194.0-255,2836,57413,9,233514
21884,0.000351,172.217.194.0-255,383,57796,9,233514
21885,0.000618,172.31.36.0-255,66,57862,9,233514
21886,0.000767,172.217.194.0-255,1484,59346,9,233514
21887,0.000775,172.217.194.0-255,2902,62248,9,233514
21888,0.000796,172.217.194.0-255,5738,67986,9,233514
21889,0.000804,172.31.36.0-255,66,68052,9,233514
21890,0.000817,172.217.194.0-255,7156,75208,9,233514
21891,0.000823,172.31.36.0-255,66,75274,9,233514
21892,0.000834,172.217.194.0-255,5738,81012,9,233514
21893,0.000873,172.31.36.0-255,66,81078,9,233514
21894,0.001389,172.217.194.0-255,1484,82562,9,233514
21895,0.001394,172.217.194.0-255,1484,84046,9,233514
21896,0.001398,172.31.36.0-255,66,84112,9,233514
21897,0.001418,172.217.194.0-255,1484,85596,9,233514
21898,0.001425,172.217.194.0-255,5738,91334,9,233514
21899,0.001463,172.217.194.0-255,7156,98490,9,233514
21900,0.001482,172.31.36.0-255,66,98556,9,233514
21901,0.001497,172.217.194.0-255,4320,102876,9,233514
21902,0.001501,172.217.194.0-255,2184,105060,9,233514
21903,0.001534,172.31.36.0-255,66,105126,9,233514
21904,0.001994,172.217.194.0-255,1484,106610,9,233514
21905,0.002004,172.217.194.0-255,2902,109512,9,233514
21906,0.002009,172.31.36.0-255,66,109578,9,233514
21907,0.002016,172.217.194.0-255,5738,115316,9,233514
21908,0.002041,172.217.194.0-255,7156,122472,9,233514
21909,0.002058,172.217.194.0-255,5738,128210,9,233514
21910,0.002078,172.217.194.0-255,766,128976,9,233514
21911,0.007443,172.31.36.0-255,66,129042,9,233514
21912,0.009717,172.217.194.0-255,5738,134780,9,233514
21913,0.009726,172.31.36.0-255,66,134846,9,233514
21914,0.011967,172.217.194.0-255,5738,140584,9,233514
21915,0.011976,172.31.36.0-255,66,140650,9,233514
21916,0.014234,172.217.194.0-255,5738,146388,9,233514
21917,0.014242,172.31.36.0-255,66,146454,9,233514
21918,0.016498,172.217.194.0-255,5738,152192,9,233514
21919,0.016506,172.31.36.0-255,66,152258,9,233514
21920,0.018775,172.217.194.0-255,5738,157996,9,233514
21921,0.018782,172.31.36.0-255,66,158062,9,233514
21922,0.021043,172.217.194.0-255,5738,163800,9,233514
21923,0.02105,172.31.36.0-255,66,163866,9,233514
21924,0.023314,172.217.194.0-255,5738,169604,9,233514
21925,0.023324,172.31.36.0-255,66,169670,9,233514
21926,0.025578,172.217.194.0-255,5738,175408,9,233514
21927,0.025586,172.31.36.0-255,66,175474,9,233514
21928,0.027851,172.217.194.0-255,5738,181212,9,233514
21929,0.027871,172.31.36.0-255,66,181278,9,233514
21930,0.030118,172.217.194.0-255,5738,187016,9,233514
21931,0.030126,172.31.36.0-255,66,187082,9,233514
21932,0.032386,172.217.194.0-255,5738,192820,9,233514
21933,0.032394,172.31.36.0-255,66,192886,9,233514
21934,0.034646,172.217.194.0-255,5738,198624,9,233514
21935,0.034654,172.31.36.0-255,66,198690,9,233514
21936,0.036895,172.217.194.0-255,5738,204428,9,233514
21937,0.036901,172.31.36.0-255,66,204494,9,233514
21938,0.039172,172.217.194.0-255,5738,210232,9,233514
21939,0.03918,172.31.36.0-255,66,210298,9,233514
21940,0.041432,172.217.194.0-255,5738,216036,9,233514
21941,0.041444,172.31.36.0-255,66,216102,9,233514
21942,0.043694,172.217.194.0-255,5738,221840,9,233514
21943,0.043701,172.31.36.0-255,66,221906,9,233514
21944,0.045967,172.217.194.0-255,5738,227644,9,233514
21945,0.045975,172.31.36.0-255,66,227710,9,233514
21946,0.048228,172.217.194.0-255,5738,233448,9,233514
21947,0.048236,172.31.36.0-255,66,233514,9,233514
21948,0.0,172.217.194.0-255,153,153,9,224710
21949,1.7e-05,172.31.36.0-255,66,219,9,224710
21950,2.3e-05,172.217.194.0-255,1484,1703,9,224710
21951,2.8e-05,172.31.36.0-255,66,1769,9,224710
21952,3.4e-05,172.217.194.0-255,2902,4671,9,224710
21953,3.8e-05,172.31.36.0-255,66,4737,9,224710
21954,4.6e-05,172.217.194.0-255,7156,11893,9,224710
21955,5e-05,172.31.36.0-255,66,11959,9,224710
21956,5.4e-05,172.217.194.0-255,2103,14062,9,224710
21957,5.8e-05,172.31.36.0-255,66,14128,9,224710
21958,0.000272,172.217.194.0-255,1484,15612,9,224710
21959,0.000278,172.31.36.0-255,66,15678,9,224710
21960,0.000284,172.217.194.0-255,2902,18580,9,224710
21961,0.000287,172.31.36.0-255,66,18646,9,224710
21962,0.000293,172.217.194.0-255,5738,24384,9,224710
21963,0.000296,172.31.36.0-255,66,24450,9,224710
21964,0.000302,172.217.194.0-255,4320,28770,9,224710
21965,0.000304,172.31.36.0-255,66,28836,9,224710
21966,0.000358,172.31.36.0-255,66,28902,9,224710
21967,0.000381,172.217.194.0-255,3961,32863,9,224710
21968,0.000384,172.31.36.0-255,66,32929,9,224710
21969,0.000392,172.217.194.0-255,6797,39726,9,224710
21970,0.000395,172.31.36.0-255,66,39792,9,224710
21971,0.000513,172.217.194.0-255,1484,41276,9,224710
21972,0.000518,172.31.36.0-255,66,41342,9,224710
21973,0.000523,172.217.194.0-255,2902,44244,9,224710
21974,0.000526,172.31.36.0-255,66,44310,9,224710
21975,0.00053,172.217.194.0-255,2902,47212,9,224710
21976,0.000532,172.31.36.0-255,66,47278,9,224710
21977,0.000551,172.217.194.0-255,2902,50180,9,224710
21978,0.000554,172.31.36.0-255,66,50246,9,224710
21979,0.000593,172.217.194.0-255,7156,57402,9,224710
21980,0.000597,172.31.36.0-255,66,57468,9,224710
21981,0.000615,172.217.194.0-255,287,57755,9,224710
21982,0.000644,172.31.36.0-255,66,57821,9,224710
21983,0.000662,172.217.194.0-255,4320,62141,9,224710
21984,0.000665,172.31.36.0-255,66,62207,9,224710
21985,0.00069,172.217.194.0-255,3961,66168,9,224710
21986,0.000693,172.31.36.0-255,66,66234,9,224710
21987,0.0007,172.217.194.0-255,7156,73390,9,224710
21988,0.000702,172.31.36.0-255,66,73456,9,224710
21989,0.000723,172.217.194.0-255,1484,74940,9,224710
21990,0.000728,172.217.194.0-255,2902,77842,9,224710
21991,0.000731,172.31.36.0-255,66,77908,9,224710
21992,0.00075,172.217.194.0-255,5379,83287,9,224710
21993,0.000753,172.31.36.0-255,66,83353,9,224710
21994,0.001659,172.217.194.0-255,1484,84837,9,224710
21995,0.001668,172.217.194.0-255,2902,87739,9,224710
21996,0.001673,172.31.36.0-255,66,87805,9,224710
21997,0.001681,172.217.194.0-255,5738,93543,9,224710
21998,0.001683,172.31.36.0-255,66,93609,9,224710
21999,0.001723,172.31.36.0-255,66,93675,9,224710
22000,0.001744,172.217.194.0-255,4320,97995,9,224710
22001,0.001746,172.31.36.0-255,66,98061,9,224710
22002,0.001772,172.217.194.0-255,6438,104499,9,224710
22003,0.001774,172.31.36.0-255,66,104565,9,224710
22004,0.004064,172.217.194.0-255,5738,110303,9,224710
22005,0.004071,172.31.36.0-255,66,110369,9,224710
22006,0.006361,172.217.194.0-255,5738,116107,9,224710
22007,0.006365,172.31.36.0-255,66,116173,9,224710
22008,0.008664,172.217.194.0-255,5738,121911,9,224710
22009,0.008672,172.31.36.0-255,66,121977,9,224710
22010,0.010968,172.217.194.0-255,5738,127715,9,224710
22011,0.010977,172.31.36.0-255,66,127781,9,224710
22012,0.013276,172.217.194.0-255,5738,133519,9,224710
22013,0.013287,172.31.36.0-255,66,133585,9,224710
22014,0.01561,172.217.194.0-255,5738,139323,9,224710
22015,0.015637,172.31.36.0-255,66,139389,9,224710
22016,0.017926,172.217.194.0-255,5738,145127,9,224710
22017,0.017938,172.31.36.0-255,66,145193,9,224710
22018,0.020226,172.217.194.0-255,5738,150931,9,224710
22019,0.020234,172.31.36.0-255,66,150997,9,224710
22020,0.022514,172.217.194.0-255,5738,156735,9,224710
22021,0.022522,172.31.36.0-255,66,156801,9,224710
22022,0.0248,172.217.194.0-255,2902,159703,9,224710
22023,0.024807,172.31.36.0-255,66,159769,9,224710
22024,0.024829,172.217.194.0-255,2902,162671,9,224710
22025,0.024832,172.31.36.0-255,66,162737,9,224710
22026,0.027094,172.217.194.0-255,4320,167057,9,224710
22027,0.027101,172.31.36.0-255,66,167123,9,224710
22028,0.027122,172.217.194.0-255,1484,168607,9,224710
22029,0.029373,172.217.194.0-255,2902,171509,9,224710
22030,0.02938,172.31.36.0-255,66,171575,9,224710
22031,0.031642,172.217.194.0-255,5738,177313,9,224710
22032,0.031649,172.31.36.0-255,66,177379,9,224710
22033,0.033945,172.217.194.0-255,5738,183117,9,224710
22034,0.033953,172.31.36.0-255,66,183183,9,224710
22035,0.036249,172.217.194.0-255,5738,188921,9,224710
22036,0.036257,172.31.36.0-255,66,188987,9,224710
22037,0.038554,172.217.194.0-255,5738,194725,9,224710
22038,0.038562,172.31.36.0-255,66,194791,9,224710
22039,0.040854,172.217.194.0-255,5738,200529,9,224710
22040,0.040862,172.31.36.0-255,66,200595,9,224710
22041,0.043128,172.217.194.0-255,5738,206333,9,224710
22042,0.043135,172.31.36.0-255,66,206399,9,224710
22043,0.045403,172.217.194.0-255,5738,212137,9,224710
22044,0.045411,172.31.36.0-255,66,212203,9,224710
22045,0.046211,172.31.36.0-255,172,212375,9,224710
22046,0.046254,172.31.36.0-255,1116,213491,9,224710
22047,0.046323,172.31.36.0-255,1514,215005,9,224710
22048,0.046325,172.31.36.0-255,1514,216519,9,224710
22049,0.04633,172.31.36.0-255,1514,218033,9,224710
22050,0.046331,172.31.36.0-255,609,218642,9,224710
22051,0.04768,172.217.194.0-255,5738,224380,9,224710
22052,0.047687,172.31.36.0-255,66,224446,9,224710
22053,0.047753,104.244.42.0-255,66,224512,9,224710
22054,0.047816,104.244.42.0-255,66,224578,9,224710
22055,0.047918,104.244.42.0-255,66,224644,9,224710
22056,0.047924,104.244.42.0-255,66,224710,9,224710
22057,0.0,74.125.24.0-255,161,161,9,269803
22058,2.4e-05,172.31.36.0-255,66,227,9,269803
22059,5.4e-05,74.125.24.0-255,1484,1711,9,269803
22060,5.9e-05,172.31.36.0-255,66,1777,9,269803
22061,6.5e-05,74.125.24.0-255,2902,4679,9,269803
22062,6.9e-05,172.31.36.0-255,66,4745,9,269803
22063,7.5e-05,74.125.24.0-255,4320,9065,9,269803
22064,7.8e-05,172.31.36.0-255,66,9131,9,269803
22065,8.5e-05,74.125.24.0-255,4887,14018,9,269803
22066,8.9e-05,172.31.36.0-255,66,14084,9,269803
22067,0.000288,74.125.24.0-255,1484,15568,9,269803
22068,0.000293,172.31.36.0-255,66,15634,9,269803
22069,0.0003,74.125.24.0-255,2902,18536,9,269803
22070,0.000302,172.31.36.0-255,66,18602,9,269803
22071,0.000328,74.125.24.0-255,5738,24340,9,269803
22072,0.000331,172.31.36.0-255,66,24406,9,269803
22073,0.000339,74.125.24.0-255,1484,25890,9,269803
22074,0.000341,172.31.36.0-255,66,25956,9,269803
22075,0.000346,74.125.24.0-255,2902,28858,9,269803
22076,0.000349,172.31.36.0-255,66,28924,9,269803
22077,0.000397,74.125.24.0-255,6797,35721,9,269803
22078,0.0004,172.31.36.0-255,66,35787,9,269803
22079,0.000417,172.31.36.0-255,66,35853,9,269803
22080,0.000436,172.31.36.0-255,66,35919,9,269803
22081,0.000439,74.125.24.0-255,135,36054,9,269803
22082,0.000442,172.31.36.0-255,66,36120,9,269803
22083,0.000754,74.125.24.0-255,1484,37604,9,269803
22084,0.000759,172.31.36.0-255,66,37670,9,269803
22085,0.000766,74.125.24.0-255,2902,40572,9,269803
22086,0.000768,172.31.36.0-255,66,40638,9,269803
22087,0.000781,74.125.24.0-255,5738,46376,9,269803
22088,0.000803,172.31.36.0-255,66,46442,9,269803
22089,0.000841,172.31.36.0-255,66,46508,9,269803
22090,0.000896,74.125.24.0-255,766,47274,9,269803
22091,0.000924,74.125.24.0-255,1484,48758,9,269803
22092,0.000927,74.125.24.0-255,1484,50242,9,269803
22093,0.000939,172.31.36.0-255,66,50308,9,269803
22094,0.000943,74.125.24.0-255,1484,51792,9,269803
22095,0.000948,74.125.24.0-255,4320,56112,9,269803
22096,0.000968,74.125.24.0-255,1484,57596,9,269803
22097,0.000979,172.31.36.0-255,66,57662,9,269803
22098,0.001004,74.125.24.0-255,2902,60564,9,269803
22099,0.001041,172.31.36.0-255,66,60630,9,269803
22100,0.001057,74.125.24.0-255,2184,62814,9,269803
22101,0.00113,74.125.24.0-255,6714,69528,9,269803
22102,0.001147,172.31.36.0-255,66,69594,9,269803
22103,0.001405,74.125.24.0-255,1484,71078,9,269803
22104,0.001411,74.125.24.0-255,2902,73980,9,269803
22105,0.001417,74.125.24.0-255,5738,79718,9,269803
22106,0.00143,172.31.36.0-255,66,79784,9,269803
22107,0.001437,74.125.24.0-255,4320,84104,9,269803
22108,0.001442,172.31.36.0-255,66,84170,9,269803
22109,0.001469,74.125.24.0-255,1484,85654,9,269803
22110,0.001511,74.125.24.0-255,7156,92810,9,269803
22111,0.001516,172.31.36.0-255,66,92876,9,269803
22112,0.001536,74.125.24.0-255,4320,97196,9,269803
22113,0.001543,74.125.24.0-255,5738,102934,9,269803
22114,0.001561,172.31.36.0-255,66,103000,9,269803
22115,0.001605,172.31.36.0-255,66,103066,9,269803
22116,0.001623,74.125.24.0-255,2184,105250,9,269803
22117,0.00163,74.125.24.0-255,5738,110988,9,269803
22118,0.001653,74.125.24.0-255,5738,116726,9,269803
22119,0.001673,74.125.24.0-255,2902,119628,9,269803
22120,0.001677,172.31.36.0-255,66,119694,9,269803
22121,0.001684,172.31.36.0-255,66,119760,9,269803
22122,0.001709,74.125.24.0-255,6438,126198,9,269803
22123,0.00173,172.31.36.0-255,66,126264,9,269803
22124,0.001775,74.125.24.0-255,1484,127748,9,269803
22125,0.001781,74.125.24.0-255,2902,130650,9,269803
22126,0.001786,172.31.36.0-255,66,130716,9,269803
22127,0.001809,74.125.24.0-255,5738,136454,9,269803
22128,0.00182,172.31.36.0-255,66,136520,9,269803
22129,0.001859,74.125.24.0-255,2902,139422,9,269803
22130,0.001866,74.125.24.0-255,7156,146578,9,269803
22131,0.001887,74.125.24.0-255,3602,150180,9,269803
22132,0.001895,172.31.36.0-255,66,150246,9,269803
22133,0.00401,74.125.24.0-255,5738,155984,9,269803
22134,0.004016,172.31.36.0-255,66,156050,9,269803
22135,0.006097,74.125.24.0-255,5738,161788,9,269803
22136,0.006105,172.31.36.0-255,66,161854,9,269803
22137,0.008214,74.125.24.0-255,2902,164756,9,269803
22138,0.00822,172.31.36.0-255,66,164822,9,269803
22139,0.008246,74.125.24.0-255,2902,167724,9,269803
22140,0.008249,172.31.36.0-255,66,167790,9,269803
22141,0.01029,74.125.24.0-255,2902,170692,9,269803
22142,0.010296,172.31.36.0-255,66,170758,9,269803
22143,0.010346,74.125.24.0-255,2902,173660,9,269803
22144,0.010349,172.31.36.0-255,66,173726,9,269803
22145,0.012366,74.125.24.0-255,2902,176628,9,269803
22146,0.012374,172.31.36.0-255,66,176694,9,269803
22147,0.012441,74.125.24.0-255,2902,179596,9,269803
22148,0.012445,172.31.36.0-255,66,179662,9,269803
22149,0.014422,74.125.24.0-255,2902,182564,9,269803
22150,0.01443,172.31.36.0-255,66,182630,9,269803
22151,0.014494,74.125.24.0-255,2902,185532,9,269803
22152,0.014497,172.31.36.0-255,66,185598,9,269803
22153,0.016507,74.125.24.0-255,2902,188500,9,269803
22154,0.016516,172.31.36.0-255,66,188566,9,269803
22155,0.016579,74.125.24.0-255,1484,190050,9,269803
22156,0.016632,74.125.24.0-255,1484,191534,9,269803
22157,0.016635,172.31.36.0-255,66,191600,9,269803
22158,0.018601,74.125.24.0-255,2902,194502,9,269803
22159,0.018608,172.31.36.0-255,66,194568,9,269803
22160,0.018743,74.125.24.0-255,2902,197470,9,269803
22161,0.018749,172.31.36.0-255,66,197536,9,269803
22162,0.020684,74.125.24.0-255,2902,200438,9,269803
22163,0.020692,172.31.36.0-255,66,200504,9,269803
22164,0.02084,74.125.24.0-255,2902,203406,9,269803
22165,0.020845,172.31.36.0-255,66,203472,9,269803
22166,0.02274,74.125.24.0-255,2902,206374,9,269803
22167,0.022749,172.31.36.0-255,66,206440,9,269803
22168,0.022874,74.125.24.0-255,2902,209342,9,269803
22169,0.022879,172.31.36.0-255,66,209408,9,269803
22170,0.024806,74.125.24.0-255,2902,212310,9,269803
22171,0.024816,172.31.36.0-255,66,212376,9,269803
22172,0.024946,74.125.24.0-255,2902,215278,9,269803
22173,0.02495,172.31.36.0-255,66,215344,9,269803
22174,0.026902,74.125.24.0-255,2902,218246,9,269803
22175,0.02691,172.31.36.0-255,66,218312,9,269803
22176,0.027041,74.125.24.0-255,2902,221214,9,269803
22177,0.027046,172.31.36.0-255,66,221280,9,269803
22178,0.028989,74.125.24.0-255,2902,224182,9,269803
22179,0.028996,172.31.36.0-255,66,224248,9,269803
22180,0.029104,74.125.24.0-255,2902,227150,9,269803
22181,0.029109,172.31.36.0-255,66,227216,9,269803
22182,0.031072,74.125.24.0-255,2902,230118,9,269803
22183,0.031079,172.31.36.0-255,66,230184,9,269803
22184,0.031199,74.125.24.0-255,2902,233086,9,269803
22185,0.031204,172.31.36.0-255,66,233152,9,269803
22186,0.033183,74.125.24.0-255,2902,236054,9,269803
22187,0.033191,172.31.36.0-255,66,236120,9,269803
22188,0.033236,74.125.24.0-255,2902,239022,9,269803
22189,0.033239,172.31.36.0-255,66,239088,9,269803
22190,0.035251,74.125.24.0-255,2902,241990,9,269803
22191,0.035259,172.31.36.0-255,66,242056,9,269803
22192,0.035314,74.125.24.0-255,2902,244958,9,269803
22193,0.035318,172.31.36.0-255,66,245024,9,269803
22194,0.037346,74.125.24.0-255,2902,247926,9,269803
22195,0.037352,172.31.36.0-255,66,247992,9,269803
22196,0.037427,74.125.24.0-255,2902,250894,9,269803
22197,0.037431,172.31.36.0-255,66,250960,9,269803
22198,0.039466,74.125.24.0-255,2902,253862,9,269803
22199,0.039473,172.31.36.0-255,66,253928,9,269803
22200,0.039512,74.125.24.0-255,2902,256830,9,269803
22201,0.039515,172.31.36.0-255,66,256896,9,269803
22202,0.041536,74.125.24.0-255,2902,259798,9,269803
22203,0.041544,172.31.36.0-255,66,259864,9,269803
22204,0.041591,74.125.24.0-255,2902,262766,9,269803
22205,0.041594,172.31.36.0-255,66,262832,9,269803
22206,0.043617,74.125.24.0-255,2902,265734,9,269803
22207,0.043623,172.31.36.0-255,66,265800,9,269803
22208,0.043692,74.125.24.0-255,2902,268702,9,269803
22209,0.0437,172.31.36.0-255,66,268768,9,269803
22210,0.045659,74.125.24.0-255,798,269566,9,269803
22211,0.045798,172.31.36.0-255,66,269632,9,269803
22212,0.045838,172.31.36.0-255,105,269737,9,269803
22213,0.047906,74.125.24.0-255,66,269803,9,269803
22214,0.0,172.217.194.0-255,289,289,9,146447
22215,2.5e-05,172.31.36.0-255,66,355,9,146447
22216,3.1e-05,172.217.194.0-255,1484,1839,9,146447
22217,3.5e-05,172.31.36.0-255,66,1905,9,146447
22218,4e-05,172.217.194.0-255,4320,6225,9,146447
22219,5e-05,172.31.36.0-255,66,6291,9,146447
22220,5.3e-05,172.217.194.0-255,1484,7775,9,146447
22221,5.5e-05,172.31.36.0-255,66,7841,9,146447
22222,9.6e-05,172.217.194.0-255,6096,13937,9,146447
22223,9.9e-05,172.31.36.0-255,66,14003,9,146447
22224,0.000138,172.217.194.0-255,1484,15487,9,146447
22225,0.000141,172.31.36.0-255,66,15553,9,146447
22226,0.000147,172.217.194.0-255,2902,18455,9,146447
22227,0.000149,172.31.36.0-255,66,18521,9,146447
22228,0.000155,172.217.194.0-255,5738,24259,9,146447
22229,0.000161,172.31.36.0-255,66,24325,9,146447
22230,0.00019,172.217.194.0-255,4320,28645,9,146447
22231,0.000194,172.31.36.0-255,66,28711,9,146447
22232,0.000235,172.31.36.0-255,66,28777,9,146447
22233,0.000248,172.31.36.0-255,66,28843,9,146447
22234,0.00029,172.31.36.0-255,66,28909,9,146447
22235,0.000293,172.217.194.0-255,366,29275,9,146447
22236,0.000297,172.31.36.0-255,66,29341,9,146447
22237,0.000827,172.217.194.0-255,1484,30825,9,146447
22238,0.000833,172.31.36.0-255,66,30891,9,146447
22239,0.000838,172.217.194.0-255,2902,33793,9,146447
22240,0.00084,172.31.36.0-255,66,33859,9,146447
22241,0.000846,172.217.194.0-255,5738,39597,9,146447
22242,0.000848,172.31.36.0-255,66,39663,9,146447
22243,0.000893,172.31.36.0-255,66,39729,9,146447
22244,0.000904,172.31.36.0-255,66,39795,9,146447
22245,0.00091,172.217.194.0-255,5020,44815,9,146447
22246,0.000912,172.31.36.0-255,66,44881,9,146447
22247,0.000945,172.217.194.0-255,5738,50619,9,146447
22248,0.000948,172.31.36.0-255,66,50685,9,146447
22249,0.000955,172.217.194.0-255,4320,55005,9,146447
22250,0.000957,172.31.36.0-255,66,55071,9,146447
22251,0.000998,172.31.36.0-255,66,55137,9,146447
22252,0.001009,172.31.36.0-255,66,55203,9,146447
22253,0.001012,172.217.194.0-255,1484,56687,9,146447
22254,0.001044,172.217.194.0-255,3602,60289,9,146447
22255,0.001047,172.31.36.0-255,66,60355,9,146447
22256,0.001198,172.217.194.0-255,1484,61839,9,146447
22257,0.001215,172.217.194.0-255,1484,63323,9,146447
22258,0.001219,172.31.36.0-255,66,63389,9,146447
22259,0.00124,172.217.194.0-255,1484,64873,9,146447
22260,0.001247,172.217.194.0-255,5738,70611,9,146447
22261,0.001253,172.217.194.0-255,5738,76349,9,146447
22262,0.001253,172.31.36.0-255,66,76415,9,146447
22263,0.001256,172.31.36.0-255,66,76481,9,146447
22264,0.001293,172.217.194.0-255,7156,83637,9,146447
22265,0.001302,172.31.36.0-255,66,83703,9,146447
22266,0.001314,172.31.36.0-255,66,83769,9,146447
22267,0.001375,172.217.194.0-255,1484,85253,9,146447
22268,0.001381,172.217.194.0-255,2902,88155,9,146447
22269,0.001384,172.31.36.0-255,66,88221,9,146447
22270,0.00139,172.217.194.0-255,5738,93959,9,146447
22271,0.001392,172.31.36.0-255,66,94025,9,146447
22272,0.001413,172.31.36.0-255,66,94091,9,146447
22273,0.001424,172.31.36.0-255,66,94157,9,146447
22274,0.001427,172.217.194.0-255,766,94923,9,146447
22275,0.001518,172.217.194.0-255,1484,96407,9,146447
22276,0.001522,172.31.36.0-255,66,96473,9,146447
22277,0.001526,172.217.194.0-255,2902,99375,9,146447
22278,0.001529,172.31.36.0-255,66,99441,9,146447
22279,0.001535,172.217.194.0-255,5738,105179,9,146447
22280,0.001537,172.31.36.0-255,66,105245,9,146447
22281,0.001546,172.217.194.0-255,1484,106729,9,146447
22282,0.00159,172.31.36.0-255,66,106795,9,146447
22283,0.001604,172.31.36.0-255,66,106861,9,146447
22284,0.001634,172.217.194.0-255,1484,108345,9,146447
22285,0.001657,172.217.194.0-255,1484,109829,9,146447
22286,0.00166,172.31.36.0-255,66,109895,9,146447
22287,0.001667,172.217.194.0-255,4320,114215,9,146447
22288,0.001669,172.31.36.0-255,66,114281,9,146447
22289,0.001687,172.31.36.0-255,66,114347,9,146447
22290,0.001749,172.31.36.0-255,66,114413,9,146447
22291,0.001807,172.217.194.0-255,1484,115897,9,146447
22292,0.001813,172.217.194.0-255,2902,118799,9,146447
22293,0.001817,172.31.36.0-255,66,118865,9,146447
22294,0.001823,172.217.194.0-255,5738,124603,9,146447
22295,0.001827,172.31.36.0-255,66,124669,9,146447
22296,0.001868,172.31.36.0-255,66,124735,9,146447
22297,0.001913,172.31.36.0-255,66,124801,9,146447
22298,0.001919,172.217.194.0-255,4320,129121,9,146447
22299,0.001922,172.31.36.0-255,66,129187,9,146447
22300,0.001954,172.217.194.0-255,7156,136343,9,146447
22301,0.001959,172.31.36.0-255,66,136409,9,146447
22302,0.001982,172.31.36.0-255,66,136475,9,146447
22303,0.001994,172.31.36.0-255,66,136541,9,146447
22304,0.002048,172.31.36.0-255,66,136607,9,146447
22305,0.002064,172.31.36.0-255,66,136673,9,146447
22306,0.00212,172.31.36.0-255,66,136739,9,146447
22307,0.002172,172.31.36.0-255,66,136805,9,146447
22308,0.002175,172.217.194.0-255,1484,138289,9,146447
22309,0.002179,172.217.194.0-255,1484,139773,9,146447
22310,0.002181,172.31.36.0-255,66,139839,9,146447
22311,0.002198,172.31.36.0-255,66,139905,9,146447
22312,0.002201,172.217.194.0-255,105,140010,9,146447
22313,0.006653,172.31.36.0-255,66,140076,9,146447
22314,0.006681,172.31.36.0-255,105,140181,9,146447
22315,0.008684,172.217.194.0-255,66,140247,9,146447
22316,0.041868,172.31.36.0-255,172,140419,9,146447
22317,0.041899,172.31.36.0-255,1116,141535,9,146447
22318,0.041961,172.31.36.0-255,1514,143049,9,146447
22319,0.041963,172.31.36.0-255,1514,144563,9,146447
22320,0.041969,172.31.36.0-255,1514,146077,9,146447
22321,0.04197,172.31.36.0-255,106,146183,9,146447
22322,0.043417,104.244.42.0-255,66,146249,9,146447
22323,0.043624,104.244.42.0-255,66,146315,9,146447
22324,0.043628,104.244.42.0-255,66,146381,9,146447
22325,0.043632,104.244.42.0-255,66,146447,9,146447
22326,0.0,172.31.36.0-255,105,105,9,105
22327,0.0,74.125.130.0-255,146,146,9,229258
22328,2.4e-05,172.31.36.0-255,66,212,9,229258
22329,3.1e-05,74.125.130.0-255,1484,1696,9,229258
22330,3.7e-05,172.31.36.0-255,66,1762,9,229258
22331,4.3e-05,74.125.130.0-255,2902,4664,9,229258
22332,4.6e-05,172.31.36.0-255,66,4730,9,229258
22333,5.3e-05,74.125.130.0-255,7156,11886,9,229258
22334,5.6e-05,172.31.36.0-255,66,11952,9,229258
22335,8.6e-05,74.125.130.0-255,3502,15454,9,229258
22336,8.9e-05,172.31.36.0-255,66,15520,9,229258
22337,0.000111,74.125.130.0-255,4320,19840,9,229258
22338,0.000115,172.31.36.0-255,66,19906,9,229258
22339,0.000153,74.125.130.0-255,5738,25644,9,229258
22340,0.000156,172.31.36.0-255,66,25710,9,229258
22341,0.000172,74.125.130.0-255,1484,27194,9,229258
22342,0.000175,172.31.36.0-255,66,27260,9,229258
22343,0.000194,74.125.130.0-255,3961,31221,9,229258
22344,0.000196,172.31.36.0-255,66,31287,9,229258
22345,0.0006,74.125.130.0-255,1484,32771,9,229258
22346,0.000604,74.125.130.0-255,1484,34255,9,229258
22347,0.000615,172.31.36.0-255,66,34321,9,229258
22348,0.000619,172.31.36.0-255,66,34387,9,229258
22349,0.000623,74.125.130.0-255,1484,35871,9,229258
22350,0.000625,172.31.36.0-255,66,35937,9,229258
22351,0.000633,74.125.130.0-255,5738,41675,9,229258
22352,0.000635,172.31.36.0-255,66,41741,9,229258
22353,0.00064,74.125.130.0-255,2902,44643,9,229258
22354,0.000642,172.31.36.0-255,66,44709,9,229258
22355,0.000646,74.125.130.0-255,1484,46193,9,229258
22356,0.000648,172.31.36.0-255,66,46259,9,229258
22357,0.000673,74.125.130.0-255,2543,48802,9,229258
22358,0.000676,172.31.36.0-255,66,48868,9,229258
22359,0.000681,74.125.130.0-255,4320,53188,9,229258
22360,0.000704,74.125.130.0-255,4320,57508,9,229258
22361,0.000709,74.125.130.0-255,2902,60410,9,229258
22362,0.000736,172.31.36.0-255,66,60476,9,229258
22363,0.000749,74.125.130.0-255,5379,65855,9,229258
22364,0.000777,74.125.130.0-255,647,66502,9,229258
22365,0.00078,172.31.36.0-255,66,66568,9,229258
22366,0.000902,74.125.130.0-255,1484,68052,9,229258
22367,0.000921,74.125.130.0-255,2902,70954,9,229258
22368,0.000953,74.125.130.0-255,1484,72438,9,229258
22369,0.000957,74.125.130.0-255,1484,73922,9,229258
22370,0.000974,74.125.130.0-255,1484,75406,9,229258
22371,0.000977,74.125.130.0-255,1484,76890,9,229258
22372,0.000998,74.125.130.0-255,4320,81210,9,229258
22373,0.001002,74.125.130.0-255,2543,83753,9,229258
22374,0.001079,74.125.130.0-255,1484,85237,9,229258
22375,0.001102,74.125.130.0-255,2902,88139,9,229258
22376,0.001133,74.125.130.0-255,5738,93877,9,229258
22377,0.001156,74.125.130.0-255,6797,100674,9,229258
22378,0.001679,74.125.130.0-255,1484,102158,9,229258
22379,0.001687,74.125.130.0-255,2902,105060,9,229258
22380,0.001692,74.125.130.0-255,2902,107962,9,229258
22381,0.001705,74.125.130.0-255,2902,110864,9,229258
22382,0.00172,74.125.130.0-255,5738,116602,9,229258
22383,0.001731,74.125.130.0-255,1484,118086,9,229258
22384,0.001754,74.125.130.0-255,2902,120988,9,229258
22385,0.001804,74.125.130.0-255,2184,123172,9,229258
22386,0.007069,172.31.36.0-255,66,123238,9,229258
22387,0.009378,74.125.130.0-255,5738,128976,9,229258
22388,0.009385,172.31.36.0-255,66,129042,9,229258
22389,0.011679,74.125.130.0-255,5738,134780,9,229258
22390,0.012765,172.31.36.0-255,66,134846,9,229258
22391,0.015062,74.125.130.0-255,5738,140584,9,229258
22392,0.015072,172.31.36.0-255,66,140650,9,229258
22393,0.017376,74.125.130.0-255,5738,146388,9,229258
22394,0.017384,172.31.36.0-255,66,146454,9,229258
22395,0.019681,74.125.130.0-255,5738,152192,9,229258
22396,0.019689,172.31.36.0-255,66,152258,9,229258
22397,0.021981,74.125.130.0-255,5738,157996,9,229258
22398,0.021988,172.31.36.0-255,66,158062,9,229258
22399,0.024273,74.125.130.0-255,5738,163800,9,229258
22400,0.024279,172.31.36.0-255,66,163866,9,229258
22401,0.02657,74.125.130.0-255,5738,169604,9,229258
22402,0.026578,172.31.36.0-255,66,169670,9,229258
22403,0.028862,74.125.130.0-255,5738,175408,9,229258
22404,0.028871,172.31.36.0-255,66,175474,9,229258
22405,0.03077,172.31.36.0-255,172,175646,9,229258
22406,0.0308,172.31.36.0-255,1070,176716,9,229258
22407,0.031176,74.125.130.0-255,5738,182454,9,229258
22408,0.031183,172.31.36.0-255,66,182520,9,229258
22409,0.032299,104.244.42.0-255,66,182586,9,229258
22410,0.032333,104.244.42.0-255,66,182652,9,229258
22411,0.033481,74.125.130.0-255,5738,188390,9,229258
22412,0.033488,172.31.36.0-255,66,188456,9,229258
22413,0.033644,104.244.42.0-255,108,188564,9,229258
22414,0.033648,172.31.36.0-255,66,188630,9,229258
22415,0.035783,74.125.130.0-255,5738,194368,9,229258
22416,0.035789,172.31.36.0-255,66,194434,9,229258
22417,0.03808,74.125.130.0-255,5738,200172,9,229258
22418,0.038086,172.31.36.0-255,66,200238,9,229258
22419,0.040381,74.125.130.0-255,5738,205976,9,229258
22420,0.040388,172.31.36.0-255,66,206042,9,229258
22421,0.04269,74.125.130.0-255,5738,211780,9,229258
22422,0.042695,172.31.36.0-255,66,211846,9,229258
22423,0.044985,74.125.130.0-255,5738,217584,9,229258
22424,0.044997,172.31.36.0-255,66,217650,9,229258
22425,0.047293,74.125.130.0-255,5738,223388,9,229258
22426,0.047299,172.31.36.0-255,66,223454,9,229258
22427,0.049624,74.125.130.0-255,5738,229192,9,229258
22428,0.049633,172.31.36.0-255,66,229258,9,229258
22429,0.0,74.125.24.0-255,298,298,9,192054
22430,1.7e-05,172.31.36.0-255,66,364,9,192054
22431,2.3e-05,74.125.24.0-255,1484,1848,9,192054
22432,2.8e-05,172.31.36.0-255,66,1914,9,192054
22433,3.5e-05,74.125.24.0-255,4320,6234,9,192054
22434,3.9e-05,172.31.36.0-255,66,6300,9,192054
22435,5.1e-05,172.31.36.0-255,66,6366,9,192054
22436,9.5e-05,74.125.24.0-255,4320,10686,9,192054
22437,9.9e-05,172.31.36.0-255,66,10752,9,192054
22438,0.000106,74.125.24.0-255,5738,16490,9,192054
22439,0.000108,172.31.36.0-255,66,16556,9,192054
22440,0.000145,74.125.24.0-255,5738,22294,9,192054
22441,0.000148,172.31.36.0-255,66,22360,9,192054
22442,0.000166,74.125.24.0-255,1125,23485,9,192054
22443,0.000169,172.31.36.0-255,66,23551,9,192054
22444,0.000462,74.125.24.0-255,1484,25035,9,192054
22445,0.000468,172.31.36.0-255,66,25101,9,192054
22446,0.000473,74.125.24.0-255,2902,28003,9,192054
22447,0.000477,172.31.36.0-255,66,28069,9,192054
22448,0.000484,74.125.24.0-255,5738,33807,9,192054
22449,0.000486,172.31.36.0-255,66,33873,9,192054
22450,0.00052,74.125.24.0-255,5738,39611,9,192054
22451,0.000523,172.31.36.0-255,66,39677,9,192054
22452,0.000556,172.31.36.0-255,66,39743,9,192054
22453,0.000561,74.125.24.0-255,4320,44063,9,192054
22454,0.000563,172.31.36.0-255,66,44129,9,192054
22455,0.000601,74.125.24.0-255,5379,49508,9,192054
22456,0.000605,172.31.36.0-255,66,49574,9,192054
22457,0.002607,74.125.24.0-255,5738,55312,9,192054
22458,0.002615,172.31.36.0-255,66,55378,9,192054
22459,0.004631,74.125.24.0-255,5738,61116,9,192054
22460,0.004639,172.31.36.0-255,66,61182,9,192054
22461,0.006661,74.125.24.0-255,5738,66920,9,192054
22462,0.006667,172.31.36.0-255,66,66986,9,192054
22463,0.008689,74.125.24.0-255,5738,72724,9,192054
22464,0.008696,172.31.36.0-255,66,72790,9,192054
22465,0.010718,74.125.24.0-255,5738,78528,9,192054
22466,0.010727,172.31.36.0-255,66,78594,9,192054
22467,0.012739,74.125.24.0-255,5738,84332,9,192054
22468,0.012747,172.31.36.0-255,66,84398,9,192054
22469,0.014758,74.125.24.0-255,5738,90136,9,192054
22470,0.015874,172.31.36.0-255,66,90202,9,192054
22471,0.017874,74.125.24.0-255,5738,95940,9,192054
22472,0.017884,172.31.36.0-255,66,96006,9,192054
22473,0.019933,74.125.24.0-255,5738,101744,9,192054
22474,0.01994,172.31.36.0-255,66,101810,9,192054
22475,0.021944,74.125.24.0-255,5738,107548,9,192054
22476,0.02195,172.31.36.0-255,66,107614,9,192054
22477,0.023986,74.125.24.0-255,5738,113352,9,192054
22478,0.023994,172.31.36.0-255,66,113418,9,192054
22479,0.026009,74.125.24.0-255,5738,119156,9,192054
22480,0.026017,172.31.36.0-255,66,119222,9,192054
22481,0.028074,74.125.24.0-255,5738,124960,9,192054
22482,0.028083,172.31.36.0-255,66,125026,9,192054
22483,0.030121,74.125.24.0-255,5738,130764,9,192054
22484,0.030129,172.31.36.0-255,66,130830,9,192054
22485,0.031112,172.31.36.0-255,172,131002,9,192054
22486,0.031139,172.31.36.0-255,1115,132117,9,192054
22487,0.031198,172.31.36.0-255,1514,133631,9,192054
22488,0.0312,172.31.36.0-255,1514,135145,9,192054
22489,0.031205,172.31.36.0-255,1514,136659,9,192054
22490,0.031206,172.31.36.0-255,1514,138173,9,192054
22491,0.031223,172.31.36.0-255,1381,139554,9,192054
22492,0.032171,74.125.24.0-255,5738,145292,9,192054
22493,0.032178,172.31.36.0-255,66,145358,9,192054
22494,0.032663,104.244.42.0-255,66,145424,9,192054
22495,0.032698,104.244.42.0-255,66,145490,9,192054
22496,0.032757,104.244.42.0-255,66,145556,9,192054
22497,0.032778,104.244.42.0-255,66,145622,9,192054
22498,0.034202,74.125.24.0-255,5738,151360,9,192054
22499,0.034207,172.31.36.0-255,66,151426,9,192054
22500,0.036242,74.125.24.0-255,5738,157164,9,192054
22501,0.03625,172.31.36.0-255,66,157230,9,192054
22502,0.038269,74.125.24.0-255,5738,162968,9,192054
22503,0.038275,172.31.36.0-255,66,163034,9,192054
22504,0.04031,74.125.24.0-255,5738,168772,9,192054
22505,0.040317,172.31.36.0-255,66,168838,9,192054
22506,0.042324,74.125.24.0-255,5738,174576,9,192054
22507,0.042331,172.31.36.0-255,66,174642,9,192054
22508,0.044369,74.125.24.0-255,5738,180380,9,192054
22509,0.044376,172.31.36.0-255,66,180446,9,192054
22510,0.046392,74.125.24.0-255,5738,186184,9,192054
22511,0.0464,172.31.36.0-255,66,186250,9,192054
22512,0.048409,74.125.24.0-255,5738,191988,9,192054
22513,0.048417,172.31.36.0-255,66,192054,9,192054
22514,0.0,172.31.36.0-255,105,105,9,459
22515,0.000216,172.31.36.0-255,90,195,9,459
22516,0.000227,172.31.36.0-255,66,261,9,459
22517,0.002506,74.125.24.0-255,66,327,9,459
22518,0.002539,74.125.24.0-255,66,393,9,459
22519,0.002562,172.31.36.0-255,66,459,9,459
22520,0.0,74.125.24.0-255,153,153,9,273491
22521,2.3e-05,172.31.36.0-255,66,219,9,273491
22522,3.1e-05,74.125.24.0-255,1484,1703,9,273491
22523,3.5e-05,172.31.36.0-255,66,1769,9,273491
22524,5e-05,74.125.24.0-255,2902,4671,9,273491
22525,5.3e-05,172.31.36.0-255,66,4737,9,273491
22526,6.1e-05,74.125.24.0-255,7156,11893,9,273491
22527,6.3e-05,172.31.36.0-255,66,11959,9,273491
22528,6.8e-05,74.125.24.0-255,2003,13962,9,273491
22529,7.1e-05,172.31.36.0-255,66,14028,9,273491
22530,0.000138,74.125.24.0-255,1484,15512,9,273491
22531,0.000141,172.31.36.0-255,66,15578,9,273491
22532,0.000147,74.125.24.0-255,2902,18480,9,273491
22533,0.000149,172.31.36.0-255,66,18546,9,273491
22534,0.000178,74.125.24.0-255,4320,22866,9,273491
22535,0.000181,172.31.36.0-255,66,22932,9,273491
22536,0.000204,74.125.24.0-255,1484,24416,9,273491
22537,0.000207,172.31.36.0-255,66,24482,9,273491
22538,0.000215,74.125.24.0-255,6797,31279,9,273491
22539,0.000217,172.31.36.0-255,66,31345,9,273491
22540,0.000259,74.125.24.0-255,7156,38501,9,273491
22541,0.000263,172.31.36.0-255,66,38567,9,273491
22542,0.000301,172.31.36.0-255,66,38633,9,273491
22543,0.000304,74.125.24.0-255,1125,39758,9,273491
22544,0.000306,172.31.36.0-255,66,39824,9,273491
22545,0.000784,74.125.24.0-255,1484,41308,9,273491
22546,0.00079,172.31.36.0-255,66,41374,9,273491
22547,0.000795,74.125.24.0-255,2902,44276,9,273491
22548,0.000797,172.31.36.0-255,66,44342,9,273491
22549,0.000801,74.125.24.0-255,1484,45826,9,273491
22550,0.000803,172.31.36.0-255,66,45892,9,273491
22551,0.000834,74.125.24.0-255,4320,50212,9,273491
22552,0.000837,172.31.36.0-255,66,50278,9,273491
22553,0.000874,74.125.24.0-255,6797,57075,9,273491
22554,0.000877,172.31.36.0-255,66,57141,9,273491
22555,0.000885,74.125.24.0-255,7156,64297,9,273491
22556,0.000887,172.31.36.0-255,66,64363,9,273491
22557,0.00093,172.31.36.0-255,66,64429,9,273491
22558,0.000987,74.125.24.0-255,1484,65913,9,273491
22559,0.000994,74.125.24.0-255,2902,68815,9,273491
22560,0.000997,172.31.36.0-255,66,68881,9,273491
22561,0.001027,74.125.24.0-255,5738,74619,9,273491
22562,0.00103,172.31.36.0-255,66,74685,9,273491
22563,0.001069,74.125.24.0-255,6797,81482,9,273491
22564,0.001073,172.31.36.0-255,66,81548,9,273491
22565,0.001142,74.125.24.0-255,1484,83032,9,273491
22566,0.001147,74.125.24.0-255,2902,85934,9,273491
22567,0.00115,172.31.36.0-255,66,86000,9,273491
22568,0.001171,74.125.24.0-255,5738,91738,9,273491
22569,0.001174,172.31.36.0-255,66,91804,9,273491
22570,0.001214,74.125.24.0-255,7156,98960,9,273491
22571,0.001223,172.31.36.0-255,66,99026,9,273491
22572,0.001227,172.31.36.0-255,66,99092,9,273491
22573,0.0013,74.125.24.0-255,2902,101994,9,273491
22574,0.001303,172.31.36.0-255,66,102060,9,273491
22575,0.001347,172.31.36.0-255,66,102126,9,273491
22576,0.001872,74.125.24.0-255,1484,103610,9,273491
22577,0.001878,74.125.24.0-255,2902,106512,9,273491
22578,0.001881,172.31.36.0-255,66,106578,9,273491
22579,0.001902,74.125.24.0-255,5738,112316,9,273491
22580,0.001904,172.31.36.0-255,66,112382,9,273491
22581,0.001943,172.31.36.0-255,66,112448,9,273491
22582,0.001951,74.125.24.0-255,7156,119604,9,273491
22583,0.001953,172.31.36.0-255,66,119670,9,273491
22584,0.001982,74.125.24.0-255,3602,123272,9,273491
22585,0.001985,172.31.36.0-255,66,123338,9,273491
22586,0.0022,74.125.24.0-255,1484,124822,9,273491
22587,0.002204,74.125.24.0-255,1484,126306,9,273491
22588,0.002207,172.31.36.0-255,66,126372,9,273491
22589,0.002233,74.125.24.0-255,1484,127856,9,273491
22590,0.00224,74.125.24.0-255,5738,133594,9,273491
22591,0.002243,172.31.36.0-255,66,133660,9,273491
22592,0.002248,74.125.24.0-255,4320,137980,9,273491
22593,0.00225,172.31.36.0-255,66,138046,9,273491
22594,0.002282,74.125.24.0-255,1484,139530,9,273491
22595,0.002295,172.31.36.0-255,66,139596,9,273491
22596,0.002332,74.125.24.0-255,4320,143916,9,273491
22597,0.002335,172.31.36.0-255,66,143982,9,273491
22598,0.002341,74.125.24.0-255,5020,149002,9,273491
22599,0.002342,172.31.36.0-255,66,149068,9,273491
22600,0.004642,74.125.24.0-255,5738,154806,9,273491
22601,0.004648,172.31.36.0-255,66,154872,9,273491
22602,0.007088,74.125.24.0-255,2902,157774,9,273491
22603,0.007092,172.31.36.0-255,66,157840,9,273491
22604,0.007118,74.125.24.0-255,2902,160742,9,273491
22605,0.00712,172.31.36.0-255,66,160808,9,273491
22606,0.009371,74.125.24.0-255,2902,163710,9,273491
22607,0.009378,172.31.36.0-255,66,163776,9,273491
22608,0.009417,74.125.24.0-255,2902,166678,9,273491
22609,0.00942,172.31.36.0-255,66,166744,9,273491
22610,0.011662,74.125.24.0-255,2902,169646,9,273491
22611,0.011671,172.31.36.0-255,66,169712,9,273491
22612,0.011734,74.125.24.0-255,2902,172614,9,273491
22613,0.011737,172.31.36.0-255,66,172680,9,273491
22614,0.013971,74.125.24.0-255,2902,175582,9,273491
22615,0.013979,172.31.36.0-255,66,175648,9,273491
22616,0.01401,74.125.24.0-255,2902,178550,9,273491
22617,0.014013,172.31.36.0-255,66,178616,9,273491
22618,0.016258,74.125.24.0-255,2902,181518,9,273491
22619,0.016266,172.31.36.0-255,66,181584,9,273491
22620,0.016301,74.125.24.0-255,2902,184486,9,273491
22621,0.016303,172.31.36.0-255,66,184552,9,273491
22622,0.018586,74.125.24.0-255,5738,190290,9,273491
22623,0.018596,172.31.36.0-255,66,190356,9,273491
22624,0.020881,74.125.24.0-255,5738,196094,9,273491
22625,0.020887,172.31.36.0-255,66,196160,9,273491
22626,0.023187,74.125.24.0-255,5738,201898,9,273491
22627,0.023196,172.31.36.0-255,66,201964,9,273491
22628,0.025472,74.125.24.0-255,5738,207702,9,273491
22629,0.025478,172.31.36.0-255,66,207768,9,273491
22630,0.027791,74.125.24.0-255,5738,213506,9,273491
22631,0.027798,172.31.36.0-255,66,213572,9,273491
22632,0.029431,172.31.36.0-255,172,213744,9,273491
22633,0.029463,172.31.36.0-255,1116,214860,9,273491
22634,0.029523,172.31.36.0-255,1514,216374,9,273491
22635,0.029525,172.31.36.0-255,1514,217888,9,273491
22636,0.02953,172.31.36.0-255,1514,219402,9,273491
22637,0.029531,172.31.36.0-255,359,219761,9,273491
22638,0.030088,74.125.24.0-255,5738,225499,9,273491
22639,0.030094,172.31.36.0-255,66,225565,9,273491
22640,0.030945,104.244.42.0-255,66,225631,9,273491
22641,0.031,104.244.42.0-255,66,225697,9,273491
22642,0.031061,104.244.42.0-255,66,225763,9,273491
22643,0.031064,104.244.42.0-255,66,225829,9,273491
22644,0.031747,104.244.42.0-255,108,225937,9,273491
22645,0.031753,172.31.36.0-255,66,226003,9,273491
22646,0.032389,74.125.24.0-255,2902,228905,9,273491
22647,0.032395,172.31.36.0-255,66,228971,9,273491
22648,0.032427,74.125.24.0-255,2902,231873,9,273491
22649,0.03243,172.31.36.0-255,66,231939,9,273491
22650,0.034681,74.125.24.0-255,2902,234841,9,273491
22651,0.034688,172.31.36.0-255,66,234907,9,273491
22652,0.034714,74.125.24.0-255,2902,237809,9,273491
22653,0.034717,172.31.36.0-255,66,237875,9,273491
22654,0.036977,74.125.24.0-255,2902,240777,9,273491
22655,0.036984,172.31.36.0-255,66,240843,9,273491
22656,0.037014,74.125.24.0-255,2902,243745,9,273491
22657,0.037018,172.31.36.0-255,66,243811,9,273491
22658,0.039252,74.125.24.0-255,2902,246713,9,273491
22659,0.039262,172.31.36.0-255,66,246779,9,273491
22660,0.039285,74.125.24.0-255,2902,249681,9,273491
22661,0.039289,172.31.36.0-255,66,249747,9,273491
22662,0.04156,74.125.24.0-255,2902,252649,9,273491
22663,0.04157,172.31.36.0-255,66,252715,9,273491
22664,0.041602,74.125.24.0-255,2902,255617,9,273491
22665,0.041605,172.31.36.0-255,66,255683,9,273491
22666,0.043847,74.125.24.0-255,2902,258585,9,273491
22667,0.043854,172.31.36.0-255,66,258651,9,273491
22668,0.043874,74.125.24.0-255,2902,261553,9,273491
22669,0.043877,172.31.36.0-255,66,261619,9,273491
22670,0.046137,74.125.24.0-255,2902,264521,9,273491
22671,0.046143,172.31.36.0-255,66,264587,9,273491
22672,0.046171,74.125.24.0-255,2902,267489,9,273491
22673,0.046174,172.31.36.0-255,66,267555,9,273491
22674,0.048421,74.125.24.0-255,2902,270457,9,273491
22675,0.048426,172.31.36.0-255,66,270523,9,273491
22676,0.048503,74.125.24.0-255,2902,273425,9,273491
22677,0.048506,172.31.36.0-255,66,273491,9,273491
22678,0.0,172.217.194.0-255,298,298,9,243502
22679,3.4e-05,172.31.36.0-255,66,364,9,243502
22680,4e-05,172.217.194.0-255,1484,1848,9,243502
22681,4.5e-05,172.31.36.0-255,66,1914,9,243502
22682,5e-05,172.217.194.0-255,4320,6234,9,243502
22683,5.3e-05,172.31.36.0-255,66,6300,9,243502
22684,5.9e-05,172.217.194.0-255,5738,12038,9,243502
22685,6.2e-05,172.31.36.0-255,66,12104,9,243502
22686,6.9e-05,172.217.194.0-255,6112,18216,9,243502
22687,7.1e-05,172.31.36.0-255,66,18282,9,243502
22688,0.0001,172.31.36.0-255,66,18348,9,243502
22689,0.000123,172.217.194.0-255,2902,21250,9,243502
22690,0.000125,172.31.36.0-255,66,21316,9,243502
22691,0.000129,172.217.194.0-255,1484,22800,9,243502
22692,0.000131,172.31.36.0-255,66,22866,9,243502
22693,0.000149,172.217.194.0-255,2902,25768,9,243502
22694,0.000151,172.31.36.0-255,66,25834,9,243502
22695,0.000155,172.217.194.0-255,1484,27318,9,243502
22696,0.000158,172.31.36.0-255,66,27384,9,243502
22697,0.000185,172.217.194.0-255,7156,34540,9,243502
22698,0.000188,172.31.36.0-255,66,34606,9,243502
22699,0.000214,172.217.194.0-255,7156,41762,9,243502
22700,0.000217,172.31.36.0-255,66,41828,9,243502
22701,0.000243,172.31.36.0-255,66,41894,9,243502
22702,0.000246,172.217.194.0-255,434,42328,9,243502
22703,0.000248,172.31.36.0-255,66,42394,9,243502
22704,0.000313,172.217.194.0-255,1484,43878,9,243502
22705,0.000318,172.217.194.0-255,2902,46780,9,243502
22706,0.000319,172.31.36.0-255,66,46846,9,243502
22707,0.000324,172.31.36.0-255,66,46912,9,243502
22708,0.00033,172.217.194.0-255,1484,48396,9,243502
22709,0.00035,172.217.194.0-255,4320,52716,9,243502
22710,0.000353,172.31.36.0-255,66,52782,9,243502
22711,0.000384,172.217.194.0-255,4320,57102,9,243502
22712,0.000388,172.31.36.0-255,66,57168,9,243502
22713,0.000419,172.31.36.0-255,66,57234,9,243502
22714,0.000431,172.31.36.0-255,66,57300,9,243502
22715,0.00112,172.217.194.0-255,1484,58784,9,243502
22716,0.001126,172.217.194.0-255,2902,61686,9,243502
22717,0.001129,172.31.36.0-255,66,61752,9,243502
22718,0.001135,172.217.194.0-255,2902,64654,9,243502
22719,0.001137,172.31.36.0-255,66,64720,9,243502
22720,0.00115,172.217.194.0-255,2902,67622,9,243502
22721,0.001153,172.31.36.0-255,66,67688,9,243502
22722,0.001161,172.217.194.0-255,7156,74844,9,243502
22723,0.001164,172.31.36.0-255,66,74910,9,243502
22724,0.001189,172.217.194.0-255,4320,79230,9,243502
22725,0.001192,172.31.36.0-255,66,79296,9,243502
22726,0.001208,172.217.194.0-255,4320,83616,9,243502
22727,0.001211,172.31.36.0-255,66,83682,9,243502
22728,0.001239,172.31.36.0-255,66,83748,9,243502
22729,0.001432,172.217.194.0-255,1484,85232,9,243502
22730,0.00144,172.217.194.0-255,2902,88134,9,243502
22731,0.001443,172.31.36.0-255,66,88200,9,243502
22732,0.00145,172.217.194.0-255,5738,93938,9,243502
22733,0.001453,172.31.36.0-255,66,94004,9,243502
22734,0.001458,172.217.194.0-255,4320,98324,9,243502
22735,0.001461,172.31.36.0-255,66,98390,9,243502
22736,0.001478,172.217.194.0-255,1484,99874,9,243502
22737,0.001489,172.31.36.0-255,66,99940,9,243502
22738,0.001509,172.217.194.0-255,4320,104260,9,243502
22739,0.001512,172.31.36.0-255,66,104326,9,243502
22740,0.001517,172.217.194.0-255,2902,107228,9,243502
22741,0.001519,172.31.36.0-255,66,107294,9,243502
22742,0.001533,172.217.194.0-255,2184,109478,9,243502
22743,0.001536,172.31.36.0-255,66,109544,9,243502
22744,0.002077,172.217.194.0-255,1484,111028,9,243502
22745,0.002085,172.217.194.0-255,2902,113930,9,243502
22746,0.002088,172.31.36.0-255,66,113996,9,243502
22747,0.002095,172.217.194.0-255,5738,119734,9,243502
22748,0.002097,172.31.36.0-255,66,119800,9,243502
22749,0.002099,172.217.194.0-255,1484,121284,9,243502
22750,0.002125,172.31.36.0-255,66,121350,9,243502
22751,0.002136,172.31.36.0-255,66,121416,9,243502
22752,0.004416,172.217.194.0-255,5738,127154,9,243502
22753,0.004424,172.31.36.0-255,66,127220,9,243502
22754,0.00674,172.217.194.0-255,5738,132958,9,243502
22755,0.00675,172.31.36.0-255,66,133024,9,243502
22756,0.009027,172.217.194.0-255,5738,138762,9,243502
22757,0.009033,172.31.36.0-255,66,138828,9,243502
22758,0.011345,172.217.194.0-255,5738,144566,9,243502
22759,0.011376,172.31.36.0-255,66,144632,9,243502
22760,0.013678,172.217.194.0-255,5738,150370,9,243502
22761,0.013698,172.31.36.0-255,66,150436,9,243502
22762,0.016002,172.217.194.0-255,5738,156174,9,243502
22763,0.016018,172.31.36.0-255,66,156240,9,243502
22764,0.0183,172.217.194.0-255,5738,161978,9,243502
22765,0.018311,172.31.36.0-255,66,162044,9,243502
22766,0.020597,172.217.194.0-255,5738,167782,9,243502
22767,0.020611,172.31.36.0-255,66,167848,9,243502
22768,0.022959,172.217.194.0-255,5738,173586,9,243502
22769,0.022977,172.31.36.0-255,66,173652,9,243502
22770,0.025317,172.217.194.0-255,5738,179390,9,243502
22771,0.025333,172.31.36.0-255,66,179456,9,243502
22772,0.027635,172.217.194.0-255,5738,185194,9,243502
22773,0.027653,172.31.36.0-255,66,185260,9,243502
22774,0.02995,172.217.194.0-255,5738,190998,9,243502
22775,0.029971,172.31.36.0-255,66,191064,9,243502
22776,0.032252,172.217.194.0-255,5738,196802,9,243502
22777,0.032266,172.31.36.0-255,66,196868,9,243502
22778,0.034551,172.217.194.0-255,5738,202606,9,243502
22779,0.034565,172.31.36.0-255,66,202672,9,243502
22780,0.036857,172.217.194.0-255,5738,208410,9,243502
22781,0.036873,172.31.36.0-255,66,208476,9,243502
22782,0.039171,172.217.194.0-255,5738,214214,9,243502
22783,0.039184,172.31.36.0-255,66,214280,9,243502
22784,0.041486,172.217.194.0-255,5738,220018,9,243502
22785,0.041503,172.31.36.0-255,66,220084,9,243502
22786,0.043792,172.217.194.0-255,5738,225822,9,243502
22787,0.04381,172.31.36.0-255,66,225888,9,243502
22788,0.046105,172.217.194.0-255,5738,231626,9,243502
22789,0.046122,172.31.36.0-255,66,231692,9,243502
22790,0.048388,172.217.194.0-255,5738,237430,9,243502
22791,0.048402,172.31.36.0-255,66,237496,9,243502
22792,0.048483,172.31.36.0-255,176,237672,9,243502
22793,0.048513,172.31.36.0-255,1117,238789,9,243502
22794,0.048565,172.31.36.0-255,1514,240303,9,243502
22795,0.048567,172.31.36.0-255,1514,241817,9,243502
22796,0.048572,172.31.36.0-255,1514,243331,9,243502
22797,0.048573,172.31.36.0-255,105,243436,9,243502
22798,0.049997,104.244.42.0-255,66,243502,9,243502
22799,0.0,74.125.24.0-255,630,630,9,1576
22800,0.011133,172.31.36.0-255,236,866,9,1576
22801,0.01118,172.31.36.0-255,384,1250,9,1576
22802,0.011865,172.31.36.0-255,97,1347,9,1576
22803,0.013525,74.125.24.0-255,97,1444,9,1576
22804,0.018528,74.125.24.0-255,66,1510,9,1576
22805,0.049997,172.31.36.0-255,66,1576,9,1576
22806,0.0,172.217.194.0-255,146,146,9,212331
22807,2e-05,172.31.36.0-255,66,212,9,212331
22808,2.7e-05,172.217.194.0-255,1484,1696,9,212331
22809,3.2e-05,172.31.36.0-255,66,1762,9,212331
22810,4.5e-05,172.217.194.0-255,2902,4664,9,212331
22811,4.8e-05,172.31.36.0-255,66,4730,9,212331
22812,5.5e-05,172.217.194.0-255,7156,11886,9,212331
22813,5.8e-05,172.31.36.0-255,66,11952,9,212331
22814,6.2e-05,172.217.194.0-255,2052,14004,9,212331
22815,6.6e-05,172.31.36.0-255,66,14070,9,212331
22816,0.000119,172.217.194.0-255,1484,15554,9,212331
22817,0.000122,172.31.36.0-255,66,15620,9,212331
22818,0.000128,172.217.194.0-255,2902,18522,9,212331
22819,0.00013,172.31.36.0-255,66,18588,9,212331
22820,0.000135,172.217.194.0-255,2902,21490,9,212331
22821,0.000137,172.31.36.0-255,66,21556,9,212331
22822,0.000176,172.217.194.0-255,2902,24458,9,212331
22823,0.000179,172.31.36.0-255,66,24524,9,212331
22824,0.000195,172.31.36.0-255,66,24590,9,212331
22825,0.000209,172.31.36.0-255,66,24656,9,212331
22826,0.000232,172.217.194.0-255,1484,26140,9,212331
22827,0.000234,172.31.36.0-255,66,26206,9,212331
22828,0.000248,172.31.36.0-255,66,26272,9,212331
22829,0.000276,172.217.194.0-255,2463,28735,9,212331
22830,0.000278,172.31.36.0-255,66,28801,9,212331
22831,0.000281,172.217.194.0-255,119,28920,9,212331
22832,0.000284,172.31.36.0-255,66,28986,9,212331
22833,0.000287,172.217.194.0-255,377,29363,9,212331
22834,0.00029,172.31.36.0-255,66,29429,9,212331
22835,0.000475,172.217.194.0-255,1484,30913,9,212331
22836,0.000482,172.217.194.0-255,2902,33815,9,212331
22837,0.000486,172.31.36.0-255,66,33881,9,212331
22838,0.000494,172.217.194.0-255,5738,39619,9,212331
22839,0.000496,172.31.36.0-255,66,39685,9,212331
22840,0.000536,172.31.36.0-255,66,39751,9,212331
22841,0.000572,172.31.36.0-255,66,39817,9,212331
22842,0.000867,172.217.194.0-255,1484,41301,9,212331
22843,0.000882,172.217.194.0-255,2902,44203,9,212331
22844,0.000886,172.31.36.0-255,66,44269,9,212331
22845,0.000894,172.217.194.0-255,5738,50007,9,212331
22846,0.000896,172.31.36.0-255,66,50073,9,212331
22847,0.000903,172.217.194.0-255,5738,55811,9,212331
22848,0.000905,172.31.36.0-255,66,55877,9,212331
22849,0.000917,172.217.194.0-255,7156,63033,9,212331
22850,0.000919,172.31.36.0-255,66,63099,9,212331
22851,0.00097,172.31.36.0-255,66,63165,9,212331
22852,0.001659,172.217.194.0-255,1484,64649,9,212331
22853,0.001667,172.217.194.0-255,2902,67551,9,212331
22854,0.001671,172.31.36.0-255,66,67617,9,212331
22855,0.001678,172.217.194.0-255,5738,73355,9,212331
22856,0.001681,172.31.36.0-255,66,73421,9,212331
22857,0.001752,172.31.36.0-255,66,73487,9,212331
22858,0.001764,172.31.36.0-255,66,73553,9,212331
22859,0.001767,172.217.194.0-255,766,74319,9,212331
22860,0.001793,172.217.194.0-255,1484,75803,9,212331
22861,0.001795,172.31.36.0-255,66,75869,9,212331
22862,0.001801,172.217.194.0-255,4320,80189,9,212331
22863,0.001803,172.31.36.0-255,66,80255,9,212331
22864,0.001835,172.217.194.0-255,7156,87411,9,212331
22865,0.001838,172.31.36.0-255,66,87477,9,212331
22866,0.001848,172.31.36.0-255,66,87543,9,212331
22867,0.001887,172.31.36.0-255,66,87609,9,212331
22868,0.001927,172.217.194.0-255,1484,89093,9,212331
22869,0.001942,172.217.194.0-255,2902,91995,9,212331
22870,0.001944,172.31.36.0-255,66,92061,9,212331
22871,0.001952,172.217.194.0-255,5738,97799,9,212331
22872,0.001954,172.31.36.0-255,66,97865,9,212331
22873,0.001958,172.217.194.0-255,1484,99349,9,212331
22874,0.001993,172.217.194.0-255,7156,106505,9,212331
22875,0.001997,172.31.36.0-255,66,106571,9,212331
22876,0.002027,172.217.194.0-255,7156,113727,9,212331
22877,0.002031,172.31.36.0-255,66,113793,9,212331
22878,0.002063,172.31.36.0-255,66,113859,9,212331
22879,0.00211,172.217.194.0-255,1484,115343,9,212331
22880,0.002114,172.217.194.0-255,2902,118245,9,212331
22881,0.002118,172.217.194.0-255,2902,121147,9,212331
22882,0.002123,172.31.36.0-255,66,121213,9,212331
22883,0.00213,172.31.36.0-255,66,121279,9,212331
22884,0.002135,172.217.194.0-255,2902,124181,9,212331
22885,0.002137,172.31.36.0-255,66,124247,9,212331
22886,0.002163,172.217.194.0-255,1484,125731,9,212331
22887,0.002171,172.31.36.0-255,66,125797,9,212331
22888,0.002203,172.31.36.0-255,66,125863,9,212331
22889,0.002218,172.31.36.0-255,66,125929,9,212331
22890,0.002223,172.217.194.0-255,4320,130249,9,212331
22891,0.002226,172.31.36.0-255,66,130315,9,212331
22892,0.002268,172.31.36.0-255,66,130381,9,212331
22893,0.002285,172.31.36.0-255,66,130447,9,212331
22894,0.0023,172.31.36.0-255,66,130513,9,212331
22895,0.004591,172.217.194.0-255,5738,136251,9,212331
22896,0.004598,172.31.36.0-255,66,136317,9,212331
22897,0.00687,172.217.194.0-255,5738,142055,9,212331
22898,0.006878,172.31.36.0-255,66,142121,9,212331
22899,0.009162,172.217.194.0-255,5738,147859,9,212331
22900,0.009168,172.31.36.0-255,66,147925,9,212331
22901,0.011454,172.217.194.0-255,5738,153663,9,212331
22902,0.011461,172.31.36.0-255,66,153729,9,212331
22903,0.013746,172.217.194.0-255,5738,159467,9,212331
22904,0.013755,172.31.36.0-255,66,159533,9,212331
22905,0.016007,172.217.194.0-255,5738,165271,9,212331
22906,0.016016,172.31.36.0-255,66,165337,9,212331
22907,0.018301,172.217.194.0-255,5738,171075,9,212331
22908,0.018309,172.31.36.0-255,66,171141,9,212331
22909,0.020609,172.217.194.0-255,5738,176879,9,212331
22910,0.02062,172.31.36.0-255,66,176945,9,212331
22911,0.0229,172.217.194.0-255,5738,182683,9,212331
22912,0.022908,172.31.36.0-255,66,182749,9,212331
22913,0.025174,172.217.194.0-255,5738,188487,9,212331
22914,0.025182,172.31.36.0-255,66,188553,9,212331
22915,0.027451,172.217.194.0-255,5738,194291,9,212331
22916,0.027459,172.31.36.0-255,66,194357,9,212331
22917,0.02973,172.217.194.0-255,2902,197259,9,212331
22918,0.029739,172.31.36.0-255,66,197325,9,212331
22919,0.029748,172.217.194.0-255,2902,200227,9,212331
22920,0.029752,172.31.36.0-255,66,200293,9,212331
22921,0.032022,172.217.194.0-255,5738,206031,9,212331
22922,0.03203,172.31.36.0-255,66,206097,9,212331
22923,0.03429,172.217.194.0-255,5738,211835,9,212331
22924,0.034298,172.31.36.0-255,66,211901,9,212331
22925,0.036544,172.217.194.0-255,193,212094,9,212331
22926,0.036725,172.31.36.0-255,66,212160,9,212331
22927,0.036765,172.31.36.0-255,105,212265,9,212331
22928,0.039011,172.217.194.0-255,66,212331,9,212331
22929,0.0,74.125.24.0-255,150,150,9,216439
22930,1.6e-05,172.31.36.0-255,66,216,9,216439
22931,2.4e-05,74.125.24.0-255,1484,1700,9,216439
22932,2.8e-05,172.31.36.0-255,66,1766,9,216439
22933,4.6e-05,74.125.24.0-255,1484,3250,9,216439
22934,4.8e-05,172.31.36.0-255,66,3316,9,216439
22935,5.2e-05,74.125.24.0-255,1484,4800,9,216439
22936,5.5e-05,172.31.36.0-255,66,4866,9,216439
22937,7.1e-05,74.125.24.0-255,1484,6350,9,216439
22938,7.3e-05,172.31.36.0-255,66,6416,9,216439
22939,8.3e-05,74.125.24.0-255,5738,12154,9,216439
22940,8.7e-05,172.31.36.0-255,66,12220,9,216439
22941,9.3e-05,74.125.24.0-255,3446,15666,9,216439
22942,9.5e-05,172.31.36.0-255,66,15732,9,216439
22943,0.000128,172.31.36.0-255,66,15798,9,216439
22944,0.00015,74.125.24.0-255,3961,19759,9,216439
22945,0.000153,172.31.36.0-255,66,19825,9,216439
22946,0.000196,74.125.24.0-255,1484,21309,9,216439
22947,0.000199,172.31.36.0-255,66,21375,9,216439
22948,0.000203,74.125.24.0-255,2902,24277,9,216439
22949,0.000205,172.31.36.0-255,66,24343,9,216439
22950,0.000208,74.125.24.0-255,1484,25827,9,216439
22951,0.00021,172.31.36.0-255,66,25893,9,216439
22952,0.000237,74.125.24.0-255,4320,30213,9,216439
22953,0.000239,172.31.36.0-255,66,30279,9,216439
22954,0.000276,172.31.36.0-255,66,30345,9,216439
22955,0.000297,74.125.24.0-255,5379,35724,9,216439
22956,0.000299,172.31.36.0-255,66,35790,9,216439
22957,0.00031,172.31.36.0-255,66,35856,9,216439
22958,0.000312,74.125.24.0-255,114,35970,9,216439
22959,0.000729,74.125.24.0-255,331,36301,9,216439
22960,0.000927,172.31.36.0-255,66,36367,9,216439
22961,0.001097,74.125.24.0-255,1484,37851,9,216439
22962,0.001107,74.125.24.0-255,2902,40753,9,216439
22963,0.001111,172.31.36.0-255,66,40819,9,216439
22964,0.001119,74.125.24.0-255,5738,46557,9,216439
22965,0.001122,172.31.36.0-255,66,46623,9,216439
22966,0.001168,172.31.36.0-255,66,46689,9,216439
22967,0.001181,172.31.36.0-255,66,46755,9,216439
22968,0.001963,74.125.24.0-255,1484,48239,9,216439
22969,0.001973,74.125.24.0-255,2902,51141,9,216439
22970,0.001978,172.31.36.0-255,66,51207,9,216439
22971,0.001986,74.125.24.0-255,5738,56945,9,216439
22972,0.001988,172.31.36.0-255,66,57011,9,216439
22973,0.002019,172.31.36.0-255,66,57077,9,216439
22974,0.002025,74.125.24.0-255,4320,61397,9,216439
22975,0.002027,172.31.36.0-255,66,61463,9,216439
22976,0.002057,74.125.24.0-255,6438,67901,9,216439
22977,0.002059,172.31.36.0-255,66,67967,9,216439
22978,0.002228,74.125.24.0-255,1484,69451,9,216439
22979,0.002232,74.125.24.0-255,2902,72353,9,216439
22980,0.002235,172.31.36.0-255,66,72419,9,216439
22981,0.002238,74.125.24.0-255,1484,73903,9,216439
22982,0.002252,74.125.24.0-255,4320,78223,9,216439
22983,0.002255,172.31.36.0-255,66,78289,9,216439
22984,0.00226,74.125.24.0-255,4320,82609,9,216439
22985,0.002263,172.31.36.0-255,66,82675,9,216439
22986,0.00229,74.125.24.0-255,2902,85577,9,216439
22987,0.002292,172.31.36.0-255,66,85643,9,216439
22988,0.002307,172.31.36.0-255,66,85709,9,216439
22989,0.002311,74.125.24.0-255,2184,87893,9,216439
22990,0.002313,172.31.36.0-255,66,87959,9,216439
22991,0.002336,74.125.24.0-255,2902,90861,9,216439
22992,0.002339,172.31.36.0-255,66,90927,9,216439
22993,0.002359,74.125.24.0-255,4320,95247,9,216439
22994,0.002362,172.31.36.0-255,66,95313,9,216439
22995,0.002379,74.125.24.0-255,2902,98215,9,216439
22996,0.002382,172.31.36.0-255,66,98281,9,216439
22997,0.002385,74.125.24.0-255,1484,99765,9,216439
22998,0.002409,172.31.36.0-255,66,99831,9,216439
22999,0.002435,74.125.24.0-255,4320,104151,9,216439
23000,0.002437,172.31.36.0-255,66,104217,9,216439
23001,0.002444,74.125.24.0-255,7156,111373,9,216439
23002,0.002447,172.31.36.0-255,66,111439,9,216439
23003,0.002469,74.125.24.0-255,2902,114341,9,216439
23004,0.002472,172.31.36.0-255,66,114407,9,216439
23005,0.002494,172.31.36.0-255,66,114473,9,216439
23006,0.002535,172.31.36.0-255,66,114539,9,216439
23007,0.002547,172.31.36.0-255,66,114605,9,216439
23008,0.002583,74.125.24.0-255,2902,117507,9,216439
23009,0.002585,172.31.36.0-255,66,117573,9,216439
23010,0.002619,172.31.36.0-255,66,117639,9,216439
23011,0.002635,172.31.36.0-255,66,117705,9,216439
23012,0.002649,172.31.36.0-255,66,117771,9,216439
23013,0.005579,74.125.24.0-255,5738,123509,9,216439
23014,0.005582,172.31.36.0-255,66,123575,9,216439
23015,0.008202,74.125.24.0-255,5738,129313,9,216439
23016,0.008208,172.31.36.0-255,66,129379,9,216439
23017,0.010808,74.125.24.0-255,5738,135117,9,216439
23018,0.010816,172.31.36.0-255,66,135183,9,216439
23019,0.013409,74.125.24.0-255,5738,140921,9,216439
23020,0.013417,172.31.36.0-255,66,140987,9,216439
23021,0.016015,74.125.24.0-255,5738,146725,9,216439
23022,0.016025,172.31.36.0-255,66,146791,9,216439
23023,0.018664,74.125.24.0-255,5738,152529,9,216439
23024,0.018673,172.31.36.0-255,66,152595,9,216439
23025,0.021292,74.125.24.0-255,5738,158333,9,216439
23026,0.021301,172.31.36.0-255,66,158399,9,216439
23027,0.023893,74.125.24.0-255,5738,164137,9,216439
23028,0.0239,172.31.36.0-255,66,164203,9,216439
23029,0.026523,74.125.24.0-255,5738,169941,9,216439
23030,0.026531,172.31.36.0-255,66,170007,9,216439
23031,0.029139,74.125.24.0-255,5738,175745,9,216439
23032,0.029147,172.31.36.0-255,66,175811,9,216439
23033,0.031793,74.125.24.0-255,5738,181549,9,216439
23034,0.031801,172.31.36.0-255,66,181615,9,216439
23035,0.034424,74.125.24.0-255,5738,187353,9,216439
23036,0.034433,172.31.36.0-255,66,187419,9,216439
23037,0.037018,74.125.24.0-255,5738,193157,9,216439
23038,0.037026,172.31.36.0-255,66,193223,9,216439
23039,0.039655,74.125.24.0-255,5738,198961,9,216439
23040,0.03967,172.31.36.0-255,66,199027,9,216439
23041,0.042314,74.125.24.0-255,5738,204765,9,216439
23042,0.042321,172.31.36.0-255,66,204831,9,216439
23043,0.044907,74.125.24.0-255,5738,210569,9,216439
23044,0.044916,172.31.36.0-255,66,210635,9,216439
23045,0.047519,74.125.24.0-255,5738,216373,9,216439
23046,0.047527,172.31.36.0-255,66,216439,9,216439
23047,0.0,74.125.24.0-255,153,153,9,312120
23048,1.7e-05,172.31.36.0-255,66,219,9,312120
23049,2.4e-05,74.125.24.0-255,1484,1703,9,312120
23050,2.9e-05,172.31.36.0-255,66,1769,9,312120
23051,3.4e-05,74.125.24.0-255,2902,4671,9,312120
23052,3.6e-05,172.31.36.0-255,66,4737,9,312120
23053,4.2e-05,74.125.24.0-255,4320,9057,9,312120
23054,4.4e-05,172.31.36.0-255,66,9123,9,312120
23055,7.8e-05,74.125.24.0-255,2902,12025,9,312120
23056,8.1e-05,172.31.36.0-255,66,12091,9,312120
23057,8.6e-05,74.125.24.0-255,1966,14057,9,312120
23058,8.8e-05,172.31.36.0-255,66,14123,9,312120
23059,9.2e-05,74.125.24.0-255,2902,17025,9,312120
23060,9.4e-05,172.31.36.0-255,66,17091,9,312120
23061,0.000101,74.125.24.0-255,7156,24247,9,312120
23062,0.000104,172.31.36.0-255,66,24313,9,312120
23063,0.00011,74.125.24.0-255,5738,30051,9,312120
23064,0.000113,172.31.36.0-255,66,30117,9,312120
23065,0.000146,74.125.24.0-255,1125,31242,9,312120
23066,0.000149,172.31.36.0-255,66,31308,9,312120
23067,0.000221,74.125.24.0-255,1484,32792,9,312120
23068,0.000225,172.31.36.0-255,66,32858,9,312120
23069,0.00023,74.125.24.0-255,2902,35760,9,312120
23070,0.000233,172.31.36.0-255,66,35826,9,312120
23071,0.000239,74.125.24.0-255,5738,41564,9,312120
23072,0.000242,172.31.36.0-255,66,41630,9,312120
23073,0.000274,74.125.24.0-255,6797,48427,9,312120
23074,0.000279,172.31.36.0-255,66,48493,9,312120
23075,0.000299,74.125.24.0-255,1484,49977,9,312120
23076,0.000302,172.31.36.0-255,66,50043,9,312120
23077,0.000325,74.125.24.0-255,2902,52945,9,312120
23078,0.000328,172.31.36.0-255,66,53011,9,312120
23079,0.000335,74.125.24.0-255,5738,58749,9,312120
23080,0.000338,172.31.36.0-255,66,58815,9,312120
23081,0.000359,74.125.24.0-255,4320,63135,9,312120
23082,0.000362,172.31.36.0-255,66,63201,9,312120
23083,0.000385,74.125.24.0-255,2923,66124,9,312120
23084,0.000388,172.31.36.0-255,66,66190,9,312120
23085,0.000391,74.125.24.0-255,330,66520,9,312120
23086,0.000944,74.125.24.0-255,1484,68004,9,312120
23087,0.000948,74.125.24.0-255,1484,69488,9,312120
23088,0.000954,172.31.36.0-255,66,69554,9,312120
23089,0.000966,74.125.24.0-255,1484,71038,9,312120
23090,0.000968,172.31.36.0-255,66,71104,9,312120
23091,0.000974,74.125.24.0-255,2902,74006,9,312120
23092,0.000976,172.31.36.0-255,66,74072,9,312120
23093,0.001004,74.125.24.0-255,7156,81228,9,312120
23094,0.001007,172.31.36.0-255,66,81294,9,312120
23095,0.001019,172.31.36.0-255,66,81360,9,312120
23096,0.001036,74.125.24.0-255,1484,82844,9,312120
23097,0.00108,172.31.36.0-255,66,82910,9,312120
23098,0.001279,74.125.24.0-255,1484,84394,9,312120
23099,0.001286,74.125.24.0-255,2902,87296,9,312120
23100,0.00129,172.31.36.0-255,66,87362,9,312120
23101,0.001296,74.125.24.0-255,5738,93100,9,312120
23102,0.001298,172.31.36.0-255,66,93166,9,312120
23103,0.001302,74.125.24.0-255,2902,96068,9,312120
23104,0.001304,172.31.36.0-255,66,96134,9,312120
23105,0.001348,172.31.36.0-255,66,96200,9,312120
23106,0.001355,74.125.24.0-255,7156,103356,9,312120
23107,0.001358,172.31.36.0-255,66,103422,9,312120
23108,0.001385,74.125.24.0-255,3051,106473,9,312120
23109,0.001388,172.31.36.0-255,66,106539,9,312120
23110,0.001391,74.125.24.0-255,1484,108023,9,312120
23111,0.001408,74.125.24.0-255,2902,110925,9,312120
23112,0.001411,172.31.36.0-255,66,110991,9,312120
23113,0.001415,74.125.24.0-255,1484,112475,9,312120
23114,0.001454,172.31.36.0-255,66,112541,9,312120
23115,0.001463,172.31.36.0-255,66,112607,9,312120
23116,0.001466,74.125.24.0-255,1484,114091,9,312120
23117,0.001484,74.125.24.0-255,7156,121247,9,312120
23118,0.001487,172.31.36.0-255,66,121313,9,312120
23119,0.001507,74.125.24.0-255,2184,123497,9,312120
23120,0.001511,172.31.36.0-255,66,123563,9,312120
23121,0.001565,74.125.24.0-255,1484,125047,9,312120
23122,0.001571,74.125.24.0-255,2902,127949,9,312120
23123,0.001575,172.31.36.0-255,66,128015,9,312120
23124,0.001581,74.125.24.0-255,4320,132335,9,312120
23125,0.001583,172.31.36.0-255,66,132401,9,312120
23126,0.001604,74.125.24.0-255,1484,133885,9,312120
23127,0.001617,172.31.36.0-255,66,133951,9,312120
23128,0.001621,74.125.24.0-255,2902,136853,9,312120
23129,0.001623,172.31.36.0-255,66,136919,9,312120
23130,0.001644,74.125.24.0-255,7156,144075,9,312120
23131,0.001647,172.31.36.0-255,66,144141,9,312120
23132,0.00165,74.125.24.0-255,766,144907,9,312120
23133,0.001741,74.125.24.0-255,1484,146391,9,312120
23134,0.001744,172.31.36.0-255,66,146457,9,312120
23135,0.001748,74.125.24.0-255,2902,149359,9,312120
23136,0.00175,172.31.36.0-255,66,149425,9,312120
23137,0.001753,74.125.24.0-255,1484,150909,9,312120
23138,0.00178,74.125.24.0-255,4320,155229,9,312120
23139,0.001782,172.31.36.0-255,66,155295,9,312120
23140,0.001789,74.125.24.0-255,7156,162451,9,312120
23141,0.001791,172.31.36.0-255,66,162517,9,312120
23142,0.001832,172.31.36.0-255,66,162583,9,312120
23143,0.001851,74.125.24.0-255,5738,168321,9,312120
23144,0.001854,172.31.36.0-255,66,168387,9,312120
23145,0.001858,74.125.24.0-255,2184,170571,9,312120
23146,0.00186,172.31.36.0-255,66,170637,9,312120
23147,0.001864,74.125.24.0-255,2902,173539,9,312120
23148,0.001865,172.31.36.0-255,66,173605,9,312120
23149,0.001872,74.125.24.0-255,7156,180761,9,312120
23150,0.001874,172.31.36.0-255,66,180827,9,312120
23151,0.001879,74.125.24.0-255,4320,185147,9,312120
23152,0.001881,172.31.36.0-255,66,185213,9,312120
23153,0.001907,74.125.24.0-255,4320,189533,9,312120
23154,0.00191,172.31.36.0-255,66,189599,9,312120
23155,0.001932,74.125.24.0-255,2902,192501,9,312120
23156,0.001934,172.31.36.0-255,66,192567,9,312120
23157,0.00196,172.31.36.0-255,66,192633,9,312120
23158,0.001978,74.125.24.0-255,1484,194117,9,312120
23159,0.001983,74.125.24.0-255,2902,197019,9,312120
23160,0.001985,172.31.36.0-255,66,197085,9,312120
23161,0.002004,74.125.24.0-255,2902,199987,9,312120
23162,0.002006,172.31.36.0-255,66,200053,9,312120
23163,0.002019,74.125.24.0-255,2902,202955,9,312120
23164,0.002022,172.31.36.0-255,66,203021,9,312120
23165,0.002027,74.125.24.0-255,5738,208759,9,312120
23166,0.002029,172.31.36.0-255,66,208825,9,312120
23167,0.002051,74.125.24.0-255,5738,214563,9,312120
23168,0.002054,172.31.36.0-255,66,214629,9,312120
23169,0.002072,74.125.24.0-255,2902,217531,9,312120
23170,0.002074,172.31.36.0-255,66,217597,9,312120
23171,0.00208,74.125.24.0-255,5738,223335,9,312120
23172,0.002082,172.31.36.0-255,66,223401,9,312120
23173,0.002096,74.125.24.0-255,3602,227003,9,312120
23174,0.002098,172.31.36.0-255,66,227069,9,312120
23175,0.002192,74.125.24.0-255,1484,228553,9,312120
23176,0.002197,74.125.24.0-255,2902,231455,9,312120
23177,0.002199,172.31.36.0-255,66,231521,9,312120
23178,0.002223,74.125.24.0-255,5738,237259,9,312120
23179,0.002225,172.31.36.0-255,66,237325,9,312120
23180,0.002229,74.125.24.0-255,2902,240227,9,312120
23181,0.002231,172.31.36.0-255,66,240293,9,312120
23182,0.002235,74.125.24.0-255,1484,241777,9,312120
23183,0.00227,74.125.24.0-255,5738,247515,9,312120
23184,0.002272,172.31.36.0-255,66,247581,9,312120
23185,0.002297,74.125.24.0-255,7156,254737,9,312120
23186,0.0023,172.31.36.0-255,66,254803,9,312120
23187,0.002305,74.125.24.0-255,4320,259123,9,312120
23188,0.002307,172.31.36.0-255,66,259189,9,312120
23189,0.00231,74.125.24.0-255,1484,260673,9,312120
23190,0.002313,74.125.24.0-255,766,261439,9,312120
23191,0.002315,172.31.36.0-255,66,261505,9,312120
23192,0.002344,74.125.24.0-255,1484,262989,9,312120
23193,0.002362,74.125.24.0-255,4320,267309,9,312120
23194,0.002365,172.31.36.0-255,66,267375,9,312120
23195,0.002368,74.125.24.0-255,1484,268859,9,312120
23196,0.002392,172.31.36.0-255,66,268925,9,312120
23197,0.002397,74.125.24.0-255,5738,274663,9,312120
23198,0.002399,172.31.36.0-255,66,274729,9,312120
23199,0.002437,74.125.24.0-255,2902,277631,9,312120
23200,0.00244,172.31.36.0-255,66,277697,9,312120
23201,0.002466,172.31.36.0-255,66,277763,9,312120
23202,0.002483,74.125.24.0-255,4320,282083,9,312120
23203,0.002486,172.31.36.0-255,66,282149,9,312120
23204,0.002511,172.31.36.0-255,66,282215,9,312120
23205,0.002523,172.31.36.0-255,66,282281,9,312120
23206,0.002538,74.125.24.0-255,2902,285183,9,312120
23207,0.00254,172.31.36.0-255,66,285249,9,312120
23208,0.002547,74.125.24.0-255,6438,291687,9,312120
23209,0.002549,172.31.36.0-255,66,291753,9,312120
23210,0.002583,74.125.24.0-255,7156,298909,9,312120
23211,0.002586,172.31.36.0-255,66,298975,9,312120
23212,0.002593,74.125.24.0-255,7156,306131,9,312120
23213,0.002596,172.31.36.0-255,66,306197,9,312120
23214,0.002663,74.125.24.0-255,3448,309645,9,312120
23215,0.002666,172.31.36.0-255,66,309711,9,312120
23216,0.002669,74.125.24.0-255,105,309816,9,312120
23217,0.004715,172.31.36.0-255,66,309882,9,312120
23218,0.004747,172.31.36.0-255,105,309987,9,312120
23219,0.006665,74.125.24.0-255,66,310053,9,312120
23220,0.03159,172.31.36.0-255,192,310245,9,312120
23221,0.031636,172.31.36.0-255,960,311205,9,312120
23222,0.031713,172.31.36.0-255,717,311922,9,312120
23223,0.033133,104.244.42.0-255,66,311988,9,312120
23224,0.033175,104.244.42.0-255,66,312054,9,312120
23225,0.033264,104.244.42.0-255,66,312120,9,312120
23226,0.0,74.125.24.0-255,153,153,9,215997
23227,2.9e-05,172.31.36.0-255,66,219,9,215997
23228,3.6e-05,74.125.24.0-255,1484,1703,9,215997
23229,4.1e-05,172.31.36.0-255,66,1769,9,215997
23230,4.8e-05,74.125.24.0-255,2902,4671,9,215997
23231,5.2e-05,172.31.36.0-255,66,4737,9,215997
23232,6.2e-05,74.125.24.0-255,7156,11893,9,215997
23233,6.6e-05,172.31.36.0-255,66,11959,9,215997
23234,7.1e-05,74.125.24.0-255,1975,13934,9,215997
23235,7.4e-05,172.31.36.0-255,66,14000,9,215997
23236,0.000218,74.125.24.0-255,1484,15484,9,215997
23237,0.000222,172.31.36.0-255,66,15550,9,215997
23238,0.000228,74.125.24.0-255,2902,18452,9,215997
23239,0.00023,172.31.36.0-255,66,18518,9,215997
23240,0.000234,74.125.24.0-255,1484,20002,9,215997
23241,0.000236,172.31.36.0-255,66,20068,9,215997
23242,0.00026,74.125.24.0-255,4320,24388,9,215997
23243,0.000263,172.31.36.0-255,66,24454,9,215997
23244,0.000266,74.125.24.0-255,1484,25938,9,215997
23245,0.000267,172.31.36.0-255,66,26004,9,215997
23246,0.000322,74.125.24.0-255,5379,31383,9,215997
23247,0.000326,172.31.36.0-255,66,31449,9,215997
23248,0.000768,74.125.24.0-255,1484,32933,9,215997
23249,0.000774,172.31.36.0-255,66,32999,9,215997
23250,0.000792,74.125.24.0-255,2902,35901,9,215997
23251,0.000795,172.31.36.0-255,66,35967,9,215997
23252,0.000798,74.125.24.0-255,1484,37451,9,215997
23253,0.0008,172.31.36.0-255,66,37517,9,215997
23254,0.00082,74.125.24.0-255,5738,43255,9,215997
23255,0.000822,172.31.36.0-255,66,43321,9,215997
23256,0.000836,74.125.24.0-255,1484,44805,9,215997
23257,0.000838,172.31.36.0-255,66,44871,9,215997
23258,0.000865,172.31.36.0-255,66,44937,9,215997
23259,0.00087,74.125.24.0-255,4320,49257,9,215997
23260,0.000872,172.31.36.0-255,66,49323,9,215997
23261,0.000895,74.125.24.0-255,1484,50807,9,215997
23262,0.000901,74.125.24.0-255,2543,53350,9,215997
23263,0.000904,172.31.36.0-255,66,53416,9,215997
23264,0.001499,74.125.24.0-255,647,54063,9,215997
23265,0.001709,74.125.24.0-255,1484,55547,9,215997
23266,0.001716,172.31.36.0-255,66,55613,9,215997
23267,0.001723,74.125.24.0-255,2902,58515,9,215997
23268,0.001726,172.31.36.0-255,66,58581,9,215997
23269,0.001754,74.125.24.0-255,5738,64319,9,215997
23270,0.001756,172.31.36.0-255,66,64385,9,215997
23271,0.00176,74.125.24.0-255,1484,65869,9,215997
23272,0.001772,74.125.24.0-255,2902,68771,9,215997
23273,0.001775,172.31.36.0-255,66,68837,9,215997
23274,0.001794,74.125.24.0-255,2902,71739,9,215997
23275,0.001797,172.31.36.0-255,66,71805,9,215997
23276,0.001812,172.31.36.0-255,66,71871,9,215997
23277,0.001816,74.125.24.0-255,2184,74055,9,215997
23278,0.001818,172.31.36.0-255,66,74121,9,215997
23279,0.002162,74.125.24.0-255,1484,75605,9,215997
23280,0.002171,74.125.24.0-255,2902,78507,9,215997
23281,0.002176,172.31.36.0-255,66,78573,9,215997
23282,0.002183,74.125.24.0-255,5738,84311,9,215997
23283,0.002186,172.31.36.0-255,66,84377,9,215997
23284,0.00219,74.125.24.0-255,2902,87279,9,215997
23285,0.002193,172.31.36.0-255,66,87345,9,215997
23286,0.002217,74.125.24.0-255,4320,91665,9,215997
23287,0.002219,172.31.36.0-255,66,91731,9,215997
23288,0.00223,172.31.36.0-255,66,91797,9,215997
23289,0.00225,74.125.24.0-255,5738,97535,9,215997
23290,0.002253,172.31.36.0-255,66,97601,9,215997
23291,0.002257,74.125.24.0-255,2184,99785,9,215997
23292,0.002259,172.31.36.0-255,66,99851,9,215997
23293,0.004634,74.125.24.0-255,5738,105589,9,215997
23294,0.004642,172.31.36.0-255,66,105655,9,215997
23295,0.006997,74.125.24.0-255,5738,111393,9,215997
23296,0.007004,172.31.36.0-255,66,111459,9,215997
23297,0.00936,74.125.24.0-255,5738,117197,9,215997
23298,0.00937,172.31.36.0-255,66,117263,9,215997
23299,0.011741,74.125.24.0-255,5738,123001,9,215997
23300,0.011759,172.31.36.0-255,66,123067,9,215997
23301,0.014136,74.125.24.0-255,5738,128805,9,215997
23302,0.014155,172.31.36.0-255,66,128871,9,215997
23303,0.016521,74.125.24.0-255,5738,134609,9,215997
23304,0.016538,172.31.36.0-255,66,134675,9,215997
23305,0.018916,74.125.24.0-255,5738,140413,9,215997
23306,0.018929,172.31.36.0-255,66,140479,9,215997
23307,0.021287,74.125.24.0-255,5738,146217,9,215997
23308,0.021302,172.31.36.0-255,66,146283,9,215997
23309,0.023674,74.125.24.0-255,5738,152021,9,215997
23310,0.023692,172.31.36.0-255,66,152087,9,215997
23311,0.026087,74.125.24.0-255,5738,157825,9,215997
23312,0.026101,172.31.36.0-255,66,157891,9,215997
23313,0.02852,74.125.24.0-255,5738,163629,9,215997
23314,0.028535,172.31.36.0-255,66,163695,9,215997
23315,0.030895,74.125.24.0-255,5738,169433,9,215997
23316,0.030908,172.31.36.0-255,66,169499,9,215997
23317,0.033283,74.125.24.0-255,5738,175237,9,215997
23318,0.033298,172.31.36.0-255,66,175303,9,215997
23319,0.035668,74.125.24.0-255,5738,181041,9,215997
23320,0.035681,172.31.36.0-255,66,181107,9,215997
23321,0.038057,74.125.24.0-255,5738,186845,9,215997
23322,0.038076,172.31.36.0-255,66,186911,9,215997
23323,0.040465,74.125.24.0-255,5738,192649,9,215997
23324,0.040483,172.31.36.0-255,66,192715,9,215997
23325,0.042824,74.125.24.0-255,5738,198453,9,215997
23326,0.042838,172.31.36.0-255,66,198519,9,215997
23327,0.045208,74.125.24.0-255,5738,204257,9,215997
23328,0.045216,172.31.36.0-255,66,204323,9,215997
23329,0.047577,74.125.24.0-255,5738,210061,9,215997
23330,0.047585,172.31.36.0-255,66,210127,9,215997
23331,0.049937,74.125.24.0-255,4320,214447,9,215997
23332,0.049944,172.31.36.0-255,66,214513,9,215997
23333,0.049961,74.125.24.0-255,1484,215997,9,215997
23334,0.0,172.217.194.0-255,153,153,9,299762
23335,2.6e-05,172.31.36.0-255,66,219,9,299762
23336,3.3e-05,172.217.194.0-255,1484,1703,9,299762
23337,3.7e-05,172.31.36.0-255,66,1769,9,299762
23338,4.1e-05,172.217.194.0-255,2902,4671,9,299762
23339,5.1e-05,172.31.36.0-255,66,4737,9,299762
23340,5.8e-05,172.217.194.0-255,7156,11893,9,299762
23341,6e-05,172.31.36.0-255,66,11959,9,299762
23342,0.000108,172.217.194.0-255,2077,14036,9,299762
23343,0.000111,172.31.36.0-255,66,14102,9,299762
23344,0.000115,172.217.194.0-255,1484,15586,9,299762
23345,0.000116,172.31.36.0-255,66,15652,9,299762
23346,0.000145,172.217.194.0-255,1484,17136,9,299762
23347,0.000149,172.31.36.0-255,66,17202,9,299762
23348,0.000156,172.217.194.0-255,7156,24358,9,299762
23349,0.000159,172.31.36.0-255,66,24424,9,299762
23350,0.000166,172.217.194.0-255,6797,31221,9,299762
23351,0.000168,172.31.36.0-255,66,31287,9,299762
23352,0.000285,172.217.194.0-255,1484,32771,9,299762
23353,0.000291,172.31.36.0-255,66,32837,9,299762
23354,0.000297,172.217.194.0-255,1484,34321,9,299762
23355,0.000299,172.31.36.0-255,66,34387,9,299762
23356,0.000317,172.217.194.0-255,1484,35871,9,299762
23357,0.000319,172.31.36.0-255,66,35937,9,299762
23358,0.000323,172.217.194.0-255,1484,37421,9,299762
23359,0.000326,172.31.36.0-255,66,37487,9,299762
23360,0.000334,172.217.194.0-255,5738,43225,9,299762
23361,0.000336,172.31.36.0-255,66,43291,9,299762
23362,0.000369,172.217.194.0-255,5738,49029,9,299762
23363,0.000372,172.31.36.0-255,66,49095,9,299762
23364,0.000402,172.217.194.0-255,5379,54474,9,299762
23365,0.000406,172.31.36.0-255,66,54540,9,299762
23366,0.000419,172.217.194.0-255,5738,60278,9,299762
23367,0.000422,172.31.36.0-255,66,60344,9,299762
23368,0.000457,172.217.194.0-255,5379,65723,9,299762
23369,0.000461,172.31.36.0-255,66,65789,9,299762
23370,0.000495,172.217.194.0-255,646,66435,9,299762
23371,0.00075,172.31.36.0-255,66,66501,9,299762
23372,0.000763,172.217.194.0-255,1484,67985,9,299762
23373,0.000773,172.217.194.0-255,2902,70887,9,299762
23374,0.000776,172.31.36.0-255,66,70953,9,299762
23375,0.000808,172.217.194.0-255,5738,76691,9,299762
23376,0.000811,172.31.36.0-255,66,76757,9,299762
23377,0.000816,172.217.194.0-255,4320,81077,9,299762
23378,0.000818,172.31.36.0-255,66,81143,9,299762
23379,0.000851,172.31.36.0-255,66,81209,9,299762
23380,0.000879,172.217.194.0-255,5738,86947,9,299762
23381,0.000882,172.31.36.0-255,66,87013,9,299762
23382,0.000908,172.217.194.0-255,5020,92033,9,299762
23383,0.000911,172.31.36.0-255,66,92099,9,299762
23384,0.000993,172.217.194.0-255,1484,93583,9,299762
23385,0.000999,172.217.194.0-255,2902,96485,9,299762
23386,0.001003,172.31.36.0-255,66,96551,9,299762
23387,0.001011,172.217.194.0-255,1484,98035,9,299762
23388,0.001029,172.217.194.0-255,4320,102355,9,299762
23389,0.001032,172.31.36.0-255,66,102421,9,299762
23390,0.001036,172.217.194.0-255,2902,105323,9,299762
23391,0.001038,172.31.36.0-255,66,105389,9,299762
23392,0.001089,172.217.194.0-255,7156,112545,9,299762
23393,0.001093,172.31.36.0-255,66,112611,9,299762
23394,0.001108,172.31.36.0-255,66,112677,9,299762
23395,0.001152,172.217.194.0-255,1484,114161,9,299762
23396,0.001158,172.217.194.0-255,2902,117063,9,299762
23397,0.001161,172.31.36.0-255,66,117129,9,299762
23398,0.001193,172.217.194.0-255,5738,122867,9,299762
23399,0.001197,172.31.36.0-255,66,122933,9,299762
23400,0.001204,172.217.194.0-255,7156,130089,9,299762
23401,0.001207,172.31.36.0-255,66,130155,9,299762
23402,0.001265,172.31.36.0-255,66,130221,9,299762
23403,0.001298,172.217.194.0-255,5020,135241,9,299762
23404,0.001301,172.31.36.0-255,66,135307,9,299762
23405,0.001328,172.217.194.0-255,5738,141045,9,299762
23406,0.001331,172.31.36.0-255,66,141111,9,299762
23407,0.001335,172.217.194.0-255,2902,144013,9,299762
23408,0.001338,172.31.36.0-255,66,144079,9,299762
23409,0.001369,172.217.194.0-255,4320,148399,9,299762
23410,0.001373,172.31.36.0-255,66,148465,9,299762
23411,0.001388,172.31.36.0-255,66,148531,9,299762
23412,0.001394,172.217.194.0-255,6438,154969,9,299762
23413,0.001397,172.31.36.0-255,66,155035,9,299762
23414,0.001523,172.217.194.0-255,1484,156519,9,299762
23415,0.001539,172.217.194.0-255,2902,159421,9,299762
23416,0.001543,172.31.36.0-255,66,159487,9,299762
23417,0.00155,172.217.194.0-255,5738,165225,9,299762
23418,0.001553,172.31.36.0-255,66,165291,9,299762
23419,0.001612,172.217.194.0-255,1484,166775,9,299762
23420,0.001636,172.31.36.0-255,66,166841,9,299762
23421,0.001642,172.217.194.0-255,5738,172579,9,299762
23422,0.001645,172.31.36.0-255,66,172645,9,299762
23423,0.001656,172.217.194.0-255,5020,177665,9,299762
23424,0.001658,172.31.36.0-255,66,177731,9,299762
23425,0.001703,172.217.194.0-255,1484,179215,9,299762
23426,0.001707,172.217.194.0-255,1484,180699,9,299762
23427,0.00171,172.31.36.0-255,66,180765,9,299762
23428,0.001733,172.217.194.0-255,1484,182249,9,299762
23429,0.00174,172.217.194.0-255,5738,187987,9,299762
23430,0.001743,172.31.36.0-255,66,188053,9,299762
23431,0.001748,172.217.194.0-255,5738,193791,9,299762
23432,0.001766,172.31.36.0-255,66,193857,9,299762
23433,0.001779,172.31.36.0-255,66,193923,9,299762
23434,0.001816,172.217.194.0-255,1484,195407,9,299762
23435,0.001825,172.217.194.0-255,5020,200427,9,299762
23436,0.00183,172.31.36.0-255,66,200493,9,299762
23437,0.002234,172.217.194.0-255,1484,201977,9,299762
23438,0.002248,172.217.194.0-255,2902,204879,9,299762
23439,0.002252,172.31.36.0-255,66,204945,9,299762
23440,0.002279,172.217.194.0-255,5738,210683,9,299762
23441,0.002282,172.31.36.0-255,66,210749,9,299762
23442,0.002313,172.31.36.0-255,66,210815,9,299762
23443,0.002348,172.31.36.0-255,66,210881,9,299762
23444,0.002501,172.217.194.0-255,1484,212365,9,299762
23445,0.002513,172.217.194.0-255,2902,215267,9,299762
23446,0.002515,172.31.36.0-255,66,215333,9,299762
23447,0.002541,172.217.194.0-255,5738,221071,9,299762
23448,0.002543,172.31.36.0-255,66,221137,9,299762
23449,0.002575,172.217.194.0-255,4320,225457,9,299762
23450,0.002577,172.31.36.0-255,66,225523,9,299762
23451,0.002602,172.217.194.0-255,5738,231261,9,299762
23452,0.002605,172.31.36.0-255,66,231327,9,299762
23453,0.002614,172.31.36.0-255,66,231393,9,299762
23454,0.002629,172.217.194.0-255,2902,234295,9,299762
23455,0.002631,172.31.36.0-255,66,234361,9,299762
23456,0.002639,172.217.194.0-255,2184,236545,9,299762
23457,0.002641,172.31.36.0-255,66,236611,9,299762
23458,0.002669,172.217.194.0-255,2902,239513,9,299762
23459,0.002675,172.31.36.0-255,66,239579,9,299762
23460,0.002704,172.217.194.0-255,7156,246735,9,299762
23461,0.002707,172.31.36.0-255,66,246801,9,299762
23462,0.002742,172.31.36.0-255,66,246867,9,299762
23463,0.002745,172.217.194.0-255,1484,248351,9,299762
23464,0.002774,172.31.36.0-255,66,248417,9,299762
23465,0.002804,172.217.194.0-255,4320,252737,9,299762
23466,0.002806,172.31.36.0-255,66,252803,9,299762
23467,0.002836,172.217.194.0-255,6438,259241,9,299762
23468,0.002839,172.31.36.0-255,66,259307,9,299762
23469,0.002841,172.217.194.0-255,1484,260791,9,299762
23470,0.002846,172.217.194.0-255,4320,265111,9,299762
23471,0.002848,172.31.36.0-255,66,265177,9,299762
23472,0.002886,172.31.36.0-255,66,265243,9,299762
23473,0.002892,172.217.194.0-255,7156,272399,9,299762
23474,0.002894,172.31.36.0-255,66,272465,9,299762
23475,0.002954,172.217.194.0-255,5020,277485,9,299762
23476,0.002957,172.31.36.0-255,66,277551,9,299762
23477,0.002962,172.217.194.0-255,5738,283289,9,299762
23478,0.002965,172.31.36.0-255,66,283355,9,299762
23479,0.002971,172.217.194.0-255,7011,290366,9,299762
23480,0.002973,172.31.36.0-255,66,290432,9,299762
23481,0.003008,172.217.194.0-255,105,290537,9,299762
23482,0.008244,172.31.36.0-255,66,290603,9,299762
23483,0.008271,172.31.36.0-255,105,290708,9,299762
23484,0.010535,172.217.194.0-255,66,290774,9,299762
23485,0.040008,172.31.36.0-255,172,290946,9,299762
23486,0.040036,172.31.36.0-255,1116,292062,9,299762
23487,0.040098,172.31.36.0-255,1514,293576,9,299762
23488,0.0401,172.31.36.0-255,1514,295090,9,299762
23489,0.040105,172.31.36.0-255,1514,296604,9,299762
23490,0.040106,172.31.36.0-255,1514,298118,9,299762
23491,0.040126,172.31.36.0-255,1380,299498,9,299762
23492,0.041529,104.244.42.0-255,66,299564,9,299762
23493,0.041586,104.244.42.0-255,66,299630,9,299762
23494,0.041638,104.244.42.0-255,66,299696,9,299762
23495,0.04168,104.244.42.0-255,66,299762,9,299762
23496,0.0,172.31.36.0-255,105,105,9,105
23497,0.0,172.31.36.0-255,105,105,9,105
23498,0.0,172.217.194.0-255,161,161,9,169445
23499,1.6e-05,172.31.36.0-255,66,227,9,169445
23500,2.3e-05,172.217.194.0-255,1484,1711,9,169445
23501,2.8e-05,172.31.36.0-255,66,1777,9,169445
23502,4.5e-05,172.217.194.0-255,2902,4679,9,169445
23503,4.9e-05,172.31.36.0-255,66,4745,9,169445
23504,8.6e-05,172.217.194.0-255,4320,9065,9,169445
23505,8.9e-05,172.31.36.0-255,66,9131,9,169445
23506,0.000187,172.217.194.0-255,4884,14015,9,169445
23507,0.000191,172.31.36.0-255,66,14081,9,169445
23508,0.000262,172.217.194.0-255,5738,19819,9,169445
23509,0.000266,172.31.36.0-255,66,19885,9,169445
23510,0.000375,172.217.194.0-255,4320,24205,9,169445
23511,0.00038,172.31.36.0-255,66,24271,9,169445
23512,0.000418,172.31.36.0-255,66,24337,9,169445
23513,0.000678,172.217.194.0-255,7156,31493,9,169445
23514,0.000683,172.31.36.0-255,66,31559,9,169445
23515,0.000721,172.31.36.0-255,66,31625,9,169445
23516,0.001028,172.217.194.0-255,1484,33109,9,169445
23517,0.001034,172.31.36.0-255,66,33175,9,169445
23518,0.001081,172.31.36.0-255,66,33241,9,169445
23519,0.001251,172.217.194.0-255,397,33638,9,169445
23520,0.001257,172.31.36.0-255,66,33704,9,169445
23521,0.001288,172.217.194.0-255,7156,40860,9,169445
23522,0.00129,172.31.36.0-255,66,40926,9,169445
23523,0.001349,172.31.36.0-255,66,40992,9,169445
23524,0.001988,172.217.194.0-255,4320,45312,9,169445
23525,0.001997,172.31.36.0-255,66,45378,9,169445
23526,0.00263,172.217.194.0-255,5738,51116,9,169445
23527,0.003123,172.217.194.0-255,1484,52600,9,169445
23528,0.003137,172.217.194.0-255,5738,58338,9,169445
23529,0.003236,172.217.194.0-255,7156,65494,9,169445
23530,0.004713,172.31.36.0-255,66,65560,9,169445
23531,0.007068,172.217.194.0-255,5738,71298,9,169445
23532,0.007074,172.31.36.0-255,66,71364,9,169445
23533,0.009483,172.217.194.0-255,5738,77102,9,169445
23534,0.00949,172.31.36.0-255,66,77168,9,169445
23535,0.011888,172.217.194.0-255,5738,82906,9,169445
23536,0.011897,172.31.36.0-255,66,82972,9,169445
23537,0.014251,172.217.194.0-255,5738,88710,9,169445
23538,0.01426,172.31.36.0-255,66,88776,9,169445
23539,0.016607,172.217.194.0-255,5738,94514,9,169445
23540,0.016616,172.31.36.0-255,66,94580,9,169445
23541,0.019002,172.217.194.0-255,4320,98900,9,169445
23542,0.019012,172.31.36.0-255,66,98966,9,169445
23543,0.019048,172.217.194.0-255,1484,100450,9,169445
23544,0.021405,172.217.194.0-255,4320,104770,9,169445
23545,0.021414,172.31.36.0-255,66,104836,9,169445
23546,0.023837,172.217.194.0-255,5738,110574,9,169445
23547,0.023886,172.31.36.0-255,66,110640,9,169445
23548,0.026262,172.217.194.0-255,5738,116378,9,169445
23549,0.02627,172.31.36.0-255,66,116444,9,169445
23550,0.028629,172.217.194.0-255,5738,122182,9,169445
23551,0.028637,172.31.36.0-255,66,122248,9,169445
23552,0.031025,172.217.194.0-255,4320,126568,9,169445
23553,0.031033,172.31.36.0-255,66,126634,9,169445
23554,0.031061,172.217.194.0-255,1484,128118,9,169445
23555,0.033412,172.217.194.0-255,4320,132438,9,169445
23556,0.033421,172.31.36.0-255,66,132504,9,169445
23557,0.035834,172.217.194.0-255,5738,138242,9,169445
23558,0.035928,172.31.36.0-255,66,138308,9,169445
23559,0.037924,172.31.36.0-255,176,138484,9,169445
23560,0.037955,172.31.36.0-255,1117,139601,9,169445
23561,0.038011,172.31.36.0-255,560,140161,9,169445
23562,0.038321,172.217.194.0-255,5738,145899,9,169445
23563,0.038327,172.31.36.0-255,66,145965,9,169445
23564,0.039475,104.244.42.0-255,66,146031,9,169445
23565,0.039513,104.244.42.0-255,66,146097,9,169445
23566,0.039562,104.244.42.0-255,66,146163,9,169445
23567,0.040734,172.217.194.0-255,5738,151901,9,169445
23568,0.040741,172.31.36.0-255,66,151967,9,169445
23569,0.04315,172.217.194.0-255,5738,157705,9,169445
23570,0.043156,172.31.36.0-255,66,157771,9,169445
23571,0.045536,172.217.194.0-255,5738,163509,9,169445
23572,0.045543,172.31.36.0-255,66,163575,9,169445
23573,0.047924,172.217.194.0-255,4320,167895,9,169445
23574,0.04793,172.31.36.0-255,66,167961,9,169445
23575,0.047957,172.217.194.0-255,1484,169445,9,169445
23576,0.0,216.58.221.0-255,146,146,9,304799
23577,2.3e-05,172.31.36.0-255,66,212,9,304799
23578,3.1e-05,216.58.221.0-255,1484,1696,9,304799
23579,3.6e-05,172.31.36.0-255,66,1762,9,304799
23580,4.1e-05,216.58.221.0-255,2902,4664,9,304799
23581,4.4e-05,172.31.36.0-255,66,4730,9,304799
23582,6.2e-05,216.58.221.0-255,7156,11886,9,304799
23583,6.6e-05,172.31.36.0-255,66,11952,9,304799
23584,7.9e-05,172.31.36.0-255,66,12018,9,304799
23585,8.2e-05,216.58.221.0-255,1484,13502,9,304799
23586,8.5e-05,172.31.36.0-255,66,13568,9,304799
23587,0.000124,172.31.36.0-255,66,13634,9,304799
23588,0.000128,216.58.221.0-255,1125,14759,9,304799
23589,0.00013,172.31.36.0-255,66,14825,9,304799
23590,0.000181,216.58.221.0-255,1484,16309,9,304799
23591,0.000183,172.31.36.0-255,66,16375,9,304799
23592,0.000207,216.58.221.0-255,2902,19277,9,304799
23593,0.000209,172.31.36.0-255,66,19343,9,304799
23594,0.000215,216.58.221.0-255,4320,23663,9,304799
23595,0.000217,172.31.36.0-255,66,23729,9,304799
23596,0.000243,216.58.221.0-255,1484,25213,9,304799
23597,0.000246,172.31.36.0-255,66,25279,9,304799
23598,0.000249,216.58.221.0-255,1484,26763,9,304799
23599,0.000252,172.31.36.0-255,66,26829,9,304799
23600,0.000281,216.58.221.0-255,5379,32208,9,304799
23601,0.000284,172.31.36.0-255,66,32274,9,304799
23602,0.000308,216.58.221.0-255,1484,33758,9,304799
23603,0.000311,172.31.36.0-255,66,33824,9,304799
23604,0.000316,216.58.221.0-255,2902,36726,9,304799
23605,0.000318,172.31.36.0-255,66,36792,9,304799
23606,0.00036,216.58.221.0-255,5738,42530,9,304799
23607,0.000362,172.31.36.0-255,66,42596,9,304799
23608,0.00037,216.58.221.0-255,6797,49393,9,304799
23609,0.000372,172.31.36.0-255,66,49459,9,304799
23610,0.000375,216.58.221.0-255,356,49815,9,304799
23611,0.001085,172.31.36.0-255,66,49881,9,304799
23612,0.001201,216.58.221.0-255,132,50013,9,304799
23613,0.001245,216.58.221.0-255,1484,51497,9,304799
23614,0.001249,172.31.36.0-255,66,51563,9,304799
23615,0.001256,216.58.221.0-255,2902,54465,9,304799
23616,0.001258,172.31.36.0-255,66,54531,9,304799
23617,0.001268,216.58.221.0-255,2902,57433,9,304799
23618,0.00127,172.31.36.0-255,66,57499,9,304799
23619,0.001304,216.58.221.0-255,2902,60401,9,304799
23620,0.001307,172.31.36.0-255,66,60467,9,304799
23621,0.001316,216.58.221.0-255,6797,67264,9,304799
23622,0.001317,172.31.36.0-255,66,67330,9,304799
23623,0.00134,216.58.221.0-255,1484,68814,9,304799
23624,0.001364,216.58.221.0-255,2902,71716,9,304799
23625,0.001367,172.31.36.0-255,66,71782,9,304799
23626,0.001374,216.58.221.0-255,5738,77520,9,304799
23627,0.001376,172.31.36.0-255,66,77586,9,304799
23628,0.001413,216.58.221.0-255,6797,84383,9,304799
23629,0.001416,172.31.36.0-255,66,84449,9,304799
23630,0.001464,216.58.221.0-255,1484,85933,9,304799
23631,0.001479,216.58.221.0-255,2902,88835,9,304799
23632,0.001482,172.31.36.0-255,66,88901,9,304799
23633,0.001489,216.58.221.0-255,4320,93221,9,304799
23634,0.00149,172.31.36.0-255,66,93287,9,304799
23635,0.001509,216.58.221.0-255,1484,94771,9,304799
23636,0.001514,216.58.221.0-255,4320,99091,9,304799
23637,0.001516,172.31.36.0-255,66,99157,9,304799
23638,0.001538,216.58.221.0-255,2902,102059,9,304799
23639,0.00154,172.31.36.0-255,66,102125,9,304799
23640,0.001574,216.58.221.0-255,7156,109281,9,304799
23641,0.001576,172.31.36.0-255,66,109347,9,304799
23642,0.001607,216.58.221.0-255,7156,116503,9,304799
23643,0.001609,172.31.36.0-255,66,116569,9,304799
23644,0.001614,216.58.221.0-255,2184,118753,9,304799
23645,0.001616,172.31.36.0-255,66,118819,9,304799
23646,0.001619,216.58.221.0-255,1484,120303,9,304799
23647,0.001623,216.58.221.0-255,2902,123205,9,304799
23648,0.001627,172.31.36.0-255,66,123271,9,304799
23649,0.001632,216.58.221.0-255,4320,127591,9,304799
23650,0.001635,172.31.36.0-255,66,127657,9,304799
23651,0.001657,216.58.221.0-255,1484,129141,9,304799
23652,0.001663,216.58.221.0-255,4320,133461,9,304799
23653,0.001666,172.31.36.0-255,66,133527,9,304799
23654,0.001708,172.31.36.0-255,66,133593,9,304799
23655,0.001753,172.31.36.0-255,66,133659,9,304799
23656,0.001778,216.58.221.0-255,1484,135143,9,304799
23657,0.001783,216.58.221.0-255,2902,138045,9,304799
23658,0.001785,172.31.36.0-255,66,138111,9,304799
23659,0.001793,216.58.221.0-255,5738,143849,9,304799
23660,0.001796,172.31.36.0-255,66,143915,9,304799
23661,0.001801,216.58.221.0-255,4320,148235,9,304799
23662,0.001803,172.31.36.0-255,66,148301,9,304799
23663,0.001806,216.58.221.0-255,1484,149785,9,304799
23664,0.001855,172.31.36.0-255,66,149851,9,304799
23665,0.001865,172.31.36.0-255,66,149917,9,304799
23666,0.001957,216.58.221.0-255,1484,151401,9,304799
23667,0.001973,216.58.221.0-255,2902,154303,9,304799
23668,0.001977,172.31.36.0-255,66,154369,9,304799
23669,0.001983,216.58.221.0-255,4320,158689,9,304799
23670,0.001986,172.31.36.0-255,66,158755,9,304799
23671,0.002012,216.58.221.0-255,1484,160239,9,304799
23672,0.002019,216.58.221.0-255,7156,167395,9,304799
23673,0.002022,172.31.36.0-255,66,167461,9,304799
23674,0.002057,172.31.36.0-255,66,167527,9,304799
23675,0.00206,216.58.221.0-255,1484,169011,9,304799
23676,0.002084,216.58.221.0-255,2902,171913,9,304799
23677,0.002087,172.31.36.0-255,66,171979,9,304799
23678,0.00209,216.58.221.0-255,1484,173463,9,304799
23679,0.002094,216.58.221.0-255,2184,175647,9,304799
23680,0.002096,172.31.36.0-255,66,175713,9,304799
23681,0.002421,216.58.221.0-255,1484,177197,9,304799
23682,0.002429,216.58.221.0-255,2902,180099,9,304799
23683,0.002435,172.31.36.0-255,66,180165,9,304799
23684,0.002442,216.58.221.0-255,5738,185903,9,304799
23685,0.002445,172.31.36.0-255,66,185969,9,304799
23686,0.002463,216.58.221.0-255,4320,190289,9,304799
23687,0.002465,172.31.36.0-255,66,190355,9,304799
23688,0.002501,216.58.221.0-255,1484,191839,9,304799
23689,0.002517,172.31.36.0-255,66,191905,9,304799
23690,0.002523,216.58.221.0-255,5020,196925,9,304799
23691,0.002525,172.31.36.0-255,66,196991,9,304799
23692,0.00263,216.58.221.0-255,1484,198475,9,304799
23693,0.002654,216.58.221.0-255,2902,201377,9,304799
23694,0.002657,172.31.36.0-255,66,201443,9,304799
23695,0.002661,216.58.221.0-255,2902,204345,9,304799
23696,0.002664,172.31.36.0-255,66,204411,9,304799
23697,0.002674,216.58.221.0-255,4320,208731,9,304799
23698,0.002676,172.31.36.0-255,66,208797,9,304799
23699,0.002683,216.58.221.0-255,5738,214535,9,304799
23700,0.002685,172.31.36.0-255,66,214601,9,304799
23701,0.002711,216.58.221.0-255,2902,217503,9,304799
23702,0.002713,172.31.36.0-255,66,217569,9,304799
23703,0.002721,216.58.221.0-255,7156,224725,9,304799
23704,0.002724,172.31.36.0-255,66,224791,9,304799
23705,0.002755,216.58.221.0-255,2902,227693,9,304799
23706,0.002757,172.31.36.0-255,66,227759,9,304799
23707,0.002761,216.58.221.0-255,1484,229243,9,304799
23708,0.002803,172.31.36.0-255,66,229309,9,304799
23709,0.002815,172.31.36.0-255,66,229375,9,304799
23710,0.002898,216.58.221.0-255,5020,234395,9,304799
23711,0.002901,216.58.221.0-255,1484,235879,9,304799
23712,0.002905,216.58.221.0-255,2902,238781,9,304799
23713,0.002911,216.58.221.0-255,5738,244519,9,304799
23714,0.002926,216.58.221.0-255,4320,248839,9,304799
23715,0.002965,216.58.221.0-255,4320,253159,9,304799
23716,0.00298,216.58.221.0-255,5020,258179,9,304799
23717,0.003084,216.58.221.0-255,1484,259663,9,304799
23718,0.003089,216.58.221.0-255,2902,262565,9,304799
23719,0.003095,216.58.221.0-255,5738,268303,9,304799
23720,0.003112,216.58.221.0-255,5738,274041,9,304799
23721,0.003119,216.58.221.0-255,7156,281197,9,304799
23722,0.003154,216.58.221.0-255,4320,285517,9,304799
23723,0.003187,216.58.221.0-255,7156,292673,9,304799
23724,0.003222,216.58.221.0-255,2752,295425,9,304799
23725,0.003226,216.58.221.0-255,105,295530,9,304799
23726,0.007467,172.31.36.0-255,66,295596,9,304799
23727,0.010192,172.31.36.0-255,105,295701,9,304799
23728,0.012142,216.58.221.0-255,66,295767,9,304799
23729,0.035981,172.31.36.0-255,176,295943,9,304799
23730,0.036019,172.31.36.0-255,1115,297058,9,304799
23731,0.036089,172.31.36.0-255,1514,298572,9,304799
23732,0.036091,172.31.36.0-255,1514,300086,9,304799
23733,0.036092,172.31.36.0-255,1514,301600,9,304799
23734,0.036093,172.31.36.0-255,1514,303114,9,304799
23735,0.036094,172.31.36.0-255,1487,304601,9,304799
23736,0.037576,104.244.42.0-255,66,304667,9,304799
23737,0.037588,104.244.42.0-255,66,304733,9,304799
23738,0.037668,104.244.42.0-255,66,304799,9,304799
23739,0.0,172.217.194.0-255,150,150,9,203565
23740,1.4e-05,172.31.36.0-255,66,216,9,203565
23741,2e-05,172.217.194.0-255,1484,1700,9,203565
23742,2.6e-05,172.31.36.0-255,66,1766,9,203565
23743,3.2e-05,172.217.194.0-255,2902,4668,9,203565
23744,3.4e-05,172.31.36.0-255,66,4734,9,203565
23745,4.2e-05,172.217.194.0-255,7156,11890,9,203565
23746,4.5e-05,172.31.36.0-255,66,11956,9,203565
23747,8.9e-05,172.31.36.0-255,66,12022,9,203565
23748,9.6e-05,172.217.194.0-255,6797,18819,9,203565
23749,9.9e-05,172.31.36.0-255,66,18885,9,203565
23750,0.000428,172.217.194.0-255,1484,20369,9,203565
23751,0.000435,172.31.36.0-255,66,20435,9,203565
23752,0.000441,172.217.194.0-255,2902,23337,9,203565
23753,0.000443,172.31.36.0-255,66,23403,9,203565
23754,0.00045,172.217.194.0-255,5738,29141,9,203565
23755,0.000453,172.31.36.0-255,66,29207,9,203565
23756,0.000456,172.217.194.0-255,1484,30691,9,203565
23757,0.000458,172.31.36.0-255,66,30757,9,203565
23758,0.000488,172.217.194.0-255,5379,36136,9,203565
23759,0.000491,172.31.36.0-255,66,36202,9,203565
23760,0.000494,172.217.194.0-255,1484,37686,9,203565
23761,0.000496,172.31.36.0-255,66,37752,9,203565
23762,0.00051,172.217.194.0-255,1484,39236,9,203565
23763,0.000513,172.31.36.0-255,66,39302,9,203565
23764,0.00055,172.31.36.0-255,66,39368,9,203565
23765,0.000572,172.217.194.0-255,2902,42270,9,203565
23766,0.000575,172.31.36.0-255,66,42336,9,203565
23767,0.000579,172.217.194.0-255,2543,44879,9,203565
23768,0.000582,172.31.36.0-255,66,44945,9,203565
23769,0.000584,172.217.194.0-255,379,45324,9,203565
23770,0.001002,172.31.36.0-255,66,45390,9,203565
23771,0.001174,172.217.194.0-255,363,45753,9,203565
23772,0.00129,172.217.194.0-255,1484,47237,9,203565
23773,0.001295,172.31.36.0-255,66,47303,9,203565
23774,0.001301,172.217.194.0-255,2902,50205,9,203565
23775,0.001304,172.31.36.0-255,66,50271,9,203565
23776,0.001309,172.217.194.0-255,2902,53173,9,203565
23777,0.001311,172.31.36.0-255,66,53239,9,203565
23778,0.001343,172.217.194.0-255,2902,56141,9,203565
23779,0.001346,172.31.36.0-255,66,56207,9,203565
23780,0.001354,172.217.194.0-255,5738,61945,9,203565
23781,0.001356,172.31.36.0-255,66,62011,9,203565
23782,0.001368,172.31.36.0-255,66,62077,9,203565
23783,0.001394,172.217.194.0-255,1484,63561,9,203565
23784,0.001401,172.217.194.0-255,5020,68581,9,203565
23785,0.001403,172.31.36.0-255,66,68647,9,203565
23786,0.002155,172.217.194.0-255,1484,70131,9,203565
23787,0.002164,172.217.194.0-255,2902,73033,9,203565
23788,0.002169,172.31.36.0-255,66,73099,9,203565
23789,0.002177,172.217.194.0-255,5738,78837,9,203565
23790,0.002179,172.31.36.0-255,66,78903,9,203565
23791,0.002185,172.217.194.0-255,4320,83223,9,203565
23792,0.002188,172.31.36.0-255,66,83289,9,203565
23793,0.002239,172.31.36.0-255,66,83355,9,203565
23794,0.002245,172.217.194.0-255,4320,87675,9,203565
23795,0.002247,172.31.36.0-255,66,87741,9,203565
23796,0.002264,172.217.194.0-255,3602,91343,9,203565
23797,0.002267,172.31.36.0-255,66,91409,9,203565
23798,0.00247,172.217.194.0-255,1484,92893,9,203565
23799,0.002478,172.217.194.0-255,2902,95795,9,203565
23800,0.002483,172.31.36.0-255,66,95861,9,203565
23801,0.00249,172.217.194.0-255,5738,101599,9,203565
23802,0.002492,172.31.36.0-255,66,101665,9,203565
23803,0.002531,172.31.36.0-255,66,101731,9,203565
23804,0.002545,172.31.36.0-255,66,101797,9,203565
23805,0.005047,172.217.194.0-255,4320,106117,9,203565
23806,0.005053,172.31.36.0-255,66,106183,9,203565
23807,0.005072,172.217.194.0-255,1484,107667,9,203565
23808,0.007567,172.217.194.0-255,4320,111987,9,203565
23809,0.007573,172.31.36.0-255,66,112053,9,203565
23810,0.010081,172.217.194.0-255,4320,116373,9,203565
23811,0.010088,172.31.36.0-255,66,116439,9,203565
23812,0.010106,172.217.194.0-255,1484,117923,9,203565
23813,0.012619,172.217.194.0-255,4320,122243,9,203565
23814,0.012627,172.31.36.0-255,66,122309,9,203565
23815,0.015153,172.217.194.0-255,5738,128047,9,203565
23816,0.015161,172.31.36.0-255,66,128113,9,203565
23817,0.017668,172.217.194.0-255,5738,133851,9,203565
23818,0.017677,172.31.36.0-255,66,133917,9,203565
23819,0.0202,172.217.194.0-255,5738,139655,9,203565
23820,0.020211,172.31.36.0-255,66,139721,9,203565
23821,0.022722,172.217.194.0-255,5738,145459,9,203565
23822,0.022732,172.31.36.0-255,66,145525,9,203565
23823,0.025248,172.217.194.0-255,5738,151263,9,203565
23824,0.025255,172.31.36.0-255,66,151329,9,203565
23825,0.027772,172.217.194.0-255,5738,157067,9,203565
23826,0.027779,172.31.36.0-255,66,157133,9,203565
23827,0.030315,172.217.194.0-255,5738,162871,9,203565
23828,0.030323,172.31.36.0-255,66,162937,9,203565
23829,0.032919,172.217.194.0-255,5738,168675,9,203565
23830,0.032932,172.31.36.0-255,66,168741,9,203565
23831,0.035492,172.217.194.0-255,5738,174479,9,203565
23832,0.0355,172.31.36.0-255,66,174545,9,203565
23833,0.038054,172.217.194.0-255,5738,180283,9,203565
23834,0.038062,172.31.36.0-255,66,180349,9,203565
23835,0.040598,172.217.194.0-255,5738,186087,9,203565
23836,0.040606,172.31.36.0-255,66,186153,9,203565
23837,0.043104,172.217.194.0-255,5738,191891,9,203565
23838,0.043112,172.31.36.0-255,66,191957,9,203565
23839,0.04562,172.217.194.0-255,5738,197695,9,203565
23840,0.045644,172.31.36.0-255,66,197761,9,203565
23841,0.048162,172.217.194.0-255,5738,203499,9,203565
23842,0.04817,172.31.36.0-255,66,203565,9,203565
23843,0.0,172.217.194.0-255,153,153,9,239771
23844,3.3e-05,172.31.36.0-255,66,219,9,239771
23845,4e-05,172.217.194.0-255,1484,1703,9,239771
23846,4.4e-05,172.31.36.0-255,66,1769,9,239771
23847,4.8e-05,172.217.194.0-255,2902,4671,9,239771
23848,5e-05,172.31.36.0-255,66,4737,9,239771
23849,7.5e-05,172.217.194.0-255,4320,9057,9,239771
23850,7.8e-05,172.31.36.0-255,66,9123,9,239771
23851,0.0001,172.217.194.0-255,1484,10607,9,239771
23852,0.000102,172.31.36.0-255,66,10673,9,239771
23853,0.000107,172.217.194.0-255,3465,14138,9,239771
23854,0.000109,172.31.36.0-255,66,14204,9,239771
23855,0.000153,172.217.194.0-255,1484,15688,9,239771
23856,0.000156,172.31.36.0-255,66,15754,9,239771
23857,0.000161,172.217.194.0-255,2902,18656,9,239771
23858,0.000164,172.31.36.0-255,66,18722,9,239771
23859,0.000204,172.217.194.0-255,2902,21624,9,239771
23860,0.000207,172.31.36.0-255,66,21690,9,239771
23861,0.000213,172.217.194.0-255,4320,26010,9,239771
23862,0.000215,172.31.36.0-255,66,26076,9,239771
23863,0.000236,172.217.194.0-255,2902,28978,9,239771
23864,0.000238,172.31.36.0-255,66,29044,9,239771
23865,0.000256,172.217.194.0-255,1484,30528,9,239771
23866,0.000259,172.31.36.0-255,66,30594,9,239771
23867,0.000293,172.217.194.0-255,5379,35973,9,239771
23868,0.000296,172.31.36.0-255,66,36039,9,239771
23869,0.000319,172.217.194.0-255,5738,41777,9,239771
23870,0.000321,172.31.36.0-255,66,41843,9,239771
23871,0.000339,172.217.194.0-255,2902,44745,9,239771
23872,0.000342,172.31.36.0-255,66,44811,9,239771
23873,0.000361,172.217.194.0-255,3961,48772,9,239771
23874,0.000363,172.31.36.0-255,66,48838,9,239771
23875,0.001039,172.217.194.0-255,1484,50322,9,239771
23876,0.001064,172.217.194.0-255,2902,53224,9,239771
23877,0.001069,172.31.36.0-255,66,53290,9,239771
23878,0.001091,172.217.194.0-255,1484,54774,9,239771
23879,0.001105,172.217.194.0-255,4320,59094,9,239771
23880,0.001107,172.31.36.0-255,66,59160,9,239771
23881,0.001111,172.217.194.0-255,2902,62062,9,239771
23882,0.001112,172.31.36.0-255,66,62128,9,239771
23883,0.001128,172.217.194.0-255,3961,66089,9,239771
23884,0.00113,172.31.36.0-255,66,66155,9,239771
23885,0.001285,172.217.194.0-255,1484,67639,9,239771
23886,0.001291,172.217.194.0-255,2902,70541,9,239771
23887,0.001294,172.31.36.0-255,66,70607,9,239771
23888,0.001314,172.217.194.0-255,4320,74927,9,239771
23889,0.001316,172.31.36.0-255,66,74993,9,239771
23890,0.001328,172.217.194.0-255,1484,76477,9,239771
23891,0.001359,172.31.36.0-255,66,76543,9,239771
23892,0.001377,172.217.194.0-255,1484,78027,9,239771
23893,0.001383,172.217.194.0-255,7156,85183,9,239771
23894,0.001384,172.31.36.0-255,66,85249,9,239771
23895,0.001398,172.217.194.0-255,1484,86733,9,239771
23896,0.00141,172.217.194.0-255,2184,88917,9,239771
23897,0.001412,172.31.36.0-255,66,88983,9,239771
23898,0.001416,172.217.194.0-255,4320,93303,9,239771
23899,0.001418,172.31.36.0-255,66,93369,9,239771
23900,0.001447,172.217.194.0-255,5738,99107,9,239771
23901,0.001449,172.31.36.0-255,66,99173,9,239771
23902,0.001464,172.217.194.0-255,4320,103493,9,239771
23903,0.001466,172.31.36.0-255,66,103559,9,239771
23904,0.001469,172.217.194.0-255,2423,105982,9,239771
23905,0.001472,172.31.36.0-255,66,106048,9,239771
23906,0.002438,172.217.194.0-255,1484,107532,9,239771
23907,0.002442,172.217.194.0-255,1484,109016,9,239771
23908,0.002444,172.31.36.0-255,66,109082,9,239771
23909,0.00246,172.217.194.0-255,1484,110566,9,239771
23910,0.002478,172.217.194.0-255,5738,116304,9,239771
23911,0.00248,172.31.36.0-255,66,116370,9,239771
23912,0.002507,172.217.194.0-255,2902,119272,9,239771
23913,0.002509,172.31.36.0-255,66,119338,9,239771
23914,0.002536,172.31.36.0-255,66,119404,9,239771
23915,0.002541,172.217.194.0-255,7156,126560,9,239771
23916,0.002543,172.31.36.0-255,66,126626,9,239771
23917,0.002557,172.217.194.0-255,1484,128110,9,239771
23918,0.002587,172.31.36.0-255,66,128176,9,239771
23919,0.002609,172.217.194.0-255,7156,135332,9,239771
23920,0.002611,172.31.36.0-255,66,135398,9,239771
23921,0.002615,172.217.194.0-255,3602,139000,9,239771
23922,0.002617,172.31.36.0-255,66,139066,9,239771
23923,0.005171,172.217.194.0-255,1484,140550,9,239771
23924,0.005185,172.217.194.0-255,4320,144870,9,239771
23925,0.005189,172.31.36.0-255,66,144936,9,239771
23926,0.00776,172.217.194.0-255,5738,150674,9,239771
23927,0.007766,172.31.36.0-255,66,150740,9,239771
23928,0.010375,172.217.194.0-255,5738,156478,9,239771
23929,0.010383,172.31.36.0-255,66,156544,9,239771
23930,0.012965,172.217.194.0-255,5738,162282,9,239771
23931,0.012972,172.31.36.0-255,66,162348,9,239771
23932,0.015587,172.217.194.0-255,4320,166668,9,239771
23933,0.015594,172.31.36.0-255,66,166734,9,239771
23934,0.015613,172.217.194.0-255,1484,168218,9,239771
23935,0.018208,172.217.194.0-255,4320,172538,9,239771
23936,0.018216,172.31.36.0-255,66,172604,9,239771
23937,0.020787,172.217.194.0-255,5738,178342,9,239771
23938,0.020796,172.31.36.0-255,66,178408,9,239771
23939,0.023352,172.217.194.0-255,5738,184146,9,239771
23940,0.023359,172.31.36.0-255,66,184212,9,239771
23941,0.025955,172.217.194.0-255,5738,189950,9,239771
23942,0.025963,172.31.36.0-255,66,190016,9,239771
23943,0.028557,172.217.194.0-255,5738,195754,9,239771
23944,0.028566,172.31.36.0-255,66,195820,9,239771
23945,0.031141,172.217.194.0-255,5738,201558,9,239771
23946,0.031149,172.31.36.0-255,66,201624,9,239771
23947,0.033759,172.217.194.0-255,5738,207362,9,239771
23948,0.033768,172.31.36.0-255,66,207428,9,239771
23949,0.036387,172.217.194.0-255,4320,211748,9,239771
23950,0.036393,172.31.36.0-255,66,211814,9,239771
23951,0.03641,172.217.194.0-255,1484,213298,9,239771
23952,0.037129,172.31.36.0-255,199,213497,9,239771
23953,0.037158,172.31.36.0-255,1070,214567,9,239771
23954,0.038678,104.244.42.0-255,66,214633,9,239771
23955,0.03872,104.244.42.0-255,66,214699,9,239771
23956,0.038998,172.217.194.0-255,2902,217601,9,239771
23957,0.039002,172.31.36.0-255,66,217667,9,239771
23958,0.039034,172.217.194.0-255,1484,219151,9,239771
23959,0.039355,104.244.42.0-255,108,219259,9,239771
23960,0.039361,172.31.36.0-255,66,219325,9,239771
23961,0.041541,172.217.194.0-255,4320,223645,9,239771
23962,0.041547,172.31.36.0-255,66,223711,9,239771
23963,0.044142,172.217.194.0-255,4320,228031,9,239771
23964,0.044148,172.31.36.0-255,66,228097,9,239771
23965,0.044174,172.217.194.0-255,1484,229581,9,239771
23966,0.046748,172.217.194.0-255,4320,233901,9,239771
23967,0.046753,172.31.36.0-255,66,233967,9,239771
23968,0.049341,172.217.194.0-255,5738,239705,9,239771
23969,0.049347,172.31.36.0-255,66,239771,9,239771
23970,0.0,74.125.24.0-255,153,153,9,245038
23971,3.1e-05,172.31.36.0-255,66,219,9,245038
23972,3.8e-05,74.125.24.0-255,1484,1703,9,245038
23973,4.3e-05,172.31.36.0-255,66,1769,9,245038
23974,4.8e-05,74.125.24.0-255,2902,4671,9,245038
23975,5.9e-05,172.31.36.0-255,66,4737,9,245038
23976,6.7e-05,74.125.24.0-255,7156,11893,9,245038
23977,7e-05,172.31.36.0-255,66,11959,9,245038
23978,0.000101,74.125.24.0-255,2068,14027,9,245038
23979,0.000104,172.31.36.0-255,66,14093,9,245038
23980,0.000178,74.125.24.0-255,1484,15577,9,245038
23981,0.000183,172.31.36.0-255,66,15643,9,245038
23982,0.000189,74.125.24.0-255,1484,17127,9,245038
23983,0.000193,172.31.36.0-255,66,17193,9,245038
23984,0.000215,74.125.24.0-255,1484,18677,9,245038
23985,0.000218,172.31.36.0-255,66,18743,9,245038
23986,0.000226,74.125.24.0-255,5738,24481,9,245038
23987,0.000228,172.31.36.0-255,66,24547,9,245038
23988,0.000231,74.125.24.0-255,1484,26031,9,245038
23989,0.000233,172.31.36.0-255,66,26097,9,245038
23990,0.000269,74.125.24.0-255,5379,31476,9,245038
23991,0.000273,172.31.36.0-255,66,31542,9,245038
23992,0.000287,74.125.24.0-255,1484,33026,9,245038
23993,0.000294,172.31.36.0-255,66,33092,9,245038
23994,0.000299,74.125.24.0-255,2902,35994,9,245038
23995,0.000302,172.31.36.0-255,66,36060,9,245038
23996,0.000305,74.125.24.0-255,1484,37544,9,245038
23997,0.000307,172.31.36.0-255,66,37610,9,245038
23998,0.000344,74.125.24.0-255,4320,41930,9,245038
23999,0.000348,172.31.36.0-255,66,41996,9,245038
24000,0.000355,74.125.24.0-255,6797,48793,9,245038
24001,0.000358,172.31.36.0-255,66,48859,9,245038
24002,0.000399,74.125.24.0-255,1484,50343,9,245038
24003,0.000404,74.125.24.0-255,1484,51827,9,245038
24004,0.000406,172.31.36.0-255,66,51893,9,245038
24005,0.000418,74.125.24.0-255,1484,53377,9,245038
24006,0.000426,74.125.24.0-255,1484,54861,9,245038
24007,0.000428,172.31.36.0-255,66,54927,9,245038
24008,0.00045,74.125.24.0-255,4320,59247,9,245038
24009,0.000453,172.31.36.0-255,66,59313,9,245038
24010,0.000459,74.125.24.0-255,4320,63633,9,245038
24011,0.000462,172.31.36.0-255,66,63699,9,245038
24012,0.000514,74.125.24.0-255,3154,66853,9,245038
24013,0.000517,172.31.36.0-255,66,66919,9,245038
24014,0.000685,74.125.24.0-255,1484,68403,9,245038
24015,0.000699,74.125.24.0-255,2902,71305,9,245038
24016,0.000702,172.31.36.0-255,66,71371,9,245038
24017,0.000708,74.125.24.0-255,2902,74273,9,245038
24018,0.000712,172.31.36.0-255,66,74339,9,245038
24019,0.000734,74.125.24.0-255,2902,77241,9,245038
24020,0.000742,172.31.36.0-255,66,77307,9,245038
24021,0.000746,74.125.24.0-255,1484,78791,9,245038
24022,0.00078,172.31.36.0-255,66,78857,9,245038
24023,0.000787,74.125.24.0-255,5738,84595,9,245038
24024,0.00079,172.31.36.0-255,66,84661,9,245038
24025,0.000822,74.125.24.0-255,3961,88622,9,245038
24026,0.000825,172.31.36.0-255,66,88688,9,245038
24027,0.001146,74.125.24.0-255,1484,90172,9,245038
24028,0.001152,74.125.24.0-255,2902,93074,9,245038
24029,0.001158,172.31.36.0-255,66,93140,9,245038
24030,0.001187,74.125.24.0-255,5738,98878,9,245038
24031,0.001191,172.31.36.0-255,66,98944,9,245038
24032,0.001237,172.31.36.0-255,66,99010,9,245038
24033,0.001241,74.125.24.0-255,2902,101912,9,245038
24034,0.001244,172.31.36.0-255,66,101978,9,245038
24035,0.001284,74.125.24.0-255,1484,103462,9,245038
24036,0.0013,74.125.24.0-255,6438,109900,9,245038
24037,0.001304,172.31.36.0-255,66,109966,9,245038
24038,0.001564,74.125.24.0-255,1484,111450,9,245038
24039,0.001589,74.125.24.0-255,2902,114352,9,245038
24040,0.001593,172.31.36.0-255,66,114418,9,245038
24041,0.001625,74.125.24.0-255,5738,120156,9,245038
24042,0.001629,172.31.36.0-255,66,120222,9,245038
24043,0.001636,74.125.24.0-255,5738,125960,9,245038
24044,0.001638,172.31.36.0-255,66,126026,9,245038
24045,0.001676,74.125.24.0-255,7156,133182,9,245038
24046,0.001679,172.31.36.0-255,66,133248,9,245038
24047,0.001714,172.31.36.0-255,66,133314,9,245038
24048,0.001763,172.31.36.0-255,66,133380,9,245038
24049,0.001771,74.125.24.0-255,5738,139118,9,245038
24050,0.001772,172.31.36.0-255,66,139184,9,245038
24051,0.001855,172.31.36.0-255,66,139250,9,245038
24052,0.002006,74.125.24.0-255,1484,140734,9,245038
24053,0.002026,74.125.24.0-255,2902,143636,9,245038
24054,0.002029,172.31.36.0-255,66,143702,9,245038
24055,0.002036,74.125.24.0-255,2902,146604,9,245038
24056,0.002039,172.31.36.0-255,66,146670,9,245038
24057,0.00206,74.125.24.0-255,2902,149572,9,245038
24058,0.002069,172.31.36.0-255,66,149638,9,245038
24059,0.002075,74.125.24.0-255,2902,152540,9,245038
24060,0.002078,172.31.36.0-255,66,152606,9,245038
24061,0.002081,74.125.24.0-255,1484,154090,9,245038
24062,0.002129,172.31.36.0-255,66,154156,9,245038
24063,0.002139,172.31.36.0-255,66,154222,9,245038
24064,0.002167,74.125.24.0-255,2184,156406,9,245038
24065,0.002171,172.31.36.0-255,66,156472,9,245038
24066,0.002387,74.125.24.0-255,1484,157956,9,245038
24067,0.002404,74.125.24.0-255,2902,160858,9,245038
24068,0.002407,172.31.36.0-255,66,160924,9,245038
24069,0.002412,74.125.24.0-255,2902,163826,9,245038
24070,0.002414,172.31.36.0-255,66,163892,9,245038
24071,0.002433,74.125.24.0-255,2902,166794,9,245038
24072,0.002441,172.31.36.0-255,66,166860,9,245038
24073,0.002447,74.125.24.0-255,4320,171180,9,245038
24074,0.002449,172.31.36.0-255,66,171246,9,245038
24075,0.002492,172.31.36.0-255,66,171312,9,245038
24076,0.002504,172.31.36.0-255,66,171378,9,245038
24077,0.002521,172.31.36.0-255,66,171444,9,245038
24078,0.002605,74.125.24.0-255,5738,177182,9,245038
24079,0.002627,74.125.24.0-255,7156,184338,9,245038
24080,0.002662,74.125.24.0-255,5738,190076,9,245038
24081,0.002696,74.125.24.0-255,1484,191560,9,245038
24082,0.008081,172.31.36.0-255,66,191626,9,245038
24083,0.010702,74.125.24.0-255,5738,197364,9,245038
24084,0.01071,172.31.36.0-255,66,197430,9,245038
24085,0.013361,74.125.24.0-255,5738,203168,9,245038
24086,0.013373,172.31.36.0-255,66,203234,9,245038
24087,0.016013,74.125.24.0-255,5738,208972,9,245038
24088,0.016023,172.31.36.0-255,66,209038,9,245038
24089,0.018639,74.125.24.0-255,5738,214776,9,245038
24090,0.018647,172.31.36.0-255,66,214842,9,245038
24091,0.021251,74.125.24.0-255,5738,220580,9,245038
24092,0.021258,172.31.36.0-255,66,220646,9,245038
24093,0.02389,74.125.24.0-255,5738,226384,9,245038
24094,0.023901,172.31.36.0-255,66,226450,9,245038
24095,0.026517,74.125.24.0-255,5738,232188,9,245038
24096,0.026526,172.31.36.0-255,66,232254,9,245038
24097,0.029156,74.125.24.0-255,5738,237992,9,245038
24098,0.029166,172.31.36.0-255,66,238058,9,245038
24099,0.030023,172.31.36.0-255,167,238225,9,245038
24100,0.030064,172.31.36.0-255,1116,239341,9,245038
24101,0.0301,172.31.36.0-255,1514,240855,9,245038
24102,0.030102,172.31.36.0-255,1283,242138,9,245038
24103,0.031594,104.244.42.0-255,66,242204,9,245038
24104,0.031636,104.244.42.0-255,66,242270,9,245038
24105,0.031687,104.244.42.0-255,66,242336,9,245038
24106,0.031808,74.125.24.0-255,2465,244801,9,245038
24107,0.031813,172.31.36.0-255,66,244867,9,245038
24108,0.032005,172.31.36.0-255,105,244972,9,245038
24109,0.034587,74.125.24.0-255,66,245038,9,245038
24110,0.0,172.217.27.0-255,146,146,9,216545
24111,2.9e-05,172.31.36.0-255,66,212,9,216545
24112,3.5e-05,172.217.27.0-255,1484,1696,9,216545
24113,3.9e-05,172.31.36.0-255,66,1762,9,216545
24114,4.4e-05,172.217.27.0-255,2902,4664,9,216545
24115,5.4e-05,172.31.36.0-255,66,4730,9,216545
24116,8.2e-05,172.217.27.0-255,5738,10468,9,216545
24117,8.7e-05,172.31.36.0-255,66,10534,9,216545
24118,0.000227,172.31.36.0-255,66,10600,9,216545
24119,0.000255,172.217.27.0-255,584,11184,9,216545
24120,0.000259,172.31.36.0-255,66,11250,9,216545
24121,0.00051,172.217.27.0-255,6797,18047,9,216545
24122,0.000515,172.31.36.0-255,66,18113,9,216545
24123,0.000649,172.217.27.0-255,5738,23851,9,216545
24124,0.000655,172.31.36.0-255,66,23917,9,216545
24125,0.000684,172.217.27.0-255,1484,25401,9,216545
24126,0.000688,172.31.36.0-255,66,25467,9,216545
24127,0.000776,172.217.27.0-255,7156,32623,9,216545
24128,0.000781,172.31.36.0-255,66,32689,9,216545
24129,0.000812,172.31.36.0-255,66,32755,9,216545
24130,0.001125,172.31.36.0-255,66,32821,9,216545
24131,0.001317,172.217.27.0-255,114,32935,9,216545
24132,0.001321,172.31.36.0-255,66,33001,9,216545
24133,0.001356,172.31.36.0-255,66,33067,9,216545
24134,0.00161,172.217.27.0-255,4320,37387,9,216545
24135,0.001614,172.31.36.0-255,66,37453,9,216545
24136,0.001653,172.31.36.0-255,66,37519,9,216545
24137,0.002058,172.31.36.0-255,66,37585,9,216545
24138,0.002094,172.31.36.0-255,66,37651,9,216545
24139,0.002744,172.217.27.0-255,7156,44807,9,216545
24140,0.002748,172.31.36.0-255,66,44873,9,216545
24141,0.002793,172.31.36.0-255,66,44939,9,216545
24142,0.004415,172.217.27.0-255,5738,50677,9,216545
24143,0.004419,172.31.36.0-255,66,50743,9,216545
24144,0.006047,172.217.27.0-255,5738,56481,9,216545
24145,0.006053,172.31.36.0-255,66,56547,9,216545
24146,0.007676,172.217.27.0-255,5738,62285,9,216545
24147,0.007683,172.31.36.0-255,66,62351,9,216545
24148,0.00932,172.217.27.0-255,5738,68089,9,216545
24149,0.009328,172.31.36.0-255,66,68155,9,216545
24150,0.010962,172.217.27.0-255,5738,73893,9,216545
24151,0.010969,172.31.36.0-255,66,73959,9,216545
24152,0.0126,172.217.27.0-255,5738,79697,9,216545
24153,0.012608,172.31.36.0-255,66,79763,9,216545
24154,0.01424,172.217.27.0-255,5738,85501,9,216545
24155,0.014248,172.31.36.0-255,66,85567,9,216545
24156,0.015886,172.217.27.0-255,5738,91305,9,216545
24157,0.015894,172.31.36.0-255,66,91371,9,216545
24158,0.017519,172.217.27.0-255,5738,97109,9,216545
24159,0.017527,172.31.36.0-255,66,97175,9,216545
24160,0.019155,172.217.27.0-255,5738,102913,9,216545
24161,0.019162,172.31.36.0-255,66,102979,9,216545
24162,0.020798,172.217.27.0-255,5738,108717,9,216545
24163,0.020805,172.31.36.0-255,66,108783,9,216545
24164,0.022442,172.217.27.0-255,5738,114521,9,216545
24165,0.022448,172.31.36.0-255,66,114587,9,216545
24166,0.024078,172.217.27.0-255,5738,120325,9,216545
24167,0.024085,172.31.36.0-255,66,120391,9,216545
24168,0.02572,172.217.27.0-255,5738,126129,9,216545
24169,0.025728,172.31.36.0-255,66,126195,9,216545
24170,0.027402,172.217.27.0-255,5738,131933,9,216545
24171,0.027409,172.31.36.0-255,66,131999,9,216545
24172,0.02904,172.217.27.0-255,5738,137737,9,216545
24173,0.029047,172.31.36.0-255,66,137803,9,216545
24174,0.030683,172.217.27.0-255,5738,143541,9,216545
24175,0.030691,172.31.36.0-255,66,143607,9,216545
24176,0.031604,172.31.36.0-255,172,143779,9,216545
24177,0.031635,172.31.36.0-255,1115,144894,9,216545
24178,0.031703,172.31.36.0-255,1514,146408,9,216545
24179,0.031705,172.31.36.0-255,1514,147922,9,216545
24180,0.031706,172.31.36.0-255,1514,149436,9,216545
24181,0.031708,172.31.36.0-255,1514,150950,9,216545
24182,0.031735,172.31.36.0-255,1487,152437,9,216545
24183,0.03232,172.217.27.0-255,5738,158175,9,216545
24184,0.032326,172.31.36.0-255,66,158241,9,216545
24185,0.033167,104.244.42.0-255,66,158307,9,216545
24186,0.033231,104.244.42.0-255,66,158373,9,216545
24187,0.033246,104.244.42.0-255,66,158439,9,216545
24188,0.033299,104.244.42.0-255,66,158505,9,216545
24189,0.033955,172.217.27.0-255,5738,164243,9,216545
24190,0.033962,172.31.36.0-255,66,164309,9,216545
24191,0.035605,172.217.27.0-255,5738,170047,9,216545
24192,0.035613,172.31.36.0-255,66,170113,9,216545
24193,0.037259,172.217.27.0-255,5738,175851,9,216545
24194,0.037266,172.31.36.0-255,66,175917,9,216545
24195,0.038901,172.217.27.0-255,5738,181655,9,216545
24196,0.038908,172.31.36.0-255,66,181721,9,216545
24197,0.04055,172.217.27.0-255,5738,187459,9,216545
24198,0.040557,172.31.36.0-255,66,187525,9,216545
24199,0.042201,172.217.27.0-255,5738,193263,9,216545
24200,0.042207,172.31.36.0-255,66,193329,9,216545
24201,0.043867,172.217.27.0-255,5738,199067,9,216545
24202,0.043874,172.31.36.0-255,66,199133,9,216545
24203,0.045519,172.217.27.0-255,5738,204871,9,216545
24204,0.045525,172.31.36.0-255,66,204937,9,216545
24205,0.047188,172.217.27.0-255,5738,210675,9,216545
24206,0.047194,172.31.36.0-255,66,210741,9,216545
24207,0.048819,172.217.27.0-255,5738,216479,9,216545
24208,0.048825,172.31.36.0-255,66,216545,9,216545
24209,0.0,172.217.194.0-255,153,153,9,244534
24210,2.4e-05,172.31.36.0-255,66,219,9,244534
24211,3.2e-05,172.217.194.0-255,1484,1703,9,244534
24212,3.7e-05,172.31.36.0-255,66,1769,9,244534
24213,4.3e-05,172.217.194.0-255,2902,4671,9,244534
24214,4.6e-05,172.31.36.0-255,66,4737,9,244534
24215,5.2e-05,172.217.194.0-255,4320,9057,9,244534
24216,5.4e-05,172.31.36.0-255,66,9123,9,244534
24217,7.8e-05,172.217.194.0-255,2902,12025,9,244534
24218,8.1e-05,172.31.36.0-255,66,12091,9,244534
24219,8.6e-05,172.217.194.0-255,2048,14139,9,244534
24220,8.8e-05,172.31.36.0-255,66,14205,9,244534
24221,0.000202,172.217.194.0-255,1484,15689,9,244534
24222,0.000206,172.31.36.0-255,66,15755,9,244534
24223,0.000212,172.217.194.0-255,2902,18657,9,244534
24224,0.000214,172.31.36.0-255,66,18723,9,244534
24225,0.00023,172.217.194.0-255,2902,21625,9,244534
24226,0.000232,172.31.36.0-255,66,21691,9,244534
24227,0.000239,172.217.194.0-255,4320,26011,9,244534
24228,0.000241,172.31.36.0-255,66,26077,9,244534
24229,0.000275,172.31.36.0-255,66,26143,9,244534
24230,0.000283,172.217.194.0-255,7156,33299,9,244534
24231,0.000285,172.31.36.0-255,66,33365,9,244534
24232,0.000324,172.217.194.0-255,1484,34849,9,244534
24233,0.000327,172.31.36.0-255,66,34915,9,244534
24234,0.000345,172.217.194.0-255,3961,38876,9,244534
24235,0.000348,172.31.36.0-255,66,38942,9,244534
24236,0.000384,172.217.194.0-255,5738,44680,9,244534
24237,0.000387,172.31.36.0-255,66,44746,9,244534
24238,0.000394,172.217.194.0-255,7156,51902,9,244534
24239,0.000396,172.31.36.0-255,66,51968,9,244534
24240,0.000435,172.217.194.0-255,4572,56540,9,244534
24241,0.000473,172.31.36.0-255,66,56606,9,244534
24242,0.000878,172.217.194.0-255,1484,58090,9,244534
24243,0.000893,172.217.194.0-255,2902,60992,9,244534
24244,0.000897,172.31.36.0-255,66,61058,9,244534
24245,0.000917,172.217.194.0-255,5738,66796,9,244534
24246,0.000932,172.31.36.0-255,66,66862,9,244534
24247,0.000948,172.217.194.0-255,7156,74018,9,244534
24248,0.000965,172.31.36.0-255,66,74084,9,244534
24249,0.000971,172.217.194.0-255,3961,78045,9,244534
24250,0.000986,172.31.36.0-255,66,78111,9,244534
24251,0.000995,172.217.194.0-255,1125,79236,9,244534
24252,0.001347,172.31.36.0-255,66,79302,9,244534
24253,0.001925,172.217.194.0-255,1484,80786,9,244534
24254,0.001936,172.217.194.0-255,2902,83688,9,244534
24255,0.001943,172.217.194.0-255,5738,89426,9,244534
24256,0.00196,172.217.194.0-255,2902,92328,9,244534
24257,0.002025,172.217.194.0-255,5738,98066,9,244534
24258,0.002044,172.217.194.0-255,4320,102386,9,244534
24259,0.002061,172.217.194.0-255,5738,108124,9,244534
24260,0.002074,172.217.194.0-255,5738,113862,9,244534
24261,0.002077,172.217.194.0-255,1484,115346,9,244534
24262,0.002129,172.217.194.0-255,4320,119666,9,244534
24263,0.002142,172.217.194.0-255,2184,121850,9,244534
24264,0.002302,172.217.194.0-255,1484,123334,9,244534
24265,0.002317,172.217.194.0-255,1484,124818,9,244534
24266,0.002329,172.217.194.0-255,1484,126302,9,244534
24267,0.002335,172.217.194.0-255,5738,132040,9,244534
24268,0.00684,172.31.36.0-255,66,132106,9,244534
24269,0.009149,172.217.194.0-255,5738,137844,9,244534
24270,0.009157,172.31.36.0-255,66,137910,9,244534
24271,0.011478,172.217.194.0-255,5738,143648,9,244534
24272,0.011485,172.31.36.0-255,66,143714,9,244534
24273,0.013845,172.217.194.0-255,5738,149452,9,244534
24274,0.014865,172.31.36.0-255,66,149518,9,244534
24275,0.017201,172.217.194.0-255,5738,155256,9,244534
24276,0.017211,172.31.36.0-255,66,155322,9,244534
24277,0.01952,172.217.194.0-255,5738,161060,9,244534
24278,0.019529,172.31.36.0-255,66,161126,9,244534
24279,0.021848,172.217.194.0-255,5738,166864,9,244534
24280,0.021857,172.31.36.0-255,66,166930,9,244534
24281,0.024195,172.217.194.0-255,5738,172668,9,244534
24282,0.024207,172.31.36.0-255,66,172734,9,244534
24283,0.026551,172.217.194.0-255,5738,178472,9,244534
24284,0.026563,172.31.36.0-255,66,178538,9,244534
24285,0.028869,172.217.194.0-255,5738,184276,9,244534
24286,0.02888,172.31.36.0-255,66,184342,9,244534
24287,0.031217,172.217.194.0-255,5738,190080,9,244534
24288,0.031226,172.31.36.0-255,66,190146,9,244534
24289,0.033525,172.217.194.0-255,5738,195884,9,244534
24290,0.033534,172.31.36.0-255,66,195950,9,244534
24291,0.035847,172.217.194.0-255,5738,201688,9,244534
24292,0.035857,172.31.36.0-255,66,201754,9,244534
24293,0.036428,172.31.36.0-255,175,201929,9,244534
24294,0.036457,172.31.36.0-255,1139,203068,9,244534
24295,0.036531,172.31.36.0-255,1514,204582,9,244534
24296,0.036533,172.31.36.0-255,1514,206096,9,244534
24297,0.036534,172.31.36.0-255,1514,207610,9,244534
24298,0.03654,172.31.36.0-255,1514,209124,9,244534
24299,0.036541,172.31.36.0-255,322,209446,9,244534
24300,0.037984,104.244.42.0-255,66,209512,9,244534
24301,0.038033,104.244.42.0-255,66,209578,9,244534
24302,0.038106,104.244.42.0-255,66,209644,9,244534
24303,0.038111,104.244.42.0-255,66,209710,9,244534
24304,0.03817,172.217.194.0-255,5738,215448,9,244534
24305,0.038175,172.31.36.0-255,66,215514,9,244534
24306,0.040511,172.217.194.0-255,5738,221252,9,244534
24307,0.040523,172.31.36.0-255,66,221318,9,244534
24308,0.042854,172.217.194.0-255,5738,227056,9,244534
24309,0.042861,172.31.36.0-255,66,227122,9,244534
24310,0.045196,172.217.194.0-255,5738,232860,9,244534
24311,0.045203,172.31.36.0-255,66,232926,9,244534
24312,0.047509,172.217.194.0-255,5738,238664,9,244534
24313,0.047516,172.31.36.0-255,66,238730,9,244534
24314,0.049837,172.217.194.0-255,5738,244468,9,244534
24315,0.049845,172.31.36.0-255,66,244534,9,244534
24316,0.0,172.31.36.0-255,105,105,9,276
24317,0.001788,157.240.13.0-255,105,210,9,276
24318,0.001803,172.31.36.0-255,66,276,9,276
24319,0.0,74.125.24.0-255,153,153,9,224776
24320,9.1e-05,172.31.36.0-255,66,219,9,224776
24321,9.8e-05,74.125.24.0-255,1484,1703,9,224776
24322,0.000102,172.31.36.0-255,66,1769,9,224776
24323,0.000107,74.125.24.0-255,2902,4671,9,224776
24324,0.00011,172.31.36.0-255,66,4737,9,224776
24325,0.000116,74.125.24.0-255,7156,11893,9,224776
24326,0.000117,172.31.36.0-255,66,11959,9,224776
24327,0.000123,74.125.24.0-255,3485,15444,9,224776
24328,0.000125,172.31.36.0-255,66,15510,9,224776
24329,0.000138,172.31.36.0-255,66,15576,9,224776
24330,0.000141,74.125.24.0-255,2543,18119,9,224776
24331,0.000144,172.31.36.0-255,66,18185,9,224776
24332,0.00017,74.125.24.0-255,1484,19669,9,224776
24333,0.000172,172.31.36.0-255,66,19735,9,224776
24334,0.000177,74.125.24.0-255,2902,22637,9,224776
24335,0.000179,172.31.36.0-255,66,22703,9,224776
24336,0.000196,74.125.24.0-255,4320,27023,9,224776
24337,0.000199,172.31.36.0-255,66,27089,9,224776
24338,0.000221,74.125.24.0-255,1484,28573,9,224776
24339,0.000223,172.31.36.0-255,66,28639,9,224776
24340,0.000226,74.125.24.0-255,1484,30123,9,224776
24341,0.000228,172.31.36.0-255,66,30189,9,224776
24342,0.000261,172.31.36.0-255,66,30255,9,224776
24343,0.000272,172.31.36.0-255,66,30321,9,224776
24344,0.000312,74.125.24.0-255,3961,34282,9,224776
24345,0.000315,172.31.36.0-255,66,34348,9,224776
24346,0.000513,74.125.24.0-255,645,34993,9,224776
24347,0.00052,172.31.36.0-255,66,35059,9,224776
24348,0.001042,74.125.24.0-255,1484,36543,9,224776
24349,0.001054,74.125.24.0-255,2902,39445,9,224776
24350,0.001058,172.31.36.0-255,66,39511,9,224776
24351,0.001064,74.125.24.0-255,2902,42413,9,224776
24352,0.001082,74.125.24.0-255,2902,45315,9,224776
24353,0.001086,74.125.24.0-255,1484,46799,9,224776
24354,0.001174,74.125.24.0-255,4320,51119,9,224776
24355,0.001369,74.125.24.0-255,1484,52603,9,224776
24356,0.001375,74.125.24.0-255,1484,54087,9,224776
24357,0.001389,74.125.24.0-255,1484,55571,9,224776
24358,0.001395,74.125.24.0-255,5738,61309,9,224776
24359,0.00142,74.125.24.0-255,5738,67047,9,224776
24360,0.001436,74.125.24.0-255,7156,74203,9,224776
24361,0.001475,74.125.24.0-255,2184,76387,9,224776
24362,0.00185,74.125.24.0-255,1484,77871,9,224776
24363,0.001864,74.125.24.0-255,2902,80773,9,224776
24364,0.00188,74.125.24.0-255,2902,83675,9,224776
24365,0.001893,74.125.24.0-255,2902,86577,9,224776
24366,0.001907,74.125.24.0-255,4320,90897,9,224776
24367,0.001925,74.125.24.0-255,7156,98053,9,224776
24368,0.001929,74.125.24.0-255,2902,100955,9,224776
24369,0.006424,172.31.36.0-255,66,101021,9,224776
24370,0.008503,74.125.24.0-255,5738,106759,9,224776
24371,0.00851,172.31.36.0-255,66,106825,9,224776
24372,0.01073,74.125.24.0-255,5738,112563,9,224776
24373,0.011753,172.31.36.0-255,66,112629,9,224776
24374,0.013824,74.125.24.0-255,5738,118367,9,224776
24375,0.013834,172.31.36.0-255,66,118433,9,224776
24376,0.015899,74.125.24.0-255,5738,124171,9,224776
24377,0.015909,172.31.36.0-255,66,124237,9,224776
24378,0.018001,74.125.24.0-255,4320,128557,9,224776
24379,0.018008,172.31.36.0-255,66,128623,9,224776
24380,0.018029,74.125.24.0-255,1484,130107,9,224776
24381,0.020062,74.125.24.0-255,4320,134427,9,224776
24382,0.02007,172.31.36.0-255,66,134493,9,224776
24383,0.022136,74.125.24.0-255,5738,140231,9,224776
24384,0.02219,172.31.36.0-255,66,140297,9,224776
24385,0.024268,74.125.24.0-255,5738,146035,9,224776
24386,0.024274,172.31.36.0-255,66,146101,9,224776
24387,0.026327,74.125.24.0-255,5738,151839,9,224776
24388,0.026335,172.31.36.0-255,66,151905,9,224776
24389,0.028423,74.125.24.0-255,5738,157643,9,224776
24390,0.02843,172.31.36.0-255,66,157709,9,224776
24391,0.030482,74.125.24.0-255,5738,163447,9,224776
24392,0.030489,172.31.36.0-255,66,163513,9,224776
24393,0.031678,172.31.36.0-255,172,163685,9,224776
24394,0.03171,172.31.36.0-255,1116,164801,9,224776
24395,0.031972,172.31.36.0-255,1514,166315,9,224776
24396,0.031974,172.31.36.0-255,1514,167829,9,224776
24397,0.031976,172.31.36.0-255,1514,169343,9,224776
24398,0.031981,172.31.36.0-255,1514,170857,9,224776
24399,0.031982,172.31.36.0-255,1485,172342,9,224776
24400,0.032584,74.125.24.0-255,5738,178080,9,224776
24401,0.032591,172.31.36.0-255,66,178146,9,224776
24402,0.033233,104.244.42.0-255,66,178212,9,224776
24403,0.033294,104.244.42.0-255,66,178278,9,224776
24404,0.033589,104.244.42.0-255,66,178344,9,224776
24405,0.034632,74.125.24.0-255,5738,184082,9,224776
24406,0.034637,172.31.36.0-255,66,184148,9,224776
24407,0.036733,74.125.24.0-255,5738,189886,9,224776
24408,0.03674,172.31.36.0-255,66,189952,9,224776
24409,0.03884,74.125.24.0-255,5738,195690,9,224776
24410,0.038846,172.31.36.0-255,66,195756,9,224776
24411,0.04091,74.125.24.0-255,5738,201494,9,224776
24412,0.040917,172.31.36.0-255,66,201560,9,224776
24413,0.042983,74.125.24.0-255,5738,207298,9,224776
24414,0.042988,172.31.36.0-255,66,207364,9,224776
24415,0.045044,74.125.24.0-255,5738,213102,9,224776
24416,0.045048,172.31.36.0-255,66,213168,9,224776
24417,0.047178,74.125.24.0-255,5738,218906,9,224776
24418,0.047187,172.31.36.0-255,66,218972,9,224776
24419,0.049244,74.125.24.0-255,5738,224710,9,224776
24420,0.049251,172.31.36.0-255,66,224776,9,224776
24421,0.0,74.125.24.0-255,153,153,9,243085
24422,2.4e-05,172.31.36.0-255,66,219,9,243085
24423,3.1e-05,74.125.24.0-255,1484,1703,9,243085
24424,3.5e-05,172.31.36.0-255,66,1769,9,243085
24425,4.1e-05,74.125.24.0-255,2902,4671,9,243085
24426,4.4e-05,172.31.36.0-255,66,4737,9,243085
24427,5.2e-05,74.125.24.0-255,7156,11893,9,243085
24428,5.5e-05,172.31.36.0-255,66,11959,9,243085
24429,0.000109,172.31.36.0-255,66,12025,9,243085
24430,0.000121,172.31.36.0-255,66,12091,9,243085
24431,0.000244,74.125.24.0-255,1484,13575,9,243085
24432,0.000249,172.31.36.0-255,66,13641,9,243085
24433,0.000254,74.125.24.0-255,2902,16543,9,243085
24434,0.000256,172.31.36.0-255,66,16609,9,243085
24435,0.00028,74.125.24.0-255,5738,22347,9,243085
24436,0.000283,172.31.36.0-255,66,22413,9,243085
24437,0.000306,74.125.24.0-255,1484,23897,9,243085
24438,0.000309,172.31.36.0-255,66,23963,9,243085
24439,0.000339,172.31.36.0-255,66,24029,9,243085
24440,0.000347,74.125.24.0-255,5738,29767,9,243085
24441,0.000349,172.31.36.0-255,66,29833,9,243085
24442,0.000382,74.125.24.0-255,6797,36630,9,243085
24443,0.000385,172.31.36.0-255,66,36696,9,243085
24444,0.000422,74.125.24.0-255,357,37053,9,243085
24445,0.000425,172.31.36.0-255,66,37119,9,243085
24446,0.000557,74.125.24.0-255,1484,38603,9,243085
24447,0.000561,172.31.36.0-255,66,38669,9,243085
24448,0.000566,74.125.24.0-255,2902,41571,9,243085
24449,0.000568,172.31.36.0-255,66,41637,9,243085
24450,0.000571,74.125.24.0-255,1484,43121,9,243085
24451,0.000594,74.125.24.0-255,2902,46023,9,243085
24452,0.0006,172.31.36.0-255,66,46089,9,243085
24453,0.00074,172.31.36.0-255,66,46155,9,243085
24454,0.00088,74.125.24.0-255,1484,47639,9,243085
24455,0.000896,74.125.24.0-255,2902,50541,9,243085
24456,0.000905,172.31.36.0-255,66,50607,9,243085
24457,0.000912,74.125.24.0-255,5738,56345,9,243085
24458,0.000921,172.31.36.0-255,66,56411,9,243085
24459,0.000951,74.125.24.0-255,5738,62149,9,243085
24460,0.000957,172.31.36.0-255,66,62215,9,243085
24461,0.000978,74.125.24.0-255,5738,67953,9,243085
24462,0.000997,172.31.36.0-255,66,68019,9,243085
24463,0.001735,74.125.24.0-255,1484,69503,9,243085
24464,0.001745,74.125.24.0-255,2902,72405,9,243085
24465,0.00175,172.31.36.0-255,66,72471,9,243085
24466,0.001759,74.125.24.0-255,5738,78209,9,243085
24467,0.001762,172.31.36.0-255,66,78275,9,243085
24468,0.001768,74.125.24.0-255,5738,84013,9,243085
24469,0.00177,172.31.36.0-255,66,84079,9,243085
24470,0.00179,74.125.24.0-255,7156,91235,9,243085
24471,0.001792,172.31.36.0-255,66,91301,9,243085
24472,0.001817,74.125.24.0-255,5738,97039,9,243085
24473,0.00182,172.31.36.0-255,66,97105,9,243085
24474,0.001827,74.125.24.0-255,5020,102125,9,243085
24475,0.001829,172.31.36.0-255,66,102191,9,243085
24476,0.001927,74.125.24.0-255,1484,103675,9,243085
24477,0.001933,74.125.24.0-255,2902,106577,9,243085
24478,0.001936,172.31.36.0-255,66,106643,9,243085
24479,0.001952,74.125.24.0-255,5738,112381,9,243085
24480,0.002027,74.125.24.0-255,4320,116701,9,243085
24481,0.002072,74.125.24.0-255,4320,121021,9,243085
24482,0.002172,74.125.24.0-255,766,121787,9,243085
24483,0.002233,74.125.24.0-255,1484,123271,9,243085
24484,0.002241,74.125.24.0-255,2902,126173,9,243085
24485,0.002255,74.125.24.0-255,1484,127657,9,243085
24486,0.002269,74.125.24.0-255,4320,131977,9,243085
24487,0.002301,74.125.24.0-255,1484,133461,9,243085
24488,0.002335,74.125.24.0-255,5020,138481,9,243085
24489,0.006734,172.31.36.0-255,66,138547,9,243085
24490,0.009035,74.125.24.0-255,5738,144285,9,243085
24491,0.009044,172.31.36.0-255,66,144351,9,243085
24492,0.011364,74.125.24.0-255,5738,150089,9,243085
24493,0.011373,172.31.36.0-255,66,150155,9,243085
24494,0.013686,74.125.24.0-255,1484,151639,9,243085
24495,0.013728,74.125.24.0-255,4320,155959,9,243085
24496,0.013735,172.31.36.0-255,66,156025,9,243085
24497,0.016044,74.125.24.0-255,5738,161763,9,243085
24498,0.016051,172.31.36.0-255,66,161829,9,243085
24499,0.018307,74.125.24.0-255,5738,167567,9,243085
24500,0.018314,172.31.36.0-255,66,167633,9,243085
24501,0.020664,74.125.24.0-255,5738,173371,9,243085
24502,0.020676,172.31.36.0-255,66,173437,9,243085
24503,0.022983,74.125.24.0-255,5738,179175,9,243085
24504,0.022993,172.31.36.0-255,66,179241,9,243085
24505,0.025299,74.125.24.0-255,5738,184979,9,243085
24506,0.025307,172.31.36.0-255,66,185045,9,243085
24507,0.02761,74.125.24.0-255,5738,190783,9,243085
24508,0.027618,172.31.36.0-255,66,190849,9,243085
24509,0.029905,74.125.24.0-255,5738,196587,9,243085
24510,0.029914,172.31.36.0-255,66,196653,9,243085
24511,0.032216,74.125.24.0-255,5738,202391,9,243085
24512,0.032224,172.31.36.0-255,66,202457,9,243085
24513,0.034549,74.125.24.0-255,5738,208195,9,243085
24514,0.034558,172.31.36.0-255,66,208261,9,243085
24515,0.036844,74.125.24.0-255,5738,213999,9,243085
24516,0.036854,172.31.36.0-255,66,214065,9,243085
24517,0.039136,74.125.24.0-255,5738,219803,9,243085
24518,0.039145,172.31.36.0-255,66,219869,9,243085
24519,0.041443,74.125.24.0-255,5738,225607,9,243085
24520,0.041453,172.31.36.0-255,66,225673,9,243085
24521,0.043724,74.125.24.0-255,5738,231411,9,243085
24522,0.043734,172.31.36.0-255,66,231477,9,243085
24523,0.046016,74.125.24.0-255,5738,237215,9,243085
24524,0.046025,172.31.36.0-255,66,237281,9,243085
24525,0.048365,74.125.24.0-255,5738,243019,9,243085
24526,0.048374,172.31.36.0-255,66,243085,9,243085
24527,0.0,74.125.24.0-255,150,150,9,280037
24528,2.7e-05,172.31.36.0-255,66,216,9,280037
24529,3.6e-05,74.125.24.0-255,1484,1700,9,280037
24530,4.1e-05,172.31.36.0-255,66,1766,9,280037
24531,4.6e-05,74.125.24.0-255,2902,4668,9,280037
24532,4.8e-05,172.31.36.0-255,66,4734,9,280037
24533,5.4e-05,74.125.24.0-255,7156,11890,9,280037
24534,5.7e-05,172.31.36.0-255,66,11956,9,280037
24535,6.1e-05,74.125.24.0-255,2067,14023,9,280037
24536,6.5e-05,172.31.36.0-255,66,14089,9,280037
24537,9.1e-05,74.125.24.0-255,2902,16991,9,280037
24538,9.4e-05,172.31.36.0-255,66,17057,9,280037
24539,9.7e-05,74.125.24.0-255,1484,18541,9,280037
24540,9.9e-05,172.31.36.0-255,66,18607,9,280037
24541,0.000115,74.125.24.0-255,4320,22927,9,280037
24542,0.000119,172.31.36.0-255,66,22993,9,280037
24543,0.000134,74.125.24.0-255,1484,24477,9,280037
24544,0.000137,172.31.36.0-255,66,24543,9,280037
24545,0.000162,74.125.24.0-255,4320,28863,9,280037
24546,0.000165,172.31.36.0-255,66,28929,9,280037
24547,0.000186,74.125.24.0-255,2543,31472,9,280037
24548,0.000189,172.31.36.0-255,66,31538,9,280037
24549,0.00023,74.125.24.0-255,1484,33022,9,280037
24550,0.000233,172.31.36.0-255,66,33088,9,280037
24551,0.000255,74.125.24.0-255,1484,34572,9,280037
24552,0.000257,172.31.36.0-255,66,34638,9,280037
24553,0.00028,74.125.24.0-255,1484,36122,9,280037
24554,0.000284,172.31.36.0-255,66,36188,9,280037
24555,0.000289,74.125.24.0-255,5738,41926,9,280037
24556,0.000292,172.31.36.0-255,66,41992,9,280037
24557,0.000322,172.31.36.0-255,66,42058,9,280037
24558,0.000344,74.125.24.0-255,3961,46019,9,280037
24559,0.000347,172.31.36.0-255,66,46085,9,280037
24560,0.000354,74.125.24.0-255,5738,51823,9,280037
24561,0.000357,172.31.36.0-255,66,51889,9,280037
24562,0.00038,74.125.24.0-255,3961,55850,9,280037
24563,0.000383,172.31.36.0-255,66,55916,9,280037
24564,0.000437,74.125.24.0-255,413,56329,9,280037
24565,0.000614,74.125.24.0-255,1484,57813,9,280037
24566,0.000617,172.31.36.0-255,66,57879,9,280037
24567,0.000623,74.125.24.0-255,2902,60781,9,280037
24568,0.000625,74.125.24.0-255,1484,62265,9,280037
24569,0.000641,74.125.24.0-255,4320,66585,9,280037
24570,0.000644,172.31.36.0-255,66,66651,9,280037
24571,0.00065,172.31.36.0-255,66,66717,9,280037
24572,0.000656,74.125.24.0-255,4320,71037,9,280037
24573,0.000658,172.31.36.0-255,66,71103,9,280037
24574,0.000686,172.31.36.0-255,66,71169,9,280037
24575,0.000699,172.31.36.0-255,66,71235,9,280037
24576,0.000874,74.125.24.0-255,1484,72719,9,280037
24577,0.000892,74.125.24.0-255,2902,75621,9,280037
24578,0.000897,172.31.36.0-255,66,75687,9,280037
24579,0.000904,74.125.24.0-255,5738,81425,9,280037
24580,0.000907,172.31.36.0-255,66,81491,9,280037
24581,0.000947,172.31.36.0-255,66,81557,9,280037
24582,0.000959,172.31.36.0-255,66,81623,9,280037
24583,0.000962,74.125.24.0-255,766,82389,9,280037
24584,0.001365,172.31.36.0-255,66,82455,9,280037
24585,0.001658,74.125.24.0-255,1484,83939,9,280037
24586,0.001669,74.125.24.0-255,2902,86841,9,280037
24587,0.001673,172.31.36.0-255,66,86907,9,280037
24588,0.001681,74.125.24.0-255,5738,92645,9,280037
24589,0.001683,172.31.36.0-255,66,92711,9,280037
24590,0.001714,172.31.36.0-255,66,92777,9,280037
24591,0.001726,74.125.24.0-255,1484,94261,9,280037
24592,0.001755,74.125.24.0-255,7156,101417,9,280037
24593,0.001759,172.31.36.0-255,66,101483,9,280037
24594,0.001785,74.125.24.0-255,3602,105085,9,280037
24595,0.001788,172.31.36.0-255,66,105151,9,280037
24596,0.001801,172.31.36.0-255,66,105217,9,280037
24597,0.001812,172.31.36.0-255,66,105283,9,280037
24598,0.001847,172.31.36.0-255,66,105349,9,280037
24599,0.001851,74.125.24.0-255,2184,107533,9,280037
24600,0.001853,172.31.36.0-255,66,107599,9,280037
24601,0.001899,74.125.24.0-255,2902,110501,9,280037
24602,0.001903,172.31.36.0-255,66,110567,9,280037
24603,0.001908,74.125.24.0-255,1484,112051,9,280037
24604,0.001915,74.125.24.0-255,5738,117789,9,280037
24605,0.001918,172.31.36.0-255,66,117855,9,280037
24606,0.001972,74.125.24.0-255,5738,123593,9,280037
24607,0.001977,172.31.36.0-255,66,123659,9,280037
24608,0.002001,74.125.24.0-255,7156,130815,9,280037
24609,0.002004,172.31.36.0-255,66,130881,9,280037
24610,0.002015,172.31.36.0-255,66,130947,9,280037
24611,0.002021,74.125.24.0-255,5020,135967,9,280037
24612,0.002023,172.31.36.0-255,66,136033,9,280037
24613,0.002028,74.125.24.0-255,5738,141771,9,280037
24614,0.00203,172.31.36.0-255,66,141837,9,280037
24615,0.002048,172.31.36.0-255,66,141903,9,280037
24616,0.002081,74.125.24.0-255,2902,144805,9,280037
24617,0.002084,172.31.36.0-255,66,144871,9,280037
24618,0.002096,172.31.36.0-255,66,144937,9,280037
24619,0.004134,74.125.24.0-255,5738,150675,9,280037
24620,0.004141,172.31.36.0-255,66,150741,9,280037
24621,0.006193,74.125.24.0-255,4320,155061,9,280037
24622,0.006197,172.31.36.0-255,66,155127,9,280037
24623,0.006214,74.125.24.0-255,1484,156611,9,280037
24624,0.008229,74.125.24.0-255,4320,160931,9,280037
24625,0.008236,172.31.36.0-255,66,160997,9,280037
24626,0.010263,74.125.24.0-255,5738,166735,9,280037
24627,0.01027,172.31.36.0-255,66,166801,9,280037
24628,0.012298,74.125.24.0-255,5738,172539,9,280037
24629,0.012305,172.31.36.0-255,66,172605,9,280037
24630,0.014374,74.125.24.0-255,5738,178343,9,280037
24631,0.014384,172.31.36.0-255,66,178409,9,280037
24632,0.016423,74.125.24.0-255,5738,184147,9,280037
24633,0.016431,172.31.36.0-255,66,184213,9,280037
24634,0.018488,74.125.24.0-255,5738,189951,9,280037
24635,0.018495,172.31.36.0-255,66,190017,9,280037
24636,0.020528,74.125.24.0-255,5738,195755,9,280037
24637,0.020535,172.31.36.0-255,66,195821,9,280037
24638,0.022584,74.125.24.0-255,5738,201559,9,280037
24639,0.022591,172.31.36.0-255,66,201625,9,280037
24640,0.024624,74.125.24.0-255,5738,207363,9,280037
24641,0.024632,172.31.36.0-255,66,207429,9,280037
24642,0.026668,74.125.24.0-255,5738,213167,9,280037
24643,0.026674,172.31.36.0-255,66,213233,9,280037
24644,0.027627,172.31.36.0-255,199,213432,9,280037
24645,0.027657,172.31.36.0-255,1116,214548,9,280037
24646,0.027705,172.31.36.0-255,1514,216062,9,280037
24647,0.027707,172.31.36.0-255,1285,217347,9,280037
24648,0.028689,74.125.24.0-255,5738,223085,9,280037
24649,0.028695,172.31.36.0-255,66,223151,9,280037
24650,0.029141,104.244.42.0-255,66,223217,9,280037
24651,0.029183,104.244.42.0-255,66,223283,9,280037
24652,0.029277,104.244.42.0-255,66,223349,9,280037
24653,0.030746,74.125.24.0-255,5738,229087,9,280037
24654,0.030751,172.31.36.0-255,66,229153,9,280037
24655,0.032806,74.125.24.0-255,5738,234891,9,280037
24656,0.032811,172.31.36.0-255,66,234957,9,280037
24657,0.034873,74.125.24.0-255,5738,240695,9,280037
24658,0.034879,172.31.36.0-255,66,240761,9,280037
24659,0.036942,74.125.24.0-255,5738,246499,9,280037
24660,0.036947,172.31.36.0-255,66,246565,9,280037
24661,0.038983,74.125.24.0-255,5738,252303,9,280037
24662,0.038989,172.31.36.0-255,66,252369,9,280037
24663,0.041032,74.125.24.0-255,5738,258107,9,280037
24664,0.041037,172.31.36.0-255,66,258173,9,280037
24665,0.043067,74.125.24.0-255,5738,263911,9,280037
24666,0.043087,172.31.36.0-255,66,263977,9,280037
24667,0.045094,74.125.24.0-255,5738,269715,9,280037
24668,0.045099,172.31.36.0-255,66,269781,9,280037
24669,0.047111,74.125.24.0-255,4320,274101,9,280037
24670,0.047116,172.31.36.0-255,66,274167,9,280037
24671,0.047178,74.125.24.0-255,1484,275651,9,280037
24672,0.049135,74.125.24.0-255,4320,279971,9,280037
24673,0.049141,172.31.36.0-255,66,280037,9,280037
24674,0.0,172.253.118.0-255,150,150,9,347168
24675,2.5e-05,172.31.36.0-255,66,216,9,347168
24676,3.3e-05,172.253.118.0-255,1484,1700,9,347168
24677,3.7e-05,172.31.36.0-255,66,1766,9,347168
24678,4.4e-05,172.253.118.0-255,2902,4668,9,347168
24679,4.8e-05,172.31.36.0-255,66,4734,9,347168
24680,5.4e-05,172.253.118.0-255,4320,9054,9,347168
24681,5.6e-05,172.31.36.0-255,66,9120,9,347168
24682,6.2e-05,172.253.118.0-255,4902,14022,9,347168
24683,6.5e-05,172.31.36.0-255,66,14088,9,347168
24684,0.000106,172.253.118.0-255,1484,15572,9,347168
24685,0.000109,172.31.36.0-255,66,15638,9,347168
24686,0.000115,172.253.118.0-255,2902,18540,9,347168
24687,0.000117,172.31.36.0-255,66,18606,9,347168
24688,0.000125,172.253.118.0-255,5738,24344,9,347168
24689,0.000127,172.31.36.0-255,66,24410,9,347168
24690,0.000157,172.253.118.0-255,6797,31207,9,347168
24691,0.00016,172.31.36.0-255,66,31273,9,347168
24692,0.000274,172.253.118.0-255,1484,32757,9,347168
24693,0.000279,172.31.36.0-255,66,32823,9,347168
24694,0.000285,172.253.118.0-255,2902,35725,9,347168
24695,0.000287,172.31.36.0-255,66,35791,9,347168
24696,0.000293,172.253.118.0-255,5738,41529,9,347168
24697,0.000296,172.31.36.0-255,66,41595,9,347168
24698,0.000326,172.253.118.0-255,6797,48392,9,347168
24699,0.000329,172.31.36.0-255,66,48458,9,347168
24700,0.000334,172.253.118.0-255,4320,52778,9,347168
24701,0.000336,172.31.36.0-255,66,52844,9,347168
24702,0.000359,172.31.36.0-255,66,52910,9,347168
24703,0.000362,172.253.118.0-255,1484,54394,9,347168
24704,0.000364,172.31.36.0-255,66,54460,9,347168
24705,0.000395,172.253.118.0-255,1438,55898,9,347168
24706,0.000479,172.253.118.0-255,109,56007,9,347168
24707,0.000641,172.253.118.0-255,1484,57491,9,347168
24708,0.000647,172.31.36.0-255,66,57557,9,347168
24709,0.000654,172.253.118.0-255,2902,60459,9,347168
24710,0.000657,172.31.36.0-255,66,60525,9,347168
24711,0.000662,172.253.118.0-255,4320,64845,9,347168
24712,0.000664,172.31.36.0-255,66,64911,9,347168
24713,0.000684,172.253.118.0-255,1484,66395,9,347168
24714,0.00069,172.253.118.0-255,2902,69297,9,347168
24715,0.000693,172.31.36.0-255,66,69363,9,347168
24716,0.000732,172.31.36.0-255,66,69429,9,347168
24717,0.000739,172.253.118.0-255,7156,76585,9,347168
24718,0.00074,172.31.36.0-255,66,76651,9,347168
24719,0.000768,172.253.118.0-255,2543,79194,9,347168
24720,0.000771,172.31.36.0-255,66,79260,9,347168
24721,0.001071,172.253.118.0-255,1484,80744,9,347168
24722,0.001078,172.253.118.0-255,2902,83646,9,347168
24723,0.001082,172.31.36.0-255,66,83712,9,347168
24724,0.001089,172.253.118.0-255,5738,89450,9,347168
24725,0.001092,172.31.36.0-255,66,89516,9,347168
24726,0.001121,172.253.118.0-255,7156,96672,9,347168
24727,0.001125,172.31.36.0-255,66,96738,9,347168
24728,0.001129,172.253.118.0-255,2902,99640,9,347168
24729,0.001131,172.31.36.0-255,66,99706,9,347168
24730,0.001154,172.253.118.0-255,5738,105444,9,347168
24731,0.001157,172.31.36.0-255,66,105510,9,347168
24732,0.001163,172.253.118.0-255,4320,109830,9,347168
24733,0.001166,172.31.36.0-255,66,109896,9,347168
24734,0.001188,172.253.118.0-255,3602,113498,9,347168
24735,0.001192,172.31.36.0-255,66,113564,9,347168
24736,0.00121,172.253.118.0-255,1484,115048,9,347168
24737,0.001215,172.253.118.0-255,2902,117950,9,347168
24738,0.001218,172.31.36.0-255,66,118016,9,347168
24739,0.001242,172.253.118.0-255,5738,123754,9,347168
24740,0.001246,172.31.36.0-255,66,123820,9,347168
24741,0.001253,172.253.118.0-255,4320,128140,9,347168
24742,0.001255,172.31.36.0-255,66,128206,9,347168
24743,0.001278,172.31.36.0-255,66,128272,9,347168
24744,0.001285,172.253.118.0-255,7156,135428,9,347168
24745,0.001288,172.31.36.0-255,66,135494,9,347168
24746,0.001314,172.253.118.0-255,3602,139096,9,347168
24747,0.001317,172.31.36.0-255,66,139162,9,347168
24748,0.001509,172.253.118.0-255,1484,140646,9,347168
24749,0.001514,172.253.118.0-255,2902,143548,9,347168
24750,0.001517,172.31.36.0-255,66,143614,9,347168
24751,0.001539,172.253.118.0-255,5738,149352,9,347168
24752,0.001543,172.31.36.0-255,66,149418,9,347168
24753,0.00156,172.253.118.0-255,4320,153738,9,347168
24754,0.001562,172.31.36.0-255,66,153804,9,347168
24755,0.001601,172.31.36.0-255,66,153870,9,347168
24756,0.001612,172.31.36.0-255,66,153936,9,347168
24757,0.001616,172.253.118.0-255,2184,156120,9,347168
24758,0.001617,172.31.36.0-255,66,156186,9,347168
24759,0.001642,172.253.118.0-255,2902,159088,9,347168
24760,0.001645,172.31.36.0-255,66,159154,9,347168
24761,0.001668,172.253.118.0-255,7156,166310,9,347168
24762,0.001671,172.31.36.0-255,66,166376,9,347168
24763,0.001676,172.253.118.0-255,4320,170696,9,347168
24764,0.001678,172.31.36.0-255,66,170762,9,347168
24765,0.001693,172.253.118.0-255,1484,172246,9,347168
24766,0.001718,172.31.36.0-255,66,172312,9,347168
24767,0.001738,172.253.118.0-255,6438,178750,9,347168
24768,0.001742,172.31.36.0-255,66,178816,9,347168
24769,0.001793,172.253.118.0-255,1484,180300,9,347168
24770,0.001799,172.253.118.0-255,2902,183202,9,347168
24771,0.001801,172.31.36.0-255,66,183268,9,347168
24772,0.001808,172.253.118.0-255,5738,189006,9,347168
24773,0.001811,172.31.36.0-255,66,189072,9,347168
24774,0.001896,172.31.36.0-255,66,189138,9,347168
24775,0.001899,172.31.36.0-255,66,189204,9,347168
24776,0.001902,172.253.118.0-255,766,189970,9,347168
24777,0.00197,172.253.118.0-255,1484,191454,9,347168
24778,0.001974,172.31.36.0-255,66,191520,9,347168
24779,0.001979,172.253.118.0-255,2902,194422,9,347168
24780,0.001981,172.31.36.0-255,66,194488,9,347168
24781,0.002008,172.253.118.0-255,5738,200226,9,347168
24782,0.002012,172.31.36.0-255,66,200292,9,347168
24783,0.002028,172.253.118.0-255,7156,207448,9,347168
24784,0.00203,172.31.36.0-255,66,207514,9,347168
24785,0.002059,172.253.118.0-255,5738,213252,9,347168
24786,0.002061,172.31.36.0-255,66,213318,9,347168
24787,0.002069,172.253.118.0-255,7156,220474,9,347168
24788,0.002071,172.31.36.0-255,66,220540,9,347168
24789,0.002074,172.253.118.0-255,1484,222024,9,347168
24790,0.004075,172.253.118.0-255,4320,226344,9,347168
24791,0.00408,172.31.36.0-255,66,226410,9,347168
24792,0.006103,172.253.118.0-255,5738,232148,9,347168
24793,0.006109,172.31.36.0-255,66,232214,9,347168
24794,0.008144,172.253.118.0-255,5738,237952,9,347168
24795,0.008151,172.31.36.0-255,66,238018,9,347168
24796,0.010169,172.253.118.0-255,5738,243756,9,347168
24797,0.010175,172.31.36.0-255,66,243822,9,347168
24798,0.012185,172.253.118.0-255,5738,249560,9,347168
24799,0.012194,172.31.36.0-255,66,249626,9,347168
24800,0.014218,172.253.118.0-255,5738,255364,9,347168
24801,0.014227,172.31.36.0-255,66,255430,9,347168
24802,0.016232,172.253.118.0-255,5738,261168,9,347168
24803,0.016238,172.31.36.0-255,66,261234,9,347168
24804,0.018254,172.253.118.0-255,5738,266972,9,347168
24805,0.018261,172.31.36.0-255,66,267038,9,347168
24806,0.020278,172.253.118.0-255,5738,272776,9,347168
24807,0.020285,172.31.36.0-255,66,272842,9,347168
24808,0.022315,172.253.118.0-255,5738,278580,9,347168
24809,0.022322,172.31.36.0-255,66,278646,9,347168
24810,0.024325,172.253.118.0-255,5738,284384,9,347168
24811,0.024332,172.31.36.0-255,66,284450,9,347168
24812,0.026353,172.253.118.0-255,5738,290188,9,347168
24813,0.026361,172.31.36.0-255,66,290254,9,347168
24814,0.028389,172.253.118.0-255,5738,295992,9,347168
24815,0.028396,172.31.36.0-255,66,296058,9,347168
24816,0.030425,172.253.118.0-255,5738,301796,9,347168
24817,0.030433,172.31.36.0-255,66,301862,9,347168
24818,0.032451,172.253.118.0-255,5738,307600,9,347168
24819,0.032458,172.31.36.0-255,66,307666,9,347168
24820,0.034485,172.253.118.0-255,5738,313404,9,347168
24821,0.034492,172.31.36.0-255,66,313470,9,347168
24822,0.036506,172.253.118.0-255,5738,319208,9,347168
24823,0.036513,172.31.36.0-255,66,319274,9,347168
24824,0.038527,172.253.118.0-255,5738,325012,9,347168
24825,0.038533,172.31.36.0-255,66,325078,9,347168
24826,0.040562,172.253.118.0-255,5738,330816,9,347168
24827,0.040569,172.31.36.0-255,66,330882,9,347168
24828,0.042593,172.253.118.0-255,5738,336620,9,347168
24829,0.042604,172.31.36.0-255,66,336686,9,347168
24830,0.043567,172.31.36.0-255,172,336858,9,347168
24831,0.043619,172.31.36.0-255,1116,337974,9,347168
24832,0.043702,172.31.36.0-255,1514,339488,9,347168
24833,0.043704,172.31.36.0-255,1514,341002,9,347168
24834,0.043705,172.31.36.0-255,1514,342516,9,347168
24835,0.043706,172.31.36.0-255,609,343125,9,347168
24836,0.044615,172.253.118.0-255,3368,346493,9,347168
24837,0.044622,172.31.36.0-255,66,346559,9,347168
24838,0.044825,172.31.36.0-255,105,346664,9,347168
24839,0.045059,104.244.42.0-255,66,346730,9,347168
24840,0.045113,104.244.42.0-255,66,346796,9,347168
24841,0.045214,104.244.42.0-255,66,346862,9,347168
24842,0.045219,104.244.42.0-255,66,346928,9,347168
24843,0.046,104.244.42.0-255,108,347036,9,347168
24844,0.046007,172.31.36.0-255,66,347102,9,347168
24845,0.04679,172.253.118.0-255,66,347168,9,347168
24846,0.0,74.125.24.0-255,153,153,9,230133
24847,3.3e-05,172.31.36.0-255,66,219,9,230133
24848,4e-05,74.125.24.0-255,1484,1703,9,230133
24849,4.4e-05,172.31.36.0-255,66,1769,9,230133
24850,4.9e-05,74.125.24.0-255,2902,4671,9,230133
24851,5.2e-05,172.31.36.0-255,66,4737,9,230133
24852,5.8e-05,74.125.24.0-255,7156,11893,9,230133
24853,6.1e-05,172.31.36.0-255,66,11959,9,230133
24854,6.7e-05,74.125.24.0-255,4911,16870,9,230133
24855,7e-05,172.31.36.0-255,66,16936,9,230133
24856,0.00013,172.31.36.0-255,66,17002,9,230133
24857,0.000256,74.125.24.0-255,1484,18486,9,230133
24858,0.00026,172.31.36.0-255,66,18552,9,230133
24859,0.000266,74.125.24.0-255,2902,21454,9,230133
24860,0.000268,172.31.36.0-255,66,21520,9,230133
24861,0.000287,74.125.24.0-255,1484,23004,9,230133
24862,0.00029,172.31.36.0-255,66,23070,9,230133
24863,0.000312,74.125.24.0-255,4320,27390,9,230133
24864,0.000316,172.31.36.0-255,66,27456,9,230133
24865,0.000336,74.125.24.0-255,5738,33194,9,230133
24866,0.000338,172.31.36.0-255,66,33260,9,230133
24867,0.00037,74.125.24.0-255,4320,37580,9,230133
24868,0.000374,172.31.36.0-255,66,37646,9,230133
24869,0.000388,74.125.24.0-255,1125,38771,9,230133
24870,0.000392,172.31.36.0-255,66,38837,9,230133
24871,0.000399,74.125.24.0-255,5738,44575,9,230133
24872,0.000402,172.31.36.0-255,66,44641,9,230133
24873,0.000421,74.125.24.0-255,6797,51438,9,230133
24874,0.000424,172.31.36.0-255,66,51504,9,230133
24875,0.000462,74.125.24.0-255,645,52149,9,230133
24876,0.000465,172.31.36.0-255,66,52215,9,230133
24877,0.000827,74.125.24.0-255,1484,53699,9,230133
24878,0.000834,74.125.24.0-255,1484,55183,9,230133
24879,0.000837,172.31.36.0-255,66,55249,9,230133
24880,0.000859,74.125.24.0-255,1484,56733,9,230133
24881,0.000866,74.125.24.0-255,5738,62471,9,230133
24882,0.000869,172.31.36.0-255,66,62537,9,230133
24883,0.000876,74.125.24.0-255,5738,68275,9,230133
24884,0.000878,172.31.36.0-255,66,68341,9,230133
24885,0.000918,172.31.36.0-255,66,68407,9,230133
24886,0.000924,74.125.24.0-255,5020,73427,9,230133
24887,0.000926,172.31.36.0-255,66,73493,9,230133
24888,0.001496,74.125.24.0-255,1484,74977,9,230133
24889,0.001507,74.125.24.0-255,2902,77879,9,230133
24890,0.001512,172.31.36.0-255,66,77945,9,230133
24891,0.001519,74.125.24.0-255,4320,82265,9,230133
24892,0.001521,172.31.36.0-255,66,82331,9,230133
24893,0.001536,74.125.24.0-255,1484,83815,9,230133
24894,0.00154,74.125.24.0-255,2902,86717,9,230133
24895,0.001542,172.31.36.0-255,66,86783,9,230133
24896,0.001569,74.125.24.0-255,2902,89685,9,230133
24897,0.001572,172.31.36.0-255,66,89751,9,230133
24898,0.001585,172.31.36.0-255,66,89817,9,230133
24899,0.001591,74.125.24.0-255,5020,94837,9,230133
24900,0.001593,172.31.36.0-255,66,94903,9,230133
24901,0.002388,74.125.24.0-255,1484,96387,9,230133
24902,0.002395,74.125.24.0-255,2902,99289,9,230133
24903,0.0024,172.31.36.0-255,66,99355,9,230133
24904,0.002406,74.125.24.0-255,4320,103675,9,230133
24905,0.002408,172.31.36.0-255,66,103741,9,230133
24906,0.002421,74.125.24.0-255,1484,105225,9,230133
24907,0.00245,74.125.24.0-255,4320,109545,9,230133
24908,0.002452,172.31.36.0-255,66,109611,9,230133
24909,0.002477,74.125.24.0-255,7156,116767,9,230133
24910,0.002479,172.31.36.0-255,66,116833,9,230133
24911,0.002503,172.31.36.0-255,66,116899,9,230133
24912,0.00252,74.125.24.0-255,3602,120501,9,230133
24913,0.002522,172.31.36.0-255,66,120567,9,230133
24914,0.005092,74.125.24.0-255,5738,126305,9,230133
24915,0.005097,172.31.36.0-255,66,126371,9,230133
24916,0.007702,74.125.24.0-255,5738,132109,9,230133
24917,0.00771,172.31.36.0-255,66,132175,9,230133
24918,0.010433,74.125.24.0-255,5738,137913,9,230133
24919,0.010494,172.31.36.0-255,66,137979,9,230133
24920,0.013082,74.125.24.0-255,5738,143717,9,230133
24921,0.013092,172.31.36.0-255,66,143783,9,230133
24922,0.015661,74.125.24.0-255,5738,149521,9,230133
24923,0.015671,172.31.36.0-255,66,149587,9,230133
24924,0.018287,74.125.24.0-255,5738,155325,9,230133
24925,0.018298,172.31.36.0-255,66,155391,9,230133
24926,0.020849,74.125.24.0-255,5738,161129,9,230133
24927,0.020858,172.31.36.0-255,66,161195,9,230133
24928,0.023455,74.125.24.0-255,5738,166933,9,230133
24929,0.023463,172.31.36.0-255,66,166999,9,230133
24930,0.026006,74.125.24.0-255,5738,172737,9,230133
24931,0.026014,172.31.36.0-255,66,172803,9,230133
24932,0.028587,74.125.24.0-255,5738,178541,9,230133
24933,0.028598,172.31.36.0-255,66,178607,9,230133
24934,0.031183,74.125.24.0-255,4320,182927,9,230133
24935,0.031194,172.31.36.0-255,66,182993,9,230133
24936,0.031215,74.125.24.0-255,1484,184477,9,230133
24937,0.032731,172.31.36.0-255,172,184649,9,230133
24938,0.032766,172.31.36.0-255,1117,185766,9,230133
24939,0.032808,172.31.36.0-255,1514,187280,9,230133
24940,0.03281,172.31.36.0-255,1514,188794,9,230133
24941,0.032815,172.31.36.0-255,1514,190308,9,230133
24942,0.032816,172.31.36.0-255,1514,191822,9,230133
24943,0.032834,172.31.36.0-255,1499,193321,9,230133
24944,0.033745,74.125.24.0-255,2902,196223,9,230133
24945,0.033752,172.31.36.0-255,66,196289,9,230133
24946,0.034315,104.244.42.0-255,66,196355,9,230133
24947,0.034485,104.244.42.0-255,66,196421,9,230133
24948,0.034487,104.244.42.0-255,66,196487,9,230133
24949,0.035464,104.244.42.0-255,108,196595,9,230133
24950,0.035484,172.31.36.0-255,66,196661,9,230133
24951,0.036268,74.125.24.0-255,5738,202399,9,230133
24952,0.036272,172.31.36.0-255,66,202465,9,230133
24953,0.038827,74.125.24.0-255,4320,206785,9,230133
24954,0.038833,172.31.36.0-255,66,206851,9,230133
24955,0.038855,74.125.24.0-255,1484,208335,9,230133
24956,0.0414,74.125.24.0-255,4320,212655,9,230133
24957,0.041406,172.31.36.0-255,66,212721,9,230133
24958,0.043975,74.125.24.0-255,5738,218459,9,230133
24959,0.043982,172.31.36.0-255,66,218525,9,230133
24960,0.046511,74.125.24.0-255,5738,224263,9,230133
24961,0.046517,172.31.36.0-255,66,224329,9,230133
24962,0.049106,74.125.24.0-255,5738,230067,9,230133
24963,0.049111,172.31.36.0-255,66,230133,9,230133
24964,0.0,74.125.24.0-255,146,146,9,321614
24965,1.7e-05,172.31.36.0-255,66,212,9,321614
24966,2.3e-05,74.125.24.0-255,1484,1696,9,321614
24967,2.7e-05,172.31.36.0-255,66,1762,9,321614
24968,5.7e-05,74.125.24.0-255,2902,4664,9,321614
24969,6e-05,172.31.36.0-255,66,4730,9,321614
24970,6.5e-05,74.125.24.0-255,2902,7632,9,321614
24971,6.8e-05,172.31.36.0-255,66,7698,9,321614
24972,9.4e-05,74.125.24.0-255,2902,10600,9,321614
24973,9.7e-05,172.31.36.0-255,66,10666,9,321614
24974,0.000102,74.125.24.0-255,3474,14140,9,321614
24975,0.000104,172.31.36.0-255,66,14206,9,321614
24976,0.000293,74.125.24.0-255,1484,15690,9,321614
24977,0.000298,172.31.36.0-255,66,15756,9,321614
24978,0.000305,74.125.24.0-255,2902,18658,9,321614
24979,0.000308,172.31.36.0-255,66,18724,9,321614
24980,0.000327,74.125.24.0-255,4320,23044,9,321614
24981,0.00033,172.31.36.0-255,66,23110,9,321614
24982,0.000345,74.125.24.0-255,1484,24594,9,321614
24983,0.000348,172.31.36.0-255,66,24660,9,321614
24984,0.000356,74.125.24.0-255,6797,31457,9,321614
24985,0.000359,172.31.36.0-255,66,31523,9,321614
24986,0.000392,74.125.24.0-255,7156,38679,9,321614
24987,0.000395,172.31.36.0-255,66,38745,9,321614
24988,0.000401,74.125.24.0-255,4320,43065,9,321614
24989,0.000403,172.31.36.0-255,66,43131,9,321614
24990,0.00044,74.125.24.0-255,2902,46033,9,321614
24991,0.000443,172.31.36.0-255,66,46099,9,321614
24992,0.000477,172.31.36.0-255,66,46165,9,321614
24993,0.000484,74.125.24.0-255,5738,51903,9,321614
24994,0.000486,172.31.36.0-255,66,51969,9,321614
24995,0.000518,74.125.24.0-255,3602,55571,9,321614
24996,0.000521,172.31.36.0-255,66,55637,9,321614
24997,0.000538,74.125.24.0-255,444,56081,9,321614
24998,0.00054,172.31.36.0-255,66,56147,9,321614
24999,0.000614,74.125.24.0-255,331,56478,9,321614
25000,0.000618,172.31.36.0-255,66,56544,9,321614
25001,0.000916,74.125.24.0-255,1484,58028,9,321614
25002,0.000921,172.31.36.0-255,66,58094,9,321614
25003,0.000927,74.125.24.0-255,2902,60996,9,321614
25004,0.000929,172.31.36.0-255,66,61062,9,321614
25005,0.000948,74.125.24.0-255,5738,66800,9,321614
25006,0.000951,172.31.36.0-255,66,66866,9,321614
25007,0.000972,74.125.24.0-255,1484,68350,9,321614
25008,0.000975,172.31.36.0-255,66,68416,9,321614
25009,0.001015,172.31.36.0-255,66,68482,9,321614
25010,0.00105,172.31.36.0-255,66,68548,9,321614
25011,0.00126,74.125.24.0-255,1484,70032,9,321614
25012,0.001266,74.125.24.0-255,2902,72934,9,321614
25013,0.001269,172.31.36.0-255,66,73000,9,321614
25014,0.001323,74.125.24.0-255,5738,78738,9,321614
25015,0.001332,74.125.24.0-255,5738,84476,9,321614
25016,0.001338,172.31.36.0-255,66,84542,9,321614
25017,0.001361,74.125.24.0-255,7156,91698,9,321614
25018,0.001397,74.125.24.0-255,2184,93882,9,321614
25019,0.001404,172.31.36.0-255,66,93948,9,321614
25020,0.001414,74.125.24.0-255,2902,96850,9,321614
25021,0.001429,74.125.24.0-255,4320,101170,9,321614
25022,0.001441,172.31.36.0-255,66,101236,9,321614
25023,0.001451,74.125.24.0-255,2902,104138,9,321614
25024,0.001454,74.125.24.0-255,2902,107040,9,321614
25025,0.00146,172.31.36.0-255,66,107106,9,321614
25026,0.001473,74.125.24.0-255,7156,114262,9,321614
25027,0.001489,74.125.24.0-255,2902,117164,9,321614
25028,0.001512,172.31.36.0-255,66,117230,9,321614
25029,0.001518,74.125.24.0-255,5020,122250,9,321614
25030,0.001528,172.31.36.0-255,66,122316,9,321614
25031,0.00157,172.31.36.0-255,66,122382,9,321614
25032,0.001606,172.31.36.0-255,66,122448,9,321614
25033,0.001615,74.125.24.0-255,2184,124632,9,321614
25034,0.001617,74.125.24.0-255,1484,126116,9,321614
25035,0.001628,74.125.24.0-255,1484,127600,9,321614
25036,0.001631,172.31.36.0-255,66,127666,9,321614
25037,0.001643,74.125.24.0-255,7156,134822,9,321614
25038,0.001664,172.31.36.0-255,66,134888,9,321614
25039,0.001716,172.31.36.0-255,66,134954,9,321614
25040,0.001732,74.125.24.0-255,1484,136438,9,321614
25041,0.00174,74.125.24.0-255,6438,142876,9,321614
25042,0.001757,172.31.36.0-255,66,142942,9,321614
25043,0.001814,74.125.24.0-255,1484,144426,9,321614
25044,0.00182,74.125.24.0-255,2902,147328,9,321614
25045,0.001832,74.125.24.0-255,1484,148812,9,321614
25046,0.001847,74.125.24.0-255,4320,153132,9,321614
25047,0.001849,74.125.24.0-255,1484,154616,9,321614
25048,0.001852,172.31.36.0-255,66,154682,9,321614
25049,0.001862,172.31.36.0-255,66,154748,9,321614
25050,0.001866,74.125.24.0-255,1484,156232,9,321614
25051,0.001885,74.125.24.0-255,4320,160552,9,321614
25052,0.001906,74.125.24.0-255,5738,166290,9,321614
25053,0.001912,74.125.24.0-255,5738,172028,9,321614
25054,0.001915,172.31.36.0-255,66,172094,9,321614
25055,0.001929,74.125.24.0-255,5020,177114,9,321614
25056,0.001932,172.31.36.0-255,66,177180,9,321614
25057,0.001962,172.31.36.0-255,66,177246,9,321614
25058,0.004072,74.125.24.0-255,5738,182984,9,321614
25059,0.004079,172.31.36.0-255,66,183050,9,321614
25060,0.006142,74.125.24.0-255,5738,188788,9,321614
25061,0.006148,172.31.36.0-255,66,188854,9,321614
25062,0.008206,74.125.24.0-255,5738,194592,9,321614
25063,0.008212,172.31.36.0-255,66,194658,9,321614
25064,0.010235,74.125.24.0-255,5738,200396,9,321614
25065,0.010242,172.31.36.0-255,66,200462,9,321614
25066,0.012314,74.125.24.0-255,5738,206200,9,321614
25067,0.012321,172.31.36.0-255,66,206266,9,321614
25068,0.014372,74.125.24.0-255,5738,212004,9,321614
25069,0.014382,172.31.36.0-255,66,212070,9,321614
25070,0.016451,74.125.24.0-255,5738,217808,9,321614
25071,0.016458,172.31.36.0-255,66,217874,9,321614
25072,0.018517,74.125.24.0-255,5738,223612,9,321614
25073,0.018525,172.31.36.0-255,66,223678,9,321614
25074,0.020617,74.125.24.0-255,5738,229416,9,321614
25075,0.020626,172.31.36.0-255,66,229482,9,321614
25076,0.022703,74.125.24.0-255,2902,232384,9,321614
25077,0.02271,172.31.36.0-255,66,232450,9,321614
25078,0.022731,74.125.24.0-255,2902,235352,9,321614
25079,0.022756,172.31.36.0-255,66,235418,9,321614
25080,0.024769,74.125.24.0-255,2902,238320,9,321614
25081,0.024776,172.31.36.0-255,66,238386,9,321614
25082,0.024804,74.125.24.0-255,2902,241288,9,321614
25083,0.024824,172.31.36.0-255,66,241354,9,321614
25084,0.026835,74.125.24.0-255,2902,244256,9,321614
25085,0.026843,172.31.36.0-255,66,244322,9,321614
25086,0.02688,74.125.24.0-255,2902,247224,9,321614
25087,0.026901,172.31.36.0-255,66,247290,9,321614
25088,0.028888,74.125.24.0-255,2902,250192,9,321614
25089,0.028896,172.31.36.0-255,66,250258,9,321614
25090,0.028936,74.125.24.0-255,2902,253160,9,321614
25091,0.028957,172.31.36.0-255,66,253226,9,321614
25092,0.030938,74.125.24.0-255,2902,256128,9,321614
25093,0.030946,172.31.36.0-255,66,256194,9,321614
25094,0.030986,74.125.24.0-255,2902,259096,9,321614
25095,0.031007,172.31.36.0-255,66,259162,9,321614
25096,0.033013,74.125.24.0-255,2902,262064,9,321614
25097,0.03302,172.31.36.0-255,66,262130,9,321614
25098,0.033043,74.125.24.0-255,2902,265032,9,321614
25099,0.03308,172.31.36.0-255,66,265098,9,321614
25100,0.035075,74.125.24.0-255,2902,268000,9,321614
25101,0.035083,172.31.36.0-255,66,268066,9,321614
25102,0.035124,74.125.24.0-255,2902,270968,9,321614
25103,0.035141,172.31.36.0-255,66,271034,9,321614
25104,0.037152,74.125.24.0-255,2902,273936,9,321614
25105,0.037159,172.31.36.0-255,66,274002,9,321614
25106,0.037191,74.125.24.0-255,2902,276904,9,321614
25107,0.037214,172.31.36.0-255,66,276970,9,321614
25108,0.03786,172.31.36.0-255,172,277142,9,321614
25109,0.037893,172.31.36.0-255,1117,278259,9,321614
25110,0.037959,172.31.36.0-255,1514,279773,9,321614
25111,0.037961,172.31.36.0-255,1514,281287,9,321614
25112,0.037962,172.31.36.0-255,1514,282801,9,321614
25113,0.037967,172.31.36.0-255,1514,284315,9,321614
25114,0.037968,172.31.36.0-255,1485,285800,9,321614
25115,0.039213,74.125.24.0-255,2902,288702,9,321614
25116,0.039221,172.31.36.0-255,66,288768,9,321614
25117,0.03926,74.125.24.0-255,2902,291670,9,321614
25118,0.039378,172.31.36.0-255,66,291736,9,321614
25119,0.0394,104.244.42.0-255,66,291802,9,321614
25120,0.039468,104.244.42.0-255,66,291868,9,321614
25121,0.039518,104.244.42.0-255,66,291934,9,321614
25122,0.04126,74.125.24.0-255,2902,294836,9,321614
25123,0.041267,172.31.36.0-255,66,294902,9,321614
25124,0.041416,74.125.24.0-255,2902,297804,9,321614
25125,0.041421,172.31.36.0-255,66,297870,9,321614
25126,0.043352,74.125.24.0-255,2902,300772,9,321614
25127,0.043358,172.31.36.0-255,66,300838,9,321614
25128,0.043502,74.125.24.0-255,2902,303740,9,321614
25129,0.043507,172.31.36.0-255,66,303806,9,321614
25130,0.045417,74.125.24.0-255,2902,306708,9,321614
25131,0.045424,172.31.36.0-255,66,306774,9,321614
25132,0.045532,74.125.24.0-255,2902,309676,9,321614
25133,0.045536,172.31.36.0-255,66,309742,9,321614
25134,0.047502,74.125.24.0-255,2902,312644,9,321614
25135,0.047508,172.31.36.0-255,66,312710,9,321614
25136,0.047605,74.125.24.0-255,2902,315612,9,321614
25137,0.047609,172.31.36.0-255,66,315678,9,321614
25138,0.049545,74.125.24.0-255,2902,318580,9,321614
25139,0.049551,172.31.36.0-255,66,318646,9,321614
25140,0.049629,74.125.24.0-255,2902,321548,9,321614
25141,0.049648,172.31.36.0-255,66,321614,9,321614
25142,0.0,74.125.68.0-255,146,146,9,204147
25143,3.5e-05,172.31.36.0-255,66,212,9,204147
25144,4.1e-05,74.125.68.0-255,1484,1696,9,204147
25145,4.6e-05,172.31.36.0-255,66,1762,9,204147
25146,5.1e-05,74.125.68.0-255,2902,4664,9,204147
25147,5.3e-05,172.31.36.0-255,66,4730,9,204147
25148,5.9e-05,74.125.68.0-255,5738,10468,9,204147
25149,6.2e-05,172.31.36.0-255,66,10534,9,204147
25150,8.5e-05,74.125.68.0-255,3393,13927,9,204147
25151,8.8e-05,172.31.36.0-255,66,13993,9,204147
25152,0.000763,74.125.68.0-255,1484,15477,9,204147
25153,0.000769,172.31.36.0-255,66,15543,9,204147
25154,0.000779,74.125.68.0-255,2902,18445,9,204147
25155,0.000781,172.31.36.0-255,66,18511,9,204147
25156,0.000785,74.125.68.0-255,1484,19995,9,204147
25157,0.000787,172.31.36.0-255,66,20061,9,204147
25158,0.000808,74.125.68.0-255,1484,21545,9,204147
25159,0.00081,172.31.36.0-255,66,21611,9,204147
25160,0.000816,74.125.68.0-255,4320,25931,9,204147
25161,0.000818,172.31.36.0-255,66,25997,9,204147
25162,0.000846,74.125.68.0-255,5379,31376,9,204147
25163,0.000849,172.31.36.0-255,66,31442,9,204147
25164,0.00119,74.125.68.0-255,1484,32926,9,204147
25165,0.001196,172.31.36.0-255,66,32992,9,204147
25166,0.001202,74.125.68.0-255,2902,35894,9,204147
25167,0.001204,172.31.36.0-255,66,35960,9,204147
25168,0.001229,74.125.68.0-255,5738,41698,9,204147
25169,0.001231,172.31.36.0-255,66,41764,9,204147
25170,0.001238,74.125.68.0-255,5738,47502,9,204147
25171,0.00124,172.31.36.0-255,66,47568,9,204147
25172,0.001262,74.125.68.0-255,1484,49052,9,204147
25173,0.001264,172.31.36.0-255,66,49118,9,204147
25174,0.001281,74.125.68.0-255,5379,54497,9,204147
25175,0.001284,74.125.68.0-255,1484,55981,9,204147
25176,0.001304,74.125.68.0-255,5738,61719,9,204147
25177,0.001335,74.125.68.0-255,3961,65680,9,204147
25178,0.001856,74.125.68.0-255,646,66326,9,204147
25179,0.002013,74.125.68.0-255,1484,67810,9,204147
25180,0.003302,172.31.36.0-255,66,67876,9,204147
25181,0.005329,74.125.68.0-255,5738,73614,9,204147
25182,0.005341,172.31.36.0-255,66,73680,9,204147
25183,0.007365,74.125.68.0-255,5738,79418,9,204147
25184,0.007378,172.31.36.0-255,66,79484,9,204147
25185,0.009394,74.125.68.0-255,5738,85222,9,204147
25186,0.009407,172.31.36.0-255,66,85288,9,204147
25187,0.011411,74.125.68.0-255,5738,91026,9,204147
25188,0.013636,172.31.36.0-255,66,91092,9,204147
25189,0.015654,74.125.68.0-255,5738,96830,9,204147
25190,0.015665,172.31.36.0-255,66,96896,9,204147
25191,0.017667,74.125.68.0-255,5738,102634,9,204147
25192,0.017673,172.31.36.0-255,66,102700,9,204147
25193,0.019671,74.125.68.0-255,5738,108438,9,204147
25194,0.019678,172.31.36.0-255,66,108504,9,204147
25195,0.021692,74.125.68.0-255,5738,114242,9,204147
25196,0.0217,172.31.36.0-255,66,114308,9,204147
25197,0.023748,74.125.68.0-255,5738,120046,9,204147
25198,0.023762,172.31.36.0-255,66,120112,9,204147
25199,0.025784,74.125.68.0-255,5738,125850,9,204147
25200,0.025799,172.31.36.0-255,66,125916,9,204147
25201,0.027831,74.125.68.0-255,5738,131654,9,204147
25202,0.027839,172.31.36.0-255,66,131720,9,204147
25203,0.029844,74.125.68.0-255,5738,137458,9,204147
25204,0.029851,172.31.36.0-255,66,137524,9,204147
25205,0.031863,74.125.68.0-255,5738,143262,9,204147
25206,0.03187,172.31.36.0-255,66,143328,9,204147
25207,0.033882,74.125.68.0-255,5738,149066,9,204147
25208,0.033889,172.31.36.0-255,66,149132,9,204147
25209,0.035886,74.125.68.0-255,5738,154870,9,204147
25210,0.035892,172.31.36.0-255,66,154936,9,204147
25211,0.036707,172.31.36.0-255,188,155124,9,204147
25212,0.036741,172.31.36.0-255,960,156084,9,204147
25213,0.036798,172.31.36.0-255,1514,157598,9,204147
25214,0.036801,172.31.36.0-255,1514,159112,9,204147
25215,0.036802,172.31.36.0-255,1514,160626,9,204147
25216,0.036804,172.31.36.0-255,1514,162140,9,204147
25217,0.036831,172.31.36.0-255,1514,163654,9,204147
25218,0.036837,172.31.36.0-255,953,164607,9,204147
25219,0.037909,74.125.68.0-255,5738,170345,9,204147
25220,0.037915,172.31.36.0-255,66,170411,9,204147
25221,0.03822,104.244.42.0-255,66,170477,9,204147
25222,0.038308,104.244.42.0-255,66,170543,9,204147
25223,0.038395,104.244.42.0-255,66,170609,9,204147
25224,0.038398,104.244.42.0-255,66,170675,9,204147
25225,0.039927,74.125.68.0-255,5738,176413,9,204147
25226,0.039934,172.31.36.0-255,66,176479,9,204147
25227,0.041938,74.125.68.0-255,5738,182217,9,204147
25228,0.041943,172.31.36.0-255,66,182283,9,204147
25229,0.043936,74.125.68.0-255,5738,188021,9,204147
25230,0.043942,172.31.36.0-255,66,188087,9,204147
25231,0.045941,74.125.68.0-255,4320,192407,9,204147
25232,0.045946,172.31.36.0-255,66,192473,9,204147
25233,0.045978,74.125.68.0-255,1484,193957,9,204147
25234,0.04794,74.125.68.0-255,4320,198277,9,204147
25235,0.047945,172.31.36.0-255,66,198343,9,204147
25236,0.049939,74.125.68.0-255,5738,204081,9,204147
25237,0.049992,172.31.36.0-255,66,204147,9,204147
25238,0.0,74.125.24.0-255,153,153,9,255182
25239,2.8e-05,172.31.36.0-255,66,219,9,255182
25240,3.4e-05,74.125.24.0-255,1484,1703,9,255182
25241,3.8e-05,172.31.36.0-255,66,1769,9,255182
25242,4.4e-05,74.125.24.0-255,2902,4671,9,255182
25243,4.8e-05,172.31.36.0-255,66,4737,9,255182
25244,5.1e-05,74.125.24.0-255,1484,6221,9,255182
25245,5.4e-05,172.31.36.0-255,66,6287,9,255182
25246,5.9e-05,74.125.24.0-255,5738,12025,9,255182
25247,6.2e-05,172.31.36.0-255,66,12091,9,255182
25248,8.5e-05,74.125.24.0-255,5738,17829,9,255182
25249,8.8e-05,172.31.36.0-255,66,17895,9,255182
25250,0.000113,172.31.36.0-255,66,17961,9,255182
25251,0.00012,74.125.24.0-255,5379,23340,9,255182
25252,0.000122,172.31.36.0-255,66,23406,9,255182
25253,0.000164,74.125.24.0-255,1484,24890,9,255182
25254,0.000167,172.31.36.0-255,66,24956,9,255182
25255,0.000172,74.125.24.0-255,2902,27858,9,255182
25256,0.000174,172.31.36.0-255,66,27924,9,255182
25257,0.00018,74.125.24.0-255,5738,33662,9,255182
25258,0.000182,172.31.36.0-255,66,33728,9,255182
25259,0.000203,74.125.24.0-255,5738,39466,9,255182
25260,0.000205,172.31.36.0-255,66,39532,9,255182
25261,0.00023,74.125.24.0-255,5738,45270,9,255182
25262,0.000233,172.31.36.0-255,66,45336,9,255182
25263,0.000261,172.31.36.0-255,66,45402,9,255182
25264,0.000266,74.125.24.0-255,4235,49637,9,255182
25265,0.000268,172.31.36.0-255,66,49703,9,255182
25266,0.000761,74.125.24.0-255,132,49835,9,255182
25267,0.000765,172.31.36.0-255,66,49901,9,255182
25268,0.000769,74.125.24.0-255,345,50246,9,255182
25269,0.000803,172.31.36.0-255,66,50312,9,255182
25270,0.001489,74.125.24.0-255,1484,51796,9,255182
25271,0.001501,74.125.24.0-255,2902,54698,9,255182
25272,0.001505,74.125.24.0-255,1484,56182,9,255182
25273,0.001528,74.125.24.0-255,2902,59084,9,255182
25274,0.001534,74.125.24.0-255,7156,66240,9,255182
25275,0.001548,74.125.24.0-255,1484,67724,9,255182
25276,0.001557,172.31.36.0-255,66,67790,9,255182
25277,0.00157,74.125.24.0-255,7156,74946,9,255182
25278,0.001576,172.31.36.0-255,66,75012,9,255182
25279,0.001587,74.125.24.0-255,7156,82168,9,255182
25280,0.001619,74.125.24.0-255,2184,84352,9,255182
25281,0.001637,172.31.36.0-255,66,84418,9,255182
25282,0.00177,74.125.24.0-255,1484,85902,9,255182
25283,0.001775,74.125.24.0-255,1484,87386,9,255182
25284,0.001787,74.125.24.0-255,1484,88870,9,255182
25285,0.001789,74.125.24.0-255,1484,90354,9,255182
25286,0.001797,172.31.36.0-255,66,90420,9,255182
25287,0.001807,74.125.24.0-255,4320,94740,9,255182
25288,0.00181,74.125.24.0-255,1484,96224,9,255182
25289,0.001813,172.31.36.0-255,66,96290,9,255182
25290,0.001856,172.31.36.0-255,66,96356,9,255182
25291,0.001872,74.125.24.0-255,5738,102094,9,255182
25292,0.00189,74.125.24.0-255,5020,107114,9,255182
25293,0.001893,172.31.36.0-255,66,107180,9,255182
25294,0.001952,74.125.24.0-255,1484,108664,9,255182
25295,0.001965,74.125.24.0-255,2902,111566,9,255182
25296,0.00197,172.31.36.0-255,66,111632,9,255182
25297,0.001979,74.125.24.0-255,4320,115952,9,255182
25298,0.001983,172.31.36.0-255,66,116018,9,255182
25299,0.001993,74.125.24.0-255,1484,117502,9,255182
25300,0.002004,74.125.24.0-255,1484,118986,9,255182
25301,0.002016,74.125.24.0-255,2902,121888,9,255182
25302,0.002037,74.125.24.0-255,5738,127626,9,255182
25303,0.002042,172.31.36.0-255,66,127692,9,255182
25304,0.002076,74.125.24.0-255,5020,132712,9,255182
25305,0.002096,172.31.36.0-255,66,132778,9,255182
25306,0.00436,74.125.24.0-255,4320,137098,9,255182
25307,0.004365,172.31.36.0-255,66,137164,9,255182
25308,0.004383,74.125.24.0-255,1484,138648,9,255182
25309,0.006637,74.125.24.0-255,4320,142968,9,255182
25310,0.006643,172.31.36.0-255,66,143034,9,255182
25311,0.008925,74.125.24.0-255,5738,148772,9,255182
25312,0.008975,172.31.36.0-255,66,148838,9,255182
25313,0.011324,74.125.24.0-255,5738,154576,9,255182
25314,0.011331,172.31.36.0-255,66,154642,9,255182
25315,0.013632,74.125.24.0-255,5738,160380,9,255182
25316,0.01364,172.31.36.0-255,66,160446,9,255182
25317,0.015996,74.125.24.0-255,5738,166184,9,255182
25318,0.016007,172.31.36.0-255,66,166250,9,255182
25319,0.018283,74.125.24.0-255,5738,171988,9,255182
25320,0.018293,172.31.36.0-255,66,172054,9,255182
25321,0.020581,74.125.24.0-255,5738,177792,9,255182
25322,0.020589,172.31.36.0-255,66,177858,9,255182
25323,0.022909,74.125.24.0-255,5738,183596,9,255182
25324,0.022916,172.31.36.0-255,66,183662,9,255182
25325,0.025196,74.125.24.0-255,5738,189400,9,255182
25326,0.025205,172.31.36.0-255,66,189466,9,255182
25327,0.027524,74.125.24.0-255,5738,195204,9,255182
25328,0.027534,172.31.36.0-255,66,195270,9,255182
25329,0.029827,74.125.24.0-255,5738,201008,9,255182
25330,0.029837,172.31.36.0-255,66,201074,9,255182
25331,0.031715,172.31.36.0-255,172,201246,9,255182
25332,0.031758,172.31.36.0-255,1116,202362,9,255182
25333,0.031836,172.31.36.0-255,1514,203876,9,255182
25334,0.03184,172.31.36.0-255,1514,205390,9,255182
25335,0.031841,172.31.36.0-255,1514,206904,9,255182
25336,0.031846,172.31.36.0-255,1514,208418,9,255182
25337,0.031847,172.31.36.0-255,1486,209904,9,255182
25338,0.03215,74.125.24.0-255,5738,215642,9,255182
25339,0.032157,172.31.36.0-255,66,215708,9,255182
25340,0.033265,104.244.42.0-255,66,215774,9,255182
25341,0.033368,104.244.42.0-255,66,215840,9,255182
25342,0.033438,104.244.42.0-255,66,215906,9,255182
25343,0.034484,74.125.24.0-255,4320,220226,9,255182
25344,0.034488,172.31.36.0-255,66,220292,9,255182
25345,0.034533,74.125.24.0-255,1484,221776,9,255182
25346,0.036762,74.125.24.0-255,4320,226096,9,255182
25347,0.036768,172.31.36.0-255,66,226162,9,255182
25348,0.039079,74.125.24.0-255,5738,231900,9,255182
25349,0.039131,172.31.36.0-255,66,231966,9,255182
25350,0.041408,74.125.24.0-255,5738,237704,9,255182
25351,0.041414,172.31.36.0-255,66,237770,9,255182
25352,0.04373,74.125.24.0-255,5738,243508,9,255182
25353,0.04374,172.31.36.0-255,66,243574,9,255182
25354,0.046014,74.125.24.0-255,5738,249312,9,255182
25355,0.046023,172.31.36.0-255,66,249378,9,255182
25356,0.048311,74.125.24.0-255,5738,255116,9,255182
25357,0.048319,172.31.36.0-255,66,255182,9,255182
25358,0.0,74.125.68.0-255,143,143,9,293445
25359,2.9e-05,172.31.36.0-255,66,209,9,293445
25360,3.6e-05,74.125.68.0-255,1484,1693,9,293445
25361,4e-05,172.31.36.0-255,66,1759,9,293445
25362,4.6e-05,74.125.68.0-255,2902,4661,9,293445
25363,5.5e-05,172.31.36.0-255,66,4727,9,293445
25364,6.1e-05,74.125.68.0-255,5738,10465,9,293445
25365,6.4e-05,172.31.36.0-255,66,10531,9,293445
25366,9.8e-05,74.125.68.0-255,3448,13979,9,293445
25367,0.000101,172.31.36.0-255,66,14045,9,293445
25368,0.000269,74.125.68.0-255,1484,15529,9,293445
25369,0.000274,172.31.36.0-255,66,15595,9,293445
25370,0.000278,74.125.68.0-255,1484,17079,9,293445
25371,0.000281,172.31.36.0-255,66,17145,9,293445
25372,0.000314,74.125.68.0-255,2902,20047,9,293445
25373,0.000318,172.31.36.0-255,66,20113,9,293445
25374,0.000326,74.125.68.0-255,5738,25851,9,293445
25375,0.000328,172.31.36.0-255,66,25917,9,293445
25376,0.000341,74.125.68.0-255,5379,31296,9,293445
25377,0.000344,172.31.36.0-255,66,31362,9,293445
25378,0.000391,74.125.68.0-255,1484,32846,9,293445
25379,0.000394,172.31.36.0-255,66,32912,9,293445
25380,0.000426,74.125.68.0-255,4320,37232,9,293445
25381,0.00043,172.31.36.0-255,66,37298,9,293445
25382,0.000437,74.125.68.0-255,7156,44454,9,293445
25383,0.00044,172.31.36.0-255,66,44520,9,293445
25384,0.000454,74.125.68.0-255,7156,51676,9,293445
25385,0.000457,172.31.36.0-255,66,51742,9,293445
25386,0.000461,74.125.68.0-255,2902,54644,9,293445
25387,0.000464,172.31.36.0-255,66,54710,9,293445
25388,0.000499,74.125.68.0-255,5738,60448,9,293445
25389,0.000508,172.31.36.0-255,66,60514,9,293445
25390,0.000515,74.125.68.0-255,5020,65534,9,293445
25391,0.000517,172.31.36.0-255,66,65600,9,293445
25392,0.00052,74.125.68.0-255,396,65996,9,293445
25393,0.000563,74.125.68.0-255,111,66107,9,293445
25394,0.000822,74.125.68.0-255,1484,67591,9,293445
25395,0.000826,172.31.36.0-255,66,67657,9,293445
25396,0.000831,74.125.68.0-255,2902,70559,9,293445
25397,0.000833,172.31.36.0-255,66,70625,9,293445
25398,0.000862,74.125.68.0-255,5738,76363,9,293445
25399,0.000865,172.31.36.0-255,66,76429,9,293445
25400,0.00087,74.125.68.0-255,4320,80749,9,293445
25401,0.000872,172.31.36.0-255,66,80815,9,293445
25402,0.000895,74.125.68.0-255,2902,83717,9,293445
25403,0.000898,172.31.36.0-255,66,83783,9,293445
25404,0.00091,74.125.68.0-255,4320,88103,9,293445
25405,0.000912,172.31.36.0-255,66,88169,9,293445
25406,0.000942,74.125.68.0-255,5738,93907,9,293445
25407,0.000945,172.31.36.0-255,66,93973,9,293445
25408,0.000971,74.125.68.0-255,1484,95457,9,293445
25409,0.000975,74.125.68.0-255,2902,98359,9,293445
25410,0.000977,172.31.36.0-255,66,98425,9,293445
25411,0.001001,74.125.68.0-255,2184,100609,9,293445
25412,0.001006,172.31.36.0-255,66,100675,9,293445
25413,0.001127,74.125.68.0-255,333,101008,9,293445
25414,0.001133,172.31.36.0-255,66,101074,9,293445
25415,0.001167,74.125.68.0-255,1484,102558,9,293445
25416,0.00119,74.125.68.0-255,4320,106878,9,293445
25417,0.001193,172.31.36.0-255,66,106944,9,293445
25418,0.001221,74.125.68.0-255,4320,111264,9,293445
25419,0.001225,172.31.36.0-255,66,111330,9,293445
25420,0.001232,74.125.68.0-255,5738,117068,9,293445
25421,0.001234,172.31.36.0-255,66,117134,9,293445
25422,0.001271,74.125.68.0-255,7156,124290,9,293445
25423,0.001275,172.31.36.0-255,66,124356,9,293445
25424,0.00128,74.125.68.0-255,2902,127258,9,293445
25425,0.001281,172.31.36.0-255,66,127324,9,293445
25426,0.001304,74.125.68.0-255,5738,133062,9,293445
25427,0.001312,172.31.36.0-255,66,133128,9,293445
25428,0.001317,74.125.68.0-255,2184,135312,9,293445
25429,0.001319,172.31.36.0-255,66,135378,9,293445
25430,0.001423,74.125.68.0-255,1484,136862,9,293445
25431,0.001441,74.125.68.0-255,2902,139764,9,293445
25432,0.001444,172.31.36.0-255,66,139830,9,293445
25433,0.00145,74.125.68.0-255,2902,142732,9,293445
25434,0.001452,172.31.36.0-255,66,142798,9,293445
25435,0.001485,74.125.68.0-255,2902,145700,9,293445
25436,0.001488,172.31.36.0-255,66,145766,9,293445
25437,0.001496,74.125.68.0-255,7156,152922,9,293445
25438,0.001498,172.31.36.0-255,66,152988,9,293445
25439,0.001537,172.31.36.0-255,66,153054,9,293445
25440,0.001566,74.125.68.0-255,5020,158074,9,293445
25441,0.001569,172.31.36.0-255,66,158140,9,293445
25442,0.001574,74.125.68.0-255,2902,161042,9,293445
25443,0.001576,172.31.36.0-255,66,161108,9,293445
25444,0.001603,74.125.68.0-255,2902,164010,9,293445
25445,0.001606,172.31.36.0-255,66,164076,9,293445
25446,0.00161,74.125.68.0-255,1484,165560,9,293445
25447,0.001647,172.31.36.0-255,66,165626,9,293445
25448,0.001667,172.31.36.0-255,66,165692,9,293445
25449,0.001671,74.125.68.0-255,2184,167876,9,293445
25450,0.001673,172.31.36.0-255,66,167942,9,293445
25451,0.003909,74.125.68.0-255,5738,173680,9,293445
25452,0.003916,172.31.36.0-255,66,173746,9,293445
25453,0.00619,74.125.68.0-255,4320,178066,9,293445
25454,0.006195,172.31.36.0-255,66,178132,9,293445
25455,0.00622,74.125.68.0-255,1484,179616,9,293445
25456,0.00845,74.125.68.0-255,4320,183936,9,293445
25457,0.008457,172.31.36.0-255,66,184002,9,293445
25458,0.010723,74.125.68.0-255,4320,188322,9,293445
25459,0.01073,172.31.36.0-255,66,188388,9,293445
25460,0.010758,74.125.68.0-255,1484,189872,9,293445
25461,0.012982,74.125.68.0-255,4320,194192,9,293445
25462,0.012989,172.31.36.0-255,66,194258,9,293445
25463,0.015269,74.125.68.0-255,5738,199996,9,293445
25464,0.015279,172.31.36.0-255,66,200062,9,293445
25465,0.017535,74.125.68.0-255,5738,205800,9,293445
25466,0.017542,172.31.36.0-255,66,205866,9,293445
25467,0.019801,74.125.68.0-255,5738,211604,9,293445
25468,0.019809,172.31.36.0-255,66,211670,9,293445
25469,0.022074,74.125.68.0-255,5738,217408,9,293445
25470,0.022081,172.31.36.0-255,66,217474,9,293445
25471,0.024336,74.125.68.0-255,5738,223212,9,293445
25472,0.024343,172.31.36.0-255,66,223278,9,293445
25473,0.026617,74.125.68.0-255,5738,229016,9,293445
25474,0.026624,172.31.36.0-255,66,229082,9,293445
25475,0.02889,74.125.68.0-255,5738,234820,9,293445
25476,0.028898,172.31.36.0-255,66,234886,9,293445
25477,0.031152,74.125.68.0-255,5738,240624,9,293445
25478,0.03116,172.31.36.0-255,66,240690,9,293445
25479,0.033443,74.125.68.0-255,5738,246428,9,293445
25480,0.033454,172.31.36.0-255,66,246494,9,293445
25481,0.035714,74.125.68.0-255,5738,252232,9,293445
25482,0.03572,172.31.36.0-255,66,252298,9,293445
25483,0.037993,74.125.68.0-255,5738,258036,9,293445
25484,0.038001,172.31.36.0-255,66,258102,9,293445
25485,0.040251,74.125.68.0-255,5738,263840,9,293445
25486,0.040258,172.31.36.0-255,66,263906,9,293445
25487,0.041678,172.31.36.0-255,229,264135,9,293445
25488,0.041756,172.31.36.0-255,1115,265250,9,293445
25489,0.041922,172.31.36.0-255,1514,266764,9,293445
25490,0.041924,172.31.36.0-255,1514,268278,9,293445
25491,0.041929,172.31.36.0-255,1514,269792,9,293445
25492,0.041929,172.31.36.0-255,107,269899,9,293445
25493,0.042507,74.125.68.0-255,5738,275637,9,293445
25494,0.042514,172.31.36.0-255,66,275703,9,293445
25495,0.043263,104.244.42.0-255,66,275769,9,293445
25496,0.043294,104.244.42.0-255,66,275835,9,293445
25497,0.043465,104.244.42.0-255,66,275901,9,293445
25498,0.043472,104.244.42.0-255,66,275967,9,293445
25499,0.044764,74.125.68.0-255,5738,281705,9,293445
25500,0.04477,172.31.36.0-255,66,281771,9,293445
25501,0.047024,74.125.68.0-255,5738,287509,9,293445
25502,0.04703,172.31.36.0-255,66,287575,9,293445
25503,0.049276,74.125.68.0-255,4320,291895,9,293445
25504,0.049282,172.31.36.0-255,66,291961,9,293445
25505,0.049315,74.125.68.0-255,1484,293445,9,293445
25506,0.0,172.217.160.0-255,299,299,9,257693
25507,1.6e-05,172.31.36.0-255,66,365,9,257693
25508,2.2e-05,172.217.160.0-255,1484,1849,9,257693
25509,2.6e-05,172.31.36.0-255,66,1915,9,257693
25510,3e-05,172.217.160.0-255,1484,3399,9,257693
25511,3.4e-05,172.31.36.0-255,66,3465,9,257693
25512,4e-05,172.217.160.0-255,2902,6367,9,257693
25513,4.3e-05,172.31.36.0-255,66,6433,9,257693
25514,5e-05,172.217.160.0-255,5738,12171,9,257693
25515,5.3e-05,172.31.36.0-255,66,12237,9,257693
25516,5.6e-05,172.217.160.0-255,1484,13721,9,257693
25517,5.8e-05,172.31.36.0-255,66,13787,9,257693
25518,6.2e-05,172.217.160.0-255,476,14263,9,257693
25519,6.4e-05,172.31.36.0-255,66,14329,9,257693
25520,0.000158,172.217.160.0-255,1484,15813,9,257693
25521,0.000161,172.31.36.0-255,66,15879,9,257693
25522,0.000165,172.217.160.0-255,1484,17363,9,257693
25523,0.000167,172.31.36.0-255,66,17429,9,257693
25524,0.000172,172.217.160.0-255,2902,20331,9,257693
25525,0.000174,172.31.36.0-255,66,20397,9,257693
25526,0.000177,172.217.160.0-255,1484,21881,9,257693
25527,0.000179,172.31.36.0-255,66,21947,9,257693
25528,0.000206,172.217.160.0-255,4320,26267,9,257693
25529,0.000209,172.31.36.0-255,66,26333,9,257693
25530,0.000224,172.31.36.0-255,66,26399,9,257693
25531,0.000227,172.217.160.0-255,1484,27883,9,257693
25532,0.000229,172.31.36.0-255,66,27949,9,257693
25533,0.000265,172.31.36.0-255,66,28015,9,257693
25534,0.000271,172.217.160.0-255,4320,32335,9,257693
25535,0.000274,172.31.36.0-255,66,32401,9,257693
25536,0.000298,172.31.36.0-255,66,32467,9,257693
25537,0.000583,172.217.160.0-255,126,32593,9,257693
25538,0.000727,172.217.160.0-255,1484,34077,9,257693
25539,0.000732,172.31.36.0-255,66,34143,9,257693
25540,0.000738,172.217.160.0-255,2902,37045,9,257693
25541,0.000741,172.31.36.0-255,66,37111,9,257693
25542,0.000745,172.217.160.0-255,2902,40013,9,257693
25543,0.000747,172.31.36.0-255,66,40079,9,257693
25544,0.000769,172.217.160.0-255,2902,42981,9,257693
25545,0.000772,172.31.36.0-255,66,43047,9,257693
25546,0.000785,172.31.36.0-255,66,43113,9,257693
25547,0.000804,172.217.160.0-255,1484,44597,9,257693
25548,0.000815,172.31.36.0-255,66,44663,9,257693
25549,0.00082,172.217.160.0-255,2497,47160,9,257693
25550,0.000822,172.31.36.0-255,66,47226,9,257693
25551,0.001404,172.217.160.0-255,1484,48710,9,257693
25552,0.001412,172.217.160.0-255,2902,51612,9,257693
25553,0.001417,172.31.36.0-255,66,51678,9,257693
25554,0.001424,172.217.160.0-255,5738,57416,9,257693
25555,0.001426,172.31.36.0-255,66,57482,9,257693
25556,0.00143,172.217.160.0-255,1484,58966,9,257693
25557,0.001451,172.217.160.0-255,7156,66122,9,257693
25558,0.001453,172.31.36.0-255,66,66188,9,257693
25559,0.001474,172.217.160.0-255,4320,70508,9,257693
25560,0.001476,172.31.36.0-255,66,70574,9,257693
25561,0.001525,172.217.160.0-255,4320,74894,9,257693
25562,0.001529,172.31.36.0-255,66,74960,9,257693
25563,0.00154,172.217.160.0-255,6438,81398,9,257693
25564,0.001542,172.31.36.0-255,66,81464,9,257693
25565,0.003208,172.217.160.0-255,5738,87202,9,257693
25566,0.003216,172.31.36.0-255,66,87268,9,257693
25567,0.004847,172.217.160.0-255,4320,91588,9,257693
25568,0.004851,172.31.36.0-255,66,91654,9,257693
25569,0.004869,172.217.160.0-255,1484,93138,9,257693
25570,0.006497,172.217.160.0-255,4320,97458,9,257693
25571,0.006504,172.31.36.0-255,66,97524,9,257693
25572,0.008136,172.217.160.0-255,5738,103262,9,257693
25573,0.008142,172.31.36.0-255,66,103328,9,257693
25574,0.009773,172.217.160.0-255,5738,109066,9,257693
25575,0.00978,172.31.36.0-255,66,109132,9,257693
25576,0.011416,172.217.160.0-255,5738,114870,9,257693
25577,0.011424,172.31.36.0-255,66,114936,9,257693
25578,0.013045,172.217.160.0-255,5738,120674,9,257693
25579,0.013053,172.31.36.0-255,66,120740,9,257693
25580,0.014691,172.217.160.0-255,5738,126478,9,257693
25581,0.014699,172.31.36.0-255,66,126544,9,257693
25582,0.016336,172.217.160.0-255,5738,132282,9,257693
25583,0.016345,172.31.36.0-255,66,132348,9,257693
25584,0.017978,172.217.160.0-255,5738,138086,9,257693
25585,0.017986,172.31.36.0-255,66,138152,9,257693
25586,0.019612,172.217.160.0-255,5738,143890,9,257693
25587,0.01962,172.31.36.0-255,66,143956,9,257693
25588,0.021242,172.217.160.0-255,5738,149694,9,257693
25589,0.021249,172.31.36.0-255,66,149760,9,257693
25590,0.022877,172.217.160.0-255,5738,155498,9,257693
25591,0.022885,172.31.36.0-255,66,155564,9,257693
25592,0.024513,172.217.160.0-255,5738,161302,9,257693
25593,0.02452,172.31.36.0-255,66,161368,9,257693
25594,0.026152,172.217.160.0-255,5738,167106,9,257693
25595,0.02616,172.31.36.0-255,66,167172,9,257693
25596,0.026284,172.31.36.0-255,101,167273,9,257693
25597,0.027789,172.217.160.0-255,5738,173011,9,257693
25598,0.027797,172.31.36.0-255,66,173077,9,257693
25599,0.027871,172.217.160.0-255,66,173143,9,257693
25600,0.029444,172.217.160.0-255,5738,178881,9,257693
25601,0.029452,172.31.36.0-255,66,178947,9,257693
25602,0.031076,172.217.160.0-255,5738,184685,9,257693
25603,0.031083,172.31.36.0-255,66,184751,9,257693
25604,0.032712,172.217.160.0-255,5738,190489,9,257693
25605,0.032719,172.31.36.0-255,66,190555,9,257693
25606,0.033582,172.31.36.0-255,176,190731,9,257693
25607,0.033614,172.31.36.0-255,1117,191848,9,257693
25608,0.03368,172.31.36.0-255,1514,193362,9,257693
25609,0.033681,172.31.36.0-255,1514,194876,9,257693
25610,0.033687,172.31.36.0-255,1514,196390,9,257693
25611,0.033688,172.31.36.0-255,1514,197904,9,257693
25612,0.033717,172.31.36.0-255,1485,199389,9,257693
25613,0.034368,172.217.160.0-255,5738,205127,9,257693
25614,0.034374,172.31.36.0-255,66,205193,9,257693
25615,0.035167,104.244.42.0-255,66,205259,9,257693
25616,0.035174,104.244.42.0-255,66,205325,9,257693
25617,0.035314,104.244.42.0-255,66,205391,9,257693
25618,0.03532,104.244.42.0-255,66,205457,9,257693
25619,0.036002,172.217.160.0-255,5738,211195,9,257693
25620,0.036009,172.31.36.0-255,66,211261,9,257693
25621,0.037648,172.217.160.0-255,5738,216999,9,257693
25622,0.037656,172.31.36.0-255,66,217065,9,257693
25623,0.039306,172.217.160.0-255,5738,222803,9,257693
25624,0.039313,172.31.36.0-255,66,222869,9,257693
25625,0.040936,172.217.160.0-255,5738,228607,9,257693
25626,0.040945,172.31.36.0-255,66,228673,9,257693
25627,0.04258,172.217.160.0-255,5738,234411,9,257693
25628,0.042587,172.31.36.0-255,66,234477,9,257693
25629,0.044221,172.217.160.0-255,5738,240215,9,257693
25630,0.044228,172.31.36.0-255,66,240281,9,257693
25631,0.045858,172.217.160.0-255,5738,246019,9,257693
25632,0.045865,172.31.36.0-255,66,246085,9,257693
25633,0.04752,172.217.160.0-255,5738,251823,9,257693
25634,0.047526,172.31.36.0-255,66,251889,9,257693
25635,0.049172,172.217.160.0-255,5738,257627,9,257693
25636,0.04918,172.31.36.0-255,66,257693,9,257693
25637,0.0,74.125.24.0-255,374,374,9,136665
25638,2.9e-05,172.31.36.0-255,66,440,9,136665
25639,3.5e-05,74.125.24.0-255,1484,1924,9,136665
25640,3.8e-05,172.31.36.0-255,66,1990,9,136665
25641,4.2e-05,74.125.24.0-255,1484,3474,9,136665
25642,4.4e-05,172.31.36.0-255,66,3540,9,136665
25643,6.3e-05,74.125.24.0-255,2902,6442,9,136665
25644,6.5e-05,172.31.36.0-255,66,6508,9,136665
25645,0.000252,172.31.36.0-255,66,6574,9,136665
25646,0.000588,74.125.24.0-255,4320,10894,9,136665
25647,0.000592,172.31.36.0-255,66,10960,9,136665
25648,0.00062,172.31.36.0-255,66,11026,9,136665
25649,0.001257,172.31.36.0-255,66,11092,9,136665
25650,0.002306,74.125.24.0-255,2902,13994,9,136665
25651,0.002309,172.31.36.0-255,66,14060,9,136665
25652,0.003523,74.125.24.0-255,2902,16962,9,136665
25653,0.003529,172.31.36.0-255,66,17028,9,136665
25654,0.004597,74.125.24.0-255,2902,19930,9,136665
25655,0.004605,172.31.36.0-255,66,19996,9,136665
25656,0.005805,74.125.24.0-255,2902,22898,9,136665
25657,0.005812,172.31.36.0-255,66,22964,9,136665
25658,0.006872,74.125.24.0-255,2902,25866,9,136665
25659,0.006878,172.31.36.0-255,66,25932,9,136665
25660,0.008082,74.125.24.0-255,2902,28834,9,136665
25661,0.00809,172.31.36.0-255,66,28900,9,136665
25662,0.009145,74.125.24.0-255,2902,31802,9,136665
25663,0.009152,172.31.36.0-255,66,31868,9,136665
25664,0.01035,74.125.24.0-255,2902,34770,9,136665
25665,0.010357,172.31.36.0-255,66,34836,9,136665
25666,0.011418,74.125.24.0-255,2902,37738,9,136665
25667,0.011427,172.31.36.0-255,66,37804,9,136665
25668,0.01263,74.125.24.0-255,2902,40706,9,136665
25669,0.012639,172.31.36.0-255,66,40772,9,136665
25670,0.013691,74.125.24.0-255,2902,43674,9,136665
25671,0.013699,172.31.36.0-255,66,43740,9,136665
25672,0.014917,74.125.24.0-255,2902,46642,9,136665
25673,0.014928,172.31.36.0-255,66,46708,9,136665
25674,0.015983,74.125.24.0-255,2902,49610,9,136665
25675,0.015989,172.31.36.0-255,66,49676,9,136665
25676,0.017252,74.125.24.0-255,2902,52578,9,136665
25677,0.017258,172.31.36.0-255,66,52644,9,136665
25678,0.018238,74.125.24.0-255,2902,55546,9,136665
25679,0.018245,172.31.36.0-255,66,55612,9,136665
25680,0.019121,172.31.36.0-255,172,55784,9,136665
25681,0.019152,172.31.36.0-255,613,56397,9,136665
25682,0.019553,74.125.24.0-255,2902,59299,9,136665
25683,0.01956,172.31.36.0-255,66,59365,9,136665
25684,0.020504,74.125.24.0-255,2902,62267,9,136665
25685,0.020509,172.31.36.0-255,66,62333,9,136665
25686,0.020633,104.244.42.0-255,66,62399,9,136665
25687,0.020682,104.244.42.0-255,66,62465,9,136665
25688,0.021834,74.125.24.0-255,2902,65367,9,136665
25689,0.021842,172.31.36.0-255,66,65433,9,136665
25690,0.022757,74.125.24.0-255,2902,68335,9,136665
25691,0.022766,172.31.36.0-255,66,68401,9,136665
25692,0.024111,74.125.24.0-255,2902,71303,9,136665
25693,0.024122,172.31.36.0-255,66,71369,9,136665
25694,0.025077,74.125.24.0-255,2902,74271,9,136665
25695,0.025083,172.31.36.0-255,66,74337,9,136665
25696,0.026392,74.125.24.0-255,2902,77239,9,136665
25697,0.026484,172.31.36.0-255,66,77305,9,136665
25698,0.02735,74.125.24.0-255,2902,80207,9,136665
25699,0.027358,172.31.36.0-255,66,80273,9,136665
25700,0.028747,74.125.24.0-255,2902,83175,9,136665
25701,0.028755,172.31.36.0-255,66,83241,9,136665
25702,0.029629,74.125.24.0-255,2902,86143,9,136665
25703,0.029637,172.31.36.0-255,66,86209,9,136665
25704,0.031016,74.125.24.0-255,2902,89111,9,136665
25705,0.031026,172.31.36.0-255,66,89177,9,136665
25706,0.031917,74.125.24.0-255,2902,92079,9,136665
25707,0.031925,172.31.36.0-255,66,92145,9,136665
25708,0.03329,74.125.24.0-255,2902,95047,9,136665
25709,0.033299,172.31.36.0-255,66,95113,9,136665
25710,0.034191,74.125.24.0-255,2902,98015,9,136665
25711,0.034198,172.31.36.0-255,66,98081,9,136665
25712,0.035582,74.125.24.0-255,2902,100983,9,136665
25713,0.035588,172.31.36.0-255,66,101049,9,136665
25714,0.036461,74.125.24.0-255,2902,103951,9,136665
25715,0.036467,172.31.36.0-255,66,104017,9,136665
25716,0.037838,74.125.24.0-255,2902,106919,9,136665
25717,0.037844,172.31.36.0-255,66,106985,9,136665
25718,0.038731,74.125.24.0-255,2902,109887,9,136665
25719,0.038735,172.31.36.0-255,66,109953,9,136665
25720,0.040116,74.125.24.0-255,2902,112855,9,136665
25721,0.040121,172.31.36.0-255,66,112921,9,136665
25722,0.04101,74.125.24.0-255,2902,115823,9,136665
25723,0.041015,172.31.36.0-255,66,115889,9,136665
25724,0.042435,74.125.24.0-255,2902,118791,9,136665
25725,0.04244,172.31.36.0-255,66,118857,9,136665
25726,0.043257,74.125.24.0-255,2902,121759,9,136665
25727,0.043262,172.31.36.0-255,66,121825,9,136665
25728,0.044706,74.125.24.0-255,2902,124727,9,136665
25729,0.044712,172.31.36.0-255,66,124793,9,136665
25730,0.045553,74.125.24.0-255,2902,127695,9,136665
25731,0.045559,172.31.36.0-255,66,127761,9,136665
25732,0.046993,74.125.24.0-255,2902,130663,9,136665
25733,0.046998,172.31.36.0-255,66,130729,9,136665
25734,0.047791,74.125.24.0-255,2902,133631,9,136665
25735,0.047797,172.31.36.0-255,66,133697,9,136665
25736,0.049285,74.125.24.0-255,2902,136599,9,136665
25737,0.049291,172.31.36.0-255,66,136665,9,136665
25738,0.0,74.125.68.0-255,146,146,9,336042
25739,2.7e-05,172.31.36.0-255,66,212,9,336042
25740,3.4e-05,74.125.68.0-255,1484,1696,9,336042
25741,3.8e-05,172.31.36.0-255,66,1762,9,336042
25742,4.2e-05,74.125.68.0-255,2902,4664,9,336042
25743,4.5e-05,172.31.36.0-255,66,4730,9,336042
25744,4.8e-05,74.125.68.0-255,1484,6214,9,336042
25745,5e-05,172.31.36.0-255,66,6280,9,336042
25746,8e-05,74.125.68.0-255,4320,10600,9,336042
25747,8.3e-05,172.31.36.0-255,66,10666,9,336042
25748,8.8e-05,74.125.68.0-255,3457,14123,9,336042
25749,9.1e-05,172.31.36.0-255,66,14189,9,336042
25750,0.000145,74.125.68.0-255,1484,15673,9,336042
25751,0.000148,172.31.36.0-255,66,15739,9,336042
25752,0.000154,74.125.68.0-255,2902,18641,9,336042
25753,0.000157,172.31.36.0-255,66,18707,9,336042
25754,0.000164,74.125.68.0-255,5738,24445,9,336042
25755,0.000166,172.31.36.0-255,66,24511,9,336042
25756,0.000173,74.125.68.0-255,6797,31308,9,336042
25757,0.000176,172.31.36.0-255,66,31374,9,336042
25758,0.000321,74.125.68.0-255,1484,32858,9,336042
25759,0.000325,172.31.36.0-255,66,32924,9,336042
25760,0.00033,74.125.68.0-255,2902,35826,9,336042
25761,0.000333,172.31.36.0-255,66,35892,9,336042
25762,0.000335,74.125.68.0-255,1484,37376,9,336042
25763,0.000337,172.31.36.0-255,66,37442,9,336042
25764,0.000358,74.125.68.0-255,4320,41762,9,336042
25765,0.000361,172.31.36.0-255,66,41828,9,336042
25766,0.000383,74.125.68.0-255,6797,48625,9,336042
25767,0.000386,172.31.36.0-255,66,48691,9,336042
25768,0.000412,74.125.68.0-255,7156,55847,9,336042
25769,0.000415,172.31.36.0-255,66,55913,9,336042
25770,0.000418,74.125.68.0-255,1484,57397,9,336042
25771,0.00042,172.31.36.0-255,66,57463,9,336042
25772,0.000454,172.31.36.0-255,66,57529,9,336042
25773,0.000665,74.125.68.0-255,412,57941,9,336042
25774,0.000669,172.31.36.0-255,66,58007,9,336042
25775,0.000841,74.125.68.0-255,1484,59491,9,336042
25776,0.000846,172.31.36.0-255,66,59557,9,336042
25777,0.0009,74.125.68.0-255,2902,62459,9,336042
25778,0.000904,172.31.36.0-255,66,62525,9,336042
25779,0.000909,74.125.68.0-255,2902,65427,9,336042
25780,0.000912,172.31.36.0-255,66,65493,9,336042
25781,0.000917,74.125.68.0-255,4320,69813,9,336042
25782,0.00092,172.31.36.0-255,66,69879,9,336042
25783,0.000924,74.125.68.0-255,2902,72781,9,336042
25784,0.000926,172.31.36.0-255,66,72847,9,336042
25785,0.000956,74.125.68.0-255,5738,78585,9,336042
25786,0.00096,172.31.36.0-255,66,78651,9,336042
25787,0.000968,74.125.68.0-255,7156,85807,9,336042
25788,0.00097,172.31.36.0-255,66,85873,9,336042
25789,0.000989,74.125.68.0-255,2902,88775,9,336042
25790,0.000992,172.31.36.0-255,66,88841,9,336042
25791,0.000997,74.125.68.0-255,3602,92443,9,336042
25792,0.000999,172.31.36.0-255,66,92509,9,336042
25793,0.001045,74.125.68.0-255,333,92842,9,336042
25794,0.001049,172.31.36.0-255,66,92908,9,336042
25795,0.001179,74.125.68.0-255,1484,94392,9,336042
25796,0.001184,172.31.36.0-255,66,94458,9,336042
25797,0.00119,74.125.68.0-255,2902,97360,9,336042
25798,0.001192,172.31.36.0-255,66,97426,9,336042
25799,0.001226,74.125.68.0-255,2902,100328,9,336042
25800,0.00123,172.31.36.0-255,66,100394,9,336042
25801,0.001248,74.125.68.0-255,2902,103296,9,336042
25802,0.001251,172.31.36.0-255,66,103362,9,336042
25803,0.001263,172.31.36.0-255,66,103428,9,336042
25804,0.001267,74.125.68.0-255,2902,106330,9,336042
25805,0.001269,172.31.36.0-255,66,106396,9,336042
25806,0.001294,172.31.36.0-255,66,106462,9,336042
25807,0.001298,74.125.68.0-255,2184,108646,9,336042
25808,0.001327,172.31.36.0-255,66,108712,9,336042
25809,0.001509,74.125.68.0-255,1484,110196,9,336042
25810,0.00154,74.125.68.0-255,1484,111680,9,336042
25811,0.001553,172.31.36.0-255,66,111746,9,336042
25812,0.001557,74.125.68.0-255,1484,113230,9,336042
25813,0.001562,74.125.68.0-255,5738,118968,9,336042
25814,0.001567,74.125.68.0-255,5738,124706,9,336042
25815,0.001572,172.31.36.0-255,66,124772,9,336042
25816,0.00158,74.125.68.0-255,1484,126256,9,336042
25817,0.001584,74.125.68.0-255,4320,130576,9,336042
25818,0.001606,74.125.68.0-255,4320,134896,9,336042
25819,0.001621,74.125.68.0-255,1484,136380,9,336042
25820,0.001641,74.125.68.0-255,5738,142118,9,336042
25821,0.001644,172.31.36.0-255,66,142184,9,336042
25822,0.001648,172.31.36.0-255,66,142250,9,336042
25823,0.001662,74.125.68.0-255,766,143016,9,336042
25824,0.001814,74.125.68.0-255,1484,144500,9,336042
25825,0.001817,172.31.36.0-255,66,144566,9,336042
25826,0.001821,74.125.68.0-255,1484,146050,9,336042
25827,0.001834,74.125.68.0-255,1484,147534,9,336042
25828,0.001836,74.125.68.0-255,1484,149018,9,336042
25829,0.001843,172.31.36.0-255,66,149084,9,336042
25830,0.001854,74.125.68.0-255,2902,151986,9,336042
25831,0.001876,74.125.68.0-255,4320,156306,9,336042
25832,0.001883,172.31.36.0-255,66,156372,9,336042
25833,0.001899,74.125.68.0-255,1484,157856,9,336042
25834,0.001903,74.125.68.0-255,2902,160758,9,336042
25835,0.001908,172.31.36.0-255,66,160824,9,336042
25836,0.00193,74.125.68.0-255,4320,165144,9,336042
25837,0.001933,74.125.68.0-255,1484,166628,9,336042
25838,0.001941,172.31.36.0-255,66,166694,9,336042
25839,0.001953,74.125.68.0-255,2902,169596,9,336042
25840,0.001965,172.31.36.0-255,66,169662,9,336042
25841,0.001975,74.125.68.0-255,5738,175400,9,336042
25842,0.001991,172.31.36.0-255,66,175466,9,336042
25843,0.002009,74.125.68.0-255,2184,177650,9,336042
25844,0.002013,172.31.36.0-255,66,177716,9,336042
25845,0.002032,74.125.68.0-255,1484,179200,9,336042
25846,0.002044,74.125.68.0-255,1484,180684,9,336042
25847,0.002047,74.125.68.0-255,1484,182168,9,336042
25848,0.002051,172.31.36.0-255,66,182234,9,336042
25849,0.002062,74.125.68.0-255,2902,185136,9,336042
25850,0.002081,172.31.36.0-255,66,185202,9,336042
25851,0.002096,74.125.68.0-255,5738,190940,9,336042
25852,0.002113,172.31.36.0-255,66,191006,9,336042
25853,0.002159,74.125.68.0-255,5738,196744,9,336042
25854,0.002164,74.125.68.0-255,1484,198228,9,336042
25855,0.002184,74.125.68.0-255,5738,203966,9,336042
25856,0.002201,74.125.68.0-255,2902,206868,9,336042
25857,0.002218,74.125.68.0-255,4320,211188,9,336042
25858,0.002226,172.31.36.0-255,66,211254,9,336042
25859,0.002255,74.125.68.0-255,766,212020,9,336042
25860,0.002929,172.31.36.0-255,66,212086,9,336042
25861,0.00453,74.125.68.0-255,4320,216406,9,336042
25862,0.004533,172.31.36.0-255,66,216472,9,336042
25863,0.005231,74.125.68.0-255,1484,217956,9,336042
25864,0.005235,172.31.36.0-255,66,218022,9,336042
25865,0.006845,74.125.68.0-255,4320,222342,9,336042
25866,0.006852,172.31.36.0-255,66,222408,9,336042
25867,0.007534,74.125.68.0-255,1484,223892,9,336042
25868,0.009152,74.125.68.0-255,4320,228212,9,336042
25869,0.01038,172.31.36.0-255,66,228278,9,336042
25870,0.012692,74.125.68.0-255,5738,234016,9,336042
25871,0.0127,172.31.36.0-255,66,234082,9,336042
25872,0.015018,74.125.68.0-255,5738,239820,9,336042
25873,0.015026,172.31.36.0-255,66,239886,9,336042
25874,0.01736,74.125.68.0-255,5738,245624,9,336042
25875,0.017369,172.31.36.0-255,66,245690,9,336042
25876,0.019681,74.125.68.0-255,5738,251428,9,336042
25877,0.019689,172.31.36.0-255,66,251494,9,336042
25878,0.021992,74.125.68.0-255,5738,257232,9,336042
25879,0.021999,172.31.36.0-255,66,257298,9,336042
25880,0.024341,74.125.68.0-255,5738,263036,9,336042
25881,0.024348,172.31.36.0-255,66,263102,9,336042
25882,0.026655,74.125.68.0-255,5738,268840,9,336042
25883,0.026661,172.31.36.0-255,66,268906,9,336042
25884,0.028966,74.125.68.0-255,5738,274644,9,336042
25885,0.028974,172.31.36.0-255,66,274710,9,336042
25886,0.031278,74.125.68.0-255,5738,280448,9,336042
25887,0.031286,172.31.36.0-255,66,280514,9,336042
25888,0.033623,74.125.68.0-255,5738,286252,9,336042
25889,0.033631,172.31.36.0-255,66,286318,9,336042
25890,0.035671,172.31.36.0-255,172,286490,9,336042
25891,0.035727,172.31.36.0-255,1115,287605,9,336042
25892,0.035797,172.31.36.0-255,1514,289119,9,336042
25893,0.035799,172.31.36.0-255,1514,290633,9,336042
25894,0.0358,172.31.36.0-255,1514,292147,9,336042
25895,0.035805,172.31.36.0-255,1514,293661,9,336042
25896,0.035825,172.31.36.0-255,1489,295150,9,336042
25897,0.035939,74.125.68.0-255,5738,300888,9,336042
25898,0.035946,172.31.36.0-255,66,300954,9,336042
25899,0.037199,104.244.42.0-255,66,301020,9,336042
25900,0.037264,104.244.42.0-255,66,301086,9,336042
25901,0.03733,104.244.42.0-255,66,301152,9,336042
25902,0.037358,104.244.42.0-255,66,301218,9,336042
25903,0.038254,74.125.68.0-255,5738,306956,9,336042
25904,0.038261,172.31.36.0-255,66,307022,9,336042
25905,0.040577,74.125.68.0-255,5738,312760,9,336042
25906,0.040584,172.31.36.0-255,66,312826,9,336042
25907,0.042895,74.125.68.0-255,5738,318564,9,336042
25908,0.042901,172.31.36.0-255,66,318630,9,336042
25909,0.045212,74.125.68.0-255,5738,324368,9,336042
25910,0.045218,172.31.36.0-255,66,324434,9,336042
25911,0.04754,74.125.68.0-255,5738,330172,9,336042
25912,0.04755,172.31.36.0-255,66,330238,9,336042
25913,0.049879,74.125.68.0-255,5738,335976,9,336042
25914,0.049885,172.31.36.0-255,66,336042,9,336042
25915,0.0,74.125.24.0-255,296,296,9,236785
25916,3.3e-05,172.31.36.0-255,66,362,9,236785
25917,3.9e-05,74.125.24.0-255,1484,1846,9,236785
25918,4.4e-05,172.31.36.0-255,66,1912,9,236785
25919,4.9e-05,74.125.24.0-255,4320,6232,9,236785
25920,6.1e-05,172.31.36.0-255,66,6298,9,236785
25921,7.4e-05,172.31.36.0-255,66,6364,9,236785
25922,7.9e-05,74.125.24.0-255,5738,12102,9,236785
25923,8.2e-05,172.31.36.0-255,66,12168,9,236785
25924,0.000122,172.31.36.0-255,66,12234,9,236785
25925,0.000153,74.125.24.0-255,1484,13718,9,236785
25926,0.000156,172.31.36.0-255,66,13784,9,236785
25927,0.000187,74.125.24.0-255,2902,16686,9,236785
25928,0.000189,172.31.36.0-255,66,16752,9,236785
25929,0.000198,74.125.24.0-255,5738,22490,9,236785
25930,0.000201,172.31.36.0-255,66,22556,9,236785
25931,0.000217,172.31.36.0-255,66,22622,9,236785
25932,0.000228,172.31.36.0-255,66,22688,9,236785
25933,0.00026,74.125.24.0-255,7073,29761,9,236785
25934,0.000262,172.31.36.0-255,66,29827,9,236785
25935,0.000265,74.125.24.0-255,380,30207,9,236785
25936,0.000267,172.31.36.0-255,66,30273,9,236785
25937,0.000424,74.125.24.0-255,1484,31757,9,236785
25938,0.000429,172.31.36.0-255,66,31823,9,236785
25939,0.000435,74.125.24.0-255,2902,34725,9,236785
25940,0.000438,172.31.36.0-255,66,34791,9,236785
25941,0.000473,74.125.24.0-255,5738,40529,9,236785
25942,0.000476,172.31.36.0-255,66,40595,9,236785
25943,0.000482,74.125.24.0-255,4320,44915,9,236785
25944,0.000484,172.31.36.0-255,66,44981,9,236785
25945,0.000528,172.31.36.0-255,66,45047,9,236785
25946,0.000529,74.125.24.0-255,6797,51844,9,236785
25947,0.000532,172.31.36.0-255,66,51910,9,236785
25948,0.000633,74.125.24.0-255,1484,53394,9,236785
25949,0.000638,74.125.24.0-255,1484,54878,9,236785
25950,0.00064,172.31.36.0-255,66,54944,9,236785
25951,0.000668,74.125.24.0-255,1484,56428,9,236785
25952,0.000674,74.125.24.0-255,5738,62166,9,236785
25953,0.000677,172.31.36.0-255,66,62232,9,236785
25954,0.000683,74.125.24.0-255,4320,66552,9,236785
25955,0.000685,172.31.36.0-255,66,66618,9,236785
25956,0.000688,74.125.24.0-255,1484,68102,9,236785
25957,0.00073,172.31.36.0-255,66,68168,9,236785
25958,0.000734,172.31.36.0-255,66,68234,9,236785
25959,0.000764,74.125.24.0-255,3602,71836,9,236785
25960,0.000768,172.31.36.0-255,66,71902,9,236785
25961,0.00078,172.31.36.0-255,66,71968,9,236785
25962,0.000797,172.31.36.0-255,66,72034,9,236785
25963,0.001158,74.125.24.0-255,1484,73518,9,236785
25964,0.001173,74.125.24.0-255,2902,76420,9,236785
25965,0.001177,172.31.36.0-255,66,76486,9,236785
25966,0.001184,74.125.24.0-255,5738,82224,9,236785
25967,0.001186,172.31.36.0-255,66,82290,9,236785
25968,0.001207,74.125.24.0-255,5738,88028,9,236785
25969,0.00121,172.31.36.0-255,66,88094,9,236785
25970,0.001236,74.125.24.0-255,7156,95250,9,236785
25971,0.001239,172.31.36.0-255,66,95316,9,236785
25972,0.001247,74.125.24.0-255,7156,102472,9,236785
25973,0.001249,172.31.36.0-255,66,102538,9,236785
25974,0.001275,74.125.24.0-255,3602,106140,9,236785
25975,0.001278,172.31.36.0-255,66,106206,9,236785
25976,0.001299,74.125.24.0-255,4320,110526,9,236785
25977,0.001303,172.31.36.0-255,66,110592,9,236785
25978,0.001314,172.31.36.0-255,66,110658,9,236785
25979,0.001319,74.125.24.0-255,4320,114978,9,236785
25980,0.001322,172.31.36.0-255,66,115044,9,236785
25981,0.001361,74.125.24.0-255,7156,122200,9,236785
25982,0.001364,172.31.36.0-255,66,122266,9,236785
25983,0.001385,74.125.24.0-255,7156,129422,9,236785
25984,0.001389,172.31.36.0-255,66,129488,9,236785
25985,0.001437,172.31.36.0-255,66,129554,9,236785
25986,0.001459,172.31.36.0-255,66,129620,9,236785
25987,0.001472,172.31.36.0-255,66,129686,9,236785
25988,0.001491,74.125.24.0-255,1484,131170,9,236785
25989,0.001502,74.125.24.0-255,2902,134072,9,236785
25990,0.001505,172.31.36.0-255,66,134138,9,236785
25991,0.001509,74.125.24.0-255,1484,135622,9,236785
25992,0.001536,74.125.24.0-255,4320,139942,9,236785
25993,0.00154,172.31.36.0-255,66,140008,9,236785
25994,0.001551,172.31.36.0-255,66,140074,9,236785
25995,0.001592,74.125.24.0-255,5738,145812,9,236785
25996,0.001595,172.31.36.0-255,66,145878,9,236785
25997,0.00164,74.125.24.0-255,4320,150198,9,236785
25998,0.001644,172.31.36.0-255,66,150264,9,236785
25999,0.001651,74.125.24.0-255,5020,155284,9,236785
26000,0.001653,172.31.36.0-255,66,155350,9,236785
26001,0.001737,74.125.24.0-255,1484,156834,9,236785
26002,0.001754,74.125.24.0-255,2902,159736,9,236785
26003,0.001758,172.31.36.0-255,66,159802,9,236785
26004,0.001779,74.125.24.0-255,5738,165540,9,236785
26005,0.001783,172.31.36.0-255,66,165606,9,236785
26006,0.001787,74.125.24.0-255,2902,168508,9,236785
26007,0.001789,172.31.36.0-255,66,168574,9,236785
26008,0.001838,172.31.36.0-255,66,168640,9,236785
26009,0.001845,74.125.24.0-255,5738,174378,9,236785
26010,0.001848,172.31.36.0-255,66,174444,9,236785
26011,0.001883,74.125.24.0-255,5020,179464,9,236785
26012,0.001888,172.31.36.0-255,66,179530,9,236785
26013,0.001942,74.125.24.0-255,1484,181014,9,236785
26014,0.001965,74.125.24.0-255,2902,183916,9,236785
26015,0.00197,172.31.36.0-255,66,183982,9,236785
26016,0.001976,74.125.24.0-255,5738,189720,9,236785
26017,0.001979,172.31.36.0-255,66,189786,9,236785
26018,0.001982,74.125.24.0-255,1484,191270,9,236785
26019,0.002016,74.125.24.0-255,4320,195590,9,236785
26020,0.00202,172.31.36.0-255,66,195656,9,236785
26021,0.002027,74.125.24.0-255,5738,201394,9,236785
26022,0.00203,172.31.36.0-255,66,201460,9,236785
26023,0.002073,74.125.24.0-255,7156,208616,9,236785
26024,0.002079,172.31.36.0-255,66,208682,9,236785
26025,0.002085,74.125.24.0-255,5020,213702,9,236785
26026,0.002088,172.31.36.0-255,66,213768,9,236785
26027,0.002095,74.125.24.0-255,5738,219506,9,236785
26028,0.002097,172.31.36.0-255,66,219572,9,236785
26029,0.002134,74.125.24.0-255,1484,221056,9,236785
26030,0.002145,172.31.36.0-255,66,221122,9,236785
26031,0.002158,172.31.36.0-255,66,221188,9,236785
26032,0.002188,172.31.36.0-255,66,221254,9,236785
26033,0.002211,74.125.24.0-255,766,222020,9,236785
26034,0.002217,74.125.24.0-255,5738,227758,9,236785
26035,0.002219,172.31.36.0-255,66,227824,9,236785
26036,0.002246,74.125.24.0-255,2349,230173,9,236785
26037,0.002249,172.31.36.0-255,66,230239,9,236785
26038,0.002274,74.125.24.0-255,105,230344,9,236785
26039,0.008369,172.31.36.0-255,66,230410,9,236785
26040,0.008397,172.31.36.0-255,105,230515,9,236785
26041,0.010701,74.125.24.0-255,66,230581,9,236785
26042,0.047187,172.31.36.0-255,176,230757,9,236785
26043,0.047219,172.31.36.0-255,1115,231872,9,236785
26044,0.04728,172.31.36.0-255,1514,233386,9,236785
26045,0.047282,172.31.36.0-255,1514,234900,9,236785
26046,0.047283,172.31.36.0-255,1514,236414,9,236785
26047,0.047284,172.31.36.0-255,107,236521,9,236785
26048,0.048767,104.244.42.0-255,66,236587,9,236785
26049,0.048825,104.244.42.0-255,66,236653,9,236785
26050,0.048914,104.244.42.0-255,66,236719,9,236785
26051,0.048919,104.244.42.0-255,66,236785,9,236785
26052,0.0,172.31.36.0-255,105,105,9,276
26053,0.001778,157.240.13.0-255,105,210,9,276
26054,0.001791,172.31.36.0-255,66,276,9,276
26055,0.0,74.125.24.0-255,153,153,9,312993
26056,3e-05,172.31.36.0-255,66,219,9,312993
26057,3.7e-05,74.125.24.0-255,1484,1703,9,312993
26058,4e-05,172.31.36.0-255,66,1769,9,312993
26059,6.4e-05,74.125.24.0-255,1484,3253,9,312993
26060,6.6e-05,172.31.36.0-255,66,3319,9,312993
26061,7.8e-05,74.125.24.0-255,2902,6221,9,312993
26062,8e-05,172.31.36.0-255,66,6287,9,312993
26063,8.4e-05,74.125.24.0-255,2902,9189,9,312993
26064,8.7e-05,172.31.36.0-255,66,9255,9,312993
26065,0.000113,74.125.24.0-255,2902,12157,9,312993
26066,0.000115,172.31.36.0-255,66,12223,9,312993
26067,0.000122,74.125.24.0-255,2058,14281,9,312993
26068,0.000126,172.31.36.0-255,66,14347,9,312993
26069,0.000174,74.125.24.0-255,1484,15831,9,312993
26070,0.000176,172.31.36.0-255,66,15897,9,312993
26071,0.000181,74.125.24.0-255,2902,18799,9,312993
26072,0.000183,172.31.36.0-255,66,18865,9,312993
26073,0.000214,74.125.24.0-255,5738,24603,9,312993
26074,0.000217,172.31.36.0-255,66,24669,9,312993
26075,0.000222,74.125.24.0-255,4320,28989,9,312993
26076,0.000224,172.31.36.0-255,66,29055,9,312993
26077,0.000256,74.125.24.0-255,2543,31598,9,312993
26078,0.000259,172.31.36.0-255,66,31664,9,312993
26079,0.000329,74.125.24.0-255,1484,33148,9,312993
26080,0.000332,172.31.36.0-255,66,33214,9,312993
26081,0.000336,74.125.24.0-255,1484,34698,9,312993
26082,0.000338,172.31.36.0-255,66,34764,9,312993
26083,0.000359,74.125.24.0-255,1484,36248,9,312993
26084,0.000361,172.31.36.0-255,66,36314,9,312993
26085,0.000367,74.125.24.0-255,5738,42052,9,312993
26086,0.000369,172.31.36.0-255,66,42118,9,312993
26087,0.000376,74.125.24.0-255,6797,48915,9,312993
26088,0.000388,172.31.36.0-255,66,48981,9,312993
26089,0.000422,74.125.24.0-255,2543,51524,9,312993
26090,0.000434,172.31.36.0-255,66,51590,9,312993
26091,0.000436,74.125.24.0-255,358,51948,9,312993
26092,0.000481,74.125.24.0-255,135,52083,9,312993
26093,0.000615,74.125.24.0-255,348,52431,9,312993
26094,0.000717,172.31.36.0-255,66,52497,9,312993
26095,0.000954,74.125.24.0-255,1484,53981,9,312993
26096,0.000972,74.125.24.0-255,2902,56883,9,312993
26097,0.000978,74.125.24.0-255,5738,62621,9,312993
26098,0.00099,172.31.36.0-255,66,62687,9,312993
26099,0.001001,74.125.24.0-255,5738,68425,9,312993
26100,0.001016,172.31.36.0-255,66,68491,9,312993
26101,0.001034,74.125.24.0-255,7156,75647,9,312993
26102,0.001038,74.125.24.0-255,2902,78549,9,312993
26103,0.001041,172.31.36.0-255,66,78615,9,312993
26104,0.001045,172.31.36.0-255,66,78681,9,312993
26105,0.001061,74.125.24.0-255,7156,85837,9,312993
26106,0.001065,172.31.36.0-255,66,85903,9,312993
26107,0.001086,74.125.24.0-255,766,86669,9,312993
26108,0.001237,172.31.36.0-255,66,86735,9,312993
26109,0.00126,74.125.24.0-255,1484,88219,9,312993
26110,0.001275,74.125.24.0-255,2902,91121,9,312993
26111,0.001279,74.125.24.0-255,2902,94023,9,312993
26112,0.001283,172.31.36.0-255,66,94089,9,312993
26113,0.001293,74.125.24.0-255,2902,96991,9,312993
26114,0.001297,74.125.24.0-255,2902,99893,9,312993
26115,0.001303,172.31.36.0-255,66,99959,9,312993
26116,0.001312,74.125.24.0-255,5738,105697,9,312993
26117,0.001316,172.31.36.0-255,66,105763,9,312993
26118,0.001331,74.125.24.0-255,4320,110083,9,312993
26119,0.001339,172.31.36.0-255,66,110149,9,312993
26120,0.00135,172.31.36.0-255,66,110215,9,312993
26121,0.001425,74.125.24.0-255,1484,111699,9,312993
26122,0.001436,74.125.24.0-255,2902,114601,9,312993
26123,0.001439,172.31.36.0-255,66,114667,9,312993
26124,0.001443,74.125.24.0-255,2902,117569,9,312993
26125,0.001453,172.31.36.0-255,66,117635,9,312993
26126,0.001466,74.125.24.0-255,2902,120537,9,312993
26127,0.001471,172.31.36.0-255,66,120603,9,312993
26128,0.001477,74.125.24.0-255,7156,127759,9,312993
26129,0.001485,172.31.36.0-255,66,127825,9,312993
26130,0.001505,74.125.24.0-255,5738,133563,9,312993
26131,0.001517,172.31.36.0-255,66,133629,9,312993
26132,0.00152,74.125.24.0-255,1484,135113,9,312993
26133,0.001556,74.125.24.0-255,2902,138015,9,312993
26134,0.001558,172.31.36.0-255,66,138081,9,312993
26135,0.001569,172.31.36.0-255,66,138147,9,312993
26136,0.001599,74.125.24.0-255,7156,145303,9,312993
26137,0.001599,172.31.36.0-255,66,145369,9,312993
26138,0.001604,172.31.36.0-255,66,145435,9,312993
26139,0.001627,74.125.24.0-255,5738,151173,9,312993
26140,0.001634,172.31.36.0-255,66,151239,9,312993
26141,0.001655,172.31.36.0-255,66,151305,9,312993
26142,0.001731,74.125.24.0-255,1484,152789,9,312993
26143,0.001734,74.125.24.0-255,1484,154273,9,312993
26144,0.001743,172.31.36.0-255,66,154339,9,312993
26145,0.001753,74.125.24.0-255,1484,155823,9,312993
26146,0.001762,74.125.24.0-255,5738,161561,9,312993
26147,0.001767,172.31.36.0-255,66,161627,9,312993
26148,0.001831,172.31.36.0-255,66,161693,9,312993
26149,0.001841,172.31.36.0-255,66,161759,9,312993
26150,0.001894,74.125.24.0-255,1484,163243,9,312993
26151,0.001911,74.125.24.0-255,1484,164727,9,312993
26152,0.001915,172.31.36.0-255,66,164793,9,312993
26153,0.001928,74.125.24.0-255,1484,166277,9,312993
26154,0.001938,74.125.24.0-255,4320,170597,9,312993
26155,0.001941,172.31.36.0-255,66,170663,9,312993
26156,0.001962,172.31.36.0-255,66,170729,9,312993
26157,0.001983,74.125.24.0-255,7156,177885,9,312993
26158,0.001992,172.31.36.0-255,66,177951,9,312993
26159,0.002018,74.125.24.0-255,1484,179435,9,312993
26160,0.002031,172.31.36.0-255,66,179501,9,312993
26161,0.004022,74.125.24.0-255,5738,185239,9,312993
26162,0.004027,172.31.36.0-255,66,185305,9,312993
26163,0.006022,74.125.24.0-255,5738,191043,9,312993
26164,0.006027,172.31.36.0-255,66,191109,9,312993
26165,0.008015,74.125.24.0-255,5738,196847,9,312993
26166,0.008022,172.31.36.0-255,66,196913,9,312993
26167,0.010023,74.125.24.0-255,5738,202651,9,312993
26168,0.010029,172.31.36.0-255,66,202717,9,312993
26169,0.012031,74.125.24.0-255,5738,208455,9,312993
26170,0.012039,172.31.36.0-255,66,208521,9,312993
26171,0.014039,74.125.24.0-255,5738,214259,9,312993
26172,0.014046,172.31.36.0-255,66,214325,9,312993
26173,0.016047,74.125.24.0-255,5738,220063,9,312993
26174,0.017176,172.31.36.0-255,66,220129,9,312993
26175,0.019169,74.125.24.0-255,5738,225867,9,312993
26176,0.019176,172.31.36.0-255,66,225933,9,312993
26177,0.021174,74.125.24.0-255,5738,231671,9,312993
26178,0.021182,172.31.36.0-255,66,231737,9,312993
26179,0.023155,74.125.24.0-255,5738,237475,9,312993
26180,0.023162,172.31.36.0-255,66,237541,9,312993
26181,0.025163,74.125.24.0-255,5738,243279,9,312993
26182,0.025168,172.31.36.0-255,66,243345,9,312993
26183,0.027168,74.125.24.0-255,5738,249083,9,312993
26184,0.027176,172.31.36.0-255,66,249149,9,312993
26185,0.029178,74.125.24.0-255,5738,254887,9,312993
26186,0.029185,172.31.36.0-255,66,254953,9,312993
26187,0.031182,74.125.24.0-255,5738,260691,9,312993
26188,0.031188,172.31.36.0-255,66,260757,9,312993
26189,0.033179,74.125.24.0-255,5738,266495,9,312993
26190,0.033186,172.31.36.0-255,66,266561,9,312993
26191,0.035164,74.125.24.0-255,5738,272299,9,312993
26192,0.035171,172.31.36.0-255,66,272365,9,312993
26193,0.037168,74.125.24.0-255,5738,278103,9,312993
26194,0.037175,172.31.36.0-255,66,278169,9,312993
26195,0.039173,74.125.24.0-255,5738,283907,9,312993
26196,0.03918,172.31.36.0-255,66,283973,9,312993
26197,0.041177,74.125.24.0-255,5738,289711,9,312993
26198,0.041185,172.31.36.0-255,66,289777,9,312993
26199,0.043193,74.125.24.0-255,5738,295515,9,312993
26200,0.0432,172.31.36.0-255,66,295581,9,312993
26201,0.045164,74.125.24.0-255,5738,301319,9,312993
26202,0.04517,172.31.36.0-255,66,301385,9,312993
26203,0.047211,74.125.24.0-255,5738,307123,9,312993
26204,0.047218,172.31.36.0-255,66,307189,9,312993
26205,0.049249,74.125.24.0-255,5738,312927,9,312993
26206,0.049257,172.31.36.0-255,66,312993,9,312993
26207,0.0,74.125.68.0-255,153,153,9,377076
26208,2.8e-05,172.31.36.0-255,66,219,9,377076
26209,6.9e-05,74.125.68.0-255,1484,1703,9,377076
26210,7.3e-05,172.31.36.0-255,66,1769,9,377076
26211,7.9e-05,74.125.68.0-255,2902,4671,9,377076
26212,8.3e-05,172.31.36.0-255,66,4737,9,377076
26213,8.6e-05,74.125.68.0-255,1484,6221,9,377076
26214,9e-05,172.31.36.0-255,66,6287,9,377076
26215,0.000105,74.125.68.0-255,2902,9189,9,377076
26216,0.000109,172.31.36.0-255,66,9255,9,377076
26217,0.000122,74.125.68.0-255,1484,10739,9,377076
26218,0.000125,172.31.36.0-255,66,10805,9,377076
26219,0.000153,74.125.68.0-255,4901,15706,9,377076
26220,0.000156,172.31.36.0-255,66,15772,9,377076
26221,0.000159,74.125.68.0-255,1484,17256,9,377076
26222,0.000161,172.31.36.0-255,66,17322,9,377076
26223,0.000165,74.125.68.0-255,2902,20224,9,377076
26224,0.000168,172.31.36.0-255,66,20290,9,377076
26225,0.00017,74.125.68.0-255,1484,21774,9,377076
26226,0.000172,172.31.36.0-255,66,21840,9,377076
26227,0.000197,74.125.68.0-255,4320,26160,9,377076
26228,0.0002,172.31.36.0-255,66,26226,9,377076
26229,0.000204,74.125.68.0-255,2902,29128,9,377076
26230,0.000207,172.31.36.0-255,66,29194,9,377076
26231,0.000239,74.125.68.0-255,2543,31737,9,377076
26232,0.000242,172.31.36.0-255,66,31803,9,377076
26233,0.000302,74.125.68.0-255,1484,33287,9,377076
26234,0.000306,172.31.36.0-255,66,33353,9,377076
26235,0.000341,74.125.68.0-255,2902,36255,9,377076
26236,0.000345,74.125.68.0-255,2902,39157,9,377076
26237,0.000347,172.31.36.0-255,66,39223,9,377076
26238,0.000352,172.31.36.0-255,66,39289,9,377076
26239,0.000367,74.125.68.0-255,4320,43609,9,377076
26240,0.000371,172.31.36.0-255,66,43675,9,377076
26241,0.000399,74.125.68.0-255,5379,49054,9,377076
26242,0.000403,172.31.36.0-255,66,49120,9,377076
26243,0.000428,74.125.68.0-255,5738,54858,9,377076
26244,0.00043,172.31.36.0-255,66,54924,9,377076
26245,0.000452,74.125.68.0-255,5738,60662,9,377076
26246,0.000455,172.31.36.0-255,66,60728,9,377076
26247,0.000508,74.125.68.0-255,5687,66415,9,377076
26248,0.000511,172.31.36.0-255,66,66481,9,377076
26249,0.000528,74.125.68.0-255,118,66599,9,377076
26250,0.000621,74.125.68.0-255,1484,68083,9,377076
26251,0.000625,172.31.36.0-255,66,68149,9,377076
26252,0.00063,74.125.68.0-255,2902,71051,9,377076
26253,0.000632,172.31.36.0-255,66,71117,9,377076
26254,0.000656,74.125.68.0-255,2902,74019,9,377076
26255,0.000659,172.31.36.0-255,66,74085,9,377076
26256,0.00069,74.125.68.0-255,4320,78405,9,377076
26257,0.000693,172.31.36.0-255,66,78471,9,377076
26258,0.000703,74.125.68.0-255,2902,81373,9,377076
26259,0.000705,172.31.36.0-255,66,81439,9,377076
26260,0.000728,74.125.68.0-255,2902,84341,9,377076
26261,0.000731,172.31.36.0-255,66,84407,9,377076
26262,0.000738,74.125.68.0-255,7156,91563,9,377076
26263,0.00074,172.31.36.0-255,66,91629,9,377076
26264,0.000747,74.125.68.0-255,5738,97367,9,377076
26265,0.00075,172.31.36.0-255,66,97433,9,377076
26266,0.00077,74.125.68.0-255,2902,100335,9,377076
26267,0.000774,172.31.36.0-255,66,100401,9,377076
26268,0.000777,74.125.68.0-255,766,101167,9,377076
26269,0.000819,74.125.68.0-255,1746,102913,9,377076
26270,0.000822,172.31.36.0-255,66,102979,9,377076
26271,0.000826,74.125.68.0-255,1484,104463,9,377076
26272,0.000844,74.125.68.0-255,2902,107365,9,377076
26273,0.000847,172.31.36.0-255,66,107431,9,377076
26274,0.000852,74.125.68.0-255,2902,110333,9,377076
26275,0.000854,172.31.36.0-255,66,110399,9,377076
26276,0.000873,74.125.68.0-255,4320,114719,9,377076
26277,0.000875,172.31.36.0-255,66,114785,9,377076
26278,0.000907,74.125.68.0-255,1484,116269,9,377076
26279,0.000911,74.125.68.0-255,2902,119171,9,377076
26280,0.000915,172.31.36.0-255,66,119237,9,377076
26281,0.000938,74.125.68.0-255,5738,124975,9,377076
26282,0.000942,172.31.36.0-255,66,125041,9,377076
26283,0.000945,74.125.68.0-255,1484,126525,9,377076
26284,0.000967,74.125.68.0-255,7156,133681,9,377076
26285,0.00097,172.31.36.0-255,66,133747,9,377076
26286,0.001002,74.125.68.0-255,2184,135931,9,377076
26287,0.001005,172.31.36.0-255,66,135997,9,377076
26288,0.001025,74.125.68.0-255,2902,138899,9,377076
26289,0.001028,172.31.36.0-255,66,138965,9,377076
26290,0.001046,74.125.68.0-255,5738,144703,9,377076
26291,0.001049,172.31.36.0-255,66,144769,9,377076
26292,0.001064,74.125.68.0-255,1484,146253,9,377076
26293,0.001067,74.125.68.0-255,1484,147737,9,377076
26294,0.001069,172.31.36.0-255,66,147803,9,377076
26295,0.001081,74.125.68.0-255,2902,150705,9,377076
26296,0.001084,172.31.36.0-255,66,150771,9,377076
26297,0.001136,74.125.68.0-255,2902,153673,9,377076
26298,0.00114,172.31.36.0-255,66,153739,9,377076
26299,0.00116,74.125.68.0-255,1484,155223,9,377076
26300,0.001166,74.125.68.0-255,5738,160961,9,377076
26301,0.001169,172.31.36.0-255,66,161027,9,377076
26302,0.001175,74.125.68.0-255,5738,166765,9,377076
26303,0.001178,172.31.36.0-255,66,166831,9,377076
26304,0.001189,74.125.68.0-255,1484,168315,9,377076
26305,0.001204,74.125.68.0-255,2184,170499,9,377076
26306,0.001207,172.31.36.0-255,66,170565,9,377076
26307,0.001254,74.125.68.0-255,1484,172049,9,377076
26308,0.00127,74.125.68.0-255,2902,174951,9,377076
26309,0.001274,172.31.36.0-255,66,175017,9,377076
26310,0.001278,74.125.68.0-255,2902,177919,9,377076
26311,0.00128,172.31.36.0-255,66,177985,9,377076
26312,0.001294,74.125.68.0-255,2902,180887,9,377076
26313,0.001296,172.31.36.0-255,66,180953,9,377076
26314,0.001317,74.125.68.0-255,5738,186691,9,377076
26315,0.001319,172.31.36.0-255,66,186757,9,377076
26316,0.001331,74.125.68.0-255,4320,191077,9,377076
26317,0.001334,172.31.36.0-255,66,191143,9,377076
26318,0.001354,74.125.68.0-255,1484,192627,9,377076
26319,0.001369,74.125.68.0-255,5738,198365,9,377076
26320,0.001373,172.31.36.0-255,66,198431,9,377076
26321,0.00142,74.125.68.0-255,5738,204169,9,377076
26322,0.001423,172.31.36.0-255,66,204235,9,377076
26323,0.001436,74.125.68.0-255,766,205001,9,377076
26324,0.001509,74.125.68.0-255,1484,206485,9,377076
26325,0.001513,172.31.36.0-255,66,206551,9,377076
26326,0.001562,74.125.68.0-255,1484,208035,9,377076
26327,0.001608,74.125.68.0-255,2902,210937,9,377076
26328,0.001613,172.31.36.0-255,66,211003,9,377076
26329,0.001642,74.125.68.0-255,4320,215323,9,377076
26330,0.001645,172.31.36.0-255,66,215389,9,377076
26331,0.001667,74.125.68.0-255,4320,219709,9,377076
26332,0.00167,172.31.36.0-255,66,219775,9,377076
26333,0.001675,74.125.68.0-255,4320,224095,9,377076
26334,0.001677,172.31.36.0-255,66,224161,9,377076
26335,0.001689,74.125.68.0-255,1484,225645,9,377076
26336,0.001693,74.125.68.0-255,1484,227129,9,377076
26337,0.001695,172.31.36.0-255,66,227195,9,377076
26338,0.001733,172.31.36.0-255,66,227261,9,377076
26339,0.001737,74.125.68.0-255,2184,229445,9,377076
26340,0.001739,172.31.36.0-255,66,229511,9,377076
26341,0.001871,74.125.68.0-255,1484,230995,9,377076
26342,0.001877,74.125.68.0-255,2902,233897,9,377076
26343,0.00188,172.31.36.0-255,66,233963,9,377076
26344,0.001899,74.125.68.0-255,4320,238283,9,377076
26345,0.001902,172.31.36.0-255,66,238349,9,377076
26346,0.001932,74.125.68.0-255,1484,239833,9,377076
26347,0.001938,74.125.68.0-255,5738,245571,9,377076
26348,0.001942,172.31.36.0-255,66,245637,9,377076
26349,0.001944,74.125.68.0-255,7156,252793,9,377076
26350,0.001946,172.31.36.0-255,66,252859,9,377076
26351,0.001985,172.31.36.0-255,66,252925,9,377076
26352,0.002004,74.125.68.0-255,1484,254409,9,377076
26353,0.002031,74.125.68.0-255,4320,258729,9,377076
26354,0.002031,172.31.36.0-255,66,258795,9,377076
26355,0.002034,172.31.36.0-255,66,258861,9,377076
26356,0.002065,74.125.68.0-255,5738,264599,9,377076
26357,0.002069,172.31.36.0-255,66,264665,9,377076
26358,0.002096,172.31.36.0-255,66,264731,9,377076
26359,0.002098,74.125.68.0-255,766,265497,9,377076
26360,0.00213,74.125.68.0-255,2902,268399,9,377076
26361,0.002134,172.31.36.0-255,66,268465,9,377076
26362,0.002147,74.125.68.0-255,7156,275621,9,377076
26363,0.00215,172.31.36.0-255,66,275687,9,377076
26364,0.002155,74.125.68.0-255,2902,278589,9,377076
26365,0.002157,172.31.36.0-255,66,278655,9,377076
26366,0.00219,172.31.36.0-255,66,278721,9,377076
26367,0.002195,74.125.68.0-255,2902,281623,9,377076
26368,0.002197,172.31.36.0-255,66,281689,9,377076
26369,0.002202,74.125.68.0-255,4320,286009,9,377076
26370,0.002206,172.31.36.0-255,66,286075,9,377076
26371,0.002241,74.125.68.0-255,5020,291095,9,377076
26372,0.002246,172.31.36.0-255,66,291161,9,377076
26373,0.004472,74.125.68.0-255,5738,296899,9,377076
26374,0.004479,172.31.36.0-255,66,296965,9,377076
26375,0.006695,74.125.68.0-255,5738,302703,9,377076
26376,0.006701,172.31.36.0-255,66,302769,9,377076
26377,0.008921,74.125.68.0-255,5738,308507,9,377076
26378,0.008927,172.31.36.0-255,66,308573,9,377076
26379,0.011141,74.125.68.0-255,5738,314311,9,377076
26380,0.011147,172.31.36.0-255,66,314377,9,377076
26381,0.013369,74.125.68.0-255,5738,320115,9,377076
26382,0.013377,172.31.36.0-255,66,320181,9,377076
26383,0.015607,74.125.68.0-255,5738,325919,9,377076
26384,0.015615,172.31.36.0-255,66,325985,9,377076
26385,0.017846,74.125.68.0-255,5738,331723,9,377076
26386,0.017855,172.31.36.0-255,66,331789,9,377076
26387,0.020073,74.125.68.0-255,5738,337527,9,377076
26388,0.020081,172.31.36.0-255,66,337593,9,377076
26389,0.022321,74.125.68.0-255,5738,343331,9,377076
26390,0.02233,172.31.36.0-255,66,343397,9,377076
26391,0.024551,74.125.68.0-255,5738,349135,9,377076
26392,0.024557,172.31.36.0-255,66,349201,9,377076
26393,0.026774,74.125.68.0-255,5738,354939,9,377076
26394,0.026783,172.31.36.0-255,66,355005,9,377076
26395,0.029005,74.125.68.0-255,5738,360743,9,377076
26396,0.029012,172.31.36.0-255,66,360809,9,377076
26397,0.031229,74.125.68.0-255,5738,366547,9,377076
26398,0.031236,172.31.36.0-255,66,366613,9,377076
26399,0.032479,172.31.36.0-255,167,366780,9,377076
26400,0.032509,172.31.36.0-255,1116,367896,9,377076
26401,0.032547,172.31.36.0-255,1514,369410,9,377076
26402,0.032549,172.31.36.0-255,1285,370695,9,377076
26403,0.033454,74.125.68.0-255,5738,376433,9,377076
26404,0.033461,172.31.36.0-255,66,376499,9,377076
26405,0.033962,104.244.42.0-255,66,376565,9,377076
26406,0.033994,104.244.42.0-255,66,376631,9,377076
26407,0.03404,104.244.42.0-255,66,376697,9,377076
26408,0.035633,74.125.68.0-255,142,376839,9,377076
26409,0.035774,172.31.36.0-255,66,376905,9,377076
26410,0.035801,172.31.36.0-255,105,377010,9,377076
26411,0.037974,74.125.68.0-255,66,377076,9,377076
26412,0.0,172.217.194.0-255,147,147,9,221956
26413,3.1e-05,172.31.36.0-255,66,213,9,221956
26414,3.7e-05,172.217.194.0-255,1484,1697,9,221956
26415,4.2e-05,172.31.36.0-255,66,1763,9,221956
26416,4.6e-05,172.217.194.0-255,2902,4665,9,221956
26417,4.9e-05,172.31.36.0-255,66,4731,9,221956
26418,5.7e-05,172.217.194.0-255,5738,10469,9,221956
26419,5.9e-05,172.31.36.0-255,66,10535,9,221956
26420,8.2e-05,172.217.194.0-255,1484,12019,9,221956
26421,8.4e-05,172.31.36.0-255,66,12085,9,221956
26422,0.000104,172.217.194.0-255,1993,14078,9,221956
26423,0.000106,172.31.36.0-255,66,14144,9,221956
26424,0.000137,172.217.194.0-255,2902,17046,9,221956
26425,0.00014,172.31.36.0-255,66,17112,9,221956
26426,0.000144,172.217.194.0-255,1484,18596,9,221956
26427,0.000146,172.31.36.0-255,66,18662,9,221956
26428,0.000161,172.217.194.0-255,2902,21564,9,221956
26429,0.000163,172.31.36.0-255,66,21630,9,221956
26430,0.000167,172.217.194.0-255,1484,23114,9,221956
26431,0.000168,172.31.36.0-255,66,23180,9,221956
26432,0.000195,172.217.194.0-255,7156,30336,9,221956
26433,0.000197,172.31.36.0-255,66,30402,9,221956
26434,0.000203,172.217.194.0-255,2902,33304,9,221956
26435,0.000206,172.31.36.0-255,66,33370,9,221956
26436,0.000235,172.217.194.0-255,5379,38749,9,221956
26437,0.000239,172.31.36.0-255,66,38815,9,221956
26438,0.00025,172.31.36.0-255,66,38881,9,221956
26439,0.000253,172.217.194.0-255,1125,40006,9,221956
26440,0.000254,172.31.36.0-255,66,40072,9,221956
26441,0.000269,172.217.194.0-255,1484,41556,9,221956
26442,0.000271,172.31.36.0-255,66,41622,9,221956
26443,0.000297,172.217.194.0-255,4320,45942,9,221956
26444,0.000301,172.217.194.0-255,1484,47426,9,221956
26445,0.000319,172.31.36.0-255,66,47492,9,221956
26446,0.000327,172.217.194.0-255,5738,53230,9,221956
26447,0.000337,172.31.36.0-255,66,53296,9,221956
26448,0.000354,172.217.194.0-255,2902,56198,9,221956
26449,0.000358,172.31.36.0-255,66,56264,9,221956
26450,0.000366,172.217.194.0-255,1705,57969,9,221956
26451,0.000373,172.31.36.0-255,66,58035,9,221956
26452,0.000687,172.217.194.0-255,1484,59519,9,221956
26453,0.000693,172.217.194.0-255,2902,62421,9,221956
26454,0.000703,172.31.36.0-255,66,62487,9,221956
26455,0.000706,172.217.194.0-255,1484,63971,9,221956
26456,0.000723,172.217.194.0-255,4320,68291,9,221956
26457,0.000732,172.31.36.0-255,66,68357,9,221956
26458,0.000748,172.217.194.0-255,1484,69841,9,221956
26459,0.000785,172.217.194.0-255,7156,76997,9,221956
26460,0.00079,172.31.36.0-255,66,77063,9,221956
26461,0.000831,172.217.194.0-255,3602,80665,9,221956
26462,0.000835,172.31.36.0-255,66,80731,9,221956
26463,0.001862,172.217.194.0-255,1484,82215,9,221956
26464,0.001873,172.217.194.0-255,2902,85117,9,221956
26465,0.001877,172.31.36.0-255,66,85183,9,221956
26466,0.001884,172.217.194.0-255,5738,90921,9,221956
26467,0.001888,172.217.194.0-255,4320,95241,9,221956
26468,0.001911,172.217.194.0-255,7156,102397,9,221956
26469,0.001926,172.217.194.0-255,7156,109553,9,221956
26470,0.001939,172.217.194.0-255,1484,111037,9,221956
26471,0.001943,172.217.194.0-255,3602,114639,9,221956
26472,0.002389,172.31.36.0-255,66,114705,9,221956
26473,0.00502,172.217.194.0-255,5738,120443,9,221956
26474,0.005025,172.31.36.0-255,66,120509,9,221956
26475,0.007658,172.217.194.0-255,5738,126247,9,221956
26476,0.007664,172.31.36.0-255,66,126313,9,221956
26477,0.010531,172.217.194.0-255,5738,132051,9,221956
26478,0.010539,172.31.36.0-255,66,132117,9,221956
26479,0.013194,172.217.194.0-255,5738,137855,9,221956
26480,0.013202,172.31.36.0-255,66,137921,9,221956
26481,0.015825,172.217.194.0-255,5738,143659,9,221956
26482,0.015834,172.31.36.0-255,66,143725,9,221956
26483,0.018468,172.217.194.0-255,5738,149463,9,221956
26484,0.018476,172.31.36.0-255,66,149529,9,221956
26485,0.021099,172.217.194.0-255,5738,155267,9,221956
26486,0.021107,172.31.36.0-255,66,155333,9,221956
26487,0.023746,172.217.194.0-255,5738,161071,9,221956
26488,0.023756,172.31.36.0-255,66,161137,9,221956
26489,0.026383,172.217.194.0-255,5738,166875,9,221956
26490,0.026393,172.31.36.0-255,66,166941,9,221956
26491,0.02889,172.31.36.0-255,188,167129,9,221956
26492,0.028947,172.31.36.0-255,960,168089,9,221956
26493,0.02903,172.31.36.0-255,1514,169603,9,221956
26494,0.029032,172.31.36.0-255,1514,171117,9,221956
26495,0.029037,172.31.36.0-255,1514,172631,9,221956
26496,0.029038,172.31.36.0-255,1514,174145,9,221956
26497,0.02906,172.217.194.0-255,5738,179883,9,221956
26498,0.029066,172.31.36.0-255,66,179949,9,221956
26499,0.029074,172.31.36.0-255,1514,181463,9,221956
26500,0.029075,172.31.36.0-255,953,182416,9,221956
26501,0.030476,104.244.42.0-255,66,182482,9,221956
26502,0.030568,104.244.42.0-255,66,182548,9,221956
26503,0.03061,104.244.42.0-255,66,182614,9,221956
26504,0.03075,104.244.42.0-255,66,182680,9,221956
26505,0.031689,172.217.194.0-255,5738,188418,9,221956
26506,0.031694,172.31.36.0-255,66,188484,9,221956
26507,0.034372,172.217.194.0-255,5738,194222,9,221956
26508,0.034379,172.31.36.0-255,66,194288,9,221956
26509,0.037013,172.217.194.0-255,5738,200026,9,221956
26510,0.037019,172.31.36.0-255,66,200092,9,221956
26511,0.039647,172.217.194.0-255,5738,205830,9,221956
26512,0.039657,172.31.36.0-255,66,205896,9,221956
26513,0.042256,172.217.194.0-255,5738,211634,9,221956
26514,0.042261,172.31.36.0-255,66,211700,9,221956
26515,0.04488,172.217.194.0-255,4320,216020,9,221956
26516,0.044885,172.31.36.0-255,66,216086,9,221956
26517,0.044909,172.217.194.0-255,1484,217570,9,221956
26518,0.047502,172.217.194.0-255,4320,221890,9,221956
26519,0.047507,172.31.36.0-255,66,221956,9,221956
26520,0.0,74.125.68.0-255,153,153,9,245456
26521,2.5e-05,172.31.36.0-255,66,219,9,245456
26522,3.2e-05,74.125.68.0-255,1484,1703,9,245456
26523,3.7e-05,172.31.36.0-255,66,1769,9,245456
26524,4.2e-05,74.125.68.0-255,2902,4671,9,245456
26525,4.5e-05,172.31.36.0-255,66,4737,9,245456
26526,5.8e-05,74.125.68.0-255,2902,7639,9,245456
26527,6.2e-05,172.31.36.0-255,66,7705,9,245456
26528,8.9e-05,74.125.68.0-255,4320,12025,9,245456
26529,9.2e-05,172.31.36.0-255,66,12091,9,245456
26530,0.00012,74.125.68.0-255,2083,14174,9,245456
26531,0.000123,172.31.36.0-255,66,14240,9,245456
26532,0.000257,74.125.68.0-255,1484,15724,9,245456
26533,0.000261,172.31.36.0-255,66,15790,9,245456
26534,0.000293,74.125.68.0-255,2902,18692,9,245456
26535,0.000296,172.31.36.0-255,66,18758,9,245456
26536,0.000331,74.125.68.0-255,5738,24496,9,245456
26537,0.000334,172.31.36.0-255,66,24562,9,245456
26538,0.00034,74.125.68.0-255,4320,28882,9,245456
26539,0.000342,172.31.36.0-255,66,28948,9,245456
26540,0.000369,74.125.68.0-255,2543,31491,9,245456
26541,0.000376,172.31.36.0-255,66,31557,9,245456
26542,0.000486,74.125.68.0-255,1484,33041,9,245456
26543,0.00049,172.31.36.0-255,66,33107,9,245456
26544,0.000519,74.125.68.0-255,2902,36009,9,245456
26545,0.000522,172.31.36.0-255,66,36075,9,245456
26546,0.000525,74.125.68.0-255,1484,37559,9,245456
26547,0.000527,172.31.36.0-255,66,37625,9,245456
26548,0.000555,74.125.68.0-255,2902,40527,9,245456
26549,0.000557,74.125.68.0-255,1484,42011,9,245456
26550,0.000565,172.31.36.0-255,66,42077,9,245456
26551,0.000569,172.31.36.0-255,66,42143,9,245456
26552,0.000597,74.125.68.0-255,6797,48940,9,245456
26553,0.000599,172.31.36.0-255,66,49006,9,245456
26554,0.00061,172.31.36.0-255,66,49072,9,245456
26555,0.000635,74.125.68.0-255,1484,50556,9,245456
26556,0.000662,74.125.68.0-255,4320,54876,9,245456
26557,0.000665,172.31.36.0-255,66,54942,9,245456
26558,0.000669,74.125.68.0-255,2543,57485,9,245456
26559,0.000671,172.31.36.0-255,66,57551,9,245456
26560,0.000709,74.125.68.0-255,419,57970,9,245456
26561,0.000781,74.125.68.0-255,324,58294,9,245456
26562,0.001137,74.125.68.0-255,1484,59778,9,245456
26563,0.001144,172.31.36.0-255,66,59844,9,245456
26564,0.001154,74.125.68.0-255,2902,62746,9,245456
26565,0.001156,172.31.36.0-255,66,62812,9,245456
26566,0.00116,74.125.68.0-255,1484,64296,9,245456
26567,0.001183,74.125.68.0-255,4320,68616,9,245456
26568,0.001185,172.31.36.0-255,66,68682,9,245456
26569,0.001191,74.125.68.0-255,4320,73002,9,245456
26570,0.001192,172.31.36.0-255,66,73068,9,245456
26571,0.001219,74.125.68.0-255,2902,75970,9,245456
26572,0.001221,172.31.36.0-255,66,76036,9,245456
26573,0.001224,74.125.68.0-255,1484,77520,9,245456
26574,0.001262,172.31.36.0-255,66,77586,9,245456
26575,0.001285,74.125.68.0-255,3602,81188,9,245456
26576,0.001288,172.31.36.0-255,66,81254,9,245456
26577,0.001568,74.125.68.0-255,1484,82738,9,245456
26578,0.001582,74.125.68.0-255,2902,85640,9,245456
26579,0.001585,172.31.36.0-255,66,85706,9,245456
26580,0.001606,74.125.68.0-255,5738,91444,9,245456
26581,0.001608,172.31.36.0-255,66,91510,9,245456
26582,0.001645,74.125.68.0-255,7156,98666,9,245456
26583,0.001648,172.31.36.0-255,66,98732,9,245456
26584,0.001653,74.125.68.0-255,2902,101634,9,245456
26585,0.001655,172.31.36.0-255,66,101700,9,245456
26586,0.001689,74.125.68.0-255,5738,107438,9,245456
26587,0.0017,172.31.36.0-255,66,107504,9,245456
26588,0.001704,172.31.36.0-255,66,107570,9,245456
26589,0.001931,74.125.68.0-255,1484,109054,9,245456
26590,0.001937,74.125.68.0-255,2902,111956,9,245456
26591,0.00194,172.31.36.0-255,66,112022,9,245456
26592,0.001969,74.125.68.0-255,2902,114924,9,245456
26593,0.001971,172.31.36.0-255,66,114990,9,245456
26594,0.002001,74.125.68.0-255,2902,117892,9,245456
26595,0.002003,172.31.36.0-255,66,117958,9,245456
26596,0.002009,74.125.68.0-255,4320,122278,9,245456
26597,0.002011,172.31.36.0-255,66,122344,9,245456
26598,0.002026,74.125.68.0-255,2902,125246,9,245456
26599,0.00205,172.31.36.0-255,66,125312,9,245456
26600,0.002053,172.31.36.0-255,66,125378,9,245456
26601,0.002078,74.125.68.0-255,2902,128280,9,245456
26602,0.00208,172.31.36.0-255,66,128346,9,245456
26603,0.00211,74.125.68.0-255,3602,131948,9,245456
26604,0.002113,172.31.36.0-255,66,132014,9,245456
26605,0.004357,74.125.68.0-255,1484,133498,9,245456
26606,0.004386,74.125.68.0-255,2902,136400,9,245456
26607,0.00439,172.31.36.0-255,66,136466,9,245456
26608,0.00442,74.125.68.0-255,1484,137950,9,245456
26609,0.006666,74.125.68.0-255,4320,142270,9,245456
26610,0.006669,172.31.36.0-255,66,142336,9,245456
26611,0.008943,74.125.68.0-255,5738,148074,9,245456
26612,0.00895,172.31.36.0-255,66,148140,9,245456
26613,0.011229,74.125.68.0-255,5738,153878,9,245456
26614,0.011237,172.31.36.0-255,66,153944,9,245456
26615,0.013523,74.125.68.0-255,5738,159682,9,245456
26616,0.01353,172.31.36.0-255,66,159748,9,245456
26617,0.015815,74.125.68.0-255,5738,165486,9,245456
26618,0.015824,172.31.36.0-255,66,165552,9,245456
26619,0.018105,74.125.68.0-255,5738,171290,9,245456
26620,0.018111,172.31.36.0-255,66,171356,9,245456
26621,0.020395,74.125.68.0-255,5738,177094,9,245456
26622,0.020401,172.31.36.0-255,66,177160,9,245456
26623,0.022683,74.125.68.0-255,5738,182898,9,245456
26624,0.02269,172.31.36.0-255,66,182964,9,245456
26625,0.024971,74.125.68.0-255,5738,188702,9,245456
26626,0.024979,172.31.36.0-255,66,188768,9,245456
26627,0.027258,74.125.68.0-255,5738,194506,9,245456
26628,0.027266,172.31.36.0-255,66,194572,9,245456
26629,0.029539,74.125.68.0-255,5738,200310,9,245456
26630,0.029548,172.31.36.0-255,66,200376,9,245456
26631,0.031869,74.125.68.0-255,5738,206114,9,245456
26632,0.031876,172.31.36.0-255,66,206180,9,245456
26633,0.034164,74.125.68.0-255,5738,211918,9,245456
26634,0.03417,172.31.36.0-255,66,211984,9,245456
26635,0.036452,74.125.68.0-255,4320,216304,9,245456
26636,0.036459,172.31.36.0-255,66,216370,9,245456
26637,0.036486,74.125.68.0-255,1484,217854,9,245456
26638,0.038767,74.125.68.0-255,4320,222174,9,245456
26639,0.038774,172.31.36.0-255,66,222240,9,245456
26640,0.041061,74.125.68.0-255,5738,227978,9,245456
26641,0.04107,172.31.36.0-255,66,228044,9,245456
26642,0.043358,74.125.68.0-255,5738,233782,9,245456
26643,0.043366,172.31.36.0-255,66,233848,9,245456
26644,0.045641,74.125.68.0-255,5738,239586,9,245456
26645,0.045649,172.31.36.0-255,66,239652,9,245456
26646,0.047938,74.125.68.0-255,5738,245390,9,245456
26647,0.047946,172.31.36.0-255,66,245456,9,245456
26648,0.0,74.125.24.0-255,150,150,9,300484
26649,1.8e-05,172.31.36.0-255,66,216,9,300484
26650,2.5e-05,74.125.24.0-255,1484,1700,9,300484
26651,2.8e-05,172.31.36.0-255,66,1766,9,300484
26652,3.4e-05,74.125.24.0-255,2902,4668,9,300484
26653,3.7e-05,172.31.36.0-255,66,4734,9,300484
26654,4.4e-05,74.125.24.0-255,5738,10472,9,300484
26655,4.8e-05,172.31.36.0-255,66,10538,9,300484
26656,9.3e-05,74.125.24.0-255,3447,13985,9,300484
26657,9.5e-05,172.31.36.0-255,66,14051,9,300484
26658,0.000114,74.125.24.0-255,4320,18371,9,300484
26659,0.000117,172.31.36.0-255,66,18437,9,300484
26660,0.000122,74.125.24.0-255,2902,21339,9,300484
26661,0.000124,172.31.36.0-255,66,21405,9,300484
26662,0.000177,74.125.24.0-255,7156,28561,9,300484
26663,0.000181,172.31.36.0-255,66,28627,9,300484
26664,0.000186,74.125.24.0-255,2543,31170,9,300484
26665,0.000188,172.31.36.0-255,66,31236,9,300484
26666,0.000278,74.125.24.0-255,1484,32720,9,300484
26667,0.000281,172.31.36.0-255,66,32786,9,300484
26668,0.000308,74.125.24.0-255,2902,35688,9,300484
26669,0.00031,172.31.36.0-255,66,35754,9,300484
26670,0.000316,74.125.24.0-255,4320,40074,9,300484
26671,0.000318,172.31.36.0-255,66,40140,9,300484
26672,0.000347,74.125.24.0-255,1484,41624,9,300484
26673,0.000349,172.31.36.0-255,66,41690,9,300484
26674,0.000357,74.125.24.0-255,6797,48487,9,300484
26675,0.000359,172.31.36.0-255,66,48553,9,300484
26676,0.000368,74.125.24.0-255,7156,55709,9,300484
26677,0.000371,172.31.36.0-255,66,55775,9,300484
26678,0.00042,172.31.36.0-255,66,55841,9,300484
26679,0.000436,74.125.24.0-255,109,55950,9,300484
26680,0.000541,74.125.24.0-255,332,56282,9,300484
26681,0.000819,74.125.24.0-255,1484,57766,9,300484
26682,0.000823,172.31.36.0-255,66,57832,9,300484
26683,0.000828,74.125.24.0-255,2902,60734,9,300484
26684,0.00083,172.31.36.0-255,66,60800,9,300484
26685,0.000836,74.125.24.0-255,5738,66538,9,300484
26686,0.000838,172.31.36.0-255,66,66604,9,300484
26687,0.000842,74.125.24.0-255,2902,69506,9,300484
26688,0.000844,172.31.36.0-255,66,69572,9,300484
26689,0.000862,74.125.24.0-255,5738,75310,9,300484
26690,0.000864,172.31.36.0-255,66,75376,9,300484
26691,0.000901,74.125.24.0-255,7156,82532,9,300484
26692,0.000903,172.31.36.0-255,66,82598,9,300484
26693,0.000932,172.31.36.0-255,66,82664,9,300484
26694,0.001092,74.125.24.0-255,1484,84148,9,300484
26695,0.001107,74.125.24.0-255,2902,87050,9,300484
26696,0.00111,172.31.36.0-255,66,87116,9,300484
26697,0.001116,74.125.24.0-255,4320,91436,9,300484
26698,0.001117,172.31.36.0-255,66,91502,9,300484
26699,0.00113,74.125.24.0-255,1484,92986,9,300484
26700,0.001136,74.125.24.0-255,5738,98724,9,300484
26701,0.001139,172.31.36.0-255,66,98790,9,300484
26702,0.001171,74.125.24.0-255,7156,105946,9,300484
26703,0.001174,172.31.36.0-255,66,106012,9,300484
26704,0.001183,172.31.36.0-255,66,106078,9,300484
26705,0.001204,74.125.24.0-255,2184,108262,9,300484
26706,0.001206,172.31.36.0-255,66,108328,9,300484
26707,0.001316,74.125.24.0-255,1484,109812,9,300484
26708,0.001322,74.125.24.0-255,2902,112714,9,300484
26709,0.001325,172.31.36.0-255,66,112780,9,300484
26710,0.001344,74.125.24.0-255,5738,118518,9,300484
26711,0.001347,172.31.36.0-255,66,118584,9,300484
26712,0.001368,74.125.24.0-255,4320,122904,9,300484
26713,0.001371,172.31.36.0-255,66,122970,9,300484
26714,0.001393,74.125.24.0-255,2902,125872,9,300484
26715,0.001395,172.31.36.0-255,66,125938,9,300484
26716,0.001409,172.31.36.0-255,66,126004,9,300484
26717,0.001433,74.125.24.0-255,2184,128188,9,300484
26718,0.001435,172.31.36.0-255,66,128254,9,300484
26719,0.001438,74.125.24.0-255,1484,129738,9,300484
26720,0.001451,74.125.24.0-255,1484,131222,9,300484
26721,0.001453,172.31.36.0-255,66,131288,9,300484
26722,0.001457,74.125.24.0-255,2902,134190,9,300484
26723,0.001459,172.31.36.0-255,66,134256,9,300484
26724,0.001483,74.125.24.0-255,7156,141412,9,300484
26725,0.001487,172.31.36.0-255,66,141478,9,300484
26726,0.001491,74.125.24.0-255,2902,144380,9,300484
26727,0.001493,172.31.36.0-255,66,144446,9,300484
26728,0.001536,172.31.36.0-255,66,144512,9,300484
26729,0.001542,74.125.24.0-255,5020,149532,9,300484
26730,0.001545,172.31.36.0-255,66,149598,9,300484
26731,0.001668,74.125.24.0-255,1484,151082,9,300484
26732,0.00169,74.125.24.0-255,2902,153984,9,300484
26733,0.001696,172.31.36.0-255,66,154050,9,300484
26734,0.001702,74.125.24.0-255,5738,159788,9,300484
26735,0.001704,172.31.36.0-255,66,159854,9,300484
26736,0.001708,74.125.24.0-255,1484,161338,9,300484
26737,0.001727,74.125.24.0-255,1484,162822,9,300484
26738,0.001729,172.31.36.0-255,66,162888,9,300484
26739,0.001734,74.125.24.0-255,2902,165790,9,300484
26740,0.001736,172.31.36.0-255,66,165856,9,300484
26741,0.001753,74.125.24.0-255,7156,173012,9,300484
26742,0.001755,172.31.36.0-255,66,173078,9,300484
26743,0.001815,74.125.24.0-255,2184,175262,9,300484
26744,0.002105,74.125.24.0-255,1484,176746,9,300484
26745,0.002149,74.125.24.0-255,2902,179648,9,300484
26746,0.002153,74.125.24.0-255,1484,181132,9,300484
26747,0.002156,74.125.24.0-255,1484,182616,9,300484
26748,0.002184,74.125.24.0-255,2902,185518,9,300484
26749,0.0022,74.125.24.0-255,1484,187002,9,300484
26750,0.002216,74.125.24.0-255,1484,188486,9,300484
26751,0.002258,74.125.24.0-255,1484,189970,9,300484
26752,0.00226,74.125.24.0-255,1484,191454,9,300484
26753,0.002263,74.125.24.0-255,1484,192938,9,300484
26754,0.002281,74.125.24.0-255,6438,199376,9,300484
26755,0.002299,74.125.24.0-255,2902,202278,9,300484
26756,0.002323,74.125.24.0-255,5738,208016,9,300484
26757,0.002337,74.125.24.0-255,4320,212336,9,300484
26758,0.002343,74.125.24.0-255,4320,216656,9,300484
26759,0.002362,74.125.24.0-255,7156,223812,9,300484
26760,0.002367,74.125.24.0-255,2902,226714,9,300484
26761,0.00237,74.125.24.0-255,1484,228198,9,300484
26762,0.002374,74.125.24.0-255,2902,231100,9,300484
26763,0.002397,74.125.24.0-255,2184,233284,9,300484
26764,0.002417,74.125.24.0-255,1484,234768,9,300484
26765,0.00242,74.125.24.0-255,1484,236252,9,300484
26766,0.002437,74.125.24.0-255,1484,237736,9,300484
26767,0.002477,74.125.24.0-255,7156,244892,9,300484
26768,0.00248,74.125.24.0-255,1484,246376,9,300484
26769,0.002494,74.125.24.0-255,1484,247860,9,300484
26770,0.002518,74.125.24.0-255,4320,252180,9,300484
26771,0.002533,74.125.24.0-255,4320,256500,9,300484
26772,0.002585,74.125.24.0-255,6438,262938,9,300484
26773,0.002589,74.125.24.0-255,2902,265840,9,300484
26774,0.002606,74.125.24.0-255,4320,270160,9,300484
26775,0.00262,74.125.24.0-255,1484,271644,9,300484
26776,0.002666,74.125.24.0-255,2902,274546,9,300484
26777,0.002682,74.125.24.0-255,5738,280284,9,300484
26778,0.002705,74.125.24.0-255,1484,281768,9,300484
26779,0.002753,74.125.24.0-255,6438,288206,9,300484
26780,0.00276,74.125.24.0-255,7156,295362,9,300484
26781,0.002774,74.125.24.0-255,4780,300142,9,300484
26782,0.002822,74.125.24.0-255,105,300247,9,300484
26783,0.005313,172.31.36.0-255,66,300313,9,300484
26784,0.008029,172.31.36.0-255,105,300418,9,300484
26785,0.010061,74.125.24.0-255,66,300484,9,300484
26786,0.0,172.31.36.0-255,105,105,9,105
26787,0.0,74.125.24.0-255,97,97,9,163
26788,0.039754,172.31.36.0-255,66,163,9,163
26789,0.0,74.125.24.0-255,153,153,9,256799
26790,2.7e-05,172.31.36.0-255,66,219,9,256799
26791,3.4e-05,74.125.24.0-255,1484,1703,9,256799
26792,3.8e-05,172.31.36.0-255,66,1769,9,256799
26793,4.3e-05,74.125.24.0-255,2902,4671,9,256799
26794,4.6e-05,172.31.36.0-255,66,4737,9,256799
26795,7.2e-05,74.125.24.0-255,2902,7639,9,256799
26796,7.4e-05,172.31.36.0-255,66,7705,9,256799
26797,8e-05,74.125.24.0-255,4320,12025,9,256799
26798,8.2e-05,172.31.36.0-255,66,12091,9,256799
26799,8.6e-05,74.125.24.0-255,1975,14066,9,256799
26800,8.8e-05,172.31.36.0-255,66,14132,9,256799
26801,0.000137,74.125.24.0-255,1484,15616,9,256799
26802,0.00014,172.31.36.0-255,66,15682,9,256799
26803,0.000145,74.125.24.0-255,2902,18584,9,256799
26804,0.000147,172.31.36.0-255,66,18650,9,256799
26805,0.000171,74.125.24.0-255,5738,24388,9,256799
26806,0.000174,172.31.36.0-255,66,24454,9,256799
26807,0.000204,74.125.24.0-255,6797,31251,9,256799
26808,0.000208,172.31.36.0-255,66,31317,9,256799
26809,0.0009,74.125.24.0-255,1484,32801,9,256799
26810,0.000906,172.31.36.0-255,66,32867,9,256799
26811,0.000917,74.125.24.0-255,2902,35769,9,256799
26812,0.00092,172.31.36.0-255,66,35835,9,256799
26813,0.000927,74.125.24.0-255,5738,41573,9,256799
26814,0.00093,172.31.36.0-255,66,41639,9,256799
26815,0.000953,74.125.24.0-255,6797,48436,9,256799
26816,0.000956,172.31.36.0-255,66,48502,9,256799
26817,0.001331,74.125.24.0-255,1484,49986,9,256799
26818,0.001339,172.31.36.0-255,66,50052,9,256799
26819,0.001346,74.125.24.0-255,2902,52954,9,256799
26820,0.001348,172.31.36.0-255,66,53020,9,256799
26821,0.001354,74.125.24.0-255,5738,58758,9,256799
26822,0.00136,74.125.24.0-255,4320,63078,9,256799
26823,0.001405,74.125.24.0-255,2543,65621,9,256799
26824,0.001522,74.125.24.0-255,1484,67105,9,256799
26825,0.001527,74.125.24.0-255,2902,70007,9,256799
26826,0.001548,74.125.24.0-255,5738,75745,9,256799
26827,0.001551,74.125.24.0-255,1484,77229,9,256799
26828,0.001571,74.125.24.0-255,5379,82608,9,256799
26829,0.001605,74.125.24.0-255,1484,84092,9,256799
26830,0.001618,74.125.24.0-255,2902,86994,9,256799
26831,0.001631,74.125.24.0-255,4320,91314,9,256799
26832,0.001652,74.125.24.0-255,5738,97052,9,256799
26833,0.001677,74.125.24.0-255,3123,100175,9,256799
26834,0.002052,74.125.24.0-255,1484,101659,9,256799
26835,0.002066,74.125.24.0-255,2902,104561,9,256799
26836,0.002099,74.125.24.0-255,2902,107463,9,256799
26837,0.002109,74.125.24.0-255,2902,110365,9,256799
26838,0.002112,74.125.24.0-255,1484,111849,9,256799
26839,0.002123,74.125.24.0-255,4320,116169,9,256799
26840,0.002139,74.125.24.0-255,7156,123325,9,256799
26841,0.002142,74.125.24.0-255,1484,124809,9,256799
26842,0.002163,74.125.24.0-255,7156,131965,9,256799
26843,0.002179,74.125.24.0-255,2184,134149,9,256799
26844,0.00252,74.125.24.0-255,1484,135633,9,256799
26845,0.002523,74.125.24.0-255,1484,137117,9,256799
26846,0.002534,74.125.24.0-255,1484,138601,9,256799
26847,0.002556,74.125.24.0-255,5738,144339,9,256799
26848,0.002561,74.125.24.0-255,4320,148659,9,256799
26849,0.002595,74.125.24.0-255,7156,155815,9,256799
26850,0.002627,74.125.24.0-255,3602,159417,9,256799
26851,0.003717,172.31.36.0-255,66,159483,9,256799
26852,0.006311,74.125.24.0-255,4320,163803,9,256799
26853,0.006318,172.31.36.0-255,66,163869,9,256799
26854,0.006334,74.125.24.0-255,1484,165353,9,256799
26855,0.008888,74.125.24.0-255,4320,169673,9,256799
26856,0.008895,172.31.36.0-255,66,169739,9,256799
26857,0.011656,74.125.24.0-255,5738,175477,9,256799
26858,0.012528,172.31.36.0-255,66,175543,9,256799
26859,0.01513,74.125.24.0-255,5738,181281,9,256799
26860,0.015139,172.31.36.0-255,66,181347,9,256799
26861,0.01772,74.125.24.0-255,5738,187085,9,256799
26862,0.017729,172.31.36.0-255,66,187151,9,256799
26863,0.020326,74.125.24.0-255,5738,192889,9,256799
26864,0.020333,172.31.36.0-255,66,192955,9,256799
26865,0.022931,74.125.24.0-255,5738,198693,9,256799
26866,0.022942,172.31.36.0-255,66,198759,9,256799
26867,0.025522,74.125.24.0-255,5738,204497,9,256799
26868,0.025531,172.31.36.0-255,66,204563,9,256799
26869,0.028083,74.125.24.0-255,5738,210301,9,256799
26870,0.02809,172.31.36.0-255,66,210367,9,256799
26871,0.030686,74.125.24.0-255,5738,216105,9,256799
26872,0.030694,172.31.36.0-255,66,216171,9,256799
26873,0.033272,74.125.24.0-255,5738,221909,9,256799
26874,0.033279,172.31.36.0-255,66,221975,9,256799
26875,0.035869,74.125.24.0-255,5738,227713,9,256799
26876,0.035876,172.31.36.0-255,66,227779,9,256799
26877,0.038467,74.125.24.0-255,5738,233517,9,256799
26878,0.038474,172.31.36.0-255,66,233583,9,256799
26879,0.041089,74.125.24.0-255,5738,239321,9,256799
26880,0.041098,172.31.36.0-255,66,239387,9,256799
26881,0.043682,74.125.24.0-255,5738,245125,9,256799
26882,0.043713,172.31.36.0-255,66,245191,9,256799
26883,0.046306,74.125.24.0-255,5738,250929,9,256799
26884,0.046316,172.31.36.0-255,66,250995,9,256799
26885,0.048893,74.125.24.0-255,5738,256733,9,256799
26886,0.048902,172.31.36.0-255,66,256799,9,256799
26887,0.0,172.31.36.0-255,188,188,9,11745
26888,3.3e-05,172.31.36.0-255,982,1170,9,11745
26889,0.000124,172.31.36.0-255,1514,2684,9,11745
26890,0.000126,172.31.36.0-255,1514,4198,9,11745
26891,0.000128,172.31.36.0-255,1514,5712,9,11745
26892,0.000129,172.31.36.0-255,1514,7226,9,11745
26893,0.000135,172.31.36.0-255,1514,8740,9,11745
26894,0.000137,172.31.36.0-255,1514,10254,9,11745
26895,0.000138,172.31.36.0-255,1293,11547,9,11745
26896,0.001549,104.244.42.0-255,66,11613,9,11745
26897,0.001649,104.244.42.0-255,66,11679,9,11745
26898,0.00171,104.244.42.0-255,66,11745,9,11745
26899,0.0,172.217.194.0-255,146,146,9,172008
26900,1.7e-05,172.31.36.0-255,66,212,9,172008
26901,2.3e-05,172.217.194.0-255,1484,1696,9,172008
26902,2.7e-05,172.31.36.0-255,66,1762,9,172008
26903,3.1e-05,172.217.194.0-255,1484,3246,9,172008
26904,3.3e-05,172.31.36.0-255,66,3312,9,172008
26905,5.7e-05,172.217.194.0-255,1484,4796,9,172008
26906,6.1e-05,172.31.36.0-255,66,4862,9,172008
26907,7.5e-05,172.217.194.0-255,7156,12018,9,172008
26908,7.7e-05,172.31.36.0-255,66,12084,9,172008
26909,0.000121,172.31.36.0-255,66,12150,9,172008
26910,0.000134,172.31.36.0-255,66,12216,9,172008
26911,0.000206,172.217.194.0-255,1484,13700,9,172008
26912,0.00021,172.31.36.0-255,66,13766,9,172008
26913,0.000237,172.217.194.0-255,2902,16668,9,172008
26914,0.00024,172.31.36.0-255,66,16734,9,172008
26915,0.000243,172.217.194.0-255,1484,18218,9,172008
26916,0.000246,172.31.36.0-255,66,18284,9,172008
26917,0.000267,172.217.194.0-255,4320,22604,9,172008
26918,0.00027,172.31.36.0-255,66,22670,9,172008
26919,0.000281,172.217.194.0-255,5738,28408,9,172008
26920,0.000283,172.31.36.0-255,66,28474,9,172008
26921,0.000311,172.217.194.0-255,4320,32794,9,172008
26922,0.000314,172.31.36.0-255,66,32860,9,172008
26923,0.000339,172.31.36.0-255,66,32926,9,172008
26924,0.000343,172.217.194.0-255,4251,37177,9,172008
26925,0.000346,172.31.36.0-255,66,37243,9,172008
26926,0.000349,172.217.194.0-255,366,37609,9,172008
26927,0.000351,172.31.36.0-255,66,37675,9,172008
26928,0.000422,172.217.194.0-255,1484,39159,9,172008
26929,0.000428,172.217.194.0-255,2902,42061,9,172008
26930,0.000431,172.31.36.0-255,66,42127,9,172008
26931,0.000438,172.217.194.0-255,5738,47865,9,172008
26932,0.00044,172.31.36.0-255,66,47931,9,172008
26933,0.000474,172.31.36.0-255,66,47997,9,172008
26934,0.000505,172.217.194.0-255,1484,49481,9,172008
26935,0.000517,172.31.36.0-255,66,49547,9,172008
26936,0.00052,172.217.194.0-255,766,50313,9,172008
26937,0.000697,172.217.194.0-255,1484,51797,9,172008
26938,0.000701,172.31.36.0-255,66,51863,9,172008
26939,0.000707,172.217.194.0-255,2902,54765,9,172008
26940,0.000709,172.31.36.0-255,66,54831,9,172008
26941,0.000715,172.217.194.0-255,5738,60569,9,172008
26942,0.000717,172.31.36.0-255,66,60635,9,172008
26943,0.000726,172.217.194.0-255,1484,62119,9,172008
26944,0.000771,172.31.36.0-255,66,62185,9,172008
26945,0.000797,172.31.36.0-255,66,62251,9,172008
26946,0.000822,172.217.194.0-255,3602,65853,9,172008
26947,0.000827,172.31.36.0-255,66,65919,9,172008
26948,0.000859,172.217.194.0-255,1484,67403,9,172008
26949,0.000862,172.217.194.0-255,1484,68887,9,172008
26950,0.000871,172.31.36.0-255,66,68953,9,172008
26951,0.000875,172.217.194.0-255,1484,70437,9,172008
26952,0.000881,172.217.194.0-255,5738,76175,9,172008
26953,0.000888,172.31.36.0-255,66,76241,9,172008
26954,0.000925,172.31.36.0-255,66,76307,9,172008
26955,0.00096,172.31.36.0-255,66,76373,9,172008
26956,0.0011,172.217.194.0-255,1484,77857,9,172008
26957,0.001109,172.217.194.0-255,2902,80759,9,172008
26958,0.001112,172.31.36.0-255,66,80825,9,172008
26959,0.001118,172.217.194.0-255,5738,86563,9,172008
26960,0.001121,172.31.36.0-255,66,86629,9,172008
26961,0.001129,172.217.194.0-255,1484,88113,9,172008
26962,0.001162,172.31.36.0-255,66,88179,9,172008
26963,0.001194,172.217.194.0-255,4320,92499,9,172008
26964,0.001197,172.31.36.0-255,66,92565,9,172008
26965,0.001227,172.31.36.0-255,66,92631,9,172008
26966,0.003309,172.217.194.0-255,1484,94115,9,172008
26967,0.003319,172.217.194.0-255,2902,97017,9,172008
26968,0.003324,172.31.36.0-255,66,97083,9,172008
26969,0.003328,172.217.194.0-255,1484,98567,9,172008
26970,0.003354,172.217.194.0-255,4320,102887,9,172008
26971,0.003356,172.31.36.0-255,66,102953,9,172008
26972,0.00337,172.31.36.0-255,66,103019,9,172008
26973,0.003412,172.217.194.0-255,5738,108757,9,172008
26974,0.003415,172.31.36.0-255,66,108823,9,172008
26975,0.003448,172.217.194.0-255,5020,113843,9,172008
26976,0.003451,172.31.36.0-255,66,113909,9,172008
26977,0.004096,172.217.194.0-255,1484,115393,9,172008
26978,0.004113,172.217.194.0-255,2902,118295,9,172008
26979,0.004115,172.31.36.0-255,66,118361,9,172008
26980,0.004144,172.217.194.0-255,5738,124099,9,172008
26981,0.004146,172.31.36.0-255,66,124165,9,172008
26982,0.004152,172.217.194.0-255,2902,127067,9,172008
26983,0.004154,172.31.36.0-255,66,127133,9,172008
26984,0.004198,172.31.36.0-255,66,127199,9,172008
26985,0.004205,172.217.194.0-255,5738,132937,9,172008
26986,0.004207,172.31.36.0-255,66,133003,9,172008
26987,0.00424,172.217.194.0-255,5020,138023,9,172008
26988,0.004242,172.31.36.0-255,66,138089,9,172008
26989,0.004249,172.217.194.0-255,5738,143827,9,172008
26990,0.004251,172.31.36.0-255,66,143893,9,172008
26991,0.004265,172.31.36.0-255,66,143959,9,172008
26992,0.004296,172.217.194.0-255,2902,146861,9,172008
26993,0.004299,172.31.36.0-255,66,146927,9,172008
26994,0.004332,172.31.36.0-255,66,146993,9,172008
26995,0.00434,172.217.194.0-255,7156,154149,9,172008
26996,0.004342,172.31.36.0-255,66,154215,9,172008
26997,0.004372,172.31.36.0-255,66,154281,9,172008
26998,0.004407,172.31.36.0-255,66,154347,9,172008
26999,0.004423,172.31.36.0-255,66,154413,9,172008
27000,0.004441,172.31.36.0-255,66,154479,9,172008
27001,0.004446,172.217.194.0-255,3602,158081,9,172008
27002,0.004449,172.31.36.0-255,66,158147,9,172008
27003,0.004488,172.217.194.0-255,7156,165303,9,172008
27004,0.004491,172.31.36.0-255,66,165369,9,172008
27005,0.00457,172.217.194.0-255,97,165466,9,172008
27006,0.004583,172.217.194.0-255,105,165571,9,172008
27007,0.007946,172.31.36.0-255,66,165637,9,172008
27008,0.009651,172.31.36.0-255,105,165742,9,172008
27009,0.011941,172.217.194.0-255,66,165808,9,172008
27010,0.046717,172.31.36.0-255,172,165980,9,172008
27011,0.04675,172.31.36.0-255,1116,167096,9,172008
27012,0.046829,172.31.36.0-255,1514,168610,9,172008
27013,0.046831,172.31.36.0-255,1514,170124,9,172008
27014,0.046835,172.31.36.0-255,1514,171638,9,172008
27015,0.046836,172.31.36.0-255,106,171744,9,172008
27016,0.048212,104.244.42.0-255,66,171810,9,172008
27017,0.048241,104.244.42.0-255,66,171876,9,172008
27018,0.048334,104.244.42.0-255,66,171942,9,172008
27019,0.048339,104.244.42.0-255,66,172008,9,172008
27020,0.0,74.125.24.0-255,153,153,9,220025
27021,2.3e-05,172.31.36.0-255,66,219,9,220025
27022,2.9e-05,74.125.24.0-255,1484,1703,9,220025
27023,3.2e-05,172.31.36.0-255,66,1769,9,220025
27024,3.7e-05,74.125.24.0-255,2902,4671,9,220025
27025,3.9e-05,172.31.36.0-255,66,4737,9,220025
27026,7.2e-05,74.125.24.0-255,7156,11893,9,220025
27027,7.5e-05,172.31.36.0-255,66,11959,9,220025
27028,7.8e-05,74.125.24.0-255,1978,13937,9,220025
27029,8e-05,172.31.36.0-255,66,14003,9,220025
27030,0.0001,74.125.24.0-255,2902,16905,9,220025
27031,0.000102,172.31.36.0-255,66,16971,9,220025
27032,0.000132,74.125.24.0-255,7156,24127,9,220025
27033,0.000134,172.31.36.0-255,66,24193,9,220025
27034,0.000137,74.125.24.0-255,1484,25677,9,220025
27035,0.000138,172.31.36.0-255,66,25743,9,220025
27036,0.000167,74.125.24.0-255,4320,30063,9,220025
27037,0.00017,172.31.36.0-255,66,30129,9,220025
27038,0.000192,74.125.24.0-255,1125,31254,9,220025
27039,0.000194,172.31.36.0-255,66,31320,9,220025
27040,0.000211,74.125.24.0-255,5738,37058,9,220025
27041,0.000214,172.31.36.0-255,66,37124,9,220025
27042,0.000216,74.125.24.0-255,1484,38608,9,220025
27043,0.000218,172.31.36.0-255,66,38674,9,220025
27044,0.000251,74.125.24.0-255,5738,44412,9,220025
27045,0.000254,172.31.36.0-255,66,44478,9,220025
27046,0.000264,172.31.36.0-255,66,44544,9,220025
27047,0.000297,74.125.24.0-255,5379,49923,9,220025
27048,0.0003,172.31.36.0-255,66,49989,9,220025
27049,0.000306,74.125.24.0-255,5713,55702,9,220025
27050,0.00031,172.31.36.0-255,66,55768,9,220025
27051,0.000516,74.125.24.0-255,111,55879,9,220025
27052,0.000551,74.125.24.0-255,331,56210,9,220025
27053,0.000685,172.31.36.0-255,66,56276,9,220025
27054,0.001809,74.125.24.0-255,1484,57760,9,220025
27055,0.001818,74.125.24.0-255,2902,60662,9,220025
27056,0.001822,172.31.36.0-255,66,60728,9,220025
27057,0.001828,74.125.24.0-255,5738,66466,9,220025
27058,0.00183,172.31.36.0-255,66,66532,9,220025
27059,0.001833,74.125.24.0-255,1484,68016,9,220025
27060,0.001851,74.125.24.0-255,2902,70918,9,220025
27061,0.001853,172.31.36.0-255,66,70984,9,220025
27062,0.001862,172.31.36.0-255,66,71050,9,220025
27063,0.001889,74.125.24.0-255,2902,73952,9,220025
27064,0.001891,172.31.36.0-255,66,74018,9,220025
27065,0.0019,172.31.36.0-255,66,74084,9,220025
27066,0.003875,74.125.24.0-255,5738,79822,9,220025
27067,0.003881,172.31.36.0-255,66,79888,9,220025
27068,0.005814,74.125.24.0-255,5738,85626,9,220025
27069,0.00582,172.31.36.0-255,66,85692,9,220025
27070,0.007805,74.125.24.0-255,5738,91430,9,220025
27071,0.007813,172.31.36.0-255,66,91496,9,220025
27072,0.009761,74.125.24.0-255,5738,97234,9,220025
27073,0.009766,172.31.36.0-255,66,97300,9,220025
27074,0.01174,74.125.24.0-255,5738,103038,9,220025
27075,0.011751,172.31.36.0-255,66,103104,9,220025
27076,0.013727,74.125.24.0-255,5738,108842,9,220025
27077,0.013735,172.31.36.0-255,66,108908,9,220025
27078,0.015706,74.125.24.0-255,5738,114646,9,220025
27079,0.015715,172.31.36.0-255,66,114712,9,220025
27080,0.017674,74.125.24.0-255,5738,120450,9,220025
27081,0.017682,172.31.36.0-255,66,120516,9,220025
27082,0.019627,74.125.24.0-255,5738,126254,9,220025
27083,0.019633,172.31.36.0-255,66,126320,9,220025
27084,0.021571,74.125.24.0-255,5738,132058,9,220025
27085,0.021576,172.31.36.0-255,66,132124,9,220025
27086,0.021886,172.31.36.0-255,188,132312,9,220025
27087,0.021918,172.31.36.0-255,960,133272,9,220025
27088,0.022011,172.31.36.0-255,1514,134786,9,220025
27089,0.022013,172.31.36.0-255,1514,136300,9,220025
27090,0.022018,172.31.36.0-255,1514,137814,9,220025
27091,0.022018,172.31.36.0-255,517,138331,9,220025
27092,0.023427,104.244.42.0-255,66,138397,9,220025
27093,0.023446,104.244.42.0-255,66,138463,9,220025
27094,0.023522,74.125.24.0-255,5738,144201,9,220025
27095,0.023525,172.31.36.0-255,66,144267,9,220025
27096,0.023578,104.244.42.0-255,66,144333,9,220025
27097,0.023583,104.244.42.0-255,66,144399,9,220025
27098,0.024254,104.244.42.0-255,108,144507,9,220025
27099,0.024276,172.31.36.0-255,66,144573,9,220025
27100,0.025456,74.125.24.0-255,5738,150311,9,220025
27101,0.02546,172.31.36.0-255,66,150377,9,220025
27102,0.027422,74.125.24.0-255,5738,156115,9,220025
27103,0.027426,172.31.36.0-255,66,156181,9,220025
27104,0.029365,74.125.24.0-255,5738,161919,9,220025
27105,0.02937,172.31.36.0-255,66,161985,9,220025
27106,0.031295,74.125.24.0-255,5738,167723,9,220025
27107,0.0313,172.31.36.0-255,66,167789,9,220025
27108,0.033242,74.125.24.0-255,5738,173527,9,220025
27109,0.033246,172.31.36.0-255,66,173593,9,220025
27110,0.035195,74.125.24.0-255,5738,179331,9,220025
27111,0.0352,172.31.36.0-255,66,179397,9,220025
27112,0.037158,74.125.24.0-255,5738,185135,9,220025
27113,0.037163,172.31.36.0-255,66,185201,9,220025
27114,0.039122,74.125.24.0-255,5738,190939,9,220025
27115,0.039139,172.31.36.0-255,66,191005,9,220025
27116,0.041102,74.125.24.0-255,5738,196743,9,220025
27117,0.041107,172.31.36.0-255,66,196809,9,220025
27118,0.043065,74.125.24.0-255,5738,202547,9,220025
27119,0.043071,172.31.36.0-255,66,202613,9,220025
27120,0.045031,74.125.24.0-255,5738,208351,9,220025
27121,0.045036,172.31.36.0-255,66,208417,9,220025
27122,0.046979,74.125.24.0-255,5738,214155,9,220025
27123,0.046984,172.31.36.0-255,66,214221,9,220025
27124,0.048953,74.125.24.0-255,5738,219959,9,220025
27125,0.048959,172.31.36.0-255,66,220025,9,220025
27126,0.0,172.31.36.0-255,105,105,9,276
27127,0.00148,157.240.13.0-255,105,210,9,276
27128,0.001493,172.31.36.0-255,66,276,9,276
27129,0.0,172.31.36.0-255,105,105,9,276
27130,0.001794,157.240.13.0-255,105,210,9,276
27131,0.001808,172.31.36.0-255,66,276,9,276
27132,0.0,74.125.24.0-255,153,153,9,256598
27133,2.7e-05,172.31.36.0-255,66,219,9,256598
27134,3.4e-05,74.125.24.0-255,1484,1703,9,256598
27135,3.7e-05,172.31.36.0-255,66,1769,9,256598
27136,4.2e-05,74.125.24.0-255,2902,4671,9,256598
27137,4.5e-05,172.31.36.0-255,66,4737,9,256598
27138,5.3e-05,74.125.24.0-255,7156,11893,9,256598
27139,5.6e-05,172.31.36.0-255,66,11959,9,256598
27140,6e-05,74.125.24.0-255,1984,13943,9,256598
27141,6.3e-05,172.31.36.0-255,66,14009,9,256598
27142,0.000964,74.125.24.0-255,1484,15493,9,256598
27143,0.000972,172.31.36.0-255,66,15559,9,256598
27144,0.000994,74.125.24.0-255,2902,18461,9,256598
27145,0.000996,172.31.36.0-255,66,18527,9,256598
27146,0.001003,74.125.24.0-255,5738,24265,9,256598
27147,0.001005,172.31.36.0-255,66,24331,9,256598
27148,0.001028,74.125.24.0-255,6797,31128,9,256598
27149,0.001031,172.31.36.0-255,66,31194,9,256598
27150,0.00133,74.125.24.0-255,1484,32678,9,256598
27151,0.001335,172.31.36.0-255,66,32744,9,256598
27152,0.001344,74.125.24.0-255,2902,35646,9,256598
27153,0.001347,172.31.36.0-255,66,35712,9,256598
27154,0.001354,74.125.24.0-255,5738,41450,9,256598
27155,0.001356,172.31.36.0-255,66,41516,9,256598
27156,0.001361,74.125.24.0-255,2902,44418,9,256598
27157,0.001363,172.31.36.0-255,66,44484,9,256598
27158,0.001394,172.31.36.0-255,66,44550,9,256598
27159,0.00141,74.125.24.0-255,1125,45675,9,256598
27160,0.001412,172.31.36.0-255,66,45741,9,256598
27161,0.001419,74.125.24.0-255,5738,51479,9,256598
27162,0.001422,172.31.36.0-255,66,51545,9,256598
27163,0.001442,74.125.24.0-255,3961,55506,9,256598
27164,0.001445,172.31.36.0-255,66,55572,9,256598
27165,0.002255,74.125.24.0-255,648,56220,9,256598
27166,0.002279,172.31.36.0-255,66,56286,9,256598
27167,0.002478,74.125.24.0-255,1484,57770,9,256598
27168,0.002485,74.125.24.0-255,2902,60672,9,256598
27169,0.002489,172.31.36.0-255,66,60738,9,256598
27170,0.002497,74.125.24.0-255,5738,66476,9,256598
27171,0.002498,172.31.36.0-255,66,66542,9,256598
27172,0.002512,74.125.24.0-255,2902,69444,9,256598
27173,0.002514,172.31.36.0-255,66,69510,9,256598
27174,0.002541,172.31.36.0-255,66,69576,9,256598
27175,0.002549,74.125.24.0-255,7156,76732,9,256598
27176,0.002551,172.31.36.0-255,66,76798,9,256598
27177,0.002591,74.125.24.0-255,3602,80400,9,256598
27178,0.002595,172.31.36.0-255,66,80466,9,256598
27179,0.002986,74.125.24.0-255,1484,81950,9,256598
27180,0.002994,74.125.24.0-255,2902,84852,9,256598
27181,0.002998,172.31.36.0-255,66,84918,9,256598
27182,0.003006,74.125.24.0-255,5738,90656,9,256598
27183,0.003008,172.31.36.0-255,66,90722,9,256598
27184,0.003041,172.31.36.0-255,66,90788,9,256598
27185,0.003047,74.125.24.0-255,5738,96526,9,256598
27186,0.003049,172.31.36.0-255,66,96592,9,256598
27187,0.00309,74.125.24.0-255,5020,101612,9,256598
27188,0.003093,172.31.36.0-255,66,101678,9,256598
27189,0.003098,74.125.24.0-255,2902,104580,9,256598
27190,0.003099,172.31.36.0-255,66,104646,9,256598
27191,0.003115,74.125.24.0-255,2902,107548,9,256598
27192,0.003118,172.31.36.0-255,66,107614,9,256598
27193,0.003124,74.125.24.0-255,5738,113352,9,256598
27194,0.003127,172.31.36.0-255,66,113418,9,256598
27195,0.003152,74.125.24.0-255,7156,120574,9,256598
27196,0.003154,172.31.36.0-255,66,120640,9,256598
27197,0.003161,74.125.24.0-255,5738,126378,9,256598
27198,0.003163,172.31.36.0-255,66,126444,9,256598
27199,0.003189,74.125.24.0-255,5738,132182,9,256598
27200,0.003191,172.31.36.0-255,66,132248,9,256598
27201,0.003212,74.125.24.0-255,3602,135850,9,256598
27202,0.003215,172.31.36.0-255,66,135916,9,256598
27203,0.00322,74.125.24.0-255,4320,140236,9,256598
27204,0.003223,172.31.36.0-255,66,140302,9,256598
27205,0.00324,74.125.24.0-255,5738,146040,9,256598
27206,0.003243,172.31.36.0-255,66,146106,9,256598
27207,0.003249,74.125.24.0-255,4320,150426,9,256598
27208,0.003251,172.31.36.0-255,66,150492,9,256598
27209,0.003293,74.125.24.0-255,2902,153394,9,256598
27210,0.003296,172.31.36.0-255,66,153460,9,256598
27211,0.003327,172.31.36.0-255,66,153526,9,256598
27212,0.003332,74.125.24.0-255,3602,157128,9,256598
27213,0.003334,172.31.36.0-255,66,157194,9,256598
27214,0.003368,74.125.24.0-255,1484,158678,9,256598
27215,0.003374,74.125.24.0-255,2902,161580,9,256598
27216,0.003376,172.31.36.0-255,66,161646,9,256598
27217,0.003397,74.125.24.0-255,4320,165966,9,256598
27218,0.003401,172.31.36.0-255,66,166032,9,256598
27219,0.003407,74.125.24.0-255,5738,171770,9,256598
27220,0.00341,172.31.36.0-255,66,171836,9,256598
27221,0.003413,74.125.24.0-255,1484,173320,9,256598
27222,0.003441,172.31.36.0-255,66,173386,9,256598
27223,0.003452,172.31.36.0-255,66,173452,9,256598
27224,0.003802,74.125.24.0-255,1484,174936,9,256598
27225,0.003808,74.125.24.0-255,2902,177838,9,256598
27226,0.003812,172.31.36.0-255,66,177904,9,256598
27227,0.003817,74.125.24.0-255,2902,180806,9,256598
27228,0.00382,172.31.36.0-255,66,180872,9,256598
27229,0.003844,74.125.24.0-255,2902,183774,9,256598
27230,0.003847,172.31.36.0-255,66,183840,9,256598
27231,0.003858,74.125.24.0-255,5738,189578,9,256598
27232,0.00386,172.31.36.0-255,66,189644,9,256598
27233,0.00388,74.125.24.0-255,2902,192546,9,256598
27234,0.003883,172.31.36.0-255,66,192612,9,256598
27235,0.003907,172.31.36.0-255,66,192678,9,256598
27236,0.003929,74.125.24.0-255,5020,197698,9,256598
27237,0.003932,172.31.36.0-255,66,197764,9,256598
27238,0.004054,74.125.24.0-255,1484,199248,9,256598
27239,0.004068,74.125.24.0-255,2902,202150,9,256598
27240,0.004071,172.31.36.0-255,66,202216,9,256598
27241,0.004088,74.125.24.0-255,1484,203700,9,256598
27242,0.004103,74.125.24.0-255,4320,208020,9,256598
27243,0.004106,172.31.36.0-255,66,208086,9,256598
27244,0.004111,74.125.24.0-255,2902,210988,9,256598
27245,0.004114,172.31.36.0-255,66,211054,9,256598
27246,0.004132,74.125.24.0-255,7156,218210,9,256598
27247,0.004135,172.31.36.0-255,66,218276,9,256598
27248,0.004163,74.125.24.0-255,7156,225432,9,256598
27249,0.004166,172.31.36.0-255,66,225498,9,256598
27250,0.00419,74.125.24.0-255,6438,231936,9,256598
27251,0.004193,172.31.36.0-255,66,232002,9,256598
27252,0.004197,74.125.24.0-255,2902,234904,9,256598
27253,0.004199,172.31.36.0-255,66,234970,9,256598
27254,0.004219,74.125.24.0-255,5738,240708,9,256598
27255,0.004222,172.31.36.0-255,66,240774,9,256598
27256,0.00425,172.31.36.0-255,66,240840,9,256598
27257,0.004263,172.31.36.0-255,66,240906,9,256598
27258,0.004291,74.125.24.0-255,3602,244508,9,256598
27259,0.004294,172.31.36.0-255,66,244574,9,256598
27260,0.00431,172.31.36.0-255,66,244640,9,256598
27261,0.004324,172.31.36.0-255,66,244706,9,256598
27262,0.004389,74.125.24.0-255,2902,247608,9,256598
27263,0.004392,172.31.36.0-255,66,247674,9,256598
27264,0.004433,172.31.36.0-255,66,247740,9,256598
27265,0.004456,172.31.36.0-255,66,247806,9,256598
27266,0.00446,74.125.24.0-255,2528,250334,9,256598
27267,0.004463,172.31.36.0-255,66,250400,9,256598
27268,0.004466,74.125.24.0-255,105,250505,9,256598
27269,0.006578,172.31.36.0-255,66,250571,9,256598
27270,0.006616,172.31.36.0-255,105,250676,9,256598
27271,0.008918,74.125.24.0-255,66,250742,9,256598
27272,0.039907,172.31.36.0-255,188,250930,9,256598
27273,0.039937,172.31.36.0-255,960,251890,9,256598
27274,0.040015,172.31.36.0-255,1514,253404,9,256598
27275,0.040016,172.31.36.0-255,1514,254918,9,256598
27276,0.040018,172.31.36.0-255,1242,256160,9,256598
27277,0.041437,104.244.42.0-255,66,256226,9,256598
27278,0.041448,104.244.42.0-255,66,256292,9,256598
27279,0.041523,104.244.42.0-255,66,256358,9,256598
27280,0.041529,104.244.42.0-255,66,256424,9,256598
27281,0.04215,104.244.42.0-255,108,256532,9,256598
27282,0.042157,172.31.36.0-255,66,256598,9,256598
27283,0.0,74.125.24.0-255,153,153,9,216071
27284,1.5e-05,172.31.36.0-255,66,219,9,216071
27285,2.2e-05,74.125.24.0-255,1484,1703,9,216071
27286,2.7e-05,172.31.36.0-255,66,1769,9,216071
27287,3.3e-05,74.125.24.0-255,2902,4671,9,216071
27288,3.5e-05,172.31.36.0-255,66,4737,9,216071
27289,4.4e-05,74.125.24.0-255,7156,11893,9,216071
27290,4.8e-05,172.31.36.0-255,66,11959,9,216071
27291,5.2e-05,74.125.24.0-255,1966,13925,9,216071
27292,5.5e-05,172.31.36.0-255,66,13991,9,216071
27293,0.000212,74.125.24.0-255,1484,15475,9,216071
27294,0.000216,172.31.36.0-255,66,15541,9,216071
27295,0.000222,74.125.24.0-255,2902,18443,9,216071
27296,0.000226,172.31.36.0-255,66,18509,9,216071
27297,0.000232,74.125.24.0-255,4320,22829,9,216071
27298,0.000235,172.31.36.0-255,66,22895,9,216071
27299,0.000257,74.125.24.0-255,1484,24379,9,216071
27300,0.00026,172.31.36.0-255,66,24445,9,216071
27301,0.000291,74.125.24.0-255,4320,28765,9,216071
27302,0.000294,172.31.36.0-255,66,28831,9,216071
27303,0.000313,74.125.24.0-255,2543,31374,9,216071
27304,0.000315,172.31.36.0-255,66,31440,9,216071
27305,0.000577,74.125.24.0-255,1484,32924,9,216071
27306,0.000584,172.31.36.0-255,66,32990,9,216071
27307,0.000589,74.125.24.0-255,2902,35892,9,216071
27308,0.000591,172.31.36.0-255,66,35958,9,216071
27309,0.000598,74.125.24.0-255,5738,41696,9,216071
27310,0.000601,172.31.36.0-255,66,41762,9,216071
27311,0.000642,172.31.36.0-255,66,41828,9,216071
27312,0.000654,172.31.36.0-255,66,41894,9,216071
27313,0.000671,74.125.24.0-255,1125,43019,9,216071
27314,0.000694,74.125.24.0-255,400,43419,9,216071
27315,0.000885,74.125.24.0-255,344,43763,9,216071
27316,0.000889,172.31.36.0-255,66,43829,9,216071
27317,0.000909,74.125.24.0-255,1484,45313,9,216071
27318,0.000929,74.125.24.0-255,2902,48215,9,216071
27319,0.000932,172.31.36.0-255,66,48281,9,216071
27320,0.000948,74.125.24.0-255,1484,49765,9,216071
27321,0.000954,74.125.24.0-255,4320,54085,9,216071
27322,0.000956,172.31.36.0-255,66,54151,9,216071
27323,0.00097,74.125.24.0-255,1484,55635,9,216071
27324,0.000998,74.125.24.0-255,5379,61014,9,216071
27325,0.001003,172.31.36.0-255,66,61080,9,216071
27326,0.001491,74.125.24.0-255,1484,62564,9,216071
27327,0.001499,74.125.24.0-255,2902,65466,9,216071
27328,0.001503,172.31.36.0-255,66,65532,9,216071
27329,0.001526,74.125.24.0-255,5738,71270,9,216071
27330,0.001529,172.31.36.0-255,66,71336,9,216071
27331,0.001546,74.125.24.0-255,1484,72820,9,216071
27332,0.001571,74.125.24.0-255,5379,78199,9,216071
27333,0.001574,172.31.36.0-255,66,78265,9,216071
27334,0.00368,74.125.24.0-255,5738,84003,9,216071
27335,0.003687,172.31.36.0-255,66,84069,9,216071
27336,0.00579,74.125.24.0-255,5738,89807,9,216071
27337,0.005794,172.31.36.0-255,66,89873,9,216071
27338,0.007943,74.125.24.0-255,5738,95611,9,216071
27339,0.007951,172.31.36.0-255,66,95677,9,216071
27340,0.010049,74.125.24.0-255,5738,101415,9,216071
27341,0.010056,172.31.36.0-255,66,101481,9,216071
27342,0.012214,74.125.24.0-255,5738,107219,9,216071
27343,0.012221,172.31.36.0-255,66,107285,9,216071
27344,0.014341,74.125.24.0-255,5738,113023,9,216071
27345,0.014349,172.31.36.0-255,66,113089,9,216071
27346,0.016475,74.125.24.0-255,5738,118827,9,216071
27347,0.016483,172.31.36.0-255,66,118893,9,216071
27348,0.0186,74.125.24.0-255,5738,124631,9,216071
27349,0.018609,172.31.36.0-255,66,124697,9,216071
27350,0.02075,74.125.24.0-255,5738,130435,9,216071
27351,0.020759,172.31.36.0-255,66,130501,9,216071
27352,0.022886,74.125.24.0-255,5738,136239,9,216071
27353,0.022898,172.31.36.0-255,66,136305,9,216071
27354,0.025037,74.125.24.0-255,5738,142043,9,216071
27355,0.025046,172.31.36.0-255,66,142109,9,216071
27356,0.027164,74.125.24.0-255,5738,147847,9,216071
27357,0.027171,172.31.36.0-255,66,147913,9,216071
27358,0.029331,74.125.24.0-255,5738,153651,9,216071
27359,0.029338,172.31.36.0-255,66,153717,9,216071
27360,0.031454,74.125.24.0-255,5738,159455,9,216071
27361,0.031462,172.31.36.0-255,66,159521,9,216071
27362,0.03161,172.31.36.0-255,188,159709,9,216071
27363,0.03164,172.31.36.0-255,960,160669,9,216071
27364,0.031774,172.31.36.0-255,1514,162183,9,216071
27365,0.031776,172.31.36.0-255,1514,163697,9,216071
27366,0.031777,172.31.36.0-255,1514,165211,9,216071
27367,0.031779,172.31.36.0-255,1514,166725,9,216071
27368,0.03178,172.31.36.0-255,1514,168239,9,216071
27369,0.03181,172.31.36.0-255,962,169201,9,216071
27370,0.033189,104.244.42.0-255,66,169267,9,216071
27371,0.0332,104.244.42.0-255,66,169333,9,216071
27372,0.03334,104.244.42.0-255,66,169399,9,216071
27373,0.033346,104.244.42.0-255,66,169465,9,216071
27374,0.03358,74.125.24.0-255,5738,175203,9,216071
27375,0.033588,172.31.36.0-255,66,175269,9,216071
27376,0.03401,104.244.42.0-255,108,175377,9,216071
27377,0.034018,172.31.36.0-255,66,175443,9,216071
27378,0.035741,74.125.24.0-255,5738,181181,9,216071
27379,0.035748,172.31.36.0-255,66,181247,9,216071
27380,0.037875,74.125.24.0-255,5738,186985,9,216071
27381,0.037885,172.31.36.0-255,66,187051,9,216071
27382,0.040026,74.125.24.0-255,5738,192789,9,216071
27383,0.040033,172.31.36.0-255,66,192855,9,216071
27384,0.042131,74.125.24.0-255,5738,198593,9,216071
27385,0.042139,172.31.36.0-255,66,198659,9,216071
27386,0.044314,74.125.24.0-255,5738,204397,9,216071
27387,0.044322,172.31.36.0-255,66,204463,9,216071
27388,0.046426,74.125.24.0-255,5738,210201,9,216071
27389,0.046434,172.31.36.0-255,66,210267,9,216071
27390,0.048545,74.125.24.0-255,5738,216005,9,216071
27391,0.048553,172.31.36.0-255,66,216071,9,216071
27392,0.0,172.217.27.0-255,146,146,9,252374
27393,2e-05,172.31.36.0-255,66,212,9,252374
27394,2.7e-05,172.217.27.0-255,1484,1696,9,252374
27395,3.1e-05,172.31.36.0-255,66,1762,9,252374
27396,6.4e-05,172.217.27.0-255,1484,3246,9,252374
27397,6.7e-05,172.31.36.0-255,66,3312,9,252374
27398,7.1e-05,172.217.27.0-255,1484,4796,9,252374
27399,7.3e-05,172.31.36.0-255,66,4862,9,252374
27400,7.9e-05,172.217.27.0-255,2902,7764,9,252374
27401,8.3e-05,172.31.36.0-255,66,7830,9,252374
27402,8.8e-05,172.217.27.0-255,2902,10732,9,252374
27403,9e-05,172.31.36.0-255,66,10798,9,252374
27404,9.6e-05,172.217.27.0-255,3483,14281,9,252374
27405,9.9e-05,172.31.36.0-255,66,14347,9,252374
27406,0.000109,172.31.36.0-255,66,14413,9,252374
27407,0.000113,172.217.27.0-255,1484,15897,9,252374
27408,0.000115,172.31.36.0-255,66,15963,9,252374
27409,0.000152,172.217.27.0-255,6797,22760,9,252374
27410,0.000154,172.31.36.0-255,66,22826,9,252374
27411,0.000178,172.217.27.0-255,1484,24310,9,252374
27412,0.00018,172.31.36.0-255,66,24376,9,252374
27413,0.000209,172.217.27.0-255,2902,27278,9,252374
27414,0.000212,172.31.36.0-255,66,27344,9,252374
27415,0.000231,172.217.27.0-255,4320,31664,9,252374
27416,0.000234,172.31.36.0-255,66,31730,9,252374
27417,0.000237,172.217.27.0-255,1484,33214,9,252374
27418,0.000239,172.31.36.0-255,66,33280,9,252374
27419,0.000268,172.217.27.0-255,4320,37600,9,252374
27420,0.000274,172.31.36.0-255,66,37666,9,252374
27421,0.000278,172.217.27.0-255,2543,40209,9,252374
27422,0.00028,172.31.36.0-255,66,40275,9,252374
27423,0.00032,172.217.27.0-255,1484,41759,9,252374
27424,0.00034,172.217.27.0-255,2902,44661,9,252374
27425,0.000344,172.31.36.0-255,66,44727,9,252374
27426,0.00035,172.217.27.0-255,5738,50465,9,252374
27427,0.000353,172.31.36.0-255,66,50531,9,252374
27428,0.000382,172.217.27.0-255,7121,57652,9,252374
27429,0.000385,172.31.36.0-255,66,57718,9,252374
27430,0.000838,172.217.27.0-255,353,58071,9,252374
27431,0.000999,172.217.27.0-255,1484,59555,9,252374
27432,0.001004,172.31.36.0-255,66,59621,9,252374
27433,0.001009,172.217.27.0-255,2902,62523,9,252374
27434,0.001011,172.31.36.0-255,66,62589,9,252374
27435,0.001019,172.217.27.0-255,5738,68327,9,252374
27436,0.001025,172.31.36.0-255,66,68393,9,252374
27437,0.00103,172.217.27.0-255,4320,72713,9,252374
27438,0.001032,172.31.36.0-255,66,72779,9,252374
27439,0.001072,172.31.36.0-255,66,72845,9,252374
27440,0.001076,172.217.27.0-255,1484,74329,9,252374
27441,0.001103,172.217.27.0-255,5379,79708,9,252374
27442,0.001106,172.31.36.0-255,66,79774,9,252374
27443,0.002727,172.217.27.0-255,5738,85512,9,252374
27444,0.002734,172.31.36.0-255,66,85578,9,252374
27445,0.004347,172.217.27.0-255,5738,91316,9,252374
27446,0.004351,172.31.36.0-255,66,91382,9,252374
27447,0.005969,172.217.27.0-255,5738,97120,9,252374
27448,0.005973,172.31.36.0-255,66,97186,9,252374
27449,0.0076,172.217.27.0-255,5738,102924,9,252374
27450,0.007607,172.31.36.0-255,66,102990,9,252374
27451,0.009233,172.217.27.0-255,5738,108728,9,252374
27452,0.00924,172.31.36.0-255,66,108794,9,252374
27453,0.010865,172.217.27.0-255,5738,114532,9,252374
27454,0.010873,172.31.36.0-255,66,114598,9,252374
27455,0.012508,172.217.27.0-255,5738,120336,9,252374
27456,0.012523,172.31.36.0-255,66,120402,9,252374
27457,0.01416,172.217.27.0-255,5738,126140,9,252374
27458,0.01417,172.31.36.0-255,66,126206,9,252374
27459,0.015796,172.217.27.0-255,5738,131944,9,252374
27460,0.015804,172.31.36.0-255,66,132010,9,252374
27461,0.017433,172.217.27.0-255,5738,137748,9,252374
27462,0.017441,172.31.36.0-255,66,137814,9,252374
27463,0.019062,172.217.27.0-255,5738,143552,9,252374
27464,0.01907,172.31.36.0-255,66,143618,9,252374
27465,0.020699,172.217.27.0-255,5738,149356,9,252374
27466,0.020708,172.31.36.0-255,66,149422,9,252374
27467,0.022336,172.217.27.0-255,5738,155160,9,252374
27468,0.022345,172.31.36.0-255,66,155226,9,252374
27469,0.023976,172.217.27.0-255,5738,160964,9,252374
27470,0.023985,172.31.36.0-255,66,161030,9,252374
27471,0.025615,172.217.27.0-255,5738,166768,9,252374
27472,0.025623,172.31.36.0-255,66,166834,9,252374
27473,0.027253,172.217.27.0-255,5738,172572,9,252374
27474,0.027261,172.31.36.0-255,66,172638,9,252374
27475,0.027367,172.31.36.0-255,171,172809,9,252374
27476,0.027395,172.31.36.0-255,1116,173925,9,252374
27477,0.027454,172.31.36.0-255,1514,175439,9,252374
27478,0.027455,172.31.36.0-255,1285,176724,9,252374
27479,0.028858,104.244.42.0-255,66,176790,9,252374
27480,0.02889,104.244.42.0-255,66,176856,9,252374
27481,0.028909,172.217.27.0-255,5738,182594,9,252374
27482,0.028914,172.31.36.0-255,66,182660,9,252374
27483,0.02895,104.244.42.0-255,66,182726,9,252374
27484,0.030541,172.217.27.0-255,5738,188464,9,252374
27485,0.030547,172.31.36.0-255,66,188530,9,252374
27486,0.03217,172.217.27.0-255,5738,194268,9,252374
27487,0.032177,172.31.36.0-255,66,194334,9,252374
27488,0.033809,172.217.27.0-255,5738,200072,9,252374
27489,0.033816,172.31.36.0-255,66,200138,9,252374
27490,0.035441,172.217.27.0-255,5738,205876,9,252374
27491,0.035448,172.31.36.0-255,66,205942,9,252374
27492,0.037075,172.217.27.0-255,5738,211680,9,252374
27493,0.037082,172.31.36.0-255,66,211746,9,252374
27494,0.038715,172.217.27.0-255,5738,217484,9,252374
27495,0.038723,172.31.36.0-255,66,217550,9,252374
27496,0.040358,172.217.27.0-255,5738,223288,9,252374
27497,0.040365,172.31.36.0-255,66,223354,9,252374
27498,0.042029,172.217.27.0-255,5738,229092,9,252374
27499,0.042036,172.31.36.0-255,66,229158,9,252374
27500,0.043666,172.217.27.0-255,5738,234896,9,252374
27501,0.043674,172.31.36.0-255,66,234962,9,252374
27502,0.045301,172.217.27.0-255,5738,240700,9,252374
27503,0.045307,172.31.36.0-255,66,240766,9,252374
27504,0.046936,172.217.27.0-255,5738,246504,9,252374
27505,0.046943,172.31.36.0-255,66,246570,9,252374
27506,0.048564,172.217.27.0-255,5738,252308,9,252374
27507,0.04857,172.31.36.0-255,66,252374,9,252374
27508,0.0,172.31.36.0-255,105,105,9,459
27509,0.000202,172.31.36.0-255,90,195,9,459
27510,0.000212,172.31.36.0-255,66,261,9,459
27511,0.001953,216.58.203.0-255,66,327,9,459
27512,0.001968,216.58.203.0-255,66,393,9,459
27513,0.00198,172.31.36.0-255,66,459,9,459
27514,0.0,74.125.68.0-255,146,146,9,222248
27515,2.2e-05,172.31.36.0-255,66,212,9,222248
27516,2.9e-05,74.125.68.0-255,1484,1696,9,222248
27517,3.4e-05,172.31.36.0-255,66,1762,9,222248
27518,4e-05,74.125.68.0-255,2902,4664,9,222248
27519,4.2e-05,172.31.36.0-255,66,4730,9,222248
27520,4.7e-05,74.125.68.0-255,2902,7632,9,222248
27521,4.9e-05,172.31.36.0-255,66,7698,9,222248
27522,5.5e-05,74.125.68.0-255,2902,10600,9,222248
27523,5.7e-05,172.31.36.0-255,66,10666,9,222248
27524,7.9e-05,74.125.68.0-255,1484,12150,9,222248
27525,8.2e-05,172.31.36.0-255,66,12216,9,222248
27526,8.9e-05,74.125.68.0-255,1982,14198,9,222248
27527,9.2e-05,172.31.36.0-255,66,14264,9,222248
27528,0.00014,74.125.68.0-255,1484,15748,9,222248
27529,0.000142,172.31.36.0-255,66,15814,9,222248
27530,0.000164,74.125.68.0-255,2902,18716,9,222248
27531,0.000166,172.31.36.0-255,66,18782,9,222248
27532,0.000173,74.125.68.0-255,5738,24520,9,222248
27533,0.000176,172.31.36.0-255,66,24586,9,222248
27534,0.000193,74.125.68.0-255,1484,26070,9,222248
27535,0.000195,172.31.36.0-255,66,26136,9,222248
27536,0.000222,74.125.68.0-255,5379,31515,9,222248
27537,0.000224,172.31.36.0-255,66,31581,9,222248
27538,0.000233,74.125.68.0-255,7156,38737,9,222248
27539,0.000235,172.31.36.0-255,66,38803,9,222248
27540,0.000239,74.125.68.0-255,2902,41705,9,222248
27541,0.000241,172.31.36.0-255,66,41771,9,222248
27542,0.000244,74.125.68.0-255,1484,43255,9,222248
27543,0.000246,172.31.36.0-255,66,43321,9,222248
27544,0.000266,74.125.68.0-255,2902,46223,9,222248
27545,0.000269,172.31.36.0-255,66,46289,9,222248
27546,0.000292,74.125.68.0-255,2543,48832,9,222248
27547,0.000295,172.31.36.0-255,66,48898,9,222248
27548,0.000698,74.125.68.0-255,1484,50382,9,222248
27549,0.00072,74.125.68.0-255,2902,53284,9,222248
27550,0.000724,172.31.36.0-255,66,53350,9,222248
27551,0.000731,74.125.68.0-255,4320,57670,9,222248
27552,0.000733,172.31.36.0-255,66,57736,9,222248
27553,0.000785,172.31.36.0-255,66,57802,9,222248
27554,0.000803,74.125.68.0-255,377,58179,9,222248
27555,0.000952,74.125.68.0-255,1484,59663,9,222248
27556,0.000956,172.31.36.0-255,66,59729,9,222248
27557,0.000972,74.125.68.0-255,1484,61213,9,222248
27558,0.000977,74.125.68.0-255,2902,64115,9,222248
27559,0.000979,172.31.36.0-255,66,64181,9,222248
27560,0.001019,74.125.68.0-255,4320,68501,9,222248
27561,0.001022,172.31.36.0-255,66,68567,9,222248
27562,0.00104,74.125.68.0-255,1484,70051,9,222248
27563,0.001068,74.125.68.0-255,2902,72953,9,222248
27564,0.001071,172.31.36.0-255,66,73019,9,222248
27565,0.001098,74.125.68.0-255,2543,75562,9,222248
27566,0.001101,172.31.36.0-255,66,75628,9,222248
27567,0.001107,74.125.68.0-255,5738,81366,9,222248
27568,0.001109,172.31.36.0-255,66,81432,9,222248
27569,0.001112,74.125.68.0-255,1484,82916,9,222248
27570,0.00114,74.125.68.0-255,5738,88654,9,222248
27571,0.001143,172.31.36.0-255,66,88720,9,222248
27572,0.00116,74.125.68.0-255,1484,90204,9,222248
27573,0.001188,74.125.68.0-255,2543,92747,9,222248
27574,0.001192,172.31.36.0-255,66,92813,9,222248
27575,0.003381,74.125.68.0-255,1484,94297,9,222248
27576,0.003423,74.125.68.0-255,1484,95781,9,222248
27577,0.003427,172.31.36.0-255,66,95847,9,222248
27578,0.003447,74.125.68.0-255,2902,98749,9,222248
27579,0.00345,172.31.36.0-255,66,98815,9,222248
27580,0.005662,74.125.68.0-255,1484,100299,9,222248
27581,0.005674,74.125.68.0-255,1484,101783,9,222248
27582,0.005677,172.31.36.0-255,66,101849,9,222248
27583,0.005696,74.125.68.0-255,2902,104751,9,222248
27584,0.005699,172.31.36.0-255,66,104817,9,222248
27585,0.007903,74.125.68.0-255,2902,107719,9,222248
27586,0.00791,172.31.36.0-255,66,107785,9,222248
27587,0.007932,74.125.68.0-255,2902,110687,9,222248
27588,0.007935,172.31.36.0-255,66,110753,9,222248
27589,0.010145,74.125.68.0-255,2902,113655,9,222248
27590,0.010154,172.31.36.0-255,66,113721,9,222248
27591,0.010173,74.125.68.0-255,2902,116623,9,222248
27592,0.010176,172.31.36.0-255,66,116689,9,222248
27593,0.012407,74.125.68.0-255,5738,122427,9,222248
27594,0.012416,172.31.36.0-255,66,122493,9,222248
27595,0.014664,74.125.68.0-255,5738,128231,9,222248
27596,0.014675,172.31.36.0-255,66,128297,9,222248
27597,0.016929,74.125.68.0-255,5738,134035,9,222248
27598,0.016936,172.31.36.0-255,66,134101,9,222248
27599,0.019187,74.125.68.0-255,5738,139839,9,222248
27600,0.019195,172.31.36.0-255,66,139905,9,222248
27601,0.021448,74.125.68.0-255,5738,145643,9,222248
27602,0.021456,172.31.36.0-255,66,145709,9,222248
27603,0.023702,74.125.68.0-255,5738,151447,9,222248
27604,0.02371,172.31.36.0-255,66,151513,9,222248
27605,0.025294,172.31.36.0-255,172,151685,9,222248
27606,0.025326,172.31.36.0-255,1116,152801,9,222248
27607,0.025389,172.31.36.0-255,1514,154315,9,222248
27608,0.025391,172.31.36.0-255,1514,155829,9,222248
27609,0.025392,172.31.36.0-255,1514,157343,9,222248
27610,0.025394,172.31.36.0-255,359,157702,9,222248
27611,0.025942,74.125.68.0-255,2902,160604,9,222248
27612,0.025949,172.31.36.0-255,66,160670,9,222248
27613,0.025969,74.125.68.0-255,2902,163572,9,222248
27614,0.025972,172.31.36.0-255,66,163638,9,222248
27615,0.02688,104.244.42.0-255,66,163704,9,222248
27616,0.02692,104.244.42.0-255,66,163770,9,222248
27617,0.026982,104.244.42.0-255,66,163836,9,222248
27618,0.026988,104.244.42.0-255,66,163902,9,222248
27619,0.027592,104.244.42.0-255,108,164010,9,222248
27620,0.027601,172.31.36.0-255,66,164076,9,222248
27621,0.028193,74.125.68.0-255,2902,166978,9,222248
27622,0.0282,172.31.36.0-255,66,167044,9,222248
27623,0.028219,74.125.68.0-255,2902,169946,9,222248
27624,0.028222,172.31.36.0-255,66,170012,9,222248
27625,0.030448,74.125.68.0-255,5738,175750,9,222248
27626,0.030455,172.31.36.0-255,66,175816,9,222248
27627,0.03271,74.125.68.0-255,5738,181554,9,222248
27628,0.032717,172.31.36.0-255,66,181620,9,222248
27629,0.034972,74.125.68.0-255,5738,187358,9,222248
27630,0.034979,172.31.36.0-255,66,187424,9,222248
27631,0.037241,74.125.68.0-255,5738,193162,9,222248
27632,0.037249,172.31.36.0-255,66,193228,9,222248
27633,0.039492,74.125.68.0-255,5738,198966,9,222248
27634,0.039497,172.31.36.0-255,66,199032,9,222248
27635,0.041743,74.125.68.0-255,5738,204770,9,222248
27636,0.041749,172.31.36.0-255,66,204836,9,222248
27637,0.043996,74.125.68.0-255,5738,210574,9,222248
27638,0.044002,172.31.36.0-255,66,210640,9,222248
27639,0.046247,74.125.68.0-255,5738,216378,9,222248
27640,0.046256,172.31.36.0-255,66,216444,9,222248
27641,0.048504,74.125.68.0-255,5738,222182,9,222248
27642,0.048509,172.31.36.0-255,66,222248,9,222248
27643,0.0,74.125.24.0-255,146,146,9,249642
27644,2.2e-05,172.31.36.0-255,66,212,9,249642
27645,2.8e-05,74.125.24.0-255,1484,1696,9,249642
27646,3.3e-05,172.31.36.0-255,66,1762,9,249642
27647,4.7e-05,74.125.24.0-255,2902,4664,9,249642
27648,5.1e-05,172.31.36.0-255,66,4730,9,249642
27649,5.6e-05,74.125.24.0-255,2902,7632,9,249642
27650,5.8e-05,172.31.36.0-255,66,7698,9,249642
27651,0.000103,74.125.24.0-255,6232,13930,9,249642
27652,0.000107,172.31.36.0-255,66,13996,9,249642
27653,0.00014,74.125.24.0-255,2902,16898,9,249642
27654,0.000143,172.31.36.0-255,66,16964,9,249642
27655,0.000149,74.125.24.0-255,4320,21284,9,249642
27656,0.000152,172.31.36.0-255,66,21350,9,249642
27657,0.000211,74.125.24.0-255,5738,27088,9,249642
27658,0.000213,172.31.36.0-255,66,27154,9,249642
27659,0.000242,74.125.24.0-255,2902,30056,9,249642
27660,0.000245,172.31.36.0-255,66,30122,9,249642
27661,0.000249,74.125.24.0-255,1125,31247,9,249642
27662,0.000251,172.31.36.0-255,66,31313,9,249642
27663,0.000315,74.125.24.0-255,1484,32797,9,249642
27664,0.000318,172.31.36.0-255,66,32863,9,249642
27665,0.000323,74.125.24.0-255,2902,35765,9,249642
27666,0.000325,172.31.36.0-255,66,35831,9,249642
27667,0.000328,74.125.24.0-255,1484,37315,9,249642
27668,0.000336,172.31.36.0-255,66,37381,9,249642
27669,0.000369,74.125.24.0-255,4320,41701,9,249642
27670,0.000372,172.31.36.0-255,66,41767,9,249642
27671,0.000378,74.125.24.0-255,4320,46087,9,249642
27672,0.00038,172.31.36.0-255,66,46153,9,249642
27673,0.000391,172.31.36.0-255,66,46219,9,249642
27674,0.000418,74.125.24.0-255,3961,50180,9,249642
27675,0.00043,74.125.24.0-255,7108,57288,9,249642
27676,0.000589,172.31.36.0-255,66,57354,9,249642
27677,0.001159,74.125.24.0-255,111,57465,9,249642
27678,0.001198,172.31.36.0-255,66,57531,9,249642
27679,0.001307,74.125.24.0-255,1484,59015,9,249642
27680,0.001315,74.125.24.0-255,1484,60499,9,249642
27681,0.001319,172.31.36.0-255,66,60565,9,249642
27682,0.001352,74.125.24.0-255,1484,62049,9,249642
27683,0.001359,74.125.24.0-255,5738,67787,9,249642
27684,0.001362,172.31.36.0-255,66,67853,9,249642
27685,0.001368,74.125.24.0-255,5738,73591,9,249642
27686,0.001371,172.31.36.0-255,66,73657,9,249642
27687,0.001387,74.125.24.0-255,4320,77977,9,249642
27688,0.001389,172.31.36.0-255,66,78043,9,249642
27689,0.001418,74.125.24.0-255,3961,82004,9,249642
27690,0.001421,172.31.36.0-255,66,82070,9,249642
27691,0.001425,74.125.24.0-255,1484,83554,9,249642
27692,0.001458,172.31.36.0-255,66,83620,9,249642
27693,0.001912,74.125.24.0-255,1484,85104,9,249642
27694,0.001931,74.125.24.0-255,2902,88006,9,249642
27695,0.001936,172.31.36.0-255,66,88072,9,249642
27696,0.001945,74.125.24.0-255,5738,93810,9,249642
27697,0.001967,74.125.24.0-255,7156,100966,9,249642
27698,0.001988,74.125.24.0-255,5738,106704,9,249642
27699,0.001993,74.125.24.0-255,4320,111024,9,249642
27700,0.00201,74.125.24.0-255,2902,113926,9,249642
27701,0.002028,74.125.24.0-255,3602,117528,9,249642
27702,0.005498,172.31.36.0-255,66,117594,9,249642
27703,0.007456,74.125.24.0-255,5738,123332,9,249642
27704,0.007462,172.31.36.0-255,66,123398,9,249642
27705,0.009451,74.125.24.0-255,5738,129136,9,249642
27706,0.009458,172.31.36.0-255,66,129202,9,249642
27707,0.011426,74.125.24.0-255,5738,134940,9,249642
27708,0.011435,172.31.36.0-255,66,135006,9,249642
27709,0.013384,74.125.24.0-255,5738,140744,9,249642
27710,0.013391,172.31.36.0-255,66,140810,9,249642
27711,0.015367,74.125.24.0-255,5738,146548,9,249642
27712,0.015376,172.31.36.0-255,66,146614,9,249642
27713,0.017451,74.125.24.0-255,4320,150934,9,249642
27714,0.017458,172.31.36.0-255,66,151000,9,249642
27715,0.017487,74.125.24.0-255,1484,152484,9,249642
27716,0.019406,74.125.24.0-255,4320,156804,9,249642
27717,0.019412,172.31.36.0-255,66,156870,9,249642
27718,0.02138,74.125.24.0-255,5738,162608,9,249642
27719,0.021388,172.31.36.0-255,66,162674,9,249642
27720,0.023331,74.125.24.0-255,5738,168412,9,249642
27721,0.023339,172.31.36.0-255,66,168478,9,249642
27722,0.025382,74.125.24.0-255,5738,174216,9,249642
27723,0.025391,172.31.36.0-255,66,174282,9,249642
27724,0.027392,74.125.24.0-255,5738,180020,9,249642
27725,0.027399,172.31.36.0-255,66,180086,9,249642
27726,0.029379,74.125.24.0-255,5738,185824,9,249642
27727,0.029388,172.31.36.0-255,66,185890,9,249642
27728,0.031348,74.125.24.0-255,5738,191628,9,249642
27729,0.031356,172.31.36.0-255,66,191694,9,249642
27730,0.033385,74.125.24.0-255,5738,197432,9,249642
27731,0.033392,172.31.36.0-255,66,197498,9,249642
27732,0.035332,74.125.24.0-255,5738,203236,9,249642
27733,0.035339,172.31.36.0-255,66,203302,9,249642
27734,0.037318,74.125.24.0-255,5738,209040,9,249642
27735,0.037325,172.31.36.0-255,66,209106,9,249642
27736,0.039302,74.125.24.0-255,5738,214844,9,249642
27737,0.03931,172.31.36.0-255,66,214910,9,249642
27738,0.041301,74.125.24.0-255,5738,220648,9,249642
27739,0.041308,172.31.36.0-255,66,220714,9,249642
27740,0.043278,74.125.24.0-255,5738,226452,9,249642
27741,0.043287,172.31.36.0-255,66,226518,9,249642
27742,0.045257,74.125.24.0-255,5738,232256,9,249642
27743,0.045265,172.31.36.0-255,66,232322,9,249642
27744,0.046105,172.31.36.0-255,172,232494,9,249642
27745,0.046136,172.31.36.0-255,1118,233612,9,249642
27746,0.04621,172.31.36.0-255,1514,235126,9,249642
27747,0.046216,172.31.36.0-255,1514,236640,9,249642
27748,0.046217,172.31.36.0-255,1130,237770,9,249642
27749,0.047261,74.125.24.0-255,5738,243508,9,249642
27750,0.047268,172.31.36.0-255,66,243574,9,249642
27751,0.047626,104.244.42.0-255,66,243640,9,249642
27752,0.047692,104.244.42.0-255,66,243706,9,249642
27753,0.047813,104.244.42.0-255,66,243772,9,249642
27754,0.047818,104.244.42.0-255,66,243838,9,249642
27755,0.04926,74.125.24.0-255,5738,249576,9,249642
27756,0.049267,172.31.36.0-255,66,249642,9,249642
27757,0.0,74.125.68.0-255,153,153,9,339357
27758,3.3e-05,172.31.36.0-255,66,219,9,339357
27759,4e-05,74.125.68.0-255,1484,1703,9,339357
27760,4.4e-05,172.31.36.0-255,66,1769,9,339357
27761,4.8e-05,74.125.68.0-255,2902,4671,9,339357
27762,5.1e-05,172.31.36.0-255,66,4737,9,339357
27763,5.4e-05,74.125.68.0-255,1484,6221,9,339357
27764,5.7e-05,172.31.36.0-255,66,6287,9,339357
27765,6.2e-05,74.125.68.0-255,2902,9189,9,339357
27766,6.5e-05,172.31.36.0-255,66,9255,9,339357
27767,0.000127,74.125.68.0-255,4320,13575,9,339357
27768,0.000132,172.31.36.0-255,66,13641,9,339357
27769,0.000153,74.125.68.0-255,2104,15745,9,339357
27770,0.000155,172.31.36.0-255,66,15811,9,339357
27771,0.000159,74.125.68.0-255,2902,18713,9,339357
27772,0.000162,172.31.36.0-255,66,18779,9,339357
27773,0.00017,74.125.68.0-255,4320,23099,9,339357
27774,0.000172,172.31.36.0-255,66,23165,9,339357
27775,0.000181,172.31.36.0-255,66,23231,9,339357
27776,0.000188,74.125.68.0-255,5738,28969,9,339357
27777,0.00019,172.31.36.0-255,66,29035,9,339357
27778,0.00021,74.125.68.0-255,4320,33355,9,339357
27779,0.000213,172.31.36.0-255,66,33421,9,339357
27780,0.000234,74.125.68.0-255,2902,36323,9,339357
27781,0.000237,172.31.36.0-255,66,36389,9,339357
27782,0.000243,74.125.68.0-255,3602,39991,9,339357
27783,0.000245,172.31.36.0-255,66,40057,9,339357
27784,0.000357,74.125.68.0-255,1484,41541,9,339357
27785,0.000361,172.31.36.0-255,66,41607,9,339357
27786,0.000367,74.125.68.0-255,2902,44509,9,339357
27787,0.000369,172.31.36.0-255,66,44575,9,339357
27788,0.000398,74.125.68.0-255,5738,50313,9,339357
27789,0.000402,172.31.36.0-255,66,50379,9,339357
27790,0.000439,74.125.68.0-255,6797,57176,9,339357
27791,0.000443,172.31.36.0-255,66,57242,9,339357
27792,0.000446,74.125.68.0-255,645,57887,9,339357
27793,0.000829,172.31.36.0-255,66,57953,9,339357
27794,0.001164,74.125.68.0-255,1484,59437,9,339357
27795,0.001174,74.125.68.0-255,2902,62339,9,339357
27796,0.001179,172.31.36.0-255,66,62405,9,339357
27797,0.001183,74.125.68.0-255,1484,63889,9,339357
27798,0.001206,74.125.68.0-255,4320,68209,9,339357
27799,0.001209,172.31.36.0-255,66,68275,9,339357
27800,0.001212,74.125.68.0-255,1484,69759,9,339357
27801,0.001239,172.31.36.0-255,66,69825,9,339357
27802,0.001256,74.125.68.0-255,1484,71309,9,339357
27803,0.001262,74.125.68.0-255,4320,75629,9,339357
27804,0.001264,172.31.36.0-255,66,75695,9,339357
27805,0.001291,172.31.36.0-255,66,75761,9,339357
27806,0.001503,74.125.68.0-255,1484,77245,9,339357
27807,0.001512,74.125.68.0-255,2902,80147,9,339357
27808,0.001516,172.31.36.0-255,66,80213,9,339357
27809,0.001521,74.125.68.0-255,2902,83115,9,339357
27810,0.001523,172.31.36.0-255,66,83181,9,339357
27811,0.001539,74.125.68.0-255,4320,87501,9,339357
27812,0.001541,172.31.36.0-255,66,87567,9,339357
27813,0.001559,74.125.68.0-255,4320,91887,9,339357
27814,0.00156,172.31.36.0-255,66,91953,9,339357
27815,0.001572,74.125.68.0-255,4320,96273,9,339357
27816,0.001574,172.31.36.0-255,66,96339,9,339357
27817,0.001579,74.125.68.0-255,2902,99241,9,339357
27818,0.001581,172.31.36.0-255,66,99307,9,339357
27819,0.001595,74.125.68.0-255,2902,102209,9,339357
27820,0.001597,172.31.36.0-255,66,102275,9,339357
27821,0.001604,74.125.68.0-255,7156,109431,9,339357
27822,0.001605,172.31.36.0-255,66,109497,9,339357
27823,0.001631,74.125.68.0-255,3602,113099,9,339357
27824,0.001634,172.31.36.0-255,66,113165,9,339357
27825,0.001639,74.125.68.0-255,4320,117485,9,339357
27826,0.001641,172.31.36.0-255,66,117551,9,339357
27827,0.001673,172.31.36.0-255,66,117617,9,339357
27828,0.001677,74.125.68.0-255,2902,120519,9,339357
27829,0.001679,172.31.36.0-255,66,120585,9,339357
27830,0.001694,74.125.68.0-255,2902,123487,9,339357
27831,0.001697,172.31.36.0-255,66,123553,9,339357
27832,0.001703,74.125.68.0-255,7156,130709,9,339357
27833,0.001705,172.31.36.0-255,66,130775,9,339357
27834,0.001729,74.125.68.0-255,3602,134377,9,339357
27835,0.001731,172.31.36.0-255,66,134443,9,339357
27836,0.001757,74.125.68.0-255,4320,138763,9,339357
27837,0.001759,172.31.36.0-255,66,138829,9,339357
27838,0.00178,74.125.68.0-255,5738,144567,9,339357
27839,0.001783,172.31.36.0-255,66,144633,9,339357
27840,0.001787,74.125.68.0-255,2902,147535,9,339357
27841,0.001788,172.31.36.0-255,66,147601,9,339357
27842,0.001804,74.125.68.0-255,4320,151921,9,339357
27843,0.001806,172.31.36.0-255,66,151987,9,339357
27844,0.001835,74.125.68.0-255,7156,159143,9,339357
27845,0.001838,172.31.36.0-255,66,159209,9,339357
27846,0.001858,74.125.68.0-255,5738,164947,9,339357
27847,0.00186,172.31.36.0-255,66,165013,9,339357
27848,0.001873,74.125.68.0-255,3602,168615,9,339357
27849,0.001874,172.31.36.0-255,66,168681,9,339357
27850,0.001894,74.125.68.0-255,4320,173001,9,339357
27851,0.001914,172.31.36.0-255,66,173067,9,339357
27852,0.001934,74.125.68.0-255,4320,177387,9,339357
27853,0.001938,172.31.36.0-255,66,177453,9,339357
27854,0.00196,74.125.68.0-255,2902,180355,9,339357
27855,0.001962,172.31.36.0-255,66,180421,9,339357
27856,0.001972,172.31.36.0-255,66,180487,9,339357
27857,0.001975,74.125.68.0-255,1484,181971,9,339357
27858,0.00199,74.125.68.0-255,4320,186291,9,339357
27859,0.001992,172.31.36.0-255,66,186357,9,339357
27860,0.002017,74.125.68.0-255,7156,193513,9,339357
27861,0.00202,172.31.36.0-255,66,193579,9,339357
27862,0.002023,74.125.68.0-255,2184,195763,9,339357
27863,0.002025,172.31.36.0-255,66,195829,9,339357
27864,0.002085,74.125.68.0-255,2902,198731,9,339357
27865,0.002087,172.31.36.0-255,66,198797,9,339357
27866,0.002094,74.125.68.0-255,7156,205953,9,339357
27867,0.002097,172.31.36.0-255,66,206019,9,339357
27868,0.002106,74.125.68.0-255,4320,210339,9,339357
27869,0.002108,172.31.36.0-255,66,210405,9,339357
27870,0.002114,74.125.68.0-255,5738,216143,9,339357
27871,0.002116,172.31.36.0-255,66,216209,9,339357
27872,0.002119,74.125.68.0-255,1484,217693,9,339357
27873,0.002153,172.31.36.0-255,66,217759,9,339357
27874,0.002156,74.125.68.0-255,766,218525,9,339357
27875,0.004449,74.125.68.0-255,1484,220009,9,339357
27876,0.004452,172.31.36.0-255,66,220075,9,339357
27877,0.004469,74.125.68.0-255,2902,222977,9,339357
27878,0.004471,172.31.36.0-255,66,223043,9,339357
27879,0.006739,74.125.68.0-255,5738,228781,9,339357
27880,0.006746,172.31.36.0-255,66,228847,9,339357
27881,0.007866,172.31.36.0-255,101,228948,9,339357
27882,0.00903,74.125.68.0-255,5738,234686,9,339357
27883,0.009036,172.31.36.0-255,66,234752,9,339357
27884,0.010102,74.125.68.0-255,66,234818,9,339357
27885,0.011317,74.125.68.0-255,5738,240556,9,339357
27886,0.011326,172.31.36.0-255,66,240622,9,339357
27887,0.01363,74.125.68.0-255,5738,246360,9,339357
27888,0.013642,172.31.36.0-255,66,246426,9,339357
27889,0.015924,74.125.68.0-255,5738,252164,9,339357
27890,0.015933,172.31.36.0-255,66,252230,9,339357
27891,0.018231,74.125.68.0-255,5738,257968,9,339357
27892,0.018239,172.31.36.0-255,66,258034,9,339357
27893,0.020536,74.125.68.0-255,5738,263772,9,339357
27894,0.020541,172.31.36.0-255,66,263838,9,339357
27895,0.022838,74.125.68.0-255,5738,269576,9,339357
27896,0.022845,172.31.36.0-255,66,269642,9,339357
27897,0.025133,74.125.68.0-255,5738,275380,9,339357
27898,0.025139,172.31.36.0-255,66,275446,9,339357
27899,0.027422,74.125.68.0-255,5738,281184,9,339357
27900,0.027429,172.31.36.0-255,66,281250,9,339357
27901,0.028682,172.31.36.0-255,172,281422,9,339357
27902,0.028708,172.31.36.0-255,1116,282538,9,339357
27903,0.028753,172.31.36.0-255,1514,284052,9,339357
27904,0.028754,172.31.36.0-255,1514,285566,9,339357
27905,0.028759,172.31.36.0-255,1514,287080,9,339357
27906,0.02876,172.31.36.0-255,1063,288143,9,339357
27907,0.029704,74.125.68.0-255,1484,289627,9,339357
27908,0.029734,74.125.68.0-255,4320,293947,9,339357
27909,0.029739,172.31.36.0-255,66,294013,9,339357
27910,0.030258,104.244.42.0-255,66,294079,9,339357
27911,0.030266,104.244.42.0-255,66,294145,9,339357
27912,0.030334,104.244.42.0-255,66,294211,9,339357
27913,0.030337,104.244.42.0-255,66,294277,9,339357
27914,0.032027,74.125.68.0-255,5738,300015,9,339357
27915,0.032034,172.31.36.0-255,66,300081,9,339357
27916,0.034315,74.125.68.0-255,4320,304401,9,339357
27917,0.034322,172.31.36.0-255,66,304467,9,339357
27918,0.034352,74.125.68.0-255,1484,305951,9,339357
27919,0.036616,74.125.68.0-255,4320,310271,9,339357
27920,0.036623,172.31.36.0-255,66,310337,9,339357
27921,0.038907,74.125.68.0-255,5738,316075,9,339357
27922,0.038912,172.31.36.0-255,66,316141,9,339357
27923,0.041199,74.125.68.0-255,5738,321879,9,339357
27924,0.041205,172.31.36.0-255,66,321945,9,339357
27925,0.043491,74.125.68.0-255,5738,327683,9,339357
27926,0.043496,172.31.36.0-255,66,327749,9,339357
27927,0.045781,74.125.68.0-255,5738,333487,9,339357
27928,0.045788,172.31.36.0-255,66,333553,9,339357
27929,0.048069,74.125.68.0-255,5738,339291,9,339357
27930,0.048077,172.31.36.0-255,66,339357,9,339357
27931,0.0,74.125.130.0-255,153,153,9,349736
27932,3.3e-05,172.31.36.0-255,66,219,9,349736
27933,4e-05,74.125.130.0-255,1484,1703,9,349736
27934,4.5e-05,172.31.36.0-255,66,1769,9,349736
27935,4.8e-05,74.125.130.0-255,1484,3253,9,349736
27936,5e-05,172.31.36.0-255,66,3319,9,349736
27937,8.6e-05,74.125.130.0-255,1484,4803,9,349736
27938,9e-05,172.31.36.0-255,66,4869,9,349736
27939,9.4e-05,74.125.130.0-255,2902,7771,9,349736
27940,9.6e-05,172.31.36.0-255,66,7837,9,349736
27941,0.000108,74.125.130.0-255,4320,12157,9,349736
27942,0.000111,172.31.36.0-255,66,12223,9,349736
27943,0.000143,74.125.130.0-255,3456,15679,9,349736
27944,0.000146,172.31.36.0-255,66,15745,9,349736
27945,0.000152,74.125.130.0-255,4320,20065,9,349736
27946,0.000154,172.31.36.0-255,66,20131,9,349736
27947,0.000188,74.125.130.0-255,7156,27287,9,349736
27948,0.000192,172.31.36.0-255,66,27353,9,349736
27949,0.000232,74.125.130.0-255,3961,31314,9,349736
27950,0.000236,172.31.36.0-255,66,31380,9,349736
27951,0.000405,74.125.130.0-255,1484,32864,9,349736
27952,0.00041,172.31.36.0-255,66,32930,9,349736
27953,0.000415,74.125.130.0-255,1484,34414,9,349736
27954,0.000417,172.31.36.0-255,66,34480,9,349736
27955,0.000447,74.125.130.0-255,1484,35964,9,349736
27956,0.00045,172.31.36.0-255,66,36030,9,349736
27957,0.000454,74.125.130.0-255,1484,37514,9,349736
27958,0.000456,172.31.36.0-255,66,37580,9,349736
27959,0.000461,74.125.130.0-255,2902,40482,9,349736
27960,0.000463,172.31.36.0-255,66,40548,9,349736
27961,0.000476,74.125.130.0-255,5738,46286,9,349736
27962,0.000478,172.31.36.0-255,66,46352,9,349736
27963,0.000481,74.125.130.0-255,1484,47836,9,349736
27964,0.000509,74.125.130.0-255,2543,50379,9,349736
27965,0.000512,172.31.36.0-255,66,50445,9,349736
27966,0.000539,74.125.130.0-255,4320,54765,9,349736
27967,0.000544,172.31.36.0-255,66,54831,9,349736
27968,0.000574,74.125.130.0-255,5738,60569,9,349736
27969,0.000578,74.125.130.0-255,2902,63471,9,349736
27970,0.000579,172.31.36.0-255,66,63537,9,349736
27971,0.000583,172.31.36.0-255,66,63603,9,349736
27972,0.000599,74.125.130.0-255,2833,66436,9,349736
27973,0.000602,172.31.36.0-255,66,66502,9,349736
27974,0.000648,74.125.130.0-255,365,66867,9,349736
27975,0.000782,74.125.130.0-255,1484,68351,9,349736
27976,0.000786,172.31.36.0-255,66,68417,9,349736
27977,0.000805,74.125.130.0-255,2902,71319,9,349736
27978,0.000811,74.125.130.0-255,5738,77057,9,349736
27979,0.000811,172.31.36.0-255,66,77123,9,349736
27980,0.000814,172.31.36.0-255,66,77189,9,349736
27981,0.00086,172.31.36.0-255,66,77255,9,349736
27982,0.000865,74.125.130.0-255,2902,80157,9,349736
27983,0.000867,172.31.36.0-255,66,80223,9,349736
27984,0.000898,74.125.130.0-255,7156,87379,9,349736
27985,0.000902,172.31.36.0-255,66,87445,9,349736
27986,0.000907,74.125.130.0-255,5020,92465,9,349736
27987,0.000909,172.31.36.0-255,66,92531,9,349736
27988,0.000968,74.125.130.0-255,1484,94015,9,349736
27989,0.000984,74.125.130.0-255,2902,96917,9,349736
27990,0.000987,172.31.36.0-255,66,96983,9,349736
27991,0.000991,74.125.130.0-255,1484,98467,9,349736
27992,0.001016,74.125.130.0-255,4320,102787,9,349736
27993,0.001019,172.31.36.0-255,66,102853,9,349736
27994,0.001052,172.31.36.0-255,66,102919,9,349736
27995,0.001119,172.31.36.0-255,66,102985,9,349736
27996,0.001164,74.125.130.0-255,1484,104469,9,349736
27997,0.001181,74.125.130.0-255,2902,107371,9,349736
27998,0.001185,172.31.36.0-255,66,107437,9,349736
27999,0.001196,74.125.130.0-255,4320,111757,9,349736
28000,0.001204,172.31.36.0-255,66,111823,9,349736
28001,0.001232,74.125.130.0-255,5738,117561,9,349736
28002,0.001234,172.31.36.0-255,66,117627,9,349736
28003,0.001261,74.125.130.0-255,2902,120529,9,349736
28004,0.001265,172.31.36.0-255,66,120595,9,349736
28005,0.001268,74.125.130.0-255,1484,122079,9,349736
28006,0.0013,74.125.130.0-255,5738,127817,9,349736
28007,0.001303,172.31.36.0-255,66,127883,9,349736
28008,0.001335,74.125.130.0-255,5738,133621,9,349736
28009,0.001338,172.31.36.0-255,66,133687,9,349736
28010,0.001343,74.125.130.0-255,3602,137289,9,349736
28011,0.001346,172.31.36.0-255,66,137355,9,349736
28012,0.001521,74.125.130.0-255,1484,138839,9,349736
28013,0.001538,74.125.130.0-255,2902,141741,9,349736
28014,0.001541,172.31.36.0-255,66,141807,9,349736
28015,0.001567,74.125.130.0-255,4320,146127,9,349736
28016,0.001569,172.31.36.0-255,66,146193,9,349736
28017,0.001592,74.125.130.0-255,2902,149095,9,349736
28018,0.001594,172.31.36.0-255,66,149161,9,349736
28019,0.001618,74.125.130.0-255,5738,154899,9,349736
28020,0.001621,172.31.36.0-255,66,154965,9,349736
28021,0.001655,172.31.36.0-255,66,155031,9,349736
28022,0.001658,74.125.130.0-255,1484,156515,9,349736
28023,0.001699,74.125.130.0-255,5020,161535,9,349736
28024,0.001703,172.31.36.0-255,66,161601,9,349736
28025,0.001794,74.125.130.0-255,1484,163085,9,349736
28026,0.001819,74.125.130.0-255,2902,165987,9,349736
28027,0.001823,172.31.36.0-255,66,166053,9,349736
28028,0.001849,74.125.130.0-255,2902,168955,9,349736
28029,0.001852,172.31.36.0-255,66,169021,9,349736
28030,0.001884,74.125.130.0-255,4320,173341,9,349736
28031,0.001887,172.31.36.0-255,66,173407,9,349736
28032,0.001899,172.31.36.0-255,66,173473,9,349736
28033,0.001909,74.125.130.0-255,4320,177793,9,349736
28034,0.001912,172.31.36.0-255,66,177859,9,349736
28035,0.001917,74.125.130.0-255,4320,182179,9,349736
28036,0.00192,172.31.36.0-255,66,182245,9,349736
28037,0.001942,74.125.130.0-255,1484,183729,9,349736
28038,0.001951,74.125.130.0-255,1484,185213,9,349736
28039,0.001954,172.31.36.0-255,66,185279,9,349736
28040,0.001983,74.125.130.0-255,5020,190299,9,349736
28041,0.001986,172.31.36.0-255,66,190365,9,349736
28042,0.001992,74.125.130.0-255,7156,197521,9,349736
28043,0.001995,172.31.36.0-255,66,197587,9,349736
28044,0.002012,74.125.130.0-255,5738,203325,9,349736
28045,0.002014,172.31.36.0-255,66,203391,9,349736
28046,0.002053,172.31.36.0-255,66,203457,9,349736
28047,0.002061,74.125.130.0-255,7156,210613,9,349736
28048,0.002063,172.31.36.0-255,66,210679,9,349736
28049,0.002086,74.125.130.0-255,2184,212863,9,349736
28050,0.002094,172.31.36.0-255,66,212929,9,349736
28051,0.002315,74.125.130.0-255,1484,214413,9,349736
28052,0.002328,74.125.130.0-255,2902,217315,9,349736
28053,0.002332,172.31.36.0-255,66,217381,9,349736
28054,0.002361,74.125.130.0-255,4320,221701,9,349736
28055,0.002364,172.31.36.0-255,66,221767,9,349736
28056,0.002371,74.125.130.0-255,5738,227505,9,349736
28057,0.002373,172.31.36.0-255,66,227571,9,349736
28058,0.002392,74.125.130.0-255,1484,229055,9,349736
28059,0.002424,172.31.36.0-255,66,229121,9,349736
28060,0.00243,74.125.130.0-255,5738,234859,9,349736
28061,0.002432,172.31.36.0-255,66,234925,9,349736
28062,0.002465,74.125.130.0-255,2184,237109,9,349736
28063,0.002468,172.31.36.0-255,66,237175,9,349736
28064,0.002535,74.125.130.0-255,1484,238659,9,349736
28065,0.00493,74.125.130.0-255,1484,240143,9,349736
28066,0.004937,172.31.36.0-255,66,240209,9,349736
28067,0.004968,74.125.130.0-255,2902,243111,9,349736
28068,0.004971,172.31.36.0-255,66,243177,9,349736
28069,0.007447,74.125.130.0-255,2902,246079,9,349736
28070,0.007454,172.31.36.0-255,66,246145,9,349736
28071,0.007484,74.125.130.0-255,2902,249047,9,349736
28072,0.007487,172.31.36.0-255,66,249113,9,349736
28073,0.009963,74.125.130.0-255,2902,252015,9,349736
28074,0.009971,172.31.36.0-255,66,252081,9,349736
28075,0.010012,74.125.130.0-255,2902,254983,9,349736
28076,0.010016,172.31.36.0-255,66,255049,9,349736
28077,0.012492,74.125.130.0-255,2902,257951,9,349736
28078,0.012499,172.31.36.0-255,66,258017,9,349736
28079,0.012531,74.125.130.0-255,2902,260919,9,349736
28080,0.012534,172.31.36.0-255,66,260985,9,349736
28081,0.015015,74.125.130.0-255,2902,263887,9,349736
28082,0.015023,172.31.36.0-255,66,263953,9,349736
28083,0.015053,74.125.130.0-255,2902,266855,9,349736
28084,0.015056,172.31.36.0-255,66,266921,9,349736
28085,0.017533,74.125.130.0-255,2902,269823,9,349736
28086,0.017542,172.31.36.0-255,66,269889,9,349736
28087,0.017575,74.125.130.0-255,2902,272791,9,349736
28088,0.017578,172.31.36.0-255,66,272857,9,349736
28089,0.020061,74.125.130.0-255,2902,275759,9,349736
28090,0.020068,172.31.36.0-255,66,275825,9,349736
28091,0.020103,74.125.130.0-255,2902,278727,9,349736
28092,0.020107,172.31.36.0-255,66,278793,9,349736
28093,0.022575,74.125.130.0-255,2902,281695,9,349736
28094,0.022582,172.31.36.0-255,66,281761,9,349736
28095,0.022616,74.125.130.0-255,2902,284663,9,349736
28096,0.02262,172.31.36.0-255,66,284729,9,349736
28097,0.025096,74.125.130.0-255,2902,287631,9,349736
28098,0.025103,172.31.36.0-255,66,287697,9,349736
28099,0.025139,74.125.130.0-255,2902,290599,9,349736
28100,0.025144,172.31.36.0-255,66,290665,9,349736
28101,0.027612,74.125.130.0-255,2902,293567,9,349736
28102,0.027618,172.31.36.0-255,66,293633,9,349736
28103,0.027648,74.125.130.0-255,2902,296535,9,349736
28104,0.027651,172.31.36.0-255,66,296601,9,349736
28105,0.03016,74.125.130.0-255,5738,302339,9,349736
28106,0.030166,172.31.36.0-255,66,302405,9,349736
28107,0.032689,74.125.130.0-255,5738,308143,9,349736
28108,0.032696,172.31.36.0-255,66,308209,9,349736
28109,0.035209,74.125.130.0-255,5738,313947,9,349736
28110,0.035216,172.31.36.0-255,66,314013,9,349736
28111,0.03774,74.125.130.0-255,5738,319751,9,349736
28112,0.03775,172.31.36.0-255,66,319817,9,349736
28113,0.040266,74.125.130.0-255,5738,325555,9,349736
28114,0.040278,172.31.36.0-255,66,325621,9,349736
28115,0.042792,74.125.130.0-255,5738,331359,9,349736
28116,0.0428,172.31.36.0-255,66,331425,9,349736
28117,0.043869,172.31.36.0-255,172,331597,9,349736
28118,0.043897,172.31.36.0-255,1115,332712,9,349736
28119,0.043951,172.31.36.0-255,1514,334226,9,349736
28120,0.043953,172.31.36.0-255,1514,335740,9,349736
28121,0.043957,172.31.36.0-255,1514,337254,9,349736
28122,0.043958,172.31.36.0-255,610,337864,9,349736
28123,0.045312,74.125.130.0-255,5738,343602,9,349736
28124,0.045319,172.31.36.0-255,66,343668,9,349736
28125,0.045433,104.244.42.0-255,66,343734,9,349736
28126,0.045479,104.244.42.0-255,66,343800,9,349736
28127,0.045532,104.244.42.0-255,66,343866,9,349736
28128,0.045537,104.244.42.0-255,66,343932,9,349736
28129,0.047834,74.125.130.0-255,5738,349670,9,349736
28130,0.04784,172.31.36.0-255,66,349736,9,349736
28131,0.0,172.31.36.0-255,105,105,9,105
28132,0.0,172.31.36.0-255,105,105,9,105
28133,0.0,74.125.24.0-255,153,153,9,277440
28134,2.2e-05,172.31.36.0-255,66,219,9,277440
28135,2.9e-05,74.125.24.0-255,1484,1703,9,277440
28136,3.3e-05,172.31.36.0-255,66,1769,9,277440
28137,3.6e-05,74.125.24.0-255,1484,3253,9,277440
28138,4.9e-05,172.31.36.0-255,66,3319,9,277440
28139,5.6e-05,74.125.24.0-255,4320,7639,9,277440
28140,5.9e-05,172.31.36.0-255,66,7705,9,277440
28141,0.000101,74.125.24.0-255,6255,13960,9,277440
28142,0.000105,172.31.36.0-255,66,14026,9,277440
28143,0.000259,74.125.24.0-255,1484,15510,9,277440
28144,0.000264,172.31.36.0-255,66,15576,9,277440
28145,0.00027,74.125.24.0-255,2902,18478,9,277440
28146,0.000273,172.31.36.0-255,66,18544,9,277440
28147,0.000277,74.125.24.0-255,2902,21446,9,277440
28148,0.000279,172.31.36.0-255,66,21512,9,277440
28149,0.000303,74.125.24.0-255,2902,24414,9,277440
28150,0.00031,172.31.36.0-255,66,24480,9,277440
28151,0.000331,74.125.24.0-255,6797,31277,9,277440
28152,0.000334,172.31.36.0-255,66,31343,9,277440
28153,0.00057,74.125.24.0-255,1484,32827,9,277440
28154,0.000575,172.31.36.0-255,66,32893,9,277440
28155,0.00058,74.125.24.0-255,2902,35795,9,277440
28156,0.000584,74.125.24.0-255,2902,38697,9,277440
28157,0.000585,172.31.36.0-255,66,38763,9,277440
28158,0.000588,172.31.36.0-255,66,38829,9,277440
28159,0.000606,74.125.24.0-255,2902,41731,9,277440
28160,0.000609,172.31.36.0-255,66,41797,9,277440
28161,0.000639,74.125.24.0-255,6797,48594,9,277440
28162,0.000643,172.31.36.0-255,66,48660,9,277440
28163,0.000871,74.125.24.0-255,1484,50144,9,277440
28164,0.000876,172.31.36.0-255,66,50210,9,277440
28165,0.000883,74.125.24.0-255,2902,53112,9,277440
28166,0.000886,172.31.36.0-255,66,53178,9,277440
28167,0.000913,74.125.24.0-255,4320,57498,9,277440
28168,0.000917,172.31.36.0-255,66,57564,9,277440
28169,0.000947,74.125.24.0-255,1484,59048,9,277440
28170,0.000956,74.125.24.0-255,7145,66193,9,277440
28171,0.000958,172.31.36.0-255,66,66259,9,277440
28172,0.001052,74.125.24.0-255,330,66589,9,277440
28173,0.001472,74.125.24.0-255,1484,68073,9,277440
28174,0.001478,172.31.36.0-255,66,68139,9,277440
28175,0.001485,74.125.24.0-255,2902,71041,9,277440
28176,0.001487,172.31.36.0-255,66,71107,9,277440
28177,0.00151,74.125.24.0-255,5738,76845,9,277440
28178,0.001518,172.31.36.0-255,66,76911,9,277440
28179,0.001525,74.125.24.0-255,5738,82649,9,277440
28180,0.001527,172.31.36.0-255,66,82715,9,277440
28181,0.001555,74.125.24.0-255,1125,83840,9,277440
28182,0.001823,74.125.24.0-255,1484,85324,9,277440
28183,0.001825,172.31.36.0-255,66,85390,9,277440
28184,0.001842,74.125.24.0-255,2902,88292,9,277440
28185,0.001844,172.31.36.0-255,66,88358,9,277440
28186,0.00185,74.125.24.0-255,5738,94096,9,277440
28187,0.001852,172.31.36.0-255,66,94162,9,277440
28188,0.001855,74.125.24.0-255,1484,95646,9,277440
28189,0.001898,74.125.24.0-255,2902,98548,9,277440
28190,0.0019,172.31.36.0-255,66,98614,9,277440
28191,0.001921,74.125.24.0-255,2543,101157,9,277440
28192,0.001923,172.31.36.0-255,66,101223,9,277440
28193,0.002329,74.125.24.0-255,1484,102707,9,277440
28194,0.002344,74.125.24.0-255,2902,105609,9,277440
28195,0.002347,172.31.36.0-255,66,105675,9,277440
28196,0.00235,74.125.24.0-255,1484,107159,9,277440
28197,0.002372,74.125.24.0-255,4320,111479,9,277440
28198,0.002375,172.31.36.0-255,66,111545,9,277440
28199,0.002381,74.125.24.0-255,4320,115865,9,277440
28200,0.002383,172.31.36.0-255,66,115931,9,277440
28201,0.002416,172.31.36.0-255,66,115997,9,277440
28202,0.002425,172.31.36.0-255,66,116063,9,277440
28203,0.002449,74.125.24.0-255,2184,118247,9,277440
28204,0.002451,172.31.36.0-255,66,118313,9,277440
28205,0.00294,74.125.24.0-255,1484,119797,9,277440
28206,0.002943,74.125.24.0-255,1484,121281,9,277440
28207,0.002945,172.31.36.0-255,66,121347,9,277440
28208,0.002971,74.125.24.0-255,1484,122831,9,277440
28209,0.002977,74.125.24.0-255,5738,128569,9,277440
28210,0.002979,172.31.36.0-255,66,128635,9,277440
28211,0.002985,74.125.24.0-255,5738,134373,9,277440
28212,0.002987,172.31.36.0-255,66,134439,9,277440
28213,0.003003,172.31.36.0-255,66,134505,9,277440
28214,0.003033,74.125.24.0-255,5020,139525,9,277440
28215,0.003035,172.31.36.0-255,66,139591,9,277440
28216,0.003482,74.125.24.0-255,1484,141075,9,277440
28217,0.003504,74.125.24.0-255,1484,142559,9,277440
28218,0.003507,172.31.36.0-255,66,142625,9,277440
28219,0.00351,74.125.24.0-255,1484,144109,9,277440
28220,0.003516,74.125.24.0-255,7156,151265,9,277440
28221,0.003518,172.31.36.0-255,66,151331,9,277440
28222,0.003526,74.125.24.0-255,2902,154233,9,277440
28223,0.003528,172.31.36.0-255,66,154299,9,277440
28224,0.003557,74.125.24.0-255,4320,158619,9,277440
28225,0.00356,172.31.36.0-255,66,158685,9,277440
28226,0.003562,74.125.24.0-255,1484,160169,9,277440
28227,0.00359,172.31.36.0-255,66,160235,9,277440
28228,0.003612,74.125.24.0-255,3602,163837,9,277440
28229,0.003615,172.31.36.0-255,66,163903,9,277440
28230,0.004076,74.125.24.0-255,1484,165387,9,277440
28231,0.004092,74.125.24.0-255,2902,168289,9,277440
28232,0.004095,172.31.36.0-255,66,168355,9,277440
28233,0.004101,74.125.24.0-255,5738,174093,9,277440
28234,0.004103,172.31.36.0-255,66,174159,9,277440
28235,0.004147,172.31.36.0-255,66,174225,9,277440
28236,0.004153,74.125.24.0-255,5738,179963,9,277440
28237,0.004155,172.31.36.0-255,66,180029,9,277440
28238,0.00418,74.125.24.0-255,1484,181513,9,277440
28239,0.004185,74.125.24.0-255,3602,185115,9,277440
28240,0.004187,172.31.36.0-255,66,185181,9,277440
28241,0.00473,74.125.24.0-255,1484,186665,9,277440
28242,0.004738,74.125.24.0-255,2902,189567,9,277440
28243,0.004743,172.31.36.0-255,66,189633,9,277440
28244,0.004747,74.125.24.0-255,1484,191117,9,277440
28245,0.004816,74.125.24.0-255,5738,196855,9,277440
28246,0.004821,172.31.36.0-255,66,196921,9,277440
28247,0.004846,172.31.36.0-255,66,196987,9,277440
28248,0.00486,172.31.36.0-255,66,197053,9,277440
28249,0.004863,74.125.24.0-255,766,197819,9,277440
28250,0.005674,74.125.24.0-255,1484,199303,9,277440
28251,0.00568,172.31.36.0-255,66,199369,9,277440
28252,0.005685,74.125.24.0-255,2902,202271,9,277440
28253,0.005687,172.31.36.0-255,66,202337,9,277440
28254,0.005693,74.125.24.0-255,5738,208075,9,277440
28255,0.005705,74.125.24.0-255,4320,212395,9,277440
28256,0.005704,172.31.36.0-255,66,212461,9,277440
28257,0.005708,172.31.36.0-255,66,212527,9,277440
28258,0.005751,172.31.36.0-255,66,212593,9,277440
28259,0.005754,74.125.24.0-255,1484,214077,9,277440
28260,0.005779,74.125.24.0-255,6438,220515,9,277440
28261,0.005782,172.31.36.0-255,66,220581,9,277440
28262,0.006252,74.125.24.0-255,1484,222065,9,277440
28263,0.006274,74.125.24.0-255,2902,224967,9,277440
28264,0.006278,172.31.36.0-255,66,225033,9,277440
28265,0.006285,74.125.24.0-255,5738,230771,9,277440
28266,0.006287,172.31.36.0-255,66,230837,9,277440
28267,0.006298,74.125.24.0-255,4320,235157,9,277440
28268,0.006301,172.31.36.0-255,66,235223,9,277440
28269,0.006342,172.31.36.0-255,66,235289,9,277440
28270,0.006359,172.31.36.0-255,66,235355,9,277440
28271,0.00718,74.125.24.0-255,1484,236839,9,277440
28272,0.007189,74.125.24.0-255,2902,239741,9,277440
28273,0.007192,172.31.36.0-255,66,239807,9,277440
28274,0.007208,74.125.24.0-255,4320,244127,9,277440
28275,0.007214,172.31.36.0-255,66,244193,9,277440
28276,0.007239,74.125.24.0-255,1484,245677,9,277440
28277,0.00725,172.31.36.0-255,66,245743,9,277440
28278,0.007279,74.125.24.0-255,5738,251481,9,277440
28279,0.007281,172.31.36.0-255,66,251547,9,277440
28280,0.007315,172.31.36.0-255,66,251613,9,277440
28281,0.007373,74.125.24.0-255,1484,253097,9,277440
28282,0.007394,74.125.24.0-255,2902,255999,9,277440
28283,0.007395,172.31.36.0-255,66,256065,9,277440
28284,0.007429,74.125.24.0-255,5738,261803,9,277440
28285,0.007431,172.31.36.0-255,66,261869,9,277440
28286,0.007449,172.31.36.0-255,66,261935,9,277440
28287,0.007473,74.125.24.0-255,1484,263419,9,277440
28288,0.007496,172.31.36.0-255,66,263485,9,277440
28289,0.007499,74.125.24.0-255,1484,264969,9,277440
28290,0.007533,172.31.36.0-255,66,265035,9,277440
28291,0.007537,74.125.24.0-255,2802,267837,9,277440
28292,0.007539,172.31.36.0-255,66,267903,9,277440
28293,0.007597,74.125.24.0-255,97,268000,9,277440
28294,0.007678,74.125.24.0-255,105,268105,9,277440
28295,0.009883,172.31.36.0-255,66,268171,9,277440
28296,0.009911,172.31.36.0-255,105,268276,9,277440
28297,0.011895,74.125.24.0-255,66,268342,9,277440
28298,0.033894,172.31.36.0-255,176,268518,9,277440
28299,0.033926,172.31.36.0-255,1115,269633,9,277440
28300,0.033983,172.31.36.0-255,1514,271147,9,277440
28301,0.034003,172.31.36.0-255,1514,272661,9,277440
28302,0.034005,172.31.36.0-255,1514,274175,9,277440
28303,0.034025,172.31.36.0-255,1514,275689,9,277440
28304,0.034026,172.31.36.0-255,1487,277176,9,277440
28305,0.035451,104.244.42.0-255,66,277242,9,277440
28306,0.035462,104.244.42.0-255,66,277308,9,277440
28307,0.035537,104.244.42.0-255,66,277374,9,277440
28308,0.035618,104.244.42.0-255,66,277440,9,277440
28309,0.0,172.217.194.0-255,146,146,9,190233
28310,2.9e-05,172.31.36.0-255,66,212,9,190233
28311,3.6e-05,172.217.194.0-255,1484,1696,9,190233
28312,4.1e-05,172.31.36.0-255,66,1762,9,190233
28313,4.6e-05,172.217.194.0-255,2902,4664,9,190233
28314,4.9e-05,172.31.36.0-255,66,4730,9,190233
28315,6.2e-05,172.217.194.0-255,5738,10468,9,190233
28316,6.4e-05,172.31.36.0-255,66,10534,9,190233
28317,0.000111,172.217.194.0-255,3439,13973,9,190233
28318,0.000114,172.31.36.0-255,66,14039,9,190233
28319,0.000119,172.217.194.0-255,4320,18359,9,190233
28320,0.000121,172.31.36.0-255,66,18425,9,190233
28321,0.000168,172.31.36.0-255,66,18491,9,190233
28322,0.000171,172.217.194.0-255,1484,19975,9,190233
28323,0.000173,172.31.36.0-255,66,20041,9,190233
28324,0.000176,172.217.194.0-255,1125,21166,9,190233
28325,0.000177,172.31.36.0-255,66,21232,9,190233
28326,0.000215,172.217.194.0-255,1484,22716,9,190233
28327,0.000219,172.31.36.0-255,66,22782,9,190233
28328,0.000223,172.217.194.0-255,4320,27102,9,190233
28329,0.000225,172.31.36.0-255,66,27168,9,190233
28330,0.00026,172.31.36.0-255,66,27234,9,190233
28331,0.000263,172.217.194.0-255,1125,28359,9,190233
28332,0.000265,172.31.36.0-255,66,28425,9,190233
28333,0.001371,172.217.194.0-255,1484,29909,9,190233
28334,0.001378,172.31.36.0-255,66,29975,9,190233
28335,0.001388,172.217.194.0-255,2902,32877,9,190233
28336,0.00139,172.31.36.0-255,66,32943,9,190233
28337,0.001404,172.217.194.0-255,5738,38681,9,190233
28338,0.001406,172.31.36.0-255,66,38747,9,190233
28339,0.001439,172.217.194.0-255,6797,45544,9,190233
28340,0.001442,172.31.36.0-255,66,45610,9,190233
28341,0.001445,172.217.194.0-255,1484,47094,9,190233
28342,0.001472,172.217.194.0-255,5738,52832,9,190233
28343,0.001474,172.31.36.0-255,66,52898,9,190233
28344,0.00148,172.217.194.0-255,5738,58636,9,190233
28345,0.001482,172.31.36.0-255,66,58702,9,190233
28346,0.001515,172.217.194.0-255,2902,61604,9,190233
28347,0.001518,172.31.36.0-255,66,61670,9,190233
28348,0.001549,172.31.36.0-255,66,61736,9,190233
28349,0.001555,172.217.194.0-255,5379,67115,9,190233
28350,0.001557,172.31.36.0-255,66,67181,9,190233
28351,0.001595,172.217.194.0-255,7156,74337,9,190233
28352,0.001599,172.31.36.0-255,66,74403,9,190233
28353,0.001609,172.31.36.0-255,66,74469,9,190233
28354,0.00164,172.31.36.0-255,66,74535,9,190233
28355,0.001665,172.217.194.0-255,2902,77437,9,190233
28356,0.001672,172.31.36.0-255,66,77503,9,190233
28357,0.001675,172.217.194.0-255,766,78269,9,190233
28358,0.001705,172.31.36.0-255,66,78335,9,190233
28359,0.001732,172.217.194.0-255,4320,82655,9,190233
28360,0.001735,172.31.36.0-255,66,82721,9,190233
28361,0.001756,172.31.36.0-255,66,82787,9,190233
28362,0.001761,172.217.194.0-255,4184,86971,9,190233
28363,0.001764,172.31.36.0-255,66,87037,9,190233
28364,0.001811,172.217.194.0-255,7156,94193,9,190233
28365,0.001815,172.31.36.0-255,66,94259,9,190233
28366,0.001824,172.31.36.0-255,66,94325,9,190233
28367,0.001865,172.31.36.0-255,66,94391,9,190233
28368,0.001868,172.217.194.0-255,766,95157,9,190233
28369,0.001954,172.217.194.0-255,1484,96641,9,190233
28370,0.001957,172.31.36.0-255,66,96707,9,190233
28371,0.001961,172.217.194.0-255,2902,99609,9,190233
28372,0.001964,172.31.36.0-255,66,99675,9,190233
28373,0.001969,172.217.194.0-255,4320,103995,9,190233
28374,0.001976,172.31.36.0-255,66,104061,9,190233
28375,0.002004,172.217.194.0-255,1484,105545,9,190233
28376,0.002018,172.31.36.0-255,66,105611,9,190233
28377,0.002025,172.217.194.0-255,7156,112767,9,190233
28378,0.002027,172.31.36.0-255,66,112833,9,190233
28379,0.002037,172.217.194.0-255,3602,116435,9,190233
28380,0.002039,172.31.36.0-255,66,116501,9,190233
28381,0.002075,172.217.194.0-255,1484,117985,9,190233
28382,0.002078,172.217.194.0-255,1484,119469,9,190233
28383,0.002082,172.31.36.0-255,66,119535,9,190233
28384,0.002107,172.217.194.0-255,1484,121019,9,190233
28385,0.002113,172.217.194.0-255,5738,126757,9,190233
28386,0.002116,172.31.36.0-255,66,126823,9,190233
28387,0.002122,172.217.194.0-255,5738,132561,9,190233
28388,0.002124,172.31.36.0-255,66,132627,9,190233
28389,0.002142,172.217.194.0-255,7156,139783,9,190233
28390,0.002145,172.31.36.0-255,66,139849,9,190233
28391,0.002168,172.217.194.0-255,1484,141333,9,190233
28392,0.002175,172.217.194.0-255,1484,142817,9,190233
28393,0.002177,172.31.36.0-255,66,142883,9,190233
28394,0.002188,172.31.36.0-255,66,142949,9,190233
28395,0.002261,172.217.194.0-255,1484,144433,9,190233
28396,0.002267,172.217.194.0-255,2902,147335,9,190233
28397,0.00227,172.31.36.0-255,66,147401,9,190233
28398,0.002276,172.217.194.0-255,5738,153139,9,190233
28399,0.002279,172.31.36.0-255,66,153205,9,190233
28400,0.002313,172.31.36.0-255,66,153271,9,190233
28401,0.002318,172.217.194.0-255,4320,157591,9,190233
28402,0.002321,172.31.36.0-255,66,157657,9,190233
28403,0.002346,172.217.194.0-255,6438,164095,9,190233
28404,0.002353,172.31.36.0-255,66,164161,9,190233
28405,0.002384,172.217.194.0-255,5738,169899,9,190233
28406,0.002387,172.31.36.0-255,66,169965,9,190233
28407,0.002395,172.217.194.0-255,7156,177121,9,190233
28408,0.002397,172.31.36.0-255,66,177187,9,190233
28409,0.002431,172.31.36.0-255,66,177253,9,190233
28410,0.002437,172.217.194.0-255,6438,183691,9,190233
28411,0.002439,172.31.36.0-255,66,183757,9,190233
28412,0.002473,172.31.36.0-255,66,183823,9,190233
28413,0.002531,172.31.36.0-255,66,183889,9,190233
28414,0.002538,172.31.36.0-255,66,183955,9,190233
28415,0.002544,172.217.194.0-255,5738,189693,9,190233
28416,0.00255,172.31.36.0-255,66,189759,9,190233
28417,0.002614,172.31.36.0-255,66,189825,9,190233
28418,0.002632,172.31.36.0-255,66,189891,9,190233
28419,0.002635,172.217.194.0-255,105,189996,9,190233
28420,0.005355,172.31.36.0-255,66,190062,9,190233
28421,0.005391,172.31.36.0-255,105,190167,9,190233
28422,0.007344,172.217.194.0-255,66,190233,9,190233
28423,0.0,74.125.200.0-255,153,153,9,233209
28424,2.3e-05,172.31.36.0-255,66,219,9,233209
28425,3e-05,74.125.200.0-255,1484,1703,9,233209
28426,3.4e-05,172.31.36.0-255,66,1769,9,233209
28427,4.1e-05,74.125.200.0-255,2902,4671,9,233209
28428,4.4e-05,172.31.36.0-255,66,4737,9,233209
28429,4.8e-05,74.125.200.0-255,1484,6221,9,233209
28430,5e-05,172.31.36.0-255,66,6287,9,233209
28431,5.5e-05,74.125.200.0-255,2902,9189,9,233209
28432,5.8e-05,172.31.36.0-255,66,9255,9,233209
28433,8e-05,74.125.200.0-255,1484,10739,9,233209
28434,8.2e-05,172.31.36.0-255,66,10805,9,233209
28435,0.000107,74.125.200.0-255,3503,14308,9,233209
28436,0.00011,172.31.36.0-255,66,14374,9,233209
28437,0.000141,74.125.200.0-255,1484,15858,9,233209
28438,0.000144,172.31.36.0-255,66,15924,9,233209
28439,0.000149,74.125.200.0-255,2902,18826,9,233209
28440,0.000152,172.31.36.0-255,66,18892,9,233209
28441,0.000171,74.125.200.0-255,5738,24630,9,233209
28442,0.000174,172.31.36.0-255,66,24696,9,233209
28443,0.000203,74.125.200.0-255,6797,31493,9,233209
28444,0.000206,172.31.36.0-255,66,31559,9,233209
28445,0.00035,74.125.200.0-255,1484,33043,9,233209
28446,0.000354,172.31.36.0-255,66,33109,9,233209
28447,0.00036,74.125.200.0-255,2902,36011,9,233209
28448,0.000362,172.31.36.0-255,66,36077,9,233209
28449,0.000393,74.125.200.0-255,5738,41815,9,233209
28450,0.000396,172.31.36.0-255,66,41881,9,233209
28451,0.000416,74.125.200.0-255,6797,48678,9,233209
28452,0.000419,172.31.36.0-255,66,48744,9,233209
28453,0.000464,74.125.200.0-255,1484,50228,9,233209
28454,0.000468,172.31.36.0-255,66,50294,9,233209
28455,0.000482,74.125.200.0-255,2902,53196,9,233209
28456,0.000484,172.31.36.0-255,66,53262,9,233209
28457,0.000487,74.125.200.0-255,1484,54746,9,233209
28458,0.000492,74.125.200.0-255,1484,56230,9,233209
28459,0.000494,172.31.36.0-255,66,56296,9,233209
28460,0.000508,74.125.200.0-255,1484,57780,9,233209
28461,0.000515,74.125.200.0-255,5738,63518,9,233209
28462,0.000517,172.31.36.0-255,66,63584,9,233209
28463,0.000541,74.125.200.0-255,2543,66127,9,233209
28464,0.000544,172.31.36.0-255,66,66193,9,233209
28465,0.000568,74.125.200.0-255,391,66584,9,233209
28466,0.000614,74.125.200.0-255,353,66937,9,233209
28467,0.001071,74.125.200.0-255,1484,68421,9,233209
28468,0.001076,172.31.36.0-255,66,68487,9,233209
28469,0.001082,74.125.200.0-255,2902,71389,9,233209
28470,0.001084,172.31.36.0-255,66,71455,9,233209
28471,0.001087,74.125.200.0-255,1484,72939,9,233209
28472,0.001124,74.125.200.0-255,2902,75841,9,233209
28473,0.001127,172.31.36.0-255,66,75907,9,233209
28474,0.001133,74.125.200.0-255,5738,81645,9,233209
28475,0.001135,172.31.36.0-255,66,81711,9,233209
28476,0.001143,74.125.200.0-255,7156,88867,9,233209
28477,0.001145,172.31.36.0-255,66,88933,9,233209
28478,0.001168,74.125.200.0-255,4320,93253,9,233209
28479,0.001171,172.31.36.0-255,66,93319,9,233209
28480,0.001177,74.125.200.0-255,4320,97639,9,233209
28481,0.001179,172.31.36.0-255,66,97705,9,233209
28482,0.001198,74.125.200.0-255,3602,101307,9,233209
28483,0.0012,172.31.36.0-255,66,101373,9,233209
28484,0.002425,74.125.200.0-255,1484,102857,9,233209
28485,0.002437,74.125.200.0-255,2902,105759,9,233209
28486,0.002441,172.31.36.0-255,66,105825,9,233209
28487,0.002451,74.125.200.0-255,5738,111563,9,233209
28488,0.002453,172.31.36.0-255,66,111629,9,233209
28489,0.002457,74.125.200.0-255,2902,114531,9,233209
28490,0.002459,172.31.36.0-255,66,114597,9,233209
28491,0.002462,74.125.200.0-255,1484,116081,9,233209
28492,0.002485,74.125.200.0-255,2902,118983,9,233209
28493,0.002488,172.31.36.0-255,66,119049,9,233209
28494,0.002498,172.31.36.0-255,66,119115,9,233209
28495,0.002518,74.125.200.0-255,1484,120599,9,233209
28496,0.00253,74.125.200.0-255,2902,123501,9,233209
28497,0.002533,172.31.36.0-255,66,123567,9,233209
28498,0.002551,74.125.200.0-255,1484,125051,9,233209
28499,0.002564,74.125.200.0-255,2184,127235,9,233209
28500,0.002566,172.31.36.0-255,66,127301,9,233209
28501,0.005084,74.125.200.0-255,1484,128785,9,233209
28502,0.005125,74.125.200.0-255,4320,133105,9,233209
28503,0.005129,172.31.36.0-255,66,133171,9,233209
28504,0.007708,74.125.200.0-255,5738,138909,9,233209
28505,0.007716,172.31.36.0-255,66,138975,9,233209
28506,0.010294,74.125.200.0-255,5738,144713,9,233209
28507,0.010302,172.31.36.0-255,66,144779,9,233209
28508,0.012884,74.125.200.0-255,5738,150517,9,233209
28509,0.012893,172.31.36.0-255,66,150583,9,233209
28510,0.015468,74.125.200.0-255,5738,156321,9,233209
28511,0.015479,172.31.36.0-255,66,156387,9,233209
28512,0.018066,74.125.200.0-255,5738,162125,9,233209
28513,0.018076,172.31.36.0-255,66,162191,9,233209
28514,0.020653,74.125.200.0-255,5738,167929,9,233209
28515,0.020661,172.31.36.0-255,66,167995,9,233209
28516,0.023243,74.125.200.0-255,5738,173733,9,233209
28517,0.023251,172.31.36.0-255,66,173799,9,233209
28518,0.025855,74.125.200.0-255,5738,179537,9,233209
28519,0.025863,172.31.36.0-255,66,179603,9,233209
28520,0.028432,74.125.200.0-255,5738,185341,9,233209
28521,0.02844,172.31.36.0-255,66,185407,9,233209
28522,0.031009,74.125.200.0-255,5738,191145,9,233209
28523,0.031017,172.31.36.0-255,66,191211,9,233209
28524,0.031569,172.31.36.0-255,168,191379,9,233209
28525,0.0316,172.31.36.0-255,1070,192449,9,233209
28526,0.03313,104.244.42.0-255,66,192515,9,233209
28527,0.033138,104.244.42.0-255,66,192581,9,233209
28528,0.033636,74.125.200.0-255,5738,198319,9,233209
28529,0.033643,172.31.36.0-255,66,198385,9,233209
28530,0.036268,74.125.200.0-255,5738,204123,9,233209
28531,0.036275,172.31.36.0-255,66,204189,9,233209
28532,0.038846,74.125.200.0-255,5738,209927,9,233209
28533,0.038853,172.31.36.0-255,66,209993,9,233209
28534,0.041443,74.125.200.0-255,5738,215731,9,233209
28535,0.041455,172.31.36.0-255,66,215797,9,233209
28536,0.044037,74.125.200.0-255,5738,221535,9,233209
28537,0.044043,172.31.36.0-255,66,221601,9,233209
28538,0.046629,74.125.200.0-255,5738,227339,9,233209
28539,0.046635,172.31.36.0-255,66,227405,9,233209
28540,0.049226,74.125.200.0-255,5738,233143,9,233209
28541,0.049233,172.31.36.0-255,66,233209,9,233209
28542,0.0,74.125.24.0-255,158,158,9,174466
28543,2.3e-05,172.31.36.0-255,66,224,9,174466
28544,3.1e-05,74.125.24.0-255,1484,1708,9,174466
28545,3.5e-05,172.31.36.0-255,66,1774,9,174466
28546,4.2e-05,74.125.24.0-255,2902,4676,9,174466
28547,4.6e-05,172.31.36.0-255,66,4742,9,174466
28548,6.1e-05,74.125.24.0-255,7156,11898,9,174466
28549,6.5e-05,172.31.36.0-255,66,11964,9,174466
28550,9.3e-05,74.125.24.0-255,2067,14031,9,174466
28551,9.6e-05,172.31.36.0-255,66,14097,9,174466
28552,0.000235,74.125.24.0-255,1484,15581,9,174466
28553,0.000238,172.31.36.0-255,66,15647,9,174466
28554,0.000244,74.125.24.0-255,2902,18549,9,174466
28555,0.000247,172.31.36.0-255,66,18615,9,174466
28556,0.000275,74.125.24.0-255,4320,22935,9,174466
28557,0.000279,172.31.36.0-255,66,23001,9,174466
28558,0.000304,74.125.24.0-255,1484,24485,9,174466
28559,0.000306,172.31.36.0-255,66,24551,9,174466
28560,0.000313,74.125.24.0-255,4320,28871,9,174466
28561,0.000315,172.31.36.0-255,66,28937,9,174466
28562,0.000344,74.125.24.0-255,2543,31480,9,174466
28563,0.000346,172.31.36.0-255,66,31546,9,174466
28564,0.000396,74.125.24.0-255,1484,33030,9,174466
28565,0.0004,172.31.36.0-255,66,33096,9,174466
28566,0.000405,74.125.24.0-255,2902,35998,9,174466
28567,0.000407,172.31.36.0-255,66,36064,9,174466
28568,0.000414,74.125.24.0-255,5738,41802,9,174466
28569,0.000422,172.31.36.0-255,66,41868,9,174466
28570,0.000448,74.125.24.0-255,5738,47606,9,174466
28571,0.00045,172.31.36.0-255,66,47672,9,174466
28572,0.00049,172.31.36.0-255,66,47738,9,174466
28573,0.0005,172.31.36.0-255,66,47804,9,174466
28574,0.000529,74.125.24.0-255,1744,49548,9,174466
28575,0.000532,172.31.36.0-255,66,49614,9,174466
28576,0.002407,74.125.24.0-255,1484,51098,9,174466
28577,0.002422,74.125.24.0-255,2902,54000,9,174466
28578,0.002429,172.31.36.0-255,66,54066,9,174466
28579,0.002439,74.125.24.0-255,5738,59804,9,174466
28580,0.002441,172.31.36.0-255,66,59870,9,174466
28581,0.00245,74.125.24.0-255,2902,62772,9,174466
28582,0.002453,172.31.36.0-255,66,62838,9,174466
28583,0.002474,172.31.36.0-255,66,62904,9,174466
28584,0.00249,172.31.36.0-255,66,62970,9,174466
28585,0.002493,74.125.24.0-255,766,63736,9,174466
28586,0.005087,74.125.24.0-255,4320,68056,9,174466
28587,0.005093,172.31.36.0-255,66,68122,9,174466
28588,0.007693,74.125.24.0-255,5738,73860,9,174466
28589,0.0077,172.31.36.0-255,66,73926,9,174466
28590,0.010323,74.125.24.0-255,5738,79664,9,174466
28591,0.010331,172.31.36.0-255,66,79730,9,174466
28592,0.012947,74.125.24.0-255,5738,85468,9,174466
28593,0.012956,172.31.36.0-255,66,85534,9,174466
28594,0.01561,74.125.24.0-255,5738,91272,9,174466
28595,0.015619,172.31.36.0-255,66,91338,9,174466
28596,0.018231,74.125.24.0-255,5738,97076,9,174466
28597,0.018246,172.31.36.0-255,66,97142,9,174466
28598,0.020847,74.125.24.0-255,5738,102880,9,174466
28599,0.020856,172.31.36.0-255,66,102946,9,174466
28600,0.023489,74.125.24.0-255,5738,108684,9,174466
28601,0.023497,172.31.36.0-255,66,108750,9,174466
28602,0.026109,74.125.24.0-255,5738,114488,9,174466
28603,0.026118,172.31.36.0-255,66,114554,9,174466
28604,0.028747,74.125.24.0-255,5738,120292,9,174466
28605,0.028758,172.31.36.0-255,66,120358,9,174466
28606,0.031364,74.125.24.0-255,5738,126096,9,174466
28607,0.031372,172.31.36.0-255,66,126162,9,174466
28608,0.033975,74.125.24.0-255,5738,131900,9,174466
28609,0.033986,172.31.36.0-255,66,131966,9,174466
28610,0.036608,74.125.24.0-255,5738,137704,9,174466
28611,0.036616,172.31.36.0-255,66,137770,9,174466
28612,0.039224,74.125.24.0-255,4320,142090,9,174466
28613,0.039232,172.31.36.0-255,66,142156,9,174466
28614,0.039262,74.125.24.0-255,1484,143640,9,174466
28615,0.040451,172.31.36.0-255,172,143812,9,174466
28616,0.040491,172.31.36.0-255,1116,144928,9,174466
28617,0.040559,172.31.36.0-255,1514,146442,9,174466
28618,0.040561,172.31.36.0-255,1514,147956,9,174466
28619,0.040563,172.31.36.0-255,1514,149470,9,174466
28620,0.040568,172.31.36.0-255,1514,150984,9,174466
28621,0.040569,172.31.36.0-255,1486,152470,9,174466
28622,0.041821,74.125.24.0-255,4320,156790,9,174466
28623,0.041828,172.31.36.0-255,66,156856,9,174466
28624,0.041998,104.244.42.0-255,66,156922,9,174466
28625,0.042033,104.244.42.0-255,66,156988,9,174466
28626,0.042158,104.244.42.0-255,66,157054,9,174466
28627,0.044438,74.125.24.0-255,5738,162792,9,174466
28628,0.044444,172.31.36.0-255,66,162858,9,174466
28629,0.047055,74.125.24.0-255,5738,168596,9,174466
28630,0.047064,172.31.36.0-255,66,168662,9,174466
28631,0.049673,74.125.24.0-255,5738,174400,9,174466
28632,0.049681,172.31.36.0-255,66,174466,9,174466
28633,0.0,74.125.24.0-255,153,153,9,314808
28634,2.1e-05,172.31.36.0-255,66,219,9,314808
28635,2.9e-05,74.125.24.0-255,1484,1703,9,314808
28636,3.3e-05,172.31.36.0-255,66,1769,9,314808
28637,4.7e-05,74.125.24.0-255,2902,4671,9,314808
28638,5.1e-05,172.31.36.0-255,66,4737,9,314808
28639,5.9e-05,74.125.24.0-255,7156,11893,9,314808
28640,6.3e-05,172.31.36.0-255,66,11959,9,314808
28641,6.7e-05,74.125.24.0-255,1993,13952,9,314808
28642,7.1e-05,172.31.36.0-255,66,14018,9,314808
28643,8.5e-05,172.31.36.0-255,66,14084,9,314808
28644,9.2e-05,74.125.24.0-255,5379,19463,9,314808
28645,9.5e-05,172.31.36.0-255,66,19529,9,314808
28646,0.00014,74.125.24.0-255,2902,22431,9,314808
28647,0.000143,172.31.36.0-255,66,22497,9,314808
28648,0.000149,74.125.24.0-255,4320,26817,9,314808
28649,0.000151,172.31.36.0-255,66,26883,9,314808
28650,0.000165,74.125.24.0-255,7156,34039,9,314808
28651,0.000168,172.31.36.0-255,66,34105,9,314808
28652,0.000189,74.125.24.0-255,1484,35589,9,314808
28653,0.000192,172.31.36.0-255,66,35655,9,314808
28654,0.0002,74.125.24.0-255,1125,36780,9,314808
28655,0.000202,172.31.36.0-255,66,36846,9,314808
28656,0.000549,74.125.24.0-255,1484,38330,9,314808
28657,0.000554,172.31.36.0-255,66,38396,9,314808
28658,0.000561,74.125.24.0-255,2902,41298,9,314808
28659,0.000564,172.31.36.0-255,66,41364,9,314808
28660,0.000575,74.125.24.0-255,5738,47102,9,314808
28661,0.000578,172.31.36.0-255,66,47168,9,314808
28662,0.000581,74.125.24.0-255,1484,48652,9,314808
28663,0.000583,172.31.36.0-255,66,48718,9,314808
28664,0.000618,74.125.24.0-255,5379,54097,9,314808
28665,0.000621,172.31.36.0-255,66,54163,9,314808
28666,0.000753,74.125.24.0-255,1484,55647,9,314808
28667,0.000773,74.125.24.0-255,1484,57131,9,314808
28668,0.000776,172.31.36.0-255,66,57197,9,314808
28669,0.000804,74.125.24.0-255,1484,58681,9,314808
28670,0.000812,74.125.24.0-255,5738,64419,9,314808
28671,0.000814,172.31.36.0-255,66,64485,9,314808
28672,0.000844,74.125.24.0-255,1484,65969,9,314808
28673,0.000848,74.125.24.0-255,2902,68871,9,314808
28674,0.00085,172.31.36.0-255,66,68937,9,314808
28675,0.000881,74.125.24.0-255,6797,75734,9,314808
28676,0.000884,172.31.36.0-255,66,75800,9,314808
28677,0.000889,74.125.24.0-255,2902,78702,9,314808
28678,0.000891,172.31.36.0-255,66,78768,9,314808
28679,0.000923,74.125.24.0-255,4320,83088,9,314808
28680,0.000926,172.31.36.0-255,66,83154,9,314808
28681,0.000931,74.125.24.0-255,2902,86056,9,314808
28682,0.000933,172.31.36.0-255,66,86122,9,314808
28683,0.000963,74.125.24.0-255,2543,88665,9,314808
28684,0.000965,172.31.36.0-255,66,88731,9,314808
28685,0.001233,74.125.24.0-255,646,89377,9,314808
28686,0.001295,74.125.24.0-255,1484,90861,9,314808
28687,0.001299,172.31.36.0-255,66,90927,9,314808
28688,0.001304,74.125.24.0-255,2902,93829,9,314808
28689,0.001306,172.31.36.0-255,66,93895,9,314808
28690,0.001327,74.125.24.0-255,4320,98215,9,314808
28691,0.001333,172.31.36.0-255,66,98281,9,314808
28692,0.001357,74.125.24.0-255,1484,99765,9,314808
28693,0.001361,74.125.24.0-255,1484,101249,9,314808
28694,0.001363,172.31.36.0-255,66,101315,9,314808
28695,0.001369,74.125.24.0-255,4320,105635,9,314808
28696,0.001371,172.31.36.0-255,66,105701,9,314808
28697,0.001399,74.125.24.0-255,4320,110021,9,314808
28698,0.001402,172.31.36.0-255,66,110087,9,314808
28699,0.001408,74.125.24.0-255,5738,115825,9,314808
28700,0.00141,172.31.36.0-255,66,115891,9,314808
28701,0.001445,74.125.24.0-255,7156,123047,9,314808
28702,0.001448,74.125.24.0-255,217,123264,9,314808
28703,0.001452,172.31.36.0-255,66,123330,9,314808
28704,0.001533,74.125.24.0-255,1484,124814,9,314808
28705,0.001539,172.31.36.0-255,66,124880,9,314808
28706,0.001549,74.125.24.0-255,2902,127782,9,314808
28707,0.001551,172.31.36.0-255,66,127848,9,314808
28708,0.001561,74.125.24.0-255,4320,132168,9,314808
28709,0.001564,172.31.36.0-255,66,132234,9,314808
28710,0.001588,74.125.24.0-255,1484,133718,9,314808
28711,0.0016,74.125.24.0-255,7156,140874,9,314808
28712,0.001603,172.31.36.0-255,66,140940,9,314808
28713,0.00163,74.125.24.0-255,5738,146678,9,314808
28714,0.001632,172.31.36.0-255,66,146744,9,314808
28715,0.001664,74.125.24.0-255,7156,153900,9,314808
28716,0.001667,172.31.36.0-255,66,153966,9,314808
28717,0.001696,74.125.24.0-255,3602,157568,9,314808
28718,0.0017,172.31.36.0-255,66,157634,9,314808
28719,0.001757,74.125.24.0-255,1484,159118,9,314808
28720,0.001762,74.125.24.0-255,2902,162020,9,314808
28721,0.001764,172.31.36.0-255,66,162086,9,314808
28722,0.00177,74.125.24.0-255,5738,167824,9,314808
28723,0.001773,172.31.36.0-255,66,167890,9,314808
28724,0.001789,172.31.36.0-255,66,167956,9,314808
28725,0.001828,74.125.24.0-255,4320,172276,9,314808
28726,0.001831,172.31.36.0-255,66,172342,9,314808
28727,0.00184,74.125.24.0-255,7156,179498,9,314808
28728,0.001842,172.31.36.0-255,66,179564,9,314808
28729,0.001854,74.125.24.0-255,3602,183166,9,314808
28730,0.001856,172.31.36.0-255,66,183232,9,314808
28731,0.001887,74.125.24.0-255,4320,187552,9,314808
28732,0.00189,172.31.36.0-255,66,187618,9,314808
28733,0.001902,172.31.36.0-255,66,187684,9,314808
28734,0.001927,74.125.24.0-255,1484,189168,9,314808
28735,0.001944,172.31.36.0-255,66,189234,9,314808
28736,0.001949,74.125.24.0-255,3602,192836,9,314808
28737,0.001952,172.31.36.0-255,66,192902,9,314808
28738,0.004187,74.125.24.0-255,5738,198640,9,314808
28739,0.004194,172.31.36.0-255,66,198706,9,314808
28740,0.006489,74.125.24.0-255,5738,204444,9,314808
28741,0.006496,172.31.36.0-255,66,204510,9,314808
28742,0.008763,74.125.24.0-255,5738,210248,9,314808
28743,0.008766,172.31.36.0-255,66,210314,9,314808
28744,0.011059,74.125.24.0-255,5738,216052,9,314808
28745,0.011069,172.31.36.0-255,66,216118,9,314808
28746,0.013362,74.125.24.0-255,5738,221856,9,314808
28747,0.013379,172.31.36.0-255,66,221922,9,314808
28748,0.01564,74.125.24.0-255,5738,227660,9,314808
28749,0.015651,172.31.36.0-255,66,227726,9,314808
28750,0.017923,74.125.24.0-255,5738,233464,9,314808
28751,0.017932,172.31.36.0-255,66,233530,9,314808
28752,0.020208,74.125.24.0-255,5738,239268,9,314808
28753,0.020216,172.31.36.0-255,66,239334,9,314808
28754,0.022452,74.125.24.0-255,5738,245072,9,314808
28755,0.02246,172.31.36.0-255,66,245138,9,314808
28756,0.024708,74.125.24.0-255,5738,250876,9,314808
28757,0.024716,172.31.36.0-255,66,250942,9,314808
28758,0.026968,74.125.24.0-255,5738,256680,9,314808
28759,0.026976,172.31.36.0-255,66,256746,9,314808
28760,0.029253,74.125.24.0-255,5738,262484,9,314808
28761,0.029259,172.31.36.0-255,66,262550,9,314808
28762,0.029685,172.31.36.0-255,172,262722,9,314808
28763,0.029716,172.31.36.0-255,1070,263792,9,314808
28764,0.03125,104.244.42.0-255,66,263858,9,314808
28765,0.031258,104.244.42.0-255,66,263924,9,314808
28766,0.03149,74.125.24.0-255,4320,268244,9,314808
28767,0.031497,172.31.36.0-255,66,268310,9,314808
28768,0.031527,74.125.24.0-255,1484,269794,9,314808
28769,0.033775,74.125.24.0-255,4320,274114,9,314808
28770,0.033782,172.31.36.0-255,66,274180,9,314808
28771,0.036022,74.125.24.0-255,5738,279918,9,314808
28772,0.036029,172.31.36.0-255,66,279984,9,314808
28773,0.03829,74.125.24.0-255,5738,285722,9,314808
28774,0.038296,172.31.36.0-255,66,285788,9,314808
28775,0.040538,74.125.24.0-255,5738,291526,9,314808
28776,0.040544,172.31.36.0-255,66,291592,9,314808
28777,0.042801,74.125.24.0-255,5738,297330,9,314808
28778,0.042807,172.31.36.0-255,66,297396,9,314808
28779,0.045071,74.125.24.0-255,5738,303134,9,314808
28780,0.045083,172.31.36.0-255,66,303200,9,314808
28781,0.047397,74.125.24.0-255,5738,308938,9,314808
28782,0.047403,172.31.36.0-255,66,309004,9,314808
28783,0.049685,74.125.24.0-255,5738,314742,9,314808
28784,0.049691,172.31.36.0-255,66,314808,9,314808
28785,0.0,172.217.194.0-255,295,295,9,191284
28786,1.6e-05,172.31.36.0-255,66,361,9,191284
28787,2.3e-05,172.217.194.0-255,1484,1845,9,191284
28788,2.7e-05,172.31.36.0-255,66,1911,9,191284
28789,3.4e-05,172.217.194.0-255,4320,6231,9,191284
28790,3.8e-05,172.31.36.0-255,66,6297,9,191284
28791,6.3e-05,172.217.194.0-255,4320,10617,9,191284
28792,6.6e-05,172.31.36.0-255,66,10683,9,191284
28793,8.8e-05,172.217.194.0-255,4749,15432,9,191284
28794,9.1e-05,172.31.36.0-255,66,15498,9,191284
28795,9.4e-05,172.217.194.0-255,1484,16982,9,191284
28796,9.6e-05,172.31.36.0-255,66,17048,9,191284
28797,0.000131,172.31.36.0-255,66,17114,9,191284
28798,0.00015,172.217.194.0-255,1484,18598,9,191284
28799,0.000153,172.31.36.0-255,66,18664,9,191284
28800,0.000157,172.217.194.0-255,1125,19789,9,191284
28801,0.000159,172.31.36.0-255,66,19855,9,191284
28802,0.000162,172.217.194.0-255,1484,21339,9,191284
28803,0.000164,172.31.36.0-255,66,21405,9,191284
28804,0.00017,172.217.194.0-255,4320,25725,9,191284
28805,0.000173,172.31.36.0-255,66,25791,9,191284
28806,0.00018,172.217.194.0-255,5738,31529,9,191284
28807,0.000183,172.31.36.0-255,66,31595,9,191284
28808,0.000204,172.217.194.0-255,4320,35915,9,191284
28809,0.000207,172.31.36.0-255,66,35981,9,191284
28810,0.000218,172.31.36.0-255,66,36047,9,191284
28811,0.000221,172.217.194.0-255,1484,37531,9,191284
28812,0.000223,172.31.36.0-255,66,37597,9,191284
28813,0.000252,172.31.36.0-255,66,37663,9,191284
28814,0.000255,172.217.194.0-255,101,37764,9,191284
28815,0.000323,172.217.194.0-255,1484,39248,9,191284
28816,0.000327,172.31.36.0-255,66,39314,9,191284
28817,0.000332,172.217.194.0-255,2902,42216,9,191284
28818,0.000334,172.31.36.0-255,66,42282,9,191284
28819,0.000347,172.217.194.0-255,1484,43766,9,191284
28820,0.000363,172.217.194.0-255,4320,48086,9,191284
28821,0.000366,172.31.36.0-255,66,48152,9,191284
28822,0.000383,172.217.194.0-255,1484,49636,9,191284
28823,0.000413,172.31.36.0-255,66,49702,9,191284
28824,0.000446,172.31.36.0-255,66,49768,9,191284
28825,0.000481,172.217.194.0-255,2902,52670,9,191284
28826,0.000484,172.31.36.0-255,66,52736,9,191284
28827,0.000512,172.31.36.0-255,66,52802,9,191284
28828,0.000546,172.217.194.0-255,7156,59958,9,191284
28829,0.000548,172.31.36.0-255,66,60024,9,191284
28830,0.000571,172.217.194.0-255,1484,61508,9,191284
28831,0.000586,172.31.36.0-255,66,61574,9,191284
28832,0.000592,172.217.194.0-255,4320,65894,9,191284
28833,0.000595,172.31.36.0-255,66,65960,9,191284
28834,0.000601,172.217.194.0-255,5738,71698,9,191284
28835,0.000604,172.31.36.0-255,66,71764,9,191284
28836,0.000611,172.217.194.0-255,7156,78920,9,191284
28837,0.000614,172.31.36.0-255,66,78986,9,191284
28838,0.000647,172.217.194.0-255,4320,83306,9,191284
28839,0.00065,172.31.36.0-255,66,83372,9,191284
28840,0.000664,172.31.36.0-255,66,83438,9,191284
28841,0.000693,172.31.36.0-255,66,83504,9,191284
28842,0.000737,172.31.36.0-255,66,83570,9,191284
28843,0.000748,172.31.36.0-255,66,83636,9,191284
28844,0.000793,172.217.194.0-255,1484,85120,9,191284
28845,0.000798,172.217.194.0-255,2902,88022,9,191284
28846,0.000801,172.31.36.0-255,66,88088,9,191284
28847,0.000827,172.217.194.0-255,5738,93826,9,191284
28848,0.000831,172.31.36.0-255,66,93892,9,191284
28849,0.000838,172.217.194.0-255,7156,101048,9,191284
28850,0.00084,172.31.36.0-255,66,101114,9,191284
28851,0.000879,172.217.194.0-255,5738,106852,9,191284
28852,0.000882,172.31.36.0-255,66,106918,9,191284
28853,0.000906,172.31.36.0-255,66,106984,9,191284
28854,0.000911,172.217.194.0-255,2184,109168,9,191284
28855,0.000913,172.31.36.0-255,66,109234,9,191284
28856,0.000943,172.217.194.0-255,7156,116390,9,191284
28857,0.000946,172.31.36.0-255,66,116456,9,191284
28858,0.00095,172.217.194.0-255,2902,119358,9,191284
28859,0.000952,172.31.36.0-255,66,119424,9,191284
28860,0.000971,172.217.194.0-255,5738,125162,9,191284
28861,0.000974,172.31.36.0-255,66,125228,9,191284
28862,0.000983,172.217.194.0-255,4320,129548,9,191284
28863,0.000986,172.31.36.0-255,66,129614,9,191284
28864,0.001029,172.31.36.0-255,66,129680,9,191284
28865,0.001032,172.217.194.0-255,766,130446,9,191284
28866,0.001074,172.217.194.0-255,1484,131930,9,191284
28867,0.001077,172.31.36.0-255,66,131996,9,191284
28868,0.001082,172.217.194.0-255,2902,134898,9,191284
28869,0.001084,172.31.36.0-255,66,134964,9,191284
28870,0.001091,172.217.194.0-255,5738,140702,9,191284
28871,0.001093,172.31.36.0-255,66,140768,9,191284
28872,0.001101,172.217.194.0-255,7156,147924,9,191284
28873,0.001104,172.31.36.0-255,66,147990,9,191284
28874,0.001165,172.31.36.0-255,66,148056,9,191284
28875,0.001169,172.217.194.0-255,2184,150240,9,191284
28876,0.001171,172.31.36.0-255,66,150306,9,191284
28877,0.001224,172.217.194.0-255,2902,153208,9,191284
28878,0.001227,172.31.36.0-255,66,153274,9,191284
28879,0.001234,172.217.194.0-255,7156,160430,9,191284
28880,0.001236,172.31.36.0-255,66,160496,9,191284
28881,0.001266,172.31.36.0-255,66,160562,9,191284
28882,0.001274,172.217.194.0-255,7156,167718,9,191284
28883,0.001276,172.31.36.0-255,66,167784,9,191284
28884,0.001301,172.217.194.0-255,5020,172804,9,191284
28885,0.001303,172.31.36.0-255,66,172870,9,191284
28886,0.001361,172.217.194.0-255,1484,174354,9,191284
28887,0.001367,172.217.194.0-255,2902,177256,9,191284
28888,0.001371,172.31.36.0-255,66,177322,9,191284
28889,0.001374,172.217.194.0-255,1484,178806,9,191284
28890,0.001395,172.217.194.0-255,4320,183126,9,191284
28891,0.001398,172.31.36.0-255,66,183192,9,191284
28892,0.001402,172.217.194.0-255,2902,186094,9,191284
28893,0.001405,172.31.36.0-255,66,186160,9,191284
28894,0.001432,172.31.36.0-255,66,186226,9,191284
28895,0.001444,172.31.36.0-255,66,186292,9,191284
28896,0.001465,172.217.194.0-255,1484,187776,9,191284
28897,0.001503,172.31.36.0-255,66,187842,9,191284
28898,0.001515,172.31.36.0-255,66,187908,9,191284
28899,0.001539,172.217.194.0-255,2902,190810,9,191284
28900,0.001542,172.31.36.0-255,66,190876,9,191284
28901,0.00157,172.31.36.0-255,66,190942,9,191284
28902,0.001573,172.217.194.0-255,105,191047,9,191284
28903,0.010509,172.31.36.0-255,66,191113,9,191284
28904,0.010553,172.31.36.0-255,105,191218,9,191284
28905,0.012615,172.217.194.0-255,66,191284,9,191284
28906,0.0,172.217.194.0-255,153,153,9,279336
28907,2.2e-05,172.31.36.0-255,66,219,9,279336
28908,2.8e-05,172.217.194.0-255,1484,1703,9,279336
28909,3.3e-05,172.31.36.0-255,66,1769,9,279336
28910,3.8e-05,172.217.194.0-255,2902,4671,9,279336
28911,4.9e-05,172.31.36.0-255,66,4737,9,279336
28912,5.6e-05,172.217.194.0-255,7156,11893,9,279336
28913,5.9e-05,172.31.36.0-255,66,11959,9,279336
28914,6.4e-05,172.217.194.0-255,4320,16279,9,279336
28915,6.8e-05,172.31.36.0-255,66,16345,9,279336
28916,9.9e-05,172.217.194.0-255,3487,19832,9,279336
28917,0.000102,172.31.36.0-255,66,19898,9,279336
28918,0.000115,172.31.36.0-255,66,19964,9,279336
28919,0.000119,172.217.194.0-255,2543,22507,9,279336
28920,0.000121,172.31.36.0-255,66,22573,9,279336
28921,0.000197,172.217.194.0-255,1484,24057,9,279336
28922,0.0002,172.31.36.0-255,66,24123,9,279336
28923,0.000205,172.217.194.0-255,2902,27025,9,279336
28924,0.000207,172.31.36.0-255,66,27091,9,279336
28925,0.000226,172.217.194.0-255,5738,32829,9,279336
28926,0.000229,172.31.36.0-255,66,32895,9,279336
28927,0.000239,172.217.194.0-255,5738,38633,9,279336
28928,0.000241,172.31.36.0-255,66,38699,9,279336
28929,0.000268,172.217.194.0-255,1125,39824,9,279336
28930,0.00027,172.31.36.0-255,66,39890,9,279336
28931,0.000296,172.217.194.0-255,1484,41374,9,279336
28932,0.000298,172.31.36.0-255,66,41440,9,279336
28933,0.000303,172.217.194.0-255,4320,45760,9,279336
28934,0.000305,172.31.36.0-255,66,45826,9,279336
28935,0.000341,172.31.36.0-255,66,45892,9,279336
28936,0.000381,172.217.194.0-255,1706,47598,9,279336
28937,0.000455,172.217.194.0-255,1484,49082,9,279336
28938,0.000469,172.217.194.0-255,2902,51984,9,279336
28939,0.000486,172.217.194.0-255,5738,57722,9,279336
28940,0.000531,172.217.194.0-255,4320,62042,9,279336
28941,0.000546,172.217.194.0-255,2543,64585,9,279336
28942,0.000582,172.217.194.0-255,2902,67487,9,279336
28943,0.000591,172.217.194.0-255,1484,68971,9,279336
28944,0.000616,172.217.194.0-255,5738,74709,9,279336
28945,0.000619,172.31.36.0-255,66,74775,9,279336
28946,0.000624,172.31.36.0-255,66,74841,9,279336
28947,0.000651,172.217.194.0-255,6797,81638,9,279336
28948,0.00068,172.31.36.0-255,66,81704,9,279336
28949,0.001115,172.217.194.0-255,1484,83188,9,279336
28950,0.001129,172.217.194.0-255,2902,86090,9,279336
28951,0.001134,172.31.36.0-255,66,86156,9,279336
28952,0.001165,172.217.194.0-255,5738,91894,9,279336
28953,0.001188,172.31.36.0-255,66,91960,9,279336
28954,0.001205,172.217.194.0-255,766,92726,9,279336
28955,0.00139,172.217.194.0-255,1484,94210,9,279336
28956,0.001394,172.31.36.0-255,66,94276,9,279336
28957,0.001399,172.217.194.0-255,2902,97178,9,279336
28958,0.001422,172.217.194.0-255,5738,102916,9,279336
28959,0.001438,172.217.194.0-255,4320,107236,9,279336
28960,0.001441,172.31.36.0-255,66,107302,9,279336
28961,0.001445,172.31.36.0-255,66,107368,9,279336
28962,0.00149,172.217.194.0-255,2184,109552,9,279336
28963,0.001507,172.31.36.0-255,66,109618,9,279336
28964,0.001879,172.217.194.0-255,1484,111102,9,279336
28965,0.001885,172.217.194.0-255,2902,114004,9,279336
28966,0.001888,172.31.36.0-255,66,114070,9,279336
28967,0.001922,172.217.194.0-255,1484,115554,9,279336
28968,0.001949,172.217.194.0-255,4320,119874,9,279336
28969,0.001953,172.217.194.0-255,4320,124194,9,279336
28970,0.001966,172.217.194.0-255,4320,128514,9,279336
28971,0.001976,172.31.36.0-255,66,128580,9,279336
28972,0.001985,172.217.194.0-255,3602,132182,9,279336
28973,0.00199,172.31.36.0-255,66,132248,9,279336
28974,0.002017,172.217.194.0-255,1484,133732,9,279336
28975,0.002036,172.217.194.0-255,1484,135216,9,279336
28976,0.002045,172.31.36.0-255,66,135282,9,279336
28977,0.002052,172.217.194.0-255,1484,136766,9,279336
28978,0.002078,172.217.194.0-255,5738,142504,9,279336
28979,0.002126,172.217.194.0-255,5738,148242,9,279336
28980,0.002129,172.31.36.0-255,66,148308,9,279336
28981,0.002135,172.31.36.0-255,66,148374,9,279336
28982,0.00218,172.31.36.0-255,66,148440,9,279336
28983,0.002227,172.217.194.0-255,1484,149924,9,279336
28984,0.002231,172.217.194.0-255,1484,151408,9,279336
28985,0.002235,172.31.36.0-255,66,151474,9,279336
28986,0.002264,172.217.194.0-255,1484,152958,9,279336
28987,0.00227,172.217.194.0-255,5738,158696,9,279336
28988,0.002276,172.217.194.0-255,5738,164434,9,279336
28989,0.002292,172.217.194.0-255,4320,168754,9,279336
28990,0.002309,172.31.36.0-255,66,168820,9,279336
28991,0.002337,172.217.194.0-255,5020,173840,9,279336
28992,0.002349,172.31.36.0-255,66,173906,9,279336
28993,0.004676,172.217.194.0-255,5738,179644,9,279336
28994,0.004686,172.31.36.0-255,66,179710,9,279336
28995,0.006983,172.217.194.0-255,5738,185448,9,279336
28996,0.009226,172.31.36.0-255,66,185514,9,279336
28997,0.011732,172.217.194.0-255,5738,191252,9,279336
28998,0.01316,172.31.36.0-255,66,191318,9,279336
28999,0.015468,172.217.194.0-255,5738,197056,9,279336
29000,0.015481,172.31.36.0-255,66,197122,9,279336
29001,0.017779,172.217.194.0-255,5738,202860,9,279336
29002,0.017787,172.31.36.0-255,66,202926,9,279336
29003,0.020112,172.217.194.0-255,5738,208664,9,279336
29004,0.02012,172.31.36.0-255,66,208730,9,279336
29005,0.022437,172.217.194.0-255,5738,214468,9,279336
29006,0.022449,172.31.36.0-255,66,214534,9,279336
29007,0.024777,172.217.194.0-255,5738,220272,9,279336
29008,0.024786,172.31.36.0-255,66,220338,9,279336
29009,0.027102,172.217.194.0-255,5738,226076,9,279336
29010,0.02711,172.31.36.0-255,66,226142,9,279336
29011,0.029432,172.217.194.0-255,5738,231880,9,279336
29012,0.02944,172.31.36.0-255,66,231946,9,279336
29013,0.03177,172.217.194.0-255,5738,237684,9,279336
29014,0.031777,172.31.36.0-255,66,237750,9,279336
29015,0.034113,172.217.194.0-255,5738,243488,9,279336
29016,0.034121,172.31.36.0-255,66,243554,9,279336
29017,0.035093,172.31.36.0-255,172,243726,9,279336
29018,0.035126,172.31.36.0-255,1116,244842,9,279336
29019,0.03517,172.31.36.0-255,560,245402,9,279336
29020,0.036442,172.217.194.0-255,5738,251140,9,279336
29021,0.03645,172.31.36.0-255,66,251206,9,279336
29022,0.036664,104.244.42.0-255,66,251272,9,279336
29023,0.036672,104.244.42.0-255,66,251338,9,279336
29024,0.036789,104.244.42.0-255,66,251404,9,279336
29025,0.03879,172.217.194.0-255,5738,257142,9,279336
29026,0.038802,172.31.36.0-255,66,257208,9,279336
29027,0.041139,172.217.194.0-255,4320,261528,9,279336
29028,0.041144,172.31.36.0-255,66,261594,9,279336
29029,0.041174,172.217.194.0-255,1484,263078,9,279336
29030,0.043454,172.217.194.0-255,4320,267398,9,279336
29031,0.04346,172.31.36.0-255,66,267464,9,279336
29032,0.045757,172.217.194.0-255,2902,270366,9,279336
29033,0.045763,172.31.36.0-255,66,270432,9,279336
29034,0.045798,172.217.194.0-255,2902,273334,9,279336
29035,0.045815,172.31.36.0-255,66,273400,9,279336
29036,0.048059,172.217.194.0-255,2902,276302,9,279336
29037,0.048064,172.31.36.0-255,66,276368,9,279336
29038,0.0481,172.217.194.0-255,2902,279270,9,279336
29039,0.04811,172.31.36.0-255,66,279336,9,279336
29040,0.0,172.217.194.0-255,149,149,9,261106
29041,1.2e-05,172.31.36.0-255,66,215,9,261106
29042,2.7e-05,172.217.194.0-255,1484,1699,9,261106
29043,3.1e-05,172.31.36.0-255,66,1765,9,261106
29044,5.2e-05,172.217.194.0-255,1484,3249,9,261106
29045,5.4e-05,172.31.36.0-255,66,3315,9,261106
29046,7.4e-05,172.217.194.0-255,1484,4799,9,261106
29047,7.7e-05,172.31.36.0-255,66,4865,9,261106
29048,8.6e-05,172.217.194.0-255,7156,12021,9,261106
29049,8.8e-05,172.31.36.0-255,66,12087,9,261106
29050,9.2e-05,172.217.194.0-255,2038,14125,9,261106
29051,9.4e-05,172.31.36.0-255,66,14191,9,261106
29052,0.000115,172.217.194.0-255,1484,15675,9,261106
29053,0.000117,172.31.36.0-255,66,15741,9,261106
29054,0.000122,172.217.194.0-255,2902,18643,9,261106
29055,0.000124,172.31.36.0-255,66,18709,9,261106
29056,0.000131,172.217.194.0-255,5738,24447,9,261106
29057,0.000133,172.31.36.0-255,66,24513,9,261106
29058,0.000162,172.217.194.0-255,4320,28833,9,261106
29059,0.000164,172.31.36.0-255,66,28899,9,261106
29060,0.000179,172.217.194.0-255,2543,31442,9,261106
29061,0.000182,172.31.36.0-255,66,31508,9,261106
29062,0.000192,172.217.194.0-255,7156,38664,9,261106
29063,0.000194,172.31.36.0-255,66,38730,9,261106
29064,0.000218,172.31.36.0-255,66,38796,9,261106
29065,0.000257,172.217.194.0-255,2902,41698,9,261106
29066,0.00026,172.31.36.0-255,66,41764,9,261106
29067,0.000283,172.217.194.0-255,5738,47502,9,261106
29068,0.000285,172.31.36.0-255,66,47568,9,261106
29069,0.000315,172.217.194.0-255,2902,50470,9,261106
29070,0.000318,172.31.36.0-255,66,50536,9,261106
29071,0.000334,172.217.194.0-255,5691,56227,9,261106
29072,0.000336,172.31.36.0-255,66,56293,9,261106
29073,0.000339,172.217.194.0-255,365,56658,9,261106
29074,0.000397,172.217.194.0-255,1484,58142,9,261106
29075,0.0004,172.31.36.0-255,66,58208,9,261106
29076,0.000403,172.217.194.0-255,1484,59692,9,261106
29077,0.000416,172.217.194.0-255,1484,61176,9,261106
29078,0.000418,172.31.36.0-255,66,61242,9,261106
29079,0.000441,172.217.194.0-255,2902,64144,9,261106
29080,0.000443,172.31.36.0-255,66,64210,9,261106
29081,0.000451,172.217.194.0-255,7156,71366,9,261106
29082,0.000453,172.31.36.0-255,66,71432,9,261106
29083,0.000471,172.217.194.0-255,3961,75393,9,261106
29084,0.000473,172.31.36.0-255,66,75459,9,261106
29085,0.000485,172.31.36.0-255,66,75525,9,261106
29086,0.000507,172.217.194.0-255,2902,78427,9,261106
29087,0.000509,172.31.36.0-255,66,78493,9,261106
29088,0.000522,172.217.194.0-255,2543,81036,9,261106
29089,0.000524,172.31.36.0-255,66,81102,9,261106
29090,0.00119,172.217.194.0-255,1484,82586,9,261106
29091,0.001197,172.217.194.0-255,2902,85488,9,261106
29092,0.001201,172.31.36.0-255,66,85554,9,261106
29093,0.001207,172.217.194.0-255,5738,91292,9,261106
29094,0.001209,172.31.36.0-255,66,91358,9,261106
29095,0.00126,172.217.194.0-255,7156,98514,9,261106
29096,0.001263,172.31.36.0-255,66,98580,9,261106
29097,0.001277,172.31.36.0-255,66,98646,9,261106
29098,0.001281,172.217.194.0-255,2184,100830,9,261106
29099,0.001283,172.31.36.0-255,66,100896,9,261106
29100,0.002219,172.217.194.0-255,1484,102380,9,261106
29101,0.00223,172.217.194.0-255,2902,105282,9,261106
29102,0.002235,172.31.36.0-255,66,105348,9,261106
29103,0.002244,172.217.194.0-255,5738,111086,9,261106
29104,0.002246,172.31.36.0-255,66,111152,9,261106
29105,0.002267,172.217.194.0-255,5738,116890,9,261106
29106,0.002269,172.31.36.0-255,66,116956,9,261106
29107,0.002283,172.217.194.0-255,1484,118440,9,261106
29108,0.002311,172.217.194.0-255,4320,122760,9,261106
29109,0.002313,172.31.36.0-255,66,122826,9,261106
29110,0.002337,172.217.194.0-255,7156,129982,9,261106
29111,0.002339,172.31.36.0-255,66,130048,9,261106
29112,0.004579,172.217.194.0-255,5738,135786,9,261106
29113,0.004584,172.31.36.0-255,66,135852,9,261106
29114,0.006813,172.217.194.0-255,5738,141590,9,261106
29115,0.006818,172.31.36.0-255,66,141656,9,261106
29116,0.009062,172.217.194.0-255,5738,147394,9,261106
29117,0.00907,172.31.36.0-255,66,147460,9,261106
29118,0.011347,172.217.194.0-255,5738,153198,9,261106
29119,0.011355,172.31.36.0-255,66,153264,9,261106
29120,0.013633,172.217.194.0-255,5738,159002,9,261106
29121,0.013641,172.31.36.0-255,66,159068,9,261106
29122,0.015895,172.217.194.0-255,5738,164806,9,261106
29123,0.015904,172.31.36.0-255,66,164872,9,261106
29124,0.01817,172.217.194.0-255,5738,170610,9,261106
29125,0.018178,172.31.36.0-255,66,170676,9,261106
29126,0.02044,172.217.194.0-255,5738,176414,9,261106
29127,0.020447,172.31.36.0-255,66,176480,9,261106
29128,0.022697,172.217.194.0-255,5738,182218,9,261106
29129,0.022704,172.31.36.0-255,66,182284,9,261106
29130,0.02496,172.217.194.0-255,5738,188022,9,261106
29131,0.024969,172.31.36.0-255,66,188088,9,261106
29132,0.027207,172.217.194.0-255,5738,193826,9,261106
29133,0.027214,172.31.36.0-255,66,193892,9,261106
29134,0.029451,172.217.194.0-255,5738,199630,9,261106
29135,0.029459,172.31.36.0-255,66,199696,9,261106
29136,0.031709,172.217.194.0-255,5738,205434,9,261106
29137,0.031717,172.31.36.0-255,66,205500,9,261106
29138,0.032916,172.31.36.0-255,172,205672,9,261106
29139,0.032949,172.31.36.0-255,1117,206789,9,261106
29140,0.03301,172.31.36.0-255,1514,208303,9,261106
29141,0.033012,172.31.36.0-255,1514,209817,9,261106
29142,0.033017,172.31.36.0-255,1514,211331,9,261106
29143,0.033018,172.31.36.0-255,1514,212845,9,261106
29144,0.033046,172.31.36.0-255,1499,214344,9,261106
29145,0.033998,172.217.194.0-255,5738,220082,9,261106
29146,0.034005,172.31.36.0-255,66,220148,9,261106
29147,0.034457,104.244.42.0-255,66,220214,9,261106
29148,0.034728,104.244.42.0-255,66,220280,9,261106
29149,0.034734,104.244.42.0-255,66,220346,9,261106
29150,0.034738,104.244.42.0-255,66,220412,9,261106
29151,0.034741,104.244.42.0-255,66,220478,9,261106
29152,0.036274,172.217.194.0-255,5738,226216,9,261106
29153,0.03628,172.31.36.0-255,66,226282,9,261106
29154,0.038531,172.217.194.0-255,5738,232020,9,261106
29155,0.038537,172.31.36.0-255,66,232086,9,261106
29156,0.040785,172.217.194.0-255,5738,237824,9,261106
29157,0.040794,172.31.36.0-255,66,237890,9,261106
29158,0.043052,172.217.194.0-255,5738,243628,9,261106
29159,0.043058,172.31.36.0-255,66,243694,9,261106
29160,0.045296,172.217.194.0-255,5738,249432,9,261106
29161,0.045303,172.31.36.0-255,66,249498,9,261106
29162,0.047558,172.217.194.0-255,5738,255236,9,261106
29163,0.047564,172.31.36.0-255,66,255302,9,261106
29164,0.049826,172.217.194.0-255,5738,261040,9,261106
29165,0.049832,172.31.36.0-255,66,261106,9,261106
29166,0.0,74.125.130.0-255,296,296,9,285183
29167,2.8e-05,172.31.36.0-255,66,362,9,285183
29168,3.5e-05,74.125.130.0-255,1484,1846,9,285183
29169,4e-05,172.31.36.0-255,66,1912,9,285183
29170,4.5e-05,74.125.130.0-255,2902,4814,9,285183
29171,4.7e-05,172.31.36.0-255,66,4880,9,285183
29172,5.3e-05,74.125.130.0-255,5738,10618,9,285183
29173,5.5e-05,172.31.36.0-255,66,10684,9,285183
29174,6.3e-05,74.125.130.0-255,5738,16422,9,285183
29175,6.5e-05,172.31.36.0-255,66,16488,9,285183
29176,9.6e-05,172.31.36.0-255,66,16554,9,285183
29177,0.000104,74.125.130.0-255,6797,23351,9,285183
29178,0.000106,172.31.36.0-255,66,23417,9,285183
29179,0.000559,74.125.130.0-255,1484,24901,9,285183
29180,0.000564,172.31.36.0-255,66,24967,9,285183
29181,0.000572,74.125.130.0-255,2902,27869,9,285183
29182,0.000574,172.31.36.0-255,66,27935,9,285183
29183,0.000578,74.125.130.0-255,2902,30837,9,285183
29184,0.00058,172.31.36.0-255,66,30903,9,285183
29185,0.000584,74.125.130.0-255,4320,35223,9,285183
29186,0.000587,172.31.36.0-255,66,35289,9,285183
29187,0.00061,74.125.130.0-255,4320,39609,9,285183
29188,0.000613,172.31.36.0-255,66,39675,9,285183
29189,0.000643,74.125.130.0-255,5379,45054,9,285183
29190,0.000646,172.31.36.0-255,66,45120,9,285183
29191,0.000656,172.31.36.0-255,66,45186,9,285183
29192,0.000691,74.125.130.0-255,1484,46670,9,285183
29193,0.000695,172.31.36.0-255,66,46736,9,285183
29194,0.000713,74.125.130.0-255,1379,48115,9,285183
29195,0.000717,172.31.36.0-255,66,48181,9,285183
29196,0.00072,74.125.130.0-255,117,48298,9,285183
29197,0.000724,74.125.130.0-255,381,48679,9,285183
29198,0.000903,74.125.130.0-255,1484,50163,9,285183
29199,0.000911,172.31.36.0-255,66,50229,9,285183
29200,0.000916,74.125.130.0-255,2902,53131,9,285183
29201,0.000919,172.31.36.0-255,66,53197,9,285183
29202,0.000924,74.125.130.0-255,5738,58935,9,285183
29203,0.000926,172.31.36.0-255,66,59001,9,285183
29204,0.000965,172.31.36.0-255,66,59067,9,285183
29205,0.000981,74.125.130.0-255,1484,60551,9,285183
29206,0.000994,74.125.130.0-255,1484,62035,9,285183
29207,0.000997,172.31.36.0-255,66,62101,9,285183
29208,0.001024,172.31.36.0-255,66,62167,9,285183
29209,0.001426,74.125.130.0-255,1484,63651,9,285183
29210,0.001434,74.125.130.0-255,2902,66553,9,285183
29211,0.001439,172.31.36.0-255,66,66619,9,285183
29212,0.001445,74.125.130.0-255,4320,70939,9,285183
29213,0.001447,172.31.36.0-255,66,71005,9,285183
29214,0.001458,74.125.130.0-255,1484,72489,9,285183
29215,0.001484,172.31.36.0-255,66,72555,9,285183
29216,0.001506,74.125.130.0-255,4320,76875,9,285183
29217,0.001508,172.31.36.0-255,66,76941,9,285183
29218,0.001515,74.125.130.0-255,7156,84097,9,285183
29219,0.001518,172.31.36.0-255,66,84163,9,285183
29220,0.001537,74.125.130.0-255,3602,87765,9,285183
29221,0.001539,172.31.36.0-255,66,87831,9,285183
29222,0.001571,74.125.130.0-255,1484,89315,9,285183
29223,0.001589,74.125.130.0-255,2902,92217,9,285183
29224,0.001591,172.31.36.0-255,66,92283,9,285183
29225,0.001595,74.125.130.0-255,2902,95185,9,285183
29226,0.001597,172.31.36.0-255,66,95251,9,285183
29227,0.001616,74.125.130.0-255,2902,98153,9,285183
29228,0.001619,172.31.36.0-255,66,98219,9,285183
29229,0.001631,74.125.130.0-255,1484,99703,9,285183
29230,0.001635,74.125.130.0-255,2902,102605,9,285183
29231,0.001637,172.31.36.0-255,66,102671,9,285183
29232,0.00164,74.125.130.0-255,1484,104155,9,285183
29233,0.00166,74.125.130.0-255,2902,107057,9,285183
29234,0.001662,172.31.36.0-255,66,107123,9,285183
29235,0.001671,172.31.36.0-255,66,107189,9,285183
29236,0.001723,74.125.130.0-255,6438,113627,9,285183
29237,0.001726,172.31.36.0-255,66,113693,9,285183
29238,0.001775,74.125.130.0-255,1484,115177,9,285183
29239,0.001792,74.125.130.0-255,2902,118079,9,285183
29240,0.001794,172.31.36.0-255,66,118145,9,285183
29241,0.001797,74.125.130.0-255,1484,119629,9,285183
29242,0.001815,74.125.130.0-255,4320,123949,9,285183
29243,0.001817,172.31.36.0-255,66,124015,9,285183
29244,0.001832,74.125.130.0-255,1484,125499,9,285183
29245,0.001856,74.125.130.0-255,5738,131237,9,285183
29246,0.001858,172.31.36.0-255,66,131303,9,285183
29247,0.00188,74.125.130.0-255,4320,135623,9,285183
29248,0.001882,172.31.36.0-255,66,135689,9,285183
29249,0.001887,74.125.130.0-255,4320,140009,9,285183
29250,0.001889,172.31.36.0-255,66,140075,9,285183
29251,0.001911,172.31.36.0-255,66,140141,9,285183
29252,0.002015,74.125.130.0-255,1484,141625,9,285183
29253,0.002018,74.125.130.0-255,1484,143109,9,285183
29254,0.002021,172.31.36.0-255,66,143175,9,285183
29255,0.002036,74.125.130.0-255,1484,144659,9,285183
29256,0.002039,74.125.130.0-255,1484,146143,9,285183
29257,0.002041,172.31.36.0-255,66,146209,9,285183
29258,0.002045,74.125.130.0-255,2902,149111,9,285183
29259,0.002047,172.31.36.0-255,66,149177,9,285183
29260,0.002049,74.125.130.0-255,1484,150661,9,285183
29261,0.002069,74.125.130.0-255,4320,154981,9,285183
29262,0.002071,172.31.36.0-255,66,155047,9,285183
29263,0.002076,74.125.130.0-255,2902,157949,9,285183
29264,0.002078,172.31.36.0-255,66,158015,9,285183
29265,0.002107,172.31.36.0-255,66,158081,9,285183
29266,0.002113,74.125.130.0-255,6438,164519,9,285183
29267,0.002115,172.31.36.0-255,66,164585,9,285183
29268,0.004311,74.125.130.0-255,1484,166069,9,285183
29269,0.004332,74.125.130.0-255,4320,170389,9,285183
29270,0.004335,172.31.36.0-255,66,170455,9,285183
29271,0.006544,74.125.130.0-255,5738,176193,9,285183
29272,0.006551,172.31.36.0-255,66,176259,9,285183
29273,0.008772,74.125.130.0-255,5738,181997,9,285183
29274,0.008778,172.31.36.0-255,66,182063,9,285183
29275,0.011174,74.125.130.0-255,5738,187801,9,285183
29276,0.011228,172.31.36.0-255,66,187867,9,285183
29277,0.01346,74.125.130.0-255,5738,193605,9,285183
29278,0.013467,172.31.36.0-255,66,193671,9,285183
29279,0.015673,74.125.130.0-255,5738,199409,9,285183
29280,0.01568,172.31.36.0-255,66,199475,9,285183
29281,0.0179,74.125.130.0-255,5738,205213,9,285183
29282,0.017908,172.31.36.0-255,66,205279,9,285183
29283,0.020109,74.125.130.0-255,5738,211017,9,285183
29284,0.020117,172.31.36.0-255,66,211083,9,285183
29285,0.022347,74.125.130.0-255,5738,216821,9,285183
29286,0.022354,172.31.36.0-255,66,216887,9,285183
29287,0.02457,74.125.130.0-255,5738,222625,9,285183
29288,0.024577,172.31.36.0-255,66,222691,9,285183
29289,0.02677,74.125.130.0-255,5738,228429,9,285183
29290,0.026778,172.31.36.0-255,66,228495,9,285183
29291,0.028988,74.125.130.0-255,4320,232815,9,285183
29292,0.028996,172.31.36.0-255,66,232881,9,285183
29293,0.029028,74.125.130.0-255,1484,234365,9,285183
29294,0.031212,74.125.130.0-255,4320,238685,9,285183
29295,0.031219,172.31.36.0-255,66,238751,9,285183
29296,0.033426,74.125.130.0-255,5738,244489,9,285183
29297,0.033435,172.31.36.0-255,66,244555,9,285183
29298,0.035636,74.125.130.0-255,5738,250293,9,285183
29299,0.035643,172.31.36.0-255,66,250359,9,285183
29300,0.037848,74.125.130.0-255,5738,256097,9,285183
29301,0.037855,172.31.36.0-255,66,256163,9,285183
29302,0.040088,74.125.130.0-255,5738,261901,9,285183
29303,0.040094,172.31.36.0-255,66,261967,9,285183
29304,0.042296,74.125.130.0-255,5738,267705,9,285183
29305,0.042304,172.31.36.0-255,66,267771,9,285183
29306,0.04451,74.125.130.0-255,5738,273509,9,285183
29307,0.044518,172.31.36.0-255,66,273575,9,285183
29308,0.046756,74.125.130.0-255,5738,279313,9,285183
29309,0.046763,172.31.36.0-255,66,279379,9,285183
29310,0.048968,74.125.130.0-255,5738,285117,9,285183
29311,0.048975,172.31.36.0-255,66,285183,9,285183
29312,0.0,172.217.194.0-255,152,152,9,228149
29313,3.4e-05,172.31.36.0-255,66,218,9,228149
29314,4.2e-05,172.217.194.0-255,1484,1702,9,228149
29315,4.6e-05,172.31.36.0-255,66,1768,9,228149
29316,5.1e-05,172.217.194.0-255,2902,4670,9,228149
29317,5.4e-05,172.31.36.0-255,66,4736,9,228149
29318,6e-05,172.217.194.0-255,5738,10474,9,228149
29319,6.3e-05,172.31.36.0-255,66,10540,9,228149
29320,0.000107,172.31.36.0-255,66,10606,9,228149
29321,0.000114,172.217.194.0-255,6797,17403,9,228149
29322,0.000117,172.31.36.0-255,66,17469,9,228149
29323,0.000266,172.217.194.0-255,1484,18953,9,228149
29324,0.00027,172.31.36.0-255,66,19019,9,228149
29325,0.000275,172.217.194.0-255,1484,20503,9,228149
29326,0.000278,172.31.36.0-255,66,20569,9,228149
29327,0.000291,172.217.194.0-255,1484,22053,9,228149
29328,0.000293,172.31.36.0-255,66,22119,9,228149
29329,0.000296,172.217.194.0-255,1484,23603,9,228149
29330,0.000298,172.31.36.0-255,66,23669,9,228149
29331,0.000314,172.217.194.0-255,4320,27989,9,228149
29332,0.000318,172.31.36.0-255,66,28055,9,228149
29333,0.000341,172.217.194.0-255,2902,30957,9,228149
29334,0.000344,172.31.36.0-255,66,31023,9,228149
29335,0.000365,172.31.36.0-255,66,31089,9,228149
29336,0.000371,172.217.194.0-255,5738,36827,9,228149
29337,0.000374,172.31.36.0-255,66,36893,9,228149
29338,0.000413,172.217.194.0-255,7086,43979,9,228149
29339,0.000417,172.31.36.0-255,66,44045,9,228149
29340,0.00042,172.217.194.0-255,101,44146,9,228149
29341,0.000423,172.31.36.0-255,66,44212,9,228149
29342,0.000541,172.217.194.0-255,1484,45696,9,228149
29343,0.000546,172.217.194.0-255,1484,47180,9,228149
29344,0.000549,172.31.36.0-255,66,47246,9,228149
29345,0.000569,172.217.194.0-255,1484,48730,9,228149
29346,0.000576,172.217.194.0-255,5738,54468,9,228149
29347,0.00058,172.31.36.0-255,66,54534,9,228149
29348,0.000607,172.31.36.0-255,66,54600,9,228149
29349,0.000628,172.217.194.0-255,4320,58920,9,228149
29350,0.000631,172.31.36.0-255,66,58986,9,228149
29351,0.000637,172.217.194.0-255,5738,64724,9,228149
29352,0.00064,172.31.36.0-255,66,64790,9,228149
29353,0.000673,172.217.194.0-255,5020,69810,9,228149
29354,0.000677,172.31.36.0-255,66,69876,9,228149
29355,0.000712,172.217.194.0-255,5738,75614,9,228149
29356,0.000715,172.31.36.0-255,66,75680,9,228149
29357,0.00072,172.217.194.0-255,2902,78582,9,228149
29358,0.000722,172.31.36.0-255,66,78648,9,228149
29359,0.000746,172.217.194.0-255,4320,82968,9,228149
29360,0.00075,172.31.36.0-255,66,83034,9,228149
29361,0.000764,172.31.36.0-255,66,83100,9,228149
29362,0.00077,172.217.194.0-255,6438,89538,9,228149
29363,0.000772,172.31.36.0-255,66,89604,9,228149
29364,0.00084,172.217.194.0-255,1484,91088,9,228149
29365,0.000845,172.217.194.0-255,2902,93990,9,228149
29366,0.000848,172.31.36.0-255,66,94056,9,228149
29367,0.000854,172.217.194.0-255,5738,99794,9,228149
29368,0.000857,172.31.36.0-255,66,99860,9,228149
29369,0.000863,172.217.194.0-255,5738,105598,9,228149
29370,0.000865,172.31.36.0-255,66,105664,9,228149
29371,0.000881,172.217.194.0-255,2902,108566,9,228149
29372,0.000885,172.31.36.0-255,66,108632,9,228149
29373,0.000922,172.31.36.0-255,66,108698,9,228149
29374,0.000928,172.217.194.0-255,5020,113718,9,228149
29375,0.00093,172.31.36.0-255,66,113784,9,228149
29376,0.000967,172.217.194.0-255,1484,115268,9,228149
29377,0.000972,172.217.194.0-255,2902,118170,9,228149
29378,0.000975,172.31.36.0-255,66,118236,9,228149
29379,0.000978,172.217.194.0-255,1484,119720,9,228149
29380,0.000998,172.217.194.0-255,4320,124040,9,228149
29381,0.001001,172.31.36.0-255,66,124106,9,228149
29382,0.001047,172.31.36.0-255,66,124172,9,228149
29383,0.001067,172.217.194.0-255,4320,128492,9,228149
29384,0.00107,172.31.36.0-255,66,128558,9,228149
29385,0.001077,172.217.194.0-255,7156,135714,9,228149
29386,0.001079,172.31.36.0-255,66,135780,9,228149
29387,0.001099,172.31.36.0-255,66,135846,9,228149
29388,0.001104,172.217.194.0-255,4320,140166,9,228149
29389,0.001107,172.31.36.0-255,66,140232,9,228149
29390,0.001128,172.217.194.0-255,7156,147388,9,228149
29391,0.001132,172.31.36.0-255,66,147454,9,228149
29392,0.001138,172.217.194.0-255,3602,151056,9,228149
29393,0.00114,172.31.36.0-255,66,151122,9,228149
29394,0.001164,172.217.194.0-255,4320,155442,9,228149
29395,0.001167,172.31.36.0-255,66,155508,9,228149
29396,0.00117,172.217.194.0-255,1484,156992,9,228149
29397,0.001189,172.217.194.0-255,7156,164148,9,228149
29398,0.001192,172.31.36.0-255,66,164214,9,228149
29399,0.001236,172.31.36.0-255,66,164280,9,228149
29400,0.001243,172.217.194.0-255,7156,171436,9,228149
29401,0.001246,172.31.36.0-255,66,171502,9,228149
29402,0.001263,172.217.194.0-255,3318,174820,9,228149
29403,0.001269,172.31.36.0-255,66,174886,9,228149
29404,0.001276,172.31.36.0-255,66,174952,9,228149
29405,0.001309,172.31.36.0-255,66,175018,9,228149
29406,0.001327,172.217.194.0-255,6438,181456,9,228149
29407,0.001334,172.31.36.0-255,66,181522,9,228149
29408,0.001379,172.217.194.0-255,1484,183006,9,228149
29409,0.001401,172.217.194.0-255,2902,185908,9,228149
29410,0.001405,172.31.36.0-255,66,185974,9,228149
29411,0.001409,172.217.194.0-255,1484,187458,9,228149
29412,0.001433,172.217.194.0-255,4320,191778,9,228149
29413,0.001437,172.31.36.0-255,66,191844,9,228149
29414,0.001455,172.31.36.0-255,66,191910,9,228149
29415,0.001493,172.31.36.0-255,66,191976,9,228149
29416,0.001504,172.217.194.0-255,5020,196996,9,228149
29417,0.001509,172.31.36.0-255,66,197062,9,228149
29418,0.001629,172.217.194.0-255,1484,198546,9,228149
29419,0.001635,172.217.194.0-255,2902,201448,9,228149
29420,0.001638,172.31.36.0-255,66,201514,9,228149
29421,0.001661,172.217.194.0-255,5738,207252,9,228149
29422,0.001675,172.31.36.0-255,66,207318,9,228149
29423,0.00168,172.217.194.0-255,4320,211638,9,228149
29424,0.001689,172.31.36.0-255,66,211704,9,228149
29425,0.001709,172.31.36.0-255,66,211770,9,228149
29426,0.00171,172.217.194.0-255,7156,218926,9,228149
29427,0.001713,172.31.36.0-255,66,218992,9,228149
29428,0.001778,172.217.194.0-255,4320,223312,9,228149
29429,0.001782,172.31.36.0-255,66,223378,9,228149
29430,0.001827,172.31.36.0-255,66,223444,9,228149
29431,0.001847,172.217.194.0-255,105,223549,9,228149
29432,0.001851,172.31.36.0-255,66,223615,9,228149
29433,0.003715,172.31.36.0-255,105,223720,9,228149
29434,0.006368,172.217.194.0-255,66,223786,9,228149
29435,0.046695,172.31.36.0-255,176,223962,9,228149
29436,0.046728,172.31.36.0-255,1116,225078,9,228149
29437,0.046797,172.31.36.0-255,1514,226592,9,228149
29438,0.046798,172.31.36.0-255,1359,227951,9,228149
29439,0.04826,104.244.42.0-255,66,228017,9,228149
29440,0.048298,104.244.42.0-255,66,228083,9,228149
29441,0.048347,104.244.42.0-255,66,228149,9,228149
29442,0.0,74.125.68.0-255,152,152,9,261890
29443,3.5e-05,172.31.36.0-255,66,218,9,261890
29444,4.2e-05,74.125.68.0-255,1484,1702,9,261890
29445,4.6e-05,172.31.36.0-255,66,1768,9,261890
29446,5.1e-05,74.125.68.0-255,2902,4670,9,261890
29447,5.4e-05,172.31.36.0-255,66,4736,9,261890
29448,7.2e-05,74.125.68.0-255,5738,10474,9,261890
29449,7.5e-05,172.31.36.0-255,66,10540,9,261890
29450,0.000103,74.125.68.0-255,3445,13985,9,261890
29451,0.000105,172.31.36.0-255,66,14051,9,261890
29452,0.000141,74.125.68.0-255,1484,15535,9,261890
29453,0.000145,172.31.36.0-255,66,15601,9,261890
29454,0.00016,74.125.68.0-255,2902,18503,9,261890
29455,0.000162,172.31.36.0-255,66,18569,9,261890
29456,0.00019,74.125.68.0-255,5738,24307,9,261890
29457,0.000193,172.31.36.0-255,66,24373,9,261890
29458,0.000206,74.125.68.0-255,2902,27275,9,261890
29459,0.000209,172.31.36.0-255,66,27341,9,261890
29460,0.000224,74.125.68.0-255,1484,28825,9,261890
29461,0.000227,172.31.36.0-255,66,28891,9,261890
29462,0.00025,74.125.68.0-255,2543,31434,9,261890
29463,0.000253,172.31.36.0-255,66,31500,9,261890
29464,0.000457,74.125.68.0-255,1484,32984,9,261890
29465,0.000461,172.31.36.0-255,66,33050,9,261890
29466,0.000478,74.125.68.0-255,2902,35952,9,261890
29467,0.000481,172.31.36.0-255,66,36018,9,261890
29468,0.000484,74.125.68.0-255,1484,37502,9,261890
29469,0.000486,172.31.36.0-255,66,37568,9,261890
29470,0.000491,74.125.68.0-255,2902,40470,9,261890
29471,0.000494,172.31.36.0-255,66,40536,9,261890
29472,0.000525,74.125.68.0-255,5738,46274,9,261890
29473,0.000529,172.31.36.0-255,66,46340,9,261890
29474,0.000562,74.125.68.0-255,4320,50660,9,261890
29475,0.000565,172.31.36.0-255,66,50726,9,261890
29476,0.000584,74.125.68.0-255,2543,53269,9,261890
29477,0.000587,172.31.36.0-255,66,53335,9,261890
29478,0.000602,74.125.68.0-255,1484,54819,9,261890
29479,0.000617,74.125.68.0-255,5738,60557,9,261890
29480,0.00062,172.31.36.0-255,66,60623,9,261890
29481,0.000665,74.125.68.0-255,5379,66002,9,261890
29482,0.000668,172.31.36.0-255,66,66068,9,261890
29483,0.001379,74.125.68.0-255,647,66715,9,261890
29484,0.001466,74.125.68.0-255,1484,68199,9,261890
29485,0.001471,172.31.36.0-255,66,68265,9,261890
29486,0.00149,74.125.68.0-255,2902,71167,9,261890
29487,0.001492,172.31.36.0-255,66,71233,9,261890
29488,0.001515,74.125.68.0-255,5738,76971,9,261890
29489,0.001518,172.31.36.0-255,66,77037,9,261890
29490,0.001545,74.125.68.0-255,7156,84193,9,261890
29491,0.001548,172.31.36.0-255,66,84259,9,261890
29492,0.001587,74.125.68.0-255,2902,87161,9,261890
29493,0.001589,172.31.36.0-255,66,87227,9,261890
29494,0.00162,172.31.36.0-255,66,87293,9,261890
29495,0.001688,74.125.68.0-255,3602,90895,9,261890
29496,0.001691,172.31.36.0-255,66,90961,9,261890
29497,0.001738,74.125.68.0-255,1484,92445,9,261890
29498,0.001754,74.125.68.0-255,1484,93929,9,261890
29499,0.001756,172.31.36.0-255,66,93995,9,261890
29500,0.001774,74.125.68.0-255,1484,95479,9,261890
29501,0.001779,74.125.68.0-255,4320,99799,9,261890
29502,0.001781,172.31.36.0-255,66,99865,9,261890
29503,0.001786,74.125.68.0-255,4320,104185,9,261890
29504,0.001788,172.31.36.0-255,66,104251,9,261890
29505,0.001808,74.125.68.0-255,4320,108571,9,261890
29506,0.00181,172.31.36.0-255,66,108637,9,261890
29507,0.001854,74.125.68.0-255,2902,111539,9,261890
29508,0.001856,172.31.36.0-255,66,111605,9,261890
29509,0.001875,74.125.68.0-255,4320,115925,9,261890
29510,0.001877,172.31.36.0-255,66,115991,9,261890
29511,0.001914,74.125.68.0-255,4320,120311,9,261890
29512,0.001917,172.31.36.0-255,66,120377,9,261890
29513,0.001929,74.125.68.0-255,4320,124697,9,261890
29514,0.001931,172.31.36.0-255,66,124763,9,261890
29515,0.001959,74.125.68.0-255,766,125529,9,261890
29516,0.002102,74.125.68.0-255,1484,127013,9,261890
29517,0.002104,172.31.36.0-255,66,127079,9,261890
29518,0.002117,74.125.68.0-255,2902,129981,9,261890
29519,0.002119,172.31.36.0-255,66,130047,9,261890
29520,0.002141,74.125.68.0-255,5738,135785,9,261890
29521,0.002144,172.31.36.0-255,66,135851,9,261890
29522,0.002167,74.125.68.0-255,2902,138753,9,261890
29523,0.002169,172.31.36.0-255,66,138819,9,261890
29524,0.002183,74.125.68.0-255,4320,143139,9,261890
29525,0.002185,172.31.36.0-255,66,143205,9,261890
29526,0.002228,74.125.68.0-255,1484,144689,9,261890
29527,0.002255,74.125.68.0-255,7156,151845,9,261890
29528,0.002258,172.31.36.0-255,66,151911,9,261890
29529,0.002293,74.125.68.0-255,4320,156231,9,261890
29530,0.002296,172.31.36.0-255,66,156297,9,261890
29531,0.002313,74.125.68.0-255,3602,159899,9,261890
29532,0.002315,172.31.36.0-255,66,159965,9,261890
29533,0.002357,74.125.68.0-255,2902,162867,9,261890
29534,0.002359,172.31.36.0-255,66,162933,9,261890
29535,0.002397,172.31.36.0-255,66,162999,9,261890
29536,0.00247,74.125.68.0-255,1484,164483,9,261890
29537,0.002495,74.125.68.0-255,7156,171639,9,261890
29538,0.002498,172.31.36.0-255,66,171705,9,261890
29539,0.002529,74.125.68.0-255,1484,173189,9,261890
29540,0.002532,74.125.68.0-255,1484,174673,9,261890
29541,0.002533,172.31.36.0-255,66,174739,9,261890
29542,0.002543,74.125.68.0-255,1484,176223,9,261890
29543,0.002591,74.125.68.0-255,5020,181243,9,261890
29544,0.002593,172.31.36.0-255,66,181309,9,261890
29545,0.002607,172.31.36.0-255,66,181375,9,261890
29546,0.002678,74.125.68.0-255,1484,182859,9,261890
29547,0.002692,74.125.68.0-255,5738,188597,9,261890
29548,0.002694,172.31.36.0-255,66,188663,9,261890
29549,0.002713,172.31.36.0-255,66,188729,9,261890
29550,0.002783,74.125.68.0-255,3602,192331,9,261890
29551,0.002785,172.31.36.0-255,66,192397,9,261890
29552,0.002807,74.125.68.0-255,4320,196717,9,261890
29553,0.002809,172.31.36.0-255,66,196783,9,261890
29554,0.002821,74.125.68.0-255,1484,198267,9,261890
29555,0.002838,74.125.68.0-255,1484,199751,9,261890
29556,0.00284,172.31.36.0-255,66,199817,9,261890
29557,0.002872,74.125.68.0-255,5738,205555,9,261890
29558,0.002876,172.31.36.0-255,66,205621,9,261890
29559,0.002906,172.31.36.0-255,66,205687,9,261890
29560,0.002922,74.125.68.0-255,2902,208589,9,261890
29561,0.002925,172.31.36.0-255,66,208655,9,261890
29562,0.002996,74.125.68.0-255,2184,210839,9,261890
29563,0.003,74.125.68.0-255,1484,212323,9,261890
29564,0.003015,74.125.68.0-255,1484,213807,9,261890
29565,0.00303,74.125.68.0-255,1484,215291,9,261890
29566,0.003037,74.125.68.0-255,5738,221029,9,261890
29567,0.003056,74.125.68.0-255,4320,225349,9,261890
29568,0.003087,74.125.68.0-255,4320,229669,9,261890
29569,0.003128,74.125.68.0-255,1484,231153,9,261890
29570,0.003287,74.125.68.0-255,5738,236891,9,261890
29571,0.003296,172.31.36.0-255,66,236957,9,261890
29572,0.003306,74.125.68.0-255,2902,239859,9,261890
29573,0.003332,172.31.36.0-255,66,239925,9,261890
29574,0.003344,74.125.68.0-255,4320,244245,9,261890
29575,0.003352,172.31.36.0-255,66,244311,9,261890
29576,0.00338,172.31.36.0-255,66,244377,9,261890
29577,0.003416,74.125.68.0-255,1484,245861,9,261890
29578,0.003436,74.125.68.0-255,4320,250181,9,261890
29579,0.003449,172.31.36.0-255,66,250247,9,261890
29580,0.003473,172.31.36.0-255,66,250313,9,261890
29581,0.003483,74.125.68.0-255,1484,251797,9,261890
29582,0.003563,74.125.68.0-255,4320,256117,9,261890
29583,0.003568,172.31.36.0-255,66,256183,9,261890
29584,0.003604,172.31.36.0-255,66,256249,9,261890
29585,0.003693,172.31.36.0-255,66,256315,9,261890
29586,0.003695,74.125.68.0-255,2884,259199,9,261890
29587,0.00371,172.31.36.0-255,66,259265,9,261890
29588,0.003863,172.31.36.0-255,66,259331,9,261890
29589,0.003904,74.125.68.0-255,2050,261381,9,261890
29590,0.00391,172.31.36.0-255,66,261447,9,261890
29591,0.003914,74.125.68.0-255,105,261552,9,261890
29592,0.004028,172.31.36.0-255,101,261653,9,261890
29593,0.005957,172.31.36.0-255,105,261758,9,261890
29594,0.006261,74.125.68.0-255,66,261824,9,261890
29595,0.008161,74.125.68.0-255,66,261890,9,261890
29596,0.0,74.125.24.0-255,297,297,9,245248
29597,3.1e-05,172.31.36.0-255,66,363,9,245248
29598,3.8e-05,74.125.24.0-255,1484,1847,9,245248
29599,4.2e-05,172.31.36.0-255,66,1913,9,245248
29600,4.9e-05,74.125.24.0-255,4320,6233,9,245248
29601,5.2e-05,172.31.36.0-255,66,6299,9,245248
29602,6.2e-05,172.31.36.0-255,66,6365,9,245248
29603,0.000102,74.125.24.0-255,2902,9267,9,245248
29604,0.000105,172.31.36.0-255,66,9333,9,245248
29605,0.000111,74.125.24.0-255,2902,12235,9,245248
29606,0.000113,172.31.36.0-255,66,12301,9,245248
29607,0.00013,74.125.24.0-255,1484,13785,9,245248
29608,0.000133,172.31.36.0-255,66,13851,9,245248
29609,0.000144,172.31.36.0-255,66,13917,9,245248
29610,0.000148,74.125.24.0-255,1125,15042,9,245248
29611,0.000149,172.31.36.0-255,66,15108,9,245248
29612,0.000266,74.125.24.0-255,1484,16592,9,245248
29613,0.000271,172.31.36.0-255,66,16658,9,245248
29614,0.000274,74.125.24.0-255,1484,18142,9,245248
29615,0.000277,172.31.36.0-255,66,18208,9,245248
29616,0.000289,74.125.24.0-255,1484,19692,9,245248
29617,0.000291,172.31.36.0-255,66,19758,9,245248
29618,0.000299,74.125.24.0-255,5738,25496,9,245248
29619,0.000301,172.31.36.0-255,66,25562,9,245248
29620,0.000325,74.125.24.0-255,2902,28464,9,245248
29621,0.000331,172.31.36.0-255,66,28530,9,245248
29622,0.000338,74.125.24.0-255,3961,32491,9,245248
29623,0.000341,172.31.36.0-255,66,32557,9,245248
29624,0.000345,74.125.24.0-255,2902,35459,9,245248
29625,0.000347,172.31.36.0-255,66,35525,9,245248
29626,0.000369,74.125.24.0-255,2902,38427,9,245248
29627,0.000372,172.31.36.0-255,66,38493,9,245248
29628,0.000379,74.125.24.0-255,7156,45649,9,245248
29629,0.000389,172.31.36.0-255,66,45715,9,245248
29630,0.000405,74.125.24.0-255,3961,49676,9,245248
29631,0.000418,172.31.36.0-255,66,49742,9,245248
29632,0.000432,74.125.24.0-255,411,50153,9,245248
29633,0.00084,172.31.36.0-255,66,50219,9,245248
29634,0.000882,74.125.24.0-255,333,50552,9,245248
29635,0.000907,172.31.36.0-255,66,50618,9,245248
29636,0.001375,74.125.24.0-255,1484,52102,9,245248
29637,0.001386,74.125.24.0-255,2902,55004,9,245248
29638,0.001391,172.31.36.0-255,66,55070,9,245248
29639,0.001399,74.125.24.0-255,5738,60808,9,245248
29640,0.001402,172.31.36.0-255,66,60874,9,245248
29641,0.001444,172.31.36.0-255,66,60940,9,245248
29642,0.001469,74.125.24.0-255,5738,66678,9,245248
29643,0.001472,172.31.36.0-255,66,66744,9,245248
29644,0.001489,74.125.24.0-255,5020,71764,9,245248
29645,0.001685,74.125.24.0-255,1484,73248,9,245248
29646,0.001691,74.125.24.0-255,1484,74732,9,245248
29647,0.001713,74.125.24.0-255,1484,76216,9,245248
29648,0.001721,74.125.24.0-255,5738,81954,9,245248
29649,0.001726,74.125.24.0-255,5738,87692,9,245248
29650,0.001763,74.125.24.0-255,2902,90594,9,245248
29651,0.00178,74.125.24.0-255,2184,92778,9,245248
29652,0.001845,74.125.24.0-255,1484,94262,9,245248
29653,0.001878,74.125.24.0-255,1484,95746,9,245248
29654,0.0019,74.125.24.0-255,1484,97230,9,245248
29655,0.001907,74.125.24.0-255,5738,102968,9,245248
29656,0.00204,74.125.24.0-255,1484,104452,9,245248
29657,0.002061,74.125.24.0-255,2902,107354,9,245248
29658,0.002067,74.125.24.0-255,2902,110256,9,245248
29659,0.002091,74.125.24.0-255,7156,117412,9,245248
29660,0.00487,172.31.36.0-255,66,117478,9,245248
29661,0.006977,74.125.24.0-255,5738,123216,9,245248
29662,0.006983,172.31.36.0-255,66,123282,9,245248
29663,0.009076,74.125.24.0-255,5738,129020,9,245248
29664,0.009082,172.31.36.0-255,66,129086,9,245248
29665,0.011155,74.125.24.0-255,5738,134824,9,245248
29666,0.011165,172.31.36.0-255,66,134890,9,245248
29667,0.01331,74.125.24.0-255,5738,140628,9,245248
29668,0.013318,172.31.36.0-255,66,140694,9,245248
29669,0.015401,74.125.24.0-255,5738,146432,9,245248
29670,0.015408,172.31.36.0-255,66,146498,9,245248
29671,0.017481,74.125.24.0-255,5738,152236,9,245248
29672,0.017488,172.31.36.0-255,66,152302,9,245248
29673,0.019569,74.125.24.0-255,5738,158040,9,245248
29674,0.019576,172.31.36.0-255,66,158106,9,245248
29675,0.021654,74.125.24.0-255,5738,163844,9,245248
29676,0.021661,172.31.36.0-255,66,163910,9,245248
29677,0.023798,74.125.24.0-255,5738,169648,9,245248
29678,0.023804,172.31.36.0-255,66,169714,9,245248
29679,0.025892,74.125.24.0-255,5738,175452,9,245248
29680,0.025899,172.31.36.0-255,66,175518,9,245248
29681,0.02797,74.125.24.0-255,5738,181256,9,245248
29682,0.027978,172.31.36.0-255,66,181322,9,245248
29683,0.030051,74.125.24.0-255,5738,187060,9,245248
29684,0.030058,172.31.36.0-255,66,187126,9,245248
29685,0.032144,74.125.24.0-255,5738,192864,9,245248
29686,0.032151,172.31.36.0-255,66,192930,9,245248
29687,0.034222,74.125.24.0-255,5738,198668,9,245248
29688,0.034229,172.31.36.0-255,66,198734,9,245248
29689,0.036289,74.125.24.0-255,5738,204472,9,245248
29690,0.036296,172.31.36.0-255,66,204538,9,245248
29691,0.038384,74.125.24.0-255,5738,210276,9,245248
29692,0.038392,172.31.36.0-255,66,210342,9,245248
29693,0.04047,74.125.24.0-255,5738,216080,9,245248
29694,0.040481,172.31.36.0-255,66,216146,9,245248
29695,0.042545,74.125.24.0-255,5738,221884,9,245248
29696,0.042552,172.31.36.0-255,66,221950,9,245248
29697,0.044632,74.125.24.0-255,5738,227688,9,245248
29698,0.04464,172.31.36.0-255,66,227754,9,245248
29699,0.046711,74.125.24.0-255,5738,233492,9,245248
29700,0.046719,172.31.36.0-255,66,233558,9,245248
29701,0.047369,172.31.36.0-255,172,233730,9,245248
29702,0.047413,172.31.36.0-255,1118,234848,9,245248
29703,0.047488,172.31.36.0-255,1514,236362,9,245248
29704,0.04749,172.31.36.0-255,1514,237876,9,245248
29705,0.047491,172.31.36.0-255,1130,239006,9,245248
29706,0.048787,74.125.24.0-255,5738,244744,9,245248
29707,0.048794,172.31.36.0-255,66,244810,9,245248
29708,0.048888,104.244.42.0-255,66,244876,9,245248
29709,0.048985,104.244.42.0-255,66,244942,9,245248
29710,0.049034,104.244.42.0-255,66,245008,9,245248
29711,0.049039,104.244.42.0-255,66,245074,9,245248
29712,0.049633,104.244.42.0-255,108,245182,9,245248
29713,0.049657,172.31.36.0-255,66,245248,9,245248
29714,0.0,74.125.24.0-255,152,152,9,257086
29715,2.8e-05,172.31.36.0-255,66,218,9,257086
29716,3.5e-05,74.125.24.0-255,1484,1702,9,257086
29717,4e-05,172.31.36.0-255,66,1768,9,257086
29718,4.6e-05,74.125.24.0-255,2902,4670,9,257086
29719,4.9e-05,172.31.36.0-255,66,4736,9,257086
29720,5.4e-05,74.125.24.0-255,4320,9056,9,257086
29721,5.7e-05,172.31.36.0-255,66,9122,9,257086
29722,9.3e-05,172.31.36.0-255,66,9188,9,257086
29723,9.6e-05,74.125.24.0-255,1484,10672,9,257086
29724,9.8e-05,172.31.36.0-255,66,10738,9,257086
29725,0.000128,172.31.36.0-255,66,10804,9,257086
29726,0.00017,74.125.24.0-255,1484,12288,9,257086
29727,0.000174,172.31.36.0-255,66,12354,9,257086
29728,0.00018,74.125.24.0-255,2902,15256,9,257086
29729,0.000182,172.31.36.0-255,66,15322,9,257086
29730,0.00021,74.125.24.0-255,5738,21060,9,257086
29731,0.000214,172.31.36.0-255,66,21126,9,257086
29732,0.000221,74.125.24.0-255,6797,27923,9,257086
29733,0.000223,172.31.36.0-255,66,27989,9,257086
29734,0.000324,74.125.24.0-255,1484,29473,9,257086
29735,0.000329,172.31.36.0-255,66,29539,9,257086
29736,0.000335,74.125.24.0-255,2902,32441,9,257086
29737,0.000337,172.31.36.0-255,66,32507,9,257086
29738,0.000343,74.125.24.0-255,4320,36827,9,257086
29739,0.000345,172.31.36.0-255,66,36893,9,257086
29740,0.000368,74.125.24.0-255,1484,38377,9,257086
29741,0.000371,172.31.36.0-255,66,38443,9,257086
29742,0.000377,74.125.24.0-255,4320,42763,9,257086
29743,0.000379,172.31.36.0-255,66,42829,9,257086
29744,0.000403,74.125.24.0-255,2543,45372,9,257086
29745,0.000406,172.31.36.0-255,66,45438,9,257086
29746,0.000462,74.125.24.0-255,1484,46922,9,257086
29747,0.000468,74.125.24.0-255,2902,49824,9,257086
29748,0.000472,172.31.36.0-255,66,49890,9,257086
29749,0.000476,74.125.24.0-255,1484,51374,9,257086
29750,0.000491,74.125.24.0-255,4320,55694,9,257086
29751,0.000495,172.31.36.0-255,66,55760,9,257086
29752,0.000516,172.31.36.0-255,66,55826,9,257086
29753,0.000715,74.125.24.0-255,1484,57310,9,257086
29754,0.000721,74.125.24.0-255,2902,60212,9,257086
29755,0.000724,172.31.36.0-255,66,60278,9,257086
29756,0.000731,74.125.24.0-255,5738,66016,9,257086
29757,0.000733,172.31.36.0-255,66,66082,9,257086
29758,0.000771,172.31.36.0-255,66,66148,9,257086
29759,0.000778,74.125.24.0-255,7156,73304,9,257086
29760,0.000781,172.31.36.0-255,66,73370,9,257086
29761,0.00081,74.125.24.0-255,3037,76407,9,257086
29762,0.000813,172.31.36.0-255,66,76473,9,257086
29763,0.001012,74.125.24.0-255,1484,77957,9,257086
29764,0.001018,74.125.24.0-255,2902,80859,9,257086
29765,0.001021,172.31.36.0-255,66,80925,9,257086
29766,0.001025,74.125.24.0-255,2902,83827,9,257086
29767,0.001027,172.31.36.0-255,66,83893,9,257086
29768,0.001043,74.125.24.0-255,2902,86795,9,257086
29769,0.001046,172.31.36.0-255,66,86861,9,257086
29770,0.001053,74.125.24.0-255,5738,92599,9,257086
29771,0.001055,172.31.36.0-255,66,92665,9,257086
29772,0.001081,74.125.24.0-255,7156,99821,9,257086
29773,0.001084,172.31.36.0-255,66,99887,9,257086
29774,0.001096,172.31.36.0-255,66,99953,9,257086
29775,0.001133,74.125.24.0-255,4320,104273,9,257086
29776,0.001138,172.31.36.0-255,66,104339,9,257086
29777,0.001165,172.31.36.0-255,66,104405,9,257086
29778,0.001178,74.125.24.0-255,1484,105889,9,257086
29779,0.001191,74.125.24.0-255,1484,107373,9,257086
29780,0.001194,172.31.36.0-255,66,107439,9,257086
29781,0.001216,74.125.24.0-255,1484,108923,9,257086
29782,0.001222,74.125.24.0-255,5738,114661,9,257086
29783,0.001225,172.31.36.0-255,66,114727,9,257086
29784,0.001228,74.125.24.0-255,1484,116211,9,257086
29785,0.001233,74.125.24.0-255,4320,120531,9,257086
29786,0.001235,172.31.36.0-255,66,120597,9,257086
29787,0.001256,74.125.24.0-255,4320,124917,9,257086
29788,0.001261,172.31.36.0-255,66,124983,9,257086
29789,0.001298,172.31.36.0-255,66,125049,9,257086
29790,0.001441,74.125.24.0-255,1484,126533,9,257086
29791,0.001447,74.125.24.0-255,2902,129435,9,257086
29792,0.00145,172.31.36.0-255,66,129501,9,257086
29793,0.001457,74.125.24.0-255,4320,133821,9,257086
29794,0.00146,172.31.36.0-255,66,133887,9,257086
29795,0.001469,74.125.24.0-255,1484,135371,9,257086
29796,0.001475,74.125.24.0-255,5738,141109,9,257086
29797,0.001477,172.31.36.0-255,66,141175,9,257086
29798,0.001518,172.31.36.0-255,66,141241,9,257086
29799,0.001523,74.125.24.0-255,4320,145561,9,257086
29800,0.001525,172.31.36.0-255,66,145627,9,257086
29801,0.001543,74.125.24.0-255,766,146393,9,257086
29802,0.001753,74.125.24.0-255,1484,147877,9,257086
29803,0.001757,172.31.36.0-255,66,147943,9,257086
29804,0.001762,74.125.24.0-255,2902,150845,9,257086
29805,0.001764,172.31.36.0-255,66,150911,9,257086
29806,0.001775,74.125.24.0-255,1484,152395,9,257086
29807,0.001787,74.125.24.0-255,1484,153879,9,257086
29808,0.001789,172.31.36.0-255,66,153945,9,257086
29809,0.001794,74.125.24.0-255,4320,158265,9,257086
29810,0.001796,172.31.36.0-255,66,158331,9,257086
29811,0.001799,74.125.24.0-255,1484,159815,9,257086
29812,0.001819,74.125.24.0-255,4320,164135,9,257086
29813,0.001822,172.31.36.0-255,66,164201,9,257086
29814,0.001849,74.125.24.0-255,2902,167103,9,257086
29815,0.001853,172.31.36.0-255,66,167169,9,257086
29816,0.001866,172.31.36.0-255,66,167235,9,257086
29817,0.00192,74.125.24.0-255,2184,169419,9,257086
29818,0.001924,172.31.36.0-255,66,169485,9,257086
29819,0.001928,74.125.24.0-255,2902,172387,9,257086
29820,0.00193,172.31.36.0-255,66,172453,9,257086
29821,0.001937,74.125.24.0-255,7156,179609,9,257086
29822,0.00194,172.31.36.0-255,66,179675,9,257086
29823,0.001954,172.31.36.0-255,66,179741,9,257086
29824,0.001961,74.125.24.0-255,5738,185479,9,257086
29825,0.001963,172.31.36.0-255,66,185545,9,257086
29826,0.001985,74.125.24.0-255,6438,191983,9,257086
29827,0.001988,172.31.36.0-255,66,192049,9,257086
29828,0.001993,74.125.24.0-255,2902,194951,9,257086
29829,0.001994,172.31.36.0-255,66,195017,9,257086
29830,0.002029,172.31.36.0-255,66,195083,9,257086
29831,0.002052,74.125.24.0-255,4320,199403,9,257086
29832,0.002057,172.31.36.0-255,66,199469,9,257086
29833,0.002068,172.31.36.0-255,66,199535,9,257086
29834,0.002071,74.125.24.0-255,1484,201019,9,257086
29835,0.002094,74.125.24.0-255,3602,204621,9,257086
29836,0.002098,172.31.36.0-255,66,204687,9,257086
29837,0.002129,74.125.24.0-255,1484,206171,9,257086
29838,0.002134,74.125.24.0-255,2902,209073,9,257086
29839,0.002137,172.31.36.0-255,66,209139,9,257086
29840,0.002144,74.125.24.0-255,5738,214877,9,257086
29841,0.002147,172.31.36.0-255,66,214943,9,257086
29842,0.002183,172.31.36.0-255,66,215009,9,257086
29843,0.002196,172.31.36.0-255,66,215075,9,257086
29844,0.002215,74.125.24.0-255,766,215841,9,257086
29845,0.002241,74.125.24.0-255,1484,217325,9,257086
29846,0.002245,172.31.36.0-255,66,217391,9,257086
29847,0.002252,74.125.24.0-255,4320,221711,9,257086
29848,0.002256,172.31.36.0-255,66,221777,9,257086
29849,0.002259,74.125.24.0-255,1484,223261,9,257086
29850,0.002278,74.125.24.0-255,7156,230417,9,257086
29851,0.002282,172.31.36.0-255,66,230483,9,257086
29852,0.002304,74.125.24.0-255,1484,231967,9,257086
29853,0.002311,74.125.24.0-255,7156,239123,9,257086
29854,0.002315,172.31.36.0-255,66,239189,9,257086
29855,0.002318,74.125.24.0-255,1484,240673,9,257086
29856,0.002361,172.31.36.0-255,66,240739,9,257086
29857,0.002365,74.125.24.0-255,2902,243641,9,257086
29858,0.002368,172.31.36.0-255,66,243707,9,257086
29859,0.004709,74.125.24.0-255,3874,247581,9,257086
29860,0.004715,172.31.36.0-255,66,247647,9,257086
29861,0.009474,172.31.36.0-255,105,247752,9,257086
29862,0.011753,74.125.24.0-255,66,247818,9,257086
29863,0.032219,172.31.36.0-255,172,247990,9,257086
29864,0.032246,172.31.36.0-255,1115,249105,9,257086
29865,0.032312,172.31.36.0-255,1514,250619,9,257086
29866,0.032314,172.31.36.0-255,1514,252133,9,257086
29867,0.032315,172.31.36.0-255,1514,253647,9,257086
29868,0.032317,172.31.36.0-255,1514,255161,9,257086
29869,0.032345,172.31.36.0-255,1487,256648,9,257086
29870,0.03374,104.244.42.0-255,66,256714,9,257086
29871,0.033751,104.244.42.0-255,66,256780,9,257086
29872,0.033857,104.244.42.0-255,66,256846,9,257086
29873,0.034003,104.244.42.0-255,66,256912,9,257086
29874,0.03579,104.244.42.0-255,108,257020,9,257086
29875,0.035814,172.31.36.0-255,66,257086,9,257086
29876,0.0,74.125.24.0-255,152,152,9,195529
29877,3.4e-05,172.31.36.0-255,66,218,9,195529
29878,4.1e-05,74.125.24.0-255,1484,1702,9,195529
29879,4.5e-05,172.31.36.0-255,66,1768,9,195529
29880,5e-05,74.125.24.0-255,2902,4670,9,195529
29881,5.2e-05,172.31.36.0-255,66,4736,9,195529
29882,6e-05,74.125.24.0-255,7156,11892,9,195529
29883,6.3e-05,172.31.36.0-255,66,11958,9,195529
29884,6.6e-05,74.125.24.0-255,1484,13442,9,195529
29885,6.9e-05,172.31.36.0-255,66,13508,9,195529
29886,0.000114,172.31.36.0-255,66,13574,9,195529
29887,0.00012,74.125.24.0-255,2543,16117,9,195529
29888,0.000122,172.31.36.0-255,66,16183,9,195529
29889,0.000187,74.125.24.0-255,1484,17667,9,195529
29890,0.00019,172.31.36.0-255,66,17733,9,195529
29891,0.000195,74.125.24.0-255,2902,20635,9,195529
29892,0.000198,172.31.36.0-255,66,20701,9,195529
29893,0.000206,74.125.24.0-255,5738,26439,9,195529
29894,0.00021,172.31.36.0-255,66,26505,9,195529
29895,0.000246,172.31.36.0-255,66,26571,9,195529
29896,0.000267,74.125.24.0-255,2543,29114,9,195529
29897,0.000269,172.31.36.0-255,66,29180,9,195529
29898,0.000276,74.125.24.0-255,7156,36336,9,195529
29899,0.000279,172.31.36.0-255,66,36402,9,195529
29900,0.000294,74.125.24.0-255,2817,39219,9,195529
29901,0.000297,172.31.36.0-255,66,39285,9,195529
29902,0.00036,74.125.24.0-255,127,39412,9,195529
29903,0.000363,172.31.36.0-255,66,39478,9,195529
29904,0.000479,74.125.24.0-255,1484,40962,9,195529
29905,0.000483,74.125.24.0-255,2902,43864,9,195529
29906,0.000484,172.31.36.0-255,66,43930,9,195529
29907,0.000488,172.31.36.0-255,66,43996,9,195529
29908,0.00051,74.125.24.0-255,5738,49734,9,195529
29909,0.000513,172.31.36.0-255,66,49800,9,195529
29910,0.000548,74.125.24.0-255,5738,55538,9,195529
29911,0.000551,172.31.36.0-255,66,55604,9,195529
29912,0.000564,74.125.24.0-255,1125,56729,9,195529
29913,0.000573,74.125.24.0-255,7156,63885,9,195529
29914,0.000576,172.31.36.0-255,66,63951,9,195529
29915,0.000598,74.125.24.0-255,2902,66853,9,195529
29916,0.000601,172.31.36.0-255,66,66919,9,195529
29917,0.000625,74.125.24.0-255,7083,74002,9,195529
29918,0.00063,172.31.36.0-255,66,74068,9,195529
29919,0.000758,74.125.24.0-255,1484,75552,9,195529
29920,0.000761,74.125.24.0-255,1484,77036,9,195529
29921,0.000765,172.31.36.0-255,66,77102,9,195529
29922,0.00078,74.125.24.0-255,1484,78586,9,195529
29923,0.000786,74.125.24.0-255,5738,84324,9,195529
29924,0.000789,172.31.36.0-255,66,84390,9,195529
29925,0.000798,74.125.24.0-255,7156,91546,9,195529
29926,0.000801,172.31.36.0-255,66,91612,9,195529
29927,0.000822,74.125.24.0-255,5738,97350,9,195529
29928,0.000824,172.31.36.0-255,66,97416,9,195529
29929,0.000836,172.31.36.0-255,66,97482,9,195529
29930,0.000838,74.125.24.0-255,766,98248,9,195529
29931,0.001423,172.31.36.0-255,66,98314,9,195529
29932,0.001447,74.125.24.0-255,1484,99798,9,195529
29933,0.001454,74.125.24.0-255,2902,102700,9,195529
29934,0.001457,172.31.36.0-255,66,102766,9,195529
29935,0.00148,74.125.24.0-255,4320,107086,9,195529
29936,0.001482,172.31.36.0-255,66,107152,9,195529
29937,0.001488,74.125.24.0-255,5738,112890,9,195529
29938,0.00149,172.31.36.0-255,66,112956,9,195529
29939,0.00153,172.31.36.0-255,66,113022,9,195529
29940,0.00154,172.31.36.0-255,66,113088,9,195529
29941,0.001612,74.125.24.0-255,5738,118826,9,195529
29942,0.001616,172.31.36.0-255,66,118892,9,195529
29943,0.001641,172.31.36.0-255,66,118958,9,195529
29944,0.001657,74.125.24.0-255,766,119724,9,195529
29945,0.001659,172.31.36.0-255,66,119790,9,195529
29946,0.001674,74.125.24.0-255,5738,125528,9,195529
29947,0.001677,172.31.36.0-255,66,125594,9,195529
29948,0.001717,172.31.36.0-255,66,125660,9,195529
29949,0.001719,74.125.24.0-255,5738,131398,9,195529
29950,0.001722,172.31.36.0-255,66,131464,9,195529
29951,0.001728,74.125.24.0-255,4320,135784,9,195529
29952,0.00173,172.31.36.0-255,66,135850,9,195529
29953,0.00175,74.125.24.0-255,3602,139452,9,195529
29954,0.001754,172.31.36.0-255,66,139518,9,195529
29955,0.001766,172.31.36.0-255,66,139584,9,195529
29956,0.001787,74.125.24.0-255,4320,143904,9,195529
29957,0.00179,172.31.36.0-255,66,143970,9,195529
29958,0.001829,172.31.36.0-255,66,144036,9,195529
29959,0.001836,74.125.24.0-255,6438,150474,9,195529
29960,0.001839,172.31.36.0-255,66,150540,9,195529
29961,0.001842,74.125.24.0-255,1484,152024,9,195529
29962,0.001847,74.125.24.0-255,2902,154926,9,195529
29963,0.001849,172.31.36.0-255,66,154992,9,195529
29964,0.001878,74.125.24.0-255,5738,160730,9,195529
29965,0.001883,172.31.36.0-255,66,160796,9,195529
29966,0.001887,74.125.24.0-255,2902,163698,9,195529
29967,0.00189,172.31.36.0-255,66,163764,9,195529
29968,0.001913,172.31.36.0-255,66,163830,9,195529
29969,0.001916,74.125.24.0-255,1484,165314,9,195529
29970,0.001947,172.31.36.0-255,101,165415,9,195529
29971,0.001955,172.31.36.0-255,66,165481,9,195529
29972,0.002003,172.31.36.0-255,66,165547,9,195529
29973,0.002015,172.31.36.0-255,66,165613,9,195529
29974,0.002056,74.125.24.0-255,4320,169933,9,195529
29975,0.002059,172.31.36.0-255,66,169999,9,195529
29976,0.002092,172.31.36.0-255,66,170065,9,195529
29977,0.002096,74.125.24.0-255,2902,172967,9,195529
29978,0.002098,172.31.36.0-255,66,173033,9,195529
29979,0.002123,74.125.24.0-255,4320,177353,9,195529
29980,0.002128,172.31.36.0-255,66,177419,9,195529
29981,0.002135,74.125.24.0-255,7156,184575,9,195529
29982,0.00214,172.31.36.0-255,66,184641,9,195529
29983,0.002147,74.125.24.0-255,1484,186125,9,195529
29984,0.002158,74.125.24.0-255,1484,187609,9,195529
29985,0.00216,172.31.36.0-255,66,187675,9,195529
29986,0.00219,172.31.36.0-255,66,187741,9,195529
29987,0.002234,74.125.24.0-255,2902,190643,9,195529
29988,0.002238,172.31.36.0-255,66,190709,9,195529
29989,0.002275,172.31.36.0-255,66,190775,9,195529
29990,0.00229,172.31.36.0-255,66,190841,9,195529
29991,0.002305,172.31.36.0-255,66,190907,9,195529
29992,0.002307,74.125.24.0-255,105,191012,9,195529
29993,0.004271,74.125.24.0-255,66,191078,9,195529
29994,0.008311,172.31.36.0-255,105,191183,9,195529
29995,0.010621,74.125.24.0-255,66,191249,9,195529
29996,0.033466,172.31.36.0-255,167,191416,9,195529
29997,0.033494,172.31.36.0-255,1116,192532,9,195529
29998,0.033558,172.31.36.0-255,1514,194046,9,195529
29999,0.033559,172.31.36.0-255,1285,195331,9,195529
30000,0.034987,104.244.42.0-255,66,195397,9,195529
30001,0.035041,104.244.42.0-255,66,195463,9,195529
30002,0.035109,104.244.42.0-255,66,195529,9,195529
30003,0.0,91.189.92.0-255,60,60,9,120
30004,1.9e-05,91.189.92.0-255,60,120,9,120
30005,0.0,74.125.24.0-255,151,151,9,166705
30006,3.1e-05,172.31.36.0-255,66,217,9,166705
30007,3.8e-05,74.125.24.0-255,1484,1701,9,166705
30008,4.2e-05,172.31.36.0-255,66,1767,9,166705
30009,4.7e-05,74.125.24.0-255,2902,4669,9,166705
30010,5.1e-05,172.31.36.0-255,66,4735,9,166705
30011,6.5e-05,74.125.24.0-255,7156,11891,9,166705
30012,6.9e-05,172.31.36.0-255,66,11957,9,166705
30013,7.3e-05,74.125.24.0-255,2020,13977,9,166705
30014,7.6e-05,172.31.36.0-255,66,14043,9,166705
30015,0.000164,74.125.24.0-255,1484,15527,9,166705
30016,0.000168,172.31.36.0-255,66,15593,9,166705
30017,0.000175,74.125.24.0-255,2902,18495,9,166705
30018,0.000178,172.31.36.0-255,66,18561,9,166705
30019,0.000192,74.125.24.0-255,4320,22881,9,166705
30020,0.000195,172.31.36.0-255,66,22947,9,166705
30021,0.000224,74.125.24.0-255,1484,24431,9,166705
30022,0.000227,172.31.36.0-255,66,24497,9,166705
30023,0.000234,74.125.24.0-255,6797,31294,9,166705
30024,0.000237,172.31.36.0-255,66,31360,9,166705
30025,0.000249,74.125.24.0-255,5738,37098,9,166705
30026,0.000251,172.31.36.0-255,66,37164,9,166705
30027,0.000271,74.125.24.0-255,1484,38648,9,166705
30028,0.000274,172.31.36.0-255,66,38714,9,166705
30029,0.000292,172.31.36.0-255,66,38780,9,166705
30030,0.000322,74.125.24.0-255,7156,45936,9,166705
30031,0.000329,172.31.36.0-255,66,46002,9,166705
30032,0.000368,74.125.24.0-255,1479,47481,9,166705
30033,0.00037,172.31.36.0-255,66,47547,9,166705
30034,0.000373,172.31.36.0-255,66,47613,9,166705
30035,0.001019,74.125.24.0-255,1484,49097,9,166705
30036,0.001029,74.125.24.0-255,2902,51999,9,166705
30037,0.001033,172.31.36.0-255,66,52065,9,166705
30038,0.001041,74.125.24.0-255,5738,57803,9,166705
30039,0.001043,172.31.36.0-255,66,57869,9,166705
30040,0.001078,74.125.24.0-255,5738,63607,9,166705
30041,0.001082,172.31.36.0-255,66,63673,9,166705
30042,0.001108,172.31.36.0-255,66,63739,9,166705
30043,0.00112,172.31.36.0-255,66,63805,9,166705
30044,0.001124,74.125.24.0-255,2902,66707,9,166705
30045,0.001127,172.31.36.0-255,66,66773,9,166705
30046,0.001173,172.31.36.0-255,66,66839,9,166705
30047,0.001427,74.125.24.0-255,1484,68323,9,166705
30048,0.001435,74.125.24.0-255,2902,71225,9,166705
30049,0.001438,172.31.36.0-255,66,71291,9,166705
30050,0.001444,74.125.24.0-255,4320,75611,9,166705
30051,0.001446,172.31.36.0-255,66,75677,9,166705
30052,0.001462,74.125.24.0-255,1484,77161,9,166705
30053,0.001502,74.125.24.0-255,2902,80063,9,166705
30054,0.001504,172.31.36.0-255,66,80129,9,166705
30055,0.001528,172.31.36.0-255,66,80195,9,166705
30056,0.001539,172.31.36.0-255,66,80261,9,166705
30057,0.001554,172.31.36.0-255,66,80327,9,166705
30058,0.001588,74.125.24.0-255,7156,87483,9,166705
30059,0.00159,172.31.36.0-255,66,87549,9,166705
30060,0.001599,172.31.36.0-255,66,87615,9,166705
30061,0.001682,74.125.24.0-255,1484,89099,9,166705
30062,0.001697,74.125.24.0-255,2902,92001,9,166705
30063,0.001699,172.31.36.0-255,66,92067,9,166705
30064,0.001705,74.125.24.0-255,4320,96387,9,166705
30065,0.001707,172.31.36.0-255,66,96453,9,166705
30066,0.001736,74.125.24.0-255,1484,97937,9,166705
30067,0.001749,172.31.36.0-255,66,98003,9,166705
30068,0.001758,172.31.36.0-255,66,98069,9,166705
30069,0.001792,74.125.24.0-255,2184,100253,9,166705
30070,0.001794,172.31.36.0-255,66,100319,9,166705
30071,0.001938,74.125.24.0-255,1484,101803,9,166705
30072,0.001952,74.125.24.0-255,2902,104705,9,166705
30073,0.001955,172.31.36.0-255,66,104771,9,166705
30074,0.001979,74.125.24.0-255,5738,110509,9,166705
30075,0.001982,172.31.36.0-255,66,110575,9,166705
30076,0.002012,74.125.24.0-255,4320,114895,9,166705
30077,0.002014,172.31.36.0-255,66,114961,9,166705
30078,0.002047,172.31.36.0-255,66,115027,9,166705
30079,0.00207,172.31.36.0-255,66,115093,9,166705
30080,0.00208,172.31.36.0-255,66,115159,9,166705
30081,0.002109,74.125.24.0-255,4320,119479,9,166705
30082,0.002111,172.31.36.0-255,66,119545,9,166705
30083,0.002154,172.31.36.0-255,66,119611,9,166705
30084,0.002161,74.125.24.0-255,7156,126767,9,166705
30085,0.002217,74.125.24.0-255,4320,131087,9,166705
30086,0.002283,74.125.24.0-255,4320,135407,9,166705
30087,0.006711,172.31.36.0-255,66,135473,9,166705
30088,0.008999,74.125.24.0-255,5738,141211,9,166705
30089,0.009005,172.31.36.0-255,66,141277,9,166705
30090,0.011308,74.125.24.0-255,5738,147015,9,166705
30091,0.011317,172.31.36.0-255,66,147081,9,166705
30092,0.013627,74.125.24.0-255,5738,152819,9,166705
30093,0.013637,172.31.36.0-255,66,152885,9,166705
30094,0.015941,74.125.24.0-255,4320,157205,9,166705
30095,0.01595,172.31.36.0-255,66,157271,9,166705
30096,0.015984,74.125.24.0-255,1484,158755,9,166705
30097,0.018238,74.125.24.0-255,4320,163075,9,166705
30098,0.018244,172.31.36.0-255,66,163141,9,166705
30099,0.020555,74.125.24.0-255,3327,166468,9,166705
30100,0.020561,172.31.36.0-255,66,166534,9,166705
30101,0.020746,172.31.36.0-255,105,166639,9,166705
30102,0.022984,74.125.24.0-255,66,166705,9,166705
30103,0.0,74.125.24.0-255,143,143,9,302710
30104,2.1e-05,172.31.36.0-255,66,209,9,302710
30105,2.8e-05,74.125.24.0-255,1484,1693,9,302710
30106,3.2e-05,172.31.36.0-255,66,1759,9,302710
30107,3.8e-05,74.125.24.0-255,2902,4661,9,302710
30108,4.2e-05,172.31.36.0-255,66,4727,9,302710
30109,6.4e-05,74.125.24.0-255,5738,10465,9,302710
30110,6.7e-05,172.31.36.0-255,66,10531,9,302710
30111,9.7e-05,74.125.24.0-255,3467,13998,9,302710
30112,0.0001,172.31.36.0-255,66,14064,9,302710
30113,0.000212,74.125.24.0-255,1484,15548,9,302710
30114,0.000217,172.31.36.0-255,66,15614,9,302710
30115,0.000222,74.125.24.0-255,2902,18516,9,302710
30116,0.000224,172.31.36.0-255,66,18582,9,302710
30117,0.000228,74.125.24.0-255,1484,20066,9,302710
30118,0.000229,172.31.36.0-255,66,20132,9,302710
30119,0.000255,74.125.24.0-255,4320,24452,9,302710
30120,0.000258,172.31.36.0-255,66,24518,9,302710
30121,0.000265,74.125.24.0-255,6797,31315,9,302710
30122,0.000268,172.31.36.0-255,66,31381,9,302710
30123,0.000275,74.125.24.0-255,7156,38537,9,302710
30124,0.000277,172.31.36.0-255,66,38603,9,302710
30125,0.000313,172.31.36.0-255,66,38669,9,302710
30126,0.000334,74.125.24.0-255,1484,40153,9,302710
30127,0.000336,172.31.36.0-255,66,40219,9,302710
30128,0.000343,74.125.24.0-255,7156,47375,9,302710
30129,0.000346,172.31.36.0-255,66,47441,9,302710
30130,0.000363,74.125.24.0-255,3961,51402,9,302710
30131,0.000365,172.31.36.0-255,66,51468,9,302710
30132,0.000465,74.125.24.0-255,1484,52952,9,302710
30133,0.000468,172.31.36.0-255,66,53018,9,302710
30134,0.000475,74.125.24.0-255,2902,55920,9,302710
30135,0.000493,74.125.24.0-255,5738,61658,9,302710
30136,0.000528,74.125.24.0-255,4320,65978,9,302710
30137,0.000552,172.31.36.0-255,66,66044,9,302710
30138,0.000563,74.125.24.0-255,4320,70364,9,302710
30139,0.000568,172.31.36.0-255,66,70430,9,302710
30140,0.000593,74.125.24.0-255,6141,76571,9,302710
30141,0.000607,172.31.36.0-255,66,76637,9,302710
30142,0.000868,74.125.24.0-255,1484,78121,9,302710
30143,0.000873,74.125.24.0-255,1484,79605,9,302710
30144,0.00088,172.31.36.0-255,66,79671,9,302710
30145,0.0009,74.125.24.0-255,1484,81155,9,302710
30146,0.000907,74.125.24.0-255,5738,86893,9,302710
30147,0.000913,74.125.24.0-255,5738,92631,9,302710
30148,0.000918,172.31.36.0-255,66,92697,9,302710
30149,0.000949,74.125.24.0-255,7156,99853,9,302710
30150,0.000963,74.125.24.0-255,2184,102037,9,302710
30151,0.000969,172.31.36.0-255,66,102103,9,302710
30152,0.001143,74.125.24.0-255,1484,103587,9,302710
30153,0.001149,74.125.24.0-255,2902,106489,9,302710
30154,0.001154,172.31.36.0-255,66,106555,9,302710
30155,0.00118,74.125.24.0-255,5738,112293,9,302710
30156,0.001186,74.125.24.0-255,5738,118031,9,302710
30157,0.001188,74.125.24.0-255,1484,119515,9,302710
30158,0.001192,172.31.36.0-255,66,119581,9,302710
30159,0.00123,74.125.24.0-255,5020,124601,9,302710
30160,0.00127,172.31.36.0-255,66,124667,9,302710
30161,0.001423,74.125.24.0-255,1484,126151,9,302710
30162,0.001443,74.125.24.0-255,2902,129053,9,302710
30163,0.001449,74.125.24.0-255,5738,134791,9,302710
30164,0.001457,172.31.36.0-255,66,134857,9,302710
30165,0.001464,74.125.24.0-255,1484,136341,9,302710
30166,0.001491,74.125.24.0-255,4320,140661,9,302710
30167,0.001502,172.31.36.0-255,66,140727,9,302710
30168,0.001512,74.125.24.0-255,2902,143629,9,302710
30169,0.001518,172.31.36.0-255,66,143695,9,302710
30170,0.001529,74.125.24.0-255,3602,147297,9,302710
30171,0.001555,172.31.36.0-255,66,147363,9,302710
30172,0.002152,74.125.24.0-255,1484,148847,9,302710
30173,0.002159,74.125.24.0-255,2902,151749,9,302710
30174,0.002162,172.31.36.0-255,66,151815,9,302710
30175,0.002168,74.125.24.0-255,4320,156135,9,302710
30176,0.002182,74.125.24.0-255,1484,157619,9,302710
30177,0.002187,74.125.24.0-255,4320,161939,9,302710
30178,0.0022,74.125.24.0-255,2902,164841,9,302710
30179,0.002211,172.31.36.0-255,66,164907,9,302710
30180,0.002235,74.125.24.0-255,2902,167809,9,302710
30181,0.002238,74.125.24.0-255,2184,169993,9,302710
30182,0.00224,172.31.36.0-255,66,170059,9,302710
30183,0.002271,172.31.36.0-255,66,170125,9,302710
30184,0.00232,74.125.24.0-255,1484,171609,9,302710
30185,0.002324,74.125.24.0-255,1484,173093,9,302710
30186,0.002336,74.125.24.0-255,1484,174577,9,302710
30187,0.002343,172.31.36.0-255,66,174643,9,302710
30188,0.002355,74.125.24.0-255,1484,176127,9,302710
30189,0.002369,74.125.24.0-255,2902,179029,9,302710
30190,0.002375,172.31.36.0-255,66,179095,9,302710
30191,0.002399,74.125.24.0-255,5738,184833,9,302710
30192,0.00241,74.125.24.0-255,4320,189153,9,302710
30193,0.002418,74.125.24.0-255,5738,194891,9,302710
30194,0.002444,74.125.24.0-255,5738,200629,9,302710
30195,0.002473,74.125.24.0-255,3602,204231,9,302710
30196,0.007812,172.31.36.0-255,66,204297,9,302710
30197,0.010403,74.125.24.0-255,5738,210035,9,302710
30198,0.010411,172.31.36.0-255,66,210101,9,302710
30199,0.012994,74.125.24.0-255,5738,215839,9,302710
30200,0.01301,172.31.36.0-255,66,215905,9,302710
30201,0.015556,74.125.24.0-255,5738,221643,9,302710
30202,0.015562,172.31.36.0-255,66,221709,9,302710
30203,0.018149,74.125.24.0-255,5738,227447,9,302710
30204,0.018156,172.31.36.0-255,66,227513,9,302710
30205,0.020785,74.125.24.0-255,5738,233251,9,302710
30206,0.020793,172.31.36.0-255,66,233317,9,302710
30207,0.023374,74.125.24.0-255,5738,239055,9,302710
30208,0.023389,172.31.36.0-255,66,239121,9,302710
30209,0.025967,74.125.24.0-255,5738,244859,9,302710
30210,0.025974,172.31.36.0-255,66,244925,9,302710
30211,0.028504,74.125.24.0-255,5738,250663,9,302710
30212,0.028513,172.31.36.0-255,66,250729,9,302710
30213,0.029522,172.31.36.0-255,176,250905,9,302710
30214,0.029557,172.31.36.0-255,1118,252023,9,302710
30215,0.029618,172.31.36.0-255,1514,253537,9,302710
30216,0.02962,172.31.36.0-255,1514,255051,9,302710
30217,0.029643,172.31.36.0-255,963,256014,9,302710
30218,0.031047,104.244.42.0-255,66,256080,9,302710
30219,0.031084,104.244.42.0-255,66,256146,9,302710
30220,0.03112,74.125.24.0-255,5738,261884,9,302710
30221,0.031125,172.31.36.0-255,66,261950,9,302710
30222,0.03116,104.244.42.0-255,66,262016,9,302710
30223,0.031164,104.244.42.0-255,66,262082,9,302710
30224,0.033665,74.125.24.0-255,5738,267820,9,302710
30225,0.033672,172.31.36.0-255,66,267886,9,302710
30226,0.036233,74.125.24.0-255,5738,273624,9,302710
30227,0.036239,172.31.36.0-255,66,273690,9,302710
30228,0.038801,74.125.24.0-255,5738,279428,9,302710
30229,0.038813,172.31.36.0-255,66,279494,9,302710
30230,0.041381,74.125.24.0-255,5738,285232,9,302710
30231,0.041391,172.31.36.0-255,66,285298,9,302710
30232,0.044012,74.125.24.0-255,5738,291036,9,302710
30233,0.044019,172.31.36.0-255,66,291102,9,302710
30234,0.046608,74.125.24.0-255,5738,296840,9,302710
30235,0.046614,172.31.36.0-255,66,296906,9,302710
30236,0.049167,74.125.24.0-255,5738,302644,9,302710
30237,0.049174,172.31.36.0-255,66,302710,9,302710
30238,0.0,74.125.200.0-255,150,150,9,282530
30239,2.9e-05,172.31.36.0-255,66,216,9,282530
30240,3.6e-05,74.125.200.0-255,1484,1700,9,282530
30241,4e-05,172.31.36.0-255,66,1766,9,282530
30242,4.5e-05,74.125.200.0-255,2902,4668,9,282530
30243,4.7e-05,172.31.36.0-255,66,4734,9,282530
30244,5.5e-05,74.125.200.0-255,7156,11890,9,282530
30245,5.7e-05,172.31.36.0-255,66,11956,9,282530
30246,6.1e-05,74.125.200.0-255,2039,13995,9,282530
30247,6.3e-05,172.31.36.0-255,66,14061,9,282530
30248,0.000145,74.125.200.0-255,1484,15545,9,282530
30249,0.00015,172.31.36.0-255,66,15611,9,282530
30250,0.000166,74.125.200.0-255,1484,17095,9,282530
30251,0.000169,172.31.36.0-255,66,17161,9,282530
30252,0.000186,74.125.200.0-255,2902,20063,9,282530
30253,0.000188,172.31.36.0-255,66,20129,9,282530
30254,0.000194,74.125.200.0-255,4320,24449,9,282530
30255,0.000196,172.31.36.0-255,66,24515,9,282530
30256,0.000219,74.125.200.0-255,1484,25999,9,282530
30257,0.000221,172.31.36.0-255,66,26065,9,282530
30258,0.000227,74.125.200.0-255,4320,30385,9,282530
30259,0.00023,172.31.36.0-255,66,30451,9,282530
30260,0.000251,74.125.200.0-255,1125,31576,9,282530
30261,0.000254,172.31.36.0-255,66,31642,9,282530
30262,0.000271,74.125.200.0-255,1484,33126,9,282530
30263,0.000273,172.31.36.0-255,66,33192,9,282530
30264,0.000302,74.125.200.0-255,4320,37512,9,282530
30265,0.000307,172.31.36.0-255,66,37578,9,282530
30266,0.000313,74.125.200.0-255,4320,41898,9,282530
30267,0.000316,172.31.36.0-255,66,41964,9,282530
30268,0.000319,74.125.200.0-255,1484,43448,9,282530
30269,0.000321,172.31.36.0-255,66,43514,9,282530
30270,0.000343,74.125.200.0-255,4320,47834,9,282530
30271,0.000346,172.31.36.0-255,66,47900,9,282530
30272,0.000349,74.125.200.0-255,1125,49025,9,282530
30273,0.000675,172.31.36.0-255,66,49091,9,282530
30274,0.000694,74.125.200.0-255,1484,50575,9,282530
30275,0.000718,74.125.200.0-255,1484,52059,9,282530
30276,0.000722,172.31.36.0-255,66,52125,9,282530
30277,0.000727,74.125.200.0-255,2902,55027,9,282530
30278,0.000729,172.31.36.0-255,66,55093,9,282530
30279,0.000733,74.125.200.0-255,2902,57995,9,282530
30280,0.000735,172.31.36.0-255,66,58061,9,282530
30281,0.000748,74.125.200.0-255,2902,60963,9,282530
30282,0.000751,172.31.36.0-255,66,61029,9,282530
30283,0.000767,74.125.200.0-255,2902,63931,9,282530
30284,0.000769,172.31.36.0-255,66,63997,9,282530
30285,0.000786,74.125.200.0-255,2543,66540,9,282530
30286,0.000789,172.31.36.0-255,66,66606,9,282530
30287,0.000839,74.125.200.0-255,1484,68090,9,282530
30288,0.000844,74.125.200.0-255,2902,70992,9,282530
30289,0.000847,172.31.36.0-255,66,71058,9,282530
30290,0.000868,74.125.200.0-255,1484,72542,9,282530
30291,0.000872,74.125.200.0-255,1484,74026,9,282530
30292,0.000874,172.31.36.0-255,66,74092,9,282530
30293,0.00089,74.125.200.0-255,1484,75576,9,282530
30294,0.000896,74.125.200.0-255,4320,79896,9,282530
30295,0.000899,172.31.36.0-255,66,79962,9,282530
30296,0.000916,74.125.200.0-255,1484,81446,9,282530
30297,0.00092,74.125.200.0-255,2543,83989,9,282530
30298,0.000923,172.31.36.0-255,66,84055,9,282530
30299,0.000927,74.125.200.0-255,2902,86957,9,282530
30300,0.000931,172.31.36.0-255,66,87023,9,282530
30301,0.000951,74.125.200.0-255,4320,91343,9,282530
30302,0.000954,172.31.36.0-255,66,91409,9,282530
30303,0.000975,74.125.200.0-255,2902,94311,9,282530
30304,0.000978,172.31.36.0-255,66,94377,9,282530
30305,0.000985,74.125.200.0-255,6797,101174,9,282530
30306,0.000986,172.31.36.0-255,66,101240,9,282530
30307,0.001017,74.125.200.0-255,4320,105560,9,282530
30308,0.001021,172.31.36.0-255,66,105626,9,282530
30309,0.001047,74.125.200.0-255,4320,109946,9,282530
30310,0.00105,172.31.36.0-255,66,110012,9,282530
30311,0.001067,74.125.200.0-255,1484,111496,9,282530
30312,0.001075,74.125.200.0-255,6683,118179,9,282530
30313,0.001077,172.31.36.0-255,66,118245,9,282530
30314,0.002052,74.125.200.0-255,1484,119729,9,282530
30315,0.002062,74.125.200.0-255,2902,122631,9,282530
30316,0.002067,172.31.36.0-255,66,122697,9,282530
30317,0.002074,74.125.200.0-255,5738,128435,9,282530
30318,0.002076,172.31.36.0-255,66,128501,9,282530
30319,0.002079,74.125.200.0-255,1484,129985,9,282530
30320,0.002109,74.125.200.0-255,4469,134454,9,282530
30321,0.002111,172.31.36.0-255,66,134520,9,282530
30322,0.002257,74.125.200.0-255,1484,136004,9,282530
30323,0.002271,74.125.200.0-255,1484,137488,9,282530
30324,0.002273,172.31.36.0-255,66,137554,9,282530
30325,0.002289,74.125.200.0-255,1484,139038,9,282530
30326,0.002293,74.125.200.0-255,2902,141940,9,282530
30327,0.002295,172.31.36.0-255,66,142006,9,282530
30328,0.0023,74.125.200.0-255,4320,146326,9,282530
30329,0.002302,172.31.36.0-255,66,146392,9,282530
30330,0.002314,74.125.200.0-255,1484,147876,9,282530
30331,0.002331,74.125.200.0-255,7156,155032,9,282530
30332,0.002333,172.31.36.0-255,66,155098,9,282530
30333,0.002352,74.125.200.0-255,4320,159418,9,282530
30334,0.002354,172.31.36.0-255,66,159484,9,282530
30335,0.002371,74.125.200.0-255,2902,162386,9,282530
30336,0.002373,172.31.36.0-255,66,162452,9,282530
30337,0.002386,74.125.200.0-255,2902,165354,9,282530
30338,0.002388,172.31.36.0-255,66,165420,9,282530
30339,0.002407,74.125.200.0-255,3602,169022,9,282530
30340,0.002409,172.31.36.0-255,66,169088,9,282530
30341,0.004718,74.125.200.0-255,1484,170572,9,282530
30342,0.004744,74.125.200.0-255,2902,173474,9,282530
30343,0.004746,172.31.36.0-255,66,173540,9,282530
30344,0.00476,74.125.200.0-255,1484,175024,9,282530
30345,0.007147,74.125.200.0-255,2902,177926,9,282530
30346,0.007153,172.31.36.0-255,66,177992,9,282530
30347,0.007175,74.125.200.0-255,1484,179476,9,282530
30348,0.009519,74.125.200.0-255,4320,183796,9,282530
30349,0.009527,172.31.36.0-255,66,183862,9,282530
30350,0.011893,74.125.200.0-255,5738,189600,9,282530
30351,0.011901,172.31.36.0-255,66,189666,9,282530
30352,0.014266,74.125.200.0-255,5738,195404,9,282530
30353,0.014274,172.31.36.0-255,66,195470,9,282530
30354,0.016657,74.125.200.0-255,5738,201208,9,282530
30355,0.016667,172.31.36.0-255,66,201274,9,282530
30356,0.019023,74.125.200.0-255,5738,207012,9,282530
30357,0.019031,172.31.36.0-255,66,207078,9,282530
30358,0.021393,74.125.200.0-255,5738,212816,9,282530
30359,0.0214,172.31.36.0-255,66,212882,9,282530
30360,0.023779,74.125.200.0-255,5738,218620,9,282530
30361,0.023786,172.31.36.0-255,66,218686,9,282530
30362,0.026144,74.125.200.0-255,5738,224424,9,282530
30363,0.026152,172.31.36.0-255,66,224490,9,282530
30364,0.028515,74.125.200.0-255,5738,230228,9,282530
30365,0.028528,172.31.36.0-255,66,230294,9,282530
30366,0.030897,74.125.200.0-255,5738,236032,9,282530
30367,0.030905,172.31.36.0-255,66,236098,9,282530
30368,0.033274,74.125.200.0-255,5738,241836,9,282530
30369,0.033281,172.31.36.0-255,66,241902,9,282530
30370,0.035645,74.125.200.0-255,5738,247640,9,282530
30371,0.035653,172.31.36.0-255,66,247706,9,282530
30372,0.038033,74.125.200.0-255,5738,253444,9,282530
30373,0.038057,172.31.36.0-255,66,253510,9,282530
30374,0.040424,74.125.200.0-255,5738,259248,9,282530
30375,0.040432,172.31.36.0-255,66,259314,9,282530
30376,0.042795,74.125.200.0-255,5738,265052,9,282530
30377,0.042804,172.31.36.0-255,66,265118,9,282530
30378,0.045182,74.125.200.0-255,5738,270856,9,282530
30379,0.045189,172.31.36.0-255,66,270922,9,282530
30380,0.047554,74.125.200.0-255,5738,276660,9,282530
30381,0.047566,172.31.36.0-255,66,276726,9,282530
30382,0.049937,74.125.200.0-255,5738,282464,9,282530
30383,0.049947,172.31.36.0-255,66,282530,9,282530
30384,0.0,74.125.68.0-255,153,153,9,307165
30385,2.8e-05,172.31.36.0-255,66,219,9,307165
30386,6.7e-05,74.125.68.0-255,1484,1703,9,307165
30387,7.2e-05,172.31.36.0-255,66,1769,9,307165
30388,7.5e-05,74.125.68.0-255,1484,3253,9,307165
30389,7.8e-05,172.31.36.0-255,66,3319,9,307165
30390,9e-05,74.125.68.0-255,1484,4803,9,307165
30391,9.3e-05,172.31.36.0-255,66,4869,9,307165
30392,0.000119,74.125.68.0-255,4320,9189,9,307165
30393,0.000121,172.31.36.0-255,66,9255,9,307165
30394,0.000142,74.125.68.0-255,4320,13575,9,307165
30395,0.000145,172.31.36.0-255,66,13641,9,307165
30396,0.000166,74.125.68.0-255,4872,18513,9,307165
30397,0.00017,172.31.36.0-255,66,18579,9,307165
30398,0.000183,172.31.36.0-255,66,18645,9,307165
30399,0.000188,74.125.68.0-255,2543,21188,9,307165
30400,0.00019,172.31.36.0-255,66,21254,9,307165
30401,0.00028,74.125.68.0-255,1484,22738,9,307165
30402,0.000284,172.31.36.0-255,66,22804,9,307165
30403,0.000304,74.125.68.0-255,2902,25706,9,307165
30404,0.000307,172.31.36.0-255,66,25772,9,307165
30405,0.000313,74.125.68.0-255,5738,31510,9,307165
30406,0.000315,172.31.36.0-255,66,31576,9,307165
30407,0.000349,172.31.36.0-255,66,31642,9,307165
30408,0.000363,74.125.68.0-255,2902,34544,9,307165
30409,0.000368,172.31.36.0-255,66,34610,9,307165
30410,0.000383,74.125.68.0-255,5738,40348,9,307165
30411,0.000386,172.31.36.0-255,66,40414,9,307165
30412,0.000393,74.125.68.0-255,5738,46152,9,307165
30413,0.000395,172.31.36.0-255,66,46218,9,307165
30414,0.000433,74.125.68.0-255,1483,47701,9,307165
30415,0.000462,74.125.68.0-255,328,48029,9,307165
30416,0.000465,172.31.36.0-255,66,48095,9,307165
30417,0.000674,74.125.68.0-255,1484,49579,9,307165
30418,0.000681,74.125.68.0-255,2902,52481,9,307165
30419,0.000686,172.31.36.0-255,66,52547,9,307165
30420,0.000695,74.125.68.0-255,2902,55449,9,307165
30421,0.000698,172.31.36.0-255,66,55515,9,307165
30422,0.000726,74.125.68.0-255,4320,59835,9,307165
30423,0.000729,172.31.36.0-255,66,59901,9,307165
30424,0.000735,74.125.68.0-255,4320,64221,9,307165
30425,0.000737,172.31.36.0-255,66,64287,9,307165
30426,0.000752,74.125.68.0-255,4320,68607,9,307165
30427,0.000755,172.31.36.0-255,66,68673,9,307165
30428,0.00076,74.125.68.0-255,4320,72993,9,307165
30429,0.000763,172.31.36.0-255,66,73059,9,307165
30430,0.000769,74.125.68.0-255,5738,78797,9,307165
30431,0.000772,172.31.36.0-255,66,78863,9,307165
30432,0.000795,74.125.68.0-255,1484,80347,9,307165
30433,0.000808,74.125.68.0-255,2184,82531,9,307165
30434,0.000811,172.31.36.0-255,66,82597,9,307165
30435,0.000845,74.125.68.0-255,4320,86917,9,307165
30436,0.000849,172.31.36.0-255,66,86983,9,307165
30437,0.00087,74.125.68.0-255,5738,92721,9,307165
30438,0.000872,172.31.36.0-255,66,92787,9,307165
30439,0.000895,74.125.68.0-255,7156,99943,9,307165
30440,0.000898,172.31.36.0-255,66,100009,9,307165
30441,0.000921,74.125.68.0-255,4320,104329,9,307165
30442,0.000924,172.31.36.0-255,66,104395,9,307165
30443,0.000929,74.125.68.0-255,4320,108715,9,307165
30444,0.000932,172.31.36.0-255,66,108781,9,307165
30445,0.00096,74.125.68.0-255,5738,114519,9,307165
30446,0.000964,172.31.36.0-255,66,114585,9,307165
30447,0.000983,74.125.68.0-255,2184,116769,9,307165
30448,0.000987,172.31.36.0-255,66,116835,9,307165
30449,0.001004,74.125.68.0-255,2902,119737,9,307165
30450,0.001007,172.31.36.0-255,66,119803,9,307165
30451,0.001025,74.125.68.0-255,4320,124123,9,307165
30452,0.001028,172.31.36.0-255,66,124189,9,307165
30453,0.001031,74.125.68.0-255,1484,125673,9,307165
30454,0.001054,74.125.68.0-255,7156,132829,9,307165
30455,0.001056,172.31.36.0-255,66,132895,9,307165
30456,0.001062,74.125.68.0-255,5738,138633,9,307165
30457,0.001064,172.31.36.0-255,66,138699,9,307165
30458,0.001068,74.125.68.0-255,1484,140183,9,307165
30459,0.001091,74.125.68.0-255,5738,145921,9,307165
30460,0.001094,172.31.36.0-255,66,145987,9,307165
30461,0.001109,74.125.68.0-255,5020,151007,9,307165
30462,0.001112,172.31.36.0-255,66,151073,9,307165
30463,0.001165,74.125.68.0-255,1484,152557,9,307165
30464,0.001168,74.125.68.0-255,1484,154041,9,307165
30465,0.001171,172.31.36.0-255,66,154107,9,307165
30466,0.001189,74.125.68.0-255,1484,155591,9,307165
30467,0.001195,74.125.68.0-255,4320,159911,9,307165
30468,0.001198,172.31.36.0-255,66,159977,9,307165
30469,0.001211,74.125.68.0-255,1484,161461,9,307165
30470,0.001217,74.125.68.0-255,2902,164363,9,307165
30471,0.001219,172.31.36.0-255,66,164429,9,307165
30472,0.001224,74.125.68.0-255,4320,168749,9,307165
30473,0.001227,172.31.36.0-255,66,168815,9,307165
30474,0.001248,172.31.36.0-255,66,168881,9,307165
30475,0.001253,74.125.68.0-255,2902,171783,9,307165
30476,0.001257,172.31.36.0-255,66,171849,9,307165
30477,0.001282,74.125.68.0-255,4320,176169,9,307165
30478,0.001285,172.31.36.0-255,66,176235,9,307165
30479,0.001288,74.125.68.0-255,766,177001,9,307165
30480,0.001363,74.125.68.0-255,1484,178485,9,307165
30481,0.001366,172.31.36.0-255,66,178551,9,307165
30482,0.001371,74.125.68.0-255,2902,181453,9,307165
30483,0.001373,172.31.36.0-255,66,181519,9,307165
30484,0.001393,74.125.68.0-255,5738,187257,9,307165
30485,0.001396,172.31.36.0-255,66,187323,9,307165
30486,0.0014,74.125.68.0-255,1484,188807,9,307165
30487,0.001418,74.125.68.0-255,4320,193127,9,307165
30488,0.001421,172.31.36.0-255,66,193193,9,307165
30489,0.001427,74.125.68.0-255,4320,197513,9,307165
30490,0.001429,172.31.36.0-255,66,197579,9,307165
30491,0.001444,74.125.68.0-255,2902,200481,9,307165
30492,0.001447,172.31.36.0-255,66,200547,9,307165
30493,0.001465,74.125.68.0-255,5738,206285,9,307165
30494,0.001467,172.31.36.0-255,66,206351,9,307165
30495,0.001483,74.125.68.0-255,5020,211371,9,307165
30496,0.001485,172.31.36.0-255,66,211437,9,307165
30497,0.001513,172.31.36.0-255,66,211503,9,307165
30498,0.001524,74.125.68.0-255,4320,215823,9,307165
30499,0.001528,172.31.36.0-255,66,215889,9,307165
30500,0.001589,172.31.36.0-255,66,215955,9,307165
30501,0.001592,74.125.68.0-255,766,216721,9,307165
30502,0.001621,74.125.68.0-255,1484,218205,9,307165
30503,0.001624,172.31.36.0-255,66,218271,9,307165
30504,0.001629,74.125.68.0-255,2902,221173,9,307165
30505,0.001632,172.31.36.0-255,66,221239,9,307165
30506,0.001659,74.125.68.0-255,5738,226977,9,307165
30507,0.001662,172.31.36.0-255,66,227043,9,307165
30508,0.001667,74.125.68.0-255,2902,229945,9,307165
30509,0.00167,172.31.36.0-255,66,230011,9,307165
30510,0.00167,74.125.68.0-255,2902,232913,9,307165
30511,0.001673,172.31.36.0-255,66,232979,9,307165
30512,0.001698,74.125.68.0-255,1484,234463,9,307165
30513,0.001709,172.31.36.0-255,66,234529,9,307165
30514,0.001717,74.125.68.0-255,7156,241685,9,307165
30515,0.00172,172.31.36.0-255,66,241751,9,307165
30516,0.001748,74.125.68.0-255,766,242517,9,307165
30517,0.001849,74.125.68.0-255,1484,244001,9,307165
30518,0.001853,172.31.36.0-255,66,244067,9,307165
30519,0.001858,74.125.68.0-255,2902,246969,9,307165
30520,0.00186,172.31.36.0-255,66,247035,9,307165
30521,0.001864,74.125.68.0-255,1484,248519,9,307165
30522,0.001877,74.125.68.0-255,2902,251421,9,307165
30523,0.00188,172.31.36.0-255,66,251487,9,307165
30524,0.0019,74.125.68.0-255,4320,255807,9,307165
30525,0.001903,172.31.36.0-255,66,255873,9,307165
30526,0.001921,74.125.68.0-255,1484,257357,9,307165
30527,0.001932,172.31.36.0-255,66,257423,9,307165
30528,0.001971,74.125.68.0-255,4320,261743,9,307165
30529,0.001976,172.31.36.0-255,66,261809,9,307165
30530,0.002,74.125.68.0-255,6438,268247,9,307165
30531,0.002004,172.31.36.0-255,66,268313,9,307165
30532,0.00201,172.31.36.0-255,66,268379,9,307165
30533,0.00203,74.125.68.0-255,2902,271281,9,307165
30534,0.002033,172.31.36.0-255,66,271347,9,307165
30535,0.002048,172.31.36.0-255,66,271413,9,307165
30536,0.002063,74.125.68.0-255,1484,272897,9,307165
30537,0.002089,172.31.36.0-255,66,272963,9,307165
30538,0.002122,172.31.36.0-255,66,273029,9,307165
30539,0.002129,74.125.68.0-255,7156,280185,9,307165
30540,0.002132,172.31.36.0-255,66,280251,9,307165
30541,0.004222,74.125.68.0-255,5738,285989,9,307165
30542,0.004229,172.31.36.0-255,66,286055,9,307165
30543,0.006299,74.125.68.0-255,4320,290375,9,307165
30544,0.006303,172.31.36.0-255,66,290441,9,307165
30545,0.006316,74.125.68.0-255,1484,291925,9,307165
30546,0.008369,74.125.68.0-255,4320,296245,9,307165
30547,0.008373,172.31.36.0-255,66,296311,9,307165
30548,0.01045,74.125.68.0-255,5738,302049,9,307165
30549,0.010457,172.31.36.0-255,66,302115,9,307165
30550,0.012528,74.125.68.0-255,2241,304356,9,307165
30551,0.012535,172.31.36.0-255,66,304422,9,307165
30552,0.016783,172.31.36.0-255,105,304527,9,307165
30553,0.016811,172.31.36.0-255,105,304632,9,307165
30554,0.017051,172.31.36.0-255,90,304722,9,307165
30555,0.017062,172.31.36.0-255,66,304788,9,307165
30556,0.018829,74.125.68.0-255,66,304854,9,307165
30557,0.018842,74.125.68.0-255,66,304920,9,307165
30558,0.019083,74.125.68.0-255,66,304986,9,307165
30559,0.019111,74.125.68.0-255,66,305052,9,307165
30560,0.01912,172.31.36.0-255,66,305118,9,307165
30561,0.037285,172.31.36.0-255,172,305290,9,307165
30562,0.037314,172.31.36.0-255,1117,306407,9,307165
30563,0.037346,172.31.36.0-255,560,306967,9,307165
30564,0.038778,104.244.42.0-255,66,307033,9,307165
30565,0.038798,104.244.42.0-255,66,307099,9,307165
30566,0.038818,104.244.42.0-255,66,307165,9,307165
30567,0.0,172.31.36.0-255,105,105,9,105
30568,0.0,172.31.36.0-255,188,188,9,11811
30569,3.4e-05,172.31.36.0-255,982,1170,9,11811
30570,0.000126,172.31.36.0-255,1514,2684,9,11811
30571,0.000128,172.31.36.0-255,1514,4198,9,11811
30572,0.000129,172.31.36.0-255,1514,5712,9,11811
30573,0.000131,172.31.36.0-255,1514,7226,9,11811
30574,0.000137,172.31.36.0-255,1514,8740,9,11811
30575,0.000138,172.31.36.0-255,1514,10254,9,11811
30576,0.000139,172.31.36.0-255,1293,11547,9,11811
30577,0.001565,104.244.42.0-255,66,11613,9,11811
30578,0.001637,104.244.42.0-255,66,11679,9,11811
30579,0.001725,104.244.42.0-255,66,11745,9,11811
30580,0.001731,104.244.42.0-255,66,11811,9,11811
30581,0.0,74.125.24.0-255,153,153,9,203607
30582,1.3e-05,172.31.36.0-255,66,219,9,203607
30583,2e-05,74.125.24.0-255,1484,1703,9,203607
30584,2.5e-05,172.31.36.0-255,66,1769,9,203607
30585,3.1e-05,74.125.24.0-255,2902,4671,9,203607
30586,3.4e-05,172.31.36.0-255,66,4737,9,203607
30587,4.2e-05,74.125.24.0-255,7156,11893,9,203607
30588,4.6e-05,172.31.36.0-255,66,11959,9,203607
30589,7e-05,74.125.24.0-255,4320,16279,9,203607
30590,7.3e-05,172.31.36.0-255,66,16345,9,203607
30591,0.0001,172.31.36.0-255,66,16411,9,203607
30592,0.000127,74.125.24.0-255,3961,20372,9,203607
30593,0.00013,172.31.36.0-255,66,20438,9,203607
30594,0.000389,74.125.24.0-255,1484,21922,9,203607
30595,0.000395,74.125.24.0-255,2902,24824,9,203607
30596,0.000401,172.31.36.0-255,66,24890,9,203607
30597,0.000406,172.31.36.0-255,66,24956,9,203607
30598,0.000426,74.125.24.0-255,5738,30694,9,203607
30599,0.000429,172.31.36.0-255,66,30760,9,203607
30600,0.000432,74.125.24.0-255,1484,32244,9,203607
30601,0.000434,172.31.36.0-255,66,32310,9,203607
30602,0.000442,74.125.24.0-255,5738,38048,9,203607
30603,0.000444,172.31.36.0-255,66,38114,9,203607
30604,0.000458,74.125.24.0-255,3961,42075,9,203607
30605,0.00046,172.31.36.0-255,66,42141,9,203607
30606,0.000466,74.125.24.0-255,4320,46461,9,203607
30607,0.000469,172.31.36.0-255,66,46527,9,203607
30608,0.000502,172.31.36.0-255,66,46593,9,203607
30609,0.000969,74.125.24.0-255,377,46970,9,203607
30610,0.000976,172.31.36.0-255,66,47036,9,203607
30611,0.001113,74.125.24.0-255,1484,48520,9,203607
30612,0.001138,74.125.24.0-255,2902,51422,9,203607
30613,0.001141,172.31.36.0-255,66,51488,9,203607
30614,0.001149,74.125.24.0-255,5738,57226,9,203607
30615,0.001151,172.31.36.0-255,66,57292,9,203607
30616,0.001174,74.125.24.0-255,4320,61612,9,203607
30617,0.001177,172.31.36.0-255,66,61678,9,203607
30618,0.001193,74.125.24.0-255,4320,65998,9,203607
30619,0.001196,172.31.36.0-255,66,66064,9,203607
30620,0.001237,172.31.36.0-255,66,66130,9,203607
30621,0.001245,74.125.24.0-255,6797,72927,9,203607
30622,0.001247,172.31.36.0-255,66,72993,9,203607
30623,0.003344,74.125.24.0-255,4320,77313,9,203607
30624,0.003351,172.31.36.0-255,66,77379,9,203607
30625,0.00337,74.125.24.0-255,1484,78863,9,203607
30626,0.00542,74.125.24.0-255,4320,83183,9,203607
30627,0.005425,172.31.36.0-255,66,83249,9,203607
30628,0.007533,74.125.24.0-255,5738,88987,9,203607
30629,0.007541,172.31.36.0-255,66,89053,9,203607
30630,0.00967,74.125.24.0-255,5738,94791,9,203607
30631,0.00968,172.31.36.0-255,66,94857,9,203607
30632,0.011796,74.125.24.0-255,5738,100595,9,203607
30633,0.011805,172.31.36.0-255,66,100661,9,203607
30634,0.01397,74.125.24.0-255,5738,106399,9,203607
30635,0.013979,172.31.36.0-255,66,106465,9,203607
30636,0.016166,74.125.24.0-255,5738,112203,9,203607
30637,0.016175,172.31.36.0-255,66,112269,9,203607
30638,0.01832,74.125.24.0-255,5738,118007,9,203607
30639,0.018328,172.31.36.0-255,66,118073,9,203607
30640,0.020424,74.125.24.0-255,5738,123811,9,203607
30641,0.020431,172.31.36.0-255,66,123877,9,203607
30642,0.022543,74.125.24.0-255,5738,129615,9,203607
30643,0.022551,172.31.36.0-255,66,129681,9,203607
30644,0.024659,74.125.24.0-255,5738,135419,9,203607
30645,0.024667,172.31.36.0-255,66,135485,9,203607
30646,0.026787,74.125.24.0-255,5738,141223,9,203607
30647,0.026795,172.31.36.0-255,66,141289,9,203607
30648,0.028884,74.125.24.0-255,5738,147027,9,203607
30649,0.028893,172.31.36.0-255,66,147093,9,203607
30650,0.02976,172.31.36.0-255,167,147260,9,203607
30651,0.029794,172.31.36.0-255,1116,148376,9,203607
30652,0.029852,172.31.36.0-255,1514,149890,9,203607
30653,0.029854,172.31.36.0-255,1283,151173,9,203607
30654,0.030997,74.125.24.0-255,5738,156911,9,203607
30655,0.031004,172.31.36.0-255,66,156977,9,203607
30656,0.031294,104.244.42.0-255,66,157043,9,203607
30657,0.031347,104.244.42.0-255,66,157109,9,203607
30658,0.031442,104.244.42.0-255,66,157175,9,203607
30659,0.033103,74.125.24.0-255,5738,162913,9,203607
30660,0.033111,172.31.36.0-255,66,162979,9,203607
30661,0.035255,74.125.24.0-255,5738,168717,9,203607
30662,0.035262,172.31.36.0-255,66,168783,9,203607
30663,0.037354,74.125.24.0-255,5738,174521,9,203607
30664,0.037361,172.31.36.0-255,66,174587,9,203607
30665,0.03946,74.125.24.0-255,5738,180325,9,203607
30666,0.039467,172.31.36.0-255,66,180391,9,203607
30667,0.041608,74.125.24.0-255,5738,186129,9,203607
30668,0.041618,172.31.36.0-255,66,186195,9,203607
30669,0.043749,74.125.24.0-255,5738,191933,9,203607
30670,0.043756,172.31.36.0-255,66,191999,9,203607
30671,0.045869,74.125.24.0-255,5738,197737,9,203607
30672,0.045876,172.31.36.0-255,66,197803,9,203607
30673,0.048043,74.125.24.0-255,5738,203541,9,203607
30674,0.04805,172.31.36.0-255,66,203607,9,203607
30675,0.0,172.31.36.0-255,105,105,9,105
30676,0.0,172.217.194.0-255,153,153,9,146197
30677,2.4e-05,172.31.36.0-255,66,219,9,146197
30678,3.1e-05,172.217.194.0-255,1484,1703,9,146197
30679,3.5e-05,172.31.36.0-255,66,1769,9,146197
30680,4.1e-05,172.217.194.0-255,2902,4671,9,146197
30681,4.5e-05,172.31.36.0-255,66,4737,9,146197
30682,5.3e-05,172.217.194.0-255,7156,11893,9,146197
30683,5.6e-05,172.31.36.0-255,66,11959,9,146197
30684,6e-05,172.217.194.0-255,2056,14015,9,146197
30685,6.2e-05,172.31.36.0-255,66,14081,9,146197
30686,9e-05,172.217.194.0-255,2902,16983,9,146197
30687,9.4e-05,172.31.36.0-255,66,17049,9,146197
30688,0.000101,172.217.194.0-255,7156,24205,9,146197
30689,0.000104,172.31.36.0-255,66,24271,9,146197
30690,0.000107,172.217.194.0-255,1484,25755,9,146197
30691,0.000109,172.31.36.0-255,66,25821,9,146197
30692,0.000139,172.217.194.0-255,5379,31200,9,146197
30693,0.000141,172.31.36.0-255,66,31266,9,146197
30694,0.000157,172.217.194.0-255,1484,32750,9,146197
30695,0.000159,172.31.36.0-255,66,32816,9,146197
30696,0.000175,172.217.194.0-255,2902,35718,9,146197
30697,0.000177,172.31.36.0-255,66,35784,9,146197
30698,0.000184,172.217.194.0-255,5738,41522,9,146197
30699,0.000186,172.31.36.0-255,66,41588,9,146197
30700,0.000202,172.217.194.0-255,2902,44490,9,146197
30701,0.000204,172.31.36.0-255,66,44556,9,146197
30702,0.000245,172.31.36.0-255,66,44622,9,146197
30703,0.000257,172.31.36.0-255,66,44688,9,146197
30704,0.000259,172.217.194.0-255,389,45077,9,146197
30705,0.000262,172.31.36.0-255,66,45143,9,146197
30706,0.000298,172.217.194.0-255,386,45529,9,146197
30707,0.000454,172.217.194.0-255,1484,47013,9,146197
30708,0.000459,172.31.36.0-255,66,47079,9,146197
30709,0.000465,172.217.194.0-255,2902,49981,9,146197
30710,0.000468,172.31.36.0-255,66,50047,9,146197
30711,0.000475,172.217.194.0-255,5738,55785,9,146197
30712,0.000477,172.31.36.0-255,66,55851,9,146197
30713,0.000529,172.31.36.0-255,66,55917,9,146197
30714,0.000553,172.217.194.0-255,1484,57401,9,146197
30715,0.000566,172.31.36.0-255,66,57467,9,146197
30716,0.000688,172.217.194.0-255,1484,58951,9,146197
30717,0.000692,172.217.194.0-255,2902,61853,9,146197
30718,0.000699,172.31.36.0-255,66,61919,9,146197
30719,0.00072,172.217.194.0-255,5738,67657,9,146197
30720,0.000723,172.31.36.0-255,66,67723,9,146197
30721,0.000735,172.31.36.0-255,66,67789,9,146197
30722,0.000752,172.217.194.0-255,4320,72109,9,146197
30723,0.000754,172.31.36.0-255,66,72175,9,146197
30724,0.000766,172.31.36.0-255,66,72241,9,146197
30725,0.000769,172.217.194.0-255,766,73007,9,146197
30726,0.000797,172.217.194.0-255,1484,74491,9,146197
30727,0.0008,172.31.36.0-255,66,74557,9,146197
30728,0.000805,172.217.194.0-255,2902,77459,9,146197
30729,0.000807,172.31.36.0-255,66,77525,9,146197
30730,0.000819,172.217.194.0-255,1484,79009,9,146197
30731,0.000826,172.217.194.0-255,5738,84747,9,146197
30732,0.000829,172.31.36.0-255,66,84813,9,146197
30733,0.000861,172.217.194.0-255,4320,89133,9,146197
30734,0.000864,172.31.36.0-255,66,89199,9,146197
30735,0.000875,172.31.36.0-255,66,89265,9,146197
30736,0.000905,172.31.36.0-255,66,89331,9,146197
30737,0.000937,172.217.194.0-255,4320,93651,9,146197
30738,0.00094,172.31.36.0-255,66,93717,9,146197
30739,0.000947,172.217.194.0-255,5738,99455,9,146197
30740,0.000949,172.31.36.0-255,66,99521,9,146197
30741,0.00099,172.31.36.0-255,66,99587,9,146197
30742,0.000995,172.217.194.0-255,4320,103907,9,146197
30743,0.000997,172.31.36.0-255,66,103973,9,146197
30744,0.001025,172.31.36.0-255,66,104039,9,146197
30745,0.001039,172.217.194.0-255,1484,105523,9,146197
30746,0.001043,172.217.194.0-255,2902,108425,9,146197
30747,0.001045,172.31.36.0-255,66,108491,9,146197
30748,0.001049,172.217.194.0-255,1484,109975,9,146197
30749,0.00107,172.217.194.0-255,4320,114295,9,146197
30750,0.001073,172.31.36.0-255,66,114361,9,146197
30751,0.001078,172.217.194.0-255,4320,118681,9,146197
30752,0.001082,172.31.36.0-255,66,118747,9,146197
30753,0.001103,172.31.36.0-255,66,118813,9,146197
30754,0.001116,172.31.36.0-255,66,118879,9,146197
30755,0.001138,172.217.194.0-255,1484,120363,9,146197
30756,0.001184,172.31.36.0-255,66,120429,9,146197
30757,0.001211,172.217.194.0-255,5738,126167,9,146197
30758,0.001214,172.31.36.0-255,66,126233,9,146197
30759,0.001225,172.31.36.0-255,66,126299,9,146197
30760,0.001293,172.31.36.0-255,66,126365,9,146197
30761,0.001306,172.31.36.0-255,66,126431,9,146197
30762,0.001318,172.31.36.0-255,66,126497,9,146197
30763,0.001323,172.217.194.0-255,4320,130817,9,146197
30764,0.001325,172.31.36.0-255,66,130883,9,146197
30765,0.001331,172.217.194.0-255,5738,136621,9,146197
30766,0.001334,172.31.36.0-255,66,136687,9,146197
30767,0.001345,172.31.36.0-255,66,136753,9,146197
30768,0.001365,172.217.194.0-255,2902,139655,9,146197
30769,0.001367,172.31.36.0-255,66,139721,9,146197
30770,0.001381,172.31.36.0-255,66,139787,9,146197
30771,0.001404,172.217.194.0-255,5738,145525,9,146197
30772,0.001407,172.31.36.0-255,66,145591,9,146197
30773,0.001457,172.31.36.0-255,66,145657,9,146197
30774,0.001467,172.31.36.0-255,66,145723,9,146197
30775,0.001529,172.31.36.0-255,66,145789,9,146197
30776,0.001544,172.31.36.0-255,66,145855,9,146197
30777,0.001547,172.217.194.0-255,105,145960,9,146197
30778,0.004437,172.31.36.0-255,66,146026,9,146197
30779,0.004475,172.31.36.0-255,105,146131,9,146197
30780,0.006654,172.217.194.0-255,66,146197,9,146197
30781,0.0,172.217.194.0-255,152,152,9,183806
30782,2.2e-05,172.31.36.0-255,66,218,9,183806
30783,3e-05,172.217.194.0-255,1484,1702,9,183806
30784,3.4e-05,172.31.36.0-255,66,1768,9,183806
30785,4e-05,172.217.194.0-255,2902,4670,9,183806
30786,4.3e-05,172.31.36.0-255,66,4736,9,183806
30787,5.1e-05,172.217.194.0-255,7156,11892,9,183806
30788,5.3e-05,172.31.36.0-255,66,11958,9,183806
30789,5.8e-05,172.217.194.0-255,2064,14022,9,183806
30790,6.1e-05,172.31.36.0-255,66,14088,9,183806
30791,8.9e-05,172.217.194.0-255,5738,19826,9,183806
30792,9.2e-05,172.31.36.0-255,66,19892,9,183806
30793,0.000113,172.217.194.0-255,5738,25630,9,183806
30794,0.000116,172.31.36.0-255,66,25696,9,183806
30795,0.00013,172.31.36.0-255,66,25762,9,183806
30796,0.000159,172.217.194.0-255,4320,30082,9,183806
30797,0.000161,172.31.36.0-255,66,30148,9,183806
30798,0.000168,172.217.194.0-255,6438,36586,9,183806
30799,0.00017,172.31.36.0-255,66,36652,9,183806
30800,0.00019,172.217.194.0-255,7156,43808,9,183806
30801,0.000192,172.31.36.0-255,66,43874,9,183806
30802,0.000214,172.217.194.0-255,4320,48194,9,183806
30803,0.000216,172.31.36.0-255,66,48260,9,183806
30804,0.000251,172.217.194.0-255,4320,52580,9,183806
30805,0.000254,172.31.36.0-255,66,52646,9,183806
30806,0.000266,172.217.194.0-255,1416,54062,9,183806
30807,0.000268,172.31.36.0-255,66,54128,9,183806
30808,0.000608,172.217.194.0-255,98,54226,9,183806
30809,0.000614,172.31.36.0-255,66,54292,9,183806
30810,0.000752,172.217.194.0-255,1484,55776,9,183806
30811,0.000757,172.31.36.0-255,66,55842,9,183806
30812,0.000762,172.217.194.0-255,2902,58744,9,183806
30813,0.000764,172.31.36.0-255,66,58810,9,183806
30814,0.000768,172.217.194.0-255,1484,60294,9,183806
30815,0.00079,172.217.194.0-255,4320,64614,9,183806
30816,0.000793,172.31.36.0-255,66,64680,9,183806
30817,0.000826,172.31.36.0-255,66,64746,9,183806
30818,0.000888,172.31.36.0-255,66,64812,9,183806
30819,0.000931,172.217.194.0-255,1484,66296,9,183806
30820,0.000936,172.217.194.0-255,2902,69198,9,183806
30821,0.000942,172.31.36.0-255,66,69264,9,183806
30822,0.000953,172.217.194.0-255,5738,75002,9,183806
30823,0.000956,172.31.36.0-255,66,75068,9,183806
30824,0.000981,172.217.194.0-255,4320,79388,9,183806
30825,0.000984,172.31.36.0-255,66,79454,9,183806
30826,0.00103,172.31.36.0-255,66,79520,9,183806
30827,0.00104,172.31.36.0-255,66,79586,9,183806
30828,0.001212,172.217.194.0-255,1484,81070,9,183806
30829,0.001218,172.217.194.0-255,2902,83972,9,183806
30830,0.001221,172.31.36.0-255,66,84038,9,183806
30831,0.001248,172.217.194.0-255,5738,89776,9,183806
30832,0.001251,172.31.36.0-255,66,89842,9,183806
30833,0.001285,172.31.36.0-255,66,89908,9,183806
30834,0.001296,172.31.36.0-255,66,89974,9,183806
30835,0.001316,172.217.194.0-255,2184,92158,9,183806
30836,0.001319,172.31.36.0-255,66,92224,9,183806
30837,0.001835,172.217.194.0-255,1484,93708,9,183806
30838,0.001842,172.217.194.0-255,2902,96610,9,183806
30839,0.001846,172.31.36.0-255,66,96676,9,183806
30840,0.001858,172.217.194.0-255,1484,98160,9,183806
30841,0.001878,172.217.194.0-255,4320,102480,9,183806
30842,0.001881,172.31.36.0-255,66,102546,9,183806
30843,0.001885,172.217.194.0-255,2902,105448,9,183806
30844,0.001887,172.31.36.0-255,66,105514,9,183806
30845,0.001913,172.31.36.0-255,66,105580,9,183806
30846,0.001964,172.31.36.0-255,66,105646,9,183806
30847,0.001985,172.217.194.0-255,4320,109966,9,183806
30848,0.001987,172.31.36.0-255,66,110032,9,183806
30849,0.002013,172.217.194.0-255,6438,116470,9,183806
30850,0.002016,172.31.36.0-255,66,116536,9,183806
30851,0.002028,172.31.36.0-255,66,116602,9,183806
30852,0.002034,172.217.194.0-255,4320,120922,9,183806
30853,0.002037,172.31.36.0-255,66,120988,9,183806
30854,0.002067,172.31.36.0-255,66,121054,9,183806
30855,0.002108,172.217.194.0-255,1484,122538,9,183806
30856,0.002125,172.217.194.0-255,2902,125440,9,183806
30857,0.002129,172.31.36.0-255,66,125506,9,183806
30858,0.002136,172.217.194.0-255,5738,131244,9,183806
30859,0.002138,172.31.36.0-255,66,131310,9,183806
30860,0.002183,172.31.36.0-255,66,131376,9,183806
30861,0.002194,172.31.36.0-255,66,131442,9,183806
30862,0.00222,172.217.194.0-255,2184,133626,9,183806
30863,0.002223,172.31.36.0-255,66,133692,9,183806
30864,0.002251,172.31.36.0-255,66,133758,9,183806
30865,0.002294,172.217.194.0-255,7156,140914,9,183806
30866,0.002297,172.31.36.0-255,66,140980,9,183806
30867,0.002316,172.217.194.0-255,2902,143882,9,183806
30868,0.002318,172.31.36.0-255,66,143948,9,183806
30869,0.002334,172.31.36.0-255,66,144014,9,183806
30870,0.002359,172.31.36.0-255,66,144080,9,183806
30871,0.002382,172.217.194.0-255,5738,149818,9,183806
30872,0.002385,172.31.36.0-255,66,149884,9,183806
30873,0.002401,172.217.194.0-255,4320,154204,9,183806
30874,0.00242,172.217.194.0-255,7156,161360,9,183806
30875,0.002437,172.217.194.0-255,5738,167098,9,183806
30876,0.002466,172.217.194.0-255,5738,172836,9,183806
30877,0.006772,172.31.36.0-255,66,172902,9,183806
30878,0.007036,172.31.36.0-255,101,173003,9,183806
30879,0.009302,172.217.194.0-255,105,173108,9,183806
30880,0.009583,172.217.194.0-255,66,173174,9,183806
30881,0.010408,172.31.36.0-255,105,173279,9,183806
30882,0.012931,172.217.194.0-255,66,173345,9,183806
30883,0.03898,172.31.36.0-255,172,173517,9,183806
30884,0.039017,172.31.36.0-255,1116,174633,9,183806
30885,0.039083,172.31.36.0-255,1514,176147,9,183806
30886,0.039086,172.31.36.0-255,1514,177661,9,183806
30887,0.039087,172.31.36.0-255,1514,179175,9,183806
30888,0.039088,172.31.36.0-255,1514,180689,9,183806
30889,0.039116,172.31.36.0-255,1514,182203,9,183806
30890,0.039118,172.31.36.0-255,1165,183368,9,183806
30891,0.040527,104.244.42.0-255,66,183434,9,183806
30892,0.040539,104.244.42.0-255,66,183500,9,183806
30893,0.04068,104.244.42.0-255,66,183566,9,183806
30894,0.040686,104.244.42.0-255,66,183632,9,183806
30895,0.045815,172.31.36.0-255,108,183740,9,183806
30896,0.04733,104.244.42.0-255,66,183806,9,183806
30897,0.0,172.253.118.0-255,296,296,9,156495
30898,2.3e-05,172.31.36.0-255,66,362,9,156495
30899,3e-05,172.253.118.0-255,1484,1846,9,156495
30900,3.4e-05,172.31.36.0-255,66,1912,9,156495
30901,4e-05,172.253.118.0-255,4320,6232,9,156495
30902,5.3e-05,172.31.36.0-255,66,6298,9,156495
30903,6.6e-05,172.31.36.0-255,66,6364,9,156495
30904,7.9e-05,172.31.36.0-255,66,6430,9,156495
30905,0.000105,172.253.118.0-255,5379,11809,9,156495
30906,0.000112,172.31.36.0-255,66,11875,9,156495
30907,0.000165,172.253.118.0-255,1484,13359,9,156495
30908,0.000168,172.31.36.0-255,66,13425,9,156495
30909,0.000173,172.253.118.0-255,2902,16327,9,156495
30910,0.000175,172.31.36.0-255,66,16393,9,156495
30911,0.000205,172.253.118.0-255,4320,20713,9,156495
30912,0.000207,172.31.36.0-255,66,20779,9,156495
30913,0.000213,172.253.118.0-255,5738,26517,9,156495
30914,0.000216,172.31.36.0-255,66,26583,9,156495
30915,0.000242,172.253.118.0-255,2543,29126,9,156495
30916,0.000244,172.31.36.0-255,66,29192,9,156495
30917,0.00291,172.253.118.0-255,1484,30676,9,156495
30918,0.002919,172.31.36.0-255,66,30742,9,156495
30919,0.002929,172.253.118.0-255,2902,33644,9,156495
30920,0.002937,172.31.36.0-255,66,33710,9,156495
30921,0.002941,172.253.118.0-255,1484,35194,9,156495
30922,0.002944,172.31.36.0-255,66,35260,9,156495
30923,0.00522,172.253.118.0-255,2902,38162,9,156495
30924,0.005224,172.31.36.0-255,66,38228,9,156495
30925,0.005268,172.253.118.0-255,2902,41130,9,156495
30926,0.005282,172.31.36.0-255,66,41196,9,156495
30927,0.007547,172.253.118.0-255,2902,44098,9,156495
30928,0.007553,172.31.36.0-255,66,44164,9,156495
30929,0.007576,172.253.118.0-255,2902,47066,9,156495
30930,0.007579,172.31.36.0-255,66,47132,9,156495
30931,0.009864,172.253.118.0-255,2902,50034,9,156495
30932,0.009871,172.31.36.0-255,66,50100,9,156495
30933,0.0099,172.253.118.0-255,2902,53002,9,156495
30934,0.009903,172.31.36.0-255,66,53068,9,156495
30935,0.012194,172.253.118.0-255,4320,57388,9,156495
30936,0.012202,172.31.36.0-255,66,57454,9,156495
30937,0.012233,172.253.118.0-255,1484,58938,9,156495
30938,0.014504,172.253.118.0-255,4320,63258,9,156495
30939,0.014513,172.31.36.0-255,66,63324,9,156495
30940,0.016837,172.253.118.0-255,5738,69062,9,156495
30941,0.016848,172.31.36.0-255,66,69128,9,156495
30942,0.019152,172.253.118.0-255,5738,74866,9,156495
30943,0.019162,172.31.36.0-255,66,74932,9,156495
30944,0.021439,172.253.118.0-255,5738,80670,9,156495
30945,0.021449,172.31.36.0-255,66,80736,9,156495
30946,0.023738,172.253.118.0-255,5738,86474,9,156495
30947,0.023747,172.31.36.0-255,66,86540,9,156495
30948,0.025392,172.31.36.0-255,172,86712,9,156495
30949,0.025424,172.31.36.0-255,1116,87828,9,156495
30950,0.025485,172.31.36.0-255,1514,89342,9,156495
30951,0.025487,172.31.36.0-255,1514,90856,9,156495
30952,0.025492,172.31.36.0-255,1514,92370,9,156495
30953,0.025493,172.31.36.0-255,1063,93433,9,156495
30954,0.026034,172.253.118.0-255,2902,96335,9,156495
30955,0.02604,172.31.36.0-255,66,96401,9,156495
30956,0.026067,172.253.118.0-255,2902,99303,9,156495
30957,0.02607,172.31.36.0-255,66,99369,9,156495
30958,0.02696,104.244.42.0-255,66,99435,9,156495
30959,0.026995,104.244.42.0-255,66,99501,9,156495
30960,0.027053,104.244.42.0-255,66,99567,9,156495
30961,0.027058,104.244.42.0-255,66,99633,9,156495
30962,0.027703,104.244.42.0-255,108,99741,9,156495
30963,0.027711,172.31.36.0-255,66,99807,9,156495
30964,0.028342,172.253.118.0-255,4320,104127,9,156495
30965,0.028347,172.31.36.0-255,66,104193,9,156495
30966,0.028375,172.253.118.0-255,1484,105677,9,156495
30967,0.03064,172.253.118.0-255,4320,109997,9,156495
30968,0.030648,172.31.36.0-255,66,110063,9,156495
30969,0.032945,172.253.118.0-255,5738,115801,9,156495
30970,0.032953,172.31.36.0-255,66,115867,9,156495
30971,0.035253,172.253.118.0-255,5738,121605,9,156495
30972,0.03526,172.31.36.0-255,66,121671,9,156495
30973,0.037551,172.253.118.0-255,5738,127409,9,156495
30974,0.037558,172.31.36.0-255,66,127475,9,156495
30975,0.039878,172.253.118.0-255,5738,133213,9,156495
30976,0.03989,172.31.36.0-255,66,133279,9,156495
30977,0.042173,172.253.118.0-255,5738,139017,9,156495
30978,0.042182,172.31.36.0-255,66,139083,9,156495
30979,0.044492,172.253.118.0-255,5738,144821,9,156495
30980,0.0445,172.31.36.0-255,66,144887,9,156495
30981,0.046819,172.253.118.0-255,5738,150625,9,156495
30982,0.046828,172.31.36.0-255,66,150691,9,156495
30983,0.049144,172.253.118.0-255,5738,156429,9,156495
30984,0.049156,172.31.36.0-255,66,156495,9,156495
30985,0.0,172.31.36.0-255,105,105,9,105
30986,0.0,172.31.36.0-255,74,74,9,7116
30987,0.001539,104.244.42.0-255,74,148,9,7116
30988,0.001561,172.31.36.0-255,66,214,9,7116
30989,0.005096,172.31.36.0-255,583,797,9,7116
30990,0.006706,104.244.42.0-255,66,863,9,7116
30991,0.008771,104.244.42.0-255,3353,4216,9,7116
30992,0.008782,172.31.36.0-255,66,4282,9,7116
30993,0.013034,172.31.36.0-255,192,4474,9,7116
30994,0.013458,172.31.36.0-255,243,4717,9,7116
30995,0.014972,104.244.42.0-255,308,5025,9,7116
30996,0.014983,172.31.36.0-255,408,5433,9,7116
30997,0.015045,104.244.42.0-255,110,5543,9,7116
30998,0.015249,104.244.42.0-255,104,5647,9,7116
30999,0.015275,172.31.36.0-255,104,5751,9,7116
31000,0.016921,104.244.42.0-255,625,6376,9,7116
31001,0.017957,172.31.36.0-255,740,7116,9,7116
31002,0.0,74.125.24.0-255,153,153,9,285884
31003,2e-05,172.31.36.0-255,66,219,9,285884
31004,2.7e-05,74.125.24.0-255,1484,1703,9,285884
31005,3.1e-05,172.31.36.0-255,66,1769,9,285884
31006,3.6e-05,74.125.24.0-255,2902,4671,9,285884
31007,3.8e-05,172.31.36.0-255,66,4737,9,285884
31008,5.7e-05,74.125.24.0-255,2902,7639,9,285884
31009,5.9e-05,172.31.36.0-255,66,7705,9,285884
31010,8.3e-05,74.125.24.0-255,1484,9189,9,285884
31011,8.6e-05,172.31.36.0-255,66,9255,9,285884
31012,9.3e-05,74.125.24.0-255,4913,14168,9,285884
31013,9.5e-05,172.31.36.0-255,66,14234,9,285884
31014,0.000102,74.125.24.0-255,7156,21390,9,285884
31015,0.000104,172.31.36.0-255,66,21456,9,285884
31016,0.000133,74.125.24.0-255,4320,25776,9,285884
31017,0.000136,172.31.36.0-255,66,25842,9,285884
31018,0.000142,74.125.24.0-255,5379,31221,9,285884
31019,0.000145,172.31.36.0-255,66,31287,9,285884
31020,0.000337,74.125.24.0-255,1484,32771,9,285884
31021,0.000341,172.31.36.0-255,66,32837,9,285884
31022,0.000346,74.125.24.0-255,2902,35739,9,285884
31023,0.000349,172.31.36.0-255,66,35805,9,285884
31024,0.000372,74.125.24.0-255,4320,40125,9,285884
31025,0.000375,172.31.36.0-255,66,40191,9,285884
31026,0.000382,74.125.24.0-255,5738,45929,9,285884
31027,0.000384,172.31.36.0-255,66,45995,9,285884
31028,0.0004,74.125.24.0-255,2902,48897,9,285884
31029,0.000403,172.31.36.0-255,66,48963,9,285884
31030,0.000444,74.125.24.0-255,4320,53283,9,285884
31031,0.00045,172.31.36.0-255,66,53349,9,285884
31032,0.000467,172.31.36.0-255,66,53415,9,285884
31033,0.000473,74.125.24.0-255,3602,57017,9,285884
31034,0.000474,172.31.36.0-255,66,57083,9,285884
31035,0.000497,74.125.24.0-255,647,57730,9,285884
31036,0.000521,74.125.24.0-255,1484,59214,9,285884
31037,0.000524,172.31.36.0-255,66,59280,9,285884
31038,0.000541,74.125.24.0-255,4320,63600,9,285884
31039,0.000544,172.31.36.0-255,66,63666,9,285884
31040,0.000573,172.31.36.0-255,66,63732,9,285884
31041,0.000576,74.125.24.0-255,1484,65216,9,285884
31042,0.000607,172.31.36.0-255,66,65282,9,285884
31043,0.000629,74.125.24.0-255,2902,68184,9,285884
31044,0.000632,172.31.36.0-255,66,68250,9,285884
31045,0.000637,74.125.24.0-255,3602,71852,9,285884
31046,0.00064,172.31.36.0-255,66,71918,9,285884
31047,0.000699,74.125.24.0-255,1484,73402,9,285884
31048,0.000705,74.125.24.0-255,2902,76304,9,285884
31049,0.000708,74.125.24.0-255,1484,77788,9,285884
31050,0.000709,172.31.36.0-255,66,77854,9,285884
31051,0.000728,74.125.24.0-255,4320,82174,9,285884
31052,0.000731,172.31.36.0-255,66,82240,9,285884
31053,0.000738,74.125.24.0-255,5738,87978,9,285884
31054,0.00074,172.31.36.0-255,66,88044,9,285884
31055,0.00076,74.125.24.0-255,7156,95200,9,285884
31056,0.000763,172.31.36.0-255,66,95266,9,285884
31057,0.000769,74.125.24.0-255,4320,99586,9,285884
31058,0.000771,172.31.36.0-255,66,99652,9,285884
31059,0.000801,74.125.24.0-255,6438,106090,9,285884
31060,0.000804,172.31.36.0-255,66,106156,9,285884
31061,0.000809,74.125.24.0-255,2902,109058,9,285884
31062,0.000811,172.31.36.0-255,66,109124,9,285884
31063,0.000836,172.31.36.0-255,66,109190,9,285884
31064,0.000843,74.125.24.0-255,7156,116346,9,285884
31065,0.000845,172.31.36.0-255,66,116412,9,285884
31066,0.000867,74.125.24.0-255,2902,119314,9,285884
31067,0.00087,172.31.36.0-255,66,119380,9,285884
31068,0.000875,74.125.24.0-255,2902,122282,9,285884
31069,0.000877,172.31.36.0-255,66,122348,9,285884
31070,0.000901,172.31.36.0-255,66,122414,9,285884
31071,0.001018,74.125.24.0-255,1484,123898,9,285884
31072,0.001025,74.125.24.0-255,2902,126800,9,285884
31073,0.001028,172.31.36.0-255,66,126866,9,285884
31074,0.001031,74.125.24.0-255,1484,128350,9,285884
31075,0.001055,74.125.24.0-255,4320,132670,9,285884
31076,0.001058,172.31.36.0-255,66,132736,9,285884
31077,0.001069,172.31.36.0-255,66,132802,9,285884
31078,0.001083,74.125.24.0-255,2902,135704,9,285884
31079,0.001085,172.31.36.0-255,66,135770,9,285884
31080,0.001098,172.31.36.0-255,66,135836,9,285884
31081,0.001226,74.125.24.0-255,1484,137320,9,285884
31082,0.001231,74.125.24.0-255,1484,138804,9,285884
31083,0.001234,172.31.36.0-255,66,138870,9,285884
31084,0.001248,74.125.24.0-255,1484,140354,9,285884
31085,0.001254,74.125.24.0-255,5738,146092,9,285884
31086,0.001257,172.31.36.0-255,66,146158,9,285884
31087,0.00126,74.125.24.0-255,1484,147642,9,285884
31088,0.001286,172.31.36.0-255,66,147708,9,285884
31089,0.001293,74.125.24.0-255,7156,154864,9,285884
31090,0.001296,172.31.36.0-255,66,154930,9,285884
31091,0.001336,74.125.24.0-255,3602,158532,9,285884
31092,0.001339,172.31.36.0-255,66,158598,9,285884
31093,0.001393,74.125.24.0-255,1484,160082,9,285884
31094,0.001397,74.125.24.0-255,2902,162984,9,285884
31095,0.001399,74.125.24.0-255,1484,164468,9,285884
31096,0.001401,172.31.36.0-255,66,164534,9,285884
31097,0.001419,74.125.24.0-255,4320,168854,9,285884
31098,0.001422,172.31.36.0-255,66,168920,9,285884
31099,0.001454,172.31.36.0-255,66,168986,9,285884
31100,0.001487,172.31.36.0-255,66,169052,9,285884
31101,0.001494,74.125.24.0-255,5020,174072,9,285884
31102,0.001496,172.31.36.0-255,66,174138,9,285884
31103,0.001562,74.125.24.0-255,1484,175622,9,285884
31104,0.001567,74.125.24.0-255,2902,178524,9,285884
31105,0.001569,172.31.36.0-255,66,178590,9,285884
31106,0.00159,74.125.24.0-255,4320,182910,9,285884
31107,0.001593,172.31.36.0-255,66,182976,9,285884
31108,0.001617,74.125.24.0-255,5738,188714,9,285884
31109,0.00162,172.31.36.0-255,66,188780,9,285884
31110,0.001643,74.125.24.0-255,5738,194518,9,285884
31111,0.001647,172.31.36.0-255,66,194584,9,285884
31112,0.001661,74.125.24.0-255,5738,200322,9,285884
31113,0.001664,172.31.36.0-255,66,200388,9,285884
31114,0.001689,74.125.24.0-255,4320,204708,9,285884
31115,0.001694,172.31.36.0-255,66,204774,9,285884
31116,0.001704,74.125.24.0-255,3602,208376,9,285884
31117,0.001706,172.31.36.0-255,66,208442,9,285884
31118,0.001797,74.125.24.0-255,1484,209926,9,285884
31119,0.001802,74.125.24.0-255,2902,212828,9,285884
31120,0.001805,172.31.36.0-255,66,212894,9,285884
31121,0.001823,74.125.24.0-255,4320,217214,9,285884
31122,0.001826,172.31.36.0-255,66,217280,9,285884
31123,0.001852,74.125.24.0-255,1484,218764,9,285884
31124,0.001866,172.31.36.0-255,66,218830,9,285884
31125,0.001896,74.125.24.0-255,4320,223150,9,285884
31126,0.001899,172.31.36.0-255,66,223216,9,285884
31127,0.001922,74.125.24.0-255,6438,229654,9,285884
31128,0.001925,172.31.36.0-255,66,229720,9,285884
31129,0.001977,74.125.24.0-255,1484,231204,9,285884
31130,0.001996,74.125.24.0-255,2902,234106,9,285884
31131,0.002,172.31.36.0-255,66,234172,9,285884
31132,0.002019,74.125.24.0-255,5738,239910,9,285884
31133,0.002023,172.31.36.0-255,66,239976,9,285884
31134,0.002036,74.125.24.0-255,1484,241460,9,285884
31135,0.002059,172.31.36.0-255,66,241526,9,285884
31136,0.002064,74.125.24.0-255,4320,245846,9,285884
31137,0.002066,172.31.36.0-255,66,245912,9,285884
31138,0.002109,74.125.24.0-255,2902,248814,9,285884
31139,0.002112,172.31.36.0-255,66,248880,9,285884
31140,0.002133,74.125.24.0-255,3602,252482,9,285884
31141,0.002136,172.31.36.0-255,66,252548,9,285884
31142,0.002202,74.125.24.0-255,1484,254032,9,285884
31143,0.002206,74.125.24.0-255,1484,255516,9,285884
31144,0.002211,172.31.36.0-255,66,255582,9,285884
31145,0.002216,74.125.24.0-255,1484,257066,9,285884
31146,0.002222,74.125.24.0-255,2902,259968,9,285884
31147,0.002225,172.31.36.0-255,66,260034,9,285884
31148,0.002247,74.125.24.0-255,2902,262936,9,285884
31149,0.002251,172.31.36.0-255,66,263002,9,285884
31150,0.002257,172.31.36.0-255,101,263103,9,285884
31151,0.002261,172.31.36.0-255,66,263169,9,285884
31152,0.002278,74.125.24.0-255,7156,270325,9,285884
31153,0.002281,172.31.36.0-255,66,270391,9,285884
31154,0.002297,74.125.24.0-255,2902,273293,9,285884
31155,0.002299,172.31.36.0-255,66,273359,9,285884
31156,0.002305,74.125.24.0-255,4320,277679,9,285884
31157,0.002307,172.31.36.0-255,66,277745,9,285884
31158,0.002344,172.31.36.0-255,66,277811,9,285884
31159,0.002346,74.125.24.0-255,1465,279276,9,285884
31160,0.004538,74.125.24.0-255,66,279342,9,285884
31161,0.004589,74.125.24.0-255,105,279447,9,285884
31162,0.004594,172.31.36.0-255,66,279513,9,285884
31163,0.009304,172.31.36.0-255,105,279618,9,285884
31164,0.01535,74.125.24.0-255,66,279684,9,285884
31165,0.042447,172.31.36.0-255,172,279856,9,285884
31166,0.042478,172.31.36.0-255,1115,280971,9,285884
31167,0.042547,172.31.36.0-255,1514,282485,9,285884
31168,0.042548,172.31.36.0-255,1514,283999,9,285884
31169,0.04255,172.31.36.0-255,1514,285513,9,285884
31170,0.04255,172.31.36.0-255,107,285620,9,285884
31171,0.043991,104.244.42.0-255,66,285686,9,285884
31172,0.044032,104.244.42.0-255,66,285752,9,285884
31173,0.044146,104.244.42.0-255,66,285818,9,285884
31174,0.044152,104.244.42.0-255,66,285884,9,285884
31175,0.0,172.217.194.0-255,152,152,9,251813
31176,1.6e-05,172.31.36.0-255,66,218,9,251813
31177,2.2e-05,172.217.194.0-255,1484,1702,9,251813
31178,2.6e-05,172.31.36.0-255,66,1768,9,251813
31179,3.3e-05,172.217.194.0-255,2902,4670,9,251813
31180,3.6e-05,172.31.36.0-255,66,4736,9,251813
31181,5.3e-05,172.217.194.0-255,7156,11892,9,251813
31182,5.6e-05,172.31.36.0-255,66,11958,9,251813
31183,6e-05,172.217.194.0-255,2002,13960,9,251813
31184,6.3e-05,172.31.36.0-255,66,14026,9,251813
31185,6.9e-05,172.217.194.0-255,4320,18346,9,251813
31186,7.2e-05,172.31.36.0-255,66,18412,9,251813
31187,0.00011,172.217.194.0-255,7156,25568,9,251813
31188,0.000113,172.31.36.0-255,66,25634,9,251813
31189,0.00012,172.217.194.0-255,5379,31013,9,251813
31190,0.000123,172.31.36.0-255,66,31079,9,251813
31191,0.00015,172.217.194.0-255,4320,35399,9,251813
31192,0.000153,172.31.36.0-255,66,35465,9,251813
31193,0.000184,172.217.194.0-255,1484,36949,9,251813
31194,0.000187,172.31.36.0-255,66,37015,9,251813
31195,0.000194,172.217.194.0-255,7156,44171,9,251813
31196,0.000197,172.31.36.0-255,66,44237,9,251813
31197,0.000202,172.217.194.0-255,3961,48198,9,251813
31198,0.000205,172.31.36.0-255,66,48264,9,251813
31199,0.000227,172.217.194.0-255,4320,52584,9,251813
31200,0.000231,172.31.36.0-255,66,52650,9,251813
31201,0.000274,172.31.36.0-255,66,52716,9,251813
31202,0.000278,172.217.194.0-255,2543,55259,9,251813
31203,0.000281,172.31.36.0-255,66,55325,9,251813
31204,0.000601,172.217.194.0-255,646,55971,9,251813
31205,0.000607,172.31.36.0-255,66,56037,9,251813
31206,0.000999,172.217.194.0-255,1484,57521,9,251813
31207,0.001007,172.217.194.0-255,2902,60423,9,251813
31208,0.00101,172.31.36.0-255,66,60489,9,251813
31209,0.001041,172.217.194.0-255,5738,66227,9,251813
31210,0.001044,172.31.36.0-255,66,66293,9,251813
31211,0.001047,172.217.194.0-255,1484,67777,9,251813
31212,0.001084,172.31.36.0-255,66,67843,9,251813
31213,0.001095,172.31.36.0-255,66,67909,9,251813
31214,0.001112,172.217.194.0-255,2184,70093,9,251813
31215,0.001115,172.31.36.0-255,66,70159,9,251813
31216,0.001132,172.31.36.0-255,66,70225,9,251813
31217,0.001156,172.217.194.0-255,1484,71709,9,251813
31218,0.001169,172.31.36.0-255,66,71775,9,251813
31219,0.001245,172.217.194.0-255,5738,77513,9,251813
31220,0.001249,172.31.36.0-255,66,77579,9,251813
31221,0.00128,172.217.194.0-255,4471,82050,9,251813
31222,0.001284,172.31.36.0-255,66,82116,9,251813
31223,0.001297,172.31.36.0-255,66,82182,9,251813
31224,0.001309,172.31.36.0-255,66,82248,9,251813
31225,0.001321,172.31.36.0-255,66,82314,9,251813
31226,0.001346,172.217.194.0-255,1484,83798,9,251813
31227,0.001364,172.217.194.0-255,2902,86700,9,251813
31228,0.001367,172.31.36.0-255,66,86766,9,251813
31229,0.001373,172.217.194.0-255,4320,91086,9,251813
31230,0.001375,172.31.36.0-255,66,91152,9,251813
31231,0.001402,172.217.194.0-255,1484,92636,9,251813
31232,0.001416,172.31.36.0-255,66,92702,9,251813
31233,0.00142,172.217.194.0-255,2902,95604,9,251813
31234,0.001423,172.31.36.0-255,66,95670,9,251813
31235,0.001467,172.31.36.0-255,66,95736,9,251813
31236,0.001986,172.217.194.0-255,1484,97220,9,251813
31237,0.002,172.217.194.0-255,2902,100122,9,251813
31238,0.002004,172.31.36.0-255,66,100188,9,251813
31239,0.00201,172.217.194.0-255,2902,103090,9,251813
31240,0.002012,172.31.36.0-255,66,103156,9,251813
31241,0.002047,172.217.194.0-255,2902,106058,9,251813
31242,0.002053,172.31.36.0-255,66,106124,9,251813
31243,0.002057,172.31.36.0-255,66,106190,9,251813
31244,0.00209,172.217.194.0-255,4320,110510,9,251813
31245,0.002094,172.31.36.0-255,66,110576,9,251813
31246,0.002103,172.31.36.0-255,66,110642,9,251813
31247,0.004141,172.217.194.0-255,5738,116380,9,251813
31248,0.004148,172.31.36.0-255,66,116446,9,251813
31249,0.006183,172.217.194.0-255,5738,122184,9,251813
31250,0.006186,172.31.36.0-255,66,122250,9,251813
31251,0.008229,172.217.194.0-255,5738,127988,9,251813
31252,0.008236,172.31.36.0-255,66,128054,9,251813
31253,0.010322,172.217.194.0-255,5738,133792,9,251813
31254,0.010329,172.31.36.0-255,66,133858,9,251813
31255,0.012405,172.217.194.0-255,5738,139596,9,251813
31256,0.012418,172.31.36.0-255,66,139662,9,251813
31257,0.014442,172.217.194.0-255,5738,145400,9,251813
31258,0.014455,172.31.36.0-255,66,145466,9,251813
31259,0.016519,172.217.194.0-255,5738,151204,9,251813
31260,0.016534,172.31.36.0-255,66,151270,9,251813
31261,0.018614,172.217.194.0-255,5738,157008,9,251813
31262,0.018629,172.31.36.0-255,66,157074,9,251813
31263,0.020645,172.217.194.0-255,5738,162812,9,251813
31264,0.020653,172.31.36.0-255,66,162878,9,251813
31265,0.022697,172.217.194.0-255,5738,168616,9,251813
31266,0.022708,172.31.36.0-255,66,168682,9,251813
31267,0.024763,172.217.194.0-255,5738,174420,9,251813
31268,0.024774,172.31.36.0-255,66,174486,9,251813
31269,0.026814,172.217.194.0-255,5738,180224,9,251813
31270,0.026821,172.31.36.0-255,66,180290,9,251813
31271,0.028851,172.217.194.0-255,5738,186028,9,251813
31272,0.028858,172.31.36.0-255,66,186094,9,251813
31273,0.030946,172.217.194.0-255,5738,191832,9,251813
31274,0.030953,172.31.36.0-255,66,191898,9,251813
31275,0.032971,172.217.194.0-255,5738,197636,9,251813
31276,0.032978,172.31.36.0-255,66,197702,9,251813
31277,0.034482,172.31.36.0-255,176,197878,9,251813
31278,0.034505,172.31.36.0-255,1115,198993,9,251813
31279,0.034569,172.31.36.0-255,1514,200507,9,251813
31280,0.034571,172.31.36.0-255,1514,202021,9,251813
31281,0.034573,172.31.36.0-255,1514,203535,9,251813
31282,0.034574,172.31.36.0-255,1514,205049,9,251813
31283,0.034575,172.31.36.0-255,1486,206535,9,251813
31284,0.035017,172.217.194.0-255,5738,212273,9,251813
31285,0.035023,172.31.36.0-255,66,212339,9,251813
31286,0.036039,104.244.42.0-255,66,212405,9,251813
31287,0.03606,104.244.42.0-255,66,212471,9,251813
31288,0.036135,104.244.42.0-255,66,212537,9,251813
31289,0.037079,172.217.194.0-255,5738,218275,9,251813
31290,0.037087,172.31.36.0-255,66,218341,9,251813
31291,0.039133,172.217.194.0-255,5738,224079,9,251813
31292,0.039139,172.31.36.0-255,66,224145,9,251813
31293,0.04115,172.217.194.0-255,5738,229883,9,251813
31294,0.041171,172.31.36.0-255,66,229949,9,251813
31295,0.043195,172.217.194.0-255,5738,235687,9,251813
31296,0.043201,172.31.36.0-255,66,235753,9,251813
31297,0.045234,172.217.194.0-255,4320,240073,9,251813
31298,0.04524,172.31.36.0-255,66,240139,9,251813
31299,0.045278,172.217.194.0-255,1484,241623,9,251813
31300,0.047272,172.217.194.0-255,4320,245943,9,251813
31301,0.047278,172.31.36.0-255,66,246009,9,251813
31302,0.049327,172.217.194.0-255,5738,251747,9,251813
31303,0.049332,172.31.36.0-255,66,251813,9,251813
31304,0.0,74.125.200.0-255,146,146,9,318817
31305,3.6e-05,172.31.36.0-255,66,212,9,318817
31306,4.3e-05,74.125.200.0-255,1484,1696,9,318817
31307,4.7e-05,172.31.36.0-255,66,1762,9,318817
31308,5.3e-05,74.125.200.0-255,2902,4664,9,318817
31309,5.6e-05,172.31.36.0-255,66,4730,9,318817
31310,5.9e-05,74.125.200.0-255,1484,6214,9,318817
31311,6.2e-05,172.31.36.0-255,66,6280,9,318817
31312,6.7e-05,74.125.200.0-255,2902,9182,9,318817
31313,6.9e-05,172.31.36.0-255,66,9248,9,318817
31314,0.000105,74.125.200.0-255,4876,14124,9,318817
31315,0.000109,172.31.36.0-255,66,14190,9,318817
31316,0.000529,74.125.200.0-255,1484,15674,9,318817
31317,0.000534,172.31.36.0-255,66,15740,9,318817
31318,0.000544,74.125.200.0-255,2902,18642,9,318817
31319,0.000547,172.31.36.0-255,66,18708,9,318817
31320,0.000551,74.125.200.0-255,1484,20192,9,318817
31321,0.000553,172.31.36.0-255,66,20258,9,318817
31322,0.000584,74.125.200.0-255,2902,23160,9,318817
31323,0.000587,172.31.36.0-255,66,23226,9,318817
31324,0.000594,74.125.200.0-255,5738,28964,9,318817
31325,0.000597,172.31.36.0-255,66,29030,9,318817
31326,0.0006,74.125.200.0-255,1484,30514,9,318817
31327,0.000602,172.31.36.0-255,66,30580,9,318817
31328,0.000632,74.125.200.0-255,2543,33123,9,318817
31329,0.000635,172.31.36.0-255,66,33189,9,318817
31330,0.000684,74.125.200.0-255,4320,37509,9,318817
31331,0.00069,172.31.36.0-255,66,37575,9,318817
31332,0.000696,74.125.200.0-255,5738,43313,9,318817
31333,0.000698,172.31.36.0-255,66,43379,9,318817
31334,0.000702,74.125.200.0-255,2902,46281,9,318817
31335,0.000704,172.31.36.0-255,66,46347,9,318817
31336,0.000727,74.125.200.0-255,2902,49249,9,318817
31337,0.00073,172.31.36.0-255,66,49315,9,318817
31338,0.000737,74.125.200.0-255,7156,56471,9,318817
31339,0.000739,172.31.36.0-255,66,56537,9,318817
31340,0.000773,74.125.200.0-255,5738,62275,9,318817
31341,0.000776,172.31.36.0-255,66,62341,9,318817
31342,0.000818,74.125.200.0-255,3602,65943,9,318817
31343,0.000822,172.31.36.0-255,66,66009,9,318817
31344,0.000825,74.125.200.0-255,426,66435,9,318817
31345,0.000828,172.31.36.0-255,66,66501,9,318817
31346,0.001032,74.125.200.0-255,1484,67985,9,318817
31347,0.001038,172.31.36.0-255,66,68051,9,318817
31348,0.001044,74.125.200.0-255,2902,70953,9,318817
31349,0.001047,172.31.36.0-255,66,71019,9,318817
31350,0.001066,74.125.200.0-255,1484,72503,9,318817
31351,0.001071,74.125.200.0-255,2902,75405,9,318817
31352,0.001082,172.31.36.0-255,66,75471,9,318817
31353,0.001091,74.125.200.0-255,1484,76955,9,318817
31354,0.001113,74.125.200.0-255,4320,81275,9,318817
31355,0.001117,74.125.200.0-255,1484,82759,9,318817
31356,0.00112,74.125.200.0-255,1484,84243,9,318817
31357,0.001131,74.125.200.0-255,1484,85727,9,318817
31358,0.001153,74.125.200.0-255,2902,88629,9,318817
31359,0.001168,74.125.200.0-255,2902,91531,9,318817
31360,0.001171,74.125.200.0-255,1484,93015,9,318817
31361,0.001174,74.125.200.0-255,2902,95917,9,318817
31362,0.001179,172.31.36.0-255,66,95983,9,318817
31363,0.001201,172.31.36.0-255,66,96049,9,318817
31364,0.001233,74.125.200.0-255,5020,101069,9,318817
31365,0.001239,172.31.36.0-255,66,101135,9,318817
31366,0.001246,74.125.200.0-255,349,101484,9,318817
31367,0.001441,74.125.200.0-255,1484,102968,9,318817
31368,0.001445,172.31.36.0-255,66,103034,9,318817
31369,0.001448,74.125.200.0-255,1484,104518,9,318817
31370,0.001462,74.125.200.0-255,1484,106002,9,318817
31371,0.001466,74.125.200.0-255,2902,108904,9,318817
31372,0.00149,74.125.200.0-255,4320,113224,9,318817
31373,0.001496,172.31.36.0-255,66,113290,9,318817
31374,0.001508,74.125.200.0-255,4320,117610,9,318817
31375,0.001523,74.125.200.0-255,4320,121930,9,318817
31376,0.001527,74.125.200.0-255,2902,124832,9,318817
31377,0.001542,74.125.200.0-255,1484,126316,9,318817
31378,0.001545,172.31.36.0-255,66,126382,9,318817
31379,0.001584,74.125.200.0-255,2902,129284,9,318817
31380,0.001589,172.31.36.0-255,66,129350,9,318817
31381,0.001612,74.125.200.0-255,6438,135788,9,318817
31382,0.001616,172.31.36.0-255,66,135854,9,318817
31383,0.001777,74.125.200.0-255,1484,137338,9,318817
31384,0.001793,74.125.200.0-255,2902,140240,9,318817
31385,0.001796,172.31.36.0-255,66,140306,9,318817
31386,0.001816,74.125.200.0-255,4320,144626,9,318817
31387,0.001822,172.31.36.0-255,66,144692,9,318817
31388,0.00184,74.125.200.0-255,1484,146176,9,318817
31389,0.001864,74.125.200.0-255,7156,153332,9,318817
31390,0.001869,74.125.200.0-255,4320,157652,9,318817
31391,0.001893,74.125.200.0-255,5738,163390,9,318817
31392,0.001905,172.31.36.0-255,66,163456,9,318817
31393,0.001933,74.125.200.0-255,2902,166358,9,318817
31394,0.001945,74.125.200.0-255,1484,167842,9,318817
31395,0.001952,172.31.36.0-255,66,167908,9,318817
31396,0.001965,74.125.200.0-255,2184,170092,9,318817
31397,0.001982,172.31.36.0-255,66,170158,9,318817
31398,0.002057,74.125.200.0-255,1484,171642,9,318817
31399,0.002075,74.125.200.0-255,1484,173126,9,318817
31400,0.002077,172.31.36.0-255,66,173192,9,318817
31401,0.004051,74.125.200.0-255,2902,176094,9,318817
31402,0.004056,172.31.36.0-255,66,176160,9,318817
31403,0.004116,74.125.200.0-255,2902,179062,9,318817
31404,0.004119,172.31.36.0-255,66,179128,9,318817
31405,0.006093,74.125.200.0-255,2902,182030,9,318817
31406,0.0061,172.31.36.0-255,66,182096,9,318817
31407,0.006167,74.125.200.0-255,2902,184998,9,318817
31408,0.006196,172.31.36.0-255,66,185064,9,318817
31409,0.008148,74.125.200.0-255,2902,187966,9,318817
31410,0.008157,172.31.36.0-255,66,188032,9,318817
31411,0.00823,74.125.200.0-255,2902,190934,9,318817
31412,0.008257,172.31.36.0-255,66,191000,9,318817
31413,0.010202,74.125.200.0-255,2902,193902,9,318817
31414,0.010209,172.31.36.0-255,66,193968,9,318817
31415,0.010303,74.125.200.0-255,2902,196870,9,318817
31416,0.010309,172.31.36.0-255,66,196936,9,318817
31417,0.012256,74.125.200.0-255,2902,199838,9,318817
31418,0.012266,172.31.36.0-255,66,199904,9,318817
31419,0.012344,74.125.200.0-255,2902,202806,9,318817
31420,0.012368,172.31.36.0-255,66,202872,9,318817
31421,0.014317,74.125.200.0-255,2902,205774,9,318817
31422,0.014325,172.31.36.0-255,66,205840,9,318817
31423,0.014407,74.125.200.0-255,2902,208742,9,318817
31424,0.014422,172.31.36.0-255,66,208808,9,318817
31425,0.016374,74.125.200.0-255,2902,211710,9,318817
31426,0.016379,172.31.36.0-255,66,211776,9,318817
31427,0.016469,74.125.200.0-255,2902,214678,9,318817
31428,0.016492,172.31.36.0-255,66,214744,9,318817
31429,0.018464,74.125.200.0-255,2902,217646,9,318817
31430,0.01847,172.31.36.0-255,66,217712,9,318817
31431,0.018526,74.125.200.0-255,1484,219196,9,318817
31432,0.018545,74.125.200.0-255,1484,220680,9,318817
31433,0.01857,172.31.36.0-255,66,220746,9,318817
31434,0.020519,74.125.200.0-255,2902,223648,9,318817
31435,0.020525,172.31.36.0-255,66,223714,9,318817
31436,0.020622,74.125.200.0-255,2902,226616,9,318817
31437,0.020651,172.31.36.0-255,66,226682,9,318817
31438,0.022571,74.125.200.0-255,2902,229584,9,318817
31439,0.022578,172.31.36.0-255,66,229650,9,318817
31440,0.022694,74.125.200.0-255,2902,232552,9,318817
31441,0.0227,172.31.36.0-255,66,232618,9,318817
31442,0.02463,74.125.200.0-255,2902,235520,9,318817
31443,0.024636,172.31.36.0-255,66,235586,9,318817
31444,0.024749,74.125.200.0-255,2902,238488,9,318817
31445,0.024755,172.31.36.0-255,66,238554,9,318817
31446,0.026683,74.125.200.0-255,2902,241456,9,318817
31447,0.026689,172.31.36.0-255,66,241522,9,318817
31448,0.026804,74.125.200.0-255,2902,244424,9,318817
31449,0.026824,172.31.36.0-255,66,244490,9,318817
31450,0.028762,74.125.200.0-255,2902,247392,9,318817
31451,0.028768,172.31.36.0-255,66,247458,9,318817
31452,0.028871,74.125.200.0-255,2902,250360,9,318817
31453,0.028876,172.31.36.0-255,66,250426,9,318817
31454,0.030813,74.125.200.0-255,2902,253328,9,318817
31455,0.030818,172.31.36.0-255,66,253394,9,318817
31456,0.030935,74.125.200.0-255,2902,256296,9,318817
31457,0.030966,172.31.36.0-255,66,256362,9,318817
31458,0.031473,172.31.36.0-255,176,256538,9,318817
31459,0.031517,172.31.36.0-255,1115,257653,9,318817
31460,0.031602,172.31.36.0-255,1514,259167,9,318817
31461,0.031604,172.31.36.0-255,1514,260681,9,318817
31462,0.031605,172.31.36.0-255,1514,262195,9,318817
31463,0.031606,172.31.36.0-255,1514,263709,9,318817
31464,0.031607,172.31.36.0-255,1486,265195,9,318817
31465,0.032862,74.125.200.0-255,2902,268097,9,318817
31466,0.032869,172.31.36.0-255,66,268163,9,318817
31467,0.033017,104.244.42.0-255,66,268229,9,318817
31468,0.033025,74.125.200.0-255,2902,271131,9,318817
31469,0.03303,172.31.36.0-255,66,271197,9,318817
31470,0.033116,104.244.42.0-255,66,271263,9,318817
31471,0.033215,104.244.42.0-255,66,271329,9,318817
31472,0.034917,74.125.200.0-255,2902,274231,9,318817
31473,0.034924,172.31.36.0-255,66,274297,9,318817
31474,0.035076,74.125.200.0-255,2902,277199,9,318817
31475,0.035081,172.31.36.0-255,66,277265,9,318817
31476,0.036997,74.125.200.0-255,2902,280167,9,318817
31477,0.037005,172.31.36.0-255,66,280233,9,318817
31478,0.037119,74.125.200.0-255,2902,283135,9,318817
31479,0.037135,172.31.36.0-255,66,283201,9,318817
31480,0.039059,74.125.200.0-255,2902,286103,9,318817
31481,0.039065,172.31.36.0-255,66,286169,9,318817
31482,0.039182,74.125.200.0-255,2902,289071,9,318817
31483,0.039189,172.31.36.0-255,66,289137,9,318817
31484,0.041102,74.125.200.0-255,2902,292039,9,318817
31485,0.041108,172.31.36.0-255,66,292105,9,318817
31486,0.041229,74.125.200.0-255,2902,295007,9,318817
31487,0.041235,172.31.36.0-255,66,295073,9,318817
31488,0.043149,74.125.200.0-255,2902,297975,9,318817
31489,0.043155,172.31.36.0-255,66,298041,9,318817
31490,0.043275,74.125.200.0-255,2902,300943,9,318817
31491,0.04328,172.31.36.0-255,66,301009,9,318817
31492,0.0452,74.125.200.0-255,2902,303911,9,318817
31493,0.045206,172.31.36.0-255,66,303977,9,318817
31494,0.045315,74.125.200.0-255,2902,306879,9,318817
31495,0.045339,172.31.36.0-255,66,306945,9,318817
31496,0.047253,74.125.200.0-255,2902,309847,9,318817
31497,0.04726,172.31.36.0-255,66,309913,9,318817
31498,0.047371,74.125.200.0-255,2902,312815,9,318817
31499,0.047376,172.31.36.0-255,66,312881,9,318817
31500,0.049298,74.125.200.0-255,2902,315783,9,318817
31501,0.049304,172.31.36.0-255,66,315849,9,318817
31502,0.049443,74.125.200.0-255,2902,318751,9,318817
31503,0.049448,172.31.36.0-255,66,318817,9,318817
31504,0.0,74.125.24.0-255,153,153,9,246511
31505,2.6e-05,172.31.36.0-255,66,219,9,246511
31506,3.4e-05,74.125.24.0-255,1484,1703,9,246511
31507,3.9e-05,172.31.36.0-255,66,1769,9,246511
31508,4.4e-05,74.125.24.0-255,2902,4671,9,246511
31509,5.4e-05,172.31.36.0-255,66,4737,9,246511
31510,6.2e-05,74.125.24.0-255,7156,11893,9,246511
31511,6.5e-05,172.31.36.0-255,66,11959,9,246511
31512,6.8e-05,74.125.24.0-255,1964,13923,9,246511
31513,7.1e-05,172.31.36.0-255,66,13989,9,246511
31514,9.6e-05,74.125.24.0-255,1484,15473,9,246511
31515,9.9e-05,172.31.36.0-255,66,15539,9,246511
31516,0.000147,172.31.36.0-255,66,15605,9,246511
31517,0.000153,74.125.24.0-255,5379,20984,9,246511
31518,0.000155,172.31.36.0-255,66,21050,9,246511
31519,0.000228,74.125.24.0-255,1484,22534,9,246511
31520,0.000231,172.31.36.0-255,66,22600,9,246511
31521,0.000236,74.125.24.0-255,2902,25502,9,246511
31522,0.000238,172.31.36.0-255,66,25568,9,246511
31523,0.000244,74.125.24.0-255,4320,29888,9,246511
31524,0.000251,172.31.36.0-255,66,29954,9,246511
31525,0.000282,74.125.24.0-255,1484,31438,9,246511
31526,0.000285,172.31.36.0-255,66,31504,9,246511
31527,0.000295,74.125.24.0-255,6797,38301,9,246511
31528,0.000299,172.31.36.0-255,66,38367,9,246511
31529,0.000306,74.125.24.0-255,7156,45523,9,246511
31530,0.000309,172.31.36.0-255,66,45589,9,246511
31531,0.000354,172.31.36.0-255,66,45655,9,246511
31532,0.000382,74.125.24.0-255,110,45765,9,246511
31533,0.000385,172.31.36.0-255,66,45831,9,246511
31534,0.000506,74.125.24.0-255,1484,47315,9,246511
31535,0.000512,74.125.24.0-255,2902,50217,9,246511
31536,0.000516,172.31.36.0-255,66,50283,9,246511
31537,0.000521,74.125.24.0-255,2902,53185,9,246511
31538,0.000524,172.31.36.0-255,66,53251,9,246511
31539,0.000584,74.125.24.0-255,7156,60407,9,246511
31540,0.000588,172.31.36.0-255,66,60473,9,246511
31541,0.000593,74.125.24.0-255,2543,63016,9,246511
31542,0.000595,172.31.36.0-255,66,63082,9,246511
31543,0.0006,74.125.24.0-255,2902,65984,9,246511
31544,0.000602,172.31.36.0-255,66,66050,9,246511
31545,0.000609,74.125.24.0-255,7156,73206,9,246511
31546,0.000611,172.31.36.0-255,66,73272,9,246511
31547,0.000616,74.125.24.0-255,2902,76174,9,246511
31548,0.00062,172.31.36.0-255,66,76240,9,246511
31549,0.000645,74.125.24.0-255,4225,80465,9,246511
31550,0.000648,172.31.36.0-255,66,80531,9,246511
31551,0.000842,74.125.24.0-255,1484,82015,9,246511
31552,0.000849,74.125.24.0-255,2902,84917,9,246511
31553,0.000853,172.31.36.0-255,66,84983,9,246511
31554,0.000881,74.125.24.0-255,5738,90721,9,246511
31555,0.000885,172.31.36.0-255,66,90787,9,246511
31556,0.000893,74.125.24.0-255,7156,97943,9,246511
31557,0.000895,172.31.36.0-255,66,98009,9,246511
31558,0.000899,74.125.24.0-255,2902,100911,9,246511
31559,0.000901,172.31.36.0-255,66,100977,9,246511
31560,0.000944,172.31.36.0-255,66,101043,9,246511
31561,0.000949,74.125.24.0-255,2184,103227,9,246511
31562,0.000951,172.31.36.0-255,66,103293,9,246511
31563,0.000955,74.125.24.0-255,2902,106195,9,246511
31564,0.000957,172.31.36.0-255,66,106261,9,246511
31565,0.000986,74.125.24.0-255,2902,109163,9,246511
31566,0.000989,172.31.36.0-255,66,109229,9,246511
31567,0.000995,74.125.24.0-255,4320,113549,9,246511
31568,0.000997,172.31.36.0-255,66,113615,9,246511
31569,0.001021,74.125.24.0-255,5738,119353,9,246511
31570,0.001025,172.31.36.0-255,66,119419,9,246511
31571,0.001051,74.125.24.0-255,2902,122321,9,246511
31572,0.001054,172.31.36.0-255,66,122387,9,246511
31573,0.00106,74.125.24.0-255,4320,126707,9,246511
31574,0.001062,172.31.36.0-255,66,126773,9,246511
31575,0.001101,172.31.36.0-255,66,126839,9,246511
31576,0.001339,74.125.24.0-255,1484,128323,9,246511
31577,0.001345,74.125.24.0-255,2902,131225,9,246511
31578,0.001349,172.31.36.0-255,66,131291,9,246511
31579,0.001378,74.125.24.0-255,5738,137029,9,246511
31580,0.001382,172.31.36.0-255,66,137095,9,246511
31581,0.001389,74.125.24.0-255,5738,142833,9,246511
31582,0.001391,172.31.36.0-255,66,142899,9,246511
31583,0.001429,172.31.36.0-255,66,142965,9,246511
31584,0.001452,74.125.24.0-255,1484,144449,9,246511
31585,0.001459,74.125.24.0-255,5020,149469,9,246511
31586,0.001462,172.31.36.0-255,66,149535,9,246511
31587,0.001542,74.125.24.0-255,1484,151019,9,246511
31588,0.001547,74.125.24.0-255,2902,153921,9,246511
31589,0.00155,172.31.36.0-255,66,153987,9,246511
31590,0.001555,74.125.24.0-255,2902,156889,9,246511
31591,0.001557,172.31.36.0-255,66,156955,9,246511
31592,0.001578,74.125.24.0-255,2902,159857,9,246511
31593,0.00158,172.31.36.0-255,66,159923,9,246511
31594,0.001598,172.31.36.0-255,66,159989,9,246511
31595,0.001628,74.125.24.0-255,2902,162891,9,246511
31596,0.001631,172.31.36.0-255,66,162957,9,246511
31597,0.001647,172.31.36.0-255,66,163023,9,246511
31598,0.001684,74.125.24.0-255,6438,169461,9,246511
31599,0.001688,172.31.36.0-255,66,169527,9,246511
31600,0.001706,172.31.36.0-255,66,169593,9,246511
31601,0.001726,172.31.36.0-255,66,169659,9,246511
31602,0.001801,172.31.36.0-255,66,169725,9,246511
31603,0.001807,74.125.24.0-255,5020,174745,9,246511
31604,0.00181,172.31.36.0-255,66,174811,9,246511
31605,0.001812,74.125.24.0-255,1484,176295,9,246511
31606,0.001817,74.125.24.0-255,2902,179197,9,246511
31607,0.001819,74.125.24.0-255,1484,180681,9,246511
31608,0.001821,172.31.36.0-255,66,180747,9,246511
31609,0.001855,74.125.24.0-255,4320,185067,9,246511
31610,0.001859,172.31.36.0-255,66,185133,9,246511
31611,0.001872,172.31.36.0-255,66,185199,9,246511
31612,0.001879,74.125.24.0-255,7156,192355,9,246511
31613,0.001882,172.31.36.0-255,66,192421,9,246511
31614,0.001908,74.125.24.0-255,3602,196023,9,246511
31615,0.001911,172.31.36.0-255,66,196089,9,246511
31616,0.001934,74.125.24.0-255,1484,197573,9,246511
31617,0.001962,74.125.24.0-255,2902,200475,9,246511
31618,0.001965,172.31.36.0-255,66,200541,9,246511
31619,0.00197,74.125.24.0-255,1484,202025,9,246511
31620,0.001992,74.125.24.0-255,7156,209181,9,246511
31621,0.001996,172.31.36.0-255,66,209247,9,246511
31622,0.002001,74.125.24.0-255,4320,213567,9,246511
31623,0.002004,172.31.36.0-255,66,213633,9,246511
31624,0.00203,74.125.24.0-255,2902,216535,9,246511
31625,0.002034,172.31.36.0-255,66,216601,9,246511
31626,0.002062,74.125.24.0-255,4320,220921,9,246511
31627,0.002074,172.31.36.0-255,66,220987,9,246511
31628,0.002096,172.31.36.0-255,66,221053,9,246511
31629,0.002113,74.125.24.0-255,1484,222537,9,246511
31630,0.002134,74.125.24.0-255,2902,225439,9,246511
31631,0.002137,172.31.36.0-255,66,225505,9,246511
31632,0.002143,74.125.24.0-255,5738,231243,9,246511
31633,0.002145,172.31.36.0-255,66,231309,9,246511
31634,0.002149,74.125.24.0-255,2902,234211,9,246511
31635,0.002159,172.31.36.0-255,66,234277,9,246511
31636,0.002186,74.125.24.0-255,1484,235761,9,246511
31637,0.0022,172.31.36.0-255,66,235827,9,246511
31638,0.002206,74.125.24.0-255,2902,238729,9,246511
31639,0.002208,172.31.36.0-255,66,238795,9,246511
31640,0.002246,172.31.36.0-255,66,238861,9,246511
31641,0.002271,172.31.36.0-255,66,238927,9,246511
31642,0.002275,74.125.24.0-255,105,239032,9,246511
31643,0.002569,172.31.36.0-255,101,239133,9,246511
31644,0.0036,172.31.36.0-255,105,239238,9,246511
31645,0.005059,74.125.24.0-255,66,239304,9,246511
31646,0.006076,74.125.24.0-255,66,239370,9,246511
31647,0.044491,172.31.36.0-255,188,239558,9,246511
31648,0.044741,172.31.36.0-255,960,240518,9,246511
31649,0.044825,172.31.36.0-255,1514,242032,9,246511
31650,0.044827,172.31.36.0-255,1514,243546,9,246511
31651,0.044828,172.31.36.0-255,1514,245060,9,246511
31652,0.044829,172.31.36.0-255,1013,246073,9,246511
31653,0.046003,104.244.42.0-255,66,246139,9,246511
31654,0.046262,104.244.42.0-255,66,246205,9,246511
31655,0.046336,104.244.42.0-255,66,246271,9,246511
31656,0.046374,104.244.42.0-255,66,246337,9,246511
31657,0.046871,104.244.42.0-255,108,246445,9,246511
31658,0.046895,172.31.36.0-255,66,246511,9,246511
31659,0.0,172.217.194.0-255,152,152,9,291029
31660,3.3e-05,172.31.36.0-255,66,218,9,291029
31661,4e-05,172.217.194.0-255,1484,1702,9,291029
31662,4.4e-05,172.31.36.0-255,66,1768,9,291029
31663,4.9e-05,172.217.194.0-255,2902,4670,9,291029
31664,5.8e-05,172.31.36.0-255,66,4736,9,291029
31665,6.6e-05,172.217.194.0-255,7156,11892,9,291029
31666,6.8e-05,172.31.36.0-255,66,11958,9,291029
31667,7.2e-05,172.217.194.0-255,1947,13905,9,291029
31668,7.5e-05,172.31.36.0-255,66,13971,9,291029
31669,0.000104,172.217.194.0-255,1484,15455,9,291029
31670,0.000108,172.31.36.0-255,66,15521,9,291029
31671,0.000111,172.217.194.0-255,1484,17005,9,291029
31672,0.000113,172.31.36.0-255,66,17071,9,291029
31673,0.000147,172.217.194.0-255,1484,18555,9,291029
31674,0.000149,172.31.36.0-255,66,18621,9,291029
31675,0.000156,172.217.194.0-255,5738,24359,9,291029
31676,0.000158,172.31.36.0-255,66,24425,9,291029
31677,0.000166,172.217.194.0-255,6797,31222,9,291029
31678,0.000168,172.31.36.0-255,66,31288,9,291029
31679,0.000207,172.31.36.0-255,66,31354,9,291029
31680,0.000229,172.217.194.0-255,2902,34256,9,291029
31681,0.000231,172.31.36.0-255,66,34322,9,291029
31682,0.000237,172.217.194.0-255,2543,36865,9,291029
31683,0.00024,172.31.36.0-255,66,36931,9,291029
31684,0.000787,172.217.194.0-255,1484,38415,9,291029
31685,0.000792,172.31.36.0-255,66,38481,9,291029
31686,0.000803,172.217.194.0-255,2902,41383,9,291029
31687,0.000812,172.31.36.0-255,66,41449,9,291029
31688,0.00082,172.217.194.0-255,5738,47187,9,291029
31689,0.000823,172.31.36.0-255,66,47253,9,291029
31690,0.000829,172.217.194.0-255,5738,52991,9,291029
31691,0.000832,172.31.36.0-255,66,53057,9,291029
31692,0.000876,172.217.194.0-255,1125,54182,9,291029
31693,0.000882,172.217.194.0-255,1484,55666,9,291029
31694,0.000885,172.31.36.0-255,66,55732,9,291029
31695,0.000898,172.217.194.0-255,1484,57216,9,291029
31696,0.000924,172.217.194.0-255,2902,60118,9,291029
31697,0.000927,172.31.36.0-255,66,60184,9,291029
31698,0.000938,172.31.36.0-255,66,60250,9,291029
31699,0.000983,172.31.36.0-255,66,60316,9,291029
31700,0.001014,172.217.194.0-255,2543,62859,9,291029
31701,0.001017,172.31.36.0-255,66,62925,9,291029
31702,0.001022,172.217.194.0-255,3961,66886,9,291029
31703,0.001024,172.31.36.0-255,66,66952,9,291029
31704,0.001031,172.217.194.0-255,5738,72690,9,291029
31705,0.001033,172.31.36.0-255,66,72756,9,291029
31706,0.001061,172.217.194.0-255,7156,79912,9,291029
31707,0.001065,172.31.36.0-255,66,79978,9,291029
31708,0.001068,172.217.194.0-255,1484,81462,9,291029
31709,0.001118,172.31.36.0-255,66,81528,9,291029
31710,0.001122,172.217.194.0-255,1484,83012,9,291029
31711,0.001128,172.217.194.0-255,3974,86986,9,291029
31712,0.00113,172.31.36.0-255,66,87052,9,291029
31713,0.001244,172.217.194.0-255,1484,88536,9,291029
31714,0.00125,172.217.194.0-255,2902,91438,9,291029
31715,0.001254,172.31.36.0-255,66,91504,9,291029
31716,0.001261,172.217.194.0-255,5738,97242,9,291029
31717,0.001263,172.31.36.0-255,66,97308,9,291029
31718,0.001323,172.31.36.0-255,66,97374,9,291029
31719,0.00136,172.31.36.0-255,66,97440,9,291029
31720,0.001416,172.217.194.0-255,1484,98924,9,291029
31721,0.001422,172.217.194.0-255,2902,101826,9,291029
31722,0.001425,172.31.36.0-255,66,101892,9,291029
31723,0.001471,172.217.194.0-255,2902,104794,9,291029
31724,0.001473,172.31.36.0-255,66,104860,9,291029
31725,0.001498,172.217.194.0-255,2902,107762,9,291029
31726,0.0015,172.31.36.0-255,66,107828,9,291029
31727,0.001513,172.31.36.0-255,66,107894,9,291029
31728,0.001523,172.31.36.0-255,66,107960,9,291029
31729,0.001551,172.217.194.0-255,2184,110144,9,291029
31730,0.001553,172.31.36.0-255,66,110210,9,291029
31731,0.001569,172.217.194.0-255,5738,115948,9,291029
31732,0.001595,172.217.194.0-255,4320,120268,9,291029
31733,0.0016,172.217.194.0-255,4320,124588,9,291029
31734,0.001607,172.31.36.0-255,66,124654,9,291029
31735,0.001646,172.31.36.0-255,66,124720,9,291029
31736,0.00176,172.217.194.0-255,1484,126204,9,291029
31737,0.001782,172.217.194.0-255,2902,129106,9,291029
31738,0.001787,172.217.194.0-255,5738,134844,9,291029
31739,0.001789,172.217.194.0-255,1484,136328,9,291029
31740,0.001793,172.31.36.0-255,66,136394,9,291029
31741,0.001805,172.217.194.0-255,4320,140714,9,291029
31742,0.001829,172.31.36.0-255,66,140780,9,291029
31743,0.001853,172.217.194.0-255,5020,145800,9,291029
31744,0.001865,172.31.36.0-255,66,145866,9,291029
31745,0.002075,172.217.194.0-255,1484,147350,9,291029
31746,0.002081,172.217.194.0-255,2902,150252,9,291029
31747,0.002084,172.31.36.0-255,66,150318,9,291029
31748,0.002113,172.217.194.0-255,5738,156056,9,291029
31749,0.002118,172.217.194.0-255,2902,158958,9,291029
31750,0.002126,172.31.36.0-255,66,159024,9,291029
31751,0.002155,172.217.194.0-255,5738,164762,9,291029
31752,0.002176,172.217.194.0-255,5020,169782,9,291029
31753,0.002185,172.31.36.0-255,66,169848,9,291029
31754,0.004472,172.217.194.0-255,5738,175586,9,291029
31755,0.004479,172.31.36.0-255,66,175652,9,291029
31756,0.006817,172.217.194.0-255,5738,181390,9,291029
31757,0.006822,172.31.36.0-255,66,181456,9,291029
31758,0.009157,172.217.194.0-255,5738,187194,9,291029
31759,0.009163,172.31.36.0-255,66,187260,9,291029
31760,0.011469,172.217.194.0-255,5738,192998,9,291029
31761,0.011476,172.31.36.0-255,66,193064,9,291029
31762,0.013811,172.217.194.0-255,5738,198802,9,291029
31763,0.013818,172.31.36.0-255,66,198868,9,291029
31764,0.016131,172.217.194.0-255,5738,204606,9,291029
31765,0.016144,172.31.36.0-255,66,204672,9,291029
31766,0.018435,172.217.194.0-255,5738,210410,9,291029
31767,0.018445,172.31.36.0-255,66,210476,9,291029
31768,0.020764,172.217.194.0-255,4320,214796,9,291029
31769,0.020771,172.31.36.0-255,66,214862,9,291029
31770,0.0208,172.217.194.0-255,1484,216346,9,291029
31771,0.023117,172.217.194.0-255,4320,220666,9,291029
31772,0.023123,172.31.36.0-255,66,220732,9,291029
31773,0.0255,172.217.194.0-255,5738,226470,9,291029
31774,0.025506,172.31.36.0-255,66,226536,9,291029
31775,0.027817,172.217.194.0-255,5738,232274,9,291029
31776,0.027824,172.31.36.0-255,66,232340,9,291029
31777,0.029938,172.31.36.0-255,172,232512,9,291029
31778,0.029995,172.31.36.0-255,1116,233628,9,291029
31779,0.030072,172.31.36.0-255,1514,235142,9,291029
31780,0.030074,172.31.36.0-255,1514,236656,9,291029
31781,0.030079,172.31.36.0-255,1514,238170,9,291029
31782,0.03008,172.31.36.0-255,359,238529,9,291029
31783,0.03014,172.217.194.0-255,5738,244267,9,291029
31784,0.030147,172.31.36.0-255,66,244333,9,291029
31785,0.03147,104.244.42.0-255,66,244399,9,291029
31786,0.031509,104.244.42.0-255,66,244465,9,291029
31787,0.031632,104.244.42.0-255,66,244531,9,291029
31788,0.031636,104.244.42.0-255,66,244597,9,291029
31789,0.032471,172.217.194.0-255,5738,250335,9,291029
31790,0.032479,172.31.36.0-255,66,250401,9,291029
31791,0.034778,172.217.194.0-255,5738,256139,9,291029
31792,0.034784,172.31.36.0-255,66,256205,9,291029
31793,0.037061,172.217.194.0-255,5738,261943,9,291029
31794,0.037069,172.31.36.0-255,66,262009,9,291029
31795,0.039397,172.217.194.0-255,5738,267747,9,291029
31796,0.039403,172.31.36.0-255,66,267813,9,291029
31797,0.041675,172.217.194.0-255,5738,273551,9,291029
31798,0.041681,172.31.36.0-255,66,273617,9,291029
31799,0.044013,172.217.194.0-255,5738,279355,9,291029
31800,0.044019,172.31.36.0-255,66,279421,9,291029
31801,0.046311,172.217.194.0-255,5738,285159,9,291029
31802,0.046317,172.31.36.0-255,66,285225,9,291029
31803,0.048631,172.217.194.0-255,5738,290963,9,291029
31804,0.048642,172.31.36.0-255,66,291029,9,291029
31805,0.0,74.125.24.0-255,153,153,9,247025
31806,2.7e-05,172.31.36.0-255,66,219,9,247025
31807,3.4e-05,74.125.24.0-255,1484,1703,9,247025
31808,3.8e-05,172.31.36.0-255,66,1769,9,247025
31809,4.4e-05,74.125.24.0-255,2902,4671,9,247025
31810,5.5e-05,172.31.36.0-255,66,4737,9,247025
31811,6.2e-05,74.125.24.0-255,7156,11893,9,247025
31812,6.4e-05,172.31.36.0-255,66,11959,9,247025
31813,7.1e-05,74.125.24.0-255,6248,18207,9,247025
31814,7.3e-05,172.31.36.0-255,66,18273,9,247025
31815,7.9e-05,74.125.24.0-255,7156,25429,9,247025
31816,8.2e-05,172.31.36.0-255,66,25495,9,247025
31817,0.000121,74.125.24.0-255,1484,26979,9,247025
31818,0.000124,172.31.36.0-255,66,27045,9,247025
31819,0.00015,74.125.24.0-255,3961,31006,9,247025
31820,0.000153,172.31.36.0-255,66,31072,9,247025
31821,0.00016,74.125.24.0-255,5738,36810,9,247025
31822,0.000163,172.31.36.0-255,66,36876,9,247025
31823,0.000171,74.125.24.0-255,5738,42614,9,247025
31824,0.000173,172.31.36.0-255,66,42680,9,247025
31825,0.000215,74.125.24.0-255,2902,45582,9,247025
31826,0.000218,172.31.36.0-255,66,45648,9,247025
31827,0.000236,74.125.24.0-255,2543,48191,9,247025
31828,0.000239,172.31.36.0-255,66,48257,9,247025
31829,0.000733,74.125.24.0-255,1484,49741,9,247025
31830,0.000739,172.31.36.0-255,66,49807,9,247025
31831,0.000748,74.125.24.0-255,2902,52709,9,247025
31832,0.00075,172.31.36.0-255,66,52775,9,247025
31833,0.000764,74.125.24.0-255,5738,58513,9,247025
31834,0.000767,172.31.36.0-255,66,58579,9,247025
31835,0.000777,172.31.36.0-255,66,58645,9,247025
31836,0.000836,74.125.24.0-255,1484,60129,9,247025
31837,0.000855,74.125.24.0-255,2902,63031,9,247025
31838,0.000858,172.31.36.0-255,66,63097,9,247025
31839,0.000866,74.125.24.0-255,5738,68835,9,247025
31840,0.000868,172.31.36.0-255,66,68901,9,247025
31841,0.000871,74.125.24.0-255,1484,70385,9,247025
31842,0.000917,172.31.36.0-255,66,70451,9,247025
31843,0.000924,74.125.24.0-255,5738,76189,9,247025
31844,0.000926,172.31.36.0-255,66,76255,9,247025
31845,0.000946,74.125.24.0-255,3602,79857,9,247025
31846,0.000954,172.31.36.0-255,66,79923,9,247025
31847,0.001003,74.125.24.0-255,1484,81407,9,247025
31848,0.001008,74.125.24.0-255,2902,84309,9,247025
31849,0.001011,172.31.36.0-255,66,84375,9,247025
31850,0.001019,74.125.24.0-255,5738,90113,9,247025
31851,0.001021,172.31.36.0-255,66,90179,9,247025
31852,0.001063,172.31.36.0-255,66,90245,9,247025
31853,0.001066,74.125.24.0-255,1484,91729,9,247025
31854,0.001101,172.31.36.0-255,66,91795,9,247025
31855,0.001959,74.125.24.0-255,1484,93279,9,247025
31856,0.001966,74.125.24.0-255,2902,96181,9,247025
31857,0.001971,172.31.36.0-255,66,96247,9,247025
31858,0.001975,74.125.24.0-255,1484,97731,9,247025
31859,0.002,74.125.24.0-255,4320,102051,9,247025
31860,0.002003,172.31.36.0-255,66,102117,9,247025
31861,0.002007,74.125.24.0-255,4320,106437,9,247025
31862,0.00201,172.31.36.0-255,66,106503,9,247025
31863,0.002021,74.125.24.0-255,7156,113659,9,247025
31864,0.002023,172.31.36.0-255,66,113725,9,247025
31865,0.002053,74.125.24.0-255,4320,118045,9,247025
31866,0.002055,172.31.36.0-255,66,118111,9,247025
31867,0.002065,172.31.36.0-255,66,118177,9,247025
31868,0.002088,74.125.24.0-255,2902,121079,9,247025
31869,0.002091,172.31.36.0-255,66,121145,9,247025
31870,0.002119,74.125.24.0-255,1484,122629,9,247025
31871,0.002125,74.125.24.0-255,5738,128367,9,247025
31872,0.002127,172.31.36.0-255,66,128433,9,247025
31873,0.002138,172.31.36.0-255,66,128499,9,247025
31874,0.002141,74.125.24.0-255,1484,129983,9,247025
31875,0.002179,172.31.36.0-255,66,130049,9,247025
31876,0.004449,74.125.24.0-255,4320,134369,9,247025
31877,0.004452,172.31.36.0-255,66,134435,9,247025
31878,0.004502,74.125.24.0-255,1484,135919,9,247025
31879,0.006738,74.125.24.0-255,4320,140239,9,247025
31880,0.006744,172.31.36.0-255,66,140305,9,247025
31881,0.009003,74.125.24.0-255,5738,146043,9,247025
31882,0.009011,172.31.36.0-255,66,146109,9,247025
31883,0.011303,74.125.24.0-255,5738,151847,9,247025
31884,0.011311,172.31.36.0-255,66,151913,9,247025
31885,0.013573,74.125.24.0-255,5738,157651,9,247025
31886,0.013581,172.31.36.0-255,66,157717,9,247025
31887,0.015893,74.125.24.0-255,5738,163455,9,247025
31888,0.015902,172.31.36.0-255,66,163521,9,247025
31889,0.018168,74.125.24.0-255,5738,169259,9,247025
31890,0.018175,172.31.36.0-255,66,169325,9,247025
31891,0.020484,74.125.24.0-255,5738,175063,9,247025
31892,0.02049,172.31.36.0-255,66,175129,9,247025
31893,0.022798,74.125.24.0-255,5738,180867,9,247025
31894,0.022806,172.31.36.0-255,66,180933,9,247025
31895,0.025104,74.125.24.0-255,5738,186671,9,247025
31896,0.02511,172.31.36.0-255,66,186737,9,247025
31897,0.027379,74.125.24.0-255,5738,192475,9,247025
31898,0.027386,172.31.36.0-255,66,192541,9,247025
31899,0.029689,74.125.24.0-255,5738,198279,9,247025
31900,0.029697,172.31.36.0-255,66,198345,9,247025
31901,0.031963,74.125.24.0-255,4320,202665,9,247025
31902,0.031969,172.31.36.0-255,66,202731,9,247025
31903,0.031999,74.125.24.0-255,1484,204215,9,247025
31904,0.034235,74.125.24.0-255,4320,208535,9,247025
31905,0.034241,172.31.36.0-255,66,208601,9,247025
31906,0.036527,74.125.24.0-255,5738,214339,9,247025
31907,0.036535,172.31.36.0-255,66,214405,9,247025
31908,0.038827,74.125.24.0-255,5738,220143,9,247025
31909,0.038833,172.31.36.0-255,66,220209,9,247025
31910,0.041118,74.125.24.0-255,5738,225947,9,247025
31911,0.041124,172.31.36.0-255,66,226013,9,247025
31912,0.043391,74.125.24.0-255,5738,231751,9,247025
31913,0.043398,172.31.36.0-255,66,231817,9,247025
31914,0.045676,74.125.24.0-255,5738,237555,9,247025
31915,0.045683,172.31.36.0-255,66,237621,9,247025
31916,0.047961,74.125.24.0-255,5738,243359,9,247025
31917,0.047967,172.31.36.0-255,66,243425,9,247025
31918,0.049416,172.31.36.0-255,188,243613,9,247025
31919,0.04949,172.31.36.0-255,960,244573,9,247025
31920,0.049757,172.31.36.0-255,1514,246087,9,247025
31921,0.049764,172.31.36.0-255,938,247025,9,247025
31922,0.0,172.217.194.0-255,146,146,9,140454
31923,2.5e-05,172.31.36.0-255,66,212,9,140454
31924,3.2e-05,172.217.194.0-255,1484,1696,9,140454
31925,3.6e-05,172.31.36.0-255,66,1762,9,140454
31926,4.2e-05,172.217.194.0-255,2902,4664,9,140454
31927,4.5e-05,172.31.36.0-255,66,4730,9,140454
31928,0.000107,172.217.194.0-255,1484,6214,9,140454
31929,0.000111,172.31.36.0-255,66,6280,9,140454
31930,0.000136,172.217.194.0-255,5738,12018,9,140454
31931,0.000141,172.31.36.0-255,66,12084,9,140454
31932,0.000234,172.217.194.0-255,4850,16934,9,140454
31933,0.000238,172.31.36.0-255,66,17000,9,140454
31934,0.000364,172.31.36.0-255,66,17066,9,140454
31935,0.000385,172.217.194.0-255,2543,19609,9,140454
31936,0.000389,172.31.36.0-255,66,19675,9,140454
31937,0.000655,172.31.36.0-255,66,19741,9,140454
31938,0.000691,172.31.36.0-255,66,19807,9,140454
31939,0.001012,172.217.194.0-255,5738,25545,9,140454
31940,0.001018,172.31.36.0-255,66,25611,9,140454
31941,0.001145,172.31.36.0-255,66,25677,9,140454
31942,0.001164,172.217.194.0-255,2543,28220,9,140454
31943,0.001168,172.31.36.0-255,66,28286,9,140454
31944,0.001341,172.217.194.0-255,646,28932,9,140454
31945,0.001345,172.31.36.0-255,66,28998,9,140454
31946,0.001361,172.217.194.0-255,1484,30482,9,140454
31947,0.001363,172.31.36.0-255,66,30548,9,140454
31948,0.001403,172.217.194.0-255,4320,34868,9,140454
31949,0.001406,172.31.36.0-255,66,34934,9,140454
31950,0.001523,172.31.36.0-255,66,35000,9,140454
31951,0.001739,172.217.194.0-255,2184,37184,9,140454
31952,0.001756,172.31.36.0-255,66,37250,9,140454
31953,0.002095,172.31.36.0-255,66,37316,9,140454
31954,0.002114,172.217.194.0-255,2902,40218,9,140454
31955,0.002157,172.31.36.0-255,66,40284,9,140454
31956,0.002331,172.217.194.0-255,7156,47440,9,140454
31957,0.002335,172.31.36.0-255,66,47506,9,140454
31958,0.002357,172.217.194.0-255,5738,53244,9,140454
31959,0.00237,172.31.36.0-255,66,53310,9,140454
31960,0.002613,172.217.194.0-255,5738,59048,9,140454
31961,0.002617,172.31.36.0-255,66,59114,9,140454
31962,0.002678,172.31.36.0-255,66,59180,9,140454
31963,0.003163,172.217.194.0-255,5738,64918,9,140454
31964,0.003167,172.31.36.0-255,66,64984,9,140454
31965,0.003207,172.31.36.0-255,66,65050,9,140454
31966,0.007811,172.31.36.0-255,66,65116,9,140454
31967,0.010146,172.217.194.0-255,5738,70854,9,140454
31968,0.010164,172.31.36.0-255,66,70920,9,140454
31969,0.012474,172.217.194.0-255,5738,76658,9,140454
31970,0.020644,172.217.194.0-255,1484,78142,9,140454
31971,0.021697,172.31.36.0-255,66,78208,9,140454
31972,0.024026,172.217.194.0-255,5738,83946,9,140454
31973,0.024043,172.31.36.0-255,66,84012,9,140454
31974,0.02634,172.217.194.0-255,5738,89750,9,140454
31975,0.026351,172.31.36.0-255,66,89816,9,140454
31976,0.026498,172.31.36.0-255,188,90004,9,140454
31977,0.026544,172.31.36.0-255,960,90964,9,140454
31978,0.026663,172.31.36.0-255,1514,92478,9,140454
31979,0.026666,172.31.36.0-255,1514,93992,9,140454
31980,0.026671,172.31.36.0-255,1514,95506,9,140454
31981,0.026673,172.31.36.0-255,1514,97020,9,140454
31982,0.026706,172.31.36.0-255,1514,98534,9,140454
31983,0.026707,172.31.36.0-255,962,99496,9,140454
31984,0.028093,104.244.42.0-255,66,99562,9,140454
31985,0.028138,104.244.42.0-255,66,99628,9,140454
31986,0.028275,104.244.42.0-255,66,99694,9,140454
31987,0.028283,104.244.42.0-255,66,99760,9,140454
31988,0.028646,172.217.194.0-255,5738,105498,9,140454
31989,0.028655,172.31.36.0-255,66,105564,9,140454
31990,0.030961,172.217.194.0-255,5738,111302,9,140454
31991,0.0376,172.31.36.0-255,66,111368,9,140454
31992,0.039638,172.217.194.0-255,1484,112852,9,140454
31993,0.039878,172.217.194.0-255,4320,117172,9,140454
31994,0.039887,172.31.36.0-255,66,117238,9,140454
31995,0.042211,172.217.194.0-255,5738,122976,9,140454
31996,0.042275,172.31.36.0-255,66,123042,9,140454
31997,0.044577,172.217.194.0-255,5738,128780,9,140454
31998,0.044585,172.31.36.0-255,66,128846,9,140454
31999,0.046885,172.217.194.0-255,5738,134584,9,140454
32000,0.046893,172.31.36.0-255,66,134650,9,140454
32001,0.049182,172.217.194.0-255,5738,140388,9,140454
32002,0.04919,172.31.36.0-255,66,140454,9,140454
32003,0.0,172.217.194.0-255,150,150,9,256817
32004,1.6e-05,172.31.36.0-255,66,216,9,256817
32005,2.3e-05,172.217.194.0-255,1484,1700,9,256817
32006,2.8e-05,172.31.36.0-255,66,1766,9,256817
32007,3.3e-05,172.217.194.0-255,2902,4668,9,256817
32008,4.3e-05,172.31.36.0-255,66,4734,9,256817
32009,4.9e-05,172.217.194.0-255,5738,10472,9,256817
32010,5.2e-05,172.31.36.0-255,66,10538,9,256817
32011,7.9e-05,172.217.194.0-255,3448,13986,9,256817
32012,8.3e-05,172.31.36.0-255,66,14052,9,256817
32013,0.00014,172.217.194.0-255,1484,15536,9,256817
32014,0.000143,172.31.36.0-255,66,15602,9,256817
32015,0.000148,172.217.194.0-255,2902,18504,9,256817
32016,0.00015,172.31.36.0-255,66,18570,9,256817
32017,0.000169,172.217.194.0-255,5738,24308,9,256817
32018,0.000171,172.31.36.0-255,66,24374,9,256817
32019,0.000179,172.217.194.0-255,6797,31171,9,256817
32020,0.000185,172.31.36.0-255,66,31237,9,256817
32021,0.000205,172.217.194.0-255,1484,32721,9,256817
32022,0.000208,172.31.36.0-255,66,32787,9,256817
32023,0.00025,172.31.36.0-255,66,32853,9,256817
32024,0.000271,172.31.36.0-255,66,32919,9,256817
32025,0.000275,172.217.194.0-255,2184,35103,9,256817
32026,0.000277,172.31.36.0-255,66,35169,9,256817
32027,0.000494,172.217.194.0-255,380,35549,9,256817
32028,0.000499,172.31.36.0-255,66,35615,9,256817
32029,0.000732,172.217.194.0-255,365,35980,9,256817
32030,0.000736,172.31.36.0-255,66,36046,9,256817
32031,0.000877,172.217.194.0-255,1484,37530,9,256817
32032,0.000881,172.31.36.0-255,66,37596,9,256817
32033,0.000888,172.217.194.0-255,2902,40498,9,256817
32034,0.00089,172.31.36.0-255,66,40564,9,256817
32035,0.000901,172.217.194.0-255,5738,46302,9,256817
32036,0.000904,172.31.36.0-255,66,46368,9,256817
32037,0.000909,172.217.194.0-255,2902,49270,9,256817
32038,0.000911,172.31.36.0-255,66,49336,9,256817
32039,0.000959,172.31.36.0-255,66,49402,9,256817
32040,0.000971,172.31.36.0-255,66,49468,9,256817
32041,0.001133,172.217.194.0-255,1484,50952,9,256817
32042,0.001139,172.217.194.0-255,2902,53854,9,256817
32043,0.001142,172.31.36.0-255,66,53920,9,256817
32044,0.001149,172.217.194.0-255,5738,59658,9,256817
32045,0.001151,172.31.36.0-255,66,59724,9,256817
32046,0.001193,172.31.36.0-255,66,59790,9,256817
32047,0.001199,172.217.194.0-255,5738,65528,9,256817
32048,0.001202,172.31.36.0-255,66,65594,9,256817
32049,0.001226,172.217.194.0-255,5020,70614,9,256817
32050,0.001234,172.31.36.0-255,66,70680,9,256817
32051,0.001702,172.217.194.0-255,1484,72164,9,256817
32052,0.001708,172.217.194.0-255,2902,75066,9,256817
32053,0.001711,172.31.36.0-255,66,75132,9,256817
32054,0.001716,172.217.194.0-255,2902,78034,9,256817
32055,0.001718,172.31.36.0-255,66,78100,9,256817
32056,0.001749,172.217.194.0-255,2902,81002,9,256817
32057,0.001752,172.31.36.0-255,66,81068,9,256817
32058,0.001769,172.31.36.0-255,66,81134,9,256817
32059,0.001782,172.31.36.0-255,66,81200,9,256817
32060,0.001984,172.217.194.0-255,1484,82684,9,256817
32061,0.00199,172.217.194.0-255,2902,85586,9,256817
32062,0.001993,172.31.36.0-255,66,85652,9,256817
32063,0.002036,172.217.194.0-255,2902,88554,9,256817
32064,0.002038,172.31.36.0-255,66,88620,9,256817
32065,0.002063,172.217.194.0-255,2902,91522,9,256817
32066,0.002066,172.31.36.0-255,66,91588,9,256817
32067,0.002079,172.31.36.0-255,66,91654,9,256817
32068,0.002091,172.31.36.0-255,66,91720,9,256817
32069,0.002121,172.217.194.0-255,1484,93204,9,256817
32070,0.002126,172.217.194.0-255,2902,96106,9,256817
32071,0.002128,172.31.36.0-255,66,96172,9,256817
32072,0.002131,172.217.194.0-255,1484,97656,9,256817
32073,0.00216,172.217.194.0-255,4320,101976,9,256817
32074,0.002163,172.31.36.0-255,66,102042,9,256817
32075,0.00217,172.217.194.0-255,7156,109198,9,256817
32076,0.002172,172.31.36.0-255,66,109264,9,256817
32077,0.002192,172.31.36.0-255,66,109330,9,256817
32078,0.002197,172.217.194.0-255,2184,111514,9,256817
32079,0.002199,172.31.36.0-255,66,111580,9,256817
32080,0.002349,172.217.194.0-255,1484,113064,9,256817
32081,0.002355,172.217.194.0-255,2902,115966,9,256817
32082,0.002359,172.31.36.0-255,66,116032,9,256817
32083,0.002363,172.217.194.0-255,1484,117516,9,256817
32084,0.00239,172.217.194.0-255,4320,121836,9,256817
32085,0.002392,172.31.36.0-255,66,121902,9,256817
32086,0.002415,172.31.36.0-255,66,121968,9,256817
32087,0.002446,172.217.194.0-255,1484,123452,9,256817
32088,0.00246,172.31.36.0-255,66,123518,9,256817
32089,0.002488,172.31.36.0-255,66,123584,9,256817
32090,0.002496,172.217.194.0-255,7156,130740,9,256817
32091,0.002499,172.31.36.0-255,66,130806,9,256817
32092,0.00253,172.217.194.0-255,766,131572,9,256817
32093,0.002613,172.217.194.0-255,1484,133056,9,256817
32094,0.002628,172.31.36.0-255,66,133122,9,256817
32095,0.002634,172.217.194.0-255,2902,136024,9,256817
32096,0.002637,172.31.36.0-255,66,136090,9,256817
32097,0.002647,172.217.194.0-255,5738,141828,9,256817
32098,0.00265,172.31.36.0-255,66,141894,9,256817
32099,0.002658,172.217.194.0-255,7156,149050,9,256817
32100,0.002661,172.31.36.0-255,66,149116,9,256817
32101,0.005324,172.217.194.0-255,5738,154854,9,256817
32102,0.005331,172.31.36.0-255,66,154920,9,256817
32103,0.007972,172.217.194.0-255,5738,160658,9,256817
32104,0.007976,172.31.36.0-255,66,160724,9,256817
32105,0.010627,172.217.194.0-255,5738,166462,9,256817
32106,0.010635,172.31.36.0-255,66,166528,9,256817
32107,0.013287,172.217.194.0-255,5738,172266,9,256817
32108,0.013295,172.31.36.0-255,66,172332,9,256817
32109,0.015946,172.217.194.0-255,5738,178070,9,256817
32110,0.015954,172.31.36.0-255,66,178136,9,256817
32111,0.018597,172.217.194.0-255,5738,183874,9,256817
32112,0.018606,172.31.36.0-255,66,183940,9,256817
32113,0.021276,172.217.194.0-255,5738,189678,9,256817
32114,0.021284,172.31.36.0-255,66,189744,9,256817
32115,0.023935,172.217.194.0-255,5738,195482,9,256817
32116,0.023943,172.31.36.0-255,66,195548,9,256817
32117,0.026579,172.217.194.0-255,5738,201286,9,256817
32118,0.026585,172.31.36.0-255,66,201352,9,256817
32119,0.029246,172.217.194.0-255,5738,207090,9,256817
32120,0.029253,172.31.36.0-255,66,207156,9,256817
32121,0.031896,172.217.194.0-255,5738,212894,9,256817
32122,0.031905,172.31.36.0-255,66,212960,9,256817
32123,0.03453,172.217.194.0-255,5738,218698,9,256817
32124,0.034537,172.31.36.0-255,66,218764,9,256817
32125,0.035125,172.31.36.0-255,176,218940,9,256817
32126,0.035154,172.31.36.0-255,1115,220055,9,256817
32127,0.035222,172.31.36.0-255,1514,221569,9,256817
32128,0.035224,172.31.36.0-255,1514,223083,9,256817
32129,0.035225,172.31.36.0-255,1514,224597,9,256817
32130,0.035226,172.31.36.0-255,1514,226111,9,256817
32131,0.035252,172.31.36.0-255,1488,227599,9,256817
32132,0.036671,104.244.42.0-255,66,227665,9,256817
32133,0.03668,104.244.42.0-255,66,227731,9,256817
32134,0.036776,104.244.42.0-255,66,227797,9,256817
32135,0.037162,172.217.194.0-255,5738,233535,9,256817
32136,0.037169,172.31.36.0-255,66,233601,9,256817
32137,0.039824,172.217.194.0-255,5738,239339,9,256817
32138,0.03983,172.31.36.0-255,66,239405,9,256817
32139,0.042479,172.217.194.0-255,5738,245143,9,256817
32140,0.042488,172.31.36.0-255,66,245209,9,256817
32141,0.045136,172.217.194.0-255,5738,250947,9,256817
32142,0.045142,172.31.36.0-255,66,251013,9,256817
32143,0.047787,172.217.194.0-255,5738,256751,9,256817
32144,0.047793,172.31.36.0-255,66,256817,9,256817
32145,0.0,216.58.221.0-255,66,66,9,66
32146,0.0,74.125.24.0-255,150,150,9,294591
32147,3.1e-05,172.31.36.0-255,66,216,9,294591
32148,3.7e-05,74.125.24.0-255,1484,1700,9,294591
32149,4.1e-05,172.31.36.0-255,66,1766,9,294591
32150,4.5e-05,74.125.24.0-255,2902,4668,9,294591
32151,4.8e-05,172.31.36.0-255,66,4734,9,294591
32152,5.4e-05,74.125.24.0-255,7156,11890,9,294591
32153,5.7e-05,172.31.36.0-255,66,11956,9,294591
32154,5.9e-05,74.125.24.0-255,1484,13440,9,294591
32155,6.1e-05,172.31.36.0-255,66,13506,9,294591
32156,8.8e-05,172.31.36.0-255,66,13572,9,294591
32157,0.000106,74.125.24.0-255,1484,15056,9,294591
32158,0.000108,172.31.36.0-255,66,15122,9,294591
32159,0.000128,74.125.24.0-255,6797,21919,9,294591
32160,0.00013,172.31.36.0-255,66,21985,9,294591
32161,0.000164,74.125.24.0-255,4320,26305,9,294591
32162,0.000167,172.31.36.0-255,66,26371,9,294591
32163,0.000184,74.125.24.0-255,2902,29273,9,294591
32164,0.000186,172.31.36.0-255,66,29339,9,294591
32165,0.00019,74.125.24.0-255,2902,32241,9,294591
32166,0.000192,172.31.36.0-255,66,32307,9,294591
32167,0.00021,74.125.24.0-255,5738,38045,9,294591
32168,0.000212,172.31.36.0-255,66,38111,9,294591
32169,0.000214,74.125.24.0-255,1125,39236,9,294591
32170,0.000216,172.31.36.0-255,66,39302,9,294591
32171,0.000273,74.125.24.0-255,1484,40786,9,294591
32172,0.000276,172.31.36.0-255,66,40852,9,294591
32173,0.000281,74.125.24.0-255,2902,43754,9,294591
32174,0.000283,172.31.36.0-255,66,43820,9,294591
32175,0.000295,74.125.24.0-255,4320,48140,9,294591
32176,0.000297,172.31.36.0-255,66,48206,9,294591
32177,0.000319,74.125.24.0-255,1484,49690,9,294591
32178,0.000327,74.125.24.0-255,7147,56837,9,294591
32179,0.00033,172.31.36.0-255,66,56903,9,294591
32180,0.000411,74.125.24.0-255,329,57232,9,294591
32181,0.000635,74.125.24.0-255,1484,58716,9,294591
32182,0.000639,172.31.36.0-255,66,58782,9,294591
32183,0.000643,74.125.24.0-255,2902,61684,9,294591
32184,0.000645,74.125.24.0-255,1484,63168,9,294591
32185,0.000647,172.31.36.0-255,66,63234,9,294591
32186,0.000659,74.125.24.0-255,4320,67554,9,294591
32187,0.000661,172.31.36.0-255,66,67620,9,294591
32188,0.000667,74.125.24.0-255,4320,71940,9,294591
32189,0.000669,172.31.36.0-255,66,72006,9,294591
32190,0.00069,74.125.24.0-255,2543,74549,9,294591
32191,0.000692,172.31.36.0-255,66,74615,9,294591
32192,0.000696,74.125.24.0-255,2902,77517,9,294591
32193,0.000698,172.31.36.0-255,66,77583,9,294591
32194,0.000722,74.125.24.0-255,2543,80126,9,294591
32195,0.000723,172.31.36.0-255,66,80192,9,294591
32196,0.000742,172.31.36.0-255,66,80258,9,294591
32197,0.001004,74.125.24.0-255,1484,81742,9,294591
32198,0.001008,74.125.24.0-255,1484,83226,9,294591
32199,0.001011,172.31.36.0-255,66,83292,9,294591
32200,0.001026,74.125.24.0-255,1484,84776,9,294591
32201,0.001031,74.125.24.0-255,2902,87678,9,294591
32202,0.001033,172.31.36.0-255,66,87744,9,294591
32203,0.001053,74.125.24.0-255,2902,90646,9,294591
32204,0.001055,172.31.36.0-255,66,90712,9,294591
32205,0.001084,172.31.36.0-255,66,90778,9,294591
32206,0.001084,74.125.24.0-255,5738,96516,9,294591
32207,0.001087,172.31.36.0-255,66,96582,9,294591
32208,0.001132,74.125.24.0-255,5020,101602,9,294591
32209,0.001135,172.31.36.0-255,66,101668,9,294591
32210,0.001173,74.125.24.0-255,1484,103152,9,294591
32211,0.001219,74.125.24.0-255,2902,106054,9,294591
32212,0.001222,172.31.36.0-255,66,106120,9,294591
32213,0.001228,74.125.24.0-255,5738,111858,9,294591
32214,0.00123,172.31.36.0-255,66,111924,9,294591
32215,0.001233,74.125.24.0-255,2902,114826,9,294591
32216,0.001235,172.31.36.0-255,66,114892,9,294591
32217,0.00124,74.125.24.0-255,4320,119212,9,294591
32218,0.001242,172.31.36.0-255,66,119278,9,294591
32219,0.001269,172.31.36.0-255,66,119344,9,294591
32220,0.001292,172.31.36.0-255,66,119410,9,294591
32221,0.001354,74.125.24.0-255,1484,120894,9,294591
32222,0.001378,74.125.24.0-255,2902,123796,9,294591
32223,0.001381,172.31.36.0-255,66,123862,9,294591
32224,0.001384,74.125.24.0-255,1484,125346,9,294591
32225,0.001396,74.125.24.0-255,2902,128248,9,294591
32226,0.001401,74.125.24.0-255,4320,132568,9,294591
32227,0.001402,172.31.36.0-255,66,132634,9,294591
32228,0.001405,172.31.36.0-255,66,132700,9,294591
32229,0.001414,74.125.24.0-255,4320,137020,9,294591
32230,0.001416,172.31.36.0-255,66,137086,9,294591
32231,0.001457,172.31.36.0-255,66,137152,9,294591
32232,0.001477,74.125.24.0-255,4320,141472,9,294591
32233,0.001479,172.31.36.0-255,66,141538,9,294591
32234,0.001501,74.125.24.0-255,5738,147276,9,294591
32235,0.001504,172.31.36.0-255,66,147342,9,294591
32236,0.001523,74.125.24.0-255,4320,151662,9,294591
32237,0.001526,172.31.36.0-255,66,151728,9,294591
32238,0.001551,74.125.24.0-255,7156,158884,9,294591
32239,0.001554,172.31.36.0-255,66,158950,9,294591
32240,0.00156,74.125.24.0-255,5738,164688,9,294591
32241,0.001563,172.31.36.0-255,66,164754,9,294591
32242,0.001607,74.125.24.0-255,7156,171910,9,294591
32243,0.00161,172.31.36.0-255,66,171976,9,294591
32244,0.001628,172.31.36.0-255,66,172042,9,294591
32245,0.001632,74.125.24.0-255,1484,173526,9,294591
32246,0.00167,172.31.36.0-255,66,173592,9,294591
32247,0.00168,172.31.36.0-255,66,173658,9,294591
32248,0.001682,74.125.24.0-255,766,174424,9,294591
32249,0.001709,74.125.24.0-255,1484,175908,9,294591
32250,0.001712,172.31.36.0-255,66,175974,9,294591
32251,0.001732,74.125.24.0-255,4320,180294,9,294591
32252,0.001735,172.31.36.0-255,66,180360,9,294591
32253,0.001739,74.125.24.0-255,2902,183262,9,294591
32254,0.001742,172.31.36.0-255,66,183328,9,294591
32255,0.00178,172.31.36.0-255,66,183394,9,294591
32256,0.00181,172.31.36.0-255,66,183460,9,294591
32257,0.001846,74.125.24.0-255,3602,187062,9,294591
32258,0.00185,172.31.36.0-255,66,187128,9,294591
32259,0.00189,74.125.24.0-255,1484,188612,9,294591
32260,0.001895,74.125.24.0-255,2902,191514,9,294591
32261,0.001898,172.31.36.0-255,66,191580,9,294591
32262,0.001902,74.125.24.0-255,1484,193064,9,294591
32263,0.00192,74.125.24.0-255,4320,197384,9,294591
32264,0.001923,172.31.36.0-255,66,197450,9,294591
32265,0.001955,172.31.36.0-255,66,197516,9,294591
32266,0.001962,74.125.24.0-255,5738,203254,9,294591
32267,0.001965,172.31.36.0-255,66,203320,9,294591
32268,0.002018,74.125.24.0-255,5020,208340,9,294591
32269,0.002023,172.31.36.0-255,66,208406,9,294591
32270,0.002041,74.125.24.0-255,1484,209890,9,294591
32271,0.004044,74.125.24.0-255,4320,214210,9,294591
32272,0.004053,172.31.36.0-255,66,214276,9,294591
32273,0.006127,74.125.24.0-255,5738,220014,9,294591
32274,0.006142,172.31.36.0-255,66,220080,9,294591
32275,0.008182,74.125.24.0-255,5738,225818,9,294591
32276,0.008198,172.31.36.0-255,66,225884,9,294591
32277,0.010211,74.125.24.0-255,5738,231622,9,294591
32278,0.010218,172.31.36.0-255,66,231688,9,294591
32279,0.012236,74.125.24.0-255,5738,237426,9,294591
32280,0.012241,172.31.36.0-255,66,237492,9,294591
32281,0.014282,74.125.24.0-255,5738,243230,9,294591
32282,0.01429,172.31.36.0-255,66,243296,9,294591
32283,0.016332,74.125.24.0-255,5738,249034,9,294591
32284,0.016344,172.31.36.0-255,66,249100,9,294591
32285,0.018368,74.125.24.0-255,5738,254838,9,294591
32286,0.018374,172.31.36.0-255,66,254904,9,294591
32287,0.020419,74.125.24.0-255,5738,260642,9,294591
32288,0.020425,172.31.36.0-255,66,260708,9,294591
32289,0.02245,74.125.24.0-255,5738,266446,9,294591
32290,0.022456,172.31.36.0-255,66,266512,9,294591
32291,0.024489,74.125.24.0-255,5738,272250,9,294591
32292,0.024499,172.31.36.0-255,66,272316,9,294591
32293,0.026517,74.125.24.0-255,5738,278054,9,294591
32294,0.026524,172.31.36.0-255,66,278120,9,294591
32295,0.028539,74.125.24.0-255,5738,283858,9,294591
32296,0.028547,172.31.36.0-255,66,283924,9,294591
32297,0.030579,74.125.24.0-255,5738,289662,9,294591
32298,0.030586,172.31.36.0-255,66,289728,9,294591
32299,0.032574,74.125.24.0-255,149,289877,9,294591
32300,0.032666,172.31.36.0-255,105,289982,9,294591
32301,0.032696,172.31.36.0-255,105,290087,9,294591
32302,0.032957,172.31.36.0-255,90,290177,9,294591
32303,0.032968,172.31.36.0-255,66,290243,9,294591
32304,0.034666,74.125.24.0-255,66,290309,9,294591
32305,0.034697,74.125.24.0-255,66,290375,9,294591
32306,0.034943,74.125.24.0-255,66,290441,9,294591
32307,0.034956,74.125.24.0-255,66,290507,9,294591
32308,0.034962,172.31.36.0-255,66,290573,9,294591
32309,0.043455,172.31.36.0-255,172,290745,9,294591
32310,0.043488,172.31.36.0-255,1116,291861,9,294591
32311,0.043533,172.31.36.0-255,1514,293375,9,294591
32312,0.043535,172.31.36.0-255,1018,294393,9,294591
32313,0.044953,104.244.42.0-255,66,294459,9,294591
32314,0.044979,104.244.42.0-255,66,294525,9,294591
32315,0.045039,104.244.42.0-255,66,294591,9,294591
32316,0.0,172.217.194.0-255,153,153,9,226266
32317,2.1e-05,172.31.36.0-255,66,219,9,226266
32318,2.8e-05,172.217.194.0-255,1484,1703,9,226266
32319,3.3e-05,172.31.36.0-255,66,1769,9,226266
32320,3.9e-05,172.217.194.0-255,2902,4671,9,226266
32321,4.2e-05,172.31.36.0-255,66,4737,9,226266
32322,5e-05,172.217.194.0-255,7156,11893,9,226266
32323,5.3e-05,172.31.36.0-255,66,11959,9,226266
32324,8.8e-05,172.31.36.0-255,66,12025,9,226266
32325,0.000108,172.217.194.0-255,3961,15986,9,226266
32326,0.000111,172.31.36.0-255,66,16052,9,226266
32327,0.000158,172.217.194.0-255,1484,17536,9,226266
32328,0.00016,172.31.36.0-255,66,17602,9,226266
32329,0.000174,172.217.194.0-255,2902,20504,9,226266
32330,0.000177,172.31.36.0-255,66,20570,9,226266
32331,0.000184,172.217.194.0-255,5738,26308,9,226266
32332,0.000186,172.31.36.0-255,66,26374,9,226266
32333,0.000213,172.217.194.0-255,6797,33171,9,226266
32334,0.000216,172.31.36.0-255,66,33237,9,226266
32335,0.000474,172.217.194.0-255,1484,34721,9,226266
32336,0.000479,172.31.36.0-255,66,34787,9,226266
32337,0.000485,172.217.194.0-255,2902,37689,9,226266
32338,0.000487,172.31.36.0-255,66,37755,9,226266
32339,0.000495,172.217.194.0-255,5738,43493,9,226266
32340,0.000498,172.31.36.0-255,66,43559,9,226266
32341,0.000528,172.217.194.0-255,7110,50669,9,226266
32342,0.000531,172.31.36.0-255,66,50735,9,226266
32343,0.000626,172.217.194.0-255,364,51099,9,226266
32344,0.00063,172.31.36.0-255,66,51165,9,226266
32345,0.000756,172.217.194.0-255,1484,52649,9,226266
32346,0.00076,172.31.36.0-255,66,52715,9,226266
32347,0.000766,172.217.194.0-255,2902,55617,9,226266
32348,0.000768,172.31.36.0-255,66,55683,9,226266
32349,0.000798,172.217.194.0-255,5738,61421,9,226266
32350,0.000801,172.31.36.0-255,66,61487,9,226266
32351,0.000823,172.217.194.0-255,5738,67225,9,226266
32352,0.000825,172.31.36.0-255,66,67291,9,226266
32353,0.00085,172.217.194.0-255,3961,71252,9,226266
32354,0.000852,172.31.36.0-255,66,71318,9,226266
32355,0.000864,172.31.36.0-255,66,71384,9,226266
32356,0.000869,172.217.194.0-255,3961,75345,9,226266
32357,0.000872,172.31.36.0-255,66,75411,9,226266
32358,0.002022,172.217.194.0-255,1484,76895,9,226266
32359,0.002033,172.217.194.0-255,2902,79797,9,226266
32360,0.002038,172.31.36.0-255,66,79863,9,226266
32361,0.002047,172.217.194.0-255,5738,85601,9,226266
32362,0.002049,172.31.36.0-255,66,85667,9,226266
32363,0.002088,172.31.36.0-255,66,85733,9,226266
32364,0.002093,172.217.194.0-255,2902,88635,9,226266
32365,0.002095,172.31.36.0-255,66,88701,9,226266
32366,0.002117,172.31.36.0-255,66,88767,9,226266
32367,0.004228,172.217.194.0-255,5738,94505,9,226266
32368,0.004234,172.31.36.0-255,66,94571,9,226266
32369,0.006348,172.217.194.0-255,5738,100309,9,226266
32370,0.006352,172.31.36.0-255,66,100375,9,226266
32371,0.008489,172.217.194.0-255,5738,106113,9,226266
32372,0.008497,172.31.36.0-255,66,106179,9,226266
32373,0.010623,172.217.194.0-255,5738,111917,9,226266
32374,0.010632,172.31.36.0-255,66,111983,9,226266
32375,0.012766,172.217.194.0-255,5738,117721,9,226266
32376,0.012775,172.31.36.0-255,66,117787,9,226266
32377,0.014898,172.217.194.0-255,5738,123525,9,226266
32378,0.014906,172.31.36.0-255,66,123591,9,226266
32379,0.017007,172.217.194.0-255,5738,129329,9,226266
32380,0.017016,172.31.36.0-255,66,129395,9,226266
32381,0.019127,172.217.194.0-255,2902,132297,9,226266
32382,0.019135,172.31.36.0-255,66,132363,9,226266
32383,0.019155,172.217.194.0-255,2902,135265,9,226266
32384,0.019158,172.31.36.0-255,66,135331,9,226266
32385,0.021227,172.217.194.0-255,2902,138233,9,226266
32386,0.021236,172.31.36.0-255,66,138299,9,226266
32387,0.021258,172.217.194.0-255,2902,141201,9,226266
32388,0.021261,172.31.36.0-255,66,141267,9,226266
32389,0.023346,172.217.194.0-255,2902,144169,9,226266
32390,0.023354,172.31.36.0-255,66,144235,9,226266
32391,0.023401,172.217.194.0-255,2902,147137,9,226266
32392,0.023404,172.31.36.0-255,66,147203,9,226266
32393,0.025457,172.217.194.0-255,2902,150105,9,226266
32394,0.025466,172.31.36.0-255,66,150171,9,226266
32395,0.025504,172.217.194.0-255,2902,153073,9,226266
32396,0.025507,172.31.36.0-255,66,153139,9,226266
32397,0.027561,172.217.194.0-255,2902,156041,9,226266
32398,0.027569,172.31.36.0-255,66,156107,9,226266
32399,0.027588,172.217.194.0-255,1484,157591,9,226266
32400,0.027604,172.217.194.0-255,1484,159075,9,226266
32401,0.027608,172.31.36.0-255,66,159141,9,226266
32402,0.028281,172.31.36.0-255,164,159305,9,226266
32403,0.02833,172.31.36.0-255,1125,160430,9,226266
32404,0.028408,172.31.36.0-255,1514,161944,9,226266
32405,0.02841,172.31.36.0-255,1514,163458,9,226266
32406,0.028415,172.31.36.0-255,1514,164972,9,226266
32407,0.028416,172.31.36.0-255,1514,166486,9,226266
32408,0.028435,172.31.36.0-255,1476,167962,9,226266
32409,0.029717,172.217.194.0-255,5738,173700,9,226266
32410,0.029724,172.31.36.0-255,66,173766,9,226266
32411,0.029791,104.244.42.0-255,66,173832,9,226266
32412,0.029893,104.244.42.0-255,66,173898,9,226266
32413,0.029947,104.244.42.0-255,66,173964,9,226266
32414,0.030052,104.244.42.0-255,66,174030,9,226266
32415,0.031861,172.217.194.0-255,5738,179768,9,226266
32416,0.031867,172.31.36.0-255,66,179834,9,226266
32417,0.03402,172.217.194.0-255,5738,185572,9,226266
32418,0.034028,172.31.36.0-255,66,185638,9,226266
32419,0.036161,172.217.194.0-255,5738,191376,9,226266
32420,0.036168,172.31.36.0-255,66,191442,9,226266
32421,0.038298,172.217.194.0-255,5738,197180,9,226266
32422,0.03831,172.31.36.0-255,66,197246,9,226266
32423,0.040451,172.217.194.0-255,5738,202984,9,226266
32424,0.040459,172.31.36.0-255,66,203050,9,226266
32425,0.042579,172.217.194.0-255,5738,208788,9,226266
32426,0.042586,172.31.36.0-255,66,208854,9,226266
32427,0.044723,172.217.194.0-255,5738,214592,9,226266
32428,0.04473,172.31.36.0-255,66,214658,9,226266
32429,0.046833,172.217.194.0-255,5738,220396,9,226266
32430,0.04684,172.31.36.0-255,66,220462,9,226266
32431,0.048951,172.217.194.0-255,5738,226200,9,226266
32432,0.048958,172.31.36.0-255,66,226266,9,226266
32433,0.0,172.217.194.0-255,155,155,9,234426
32434,2.3e-05,172.31.36.0-255,66,221,9,234426
32435,3.1e-05,172.217.194.0-255,1484,1705,9,234426
32436,3.6e-05,172.31.36.0-255,66,1771,9,234426
32437,4.2e-05,172.217.194.0-255,2902,4673,9,234426
32438,4.5e-05,172.31.36.0-255,66,4739,9,234426
32439,5.3e-05,172.217.194.0-255,7156,11895,9,234426
32440,5.7e-05,172.31.36.0-255,66,11961,9,234426
32441,6.8e-05,172.31.36.0-255,66,12027,9,234426
32442,0.000102,172.31.36.0-255,66,12093,9,234426
32443,0.000106,172.217.194.0-255,2543,14636,9,234426
32444,0.000108,172.31.36.0-255,66,14702,9,234426
32445,0.000154,172.217.194.0-255,1484,16186,9,234426
32446,0.000156,172.31.36.0-255,66,16252,9,234426
32447,0.000161,172.217.194.0-255,2902,19154,9,234426
32448,0.000163,172.31.36.0-255,66,19220,9,234426
32449,0.000169,172.217.194.0-255,5738,24958,9,234426
32450,0.000172,172.31.36.0-255,66,25024,9,234426
32451,0.000176,172.217.194.0-255,2902,27926,9,234426
32452,0.000178,172.31.36.0-255,66,27992,9,234426
32453,0.000201,172.217.194.0-255,3961,31953,9,234426
32454,0.000204,172.31.36.0-255,66,32019,9,234426
32455,0.001072,172.217.194.0-255,1484,33503,9,234426
32456,0.001079,172.31.36.0-255,66,33569,9,234426
32457,0.001089,172.217.194.0-255,2902,36471,9,234426
32458,0.001091,172.31.36.0-255,66,36537,9,234426
32459,0.001143,172.217.194.0-255,5738,42275,9,234426
32460,0.001146,172.31.36.0-255,66,42341,9,234426
32461,0.00116,172.217.194.0-255,2902,45243,9,234426
32462,0.001162,172.31.36.0-255,66,45309,9,234426
32463,0.001184,172.217.194.0-255,3961,49270,9,234426
32464,0.001186,172.31.36.0-255,66,49336,9,234426
32465,0.001193,172.217.194.0-255,7156,56492,9,234426
32466,0.001195,172.31.36.0-255,66,56558,9,234426
32467,0.0012,172.217.194.0-255,2902,59460,9,234426
32468,0.001202,172.31.36.0-255,66,59526,9,234426
32469,0.001226,172.217.194.0-255,6797,66323,9,234426
32470,0.001228,172.31.36.0-255,66,66389,9,234426
32471,0.001239,172.31.36.0-255,66,66455,9,234426
32472,0.001256,172.217.194.0-255,1484,67939,9,234426
32473,0.001264,172.217.194.0-255,6797,74736,9,234426
32474,0.001267,172.31.36.0-255,66,74802,9,234426
32475,0.001287,172.217.194.0-255,646,75448,9,234426
32476,0.001548,172.217.194.0-255,1484,76932,9,234426
32477,0.00157,172.31.36.0-255,66,76998,9,234426
32478,0.001576,172.217.194.0-255,2902,79900,9,234426
32479,0.001579,172.31.36.0-255,66,79966,9,234426
32480,0.001586,172.217.194.0-255,5738,85704,9,234426
32481,0.001588,172.31.36.0-255,66,85770,9,234426
32482,0.001606,172.217.194.0-255,5738,91508,9,234426
32483,0.001609,172.31.36.0-255,66,91574,9,234426
32484,0.001629,172.217.194.0-255,562,92136,9,234426
32485,0.001647,172.217.194.0-255,4320,96456,9,234426
32486,0.00165,172.31.36.0-255,66,96522,9,234426
32487,0.001673,172.217.194.0-255,2902,99424,9,234426
32488,0.001675,172.31.36.0-255,66,99490,9,234426
32489,0.001688,172.31.36.0-255,66,99556,9,234426
32490,0.001695,172.217.194.0-255,7156,106712,9,234426
32491,0.001698,172.31.36.0-255,66,106778,9,234426
32492,0.001722,172.31.36.0-255,66,106844,9,234426
32493,0.001726,172.217.194.0-255,766,107610,9,234426
32494,0.002192,172.217.194.0-255,1484,109094,9,234426
32495,0.002197,172.31.36.0-255,66,109160,9,234426
32496,0.002203,172.217.194.0-255,2902,112062,9,234426
32497,0.002206,172.31.36.0-255,66,112128,9,234426
32498,0.002232,172.217.194.0-255,5738,117866,9,234426
32499,0.002235,172.31.36.0-255,66,117932,9,234426
32500,0.00224,172.217.194.0-255,2902,120834,9,234426
32501,0.002242,172.31.36.0-255,66,120900,9,234426
32502,0.002272,172.31.36.0-255,66,120966,9,234426
32503,0.002312,172.31.36.0-255,66,121032,9,234426
32504,0.004645,172.217.194.0-255,4320,125352,9,234426
32505,0.004649,172.31.36.0-255,66,125418,9,234426
32506,0.004663,172.217.194.0-255,1484,126902,9,234426
32507,0.006974,172.217.194.0-255,4320,131222,9,234426
32508,0.00698,172.31.36.0-255,66,131288,9,234426
32509,0.009318,172.217.194.0-255,5738,137026,9,234426
32510,0.009325,172.31.36.0-255,66,137092,9,234426
32511,0.011657,172.217.194.0-255,5738,142830,9,234426
32512,0.011666,172.31.36.0-255,66,142896,9,234426
32513,0.013994,172.217.194.0-255,5738,148634,9,234426
32514,0.014002,172.31.36.0-255,66,148700,9,234426
32515,0.016335,172.217.194.0-255,5738,154438,9,234426
32516,0.016342,172.31.36.0-255,66,154504,9,234426
32517,0.018667,172.217.194.0-255,4320,158824,9,234426
32518,0.018674,172.31.36.0-255,66,158890,9,234426
32519,0.018692,172.217.194.0-255,1484,160374,9,234426
32520,0.021001,172.217.194.0-255,4320,164694,9,234426
32521,0.02101,172.31.36.0-255,66,164760,9,234426
32522,0.023347,172.217.194.0-255,4320,169080,9,234426
32523,0.023355,172.31.36.0-255,66,169146,9,234426
32524,0.023377,172.217.194.0-255,1484,170630,9,234426
32525,0.02574,172.217.194.0-255,4320,174950,9,234426
32526,0.025747,172.31.36.0-255,66,175016,9,234426
32527,0.028097,172.217.194.0-255,5738,180754,9,234426
32528,0.028104,172.31.36.0-255,66,180820,9,234426
32529,0.030413,172.217.194.0-255,5738,186558,9,234426
32530,0.03042,172.31.36.0-255,66,186624,9,234426
32531,0.032767,172.217.194.0-255,5738,192362,9,234426
32532,0.032775,172.31.36.0-255,66,192428,9,234426
32533,0.035114,172.217.194.0-255,5738,198166,9,234426
32534,0.035123,172.31.36.0-255,66,198232,9,234426
32535,0.037445,172.217.194.0-255,5738,203970,9,234426
32536,0.037453,172.31.36.0-255,66,204036,9,234426
32537,0.039782,172.217.194.0-255,5738,209774,9,234426
32538,0.03979,172.31.36.0-255,66,209840,9,234426
32539,0.040194,172.31.36.0-255,168,210008,9,234426
32540,0.040225,172.31.36.0-255,1070,211078,9,234426
32541,0.041764,104.244.42.0-255,66,211144,9,234426
32542,0.041773,104.244.42.0-255,66,211210,9,234426
32543,0.04213,172.217.194.0-255,5738,216948,9,234426
32544,0.042137,172.31.36.0-255,66,217014,9,234426
32545,0.044458,172.217.194.0-255,5738,222752,9,234426
32546,0.044466,172.31.36.0-255,66,222818,9,234426
32547,0.046824,172.217.194.0-255,5738,228556,9,234426
32548,0.04683,172.31.36.0-255,66,228622,9,234426
32549,0.049184,172.217.194.0-255,5738,234360,9,234426
32550,0.04919,172.31.36.0-255,66,234426,9,234426
32551,0.0,172.31.36.0-255,105,105,9,105
32552,0.0,172.31.36.0-255,105,105,9,459
32553,0.000202,172.31.36.0-255,90,195,9,459
32554,0.000212,172.31.36.0-255,66,261,9,459
32555,0.002478,74.125.200.0-255,66,327,9,459
32556,0.002493,74.125.200.0-255,66,393,9,459
32557,0.002505,172.31.36.0-255,66,459,9,459
32558,0.0,52.10.223.0-255,97,97,9,260
32559,0.00016,172.31.36.0-255,97,194,9,260
32560,0.000173,172.31.36.0-255,66,260,9,260
32561,0.0,172.31.36.0-255,66,66,9,66
32562,0.0,74.125.130.0-255,143,143,9,294682
32563,1.7e-05,172.31.36.0-255,66,209,9,294682
32564,2.3e-05,74.125.130.0-255,1484,1693,9,294682
32565,2.7e-05,172.31.36.0-255,66,1759,9,294682
32566,3.1e-05,74.125.130.0-255,1484,3243,9,294682
32567,4.2e-05,172.31.36.0-255,66,3309,9,294682
32568,4.9e-05,74.125.130.0-255,2902,6211,9,294682
32569,5.3e-05,172.31.36.0-255,66,6277,9,294682
32570,5.7e-05,74.125.130.0-255,1484,7761,9,294682
32571,6e-05,172.31.36.0-255,66,7827,9,294682
32572,7.9e-05,74.125.130.0-255,4320,12147,9,294682
32573,8.6e-05,172.31.36.0-255,66,12213,9,294682
32574,9.3e-05,74.125.130.0-255,4919,17132,9,294682
32575,9.6e-05,172.31.36.0-255,66,17198,9,294682
32576,0.0001,74.125.130.0-255,2902,20100,9,294682
32577,0.000102,172.31.36.0-255,66,20166,9,294682
32578,0.000133,74.125.130.0-255,2902,23068,9,294682
32579,0.000137,172.31.36.0-255,66,23134,9,294682
32580,0.000144,74.125.130.0-255,5738,28872,9,294682
32581,0.000146,172.31.36.0-255,66,28938,9,294682
32582,0.00017,74.125.130.0-255,2543,31481,9,294682
32583,0.000172,172.31.36.0-255,66,31547,9,294682
32584,0.0005,74.125.130.0-255,1484,33031,9,294682
32585,0.000507,172.31.36.0-255,66,33097,9,294682
32586,0.000513,74.125.130.0-255,2902,35999,9,294682
32587,0.000516,172.31.36.0-255,66,36065,9,294682
32588,0.000554,74.125.130.0-255,5738,41803,9,294682
32589,0.000558,74.125.130.0-255,2902,44705,9,294682
32590,0.000563,74.125.130.0-255,3961,48666,9,294682
32591,0.000567,172.31.36.0-255,66,48732,9,294682
32592,0.00057,172.31.36.0-255,66,48798,9,294682
32593,0.000579,172.31.36.0-255,66,48864,9,294682
32594,0.000606,74.125.130.0-255,1484,50348,9,294682
32595,0.000632,74.125.130.0-255,7156,57504,9,294682
32596,0.000653,74.125.130.0-255,2902,60406,9,294682
32597,0.000661,172.31.36.0-255,66,60472,9,294682
32598,0.000702,74.125.130.0-255,5379,65851,9,294682
32599,0.000704,74.125.130.0-255,645,66496,9,294682
32600,0.000732,172.31.36.0-255,66,66562,9,294682
32601,0.000776,74.125.130.0-255,1484,68046,9,294682
32602,0.000804,74.125.130.0-255,1484,69530,9,294682
32603,0.000823,172.31.36.0-255,66,69596,9,294682
32604,0.000828,74.125.130.0-255,2902,72498,9,294682
32605,0.000834,74.125.130.0-255,4320,76818,9,294682
32606,0.000854,74.125.130.0-255,1484,78302,9,294682
32607,0.000858,74.125.130.0-255,2902,81204,9,294682
32608,0.00086,172.31.36.0-255,66,81270,9,294682
32609,0.000868,74.125.130.0-255,2543,83813,9,294682
32610,0.000892,172.31.36.0-255,66,83879,9,294682
32611,0.000945,74.125.130.0-255,1484,85363,9,294682
32612,0.000966,74.125.130.0-255,2902,88265,9,294682
32613,0.000981,172.31.36.0-255,66,88331,9,294682
32614,0.000992,74.125.130.0-255,4320,92651,9,294682
32615,0.001009,74.125.130.0-255,1484,94135,9,294682
32616,0.001014,74.125.130.0-255,4320,98455,9,294682
32617,0.001017,172.31.36.0-255,66,98521,9,294682
32618,0.001048,172.31.36.0-255,66,98587,9,294682
32619,0.00106,74.125.130.0-255,2543,101130,9,294682
32620,0.001085,172.31.36.0-255,66,101196,9,294682
32621,0.001392,74.125.130.0-255,1484,102680,9,294682
32622,0.001413,74.125.130.0-255,2902,105582,9,294682
32623,0.001417,172.31.36.0-255,66,105648,9,294682
32624,0.001446,74.125.130.0-255,4320,109968,9,294682
32625,0.001463,74.125.130.0-255,2902,112870,9,294682
32626,0.001469,172.31.36.0-255,66,112936,9,294682
32627,0.001499,74.125.130.0-255,4320,117256,9,294682
32628,0.001502,74.125.130.0-255,1484,118740,9,294682
32629,0.001517,172.31.36.0-255,66,118806,9,294682
32630,0.001522,74.125.130.0-255,2902,121708,9,294682
32631,0.001527,172.31.36.0-255,66,121774,9,294682
32632,0.001557,74.125.130.0-255,5738,127512,9,294682
32633,0.001568,74.125.130.0-255,1484,128996,9,294682
32634,0.001577,172.31.36.0-255,66,129062,9,294682
32635,0.001608,74.125.130.0-255,2902,131964,9,294682
32636,0.001613,74.125.130.0-255,2902,134866,9,294682
32637,0.001632,172.31.36.0-255,66,134932,9,294682
32638,0.001653,74.125.130.0-255,766,135698,9,294682
32639,0.001847,74.125.130.0-255,1484,137182,9,294682
32640,0.001851,172.31.36.0-255,66,137248,9,294682
32641,0.001882,74.125.130.0-255,1484,138732,9,294682
32642,0.001886,74.125.130.0-255,2902,141634,9,294682
32643,0.001902,172.31.36.0-255,66,141700,9,294682
32644,0.001919,74.125.130.0-255,5738,147438,9,294682
32645,0.001925,74.125.130.0-255,2902,150340,9,294682
32646,0.001937,74.125.130.0-255,1484,151824,9,294682
32647,0.001941,74.125.130.0-255,2902,154726,9,294682
32648,0.001958,74.125.130.0-255,2902,157628,9,294682
32649,0.00196,74.125.130.0-255,1484,159112,9,294682
32650,0.001967,172.31.36.0-255,66,159178,9,294682
32651,0.00199,74.125.130.0-255,4320,163498,9,294682
32652,0.001993,74.125.130.0-255,1484,164982,9,294682
32653,0.002001,172.31.36.0-255,66,165048,9,294682
32654,0.002029,74.125.130.0-255,5020,170068,9,294682
32655,0.002043,172.31.36.0-255,66,170134,9,294682
32656,0.002214,74.125.130.0-255,1484,171618,9,294682
32657,0.00223,74.125.130.0-255,1484,173102,9,294682
32658,0.002234,172.31.36.0-255,66,173168,9,294682
32659,0.002252,74.125.130.0-255,2902,176070,9,294682
32660,0.002261,172.31.36.0-255,66,176136,9,294682
32661,0.004489,74.125.130.0-255,2902,179038,9,294682
32662,0.004496,172.31.36.0-255,66,179104,9,294682
32663,0.004526,74.125.130.0-255,2902,182006,9,294682
32664,0.006563,172.31.36.0-255,66,182072,9,294682
32665,0.006747,74.125.130.0-255,2902,184974,9,294682
32666,0.006753,172.31.36.0-255,66,185040,9,294682
32667,0.008806,74.125.130.0-255,2902,187942,9,294682
32668,0.008813,172.31.36.0-255,66,188008,9,294682
32669,0.008985,74.125.130.0-255,2902,190910,9,294682
32670,0.00899,172.31.36.0-255,66,190976,9,294682
32671,0.011065,74.125.130.0-255,2902,193878,9,294682
32672,0.011073,172.31.36.0-255,66,193944,9,294682
32673,0.011237,74.125.130.0-255,2902,196846,9,294682
32674,0.01306,172.31.36.0-255,66,196912,9,294682
32675,0.013329,74.125.130.0-255,2902,199814,9,294682
32676,0.013336,172.31.36.0-255,66,199880,9,294682
32677,0.01532,74.125.130.0-255,2902,202782,9,294682
32678,0.015581,74.125.130.0-255,2902,205684,9,294682
32679,0.016818,172.31.36.0-255,66,205750,9,294682
32680,0.019074,74.125.130.0-255,5738,211488,9,294682
32681,0.019084,172.31.36.0-255,66,211554,9,294682
32682,0.021367,74.125.130.0-255,5738,217292,9,294682
32683,0.021374,172.31.36.0-255,66,217358,9,294682
32684,0.023632,74.125.130.0-255,5738,223096,9,294682
32685,0.023645,172.31.36.0-255,66,223162,9,294682
32686,0.025902,74.125.130.0-255,5738,228900,9,294682
32687,0.02591,172.31.36.0-255,66,228966,9,294682
32688,0.028155,74.125.130.0-255,5738,234704,9,294682
32689,0.028163,172.31.36.0-255,66,234770,9,294682
32690,0.030491,74.125.130.0-255,5738,240508,9,294682
32691,0.030499,172.31.36.0-255,66,240574,9,294682
32692,0.03276,74.125.130.0-255,5738,246312,9,294682
32693,0.032772,172.31.36.0-255,66,246378,9,294682
32694,0.035042,74.125.130.0-255,5738,252116,9,294682
32695,0.035053,172.31.36.0-255,66,252182,9,294682
32696,0.037317,74.125.130.0-255,5738,257920,9,294682
32697,0.037329,172.31.36.0-255,66,257986,9,294682
32698,0.039583,74.125.130.0-255,5738,263724,9,294682
32699,0.039591,172.31.36.0-255,66,263790,9,294682
32700,0.041871,74.125.130.0-255,5738,269528,9,294682
32701,0.041883,172.31.36.0-255,66,269594,9,294682
32702,0.044133,74.125.130.0-255,4320,273914,9,294682
32703,0.044141,172.31.36.0-255,66,273980,9,294682
32704,0.044171,74.125.130.0-255,1484,275464,9,294682
32705,0.04427,172.31.36.0-255,172,275636,9,294682
32706,0.044299,172.31.36.0-255,1116,276752,9,294682
32707,0.044373,172.31.36.0-255,1514,278266,9,294682
32708,0.044376,172.31.36.0-255,1514,279780,9,294682
32709,0.044377,172.31.36.0-255,1514,281294,9,294682
32710,0.044382,172.31.36.0-255,1514,282808,9,294682
32711,0.044383,172.31.36.0-255,1486,284294,9,294682
32712,0.045825,104.244.42.0-255,66,284360,9,294682
32713,0.045922,104.244.42.0-255,66,284426,9,294682
32714,0.045975,104.244.42.0-255,66,284492,9,294682
32715,0.0464,74.125.130.0-255,4320,288812,9,294682
32716,0.046406,172.31.36.0-255,66,288878,9,294682
32717,0.04866,74.125.130.0-255,5738,294616,9,294682
32718,0.048712,172.31.36.0-255,66,294682,9,294682
32719,0.0,74.125.24.0-255,153,153,9,238887
32720,1.6e-05,172.31.36.0-255,66,219,9,238887
32721,2.2e-05,74.125.24.0-255,1484,1703,9,238887
32722,2.6e-05,172.31.36.0-255,66,1769,9,238887
32723,3.2e-05,74.125.24.0-255,2902,4671,9,238887
32724,3.4e-05,172.31.36.0-255,66,4737,9,238887
32725,6.3e-05,74.125.24.0-255,7156,11893,9,238887
32726,6.6e-05,172.31.36.0-255,66,11959,9,238887
32727,9.2e-05,172.31.36.0-255,66,12025,9,238887
32728,0.000124,172.31.36.0-255,66,12091,9,238887
32729,0.000128,74.125.24.0-255,2543,14634,9,238887
32730,0.00013,172.31.36.0-255,66,14700,9,238887
32731,0.0002,74.125.24.0-255,1484,16184,9,238887
32732,0.000203,172.31.36.0-255,66,16250,9,238887
32733,0.000221,74.125.24.0-255,2902,19152,9,238887
32734,0.000224,172.31.36.0-255,66,19218,9,238887
32735,0.00023,74.125.24.0-255,5738,24956,9,238887
32736,0.000233,172.31.36.0-255,66,25022,9,238887
32737,0.000252,74.125.24.0-255,6797,31819,9,238887
32738,0.000255,172.31.36.0-255,66,31885,9,238887
32739,0.000262,74.125.24.0-255,7156,39041,9,238887
32740,0.000265,172.31.36.0-255,66,39107,9,238887
32741,0.000307,172.31.36.0-255,66,39173,9,238887
32742,0.000324,74.125.24.0-255,1454,40627,9,238887
32743,0.000326,172.31.36.0-255,66,40693,9,238887
32744,0.000437,74.125.24.0-255,114,40807,9,238887
32745,0.000441,172.31.36.0-255,66,40873,9,238887
32746,0.000586,74.125.24.0-255,332,41205,9,238887
32747,0.000591,172.31.36.0-255,66,41271,9,238887
32748,0.000742,74.125.24.0-255,1484,42755,9,238887
32749,0.000748,74.125.24.0-255,1484,44239,9,238887
32750,0.00075,172.31.36.0-255,66,44305,9,238887
32751,0.000772,74.125.24.0-255,1484,45789,9,238887
32752,0.000779,74.125.24.0-255,5738,51527,9,238887
32753,0.000781,172.31.36.0-255,66,51593,9,238887
32754,0.000784,74.125.24.0-255,1484,53077,9,238887
32755,0.000807,172.31.36.0-255,66,53143,9,238887
32756,0.000826,74.125.24.0-255,2543,55686,9,238887
32757,0.000829,172.31.36.0-255,66,55752,9,238887
32758,0.000838,172.31.36.0-255,66,55818,9,238887
32759,0.000841,74.125.24.0-255,1125,56943,9,238887
32760,0.001291,172.31.36.0-255,66,57009,9,238887
32761,0.001406,74.125.24.0-255,1484,58493,9,238887
32762,0.001413,74.125.24.0-255,2902,61395,9,238887
32763,0.001416,172.31.36.0-255,66,61461,9,238887
32764,0.001421,74.125.24.0-255,2902,64363,9,238887
32765,0.001423,172.31.36.0-255,66,64429,9,238887
32766,0.001438,74.125.24.0-255,2902,67331,9,238887
32767,0.00144,172.31.36.0-255,66,67397,9,238887
32768,0.001447,74.125.24.0-255,7156,74553,9,238887
32769,0.001449,172.31.36.0-255,66,74619,9,238887
32770,0.001472,74.125.24.0-255,5738,80357,9,238887
32771,0.001474,172.31.36.0-255,66,80423,9,238887
32772,0.001514,172.31.36.0-255,66,80489,9,238887
32773,0.00193,74.125.24.0-255,1484,81973,9,238887
32774,0.001938,74.125.24.0-255,2902,84875,9,238887
32775,0.001942,172.31.36.0-255,66,84941,9,238887
32776,0.001949,74.125.24.0-255,5738,90679,9,238887
32777,0.00195,172.31.36.0-255,66,90745,9,238887
32778,0.001955,74.125.24.0-255,4320,95065,9,238887
32779,0.001957,172.31.36.0-255,66,95131,9,238887
32780,0.001996,172.31.36.0-255,66,95197,9,238887
32781,0.002027,74.125.24.0-255,2902,98099,9,238887
32782,0.002028,172.31.36.0-255,66,98165,9,238887
32783,0.002044,74.125.24.0-255,5020,103185,9,238887
32784,0.002046,172.31.36.0-255,66,103251,9,238887
32785,0.002076,74.125.24.0-255,1484,104735,9,238887
32786,0.002088,74.125.24.0-255,2902,107637,9,238887
32787,0.00209,172.31.36.0-255,66,107703,9,238887
32788,0.002094,74.125.24.0-255,1484,109187,9,238887
32789,0.002109,74.125.24.0-255,4320,113507,9,238887
32790,0.002111,172.31.36.0-255,66,113573,9,238887
32791,0.002114,74.125.24.0-255,1484,115057,9,238887
32792,0.002116,74.125.24.0-255,1484,116541,9,238887
32793,0.002118,172.31.36.0-255,66,116607,9,238887
32794,0.00215,172.31.36.0-255,66,116673,9,238887
32795,0.002181,172.31.36.0-255,66,116739,9,238887
32796,0.002355,74.125.24.0-255,1484,118223,9,238887
32797,0.002368,74.125.24.0-255,2902,121125,9,238887
32798,0.002371,172.31.36.0-255,66,121191,9,238887
32799,0.002375,74.125.24.0-255,1484,122675,9,238887
32800,0.002392,74.125.24.0-255,4320,126995,9,238887
32801,0.002395,172.31.36.0-255,66,127061,9,238887
32802,0.002398,74.125.24.0-255,1484,128545,9,238887
32803,0.002425,172.31.36.0-255,66,128611,9,238887
32804,0.004838,74.125.24.0-255,5738,134349,9,238887
32805,0.004843,172.31.36.0-255,66,134415,9,238887
32806,0.007253,74.125.24.0-255,5738,140153,9,238887
32807,0.007259,172.31.36.0-255,66,140219,9,238887
32808,0.009627,74.125.24.0-255,5738,145957,9,238887
32809,0.009634,172.31.36.0-255,66,146023,9,238887
32810,0.012042,74.125.24.0-255,5738,151761,9,238887
32811,0.012051,172.31.36.0-255,66,151827,9,238887
32812,0.014451,74.125.24.0-255,5738,157565,9,238887
32813,0.014459,172.31.36.0-255,66,157631,9,238887
32814,0.01684,74.125.24.0-255,5738,163369,9,238887
32815,0.016858,172.31.36.0-255,66,163435,9,238887
32816,0.019241,74.125.24.0-255,5738,169173,9,238887
32817,0.019258,172.31.36.0-255,66,169239,9,238887
32818,0.021648,74.125.24.0-255,5738,174977,9,238887
32819,0.021662,172.31.36.0-255,66,175043,9,238887
32820,0.024034,74.125.24.0-255,5738,180781,9,238887
32821,0.024051,172.31.36.0-255,66,180847,9,238887
32822,0.026438,74.125.24.0-255,5738,186585,9,238887
32823,0.026446,172.31.36.0-255,66,186651,9,238887
32824,0.028823,74.125.24.0-255,5738,192389,9,238887
32825,0.028831,172.31.36.0-255,66,192455,9,238887
32826,0.031212,74.125.24.0-255,5738,198193,9,238887
32827,0.031219,172.31.36.0-255,66,198259,9,238887
32828,0.033608,74.125.24.0-255,5738,203997,9,238887
32829,0.033616,172.31.36.0-255,66,204063,9,238887
32830,0.036026,74.125.24.0-255,5738,209801,9,238887
32831,0.036035,172.31.36.0-255,66,209867,9,238887
32832,0.03847,74.125.24.0-255,5738,215605,9,238887
32833,0.038478,172.31.36.0-255,66,215671,9,238887
32834,0.040878,74.125.24.0-255,5738,221409,9,238887
32835,0.040892,172.31.36.0-255,66,221475,9,238887
32836,0.043265,74.125.24.0-255,5738,227213,9,238887
32837,0.043275,172.31.36.0-255,66,227279,9,238887
32838,0.045681,74.125.24.0-255,5738,233017,9,238887
32839,0.045691,172.31.36.0-255,66,233083,9,238887
32840,0.048073,74.125.24.0-255,5738,238821,9,238887
32841,0.048082,172.31.36.0-255,66,238887,9,238887
32842,0.0,172.217.194.0-255,143,143,9,314325
32843,2.3e-05,172.31.36.0-255,66,209,9,314325
32844,3.1e-05,172.217.194.0-255,1484,1693,9,314325
32845,3.6e-05,172.31.36.0-255,66,1759,9,314325
32846,4.2e-05,172.217.194.0-255,2902,4661,9,314325
32847,4.5e-05,172.31.36.0-255,66,4727,9,314325
32848,5.2e-05,172.217.194.0-255,7156,11883,9,314325
32849,5.5e-05,172.31.36.0-255,66,11949,9,314325
32850,6e-05,172.217.194.0-255,2104,14053,9,314325
32851,6.3e-05,172.31.36.0-255,66,14119,9,314325
32852,0.000204,172.217.194.0-255,1484,15603,9,314325
32853,0.00021,172.31.36.0-255,66,15669,9,314325
32854,0.000216,172.217.194.0-255,2902,18571,9,314325
32855,0.000219,172.31.36.0-255,66,18637,9,314325
32856,0.000222,172.217.194.0-255,1484,20121,9,314325
32857,0.000224,172.31.36.0-255,66,20187,9,314325
32858,0.000251,172.217.194.0-255,4320,24507,9,314325
32859,0.000254,172.31.36.0-255,66,24573,9,314325
32860,0.000282,172.217.194.0-255,2902,27475,9,314325
32861,0.000285,172.31.36.0-255,66,27541,9,314325
32862,0.000319,172.31.36.0-255,66,27607,9,314325
32863,0.000327,172.217.194.0-255,7156,34763,9,314325
32864,0.000329,172.31.36.0-255,66,34829,9,314325
32865,0.000366,172.217.194.0-255,2543,37372,9,314325
32866,0.000369,172.31.36.0-255,66,37438,9,314325
32867,0.000428,172.217.194.0-255,1484,38922,9,314325
32868,0.000431,172.31.36.0-255,66,38988,9,314325
32869,0.000436,172.217.194.0-255,2902,41890,9,314325
32870,0.000439,172.31.36.0-255,66,41956,9,314325
32871,0.000443,172.217.194.0-255,1484,43440,9,314325
32872,0.000445,172.31.36.0-255,66,43506,9,314325
32873,0.000462,172.217.194.0-255,4320,47826,9,314325
32874,0.000465,172.31.36.0-255,66,47892,9,314325
32875,0.000472,172.217.194.0-255,6797,54689,9,314325
32876,0.000474,172.31.36.0-255,66,54755,9,314325
32877,0.000511,172.217.194.0-255,646,55401,9,314325
32878,0.000532,172.217.194.0-255,1484,56885,9,314325
32879,0.000535,172.31.36.0-255,66,56951,9,314325
32880,0.000554,172.217.194.0-255,4320,61271,9,314325
32881,0.000557,172.31.36.0-255,66,61337,9,314325
32882,0.000562,172.217.194.0-255,4320,65657,9,314325
32883,0.000564,172.31.36.0-255,66,65723,9,314325
32884,0.000583,172.217.194.0-255,1484,67207,9,314325
32885,0.000591,172.217.194.0-255,7156,74363,9,314325
32886,0.000594,172.31.36.0-255,66,74429,9,314325
32887,0.000597,172.217.194.0-255,1484,75913,9,314325
32888,0.000635,172.31.36.0-255,66,75979,9,314325
32889,0.000638,172.217.194.0-255,766,76745,9,314325
32890,0.000695,172.217.194.0-255,1484,78229,9,314325
32891,0.000699,172.31.36.0-255,66,78295,9,314325
32892,0.000704,172.217.194.0-255,2902,81197,9,314325
32893,0.000707,172.31.36.0-255,66,81263,9,314325
32894,0.000734,172.217.194.0-255,5738,87001,9,314325
32895,0.000738,172.31.36.0-255,66,87067,9,314325
32896,0.000743,172.217.194.0-255,4320,91387,9,314325
32897,0.000745,172.31.36.0-255,66,91453,9,314325
32898,0.000767,172.31.36.0-255,66,91519,9,314325
32899,0.000778,172.31.36.0-255,66,91585,9,314325
32900,0.000803,172.217.194.0-255,2184,93769,9,314325
32901,0.000805,172.31.36.0-255,66,93835,9,314325
32902,0.000809,172.217.194.0-255,1484,95319,9,314325
32903,0.000826,172.217.194.0-255,4320,99639,9,314325
32904,0.00083,172.31.36.0-255,66,99705,9,314325
32905,0.000847,172.217.194.0-255,7156,106861,9,314325
32906,0.000851,172.31.36.0-255,66,106927,9,314325
32907,0.000856,172.217.194.0-255,2902,109829,9,314325
32908,0.000858,172.31.36.0-255,66,109895,9,314325
32909,0.000894,172.31.36.0-255,66,109961,9,314325
32910,0.000901,172.217.194.0-255,6438,116399,9,314325
32911,0.000903,172.31.36.0-255,66,116465,9,314325
32912,0.001369,172.217.194.0-255,1484,117949,9,314325
32913,0.001386,172.217.194.0-255,2902,120851,9,314325
32914,0.00139,172.31.36.0-255,66,120917,9,314325
32915,0.001394,172.217.194.0-255,1484,122401,9,314325
32916,0.001416,172.217.194.0-255,4320,126721,9,314325
32917,0.001419,172.31.36.0-255,66,126787,9,314325
32918,0.00145,172.31.36.0-255,66,126853,9,314325
32919,0.001485,172.217.194.0-255,4320,131173,9,314325
32920,0.001488,172.31.36.0-255,66,131239,9,314325
32921,0.001511,172.217.194.0-255,6438,137677,9,314325
32922,0.001514,172.31.36.0-255,66,137743,9,314325
32923,0.001574,172.217.194.0-255,1484,139227,9,314325
32924,0.001592,172.217.194.0-255,2902,142129,9,314325
32925,0.001595,172.31.36.0-255,66,142195,9,314325
32926,0.001601,172.217.194.0-255,2902,145097,9,314325
32927,0.001603,172.31.36.0-255,66,145163,9,314325
32928,0.001616,172.217.194.0-255,2902,148065,9,314325
32929,0.001619,172.31.36.0-255,66,148131,9,314325
32930,0.001622,172.217.194.0-255,1484,149615,9,314325
32931,0.00166,172.217.194.0-255,4320,153935,9,314325
32932,0.001664,172.31.36.0-255,66,154001,9,314325
32933,0.001667,172.31.36.0-255,66,154067,9,314325
32934,0.001688,172.217.194.0-255,5738,159805,9,314325
32935,0.001691,172.31.36.0-255,66,159871,9,314325
32936,0.001694,172.217.194.0-255,766,160637,9,314325
32937,0.001768,172.217.194.0-255,1484,162121,9,314325
32938,0.001771,172.31.36.0-255,66,162187,9,314325
32939,0.001777,172.217.194.0-255,2902,165089,9,314325
32940,0.001779,172.31.36.0-255,66,165155,9,314325
32941,0.001782,172.217.194.0-255,1484,166639,9,314325
32942,0.0018,172.217.194.0-255,2902,169541,9,314325
32943,0.001802,172.31.36.0-255,66,169607,9,314325
32944,0.001819,172.31.36.0-255,66,169673,9,314325
32945,0.001877,172.31.36.0-255,66,169739,9,314325
32946,0.002368,172.217.194.0-255,1484,171223,9,314325
32947,0.002374,172.217.194.0-255,2902,174125,9,314325
32948,0.002377,172.31.36.0-255,66,174191,9,314325
32949,0.002383,172.217.194.0-255,2902,177093,9,314325
32950,0.002385,172.31.36.0-255,66,177159,9,314325
32951,0.002398,172.217.194.0-255,2902,180061,9,314325
32952,0.002401,172.217.194.0-255,2902,182963,9,314325
32953,0.002405,172.31.36.0-255,66,183029,9,314325
32954,0.002407,172.31.36.0-255,66,183095,9,314325
32955,0.002433,172.217.194.0-255,5738,188833,9,314325
32956,0.002436,172.31.36.0-255,66,188899,9,314325
32957,0.002455,172.217.194.0-255,1484,190383,9,314325
32958,0.002475,172.217.194.0-255,7156,197539,9,314325
32959,0.002478,172.31.36.0-255,66,197605,9,314325
32960,0.0025,172.217.194.0-255,6438,204043,9,314325
32961,0.002503,172.31.36.0-255,66,204109,9,314325
32962,0.002514,172.31.36.0-255,66,204175,9,314325
32963,0.002536,172.217.194.0-255,5738,209913,9,314325
32964,0.002538,172.31.36.0-255,66,209979,9,314325
32965,0.002545,172.217.194.0-255,5738,215717,9,314325
32966,0.002547,172.31.36.0-255,66,215783,9,314325
32967,0.002577,172.217.194.0-255,7156,222939,9,314325
32968,0.002579,172.31.36.0-255,66,223005,9,314325
32969,0.002585,172.217.194.0-255,4320,227325,9,314325
32970,0.002587,172.31.36.0-255,66,227391,9,314325
32971,0.002599,172.217.194.0-255,766,228157,9,314325
32972,0.00508,172.217.194.0-255,4320,232477,9,314325
32973,0.005089,172.31.36.0-255,66,232543,9,314325
32974,0.007602,172.217.194.0-255,4320,236863,9,314325
32975,0.007608,172.31.36.0-255,66,236929,9,314325
32976,0.007632,172.217.194.0-255,1484,238413,9,314325
32977,0.010151,172.217.194.0-255,4320,242733,9,314325
32978,0.010157,172.31.36.0-255,66,242799,9,314325
32979,0.012672,172.217.194.0-255,5738,248537,9,314325
32980,0.01268,172.31.36.0-255,66,248603,9,314325
32981,0.015183,172.217.194.0-255,5738,254341,9,314325
32982,0.015192,172.31.36.0-255,66,254407,9,314325
32983,0.017715,172.217.194.0-255,5738,260145,9,314325
32984,0.017723,172.31.36.0-255,66,260211,9,314325
32985,0.020314,172.217.194.0-255,5738,265949,9,314325
32986,0.020325,172.31.36.0-255,66,266015,9,314325
32987,0.022855,172.217.194.0-255,5738,271753,9,314325
32988,0.022867,172.31.36.0-255,66,271819,9,314325
32989,0.0254,172.217.194.0-255,5738,277557,9,314325
32990,0.025411,172.31.36.0-255,66,277623,9,314325
32991,0.027962,172.217.194.0-255,5738,283361,9,314325
32992,0.027969,172.31.36.0-255,66,283427,9,314325
32993,0.030477,172.217.194.0-255,5738,289165,9,314325
32994,0.030487,172.31.36.0-255,66,289231,9,314325
32995,0.033025,172.217.194.0-255,5738,294969,9,314325
32996,0.033034,172.31.36.0-255,66,295035,9,314325
32997,0.03552,172.217.194.0-255,5738,300773,9,314325
32998,0.035528,172.31.36.0-255,66,300839,9,314325
32999,0.036517,172.31.36.0-255,167,301006,9,314325
33000,0.03655,172.31.36.0-255,1116,302122,9,314325
33001,0.036607,172.31.36.0-255,1514,303636,9,314325
33002,0.036608,172.31.36.0-255,1283,304919,9,314325
33003,0.038091,172.217.194.0-255,5738,310657,9,314325
33004,0.038098,172.31.36.0-255,66,310723,9,314325
33005,0.038106,104.244.42.0-255,66,310789,9,314325
33006,0.038116,104.244.42.0-255,66,310855,9,314325
33007,0.038178,104.244.42.0-255,66,310921,9,314325
33008,0.0406,172.217.194.0-255,2642,313563,9,314325
33009,0.040607,172.31.36.0-255,66,313629,9,314325
33010,0.04077,172.31.36.0-255,105,313734,9,314325
33011,0.040804,172.31.36.0-255,105,313839,9,314325
33012,0.041056,172.31.36.0-255,90,313929,9,314325
33013,0.041065,172.31.36.0-255,66,313995,9,314325
33014,0.043258,172.217.194.0-255,66,314061,9,314325
33015,0.043284,172.217.194.0-255,66,314127,9,314325
33016,0.043545,172.217.194.0-255,66,314193,9,314325
33017,0.043664,172.217.194.0-255,66,314259,9,314325
33018,0.043679,172.31.36.0-255,66,314325,9,314325
33019,0.0,74.125.24.0-255,142,142,9,232143
33020,2.2e-05,172.31.36.0-255,66,208,9,232143
33021,2.9e-05,74.125.24.0-255,1484,1692,9,232143
33022,3.3e-05,172.31.36.0-255,66,1758,9,232143
33023,3.9e-05,74.125.24.0-255,2902,4660,9,232143
33024,4.2e-05,172.31.36.0-255,66,4726,9,232143
33025,4.9e-05,74.125.24.0-255,7156,11882,9,232143
33026,5.3e-05,172.31.36.0-255,66,11948,9,232143
33027,5.6e-05,74.125.24.0-255,2064,14012,9,232143
33028,5.9e-05,172.31.36.0-255,66,14078,9,232143
33029,0.000162,74.125.24.0-255,1484,15562,9,232143
33030,0.000165,172.31.36.0-255,66,15628,9,232143
33031,0.000169,74.125.24.0-255,1484,17112,9,232143
33032,0.000171,172.31.36.0-255,66,17178,9,232143
33033,0.000185,74.125.24.0-255,1484,18662,9,232143
33034,0.000187,172.31.36.0-255,66,18728,9,232143
33035,0.000194,74.125.24.0-255,5738,24466,9,232143
33036,0.000196,172.31.36.0-255,66,24532,9,232143
33037,0.000201,74.125.24.0-255,4320,28852,9,232143
33038,0.000203,172.31.36.0-255,66,28918,9,232143
33039,0.000217,74.125.24.0-255,2543,31461,9,232143
33040,0.000219,172.31.36.0-255,66,31527,9,232143
33041,0.000265,172.31.36.0-255,66,31593,9,232143
33042,0.000312,172.31.36.0-255,66,31659,9,232143
33043,0.000331,74.125.24.0-255,2480,34139,9,232143
33044,0.000334,172.31.36.0-255,66,34205,9,232143
33045,0.000336,74.125.24.0-255,412,34617,9,232143
33046,0.000338,172.31.36.0-255,66,34683,9,232143
33047,0.000507,74.125.24.0-255,1484,36167,9,232143
33048,0.000512,172.31.36.0-255,66,36233,9,232143
33049,0.000517,74.125.24.0-255,2902,39135,9,232143
33050,0.000525,74.125.24.0-255,5738,44873,9,232143
33051,0.000571,172.31.36.0-255,66,44939,9,232143
33052,0.000579,74.125.24.0-255,1484,46423,9,232143
33053,0.000587,74.125.24.0-255,7156,53579,9,232143
33054,0.000599,172.31.36.0-255,66,53645,9,232143
33055,0.000613,74.125.24.0-255,3602,57247,9,232143
33056,0.000634,172.31.36.0-255,66,57313,9,232143
33057,0.001265,74.125.24.0-255,1484,58797,9,232143
33058,0.001271,74.125.24.0-255,1484,60281,9,232143
33059,0.001275,172.31.36.0-255,66,60347,9,232143
33060,0.001299,74.125.24.0-255,1484,61831,9,232143
33061,0.001306,74.125.24.0-255,5738,67569,9,232143
33062,0.001324,74.125.24.0-255,5738,73307,9,232143
33063,0.001341,172.31.36.0-255,66,73373,9,232143
33064,0.001373,74.125.24.0-255,5020,78393,9,232143
33065,0.001379,172.31.36.0-255,66,78459,9,232143
33066,0.001401,74.125.24.0-255,5738,84197,9,232143
33067,0.001407,74.125.24.0-255,4320,88517,9,232143
33068,0.001422,172.31.36.0-255,66,88583,9,232143
33069,0.001437,74.125.24.0-255,7156,95739,9,232143
33070,0.001443,172.31.36.0-255,66,95805,9,232143
33071,0.001453,74.125.24.0-255,4320,100125,9,232143
33072,0.001471,74.125.24.0-255,1484,101609,9,232143
33073,0.001478,172.31.36.0-255,66,101675,9,232143
33074,0.001502,74.125.24.0-255,5020,106695,9,232143
33075,0.001509,74.125.24.0-255,7156,113851,9,232143
33076,0.001547,172.31.36.0-255,66,113917,9,232143
33077,0.001567,74.125.24.0-255,2902,116819,9,232143
33078,0.001574,172.31.36.0-255,66,116885,9,232143
33079,0.001596,74.125.24.0-255,4320,121205,9,232143
33080,0.001612,172.31.36.0-255,66,121271,9,232143
33081,0.001693,74.125.24.0-255,5020,126291,9,232143
33082,0.001696,74.125.24.0-255,1484,127775,9,232143
33083,0.001706,172.31.36.0-255,66,127841,9,232143
33084,0.001711,74.125.24.0-255,2902,130743,9,232143
33085,0.001716,172.31.36.0-255,66,130809,9,232143
33086,0.001728,74.125.24.0-255,4320,135129,9,232143
33087,0.001734,74.125.24.0-255,5738,140867,9,232143
33088,0.001747,74.125.24.0-255,1484,142351,9,232143
33089,0.00176,172.31.36.0-255,66,142417,9,232143
33090,0.001812,172.31.36.0-255,66,142483,9,232143
33091,0.001866,74.125.24.0-255,1484,143967,9,232143
33092,0.001889,74.125.24.0-255,2902,146869,9,232143
33093,0.001906,74.125.24.0-255,2902,149771,9,232143
33094,0.001915,172.31.36.0-255,66,149837,9,232143
33095,0.001924,74.125.24.0-255,2902,152739,9,232143
33096,0.001927,74.125.24.0-255,1484,154223,9,232143
33097,0.001977,74.125.24.0-255,766,154989,9,232143
33098,0.001983,172.31.36.0-255,66,155055,9,232143
33099,0.002014,74.125.24.0-255,1484,156539,9,232143
33100,0.00203,74.125.24.0-255,2902,159441,9,232143
33101,0.002033,74.125.24.0-255,1484,160925,9,232143
33102,0.002038,172.31.36.0-255,66,160991,9,232143
33103,0.002052,74.125.24.0-255,4320,165311,9,232143
33104,0.002056,74.125.24.0-255,1484,166795,9,232143
33105,0.00207,172.31.36.0-255,66,166861,9,232143
33106,0.002092,74.125.24.0-255,2902,169763,9,232143
33107,0.0021,172.31.36.0-255,66,169829,9,232143
33108,0.002107,74.125.24.0-255,5738,175567,9,232143
33109,0.002121,74.125.24.0-255,2184,177751,9,232143
33110,0.002135,74.125.24.0-255,2902,180653,9,232143
33111,0.002154,172.31.36.0-255,66,180719,9,232143
33112,0.002188,74.125.24.0-255,1484,182203,9,232143
33113,0.002208,74.125.24.0-255,2184,184387,9,232143
33114,0.002215,172.31.36.0-255,66,184453,9,232143
33115,0.00453,74.125.24.0-255,5738,190191,9,232143
33116,0.004536,172.31.36.0-255,66,190257,9,232143
33117,0.006846,74.125.24.0-255,5738,195995,9,232143
33118,0.010397,172.31.36.0-255,66,196061,9,232143
33119,0.012733,74.125.24.0-255,5738,201799,9,232143
33120,0.012744,172.31.36.0-255,66,201865,9,232143
33121,0.015053,74.125.24.0-255,5738,207603,9,232143
33122,0.015062,172.31.36.0-255,66,207669,9,232143
33123,0.017401,74.125.24.0-255,5738,213407,9,232143
33124,0.01742,172.31.36.0-255,66,213473,9,232143
33125,0.01977,74.125.24.0-255,5738,219211,9,232143
33126,0.019779,172.31.36.0-255,66,219277,9,232143
33127,0.02214,74.125.24.0-255,5738,225015,9,232143
33128,0.022816,172.31.36.0-255,66,225081,9,232143
33129,0.025163,74.125.24.0-255,5738,230819,9,232143
33130,0.02517,172.31.36.0-255,66,230885,9,232143
33131,0.027478,74.125.24.0-255,1021,231906,9,232143
33132,0.02762,172.31.36.0-255,66,231972,9,232143
33133,0.027659,172.31.36.0-255,105,232077,9,232143
33134,0.029987,74.125.24.0-255,66,232143,9,232143
33135,0.0,172.31.36.0-255,188,188,9,11984
33136,4.1e-05,172.31.36.0-255,982,1170,9,11984
33137,0.000116,172.31.36.0-255,1514,2684,9,11984
33138,0.000119,172.31.36.0-255,1514,4198,9,11984
33139,0.00012,172.31.36.0-255,1514,5712,9,11984
33140,0.000121,172.31.36.0-255,1514,7226,9,11984
33141,0.000122,172.31.36.0-255,1514,8740,9,11984
33142,0.000163,172.31.36.0-255,1514,10254,9,11984
33143,0.000165,172.31.36.0-255,1292,11546,9,11984
33144,0.001582,104.244.42.0-255,66,11612,9,11984
33145,0.001667,104.244.42.0-255,66,11678,9,11984
33146,0.001701,104.244.42.0-255,66,11744,9,11984
33147,0.00172,104.244.42.0-255,66,11810,9,11984
33148,0.002409,104.244.42.0-255,108,11918,9,11984
33149,0.002418,172.31.36.0-255,66,11984,9,11984
33150,0.0,74.125.24.0-255,153,153,9,252925
33151,1.6e-05,172.31.36.0-255,66,219,9,252925
33152,2.3e-05,74.125.24.0-255,1484,1703,9,252925
33153,2.7e-05,172.31.36.0-255,66,1769,9,252925
33154,3.3e-05,74.125.24.0-255,2902,4671,9,252925
33155,3.5e-05,172.31.36.0-255,66,4737,9,252925
33156,4.2e-05,74.125.24.0-255,5738,10475,9,252925
33157,4.5e-05,172.31.36.0-255,66,10541,9,252925
33158,8e-05,74.125.24.0-255,3368,13909,9,252925
33159,8.3e-05,172.31.36.0-255,66,13975,9,252925
33160,0.000124,74.125.24.0-255,2902,16877,9,252925
33161,0.000126,172.31.36.0-255,66,16943,9,252925
33162,0.00013,74.125.24.0-255,1484,18427,9,252925
33163,0.000131,172.31.36.0-255,66,18493,9,252925
33164,0.000146,74.125.24.0-255,2902,21395,9,252925
33165,0.000149,172.31.36.0-255,66,21461,9,252925
33166,0.00016,172.31.36.0-255,66,21527,9,252925
33167,0.000163,74.125.24.0-255,1125,22652,9,252925
33168,0.000164,172.31.36.0-255,66,22718,9,252925
33169,0.000527,74.125.24.0-255,1484,24202,9,252925
33170,0.000533,172.31.36.0-255,66,24268,9,252925
33171,0.000539,74.125.24.0-255,2902,27170,9,252925
33172,0.000541,172.31.36.0-255,66,27236,9,252925
33173,0.000548,74.125.24.0-255,5738,32974,9,252925
33174,0.00055,172.31.36.0-255,66,33040,9,252925
33175,0.000584,74.125.24.0-255,6797,39837,9,252925
33176,0.000587,172.31.36.0-255,66,39903,9,252925
33177,0.000709,74.125.24.0-255,1484,41387,9,252925
33178,0.000713,172.31.36.0-255,66,41453,9,252925
33179,0.000719,74.125.24.0-255,2902,44355,9,252925
33180,0.000721,172.31.36.0-255,66,44421,9,252925
33181,0.000728,74.125.24.0-255,5738,50159,9,252925
33182,0.000733,74.125.24.0-255,2902,53061,9,252925
33183,0.000758,172.31.36.0-255,66,53127,9,252925
33184,0.00078,74.125.24.0-255,4572,57699,9,252925
33185,0.000799,172.31.36.0-255,66,57765,9,252925
33186,0.001119,74.125.24.0-255,1484,59249,9,252925
33187,0.001128,74.125.24.0-255,2902,62151,9,252925
33188,0.001131,172.31.36.0-255,66,62217,9,252925
33189,0.00114,74.125.24.0-255,5738,67955,9,252925
33190,0.001143,74.125.24.0-255,1484,69439,9,252925
33191,0.001177,74.125.24.0-255,4320,73759,9,252925
33192,0.001194,74.125.24.0-255,5379,79138,9,252925
33193,0.001199,74.125.24.0-255,2902,82040,9,252925
33194,0.001879,74.125.24.0-255,1484,83524,9,252925
33195,0.001887,74.125.24.0-255,2902,86426,9,252925
33196,0.001894,74.125.24.0-255,5738,92164,9,252925
33197,0.001897,74.125.24.0-255,1484,93648,9,252925
33198,0.001915,74.125.24.0-255,4320,97968,9,252925
33199,0.001922,74.125.24.0-255,7156,105124,9,252925
33200,0.00194,74.125.24.0-255,5738,110862,9,252925
33201,0.001957,74.125.24.0-255,5020,115882,9,252925
33202,0.002212,74.125.24.0-255,1484,117366,9,252925
33203,0.002216,74.125.24.0-255,1484,118850,9,252925
33204,0.002231,74.125.24.0-255,1484,120334,9,252925
33205,0.002236,74.125.24.0-255,2902,123236,9,252925
33206,0.002256,74.125.24.0-255,2902,126138,9,252925
33207,0.002261,74.125.24.0-255,4320,130458,9,252925
33208,0.002289,74.125.24.0-255,4320,134778,9,252925
33209,0.002315,74.125.24.0-255,7156,141934,9,252925
33210,0.005886,172.31.36.0-255,66,142000,9,252925
33211,0.008235,74.125.24.0-255,5738,147738,9,252925
33212,0.008243,172.31.36.0-255,66,147804,9,252925
33213,0.010615,74.125.24.0-255,5738,153542,9,252925
33214,0.011484,172.31.36.0-255,66,153608,9,252925
33215,0.013893,74.125.24.0-255,5738,159346,9,252925
33216,0.013904,172.31.36.0-255,66,159412,9,252925
33217,0.016307,74.125.24.0-255,5738,165150,9,252925
33218,0.016318,172.31.36.0-255,66,165216,9,252925
33219,0.018682,74.125.24.0-255,5738,170954,9,252925
33220,0.018691,172.31.36.0-255,66,171020,9,252925
33221,0.021087,74.125.24.0-255,5738,176758,9,252925
33222,0.021094,172.31.36.0-255,66,176824,9,252925
33223,0.023491,74.125.24.0-255,5738,182562,9,252925
33224,0.023501,172.31.36.0-255,66,182628,9,252925
33225,0.02589,74.125.24.0-255,5738,188366,9,252925
33226,0.025898,172.31.36.0-255,66,188432,9,252925
33227,0.028255,74.125.24.0-255,5738,194170,9,252925
33228,0.028261,172.31.36.0-255,66,194236,9,252925
33229,0.02894,172.31.36.0-255,172,194408,9,252925
33230,0.028973,172.31.36.0-255,1116,195524,9,252925
33231,0.029043,172.31.36.0-255,1514,197038,9,252925
33232,0.029045,172.31.36.0-255,1514,198552,9,252925
33233,0.02905,172.31.36.0-255,1514,200066,9,252925
33234,0.029051,172.31.36.0-255,359,200425,9,252925
33235,0.030501,104.244.42.0-255,66,200491,9,252925
33236,0.03055,104.244.42.0-255,66,200557,9,252925
33237,0.030649,74.125.24.0-255,5738,206295,9,252925
33238,0.030654,172.31.36.0-255,66,206361,9,252925
33239,0.03066,104.244.42.0-255,66,206427,9,252925
33240,0.030671,104.244.42.0-255,66,206493,9,252925
33241,0.033016,74.125.24.0-255,5738,212231,9,252925
33242,0.033023,172.31.36.0-255,66,212297,9,252925
33243,0.035398,74.125.24.0-255,5738,218035,9,252925
33244,0.035405,172.31.36.0-255,66,218101,9,252925
33245,0.037778,74.125.24.0-255,5738,223839,9,252925
33246,0.037785,172.31.36.0-255,66,223905,9,252925
33247,0.040158,74.125.24.0-255,5738,229643,9,252925
33248,0.040165,172.31.36.0-255,66,229709,9,252925
33249,0.042511,74.125.24.0-255,5738,235447,9,252925
33250,0.042518,172.31.36.0-255,66,235513,9,252925
33251,0.044915,74.125.24.0-255,5738,241251,9,252925
33252,0.044923,172.31.36.0-255,66,241317,9,252925
33253,0.047286,74.125.24.0-255,5738,247055,9,252925
33254,0.047293,172.31.36.0-255,66,247121,9,252925
33255,0.049677,74.125.24.0-255,5738,252859,9,252925
33256,0.049684,172.31.36.0-255,66,252925,9,252925
33257,0.0,172.217.194.0-255,148,148,9,264606
33258,2.4e-05,172.31.36.0-255,66,214,9,264606
33259,3.2e-05,172.217.194.0-255,1484,1698,9,264606
33260,3.6e-05,172.31.36.0-255,66,1764,9,264606
33261,5e-05,172.217.194.0-255,2902,4666,9,264606
33262,5.3e-05,172.31.36.0-255,66,4732,9,264606
33263,6.1e-05,172.217.194.0-255,7156,11888,9,264606
33264,6.3e-05,172.31.36.0-255,66,11954,9,264606
33265,7.7e-05,172.31.36.0-255,66,12020,9,264606
33266,9.9e-05,172.217.194.0-255,2003,14023,9,264606
33267,0.000102,172.31.36.0-255,66,14089,9,264606
33268,0.000107,172.217.194.0-255,3961,18050,9,264606
33269,0.000115,172.31.36.0-255,66,18116,9,264606
33270,0.000121,172.217.194.0-255,4320,22436,9,264606
33271,0.000123,172.31.36.0-255,66,22502,9,264606
33272,0.000168,172.31.36.0-255,66,22568,9,264606
33273,0.000186,172.31.36.0-255,66,22634,9,264606
33274,0.000206,172.217.194.0-255,5366,28000,9,264606
33275,0.000208,172.31.36.0-255,66,28066,9,264606
33276,0.000318,172.217.194.0-255,1484,29550,9,264606
33277,0.000321,172.31.36.0-255,66,29616,9,264606
33278,0.000326,172.217.194.0-255,2902,32518,9,264606
33279,0.000329,172.31.36.0-255,66,32584,9,264606
33280,0.000384,172.217.194.0-255,5738,38322,9,264606
33281,0.000387,172.31.36.0-255,66,38388,9,264606
33282,0.000392,172.217.194.0-255,4320,42708,9,264606
33283,0.000395,172.31.36.0-255,66,42774,9,264606
33284,0.000412,172.31.36.0-255,66,42840,9,264606
33285,0.000485,172.217.194.0-255,1484,44324,9,264606
33286,0.000491,172.217.194.0-255,2902,47226,9,264606
33287,0.000518,172.217.194.0-255,2902,50128,9,264606
33288,0.000523,172.217.194.0-255,2902,53030,9,264606
33289,0.000543,172.217.194.0-255,4320,57350,9,264606
33290,0.000586,172.217.194.0-255,7156,64506,9,264606
33291,0.00059,172.217.194.0-255,1484,65990,9,264606
33292,0.000607,172.217.194.0-255,2184,68174,9,264606
33293,0.000672,172.31.36.0-255,66,68240,9,264606
33294,0.000795,172.217.194.0-255,1484,69724,9,264606
33295,0.000801,172.217.194.0-255,2902,72626,9,264606
33296,0.000814,172.217.194.0-255,4320,76946,9,264606
33297,0.000828,172.217.194.0-255,1484,78430,9,264606
33298,0.000831,172.217.194.0-255,1484,79914,9,264606
33299,0.00085,172.217.194.0-255,7156,87070,9,264606
33300,0.000876,172.31.36.0-255,66,87136,9,264606
33301,0.000881,172.217.194.0-255,1484,88620,9,264606
33302,0.000911,172.31.36.0-255,66,88686,9,264606
33303,0.000923,172.217.194.0-255,3602,92288,9,264606
33304,0.000952,172.217.194.0-255,4320,96608,9,264606
33305,0.000967,172.217.194.0-255,1484,98092,9,264606
33306,0.00097,172.31.36.0-255,66,98158,9,264606
33307,0.001002,172.217.194.0-255,7156,105314,9,264606
33308,0.001009,172.217.194.0-255,5738,111052,9,264606
33309,0.001035,172.217.194.0-255,5020,116072,9,264606
33310,0.001051,172.31.36.0-255,66,116138,9,264606
33311,0.001083,172.217.194.0-255,1484,117622,9,264606
33312,0.001089,172.217.194.0-255,2902,120524,9,264606
33313,0.001112,172.217.194.0-255,5738,126262,9,264606
33314,0.001127,172.217.194.0-255,4320,130582,9,264606
33315,0.001131,172.31.36.0-255,66,130648,9,264606
33316,0.00115,172.217.194.0-255,7156,137804,9,264606
33317,0.001155,172.31.36.0-255,66,137870,9,264606
33318,0.001166,172.217.194.0-255,5738,143608,9,264606
33319,0.001287,172.31.36.0-255,66,143674,9,264606
33320,0.003495,172.217.194.0-255,5738,149412,9,264606
33321,0.003501,172.31.36.0-255,66,149478,9,264606
33322,0.005725,172.217.194.0-255,5738,155216,9,264606
33323,0.008795,172.31.36.0-255,66,155282,9,264606
33324,0.011025,172.217.194.0-255,5738,161020,9,264606
33325,0.011033,172.31.36.0-255,66,161086,9,264606
33326,0.013238,172.217.194.0-255,5738,166824,9,264606
33327,0.013246,172.31.36.0-255,66,166890,9,264606
33328,0.015441,172.217.194.0-255,5738,172628,9,264606
33329,0.01545,172.31.36.0-255,66,172694,9,264606
33330,0.017675,172.217.194.0-255,4320,177014,9,264606
33331,0.017685,172.31.36.0-255,66,177080,9,264606
33332,0.01772,172.217.194.0-255,1484,178564,9,264606
33333,0.019915,172.217.194.0-255,4320,182884,9,264606
33334,0.019925,172.31.36.0-255,66,182950,9,264606
33335,0.022122,172.217.194.0-255,5738,188688,9,264606
33336,0.022168,172.31.36.0-255,66,188754,9,264606
33337,0.024371,172.217.194.0-255,5738,194492,9,264606
33338,0.024378,172.31.36.0-255,66,194558,9,264606
33339,0.026588,172.217.194.0-255,5738,200296,9,264606
33340,0.026596,172.31.36.0-255,66,200362,9,264606
33341,0.028795,172.217.194.0-255,5738,206100,9,264606
33342,0.028801,172.31.36.0-255,66,206166,9,264606
33343,0.031005,172.217.194.0-255,5738,211904,9,264606
33344,0.031012,172.31.36.0-255,66,211970,9,264606
33345,0.03322,172.217.194.0-255,5738,217708,9,264606
33346,0.033228,172.31.36.0-255,66,217774,9,264606
33347,0.035448,172.217.194.0-255,5738,223512,9,264606
33348,0.035456,172.31.36.0-255,66,223578,9,264606
33349,0.037656,172.217.194.0-255,5738,229316,9,264606
33350,0.037665,172.31.36.0-255,66,229382,9,264606
33351,0.039894,172.217.194.0-255,5738,235120,9,264606
33352,0.039902,172.31.36.0-255,66,235186,9,264606
33353,0.042122,172.217.194.0-255,5738,240924,9,264606
33354,0.042131,172.31.36.0-255,66,240990,9,264606
33355,0.043492,172.31.36.0-255,176,241166,9,264606
33356,0.043524,172.31.36.0-255,1115,242281,9,264606
33357,0.043594,172.31.36.0-255,1514,243795,9,264606
33358,0.043596,172.31.36.0-255,1514,245309,9,264606
33359,0.043597,172.31.36.0-255,1514,246823,9,264606
33360,0.043598,172.31.36.0-255,107,246930,9,264606
33361,0.044361,172.217.194.0-255,5738,252668,9,264606
33362,0.044368,172.31.36.0-255,66,252734,9,264606
33363,0.045054,104.244.42.0-255,66,252800,9,264606
33364,0.045109,104.244.42.0-255,66,252866,9,264606
33365,0.045188,104.244.42.0-255,66,252932,9,264606
33366,0.045194,104.244.42.0-255,66,252998,9,264606
33367,0.046594,172.217.194.0-255,5738,258736,9,264606
33368,0.046603,172.31.36.0-255,66,258802,9,264606
33369,0.048835,172.217.194.0-255,5738,264540,9,264606
33370,0.048846,172.31.36.0-255,66,264606,9,264606
33371,0.0,172.217.194.0-255,298,298,9,152581
33372,2.4e-05,172.31.36.0-255,66,364,9,152581
33373,3e-05,172.217.194.0-255,1484,1848,9,152581
33374,3.4e-05,172.31.36.0-255,66,1914,9,152581
33375,3.8e-05,172.217.194.0-255,1484,3398,9,152581
33376,4.1e-05,172.31.36.0-255,66,3464,9,152581
33377,5.5e-05,172.217.194.0-255,2902,6366,9,152581
33378,5.8e-05,172.31.36.0-255,66,6432,9,152581
33379,6.5e-05,172.217.194.0-255,5738,12170,9,152581
33380,6.8e-05,172.31.36.0-255,66,12236,9,152581
33381,0.0001,172.217.194.0-255,1904,14140,9,152581
33382,0.000103,172.31.36.0-255,66,14206,9,152581
33383,0.000112,172.217.194.0-255,7156,21362,9,152581
33384,0.000114,172.31.36.0-255,66,21428,9,152581
33385,0.00014,172.217.194.0-255,2902,24330,9,152581
33386,0.000143,172.31.36.0-255,66,24396,9,152581
33387,0.00015,172.217.194.0-255,7156,31552,9,152581
33388,0.000153,172.31.36.0-255,66,31618,9,152581
33389,0.000185,172.217.194.0-255,2902,34520,9,152581
33390,0.000187,172.31.36.0-255,66,34586,9,152581
33391,0.000217,172.31.36.0-255,66,34652,9,152581
33392,0.00022,172.217.194.0-255,766,35418,9,152581
33393,0.000222,172.31.36.0-255,66,35484,9,152581
33394,0.005134,172.217.194.0-255,1484,36968,9,152581
33395,0.005164,172.31.36.0-255,66,37034,9,152581
33396,0.005176,172.217.194.0-255,2902,39936,9,152581
33397,0.005186,172.31.36.0-255,66,40002,9,152581
33398,0.00519,172.217.194.0-255,1484,41486,9,152581
33399,0.005193,172.31.36.0-255,66,41552,9,152581
33400,0.0074,172.217.194.0-255,1484,43036,9,152581
33401,0.007407,172.31.36.0-255,66,43102,9,152581
33402,0.007437,172.217.194.0-255,4320,47422,9,152581
33403,0.00744,172.31.36.0-255,66,47488,9,152581
33404,0.009635,172.217.194.0-255,1484,48972,9,152581
33405,0.009671,172.217.194.0-255,4269,53241,9,152581
33406,0.009676,172.31.36.0-255,66,53307,9,152581
33407,0.014573,172.217.194.0-255,1484,54791,9,152581
33408,0.014595,172.217.194.0-255,2902,57693,9,152581
33409,0.014604,172.31.36.0-255,66,57759,9,152581
33410,0.014611,172.217.194.0-255,1484,59243,9,152581
33411,0.016896,172.217.194.0-255,4320,63563,9,152581
33412,0.016907,172.31.36.0-255,66,63629,9,152581
33413,0.019187,172.217.194.0-255,5738,69367,9,152581
33414,0.019203,172.31.36.0-255,66,69433,9,152581
33415,0.02148,172.217.194.0-255,5738,75171,9,152581
33416,0.021489,172.31.36.0-255,66,75237,9,152581
33417,0.023753,172.217.194.0-255,5738,80975,9,152581
33418,0.023763,172.31.36.0-255,66,81041,9,152581
33419,0.026034,172.217.194.0-255,5738,86779,9,152581
33420,0.026042,172.31.36.0-255,66,86845,9,152581
33421,0.028335,172.217.194.0-255,5738,92583,9,152581
33422,0.028344,172.31.36.0-255,66,92649,9,152581
33423,0.030613,172.217.194.0-255,5738,98387,9,152581
33424,0.030628,172.31.36.0-255,66,98453,9,152581
33425,0.032891,172.217.194.0-255,5738,104191,9,152581
33426,0.032899,172.31.36.0-255,66,104257,9,152581
33427,0.035151,172.217.194.0-255,5738,109995,9,152581
33428,0.035161,172.31.36.0-255,66,110061,9,152581
33429,0.037428,172.217.194.0-255,5738,115799,9,152581
33430,0.037438,172.31.36.0-255,66,115865,9,152581
33431,0.038961,172.31.36.0-255,192,116057,9,152581
33432,0.038994,172.31.36.0-255,1116,117173,9,152581
33433,0.039067,172.31.36.0-255,1514,118687,9,152581
33434,0.039069,172.31.36.0-255,1514,120201,9,152581
33435,0.039074,172.31.36.0-255,1514,121715,9,152581
33436,0.039075,172.31.36.0-255,1514,123229,9,152581
33437,0.039101,172.31.36.0-255,1486,124715,9,152581
33438,0.039706,172.217.194.0-255,5738,130453,9,152581
33439,0.039714,172.31.36.0-255,66,130519,9,152581
33440,0.040484,104.244.42.0-255,66,130585,9,152581
33441,0.040587,104.244.42.0-255,66,130651,9,152581
33442,0.040633,104.244.42.0-255,66,130717,9,152581
33443,0.041979,172.217.194.0-255,5738,136455,9,152581
33444,0.041987,172.31.36.0-255,66,136521,9,152581
33445,0.044261,172.217.194.0-255,4320,140841,9,152581
33446,0.044268,172.31.36.0-255,66,140907,9,152581
33447,0.044299,172.217.194.0-255,1484,142391,9,152581
33448,0.046572,172.217.194.0-255,4320,146711,9,152581
33449,0.046581,172.31.36.0-255,66,146777,9,152581
33450,0.04885,172.217.194.0-255,5738,152515,9,152581
33451,0.048858,172.31.36.0-255,66,152581,9,152581
33452,0.0,74.125.68.0-255,298,298,9,353650
33453,2.6e-05,172.31.36.0-255,66,364,9,353650
33454,3.3e-05,74.125.68.0-255,1484,1848,9,353650
33455,3.7e-05,172.31.36.0-255,66,1914,9,353650
33456,5e-05,74.125.68.0-255,1484,3398,9,353650
33457,5.3e-05,172.31.36.0-255,66,3464,9,353650
33458,6.7e-05,74.125.68.0-255,2902,6366,9,353650
33459,7e-05,172.31.36.0-255,66,6432,9,353650
33460,9.7e-05,74.125.68.0-255,4320,10752,9,353650
33461,0.0001,172.31.36.0-255,66,10818,9,353650
33462,0.000116,74.125.68.0-255,1484,12302,9,353650
33463,0.000119,172.31.36.0-255,66,12368,9,353650
33464,0.000139,74.125.68.0-255,1484,13852,9,353650
33465,0.000141,172.31.36.0-255,66,13918,9,353650
33466,0.000157,74.125.68.0-255,4715,18633,9,353650
33467,0.000161,172.31.36.0-255,66,18699,9,353650
33468,0.000164,74.125.68.0-255,1484,20183,9,353650
33469,0.000166,172.31.36.0-255,66,20249,9,353650
33470,0.000171,74.125.68.0-255,2902,23151,9,353650
33471,0.000173,172.31.36.0-255,66,23217,9,353650
33472,0.0002,74.125.68.0-255,5738,28955,9,353650
33473,0.000203,172.31.36.0-255,66,29021,9,353650
33474,0.000206,74.125.68.0-255,1484,30505,9,353650
33475,0.000208,172.31.36.0-255,66,30571,9,353650
33476,0.000249,74.125.68.0-255,1125,31696,9,353650
33477,0.000252,172.31.36.0-255,66,31762,9,353650
33478,0.00034,74.125.68.0-255,1484,33246,9,353650
33479,0.000346,172.31.36.0-255,66,33312,9,353650
33480,0.000351,74.125.68.0-255,2902,36214,9,353650
33481,0.000353,172.31.36.0-255,66,36280,9,353650
33482,0.000356,74.125.68.0-255,1484,37764,9,353650
33483,0.000358,172.31.36.0-255,66,37830,9,353650
33484,0.000374,74.125.68.0-255,2902,40732,9,353650
33485,0.000377,172.31.36.0-255,66,40798,9,353650
33486,0.000379,74.125.68.0-255,1484,42282,9,353650
33487,0.000405,74.125.68.0-255,7156,49438,9,353650
33488,0.000409,172.31.36.0-255,66,49504,9,353650
33489,0.000419,172.31.36.0-255,66,49570,9,353650
33490,0.000465,172.31.36.0-255,66,49636,9,353650
33491,0.000483,74.125.68.0-255,428,50064,9,353650
33492,0.000598,74.125.68.0-255,1484,51548,9,353650
33493,0.000602,172.31.36.0-255,66,51614,9,353650
33494,0.000654,74.125.68.0-255,1484,53098,9,353650
33495,0.000682,74.125.68.0-255,2902,56000,9,353650
33496,0.000685,172.31.36.0-255,66,56066,9,353650
33497,0.000719,74.125.68.0-255,1484,57550,9,353650
33498,0.000724,74.125.68.0-255,2902,60452,9,353650
33499,0.000727,172.31.36.0-255,66,60518,9,353650
33500,0.000736,74.125.68.0-255,1484,62002,9,353650
33501,0.000757,74.125.68.0-255,4320,66322,9,353650
33502,0.00076,172.31.36.0-255,66,66388,9,353650
33503,0.000764,74.125.68.0-255,1484,67872,9,353650
33504,0.000768,74.125.68.0-255,2902,70774,9,353650
33505,0.000771,172.31.36.0-255,66,70840,9,353650
33506,0.00079,74.125.68.0-255,5738,76578,9,353650
33507,0.000793,172.31.36.0-255,66,76644,9,353650
33508,0.000807,74.125.68.0-255,1484,78128,9,353650
33509,0.000826,74.125.68.0-255,2902,81030,9,353650
33510,0.000829,172.31.36.0-255,66,81096,9,353650
33511,0.000862,74.125.68.0-255,1484,82580,9,353650
33512,0.000881,74.125.68.0-255,2184,84764,9,353650
33513,0.000884,172.31.36.0-255,66,84830,9,353650
33514,0.000952,74.125.68.0-255,1484,86314,9,353650
33515,0.000964,74.125.68.0-255,1484,87798,9,353650
33516,0.000967,172.31.36.0-255,66,87864,9,353650
33517,0.000986,74.125.68.0-255,1484,89348,9,353650
33518,0.000992,74.125.68.0-255,5738,95086,9,353650
33519,0.000995,172.31.36.0-255,66,95152,9,353650
33520,0.001015,74.125.68.0-255,5738,100890,9,353650
33521,0.001018,172.31.36.0-255,66,100956,9,353650
33522,0.001054,74.125.68.0-255,1484,102440,9,353650
33523,0.001068,74.125.68.0-255,2902,105342,9,353650
33524,0.001071,172.31.36.0-255,66,105408,9,353650
33525,0.001086,74.125.68.0-255,5738,111146,9,353650
33526,0.001088,172.31.36.0-255,66,111212,9,353650
33527,0.001115,74.125.68.0-255,7156,118368,9,353650
33528,0.001118,172.31.36.0-255,66,118434,9,353650
33529,0.001154,74.125.68.0-255,766,119200,9,353650
33530,0.001303,74.125.68.0-255,1484,120684,9,353650
33531,0.001307,172.31.36.0-255,66,120750,9,353650
33532,0.001311,74.125.68.0-255,1484,122234,9,353650
33533,0.001326,74.125.68.0-255,2902,125136,9,353650
33534,0.001331,172.31.36.0-255,66,125202,9,353650
33535,0.001353,74.125.68.0-255,5738,130940,9,353650
33536,0.001355,172.31.36.0-255,66,131006,9,353650
33537,0.001369,74.125.68.0-255,4320,135326,9,353650
33538,0.001372,172.31.36.0-255,66,135392,9,353650
33539,0.001416,74.125.68.0-255,5738,141130,9,353650
33540,0.001419,172.31.36.0-255,66,141196,9,353650
33541,0.001423,74.125.68.0-255,1484,142680,9,353650
33542,0.001426,74.125.68.0-255,2902,145582,9,353650
33543,0.001428,172.31.36.0-255,66,145648,9,353650
33544,0.001459,74.125.68.0-255,5738,151386,9,353650
33545,0.001462,172.31.36.0-255,66,151452,9,353650
33546,0.001466,74.125.68.0-255,2184,153636,9,353650
33547,0.001468,172.31.36.0-255,66,153702,9,353650
33548,0.001661,74.125.68.0-255,1484,155186,9,353650
33549,0.001665,74.125.68.0-255,1484,156670,9,353650
33550,0.001668,172.31.36.0-255,66,156736,9,353650
33551,0.001686,74.125.68.0-255,1484,158220,9,353650
33552,0.001693,74.125.68.0-255,5738,163958,9,353650
33553,0.001695,172.31.36.0-255,66,164024,9,353650
33554,0.001729,172.31.36.0-255,66,164090,9,353650
33555,0.001746,74.125.68.0-255,1484,165574,9,353650
33556,0.001753,74.125.68.0-255,7156,172730,9,353650
33557,0.001756,172.31.36.0-255,66,172796,9,353650
33558,0.001778,74.125.68.0-255,4320,177116,9,353650
33559,0.001781,172.31.36.0-255,66,177182,9,353650
33560,0.001785,74.125.68.0-255,2184,179366,9,353650
33561,0.001787,172.31.36.0-255,66,179432,9,353650
33562,0.00179,74.125.68.0-255,2902,182334,9,353650
33563,0.001792,172.31.36.0-255,66,182400,9,353650
33564,0.001811,74.125.68.0-255,1484,183884,9,353650
33565,0.001829,74.125.68.0-255,5738,189622,9,353650
33566,0.001832,172.31.36.0-255,66,189688,9,353650
33567,0.001837,74.125.68.0-255,2902,192590,9,353650
33568,0.001839,172.31.36.0-255,66,192656,9,353650
33569,0.001844,74.125.68.0-255,4320,196976,9,353650
33570,0.001847,172.31.36.0-255,66,197042,9,353650
33571,0.001879,172.31.36.0-255,66,197108,9,353650
33572,0.001885,74.125.68.0-255,5738,202846,9,353650
33573,0.001888,172.31.36.0-255,66,202912,9,353650
33574,0.001915,74.125.68.0-255,4320,207232,9,353650
33575,0.001918,172.31.36.0-255,66,207298,9,353650
33576,0.001939,74.125.68.0-255,2184,209482,9,353650
33577,0.001941,172.31.36.0-255,66,209548,9,353650
33578,0.001946,74.125.68.0-255,2902,212450,9,353650
33579,0.001948,172.31.36.0-255,66,212516,9,353650
33580,0.001958,74.125.68.0-255,4320,216836,9,353650
33581,0.00196,172.31.36.0-255,66,216902,9,353650
33582,0.001971,172.31.36.0-255,66,216968,9,353650
33583,0.001976,74.125.68.0-255,4320,221288,9,353650
33584,0.001979,172.31.36.0-255,66,221354,9,353650
33585,0.002003,74.125.68.0-255,2902,224256,9,353650
33586,0.002007,172.31.36.0-255,66,224322,9,353650
33587,0.002025,74.125.68.0-255,4320,228642,9,353650
33588,0.002028,172.31.36.0-255,66,228708,9,353650
33589,0.002043,74.125.68.0-255,3602,232310,9,353650
33590,0.002047,172.31.36.0-255,66,232376,9,353650
33591,0.002051,74.125.68.0-255,2902,235278,9,353650
33592,0.002053,172.31.36.0-255,66,235344,9,353650
33593,0.002059,74.125.68.0-255,4320,239664,9,353650
33594,0.002061,172.31.36.0-255,66,239730,9,353650
33595,0.002093,74.125.68.0-255,1484,241214,9,353650
33596,0.002095,172.31.36.0-255,66,241280,9,353650
33597,0.002097,74.125.68.0-255,2902,244182,9,353650
33598,0.002099,172.31.36.0-255,66,244248,9,353650
33599,0.002113,74.125.68.0-255,2902,247150,9,353650
33600,0.002116,172.31.36.0-255,66,247216,9,353650
33601,0.002137,74.125.68.0-255,2902,250118,9,353650
33602,0.00214,172.31.36.0-255,66,250184,9,353650
33603,0.002146,74.125.68.0-255,6438,256622,9,353650
33604,0.002148,172.31.36.0-255,66,256688,9,353650
33605,0.002184,74.125.68.0-255,7156,263844,9,353650
33606,0.002188,172.31.36.0-255,66,263910,9,353650
33607,0.00221,74.125.68.0-255,1484,265394,9,353650
33608,0.002231,74.125.68.0-255,7156,272550,9,353650
33609,0.002234,172.31.36.0-255,66,272616,9,353650
33610,0.002239,74.125.68.0-255,2902,275518,9,353650
33611,0.002241,172.31.36.0-255,66,275584,9,353650
33612,0.002246,74.125.68.0-255,4320,279904,9,353650
33613,0.002248,172.31.36.0-255,66,279970,9,353650
33614,0.002282,172.31.36.0-255,66,280036,9,353650
33615,0.002286,74.125.68.0-255,2184,282220,9,353650
33616,0.002287,172.31.36.0-255,66,282286,9,353650
33617,0.002338,74.125.68.0-255,2902,285188,9,353650
33618,0.002341,172.31.36.0-255,66,285254,9,353650
33619,0.002346,74.125.68.0-255,4320,289574,9,353650
33620,0.002348,172.31.36.0-255,66,289640,9,353650
33621,0.002355,74.125.68.0-255,5738,295378,9,353650
33622,0.002367,172.31.36.0-255,66,295444,9,353650
33623,0.002371,74.125.68.0-255,1484,296928,9,353650
33624,0.002387,74.125.68.0-255,7156,304084,9,353650
33625,0.002394,172.31.36.0-255,66,304150,9,353650
33626,0.002411,74.125.68.0-255,2902,307052,9,353650
33627,0.002415,74.125.68.0-255,2902,309954,9,353650
33628,0.002426,172.31.36.0-255,66,310020,9,353650
33629,0.002442,74.125.68.0-255,1484,311504,9,353650
33630,0.002459,74.125.68.0-255,7156,318660,9,353650
33631,0.002462,172.31.36.0-255,66,318726,9,353650
33632,0.002481,74.125.68.0-255,3602,322328,9,353650
33633,0.002485,172.31.36.0-255,66,322394,9,353650
33634,0.002496,74.125.68.0-255,4320,326714,9,353650
33635,0.002501,172.31.36.0-255,66,326780,9,353650
33636,0.002525,74.125.68.0-255,2902,329682,9,353650
33637,0.002534,74.125.68.0-255,1484,331166,9,353650
33638,0.00254,172.31.36.0-255,66,331232,9,353650
33639,0.002558,74.125.68.0-255,4320,335552,9,353650
33640,0.002563,172.31.36.0-255,66,335618,9,353650
33641,0.002586,74.125.68.0-255,7156,342774,9,353650
33642,0.002589,74.125.68.0-255,1373,344147,9,353650
33643,0.002603,172.31.36.0-255,66,344213,9,353650
33644,0.005132,74.125.68.0-255,105,344318,9,353650
33645,0.009038,172.31.36.0-255,66,344384,9,353650
33646,0.009077,172.31.36.0-255,105,344489,9,353650
33647,0.011604,74.125.68.0-255,66,344555,9,353650
33648,0.035749,172.31.36.0-255,172,344727,9,353650
33649,0.035793,172.31.36.0-255,1115,345842,9,353650
33650,0.035831,172.31.36.0-255,1514,347356,9,353650
33651,0.035832,172.31.36.0-255,1514,348870,9,353650
33652,0.035834,172.31.36.0-255,1514,350384,9,353650
33653,0.035838,172.31.36.0-255,1514,351898,9,353650
33654,0.035864,172.31.36.0-255,1488,353386,9,353650
33655,0.037241,104.244.42.0-255,66,353452,9,353650
33656,0.037275,104.244.42.0-255,66,353518,9,353650
33657,0.037353,104.244.42.0-255,66,353584,9,353650
33658,0.037382,104.244.42.0-255,66,353650,9,353650
33659,0.0,172.217.194.0-255,153,153,9,262230
33660,3.4e-05,172.31.36.0-255,66,219,9,262230
33661,4.1e-05,172.217.194.0-255,1484,1703,9,262230
33662,4.5e-05,172.31.36.0-255,66,1769,9,262230
33663,5e-05,172.217.194.0-255,2902,4671,9,262230
33664,5.2e-05,172.31.36.0-255,66,4737,9,262230
33665,5.9e-05,172.217.194.0-255,7156,11893,9,262230
33666,6.1e-05,172.31.36.0-255,66,11959,9,262230
33667,6.7e-05,172.217.194.0-255,3476,15435,9,262230
33668,6.9e-05,172.31.36.0-255,66,15501,9,262230
33669,7.2e-05,172.217.194.0-255,1484,16985,9,262230
33670,7.5e-05,172.31.36.0-255,66,17051,9,262230
33671,0.000107,172.217.194.0-255,2902,19953,9,262230
33672,0.000109,172.31.36.0-255,66,20019,9,262230
33673,0.000119,172.31.36.0-255,66,20085,9,262230
33674,0.000122,172.217.194.0-255,1125,21210,9,262230
33675,0.000124,172.31.36.0-255,66,21276,9,262230
33676,0.000159,172.217.194.0-255,4320,25596,9,262230
33677,0.000162,172.31.36.0-255,66,25662,9,262230
33678,0.000184,172.217.194.0-255,4320,29982,9,262230
33679,0.000186,172.31.36.0-255,66,30048,9,262230
33680,0.000206,172.217.194.0-255,4320,34368,9,262230
33681,0.000209,172.31.36.0-255,66,34434,9,262230
33682,0.000228,172.217.194.0-255,3961,38395,9,262230
33683,0.000231,172.31.36.0-255,66,38461,9,262230
33684,0.000846,172.217.194.0-255,1484,39945,9,262230
33685,0.000851,172.31.36.0-255,66,40011,9,262230
33686,0.000873,172.217.194.0-255,2902,42913,9,262230
33687,0.000877,172.31.36.0-255,66,42979,9,262230
33688,0.000884,172.217.194.0-255,5738,48717,9,262230
33689,0.000886,172.31.36.0-255,66,48783,9,262230
33690,0.000891,172.217.194.0-255,2902,51685,9,262230
33691,0.000895,172.31.36.0-255,66,51751,9,262230
33692,0.000917,172.217.194.0-255,3961,55712,9,262230
33693,0.00092,172.31.36.0-255,66,55778,9,262230
33694,0.001011,172.217.194.0-255,1484,57262,9,262230
33695,0.001017,172.217.194.0-255,2902,60164,9,262230
33696,0.001021,172.31.36.0-255,66,60230,9,262230
33697,0.001043,172.217.194.0-255,5738,65968,9,262230
33698,0.001047,172.31.36.0-255,66,66034,9,262230
33699,0.001052,172.217.194.0-255,4320,70354,9,262230
33700,0.001053,172.31.36.0-255,66,70420,9,262230
33701,0.001073,172.217.194.0-255,5379,75799,9,262230
33702,0.001075,172.31.36.0-255,66,75865,9,262230
33703,0.001115,172.217.194.0-255,2902,78767,9,262230
33704,0.001118,172.31.36.0-255,66,78833,9,262230
33705,0.001147,172.31.36.0-255,66,78899,9,262230
33706,0.001287,172.217.194.0-255,1484,80383,9,262230
33707,0.001292,172.217.194.0-255,2902,83285,9,262230
33708,0.001295,172.31.36.0-255,66,83351,9,262230
33709,0.001299,172.217.194.0-255,1484,84835,9,262230
33710,0.001315,172.217.194.0-255,4320,89155,9,262230
33711,0.001318,172.31.36.0-255,66,89221,9,262230
33712,0.001344,172.217.194.0-255,4320,93541,9,262230
33713,0.001347,172.31.36.0-255,66,93607,9,262230
33714,0.001371,172.217.194.0-255,7156,100763,9,262230
33715,0.001374,172.31.36.0-255,66,100829,9,262230
33716,0.001395,172.217.194.0-255,1484,102313,9,262230
33717,0.001407,172.31.36.0-255,66,102379,9,262230
33718,0.001472,172.217.194.0-255,1484,103863,9,262230
33719,0.001487,172.217.194.0-255,2902,106765,9,262230
33720,0.001489,172.31.36.0-255,66,106831,9,262230
33721,0.001494,172.217.194.0-255,2902,109733,9,262230
33722,0.001496,172.31.36.0-255,66,109799,9,262230
33723,0.001511,172.217.194.0-255,2902,112701,9,262230
33724,0.001514,172.31.36.0-255,66,112767,9,262230
33725,0.001527,172.217.194.0-255,4320,117087,9,262230
33726,0.00153,172.31.36.0-255,66,117153,9,262230
33727,0.001545,172.217.194.0-255,5738,122891,9,262230
33728,0.001548,172.31.36.0-255,66,122957,9,262230
33729,0.001581,172.31.36.0-255,66,123023,9,262230
33730,0.002224,172.217.194.0-255,1484,124507,9,262230
33731,0.002235,172.217.194.0-255,2902,127409,9,262230
33732,0.002239,172.31.36.0-255,66,127475,9,262230
33733,0.002247,172.217.194.0-255,5738,133213,9,262230
33734,0.002249,172.31.36.0-255,66,133279,9,262230
33735,0.00229,172.31.36.0-255,66,133345,9,262230
33736,0.002301,172.31.36.0-255,66,133411,9,262230
33737,0.002304,172.217.194.0-255,766,134177,9,262230
33738,0.003707,172.31.36.0-255,66,134243,9,262230
33739,0.004638,172.217.194.0-255,2902,137145,9,262230
33740,0.004643,172.31.36.0-255,66,137211,9,262230
33741,0.004672,172.217.194.0-255,1484,138695,9,262230
33742,0.006003,172.217.194.0-255,1484,140179,9,262230
33743,0.006008,172.31.36.0-255,66,140245,9,262230
33744,0.006923,172.217.194.0-255,2902,143147,9,262230
33745,0.006927,172.31.36.0-255,66,143213,9,262230
33746,0.008312,172.217.194.0-255,2902,146115,9,262230
33747,0.008319,172.31.36.0-255,66,146181,9,262230
33748,0.009218,172.217.194.0-255,2902,149083,9,262230
33749,0.009225,172.31.36.0-255,66,149149,9,262230
33750,0.010607,172.217.194.0-255,2902,152051,9,262230
33751,0.010615,172.31.36.0-255,66,152117,9,262230
33752,0.011523,172.217.194.0-255,2902,155019,9,262230
33753,0.011529,172.31.36.0-255,66,155085,9,262230
33754,0.012919,172.217.194.0-255,2902,157987,9,262230
33755,0.012927,172.31.36.0-255,66,158053,9,262230
33756,0.013837,172.217.194.0-255,2902,160955,9,262230
33757,0.013844,172.31.36.0-255,66,161021,9,262230
33758,0.015214,172.217.194.0-255,2902,163923,9,262230
33759,0.015222,172.31.36.0-255,66,163989,9,262230
33760,0.01618,172.217.194.0-255,2902,166891,9,262230
33761,0.016187,172.31.36.0-255,66,166957,9,262230
33762,0.017514,172.217.194.0-255,2902,169859,9,262230
33763,0.017522,172.31.36.0-255,66,169925,9,262230
33764,0.018501,172.217.194.0-255,2902,172827,9,262230
33765,0.018507,172.31.36.0-255,66,172893,9,262230
33766,0.019833,172.217.194.0-255,2902,175795,9,262230
33767,0.019841,172.31.36.0-255,66,175861,9,262230
33768,0.020788,172.217.194.0-255,2902,178763,9,262230
33769,0.020796,172.31.36.0-255,66,178829,9,262230
33770,0.022144,172.217.194.0-255,2902,181731,9,262230
33771,0.022151,172.31.36.0-255,66,181797,9,262230
33772,0.023119,172.217.194.0-255,2902,184699,9,262230
33773,0.023126,172.31.36.0-255,66,184765,9,262230
33774,0.024462,172.217.194.0-255,2902,187667,9,262230
33775,0.024469,172.31.36.0-255,66,187733,9,262230
33776,0.02542,172.217.194.0-255,2902,190635,9,262230
33777,0.025427,172.31.36.0-255,66,190701,9,262230
33778,0.026479,172.31.36.0-255,172,190873,9,262230
33779,0.026512,172.31.36.0-255,1115,191988,9,262230
33780,0.026564,172.31.36.0-255,1514,193502,9,262230
33781,0.026566,172.31.36.0-255,1514,195016,9,262230
33782,0.026568,172.31.36.0-255,1514,196530,9,262230
33783,0.026572,172.31.36.0-255,1514,198044,9,262230
33784,0.026573,172.31.36.0-255,1486,199530,9,262230
33785,0.026761,172.217.194.0-255,2902,202432,9,262230
33786,0.026768,172.31.36.0-255,66,202498,9,262230
33787,0.027753,172.217.194.0-255,2902,205400,9,262230
33788,0.027758,172.31.36.0-255,66,205466,9,262230
33789,0.028067,104.244.42.0-255,66,205532,9,262230
33790,0.028087,104.244.42.0-255,66,205598,9,262230
33791,0.028184,104.244.42.0-255,66,205664,9,262230
33792,0.028793,104.244.42.0-255,108,205772,9,262230
33793,0.028814,172.31.36.0-255,66,205838,9,262230
33794,0.029063,172.217.194.0-255,2902,208740,9,262230
33795,0.029067,172.31.36.0-255,66,208806,9,262230
33796,0.030048,172.217.194.0-255,2902,211708,9,262230
33797,0.030054,172.31.36.0-255,66,211774,9,262230
33798,0.031382,172.217.194.0-255,2902,214676,9,262230
33799,0.031388,172.31.36.0-255,66,214742,9,262230
33800,0.032333,172.217.194.0-255,2902,217644,9,262230
33801,0.032338,172.31.36.0-255,66,217710,9,262230
33802,0.033689,172.217.194.0-255,2902,220612,9,262230
33803,0.033694,172.31.36.0-255,66,220678,9,262230
33804,0.03461,172.217.194.0-255,2902,223580,9,262230
33805,0.034615,172.31.36.0-255,66,223646,9,262230
33806,0.035994,172.217.194.0-255,2902,226548,9,262230
33807,0.035999,172.31.36.0-255,66,226614,9,262230
33808,0.036912,172.217.194.0-255,2902,229516,9,262230
33809,0.036917,172.31.36.0-255,66,229582,9,262230
33810,0.038271,172.217.194.0-255,2902,232484,9,262230
33811,0.038276,172.31.36.0-255,66,232550,9,262230
33812,0.039209,172.217.194.0-255,2902,235452,9,262230
33813,0.039214,172.31.36.0-255,66,235518,9,262230
33814,0.040558,172.217.194.0-255,2902,238420,9,262230
33815,0.040563,172.31.36.0-255,66,238486,9,262230
33816,0.041526,172.217.194.0-255,2902,241388,9,262230
33817,0.041531,172.31.36.0-255,66,241454,9,262230
33818,0.042849,172.217.194.0-255,2902,244356,9,262230
33819,0.042854,172.31.36.0-255,66,244422,9,262230
33820,0.043819,172.217.194.0-255,2902,247324,9,262230
33821,0.043839,172.31.36.0-255,66,247390,9,262230
33822,0.045154,172.217.194.0-255,2902,250292,9,262230
33823,0.045159,172.31.36.0-255,66,250358,9,262230
33824,0.04615,172.217.194.0-255,2902,253260,9,262230
33825,0.046155,172.31.36.0-255,66,253326,9,262230
33826,0.047459,172.217.194.0-255,2902,256228,9,262230
33827,0.047464,172.31.36.0-255,66,256294,9,262230
33828,0.048441,172.217.194.0-255,2902,259196,9,262230
33829,0.048446,172.31.36.0-255,66,259262,9,262230
33830,0.049765,172.217.194.0-255,2902,262164,9,262230
33831,0.049772,172.31.36.0-255,66,262230,9,262230
33832,0.0,74.125.68.0-255,297,297,9,217590
33833,3.2e-05,172.31.36.0-255,66,363,9,217590
33834,3.9e-05,74.125.68.0-255,1484,1847,9,217590
33835,4.4e-05,172.31.36.0-255,66,1913,9,217590
33836,5.6e-05,74.125.68.0-255,2902,4815,9,217590
33837,6e-05,172.31.36.0-255,66,4881,9,217590
33838,6.6e-05,74.125.68.0-255,5738,10619,9,217590
33839,6.9e-05,172.31.36.0-255,66,10685,9,217590
33840,7.2e-05,74.125.68.0-255,1484,12169,9,217590
33841,7.6e-05,172.31.36.0-255,66,12235,9,217590
33842,0.000109,74.125.68.0-255,1780,14015,9,217590
33843,0.000112,172.31.36.0-255,66,14081,9,217590
33844,0.000539,74.125.68.0-255,1484,15565,9,217590
33845,0.000545,172.31.36.0-255,66,15631,9,217590
33846,0.000555,74.125.68.0-255,2902,18533,9,217590
33847,0.000568,172.31.36.0-255,66,18599,9,217590
33848,0.000575,74.125.68.0-255,5738,24337,9,217590
33849,0.000578,172.31.36.0-255,66,24403,9,217590
33850,0.000602,74.125.68.0-255,1484,25887,9,217590
33851,0.00061,172.31.36.0-255,66,25953,9,217590
33852,0.000617,74.125.68.0-255,2902,28855,9,217590
33853,0.000619,172.31.36.0-255,66,28921,9,217590
33854,0.000652,74.125.68.0-255,2543,31464,9,217590
33855,0.000656,172.31.36.0-255,66,31530,9,217590
33856,0.000765,74.125.68.0-255,1484,33014,9,217590
33857,0.000772,172.31.36.0-255,66,33080,9,217590
33858,0.000777,74.125.68.0-255,1484,34564,9,217590
33859,0.000779,172.31.36.0-255,66,34630,9,217590
33860,0.0008,74.125.68.0-255,1484,36114,9,217590
33861,0.000808,172.31.36.0-255,66,36180,9,217590
33862,0.000811,74.125.68.0-255,1484,37664,9,217590
33863,0.000813,172.31.36.0-255,66,37730,9,217590
33864,0.000818,74.125.68.0-255,2902,40632,9,217590
33865,0.00082,172.31.36.0-255,66,40698,9,217590
33866,0.000845,74.125.68.0-255,5738,46436,9,217590
33867,0.000849,172.31.36.0-255,66,46502,9,217590
33868,0.000854,74.125.68.0-255,2543,49045,9,217590
33869,0.000856,172.31.36.0-255,66,49111,9,217590
33870,0.000885,74.125.68.0-255,2902,52013,9,217590
33871,0.000889,172.31.36.0-255,66,52079,9,217590
33872,0.000892,74.125.68.0-255,1484,53563,9,217590
33873,0.000931,74.125.68.0-255,5738,59301,9,217590
33874,0.000935,172.31.36.0-255,66,59367,9,217590
33875,0.000939,74.125.68.0-255,1484,60851,9,217590
33876,0.000977,74.125.68.0-255,1484,62335,9,217590
33877,0.000982,172.31.36.0-255,66,62401,9,217590
33878,0.00101,74.125.68.0-255,3961,66362,9,217590
33879,0.001014,172.31.36.0-255,66,66428,9,217590
33880,0.001833,74.125.68.0-255,646,67074,9,217590
33881,0.001929,74.125.68.0-255,1484,68558,9,217590
33882,0.001935,172.31.36.0-255,66,68624,9,217590
33883,0.001965,74.125.68.0-255,1484,70108,9,217590
33884,0.001983,74.125.68.0-255,2902,73010,9,217590
33885,0.001987,172.31.36.0-255,66,73076,9,217590
33886,0.002015,74.125.68.0-255,5738,78814,9,217590
33887,0.002018,172.31.36.0-255,66,78880,9,217590
33888,0.002046,74.125.68.0-255,7156,86036,9,217590
33889,0.002048,172.31.36.0-255,66,86102,9,217590
33890,0.00206,74.125.68.0-255,2902,89004,9,217590
33891,0.002066,172.31.36.0-255,66,89070,9,217590
33892,0.002092,74.125.68.0-255,2902,91972,9,217590
33893,0.002094,172.31.36.0-255,66,92038,9,217590
33894,0.002101,74.125.68.0-255,7156,99194,9,217590
33895,0.002103,172.31.36.0-255,66,99260,9,217590
33896,0.002111,74.125.68.0-255,2184,101444,9,217590
33897,0.002113,172.31.36.0-255,66,101510,9,217590
33898,0.004402,74.125.68.0-255,5738,107248,9,217590
33899,0.004406,172.31.36.0-255,66,107314,9,217590
33900,0.006709,74.125.68.0-255,5738,113052,9,217590
33901,0.006716,172.31.36.0-255,66,113118,9,217590
33902,0.009027,74.125.68.0-255,5738,118856,9,217590
33903,0.009035,172.31.36.0-255,66,118922,9,217590
33904,0.01134,74.125.68.0-255,5738,124660,9,217590
33905,0.011347,172.31.36.0-255,66,124726,9,217590
33906,0.013666,74.125.68.0-255,5738,130464,9,217590
33907,0.013674,172.31.36.0-255,66,130530,9,217590
33908,0.016006,74.125.68.0-255,5738,136268,9,217590
33909,0.016025,172.31.36.0-255,66,136334,9,217590
33910,0.018382,74.125.68.0-255,5738,142072,9,217590
33911,0.018392,172.31.36.0-255,66,142138,9,217590
33912,0.020737,74.125.68.0-255,5738,147876,9,217590
33913,0.020758,172.31.36.0-255,66,147942,9,217590
33914,0.023062,74.125.68.0-255,5738,153680,9,217590
33915,0.023069,172.31.36.0-255,66,153746,9,217590
33916,0.025386,74.125.68.0-255,5738,159484,9,217590
33917,0.025393,172.31.36.0-255,66,159550,9,217590
33918,0.027734,74.125.68.0-255,5738,165288,9,217590
33919,0.027745,172.31.36.0-255,66,165354,9,217590
33920,0.030087,74.125.68.0-255,5738,171092,9,217590
33921,0.030107,172.31.36.0-255,66,171158,9,217590
33922,0.032444,74.125.68.0-255,5738,176896,9,217590
33923,0.032463,172.31.36.0-255,66,176962,9,217590
33924,0.03479,74.125.68.0-255,5738,182700,9,217590
33925,0.034808,172.31.36.0-255,66,182766,9,217590
33926,0.037121,74.125.68.0-255,5738,188504,9,217590
33927,0.037129,172.31.36.0-255,66,188570,9,217590
33928,0.039461,74.125.68.0-255,5738,194308,9,217590
33929,0.039473,172.31.36.0-255,66,194374,9,217590
33930,0.041783,74.125.68.0-255,5738,200112,9,217590
33931,0.041792,172.31.36.0-255,66,200178,9,217590
33932,0.044104,74.125.68.0-255,5738,205916,9,217590
33933,0.044111,172.31.36.0-255,66,205982,9,217590
33934,0.04642,74.125.68.0-255,5738,211720,9,217590
33935,0.046429,172.31.36.0-255,66,211786,9,217590
33936,0.048736,74.125.68.0-255,5738,217524,9,217590
33937,0.048743,172.31.36.0-255,66,217590,9,217590
33938,0.0,74.125.200.0-255,148,148,9,350120
33939,2.6e-05,172.31.36.0-255,66,214,9,350120
33940,3.4e-05,74.125.200.0-255,1484,1698,9,350120
33941,3.9e-05,172.31.36.0-255,66,1764,9,350120
33942,5.2e-05,74.125.200.0-255,2902,4666,9,350120
33943,5.5e-05,172.31.36.0-255,66,4732,9,350120
33944,6.4e-05,74.125.200.0-255,7156,11888,9,350120
33945,6.6e-05,172.31.36.0-255,66,11954,9,350120
33946,7e-05,74.125.200.0-255,2041,13995,9,350120
33947,7.4e-05,172.31.36.0-255,66,14061,9,350120
33948,0.000105,74.125.200.0-255,1484,15545,9,350120
33949,0.000108,172.31.36.0-255,66,15611,9,350120
33950,0.000142,172.31.36.0-255,66,15677,9,350120
33951,0.000148,74.125.200.0-255,5379,21056,9,350120
33952,0.000151,172.31.36.0-255,66,21122,9,350120
33953,0.000154,74.125.200.0-255,1484,22606,9,350120
33954,0.000156,172.31.36.0-255,66,22672,9,350120
33955,0.000161,74.125.200.0-255,2902,25574,9,350120
33956,0.000164,172.31.36.0-255,66,25640,9,350120
33957,0.000197,74.125.200.0-255,5738,31378,9,350120
33958,0.000203,172.31.36.0-255,66,31444,9,350120
33959,0.000208,74.125.200.0-255,2902,34346,9,350120
33960,0.00021,172.31.36.0-255,66,34412,9,350120
33961,0.000252,74.125.200.0-255,3961,38373,9,350120
33962,0.000255,172.31.36.0-255,66,38439,9,350120
33963,0.000303,74.125.200.0-255,1484,39923,9,350120
33964,0.000306,172.31.36.0-255,66,39989,9,350120
33965,0.00031,74.125.200.0-255,2902,42891,9,350120
33966,0.000312,172.31.36.0-255,66,42957,9,350120
33967,0.000317,74.125.200.0-255,2902,45859,9,350120
33968,0.000324,172.31.36.0-255,66,45925,9,350120
33969,0.000352,74.125.200.0-255,2902,48827,9,350120
33970,0.000359,172.31.36.0-255,66,48893,9,350120
33971,0.000363,74.125.200.0-255,2902,51795,9,350120
33972,0.000366,172.31.36.0-255,66,51861,9,350120
33973,0.000408,74.125.200.0-255,3961,55822,9,350120
33974,0.000411,172.31.36.0-255,66,55888,9,350120
33975,0.000413,74.125.200.0-255,649,56537,9,350120
33976,0.000905,74.125.200.0-255,1484,58021,9,350120
33977,0.000911,172.31.36.0-255,66,58087,9,350120
33978,0.000918,74.125.200.0-255,2902,60989,9,350120
33979,0.00092,172.31.36.0-255,66,61055,9,350120
33980,0.00096,74.125.200.0-255,5738,66793,9,350120
33981,0.000964,172.31.36.0-255,66,66859,9,350120
33982,0.000972,74.125.200.0-255,7156,74015,9,350120
33983,0.000974,172.31.36.0-255,66,74081,9,350120
33984,0.000983,74.125.200.0-255,2902,76983,9,350120
33985,0.000986,172.31.36.0-255,66,77049,9,350120
33986,0.001019,172.31.36.0-255,66,77115,9,350120
33987,0.001036,74.125.200.0-255,2184,79299,9,350120
33988,0.001042,172.31.36.0-255,66,79365,9,350120
33989,0.001228,74.125.200.0-255,1484,80849,9,350120
33990,0.00127,74.125.200.0-255,2902,83751,9,350120
33991,0.001274,172.31.36.0-255,66,83817,9,350120
33992,0.001278,74.125.200.0-255,1484,85301,9,350120
33993,0.001305,74.125.200.0-255,2902,88203,9,350120
33994,0.001308,172.31.36.0-255,66,88269,9,350120
33995,0.001312,74.125.200.0-255,1484,89753,9,350120
33996,0.001316,74.125.200.0-255,2902,92655,9,350120
33997,0.001318,172.31.36.0-255,66,92721,9,350120
33998,0.001349,74.125.200.0-255,1484,94205,9,350120
33999,0.001354,74.125.200.0-255,2902,97107,9,350120
34000,0.001356,172.31.36.0-255,66,97173,9,350120
34001,0.001397,74.125.200.0-255,4320,101493,9,350120
34002,0.0014,172.31.36.0-255,66,101559,9,350120
34003,0.001406,74.125.200.0-255,5738,107297,9,350120
34004,0.001408,172.31.36.0-255,66,107363,9,350120
34005,0.001435,74.125.200.0-255,1484,108847,9,350120
34006,0.001449,74.125.200.0-255,2902,111749,9,350120
34007,0.001451,172.31.36.0-255,66,111815,9,350120
34008,0.001467,74.125.200.0-255,2184,113999,9,350120
34009,0.00147,172.31.36.0-255,66,114065,9,350120
34010,0.00156,172.31.36.0-255,101,114166,9,350120
34011,0.001697,74.125.200.0-255,1484,115650,9,350120
34012,0.001703,74.125.200.0-255,2902,118552,9,350120
34013,0.001706,172.31.36.0-255,66,118618,9,350120
34014,0.001744,74.125.200.0-255,4320,122938,9,350120
34015,0.001747,172.31.36.0-255,66,123004,9,350120
34016,0.001751,74.125.200.0-255,1484,124488,9,350120
34017,0.001782,74.125.200.0-255,4320,128808,9,350120
34018,0.001784,172.31.36.0-255,66,128874,9,350120
34019,0.001816,74.125.200.0-255,5738,134612,9,350120
34020,0.001819,172.31.36.0-255,66,134678,9,350120
34021,0.001828,74.125.200.0-255,7156,141834,9,350120
34022,0.001829,172.31.36.0-255,66,141900,9,350120
34023,0.001864,74.125.200.0-255,6438,148338,9,350120
34024,0.001869,172.31.36.0-255,66,148404,9,350120
34025,0.00199,74.125.200.0-255,1484,149888,9,350120
34026,0.001994,74.125.200.0-255,1484,151372,9,350120
34027,0.001997,172.31.36.0-255,66,151438,9,350120
34028,0.002028,74.125.200.0-255,1484,152922,9,350120
34029,0.002034,74.125.200.0-255,5738,158660,9,350120
34030,0.002039,172.31.36.0-255,66,158726,9,350120
34031,0.002066,172.31.36.0-255,66,158792,9,350120
34032,0.002069,74.125.200.0-255,1484,160276,9,350120
34033,0.002089,74.125.200.0-255,5738,166014,9,350120
34034,0.002092,172.31.36.0-255,66,166080,9,350120
34035,0.002114,74.125.200.0-255,4320,170400,9,350120
34036,0.002116,172.31.36.0-255,66,170466,9,350120
34037,0.00212,74.125.200.0-255,2184,172650,9,350120
34038,0.002123,172.31.36.0-255,66,172716,9,350120
34039,0.002251,74.125.200.0-255,1484,174200,9,350120
34040,0.002271,74.125.200.0-255,1484,175684,9,350120
34041,0.002274,172.31.36.0-255,66,175750,9,350120
34042,0.002305,74.125.200.0-255,1484,177234,9,350120
34043,0.002313,74.125.200.0-255,5738,182972,9,350120
34044,0.002317,172.31.36.0-255,66,183038,9,350120
34045,0.002323,74.125.200.0-255,4320,187358,9,350120
34046,0.002325,172.31.36.0-255,66,187424,9,350120
34047,0.002365,74.125.200.0-255,1484,188908,9,350120
34048,0.002374,74.125.200.0-255,7156,196064,9,350120
34049,0.002377,172.31.36.0-255,66,196130,9,350120
34050,0.002389,172.31.36.0-255,66,196196,9,350120
34051,0.002415,74.125.200.0-255,2184,198380,9,350120
34052,0.002417,172.31.36.0-255,66,198446,9,350120
34053,0.002436,172.31.36.0-255,66,198512,9,350120
34054,0.00245,74.125.200.0-255,7156,205668,9,350120
34055,0.002453,172.31.36.0-255,66,205734,9,350120
34056,0.002467,74.125.200.0-255,1484,207218,9,350120
34057,0.002471,74.125.200.0-255,2902,210120,9,350120
34058,0.002474,172.31.36.0-255,66,210186,9,350120
34059,0.002514,74.125.200.0-255,7156,217342,9,350120
34060,0.002517,172.31.36.0-255,66,217408,9,350120
34061,0.002523,74.125.200.0-255,3602,221010,9,350120
34062,0.002526,172.31.36.0-255,66,221076,9,350120
34063,0.002532,74.125.200.0-255,4320,225396,9,350120
34064,0.002539,172.31.36.0-255,66,225462,9,350120
34065,0.002553,172.31.36.0-255,66,225528,9,350120
34066,0.002559,74.125.200.0-255,4320,229848,9,350120
34067,0.002565,172.31.36.0-255,66,229914,9,350120
34068,0.002601,74.125.200.0-255,2902,232816,9,350120
34069,0.002605,172.31.36.0-255,66,232882,9,350120
34070,0.002618,74.125.200.0-255,3602,236484,9,350120
34071,0.002651,74.125.200.0-255,4320,240804,9,350120
34072,0.002658,74.125.200.0-255,5738,246542,9,350120
34073,0.002672,74.125.200.0-255,1484,248026,9,350120
34074,0.00403,74.125.200.0-255,66,248092,9,350120
34075,0.008807,172.31.36.0-255,66,248158,9,350120
34076,0.011354,74.125.200.0-255,5738,253896,9,350120
34077,0.011372,172.31.36.0-255,66,253962,9,350120
34078,0.013904,74.125.200.0-255,5738,259700,9,350120
34079,0.013923,172.31.36.0-255,66,259766,9,350120
34080,0.016488,74.125.200.0-255,5738,265504,9,350120
34081,0.016507,172.31.36.0-255,66,265570,9,350120
34082,0.019041,74.125.200.0-255,5738,271308,9,350120
34083,0.019063,172.31.36.0-255,66,271374,9,350120
34084,0.021603,74.125.200.0-255,5738,277112,9,350120
34085,0.021619,172.31.36.0-255,66,277178,9,350120
34086,0.024162,74.125.200.0-255,5738,282916,9,350120
34087,0.024177,172.31.36.0-255,66,282982,9,350120
34088,0.02673,74.125.200.0-255,5738,288720,9,350120
34089,0.026742,172.31.36.0-255,66,288786,9,350120
34090,0.029283,74.125.200.0-255,5738,294524,9,350120
34091,0.029296,172.31.36.0-255,66,294590,9,350120
34092,0.031832,74.125.200.0-255,5738,300328,9,350120
34093,0.031848,172.31.36.0-255,66,300394,9,350120
34094,0.034372,74.125.200.0-255,5738,306132,9,350120
34095,0.03441,172.31.36.0-255,66,306198,9,350120
34096,0.036951,74.125.200.0-255,5738,311936,9,350120
34097,0.03697,172.31.36.0-255,66,312002,9,350120
34098,0.039546,74.125.200.0-255,5738,317740,9,350120
34099,0.039556,172.31.36.0-255,66,317806,9,350120
34100,0.040368,172.31.36.0-255,176,317982,9,350120
34101,0.040401,172.31.36.0-255,1115,319097,9,350120
34102,0.040471,172.31.36.0-255,1514,320611,9,350120
34103,0.040492,172.31.36.0-255,1514,322125,9,350120
34104,0.040494,172.31.36.0-255,1514,323639,9,350120
34105,0.040515,172.31.36.0-255,1514,325153,9,350120
34106,0.040517,172.31.36.0-255,1487,326640,9,350120
34107,0.041932,104.244.42.0-255,66,326706,9,350120
34108,0.04197,104.244.42.0-255,66,326772,9,350120
34109,0.042031,104.244.42.0-255,66,326838,9,350120
34110,0.042063,74.125.200.0-255,5738,332576,9,350120
34111,0.042079,172.31.36.0-255,66,332642,9,350120
34112,0.042089,104.244.42.0-255,66,332708,9,350120
34113,0.04461,74.125.200.0-255,5738,338446,9,350120
34114,0.044622,172.31.36.0-255,66,338512,9,350120
34115,0.047145,74.125.200.0-255,5738,344250,9,350120
34116,0.047157,172.31.36.0-255,66,344316,9,350120
34117,0.049698,74.125.200.0-255,5738,350054,9,350120
34118,0.049715,172.31.36.0-255,66,350120,9,350120
34119,0.0,172.217.194.0-255,153,153,9,206912
34120,2.1e-05,172.31.36.0-255,66,219,9,206912
34121,2.8e-05,172.217.194.0-255,1484,1703,9,206912
34122,3.3e-05,172.31.36.0-255,66,1769,9,206912
34123,3.8e-05,172.217.194.0-255,2902,4671,9,206912
34124,4.1e-05,172.31.36.0-255,66,4737,9,206912
34125,5.5e-05,172.217.194.0-255,4320,9057,9,206912
34126,5.7e-05,172.31.36.0-255,66,9123,9,206912
34127,7e-05,172.31.36.0-255,66,9189,9,206912
34128,8.9e-05,172.217.194.0-255,4320,13509,9,206912
34129,9.2e-05,172.31.36.0-255,66,13575,9,206912
34130,0.000131,172.31.36.0-255,66,13641,9,206912
34131,0.000143,172.217.194.0-255,1484,15125,9,206912
34132,0.000149,172.31.36.0-255,66,15191,9,206912
34133,0.000155,172.217.194.0-255,2902,18093,9,206912
34134,0.000158,172.31.36.0-255,66,18159,9,206912
34135,0.00019,172.217.194.0-255,4320,22479,9,206912
34136,0.000192,172.31.36.0-255,66,22545,9,206912
34137,0.000217,172.217.194.0-255,1484,24029,9,206912
34138,0.00022,172.31.36.0-255,66,24095,9,206912
34139,0.000241,172.31.36.0-255,66,24161,9,206912
34140,0.000247,172.217.194.0-255,5738,29899,9,206912
34141,0.00025,172.31.36.0-255,66,29965,9,206912
34142,0.000283,172.217.194.0-255,4273,34238,9,206912
34143,0.000285,172.31.36.0-255,66,34304,9,206912
34144,0.000288,172.217.194.0-255,99,34403,9,206912
34145,0.00029,172.31.36.0-255,66,34469,9,206912
34146,0.000311,172.217.194.0-255,1484,35953,9,206912
34147,0.000314,172.31.36.0-255,66,36019,9,206912
34148,0.000319,172.217.194.0-255,2902,38921,9,206912
34149,0.000321,172.31.36.0-255,66,38987,9,206912
34150,0.000358,172.217.194.0-255,7156,46143,9,206912
34151,0.000361,172.31.36.0-255,66,46209,9,206912
34152,0.000364,172.217.194.0-255,1484,47693,9,206912
34153,0.000406,172.217.194.0-255,2902,50595,9,206912
34154,0.00041,172.31.36.0-255,66,50661,9,206912
34155,0.000419,172.31.36.0-255,66,50727,9,206912
34156,0.00043,172.217.194.0-255,5738,56465,9,206912
34157,0.000432,172.31.36.0-255,66,56531,9,206912
34158,0.00047,172.217.194.0-255,3961,60492,9,206912
34159,0.000474,172.31.36.0-255,66,60558,9,206912
34160,0.000799,172.217.194.0-255,1484,62042,9,206912
34161,0.000805,172.217.194.0-255,2902,64944,9,206912
34162,0.000812,172.31.36.0-255,66,65010,9,206912
34163,0.000828,172.217.194.0-255,5738,70748,9,206912
34164,0.000832,172.31.36.0-255,66,70814,9,206912
34165,0.000851,172.217.194.0-255,5738,76552,9,206912
34166,0.000853,172.31.36.0-255,66,76618,9,206912
34167,0.000883,172.217.194.0-255,7156,83774,9,206912
34168,0.000886,172.31.36.0-255,66,83840,9,206912
34169,0.000904,172.31.36.0-255,66,83906,9,206912
34170,0.001912,172.217.194.0-255,1484,85390,9,206912
34171,0.00192,172.217.194.0-255,2902,88292,9,206912
34172,0.001925,172.31.36.0-255,66,88358,9,206912
34173,0.001933,172.217.194.0-255,5738,94096,9,206912
34174,0.001936,172.31.36.0-255,66,94162,9,206912
34175,0.001957,172.217.194.0-255,4320,98482,9,206912
34176,0.00196,172.31.36.0-255,66,98548,9,206912
34177,0.001995,172.31.36.0-255,66,98614,9,206912
34178,0.002007,172.31.36.0-255,66,98680,9,206912
34179,0.002223,172.217.194.0-255,1484,100164,9,206912
34180,0.002238,172.217.194.0-255,1484,101648,9,206912
34181,0.002241,172.31.36.0-255,66,101714,9,206912
34182,0.002247,172.217.194.0-255,4320,106034,9,206912
34183,0.00225,172.31.36.0-255,66,106100,9,206912
34184,0.002298,172.31.36.0-255,66,106166,9,206912
34185,0.002301,172.217.194.0-255,1484,107650,9,206912
34186,0.002304,172.31.36.0-255,78,107728,9,206912
34187,0.002312,172.217.194.0-255,7156,114884,9,206912
34188,0.00232,172.31.36.0-255,78,114962,9,206912
34189,0.002357,172.217.194.0-255,5738,120700,9,206912
34190,0.002361,172.31.36.0-255,66,120766,9,206912
34191,0.002365,172.217.194.0-255,2184,122950,9,206912
34192,0.002367,172.31.36.0-255,66,123016,9,206912
34193,0.002392,172.217.194.0-255,1484,124500,9,206912
34194,0.002396,172.217.194.0-255,1484,125984,9,206912
34195,0.002399,172.31.36.0-255,66,126050,9,206912
34196,0.002424,172.217.194.0-255,1484,127534,9,206912
34197,0.00243,172.217.194.0-255,5738,133272,9,206912
34198,0.002433,172.31.36.0-255,66,133338,9,206912
34199,0.002436,172.217.194.0-255,1484,134822,9,206912
34200,0.002455,172.31.36.0-255,66,134888,9,206912
34201,0.002525,172.31.36.0-255,66,134954,9,206912
34202,0.002551,172.217.194.0-255,3602,138556,9,206912
34203,0.002554,172.31.36.0-255,66,138622,9,206912
34204,0.002583,172.217.194.0-255,1484,140106,9,206912
34205,0.002596,172.217.194.0-255,2902,143008,9,206912
34206,0.002598,172.31.36.0-255,66,143074,9,206912
34207,0.002627,172.217.194.0-255,5738,148812,9,206912
34208,0.00263,172.31.36.0-255,66,148878,9,206912
34209,0.002648,172.217.194.0-255,7156,156034,9,206912
34210,0.00265,172.31.36.0-255,66,156100,9,206912
34211,0.002679,172.217.194.0-255,5738,161838,9,206912
34212,0.002696,172.217.194.0-255,7156,168994,9,206912
34213,0.002717,172.217.194.0-255,7156,176150,9,206912
34214,0.002755,172.217.194.0-255,4320,180470,9,206912
34215,0.002758,172.217.194.0-255,2184,182654,9,206912
34216,0.002761,172.217.194.0-255,1484,184138,9,206912
34217,0.002779,172.217.194.0-255,1484,185622,9,206912
34218,0.002785,172.217.194.0-255,5738,191360,9,206912
34219,0.002798,172.217.194.0-255,1484,192844,9,206912
34220,0.002804,172.217.194.0-255,4320,197164,9,206912
34221,0.002838,172.217.194.0-255,6438,203602,9,206912
34222,0.002851,172.217.194.0-255,1484,205086,9,206912
34223,0.002933,172.217.194.0-255,1484,206570,9,206912
34224,0.003012,172.217.194.0-255,105,206675,9,206912
34225,0.004783,172.31.36.0-255,66,206741,9,206912
34226,0.007891,172.31.36.0-255,105,206846,9,206912
34227,0.010097,172.217.194.0-255,66,206912,9,206912
34228,0.0,74.125.24.0-255,153,153,9,237014
34229,2.9e-05,172.31.36.0-255,66,219,9,237014
34230,3.7e-05,74.125.24.0-255,1484,1703,9,237014
34231,4.1e-05,172.31.36.0-255,66,1769,9,237014
34232,4.6e-05,74.125.24.0-255,2902,4671,9,237014
34233,4.9e-05,172.31.36.0-255,66,4737,9,237014
34234,5.7e-05,74.125.24.0-255,7156,11893,9,237014
34235,6e-05,172.31.36.0-255,66,11959,9,237014
34236,8.6e-05,74.125.24.0-255,6329,18288,9,237014
34237,8.9e-05,172.31.36.0-255,66,18354,9,237014
34238,9.2e-05,74.125.24.0-255,1484,19838,9,237014
34239,9.4e-05,172.31.36.0-255,66,19904,9,237014
34240,0.000114,74.125.24.0-255,5738,25642,9,237014
34241,0.000116,172.31.36.0-255,66,25708,9,237014
34242,0.000175,172.31.36.0-255,66,25774,9,237014
34243,0.000182,74.125.24.0-255,6438,32212,9,237014
34244,0.000184,172.31.36.0-255,66,32278,9,237014
34245,0.000526,74.125.24.0-255,1484,33762,9,237014
34246,0.000531,172.31.36.0-255,66,33828,9,237014
34247,0.000537,74.125.24.0-255,2902,36730,9,237014
34248,0.000539,172.31.36.0-255,66,36796,9,237014
34249,0.000546,74.125.24.0-255,5738,42534,9,237014
34250,0.000549,172.31.36.0-255,66,42600,9,237014
34251,0.000552,74.125.24.0-255,1484,44084,9,237014
34252,0.000554,172.31.36.0-255,66,44150,9,237014
34253,0.0006,74.125.24.0-255,5379,49529,9,237014
34254,0.000604,172.31.36.0-255,66,49595,9,237014
34255,0.000656,74.125.24.0-255,1484,51079,9,237014
34256,0.000659,172.31.36.0-255,66,51145,9,237014
34257,0.000663,74.125.24.0-255,1484,52629,9,237014
34258,0.000665,172.31.36.0-255,66,52695,9,237014
34259,0.000679,74.125.24.0-255,1484,54179,9,237014
34260,0.000685,74.125.24.0-255,4320,58499,9,237014
34261,0.000688,172.31.36.0-255,66,58565,9,237014
34262,0.000713,74.125.24.0-255,1484,60049,9,237014
34263,0.000721,74.125.24.0-255,6797,66846,9,237014
34264,0.000724,172.31.36.0-255,66,66912,9,237014
34265,0.000727,74.125.24.0-255,645,67557,9,237014
34266,0.000769,74.125.24.0-255,1484,69041,9,237014
34267,0.000773,172.31.36.0-255,66,69107,9,237014
34268,0.000779,74.125.24.0-255,4320,73427,9,237014
34269,0.000783,172.31.36.0-255,66,73493,9,237014
34270,0.000794,74.125.24.0-255,1484,74977,9,237014
34271,0.000825,172.31.36.0-255,66,75043,9,237014
34272,0.000843,74.125.24.0-255,1125,76168,9,237014
34273,0.001045,172.31.36.0-255,66,76234,9,237014
34274,0.001658,74.125.24.0-255,1484,77718,9,237014
34275,0.00167,74.125.24.0-255,2902,80620,9,237014
34276,0.001674,172.31.36.0-255,66,80686,9,237014
34277,0.001681,74.125.24.0-255,4320,85006,9,237014
34278,0.001683,172.31.36.0-255,66,85072,9,237014
34279,0.001725,172.31.36.0-255,66,85138,9,237014
34280,0.00173,74.125.24.0-255,2902,88040,9,237014
34281,0.001732,172.31.36.0-255,66,88106,9,237014
34282,0.001768,172.31.36.0-255,66,88172,9,237014
34283,0.001772,74.125.24.0-255,766,88938,9,237014
34284,0.001816,74.125.24.0-255,1484,90422,9,237014
34285,0.001818,172.31.36.0-255,66,90488,9,237014
34286,0.001831,74.125.24.0-255,2902,93390,9,237014
34287,0.001833,172.31.36.0-255,66,93456,9,237014
34288,0.001857,74.125.24.0-255,5738,99194,9,237014
34289,0.00186,172.31.36.0-255,66,99260,9,237014
34290,0.001875,74.125.24.0-255,2902,102162,9,237014
34291,0.001877,172.31.36.0-255,66,102228,9,237014
34292,0.001902,74.125.24.0-255,4320,106548,9,237014
34293,0.001904,172.31.36.0-255,66,106614,9,237014
34294,0.001914,172.31.36.0-255,66,106680,9,237014
34295,0.001934,74.125.24.0-255,2902,109582,9,237014
34296,0.001936,172.31.36.0-255,66,109648,9,237014
34297,0.001955,74.125.24.0-255,5020,114668,9,237014
34298,0.001957,172.31.36.0-255,66,114734,9,237014
34299,0.00428,74.125.24.0-255,5738,120472,9,237014
34300,0.004285,172.31.36.0-255,66,120538,9,237014
34301,0.006618,74.125.24.0-255,5738,126276,9,237014
34302,0.006624,172.31.36.0-255,66,126342,9,237014
34303,0.008992,74.125.24.0-255,5738,132080,9,237014
34304,0.008998,172.31.36.0-255,66,132146,9,237014
34305,0.011359,74.125.24.0-255,5738,137884,9,237014
34306,0.011367,172.31.36.0-255,66,137950,9,237014
34307,0.013724,74.125.24.0-255,5738,143688,9,237014
34308,0.013733,172.31.36.0-255,66,143754,9,237014
34309,0.016075,74.125.24.0-255,5738,149492,9,237014
34310,0.016089,172.31.36.0-255,66,149558,9,237014
34311,0.018449,74.125.24.0-255,5738,155296,9,237014
34312,0.018457,172.31.36.0-255,66,155362,9,237014
34313,0.020769,74.125.24.0-255,5738,161100,9,237014
34314,0.020778,172.31.36.0-255,66,161166,9,237014
34315,0.023163,74.125.24.0-255,5738,166904,9,237014
34316,0.023172,172.31.36.0-255,66,166970,9,237014
34317,0.025514,74.125.24.0-255,5738,172708,9,237014
34318,0.025524,172.31.36.0-255,66,172774,9,237014
34319,0.027887,74.125.24.0-255,5738,178512,9,237014
34320,0.027895,172.31.36.0-255,66,178578,9,237014
34321,0.030221,74.125.24.0-255,5738,184316,9,237014
34322,0.03023,172.31.36.0-255,66,184382,9,237014
34323,0.032595,74.125.24.0-255,5738,190120,9,237014
34324,0.032604,172.31.36.0-255,66,190186,9,237014
34325,0.034942,74.125.24.0-255,5738,195924,9,237014
34326,0.034952,172.31.36.0-255,66,195990,9,237014
34327,0.037299,74.125.24.0-255,5738,201728,9,237014
34328,0.037308,172.31.36.0-255,66,201794,9,237014
34329,0.039623,74.125.24.0-255,5738,207532,9,237014
34330,0.03963,172.31.36.0-255,66,207598,9,237014
34331,0.041998,74.125.24.0-255,5738,213336,9,237014
34332,0.042005,172.31.36.0-255,66,213402,9,237014
34333,0.044352,74.125.24.0-255,5738,219140,9,237014
34334,0.044361,172.31.36.0-255,66,219206,9,237014
34335,0.046427,172.31.36.0-255,172,219378,9,237014
34336,0.046458,172.31.36.0-255,1116,220494,9,237014
34337,0.046505,172.31.36.0-255,1514,222008,9,237014
34338,0.046507,172.31.36.0-255,1514,223522,9,237014
34339,0.046511,172.31.36.0-255,1514,225036,9,237014
34340,0.046513,172.31.36.0-255,106,225142,9,237014
34341,0.046668,74.125.24.0-255,5738,230880,9,237014
34342,0.046674,172.31.36.0-255,66,230946,9,237014
34343,0.047968,104.244.42.0-255,66,231012,9,237014
34344,0.04802,104.244.42.0-255,66,231078,9,237014
34345,0.048067,104.244.42.0-255,66,231144,9,237014
34346,0.048072,104.244.42.0-255,66,231210,9,237014
34347,0.049001,74.125.24.0-255,5738,236948,9,237014
34348,0.049006,172.31.36.0-255,66,237014,9,237014
34349,0.0,74.125.68.0-255,296,296,9,212122
34350,2e-05,172.31.36.0-255,66,362,9,212122
34351,2.6e-05,74.125.68.0-255,1484,1846,9,212122
34352,3.1e-05,172.31.36.0-255,66,1912,9,212122
34353,3.4e-05,74.125.68.0-255,1484,3396,9,212122
34354,3.7e-05,172.31.36.0-255,66,3462,9,212122
34355,5.1e-05,74.125.68.0-255,2902,6364,9,212122
34356,5.4e-05,172.31.36.0-255,66,6430,9,212122
34357,6.1e-05,74.125.68.0-255,5738,12168,9,212122
34358,6.5e-05,172.31.36.0-255,66,12234,9,212122
34359,0.000134,74.125.68.0-255,6030,18264,9,212122
34360,0.000137,172.31.36.0-255,66,18330,9,212122
34361,0.000252,74.125.68.0-255,4320,22650,9,212122
34362,0.000256,172.31.36.0-255,66,22716,9,212122
34363,0.000286,74.125.68.0-255,2902,25618,9,212122
34364,0.000289,172.31.36.0-255,66,25684,9,212122
34365,0.000384,74.125.68.0-255,5379,31063,9,212122
34366,0.000388,172.31.36.0-255,66,31129,9,212122
34367,0.000488,74.125.68.0-255,5738,36867,9,212122
34368,0.000493,172.31.36.0-255,66,36933,9,212122
34369,0.000518,172.31.36.0-255,66,36999,9,212122
34370,0.000772,74.125.68.0-255,7156,44155,9,212122
34371,0.000777,172.31.36.0-255,66,44221,9,212122
34372,0.000821,172.31.36.0-255,66,44287,9,212122
34373,0.001112,74.125.68.0-255,111,44398,9,212122
34374,0.001116,172.31.36.0-255,66,44464,9,212122
34375,0.001121,74.125.68.0-255,331,44795,9,212122
34376,0.001123,172.31.36.0-255,66,44861,9,212122
34377,0.001146,74.125.68.0-255,2902,47763,9,212122
34378,0.001153,172.31.36.0-255,66,47829,9,212122
34379,0.001206,74.125.68.0-255,7156,54985,9,212122
34380,0.001225,172.31.36.0-255,66,55051,9,212122
34381,0.001343,74.125.68.0-255,6246,61297,9,212122
34382,0.001347,172.31.36.0-255,66,61363,9,212122
34383,0.001654,74.125.68.0-255,1484,62847,9,212122
34384,0.001714,74.125.68.0-255,1484,64331,9,212122
34385,0.001719,172.31.36.0-255,66,64397,9,212122
34386,0.001743,74.125.68.0-255,2902,67299,9,212122
34387,0.001774,74.125.68.0-255,1484,68783,9,212122
34388,0.001786,74.125.68.0-255,2902,71685,9,212122
34389,0.001848,74.125.68.0-255,1484,73169,9,212122
34390,0.001891,74.125.68.0-255,2902,76071,9,212122
34391,0.00194,74.125.68.0-255,5738,81809,9,212122
34392,0.002051,74.125.68.0-255,4320,86129,9,212122
34393,0.002068,74.125.68.0-255,2902,89031,9,212122
34394,0.002185,74.125.68.0-255,1484,90515,9,212122
34395,0.002206,74.125.68.0-255,5020,95535,9,212122
34396,0.006723,172.31.36.0-255,66,95601,9,212122
34397,0.008975,74.125.68.0-255,5738,101339,9,212122
34398,0.008988,172.31.36.0-255,66,101405,9,212122
34399,0.011241,74.125.68.0-255,5738,107143,9,212122
34400,0.011253,172.31.36.0-255,66,107209,9,212122
34401,0.013513,74.125.68.0-255,5738,112947,9,212122
34402,0.013529,172.31.36.0-255,66,113013,9,212122
34403,0.015782,74.125.68.0-255,5738,118751,9,212122
34404,0.015794,172.31.36.0-255,66,118817,9,212122
34405,0.01806,74.125.68.0-255,5738,124555,9,212122
34406,0.018075,172.31.36.0-255,66,124621,9,212122
34407,0.02033,74.125.68.0-255,5738,130359,9,212122
34408,0.020341,172.31.36.0-255,66,130425,9,212122
34409,0.022583,74.125.68.0-255,5738,136163,9,212122
34410,0.022588,172.31.36.0-255,66,136229,9,212122
34411,0.024846,74.125.68.0-255,5738,141967,9,212122
34412,0.024862,172.31.36.0-255,66,142033,9,212122
34413,0.027113,74.125.68.0-255,5738,147771,9,212122
34414,0.027124,172.31.36.0-255,66,147837,9,212122
34415,0.029371,74.125.68.0-255,5738,153575,9,212122
34416,0.029382,172.31.36.0-255,66,153641,9,212122
34417,0.031639,74.125.68.0-255,5738,159379,9,212122
34418,0.03165,172.31.36.0-255,66,159445,9,212122
34419,0.033902,74.125.68.0-255,5738,165183,9,212122
34420,0.033914,172.31.36.0-255,66,165249,9,212122
34421,0.036171,74.125.68.0-255,5738,170987,9,212122
34422,0.036185,172.31.36.0-255,66,171053,9,212122
34423,0.03843,74.125.68.0-255,5738,176791,9,212122
34424,0.038442,172.31.36.0-255,66,176857,9,212122
34425,0.040716,74.125.68.0-255,5738,182595,9,212122
34426,0.04074,172.31.36.0-255,66,182661,9,212122
34427,0.042998,74.125.68.0-255,5738,188399,9,212122
34428,0.043012,172.31.36.0-255,66,188465,9,212122
34429,0.045278,74.125.68.0-255,5738,194203,9,212122
34430,0.045293,172.31.36.0-255,66,194269,9,212122
34431,0.047565,74.125.68.0-255,5738,200007,9,212122
34432,0.047579,172.31.36.0-255,66,200073,9,212122
34433,0.048852,172.31.36.0-255,219,200292,9,212122
34434,0.048887,172.31.36.0-255,960,201252,9,212122
34435,0.048973,172.31.36.0-255,1514,202766,9,212122
34436,0.048975,172.31.36.0-255,1514,204280,9,212122
34437,0.04898,172.31.36.0-255,1514,205794,9,212122
34438,0.048981,172.31.36.0-255,524,206318,9,212122
34439,0.049821,74.125.68.0-255,5738,212056,9,212122
34440,0.04983,172.31.36.0-255,66,212122,9,212122
34441,0.0,74.125.24.0-255,152,152,9,354802
34442,2.3e-05,172.31.36.0-255,66,218,9,354802
34443,3.1e-05,74.125.24.0-255,1484,1702,9,354802
34444,3.6e-05,172.31.36.0-255,66,1768,9,354802
34445,4e-05,74.125.24.0-255,1484,3252,9,354802
34446,4.3e-05,172.31.36.0-255,66,3318,9,354802
34447,5e-05,74.125.24.0-255,2902,6220,9,354802
34448,5.3e-05,172.31.36.0-255,66,6286,9,354802
34449,6e-05,74.125.24.0-255,5738,12024,9,354802
34450,6.4e-05,172.31.36.0-255,66,12090,9,354802
34451,6.8e-05,74.125.24.0-255,2023,14113,9,354802
34452,7e-05,172.31.36.0-255,66,14179,9,354802
34453,0.000176,74.125.24.0-255,1484,15663,9,354802
34454,0.00018,172.31.36.0-255,66,15729,9,354802
34455,0.000193,74.125.24.0-255,2902,18631,9,354802
34456,0.000195,172.31.36.0-255,66,18697,9,354802
34457,0.000201,74.125.24.0-255,5738,24435,9,354802
34458,0.000203,172.31.36.0-255,66,24501,9,354802
34459,0.000227,74.125.24.0-255,2902,27403,9,354802
34460,0.000229,172.31.36.0-255,66,27469,9,354802
34461,0.000258,172.31.36.0-255,66,27535,9,354802
34462,0.000285,74.125.24.0-255,2902,30437,9,354802
34463,0.000287,172.31.36.0-255,66,30503,9,354802
34464,0.000315,172.31.36.0-255,66,30569,9,354802
34465,0.000344,74.125.24.0-255,1125,31694,9,354802
34466,0.000346,172.31.36.0-255,66,31760,9,354802
34467,0.000647,74.125.24.0-255,1484,33244,9,354802
34468,0.000652,172.31.36.0-255,66,33310,9,354802
34469,0.000657,74.125.24.0-255,2902,36212,9,354802
34470,0.000659,172.31.36.0-255,66,36278,9,354802
34471,0.000689,74.125.24.0-255,5738,42016,9,354802
34472,0.000692,172.31.36.0-255,66,42082,9,354802
34473,0.000698,74.125.24.0-255,5738,47820,9,354802
34474,0.000699,172.31.36.0-255,66,47886,9,354802
34475,0.00074,74.125.24.0-255,4320,52206,9,354802
34476,0.000743,172.31.36.0-255,66,52272,9,354802
34477,0.00077,172.31.36.0-255,66,52338,9,354802
34478,0.000827,74.125.24.0-255,3961,56299,9,354802
34479,0.00083,172.31.36.0-255,66,56365,9,354802
34480,0.000837,74.125.24.0-255,4320,60685,9,354802
34481,0.000839,172.31.36.0-255,66,60751,9,354802
34482,0.000868,172.31.36.0-255,66,60817,9,354802
34483,0.000884,74.125.24.0-255,1484,62301,9,354802
34484,0.00091,74.125.24.0-255,2543,64844,9,354802
34485,0.000913,172.31.36.0-255,66,64910,9,354802
34486,0.000967,74.125.24.0-255,1484,66394,9,354802
34487,0.000984,74.125.24.0-255,2902,69296,9,354802
34488,0.000987,172.31.36.0-255,66,69362,9,354802
34489,0.000993,74.125.24.0-255,5738,75100,9,354802
34490,0.000994,172.31.36.0-255,66,75166,9,354802
34491,0.001037,74.125.24.0-255,2902,78068,9,354802
34492,0.00104,172.31.36.0-255,66,78134,9,354802
34493,0.001059,74.125.24.0-255,3961,82095,9,354802
34494,0.001061,172.31.36.0-255,66,82161,9,354802
34495,0.001223,74.125.24.0-255,1484,83645,9,354802
34496,0.001265,74.125.24.0-255,1484,85129,9,354802
34497,0.001268,172.31.36.0-255,66,85195,9,354802
34498,0.001291,74.125.24.0-255,1484,86679,9,354802
34499,0.001297,74.125.24.0-255,5738,92417,9,354802
34500,0.001298,74.125.24.0-255,1484,93901,9,354802
34501,0.001302,172.31.36.0-255,66,93967,9,354802
34502,0.001313,74.125.24.0-255,5738,99705,9,354802
34503,0.001315,172.31.36.0-255,66,99771,9,354802
34504,0.001343,74.125.24.0-255,1484,101255,9,354802
34505,0.001348,74.125.24.0-255,2902,104157,9,354802
34506,0.00135,172.31.36.0-255,66,104223,9,354802
34507,0.001374,74.125.24.0-255,7156,111379,9,354802
34508,0.001377,172.31.36.0-255,66,111445,9,354802
34509,0.001407,74.125.24.0-255,3974,115419,9,354802
34510,0.00141,172.31.36.0-255,66,115485,9,354802
34511,0.001493,74.125.24.0-255,1484,116969,9,354802
34512,0.001515,74.125.24.0-255,2902,119871,9,354802
34513,0.001518,172.31.36.0-255,66,119937,9,354802
34514,0.001526,74.125.24.0-255,5738,125675,9,354802
34515,0.001528,172.31.36.0-255,66,125741,9,354802
34516,0.001552,74.125.24.0-255,5738,131479,9,354802
34517,0.001554,172.31.36.0-255,66,131545,9,354802
34518,0.001579,74.125.24.0-255,7156,138701,9,354802
34519,0.001582,172.31.36.0-255,66,138767,9,354802
34520,0.001626,74.125.24.0-255,1484,140251,9,354802
34521,0.001638,172.31.36.0-255,66,140317,9,354802
34522,0.0018,74.125.24.0-255,1484,141801,9,354802
34523,0.001805,74.125.24.0-255,2902,144703,9,354802
34524,0.001815,172.31.36.0-255,66,144769,9,354802
34525,0.001837,74.125.24.0-255,4320,149089,9,354802
34526,0.001839,172.31.36.0-255,66,149155,9,354802
34527,0.001861,74.125.24.0-255,1484,150639,9,354802
34528,0.001867,74.125.24.0-255,5738,156377,9,354802
34529,0.00187,172.31.36.0-255,66,156443,9,354802
34530,0.001906,172.31.36.0-255,66,156509,9,354802
34531,0.00195,74.125.24.0-255,1484,157993,9,354802
34532,0.001967,74.125.24.0-255,3602,161595,9,354802
34533,0.00197,172.31.36.0-255,66,161661,9,354802
34534,0.001973,74.125.24.0-255,1484,163145,9,354802
34535,0.001994,74.125.24.0-255,4320,167465,9,354802
34536,0.001997,172.31.36.0-255,66,167531,9,354802
34537,0.002014,74.125.24.0-255,5738,173269,9,354802
34538,0.002017,172.31.36.0-255,66,173335,9,354802
34539,0.002037,74.125.24.0-255,7156,180491,9,354802
34540,0.002039,172.31.36.0-255,66,180557,9,354802
34541,0.002112,172.31.36.0-255,66,180623,9,354802
34542,0.0022,74.125.24.0-255,1484,182107,9,354802
34543,0.002218,74.125.24.0-255,2902,185009,9,354802
34544,0.002222,172.31.36.0-255,66,185075,9,354802
34545,0.002239,74.125.24.0-255,5738,190813,9,354802
34546,0.002242,172.31.36.0-255,66,190879,9,354802
34547,0.002265,74.125.24.0-255,1484,192363,9,354802
34548,0.00227,74.125.24.0-255,2902,195265,9,354802
34549,0.002273,172.31.36.0-255,66,195331,9,354802
34550,0.002296,74.125.24.0-255,5738,201069,9,354802
34551,0.0023,172.31.36.0-255,66,201135,9,354802
34552,0.002305,74.125.24.0-255,2902,204037,9,354802
34553,0.002307,172.31.36.0-255,66,204103,9,354802
34554,0.002322,74.125.24.0-255,2902,207005,9,354802
34555,0.002325,172.31.36.0-255,66,207071,9,354802
34556,0.00234,74.125.24.0-255,1484,208555,9,354802
34557,0.002344,74.125.24.0-255,1484,210039,9,354802
34558,0.002346,172.31.36.0-255,66,210105,9,354802
34559,0.002369,74.125.24.0-255,5020,215125,9,354802
34560,0.002372,172.31.36.0-255,66,215191,9,354802
34561,0.002396,74.125.24.0-255,1484,216675,9,354802
34562,0.002416,74.125.24.0-255,5738,222413,9,354802
34563,0.002419,172.31.36.0-255,66,222479,9,354802
34564,0.002435,74.125.24.0-255,5738,228217,9,354802
34565,0.002438,172.31.36.0-255,66,228283,9,354802
34566,0.002456,74.125.24.0-255,2902,231185,9,354802
34567,0.002459,172.31.36.0-255,66,231251,9,354802
34568,0.002485,74.125.24.0-255,7156,238407,9,354802
34569,0.002488,172.31.36.0-255,66,238473,9,354802
34570,0.002518,172.31.36.0-255,66,238539,9,354802
34571,0.002571,74.125.24.0-255,2184,240723,9,354802
34572,0.002574,172.31.36.0-255,66,240789,9,354802
34573,0.005116,74.125.24.0-255,2902,243691,9,354802
34574,0.005125,172.31.36.0-255,66,243757,9,354802
34575,0.005176,74.125.24.0-255,2902,246659,9,354802
34576,0.005179,172.31.36.0-255,66,246725,9,354802
34577,0.007748,74.125.24.0-255,2902,249627,9,354802
34578,0.007755,172.31.36.0-255,66,249693,9,354802
34579,0.007787,74.125.24.0-255,2902,252595,9,354802
34580,0.00779,172.31.36.0-255,66,252661,9,354802
34581,0.01038,74.125.24.0-255,5738,258399,9,354802
34582,0.010387,172.31.36.0-255,66,258465,9,354802
34583,0.012983,74.125.24.0-255,5738,264203,9,354802
34584,0.012994,172.31.36.0-255,66,264269,9,354802
34585,0.01567,74.125.24.0-255,5738,270007,9,354802
34586,0.015678,172.31.36.0-255,66,270073,9,354802
34587,0.018301,74.125.24.0-255,5738,275811,9,354802
34588,0.01831,172.31.36.0-255,66,275877,9,354802
34589,0.02099,74.125.24.0-255,5738,281615,9,354802
34590,0.021002,172.31.36.0-255,66,281681,9,354802
34591,0.023623,74.125.24.0-255,5738,287419,9,354802
34592,0.023633,172.31.36.0-255,66,287485,9,354802
34593,0.026245,74.125.24.0-255,5738,293223,9,354802
34594,0.026253,172.31.36.0-255,66,293289,9,354802
34595,0.028901,74.125.24.0-255,5738,299027,9,354802
34596,0.028912,172.31.36.0-255,66,299093,9,354802
34597,0.031532,74.125.24.0-255,5738,304831,9,354802
34598,0.03154,172.31.36.0-255,66,304897,9,354802
34599,0.03326,172.31.36.0-255,188,305085,9,354802
34600,0.033292,172.31.36.0-255,960,306045,9,354802
34601,0.03335,172.31.36.0-255,1514,307559,9,354802
34602,0.033352,172.31.36.0-255,1514,309073,9,354802
34603,0.033356,172.31.36.0-255,1514,310587,9,354802
34604,0.033357,172.31.36.0-255,1514,312101,9,354802
34605,0.033376,172.31.36.0-255,1514,313615,9,354802
34606,0.033377,172.31.36.0-255,295,313910,9,354802
34607,0.034139,74.125.24.0-255,5738,319648,9,354802
34608,0.034145,172.31.36.0-255,66,319714,9,354802
34609,0.034832,104.244.42.0-255,66,319780,9,354802
34610,0.034876,104.244.42.0-255,66,319846,9,354802
34611,0.034924,104.244.42.0-255,66,319912,9,354802
34612,0.034938,104.244.42.0-255,66,319978,9,354802
34613,0.036762,74.125.24.0-255,5738,325716,9,354802
34614,0.036768,172.31.36.0-255,66,325782,9,354802
34615,0.039367,74.125.24.0-255,5738,331520,9,354802
34616,0.039377,172.31.36.0-255,66,331586,9,354802
34617,0.041971,74.125.24.0-255,5738,337324,9,354802
34618,0.041977,172.31.36.0-255,66,337390,9,354802
34619,0.044583,74.125.24.0-255,5738,343128,9,354802
34620,0.044591,172.31.36.0-255,66,343194,9,354802
34621,0.047215,74.125.24.0-255,5738,348932,9,354802
34622,0.047222,172.31.36.0-255,66,348998,9,354802
34623,0.049818,74.125.24.0-255,5738,354736,9,354802
34624,0.049826,172.31.36.0-255,66,354802,9,354802
34625,0.0,172.31.36.0-255,105,105,9,105
34626,0.0,74.125.130.0-255,153,153,9,301625
34627,1.7e-05,172.31.36.0-255,66,219,9,301625
34628,2.4e-05,74.125.130.0-255,1484,1703,9,301625
34629,2.8e-05,172.31.36.0-255,66,1769,9,301625
34630,3.4e-05,74.125.130.0-255,2902,4671,9,301625
34631,4.5e-05,172.31.36.0-255,66,4737,9,301625
34632,5.1e-05,74.125.130.0-255,2902,7639,9,301625
34633,5.3e-05,172.31.36.0-255,66,7705,9,301625
34634,8.9e-05,74.125.130.0-255,4320,12025,9,301625
34635,9.3e-05,172.31.36.0-255,66,12091,9,301625
34636,9.8e-05,74.125.130.0-255,2139,14230,9,301625
34637,0.0001,172.31.36.0-255,66,14296,9,301625
34638,0.00016,74.125.130.0-255,1484,15780,9,301625
34639,0.000163,172.31.36.0-255,66,15846,9,301625
34640,0.000168,74.125.130.0-255,2902,18748,9,301625
34641,0.000171,172.31.36.0-255,66,18814,9,301625
34642,0.000208,74.125.130.0-255,5738,24552,9,301625
34643,0.000211,172.31.36.0-255,66,24618,9,301625
34644,0.000216,74.125.130.0-255,4320,28938,9,301625
34645,0.000218,172.31.36.0-255,66,29004,9,301625
34646,0.000245,74.125.130.0-255,5379,34383,9,301625
34647,0.000248,172.31.36.0-255,66,34449,9,301625
34648,0.000257,74.125.130.0-255,2902,37351,9,301625
34649,0.00026,172.31.36.0-255,66,37417,9,301625
34650,0.000286,74.125.130.0-255,2902,40319,9,301625
34651,0.000289,172.31.36.0-255,66,40385,9,301625
34652,0.000301,74.125.130.0-255,7156,47541,9,301625
34653,0.000303,172.31.36.0-255,66,47607,9,301625
34654,0.000306,74.125.130.0-255,1125,48732,9,301625
34655,0.000308,172.31.36.0-255,66,48798,9,301625
34656,0.000388,74.125.130.0-255,1484,50282,9,301625
34657,0.000392,172.31.36.0-255,66,50348,9,301625
34658,0.00042,74.125.130.0-255,2902,53250,9,301625
34659,0.000423,172.31.36.0-255,66,53316,9,301625
34660,0.000429,74.125.130.0-255,4320,57636,9,301625
34661,0.000431,172.31.36.0-255,66,57702,9,301625
34662,0.00046,74.125.130.0-255,2902,60604,9,301625
34663,0.000462,172.31.36.0-255,66,60670,9,301625
34664,0.000484,74.125.130.0-255,5379,66049,9,301625
34665,0.000487,172.31.36.0-255,66,66115,9,301625
34666,0.00049,74.125.130.0-255,360,66475,9,301625
34667,0.000555,74.125.130.0-255,383,66858,9,301625
34668,0.000947,74.125.130.0-255,1484,68342,9,301625
34669,0.000951,74.125.130.0-255,1484,69826,9,301625
34670,0.000956,172.31.36.0-255,66,69892,9,301625
34671,0.000978,74.125.130.0-255,1484,71376,9,301625
34672,0.00098,172.31.36.0-255,66,71442,9,301625
34673,0.000986,74.125.130.0-255,2902,74344,9,301625
34674,0.000988,172.31.36.0-255,66,74410,9,301625
34675,0.000994,74.125.130.0-255,4320,78730,9,301625
34676,0.000996,172.31.36.0-255,66,78796,9,301625
34677,0.001029,74.125.130.0-255,5379,84175,9,301625
34678,0.001032,172.31.36.0-255,66,84241,9,301625
34679,0.001056,74.125.130.0-255,1484,85725,9,301625
34680,0.001072,74.125.130.0-255,2902,88627,9,301625
34681,0.001077,172.31.36.0-255,66,88693,9,301625
34682,0.001086,74.125.130.0-255,1484,90177,9,301625
34683,0.001105,74.125.130.0-255,4320,94497,9,301625
34684,0.001108,172.31.36.0-255,66,94563,9,301625
34685,0.001131,74.125.130.0-255,7156,101719,9,301625
34686,0.001134,172.31.36.0-255,66,101785,9,301625
34687,0.001164,74.125.130.0-255,5738,107523,9,301625
34688,0.001167,172.31.36.0-255,66,107589,9,301625
34689,0.001171,74.125.130.0-255,2902,110491,9,301625
34690,0.001173,172.31.36.0-255,66,110557,9,301625
34691,0.001209,172.31.36.0-255,66,110623,9,301625
34692,0.00169,74.125.130.0-255,1484,112107,9,301625
34693,0.001694,74.125.130.0-255,1484,113591,9,301625
34694,0.001704,172.31.36.0-255,66,113657,9,301625
34695,0.001708,74.125.130.0-255,1484,115141,9,301625
34696,0.001713,74.125.130.0-255,2902,118043,9,301625
34697,0.001715,172.31.36.0-255,66,118109,9,301625
34698,0.001724,74.125.130.0-255,2902,121011,9,301625
34699,0.001727,172.31.36.0-255,66,121077,9,301625
34700,0.00176,74.125.130.0-255,1484,122561,9,301625
34701,0.001773,74.125.130.0-255,1484,124045,9,301625
34702,0.001776,172.31.36.0-255,66,124111,9,301625
34703,0.001792,74.125.130.0-255,1484,125595,9,301625
34704,0.001803,74.125.130.0-255,4320,129915,9,301625
34705,0.001805,172.31.36.0-255,66,129981,9,301625
34706,0.001816,172.31.36.0-255,66,130047,9,301625
34707,0.001822,74.125.130.0-255,5738,135785,9,301625
34708,0.001825,172.31.36.0-255,66,135851,9,301625
34709,0.001847,74.125.130.0-255,766,136617,9,301625
34710,0.001851,74.125.130.0-255,1484,138101,9,301625
34711,0.001857,172.31.36.0-255,66,138167,9,301625
34712,0.001873,74.125.130.0-255,5738,143905,9,301625
34713,0.001876,172.31.36.0-255,66,143971,9,301625
34714,0.001894,74.125.130.0-255,7156,151127,9,301625
34715,0.001896,172.31.36.0-255,66,151193,9,301625
34716,0.001907,172.31.36.0-255,66,151259,9,301625
34717,0.001955,172.31.36.0-255,66,151325,9,301625
34718,0.002032,74.125.130.0-255,1484,152809,9,301625
34719,0.002038,74.125.130.0-255,2902,155711,9,301625
34720,0.002041,172.31.36.0-255,66,155777,9,301625
34721,0.002048,74.125.130.0-255,5738,161515,9,301625
34722,0.00205,172.31.36.0-255,66,161581,9,301625
34723,0.002091,172.31.36.0-255,66,161647,9,301625
34724,0.002097,74.125.130.0-255,5738,167385,9,301625
34725,0.002099,172.31.36.0-255,66,167451,9,301625
34726,0.002135,74.125.130.0-255,6438,173889,9,301625
34727,0.002138,172.31.36.0-255,66,173955,9,301625
34728,0.002223,74.125.130.0-255,1484,175439,9,301625
34729,0.002227,74.125.130.0-255,1484,176923,9,301625
34730,0.002231,172.31.36.0-255,66,176989,9,301625
34731,0.004363,74.125.130.0-255,2902,179891,9,301625
34732,0.004372,172.31.36.0-255,66,179957,9,301625
34733,0.004468,74.125.130.0-255,2902,182859,9,301625
34734,0.004471,172.31.36.0-255,66,182925,9,301625
34735,0.006593,74.125.130.0-255,2902,185827,9,301625
34736,0.006604,172.31.36.0-255,66,185893,9,301625
34737,0.006677,74.125.130.0-255,2902,188795,9,301625
34738,0.006681,172.31.36.0-255,66,188861,9,301625
34739,0.008824,74.125.130.0-255,2902,191763,9,301625
34740,0.008831,172.31.36.0-255,66,191829,9,301625
34741,0.008889,74.125.130.0-255,2902,194731,9,301625
34742,0.008892,172.31.36.0-255,66,194797,9,301625
34743,0.011054,74.125.130.0-255,2902,197699,9,301625
34744,0.011061,172.31.36.0-255,66,197765,9,301625
34745,0.0111,74.125.130.0-255,1484,199249,9,301625
34746,0.011115,74.125.130.0-255,1484,200733,9,301625
34747,0.011118,172.31.36.0-255,66,200799,9,301625
34748,0.013312,74.125.130.0-255,2902,203701,9,301625
34749,0.01332,172.31.36.0-255,66,203767,9,301625
34750,0.013353,74.125.130.0-255,2902,206669,9,301625
34751,0.013356,172.31.36.0-255,66,206735,9,301625
34752,0.015561,74.125.130.0-255,2902,209637,9,301625
34753,0.015571,172.31.36.0-255,66,209703,9,301625
34754,0.015603,74.125.130.0-255,2902,212605,9,301625
34755,0.015606,172.31.36.0-255,66,212671,9,301625
34756,0.017808,74.125.130.0-255,2902,215573,9,301625
34757,0.017817,172.31.36.0-255,66,215639,9,301625
34758,0.017846,74.125.130.0-255,2902,218541,9,301625
34759,0.017849,172.31.36.0-255,66,218607,9,301625
34760,0.020057,74.125.130.0-255,2902,221509,9,301625
34761,0.020065,172.31.36.0-255,66,221575,9,301625
34762,0.020095,74.125.130.0-255,2902,224477,9,301625
34763,0.020098,172.31.36.0-255,66,224543,9,301625
34764,0.022284,74.125.130.0-255,2902,227445,9,301625
34765,0.022291,172.31.36.0-255,66,227511,9,301625
34766,0.022335,74.125.130.0-255,2902,230413,9,301625
34767,0.022337,172.31.36.0-255,66,230479,9,301625
34768,0.024522,74.125.130.0-255,2902,233381,9,301625
34769,0.024529,172.31.36.0-255,66,233447,9,301625
34770,0.024569,74.125.130.0-255,2902,236349,9,301625
34771,0.024572,172.31.36.0-255,66,236415,9,301625
34772,0.026775,74.125.130.0-255,5738,242153,9,301625
34773,0.026783,172.31.36.0-255,66,242219,9,301625
34774,0.029015,74.125.130.0-255,5738,247957,9,301625
34775,0.029022,172.31.36.0-255,66,248023,9,301625
34776,0.031251,74.125.130.0-255,5738,253761,9,301625
34777,0.03126,172.31.36.0-255,66,253827,9,301625
34778,0.033533,74.125.130.0-255,5738,259565,9,301625
34779,0.03354,172.31.36.0-255,66,259631,9,301625
34780,0.033952,172.31.36.0-255,164,259795,9,301625
34781,0.033981,172.31.36.0-255,1070,260865,9,301625
34782,0.035488,104.244.42.0-255,66,260931,9,301625
34783,0.035534,104.244.42.0-255,66,260997,9,301625
34784,0.035769,74.125.130.0-255,5738,266735,9,301625
34785,0.035776,172.31.36.0-255,66,266801,9,301625
34786,0.038017,74.125.130.0-255,5738,272539,9,301625
34787,0.038025,172.31.36.0-255,66,272605,9,301625
34788,0.040268,74.125.130.0-255,5738,278343,9,301625
34789,0.040274,172.31.36.0-255,66,278409,9,301625
34790,0.042508,74.125.130.0-255,5738,284147,9,301625
34791,0.042515,172.31.36.0-255,66,284213,9,301625
34792,0.044751,74.125.130.0-255,5738,289951,9,301625
34793,0.044758,172.31.36.0-255,66,290017,9,301625
34794,0.046996,74.125.130.0-255,5738,295755,9,301625
34795,0.047003,172.31.36.0-255,66,295821,9,301625
34796,0.049249,74.125.130.0-255,5738,301559,9,301625
34797,0.049256,172.31.36.0-255,66,301625,9,301625
34798,0.0,172.31.36.0-255,105,105,9,276
34799,0.001789,157.240.13.0-255,105,210,9,276
34800,0.001817,172.31.36.0-255,66,276,9,276
34801,0.0,74.125.68.0-255,66,66,9,66
34802,0.0,74.125.68.0-255,143,143,9,296734
34803,2.3e-05,172.31.36.0-255,66,209,9,296734
34804,3e-05,74.125.68.0-255,1484,1693,9,296734
34805,3.5e-05,172.31.36.0-255,66,1759,9,296734
34806,4.1e-05,74.125.68.0-255,2902,4661,9,296734
34807,4.4e-05,172.31.36.0-255,66,4727,9,296734
34808,5e-05,74.125.68.0-255,4320,9047,9,296734
34809,5.2e-05,172.31.36.0-255,66,9113,9,296734
34810,8.9e-05,74.125.68.0-255,4823,13936,9,296734
34811,9.1e-05,172.31.36.0-255,66,14002,9,296734
34812,0.000116,74.125.68.0-255,5738,19740,9,296734
34813,0.000118,172.31.36.0-255,66,19806,9,296734
34814,0.000123,74.125.68.0-255,2902,22708,9,296734
34815,0.000126,172.31.36.0-255,66,22774,9,296734
34816,0.000151,74.125.68.0-255,4320,27094,9,296734
34817,0.000153,172.31.36.0-255,66,27160,9,296734
34818,0.000177,74.125.68.0-255,1484,28644,9,296734
34819,0.000179,172.31.36.0-255,66,28710,9,296734
34820,0.000192,74.125.68.0-255,2543,31253,9,296734
34821,0.000195,172.31.36.0-255,66,31319,9,296734
34822,0.000275,74.125.68.0-255,1484,32803,9,296734
34823,0.000278,172.31.36.0-255,66,32869,9,296734
34824,0.000283,74.125.68.0-255,2902,35771,9,296734
34825,0.000285,172.31.36.0-255,66,35837,9,296734
34826,0.000332,74.125.68.0-255,4320,40157,9,296734
34827,0.000334,172.31.36.0-255,66,40223,9,296734
34828,0.00035,74.125.68.0-255,1484,41707,9,296734
34829,0.000352,172.31.36.0-255,66,41773,9,296734
34830,0.00036,74.125.68.0-255,7156,48929,9,296734
34831,0.000362,172.31.36.0-255,66,48995,9,296734
34832,0.000372,172.31.36.0-255,66,49061,9,296734
34833,0.000396,172.31.36.0-255,66,49127,9,296734
34834,0.000418,74.125.68.0-255,394,49521,9,296734
34835,0.000463,74.125.68.0-255,118,49639,9,296734
34836,0.000676,74.125.68.0-255,1484,51123,9,296734
34837,0.000681,172.31.36.0-255,66,51189,9,296734
34838,0.000685,74.125.68.0-255,1484,52673,9,296734
34839,0.000689,74.125.68.0-255,2902,55575,9,296734
34840,0.000692,172.31.36.0-255,66,55641,9,296734
34841,0.000728,74.125.68.0-255,4320,59961,9,296734
34842,0.000731,172.31.36.0-255,66,60027,9,296734
34843,0.000751,74.125.68.0-255,1484,61511,9,296734
34844,0.000758,74.125.68.0-255,4320,65831,9,296734
34845,0.00076,172.31.36.0-255,66,65897,9,296734
34846,0.000764,74.125.68.0-255,1484,67381,9,296734
34847,0.000795,74.125.68.0-255,4320,71701,9,296734
34848,0.000798,172.31.36.0-255,66,71767,9,296734
34849,0.000808,172.31.36.0-255,66,71833,9,296734
34850,0.000836,74.125.68.0-255,3602,75435,9,296734
34851,0.000839,172.31.36.0-255,66,75501,9,296734
34852,0.000882,74.125.68.0-255,1484,76985,9,296734
34853,0.000899,74.125.68.0-255,2902,79887,9,296734
34854,0.000902,172.31.36.0-255,66,79953,9,296734
34855,0.000924,74.125.68.0-255,5738,85691,9,296734
34856,0.000927,172.31.36.0-255,66,85757,9,296734
34857,0.00093,74.125.68.0-255,1484,87241,9,296734
34858,0.000958,74.125.68.0-255,5738,92979,9,296734
34859,0.000961,172.31.36.0-255,66,93045,9,296734
34860,0.000973,172.31.36.0-255,66,93111,9,296734
34861,0.001011,172.31.36.0-255,66,93177,9,296734
34862,0.001041,172.31.36.0-255,66,93243,9,296734
34863,0.001047,74.125.68.0-255,4320,97563,9,296734
34864,0.001049,172.31.36.0-255,66,97629,9,296734
34865,0.001054,74.125.68.0-255,2902,100531,9,296734
34866,0.001057,172.31.36.0-255,66,100597,9,296734
34867,0.001073,74.125.68.0-255,2902,103499,9,296734
34868,0.001075,172.31.36.0-255,66,103565,9,296734
34869,0.001081,74.125.68.0-255,4320,107885,9,296734
34870,0.001083,172.31.36.0-255,66,107951,9,296734
34871,0.001112,74.125.68.0-255,7156,115107,9,296734
34872,0.001115,172.31.36.0-255,66,115173,9,296734
34873,0.00112,74.125.68.0-255,3602,118775,9,296734
34874,0.001122,172.31.36.0-255,66,118841,9,296734
34875,0.001529,74.125.68.0-255,1484,120325,9,296734
34876,0.001547,74.125.68.0-255,1484,121809,9,296734
34877,0.001552,74.125.68.0-255,2902,124711,9,296734
34878,0.001556,172.31.36.0-255,66,124777,9,296734
34879,0.001564,172.31.36.0-255,66,124843,9,296734
34880,0.001568,74.125.68.0-255,1484,126327,9,296734
34881,0.001586,74.125.68.0-255,4320,130647,9,296734
34882,0.001589,172.31.36.0-255,66,130713,9,296734
34883,0.001592,74.125.68.0-255,1484,132197,9,296734
34884,0.00161,74.125.68.0-255,5738,137935,9,296734
34885,0.001612,172.31.36.0-255,66,138001,9,296734
34886,0.001639,172.31.36.0-255,66,138067,9,296734
34887,0.001675,74.125.68.0-255,6438,144505,9,296734
34888,0.001677,172.31.36.0-255,66,144571,9,296734
34889,0.002145,74.125.68.0-255,1484,146055,9,296734
34890,0.00215,74.125.68.0-255,1484,147539,9,296734
34891,0.002153,172.31.36.0-255,66,147605,9,296734
34892,0.002177,74.125.68.0-255,2902,150507,9,296734
34893,0.002179,172.31.36.0-255,66,150573,9,296734
34894,0.002186,74.125.68.0-255,5738,156311,9,296734
34895,0.002188,172.31.36.0-255,66,156377,9,296734
34896,0.002212,74.125.68.0-255,2902,159279,9,296734
34897,0.002214,172.31.36.0-255,66,159345,9,296734
34898,0.002232,74.125.68.0-255,5738,165083,9,296734
34899,0.002234,172.31.36.0-255,66,165149,9,296734
34900,0.002279,172.31.36.0-255,66,165215,9,296734
34901,0.002297,74.125.68.0-255,1484,166699,9,296734
34902,0.0023,74.125.68.0-255,1484,168183,9,296734
34903,0.002303,172.31.36.0-255,66,168249,9,296734
34904,0.004504,74.125.68.0-255,2902,171151,9,296734
34905,0.004511,172.31.36.0-255,66,171217,9,296734
34906,0.004533,74.125.68.0-255,2902,174119,9,296734
34907,0.004536,172.31.36.0-255,66,174185,9,296734
34908,0.006757,74.125.68.0-255,5738,179923,9,296734
34909,0.006764,172.31.36.0-255,66,179989,9,296734
34910,0.009006,74.125.68.0-255,5738,185727,9,296734
34911,0.009013,172.31.36.0-255,66,185793,9,296734
34912,0.011246,74.125.68.0-255,5738,191531,9,296734
34913,0.011253,172.31.36.0-255,66,191597,9,296734
34914,0.013489,74.125.68.0-255,5738,197335,9,296734
34915,0.013499,172.31.36.0-255,66,197401,9,296734
34916,0.015738,74.125.68.0-255,5738,203139,9,296734
34917,0.015748,172.31.36.0-255,66,203205,9,296734
34918,0.017983,74.125.68.0-255,5738,208943,9,296734
34919,0.017992,172.31.36.0-255,66,209009,9,296734
34920,0.020229,74.125.68.0-255,5738,214747,9,296734
34921,0.020238,172.31.36.0-255,66,214813,9,296734
34922,0.022472,74.125.68.0-255,5738,220551,9,296734
34923,0.02248,172.31.36.0-255,66,220617,9,296734
34924,0.024718,74.125.68.0-255,5738,226355,9,296734
34925,0.024725,172.31.36.0-255,66,226421,9,296734
34926,0.026964,74.125.68.0-255,5738,232159,9,296734
34927,0.026972,172.31.36.0-255,66,232225,9,296734
34928,0.029215,74.125.68.0-255,5738,237963,9,296734
34929,0.029223,172.31.36.0-255,66,238029,9,296734
34930,0.031453,74.125.68.0-255,5738,243767,9,296734
34931,0.03146,172.31.36.0-255,66,243833,9,296734
34932,0.032327,172.31.36.0-255,188,244021,9,296734
34933,0.032362,172.31.36.0-255,960,244981,9,296734
34934,0.032427,172.31.36.0-255,1514,246495,9,296734
34935,0.032429,172.31.36.0-255,1514,248009,9,296734
34936,0.032433,172.31.36.0-255,1514,249523,9,296734
34937,0.032434,172.31.36.0-255,515,250038,9,296734
34938,0.033703,74.125.68.0-255,5738,255776,9,296734
34939,0.03371,172.31.36.0-255,66,255842,9,296734
34940,0.033873,104.244.42.0-255,66,255908,9,296734
34941,0.03388,104.244.42.0-255,66,255974,9,296734
34942,0.033985,104.244.42.0-255,66,256040,9,296734
34943,0.033992,104.244.42.0-255,66,256106,9,296734
34944,0.035936,74.125.68.0-255,5738,261844,9,296734
34945,0.035943,172.31.36.0-255,66,261910,9,296734
34946,0.038179,74.125.68.0-255,5738,267648,9,296734
34947,0.038186,172.31.36.0-255,66,267714,9,296734
34948,0.040435,74.125.68.0-255,5738,273452,9,296734
34949,0.040443,172.31.36.0-255,66,273518,9,296734
34950,0.042684,74.125.68.0-255,5738,279256,9,296734
34951,0.04269,172.31.36.0-255,66,279322,9,296734
34952,0.044938,74.125.68.0-255,5738,285060,9,296734
34953,0.044945,172.31.36.0-255,66,285126,9,296734
34954,0.047181,74.125.68.0-255,5738,290864,9,296734
34955,0.047188,172.31.36.0-255,66,290930,9,296734
34956,0.049434,74.125.68.0-255,5738,296668,9,296734
34957,0.049442,172.31.36.0-255,66,296734,9,296734
34958,0.0,74.125.200.0-255,143,143,9,231473
34959,2.4e-05,172.31.36.0-255,66,209,9,231473
34960,3.1e-05,74.125.200.0-255,1484,1693,9,231473
34961,3.6e-05,172.31.36.0-255,66,1759,9,231473
34962,4.2e-05,74.125.200.0-255,2902,4661,9,231473
34963,4.6e-05,172.31.36.0-255,66,4727,9,231473
34964,6.3e-05,74.125.200.0-255,7156,11883,9,231473
34965,6.6e-05,172.31.36.0-255,66,11949,9,231473
34966,7.1e-05,74.125.200.0-255,2065,14014,9,231473
34967,7.3e-05,172.31.36.0-255,66,14080,9,231473
34968,0.000163,74.125.200.0-255,1484,15564,9,231473
34969,0.000167,172.31.36.0-255,66,15630,9,231473
34970,0.000194,74.125.200.0-255,2902,18532,9,231473
34971,0.000198,172.31.36.0-255,66,18598,9,231473
34972,0.000203,74.125.200.0-255,2902,21500,9,231473
34973,0.000205,172.31.36.0-255,66,21566,9,231473
34974,0.000233,74.125.200.0-255,1484,23050,9,231473
34975,0.000236,172.31.36.0-255,66,23116,9,231473
34976,0.000243,74.125.200.0-255,5738,28854,9,231473
34977,0.000245,172.31.36.0-255,66,28920,9,231473
34978,0.000255,74.125.200.0-255,2543,31463,9,231473
34979,0.000257,172.31.36.0-255,66,31529,9,231473
34980,0.000319,74.125.200.0-255,1484,33013,9,231473
34981,0.000323,172.31.36.0-255,66,33079,9,231473
34982,0.000327,74.125.200.0-255,1484,34563,9,231473
34983,0.000329,172.31.36.0-255,66,34629,9,231473
34984,0.000364,74.125.200.0-255,1484,36113,9,231473
34985,0.000372,172.31.36.0-255,66,36179,9,231473
34986,0.000377,74.125.200.0-255,4320,40499,9,231473
34987,0.00038,172.31.36.0-255,66,40565,9,231473
34988,0.000386,74.125.200.0-255,5738,46303,9,231473
34989,0.000389,172.31.36.0-255,66,46369,9,231473
34990,0.000405,74.125.200.0-255,2543,48912,9,231473
34991,0.000407,172.31.36.0-255,66,48978,9,231473
34992,0.000472,74.125.200.0-255,1484,50462,9,231473
34993,0.000495,74.125.200.0-255,2902,53364,9,231473
34994,0.000498,172.31.36.0-255,66,53430,9,231473
34995,0.000501,74.125.200.0-255,1484,54914,9,231473
34996,0.000517,74.125.200.0-255,2902,57816,9,231473
34997,0.00052,172.31.36.0-255,66,57882,9,231473
34998,0.000538,74.125.200.0-255,1484,59366,9,231473
34999,0.000557,74.125.200.0-255,4320,63686,9,231473
35000,0.00056,172.31.36.0-255,66,63752,9,231473
35001,0.000564,74.125.200.0-255,2543,66295,9,231473
35002,0.000566,172.31.36.0-255,66,66361,9,231473
35003,0.001414,74.125.200.0-255,646,67007,9,231473
35004,0.001899,74.125.200.0-255,1484,68491,9,231473
35005,0.001906,172.31.36.0-255,66,68557,9,231473
35006,0.001913,74.125.200.0-255,2902,71459,9,231473
35007,0.001915,172.31.36.0-255,66,71525,9,231473
35008,0.001928,74.125.200.0-255,5738,77263,9,231473
35009,0.00193,172.31.36.0-255,66,77329,9,231473
35010,0.001934,74.125.200.0-255,1484,78813,9,231473
35011,0.001969,74.125.200.0-255,5738,84551,9,231473
35012,0.001972,172.31.36.0-255,66,84617,9,231473
35013,0.001976,74.125.200.0-255,1484,86101,9,231473
35014,0.002014,172.31.36.0-255,66,86167,9,231473
35015,0.002019,74.125.200.0-255,2184,88351,9,231473
35016,0.00202,172.31.36.0-255,66,88417,9,231473
35017,0.00398,74.125.200.0-255,5738,94155,9,231473
35018,0.003985,172.31.36.0-255,66,94221,9,231473
35019,0.005964,74.125.200.0-255,5738,99959,9,231473
35020,0.005969,172.31.36.0-255,66,100025,9,231473
35021,0.007948,74.125.200.0-255,5738,105763,9,231473
35022,0.007955,172.31.36.0-255,66,105829,9,231473
35023,0.009922,74.125.200.0-255,5738,111567,9,231473
35024,0.00993,172.31.36.0-255,66,111633,9,231473
35025,0.011906,74.125.200.0-255,5738,117371,9,231473
35026,0.011915,172.31.36.0-255,66,117437,9,231473
35027,0.013882,74.125.200.0-255,5738,123175,9,231473
35028,0.013889,172.31.36.0-255,66,123241,9,231473
35029,0.01588,74.125.200.0-255,5738,128979,9,231473
35030,0.015888,172.31.36.0-255,66,129045,9,231473
35031,0.017868,74.125.200.0-255,5738,134783,9,231473
35032,0.017878,172.31.36.0-255,66,134849,9,231473
35033,0.019856,74.125.200.0-255,5738,140587,9,231473
35034,0.019864,172.31.36.0-255,66,140653,9,231473
35035,0.021843,74.125.200.0-255,5738,146391,9,231473
35036,0.021851,172.31.36.0-255,66,146457,9,231473
35037,0.02383,74.125.200.0-255,5738,152195,9,231473
35038,0.023838,172.31.36.0-255,66,152261,9,231473
35039,0.025818,74.125.200.0-255,4320,156581,9,231473
35040,0.025824,172.31.36.0-255,66,156647,9,231473
35041,0.025847,74.125.200.0-255,1484,158131,9,231473
35042,0.027832,74.125.200.0-255,4320,162451,9,231473
35043,0.027838,172.31.36.0-255,66,162517,9,231473
35044,0.029812,74.125.200.0-255,5738,168255,9,231473
35045,0.029821,172.31.36.0-255,66,168321,9,231473
35046,0.0318,74.125.200.0-255,5738,174059,9,231473
35047,0.031809,172.31.36.0-255,66,174125,9,231473
35048,0.033786,74.125.200.0-255,5738,179863,9,231473
35049,0.033795,172.31.36.0-255,66,179929,9,231473
35050,0.035775,74.125.200.0-255,5738,185667,9,231473
35051,0.035782,172.31.36.0-255,66,185733,9,231473
35052,0.037769,74.125.200.0-255,5738,191471,9,231473
35053,0.037775,172.31.36.0-255,66,191537,9,231473
35054,0.039754,74.125.200.0-255,5738,197275,9,231473
35055,0.039762,172.31.36.0-255,66,197341,9,231473
35056,0.041746,74.125.200.0-255,5738,203079,9,231473
35057,0.041755,172.31.36.0-255,66,203145,9,231473
35058,0.04374,74.125.200.0-255,5738,208883,9,231473
35059,0.043748,172.31.36.0-255,66,208949,9,231473
35060,0.045715,74.125.200.0-255,4320,213269,9,231473
35061,0.045721,172.31.36.0-255,66,213335,9,231473
35062,0.045744,74.125.200.0-255,1484,214819,9,231473
35063,0.045779,172.31.36.0-255,172,214991,9,231473
35064,0.045802,172.31.36.0-255,1115,216106,9,231473
35065,0.045864,172.31.36.0-255,1514,217620,9,231473
35066,0.045865,172.31.36.0-255,1514,219134,9,231473
35067,0.045866,172.31.36.0-255,1514,220648,9,231473
35068,0.045867,172.31.36.0-255,107,220755,9,231473
35069,0.047312,104.244.42.0-255,66,220821,9,231473
35070,0.047361,104.244.42.0-255,66,220887,9,231473
35071,0.047475,104.244.42.0-255,66,220953,9,231473
35072,0.047481,104.244.42.0-255,66,221019,9,231473
35073,0.047707,74.125.200.0-255,1484,222503,9,231473
35074,0.047712,172.31.36.0-255,66,222569,9,231473
35075,0.04774,74.125.200.0-255,2902,225471,9,231473
35076,0.047743,172.31.36.0-255,66,225537,9,231473
35077,0.049678,74.125.200.0-255,2902,228439,9,231473
35078,0.049686,172.31.36.0-255,66,228505,9,231473
35079,0.049714,74.125.200.0-255,2902,231407,9,231473
35080,0.049717,172.31.36.0-255,66,231473,9,231473
35081,0.0,172.31.36.0-255,105,105,9,105
35082,0.0,172.217.194.0-255,152,152,9,139629
35083,2.3e-05,172.31.36.0-255,66,218,9,139629
35084,2.9e-05,172.217.194.0-255,1484,1702,9,139629
35085,3.2e-05,172.31.36.0-255,66,1768,9,139629
35086,3.7e-05,172.217.194.0-255,2902,4670,9,139629
35087,3.9e-05,172.31.36.0-255,66,4736,9,139629
35088,5.3e-05,172.217.194.0-255,7156,11892,9,139629
35089,5.5e-05,172.31.36.0-255,66,11958,9,139629
35090,5.9e-05,172.217.194.0-255,2047,14005,9,139629
35091,6.1e-05,172.31.36.0-255,66,14071,9,139629
35092,0.00011,172.217.194.0-255,5738,19809,9,139629
35093,0.000113,172.31.36.0-255,66,19875,9,139629
35094,0.000141,172.217.194.0-255,5738,25613,9,139629
35095,0.000144,172.31.36.0-255,66,25679,9,139629
35096,0.000159,172.31.36.0-255,66,25745,9,139629
35097,0.000169,172.31.36.0-255,66,25811,9,139629
35098,0.000206,172.217.194.0-255,2902,28713,9,139629
35099,0.000209,172.31.36.0-255,66,28779,9,139629
35100,0.000249,172.31.36.0-255,66,28845,9,139629
35101,0.000255,172.217.194.0-255,4273,33118,9,139629
35102,0.000257,172.31.36.0-255,66,33184,9,139629
35103,0.000311,172.217.194.0-255,367,33551,9,139629
35104,0.000315,172.31.36.0-255,66,33617,9,139629
35105,0.000361,172.217.194.0-255,1484,35101,9,139629
35106,0.000364,172.31.36.0-255,66,35167,9,139629
35107,0.000367,172.217.194.0-255,1484,36651,9,139629
35108,0.000372,172.31.36.0-255,66,36717,9,139629
35109,0.000388,172.217.194.0-255,1484,38201,9,139629
35110,0.000391,172.31.36.0-255,66,38267,9,139629
35111,0.000397,172.217.194.0-255,5738,44005,9,139629
35112,0.0004,172.31.36.0-255,66,44071,9,139629
35113,0.000407,172.217.194.0-255,6797,50868,9,139629
35114,0.000409,172.31.36.0-255,66,50934,9,139629
35115,0.000436,172.217.194.0-255,7156,58090,9,139629
35116,0.000439,172.31.36.0-255,66,58156,9,139629
35117,0.000479,172.217.194.0-255,4320,62476,9,139629
35118,0.000483,172.31.36.0-255,66,62542,9,139629
35119,0.000506,172.217.194.0-255,5379,67921,9,139629
35120,0.000509,172.31.36.0-255,66,67987,9,139629
35121,0.00055,172.217.194.0-255,1484,69471,9,139629
35122,0.000554,172.217.194.0-255,2902,72373,9,139629
35123,0.000557,172.31.36.0-255,66,72439,9,139629
35124,0.000561,172.217.194.0-255,1484,73923,9,139629
35125,0.000586,172.217.194.0-255,4320,78243,9,139629
35126,0.000589,172.31.36.0-255,66,78309,9,139629
35127,0.0006,172.31.36.0-255,66,78375,9,139629
35128,0.000631,172.217.194.0-255,4320,82695,9,139629
35129,0.000634,172.31.36.0-255,66,82761,9,139629
35130,0.000651,172.31.36.0-255,66,82827,9,139629
35131,0.000664,172.217.194.0-255,4320,87147,9,139629
35132,0.000671,172.31.36.0-255,66,87213,9,139629
35133,0.000712,172.31.36.0-255,66,87279,9,139629
35134,0.000718,172.217.194.0-255,5738,93017,9,139629
35135,0.000721,172.31.36.0-255,66,93083,9,139629
35136,0.000755,172.31.36.0-255,66,93149,9,139629
35137,0.000771,172.31.36.0-255,66,93215,9,139629
35138,0.000801,172.217.194.0-255,2902,96117,9,139629
35139,0.000805,172.31.36.0-255,66,96183,9,139629
35140,0.000827,172.31.36.0-255,66,96249,9,139629
35141,0.000843,172.31.36.0-255,66,96315,9,139629
35142,0.000877,172.217.194.0-255,5738,102053,9,139629
35143,0.000882,172.31.36.0-255,66,102119,9,139629
35144,0.000893,172.31.36.0-255,66,102185,9,139629
35145,0.000932,172.31.36.0-255,66,102251,9,139629
35146,0.000948,172.31.36.0-255,66,102317,9,139629
35147,0.001026,172.31.36.0-255,66,102383,9,139629
35148,0.00104,172.31.36.0-255,66,102449,9,139629
35149,0.001074,172.217.194.0-255,1484,103933,9,139629
35150,0.001088,172.31.36.0-255,66,103999,9,139629
35151,0.0011,172.31.36.0-255,66,104065,9,139629
35152,0.00114,172.31.36.0-255,66,104131,9,139629
35153,0.001141,172.217.194.0-255,5738,109869,9,139629
35154,0.001144,172.31.36.0-255,66,109935,9,139629
35155,0.00117,172.217.194.0-255,4320,114255,9,139629
35156,0.001174,172.31.36.0-255,66,114321,9,139629
35157,0.00121,172.31.36.0-255,66,114387,9,139629
35158,0.001214,172.217.194.0-255,3602,117989,9,139629
35159,0.001218,172.31.36.0-255,66,118055,9,139629
35160,0.001224,172.217.194.0-255,7156,125211,9,139629
35161,0.001227,172.31.36.0-255,66,125277,9,139629
35162,0.001283,172.31.36.0-255,66,125343,9,139629
35163,0.001297,172.31.36.0-255,66,125409,9,139629
35164,0.001311,172.31.36.0-255,66,125475,9,139629
35165,0.001336,172.217.194.0-255,1484,126959,9,139629
35166,0.00135,172.31.36.0-255,66,127025,9,139629
35167,0.001361,172.31.36.0-255,66,127091,9,139629
35168,0.001373,172.31.36.0-255,66,127157,9,139629
35169,0.001403,172.217.194.0-255,5361,132518,9,139629
35170,0.001407,172.31.36.0-255,66,132584,9,139629
35171,0.00141,172.217.194.0-255,105,132689,9,139629
35172,0.003298,172.31.36.0-255,66,132755,9,139629
35173,0.003321,172.31.36.0-255,105,132860,9,139629
35174,0.005551,172.217.194.0-255,66,132926,9,139629
35175,0.04,172.31.36.0-255,172,133098,9,139629
35176,0.040036,172.31.36.0-255,1115,134213,9,139629
35177,0.040101,172.31.36.0-255,1514,135727,9,139629
35178,0.040103,172.31.36.0-255,1514,137241,9,139629
35179,0.040104,172.31.36.0-255,1514,138755,9,139629
35180,0.040105,172.31.36.0-255,610,139365,9,139629
35181,0.041542,104.244.42.0-255,66,139431,9,139629
35182,0.041553,104.244.42.0-255,66,139497,9,139629
35183,0.041649,104.244.42.0-255,66,139563,9,139629
35184,0.041655,104.244.42.0-255,66,139629,9,139629
35185,0.0,74.125.200.0-255,153,153,9,310966
35186,1.6e-05,172.31.36.0-255,66,219,9,310966
35187,2.3e-05,74.125.200.0-255,1484,1703,9,310966
35188,2.8e-05,172.31.36.0-255,66,1769,9,310966
35189,4.1e-05,74.125.200.0-255,2902,4671,9,310966
35190,4.5e-05,172.31.36.0-255,66,4737,9,310966
35191,5.4e-05,74.125.200.0-255,7156,11893,9,310966
35192,5.7e-05,172.31.36.0-255,66,11959,9,310966
35193,6.1e-05,74.125.200.0-255,1975,13934,9,310966
35194,6.4e-05,172.31.36.0-255,66,14000,9,310966
35195,6.8e-05,74.125.200.0-255,1484,15484,9,310966
35196,7e-05,172.31.36.0-255,66,15550,9,310966
35197,0.000104,74.125.200.0-255,1484,17034,9,310966
35198,0.000108,172.31.36.0-255,66,17100,9,310966
35199,0.000116,74.125.200.0-255,7156,24256,9,310966
35200,0.000119,172.31.36.0-255,66,24322,9,310966
35201,0.000124,74.125.200.0-255,4320,28642,9,310966
35202,0.000126,172.31.36.0-255,66,28708,9,310966
35203,0.00017,74.125.200.0-255,2543,31251,9,310966
35204,0.000173,172.31.36.0-255,66,31317,9,310966
35205,0.000198,74.125.200.0-255,2902,34219,9,310966
35206,0.000201,172.31.36.0-255,66,34285,9,310966
35207,0.000204,74.125.200.0-255,1484,35769,9,310966
35208,0.000207,172.31.36.0-255,66,35835,9,310966
35209,0.000211,74.125.200.0-255,2902,38737,9,310966
35210,0.000213,172.31.36.0-255,66,38803,9,310966
35211,0.000239,74.125.200.0-255,2902,41705,9,310966
35212,0.000242,172.31.36.0-255,66,41771,9,310966
35213,0.000271,74.125.200.0-255,2902,44673,9,310966
35214,0.000274,172.31.36.0-255,66,44739,9,310966
35215,0.000279,74.125.200.0-255,3961,48700,9,310966
35216,0.000282,172.31.36.0-255,66,48766,9,310966
35217,0.000872,74.125.200.0-255,1484,50250,9,310966
35218,0.000877,74.125.200.0-255,1484,51734,9,310966
35219,0.000882,172.31.36.0-255,66,51800,9,310966
35220,0.000911,74.125.200.0-255,1484,53284,9,310966
35221,0.000918,74.125.200.0-255,5738,59022,9,310966
35222,0.000925,74.125.200.0-255,6797,65819,9,310966
35223,0.000942,172.31.36.0-255,66,65885,9,310966
35224,0.001003,74.125.200.0-255,1484,67369,9,310966
35225,0.001008,74.125.200.0-255,2902,70271,9,310966
35226,0.001012,74.125.200.0-255,2902,73173,9,310966
35227,0.00105,172.31.36.0-255,66,73239,9,310966
35228,0.001057,74.125.200.0-255,4320,77559,9,310966
35229,0.001059,74.125.200.0-255,1484,79043,9,310966
35230,0.001064,172.31.36.0-255,66,79109,9,310966
35231,0.001117,74.125.200.0-255,1484,80593,9,310966
35232,0.001122,74.125.200.0-255,2543,83136,9,310966
35233,0.001127,172.31.36.0-255,66,83202,9,310966
35234,0.001449,74.125.200.0-255,1484,84686,9,310966
35235,0.001467,74.125.200.0-255,2902,87588,9,310966
35236,0.00147,172.31.36.0-255,66,87654,9,310966
35237,0.001495,74.125.200.0-255,1484,89138,9,310966
35238,0.001515,74.125.200.0-255,2902,92040,9,310966
35239,0.001518,172.31.36.0-255,66,92106,9,310966
35240,0.001524,74.125.200.0-255,4320,96426,9,310966
35241,0.001543,74.125.200.0-255,5738,102164,9,310966
35242,0.00156,172.31.36.0-255,66,102230,9,310966
35243,0.001591,74.125.200.0-255,2902,105132,9,310966
35244,0.001595,74.125.200.0-255,2902,108034,9,310966
35245,0.001606,172.31.36.0-255,66,108100,9,310966
35246,0.001613,74.125.200.0-255,766,108866,9,310966
35247,0.001751,74.125.200.0-255,1484,110350,9,310966
35248,0.001755,74.125.200.0-255,1484,111834,9,310966
35249,0.00176,172.31.36.0-255,66,111900,9,310966
35250,0.00177,74.125.200.0-255,1484,113384,9,310966
35251,0.001781,74.125.200.0-255,4320,117704,9,310966
35252,0.001784,74.125.200.0-255,2902,120606,9,310966
35253,0.001799,74.125.200.0-255,2902,123508,9,310966
35254,0.001824,74.125.200.0-255,1484,124992,9,310966
35255,0.00183,172.31.36.0-255,66,125058,9,310966
35256,0.001868,74.125.200.0-255,4320,129378,9,310966
35257,0.001881,172.31.36.0-255,66,129444,9,310966
35258,0.001896,74.125.200.0-255,3602,133046,9,310966
35259,0.001902,172.31.36.0-255,66,133112,9,310966
35260,0.002015,74.125.200.0-255,1484,134596,9,310966
35261,0.002021,74.125.200.0-255,2902,137498,9,310966
35262,0.002028,172.31.36.0-255,66,137564,9,310966
35263,0.002039,74.125.200.0-255,4320,141884,9,310966
35264,0.002075,172.31.36.0-255,66,141950,9,310966
35265,0.002097,172.31.36.0-255,66,142016,9,310966
35266,0.002134,74.125.200.0-255,4320,146336,9,310966
35267,0.002149,74.125.200.0-255,3602,149938,9,310966
35268,0.002158,172.31.36.0-255,66,150004,9,310966
35269,0.002203,74.125.200.0-255,1484,151488,9,310966
35270,0.002226,74.125.200.0-255,2902,154390,9,310966
35271,0.002228,74.125.200.0-255,1484,155874,9,310966
35272,0.002238,172.31.36.0-255,66,155940,9,310966
35273,0.002243,74.125.200.0-255,1484,157424,9,310966
35274,0.002263,74.125.200.0-255,1484,158908,9,310966
35275,0.00227,74.125.200.0-255,5738,164646,9,310966
35276,0.002284,74.125.200.0-255,5738,170384,9,310966
35277,0.002299,74.125.200.0-255,5738,176122,9,310966
35278,0.002313,172.31.36.0-255,66,176188,9,310966
35279,0.002352,74.125.200.0-255,5738,181926,9,310966
35280,0.002357,172.31.36.0-255,66,181992,9,310966
35281,0.002368,74.125.200.0-255,2184,184176,9,310966
35282,0.00239,172.31.36.0-255,66,184242,9,310966
35283,0.00247,74.125.200.0-255,1484,185726,9,310966
35284,0.002476,74.125.200.0-255,2902,188628,9,310966
35285,0.002487,74.125.200.0-255,1484,190112,9,310966
35286,0.002494,172.31.36.0-255,66,190178,9,310966
35287,0.002522,74.125.200.0-255,5738,195916,9,310966
35288,0.002534,74.125.200.0-255,1484,197400,9,310966
35289,0.002552,74.125.200.0-255,2902,200302,9,310966
35290,0.002581,74.125.200.0-255,1484,201786,9,310966
35291,0.002596,74.125.200.0-255,4320,206106,9,310966
35292,0.002598,74.125.200.0-255,1484,207590,9,310966
35293,0.002658,74.125.200.0-255,2184,209774,9,310966
35294,0.00282,74.125.200.0-255,1484,211258,9,310966
35295,0.002844,74.125.200.0-255,1484,212742,9,310966
35296,0.002848,74.125.200.0-255,1484,214226,9,310966
35297,0.00287,74.125.200.0-255,1484,215710,9,310966
35298,0.002876,74.125.200.0-255,5738,221448,9,310966
35299,0.002896,74.125.200.0-255,7156,228604,9,310966
35300,0.002917,74.125.200.0-255,5738,234342,9,310966
35301,0.002935,74.125.200.0-255,2902,237244,9,310966
35302,0.002969,74.125.200.0-255,1484,238728,9,310966
35303,0.003015,74.125.200.0-255,1484,240212,9,310966
35304,0.003021,74.125.200.0-255,5738,245950,9,310966
35305,0.00303,74.125.200.0-255,7156,253106,9,310966
35306,0.003053,74.125.200.0-255,5020,258126,9,310966
35307,0.003078,74.125.200.0-255,5738,263864,9,310966
35308,0.003081,74.125.200.0-255,1484,265348,9,310966
35309,0.003119,74.125.200.0-255,5738,271086,9,310966
35310,0.003158,74.125.200.0-255,7156,278242,9,310966
35311,0.003192,74.125.200.0-255,4320,282562,9,310966
35312,0.003227,74.125.200.0-255,4320,286882,9,310966
35313,0.00323,74.125.200.0-255,1484,288366,9,310966
35314,0.003282,74.125.200.0-255,5020,293386,9,310966
35315,0.003285,74.125.200.0-255,1484,294870,9,310966
35316,0.003298,74.125.200.0-255,1484,296354,9,310966
35317,0.003314,74.125.200.0-255,7156,303510,9,310966
35318,0.003328,74.125.200.0-255,1402,304912,9,310966
35319,0.003378,74.125.200.0-255,105,305017,9,310966
35320,0.009004,172.31.36.0-255,66,305083,9,310966
35321,0.01107,172.31.36.0-255,105,305188,9,310966
35322,0.013386,74.125.200.0-255,66,305254,9,310966
35323,0.039968,172.31.36.0-255,172,305426,9,310966
35324,0.040006,172.31.36.0-255,1118,306544,9,310966
35325,0.040088,172.31.36.0-255,1514,308058,9,310966
35326,0.04009,172.31.36.0-255,1514,309572,9,310966
35327,0.040113,172.31.36.0-255,1130,310702,9,310966
35328,0.041516,104.244.42.0-255,66,310768,9,310966
35329,0.041627,104.244.42.0-255,66,310834,9,310966
35330,0.041675,104.244.42.0-255,66,310900,9,310966
35331,0.041679,104.244.42.0-255,66,310966,9,310966
35332,0.0,172.217.194.0-255,150,150,9,186334
35333,1.8e-05,172.31.36.0-255,66,216,9,186334
35334,2.5e-05,172.217.194.0-255,1484,1700,9,186334
35335,2.9e-05,172.31.36.0-255,66,1766,9,186334
35336,3.4e-05,172.217.194.0-255,2902,4668,9,186334
35337,3.8e-05,172.31.36.0-255,66,4734,9,186334
35338,4.5e-05,172.217.194.0-255,7156,11890,9,186334
35339,4.8e-05,172.31.36.0-255,66,11956,9,186334
35340,5.2e-05,172.217.194.0-255,2049,14005,9,186334
35341,5.4e-05,172.31.36.0-255,66,14071,9,186334
35342,0.000558,172.217.194.0-255,1484,15555,9,186334
35343,0.000564,172.31.36.0-255,66,15621,9,186334
35344,0.000572,172.217.194.0-255,2902,18523,9,186334
35345,0.000574,172.31.36.0-255,66,18589,9,186334
35346,0.00058,172.217.194.0-255,5738,24327,9,186334
35347,0.000582,172.31.36.0-255,66,24393,9,186334
35348,0.0006,172.217.194.0-255,2902,27295,9,186334
35349,0.000602,172.31.36.0-255,66,27361,9,186334
35350,0.000615,172.217.194.0-255,3961,31322,9,186334
35351,0.000618,172.31.36.0-255,66,31388,9,186334
35352,0.000794,172.217.194.0-255,1484,32872,9,186334
35353,0.000799,172.31.36.0-255,66,32938,9,186334
35354,0.000804,172.217.194.0-255,2902,35840,9,186334
35355,0.000806,172.31.36.0-255,66,35906,9,186334
35356,0.000833,172.217.194.0-255,5738,41644,9,186334
35357,0.000836,172.31.36.0-255,66,41710,9,186334
35358,0.000862,172.217.194.0-255,4320,46030,9,186334
35359,0.000866,172.31.36.0-255,66,46096,9,186334
35360,0.000893,172.31.36.0-255,66,46162,9,186334
35361,0.000913,172.217.194.0-255,2902,49064,9,186334
35362,0.000915,172.31.36.0-255,66,49130,9,186334
35363,0.000939,172.217.194.0-255,6797,55927,9,186334
35364,0.001163,172.31.36.0-255,66,55993,9,186334
35365,0.001924,172.217.194.0-255,646,56639,9,186334
35366,0.001992,172.217.194.0-255,1484,58123,9,186334
35367,0.001998,172.31.36.0-255,66,58189,9,186334
35368,0.002016,172.217.194.0-255,2902,61091,9,186334
35369,0.002035,172.217.194.0-255,5738,66829,9,186334
35370,0.002046,172.217.194.0-255,1484,68313,9,186334
35371,0.004207,172.31.36.0-255,66,68379,9,186334
35372,0.006452,172.217.194.0-255,4320,72699,9,186334
35373,0.006457,172.31.36.0-255,66,72765,9,186334
35374,0.00647,172.217.194.0-255,1484,74249,9,186334
35375,0.008684,172.217.194.0-255,4320,78569,9,186334
35376,0.008692,172.31.36.0-255,66,78635,9,186334
35377,0.010943,172.217.194.0-255,5738,84373,9,186334
35378,0.013858,172.31.36.0-255,66,84439,9,186334
35379,0.016097,172.217.194.0-255,5738,90177,9,186334
35380,0.01611,172.31.36.0-255,66,90243,9,186334
35381,0.018355,172.217.194.0-255,5738,95981,9,186334
35382,0.018367,172.31.36.0-255,66,96047,9,186334
35383,0.020593,172.217.194.0-255,5738,101785,9,186334
35384,0.0206,172.31.36.0-255,66,101851,9,186334
35385,0.022825,172.217.194.0-255,5738,107589,9,186334
35386,0.022833,172.31.36.0-255,66,107655,9,186334
35387,0.025053,172.217.194.0-255,5738,113393,9,186334
35388,0.025063,172.31.36.0-255,66,113459,9,186334
35389,0.027314,172.217.194.0-255,5738,119197,9,186334
35390,0.027324,172.31.36.0-255,66,119263,9,186334
35391,0.029599,172.217.194.0-255,5738,125001,9,186334
35392,0.029607,172.31.36.0-255,66,125067,9,186334
35393,0.03187,172.217.194.0-255,5738,130805,9,186334
35394,0.031879,172.31.36.0-255,66,130871,9,186334
35395,0.034108,172.217.194.0-255,5738,136609,9,186334
35396,0.034116,172.31.36.0-255,66,136675,9,186334
35397,0.034674,172.31.36.0-255,176,136851,9,186334
35398,0.034711,172.31.36.0-255,1115,137966,9,186334
35399,0.034786,172.31.36.0-255,1514,139480,9,186334
35400,0.034788,172.31.36.0-255,1514,140994,9,186334
35401,0.034789,172.31.36.0-255,1514,142508,9,186334
35402,0.03479,172.31.36.0-255,1514,144022,9,186334
35403,0.034818,172.31.36.0-255,1486,145508,9,186334
35404,0.036229,104.244.42.0-255,66,145574,9,186334
35405,0.036275,104.244.42.0-255,66,145640,9,186334
35406,0.036367,172.217.194.0-255,5738,151378,9,186334
35407,0.036373,172.31.36.0-255,66,151444,9,186334
35408,0.036404,104.244.42.0-255,66,151510,9,186334
35409,0.038609,172.217.194.0-255,5738,157248,9,186334
35410,0.038618,172.31.36.0-255,66,157314,9,186334
35411,0.040876,172.217.194.0-255,5738,163052,9,186334
35412,0.040883,172.31.36.0-255,66,163118,9,186334
35413,0.04311,172.217.194.0-255,5738,168856,9,186334
35414,0.043117,172.31.36.0-255,66,168922,9,186334
35415,0.045361,172.217.194.0-255,5738,174660,9,186334
35416,0.045368,172.31.36.0-255,66,174726,9,186334
35417,0.047608,172.217.194.0-255,5738,180464,9,186334
35418,0.047615,172.31.36.0-255,66,180530,9,186334
35419,0.049863,172.217.194.0-255,5738,186268,9,186334
35420,0.049873,172.31.36.0-255,66,186334,9,186334
35421,0.0,172.217.160.0-255,297,297,9,301936
35422,2e-05,172.31.36.0-255,66,363,9,301936
35423,2.7e-05,172.217.160.0-255,1484,1847,9,301936
35424,3.1e-05,172.31.36.0-255,66,1913,9,301936
35425,3.9e-05,172.217.160.0-255,4320,6233,9,301936
35426,4.2e-05,172.31.36.0-255,66,6299,9,301936
35427,5.4e-05,172.31.36.0-255,66,6365,9,301936
35428,6e-05,172.217.160.0-255,4320,10685,9,301936
35429,6.2e-05,172.31.36.0-255,66,10751,9,301936
35430,0.000101,172.31.36.0-255,66,10817,9,301936
35431,0.000105,172.217.160.0-255,2543,13360,9,301936
35432,0.000107,172.31.36.0-255,66,13426,9,301936
35433,0.000131,172.217.160.0-255,1484,14910,9,301936
35434,0.000134,172.31.36.0-255,66,14976,9,301936
35435,0.000139,172.217.160.0-255,2902,17878,9,301936
35436,0.000142,172.31.36.0-255,66,17944,9,301936
35437,0.000147,172.217.160.0-255,4320,22264,9,301936
35438,0.000149,172.31.36.0-255,66,22330,9,301936
35439,0.000166,172.217.160.0-255,1484,23814,9,301936
35440,0.000168,172.31.36.0-255,66,23880,9,301936
35441,0.000188,172.217.160.0-255,6797,30677,9,301936
35442,0.000191,172.31.36.0-255,66,30743,9,301936
35443,0.000216,172.217.160.0-255,2902,33645,9,301936
35444,0.000218,172.31.36.0-255,66,33711,9,301936
35445,0.00023,172.217.160.0-255,4320,38031,9,301936
35446,0.000232,172.31.36.0-255,66,38097,9,301936
35447,0.000251,172.217.160.0-255,1484,39581,9,301936
35448,0.000253,172.31.36.0-255,66,39647,9,301936
35449,0.000278,172.31.36.0-255,66,39713,9,301936
35450,0.00028,172.217.160.0-255,336,40049,9,301936
35451,0.000604,172.217.160.0-255,123,40172,9,301936
35452,0.000697,172.217.160.0-255,1484,41656,9,301936
35453,0.000703,172.31.36.0-255,66,41722,9,301936
35454,0.000709,172.217.160.0-255,2902,44624,9,301936
35455,0.000713,172.31.36.0-255,66,44690,9,301936
35456,0.000719,172.217.160.0-255,5738,50428,9,301936
35457,0.000722,172.31.36.0-255,66,50494,9,301936
35458,0.00074,172.217.160.0-255,2902,53396,9,301936
35459,0.000744,172.31.36.0-255,66,53462,9,301936
35460,0.000769,172.217.160.0-255,3961,57423,9,301936
35461,0.000773,172.31.36.0-255,66,57489,9,301936
35462,0.000781,172.217.160.0-255,7156,64645,9,301936
35463,0.000783,172.31.36.0-255,66,64711,9,301936
35464,0.000787,172.217.160.0-255,1484,66195,9,301936
35465,0.000791,172.217.160.0-255,2902,69097,9,301936
35466,0.000793,172.31.36.0-255,66,69163,9,301936
35467,0.00082,172.217.160.0-255,4320,73483,9,301936
35468,0.000823,172.31.36.0-255,66,73549,9,301936
35469,0.000826,172.217.160.0-255,1125,74674,9,301936
35470,0.001121,172.217.160.0-255,1484,76158,9,301936
35471,0.001127,172.31.36.0-255,66,76224,9,301936
35472,0.001134,172.217.160.0-255,2902,79126,9,301936
35473,0.001137,172.31.36.0-255,66,79192,9,301936
35474,0.001143,172.217.160.0-255,5738,84930,9,301936
35475,0.001145,172.31.36.0-255,66,84996,9,301936
35476,0.001194,172.31.36.0-255,66,85062,9,301936
35477,0.001209,172.217.160.0-255,4320,89382,9,301936
35478,0.001213,172.31.36.0-255,66,89448,9,301936
35479,0.001232,172.217.160.0-255,6438,95886,9,301936
35480,0.001236,172.31.36.0-255,66,95952,9,301936
35481,0.001261,172.217.160.0-255,7156,103108,9,301936
35482,0.001264,172.31.36.0-255,66,103174,9,301936
35483,0.001288,172.217.160.0-255,1484,104658,9,301936
35484,0.001301,172.31.36.0-255,66,104724,9,301936
35485,0.001307,172.217.160.0-255,4320,109044,9,301936
35486,0.00131,172.31.36.0-255,66,109110,9,301936
35487,0.001336,172.31.36.0-255,66,109176,9,301936
35488,0.001459,172.217.160.0-255,1484,110660,9,301936
35489,0.001467,172.217.160.0-255,2902,113562,9,301936
35490,0.001472,172.31.36.0-255,66,113628,9,301936
35491,0.001479,172.217.160.0-255,5738,119366,9,301936
35492,0.001481,172.31.36.0-255,66,119432,9,301936
35493,0.001486,172.217.160.0-255,4320,123752,9,301936
35494,0.001489,172.31.36.0-255,66,123818,9,301936
35495,0.001534,172.31.36.0-255,66,123884,9,301936
35496,0.001545,172.31.36.0-255,66,123950,9,301936
35497,0.001563,172.217.160.0-255,5738,129688,9,301936
35498,0.001567,172.31.36.0-255,66,129754,9,301936
35499,0.00158,172.217.160.0-255,1484,131238,9,301936
35500,0.00161,172.31.36.0-255,66,131304,9,301936
35501,0.001621,172.217.160.0-255,5738,137042,9,301936
35502,0.001626,172.31.36.0-255,66,137108,9,301936
35503,0.001658,172.217.160.0-255,2184,139292,9,301936
35504,0.001703,172.217.160.0-255,1484,140776,9,301936
35505,0.001707,172.31.36.0-255,66,140842,9,301936
35506,0.00336,172.217.160.0-255,4320,145162,9,301936
35507,0.003366,172.31.36.0-255,66,145228,9,301936
35508,0.005022,172.217.160.0-255,5738,150966,9,301936
35509,0.005027,172.31.36.0-255,66,151032,9,301936
35510,0.006674,172.217.160.0-255,5738,156770,9,301936
35511,0.00668,172.31.36.0-255,66,156836,9,301936
35512,0.008337,172.217.160.0-255,5738,162574,9,301936
35513,0.008344,172.31.36.0-255,66,162640,9,301936
35514,0.010012,172.217.160.0-255,5738,168378,9,301936
35515,0.01002,172.31.36.0-255,66,168444,9,301936
35516,0.011678,172.217.160.0-255,5738,174182,9,301936
35517,0.011684,172.31.36.0-255,66,174248,9,301936
35518,0.013332,172.217.160.0-255,5738,179986,9,301936
35519,0.013335,172.31.36.0-255,66,180052,9,301936
35520,0.014999,172.217.160.0-255,5738,185790,9,301936
35521,0.015005,172.31.36.0-255,66,185856,9,301936
35522,0.016662,172.217.160.0-255,5738,191594,9,301936
35523,0.016672,172.31.36.0-255,66,191660,9,301936
35524,0.018327,172.217.160.0-255,5738,197398,9,301936
35525,0.018336,172.31.36.0-255,66,197464,9,301936
35526,0.019989,172.217.160.0-255,5738,203202,9,301936
35527,0.019999,172.31.36.0-255,66,203268,9,301936
35528,0.021655,172.217.160.0-255,5738,209006,9,301936
35529,0.021662,172.31.36.0-255,66,209072,9,301936
35530,0.023333,172.217.160.0-255,5738,214810,9,301936
35531,0.023342,172.31.36.0-255,66,214876,9,301936
35532,0.024994,172.217.160.0-255,5738,220614,9,301936
35533,0.025004,172.31.36.0-255,66,220680,9,301936
35534,0.026657,172.217.160.0-255,5738,226418,9,301936
35535,0.026664,172.31.36.0-255,66,226484,9,301936
35536,0.028376,172.217.160.0-255,5738,232222,9,301936
35537,0.028383,172.31.36.0-255,66,232288,9,301936
35538,0.030037,172.217.160.0-255,5738,238026,9,301936
35539,0.030042,172.31.36.0-255,66,238092,9,301936
35540,0.031704,172.217.160.0-255,5738,243830,9,301936
35541,0.031711,172.31.36.0-255,66,243896,9,301936
35542,0.033371,172.217.160.0-255,5738,249634,9,301936
35543,0.033378,172.31.36.0-255,66,249700,9,301936
35544,0.035044,172.217.160.0-255,5738,255438,9,301936
35545,0.035051,172.31.36.0-255,66,255504,9,301936
35546,0.036705,172.217.160.0-255,5738,261242,9,301936
35547,0.036712,172.31.36.0-255,66,261308,9,301936
35548,0.038363,172.217.160.0-255,5738,267046,9,301936
35549,0.03837,172.31.36.0-255,66,267112,9,301936
35550,0.040028,172.217.160.0-255,5738,272850,9,301936
35551,0.040054,172.31.36.0-255,66,272916,9,301936
35552,0.041708,172.217.160.0-255,5738,278654,9,301936
35553,0.041715,172.31.36.0-255,66,278720,9,301936
35554,0.043372,172.217.160.0-255,5738,284458,9,301936
35555,0.043378,172.31.36.0-255,66,284524,9,301936
35556,0.045028,172.217.160.0-255,5738,290262,9,301936
35557,0.045035,172.31.36.0-255,66,290328,9,301936
35558,0.046683,172.217.160.0-255,5738,296066,9,301936
35559,0.04669,172.31.36.0-255,66,296132,9,301936
35560,0.048351,172.217.160.0-255,5738,301870,9,301936
35561,0.048358,172.31.36.0-255,66,301936,9,301936
35562,0.0,74.125.24.0-255,153,153,9,252788
35563,5.2e-05,172.31.36.0-255,66,219,9,252788
35564,6e-05,74.125.24.0-255,1484,1703,9,252788
35565,6.4e-05,172.31.36.0-255,66,1769,9,252788
35566,6.9e-05,74.125.24.0-255,2902,4671,9,252788
35567,7.2e-05,172.31.36.0-255,66,4737,9,252788
35568,7.9e-05,74.125.24.0-255,7156,11893,9,252788
35569,8.2e-05,172.31.36.0-255,66,11959,9,252788
35570,9.8e-05,172.31.36.0-255,66,12025,9,252788
35571,0.00012,74.125.24.0-255,2543,14568,9,252788
35572,0.000123,172.31.36.0-255,66,14634,9,252788
35573,0.000169,74.125.24.0-255,1484,16118,9,252788
35574,0.000172,172.31.36.0-255,66,16184,9,252788
35575,0.000177,74.125.24.0-255,2902,19086,9,252788
35576,0.00018,172.31.36.0-255,66,19152,9,252788
35577,0.000184,74.125.24.0-255,1484,20636,9,252788
35578,0.000187,172.31.36.0-255,66,20702,9,252788
35579,0.000219,74.125.24.0-255,4320,25022,9,252788
35580,0.000223,172.31.36.0-255,66,25088,9,252788
35581,0.00023,74.125.24.0-255,6797,31885,9,252788
35582,0.000232,172.31.36.0-255,66,31951,9,252788
35583,0.000274,172.31.36.0-255,66,32017,9,252788
35584,0.000279,74.125.24.0-255,2818,34835,9,252788
35585,0.000281,172.31.36.0-255,66,34901,9,252788
35586,0.000284,74.125.24.0-255,413,35314,9,252788
35587,0.000287,172.31.36.0-255,66,35380,9,252788
35588,0.000498,74.125.24.0-255,1484,36864,9,252788
35589,0.000502,172.31.36.0-255,66,36930,9,252788
35590,0.000507,74.125.24.0-255,2902,39832,9,252788
35591,0.000511,172.31.36.0-255,66,39898,9,252788
35592,0.000522,74.125.24.0-255,2902,42800,9,252788
35593,0.000525,172.31.36.0-255,66,42866,9,252788
35594,0.000545,74.125.24.0-255,2902,45768,9,252788
35595,0.00055,172.31.36.0-255,66,45834,9,252788
35596,0.000558,172.31.36.0-255,66,45900,9,252788
35597,0.000562,74.125.24.0-255,2902,48802,9,252788
35598,0.000567,172.31.36.0-255,66,48868,9,252788
35599,0.000587,74.125.24.0-255,7156,56024,9,252788
35600,0.00059,172.31.36.0-255,66,56090,9,252788
35601,0.000593,74.125.24.0-255,215,56305,9,252788
35602,0.000705,74.125.24.0-255,1484,57789,9,252788
35603,0.00071,172.31.36.0-255,66,57855,9,252788
35604,0.000716,74.125.24.0-255,2902,60757,9,252788
35605,0.000719,172.31.36.0-255,66,60823,9,252788
35606,0.000723,74.125.24.0-255,2902,63725,9,252788
35607,0.000725,172.31.36.0-255,66,63791,9,252788
35608,0.000744,74.125.24.0-255,2902,66693,9,252788
35609,0.000747,172.31.36.0-255,66,66759,9,252788
35610,0.000773,172.31.36.0-255,66,66825,9,252788
35611,0.000794,74.125.24.0-255,2902,69727,9,252788
35612,0.000797,172.31.36.0-255,66,69793,9,252788
35613,0.000803,74.125.24.0-255,7156,76949,9,252788
35614,0.000806,172.31.36.0-255,66,77015,9,252788
35615,0.000833,74.125.24.0-255,3602,80617,9,252788
35616,0.000837,172.31.36.0-255,66,80683,9,252788
35617,0.000955,74.125.24.0-255,1484,82167,9,252788
35618,0.000968,74.125.24.0-255,2902,85069,9,252788
35619,0.000972,172.31.36.0-255,66,85135,9,252788
35620,0.000978,74.125.24.0-255,5738,90873,9,252788
35621,0.000981,172.31.36.0-255,66,90939,9,252788
35622,0.001001,74.125.24.0-255,2902,93841,9,252788
35623,0.001005,172.31.36.0-255,66,93907,9,252788
35624,0.001022,74.125.24.0-255,5738,99645,9,252788
35625,0.001025,172.31.36.0-255,66,99711,9,252788
35626,0.001052,74.125.24.0-255,4320,104031,9,252788
35627,0.001058,172.31.36.0-255,66,104097,9,252788
35628,0.001063,172.31.36.0-255,66,104163,9,252788
35629,0.001065,74.125.24.0-255,766,104929,9,252788
35630,0.001113,74.125.24.0-255,1484,106413,9,252788
35631,0.001116,172.31.36.0-255,66,106479,9,252788
35632,0.00112,74.125.24.0-255,1484,107963,9,252788
35633,0.001138,74.125.24.0-255,2902,110865,9,252788
35634,0.001141,172.31.36.0-255,66,110931,9,252788
35635,0.001147,74.125.24.0-255,7156,118087,9,252788
35636,0.00115,172.31.36.0-255,66,118153,9,252788
35637,0.001194,172.31.36.0-255,66,118219,9,252788
35638,0.0012,74.125.24.0-255,5020,123239,9,252788
35639,0.001202,172.31.36.0-255,66,123305,9,252788
35640,0.00126,74.125.24.0-255,1484,124789,9,252788
35641,0.001264,74.125.24.0-255,1484,126273,9,252788
35642,0.001267,172.31.36.0-255,66,126339,9,252788
35643,0.001287,74.125.24.0-255,1484,127823,9,252788
35644,0.001293,74.125.24.0-255,5738,133561,9,252788
35645,0.001295,172.31.36.0-255,66,133627,9,252788
35646,0.0013,74.125.24.0-255,2902,136529,9,252788
35647,0.001303,172.31.36.0-255,66,136595,9,252788
35648,0.001329,172.31.36.0-255,66,136661,9,252788
35649,0.001339,172.31.36.0-255,66,136727,9,252788
35650,0.001358,74.125.24.0-255,2184,138911,9,252788
35651,0.001361,172.31.36.0-255,66,138977,9,252788
35652,0.001528,74.125.24.0-255,1484,140461,9,252788
35653,0.001542,74.125.24.0-255,2902,143363,9,252788
35654,0.001546,172.31.36.0-255,66,143429,9,252788
35655,0.001569,74.125.24.0-255,5738,149167,9,252788
35656,0.001575,172.31.36.0-255,66,149233,9,252788
35657,0.001582,74.125.24.0-255,4320,153553,9,252788
35658,0.001585,172.31.36.0-255,66,153619,9,252788
35659,0.001612,172.31.36.0-255,66,153685,9,252788
35660,0.001618,74.125.24.0-255,5738,159423,9,252788
35661,0.00162,172.31.36.0-255,66,159489,9,252788
35662,0.001638,74.125.24.0-255,1484,160973,9,252788
35663,0.001659,74.125.24.0-255,3602,164575,9,252788
35664,0.001662,172.31.36.0-255,66,164641,9,252788
35665,0.001688,74.125.24.0-255,5738,170379,9,252788
35666,0.001691,172.31.36.0-255,66,170445,9,252788
35667,0.001702,172.31.36.0-255,66,170511,9,252788
35668,0.00174,74.125.24.0-255,1484,171995,9,252788
35669,0.001773,172.31.36.0-255,66,172061,9,252788
35670,0.001778,74.125.24.0-255,3602,175663,9,252788
35671,0.00178,172.31.36.0-255,66,175729,9,252788
35672,0.001802,74.125.24.0-255,1484,177213,9,252788
35673,0.001807,74.125.24.0-255,2902,180115,9,252788
35674,0.00181,172.31.36.0-255,66,180181,9,252788
35675,0.001836,74.125.24.0-255,5738,185919,9,252788
35676,0.001841,172.31.36.0-255,66,185985,9,252788
35677,0.001847,74.125.24.0-255,5738,191723,9,252788
35678,0.00185,172.31.36.0-255,66,191789,9,252788
35679,0.001885,172.31.36.0-255,66,191855,9,252788
35680,0.001891,74.125.24.0-255,5020,196875,9,252788
35681,0.001893,172.31.36.0-255,66,196941,9,252788
35682,0.001935,74.125.24.0-255,1484,198425,9,252788
35683,0.001941,74.125.24.0-255,2902,201327,9,252788
35684,0.001944,172.31.36.0-255,66,201393,9,252788
35685,0.001977,74.125.24.0-255,5738,207131,9,252788
35686,0.001981,172.31.36.0-255,66,207197,9,252788
35687,0.001992,172.31.36.0-255,66,207263,9,252788
35688,0.002018,74.125.24.0-255,4320,211583,9,252788
35689,0.002021,172.31.36.0-255,66,211649,9,252788
35690,0.002025,74.125.24.0-255,2902,214551,9,252788
35691,0.002027,172.31.36.0-255,66,214617,9,252788
35692,0.002053,172.31.36.0-255,66,214683,9,252788
35693,0.00209,172.31.36.0-255,66,214749,9,252788
35694,0.002101,172.31.36.0-255,66,214815,9,252788
35695,0.004077,74.125.24.0-255,5738,220553,9,252788
35696,0.004083,172.31.36.0-255,66,220619,9,252788
35697,0.00607,74.125.24.0-255,2902,223521,9,252788
35698,0.006073,172.31.36.0-255,66,223587,9,252788
35699,0.006085,74.125.24.0-255,2902,226489,9,252788
35700,0.006087,172.31.36.0-255,66,226555,9,252788
35701,0.008036,74.125.24.0-255,2902,229457,9,252788
35702,0.008042,172.31.36.0-255,66,229523,9,252788
35703,0.008069,74.125.24.0-255,2902,232425,9,252788
35704,0.008071,172.31.36.0-255,66,232491,9,252788
35705,0.010026,74.125.24.0-255,2902,235393,9,252788
35706,0.010033,172.31.36.0-255,66,235459,9,252788
35707,0.010052,74.125.24.0-255,2902,238361,9,252788
35708,0.010055,172.31.36.0-255,66,238427,9,252788
35709,0.012019,74.125.24.0-255,4797,243224,9,252788
35710,0.012025,172.31.36.0-255,66,243290,9,252788
35711,0.012439,172.31.36.0-255,105,243395,9,252788
35712,0.014374,74.125.24.0-255,66,243461,9,252788
35713,0.035625,172.31.36.0-255,175,243636,9,252788
35714,0.035682,172.31.36.0-255,1139,244775,9,252788
35715,0.03578,172.31.36.0-255,1514,246289,9,252788
35716,0.035782,172.31.36.0-255,1514,247803,9,252788
35717,0.035787,172.31.36.0-255,1514,249317,9,252788
35718,0.035789,172.31.36.0-255,1514,250831,9,252788
35719,0.035815,172.31.36.0-255,1514,252345,9,252788
35720,0.035816,172.31.36.0-255,179,252524,9,252788
35721,0.037168,104.244.42.0-255,66,252590,9,252788
35722,0.037205,104.244.42.0-255,66,252656,9,252788
35723,0.037333,104.244.42.0-255,66,252722,9,252788
35724,0.037337,104.244.42.0-255,66,252788,9,252788
35725,0.0,172.31.36.0-255,188,188,9,12053
35726,6.3e-05,172.31.36.0-255,982,1170,9,12053
35727,0.00015,172.31.36.0-255,1514,2684,9,12053
35728,0.000153,172.31.36.0-255,1514,4198,9,12053
35729,0.000154,172.31.36.0-255,1514,5712,9,12053
35730,0.000155,172.31.36.0-255,1514,7226,9,12053
35731,0.000188,172.31.36.0-255,1514,8740,9,12053
35732,0.00019,172.31.36.0-255,1514,10254,9,12053
35733,0.000191,172.31.36.0-255,1295,11549,9,12053
35734,0.001492,104.244.42.0-255,66,11615,9,12053
35735,0.001552,104.244.42.0-255,66,11681,9,12053
35736,0.001674,104.244.42.0-255,66,11747,9,12053
35737,0.001696,104.244.42.0-255,66,11813,9,12053
35738,0.0017,104.244.42.0-255,66,11879,9,12053
35739,0.002321,104.244.42.0-255,108,11987,9,12053
35740,0.002332,172.31.36.0-255,66,12053,9,12053
35741,0.0,74.125.130.0-255,146,146,9,352316
35742,2.5e-05,172.31.36.0-255,66,212,9,352316
35743,3.3e-05,74.125.130.0-255,1484,1696,9,352316
35744,3.7e-05,172.31.36.0-255,66,1762,9,352316
35745,4e-05,74.125.130.0-255,1484,3246,9,352316
35746,4.2e-05,172.31.36.0-255,66,3312,9,352316
35747,5.7e-05,74.125.130.0-255,2902,6214,9,352316
35748,6e-05,172.31.36.0-255,66,6280,9,352316
35749,6.7e-05,74.125.130.0-255,5738,12018,9,352316
35750,6.9e-05,172.31.36.0-255,66,12084,9,352316
35751,7.4e-05,74.125.130.0-255,2047,14131,9,352316
35752,7.7e-05,172.31.36.0-255,66,14197,9,352316
35753,8.3e-05,74.125.130.0-255,2902,17099,9,352316
35754,8.5e-05,172.31.36.0-255,66,17165,9,352316
35755,9.4e-05,74.125.130.0-255,7156,24321,9,352316
35756,9.8e-05,172.31.36.0-255,66,24387,9,352316
35757,0.000101,74.125.130.0-255,1484,25871,9,352316
35758,0.000104,172.31.36.0-255,66,25937,9,352316
35759,0.000135,74.125.130.0-255,5379,31316,9,352316
35760,0.000138,172.31.36.0-255,66,31382,9,352316
35761,0.000253,74.125.130.0-255,1484,32866,9,352316
35762,0.000257,172.31.36.0-255,66,32932,9,352316
35763,0.000264,74.125.130.0-255,2902,35834,9,352316
35764,0.000266,172.31.36.0-255,66,35900,9,352316
35765,0.000295,74.125.130.0-255,5738,41638,9,352316
35766,0.000298,172.31.36.0-255,66,41704,9,352316
35767,0.000329,74.125.130.0-255,5738,47442,9,352316
35768,0.000332,172.31.36.0-255,66,47508,9,352316
35769,0.000337,74.125.130.0-255,2902,50410,9,352316
35770,0.000339,172.31.36.0-255,66,50476,9,352316
35771,0.00037,74.125.130.0-255,3961,54437,9,352316
35772,0.000373,172.31.36.0-255,66,54503,9,352316
35773,0.00038,74.125.130.0-255,5738,60241,9,352316
35774,0.000382,172.31.36.0-255,66,60307,9,352316
35775,0.000417,74.125.130.0-255,5699,66006,9,352316
35776,0.00042,172.31.36.0-255,66,66072,9,352316
35777,0.00056,74.125.130.0-255,1484,67556,9,352316
35778,0.000567,172.31.36.0-255,66,67622,9,352316
35779,0.000586,74.125.130.0-255,2902,70524,9,352316
35780,0.000589,172.31.36.0-255,66,70590,9,352316
35781,0.000635,74.125.130.0-255,5738,76328,9,352316
35782,0.000639,172.31.36.0-255,66,76394,9,352316
35783,0.000643,74.125.130.0-255,2902,79296,9,352316
35784,0.000645,172.31.36.0-255,66,79362,9,352316
35785,0.000651,74.125.130.0-255,3961,83323,9,352316
35786,0.000657,172.31.36.0-255,66,83389,9,352316
35787,0.000711,172.31.36.0-255,66,83455,9,352316
35788,0.000715,74.125.130.0-255,2902,86357,9,352316
35789,0.000717,172.31.36.0-255,66,86423,9,352316
35790,0.000724,74.125.130.0-255,5680,92103,9,352316
35791,0.00073,172.31.36.0-255,66,92169,9,352316
35792,0.00076,74.125.130.0-255,1484,93653,9,352316
35793,0.000766,74.125.130.0-255,2902,96555,9,352316
35794,0.000769,172.31.36.0-255,66,96621,9,352316
35795,0.000772,74.125.130.0-255,1484,98105,9,352316
35796,0.000777,74.125.130.0-255,2902,101007,9,352316
35797,0.000779,172.31.36.0-255,66,101073,9,352316
35798,0.0008,74.125.130.0-255,4320,105393,9,352316
35799,0.000807,172.31.36.0-255,66,105459,9,352316
35800,0.000839,74.125.130.0-255,1484,106943,9,352316
35801,0.000852,172.31.36.0-255,66,107009,9,352316
35802,0.000876,74.125.130.0-255,1484,108493,9,352316
35803,0.000906,172.31.36.0-255,66,108559,9,352316
35804,0.001185,74.125.130.0-255,1484,110043,9,352316
35805,0.001201,74.125.130.0-255,2902,112945,9,352316
35806,0.001205,172.31.36.0-255,66,113011,9,352316
35807,0.001212,74.125.130.0-255,5738,118749,9,352316
35808,0.001214,172.31.36.0-255,66,118815,9,352316
35809,0.001246,74.125.130.0-255,5738,124553,9,352316
35810,0.001248,172.31.36.0-255,66,124619,9,352316
35811,0.001256,74.125.130.0-255,7156,131775,9,352316
35812,0.001258,172.31.36.0-255,66,131841,9,352316
35813,0.001295,172.31.36.0-255,66,131907,9,352316
35814,0.001363,74.125.130.0-255,1484,133391,9,352316
35815,0.001377,74.125.130.0-255,2902,136293,9,352316
35816,0.00138,172.31.36.0-255,66,136359,9,352316
35817,0.001384,74.125.130.0-255,1484,137843,9,352316
35818,0.001409,74.125.130.0-255,2902,140745,9,352316
35819,0.001412,172.31.36.0-255,66,140811,9,352316
35820,0.001417,74.125.130.0-255,4320,145131,9,352316
35821,0.00142,172.31.36.0-255,66,145197,9,352316
35822,0.001444,74.125.130.0-255,4320,149517,9,352316
35823,0.001451,172.31.36.0-255,66,149583,9,352316
35824,0.001458,74.125.130.0-255,5738,155321,9,352316
35825,0.001461,172.31.36.0-255,66,155387,9,352316
35826,0.001468,74.125.130.0-255,7156,162543,9,352316
35827,0.001471,172.31.36.0-255,66,162609,9,352316
35828,0.001499,74.125.130.0-255,3602,166211,9,352316
35829,0.001501,172.31.36.0-255,66,166277,9,352316
35830,0.001611,74.125.130.0-255,1484,167761,9,352316
35831,0.001637,74.125.130.0-255,2902,170663,9,352316
35832,0.00164,172.31.36.0-255,66,170729,9,352316
35833,0.001644,74.125.130.0-255,1484,172213,9,352316
35834,0.001649,74.125.130.0-255,2902,175115,9,352316
35835,0.001657,172.31.36.0-255,66,175181,9,352316
35836,0.001664,74.125.130.0-255,5738,180919,9,352316
35837,0.001666,172.31.36.0-255,66,180985,9,352316
35838,0.001701,172.31.36.0-255,66,181051,9,352316
35839,0.001706,74.125.130.0-255,2902,183953,9,352316
35840,0.001709,172.31.36.0-255,66,184019,9,352316
35841,0.001741,74.125.130.0-255,7156,191175,9,352316
35842,0.001744,74.125.130.0-255,766,191941,9,352316
35843,0.001761,172.31.36.0-255,66,192007,9,352316
35844,0.00193,74.125.130.0-255,1484,193491,9,352316
35845,0.001952,74.125.130.0-255,1484,194975,9,352316
35846,0.001956,172.31.36.0-255,66,195041,9,352316
35847,0.001962,74.125.130.0-255,2902,197943,9,352316
35848,0.001964,172.31.36.0-255,66,198009,9,352316
35849,0.001975,74.125.130.0-255,5738,203747,9,352316
35850,0.001978,172.31.36.0-255,66,203813,9,352316
35851,0.002022,74.125.130.0-255,7156,210969,9,352316
35852,0.002067,74.125.130.0-255,2902,213871,9,352316
35853,0.002084,74.125.130.0-255,3602,217473,9,352316
35854,0.002091,172.31.36.0-255,66,217539,9,352316
35855,0.002121,74.125.130.0-255,1484,219023,9,352316
35856,0.002133,74.125.130.0-255,2902,221925,9,352316
35857,0.002149,74.125.130.0-255,4320,226245,9,352316
35858,0.002157,172.31.36.0-255,66,226311,9,352316
35859,0.002194,74.125.130.0-255,4320,230631,9,352316
35860,0.002197,74.125.130.0-255,1484,232115,9,352316
35861,0.002218,74.125.130.0-255,4320,236435,9,352316
35862,0.002225,172.31.36.0-255,66,236501,9,352316
35863,0.002263,172.31.36.0-255,66,236567,9,352316
35864,0.002272,74.125.130.0-255,2902,239469,9,352316
35865,0.002277,172.31.36.0-255,66,239535,9,352316
35866,0.002295,74.125.130.0-255,4320,243855,9,352316
35867,0.002319,172.31.36.0-255,66,243921,9,352316
35868,0.004503,74.125.130.0-255,1484,245405,9,352316
35869,0.004538,74.125.130.0-255,4320,249725,9,352316
35870,0.004543,172.31.36.0-255,66,249791,9,352316
35871,0.006783,74.125.130.0-255,5738,255529,9,352316
35872,0.006792,172.31.36.0-255,66,255595,9,352316
35873,0.009026,74.125.130.0-255,5738,261333,9,352316
35874,0.009029,172.31.36.0-255,66,261399,9,352316
35875,0.011268,74.125.130.0-255,5738,267137,9,352316
35876,0.011276,172.31.36.0-255,66,267203,9,352316
35877,0.013515,74.125.130.0-255,5738,272941,9,352316
35878,0.013522,172.31.36.0-255,66,273007,9,352316
35879,0.015755,74.125.130.0-255,5738,278745,9,352316
35880,0.015763,172.31.36.0-255,66,278811,9,352316
35881,0.018004,74.125.130.0-255,5738,284549,9,352316
35882,0.018014,172.31.36.0-255,66,284615,9,352316
35883,0.020257,74.125.130.0-255,5738,290353,9,352316
35884,0.020267,172.31.36.0-255,66,290419,9,352316
35885,0.022529,74.125.130.0-255,5738,296157,9,352316
35886,0.02254,172.31.36.0-255,66,296223,9,352316
35887,0.02478,74.125.130.0-255,5738,301961,9,352316
35888,0.024788,172.31.36.0-255,66,302027,9,352316
35889,0.027024,74.125.130.0-255,5738,307765,9,352316
35890,0.027031,172.31.36.0-255,66,307831,9,352316
35891,0.029276,74.125.130.0-255,5738,313569,9,352316
35892,0.029286,172.31.36.0-255,66,313635,9,352316
35893,0.031531,74.125.130.0-255,5738,319373,9,352316
35894,0.03154,172.31.36.0-255,66,319439,9,352316
35895,0.033782,74.125.130.0-255,5738,325177,9,352316
35896,0.03379,172.31.36.0-255,66,325243,9,352316
35897,0.03603,74.125.130.0-255,5738,330981,9,352316
35898,0.036036,172.31.36.0-255,66,331047,9,352316
35899,0.036227,172.31.36.0-255,172,331219,9,352316
35900,0.036252,172.31.36.0-255,1070,332289,9,352316
35901,0.037746,104.244.42.0-255,66,332355,9,352316
35902,0.037787,104.244.42.0-255,66,332421,9,352316
35903,0.038259,74.125.130.0-255,4320,336741,9,352316
35904,0.038264,172.31.36.0-255,66,336807,9,352316
35905,0.038288,74.125.130.0-255,1484,338291,9,352316
35906,0.038371,104.244.42.0-255,108,338399,9,352316
35907,0.038375,172.31.36.0-255,66,338465,9,352316
35908,0.040503,74.125.130.0-255,4320,342785,9,352316
35909,0.040509,172.31.36.0-255,66,342851,9,352316
35910,0.042755,74.125.130.0-255,5738,348589,9,352316
35911,0.042762,172.31.36.0-255,66,348655,9,352316
35912,0.045001,74.125.130.0-255,3424,352079,9,352316
35913,0.045006,172.31.36.0-255,66,352145,9,352316
35914,0.04517,172.31.36.0-255,105,352250,9,352316
35915,0.047378,74.125.130.0-255,66,352316,9,352316
35916,0.0,172.217.194.0-255,149,149,9,164606
35917,3.5e-05,172.31.36.0-255,66,215,9,164606
35918,4.3e-05,172.217.194.0-255,1484,1699,9,164606
35919,4.8e-05,172.31.36.0-255,66,1765,9,164606
35920,5.3e-05,172.217.194.0-255,2902,4667,9,164606
35921,6.4e-05,172.31.36.0-255,66,4733,9,164606
35922,7.1e-05,172.217.194.0-255,5738,10471,9,164606
35923,7.4e-05,172.31.36.0-255,66,10537,9,164606
35924,0.000105,172.217.194.0-255,3489,14026,9,164606
35925,0.000108,172.31.36.0-255,66,14092,9,164606
35926,0.000267,172.217.194.0-255,1484,15576,9,164606
35927,0.000273,172.31.36.0-255,66,15642,9,164606
35928,0.000278,172.217.194.0-255,2902,18544,9,164606
35929,0.000281,172.31.36.0-255,66,18610,9,164606
35930,0.000316,172.217.194.0-255,2902,21512,9,164606
35931,0.000319,172.31.36.0-255,66,21578,9,164606
35932,0.000349,172.217.194.0-255,2902,24480,9,164606
35933,0.000354,172.31.36.0-255,66,24546,9,164606
35934,0.000357,172.217.194.0-255,1484,26030,9,164606
35935,0.000359,172.31.36.0-255,66,26096,9,164606
35936,0.000366,172.217.194.0-255,5379,31475,9,164606
35937,0.000371,172.31.36.0-255,66,31541,9,164606
35938,0.00043,172.217.194.0-255,1484,33025,9,164606
35939,0.000434,172.31.36.0-255,66,33091,9,164606
35940,0.000447,172.217.194.0-255,2902,35993,9,164606
35941,0.000454,172.31.36.0-255,66,36059,9,164606
35942,0.00046,172.217.194.0-255,4320,40379,9,164606
35943,0.000463,172.31.36.0-255,66,40445,9,164606
35944,0.000494,172.217.194.0-255,1484,41929,9,164606
35945,0.000497,172.31.36.0-255,66,41995,9,164606
35946,0.000514,172.31.36.0-255,66,42061,9,164606
35947,0.000527,172.31.36.0-255,66,42127,9,164606
35948,0.001234,172.217.194.0-255,646,42773,9,164606
35949,0.001268,172.217.194.0-255,1484,44257,9,164606
35950,0.001273,172.31.36.0-255,66,44323,9,164606
35951,0.001282,172.217.194.0-255,4320,48643,9,164606
35952,0.001284,172.31.36.0-255,66,48709,9,164606
35953,0.001327,172.31.36.0-255,66,48775,9,164606
35954,0.001347,172.31.36.0-255,66,48841,9,164606
35955,0.001372,172.217.194.0-255,1484,50325,9,164606
35956,0.001376,172.217.194.0-255,2184,52509,9,164606
35957,0.001379,172.31.36.0-255,66,52575,9,164606
35958,0.001464,172.217.194.0-255,1484,54059,9,164606
35959,0.001471,172.217.194.0-255,2902,56961,9,164606
35960,0.001474,172.31.36.0-255,66,57027,9,164606
35961,0.001481,172.217.194.0-255,5738,62765,9,164606
35962,0.001483,172.31.36.0-255,66,62831,9,164606
35963,0.001559,172.31.36.0-255,66,62897,9,164606
35964,0.001571,172.31.36.0-255,66,62963,9,164606
35965,0.001602,172.217.194.0-255,1484,64447,9,164606
35966,0.001609,172.217.194.0-255,2902,67349,9,164606
35967,0.001612,172.31.36.0-255,66,67415,9,164606
35968,0.001617,172.217.194.0-255,4320,71735,9,164606
35969,0.001619,172.31.36.0-255,66,71801,9,164606
35970,0.001643,172.217.194.0-255,1484,73285,9,164606
35971,0.001647,172.217.194.0-255,1484,74769,9,164606
35972,0.001649,172.31.36.0-255,66,74835,9,164606
35973,0.001653,172.217.194.0-255,2902,77737,9,164606
35974,0.001655,172.31.36.0-255,66,77803,9,164606
35975,0.00169,172.217.194.0-255,5738,83541,9,164606
35976,0.001693,172.31.36.0-255,66,83607,9,164606
35977,0.001712,172.217.194.0-255,4320,87927,9,164606
35978,0.001714,172.31.36.0-255,66,87993,9,164606
35979,0.001755,172.31.36.0-255,66,88059,9,164606
35980,0.00177,172.31.36.0-255,66,88125,9,164606
35981,0.00178,172.217.194.0-255,5738,93863,9,164606
35982,0.001816,172.31.36.0-255,66,93929,9,164606
35983,0.001821,172.31.36.0-255,66,93995,9,164606
35984,0.001847,172.217.194.0-255,1484,95479,9,164606
35985,0.001851,172.217.194.0-255,2902,98381,9,164606
35986,0.001858,172.217.194.0-255,5738,104119,9,164606
35987,0.001865,172.31.36.0-255,66,104185,9,164606
35988,0.001882,172.217.194.0-255,2902,107087,9,164606
35989,0.001897,172.31.36.0-255,66,107153,9,164606
35990,0.001973,172.31.36.0-255,66,107219,9,164606
35991,0.002078,172.217.194.0-255,1484,108703,9,164606
35992,0.002083,172.217.194.0-255,1484,110187,9,164606
35993,0.002095,172.217.194.0-255,1484,111671,9,164606
35994,0.002102,172.31.36.0-255,66,111737,9,164606
35995,0.002111,172.217.194.0-255,1484,113221,9,164606
35996,0.002142,172.217.194.0-255,4320,117541,9,164606
35997,0.002151,172.31.36.0-255,66,117607,9,164606
35998,0.002197,172.217.194.0-255,2184,119791,9,164606
35999,0.002213,172.31.36.0-255,66,119857,9,164606
36000,0.002294,172.217.194.0-255,1484,121341,9,164606
36001,0.00231,172.217.194.0-255,2902,124243,9,164606
36002,0.00232,172.31.36.0-255,66,124309,9,164606
36003,0.002336,172.217.194.0-255,2902,127211,9,164606
36004,0.002355,172.217.194.0-255,2902,130113,9,164606
36005,0.002374,172.217.194.0-255,2902,133015,9,164606
36006,0.002384,172.217.194.0-255,2902,135917,9,164606
36007,0.002388,172.31.36.0-255,66,135983,9,164606
36008,0.002394,172.31.36.0-255,66,136049,9,164606
36009,0.002417,172.217.194.0-255,1484,137533,9,164606
36010,0.002419,172.217.194.0-255,1484,139017,9,164606
36011,0.002508,172.31.36.0-255,66,139083,9,164606
36012,0.002524,172.217.194.0-255,3602,142685,9,164606
36013,0.002551,172.31.36.0-255,66,142751,9,164606
36014,0.002581,172.217.194.0-255,5738,148489,9,164606
36015,0.002584,172.217.194.0-255,2184,150673,9,164606
36016,0.002602,172.31.36.0-255,66,150739,9,164606
36017,0.002645,172.217.194.0-255,4320,155059,9,164606
36018,0.002665,172.217.194.0-255,97,155156,9,164606
36019,0.002676,172.31.36.0-255,66,155222,9,164606
36020,0.002713,172.217.194.0-255,105,155327,9,164606
36021,0.004817,172.31.36.0-255,66,155393,9,164606
36022,0.004854,172.31.36.0-255,105,155498,9,164606
36023,0.007114,172.217.194.0-255,66,155564,9,164606
36024,0.031587,172.31.36.0-255,172,155736,9,164606
36025,0.031633,172.31.36.0-255,1117,156853,9,164606
36026,0.031717,172.31.36.0-255,1514,158367,9,164606
36027,0.03172,172.31.36.0-255,1514,159881,9,164606
36028,0.031726,172.31.36.0-255,1514,161395,9,164606
36029,0.031727,172.31.36.0-255,1514,162909,9,164606
36030,0.031754,172.31.36.0-255,1499,164408,9,164606
36031,0.033152,104.244.42.0-255,66,164474,9,164606
36032,0.033201,104.244.42.0-255,66,164540,9,164606
36033,0.033336,104.244.42.0-255,66,164606,9,164606
36034,0.0,74.125.68.0-255,153,153,9,323162
36035,1.7e-05,172.31.36.0-255,66,219,9,323162
36036,2.4e-05,74.125.68.0-255,1484,1703,9,323162
36037,2.8e-05,172.31.36.0-255,66,1769,9,323162
36038,3.4e-05,74.125.68.0-255,2902,4671,9,323162
36039,3.8e-05,172.31.36.0-255,66,4737,9,323162
36040,4.1e-05,74.125.68.0-255,1484,6221,9,323162
36041,4.5e-05,172.31.36.0-255,66,6287,9,323162
36042,5e-05,74.125.68.0-255,2902,9189,9,323162
36043,5.3e-05,172.31.36.0-255,66,9255,9,323162
36044,8.8e-05,74.125.68.0-255,2902,12157,9,323162
36045,9.1e-05,172.31.36.0-255,66,12223,9,323162
36046,0.000112,74.125.68.0-255,3473,15696,9,323162
36047,0.000114,172.31.36.0-255,66,15762,9,323162
36048,0.000137,74.125.68.0-255,1484,17246,9,323162
36049,0.000139,172.31.36.0-255,66,17312,9,323162
36050,0.000143,74.125.68.0-255,2902,20214,9,323162
36051,0.000146,172.31.36.0-255,66,20280,9,323162
36052,0.000153,74.125.68.0-255,5738,26018,9,323162
36053,0.000156,172.31.36.0-255,66,26084,9,323162
36054,0.000207,74.125.68.0-255,5379,31463,9,323162
36055,0.00021,172.31.36.0-255,66,31529,9,323162
36056,0.000392,74.125.68.0-255,1484,33013,9,323162
36057,0.000396,172.31.36.0-255,66,33079,9,323162
36058,0.000403,74.125.68.0-255,2902,35981,9,323162
36059,0.000405,172.31.36.0-255,66,36047,9,323162
36060,0.000423,74.125.68.0-255,4320,40367,9,323162
36061,0.000427,172.31.36.0-255,66,40433,9,323162
36062,0.00045,74.125.68.0-255,1484,41917,9,323162
36063,0.000453,172.31.36.0-255,66,41983,9,323162
36064,0.000484,172.31.36.0-255,66,42049,9,323162
36065,0.000488,74.125.68.0-255,2902,44951,9,323162
36066,0.000534,172.31.36.0-255,66,45017,9,323162
36067,0.000557,74.125.68.0-255,115,45132,9,323162
36068,0.000583,172.31.36.0-255,66,45198,9,323162
36069,0.000659,74.125.68.0-255,1484,46682,9,323162
36070,0.000676,74.125.68.0-255,2902,49584,9,323162
36071,0.000681,74.125.68.0-255,2902,52486,9,323162
36072,0.000692,172.31.36.0-255,66,52552,9,323162
36073,0.000697,74.125.68.0-255,2902,55454,9,323162
36074,0.000702,172.31.36.0-255,66,55520,9,323162
36075,0.000749,74.125.68.0-255,1484,57004,9,323162
36076,0.000773,172.31.36.0-255,66,57070,9,323162
36077,0.000785,74.125.68.0-255,4320,61390,9,323162
36078,0.000801,74.125.68.0-255,5020,66410,9,323162
36079,0.000803,74.125.68.0-255,332,66742,9,323162
36080,0.000816,172.31.36.0-255,66,66808,9,323162
36081,0.000986,74.125.68.0-255,1484,68292,9,323162
36082,0.000991,74.125.68.0-255,2902,71194,9,323162
36083,0.001013,74.125.68.0-255,5738,76932,9,323162
36084,0.00103,172.31.36.0-255,66,76998,9,323162
36085,0.001036,74.125.68.0-255,4320,81318,9,323162
36086,0.001041,172.31.36.0-255,66,81384,9,323162
36087,0.001084,74.125.68.0-255,2902,84286,9,323162
36088,0.00109,172.31.36.0-255,66,84352,9,323162
36089,0.001112,74.125.68.0-255,4320,88672,9,323162
36090,0.001125,74.125.68.0-255,1484,90156,9,323162
36091,0.00113,172.31.36.0-255,66,90222,9,323162
36092,0.001141,74.125.68.0-255,7156,97378,9,323162
36093,0.001146,74.125.68.0-255,3602,100980,9,323162
36094,0.001151,172.31.36.0-255,66,101046,9,323162
36095,0.001258,74.125.68.0-255,1484,102530,9,323162
36096,0.001306,74.125.68.0-255,1484,104014,9,323162
36097,0.001312,172.31.36.0-255,66,104080,9,323162
36098,0.001325,74.125.68.0-255,2902,106982,9,323162
36099,0.001349,172.31.36.0-255,66,107048,9,323162
36100,0.001354,74.125.68.0-255,2902,109950,9,323162
36101,0.001359,172.31.36.0-255,66,110016,9,323162
36102,0.001367,74.125.68.0-255,1484,111500,9,323162
36103,0.001382,74.125.68.0-255,5738,117238,9,323162
36104,0.0014,74.125.68.0-255,1484,118722,9,323162
36105,0.001404,74.125.68.0-255,2902,121624,9,323162
36106,0.001421,172.31.36.0-255,66,121690,9,323162
36107,0.001426,74.125.68.0-255,2902,124592,9,323162
36108,0.001432,172.31.36.0-255,66,124658,9,323162
36109,0.001441,74.125.68.0-255,2902,127560,9,323162
36110,0.001454,74.125.68.0-255,4320,131880,9,323162
36111,0.001469,74.125.68.0-255,3602,135482,9,323162
36112,0.001479,172.31.36.0-255,66,135548,9,323162
36113,0.001563,74.125.68.0-255,1484,137032,9,323162
36114,0.001603,74.125.68.0-255,1484,138516,9,323162
36115,0.001607,172.31.36.0-255,66,138582,9,323162
36116,0.001612,74.125.68.0-255,2902,141484,9,323162
36117,0.001624,74.125.68.0-255,1484,142968,9,323162
36118,0.00164,74.125.68.0-255,4320,147288,9,323162
36119,0.001643,74.125.68.0-255,1484,148772,9,323162
36120,0.001647,172.31.36.0-255,66,148838,9,323162
36121,0.001658,74.125.68.0-255,2902,151740,9,323162
36122,0.001664,74.125.68.0-255,5738,157478,9,323162
36123,0.001683,172.31.36.0-255,66,157544,9,323162
36124,0.001696,74.125.68.0-255,5738,163282,9,323162
36125,0.001719,74.125.68.0-255,5738,169020,9,323162
36126,0.001722,74.125.68.0-255,766,169786,9,323162
36127,0.001729,172.31.36.0-255,66,169852,9,323162
36128,0.001907,74.125.68.0-255,1484,171336,9,323162
36129,0.001921,74.125.68.0-255,2902,174238,9,323162
36130,0.001925,172.31.36.0-255,66,174304,9,323162
36131,0.001957,74.125.68.0-255,5738,180042,9,323162
36132,0.001964,74.125.68.0-255,7156,187198,9,323162
36133,0.001977,74.125.68.0-255,1484,188682,9,323162
36134,0.001995,74.125.68.0-255,7156,195838,9,323162
36135,0.002011,74.125.68.0-255,4320,200158,9,323162
36136,0.002013,172.31.36.0-255,66,200224,9,323162
36137,0.002023,74.125.68.0-255,3602,203826,9,323162
36138,0.00206,172.31.36.0-255,66,203892,9,323162
36139,0.00209,74.125.68.0-255,1484,205376,9,323162
36140,0.002104,74.125.68.0-255,2902,208278,9,323162
36141,0.002118,74.125.68.0-255,4320,212598,9,323162
36142,0.002135,172.31.36.0-255,66,212664,9,323162
36143,0.002151,74.125.68.0-255,5738,218402,9,323162
36144,0.002172,74.125.68.0-255,2902,221304,9,323162
36145,0.002178,74.125.68.0-255,7156,228460,9,323162
36146,0.002182,74.125.68.0-255,2902,231362,9,323162
36147,0.002202,74.125.68.0-255,5738,237100,9,323162
36148,0.002219,74.125.68.0-255,5020,242120,9,323162
36149,0.002225,74.125.68.0-255,5738,247858,9,323162
36150,0.00226,74.125.68.0-255,1484,249342,9,323162
36151,0.002278,74.125.68.0-255,4320,253662,9,323162
36152,0.002303,74.125.68.0-255,7156,260818,9,323162
36153,0.002308,74.125.68.0-255,4320,265138,9,323162
36154,0.002333,74.125.68.0-255,4320,269458,9,323162
36155,0.002345,74.125.68.0-255,1484,270942,9,323162
36156,0.002382,74.125.68.0-255,4320,275262,9,323162
36157,0.002429,74.125.68.0-255,2902,278164,9,323162
36158,0.002452,74.125.68.0-255,1484,279648,9,323162
36159,0.002482,74.125.68.0-255,4320,283968,9,323162
36160,0.00253,74.125.68.0-255,5738,289706,9,323162
36161,0.002574,74.125.68.0-255,5738,295444,9,323162
36162,0.002603,74.125.68.0-255,5020,300464,9,323162
36163,0.006394,172.31.36.0-255,66,300530,9,323162
36164,0.008997,74.125.68.0-255,5738,306268,9,323162
36165,0.009004,172.31.36.0-255,66,306334,9,323162
36166,0.011591,74.125.68.0-255,5738,312072,9,323162
36167,0.011598,172.31.36.0-255,66,312138,9,323162
36168,0.014192,74.125.68.0-255,1517,313655,9,323162
36169,0.0142,172.31.36.0-255,66,313721,9,323162
36170,0.017451,172.31.36.0-255,105,313826,9,323162
36171,0.020012,74.125.68.0-255,66,313892,9,323162
36172,0.037504,172.31.36.0-255,172,314064,9,323162
36173,0.037538,172.31.36.0-255,1117,315181,9,323162
36174,0.03761,172.31.36.0-255,1514,316695,9,323162
36175,0.037613,172.31.36.0-255,1514,318209,9,323162
36176,0.037614,172.31.36.0-255,1514,319723,9,323162
36177,0.037615,172.31.36.0-255,1514,321237,9,323162
36178,0.037643,172.31.36.0-255,1487,322724,9,323162
36179,0.039035,104.244.42.0-255,66,322790,9,323162
36180,0.039047,104.244.42.0-255,66,322856,9,323162
36181,0.039167,104.244.42.0-255,66,322922,9,323162
36182,0.039214,104.244.42.0-255,66,322988,9,323162
36183,0.039925,104.244.42.0-255,108,323096,9,323162
36184,0.039936,172.31.36.0-255,66,323162,9,323162
36185,0.0,172.217.194.0-255,143,143,9,178432
36186,2.4e-05,172.31.36.0-255,66,209,9,178432
36187,3.1e-05,172.217.194.0-255,1484,1693,9,178432
36188,3.6e-05,172.31.36.0-255,66,1759,9,178432
36189,4.3e-05,172.217.194.0-255,2902,4661,9,178432
36190,4.6e-05,172.31.36.0-255,66,4727,9,178432
36191,5.1e-05,172.217.194.0-255,4320,9047,9,178432
36192,5.5e-05,172.31.36.0-255,66,9113,9,178432
36193,9.1e-05,172.31.36.0-255,66,9179,9,178432
36194,0.000103,172.31.36.0-255,66,9245,9,178432
36195,0.000123,172.217.194.0-255,1125,10370,9,178432
36196,0.000126,172.31.36.0-255,66,10436,9,178432
36197,0.000189,172.217.194.0-255,1484,11920,9,178432
36198,0.000192,172.31.36.0-255,66,11986,9,178432
36199,0.000197,172.217.194.0-255,2902,14888,9,178432
36200,0.000199,172.31.36.0-255,66,14954,9,178432
36201,0.000207,172.217.194.0-255,5738,20692,9,178432
36202,0.00021,172.31.36.0-255,66,20758,9,178432
36203,0.000237,172.217.194.0-255,4320,25078,9,178432
36204,0.00024,172.31.36.0-255,66,25144,9,178432
36205,0.000263,172.217.194.0-255,5379,30523,9,178432
36206,0.000266,172.31.36.0-255,66,30589,9,178432
36207,0.000278,172.31.36.0-255,66,30655,9,178432
36208,0.000321,172.217.194.0-255,4252,34907,9,178432
36209,0.000324,172.31.36.0-255,66,34973,9,178432
36210,0.001256,172.217.194.0-255,99,35072,9,178432
36211,0.001262,172.31.36.0-255,66,35138,9,178432
36212,0.001294,172.217.194.0-255,1484,36622,9,178432
36213,0.001297,172.31.36.0-255,66,36688,9,178432
36214,0.001301,172.217.194.0-255,1484,38172,9,178432
36215,0.00132,172.217.194.0-255,1484,39656,9,178432
36216,0.001327,172.217.194.0-255,5738,45394,9,178432
36217,0.001346,172.31.36.0-255,66,45460,9,178432
36218,0.001358,172.217.194.0-255,4320,49780,9,178432
36219,0.001363,172.31.36.0-255,66,49846,9,178432
36220,0.001408,172.217.194.0-255,766,50612,9,178432
36221,0.001418,172.31.36.0-255,66,50678,9,178432
36222,0.003411,172.217.194.0-255,5738,56416,9,178432
36223,0.003419,172.31.36.0-255,66,56482,9,178432
36224,0.005358,172.217.194.0-255,2902,59384,9,178432
36225,0.005373,172.217.194.0-255,2902,62286,9,178432
36226,0.00652,172.31.36.0-255,66,62352,9,178432
36227,0.008483,172.217.194.0-255,5738,68090,9,178432
36228,0.008492,172.31.36.0-255,66,68156,9,178432
36229,0.010486,172.217.194.0-255,5738,73894,9,178432
36230,0.010498,172.31.36.0-255,66,73960,9,178432
36231,0.012477,172.217.194.0-255,5738,79698,9,178432
36232,0.014311,172.31.36.0-255,66,79764,9,178432
36233,0.016336,172.217.194.0-255,5738,85502,9,178432
36234,0.016351,172.31.36.0-255,66,85568,9,178432
36235,0.018361,172.217.194.0-255,5738,91306,9,178432
36236,0.018377,172.31.36.0-255,66,91372,9,178432
36237,0.020347,172.217.194.0-255,5738,97110,9,178432
36238,0.020358,172.31.36.0-255,66,97176,9,178432
36239,0.022348,172.217.194.0-255,5738,102914,9,178432
36240,0.022361,172.31.36.0-255,66,102980,9,178432
36241,0.024327,172.217.194.0-255,5738,108718,9,178432
36242,0.024342,172.31.36.0-255,66,108784,9,178432
36243,0.02634,172.217.194.0-255,5738,114522,9,178432
36244,0.026351,172.31.36.0-255,66,114588,9,178432
36245,0.028354,172.217.194.0-255,5738,120326,9,178432
36246,0.028374,172.31.36.0-255,66,120392,9,178432
36247,0.030375,172.217.194.0-255,5738,126130,9,178432
36248,0.030396,172.31.36.0-255,66,126196,9,178432
36249,0.032367,172.217.194.0-255,5738,131934,9,178432
36250,0.032388,172.31.36.0-255,66,132000,9,178432
36251,0.034394,172.217.194.0-255,5738,137738,9,178432
36252,0.034415,172.31.36.0-255,66,137804,9,178432
36253,0.036356,172.217.194.0-255,5738,143542,9,178432
36254,0.03743,172.31.36.0-255,66,143608,9,178432
36255,0.039388,172.217.194.0-255,5738,149346,9,178432
36256,0.039403,172.31.36.0-255,66,149412,9,178432
36257,0.041359,172.217.194.0-255,5738,155150,9,178432
36258,0.04137,172.31.36.0-255,66,155216,9,178432
36259,0.043329,172.217.194.0-255,5738,160954,9,178432
36260,0.043339,172.31.36.0-255,66,161020,9,178432
36261,0.045304,172.217.194.0-255,5738,166758,9,178432
36262,0.045313,172.31.36.0-255,66,166824,9,178432
36263,0.047283,172.217.194.0-255,5738,172562,9,178432
36264,0.047293,172.31.36.0-255,66,172628,9,178432
36265,0.049262,172.217.194.0-255,5738,178366,9,178432
36266,0.049271,172.31.36.0-255,66,178432,9,178432
36267,0.0,74.125.200.0-255,295,295,9,365855
36268,2.6e-05,172.31.36.0-255,66,361,9,365855
36269,3.4e-05,74.125.200.0-255,1484,1845,9,365855
36270,3.8e-05,172.31.36.0-255,66,1911,9,365855
36271,4.3e-05,74.125.200.0-255,4320,6231,9,365855
36272,4.5e-05,172.31.36.0-255,66,6297,9,365855
36273,7.8e-05,172.31.36.0-255,66,6363,9,365855
36274,0.000105,74.125.200.0-255,1484,7847,9,365855
36275,0.000107,172.31.36.0-255,66,7913,9,365855
36276,0.000127,74.125.200.0-255,2902,10815,9,365855
36277,0.00013,172.31.36.0-255,66,10881,9,365855
36278,0.000136,74.125.200.0-255,5738,16619,9,365855
36279,0.000138,172.31.36.0-255,66,16685,9,365855
36280,0.000171,74.125.200.0-255,6797,23482,9,365855
36281,0.000174,172.31.36.0-255,66,23548,9,365855
36282,0.000278,74.125.200.0-255,1484,25032,9,365855
36283,0.000282,172.31.36.0-255,66,25098,9,365855
36284,0.000286,74.125.200.0-255,2902,28000,9,365855
36285,0.000289,172.31.36.0-255,66,28066,9,365855
36286,0.000291,74.125.200.0-255,1484,29550,9,365855
36287,0.000293,172.31.36.0-255,66,29616,9,365855
36288,0.000316,74.125.200.0-255,4320,33936,9,365855
36289,0.000319,172.31.36.0-255,66,34002,9,365855
36290,0.000326,74.125.200.0-255,6797,40799,9,365855
36291,0.000328,172.31.36.0-255,66,40865,9,365855
36292,0.00036,74.125.200.0-255,4320,45185,9,365855
36293,0.000364,172.31.36.0-255,66,45251,9,365855
36294,0.000391,172.31.36.0-255,66,45317,9,365855
36295,0.000405,74.125.200.0-255,1484,46801,9,365855
36296,0.000422,172.31.36.0-255,66,46867,9,365855
36297,0.000441,74.125.200.0-255,2900,49767,9,365855
36298,0.000444,172.31.36.0-255,66,49833,9,365855
36299,0.000447,74.125.200.0-255,330,50163,9,365855
36300,0.000685,74.125.200.0-255,1484,51647,9,365855
36301,0.00069,172.31.36.0-255,66,51713,9,365855
36302,0.000694,74.125.200.0-255,1484,53197,9,365855
36303,0.000704,74.125.200.0-255,1484,54681,9,365855
36304,0.000706,172.31.36.0-255,66,54747,9,365855
36305,0.000726,74.125.200.0-255,4320,59067,9,365855
36306,0.000729,172.31.36.0-255,66,59133,9,365855
36307,0.00075,74.125.200.0-255,2902,62035,9,365855
36308,0.000752,172.31.36.0-255,66,62101,9,365855
36309,0.000774,74.125.200.0-255,5738,67839,9,365855
36310,0.000777,172.31.36.0-255,66,67905,9,365855
36311,0.000782,74.125.200.0-255,5738,73643,9,365855
36312,0.000784,172.31.36.0-255,66,73709,9,365855
36313,0.00079,74.125.200.0-255,5738,79447,9,365855
36314,0.000792,172.31.36.0-255,66,79513,9,365855
36315,0.00081,74.125.200.0-255,1484,80997,9,365855
36316,0.000815,74.125.200.0-255,3602,84599,9,365855
36317,0.000817,172.31.36.0-255,66,84665,9,365855
36318,0.001341,74.125.200.0-255,1484,86149,9,365855
36319,0.001349,74.125.200.0-255,2902,89051,9,365855
36320,0.001354,172.31.36.0-255,66,89117,9,365855
36321,0.00136,74.125.200.0-255,5738,94855,9,365855
36322,0.001362,172.31.36.0-255,66,94921,9,365855
36323,0.001393,74.125.200.0-255,1484,96405,9,365855
36324,0.001417,74.125.200.0-255,1484,97889,9,365855
36325,0.001419,172.31.36.0-255,66,97955,9,365855
36326,0.001424,74.125.200.0-255,4320,102275,9,365855
36327,0.001426,172.31.36.0-255,66,102341,9,365855
36328,0.001436,172.31.36.0-255,66,102407,9,365855
36329,0.001441,74.125.200.0-255,4320,106727,9,365855
36330,0.001443,172.31.36.0-255,66,106793,9,365855
36331,0.001466,74.125.200.0-255,1484,108277,9,365855
36332,0.001481,74.125.200.0-255,2184,110461,9,365855
36333,0.001483,172.31.36.0-255,66,110527,9,365855
36334,0.001698,74.125.200.0-255,1484,112011,9,365855
36335,0.00171,74.125.200.0-255,2902,114913,9,365855
36336,0.001712,172.31.36.0-255,66,114979,9,365855
36337,0.001715,74.125.200.0-255,1484,116463,9,365855
36338,0.001729,74.125.200.0-255,1484,117947,9,365855
36339,0.001731,172.31.36.0-255,66,118013,9,365855
36340,0.001736,74.125.200.0-255,4320,122333,9,365855
36341,0.001738,172.31.36.0-255,66,122399,9,365855
36342,0.001756,74.125.200.0-255,4320,126719,9,365855
36343,0.001758,172.31.36.0-255,66,126785,9,365855
36344,0.001773,74.125.200.0-255,4320,131105,9,365855
36345,0.001776,172.31.36.0-255,66,131171,9,365855
36346,0.001785,172.31.36.0-255,66,131237,9,365855
36347,0.001827,74.125.200.0-255,2902,134139,9,365855
36348,0.00183,172.31.36.0-255,66,134205,9,365855
36349,0.001847,74.125.200.0-255,2184,136389,9,365855
36350,0.001849,172.31.36.0-255,66,136455,9,365855
36351,0.001889,74.125.200.0-255,1484,137939,9,365855
36352,0.001903,74.125.200.0-255,2902,140841,9,365855
36353,0.001905,172.31.36.0-255,66,140907,9,365855
36354,0.001929,74.125.200.0-255,5738,146645,9,365855
36355,0.001931,172.31.36.0-255,66,146711,9,365855
36356,0.001935,74.125.200.0-255,2902,149613,9,365855
36357,0.001937,172.31.36.0-255,66,149679,9,365855
36358,0.00194,74.125.200.0-255,1484,151163,9,365855
36359,0.00197,172.31.36.0-255,66,151229,9,365855
36360,0.001973,74.125.200.0-255,1484,152713,9,365855
36361,0.001996,172.31.36.0-255,66,152779,9,365855
36362,0.00206,74.125.200.0-255,1484,154263,9,365855
36363,0.002073,74.125.200.0-255,2902,157165,9,365855
36364,0.002076,172.31.36.0-255,66,157231,9,365855
36365,0.002078,74.125.200.0-255,1484,158715,9,365855
36366,0.002092,74.125.200.0-255,2902,161617,9,365855
36367,0.002095,172.31.36.0-255,66,161683,9,365855
36368,0.002118,74.125.200.0-255,5738,167421,9,365855
36369,0.002121,172.31.36.0-255,66,167487,9,365855
36370,0.002145,172.31.36.0-255,66,167553,9,365855
36371,0.002148,74.125.200.0-255,1484,169037,9,365855
36372,0.002164,74.125.200.0-255,4320,173357,9,365855
36373,0.002166,172.31.36.0-255,66,173423,9,365855
36374,0.002191,74.125.200.0-255,4320,177743,9,365855
36375,0.002193,172.31.36.0-255,66,177809,9,365855
36376,0.002195,74.125.200.0-255,766,178575,9,365855
36377,0.00221,74.125.200.0-255,1484,180059,9,365855
36378,0.002212,172.31.36.0-255,66,180125,9,365855
36379,0.002229,74.125.200.0-255,1484,181609,9,365855
36380,0.002243,74.125.200.0-255,2902,184511,9,365855
36381,0.002245,172.31.36.0-255,66,184577,9,365855
36382,0.002269,74.125.200.0-255,2902,187479,9,365855
36383,0.002271,172.31.36.0-255,66,187545,9,365855
36384,0.002288,74.125.200.0-255,1484,189029,9,365855
36385,0.002298,74.125.200.0-255,1484,190513,9,365855
36386,0.0023,172.31.36.0-255,66,190579,9,365855
36387,0.002319,74.125.200.0-255,4320,194899,9,365855
36388,0.002321,172.31.36.0-255,66,194965,9,365855
36389,0.002324,74.125.200.0-255,1484,196449,9,365855
36390,0.002326,74.125.200.0-255,1484,197933,9,365855
36391,0.002328,172.31.36.0-255,66,197999,9,365855
36392,0.002358,74.125.200.0-255,4320,202319,9,365855
36393,0.002361,172.31.36.0-255,66,202385,9,365855
36394,0.002366,74.125.200.0-255,5738,208123,9,365855
36395,0.002368,172.31.36.0-255,66,208189,9,365855
36396,0.002402,74.125.200.0-255,5020,213209,9,365855
36397,0.002405,172.31.36.0-255,66,213275,9,365855
36398,0.002498,74.125.200.0-255,1484,214759,9,365855
36399,0.002513,74.125.200.0-255,1484,216243,9,365855
36400,0.002515,172.31.36.0-255,66,216309,9,365855
36401,0.002519,74.125.200.0-255,1484,217793,9,365855
36402,0.002531,74.125.200.0-255,2902,220695,9,365855
36403,0.002534,172.31.36.0-255,66,220761,9,365855
36404,0.002548,74.125.200.0-255,4320,225081,9,365855
36405,0.00255,172.31.36.0-255,66,225147,9,365855
36406,0.002578,74.125.200.0-255,1484,226631,9,365855
36407,0.002581,74.125.200.0-255,1484,228115,9,365855
36408,0.002583,172.31.36.0-255,66,228181,9,365855
36409,0.002589,74.125.200.0-255,5738,233919,9,365855
36410,0.002591,74.125.200.0-255,1484,235403,9,365855
36411,0.002596,74.125.200.0-255,4320,239723,9,365855
36412,0.002646,74.125.200.0-255,1484,241207,9,365855
36413,0.00265,74.125.200.0-255,4320,245527,9,365855
36414,0.002664,74.125.200.0-255,2184,247711,9,365855
36415,0.002743,74.125.200.0-255,1484,249195,9,365855
36416,0.002758,74.125.200.0-255,2902,252097,9,365855
36417,0.002771,74.125.200.0-255,1484,253581,9,365855
36418,0.002786,74.125.200.0-255,4320,257901,9,365855
36419,0.002808,74.125.200.0-255,5738,263639,9,365855
36420,0.002812,74.125.200.0-255,4320,267959,9,365855
36421,0.002822,74.125.200.0-255,2902,270861,9,365855
36422,0.002842,74.125.200.0-255,2902,273763,9,365855
36423,0.00297,74.125.200.0-255,1484,275247,9,365855
36424,0.002989,74.125.200.0-255,2902,278149,9,365855
36425,0.003022,74.125.200.0-255,1484,279633,9,365855
36426,0.003039,74.125.200.0-255,2902,282535,9,365855
36427,0.003045,74.125.200.0-255,4320,286855,9,365855
36428,0.003061,74.125.200.0-255,1484,288339,9,365855
36429,0.003088,74.125.200.0-255,7156,295495,9,365855
36430,0.003105,74.125.200.0-255,5738,301233,9,365855
36431,0.003118,74.125.200.0-255,2902,304135,9,365855
36432,0.003133,74.125.200.0-255,3602,307737,9,365855
36433,0.003563,74.125.200.0-255,1484,309221,9,365855
36434,0.003581,74.125.200.0-255,2902,312123,9,365855
36435,0.003602,74.125.200.0-255,1484,313607,9,365855
36436,0.003621,74.125.200.0-255,1484,315091,9,365855
36437,0.003654,74.125.200.0-255,2902,317993,9,365855
36438,0.003658,74.125.200.0-255,1484,319477,9,365855
36439,0.003685,74.125.200.0-255,5738,325215,9,365855
36440,0.003705,74.125.200.0-255,2902,328117,9,365855
36441,0.003708,74.125.200.0-255,1484,329601,9,365855
36442,0.003726,74.125.200.0-255,2902,332503,9,365855
36443,0.00375,74.125.200.0-255,2902,335405,9,365855
36444,0.003761,74.125.200.0-255,4320,339725,9,365855
36445,0.003803,74.125.200.0-255,4320,344045,9,365855
36446,0.00382,74.125.200.0-255,3602,347647,9,365855
36447,0.003833,74.125.200.0-255,1484,349131,9,365855
36448,0.00386,74.125.200.0-255,6600,355731,9,365855
36449,0.003864,74.125.200.0-255,97,355828,9,365855
36450,0.003892,74.125.200.0-255,105,355933,9,365855
36451,0.004077,74.125.200.0-255,129,356062,9,365855
36452,0.008881,172.31.36.0-255,66,356128,9,365855
36453,0.012093,172.31.36.0-255,105,356233,9,365855
36454,0.012121,172.31.36.0-255,105,356338,9,365855
36455,0.01239,172.31.36.0-255,90,356428,9,365855
36456,0.0124,172.31.36.0-255,66,356494,9,365855
36457,0.014265,74.125.200.0-255,66,356560,9,365855
36458,0.014279,74.125.200.0-255,66,356626,9,365855
36459,0.014566,74.125.200.0-255,66,356692,9,365855
36460,0.014582,74.125.200.0-255,66,356758,9,365855
36461,0.014591,172.31.36.0-255,66,356824,9,365855
36462,0.031827,172.31.36.0-255,176,357000,9,365855
36463,0.031862,172.31.36.0-255,1115,358115,9,365855
36464,0.031907,172.31.36.0-255,1514,359629,9,365855
36465,0.031909,172.31.36.0-255,1514,361143,9,365855
36466,0.03191,172.31.36.0-255,1514,362657,9,365855
36467,0.031912,172.31.36.0-255,1514,364171,9,365855
36468,0.031914,172.31.36.0-255,1486,365657,9,365855
36469,0.033389,104.244.42.0-255,66,365723,9,365855
36470,0.033466,104.244.42.0-255,66,365789,9,365855
36471,0.033511,104.244.42.0-255,66,365855,9,365855
36472,0.0,172.31.36.0-255,105,105,9,105
36473,0.0,172.217.194.0-255,153,153,9,302242
36474,2.2e-05,172.31.36.0-255,66,219,9,302242
36475,3e-05,172.217.194.0-255,1484,1703,9,302242
36476,3.4e-05,172.31.36.0-255,66,1769,9,302242
36477,4e-05,172.217.194.0-255,2902,4671,9,302242
36478,4.3e-05,172.31.36.0-255,66,4737,9,302242
36479,5e-05,172.217.194.0-255,5738,10475,9,302242
36480,5.2e-05,172.31.36.0-255,66,10541,9,302242
36481,5.6e-05,172.217.194.0-255,1484,12025,9,302242
36482,5.8e-05,172.31.36.0-255,66,12091,9,302242
36483,9.9e-05,172.31.36.0-255,66,12157,9,302242
36484,0.000106,172.217.194.0-255,6797,18954,9,302242
36485,0.000108,172.31.36.0-255,66,19020,9,302242
36486,0.000155,172.217.194.0-255,1484,20504,9,302242
36487,0.000159,172.31.36.0-255,66,20570,9,302242
36488,0.000164,172.217.194.0-255,2902,23472,9,302242
36489,0.000166,172.31.36.0-255,66,23538,9,302242
36490,0.00017,172.217.194.0-255,2902,26440,9,302242
36491,0.000172,172.31.36.0-255,66,26506,9,302242
36492,0.000185,172.217.194.0-255,2902,29408,9,302242
36493,0.000188,172.31.36.0-255,66,29474,9,302242
36494,0.000191,172.217.194.0-255,1484,30958,9,302242
36495,0.000194,172.31.36.0-255,66,31024,9,302242
36496,0.000223,172.217.194.0-255,4320,35344,9,302242
36497,0.000226,172.31.36.0-255,66,35410,9,302242
36498,0.000239,172.31.36.0-255,66,35476,9,302242
36499,0.000245,172.217.194.0-255,5294,40770,9,302242
36500,0.000247,172.31.36.0-255,66,40836,9,302242
36501,0.000269,172.217.194.0-255,114,40950,9,302242
36502,0.000272,172.31.36.0-255,66,41016,9,302242
36503,0.000394,172.217.194.0-255,1484,42500,9,302242
36504,0.000401,172.217.194.0-255,2902,45402,9,302242
36505,0.000411,172.31.36.0-255,66,45468,9,302242
36506,0.000419,172.217.194.0-255,2902,48370,9,302242
36507,0.00043,172.31.36.0-255,66,48436,9,302242
36508,0.000432,172.217.194.0-255,2902,51338,9,302242
36509,0.000436,172.217.194.0-255,2902,54240,9,302242
36510,0.00045,172.217.194.0-255,2902,57142,9,302242
36511,0.000452,172.31.36.0-255,66,57208,9,302242
36512,0.000452,172.217.194.0-255,1484,58692,9,302242
36513,0.000457,172.31.36.0-255,66,58758,9,302242
36514,0.000487,172.31.36.0-255,66,58824,9,302242
36515,0.000509,172.217.194.0-255,4760,63584,9,302242
36516,0.000513,172.31.36.0-255,66,63650,9,302242
36517,0.000557,172.31.36.0-255,66,63716,9,302242
36518,0.000593,172.31.36.0-255,66,63782,9,302242
36519,0.000635,172.217.194.0-255,1484,65266,9,302242
36520,0.000639,172.217.194.0-255,1484,66750,9,302242
36521,0.000651,172.217.194.0-255,1484,68234,9,302242
36522,0.000653,172.31.36.0-255,66,68300,9,302242
36523,0.000656,172.217.194.0-255,4320,72620,9,302242
36524,0.000669,172.31.36.0-255,66,72686,9,302242
36525,0.000672,172.217.194.0-255,1484,74170,9,302242
36526,0.000678,172.217.194.0-255,4320,78490,9,302242
36527,0.000683,172.31.36.0-255,66,78556,9,302242
36528,0.000703,172.217.194.0-255,2902,81458,9,302242
36529,0.00071,172.31.36.0-255,66,81524,9,302242
36530,0.000723,172.217.194.0-255,4320,85844,9,302242
36531,0.000742,172.217.194.0-255,3602,89446,9,302242
36532,0.000754,172.31.36.0-255,66,89512,9,302242
36533,0.001077,172.217.194.0-255,1484,90996,9,302242
36534,0.001082,172.217.194.0-255,2902,93898,9,302242
36535,0.001086,172.31.36.0-255,66,93964,9,302242
36536,0.001107,172.217.194.0-255,5738,99702,9,302242
36537,0.001114,172.31.36.0-255,66,99768,9,302242
36538,0.001139,172.31.36.0-255,66,99834,9,302242
36539,0.001202,172.31.36.0-255,66,99900,9,302242
36540,0.001611,172.217.194.0-255,1484,101384,9,302242
36541,0.00163,172.217.194.0-255,2902,104286,9,302242
36542,0.001634,172.31.36.0-255,66,104352,9,302242
36543,0.001657,172.217.194.0-255,5738,110090,9,302242
36544,0.001661,172.31.36.0-255,66,110156,9,302242
36545,0.001687,172.217.194.0-255,4320,114476,9,302242
36546,0.001695,172.31.36.0-255,66,114542,9,302242
36547,0.001701,172.217.194.0-255,2902,117444,9,302242
36548,0.001709,172.31.36.0-255,66,117510,9,302242
36549,0.001713,172.217.194.0-255,1484,118994,9,302242
36550,0.001743,172.217.194.0-255,2184,121178,9,302242
36551,0.001751,172.31.36.0-255,66,121244,9,302242
36552,0.001781,172.217.194.0-255,1484,122728,9,302242
36553,0.001798,172.217.194.0-255,2902,125630,9,302242
36554,0.0018,172.217.194.0-255,1484,127114,9,302242
36555,0.001805,172.31.36.0-255,66,127180,9,302242
36556,0.001822,172.217.194.0-255,4320,131500,9,302242
36557,0.001827,172.217.194.0-255,2902,134402,9,302242
36558,0.001833,172.31.36.0-255,66,134468,9,302242
36559,0.001844,172.217.194.0-255,4320,138788,9,302242
36560,0.001847,172.31.36.0-255,66,138854,9,302242
36561,0.00185,172.217.194.0-255,1484,140338,9,302242
36562,0.00189,172.217.194.0-255,2184,142522,9,302242
36563,0.00189,172.31.36.0-255,66,142588,9,302242
36564,0.001895,172.31.36.0-255,66,142654,9,302242
36565,0.002115,172.217.194.0-255,1484,144138,9,302242
36566,0.002121,172.217.194.0-255,2902,147040,9,302242
36567,0.002124,172.31.36.0-255,66,147106,9,302242
36568,0.002148,172.217.194.0-255,5738,152844,9,302242
36569,0.002152,172.31.36.0-255,66,152910,9,302242
36570,0.002186,172.217.194.0-255,2902,155812,9,302242
36571,0.00219,172.31.36.0-255,66,155878,9,302242
36572,0.002225,172.31.36.0-255,66,155944,9,302242
36573,0.002239,172.217.194.0-255,2902,158846,9,302242
36574,0.002249,172.31.36.0-255,66,158912,9,302242
36575,0.002256,172.217.194.0-255,7156,166068,9,302242
36576,0.002272,172.31.36.0-255,66,166134,9,302242
36577,0.002276,172.217.194.0-255,766,166900,9,302242
36578,0.002333,172.217.194.0-255,1484,168384,9,302242
36579,0.002336,172.31.36.0-255,66,168450,9,302242
36580,0.00234,172.217.194.0-255,1484,169934,9,302242
36581,0.002354,172.217.194.0-255,1484,171418,9,302242
36582,0.002359,172.217.194.0-255,4320,175738,9,302242
36583,0.002368,172.31.36.0-255,66,175804,9,302242
36584,0.002374,172.217.194.0-255,1484,177288,9,302242
36585,0.002378,172.217.194.0-255,2902,180190,9,302242
36586,0.002381,172.31.36.0-255,66,180256,9,302242
36587,0.004697,172.217.194.0-255,2902,183158,9,302242
36588,0.004704,172.31.36.0-255,66,183224,9,302242
36589,0.004721,172.217.194.0-255,2902,186126,9,302242
36590,0.006428,172.31.36.0-255,66,186192,9,302242
36591,0.007045,172.217.194.0-255,2902,189094,9,302242
36592,0.00705,172.31.36.0-255,66,189160,9,302242
36593,0.008774,172.217.194.0-255,2902,192062,9,302242
36594,0.008779,172.31.36.0-255,66,192128,9,302242
36595,0.009384,172.217.194.0-255,2902,195030,9,302242
36596,0.00939,172.31.36.0-255,66,195096,9,302242
36597,0.011109,172.217.194.0-255,2902,197998,9,302242
36598,0.011115,172.31.36.0-255,66,198064,9,302242
36599,0.011738,172.217.194.0-255,2902,200966,9,302242
36600,0.01307,172.31.36.0-255,66,201032,9,302242
36601,0.01347,172.217.194.0-255,2902,203934,9,302242
36602,0.013477,172.31.36.0-255,66,204000,9,302242
36603,0.015475,172.217.194.0-255,2902,206902,9,302242
36604,0.015483,172.31.36.0-255,66,206968,9,302242
36605,0.015841,172.217.194.0-255,2902,209870,9,302242
36606,0.016561,172.31.36.0-255,66,209936,9,302242
36607,0.01786,172.217.194.0-255,2902,212838,9,302242
36608,0.017868,172.31.36.0-255,66,212904,9,302242
36609,0.018918,172.217.194.0-255,2902,215806,9,302242
36610,0.018928,172.31.36.0-255,66,215872,9,302242
36611,0.020217,172.217.194.0-255,2902,218774,9,302242
36612,0.020224,172.31.36.0-255,66,218840,9,302242
36613,0.021308,172.217.194.0-255,2902,221742,9,302242
36614,0.021315,172.31.36.0-255,66,221808,9,302242
36615,0.022573,172.217.194.0-255,2902,224710,9,302242
36616,0.022579,172.31.36.0-255,66,224776,9,302242
36617,0.023654,172.217.194.0-255,2902,227678,9,302242
36618,0.02366,172.31.36.0-255,66,227744,9,302242
36619,0.024922,172.217.194.0-255,2902,230646,9,302242
36620,0.024929,172.31.36.0-255,66,230712,9,302242
36621,0.026018,172.217.194.0-255,2902,233614,9,302242
36622,0.026024,172.31.36.0-255,66,233680,9,302242
36623,0.027279,172.217.194.0-255,2902,236582,9,302242
36624,0.027286,172.31.36.0-255,66,236648,9,302242
36625,0.028415,172.217.194.0-255,2902,239550,9,302242
36626,0.028423,172.31.36.0-255,66,239616,9,302242
36627,0.029627,172.217.194.0-255,2902,242518,9,302242
36628,0.029634,172.31.36.0-255,66,242584,9,302242
36629,0.030758,172.217.194.0-255,2902,245486,9,302242
36630,0.030764,172.31.36.0-255,66,245552,9,302242
36631,0.03195,172.217.194.0-255,2902,248454,9,302242
36632,0.031956,172.31.36.0-255,66,248520,9,302242
36633,0.033089,172.217.194.0-255,2902,251422,9,302242
36634,0.033096,172.31.36.0-255,66,251488,9,302242
36635,0.034304,172.217.194.0-255,2902,254390,9,302242
36636,0.034311,172.31.36.0-255,66,254456,9,302242
36637,0.035429,172.217.194.0-255,2902,257358,9,302242
36638,0.035436,172.31.36.0-255,66,257424,9,302242
36639,0.036673,172.217.194.0-255,2902,260326,9,302242
36640,0.036679,172.31.36.0-255,66,260392,9,302242
36641,0.037782,172.217.194.0-255,2902,263294,9,302242
36642,0.037789,172.31.36.0-255,66,263360,9,302242
36643,0.039019,172.217.194.0-255,2902,266262,9,302242
36644,0.039026,172.31.36.0-255,66,266328,9,302242
36645,0.039827,172.31.36.0-255,172,266500,9,302242
36646,0.039854,172.31.36.0-255,1117,267617,9,302242
36647,0.039905,172.31.36.0-255,1514,269131,9,302242
36648,0.039907,172.31.36.0-255,1514,270645,9,302242
36649,0.039908,172.31.36.0-255,1514,272159,9,302242
36650,0.039909,172.31.36.0-255,1514,273673,9,302242
36651,0.039936,172.31.36.0-255,1485,275158,9,302242
36652,0.040109,172.217.194.0-255,2902,278060,9,302242
36653,0.040115,172.31.36.0-255,66,278126,9,302242
36654,0.041354,104.244.42.0-255,66,278192,9,302242
36655,0.041366,172.217.194.0-255,2902,281094,9,302242
36656,0.04137,172.31.36.0-255,66,281160,9,302242
36657,0.041414,104.244.42.0-255,66,281226,9,302242
36658,0.041465,104.244.42.0-255,66,281292,9,302242
36659,0.042441,172.217.194.0-255,2902,284194,9,302242
36660,0.042447,172.31.36.0-255,66,284260,9,302242
36661,0.043216,104.244.42.0-255,108,284368,9,302242
36662,0.043234,172.31.36.0-255,66,284434,9,302242
36663,0.043713,172.217.194.0-255,2902,287336,9,302242
36664,0.043717,172.31.36.0-255,66,287402,9,302242
36665,0.044775,172.217.194.0-255,2902,290304,9,302242
36666,0.04478,172.31.36.0-255,66,290370,9,302242
36667,0.046041,172.217.194.0-255,2902,293272,9,302242
36668,0.046047,172.31.36.0-255,66,293338,9,302242
36669,0.047117,172.217.194.0-255,2902,296240,9,302242
36670,0.047122,172.31.36.0-255,66,296306,9,302242
36671,0.048386,172.217.194.0-255,2902,299208,9,302242
36672,0.048391,172.31.36.0-255,66,299274,9,302242
36673,0.049478,172.217.194.0-255,2902,302176,9,302242
36674,0.049485,172.31.36.0-255,66,302242,9,302242
36675,0.0,74.125.24.0-255,167,167,9,250234
36676,2.4e-05,172.31.36.0-255,66,233,9,250234
36677,3.2e-05,74.125.24.0-255,1484,1717,9,250234
36678,3.6e-05,172.31.36.0-255,66,1783,9,250234
36679,4.2e-05,74.125.24.0-255,2902,4685,9,250234
36680,4.6e-05,172.31.36.0-255,66,4751,9,250234
36681,5.4e-05,74.125.24.0-255,7156,11907,9,250234
36682,5.7e-05,172.31.36.0-255,66,11973,9,250234
36683,6.2e-05,74.125.24.0-255,2028,14001,9,250234
36684,6.5e-05,172.31.36.0-255,66,14067,9,250234
36685,0.00011,74.125.24.0-255,1484,15551,9,250234
36686,0.000112,172.31.36.0-255,66,15617,9,250234
36687,0.000118,74.125.24.0-255,2902,18519,9,250234
36688,0.000121,172.31.36.0-255,66,18585,9,250234
36689,0.000126,74.125.24.0-255,2902,21487,9,250234
36690,0.000128,172.31.36.0-255,66,21553,9,250234
36691,0.000147,74.125.24.0-255,2902,24455,9,250234
36692,0.00015,172.31.36.0-255,66,24521,9,250234
36693,0.000199,74.125.24.0-255,7156,31677,9,250234
36694,0.000202,172.31.36.0-255,66,31743,9,250234
36695,0.000219,74.125.24.0-255,6797,38540,9,250234
36696,0.000221,172.31.36.0-255,66,38606,9,250234
36697,0.000234,172.31.36.0-255,66,38672,9,250234
36698,0.000238,74.125.24.0-255,2902,41574,9,250234
36699,0.00024,172.31.36.0-255,66,41640,9,250234
36700,0.000268,74.125.24.0-255,2902,44542,9,250234
36701,0.000271,172.31.36.0-255,66,44608,9,250234
36702,0.000278,74.125.24.0-255,7156,51764,9,250234
36703,0.000281,172.31.36.0-255,66,51830,9,250234
36704,0.000286,74.125.24.0-255,3961,55791,9,250234
36705,0.000289,172.31.36.0-255,66,55857,9,250234
36706,0.000309,74.125.24.0-255,402,56259,9,250234
36707,0.000399,74.125.24.0-255,110,56369,9,250234
36708,0.000556,74.125.24.0-255,1484,57853,9,250234
36709,0.000561,172.31.36.0-255,66,57919,9,250234
36710,0.000566,74.125.24.0-255,2902,60821,9,250234
36711,0.000568,172.31.36.0-255,66,60887,9,250234
36712,0.000575,74.125.24.0-255,5738,66625,9,250234
36713,0.000577,172.31.36.0-255,66,66691,9,250234
36714,0.00058,74.125.24.0-255,1484,68175,9,250234
36715,0.000613,74.125.24.0-255,5379,73554,9,250234
36716,0.000616,172.31.36.0-255,66,73620,9,250234
36717,0.000623,74.125.24.0-255,7156,80776,9,250234
36718,0.000625,172.31.36.0-255,66,80842,9,250234
36719,0.000651,172.31.36.0-255,66,80908,9,250234
36720,0.001002,74.125.24.0-255,1484,82392,9,250234
36721,0.001009,74.125.24.0-255,2902,85294,9,250234
36722,0.001012,172.31.36.0-255,66,85360,9,250234
36723,0.001016,74.125.24.0-255,1484,86844,9,250234
36724,0.001036,74.125.24.0-255,4320,91164,9,250234
36725,0.001039,172.31.36.0-255,66,91230,9,250234
36726,0.001047,74.125.24.0-255,7156,98386,9,250234
36727,0.001049,172.31.36.0-255,66,98452,9,250234
36728,0.001067,74.125.24.0-255,5738,104190,9,250234
36729,0.00107,172.31.36.0-255,66,104256,9,250234
36730,0.001104,74.125.24.0-255,2184,106440,9,250234
36731,0.001109,172.31.36.0-255,66,106506,9,250234
36732,0.001117,172.31.36.0-255,66,106572,9,250234
36733,0.001495,74.125.24.0-255,1484,108056,9,250234
36734,0.001501,74.125.24.0-255,2902,110958,9,250234
36735,0.001505,172.31.36.0-255,66,111024,9,250234
36736,0.001529,74.125.24.0-255,5738,116762,9,250234
36737,0.001532,172.31.36.0-255,66,116828,9,250234
36738,0.001559,172.31.36.0-255,66,116894,9,250234
36739,0.001563,74.125.24.0-255,2902,119796,9,250234
36740,0.001566,172.31.36.0-255,66,119862,9,250234
36741,0.001595,74.125.24.0-255,2184,122046,9,250234
36742,0.001599,172.31.36.0-255,66,122112,9,250234
36743,0.001606,172.31.36.0-255,66,122178,9,250234
36744,0.001636,74.125.24.0-255,2902,125080,9,250234
36745,0.001639,172.31.36.0-255,66,125146,9,250234
36746,0.001646,74.125.24.0-255,7156,132302,9,250234
36747,0.001648,172.31.36.0-255,66,132368,9,250234
36748,0.001672,172.31.36.0-255,66,132434,9,250234
36749,0.001693,74.125.24.0-255,2902,135336,9,250234
36750,0.001696,172.31.36.0-255,66,135402,9,250234
36751,0.001701,74.125.24.0-255,4320,139722,9,250234
36752,0.001703,172.31.36.0-255,66,139788,9,250234
36753,0.001728,172.31.36.0-255,66,139854,9,250234
36754,0.001768,74.125.24.0-255,1484,141338,9,250234
36755,0.001773,74.125.24.0-255,2902,144240,9,250234
36756,0.001776,172.31.36.0-255,66,144306,9,250234
36757,0.001779,74.125.24.0-255,1484,145790,9,250234
36758,0.001797,74.125.24.0-255,4320,150110,9,250234
36759,0.0018,172.31.36.0-255,66,150176,9,250234
36760,0.001805,74.125.24.0-255,4320,154496,9,250234
36761,0.001808,172.31.36.0-255,66,154562,9,250234
36762,0.001864,172.31.36.0-255,66,154628,9,250234
36763,0.00187,74.125.24.0-255,3602,158230,9,250234
36764,0.001872,172.31.36.0-255,66,158296,9,250234
36765,0.001953,74.125.24.0-255,1484,159780,9,250234
36766,0.001959,74.125.24.0-255,2902,162682,9,250234
36767,0.001962,172.31.36.0-255,66,162748,9,250234
36768,0.001969,74.125.24.0-255,5738,168486,9,250234
36769,0.001971,172.31.36.0-255,66,168552,9,250234
36770,0.002011,172.31.36.0-255,66,168618,9,250234
36771,0.002018,74.125.24.0-255,7156,175774,9,250234
36772,0.00202,172.31.36.0-255,66,175840,9,250234
36773,0.002053,74.125.24.0-255,3602,179442,9,250234
36774,0.002056,172.31.36.0-255,66,179508,9,250234
36775,0.002095,74.125.24.0-255,1484,180992,9,250234
36776,0.002113,74.125.24.0-255,2902,183894,9,250234
36777,0.002116,172.31.36.0-255,66,183960,9,250234
36778,0.002122,74.125.24.0-255,5738,189698,9,250234
36779,0.002124,172.31.36.0-255,66,189764,9,250234
36780,0.002141,74.125.24.0-255,4320,194084,9,250234
36781,0.002143,172.31.36.0-255,66,194150,9,250234
36782,0.002161,74.125.24.0-255,7156,201306,9,250234
36783,0.002163,172.31.36.0-255,66,201372,9,250234
36784,0.002169,74.125.24.0-255,4320,205692,9,250234
36785,0.002171,172.31.36.0-255,66,205758,9,250234
36786,0.002204,74.125.24.0-255,4320,210078,9,250234
36787,0.002208,172.31.36.0-255,66,210144,9,250234
36788,0.002241,172.31.36.0-255,66,210210,9,250234
36789,0.002253,172.31.36.0-255,66,210276,9,250234
36790,0.002271,74.125.24.0-255,7156,217432,9,250234
36791,0.002297,74.125.24.0-255,2902,220334,9,250234
36792,0.002345,74.125.24.0-255,1484,221818,9,250234
36793,0.002352,74.125.24.0-255,6438,228256,9,250234
36794,0.002437,74.125.24.0-255,7156,235412,9,250234
36795,0.002497,74.125.24.0-255,5453,240865,9,250234
36796,0.0025,74.125.24.0-255,105,240970,9,250234
36797,0.008958,172.31.36.0-255,66,241036,9,250234
36798,0.011407,172.31.36.0-255,105,241141,9,250234
36799,0.01405,74.125.24.0-255,66,241207,9,250234
36800,0.035364,172.31.36.0-255,172,241379,9,250234
36801,0.035395,172.31.36.0-255,1115,242494,9,250234
36802,0.035466,172.31.36.0-255,1514,244008,9,250234
36803,0.035468,172.31.36.0-255,1514,245522,9,250234
36804,0.035469,172.31.36.0-255,1514,247036,9,250234
36805,0.03547,172.31.36.0-255,1514,248550,9,250234
36806,0.035472,172.31.36.0-255,1486,250036,9,250234
36807,0.036887,104.244.42.0-255,66,250102,9,250234
36808,0.036898,104.244.42.0-255,66,250168,9,250234
36809,0.03702,104.244.42.0-255,66,250234,9,250234
36810,0.0,74.125.24.0-255,153,153,9,210261
36811,3.2e-05,172.31.36.0-255,66,219,9,210261
36812,3.9e-05,74.125.24.0-255,1484,1703,9,210261
36813,4.4e-05,172.31.36.0-255,66,1769,9,210261
36814,4.9e-05,74.125.24.0-255,2902,4671,9,210261
36815,5.2e-05,172.31.36.0-255,66,4737,9,210261
36816,5.9e-05,74.125.24.0-255,7156,11893,9,210261
36817,6.2e-05,172.31.36.0-255,66,11959,9,210261
36818,9.1e-05,172.31.36.0-255,66,12025,9,210261
36819,0.000106,74.125.24.0-255,2077,14102,9,210261
36820,0.00011,172.31.36.0-255,66,14168,9,210261
36821,0.000117,74.125.24.0-255,4320,18488,9,210261
36822,0.000119,172.31.36.0-255,66,18554,9,210261
36823,0.00014,74.125.24.0-255,2543,21097,9,210261
36824,0.000143,172.31.36.0-255,66,21163,9,210261
36825,0.000239,74.125.24.0-255,1484,22647,9,210261
36826,0.000243,172.31.36.0-255,66,22713,9,210261
36827,0.000247,74.125.24.0-255,1484,24197,9,210261
36828,0.00025,172.31.36.0-255,66,24263,9,210261
36829,0.000262,74.125.24.0-255,1484,25747,9,210261
36830,0.000265,172.31.36.0-255,66,25813,9,210261
36831,0.000271,74.125.24.0-255,5738,31551,9,210261
36832,0.000274,172.31.36.0-255,66,31617,9,210261
36833,0.000279,74.125.24.0-255,2902,34519,9,210261
36834,0.000281,172.31.36.0-255,66,34585,9,210261
36835,0.000301,74.125.24.0-255,3961,38546,9,210261
36836,0.000305,172.31.36.0-255,66,38612,9,210261
36837,0.000328,74.125.24.0-255,4320,42932,9,210261
36838,0.000332,172.31.36.0-255,66,42998,9,210261
36839,0.000366,172.31.36.0-255,66,43064,9,210261
36840,0.00037,74.125.24.0-255,2543,45607,9,210261
36841,0.000373,172.31.36.0-255,66,45673,9,210261
36842,0.000494,74.125.24.0-255,393,46066,9,210261
36843,0.000809,172.31.36.0-255,66,46132,9,210261
36844,0.001029,74.125.24.0-255,349,46481,9,210261
36845,0.001311,74.125.24.0-255,1484,47965,9,210261
36846,0.001318,172.31.36.0-255,66,48031,9,210261
36847,0.001324,74.125.24.0-255,2902,50933,9,210261
36848,0.001326,172.31.36.0-255,66,50999,9,210261
36849,0.001331,74.125.24.0-255,2902,53901,9,210261
36850,0.001333,172.31.36.0-255,66,53967,9,210261
36851,0.00136,74.125.24.0-255,2902,56869,9,210261
36852,0.001363,172.31.36.0-255,66,56935,9,210261
36853,0.001371,74.125.24.0-255,7156,64091,9,210261
36854,0.001373,172.31.36.0-255,66,64157,9,210261
36855,0.001385,172.31.36.0-255,66,64223,9,210261
36856,0.001404,74.125.24.0-255,2902,67125,9,210261
36857,0.001407,74.125.24.0-255,2184,69309,9,210261
36858,0.001408,172.31.36.0-255,66,69375,9,210261
36859,0.001411,172.31.36.0-255,66,69441,9,210261
36860,0.001862,74.125.24.0-255,1484,70925,9,210261
36861,0.001874,74.125.24.0-255,2902,73827,9,210261
36862,0.001879,172.31.36.0-255,66,73893,9,210261
36863,0.001887,74.125.24.0-255,5738,79631,9,210261
36864,0.001889,172.31.36.0-255,66,79697,9,210261
36865,0.001893,74.125.24.0-255,1484,81181,9,210261
36866,0.001909,74.125.24.0-255,2902,84083,9,210261
36867,0.001911,172.31.36.0-255,66,84149,9,210261
36868,0.001952,172.31.36.0-255,66,84215,9,210261
36869,0.001963,172.31.36.0-255,66,84281,9,210261
36870,0.004291,74.125.24.0-255,1484,85765,9,210261
36871,0.00431,74.125.24.0-255,4320,90085,9,210261
36872,0.004312,172.31.36.0-255,66,90151,9,210261
36873,0.006625,74.125.24.0-255,2902,93053,9,210261
36874,0.00663,172.31.36.0-255,66,93119,9,210261
36875,0.006649,74.125.24.0-255,2902,96021,9,210261
36876,0.006652,172.31.36.0-255,66,96087,9,210261
36877,0.008967,74.125.24.0-255,5738,101825,9,210261
36878,0.008971,172.31.36.0-255,66,101891,9,210261
36879,0.011332,74.125.24.0-255,5738,107629,9,210261
36880,0.01134,172.31.36.0-255,66,107695,9,210261
36881,0.013666,74.125.24.0-255,5738,113433,9,210261
36882,0.013676,172.31.36.0-255,66,113499,9,210261
36883,0.016033,74.125.24.0-255,5738,119237,9,210261
36884,0.016041,172.31.36.0-255,66,119303,9,210261
36885,0.0184,74.125.24.0-255,5738,125041,9,210261
36886,0.018416,172.31.36.0-255,66,125107,9,210261
36887,0.02079,74.125.24.0-255,5738,130845,9,210261
36888,0.020804,172.31.36.0-255,66,130911,9,210261
36889,0.023174,74.125.24.0-255,5738,136649,9,210261
36890,0.023186,172.31.36.0-255,66,136715,9,210261
36891,0.025521,74.125.24.0-255,5738,142453,9,210261
36892,0.025532,172.31.36.0-255,66,142519,9,210261
36893,0.027868,74.125.24.0-255,5738,148257,9,210261
36894,0.027876,172.31.36.0-255,66,148323,9,210261
36895,0.030229,74.125.24.0-255,5738,154061,9,210261
36896,0.030235,172.31.36.0-255,66,154127,9,210261
36897,0.030488,172.31.36.0-255,172,154299,9,210261
36898,0.030517,172.31.36.0-255,1117,155416,9,210261
36899,0.030578,172.31.36.0-255,1514,156930,9,210261
36900,0.03058,172.31.36.0-255,1514,158444,9,210261
36901,0.030586,172.31.36.0-255,1514,159958,9,210261
36902,0.030587,172.31.36.0-255,1514,161472,9,210261
36903,0.030604,172.31.36.0-255,1499,162971,9,210261
36904,0.03206,104.244.42.0-255,66,163037,9,210261
36905,0.03211,104.244.42.0-255,66,163103,9,210261
36906,0.032174,104.244.42.0-255,66,163169,9,210261
36907,0.032543,74.125.24.0-255,2902,166071,9,210261
36908,0.032548,172.31.36.0-255,66,166137,9,210261
36909,0.032582,74.125.24.0-255,2902,169039,9,210261
36910,0.032585,172.31.36.0-255,66,169105,9,210261
36911,0.034884,74.125.24.0-255,2902,172007,9,210261
36912,0.034891,172.31.36.0-255,66,172073,9,210261
36913,0.034912,74.125.24.0-255,2902,174975,9,210261
36914,0.034915,172.31.36.0-255,66,175041,9,210261
36915,0.037211,74.125.24.0-255,2902,177943,9,210261
36916,0.037218,172.31.36.0-255,66,178009,9,210261
36917,0.037266,74.125.24.0-255,2902,180911,9,210261
36918,0.037269,172.31.36.0-255,66,180977,9,210261
36919,0.039564,74.125.24.0-255,2902,183879,9,210261
36920,0.03957,172.31.36.0-255,66,183945,9,210261
36921,0.039633,74.125.24.0-255,2902,186847,9,210261
36922,0.039637,172.31.36.0-255,66,186913,9,210261
36923,0.041976,74.125.24.0-255,2902,189815,9,210261
36924,0.041984,172.31.36.0-255,66,189881,9,210261
36925,0.042,74.125.24.0-255,2902,192783,9,210261
36926,0.042003,172.31.36.0-255,66,192849,9,210261
36927,0.044387,74.125.24.0-255,5738,198587,9,210261
36928,0.044393,172.31.36.0-255,66,198653,9,210261
36929,0.046772,74.125.24.0-255,5738,204391,9,210261
36930,0.046779,172.31.36.0-255,66,204457,9,210261
36931,0.049114,74.125.24.0-255,5738,210195,9,210261
36932,0.049122,172.31.36.0-255,66,210261,9,210261
36933,0.0,172.253.118.0-255,153,153,9,236406
36934,3.5e-05,172.31.36.0-255,66,219,9,236406
36935,4.2e-05,172.253.118.0-255,1484,1703,9,236406
36936,4.6e-05,172.31.36.0-255,66,1769,9,236406
36937,5.8e-05,172.253.118.0-255,2902,4671,9,236406
36938,6.1e-05,172.31.36.0-255,66,4737,9,236406
36939,8.8e-05,172.253.118.0-255,7156,11893,9,236406
36940,9.3e-05,172.31.36.0-255,66,11959,9,236406
36941,0.000127,172.31.36.0-255,66,12025,9,236406
36942,0.000133,172.253.118.0-255,4320,16345,9,236406
36943,0.000135,172.31.36.0-255,66,16411,9,236406
36944,0.000159,172.253.118.0-255,4320,20731,9,236406
36945,0.000161,172.31.36.0-255,66,20797,9,236406
36946,0.00017,172.253.118.0-255,2543,23340,9,236406
36947,0.000173,172.31.36.0-255,66,23406,9,236406
36948,0.000292,172.253.118.0-255,1484,24890,9,236406
36949,0.000296,172.31.36.0-255,66,24956,9,236406
36950,0.0003,172.253.118.0-255,1484,26440,9,236406
36951,0.000303,172.31.36.0-255,66,26506,9,236406
36952,0.000329,172.253.118.0-255,1484,27990,9,236406
36953,0.000332,172.31.36.0-255,66,28056,9,236406
36954,0.000339,172.253.118.0-255,5738,33794,9,236406
36955,0.000341,172.31.36.0-255,66,33860,9,236406
36956,0.000355,172.253.118.0-255,6797,40657,9,236406
36957,0.000358,172.31.36.0-255,66,40723,9,236406
36958,0.000373,172.31.36.0-255,66,40789,9,236406
36959,0.000377,172.253.118.0-255,2814,43603,9,236406
36960,0.000379,172.31.36.0-255,66,43669,9,236406
36961,0.000407,172.253.118.0-255,134,43803,9,236406
36962,0.000411,172.31.36.0-255,66,43869,9,236406
36963,0.000495,172.253.118.0-255,1484,45353,9,236406
36964,0.000501,172.253.118.0-255,2902,48255,9,236406
36965,0.000504,172.31.36.0-255,66,48321,9,236406
36966,0.000507,172.253.118.0-255,1484,49805,9,236406
36967,0.000538,172.253.118.0-255,4320,54125,9,236406
36968,0.000541,172.31.36.0-255,66,54191,9,236406
36969,0.000546,172.253.118.0-255,2902,57093,9,236406
36970,0.000548,172.31.36.0-255,66,57159,9,236406
36971,0.000554,172.253.118.0-255,5738,62897,9,236406
36972,0.000557,172.31.36.0-255,66,62963,9,236406
36973,0.000593,172.253.118.0-255,5379,68342,9,236406
36974,0.000596,172.31.36.0-255,66,68408,9,236406
36975,0.000609,172.31.36.0-255,66,68474,9,236406
36976,0.000896,172.253.118.0-255,1484,69958,9,236406
36977,0.000903,172.253.118.0-255,2902,72860,9,236406
36978,0.000906,172.31.36.0-255,66,72926,9,236406
36979,0.000911,172.253.118.0-255,2902,75828,9,236406
36980,0.000914,172.31.36.0-255,66,75894,9,236406
36981,0.000945,172.253.118.0-255,2902,78796,9,236406
36982,0.000948,172.31.36.0-255,66,78862,9,236406
36983,0.000955,172.253.118.0-255,7156,86018,9,236406
36984,0.000959,172.31.36.0-255,66,86084,9,236406
36985,0.000968,172.31.36.0-255,66,86150,9,236406
36986,0.000973,172.253.118.0-255,2184,88334,9,236406
36987,0.000975,172.31.36.0-255,66,88400,9,236406
36988,0.002966,172.253.118.0-255,2902,91302,9,236406
36989,0.002972,172.31.36.0-255,66,91368,9,236406
36990,0.003009,172.253.118.0-255,2902,94270,9,236406
36991,0.003013,172.31.36.0-255,66,94336,9,236406
36992,0.005002,172.253.118.0-255,5738,100074,9,236406
36993,0.005008,172.31.36.0-255,66,100140,9,236406
36994,0.007008,172.253.118.0-255,2902,103042,9,236406
36995,0.007012,172.31.36.0-255,66,103108,9,236406
36996,0.007051,172.253.118.0-255,2902,106010,9,236406
36997,0.007054,172.31.36.0-255,66,106076,9,236406
36998,0.009014,172.253.118.0-255,2902,108978,9,236406
36999,0.009021,172.31.36.0-255,66,109044,9,236406
37000,0.009049,172.253.118.0-255,2902,111946,9,236406
37001,0.009052,172.31.36.0-255,66,112012,9,236406
37002,0.011026,172.253.118.0-255,2902,114914,9,236406
37003,0.011032,172.31.36.0-255,66,114980,9,236406
37004,0.011063,172.253.118.0-255,2902,117882,9,236406
37005,0.011067,172.31.36.0-255,66,117948,9,236406
37006,0.013036,172.253.118.0-255,2902,120850,9,236406
37007,0.013043,172.31.36.0-255,66,120916,9,236406
37008,0.013086,172.253.118.0-255,2902,123818,9,236406
37009,0.01309,172.31.36.0-255,66,123884,9,236406
37010,0.015045,172.253.118.0-255,2902,126786,9,236406
37011,0.015051,172.31.36.0-255,66,126852,9,236406
37012,0.015094,172.253.118.0-255,2902,129754,9,236406
37013,0.015097,172.31.36.0-255,66,129820,9,236406
37014,0.017057,172.253.118.0-255,2902,132722,9,236406
37015,0.017063,172.31.36.0-255,66,132788,9,236406
37016,0.01715,172.253.118.0-255,2902,135690,9,236406
37017,0.017155,172.31.36.0-255,66,135756,9,236406
37018,0.019069,172.253.118.0-255,2902,138658,9,236406
37019,0.019076,172.31.36.0-255,66,138724,9,236406
37020,0.019151,172.253.118.0-255,2902,141626,9,236406
37021,0.019156,172.31.36.0-255,66,141692,9,236406
37022,0.021104,172.253.118.0-255,2902,144594,9,236406
37023,0.021111,172.31.36.0-255,66,144660,9,236406
37024,0.021154,172.253.118.0-255,2902,147562,9,236406
37025,0.021158,172.31.36.0-255,66,147628,9,236406
37026,0.023118,172.253.118.0-255,2902,150530,9,236406
37027,0.023125,172.31.36.0-255,66,150596,9,236406
37028,0.023169,172.253.118.0-255,2902,153498,9,236406
37029,0.023173,172.31.36.0-255,66,153564,9,236406
37030,0.025132,172.253.118.0-255,2902,156466,9,236406
37031,0.02514,172.31.36.0-255,66,156532,9,236406
37032,0.025186,172.253.118.0-255,2902,159434,9,236406
37033,0.025191,172.31.36.0-255,66,159500,9,236406
37034,0.027161,172.253.118.0-255,2902,162402,9,236406
37035,0.027168,172.31.36.0-255,66,162468,9,236406
37036,0.027206,172.253.118.0-255,2902,165370,9,236406
37037,0.02721,172.31.36.0-255,66,165436,9,236406
37038,0.029178,172.253.118.0-255,2902,168338,9,236406
37039,0.029186,172.31.36.0-255,66,168404,9,236406
37040,0.02922,172.253.118.0-255,2902,171306,9,236406
37041,0.029224,172.31.36.0-255,66,171372,9,236406
37042,0.031199,172.253.118.0-255,2902,174274,9,236406
37043,0.031206,172.31.36.0-255,66,174340,9,236406
37044,0.031245,172.253.118.0-255,2902,177242,9,236406
37045,0.031249,172.31.36.0-255,66,177308,9,236406
37046,0.033213,172.253.118.0-255,2902,180210,9,236406
37047,0.03322,172.31.36.0-255,66,180276,9,236406
37048,0.033253,172.253.118.0-255,2902,183178,9,236406
37049,0.033258,172.31.36.0-255,66,183244,9,236406
37050,0.035245,172.253.118.0-255,2902,186146,9,236406
37051,0.035252,172.31.36.0-255,66,186212,9,236406
37052,0.035281,172.253.118.0-255,2902,189114,9,236406
37053,0.035283,172.31.36.0-255,66,189180,9,236406
37054,0.037264,172.253.118.0-255,2902,192082,9,236406
37055,0.037272,172.31.36.0-255,66,192148,9,236406
37056,0.037303,172.253.118.0-255,2902,195050,9,236406
37057,0.037305,172.31.36.0-255,66,195116,9,236406
37058,0.039129,172.31.36.0-255,176,195292,9,236406
37059,0.03923,172.31.36.0-255,1116,196408,9,236406
37060,0.039284,172.253.118.0-255,5738,202146,9,236406
37061,0.039291,172.31.36.0-255,66,202212,9,236406
37062,0.039556,172.31.36.0-255,1514,203726,9,236406
37063,0.039573,172.31.36.0-255,1514,205240,9,236406
37064,0.039574,172.31.36.0-255,1514,206754,9,236406
37065,0.039575,172.31.36.0-255,368,207122,9,236406
37066,0.040675,104.244.42.0-255,66,207188,9,236406
37067,0.04075,104.244.42.0-255,66,207254,9,236406
37068,0.041089,104.244.42.0-255,66,207320,9,236406
37069,0.041127,104.244.42.0-255,66,207386,9,236406
37070,0.0413,172.253.118.0-255,5738,213124,9,236406
37071,0.041311,172.31.36.0-255,66,213190,9,236406
37072,0.043336,172.253.118.0-255,5738,218928,9,236406
37073,0.043357,172.31.36.0-255,66,218994,9,236406
37074,0.045379,172.253.118.0-255,5738,224732,9,236406
37075,0.045396,172.31.36.0-255,66,224798,9,236406
37076,0.047425,172.253.118.0-255,5738,230536,9,236406
37077,0.047441,172.31.36.0-255,66,230602,9,236406
37078,0.049447,172.253.118.0-255,5738,236340,9,236406
37079,0.049452,172.31.36.0-255,66,236406,9,236406
37080,0.0,172.31.36.0-255,105,105,9,459
37081,0.000262,172.31.36.0-255,90,195,9,459
37082,0.000272,172.31.36.0-255,66,261,9,459
37083,0.002586,74.125.24.0-255,66,327,9,459
37084,0.002607,74.125.24.0-255,66,393,9,459
37085,0.002624,172.31.36.0-255,66,459,9,459
37086,0.0,74.125.130.0-255,153,153,9,252598
37087,1.5e-05,172.31.36.0-255,66,219,9,252598
37088,4.6e-05,74.125.130.0-255,1484,1703,9,252598
37089,5e-05,172.31.36.0-255,66,1769,9,252598
37090,6.2e-05,74.125.130.0-255,1484,3253,9,252598
37091,6.5e-05,172.31.36.0-255,66,3319,9,252598
37092,7.9e-05,74.125.130.0-255,1484,4803,9,252598
37093,8.1e-05,172.31.36.0-255,66,4869,9,252598
37094,0.000113,74.125.130.0-255,5738,10607,9,252598
37095,0.000116,172.31.36.0-255,66,10673,9,252598
37096,0.000137,74.125.130.0-255,2902,13575,9,252598
37097,0.000139,172.31.36.0-255,66,13641,9,252598
37098,0.000151,74.125.130.0-255,3510,17151,9,252598
37099,0.000154,172.31.36.0-255,66,17217,9,252598
37100,0.000156,74.125.130.0-255,1484,18701,9,252598
37101,0.000158,172.31.36.0-255,66,18767,9,252598
37102,0.000161,74.125.130.0-255,1484,20251,9,252598
37103,0.000162,172.31.36.0-255,66,20317,9,252598
37104,0.000183,74.125.130.0-255,1484,21801,9,252598
37105,0.000184,172.31.36.0-255,66,21867,9,252598
37106,0.000187,74.125.130.0-255,1484,23351,9,252598
37107,0.000189,172.31.36.0-255,66,23417,9,252598
37108,0.00021,74.125.130.0-255,4320,27737,9,252598
37109,0.000212,172.31.36.0-255,66,27803,9,252598
37110,0.000215,74.125.130.0-255,1484,29287,9,252598
37111,0.000216,172.31.36.0-255,66,29353,9,252598
37112,0.000243,74.125.130.0-255,2543,31896,9,252598
37113,0.000246,172.31.36.0-255,66,31962,9,252598
37114,0.000854,74.125.130.0-255,1484,33446,9,252598
37115,0.00086,172.31.36.0-255,66,33512,9,252598
37116,0.000867,74.125.130.0-255,1484,34996,9,252598
37117,0.000869,172.31.36.0-255,66,35062,9,252598
37118,0.000874,74.125.130.0-255,2902,37964,9,252598
37119,0.000876,172.31.36.0-255,66,38030,9,252598
37120,0.000925,74.125.130.0-255,5738,43768,9,252598
37121,0.000928,172.31.36.0-255,66,43834,9,252598
37122,0.000931,74.125.130.0-255,1484,45318,9,252598
37123,0.000935,74.125.130.0-255,2902,48220,9,252598
37124,0.000937,172.31.36.0-255,66,48286,9,252598
37125,0.000957,74.125.130.0-255,1125,49411,9,252598
37126,0.001417,74.125.130.0-255,1484,50895,9,252598
37127,0.001424,172.31.36.0-255,66,50961,9,252598
37128,0.001429,74.125.130.0-255,2902,53863,9,252598
37129,0.001431,172.31.36.0-255,66,53929,9,252598
37130,0.001442,74.125.130.0-255,1484,55413,9,252598
37131,0.001455,74.125.130.0-255,4320,59733,9,252598
37132,0.001457,172.31.36.0-255,66,59799,9,252598
37133,0.001468,74.125.130.0-255,1484,61283,9,252598
37134,0.001485,74.125.130.0-255,4320,65603,9,252598
37135,0.001487,172.31.36.0-255,66,65669,9,252598
37136,0.001511,74.125.130.0-255,2902,68571,9,252598
37137,0.001513,172.31.36.0-255,66,68637,9,252598
37138,0.001534,74.125.130.0-255,3961,72598,9,252598
37139,0.001536,172.31.36.0-255,66,72664,9,252598
37140,0.00154,74.125.130.0-255,2902,75566,9,252598
37141,0.001541,172.31.36.0-255,66,75632,9,252598
37142,0.001556,74.125.130.0-255,4320,79952,9,252598
37143,0.001558,172.31.36.0-255,66,80018,9,252598
37144,0.001583,74.125.130.0-255,4320,84338,9,252598
37145,0.001585,172.31.36.0-255,66,84404,9,252598
37146,0.0016,74.125.130.0-255,4320,88724,9,252598
37147,0.001601,172.31.36.0-255,66,88790,9,252598
37148,0.001606,74.125.130.0-255,4320,93110,9,252598
37149,0.001608,172.31.36.0-255,66,93176,9,252598
37150,0.001613,74.125.130.0-255,5738,98914,9,252598
37151,0.001615,172.31.36.0-255,66,98980,9,252598
37152,0.001619,74.125.130.0-255,2184,101164,9,252598
37153,0.001621,172.31.36.0-255,66,101230,9,252598
37154,0.002012,74.125.130.0-255,1484,102714,9,252598
37155,0.002015,74.125.130.0-255,1484,104198,9,252598
37156,0.002016,172.31.36.0-255,66,104264,9,252598
37157,0.002033,74.125.130.0-255,1484,105748,9,252598
37158,0.002046,74.125.130.0-255,4320,110068,9,252598
37159,0.002048,172.31.36.0-255,66,110134,9,252598
37160,0.002064,74.125.130.0-255,1484,111618,9,252598
37161,0.002076,74.125.130.0-255,1484,113102,9,252598
37162,0.002078,172.31.36.0-255,66,113168,9,252598
37163,0.002106,172.31.36.0-255,66,113234,9,252598
37164,0.002109,74.125.130.0-255,2902,116136,9,252598
37165,0.002111,172.31.36.0-255,66,116202,9,252598
37166,0.004167,74.125.130.0-255,2902,119104,9,252598
37167,0.00417,172.31.36.0-255,66,119170,9,252598
37168,0.004186,74.125.130.0-255,2902,122072,9,252598
37169,0.004189,172.31.36.0-255,66,122138,9,252598
37170,0.00624,74.125.130.0-255,4320,126458,9,252598
37171,0.006248,172.31.36.0-255,66,126524,9,252598
37172,0.006267,74.125.130.0-255,1484,128008,9,252598
37173,0.008304,74.125.130.0-255,4320,132328,9,252598
37174,0.008311,172.31.36.0-255,66,132394,9,252598
37175,0.010406,74.125.130.0-255,5738,138132,9,252598
37176,0.010412,172.31.36.0-255,66,138198,9,252598
37177,0.012485,74.125.130.0-255,5738,143936,9,252598
37178,0.012497,172.31.36.0-255,66,144002,9,252598
37179,0.014573,74.125.130.0-255,5738,149740,9,252598
37180,0.014583,172.31.36.0-255,66,149806,9,252598
37181,0.01666,74.125.130.0-255,5738,155544,9,252598
37182,0.016667,172.31.36.0-255,66,155610,9,252598
37183,0.018733,74.125.130.0-255,5738,161348,9,252598
37184,0.018741,172.31.36.0-255,66,161414,9,252598
37185,0.020802,74.125.130.0-255,5738,167152,9,252598
37186,0.020811,172.31.36.0-255,66,167218,9,252598
37187,0.022888,74.125.130.0-255,5738,172956,9,252598
37188,0.022896,172.31.36.0-255,66,173022,9,252598
37189,0.02497,74.125.130.0-255,5738,178760,9,252598
37190,0.024975,172.31.36.0-255,66,178826,9,252598
37191,0.025083,172.31.36.0-255,172,178998,9,252598
37192,0.025108,172.31.36.0-255,1117,180115,9,252598
37193,0.025167,172.31.36.0-255,1514,181629,9,252598
37194,0.025168,172.31.36.0-255,1514,183143,9,252598
37195,0.025169,172.31.36.0-255,1514,184657,9,252598
37196,0.025174,172.31.36.0-255,1514,186171,9,252598
37197,0.025175,172.31.36.0-255,1485,187656,9,252598
37198,0.026642,104.244.42.0-255,66,187722,9,252598
37199,0.026649,104.244.42.0-255,66,187788,9,252598
37200,0.02677,104.244.42.0-255,66,187854,9,252598
37201,0.027043,74.125.130.0-255,2902,190756,9,252598
37202,0.027048,172.31.36.0-255,66,190822,9,252598
37203,0.027068,74.125.130.0-255,2902,193724,9,252598
37204,0.027071,172.31.36.0-255,66,193790,9,252598
37205,0.027455,104.244.42.0-255,108,193898,9,252598
37206,0.027463,172.31.36.0-255,66,193964,9,252598
37207,0.029098,74.125.130.0-255,2902,196866,9,252598
37208,0.029102,172.31.36.0-255,66,196932,9,252598
37209,0.029119,74.125.130.0-255,2902,199834,9,252598
37210,0.029121,172.31.36.0-255,66,199900,9,252598
37211,0.031171,74.125.130.0-255,4320,204220,9,252598
37212,0.031177,172.31.36.0-255,66,204286,9,252598
37213,0.031201,74.125.130.0-255,1484,205770,9,252598
37214,0.033242,74.125.130.0-255,4320,210090,9,252598
37215,0.033247,172.31.36.0-255,66,210156,9,252598
37216,0.03531,74.125.130.0-255,4320,214476,9,252598
37217,0.035316,172.31.36.0-255,66,214542,9,252598
37218,0.035343,74.125.130.0-255,1484,216026,9,252598
37219,0.037386,74.125.130.0-255,4320,220346,9,252598
37220,0.037391,172.31.36.0-255,66,220412,9,252598
37221,0.039456,74.125.130.0-255,1484,221896,9,252598
37222,0.039491,74.125.130.0-255,4320,226216,9,252598
37223,0.039496,172.31.36.0-255,66,226282,9,252598
37224,0.041566,74.125.130.0-255,4320,230602,9,252598
37225,0.041571,172.31.36.0-255,66,230668,9,252598
37226,0.041596,74.125.130.0-255,1484,232152,9,252598
37227,0.043629,74.125.130.0-255,4320,236472,9,252598
37228,0.043635,172.31.36.0-255,66,236538,9,252598
37229,0.045713,74.125.130.0-255,5738,242276,9,252598
37230,0.045719,172.31.36.0-255,66,242342,9,252598
37231,0.04779,74.125.130.0-255,4320,246662,9,252598
37232,0.047796,172.31.36.0-255,66,246728,9,252598
37233,0.047822,74.125.130.0-255,1484,248212,9,252598
37234,0.04986,74.125.130.0-255,4320,252532,9,252598
37235,0.049866,172.31.36.0-255,66,252598,9,252598
37236,0.0,172.31.36.0-255,105,105,9,459
37237,0.000222,172.31.36.0-255,90,195,9,459
37238,0.000233,172.31.36.0-255,66,261,9,459
37239,0.002544,74.125.200.0-255,66,327,9,459
37240,0.002577,74.125.200.0-255,66,393,9,459
37241,0.002602,172.31.36.0-255,66,459,9,459
37242,0.0,172.217.194.0-255,153,153,9,285067
37243,1.6e-05,172.31.36.0-255,66,219,9,285067
37244,2.4e-05,172.217.194.0-255,1484,1703,9,285067
37245,2.8e-05,172.31.36.0-255,66,1769,9,285067
37246,3.3e-05,172.217.194.0-255,2902,4671,9,285067
37247,3.6e-05,172.31.36.0-255,66,4737,9,285067
37248,5.2e-05,172.217.194.0-255,7156,11893,9,285067
37249,5.4e-05,172.31.36.0-255,66,11959,9,285067
37250,6e-05,172.217.194.0-255,2014,13973,9,285067
37251,6.2e-05,172.31.36.0-255,66,14039,9,285067
37252,0.00013,172.217.194.0-255,1484,15523,9,285067
37253,0.000133,172.31.36.0-255,66,15589,9,285067
37254,0.000138,172.217.194.0-255,2902,18491,9,285067
37255,0.000141,172.31.36.0-255,66,18557,9,285067
37256,0.000152,172.217.194.0-255,5738,24295,9,285067
37257,0.000155,172.31.36.0-255,66,24361,9,285067
37258,0.000181,172.217.194.0-255,1484,25845,9,285067
37259,0.000183,172.31.36.0-255,66,25911,9,285067
37260,0.000213,172.217.194.0-255,5379,31290,9,285067
37261,0.000216,172.31.36.0-255,66,31356,9,285067
37262,0.000264,172.217.194.0-255,1484,32840,9,285067
37263,0.000267,172.31.36.0-255,66,32906,9,285067
37264,0.000272,172.217.194.0-255,2902,35808,9,285067
37265,0.000274,172.31.36.0-255,66,35874,9,285067
37266,0.000278,172.217.194.0-255,1484,37358,9,285067
37267,0.000279,172.31.36.0-255,66,37424,9,285067
37268,0.000308,172.217.194.0-255,4320,41744,9,285067
37269,0.00031,172.31.36.0-255,66,41810,9,285067
37270,0.000318,172.217.194.0-255,7156,48966,9,285067
37271,0.000321,172.31.36.0-255,66,49032,9,285067
37272,0.000363,172.217.194.0-255,6797,55829,9,285067
37273,0.000366,172.31.36.0-255,66,55895,9,285067
37274,0.000382,172.31.36.0-255,66,55961,9,285067
37275,0.000385,172.217.194.0-255,395,56356,9,285067
37276,0.000405,172.217.194.0-255,381,56737,9,285067
37277,0.000757,172.217.194.0-255,1484,58221,9,285067
37278,0.000763,172.31.36.0-255,66,58287,9,285067
37279,0.00077,172.217.194.0-255,2902,61189,9,285067
37280,0.000772,172.31.36.0-255,66,61255,9,285067
37281,0.000782,172.217.194.0-255,2902,64157,9,285067
37282,0.000785,172.31.36.0-255,66,64223,9,285067
37283,0.000824,172.217.194.0-255,2902,67125,9,285067
37284,0.000828,172.31.36.0-255,66,67191,9,285067
37285,0.000835,172.217.194.0-255,7156,74347,9,285067
37286,0.000838,172.31.36.0-255,66,74413,9,285067
37287,0.000859,172.31.36.0-255,66,74479,9,285067
37288,0.000863,172.217.194.0-255,2184,76663,9,285067
37289,0.000865,172.31.36.0-255,66,76729,9,285067
37290,0.000987,172.217.194.0-255,1484,78213,9,285067
37291,0.001,172.217.194.0-255,2902,81115,9,285067
37292,0.001004,172.31.36.0-255,66,81181,9,285067
37293,0.001012,172.217.194.0-255,5738,86919,9,285067
37294,0.001014,172.31.36.0-255,66,86985,9,285067
37295,0.001033,172.217.194.0-255,1484,88469,9,285067
37296,0.001071,172.31.36.0-255,66,88535,9,285067
37297,0.001078,172.217.194.0-255,7156,95691,9,285067
37298,0.001081,172.31.36.0-255,66,95757,9,285067
37299,0.001112,172.217.194.0-255,3602,99359,9,285067
37300,0.001115,172.31.36.0-255,66,99425,9,285067
37301,0.001198,172.217.194.0-255,1484,100909,9,285067
37302,0.001203,172.217.194.0-255,2902,103811,9,285067
37303,0.001205,172.31.36.0-255,66,103877,9,285067
37304,0.001241,172.217.194.0-255,5738,109615,9,285067
37305,0.001244,172.31.36.0-255,66,109681,9,285067
37306,0.001257,172.31.36.0-255,66,109747,9,285067
37307,0.001283,172.217.194.0-255,1484,111231,9,285067
37308,0.001296,172.31.36.0-255,66,111297,9,285067
37309,0.001721,172.217.194.0-255,1484,112781,9,285067
37310,0.001727,172.217.194.0-255,2902,115683,9,285067
37311,0.001731,172.31.36.0-255,66,115749,9,285067
37312,0.00176,172.217.194.0-255,5738,121487,9,285067
37313,0.001762,172.31.36.0-255,66,121553,9,285067
37314,0.001767,172.217.194.0-255,2902,124455,9,285067
37315,0.001769,172.31.36.0-255,66,124521,9,285067
37316,0.001796,172.31.36.0-255,66,124587,9,285067
37317,0.001826,172.217.194.0-255,5738,130325,9,285067
37318,0.001828,172.31.36.0-255,66,130391,9,285067
37319,0.001836,172.217.194.0-255,6438,136829,9,285067
37320,0.001838,172.31.36.0-255,66,136895,9,285067
37321,0.002011,172.217.194.0-255,1484,138379,9,285067
37322,0.002018,172.217.194.0-255,2902,141281,9,285067
37323,0.002021,172.31.36.0-255,66,141347,9,285067
37324,0.002089,172.217.194.0-255,5738,147085,9,285067
37325,0.002094,172.31.36.0-255,66,147151,9,285067
37326,0.002111,172.31.36.0-255,66,147217,9,285067
37327,0.002119,172.217.194.0-255,5738,152955,9,285067
37328,0.002122,172.31.36.0-255,66,153021,9,285067
37329,0.002158,172.217.194.0-255,5020,158041,9,285067
37330,0.002161,172.31.36.0-255,66,158107,9,285067
37331,0.002169,172.217.194.0-255,7156,165263,9,285067
37332,0.002171,172.31.36.0-255,66,165329,9,285067
37333,0.002187,172.31.36.0-255,66,165395,9,285067
37334,0.002236,172.31.36.0-255,66,165461,9,285067
37335,0.002239,172.217.194.0-255,766,166227,9,285067
37336,0.004481,172.217.194.0-255,4320,170547,9,285067
37337,0.004489,172.31.36.0-255,66,170613,9,285067
37338,0.006751,172.217.194.0-255,4320,174933,9,285067
37339,0.006754,172.31.36.0-255,66,174999,9,285067
37340,0.006772,172.217.194.0-255,1484,176483,9,285067
37341,0.009031,172.217.194.0-255,4320,180803,9,285067
37342,0.009038,172.31.36.0-255,66,180869,9,285067
37343,0.011296,172.217.194.0-255,5738,186607,9,285067
37344,0.011304,172.31.36.0-255,66,186673,9,285067
37345,0.013605,172.217.194.0-255,5738,192411,9,285067
37346,0.013613,172.31.36.0-255,66,192477,9,285067
37347,0.015875,172.217.194.0-255,5738,198215,9,285067
37348,0.015883,172.31.36.0-255,66,198281,9,285067
37349,0.018161,172.217.194.0-255,5738,204019,9,285067
37350,0.018173,172.31.36.0-255,66,204085,9,285067
37351,0.020457,172.217.194.0-255,5738,209823,9,285067
37352,0.020465,172.31.36.0-255,66,209889,9,285067
37353,0.022744,172.217.194.0-255,5738,215627,9,285067
37354,0.022752,172.31.36.0-255,66,215693,9,285067
37355,0.025023,172.217.194.0-255,5738,221431,9,285067
37356,0.02503,172.31.36.0-255,66,221497,9,285067
37357,0.027297,172.217.194.0-255,5738,227235,9,285067
37358,0.027304,172.31.36.0-255,66,227301,9,285067
37359,0.029597,172.217.194.0-255,5738,233039,9,285067
37360,0.029604,172.31.36.0-255,66,233105,9,285067
37361,0.031881,172.217.194.0-255,5738,238843,9,285067
37362,0.031888,172.31.36.0-255,66,238909,9,285067
37363,0.033656,172.31.36.0-255,188,239097,9,285067
37364,0.033689,172.31.36.0-255,960,240057,9,285067
37365,0.033752,172.31.36.0-255,1514,241571,9,285067
37366,0.033754,172.31.36.0-255,1514,243085,9,285067
37367,0.033755,172.31.36.0-255,1090,244175,9,285067
37368,0.034147,172.217.194.0-255,5738,249913,9,285067
37369,0.034155,172.31.36.0-255,66,249979,9,285067
37370,0.035241,104.244.42.0-255,66,250045,9,285067
37371,0.035276,104.244.42.0-255,66,250111,9,285067
37372,0.03534,104.244.42.0-255,66,250177,9,285067
37373,0.035361,104.244.42.0-255,66,250243,9,285067
37374,0.036432,172.217.194.0-255,5738,255981,9,285067
37375,0.036438,172.31.36.0-255,66,256047,9,285067
37376,0.038732,172.217.194.0-255,5738,261785,9,285067
37377,0.038739,172.31.36.0-255,66,261851,9,285067
37378,0.041543,172.217.194.0-255,5738,267589,9,285067
37379,0.04155,172.31.36.0-255,66,267655,9,285067
37380,0.043821,172.217.194.0-255,5738,273393,9,285067
37381,0.04383,172.31.36.0-255,66,273459,9,285067
37382,0.046098,172.217.194.0-255,5738,279197,9,285067
37383,0.046105,172.31.36.0-255,66,279263,9,285067
37384,0.0484,172.217.194.0-255,5738,285001,9,285067
37385,0.048406,172.31.36.0-255,66,285067,9,285067
37386,0.0,74.125.200.0-255,148,148,9,261652
37387,3.3e-05,172.31.36.0-255,66,214,9,261652
37388,4e-05,74.125.200.0-255,1484,1698,9,261652
37389,4.4e-05,172.31.36.0-255,66,1764,9,261652
37390,4.7e-05,74.125.200.0-255,1484,3248,9,261652
37391,4.9e-05,172.31.36.0-255,66,3314,9,261652
37392,9.1e-05,74.125.200.0-255,1484,4798,9,261652
37393,9.4e-05,172.31.36.0-255,66,4864,9,261652
37394,0.000102,74.125.200.0-255,4320,9184,9,261652
37395,0.000104,172.31.36.0-255,66,9250,9,261652
37396,0.000109,74.125.200.0-255,2902,12152,9,261652
37397,0.000111,172.31.36.0-255,66,12218,9,261652
37398,0.000135,74.125.200.0-255,2022,14240,9,261652
37399,0.000139,172.31.36.0-255,66,14306,9,261652
37400,0.000146,74.125.200.0-255,5738,20044,9,261652
37401,0.000149,172.31.36.0-255,66,20110,9,261652
37402,0.000153,74.125.200.0-255,2902,23012,9,261652
37403,0.000154,172.31.36.0-255,66,23078,9,261652
37404,0.000203,74.125.200.0-255,2902,25980,9,261652
37405,0.000207,172.31.36.0-255,66,26046,9,261652
37406,0.000229,74.125.200.0-255,1484,27530,9,261652
37407,0.000232,172.31.36.0-255,66,27596,9,261652
37408,0.000249,74.125.200.0-255,2902,30498,9,261652
37409,0.000252,172.31.36.0-255,66,30564,9,261652
37410,0.000255,74.125.200.0-255,1125,31689,9,261652
37411,0.000257,172.31.36.0-255,66,31755,9,261652
37412,0.0004,74.125.200.0-255,1484,33239,9,261652
37413,0.000405,172.31.36.0-255,66,33305,9,261652
37414,0.00041,74.125.200.0-255,2902,36207,9,261652
37415,0.000413,172.31.36.0-255,66,36273,9,261652
37416,0.000445,74.125.200.0-255,4320,40593,9,261652
37417,0.000448,172.31.36.0-255,66,40659,9,261652
37418,0.000477,74.125.200.0-255,1484,42143,9,261652
37419,0.000486,74.125.200.0-255,6797,48940,9,261652
37420,0.000489,172.31.36.0-255,66,49006,9,261652
37421,0.000496,74.125.200.0-255,7156,56162,9,261652
37422,0.000498,172.31.36.0-255,66,56228,9,261652
37423,0.000536,172.31.36.0-255,66,56294,9,261652
37424,0.000539,74.125.200.0-255,679,56973,9,261652
37425,0.000747,74.125.200.0-255,1484,58457,9,261652
37426,0.000751,172.31.36.0-255,66,58523,9,261652
37427,0.000756,74.125.200.0-255,1484,60007,9,261652
37428,0.000776,74.125.200.0-255,1484,61491,9,261652
37429,0.000779,172.31.36.0-255,66,61557,9,261652
37430,0.000786,74.125.200.0-255,5738,67295,9,261652
37431,0.000788,172.31.36.0-255,66,67361,9,261652
37432,0.000829,172.31.36.0-255,66,67427,9,261652
37433,0.000835,74.125.200.0-255,4320,71747,9,261652
37434,0.000837,172.31.36.0-255,66,71813,9,261652
37435,0.000868,74.125.200.0-255,5738,77551,9,261652
37436,0.000871,172.31.36.0-255,66,77617,9,261652
37437,0.000898,74.125.200.0-255,766,78383,9,261652
37438,0.001062,172.31.36.0-255,66,78449,9,261652
37439,0.001611,74.125.200.0-255,1484,79933,9,261652
37440,0.00162,74.125.200.0-255,1484,81417,9,261652
37441,0.001624,172.31.36.0-255,66,81483,9,261652
37442,0.001655,74.125.200.0-255,2902,84385,9,261652
37443,0.001658,172.31.36.0-255,66,84451,9,261652
37444,0.001665,74.125.200.0-255,5738,90189,9,261652
37445,0.001667,172.31.36.0-255,66,90255,9,261652
37446,0.001671,74.125.200.0-255,1484,91739,9,261652
37447,0.001723,74.125.200.0-255,2902,94641,9,261652
37448,0.001727,172.31.36.0-255,66,94707,9,261652
37449,0.001733,74.125.200.0-255,5738,100445,9,261652
37450,0.001735,172.31.36.0-255,66,100511,9,261652
37451,0.001739,74.125.200.0-255,1484,101995,9,261652
37452,0.001742,74.125.200.0-255,2902,104897,9,261652
37453,0.001744,172.31.36.0-255,66,104963,9,261652
37454,0.001772,74.125.200.0-255,5738,110701,9,261652
37455,0.001777,172.31.36.0-255,66,110767,9,261652
37456,0.001801,74.125.200.0-255,1633,112400,9,261652
37457,0.001804,172.31.36.0-255,66,112466,9,261652
37458,0.002091,74.125.200.0-255,1484,113950,9,261652
37459,0.002106,74.125.200.0-255,2902,116852,9,261652
37460,0.002108,172.31.36.0-255,66,116918,9,261652
37461,0.002136,74.125.200.0-255,5738,122656,9,261652
37462,0.002138,172.31.36.0-255,66,122722,9,261652
37463,0.002142,74.125.200.0-255,2902,125624,9,261652
37464,0.002143,172.31.36.0-255,66,125690,9,261652
37465,0.002166,74.125.200.0-255,4320,130010,9,261652
37466,0.002168,172.31.36.0-255,66,130076,9,261652
37467,0.0022,74.125.200.0-255,5738,135814,9,261652
37468,0.002203,172.31.36.0-255,66,135880,9,261652
37469,0.002206,74.125.200.0-255,1484,137364,9,261652
37470,0.00223,74.125.200.0-255,5738,143102,9,261652
37471,0.002233,172.31.36.0-255,66,143168,9,261652
37472,0.002238,74.125.200.0-255,3602,146770,9,261652
37473,0.00224,172.31.36.0-255,66,146836,9,261652
37474,0.004479,74.125.200.0-255,1484,148320,9,261652
37475,0.004494,74.125.200.0-255,4320,152640,9,261652
37476,0.004497,172.31.36.0-255,66,152706,9,261652
37477,0.006779,74.125.200.0-255,5738,158444,9,261652
37478,0.006786,172.31.36.0-255,66,158510,9,261652
37479,0.009061,74.125.200.0-255,5738,164248,9,261652
37480,0.009069,172.31.36.0-255,66,164314,9,261652
37481,0.011338,74.125.200.0-255,5738,170052,9,261652
37482,0.011348,172.31.36.0-255,66,170118,9,261652
37483,0.013619,74.125.200.0-255,5738,175856,9,261652
37484,0.013626,172.31.36.0-255,66,175922,9,261652
37485,0.015896,74.125.200.0-255,5738,181660,9,261652
37486,0.015904,172.31.36.0-255,66,181726,9,261652
37487,0.018192,74.125.200.0-255,5738,187464,9,261652
37488,0.018199,172.31.36.0-255,66,187530,9,261652
37489,0.020476,74.125.200.0-255,4320,191850,9,261652
37490,0.020482,172.31.36.0-255,66,191916,9,261652
37491,0.020517,74.125.200.0-255,1484,193400,9,261652
37492,0.022761,74.125.200.0-255,4320,197720,9,261652
37493,0.022768,172.31.36.0-255,66,197786,9,261652
37494,0.025038,74.125.200.0-255,5738,203524,9,261652
37495,0.025046,172.31.36.0-255,66,203590,9,261652
37496,0.027309,74.125.200.0-255,5738,209328,9,261652
37497,0.027317,172.31.36.0-255,66,209394,9,261652
37498,0.029586,74.125.200.0-255,5738,215132,9,261652
37499,0.029593,172.31.36.0-255,66,215198,9,261652
37500,0.030796,172.31.36.0-255,172,215370,9,261652
37501,0.030827,172.31.36.0-255,1070,216440,9,261652
37502,0.03186,74.125.200.0-255,5738,222178,9,261652
37503,0.031868,172.31.36.0-255,66,222244,9,261652
37504,0.032334,104.244.42.0-255,66,222310,9,261652
37505,0.032462,104.244.42.0-255,66,222376,9,261652
37506,0.034125,74.125.200.0-255,5738,228114,9,261652
37507,0.034132,172.31.36.0-255,66,228180,9,261652
37508,0.03641,74.125.200.0-255,5738,233918,9,261652
37509,0.036417,172.31.36.0-255,66,233984,9,261652
37510,0.038682,74.125.200.0-255,5738,239722,9,261652
37511,0.038688,172.31.36.0-255,66,239788,9,261652
37512,0.040951,74.125.200.0-255,4320,244108,9,261652
37513,0.040959,172.31.36.0-255,66,244174,9,261652
37514,0.040996,74.125.200.0-255,1484,245658,9,261652
37515,0.04322,74.125.200.0-255,4320,249978,9,261652
37516,0.043226,172.31.36.0-255,66,250044,9,261652
37517,0.045496,74.125.200.0-255,5738,255782,9,261652
37518,0.045504,172.31.36.0-255,66,255848,9,261652
37519,0.047768,74.125.200.0-255,5738,261586,9,261652
37520,0.047774,172.31.36.0-255,66,261652,9,261652
37521,0.0,172.31.36.0-255,105,105,9,276
37522,0.00215,157.240.13.0-255,105,210,9,276
37523,0.002165,172.31.36.0-255,66,276,9,276
37524,0.0,74.125.24.0-255,153,153,9,283102
37525,2.4e-05,172.31.36.0-255,66,219,9,283102
37526,3e-05,74.125.24.0-255,1484,1703,9,283102
37527,3.4e-05,172.31.36.0-255,66,1769,9,283102
37528,3.9e-05,74.125.24.0-255,2902,4671,9,283102
37529,4.2e-05,172.31.36.0-255,66,4737,9,283102
37530,5.7e-05,74.125.24.0-255,7156,11893,9,283102
37531,5.9e-05,172.31.36.0-255,66,11959,9,283102
37532,7e-05,172.31.36.0-255,66,12025,9,283102
37533,7.7e-05,74.125.24.0-255,7156,19181,9,283102
37534,7.9e-05,172.31.36.0-255,66,19247,9,283102
37535,0.000109,74.125.24.0-255,3961,23208,9,283102
37536,0.000112,172.31.36.0-255,66,23274,9,283102
37537,0.000169,74.125.24.0-255,1484,24758,9,283102
37538,0.000172,172.31.36.0-255,66,24824,9,283102
37539,0.000177,74.125.24.0-255,2902,27726,9,283102
37540,0.00018,172.31.36.0-255,66,27792,9,283102
37541,0.000208,74.125.24.0-255,5738,33530,9,283102
37542,0.000211,172.31.36.0-255,66,33596,9,283102
37543,0.000214,74.125.24.0-255,1484,35080,9,283102
37544,0.000216,172.31.36.0-255,66,35146,9,283102
37545,0.000254,74.125.24.0-255,5379,40525,9,283102
37546,0.000258,172.31.36.0-255,66,40591,9,283102
37547,0.000325,74.125.24.0-255,1484,42075,9,283102
37548,0.000329,172.31.36.0-255,66,42141,9,283102
37549,0.000334,74.125.24.0-255,2902,45043,9,283102
37550,0.000336,172.31.36.0-255,66,45109,9,283102
37551,0.000369,74.125.24.0-255,5738,50847,9,283102
37552,0.000372,172.31.36.0-255,66,50913,9,283102
37553,0.000383,172.31.36.0-255,66,50979,9,283102
37554,0.000429,74.125.24.0-255,2902,53881,9,283102
37555,0.000432,172.31.36.0-255,66,53947,9,283102
37556,0.000437,74.125.24.0-255,2902,56849,9,283102
37557,0.000439,172.31.36.0-255,66,56915,9,283102
37558,0.00046,74.125.24.0-255,1484,58399,9,283102
37559,0.000478,172.31.36.0-255,66,58465,9,283102
37560,0.000481,74.125.24.0-255,1125,59590,9,283102
37561,0.000503,74.125.24.0-255,1484,61074,9,283102
37562,0.000506,172.31.36.0-255,66,61140,9,283102
37563,0.000537,74.125.24.0-255,4320,65460,9,283102
37564,0.000541,172.31.36.0-255,66,65526,9,283102
37565,0.000548,74.125.24.0-255,7156,72682,9,283102
37566,0.000551,172.31.36.0-255,66,72748,9,283102
37567,0.000584,74.125.24.0-255,3961,76709,9,283102
37568,0.00059,172.31.36.0-255,66,76775,9,283102
37569,0.001049,74.125.24.0-255,1484,78259,9,283102
37570,0.001056,74.125.24.0-255,2902,81161,9,283102
37571,0.00106,172.31.36.0-255,66,81227,9,283102
37572,0.001066,74.125.24.0-255,2902,84129,9,283102
37573,0.001068,172.31.36.0-255,66,84195,9,283102
37574,0.001098,74.125.24.0-255,2902,87097,9,283102
37575,0.001104,172.31.36.0-255,66,87163,9,283102
37576,0.001105,74.125.24.0-255,7156,94319,9,283102
37577,0.001109,172.31.36.0-255,66,94385,9,283102
37578,0.001117,172.31.36.0-255,66,94451,9,283102
37579,0.001147,74.125.24.0-255,2902,97353,9,283102
37580,0.001155,172.31.36.0-255,66,97419,9,283102
37581,0.001163,74.125.24.0-255,6438,103857,9,283102
37582,0.001165,172.31.36.0-255,66,103923,9,283102
37583,0.001172,74.125.24.0-255,7156,111079,9,283102
37584,0.001174,172.31.36.0-255,66,111145,9,283102
37585,0.001222,172.31.36.0-255,66,111211,9,283102
37586,0.001259,74.125.24.0-255,1484,112695,9,283102
37587,0.001267,74.125.24.0-255,6438,119133,9,283102
37588,0.00127,172.31.36.0-255,66,119199,9,283102
37589,0.001297,172.31.36.0-255,66,119265,9,283102
37590,0.001308,172.31.36.0-255,66,119331,9,283102
37591,0.001402,74.125.24.0-255,1484,120815,9,283102
37592,0.001415,74.125.24.0-255,2902,123717,9,283102
37593,0.001419,172.31.36.0-255,66,123783,9,283102
37594,0.001425,74.125.24.0-255,5738,129521,9,283102
37595,0.001428,172.31.36.0-255,66,129587,9,283102
37596,0.001468,172.31.36.0-255,66,129653,9,283102
37597,0.001521,172.31.36.0-255,66,129719,9,283102
37598,0.001583,74.125.24.0-255,1484,131203,9,283102
37599,0.001597,74.125.24.0-255,2902,134105,9,283102
37600,0.0016,172.31.36.0-255,66,134171,9,283102
37601,0.001606,74.125.24.0-255,5738,139909,9,283102
37602,0.001608,172.31.36.0-255,66,139975,9,283102
37603,0.001624,74.125.24.0-255,1484,141459,9,283102
37604,0.001674,172.31.36.0-255,66,141525,9,283102
37605,0.00169,172.31.36.0-255,66,141591,9,283102
37606,0.001718,74.125.24.0-255,5020,146611,9,283102
37607,0.001721,172.31.36.0-255,66,146677,9,283102
37608,0.001728,74.125.24.0-255,5738,152415,9,283102
37609,0.001731,172.31.36.0-255,66,152481,9,283102
37610,0.001738,74.125.24.0-255,7156,159637,9,283102
37611,0.00174,172.31.36.0-255,66,159703,9,283102
37612,0.001781,74.125.24.0-255,5738,165441,9,283102
37613,0.001784,172.31.36.0-255,66,165507,9,283102
37614,0.001795,172.31.36.0-255,66,165573,9,283102
37615,0.001805,74.125.24.0-255,2184,167757,9,283102
37616,0.001808,172.31.36.0-255,66,167823,9,283102
37617,0.001926,74.125.24.0-255,1484,169307,9,283102
37618,0.001931,74.125.24.0-255,2902,172209,9,283102
37619,0.001934,172.31.36.0-255,66,172275,9,283102
37620,0.001958,74.125.24.0-255,1484,173759,9,283102
37621,0.001964,74.125.24.0-255,2902,176661,9,283102
37622,0.001966,172.31.36.0-255,66,176727,9,283102
37623,0.001997,74.125.24.0-255,5738,182465,9,283102
37624,0.002001,172.31.36.0-255,66,182531,9,283102
37625,0.002007,74.125.24.0-255,5738,188269,9,283102
37626,0.002009,172.31.36.0-255,66,188335,9,283102
37627,0.002041,74.125.24.0-255,2902,191237,9,283102
37628,0.002044,172.31.36.0-255,66,191303,9,283102
37629,0.002081,172.31.36.0-255,66,191369,9,283102
37630,0.004115,74.125.24.0-255,5738,197107,9,283102
37631,0.004123,172.31.36.0-255,66,197173,9,283102
37632,0.006127,74.125.24.0-255,5738,202911,9,283102
37633,0.006132,172.31.36.0-255,66,202977,9,283102
37634,0.008184,74.125.24.0-255,5738,208715,9,283102
37635,0.00819,172.31.36.0-255,66,208781,9,283102
37636,0.010225,74.125.24.0-255,5738,214519,9,283102
37637,0.01023,172.31.36.0-255,66,214585,9,283102
37638,0.012223,74.125.24.0-255,5738,220323,9,283102
37639,0.012229,172.31.36.0-255,66,220389,9,283102
37640,0.014224,74.125.24.0-255,5738,226127,9,283102
37641,0.014231,172.31.36.0-255,66,226193,9,283102
37642,0.016255,74.125.24.0-255,5738,231931,9,283102
37643,0.016261,172.31.36.0-255,66,231997,9,283102
37644,0.018298,74.125.24.0-255,5738,237735,9,283102
37645,0.018306,172.31.36.0-255,66,237801,9,283102
37646,0.020305,74.125.24.0-255,5738,243539,9,283102
37647,0.020312,172.31.36.0-255,66,243605,9,283102
37648,0.022349,74.125.24.0-255,5738,249343,9,283102
37649,0.022355,172.31.36.0-255,66,249409,9,283102
37650,0.024363,74.125.24.0-255,5738,255147,9,283102
37651,0.024369,172.31.36.0-255,66,255213,9,283102
37652,0.026363,74.125.24.0-255,5738,260951,9,283102
37653,0.026373,172.31.36.0-255,66,261017,9,283102
37654,0.028412,74.125.24.0-255,5738,266755,9,283102
37655,0.028419,172.31.36.0-255,66,266821,9,283102
37656,0.030491,74.125.24.0-255,5738,272559,9,283102
37657,0.030497,172.31.36.0-255,66,272625,9,283102
37658,0.03251,74.125.24.0-255,973,273598,9,283102
37659,0.032665,172.31.36.0-255,66,273664,9,283102
37660,0.032709,172.31.36.0-255,105,273769,9,283102
37661,0.034691,74.125.24.0-255,66,273835,9,283102
37662,0.03885,172.31.36.0-255,172,274007,9,283102
37663,0.038943,172.31.36.0-255,1116,275123,9,283102
37664,0.039206,172.31.36.0-255,1514,276637,9,283102
37665,0.039209,172.31.36.0-255,1514,278151,9,283102
37666,0.03921,172.31.36.0-255,1514,279665,9,283102
37667,0.039211,172.31.36.0-255,1514,281179,9,283102
37668,0.039241,172.31.36.0-255,1485,282664,9,283102
37669,0.04042,104.244.42.0-255,66,282730,9,283102
37670,0.040508,104.244.42.0-255,66,282796,9,283102
37671,0.040781,104.244.42.0-255,66,282862,9,283102
37672,0.040826,104.244.42.0-255,66,282928,9,283102
37673,0.041338,104.244.42.0-255,108,283036,9,283102
37674,0.041362,172.31.36.0-255,66,283102,9,283102
37675,0.0,74.125.24.0-255,153,153,9,213903
37676,2.4e-05,172.31.36.0-255,66,219,9,213903
37677,3.2e-05,74.125.24.0-255,1484,1703,9,213903
37678,3.7e-05,172.31.36.0-255,66,1769,9,213903
37679,5e-05,74.125.24.0-255,2902,4671,9,213903
37680,5.4e-05,172.31.36.0-255,66,4737,9,213903
37681,6e-05,74.125.24.0-255,4320,9057,9,213903
37682,6.4e-05,172.31.36.0-255,66,9123,9,213903
37683,0.000102,74.125.24.0-255,4928,14051,9,213903
37684,0.000105,172.31.36.0-255,66,14117,9,213903
37685,0.000167,74.125.24.0-255,1484,15601,9,213903
37686,0.00017,172.31.36.0-255,66,15667,9,213903
37687,0.000175,74.125.24.0-255,2902,18569,9,213903
37688,0.000177,172.31.36.0-255,66,18635,9,213903
37689,0.000207,74.125.24.0-255,4320,22955,9,213903
37690,0.00021,172.31.36.0-255,66,23021,9,213903
37691,0.000251,172.31.36.0-255,66,23087,9,213903
37692,0.000349,74.125.24.0-255,1484,24571,9,213903
37693,0.000353,172.31.36.0-255,66,24637,9,213903
37694,0.000357,74.125.24.0-255,1484,26121,9,213903
37695,0.000359,172.31.36.0-255,66,26187,9,213903
37696,0.00038,74.125.24.0-255,1484,27671,9,213903
37697,0.000382,172.31.36.0-255,66,27737,9,213903
37698,0.000389,74.125.24.0-255,5738,33475,9,213903
37699,0.000392,172.31.36.0-255,66,33541,9,213903
37700,0.000397,74.125.24.0-255,5738,39279,9,213903
37701,0.000402,172.31.36.0-255,66,39345,9,213903
37702,0.000465,172.31.36.0-255,66,39411,9,213903
37703,0.00047,74.125.24.0-255,4241,43652,9,213903
37704,0.000472,172.31.36.0-255,66,43718,9,213903
37705,0.000596,74.125.24.0-255,129,43847,9,213903
37706,0.000759,74.125.24.0-255,1484,45331,9,213903
37707,0.000764,172.31.36.0-255,66,45397,9,213903
37708,0.00077,74.125.24.0-255,2902,48299,9,213903
37709,0.000772,172.31.36.0-255,66,48365,9,213903
37710,0.000775,74.125.24.0-255,1484,49849,9,213903
37711,0.000803,74.125.24.0-255,4320,54169,9,213903
37712,0.000806,172.31.36.0-255,66,54235,9,213903
37713,0.000813,74.125.24.0-255,6797,61032,9,213903
37714,0.000816,172.31.36.0-255,66,61098,9,213903
37715,0.000855,74.125.24.0-255,5738,66836,9,213903
37716,0.00087,172.31.36.0-255,66,66902,9,213903
37717,0.000901,74.125.24.0-255,7156,74058,9,213903
37718,0.000906,74.125.24.0-255,4217,78275,9,213903
37719,0.00093,172.31.36.0-255,66,78341,9,213903
37720,0.0019,74.125.24.0-255,1484,79825,9,213903
37721,0.00191,74.125.24.0-255,2902,82727,9,213903
37722,0.001915,172.31.36.0-255,66,82793,9,213903
37723,0.001923,74.125.24.0-255,4320,87113,9,213903
37724,0.001925,172.31.36.0-255,66,87179,9,213903
37725,0.001944,172.31.36.0-255,66,87245,9,213903
37726,0.001972,74.125.24.0-255,1484,88729,9,213903
37727,0.002002,172.31.36.0-255,66,88795,9,213903
37728,0.004303,74.125.24.0-255,5738,94533,9,213903
37729,0.004309,172.31.36.0-255,66,94599,9,213903
37730,0.006581,74.125.24.0-255,5738,100337,9,213903
37731,0.006589,172.31.36.0-255,66,100403,9,213903
37732,0.008843,74.125.24.0-255,5738,106141,9,213903
37733,0.00885,172.31.36.0-255,66,106207,9,213903
37734,0.011117,74.125.24.0-255,5738,111945,9,213903
37735,0.011127,172.31.36.0-255,66,112011,9,213903
37736,0.013406,74.125.24.0-255,5738,117749,9,213903
37737,0.013416,172.31.36.0-255,66,117815,9,213903
37738,0.015684,74.125.24.0-255,5738,123553,9,213903
37739,0.015692,172.31.36.0-255,66,123619,9,213903
37740,0.017995,74.125.24.0-255,5738,129357,9,213903
37741,0.018006,172.31.36.0-255,66,129423,9,213903
37742,0.020276,74.125.24.0-255,5738,135161,9,213903
37743,0.020284,172.31.36.0-255,66,135227,9,213903
37744,0.022599,74.125.24.0-255,5738,140965,9,213903
37745,0.022609,172.31.36.0-255,66,141031,9,213903
37746,0.024883,74.125.24.0-255,5738,146769,9,213903
37747,0.024892,172.31.36.0-255,66,146835,9,213903
37748,0.027155,74.125.24.0-255,5738,152573,9,213903
37749,0.027163,172.31.36.0-255,66,152639,9,213903
37750,0.029449,74.125.24.0-255,5738,158377,9,213903
37751,0.029457,172.31.36.0-255,66,158443,9,213903
37752,0.03171,74.125.24.0-255,5738,164181,9,213903
37753,0.031719,172.31.36.0-255,66,164247,9,213903
37754,0.034003,74.125.24.0-255,5738,169985,9,213903
37755,0.03401,172.31.36.0-255,66,170051,9,213903
37756,0.034239,172.31.36.0-255,172,170223,9,213903
37757,0.034269,172.31.36.0-255,1117,171340,9,213903
37758,0.034342,172.31.36.0-255,1514,172854,9,213903
37759,0.034344,172.31.36.0-255,1514,174368,9,213903
37760,0.034345,172.31.36.0-255,1514,175882,9,213903
37761,0.034351,172.31.36.0-255,1514,177396,9,213903
37762,0.034353,172.31.36.0-255,1485,178881,9,213903
37763,0.035805,104.244.42.0-255,66,178947,9,213903
37764,0.035814,104.244.42.0-255,66,179013,9,213903
37765,0.0359,104.244.42.0-255,66,179079,9,213903
37766,0.036313,74.125.24.0-255,5738,184817,9,213903
37767,0.036321,172.31.36.0-255,66,184883,9,213903
37768,0.038641,74.125.24.0-255,5738,190621,9,213903
37769,0.038649,172.31.36.0-255,66,190687,9,213903
37770,0.040902,74.125.24.0-255,5738,196425,9,213903
37771,0.04091,172.31.36.0-255,66,196491,9,213903
37772,0.043194,74.125.24.0-255,5738,202229,9,213903
37773,0.043201,172.31.36.0-255,66,202295,9,213903
37774,0.045482,74.125.24.0-255,5738,208033,9,213903
37775,0.045488,172.31.36.0-255,66,208099,9,213903
37776,0.047755,74.125.24.0-255,5738,213837,9,213903
37777,0.047761,172.31.36.0-255,66,213903,9,213903
37778,0.0,172.31.36.0-255,66,66,9,66
37779,0.0,172.217.194.0-255,298,298,9,230002
37780,1.6e-05,172.31.36.0-255,66,364,9,230002
37781,2.2e-05,172.217.194.0-255,1484,1848,9,230002
37782,2.6e-05,172.31.36.0-255,66,1914,9,230002
37783,3.4e-05,172.217.194.0-255,4320,6234,9,230002
37784,4.6e-05,172.31.36.0-255,66,6300,9,230002
37785,5.8e-05,172.31.36.0-255,66,6366,9,230002
37786,0.000408,172.217.194.0-255,1484,7850,9,230002
37787,0.000413,172.31.36.0-255,66,7916,9,230002
37788,0.00042,172.217.194.0-255,2902,10818,9,230002
37789,0.000423,172.31.36.0-255,66,10884,9,230002
37790,0.000455,172.217.194.0-255,5738,16622,9,230002
37791,0.000458,172.31.36.0-255,66,16688,9,230002
37792,0.000461,172.217.194.0-255,1484,18172,9,230002
37793,0.000464,172.31.36.0-255,66,18238,9,230002
37794,0.00051,172.31.36.0-255,66,18304,9,230002
37795,0.000518,172.217.194.0-255,7156,25460,9,230002
37796,0.00052,172.31.36.0-255,66,25526,9,230002
37797,0.000524,172.217.194.0-255,2902,28428,9,230002
37798,0.00053,172.31.36.0-255,66,28494,9,230002
37799,0.000554,172.31.36.0-255,66,28560,9,230002
37800,0.000577,172.217.194.0-255,1484,30044,9,230002
37801,0.000579,172.31.36.0-255,66,30110,9,230002
37802,0.000584,172.217.194.0-255,2184,32294,9,230002
37803,0.000587,172.31.36.0-255,66,32360,9,230002
37804,0.000589,172.217.194.0-255,379,32739,9,230002
37805,0.000595,172.31.36.0-255,66,32805,9,230002
37806,0.000795,172.217.194.0-255,100,32905,9,230002
37807,0.0008,172.31.36.0-255,66,32971,9,230002
37808,0.000929,172.217.194.0-255,1484,34455,9,230002
37809,0.000962,172.217.194.0-255,2902,37357,9,230002
37810,0.000966,172.217.194.0-255,2902,40259,9,230002
37811,0.000973,172.31.36.0-255,66,40325,9,230002
37812,0.000982,172.31.36.0-255,66,40391,9,230002
37813,0.000986,172.217.194.0-255,2902,43293,9,230002
37814,0.000988,172.31.36.0-255,66,43359,9,230002
37815,0.000997,172.217.194.0-255,4320,47679,9,230002
37816,0.001,172.31.36.0-255,66,47745,9,230002
37817,0.00102,172.31.36.0-255,66,47811,9,230002
37818,0.001031,172.217.194.0-255,7156,54967,9,230002
37819,0.001034,172.31.36.0-255,66,55033,9,230002
37820,0.001072,172.217.194.0-255,3602,58635,9,230002
37821,0.001075,172.31.36.0-255,66,58701,9,230002
37822,0.001733,172.217.194.0-255,1484,60185,9,230002
37823,0.001742,172.217.194.0-255,2902,63087,9,230002
37824,0.001746,172.31.36.0-255,66,63153,9,230002
37825,0.001753,172.217.194.0-255,5738,68891,9,230002
37826,0.001755,172.31.36.0-255,66,68957,9,230002
37827,0.00178,172.217.194.0-255,5738,74695,9,230002
37828,0.001782,172.31.36.0-255,66,74761,9,230002
37829,0.001812,172.217.194.0-255,7156,81917,9,230002
37830,0.001814,172.31.36.0-255,66,81983,9,230002
37831,0.001826,172.217.194.0-255,2902,84885,9,230002
37832,0.001831,172.31.36.0-255,66,84951,9,230002
37833,0.001861,172.31.36.0-255,66,85017,9,230002
37834,0.00206,172.217.194.0-255,1484,86501,9,230002
37835,0.00208,172.217.194.0-255,2902,89403,9,230002
37836,0.002083,172.31.36.0-255,66,89469,9,230002
37837,0.002088,172.217.194.0-255,1484,90953,9,230002
37838,0.002115,172.217.194.0-255,4320,95273,9,230002
37839,0.002118,172.31.36.0-255,66,95339,9,230002
37840,0.00213,172.31.36.0-255,66,95405,9,230002
37841,0.002152,172.217.194.0-255,1484,96889,9,230002
37842,0.002177,172.217.194.0-255,2902,99791,9,230002
37843,0.00218,172.31.36.0-255,66,99857,9,230002
37844,0.002213,172.31.36.0-255,66,99923,9,230002
37845,0.00225,172.217.194.0-255,766,100689,9,230002
37846,0.004216,172.31.36.0-255,66,100755,9,230002
37847,0.004459,172.217.194.0-255,4320,105075,9,230002
37848,0.004467,172.31.36.0-255,66,105141,9,230002
37849,0.006427,172.217.194.0-255,1484,106625,9,230002
37850,0.006762,172.217.194.0-255,4320,110945,9,230002
37851,0.006766,172.31.36.0-255,66,111011,9,230002
37852,0.008995,172.217.194.0-255,5738,116749,9,230002
37853,0.009002,172.31.36.0-255,66,116815,9,230002
37854,0.011525,172.217.194.0-255,5738,122553,9,230002
37855,0.011535,172.31.36.0-255,66,122619,9,230002
37856,0.013808,172.217.194.0-255,5738,128357,9,230002
37857,0.013816,172.31.36.0-255,66,128423,9,230002
37858,0.016034,172.217.194.0-255,5738,134161,9,230002
37859,0.016041,172.31.36.0-255,66,134227,9,230002
37860,0.018277,172.217.194.0-255,5738,139965,9,230002
37861,0.018284,172.31.36.0-255,66,140031,9,230002
37862,0.020557,172.217.194.0-255,5738,145769,9,230002
37863,0.020566,172.31.36.0-255,66,145835,9,230002
37864,0.022799,172.217.194.0-255,5738,151573,9,230002
37865,0.022826,172.31.36.0-255,66,151639,9,230002
37866,0.025084,172.217.194.0-255,5738,157377,9,230002
37867,0.025091,172.31.36.0-255,66,157443,9,230002
37868,0.027356,172.217.194.0-255,5738,163181,9,230002
37869,0.027363,172.31.36.0-255,66,163247,9,230002
37870,0.02962,172.217.194.0-255,5738,168985,9,230002
37871,0.029627,172.31.36.0-255,66,169051,9,230002
37872,0.031854,172.217.194.0-255,5738,174789,9,230002
37873,0.031861,172.31.36.0-255,66,174855,9,230002
37874,0.034119,172.217.194.0-255,5738,180593,9,230002
37875,0.034128,172.31.36.0-255,66,180659,9,230002
37876,0.036396,172.217.194.0-255,5738,186397,9,230002
37877,0.036404,172.31.36.0-255,66,186463,9,230002
37878,0.038614,172.217.194.0-255,5738,192201,9,230002
37879,0.038621,172.31.36.0-255,66,192267,9,230002
37880,0.040868,172.217.194.0-255,5738,198005,9,230002
37881,0.040874,172.31.36.0-255,66,198071,9,230002
37882,0.041876,172.31.36.0-255,188,198259,9,230002
37883,0.041906,172.31.36.0-255,960,199219,9,230002
37884,0.04195,172.31.36.0-255,1514,200733,9,230002
37885,0.04197,172.31.36.0-255,1514,202247,9,230002
37886,0.041971,172.31.36.0-255,1514,203761,9,230002
37887,0.041991,172.31.36.0-255,1514,205275,9,230002
37888,0.042,172.31.36.0-255,1514,206789,9,230002
37889,0.042001,172.31.36.0-255,953,207742,9,230002
37890,0.043101,172.217.194.0-255,4320,212062,9,230002
37891,0.043125,172.31.36.0-255,66,212128,9,230002
37892,0.043148,172.217.194.0-255,1484,213612,9,230002
37893,0.043442,104.244.42.0-255,66,213678,9,230002
37894,0.043486,104.244.42.0-255,66,213744,9,230002
37895,0.043538,104.244.42.0-255,66,213810,9,230002
37896,0.043638,104.244.42.0-255,66,213876,9,230002
37897,0.043641,104.244.42.0-255,66,213942,9,230002
37898,0.045342,172.217.194.0-255,4320,218262,9,230002
37899,0.045349,172.31.36.0-255,66,218328,9,230002
37900,0.047601,172.217.194.0-255,5738,224066,9,230002
37901,0.047607,172.31.36.0-255,66,224132,9,230002
37902,0.049816,172.217.194.0-255,4320,228452,9,230002
37903,0.049821,172.31.36.0-255,66,228518,9,230002
37904,0.049855,172.217.194.0-255,1484,230002,9,230002
37905,0.0,172.31.36.0-255,105,105,9,105
37906,0.0,74.125.200.0-255,146,146,9,229772
37907,1.6e-05,172.31.36.0-255,66,212,9,229772
37908,2.3e-05,74.125.200.0-255,1484,1696,9,229772
37909,2.7e-05,172.31.36.0-255,66,1762,9,229772
37910,3.3e-05,74.125.200.0-255,2902,4664,9,229772
37911,3.5e-05,172.31.36.0-255,66,4730,9,229772
37912,5.8e-05,74.125.200.0-255,4320,9050,9,229772
37913,6.1e-05,172.31.36.0-255,66,9116,9,229772
37914,9.9e-05,74.125.200.0-255,4890,14006,9,229772
37915,0.000101,172.31.36.0-255,66,14072,9,229772
37916,0.00028,74.125.200.0-255,1484,15556,9,229772
37917,0.000285,172.31.36.0-255,66,15622,9,229772
37918,0.000289,74.125.200.0-255,1484,17106,9,229772
37919,0.000291,172.31.36.0-255,66,17172,9,229772
37920,0.000294,74.125.200.0-255,1484,18656,9,229772
37921,0.000296,172.31.36.0-255,66,18722,9,229772
37922,0.000322,74.125.200.0-255,1484,20206,9,229772
37923,0.000325,172.31.36.0-255,66,20272,9,229772
37924,0.000332,74.125.200.0-255,5738,26010,9,229772
37925,0.000335,172.31.36.0-255,66,26076,9,229772
37926,0.000349,74.125.200.0-255,1484,27560,9,229772
37927,0.000351,172.31.36.0-255,66,27626,9,229772
37928,0.000382,74.125.200.0-255,5379,33005,9,229772
37929,0.000386,172.31.36.0-255,66,33071,9,229772
37930,0.000393,74.125.200.0-255,7156,40227,9,229772
37931,0.000395,172.31.36.0-255,66,40293,9,229772
37932,0.000398,74.125.200.0-255,1484,41777,9,229772
37933,0.000402,172.31.36.0-255,66,41843,9,229772
37934,0.000442,172.31.36.0-255,66,41909,9,229772
37935,0.000477,74.125.200.0-255,399,42308,9,229772
37936,0.000479,172.31.36.0-255,66,42374,9,229772
37937,0.000514,74.125.200.0-255,108,42482,9,229772
37938,0.000797,172.31.36.0-255,66,42548,9,229772
37939,0.000806,74.125.200.0-255,332,42880,9,229772
37940,0.000814,172.31.36.0-255,66,42946,9,229772
37941,0.001385,74.125.200.0-255,1484,44430,9,229772
37942,0.001397,74.125.200.0-255,2902,47332,9,229772
37943,0.001402,172.31.36.0-255,66,47398,9,229772
37944,0.001408,74.125.200.0-255,2902,50300,9,229772
37945,0.001409,172.31.36.0-255,66,50366,9,229772
37946,0.001426,74.125.200.0-255,4320,54686,9,229772
37947,0.001428,172.31.36.0-255,66,54752,9,229772
37948,0.001447,74.125.200.0-255,2902,57654,9,229772
37949,0.001449,172.31.36.0-255,66,57720,9,229772
37950,0.001463,74.125.200.0-255,5738,63458,9,229772
37951,0.001465,172.31.36.0-255,66,63524,9,229772
37952,0.001469,74.125.200.0-255,4320,67844,9,229772
37953,0.001471,172.31.36.0-255,66,67910,9,229772
37954,0.001512,74.125.200.0-255,1484,69394,9,229772
37955,0.001535,172.31.36.0-255,66,69460,9,229772
37956,0.001631,74.125.200.0-255,1484,70944,9,229772
37957,0.001644,74.125.200.0-255,2902,73846,9,229772
37958,0.001646,172.31.36.0-255,66,73912,9,229772
37959,0.001672,74.125.200.0-255,5738,79650,9,229772
37960,0.001674,172.31.36.0-255,66,79716,9,229772
37961,0.001706,74.125.200.0-255,4320,84036,9,229772
37962,0.001708,172.31.36.0-255,66,84102,9,229772
37963,0.001737,74.125.200.0-255,2902,87004,9,229772
37964,0.001738,172.31.36.0-255,66,87070,9,229772
37965,0.001752,172.31.36.0-255,66,87136,9,229772
37966,0.001774,74.125.200.0-255,2184,89320,9,229772
37967,0.001776,172.31.36.0-255,66,89386,9,229772
37968,0.002281,74.125.200.0-255,1484,90870,9,229772
37969,0.002293,74.125.200.0-255,2902,93772,9,229772
37970,0.002296,172.31.36.0-255,66,93838,9,229772
37971,0.002326,74.125.200.0-255,5738,99576,9,229772
37972,0.002329,172.31.36.0-255,66,99642,9,229772
37973,0.002334,74.125.200.0-255,4320,103962,9,229772
37974,0.002336,172.31.36.0-255,66,104028,9,229772
37975,0.00235,74.125.200.0-255,2902,106930,9,229772
37976,0.002352,172.31.36.0-255,66,106996,9,229772
37977,0.004651,74.125.200.0-255,4320,111316,9,229772
37978,0.004657,172.31.36.0-255,66,111382,9,229772
37979,0.004673,74.125.200.0-255,1484,112866,9,229772
37980,0.006971,74.125.200.0-255,4320,117186,9,229772
37981,0.006977,172.31.36.0-255,66,117252,9,229772
37982,0.00929,74.125.200.0-255,5738,122990,9,229772
37983,0.009297,172.31.36.0-255,66,123056,9,229772
37984,0.011623,74.125.200.0-255,5738,128794,9,229772
37985,0.01163,172.31.36.0-255,66,128860,9,229772
37986,0.013964,74.125.200.0-255,5738,134598,9,229772
37987,0.013972,172.31.36.0-255,66,134664,9,229772
37988,0.016308,74.125.200.0-255,5738,140402,9,229772
37989,0.016317,172.31.36.0-255,66,140468,9,229772
37990,0.018641,74.125.200.0-255,5738,146206,9,229772
37991,0.01865,172.31.36.0-255,66,146272,9,229772
37992,0.020976,74.125.200.0-255,5738,152010,9,229772
37993,0.020983,172.31.36.0-255,66,152076,9,229772
37994,0.02331,74.125.200.0-255,5738,157814,9,229772
37995,0.023317,172.31.36.0-255,66,157880,9,229772
37996,0.025648,74.125.200.0-255,5738,163618,9,229772
37997,0.025656,172.31.36.0-255,66,163684,9,229772
37998,0.027979,74.125.200.0-255,5738,169422,9,229772
37999,0.027989,172.31.36.0-255,66,169488,9,229772
38000,0.030307,74.125.200.0-255,5738,175226,9,229772
38001,0.030314,172.31.36.0-255,66,175292,9,229772
38002,0.030332,172.31.36.0-255,172,175464,9,229772
38003,0.030354,172.31.36.0-255,1117,176581,9,229772
38004,0.030483,172.31.36.0-255,1514,178095,9,229772
38005,0.030485,172.31.36.0-255,1514,179609,9,229772
38006,0.030506,172.31.36.0-255,1514,181123,9,229772
38007,0.030507,172.31.36.0-255,1514,182637,9,229772
38008,0.030534,172.31.36.0-255,1485,184122,9,229772
38009,0.031968,104.244.42.0-255,66,184188,9,229772
38010,0.031977,104.244.42.0-255,66,184254,9,229772
38011,0.032104,104.244.42.0-255,66,184320,9,229772
38012,0.032155,104.244.42.0-255,66,184386,9,229772
38013,0.032632,74.125.200.0-255,1484,185870,9,229772
38014,0.032665,74.125.200.0-255,4320,190190,9,229772
38015,0.03267,172.31.36.0-255,66,190256,9,229772
38016,0.033488,104.244.42.0-255,108,190364,9,229772
38017,0.033497,172.31.36.0-255,66,190430,9,229772
38018,0.034983,74.125.200.0-255,5738,196168,9,229772
38019,0.034987,172.31.36.0-255,66,196234,9,229772
38020,0.037307,74.125.200.0-255,5738,201972,9,229772
38021,0.037312,172.31.36.0-255,66,202038,9,229772
38022,0.039639,74.125.200.0-255,4320,206358,9,229772
38023,0.039645,172.31.36.0-255,66,206424,9,229772
38024,0.039661,74.125.200.0-255,1484,207908,9,229772
38025,0.041967,74.125.200.0-255,4320,212228,9,229772
38026,0.041973,172.31.36.0-255,66,212294,9,229772
38027,0.044295,74.125.200.0-255,5738,218032,9,229772
38028,0.0443,172.31.36.0-255,66,218098,9,229772
38029,0.046631,74.125.200.0-255,5738,223836,9,229772
38030,0.046636,172.31.36.0-255,66,223902,9,229772
38031,0.04895,74.125.200.0-255,4320,228222,9,229772
38032,0.048955,172.31.36.0-255,66,228288,9,229772
38033,0.048986,74.125.200.0-255,1484,229772,9,229772
38034,0.0,74.125.24.0-255,153,153,9,214535
38035,1.7e-05,172.31.36.0-255,66,219,9,214535
38036,2.5e-05,74.125.24.0-255,1484,1703,9,214535
38037,3e-05,172.31.36.0-255,66,1769,9,214535
38038,4.3e-05,74.125.24.0-255,2902,4671,9,214535
38039,4.6e-05,172.31.36.0-255,66,4737,9,214535
38040,5.5e-05,74.125.24.0-255,7156,11893,9,214535
38041,5.8e-05,172.31.36.0-255,66,11959,9,214535
38042,6.2e-05,74.125.24.0-255,2076,14035,9,214535
38043,6.5e-05,172.31.36.0-255,66,14101,9,214535
38044,0.000371,74.125.24.0-255,1484,15585,9,214535
38045,0.000377,172.31.36.0-255,66,15651,9,214535
38046,0.000384,74.125.24.0-255,2902,18553,9,214535
38047,0.000387,172.31.36.0-255,66,18619,9,214535
38048,0.0004,74.125.24.0-255,5738,24357,9,214535
38049,0.000403,172.31.36.0-255,66,24423,9,214535
38050,0.00041,74.125.24.0-255,6797,31220,9,214535
38051,0.000412,172.31.36.0-255,66,31286,9,214535
38052,0.000462,172.31.36.0-255,66,31352,9,214535
38053,0.000478,172.31.36.0-255,66,31418,9,214535
38054,0.000513,74.125.24.0-255,3602,35020,9,214535
38055,0.000516,172.31.36.0-255,66,35086,9,214535
38056,0.000675,74.125.24.0-255,649,35735,9,214535
38057,0.000679,172.31.36.0-255,66,35801,9,214535
38058,0.00085,74.125.24.0-255,1484,37285,9,214535
38059,0.000854,172.31.36.0-255,66,37351,9,214535
38060,0.00086,74.125.24.0-255,2902,40253,9,214535
38061,0.000862,172.31.36.0-255,66,40319,9,214535
38062,0.000868,74.125.24.0-255,4320,44639,9,214535
38063,0.00087,172.31.36.0-255,66,44705,9,214535
38064,0.000899,74.125.24.0-255,1484,46189,9,214535
38065,0.000915,172.31.36.0-255,66,46255,9,214535
38066,0.00098,172.31.36.0-255,66,46321,9,214535
38067,0.001228,74.125.24.0-255,1484,47805,9,214535
38068,0.001242,74.125.24.0-255,2902,50707,9,214535
38069,0.001245,172.31.36.0-255,66,50773,9,214535
38070,0.00125,74.125.24.0-255,2902,53675,9,214535
38071,0.001253,172.31.36.0-255,66,53741,9,214535
38072,0.001273,74.125.24.0-255,2902,56643,9,214535
38073,0.001275,172.31.36.0-255,66,56709,9,214535
38074,0.001291,172.31.36.0-255,66,56775,9,214535
38075,0.001318,74.125.24.0-255,2902,59677,9,214535
38076,0.00132,172.31.36.0-255,66,59743,9,214535
38077,0.001334,172.31.36.0-255,66,59809,9,214535
38078,0.001337,74.125.24.0-255,1484,61293,9,214535
38079,0.001342,74.125.24.0-255,2902,64195,9,214535
38080,0.001345,172.31.36.0-255,66,64261,9,214535
38081,0.001352,74.125.24.0-255,5738,69999,9,214535
38082,0.001354,172.31.36.0-255,66,70065,9,214535
38083,0.001412,172.31.36.0-255,66,70131,9,214535
38084,0.001422,172.31.36.0-255,66,70197,9,214535
38085,0.001448,74.125.24.0-255,2184,72381,9,214535
38086,0.00145,172.31.36.0-255,66,72447,9,214535
38087,0.002077,74.125.24.0-255,1484,73931,9,214535
38088,0.002084,74.125.24.0-255,2902,76833,9,214535
38089,0.002087,172.31.36.0-255,66,76899,9,214535
38090,0.002093,74.125.24.0-255,5738,82637,9,214535
38091,0.002095,172.31.36.0-255,66,82703,9,214535
38092,0.002122,74.125.24.0-255,1484,84187,9,214535
38093,0.002153,172.31.36.0-255,66,84253,9,214535
38094,0.002162,172.31.36.0-255,66,84319,9,214535
38095,0.00219,74.125.24.0-255,2184,86503,9,214535
38096,0.002192,172.31.36.0-255,66,86569,9,214535
38097,0.004417,74.125.24.0-255,5738,92307,9,214535
38098,0.004424,172.31.36.0-255,66,92373,9,214535
38099,0.006699,74.125.24.0-255,4320,96693,9,214535
38100,0.006702,172.31.36.0-255,66,96759,9,214535
38101,0.006725,74.125.24.0-255,1484,98243,9,214535
38102,0.008967,74.125.24.0-255,4320,102563,9,214535
38103,0.008974,172.31.36.0-255,66,102629,9,214535
38104,0.011248,74.125.24.0-255,5738,108367,9,214535
38105,0.011258,172.31.36.0-255,66,108433,9,214535
38106,0.013549,74.125.24.0-255,5738,114171,9,214535
38107,0.013557,172.31.36.0-255,66,114237,9,214535
38108,0.015849,74.125.24.0-255,2902,117139,9,214535
38109,0.015862,172.31.36.0-255,66,117205,9,214535
38110,0.015892,74.125.24.0-255,2902,120107,9,214535
38111,0.015894,172.31.36.0-255,66,120173,9,214535
38112,0.018102,74.125.24.0-255,2902,123075,9,214535
38113,0.01811,172.31.36.0-255,66,123141,9,214535
38114,0.018149,74.125.24.0-255,2902,126043,9,214535
38115,0.018152,172.31.36.0-255,66,126109,9,214535
38116,0.020382,74.125.24.0-255,2902,129011,9,214535
38117,0.02039,172.31.36.0-255,66,129077,9,214535
38118,0.020417,74.125.24.0-255,2902,131979,9,214535
38119,0.02042,172.31.36.0-255,66,132045,9,214535
38120,0.022636,74.125.24.0-255,2902,134947,9,214535
38121,0.022645,172.31.36.0-255,66,135013,9,214535
38122,0.02268,74.125.24.0-255,2902,137915,9,214535
38123,0.022683,172.31.36.0-255,66,137981,9,214535
38124,0.024899,74.125.24.0-255,2902,140883,9,214535
38125,0.024907,172.31.36.0-255,66,140949,9,214535
38126,0.024985,74.125.24.0-255,2902,143851,9,214535
38127,0.024989,172.31.36.0-255,66,143917,9,214535
38128,0.027176,74.125.24.0-255,2902,146819,9,214535
38129,0.027184,172.31.36.0-255,66,146885,9,214535
38130,0.027233,74.125.24.0-255,2902,149787,9,214535
38131,0.027236,172.31.36.0-255,66,149853,9,214535
38132,0.029453,74.125.24.0-255,2902,152755,9,214535
38133,0.029461,172.31.36.0-255,66,152821,9,214535
38134,0.029494,74.125.24.0-255,2902,155723,9,214535
38135,0.029497,172.31.36.0-255,66,155789,9,214535
38136,0.031763,74.125.24.0-255,2902,158691,9,214535
38137,0.031773,172.31.36.0-255,66,158757,9,214535
38138,0.031805,74.125.24.0-255,2902,161659,9,214535
38139,0.031808,172.31.36.0-255,66,161725,9,214535
38140,0.034074,74.125.24.0-255,5738,167463,9,214535
38141,0.034082,172.31.36.0-255,66,167529,9,214535
38142,0.036344,74.125.24.0-255,5738,173267,9,214535
38143,0.036354,172.31.36.0-255,66,173333,9,214535
38144,0.038632,74.125.24.0-255,5738,179071,9,214535
38145,0.038641,172.31.36.0-255,66,179137,9,214535
38146,0.040872,74.125.24.0-255,5738,184875,9,214535
38147,0.04088,172.31.36.0-255,66,184941,9,214535
38148,0.04315,74.125.24.0-255,5738,190679,9,214535
38149,0.043159,172.31.36.0-255,66,190745,9,214535
38150,0.045394,74.125.24.0-255,5738,196483,9,214535
38151,0.045399,172.31.36.0-255,66,196549,9,214535
38152,0.045831,172.31.36.0-255,176,196725,9,214535
38153,0.045862,172.31.36.0-255,1115,197840,9,214535
38154,0.045921,172.31.36.0-255,1514,199354,9,214535
38155,0.045923,172.31.36.0-255,1514,200868,9,214535
38156,0.045924,172.31.36.0-255,1514,202382,9,214535
38157,0.045925,172.31.36.0-255,107,202489,9,214535
38158,0.047396,104.244.42.0-255,66,202555,9,214535
38159,0.047425,104.244.42.0-255,66,202621,9,214535
38160,0.047481,104.244.42.0-255,66,202687,9,214535
38161,0.047485,104.244.42.0-255,66,202753,9,214535
38162,0.047672,74.125.24.0-255,5738,208491,9,214535
38163,0.047682,172.31.36.0-255,66,208557,9,214535
38164,0.048548,104.244.42.0-255,108,208665,9,214535
38165,0.048559,172.31.36.0-255,66,208731,9,214535
38166,0.049985,74.125.24.0-255,5738,214469,9,214535
38167,0.049997,172.31.36.0-255,66,214535,9,214535
38168,0.0,172.31.36.0-255,66,66,9,66
38169,0.0,172.31.36.0-255,105,105,9,276
38170,0.001757,157.240.13.0-255,105,210,9,276
38171,0.00177,172.31.36.0-255,66,276,9,276
38172,0.0,74.125.68.0-255,153,153,9,204535
38173,2.4e-05,172.31.36.0-255,66,219,9,204535
38174,3.1e-05,74.125.68.0-255,1484,1703,9,204535
38175,3.5e-05,172.31.36.0-255,66,1769,9,204535
38176,4.1e-05,74.125.68.0-255,2902,4671,9,204535
38177,4.6e-05,172.31.36.0-255,66,4737,9,204535
38178,4.9e-05,74.125.68.0-255,1484,6221,9,204535
38179,5.2e-05,172.31.36.0-255,66,6287,9,204535
38180,5.7e-05,74.125.68.0-255,2902,9189,9,204535
38181,6e-05,172.31.36.0-255,66,9255,9,204535
38182,0.000113,74.125.68.0-255,4923,14178,9,204535
38183,0.000117,172.31.36.0-255,66,14244,9,204535
38184,0.000173,74.125.68.0-255,5738,19982,9,204535
38185,0.000177,172.31.36.0-255,66,20048,9,204535
38186,0.00024,74.125.68.0-255,1484,21532,9,204535
38187,0.000243,172.31.36.0-255,66,21598,9,204535
38188,0.000263,74.125.68.0-255,4320,25918,9,204535
38189,0.000265,172.31.36.0-255,66,25984,9,204535
38190,0.000284,74.125.68.0-255,4320,30304,9,204535
38191,0.000287,172.31.36.0-255,66,30370,9,204535
38192,0.000363,74.125.68.0-255,2543,32913,9,204535
38193,0.000366,172.31.36.0-255,66,32979,9,204535
38194,0.000393,74.125.68.0-255,2902,35881,9,204535
38195,0.000395,172.31.36.0-255,66,35947,9,204535
38196,0.000416,172.31.36.0-255,66,36013,9,204535
38197,0.00043,74.125.68.0-255,3961,39974,9,204535
38198,0.000432,172.31.36.0-255,66,40040,9,204535
38199,0.000601,74.125.68.0-255,1484,41524,9,204535
38200,0.000606,172.31.36.0-255,66,41590,9,204535
38201,0.000612,74.125.68.0-255,2902,44492,9,204535
38202,0.000614,172.31.36.0-255,66,44558,9,204535
38203,0.000653,74.125.68.0-255,5738,50296,9,204535
38204,0.000673,172.31.36.0-255,66,50362,9,204535
38205,0.000724,74.125.68.0-255,4320,54682,9,204535
38206,0.000732,172.31.36.0-255,66,54748,9,204535
38207,0.000774,172.31.36.0-255,66,54814,9,204535
38208,0.000915,74.125.68.0-255,7156,61970,9,204535
38209,0.000924,172.31.36.0-255,66,62036,9,204535
38210,0.000935,74.125.68.0-255,2543,64579,9,204535
38211,0.001002,172.31.36.0-255,66,64645,9,204535
38212,0.001023,74.125.68.0-255,648,65293,9,204535
38213,0.001065,172.31.36.0-255,66,65359,9,204535
38214,0.001153,74.125.68.0-255,5738,71097,9,204535
38215,0.001157,172.31.36.0-255,66,71163,9,204535
38216,0.001206,172.31.36.0-255,66,71229,9,204535
38217,0.001453,74.125.68.0-255,1992,73221,9,204535
38218,0.001457,172.31.36.0-255,66,73287,9,204535
38219,0.001492,172.31.36.0-255,66,73353,9,204535
38220,0.001533,172.31.36.0-255,66,73419,9,204535
38221,0.001905,74.125.68.0-255,1484,74903,9,204535
38222,0.001921,74.125.68.0-255,2902,77805,9,204535
38223,0.001925,172.31.36.0-255,66,77871,9,204535
38224,0.001954,74.125.68.0-255,4320,82191,9,204535
38225,0.001967,74.125.68.0-255,1484,83675,9,204535
38226,0.00197,172.31.36.0-255,66,83741,9,204535
38227,0.002047,172.31.36.0-255,66,83807,9,204535
38228,0.002059,74.125.68.0-255,4320,88127,9,204535
38229,0.002079,172.31.36.0-255,66,88193,9,204535
38230,0.002213,74.125.68.0-255,5738,93931,9,204535
38231,0.002216,172.31.36.0-255,66,93997,9,204535
38232,0.002271,172.31.36.0-255,66,94063,9,204535
38233,0.002571,74.125.68.0-255,4320,98383,9,204535
38234,0.002576,172.31.36.0-255,66,98449,9,204535
38235,0.002623,172.31.36.0-255,66,98515,9,204535
38236,0.00471,74.125.68.0-255,5738,104253,9,204535
38237,0.004717,172.31.36.0-255,66,104319,9,204535
38238,0.006796,74.125.68.0-255,5738,110057,9,204535
38239,0.008057,172.31.36.0-255,66,110123,9,204535
38240,0.010132,74.125.68.0-255,5738,115861,9,204535
38241,0.01014,172.31.36.0-255,66,115927,9,204535
38242,0.01222,74.125.68.0-255,5738,121665,9,204535
38243,0.013554,172.31.36.0-255,66,121731,9,204535
38244,0.015646,74.125.68.0-255,5738,127469,9,204535
38245,0.015656,172.31.36.0-255,66,127535,9,204535
38246,0.01775,74.125.68.0-255,5738,133273,9,204535
38247,0.017759,172.31.36.0-255,66,133339,9,204535
38248,0.019841,74.125.68.0-255,5738,139077,9,204535
38249,0.019849,172.31.36.0-255,66,139143,9,204535
38250,0.021969,74.125.68.0-255,5738,144881,9,204535
38251,0.023084,172.31.36.0-255,66,144947,9,204535
38252,0.025173,74.125.68.0-255,5738,150685,9,204535
38253,0.025182,172.31.36.0-255,66,150751,9,204535
38254,0.027275,74.125.68.0-255,5738,156489,9,204535
38255,0.031162,172.31.36.0-255,66,156555,9,204535
38256,0.033263,74.125.68.0-255,5738,162293,9,204535
38257,0.033272,172.31.36.0-255,66,162359,9,204535
38258,0.035365,74.125.68.0-255,5738,168097,9,204535
38259,0.035374,172.31.36.0-255,66,168163,9,204535
38260,0.036991,172.31.36.0-255,172,168335,9,204535
38261,0.037026,172.31.36.0-255,1070,169405,9,204535
38262,0.037453,74.125.68.0-255,5738,175143,9,204535
38263,0.037461,172.31.36.0-255,66,175209,9,204535
38264,0.038523,104.244.42.0-255,66,175275,9,204535
38265,0.038573,104.244.42.0-255,66,175341,9,204535
38266,0.039268,104.244.42.0-255,108,175449,9,204535
38267,0.039275,172.31.36.0-255,66,175515,9,204535
38268,0.039566,74.125.68.0-255,5738,181253,9,204535
38269,0.039572,172.31.36.0-255,66,181319,9,204535
38270,0.041667,74.125.68.0-255,5738,187057,9,204535
38271,0.041674,172.31.36.0-255,66,187123,9,204535
38272,0.043762,74.125.68.0-255,5738,192861,9,204535
38273,0.043769,172.31.36.0-255,66,192927,9,204535
38274,0.045864,74.125.68.0-255,5738,198665,9,204535
38275,0.04587,172.31.36.0-255,66,198731,9,204535
38276,0.047964,74.125.68.0-255,5738,204469,9,204535
38277,0.04797,172.31.36.0-255,66,204535,9,204535
38278,0.0,74.125.24.0-255,143,143,9,254708
38279,2.6e-05,172.31.36.0-255,66,209,9,254708
38280,3.5e-05,74.125.24.0-255,1484,1693,9,254708
38281,4e-05,172.31.36.0-255,66,1759,9,254708
38282,5.3e-05,74.125.24.0-255,2902,4661,9,254708
38283,5.6e-05,172.31.36.0-255,66,4727,9,254708
38284,6.4e-05,74.125.24.0-255,7156,11883,9,254708
38285,6.8e-05,172.31.36.0-255,66,11949,9,254708
38286,7.5e-05,74.125.24.0-255,2053,14002,9,254708
38287,7.9e-05,172.31.36.0-255,66,14068,9,254708
38288,0.000101,74.125.24.0-255,5738,19806,9,254708
38289,0.000109,172.31.36.0-255,66,19872,9,254708
38290,0.000117,74.125.24.0-255,7156,27028,9,254708
38291,0.00012,172.31.36.0-255,66,27094,9,254708
38292,0.000147,74.125.24.0-255,3961,31055,9,254708
38293,0.000154,172.31.36.0-255,66,31121,9,254708
38294,0.000196,74.125.24.0-255,2902,34023,9,254708
38295,0.000199,172.31.36.0-255,66,34089,9,254708
38296,0.000204,74.125.24.0-255,2902,36991,9,254708
38297,0.000206,172.31.36.0-255,66,37057,9,254708
38298,0.000238,74.125.24.0-255,1484,38541,9,254708
38299,0.00024,172.31.36.0-255,66,38607,9,254708
38300,0.000256,172.31.36.0-255,66,38673,9,254708
38301,0.000259,74.125.24.0-255,1125,39798,9,254708
38302,0.000261,172.31.36.0-255,66,39864,9,254708
38303,0.000812,74.125.24.0-255,1484,41348,9,254708
38304,0.000818,172.31.36.0-255,66,41414,9,254708
38305,0.000825,74.125.24.0-255,2902,44316,9,254708
38306,0.000827,172.31.36.0-255,66,44382,9,254708
38307,0.00083,74.125.24.0-255,1484,45866,9,254708
38308,0.000837,172.31.36.0-255,66,45932,9,254708
38309,0.000867,74.125.24.0-255,4320,50252,9,254708
38310,0.000889,74.125.24.0-255,2902,53154,9,254708
38311,0.000905,74.125.24.0-255,3961,57115,9,254708
38312,0.00091,172.31.36.0-255,66,57181,9,254708
38313,0.001033,74.125.24.0-255,1484,58665,9,254708
38314,0.001039,74.125.24.0-255,2902,61567,9,254708
38315,0.001042,172.31.36.0-255,66,61633,9,254708
38316,0.001074,74.125.24.0-255,5738,67371,9,254708
38317,0.001085,74.125.24.0-255,1484,68855,9,254708
38318,0.0011,74.125.24.0-255,5379,74234,9,254708
38319,0.001117,172.31.36.0-255,66,74300,9,254708
38320,0.001156,74.125.24.0-255,1484,75784,9,254708
38321,0.001161,74.125.24.0-255,2902,78686,9,254708
38322,0.001165,172.31.36.0-255,66,78752,9,254708
38323,0.001175,74.125.24.0-255,4320,83072,9,254708
38324,0.001194,74.125.24.0-255,1484,84556,9,254708
38325,0.0012,74.125.24.0-255,5738,90294,9,254708
38326,0.001224,172.31.36.0-255,66,90360,9,254708
38327,0.001249,74.125.24.0-255,1125,91485,9,254708
38328,0.001315,74.125.24.0-255,645,92130,9,254708
38329,0.001318,172.31.36.0-255,66,92196,9,254708
38330,0.001641,74.125.24.0-255,1484,93680,9,254708
38331,0.001662,74.125.24.0-255,2902,96582,9,254708
38332,0.001666,172.31.36.0-255,66,96648,9,254708
38333,0.001673,74.125.24.0-255,4320,100968,9,254708
38334,0.001709,74.125.24.0-255,5738,106706,9,254708
38335,0.001727,74.125.24.0-255,2902,109608,9,254708
38336,0.00173,172.31.36.0-255,66,109674,9,254708
38337,0.001734,172.31.36.0-255,66,109740,9,254708
38338,0.001752,74.125.24.0-255,5738,115478,9,254708
38339,0.001783,74.125.24.0-255,4320,119798,9,254708
38340,0.001797,172.31.36.0-255,66,119864,9,254708
38341,0.00206,74.125.24.0-255,1484,121348,9,254708
38342,0.002068,74.125.24.0-255,1484,122832,9,254708
38343,0.002071,172.31.36.0-255,66,122898,9,254708
38344,0.002097,74.125.24.0-255,1484,124382,9,254708
38345,0.002101,74.125.24.0-255,2184,126566,9,254708
38346,0.002176,74.125.24.0-255,1484,128050,9,254708
38347,0.002192,74.125.24.0-255,2902,130952,9,254708
38348,0.002214,74.125.24.0-255,5738,136690,9,254708
38349,0.0023,74.125.24.0-255,4320,141010,9,254708
38350,0.008146,172.31.36.0-255,66,141076,9,254708
38351,0.010445,74.125.24.0-255,5738,146814,9,254708
38352,0.010461,172.31.36.0-255,66,146880,9,254708
38353,0.012745,74.125.24.0-255,5738,152618,9,254708
38354,0.012764,172.31.36.0-255,66,152684,9,254708
38355,0.015041,74.125.24.0-255,5738,158422,9,254708
38356,0.015063,172.31.36.0-255,66,158488,9,254708
38357,0.017385,74.125.24.0-255,5738,164226,9,254708
38358,0.017399,172.31.36.0-255,66,164292,9,254708
38359,0.019703,74.125.24.0-255,5738,170030,9,254708
38360,0.019713,172.31.36.0-255,66,170096,9,254708
38361,0.022027,74.125.24.0-255,5738,175834,9,254708
38362,0.022036,172.31.36.0-255,66,175900,9,254708
38363,0.024287,74.125.24.0-255,5738,181638,9,254708
38364,0.024298,172.31.36.0-255,66,181704,9,254708
38365,0.026594,74.125.24.0-255,5738,187442,9,254708
38366,0.026602,172.31.36.0-255,66,187508,9,254708
38367,0.028863,74.125.24.0-255,5738,193246,9,254708
38368,0.02887,172.31.36.0-255,66,193312,9,254708
38369,0.031171,74.125.24.0-255,5738,199050,9,254708
38370,0.031179,172.31.36.0-255,66,199116,9,254708
38371,0.033468,74.125.24.0-255,5738,204854,9,254708
38372,0.033482,172.31.36.0-255,66,204920,9,254708
38373,0.035724,74.125.24.0-255,5738,210658,9,254708
38374,0.035736,172.31.36.0-255,66,210724,9,254708
38375,0.037999,74.125.24.0-255,5738,216462,9,254708
38376,0.038008,172.31.36.0-255,66,216528,9,254708
38377,0.040233,172.31.36.0-255,172,216700,9,254708
38378,0.040276,74.125.24.0-255,5738,222438,9,254708
38379,0.040283,172.31.36.0-255,66,222504,9,254708
38380,0.04029,172.31.36.0-255,1117,223621,9,254708
38381,0.040382,172.31.36.0-255,1514,225135,9,254708
38382,0.040384,172.31.36.0-255,1514,226649,9,254708
38383,0.040391,172.31.36.0-255,1514,228163,9,254708
38384,0.040392,172.31.36.0-255,1514,229677,9,254708
38385,0.040421,172.31.36.0-255,1485,231162,9,254708
38386,0.0418,104.244.42.0-255,66,231228,9,254708
38387,0.041837,104.244.42.0-255,66,231294,9,254708
38388,0.04199,104.244.42.0-255,66,231360,9,254708
38389,0.042037,104.244.42.0-255,66,231426,9,254708
38390,0.042526,74.125.24.0-255,5738,237164,9,254708
38391,0.042533,172.31.36.0-255,66,237230,9,254708
38392,0.044821,74.125.24.0-255,5738,242968,9,254708
38393,0.044829,172.31.36.0-255,66,243034,9,254708
38394,0.047126,74.125.24.0-255,5738,248772,9,254708
38395,0.047131,172.31.36.0-255,66,248838,9,254708
38396,0.049416,74.125.24.0-255,4320,253158,9,254708
38397,0.049423,172.31.36.0-255,66,253224,9,254708
38398,0.049459,74.125.24.0-255,1484,254708,9,254708
38399,0.0,74.125.68.0-255,150,150,9,243648
38400,3.2e-05,172.31.36.0-255,66,216,9,243648
38401,4e-05,74.125.68.0-255,1484,1700,9,243648
38402,4.5e-05,172.31.36.0-255,66,1766,9,243648
38403,5e-05,74.125.68.0-255,2902,4668,9,243648
38404,6e-05,172.31.36.0-255,66,4734,9,243648
38405,6.8e-05,74.125.68.0-255,7156,11890,9,243648
38406,7e-05,172.31.36.0-255,66,11956,9,243648
38407,0.000107,74.125.68.0-255,5738,17694,9,243648
38408,0.00011,172.31.36.0-255,66,17760,9,243648
38409,0.000139,74.125.68.0-255,2058,19818,9,243648
38410,0.000143,172.31.36.0-255,66,19884,9,243648
38411,0.000151,74.125.68.0-255,7156,27040,9,243648
38412,0.000154,172.31.36.0-255,66,27106,9,243648
38413,0.000159,74.125.68.0-255,3961,31067,9,243648
38414,0.000162,172.31.36.0-255,66,31133,9,243648
38415,0.000289,74.125.68.0-255,1484,32617,9,243648
38416,0.000295,172.31.36.0-255,66,32683,9,243648
38417,0.000321,74.125.68.0-255,1484,34167,9,243648
38418,0.000324,172.31.36.0-255,66,34233,9,243648
38419,0.00033,74.125.68.0-255,2902,37135,9,243648
38420,0.000332,172.31.36.0-255,66,37201,9,243648
38421,0.000366,74.125.68.0-255,5738,42939,9,243648
38422,0.000369,172.31.36.0-255,66,43005,9,243648
38423,0.000374,74.125.68.0-255,2902,45907,9,243648
38424,0.000379,172.31.36.0-255,66,45973,9,243648
38425,0.00039,74.125.68.0-255,2543,48516,9,243648
38426,0.000393,172.31.36.0-255,66,48582,9,243648
38427,0.000422,74.125.68.0-255,1484,50066,9,243648
38428,0.000425,172.31.36.0-255,66,50132,9,243648
38429,0.00043,74.125.68.0-255,2902,53034,9,243648
38430,0.000432,172.31.36.0-255,66,53100,9,243648
38431,0.0005,74.125.68.0-255,5738,58838,9,243648
38432,0.000503,172.31.36.0-255,66,58904,9,243648
38433,0.000512,74.125.68.0-255,6797,65701,9,243648
38434,0.000514,172.31.36.0-255,66,65767,9,243648
38435,0.000516,74.125.68.0-255,397,66164,9,243648
38436,0.000665,74.125.68.0-255,346,66510,9,243648
38437,0.000854,172.31.36.0-255,66,66576,9,243648
38438,0.000949,74.125.68.0-255,1484,68060,9,243648
38439,0.000957,74.125.68.0-255,1484,69544,9,243648
38440,0.000961,172.31.36.0-255,66,69610,9,243648
38441,0.000966,74.125.68.0-255,2902,72512,9,243648
38442,0.000968,172.31.36.0-255,66,72578,9,243648
38443,0.000991,74.125.68.0-255,5738,78316,9,243648
38444,0.000993,172.31.36.0-255,66,78382,9,243648
38445,0.001024,74.125.68.0-255,2902,81284,9,243648
38446,0.001029,172.31.36.0-255,66,81350,9,243648
38447,0.001055,74.125.68.0-255,2543,83893,9,243648
38448,0.001059,172.31.36.0-255,66,83959,9,243648
38449,0.001789,74.125.68.0-255,1484,85443,9,243648
38450,0.001796,74.125.68.0-255,2902,88345,9,243648
38451,0.0018,172.31.36.0-255,66,88411,9,243648
38452,0.001828,74.125.68.0-255,2902,91313,9,243648
38453,0.00183,172.31.36.0-255,66,91379,9,243648
38454,0.001836,74.125.68.0-255,4320,95699,9,243648
38455,0.001838,172.31.36.0-255,66,95765,9,243648
38456,0.001883,74.125.68.0-255,5379,101144,9,243648
38457,0.001886,172.31.36.0-255,66,101210,9,243648
38458,0.002164,74.125.68.0-255,1484,102694,9,243648
38459,0.002178,74.125.68.0-255,1484,104178,9,243648
38460,0.00218,172.31.36.0-255,66,104244,9,243648
38461,0.002191,74.125.68.0-255,1484,105728,9,243648
38462,0.002197,74.125.68.0-255,1484,107212,9,243648
38463,0.002199,172.31.36.0-255,66,107278,9,243648
38464,0.002226,74.125.68.0-255,4320,111598,9,243648
38465,0.002228,172.31.36.0-255,66,111664,9,243648
38466,0.002236,74.125.68.0-255,7156,118820,9,243648
38467,0.002238,172.31.36.0-255,66,118886,9,243648
38468,0.002276,172.31.36.0-255,66,118952,9,243648
38469,0.002301,74.125.68.0-255,4320,123272,9,243648
38470,0.002304,172.31.36.0-255,66,123338,9,243648
38471,0.002328,74.125.68.0-255,3602,126940,9,243648
38472,0.00233,172.31.36.0-255,66,127006,9,243648
38473,0.004581,74.125.68.0-255,1484,128490,9,243648
38474,0.004602,74.125.68.0-255,1484,129974,9,243648
38475,0.004605,172.31.36.0-255,66,130040,9,243648
38476,0.004639,74.125.68.0-255,2902,132942,9,243648
38477,0.004641,172.31.36.0-255,66,133008,9,243648
38478,0.006899,74.125.68.0-255,2902,135910,9,243648
38479,0.006905,172.31.36.0-255,66,135976,9,243648
38480,0.00694,74.125.68.0-255,2902,138878,9,243648
38481,0.006944,172.31.36.0-255,66,138944,9,243648
38482,0.009207,74.125.68.0-255,2902,141846,9,243648
38483,0.009214,172.31.36.0-255,66,141912,9,243648
38484,0.00925,74.125.68.0-255,2902,144814,9,243648
38485,0.009254,172.31.36.0-255,66,144880,9,243648
38486,0.011531,74.125.68.0-255,2902,147782,9,243648
38487,0.011539,172.31.36.0-255,66,147848,9,243648
38488,0.011571,74.125.68.0-255,2902,150750,9,243648
38489,0.011575,172.31.36.0-255,66,150816,9,243648
38490,0.013835,74.125.68.0-255,2902,153718,9,243648
38491,0.013842,172.31.36.0-255,66,153784,9,243648
38492,0.013882,74.125.68.0-255,2902,156686,9,243648
38493,0.013884,172.31.36.0-255,66,156752,9,243648
38494,0.016147,74.125.68.0-255,2902,159654,9,243648
38495,0.016154,172.31.36.0-255,66,159720,9,243648
38496,0.016189,74.125.68.0-255,2902,162622,9,243648
38497,0.016192,172.31.36.0-255,66,162688,9,243648
38498,0.018457,74.125.68.0-255,2902,165590,9,243648
38499,0.018467,172.31.36.0-255,66,165656,9,243648
38500,0.018508,74.125.68.0-255,2902,168558,9,243648
38501,0.018512,172.31.36.0-255,66,168624,9,243648
38502,0.020755,74.125.68.0-255,2902,171526,9,243648
38503,0.020761,172.31.36.0-255,66,171592,9,243648
38504,0.02081,74.125.68.0-255,2902,174494,9,243648
38505,0.020815,172.31.36.0-255,66,174560,9,243648
38506,0.023063,74.125.68.0-255,2902,177462,9,243648
38507,0.023072,172.31.36.0-255,66,177528,9,243648
38508,0.023112,74.125.68.0-255,2902,180430,9,243648
38509,0.023116,172.31.36.0-255,66,180496,9,243648
38510,0.025389,74.125.68.0-255,2902,183398,9,243648
38511,0.025397,172.31.36.0-255,66,183464,9,243648
38512,0.02542,74.125.68.0-255,2902,186366,9,243648
38513,0.025424,172.31.36.0-255,66,186432,9,243648
38514,0.027703,74.125.68.0-255,2902,189334,9,243648
38515,0.02771,172.31.36.0-255,66,189400,9,243648
38516,0.027742,74.125.68.0-255,2902,192302,9,243648
38517,0.027745,172.31.36.0-255,66,192368,9,243648
38518,0.030017,74.125.68.0-255,2902,195270,9,243648
38519,0.030025,172.31.36.0-255,66,195336,9,243648
38520,0.030045,74.125.68.0-255,2902,198238,9,243648
38521,0.030049,172.31.36.0-255,66,198304,9,243648
38522,0.032334,74.125.68.0-255,2902,201206,9,243648
38523,0.03234,172.31.36.0-255,66,201272,9,243648
38524,0.032383,74.125.68.0-255,2902,204174,9,243648
38525,0.032387,172.31.36.0-255,66,204240,9,243648
38526,0.034646,74.125.68.0-255,2902,207142,9,243648
38527,0.034652,172.31.36.0-255,66,207208,9,243648
38528,0.03469,74.125.68.0-255,2902,210110,9,243648
38529,0.034695,172.31.36.0-255,66,210176,9,243648
38530,0.03697,74.125.68.0-255,4320,214496,9,243648
38531,0.036978,172.31.36.0-255,66,214562,9,243648
38532,0.037015,74.125.68.0-255,1484,216046,9,243648
38533,0.039295,74.125.68.0-255,4320,220366,9,243648
38534,0.039301,172.31.36.0-255,66,220432,9,243648
38535,0.041596,74.125.68.0-255,5738,226170,9,243648
38536,0.041605,172.31.36.0-255,66,226236,9,243648
38537,0.04394,74.125.68.0-255,5738,231974,9,243648
38538,0.043948,172.31.36.0-255,66,232040,9,243648
38539,0.04625,74.125.68.0-255,5738,237778,9,243648
38540,0.046258,172.31.36.0-255,66,237844,9,243648
38541,0.048581,74.125.68.0-255,5738,243582,9,243648
38542,0.048588,172.31.36.0-255,66,243648,9,243648
38543,0.0,172.217.194.0-255,153,153,9,284651
38544,3.1e-05,172.31.36.0-255,66,219,9,284651
38545,3.9e-05,172.217.194.0-255,1484,1703,9,284651
38546,4.4e-05,172.31.36.0-255,66,1769,9,284651
38547,4.9e-05,172.217.194.0-255,2902,4671,9,284651
38548,5.9e-05,172.31.36.0-255,66,4737,9,284651
38549,6.6e-05,172.217.194.0-255,7156,11893,9,284651
38550,6.9e-05,172.31.36.0-255,66,11959,9,284651
38551,7.3e-05,172.217.194.0-255,2067,14026,9,284651
38552,7.5e-05,172.31.36.0-255,66,14092,9,284651
38553,0.000128,172.217.194.0-255,1484,15576,9,284651
38554,0.000132,172.31.36.0-255,66,15642,9,284651
38555,0.000137,172.217.194.0-255,2902,18544,9,284651
38556,0.00014,172.31.36.0-255,66,18610,9,284651
38557,0.000143,172.217.194.0-255,1484,20094,9,284651
38558,0.000144,172.31.36.0-255,66,20160,9,284651
38559,0.000187,172.217.194.0-255,4320,24480,9,284651
38560,0.00019,172.31.36.0-255,66,24546,9,284651
38561,0.000195,172.217.194.0-255,2902,27448,9,284651
38562,0.000197,172.31.36.0-255,66,27514,9,284651
38563,0.000227,172.217.194.0-255,3961,31475,9,284651
38564,0.00023,172.31.36.0-255,66,31541,9,284651
38565,0.000287,172.217.194.0-255,1484,33025,9,284651
38566,0.000291,172.31.36.0-255,66,33091,9,284651
38567,0.000296,172.217.194.0-255,2902,35993,9,284651
38568,0.000298,172.31.36.0-255,66,36059,9,284651
38569,0.000325,172.217.194.0-255,5738,41797,9,284651
38570,0.000328,172.31.36.0-255,66,41863,9,284651
38571,0.00036,172.217.194.0-255,2902,44765,9,284651
38572,0.000363,172.31.36.0-255,66,44831,9,284651
38573,0.000381,172.217.194.0-255,3961,48792,9,284651
38574,0.000384,172.31.36.0-255,66,48858,9,284651
38575,0.000463,172.217.194.0-255,1484,50342,9,284651
38576,0.000484,172.217.194.0-255,2902,53244,9,284651
38577,0.000487,172.31.36.0-255,66,53310,9,284651
38578,0.000492,172.217.194.0-255,2902,56212,9,284651
38579,0.000494,172.31.36.0-255,66,56278,9,284651
38580,0.000525,172.217.194.0-255,2902,59180,9,284651
38581,0.000531,172.217.194.0-255,4320,63500,9,284651
38582,0.000531,172.31.36.0-255,66,63566,9,284651
38583,0.000535,172.31.36.0-255,66,63632,9,284651
38584,0.000558,172.217.194.0-255,2854,66486,9,284651
38585,0.000561,172.31.36.0-255,66,66552,9,284651
38586,0.000593,172.217.194.0-255,366,66918,9,284651
38587,0.00065,172.217.194.0-255,1484,68402,9,284651
38588,0.000654,172.31.36.0-255,66,68468,9,284651
38589,0.000659,172.217.194.0-255,2902,71370,9,284651
38590,0.000662,172.31.36.0-255,66,71436,9,284651
38591,0.000683,172.217.194.0-255,5738,77174,9,284651
38592,0.000686,172.31.36.0-255,66,77240,9,284651
38593,0.00069,172.217.194.0-255,1484,78724,9,284651
38594,0.000741,172.31.36.0-255,66,78790,9,284651
38595,0.000755,172.31.36.0-255,66,78856,9,284651
38596,0.001219,172.217.194.0-255,1484,80340,9,284651
38597,0.001228,172.217.194.0-255,2902,83242,9,284651
38598,0.001231,172.31.36.0-255,66,83308,9,284651
38599,0.001236,172.217.194.0-255,1484,84792,9,284651
38600,0.001255,172.217.194.0-255,4320,89112,9,284651
38601,0.001257,172.31.36.0-255,66,89178,9,284651
38602,0.001293,172.31.36.0-255,66,89244,9,284651
38603,0.001306,172.31.36.0-255,66,89310,9,284651
38604,0.001335,172.217.194.0-255,766,90076,9,284651
38605,0.0014,172.217.194.0-255,1484,91560,9,284651
38606,0.001403,172.31.36.0-255,66,91626,9,284651
38607,0.001409,172.217.194.0-255,2902,94528,9,284651
38608,0.001411,172.31.36.0-255,66,94594,9,284651
38609,0.001416,172.217.194.0-255,2902,97496,9,284651
38610,0.001423,172.31.36.0-255,66,97562,9,284651
38611,0.001454,172.217.194.0-255,2902,100464,9,284651
38612,0.001458,172.31.36.0-255,66,100530,9,284651
38613,0.001466,172.217.194.0-255,7156,107686,9,284651
38614,0.001468,172.31.36.0-255,66,107752,9,284651
38615,0.001499,172.217.194.0-255,5738,113490,9,284651
38616,0.001503,172.31.36.0-255,66,113556,9,284651
38617,0.001514,172.31.36.0-255,66,113622,9,284651
38618,0.001697,172.217.194.0-255,1484,115106,9,284651
38619,0.001704,172.217.194.0-255,2902,118008,9,284651
38620,0.001708,172.31.36.0-255,66,118074,9,284651
38621,0.001715,172.217.194.0-255,5738,123812,9,284651
38622,0.001719,172.31.36.0-255,66,123878,9,284651
38623,0.001767,172.31.36.0-255,66,123944,9,284651
38624,0.001779,172.31.36.0-255,66,124010,9,284651
38625,0.001809,172.217.194.0-255,2902,126912,9,284651
38626,0.001812,172.31.36.0-255,66,126978,9,284651
38627,0.001817,172.217.194.0-255,4320,131298,9,284651
38628,0.00182,172.31.36.0-255,66,131364,9,284651
38629,0.001826,172.217.194.0-255,5738,137102,9,284651
38630,0.001829,172.31.36.0-255,66,137168,9,284651
38631,0.001857,172.217.194.0-255,2902,140070,9,284651
38632,0.001859,172.31.36.0-255,66,140136,9,284651
38633,0.001876,172.31.36.0-255,66,140202,9,284651
38634,0.001906,172.217.194.0-255,5020,145222,9,284651
38635,0.001909,172.31.36.0-255,66,145288,9,284651
38636,0.003955,172.217.194.0-255,5738,151026,9,284651
38637,0.003957,172.31.36.0-255,66,151092,9,284651
38638,0.00606,172.217.194.0-255,5738,156830,9,284651
38639,0.006067,172.31.36.0-255,66,156896,9,284651
38640,0.008163,172.217.194.0-255,5738,162634,9,284651
38641,0.008168,172.31.36.0-255,66,162700,9,284651
38642,0.010266,172.217.194.0-255,5738,168438,9,284651
38643,0.010274,172.31.36.0-255,66,168504,9,284651
38644,0.012353,172.217.194.0-255,5738,174242,9,284651
38645,0.012361,172.31.36.0-255,66,174308,9,284651
38646,0.014449,172.217.194.0-255,5738,180046,9,284651
38647,0.014462,172.31.36.0-255,66,180112,9,284651
38648,0.016524,172.217.194.0-255,5738,185850,9,284651
38649,0.016533,172.31.36.0-255,66,185916,9,284651
38650,0.018628,172.217.194.0-255,5738,191654,9,284651
38651,0.018635,172.31.36.0-255,66,191720,9,284651
38652,0.020771,172.217.194.0-255,5738,197458,9,284651
38653,0.020778,172.31.36.0-255,66,197524,9,284651
38654,0.02283,172.217.194.0-255,5738,203262,9,284651
38655,0.022837,172.31.36.0-255,66,203328,9,284651
38656,0.024907,172.217.194.0-255,5738,209066,9,284651
38657,0.024913,172.31.36.0-255,66,209132,9,284651
38658,0.02698,172.217.194.0-255,5738,214870,9,284651
38659,0.026987,172.31.36.0-255,66,214936,9,284651
38660,0.027777,172.31.36.0-255,172,215108,9,284651
38661,0.027822,172.31.36.0-255,1116,216224,9,284651
38662,0.027899,172.31.36.0-255,1514,217738,9,284651
38663,0.027901,172.31.36.0-255,1514,219252,9,284651
38664,0.027906,172.31.36.0-255,1514,220766,9,284651
38665,0.027907,172.31.36.0-255,1063,221829,9,284651
38666,0.029047,172.217.194.0-255,5738,227567,9,284651
38667,0.029052,172.31.36.0-255,66,227633,9,284651
38668,0.029336,104.244.42.0-255,66,227699,9,284651
38669,0.0294,104.244.42.0-255,66,227765,9,284651
38670,0.029477,104.244.42.0-255,66,227831,9,284651
38671,0.02948,104.244.42.0-255,66,227897,9,284651
38672,0.031108,172.217.194.0-255,4320,232217,9,284651
38673,0.031114,172.31.36.0-255,66,232283,9,284651
38674,0.031151,172.217.194.0-255,1484,233767,9,284651
38675,0.033212,172.217.194.0-255,4320,238087,9,284651
38676,0.033217,172.31.36.0-255,66,238153,9,284651
38677,0.035307,172.217.194.0-255,5738,243891,9,284651
38678,0.035314,172.31.36.0-255,66,243957,9,284651
38679,0.037364,172.217.194.0-255,5738,249695,9,284651
38680,0.03737,172.31.36.0-255,66,249761,9,284651
38681,0.039434,172.217.194.0-255,5738,255499,9,284651
38682,0.039439,172.31.36.0-255,66,255565,9,284651
38683,0.041533,172.217.194.0-255,5738,261303,9,284651
38684,0.041538,172.31.36.0-255,66,261369,9,284651
38685,0.04359,172.217.194.0-255,5738,267107,9,284651
38686,0.043596,172.31.36.0-255,66,267173,9,284651
38687,0.045669,172.217.194.0-255,5738,272911,9,284651
38688,0.045674,172.31.36.0-255,66,272977,9,284651
38689,0.047742,172.217.194.0-255,5738,278715,9,284651
38690,0.047747,172.31.36.0-255,66,278781,9,284651
38691,0.049815,172.217.194.0-255,1484,280265,9,284651
38692,0.049849,172.217.194.0-255,4320,284585,9,284651
38693,0.049854,172.31.36.0-255,66,284651,9,284651
38694,0.0,74.125.24.0-255,153,153,9,248685
38695,3.2e-05,172.31.36.0-255,66,219,9,248685
38696,3.9e-05,74.125.24.0-255,1484,1703,9,248685
38697,4.4e-05,172.31.36.0-255,66,1769,9,248685
38698,4.8e-05,74.125.24.0-255,2902,4671,9,248685
38699,5.1e-05,172.31.36.0-255,66,4737,9,248685
38700,5.8e-05,74.125.24.0-255,7156,11893,9,248685
38701,6.1e-05,172.31.36.0-255,66,11959,9,248685
38702,6.4e-05,74.125.24.0-255,2033,13992,9,248685
38703,6.7e-05,172.31.36.0-255,66,14058,9,248685
38704,0.000155,74.125.24.0-255,1484,15542,9,248685
38705,0.000159,172.31.36.0-255,66,15608,9,248685
38706,0.000179,74.125.24.0-255,2902,18510,9,248685
38707,0.000182,172.31.36.0-255,66,18576,9,248685
38708,0.000186,74.125.24.0-255,2902,21478,9,248685
38709,0.000189,172.31.36.0-255,66,21544,9,248685
38710,0.000205,74.125.24.0-255,2902,24446,9,248685
38711,0.000207,172.31.36.0-255,66,24512,9,248685
38712,0.00021,74.125.24.0-255,1484,25996,9,248685
38713,0.000213,172.31.36.0-255,66,26062,9,248685
38714,0.00023,74.125.24.0-255,5379,31441,9,248685
38715,0.000233,172.31.36.0-255,66,31507,9,248685
38716,0.000322,74.125.24.0-255,1484,32991,9,248685
38717,0.000326,172.31.36.0-255,66,33057,9,248685
38718,0.000331,74.125.24.0-255,2902,35959,9,248685
38719,0.000334,172.31.36.0-255,66,36025,9,248685
38720,0.000341,74.125.24.0-255,5738,41763,9,248685
38721,0.000343,172.31.36.0-255,66,41829,9,248685
38722,0.00037,74.125.24.0-255,6797,48626,9,248685
38723,0.000375,172.31.36.0-255,66,48692,9,248685
38724,0.000747,74.125.24.0-255,1484,50176,9,248685
38725,0.000751,172.31.36.0-255,66,50242,9,248685
38726,0.00076,74.125.24.0-255,2902,53144,9,248685
38727,0.000762,172.31.36.0-255,66,53210,9,248685
38728,0.000767,74.125.24.0-255,2902,56112,9,248685
38729,0.000769,172.31.36.0-255,66,56178,9,248685
38730,0.000796,74.125.24.0-255,2902,59080,9,248685
38731,0.000799,172.31.36.0-255,66,59146,9,248685
38732,0.000805,74.125.24.0-255,4320,63466,9,248685
38733,0.000807,172.31.36.0-255,66,63532,9,248685
38734,0.000822,74.125.24.0-255,2543,66075,9,248685
38735,0.000825,172.31.36.0-255,66,66141,9,248685
38736,0.00091,74.125.24.0-255,1484,67625,9,248685
38737,0.000916,74.125.24.0-255,2902,70527,9,248685
38738,0.000919,172.31.36.0-255,66,70593,9,248685
38739,0.000955,74.125.24.0-255,5738,76331,9,248685
38740,0.000959,172.31.36.0-255,66,76397,9,248685
38741,0.000987,74.125.24.0-255,6797,83194,9,248685
38742,0.00099,172.31.36.0-255,66,83260,9,248685
38743,0.001025,74.125.24.0-255,7156,90416,9,248685
38744,0.001028,172.31.36.0-255,66,90482,9,248685
38745,0.001042,172.31.36.0-255,66,90548,9,248685
38746,0.001066,74.125.24.0-255,646,91194,9,248685
38747,0.001461,74.125.24.0-255,1484,92678,9,248685
38748,0.001467,172.31.36.0-255,66,92744,9,248685
38749,0.001473,74.125.24.0-255,2902,95646,9,248685
38750,0.001476,172.31.36.0-255,66,95712,9,248685
38751,0.001481,74.125.24.0-255,4320,100032,9,248685
38752,0.001483,172.31.36.0-255,66,100098,9,248685
38753,0.00151,74.125.24.0-255,1484,101582,9,248685
38754,0.001522,172.31.36.0-255,66,101648,9,248685
38755,0.001542,74.125.24.0-255,5738,107386,9,248685
38756,0.001544,172.31.36.0-255,66,107452,9,248685
38757,0.001569,172.31.36.0-255,66,107518,9,248685
38758,0.002109,74.125.24.0-255,1484,109002,9,248685
38759,0.002113,74.125.24.0-255,1484,110486,9,248685
38760,0.002116,172.31.36.0-255,66,110552,9,248685
38761,0.002132,74.125.24.0-255,1484,112036,9,248685
38762,0.002138,74.125.24.0-255,5738,117774,9,248685
38763,0.00214,172.31.36.0-255,66,117840,9,248685
38764,0.002145,74.125.24.0-255,2902,120742,9,248685
38765,0.002147,172.31.36.0-255,66,120808,9,248685
38766,0.002163,74.125.24.0-255,5738,126546,9,248685
38767,0.002165,172.31.36.0-255,66,126612,9,248685
38768,0.002186,74.125.24.0-255,4320,130932,9,248685
38769,0.002188,172.31.36.0-255,66,130998,9,248685
38770,0.002218,172.31.36.0-255,66,131064,9,248685
38771,0.004499,74.125.24.0-255,5738,136802,9,248685
38772,0.004506,172.31.36.0-255,66,136868,9,248685
38773,0.006763,74.125.24.0-255,5738,142606,9,248685
38774,0.006768,172.31.36.0-255,66,142672,9,248685
38775,0.00907,74.125.24.0-255,5738,148410,9,248685
38776,0.009077,172.31.36.0-255,66,148476,9,248685
38777,0.011338,74.125.24.0-255,5738,154214,9,248685
38778,0.011345,172.31.36.0-255,66,154280,9,248685
38779,0.013594,74.125.24.0-255,5738,160018,9,248685
38780,0.013599,172.31.36.0-255,66,160084,9,248685
38781,0.015872,74.125.24.0-255,5738,165822,9,248685
38782,0.01588,172.31.36.0-255,66,165888,9,248685
38783,0.018152,74.125.24.0-255,5738,171626,9,248685
38784,0.018161,172.31.36.0-255,66,171692,9,248685
38785,0.02044,74.125.24.0-255,5738,177430,9,248685
38786,0.020449,172.31.36.0-255,66,177496,9,248685
38787,0.022726,74.125.24.0-255,5738,183234,9,248685
38788,0.022731,172.31.36.0-255,66,183300,9,248685
38789,0.025005,74.125.24.0-255,5738,189038,9,248685
38790,0.025011,172.31.36.0-255,66,189104,9,248685
38791,0.027304,74.125.24.0-255,5738,194842,9,248685
38792,0.027311,172.31.36.0-255,66,194908,9,248685
38793,0.029577,74.125.24.0-255,5738,200646,9,248685
38794,0.029584,172.31.36.0-255,66,200712,9,248685
38795,0.031837,74.125.24.0-255,5738,206450,9,248685
38796,0.031845,172.31.36.0-255,66,206516,9,248685
38797,0.033056,172.31.36.0-255,172,206688,9,248685
38798,0.03309,172.31.36.0-255,1070,207758,9,248685
38799,0.034122,74.125.24.0-255,5738,213496,9,248685
38800,0.034129,172.31.36.0-255,66,213562,9,248685
38801,0.034588,104.244.42.0-255,66,213628,9,248685
38802,0.034628,104.244.42.0-255,66,213694,9,248685
38803,0.036429,74.125.24.0-255,5738,219432,9,248685
38804,0.036435,172.31.36.0-255,66,219498,9,248685
38805,0.038715,74.125.24.0-255,5738,225236,9,248685
38806,0.038721,172.31.36.0-255,66,225302,9,248685
38807,0.040978,74.125.24.0-255,5738,231040,9,248685
38808,0.041,172.31.36.0-255,66,231106,9,248685
38809,0.043252,74.125.24.0-255,5738,236844,9,248685
38810,0.043256,172.31.36.0-255,66,236910,9,248685
38811,0.043365,172.31.36.0-255,101,237011,9,248685
38812,0.045513,74.125.24.0-255,5738,242749,9,248685
38813,0.045517,172.31.36.0-255,66,242815,9,248685
38814,0.04558,74.125.24.0-255,66,242881,9,248685
38815,0.047798,74.125.24.0-255,5738,248619,9,248685
38816,0.047803,172.31.36.0-255,66,248685,9,248685
38817,0.0,172.253.118.0-255,153,153,9,256937
38818,2.4e-05,172.31.36.0-255,66,219,9,256937
38819,3.1e-05,172.253.118.0-255,1484,1703,9,256937
38820,3.6e-05,172.31.36.0-255,66,1769,9,256937
38821,4.2e-05,172.253.118.0-255,2902,4671,9,256937
38822,4.6e-05,172.31.36.0-255,66,4737,9,256937
38823,4.9e-05,172.253.118.0-255,1484,6221,9,256937
38824,5.1e-05,172.31.36.0-255,66,6287,9,256937
38825,5.6e-05,172.253.118.0-255,1484,7771,9,256937
38826,5.8e-05,172.31.36.0-255,66,7837,9,256937
38827,8.2e-05,172.253.118.0-255,1484,9321,9,256937
38828,8.5e-05,172.31.36.0-255,66,9387,9,256937
38829,9.1e-05,172.253.118.0-255,2902,12289,9,256937
38830,9.3e-05,172.31.36.0-255,66,12355,9,256937
38831,0.000112,172.253.118.0-255,3376,15731,9,256937
38832,0.000115,172.31.36.0-255,66,15797,9,256937
38833,0.000123,172.253.118.0-255,7156,22953,9,256937
38834,0.000125,172.31.36.0-255,66,23019,9,256937
38835,0.000152,172.253.118.0-255,4320,27339,9,256937
38836,0.000155,172.31.36.0-255,66,27405,9,256937
38837,0.000176,172.253.118.0-255,3961,31366,9,256937
38838,0.000179,172.31.36.0-255,66,31432,9,256937
38839,0.000311,172.253.118.0-255,1484,32916,9,256937
38840,0.000314,172.31.36.0-255,66,32982,9,256937
38841,0.000336,172.253.118.0-255,2902,35884,9,256937
38842,0.000339,172.31.36.0-255,66,35950,9,256937
38843,0.000344,172.253.118.0-255,2902,38852,9,256937
38844,0.000346,172.31.36.0-255,66,38918,9,256937
38845,0.00036,172.253.118.0-255,2902,41820,9,256937
38846,0.000363,172.31.36.0-255,66,41886,9,256937
38847,0.000397,172.253.118.0-255,5738,47624,9,256937
38848,0.0004,172.31.36.0-255,66,47690,9,256937
38849,0.000424,172.253.118.0-255,5379,53069,9,256937
38850,0.000427,172.31.36.0-255,66,53135,9,256937
38851,0.000433,172.253.118.0-255,4320,57455,9,256937
38852,0.000435,172.31.36.0-255,66,57521,9,256937
38853,0.000472,172.31.36.0-255,66,57587,9,256937
38854,0.0005,172.253.118.0-255,646,58233,9,256937
38855,0.000644,172.253.118.0-255,1484,59717,9,256937
38856,0.000648,172.31.36.0-255,66,59783,9,256937
38857,0.000653,172.253.118.0-255,2902,62685,9,256937
38858,0.000656,172.31.36.0-255,66,62751,9,256937
38859,0.00069,172.253.118.0-255,5738,68489,9,256937
38860,0.000693,172.31.36.0-255,66,68555,9,256937
38861,0.000697,172.253.118.0-255,1484,70039,9,256937
38862,0.000717,172.253.118.0-255,6797,76836,9,256937
38863,0.00072,172.31.36.0-255,66,76902,9,256937
38864,0.000728,172.253.118.0-255,7156,84058,9,256937
38865,0.000731,172.31.36.0-255,66,84124,9,256937
38866,0.000747,172.253.118.0-255,1484,85608,9,256937
38867,0.00075,172.253.118.0-255,1484,87092,9,256937
38868,0.000752,172.31.36.0-255,66,87158,9,256937
38869,0.000776,172.253.118.0-255,5379,92537,9,256937
38870,0.000779,172.31.36.0-255,66,92603,9,256937
38871,0.001188,172.253.118.0-255,1484,94087,9,256937
38872,0.001195,172.253.118.0-255,2902,96989,9,256937
38873,0.001199,172.31.36.0-255,66,97055,9,256937
38874,0.001205,172.253.118.0-255,2902,99957,9,256937
38875,0.001207,172.31.36.0-255,66,100023,9,256937
38876,0.001222,172.253.118.0-255,2902,102925,9,256937
38877,0.001225,172.31.36.0-255,66,102991,9,256937
38878,0.001229,172.253.118.0-255,2902,105893,9,256937
38879,0.001231,172.31.36.0-255,66,105959,9,256937
38880,0.001258,172.253.118.0-255,7156,113115,9,256937
38881,0.001272,172.31.36.0-255,66,113181,9,256937
38882,0.00128,172.31.36.0-255,66,113247,9,256937
38883,0.001283,172.253.118.0-255,1484,114731,9,256937
38884,0.001288,172.253.118.0-255,2184,116915,9,256937
38885,0.00129,172.31.36.0-255,66,116981,9,256937
38886,0.001503,172.253.118.0-255,1484,118465,9,256937
38887,0.001509,172.253.118.0-255,2902,121367,9,256937
38888,0.001512,172.31.36.0-255,66,121433,9,256937
38889,0.001536,172.253.118.0-255,5738,127171,9,256937
38890,0.001539,172.31.36.0-255,66,127237,9,256937
38891,0.001544,172.253.118.0-255,2902,130139,9,256937
38892,0.001546,172.31.36.0-255,66,130205,9,256937
38893,0.001583,172.253.118.0-255,4320,134525,9,256937
38894,0.001586,172.31.36.0-255,66,134591,9,256937
38895,0.001609,172.253.118.0-255,5738,140329,9,256937
38896,0.001612,172.31.36.0-255,66,140395,9,256937
38897,0.001624,172.31.36.0-255,66,140461,9,256937
38898,0.003962,172.253.118.0-255,5738,146199,9,256937
38899,0.003985,172.31.36.0-255,66,146265,9,256937
38900,0.006329,172.253.118.0-255,2902,149167,9,256937
38901,0.006333,172.31.36.0-255,66,149233,9,256937
38902,0.006352,172.253.118.0-255,2902,152135,9,256937
38903,0.006354,172.31.36.0-255,66,152201,9,256937
38904,0.008679,172.253.118.0-255,2902,155103,9,256937
38905,0.008686,172.31.36.0-255,66,155169,9,256937
38906,0.008708,172.253.118.0-255,2902,158071,9,256937
38907,0.00871,172.31.36.0-255,66,158137,9,256937
38908,0.011055,172.253.118.0-255,2902,161039,9,256937
38909,0.011063,172.31.36.0-255,66,161105,9,256937
38910,0.011086,172.253.118.0-255,2902,164007,9,256937
38911,0.011088,172.31.36.0-255,66,164073,9,256937
38912,0.013429,172.253.118.0-255,5738,169811,9,256937
38913,0.013438,172.31.36.0-255,66,169877,9,256937
38914,0.015792,172.253.118.0-255,5738,175615,9,256937
38915,0.0158,172.31.36.0-255,66,175681,9,256937
38916,0.018145,172.253.118.0-255,5738,181419,9,256937
38917,0.018152,172.31.36.0-255,66,181485,9,256937
38918,0.020519,172.253.118.0-255,5738,187223,9,256937
38919,0.020528,172.31.36.0-255,66,187289,9,256937
38920,0.022897,172.253.118.0-255,5738,193027,9,256937
38921,0.022906,172.31.36.0-255,66,193093,9,256937
38922,0.025292,172.253.118.0-255,5738,198831,9,256937
38923,0.025305,172.31.36.0-255,66,198897,9,256937
38924,0.027658,172.253.118.0-255,5738,204635,9,256937
38925,0.027665,172.31.36.0-255,66,204701,9,256937
38926,0.030012,172.253.118.0-255,5738,210439,9,256937
38927,0.030019,172.31.36.0-255,66,210505,9,256937
38928,0.032399,172.253.118.0-255,5738,216243,9,256937
38929,0.032407,172.31.36.0-255,66,216309,9,256937
38930,0.034769,172.253.118.0-255,5738,222047,9,256937
38931,0.034777,172.31.36.0-255,66,222113,9,256937
38932,0.03715,172.253.118.0-255,5738,227851,9,256937
38933,0.037157,172.31.36.0-255,66,227917,9,256937
38934,0.039513,172.253.118.0-255,5738,233655,9,256937
38935,0.039526,172.31.36.0-255,66,233721,9,256937
38936,0.041868,172.253.118.0-255,5738,239459,9,256937
38937,0.041876,172.31.36.0-255,66,239525,9,256937
38938,0.044234,172.253.118.0-255,5738,245263,9,256937
38939,0.044255,172.31.36.0-255,66,245329,9,256937
38940,0.046629,172.253.118.0-255,5738,251067,9,256937
38941,0.046648,172.31.36.0-255,66,251133,9,256937
38942,0.04902,172.253.118.0-255,5738,256871,9,256937
38943,0.049033,172.31.36.0-255,66,256937,9,256937
38944,0.0,172.31.36.0-255,105,105,9,276
38945,0.001757,157.240.13.0-255,105,210,9,276
38946,0.001771,172.31.36.0-255,66,276,9,276
38947,0.0,74.125.24.0-255,150,150,9,286277
38948,2.2e-05,172.31.36.0-255,66,216,9,286277
38949,2.9e-05,74.125.24.0-255,1484,1700,9,286277
38950,3.2e-05,172.31.36.0-255,66,1766,9,286277
38951,3.8e-05,74.125.24.0-255,2902,4668,9,286277
38952,4e-05,172.31.36.0-255,66,4734,9,286277
38953,5.3e-05,74.125.24.0-255,4320,9054,9,286277
38954,5.5e-05,172.31.36.0-255,66,9120,9,286277
38955,6.7e-05,172.31.36.0-255,66,9186,9,286277
38956,8e-05,172.31.36.0-255,66,9252,9,286277
38957,0.000119,74.125.24.0-255,1484,10736,9,286277
38958,0.000123,172.31.36.0-255,66,10802,9,286277
38959,0.000128,74.125.24.0-255,2902,13704,9,286277
38960,0.000129,172.31.36.0-255,66,13770,9,286277
38961,0.000135,74.125.24.0-255,5738,19508,9,286277
38962,0.000137,172.31.36.0-255,66,19574,9,286277
38963,0.000162,74.125.24.0-255,4320,23894,9,286277
38964,0.000164,172.31.36.0-255,66,23960,9,286277
38965,0.000187,74.125.24.0-255,2543,26503,9,286277
38966,0.000189,172.31.36.0-255,66,26569,9,286277
38967,0.0003,74.125.24.0-255,1484,28053,9,286277
38968,0.000304,172.31.36.0-255,66,28119,9,286277
38969,0.000329,74.125.24.0-255,2902,31021,9,286277
38970,0.000331,172.31.36.0-255,66,31087,9,286277
38971,0.000337,74.125.24.0-255,5738,36825,9,286277
38972,0.000339,172.31.36.0-255,66,36891,9,286277
38973,0.000362,74.125.24.0-255,4320,41211,9,286277
38974,0.000365,172.31.36.0-255,66,41277,9,286277
38975,0.000386,74.125.24.0-255,2880,44157,9,286277
38976,0.000388,172.31.36.0-255,66,44223,9,286277
38977,0.000391,74.125.24.0-255,341,44564,9,286277
38978,0.00063,74.125.24.0-255,1484,46048,9,286277
38979,0.000635,172.31.36.0-255,66,46114,9,286277
38980,0.000641,74.125.24.0-255,2902,49016,9,286277
38981,0.000643,172.31.36.0-255,66,49082,9,286277
38982,0.000653,74.125.24.0-255,5738,54820,9,286277
38983,0.000654,172.31.36.0-255,66,54886,9,286277
38984,0.000689,74.125.24.0-255,6797,61683,9,286277
38985,0.000691,172.31.36.0-255,66,61749,9,286277
38986,0.000808,74.125.24.0-255,1484,63233,9,286277
38987,0.000814,74.125.24.0-255,2902,66135,9,286277
38988,0.000817,172.31.36.0-255,66,66201,9,286277
38989,0.000843,74.125.24.0-255,5738,71939,9,286277
38990,0.000846,172.31.36.0-255,66,72005,9,286277
38991,0.000871,74.125.24.0-255,1484,73489,9,286277
38992,0.000897,74.125.24.0-255,7156,80645,9,286277
38993,0.000902,172.31.36.0-255,66,80711,9,286277
38994,0.000905,172.31.36.0-255,66,80777,9,286277
38995,0.000921,74.125.24.0-255,3038,83815,9,286277
38996,0.000923,172.31.36.0-255,66,83881,9,286277
38997,0.001213,74.125.24.0-255,1484,85365,9,286277
38998,0.001221,74.125.24.0-255,2902,88267,9,286277
38999,0.001224,172.31.36.0-255,66,88333,9,286277
39000,0.001228,74.125.24.0-255,1484,89817,9,286277
39001,0.001254,74.125.24.0-255,4320,94137,9,286277
39002,0.001257,172.31.36.0-255,66,94203,9,286277
39003,0.001265,74.125.24.0-255,7156,101359,9,286277
39004,0.001267,172.31.36.0-255,66,101425,9,286277
39005,0.001296,74.125.24.0-255,5738,107163,9,286277
39006,0.001299,172.31.36.0-255,66,107229,9,286277
39007,0.001309,172.31.36.0-255,66,107295,9,286277
39008,0.001335,74.125.24.0-255,2184,109479,9,286277
39009,0.001337,172.31.36.0-255,66,109545,9,286277
39010,0.001574,74.125.24.0-255,1484,111029,9,286277
39011,0.001582,74.125.24.0-255,2902,113931,9,286277
39012,0.001587,172.31.36.0-255,66,113997,9,286277
39013,0.001595,74.125.24.0-255,5738,119735,9,286277
39014,0.001598,172.31.36.0-255,66,119801,9,286277
39015,0.001623,74.125.24.0-255,1484,121285,9,286277
39016,0.001661,172.31.36.0-255,66,121351,9,286277
39017,0.001694,172.31.36.0-255,66,121417,9,286277
39018,0.00197,74.125.24.0-255,1484,122901,9,286277
39019,0.001976,74.125.24.0-255,2902,125803,9,286277
39020,0.001978,172.31.36.0-255,66,125869,9,286277
39021,0.001981,74.125.24.0-255,1484,127353,9,286277
39022,0.002006,74.125.24.0-255,4320,131673,9,286277
39023,0.002009,172.31.36.0-255,66,131739,9,286277
39024,0.002013,74.125.24.0-255,2902,134641,9,286277
39025,0.002016,172.31.36.0-255,66,134707,9,286277
39026,0.002057,172.31.36.0-255,66,134773,9,286277
39027,0.002064,74.125.24.0-255,7156,141929,9,286277
39028,0.002067,172.31.36.0-255,66,141995,9,286277
39029,0.002072,74.125.24.0-255,3602,145597,9,286277
39030,0.002074,172.31.36.0-255,66,145663,9,286277
39031,0.002128,74.125.24.0-255,4320,149983,9,286277
39032,0.002131,172.31.36.0-255,66,150049,9,286277
39033,0.002137,74.125.24.0-255,5738,155787,9,286277
39034,0.002139,172.31.36.0-255,66,155853,9,286277
39035,0.002178,172.31.36.0-255,66,155919,9,286277
39036,0.002189,172.31.36.0-255,66,155985,9,286277
39037,0.002213,74.125.24.0-255,3602,159587,9,286277
39038,0.002226,172.31.36.0-255,66,159653,9,286277
39039,0.004423,74.125.24.0-255,1484,161137,9,286277
39040,0.004454,74.125.24.0-255,4320,165457,9,286277
39041,0.004457,172.31.36.0-255,66,165523,9,286277
39042,0.006682,74.125.24.0-255,5738,171261,9,286277
39043,0.006689,172.31.36.0-255,66,171327,9,286277
39044,0.008898,74.125.24.0-255,5738,177065,9,286277
39045,0.008905,172.31.36.0-255,66,177131,9,286277
39046,0.011162,74.125.24.0-255,5738,182869,9,286277
39047,0.011171,172.31.36.0-255,66,182935,9,286277
39048,0.013435,74.125.24.0-255,5738,188673,9,286277
39049,0.013442,172.31.36.0-255,66,188739,9,286277
39050,0.015681,74.125.24.0-255,5738,194477,9,286277
39051,0.015692,172.31.36.0-255,66,194543,9,286277
39052,0.017933,74.125.24.0-255,5738,200281,9,286277
39053,0.01794,172.31.36.0-255,66,200347,9,286277
39054,0.020187,74.125.24.0-255,5738,206085,9,286277
39055,0.020193,172.31.36.0-255,66,206151,9,286277
39056,0.02244,74.125.24.0-255,5738,211889,9,286277
39057,0.022448,172.31.36.0-255,66,211955,9,286277
39058,0.024698,74.125.24.0-255,5738,217693,9,286277
39059,0.024705,172.31.36.0-255,66,217759,9,286277
39060,0.026917,74.125.24.0-255,5738,223497,9,286277
39061,0.026925,172.31.36.0-255,66,223563,9,286277
39062,0.029156,74.125.24.0-255,5738,229301,9,286277
39063,0.029165,172.31.36.0-255,66,229367,9,286277
39064,0.031397,74.125.24.0-255,5738,235105,9,286277
39065,0.031405,172.31.36.0-255,66,235171,9,286277
39066,0.031998,172.31.36.0-255,168,235339,9,286277
39067,0.032028,172.31.36.0-255,1123,236462,9,286277
39068,0.032087,172.31.36.0-255,1514,237976,9,286277
39069,0.032089,172.31.36.0-255,1011,238987,9,286277
39070,0.033526,104.244.42.0-255,66,239053,9,286277
39071,0.033578,104.244.42.0-255,66,239119,9,286277
39072,0.033612,74.125.24.0-255,2902,242021,9,286277
39073,0.033618,172.31.36.0-255,66,242087,9,286277
39074,0.033649,104.244.42.0-255,66,242153,9,286277
39075,0.033653,74.125.24.0-255,2902,245055,9,286277
39076,0.033656,172.31.36.0-255,66,245121,9,286277
39077,0.03583,74.125.24.0-255,2902,248023,9,286277
39078,0.035837,172.31.36.0-255,66,248089,9,286277
39079,0.035889,74.125.24.0-255,2902,250991,9,286277
39080,0.035893,172.31.36.0-255,66,251057,9,286277
39081,0.038067,74.125.24.0-255,2902,253959,9,286277
39082,0.038072,172.31.36.0-255,66,254025,9,286277
39083,0.038107,74.125.24.0-255,2902,256927,9,286277
39084,0.038109,172.31.36.0-255,66,256993,9,286277
39085,0.040294,74.125.24.0-255,2902,259895,9,286277
39086,0.040301,172.31.36.0-255,66,259961,9,286277
39087,0.040341,74.125.24.0-255,2902,262863,9,286277
39088,0.040344,172.31.36.0-255,66,262929,9,286277
39089,0.042512,74.125.24.0-255,2902,265831,9,286277
39090,0.042524,172.31.36.0-255,66,265897,9,286277
39091,0.042552,74.125.24.0-255,2902,268799,9,286277
39092,0.042556,172.31.36.0-255,66,268865,9,286277
39093,0.044786,74.125.24.0-255,5738,274603,9,286277
39094,0.044792,172.31.36.0-255,66,274669,9,286277
39095,0.047014,74.125.24.0-255,5738,280407,9,286277
39096,0.047021,172.31.36.0-255,66,280473,9,286277
39097,0.049273,74.125.24.0-255,5738,286211,9,286277
39098,0.04928,172.31.36.0-255,66,286277,9,286277
39099,0.0,172.217.160.0-255,181,181,9,252473
39100,3.1e-05,172.31.36.0-255,66,247,9,252473
39101,3.8e-05,172.217.160.0-255,1484,1731,9,252473
39102,4.3e-05,172.31.36.0-255,66,1797,9,252473
39103,5.5e-05,172.217.160.0-255,2902,4699,9,252473
39104,5.8e-05,172.31.36.0-255,66,4765,9,252473
39105,8.8e-05,172.217.160.0-255,1484,6249,9,252473
39106,9.1e-05,172.31.36.0-255,66,6315,9,252473
39107,9.5e-05,172.217.160.0-255,2902,9217,9,252473
39108,9.7e-05,172.31.36.0-255,66,9283,9,252473
39109,0.000124,172.217.160.0-255,4873,14156,9,252473
39110,0.000127,172.31.36.0-255,66,14222,9,252473
39111,0.00013,172.217.160.0-255,1484,15706,9,252473
39112,0.000132,172.31.36.0-255,66,15772,9,252473
39113,0.000157,172.217.160.0-255,4320,20092,9,252473
39114,0.00016,172.31.36.0-255,66,20158,9,252473
39115,0.000202,172.31.36.0-255,66,20224,9,252473
39116,0.000231,172.217.160.0-255,1484,21708,9,252473
39117,0.000233,172.31.36.0-255,66,21774,9,252473
39118,0.000259,172.217.160.0-255,2902,24676,9,252473
39119,0.000262,172.31.36.0-255,66,24742,9,252473
39120,0.000268,172.217.160.0-255,5738,30480,9,252473
39121,0.00027,172.31.36.0-255,66,30546,9,252473
39122,0.000283,172.217.160.0-255,5738,36284,9,252473
39123,0.000286,172.31.36.0-255,66,36350,9,252473
39124,0.00029,172.217.160.0-255,2902,39252,9,252473
39125,0.000292,172.31.36.0-255,66,39318,9,252473
39126,0.000336,172.31.36.0-255,66,39384,9,252473
39127,0.000361,172.217.160.0-255,2902,42286,9,252473
39128,0.000365,172.31.36.0-255,66,42352,9,252473
39129,0.00038,172.217.160.0-255,1408,43760,9,252473
39130,0.000813,172.31.36.0-255,66,43826,9,252473
39131,0.000976,172.217.160.0-255,103,43929,9,252473
39132,0.001097,172.217.160.0-255,1484,45413,9,252473
39133,0.001102,172.31.36.0-255,66,45479,9,252473
39134,0.001108,172.217.160.0-255,2902,48381,9,252473
39135,0.001131,172.217.160.0-255,4320,52701,9,252473
39136,0.001135,172.217.160.0-255,2902,55603,9,252473
39137,0.00115,172.217.160.0-255,2902,58505,9,252473
39138,0.001174,172.217.160.0-255,2543,61048,9,252473
39139,0.001236,172.217.160.0-255,1484,62532,9,252473
39140,0.00126,172.217.160.0-255,2902,65434,9,252473
39141,0.001266,172.217.160.0-255,5738,71172,9,252473
39142,0.00127,172.217.160.0-255,2902,74074,9,252473
39143,0.001288,172.217.160.0-255,3961,78035,9,252473
39144,0.001295,172.217.160.0-255,7156,85191,9,252473
39145,0.001366,172.217.160.0-255,7156,92347,9,252473
39146,0.001371,172.217.160.0-255,3602,95949,9,252473
39147,0.001455,172.217.160.0-255,1484,97433,9,252473
39148,0.001461,172.217.160.0-255,2902,100335,9,252473
39149,0.00147,172.217.160.0-255,5738,106073,9,252473
39150,0.001475,172.217.160.0-255,4320,110393,9,252473
39151,0.001505,172.217.160.0-255,5738,116131,9,252473
39152,0.001523,172.217.160.0-255,5738,121869,9,252473
39153,0.001531,172.217.160.0-255,5738,127607,9,252473
39154,0.001544,172.217.160.0-255,2184,129791,9,252473
39155,0.006659,172.31.36.0-255,66,129857,9,252473
39156,0.008663,172.217.160.0-255,5738,135595,9,252473
39157,0.00867,172.31.36.0-255,66,135661,9,252473
39158,0.010643,172.217.160.0-255,5738,141399,9,252473
39159,0.013264,172.31.36.0-255,66,141465,9,252473
39160,0.015244,172.217.160.0-255,5738,147203,9,252473
39161,0.015256,172.31.36.0-255,66,147269,9,252473
39162,0.017234,172.217.160.0-255,5738,153007,9,252473
39163,0.017243,172.31.36.0-255,66,153073,9,252473
39164,0.019221,172.217.160.0-255,5738,158811,9,252473
39165,0.019228,172.31.36.0-255,66,158877,9,252473
39166,0.021211,172.217.160.0-255,5738,164615,9,252473
39167,0.021217,172.31.36.0-255,66,164681,9,252473
39168,0.023196,172.217.160.0-255,5738,170419,9,252473
39169,0.023203,172.31.36.0-255,66,170485,9,252473
39170,0.025184,172.217.160.0-255,5738,176223,9,252473
39171,0.025191,172.31.36.0-255,66,176289,9,252473
39172,0.027175,172.217.160.0-255,5738,182027,9,252473
39173,0.027183,172.31.36.0-255,66,182093,9,252473
39174,0.029155,172.217.160.0-255,5738,187831,9,252473
39175,0.029163,172.31.36.0-255,66,187897,9,252473
39176,0.031137,172.217.160.0-255,5738,193635,9,252473
39177,0.031144,172.31.36.0-255,66,193701,9,252473
39178,0.03311,172.217.160.0-255,5738,199439,9,252473
39179,0.033118,172.31.36.0-255,66,199505,9,252473
39180,0.03315,172.31.36.0-255,172,199677,9,252473
39181,0.033177,172.31.36.0-255,1117,200794,9,252473
39182,0.033225,172.31.36.0-255,1514,202308,9,252473
39183,0.033226,172.31.36.0-255,1514,203822,9,252473
39184,0.033232,172.31.36.0-255,1514,205336,9,252473
39185,0.033233,172.31.36.0-255,1514,206850,9,252473
39186,0.033263,172.31.36.0-255,1499,208349,9,252473
39187,0.034673,104.244.42.0-255,66,208415,9,252473
39188,0.034754,104.244.42.0-255,66,208481,9,252473
39189,0.034798,104.244.42.0-255,66,208547,9,252473
39190,0.034858,104.244.42.0-255,66,208613,9,252473
39191,0.03509,172.217.160.0-255,5738,214351,9,252473
39192,0.035095,172.31.36.0-255,66,214417,9,252473
39193,0.037119,172.217.160.0-255,5738,220155,9,252473
39194,0.037125,172.31.36.0-255,66,220221,9,252473
39195,0.039095,172.217.160.0-255,4320,224541,9,252473
39196,0.039101,172.31.36.0-255,66,224607,9,252473
39197,0.03914,172.217.160.0-255,1484,226091,9,252473
39198,0.041085,172.217.160.0-255,4320,230411,9,252473
39199,0.041091,172.31.36.0-255,66,230477,9,252473
39200,0.043059,172.217.160.0-255,4320,234797,9,252473
39201,0.043064,172.31.36.0-255,66,234863,9,252473
39202,0.043104,172.217.160.0-255,1484,236347,9,252473
39203,0.045033,172.217.160.0-255,4320,240667,9,252473
39204,0.045038,172.31.36.0-255,66,240733,9,252473
39205,0.047009,172.217.160.0-255,5738,246471,9,252473
39206,0.04707,172.31.36.0-255,66,246537,9,252473
39207,0.049047,172.217.160.0-255,2902,249439,9,252473
39208,0.049052,172.31.36.0-255,66,249505,9,252473
39209,0.049085,172.217.160.0-255,2902,252407,9,252473
39210,0.049103,172.31.36.0-255,66,252473,9,252473
39211,0.0,172.217.194.0-255,152,152,9,247337
39212,2.5e-05,172.31.36.0-255,66,218,9,247337
39213,3.3e-05,172.217.194.0-255,1484,1702,9,247337
39214,3.8e-05,172.31.36.0-255,66,1768,9,247337
39215,4.4e-05,172.217.194.0-255,2902,4670,9,247337
39216,4.8e-05,172.31.36.0-255,66,4736,9,247337
39217,6.5e-05,172.217.194.0-255,7156,11892,9,247337
39218,6.8e-05,172.31.36.0-255,66,11958,9,247337
39219,7.4e-05,172.217.194.0-255,4320,16278,9,247337
39220,7.7e-05,172.31.36.0-255,66,16344,9,247337
39221,0.000113,172.31.36.0-255,66,16410,9,247337
39222,0.000118,172.217.194.0-255,2543,18953,9,247337
39223,0.000121,172.31.36.0-255,66,19019,9,247337
39224,0.000155,172.217.194.0-255,2902,21921,9,247337
39225,0.000157,172.31.36.0-255,66,21987,9,247337
39226,0.000163,172.217.194.0-255,4320,26307,9,247337
39227,0.000166,172.31.36.0-255,66,26373,9,247337
39228,0.00017,172.217.194.0-255,2902,29275,9,247337
39229,0.000176,172.31.36.0-255,66,29341,9,247337
39230,0.000211,172.217.194.0-255,5738,35079,9,247337
39231,0.000214,172.31.36.0-255,66,35145,9,247337
39232,0.000225,172.31.36.0-255,66,35211,9,247337
39233,0.000258,172.217.194.0-255,5379,40590,9,247337
39234,0.000261,172.31.36.0-255,66,40656,9,247337
39235,0.000266,172.217.194.0-255,4249,44905,9,247337
39236,0.000269,172.31.36.0-255,66,44971,9,247337
39237,0.000271,172.217.194.0-255,98,45069,9,247337
39238,0.000278,172.31.36.0-255,66,45135,9,247337
39239,0.000375,172.217.194.0-255,366,45501,9,247337
39240,0.000379,172.31.36.0-255,66,45567,9,247337
39241,0.000602,172.217.194.0-255,1484,47051,9,247337
39242,0.00062,172.217.194.0-255,2902,49953,9,247337
39243,0.000623,172.217.194.0-255,1484,51437,9,247337
39244,0.000641,172.217.194.0-255,4320,55757,9,247337
39245,0.000655,172.217.194.0-255,5738,61495,9,247337
39246,0.00067,172.217.194.0-255,7156,68651,9,247337
39247,0.000673,172.217.194.0-255,1484,70135,9,247337
39248,0.000676,172.31.36.0-255,66,70201,9,247337
39249,0.000682,172.31.36.0-255,66,70267,9,247337
39250,0.000708,172.217.194.0-255,217,70484,9,247337
39251,0.000733,172.31.36.0-255,66,70550,9,247337
39252,0.000916,172.217.194.0-255,1484,72034,9,247337
39253,0.000949,172.217.194.0-255,2902,74936,9,247337
39254,0.000964,172.217.194.0-255,5738,80674,9,247337
39255,0.000978,172.31.36.0-255,66,80740,9,247337
39256,0.001071,172.217.194.0-255,2184,82924,9,247337
39257,0.001087,172.31.36.0-255,66,82990,9,247337
39258,0.001142,172.217.194.0-255,1484,84474,9,247337
39259,0.001166,172.217.194.0-255,2902,87376,9,247337
39260,0.001173,172.217.194.0-255,4320,91696,9,247337
39261,0.001191,172.217.194.0-255,1484,93180,9,247337
39262,0.001196,172.217.194.0-255,4320,97500,9,247337
39263,0.001228,172.217.194.0-255,1484,98984,9,247337
39264,0.001253,172.217.194.0-255,7156,106140,9,247337
39265,0.00127,172.217.194.0-255,2184,108324,9,247337
39266,0.001467,172.217.194.0-255,1484,109808,9,247337
39267,0.001472,172.217.194.0-255,1484,111292,9,247337
39268,0.001488,172.217.194.0-255,1484,112776,9,247337
39269,0.001496,172.217.194.0-255,5738,118514,9,247337
39270,0.001574,172.217.194.0-255,4320,122834,9,247337
39271,0.001613,172.217.194.0-255,2902,125736,9,247337
39272,0.00162,172.217.194.0-255,4320,130056,9,247337
39273,0.001623,172.217.194.0-255,1484,131540,9,247337
39274,0.001641,172.217.194.0-255,7156,138696,9,247337
39275,0.001663,172.217.194.0-255,7156,145852,9,247337
39276,0.00172,172.217.194.0-255,5738,151590,9,247337
39277,0.001742,172.217.194.0-255,5020,156610,9,247337
39278,0.001835,172.217.194.0-255,1484,158094,9,247337
39279,0.001858,172.217.194.0-255,2902,160996,9,247337
39280,0.001862,172.217.194.0-255,2902,163898,9,247337
39281,0.001885,172.217.194.0-255,1484,165382,9,247337
39282,0.001905,172.217.194.0-255,1484,166866,9,247337
39283,0.001929,172.217.194.0-255,7156,174022,9,247337
39284,0.001983,172.217.194.0-255,1484,175506,9,247337
39285,0.001987,172.217.194.0-255,1484,176990,9,247337
39286,0.001998,172.217.194.0-255,1484,178474,9,247337
39287,0.002005,172.217.194.0-255,5738,184212,9,247337
39288,0.002024,172.217.194.0-255,4320,188532,9,247337
39289,0.002103,172.217.194.0-255,2902,191434,9,247337
39290,0.002156,172.217.194.0-255,7156,198590,9,247337
39291,0.00217,172.217.194.0-255,1484,200074,9,247337
39292,0.002175,172.217.194.0-255,2902,202976,9,247337
39293,0.00218,172.217.194.0-255,4320,207296,9,247337
39294,0.002186,172.217.194.0-255,4320,211616,9,247337
39295,0.002188,172.217.194.0-255,1484,213100,9,247337
39296,0.002233,172.217.194.0-255,5738,218838,9,247337
39297,0.002253,172.217.194.0-255,3602,222440,9,247337
39298,0.002256,172.217.194.0-255,1484,223924,9,247337
39299,0.002322,172.217.194.0-255,4320,228244,9,247337
39300,0.00238,172.217.194.0-255,4320,232564,9,247337
39301,0.002397,172.217.194.0-255,1484,234048,9,247337
39302,0.002413,172.217.194.0-255,7156,241204,9,247337
39303,0.002442,172.217.194.0-255,4320,245524,9,247337
39304,0.002467,172.217.194.0-255,97,245621,9,247337
39305,0.002469,172.217.194.0-255,105,245726,9,247337
39306,0.005756,172.31.36.0-255,66,245792,9,247337
39307,0.008857,172.31.36.0-255,105,245897,9,247337
39308,0.01122,172.217.194.0-255,66,245963,9,247337
39309,0.037729,172.31.36.0-255,172,246135,9,247337
39310,0.037767,172.31.36.0-255,1070,247205,9,247337
39311,0.039282,104.244.42.0-255,66,247271,9,247337
39312,0.039423,104.244.42.0-255,66,247337,9,247337
39313,0.0,172.31.36.0-255,105,105,9,105
39314,0.0,172.217.194.0-255,208,208,9,195928
39315,1.8e-05,172.31.36.0-255,66,274,9,195928
39316,2.5e-05,172.217.194.0-255,1484,1758,9,195928
39317,2.9e-05,172.31.36.0-255,66,1824,9,195928
39318,3.6e-05,172.217.194.0-255,4320,6144,9,195928
39319,4e-05,172.31.36.0-255,66,6210,9,195928
39320,7.2e-05,172.217.194.0-255,2902,9112,9,195928
39321,7.6e-05,172.31.36.0-255,66,9178,9,195928
39322,0.000105,172.217.194.0-255,4320,13498,9,195928
39323,0.000108,172.31.36.0-255,66,13564,9,195928
39324,0.000119,172.31.36.0-255,66,13630,9,195928
39325,0.000131,172.31.36.0-255,66,13696,9,195928
39326,0.000146,172.217.194.0-255,1484,15180,9,195928
39327,0.000148,172.31.36.0-255,66,15246,9,195928
39328,0.000153,172.217.194.0-255,2902,18148,9,195928
39329,0.000155,172.31.36.0-255,66,18214,9,195928
39330,0.00019,172.217.194.0-255,5738,23952,9,195928
39331,0.000193,172.31.36.0-255,66,24018,9,195928
39332,0.000197,172.217.194.0-255,2902,26920,9,195928
39333,0.000199,172.31.36.0-255,66,26986,9,195928
39334,0.000217,172.217.194.0-255,3961,30947,9,195928
39335,0.00022,172.31.36.0-255,66,31013,9,195928
39336,0.000227,172.217.194.0-255,7156,38169,9,195928
39337,0.000229,172.31.36.0-255,66,38235,9,195928
39338,0.000247,172.217.194.0-255,1484,39719,9,195928
39339,0.00025,172.31.36.0-255,66,39785,9,195928
39340,0.000281,172.31.36.0-255,66,39851,9,195928
39341,0.000289,172.217.194.0-255,436,40287,9,195928
39342,0.000292,172.31.36.0-255,66,40353,9,195928
39343,0.000486,172.217.194.0-255,1484,41837,9,195928
39344,0.000493,172.217.194.0-255,2902,44739,9,195928
39345,0.000497,172.31.36.0-255,66,44805,9,195928
39346,0.000503,172.217.194.0-255,4320,49125,9,195928
39347,0.000506,172.31.36.0-255,66,49191,9,195928
39348,0.000528,172.217.194.0-255,1484,50675,9,195928
39349,0.00054,172.31.36.0-255,66,50741,9,195928
39350,0.00056,172.217.194.0-255,4320,55061,9,195928
39351,0.000563,172.31.36.0-255,66,55127,9,195928
39352,0.000576,172.31.36.0-255,66,55193,9,195928
39353,0.000805,172.217.194.0-255,1484,56677,9,195928
39354,0.000823,172.217.194.0-255,2902,59579,9,195928
39355,0.000826,172.31.36.0-255,66,59645,9,195928
39356,0.000833,172.217.194.0-255,5738,65383,9,195928
39357,0.000835,172.31.36.0-255,66,65449,9,195928
39358,0.000875,172.31.36.0-255,66,65515,9,195928
39359,0.000887,172.31.36.0-255,66,65581,9,195928
39360,0.000935,172.217.194.0-255,1484,67065,9,195928
39361,0.000951,172.217.194.0-255,2902,69967,9,195928
39362,0.000955,172.31.36.0-255,66,70033,9,195928
39363,0.000973,172.217.194.0-255,1484,71517,9,195928
39364,0.000978,172.217.194.0-255,2902,74419,9,195928
39365,0.000981,172.31.36.0-255,66,74485,9,195928
39366,0.001002,172.217.194.0-255,5738,80223,9,195928
39367,0.001005,172.31.36.0-255,66,80289,9,195928
39368,0.001041,172.217.194.0-255,7156,87445,9,195928
39369,0.001044,172.31.36.0-255,66,87511,9,195928
39370,0.001069,172.217.194.0-255,1484,88995,9,195928
39371,0.001082,172.31.36.0-255,66,89061,9,195928
39372,0.001085,172.217.194.0-255,766,89827,9,195928
39373,0.001088,172.217.194.0-255,1484,91311,9,195928
39374,0.00109,172.31.36.0-255,66,91377,9,195928
39375,0.001095,172.217.194.0-255,2902,94279,9,195928
39376,0.001098,172.31.36.0-255,66,94345,9,195928
39377,0.001116,172.217.194.0-255,1484,95829,9,195928
39378,0.001128,172.31.36.0-255,66,95895,9,195928
39379,0.001214,172.31.36.0-255,66,95961,9,195928
39380,0.001237,172.217.194.0-255,1484,97445,9,195928
39381,0.00125,172.31.36.0-255,66,97511,9,195928
39382,0.001263,172.31.36.0-255,66,97577,9,195928
39383,0.001283,172.31.36.0-255,66,97643,9,195928
39384,0.001287,172.217.194.0-255,2184,99827,9,195928
39385,0.00129,172.31.36.0-255,66,99893,9,195928
39386,0.001295,172.217.194.0-255,4320,104213,9,195928
39387,0.001297,172.31.36.0-255,66,104279,9,195928
39388,0.001336,172.31.36.0-255,66,104345,9,195928
39389,0.001343,172.217.194.0-255,5738,110083,9,195928
39390,0.001345,172.31.36.0-255,66,110149,9,195928
39391,0.001377,172.31.36.0-255,66,110215,9,195928
39392,0.001421,172.217.194.0-255,1484,111699,9,195928
39393,0.001437,172.217.194.0-255,2902,114601,9,195928
39394,0.001439,172.31.36.0-255,66,114667,9,195928
39395,0.001463,172.217.194.0-255,5738,120405,9,195928
39396,0.001465,172.31.36.0-255,66,120471,9,195928
39397,0.001476,172.217.194.0-255,1484,121955,9,195928
39398,0.001502,172.31.36.0-255,66,122021,9,195928
39399,0.001505,172.217.194.0-255,1484,123505,9,195928
39400,0.001518,172.217.194.0-255,2902,126407,9,195928
39401,0.001521,172.31.36.0-255,66,126473,9,195928
39402,0.00154,172.217.194.0-255,6438,132911,9,195928
39403,0.001543,172.31.36.0-255,66,132977,9,195928
39404,0.00155,172.217.194.0-255,5738,138715,9,195928
39405,0.001552,172.31.36.0-255,66,138781,9,195928
39406,0.001558,172.217.194.0-255,5738,144519,9,195928
39407,0.001561,172.31.36.0-255,66,144585,9,195928
39408,0.001582,172.217.194.0-255,1484,146069,9,195928
39409,0.001599,172.217.194.0-255,5738,151807,9,195928
39410,0.001602,172.31.36.0-255,66,151873,9,195928
39411,0.001635,172.31.36.0-255,66,151939,9,195928
39412,0.001643,172.217.194.0-255,6438,158377,9,195928
39413,0.001646,172.31.36.0-255,66,158443,9,195928
39414,0.00165,172.217.194.0-255,2902,161345,9,195928
39415,0.001652,172.31.36.0-255,66,161411,9,195928
39416,0.001658,172.217.194.0-255,4320,165731,9,195928
39417,0.00166,172.31.36.0-255,66,165797,9,195928
39418,0.001663,172.217.194.0-255,1484,167281,9,195928
39419,0.001686,172.217.194.0-255,7156,174437,9,195928
39420,0.001689,172.31.36.0-255,66,174503,9,195928
39421,0.001712,172.217.194.0-255,2902,177405,9,195928
39422,0.001714,172.31.36.0-255,66,177471,9,195928
39423,0.001747,172.31.36.0-255,66,177537,9,195928
39424,0.001775,172.217.194.0-255,3602,181139,9,195928
39425,0.001778,172.31.36.0-255,66,181205,9,195928
39426,0.001796,172.31.36.0-255,66,181271,9,195928
39427,0.001848,172.31.36.0-255,66,181337,9,195928
39428,0.001865,172.217.194.0-255,5020,186357,9,195928
39429,0.001867,172.31.36.0-255,66,186423,9,195928
39430,0.001878,172.31.36.0-255,66,186489,9,195928
39431,0.001881,172.217.194.0-255,105,186594,9,195928
39432,0.008951,172.31.36.0-255,66,186660,9,195928
39433,0.008995,172.31.36.0-255,105,186765,9,195928
39434,0.011479,172.217.194.0-255,66,186831,9,195928
39435,0.03957,172.31.36.0-255,176,187007,9,195928
39436,0.039606,172.31.36.0-255,1115,188122,9,195928
39437,0.039675,172.31.36.0-255,1514,189636,9,195928
39438,0.039677,172.31.36.0-255,1514,191150,9,195928
39439,0.039678,172.31.36.0-255,1514,192664,9,195928
39440,0.039679,172.31.36.0-255,1514,194178,9,195928
39441,0.03968,172.31.36.0-255,1486,195664,9,195928
39442,0.041105,104.244.42.0-255,66,195730,9,195928
39443,0.041124,104.244.42.0-255,66,195796,9,195928
39444,0.041251,104.244.42.0-255,66,195862,9,195928
39445,0.041295,104.244.42.0-255,66,195928,9,195928
39446,0.0,74.125.24.0-255,298,298,9,212420
39447,2e-05,172.31.36.0-255,66,364,9,212420
39448,2.5e-05,74.125.24.0-255,1484,1848,9,212420
39449,2.9e-05,172.31.36.0-255,66,1914,9,212420
39450,3.7e-05,74.125.24.0-255,4320,6234,9,212420
39451,4.1e-05,172.31.36.0-255,66,6300,9,212420
39452,7.8e-05,74.125.24.0-255,5738,12038,9,212420
39453,8.2e-05,172.31.36.0-255,66,12104,9,212420
39454,9.5e-05,74.125.24.0-255,1484,13588,9,212420
39455,9.8e-05,172.31.36.0-255,66,13654,9,212420
39456,0.00012,74.125.24.0-255,4675,18329,9,212420
39457,0.000123,172.31.36.0-255,66,18395,9,212420
39458,0.000135,172.31.36.0-255,66,18461,9,212420
39459,0.000164,74.125.24.0-255,2543,21004,9,212420
39460,0.000167,172.31.36.0-255,66,21070,9,212420
39461,0.000198,74.125.24.0-255,1484,22554,9,212420
39462,0.0002,172.31.36.0-255,66,22620,9,212420
39463,0.000215,74.125.24.0-255,1484,24104,9,212420
39464,0.000217,172.31.36.0-255,66,24170,9,212420
39465,0.000224,74.125.24.0-255,5738,29908,9,212420
39466,0.000227,172.31.36.0-255,66,29974,9,212420
39467,0.000243,74.125.24.0-255,2902,32876,9,212420
39468,0.000246,172.31.36.0-255,66,32942,9,212420
39469,0.000265,74.125.24.0-255,7156,40098,9,212420
39470,0.000268,172.31.36.0-255,66,40164,9,212420
39471,0.000279,172.31.36.0-255,66,40230,9,212420
39472,0.000351,74.125.24.0-255,5355,45585,9,212420
39473,0.000354,172.31.36.0-255,66,45651,9,212420
39474,0.000402,74.125.24.0-255,109,45760,9,212420
39475,0.000405,172.31.36.0-255,66,45826,9,212420
39476,0.000494,74.125.24.0-255,1484,47310,9,212420
39477,0.0005,74.125.24.0-255,2902,50212,9,212420
39478,0.000503,172.31.36.0-255,66,50278,9,212420
39479,0.000507,74.125.24.0-255,1484,51762,9,212420
39480,0.000526,74.125.24.0-255,4320,56082,9,212420
39481,0.000529,172.31.36.0-255,66,56148,9,212420
39482,0.000535,74.125.24.0-255,4320,60468,9,212420
39483,0.000538,172.31.36.0-255,66,60534,9,212420
39484,0.00054,74.125.24.0-255,1484,62018,9,212420
39485,0.000557,74.125.24.0-255,7156,69174,9,212420
39486,0.00056,172.31.36.0-255,66,69240,9,212420
39487,0.000584,74.125.24.0-255,2902,72142,9,212420
39488,0.000587,172.31.36.0-255,66,72208,9,212420
39489,0.000598,172.31.36.0-255,66,72274,9,212420
39490,0.000625,172.31.36.0-255,66,72340,9,212420
39491,0.000629,74.125.24.0-255,2902,75242,9,212420
39492,0.000631,172.31.36.0-255,66,75308,9,212420
39493,0.000646,74.125.24.0-255,4320,79628,9,212420
39494,0.000649,172.31.36.0-255,66,79694,9,212420
39495,0.000669,74.125.24.0-255,7156,86850,9,212420
39496,0.000671,172.31.36.0-255,66,86916,9,212420
39497,0.000702,172.31.36.0-255,66,86982,9,212420
39498,0.000705,74.125.24.0-255,766,87748,9,212420
39499,0.000777,74.125.24.0-255,7156,94904,9,212420
39500,0.00078,172.31.36.0-255,66,94970,9,212420
39501,0.000805,74.125.24.0-255,4320,99290,9,212420
39502,0.000807,172.31.36.0-255,66,99356,9,212420
39503,0.00082,172.31.36.0-255,66,99422,9,212420
39504,0.000833,172.31.36.0-255,66,99488,9,212420
39505,0.000871,74.125.24.0-255,1484,100972,9,212420
39506,0.000889,74.125.24.0-255,2902,103874,9,212420
39507,0.000891,172.31.36.0-255,66,103940,9,212420
39508,0.000913,74.125.24.0-255,5738,109678,9,212420
39509,0.000916,172.31.36.0-255,66,109744,9,212420
39510,0.000929,74.125.24.0-255,4320,114064,9,212420
39511,0.000931,172.31.36.0-255,66,114130,9,212420
39512,0.000959,172.31.36.0-255,66,114196,9,212420
39513,0.000967,74.125.24.0-255,7156,121352,9,212420
39514,0.000969,172.31.36.0-255,66,121418,9,212420
39515,0.000999,74.125.24.0-255,3602,125020,9,212420
39516,0.001002,172.31.36.0-255,66,125086,9,212420
39517,0.001103,74.125.24.0-255,1484,126570,9,212420
39518,0.001108,74.125.24.0-255,2902,129472,9,212420
39519,0.001111,172.31.36.0-255,66,129538,9,212420
39520,0.001145,74.125.24.0-255,5738,135276,9,212420
39521,0.001147,172.31.36.0-255,66,135342,9,212420
39522,0.001151,74.125.24.0-255,2902,138244,9,212420
39523,0.001154,172.31.36.0-255,66,138310,9,212420
39524,0.001157,74.125.24.0-255,1484,139794,9,212420
39525,0.001191,172.31.36.0-255,66,139860,9,212420
39526,0.001194,74.125.24.0-255,1484,141344,9,212420
39527,0.00122,172.31.36.0-255,66,141410,9,212420
39528,0.001313,74.125.24.0-255,1484,142894,9,212420
39529,0.001327,74.125.24.0-255,2902,145796,9,212420
39530,0.001331,172.31.36.0-255,66,145862,9,212420
39531,0.00135,74.125.24.0-255,1484,147346,9,212420
39532,0.001355,74.125.24.0-255,2902,150248,9,212420
39533,0.001358,172.31.36.0-255,66,150314,9,212420
39534,0.00138,74.125.24.0-255,5738,156052,9,212420
39535,0.001382,172.31.36.0-255,66,156118,9,212420
39536,0.001405,74.125.24.0-255,2902,159020,9,212420
39537,0.001407,172.31.36.0-255,66,159086,9,212420
39538,0.001448,74.125.24.0-255,2902,161988,9,212420
39539,0.001463,74.125.24.0-255,3602,165590,9,212420
39540,0.001498,74.125.24.0-255,2902,168492,9,212420
39541,0.001515,74.125.24.0-255,4320,172812,9,212420
39542,0.001553,74.125.24.0-255,2902,175714,9,212420
39543,0.001593,74.125.24.0-255,2184,177898,9,212420
39544,0.001614,172.31.36.0-255,66,177964,9,212420
39545,0.00163,74.125.24.0-255,1484,179448,9,212420
39546,0.001635,74.125.24.0-255,2902,182350,9,212420
39547,0.001638,74.125.24.0-255,1484,183834,9,212420
39548,0.001643,172.31.36.0-255,66,183900,9,212420
39549,0.00166,74.125.24.0-255,4320,188220,9,212420
39550,0.001662,74.125.24.0-255,1484,189704,9,212420
39551,0.001771,172.31.36.0-255,66,189770,9,212420
39552,0.001795,74.125.24.0-255,7156,196926,9,212420
39553,0.001817,172.31.36.0-255,66,196992,9,212420
39554,0.001829,74.125.24.0-255,2902,199894,9,212420
39555,0.001873,74.125.24.0-255,2902,202796,9,212420
39556,0.001885,172.31.36.0-255,66,202862,9,212420
39557,0.001913,74.125.24.0-255,105,202967,9,212420
39558,0.005008,172.31.36.0-255,66,203033,9,212420
39559,0.012135,172.31.36.0-255,105,203138,9,212420
39560,0.014354,74.125.24.0-255,66,203204,9,212420
39561,0.042603,172.31.36.0-255,172,203376,9,212420
39562,0.042634,172.31.36.0-255,1117,204493,9,212420
39563,0.042702,172.31.36.0-255,1514,206007,9,212420
39564,0.042703,172.31.36.0-255,1514,207521,9,212420
39565,0.042704,172.31.36.0-255,1514,209035,9,212420
39566,0.042709,172.31.36.0-255,1514,210549,9,212420
39567,0.04271,172.31.36.0-255,1499,212048,9,212420
39568,0.044198,104.244.42.0-255,66,212114,9,212420
39569,0.044228,104.244.42.0-255,66,212180,9,212420
39570,0.044315,104.244.42.0-255,66,212246,9,212420
39571,0.044943,104.244.42.0-255,108,212354,9,212420
39572,0.04495,172.31.36.0-255,66,212420,9,212420
39573,0.0,74.125.200.0-255,153,153,9,230657
39574,2.2e-05,172.31.36.0-255,66,219,9,230657
39575,3e-05,74.125.200.0-255,1484,1703,9,230657
39576,3.4e-05,172.31.36.0-255,66,1769,9,230657
39577,4e-05,74.125.200.0-255,2902,4671,9,230657
39578,4.3e-05,172.31.36.0-255,66,4737,9,230657
39579,7.1e-05,74.125.200.0-255,7156,11893,9,230657
39580,7.4e-05,172.31.36.0-255,66,11959,9,230657
39581,0.000182,74.125.200.0-255,2038,13997,9,230657
39582,0.000185,172.31.36.0-255,66,14063,9,230657
39583,0.000222,74.125.200.0-255,2902,16965,9,230657
39584,0.000227,172.31.36.0-255,66,17031,9,230657
39585,0.000276,74.125.200.0-255,7156,24187,9,230657
39586,0.00028,172.31.36.0-255,66,24253,9,230657
39587,0.000401,74.125.200.0-255,6797,31050,9,230657
39588,0.000406,172.31.36.0-255,66,31116,9,230657
39589,0.00055,74.125.200.0-255,1484,32600,9,230657
39590,0.000554,172.31.36.0-255,66,32666,9,230657
39591,0.000561,74.125.200.0-255,2902,35568,9,230657
39592,0.000564,172.31.36.0-255,66,35634,9,230657
39593,0.000599,74.125.200.0-255,4320,39954,9,230657
39594,0.000603,172.31.36.0-255,66,40020,9,230657
39595,0.000679,74.125.200.0-255,4320,44340,9,230657
39596,0.000683,172.31.36.0-255,66,44406,9,230657
39597,0.000703,74.125.200.0-255,3961,48367,9,230657
39598,0.000706,172.31.36.0-255,66,48433,9,230657
39599,0.000831,74.125.200.0-255,5738,54171,9,230657
39600,0.000835,172.31.36.0-255,66,54237,9,230657
39601,0.000852,74.125.200.0-255,2902,57139,9,230657
39602,0.000855,172.31.36.0-255,66,57205,9,230657
39603,0.000975,74.125.200.0-255,7156,64361,9,230657
39604,0.000979,172.31.36.0-255,66,64427,9,230657
39605,0.000996,74.125.200.0-255,1125,65552,9,230657
39606,0.001093,74.125.200.0-255,647,66199,9,230657
39607,0.001097,172.31.36.0-255,66,66265,9,230657
39608,0.001126,74.125.200.0-255,1484,67749,9,230657
39609,0.001139,74.125.200.0-255,2902,70651,9,230657
39610,0.00115,172.31.36.0-255,66,70717,9,230657
39611,0.001188,74.125.200.0-255,2902,73619,9,230657
39612,0.001202,74.125.200.0-255,2902,76521,9,230657
39613,0.001205,172.31.36.0-255,66,76587,9,230657
39614,0.00121,172.31.36.0-255,66,76653,9,230657
39615,0.001286,74.125.200.0-255,4320,80973,9,230657
39616,0.001299,74.125.200.0-255,2902,83875,9,230657
39617,0.001304,172.31.36.0-255,66,83941,9,230657
39618,0.001327,172.31.36.0-255,66,84007,9,230657
39619,0.001413,74.125.200.0-255,5738,89745,9,230657
39620,0.001424,172.31.36.0-255,66,89811,9,230657
39621,0.001436,74.125.200.0-255,5738,95549,9,230657
39622,0.001446,172.31.36.0-255,66,95615,9,230657
39623,0.001639,74.125.200.0-255,5738,101353,9,230657
39624,0.001643,172.31.36.0-255,66,101419,9,230657
39625,0.001673,172.31.36.0-255,66,101485,9,230657
39626,0.001854,74.125.200.0-255,7156,108641,9,230657
39627,0.001858,172.31.36.0-255,66,108707,9,230657
39628,0.008854,172.31.36.0-255,66,108773,9,230657
39629,0.010784,74.125.200.0-255,5738,114511,9,230657
39630,0.010796,172.31.36.0-255,66,114577,9,230657
39631,0.012729,74.125.200.0-255,5738,120315,9,230657
39632,0.012737,172.31.36.0-255,66,120381,9,230657
39633,0.01467,74.125.200.0-255,5738,126119,9,230657
39634,0.014678,172.31.36.0-255,66,126185,9,230657
39635,0.016615,74.125.200.0-255,5738,131923,9,230657
39636,0.016624,172.31.36.0-255,66,131989,9,230657
39637,0.018553,74.125.200.0-255,5738,137727,9,230657
39638,0.018562,172.31.36.0-255,66,137793,9,230657
39639,0.020486,74.125.200.0-255,5738,143531,9,230657
39640,0.020499,172.31.36.0-255,66,143597,9,230657
39641,0.022427,74.125.200.0-255,5738,149335,9,230657
39642,0.022435,172.31.36.0-255,66,149401,9,230657
39643,0.024358,74.125.200.0-255,5738,155139,9,230657
39644,0.024366,172.31.36.0-255,66,155205,9,230657
39645,0.026285,74.125.200.0-255,5738,160943,9,230657
39646,0.026292,172.31.36.0-255,66,161009,9,230657
39647,0.028204,74.125.200.0-255,5738,166747,9,230657
39648,0.028212,172.31.36.0-255,66,166813,9,230657
39649,0.03013,74.125.200.0-255,5738,172551,9,230657
39650,0.030137,172.31.36.0-255,66,172617,9,230657
39651,0.032057,74.125.200.0-255,5738,178355,9,230657
39652,0.032065,172.31.36.0-255,66,178421,9,230657
39653,0.033983,74.125.200.0-255,5738,184159,9,230657
39654,0.03399,172.31.36.0-255,66,184225,9,230657
39655,0.035916,74.125.200.0-255,5738,189963,9,230657
39656,0.035923,172.31.36.0-255,66,190029,9,230657
39657,0.037861,74.125.200.0-255,5738,195767,9,230657
39658,0.03787,172.31.36.0-255,66,195833,9,230657
39659,0.03982,74.125.200.0-255,5738,201571,9,230657
39660,0.039845,172.31.36.0-255,66,201637,9,230657
39661,0.041836,74.125.200.0-255,5738,207375,9,230657
39662,0.041858,172.31.36.0-255,66,207441,9,230657
39663,0.043826,74.125.200.0-255,5738,213179,9,230657
39664,0.043846,172.31.36.0-255,66,213245,9,230657
39665,0.045766,74.125.200.0-255,5738,218983,9,230657
39666,0.045774,172.31.36.0-255,66,219049,9,230657
39667,0.047698,74.125.200.0-255,5738,224787,9,230657
39668,0.047706,172.31.36.0-255,66,224853,9,230657
39669,0.049671,74.125.200.0-255,5738,230591,9,230657
39670,0.049678,172.31.36.0-255,66,230657,9,230657
