,TIME,SRC,PACKET_SIZE,CUMULATIVE_PACKET_SIZE,PAGE_NUMBER,TOTAL_PACKET_SIZE
0,0.0,74.125.24.0-255,153,153,54,185806
1,2.3e-05,172.31.46.0-255,66,219,54,185806
2,3.1e-05,74.125.24.0-255,1484,1703,54,185806
3,3.5e-05,172.31.46.0-255,66,1769,54,185806
4,5e-05,74.125.24.0-255,2902,4671,54,185806
5,5.2e-05,172.31.46.0-255,66,4737,54,185806
6,6e-05,74.125.24.0-255,7156,11893,54,185806
7,6.3e-05,172.31.46.0-255,66,11959,54,185806
8,6.7e-05,74.125.24.0-255,1977,13936,54,185806
9,7.1e-05,172.31.46.0-255,66,14002,54,185806
10,8.5e-05,172.31.46.0-255,66,14068,54,185806
11,0.000158,172.31.46.0-255,66,14134,54,185806
12,0.000192,74.125.24.0-255,2902,17036,54,185806
13,0.000195,172.31.46.0-255,66,17102,54,185806
14,0.000199,74.125.24.0-255,766,17868,54,185806
15,0.000201,172.31.46.0-255,66,17934,54,185806
16,0.000283,74.125.24.0-255,1484,19418,54,185806
17,0.000287,172.31.46.0-255,66,19484,54,185806
18,0.000291,74.125.24.0-255,1484,20968,54,185806
19,0.000293,172.31.46.0-255,66,21034,54,185806
20,0.000331,74.125.24.0-255,1484,22518,54,185806
21,0.000334,172.31.46.0-255,66,22584,54,185806
22,0.000341,74.125.24.0-255,5738,28322,54,185806
23,0.000344,172.31.46.0-255,66,28388,54,185806
24,0.000351,74.125.24.0-255,7132,35520,54,185806
25,0.000354,172.31.46.0-255,66,35586,54,185806
26,0.000469,74.125.24.0-255,1484,37070,54,185806
27,0.000474,172.31.46.0-255,66,37136,54,185806
28,0.00048,74.125.24.0-255,2902,40038,54,185806
29,0.000483,172.31.46.0-255,66,40104,54,185806
30,0.000487,74.125.24.0-255,1484,41588,54,185806
31,0.000516,74.125.24.0-255,4320,45908,54,185806
32,0.000519,172.31.46.0-255,66,45974,54,185806
33,0.000526,74.125.24.0-255,5738,51712,54,185806
34,0.000529,172.31.46.0-255,66,51778,54,185806
35,0.000543,172.31.46.0-255,66,51844,54,185806
36,0.000549,74.125.24.0-255,4320,56164,54,185806
37,0.000551,172.31.46.0-255,66,56230,54,185806
38,0.000574,74.125.24.0-255,766,56996,54,185806
39,0.000853,74.125.24.0-255,1484,58480,54,185806
40,0.00086,172.31.46.0-255,66,58546,54,185806
41,0.000866,74.125.24.0-255,2902,61448,54,185806
42,0.000869,172.31.46.0-255,66,61514,54,185806
43,0.000875,74.125.24.0-255,5738,67252,54,185806
44,0.000878,172.31.46.0-255,66,67318,54,185806
45,0.000896,172.31.46.0-255,66,67384,54,185806
46,0.000935,172.31.46.0-255,66,67450,54,185806
47,0.001028,74.125.24.0-255,1484,68934,54,185806
48,0.001048,74.125.24.0-255,2902,71836,54,185806
49,0.001051,172.31.46.0-255,66,71902,54,185806
50,0.001055,74.125.24.0-255,1484,73386,54,185806
51,0.001087,74.125.24.0-255,4320,77706,54,185806
52,0.001091,172.31.46.0-255,66,77772,54,185806
53,0.001098,74.125.24.0-255,7156,84928,54,185806
54,0.001101,172.31.46.0-255,66,84994,54,185806
55,0.001113,172.31.46.0-255,66,85060,54,185806
56,0.001145,74.125.24.0-255,2902,87962,54,185806
57,0.001148,172.31.46.0-255,66,88028,54,185806
58,0.001152,74.125.24.0-255,2184,90212,54,185806
59,0.001155,172.31.46.0-255,66,90278,54,185806
60,0.001166,172.31.46.0-255,66,90344,54,185806
61,0.001204,172.31.46.0-255,66,90410,54,185806
62,0.001217,172.31.46.0-255,66,90476,54,185806
63,0.001219,74.125.24.0-255,1484,91960,54,185806
64,0.001233,74.125.24.0-255,3602,95562,54,185806
65,0.001235,172.31.46.0-255,66,95628,54,185806
66,0.001266,74.125.24.0-255,1484,97112,54,185806
67,0.001279,74.125.24.0-255,2902,100014,54,185806
68,0.001282,172.31.46.0-255,66,100080,54,185806
69,0.001285,74.125.24.0-255,1484,101564,54,185806
70,0.001316,74.125.24.0-255,4320,105884,54,185806
71,0.001319,172.31.46.0-255,66,105950,54,185806
72,0.001369,74.125.24.0-255,7156,113106,54,185806
73,0.001371,172.31.46.0-255,66,113172,54,185806
74,0.001398,74.125.24.0-255,5738,118910,54,185806
75,0.001401,172.31.46.0-255,66,118976,54,185806
76,0.001413,172.31.46.0-255,66,119042,54,185806
77,0.001495,74.125.24.0-255,1484,120526,54,185806
78,0.001501,74.125.24.0-255,2902,123428,54,185806
79,0.001504,172.31.46.0-255,66,123494,54,185806
80,0.001539,74.125.24.0-255,5738,129232,54,185806
81,0.001542,172.31.46.0-255,66,129298,54,185806
82,0.001567,172.31.46.0-255,66,129364,54,185806
83,0.00158,172.31.46.0-255,66,129430,54,185806
84,0.001622,74.125.24.0-255,6438,135868,54,185806
85,0.001626,172.31.46.0-255,66,135934,54,185806
86,0.001643,172.31.46.0-255,66,136000,54,185806
87,0.001666,74.125.24.0-255,1484,137484,54,185806
88,0.001679,172.31.46.0-255,66,137550,54,185806
89,0.001895,74.125.24.0-255,1484,139034,54,185806
90,0.0019,74.125.24.0-255,2902,141936,54,185806
91,0.001904,172.31.46.0-255,66,142002,54,185806
92,0.001908,74.125.24.0-255,2902,144904,54,185806
93,0.001911,172.31.46.0-255,66,144970,54,185806
94,0.001951,74.125.24.0-255,2902,147872,54,185806
95,0.001954,172.31.46.0-255,66,147938,54,185806
96,0.001967,172.31.46.0-255,66,148004,54,185806
97,0.001975,74.125.24.0-255,7156,155160,54,185806
98,0.001977,172.31.46.0-255,66,155226,54,185806
99,0.002005,74.125.24.0-255,5738,160964,54,185806
100,0.002007,172.31.46.0-255,66,161030,54,185806
101,0.002048,172.31.46.0-255,66,161096,54,185806
102,0.002054,74.125.24.0-255,4320,165416,54,185806
103,0.002056,172.31.46.0-255,66,165482,54,185806
104,0.002114,172.31.46.0-255,66,165548,54,185806
105,0.002129,172.31.46.0-255,66,165614,54,185806
106,0.002134,74.125.24.0-255,4320,169934,54,185806
107,0.002137,172.31.46.0-255,66,170000,54,185806
108,0.002184,172.31.46.0-255,66,170066,54,185806
109,0.002191,74.125.24.0-255,5738,175804,54,185806
110,0.002194,172.31.46.0-255,66,175870,54,185806
111,0.002234,74.125.24.0-255,6438,182308,54,185806
112,0.002238,172.31.46.0-255,66,182374,54,185806
113,0.002283,172.31.46.0-255,66,182440,54,185806
114,0.002308,74.125.24.0-255,2958,185398,54,185806
115,0.002311,172.31.46.0-255,66,185464,54,185806
116,0.004344,74.125.24.0-255,105,185569,54,185806
117,0.005029,172.31.46.0-255,66,185635,54,185806
118,0.005064,172.31.46.0-255,105,185740,54,185806
119,0.007144,74.125.24.0-255,66,185806,54,185806
120,0.0,74.125.24.0-255,152,152,54,265881
121,2.3e-05,172.31.46.0-255,66,218,54,265881
122,3.6e-05,74.125.24.0-255,1484,1702,54,265881
123,4.1e-05,172.31.46.0-255,66,1768,54,265881
124,4.8e-05,74.125.24.0-255,2902,4670,54,265881
125,5.2e-05,172.31.46.0-255,66,4736,54,265881
126,5.9e-05,74.125.24.0-255,5738,10474,54,265881
127,6.2e-05,172.31.46.0-255,66,10540,54,265881
128,6.6e-05,74.125.24.0-255,2902,13442,54,265881
129,6.9e-05,172.31.46.0-255,66,13508,54,265881
130,9.7e-05,74.125.24.0-255,2055,15563,54,265881
131,0.0001,172.31.46.0-255,66,15629,54,265881
132,0.000107,74.125.24.0-255,5738,21367,54,265881
133,0.000109,172.31.46.0-255,66,21433,54,265881
134,0.000132,172.31.46.0-255,66,21499,54,265881
135,0.000474,74.125.24.0-255,1484,22983,54,265881
136,0.00048,172.31.46.0-255,66,23049,54,265881
137,0.000486,74.125.24.0-255,2902,25951,54,265881
138,0.000488,172.31.46.0-255,66,26017,54,265881
139,0.000495,74.125.24.0-255,5738,31755,54,265881
140,0.000498,172.31.46.0-255,66,31821,54,265881
141,0.000521,74.125.24.0-255,4320,36141,54,265881
142,0.000524,172.31.46.0-255,66,36207,54,265881
143,0.000555,172.31.46.0-255,66,36273,54,265881
144,0.000568,74.125.24.0-255,2902,39175,54,265881
145,0.00057,172.31.46.0-255,66,39241,54,265881
146,0.000597,74.125.24.0-255,7108,46349,54,265881
147,0.0006,172.31.46.0-255,66,46415,54,265881
148,0.000634,74.125.24.0-255,109,46524,54,265881
149,0.000637,172.31.46.0-255,66,46590,54,265881
150,0.0008,74.125.24.0-255,1484,48074,54,265881
151,0.000807,74.125.24.0-255,2902,50976,54,265881
152,0.00081,172.31.46.0-255,66,51042,54,265881
153,0.000822,74.125.24.0-255,1484,52526,54,265881
154,0.000844,74.125.24.0-255,4320,56846,54,265881
155,0.000846,172.31.46.0-255,66,56912,54,265881
156,0.000851,74.125.24.0-255,2902,59814,54,265881
157,0.000853,172.31.46.0-255,66,59880,54,265881
158,0.000869,74.125.24.0-255,5738,65618,54,265881
159,0.000871,172.31.46.0-255,66,65684,54,265881
160,0.0009,74.125.24.0-255,4320,70004,54,265881
161,0.000903,172.31.46.0-255,66,70070,54,265881
162,0.000916,172.31.46.0-255,66,70136,54,265881
163,0.000918,74.125.24.0-255,331,70467,54,265881
164,0.001125,74.125.24.0-255,1484,71951,54,265881
165,0.001131,172.31.46.0-255,66,72017,54,265881
166,0.001141,74.125.24.0-255,2902,74919,54,265881
167,0.001144,172.31.46.0-255,66,74985,54,265881
168,0.001165,74.125.24.0-255,4320,79305,54,265881
169,0.001168,172.31.46.0-255,66,79371,54,265881
170,0.001187,74.125.24.0-255,1484,80855,54,265881
171,0.0012,172.31.46.0-255,66,80921,54,265881
172,0.001239,74.125.24.0-255,4320,85241,54,265881
173,0.001242,172.31.46.0-255,66,85307,54,265881
174,0.001265,74.125.24.0-255,6438,91745,54,265881
175,0.001268,172.31.46.0-255,66,91811,54,265881
176,0.001314,74.125.24.0-255,1484,93295,54,265881
177,0.001336,74.125.24.0-255,2902,96197,54,265881
178,0.001342,74.125.24.0-255,5738,101935,54,265881
179,0.001345,172.31.46.0-255,66,102001,54,265881
180,0.001348,172.31.46.0-255,66,102067,54,265881
181,0.00136,74.125.24.0-255,5738,107805,54,265881
182,0.001363,172.31.46.0-255,66,107871,54,265881
183,0.001388,74.125.24.0-255,7156,115027,54,265881
184,0.001391,172.31.46.0-255,66,115093,54,265881
185,0.001403,172.31.46.0-255,66,115159,54,265881
186,0.001436,74.125.24.0-255,2902,118061,54,265881
187,0.00144,172.31.46.0-255,66,118127,54,265881
188,0.001445,74.125.24.0-255,4320,122447,54,265881
189,0.001447,172.31.46.0-255,66,122513,54,265881
190,0.00145,74.125.24.0-255,1484,123997,54,265881
191,0.001478,74.125.24.0-255,7156,131153,54,265881
192,0.001481,172.31.46.0-255,66,131219,54,265881
193,0.001522,74.125.24.0-255,2902,134121,54,265881
194,0.001524,172.31.46.0-255,66,134187,54,265881
195,0.00155,172.31.46.0-255,66,134253,54,265881
196,0.001553,74.125.24.0-255,766,135019,54,265881
197,0.001576,74.125.24.0-255,1484,136503,54,265881
198,0.001578,172.31.46.0-255,66,136569,54,265881
199,0.001583,74.125.24.0-255,2902,139471,54,265881
200,0.001585,172.31.46.0-255,66,139537,54,265881
201,0.001616,74.125.24.0-255,5738,145275,54,265881
202,0.001619,172.31.46.0-255,66,145341,54,265881
203,0.001651,172.31.46.0-255,66,145407,54,265881
204,0.001669,74.125.24.0-255,2902,148309,54,265881
205,0.001671,172.31.46.0-255,66,148375,54,265881
206,0.001691,74.125.24.0-255,7156,155531,54,265881
207,0.001694,172.31.46.0-255,66,155597,54,265881
208,0.00171,74.125.24.0-255,3602,159199,54,265881
209,0.001712,172.31.46.0-255,66,159265,54,265881
210,0.001774,74.125.24.0-255,1484,160749,54,265881
211,0.001791,74.125.24.0-255,2902,163651,54,265881
212,0.001794,172.31.46.0-255,66,163717,54,265881
213,0.001797,74.125.24.0-255,1484,165201,54,265881
214,0.001813,74.125.24.0-255,4320,169521,54,265881
215,0.001815,172.31.46.0-255,66,169587,54,265881
216,0.001819,74.125.24.0-255,2902,172489,54,265881
217,0.001821,172.31.46.0-255,66,172555,54,265881
218,0.001865,172.31.46.0-255,66,172621,54,265881
219,0.001876,172.31.46.0-255,66,172687,54,265881
220,0.002009,74.125.24.0-255,1484,174171,54,265881
221,0.002016,74.125.24.0-255,2902,177073,54,265881
222,0.002019,172.31.46.0-255,66,177139,54,265881
223,0.002034,74.125.24.0-255,5738,182877,54,265881
224,0.002037,172.31.46.0-255,66,182943,54,265881
225,0.00204,74.125.24.0-255,1484,184427,54,265881
226,0.002055,74.125.24.0-255,5738,190165,54,265881
227,0.002058,172.31.46.0-255,66,190231,54,265881
228,0.002097,172.31.46.0-255,66,190297,54,265881
229,0.004128,74.125.24.0-255,5738,196035,54,265881
230,0.004134,172.31.46.0-255,66,196101,54,265881
231,0.006148,74.125.24.0-255,5738,201839,54,265881
232,0.006155,172.31.46.0-255,66,201905,54,265881
233,0.008198,74.125.24.0-255,2902,204807,54,265881
234,0.008201,172.31.46.0-255,66,204873,54,265881
235,0.00822,74.125.24.0-255,2902,207775,54,265881
236,0.008222,172.31.46.0-255,66,207841,54,265881
237,0.010269,74.125.24.0-255,5738,213579,54,265881
238,0.010276,172.31.46.0-255,66,213645,54,265881
239,0.012341,74.125.24.0-255,5738,219383,54,265881
240,0.012347,172.31.46.0-255,66,219449,54,265881
241,0.014414,74.125.24.0-255,5738,225187,54,265881
242,0.014424,172.31.46.0-255,66,225253,54,265881
243,0.01649,74.125.24.0-255,5738,230991,54,265881
244,0.016501,172.31.46.0-255,66,231057,54,265881
245,0.018578,74.125.24.0-255,5738,236795,54,265881
246,0.018586,172.31.46.0-255,66,236861,54,265881
247,0.020664,74.125.24.0-255,5738,242599,54,265881
248,0.020672,172.31.46.0-255,66,242665,54,265881
249,0.02273,74.125.24.0-255,5738,248403,54,265881
250,0.022736,172.31.46.0-255,66,248469,54,265881
251,0.02477,74.125.24.0-255,5738,254207,54,265881
252,0.024776,172.31.46.0-255,66,254273,54,265881
253,0.02684,74.125.24.0-255,5738,260011,54,265881
254,0.026846,172.31.46.0-255,66,260077,54,265881
255,0.028884,74.125.24.0-255,5738,265815,54,265881
256,0.02889,172.31.46.0-255,66,265881,54,265881
257,0.0,172.217.194.0-255,292,292,54,201875
258,2.4e-05,172.31.46.0-255,66,358,54,201875
259,3.1e-05,172.217.194.0-255,1484,1842,54,201875
260,3.5e-05,172.31.46.0-255,66,1908,54,201875
261,4.2e-05,172.217.194.0-255,4320,6228,54,201875
262,4.6e-05,172.31.46.0-255,66,6294,54,201875
263,5.9e-05,172.31.46.0-255,66,6360,54,201875
264,9.2e-05,172.31.46.0-255,66,6426,54,201875
265,0.00018,172.217.194.0-255,1484,7910,54,201875
266,0.000184,172.31.46.0-255,66,7976,54,201875
267,0.000204,172.217.194.0-255,2902,10878,54,201875
268,0.000206,172.31.46.0-255,66,10944,54,201875
269,0.000231,172.217.194.0-255,5738,16682,54,201875
270,0.000233,172.31.46.0-255,66,16748,54,201875
271,0.000238,172.217.194.0-255,2902,19650,54,201875
272,0.00024,172.31.46.0-255,66,19716,54,201875
273,0.00026,172.217.194.0-255,4320,24036,54,201875
274,0.000262,172.31.46.0-255,66,24102,54,201875
275,0.000283,172.217.194.0-255,6797,30899,54,201875
276,0.000286,172.31.46.0-255,66,30965,54,201875
277,0.000291,172.217.194.0-255,4320,35285,54,201875
278,0.000293,172.31.46.0-255,66,35351,54,201875
279,0.000329,172.217.194.0-255,5671,41022,54,201875
280,0.000332,172.31.46.0-255,66,41088,54,201875
281,0.000639,172.217.194.0-255,363,41451,54,201875
282,0.000645,172.31.46.0-255,66,41517,54,201875
283,0.000947,172.217.194.0-255,1484,43001,54,201875
284,0.000953,172.31.46.0-255,66,43067,54,201875
285,0.00096,172.217.194.0-255,2902,45969,54,201875
286,0.000962,172.31.46.0-255,66,46035,54,201875
287,0.000968,172.217.194.0-255,5738,51773,54,201875
288,0.00098,172.31.46.0-255,66,51839,54,201875
289,0.001002,172.31.46.0-255,66,51905,54,201875
290,0.001015,172.217.194.0-255,1484,53389,54,201875
291,0.00103,172.217.194.0-255,1484,54873,54,201875
292,0.001038,172.31.46.0-255,66,54939,54,201875
293,0.001059,172.31.46.0-255,66,55005,54,201875
294,0.001421,172.217.194.0-255,1484,56489,54,201875
295,0.001429,172.217.194.0-255,2902,59391,54,201875
296,0.001433,172.31.46.0-255,66,59457,54,201875
297,0.001441,172.217.194.0-255,5738,65195,54,201875
298,0.001463,172.217.194.0-255,5738,70933,54,201875
299,0.00148,172.217.194.0-255,7156,78089,54,201875
300,0.001496,172.217.194.0-255,4320,82409,54,201875
301,0.001512,172.217.194.0-255,5738,88147,54,201875
302,0.001523,172.217.194.0-255,766,88913,54,201875
303,0.001549,172.217.194.0-255,1484,90397,54,201875
304,0.001564,172.217.194.0-255,4320,94717,54,201875
305,0.001627,172.217.194.0-255,5738,100455,54,201875
306,0.00166,172.217.194.0-255,2184,102639,54,201875
307,0.001963,172.217.194.0-255,1484,104123,54,201875
308,0.001971,172.217.194.0-255,2902,107025,54,201875
309,0.001974,172.217.194.0-255,1484,108509,54,201875
310,0.001993,172.217.194.0-255,4320,112829,54,201875
311,0.001999,172.217.194.0-255,4320,117149,54,201875
312,0.00202,172.217.194.0-255,5738,122887,54,201875
313,0.002036,172.217.194.0-255,5738,128625,54,201875
314,0.002166,172.217.194.0-255,1484,130109,54,201875
315,0.002173,172.217.194.0-255,2902,133011,54,201875
316,0.002179,172.217.194.0-255,4320,137331,54,201875
317,0.00219,172.217.194.0-255,1484,138815,54,201875
318,0.002204,172.217.194.0-255,5738,144553,54,201875
319,0.002271,172.217.194.0-255,5020,149573,54,201875
320,0.006341,172.31.46.0-255,66,149639,54,201875
321,0.008646,172.217.194.0-255,5738,155377,54,201875
322,0.008657,172.31.46.0-255,66,155443,54,201875
323,0.010935,172.217.194.0-255,5738,161181,54,201875
324,0.010949,172.31.46.0-255,66,161247,54,201875
325,0.01323,172.217.194.0-255,5738,166985,54,201875
326,0.015479,172.31.46.0-255,66,167051,54,201875
327,0.01779,172.217.194.0-255,5738,172789,54,201875
328,0.017808,172.31.46.0-255,66,172855,54,201875
329,0.020086,172.217.194.0-255,5738,178593,54,201875
330,0.020102,172.31.46.0-255,66,178659,54,201875
331,0.022365,172.217.194.0-255,5738,184397,54,201875
332,0.02238,172.31.46.0-255,66,184463,54,201875
333,0.024669,172.217.194.0-255,5738,190201,54,201875
334,0.024682,172.31.46.0-255,66,190267,54,201875
335,0.026965,172.217.194.0-255,5738,196005,54,201875
336,0.026981,172.31.46.0-255,66,196071,54,201875
337,0.029264,172.217.194.0-255,5738,201809,54,201875
338,0.02928,172.31.46.0-255,66,201875,54,201875
339,0.0,74.125.24.0-255,296,296,54,298791
340,1.4e-05,172.31.46.0-255,66,362,54,298791
341,2.1e-05,74.125.24.0-255,1484,1846,54,298791
342,2.5e-05,172.31.46.0-255,66,1912,54,298791
343,3.1e-05,74.125.24.0-255,4320,6232,54,298791
344,4.1e-05,172.31.46.0-255,66,6298,54,298791
345,7.4e-05,74.125.24.0-255,4320,10618,54,298791
346,7.7e-05,172.31.46.0-255,66,10684,54,298791
347,0.000104,74.125.24.0-255,3158,13842,54,298791
348,0.000107,172.31.46.0-255,66,13908,54,298791
349,0.000346,74.125.24.0-255,1484,15392,54,298791
350,0.000353,172.31.46.0-255,66,15458,54,298791
351,0.000358,74.125.24.0-255,2902,18360,54,298791
352,0.000361,172.31.46.0-255,66,18426,54,298791
353,0.000365,74.125.24.0-255,2902,21328,54,298791
354,0.000367,172.31.46.0-255,66,21394,54,298791
355,0.000402,74.125.24.0-255,2902,24296,54,298791
356,0.000406,172.31.46.0-255,66,24362,54,298791
357,0.00043,74.125.24.0-255,6797,31159,54,298791
358,0.000432,172.31.46.0-255,66,31225,54,298791
359,0.000478,74.125.24.0-255,1484,32709,54,298791
360,0.000481,172.31.46.0-255,66,32775,54,298791
361,0.000486,74.125.24.0-255,2902,35677,54,298791
362,0.000488,172.31.46.0-255,66,35743,54,298791
363,0.000513,74.125.24.0-255,5738,41481,54,298791
364,0.00052,172.31.46.0-255,66,41547,54,298791
365,0.000524,74.125.24.0-255,1484,43031,54,298791
366,0.000525,172.31.46.0-255,66,43097,54,298791
367,0.000551,74.125.24.0-255,4320,47417,54,298791
368,0.000554,172.31.46.0-255,66,47483,54,298791
369,0.000562,74.125.24.0-255,2902,50385,54,298791
370,0.000565,172.31.46.0-255,66,50451,54,298791
371,0.000603,74.125.24.0-255,3961,54412,54,298791
372,0.000761,172.31.46.0-255,66,54478,54,298791
373,0.001342,74.125.24.0-255,645,55123,54,298791
374,0.001361,172.31.46.0-255,66,55189,54,298791
375,0.001388,74.125.24.0-255,1484,56673,54,298791
376,0.001394,74.125.24.0-255,4320,60993,54,298791
377,0.001406,172.31.46.0-255,66,61059,54,298791
378,0.00142,74.125.24.0-255,2902,63961,54,298791
379,0.001434,172.31.46.0-255,66,64027,54,298791
380,0.001446,74.125.24.0-255,7156,71183,54,298791
381,0.001455,74.125.24.0-255,5738,76921,54,298791
382,0.001471,172.31.46.0-255,66,76987,54,298791
383,0.001494,74.125.24.0-255,1484,78471,54,298791
384,0.001537,172.31.46.0-255,66,78537,54,298791
385,0.001686,74.125.24.0-255,1484,80021,54,298791
386,0.001701,74.125.24.0-255,2902,82923,54,298791
387,0.001704,172.31.46.0-255,66,82989,54,298791
388,0.001716,74.125.24.0-255,4320,87309,54,298791
389,0.001728,74.125.24.0-255,1484,88793,54,298791
390,0.001733,172.31.46.0-255,66,88859,54,298791
391,0.001742,74.125.24.0-255,5738,94597,54,298791
392,0.001746,172.31.46.0-255,66,94663,54,298791
393,0.001759,74.125.24.0-255,1484,96147,54,298791
394,0.00182,74.125.24.0-255,5738,101885,54,298791
395,0.001823,74.125.24.0-255,2184,104069,54,298791
396,0.001831,172.31.46.0-255,66,104135,54,298791
397,0.001866,74.125.24.0-255,1484,105619,54,298791
398,0.001883,74.125.24.0-255,2902,108521,54,298791
399,0.001887,172.31.46.0-255,66,108587,54,298791
400,0.001916,74.125.24.0-255,5738,114325,54,298791
401,0.001921,74.125.24.0-255,4320,118645,54,298791
402,0.001943,74.125.24.0-255,1484,120129,54,298791
403,0.001945,172.31.46.0-255,66,120195,54,298791
404,0.001949,172.31.46.0-255,66,120261,54,298791
405,0.001972,74.125.24.0-255,5738,125999,54,298791
406,0.00198,172.31.46.0-255,66,126065,54,298791
407,0.002008,74.125.24.0-255,3602,129667,54,298791
408,0.002025,172.31.46.0-255,66,129733,54,298791
409,0.002056,74.125.24.0-255,1484,131217,54,298791
410,0.002069,74.125.24.0-255,2902,134119,54,298791
411,0.002073,172.31.46.0-255,66,134185,54,298791
412,0.002081,74.125.24.0-255,2902,137087,54,298791
413,0.002098,74.125.24.0-255,2902,139989,54,298791
414,0.002102,74.125.24.0-255,2902,142891,54,298791
415,0.002112,172.31.46.0-255,66,142957,54,298791
416,0.002124,74.125.24.0-255,5738,148695,54,298791
417,0.002142,74.125.24.0-255,4320,153015,54,298791
418,0.002164,74.125.24.0-255,1484,154499,54,298791
419,0.002175,74.125.24.0-255,766,155265,54,298791
420,0.002186,172.31.46.0-255,66,155331,54,298791
421,0.002409,74.125.24.0-255,1484,156815,54,298791
422,0.002414,74.125.24.0-255,1484,158299,54,298791
423,0.002416,172.31.46.0-255,66,158365,54,298791
424,0.002438,74.125.24.0-255,1484,159849,54,298791
425,0.002445,74.125.24.0-255,5738,165587,54,298791
426,0.002449,74.125.24.0-255,2902,168489,54,298791
427,0.002455,172.31.46.0-255,66,168555,54,298791
428,0.002462,74.125.24.0-255,1484,170039,54,298791
429,0.002508,74.125.24.0-255,2902,172941,54,298791
430,0.002516,172.31.46.0-255,66,173007,54,298791
431,0.002556,172.31.46.0-255,66,173073,54,298791
432,0.002742,74.125.24.0-255,1484,174557,54,298791
433,0.002756,74.125.24.0-255,2902,177459,54,298791
434,0.002759,172.31.46.0-255,66,177525,54,298791
435,0.002766,74.125.24.0-255,5738,183263,54,298791
436,0.002852,74.125.24.0-255,4320,187583,54,298791
437,0.00286,74.125.24.0-255,5738,193321,54,298791
438,0.002865,74.125.24.0-255,5020,198341,54,298791
439,0.002898,74.125.24.0-255,1484,199825,54,298791
440,0.002914,74.125.24.0-255,2902,202727,54,298791
441,0.002942,74.125.24.0-255,5738,208465,54,298791
442,0.002959,74.125.24.0-255,4320,212785,54,298791
443,0.002975,74.125.24.0-255,4320,217105,54,298791
444,0.002979,74.125.24.0-255,2902,220007,54,298791
445,0.003012,74.125.24.0-255,7156,227163,54,298791
446,0.003018,74.125.24.0-255,5020,232183,54,298791
447,0.003109,74.125.24.0-255,1484,233667,54,298791
448,0.003115,74.125.24.0-255,2902,236569,54,298791
449,0.00317,74.125.24.0-255,5738,242307,54,298791
450,0.003186,74.125.24.0-255,4320,246627,54,298791
451,0.003214,74.125.24.0-255,7156,253783,54,298791
452,0.003218,74.125.24.0-255,2184,255967,54,298791
453,0.003236,74.125.24.0-255,2902,258869,54,298791
454,0.003239,74.125.24.0-255,1484,260353,54,298791
455,0.003258,74.125.24.0-255,5738,266091,54,298791
456,0.003264,74.125.24.0-255,4320,270411,54,298791
457,0.003323,74.125.24.0-255,2902,273313,54,298791
458,0.00333,74.125.24.0-255,6438,279751,54,298791
459,0.003367,74.125.24.0-255,5738,285489,54,298791
460,0.003384,74.125.24.0-255,7156,292645,54,298791
461,0.003406,74.125.24.0-255,4320,296965,54,298791
462,0.003409,74.125.24.0-255,1484,298449,54,298791
463,0.00348,74.125.24.0-255,105,298554,54,298791
464,0.008349,172.31.46.0-255,66,298620,54,298791
465,0.010338,172.31.46.0-255,105,298725,54,298791
466,0.012572,74.125.24.0-255,66,298791,54,298791
467,0.0,172.253.118.0-255,153,153,54,210037
468,1.5e-05,172.31.46.0-255,66,219,54,210037
469,2.1e-05,172.253.118.0-255,1484,1703,54,210037
470,2.5e-05,172.31.46.0-255,66,1769,54,210037
471,3e-05,172.253.118.0-255,2902,4671,54,210037
472,3.3e-05,172.31.46.0-255,66,4737,54,210037
473,3.8e-05,172.253.118.0-255,4320,9057,54,210037
474,4.2e-05,172.31.46.0-255,66,9123,54,210037
475,7.3e-05,172.253.118.0-255,2902,12025,54,210037
476,7.5e-05,172.31.46.0-255,66,12091,54,210037
477,9.1e-05,172.253.118.0-255,2094,14185,54,210037
478,9.4e-05,172.31.46.0-255,66,14251,54,210037
479,0.000257,172.253.118.0-255,1484,15735,54,210037
480,0.000261,172.31.46.0-255,66,15801,54,210037
481,0.000266,172.253.118.0-255,2902,18703,54,210037
482,0.000269,172.31.46.0-255,66,18769,54,210037
483,0.000273,172.253.118.0-255,2902,21671,54,210037
484,0.000275,172.31.46.0-255,66,21737,54,210037
485,0.000297,172.253.118.0-255,2902,24639,54,210037
486,0.000299,172.31.46.0-255,66,24705,54,210037
487,0.000327,172.253.118.0-255,1484,26189,54,210037
488,0.000329,172.31.46.0-255,66,26255,54,210037
489,0.000358,172.31.46.0-255,66,26321,54,210037
490,0.000369,172.31.46.0-255,66,26387,54,210037
491,0.000382,172.253.118.0-255,1125,27512,54,210037
492,0.000384,172.31.46.0-255,66,27578,54,210037
493,0.000472,172.253.118.0-255,1484,29062,54,210037
494,0.000476,172.31.46.0-255,66,29128,54,210037
495,0.00048,172.253.118.0-255,2902,32030,54,210037
496,0.000482,172.31.46.0-255,66,32096,54,210037
497,0.000512,172.253.118.0-255,1484,33580,54,210037
498,0.000517,172.253.118.0-255,2902,36482,54,210037
499,0.00052,172.31.46.0-255,66,36548,54,210037
500,0.000541,172.253.118.0-255,5738,42286,54,210037
501,0.000544,172.31.46.0-255,66,42352,54,210037
502,0.000547,172.253.118.0-255,2543,44895,54,210037
503,0.000549,172.31.46.0-255,66,44961,54,210037
504,0.000578,172.253.118.0-255,646,45607,54,210037
505,0.000626,172.253.118.0-255,1484,47091,54,210037
506,0.000629,172.31.46.0-255,66,47157,54,210037
507,0.000649,172.253.118.0-255,2902,50059,54,210037
508,0.000652,172.31.46.0-255,66,50125,54,210037
509,0.000658,172.253.118.0-255,5738,55863,54,210037
510,0.00066,172.31.46.0-255,66,55929,54,210037
511,0.000685,172.253.118.0-255,1484,57413,54,210037
512,0.000701,172.253.118.0-255,5738,63151,54,210037
513,0.000705,172.31.46.0-255,66,63217,54,210037
514,0.000725,172.253.118.0-255,6797,70014,54,210037
515,0.000733,172.253.118.0-255,1125,71139,54,210037
516,0.000736,172.31.46.0-255,66,71205,54,210037
517,0.000742,172.31.46.0-255,66,71271,54,210037
518,0.001355,172.31.46.0-255,66,71337,54,210037
519,0.001359,172.253.118.0-255,1484,72821,54,210037
520,0.001378,172.253.118.0-255,2902,75723,54,210037
521,0.001381,172.31.46.0-255,66,75789,54,210037
522,0.001388,172.253.118.0-255,5738,81527,54,210037
523,0.00139,172.31.46.0-255,66,81593,54,210037
524,0.001433,172.31.46.0-255,66,81659,54,210037
525,0.001456,172.253.118.0-255,2902,84561,54,210037
526,0.001459,172.31.46.0-255,66,84627,54,210037
527,0.001488,172.31.46.0-255,66,84693,54,210037
528,0.001515,172.253.118.0-255,1484,86177,54,210037
529,0.001519,172.253.118.0-255,2902,89079,54,210037
530,0.001522,172.31.46.0-255,66,89145,54,210037
531,0.001544,172.253.118.0-255,5738,94883,54,210037
532,0.001547,172.31.46.0-255,66,94949,54,210037
533,0.001573,172.31.46.0-255,66,95015,54,210037
534,0.00162,172.31.46.0-255,66,95081,54,210037
535,0.001638,172.253.118.0-255,3602,98683,54,210037
536,0.00164,172.31.46.0-255,66,98749,54,210037
537,0.001797,172.253.118.0-255,1484,100233,54,210037
538,0.001815,172.253.118.0-255,2902,103135,54,210037
539,0.001818,172.31.46.0-255,66,103201,54,210037
540,0.001821,172.253.118.0-255,1484,104685,54,210037
541,0.001843,172.253.118.0-255,4320,109005,54,210037
542,0.001845,172.31.46.0-255,66,109071,54,210037
543,0.001862,172.253.118.0-255,4320,113391,54,210037
544,0.001864,172.31.46.0-255,66,113457,54,210037
545,0.001894,172.31.46.0-255,66,113523,54,210037
546,0.001912,172.253.118.0-255,4320,117843,54,210037
547,0.001914,172.31.46.0-255,66,117909,54,210037
548,0.001937,172.253.118.0-255,6438,124347,54,210037
549,0.001939,172.31.46.0-255,66,124413,54,210037
550,0.0022,172.253.118.0-255,1484,125897,54,210037
551,0.002216,172.253.118.0-255,2902,128799,54,210037
552,0.002219,172.31.46.0-255,66,128865,54,210037
553,0.002223,172.253.118.0-255,2902,131767,54,210037
554,0.002225,172.31.46.0-255,66,131833,54,210037
555,0.002238,172.253.118.0-255,2902,134735,54,210037
556,0.00224,172.31.46.0-255,66,134801,54,210037
557,0.002256,172.253.118.0-255,4320,139121,54,210037
558,0.002258,172.31.46.0-255,66,139187,54,210037
559,0.002282,172.31.46.0-255,66,139253,54,210037
560,0.0023,172.253.118.0-255,4320,143573,54,210037
561,0.002302,172.31.46.0-255,66,143639,54,210037
562,0.002326,172.253.118.0-255,6438,150077,54,210037
563,0.002328,172.31.46.0-255,66,150143,54,210037
564,0.002338,172.31.46.0-255,66,150209,54,210037
565,0.002362,172.31.46.0-255,66,150275,54,210037
566,0.00238,172.253.118.0-255,4320,154595,54,210037
567,0.002382,172.31.46.0-255,66,154661,54,210037
568,0.002396,172.253.118.0-255,5738,160399,54,210037
569,0.002398,172.31.46.0-255,66,160465,54,210037
570,0.002414,172.253.118.0-255,3602,164067,54,210037
571,0.002416,172.31.46.0-255,66,164133,54,210037
572,0.002422,172.253.118.0-255,5738,169871,54,210037
573,0.002424,172.31.46.0-255,66,169937,54,210037
574,0.002458,172.31.46.0-255,66,170003,54,210037
575,0.002467,172.31.46.0-255,66,170069,54,210037
576,0.002488,172.253.118.0-255,5738,175807,54,210037
577,0.002489,172.31.46.0-255,66,175873,54,210037
578,0.002532,172.31.46.0-255,66,175939,54,210037
579,0.002535,172.253.118.0-255,2902,178841,54,210037
580,0.002537,172.31.46.0-255,66,178907,54,210037
581,0.00255,172.253.118.0-255,2902,181809,54,210037
582,0.002552,172.31.46.0-255,66,181875,54,210037
583,0.002578,172.31.46.0-255,66,181941,54,210037
584,0.00261,172.253.118.0-255,6438,188379,54,210037
585,0.002613,172.31.46.0-255,66,188445,54,210037
586,0.002628,172.31.46.0-255,66,188511,54,210037
587,0.002655,172.253.118.0-255,5738,194249,54,210037
588,0.002659,172.31.46.0-255,66,194315,54,210037
589,0.002661,172.253.118.0-255,1484,195799,54,210037
590,0.002663,172.31.46.0-255,78,195877,54,210037
591,0.002666,172.253.118.0-255,1484,197361,54,210037
592,0.002668,172.31.46.0-255,66,197427,54,210037
593,0.002685,172.253.118.0-255,1484,198911,54,210037
594,0.002716,172.253.118.0-255,4320,203231,54,210037
595,0.002748,172.253.118.0-255,2184,205415,54,210037
596,0.002774,172.253.118.0-255,105,205520,54,210037
597,0.005888,172.31.46.0-255,66,205586,54,210037
598,0.00743,172.31.46.0-255,105,205691,54,210037
599,0.009991,172.253.118.0-255,66,205757,54,210037
600,0.026343,172.31.46.0-255,172,205929,54,210037
601,0.02637,172.31.46.0-255,1119,207048,54,210037
602,0.026425,172.31.46.0-255,1514,208562,54,210037
603,0.026427,172.31.46.0-255,1277,209839,54,210037
604,0.027899,104.244.42.0-255,66,209905,54,210037
605,0.027926,104.244.42.0-255,66,209971,54,210037
606,0.027975,104.244.42.0-255,66,210037,54,210037
607,0.0,74.125.24.0-255,159,159,54,213066
608,2.2e-05,172.31.46.0-255,66,225,54,213066
609,2.9e-05,74.125.24.0-255,1484,1709,54,213066
610,3.4e-05,172.31.46.0-255,66,1775,54,213066
611,3.9e-05,74.125.24.0-255,2902,4677,54,213066
612,4.2e-05,172.31.46.0-255,66,4743,54,213066
613,4.6e-05,74.125.24.0-255,1484,6227,54,213066
614,4.8e-05,172.31.46.0-255,66,6293,54,213066
615,6.7e-05,74.125.24.0-255,2902,9195,54,213066
616,6.9e-05,172.31.46.0-255,66,9261,54,213066
617,7.6e-05,74.125.24.0-255,4891,14152,54,213066
618,7.8e-05,172.31.46.0-255,66,14218,54,213066
619,0.000113,74.125.24.0-255,5738,19956,54,213066
620,0.000116,172.31.46.0-255,66,20022,54,213066
621,0.00013,74.125.24.0-255,2902,22924,54,213066
622,0.000132,172.31.46.0-255,66,22990,54,213066
623,0.000162,172.31.46.0-255,66,23056,54,213066
624,0.000187,74.125.24.0-255,7156,30212,54,213066
625,0.000189,172.31.46.0-255,66,30278,54,213066
626,0.000232,74.125.24.0-255,7156,37434,54,213066
627,0.000235,172.31.46.0-255,66,37500,54,213066
628,0.000238,74.125.24.0-255,766,38266,54,213066
629,0.00024,172.31.46.0-255,66,38332,54,213066
630,0.000287,74.125.24.0-255,1484,39816,54,213066
631,0.00029,172.31.46.0-255,66,39882,54,213066
632,0.000295,74.125.24.0-255,2902,42784,54,213066
633,0.000297,172.31.46.0-255,66,42850,54,213066
634,0.000314,74.125.24.0-255,5738,48588,54,213066
635,0.000317,172.31.46.0-255,66,48654,54,213066
636,0.000336,74.125.24.0-255,5738,54392,54,213066
637,0.000339,172.31.46.0-255,66,54458,54,213066
638,0.000357,74.125.24.0-255,1480,55938,54,213066
639,0.000385,74.125.24.0-255,1484,57422,54,213066
640,0.000388,172.31.46.0-255,66,57488,54,213066
641,0.000392,74.125.24.0-255,1484,58972,54,213066
642,0.000407,74.125.24.0-255,1484,60456,54,213066
643,0.00041,172.31.46.0-255,66,60522,54,213066
644,0.000417,74.125.24.0-255,5738,66260,54,213066
645,0.000419,172.31.46.0-255,66,66326,54,213066
646,0.000462,172.31.46.0-255,66,66392,54,213066
647,0.000493,74.125.24.0-255,5738,72130,54,213066
648,0.000495,172.31.46.0-255,66,72196,54,213066
649,0.000513,74.125.24.0-255,5738,77934,54,213066
650,0.000516,172.31.46.0-255,66,78000,54,213066
651,0.000519,74.125.24.0-255,2448,80448,54,213066
652,0.000521,172.31.46.0-255,66,80514,54,213066
653,0.000753,74.125.24.0-255,1484,81998,54,213066
654,0.000772,74.125.24.0-255,2902,84900,54,213066
655,0.000778,74.125.24.0-255,5738,90638,54,213066
656,0.00078,74.125.24.0-255,1484,92122,54,213066
657,0.000785,172.31.46.0-255,66,92188,54,213066
658,0.000788,172.31.46.0-255,66,92254,54,213066
659,0.000809,74.125.24.0-255,5738,97992,54,213066
660,0.000812,172.31.46.0-255,66,98058,54,213066
661,0.000834,74.125.24.0-255,4320,102378,54,213066
662,0.000836,172.31.46.0-255,66,102444,54,213066
663,0.000875,172.31.46.0-255,66,102510,54,213066
664,0.000879,74.125.24.0-255,2184,104694,54,213066
665,0.000881,172.31.46.0-255,66,104760,54,213066
666,0.001181,74.125.24.0-255,1484,106244,54,213066
667,0.001188,74.125.24.0-255,1484,107728,54,213066
668,0.001193,172.31.46.0-255,66,107794,54,213066
669,0.001216,74.125.24.0-255,1484,109278,54,213066
670,0.001224,74.125.24.0-255,5738,115016,54,213066
671,0.001226,172.31.46.0-255,66,115082,54,213066
672,0.001234,74.125.24.0-255,7156,122238,54,213066
673,0.001236,172.31.46.0-255,66,122304,54,213066
674,0.001254,74.125.24.0-255,5738,128042,54,213066
675,0.001256,172.31.46.0-255,66,128108,54,213066
676,0.001267,172.31.46.0-255,66,128174,54,213066
677,0.001291,74.125.24.0-255,766,128940,54,213066
678,0.001305,74.125.24.0-255,1484,130424,54,213066
679,0.001307,172.31.46.0-255,66,130490,54,213066
680,0.001334,74.125.24.0-255,4320,134810,54,213066
681,0.001337,172.31.46.0-255,66,134876,54,213066
682,0.001349,172.31.46.0-255,66,134942,54,213066
683,0.001383,172.31.46.0-255,66,135008,54,213066
684,0.001402,74.125.24.0-255,4320,139328,54,213066
685,0.001404,172.31.46.0-255,66,139394,54,213066
686,0.001408,74.125.24.0-255,2184,141578,54,213066
687,0.00141,172.31.46.0-255,66,141644,54,213066
688,0.003645,74.125.24.0-255,5738,147382,54,213066
689,0.003653,172.31.46.0-255,66,147448,54,213066
690,0.005871,74.125.24.0-255,2902,150350,54,213066
691,0.005875,172.31.46.0-255,66,150416,54,213066
692,0.005897,74.125.24.0-255,2902,153318,54,213066
693,0.005899,172.31.46.0-255,66,153384,54,213066
694,0.008087,74.125.24.0-255,2902,156286,54,213066
695,0.008093,172.31.46.0-255,66,156352,54,213066
696,0.008112,74.125.24.0-255,2902,159254,54,213066
697,0.008114,172.31.46.0-255,66,159320,54,213066
698,0.010346,74.125.24.0-255,5738,165058,54,213066
699,0.010353,172.31.46.0-255,66,165124,54,213066
700,0.012611,74.125.24.0-255,5738,170862,54,213066
701,0.012619,172.31.46.0-255,66,170928,54,213066
702,0.014873,74.125.24.0-255,5738,176666,54,213066
703,0.014886,172.31.46.0-255,66,176732,54,213066
704,0.017113,74.125.24.0-255,5738,182470,54,213066
705,0.017121,172.31.46.0-255,66,182536,54,213066
706,0.019347,74.125.24.0-255,5738,188274,54,213066
707,0.019353,172.31.46.0-255,66,188340,54,213066
708,0.021606,74.125.24.0-255,5738,194078,54,213066
709,0.021612,172.31.46.0-255,66,194144,54,213066
710,0.023849,74.125.24.0-255,5738,199882,54,213066
711,0.023856,172.31.46.0-255,66,199948,54,213066
712,0.026079,74.125.24.0-255,4320,204268,54,213066
713,0.026084,172.31.46.0-255,66,204334,54,213066
714,0.0261,74.125.24.0-255,1484,205818,54,213066
715,0.026966,172.31.46.0-255,172,205990,54,213066
716,0.026994,172.31.46.0-255,1119,207109,54,213066
717,0.027045,172.31.46.0-255,1514,208623,54,213066
718,0.027046,172.31.46.0-255,1277,209900,54,213066
719,0.02831,74.125.24.0-255,2902,212802,54,213066
720,0.028317,172.31.46.0-255,66,212868,54,213066
721,0.028527,104.244.42.0-255,66,212934,54,213066
722,0.028541,104.244.42.0-255,66,213000,54,213066
723,0.028631,104.244.42.0-255,66,213066,54,213066
724,0.0,74.125.24.0-255,153,153,54,162356
725,2.4e-05,172.31.46.0-255,66,219,54,162356
726,3e-05,74.125.24.0-255,1484,1703,54,162356
727,3.5e-05,172.31.46.0-255,66,1769,54,162356
728,4.9e-05,74.125.24.0-255,2902,4671,54,162356
729,5.3e-05,172.31.46.0-255,66,4737,54,162356
730,6e-05,74.125.24.0-255,5738,10475,54,162356
731,6.4e-05,172.31.46.0-255,66,10541,54,162356
732,0.000107,172.31.46.0-255,66,10607,54,162356
733,0.000151,74.125.24.0-255,5738,16345,54,162356
734,0.000153,172.31.46.0-255,66,16411,54,162356
735,0.00018,74.125.24.0-255,3961,20372,54,162356
736,0.000183,172.31.46.0-255,66,20438,54,162356
737,0.000263,74.125.24.0-255,1484,21922,54,162356
738,0.000266,172.31.46.0-255,66,21988,54,162356
739,0.000293,74.125.24.0-255,2902,24890,54,162356
740,0.000296,172.31.46.0-255,66,24956,54,162356
741,0.000307,74.125.24.0-255,5738,30694,54,162356
742,0.000309,172.31.46.0-255,66,30760,54,162356
743,0.00035,172.31.46.0-255,66,30826,54,162356
744,0.000367,172.31.46.0-255,66,30892,54,162356
745,0.000416,74.125.24.0-255,2813,33705,54,162356
746,0.000418,172.31.46.0-255,66,33771,54,162356
747,0.000421,74.125.24.0-255,135,33906,54,162356
748,0.000424,172.31.46.0-255,66,33972,54,162356
749,0.000499,74.125.24.0-255,1484,35456,54,162356
750,0.000502,172.31.46.0-255,66,35522,54,162356
751,0.000523,74.125.24.0-255,2902,38424,54,162356
752,0.000527,172.31.46.0-255,66,38490,54,162356
753,0.000533,74.125.24.0-255,5738,44228,54,162356
754,0.000536,172.31.46.0-255,66,44294,54,162356
755,0.000539,74.125.24.0-255,1484,45778,54,162356
756,0.000572,74.125.24.0-255,5379,51157,54,162356
757,0.000574,172.31.46.0-255,66,51223,54,162356
758,0.000613,172.31.46.0-255,66,51289,54,162356
759,0.000637,74.125.24.0-255,2543,53832,54,162356
760,0.000639,172.31.46.0-255,66,53898,54,162356
761,0.001275,74.125.24.0-255,1484,55382,54,162356
762,0.001283,74.125.24.0-255,2902,58284,54,162356
763,0.001286,172.31.46.0-255,66,58350,54,162356
764,0.001301,74.125.24.0-255,2902,61252,54,162356
765,0.001308,172.31.46.0-255,66,61318,54,162356
766,0.001339,74.125.24.0-255,1484,62802,54,162356
767,0.001352,172.31.46.0-255,66,62868,54,162356
768,0.00136,74.125.24.0-255,1484,64352,54,162356
769,0.001378,74.125.24.0-255,7156,71508,54,162356
770,0.001381,172.31.46.0-255,66,71574,54,162356
771,0.001416,172.31.46.0-255,66,71640,54,162356
772,0.001507,74.125.24.0-255,1484,73124,54,162356
773,0.00151,74.125.24.0-255,1484,74608,54,162356
774,0.001515,172.31.46.0-255,66,74674,54,162356
775,0.001529,74.125.24.0-255,1484,76158,54,162356
776,0.00154,74.125.24.0-255,5738,81896,54,162356
777,0.001542,172.31.46.0-255,66,81962,54,162356
778,0.001585,172.31.46.0-255,66,82028,54,162356
779,0.001588,74.125.24.0-255,1484,83512,54,162356
780,0.001621,172.31.46.0-255,66,83578,54,162356
781,0.001673,74.125.24.0-255,1484,85062,54,162356
782,0.001687,74.125.24.0-255,2902,87964,54,162356
783,0.00169,172.31.46.0-255,66,88030,54,162356
784,0.001697,74.125.24.0-255,5738,93768,54,162356
785,0.0017,172.31.46.0-255,66,93834,54,162356
786,0.001709,74.125.24.0-255,4320,98154,54,162356
787,0.001711,172.31.46.0-255,66,98220,54,162356
788,0.001752,172.31.46.0-255,66,98286,54,162356
789,0.001756,74.125.24.0-255,1484,99770,54,162356
790,0.001794,74.125.24.0-255,6438,106208,54,162356
791,0.001797,172.31.46.0-255,66,106274,54,162356
792,0.001821,74.125.24.0-255,1484,107758,54,162356
793,0.001824,74.125.24.0-255,1484,109242,54,162356
794,0.001827,172.31.46.0-255,66,109308,54,162356
795,0.001864,74.125.24.0-255,1484,110792,54,162356
796,0.001871,74.125.24.0-255,5738,116530,54,162356
797,0.001874,172.31.46.0-255,66,116596,54,162356
798,0.00189,172.31.46.0-255,66,116662,54,162356
799,0.001918,74.125.24.0-255,5738,122400,54,162356
800,0.001921,172.31.46.0-255,66,122466,54,162356
801,0.001947,172.31.46.0-255,66,122532,54,162356
802,0.001987,74.125.24.0-255,1484,124016,54,162356
803,0.002008,74.125.24.0-255,2902,126918,54,162356
804,0.002012,172.31.46.0-255,66,126984,54,162356
805,0.002018,74.125.24.0-255,5738,132722,54,162356
806,0.002021,172.31.46.0-255,66,132788,54,162356
807,0.002111,172.31.46.0-255,66,132854,54,162356
808,0.00213,172.31.46.0-255,66,132920,54,162356
809,0.002173,74.125.24.0-255,1484,134404,54,162356
810,0.002193,74.125.24.0-255,2902,137306,54,162356
811,0.002196,172.31.46.0-255,66,137372,54,162356
812,0.002203,74.125.24.0-255,5738,143110,54,162356
813,0.002205,172.31.46.0-255,66,143176,54,162356
814,0.002208,74.125.24.0-255,1484,144660,54,162356
815,0.002241,172.31.46.0-255,66,144726,54,162356
816,0.002254,172.31.46.0-255,66,144792,54,162356
817,0.002296,172.31.46.0-255,66,144858,54,162356
818,0.002309,172.31.46.0-255,66,144924,54,162356
819,0.002342,74.125.24.0-255,2902,147826,54,162356
820,0.002345,172.31.46.0-255,66,147892,54,162356
821,0.002356,172.31.46.0-255,66,147958,54,162356
822,0.002364,74.125.24.0-255,2902,150860,54,162356
823,0.002366,172.31.46.0-255,66,150926,54,162356
824,0.002422,172.31.46.0-255,66,150992,54,162356
825,0.002428,74.125.24.0-255,5020,156012,54,162356
826,0.002431,172.31.46.0-255,66,156078,54,162356
827,0.002442,74.125.24.0-255,5738,161816,54,162356
828,0.002444,172.31.46.0-255,66,161882,54,162356
829,0.002505,172.31.46.0-255,66,161948,54,162356
830,0.002526,172.31.46.0-255,66,162014,54,162356
831,0.002529,74.125.24.0-255,105,162119,54,162356
832,0.011312,172.31.46.0-255,66,162185,54,162356
833,0.011361,172.31.46.0-255,105,162290,54,162356
834,0.013975,74.125.24.0-255,66,162356,54,162356
835,0.0,172.31.46.0-255,66,66,54,66
836,0.0,172.217.194.0-255,146,146,54,189958
837,2.1e-05,172.31.46.0-255,66,212,54,189958
838,2.7e-05,172.217.194.0-255,1484,1696,54,189958
839,3.1e-05,172.31.46.0-255,66,1762,54,189958
840,3.6e-05,172.217.194.0-255,2902,4664,54,189958
841,3.8e-05,172.31.46.0-255,66,4730,54,189958
842,5.1e-05,172.217.194.0-255,7156,11886,54,189958
843,5.4e-05,172.31.46.0-255,66,11952,54,189958
844,8e-05,172.217.194.0-255,1994,13946,54,189958
845,8.3e-05,172.31.46.0-255,66,14012,54,189958
846,0.000104,172.217.194.0-255,2902,16914,54,189958
847,0.000107,172.31.46.0-255,66,16980,54,189958
848,0.000109,172.217.194.0-255,1484,18464,54,189958
849,0.000111,172.31.46.0-255,66,18530,54,189958
850,0.000146,172.217.194.0-255,5738,24268,54,189958
851,0.000148,172.31.46.0-255,66,24334,54,189958
852,0.000174,172.217.194.0-255,6797,31131,54,189958
853,0.000176,172.31.46.0-255,66,31197,54,189958
854,0.000212,172.217.194.0-255,4320,35517,54,189958
855,0.000214,172.31.46.0-255,66,35583,54,189958
856,0.000238,172.217.194.0-255,2902,38485,54,189958
857,0.000241,172.31.46.0-255,66,38551,54,189958
858,0.000243,172.217.194.0-255,1484,40035,54,189958
859,0.000245,172.31.46.0-255,66,40101,54,189958
860,0.000269,172.31.46.0-255,66,40167,54,189958
861,0.00029,172.217.194.0-255,2543,42710,54,189958
862,0.000292,172.31.46.0-255,66,42776,54,189958
863,0.000297,172.217.194.0-255,4320,47096,54,189958
864,0.0003,172.31.46.0-255,66,47162,54,189958
865,0.000328,172.217.194.0-255,2902,50064,54,189958
866,0.000331,172.31.46.0-255,66,50130,54,189958
867,0.000366,172.217.194.0-255,7086,57216,54,189958
868,0.000369,172.31.46.0-255,66,57282,54,189958
869,0.000372,172.217.194.0-255,99,57381,54,189958
870,0.000375,172.217.194.0-255,363,57744,54,189958
871,0.000505,172.217.194.0-255,1484,59228,54,189958
872,0.00051,172.31.46.0-255,66,59294,54,189958
873,0.000514,172.217.194.0-255,2902,62196,54,189958
874,0.000516,172.31.46.0-255,66,62262,54,189958
875,0.000526,172.217.194.0-255,5738,68000,54,189958
876,0.000528,172.31.46.0-255,66,68066,54,189958
877,0.000533,172.217.194.0-255,4320,72386,54,189958
878,0.000535,172.31.46.0-255,66,72452,54,189958
879,0.000607,172.217.194.0-255,2902,75354,54,189958
880,0.000638,172.31.46.0-255,66,75420,54,189958
881,0.001608,172.217.194.0-255,1484,76904,54,189958
882,0.001619,172.217.194.0-255,2902,79806,54,189958
883,0.001624,172.31.46.0-255,66,79872,54,189958
884,0.001632,172.217.194.0-255,5738,85610,54,189958
885,0.001634,172.31.46.0-255,66,85676,54,189958
886,0.001645,172.217.194.0-255,4320,89996,54,189958
887,0.001647,172.31.46.0-255,66,90062,54,189958
888,0.001691,172.31.46.0-255,66,90128,54,189958
889,0.001695,172.217.194.0-255,2902,93030,54,189958
890,0.001698,172.31.46.0-255,66,93096,54,189958
891,0.001725,172.217.194.0-255,5020,98116,54,189958
892,0.001727,172.31.46.0-255,66,98182,54,189958
893,0.002175,172.217.194.0-255,1484,99666,54,189958
894,0.002184,172.217.194.0-255,2902,102568,54,189958
895,0.002188,172.31.46.0-255,66,102634,54,189958
896,0.002196,172.217.194.0-255,5738,108372,54,189958
897,0.002198,172.31.46.0-255,66,108438,54,189958
898,0.002232,172.217.194.0-255,7156,115594,54,189958
899,0.002234,172.31.46.0-255,66,115660,54,189958
900,0.002268,172.217.194.0-255,5738,121398,54,189958
901,0.00227,172.31.46.0-255,66,121464,54,189958
902,0.002274,172.217.194.0-255,1484,122948,54,189958
903,0.00229,172.31.46.0-255,66,123014,54,189958
904,0.004578,172.217.194.0-255,5738,128752,54,189958
905,0.004581,172.31.46.0-255,66,128818,54,189958
906,0.006822,172.217.194.0-255,4320,133138,54,189958
907,0.006828,172.31.46.0-255,66,133204,54,189958
908,0.006852,172.217.194.0-255,1484,134688,54,189958
909,0.009044,172.217.194.0-255,4320,139008,54,189958
910,0.00905,172.31.46.0-255,66,139074,54,189958
911,0.011296,172.217.194.0-255,5738,144812,54,189958
912,0.011305,172.31.46.0-255,66,144878,54,189958
913,0.013553,172.217.194.0-255,5738,150616,54,189958
914,0.013561,172.31.46.0-255,66,150682,54,189958
915,0.015796,172.217.194.0-255,5738,156420,54,189958
916,0.015805,172.31.46.0-255,66,156486,54,189958
917,0.018051,172.217.194.0-255,5738,162224,54,189958
918,0.018059,172.31.46.0-255,66,162290,54,189958
919,0.020287,172.217.194.0-255,5738,168028,54,189958
920,0.020294,172.31.46.0-255,66,168094,54,189958
921,0.022548,172.217.194.0-255,5738,173832,54,189958
922,0.022556,172.31.46.0-255,66,173898,54,189958
923,0.02481,172.217.194.0-255,5738,179636,54,189958
924,0.024817,172.31.46.0-255,66,179702,54,189958
925,0.02705,172.217.194.0-255,4320,184022,54,189958
926,0.027058,172.31.46.0-255,66,184088,54,189958
927,0.027085,172.217.194.0-255,1484,185572,54,189958
928,0.029332,172.217.194.0-255,4320,189892,54,189958
929,0.02934,172.31.46.0-255,66,189958,54,189958
930,0.0,74.125.24.0-255,152,152,54,175037
931,2.4e-05,172.31.46.0-255,66,218,54,175037
932,3.1e-05,74.125.24.0-255,1484,1702,54,175037
933,3.6e-05,172.31.46.0-255,66,1768,54,175037
934,4.1e-05,74.125.24.0-255,2902,4670,54,175037
935,4.5e-05,172.31.46.0-255,66,4736,54,175037
936,5e-05,74.125.24.0-255,2902,7638,54,175037
937,5.3e-05,172.31.46.0-255,66,7704,54,175037
938,6.4e-05,172.31.46.0-255,66,7770,54,175037
939,7.1e-05,74.125.24.0-255,5738,13508,54,175037
940,7.5e-05,172.31.46.0-255,66,13574,54,175037
941,0.000105,172.31.46.0-255,66,13640,54,175037
942,0.000122,172.31.46.0-255,66,13706,54,175037
943,0.000126,74.125.24.0-255,2902,16608,54,175037
944,0.000129,172.31.46.0-255,66,16674,54,175037
945,0.000134,74.125.24.0-255,4320,20994,54,175037
946,0.000137,172.31.46.0-255,66,21060,54,175037
947,0.000142,74.125.24.0-255,4320,25380,54,175037
948,0.000145,172.31.46.0-255,66,25446,54,175037
949,0.00017,74.125.24.0-255,4320,29766,54,175037
950,0.000172,172.31.46.0-255,66,29832,54,175037
951,0.000175,74.125.24.0-255,1409,31241,54,175037
952,0.000178,172.31.46.0-255,66,31307,54,175037
953,0.000181,74.125.24.0-255,130,31437,54,175037
954,0.000183,172.31.46.0-255,66,31503,54,175037
955,0.000286,74.125.24.0-255,1484,32987,54,175037
956,0.00029,172.31.46.0-255,66,33053,54,175037
957,0.000296,74.125.24.0-255,2902,35955,54,175037
958,0.000299,172.31.46.0-255,66,36021,54,175037
959,0.000302,74.125.24.0-255,1484,37505,54,175037
960,0.000333,74.125.24.0-255,4320,41825,54,175037
961,0.000336,172.31.46.0-255,66,41891,54,175037
962,0.000341,74.125.24.0-255,4320,46211,54,175037
963,0.000344,172.31.46.0-255,66,46277,54,175037
964,0.000358,172.31.46.0-255,66,46343,54,175037
965,0.00041,172.31.46.0-255,66,46409,54,175037
966,0.000877,74.125.24.0-255,1484,47893,54,175037
967,0.000892,74.125.24.0-255,2902,50795,54,175037
968,0.000896,172.31.46.0-255,66,50861,54,175037
969,0.000903,74.125.24.0-255,5738,56599,54,175037
970,0.000905,172.31.46.0-255,66,56665,54,175037
971,0.000923,74.125.24.0-255,5738,62403,54,175037
972,0.000925,172.31.46.0-255,66,62469,54,175037
973,0.000937,74.125.24.0-255,2902,65371,54,175037
974,0.000941,172.31.46.0-255,66,65437,54,175037
975,0.001011,172.31.46.0-255,66,65503,54,175037
976,0.001033,74.125.24.0-255,5886,71389,54,175037
977,0.001035,172.31.46.0-255,66,71455,54,175037
978,0.001042,74.125.24.0-255,7156,78611,54,175037
979,0.001044,172.31.46.0-255,66,78677,54,175037
980,0.001061,74.125.24.0-255,7156,85833,54,175037
981,0.001065,172.31.46.0-255,66,85899,54,175037
982,0.001101,172.31.46.0-255,66,85965,54,175037
983,0.001106,74.125.24.0-255,3602,89567,54,175037
984,0.001108,172.31.46.0-255,66,89633,54,175037
985,0.002065,74.125.24.0-255,1484,91117,54,175037
986,0.003132,74.125.24.0-255,4320,95437,54,175037
987,0.003139,172.31.46.0-255,66,95503,54,175037
988,0.00514,74.125.24.0-255,5738,101241,54,175037
989,0.005143,172.31.46.0-255,66,101307,54,175037
990,0.007166,74.125.24.0-255,5738,107045,54,175037
991,0.00717,172.31.46.0-255,66,107111,54,175037
992,0.009176,74.125.24.0-255,5738,112849,54,175037
993,0.009182,172.31.46.0-255,66,112915,54,175037
994,0.011182,74.125.24.0-255,5738,118653,54,175037
995,0.011189,172.31.46.0-255,66,118719,54,175037
996,0.013207,74.125.24.0-255,5738,124457,54,175037
997,0.013217,172.31.46.0-255,66,124523,54,175037
998,0.015252,74.125.24.0-255,5738,130261,54,175037
999,0.015259,172.31.46.0-255,66,130327,54,175037
1000,0.01726,74.125.24.0-255,5738,136065,54,175037
1001,0.017268,172.31.46.0-255,66,136131,54,175037
1002,0.019261,74.125.24.0-255,5738,141869,54,175037
1003,0.019268,172.31.46.0-255,66,141935,54,175037
1004,0.021269,74.125.24.0-255,5738,147673,54,175037
1005,0.021275,172.31.46.0-255,66,147739,54,175037
1006,0.023296,74.125.24.0-255,5738,153477,54,175037
1007,0.023305,172.31.46.0-255,66,153543,54,175037
1008,0.025301,74.125.24.0-255,5738,159281,54,175037
1009,0.025308,172.31.46.0-255,66,159347,54,175037
1010,0.027316,74.125.24.0-255,5738,165085,54,175037
1011,0.027323,172.31.46.0-255,66,165151,54,175037
1012,0.02917,172.31.46.0-255,172,165323,54,175037
1013,0.029196,172.31.46.0-255,1119,166442,54,175037
1014,0.029245,172.31.46.0-255,1514,167956,54,175037
1015,0.029247,172.31.46.0-255,1277,169233,54,175037
1016,0.029351,74.125.24.0-255,5738,174971,54,175037
1017,0.029355,172.31.46.0-255,66,175037,54,175037
1018,0.0,74.125.24.0-255,148,148,54,195217
1019,2.4e-05,172.31.46.0-255,66,214,54,195217
1020,3.2e-05,74.125.24.0-255,1484,1698,54,195217
1021,3.6e-05,172.31.46.0-255,66,1764,54,195217
1022,4.2e-05,74.125.24.0-255,2902,4666,54,195217
1023,5.4e-05,172.31.46.0-255,66,4732,54,195217
1024,6.2e-05,74.125.24.0-255,7156,11888,54,195217
1025,6.5e-05,172.31.46.0-255,66,11954,54,195217
1026,9.5e-05,74.125.24.0-255,1484,13438,54,195217
1027,9.8e-05,172.31.46.0-255,66,13504,54,195217
1028,0.000105,74.125.24.0-255,4841,18345,54,195217
1029,0.000107,172.31.46.0-255,66,18411,54,195217
1030,0.000152,172.31.46.0-255,66,18477,54,195217
1031,0.00018,74.125.24.0-255,3961,22438,54,195217
1032,0.000183,172.31.46.0-255,66,22504,54,195217
1033,0.000279,74.125.24.0-255,1484,23988,54,195217
1034,0.000283,172.31.46.0-255,66,24054,54,195217
1035,0.000287,74.125.24.0-255,1484,25538,54,195217
1036,0.000289,172.31.46.0-255,66,25604,54,195217
1037,0.00032,74.125.24.0-255,1484,27088,54,195217
1038,0.000323,172.31.46.0-255,66,27154,54,195217
1039,0.00033,74.125.24.0-255,5738,32892,54,195217
1040,0.000333,172.31.46.0-255,66,32958,54,195217
1041,0.000336,74.125.24.0-255,1484,34442,54,195217
1042,0.000338,172.31.46.0-255,66,34508,54,195217
1043,0.000387,172.31.46.0-255,66,34574,54,195217
1044,0.00044,74.125.24.0-255,2902,37476,54,195217
1045,0.000444,172.31.46.0-255,66,37542,54,195217
1046,0.000449,74.125.24.0-255,2902,40444,54,195217
1047,0.000451,172.31.46.0-255,66,40510,54,195217
1048,0.000485,74.125.24.0-255,4338,44848,54,195217
1049,0.000487,172.31.46.0-255,66,44914,54,195217
1050,0.00049,74.125.24.0-255,330,45244,54,195217
1051,0.000869,74.125.24.0-255,1484,46728,54,195217
1052,0.000875,172.31.46.0-255,66,46794,54,195217
1053,0.000881,74.125.24.0-255,2902,49696,54,195217
1054,0.000883,172.31.46.0-255,66,49762,54,195217
1055,0.000917,74.125.24.0-255,5738,55500,54,195217
1056,0.00092,74.125.24.0-255,1484,56984,54,195217
1057,0.000923,172.31.46.0-255,66,57050,54,195217
1058,0.000957,172.31.46.0-255,66,57116,54,195217
1059,0.001005,74.125.24.0-255,1484,58600,54,195217
1060,0.00103,74.125.24.0-255,5738,64338,54,195217
1061,0.001033,172.31.46.0-255,66,64404,54,195217
1062,0.001063,74.125.24.0-255,3602,68006,54,195217
1063,0.001067,172.31.46.0-255,66,68072,54,195217
1064,0.001146,172.31.46.0-255,101,68173,54,195217
1065,0.001554,74.125.24.0-255,1484,69657,54,195217
1066,0.001578,74.125.24.0-255,2902,72559,54,195217
1067,0.001582,172.31.46.0-255,66,72625,54,195217
1068,0.001589,74.125.24.0-255,5738,78363,54,195217
1069,0.001591,172.31.46.0-255,66,78429,54,195217
1070,0.001616,74.125.24.0-255,4320,82749,54,195217
1071,0.001618,172.31.46.0-255,66,82815,54,195217
1072,0.001643,74.125.24.0-255,4320,87135,54,195217
1073,0.001645,172.31.46.0-255,66,87201,54,195217
1074,0.001717,172.31.46.0-255,66,87267,54,195217
1075,0.001749,74.125.24.0-255,5020,92287,54,195217
1076,0.001752,172.31.46.0-255,66,92353,54,195217
1077,0.001779,74.125.24.0-255,4320,96673,54,195217
1078,0.001781,172.31.46.0-255,66,96739,54,195217
1079,0.001829,74.125.24.0-255,5738,102477,54,195217
1080,0.001833,172.31.46.0-255,66,102543,54,195217
1081,0.001867,74.125.24.0-255,5738,108281,54,195217
1082,0.00187,172.31.46.0-255,66,108347,54,195217
1083,0.001899,74.125.24.0-255,5738,114085,54,195217
1084,0.001902,172.31.46.0-255,66,114151,54,195217
1085,0.001939,172.31.46.0-255,66,114217,54,195217
1086,0.001982,172.31.46.0-255,66,114283,54,195217
1087,0.002081,74.125.24.0-255,4320,118603,54,195217
1088,0.002085,172.31.46.0-255,66,118669,54,195217
1089,0.002139,172.31.46.0-255,66,118735,54,195217
1090,0.002253,172.31.46.0-255,66,118801,54,195217
1091,0.002302,74.125.24.0-255,2902,121703,54,195217
1092,0.002305,172.31.46.0-255,66,121769,54,195217
1093,0.002352,172.31.46.0-255,66,121835,54,195217
1094,0.002379,74.125.24.0-255,3602,125437,54,195217
1095,0.002381,172.31.46.0-255,66,125503,54,195217
1096,0.003367,74.125.24.0-255,66,125569,54,195217
1097,0.00462,74.125.24.0-255,1484,127053,54,195217
1098,0.004651,74.125.24.0-255,4320,131373,54,195217
1099,0.00466,172.31.46.0-255,66,131439,54,195217
1100,0.006943,74.125.24.0-255,5738,137177,54,195217
1101,0.006949,172.31.46.0-255,66,137243,54,195217
1102,0.009207,74.125.24.0-255,5738,142981,54,195217
1103,0.00924,172.31.46.0-255,66,143047,54,195217
1104,0.011531,74.125.24.0-255,5738,148785,54,195217
1105,0.011542,172.31.46.0-255,66,148851,54,195217
1106,0.013819,74.125.24.0-255,5738,154589,54,195217
1107,0.013834,172.31.46.0-255,66,154655,54,195217
1108,0.016137,74.125.24.0-255,5738,160393,54,195217
1109,0.016155,172.31.46.0-255,66,160459,54,195217
1110,0.018443,74.125.24.0-255,5738,166197,54,195217
1111,0.018461,172.31.46.0-255,66,166263,54,195217
1112,0.020748,74.125.24.0-255,5738,172001,54,195217
1113,0.02076,172.31.46.0-255,66,172067,54,195217
1114,0.02303,74.125.24.0-255,5738,177805,54,195217
1115,0.02304,172.31.46.0-255,66,177871,54,195217
1116,0.02538,74.125.24.0-255,5738,183609,54,195217
1117,0.025397,172.31.46.0-255,66,183675,54,195217
1118,0.02771,74.125.24.0-255,5738,189413,54,195217
1119,0.027721,172.31.46.0-255,66,189479,54,195217
1120,0.029988,74.125.24.0-255,5738,195217,54,195217
1121,0.0,74.125.68.0-255,146,146,54,261182
1122,2.1e-05,172.31.46.0-255,66,212,54,261182
1123,2.7e-05,74.125.68.0-255,1484,1696,54,261182
1124,3.2e-05,172.31.46.0-255,66,1762,54,261182
1125,3.7e-05,74.125.68.0-255,2902,4664,54,261182
1126,4.7e-05,172.31.46.0-255,66,4730,54,261182
1127,5.3e-05,74.125.68.0-255,5738,10468,54,261182
1128,5.6e-05,172.31.46.0-255,66,10534,54,261182
1129,9.1e-05,74.125.68.0-255,3491,14025,54,261182
1130,9.3e-05,172.31.46.0-255,66,14091,54,261182
1131,9.8e-05,74.125.68.0-255,4320,18411,54,261182
1132,0.0001,172.31.46.0-255,66,18477,54,261182
1133,0.000131,74.125.68.0-255,5738,24215,54,261182
1134,0.000134,172.31.46.0-255,66,24281,54,261182
1135,0.000155,74.125.68.0-255,2902,27183,54,261182
1136,0.000157,172.31.46.0-255,66,27249,54,261182
1137,0.000181,74.125.68.0-255,3961,31210,54,261182
1138,0.000183,172.31.46.0-255,66,31276,54,261182
1139,0.000284,74.125.68.0-255,1484,32760,54,261182
1140,0.000287,172.31.46.0-255,66,32826,54,261182
1141,0.000325,74.125.68.0-255,2902,35728,54,261182
1142,0.000328,172.31.46.0-255,66,35794,54,261182
1143,0.000334,74.125.68.0-255,5738,41532,54,261182
1144,0.000335,172.31.46.0-255,66,41598,54,261182
1145,0.000355,74.125.68.0-255,4320,45918,54,261182
1146,0.000357,172.31.46.0-255,66,45984,54,261182
1147,0.000381,74.125.68.0-255,2902,48886,54,261182
1148,0.000383,172.31.46.0-255,66,48952,54,261182
1149,0.000388,74.125.68.0-255,5738,54690,54,261182
1150,0.00039,172.31.46.0-255,66,54756,54,261182
1151,0.000443,74.125.68.0-255,2902,57658,54,261182
1152,0.000446,172.31.46.0-255,66,57724,54,261182
1153,0.000451,74.125.68.0-255,4320,62044,54,261182
1154,0.000453,172.31.46.0-255,66,62110,54,261182
1155,0.000481,74.125.68.0-255,3602,65712,54,261182
1156,0.000484,172.31.46.0-255,66,65778,54,261182
1157,0.000506,74.125.68.0-255,398,66176,54,261182
1158,0.000544,74.125.68.0-255,111,66287,54,261182
1159,0.000624,74.125.68.0-255,1484,67771,54,261182
1160,0.000633,172.31.46.0-255,66,67837,54,261182
1161,0.000638,74.125.68.0-255,2902,70739,54,261182
1162,0.00064,172.31.46.0-255,66,70805,54,261182
1163,0.000666,74.125.68.0-255,5738,76543,54,261182
1164,0.000669,172.31.46.0-255,66,76609,54,261182
1165,0.000701,172.31.46.0-255,66,76675,54,261182
1166,0.00072,74.125.68.0-255,5738,82413,54,261182
1167,0.000722,172.31.46.0-255,66,82479,54,261182
1168,0.000747,74.125.68.0-255,5738,88217,54,261182
1169,0.00075,172.31.46.0-255,66,88283,54,261182
1170,0.000754,74.125.68.0-255,2184,90467,54,261182
1171,0.000756,172.31.46.0-255,66,90533,54,261182
1172,0.000785,74.125.68.0-255,331,90864,54,261182
1173,0.000992,74.125.68.0-255,1484,92348,54,261182
1174,0.000995,172.31.46.0-255,66,92414,54,261182
1175,0.001,74.125.68.0-255,2902,95316,54,261182
1176,0.001002,172.31.46.0-255,66,95382,54,261182
1177,0.001038,74.125.68.0-255,5738,101120,54,261182
1178,0.00104,172.31.46.0-255,66,101186,54,261182
1179,0.001061,74.125.68.0-255,7156,108342,54,261182
1180,0.001063,172.31.46.0-255,66,108408,54,261182
1181,0.001084,74.125.68.0-255,1484,109892,54,261182
1182,0.001105,74.125.68.0-255,1484,111376,54,261182
1183,0.001107,172.31.46.0-255,66,111442,54,261182
1184,0.001144,74.125.68.0-255,2902,114344,54,261182
1185,0.001146,172.31.46.0-255,66,114410,54,261182
1186,0.001175,74.125.68.0-255,4320,118730,54,261182
1187,0.001177,172.31.46.0-255,66,118796,54,261182
1188,0.001204,74.125.68.0-255,6438,125234,54,261182
1189,0.001206,172.31.46.0-255,66,125300,54,261182
1190,0.001298,74.125.68.0-255,1484,126784,54,261182
1191,0.001314,74.125.68.0-255,2902,129686,54,261182
1192,0.001317,172.31.46.0-255,66,129752,54,261182
1193,0.001365,74.125.68.0-255,1484,131236,54,261182
1194,0.001368,74.125.68.0-255,1484,132720,54,261182
1195,0.00137,172.31.46.0-255,66,132786,54,261182
1196,0.001394,74.125.68.0-255,1484,134270,54,261182
1197,0.001397,74.125.68.0-255,1484,135754,54,261182
1198,0.001399,172.31.46.0-255,66,135820,54,261182
1199,0.001425,74.125.68.0-255,2902,138722,54,261182
1200,0.001427,172.31.46.0-255,66,138788,54,261182
1201,0.001434,74.125.68.0-255,5738,144526,54,261182
1202,0.00144,172.31.46.0-255,66,144592,54,261182
1203,0.00147,74.125.68.0-255,7156,151748,54,261182
1204,0.001473,172.31.46.0-255,66,151814,54,261182
1205,0.001501,74.125.68.0-255,1484,153298,54,261182
1206,0.001524,74.125.68.0-255,5738,159036,54,261182
1207,0.001527,172.31.46.0-255,66,159102,54,261182
1208,0.001551,74.125.68.0-255,766,159868,54,261182
1209,0.00183,74.125.68.0-255,1484,161352,54,261182
1210,0.001834,172.31.46.0-255,66,161418,54,261182
1211,0.00185,74.125.68.0-255,1484,162902,54,261182
1212,0.001862,74.125.68.0-255,2902,165804,54,261182
1213,0.001865,172.31.46.0-255,66,165870,54,261182
1214,0.001891,74.125.68.0-255,4320,170190,54,261182
1215,0.001893,172.31.46.0-255,66,170256,54,261182
1216,0.001918,74.125.68.0-255,1484,171740,54,261182
1217,0.001929,172.31.46.0-255,66,171806,54,261182
1218,0.001934,74.125.68.0-255,4320,176126,54,261182
1219,0.001936,172.31.46.0-255,66,176192,54,261182
1220,0.001968,74.125.68.0-255,5738,181930,54,261182
1221,0.001971,172.31.46.0-255,66,181996,54,261182
1222,0.001976,74.125.68.0-255,3602,185598,54,261182
1223,0.001978,172.31.46.0-255,66,185664,54,261182
1224,0.004025,74.125.68.0-255,1484,187148,54,261182
1225,0.004052,74.125.68.0-255,4320,191468,54,261182
1226,0.004057,172.31.46.0-255,66,191534,54,261182
1227,0.006151,74.125.68.0-255,5738,197272,54,261182
1228,0.006155,172.31.46.0-255,66,197338,54,261182
1229,0.008229,74.125.68.0-255,5738,203076,54,261182
1230,0.008234,172.31.46.0-255,66,203142,54,261182
1231,0.010316,74.125.68.0-255,5738,208880,54,261182
1232,0.010324,172.31.46.0-255,66,208946,54,261182
1233,0.012408,74.125.68.0-255,5738,214684,54,261182
1234,0.012417,172.31.46.0-255,66,214750,54,261182
1235,0.014494,74.125.68.0-255,5738,220488,54,261182
1236,0.014501,172.31.46.0-255,66,220554,54,261182
1237,0.016585,74.125.68.0-255,5738,226292,54,261182
1238,0.016592,172.31.46.0-255,66,226358,54,261182
1239,0.018674,74.125.68.0-255,5738,232096,54,261182
1240,0.018686,172.31.46.0-255,66,232162,54,261182
1241,0.020773,74.125.68.0-255,5738,237900,54,261182
1242,0.02078,172.31.46.0-255,66,237966,54,261182
1243,0.022846,74.125.68.0-255,5738,243704,54,261182
1244,0.022851,172.31.46.0-255,66,243770,54,261182
1245,0.024926,74.125.68.0-255,5738,249508,54,261182
1246,0.024933,172.31.46.0-255,66,249574,54,261182
1247,0.027009,74.125.68.0-255,5738,255312,54,261182
1248,0.027017,172.31.46.0-255,66,255378,54,261182
1249,0.029098,74.125.68.0-255,5738,261116,54,261182
1250,0.029106,172.31.46.0-255,66,261182,54,261182
1251,0.0,74.125.130.0-255,152,152,54,240344
1252,1.8e-05,172.31.46.0-255,66,218,54,240344
1253,2.6e-05,74.125.130.0-255,1484,1702,54,240344
1254,3.1e-05,172.31.46.0-255,66,1768,54,240344
1255,3.4e-05,74.125.130.0-255,1484,3252,54,240344
1256,4.5e-05,172.31.46.0-255,66,3318,54,240344
1257,5.2e-05,74.125.130.0-255,2902,6220,54,240344
1258,5.6e-05,172.31.46.0-255,66,6286,54,240344
1259,6.2e-05,74.125.130.0-255,4320,10606,54,240344
1260,6.5e-05,172.31.46.0-255,66,10672,54,240344
1261,8.3e-05,74.125.130.0-255,1484,12156,54,240344
1262,9.1e-05,172.31.46.0-255,66,12222,54,240344
1263,9.6e-05,74.125.130.0-255,1979,14201,54,240344
1264,9.8e-05,172.31.46.0-255,66,14267,54,240344
1265,0.000245,74.125.130.0-255,1484,15751,54,240344
1266,0.00025,172.31.46.0-255,66,15817,54,240344
1267,0.000254,74.125.130.0-255,1484,17301,54,240344
1268,0.000256,172.31.46.0-255,66,17367,54,240344
1269,0.000279,74.125.130.0-255,1484,18851,54,240344
1270,0.000282,172.31.46.0-255,66,18917,54,240344
1271,0.000293,74.125.130.0-255,4320,23237,54,240344
1272,0.000295,172.31.46.0-255,66,23303,54,240344
1273,0.000332,74.125.130.0-255,5738,29041,54,240344
1274,0.000334,172.31.46.0-255,66,29107,54,240344
1275,0.000339,74.125.130.0-255,2543,31650,54,240344
1276,0.000341,172.31.46.0-255,66,31716,54,240344
1277,0.000351,74.125.130.0-255,2902,34618,54,240344
1278,0.000354,172.31.46.0-255,66,34684,54,240344
1279,0.00036,74.125.130.0-255,4320,39004,54,240344
1280,0.000363,172.31.46.0-255,66,39070,54,240344
1281,0.000403,74.125.130.0-255,2902,41972,54,240344
1282,0.000406,172.31.46.0-255,66,42038,54,240344
1283,0.000413,74.125.130.0-255,5738,47776,54,240344
1284,0.000415,172.31.46.0-255,66,47842,54,240344
1285,0.000427,74.125.130.0-255,7156,54998,54,240344
1286,0.000429,172.31.46.0-255,66,55064,54,240344
1287,0.000469,172.31.46.0-255,66,55130,54,240344
1288,0.000472,74.125.130.0-255,358,55488,54,240344
1289,0.000597,74.125.130.0-255,1484,56972,54,240344
1290,0.000602,172.31.46.0-255,66,57038,54,240344
1291,0.000608,74.125.130.0-255,2902,59940,54,240344
1292,0.000611,172.31.46.0-255,66,60006,54,240344
1293,0.000643,74.125.130.0-255,5738,65744,54,240344
1294,0.000646,172.31.46.0-255,66,65810,54,240344
1295,0.000654,74.125.130.0-255,7156,72966,54,240344
1296,0.000656,172.31.46.0-255,66,73032,54,240344
1297,0.000688,172.31.46.0-255,66,73098,54,240344
1298,0.000716,74.125.130.0-255,5738,78836,54,240344
1299,0.000719,172.31.46.0-255,66,78902,54,240344
1300,0.000746,74.125.130.0-255,2184,81086,54,240344
1301,0.000749,172.31.46.0-255,66,81152,54,240344
1302,0.000793,74.125.130.0-255,1484,82636,54,240344
1303,0.000807,74.125.130.0-255,2902,85538,54,240344
1304,0.00081,172.31.46.0-255,66,85604,54,240344
1305,0.000814,74.125.130.0-255,1484,87088,54,240344
1306,0.00084,74.125.130.0-255,4320,91408,54,240344
1307,0.000842,172.31.46.0-255,66,91474,54,240344
1308,0.000847,74.125.130.0-255,2902,94376,54,240344
1309,0.000849,172.31.46.0-255,66,94442,54,240344
1310,0.000859,74.125.130.0-255,4320,98762,54,240344
1311,0.000862,172.31.46.0-255,66,98828,54,240344
1312,0.000864,74.125.130.0-255,1484,100312,54,240344
1313,0.000904,74.125.130.0-255,7156,107468,54,240344
1314,0.000911,74.125.130.0-255,4320,111788,54,240344
1315,0.000922,172.31.46.0-255,66,111854,54,240344
1316,0.000933,74.125.130.0-255,3602,115456,54,240344
1317,0.000993,74.125.130.0-255,2902,118358,54,240344
1318,0.000999,74.125.130.0-255,4320,122678,54,240344
1319,0.001016,172.31.46.0-255,66,122744,54,240344
1320,0.001027,74.125.130.0-255,7156,129900,54,240344
1321,0.001032,172.31.46.0-255,66,129966,54,240344
1322,0.001061,74.125.130.0-255,1484,131450,54,240344
1323,0.001067,74.125.130.0-255,4320,135770,54,240344
1324,0.001073,74.125.130.0-255,5738,141508,54,240344
1325,0.001092,172.31.46.0-255,66,141574,54,240344
1326,0.001133,172.31.46.0-255,66,141640,54,240344
1327,0.001707,74.125.130.0-255,1484,143124,54,240344
1328,0.001726,74.125.130.0-255,2902,146026,54,240344
1329,0.00173,172.31.46.0-255,66,146092,54,240344
1330,0.001735,74.125.130.0-255,2902,148994,54,240344
1331,0.001738,172.31.46.0-255,66,149060,54,240344
1332,0.001768,74.125.130.0-255,4320,153380,54,240344
1333,0.001771,172.31.46.0-255,66,153446,54,240344
1334,0.001812,172.31.46.0-255,66,153512,54,240344
1335,0.001817,74.125.130.0-255,2902,156414,54,240344
1336,0.001819,172.31.46.0-255,66,156480,54,240344
1337,0.001848,74.125.130.0-255,7156,163636,54,240344
1338,0.001861,74.125.130.0-255,3602,167238,54,240344
1339,0.001879,172.31.46.0-255,66,167304,54,240344
1340,0.002269,74.125.130.0-255,1484,168788,54,240344
1341,0.004127,74.125.130.0-255,4320,173108,54,240344
1342,0.004135,172.31.46.0-255,66,173174,54,240344
1343,0.006394,74.125.130.0-255,5738,178912,54,240344
1344,0.006398,172.31.46.0-255,66,178978,54,240344
1345,0.00865,74.125.130.0-255,5738,184716,54,240344
1346,0.008656,172.31.46.0-255,66,184782,54,240344
1347,0.010904,74.125.130.0-255,5738,190520,54,240344
1348,0.010912,172.31.46.0-255,66,190586,54,240344
1349,0.013159,74.125.130.0-255,5738,196324,54,240344
1350,0.013167,172.31.46.0-255,66,196390,54,240344
1351,0.015417,74.125.130.0-255,5738,202128,54,240344
1352,0.015426,172.31.46.0-255,66,202194,54,240344
1353,0.017682,74.125.130.0-255,5738,207932,54,240344
1354,0.017691,172.31.46.0-255,66,207998,54,240344
1355,0.019938,74.125.130.0-255,5738,213736,54,240344
1356,0.019946,172.31.46.0-255,66,213802,54,240344
1357,0.022199,74.125.130.0-255,5738,219540,54,240344
1358,0.022207,172.31.46.0-255,66,219606,54,240344
1359,0.02446,74.125.130.0-255,5738,225344,54,240344
1360,0.024467,172.31.46.0-255,66,225410,54,240344
1361,0.026325,172.31.46.0-255,172,225582,54,240344
1362,0.026356,172.31.46.0-255,1118,226700,54,240344
1363,0.026418,172.31.46.0-255,1514,228214,54,240344
1364,0.02642,172.31.46.0-255,324,228538,54,240344
1365,0.02672,74.125.130.0-255,5738,234276,54,240344
1366,0.026727,172.31.46.0-255,66,234342,54,240344
1367,0.027868,104.244.42.0-255,66,234408,54,240344
1368,0.027897,104.244.42.0-255,66,234474,54,240344
1369,0.027949,104.244.42.0-255,66,234540,54,240344
1370,0.028963,74.125.130.0-255,5738,240278,54,240344
1371,0.028969,172.31.46.0-255,66,240344,54,240344
1372,0.0,74.125.200.0-255,146,146,54,283849
1373,2.5e-05,172.31.46.0-255,66,212,54,283849
1374,3.2e-05,74.125.200.0-255,1484,1696,54,283849
1375,3.7e-05,172.31.46.0-255,66,1762,54,283849
1376,5.1e-05,74.125.200.0-255,2902,4664,54,283849
1377,5.5e-05,172.31.46.0-255,66,4730,54,283849
1378,5.8e-05,74.125.200.0-255,1484,6214,54,283849
1379,6e-05,172.31.46.0-255,66,6280,54,283849
1380,6.6e-05,74.125.200.0-255,2902,9182,54,283849
1381,6.9e-05,172.31.46.0-255,66,9248,54,283849
1382,0.00011,74.125.200.0-255,4976,14224,54,283849
1383,0.000113,172.31.46.0-255,66,14290,54,283849
1384,0.000148,74.125.200.0-255,1484,15774,54,283849
1385,0.000151,172.31.46.0-255,66,15840,54,283849
1386,0.000157,74.125.200.0-255,2902,18742,54,283849
1387,0.000159,172.31.46.0-255,66,18808,54,283849
1388,0.000179,74.125.200.0-255,5738,24546,54,283849
1389,0.000182,172.31.46.0-255,66,24612,54,283849
1390,0.000196,74.125.200.0-255,4320,28932,54,283849
1391,0.000199,172.31.46.0-255,66,28998,54,283849
1392,0.00022,74.125.200.0-255,2543,31541,54,283849
1393,0.000223,172.31.46.0-255,66,31607,54,283849
1394,0.00023,74.125.200.0-255,5738,37345,54,283849
1395,0.000232,172.31.46.0-255,66,37411,54,283849
1396,0.000256,74.125.200.0-255,1484,38895,54,283849
1397,0.000259,172.31.46.0-255,66,38961,54,283849
1398,0.000264,74.125.200.0-255,4320,43281,54,283849
1399,0.000267,172.31.46.0-255,66,43347,54,283849
1400,0.000294,74.125.200.0-255,2902,46249,54,283849
1401,0.000296,172.31.46.0-255,66,46315,54,283849
1402,0.0003,74.125.200.0-255,2543,48858,54,283849
1403,0.000303,172.31.46.0-255,66,48924,54,283849
1404,0.000345,74.125.200.0-255,2902,51826,54,283849
1405,0.000347,172.31.46.0-255,66,51892,54,283849
1406,0.00035,74.125.200.0-255,1484,53376,54,283849
1407,0.000352,172.31.46.0-255,66,53442,54,283849
1408,0.000356,74.125.200.0-255,1484,54926,54,283849
1409,0.000358,172.31.46.0-255,66,54992,54,283849
1410,0.000381,74.125.200.0-255,1484,56476,54,283849
1411,0.000383,172.31.46.0-255,66,56542,54,283849
1412,0.00039,74.125.200.0-255,5738,62280,54,283849
1413,0.000392,172.31.46.0-255,66,62346,54,283849
1414,0.000396,74.125.200.0-255,2902,65248,54,283849
1415,0.000399,172.31.46.0-255,66,65314,54,283849
1416,0.000421,74.125.200.0-255,1125,66439,54,283849
1417,0.000423,172.31.46.0-255,66,66505,54,283849
1418,0.00045,74.125.200.0-255,678,67183,54,283849
1419,0.000452,172.31.46.0-255,66,67249,54,283849
1420,0.000545,74.125.200.0-255,1484,68733,54,283849
1421,0.00055,172.31.46.0-255,66,68799,54,283849
1422,0.000555,74.125.200.0-255,2902,71701,54,283849
1423,0.000558,172.31.46.0-255,66,71767,54,283849
1424,0.000583,74.125.200.0-255,5738,77505,54,283849
1425,0.000586,172.31.46.0-255,66,77571,54,283849
1426,0.000616,74.125.200.0-255,6797,84368,54,283849
1427,0.000619,172.31.46.0-255,66,84434,54,283849
1428,0.000646,74.125.200.0-255,4320,88754,54,283849
1429,0.000649,172.31.46.0-255,66,88820,54,283849
1430,0.000702,74.125.200.0-255,5738,94558,54,283849
1431,0.000705,172.31.46.0-255,66,94624,54,283849
1432,0.000712,74.125.200.0-255,6797,101421,54,283849
1433,0.000714,172.31.46.0-255,66,101487,54,283849
1434,0.000888,74.125.200.0-255,1484,102971,54,283849
1435,0.000893,74.125.200.0-255,1484,104455,54,283849
1436,0.000898,172.31.46.0-255,66,104521,54,283849
1437,0.000901,172.31.46.0-255,66,104587,54,283849
1438,0.000925,74.125.200.0-255,2902,107489,54,283849
1439,0.000929,172.31.46.0-255,66,107555,54,283849
1440,0.000935,74.125.200.0-255,5738,113293,54,283849
1441,0.000937,172.31.46.0-255,66,113359,54,283849
1442,0.000965,172.31.46.0-255,66,113425,54,283849
1443,0.000988,74.125.200.0-255,1484,114909,54,283849
1444,0.00099,172.31.46.0-255,66,114975,54,283849
1445,0.001005,74.125.200.0-255,5738,120713,54,283849
1446,0.001007,172.31.46.0-255,66,120779,54,283849
1447,0.001035,74.125.200.0-255,6438,127217,54,283849
1448,0.001038,172.31.46.0-255,66,127283,54,283849
1449,0.001051,172.31.46.0-255,66,127349,54,283849
1450,0.001069,172.31.46.0-255,66,127415,54,283849
1451,0.001118,172.31.46.0-255,66,127481,54,283849
1452,0.00128,74.125.200.0-255,1484,128965,54,283849
1453,0.001299,74.125.200.0-255,2902,131867,54,283849
1454,0.001303,74.125.200.0-255,2902,134769,54,283849
1455,0.001307,74.125.200.0-255,2902,137671,54,283849
1456,0.001319,74.125.200.0-255,1484,139155,54,283849
1457,0.001328,172.31.46.0-255,66,139221,54,283849
1458,0.001356,74.125.200.0-255,4320,143541,54,283849
1459,0.001363,172.31.46.0-255,66,143607,54,283849
1460,0.001391,74.125.200.0-255,5738,149345,54,283849
1461,0.001406,74.125.200.0-255,3602,152947,54,283849
1462,0.001414,172.31.46.0-255,66,153013,54,283849
1463,0.001445,74.125.200.0-255,4320,157333,54,283849
1464,0.001452,172.31.46.0-255,66,157399,54,283849
1465,0.001479,74.125.200.0-255,2902,160301,54,283849
1466,0.001487,74.125.200.0-255,4320,164621,54,283849
1467,0.001495,74.125.200.0-255,7156,171777,54,283849
1468,0.001512,74.125.200.0-255,1484,173261,54,283849
1469,0.001545,172.31.46.0-255,66,173327,54,283849
1470,0.001558,74.125.200.0-255,5020,178347,54,283849
1471,0.001587,172.31.46.0-255,66,178413,54,283849
1472,0.001734,74.125.200.0-255,1484,179897,54,283849
1473,0.001739,74.125.200.0-255,2902,182799,54,283849
1474,0.001755,74.125.200.0-255,1484,184283,54,283849
1475,0.001764,172.31.46.0-255,66,184349,54,283849
1476,0.001782,74.125.200.0-255,2902,187251,54,283849
1477,0.001788,74.125.200.0-255,5738,192989,54,283849
1478,0.001817,172.31.46.0-255,66,193055,54,283849
1479,0.001826,74.125.200.0-255,7156,200211,54,283849
1480,0.001837,172.31.46.0-255,66,200277,54,283849
1481,0.001853,74.125.200.0-255,1484,201761,54,283849
1482,0.001866,74.125.200.0-255,766,202527,54,283849
1483,0.001913,172.31.46.0-255,66,202593,54,283849
1484,0.003915,74.125.200.0-255,5738,208331,54,283849
1485,0.003924,172.31.46.0-255,66,208397,54,283849
1486,0.005916,74.125.200.0-255,5738,214135,54,283849
1487,0.005924,172.31.46.0-255,66,214201,54,283849
1488,0.007929,74.125.200.0-255,5738,219939,54,283849
1489,0.007942,172.31.46.0-255,66,220005,54,283849
1490,0.009941,74.125.200.0-255,5738,225743,54,283849
1491,0.00995,172.31.46.0-255,66,225809,54,283849
1492,0.011944,74.125.200.0-255,5738,231547,54,283849
1493,0.01195,172.31.46.0-255,66,231613,54,283849
1494,0.013956,74.125.200.0-255,5738,237351,54,283849
1495,0.013968,172.31.46.0-255,66,237417,54,283849
1496,0.015965,74.125.200.0-255,5738,243155,54,283849
1497,0.015974,172.31.46.0-255,66,243221,54,283849
1498,0.01798,74.125.200.0-255,5738,248959,54,283849
1499,0.017989,172.31.46.0-255,66,249025,54,283849
1500,0.019983,74.125.200.0-255,5738,254763,54,283849
1501,0.019991,172.31.46.0-255,66,254829,54,283849
1502,0.021987,74.125.200.0-255,5738,260567,54,283849
1503,0.021994,172.31.46.0-255,66,260633,54,283849
1504,0.023987,74.125.200.0-255,5738,266371,54,283849
1505,0.023994,172.31.46.0-255,66,266437,54,283849
1506,0.025984,74.125.200.0-255,5738,272175,54,283849
1507,0.02599,172.31.46.0-255,66,272241,54,283849
1508,0.027979,74.125.200.0-255,5738,277979,54,283849
1509,0.027984,172.31.46.0-255,66,278045,54,283849
1510,0.029981,74.125.200.0-255,5738,283783,54,283849
1511,0.029989,172.31.46.0-255,66,283849,54,283849
1512,0.0,74.125.24.0-255,150,150,54,215442
1513,1.3e-05,172.31.46.0-255,66,216,54,215442
1514,2e-05,74.125.24.0-255,1484,1700,54,215442
1515,2.5e-05,172.31.46.0-255,66,1766,54,215442
1516,3.1e-05,74.125.24.0-255,2902,4668,54,215442
1517,3.5e-05,172.31.46.0-255,66,4734,54,215442
1518,6e-05,74.125.24.0-255,7156,11890,54,215442
1519,6.3e-05,172.31.46.0-255,66,11956,54,215442
1520,6.7e-05,74.125.24.0-255,2062,14018,54,215442
1521,6.9e-05,172.31.46.0-255,66,14084,54,215442
1522,0.00012,74.125.24.0-255,1484,15568,54,215442
1523,0.000123,172.31.46.0-255,66,15634,54,215442
1524,0.000161,74.125.24.0-255,2902,18536,54,215442
1525,0.000164,172.31.46.0-255,66,18602,54,215442
1526,0.00017,74.125.24.0-255,5738,24340,54,215442
1527,0.000172,172.31.46.0-255,66,24406,54,215442
1528,0.000179,74.125.24.0-255,6797,31203,54,215442
1529,0.000182,172.31.46.0-255,66,31269,54,215442
1530,0.000315,74.125.24.0-255,1484,32753,54,215442
1531,0.00032,172.31.46.0-255,66,32819,54,215442
1532,0.000326,74.125.24.0-255,2902,35721,54,215442
1533,0.000328,172.31.46.0-255,66,35787,54,215442
1534,0.000334,74.125.24.0-255,4320,40107,54,215442
1535,0.000336,172.31.46.0-255,66,40173,54,215442
1536,0.000353,74.125.24.0-255,1484,41657,54,215442
1537,0.000356,172.31.46.0-255,66,41723,54,215442
1538,0.000363,74.125.24.0-255,6797,48520,54,215442
1539,0.000365,172.31.46.0-255,66,48586,54,215442
1540,0.000407,172.31.46.0-255,66,48652,54,215442
1541,0.000411,74.125.24.0-255,2543,51195,54,215442
1542,0.000413,172.31.46.0-255,66,51261,54,215442
1543,0.000442,74.125.24.0-255,645,51906,54,215442
1544,0.00077,74.125.24.0-255,1484,53390,54,215442
1545,0.000774,172.31.46.0-255,66,53456,54,215442
1546,0.00078,74.125.24.0-255,2902,56358,54,215442
1547,0.000781,172.31.46.0-255,66,56424,54,215442
1548,0.000802,74.125.24.0-255,5738,62162,54,215442
1549,0.000804,172.31.46.0-255,66,62228,54,215442
1550,0.000837,172.31.46.0-255,66,62294,54,215442
1551,0.00084,74.125.24.0-255,1484,63778,54,215442
1552,0.000867,172.31.46.0-255,66,63844,54,215442
1553,0.000952,74.125.24.0-255,1484,65328,54,215442
1554,0.000958,74.125.24.0-255,2902,68230,54,215442
1555,0.00096,172.31.46.0-255,66,68296,54,215442
1556,0.000983,74.125.24.0-255,5738,74034,54,215442
1557,0.000986,172.31.46.0-255,66,74100,54,215442
1558,0.001005,74.125.24.0-255,7156,81256,54,215442
1559,0.001008,172.31.46.0-255,66,81322,54,215442
1560,0.00102,74.125.24.0-255,5738,87060,54,215442
1561,0.001025,74.125.24.0-255,4320,91380,54,215442
1562,0.001028,172.31.46.0-255,66,91446,54,215442
1563,0.001031,172.31.46.0-255,66,91512,54,215442
1564,0.001042,74.125.24.0-255,4320,95832,54,215442
1565,0.001044,172.31.46.0-255,66,95898,54,215442
1566,0.00106,74.125.24.0-255,2184,98082,54,215442
1567,0.001062,172.31.46.0-255,66,98148,54,215442
1568,0.001696,74.125.24.0-255,1484,99632,54,215442
1569,0.001705,74.125.24.0-255,2902,102534,54,215442
1570,0.001711,172.31.46.0-255,66,102600,54,215442
1571,0.001718,74.125.24.0-255,4320,106920,54,215442
1572,0.00172,172.31.46.0-255,66,106986,54,215442
1573,0.001742,74.125.24.0-255,1484,108470,54,215442
1574,0.001749,74.125.24.0-255,7156,115626,54,215442
1575,0.001752,172.31.46.0-255,66,115692,54,215442
1576,0.001767,74.125.24.0-255,2902,118594,54,215442
1577,0.00177,172.31.46.0-255,66,118660,54,215442
1578,0.001774,74.125.24.0-255,2902,121562,54,215442
1579,0.001777,172.31.46.0-255,66,121628,54,215442
1580,0.001808,172.31.46.0-255,66,121694,54,215442
1581,0.001936,74.125.24.0-255,1484,123178,54,215442
1582,0.001942,74.125.24.0-255,2902,126080,54,215442
1583,0.001946,172.31.46.0-255,66,126146,54,215442
1584,0.001953,74.125.24.0-255,5738,131884,54,215442
1585,0.001956,172.31.46.0-255,66,131950,54,215442
1586,0.001979,74.125.24.0-255,4320,136270,54,215442
1587,0.001982,172.31.46.0-255,66,136336,54,215442
1588,0.002012,172.31.46.0-255,66,136402,54,215442
1589,0.002023,172.31.46.0-255,66,136468,54,215442
1590,0.002108,172.31.46.0-255,66,136534,54,215442
1591,0.002119,172.31.46.0-255,66,136600,54,215442
1592,0.004066,74.125.24.0-255,2902,139502,54,215442
1593,0.004069,172.31.46.0-255,66,139568,54,215442
1594,0.004081,74.125.24.0-255,2902,142470,54,215442
1595,0.004084,172.31.46.0-255,66,142536,54,215442
1596,0.006066,74.125.24.0-255,2902,145438,54,215442
1597,0.006072,172.31.46.0-255,66,145504,54,215442
1598,0.006093,74.125.24.0-255,2902,148406,54,215442
1599,0.006095,172.31.46.0-255,66,148472,54,215442
1600,0.008057,74.125.24.0-255,5738,154210,54,215442
1601,0.008064,172.31.46.0-255,66,154276,54,215442
1602,0.010058,74.125.24.0-255,5738,160014,54,215442
1603,0.010069,172.31.46.0-255,66,160080,54,215442
1604,0.012073,74.125.24.0-255,5738,165818,54,215442
1605,0.012085,172.31.46.0-255,66,165884,54,215442
1606,0.01408,74.125.24.0-255,5738,171622,54,215442
1607,0.014093,172.31.46.0-255,66,171688,54,215442
1608,0.016098,74.125.24.0-255,5738,177426,54,215442
1609,0.016116,172.31.46.0-255,66,177492,54,215442
1610,0.018116,74.125.24.0-255,5738,183230,54,215442
1611,0.018133,172.31.46.0-255,66,183296,54,215442
1612,0.020107,74.125.24.0-255,5738,189034,54,215442
1613,0.020116,172.31.46.0-255,66,189100,54,215442
1614,0.022094,74.125.24.0-255,5738,194838,54,215442
1615,0.022101,172.31.46.0-255,66,194904,54,215442
1616,0.024151,74.125.24.0-255,5738,200642,54,215442
1617,0.024171,172.31.46.0-255,66,200708,54,215442
1618,0.026142,74.125.24.0-255,5738,206446,54,215442
1619,0.026154,172.31.46.0-255,66,206512,54,215442
1620,0.028168,74.125.24.0-255,5738,212250,54,215442
1621,0.028181,172.31.46.0-255,66,212316,54,215442
1622,0.029739,172.31.46.0-255,172,212488,54,215442
1623,0.029773,172.31.46.0-255,1119,213607,54,215442
1624,0.029833,172.31.46.0-255,1514,215121,54,215442
1625,0.029836,172.31.46.0-255,321,215442,54,215442
1626,0.0,74.125.200.0-255,66,66,54,66
1627,0.0,172.217.194.0-255,148,148,54,276081
1628,1.4e-05,172.31.46.0-255,66,214,54,276081
1629,2.1e-05,172.217.194.0-255,1484,1698,54,276081
1630,2.5e-05,172.31.46.0-255,66,1764,54,276081
1631,3.2e-05,172.217.194.0-255,2902,4666,54,276081
1632,3.6e-05,172.31.46.0-255,66,4732,54,276081
1633,4.1e-05,172.217.194.0-255,2902,7634,54,276081
1634,4.4e-05,172.31.46.0-255,66,7700,54,276081
1635,7.1e-05,172.217.194.0-255,2902,10602,54,276081
1636,7.4e-05,172.31.46.0-255,66,10668,54,276081
1637,8e-05,172.217.194.0-255,4320,14988,54,276081
1638,8.2e-05,172.31.46.0-255,66,15054,54,276081
1639,0.000104,172.31.46.0-255,66,15120,54,276081
1640,0.000111,172.217.194.0-255,6797,21917,54,276081
1641,0.000114,172.31.46.0-255,66,21983,54,276081
1642,0.000157,172.217.194.0-255,1484,23467,54,276081
1643,0.00016,172.31.46.0-255,66,23533,54,276081
1644,0.000166,172.217.194.0-255,2902,26435,54,276081
1645,0.000176,172.31.46.0-255,66,26501,54,276081
1646,0.000183,172.217.194.0-255,5738,32239,54,276081
1647,0.000185,172.31.46.0-255,66,32305,54,276081
1648,0.000192,172.217.194.0-255,5738,38043,54,276081
1649,0.000194,172.31.46.0-255,66,38109,54,276081
1650,0.000209,172.217.194.0-255,1125,39234,54,276081
1651,0.000211,172.31.46.0-255,66,39300,54,276081
1652,0.000214,172.217.194.0-255,1484,40784,54,276081
1653,0.000216,172.31.46.0-255,66,40850,54,276081
1654,0.000259,172.31.46.0-255,66,40916,54,276081
1655,0.000263,172.217.194.0-255,2543,43459,54,276081
1656,0.000265,172.31.46.0-255,66,43525,54,276081
1657,0.000268,172.217.194.0-255,336,43861,54,276081
1658,0.000311,172.217.194.0-255,438,44299,54,276081
1659,0.000514,172.217.194.0-255,1484,45783,54,276081
1660,0.000529,172.217.194.0-255,2902,48685,54,276081
1661,0.000546,172.217.194.0-255,2902,51587,54,276081
1662,0.000551,172.31.46.0-255,66,51653,54,276081
1663,0.00056,172.217.194.0-255,1484,53137,54,276081
1664,0.000565,172.217.194.0-255,5738,58875,54,276081
1665,0.000571,172.31.46.0-255,66,58941,54,276081
1666,0.000603,172.217.194.0-255,2543,61484,54,276081
1667,0.000609,172.31.46.0-255,66,61550,54,276081
1668,0.000618,172.217.194.0-255,2902,64452,54,276081
1669,0.000651,172.31.46.0-255,66,64518,54,276081
1670,0.000674,172.217.194.0-255,5738,70256,54,276081
1671,0.000682,172.217.194.0-255,7156,77412,54,276081
1672,0.000684,172.217.194.0-255,576,77988,54,276081
1673,0.00069,172.31.46.0-255,66,78054,54,276081
1674,0.000774,172.217.194.0-255,1484,79538,54,276081
1675,0.000791,172.217.194.0-255,2902,82440,54,276081
1676,0.000798,172.217.194.0-255,5738,88178,54,276081
1677,0.000812,172.31.46.0-255,66,88244,54,276081
1678,0.000858,172.217.194.0-255,4320,92564,54,276081
1679,0.000872,172.217.194.0-255,2543,95107,54,276081
1680,0.000888,172.31.46.0-255,66,95173,54,276081
1681,0.000991,172.31.46.0-255,101,95274,54,276081
1682,0.001101,172.217.194.0-255,1484,96758,54,276081
1683,0.001104,172.217.194.0-255,1484,98242,54,276081
1684,0.001119,172.217.194.0-255,1484,99726,54,276081
1685,0.001125,172.217.194.0-255,5738,105464,54,276081
1686,0.001157,172.31.46.0-255,66,105530,54,276081
1687,0.001165,172.217.194.0-255,1484,107014,54,276081
1688,0.001186,172.31.46.0-255,66,107080,54,276081
1689,0.001216,172.217.194.0-255,2184,109264,54,276081
1690,0.001229,172.31.46.0-255,66,109330,54,276081
1691,0.001289,172.217.194.0-255,1484,110814,54,276081
1692,0.001294,172.217.194.0-255,2902,113716,54,276081
1693,0.001314,172.217.194.0-255,5738,119454,54,276081
1694,0.001327,172.31.46.0-255,66,119520,54,276081
1695,0.001375,172.217.194.0-255,2902,122422,54,276081
1696,0.00138,172.31.46.0-255,66,122488,54,276081
1697,0.001389,172.217.194.0-255,3961,126449,54,276081
1698,0.0014,172.31.46.0-255,66,126515,54,276081
1699,0.001486,172.217.194.0-255,1484,127999,54,276081
1700,0.001498,172.217.194.0-255,2902,130901,54,276081
1701,0.00151,172.217.194.0-255,4320,135221,54,276081
1702,0.001527,172.217.194.0-255,1484,136705,54,276081
1703,0.001534,172.31.46.0-255,66,136771,54,276081
1704,0.001553,172.217.194.0-255,1484,138255,54,276081
1705,0.001592,172.31.46.0-255,66,138321,54,276081
1706,0.001639,172.31.46.0-255,66,138387,54,276081
1707,0.003329,172.217.194.0-255,1484,139871,54,276081
1708,0.003338,172.217.194.0-255,2902,142773,54,276081
1709,0.003342,172.31.46.0-255,66,142839,54,276081
1710,0.003364,172.217.194.0-255,5738,148577,54,276081
1711,0.003367,172.217.194.0-255,1484,150061,54,276081
1712,0.003383,172.217.194.0-255,2902,152963,54,276081
1713,0.003387,172.217.194.0-255,2902,155865,54,276081
1714,0.003456,172.217.194.0-255,1484,157349,54,276081
1715,0.003471,172.217.194.0-255,2902,160251,54,276081
1716,0.003494,172.217.194.0-255,5738,165989,54,276081
1717,0.003532,172.217.194.0-255,4320,170309,54,276081
1718,0.003581,172.217.194.0-255,1484,171793,54,276081
1719,0.003622,172.217.194.0-255,5738,177531,54,276081
1720,0.003646,172.217.194.0-255,66,177597,54,276081
1721,0.003666,172.217.194.0-255,5738,183335,54,276081
1722,0.0037,172.217.194.0-255,1484,184819,54,276081
1723,0.003714,172.217.194.0-255,2184,187003,54,276081
1724,0.003727,172.217.194.0-255,2902,189905,54,276081
1725,0.003741,172.217.194.0-255,1484,191389,54,276081
1726,0.003745,172.217.194.0-255,2902,194291,54,276081
1727,0.003762,172.217.194.0-255,2902,197193,54,276081
1728,0.003775,172.217.194.0-255,4320,201513,54,276081
1729,0.003799,172.217.194.0-255,7156,208669,54,276081
1730,0.003801,172.217.194.0-255,1484,210153,54,276081
1731,0.003808,172.217.194.0-255,5738,215891,54,276081
1732,0.003833,172.217.194.0-255,2902,218793,54,276081
1733,0.003846,172.217.194.0-255,2184,220977,54,276081
1734,0.003864,172.217.194.0-255,5738,226715,54,276081
1735,0.003898,172.217.194.0-255,5738,232453,54,276081
1736,0.003915,172.217.194.0-255,5738,238191,54,276081
1737,0.003925,172.217.194.0-255,766,238957,54,276081
1738,0.003929,172.31.46.0-255,78,239035,54,276081
1739,0.003944,172.217.194.0-255,1484,240519,54,276081
1740,0.003946,172.31.46.0-255,78,240597,54,276081
1741,0.003997,172.217.194.0-255,5738,246335,54,276081
1742,0.004013,172.217.194.0-255,5738,252073,54,276081
1743,0.004025,172.217.194.0-255,2902,254975,54,276081
1744,0.004043,172.217.194.0-255,4320,259295,54,276081
1745,0.004064,172.217.194.0-255,5738,265033,54,276081
1746,0.004082,172.217.194.0-255,2902,267935,54,276081
1747,0.004118,172.217.194.0-255,2902,270837,54,276081
1748,0.004151,172.217.194.0-255,4902,275739,54,276081
1749,0.004206,172.217.194.0-255,105,275844,54,276081
1750,0.00738,172.31.46.0-255,66,275910,54,276081
1751,0.009184,172.31.46.0-255,105,276015,54,276081
1752,0.015493,172.217.194.0-255,66,276081,54,276081
1753,0.0,172.217.194.0-255,148,148,54,182720
1754,1.3e-05,172.31.46.0-255,66,214,54,182720
1755,1.8e-05,172.217.194.0-255,1484,1698,54,182720
1756,2.2e-05,172.31.46.0-255,66,1764,54,182720
1757,2.6e-05,172.217.194.0-255,2902,4666,54,182720
1758,2.8e-05,172.31.46.0-255,66,4732,54,182720
1759,4.3e-05,172.217.194.0-255,7156,11888,54,182720
1760,4.5e-05,172.31.46.0-255,66,11954,54,182720
1761,4.8e-05,172.217.194.0-255,1976,13930,54,182720
1762,5.1e-05,172.31.46.0-255,66,13996,54,182720
1763,8.6e-05,172.217.194.0-255,7156,21152,54,182720
1764,8.9e-05,172.31.46.0-255,66,21218,54,182720
1765,0.000117,172.217.194.0-255,4320,25538,54,182720
1766,0.000119,172.31.46.0-255,66,25604,54,182720
1767,0.000125,172.217.194.0-255,5379,30983,54,182720
1768,0.000127,172.31.46.0-255,66,31049,54,182720
1769,0.000151,172.217.194.0-255,1484,32533,54,182720
1770,0.000152,172.31.46.0-255,66,32599,54,182720
1771,0.000157,172.217.194.0-255,2902,35501,54,182720
1772,0.000158,172.31.46.0-255,66,35567,54,182720
1773,0.000189,172.217.194.0-255,5738,41305,54,182720
1774,0.000192,172.31.46.0-255,66,41371,54,182720
1775,0.000215,172.217.194.0-255,1484,42855,54,182720
1776,0.000217,172.31.46.0-255,66,42921,54,182720
1777,0.000242,172.217.194.0-255,5379,48300,54,182720
1778,0.000244,172.31.46.0-255,66,48366,54,182720
1779,0.00033,172.217.194.0-255,1484,49850,54,182720
1780,0.000333,172.31.46.0-255,66,49916,54,182720
1781,0.000338,172.217.194.0-255,2902,52818,54,182720
1782,0.00034,172.31.46.0-255,66,52884,54,182720
1783,0.000366,172.217.194.0-255,5738,58622,54,182720
1784,0.000368,172.31.46.0-255,66,58688,54,182720
1785,0.000404,172.217.194.0-255,7096,65784,54,182720
1786,0.000477,172.31.46.0-255,66,65850,54,182720
1787,0.000546,172.217.194.0-255,378,66228,54,182720
1788,0.000895,172.31.46.0-255,66,66294,54,182720
1789,0.000976,172.217.194.0-255,1484,67778,54,182720
1790,0.000984,172.217.194.0-255,2902,70680,54,182720
1791,0.00101,172.217.194.0-255,5738,76418,54,182720
1792,0.001013,172.217.194.0-255,1484,77902,54,182720
1793,0.001035,172.217.194.0-255,5379,83281,54,182720
1794,0.001535,172.217.194.0-255,1484,84765,54,182720
1795,0.001543,172.217.194.0-255,2902,87667,54,182720
1796,0.001559,172.217.194.0-255,5738,93405,54,182720
1797,0.001575,172.217.194.0-255,4320,97725,54,182720
1798,0.001587,172.217.194.0-255,2543,100268,54,182720
1799,0.001589,172.217.194.0-255,1484,101752,54,182720
1800,0.001612,172.217.194.0-255,5738,107490,54,182720
1801,0.00165,172.217.194.0-255,1484,108974,54,182720
1802,0.001675,172.217.194.0-255,2902,111876,54,182720
1803,0.001698,172.217.194.0-255,6438,118314,54,182720
1804,0.001715,172.217.194.0-255,5738,124052,54,182720
1805,0.001728,172.217.194.0-255,4320,128372,54,182720
1806,0.00177,172.217.194.0-255,4320,132692,54,182720
1807,0.001835,172.217.194.0-255,5738,138430,54,182720
1808,0.001858,172.217.194.0-255,6438,144868,54,182720
1809,0.001887,172.217.194.0-255,4320,149188,54,182720
1810,0.00195,172.217.194.0-255,7156,156344,54,182720
1811,0.001954,172.217.194.0-255,2184,158528,54,182720
1812,0.001958,172.217.194.0-255,2902,161430,54,182720
1813,0.001982,172.217.194.0-255,7156,168586,54,182720
1814,0.001984,172.217.194.0-255,1484,170070,54,182720
1815,0.002035,172.217.194.0-255,4320,174390,54,182720
1816,0.002177,172.217.194.0-255,5738,180128,54,182720
1817,0.002195,172.217.194.0-255,766,180894,54,182720
1818,0.00225,172.217.194.0-255,1484,182378,54,182720
1819,0.002393,172.217.194.0-255,105,182483,54,182720
1820,0.0035,172.31.46.0-255,66,182549,54,182720
1821,0.005751,172.31.46.0-255,105,182654,54,182720
1822,0.008288,172.217.194.0-255,66,182720,54,182720
1823,0.0,172.217.194.0-255,146,146,54,218250
1824,3.5e-05,172.31.46.0-255,66,212,54,218250
1825,4.3e-05,172.217.194.0-255,1484,1696,54,218250
1826,4.8e-05,172.31.46.0-255,66,1762,54,218250
1827,5.2e-05,172.217.194.0-255,2902,4664,54,218250
1828,5.5e-05,172.31.46.0-255,66,4730,54,218250
1829,6.1e-05,172.217.194.0-255,7156,11886,54,218250
1830,6.4e-05,172.31.46.0-255,66,11952,54,218250
1831,6.8e-05,172.217.194.0-255,2038,13990,54,218250
1832,7e-05,172.31.46.0-255,66,14056,54,218250
1833,9.2e-05,172.217.194.0-255,2902,16958,54,218250
1834,9.7e-05,172.31.46.0-255,66,17024,54,218250
1835,0.000109,172.217.194.0-255,4320,21344,54,218250
1836,0.000111,172.31.46.0-255,66,21410,54,218250
1837,0.000128,172.217.194.0-255,2902,24312,54,218250
1838,0.000131,172.31.46.0-255,66,24378,54,218250
1839,0.000138,172.217.194.0-255,6797,31175,54,218250
1840,0.00014,172.31.46.0-255,66,31241,54,218250
1841,0.000178,172.217.194.0-255,1484,32725,54,218250
1842,0.000181,172.31.46.0-255,66,32791,54,218250
1843,0.000216,172.31.46.0-255,66,32857,54,218250
1844,0.000219,172.217.194.0-255,1125,33982,54,218250
1845,0.000221,172.31.46.0-255,66,34048,54,218250
1846,0.000983,172.217.194.0-255,1484,35532,54,218250
1847,0.000989,172.31.46.0-255,66,35598,54,218250
1848,0.000999,172.217.194.0-255,2902,38500,54,218250
1849,0.001001,172.31.46.0-255,66,38566,54,218250
1850,0.001007,172.217.194.0-255,2902,41468,54,218250
1851,0.001009,172.31.46.0-255,66,41534,54,218250
1852,0.001031,172.217.194.0-255,2902,44436,54,218250
1853,0.001035,172.31.46.0-255,66,44502,54,218250
1854,0.001038,172.217.194.0-255,1484,45986,54,218250
1855,0.00104,172.31.46.0-255,66,46052,54,218250
1856,0.001069,172.217.194.0-255,5379,51431,54,218250
1857,0.001074,172.217.194.0-255,4320,55751,54,218250
1858,0.001084,172.31.46.0-255,66,55817,54,218250
1859,0.001088,172.31.46.0-255,66,55883,54,218250
1860,0.001093,172.217.194.0-255,2902,58785,54,218250
1861,0.001095,172.31.46.0-255,66,58851,54,218250
1862,0.001122,172.217.194.0-255,4320,63171,54,218250
1863,0.001125,172.31.46.0-255,66,63237,54,218250
1864,0.001153,172.217.194.0-255,5379,68616,54,218250
1865,0.001157,172.31.46.0-255,66,68682,54,218250
1866,0.001169,172.31.46.0-255,66,68748,54,218250
1867,0.001197,172.31.46.0-255,66,68814,54,218250
1868,0.001501,172.217.194.0-255,1484,70298,54,218250
1869,0.001509,172.217.194.0-255,2902,73200,54,218250
1870,0.001514,172.31.46.0-255,66,73266,54,218250
1871,0.001521,172.217.194.0-255,5738,79004,54,218250
1872,0.001523,172.31.46.0-255,66,79070,54,218250
1873,0.001527,172.217.194.0-255,1484,80554,54,218250
1874,0.001552,172.31.46.0-255,66,80620,54,218250
1875,0.001582,172.217.194.0-255,2902,83522,54,218250
1876,0.001585,172.31.46.0-255,66,83588,54,218250
1877,0.001597,172.31.46.0-255,66,83654,54,218250
1878,0.001601,172.217.194.0-255,2902,86556,54,218250
1879,0.001604,172.31.46.0-255,66,86622,54,218250
1880,0.001623,172.217.194.0-255,2902,89524,54,218250
1881,0.001625,172.31.46.0-255,66,89590,54,218250
1882,0.001633,172.217.194.0-255,7156,96746,54,218250
1883,0.001635,172.31.46.0-255,66,96812,54,218250
1884,0.001637,172.217.194.0-255,1484,98296,54,218250
1885,0.001671,172.31.46.0-255,66,98362,54,218250
1886,0.001678,172.217.194.0-255,6438,104800,54,218250
1887,0.00168,172.31.46.0-255,66,104866,54,218250
1888,0.002023,172.217.194.0-255,1484,106350,54,218250
1889,0.002039,172.217.194.0-255,2902,109252,54,218250
1890,0.002042,172.31.46.0-255,66,109318,54,218250
1891,0.002063,172.217.194.0-255,5738,115056,54,218250
1892,0.002065,172.31.46.0-255,66,115122,54,218250
1893,0.002068,172.217.194.0-255,1484,116606,54,218250
1894,0.002074,172.217.194.0-255,4320,120926,54,218250
1895,0.002076,172.31.46.0-255,66,120992,54,218250
1896,0.002103,172.31.46.0-255,66,121058,54,218250
1897,0.002108,172.217.194.0-255,2902,123960,54,218250
1898,0.002109,172.31.46.0-255,66,124026,54,218250
1899,0.002128,172.217.194.0-255,6438,130464,54,218250
1900,0.00213,172.31.46.0-255,66,130530,54,218250
1901,0.00219,172.217.194.0-255,1484,132014,54,218250
1902,0.002194,172.217.194.0-255,1484,133498,54,218250
1903,0.002196,172.31.46.0-255,66,133564,54,218250
1904,0.002217,172.217.194.0-255,1484,135048,54,218250
1905,0.002223,172.217.194.0-255,5738,140786,54,218250
1906,0.002225,172.31.46.0-255,66,140852,54,218250
1907,0.002229,172.217.194.0-255,2902,143754,54,218250
1908,0.002231,172.31.46.0-255,66,143820,54,218250
1909,0.002252,172.31.46.0-255,66,143886,54,218250
1910,0.002254,172.217.194.0-255,1484,145370,54,218250
1911,0.002288,172.31.46.0-255,66,145436,54,218250
1912,0.002294,172.217.194.0-255,5738,151174,54,218250
1913,0.002296,172.31.46.0-255,66,151240,54,218250
1914,0.002322,172.31.46.0-255,66,151306,54,218250
1915,0.002326,172.217.194.0-255,2902,154208,54,218250
1916,0.002329,172.31.46.0-255,66,154274,54,218250
1917,0.002353,172.31.46.0-255,66,154340,54,218250
1918,0.004658,172.217.194.0-255,5738,160078,54,218250
1919,0.004663,172.31.46.0-255,66,160144,54,218250
1920,0.006966,172.217.194.0-255,5738,165882,54,218250
1921,0.006972,172.31.46.0-255,66,165948,54,218250
1922,0.009275,172.217.194.0-255,5738,171686,54,218250
1923,0.009283,172.31.46.0-255,66,171752,54,218250
1924,0.011586,172.217.194.0-255,5738,177490,54,218250
1925,0.011594,172.31.46.0-255,66,177556,54,218250
1926,0.013896,172.217.194.0-255,5738,183294,54,218250
1927,0.013908,172.31.46.0-255,66,183360,54,218250
1928,0.01621,172.217.194.0-255,5738,189098,54,218250
1929,0.016219,172.31.46.0-255,66,189164,54,218250
1930,0.018491,172.217.194.0-255,1484,190648,54,218250
1931,0.018512,172.217.194.0-255,4320,194968,54,218250
1932,0.018514,172.31.46.0-255,66,195034,54,218250
1933,0.020851,172.217.194.0-255,5738,200772,54,218250
1934,0.02086,172.31.46.0-255,66,200838,54,218250
1935,0.023157,172.217.194.0-255,5738,206576,54,218250
1936,0.023164,172.31.46.0-255,66,206642,54,218250
1937,0.02546,172.217.194.0-255,5738,212380,54,218250
1938,0.025469,172.31.46.0-255,66,212446,54,218250
1939,0.027774,172.217.194.0-255,5738,218184,54,218250
1940,0.027788,172.31.46.0-255,66,218250,54,218250
1941,0.0,172.217.194.0-255,146,146,54,241360
1942,1.9e-05,172.31.46.0-255,66,212,54,241360
1943,2.5e-05,172.217.194.0-255,1484,1696,54,241360
1944,3.1e-05,172.31.46.0-255,66,1762,54,241360
1945,3.7e-05,172.217.194.0-255,2902,4664,54,241360
1946,4.2e-05,172.31.46.0-255,66,4730,54,241360
1947,4.9e-05,172.217.194.0-255,7156,11886,54,241360
1948,5.3e-05,172.31.46.0-255,66,11952,54,241360
1949,9e-05,172.31.46.0-255,66,12018,54,241360
1950,0.000119,172.217.194.0-255,1977,13995,54,241360
1951,0.000122,172.31.46.0-255,66,14061,54,241360
1952,0.000129,172.217.194.0-255,5379,19440,54,241360
1953,0.000131,172.31.46.0-255,66,19506,54,241360
1954,0.000137,172.217.194.0-255,5738,25244,54,241360
1955,0.00014,172.31.46.0-255,66,25310,54,241360
1956,0.000143,172.217.194.0-255,1484,26794,54,241360
1957,0.000145,172.31.46.0-255,66,26860,54,241360
1958,0.000174,172.217.194.0-255,4320,31180,54,241360
1959,0.000177,172.31.46.0-255,66,31246,54,241360
1960,0.000195,172.217.194.0-255,4320,35566,54,241360
1961,0.000198,172.31.46.0-255,66,35632,54,241360
1962,0.000216,172.217.194.0-255,1125,36757,54,241360
1963,0.000218,172.31.46.0-255,66,36823,54,241360
1964,0.000331,172.217.194.0-255,1484,38307,54,241360
1965,0.000336,172.31.46.0-255,66,38373,54,241360
1966,0.000342,172.217.194.0-255,2902,41275,54,241360
1967,0.000345,172.31.46.0-255,66,41341,54,241360
1968,0.000352,172.217.194.0-255,5738,47079,54,241360
1969,0.000354,172.31.46.0-255,66,47145,54,241360
1970,0.000361,172.217.194.0-255,5738,52883,54,241360
1971,0.000363,172.31.46.0-255,66,52949,54,241360
1972,0.000399,172.217.194.0-255,1420,54369,54,241360
1973,0.000874,172.217.194.0-255,381,54750,54,241360
1974,0.000888,172.31.46.0-255,66,54816,54,241360
1975,0.000967,172.217.194.0-255,1484,56300,54,241360
1976,0.000972,172.217.194.0-255,2902,59202,54,241360
1977,0.000976,172.31.46.0-255,66,59268,54,241360
1978,0.00098,172.217.194.0-255,1484,60752,54,241360
1979,0.000998,172.217.194.0-255,4320,65072,54,241360
1980,0.001009,172.31.46.0-255,66,65138,54,241360
1981,0.001022,172.217.194.0-255,6797,71935,54,241360
1982,0.001027,172.31.46.0-255,66,72001,54,241360
1983,0.001067,172.217.194.0-255,7156,79157,54,241360
1984,0.00107,172.217.194.0-255,1484,80641,54,241360
1985,0.001085,172.217.194.0-255,2902,83543,54,241360
1986,0.001098,172.31.46.0-255,66,83609,54,241360
1987,0.001125,172.217.194.0-255,4320,87929,54,241360
1988,0.001139,172.217.194.0-255,1125,89054,54,241360
1989,0.001148,172.31.46.0-255,66,89120,54,241360
1990,0.002574,172.217.194.0-255,1484,90604,54,241360
1991,0.002585,172.217.194.0-255,2902,93506,54,241360
1992,0.00259,172.31.46.0-255,66,93572,54,241360
1993,0.002597,172.217.194.0-255,2902,96474,54,241360
1994,0.002613,172.217.194.0-255,2902,99376,54,241360
1995,0.002618,172.217.194.0-255,2902,102278,54,241360
1996,0.00265,172.217.194.0-255,5738,108016,54,241360
1997,0.002669,172.217.194.0-255,5020,113036,54,241360
1998,0.003621,172.217.194.0-255,1484,114520,54,241360
1999,0.003625,172.217.194.0-255,2902,117422,54,241360
2000,0.003647,172.217.194.0-255,5738,123160,54,241360
2001,0.003684,172.217.194.0-255,7156,130316,54,241360
2002,0.003809,172.217.194.0-255,1484,131800,54,241360
2003,0.003812,172.217.194.0-255,1484,133284,54,241360
2004,0.00383,172.217.194.0-255,1484,134768,54,241360
2005,0.003837,172.217.194.0-255,5738,140506,54,241360
2006,0.003848,172.217.194.0-255,1484,141990,54,241360
2007,0.003863,172.217.194.0-255,5738,147728,54,241360
2008,0.003879,172.217.194.0-255,5738,153466,54,241360
2009,0.003891,172.217.194.0-255,766,154232,54,241360
2010,0.003983,172.31.46.0-255,66,154298,54,241360
2011,0.004066,172.217.194.0-255,1484,155782,54,241360
2012,0.004072,172.217.194.0-255,2902,158684,54,241360
2013,0.00411,172.217.194.0-255,2902,161586,54,241360
2014,0.00412,172.31.46.0-255,66,161652,54,241360
2015,0.00414,172.217.194.0-255,2902,164554,54,241360
2016,0.004165,172.31.46.0-255,66,164620,54,241360
2017,0.004185,172.217.194.0-255,5738,170358,54,241360
2018,0.004193,172.31.46.0-255,66,170424,54,241360
2019,0.004203,172.217.194.0-255,5020,175444,54,241360
2020,0.004225,172.31.46.0-255,66,175510,54,241360
2021,0.004266,172.217.194.0-255,1484,176994,54,241360
2022,0.004279,172.217.194.0-255,2902,179896,54,241360
2023,0.00429,172.31.46.0-255,66,179962,54,241360
2024,0.004309,172.217.194.0-255,5738,185700,54,241360
2025,0.004326,172.31.46.0-255,66,185766,54,241360
2026,0.004337,172.217.194.0-255,7156,192922,54,241360
2027,0.004343,172.31.46.0-255,66,192988,54,241360
2028,0.004358,172.217.194.0-255,4320,197308,54,241360
2029,0.004398,172.31.46.0-255,66,197374,54,241360
2030,0.004429,172.217.194.0-255,1484,198858,54,241360
2031,0.004443,172.217.194.0-255,2902,201760,54,241360
2032,0.00445,172.217.194.0-255,5738,207498,54,241360
2033,0.004491,172.217.194.0-255,2902,210400,54,241360
2034,0.004496,172.31.46.0-255,66,210466,54,241360
2035,0.004514,172.217.194.0-255,7156,217622,54,241360
2036,0.004536,172.31.46.0-255,66,217688,54,241360
2037,0.004548,172.217.194.0-255,2902,220590,54,241360
2038,0.004564,172.31.46.0-255,66,220656,54,241360
2039,0.004593,172.217.194.0-255,1484,222140,54,241360
2040,0.004613,172.217.194.0-255,7156,229296,54,241360
2041,0.004647,172.31.46.0-255,66,229362,54,241360
2042,0.004657,172.217.194.0-255,2184,231546,54,241360
2043,0.004683,172.217.194.0-255,5020,236566,54,241360
2044,0.004688,172.217.194.0-255,4320,240886,54,241360
2045,0.004702,172.31.46.0-255,66,240952,54,241360
2046,0.004814,172.31.46.0-255,66,241018,54,241360
2047,0.004888,172.217.194.0-255,105,241123,54,241360
2048,0.007012,172.31.46.0-255,66,241189,54,241360
2049,0.007051,172.31.46.0-255,105,241294,54,241360
2050,0.00937,172.217.194.0-255,66,241360,54,241360
2051,0.0,74.125.24.0-255,151,151,54,197397
2052,2.2e-05,172.31.46.0-255,66,217,54,197397
2053,2.9e-05,74.125.24.0-255,1484,1701,54,197397
2054,3.3e-05,172.31.46.0-255,66,1767,54,197397
2055,3.8e-05,74.125.24.0-255,2902,4669,54,197397
2056,5e-05,172.31.46.0-255,66,4735,54,197397
2057,5.5e-05,74.125.24.0-255,2902,7637,54,197397
2058,5.7e-05,172.31.46.0-255,66,7703,54,197397
2059,9.8e-05,74.125.24.0-255,6357,14060,54,197397
2060,0.000101,172.31.46.0-255,66,14126,54,197397
2061,0.00023,74.125.24.0-255,1484,15610,54,197397
2062,0.000234,172.31.46.0-255,66,15676,54,197397
2063,0.00024,74.125.24.0-255,2902,18578,54,197397
2064,0.000242,172.31.46.0-255,66,18644,54,197397
2065,0.000253,74.125.24.0-255,5738,24382,54,197397
2066,0.000255,172.31.46.0-255,66,24448,54,197397
2067,0.000296,74.125.24.0-255,5738,30186,54,197397
2068,0.000299,172.31.46.0-255,66,30252,54,197397
2069,0.000336,172.31.46.0-255,66,30318,54,197397
2070,0.000353,172.31.46.0-255,66,30384,54,197397
2071,0.000363,172.31.46.0-255,66,30450,54,197397
2072,0.000391,74.125.24.0-255,3602,34052,54,197397
2073,0.000394,172.31.46.0-255,66,34118,54,197397
2074,0.000396,74.125.24.0-255,400,34518,54,197397
2075,0.000398,172.31.46.0-255,66,34584,54,197397
2076,0.00048,172.31.46.0-255,101,34685,54,197397
2077,0.000614,74.125.24.0-255,108,34793,54,197397
2078,0.000778,74.125.24.0-255,1484,36277,54,197397
2079,0.000782,172.31.46.0-255,66,36343,54,197397
2080,0.000787,74.125.24.0-255,2902,39245,54,197397
2081,0.000789,172.31.46.0-255,66,39311,54,197397
2082,0.000799,74.125.24.0-255,4320,43631,54,197397
2083,0.000801,172.31.46.0-255,66,43697,54,197397
2084,0.00083,74.125.24.0-255,1484,45181,54,197397
2085,0.000843,172.31.46.0-255,66,45247,54,197397
2086,0.00088,172.31.46.0-255,66,45313,54,197397
2087,0.001782,74.125.24.0-255,1484,46797,54,197397
2088,0.001791,74.125.24.0-255,2902,49699,54,197397
2089,0.001796,172.31.46.0-255,66,49765,54,197397
2090,0.001824,74.125.24.0-255,5738,55503,54,197397
2091,0.001826,172.31.46.0-255,66,55569,54,197397
2092,0.00183,74.125.24.0-255,2902,58471,54,197397
2093,0.001832,172.31.46.0-255,66,58537,54,197397
2094,0.00187,172.31.46.0-255,66,58603,54,197397
2095,0.001873,74.125.24.0-255,1484,60087,54,197397
2096,0.001904,172.31.46.0-255,66,60153,54,197397
2097,0.001981,74.125.24.0-255,1484,61637,54,197397
2098,0.001993,74.125.24.0-255,2902,64539,54,197397
2099,0.001995,172.31.46.0-255,66,64605,54,197397
2100,0.002017,74.125.24.0-255,2902,67507,54,197397
2101,0.002018,172.31.46.0-255,66,67573,54,197397
2102,0.002045,74.125.24.0-255,2902,70475,54,197397
2103,0.002047,172.31.46.0-255,66,70541,54,197397
2104,0.002051,74.125.24.0-255,2902,73443,54,197397
2105,0.002053,172.31.46.0-255,66,73509,54,197397
2106,0.002056,74.125.24.0-255,1484,74993,54,197397
2107,0.002095,172.31.46.0-255,66,75059,54,197397
2108,0.002102,74.125.24.0-255,7156,82215,54,197397
2109,0.002104,172.31.46.0-255,66,82281,54,197397
2110,0.002147,74.125.24.0-255,3602,85883,54,197397
2111,0.002149,172.31.46.0-255,66,85949,54,197397
2112,0.00228,74.125.24.0-255,1484,87433,54,197397
2113,0.002299,74.125.24.0-255,2902,90335,54,197397
2114,0.002301,172.31.46.0-255,66,90401,54,197397
2115,0.002324,74.125.24.0-255,5738,96139,54,197397
2116,0.002327,172.31.46.0-255,66,96205,54,197397
2117,0.002331,74.125.24.0-255,2902,99107,54,197397
2118,0.002332,172.31.46.0-255,66,99173,54,197397
2119,0.002351,74.125.24.0-255,2902,102075,54,197397
2120,0.002353,172.31.46.0-255,66,102141,54,197397
2121,0.002373,74.125.24.0-255,7156,109297,54,197397
2122,0.002376,172.31.46.0-255,66,109363,54,197397
2123,0.002381,74.125.24.0-255,4320,113683,54,197397
2124,0.002383,172.31.46.0-255,66,113749,54,197397
2125,0.002409,74.125.24.0-255,6438,120187,54,197397
2126,0.002411,172.31.46.0-255,66,120253,54,197397
2127,0.002546,74.125.24.0-255,1484,121737,54,197397
2128,0.002549,74.125.24.0-255,1484,123221,54,197397
2129,0.002552,172.31.46.0-255,66,123287,54,197397
2130,0.002572,74.125.24.0-255,1484,124771,54,197397
2131,0.002578,74.125.24.0-255,5738,130509,54,197397
2132,0.002581,172.31.46.0-255,66,130575,54,197397
2133,0.002585,74.125.24.0-255,4320,134895,54,197397
2134,0.002587,172.31.46.0-255,66,134961,54,197397
2135,0.002631,172.31.46.0-255,66,135027,54,197397
2136,0.002635,74.125.24.0-255,4320,139347,54,197397
2137,0.002638,172.31.46.0-255,66,139413,54,197397
2138,0.002641,74.125.24.0-255,1484,140897,54,197397
2139,0.002644,74.125.24.0-255,2184,143081,54,197397
2140,0.002648,172.31.46.0-255,66,143147,54,197397
2141,0.002687,172.31.46.0-255,66,143213,54,197397
2142,0.002692,74.125.24.0-255,4320,147533,54,197397
2143,0.002694,172.31.46.0-255,66,147599,54,197397
2144,0.0027,74.125.24.0-255,1484,149083,54,197397
2145,0.002703,74.125.24.0-255,1484,150567,54,197397
2146,0.002719,74.125.24.0-255,5020,155587,54,197397
2147,0.002724,172.31.46.0-255,66,155653,54,197397
2148,0.002729,172.31.46.0-255,66,155719,54,197397
2149,0.00273,172.31.46.0-255,66,155785,54,197397
2150,0.002734,74.125.24.0-255,2902,158687,54,197397
2151,0.002735,172.31.46.0-255,66,158753,54,197397
2152,0.002738,74.125.24.0-255,66,158819,54,197397
2153,0.002776,172.31.46.0-255,66,158885,54,197397
2154,0.002787,172.31.46.0-255,66,158951,54,197397
2155,0.002797,172.31.46.0-255,66,159017,54,197397
2156,0.002842,74.125.24.0-255,5020,164037,54,197397
2157,0.002844,172.31.46.0-255,66,164103,54,197397
2158,0.00285,74.125.24.0-255,5738,169841,54,197397
2159,0.002852,172.31.46.0-255,66,169907,54,197397
2160,0.002858,74.125.24.0-255,5738,175645,54,197397
2161,0.00286,172.31.46.0-255,66,175711,54,197397
2162,0.002896,74.125.24.0-255,7156,182867,54,197397
2163,0.002899,172.31.46.0-255,66,182933,54,197397
2164,0.002908,172.31.46.0-255,66,182999,54,197397
2165,0.002914,74.125.24.0-255,5020,188019,54,197397
2166,0.002916,172.31.46.0-255,66,188085,54,197397
2167,0.002918,74.125.24.0-255,1484,189569,54,197397
2168,0.002961,172.31.46.0-255,66,189635,54,197397
2169,0.002964,74.125.24.0-255,1484,191119,54,197397
2170,0.002974,172.31.46.0-255,66,191185,54,197397
2171,0.003057,172.31.46.0-255,66,191251,54,197397
2172,0.003063,74.125.24.0-255,5738,196989,54,197397
2173,0.003065,172.31.46.0-255,66,197055,54,197397
2174,0.003096,172.31.46.0-255,66,197121,54,197397
2175,0.003099,74.125.24.0-255,105,197226,54,197397
2176,0.007535,172.31.46.0-255,105,197331,54,197397
2177,0.014538,74.125.24.0-255,66,197397,54,197397
2178,0.0,74.125.24.0-255,153,153,54,212458
2179,2.4e-05,172.31.46.0-255,66,219,54,212458
2180,3.2e-05,74.125.24.0-255,1484,1703,54,212458
2181,3.7e-05,172.31.46.0-255,66,1769,54,212458
2182,4.3e-05,74.125.24.0-255,2902,4671,54,212458
2183,4.6e-05,172.31.46.0-255,66,4737,54,212458
2184,5.5e-05,74.125.24.0-255,7156,11893,54,212458
2185,5.9e-05,172.31.46.0-255,66,11959,54,212458
2186,6.4e-05,74.125.24.0-255,2093,14052,54,212458
2187,6.7e-05,172.31.46.0-255,66,14118,54,212458
2188,7.1e-05,74.125.24.0-255,2902,17020,54,212458
2189,7.5e-05,172.31.46.0-255,66,17086,54,212458
2190,0.000103,74.125.24.0-255,7156,24242,54,212458
2191,0.000107,172.31.46.0-255,66,24308,54,212458
2192,0.000141,74.125.24.0-255,2902,27210,54,212458
2193,0.000144,172.31.46.0-255,66,27276,54,212458
2194,0.000163,74.125.24.0-255,3961,31237,54,212458
2195,0.000166,172.31.46.0-255,66,31303,54,212458
2196,0.000198,74.125.24.0-255,1484,32787,54,212458
2197,0.000201,172.31.46.0-255,66,32853,54,212458
2198,0.000215,74.125.24.0-255,2902,35755,54,212458
2199,0.000217,172.31.46.0-255,66,35821,54,212458
2200,0.000224,74.125.24.0-255,5738,41559,54,212458
2201,0.000226,172.31.46.0-255,66,41625,54,212458
2202,0.000246,74.125.24.0-255,5738,47363,54,212458
2203,0.000249,172.31.46.0-255,66,47429,54,212458
2204,0.000264,74.125.24.0-255,5379,52808,54,212458
2205,0.000266,172.31.46.0-255,66,52874,54,212458
2206,0.000272,74.125.24.0-255,5738,58612,54,212458
2207,0.000275,172.31.46.0-255,66,58678,54,212458
2208,0.000318,74.125.24.0-255,5738,64416,54,212458
2209,0.000321,172.31.46.0-255,66,64482,54,212458
2210,0.000324,74.125.24.0-255,1399,65881,54,212458
2211,0.00037,74.125.24.0-255,134,66015,54,212458
2212,0.000422,74.125.24.0-255,345,66360,54,212458
2213,0.000426,172.31.46.0-255,66,66426,54,212458
2214,0.000848,74.125.24.0-255,1484,67910,54,212458
2215,0.000855,74.125.24.0-255,2902,70812,54,212458
2216,0.000859,172.31.46.0-255,66,70878,54,212458
2217,0.000865,74.125.24.0-255,4320,75198,54,212458
2218,0.000868,172.31.46.0-255,66,75264,54,212458
2219,0.000888,74.125.24.0-255,1484,76748,54,212458
2220,0.000893,74.125.24.0-255,2902,79650,54,212458
2221,0.000896,172.31.46.0-255,66,79716,54,212458
2222,0.000941,172.31.46.0-255,66,79782,54,212458
2223,0.000953,172.31.46.0-255,66,79848,54,212458
2224,0.000957,74.125.24.0-255,1634,81482,54,212458
2225,0.000959,172.31.46.0-255,66,81548,54,212458
2226,0.001022,74.125.24.0-255,1484,83032,54,212458
2227,0.001043,74.125.24.0-255,2902,85934,54,212458
2228,0.001047,172.31.46.0-255,66,86000,54,212458
2229,0.001065,74.125.24.0-255,5738,91738,54,212458
2230,0.001068,172.31.46.0-255,66,91804,54,212458
2231,0.001102,172.31.46.0-255,66,91870,54,212458
2232,0.001107,74.125.24.0-255,4320,96190,54,212458
2233,0.001109,172.31.46.0-255,66,96256,54,212458
2234,0.001148,74.125.24.0-255,4320,100576,54,212458
2235,0.001151,172.31.46.0-255,66,100642,54,212458
2236,0.001166,74.125.24.0-255,2184,102826,54,212458
2237,0.001169,172.31.46.0-255,66,102892,54,212458
2238,0.001805,74.125.24.0-255,1484,104376,54,212458
2239,0.001828,74.125.24.0-255,2902,107278,54,212458
2240,0.001834,172.31.46.0-255,66,107344,54,212458
2241,0.001842,74.125.24.0-255,5738,113082,54,212458
2242,0.001845,172.31.46.0-255,66,113148,54,212458
2243,0.001848,74.125.24.0-255,1484,114632,54,212458
2244,0.001874,74.125.24.0-255,7156,121788,54,212458
2245,0.001876,172.31.46.0-255,66,121854,54,212458
2246,0.001946,74.125.24.0-255,5738,127592,54,212458
2247,0.00195,172.31.46.0-255,66,127658,54,212458
2248,0.001979,172.31.46.0-255,66,127724,54,212458
2249,0.001994,172.31.46.0-255,66,127790,54,212458
2250,0.002009,172.31.46.0-255,66,127856,54,212458
2251,0.002015,74.125.24.0-255,5020,132876,54,212458
2252,0.002018,172.31.46.0-255,66,132942,54,212458
2253,0.002184,74.125.24.0-255,1484,134426,54,212458
2254,0.002189,74.125.24.0-255,1484,135910,54,212458
2255,0.002193,172.31.46.0-255,66,135976,54,212458
2256,0.002213,74.125.24.0-255,1484,137460,54,212458
2257,0.002219,74.125.24.0-255,5738,143198,54,212458
2258,0.002222,172.31.46.0-255,66,143264,54,212458
2259,0.002225,74.125.24.0-255,1484,144748,54,212458
2260,0.002248,172.31.46.0-255,66,144814,54,212458
2261,0.00229,172.31.46.0-255,66,144880,54,212458
2262,0.002311,74.125.24.0-255,5020,149900,54,212458
2263,0.002314,172.31.46.0-255,66,149966,54,212458
2264,0.004674,74.125.24.0-255,4320,154286,54,212458
2265,0.004681,172.31.46.0-255,66,154352,54,212458
2266,0.004696,74.125.24.0-255,1484,155836,54,212458
2267,0.007059,74.125.24.0-255,4320,160156,54,212458
2268,0.007069,172.31.46.0-255,66,160222,54,212458
2269,0.009424,74.125.24.0-255,5738,165960,54,212458
2270,0.00943,172.31.46.0-255,66,166026,54,212458
2271,0.011788,74.125.24.0-255,5738,171764,54,212458
2272,0.011797,172.31.46.0-255,66,171830,54,212458
2273,0.014224,74.125.24.0-255,5738,177568,54,212458
2274,0.014233,172.31.46.0-255,66,177634,54,212458
2275,0.016631,74.125.24.0-255,5738,183372,54,212458
2276,0.016647,172.31.46.0-255,66,183438,54,212458
2277,0.01901,74.125.24.0-255,5738,189176,54,212458
2278,0.019023,172.31.46.0-255,66,189242,54,212458
2279,0.0214,74.125.24.0-255,5738,194980,54,212458
2280,0.021417,172.31.46.0-255,66,195046,54,212458
2281,0.023799,74.125.24.0-255,5738,200784,54,212458
2282,0.023818,172.31.46.0-255,66,200850,54,212458
2283,0.026196,74.125.24.0-255,5738,206588,54,212458
2284,0.02621,172.31.46.0-255,66,206654,54,212458
2285,0.028562,74.125.24.0-255,5738,212392,54,212458
2286,0.028572,172.31.46.0-255,66,212458,54,212458
2287,0.0,74.125.24.0-255,308,308,54,156639
2288,2.1e-05,172.31.46.0-255,66,374,54,156639
2289,2.7e-05,74.125.24.0-255,1484,1858,54,156639
2290,3.2e-05,172.31.46.0-255,66,1924,54,156639
2291,4e-05,74.125.24.0-255,4320,6244,54,156639
2292,4.4e-05,172.31.46.0-255,66,6310,54,156639
2293,4.7e-05,74.125.24.0-255,1484,7794,54,156639
2294,4.9e-05,172.31.46.0-255,66,7860,54,156639
2295,7.2e-05,74.125.24.0-255,4320,12180,54,156639
2296,7.5e-05,172.31.46.0-255,66,12246,54,156639
2297,9.5e-05,74.125.24.0-255,1751,13997,54,156639
2298,9.7e-05,172.31.46.0-255,66,14063,54,156639
2299,0.000522,74.125.24.0-255,1484,15547,54,156639
2300,0.000528,172.31.46.0-255,66,15613,54,156639
2301,0.000537,74.125.24.0-255,2902,18515,54,156639
2302,0.000539,172.31.46.0-255,66,18581,54,156639
2303,0.000545,74.125.24.0-255,4320,22901,54,156639
2304,0.000547,172.31.46.0-255,66,22967,54,156639
2305,0.000569,74.125.24.0-255,1484,24451,54,156639
2306,0.000571,172.31.46.0-255,66,24517,54,156639
2307,0.000603,74.125.24.0-255,6797,31314,54,156639
2308,0.000606,172.31.46.0-255,66,31380,54,156639
2309,0.000647,74.125.24.0-255,1484,32864,54,156639
2310,0.00065,172.31.46.0-255,66,32930,54,156639
2311,0.000654,74.125.24.0-255,2902,35832,54,156639
2312,0.000656,172.31.46.0-255,66,35898,54,156639
2313,0.000662,74.125.24.0-255,4320,40218,54,156639
2314,0.000664,172.31.46.0-255,66,40284,54,156639
2315,0.000692,74.125.24.0-255,1484,41768,54,156639
2316,0.000695,172.31.46.0-255,66,41834,54,156639
2317,0.000703,74.125.24.0-255,6797,48631,54,156639
2318,0.000705,172.31.46.0-255,66,48697,54,156639
2319,0.00219,74.125.24.0-255,1484,50181,54,156639
2320,0.002199,74.125.24.0-255,2902,53083,54,156639
2321,0.002204,172.31.46.0-255,66,53149,54,156639
2322,0.002212,74.125.24.0-255,5738,58887,54,156639
2323,0.002215,172.31.46.0-255,66,58953,54,156639
2324,0.002239,74.125.24.0-255,1484,60437,54,156639
2325,0.002256,74.125.24.0-255,5960,66397,54,156639
2326,0.002259,172.31.46.0-255,66,66463,54,156639
2327,0.002295,74.125.24.0-255,4320,70783,54,156639
2328,0.002298,172.31.46.0-255,66,70849,54,156639
2329,0.002328,74.125.24.0-255,5738,76587,54,156639
2330,0.00233,172.31.46.0-255,66,76653,54,156639
2331,0.002334,74.125.24.0-255,1484,78137,54,156639
2332,0.002359,74.125.24.0-255,5379,83516,54,156639
2333,0.002361,172.31.46.0-255,66,83582,54,156639
2334,0.004734,74.125.24.0-255,5738,89320,54,156639
2335,0.004742,172.31.46.0-255,66,89386,54,156639
2336,0.007097,74.125.24.0-255,5738,95124,54,156639
2337,0.007124,172.31.46.0-255,66,95190,54,156639
2338,0.009449,74.125.24.0-255,5738,100928,54,156639
2339,0.009458,172.31.46.0-255,66,100994,54,156639
2340,0.011805,74.125.24.0-255,5738,106732,54,156639
2341,0.011815,172.31.46.0-255,66,106798,54,156639
2342,0.014159,74.125.24.0-255,5738,112536,54,156639
2343,0.014167,172.31.46.0-255,66,112602,54,156639
2344,0.0165,74.125.24.0-255,5738,118340,54,156639
2345,0.016512,172.31.46.0-255,66,118406,54,156639
2346,0.018852,74.125.24.0-255,5738,124144,54,156639
2347,0.018861,172.31.46.0-255,66,124210,54,156639
2348,0.021203,74.125.24.0-255,5738,129948,54,156639
2349,0.021211,172.31.46.0-255,66,130014,54,156639
2350,0.023546,74.125.24.0-255,5738,135752,54,156639
2351,0.023555,172.31.46.0-255,66,135818,54,156639
2352,0.02593,74.125.24.0-255,5738,141556,54,156639
2353,0.02594,172.31.46.0-255,66,141622,54,156639
2354,0.027475,172.31.46.0-255,172,141794,54,156639
2355,0.027509,172.31.46.0-255,1114,142908,54,156639
2356,0.027577,172.31.46.0-255,1514,144422,54,156639
2357,0.027579,172.31.46.0-255,1514,145936,54,156639
2358,0.02758,172.31.46.0-255,1514,147450,54,156639
2359,0.027581,172.31.46.0-255,1514,148964,54,156639
2360,0.027609,172.31.46.0-255,1499,150463,54,156639
2361,0.028333,74.125.24.0-255,5738,156201,54,156639
2362,0.028341,172.31.46.0-255,66,156267,54,156639
2363,0.029017,104.244.42.0-255,66,156333,54,156639
2364,0.029069,104.244.42.0-255,66,156399,54,156639
2365,0.029174,104.244.42.0-255,66,156465,54,156639
2366,0.029794,104.244.42.0-255,108,156573,54,156639
2367,0.029805,172.31.46.0-255,66,156639,54,156639
2368,0.0,172.217.194.0-255,153,153,54,230399
2369,1.5e-05,172.31.46.0-255,66,219,54,230399
2370,2.2e-05,172.217.194.0-255,1484,1703,54,230399
2371,2.7e-05,172.31.46.0-255,66,1769,54,230399
2372,3.9e-05,172.217.194.0-255,2902,4671,54,230399
2373,4.2e-05,172.31.46.0-255,66,4737,54,230399
2374,5.1e-05,172.217.194.0-255,7156,11893,54,230399
2375,5.4e-05,172.31.46.0-255,66,11959,54,230399
2376,5.8e-05,172.217.194.0-255,2054,14013,54,230399
2377,6.1e-05,172.31.46.0-255,66,14079,54,230399
2378,8.4e-05,172.217.194.0-255,1484,15563,54,230399
2379,8.7e-05,172.31.46.0-255,66,15629,54,230399
2380,0.000123,172.31.46.0-255,66,15695,54,230399
2381,0.000137,172.31.46.0-255,66,15761,54,230399
2382,0.000166,172.217.194.0-255,2902,18663,54,230399
2383,0.000168,172.31.46.0-255,66,18729,54,230399
2384,0.000178,172.31.46.0-255,66,18795,54,230399
2385,0.000181,172.217.194.0-255,1484,20279,54,230399
2386,0.000183,172.31.46.0-255,66,20345,54,230399
2387,0.000211,172.217.194.0-255,7156,27501,54,230399
2388,0.000214,172.31.46.0-255,66,27567,54,230399
2389,0.000225,172.31.46.0-255,66,27633,54,230399
2390,0.000296,172.217.194.0-255,364,27997,54,230399
2391,0.000299,172.31.46.0-255,66,28063,54,230399
2392,0.000418,172.217.194.0-255,1484,29547,54,230399
2393,0.000423,172.31.46.0-255,66,29613,54,230399
2394,0.000428,172.217.194.0-255,2902,32515,54,230399
2395,0.000431,172.31.46.0-255,66,32581,54,230399
2396,0.000464,172.217.194.0-255,5738,38319,54,230399
2397,0.000467,172.31.46.0-255,66,38385,54,230399
2398,0.00047,172.217.194.0-255,1484,39869,54,230399
2399,0.000499,172.217.194.0-255,5379,45248,54,230399
2400,0.000502,172.31.46.0-255,66,45314,54,230399
2401,0.000509,172.217.194.0-255,7156,52470,54,230399
2402,0.000512,172.31.46.0-255,66,52536,54,230399
2403,0.000515,172.217.194.0-255,1484,54020,54,230399
2404,0.000549,172.217.194.0-255,7156,61176,54,230399
2405,0.000553,172.31.46.0-255,66,61242,54,230399
2406,0.000556,172.217.194.0-255,1125,62367,54,230399
2407,0.000778,172.217.194.0-255,1484,63851,54,230399
2408,0.000784,172.31.46.0-255,66,63917,54,230399
2409,0.000789,172.217.194.0-255,2902,66819,54,230399
2410,0.000792,172.31.46.0-255,66,66885,54,230399
2411,0.000812,172.217.194.0-255,4320,71205,54,230399
2412,0.000814,172.31.46.0-255,66,71271,54,230399
2413,0.000838,172.217.194.0-255,1484,72755,54,230399
2414,0.000844,172.217.194.0-255,4320,77075,54,230399
2415,0.000846,172.31.46.0-255,66,77141,54,230399
2416,0.000851,172.217.194.0-255,4320,81461,54,230399
2417,0.000853,172.31.46.0-255,66,81527,54,230399
2418,0.000889,172.217.194.0-255,7156,88683,54,230399
2419,0.000908,172.31.46.0-255,66,88749,54,230399
2420,0.000911,172.31.46.0-255,66,88815,54,230399
2421,0.000942,172.217.194.0-255,1484,90299,54,230399
2422,0.000959,172.217.194.0-255,2902,93201,54,230399
2423,0.000962,172.31.46.0-255,66,93267,54,230399
2424,0.00099,172.217.194.0-255,5738,99005,54,230399
2425,0.000993,172.31.46.0-255,66,99071,54,230399
2426,0.00103,172.31.46.0-255,66,99137,54,230399
2427,0.001047,172.31.46.0-255,66,99203,54,230399
2428,0.001113,172.217.194.0-255,2184,101387,54,230399
2429,0.001116,172.31.46.0-255,66,101453,54,230399
2430,0.001182,172.217.194.0-255,1484,102937,54,230399
2431,0.001201,172.217.194.0-255,2902,105839,54,230399
2432,0.001205,172.31.46.0-255,66,105905,54,230399
2433,0.001209,172.217.194.0-255,1484,107389,54,230399
2434,0.001237,172.217.194.0-255,4320,111709,54,230399
2435,0.001239,172.31.46.0-255,66,111775,54,230399
2436,0.001244,172.217.194.0-255,2902,114677,54,230399
2437,0.001246,172.31.46.0-255,66,114743,54,230399
2438,0.001264,172.31.46.0-255,66,114809,54,230399
2439,0.001285,172.217.194.0-255,1484,116293,54,230399
2440,0.001301,172.31.46.0-255,66,116359,54,230399
2441,0.001468,172.217.194.0-255,1484,117843,54,230399
2442,0.001482,172.217.194.0-255,2902,120745,54,230399
2443,0.001488,172.31.46.0-255,66,120811,54,230399
2444,0.001517,172.217.194.0-255,5738,126549,54,230399
2445,0.00152,172.31.46.0-255,66,126615,54,230399
2446,0.001568,172.31.46.0-255,66,126681,54,230399
2447,0.001602,172.31.46.0-255,66,126747,54,230399
2448,0.001648,172.217.194.0-255,1484,128231,54,230399
2449,0.001665,172.217.194.0-255,2902,131133,54,230399
2450,0.001668,172.31.46.0-255,66,131199,54,230399
2451,0.001704,172.217.194.0-255,5738,136937,54,230399
2452,0.001717,172.217.194.0-255,7156,144093,54,230399
2453,0.001722,172.31.46.0-255,66,144159,54,230399
2454,0.00173,172.31.46.0-255,66,144225,54,230399
2455,0.00174,172.217.194.0-255,5738,149963,54,230399
2456,0.001743,172.31.46.0-255,66,150029,54,230399
2457,0.001773,172.217.194.0-255,2902,152931,54,230399
2458,0.001776,172.31.46.0-255,66,152997,54,230399
2459,0.001782,172.217.194.0-255,4320,157317,54,230399
2460,0.001784,172.31.46.0-255,66,157383,54,230399
2461,0.001807,172.217.194.0-255,3602,160985,54,230399
2462,0.001809,172.31.46.0-255,66,161051,54,230399
2463,0.00182,172.31.46.0-255,66,161117,54,230399
2464,0.001849,172.217.194.0-255,4320,165437,54,230399
2465,0.001852,172.31.46.0-255,66,165503,54,230399
2466,0.001888,172.31.46.0-255,66,165569,54,230399
2467,0.0019,172.31.46.0-255,66,165635,54,230399
2468,0.001919,172.217.194.0-255,3602,169237,54,230399
2469,0.001921,172.31.46.0-255,66,169303,54,230399
2470,0.001942,172.31.46.0-255,66,169369,54,230399
2471,0.00195,172.217.194.0-255,7156,176525,54,230399
2472,0.001952,172.31.46.0-255,66,176591,54,230399
2473,0.001997,172.217.194.0-255,6438,183029,54,230399
2474,0.002001,172.31.46.0-255,66,183095,54,230399
2475,0.002015,172.31.46.0-255,66,183161,54,230399
2476,0.002026,172.31.46.0-255,66,183227,54,230399
2477,0.002083,172.31.46.0-255,66,183293,54,230399
2478,0.003808,172.31.46.0-255,101,183394,54,230399
2479,0.004093,172.217.194.0-255,5738,189132,54,230399
2480,0.0041,172.31.46.0-255,66,189198,54,230399
2481,0.005773,172.217.194.0-255,66,189264,54,230399
2482,0.006095,172.217.194.0-255,5738,195002,54,230399
2483,0.0061,172.31.46.0-255,66,195068,54,230399
2484,0.008107,172.217.194.0-255,5738,200806,54,230399
2485,0.008113,172.31.46.0-255,66,200872,54,230399
2486,0.010144,172.217.194.0-255,5738,206610,54,230399
2487,0.010151,172.31.46.0-255,66,206676,54,230399
2488,0.012194,172.217.194.0-255,5738,212414,54,230399
2489,0.012201,172.31.46.0-255,66,212480,54,230399
2490,0.014243,172.217.194.0-255,5738,218218,54,230399
2491,0.01425,172.31.46.0-255,66,218284,54,230399
2492,0.016275,172.217.194.0-255,5738,224022,54,230399
2493,0.016282,172.31.46.0-255,66,224088,54,230399
2494,0.018311,172.217.194.0-255,5738,229826,54,230399
2495,0.018319,172.31.46.0-255,66,229892,54,230399
2496,0.020328,172.217.194.0-255,336,230228,54,230399
2497,0.021449,172.31.46.0-255,105,230333,54,230399
2498,0.027813,172.217.194.0-255,66,230399,54,230399
2499,0.0,172.253.118.0-255,151,151,54,146201
2500,2.3e-05,172.31.46.0-255,66,217,54,146201
2501,3.1e-05,172.253.118.0-255,1484,1701,54,146201
2502,3.6e-05,172.31.46.0-255,66,1767,54,146201
2503,4.1e-05,172.253.118.0-255,2902,4669,54,146201
2504,5.4e-05,172.31.46.0-255,66,4735,54,146201
2505,6.1e-05,172.253.118.0-255,7156,11891,54,146201
2506,6.5e-05,172.31.46.0-255,66,11957,54,146201
2507,6.9e-05,172.253.118.0-255,1970,13927,54,146201
2508,7.2e-05,172.31.46.0-255,66,13993,54,146201
2509,0.000145,172.253.118.0-255,1484,15477,54,146201
2510,0.000149,172.31.46.0-255,66,15543,54,146201
2511,0.000154,172.253.118.0-255,2902,18445,54,146201
2512,0.000157,172.31.46.0-255,66,18511,54,146201
2513,0.000168,172.253.118.0-255,5738,24249,54,146201
2514,0.000171,172.31.46.0-255,66,24315,54,146201
2515,0.000219,172.253.118.0-255,5738,30053,54,146201
2516,0.000222,172.31.46.0-255,66,30119,54,146201
2517,0.000245,172.253.118.0-255,1125,31244,54,146201
2518,0.000248,172.31.46.0-255,66,31310,54,146201
2519,0.000452,172.253.118.0-255,1484,32794,54,146201
2520,0.000456,172.31.46.0-255,66,32860,54,146201
2521,0.00048,172.253.118.0-255,2902,35762,54,146201
2522,0.000483,172.31.46.0-255,66,35828,54,146201
2523,0.000488,172.253.118.0-255,5738,41566,54,146201
2524,0.00049,172.31.46.0-255,66,41632,54,146201
2525,0.000513,172.253.118.0-255,1484,43116,54,146201
2526,0.000515,172.31.46.0-255,66,43182,54,146201
2527,0.000549,172.31.46.0-255,66,43248,54,146201
2528,0.000577,172.253.118.0-255,2902,46150,54,146201
2529,0.000579,172.31.46.0-255,66,46216,54,146201
2530,0.000604,172.253.118.0-255,6797,53013,54,146201
2531,0.000607,172.31.46.0-255,66,53079,54,146201
2532,0.001441,172.253.118.0-255,646,53725,54,146201
2533,0.001817,172.253.118.0-255,1484,55209,54,146201
2534,0.001825,172.31.46.0-255,66,55275,54,146201
2535,0.001833,172.253.118.0-255,2902,58177,54,146201
2536,0.001835,172.31.46.0-255,66,58243,54,146201
2537,0.001848,172.253.118.0-255,5738,63981,54,146201
2538,0.00185,172.31.46.0-255,66,64047,54,146201
2539,0.001853,172.253.118.0-255,1484,65531,54,146201
2540,0.001897,172.31.46.0-255,66,65597,54,146201
2541,0.001905,172.253.118.0-255,7156,72753,54,146201
2542,0.001907,172.31.46.0-255,66,72819,54,146201
2543,0.001958,172.253.118.0-255,3602,76421,54,146201
2544,0.001961,172.31.46.0-255,66,76487,54,146201
2545,0.004161,172.253.118.0-255,1484,77971,54,146201
2546,0.004226,172.253.118.0-255,4320,82291,54,146201
2547,0.00423,172.31.46.0-255,66,82357,54,146201
2548,0.006515,172.253.118.0-255,5738,88095,54,146201
2549,0.006526,172.31.46.0-255,66,88161,54,146201
2550,0.008832,172.253.118.0-255,5738,93899,54,146201
2551,0.008851,172.31.46.0-255,66,93965,54,146201
2552,0.011134,172.253.118.0-255,5738,99703,54,146201
2553,0.011147,172.31.46.0-255,66,99769,54,146201
2554,0.013415,172.253.118.0-255,5738,105507,54,146201
2555,0.013422,172.31.46.0-255,66,105573,54,146201
2556,0.015698,172.253.118.0-255,5738,111311,54,146201
2557,0.015706,172.31.46.0-255,66,111377,54,146201
2558,0.017978,172.253.118.0-255,5738,117115,54,146201
2559,0.017985,172.31.46.0-255,66,117181,54,146201
2560,0.020256,172.253.118.0-255,5738,122919,54,146201
2561,0.020263,172.31.46.0-255,66,122985,54,146201
2562,0.022555,172.253.118.0-255,5738,128723,54,146201
2563,0.022565,172.31.46.0-255,66,128789,54,146201
2564,0.024853,172.253.118.0-255,5738,134527,54,146201
2565,0.024862,172.31.46.0-255,66,134593,54,146201
2566,0.027136,172.253.118.0-255,5738,140331,54,146201
2567,0.027146,172.31.46.0-255,66,140397,54,146201
2568,0.029446,172.253.118.0-255,5738,146135,54,146201
2569,0.029463,172.31.46.0-255,66,146201,54,146201
2570,0.0,172.217.27.0-255,148,148,54,186958
2571,1.7e-05,172.31.46.0-255,66,214,54,186958
2572,2.4e-05,172.217.27.0-255,1484,1698,54,186958
2573,2.9e-05,172.31.46.0-255,66,1764,54,186958
2574,3.5e-05,172.217.27.0-255,2902,4666,54,186958
2575,4.5e-05,172.31.46.0-255,66,4732,54,186958
2576,5.4e-05,172.217.27.0-255,7156,11888,54,186958
2577,5.7e-05,172.31.46.0-255,66,11954,54,186958
2578,6.1e-05,172.217.27.0-255,2004,13958,54,186958
2579,6.4e-05,172.31.46.0-255,66,14024,54,186958
2580,0.000132,172.217.27.0-255,1484,15508,54,186958
2581,0.000135,172.31.46.0-255,66,15574,54,186958
2582,0.000149,172.217.27.0-255,2902,18476,54,186958
2583,0.000155,172.31.46.0-255,66,18542,54,186958
2584,0.000162,172.217.27.0-255,5738,24280,54,186958
2585,0.000165,172.31.46.0-255,66,24346,54,186958
2586,0.000207,172.217.27.0-255,2902,27248,54,186958
2587,0.00022,172.31.46.0-255,66,27314,54,186958
2588,0.000231,172.217.27.0-255,3961,31275,54,186958
2589,0.000233,172.31.46.0-255,66,31341,54,186958
2590,0.000364,172.217.27.0-255,1484,32825,54,186958
2591,0.000369,172.31.46.0-255,66,32891,54,186958
2592,0.000375,172.217.27.0-255,2902,35793,54,186958
2593,0.000377,172.31.46.0-255,66,35859,54,186958
2594,0.000384,172.217.27.0-255,5738,41597,54,186958
2595,0.000392,172.31.46.0-255,66,41663,54,186958
2596,0.00043,172.217.27.0-255,6797,48460,54,186958
2597,0.000433,172.31.46.0-255,66,48526,54,186958
2598,0.000459,172.217.27.0-255,2902,51428,54,186958
2599,0.000461,172.31.46.0-255,66,51494,54,186958
2600,0.000467,172.217.27.0-255,4320,55814,54,186958
2601,0.000469,172.31.46.0-255,66,55880,54,186958
2602,0.000475,172.217.27.0-255,4320,60200,54,186958
2603,0.000477,172.31.46.0-255,66,60266,54,186958
2604,0.000502,172.217.27.0-255,4320,64586,54,186958
2605,0.000505,172.31.46.0-255,66,64652,54,186958
2606,0.000508,172.217.27.0-255,1125,65777,54,186958
2607,0.000543,172.217.27.0-255,394,66171,54,186958
2608,0.001085,172.31.46.0-255,66,66237,54,186958
2609,0.001114,172.217.27.0-255,114,66351,54,186958
2610,0.001118,172.217.27.0-255,331,66682,54,186958
2611,0.001144,172.31.46.0-255,66,66748,54,186958
2612,0.001537,172.217.27.0-255,1484,68232,54,186958
2613,0.001548,172.217.27.0-255,2902,71134,54,186958
2614,0.001552,172.31.46.0-255,66,71200,54,186958
2615,0.00156,172.217.27.0-255,5738,76938,54,186958
2616,0.001562,172.31.46.0-255,66,77004,54,186958
2617,0.001597,172.217.27.0-255,4320,81324,54,186958
2618,0.001599,172.31.46.0-255,66,81390,54,186958
2619,0.001604,172.217.27.0-255,2902,84292,54,186958
2620,0.001606,172.31.46.0-255,66,84358,54,186958
2621,0.001626,172.217.27.0-255,2902,87260,54,186958
2622,0.001628,172.31.46.0-255,66,87326,54,186958
2623,0.001646,172.31.46.0-255,66,87392,54,186958
2624,0.001651,172.217.27.0-255,2184,89576,54,186958
2625,0.001656,172.31.46.0-255,66,89642,54,186958
2626,0.00327,172.217.27.0-255,4320,93962,54,186958
2627,0.003277,172.31.46.0-255,66,94028,54,186958
2628,0.003309,172.217.27.0-255,1484,95512,54,186958
2629,0.0049,172.217.27.0-255,4320,99832,54,186958
2630,0.004903,172.31.46.0-255,66,99898,54,186958
2631,0.00653,172.217.27.0-255,5738,105636,54,186958
2632,0.006534,172.31.46.0-255,66,105702,54,186958
2633,0.008166,172.217.27.0-255,5738,111440,54,186958
2634,0.008174,172.31.46.0-255,66,111506,54,186958
2635,0.009866,172.217.27.0-255,5738,117244,54,186958
2636,0.009874,172.31.46.0-255,66,117310,54,186958
2637,0.011519,172.217.27.0-255,5738,123048,54,186958
2638,0.011526,172.31.46.0-255,66,123114,54,186958
2639,0.013192,172.217.27.0-255,5738,128852,54,186958
2640,0.013199,172.31.46.0-255,66,128918,54,186958
2641,0.014838,172.217.27.0-255,5738,134656,54,186958
2642,0.014845,172.31.46.0-255,66,134722,54,186958
2643,0.016525,172.217.27.0-255,5738,140460,54,186958
2644,0.016533,172.31.46.0-255,66,140526,54,186958
2645,0.018172,172.217.27.0-255,5738,146264,54,186958
2646,0.018179,172.31.46.0-255,66,146330,54,186958
2647,0.019813,172.217.27.0-255,5738,152068,54,186958
2648,0.01982,172.31.46.0-255,66,152134,54,186958
2649,0.021447,172.217.27.0-255,5738,157872,54,186958
2650,0.021454,172.31.46.0-255,66,157938,54,186958
2651,0.023096,172.217.27.0-255,5738,163676,54,186958
2652,0.023104,172.31.46.0-255,66,163742,54,186958
2653,0.024742,172.217.27.0-255,5738,169480,54,186958
2654,0.024749,172.31.46.0-255,66,169546,54,186958
2655,0.026416,172.217.27.0-255,5738,175284,54,186958
2656,0.026423,172.31.46.0-255,66,175350,54,186958
2657,0.028055,172.217.27.0-255,5738,181088,54,186958
2658,0.028062,172.31.46.0-255,66,181154,54,186958
2659,0.029691,172.217.27.0-255,5738,186892,54,186958
2660,0.029699,172.31.46.0-255,66,186958,54,186958
2661,0.0,74.125.68.0-255,153,153,54,163559
2662,2.1e-05,172.31.46.0-255,66,219,54,163559
2663,2.7e-05,74.125.68.0-255,1484,1703,54,163559
2664,3.1e-05,172.31.46.0-255,66,1769,54,163559
2665,3.7e-05,74.125.68.0-255,2902,4671,54,163559
2666,4e-05,172.31.46.0-255,66,4737,54,163559
2667,4.6e-05,74.125.68.0-255,4320,9057,54,163559
2668,5e-05,172.31.46.0-255,66,9123,54,163559
2669,7.6e-05,74.125.68.0-255,4937,14060,54,163559
2670,7.9e-05,172.31.46.0-255,66,14126,54,163559
2671,0.000125,74.125.68.0-255,4320,18446,54,163559
2672,0.000128,172.31.46.0-255,66,18512,54,163559
2673,0.000145,74.125.68.0-255,1484,19996,54,163559
2674,0.000147,172.31.46.0-255,66,20062,54,163559
2675,0.000155,74.125.68.0-255,7156,27218,54,163559
2676,0.000157,172.31.46.0-255,66,27284,54,163559
2677,0.000195,74.125.68.0-255,3961,31245,54,163559
2678,0.000198,172.31.46.0-255,66,31311,54,163559
2679,0.000345,74.125.68.0-255,1484,32795,54,163559
2680,0.000349,172.31.46.0-255,66,32861,54,163559
2681,0.000356,74.125.68.0-255,2902,35763,54,163559
2682,0.000358,172.31.46.0-255,66,35829,54,163559
2683,0.000374,74.125.68.0-255,5738,41567,54,163559
2684,0.000376,172.31.46.0-255,66,41633,54,163559
2685,0.000381,74.125.68.0-255,2902,44535,54,163559
2686,0.000383,172.31.46.0-255,66,44601,54,163559
2687,0.000386,74.125.68.0-255,1484,46085,54,163559
2688,0.000388,172.31.46.0-255,66,46151,54,163559
2689,0.00041,74.125.68.0-255,2543,48694,54,163559
2690,0.000413,172.31.46.0-255,66,48760,54,163559
2691,0.000434,172.31.46.0-255,66,48826,54,163559
2692,0.000438,74.125.68.0-255,2902,51728,54,163559
2693,0.000485,74.125.68.0-255,5688,57416,54,163559
2694,0.000492,172.31.46.0-255,66,57482,54,163559
2695,0.000525,74.125.68.0-255,111,57593,54,163559
2696,0.000539,74.125.68.0-255,332,57925,54,163559
2697,0.001056,74.125.68.0-255,1484,59409,54,163559
2698,0.001062,172.31.46.0-255,66,59475,54,163559
2699,0.00108,74.125.68.0-255,2902,62377,54,163559
2700,0.001083,172.31.46.0-255,66,62443,54,163559
2701,0.001087,74.125.68.0-255,2902,65345,54,163559
2702,0.001107,74.125.68.0-255,2902,68247,54,163559
2703,0.001111,74.125.68.0-255,2902,71149,54,163559
2704,0.001115,74.125.68.0-255,2902,74051,54,163559
2705,0.001121,172.31.46.0-255,66,74117,54,163559
2706,0.001143,74.125.68.0-255,7156,81273,54,163559
2707,0.001164,74.125.68.0-255,2184,83457,54,163559
2708,0.00117,172.31.46.0-255,66,83523,54,163559
2709,0.003246,74.125.68.0-255,1484,85007,54,163559
2710,0.003256,74.125.68.0-255,2902,87909,54,163559
2711,0.00326,172.31.46.0-255,66,87975,54,163559
2712,0.003277,74.125.68.0-255,1484,89459,54,163559
2713,0.005261,74.125.68.0-255,4320,93779,54,163559
2714,0.005724,172.31.46.0-255,66,93845,54,163559
2715,0.007729,74.125.68.0-255,5738,99583,54,163559
2716,0.007736,172.31.46.0-255,66,99649,54,163559
2717,0.009744,74.125.68.0-255,5738,105387,54,163559
2718,0.009752,172.31.46.0-255,66,105453,54,163559
2719,0.01175,74.125.68.0-255,5738,111191,54,163559
2720,0.011757,172.31.46.0-255,66,111257,54,163559
2721,0.013762,74.125.68.0-255,5738,116995,54,163559
2722,0.01377,172.31.46.0-255,66,117061,54,163559
2723,0.015781,74.125.68.0-255,5738,122799,54,163559
2724,0.01579,172.31.46.0-255,66,122865,54,163559
2725,0.017794,74.125.68.0-255,5738,128603,54,163559
2726,0.017801,172.31.46.0-255,66,128669,54,163559
2727,0.019806,74.125.68.0-255,5738,134407,54,163559
2728,0.019814,172.31.46.0-255,66,134473,54,163559
2729,0.021817,74.125.68.0-255,5738,140211,54,163559
2730,0.021827,172.31.46.0-255,66,140277,54,163559
2731,0.023845,74.125.68.0-255,5738,146015,54,163559
2732,0.023853,172.31.46.0-255,66,146081,54,163559
2733,0.025908,74.125.68.0-255,5738,151819,54,163559
2734,0.025916,172.31.46.0-255,66,151885,54,163559
2735,0.02792,74.125.68.0-255,5738,157623,54,163559
2736,0.027929,172.31.46.0-255,66,157689,54,163559
2737,0.029929,74.125.68.0-255,4320,162009,54,163559
2738,0.029935,172.31.46.0-255,66,162075,54,163559
2739,0.029953,74.125.68.0-255,1484,163559,54,163559
2740,0.0,172.217.194.0-255,147,147,54,192031
2741,2.3e-05,172.31.46.0-255,66,213,54,192031
2742,3e-05,172.217.194.0-255,1484,1697,54,192031
2743,3.5e-05,172.31.46.0-255,66,1763,54,192031
2744,4e-05,172.217.194.0-255,2902,4665,54,192031
2745,5e-05,172.31.46.0-255,66,4731,54,192031
2746,5.9e-05,172.217.194.0-255,7156,11887,54,192031
2747,6.2e-05,172.31.46.0-255,66,11953,54,192031
2748,0.000107,172.31.46.0-255,66,12019,54,192031
2749,0.000134,172.217.194.0-255,6797,18816,54,192031
2750,0.000137,172.31.46.0-255,66,18882,54,192031
2751,0.000176,172.217.194.0-255,1484,20366,54,192031
2752,0.000179,172.31.46.0-255,66,20432,54,192031
2753,0.000183,172.217.194.0-255,1484,21916,54,192031
2754,0.000185,172.31.46.0-255,66,21982,54,192031
2755,0.000213,172.217.194.0-255,1484,23466,54,192031
2756,0.000215,172.31.46.0-255,66,23532,54,192031
2757,0.000222,172.217.194.0-255,5738,29270,54,192031
2758,0.000225,172.31.46.0-255,66,29336,54,192031
2759,0.000236,172.217.194.0-255,6797,36133,54,192031
2760,0.000239,172.31.46.0-255,66,36199,54,192031
2761,0.000504,172.217.194.0-255,1484,37683,54,192031
2762,0.00051,172.31.46.0-255,66,37749,54,192031
2763,0.000516,172.217.194.0-255,2902,40651,54,192031
2764,0.000518,172.31.46.0-255,66,40717,54,192031
2765,0.000548,172.217.194.0-255,5738,46455,54,192031
2766,0.000552,172.31.46.0-255,66,46521,54,192031
2767,0.000559,172.217.194.0-255,6797,53318,54,192031
2768,0.000561,172.31.46.0-255,66,53384,54,192031
2769,0.000568,172.217.194.0-255,650,54034,54,192031
2770,0.00057,172.31.46.0-255,66,54100,54,192031
2771,0.000602,172.217.194.0-255,1484,55584,54,192031
2772,0.000608,172.217.194.0-255,4320,59904,54,192031
2773,0.000611,172.31.46.0-255,66,59970,54,192031
2774,0.000665,172.31.46.0-255,66,60036,54,192031
2775,0.000676,172.31.46.0-255,66,60102,54,192031
2776,0.000709,172.31.46.0-255,66,60168,54,192031
2777,0.000954,172.217.194.0-255,1484,61652,54,192031
2778,0.00096,172.217.194.0-255,2902,64554,54,192031
2779,0.000964,172.31.46.0-255,66,64620,54,192031
2780,0.000972,172.217.194.0-255,5738,70358,54,192031
2781,0.000974,172.31.46.0-255,66,70424,54,192031
2782,0.001017,172.31.46.0-255,66,70490,54,192031
2783,0.00102,172.217.194.0-255,1484,71974,54,192031
2784,0.001068,172.31.46.0-255,66,72040,54,192031
2785,0.001358,172.217.194.0-255,1484,73524,54,192031
2786,0.001373,172.217.194.0-255,2902,76426,54,192031
2787,0.001376,172.31.46.0-255,66,76492,54,192031
2788,0.001409,172.217.194.0-255,5738,82230,54,192031
2789,0.001411,172.31.46.0-255,66,82296,54,192031
2790,0.001426,172.31.46.0-255,66,82362,54,192031
2791,0.001434,172.217.194.0-255,1484,83846,54,192031
2792,0.001456,172.217.194.0-255,1484,85330,54,192031
2793,0.001458,172.31.46.0-255,66,85396,54,192031
2794,0.001498,172.31.46.0-255,66,85462,54,192031
2795,0.001679,172.217.194.0-255,1484,86946,54,192031
2796,0.001683,172.217.194.0-255,1484,88430,54,192031
2797,0.001686,172.31.46.0-255,66,88496,54,192031
2798,0.001715,172.217.194.0-255,1484,89980,54,192031
2799,0.001722,172.217.194.0-255,5738,95718,54,192031
2800,0.001724,172.31.46.0-255,66,95784,54,192031
2801,0.001731,172.217.194.0-255,5738,101522,54,192031
2802,0.001733,172.31.46.0-255,66,101588,54,192031
2803,0.001754,172.31.46.0-255,66,101654,54,192031
2804,0.001761,172.217.194.0-255,5020,106674,54,192031
2805,0.001763,172.31.46.0-255,66,106740,54,192031
2806,0.001868,172.217.194.0-255,1484,108224,54,192031
2807,0.001874,172.217.194.0-255,2902,111126,54,192031
2808,0.001877,172.31.46.0-255,66,111192,54,192031
2809,0.001884,172.217.194.0-255,5738,116930,54,192031
2810,0.001887,172.31.46.0-255,66,116996,54,192031
2811,0.001925,172.31.46.0-255,66,117062,54,192031
2812,0.001937,172.31.46.0-255,66,117128,54,192031
2813,0.001987,172.217.194.0-255,2902,120030,54,192031
2814,0.001991,172.31.46.0-255,66,120096,54,192031
2815,0.002045,172.31.46.0-255,66,120162,54,192031
2816,0.002057,172.31.46.0-255,66,120228,54,192031
2817,0.002082,172.31.46.0-255,66,120294,54,192031
2818,0.002098,172.217.194.0-255,766,121060,54,192031
2819,0.002102,172.217.194.0-255,1484,122544,54,192031
2820,0.002175,172.217.194.0-255,4320,126864,54,192031
2821,0.002197,172.217.194.0-255,7156,134020,54,192031
2822,0.002199,172.217.194.0-255,1484,135504,54,192031
2823,0.002206,172.217.194.0-255,6438,141942,54,192031
2824,0.002208,172.217.194.0-255,1484,143426,54,192031
2825,0.00221,172.217.194.0-255,1484,144910,54,192031
2826,0.002213,172.31.46.0-255,66,144976,54,192031
2827,0.002223,172.31.46.0-255,66,145042,54,192031
2828,0.002249,172.217.194.0-255,7156,152198,54,192031
2829,0.002252,172.217.194.0-255,1484,153682,54,192031
2830,0.002256,172.217.194.0-255,2902,156584,54,192031
2831,0.002287,172.217.194.0-255,3602,160186,54,192031
2832,0.00229,172.217.194.0-255,2902,163088,54,192031
2833,0.002294,172.217.194.0-255,2902,165990,54,192031
2834,0.002297,172.31.46.0-255,66,166056,54,192031
2835,0.002308,172.217.194.0-255,2902,168958,54,192031
2836,0.002318,172.217.194.0-255,4320,173278,54,192031
2837,0.00232,172.217.194.0-255,1484,174762,54,192031
2838,0.002325,172.31.46.0-255,66,174828,54,192031
2839,0.002365,172.217.194.0-255,6438,181266,54,192031
2840,0.002383,172.31.46.0-255,66,181332,54,192031
2841,0.002409,172.217.194.0-255,4320,185652,54,192031
2842,0.002418,172.31.46.0-255,66,185718,54,192031
2843,0.002435,172.217.194.0-255,5804,191522,54,192031
2844,0.002438,172.217.194.0-255,105,191627,54,192031
2845,0.002451,172.31.46.0-255,66,191693,54,192031
2846,0.003009,172.31.46.0-255,101,191794,54,192031
2847,0.005096,172.217.194.0-255,66,191860,54,192031
2848,0.009973,172.31.46.0-255,105,191965,54,192031
2849,0.01202,172.217.194.0-255,66,192031,54,192031
2850,0.0,172.217.194.0-255,153,153,54,201857
2851,2.5e-05,172.31.46.0-255,66,219,54,201857
2852,3.2e-05,172.217.194.0-255,1484,1703,54,201857
2853,3.7e-05,172.31.46.0-255,66,1769,54,201857
2854,5e-05,172.217.194.0-255,2902,4671,54,201857
2855,5.3e-05,172.31.46.0-255,66,4737,54,201857
2856,5.9e-05,172.217.194.0-255,2902,7639,54,201857
2857,6.1e-05,172.31.46.0-255,66,7705,54,201857
2858,0.000105,172.217.194.0-255,6326,14031,54,201857
2859,0.000109,172.31.46.0-255,66,14097,54,201857
2860,0.000112,172.217.194.0-255,1484,15581,54,201857
2861,0.000114,172.31.46.0-255,66,15647,54,201857
2862,0.000148,172.217.194.0-255,5738,21385,54,201857
2863,0.000151,172.31.46.0-255,66,21451,54,201857
2864,0.000156,172.217.194.0-255,4320,25771,54,201857
2865,0.000158,172.31.46.0-255,66,25837,54,201857
2866,0.000181,172.217.194.0-255,7156,32993,54,201857
2867,0.000184,172.31.46.0-255,66,33059,54,201857
2868,0.000202,172.31.46.0-255,66,33125,54,201857
2869,0.000206,172.217.194.0-255,2184,35309,54,201857
2870,0.000208,172.31.46.0-255,66,35375,54,201857
2871,0.0008,172.217.194.0-255,1484,36859,54,201857
2872,0.000806,172.217.194.0-255,2902,39761,54,201857
2873,0.000816,172.31.46.0-255,66,39827,54,201857
2874,0.00082,172.31.46.0-255,66,39893,54,201857
2875,0.000828,172.217.194.0-255,5738,45631,54,201857
2876,0.00083,172.31.46.0-255,66,45697,54,201857
2877,0.000873,172.217.194.0-255,6797,52494,54,201857
2878,0.000876,172.31.46.0-255,66,52560,54,201857
2879,0.000883,172.217.194.0-255,7156,59716,54,201857
2880,0.000885,172.31.46.0-255,66,59782,54,201857
2881,0.000925,172.217.194.0-255,7156,66938,54,201857
2882,0.000929,172.31.46.0-255,66,67004,54,201857
2883,0.001112,172.217.194.0-255,5738,72742,54,201857
2884,0.001117,172.31.46.0-255,66,72808,54,201857
2885,0.001148,172.217.194.0-255,7156,79964,54,201857
2886,0.00115,172.31.46.0-255,66,80030,54,201857
2887,0.001157,172.217.194.0-255,6438,86468,54,201857
2888,0.00116,172.31.46.0-255,66,86534,54,201857
2889,0.001288,172.217.194.0-255,646,87180,54,201857
2890,0.001324,172.217.194.0-255,1484,88664,54,201857
2891,0.001327,172.31.46.0-255,66,88730,54,201857
2892,0.001331,172.217.194.0-255,1484,90214,54,201857
2893,0.00136,172.217.194.0-255,2902,93116,54,201857
2894,0.001363,172.31.46.0-255,66,93182,54,201857
2895,0.001369,172.217.194.0-255,4320,97502,54,201857
2896,0.001371,172.31.46.0-255,66,97568,54,201857
2897,0.001409,172.217.194.0-255,6133,103701,54,201857
2898,0.001412,172.31.46.0-255,66,103767,54,201857
2899,0.00192,172.217.194.0-255,1484,105251,54,201857
2900,0.00193,172.217.194.0-255,2902,108153,54,201857
2901,0.001935,172.31.46.0-255,66,108219,54,201857
2902,0.001944,172.217.194.0-255,5738,113957,54,201857
2903,0.001946,172.31.46.0-255,66,114023,54,201857
2904,0.002008,172.31.46.0-255,66,114089,54,201857
2905,0.002017,172.217.194.0-255,7156,121245,54,201857
2906,0.002019,172.31.46.0-255,66,121311,54,201857
2907,0.002052,172.217.194.0-255,3602,124913,54,201857
2908,0.002055,172.31.46.0-255,66,124979,54,201857
2909,0.002069,172.31.46.0-255,66,125045,54,201857
2910,0.00208,172.31.46.0-255,66,125111,54,201857
2911,0.002109,172.217.194.0-255,4320,129431,54,201857
2912,0.002112,172.31.46.0-255,66,129497,54,201857
2913,0.002168,172.31.46.0-255,66,129563,54,201857
2914,0.002174,172.217.194.0-255,4320,133883,54,201857
2915,0.002176,172.31.46.0-255,66,133949,54,201857
2916,0.002179,172.217.194.0-255,1484,135433,54,201857
2917,0.002232,172.31.46.0-255,66,135499,54,201857
2918,0.002252,172.31.46.0-255,66,135565,54,201857
2919,0.002267,172.31.46.0-255,66,135631,54,201857
2920,0.002319,172.31.46.0-255,66,135697,54,201857
2921,0.002358,172.31.46.0-255,66,135763,54,201857
2922,0.002362,172.217.194.0-255,2184,137947,54,201857
2923,0.002365,172.31.46.0-255,66,138013,54,201857
2924,0.00465,172.217.194.0-255,5738,143751,54,201857
2925,0.00466,172.31.46.0-255,66,143817,54,201857
2926,0.006946,172.217.194.0-255,5738,149555,54,201857
2927,0.006956,172.31.46.0-255,66,149621,54,201857
2928,0.009241,172.217.194.0-255,5738,155359,54,201857
2929,0.009247,172.31.46.0-255,66,155425,54,201857
2930,0.011607,172.217.194.0-255,5738,161163,54,201857
2931,0.011619,172.31.46.0-255,66,161229,54,201857
2932,0.013909,172.217.194.0-255,5738,166967,54,201857
2933,0.013923,172.31.46.0-255,66,167033,54,201857
2934,0.016222,172.217.194.0-255,5738,172771,54,201857
2935,0.016234,172.31.46.0-255,66,172837,54,201857
2936,0.018531,172.217.194.0-255,5738,178575,54,201857
2937,0.01855,172.31.46.0-255,66,178641,54,201857
2938,0.020847,172.217.194.0-255,5738,184379,54,201857
2939,0.02086,172.31.46.0-255,66,184445,54,201857
2940,0.023146,172.217.194.0-255,5738,190183,54,201857
2941,0.023162,172.31.46.0-255,66,190249,54,201857
2942,0.025458,172.217.194.0-255,5738,195987,54,201857
2943,0.025476,172.31.46.0-255,66,196053,54,201857
2944,0.027774,172.217.194.0-255,5738,201791,54,201857
2945,0.027784,172.31.46.0-255,66,201857,54,201857
2946,0.0,74.125.24.0-255,291,291,54,205515
2947,2.1e-05,172.31.46.0-255,66,357,54,205515
2948,2.7e-05,74.125.24.0-255,1484,1841,54,205515
2949,3e-05,172.31.46.0-255,66,1907,54,205515
2950,3.6e-05,74.125.24.0-255,4320,6227,54,205515
2951,4.6e-05,172.31.46.0-255,66,6293,54,205515
2952,5.8e-05,172.31.46.0-255,66,6359,54,205515
2953,6.2e-05,74.125.24.0-255,4320,10679,54,205515
2954,6.5e-05,172.31.46.0-255,66,10745,54,205515
2955,0.000105,74.125.24.0-255,4320,15065,54,205515
2956,0.000108,172.31.46.0-255,66,15131,54,205515
2957,0.000118,172.31.46.0-255,66,15197,54,205515
2958,0.000152,74.125.24.0-255,1484,16681,54,205515
2959,0.000154,172.31.46.0-255,66,16747,54,205515
2960,0.000169,74.125.24.0-255,2902,19649,54,205515
2961,0.000172,172.31.46.0-255,66,19715,54,205515
2962,0.000175,74.125.24.0-255,1484,21199,54,205515
2963,0.000176,172.31.46.0-255,66,21265,54,205515
2964,0.000195,74.125.24.0-255,4320,25585,54,205515
2965,0.000197,172.31.46.0-255,66,25651,54,205515
2966,0.000199,74.125.24.0-255,1484,27135,54,205515
2967,0.000201,172.31.46.0-255,66,27201,54,205515
2968,0.000226,74.125.24.0-255,5738,32939,54,205515
2969,0.000228,172.31.46.0-255,66,33005,54,205515
2970,0.00024,74.125.24.0-255,3961,36966,54,205515
2971,0.000242,172.31.46.0-255,66,37032,54,205515
2972,0.000257,172.31.46.0-255,66,37098,54,205515
2973,0.000288,74.125.24.0-255,1471,38569,54,205515
2974,0.000291,172.31.46.0-255,66,38635,54,205515
2975,0.000313,74.125.24.0-255,341,38976,54,205515
2976,0.000522,74.125.24.0-255,1484,40460,54,205515
2977,0.000526,172.31.46.0-255,66,40526,54,205515
2978,0.000532,74.125.24.0-255,2902,43428,54,205515
2979,0.000534,172.31.46.0-255,66,43494,54,205515
2980,0.000537,74.125.24.0-255,1484,44978,54,205515
2981,0.000564,74.125.24.0-255,4320,49298,54,205515
2982,0.000567,172.31.46.0-255,66,49364,54,205515
2983,0.000579,172.31.46.0-255,66,49430,54,205515
2984,0.000588,74.125.24.0-255,5738,55168,54,205515
2985,0.000591,172.31.46.0-255,66,55234,54,205515
2986,0.000618,74.125.24.0-255,2902,58136,54,205515
2987,0.000619,172.31.46.0-255,66,58202,54,205515
2988,0.000647,74.125.24.0-255,2184,60386,54,205515
2989,0.000649,172.31.46.0-255,66,60452,54,205515
2990,0.000822,74.125.24.0-255,1484,61936,54,205515
2991,0.000828,74.125.24.0-255,2902,64838,54,205515
2992,0.00083,172.31.46.0-255,66,64904,54,205515
2993,0.000852,74.125.24.0-255,5738,70642,54,205515
2994,0.000854,172.31.46.0-255,66,70708,54,205515
2995,0.000889,172.31.46.0-255,66,70774,54,205515
2996,0.000912,74.125.24.0-255,1484,72258,54,205515
2997,0.000917,74.125.24.0-255,4320,76578,54,205515
2998,0.000919,172.31.46.0-255,66,76644,54,205515
2999,0.000947,74.125.24.0-255,6438,83082,54,205515
3000,0.00095,172.31.46.0-255,66,83148,54,205515
3001,0.001018,74.125.24.0-255,1484,84632,54,205515
3002,0.001032,74.125.24.0-255,2902,87534,54,205515
3003,0.001036,172.31.46.0-255,66,87600,54,205515
3004,0.001039,74.125.24.0-255,1484,89084,54,205515
3005,0.001063,74.125.24.0-255,4320,93404,54,205515
3006,0.001065,172.31.46.0-255,66,93470,54,205515
3007,0.001068,74.125.24.0-255,1484,94954,54,205515
3008,0.001104,172.31.46.0-255,66,95020,54,205515
3009,0.00111,74.125.24.0-255,5738,100758,54,205515
3010,0.001112,172.31.46.0-255,66,100824,54,205515
3011,0.001135,74.125.24.0-255,2902,103726,54,205515
3012,0.001137,172.31.46.0-255,66,103792,54,205515
3013,0.001156,74.125.24.0-255,2184,105976,54,205515
3014,0.001159,172.31.46.0-255,66,106042,54,205515
3015,0.001227,74.125.24.0-255,1484,107526,54,205515
3016,0.00123,74.125.24.0-255,1484,109010,54,205515
3017,0.001232,172.31.46.0-255,66,109076,54,205515
3018,0.001256,74.125.24.0-255,1484,110560,54,205515
3019,0.001263,74.125.24.0-255,5738,116298,54,205515
3020,0.001265,172.31.46.0-255,66,116364,54,205515
3021,0.001309,172.31.46.0-255,66,116430,54,205515
3022,0.001315,74.125.24.0-255,5738,122168,54,205515
3023,0.001317,172.31.46.0-255,66,122234,54,205515
3024,0.001366,74.125.24.0-255,5020,127254,54,205515
3025,0.001369,172.31.46.0-255,66,127320,54,205515
3026,0.001401,74.125.24.0-255,2902,130222,54,205515
3027,0.001405,172.31.46.0-255,66,130288,54,205515
3028,0.00141,74.125.24.0-255,2902,133190,54,205515
3029,0.001412,172.31.46.0-255,66,133256,54,205515
3030,0.00143,74.125.24.0-255,1484,134740,54,205515
3031,0.001447,172.31.46.0-255,66,134806,54,205515
3032,0.00145,74.125.24.0-255,1484,136290,54,205515
3033,0.001455,74.125.24.0-255,2902,139192,54,205515
3034,0.001457,172.31.46.0-255,66,139258,54,205515
3035,0.001461,74.125.24.0-255,1484,140742,54,205515
3036,0.001487,74.125.24.0-255,4320,145062,54,205515
3037,0.001491,74.125.24.0-255,1484,146546,54,205515
3038,0.001494,172.31.46.0-255,66,146612,54,205515
3039,0.001515,74.125.24.0-255,6438,153050,54,205515
3040,0.001521,172.31.46.0-255,66,153116,54,205515
3041,0.001653,74.125.24.0-255,1484,154600,54,205515
3042,0.001657,74.125.24.0-255,1484,156084,54,205515
3043,0.00166,172.31.46.0-255,66,156150,54,205515
3044,0.001687,74.125.24.0-255,1484,157634,54,205515
3045,0.001694,74.125.24.0-255,5738,163372,54,205515
3046,0.001697,172.31.46.0-255,66,163438,54,205515
3047,0.001709,74.125.24.0-255,5738,169176,54,205515
3048,0.001711,172.31.46.0-255,66,169242,54,205515
3049,0.001771,172.31.46.0-255,66,169308,54,205515
3050,0.001777,74.125.24.0-255,5020,174328,54,205515
3051,0.001779,172.31.46.0-255,66,174394,54,205515
3052,0.001901,74.125.24.0-255,1484,175878,54,205515
3053,0.001916,74.125.24.0-255,2902,178780,54,205515
3054,0.00192,172.31.46.0-255,66,178846,54,205515
3055,0.001924,74.125.24.0-255,1484,180330,54,205515
3056,0.001953,74.125.24.0-255,4320,184650,54,205515
3057,0.001955,172.31.46.0-255,66,184716,54,205515
3058,0.001966,172.31.46.0-255,66,184782,54,205515
3059,0.002006,74.125.24.0-255,5738,190520,54,205515
3060,0.00201,172.31.46.0-255,66,190586,54,205515
3061,0.002034,172.31.46.0-255,66,190652,54,205515
3062,0.002037,74.125.24.0-255,1484,192136,54,205515
3063,0.002073,172.31.46.0-255,66,192202,54,205515
3064,0.002091,172.31.46.0-255,66,192268,54,205515
3065,0.002149,172.31.46.0-255,66,192334,54,205515
3066,0.002184,172.31.46.0-255,66,192400,54,205515
3067,0.002214,172.31.46.0-255,66,192466,54,205515
3068,0.002235,172.31.46.0-255,66,192532,54,205515
3069,0.004799,74.125.24.0-255,5738,198270,54,205515
3070,0.004806,172.31.46.0-255,66,198336,54,205515
3071,0.007365,74.125.24.0-255,5738,204074,54,205515
3072,0.007373,172.31.46.0-255,66,204140,54,205515
3073,0.009956,74.125.24.0-255,679,204819,54,205515
3074,0.010683,172.31.46.0-255,105,204924,54,205515
3075,0.01072,172.31.46.0-255,105,205029,54,205515
3076,0.010939,172.31.46.0-255,90,205119,54,205515
3077,0.010949,172.31.46.0-255,66,205185,54,205515
3078,0.013258,74.125.24.0-255,66,205251,54,205515
3079,0.013269,74.125.24.0-255,66,205317,54,205515
3080,0.013499,74.125.24.0-255,66,205383,54,205515
3081,0.013519,74.125.24.0-255,66,205449,54,205515
3082,0.013525,172.31.46.0-255,66,205515,54,205515
3083,0.0,74.125.130.0-255,153,153,54,190867
3084,2.2e-05,172.31.46.0-255,66,219,54,190867
3085,2.9e-05,74.125.130.0-255,1484,1703,54,190867
3086,3.3e-05,172.31.46.0-255,66,1769,54,190867
3087,3.6e-05,74.125.130.0-255,1484,3253,54,190867
3088,3.9e-05,172.31.46.0-255,66,3319,54,190867
3089,4.5e-05,74.125.130.0-255,2902,6221,54,190867
3090,4.9e-05,172.31.46.0-255,66,6287,54,190867
3091,5.5e-05,74.125.130.0-255,5738,12025,54,190867
3092,5.8e-05,172.31.46.0-255,66,12091,54,190867
3093,6.2e-05,74.125.130.0-255,1977,14068,54,190867
3094,6.4e-05,172.31.46.0-255,66,14134,54,190867
3095,9e-05,74.125.130.0-255,2902,17036,54,190867
3096,9.3e-05,172.31.46.0-255,66,17102,54,190867
3097,9.8e-05,74.125.130.0-255,2902,20004,54,190867
3098,0.0001,172.31.46.0-255,66,20070,54,190867
3099,0.000126,74.125.130.0-255,4320,24390,54,190867
3100,0.000129,172.31.46.0-255,66,24456,54,190867
3101,0.000134,74.125.130.0-255,4320,28776,54,190867
3102,0.000136,172.31.46.0-255,66,28842,54,190867
3103,0.000173,74.125.130.0-255,2543,31385,54,190867
3104,0.000175,172.31.46.0-255,66,31451,54,190867
3105,0.000324,74.125.130.0-255,1484,32935,54,190867
3106,0.000329,172.31.46.0-255,66,33001,54,190867
3107,0.000335,74.125.130.0-255,2902,35903,54,190867
3108,0.000338,172.31.46.0-255,66,35969,54,190867
3109,0.000364,74.125.130.0-255,5738,41707,54,190867
3110,0.000367,172.31.46.0-255,66,41773,54,190867
3111,0.000373,74.125.130.0-255,4320,46093,54,190867
3112,0.000375,172.31.46.0-255,66,46159,54,190867
3113,0.000388,74.125.130.0-255,3961,50120,54,190867
3114,0.000391,172.31.46.0-255,66,50186,54,190867
3115,0.000433,74.125.130.0-255,6797,56983,54,190867
3116,0.00046,74.125.130.0-255,648,57631,54,190867
3117,0.000489,172.31.46.0-255,66,57697,54,190867
3118,0.000556,74.125.130.0-255,1484,59181,54,190867
3119,0.000561,74.125.130.0-255,2902,62083,54,190867
3120,0.000565,74.125.130.0-255,1484,63567,54,190867
3121,0.000579,74.125.130.0-255,1484,65051,54,190867
3122,0.000585,74.125.130.0-255,4320,69371,54,190867
3123,0.000601,172.31.46.0-255,66,69437,54,190867
3124,0.00061,74.125.130.0-255,2902,72339,54,190867
3125,0.000615,172.31.46.0-255,66,72405,54,190867
3126,0.000628,74.125.130.0-255,6797,79202,54,190867
3127,0.000634,74.125.130.0-255,5738,84940,54,190867
3128,0.000647,74.125.130.0-255,1484,86424,54,190867
3129,0.00066,172.31.46.0-255,66,86490,54,190867
3130,0.000679,74.125.130.0-255,5379,91869,54,190867
3131,0.0007,172.31.46.0-255,66,91935,54,190867
3132,0.00111,74.125.130.0-255,1484,93419,54,190867
3133,0.001117,74.125.130.0-255,2902,96321,54,190867
3134,0.00112,172.31.46.0-255,66,96387,54,190867
3135,0.001125,74.125.130.0-255,2902,99289,54,190867
3136,0.001142,74.125.130.0-255,4320,103609,54,190867
3137,0.001148,172.31.46.0-255,66,103675,54,190867
3138,0.001165,74.125.130.0-255,2902,106577,54,190867
3139,0.001178,172.31.46.0-255,66,106643,54,190867
3140,0.00119,74.125.130.0-255,5738,112381,54,190867
3141,0.001208,172.31.46.0-255,66,112447,54,190867
3142,0.002212,74.125.130.0-255,1484,113931,54,190867
3143,0.002224,74.125.130.0-255,2902,116833,54,190867
3144,0.002228,172.31.46.0-255,66,116899,54,190867
3145,0.002236,74.125.130.0-255,5738,122637,54,190867
3146,0.002238,172.31.46.0-255,66,122703,54,190867
3147,0.002262,74.125.130.0-255,7156,129859,54,190867
3148,0.002279,74.125.130.0-255,2902,132761,54,190867
3149,0.006204,172.31.46.0-255,66,132827,54,190867
3150,0.008443,74.125.130.0-255,5738,138565,54,190867
3151,0.008449,172.31.46.0-255,66,138631,54,190867
3152,0.010705,74.125.130.0-255,5738,144369,54,190867
3153,0.010713,172.31.46.0-255,66,144435,54,190867
3154,0.01295,74.125.130.0-255,5738,150173,54,190867
3155,0.012959,172.31.46.0-255,66,150239,54,190867
3156,0.015207,74.125.130.0-255,5738,155977,54,190867
3157,0.015222,172.31.46.0-255,66,156043,54,190867
3158,0.017523,74.125.130.0-255,5738,161781,54,190867
3159,0.017539,172.31.46.0-255,66,161847,54,190867
3160,0.019805,74.125.130.0-255,5738,167585,54,190867
3161,0.019822,172.31.46.0-255,66,167651,54,190867
3162,0.022079,74.125.130.0-255,5738,173389,54,190867
3163,0.022092,172.31.46.0-255,66,173455,54,190867
3164,0.024378,74.125.130.0-255,5738,179193,54,190867
3165,0.024392,172.31.46.0-255,66,179259,54,190867
3166,0.026643,74.125.130.0-255,5738,184997,54,190867
3167,0.026655,172.31.46.0-255,66,185063,54,190867
3168,0.028932,74.125.130.0-255,5738,190801,54,190867
3169,0.028946,172.31.46.0-255,66,190867,54,190867
3170,0.0,172.217.194.0-255,153,153,54,163437
3171,2.5e-05,172.31.46.0-255,66,219,54,163437
3172,3.2e-05,172.217.194.0-255,1484,1703,54,163437
3173,3.7e-05,172.31.46.0-255,66,1769,54,163437
3174,4.3e-05,172.217.194.0-255,2902,4671,54,163437
3175,4.7e-05,172.31.46.0-255,66,4737,54,163437
3176,5.5e-05,172.217.194.0-255,7156,11893,54,163437
3177,5.8e-05,172.31.46.0-255,66,11959,54,163437
3178,9.3e-05,172.217.194.0-255,2094,14053,54,163437
3179,9.7e-05,172.31.46.0-255,66,14119,54,163437
3180,0.000153,172.217.194.0-255,1484,15603,54,163437
3181,0.000156,172.31.46.0-255,66,15669,54,163437
3182,0.000161,172.217.194.0-255,2902,18571,54,163437
3183,0.000164,172.31.46.0-255,66,18637,54,163437
3184,0.00017,172.217.194.0-255,5738,24375,54,163437
3185,0.000173,172.31.46.0-255,66,24441,54,163437
3186,0.00018,172.217.194.0-255,6797,31238,54,163437
3187,0.000187,172.31.46.0-255,66,31304,54,163437
3188,0.000262,172.217.194.0-255,1484,32788,54,163437
3189,0.000265,172.31.46.0-255,66,32854,54,163437
3190,0.000269,172.217.194.0-255,1484,34338,54,163437
3191,0.000271,172.31.46.0-255,66,34404,54,163437
3192,0.000305,172.217.194.0-255,1484,35888,54,163437
3193,0.000308,172.31.46.0-255,66,35954,54,163437
3194,0.000316,172.217.194.0-255,5738,41692,54,163437
3195,0.000324,172.31.46.0-255,66,41758,54,163437
3196,0.000332,172.217.194.0-255,7156,48914,54,163437
3197,0.000334,172.31.46.0-255,66,48980,54,163437
3198,0.000362,172.217.194.0-255,6797,55777,54,163437
3199,0.000365,172.31.46.0-255,66,55843,54,163437
3200,0.000379,172.31.46.0-255,66,55909,54,163437
3201,0.000399,172.217.194.0-255,115,56024,54,163437
3202,0.000408,172.217.194.0-255,384,56408,54,163437
3203,0.000595,172.217.194.0-255,1484,57892,54,163437
3204,0.0006,172.31.46.0-255,66,57958,54,163437
3205,0.000605,172.217.194.0-255,1484,59442,54,163437
3206,0.000636,172.217.194.0-255,1484,60926,54,163437
3207,0.000639,172.31.46.0-255,66,60992,54,163437
3208,0.000646,172.217.194.0-255,5738,66730,54,163437
3209,0.000648,172.31.46.0-255,66,66796,54,163437
3210,0.000666,172.31.46.0-255,66,66862,54,163437
3211,0.000677,172.31.46.0-255,66,66928,54,163437
3212,0.000708,172.217.194.0-255,2184,69112,54,163437
3213,0.000711,172.31.46.0-255,66,69178,54,163437
3214,0.001019,172.217.194.0-255,1484,70662,54,163437
3215,0.001025,172.217.194.0-255,2902,73564,54,163437
3216,0.001028,172.31.46.0-255,66,73630,54,163437
3217,0.001045,172.217.194.0-255,1484,75114,54,163437
3218,0.001089,172.217.194.0-255,1484,76598,54,163437
3219,0.001107,172.31.46.0-255,66,76664,54,163437
3220,0.001116,172.217.194.0-255,7156,83820,54,163437
3221,0.001118,172.31.46.0-255,66,83886,54,163437
3222,0.001134,172.31.46.0-255,66,83952,54,163437
3223,0.001171,172.217.194.0-255,7156,91108,54,163437
3224,0.001175,172.31.46.0-255,66,91174,54,163437
3225,0.001181,172.217.194.0-255,3602,94776,54,163437
3226,0.001183,172.31.46.0-255,66,94842,54,163437
3227,0.0035,172.217.194.0-255,5738,100580,54,163437
3228,0.003507,172.31.46.0-255,66,100646,54,163437
3229,0.005772,172.217.194.0-255,4320,104966,54,163437
3230,0.005774,172.31.46.0-255,66,105032,54,163437
3231,0.005795,172.217.194.0-255,1484,106516,54,163437
3232,0.008068,172.217.194.0-255,4320,110836,54,163437
3233,0.008073,172.31.46.0-255,66,110902,54,163437
3234,0.010404,172.217.194.0-255,5738,116640,54,163437
3235,0.010413,172.31.46.0-255,66,116706,54,163437
3236,0.012689,172.217.194.0-255,5738,122444,54,163437
3237,0.012698,172.31.46.0-255,66,122510,54,163437
3238,0.013882,172.31.46.0-255,101,122611,54,163437
3239,0.014987,172.217.194.0-255,5738,128349,54,163437
3240,0.014993,172.31.46.0-255,66,128415,54,163437
3241,0.016142,172.217.194.0-255,66,128481,54,163437
3242,0.017279,172.217.194.0-255,1484,129965,54,163437
3243,0.017304,172.217.194.0-255,4320,134285,54,163437
3244,0.017308,172.31.46.0-255,66,134351,54,163437
3245,0.01959,172.217.194.0-255,5738,140089,54,163437
3246,0.019597,172.31.46.0-255,66,140155,54,163437
3247,0.021866,172.217.194.0-255,5738,145893,54,163437
3248,0.021871,172.31.46.0-255,66,145959,54,163437
3249,0.024182,172.217.194.0-255,5738,151697,54,163437
3250,0.024191,172.31.46.0-255,66,151763,54,163437
3251,0.026524,172.217.194.0-255,5738,157501,54,163437
3252,0.026531,172.31.46.0-255,66,157567,54,163437
3253,0.028778,172.217.194.0-255,1484,159051,54,163437
3254,0.028802,172.217.194.0-255,4320,163371,54,163437
3255,0.028807,172.31.46.0-255,66,163437,54,163437
3256,0.0,74.125.24.0-255,151,151,54,150797
3257,1.8e-05,172.31.46.0-255,66,217,54,150797
3258,2.4e-05,74.125.24.0-255,1484,1701,54,150797
3259,2.8e-05,172.31.46.0-255,66,1767,54,150797
3260,3.3e-05,74.125.24.0-255,2902,4669,54,150797
3261,3.7e-05,172.31.46.0-255,66,4735,54,150797
3262,4.9e-05,74.125.24.0-255,4320,9055,54,150797
3263,5.2e-05,172.31.46.0-255,66,9121,54,150797
3264,8.9e-05,74.125.24.0-255,4812,13933,54,150797
3265,9.2e-05,172.31.46.0-255,66,13999,54,150797
3266,0.00012,74.125.24.0-255,5738,19737,54,150797
3267,0.000122,172.31.46.0-255,66,19803,54,150797
3268,0.000154,172.31.46.0-255,66,19869,54,150797
3269,0.000596,74.125.24.0-255,1484,21353,54,150797
3270,0.000602,172.31.46.0-255,66,21419,54,150797
3271,0.000609,74.125.24.0-255,2902,24321,54,150797
3272,0.000611,172.31.46.0-255,66,24387,54,150797
3273,0.000621,74.125.24.0-255,5738,30125,54,150797
3274,0.000624,172.31.46.0-255,66,30191,54,150797
3275,0.000669,172.31.46.0-255,66,30257,54,150797
3276,0.000671,74.125.24.0-255,1484,31741,54,150797
3277,0.000673,172.31.46.0-255,66,31807,54,150797
3278,0.000695,74.125.24.0-255,4320,36127,54,150797
3279,0.000702,172.31.46.0-255,66,36193,54,150797
3280,0.000719,74.125.24.0-255,3961,40154,54,150797
3281,0.000722,172.31.46.0-255,66,40220,54,150797
3282,0.001599,74.125.24.0-255,646,40866,54,150797
3283,0.001605,172.31.46.0-255,66,40932,54,150797
3284,0.001631,74.125.24.0-255,1484,42416,54,150797
3285,0.001633,172.31.46.0-255,66,42482,54,150797
3286,0.001656,74.125.24.0-255,4320,46802,54,150797
3287,0.001658,172.31.46.0-255,66,46868,54,150797
3288,0.001663,74.125.24.0-255,4320,51188,54,150797
3289,0.001665,172.31.46.0-255,66,51254,54,150797
3290,0.001707,172.31.46.0-255,66,51320,54,150797
3291,0.001712,74.125.24.0-255,4320,55640,54,150797
3292,0.001714,172.31.46.0-255,66,55706,54,150797
3293,0.001743,74.125.24.0-255,7156,62862,54,150797
3294,0.001745,172.31.46.0-255,66,62928,54,150797
3295,0.001757,74.125.24.0-255,2184,65112,54,150797
3296,0.001762,172.31.46.0-255,66,65178,54,150797
3297,0.001839,74.125.24.0-255,1484,66662,54,150797
3298,0.001855,74.125.24.0-255,2902,69564,54,150797
3299,0.001857,172.31.46.0-255,66,69630,54,150797
3300,0.001863,74.125.24.0-255,5738,75368,54,150797
3301,0.001864,172.31.46.0-255,66,75434,54,150797
3302,0.001899,172.31.46.0-255,66,75500,54,150797
3303,0.00193,172.31.46.0-255,66,75566,54,150797
3304,0.001965,74.125.24.0-255,2184,77750,54,150797
3305,0.001968,172.31.46.0-255,66,77816,54,150797
3306,0.001988,172.31.46.0-255,66,77882,54,150797
3307,0.002006,172.31.46.0-255,66,77948,54,150797
3308,0.003032,172.31.46.0-255,101,78049,54,150797
3309,0.004027,74.125.24.0-255,5738,83787,54,150797
3310,0.004033,172.31.46.0-255,66,83853,54,150797
3311,0.005072,74.125.24.0-255,66,83919,54,150797
3312,0.006065,74.125.24.0-255,5738,89657,54,150797
3313,0.006071,172.31.46.0-255,66,89723,54,150797
3314,0.008098,74.125.24.0-255,5738,95461,54,150797
3315,0.008105,172.31.46.0-255,66,95527,54,150797
3316,0.010136,74.125.24.0-255,5738,101265,54,150797
3317,0.010143,172.31.46.0-255,66,101331,54,150797
3318,0.012145,74.125.24.0-255,5738,107069,54,150797
3319,0.012152,172.31.46.0-255,66,107135,54,150797
3320,0.014177,74.125.24.0-255,5738,112873,54,150797
3321,0.014185,172.31.46.0-255,66,112939,54,150797
3322,0.016206,74.125.24.0-255,5738,118677,54,150797
3323,0.016215,172.31.46.0-255,66,118743,54,150797
3324,0.01824,74.125.24.0-255,5738,124481,54,150797
3325,0.018247,172.31.46.0-255,66,124547,54,150797
3326,0.020281,74.125.24.0-255,5738,130285,54,150797
3327,0.020288,172.31.46.0-255,66,130351,54,150797
3328,0.022324,74.125.24.0-255,5738,136089,54,150797
3329,0.022331,172.31.46.0-255,66,136155,54,150797
3330,0.024353,74.125.24.0-255,4320,140475,54,150797
3331,0.024358,172.31.46.0-255,66,140541,54,150797
3332,0.024385,74.125.24.0-255,1484,142025,54,150797
3333,0.026366,74.125.24.0-255,2902,144927,54,150797
3334,0.026374,172.31.46.0-255,66,144993,54,150797
3335,0.028392,74.125.24.0-255,5738,150731,54,150797
3336,0.0284,172.31.46.0-255,66,150797,54,150797
3337,0.0,172.217.194.0-255,146,146,54,203419
3338,2.2e-05,172.31.46.0-255,66,212,54,203419
3339,2.9e-05,172.217.194.0-255,1484,1696,54,203419
3340,3.5e-05,172.31.46.0-255,66,1762,54,203419
3341,4e-05,172.217.194.0-255,2902,4664,54,203419
3342,4.5e-05,172.31.46.0-255,66,4730,54,203419
3343,5.1e-05,172.217.194.0-255,4320,9050,54,203419
3344,5.4e-05,172.31.46.0-255,66,9116,54,203419
3345,6e-05,172.217.194.0-255,4843,13959,54,203419
3346,6.3e-05,172.31.46.0-255,66,14025,54,203419
3347,0.000126,172.217.194.0-255,1484,15509,54,203419
3348,0.000129,172.31.46.0-255,66,15575,54,203419
3349,0.000149,172.217.194.0-255,2902,18477,54,203419
3350,0.000151,172.31.46.0-255,66,18543,54,203419
3351,0.000174,172.217.194.0-255,5738,24281,54,203419
3352,0.000179,172.31.46.0-255,66,24347,54,203419
3353,0.000191,172.217.194.0-255,6797,31144,54,203419
3354,0.000194,172.31.46.0-255,66,31210,54,203419
3355,0.000244,172.217.194.0-255,7156,38366,54,203419
3356,0.000247,172.31.46.0-255,66,38432,54,203419
3357,0.000259,172.31.46.0-255,66,38498,54,203419
3358,0.00031,172.217.194.0-255,1484,39982,54,203419
3359,0.000313,172.31.46.0-255,66,40048,54,203419
3360,0.000319,172.217.194.0-255,2902,42950,54,203419
3361,0.000321,172.31.46.0-255,66,43016,54,203419
3362,0.000336,172.217.194.0-255,1484,44500,54,203419
3363,0.000339,172.31.46.0-255,66,44566,54,203419
3364,0.000355,172.217.194.0-255,4320,48886,54,203419
3365,0.000357,172.31.46.0-255,66,48952,54,203419
3366,0.00036,172.217.194.0-255,1484,50436,54,203419
3367,0.000362,172.31.46.0-255,66,50502,54,203419
3368,0.000391,172.217.194.0-255,2902,53404,54,203419
3369,0.000395,172.31.46.0-255,66,53470,54,203419
3370,0.000413,172.217.194.0-255,2845,56315,54,203419
3371,0.000415,172.31.46.0-255,66,56381,54,203419
3372,0.00055,172.217.194.0-255,375,56756,54,203419
3373,0.000555,172.31.46.0-255,66,56822,54,203419
3374,0.000679,172.217.194.0-255,1484,58306,54,203419
3375,0.000683,172.31.46.0-255,66,58372,54,203419
3376,0.000705,172.217.194.0-255,2902,61274,54,203419
3377,0.000708,172.31.46.0-255,66,61340,54,203419
3378,0.000715,172.217.194.0-255,5738,67078,54,203419
3379,0.000718,172.31.46.0-255,66,67144,54,203419
3380,0.000746,172.217.194.0-255,5738,72882,54,203419
3381,0.000749,172.31.46.0-255,66,72948,54,203419
3382,0.000778,172.31.46.0-255,66,73014,54,203419
3383,0.000782,172.217.194.0-255,2902,75916,54,203419
3384,0.000784,172.31.46.0-255,66,75982,54,203419
3385,0.000833,172.217.194.0-255,6797,82779,54,203419
3386,0.000837,172.31.46.0-255,66,82845,54,203419
3387,0.001877,172.217.194.0-255,1484,84329,54,203419
3388,0.001883,172.31.46.0-255,66,84395,54,203419
3389,0.001894,172.217.194.0-255,2902,87297,54,203419
3390,0.001897,172.31.46.0-255,66,87363,54,203419
3391,0.001903,172.217.194.0-255,5738,93101,54,203419
3392,0.001905,172.31.46.0-255,66,93167,54,203419
3393,0.001924,172.217.194.0-255,1484,94651,54,203419
3394,0.001926,172.31.46.0-255,66,94717,54,203419
3395,0.001949,172.31.46.0-255,66,94783,54,203419
3396,0.001984,172.217.194.0-255,4320,99103,54,203419
3397,0.001987,172.31.46.0-255,66,99169,54,203419
3398,0.002003,172.217.194.0-255,6438,105607,54,203419
3399,0.002006,172.31.46.0-255,66,105673,54,203419
3400,0.002365,172.217.194.0-255,1484,107157,54,203419
3401,0.002389,172.217.194.0-255,2902,110059,54,203419
3402,0.002395,172.217.194.0-255,4320,114379,54,203419
3403,0.002449,172.217.194.0-255,5738,120117,54,203419
3404,0.002464,172.217.194.0-255,5738,125855,54,203419
3405,0.002486,172.217.194.0-255,5020,130875,54,203419
3406,0.002488,172.217.194.0-255,1484,132359,54,203419
3407,0.002532,172.217.194.0-255,5738,138097,54,203419
3408,0.002535,172.217.194.0-255,1484,139581,54,203419
3409,0.002581,172.217.194.0-255,5020,144601,54,203419
3410,0.002603,172.217.194.0-255,2902,147503,54,203419
3411,0.002709,172.217.194.0-255,1484,148987,54,203419
3412,0.002765,172.217.194.0-255,2902,151889,54,203419
3413,0.002865,172.217.194.0-255,7156,159045,54,203419
3414,0.002904,172.217.194.0-255,1484,160529,54,203419
3415,0.003177,172.217.194.0-255,1484,162013,54,203419
3416,0.003184,172.217.194.0-255,2902,164915,54,203419
3417,0.003187,172.217.194.0-255,1484,166399,54,203419
3418,0.003213,172.217.194.0-255,4320,170719,54,203419
3419,0.003219,172.217.194.0-255,5738,176457,54,203419
3420,0.003265,172.217.194.0-255,4320,180777,54,203419
3421,0.003271,172.217.194.0-255,5738,186515,54,203419
3422,0.00329,172.217.194.0-255,3602,190117,54,203419
3423,0.003296,172.217.194.0-255,4320,194437,54,203419
3424,0.003318,172.217.194.0-255,5738,200175,54,203419
3425,0.003333,172.217.194.0-255,2902,203077,54,203419
3426,0.003433,172.217.194.0-255,105,203182,54,203419
3427,0.003516,172.31.46.0-255,66,203248,54,203419
3428,0.005996,172.31.46.0-255,105,203353,54,203419
3429,0.008096,172.217.194.0-255,66,203419,54,203419
3430,0.0,74.125.200.0-255,146,146,54,324998
3431,1.7e-05,172.31.46.0-255,66,212,54,324998
3432,4e-05,74.125.200.0-255,1484,1696,54,324998
3433,4.5e-05,172.31.46.0-255,66,1762,54,324998
3434,6.1e-05,74.125.200.0-255,1484,3246,54,324998
3435,6.3e-05,172.31.46.0-255,66,3312,54,324998
3436,8.3e-05,74.125.200.0-255,2902,6214,54,324998
3437,8.6e-05,172.31.46.0-255,66,6280,54,324998
3438,9.1e-05,74.125.200.0-255,2902,9182,54,324998
3439,9.4e-05,172.31.46.0-255,66,9248,54,324998
3440,0.000107,74.125.200.0-255,2902,12150,54,324998
3441,0.000109,172.31.46.0-255,66,12216,54,324998
3442,0.000114,74.125.200.0-255,2902,15118,54,324998
3443,0.000116,172.31.46.0-255,66,15184,54,324998
3444,0.000142,74.125.200.0-255,2047,17231,54,324998
3445,0.000144,172.31.46.0-255,66,17297,54,324998
3446,0.000151,74.125.200.0-255,5738,23035,54,324998
3447,0.000153,172.31.46.0-255,66,23101,54,324998
3448,0.000184,172.31.46.0-255,66,23167,54,324998
3449,0.00026,74.125.200.0-255,1484,24651,54,324998
3450,0.000263,172.31.46.0-255,66,24717,54,324998
3451,0.000277,74.125.200.0-255,2902,27619,54,324998
3452,0.000279,172.31.46.0-255,66,27685,54,324998
3453,0.000315,74.125.200.0-255,5738,33423,54,324998
3454,0.000318,172.31.46.0-255,66,33489,54,324998
3455,0.000344,74.125.200.0-255,6797,40286,54,324998
3456,0.000347,172.31.46.0-255,66,40352,54,324998
3457,0.000366,74.125.200.0-255,2902,43254,54,324998
3458,0.000368,172.31.46.0-255,66,43320,54,324998
3459,0.000396,172.31.46.0-255,66,43386,54,324998
3460,0.000425,74.125.200.0-255,5736,49122,54,324998
3461,0.000428,172.31.46.0-255,66,49188,54,324998
3462,0.000612,74.125.200.0-255,1484,50672,54,324998
3463,0.00063,74.125.200.0-255,2902,53574,54,324998
3464,0.000635,172.31.46.0-255,66,53640,54,324998
3465,0.000639,74.125.200.0-255,1484,55124,54,324998
3466,0.000659,74.125.200.0-255,4320,59444,54,324998
3467,0.000663,172.31.46.0-255,66,59510,54,324998
3468,0.000668,74.125.200.0-255,2902,62412,54,324998
3469,0.00067,172.31.46.0-255,66,62478,54,324998
3470,0.000688,74.125.200.0-255,5738,68216,54,324998
3471,0.000693,172.31.46.0-255,66,68282,54,324998
3472,0.000719,172.31.46.0-255,66,68348,54,324998
3473,0.000724,74.125.200.0-255,5020,73368,54,324998
3474,0.000728,172.31.46.0-255,66,73434,54,324998
3475,0.000749,74.125.200.0-255,330,73764,54,324998
3476,0.000869,74.125.200.0-255,1484,75248,54,324998
3477,0.000873,172.31.46.0-255,66,75314,54,324998
3478,0.000877,74.125.200.0-255,1484,76798,54,324998
3479,0.000892,74.125.200.0-255,1484,78282,54,324998
3480,0.000895,172.31.46.0-255,66,78348,54,324998
3481,0.0009,74.125.200.0-255,2902,81250,54,324998
3482,0.000902,172.31.46.0-255,66,81316,54,324998
3483,0.000925,74.125.200.0-255,2902,84218,54,324998
3484,0.000928,172.31.46.0-255,66,84284,54,324998
3485,0.00094,172.31.46.0-255,66,84350,54,324998
3486,0.000988,74.125.200.0-255,2902,87252,54,324998
3487,0.000991,172.31.46.0-255,66,87318,54,324998
3488,0.000996,74.125.200.0-255,4320,91638,54,324998
3489,0.000999,172.31.46.0-255,66,91704,54,324998
3490,0.001032,74.125.200.0-255,6438,98142,54,324998
3491,0.001035,172.31.46.0-255,66,98208,54,324998
3492,0.001134,74.125.200.0-255,1484,99692,54,324998
3493,0.001148,74.125.200.0-255,2902,102594,54,324998
3494,0.001152,172.31.46.0-255,66,102660,54,324998
3495,0.001155,74.125.200.0-255,1484,104144,54,324998
3496,0.001174,74.125.200.0-255,4320,108464,54,324998
3497,0.001177,172.31.46.0-255,66,108530,54,324998
3498,0.00118,74.125.200.0-255,1484,110014,54,324998
3499,0.001208,74.125.200.0-255,2902,112916,54,324998
3500,0.001211,172.31.46.0-255,66,112982,54,324998
3501,0.001218,74.125.200.0-255,5738,118720,54,324998
3502,0.001226,172.31.46.0-255,66,118786,54,324998
3503,0.001241,74.125.200.0-255,4320,123106,54,324998
3504,0.001267,74.125.200.0-255,7156,130262,54,324998
3505,0.001272,74.125.200.0-255,2184,132446,54,324998
3506,0.001285,172.31.46.0-255,66,132512,54,324998
3507,0.001383,74.125.200.0-255,1484,133996,54,324998
3508,0.001388,74.125.200.0-255,2902,136898,54,324998
3509,0.001407,74.125.200.0-255,4320,141218,54,324998
3510,0.001413,172.31.46.0-255,66,141284,54,324998
3511,0.001425,74.125.200.0-255,1484,142768,54,324998
3512,0.001432,74.125.200.0-255,5738,148506,54,324998
3513,0.001451,74.125.200.0-255,2902,151408,54,324998
3514,0.001454,74.125.200.0-255,1484,152892,54,324998
3515,0.001456,172.31.46.0-255,66,152958,54,324998
3516,0.001461,172.31.46.0-255,66,153024,54,324998
3517,0.001494,172.31.46.0-255,66,153090,54,324998
3518,0.001498,74.125.200.0-255,1484,154574,54,324998
3519,0.001524,74.125.200.0-255,2902,157476,54,324998
3520,0.001528,74.125.200.0-255,766,158242,54,324998
3521,0.001547,172.31.46.0-255,66,158308,54,324998
3522,0.001761,74.125.200.0-255,1484,159792,54,324998
3523,0.001776,74.125.200.0-255,2902,162694,54,324998
3524,0.00178,172.31.46.0-255,66,162760,54,324998
3525,0.001785,74.125.200.0-255,2902,165662,54,324998
3526,0.0018,74.125.200.0-255,4320,169982,54,324998
3527,0.001804,172.31.46.0-255,66,170048,54,324998
3528,0.001834,172.31.46.0-255,66,170114,54,324998
3529,0.001847,74.125.200.0-255,5738,175852,54,324998
3530,0.001864,74.125.200.0-255,1484,177336,54,324998
3531,0.001872,172.31.46.0-255,66,177402,54,324998
3532,0.001892,74.125.200.0-255,2902,180304,54,324998
3533,0.001898,172.31.46.0-255,66,180370,54,324998
3534,0.001915,74.125.200.0-255,3602,183972,54,324998
3535,0.001928,172.31.46.0-255,66,184038,54,324998
3536,0.001939,74.125.200.0-255,1484,185522,54,324998
3537,0.001954,74.125.200.0-255,2902,188424,54,324998
3538,0.001973,74.125.200.0-255,5738,194162,54,324998
3539,0.001977,172.31.46.0-255,66,194228,54,324998
3540,0.002006,74.125.200.0-255,5738,199966,54,324998
3541,0.002017,74.125.200.0-255,1484,201450,54,324998
3542,0.002022,74.125.200.0-255,2902,204352,54,324998
3543,0.00204,172.31.46.0-255,66,204418,54,324998
3544,0.002046,74.125.200.0-255,5738,210156,54,324998
3545,0.002064,172.31.46.0-255,66,210222,54,324998
3546,0.002094,74.125.200.0-255,5738,215960,54,324998
3547,0.002104,172.31.46.0-255,66,216026,54,324998
3548,0.002107,74.125.200.0-255,1484,217510,54,324998
3549,0.002112,74.125.200.0-255,5738,223248,54,324998
3550,0.002118,172.31.46.0-255,66,223314,54,324998
3551,0.002127,74.125.200.0-255,2902,226216,54,324998
3552,0.002142,74.125.200.0-255,5738,231954,54,324998
3553,0.002161,74.125.200.0-255,1484,233438,54,324998
3554,0.00218,172.31.46.0-255,66,233504,54,324998
3555,0.002192,74.125.200.0-255,3602,237106,54,324998
3556,0.00223,74.125.200.0-255,2902,240008,54,324998
3557,0.002254,74.125.200.0-255,1484,241492,54,324998
3558,0.00227,74.125.200.0-255,7156,248648,54,324998
3559,0.002283,74.125.200.0-255,2902,251550,54,324998
3560,0.002288,172.31.46.0-255,66,251616,54,324998
3561,0.002308,74.125.200.0-255,7156,258772,54,324998
3562,0.002318,172.31.46.0-255,66,258838,54,324998
3563,0.002327,74.125.200.0-255,2184,261022,54,324998
3564,0.002348,172.31.46.0-255,66,261088,54,324998
3565,0.004625,74.125.200.0-255,2902,263990,54,324998
3566,0.004648,74.125.200.0-255,2902,266892,54,324998
3567,0.006726,172.31.46.0-255,66,266958,54,324998
3568,0.009053,74.125.200.0-255,5738,272696,54,324998
3569,0.00906,172.31.46.0-255,66,272762,54,324998
3570,0.011366,74.125.200.0-255,5738,278500,54,324998
3571,0.011374,172.31.46.0-255,66,278566,54,324998
3572,0.013682,74.125.200.0-255,5738,284304,54,324998
3573,0.013691,172.31.46.0-255,66,284370,54,324998
3574,0.016015,74.125.200.0-255,5738,290108,54,324998
3575,0.016023,172.31.46.0-255,66,290174,54,324998
3576,0.018336,74.125.200.0-255,5738,295912,54,324998
3577,0.018346,172.31.46.0-255,66,295978,54,324998
3578,0.020661,74.125.200.0-255,5738,301716,54,324998
3579,0.020667,172.31.46.0-255,66,301782,54,324998
3580,0.022977,74.125.200.0-255,5738,307520,54,324998
3581,0.022984,172.31.46.0-255,66,307586,54,324998
3582,0.025292,74.125.200.0-255,5738,313324,54,324998
3583,0.0253,172.31.46.0-255,66,313390,54,324998
3584,0.027613,74.125.200.0-255,5738,319128,54,324998
3585,0.027621,172.31.46.0-255,66,319194,54,324998
3586,0.029929,74.125.200.0-255,5738,324932,54,324998
3587,0.029936,172.31.46.0-255,66,324998,54,324998
3588,0.0,172.217.194.0-255,153,153,54,245528
3589,1.6e-05,172.31.46.0-255,66,219,54,245528
3590,2.3e-05,172.217.194.0-255,1484,1703,54,245528
3591,2.7e-05,172.31.46.0-255,66,1769,54,245528
3592,3.3e-05,172.217.194.0-255,2902,4671,54,245528
3593,4.5e-05,172.31.46.0-255,66,4737,54,245528
3594,5.2e-05,172.217.194.0-255,7156,11893,54,245528
3595,5.5e-05,172.31.46.0-255,66,11959,54,245528
3596,5.9e-05,172.217.194.0-255,1995,13954,54,245528
3597,6.3e-05,172.31.46.0-255,66,14020,54,245528
3598,0.000101,172.217.194.0-255,4320,18340,54,245528
3599,0.000104,172.31.46.0-255,66,18406,54,245528
3600,0.000127,172.217.194.0-255,7156,25562,54,245528
3601,0.00013,172.31.46.0-255,66,25628,54,245528
3602,0.000136,172.217.194.0-255,5379,31007,54,245528
3603,0.000139,172.31.46.0-255,66,31073,54,245528
3604,0.000287,172.217.194.0-255,1484,32557,54,245528
3605,0.000291,172.31.46.0-255,66,32623,54,245528
3606,0.000296,172.217.194.0-255,1484,34107,54,245528
3607,0.000298,172.31.46.0-255,66,34173,54,245528
3608,0.000315,172.217.194.0-255,1484,35657,54,245528
3609,0.000318,172.31.46.0-255,66,35723,54,245528
3610,0.000329,172.217.194.0-255,5738,41461,54,245528
3611,0.000332,172.31.46.0-255,66,41527,54,245528
3612,0.000339,172.217.194.0-255,5738,47265,54,245528
3613,0.000341,172.31.46.0-255,66,47331,54,245528
3614,0.000375,172.217.194.0-255,1125,48456,54,245528
3615,0.000378,172.31.46.0-255,66,48522,54,245528
3616,0.000386,172.217.194.0-255,7156,55678,54,245528
3617,0.000393,172.31.46.0-255,66,55744,54,245528
3618,0.000413,172.217.194.0-255,5738,61482,54,245528
3619,0.000416,172.31.46.0-255,66,61548,54,245528
3620,0.000452,172.217.194.0-255,3961,65509,54,245528
3621,0.000454,172.31.46.0-255,66,65575,54,245528
3622,0.000457,172.217.194.0-255,645,66220,54,245528
3623,0.000637,172.217.194.0-255,1484,67704,54,245528
3624,0.000643,172.31.46.0-255,66,67770,54,245528
3625,0.00067,172.217.194.0-255,2902,70672,54,245528
3626,0.000673,172.31.46.0-255,66,70738,54,245528
3627,0.000697,172.217.194.0-255,2902,73640,54,245528
3628,0.000701,172.31.46.0-255,66,73706,54,245528
3629,0.000734,172.217.194.0-255,7156,80862,54,245528
3630,0.000737,172.31.46.0-255,66,80928,54,245528
3631,0.000799,172.217.194.0-255,2902,83830,54,245528
3632,0.000803,172.31.46.0-255,66,83896,54,245528
3633,0.000841,172.31.46.0-255,66,83962,54,245528
3634,0.000847,172.217.194.0-255,3054,87016,54,245528
3635,0.00085,172.31.46.0-255,66,87082,54,245528
3636,0.001511,172.217.194.0-255,1484,88566,54,245528
3637,0.001517,172.217.194.0-255,2902,91468,54,245528
3638,0.001521,172.31.46.0-255,66,91534,54,245528
3639,0.001527,172.217.194.0-255,2902,94436,54,245528
3640,0.001529,172.31.46.0-255,66,94502,54,245528
3641,0.00156,172.217.194.0-255,2902,97404,54,245528
3642,0.001562,172.31.46.0-255,66,97470,54,245528
3643,0.001567,172.217.194.0-255,2902,100372,54,245528
3644,0.001569,172.31.46.0-255,66,100438,54,245528
3645,0.001617,172.217.194.0-255,2902,103340,54,245528
3646,0.00162,172.31.46.0-255,66,103406,54,245528
3647,0.001646,172.217.194.0-255,4320,107726,54,245528
3648,0.001649,172.31.46.0-255,66,107792,54,245528
3649,0.001656,172.217.194.0-255,7156,114948,54,245528
3650,0.001658,172.31.46.0-255,66,115014,54,245528
3651,0.001684,172.217.194.0-255,1484,116498,54,245528
3652,0.00169,172.217.194.0-255,5020,121518,54,245528
3653,0.001692,172.31.46.0-255,66,121584,54,245528
3654,0.001817,172.217.194.0-255,1484,123068,54,245528
3655,0.001823,172.217.194.0-255,2902,125970,54,245528
3656,0.001826,172.31.46.0-255,66,126036,54,245528
3657,0.001833,172.217.194.0-255,5738,131774,54,245528
3658,0.001834,172.31.46.0-255,66,131840,54,245528
3659,0.001869,172.217.194.0-255,7156,138996,54,245528
3660,0.001871,172.31.46.0-255,66,139062,54,245528
3661,0.001874,172.217.194.0-255,1484,140546,54,245528
3662,0.001907,172.31.46.0-255,66,140612,54,245528
3663,0.001926,172.217.194.0-255,1484,142096,54,245528
3664,0.00193,172.217.194.0-255,2184,144280,54,245528
3665,0.001932,172.31.46.0-255,66,144346,54,245528
3666,0.001965,172.217.194.0-255,5738,150084,54,245528
3667,0.001968,172.31.46.0-255,66,150150,54,245528
3668,0.002003,172.31.46.0-255,66,150216,54,245528
3669,0.002024,172.31.46.0-255,66,150282,54,245528
3670,0.00205,172.217.194.0-255,4320,154602,54,245528
3671,0.002053,172.31.46.0-255,66,154668,54,245528
3672,0.00209,172.31.46.0-255,66,154734,54,245528
3673,0.002097,172.217.194.0-255,7156,161890,54,245528
3674,0.0021,172.31.46.0-255,66,161956,54,245528
3675,0.00214,172.31.46.0-255,66,162022,54,245528
3676,0.002147,172.217.194.0-255,6438,168460,54,245528
3677,0.002149,172.31.46.0-255,66,168526,54,245528
3678,0.002178,172.217.194.0-255,7156,175682,54,245528
3679,0.002181,172.31.46.0-255,66,175748,54,245528
3680,0.002224,172.31.46.0-255,66,175814,54,245528
3681,0.00223,172.217.194.0-255,5738,181552,54,245528
3682,0.002233,172.31.46.0-255,66,181618,54,245528
3683,0.002264,172.31.46.0-255,66,181684,54,245528
3684,0.004577,172.217.194.0-255,5738,187422,54,245528
3685,0.004586,172.31.46.0-255,66,187488,54,245528
3686,0.006896,172.217.194.0-255,5738,193226,54,245528
3687,0.006905,172.31.46.0-255,66,193292,54,245528
3688,0.009221,172.217.194.0-255,5738,199030,54,245528
3689,0.009228,172.31.46.0-255,66,199096,54,245528
3690,0.011508,172.217.194.0-255,5738,204834,54,245528
3691,0.011515,172.31.46.0-255,66,204900,54,245528
3692,0.013841,172.217.194.0-255,5738,210638,54,245528
3693,0.013848,172.31.46.0-255,66,210704,54,245528
3694,0.016155,172.217.194.0-255,5738,216442,54,245528
3695,0.016162,172.31.46.0-255,66,216508,54,245528
3696,0.018538,172.217.194.0-255,5738,222246,54,245528
3697,0.018546,172.31.46.0-255,66,222312,54,245528
3698,0.020837,172.217.194.0-255,5738,228050,54,245528
3699,0.020843,172.31.46.0-255,66,228116,54,245528
3700,0.02319,172.217.194.0-255,5738,233854,54,245528
3701,0.023196,172.31.46.0-255,66,233920,54,245528
3702,0.025508,172.217.194.0-255,5738,239658,54,245528
3703,0.025519,172.31.46.0-255,66,239724,54,245528
3704,0.027821,172.217.194.0-255,5738,245462,54,245528
3705,0.02783,172.31.46.0-255,66,245528,54,245528
3706,0.0,172.217.194.0-255,152,152,54,189046
3707,2.2e-05,172.31.46.0-255,66,218,54,189046
3708,2.9e-05,172.217.194.0-255,1484,1702,54,189046
3709,3.4e-05,172.31.46.0-255,66,1768,54,189046
3710,3.9e-05,172.217.194.0-255,2902,4670,54,189046
3711,4.3e-05,172.31.46.0-255,66,4736,54,189046
3712,5e-05,172.217.194.0-255,7156,11892,54,189046
3713,5.3e-05,172.31.46.0-255,66,11958,54,189046
3714,5.8e-05,172.217.194.0-255,2107,14065,54,189046
3715,6.1e-05,172.31.46.0-255,66,14131,54,189046
3716,0.000217,172.217.194.0-255,1484,15615,54,189046
3717,0.000221,172.31.46.0-255,66,15681,54,189046
3718,0.000228,172.217.194.0-255,2902,18583,54,189046
3719,0.000231,172.31.46.0-255,66,18649,54,189046
3720,0.000234,172.217.194.0-255,1484,20133,54,189046
3721,0.000235,172.31.46.0-255,66,20199,54,189046
3722,0.000264,172.217.194.0-255,4320,24519,54,189046
3723,0.000267,172.31.46.0-255,66,24585,54,189046
3724,0.000275,172.217.194.0-255,6797,31382,54,189046
3725,0.000277,172.31.46.0-255,66,31448,54,189046
3726,0.00031,172.217.194.0-255,1484,32932,54,189046
3727,0.000312,172.31.46.0-255,66,32998,54,189046
3728,0.000346,172.31.46.0-255,66,33064,54,189046
3729,0.000364,172.217.194.0-255,2543,35607,54,189046
3730,0.000366,172.31.46.0-255,66,35673,54,189046
3731,0.000595,172.217.194.0-255,1484,37157,54,189046
3732,0.000601,172.217.194.0-255,2902,40059,54,189046
3733,0.000612,172.31.46.0-255,66,40125,54,189046
3734,0.000617,172.31.46.0-255,66,40191,54,189046
3735,0.000624,172.217.194.0-255,5738,45929,54,189046
3736,0.000626,172.31.46.0-255,66,45995,54,189046
3737,0.000672,172.217.194.0-255,5738,51733,54,189046
3738,0.000675,172.31.46.0-255,66,51799,54,189046
3739,0.000692,172.217.194.0-255,1420,53219,54,189046
3740,0.000786,172.217.194.0-255,381,53600,54,189046
3741,0.00079,172.31.46.0-255,66,53666,54,189046
3742,0.001044,172.217.194.0-255,1484,55150,54,189046
3743,0.00105,172.217.194.0-255,2902,58052,54,189046
3744,0.001054,172.31.46.0-255,66,58118,54,189046
3745,0.001079,172.217.194.0-255,2902,61020,54,189046
3746,0.001081,172.31.46.0-255,66,61086,54,189046
3747,0.001107,172.217.194.0-255,2902,63988,54,189046
3748,0.00111,172.31.46.0-255,66,64054,54,189046
3749,0.001122,172.31.46.0-255,66,64120,54,189046
3750,0.001139,172.217.194.0-255,2902,67022,54,189046
3751,0.001142,172.31.46.0-255,66,67088,54,189046
3752,0.001175,172.31.46.0-255,66,67154,54,189046
3753,0.001496,172.217.194.0-255,1484,68638,54,189046
3754,0.0015,172.217.194.0-255,1484,70122,54,189046
3755,0.001509,172.31.46.0-255,66,70188,54,189046
3756,0.001513,172.217.194.0-255,1484,71672,54,189046
3757,0.001518,172.217.194.0-255,2902,74574,54,189046
3758,0.001519,172.31.46.0-255,66,74640,54,189046
3759,0.001538,172.217.194.0-255,2902,77542,54,189046
3760,0.00154,172.31.46.0-255,66,77608,54,189046
3761,0.001548,172.217.194.0-255,7156,84764,54,189046
3762,0.001549,172.31.46.0-255,66,84830,54,189046
3763,0.001574,172.217.194.0-255,5738,90568,54,189046
3764,0.001577,172.31.46.0-255,66,90634,54,189046
3765,0.001585,172.217.194.0-255,7156,97790,54,189046
3766,0.001587,172.31.46.0-255,66,97856,54,189046
3767,0.001616,172.217.194.0-255,3602,101458,54,189046
3768,0.001618,172.31.46.0-255,66,101524,54,189046
3769,0.002482,172.217.194.0-255,1484,103008,54,189046
3770,0.002495,172.217.194.0-255,2902,105910,54,189046
3771,0.002499,172.31.46.0-255,66,105976,54,189046
3772,0.002508,172.217.194.0-255,5738,111714,54,189046
3773,0.00251,172.31.46.0-255,66,111780,54,189046
3774,0.002514,172.217.194.0-255,1484,113264,54,189046
3775,0.00252,172.217.194.0-255,5738,119002,54,189046
3776,0.002522,172.31.46.0-255,66,119068,54,189046
3777,0.002552,172.217.194.0-255,2902,121970,54,189046
3778,0.002554,172.31.46.0-255,66,122036,54,189046
3779,0.00257,172.31.46.0-255,66,122102,54,189046
3780,0.002607,172.217.194.0-255,1484,123586,54,189046
3781,0.002611,172.217.194.0-255,1484,125070,54,189046
3782,0.002613,172.31.46.0-255,66,125136,54,189046
3783,0.002631,172.217.194.0-255,1484,126620,54,189046
3784,0.002636,172.217.194.0-255,4320,130940,54,189046
3785,0.002638,172.31.46.0-255,66,131006,54,189046
3786,0.005265,172.217.194.0-255,5738,136744,54,189046
3787,0.00527,172.31.46.0-255,66,136810,54,189046
3788,0.007907,172.217.194.0-255,5738,142548,54,189046
3789,0.007916,172.31.46.0-255,66,142614,54,189046
3790,0.010556,172.217.194.0-255,5738,148352,54,189046
3791,0.010573,172.31.46.0-255,66,148418,54,189046
3792,0.013199,172.217.194.0-255,5738,154156,54,189046
3793,0.013215,172.31.46.0-255,66,154222,54,189046
3794,0.015898,172.217.194.0-255,5738,159960,54,189046
3795,0.015918,172.31.46.0-255,66,160026,54,189046
3796,0.018544,172.217.194.0-255,5738,165764,54,189046
3797,0.018562,172.31.46.0-255,66,165830,54,189046
3798,0.02119,172.217.194.0-255,5738,171568,54,189046
3799,0.021207,172.31.46.0-255,66,171634,54,189046
3800,0.023835,172.217.194.0-255,5738,177372,54,189046
3801,0.023853,172.31.46.0-255,66,177438,54,189046
3802,0.02646,172.217.194.0-255,5738,183176,54,189046
3803,0.026479,172.31.46.0-255,66,183242,54,189046
3804,0.029133,172.217.194.0-255,5738,188980,54,189046
3805,0.029151,172.31.46.0-255,66,189046,54,189046
3806,0.0,216.58.221.0-255,152,152,54,242557
3807,2.2e-05,172.31.46.0-255,66,218,54,242557
3808,2.9e-05,216.58.221.0-255,1484,1702,54,242557
3809,3.3e-05,172.31.46.0-255,66,1768,54,242557
3810,3.9e-05,216.58.221.0-255,2902,4670,54,242557
3811,4.2e-05,172.31.46.0-255,66,4736,54,242557
3812,4.8e-05,216.58.221.0-255,4320,9056,54,242557
3813,5e-05,172.31.46.0-255,66,9122,54,242557
3814,5.6e-05,216.58.221.0-255,4950,14072,54,242557
3815,6e-05,172.31.46.0-255,66,14138,54,242557
3816,7.4e-05,172.31.46.0-255,66,14204,54,242557
3817,8e-05,216.58.221.0-255,5379,19583,54,242557
3818,8.3e-05,172.31.46.0-255,66,19649,54,242557
3819,0.000212,216.58.221.0-255,1484,21133,54,242557
3820,0.000217,172.31.46.0-255,66,21199,54,242557
3821,0.000223,216.58.221.0-255,2902,24101,54,242557
3822,0.000226,172.31.46.0-255,66,24167,54,242557
3823,0.000232,216.58.221.0-255,5738,29905,54,242557
3824,0.000235,172.31.46.0-255,66,29971,54,242557
3825,0.000239,216.58.221.0-255,2902,32873,54,242557
3826,0.000242,172.31.46.0-255,66,32939,54,242557
3827,0.000259,216.58.221.0-255,3961,36900,54,242557
3828,0.000262,172.31.46.0-255,66,36966,54,242557
3829,0.000501,216.58.221.0-255,1484,38450,54,242557
3830,0.000506,172.31.46.0-255,66,38516,54,242557
3831,0.000512,216.58.221.0-255,2902,41418,54,242557
3832,0.000515,172.31.46.0-255,66,41484,54,242557
3833,0.000533,216.58.221.0-255,5738,47222,54,242557
3834,0.000535,172.31.46.0-255,66,47288,54,242557
3835,0.000553,216.58.221.0-255,1484,48772,54,242557
3836,0.000555,172.31.46.0-255,66,48838,54,242557
3837,0.000587,216.58.221.0-255,5379,54217,54,242557
3838,0.00059,172.31.46.0-255,66,54283,54,242557
3839,0.000593,216.58.221.0-255,357,54640,54,242557
3840,0.000935,216.58.221.0-255,386,55026,54,242557
3841,0.001029,216.58.221.0-255,1484,56510,54,242557
3842,0.001034,172.31.46.0-255,66,56576,54,242557
3843,0.001041,216.58.221.0-255,2902,59478,54,242557
3844,0.001042,172.31.46.0-255,66,59544,54,242557
3845,0.001065,216.58.221.0-255,4320,63864,54,242557
3846,0.001068,172.31.46.0-255,66,63930,54,242557
3847,0.001091,216.58.221.0-255,4320,68250,54,242557
3848,0.001094,172.31.46.0-255,66,68316,54,242557
3849,0.001116,216.58.221.0-255,1484,69800,54,242557
3850,0.001121,216.58.221.0-255,2543,72343,54,242557
3851,0.001124,172.31.46.0-255,66,72409,54,242557
3852,0.001162,216.58.221.0-255,1484,73893,54,242557
3853,0.001178,216.58.221.0-255,2902,76795,54,242557
3854,0.001181,172.31.46.0-255,66,76861,54,242557
3855,0.001206,216.58.221.0-255,5738,82599,54,242557
3856,0.001209,172.31.46.0-255,66,82665,54,242557
3857,0.001213,216.58.221.0-255,2902,85567,54,242557
3858,0.001215,172.31.46.0-255,66,85633,54,242557
3859,0.001221,216.58.221.0-255,3961,89594,54,242557
3860,0.001222,172.31.46.0-255,66,89660,54,242557
3861,0.001274,216.58.221.0-255,1484,91144,54,242557
3862,0.001312,216.58.221.0-255,1484,92628,54,242557
3863,0.001316,172.31.46.0-255,66,92694,54,242557
3864,0.001322,216.58.221.0-255,2902,95596,54,242557
3865,0.001324,172.31.46.0-255,66,95662,54,242557
3866,0.00134,216.58.221.0-255,5738,101400,54,242557
3867,0.001342,172.31.46.0-255,66,101466,54,242557
3868,0.00136,216.58.221.0-255,1484,102950,54,242557
3869,0.001364,216.58.221.0-255,2902,105852,54,242557
3870,0.001366,172.31.46.0-255,66,105918,54,242557
3871,0.001392,216.58.221.0-255,458,106376,54,242557
3872,0.001502,216.58.221.0-255,1484,107860,54,242557
3873,0.001505,172.31.46.0-255,66,107926,54,242557
3874,0.00151,216.58.221.0-255,2902,110828,54,242557
3875,0.001512,172.31.46.0-255,66,110894,54,242557
3876,0.001515,216.58.221.0-255,1484,112378,54,242557
3877,0.001537,216.58.221.0-255,4320,116698,54,242557
3878,0.001539,172.31.46.0-255,66,116764,54,242557
3879,0.001572,172.31.46.0-255,66,116830,54,242557
3880,0.001587,216.58.221.0-255,4659,121489,54,242557
3881,0.00159,172.31.46.0-255,66,121555,54,242557
3882,0.001601,172.31.46.0-255,66,121621,54,242557
3883,0.001627,216.58.221.0-255,5738,127359,54,242557
3884,0.001629,172.31.46.0-255,66,127425,54,242557
3885,0.001643,172.31.46.0-255,66,127491,54,242557
3886,0.001676,216.58.221.0-255,1484,128975,54,242557
3887,0.001699,216.58.221.0-255,2902,131877,54,242557
3888,0.001702,172.31.46.0-255,66,131943,54,242557
3889,0.001709,216.58.221.0-255,5738,137681,54,242557
3890,0.001711,172.31.46.0-255,66,137747,54,242557
3891,0.001717,216.58.221.0-255,4320,142067,54,242557
3892,0.001719,172.31.46.0-255,66,142133,54,242557
3893,0.001734,216.58.221.0-255,2902,145035,54,242557
3894,0.001736,172.31.46.0-255,66,145101,54,242557
3895,0.001747,172.31.46.0-255,66,145167,54,242557
3896,0.001792,172.31.46.0-255,66,145233,54,242557
3897,0.001916,216.58.221.0-255,1484,146717,54,242557
3898,0.001922,216.58.221.0-255,2902,149619,54,242557
3899,0.001925,172.31.46.0-255,66,149685,54,242557
3900,0.001928,216.58.221.0-255,1484,151169,54,242557
3901,0.001948,216.58.221.0-255,4320,155489,54,242557
3902,0.00195,172.31.46.0-255,66,155555,54,242557
3903,0.001954,216.58.221.0-255,2902,158457,54,242557
3904,0.001956,172.31.46.0-255,66,158523,54,242557
3905,0.001993,172.31.46.0-255,66,158589,54,242557
3906,0.002004,172.31.46.0-255,66,158655,54,242557
3907,0.002009,216.58.221.0-255,2184,160839,54,242557
3908,0.002011,172.31.46.0-255,66,160905,54,242557
3909,0.003975,216.58.221.0-255,5738,166643,54,242557
3910,0.003988,172.31.46.0-255,66,166709,54,242557
3911,0.005949,216.58.221.0-255,2902,169611,54,242557
3912,0.005954,172.31.46.0-255,66,169677,54,242557
3913,0.005973,216.58.221.0-255,2902,172579,54,242557
3914,0.005975,172.31.46.0-255,66,172645,54,242557
3915,0.007916,216.58.221.0-255,2902,175547,54,242557
3916,0.007919,172.31.46.0-255,66,175613,54,242557
3917,0.007939,216.58.221.0-255,2902,178515,54,242557
3918,0.007942,172.31.46.0-255,66,178581,54,242557
3919,0.009888,216.58.221.0-255,2902,181483,54,242557
3920,0.009897,172.31.46.0-255,66,181549,54,242557
3921,0.009922,216.58.221.0-255,2902,184451,54,242557
3922,0.009924,172.31.46.0-255,66,184517,54,242557
3923,0.011923,216.58.221.0-255,5738,190255,54,242557
3924,0.011936,172.31.46.0-255,66,190321,54,242557
3925,0.013913,216.58.221.0-255,5738,196059,54,242557
3926,0.013925,172.31.46.0-255,66,196125,54,242557
3927,0.015928,216.58.221.0-255,5738,201863,54,242557
3928,0.015938,172.31.46.0-255,66,201929,54,242557
3929,0.017927,216.58.221.0-255,5738,207667,54,242557
3930,0.017942,172.31.46.0-255,66,207733,54,242557
3931,0.019933,216.58.221.0-255,5738,213471,54,242557
3932,0.019949,172.31.46.0-255,66,213537,54,242557
3933,0.021931,216.58.221.0-255,5738,219275,54,242557
3934,0.021943,172.31.46.0-255,66,219341,54,242557
3935,0.02392,216.58.221.0-255,5738,225079,54,242557
3936,0.02393,172.31.46.0-255,66,225145,54,242557
3937,0.025899,216.58.221.0-255,5738,230883,54,242557
3938,0.025908,172.31.46.0-255,66,230949,54,242557
3939,0.027892,216.58.221.0-255,5738,236687,54,242557
3940,0.027899,172.31.46.0-255,66,236753,54,242557
3941,0.029883,216.58.221.0-255,5738,242491,54,242557
3942,0.029895,172.31.46.0-255,66,242557,54,242557
3943,0.0,172.217.194.0-255,153,153,54,232117
3944,1.5e-05,172.31.46.0-255,66,219,54,232117
3945,2.2e-05,172.217.194.0-255,1484,1703,54,232117
3946,2.6e-05,172.31.46.0-255,66,1769,54,232117
3947,4e-05,172.217.194.0-255,2902,4671,54,232117
3948,4.4e-05,172.31.46.0-255,66,4737,54,232117
3949,5.1e-05,172.217.194.0-255,7156,11893,54,232117
3950,5.5e-05,172.31.46.0-255,66,11959,54,232117
3951,0.000102,172.31.46.0-255,66,12025,54,232117
3952,0.000123,172.217.194.0-255,5379,17404,54,232117
3953,0.000127,172.31.46.0-255,66,17470,54,232117
3954,0.000131,172.217.194.0-255,1484,18954,54,232117
3955,0.000133,172.31.46.0-255,66,19020,54,232117
3956,0.000168,172.217.194.0-255,4320,23340,54,232117
3957,0.000172,172.31.46.0-255,66,23406,54,232117
3958,0.000185,172.31.46.0-255,66,23472,54,232117
3959,0.000211,172.217.194.0-255,4320,27792,54,232117
3960,0.000213,172.31.46.0-255,66,27858,54,232117
3961,0.00022,172.217.194.0-255,5738,33596,54,232117
3962,0.000223,172.31.46.0-255,66,33662,54,232117
3963,0.00026,172.217.194.0-255,2902,36564,54,232117
3964,0.000263,172.31.46.0-255,66,36630,54,232117
3965,0.00029,172.217.194.0-255,3961,40591,54,232117
3966,0.000293,172.31.46.0-255,66,40657,54,232117
3967,0.000429,172.217.194.0-255,649,41306,54,232117
3968,0.000435,172.31.46.0-255,66,41372,54,232117
3969,0.000494,172.217.194.0-255,1484,42856,54,232117
3970,0.000496,172.31.46.0-255,66,42922,54,232117
3971,0.000502,172.217.194.0-255,2902,45824,54,232117
3972,0.000504,172.31.46.0-255,66,45890,54,232117
3973,0.000528,172.217.194.0-255,1484,47374,54,232117
3974,0.000538,172.217.194.0-255,7156,54530,54,232117
3975,0.000554,172.217.194.0-255,1484,56014,54,232117
3976,0.000559,172.31.46.0-255,66,56080,54,232117
3977,0.000567,172.217.194.0-255,1991,58071,54,232117
3978,0.000578,172.31.46.0-255,66,58137,54,232117
3979,0.000714,172.217.194.0-255,1484,59621,54,232117
3980,0.00072,172.217.194.0-255,2902,62523,54,232117
3981,0.000723,172.217.194.0-255,1484,64007,54,232117
3982,0.000737,172.217.194.0-255,4320,68327,54,232117
3983,0.000751,172.31.46.0-255,66,68393,54,232117
3984,0.000823,172.31.46.0-255,66,68459,54,232117
3985,0.00084,172.217.194.0-255,2184,70643,54,232117
3986,0.000845,172.217.194.0-255,2902,73545,54,232117
3987,0.000852,172.217.194.0-255,7156,80701,54,232117
3988,0.000855,172.217.194.0-255,1484,82185,54,232117
3989,0.000878,172.217.194.0-255,5738,87923,54,232117
3990,0.000887,172.31.46.0-255,66,87989,54,232117
3991,0.000911,172.31.46.0-255,66,88055,54,232117
3992,0.000922,172.217.194.0-255,5738,93793,54,232117
3993,0.00093,172.217.194.0-255,766,94559,54,232117
3994,0.000948,172.31.46.0-255,66,94625,54,232117
3995,0.000975,172.217.194.0-255,1484,96109,54,232117
3996,0.00098,172.217.194.0-255,2902,99011,54,232117
3997,0.000986,172.217.194.0-255,5738,104749,54,232117
3998,0.001023,172.217.194.0-255,5738,110487,54,232117
3999,0.001026,172.31.46.0-255,66,110553,54,232117
4000,0.001032,172.31.46.0-255,66,110619,54,232117
4001,0.001047,172.217.194.0-255,2902,113521,54,232117
4002,0.001073,172.217.194.0-255,2184,115705,54,232117
4003,0.001079,172.31.46.0-255,66,115771,54,232117
4004,0.001093,172.217.194.0-255,2902,118673,54,232117
4005,0.001112,172.31.46.0-255,66,118739,54,232117
4006,0.001123,172.217.194.0-255,7156,125895,54,232117
4007,0.001134,172.217.194.0-255,7156,133051,54,232117
4008,0.001141,172.31.46.0-255,66,133117,54,232117
4009,0.001186,172.217.194.0-255,766,133883,54,232117
4010,0.001194,172.31.46.0-255,66,133949,54,232117
4011,0.001287,172.217.194.0-255,1484,135433,54,232117
4012,0.001293,172.217.194.0-255,2902,138335,54,232117
4013,0.001298,172.31.46.0-255,66,138401,54,232117
4014,0.00131,172.217.194.0-255,4320,142721,54,232117
4015,0.001317,172.31.46.0-255,66,142787,54,232117
4016,0.00134,172.217.194.0-255,1484,144271,54,232117
4017,0.001348,172.217.194.0-255,7156,151427,54,232117
4018,0.001355,172.217.194.0-255,7156,158583,54,232117
4019,0.001369,172.31.46.0-255,66,158649,54,232117
4020,0.001381,172.217.194.0-255,7156,165805,54,232117
4021,0.001421,172.31.46.0-255,66,165871,54,232117
4022,0.001475,172.217.194.0-255,1484,167355,54,232117
4023,0.001478,172.31.46.0-255,66,167421,54,232117
4024,0.001484,172.31.46.0-255,66,167487,54,232117
4025,0.00151,172.217.194.0-255,2902,170389,54,232117
4026,0.00152,172.217.194.0-255,5738,176127,54,232117
4027,0.001567,172.217.194.0-255,7156,183283,54,232117
4028,0.001592,172.217.194.0-255,4320,187603,54,232117
4029,0.001623,172.31.46.0-255,66,187669,54,232117
4030,0.001636,172.217.194.0-255,1484,189153,54,232117
4031,0.001654,172.217.194.0-255,2902,192055,54,232117
4032,0.00166,172.217.194.0-255,4320,196375,54,232117
4033,0.001677,172.217.194.0-255,1484,197859,54,232117
4034,0.001679,172.217.194.0-255,1484,199343,54,232117
4035,0.001684,172.31.46.0-255,66,199409,54,232117
4036,0.001731,172.217.194.0-255,5738,205147,54,232117
4037,0.001737,172.31.46.0-255,66,205213,54,232117
4038,0.001775,172.217.194.0-255,5738,210951,54,232117
4039,0.001805,172.31.46.0-255,66,211017,54,232117
4040,0.001883,172.217.194.0-255,1484,212501,54,232117
4041,0.001886,172.217.194.0-255,1484,213985,54,232117
4042,0.0019,172.217.194.0-255,1484,215469,54,232117
4043,0.001915,172.217.194.0-255,5738,221207,54,232117
4044,0.001931,172.217.194.0-255,2902,224109,54,232117
4045,0.001946,172.217.194.0-255,5738,229847,54,232117
4046,0.001948,172.217.194.0-255,1484,231331,54,232117
4047,0.001977,172.217.194.0-255,444,231775,54,232117
4048,0.002015,172.217.194.0-255,105,231880,54,232117
4049,0.006169,172.31.46.0-255,66,231946,54,232117
4050,0.009215,172.31.46.0-255,105,232051,54,232117
4051,0.011842,172.217.194.0-255,66,232117,54,232117
4052,0.0,172.217.194.0-255,152,152,54,190489
4053,2.3e-05,172.31.46.0-255,66,218,54,190489
4054,3e-05,172.217.194.0-255,1484,1702,54,190489
4055,3.5e-05,172.31.46.0-255,66,1768,54,190489
4056,4.1e-05,172.217.194.0-255,2902,4670,54,190489
4057,4.5e-05,172.31.46.0-255,66,4736,54,190489
4058,5.2e-05,172.217.194.0-255,7156,11892,54,190489
4059,5.5e-05,172.31.46.0-255,66,11958,54,190489
4060,5.8e-05,172.217.194.0-255,1484,13442,54,190489
4061,6.1e-05,172.31.46.0-255,66,13508,54,190489
4062,6.8e-05,172.217.194.0-255,4320,17828,54,190489
4063,7.1e-05,172.31.46.0-255,66,17894,54,190489
4064,0.0001,172.217.194.0-255,6260,24154,54,190489
4065,0.000104,172.31.46.0-255,66,24220,54,190489
4066,0.000111,172.217.194.0-255,6797,31017,54,190489
4067,0.000114,172.31.46.0-255,66,31083,54,190489
4068,0.000162,172.217.194.0-255,1484,32567,54,190489
4069,0.000165,172.31.46.0-255,66,32633,54,190489
4070,0.000171,172.217.194.0-255,2902,35535,54,190489
4071,0.000173,172.31.46.0-255,66,35601,54,190489
4072,0.000208,172.217.194.0-255,2902,38503,54,190489
4073,0.00021,172.31.46.0-255,66,38569,54,190489
4074,0.000233,172.217.194.0-255,2902,41471,54,190489
4075,0.000235,172.31.46.0-255,66,41537,54,190489
4076,0.00024,172.217.194.0-255,4320,45857,54,190489
4077,0.000242,172.31.46.0-255,66,45923,54,190489
4078,0.000256,172.31.46.0-255,66,45989,54,190489
4079,0.000276,172.217.194.0-255,7090,53079,54,190489
4080,0.00028,172.31.46.0-255,66,53145,54,190489
4081,0.000283,172.217.194.0-255,364,53509,54,190489
4082,0.000285,172.31.46.0-255,66,53575,54,190489
4083,0.000441,172.217.194.0-255,1484,55059,54,190489
4084,0.000449,172.217.194.0-255,2902,57961,54,190489
4085,0.00047,172.217.194.0-255,5738,63699,54,190489
4086,0.000483,172.217.194.0-255,2902,66601,54,190489
4087,0.000542,172.217.194.0-255,2184,68785,54,190489
4088,0.000637,172.31.46.0-255,66,68851,54,190489
4089,0.000649,172.217.194.0-255,1484,70335,54,190489
4090,0.000653,172.217.194.0-255,1484,71819,54,190489
4091,0.000657,172.31.46.0-255,66,71885,54,190489
4092,0.000667,172.217.194.0-255,1484,73369,54,190489
4093,0.000675,172.217.194.0-255,5738,79107,54,190489
4094,0.000713,172.217.194.0-255,4320,83427,54,190489
4095,0.00074,172.31.46.0-255,66,83493,54,190489
4096,0.000749,172.217.194.0-255,2184,85677,54,190489
4097,0.000754,172.31.46.0-255,66,85743,54,190489
4098,0.000798,172.217.194.0-255,1484,87227,54,190489
4099,0.000814,172.217.194.0-255,2902,90129,54,190489
4100,0.000819,172.217.194.0-255,2902,93031,54,190489
4101,0.000832,172.217.194.0-255,2902,95933,54,190489
4102,0.000845,172.217.194.0-255,2902,98835,54,190489
4103,0.00085,172.31.46.0-255,66,98901,54,190489
4104,0.000898,172.31.46.0-255,66,98967,54,190489
4105,0.000906,172.217.194.0-255,2184,101151,54,190489
4106,0.000914,172.31.46.0-255,66,101217,54,190489
4107,0.000951,172.217.194.0-255,2902,104119,54,190489
4108,0.000956,172.217.194.0-255,2902,107021,54,190489
4109,0.000974,172.31.46.0-255,66,107087,54,190489
4110,0.000981,172.217.194.0-255,7156,114243,54,190489
4111,0.000991,172.217.194.0-255,1484,115727,54,190489
4112,0.000993,172.31.46.0-255,66,115793,54,190489
4113,0.001025,172.217.194.0-255,5020,120813,54,190489
4114,0.001034,172.31.46.0-255,66,120879,54,190489
4115,0.001055,172.217.194.0-255,1484,122363,54,190489
4116,0.001073,172.217.194.0-255,7156,129519,54,190489
4117,0.001078,172.31.46.0-255,66,129585,54,190489
4118,0.001164,172.217.194.0-255,3602,133187,54,190489
4119,0.001167,172.217.194.0-255,1484,134671,54,190489
4120,0.001175,172.31.46.0-255,66,134737,54,190489
4121,0.001194,172.217.194.0-255,2902,137639,54,190489
4122,0.001217,172.31.46.0-255,66,137705,54,190489
4123,0.001226,172.217.194.0-255,1484,139189,54,190489
4124,0.001249,172.217.194.0-255,766,139955,54,190489
4125,0.001259,172.31.46.0-255,66,140021,54,190489
4126,0.001424,172.217.194.0-255,1484,141505,54,190489
4127,0.00143,172.217.194.0-255,2902,144407,54,190489
4128,0.001439,172.31.46.0-255,66,144473,54,190489
4129,0.001456,172.217.194.0-255,5738,150211,54,190489
4130,0.001473,172.217.194.0-255,7156,157367,54,190489
4131,0.00149,172.217.194.0-255,5738,163105,54,190489
4132,0.001502,172.31.46.0-255,66,163171,54,190489
4133,0.001537,172.217.194.0-255,7156,170327,54,190489
4134,0.001557,172.217.194.0-255,3602,173929,54,190489
4135,0.001561,172.31.46.0-255,66,173995,54,190489
4136,0.001566,172.31.46.0-255,66,174061,54,190489
4137,0.001605,172.217.194.0-255,1484,175545,54,190489
4138,0.001626,172.217.194.0-255,2902,178447,54,190489
4139,0.001631,172.217.194.0-255,2902,181349,54,190489
4140,0.001647,172.217.194.0-255,2902,184251,54,190489
4141,0.001649,172.217.194.0-255,1484,185735,54,190489
4142,0.001652,172.31.46.0-255,66,185801,54,190489
4143,0.001658,172.31.46.0-255,66,185867,54,190489
4144,0.001712,172.31.46.0-255,66,185933,54,190489
4145,0.001773,172.31.46.0-255,66,185999,54,190489
4146,0.001838,172.31.46.0-255,66,186065,54,190489
4147,0.001868,172.217.194.0-255,105,186170,54,190489
4148,0.001932,172.31.46.0-255,66,186236,54,190489
4149,0.011271,172.31.46.0-255,105,186341,54,190489
4150,0.013583,172.217.194.0-255,66,186407,54,190489
4151,0.02975,172.31.46.0-255,172,186579,54,190489
4152,0.029778,172.31.46.0-255,1119,187698,54,190489
4153,0.02983,172.31.46.0-255,1514,189212,54,190489
4154,0.029832,172.31.46.0-255,1277,190489,54,190489
4155,0.0,74.125.130.0-255,147,147,54,236722
4156,2.3e-05,172.31.46.0-255,66,213,54,236722
4157,3.1e-05,74.125.130.0-255,1484,1697,54,236722
4158,3.6e-05,172.31.46.0-255,66,1763,54,236722
4159,5e-05,74.125.130.0-255,2902,4665,54,236722
4160,5.3e-05,172.31.46.0-255,66,4731,54,236722
4161,6.1e-05,74.125.130.0-255,5738,10469,54,236722
4162,6.4e-05,172.31.46.0-255,66,10535,54,236722
4163,6.9e-05,74.125.130.0-255,3350,13885,54,236722
4164,7.2e-05,172.31.46.0-255,66,13951,54,236722
4165,7.7e-05,74.125.130.0-255,2902,16853,54,236722
4166,8e-05,172.31.46.0-255,66,16919,54,236722
4167,0.000112,74.125.130.0-255,1484,18403,54,236722
4168,0.000114,172.31.46.0-255,66,18469,54,236722
4169,0.000123,74.125.130.0-255,7156,25625,54,236722
4170,0.000125,172.31.46.0-255,66,25691,54,236722
4171,0.000141,172.31.46.0-255,66,25757,54,236722
4172,0.000145,74.125.130.0-255,1484,27241,54,236722
4173,0.000146,172.31.46.0-255,66,27307,54,236722
4174,0.000176,74.125.130.0-255,1484,28791,54,236722
4175,0.000178,172.31.46.0-255,66,28857,54,236722
4176,0.000185,74.125.130.0-255,4320,33177,54,236722
4177,0.000187,172.31.46.0-255,66,33243,54,236722
4178,0.000222,74.125.130.0-255,6438,39681,54,236722
4179,0.000224,172.31.46.0-255,66,39747,54,236722
4180,0.000361,74.125.130.0-255,1484,41231,54,236722
4181,0.000365,172.31.46.0-255,66,41297,54,236722
4182,0.000371,74.125.130.0-255,2902,44199,54,236722
4183,0.000374,172.31.46.0-255,66,44265,54,236722
4184,0.000411,74.125.130.0-255,5738,50003,54,236722
4185,0.000414,172.31.46.0-255,66,50069,54,236722
4186,0.000447,74.125.130.0-255,7089,57158,54,236722
4187,0.000451,172.31.46.0-255,66,57224,54,236722
4188,0.000454,74.125.130.0-255,365,57589,54,236722
4189,0.000796,74.125.130.0-255,1484,59073,54,236722
4190,0.000802,172.31.46.0-255,66,59139,54,236722
4191,0.000808,74.125.130.0-255,2902,62041,54,236722
4192,0.000811,172.31.46.0-255,66,62107,54,236722
4193,0.000866,74.125.130.0-255,5738,67845,54,236722
4194,0.000869,172.31.46.0-255,66,67911,54,236722
4195,0.000877,74.125.130.0-255,7156,75067,54,236722
4196,0.000879,172.31.46.0-255,66,75133,54,236722
4197,0.000889,74.125.130.0-255,4320,79453,54,236722
4198,0.000891,172.31.46.0-255,66,79519,54,236722
4199,0.000922,74.125.130.0-255,4320,83839,54,236722
4200,0.000925,172.31.46.0-255,66,83905,54,236722
4201,0.000931,74.125.130.0-255,5738,89643,54,236722
4202,0.000933,172.31.46.0-255,66,89709,54,236722
4203,0.000967,74.125.130.0-255,2184,91893,54,236722
4204,0.00097,172.31.46.0-255,66,91959,54,236722
4205,0.001347,172.31.46.0-255,101,92060,54,236722
4206,0.00138,74.125.130.0-255,1484,93544,54,236722
4207,0.001399,74.125.130.0-255,2902,96446,54,236722
4208,0.001402,172.31.46.0-255,66,96512,54,236722
4209,0.001406,74.125.130.0-255,1484,97996,54,236722
4210,0.001429,74.125.130.0-255,2902,100898,54,236722
4211,0.001431,172.31.46.0-255,66,100964,54,236722
4212,0.001437,74.125.130.0-255,4320,105284,54,236722
4213,0.001439,172.31.46.0-255,66,105350,54,236722
4214,0.001456,74.125.130.0-255,1484,106834,54,236722
4215,0.001494,172.31.46.0-255,66,106900,54,236722
4216,0.001532,172.31.46.0-255,66,106966,54,236722
4217,0.001535,74.125.130.0-255,766,107732,54,236722
4218,0.001731,74.125.130.0-255,1484,109216,54,236722
4219,0.001736,172.31.46.0-255,66,109282,54,236722
4220,0.001757,74.125.130.0-255,2902,112184,54,236722
4221,0.00176,172.31.46.0-255,66,112250,54,236722
4222,0.00177,74.125.130.0-255,1484,113734,54,236722
4223,0.001787,74.125.130.0-255,2902,116636,54,236722
4224,0.001791,74.125.130.0-255,2902,119538,54,236722
4225,0.001795,172.31.46.0-255,66,119604,54,236722
4226,0.001798,172.31.46.0-255,66,119670,54,236722
4227,0.001822,74.125.130.0-255,2902,122572,54,236722
4228,0.001825,172.31.46.0-255,66,122638,54,236722
4229,0.001837,74.125.130.0-255,7156,129794,54,236722
4230,0.001839,172.31.46.0-255,66,129860,54,236722
4231,0.001883,172.31.46.0-255,66,129926,54,236722
4232,0.001889,74.125.130.0-255,3602,133528,54,236722
4233,0.001891,172.31.46.0-255,66,133594,54,236722
4234,0.002082,74.125.130.0-255,1484,135078,54,236722
4235,0.002088,74.125.130.0-255,2902,137980,54,236722
4236,0.002092,172.31.46.0-255,66,138046,54,236722
4237,0.002099,74.125.130.0-255,5738,143784,54,236722
4238,0.002101,172.31.46.0-255,66,143850,54,236722
4239,0.002133,74.125.130.0-255,7156,151006,54,236722
4240,0.002136,172.31.46.0-255,66,151072,54,236722
4241,0.002163,74.125.130.0-255,1484,152556,54,236722
4242,0.002177,172.31.46.0-255,66,152622,54,236722
4243,0.00218,74.125.130.0-255,1484,154106,54,236722
4244,0.002207,74.125.130.0-255,3602,157708,54,236722
4245,0.002209,172.31.46.0-255,66,157774,54,236722
4246,0.002494,74.125.130.0-255,1484,159258,54,236722
4247,0.002509,74.125.130.0-255,2902,162160,54,236722
4248,0.002513,172.31.46.0-255,66,162226,54,236722
4249,0.002517,74.125.130.0-255,1484,163710,54,236722
4250,0.002546,74.125.130.0-255,2902,166612,54,236722
4251,0.002549,172.31.46.0-255,66,166678,54,236722
4252,0.002556,74.125.130.0-255,5738,172416,54,236722
4253,0.002558,172.31.46.0-255,66,172482,54,236722
4254,0.002584,74.125.130.0-255,5738,178220,54,236722
4255,0.002586,172.31.46.0-255,66,178286,54,236722
4256,0.002613,74.125.130.0-255,2902,181188,54,236722
4257,0.002615,172.31.46.0-255,66,181254,54,236722
4258,0.002633,172.31.46.0-255,66,181320,54,236722
4259,0.00394,74.125.130.0-255,66,181386,54,236722
4260,0.005238,74.125.130.0-255,5738,187124,54,236722
4261,0.005246,172.31.46.0-255,66,187190,54,236722
4262,0.007853,74.125.130.0-255,5738,192928,54,236722
4263,0.007857,172.31.46.0-255,66,192994,54,236722
4264,0.010506,74.125.130.0-255,5738,198732,54,236722
4265,0.010513,172.31.46.0-255,66,198798,54,236722
4266,0.013138,74.125.130.0-255,5738,204536,54,236722
4267,0.013145,172.31.46.0-255,66,204602,54,236722
4268,0.015758,74.125.130.0-255,5738,210340,54,236722
4269,0.015766,172.31.46.0-255,66,210406,54,236722
4270,0.018368,74.125.130.0-255,4320,214726,54,236722
4271,0.018377,172.31.46.0-255,66,214792,54,236722
4272,0.018408,74.125.130.0-255,1484,216276,54,236722
4273,0.020993,74.125.130.0-255,4320,220596,54,236722
4274,0.021004,172.31.46.0-255,66,220662,54,236722
4275,0.023616,74.125.130.0-255,4320,224982,54,236722
4276,0.023627,172.31.46.0-255,66,225048,54,236722
4277,0.023654,74.125.130.0-255,1484,226532,54,236722
4278,0.026252,74.125.130.0-255,4320,230852,54,236722
4279,0.026259,172.31.46.0-255,66,230918,54,236722
4280,0.028864,74.125.130.0-255,5738,236656,54,236722
4281,0.028873,172.31.46.0-255,66,236722,54,236722
4282,0.0,74.125.24.0-255,146,146,54,241638
4283,1.5e-05,172.31.46.0-255,66,212,54,241638
4284,2.2e-05,74.125.24.0-255,1484,1696,54,241638
4285,2.6e-05,172.31.46.0-255,66,1762,54,241638
4286,6e-05,74.125.24.0-255,2902,4664,54,241638
4287,6.4e-05,172.31.46.0-255,66,4730,54,241638
4288,6.9e-05,74.125.24.0-255,4320,9050,54,241638
4289,7.2e-05,172.31.46.0-255,66,9116,54,241638
4290,9.9e-05,74.125.24.0-255,5738,14854,54,241638
4291,0.000102,172.31.46.0-255,66,14920,54,241638
4292,0.000129,74.125.24.0-255,3500,18420,54,241638
4293,0.000131,172.31.46.0-255,66,18486,54,241638
4294,0.000147,172.31.46.0-255,66,18552,54,241638
4295,0.000151,74.125.24.0-255,2543,21095,54,241638
4296,0.000153,172.31.46.0-255,66,21161,54,241638
4297,0.000279,74.125.24.0-255,1484,22645,54,241638
4298,0.000284,172.31.46.0-255,66,22711,54,241638
4299,0.000312,74.125.24.0-255,2902,25613,54,241638
4300,0.000315,172.31.46.0-255,66,25679,54,241638
4301,0.00035,74.125.24.0-255,4320,29999,54,241638
4302,0.000354,172.31.46.0-255,66,30065,54,241638
4303,0.000372,74.125.24.0-255,5738,35803,54,241638
4304,0.000375,172.31.46.0-255,66,35869,54,241638
4305,0.000412,74.125.24.0-255,2543,38412,54,241638
4306,0.000415,172.31.46.0-255,66,38478,54,241638
4307,0.000419,74.125.24.0-255,2902,41380,54,241638
4308,0.000421,172.31.46.0-255,66,41446,54,241638
4309,0.000433,74.125.24.0-255,7156,48602,54,241638
4310,0.000436,172.31.46.0-255,66,48668,54,241638
4311,0.000476,74.125.24.0-255,6797,55465,54,241638
4312,0.000479,172.31.46.0-255,66,55531,54,241638
4313,0.000541,74.125.24.0-255,413,55944,54,241638
4314,0.000662,74.125.24.0-255,1484,57428,54,241638
4315,0.000667,172.31.46.0-255,66,57494,54,241638
4316,0.000673,74.125.24.0-255,2902,60396,54,241638
4317,0.000675,172.31.46.0-255,66,60462,54,241638
4318,0.000714,74.125.24.0-255,1484,61946,54,241638
4319,0.000756,74.125.24.0-255,1484,63430,54,241638
4320,0.000759,172.31.46.0-255,66,63496,54,241638
4321,0.000789,74.125.24.0-255,2902,66398,54,241638
4322,0.000792,172.31.46.0-255,66,66464,54,241638
4323,0.000798,74.125.24.0-255,5738,72202,54,241638
4324,0.0008,172.31.46.0-255,66,72268,54,241638
4325,0.000808,74.125.24.0-255,1484,73752,54,241638
4326,0.00085,172.31.46.0-255,66,73818,54,241638
4327,0.000855,74.125.24.0-255,2902,76720,54,241638
4328,0.000857,172.31.46.0-255,66,76786,54,241638
4329,0.000888,74.125.24.0-255,4320,81106,54,241638
4330,0.000892,172.31.46.0-255,66,81172,54,241638
4331,0.000895,74.125.24.0-255,1030,82202,54,241638
4332,0.001135,74.125.24.0-255,1484,83686,54,241638
4333,0.001141,172.31.46.0-255,66,83752,54,241638
4334,0.001148,74.125.24.0-255,2902,86654,54,241638
4335,0.00115,172.31.46.0-255,66,86720,54,241638
4336,0.001155,74.125.24.0-255,4320,91040,54,241638
4337,0.001162,172.31.46.0-255,66,91106,54,241638
4338,0.001192,74.125.24.0-255,1484,92590,54,241638
4339,0.001208,172.31.46.0-255,66,92656,54,241638
4340,0.001212,74.125.24.0-255,2902,95558,54,241638
4341,0.001214,172.31.46.0-255,66,95624,54,241638
4342,0.001259,172.31.46.0-255,66,95690,54,241638
4343,0.001585,74.125.24.0-255,1484,97174,54,241638
4344,0.001591,74.125.24.0-255,1484,98658,54,241638
4345,0.001595,172.31.46.0-255,66,98724,54,241638
4346,0.001616,74.125.24.0-255,1484,100208,54,241638
4347,0.001622,74.125.24.0-255,5738,105946,54,241638
4348,0.001625,172.31.46.0-255,66,106012,54,241638
4349,0.001628,74.125.24.0-255,1484,107496,54,241638
4350,0.001665,172.31.46.0-255,66,107562,54,241638
4351,0.001672,74.125.24.0-255,5738,113300,54,241638
4352,0.001674,172.31.46.0-255,66,113366,54,241638
4353,0.001718,74.125.24.0-255,2902,116268,54,241638
4354,0.00172,172.31.46.0-255,66,116334,54,241638
4355,0.001748,74.125.24.0-255,4320,120654,54,241638
4356,0.001751,172.31.46.0-255,66,120720,54,241638
4357,0.001754,74.125.24.0-255,766,121486,54,241638
4358,0.001793,74.125.24.0-255,1484,122970,54,241638
4359,0.001796,172.31.46.0-255,66,123036,54,241638
4360,0.001801,74.125.24.0-255,2902,125938,54,241638
4361,0.001803,172.31.46.0-255,66,126004,54,241638
4362,0.001825,74.125.24.0-255,5738,131742,54,241638
4363,0.001828,172.31.46.0-255,66,131808,54,241638
4364,0.001852,172.31.46.0-255,66,131874,54,241638
4365,0.001881,74.125.24.0-255,4320,136194,54,241638
4366,0.001883,172.31.46.0-255,66,136260,54,241638
4367,0.001901,172.31.46.0-255,66,136326,54,241638
4368,0.002,74.125.24.0-255,1484,137810,54,241638
4369,0.002006,74.125.24.0-255,2902,140712,54,241638
4370,0.00201,172.31.46.0-255,66,140778,54,241638
4371,0.002033,74.125.24.0-255,1484,142262,54,241638
4372,0.002036,74.125.24.0-255,1484,143746,54,241638
4373,0.002038,172.31.46.0-255,66,143812,54,241638
4374,0.002067,74.125.24.0-255,1484,145296,54,241638
4375,0.002074,74.125.24.0-255,5738,151034,54,241638
4376,0.002076,172.31.46.0-255,66,151100,54,241638
4377,0.002087,172.31.46.0-255,66,151166,54,241638
4378,0.002116,74.125.24.0-255,4320,155486,54,241638
4379,0.002119,172.31.46.0-255,66,155552,54,241638
4380,0.002123,74.125.24.0-255,2902,158454,54,241638
4381,0.002125,172.31.46.0-255,66,158520,54,241638
4382,0.002143,74.125.24.0-255,3602,162122,54,241638
4383,0.00215,172.31.46.0-255,66,162188,54,241638
4384,0.002322,74.125.24.0-255,1484,163672,54,241638
4385,0.002328,74.125.24.0-255,2902,166574,54,241638
4386,0.002331,172.31.46.0-255,66,166640,54,241638
4387,0.002366,74.125.24.0-255,5738,172378,54,241638
4388,0.002369,172.31.46.0-255,66,172444,54,241638
4389,0.002374,74.125.24.0-255,2902,175346,54,241638
4390,0.002376,172.31.46.0-255,66,175412,54,241638
4391,0.002423,172.31.46.0-255,66,175478,54,241638
4392,0.002433,172.31.46.0-255,66,175544,54,241638
4393,0.002442,74.125.24.0-255,2184,177728,54,241638
4394,0.002445,172.31.46.0-255,66,177794,54,241638
4395,0.004845,74.125.24.0-255,5738,183532,54,241638
4396,0.004858,172.31.46.0-255,66,183598,54,241638
4397,0.007204,74.125.24.0-255,5738,189336,54,241638
4398,0.007211,172.31.46.0-255,66,189402,54,241638
4399,0.009566,74.125.24.0-255,5738,195140,54,241638
4400,0.009571,172.31.46.0-255,66,195206,54,241638
4401,0.011936,74.125.24.0-255,5738,200944,54,241638
4402,0.011943,172.31.46.0-255,66,201010,54,241638
4403,0.014344,74.125.24.0-255,5738,206748,54,241638
4404,0.014351,172.31.46.0-255,66,206814,54,241638
4405,0.016732,74.125.24.0-255,5738,212552,54,241638
4406,0.01674,172.31.46.0-255,66,212618,54,241638
4407,0.019097,74.125.24.0-255,5738,218356,54,241638
4408,0.019106,172.31.46.0-255,66,218422,54,241638
4409,0.021505,74.125.24.0-255,5738,224160,54,241638
4410,0.02152,172.31.46.0-255,66,224226,54,241638
4411,0.023864,74.125.24.0-255,5738,229964,54,241638
4412,0.023876,172.31.46.0-255,66,230030,54,241638
4413,0.026271,74.125.24.0-255,5738,235768,54,241638
4414,0.026286,172.31.46.0-255,66,235834,54,241638
4415,0.028678,74.125.24.0-255,5738,241572,54,241638
4416,0.028689,172.31.46.0-255,66,241638,54,241638
4417,0.0,74.125.130.0-255,152,152,54,174626
4418,1.9e-05,172.31.46.0-255,66,218,54,174626
4419,3.9e-05,74.125.130.0-255,1484,1702,54,174626
4420,4.4e-05,172.31.46.0-255,66,1768,54,174626
4421,4.9e-05,74.125.130.0-255,2902,4670,54,174626
4422,5.2e-05,172.31.46.0-255,66,4736,54,174626
4423,7.7e-05,74.125.130.0-255,4320,9056,54,174626
4424,8e-05,172.31.46.0-255,66,9122,54,174626
4425,8.4e-05,74.125.130.0-255,2902,12024,54,174626
4426,8.6e-05,172.31.46.0-255,66,12090,54,174626
4427,0.000102,74.125.130.0-255,2083,14173,54,174626
4428,0.000105,172.31.46.0-255,66,14239,54,174626
4429,0.000117,74.125.130.0-255,1484,15723,54,174626
4430,0.000119,172.31.46.0-255,66,15789,54,174626
4431,0.000138,74.125.130.0-255,5738,21527,54,174626
4432,0.00014,172.31.46.0-255,66,21593,54,174626
4433,0.000177,74.125.130.0-255,2902,24495,54,174626
4434,0.000179,172.31.46.0-255,66,24561,54,174626
4435,0.000199,74.125.130.0-255,5738,30299,54,174626
4436,0.000202,172.31.46.0-255,66,30365,54,174626
4437,0.000246,74.125.130.0-255,1125,31490,54,174626
4438,0.000248,172.31.46.0-255,66,31556,54,174626
4439,0.001014,74.125.130.0-255,1484,33040,54,174626
4440,0.001021,172.31.46.0-255,66,33106,54,174626
4441,0.001032,74.125.130.0-255,2902,36008,54,174626
4442,0.001034,172.31.46.0-255,66,36074,54,174626
4443,0.001039,74.125.130.0-255,2902,38976,54,174626
4444,0.001041,172.31.46.0-255,66,39042,54,174626
4445,0.001059,74.125.130.0-255,1484,40526,54,174626
4446,0.001061,172.31.46.0-255,66,40592,54,174626
4447,0.001078,74.125.130.0-255,2902,43494,54,174626
4448,0.001081,172.31.46.0-255,66,43560,54,174626
4449,0.00111,74.125.130.0-255,6797,50357,54,174626
4450,0.001112,172.31.46.0-255,66,50423,54,174626
4451,0.001143,74.125.130.0-255,4320,54743,54,174626
4452,0.001145,172.31.46.0-255,66,54809,54,174626
4453,0.00116,74.125.130.0-255,5738,60547,54,174626
4454,0.001162,172.31.46.0-255,66,60613,54,174626
4455,0.001231,74.125.130.0-255,5669,66282,54,174626
4456,0.001236,172.31.46.0-255,66,66348,54,174626
4457,0.001326,74.125.130.0-255,366,66714,54,174626
4458,0.001824,74.125.130.0-255,1484,68198,54,174626
4459,0.00183,172.31.46.0-255,66,68264,54,174626
4460,0.001837,74.125.130.0-255,2902,71166,54,174626
4461,0.00184,172.31.46.0-255,66,71232,54,174626
4462,0.001844,74.125.130.0-255,2902,74134,54,174626
4463,0.001846,172.31.46.0-255,66,74200,54,174626
4464,0.001861,74.125.130.0-255,1484,75684,54,174626
4465,0.001877,74.125.130.0-255,2902,78586,54,174626
4466,0.00188,172.31.46.0-255,66,78652,54,174626
4467,0.001899,74.125.130.0-255,5738,84390,54,174626
4468,0.001901,172.31.46.0-255,66,84456,54,174626
4469,0.001944,74.125.130.0-255,4320,88776,54,174626
4470,0.001947,172.31.46.0-255,66,88842,54,174626
4471,0.001992,172.31.46.0-255,66,88908,54,174626
4472,0.00201,74.125.130.0-255,3602,92510,54,174626
4473,0.002013,172.31.46.0-255,66,92576,54,174626
4474,0.00207,74.125.130.0-255,2902,95478,54,174626
4475,0.002072,172.31.46.0-255,66,95544,54,174626
4476,0.002093,74.125.130.0-255,7156,102700,54,174626
4477,0.002095,172.31.46.0-255,66,102766,54,174626
4478,0.002156,74.125.130.0-255,1484,104250,54,174626
4479,0.002172,74.125.130.0-255,4320,108570,54,174626
4480,0.002174,172.31.46.0-255,66,108636,54,174626
4481,0.002205,172.31.46.0-255,66,108702,54,174626
4482,0.002348,74.125.130.0-255,3602,112304,54,174626
4483,0.002352,172.31.46.0-255,66,112370,54,174626
4484,0.002577,74.125.130.0-255,1484,113854,54,174626
4485,0.004892,74.125.130.0-255,4320,118174,54,174626
4486,0.004903,172.31.46.0-255,66,118240,54,174626
4487,0.007464,74.125.130.0-255,5738,123978,54,174626
4488,0.007472,172.31.46.0-255,66,124044,54,174626
4489,0.010035,74.125.130.0-255,5738,129782,54,174626
4490,0.010047,172.31.46.0-255,66,129848,54,174626
4491,0.012605,74.125.130.0-255,1484,131332,54,174626
4492,0.012634,74.125.130.0-255,4320,135652,54,174626
4493,0.012641,172.31.46.0-255,66,135718,54,174626
4494,0.015199,74.125.130.0-255,5738,141456,54,174626
4495,0.015212,172.31.46.0-255,66,141522,54,174626
4496,0.017786,74.125.130.0-255,5738,147260,54,174626
4497,0.017805,172.31.46.0-255,66,147326,54,174626
4498,0.020382,74.125.130.0-255,5738,153064,54,174626
4499,0.020397,172.31.46.0-255,66,153130,54,174626
4500,0.02295,74.125.130.0-255,5738,158868,54,174626
4501,0.02296,172.31.46.0-255,66,158934,54,174626
4502,0.025529,74.125.130.0-255,5738,164672,54,174626
4503,0.025542,172.31.46.0-255,66,164738,54,174626
4504,0.0281,74.125.130.0-255,5738,170476,54,174626
4505,0.028113,172.31.46.0-255,66,170542,54,174626
4506,0.029896,172.31.46.0-255,172,170714,54,174626
4507,0.02993,172.31.46.0-255,1119,171833,54,174626
4508,0.029992,172.31.46.0-255,1514,173347,54,174626
4509,0.029994,172.31.46.0-255,1279,174626,54,174626
4510,0.0,172.31.46.0-255,105,105,54,276
4511,0.001796,157.240.13.0-255,105,210,54,276
4512,0.001808,172.31.46.0-255,66,276,54,276
4513,0.0,74.125.24.0-255,145,145,54,182269
4514,2.3e-05,172.31.46.0-255,66,211,54,182269
4515,3e-05,74.125.24.0-255,1484,1695,54,182269
4516,3.4e-05,172.31.46.0-255,66,1761,54,182269
4517,4.9e-05,74.125.24.0-255,2902,4663,54,182269
4518,5.3e-05,172.31.46.0-255,66,4729,54,182269
4519,6e-05,74.125.24.0-255,5738,10467,54,182269
4520,6.4e-05,172.31.46.0-255,66,10533,54,182269
4521,6.9e-05,74.125.24.0-255,3524,14057,54,182269
4522,7.2e-05,172.31.46.0-255,66,14123,54,182269
4523,0.00075,74.125.24.0-255,1484,15607,54,182269
4524,0.000757,172.31.46.0-255,66,15673,54,182269
4525,0.000767,74.125.24.0-255,2902,18575,54,182269
4526,0.000769,172.31.46.0-255,66,18641,54,182269
4527,0.000783,74.125.24.0-255,5738,24379,54,182269
4528,0.000785,172.31.46.0-255,66,24445,54,182269
4529,0.000788,74.125.24.0-255,1484,25929,54,182269
4530,0.00079,172.31.46.0-255,66,25995,54,182269
4531,0.000853,172.31.46.0-255,66,26061,54,182269
4532,0.000858,74.125.24.0-255,2902,28963,54,182269
4533,0.00086,172.31.46.0-255,66,29029,54,182269
4534,0.000903,172.31.46.0-255,66,29095,54,182269
4535,0.000917,172.31.46.0-255,66,29161,54,182269
4536,0.000919,74.125.24.0-255,766,29927,54,182269
4537,0.000921,172.31.46.0-255,66,29993,54,182269
4538,0.000966,74.125.24.0-255,360,30353,54,182269
4539,0.000968,172.31.46.0-255,66,30419,54,182269
4540,0.001446,74.125.24.0-255,132,30551,54,182269
4541,0.001453,172.31.46.0-255,66,30617,54,182269
4542,0.001477,74.125.24.0-255,1484,32101,54,182269
4543,0.001485,74.125.24.0-255,2902,35003,54,182269
4544,0.001502,74.125.24.0-255,4320,39323,54,182269
4545,0.001513,74.125.24.0-255,1484,40807,54,182269
4546,0.001519,74.125.24.0-255,4320,45127,54,182269
4547,0.001565,74.125.24.0-255,2184,47311,54,182269
4548,0.001636,74.125.24.0-255,1484,48795,54,182269
4549,0.001641,74.125.24.0-255,2902,51697,54,182269
4550,0.001674,74.125.24.0-255,2902,54599,54,182269
4551,0.001692,74.125.24.0-255,2902,57501,54,182269
4552,0.001843,74.125.24.0-255,1484,58985,54,182269
4553,0.001845,74.125.24.0-255,1484,60469,54,182269
4554,0.001856,74.125.24.0-255,1484,61953,54,182269
4555,0.001878,74.125.24.0-255,5738,67691,54,182269
4556,0.00189,74.125.24.0-255,2902,70593,54,182269
4557,0.001912,74.125.24.0-255,7156,77749,54,182269
4558,0.001917,74.125.24.0-255,5738,83487,54,182269
4559,0.00194,74.125.24.0-255,5738,89225,54,182269
4560,0.001962,74.125.24.0-255,1484,90709,54,182269
4561,0.001971,74.125.24.0-255,766,91475,54,182269
4562,0.001994,74.125.24.0-255,1484,92959,54,182269
4563,0.002006,74.125.24.0-255,1484,94443,54,182269
4564,0.002022,74.125.24.0-255,2902,97345,54,182269
4565,0.002028,74.125.24.0-255,5738,103083,54,182269
4566,0.002049,74.125.24.0-255,4320,107403,54,182269
4567,0.002052,74.125.24.0-255,2902,110305,54,182269
4568,0.002065,74.125.24.0-255,2902,113207,54,182269
4569,0.002099,74.125.24.0-255,766,113973,54,182269
4570,0.002243,74.125.24.0-255,1484,115457,54,182269
4571,0.002259,74.125.24.0-255,2902,118359,54,182269
4572,0.00227,74.125.24.0-255,1484,119843,54,182269
4573,0.002284,74.125.24.0-255,4320,124163,54,182269
4574,0.00377,172.31.46.0-255,66,124229,54,182269
4575,0.006082,74.125.24.0-255,5738,129967,54,182269
4576,0.006092,172.31.46.0-255,66,130033,54,182269
4577,0.008389,74.125.24.0-255,5738,135771,54,182269
4578,0.009837,172.31.46.0-255,66,135837,54,182269
4579,0.01216,74.125.24.0-255,5738,141575,54,182269
4580,0.012176,172.31.46.0-255,66,141641,54,182269
4581,0.014452,74.125.24.0-255,5738,147379,54,182269
4582,0.014459,172.31.46.0-255,66,147445,54,182269
4583,0.016742,74.125.24.0-255,5738,153183,54,182269
4584,0.01675,172.31.46.0-255,66,153249,54,182269
4585,0.019038,74.125.24.0-255,5738,158987,54,182269
4586,0.019049,172.31.46.0-255,66,159053,54,182269
4587,0.021332,74.125.24.0-255,5738,164791,54,182269
4588,0.021698,172.31.46.0-255,66,164857,54,182269
4589,0.024003,74.125.24.0-255,5738,170595,54,182269
4590,0.024012,172.31.46.0-255,66,170661,54,182269
4591,0.026279,74.125.24.0-255,5738,176399,54,182269
4592,0.026286,172.31.46.0-255,66,176465,54,182269
4593,0.028581,74.125.24.0-255,5738,182203,54,182269
4594,0.028589,172.31.46.0-255,66,182269,54,182269
4595,0.0,172.217.194.0-255,153,153,54,239092
4596,2.1e-05,172.31.46.0-255,66,219,54,239092
4597,2.7e-05,172.217.194.0-255,1484,1703,54,239092
4598,3.1e-05,172.31.46.0-255,66,1769,54,239092
4599,3.6e-05,172.217.194.0-255,2902,4671,54,239092
4600,4e-05,172.31.46.0-255,66,4737,54,239092
4601,5.4e-05,172.217.194.0-255,7156,11893,54,239092
4602,5.8e-05,172.31.46.0-255,66,11959,54,239092
4603,8.3e-05,172.217.194.0-255,5738,17697,54,239092
4604,8.6e-05,172.31.46.0-255,66,17763,54,239092
4605,0.000121,172.31.46.0-255,66,17829,54,239092
4606,0.000125,172.217.194.0-255,2543,20372,54,239092
4607,0.000127,172.31.46.0-255,66,20438,54,239092
4608,0.000346,172.217.194.0-255,1484,21922,54,239092
4609,0.00035,172.31.46.0-255,66,21988,54,239092
4610,0.000356,172.217.194.0-255,2902,24890,54,239092
4611,0.000357,172.31.46.0-255,66,24956,54,239092
4612,0.000363,172.217.194.0-255,5738,30694,54,239092
4613,0.00037,172.31.46.0-255,66,30760,54,239092
4614,0.000401,172.217.194.0-255,1484,32244,54,239092
4615,0.000403,172.31.46.0-255,66,32310,54,239092
4616,0.000429,172.31.46.0-255,66,32376,54,239092
4617,0.000441,172.31.46.0-255,66,32442,54,239092
4618,0.000443,172.217.194.0-255,1125,33567,54,239092
4619,0.000448,172.31.46.0-255,66,33633,54,239092
4620,0.000594,172.217.194.0-255,646,34279,54,239092
4621,0.000598,172.31.46.0-255,66,34345,54,239092
4622,0.000644,172.217.194.0-255,1484,35829,54,239092
4623,0.000647,172.31.46.0-255,66,35895,54,239092
4624,0.000665,172.217.194.0-255,2902,38797,54,239092
4625,0.000668,172.217.194.0-255,1484,40281,54,239092
4626,0.00068,172.31.46.0-255,66,40347,54,239092
4627,0.000695,172.217.194.0-255,4320,44667,54,239092
4628,0.0007,172.217.194.0-255,4320,48987,54,239092
4629,0.000715,172.217.194.0-255,2543,51530,54,239092
4630,0.000721,172.31.46.0-255,66,51596,54,239092
4631,0.000747,172.217.194.0-255,7156,58752,54,239092
4632,0.00075,172.217.194.0-255,1484,60236,54,239092
4633,0.000755,172.31.46.0-255,66,60302,54,239092
4634,0.000802,172.217.194.0-255,1484,61786,54,239092
4635,0.000818,172.217.194.0-255,6797,68583,54,239092
4636,0.000837,172.31.46.0-255,66,68649,54,239092
4637,0.000859,172.217.194.0-255,1484,70133,54,239092
4638,0.000868,172.217.194.0-255,1484,71617,54,239092
4639,0.000879,172.217.194.0-255,1484,73101,54,239092
4640,0.000881,172.217.194.0-255,1484,74585,54,239092
4641,0.000889,172.31.46.0-255,66,74651,54,239092
4642,0.000914,172.217.194.0-255,4320,78971,54,239092
4643,0.000919,172.217.194.0-255,4320,83291,54,239092
4644,0.00093,172.217.194.0-255,4320,87611,54,239092
4645,0.000942,172.217.194.0-255,2902,90513,54,239092
4646,0.000959,172.217.194.0-255,5738,96251,54,239092
4647,0.000962,172.31.46.0-255,66,96317,54,239092
4648,0.000966,172.31.46.0-255,66,96383,54,239092
4649,0.000988,172.217.194.0-255,6438,102821,54,239092
4650,0.001005,172.217.194.0-255,4320,107141,54,239092
4651,0.001013,172.31.46.0-255,66,107207,54,239092
4652,0.001021,172.217.194.0-255,2902,110109,54,239092
4653,0.001024,172.217.194.0-255,2902,113011,54,239092
4654,0.001029,172.31.46.0-255,66,113077,54,239092
4655,0.001046,172.217.194.0-255,5738,118815,54,239092
4656,0.00106,172.31.46.0-255,66,118881,54,239092
4657,0.001138,172.217.194.0-255,2184,121065,54,239092
4658,0.001142,172.217.194.0-255,2902,123967,54,239092
4659,0.001148,172.217.194.0-255,7156,131123,54,239092
4660,0.00116,172.217.194.0-255,1484,132607,54,239092
4661,0.001162,172.31.46.0-255,66,132673,54,239092
4662,0.001201,172.31.46.0-255,66,132739,54,239092
4663,0.001234,172.31.46.0-255,66,132805,54,239092
4664,0.001256,172.217.194.0-255,1484,134289,54,239092
4665,0.001278,172.217.194.0-255,2902,137191,54,239092
4666,0.001296,172.31.46.0-255,66,137257,54,239092
4667,0.001302,172.217.194.0-255,5738,142995,54,239092
4668,0.001305,172.217.194.0-255,1484,144479,54,239092
4669,0.001309,172.31.46.0-255,66,144545,54,239092
4670,0.001351,172.31.46.0-255,66,144611,54,239092
4671,0.001381,172.217.194.0-255,5738,150349,54,239092
4672,0.001391,172.31.46.0-255,66,150415,54,239092
4673,0.00142,172.31.46.0-255,66,150481,54,239092
4674,0.001549,172.217.194.0-255,1484,151965,54,239092
4675,0.001553,172.217.194.0-255,2902,154867,54,239092
4676,0.001563,172.31.46.0-255,66,154933,54,239092
4677,0.001566,172.217.194.0-255,1484,156417,54,239092
4678,0.00159,172.217.194.0-255,4320,160737,54,239092
4679,0.001598,172.31.46.0-255,66,160803,54,239092
4680,0.001643,172.217.194.0-255,2902,163705,54,239092
4681,0.001652,172.31.46.0-255,66,163771,54,239092
4682,0.001657,172.31.46.0-255,66,163837,54,239092
4683,0.001682,172.217.194.0-255,2184,166021,54,239092
4684,0.001687,172.217.194.0-255,2902,168923,54,239092
4685,0.001694,172.31.46.0-255,66,168989,54,239092
4686,0.001723,172.217.194.0-255,7156,176145,54,239092
4687,0.001728,172.217.194.0-255,4320,180465,54,239092
4688,0.001742,172.31.46.0-255,66,180531,54,239092
4689,0.001775,172.31.46.0-255,66,180597,54,239092
4690,0.001801,172.217.194.0-255,1484,182081,54,239092
4691,0.00184,172.31.46.0-255,66,182147,54,239092
4692,0.001864,172.217.194.0-255,2902,185049,54,239092
4693,0.001868,172.31.46.0-255,66,185115,54,239092
4694,0.001909,172.217.194.0-255,766,185881,54,239092
4695,0.001914,172.31.46.0-255,66,185947,54,239092
4696,0.002053,172.217.194.0-255,1484,187431,54,239092
4697,0.002057,172.217.194.0-255,2902,190333,54,239092
4698,0.002063,172.217.194.0-255,5738,196071,54,239092
4699,0.002097,172.217.194.0-255,7156,203227,54,239092
4700,0.002103,172.31.46.0-255,66,203293,54,239092
4701,0.002121,172.217.194.0-255,2902,206195,54,239092
4702,0.002133,172.31.46.0-255,78,206273,54,239092
4703,0.002137,172.217.194.0-255,2902,209175,54,239092
4704,0.00214,172.217.194.0-255,1484,210659,54,239092
4705,0.002144,172.217.194.0-255,2902,213561,54,239092
4706,0.002149,172.217.194.0-255,5738,219299,54,239092
4707,0.002151,172.217.194.0-255,1484,220783,54,239092
4708,0.002162,172.31.46.0-255,66,220849,54,239092
4709,0.002217,172.217.194.0-255,2902,223751,54,239092
4710,0.002222,172.31.46.0-255,66,223817,54,239092
4711,0.002231,172.217.194.0-255,4320,228137,54,239092
4712,0.002257,172.31.46.0-255,66,228203,54,239092
4713,0.002268,172.217.194.0-255,3317,231520,54,239092
4714,0.002291,172.31.46.0-255,66,231586,54,239092
4715,0.002301,172.217.194.0-255,105,231691,54,239092
4716,0.003473,172.31.46.0-255,101,231792,54,239092
4717,0.004119,172.217.194.0-255,2902,234694,54,239092
4718,0.004124,172.31.46.0-255,78,234772,54,239092
4719,0.004275,172.31.46.0-255,105,234877,54,239092
4720,0.005437,172.217.194.0-255,66,234943,54,239092
4721,0.006243,172.217.194.0-255,66,235009,54,239092
4722,0.029023,172.31.46.0-255,172,235181,54,239092
4723,0.029062,172.31.46.0-255,1119,236300,54,239092
4724,0.029114,172.31.46.0-255,1514,237814,54,239092
4725,0.029115,172.31.46.0-255,1278,239092,54,239092
4726,0.0,74.125.24.0-255,152,152,54,167826
4727,1.6e-05,172.31.46.0-255,66,218,54,167826
4728,2.2e-05,74.125.24.0-255,1484,1702,54,167826
4729,2.7e-05,172.31.46.0-255,66,1768,54,167826
4730,3.3e-05,74.125.24.0-255,2902,4670,54,167826
4731,4.3e-05,172.31.46.0-255,66,4736,54,167826
4732,5.1e-05,74.125.24.0-255,7156,11892,54,167826
4733,5.5e-05,172.31.46.0-255,66,11958,54,167826
4734,8.8e-05,74.125.24.0-255,1983,13941,54,167826
4735,9.2e-05,172.31.46.0-255,66,14007,54,167826
4736,0.000165,74.125.24.0-255,1484,15491,54,167826
4737,0.000169,172.31.46.0-255,66,15557,54,167826
4738,0.000196,74.125.24.0-255,2902,18459,54,167826
4739,0.000199,172.31.46.0-255,66,18525,54,167826
4740,0.000206,74.125.24.0-255,5738,24263,54,167826
4741,0.000208,172.31.46.0-255,66,24329,54,167826
4742,0.000256,74.125.24.0-255,6797,31126,54,167826
4743,0.000259,172.31.46.0-255,66,31192,54,167826
4744,0.000608,74.125.24.0-255,1484,32676,54,167826
4745,0.000613,74.125.24.0-255,2902,35578,54,167826
4746,0.000625,172.31.46.0-255,66,35644,54,167826
4747,0.000628,172.31.46.0-255,66,35710,54,167826
4748,0.000634,74.125.24.0-255,4320,40030,54,167826
4749,0.000637,172.31.46.0-255,66,40096,54,167826
4750,0.000648,74.125.24.0-255,5738,45834,54,167826
4751,0.00065,172.31.46.0-255,66,45900,54,167826
4752,0.000682,74.125.24.0-255,2902,48802,54,167826
4753,0.000685,172.31.46.0-255,66,48868,54,167826
4754,0.000723,172.31.46.0-255,66,48934,54,167826
4755,0.000751,74.125.24.0-255,7109,56043,54,167826
4756,0.000755,172.31.46.0-255,66,56109,54,167826
4757,0.000758,74.125.24.0-255,111,56220,54,167826
4758,0.000847,74.125.24.0-255,1484,57704,54,167826
4759,0.000851,172.31.46.0-255,66,57770,54,167826
4760,0.000856,74.125.24.0-255,2902,60672,54,167826
4761,0.000858,172.31.46.0-255,66,60738,54,167826
4762,0.000889,74.125.24.0-255,5738,66476,54,167826
4763,0.000892,172.31.46.0-255,66,66542,54,167826
4764,0.000899,74.125.24.0-255,5738,72280,54,167826
4765,0.000901,172.31.46.0-255,66,72346,54,167826
4766,0.000944,172.31.46.0-255,66,72412,54,167826
4767,0.000969,74.125.24.0-255,3961,76373,54,167826
4768,0.000971,172.31.46.0-255,66,76439,54,167826
4769,0.000975,74.125.24.0-255,329,76768,54,167826
4770,0.001463,172.31.46.0-255,66,76834,54,167826
4771,0.002174,74.125.24.0-255,1484,78318,54,167826
4772,0.002185,74.125.24.0-255,2902,81220,54,167826
4773,0.00219,172.31.46.0-255,66,81286,54,167826
4774,0.002198,74.125.24.0-255,5738,87024,54,167826
4775,0.0022,172.31.46.0-255,66,87090,54,167826
4776,0.00223,74.125.24.0-255,7156,94246,54,167826
4777,0.002232,172.31.46.0-255,66,94312,54,167826
4778,0.002246,172.31.46.0-255,66,94378,54,167826
4779,0.002276,74.125.24.0-255,1484,95862,54,167826
4780,0.002281,74.125.24.0-255,2184,98046,54,167826
4781,0.002283,172.31.46.0-255,66,98112,54,167826
4782,0.004514,74.125.24.0-255,1484,99596,54,167826
4783,0.004539,74.125.24.0-255,4320,103916,54,167826
4784,0.004543,172.31.46.0-255,66,103982,54,167826
4785,0.006814,74.125.24.0-255,5738,109720,54,167826
4786,0.006818,172.31.46.0-255,66,109786,54,167826
4787,0.009074,74.125.24.0-255,5738,115524,54,167826
4788,0.00908,172.31.46.0-255,66,115590,54,167826
4789,0.011387,74.125.24.0-255,5738,121328,54,167826
4790,0.011395,172.31.46.0-255,66,121394,54,167826
4791,0.01368,74.125.24.0-255,5738,127132,54,167826
4792,0.013691,172.31.46.0-255,66,127198,54,167826
4793,0.015959,74.125.24.0-255,5738,132936,54,167826
4794,0.015966,172.31.46.0-255,66,133002,54,167826
4795,0.018239,74.125.24.0-255,5738,138740,54,167826
4796,0.018247,172.31.46.0-255,66,138806,54,167826
4797,0.020529,74.125.24.0-255,5738,144544,54,167826
4798,0.020534,172.31.46.0-255,66,144610,54,167826
4799,0.022821,74.125.24.0-255,5738,150348,54,167826
4800,0.022829,172.31.46.0-255,66,150414,54,167826
4801,0.025111,74.125.24.0-255,5738,156152,54,167826
4802,0.025119,172.31.46.0-255,66,156218,54,167826
4803,0.027421,74.125.24.0-255,5738,161956,54,167826
4804,0.027428,172.31.46.0-255,66,162022,54,167826
4805,0.029734,74.125.24.0-255,5738,167760,54,167826
4806,0.029742,172.31.46.0-255,66,167826,54,167826
4807,0.0,172.217.194.0-255,153,153,54,136161
4808,2.6e-05,172.31.46.0-255,66,219,54,136161
4809,3.4e-05,172.217.194.0-255,1484,1703,54,136161
4810,3.9e-05,172.31.46.0-255,66,1769,54,136161
4811,4.5e-05,172.217.194.0-255,2902,4671,54,136161
4812,4.9e-05,172.31.46.0-255,66,4737,54,136161
4813,5.6e-05,172.217.194.0-255,5738,10475,54,136161
4814,6e-05,172.31.46.0-255,66,10541,54,136161
4815,8.6e-05,172.217.194.0-255,3508,14049,54,136161
4816,8.9e-05,172.31.46.0-255,66,14115,54,136161
4817,0.000462,172.217.194.0-255,1484,15599,54,136161
4818,0.000468,172.31.46.0-255,66,15665,54,136161
4819,0.000475,172.217.194.0-255,2902,18567,54,136161
4820,0.000477,172.31.46.0-255,66,18633,54,136161
4821,0.000483,172.217.194.0-255,5738,24371,54,136161
4822,0.000486,172.31.46.0-255,66,24437,54,136161
4823,0.000494,172.217.194.0-255,6797,31234,54,136161
4824,0.000496,172.31.46.0-255,66,31300,54,136161
4825,0.000813,172.217.194.0-255,1484,32784,54,136161
4826,0.000819,172.31.46.0-255,66,32850,54,136161
4827,0.000828,172.217.194.0-255,2902,35752,54,136161
4828,0.00083,172.31.46.0-255,66,35818,54,136161
4829,0.000837,172.217.194.0-255,5738,41556,54,136161
4830,0.000839,172.31.46.0-255,66,41622,54,136161
4831,0.000845,172.217.194.0-255,4320,45942,54,136161
4832,0.000847,172.31.46.0-255,66,46008,54,136161
4833,0.000868,172.217.194.0-255,2543,48551,54,136161
4834,0.00087,172.31.46.0-255,66,48617,54,136161
4835,0.000874,172.217.194.0-255,2902,51519,54,136161
4836,0.000877,172.31.46.0-255,66,51585,54,136161
4837,0.000902,172.31.46.0-255,66,51651,54,136161
4838,0.000907,172.217.194.0-255,2543,54194,54,136161
4839,0.001976,172.217.194.0-255,645,54839,54,136161
4840,0.001999,172.217.194.0-255,1484,56323,54,136161
4841,0.002015,172.217.194.0-255,4320,60643,54,136161
4842,0.002036,172.217.194.0-255,4320,64963,54,136161
4843,0.002047,172.217.194.0-255,1484,66447,54,136161
4844,0.005148,172.31.46.0-255,66,66513,54,136161
4845,0.007166,172.217.194.0-255,5738,72251,54,136161
4846,0.007175,172.31.46.0-255,66,72317,54,136161
4847,0.009188,172.217.194.0-255,5738,78055,54,136161
4848,0.0092,172.31.46.0-255,66,78121,54,136161
4849,0.011221,172.217.194.0-255,5738,83859,54,136161
4850,0.011231,172.31.46.0-255,66,83925,54,136161
4851,0.013234,172.217.194.0-255,5738,89663,54,136161
4852,0.013246,172.31.46.0-255,66,89729,54,136161
4853,0.015267,172.217.194.0-255,5738,95467,54,136161
4854,0.015281,172.31.46.0-255,66,95533,54,136161
4855,0.017297,172.217.194.0-255,5738,101271,54,136161
4856,0.01731,172.31.46.0-255,66,101337,54,136161
4857,0.019322,172.217.194.0-255,5738,107075,54,136161
4858,0.019331,172.31.46.0-255,66,107141,54,136161
4859,0.021365,172.217.194.0-255,5738,112879,54,136161
4860,0.021373,172.31.46.0-255,66,112945,54,136161
4861,0.023376,172.217.194.0-255,5738,118683,54,136161
4862,0.023384,172.31.46.0-255,66,118749,54,136161
4863,0.025399,172.217.194.0-255,5738,124487,54,136161
4864,0.025413,172.31.46.0-255,66,124553,54,136161
4865,0.027425,172.217.194.0-255,5738,130291,54,136161
4866,0.027434,172.31.46.0-255,66,130357,54,136161
4867,0.029459,172.217.194.0-255,5738,136095,54,136161
4868,0.02947,172.31.46.0-255,66,136161,54,136161
4869,0.0,74.125.24.0-255,153,153,54,206248
4870,1.9e-05,172.31.46.0-255,66,219,54,206248
4871,2.4e-05,74.125.24.0-255,1484,1703,54,206248
4872,2.8e-05,172.31.46.0-255,66,1769,54,206248
4873,3.3e-05,74.125.24.0-255,2902,4671,54,206248
4874,3.5e-05,172.31.46.0-255,66,4737,54,206248
4875,5.4e-05,74.125.24.0-255,7156,11893,54,206248
4876,5.6e-05,172.31.46.0-255,66,11959,54,206248
4877,7.7e-05,74.125.24.0-255,2101,14060,54,206248
4878,7.9e-05,172.31.46.0-255,66,14126,54,206248
4879,9.7e-05,74.125.24.0-255,4320,18446,54,206248
4880,9.9e-05,172.31.46.0-255,66,18512,54,206248
4881,0.000128,74.125.24.0-255,7156,25668,54,206248
4882,0.00013,172.31.46.0-255,66,25734,54,206248
4883,0.00014,172.31.46.0-255,66,25800,54,206248
4884,0.000156,74.125.24.0-255,2902,28702,54,206248
4885,0.000158,172.31.46.0-255,66,28768,54,206248
4886,0.000178,74.125.24.0-255,5738,34506,54,206248
4887,0.000181,172.31.46.0-255,66,34572,54,206248
4888,0.000199,74.125.24.0-255,5020,39592,54,206248
4889,0.000201,172.31.46.0-255,66,39658,54,206248
4890,0.00021,172.31.46.0-255,66,39724,54,206248
4891,0.000233,74.125.24.0-255,2902,42626,54,206248
4892,0.000236,172.31.46.0-255,66,42692,54,206248
4893,0.000241,74.125.24.0-255,5690,48382,54,206248
4894,0.000244,172.31.46.0-255,66,48448,54,206248
4895,0.000501,74.125.24.0-255,111,48559,54,206248
4896,0.000505,172.31.46.0-255,66,48625,54,206248
4897,0.00057,74.125.24.0-255,1484,50109,54,206248
4898,0.000573,172.31.46.0-255,66,50175,54,206248
4899,0.000578,74.125.24.0-255,2902,53077,54,206248
4900,0.000579,172.31.46.0-255,66,53143,54,206248
4901,0.000599,74.125.24.0-255,2902,56045,54,206248
4902,0.000601,172.31.46.0-255,66,56111,54,206248
4903,0.000626,74.125.24.0-255,2902,59013,54,206248
4904,0.000629,172.31.46.0-255,66,59079,54,206248
4905,0.000635,74.125.24.0-255,6797,65876,54,206248
4906,0.000637,172.31.46.0-255,66,65942,54,206248
4907,0.000684,172.31.46.0-255,66,66008,54,206248
4908,0.0007,74.125.24.0-255,1484,67492,54,206248
4909,0.000717,74.125.24.0-255,2808,70300,54,206248
4910,0.00072,172.31.46.0-255,66,70366,54,206248
4911,0.001357,74.125.24.0-255,1484,71850,54,206248
4912,0.001367,74.125.24.0-255,2902,74752,54,206248
4913,0.001371,172.31.46.0-255,66,74818,54,206248
4914,0.001379,74.125.24.0-255,5738,80556,54,206248
4915,0.001381,172.31.46.0-255,66,80622,54,206248
4916,0.001417,172.31.46.0-255,66,80688,54,206248
4917,0.001436,74.125.24.0-255,5738,86426,54,206248
4918,0.001439,172.31.46.0-255,66,86492,54,206248
4919,0.001456,74.125.24.0-255,5020,91512,54,206248
4920,0.001459,172.31.46.0-255,66,91578,54,206248
4921,0.001564,74.125.24.0-255,1484,93062,54,206248
4922,0.00157,74.125.24.0-255,2902,95964,54,206248
4923,0.001573,172.31.46.0-255,66,96030,54,206248
4924,0.001579,74.125.24.0-255,4320,100350,54,206248
4925,0.001581,172.31.46.0-255,66,100416,54,206248
4926,0.001595,74.125.24.0-255,1484,101900,54,206248
4927,0.0016,74.125.24.0-255,4320,106220,54,206248
4928,0.001602,172.31.46.0-255,66,106286,54,206248
4929,0.001627,74.125.24.0-255,5738,112024,54,206248
4930,0.001629,172.31.46.0-255,66,112090,54,206248
4931,0.001665,74.125.24.0-255,4320,116410,54,206248
4932,0.001667,172.31.46.0-255,66,116476,54,206248
4933,0.001688,172.31.46.0-255,66,116542,54,206248
4934,0.001947,74.125.24.0-255,1484,118026,54,206248
4935,0.001964,74.125.24.0-255,2902,120928,54,206248
4936,0.001967,172.31.46.0-255,66,120994,54,206248
4937,0.00197,74.125.24.0-255,1484,122478,54,206248
4938,0.001987,74.125.24.0-255,4320,126798,54,206248
4939,0.001989,172.31.46.0-255,66,126864,54,206248
4940,0.001993,74.125.24.0-255,2902,129766,54,206248
4941,0.001995,172.31.46.0-255,66,129832,54,206248
4942,0.002005,74.125.24.0-255,1484,131316,54,206248
4943,0.002019,74.125.24.0-255,5738,137054,54,206248
4944,0.002021,172.31.46.0-255,66,137120,54,206248
4945,0.002037,74.125.24.0-255,2902,140022,54,206248
4946,0.002039,172.31.46.0-255,66,140088,54,206248
4947,0.002049,172.31.46.0-255,66,140154,54,206248
4948,0.002061,74.125.24.0-255,2184,142338,54,206248
4949,0.002063,172.31.46.0-255,66,142404,54,206248
4950,0.004401,74.125.24.0-255,5738,148142,54,206248
4951,0.004409,172.31.46.0-255,66,148208,54,206248
4952,0.006772,74.125.24.0-255,5738,153946,54,206248
4953,0.006778,172.31.46.0-255,66,154012,54,206248
4954,0.009125,74.125.24.0-255,5738,159750,54,206248
4955,0.009132,172.31.46.0-255,66,159816,54,206248
4956,0.011487,74.125.24.0-255,5738,165554,54,206248
4957,0.011494,172.31.46.0-255,66,165620,54,206248
4958,0.013849,74.125.24.0-255,5738,171358,54,206248
4959,0.013863,172.31.46.0-255,66,171424,54,206248
4960,0.016192,74.125.24.0-255,5738,177162,54,206248
4961,0.016198,172.31.46.0-255,66,177228,54,206248
4962,0.018549,74.125.24.0-255,5738,182966,54,206248
4963,0.018557,172.31.46.0-255,66,183032,54,206248
4964,0.020908,74.125.24.0-255,5738,188770,54,206248
4965,0.020916,172.31.46.0-255,66,188836,54,206248
4966,0.02327,74.125.24.0-255,5738,194574,54,206248
4967,0.023278,172.31.46.0-255,66,194640,54,206248
4968,0.02564,74.125.24.0-255,5738,200378,54,206248
4969,0.025651,172.31.46.0-255,66,200444,54,206248
4970,0.027979,74.125.24.0-255,5738,206182,54,206248
4971,0.027987,172.31.46.0-255,66,206248,54,206248
4972,0.0,74.125.24.0-255,294,294,54,186870
4973,1.6e-05,172.31.46.0-255,66,360,54,186870
4974,2.2e-05,74.125.24.0-255,1484,1844,54,186870
4975,2.7e-05,172.31.46.0-255,66,1910,54,186870
4976,3.4e-05,74.125.24.0-255,4320,6230,54,186870
4977,3.7e-05,172.31.46.0-255,66,6296,54,186870
4978,4.3e-05,74.125.24.0-255,4320,10616,54,186870
4979,4.6e-05,172.31.46.0-255,66,10682,54,186870
4980,7.9e-05,74.125.24.0-255,4745,15427,54,186870
4981,8.2e-05,172.31.46.0-255,66,15493,54,186870
4982,8.9e-05,74.125.24.0-255,7156,22649,54,186870
4983,9.1e-05,172.31.46.0-255,66,22715,54,186870
4984,0.000112,74.125.24.0-255,7156,29871,54,186870
4985,0.000114,172.31.46.0-255,66,29937,54,186870
4986,0.000134,74.125.24.0-255,1125,31062,54,186870
4987,0.000137,172.31.46.0-255,66,31128,54,186870
4988,0.000168,74.125.24.0-255,2902,34030,54,186870
4989,0.000171,172.31.46.0-255,66,34096,54,186870
4990,0.000174,172.31.46.0-255,66,34162,54,186870
4991,0.000188,74.125.24.0-255,1484,35646,54,186870
4992,0.000191,172.31.46.0-255,66,35712,54,186870
4993,0.000205,74.125.24.0-255,3961,39673,54,186870
4994,0.000208,172.31.46.0-255,66,39739,54,186870
4995,0.000946,74.125.24.0-255,1484,41223,54,186870
4996,0.000954,172.31.46.0-255,66,41289,54,186870
4997,0.000963,74.125.24.0-255,2902,44191,54,186870
4998,0.000965,172.31.46.0-255,66,44257,54,186870
4999,0.000971,74.125.24.0-255,5738,49995,54,186870
5000,0.000973,172.31.46.0-255,66,50061,54,186870
5001,0.000977,74.125.24.0-255,1484,51545,54,186870
5002,0.000979,172.31.46.0-255,66,51611,54,186870
5003,0.001002,74.125.24.0-255,5379,56990,54,186870
5004,0.001004,172.31.46.0-255,66,57056,54,186870
5005,0.001036,172.31.46.0-255,66,57122,54,186870
5006,0.001041,74.125.24.0-255,2543,59665,54,186870
5007,0.001043,172.31.46.0-255,66,59731,54,186870
5008,0.001239,74.125.24.0-255,1484,61215,54,186870
5009,0.001247,74.125.24.0-255,2902,64117,54,186870
5010,0.00125,172.31.46.0-255,66,64183,54,186870
5011,0.001275,74.125.24.0-255,5738,69921,54,186870
5012,0.001277,172.31.46.0-255,66,69987,54,186870
5013,0.001283,74.125.24.0-255,4320,74307,54,186870
5014,0.001285,172.31.46.0-255,66,74373,54,186870
5015,0.001327,74.125.24.0-255,2543,76916,54,186870
5016,0.00133,172.31.46.0-255,66,76982,54,186870
5017,0.001486,74.125.24.0-255,1484,78466,54,186870
5018,0.001503,74.125.24.0-255,2902,81368,54,186870
5019,0.001507,172.31.46.0-255,66,81434,54,186870
5020,0.001531,74.125.24.0-255,5738,87172,54,186870
5021,0.001534,172.31.46.0-255,66,87238,54,186870
5022,0.001539,74.125.24.0-255,2902,90140,54,186870
5023,0.001541,172.31.46.0-255,66,90206,54,186870
5024,0.001546,74.125.24.0-255,4320,94526,54,186870
5025,0.001549,172.31.46.0-255,66,94592,54,186870
5026,0.001602,74.125.24.0-255,5738,100330,54,186870
5027,0.001604,172.31.46.0-255,66,100396,54,186870
5028,0.001611,74.125.24.0-255,7156,107552,54,186870
5029,0.001614,172.31.46.0-255,66,107618,54,186870
5030,0.001633,74.125.24.0-255,1484,109102,54,186870
5031,0.001638,74.125.24.0-255,2184,111286,54,186870
5032,0.001641,172.31.46.0-255,66,111352,54,186870
5033,0.003697,74.125.24.0-255,1484,112836,54,186870
5034,0.003734,74.125.24.0-255,4320,117156,54,186870
5035,0.003739,172.31.46.0-255,66,117222,54,186870
5036,0.005842,74.125.24.0-255,5738,122960,54,186870
5037,0.005849,172.31.46.0-255,66,123026,54,186870
5038,0.007949,74.125.24.0-255,5738,128764,54,186870
5039,0.007953,172.31.46.0-255,66,128830,54,186870
5040,0.010072,74.125.24.0-255,5738,134568,54,186870
5041,0.010079,172.31.46.0-255,66,134634,54,186870
5042,0.012181,74.125.24.0-255,5738,140372,54,186870
5043,0.012189,172.31.46.0-255,66,140438,54,186870
5044,0.014338,74.125.24.0-255,5738,146176,54,186870
5045,0.014346,172.31.46.0-255,66,146242,54,186870
5046,0.016442,74.125.24.0-255,5738,151980,54,186870
5047,0.016449,172.31.46.0-255,66,152046,54,186870
5048,0.018546,74.125.24.0-255,5738,157784,54,186870
5049,0.018554,172.31.46.0-255,66,157850,54,186870
5050,0.020655,74.125.24.0-255,5738,163588,54,186870
5051,0.020665,172.31.46.0-255,66,163654,54,186870
5052,0.02277,74.125.24.0-255,5738,169392,54,186870
5053,0.022778,172.31.46.0-255,66,169458,54,186870
5054,0.024897,74.125.24.0-255,5738,175196,54,186870
5055,0.024905,172.31.46.0-255,66,175262,54,186870
5056,0.026998,74.125.24.0-255,5738,181000,54,186870
5057,0.027005,172.31.46.0-255,66,181066,54,186870
5058,0.029093,74.125.24.0-255,5738,186804,54,186870
5059,0.029102,172.31.46.0-255,66,186870,54,186870
5060,0.0,172.217.194.0-255,156,156,54,216280
5061,2.1e-05,172.31.46.0-255,66,222,54,216280
5062,2.8e-05,172.217.194.0-255,1484,1706,54,216280
5063,3.4e-05,172.31.46.0-255,66,1772,54,216280
5064,3.9e-05,172.217.194.0-255,2902,4674,54,216280
5065,5.1e-05,172.31.46.0-255,66,4740,54,216280
5066,5.9e-05,172.217.194.0-255,7156,11896,54,216280
5067,6.2e-05,172.31.46.0-255,66,11962,54,216280
5068,7.4e-05,172.31.46.0-255,66,12028,54,216280
5069,8.1e-05,172.217.194.0-255,5738,17766,54,216280
5070,8.5e-05,172.31.46.0-255,66,17832,54,216280
5071,0.000117,172.217.194.0-255,5379,23211,54,216280
5072,0.00012,172.31.46.0-255,66,23277,54,216280
5073,0.000169,172.217.194.0-255,1484,24761,54,216280
5074,0.000172,172.31.46.0-255,66,24827,54,216280
5075,0.000199,172.217.194.0-255,2902,27729,54,216280
5076,0.000202,172.31.46.0-255,66,27795,54,216280
5077,0.000209,172.217.194.0-255,5738,33533,54,216280
5078,0.000212,172.31.46.0-255,66,33599,54,216280
5079,0.000246,172.217.194.0-255,7156,40755,54,216280
5080,0.000249,172.31.46.0-255,66,40821,54,216280
5081,0.000268,172.217.194.0-255,5379,46200,54,216280
5082,0.000271,172.31.46.0-255,66,46266,54,216280
5083,0.0003,172.217.194.0-255,5738,52004,54,216280
5084,0.000302,172.31.46.0-255,66,52070,54,216280
5085,0.000333,172.217.194.0-255,5967,58037,54,216280
5086,0.000336,172.31.46.0-255,66,58103,54,216280
5087,0.000349,172.217.194.0-255,1484,59587,54,216280
5088,0.000355,172.31.46.0-255,66,59653,54,216280
5089,0.000359,172.217.194.0-255,2902,62555,54,216280
5090,0.000362,172.31.46.0-255,66,62621,54,216280
5091,0.000406,172.217.194.0-255,5738,68359,54,216280
5092,0.000409,172.31.46.0-255,66,68425,54,216280
5093,0.000414,172.217.194.0-255,4320,72745,54,216280
5094,0.000417,172.31.46.0-255,66,72811,54,216280
5095,0.000449,172.217.194.0-255,1995,74806,54,216280
5096,0.000452,172.31.46.0-255,66,74872,54,216280
5097,0.00053,172.217.194.0-255,1484,76356,54,216280
5098,0.000534,172.217.194.0-255,1484,77840,54,216280
5099,0.000537,172.31.46.0-255,66,77906,54,216280
5100,0.000565,172.217.194.0-255,2902,80808,54,216280
5101,0.000568,172.31.46.0-255,66,80874,54,216280
5102,0.00059,172.217.194.0-255,5738,86612,54,216280
5103,0.000593,172.31.46.0-255,66,86678,54,216280
5104,0.000619,172.217.194.0-255,2902,89580,54,216280
5105,0.000622,172.31.46.0-255,66,89646,54,216280
5106,0.000653,172.217.194.0-255,1484,91130,54,216280
5107,0.000667,172.217.194.0-255,2902,94032,54,216280
5108,0.00067,172.31.46.0-255,66,94098,54,216280
5109,0.000697,172.217.194.0-255,6797,100895,54,216280
5110,0.000699,172.31.46.0-255,66,100961,54,216280
5111,0.000711,172.31.46.0-255,66,101027,54,216280
5112,0.000761,172.31.46.0-255,66,101093,54,216280
5113,0.001088,172.31.46.0-255,101,101194,54,216280
5114,0.001283,172.217.194.0-255,1484,102678,54,216280
5115,0.001289,172.217.194.0-255,2902,105580,54,216280
5116,0.001295,172.31.46.0-255,66,105646,54,216280
5117,0.001309,172.217.194.0-255,5738,111384,54,216280
5118,0.001316,172.31.46.0-255,66,111450,54,216280
5119,0.001349,172.217.194.0-255,1484,112934,54,216280
5120,0.001374,172.217.194.0-255,4320,117254,54,216280
5121,0.001377,172.31.46.0-255,66,117320,54,216280
5122,0.001392,172.31.46.0-255,66,117386,54,216280
5123,0.001412,172.31.46.0-255,66,117452,54,216280
5124,0.001444,172.217.194.0-255,5020,122472,54,216280
5125,0.001449,172.31.46.0-255,66,122538,54,216280
5126,0.001455,172.217.194.0-255,5738,128276,54,216280
5127,0.001457,172.31.46.0-255,66,128342,54,216280
5128,0.001462,172.217.194.0-255,4320,132662,54,216280
5129,0.001465,172.31.46.0-255,66,132728,54,216280
5130,0.001495,172.217.194.0-255,5738,138466,54,216280
5131,0.001497,172.31.46.0-255,66,138532,54,216280
5132,0.001509,172.217.194.0-255,7156,145688,54,216280
5133,0.001511,172.31.46.0-255,66,145754,54,216280
5134,0.001556,172.31.46.0-255,66,145820,54,216280
5135,0.001559,172.217.194.0-255,766,146586,54,216280
5136,0.001606,172.31.46.0-255,66,146652,54,216280
5137,0.001626,172.31.46.0-255,66,146718,54,216280
5138,0.001663,172.217.194.0-255,4320,151038,54,216280
5139,0.001667,172.31.46.0-255,66,151104,54,216280
5140,0.001732,172.31.46.0-255,66,151170,54,216280
5141,0.002116,172.217.194.0-255,1484,152654,54,216280
5142,0.00213,172.217.194.0-255,2902,155556,54,216280
5143,0.002134,172.31.46.0-255,66,155622,54,216280
5144,0.00216,172.217.194.0-255,5738,161360,54,216280
5145,0.002164,172.31.46.0-255,66,161426,54,216280
5146,0.002203,172.31.46.0-255,66,161492,54,216280
5147,0.00222,172.31.46.0-255,66,161558,54,216280
5148,0.002291,172.31.46.0-255,66,161624,54,216280
5149,0.002318,172.217.194.0-255,2902,164526,54,216280
5150,0.002321,172.31.46.0-255,66,164592,54,216280
5151,0.002324,172.217.194.0-255,1484,166076,54,216280
5152,0.002329,172.217.194.0-255,4320,170396,54,216280
5153,0.002332,172.31.46.0-255,66,170462,54,216280
5154,0.002354,172.31.46.0-255,66,170528,54,216280
5155,0.002357,172.217.194.0-255,1484,172012,54,216280
5156,0.00236,172.217.194.0-255,1484,173496,54,216280
5157,0.002363,172.31.46.0-255,66,173562,54,216280
5158,0.002394,172.217.194.0-255,1484,175046,54,216280
5159,0.002401,172.217.194.0-255,5738,180784,54,216280
5160,0.002403,172.31.46.0-255,66,180850,54,216280
5161,0.00241,172.217.194.0-255,5738,186588,54,216280
5162,0.002412,172.31.46.0-255,66,186654,54,216280
5163,0.00244,172.217.194.0-255,7156,193810,54,216280
5164,0.002444,172.31.46.0-255,66,193876,54,216280
5165,0.00248,172.217.194.0-255,1484,195360,54,216280
5166,0.002496,172.217.194.0-255,2902,198262,54,216280
5167,0.002499,172.31.46.0-255,66,198328,54,216280
5168,0.002537,172.217.194.0-255,6438,204766,54,216280
5169,0.00254,172.31.46.0-255,66,204832,54,216280
5170,0.002546,172.217.194.0-255,4320,209152,54,216280
5171,0.002548,172.31.46.0-255,66,209218,54,216280
5172,0.002569,172.31.46.0-255,66,209284,54,216280
5173,0.002576,172.217.194.0-255,5679,214963,54,216280
5174,0.002578,172.31.46.0-255,66,215029,54,216280
5175,0.002582,172.217.194.0-255,105,215134,54,216280
5176,0.00305,172.217.194.0-255,66,215200,54,216280
5177,0.004867,172.31.46.0-255,105,215305,54,216280
5178,0.006839,172.217.194.0-255,66,215371,54,216280
5179,0.026081,172.31.46.0-255,164,215535,54,216280
5180,0.026114,172.31.46.0-255,613,216148,54,216280
5181,0.027591,104.244.42.0-255,66,216214,54,216280
5182,0.027612,104.244.42.0-255,66,216280,54,216280
5183,0.0,74.125.24.0-255,150,150,54,193247
5184,2e-05,172.31.46.0-255,66,216,54,193247
5185,2.6e-05,74.125.24.0-255,1484,1700,54,193247
5186,3e-05,172.31.46.0-255,66,1766,54,193247
5187,3.5e-05,74.125.24.0-255,2902,4668,54,193247
5188,3.8e-05,172.31.46.0-255,66,4734,54,193247
5189,4.5e-05,74.125.24.0-255,7156,11890,54,193247
5190,4.7e-05,172.31.46.0-255,66,11956,54,193247
5191,8.2e-05,74.125.24.0-255,2111,14067,54,193247
5192,8.5e-05,172.31.46.0-255,66,14133,54,193247
5193,0.000435,74.125.24.0-255,1484,15617,54,193247
5194,0.00044,172.31.46.0-255,66,15683,54,193247
5195,0.00046,74.125.24.0-255,2902,18585,54,193247
5196,0.000463,172.31.46.0-255,66,18651,54,193247
5197,0.000469,74.125.24.0-255,5738,24389,54,193247
5198,0.000471,172.31.46.0-255,66,24455,54,193247
5199,0.000496,74.125.24.0-255,5738,30193,54,193247
5200,0.000499,172.31.46.0-255,66,30259,54,193247
5201,0.000526,74.125.24.0-255,1125,31384,54,193247
5202,0.000531,172.31.46.0-255,66,31450,54,193247
5203,0.000768,74.125.24.0-255,1484,32934,54,193247
5204,0.000773,172.31.46.0-255,66,33000,54,193247
5205,0.000781,74.125.24.0-255,2902,35902,54,193247
5206,0.000783,172.31.46.0-255,66,35968,54,193247
5207,0.000787,74.125.24.0-255,2902,38870,54,193247
5208,0.000789,172.31.46.0-255,66,38936,54,193247
5209,0.000809,74.125.24.0-255,4320,43256,54,193247
5210,0.000811,172.31.46.0-255,66,43322,54,193247
5211,0.000832,74.125.24.0-255,2902,46224,54,193247
5212,0.000834,172.31.46.0-255,66,46290,54,193247
5213,0.000871,172.31.46.0-255,66,46356,54,193247
5214,0.00089,74.125.24.0-255,2902,49258,54,193247
5215,0.000892,172.31.46.0-255,66,49324,54,193247
5216,0.000908,74.125.24.0-255,5379,54703,54,193247
5217,0.000911,172.31.46.0-255,66,54769,54,193247
5218,0.001095,74.125.24.0-255,645,55414,54,193247
5219,0.001156,74.125.24.0-255,1484,56898,54,193247
5220,0.00116,172.31.46.0-255,66,56964,54,193247
5221,0.001166,74.125.24.0-255,2902,59866,54,193247
5222,0.001168,172.31.46.0-255,66,59932,54,193247
5223,0.001179,74.125.24.0-255,1484,61416,54,193247
5224,0.001198,74.125.24.0-255,4320,65736,54,193247
5225,0.001201,172.31.46.0-255,66,65802,54,193247
5226,0.001208,74.125.24.0-255,6797,72599,54,193247
5227,0.00121,172.31.46.0-255,66,72665,54,193247
5228,0.001251,74.125.24.0-255,4320,76985,54,193247
5229,0.001254,172.31.46.0-255,66,77051,54,193247
5230,0.001275,74.125.24.0-255,5738,82789,54,193247
5231,0.001278,172.31.46.0-255,66,82855,54,193247
5232,0.001299,74.125.24.0-255,1484,84339,54,193247
5233,0.001314,74.125.24.0-255,5379,89718,54,193247
5234,0.001316,172.31.46.0-255,66,89784,54,193247
5235,0.001484,74.125.24.0-255,1484,91268,54,193247
5236,0.001501,74.125.24.0-255,2902,94170,54,193247
5237,0.001507,172.31.46.0-255,66,94236,54,193247
5238,0.001512,74.125.24.0-255,1484,95720,54,193247
5239,0.001531,74.125.24.0-255,4320,100040,54,193247
5240,0.001534,172.31.46.0-255,66,100106,54,193247
5241,0.001562,172.31.46.0-255,66,100172,54,193247
5242,0.001581,74.125.24.0-255,1484,101656,54,193247
5243,0.001596,172.31.46.0-255,66,101722,54,193247
5244,0.001613,74.125.24.0-255,1484,103206,54,193247
5245,0.001638,74.125.24.0-255,2902,106108,54,193247
5246,0.00164,172.31.46.0-255,66,106174,54,193247
5247,0.001647,74.125.24.0-255,5738,111912,54,193247
5248,0.00165,172.31.46.0-255,66,111978,54,193247
5249,0.001679,172.31.46.0-255,66,112044,54,193247
5250,0.001698,74.125.24.0-255,2902,114946,54,193247
5251,0.0017,172.31.46.0-255,66,115012,54,193247
5252,0.001713,172.31.46.0-255,66,115078,54,193247
5253,0.004641,74.125.24.0-255,1484,116562,54,193247
5254,0.00465,74.125.24.0-255,2902,119464,54,193247
5255,0.004654,172.31.46.0-255,66,119530,54,193247
5256,0.004658,74.125.24.0-255,1484,121014,54,193247
5257,0.004675,74.125.24.0-255,4320,125334,54,193247
5258,0.004677,172.31.46.0-255,66,125400,54,193247
5259,0.00468,74.125.24.0-255,1484,126884,54,193247
5260,0.004702,172.31.46.0-255,66,126950,54,193247
5261,0.00472,74.125.24.0-255,1484,128434,54,193247
5262,0.00473,172.31.46.0-255,66,128500,54,193247
5263,0.004733,74.125.24.0-255,766,129266,54,193247
5264,0.005362,74.125.24.0-255,1484,130750,54,193247
5265,0.005368,172.31.46.0-255,66,130816,54,193247
5266,0.005374,74.125.24.0-255,2902,133718,54,193247
5267,0.005376,172.31.46.0-255,66,133784,54,193247
5268,0.005394,74.125.24.0-255,5738,139522,54,193247
5269,0.005396,172.31.46.0-255,66,139588,54,193247
5270,0.005412,74.125.24.0-255,1484,141072,54,193247
5271,0.005439,172.31.46.0-255,66,141138,54,193247
5272,0.00545,172.31.46.0-255,66,141204,54,193247
5273,0.00548,74.125.24.0-255,5738,146942,54,193247
5274,0.005482,172.31.46.0-255,66,147008,54,193247
5275,0.005516,172.31.46.0-255,66,147074,54,193247
5276,0.005541,172.31.46.0-255,66,147140,54,193247
5277,0.005558,74.125.24.0-255,6438,153578,54,193247
5278,0.00556,172.31.46.0-255,66,153644,54,193247
5279,0.005569,172.31.46.0-255,66,153710,54,193247
5280,0.0056,74.125.24.0-255,7156,160866,54,193247
5281,0.005602,172.31.46.0-255,66,160932,54,193247
5282,0.005617,172.31.46.0-255,66,160998,54,193247
5283,0.005627,74.125.24.0-255,766,161764,54,193247
5284,0.005638,74.125.24.0-255,1484,163248,54,193247
5285,0.005639,172.31.46.0-255,66,163314,54,193247
5286,0.00568,172.31.46.0-255,66,163380,54,193247
5287,0.005694,74.125.24.0-255,3602,166982,54,193247
5288,0.005697,172.31.46.0-255,66,167048,54,193247
5289,0.005715,172.31.46.0-255,66,167114,54,193247
5290,0.005747,172.31.46.0-255,66,167180,54,193247
5291,0.00576,172.31.46.0-255,66,167246,54,193247
5292,0.005781,74.125.24.0-255,2184,169430,54,193247
5293,0.005783,172.31.46.0-255,66,169496,54,193247
5294,0.005828,172.31.46.0-255,66,169562,54,193247
5295,0.00585,74.125.24.0-255,5738,175300,54,193247
5296,0.005852,172.31.46.0-255,66,175366,54,193247
5297,0.005858,74.125.24.0-255,5020,180386,54,193247
5298,0.00586,172.31.46.0-255,66,180452,54,193247
5299,0.005884,74.125.24.0-255,1484,181936,54,193247
5300,0.005888,74.125.24.0-255,2902,184838,54,193247
5301,0.005891,172.31.46.0-255,66,184904,54,193247
5302,0.005912,74.125.24.0-255,5738,190642,54,193247
5303,0.005914,172.31.46.0-255,66,190708,54,193247
5304,0.005937,74.125.24.0-255,2131,192839,54,193247
5305,0.005939,172.31.46.0-255,66,192905,54,193247
5306,0.005957,74.125.24.0-255,105,193010,54,193247
5307,0.00799,172.31.46.0-255,66,193076,54,193247
5308,0.008025,172.31.46.0-255,105,193181,54,193247
5309,0.010076,74.125.24.0-255,66,193247,54,193247
5310,0.0,74.125.24.0-255,155,155,54,161252
5311,1.8e-05,172.31.46.0-255,66,221,54,161252
5312,2.5e-05,74.125.24.0-255,1484,1705,54,161252
5313,3e-05,172.31.46.0-255,66,1771,54,161252
5314,3.5e-05,74.125.24.0-255,2902,4673,54,161252
5315,3.8e-05,172.31.46.0-255,66,4739,54,161252
5316,4.5e-05,74.125.24.0-255,7156,11895,54,161252
5317,4.8e-05,172.31.46.0-255,66,11961,54,161252
5318,5.2e-05,74.125.24.0-255,2082,14043,54,161252
5319,5.4e-05,172.31.46.0-255,66,14109,54,161252
5320,6.7e-05,172.31.46.0-255,66,14175,54,161252
5321,7.3e-05,74.125.24.0-255,5379,19554,54,161252
5322,7.7e-05,172.31.46.0-255,66,19620,54,161252
5323,0.000156,74.125.24.0-255,1484,21104,54,161252
5324,0.000159,172.31.46.0-255,66,21170,54,161252
5325,0.000183,74.125.24.0-255,2902,24072,54,161252
5326,0.000185,172.31.46.0-255,66,24138,54,161252
5327,0.000192,74.125.24.0-255,4320,28458,54,161252
5328,0.000194,172.31.46.0-255,66,28524,54,161252
5329,0.000201,74.125.24.0-255,5738,34262,54,161252
5330,0.000203,172.31.46.0-255,66,34328,54,161252
5331,0.00023,74.125.24.0-255,3961,38289,54,161252
5332,0.000233,172.31.46.0-255,66,38355,54,161252
5333,0.000239,74.125.24.0-255,4320,42675,54,161252
5334,0.00024,172.31.46.0-255,66,42741,54,161252
5335,0.000272,74.125.24.0-255,2902,45643,54,161252
5336,0.000275,172.31.46.0-255,66,45709,54,161252
5337,0.000304,172.31.46.0-255,66,45775,54,161252
5338,0.000307,74.125.24.0-255,110,45885,54,161252
5339,0.000309,172.31.46.0-255,66,45951,54,161252
5340,0.000346,74.125.24.0-255,329,46280,54,161252
5341,0.000744,74.125.24.0-255,1484,47764,54,161252
5342,0.000749,172.31.46.0-255,66,47830,54,161252
5343,0.000754,74.125.24.0-255,2902,50732,54,161252
5344,0.000757,172.31.46.0-255,66,50798,54,161252
5345,0.00076,74.125.24.0-255,1484,52282,54,161252
5346,0.000784,74.125.24.0-255,4320,56602,54,161252
5347,0.000787,172.31.46.0-255,66,56668,54,161252
5348,0.000792,74.125.24.0-255,4320,60988,54,161252
5349,0.000794,172.31.46.0-255,66,61054,54,161252
5350,0.000802,74.125.24.0-255,7156,68210,54,161252
5351,0.000804,172.31.46.0-255,66,68276,54,161252
5352,0.000828,74.125.24.0-255,4320,72596,54,161252
5353,0.000839,172.31.46.0-255,66,72662,54,161252
5354,0.000842,172.31.46.0-255,66,72728,54,161252
5355,0.00148,74.125.24.0-255,1484,74212,54,161252
5356,0.00149,74.125.24.0-255,2902,77114,54,161252
5357,0.001494,172.31.46.0-255,66,77180,54,161252
5358,0.001503,74.125.24.0-255,5738,82918,54,161252
5359,0.001505,172.31.46.0-255,66,82984,54,161252
5360,0.001516,172.31.46.0-255,66,83050,54,161252
5361,0.00156,74.125.24.0-255,4320,87370,54,161252
5362,0.001564,172.31.46.0-255,66,87436,54,161252
5363,0.001594,172.31.46.0-255,66,87502,54,161252
5364,0.003874,74.125.24.0-255,5738,93240,54,161252
5365,0.003881,172.31.46.0-255,66,93306,54,161252
5366,0.006143,74.125.24.0-255,5738,99044,54,161252
5367,0.006147,172.31.46.0-255,66,99110,54,161252
5368,0.008438,74.125.24.0-255,5738,104848,54,161252
5369,0.008445,172.31.46.0-255,66,104914,54,161252
5370,0.01073,74.125.24.0-255,5738,110652,54,161252
5371,0.010738,172.31.46.0-255,66,110718,54,161252
5372,0.013026,74.125.24.0-255,5738,116456,54,161252
5373,0.013034,172.31.46.0-255,66,116522,54,161252
5374,0.015315,74.125.24.0-255,5738,122260,54,161252
5375,0.015324,172.31.46.0-255,66,122326,54,161252
5376,0.017607,74.125.24.0-255,5738,128064,54,161252
5377,0.017617,172.31.46.0-255,66,128130,54,161252
5378,0.019908,74.125.24.0-255,5738,133868,54,161252
5379,0.019917,172.31.46.0-255,66,133934,54,161252
5380,0.022222,74.125.24.0-255,5738,139672,54,161252
5381,0.02223,172.31.46.0-255,66,139738,54,161252
5382,0.024533,74.125.24.0-255,5738,145476,54,161252
5383,0.02454,172.31.46.0-255,66,145542,54,161252
5384,0.026858,74.125.24.0-255,5738,151280,54,161252
5385,0.026866,172.31.46.0-255,66,151346,54,161252
5386,0.028965,172.31.46.0-255,192,151538,54,161252
5387,0.029,172.31.46.0-255,1119,152657,54,161252
5388,0.029058,172.31.46.0-255,1514,154171,54,161252
5389,0.02906,172.31.46.0-255,1277,155448,54,161252
5390,0.029144,74.125.24.0-255,5738,161186,54,161252
5391,0.029149,172.31.46.0-255,66,161252,54,161252
5392,0.0,172.31.46.0-255,105,105,54,105
5393,0.0,172.217.194.0-255,150,150,54,206185
5394,2.1e-05,172.31.46.0-255,66,216,54,206185
5395,2.9e-05,172.217.194.0-255,1484,1700,54,206185
5396,3.3e-05,172.31.46.0-255,66,1766,54,206185
5397,3.8e-05,172.217.194.0-255,2902,4668,54,206185
5398,4.8e-05,172.31.46.0-255,66,4734,54,206185
5399,5.6e-05,172.217.194.0-255,7156,11890,54,206185
5400,5.8e-05,172.31.46.0-255,66,11956,54,206185
5401,0.000105,172.31.46.0-255,66,12022,54,206185
5402,0.00011,172.217.194.0-255,2543,14565,54,206185
5403,0.000112,172.31.46.0-255,66,14631,54,206185
5404,0.000164,172.217.194.0-255,1484,16115,54,206185
5405,0.000166,172.31.46.0-255,66,16181,54,206185
5406,0.000171,172.217.194.0-255,2902,19083,54,206185
5407,0.000174,172.31.46.0-255,66,19149,54,206185
5408,0.000185,172.217.194.0-255,5738,24887,54,206185
5409,0.000188,172.31.46.0-255,66,24953,54,206185
5410,0.000259,172.31.46.0-255,66,25019,54,206185
5411,0.000275,172.31.46.0-255,66,25085,54,206185
5412,0.000278,172.217.194.0-255,100,25185,54,206185
5413,0.00028,172.31.46.0-255,66,25251,54,206185
5414,0.000465,172.217.194.0-255,363,25614,54,206185
5415,0.00047,172.31.46.0-255,66,25680,54,206185
5416,0.00061,172.217.194.0-255,1484,27164,54,206185
5417,0.000615,172.31.46.0-255,66,27230,54,206185
5418,0.000621,172.217.194.0-255,2902,30132,54,206185
5419,0.000623,172.31.46.0-255,66,30198,54,206185
5420,0.000633,172.217.194.0-255,4320,34518,54,206185
5421,0.000636,172.31.46.0-255,66,34584,54,206185
5422,0.000713,172.31.46.0-255,66,34650,54,206185
5423,0.000906,172.217.194.0-255,1484,36134,54,206185
5424,0.000912,172.217.194.0-255,2902,39036,54,206185
5425,0.000925,172.31.46.0-255,66,39102,54,206185
5426,0.000935,172.217.194.0-255,4320,43422,54,206185
5427,0.000941,172.31.46.0-255,66,43488,54,206185
5428,0.000957,172.217.194.0-255,1484,44972,54,206185
5429,0.000968,172.217.194.0-255,6797,51769,54,206185
5430,0.001006,172.31.46.0-255,66,51835,54,206185
5431,0.001633,172.217.194.0-255,1484,53319,54,206185
5432,0.001656,172.217.194.0-255,2902,56221,54,206185
5433,0.001661,172.31.46.0-255,66,56287,54,206185
5434,0.001669,172.217.194.0-255,5738,62025,54,206185
5435,0.001731,172.217.194.0-255,766,62791,54,206185
5436,0.002097,172.217.194.0-255,1484,64275,54,206185
5437,0.002105,172.217.194.0-255,2902,67177,54,206185
5438,0.002108,172.217.194.0-255,1484,68661,54,206185
5439,0.002126,172.217.194.0-255,4320,72981,54,206185
5440,0.002162,172.217.194.0-255,1484,74465,54,206185
5441,0.002167,172.217.194.0-255,2902,77367,54,206185
5442,0.002443,172.217.194.0-255,1484,78851,54,206185
5443,0.00245,172.217.194.0-255,2902,81753,54,206185
5444,0.002466,172.217.194.0-255,5738,87491,54,206185
5445,0.002469,172.217.194.0-255,1484,88975,54,206185
5446,0.002488,172.217.194.0-255,4320,93295,54,206185
5447,0.002525,172.217.194.0-255,5020,98315,54,206185
5448,0.003285,172.217.194.0-255,1484,99799,54,206185
5449,0.00329,172.217.194.0-255,1484,101283,54,206185
5450,0.003306,172.217.194.0-255,1484,102767,54,206185
5451,0.003311,172.217.194.0-255,2902,105669,54,206185
5452,0.003331,172.217.194.0-255,7156,112825,54,206185
5453,0.003345,172.217.194.0-255,1484,114309,54,206185
5454,0.00336,172.217.194.0-255,2902,117211,54,206185
5455,0.003386,172.217.194.0-255,1484,118695,54,206185
5456,0.003391,172.217.194.0-255,3602,122297,54,206185
5457,0.00345,172.217.194.0-255,1484,123781,54,206185
5458,0.003454,172.217.194.0-255,2902,126683,54,206185
5459,0.00347,172.217.194.0-255,5738,132421,54,206185
5460,0.003506,172.217.194.0-255,4320,136741,54,206185
5461,0.003528,172.217.194.0-255,5738,142479,54,206185
5462,0.003543,172.217.194.0-255,5738,148217,54,206185
5463,0.003565,172.217.194.0-255,3602,151819,54,206185
5464,0.00357,172.217.194.0-255,4320,156139,54,206185
5465,0.003597,172.217.194.0-255,5738,161877,54,206185
5466,0.003599,172.217.194.0-255,1484,163361,54,206185
5467,0.003604,172.217.194.0-255,4320,167681,54,206185
5468,0.003611,172.217.194.0-255,5738,173419,54,206185
5469,0.003618,172.217.194.0-255,7156,180575,54,206185
5470,0.00362,172.217.194.0-255,766,181341,54,206185
5471,0.003669,172.217.194.0-255,4320,185661,54,206185
5472,0.003725,172.217.194.0-255,1484,187145,54,206185
5473,0.003768,172.217.194.0-255,5738,192883,54,206185
5474,0.003781,172.217.194.0-255,4320,197203,54,206185
5475,0.003789,172.217.194.0-255,7156,204359,54,206185
5476,0.003933,172.217.194.0-255,1484,205843,54,206185
5477,0.003965,172.217.194.0-255,105,205948,54,206185
5478,0.00587,172.31.46.0-255,66,206014,54,206185
5479,0.008277,172.31.46.0-255,105,206119,54,206185
5480,0.010876,172.217.194.0-255,66,206185,54,206185
5481,0.0,74.125.200.0-255,152,152,54,279993
5482,1.5e-05,172.31.46.0-255,66,218,54,279993
5483,2.2e-05,74.125.200.0-255,1484,1702,54,279993
5484,2.7e-05,172.31.46.0-255,66,1768,54,279993
5485,3.3e-05,74.125.200.0-255,2902,4670,54,279993
5486,3.7e-05,172.31.46.0-255,66,4736,54,279993
5487,4.4e-05,74.125.200.0-255,5738,10474,54,279993
5488,4.7e-05,172.31.46.0-255,66,10540,54,279993
5489,6.6e-05,74.125.200.0-255,1484,12024,54,279993
5490,6.9e-05,172.31.46.0-255,66,12090,54,279993
5491,8.4e-05,74.125.200.0-255,1976,14066,54,279993
5492,8.7e-05,172.31.46.0-255,66,14132,54,279993
5493,0.000114,74.125.200.0-255,2902,17034,54,279993
5494,0.000117,172.31.46.0-255,66,17100,54,279993
5495,0.00014,74.125.200.0-255,1484,18584,54,279993
5496,0.000142,172.31.46.0-255,66,18650,54,279993
5497,0.000149,74.125.200.0-255,5738,24388,54,279993
5498,0.000151,172.31.46.0-255,66,24454,54,279993
5499,0.000198,74.125.200.0-255,6797,31251,54,279993
5500,0.000201,172.31.46.0-255,66,31317,54,279993
5501,0.000236,74.125.200.0-255,1484,32801,54,279993
5502,0.000239,172.31.46.0-255,66,32867,54,279993
5503,0.000259,74.125.200.0-255,2902,35769,54,279993
5504,0.000262,172.31.46.0-255,66,35835,54,279993
5505,0.000277,74.125.200.0-255,1484,37319,54,279993
5506,0.00028,172.31.46.0-255,66,37385,54,279993
5507,0.000301,74.125.200.0-255,1484,38869,54,279993
5508,0.000303,172.31.46.0-255,66,38935,54,279993
5509,0.000309,74.125.200.0-255,4320,43255,54,279993
5510,0.000311,172.31.46.0-255,66,43321,54,279993
5511,0.000331,74.125.200.0-255,5379,48700,54,279993
5512,0.000334,172.31.46.0-255,66,48766,54,279993
5513,0.000851,74.125.200.0-255,1484,50250,54,279993
5514,0.000872,74.125.200.0-255,2902,53152,54,279993
5515,0.000876,172.31.46.0-255,66,53218,54,279993
5516,0.000881,74.125.200.0-255,1484,54702,54,279993
5517,0.000885,74.125.200.0-255,2902,57604,54,279993
5518,0.000898,74.125.200.0-255,1484,59088,54,279993
5519,0.000902,172.31.46.0-255,66,59154,54,279993
5520,0.000921,74.125.200.0-255,4320,63474,54,279993
5521,0.000925,74.125.200.0-255,2543,66017,54,279993
5522,0.000936,172.31.46.0-255,66,66083,54,279993
5523,0.001021,74.125.200.0-255,1484,67567,54,279993
5524,0.001034,74.125.200.0-255,2902,70469,54,279993
5525,0.001037,172.31.46.0-255,66,70535,54,279993
5526,0.001063,74.125.200.0-255,5738,76273,54,279993
5527,0.001079,74.125.200.0-255,4320,80593,54,279993
5528,0.001089,172.31.46.0-255,66,80659,54,279993
5529,0.001109,74.125.200.0-255,5379,86038,54,279993
5530,0.00112,172.31.46.0-255,66,86104,54,279993
5531,0.00113,74.125.200.0-255,2902,89006,54,279993
5532,0.001144,74.125.200.0-255,4320,93326,54,279993
5533,0.001172,172.31.46.0-255,66,93392,54,279993
5534,0.001184,74.125.200.0-255,1484,94876,54,279993
5535,0.001189,172.31.46.0-255,66,94942,54,279993
5536,0.001222,74.125.200.0-255,1484,96426,54,279993
5537,0.001252,74.125.200.0-255,2069,98495,54,279993
5538,0.001273,172.31.46.0-255,66,98561,54,279993
5539,0.001316,74.125.200.0-255,1484,100045,54,279993
5540,0.001333,74.125.200.0-255,1484,101529,54,279993
5541,0.001337,172.31.46.0-255,66,101595,54,279993
5542,0.001354,74.125.200.0-255,1484,103079,54,279993
5543,0.00136,74.125.200.0-255,4320,107399,54,279993
5544,0.001374,172.31.46.0-255,66,107465,54,279993
5545,0.001416,172.31.46.0-255,66,107531,54,279993
5546,0.001453,74.125.200.0-255,1484,109015,54,279993
5547,0.00147,74.125.200.0-255,2902,111917,54,279993
5548,0.001477,172.31.46.0-255,66,111983,54,279993
5549,0.001485,74.125.200.0-255,2902,114885,54,279993
5550,0.001496,172.31.46.0-255,66,114951,54,279993
5551,0.001502,74.125.200.0-255,4320,119271,54,279993
5552,0.001517,172.31.46.0-255,66,119337,54,279993
5553,0.001558,172.31.46.0-255,66,119403,54,279993
5554,0.001574,74.125.200.0-255,5738,125141,54,279993
5555,0.001585,172.31.46.0-255,66,125207,54,279993
5556,0.001617,74.125.200.0-255,4320,129527,54,279993
5557,0.001623,74.125.200.0-255,3602,133129,54,279993
5558,0.001642,172.31.46.0-255,66,133195,54,279993
5559,0.001675,74.125.200.0-255,1484,134679,54,279993
5560,0.001694,74.125.200.0-255,2902,137581,54,279993
5561,0.001712,74.125.200.0-255,1484,139065,54,279993
5562,0.001717,172.31.46.0-255,66,139131,54,279993
5563,0.001727,74.125.200.0-255,4320,143451,54,279993
5564,0.001737,172.31.46.0-255,66,143517,54,279993
5565,0.00177,74.125.200.0-255,7156,150673,54,279993
5566,0.001775,74.125.200.0-255,2902,153575,54,279993
5567,0.001781,172.31.46.0-255,66,153641,54,279993
5568,0.001803,74.125.200.0-255,5738,159379,54,279993
5569,0.001809,74.125.200.0-255,4320,163699,54,279993
5570,0.001813,172.31.46.0-255,66,163765,54,279993
5571,0.001855,74.125.200.0-255,3602,167367,54,279993
5572,0.001863,172.31.46.0-255,66,167433,54,279993
5573,0.001917,74.125.200.0-255,1484,168917,54,279993
5574,0.001936,74.125.200.0-255,2902,171819,54,279993
5575,0.001957,74.125.200.0-255,4320,176139,54,279993
5576,0.001994,172.31.46.0-255,66,176205,54,279993
5577,0.002022,74.125.200.0-255,1484,177689,54,279993
5578,0.002026,172.31.46.0-255,66,177755,54,279993
5579,0.00204,74.125.200.0-255,5738,183493,54,279993
5580,0.002057,74.125.200.0-255,5738,189231,54,279993
5581,0.002061,74.125.200.0-255,2902,192133,54,279993
5582,0.002076,172.31.46.0-255,66,192199,54,279993
5583,0.002085,74.125.200.0-255,766,192965,54,279993
5584,0.002179,74.125.200.0-255,1484,194449,54,279993
5585,0.002185,74.125.200.0-255,2902,197351,54,279993
5586,0.002188,74.125.200.0-255,1484,198835,54,279993
5587,0.002209,74.125.200.0-255,4320,203155,54,279993
5588,0.002237,74.125.200.0-255,7156,210311,54,279993
5589,0.002268,74.125.200.0-255,7156,217467,54,279993
5590,0.002285,74.125.200.0-255,1484,218951,54,279993
5591,0.002301,74.125.200.0-255,7156,226107,54,279993
5592,0.002304,74.125.200.0-255,766,226873,54,279993
5593,0.006539,172.31.46.0-255,66,226939,54,279993
5594,0.008913,74.125.200.0-255,5738,232677,54,279993
5595,0.008921,172.31.46.0-255,66,232743,54,279993
5596,0.011267,74.125.200.0-255,5738,238481,54,279993
5597,0.011275,172.31.46.0-255,66,238547,54,279993
5598,0.013606,74.125.200.0-255,2902,241449,54,279993
5599,0.013615,172.31.46.0-255,66,241515,54,279993
5600,0.013636,74.125.200.0-255,2902,244417,54,279993
5601,0.013639,172.31.46.0-255,66,244483,54,279993
5602,0.015956,74.125.200.0-255,2902,247385,54,279993
5603,0.015965,172.31.46.0-255,66,247451,54,279993
5604,0.015989,74.125.200.0-255,2902,250353,54,279993
5605,0.015992,172.31.46.0-255,66,250419,54,279993
5606,0.018302,74.125.200.0-255,2902,253321,54,279993
5607,0.018309,172.31.46.0-255,66,253387,54,279993
5608,0.01833,74.125.200.0-255,2902,256289,54,279993
5609,0.018333,172.31.46.0-255,66,256355,54,279993
5610,0.020655,74.125.200.0-255,4320,260675,54,279993
5611,0.020663,172.31.46.0-255,66,260741,54,279993
5612,0.020688,74.125.200.0-255,1484,262225,54,279993
5613,0.022998,74.125.200.0-255,2902,265127,54,279993
5614,0.023004,172.31.46.0-255,66,265193,54,279993
5615,0.023022,74.125.200.0-255,1484,266677,54,279993
5616,0.025347,74.125.200.0-255,4320,270997,54,279993
5617,0.025354,172.31.46.0-255,66,271063,54,279993
5618,0.027685,74.125.200.0-255,5738,276801,54,279993
5619,0.027693,172.31.46.0-255,66,276867,54,279993
5620,0.02841,172.31.46.0-255,172,277039,54,279993
5621,0.028441,172.31.46.0-255,1118,278157,54,279993
5622,0.028501,172.31.46.0-255,1514,279671,54,279993
5623,0.028503,172.31.46.0-255,322,279993,54,279993
5624,0.0,74.125.24.0-255,153,153,54,136291
5625,2.1e-05,172.31.46.0-255,66,219,54,136291
5626,2.8e-05,74.125.24.0-255,1484,1703,54,136291
5627,3.2e-05,172.31.46.0-255,66,1769,54,136291
5628,3.9e-05,74.125.24.0-255,2902,4671,54,136291
5629,4.2e-05,172.31.46.0-255,66,4737,54,136291
5630,4.8e-05,74.125.24.0-255,4320,9057,54,136291
5631,5.2e-05,172.31.46.0-255,66,9123,54,136291
5632,8.8e-05,74.125.24.0-255,4922,14045,54,136291
5633,9.2e-05,172.31.46.0-255,66,14111,54,136291
5634,0.000363,74.125.24.0-255,1484,15595,54,136291
5635,0.000368,172.31.46.0-255,66,15661,54,136291
5636,0.000377,74.125.24.0-255,2902,18563,54,136291
5637,0.00038,172.31.46.0-255,66,18629,54,136291
5638,0.000387,74.125.24.0-255,5738,24367,54,136291
5639,0.000391,172.31.46.0-255,66,24433,54,136291
5640,0.000416,74.125.24.0-255,6797,31230,54,136291
5641,0.000419,172.31.46.0-255,66,31296,54,136291
5642,0.000622,74.125.24.0-255,1484,32780,54,136291
5643,0.000627,172.31.46.0-255,66,32846,54,136291
5644,0.000646,74.125.24.0-255,2902,35748,54,136291
5645,0.000648,172.31.46.0-255,66,35814,54,136291
5646,0.000652,74.125.24.0-255,1484,37298,54,136291
5647,0.000655,172.31.46.0-255,66,37364,54,136291
5648,0.000683,74.125.24.0-255,4320,41684,54,136291
5649,0.000688,172.31.46.0-255,66,41750,54,136291
5650,0.000717,172.31.46.0-255,66,41816,54,136291
5651,0.00073,172.31.46.0-255,66,41882,54,136291
5652,0.000733,74.125.24.0-255,1125,43007,54,136291
5653,0.000736,172.31.46.0-255,66,43073,54,136291
5654,0.00092,74.125.24.0-255,393,43466,54,136291
5655,0.000938,74.125.24.0-255,349,43815,54,136291
5656,0.001105,172.31.46.0-255,66,43881,54,136291
5657,0.001775,74.125.24.0-255,1484,45365,54,136291
5658,0.001787,74.125.24.0-255,2902,48267,54,136291
5659,0.001791,172.31.46.0-255,66,48333,54,136291
5660,0.0018,74.125.24.0-255,5738,54071,54,136291
5661,0.001802,172.31.46.0-255,66,54137,54,136291
5662,0.001834,74.125.24.0-255,7156,61293,54,136291
5663,0.001836,172.31.46.0-255,66,61359,54,136291
5664,0.001842,74.125.24.0-255,2902,64261,54,136291
5665,0.001843,172.31.46.0-255,66,64327,54,136291
5666,0.00187,172.31.46.0-255,66,64393,54,136291
5667,0.001874,74.125.24.0-255,2184,66577,54,136291
5668,0.001876,172.31.46.0-255,66,66643,54,136291
5669,0.004119,74.125.24.0-255,5738,72381,54,136291
5670,0.004124,172.31.46.0-255,66,72447,54,136291
5671,0.006368,74.125.24.0-255,5738,78185,54,136291
5672,0.006374,172.31.46.0-255,66,78251,54,136291
5673,0.008633,74.125.24.0-255,5738,83989,54,136291
5674,0.008643,172.31.46.0-255,66,84055,54,136291
5675,0.010908,74.125.24.0-255,5738,89793,54,136291
5676,0.01092,172.31.46.0-255,66,89859,54,136291
5677,0.013225,74.125.24.0-255,5738,95597,54,136291
5678,0.013236,172.31.46.0-255,66,95663,54,136291
5679,0.0158,74.125.24.0-255,5738,101401,54,136291
5680,0.015818,172.31.46.0-255,66,101467,54,136291
5681,0.018107,74.125.24.0-255,5738,107205,54,136291
5682,0.01812,172.31.46.0-255,66,107271,54,136291
5683,0.02038,74.125.24.0-255,5738,113009,54,136291
5684,0.020392,172.31.46.0-255,66,113075,54,136291
5685,0.022707,74.125.24.0-255,5738,118813,54,136291
5686,0.022718,172.31.46.0-255,66,118879,54,136291
5687,0.02498,74.125.24.0-255,5738,124617,54,136291
5688,0.024993,172.31.46.0-255,66,124683,54,136291
5689,0.027271,74.125.24.0-255,5738,130421,54,136291
5690,0.027282,172.31.46.0-255,66,130487,54,136291
5691,0.02954,74.125.24.0-255,5738,136225,54,136291
5692,0.029548,172.31.46.0-255,66,136291,54,136291
5693,0.0,172.217.194.0-255,153,153,54,200142
5694,2e-05,172.31.46.0-255,66,219,54,200142
5695,2.7e-05,172.217.194.0-255,1484,1703,54,200142
5696,3.1e-05,172.31.46.0-255,66,1769,54,200142
5697,3.6e-05,172.217.194.0-255,2902,4671,54,200142
5698,4.5e-05,172.31.46.0-255,66,4737,54,200142
5699,5.2e-05,172.217.194.0-255,7156,11893,54,200142
5700,5.5e-05,172.31.46.0-255,66,11959,54,200142
5701,5.8e-05,172.217.194.0-255,1484,13443,54,200142
5702,6e-05,172.31.46.0-255,66,13509,54,200142
5703,6.3e-05,172.217.194.0-255,627,14136,54,200142
5704,6.5e-05,172.31.46.0-255,66,14202,54,200142
5705,9.4e-05,172.217.194.0-255,1484,15686,54,200142
5706,9.7e-05,172.31.46.0-255,66,15752,54,200142
5707,0.000121,172.217.194.0-255,4320,20072,54,200142
5708,0.000123,172.31.46.0-255,66,20138,54,200142
5709,0.000149,172.217.194.0-255,1484,21622,54,200142
5710,0.000151,172.31.46.0-255,66,21688,54,200142
5711,0.000179,172.217.194.0-255,5738,27426,54,200142
5712,0.000181,172.31.46.0-255,66,27492,54,200142
5713,0.000188,172.217.194.0-255,6797,34289,54,200142
5714,0.00019,172.31.46.0-255,66,34355,54,200142
5715,0.0002,172.217.194.0-255,7156,41511,54,200142
5716,0.000202,172.31.46.0-255,66,41577,54,200142
5717,0.000237,172.217.194.0-255,6797,48374,54,200142
5718,0.000239,172.31.46.0-255,66,48440,54,200142
5719,0.000682,172.217.194.0-255,1484,49924,54,200142
5720,0.000686,172.31.46.0-255,66,49990,54,200142
5721,0.000692,172.217.194.0-255,2902,52892,54,200142
5722,0.000694,172.31.46.0-255,66,52958,54,200142
5723,0.000699,172.217.194.0-255,4320,57278,54,200142
5724,0.000705,172.31.46.0-255,66,57344,54,200142
5725,0.000752,172.31.46.0-255,66,57410,54,200142
5726,0.000794,172.217.194.0-255,5738,63148,54,200142
5727,0.000796,172.31.46.0-255,66,63214,54,200142
5728,0.000801,172.217.194.0-255,2902,66116,54,200142
5729,0.000803,172.31.46.0-255,66,66182,54,200142
5730,0.000829,172.217.194.0-255,4320,70502,54,200142
5731,0.000833,172.31.46.0-255,66,70568,54,200142
5732,0.000856,172.217.194.0-255,4540,75108,54,200142
5733,0.000859,172.31.46.0-255,66,75174,54,200142
5734,0.000864,172.217.194.0-255,5738,80912,54,200142
5735,0.000866,172.31.46.0-255,66,80978,54,200142
5736,0.000923,172.31.46.0-255,66,81044,54,200142
5737,0.001543,172.217.194.0-255,1484,82528,54,200142
5738,0.001569,172.217.194.0-255,2902,85430,54,200142
5739,0.001573,172.31.46.0-255,66,85496,54,200142
5740,0.00158,172.217.194.0-255,5738,91234,54,200142
5741,0.001582,172.31.46.0-255,66,91300,54,200142
5742,0.001614,172.31.46.0-255,66,91366,54,200142
5743,0.00164,172.217.194.0-255,2902,94268,54,200142
5744,0.001642,172.31.46.0-255,66,94334,54,200142
5745,0.001657,172.31.46.0-255,66,94400,54,200142
5746,0.001928,172.217.194.0-255,1484,95884,54,200142
5747,0.001934,172.217.194.0-255,1484,97368,54,200142
5748,0.001937,172.31.46.0-255,66,97434,54,200142
5749,0.001948,172.217.194.0-255,1484,98918,54,200142
5750,0.001967,172.217.194.0-255,5738,104656,54,200142
5751,0.001969,172.31.46.0-255,66,104722,54,200142
5752,0.001974,172.217.194.0-255,5738,110460,54,200142
5753,0.001976,172.31.46.0-255,66,110526,54,200142
5754,0.002003,172.217.194.0-255,2902,113428,54,200142
5755,0.002005,172.31.46.0-255,66,113494,54,200142
5756,0.002041,172.31.46.0-255,66,113560,54,200142
5757,0.002047,172.217.194.0-255,5020,118580,54,200142
5758,0.002049,172.31.46.0-255,66,118646,54,200142
5759,0.002273,172.217.194.0-255,1484,120130,54,200142
5760,0.002276,172.217.194.0-255,1484,121614,54,200142
5761,0.002278,172.31.46.0-255,66,121680,54,200142
5762,0.0023,172.217.194.0-255,1484,123164,54,200142
5763,0.002303,172.217.194.0-255,2902,126066,54,200142
5764,0.002305,172.31.46.0-255,66,126132,54,200142
5765,0.00453,172.217.194.0-255,1484,127616,54,200142
5766,0.004557,172.217.194.0-255,4320,131936,54,200142
5767,0.00456,172.31.46.0-255,66,132002,54,200142
5768,0.006834,172.217.194.0-255,5738,137740,54,200142
5769,0.00684,172.31.46.0-255,66,137806,54,200142
5770,0.009131,172.217.194.0-255,5738,143544,54,200142
5771,0.009139,172.31.46.0-255,66,143610,54,200142
5772,0.011422,172.217.194.0-255,5738,149348,54,200142
5773,0.01143,172.31.46.0-255,66,149414,54,200142
5774,0.013745,172.217.194.0-255,5738,155152,54,200142
5775,0.013754,172.31.46.0-255,66,155218,54,200142
5776,0.016033,172.217.194.0-255,5738,160956,54,200142
5777,0.016041,172.31.46.0-255,66,161022,54,200142
5778,0.018325,172.217.194.0-255,5738,166760,54,200142
5779,0.018333,172.31.46.0-255,66,166826,54,200142
5780,0.020623,172.217.194.0-255,5738,172564,54,200142
5781,0.020632,172.31.46.0-255,66,172630,54,200142
5782,0.02291,172.217.194.0-255,5738,178368,54,200142
5783,0.022919,172.31.46.0-255,66,178434,54,200142
5784,0.025191,172.217.194.0-255,5738,184172,54,200142
5785,0.025198,172.31.46.0-255,66,184238,54,200142
5786,0.025421,172.31.46.0-255,188,184426,54,200142
5787,0.025449,172.31.46.0-255,960,185386,54,200142
5788,0.025709,172.31.46.0-255,1514,186900,54,200142
5789,0.025711,172.31.46.0-255,1436,188336,54,200142
5790,0.026985,104.244.42.0-255,66,188402,54,200142
5791,0.027021,104.244.42.0-255,66,188468,54,200142
5792,0.027297,104.244.42.0-255,66,188534,54,200142
5793,0.027489,172.217.194.0-255,5738,194272,54,200142
5794,0.027495,172.31.46.0-255,66,194338,54,200142
5795,0.029755,172.217.194.0-255,5738,200076,54,200142
5796,0.029762,172.31.46.0-255,66,200142,54,200142
5797,0.0,74.125.130.0-255,146,146,54,235302
5798,2.3e-05,172.31.46.0-255,66,212,54,235302
5799,3.1e-05,74.125.130.0-255,1484,1696,54,235302
5800,3.5e-05,172.31.46.0-255,66,1762,54,235302
5801,4.2e-05,74.125.130.0-255,2902,4664,54,235302
5802,4.5e-05,172.31.46.0-255,66,4730,54,235302
5803,5.1e-05,74.125.130.0-255,4320,9050,54,235302
5804,5.5e-05,172.31.46.0-255,66,9116,54,235302
5805,6.1e-05,74.125.130.0-255,4930,14046,54,235302
5806,6.4e-05,172.31.46.0-255,66,14112,54,235302
5807,0.000349,74.125.130.0-255,1484,15596,54,235302
5808,0.000354,172.31.46.0-255,66,15662,54,235302
5809,0.000361,74.125.130.0-255,2902,18564,54,235302
5810,0.000364,172.31.46.0-255,66,18630,54,235302
5811,0.00039,74.125.130.0-255,5738,24368,54,235302
5812,0.000393,172.31.46.0-255,66,24434,54,235302
5813,0.000397,74.125.130.0-255,2902,27336,54,235302
5814,0.000399,172.31.46.0-255,66,27402,54,235302
5815,0.000404,74.125.130.0-255,3961,31363,54,235302
5816,0.000406,172.31.46.0-255,66,31429,54,235302
5817,0.000977,74.125.130.0-255,1484,32913,54,235302
5818,0.000983,172.31.46.0-255,66,32979,54,235302
5819,0.000989,74.125.130.0-255,2902,35881,54,235302
5820,0.000992,172.31.46.0-255,66,35947,54,235302
5821,0.00101,74.125.130.0-255,4320,40267,54,235302
5822,0.001013,172.31.46.0-255,66,40333,54,235302
5823,0.001044,74.125.130.0-255,5738,46071,54,235302
5824,0.001047,172.31.46.0-255,66,46137,54,235302
5825,0.001062,74.125.130.0-255,3961,50098,54,235302
5826,0.001064,74.125.130.0-255,1484,51582,54,235302
5827,0.001067,172.31.46.0-255,66,51648,54,235302
5828,0.00107,172.31.46.0-255,66,51714,54,235302
5829,0.001082,74.125.130.0-255,5738,57452,54,235302
5830,0.001084,172.31.46.0-255,66,57518,54,235302
5831,0.001112,74.125.130.0-255,7156,64674,54,235302
5832,0.001115,172.31.46.0-255,66,64740,54,235302
5833,0.001117,74.125.130.0-255,1125,65865,54,235302
5834,0.001119,172.31.46.0-255,66,65931,54,235302
5835,0.001259,74.125.130.0-255,646,66577,54,235302
5836,0.001263,172.31.46.0-255,66,66643,54,235302
5837,0.001432,74.125.130.0-255,1484,68127,54,235302
5838,0.001436,172.31.46.0-255,66,68193,54,235302
5839,0.001456,74.125.130.0-255,2902,71095,54,235302
5840,0.001459,172.31.46.0-255,66,71161,54,235302
5841,0.001463,74.125.130.0-255,4320,75481,54,235302
5842,0.001466,172.31.46.0-255,66,75547,54,235302
5843,0.001501,74.125.130.0-255,1484,77031,54,235302
5844,0.001503,172.31.46.0-255,66,77097,54,235302
5845,0.001528,172.31.46.0-255,66,77163,54,235302
5846,0.001563,74.125.130.0-255,4320,81483,54,235302
5847,0.001566,172.31.46.0-255,66,81549,54,235302
5848,0.001585,74.125.130.0-255,2902,84451,54,235302
5849,0.001587,172.31.46.0-255,66,84517,54,235302
5850,0.001593,74.125.130.0-255,4320,88837,54,235302
5851,0.001594,172.31.46.0-255,66,88903,54,235302
5852,0.001615,74.125.130.0-255,3961,92864,54,235302
5853,0.001617,172.31.46.0-255,66,92930,54,235302
5854,0.001787,74.125.130.0-255,1484,94414,54,235302
5855,0.00179,172.31.46.0-255,66,94480,54,235302
5856,0.001811,74.125.130.0-255,2902,97382,54,235302
5857,0.001813,172.31.46.0-255,66,97448,54,235302
5858,0.001818,74.125.130.0-255,2902,100350,54,235302
5859,0.001819,172.31.46.0-255,66,100416,54,235302
5860,0.001825,74.125.130.0-255,4320,104736,54,235302
5861,0.001826,172.31.46.0-255,66,104802,54,235302
5862,0.001864,74.125.130.0-255,2902,107704,54,235302
5863,0.001867,172.31.46.0-255,66,107770,54,235302
5864,0.001886,74.125.130.0-255,5738,113508,54,235302
5865,0.001889,172.31.46.0-255,66,113574,54,235302
5866,0.001894,74.125.130.0-255,5738,119312,54,235302
5867,0.001897,172.31.46.0-255,66,119378,54,235302
5868,0.001922,74.125.130.0-255,4320,123698,54,235302
5869,0.001925,172.31.46.0-255,66,123764,54,235302
5870,0.001929,74.125.130.0-255,3602,127366,54,235302
5871,0.001931,172.31.46.0-255,66,127432,54,235302
5872,0.002069,74.125.130.0-255,1484,128916,54,235302
5873,0.002072,172.31.46.0-255,66,128982,54,235302
5874,0.002078,74.125.130.0-255,2902,131884,54,235302
5875,0.002079,172.31.46.0-255,66,131950,54,235302
5876,0.002106,74.125.130.0-255,5738,137688,54,235302
5877,0.002108,172.31.46.0-255,66,137754,54,235302
5878,0.002113,74.125.130.0-255,4320,142074,54,235302
5879,0.002115,172.31.46.0-255,66,142140,54,235302
5880,0.002139,74.125.130.0-255,2902,145042,54,235302
5881,0.002142,172.31.46.0-255,66,145108,54,235302
5882,0.002158,74.125.130.0-255,2902,148010,54,235302
5883,0.00216,172.31.46.0-255,66,148076,54,235302
5884,0.002194,74.125.130.0-255,4320,152396,54,235302
5885,0.002197,172.31.46.0-255,66,152462,54,235302
5886,0.002218,74.125.130.0-255,2902,155364,54,235302
5887,0.00222,172.31.46.0-255,66,155430,54,235302
5888,0.002227,74.125.130.0-255,6438,161868,54,235302
5889,0.002229,172.31.46.0-255,66,161934,54,235302
5890,0.004521,74.125.130.0-255,5738,167672,54,235302
5891,0.004527,172.31.46.0-255,66,167738,54,235302
5892,0.006826,74.125.130.0-255,5738,173476,54,235302
5893,0.006831,172.31.46.0-255,66,173542,54,235302
5894,0.009143,74.125.130.0-255,5738,179280,54,235302
5895,0.00915,172.31.46.0-255,66,179346,54,235302
5896,0.011449,74.125.130.0-255,5738,185084,54,235302
5897,0.011456,172.31.46.0-255,66,185150,54,235302
5898,0.013753,74.125.130.0-255,5738,190888,54,235302
5899,0.013759,172.31.46.0-255,66,190954,54,235302
5900,0.016058,74.125.130.0-255,5738,196692,54,235302
5901,0.016066,172.31.46.0-255,66,196758,54,235302
5902,0.018355,74.125.130.0-255,4320,201078,54,235302
5903,0.01836,172.31.46.0-255,66,201144,54,235302
5904,0.018374,74.125.130.0-255,1484,202628,54,235302
5905,0.018376,172.31.46.0-255,66,202694,54,235302
5906,0.020656,74.125.130.0-255,5738,208432,54,235302
5907,0.020662,172.31.46.0-255,66,208498,54,235302
5908,0.022429,172.31.46.0-255,172,208670,54,235302
5909,0.022457,172.31.46.0-255,1119,209789,54,235302
5910,0.022507,172.31.46.0-255,1514,211303,54,235302
5911,0.022508,172.31.46.0-255,321,211624,54,235302
5912,0.022969,74.125.130.0-255,5738,217362,54,235302
5913,0.022975,172.31.46.0-255,66,217428,54,235302
5914,0.023954,104.244.42.0-255,66,217494,54,235302
5915,0.024049,104.244.42.0-255,66,217560,54,235302
5916,0.024073,104.244.42.0-255,66,217626,54,235302
5917,0.025274,74.125.130.0-255,2902,220528,54,235302
5918,0.025278,172.31.46.0-255,66,220594,54,235302
5919,0.025298,74.125.130.0-255,2902,223496,54,235302
5920,0.0253,172.31.46.0-255,66,223562,54,235302
5921,0.027581,74.125.130.0-255,2902,226464,54,235302
5922,0.027588,172.31.46.0-255,66,226530,54,235302
5923,0.027609,74.125.130.0-255,2902,229432,54,235302
5924,0.027612,172.31.46.0-255,66,229498,54,235302
5925,0.029893,74.125.130.0-255,5738,235236,54,235302
5926,0.029899,172.31.46.0-255,66,235302,54,235302
5927,0.0,172.217.194.0-255,146,146,54,229556
5928,2.7e-05,172.31.46.0-255,66,212,54,229556
5929,3.5e-05,172.217.194.0-255,1484,1696,54,229556
5930,4e-05,172.31.46.0-255,66,1762,54,229556
5931,5.4e-05,172.217.194.0-255,2902,4664,54,229556
5932,5.8e-05,172.31.46.0-255,66,4730,54,229556
5933,6.7e-05,172.217.194.0-255,7156,11886,54,229556
5934,7.1e-05,172.31.46.0-255,66,11952,54,229556
5935,7.5e-05,172.217.194.0-255,2096,14048,54,229556
5936,7.7e-05,172.31.46.0-255,66,14114,54,229556
5937,0.000141,172.217.194.0-255,1484,15598,54,229556
5938,0.000145,172.31.46.0-255,66,15664,54,229556
5939,0.000158,172.217.194.0-255,2902,18566,54,229556
5940,0.00016,172.31.46.0-255,66,18632,54,229556
5941,0.000171,172.217.194.0-255,5738,24370,54,229556
5942,0.000174,172.31.46.0-255,66,24436,54,229556
5943,0.000228,172.31.46.0-255,66,24502,54,229556
5944,0.00024,172.31.46.0-255,66,24568,54,229556
5945,0.000245,172.217.194.0-255,3961,28529,54,229556
5946,0.000247,172.31.46.0-255,66,28595,54,229556
5947,0.000299,172.217.194.0-255,2902,31497,54,229556
5948,0.000302,172.31.46.0-255,66,31563,54,229556
5949,0.000306,172.217.194.0-255,2902,34465,54,229556
5950,0.000308,172.31.46.0-255,66,34531,54,229556
5951,0.00033,172.217.194.0-255,1484,36015,54,229556
5952,0.000333,172.31.46.0-255,66,36081,54,229556
5953,0.00035,172.31.46.0-255,66,36147,54,229556
5954,0.000352,172.217.194.0-255,1381,37528,54,229556
5955,0.000355,172.31.46.0-255,66,37594,54,229556
5956,0.000415,172.217.194.0-255,121,37715,54,229556
5957,0.000418,172.31.46.0-255,66,37781,54,229556
5958,0.000443,172.217.194.0-255,377,38158,54,229556
5959,0.000446,172.31.46.0-255,66,38224,54,229556
5960,0.000766,172.217.194.0-255,1484,39708,54,229556
5961,0.000771,172.31.46.0-255,66,39774,54,229556
5962,0.000777,172.217.194.0-255,2902,42676,54,229556
5963,0.00078,172.31.46.0-255,66,42742,54,229556
5964,0.000791,172.217.194.0-255,5738,48480,54,229556
5965,0.000793,172.31.46.0-255,66,48546,54,229556
5966,0.000838,172.31.46.0-255,66,48612,54,229556
5967,0.000853,172.31.46.0-255,66,48678,54,229556
5968,0.000883,172.217.194.0-255,2184,50862,54,229556
5969,0.000886,172.31.46.0-255,66,50928,54,229556
5970,0.00089,172.217.194.0-255,2902,53830,54,229556
5971,0.000892,172.31.46.0-255,66,53896,54,229556
5972,0.000897,172.217.194.0-255,2902,56798,54,229556
5973,0.0009,172.31.46.0-255,66,56864,54,229556
5974,0.00093,172.217.194.0-255,7156,64020,54,229556
5975,0.000933,172.31.46.0-255,66,64086,54,229556
5976,0.000957,172.217.194.0-255,2902,66988,54,229556
5977,0.000959,172.31.46.0-255,66,67054,54,229556
5978,0.00101,172.31.46.0-255,66,67120,54,229556
5979,0.001012,172.217.194.0-255,1484,68604,54,229556
5980,0.001015,172.31.46.0-255,66,68670,54,229556
5981,0.001021,172.217.194.0-255,3602,72272,54,229556
5982,0.001024,172.31.46.0-255,66,72338,54,229556
5983,0.001078,172.217.194.0-255,1484,73822,54,229556
5984,0.001085,172.217.194.0-255,2902,76724,54,229556
5985,0.001088,172.31.46.0-255,66,76790,54,229556
5986,0.001093,172.217.194.0-255,2902,79692,54,229556
5987,0.001098,172.31.46.0-255,66,79758,54,229556
5988,0.001117,172.217.194.0-255,2902,82660,54,229556
5989,0.001128,172.217.194.0-255,5738,88398,54,229556
5990,0.001135,172.217.194.0-255,5738,94136,54,229556
5991,0.001146,172.31.46.0-255,66,94202,54,229556
5992,0.00116,172.217.194.0-255,7156,101358,54,229556
5993,0.00117,172.217.194.0-255,5020,106378,54,229556
5994,0.001175,172.31.46.0-255,66,106444,54,229556
5995,0.001296,172.217.194.0-255,1484,107928,54,229556
5996,0.001302,172.217.194.0-255,2902,110830,54,229556
5997,0.00131,172.31.46.0-255,66,110896,54,229556
5998,0.00132,172.217.194.0-255,2902,113798,54,229556
5999,0.001334,172.217.194.0-255,2902,116700,54,229556
6000,0.00134,172.217.194.0-255,5738,122438,54,229556
6001,0.001345,172.31.46.0-255,66,122504,54,229556
6002,0.001373,172.217.194.0-255,7156,129660,54,229556
6003,0.00139,172.31.46.0-255,66,129726,54,229556
6004,0.001703,172.217.194.0-255,1484,131210,54,229556
6005,0.001728,172.217.194.0-255,2902,134112,54,229556
6006,0.001734,172.217.194.0-255,5738,139850,54,229556
6007,0.001772,172.31.46.0-255,66,139916,54,229556
6008,0.001778,172.31.46.0-255,66,139982,54,229556
6009,0.001839,172.217.194.0-255,5020,145002,54,229556
6010,0.001854,172.31.46.0-255,66,145068,54,229556
6011,0.001912,172.217.194.0-255,1484,146552,54,229556
6012,0.001953,172.217.194.0-255,2902,149454,54,229556
6013,0.001959,172.217.194.0-255,4320,153774,54,229556
6014,0.001963,172.31.46.0-255,66,153840,54,229556
6015,0.001972,172.217.194.0-255,1484,155324,54,229556
6016,0.001975,172.217.194.0-255,1484,156808,54,229556
6017,0.002016,172.31.46.0-255,66,156874,54,229556
6018,0.002026,172.217.194.0-255,2902,159776,54,229556
6019,0.002029,172.31.46.0-255,66,159842,54,229556
6020,0.002072,172.31.46.0-255,66,159908,54,229556
6021,0.004105,172.217.194.0-255,5738,165646,54,229556
6022,0.004111,172.31.46.0-255,66,165712,54,229556
6023,0.006161,172.217.194.0-255,5738,171450,54,229556
6024,0.006169,172.31.46.0-255,66,171516,54,229556
6025,0.008191,172.217.194.0-255,5738,177254,54,229556
6026,0.008197,172.31.46.0-255,66,177320,54,229556
6027,0.010244,172.217.194.0-255,5738,183058,54,229556
6028,0.010252,172.31.46.0-255,66,183124,54,229556
6029,0.012277,172.217.194.0-255,5738,188862,54,229556
6030,0.012286,172.31.46.0-255,66,188928,54,229556
6031,0.014328,172.217.194.0-255,5738,194666,54,229556
6032,0.014341,172.31.46.0-255,66,194732,54,229556
6033,0.016366,172.217.194.0-255,5738,200470,54,229556
6034,0.016378,172.31.46.0-255,66,200536,54,229556
6035,0.018464,172.217.194.0-255,5738,206274,54,229556
6036,0.01848,172.31.46.0-255,66,206340,54,229556
6037,0.020523,172.217.194.0-255,5738,212078,54,229556
6038,0.02179,172.31.46.0-255,66,212144,54,229556
6039,0.023838,172.217.194.0-255,5738,217882,54,229556
6040,0.023852,172.31.46.0-255,66,217948,54,229556
6041,0.025946,172.217.194.0-255,5738,223686,54,229556
6042,0.025959,172.31.46.0-255,66,223752,54,229556
6043,0.028001,172.217.194.0-255,5738,229490,54,229556
6044,0.028011,172.31.46.0-255,66,229556,54,229556
6045,0.0,74.125.68.0-255,146,146,54,263805
6046,2.3e-05,172.31.46.0-255,66,212,54,263805
6047,3e-05,74.125.68.0-255,1484,1696,54,263805
6048,3.6e-05,172.31.46.0-255,66,1762,54,263805
6049,3.9e-05,74.125.68.0-255,1484,3246,54,263805
6050,5e-05,172.31.46.0-255,66,3312,54,263805
6051,6.9e-05,74.125.68.0-255,1484,4796,54,263805
6052,7.7e-05,172.31.46.0-255,66,4862,54,263805
6053,8.3e-05,74.125.68.0-255,2902,7764,54,263805
6054,8.5e-05,172.31.46.0-255,66,7830,54,263805
6055,9.1e-05,74.125.68.0-255,4320,12150,54,263805
6056,9.3e-05,172.31.46.0-255,66,12216,54,263805
6057,0.000113,74.125.68.0-255,3509,15725,54,263805
6058,0.000119,172.31.46.0-255,66,15791,54,263805
6059,0.000144,74.125.68.0-255,4320,20111,54,263805
6060,0.000146,172.31.46.0-255,66,20177,54,263805
6061,0.000177,74.125.68.0-255,5738,25915,54,263805
6062,0.000179,172.31.46.0-255,66,25981,54,263805
6063,0.000206,74.125.68.0-255,1484,27465,54,263805
6064,0.000209,172.31.46.0-255,66,27531,54,263805
6065,0.000239,74.125.68.0-255,3961,31492,54,263805
6066,0.000242,172.31.46.0-255,66,31558,54,263805
6067,0.00031,74.125.68.0-255,1484,33042,54,263805
6068,0.000313,172.31.46.0-255,66,33108,54,263805
6069,0.000351,74.125.68.0-255,2902,36010,54,263805
6070,0.000354,172.31.46.0-255,66,36076,54,263805
6071,0.000361,74.125.68.0-255,5738,41814,54,263805
6072,0.000363,172.31.46.0-255,66,41880,54,263805
6073,0.000371,74.125.68.0-255,2902,44782,54,263805
6074,0.000374,172.31.46.0-255,66,44848,54,263805
6075,0.000409,74.125.68.0-255,4320,49168,54,263805
6076,0.000412,172.31.46.0-255,66,49234,54,263805
6077,0.000458,74.125.68.0-255,2902,52136,54,263805
6078,0.000461,172.31.46.0-255,66,52202,54,263805
6079,0.000464,74.125.68.0-255,1484,53686,54,263805
6080,0.000468,74.125.68.0-255,1484,55170,54,263805
6081,0.00047,172.31.46.0-255,66,55236,54,263805
6082,0.000486,74.125.68.0-255,1484,56720,54,263805
6083,0.000511,74.125.68.0-255,5738,62458,54,263805
6084,0.000513,172.31.46.0-255,66,62524,54,263805
6085,0.000517,74.125.68.0-255,2902,65426,54,263805
6086,0.000519,172.31.46.0-255,66,65492,54,263805
6087,0.000557,74.125.68.0-255,766,66258,54,263805
6088,0.000628,74.125.68.0-255,360,66618,54,263805
6089,0.000646,74.125.68.0-255,128,66746,54,263805
6090,0.000704,74.125.68.0-255,351,67097,54,263805
6091,0.000874,74.125.68.0-255,1484,68581,54,263805
6092,0.000878,172.31.46.0-255,66,68647,54,263805
6093,0.000882,74.125.68.0-255,1484,70131,54,263805
6094,0.000909,74.125.68.0-255,1484,71615,54,263805
6095,0.000911,172.31.46.0-255,66,71681,54,263805
6096,0.000918,74.125.68.0-255,5738,77419,54,263805
6097,0.00092,172.31.46.0-255,66,77485,54,263805
6098,0.000946,74.125.68.0-255,2902,80387,54,263805
6099,0.000948,172.31.46.0-255,66,80453,54,263805
6100,0.000982,74.125.68.0-255,1484,81937,54,263805
6101,0.000999,74.125.68.0-255,4320,86257,54,263805
6102,0.001002,172.31.46.0-255,66,86323,54,263805
6103,0.001005,74.125.68.0-255,1484,87807,54,263805
6104,0.00103,74.125.68.0-255,5738,93545,54,263805
6105,0.001033,172.31.46.0-255,66,93611,54,263805
6106,0.001038,74.125.68.0-255,2902,96513,54,263805
6107,0.00104,172.31.46.0-255,66,96579,54,263805
6108,0.001072,74.125.68.0-255,4320,100899,54,263805
6109,0.001075,172.31.46.0-255,66,100965,54,263805
6110,0.001077,74.125.68.0-255,766,101731,54,263805
6111,0.001377,74.125.68.0-255,1484,103215,54,263805
6112,0.001381,172.31.46.0-255,66,103281,54,263805
6113,0.001385,74.125.68.0-255,1484,104765,54,263805
6114,0.001389,74.125.68.0-255,2902,107667,54,263805
6115,0.001391,172.31.46.0-255,66,107733,54,263805
6116,0.001418,74.125.68.0-255,1484,109217,54,263805
6117,0.00144,74.125.68.0-255,4320,113537,54,263805
6118,0.001442,172.31.46.0-255,66,113603,54,263805
6119,0.001445,74.125.68.0-255,1484,115087,54,263805
6120,0.001476,74.125.68.0-255,4320,119407,54,263805
6121,0.001479,172.31.46.0-255,66,119473,54,263805
6122,0.001506,74.125.68.0-255,4320,123793,54,263805
6123,0.001508,172.31.46.0-255,66,123859,54,263805
6124,0.001511,74.125.68.0-255,1484,125343,54,263805
6125,0.001515,74.125.68.0-255,2902,128245,54,263805
6126,0.001517,172.31.46.0-255,66,128311,54,263805
6127,0.001549,74.125.68.0-255,5738,134049,54,263805
6128,0.001552,172.31.46.0-255,66,134115,54,263805
6129,0.001555,74.125.68.0-255,1484,135599,54,263805
6130,0.001579,74.125.68.0-255,766,136365,54,263805
6131,0.001581,172.31.46.0-255,66,136431,54,263805
6132,0.001638,74.125.68.0-255,1484,137915,54,263805
6133,0.001659,74.125.68.0-255,2902,140817,54,263805
6134,0.001661,172.31.46.0-255,66,140883,54,263805
6135,0.001693,74.125.68.0-255,4320,145203,54,263805
6136,0.001695,172.31.46.0-255,66,145269,54,263805
6137,0.001722,74.125.68.0-255,1484,146753,54,263805
6138,0.00173,74.125.68.0-255,7156,153909,54,263805
6139,0.001733,172.31.46.0-255,66,153975,54,263805
6140,0.001738,74.125.68.0-255,4320,158295,54,263805
6141,0.00174,172.31.46.0-255,66,158361,54,263805
6142,0.001761,74.125.68.0-255,2902,161263,54,263805
6143,0.001767,172.31.46.0-255,66,161329,54,263805
6144,0.001779,74.125.68.0-255,2902,164231,54,263805
6145,0.001786,172.31.46.0-255,66,164297,54,263805
6146,0.00179,74.125.68.0-255,2902,167199,54,263805
6147,0.001792,172.31.46.0-255,66,167265,54,263805
6148,0.001814,74.125.68.0-255,2902,170167,54,263805
6149,0.001817,172.31.46.0-255,66,170233,54,263805
6150,0.001824,74.125.68.0-255,766,170999,54,263805
6151,0.001894,74.125.68.0-255,1484,172483,54,263805
6152,0.001898,172.31.46.0-255,66,172549,54,263805
6153,0.001902,74.125.68.0-255,1484,174033,54,263805
6154,0.001923,74.125.68.0-255,1484,175517,54,263805
6155,0.001928,172.31.46.0-255,66,175583,54,263805
6156,0.001959,74.125.68.0-255,5738,181321,54,263805
6157,0.001962,172.31.46.0-255,66,181387,54,263805
6158,0.001965,74.125.68.0-255,1484,182871,54,263805
6159,0.001988,74.125.68.0-255,5738,188609,54,263805
6160,0.001991,172.31.46.0-255,66,188675,54,263805
6161,0.002018,74.125.68.0-255,2902,191577,54,263805
6162,0.00202,172.31.46.0-255,66,191643,54,263805
6163,0.002057,172.31.46.0-255,66,191709,54,263805
6164,0.00206,74.125.68.0-255,1484,193193,54,263805
6165,0.002094,74.125.68.0-255,2184,195377,54,263805
6166,0.002096,172.31.46.0-255,66,195443,54,263805
6167,0.004329,74.125.68.0-255,1484,196927,54,263805
6168,0.004362,74.125.68.0-255,2902,199829,54,263805
6169,0.004367,172.31.46.0-255,66,199895,54,263805
6170,0.004385,74.125.68.0-255,1484,201379,54,263805
6171,0.006662,74.125.68.0-255,4320,205699,54,263805
6172,0.006665,172.31.46.0-255,66,205765,54,263805
6173,0.008946,74.125.68.0-255,5738,211503,54,263805
6174,0.008952,172.31.46.0-255,66,211569,54,263805
6175,0.011241,74.125.68.0-255,5738,217307,54,263805
6176,0.011248,172.31.46.0-255,66,217373,54,263805
6177,0.013542,74.125.68.0-255,5738,223111,54,263805
6178,0.01355,172.31.46.0-255,66,223177,54,263805
6179,0.015841,74.125.68.0-255,5738,228915,54,263805
6180,0.015852,172.31.46.0-255,66,228981,54,263805
6181,0.018158,74.125.68.0-255,5738,234719,54,263805
6182,0.018166,172.31.46.0-255,66,234785,54,263805
6183,0.020455,74.125.68.0-255,5738,240523,54,263805
6184,0.020463,172.31.46.0-255,66,240589,54,263805
6185,0.022746,74.125.68.0-255,5738,246327,54,263805
6186,0.022753,172.31.46.0-255,66,246393,54,263805
6187,0.025049,74.125.68.0-255,5738,252131,54,263805
6188,0.025057,172.31.46.0-255,66,252197,54,263805
6189,0.027353,74.125.68.0-255,5738,257935,54,263805
6190,0.02736,172.31.46.0-255,66,258001,54,263805
6191,0.029653,74.125.68.0-255,5738,263739,54,263805
6192,0.029662,172.31.46.0-255,66,263805,54,263805
6193,0.0,74.125.68.0-255,147,147,54,248573
6194,1.4e-05,172.31.46.0-255,66,213,54,248573
6195,2.1e-05,74.125.68.0-255,1484,1697,54,248573
6196,2.5e-05,172.31.46.0-255,66,1763,54,248573
6197,2.8e-05,74.125.68.0-255,1484,3247,54,248573
6198,3e-05,172.31.46.0-255,66,3313,54,248573
6199,4.7e-05,74.125.68.0-255,2902,6215,54,248573
6200,5e-05,172.31.46.0-255,66,6281,54,248573
6201,5.3e-05,74.125.68.0-255,1484,7765,54,248573
6202,5.5e-05,172.31.46.0-255,66,7831,54,248573
6203,7.9e-05,74.125.68.0-255,4320,12151,54,248573
6204,8.2e-05,172.31.46.0-255,66,12217,54,248573
6205,8.8e-05,74.125.68.0-255,4895,17112,54,248573
6206,9e-05,172.31.46.0-255,66,17178,54,248573
6207,9.3e-05,74.125.68.0-255,1484,18662,54,248573
6208,9.4e-05,172.31.46.0-255,66,18728,54,248573
6209,0.000117,74.125.68.0-255,4320,23048,54,248573
6210,0.000119,172.31.46.0-255,66,23114,54,248573
6211,0.000156,172.31.46.0-255,66,23180,54,248573
6212,0.00023,74.125.68.0-255,1484,24664,54,248573
6213,0.000233,172.31.46.0-255,66,24730,54,248573
6214,0.000239,74.125.68.0-255,2902,27632,54,248573
6215,0.000241,172.31.46.0-255,66,27698,54,248573
6216,0.000253,74.125.68.0-255,2902,30600,54,248573
6217,0.000256,172.31.46.0-255,66,30666,54,248573
6218,0.000274,74.125.68.0-255,2902,33568,54,248573
6219,0.000276,172.31.46.0-255,66,33634,54,248573
6220,0.000296,172.31.46.0-255,66,33700,54,248573
6221,0.000299,74.125.68.0-255,1484,35184,54,248573
6222,0.000302,172.31.46.0-255,66,35250,54,248573
6223,0.000331,74.125.68.0-255,7156,42406,54,248573
6224,0.000334,172.31.46.0-255,66,42472,54,248573
6225,0.000339,74.125.68.0-255,4320,46792,54,248573
6226,0.000341,172.31.46.0-255,66,46858,54,248573
6227,0.000359,74.125.68.0-255,2856,49714,54,248573
6228,0.000361,172.31.46.0-255,66,49780,54,248573
6229,0.000364,74.125.68.0-255,109,49889,54,248573
6230,0.000367,74.125.68.0-255,332,50221,54,248573
6231,0.000578,74.125.68.0-255,1484,51705,54,248573
6232,0.000583,172.31.46.0-255,66,51771,54,248573
6233,0.000588,74.125.68.0-255,2902,54673,54,248573
6234,0.000591,172.31.46.0-255,66,54739,54,248573
6235,0.000619,74.125.68.0-255,5738,60477,54,248573
6236,0.000624,172.31.46.0-255,66,60543,54,248573
6237,0.000675,172.31.46.0-255,66,60609,54,248573
6238,0.000687,172.31.46.0-255,66,60675,54,248573
6239,0.000704,74.125.68.0-255,1484,62159,54,248573
6240,0.000708,74.125.68.0-255,2184,64343,54,248573
6241,0.000711,172.31.46.0-255,66,64409,54,248573
6242,0.000994,74.125.68.0-255,1484,65893,54,248573
6243,0.001,74.125.68.0-255,1484,67377,54,248573
6244,0.001003,172.31.46.0-255,66,67443,54,248573
6245,0.001021,74.125.68.0-255,1484,68927,54,248573
6246,0.001028,74.125.68.0-255,5738,74665,54,248573
6247,0.00103,172.31.46.0-255,66,74731,54,248573
6248,0.001111,74.125.68.0-255,4320,79051,54,248573
6249,0.001115,172.31.46.0-255,66,79117,54,248573
6250,0.001151,172.31.46.0-255,66,79183,54,248573
6251,0.001154,172.31.46.0-255,66,79249,54,248573
6252,0.001636,74.125.68.0-255,1484,80733,54,248573
6253,0.001641,74.125.68.0-255,1484,82217,54,248573
6254,0.001644,172.31.46.0-255,66,82283,54,248573
6255,0.001663,74.125.68.0-255,1484,83767,54,248573
6256,0.001667,74.125.68.0-255,1484,85251,54,248573
6257,0.001669,172.31.46.0-255,66,85317,54,248573
6258,0.001674,74.125.68.0-255,2902,88219,54,248573
6259,0.001676,172.31.46.0-255,66,88285,54,248573
6260,0.00168,74.125.68.0-255,2902,91187,54,248573
6261,0.001682,172.31.46.0-255,66,91253,54,248573
6262,0.001694,74.125.68.0-255,2902,94155,54,248573
6263,0.001696,172.31.46.0-255,66,94221,54,248573
6264,0.001713,74.125.68.0-255,5738,99959,54,248573
6265,0.001716,172.31.46.0-255,66,100025,54,248573
6266,0.001747,74.125.68.0-255,7156,107181,54,248573
6267,0.001749,172.31.46.0-255,66,107247,54,248573
6268,0.001772,74.125.68.0-255,4320,111567,54,248573
6269,0.001774,172.31.46.0-255,66,111633,54,248573
6270,0.001788,74.125.68.0-255,2184,113817,54,248573
6271,0.00179,172.31.46.0-255,66,113883,54,248573
6272,0.001866,74.125.68.0-255,1484,115367,54,248573
6273,0.001901,74.125.68.0-255,2902,118269,54,248573
6274,0.001904,172.31.46.0-255,66,118335,54,248573
6275,0.001908,74.125.68.0-255,1484,119819,54,248573
6276,0.001932,74.125.68.0-255,2902,122721,54,248573
6277,0.001935,172.31.46.0-255,66,122787,54,248573
6278,0.001957,74.125.68.0-255,5738,128525,54,248573
6279,0.00196,172.31.46.0-255,66,128591,54,248573
6280,0.001965,74.125.68.0-255,4320,132911,54,248573
6281,0.001968,172.31.46.0-255,66,132977,54,248573
6282,0.001996,74.125.68.0-255,5738,138715,54,248573
6283,0.001999,172.31.46.0-255,66,138781,54,248573
6284,0.002019,74.125.68.0-255,5738,144519,54,248573
6285,0.002022,172.31.46.0-255,66,144585,54,248573
6286,0.002042,74.125.68.0-255,3602,148187,54,248573
6287,0.002044,172.31.46.0-255,66,148253,54,248573
6288,0.002091,74.125.68.0-255,1484,149737,54,248573
6289,0.002097,74.125.68.0-255,2902,152639,54,248573
6290,0.002099,172.31.46.0-255,66,152705,54,248573
6291,0.002119,74.125.68.0-255,2902,155607,54,248573
6292,0.002122,172.31.46.0-255,66,155673,54,248573
6293,0.002146,74.125.68.0-255,4320,159993,54,248573
6294,0.002149,172.31.46.0-255,66,160059,54,248573
6295,0.002152,74.125.68.0-255,1484,161543,54,248573
6296,0.002174,74.125.68.0-255,7156,168699,54,248573
6297,0.002177,172.31.46.0-255,66,168765,54,248573
6298,0.002181,74.125.68.0-255,2902,171667,54,248573
6299,0.002184,172.31.46.0-255,66,171733,54,248573
6300,0.00223,172.31.46.0-255,66,171799,54,248573
6301,0.002249,74.125.68.0-255,2184,173983,54,248573
6302,0.002252,172.31.46.0-255,66,174049,54,248573
6303,0.00448,74.125.68.0-255,2902,176951,54,248573
6304,0.004488,172.31.46.0-255,66,177017,54,248573
6305,0.00451,74.125.68.0-255,2902,179919,54,248573
6306,0.004512,172.31.46.0-255,66,179985,54,248573
6307,0.006748,74.125.68.0-255,2902,182887,54,248573
6308,0.006753,172.31.46.0-255,66,182953,54,248573
6309,0.006774,74.125.68.0-255,2902,185855,54,248573
6310,0.006777,172.31.46.0-255,66,185921,54,248573
6311,0.009009,74.125.68.0-255,2902,188823,54,248573
6312,0.009016,172.31.46.0-255,66,188889,54,248573
6313,0.009035,74.125.68.0-255,2902,191791,54,248573
6314,0.009038,172.31.46.0-255,66,191857,54,248573
6315,0.01127,74.125.68.0-255,2902,194759,54,248573
6316,0.011277,172.31.46.0-255,66,194825,54,248573
6317,0.011298,74.125.68.0-255,2902,197727,54,248573
6318,0.0113,172.31.46.0-255,66,197793,54,248573
6319,0.013532,74.125.68.0-255,2902,200695,54,248573
6320,0.013541,172.31.46.0-255,66,200761,54,248573
6321,0.013562,74.125.68.0-255,2902,203663,54,248573
6322,0.013564,172.31.46.0-255,66,203729,54,248573
6323,0.015792,74.125.68.0-255,2902,206631,54,248573
6324,0.015802,172.31.46.0-255,66,206697,54,248573
6325,0.015825,74.125.68.0-255,2902,209599,54,248573
6326,0.015828,172.31.46.0-255,66,209665,54,248573
6327,0.01807,74.125.68.0-255,5738,215403,54,248573
6328,0.018079,172.31.46.0-255,66,215469,54,248573
6329,0.020345,74.125.68.0-255,5738,221207,54,248573
6330,0.020354,172.31.46.0-255,66,221273,54,248573
6331,0.022613,74.125.68.0-255,5738,227011,54,248573
6332,0.022621,172.31.46.0-255,66,227077,54,248573
6333,0.024883,74.125.68.0-255,5738,232815,54,248573
6334,0.024891,172.31.46.0-255,66,232881,54,248573
6335,0.027191,74.125.68.0-255,5738,238619,54,248573
6336,0.027199,172.31.46.0-255,66,238685,54,248573
6337,0.029466,74.125.68.0-255,5738,244423,54,248573
6338,0.029474,172.31.46.0-255,66,244489,54,248573
6339,0.029567,172.31.46.0-255,172,244661,54,248573
6340,0.029597,172.31.46.0-255,1119,245780,54,248573
6341,0.029807,172.31.46.0-255,1514,247294,54,248573
6342,0.02981,172.31.46.0-255,1279,248573,54,248573
6343,0.0,74.125.24.0-255,146,146,54,161311
6344,4.4e-05,172.31.46.0-255,66,212,54,161311
6345,5.1e-05,74.125.24.0-255,1484,1696,54,161311
6346,5.6e-05,172.31.46.0-255,66,1762,54,161311
6347,6.2e-05,74.125.24.0-255,2902,4664,54,161311
6348,7.2e-05,172.31.46.0-255,66,4730,54,161311
6349,7.9e-05,74.125.24.0-255,7156,11886,54,161311
6350,8.1e-05,172.31.46.0-255,66,11952,54,161311
6351,8.5e-05,74.125.24.0-255,2091,14043,54,161311
6352,8.8e-05,172.31.46.0-255,66,14109,54,161311
6353,0.000157,74.125.24.0-255,1484,15593,54,161311
6354,0.00016,172.31.46.0-255,66,15659,54,161311
6355,0.000186,74.125.24.0-255,2902,18561,54,161311
6356,0.000189,172.31.46.0-255,66,18627,54,161311
6357,0.000194,74.125.24.0-255,2902,21529,54,161311
6358,0.000197,172.31.46.0-255,66,21595,54,161311
6359,0.000228,74.125.24.0-255,2902,24497,54,161311
6360,0.000231,172.31.46.0-255,66,24563,54,161311
6361,0.000238,74.125.24.0-255,6797,31360,54,161311
6362,0.000241,172.31.46.0-255,66,31426,54,161311
6363,0.000249,74.125.24.0-255,1484,32910,54,161311
6364,0.000251,172.31.46.0-255,66,32976,54,161311
6365,0.000285,74.125.24.0-255,5738,38714,54,161311
6366,0.000291,172.31.46.0-255,66,38780,54,161311
6367,0.000295,172.31.46.0-255,66,38846,54,161311
6368,0.000351,74.125.24.0-255,1484,40330,54,161311
6369,0.000355,172.31.46.0-255,66,40396,54,161311
6370,0.000381,74.125.24.0-255,2902,43298,54,161311
6371,0.000384,172.31.46.0-255,66,43364,54,161311
6372,0.000387,74.125.24.0-255,1484,44848,54,161311
6373,0.000389,172.31.46.0-255,66,44914,54,161311
6374,0.000395,74.125.24.0-255,4320,49234,54,161311
6375,0.000403,172.31.46.0-255,66,49300,54,161311
6376,0.000428,74.125.24.0-255,1484,50784,54,161311
6377,0.000431,172.31.46.0-255,66,50850,54,161311
6378,0.000438,74.125.24.0-255,5379,56229,54,161311
6379,0.000441,172.31.46.0-255,66,56295,54,161311
6380,0.000505,74.125.24.0-255,402,56697,54,161311
6381,0.00051,172.31.46.0-255,66,56763,54,161311
6382,0.00055,74.125.24.0-255,111,56874,54,161311
6383,0.000552,172.31.46.0-255,66,56940,54,161311
6384,0.000586,74.125.24.0-255,327,57267,54,161311
6385,0.000589,172.31.46.0-255,66,57333,54,161311
6386,0.000874,74.125.24.0-255,1484,58817,54,161311
6387,0.000879,172.31.46.0-255,66,58883,54,161311
6388,0.000889,74.125.24.0-255,2902,61785,54,161311
6389,0.000898,172.31.46.0-255,66,61851,54,161311
6390,0.000905,74.125.24.0-255,5738,67589,54,161311
6391,0.000907,172.31.46.0-255,66,67655,54,161311
6392,0.000953,172.31.46.0-255,66,67721,54,161311
6393,0.000979,74.125.24.0-255,5738,73459,54,161311
6394,0.000983,172.31.46.0-255,66,73525,54,161311
6395,0.001017,172.31.46.0-255,66,73591,54,161311
6396,0.001939,74.125.24.0-255,1484,75075,54,161311
6397,0.001946,172.31.46.0-255,66,75141,54,161311
6398,0.001953,74.125.24.0-255,2902,78043,54,161311
6399,0.001955,172.31.46.0-255,66,78109,54,161311
6400,0.001966,74.125.24.0-255,5738,83847,54,161311
6401,0.001968,172.31.46.0-255,66,83913,54,161311
6402,0.002004,172.31.46.0-255,66,83979,54,161311
6403,0.002036,74.125.24.0-255,1484,85463,54,161311
6404,0.002039,172.31.46.0-255,66,85529,54,161311
6405,0.002071,172.31.46.0-255,66,85595,54,161311
6406,0.004173,74.125.24.0-255,2902,88497,54,161311
6407,0.004178,172.31.46.0-255,66,88563,54,161311
6408,0.004202,74.125.24.0-255,2902,91465,54,161311
6409,0.004205,172.31.46.0-255,66,91531,54,161311
6410,0.006284,74.125.24.0-255,5738,97269,54,161311
6411,0.006292,172.31.46.0-255,66,97335,54,161311
6412,0.008407,74.125.24.0-255,5738,103073,54,161311
6413,0.008419,172.31.46.0-255,66,103139,54,161311
6414,0.010508,74.125.24.0-255,5738,108877,54,161311
6415,0.010518,172.31.46.0-255,66,108943,54,161311
6416,0.012618,74.125.24.0-255,5738,114681,54,161311
6417,0.012625,172.31.46.0-255,66,114747,54,161311
6418,0.014689,74.125.24.0-255,5738,120485,54,161311
6419,0.014695,172.31.46.0-255,66,120551,54,161311
6420,0.016784,74.125.24.0-255,4320,124871,54,161311
6421,0.016793,172.31.46.0-255,66,124937,54,161311
6422,0.01682,74.125.24.0-255,1484,126421,54,161311
6423,0.016823,172.31.46.0-255,66,126487,54,161311
6424,0.018908,74.125.24.0-255,5738,132225,54,161311
6425,0.018917,172.31.46.0-255,66,132291,54,161311
6426,0.020999,74.125.24.0-255,5738,138029,54,161311
6427,0.021012,172.31.46.0-255,66,138095,54,161311
6428,0.023134,74.125.24.0-255,5738,143833,54,161311
6429,0.023144,172.31.46.0-255,66,143899,54,161311
6430,0.025282,74.125.24.0-255,5738,149637,54,161311
6431,0.025295,172.31.46.0-255,66,149703,54,161311
6432,0.02739,74.125.24.0-255,5738,155441,54,161311
6433,0.027404,172.31.46.0-255,66,155507,54,161311
6434,0.029516,74.125.24.0-255,5738,161245,54,161311
6435,0.029528,172.31.46.0-255,66,161311,54,161311
6436,0.0,74.125.200.0-255,143,143,54,285015
6437,2.4e-05,172.31.46.0-255,66,209,54,285015
6438,3.1e-05,74.125.200.0-255,1484,1693,54,285015
6439,3.6e-05,172.31.46.0-255,66,1759,54,285015
6440,4.3e-05,74.125.200.0-255,2902,4661,54,285015
6441,4.6e-05,172.31.46.0-255,66,4727,54,285015
6442,6.4e-05,74.125.200.0-255,1484,6211,54,285015
6443,6.7e-05,172.31.46.0-255,66,6277,54,285015
6444,9.5e-05,74.125.200.0-255,5738,12015,54,285015
6445,9.9e-05,172.31.46.0-255,66,12081,54,285015
6446,0.000103,74.125.200.0-255,2091,14172,54,285015
6447,0.000105,172.31.46.0-255,66,14238,54,285015
6448,0.00011,74.125.200.0-255,2902,17140,54,285015
6449,0.000113,172.31.46.0-255,66,17206,54,285015
6450,0.00012,74.125.200.0-255,7156,24362,54,285015
6451,0.000123,172.31.46.0-255,66,24428,54,285015
6452,0.000128,74.125.200.0-255,2902,27330,54,285015
6453,0.00013,172.31.46.0-255,66,27396,54,285015
6454,0.000152,74.125.200.0-255,1484,28880,54,285015
6455,0.000154,172.31.46.0-255,66,28946,54,285015
6456,0.000168,74.125.200.0-255,2543,31489,54,285015
6457,0.00017,172.31.46.0-255,66,31555,54,285015
6458,0.000264,74.125.200.0-255,1484,33039,54,285015
6459,0.000267,172.31.46.0-255,66,33105,54,285015
6460,0.000272,74.125.200.0-255,2902,36007,54,285015
6461,0.000274,172.31.46.0-255,66,36073,54,285015
6462,0.000292,74.125.200.0-255,1484,37557,54,285015
6463,0.000294,172.31.46.0-255,66,37623,54,285015
6464,0.000309,74.125.200.0-255,4320,41943,54,285015
6465,0.000312,172.31.46.0-255,66,42009,54,285015
6466,0.000315,74.125.200.0-255,1484,43493,54,285015
6467,0.000316,172.31.46.0-255,66,43559,54,285015
6468,0.000337,74.125.200.0-255,2902,46461,54,285015
6469,0.000362,74.125.200.0-255,3961,50422,54,285015
6470,0.000383,74.125.200.0-255,4320,54742,54,285015
6471,0.000414,74.125.200.0-255,5738,60480,54,285015
6472,0.000427,74.125.200.0-255,2902,63382,54,285015
6473,0.000459,74.125.200.0-255,2543,65925,54,285015
6474,0.000486,74.125.200.0-255,362,66287,54,285015
6475,0.00052,74.125.200.0-255,380,66667,54,285015
6476,0.000586,172.31.46.0-255,66,66733,54,285015
6477,0.000902,74.125.200.0-255,1484,68217,54,285015
6478,0.000933,74.125.200.0-255,2902,71119,54,285015
6479,0.000943,172.31.46.0-255,66,71185,54,285015
6480,0.000952,74.125.200.0-255,1484,72669,54,285015
6481,0.000968,74.125.200.0-255,4320,76989,54,285015
6482,0.00099,74.125.200.0-255,7156,84145,54,285015
6483,0.001,172.31.46.0-255,66,84211,54,285015
6484,0.001018,74.125.200.0-255,2902,87113,54,285015
6485,0.001028,172.31.46.0-255,66,87179,54,285015
6486,0.00104,74.125.200.0-255,4320,91499,54,285015
6487,0.001057,74.125.200.0-255,4320,95819,54,285015
6488,0.001071,74.125.200.0-255,5020,100839,54,285015
6489,0.001082,172.31.46.0-255,66,100905,54,285015
6490,0.001242,74.125.200.0-255,1484,102389,54,285015
6491,0.001246,74.125.200.0-255,1484,103873,54,285015
6492,0.001248,172.31.46.0-255,66,103939,54,285015
6493,0.001269,74.125.200.0-255,1484,105423,54,285015
6494,0.001275,74.125.200.0-255,4320,109743,54,285015
6495,0.001293,74.125.200.0-255,7156,116899,54,285015
6496,0.001296,172.31.46.0-255,66,116965,54,285015
6497,0.001304,74.125.200.0-255,1484,118449,54,285015
6498,0.001308,74.125.200.0-255,1484,119933,54,285015
6499,0.001312,172.31.46.0-255,66,119999,54,285015
6500,0.001325,74.125.200.0-255,7156,127155,54,285015
6501,0.001349,172.31.46.0-255,66,127221,54,285015
6502,0.001367,74.125.200.0-255,1484,128705,54,285015
6503,0.001395,74.125.200.0-255,6438,135143,54,285015
6504,0.001403,172.31.46.0-255,66,135209,54,285015
6505,0.001512,74.125.200.0-255,1484,136693,54,285015
6506,0.001517,74.125.200.0-255,2902,139595,54,285015
6507,0.00152,172.31.46.0-255,66,139661,54,285015
6508,0.00155,74.125.200.0-255,4320,143981,54,285015
6509,0.001566,74.125.200.0-255,1484,145465,54,285015
6510,0.001568,74.125.200.0-255,1484,146949,54,285015
6511,0.001571,172.31.46.0-255,66,147015,54,285015
6512,0.001576,172.31.46.0-255,66,147081,54,285015
6513,0.001613,74.125.200.0-255,2902,149983,54,285015
6514,0.001631,172.31.46.0-255,66,150049,54,285015
6515,0.001644,74.125.200.0-255,1484,151533,54,285015
6516,0.001673,74.125.200.0-255,2902,154435,54,285015
6517,0.001677,74.125.200.0-255,2902,157337,54,285015
6518,0.00168,74.125.200.0-255,1484,158821,54,285015
6519,0.00169,172.31.46.0-255,66,158887,54,285015
6520,0.001695,74.125.200.0-255,2902,161789,54,285015
6521,0.0017,172.31.46.0-255,66,161855,54,285015
6522,0.00172,74.125.200.0-255,2902,164757,54,285015
6523,0.001741,74.125.200.0-255,5020,169777,54,285015
6524,0.001744,172.31.46.0-255,66,169843,54,285015
6525,0.00175,172.31.46.0-255,66,169909,54,285015
6526,0.001822,74.125.200.0-255,1484,171393,54,285015
6527,0.001825,74.125.200.0-255,1484,172877,54,285015
6528,0.001829,172.31.46.0-255,66,172943,54,285015
6529,0.001838,74.125.200.0-255,1484,174427,54,285015
6530,0.001855,74.125.200.0-255,5738,180165,54,285015
6531,0.001861,74.125.200.0-255,4320,184485,54,285015
6532,0.001876,172.31.46.0-255,66,184551,54,285015
6533,0.001886,74.125.200.0-255,5738,190289,54,285015
6534,0.001924,172.31.46.0-255,66,190355,54,285015
6535,0.001958,172.31.46.0-255,66,190421,54,285015
6536,0.001961,74.125.200.0-255,1484,191905,54,285015
6537,0.002012,74.125.200.0-255,1484,193389,54,285015
6538,0.002015,172.31.46.0-255,66,193455,54,285015
6539,0.002057,172.31.46.0-255,66,193521,54,285015
6540,0.002071,74.125.200.0-255,4320,197841,54,285015
6541,0.002083,74.125.200.0-255,766,198607,54,285015
6542,0.002101,74.125.200.0-255,4320,202927,54,285015
6543,0.002107,172.31.46.0-255,66,202993,54,285015
6544,0.002123,74.125.200.0-255,1484,204477,54,285015
6545,0.002128,74.125.200.0-255,2902,207379,54,285015
6546,0.002147,74.125.200.0-255,4320,211699,54,285015
6547,0.002159,172.31.46.0-255,66,211765,54,285015
6548,0.002175,74.125.200.0-255,4320,216085,54,285015
6549,0.002206,74.125.200.0-255,5738,221823,54,285015
6550,0.00221,74.125.200.0-255,2902,224725,54,285015
6551,0.002232,74.125.200.0-255,2902,227627,54,285015
6552,0.002265,74.125.200.0-255,5020,232647,54,285015
6553,0.002319,74.125.200.0-255,1484,234131,54,285015
6554,0.002323,74.125.200.0-255,2902,237033,54,285015
6555,0.002335,74.125.200.0-255,1484,238517,54,285015
6556,0.008461,172.31.46.0-255,66,238583,54,285015
6557,0.010806,74.125.200.0-255,5738,244321,54,285015
6558,0.010819,172.31.46.0-255,66,244387,54,285015
6559,0.013153,74.125.200.0-255,5738,250125,54,285015
6560,0.013164,172.31.46.0-255,66,250191,54,285015
6561,0.015501,74.125.200.0-255,5738,255929,54,285015
6562,0.016161,172.31.46.0-255,66,255995,54,285015
6563,0.01851,74.125.200.0-255,5738,261733,54,285015
6564,0.018526,172.31.46.0-255,66,261799,54,285015
6565,0.020851,74.125.200.0-255,5738,267537,54,285015
6566,0.020865,172.31.46.0-255,66,267603,54,285015
6567,0.023205,74.125.200.0-255,5738,273341,54,285015
6568,0.023213,172.31.46.0-255,66,273407,54,285015
6569,0.025546,74.125.200.0-255,5738,279145,54,285015
6570,0.02556,172.31.46.0-255,66,279211,54,285015
6571,0.027888,74.125.200.0-255,5738,284949,54,285015
6572,0.027898,172.31.46.0-255,66,285015,54,285015
6573,0.0,74.125.68.0-255,162,162,54,253820
6574,2.4e-05,172.31.46.0-255,66,228,54,253820
6575,3.2e-05,74.125.68.0-255,1484,1712,54,253820
6576,3.6e-05,172.31.46.0-255,66,1778,54,253820
6577,4.9e-05,74.125.68.0-255,2902,4680,54,253820
6578,5.2e-05,172.31.46.0-255,66,4746,54,253820
6579,5.9e-05,74.125.68.0-255,5738,10484,54,253820
6580,6.1e-05,172.31.46.0-255,66,10550,54,253820
6581,9.7e-05,74.125.68.0-255,3459,14009,54,253820
6582,0.0001,172.31.46.0-255,66,14075,54,253820
6583,0.000106,74.125.68.0-255,4320,18395,54,253820
6584,0.000108,172.31.46.0-255,66,18461,54,253820
6585,0.000158,172.31.46.0-255,66,18527,54,253820
6586,0.000186,74.125.68.0-255,3961,22488,54,253820
6587,0.000189,172.31.46.0-255,66,22554,54,253820
6588,0.000242,74.125.68.0-255,1484,24038,54,253820
6589,0.000244,172.31.46.0-255,66,24104,54,253820
6590,0.000262,74.125.68.0-255,2902,27006,54,253820
6591,0.000265,172.31.46.0-255,66,27072,54,253820
6592,0.00029,74.125.68.0-255,4320,31392,54,253820
6593,0.000293,172.31.46.0-255,66,31458,54,253820
6594,0.000323,74.125.68.0-255,5738,37196,54,253820
6595,0.000326,172.31.46.0-255,66,37262,54,253820
6596,0.000351,74.125.68.0-255,2902,40164,54,253820
6597,0.000353,172.31.46.0-255,66,40230,54,253820
6598,0.000391,172.31.46.0-255,66,40296,54,253820
6599,0.000433,74.125.68.0-255,6438,46734,54,253820
6600,0.000436,172.31.46.0-255,66,46800,54,253820
6601,0.000454,74.125.68.0-255,423,47223,54,253820
6602,0.000456,172.31.46.0-255,66,47289,54,253820
6603,0.000517,74.125.68.0-255,350,47639,54,253820
6604,0.000543,74.125.68.0-255,1484,49123,54,253820
6605,0.000545,172.31.46.0-255,66,49189,54,253820
6606,0.000567,74.125.68.0-255,4320,53509,54,253820
6607,0.00057,172.31.46.0-255,66,53575,54,253820
6608,0.000573,74.125.68.0-255,1484,55059,54,253820
6609,0.000599,74.125.68.0-255,7156,62215,54,253820
6610,0.000602,172.31.46.0-255,66,62281,54,253820
6611,0.000627,74.125.68.0-255,1995,64276,54,253820
6612,0.000629,172.31.46.0-255,66,64342,54,253820
6613,0.00092,74.125.68.0-255,1484,65826,54,253820
6614,0.000966,74.125.68.0-255,2902,68728,54,253820
6615,0.000969,172.31.46.0-255,66,68794,54,253820
6616,0.000973,74.125.68.0-255,1484,70278,54,253820
6617,0.000997,74.125.68.0-255,1484,71762,54,253820
6618,0.000999,172.31.46.0-255,66,71828,54,253820
6619,0.001005,74.125.68.0-255,4320,76148,54,253820
6620,0.001007,172.31.46.0-255,66,76214,54,253820
6621,0.001041,74.125.68.0-255,2902,79116,54,253820
6622,0.001043,172.31.46.0-255,66,79182,54,253820
6623,0.001049,74.125.68.0-255,4320,83502,54,253820
6624,0.001051,172.31.46.0-255,66,83568,54,253820
6625,0.001082,172.31.46.0-255,66,83634,54,253820
6626,0.001085,74.125.68.0-255,1484,85118,54,253820
6627,0.001114,74.125.68.0-255,4320,89438,54,253820
6628,0.001117,172.31.46.0-255,66,89504,54,253820
6629,0.00112,74.125.68.0-255,766,90270,54,253820
6630,0.001408,74.125.68.0-255,1484,91754,54,253820
6631,0.001414,172.31.46.0-255,66,91820,54,253820
6632,0.001419,74.125.68.0-255,2902,94722,54,253820
6633,0.001421,172.31.46.0-255,66,94788,54,253820
6634,0.001457,74.125.68.0-255,5738,100526,54,253820
6635,0.001459,172.31.46.0-255,66,100592,54,253820
6636,0.00149,74.125.68.0-255,7156,107748,54,253820
6637,0.001492,172.31.46.0-255,66,107814,54,253820
6638,0.001499,74.125.68.0-255,4320,112134,54,253820
6639,0.0015,172.31.46.0-255,66,112200,54,253820
6640,0.001518,74.125.68.0-255,2902,115102,54,253820
6641,0.00152,172.31.46.0-255,66,115168,54,253820
6642,0.001544,74.125.68.0-255,2902,118070,54,253820
6643,0.001546,172.31.46.0-255,66,118136,54,253820
6644,0.001554,74.125.68.0-255,6438,124574,54,253820
6645,0.001556,172.31.46.0-255,66,124640,54,253820
6646,0.001728,74.125.68.0-255,1484,126124,54,253820
6647,0.001732,74.125.68.0-255,1484,127608,54,253820
6648,0.001735,172.31.46.0-255,66,127674,54,253820
6649,0.001769,74.125.68.0-255,2902,130576,54,253820
6650,0.001772,74.125.68.0-255,1484,132060,54,253820
6651,0.001776,172.31.46.0-255,66,132126,54,253820
6652,0.001788,74.125.68.0-255,4320,136446,54,253820
6653,0.00179,172.31.46.0-255,66,136512,54,253820
6654,0.001795,74.125.68.0-255,2902,139414,54,253820
6655,0.001797,172.31.46.0-255,66,139480,54,253820
6656,0.001807,74.125.68.0-255,4320,143800,54,253820
6657,0.001811,172.31.46.0-255,66,143866,54,253820
6658,0.001851,172.31.46.0-255,66,143932,54,253820
6659,0.001858,74.125.68.0-255,5738,149670,54,253820
6660,0.00186,172.31.46.0-255,66,149736,54,253820
6661,0.001875,74.125.68.0-255,766,150502,54,253820
6662,0.002156,74.125.68.0-255,1484,151986,54,253820
6663,0.002162,172.31.46.0-255,66,152052,54,253820
6664,0.002168,74.125.68.0-255,2902,154954,54,253820
6665,0.00217,172.31.46.0-255,66,155020,54,253820
6666,0.002203,74.125.68.0-255,5738,160758,54,253820
6667,0.002206,172.31.46.0-255,66,160824,54,253820
6668,0.002211,74.125.68.0-255,2902,163726,54,253820
6669,0.002212,172.31.46.0-255,66,163792,54,253820
6670,0.002221,74.125.68.0-255,4320,168112,54,253820
6671,0.002224,172.31.46.0-255,66,168178,54,253820
6672,0.00226,74.125.68.0-255,2902,171080,54,253820
6673,0.002263,172.31.46.0-255,66,171146,54,253820
6674,0.002305,74.125.68.0-255,5738,176884,54,253820
6675,0.002308,172.31.46.0-255,66,176950,54,253820
6676,0.002315,74.125.68.0-255,7156,184106,54,253820
6677,0.002318,172.31.46.0-255,66,184172,54,253820
6678,0.004554,74.125.68.0-255,5738,189910,54,253820
6679,0.004564,172.31.46.0-255,66,189976,54,253820
6680,0.00679,74.125.68.0-255,5738,195714,54,253820
6681,0.006795,172.31.46.0-255,66,195780,54,253820
6682,0.00903,74.125.68.0-255,5738,201518,54,253820
6683,0.009037,172.31.46.0-255,66,201584,54,253820
6684,0.011288,74.125.68.0-255,5738,207322,54,253820
6685,0.0113,172.31.46.0-255,66,207388,54,253820
6686,0.013539,74.125.68.0-255,5738,213126,54,253820
6687,0.013551,172.31.46.0-255,66,213192,54,253820
6688,0.015807,74.125.68.0-255,5738,218930,54,253820
6689,0.015822,172.31.46.0-255,66,218996,54,253820
6690,0.018068,74.125.68.0-255,5738,224734,54,253820
6691,0.018084,172.31.46.0-255,66,224800,54,253820
6692,0.020326,74.125.68.0-255,5738,230538,54,253820
6693,0.020337,172.31.46.0-255,66,230604,54,253820
6694,0.022583,74.125.68.0-255,5738,236342,54,253820
6695,0.022595,172.31.46.0-255,66,236408,54,253820
6696,0.024841,74.125.68.0-255,5738,242146,54,253820
6697,0.024855,172.31.46.0-255,66,242212,54,253820
6698,0.027091,74.125.68.0-255,5738,247950,54,253820
6699,0.0271,172.31.46.0-255,66,248016,54,253820
6700,0.029351,74.125.68.0-255,5738,253754,54,253820
6701,0.029361,172.31.46.0-255,66,253820,54,253820
6702,0.0,74.125.24.0-255,177,177,54,188232
6703,2.2e-05,172.31.46.0-255,66,243,54,188232
6704,2.9e-05,74.125.24.0-255,1484,1727,54,188232
6705,3.4e-05,172.31.46.0-255,66,1793,54,188232
6706,4.1e-05,74.125.24.0-255,2902,4695,54,188232
6707,4.4e-05,172.31.46.0-255,66,4761,54,188232
6708,5.1e-05,74.125.24.0-255,7156,11917,54,188232
6709,5.4e-05,172.31.46.0-255,66,11983,54,188232
6710,8.9e-05,74.125.24.0-255,2902,14885,54,188232
6711,9.2e-05,172.31.46.0-255,66,14951,54,188232
6712,0.000124,74.125.24.0-255,6251,21202,54,188232
6713,0.000127,172.31.46.0-255,66,21268,54,188232
6714,0.000139,172.31.46.0-255,66,21334,54,188232
6715,0.000373,74.125.24.0-255,1484,22818,54,188232
6716,0.000379,172.31.46.0-255,66,22884,54,188232
6717,0.000385,74.125.24.0-255,2902,25786,54,188232
6718,0.000388,172.31.46.0-255,66,25852,54,188232
6719,0.000391,74.125.24.0-255,1484,27336,54,188232
6720,0.000393,172.31.46.0-255,66,27402,54,188232
6721,0.000416,74.125.24.0-255,4320,31722,54,188232
6722,0.000419,172.31.46.0-255,66,31788,54,188232
6723,0.000439,172.31.46.0-255,66,31854,54,188232
6724,0.000457,74.125.24.0-255,5379,37233,54,188232
6725,0.00046,172.31.46.0-255,66,37299,54,188232
6726,0.000468,74.125.24.0-255,7156,44455,54,188232
6727,0.000471,172.31.46.0-255,66,44521,54,188232
6728,0.000498,74.125.24.0-255,2839,47360,54,188232
6729,0.000502,172.31.46.0-255,66,47426,54,188232
6730,0.000548,74.125.24.0-255,132,47558,54,188232
6731,0.000551,172.31.46.0-255,66,47624,54,188232
6732,0.000577,74.125.24.0-255,348,47972,54,188232
6733,0.001084,172.31.46.0-255,66,48038,54,188232
6734,0.001256,74.125.24.0-255,1484,49522,54,188232
6735,0.001267,74.125.24.0-255,2902,52424,54,188232
6736,0.001288,74.125.24.0-255,5738,58162,54,188232
6737,0.001337,74.125.24.0-255,1484,59646,54,188232
6738,0.001612,74.125.24.0-255,1484,61130,54,188232
6739,0.00162,74.125.24.0-255,2902,64032,54,188232
6740,0.001642,74.125.24.0-255,5738,69770,54,188232
6741,0.00168,74.125.24.0-255,4320,74090,54,188232
6742,0.001698,74.125.24.0-255,5738,79828,54,188232
6743,0.001701,74.125.24.0-255,1484,81312,54,188232
6744,0.001717,74.125.24.0-255,3602,84914,54,188232
6745,0.001784,74.125.24.0-255,1484,86398,54,188232
6746,0.001811,74.125.24.0-255,2902,89300,54,188232
6747,0.001816,74.125.24.0-255,2902,92202,54,188232
6748,0.001828,74.125.24.0-255,2902,95104,54,188232
6749,0.001935,74.125.24.0-255,1484,96588,54,188232
6750,0.00194,74.125.24.0-255,2902,99490,54,188232
6751,0.001964,74.125.24.0-255,5738,105228,54,188232
6752,0.001988,74.125.24.0-255,7156,112384,54,188232
6753,0.002012,74.125.24.0-255,5738,118122,54,188232
6754,0.00719,172.31.46.0-255,66,118188,54,188232
6755,0.009199,74.125.24.0-255,5738,123926,54,188232
6756,0.009207,172.31.46.0-255,66,123992,54,188232
6757,0.011219,74.125.24.0-255,5738,129730,54,188232
6758,0.011227,172.31.46.0-255,66,129796,54,188232
6759,0.013219,74.125.24.0-255,5738,135534,54,188232
6760,0.013426,172.31.46.0-255,66,135600,54,188232
6761,0.015449,74.125.24.0-255,5738,141338,54,188232
6762,0.015456,172.31.46.0-255,66,141404,54,188232
6763,0.017482,74.125.24.0-255,5738,147142,54,188232
6764,0.01749,172.31.46.0-255,66,147208,54,188232
6765,0.019475,74.125.24.0-255,5738,152946,54,188232
6766,0.019482,172.31.46.0-255,66,153012,54,188232
6767,0.021477,74.125.24.0-255,5738,158750,54,188232
6768,0.021483,172.31.46.0-255,66,158816,54,188232
6769,0.023486,74.125.24.0-255,5738,164554,54,188232
6770,0.023492,172.31.46.0-255,66,164620,54,188232
6771,0.025455,74.125.24.0-255,5738,170358,54,188232
6772,0.025461,172.31.46.0-255,66,170424,54,188232
6773,0.025851,172.31.46.0-255,172,170596,54,188232
6774,0.025876,172.31.46.0-255,1118,171714,54,188232
6775,0.02593,172.31.46.0-255,1514,173228,54,188232
6776,0.025935,172.31.46.0-255,1514,174742,54,188232
6777,0.025936,172.31.46.0-255,1514,176256,54,188232
6778,0.025937,172.31.46.0-255,104,176360,54,188232
6779,0.027391,104.244.42.0-255,66,176426,54,188232
6780,0.027422,104.244.42.0-255,66,176492,54,188232
6781,0.027454,74.125.24.0-255,5738,182230,54,188232
6782,0.027462,172.31.46.0-255,66,182296,54,188232
6783,0.027487,104.244.42.0-255,66,182362,54,188232
6784,0.027516,104.244.42.0-255,66,182428,54,188232
6785,0.029463,74.125.24.0-255,5738,188166,54,188232
6786,0.02947,172.31.46.0-255,66,188232,54,188232
6787,0.0,74.125.68.0-255,153,153,54,309034
6788,2.3e-05,172.31.46.0-255,66,219,54,309034
6789,3e-05,74.125.68.0-255,1484,1703,54,309034
6790,3.4e-05,172.31.46.0-255,66,1769,54,309034
6791,4e-05,74.125.68.0-255,2902,4671,54,309034
6792,4.4e-05,172.31.46.0-255,66,4737,54,309034
6793,8e-05,74.125.68.0-255,4320,9057,54,309034
6794,8.3e-05,172.31.46.0-255,66,9123,54,309034
6795,0.000106,74.125.68.0-255,1484,10607,54,309034
6796,0.000109,172.31.46.0-255,66,10673,54,309034
6797,0.000116,74.125.68.0-255,3501,14174,54,309034
6798,0.000118,172.31.46.0-255,66,14240,54,309034
6799,0.000134,74.125.68.0-255,2902,17142,54,309034
6800,0.000137,172.31.46.0-255,66,17208,54,309034
6801,0.000142,74.125.68.0-255,4320,21528,54,309034
6802,0.000145,172.31.46.0-255,66,21594,54,309034
6803,0.00018,172.31.46.0-255,66,21660,54,309034
6804,0.000183,74.125.68.0-255,1125,22785,54,309034
6805,0.000185,172.31.46.0-255,66,22851,54,309034
6806,0.000223,74.125.68.0-255,1484,24335,54,309034
6807,0.000225,172.31.46.0-255,66,24401,54,309034
6808,0.00024,74.125.68.0-255,2902,27303,54,309034
6809,0.000243,172.31.46.0-255,66,27369,54,309034
6810,0.00027,74.125.68.0-255,5738,33107,54,309034
6811,0.000273,172.31.46.0-255,66,33173,54,309034
6812,0.000279,74.125.68.0-255,5738,38911,54,309034
6813,0.000281,172.31.46.0-255,66,38977,54,309034
6814,0.000316,74.125.68.0-255,1125,40102,54,309034
6815,0.000318,172.31.46.0-255,66,40168,54,309034
6816,0.000351,74.125.68.0-255,1484,41652,54,309034
6817,0.000354,172.31.46.0-255,66,41718,54,309034
6818,0.000386,74.125.68.0-255,1484,43202,54,309034
6819,0.000391,74.125.68.0-255,2902,46104,54,309034
6820,0.000394,172.31.46.0-255,66,46170,54,309034
6821,0.000418,74.125.68.0-255,5738,51908,54,309034
6822,0.000421,172.31.46.0-255,66,51974,54,309034
6823,0.000439,74.125.68.0-255,2902,54876,54,309034
6824,0.000442,172.31.46.0-255,66,54942,54,309034
6825,0.00046,74.125.68.0-255,2543,57485,54,309034
6826,0.000463,172.31.46.0-255,66,57551,54,309034
6827,0.00048,74.125.68.0-255,411,57962,54,309034
6828,0.000522,74.125.68.0-255,1750,59712,54,309034
6829,0.000526,172.31.46.0-255,66,59778,54,309034
6830,0.000545,74.125.68.0-255,4320,64098,54,309034
6831,0.000548,172.31.46.0-255,66,64164,54,309034
6832,0.000551,74.125.68.0-255,1484,65648,54,309034
6833,0.000569,74.125.68.0-255,4320,69968,54,309034
6834,0.000572,172.31.46.0-255,66,70034,54,309034
6835,0.000591,74.125.68.0-255,2902,72936,54,309034
6836,0.000593,172.31.46.0-255,66,73002,54,309034
6837,0.000614,74.125.68.0-255,2543,75545,54,309034
6838,0.000616,172.31.46.0-255,66,75611,54,309034
6839,0.000668,74.125.68.0-255,1484,77095,54,309034
6840,0.000685,74.125.68.0-255,2902,79997,54,309034
6841,0.000688,172.31.46.0-255,66,80063,54,309034
6842,0.000709,74.125.68.0-255,2902,82965,54,309034
6843,0.000712,172.31.46.0-255,66,83031,54,309034
6844,0.000717,74.125.68.0-255,2902,85933,54,309034
6845,0.000719,172.31.46.0-255,66,85999,54,309034
6846,0.000738,74.125.68.0-255,1484,87483,54,309034
6847,0.000757,74.125.68.0-255,2902,90385,54,309034
6848,0.000759,172.31.46.0-255,66,90451,54,309034
6849,0.000777,74.125.68.0-255,2543,92994,54,309034
6850,0.00078,172.31.46.0-255,66,93060,54,309034
6851,0.001103,74.125.68.0-255,1484,94544,54,309034
6852,0.001124,74.125.68.0-255,2902,97446,54,309034
6853,0.001128,172.31.46.0-255,66,97512,54,309034
6854,0.001134,74.125.68.0-255,2902,100414,54,309034
6855,0.001136,172.31.46.0-255,66,100480,54,309034
6856,0.001157,74.125.68.0-255,4320,104800,54,309034
6857,0.00116,172.31.46.0-255,66,104866,54,309034
6858,0.001182,74.125.68.0-255,4320,109186,54,309034
6859,0.001184,172.31.46.0-255,66,109252,54,309034
6860,0.001202,74.125.68.0-255,4320,113572,54,309034
6861,0.001204,172.31.46.0-255,66,113638,54,309034
6862,0.001211,74.125.68.0-255,5738,119376,54,309034
6863,0.001213,172.31.46.0-255,66,119442,54,309034
6864,0.001226,74.125.68.0-255,1484,120926,54,309034
6865,0.001241,74.125.68.0-255,4320,125246,54,309034
6866,0.001243,172.31.46.0-255,66,125312,54,309034
6867,0.00126,74.125.68.0-255,1484,126796,54,309034
6868,0.001263,74.125.68.0-255,766,127562,54,309034
6869,0.001265,172.31.46.0-255,66,127628,54,309034
6870,0.001373,74.125.68.0-255,1484,129112,54,309034
6871,0.001386,74.125.68.0-255,2902,132014,54,309034
6872,0.001389,172.31.46.0-255,66,132080,54,309034
6873,0.001392,74.125.68.0-255,1484,133564,54,309034
6874,0.001409,74.125.68.0-255,2902,136466,54,309034
6875,0.001411,172.31.46.0-255,66,136532,54,309034
6876,0.001423,74.125.68.0-255,1484,138016,54,309034
6877,0.001441,74.125.68.0-255,4320,142336,54,309034
6878,0.001444,172.31.46.0-255,66,142402,54,309034
6879,0.001474,172.31.46.0-255,66,142468,54,309034
6880,0.001518,74.125.68.0-255,5738,148206,54,309034
6881,0.001521,172.31.46.0-255,66,148272,54,309034
6882,0.001536,74.125.68.0-255,1484,149756,54,309034
6883,0.001575,74.125.68.0-255,3602,153358,54,309034
6884,0.001579,172.31.46.0-255,66,153424,54,309034
6885,0.001603,74.125.68.0-255,4320,157744,54,309034
6886,0.001606,172.31.46.0-255,66,157810,54,309034
6887,0.001611,74.125.68.0-255,2902,160712,54,309034
6888,0.001613,172.31.46.0-255,66,160778,54,309034
6889,0.001616,74.125.68.0-255,1484,162262,54,309034
6890,0.001638,74.125.68.0-255,2902,165164,54,309034
6891,0.001641,172.31.46.0-255,66,165230,54,309034
6892,0.001661,74.125.68.0-255,4320,169550,54,309034
6893,0.001665,172.31.46.0-255,66,169616,54,309034
6894,0.001683,74.125.68.0-255,2902,172518,54,309034
6895,0.001685,172.31.46.0-255,66,172584,54,309034
6896,0.001697,74.125.68.0-255,1484,174068,54,309034
6897,0.00172,74.125.68.0-255,7156,181224,54,309034
6898,0.001723,172.31.46.0-255,66,181290,54,309034
6899,0.001727,74.125.68.0-255,2902,184192,54,309034
6900,0.001729,172.31.46.0-255,66,184258,54,309034
6901,0.001782,74.125.68.0-255,3602,187860,54,309034
6902,0.001785,172.31.46.0-255,66,187926,54,309034
6903,0.001803,74.125.68.0-255,4320,192246,54,309034
6904,0.001805,172.31.46.0-255,66,192312,54,309034
6905,0.001809,74.125.68.0-255,2902,195214,54,309034
6906,0.001812,172.31.46.0-255,66,195280,54,309034
6907,0.001841,74.125.68.0-255,7156,202436,54,309034
6908,0.001844,172.31.46.0-255,66,202502,54,309034
6909,0.001861,74.125.68.0-255,1484,203986,54,309034
6910,0.001867,74.125.68.0-255,4320,208306,54,309034
6911,0.001869,172.31.46.0-255,66,208372,54,309034
6912,0.001872,74.125.68.0-255,1484,209856,54,309034
6913,0.001897,74.125.68.0-255,4320,214176,54,309034
6914,0.0019,172.31.46.0-255,66,214242,54,309034
6915,0.001913,74.125.68.0-255,1484,215726,54,309034
6916,0.00193,74.125.68.0-255,1484,217210,54,309034
6917,0.001933,172.31.46.0-255,66,217276,54,309034
6918,0.001945,74.125.68.0-255,1484,218760,54,309034
6919,0.001972,74.125.68.0-255,3602,222362,54,309034
6920,0.001975,172.31.46.0-255,66,222428,54,309034
6921,0.002012,74.125.68.0-255,1484,223912,54,309034
6922,0.002025,74.125.68.0-255,2902,226814,54,309034
6923,0.002028,172.31.46.0-255,66,226880,54,309034
6924,0.002055,74.125.68.0-255,5738,232618,54,309034
6925,0.00206,74.125.68.0-255,4320,236938,54,309034
6926,0.002063,172.31.46.0-255,66,237004,54,309034
6927,0.002086,74.125.68.0-255,5738,242742,54,309034
6928,0.002123,74.125.68.0-255,4320,247062,54,309034
6929,0.002139,74.125.68.0-255,2902,249964,54,309034
6930,0.002163,74.125.68.0-255,1484,251448,54,309034
6931,0.002182,74.125.68.0-255,5020,256468,54,309034
6932,0.007717,172.31.46.0-255,66,256534,54,309034
6933,0.007722,172.31.46.0-255,66,256600,54,309034
6934,0.007725,172.31.46.0-255,66,256666,54,309034
6935,0.007728,172.31.46.0-255,66,256732,54,309034
6936,0.00774,172.31.46.0-255,66,256798,54,309034
6937,0.010093,74.125.68.0-255,5738,262536,54,309034
6938,0.010102,172.31.46.0-255,66,262602,54,309034
6939,0.012463,74.125.68.0-255,5738,268340,54,309034
6940,0.012471,172.31.46.0-255,66,268406,54,309034
6941,0.014832,74.125.68.0-255,5738,274144,54,309034
6942,0.014843,172.31.46.0-255,66,274210,54,309034
6943,0.017203,74.125.68.0-255,5738,279948,54,309034
6944,0.017215,172.31.46.0-255,66,280014,54,309034
6945,0.019567,74.125.68.0-255,5738,285752,54,309034
6946,0.019575,172.31.46.0-255,66,285818,54,309034
6947,0.021923,74.125.68.0-255,5738,291556,54,309034
6948,0.021929,172.31.46.0-255,66,291622,54,309034
6949,0.024279,74.125.68.0-255,5738,297360,54,309034
6950,0.024286,172.31.46.0-255,66,297426,54,309034
6951,0.026656,74.125.68.0-255,5738,303164,54,309034
6952,0.026667,172.31.46.0-255,66,303230,54,309034
6953,0.029028,74.125.68.0-255,5738,308968,54,309034
6954,0.029036,172.31.46.0-255,66,309034,54,309034
6955,0.0,74.125.68.0-255,226,226,54,104826
6956,2.7e-05,172.31.46.0-255,66,292,54,104826
6957,3.3e-05,74.125.68.0-255,1484,1776,54,104826
6958,3.6e-05,172.31.46.0-255,66,1842,54,104826
6959,6.2e-05,74.125.68.0-255,2902,4744,54,104826
6960,6.5e-05,172.31.46.0-255,66,4810,54,104826
6961,8.3e-05,74.125.68.0-255,1484,6294,54,104826
6962,8.5e-05,172.31.46.0-255,66,6360,54,104826
6963,0.000222,74.125.68.0-255,2902,9262,54,104826
6964,0.000227,172.31.46.0-255,66,9328,54,104826
6965,0.000244,74.125.68.0-255,1484,10812,54,104826
6966,0.000246,172.31.46.0-255,66,10878,54,104826
6967,0.0004,74.125.68.0-255,3472,14350,54,104826
6968,0.000404,172.31.46.0-255,66,14416,54,104826
6969,0.000553,172.31.46.0-255,66,14482,54,104826
6970,0.000571,74.125.68.0-255,1484,15966,54,104826
6971,0.000572,172.31.46.0-255,66,16032,54,104826
6972,0.000951,74.125.68.0-255,6797,22829,54,104826
6973,0.000957,172.31.46.0-255,66,22895,54,104826
6974,0.001207,74.125.68.0-255,1484,24379,54,104826
6975,0.001212,172.31.46.0-255,66,24445,54,104826
6976,0.00123,74.125.68.0-255,4320,28765,54,104826
6977,0.001232,172.31.46.0-255,66,28831,54,104826
6978,0.002343,74.125.68.0-255,2902,31733,54,104826
6979,0.002348,172.31.46.0-255,66,31799,54,104826
6980,0.00354,74.125.68.0-255,2902,34701,54,104826
6981,0.003547,172.31.46.0-255,66,34767,54,104826
6982,0.004733,74.125.68.0-255,2902,37669,54,104826
6983,0.004741,172.31.46.0-255,66,37735,54,104826
6984,0.005852,74.125.68.0-255,2902,40637,54,104826
6985,0.005859,172.31.46.0-255,66,40703,54,104826
6986,0.007053,74.125.68.0-255,2902,43605,54,104826
6987,0.007059,172.31.46.0-255,66,43671,54,104826
6988,0.008164,74.125.68.0-255,1484,45155,54,104826
6989,0.008171,172.31.46.0-255,66,45221,54,104826
6990,0.008191,74.125.68.0-255,1484,46705,54,104826
6991,0.008193,172.31.46.0-255,66,46771,54,104826
6992,0.009377,74.125.68.0-255,2902,49673,54,104826
6993,0.009383,172.31.46.0-255,66,49739,54,104826
6994,0.010497,74.125.68.0-255,1484,51223,54,104826
6995,0.010504,172.31.46.0-255,66,51289,54,104826
6996,0.010524,74.125.68.0-255,1484,52773,54,104826
6997,0.010527,172.31.46.0-255,66,52839,54,104826
6998,0.011691,74.125.68.0-255,2902,55741,54,104826
6999,0.011698,172.31.46.0-255,66,55807,54,104826
7000,0.012819,74.125.68.0-255,1484,57291,54,104826
7001,0.012826,172.31.46.0-255,66,57357,54,104826
7002,0.012844,74.125.68.0-255,1484,58841,54,104826
7003,0.012847,172.31.46.0-255,66,58907,54,104826
7004,0.013224,172.31.46.0-255,193,59100,54,104826
7005,0.013252,172.31.46.0-255,1119,60219,54,104826
7006,0.013308,172.31.46.0-255,1514,61733,54,104826
7007,0.01331,172.31.46.0-255,1277,63010,54,104826
7008,0.014013,74.125.68.0-255,2902,65912,54,104826
7009,0.014021,172.31.46.0-255,66,65978,54,104826
7010,0.014738,104.244.42.0-255,66,66044,54,104826
7011,0.014785,104.244.42.0-255,66,66110,54,104826
7012,0.014894,104.244.42.0-255,66,66176,54,104826
7013,0.015125,74.125.68.0-255,1484,67660,54,104826
7014,0.015151,74.125.68.0-255,1484,69144,54,104826
7015,0.015155,172.31.46.0-255,66,69210,54,104826
7016,0.016325,74.125.68.0-255,2902,72112,54,104826
7017,0.01633,172.31.46.0-255,66,72178,54,104826
7018,0.017456,74.125.68.0-255,2902,75080,54,104826
7019,0.017461,172.31.46.0-255,66,75146,54,104826
7020,0.018647,74.125.68.0-255,2902,78048,54,104826
7021,0.018651,172.31.46.0-255,66,78114,54,104826
7022,0.019767,74.125.68.0-255,2902,81016,54,104826
7023,0.019772,172.31.46.0-255,66,81082,54,104826
7024,0.020957,74.125.68.0-255,2902,83984,54,104826
7025,0.020961,172.31.46.0-255,66,84050,54,104826
7026,0.022069,74.125.68.0-255,2902,86952,54,104826
7027,0.022073,172.31.46.0-255,66,87018,54,104826
7028,0.023269,74.125.68.0-255,2902,89920,54,104826
7029,0.023273,172.31.46.0-255,66,89986,54,104826
7030,0.024374,74.125.68.0-255,2902,92888,54,104826
7031,0.02438,172.31.46.0-255,66,92954,54,104826
7032,0.025575,74.125.68.0-255,1484,94438,54,104826
7033,0.0256,74.125.68.0-255,1484,95922,54,104826
7034,0.025604,172.31.46.0-255,66,95988,54,104826
7035,0.026678,74.125.68.0-255,2902,98890,54,104826
7036,0.026683,172.31.46.0-255,66,98956,54,104826
7037,0.027915,74.125.68.0-255,1484,100440,54,104826
7038,0.028993,74.125.68.0-255,4320,104760,54,104826
7039,0.028997,172.31.46.0-255,66,104826,54,104826
7040,0.0,172.217.194.0-255,152,152,54,167073
7041,1.5e-05,172.31.46.0-255,66,218,54,167073
7042,2.2e-05,172.217.194.0-255,1484,1702,54,167073
7043,2.6e-05,172.31.46.0-255,66,1768,54,167073
7044,3.2e-05,172.217.194.0-255,2902,4670,54,167073
7045,3.5e-05,172.31.46.0-255,66,4736,54,167073
7046,4.9e-05,172.217.194.0-255,5738,10474,54,167073
7047,5.3e-05,172.31.46.0-255,66,10540,54,167073
7048,9.1e-05,172.217.194.0-255,3358,13898,54,167073
7049,9.4e-05,172.31.46.0-255,66,13964,54,167073
7050,0.000116,172.217.194.0-255,4320,18284,54,167073
7051,0.000119,172.31.46.0-255,66,18350,54,167073
7052,0.000122,172.217.194.0-255,1484,19834,54,167073
7053,0.000124,172.31.46.0-255,66,19900,54,167073
7054,0.000163,172.31.46.0-255,66,19966,54,167073
7055,0.000168,172.217.194.0-255,2902,22868,54,167073
7056,0.00017,172.31.46.0-255,66,22934,54,167073
7057,0.000209,172.31.46.0-255,66,23000,54,167073
7058,0.000216,172.217.194.0-255,2543,25543,54,167073
7059,0.000218,172.31.46.0-255,66,25609,54,167073
7060,0.000493,172.217.194.0-255,1484,27093,54,167073
7061,0.000498,172.217.194.0-255,1484,28577,54,167073
7062,0.000504,172.31.46.0-255,66,28643,54,167073
7063,0.000514,172.31.46.0-255,66,28709,54,167073
7064,0.000517,172.217.194.0-255,1484,30193,54,167073
7065,0.000519,172.31.46.0-255,66,30259,54,167073
7066,0.00053,172.217.194.0-255,5738,35997,54,167073
7067,0.000533,172.31.46.0-255,66,36063,54,167073
7068,0.000537,172.217.194.0-255,2902,38965,54,167073
7069,0.00054,172.31.46.0-255,66,39031,54,167073
7070,0.000575,172.217.194.0-255,3961,42992,54,167073
7071,0.000578,172.31.46.0-255,66,43058,54,167073
7072,0.000624,172.217.194.0-255,1484,44542,54,167073
7073,0.000631,172.217.194.0-255,2902,47444,54,167073
7074,0.000634,172.31.46.0-255,66,47510,54,167073
7075,0.000667,172.217.194.0-255,5738,53248,54,167073
7076,0.00067,172.31.46.0-255,66,53314,54,167073
7077,0.000701,172.217.194.0-255,6797,60111,54,167073
7078,0.000704,172.31.46.0-255,66,60177,54,167073
7079,0.001162,172.217.194.0-255,1484,61661,54,167073
7080,0.001168,172.217.194.0-255,2902,64563,54,167073
7081,0.001171,172.217.194.0-255,1484,66047,54,167073
7082,0.001176,172.31.46.0-255,66,66113,54,167073
7083,0.001209,172.217.194.0-255,4320,70433,54,167073
7084,0.001212,172.31.46.0-255,66,70499,54,167073
7085,0.001223,172.31.46.0-255,66,70565,54,167073
7086,0.001247,172.217.194.0-255,1484,72049,54,167073
7087,0.001295,172.31.46.0-255,66,72115,54,167073
7088,0.00136,172.217.194.0-255,1484,73599,54,167073
7089,0.001365,172.217.194.0-255,2902,76501,54,167073
7090,0.001369,172.31.46.0-255,66,76567,54,167073
7091,0.001377,172.217.194.0-255,5738,82305,54,167073
7092,0.001379,172.31.46.0-255,66,82371,54,167073
7093,0.001422,172.31.46.0-255,66,82437,54,167073
7094,0.001502,172.31.46.0-255,66,82503,54,167073
7095,0.001524,172.31.46.0-255,66,82569,54,167073
7096,0.001531,172.217.194.0-255,6438,89007,54,167073
7097,0.001534,172.31.46.0-255,66,89073,54,167073
7098,0.00187,172.217.194.0-255,1484,90557,54,167073
7099,0.001877,172.217.194.0-255,2902,93459,54,167073
7100,0.00188,172.31.46.0-255,66,93525,54,167073
7101,0.001884,172.217.194.0-255,1484,95009,54,167073
7102,0.001912,172.217.194.0-255,4320,99329,54,167073
7103,0.001915,172.31.46.0-255,66,99395,54,167073
7104,0.001933,172.31.46.0-255,66,99461,54,167073
7105,0.001975,172.31.46.0-255,66,99527,54,167073
7106,0.001994,172.217.194.0-255,2184,101711,54,167073
7107,0.001997,172.31.46.0-255,66,101777,54,167073
7108,0.004334,172.217.194.0-255,2902,104679,54,167073
7109,0.004344,172.31.46.0-255,66,104745,54,167073
7110,0.004377,172.217.194.0-255,2902,107647,54,167073
7111,0.00438,172.31.46.0-255,66,107713,54,167073
7112,0.006686,172.217.194.0-255,2902,110615,54,167073
7113,0.006693,172.31.46.0-255,66,110681,54,167073
7114,0.006721,172.217.194.0-255,2902,113583,54,167073
7115,0.006724,172.31.46.0-255,66,113649,54,167073
7116,0.009015,172.217.194.0-255,2902,116551,54,167073
7117,0.009021,172.31.46.0-255,66,116617,54,167073
7118,0.009064,172.217.194.0-255,2902,119519,54,167073
7119,0.009067,172.31.46.0-255,66,119585,54,167073
7120,0.011388,172.217.194.0-255,2902,122487,54,167073
7121,0.0114,172.31.46.0-255,66,122553,54,167073
7122,0.01143,172.217.194.0-255,2902,125455,54,167073
7123,0.011433,172.31.46.0-255,66,125521,54,167073
7124,0.013762,172.217.194.0-255,2902,128423,54,167073
7125,0.013777,172.31.46.0-255,66,128489,54,167073
7126,0.013814,172.217.194.0-255,2902,131391,54,167073
7127,0.013817,172.31.46.0-255,66,131457,54,167073
7128,0.016117,172.217.194.0-255,2902,134359,54,167073
7129,0.016131,172.31.46.0-255,66,134425,54,167073
7130,0.016166,172.217.194.0-255,2902,137327,54,167073
7131,0.016169,172.31.46.0-255,66,137393,54,167073
7132,0.018493,172.217.194.0-255,2902,140295,54,167073
7133,0.01853,172.31.46.0-255,66,140361,54,167073
7134,0.018566,172.217.194.0-255,2902,143263,54,167073
7135,0.01857,172.31.46.0-255,66,143329,54,167073
7136,0.020862,172.217.194.0-255,2902,146231,54,167073
7137,0.020876,172.31.46.0-255,66,146297,54,167073
7138,0.02091,172.217.194.0-255,2902,149199,54,167073
7139,0.020914,172.31.46.0-255,66,149265,54,167073
7140,0.023223,172.217.194.0-255,2902,152167,54,167073
7141,0.023237,172.31.46.0-255,66,152233,54,167073
7142,0.023273,172.217.194.0-255,2902,155135,54,167073
7143,0.023277,172.31.46.0-255,66,155201,54,167073
7144,0.025575,172.217.194.0-255,2902,158103,54,167073
7145,0.025584,172.31.46.0-255,66,158169,54,167073
7146,0.025614,172.217.194.0-255,2902,161071,54,167073
7147,0.025617,172.31.46.0-255,66,161137,54,167073
7148,0.027937,172.217.194.0-255,2902,164039,54,167073
7149,0.02795,172.31.46.0-255,66,164105,54,167073
7150,0.027987,172.217.194.0-255,2902,167007,54,167073
7151,0.02799,172.31.46.0-255,66,167073,54,167073
7152,0.0,172.217.194.0-255,146,146,54,189642
7153,3.2e-05,172.31.46.0-255,66,212,54,189642
7154,4e-05,172.217.194.0-255,1484,1696,54,189642
7155,4.4e-05,172.31.46.0-255,66,1762,54,189642
7156,4.9e-05,172.217.194.0-255,2902,4664,54,189642
7157,5.1e-05,172.31.46.0-255,66,4730,54,189642
7158,5.8e-05,172.217.194.0-255,7156,11886,54,189642
7159,6.1e-05,172.31.46.0-255,66,11952,54,189642
7160,6.5e-05,172.217.194.0-255,2004,13956,54,189642
7161,6.7e-05,172.31.46.0-255,66,14022,54,189642
7162,0.000117,172.217.194.0-255,1484,15506,54,189642
7163,0.00012,172.31.46.0-255,66,15572,54,189642
7164,0.00015,172.31.46.0-255,66,15638,54,189642
7165,0.000169,172.217.194.0-255,1484,17122,54,189642
7166,0.000173,172.31.46.0-255,66,17188,54,189642
7167,0.000204,172.31.46.0-255,66,17254,54,189642
7168,0.000258,172.31.46.0-255,66,17320,54,189642
7169,0.000261,172.217.194.0-255,2902,20222,54,189642
7170,0.000263,172.31.46.0-255,66,20288,54,189642
7171,0.000281,172.217.194.0-255,1484,21772,54,189642
7172,0.000286,172.217.194.0-255,5738,27510,54,189642
7173,0.000286,172.31.46.0-255,66,27576,54,189642
7174,0.00029,172.31.46.0-255,66,27642,54,189642
7175,0.00032,172.217.194.0-255,4320,31962,54,189642
7176,0.000323,172.31.46.0-255,66,32028,54,189642
7177,0.000341,172.217.194.0-255,2543,34571,54,189642
7178,0.000344,172.31.46.0-255,66,34637,54,189642
7179,0.000496,172.217.194.0-255,645,35282,54,189642
7180,0.0005,172.31.46.0-255,66,35348,54,189642
7181,0.000727,172.217.194.0-255,1484,36832,54,189642
7182,0.000731,172.31.46.0-255,66,36898,54,189642
7183,0.000753,172.217.194.0-255,2902,39800,54,189642
7184,0.000756,172.31.46.0-255,66,39866,54,189642
7185,0.00076,172.217.194.0-255,2902,42768,54,189642
7186,0.000762,172.31.46.0-255,66,42834,54,189642
7187,0.000778,172.217.194.0-255,2902,45736,54,189642
7188,0.000781,172.31.46.0-255,66,45802,54,189642
7189,0.000786,172.217.194.0-255,4320,50122,54,189642
7190,0.000788,172.31.46.0-255,66,50188,54,189642
7191,0.000811,172.217.194.0-255,5738,55926,54,189642
7192,0.000814,172.31.46.0-255,66,55992,54,189642
7193,0.000819,172.217.194.0-255,4320,60312,54,189642
7194,0.000821,172.31.46.0-255,66,60378,54,189642
7195,0.000851,172.217.194.0-255,7156,67534,54,189642
7196,0.000854,172.31.46.0-255,66,67600,54,189642
7197,0.000858,172.217.194.0-255,2184,69784,54,189642
7198,0.00086,172.31.46.0-255,66,69850,54,189642
7199,0.000945,172.217.194.0-255,1484,71334,54,189642
7200,0.000949,172.31.46.0-255,66,71400,54,189642
7201,0.000953,172.217.194.0-255,1484,72884,54,189642
7202,0.000955,172.31.46.0-255,66,72950,54,189642
7203,0.000968,172.217.194.0-255,1484,74434,54,189642
7204,0.000971,172.31.46.0-255,66,74500,54,189642
7205,0.000977,172.217.194.0-255,4320,78820,54,189642
7206,0.000979,172.31.46.0-255,66,78886,54,189642
7207,0.001004,172.217.194.0-255,1484,80370,54,189642
7208,0.001007,172.31.46.0-255,66,80436,54,189642
7209,0.001014,172.217.194.0-255,7156,87592,54,189642
7210,0.001016,172.31.46.0-255,66,87658,54,189642
7211,0.001029,172.31.46.0-255,66,87724,54,189642
7212,0.001033,172.217.194.0-255,2184,89908,54,189642
7213,0.001043,172.31.46.0-255,66,89974,54,189642
7214,0.001077,172.217.194.0-255,2902,92876,54,189642
7215,0.001089,172.31.46.0-255,66,92942,54,189642
7216,0.001115,172.31.46.0-255,66,93008,54,189642
7217,0.001126,172.217.194.0-255,1484,94492,54,189642
7218,0.00115,172.31.46.0-255,66,94558,54,189642
7219,0.00116,172.217.194.0-255,5020,99578,54,189642
7220,0.001165,172.31.46.0-255,66,99644,54,189642
7221,0.001425,172.217.194.0-255,1484,101128,54,189642
7222,0.001431,172.217.194.0-255,2902,104030,54,189642
7223,0.001434,172.31.46.0-255,66,104096,54,189642
7224,0.001459,172.217.194.0-255,5738,109834,54,189642
7225,0.001471,172.31.46.0-255,66,109900,54,189642
7226,0.001475,172.217.194.0-255,4320,114220,54,189642
7227,0.001488,172.31.46.0-255,66,114286,54,189642
7228,0.001504,172.217.194.0-255,4320,118606,54,189642
7229,0.001506,172.31.46.0-255,66,118672,54,189642
7230,0.001511,172.31.46.0-255,66,118738,54,189642
7231,0.001525,172.217.194.0-255,4320,123058,54,189642
7232,0.001529,172.217.194.0-255,2184,125242,54,189642
7233,0.00153,172.31.46.0-255,66,125308,54,189642
7234,0.001547,172.31.46.0-255,66,125374,54,189642
7235,0.001559,172.217.194.0-255,1484,126858,54,189642
7236,0.001576,172.217.194.0-255,1484,128342,54,189642
7237,0.001579,172.217.194.0-255,1484,129826,54,189642
7238,0.001583,172.217.194.0-255,2902,132728,54,189642
7239,0.001584,172.31.46.0-255,66,132794,54,189642
7240,0.001588,172.31.46.0-255,66,132860,54,189642
7241,0.001596,172.217.194.0-255,2902,135762,54,189642
7242,0.0016,172.31.46.0-255,66,135828,54,189642
7243,0.001617,172.217.194.0-255,2902,138730,54,189642
7244,0.001621,172.217.194.0-255,1484,140214,54,189642
7245,0.001625,172.31.46.0-255,66,140280,54,189642
7246,0.001685,172.31.46.0-255,66,140346,54,189642
7247,0.00169,172.31.46.0-255,66,140412,54,189642
7248,0.001763,172.31.46.0-255,66,140478,54,189642
7249,0.001774,172.217.194.0-255,766,141244,54,189642
7250,0.001778,172.31.46.0-255,66,141310,54,189642
7251,0.001987,172.217.194.0-255,1484,142794,54,189642
7252,0.001994,172.217.194.0-255,2902,145696,54,189642
7253,0.001998,172.31.46.0-255,66,145762,54,189642
7254,0.002005,172.217.194.0-255,5738,151500,54,189642
7255,0.002016,172.31.46.0-255,66,151566,54,189642
7256,0.002061,172.217.194.0-255,1484,153050,54,189642
7257,0.002065,172.31.46.0-255,66,153116,54,189642
7258,0.002073,172.217.194.0-255,1484,154600,54,189642
7259,0.002101,172.217.194.0-255,1484,156084,54,189642
7260,0.002109,172.31.46.0-255,66,156150,54,189642
7261,0.002126,172.217.194.0-255,2902,159052,54,189642
7262,0.002132,172.217.194.0-255,5738,164790,54,189642
7263,0.002141,172.31.46.0-255,66,164856,54,189642
7264,0.00217,172.31.46.0-255,66,164922,54,189642
7265,0.002174,172.217.194.0-255,4320,169242,54,189642
7266,0.002185,172.31.46.0-255,66,169308,54,189642
7267,0.002189,172.217.194.0-255,1484,170792,54,189642
7268,0.002223,172.31.46.0-255,66,170858,54,189642
7269,0.002237,172.217.194.0-255,6438,177296,54,189642
7270,0.002241,172.217.194.0-255,1484,178780,54,189642
7271,0.002251,172.31.46.0-255,66,178846,54,189642
7272,0.002277,172.31.46.0-255,66,178912,54,189642
7273,0.002334,172.217.194.0-255,7156,186068,54,189642
7274,0.002348,172.31.46.0-255,66,186134,54,189642
7275,0.002364,172.31.46.0-255,66,186200,54,189642
7276,0.00239,172.31.46.0-255,66,186266,54,189642
7277,0.002403,172.217.194.0-255,2902,189168,54,189642
7278,0.002416,172.31.46.0-255,66,189234,54,189642
7279,0.002455,172.31.46.0-255,66,189300,54,189642
7280,0.002493,172.217.194.0-255,105,189405,54,189642
7281,0.00375,172.31.46.0-255,66,189471,54,189642
7282,0.003778,172.31.46.0-255,105,189576,54,189642
7283,0.00628,172.217.194.0-255,66,189642,54,189642
7284,0.0,74.125.68.0-255,145,145,54,229613
7285,2.3e-05,172.31.46.0-255,66,211,54,229613
7286,6.1e-05,74.125.68.0-255,1484,1695,54,229613
7287,6.6e-05,172.31.46.0-255,66,1761,54,229613
7288,7.1e-05,74.125.68.0-255,2902,4663,54,229613
7289,7.4e-05,172.31.46.0-255,66,4729,54,229613
7290,8.7e-05,74.125.68.0-255,5738,10467,54,229613
7291,9.1e-05,172.31.46.0-255,66,10533,54,229613
7292,9.6e-05,74.125.68.0-255,3356,13889,54,229613
7293,0.0001,172.31.46.0-255,66,13955,54,229613
7294,0.000104,74.125.68.0-255,1484,15439,54,229613
7295,0.000106,172.31.46.0-255,66,15505,54,229613
7296,0.000137,74.125.68.0-255,2902,18407,54,229613
7297,0.000141,172.31.46.0-255,66,18473,54,229613
7298,0.000147,74.125.68.0-255,5738,24211,54,229613
7299,0.00015,172.31.46.0-255,66,24277,54,229613
7300,0.000161,74.125.68.0-255,5738,30015,54,229613
7301,0.000164,172.31.46.0-255,66,30081,54,229613
7302,0.00019,74.125.68.0-255,1484,31565,54,229613
7303,0.000197,172.31.46.0-255,66,31631,54,229613
7304,0.000211,172.31.46.0-255,66,31697,54,229613
7305,0.000262,74.125.68.0-255,5020,36717,54,229613
7306,0.000264,172.31.46.0-255,66,36783,54,229613
7307,0.000546,74.125.68.0-255,1484,38267,54,229613
7308,0.000552,172.31.46.0-255,66,38333,54,229613
7309,0.000558,74.125.68.0-255,2902,41235,54,229613
7310,0.00056,172.31.46.0-255,66,41301,54,229613
7311,0.000579,74.125.68.0-255,2902,44203,54,229613
7312,0.000585,172.31.46.0-255,66,44269,54,229613
7313,0.000607,74.125.68.0-255,4320,48589,54,229613
7314,0.00061,172.31.46.0-255,66,48655,54,229613
7315,0.000617,74.125.68.0-255,5968,54623,54,229613
7316,0.000619,172.31.46.0-255,66,54689,54,229613
7317,0.001145,74.125.68.0-255,1484,56173,54,229613
7318,0.00115,172.31.46.0-255,66,56239,54,229613
7319,0.001178,74.125.68.0-255,2902,59141,54,229613
7320,0.001181,172.31.46.0-255,66,59207,54,229613
7321,0.001187,74.125.68.0-255,5738,64945,54,229613
7322,0.001189,172.31.46.0-255,66,65011,54,229613
7323,0.001235,172.31.46.0-255,66,65077,54,229613
7324,0.00127,172.31.46.0-255,66,65143,54,229613
7325,0.001274,74.125.68.0-255,2184,67327,54,229613
7326,0.001276,172.31.46.0-255,66,67393,54,229613
7327,0.001622,74.125.68.0-255,1484,68877,54,229613
7328,0.001626,172.31.46.0-255,66,68943,54,229613
7329,0.001633,74.125.68.0-255,2902,71845,54,229613
7330,0.001635,172.31.46.0-255,66,71911,54,229613
7331,0.001656,74.125.68.0-255,5738,77649,54,229613
7332,0.001658,172.31.46.0-255,66,77715,54,229613
7333,0.001666,74.125.68.0-255,4320,82035,54,229613
7334,0.001667,172.31.46.0-255,66,82101,54,229613
7335,0.001695,74.125.68.0-255,5738,87839,54,229613
7336,0.001697,172.31.46.0-255,66,87905,54,229613
7337,0.00173,172.31.46.0-255,66,87971,54,229613
7338,0.00176,74.125.68.0-255,7156,95127,54,229613
7339,0.001762,172.31.46.0-255,66,95193,54,229613
7340,0.001782,74.125.68.0-255,5020,100213,54,229613
7341,0.001784,172.31.46.0-255,66,100279,54,229613
7342,0.001806,74.125.68.0-255,7156,107435,54,229613
7343,0.001808,172.31.46.0-255,66,107501,54,229613
7344,0.001834,74.125.68.0-255,5738,113239,54,229613
7345,0.001837,172.31.46.0-255,66,113305,54,229613
7346,0.001842,74.125.68.0-255,4320,117625,54,229613
7347,0.001843,172.31.46.0-255,66,117691,54,229613
7348,0.001872,74.125.68.0-255,2902,120593,54,229613
7349,0.001874,172.31.46.0-255,66,120659,54,229613
7350,0.001896,74.125.68.0-255,6438,127097,54,229613
7351,0.001898,172.31.46.0-255,66,127163,54,229613
7352,0.001909,172.31.46.0-255,66,127229,54,229613
7353,0.001945,172.31.46.0-255,66,127295,54,229613
7354,0.001981,74.125.68.0-255,2184,129479,54,229613
7355,0.002017,74.125.68.0-255,2902,132381,54,229613
7356,0.002026,74.125.68.0-255,1484,133865,54,229613
7357,0.00204,74.125.68.0-255,2902,136767,54,229613
7358,0.002067,74.125.68.0-255,2902,139669,54,229613
7359,0.002077,74.125.68.0-255,1484,141153,54,229613
7360,0.00209,74.125.68.0-255,2902,144055,54,229613
7361,0.002139,74.125.68.0-255,2184,146239,54,229613
7362,0.002142,74.125.68.0-255,2902,149141,54,229613
7363,0.00217,74.125.68.0-255,4320,153461,54,229613
7364,0.002191,74.125.68.0-255,2902,156363,54,229613
7365,0.00223,74.125.68.0-255,5738,162101,54,229613
7366,0.002235,74.125.68.0-255,4320,166421,54,229613
7367,0.002249,74.125.68.0-255,2902,169323,54,229613
7368,0.002278,74.125.68.0-255,2184,171507,54,229613
7369,0.005955,172.31.46.0-255,66,171573,54,229613
7370,0.008225,74.125.68.0-255,5738,177311,54,229613
7371,0.008231,172.31.46.0-255,66,177377,54,229613
7372,0.010465,74.125.68.0-255,5738,183115,54,229613
7373,0.010472,172.31.46.0-255,66,183181,54,229613
7374,0.012725,74.125.68.0-255,5738,188919,54,229613
7375,0.012733,172.31.46.0-255,66,188985,54,229613
7376,0.014977,74.125.68.0-255,5738,194723,54,229613
7377,0.014984,172.31.46.0-255,66,194789,54,229613
7378,0.017256,74.125.68.0-255,5738,200527,54,229613
7379,0.017265,172.31.46.0-255,66,200593,54,229613
7380,0.019515,74.125.68.0-255,5738,206331,54,229613
7381,0.019524,172.31.46.0-255,66,206397,54,229613
7382,0.021763,74.125.68.0-255,5738,212135,54,229613
7383,0.02177,172.31.46.0-255,66,212201,54,229613
7384,0.024029,74.125.68.0-255,5738,217939,54,229613
7385,0.02404,172.31.46.0-255,66,218005,54,229613
7386,0.026298,74.125.68.0-255,5738,223743,54,229613
7387,0.026313,172.31.46.0-255,66,223809,54,229613
7388,0.028565,74.125.68.0-255,5738,229547,54,229613
7389,0.028576,172.31.46.0-255,66,229613,54,229613
7390,0.0,74.125.130.0-255,148,148,54,210412
7391,2e-05,172.31.46.0-255,66,214,54,210412
7392,2.8e-05,74.125.130.0-255,1484,1698,54,210412
7393,3.2e-05,172.31.46.0-255,66,1764,54,210412
7394,3.8e-05,74.125.130.0-255,2902,4666,54,210412
7395,4.1e-05,172.31.46.0-255,66,4732,54,210412
7396,5.6e-05,74.125.130.0-255,5738,10470,54,210412
7397,6e-05,172.31.46.0-255,66,10536,54,210412
7398,6.3e-05,74.125.130.0-255,1484,12020,54,210412
7399,6.5e-05,172.31.46.0-255,66,12086,54,210412
7400,8.9e-05,74.125.130.0-255,3476,15562,54,210412
7401,9.6e-05,172.31.46.0-255,66,15628,54,210412
7402,0.000104,74.125.130.0-255,5738,21366,54,210412
7403,0.000107,172.31.46.0-255,66,21432,54,210412
7404,0.00015,172.31.46.0-255,66,21498,54,210412
7405,0.000285,74.125.130.0-255,1484,22982,54,210412
7406,0.000289,172.31.46.0-255,66,23048,54,210412
7407,0.000298,74.125.130.0-255,2902,25950,54,210412
7408,0.000299,172.31.46.0-255,66,26016,54,210412
7409,0.000331,74.125.130.0-255,5738,31754,54,210412
7410,0.000334,172.31.46.0-255,66,31820,54,210412
7411,0.000337,74.125.130.0-255,1484,33304,54,210412
7412,0.000339,172.31.46.0-255,66,33370,54,210412
7413,0.000344,74.125.130.0-255,2902,36272,54,210412
7414,0.000347,172.31.46.0-255,66,36338,54,210412
7415,0.000393,74.125.130.0-255,6797,43135,54,210412
7416,0.000396,172.31.46.0-255,66,43201,54,210412
7417,0.000402,74.125.130.0-255,4320,47521,54,210412
7418,0.000404,172.31.46.0-255,66,47587,54,210412
7419,0.000411,74.125.130.0-255,1484,49071,54,210412
7420,0.000413,172.31.46.0-255,66,49137,54,210412
7421,0.000442,74.125.130.0-255,4320,53457,54,210412
7422,0.000448,74.125.130.0-255,2832,56289,54,210412
7423,0.000457,74.125.130.0-255,367,56656,54,210412
7424,0.000517,172.31.46.0-255,66,56722,54,210412
7425,0.000904,74.125.130.0-255,1484,58206,54,210412
7426,0.000922,74.125.130.0-255,2902,61108,54,210412
7427,0.000925,172.31.46.0-255,66,61174,54,210412
7428,0.000929,74.125.130.0-255,1484,62658,54,210412
7429,0.000951,74.125.130.0-255,2902,65560,54,210412
7430,0.000957,172.31.46.0-255,66,65626,54,210412
7431,0.000977,74.125.130.0-255,5738,71364,54,210412
7432,0.00098,74.125.130.0-255,1484,72848,54,210412
7433,0.000992,172.31.46.0-255,66,72914,54,210412
7434,0.001024,74.125.130.0-255,5738,78652,54,210412
7435,0.001033,172.31.46.0-255,66,78718,54,210412
7436,0.001059,74.125.130.0-255,2902,81620,54,210412
7437,0.001062,74.125.130.0-255,1484,83104,54,210412
7438,0.001067,74.125.130.0-255,2902,86006,54,210412
7439,0.001086,74.125.130.0-255,5020,91026,54,210412
7440,0.001118,172.31.46.0-255,66,91092,54,210412
7441,0.001123,172.31.46.0-255,66,91158,54,210412
7442,0.001783,74.125.130.0-255,1484,92642,54,210412
7443,0.001792,74.125.130.0-255,1484,94126,54,210412
7444,0.001797,172.31.46.0-255,66,94192,54,210412
7445,0.001822,74.125.130.0-255,1484,95676,54,210412
7446,0.001828,74.125.130.0-255,5738,101414,54,210412
7447,0.001831,172.31.46.0-255,66,101480,54,210412
7448,0.001834,74.125.130.0-255,1484,102964,54,210412
7449,0.001853,74.125.130.0-255,2902,105866,54,210412
7450,0.001856,172.31.46.0-255,66,105932,54,210412
7451,0.001899,74.125.130.0-255,5738,111670,54,210412
7452,0.001902,172.31.46.0-255,66,111736,54,210412
7453,0.001905,74.125.130.0-255,1484,113220,54,210412
7454,0.001909,74.125.130.0-255,2902,116122,54,210412
7455,0.001929,74.125.130.0-255,4320,120442,54,210412
7456,0.001946,74.125.130.0-255,1484,121926,54,210412
7457,0.001949,74.125.130.0-255,1484,123410,54,210412
7458,0.001996,74.125.130.0-255,4320,127730,54,210412
7459,0.002011,74.125.130.0-255,2184,129914,54,210412
7460,0.002014,74.125.130.0-255,1484,131398,54,210412
7461,0.002037,74.125.130.0-255,5738,137136,54,210412
7462,0.002041,74.125.130.0-255,2902,140038,54,210412
7463,0.002061,74.125.130.0-255,2902,142940,54,210412
7464,0.002078,74.125.130.0-255,1484,144424,54,210412
7465,0.002093,74.125.130.0-255,2902,147326,54,210412
7466,0.002108,74.125.130.0-255,2902,150228,54,210412
7467,0.00212,74.125.130.0-255,1484,151712,54,210412
7468,0.002124,74.125.130.0-255,2902,154614,54,210412
7469,0.002146,74.125.130.0-255,5020,159634,54,210412
7470,0.007102,172.31.46.0-255,66,159700,54,210412
7471,0.009703,74.125.130.0-255,5738,165438,54,210412
7472,0.009711,172.31.46.0-255,66,165504,54,210412
7473,0.012304,74.125.130.0-255,5738,171242,54,210412
7474,0.012311,172.31.46.0-255,66,171308,54,210412
7475,0.014904,74.125.130.0-255,5738,177046,54,210412
7476,0.014917,172.31.46.0-255,66,177112,54,210412
7477,0.017502,74.125.130.0-255,5738,182850,54,210412
7478,0.01751,172.31.46.0-255,66,182916,54,210412
7479,0.020107,74.125.130.0-255,5738,188654,54,210412
7480,0.020115,172.31.46.0-255,66,188720,54,210412
7481,0.022757,74.125.130.0-255,5738,194458,54,210412
7482,0.022764,172.31.46.0-255,66,194524,54,210412
7483,0.025354,74.125.130.0-255,5738,200262,54,210412
7484,0.025362,172.31.46.0-255,66,200328,54,210412
7485,0.027822,172.31.46.0-255,172,200500,54,210412
7486,0.027854,172.31.46.0-255,1119,201619,54,210412
7487,0.027938,172.31.46.0-255,1514,203133,54,210412
7488,0.02794,172.31.46.0-255,1277,204410,54,210412
7489,0.028013,74.125.130.0-255,5738,210148,54,210412
7490,0.028018,172.31.46.0-255,66,210214,54,210412
7491,0.029362,104.244.42.0-255,66,210280,54,210412
7492,0.029416,104.244.42.0-255,66,210346,54,210412
7493,0.029525,104.244.42.0-255,66,210412,54,210412
7494,0.0,74.125.24.0-255,152,152,54,228270
7495,1.5e-05,172.31.46.0-255,66,218,54,228270
7496,2.1e-05,74.125.24.0-255,1484,1702,54,228270
7497,2.7e-05,172.31.46.0-255,66,1768,54,228270
7498,3.4e-05,74.125.24.0-255,2902,4670,54,228270
7499,3.8e-05,172.31.46.0-255,66,4736,54,228270
7500,4.6e-05,74.125.24.0-255,7156,11892,54,228270
7501,5e-05,172.31.46.0-255,66,11958,54,228270
7502,9.1e-05,74.125.24.0-255,1936,13894,54,228270
7503,9.4e-05,172.31.46.0-255,66,13960,54,228270
7504,0.00015,74.125.24.0-255,1484,15444,54,228270
7505,0.000153,172.31.46.0-255,66,15510,54,228270
7506,0.000158,74.125.24.0-255,2902,18412,54,228270
7507,0.000161,172.31.46.0-255,66,18478,54,228270
7508,0.000165,74.125.24.0-255,2902,21380,54,228270
7509,0.000168,172.31.46.0-255,66,21446,54,228270
7510,0.000194,74.125.24.0-255,2902,24348,54,228270
7511,0.000196,172.31.46.0-255,66,24414,54,228270
7512,0.000201,74.125.24.0-255,2902,27316,54,228270
7513,0.000203,172.31.46.0-255,66,27382,54,228270
7514,0.000206,74.125.24.0-255,1484,28866,54,228270
7515,0.000208,172.31.46.0-255,66,28932,54,228270
7516,0.000239,172.31.46.0-255,66,28998,54,228270
7517,0.000251,172.31.46.0-255,66,29064,54,228270
7518,0.000288,74.125.24.0-255,7156,36220,54,228270
7519,0.000291,172.31.46.0-255,66,36286,54,228270
7520,0.000314,74.125.24.0-255,7156,43442,54,228270
7521,0.000317,172.31.46.0-255,66,43508,54,228270
7522,0.000334,74.125.24.0-255,2899,46407,54,228270
7523,0.000337,172.31.46.0-255,66,46473,54,228270
7524,0.000362,74.125.24.0-255,330,46803,54,228270
7525,0.000637,74.125.24.0-255,1484,48287,54,228270
7526,0.000643,74.125.24.0-255,2902,51189,54,228270
7527,0.000648,172.31.46.0-255,66,51255,54,228270
7528,0.000653,172.31.46.0-255,66,51321,54,228270
7529,0.000665,74.125.24.0-255,5738,57059,54,228270
7530,0.000668,172.31.46.0-255,66,57125,54,228270
7531,0.000691,74.125.24.0-255,5738,62863,54,228270
7532,0.000694,172.31.46.0-255,66,62929,54,228270
7533,0.000718,74.125.24.0-255,5738,68667,54,228270
7534,0.000721,172.31.46.0-255,66,68733,54,228270
7535,0.000735,172.31.46.0-255,66,68799,54,228270
7536,0.000776,74.125.24.0-255,766,69565,54,228270
7537,0.001397,74.125.24.0-255,1484,71049,54,228270
7538,0.001404,172.31.46.0-255,66,71115,54,228270
7539,0.001411,74.125.24.0-255,2902,74017,54,228270
7540,0.001414,172.31.46.0-255,66,74083,54,228270
7541,0.001421,74.125.24.0-255,5738,79821,54,228270
7542,0.001424,172.31.46.0-255,66,79887,54,228270
7543,0.001479,172.31.46.0-255,66,79953,54,228270
7544,0.001492,172.31.46.0-255,66,80019,54,228270
7545,0.001996,74.125.24.0-255,1484,81503,54,228270
7546,0.002012,74.125.24.0-255,2902,84405,54,228270
7547,0.002015,172.31.46.0-255,66,84471,54,228270
7548,0.002022,74.125.24.0-255,5738,90209,54,228270
7549,0.002024,172.31.46.0-255,66,90275,54,228270
7550,0.002055,172.31.46.0-255,66,90341,54,228270
7551,0.002077,74.125.24.0-255,2902,93243,54,228270
7552,0.00208,172.31.46.0-255,66,93309,54,228270
7553,0.002092,172.31.46.0-255,66,93375,54,228270
7554,0.00223,74.125.24.0-255,1484,94859,54,228270
7555,0.002233,74.125.24.0-255,1484,96343,54,228270
7556,0.002235,172.31.46.0-255,66,96409,54,228270
7557,0.002254,74.125.24.0-255,1484,97893,54,228270
7558,0.002261,74.125.24.0-255,5738,103631,54,228270
7559,0.002263,172.31.46.0-255,66,103697,54,228270
7560,0.002284,74.125.24.0-255,4320,108017,54,228270
7561,0.002286,172.31.46.0-255,66,108083,54,228270
7562,0.00229,74.125.24.0-255,2902,110985,54,228270
7563,0.002293,172.31.46.0-255,66,111051,54,228270
7564,0.002324,74.125.24.0-255,4320,115371,54,228270
7565,0.002326,172.31.46.0-255,66,115437,54,228270
7566,0.002357,172.31.46.0-255,66,115503,54,228270
7567,0.00236,74.125.24.0-255,766,116269,54,228270
7568,0.002386,74.125.24.0-255,1484,117753,54,228270
7569,0.002388,172.31.46.0-255,66,117819,54,228270
7570,0.002395,74.125.24.0-255,4320,122139,54,228270
7571,0.002397,172.31.46.0-255,66,122205,54,228270
7572,0.002402,74.125.24.0-255,2902,125107,54,228270
7573,0.002404,172.31.46.0-255,66,125173,54,228270
7574,0.002431,74.125.24.0-255,2902,128075,54,228270
7575,0.002434,172.31.46.0-255,66,128141,54,228270
7576,0.002449,172.31.46.0-255,66,128207,54,228270
7577,0.00246,172.31.46.0-255,66,128273,54,228270
7578,0.002481,74.125.24.0-255,4320,132593,54,228270
7579,0.002483,172.31.46.0-255,66,132659,54,228270
7580,0.002503,74.125.24.0-255,1484,134143,54,228270
7581,0.00251,74.125.24.0-255,7156,141299,54,228270
7582,0.002513,172.31.46.0-255,66,141365,54,228270
7583,0.002517,74.125.24.0-255,2902,144267,54,228270
7584,0.002584,74.125.24.0-255,1484,145751,54,228270
7585,0.002596,74.125.24.0-255,1484,147235,54,228270
7586,0.002623,74.125.24.0-255,4320,151555,54,228270
7587,0.00264,74.125.24.0-255,7156,158711,54,228270
7588,0.002741,74.125.24.0-255,4320,163031,54,228270
7589,0.002746,74.125.24.0-255,4320,167351,54,228270
7590,0.002764,74.125.24.0-255,1484,168835,54,228270
7591,0.00277,74.125.24.0-255,5738,174573,54,228270
7592,0.002789,74.125.24.0-255,5738,180311,54,228270
7593,0.002797,74.125.24.0-255,7156,187467,54,228270
7594,0.002812,74.125.24.0-255,2902,190369,54,228270
7595,0.002837,74.125.24.0-255,4320,194689,54,228270
7596,0.002857,74.125.24.0-255,2184,196873,54,228270
7597,0.002865,74.125.24.0-255,7156,204029,54,228270
7598,0.0029,74.125.24.0-255,6438,210467,54,228270
7599,0.002903,74.125.24.0-255,1484,211951,54,228270
7600,0.002922,74.125.24.0-255,5738,217689,54,228270
7601,0.002975,74.125.24.0-255,2902,220591,54,228270
7602,0.002978,74.125.24.0-255,1484,222075,54,228270
7603,0.002988,74.125.24.0-255,1484,223559,54,228270
7604,0.003037,74.125.24.0-255,4105,227664,54,228270
7605,0.00304,74.125.24.0-255,97,227761,54,228270
7606,0.003068,74.125.24.0-255,105,227866,54,228270
7607,0.004951,172.31.46.0-255,66,227932,54,228270
7608,0.007286,172.31.46.0-255,101,228033,54,228270
7609,0.008122,172.31.46.0-255,105,228138,54,228270
7610,0.009517,74.125.24.0-255,66,228204,54,228270
7611,0.010368,74.125.24.0-255,66,228270,54,228270
7612,0.0,74.125.24.0-255,153,153,54,242701
7613,2.2e-05,172.31.46.0-255,66,219,54,242701
7614,3e-05,74.125.24.0-255,1484,1703,54,242701
7615,3.5e-05,172.31.46.0-255,66,1769,54,242701
7616,4.8e-05,74.125.24.0-255,2902,4671,54,242701
7617,5.2e-05,172.31.46.0-255,66,4737,54,242701
7618,5.8e-05,74.125.24.0-255,4320,9057,54,242701
7619,6.1e-05,172.31.46.0-255,66,9123,54,242701
7620,6.7e-05,74.125.24.0-255,4919,14042,54,242701
7621,7e-05,172.31.46.0-255,66,14108,54,242701
7622,0.000166,74.125.24.0-255,1484,15592,54,242701
7623,0.00017,172.31.46.0-255,66,15658,54,242701
7624,0.000173,74.125.24.0-255,1484,17142,54,242701
7625,0.000175,172.31.46.0-255,66,17208,54,242701
7626,0.000206,74.125.24.0-255,1484,18692,54,242701
7627,0.000208,172.31.46.0-255,66,18758,54,242701
7628,0.000215,74.125.24.0-255,5738,24496,54,242701
7629,0.000217,172.31.46.0-255,66,24562,54,242701
7630,0.000222,74.125.24.0-255,2902,27464,54,242701
7631,0.000224,172.31.46.0-255,66,27530,54,242701
7632,0.000262,172.31.46.0-255,66,27596,54,242701
7633,0.000269,74.125.24.0-255,7156,34752,54,242701
7634,0.000272,172.31.46.0-255,66,34818,54,242701
7635,0.000298,74.125.24.0-255,2902,37720,54,242701
7636,0.0003,172.31.46.0-255,66,37786,54,242701
7637,0.000362,172.31.46.0-255,66,37852,54,242701
7638,0.000365,74.125.24.0-255,442,38294,54,242701
7639,0.000367,172.31.46.0-255,66,38360,54,242701
7640,0.000439,74.125.24.0-255,1484,39844,54,242701
7641,0.000442,172.31.46.0-255,66,39910,54,242701
7642,0.000447,74.125.24.0-255,2902,42812,54,242701
7643,0.000449,172.31.46.0-255,66,42878,54,242701
7644,0.00046,74.125.24.0-255,5738,48616,54,242701
7645,0.000463,172.31.46.0-255,66,48682,54,242701
7646,0.000508,172.31.46.0-255,66,48748,54,242701
7647,0.000521,172.31.46.0-255,66,48814,54,242701
7648,0.000707,74.125.24.0-255,1484,50298,54,242701
7649,0.000715,74.125.24.0-255,2902,53200,54,242701
7650,0.000717,172.31.46.0-255,66,53266,54,242701
7651,0.000724,74.125.24.0-255,5738,59004,54,242701
7652,0.000726,172.31.46.0-255,66,59070,54,242701
7653,0.000751,74.125.24.0-255,1484,60554,54,242701
7654,0.000779,172.31.46.0-255,66,60620,54,242701
7655,0.000782,74.125.24.0-255,1484,62104,54,242701
7656,0.000838,74.125.24.0-255,7156,69260,54,242701
7657,0.000841,172.31.46.0-255,66,69326,54,242701
7658,0.000863,74.125.24.0-255,2184,71510,54,242701
7659,0.000865,172.31.46.0-255,66,71576,54,242701
7660,0.000873,74.125.24.0-255,5738,77314,54,242701
7661,0.000875,172.31.46.0-255,66,77380,54,242701
7662,0.000905,74.125.24.0-255,1484,78864,54,242701
7663,0.000917,172.31.46.0-255,66,78930,54,242701
7664,0.000923,74.125.24.0-255,4320,83250,54,242701
7665,0.000926,172.31.46.0-255,66,83316,54,242701
7666,0.000967,172.31.46.0-255,66,83382,54,242701
7667,0.00097,74.125.24.0-255,766,84148,54,242701
7668,0.001044,74.125.24.0-255,1484,85632,54,242701
7669,0.001047,172.31.46.0-255,66,85698,54,242701
7670,0.001052,74.125.24.0-255,2902,88600,54,242701
7671,0.001055,172.31.46.0-255,66,88666,54,242701
7672,0.001058,74.125.24.0-255,1484,90150,54,242701
7673,0.001088,74.125.24.0-255,4320,94470,54,242701
7674,0.001091,172.31.46.0-255,66,94536,54,242701
7675,0.001098,74.125.24.0-255,5738,100274,54,242701
7676,0.0011,172.31.46.0-255,66,100340,54,242701
7677,0.001144,74.125.24.0-255,7156,107496,54,242701
7678,0.001147,172.31.46.0-255,66,107562,54,242701
7679,0.001159,172.31.46.0-255,66,107628,54,242701
7680,0.001184,74.125.24.0-255,1484,109112,54,242701
7681,0.001189,74.125.24.0-255,2902,112014,54,242701
7682,0.001191,172.31.46.0-255,66,112080,54,242701
7683,0.001198,74.125.24.0-255,5738,117818,54,242701
7684,0.0012,172.31.46.0-255,66,117884,54,242701
7685,0.001235,172.31.46.0-255,66,117950,54,242701
7686,0.001268,74.125.24.0-255,5738,123688,54,242701
7687,0.00127,172.31.46.0-255,66,123754,54,242701
7688,0.001296,172.31.46.0-255,66,123820,54,242701
7689,0.001307,172.31.46.0-255,66,123886,54,242701
7690,0.001345,74.125.24.0-255,5738,129624,54,242701
7691,0.001347,172.31.46.0-255,66,129690,54,242701
7692,0.001377,74.125.24.0-255,2184,131874,54,242701
7693,0.001448,74.125.24.0-255,1484,133358,54,242701
7694,0.001463,74.125.24.0-255,2902,136260,54,242701
7695,0.001499,74.125.24.0-255,5738,141998,54,242701
7696,0.001503,74.125.24.0-255,2902,144900,54,242701
7697,0.001583,74.125.24.0-255,2184,147084,54,242701
7698,0.001636,172.31.46.0-255,66,147150,54,242701
7699,0.001894,74.125.24.0-255,1484,148634,54,242701
7700,0.001901,74.125.24.0-255,2902,151536,54,242701
7701,0.001915,74.125.24.0-255,2902,154438,54,242701
7702,0.001929,74.125.24.0-255,2902,157340,54,242701
7703,0.001937,74.125.24.0-255,7156,164496,54,242701
7704,0.001939,74.125.24.0-255,1484,165980,54,242701
7705,0.001944,172.31.46.0-255,66,166046,54,242701
7706,0.001951,172.31.46.0-255,66,166112,54,242701
7707,0.001975,74.125.24.0-255,7156,173268,54,242701
7708,0.001978,74.125.24.0-255,1484,174752,54,242701
7709,0.002012,74.125.24.0-255,6438,181190,54,242701
7710,0.002029,172.31.46.0-255,66,181256,54,242701
7711,0.002061,74.125.24.0-255,1484,182740,54,242701
7712,0.002065,74.125.24.0-255,1484,184224,54,242701
7713,0.002078,172.31.46.0-255,66,184290,54,242701
7714,0.002086,74.125.24.0-255,1484,185774,54,242701
7715,0.002097,74.125.24.0-255,5738,191512,54,242701
7716,0.002118,74.125.24.0-255,4320,195832,54,242701
7717,0.002123,172.31.46.0-255,66,195898,54,242701
7718,0.002132,74.125.24.0-255,2902,198800,54,242701
7719,0.002172,172.31.46.0-255,66,198866,54,242701
7720,0.004234,74.125.24.0-255,5738,204604,54,242701
7721,0.004241,172.31.46.0-255,66,204670,54,242701
7722,0.006331,74.125.24.0-255,5738,210408,54,242701
7723,0.006339,172.31.46.0-255,66,210474,54,242701
7724,0.008389,74.125.24.0-255,5738,216212,54,242701
7725,0.008395,172.31.46.0-255,66,216278,54,242701
7726,0.009495,172.31.46.0-255,101,216379,54,242701
7727,0.010458,74.125.24.0-255,5738,222117,54,242701
7728,0.010464,172.31.46.0-255,66,222183,54,242701
7729,0.011553,74.125.24.0-255,66,222249,54,242701
7730,0.012561,74.125.24.0-255,5738,227987,54,242701
7731,0.012569,172.31.46.0-255,66,228053,54,242701
7732,0.014627,74.125.24.0-255,5738,233791,54,242701
7733,0.014637,172.31.46.0-255,66,233857,54,242701
7734,0.016757,74.125.24.0-255,5738,239595,54,242701
7735,0.016769,172.31.46.0-255,66,239661,54,242701
7736,0.018853,74.125.24.0-255,2803,242464,54,242701
7737,0.018869,172.31.46.0-255,66,242530,54,242701
7738,0.020912,172.31.46.0-255,105,242635,54,242701
7739,0.027885,74.125.24.0-255,66,242701,54,242701
7740,0.0,74.125.68.0-255,152,152,54,388079
7741,2.9e-05,172.31.46.0-255,66,218,54,388079
7742,3.5e-05,74.125.68.0-255,1484,1702,54,388079
7743,3.8e-05,172.31.46.0-255,66,1768,54,388079
7744,4.3e-05,74.125.68.0-255,2902,4670,54,388079
7745,4.6e-05,172.31.46.0-255,66,4736,54,388079
7746,7.1e-05,74.125.68.0-255,5738,10474,54,388079
7747,7.6e-05,172.31.46.0-255,66,10540,54,388079
7748,9.6e-05,74.125.68.0-255,3539,14079,54,388079
7749,9.8e-05,172.31.46.0-255,66,14145,54,388079
7750,0.00017,74.125.68.0-255,1484,15629,54,388079
7751,0.000175,172.31.46.0-255,66,15695,54,388079
7752,0.000179,74.125.68.0-255,2902,18597,54,388079
7753,0.000181,172.31.46.0-255,66,18663,54,388079
7754,0.000185,74.125.68.0-255,2902,21565,54,388079
7755,0.000187,172.31.46.0-255,66,21631,54,388079
7756,0.000209,74.125.68.0-255,4320,25951,54,388079
7757,0.000212,172.31.46.0-255,66,26017,54,388079
7758,0.000247,74.125.68.0-255,5379,31396,54,388079
7759,0.00025,172.31.46.0-255,66,31462,54,388079
7760,0.000281,74.125.68.0-255,2902,34364,54,388079
7761,0.000284,172.31.46.0-255,66,34430,54,388079
7762,0.000303,74.125.68.0-255,2902,37332,54,388079
7763,0.000308,172.31.46.0-255,66,37398,54,388079
7764,0.000328,74.125.68.0-255,2902,40300,54,388079
7765,0.000332,172.31.46.0-255,66,40366,54,388079
7766,0.000351,74.125.68.0-255,2902,43268,54,388079
7767,0.000353,172.31.46.0-255,66,43334,54,388079
7768,0.000359,74.125.68.0-255,5379,48713,54,388079
7769,0.000361,172.31.46.0-255,66,48779,54,388079
7770,0.000384,74.125.68.0-255,1484,50263,54,388079
7771,0.000388,172.31.46.0-255,66,50329,54,388079
7772,0.000408,74.125.68.0-255,4320,54649,54,388079
7773,0.000414,172.31.46.0-255,66,54715,54,388079
7774,0.000438,74.125.68.0-255,7156,61871,54,388079
7775,0.000443,74.125.68.0-255,3961,65832,54,388079
7776,0.000445,172.31.46.0-255,66,65898,54,388079
7777,0.000449,172.31.46.0-255,66,65964,54,388079
7778,0.000511,74.125.68.0-255,648,66612,54,388079
7779,0.000549,74.125.68.0-255,1484,68096,54,388079
7780,0.000554,74.125.68.0-255,2902,70998,54,388079
7781,0.000555,172.31.46.0-255,66,71064,54,388079
7782,0.000559,172.31.46.0-255,66,71130,54,388079
7783,0.000582,74.125.68.0-255,5738,76868,54,388079
7784,0.000595,172.31.46.0-255,66,76934,54,388079
7785,0.000602,74.125.68.0-255,1484,78418,54,388079
7786,0.000606,74.125.68.0-255,2902,81320,54,388079
7787,0.00061,172.31.46.0-255,66,81386,54,388079
7788,0.000637,74.125.68.0-255,5738,87124,54,388079
7789,0.000641,172.31.46.0-255,66,87190,54,388079
7790,0.000703,74.125.68.0-255,3602,90792,54,388079
7791,0.000704,172.31.46.0-255,66,90858,54,388079
7792,0.000708,172.31.46.0-255,66,90924,54,388079
7793,0.000788,74.125.68.0-255,1484,92408,54,388079
7794,0.000792,74.125.68.0-255,1484,93892,54,388079
7795,0.00081,172.31.46.0-255,66,93958,54,388079
7796,0.000833,74.125.68.0-255,2902,96860,54,388079
7797,0.000838,172.31.46.0-255,66,96926,54,388079
7798,0.00086,74.125.68.0-255,5738,102664,54,388079
7799,0.000872,172.31.46.0-255,66,102730,54,388079
7800,0.000874,74.125.68.0-255,4320,107050,54,388079
7801,0.000878,172.31.46.0-255,66,107116,54,388079
7802,0.000903,74.125.68.0-255,5738,112854,54,388079
7803,0.000908,74.125.68.0-255,3051,115905,54,388079
7804,0.00091,172.31.46.0-255,66,115971,54,388079
7805,0.000913,172.31.46.0-255,66,116037,54,388079
7806,0.001026,74.125.68.0-255,1484,117521,54,388079
7807,0.001032,74.125.68.0-255,2902,120423,54,388079
7808,0.001036,172.31.46.0-255,66,120489,54,388079
7809,0.001053,74.125.68.0-255,2902,123391,54,388079
7810,0.001056,172.31.46.0-255,66,123457,54,388079
7811,0.001059,74.125.68.0-255,1484,124941,54,388079
7812,0.001076,74.125.68.0-255,2902,127843,54,388079
7813,0.001081,74.125.68.0-255,2902,130745,54,388079
7814,0.001082,172.31.46.0-255,66,130811,54,388079
7815,0.001086,172.31.46.0-255,66,130877,54,388079
7816,0.001109,74.125.68.0-255,5738,136615,54,388079
7817,0.00112,172.31.46.0-255,66,136681,54,388079
7818,0.001124,74.125.68.0-255,5738,142419,54,388079
7819,0.001137,172.31.46.0-255,66,142485,54,388079
7820,0.001155,74.125.68.0-255,7156,149641,54,388079
7821,0.001158,74.125.68.0-255,766,150407,54,388079
7822,0.001159,172.31.46.0-255,66,150473,54,388079
7823,0.001217,74.125.68.0-255,1484,151957,54,388079
7824,0.001228,172.31.46.0-255,66,152023,54,388079
7825,0.001246,74.125.68.0-255,2902,154925,54,388079
7826,0.001249,172.31.46.0-255,66,154991,54,388079
7827,0.0013,74.125.68.0-255,2902,157893,54,388079
7828,0.001306,74.125.68.0-255,4320,162213,54,388079
7829,0.001306,172.31.46.0-255,66,162279,54,388079
7830,0.001309,74.125.68.0-255,4320,166599,54,388079
7831,0.00132,172.31.46.0-255,66,166665,54,388079
7832,0.001331,74.125.68.0-255,4320,170985,54,388079
7833,0.001335,74.125.68.0-255,4320,175305,54,388079
7834,0.001335,172.31.46.0-255,66,175371,54,388079
7835,0.00134,172.31.46.0-255,66,175437,54,388079
7836,0.001364,74.125.68.0-255,5738,181175,54,388079
7837,0.001409,74.125.68.0-255,5020,186195,54,388079
7838,0.001413,74.125.68.0-255,2902,189097,54,388079
7839,0.001433,74.125.68.0-255,2902,191999,54,388079
7840,0.001438,74.125.68.0-255,7156,199155,54,388079
7841,0.001455,172.31.46.0-255,66,199221,54,388079
7842,0.001457,74.125.68.0-255,4320,203541,54,388079
7843,0.00146,172.31.46.0-255,66,203607,54,388079
7844,0.001489,172.31.46.0-255,66,203673,54,388079
7845,0.001535,74.125.68.0-255,6438,210111,54,388079
7846,0.001551,172.31.46.0-255,66,210177,54,388079
7847,0.001577,74.125.68.0-255,1484,211661,54,388079
7848,0.001593,74.125.68.0-255,2902,214563,54,388079
7849,0.001606,172.31.46.0-255,66,214629,54,388079
7850,0.001611,74.125.68.0-255,2902,217531,54,388079
7851,0.001621,172.31.46.0-255,66,217597,54,388079
7852,0.001628,74.125.68.0-255,4320,221917,54,388079
7853,0.001641,172.31.46.0-255,66,221983,54,388079
7854,0.001663,74.125.68.0-255,7156,229139,54,388079
7855,0.001672,172.31.46.0-255,66,229205,54,388079
7856,0.00169,74.125.68.0-255,1484,230689,54,388079
7857,0.001696,74.125.68.0-255,5738,236427,54,388079
7858,0.001701,74.125.68.0-255,7156,243583,54,388079
7859,0.001704,74.125.68.0-255,766,244349,54,388079
7860,0.001705,172.31.46.0-255,66,244415,54,388079
7861,0.00184,74.125.68.0-255,1484,245899,54,388079
7862,0.001845,172.31.46.0-255,66,245965,54,388079
7863,0.00185,74.125.68.0-255,2902,248867,54,388079
7864,0.001867,74.125.68.0-255,4320,253187,54,388079
7865,0.001881,74.125.68.0-255,1484,254671,54,388079
7866,0.001895,74.125.68.0-255,5738,260409,54,388079
7867,0.001905,74.125.68.0-255,1484,261893,54,388079
7868,0.001911,74.125.68.0-255,5738,267631,54,388079
7869,0.001928,74.125.68.0-255,4320,271951,54,388079
7870,0.001939,74.125.68.0-255,2902,274853,54,388079
7871,0.001962,74.125.68.0-255,3602,278455,54,388079
7872,0.002015,74.125.68.0-255,1484,279939,54,388079
7873,0.002028,74.125.68.0-255,2902,282841,54,388079
7874,0.002066,74.125.68.0-255,5738,288579,54,388079
7875,0.00207,74.125.68.0-255,2902,291481,54,388079
7876,0.002088,74.125.68.0-255,4320,295801,54,388079
7877,0.002107,74.125.68.0-255,5738,301539,54,388079
7878,0.002112,74.125.68.0-255,4320,305859,54,388079
7879,0.002136,74.125.68.0-255,5738,311597,54,388079
7880,0.002165,74.125.68.0-255,5020,316617,54,388079
7881,0.002186,74.125.68.0-255,4320,320937,54,388079
7882,0.002202,74.125.68.0-255,1484,322421,54,388079
7883,0.002215,74.125.68.0-255,2902,325323,54,388079
7884,0.002232,74.125.68.0-255,4320,329643,54,388079
7885,0.002291,74.125.68.0-255,4320,333963,54,388079
7886,0.002294,74.125.68.0-255,3602,337565,54,388079
7887,0.009743,172.31.46.0-255,66,337631,54,388079
7888,0.012023,74.125.68.0-255,5738,343369,54,388079
7889,0.012036,172.31.46.0-255,66,343435,54,388079
7890,0.0143,74.125.68.0-255,5738,349173,54,388079
7891,0.014308,172.31.46.0-255,66,349239,54,388079
7892,0.016572,74.125.68.0-255,5738,354977,54,388079
7893,0.016581,172.31.46.0-255,66,355043,54,388079
7894,0.018856,74.125.68.0-255,5738,360781,54,388079
7895,0.018864,172.31.46.0-255,66,360847,54,388079
7896,0.021116,74.125.68.0-255,5738,366585,54,388079
7897,0.021123,172.31.46.0-255,66,366651,54,388079
7898,0.023385,74.125.68.0-255,5738,372389,54,388079
7899,0.02339,172.31.46.0-255,66,372455,54,388079
7900,0.025441,172.31.46.0-255,172,372627,54,388079
7901,0.025475,172.31.46.0-255,1119,373746,54,388079
7902,0.02551,172.31.46.0-255,1514,375260,54,388079
7903,0.025512,172.31.46.0-255,1279,376539,54,388079
7904,0.025647,74.125.68.0-255,5738,382277,54,388079
7905,0.025653,172.31.46.0-255,66,382343,54,388079
7906,0.026942,104.244.42.0-255,66,382409,54,388079
7907,0.026975,104.244.42.0-255,66,382475,54,388079
7908,0.027026,104.244.42.0-255,66,382541,54,388079
7909,0.027627,104.244.42.0-255,108,382649,54,388079
7910,0.02763,172.31.46.0-255,66,382715,54,388079
7911,0.027908,74.125.68.0-255,5193,387908,54,388079
7912,0.027911,172.31.46.0-255,66,387974,54,388079
7913,0.028056,172.31.46.0-255,105,388079,54,388079
7914,0.0,74.125.24.0-255,155,155,54,232153
7915,2.8e-05,172.31.46.0-255,66,221,54,232153
7916,3.5e-05,74.125.24.0-255,1484,1705,54,232153
7917,3.9e-05,172.31.46.0-255,66,1771,54,232153
7918,4.4e-05,74.125.24.0-255,2902,4673,54,232153
7919,4.7e-05,172.31.46.0-255,66,4739,54,232153
7920,5e-05,74.125.24.0-255,1484,6223,54,232153
7921,5.4e-05,172.31.46.0-255,66,6289,54,232153
7922,0.000104,172.31.46.0-255,66,6355,54,232153
7923,0.0002,74.125.24.0-255,1484,7839,54,232153
7924,0.000205,172.31.46.0-255,66,7905,54,232153
7925,0.000212,74.125.24.0-255,2902,10807,54,232153
7926,0.000214,172.31.46.0-255,66,10873,54,232153
7927,0.00022,74.125.24.0-255,5738,16611,54,232153
7928,0.000223,172.31.46.0-255,66,16677,54,232153
7929,0.000245,74.125.24.0-255,6797,23474,54,232153
7930,0.000249,172.31.46.0-255,66,23540,54,232153
7931,0.000272,74.125.24.0-255,1484,25024,54,232153
7932,0.000275,172.31.46.0-255,66,25090,54,232153
7933,0.00031,172.31.46.0-255,66,25156,54,232153
7934,0.000317,74.125.24.0-255,7156,32312,54,232153
7935,0.00032,172.31.46.0-255,66,32378,54,232153
7936,0.000356,172.31.46.0-255,66,32444,54,232153
7937,0.000377,74.125.24.0-255,2561,35005,54,232153
7938,0.000379,172.31.46.0-255,66,35071,54,232153
7939,0.000382,74.125.24.0-255,331,35402,54,232153
7940,0.000384,172.31.46.0-255,66,35468,54,232153
7941,0.000601,74.125.24.0-255,1484,36952,54,232153
7942,0.000607,172.31.46.0-255,66,37018,54,232153
7943,0.000613,74.125.24.0-255,2902,39920,54,232153
7944,0.000616,172.31.46.0-255,66,39986,54,232153
7945,0.000623,74.125.24.0-255,5738,45724,54,232153
7946,0.000626,172.31.46.0-255,66,45790,54,232153
7947,0.000667,172.31.46.0-255,66,45856,54,232153
7948,0.00067,74.125.24.0-255,1484,47340,54,232153
7949,0.000706,172.31.46.0-255,66,47406,54,232153
7950,0.001072,74.125.24.0-255,1484,48890,54,232153
7951,0.00108,74.125.24.0-255,2902,51792,54,232153
7952,0.001085,172.31.46.0-255,66,51858,54,232153
7953,0.001089,74.125.24.0-255,1484,53342,54,232153
7954,0.001106,74.125.24.0-255,2902,56244,54,232153
7955,0.001109,172.31.46.0-255,66,56310,54,232153
7956,0.001115,74.125.24.0-255,4320,60630,54,232153
7957,0.001117,172.31.46.0-255,66,60696,54,232153
7958,0.001128,74.125.24.0-255,1484,62180,54,232153
7959,0.001161,74.125.24.0-255,4320,66500,54,232153
7960,0.001164,172.31.46.0-255,66,66566,54,232153
7961,0.001192,74.125.24.0-255,7156,73722,54,232153
7962,0.001196,172.31.46.0-255,66,73788,54,232153
7963,0.001206,172.31.46.0-255,66,73854,54,232153
7964,0.001535,74.125.24.0-255,1484,75338,54,232153
7965,0.001541,74.125.24.0-255,2902,78240,54,232153
7966,0.001545,172.31.46.0-255,66,78306,54,232153
7967,0.001548,74.125.24.0-255,1484,79790,54,232153
7968,0.001568,74.125.24.0-255,4320,84110,54,232153
7969,0.001571,172.31.46.0-255,66,84176,54,232153
7970,0.001578,74.125.24.0-255,5738,89914,54,232153
7971,0.00158,172.31.46.0-255,66,89980,54,232153
7972,0.001599,74.125.24.0-255,7156,97136,54,232153
7973,0.001601,172.31.46.0-255,66,97202,54,232153
7974,0.001606,74.125.24.0-255,2902,100104,54,232153
7975,0.001609,172.31.46.0-255,66,100170,54,232153
7976,0.001643,172.31.46.0-255,66,100236,54,232153
7977,0.001751,74.125.24.0-255,1484,101720,54,232153
7978,0.001757,74.125.24.0-255,2902,104622,54,232153
7979,0.00176,172.31.46.0-255,66,104688,54,232153
7980,0.001765,74.125.24.0-255,2902,107590,54,232153
7981,0.001767,172.31.46.0-255,66,107656,54,232153
7982,0.001786,74.125.24.0-255,2902,110558,54,232153
7983,0.001788,172.31.46.0-255,66,110624,54,232153
7984,0.001794,74.125.24.0-255,4320,114944,54,232153
7985,0.001796,172.31.46.0-255,66,115010,54,232153
7986,0.001836,172.31.46.0-255,66,115076,54,232153
7987,0.001846,172.31.46.0-255,66,115142,54,232153
7988,0.001871,74.125.24.0-255,2184,117326,54,232153
7989,0.001874,172.31.46.0-255,66,117392,54,232153
7990,0.001978,74.125.24.0-255,1484,118876,54,232153
7991,0.001997,74.125.24.0-255,2902,121778,54,232153
7992,0.002,172.31.46.0-255,66,121844,54,232153
7993,0.002007,74.125.24.0-255,5738,127582,54,232153
7994,0.00201,172.31.46.0-255,66,127648,54,232153
7995,0.002013,74.125.24.0-255,2902,130550,54,232153
7996,0.002015,172.31.46.0-255,66,130616,54,232153
7997,0.002055,172.31.46.0-255,66,130682,54,232153
7998,0.002075,74.125.24.0-255,5738,136420,54,232153
7999,0.002077,172.31.46.0-255,66,136486,54,232153
8000,0.002093,74.125.24.0-255,5020,141506,54,232153
8001,0.002095,172.31.46.0-255,66,141572,54,232153
8002,0.002113,74.125.24.0-255,2902,144474,54,232153
8003,0.002115,172.31.46.0-255,66,144540,54,232153
8004,0.00212,74.125.24.0-255,4320,148860,54,232153
8005,0.002122,172.31.46.0-255,66,148926,54,232153
8006,0.00216,74.125.24.0-255,7156,156082,54,232153
8007,0.002164,172.31.46.0-255,66,156148,54,232153
8008,0.002184,74.125.24.0-255,1484,157632,54,232153
8009,0.00219,74.125.24.0-255,4320,161952,54,232153
8010,0.002193,172.31.46.0-255,66,162018,54,232153
8011,0.002226,172.31.46.0-255,66,162084,54,232153
8012,0.00223,74.125.24.0-255,2902,164986,54,232153
8013,0.002232,172.31.46.0-255,66,165052,54,232153
8014,0.002264,172.31.46.0-255,66,165118,54,232153
8015,0.002279,74.125.24.0-255,5738,170856,54,232153
8016,0.002282,172.31.46.0-255,66,170922,54,232153
8017,0.002318,74.125.24.0-255,2902,173824,54,232153
8018,0.002321,172.31.46.0-255,66,173890,54,232153
8019,0.002351,172.31.46.0-255,66,173956,54,232153
8020,0.002394,172.31.46.0-255,66,174022,54,232153
8021,0.002426,172.31.46.0-255,66,174088,54,232153
8022,0.002438,172.31.46.0-255,66,174154,54,232153
8023,0.004748,74.125.24.0-255,5738,179892,54,232153
8024,0.004768,172.31.46.0-255,66,179958,54,232153
8025,0.007064,74.125.24.0-255,5738,185696,54,232153
8026,0.007071,172.31.46.0-255,66,185762,54,232153
8027,0.009405,74.125.24.0-255,4320,190082,54,232153
8028,0.00941,172.31.46.0-255,66,190148,54,232153
8029,0.009428,74.125.24.0-255,1484,191632,54,232153
8030,0.011723,74.125.24.0-255,4320,195952,54,232153
8031,0.01173,172.31.46.0-255,66,196018,54,232153
8032,0.014054,74.125.24.0-255,5738,201756,54,232153
8033,0.014062,172.31.46.0-255,66,201822,54,232153
8034,0.016395,74.125.24.0-255,5738,207560,54,232153
8035,0.016402,172.31.46.0-255,66,207626,54,232153
8036,0.018723,74.125.24.0-255,5738,213364,54,232153
8037,0.018731,172.31.46.0-255,66,213430,54,232153
8038,0.021052,74.125.24.0-255,5738,219168,54,232153
8039,0.021068,172.31.46.0-255,66,219234,54,232153
8040,0.023418,74.125.24.0-255,5738,224972,54,232153
8041,0.02343,172.31.46.0-255,66,225038,54,232153
8042,0.025757,74.125.24.0-255,5738,230776,54,232153
8043,0.025766,172.31.46.0-255,66,230842,54,232153
8044,0.028054,74.125.24.0-255,945,231787,54,232153
8045,0.028205,172.31.46.0-255,105,231892,54,232153
8046,0.028239,172.31.46.0-255,105,231997,54,232153
8047,0.02845,172.31.46.0-255,90,232087,54,232153
8048,0.028459,172.31.46.0-255,66,232153,54,232153
8049,0.0,74.125.24.0-255,150,150,54,176871
8050,2.3e-05,172.31.46.0-255,66,216,54,176871
8051,3e-05,74.125.24.0-255,1484,1700,54,176871
8052,3.4e-05,172.31.46.0-255,66,1766,54,176871
8053,4e-05,74.125.24.0-255,2902,4668,54,176871
8054,5e-05,172.31.46.0-255,66,4734,54,176871
8055,5.8e-05,74.125.24.0-255,7156,11890,54,176871
8056,6.2e-05,172.31.46.0-255,66,11956,54,176871
8057,9.9e-05,172.31.46.0-255,66,12022,54,176871
8058,0.00011,172.31.46.0-255,66,12088,54,176871
8059,0.000159,172.31.46.0-255,66,12154,54,176871
8060,0.000162,74.125.24.0-255,1484,13638,54,176871
8061,0.000164,172.31.46.0-255,66,13704,54,176871
8062,0.000194,74.125.24.0-255,3602,17306,54,176871
8063,0.0002,172.31.46.0-255,66,17372,54,176871
8064,0.000207,74.125.24.0-255,5738,23110,54,176871
8065,0.000209,172.31.46.0-255,66,23176,54,176871
8066,0.000258,172.31.46.0-255,66,23242,54,176871
8067,0.000281,74.125.24.0-255,344,23586,54,176871
8068,0.000284,172.31.46.0-255,66,23652,54,176871
8069,0.000387,74.125.24.0-255,1484,25136,54,176871
8070,0.000391,172.31.46.0-255,66,25202,54,176871
8071,0.000396,74.125.24.0-255,2902,28104,54,176871
8072,0.000399,172.31.46.0-255,66,28170,54,176871
8073,0.000431,74.125.24.0-255,5738,33908,54,176871
8074,0.000434,172.31.46.0-255,66,33974,54,176871
8075,0.000469,74.125.24.0-255,6797,40771,54,176871
8076,0.000472,172.31.46.0-255,66,40837,54,176871
8077,0.000479,74.125.24.0-255,7156,47993,54,176871
8078,0.000482,172.31.46.0-255,66,48059,54,176871
8079,0.000518,172.31.46.0-255,66,48125,54,176871
8080,0.001065,74.125.24.0-255,1484,49609,54,176871
8081,0.001075,74.125.24.0-255,2902,52511,54,176871
8082,0.001079,172.31.46.0-255,66,52577,54,176871
8083,0.001114,74.125.24.0-255,2902,55479,54,176871
8084,0.001116,172.31.46.0-255,66,55545,54,176871
8085,0.001135,74.125.24.0-255,2902,58447,54,176871
8086,0.001137,172.31.46.0-255,66,58513,54,176871
8087,0.001142,74.125.24.0-255,4320,62833,54,176871
8088,0.001145,172.31.46.0-255,66,62899,54,176871
8089,0.001158,172.31.46.0-255,66,62965,54,176871
8090,0.001164,74.125.24.0-255,5738,68703,54,176871
8091,0.001168,172.31.46.0-255,66,68769,54,176871
8092,0.001198,74.125.24.0-255,2184,70953,54,176871
8093,0.0012,172.31.46.0-255,66,71019,54,176871
8094,0.001514,74.125.24.0-255,1484,72503,54,176871
8095,0.00152,74.125.24.0-255,2902,75405,54,176871
8096,0.001523,172.31.46.0-255,66,75471,54,176871
8097,0.00153,74.125.24.0-255,5738,81209,54,176871
8098,0.001532,172.31.46.0-255,66,81275,54,176871
8099,0.001556,74.125.24.0-255,7156,88431,54,176871
8100,0.001562,172.31.46.0-255,66,88497,54,176871
8101,0.001591,74.125.24.0-255,5738,94235,54,176871
8102,0.001594,172.31.46.0-255,66,94301,54,176871
8103,0.001598,74.125.24.0-255,2902,97203,54,176871
8104,0.0016,172.31.46.0-255,66,97269,54,176871
8105,0.001637,172.31.46.0-255,66,97335,54,176871
8106,0.003702,74.125.24.0-255,5738,103073,54,176871
8107,0.003713,172.31.46.0-255,66,103139,54,176871
8108,0.005763,74.125.24.0-255,5738,108877,54,176871
8109,0.005766,172.31.46.0-255,66,108943,54,176871
8110,0.007826,74.125.24.0-255,5738,114681,54,176871
8111,0.007833,172.31.46.0-255,66,114747,54,176871
8112,0.009932,74.125.24.0-255,5738,120485,54,176871
8113,0.009947,172.31.46.0-255,66,120551,54,176871
8114,0.011988,74.125.24.0-255,5738,126289,54,176871
8115,0.012004,172.31.46.0-255,66,126355,54,176871
8116,0.014062,74.125.24.0-255,5738,132093,54,176871
8117,0.014089,172.31.46.0-255,66,132159,54,176871
8118,0.016145,74.125.24.0-255,5738,137897,54,176871
8119,0.016157,172.31.46.0-255,66,137963,54,176871
8120,0.018207,74.125.24.0-255,5738,143701,54,176871
8121,0.018218,172.31.46.0-255,66,143767,54,176871
8122,0.020266,74.125.24.0-255,5738,149505,54,176871
8123,0.020276,172.31.46.0-255,66,149571,54,176871
8124,0.022324,74.125.24.0-255,5738,155309,54,176871
8125,0.022334,172.31.46.0-255,66,155375,54,176871
8126,0.024402,74.125.24.0-255,5738,161113,54,176871
8127,0.024412,172.31.46.0-255,66,161179,54,176871
8128,0.02647,74.125.24.0-255,5738,166917,54,176871
8129,0.02648,172.31.46.0-255,66,166983,54,176871
8130,0.028539,74.125.24.0-255,5738,172721,54,176871
8131,0.028548,172.31.46.0-255,66,172787,54,176871
8132,0.02892,172.31.46.0-255,172,172959,54,176871
8133,0.028952,172.31.46.0-255,1119,174078,54,176871
8134,0.029013,172.31.46.0-255,1514,175592,54,176871
8135,0.029014,172.31.46.0-255,1279,176871,54,176871
8136,0.0,74.125.24.0-255,153,153,54,242621
8137,2.3e-05,172.31.46.0-255,66,219,54,242621
8138,3e-05,74.125.24.0-255,1484,1703,54,242621
8139,3.5e-05,172.31.46.0-255,66,1769,54,242621
8140,4e-05,74.125.24.0-255,2902,4671,54,242621
8141,4.3e-05,172.31.46.0-255,66,4737,54,242621
8142,4.8e-05,74.125.24.0-255,2902,7639,54,242621
8143,5.2e-05,172.31.46.0-255,66,7705,54,242621
8144,9.3e-05,74.125.24.0-255,6327,14032,54,242621
8145,9.7e-05,172.31.46.0-255,66,14098,54,242621
8146,0.00013,74.125.24.0-255,7156,21254,54,242621
8147,0.000132,172.31.46.0-255,66,21320,54,242621
8148,0.000161,172.31.46.0-255,66,21386,54,242621
8149,0.000255,74.125.24.0-255,1484,22870,54,242621
8150,0.000259,172.31.46.0-255,66,22936,54,242621
8151,0.000264,74.125.24.0-255,2902,25838,54,242621
8152,0.000266,172.31.46.0-255,66,25904,54,242621
8153,0.000282,74.125.24.0-255,4320,30224,54,242621
8154,0.000284,172.31.46.0-255,66,30290,54,242621
8155,0.000309,74.125.24.0-255,1484,31774,54,242621
8156,0.000311,172.31.46.0-255,66,31840,54,242621
8157,0.000318,74.125.24.0-255,5738,37578,54,242621
8158,0.00032,172.31.46.0-255,66,37644,54,242621
8159,0.000335,74.125.24.0-255,1125,38769,54,242621
8160,0.000337,172.31.46.0-255,66,38835,54,242621
8161,0.000355,74.125.24.0-255,1484,40319,54,242621
8162,0.000358,172.31.46.0-255,66,40385,54,242621
8163,0.000361,74.125.24.0-255,1484,41869,54,242621
8164,0.000363,172.31.46.0-255,66,41935,54,242621
8165,0.00038,74.125.24.0-255,2902,44837,54,242621
8166,0.000382,172.31.46.0-255,66,44903,54,242621
8167,0.000396,74.125.24.0-255,4320,49223,54,242621
8168,0.000398,172.31.46.0-255,66,49289,54,242621
8169,0.00042,74.125.24.0-255,5738,55027,54,242621
8170,0.000423,172.31.46.0-255,66,55093,54,242621
8171,0.000425,74.125.24.0-255,1458,56551,54,242621
8172,0.000444,74.125.24.0-255,344,56895,54,242621
8173,0.000446,172.31.46.0-255,66,56961,54,242621
8174,0.000688,74.125.24.0-255,1484,58445,54,242621
8175,0.000694,74.125.24.0-255,2902,61347,54,242621
8176,0.000698,172.31.46.0-255,66,61413,54,242621
8177,0.000702,74.125.24.0-255,1484,62897,54,242621
8178,0.000722,74.125.24.0-255,4320,67217,54,242621
8179,0.000724,172.31.46.0-255,66,67283,54,242621
8180,0.000732,74.125.24.0-255,7156,74439,54,242621
8181,0.000735,172.31.46.0-255,66,74505,54,242621
8182,0.000739,74.125.24.0-255,2902,77407,54,242621
8183,0.000742,172.31.46.0-255,66,77473,54,242621
8184,0.000773,172.31.46.0-255,66,77539,54,242621
8185,0.000777,74.125.24.0-255,2184,79723,54,242621
8186,0.000779,172.31.46.0-255,66,79789,54,242621
8187,0.000979,74.125.24.0-255,1484,81273,54,242621
8188,0.000983,74.125.24.0-255,1484,82757,54,242621
8189,0.000986,172.31.46.0-255,66,82823,54,242621
8190,0.001007,74.125.24.0-255,1484,84307,54,242621
8191,0.001014,74.125.24.0-255,5738,90045,54,242621
8192,0.001016,172.31.46.0-255,66,90111,54,242621
8193,0.00102,74.125.24.0-255,2902,93013,54,242621
8194,0.001022,172.31.46.0-255,66,93079,54,242621
8195,0.001069,172.31.46.0-255,66,93145,54,242621
8196,0.001074,74.125.24.0-255,4320,97465,54,242621
8197,0.001077,172.31.46.0-255,66,97531,54,242621
8198,0.001125,74.125.24.0-255,6438,103969,54,242621
8199,0.001128,172.31.46.0-255,66,104035,54,242621
8200,0.001919,74.125.24.0-255,1484,105519,54,242621
8201,0.001927,74.125.24.0-255,2902,108421,54,242621
8202,0.001931,172.31.46.0-255,66,108487,54,242621
8203,0.001958,74.125.24.0-255,5738,114225,54,242621
8204,0.00196,172.31.46.0-255,66,114291,54,242621
8205,0.001974,172.31.46.0-255,66,114357,54,242621
8206,0.002003,74.125.24.0-255,2902,117259,54,242621
8207,0.002005,172.31.46.0-255,66,117325,54,242621
8208,0.002028,172.31.46.0-255,66,117391,54,242621
8209,0.002032,74.125.24.0-255,1484,118875,54,242621
8210,0.00205,74.125.24.0-255,2902,121777,54,242621
8211,0.002052,172.31.46.0-255,66,121843,54,242621
8212,0.002077,74.125.24.0-255,5738,127581,54,242621
8213,0.002079,172.31.46.0-255,66,127647,54,242621
8214,0.002085,74.125.24.0-255,5738,133385,54,242621
8215,0.002087,172.31.46.0-255,66,133451,54,242621
8216,0.002107,74.125.24.0-255,7156,140607,54,242621
8217,0.002109,172.31.46.0-255,66,140673,54,242621
8218,0.002134,74.125.24.0-255,7156,147829,54,242621
8219,0.002136,172.31.46.0-255,66,147895,54,242621
8220,0.002151,74.125.24.0-255,3602,151497,54,242621
8221,0.002153,172.31.46.0-255,66,151563,54,242621
8222,0.002186,74.125.24.0-255,1484,153047,54,242621
8223,0.002192,74.125.24.0-255,2902,155949,54,242621
8224,0.002194,172.31.46.0-255,66,156015,54,242621
8225,0.002214,74.125.24.0-255,5738,161753,54,242621
8226,0.002216,172.31.46.0-255,66,161819,54,242621
8227,0.002233,74.125.24.0-255,4320,166139,54,242621
8228,0.002235,172.31.46.0-255,66,166205,54,242621
8229,0.002257,172.31.46.0-255,66,166271,54,242621
8230,0.002291,74.125.24.0-255,7156,173427,54,242621
8231,0.002294,172.31.46.0-255,66,173493,54,242621
8232,0.002313,74.125.24.0-255,3602,177095,54,242621
8233,0.002315,172.31.46.0-255,66,177161,54,242621
8234,0.002329,74.125.24.0-255,1484,178645,54,242621
8235,0.002355,172.31.46.0-255,66,178711,54,242621
8236,0.002371,172.31.46.0-255,66,178777,54,242621
8237,0.004747,74.125.24.0-255,5738,184515,54,242621
8238,0.004758,172.31.46.0-255,66,184581,54,242621
8239,0.007105,74.125.24.0-255,5738,190319,54,242621
8240,0.007114,172.31.46.0-255,66,190385,54,242621
8241,0.009481,74.125.24.0-255,5738,196123,54,242621
8242,0.009496,172.31.46.0-255,66,196189,54,242621
8243,0.01187,74.125.24.0-255,5738,201927,54,242621
8244,0.011881,172.31.46.0-255,66,201993,54,242621
8245,0.014238,74.125.24.0-255,5738,207731,54,242621
8246,0.014256,172.31.46.0-255,66,207797,54,242621
8247,0.016615,74.125.24.0-255,5738,213535,54,242621
8248,0.01663,172.31.46.0-255,66,213601,54,242621
8249,0.018996,74.125.24.0-255,5738,219339,54,242621
8250,0.019016,172.31.46.0-255,66,219405,54,242621
8251,0.021396,74.125.24.0-255,5738,225143,54,242621
8252,0.021413,172.31.46.0-255,66,225209,54,242621
8253,0.023775,74.125.24.0-255,5738,230947,54,242621
8254,0.023792,172.31.46.0-255,66,231013,54,242621
8255,0.026151,74.125.24.0-255,5738,236751,54,242621
8256,0.026167,172.31.46.0-255,66,236817,54,242621
8257,0.028538,74.125.24.0-255,5738,242555,54,242621
8258,0.028553,172.31.46.0-255,66,242621,54,242621
8259,0.0,74.125.200.0-255,150,150,54,153752
8260,2.3e-05,172.31.46.0-255,66,216,54,153752
8261,3e-05,74.125.200.0-255,1484,1700,54,153752
8262,3.4e-05,172.31.46.0-255,66,1766,54,153752
8263,3.9e-05,74.125.200.0-255,2902,4668,54,153752
8264,4.2e-05,172.31.46.0-255,66,4734,54,153752
8265,5e-05,74.125.200.0-255,7156,11890,54,153752
8266,5.4e-05,172.31.46.0-255,66,11956,54,153752
8267,5.8e-05,74.125.200.0-255,2090,14046,54,153752
8268,6.2e-05,172.31.46.0-255,66,14112,54,153752
8269,0.000203,74.125.200.0-255,1484,15596,54,153752
8270,0.000208,172.31.46.0-255,66,15662,54,153752
8271,0.000213,74.125.200.0-255,2902,18564,54,153752
8272,0.000217,172.31.46.0-255,66,18630,54,153752
8273,0.000219,74.125.200.0-255,1484,20114,54,153752
8274,0.000222,172.31.46.0-255,66,20180,54,153752
8275,0.000246,74.125.200.0-255,4320,24500,54,153752
8276,0.000249,172.31.46.0-255,66,24566,54,153752
8277,0.000258,74.125.200.0-255,6797,31363,54,153752
8278,0.00026,172.31.46.0-255,66,31429,54,153752
8279,0.000285,74.125.200.0-255,7156,38585,54,153752
8280,0.000288,172.31.46.0-255,66,38651,54,153752
8281,0.000299,74.125.200.0-255,1484,40135,54,153752
8282,0.000302,172.31.46.0-255,66,40201,54,153752
8283,0.000323,74.125.200.0-255,5738,45939,54,153752
8284,0.000325,172.31.46.0-255,66,46005,54,153752
8285,0.000336,172.31.46.0-255,66,46071,54,153752
8286,0.00037,172.31.46.0-255,66,46137,54,153752
8287,0.000373,74.125.200.0-255,367,46504,54,153752
8288,0.000375,172.31.46.0-255,66,46570,54,153752
8289,0.000421,74.125.200.0-255,132,46702,54,153752
8290,0.000569,74.125.200.0-255,1484,48186,54,153752
8291,0.000573,172.31.46.0-255,66,48252,54,153752
8292,0.000579,74.125.200.0-255,2902,51154,54,153752
8293,0.000581,172.31.46.0-255,66,51220,54,153752
8294,0.000609,74.125.200.0-255,5738,56958,54,153752
8295,0.000613,172.31.46.0-255,66,57024,54,153752
8296,0.00062,74.125.200.0-255,7156,64180,54,153752
8297,0.000623,172.31.46.0-255,66,64246,54,153752
8298,0.000644,74.125.200.0-255,1484,65730,54,153752
8299,0.000674,74.125.200.0-255,2184,67914,54,153752
8300,0.000724,172.31.46.0-255,66,67980,54,153752
8301,0.000732,172.31.46.0-255,66,68046,54,153752
8302,0.002767,74.125.200.0-255,4320,72366,54,153752
8303,0.002774,172.31.46.0-255,66,72432,54,153752
8304,0.002791,74.125.200.0-255,1484,73916,54,153752
8305,0.004829,74.125.200.0-255,2902,76818,54,153752
8306,0.004832,172.31.46.0-255,66,76884,54,153752
8307,0.004842,74.125.200.0-255,1484,78368,54,153752
8308,0.006876,74.125.200.0-255,4320,82688,54,153752
8309,0.006883,172.31.46.0-255,66,82754,54,153752
8310,0.008929,74.125.200.0-255,5738,88492,54,153752
8311,0.008936,172.31.46.0-255,66,88558,54,153752
8312,0.010978,74.125.200.0-255,5738,94296,54,153752
8313,0.010985,172.31.46.0-255,66,94362,54,153752
8314,0.01304,74.125.200.0-255,5738,100100,54,153752
8315,0.01305,172.31.46.0-255,66,100166,54,153752
8316,0.015098,74.125.200.0-255,5738,105904,54,153752
8317,0.015106,172.31.46.0-255,66,105970,54,153752
8318,0.017158,74.125.200.0-255,5738,111708,54,153752
8319,0.017168,172.31.46.0-255,66,111774,54,153752
8320,0.019225,74.125.200.0-255,5738,117512,54,153752
8321,0.019232,172.31.46.0-255,66,117578,54,153752
8322,0.02128,74.125.200.0-255,5738,123316,54,153752
8323,0.021287,172.31.46.0-255,66,123382,54,153752
8324,0.023141,172.31.46.0-255,172,123554,54,153752
8325,0.023168,172.31.46.0-255,1119,124673,54,153752
8326,0.02322,172.31.46.0-255,1514,126187,54,153752
8327,0.023222,172.31.46.0-255,1514,127701,54,153752
8328,0.023223,172.31.46.0-255,1514,129215,54,153752
8329,0.023224,172.31.46.0-255,1057,130272,54,153752
8330,0.023374,74.125.200.0-255,5738,136010,54,153752
8331,0.023379,172.31.46.0-255,66,136076,54,153752
8332,0.024645,104.244.42.0-255,66,136142,54,153752
8333,0.024696,104.244.42.0-255,66,136208,54,153752
8334,0.02476,104.244.42.0-255,66,136274,54,153752
8335,0.024765,104.244.42.0-255,66,136340,54,153752
8336,0.025438,74.125.200.0-255,5738,142078,54,153752
8337,0.025444,172.31.46.0-255,66,142144,54,153752
8338,0.027489,74.125.200.0-255,5738,147882,54,153752
8339,0.027496,172.31.46.0-255,66,147948,54,153752
8340,0.029556,74.125.200.0-255,5738,153686,54,153752
8341,0.029562,172.31.46.0-255,66,153752,54,153752
8342,0.0,74.125.24.0-255,152,152,54,246949
8343,2.5e-05,172.31.46.0-255,66,218,54,246949
8344,3.3e-05,74.125.24.0-255,1484,1702,54,246949
8345,3.8e-05,172.31.46.0-255,66,1768,54,246949
8346,4.4e-05,74.125.24.0-255,2902,4670,54,246949
8347,4.8e-05,172.31.46.0-255,66,4736,54,246949
8348,5.6e-05,74.125.24.0-255,7156,11892,54,246949
8349,5.9e-05,172.31.46.0-255,66,11958,54,246949
8350,9.3e-05,74.125.24.0-255,1940,13898,54,246949
8351,9.6e-05,172.31.46.0-255,66,13964,54,246949
8352,0.000112,74.125.24.0-255,2902,16866,54,246949
8353,0.000116,172.31.46.0-255,66,16932,54,246949
8354,0.000123,74.125.24.0-255,5738,22670,54,246949
8355,0.000125,172.31.46.0-255,66,22736,54,246949
8356,0.000141,74.125.24.0-255,1484,24220,54,246949
8357,0.000144,172.31.46.0-255,66,24286,54,246949
8358,0.00017,74.125.24.0-255,1484,25770,54,246949
8359,0.000173,172.31.46.0-255,66,25836,54,246949
8360,0.000197,74.125.24.0-255,5379,31215,54,246949
8361,0.000201,172.31.46.0-255,66,31281,54,246949
8362,0.000218,74.125.24.0-255,1484,32765,54,246949
8363,0.00022,172.31.46.0-255,66,32831,54,246949
8364,0.000245,74.125.24.0-255,5738,38569,54,246949
8365,0.000248,172.31.46.0-255,66,38635,54,246949
8366,0.00028,74.125.24.0-255,5738,44373,54,246949
8367,0.000283,172.31.46.0-255,66,44439,54,246949
8368,0.000299,74.125.24.0-255,3961,48400,54,246949
8369,0.000301,172.31.46.0-255,66,48466,54,246949
8370,0.001012,74.125.24.0-255,1484,49950,54,246949
8371,0.001021,172.31.46.0-255,66,50016,54,246949
8372,0.001028,74.125.24.0-255,2902,52918,54,246949
8373,0.001031,172.31.46.0-255,66,52984,54,246949
8374,0.001038,74.125.24.0-255,5738,58722,54,246949
8375,0.00104,172.31.46.0-255,66,58788,54,246949
8376,0.001095,74.125.24.0-255,6797,65585,54,246949
8377,0.001098,172.31.46.0-255,66,65651,54,246949
8378,0.001155,74.125.24.0-255,1484,67135,54,246949
8379,0.001163,74.125.24.0-255,2902,70037,54,246949
8380,0.001166,172.31.46.0-255,66,70103,54,246949
8381,0.00117,74.125.24.0-255,1484,71587,54,246949
8382,0.00119,74.125.24.0-255,4320,75907,54,246949
8383,0.001193,172.31.46.0-255,66,75973,54,246949
8384,0.001234,74.125.24.0-255,6797,82770,54,246949
8385,0.001239,172.31.46.0-255,66,82836,54,246949
8386,0.001501,74.125.24.0-255,1484,84320,54,246949
8387,0.001506,74.125.24.0-255,2902,87222,54,246949
8388,0.001519,172.31.46.0-255,66,87288,54,246949
8389,0.001527,74.125.24.0-255,5738,93026,54,246949
8390,0.001529,172.31.46.0-255,66,93092,54,246949
8391,0.001561,74.125.24.0-255,1484,94576,54,246949
8392,0.001566,74.125.24.0-255,2902,97478,54,246949
8393,0.001569,172.31.46.0-255,66,97544,54,246949
8394,0.001584,74.125.24.0-255,3123,100667,54,246949
8395,0.001586,172.31.46.0-255,66,100733,54,246949
8396,0.001624,74.125.24.0-255,5738,106471,54,246949
8397,0.001628,172.31.46.0-255,66,106537,54,246949
8398,0.001645,74.125.24.0-255,4320,110857,54,246949
8399,0.001648,172.31.46.0-255,66,110923,54,246949
8400,0.001683,74.125.24.0-255,1484,112407,54,246949
8401,0.001703,74.125.24.0-255,4715,117122,54,246949
8402,0.001707,172.31.46.0-255,66,117188,54,246949
8403,0.002065,74.125.24.0-255,1484,118672,54,246949
8404,0.002071,74.125.24.0-255,2902,121574,54,246949
8405,0.002076,172.31.46.0-255,66,121640,54,246949
8406,0.002093,74.125.24.0-255,5738,127378,54,246949
8407,0.002095,172.31.46.0-255,66,127444,54,246949
8408,0.002138,74.125.24.0-255,4320,131764,54,246949
8409,0.002141,172.31.46.0-255,66,131830,54,246949
8410,0.00216,74.125.24.0-255,3238,135068,54,246949
8411,0.002164,172.31.46.0-255,66,135134,54,246949
8412,0.002258,74.125.24.0-255,1484,136618,54,246949
8413,0.002264,74.125.24.0-255,2902,139520,54,246949
8414,0.002267,172.31.46.0-255,66,139586,54,246949
8415,0.002271,74.125.24.0-255,2902,142488,54,246949
8416,0.002274,172.31.46.0-255,66,142554,54,246949
8417,0.002303,74.125.24.0-255,2902,145456,54,246949
8418,0.002306,172.31.46.0-255,66,145522,54,246949
8419,0.002327,74.125.24.0-255,4320,149842,54,246949
8420,0.00233,172.31.46.0-255,66,149908,54,246949
8421,0.00237,172.31.46.0-255,66,149974,54,246949
8422,0.002383,74.125.24.0-255,2902,152876,54,246949
8423,0.002385,172.31.46.0-255,66,152942,54,246949
8424,0.002465,74.125.24.0-255,3602,156544,54,246949
8425,0.002469,172.31.46.0-255,66,156610,54,246949
8426,0.003846,74.125.24.0-255,1484,158094,54,246949
8427,0.003856,74.125.24.0-255,1484,159578,54,246949
8428,0.00386,172.31.46.0-255,66,159644,54,246949
8429,0.003865,74.125.24.0-255,1484,161128,54,246949
8430,0.003871,74.125.24.0-255,4320,165448,54,246949
8431,0.003873,172.31.46.0-255,66,165514,54,246949
8432,0.003905,172.31.46.0-255,66,165580,54,246949
8433,0.003977,74.125.24.0-255,5738,171318,54,246949
8434,0.003981,172.31.46.0-255,66,171384,54,246949
8435,0.003999,74.125.24.0-255,1484,172868,54,246949
8436,0.00401,74.125.24.0-255,1484,174352,54,246949
8437,0.004012,172.31.46.0-255,66,174418,54,246949
8438,0.004031,74.125.24.0-255,1484,175902,54,246949
8439,0.004063,74.125.24.0-255,5020,180922,54,246949
8440,0.004065,172.31.46.0-255,66,180988,54,246949
8441,0.00407,74.125.24.0-255,2902,183890,54,246949
8442,0.004073,172.31.46.0-255,66,183956,54,246949
8443,0.004097,172.31.46.0-255,66,184022,54,246949
8444,0.004127,74.125.24.0-255,5738,189760,54,246949
8445,0.004129,172.31.46.0-255,66,189826,54,246949
8446,0.004221,74.125.24.0-255,2902,192728,54,246949
8447,0.004224,172.31.46.0-255,66,192794,54,246949
8448,0.004254,172.31.46.0-255,66,192860,54,246949
8449,0.004308,74.125.24.0-255,2184,195044,54,246949
8450,0.004311,172.31.46.0-255,66,195110,54,246949
8451,0.004771,74.125.24.0-255,1484,196594,54,246949
8452,0.004787,74.125.24.0-255,2902,199496,54,246949
8453,0.004789,172.31.46.0-255,66,199562,54,246949
8454,0.004824,74.125.24.0-255,2902,202464,54,246949
8455,0.004826,172.31.46.0-255,66,202530,54,246949
8456,0.004852,74.125.24.0-255,2902,205432,54,246949
8457,0.004854,172.31.46.0-255,66,205498,54,246949
8458,0.004873,172.31.46.0-255,66,205564,54,246949
8459,0.004928,74.125.24.0-255,4320,209884,54,246949
8460,0.004931,172.31.46.0-255,66,209950,54,246949
8461,0.004947,74.125.24.0-255,1484,211434,54,246949
8462,0.004993,74.125.24.0-255,2902,214336,54,246949
8463,0.004996,172.31.46.0-255,66,214402,54,246949
8464,0.005015,74.125.24.0-255,2184,216586,54,246949
8465,0.005017,172.31.46.0-255,66,216652,54,246949
8466,0.005031,172.31.46.0-255,66,216718,54,246949
8467,0.005105,74.125.24.0-255,2902,219620,54,246949
8468,0.005107,172.31.46.0-255,66,219686,54,246949
8469,0.005143,172.31.46.0-255,66,219752,54,246949
8470,0.005165,74.125.24.0-255,5020,224772,54,246949
8471,0.005168,172.31.46.0-255,66,224838,54,246949
8472,0.00529,74.125.24.0-255,2902,227740,54,246949
8473,0.005292,172.31.46.0-255,66,227806,54,246949
8474,0.005329,172.31.46.0-255,66,227872,54,246949
8475,0.005356,172.31.46.0-255,66,227938,54,246949
8476,0.005374,74.125.24.0-255,2184,230122,54,246949
8477,0.005376,172.31.46.0-255,66,230188,54,246949
8478,0.005499,74.125.24.0-255,5738,235926,54,246949
8479,0.005502,172.31.46.0-255,66,235992,54,246949
8480,0.005533,172.31.46.0-255,66,236058,54,246949
8481,0.005645,74.125.24.0-255,5738,241796,54,246949
8482,0.00575,74.125.24.0-255,2902,244698,54,246949
8483,0.005828,74.125.24.0-255,1847,246545,54,246949
8484,0.008338,172.31.46.0-255,66,246611,54,246949
8485,0.009608,172.31.46.0-255,101,246712,54,246949
8486,0.010397,172.31.46.0-255,105,246817,54,246949
8487,0.011879,74.125.24.0-255,66,246883,54,246949
8488,0.012706,74.125.24.0-255,66,246949,54,246949
8489,0.0,74.125.24.0-255,153,153,54,138765
8490,1.2e-05,172.31.46.0-255,66,219,54,138765
8491,3.3e-05,74.125.24.0-255,1484,1703,54,138765
8492,3.9e-05,172.31.46.0-255,66,1769,54,138765
8493,4.7e-05,74.125.24.0-255,2902,4671,54,138765
8494,5e-05,172.31.46.0-255,66,4737,54,138765
8495,5.9e-05,74.125.24.0-255,7156,11893,54,138765
8496,6.1e-05,172.31.46.0-255,66,11959,54,138765
8497,9.4e-05,74.125.24.0-255,3504,15463,54,138765
8498,9.6e-05,172.31.46.0-255,66,15529,54,138765
8499,0.000102,74.125.24.0-255,4320,19849,54,138765
8500,0.000105,172.31.46.0-255,66,19915,54,138765
8501,0.000137,172.31.46.0-255,66,19981,54,138765
8502,0.00014,74.125.24.0-255,1125,21106,54,138765
8503,0.000142,172.31.46.0-255,66,21172,54,138765
8504,0.000196,74.125.24.0-255,1484,22656,54,138765
8505,0.000199,172.31.46.0-255,66,22722,54,138765
8506,0.000202,74.125.24.0-255,1484,24206,54,138765
8507,0.000204,172.31.46.0-255,66,24272,54,138765
8508,0.000222,74.125.24.0-255,1484,25756,54,138765
8509,0.000224,172.31.46.0-255,66,25822,54,138765
8510,0.000231,74.125.24.0-255,4320,30142,54,138765
8511,0.000234,172.31.46.0-255,66,30208,54,138765
8512,0.000281,74.125.24.0-255,1484,31692,54,138765
8513,0.000284,172.31.46.0-255,66,31758,54,138765
8514,0.000293,74.125.24.0-255,6797,38555,54,138765
8515,0.000295,172.31.46.0-255,66,38621,54,138765
8516,0.000312,172.31.46.0-255,66,38687,54,138765
8517,0.000316,74.125.24.0-255,2543,41230,54,138765
8518,0.000319,172.31.46.0-255,66,41296,54,138765
8519,0.000322,74.125.24.0-255,360,41656,54,138765
8520,0.000545,74.125.24.0-255,132,41788,54,138765
8521,0.00056,74.125.24.0-255,347,42135,54,138765
8522,0.001023,74.125.24.0-255,1484,43619,54,138765
8523,0.001029,172.31.46.0-255,66,43685,54,138765
8524,0.001055,74.125.24.0-255,2902,46587,54,138765
8525,0.001058,172.31.46.0-255,66,46653,54,138765
8526,0.001065,74.125.24.0-255,5738,52391,54,138765
8527,0.001067,172.31.46.0-255,66,52457,54,138765
8528,0.001119,172.31.46.0-255,66,52523,54,138765
8529,0.00113,172.31.46.0-255,66,52589,54,138765
8530,0.001133,74.125.24.0-255,766,53355,54,138765
8531,0.001523,172.31.46.0-255,66,53421,54,138765
8532,0.003164,74.125.24.0-255,4320,57741,54,138765
8533,0.003172,172.31.46.0-255,66,57807,54,138765
8534,0.003541,74.125.24.0-255,1484,59291,54,138765
8535,0.005214,74.125.24.0-255,4320,63611,54,138765
8536,0.00522,172.31.46.0-255,66,63677,54,138765
8537,0.007264,74.125.24.0-255,4320,67997,54,138765
8538,0.007269,172.31.46.0-255,66,68063,54,138765
8539,0.007296,74.125.24.0-255,1484,69547,54,138765
8540,0.00931,74.125.24.0-255,4320,73867,54,138765
8541,0.009317,172.31.46.0-255,66,73933,54,138765
8542,0.011371,74.125.24.0-255,4320,78253,54,138765
8543,0.01138,172.31.46.0-255,66,78319,54,138765
8544,0.011409,74.125.24.0-255,1484,79803,54,138765
8545,0.013385,74.125.24.0-255,4320,84123,54,138765
8546,0.013393,172.31.46.0-255,66,84189,54,138765
8547,0.015431,74.125.24.0-255,5738,89927,54,138765
8548,0.015438,172.31.46.0-255,66,89993,54,138765
8549,0.017475,74.125.24.0-255,5738,95731,54,138765
8550,0.017483,172.31.46.0-255,66,95797,54,138765
8551,0.019514,74.125.24.0-255,5738,101535,54,138765
8552,0.019522,172.31.46.0-255,66,101601,54,138765
8553,0.021538,74.125.24.0-255,5738,107339,54,138765
8554,0.021545,172.31.46.0-255,66,107405,54,138765
8555,0.023583,74.125.24.0-255,5738,113143,54,138765
8556,0.02359,172.31.46.0-255,66,113209,54,138765
8557,0.024037,172.31.46.0-255,167,113376,54,138765
8558,0.024067,172.31.46.0-255,1119,114495,54,138765
8559,0.024134,172.31.46.0-255,1514,116009,54,138765
8560,0.024136,172.31.46.0-255,1514,117523,54,138765
8561,0.024137,172.31.46.0-255,1514,119037,54,138765
8562,0.024139,172.31.46.0-255,1514,120551,54,138765
8563,0.024139,172.31.46.0-255,538,121089,54,138765
8564,0.025606,104.244.42.0-255,66,121155,54,138765
8565,0.025616,104.244.42.0-255,66,121221,54,138765
8566,0.025636,74.125.24.0-255,5738,126959,54,138765
8567,0.025641,172.31.46.0-255,66,127025,54,138765
8568,0.025686,104.244.42.0-255,66,127091,54,138765
8569,0.025732,104.244.42.0-255,66,127157,54,138765
8570,0.027659,74.125.24.0-255,5738,132895,54,138765
8571,0.027666,172.31.46.0-255,66,132961,54,138765
8572,0.029706,74.125.24.0-255,5738,138699,54,138765
8573,0.029713,172.31.46.0-255,66,138765,54,138765
8574,0.0,74.125.68.0-255,150,150,54,280596
8575,2.2e-05,172.31.46.0-255,66,216,54,280596
8576,2.9e-05,74.125.68.0-255,1484,1700,54,280596
8577,3.3e-05,172.31.46.0-255,66,1766,54,280596
8578,3.9e-05,74.125.68.0-255,2902,4668,54,280596
8579,4.2e-05,172.31.46.0-255,66,4734,54,280596
8580,4.6e-05,74.125.68.0-255,1484,6218,54,280596
8581,4.8e-05,172.31.46.0-255,66,6284,54,280596
8582,7.5e-05,74.125.68.0-255,2902,9186,54,280596
8583,7.8e-05,172.31.46.0-255,66,9252,54,280596
8584,9.6e-05,74.125.68.0-255,1484,10736,54,280596
8585,9.9e-05,172.31.46.0-255,66,10802,54,280596
8586,0.000104,74.125.68.0-255,2902,13704,54,280596
8587,0.000106,172.31.46.0-255,66,13770,54,280596
8588,0.000118,74.125.68.0-255,701,14471,54,280596
8589,0.000121,172.31.46.0-255,66,14537,54,280596
8590,0.000267,74.125.68.0-255,1484,16021,54,280596
8591,0.000271,172.31.46.0-255,66,16087,54,280596
8592,0.000275,74.125.68.0-255,1484,17571,54,280596
8593,0.000277,172.31.46.0-255,66,17637,54,280596
8594,0.000292,74.125.68.0-255,1484,19121,54,280596
8595,0.000294,172.31.46.0-255,66,19187,54,280596
8596,0.000297,74.125.68.0-255,1484,20671,54,280596
8597,0.0003,172.31.46.0-255,66,20737,54,280596
8598,0.000304,74.125.68.0-255,2902,23639,54,280596
8599,0.000307,172.31.46.0-255,66,23705,54,280596
8600,0.000336,74.125.68.0-255,5738,29443,54,280596
8601,0.000339,172.31.46.0-255,66,29509,54,280596
8602,0.000343,74.125.68.0-255,2543,32052,54,280596
8603,0.000345,172.31.46.0-255,66,32118,54,280596
8604,0.000371,74.125.68.0-255,1484,33602,54,280596
8605,0.000373,172.31.46.0-255,66,33668,54,280596
8606,0.000389,74.125.68.0-255,1484,35152,54,280596
8607,0.000395,74.125.68.0-255,2902,38054,54,280596
8608,0.000398,172.31.46.0-255,66,38120,54,280596
8609,0.00042,74.125.68.0-255,4320,42440,54,280596
8610,0.000423,172.31.46.0-255,66,42506,54,280596
8611,0.000427,74.125.68.0-255,2902,45408,54,280596
8612,0.000429,172.31.46.0-255,66,45474,54,280596
8613,0.000449,74.125.68.0-255,5738,51212,54,280596
8614,0.000452,172.31.46.0-255,66,51278,54,280596
8615,0.000455,74.125.68.0-255,1484,52762,54,280596
8616,0.000459,74.125.68.0-255,2902,55664,54,280596
8617,0.000461,172.31.46.0-255,66,55730,54,280596
8618,0.000488,74.125.68.0-255,5738,61468,54,280596
8619,0.000491,172.31.46.0-255,66,61534,54,280596
8620,0.000495,74.125.68.0-255,4320,65854,54,280596
8621,0.000497,172.31.46.0-255,66,65920,54,280596
8622,0.000531,74.125.68.0-255,766,66686,54,280596
8623,0.000577,74.125.68.0-255,678,67364,54,280596
8624,0.000627,74.125.68.0-255,1484,68848,54,280596
8625,0.000631,172.31.46.0-255,66,68914,54,280596
8626,0.000635,74.125.68.0-255,1484,70398,54,280596
8627,0.000648,74.125.68.0-255,2902,73300,54,280596
8628,0.00065,172.31.46.0-255,66,73366,54,280596
8629,0.000656,74.125.68.0-255,4320,77686,54,280596
8630,0.000658,172.31.46.0-255,66,77752,54,280596
8631,0.000681,74.125.68.0-255,5738,83490,54,280596
8632,0.000684,172.31.46.0-255,66,83556,54,280596
8633,0.000713,74.125.68.0-255,2902,86458,54,280596
8634,0.000715,172.31.46.0-255,66,86524,54,280596
8635,0.00072,74.125.68.0-255,2902,89426,54,280596
8636,0.000722,172.31.46.0-255,66,89492,54,280596
8637,0.000738,74.125.68.0-255,1484,90976,54,280596
8638,0.000741,74.125.68.0-255,1484,92460,54,280596
8639,0.000743,172.31.46.0-255,66,92526,54,280596
8640,0.000769,74.125.68.0-255,7156,99682,54,280596
8641,0.000772,172.31.46.0-255,66,99748,54,280596
8642,0.000776,74.125.68.0-255,2184,101932,54,280596
8643,0.000778,172.31.46.0-255,66,101998,54,280596
8644,0.000845,74.125.68.0-255,1484,103482,54,280596
8645,0.000855,74.125.68.0-255,1484,104966,54,280596
8646,0.000857,172.31.46.0-255,66,105032,54,280596
8647,0.000874,74.125.68.0-255,2902,107934,54,280596
8648,0.000876,172.31.46.0-255,66,108000,54,280596
8649,0.000896,74.125.68.0-255,5738,113738,54,280596
8650,0.000898,172.31.46.0-255,66,113804,54,280596
8651,0.000927,172.31.46.0-255,66,113870,54,280596
8652,0.00094,74.125.68.0-255,2902,116772,54,280596
8653,0.000942,172.31.46.0-255,66,116838,54,280596
8654,0.000969,172.31.46.0-255,66,116904,54,280596
8655,0.000971,74.125.68.0-255,766,117670,54,280596
8656,0.001178,74.125.68.0-255,1484,119154,54,280596
8657,0.001182,172.31.46.0-255,66,119220,54,280596
8658,0.001199,74.125.68.0-255,1484,120704,54,280596
8659,0.00121,74.125.68.0-255,1484,122188,54,280596
8660,0.001212,172.31.46.0-255,66,122254,54,280596
8661,0.001217,74.125.68.0-255,2902,125156,54,280596
8662,0.001219,172.31.46.0-255,66,125222,54,280596
8663,0.001235,74.125.68.0-255,4320,129542,54,280596
8664,0.001237,172.31.46.0-255,66,129608,54,280596
8665,0.001241,74.125.68.0-255,2902,132510,54,280596
8666,0.001243,172.31.46.0-255,66,132576,54,280596
8667,0.001264,74.125.68.0-255,5738,138314,54,280596
8668,0.001266,172.31.46.0-255,66,138380,54,280596
8669,0.001273,74.125.68.0-255,7156,145536,54,280596
8670,0.001275,172.31.46.0-255,66,145602,54,280596
8671,0.001314,74.125.68.0-255,2902,148504,54,280596
8672,0.001317,172.31.46.0-255,66,148570,54,280596
8673,0.001336,74.125.68.0-255,3602,152172,54,280596
8674,0.001339,172.31.46.0-255,66,152238,54,280596
8675,0.001533,74.125.68.0-255,1484,153722,54,280596
8676,0.001549,74.125.68.0-255,2902,156624,54,280596
8677,0.001552,172.31.46.0-255,66,156690,54,280596
8678,0.001568,74.125.68.0-255,5738,162428,54,280596
8679,0.00157,172.31.46.0-255,66,162494,54,280596
8680,0.0016,74.125.68.0-255,7156,169650,54,280596
8681,0.001603,172.31.46.0-255,66,169716,54,280596
8682,0.001645,172.31.46.0-255,66,169782,54,280596
8683,0.001671,74.125.68.0-255,3602,173384,54,280596
8684,0.001674,172.31.46.0-255,66,173450,54,280596
8685,0.00173,74.125.68.0-255,1484,174934,54,280596
8686,0.001744,74.125.68.0-255,2902,177836,54,280596
8687,0.001746,172.31.46.0-255,66,177902,54,280596
8688,0.001764,74.125.68.0-255,5738,183640,54,280596
8689,0.001766,172.31.46.0-255,66,183706,54,280596
8690,0.001786,74.125.68.0-255,1484,185190,54,280596
8691,0.00179,74.125.68.0-255,2902,188092,54,280596
8692,0.001792,172.31.46.0-255,66,188158,54,280596
8693,0.001795,74.125.68.0-255,1484,189642,54,280596
8694,0.001811,74.125.68.0-255,4320,193962,54,280596
8695,0.001814,172.31.46.0-255,66,194028,54,280596
8696,0.001836,74.125.68.0-255,5738,199766,54,280596
8697,0.001838,172.31.46.0-255,66,199832,54,280596
8698,0.001842,74.125.68.0-255,2902,202734,54,280596
8699,0.001844,172.31.46.0-255,66,202800,54,280596
8700,0.001865,74.125.68.0-255,4320,207120,54,280596
8701,0.001867,74.125.68.0-255,766,207886,54,280596
8702,0.00187,172.31.46.0-255,66,207952,54,280596
8703,0.002737,172.31.46.0-255,66,208018,54,280596
8704,0.004168,74.125.68.0-255,4320,212338,54,280596
8705,0.004176,172.31.46.0-255,66,212404,54,280596
8706,0.005022,74.125.68.0-255,1484,213888,54,280596
8707,0.006459,74.125.68.0-255,4320,218208,54,280596
8708,0.006463,172.31.46.0-255,66,218274,54,280596
8709,0.008778,74.125.68.0-255,5738,224012,54,280596
8710,0.008784,172.31.46.0-255,66,224078,54,280596
8711,0.011082,74.125.68.0-255,5738,229816,54,280596
8712,0.011091,172.31.46.0-255,66,229882,54,280596
8713,0.013393,74.125.68.0-255,5738,235620,54,280596
8714,0.013404,172.31.46.0-255,66,235686,54,280596
8715,0.015703,74.125.68.0-255,5738,241424,54,280596
8716,0.015713,172.31.46.0-255,66,241490,54,280596
8717,0.018022,74.125.68.0-255,5738,247228,54,280596
8718,0.018031,172.31.46.0-255,66,247294,54,280596
8719,0.020329,74.125.68.0-255,5738,253032,54,280596
8720,0.020336,172.31.46.0-255,66,253098,54,280596
8721,0.022671,74.125.68.0-255,5738,258836,54,280596
8722,0.022682,172.31.46.0-255,66,258902,54,280596
8723,0.024975,74.125.68.0-255,5738,264640,54,280596
8724,0.024982,172.31.46.0-255,66,264706,54,280596
8725,0.027288,74.125.68.0-255,5738,270444,54,280596
8726,0.027293,172.31.46.0-255,66,270510,54,280596
8727,0.028091,172.31.46.0-255,172,270682,54,280596
8728,0.028119,172.31.46.0-255,1119,271801,54,280596
8729,0.028165,172.31.46.0-255,1514,273315,54,280596
8730,0.028166,172.31.46.0-255,1279,274594,54,280596
8731,0.029593,74.125.68.0-255,5738,280332,54,280596
8732,0.029599,172.31.46.0-255,66,280398,54,280596
8733,0.029615,104.244.42.0-255,66,280464,54,280596
8734,0.029667,104.244.42.0-255,66,280530,54,280596
8735,0.029717,104.244.42.0-255,66,280596,54,280596
8736,0.0,74.125.130.0-255,152,152,54,182671
8737,2.6e-05,172.31.46.0-255,66,218,54,182671
8738,3.3e-05,74.125.130.0-255,1484,1702,54,182671
8739,3.8e-05,172.31.46.0-255,66,1768,54,182671
8740,4.4e-05,74.125.130.0-255,2902,4670,54,182671
8741,4.8e-05,172.31.46.0-255,66,4736,54,182671
8742,5.5e-05,74.125.130.0-255,5738,10474,54,182671
8743,5.8e-05,172.31.46.0-255,66,10540,54,182671
8744,6.3e-05,74.125.130.0-255,3392,13932,54,182671
8745,6.6e-05,172.31.46.0-255,66,13998,54,182671
8746,0.000132,74.125.130.0-255,1484,15482,54,182671
8747,0.000136,172.31.46.0-255,66,15548,54,182671
8748,0.00014,74.125.130.0-255,2902,18450,54,182671
8749,0.000142,172.31.46.0-255,66,18516,54,182671
8750,0.000147,74.125.130.0-255,2902,21418,54,182671
8751,0.000149,172.31.46.0-255,66,21484,54,182671
8752,0.000179,74.125.130.0-255,2902,24386,54,182671
8753,0.000183,172.31.46.0-255,66,24452,54,182671
8754,0.00019,74.125.130.0-255,6797,31249,54,182671
8755,0.000193,172.31.46.0-255,66,31315,54,182671
8756,0.000236,172.31.46.0-255,66,31381,54,182671
8757,0.000275,172.31.46.0-255,66,31447,54,182671
8758,0.000464,74.125.130.0-255,1484,32931,54,182671
8759,0.000469,172.31.46.0-255,66,32997,54,182671
8760,0.000475,74.125.130.0-255,2902,35899,54,182671
8761,0.000478,172.31.46.0-255,66,35965,54,182671
8762,0.000485,74.125.130.0-255,5738,41703,54,182671
8763,0.000488,172.31.46.0-255,66,41769,54,182671
8764,0.00053,172.31.46.0-255,66,41835,54,182671
8765,0.001236,74.125.130.0-255,1484,43319,54,182671
8766,0.001246,74.125.130.0-255,2902,46221,54,182671
8767,0.001251,172.31.46.0-255,66,46287,54,182671
8768,0.00126,74.125.130.0-255,5738,52025,54,182671
8769,0.001262,172.31.46.0-255,66,52091,54,182671
8770,0.001295,74.125.130.0-255,4320,56411,54,182671
8771,0.001298,172.31.46.0-255,66,56477,54,182671
8772,0.00133,74.125.130.0-255,2902,59379,54,182671
8773,0.001333,172.31.46.0-255,66,59445,54,182671
8774,0.001348,172.31.46.0-255,66,59511,54,182671
8775,0.001351,74.125.130.0-255,2184,61695,54,182671
8776,0.001353,172.31.46.0-255,66,61761,54,182671
8777,0.001802,74.125.130.0-255,1484,63245,54,182671
8778,0.00181,74.125.130.0-255,2902,66147,54,182671
8779,0.001816,172.31.46.0-255,66,66213,54,182671
8780,0.001824,74.125.130.0-255,5738,71951,54,182671
8781,0.001826,172.31.46.0-255,66,72017,54,182671
8782,0.001829,74.125.130.0-255,1484,73501,54,182671
8783,0.001856,74.125.130.0-255,5738,79239,54,182671
8784,0.001859,172.31.46.0-255,66,79305,54,182671
8785,0.001865,74.125.130.0-255,5738,85043,54,182671
8786,0.001868,172.31.46.0-255,66,85109,54,182671
8787,0.001894,172.31.46.0-255,66,85175,54,182671
8788,0.001899,74.125.130.0-255,2184,87359,54,182671
8789,0.001901,172.31.46.0-255,66,87425,54,182671
8790,0.002158,74.125.130.0-255,1484,88909,54,182671
8791,0.002167,74.125.130.0-255,2902,91811,54,182671
8792,0.002172,172.31.46.0-255,66,91877,54,182671
8793,0.00218,74.125.130.0-255,5738,97615,54,182671
8794,0.002182,172.31.46.0-255,66,97681,54,182671
8795,0.002189,74.125.130.0-255,5738,103419,54,182671
8796,0.002191,172.31.46.0-255,66,103485,54,182671
8797,0.002209,74.125.130.0-255,1484,104969,54,182671
8798,0.002222,172.31.46.0-255,66,105035,54,182671
8799,0.002225,74.125.130.0-255,1484,106519,54,182671
8800,0.002253,74.125.130.0-255,6438,112957,54,182671
8801,0.002256,172.31.46.0-255,66,113023,54,182671
8802,0.004497,74.125.130.0-255,5738,118761,54,182671
8803,0.004505,172.31.46.0-255,66,118827,54,182671
8804,0.006753,74.125.130.0-255,5738,124565,54,182671
8805,0.006762,172.31.46.0-255,66,124631,54,182671
8806,0.009013,74.125.130.0-255,5738,130369,54,182671
8807,0.009024,172.31.46.0-255,66,130435,54,182671
8808,0.011285,74.125.130.0-255,5738,136173,54,182671
8809,0.011295,172.31.46.0-255,66,136239,54,182671
8810,0.013548,74.125.130.0-255,5738,141977,54,182671
8811,0.013557,172.31.46.0-255,66,142043,54,182671
8812,0.01582,74.125.130.0-255,5738,147781,54,182671
8813,0.015826,172.31.46.0-255,66,147847,54,182671
8814,0.018112,74.125.130.0-255,5738,153585,54,182671
8815,0.018122,172.31.46.0-255,66,153651,54,182671
8816,0.020404,74.125.130.0-255,5738,159389,54,182671
8817,0.020423,172.31.46.0-255,66,159455,54,182671
8818,0.022685,74.125.130.0-255,5738,165193,54,182671
8819,0.022701,172.31.46.0-255,66,165259,54,182671
8820,0.024962,74.125.130.0-255,5738,170997,54,182671
8821,0.024976,172.31.46.0-255,66,171063,54,182671
8822,0.02725,74.125.130.0-255,5738,176801,54,182671
8823,0.027264,172.31.46.0-255,66,176867,54,182671
8824,0.029529,74.125.130.0-255,5738,182605,54,182671
8825,0.029544,172.31.46.0-255,66,182671,54,182671
8826,0.0,74.125.68.0-255,153,153,54,241171
8827,2.5e-05,172.31.46.0-255,66,219,54,241171
8828,3.3e-05,74.125.68.0-255,1484,1703,54,241171
8829,3.7e-05,172.31.46.0-255,66,1769,54,241171
8830,4.3e-05,74.125.68.0-255,2902,4671,54,241171
8831,5.4e-05,172.31.46.0-255,66,4737,54,241171
8832,6e-05,74.125.68.0-255,5738,10475,54,241171
8833,6.4e-05,172.31.46.0-255,66,10541,54,241171
8834,0.000103,74.125.68.0-255,3509,14050,54,241171
8835,0.000106,172.31.46.0-255,66,14116,54,241171
8836,0.000112,74.125.68.0-255,4320,18436,54,241171
8837,0.000114,172.31.46.0-255,66,18502,54,241171
8838,0.000148,172.31.46.0-255,66,18568,54,241171
8839,0.00018,74.125.68.0-255,2543,21111,54,241171
8840,0.000183,172.31.46.0-255,66,21177,54,241171
8841,0.000445,74.125.68.0-255,1484,22661,54,241171
8842,0.000452,172.31.46.0-255,66,22727,54,241171
8843,0.00049,74.125.68.0-255,2902,25629,54,241171
8844,0.000494,172.31.46.0-255,66,25695,54,241171
8845,0.0005,74.125.68.0-255,5738,31433,54,241171
8846,0.000503,172.31.46.0-255,66,31499,54,241171
8847,0.000508,74.125.68.0-255,2902,34401,54,241171
8848,0.00051,172.31.46.0-255,66,34467,54,241171
8849,0.000515,74.125.68.0-255,4320,38787,54,241171
8850,0.000518,172.31.46.0-255,66,38853,54,241171
8851,0.000548,172.31.46.0-255,66,38919,54,241171
8852,0.000598,74.125.68.0-255,4320,43239,54,241171
8853,0.000601,172.31.46.0-255,66,43305,54,241171
8854,0.000619,74.125.68.0-255,3602,46907,54,241171
8855,0.000622,172.31.46.0-255,66,46973,54,241171
8856,0.000671,74.125.68.0-255,357,47330,54,241171
8857,0.000704,74.125.68.0-255,132,47462,54,241171
8858,0.000795,74.125.68.0-255,1484,48946,54,241171
8859,0.000799,172.31.46.0-255,66,49012,54,241171
8860,0.000803,74.125.68.0-255,1484,50496,54,241171
8861,0.000826,74.125.68.0-255,1484,51980,54,241171
8862,0.000829,172.31.46.0-255,66,52046,54,241171
8863,0.000836,74.125.68.0-255,5738,57784,54,241171
8864,0.000839,172.31.46.0-255,66,57850,54,241171
8865,0.000844,74.125.68.0-255,4320,62170,54,241171
8866,0.000845,172.31.46.0-255,66,62236,54,241171
8867,0.000896,74.125.68.0-255,4320,66556,54,241171
8868,0.000899,172.31.46.0-255,66,66622,54,241171
8869,0.000929,74.125.68.0-255,7156,73778,54,241171
8870,0.000932,172.31.46.0-255,66,73844,54,241171
8871,0.000936,74.125.68.0-255,2902,76746,54,241171
8872,0.000939,172.31.46.0-255,66,76812,54,241171
8873,0.000971,74.125.68.0-255,5020,81832,54,241171
8874,0.000974,172.31.46.0-255,66,81898,54,241171
8875,0.00147,74.125.68.0-255,1484,83382,54,241171
8876,0.001492,74.125.68.0-255,2902,86284,54,241171
8877,0.001496,172.31.46.0-255,66,86350,54,241171
8878,0.001499,74.125.68.0-255,1484,87834,54,241171
8879,0.001526,74.125.68.0-255,5738,93572,54,241171
8880,0.001529,172.31.46.0-255,66,93638,54,241171
8881,0.001572,74.125.68.0-255,4320,97958,54,241171
8882,0.001575,172.31.46.0-255,66,98024,54,241171
8883,0.001611,172.31.46.0-255,66,98090,54,241171
8884,0.001623,172.31.46.0-255,66,98156,54,241171
8885,0.001872,74.125.68.0-255,1484,99640,54,241171
8886,0.001892,74.125.68.0-255,2902,102542,54,241171
8887,0.001896,172.31.46.0-255,66,102608,54,241171
8888,0.0019,74.125.68.0-255,1484,104092,54,241171
8889,0.001904,74.125.68.0-255,2902,106994,54,241171
8890,0.001906,172.31.46.0-255,66,107060,54,241171
8891,0.001964,74.125.68.0-255,5738,112798,54,241171
8892,0.001978,172.31.46.0-255,66,112864,54,241171
8893,0.00198,172.31.46.0-255,66,112930,54,241171
8894,0.001996,74.125.68.0-255,1484,114414,54,241171
8895,0.002005,74.125.68.0-255,1484,115898,54,241171
8896,0.002008,172.31.46.0-255,66,115964,54,241171
8897,0.002036,74.125.68.0-255,7156,123120,54,241171
8898,0.002039,172.31.46.0-255,66,123186,54,241171
8899,0.002042,74.125.68.0-255,1484,124670,54,241171
8900,0.002077,172.31.46.0-255,66,124736,54,241171
8901,0.002085,74.125.68.0-255,2902,127638,54,241171
8902,0.002088,172.31.46.0-255,66,127704,54,241171
8903,0.002142,172.31.46.0-255,66,127770,54,241171
8904,0.002148,74.125.68.0-255,5020,132790,54,241171
8905,0.002151,172.31.46.0-255,66,132856,54,241171
8906,0.002192,172.31.46.0-255,66,132922,54,241171
8907,0.002219,74.125.68.0-255,1484,134406,54,241171
8908,0.002234,172.31.46.0-255,66,134472,54,241171
8909,0.002238,74.125.68.0-255,2902,137374,54,241171
8910,0.00224,172.31.46.0-255,66,137440,54,241171
8911,0.00226,74.125.68.0-255,2902,140342,54,241171
8912,0.002262,172.31.46.0-255,66,140408,54,241171
8913,0.002269,74.125.68.0-255,766,141174,54,241171
8914,0.002332,74.125.68.0-255,1484,142658,54,241171
8915,0.002334,172.31.46.0-255,66,142724,54,241171
8916,0.00234,74.125.68.0-255,2902,145626,54,241171
8917,0.002369,74.125.68.0-255,1484,147110,54,241171
8918,0.002387,74.125.68.0-255,2902,150012,54,241171
8919,0.002393,74.125.68.0-255,4320,154332,54,241171
8920,0.002408,74.125.68.0-255,1484,155816,54,241171
8921,0.002427,74.125.68.0-255,2902,158718,54,241171
8922,0.002447,74.125.68.0-255,4320,163038,54,241171
8923,0.00247,74.125.68.0-255,2902,165940,54,241171
8924,0.002484,74.125.68.0-255,2902,168842,54,241171
8925,0.002487,74.125.68.0-255,1484,170326,54,241171
8926,0.002509,74.125.68.0-255,5020,175346,54,241171
8927,0.002514,74.125.68.0-255,2902,178248,54,241171
8928,0.002533,74.125.68.0-255,4320,182568,54,241171
8929,0.002548,74.125.68.0-255,1484,184052,54,241171
8930,0.002569,74.125.68.0-255,7156,191208,54,241171
8931,0.002573,74.125.68.0-255,2902,194110,54,241171
8932,0.008799,172.31.46.0-255,66,194176,54,241171
8933,0.011361,74.125.68.0-255,5738,199914,54,241171
8934,0.011373,172.31.46.0-255,66,199980,54,241171
8935,0.013943,74.125.68.0-255,5738,205718,54,241171
8936,0.013951,172.31.46.0-255,66,205784,54,241171
8937,0.016511,74.125.68.0-255,5738,211522,54,241171
8938,0.01652,172.31.46.0-255,66,211588,54,241171
8939,0.019099,74.125.68.0-255,5738,217326,54,241171
8940,0.019109,172.31.46.0-255,66,217392,54,241171
8941,0.02066,172.31.46.0-255,101,217493,54,241171
8942,0.021681,74.125.68.0-255,5738,223231,54,241171
8943,0.021692,172.31.46.0-255,66,223297,54,241171
8944,0.023184,74.125.68.0-255,66,223363,54,241171
8945,0.02425,74.125.68.0-255,2902,226265,54,241171
8946,0.024257,172.31.46.0-255,66,226331,54,241171
8947,0.024286,74.125.68.0-255,2902,229233,54,241171
8948,0.024289,172.31.46.0-255,66,229299,54,241171
8949,0.026856,74.125.68.0-255,2902,232201,54,241171
8950,0.026867,172.31.46.0-255,66,232267,54,241171
8951,0.026898,74.125.68.0-255,2902,235169,54,241171
8952,0.026901,172.31.46.0-255,66,235235,54,241171
8953,0.029417,74.125.68.0-255,2902,238137,54,241171
8954,0.029425,172.31.46.0-255,66,238203,54,241171
8955,0.02946,74.125.68.0-255,2902,241105,54,241171
8956,0.029464,172.31.46.0-255,66,241171,54,241171
8957,0.0,172.217.194.0-255,147,147,54,223179
8958,1.6e-05,172.31.46.0-255,66,213,54,223179
8959,2.2e-05,172.217.194.0-255,1484,1697,54,223179
8960,2.8e-05,172.31.46.0-255,66,1763,54,223179
8961,3.9e-05,172.217.194.0-255,1484,3247,54,223179
8962,4.2e-05,172.31.46.0-255,66,3313,54,223179
8963,7.3e-05,172.217.194.0-255,1484,4797,54,223179
8964,7.6e-05,172.31.46.0-255,66,4863,54,223179
8965,8.4e-05,172.217.194.0-255,5738,10601,54,223179
8966,8.7e-05,172.31.46.0-255,66,10667,54,223179
8967,0.000112,172.217.194.0-255,3423,14090,54,223179
8968,0.000115,172.31.46.0-255,66,14156,54,223179
8969,0.000878,172.217.194.0-255,1484,15640,54,223179
8970,0.000885,172.31.46.0-255,66,15706,54,223179
8971,0.000895,172.217.194.0-255,2902,18608,54,223179
8972,0.000898,172.31.46.0-255,66,18674,54,223179
8973,0.00091,172.217.194.0-255,5738,24412,54,223179
8974,0.000913,172.31.46.0-255,66,24478,54,223179
8975,0.000941,172.217.194.0-255,5738,30216,54,223179
8976,0.000944,172.31.46.0-255,66,30282,54,223179
8977,0.00098,172.31.46.0-255,66,30348,54,223179
8978,0.000998,172.217.194.0-255,3961,34309,54,223179
8979,0.001001,172.31.46.0-255,66,34375,54,223179
8980,0.001014,172.31.46.0-255,66,34441,54,223179
8981,0.001038,172.217.194.0-255,4320,38761,54,223179
8982,0.001041,172.31.46.0-255,66,38827,54,223179
8983,0.001048,172.217.194.0-255,6438,45265,54,223179
8984,0.001051,172.31.46.0-255,66,45331,54,223179
8985,0.001184,172.217.194.0-255,378,45709,54,223179
8986,0.00119,172.31.46.0-255,66,45775,54,223179
8987,0.00126,172.217.194.0-255,364,46139,54,223179
8988,0.001595,172.217.194.0-255,1484,47623,54,223179
8989,0.0016,172.31.46.0-255,66,47689,54,223179
8990,0.001605,172.217.194.0-255,1484,49173,54,223179
8991,0.001626,172.217.194.0-255,1484,50657,54,223179
8992,0.001629,172.31.46.0-255,66,50723,54,223179
8993,0.001635,172.217.194.0-255,4320,55043,54,223179
8994,0.001637,172.31.46.0-255,66,55109,54,223179
8995,0.001662,172.217.194.0-255,1484,56593,54,223179
8996,0.001668,172.217.194.0-255,5738,62331,54,223179
8997,0.001671,172.31.46.0-255,66,62397,54,223179
8998,0.001686,172.31.46.0-255,66,62463,54,223179
8999,0.001712,172.217.194.0-255,5020,67483,54,223179
9000,0.001714,172.31.46.0-255,66,67549,54,223179
9001,0.001789,172.217.194.0-255,1484,69033,54,223179
9002,0.001805,172.217.194.0-255,1484,70517,54,223179
9003,0.001807,172.31.46.0-255,66,70583,54,223179
9004,0.001826,172.217.194.0-255,1484,72067,54,223179
9005,0.001833,172.217.194.0-255,5738,77805,54,223179
9006,0.001835,172.31.46.0-255,66,77871,54,223179
9007,0.001865,172.31.46.0-255,66,77937,54,223179
9008,0.001927,172.31.46.0-255,66,78003,54,223179
9009,0.001932,172.217.194.0-255,2902,80905,54,223179
9010,0.001934,172.31.46.0-255,66,80971,54,223179
9011,0.001937,172.217.194.0-255,1484,82455,54,223179
9012,0.001977,172.31.46.0-255,66,82521,54,223179
9013,0.001993,172.31.46.0-255,66,82587,54,223179
9014,0.002019,172.217.194.0-255,3602,86189,54,223179
9015,0.002022,172.31.46.0-255,66,86255,54,223179
9016,0.002125,172.217.194.0-255,1484,87739,54,223179
9017,0.002166,172.217.194.0-255,2902,90641,54,223179
9018,0.002168,172.31.46.0-255,66,90707,54,223179
9019,0.002173,172.217.194.0-255,2902,93609,54,223179
9020,0.002176,172.31.46.0-255,66,93675,54,223179
9021,0.002193,172.217.194.0-255,1484,95159,54,223179
9022,0.002199,172.217.194.0-255,5738,100897,54,223179
9023,0.002203,172.31.46.0-255,66,100963,54,223179
9024,0.002229,172.217.194.0-255,2902,103865,54,223179
9025,0.002232,172.31.46.0-255,66,103931,54,223179
9026,0.002239,172.217.194.0-255,7156,111087,54,223179
9027,0.002242,172.31.46.0-255,66,111153,54,223179
9028,0.002275,172.217.194.0-255,2902,114055,54,223179
9029,0.002277,172.31.46.0-255,66,114121,54,223179
9030,0.00232,172.217.194.0-255,6438,120559,54,223179
9031,0.002323,172.31.46.0-255,66,120625,54,223179
9032,0.002932,172.217.194.0-255,1484,122109,54,223179
9033,0.002957,172.217.194.0-255,2902,125011,54,223179
9034,0.00296,172.31.46.0-255,66,125077,54,223179
9035,0.002982,172.217.194.0-255,1484,126561,54,223179
9036,0.002985,172.217.194.0-255,1484,128045,54,223179
9037,0.002987,172.31.46.0-255,66,128111,54,223179
9038,0.003015,172.217.194.0-255,5738,133849,54,223179
9039,0.003018,172.31.46.0-255,66,133915,54,223179
9040,0.003024,172.217.194.0-255,4320,138235,54,223179
9041,0.003026,172.31.46.0-255,66,138301,54,223179
9042,0.003065,172.31.46.0-255,66,138367,54,223179
9043,0.003075,172.217.194.0-255,1484,139851,54,223179
9044,0.003081,172.217.194.0-255,4320,144171,54,223179
9045,0.003108,172.217.194.0-255,5738,149909,54,223179
9046,0.003144,172.217.194.0-255,4320,154229,54,223179
9047,0.00315,172.217.194.0-255,4320,158549,54,223179
9048,0.003155,172.217.194.0-255,5020,163569,54,223179
9049,0.003187,172.217.194.0-255,1484,165053,54,223179
9050,0.003202,172.217.194.0-255,2902,167955,54,223179
9051,0.003221,172.217.194.0-255,5738,173693,54,223179
9052,0.003228,172.217.194.0-255,5738,179431,54,223179
9053,0.003238,172.217.194.0-255,1484,180915,54,223179
9054,0.003257,172.217.194.0-255,5738,186653,54,223179
9055,0.00329,172.217.194.0-255,7156,193809,54,223179
9056,0.003311,172.217.194.0-255,5020,198829,54,223179
9057,0.003406,172.217.194.0-255,5738,204567,54,223179
9058,0.003465,172.217.194.0-255,5738,210305,54,223179
9059,0.003544,172.217.194.0-255,4320,214625,54,223179
9060,0.003562,172.217.194.0-255,3932,218557,54,223179
9061,0.00358,172.217.194.0-255,105,218662,54,223179
9062,0.00428,172.31.46.0-255,66,218728,54,223179
9063,0.008051,172.31.46.0-255,105,218833,54,223179
9064,0.010065,172.217.194.0-255,66,218899,54,223179
9065,0.027825,172.31.46.0-255,172,219071,54,223179
9066,0.027856,172.31.46.0-255,1119,220190,54,223179
9067,0.027922,172.31.46.0-255,1514,221704,54,223179
9068,0.027924,172.31.46.0-255,1277,222981,54,223179
9069,0.029399,104.244.42.0-255,66,223047,54,223179
9070,0.02956,104.244.42.0-255,66,223113,54,223179
9071,0.029588,104.244.42.0-255,66,223179,54,223179
9072,0.0,172.217.194.0-255,153,153,54,192060
9073,1.2e-05,172.31.46.0-255,66,219,54,192060
9074,1.9e-05,172.217.194.0-255,1484,1703,54,192060
9075,2.3e-05,172.31.46.0-255,66,1769,54,192060
9076,2.8e-05,172.217.194.0-255,2902,4671,54,192060
9077,3.1e-05,172.31.46.0-255,66,4737,54,192060
9078,3.5e-05,172.217.194.0-255,2902,7639,54,192060
9079,3.8e-05,172.31.46.0-255,66,7705,54,192060
9080,6.4e-05,172.217.194.0-255,4320,12025,54,192060
9081,6.8e-05,172.31.46.0-255,66,12091,54,192060
9082,7.2e-05,172.217.194.0-255,2092,14183,54,192060
9083,7.4e-05,172.31.46.0-255,66,14249,54,192060
9084,9.8e-05,172.217.194.0-255,1484,15733,54,192060
9085,0.0001,172.31.46.0-255,66,15799,54,192060
9086,0.00012,172.217.194.0-255,2902,18701,54,192060
9087,0.000122,172.31.46.0-255,66,18767,54,192060
9088,0.000128,172.217.194.0-255,5738,24505,54,192060
9089,0.00013,172.31.46.0-255,66,24571,54,192060
9090,0.000164,172.217.194.0-255,6797,31368,54,192060
9091,0.000167,172.31.46.0-255,66,31434,54,192060
9092,0.000194,172.217.194.0-255,1484,32918,54,192060
9093,0.000196,172.31.46.0-255,66,32984,54,192060
9094,0.0002,172.217.194.0-255,1484,34468,54,192060
9095,0.000201,172.31.46.0-255,66,34534,54,192060
9096,0.000221,172.217.194.0-255,1484,36018,54,192060
9097,0.000222,172.31.46.0-255,66,36084,54,192060
9098,0.000229,172.217.194.0-255,5738,41822,54,192060
9099,0.00023,172.31.46.0-255,66,41888,54,192060
9100,0.000261,172.217.194.0-255,2902,44790,54,192060
9101,0.000263,172.31.46.0-255,66,44856,54,192060
9102,0.000284,172.217.194.0-255,3961,48817,54,192060
9103,0.000287,172.31.46.0-255,66,48883,54,192060
9104,0.000293,172.217.194.0-255,7156,56039,54,192060
9105,0.000295,172.31.46.0-255,66,56105,54,192060
9106,0.000309,172.217.194.0-255,2902,59007,54,192060
9107,0.000311,172.31.46.0-255,66,59073,54,192060
9108,0.000331,172.217.194.0-255,7120,66193,54,192060
9109,0.000334,172.31.46.0-255,66,66259,54,192060
9110,0.000671,172.217.194.0-255,385,66644,54,192060
9111,0.00094,172.31.46.0-255,66,66710,54,192060
9112,0.000982,172.217.194.0-255,1484,68194,54,192060
9113,0.000986,172.217.194.0-255,1484,69678,54,192060
9114,0.000988,172.31.46.0-255,66,69744,54,192060
9115,0.001008,172.217.194.0-255,1484,71228,54,192060
9116,0.001014,172.217.194.0-255,5738,76966,54,192060
9117,0.001016,172.31.46.0-255,66,77032,54,192060
9118,0.001022,172.217.194.0-255,5738,82770,54,192060
9119,0.001023,172.31.46.0-255,66,82836,54,192060
9120,0.001036,172.217.194.0-255,2902,85738,54,192060
9121,0.001038,172.31.46.0-255,66,85804,54,192060
9122,0.001078,172.217.194.0-255,7156,92960,54,192060
9123,0.001082,172.31.46.0-255,66,93026,54,192060
9124,0.001105,172.31.46.0-255,66,93092,54,192060
9125,0.001178,172.217.194.0-255,1484,94576,54,192060
9126,0.001182,172.217.194.0-255,2902,97478,54,192060
9127,0.001187,172.31.46.0-255,66,97544,54,192060
9128,0.001208,172.217.194.0-255,5738,103282,54,192060
9129,0.001211,172.31.46.0-255,66,103348,54,192060
9130,0.001248,172.31.46.0-255,66,103414,54,192060
9131,0.001264,172.217.194.0-255,1484,104898,54,192060
9132,0.00129,172.31.46.0-255,66,104964,54,192060
9133,0.001555,172.217.194.0-255,1484,106448,54,192060
9134,0.00156,172.217.194.0-255,2902,109350,54,192060
9135,0.001563,172.31.46.0-255,66,109416,54,192060
9136,0.001569,172.217.194.0-255,5738,115154,54,192060
9137,0.001571,172.31.46.0-255,66,115220,54,192060
9138,0.001602,172.31.46.0-255,66,115286,54,192060
9139,0.001639,172.217.194.0-255,2902,118188,54,192060
9140,0.001641,172.31.46.0-255,66,118254,54,192060
9141,0.001669,172.31.46.0-255,66,118320,54,192060
9142,0.001683,172.217.194.0-255,2902,121222,54,192060
9143,0.001685,172.31.46.0-255,66,121288,54,192060
9144,0.00172,172.31.46.0-255,66,121354,54,192060
9145,0.00173,172.31.46.0-255,66,121420,54,192060
9146,0.001754,172.217.194.0-255,4320,125740,54,192060
9147,0.001757,172.31.46.0-255,66,125806,54,192060
9148,0.001775,172.217.194.0-255,6438,132244,54,192060
9149,0.001777,172.31.46.0-255,66,132310,54,192060
9150,0.001799,172.217.194.0-255,1484,133794,54,192060
9151,0.001811,172.217.194.0-255,2902,136696,54,192060
9152,0.001814,172.31.46.0-255,66,136762,54,192060
9153,0.001835,172.217.194.0-255,5738,142500,54,192060
9154,0.001838,172.31.46.0-255,66,142566,54,192060
9155,0.001868,172.31.46.0-255,66,142632,54,192060
9156,0.001917,172.31.46.0-255,66,142698,54,192060
9157,0.001934,172.217.194.0-255,2184,144882,54,192060
9158,0.001936,172.31.46.0-255,66,144948,54,192060
9159,0.001957,172.217.194.0-255,1484,146432,54,192060
9160,0.001977,172.217.194.0-255,5738,152170,54,192060
9161,0.001979,172.31.46.0-255,66,152236,54,192060
9162,0.00199,172.31.46.0-255,66,152302,54,192060
9163,0.002053,172.31.46.0-255,66,152368,54,192060
9164,0.002056,172.217.194.0-255,766,153134,54,192060
9165,0.002082,172.217.194.0-255,1484,154618,54,192060
9166,0.002085,172.31.46.0-255,66,154684,54,192060
9167,0.002108,172.217.194.0-255,2902,157586,54,192060
9168,0.002111,172.31.46.0-255,66,157652,54,192060
9169,0.002117,172.217.194.0-255,5738,163390,54,192060
9170,0.002119,172.31.46.0-255,66,163456,54,192060
9171,0.002124,172.217.194.0-255,4320,167776,54,192060
9172,0.002126,172.31.46.0-255,66,167842,54,192060
9173,0.002164,172.31.46.0-255,66,167908,54,192060
9174,0.002175,172.31.46.0-255,66,167974,54,192060
9175,0.002216,172.31.46.0-255,66,168040,54,192060
9176,0.002224,172.217.194.0-255,7156,175196,54,192060
9177,0.002226,172.31.46.0-255,66,175262,54,192060
9178,0.002256,172.31.46.0-255,66,175328,54,192060
9179,0.00228,172.217.194.0-255,7156,182484,54,192060
9180,0.002283,172.31.46.0-255,66,182550,54,192060
9181,0.002296,172.31.46.0-255,66,182616,54,192060
9182,0.002315,172.31.46.0-255,66,182682,54,192060
9183,0.002319,172.217.194.0-255,1484,184166,54,192060
9184,0.002353,172.31.46.0-255,66,184232,54,192060
9185,0.002355,172.217.194.0-255,1484,185716,54,192060
9186,0.002389,172.31.46.0-255,66,185782,54,192060
9187,0.0024,172.31.46.0-255,66,185848,54,192060
9188,0.002444,172.217.194.0-255,5738,191586,54,192060
9189,0.002448,172.31.46.0-255,66,191652,54,192060
9190,0.002485,172.31.46.0-255,66,191718,54,192060
9191,0.002488,172.217.194.0-255,105,191823,54,192060
9192,0.008456,172.31.46.0-255,66,191889,54,192060
9193,0.008489,172.31.46.0-255,105,191994,54,192060
9194,0.010996,172.217.194.0-255,66,192060,54,192060
9195,0.0,74.125.200.0-255,153,153,54,213174
9196,2.4e-05,172.31.46.0-255,66,219,54,213174
9197,3.1e-05,74.125.200.0-255,1484,1703,54,213174
9198,3.5e-05,172.31.46.0-255,66,1769,54,213174
9199,4.1e-05,74.125.200.0-255,2902,4671,54,213174
9200,5.3e-05,172.31.46.0-255,66,4737,54,213174
9201,5.6e-05,74.125.200.0-255,1484,6221,54,213174
9202,5.9e-05,172.31.46.0-255,66,6287,54,213174
9203,9.9e-05,74.125.200.0-255,4320,10607,54,213174
9204,0.000102,172.31.46.0-255,66,10673,54,213174
9205,0.000105,74.125.200.0-255,1484,12157,54,213174
9206,0.000107,172.31.46.0-255,66,12223,54,213174
9207,0.000112,74.125.200.0-255,2086,14309,54,213174
9208,0.000114,172.31.46.0-255,66,14375,54,213174
9209,0.000121,74.125.200.0-255,5738,20113,54,213174
9210,0.000124,172.31.46.0-255,66,20179,54,213174
9211,0.000126,74.125.200.0-255,1484,21663,54,213174
9212,0.00013,172.31.46.0-255,66,21729,54,213174
9213,0.000167,74.125.200.0-255,5738,27467,54,213174
9214,0.000169,172.31.46.0-255,66,27533,54,213174
9215,0.000186,74.125.200.0-255,2902,30435,54,213174
9216,0.000188,172.31.46.0-255,66,30501,54,213174
9217,0.000191,74.125.200.0-255,1125,31626,54,213174
9218,0.000193,172.31.46.0-255,66,31692,54,213174
9219,0.000278,74.125.200.0-255,1484,33176,54,213174
9220,0.000282,172.31.46.0-255,66,33242,54,213174
9221,0.000287,74.125.200.0-255,2902,36144,54,213174
9222,0.00029,172.31.46.0-255,66,36210,54,213174
9223,0.000318,74.125.200.0-255,5738,41948,54,213174
9224,0.000321,172.31.46.0-255,66,42014,54,213174
9225,0.000326,74.125.200.0-255,4320,46334,54,213174
9226,0.000328,172.31.46.0-255,66,46400,54,213174
9227,0.000346,74.125.200.0-255,2543,48943,54,213174
9228,0.000352,172.31.46.0-255,66,49009,54,213174
9229,0.000356,74.125.200.0-255,2902,51911,54,213174
9230,0.00036,172.31.46.0-255,66,51977,54,213174
9231,0.000388,74.125.200.0-255,4320,56297,54,213174
9232,0.00039,172.31.46.0-255,66,56363,54,213174
9233,0.000404,172.31.46.0-255,66,56429,54,213174
9234,0.000407,74.125.200.0-255,108,56537,54,213174
9235,0.000411,74.125.200.0-255,332,56869,54,213174
9236,0.000657,74.125.200.0-255,1484,58353,54,213174
9237,0.000662,172.31.46.0-255,66,58419,54,213174
9238,0.000668,74.125.200.0-255,2902,61321,54,213174
9239,0.000671,172.31.46.0-255,66,61387,54,213174
9240,0.000674,74.125.200.0-255,1484,62871,54,213174
9241,0.000684,74.125.200.0-255,2902,65773,54,213174
9242,0.000686,172.31.46.0-255,66,65839,54,213174
9243,0.000725,74.125.200.0-255,5738,71577,54,213174
9244,0.000728,172.31.46.0-255,66,71643,54,213174
9245,0.000734,74.125.200.0-255,4320,75963,54,213174
9246,0.000736,172.31.46.0-255,66,76029,54,213174
9247,0.000775,172.31.46.0-255,66,76095,54,213174
9248,0.000778,74.125.200.0-255,1484,77579,54,213174
9249,0.000809,74.125.200.0-255,5020,82599,54,213174
9250,0.000812,172.31.46.0-255,66,82665,54,213174
9251,0.00162,74.125.200.0-255,1484,84149,54,213174
9252,0.001629,74.125.200.0-255,2902,87051,54,213174
9253,0.001633,172.31.46.0-255,66,87117,54,213174
9254,0.001638,74.125.200.0-255,1484,88601,54,213174
9255,0.001641,74.125.200.0-255,1484,90085,54,213174
9256,0.001643,172.31.46.0-255,66,90151,54,213174
9257,0.00167,74.125.200.0-255,1484,91635,54,213174
9258,0.001677,74.125.200.0-255,5738,97373,54,213174
9259,0.001679,172.31.46.0-255,66,97439,54,213174
9260,0.001722,172.31.46.0-255,66,97505,54,213174
9261,0.00178,172.31.46.0-255,66,97571,54,213174
9262,0.001805,74.125.200.0-255,766,98337,54,213174
9263,0.001945,74.125.200.0-255,1484,99821,54,213174
9264,0.001949,172.31.46.0-255,66,99887,54,213174
9265,0.001955,74.125.200.0-255,2902,102789,54,213174
9266,0.001957,172.31.46.0-255,66,102855,54,213174
9267,0.001997,74.125.200.0-255,5738,108593,54,213174
9268,0.001999,172.31.46.0-255,66,108659,54,213174
9269,0.002006,74.125.200.0-255,5738,114397,54,213174
9270,0.002008,172.31.46.0-255,66,114463,54,213174
9271,0.00204,74.125.200.0-255,2902,117365,54,213174
9272,0.002042,172.31.46.0-255,66,117431,54,213174
9273,0.002058,172.31.46.0-255,66,117497,54,213174
9274,0.002062,74.125.200.0-255,2902,120399,54,213174
9275,0.002064,172.31.46.0-255,66,120465,54,213174
9276,0.002107,74.125.200.0-255,2184,122649,54,213174
9277,0.00211,172.31.46.0-255,66,122715,54,213174
9278,0.002213,74.125.200.0-255,1484,124199,54,213174
9279,0.002218,74.125.200.0-255,1484,125683,54,213174
9280,0.002221,172.31.46.0-255,66,125749,54,213174
9281,0.00225,74.125.200.0-255,1484,127233,54,213174
9282,0.002257,74.125.200.0-255,5738,132971,54,213174
9283,0.002259,172.31.46.0-255,66,133037,54,213174
9284,0.002264,74.125.200.0-255,2902,135939,54,213174
9285,0.002266,172.31.46.0-255,66,136005,54,213174
9286,0.002302,172.31.46.0-255,66,136071,54,213174
9287,0.00231,74.125.200.0-255,7156,143227,54,213174
9288,0.002313,172.31.46.0-255,66,143293,54,213174
9289,0.0046,74.125.200.0-255,5738,149031,54,213174
9290,0.004608,172.31.46.0-255,66,149097,54,213174
9291,0.006869,74.125.200.0-255,1484,150581,54,213174
9292,0.006893,74.125.200.0-255,4320,154901,54,213174
9293,0.006896,172.31.46.0-255,66,154967,54,213174
9294,0.007926,172.31.46.0-255,101,155068,54,213174
9295,0.009178,74.125.200.0-255,5738,160806,54,213174
9296,0.009186,172.31.46.0-255,66,160872,54,213174
9297,0.010163,74.125.200.0-255,66,160938,54,213174
9298,0.011469,74.125.200.0-255,5738,166676,54,213174
9299,0.011477,172.31.46.0-255,66,166742,54,213174
9300,0.013753,74.125.200.0-255,5738,172480,54,213174
9301,0.013761,172.31.46.0-255,66,172546,54,213174
9302,0.016062,74.125.200.0-255,5738,178284,54,213174
9303,0.016074,172.31.46.0-255,66,178350,54,213174
9304,0.018354,74.125.200.0-255,5738,184088,54,213174
9305,0.018362,172.31.46.0-255,66,184154,54,213174
9306,0.020634,74.125.200.0-255,5738,189892,54,213174
9307,0.020642,172.31.46.0-255,66,189958,54,213174
9308,0.022934,74.125.200.0-255,5738,195696,54,213174
9309,0.02294,172.31.46.0-255,66,195762,54,213174
9310,0.025222,74.125.200.0-255,5738,201500,54,213174
9311,0.02523,172.31.46.0-255,66,201566,54,213174
9312,0.027515,74.125.200.0-255,5738,207304,54,213174
9313,0.027522,172.31.46.0-255,66,207370,54,213174
9314,0.029793,74.125.200.0-255,5738,213108,54,213174
9315,0.029799,172.31.46.0-255,66,213174,54,213174
9316,0.0,74.125.24.0-255,146,146,54,244785
9317,2.1e-05,172.31.46.0-255,66,212,54,244785
9318,2.8e-05,74.125.24.0-255,1484,1696,54,244785
9319,3.2e-05,172.31.46.0-255,66,1762,54,244785
9320,3.8e-05,74.125.24.0-255,2902,4664,54,244785
9321,4.7e-05,172.31.46.0-255,66,4730,54,244785
9322,5.4e-05,74.125.24.0-255,7156,11886,54,244785
9323,5.6e-05,172.31.46.0-255,66,11952,54,244785
9324,8.7e-05,74.125.24.0-255,2046,13998,54,244785
9325,8.9e-05,172.31.46.0-255,66,14064,54,244785
9326,0.000186,74.125.24.0-255,1484,15548,54,244785
9327,0.000189,172.31.46.0-255,66,15614,54,244785
9328,0.000194,74.125.24.0-255,2902,18516,54,244785
9329,0.000197,172.31.46.0-255,66,18582,54,244785
9330,0.000222,74.125.24.0-255,4320,22902,54,244785
9331,0.000224,172.31.46.0-255,66,22968,54,244785
9332,0.000253,74.125.24.0-255,1484,24452,54,244785
9333,0.000255,172.31.46.0-255,66,24518,54,244785
9334,0.000262,74.125.24.0-255,6797,31315,54,244785
9335,0.000264,172.31.46.0-255,66,31381,54,244785
9336,0.000292,74.125.24.0-255,1484,32865,54,244785
9337,0.000294,172.31.46.0-255,66,32931,54,244785
9338,0.000311,74.125.24.0-255,2902,35833,54,244785
9339,0.000314,172.31.46.0-255,66,35899,54,244785
9340,0.000345,74.125.24.0-255,5738,41637,54,244785
9341,0.000347,172.31.46.0-255,66,41703,54,244785
9342,0.000353,74.125.24.0-255,6797,48500,54,244785
9343,0.000355,172.31.46.0-255,66,48566,54,244785
9344,0.000391,74.125.24.0-255,1484,50050,54,244785
9345,0.000393,172.31.46.0-255,66,50116,54,244785
9346,0.000397,74.125.24.0-255,2902,53018,54,244785
9347,0.000399,172.31.46.0-255,66,53084,54,244785
9348,0.000404,74.125.24.0-255,4320,57404,54,244785
9349,0.00041,172.31.46.0-255,66,57470,54,244785
9350,0.000436,74.125.24.0-255,1484,58954,54,244785
9351,0.000443,74.125.24.0-255,5738,64692,54,244785
9352,0.000446,172.31.46.0-255,66,64758,54,244785
9353,0.000467,74.125.24.0-255,1460,66218,54,244785
9354,0.000496,74.125.24.0-255,111,66329,54,244785
9355,0.000499,172.31.46.0-255,66,66395,54,244785
9356,0.000534,74.125.24.0-255,329,66724,54,244785
9357,0.001043,172.31.46.0-255,66,66790,54,244785
9358,0.001177,74.125.24.0-255,1484,68274,54,244785
9359,0.001187,74.125.24.0-255,2902,71176,54,244785
9360,0.001191,172.31.46.0-255,66,71242,54,244785
9361,0.001197,74.125.24.0-255,2902,74144,54,244785
9362,0.001199,172.31.46.0-255,66,74210,54,244785
9363,0.001218,74.125.24.0-255,2902,77112,54,244785
9364,0.001221,172.31.46.0-255,66,77178,54,244785
9365,0.001231,74.125.24.0-255,4320,81498,54,244785
9366,0.001233,172.31.46.0-255,66,81564,54,244785
9367,0.001258,74.125.24.0-255,2902,84466,54,244785
9368,0.00126,172.31.46.0-255,66,84532,54,244785
9369,0.001272,74.125.24.0-255,5738,90270,54,244785
9370,0.001275,172.31.46.0-255,66,90336,54,244785
9371,0.001282,74.125.24.0-255,7156,97492,54,244785
9372,0.001284,172.31.46.0-255,66,97558,54,244785
9373,0.001311,74.125.24.0-255,3602,101160,54,244785
9374,0.001313,172.31.46.0-255,66,101226,54,244785
9375,0.002216,74.125.24.0-255,1484,102710,54,244785
9376,0.002224,74.125.24.0-255,2902,105612,54,244785
9377,0.002228,172.31.46.0-255,66,105678,54,244785
9378,0.002232,74.125.24.0-255,1484,107162,54,244785
9379,0.002256,74.125.24.0-255,4320,111482,54,244785
9380,0.002258,172.31.46.0-255,66,111548,54,244785
9381,0.002265,74.125.24.0-255,5738,117286,54,244785
9382,0.002266,172.31.46.0-255,66,117352,54,244785
9383,0.002297,74.125.24.0-255,7156,124508,54,244785
9384,0.0023,172.31.46.0-255,66,124574,54,244785
9385,0.002309,172.31.46.0-255,66,124640,54,244785
9386,0.002339,74.125.24.0-255,2184,126824,54,244785
9387,0.00234,172.31.46.0-255,66,126890,54,244785
9388,0.002344,74.125.24.0-255,2902,129792,54,244785
9389,0.002346,172.31.46.0-255,66,129858,54,244785
9390,0.0024,74.125.24.0-255,4320,134178,54,244785
9391,0.002403,172.31.46.0-255,66,134244,54,244785
9392,0.002407,74.125.24.0-255,4320,138564,54,244785
9393,0.002409,172.31.46.0-255,66,138630,54,244785
9394,0.002415,74.125.24.0-255,5738,144368,54,244785
9395,0.002417,172.31.46.0-255,66,144434,54,244785
9396,0.002427,74.125.24.0-255,7156,151590,54,244785
9397,0.002429,172.31.46.0-255,66,151656,54,244785
9398,0.002439,172.31.46.0-255,66,151722,54,244785
9399,0.00248,74.125.24.0-255,1484,153206,54,244785
9400,0.002498,74.125.24.0-255,2902,156108,54,244785
9401,0.0025,172.31.46.0-255,66,156174,54,244785
9402,0.002504,74.125.24.0-255,2902,159076,54,244785
9403,0.002506,172.31.46.0-255,66,159142,54,244785
9404,0.002532,74.125.24.0-255,2902,162044,54,244785
9405,0.002534,172.31.46.0-255,66,162110,54,244785
9406,0.002555,172.31.46.0-255,66,162176,54,244785
9407,0.002564,172.31.46.0-255,66,162242,54,244785
9408,0.002581,74.125.24.0-255,1484,163726,54,244785
9409,0.002588,74.125.24.0-255,766,164492,54,244785
9410,0.00259,172.31.46.0-255,66,164558,54,244785
9411,0.002593,74.125.24.0-255,1484,166042,54,244785
9412,0.002614,74.125.24.0-255,4320,170362,54,244785
9413,0.002617,172.31.46.0-255,66,170428,54,244785
9414,0.002621,74.125.24.0-255,2902,173330,54,244785
9415,0.002622,172.31.46.0-255,66,173396,54,244785
9416,0.002645,74.125.24.0-255,4320,177716,54,244785
9417,0.00265,172.31.46.0-255,66,177782,54,244785
9418,0.002662,172.31.46.0-255,66,177848,54,244785
9419,0.002694,172.31.46.0-255,66,177914,54,244785
9420,0.002704,74.125.24.0-255,1484,179398,54,244785
9421,0.002736,74.125.24.0-255,5738,185136,54,244785
9422,0.002739,172.31.46.0-255,66,185202,54,244785
9423,0.002775,74.125.24.0-255,7156,192358,54,244785
9424,0.002777,172.31.46.0-255,66,192424,54,244785
9425,0.002787,172.31.46.0-255,66,192490,54,244785
9426,0.002796,74.125.24.0-255,5738,198228,54,244785
9427,0.002798,172.31.46.0-255,66,198294,54,244785
9428,0.002842,172.31.46.0-255,66,198360,54,244785
9429,0.002854,172.31.46.0-255,66,198426,54,244785
9430,0.002881,74.125.24.0-255,1484,199910,54,244785
9431,0.00289,172.31.46.0-255,66,199976,54,244785
9432,0.002916,74.125.24.0-255,1484,201460,54,244785
9433,0.002921,74.125.24.0-255,2902,204362,54,244785
9434,0.002923,172.31.46.0-255,66,204428,54,244785
9435,0.002929,74.125.24.0-255,5738,210166,54,244785
9436,0.002931,172.31.46.0-255,66,210232,54,244785
9437,0.002964,172.31.46.0-255,66,210298,54,244785
9438,0.002974,172.31.46.0-255,66,210364,54,244785
9439,0.003034,74.125.24.0-255,2184,212548,54,244785
9440,0.003036,172.31.46.0-255,66,212614,54,244785
9441,0.00304,74.125.24.0-255,2902,215516,54,244785
9442,0.003042,172.31.46.0-255,66,215582,54,244785
9443,0.003045,74.125.24.0-255,1484,217066,54,244785
9444,0.00307,74.125.24.0-255,5738,222804,54,244785
9445,0.003072,172.31.46.0-255,66,222870,54,244785
9446,0.003078,74.125.24.0-255,5738,228608,54,244785
9447,0.00308,172.31.46.0-255,66,228674,54,244785
9448,0.003084,74.125.24.0-255,4320,232994,54,244785
9449,0.003092,172.31.46.0-255,66,233060,54,244785
9450,0.003126,172.31.46.0-255,66,233126,54,244785
9451,0.003131,74.125.24.0-255,3602,236728,54,244785
9452,0.003133,172.31.46.0-255,66,236794,54,244785
9453,0.003141,74.125.24.0-255,4320,241114,54,244785
9454,0.003143,172.31.46.0-255,66,241180,54,244785
9455,0.003154,172.31.46.0-255,66,241246,54,244785
9456,0.003186,172.31.46.0-255,66,241312,54,244785
9457,0.003208,74.125.24.0-255,2902,244214,54,244785
9458,0.00321,172.31.46.0-255,66,244280,54,244785
9459,0.003226,172.31.46.0-255,66,244346,54,244785
9460,0.003228,74.125.24.0-255,97,244443,54,244785
9461,0.003267,74.125.24.0-255,105,244548,54,244785
9462,0.007201,172.31.46.0-255,66,244614,54,244785
9463,0.007235,172.31.46.0-255,105,244719,54,244785
9464,0.0095,74.125.24.0-255,66,244785,54,244785
9465,0.0,172.217.194.0-255,152,152,54,172284
9466,1.5e-05,172.31.46.0-255,66,218,54,172284
9467,2.1e-05,172.217.194.0-255,1484,1702,54,172284
9468,2.6e-05,172.31.46.0-255,66,1768,54,172284
9469,3.2e-05,172.217.194.0-255,2902,4670,54,172284
9470,4.4e-05,172.31.46.0-255,66,4736,54,172284
9471,5e-05,172.217.194.0-255,4320,9056,54,172284
9472,5.3e-05,172.31.46.0-255,66,9122,54,172284
9473,8.3e-05,172.217.194.0-255,1484,10606,54,172284
9474,8.6e-05,172.31.46.0-255,66,10672,54,172284
9475,9.8e-05,172.217.194.0-255,3425,14097,54,172284
9476,0.0001,172.31.46.0-255,66,14163,54,172284
9477,0.000114,172.31.46.0-255,66,14229,54,172284
9478,0.000144,172.217.194.0-255,5379,19608,54,172284
9479,0.000147,172.31.46.0-255,66,19674,54,172284
9480,0.000209,172.217.194.0-255,1484,21158,54,172284
9481,0.000212,172.31.46.0-255,66,21224,54,172284
9482,0.000242,172.217.194.0-255,2902,24126,54,172284
9483,0.000245,172.31.46.0-255,66,24192,54,172284
9484,0.000251,172.217.194.0-255,5738,29930,54,172284
9485,0.000254,172.31.46.0-255,66,29996,54,172284
9486,0.00027,172.217.194.0-255,1484,31480,54,172284
9487,0.000272,172.31.46.0-255,66,31546,54,172284
9488,0.000316,172.31.46.0-255,66,31612,54,172284
9489,0.000352,172.31.46.0-255,66,31678,54,172284
9490,0.000758,172.217.194.0-255,1484,33162,54,172284
9491,0.000765,172.31.46.0-255,66,33228,54,172284
9492,0.000771,172.217.194.0-255,2902,36130,54,172284
9493,0.000774,172.31.46.0-255,66,36196,54,172284
9494,0.000779,172.217.194.0-255,4320,40516,54,172284
9495,0.000781,172.31.46.0-255,66,40582,54,172284
9496,0.000812,172.217.194.0-255,1484,42066,54,172284
9497,0.000825,172.217.194.0-255,7156,49222,54,172284
9498,0.000827,172.31.46.0-255,66,49288,54,172284
9499,0.000841,172.31.46.0-255,66,49354,54,172284
9500,0.000866,172.217.194.0-255,2902,52256,54,172284
9501,0.000873,172.31.46.0-255,66,52322,54,172284
9502,0.000878,172.217.194.0-255,2184,54506,54,172284
9503,0.00088,172.31.46.0-255,66,54572,54,172284
9504,0.00179,172.217.194.0-255,1484,56056,54,172284
9505,0.001805,172.217.194.0-255,2902,58958,54,172284
9506,0.001809,172.31.46.0-255,66,59024,54,172284
9507,0.001814,172.217.194.0-255,2902,61926,54,172284
9508,0.001817,172.31.46.0-255,66,61992,54,172284
9509,0.001845,172.217.194.0-255,2902,64894,54,172284
9510,0.001847,172.31.46.0-255,66,64960,54,172284
9511,0.001858,172.31.46.0-255,66,65026,54,172284
9512,0.001882,172.217.194.0-255,2902,67928,54,172284
9513,0.001884,172.31.46.0-255,66,67994,54,172284
9514,0.001909,172.31.46.0-255,66,68060,54,172284
9515,0.002064,172.217.194.0-255,1484,69544,54,172284
9516,0.002068,172.217.194.0-255,2902,72446,54,172284
9517,0.00207,172.31.46.0-255,66,72512,54,172284
9518,0.002094,172.217.194.0-255,5738,78250,54,172284
9519,0.002096,172.31.46.0-255,66,78316,54,172284
9520,0.002111,172.217.194.0-255,4320,82636,54,172284
9521,0.002116,172.31.46.0-255,66,82702,54,172284
9522,0.002141,172.31.46.0-255,66,82768,54,172284
9523,0.00215,172.31.46.0-255,66,82834,54,172284
9524,0.002173,172.217.194.0-255,2184,85018,54,172284
9525,0.002175,172.31.46.0-255,66,85084,54,172284
9526,0.002193,172.217.194.0-255,2902,87986,54,172284
9527,0.002199,172.31.46.0-255,66,88052,54,172284
9528,0.002204,172.217.194.0-255,4320,92372,54,172284
9529,0.002206,172.31.46.0-255,66,92438,54,172284
9530,0.002224,172.217.194.0-255,2902,95340,54,172284
9531,0.002226,172.31.46.0-255,66,95406,54,172284
9532,0.002234,172.217.194.0-255,4320,99726,54,172284
9533,0.002236,172.31.46.0-255,66,99792,54,172284
9534,0.002267,172.217.194.0-255,5738,105530,54,172284
9535,0.00227,172.31.46.0-255,66,105596,54,172284
9536,0.00228,172.31.46.0-255,66,105662,54,172284
9537,0.002288,172.217.194.0-255,2184,107846,54,172284
9538,0.002291,172.31.46.0-255,66,107912,54,172284
9539,0.004565,172.217.194.0-255,2902,110814,54,172284
9540,0.004571,172.31.46.0-255,66,110880,54,172284
9541,0.004609,172.217.194.0-255,2902,113782,54,172284
9542,0.004612,172.31.46.0-255,66,113848,54,172284
9543,0.006856,172.217.194.0-255,2902,116750,54,172284
9544,0.006865,172.31.46.0-255,66,116816,54,172284
9545,0.006898,172.217.194.0-255,2902,119718,54,172284
9546,0.006901,172.31.46.0-255,66,119784,54,172284
9547,0.009151,172.217.194.0-255,2902,122686,54,172284
9548,0.00916,172.31.46.0-255,66,122752,54,172284
9549,0.009193,172.217.194.0-255,2902,125654,54,172284
9550,0.009196,172.31.46.0-255,66,125720,54,172284
9551,0.011458,172.217.194.0-255,2902,128622,54,172284
9552,0.011467,172.31.46.0-255,66,128688,54,172284
9553,0.011501,172.217.194.0-255,2902,131590,54,172284
9554,0.011504,172.31.46.0-255,66,131656,54,172284
9555,0.013774,172.217.194.0-255,5738,137394,54,172284
9556,0.01378,172.31.46.0-255,66,137460,54,172284
9557,0.016088,172.217.194.0-255,5738,143198,54,172284
9558,0.016097,172.31.46.0-255,66,143264,54,172284
9559,0.018413,172.217.194.0-255,5738,149002,54,172284
9560,0.01842,172.31.46.0-255,66,149068,54,172284
9561,0.02077,172.217.194.0-255,5738,154806,54,172284
9562,0.020782,172.31.46.0-255,66,154872,54,172284
9563,0.023111,172.217.194.0-255,5738,160610,54,172284
9564,0.023118,172.31.46.0-255,66,160676,54,172284
9565,0.02541,172.217.194.0-255,5738,166414,54,172284
9566,0.025417,172.31.46.0-255,66,166480,54,172284
9567,0.027723,172.217.194.0-255,5738,172218,54,172284
9568,0.02773,172.31.46.0-255,66,172284,54,172284
9569,0.0,74.125.24.0-255,152,152,54,278342
9570,1.7e-05,172.31.46.0-255,66,218,54,278342
9571,2.4e-05,74.125.24.0-255,1484,1702,54,278342
9572,2.9e-05,172.31.46.0-255,66,1768,54,278342
9573,3.5e-05,74.125.24.0-255,2902,4670,54,278342
9574,3.9e-05,172.31.46.0-255,66,4736,54,278342
9575,4.4e-05,74.125.24.0-255,4320,9056,54,278342
9576,4.7e-05,172.31.46.0-255,66,9122,54,278342
9577,9.6e-05,74.125.24.0-255,4910,14032,54,278342
9578,9.9e-05,172.31.46.0-255,66,14098,54,278342
9579,0.000135,74.125.24.0-255,5738,19836,54,278342
9580,0.000141,74.125.24.0-255,5738,25574,54,278342
9581,0.000146,172.31.46.0-255,66,25640,54,278342
9582,0.000149,172.31.46.0-255,66,25706,54,278342
9583,0.000222,74.125.24.0-255,5379,31085,54,278342
9584,0.000226,172.31.46.0-255,66,31151,54,278342
9585,0.000333,74.125.24.0-255,1484,32635,54,278342
9586,0.000338,172.31.46.0-255,66,32701,54,278342
9587,0.000343,74.125.24.0-255,2902,35603,54,278342
9588,0.000346,172.31.46.0-255,66,35669,54,278342
9589,0.000361,74.125.24.0-255,5738,41407,54,278342
9590,0.000364,172.31.46.0-255,66,41473,54,278342
9591,0.000393,74.125.24.0-255,6797,48270,54,278342
9592,0.000396,172.31.46.0-255,66,48336,54,278342
9593,0.000399,74.125.24.0-255,1484,49820,54,278342
9594,0.000401,172.31.46.0-255,66,49886,54,278342
9595,0.000419,74.125.24.0-255,5738,55624,54,278342
9596,0.000422,172.31.46.0-255,66,55690,54,278342
9597,0.000424,74.125.24.0-255,1484,57174,54,278342
9598,0.000426,172.31.46.0-255,66,57240,54,278342
9599,0.000462,172.31.46.0-255,66,57306,54,278342
9600,0.000465,74.125.24.0-255,414,57720,54,278342
9601,0.000561,74.125.24.0-255,329,58049,54,278342
9602,0.001032,74.125.24.0-255,1484,59533,54,278342
9603,0.001037,172.31.46.0-255,66,59599,54,278342
9604,0.001043,74.125.24.0-255,2902,62501,54,278342
9605,0.001045,172.31.46.0-255,66,62567,54,278342
9606,0.001071,74.125.24.0-255,5738,68305,54,278342
9607,0.001073,172.31.46.0-255,66,68371,54,278342
9608,0.001109,172.31.46.0-255,66,68437,54,278342
9609,0.001112,74.125.24.0-255,1484,69921,54,278342
9610,0.001138,172.31.46.0-255,66,69987,54,278342
9611,0.001141,74.125.24.0-255,766,70753,54,278342
9612,0.00139,172.31.46.0-255,66,70819,54,278342
9613,0.001434,74.125.24.0-255,1484,72303,54,278342
9614,0.001447,74.125.24.0-255,2902,75205,54,278342
9615,0.001451,172.31.46.0-255,66,75271,54,278342
9616,0.001473,74.125.24.0-255,5738,81009,54,278342
9617,0.001475,172.31.46.0-255,66,81075,54,278342
9618,0.001501,172.31.46.0-255,66,81141,54,278342
9619,0.001519,74.125.24.0-255,4320,85461,54,278342
9620,0.001521,172.31.46.0-255,66,85527,54,278342
9621,0.001549,74.125.24.0-255,5738,91265,54,278342
9622,0.001552,172.31.46.0-255,66,91331,54,278342
9623,0.001576,74.125.24.0-255,3602,94933,54,278342
9624,0.001579,172.31.46.0-255,66,94999,54,278342
9625,0.001608,74.125.24.0-255,4320,99319,54,278342
9626,0.001611,172.31.46.0-255,66,99385,54,278342
9627,0.001632,74.125.24.0-255,5738,105123,54,278342
9628,0.001634,172.31.46.0-255,66,105189,54,278342
9629,0.001661,74.125.24.0-255,2902,108091,54,278342
9630,0.001664,172.31.46.0-255,66,108157,54,278342
9631,0.001702,172.31.46.0-255,66,108223,54,278342
9632,0.001708,74.125.24.0-255,5738,113961,54,278342
9633,0.00171,172.31.46.0-255,66,114027,54,278342
9634,0.001722,74.125.24.0-255,1484,115511,54,278342
9635,0.00174,74.125.24.0-255,5020,120531,54,278342
9636,0.001743,172.31.46.0-255,66,120597,54,278342
9637,0.001999,74.125.24.0-255,1484,122081,54,278342
9638,0.002006,74.125.24.0-255,2902,124983,54,278342
9639,0.00201,172.31.46.0-255,66,125049,54,278342
9640,0.002013,74.125.24.0-255,1484,126533,54,278342
9641,0.002032,74.125.24.0-255,4320,130853,54,278342
9642,0.002034,172.31.46.0-255,66,130919,54,278342
9643,0.00204,74.125.24.0-255,4320,135239,54,278342
9644,0.002042,172.31.46.0-255,66,135305,54,278342
9645,0.002066,74.125.24.0-255,4320,139625,54,278342
9646,0.002068,172.31.46.0-255,66,139691,54,278342
9647,0.002092,74.125.24.0-255,7156,146847,54,278342
9648,0.002095,172.31.46.0-255,66,146913,54,278342
9649,0.00213,172.31.46.0-255,66,146979,54,278342
9650,0.002255,74.125.24.0-255,1484,148463,54,278342
9651,0.002261,74.125.24.0-255,2902,151365,54,278342
9652,0.002264,172.31.46.0-255,66,151431,54,278342
9653,0.002287,74.125.24.0-255,1484,152915,54,278342
9654,0.0023,74.125.24.0-255,1484,154399,54,278342
9655,0.002303,172.31.46.0-255,66,154465,54,278342
9656,0.00231,74.125.24.0-255,4320,158785,54,278342
9657,0.002311,172.31.46.0-255,66,158851,54,278342
9658,0.002316,74.125.24.0-255,2902,161753,54,278342
9659,0.002318,172.31.46.0-255,66,161819,54,278342
9660,0.002335,74.125.24.0-255,5738,167557,54,278342
9661,0.002339,74.125.24.0-255,2902,170459,54,278342
9662,0.002343,172.31.46.0-255,66,170525,54,278342
9663,0.002349,172.31.46.0-255,66,170591,54,278342
9664,0.002357,74.125.24.0-255,4320,174911,54,278342
9665,0.002359,172.31.46.0-255,66,174977,54,278342
9666,0.002392,74.125.24.0-255,6438,181415,54,278342
9667,0.002395,172.31.46.0-255,66,181481,54,278342
9668,0.002577,74.125.24.0-255,1484,182965,54,278342
9669,0.002584,74.125.24.0-255,2902,185867,54,278342
9670,0.002587,172.31.46.0-255,66,185933,54,278342
9671,0.002593,74.125.24.0-255,2902,188835,54,278342
9672,0.002595,172.31.46.0-255,66,188901,54,278342
9673,0.002608,74.125.24.0-255,2902,191803,54,278342
9674,0.002611,172.31.46.0-255,66,191869,54,278342
9675,0.002623,74.125.24.0-255,5738,197607,54,278342
9676,0.002625,172.31.46.0-255,66,197673,54,278342
9677,0.002686,172.31.46.0-255,66,197739,54,278342
9678,0.002689,74.125.24.0-255,1484,199223,54,278342
9679,0.002729,74.125.24.0-255,3602,202825,54,278342
9680,0.002732,172.31.46.0-255,66,202891,54,278342
9681,0.002969,74.125.24.0-255,1484,204375,54,278342
9682,0.002984,74.125.24.0-255,2902,207277,54,278342
9683,0.002987,172.31.46.0-255,66,207343,54,278342
9684,0.003017,74.125.24.0-255,5738,213081,54,278342
9685,0.003021,172.31.46.0-255,66,213147,54,278342
9686,0.003025,74.125.24.0-255,2902,216049,54,278342
9687,0.003027,172.31.46.0-255,66,216115,54,278342
9688,0.003055,172.31.46.0-255,66,216181,54,278342
9689,0.003057,74.125.24.0-255,1484,217665,54,278342
9690,0.003088,172.31.46.0-255,66,217731,54,278342
9691,0.003278,74.125.24.0-255,1484,219215,54,278342
9692,0.003286,74.125.24.0-255,2902,222117,54,278342
9693,0.00329,172.31.46.0-255,66,222183,54,278342
9694,0.003314,74.125.24.0-255,5738,227921,54,278342
9695,0.003317,172.31.46.0-255,66,227987,54,278342
9696,0.003345,172.31.46.0-255,66,228053,54,278342
9697,0.00337,74.125.24.0-255,1484,229537,54,278342
9698,0.003386,172.31.46.0-255,66,229603,54,278342
9699,0.003393,74.125.24.0-255,6438,236041,54,278342
9700,0.003396,172.31.46.0-255,66,236107,54,278342
9701,0.003403,74.125.24.0-255,7156,243263,54,278342
9702,0.003405,172.31.46.0-255,66,243329,54,278342
9703,0.003458,74.125.24.0-255,7156,250485,54,278342
9704,0.003462,172.31.46.0-255,66,250551,54,278342
9705,0.003492,172.31.46.0-255,66,250617,54,278342
9706,0.003499,74.125.24.0-255,6438,257055,54,278342
9707,0.003502,172.31.46.0-255,66,257121,54,278342
9708,0.003509,74.125.24.0-255,7156,264277,54,278342
9709,0.003512,172.31.46.0-255,66,264343,54,278342
9710,0.003522,172.31.46.0-255,66,264409,54,278342
9711,0.003533,172.31.46.0-255,66,264475,54,278342
9712,0.003574,172.31.46.0-255,66,264541,54,278342
9713,0.003581,74.125.24.0-255,6438,270979,54,278342
9714,0.003583,172.31.46.0-255,66,271045,54,278342
9715,0.003589,74.125.24.0-255,5738,276783,54,278342
9716,0.003591,172.31.46.0-255,66,276849,54,278342
9717,0.003594,74.125.24.0-255,1151,278000,54,278342
9718,0.003615,74.125.24.0-255,105,278105,54,278342
9719,0.011115,172.31.46.0-255,66,278171,54,278342
9720,0.011154,172.31.46.0-255,105,278276,54,278342
9721,0.013632,74.125.24.0-255,66,278342,54,278342
9722,0.0,172.217.194.0-255,152,152,54,198510
9723,1.4e-05,172.31.46.0-255,66,218,54,198510
9724,2.1e-05,172.217.194.0-255,1484,1702,54,198510
9725,2.5e-05,172.31.46.0-255,66,1768,54,198510
9726,3e-05,172.217.194.0-255,2902,4670,54,198510
9727,3.3e-05,172.31.46.0-255,66,4736,54,198510
9728,4.1e-05,172.217.194.0-255,7156,11892,54,198510
9729,4.3e-05,172.31.46.0-255,66,11958,54,198510
9730,8.1e-05,172.31.46.0-255,66,12024,54,198510
9731,0.000117,172.217.194.0-255,4320,16344,54,198510
9732,0.000119,172.31.46.0-255,66,16410,54,198510
9733,0.000135,172.217.194.0-255,2543,18953,54,198510
9734,0.000138,172.31.46.0-255,66,19019,54,198510
9735,0.000185,172.217.194.0-255,1484,20503,54,198510
9736,0.000188,172.31.46.0-255,66,20569,54,198510
9737,0.000193,172.217.194.0-255,2902,23471,54,198510
9738,0.000195,172.31.46.0-255,66,23537,54,198510
9739,0.00021,172.217.194.0-255,4320,27857,54,198510
9740,0.000213,172.31.46.0-255,66,27923,54,198510
9741,0.00023,172.217.194.0-255,1484,29407,54,198510
9742,0.000232,172.31.46.0-255,66,29473,54,198510
9743,0.000256,172.217.194.0-255,7156,36629,54,198510
9744,0.000258,172.31.46.0-255,66,36695,54,198510
9745,0.000285,172.217.194.0-255,5738,42433,54,198510
9746,0.000288,172.31.46.0-255,66,42499,54,198510
9747,0.000301,172.31.46.0-255,66,42565,54,198510
9748,0.000303,172.217.194.0-255,393,42958,54,198510
9749,0.000305,172.31.46.0-255,66,43024,54,198510
9750,0.000458,172.217.194.0-255,1484,44508,54,198510
9751,0.000464,172.31.46.0-255,66,44574,54,198510
9752,0.000469,172.217.194.0-255,2902,47476,54,198510
9753,0.000471,172.31.46.0-255,66,47542,54,198510
9754,0.000478,172.217.194.0-255,5738,53280,54,198510
9755,0.00048,172.31.46.0-255,66,53346,54,198510
9756,0.000503,172.217.194.0-255,4320,57666,54,198510
9757,0.000506,172.31.46.0-255,66,57732,54,198510
9758,0.000534,172.31.46.0-255,66,57798,54,198510
9759,0.000545,172.31.46.0-255,66,57864,54,198510
9760,0.000577,172.217.194.0-255,2184,60048,54,198510
9761,0.00058,172.31.46.0-255,66,60114,54,198510
9762,0.00133,172.217.194.0-255,1484,61598,54,198510
9763,0.001337,172.217.194.0-255,2902,64500,54,198510
9764,0.00134,172.31.46.0-255,66,64566,54,198510
9765,0.001348,172.217.194.0-255,5738,70304,54,198510
9766,0.00135,172.31.46.0-255,66,70370,54,198510
9767,0.0014,172.31.46.0-255,66,70436,54,198510
9768,0.001403,172.31.46.0-255,66,70502,54,198510
9769,0.001412,172.217.194.0-255,766,71268,54,198510
9770,0.001523,172.217.194.0-255,1484,72752,54,198510
9771,0.001527,172.31.46.0-255,66,72818,54,198510
9772,0.001532,172.217.194.0-255,2902,75720,54,198510
9773,0.001534,172.31.46.0-255,66,75786,54,198510
9774,0.00154,172.217.194.0-255,5738,81524,54,198510
9775,0.001542,172.31.46.0-255,66,81590,54,198510
9776,0.001569,172.31.46.0-255,66,81656,54,198510
9777,0.001593,172.217.194.0-255,4320,85976,54,198510
9778,0.001607,172.31.46.0-255,66,86042,54,198510
9779,0.001614,172.31.46.0-255,66,86108,54,198510
9780,0.001641,172.217.194.0-255,1484,87592,54,198510
9781,0.001647,172.217.194.0-255,2902,90494,54,198510
9782,0.001649,172.31.46.0-255,66,90560,54,198510
9783,0.001654,172.217.194.0-255,2902,93462,54,198510
9784,0.001656,172.31.46.0-255,66,93528,54,198510
9785,0.001671,172.217.194.0-255,2902,96430,54,198510
9786,0.001673,172.31.46.0-255,66,96496,54,198510
9787,0.001679,172.217.194.0-255,4320,100816,54,198510
9788,0.001681,172.31.46.0-255,66,100882,54,198510
9789,0.001718,172.31.46.0-255,66,100948,54,198510
9790,0.001729,172.31.46.0-255,66,101014,54,198510
9791,0.001732,172.217.194.0-255,766,101780,54,198510
9792,0.001927,172.217.194.0-255,1484,103264,54,198510
9793,0.001931,172.31.46.0-255,66,103330,54,198510
9794,0.001937,172.217.194.0-255,2902,106232,54,198510
9795,0.001939,172.31.46.0-255,66,106298,54,198510
9796,0.001957,172.217.194.0-255,5738,112036,54,198510
9797,0.001959,172.31.46.0-255,66,112102,54,198510
9798,0.002,172.31.46.0-255,66,112168,54,198510
9799,0.002044,172.217.194.0-255,5738,117906,54,198510
9800,0.002048,172.31.46.0-255,66,117972,54,198510
9801,0.00206,172.217.194.0-255,5020,122992,54,198510
9802,0.002062,172.31.46.0-255,66,123058,54,198510
9803,0.004172,172.217.194.0-255,5738,128796,54,198510
9804,0.004178,172.31.46.0-255,66,128862,54,198510
9805,0.006283,172.217.194.0-255,5738,134600,54,198510
9806,0.006289,172.31.46.0-255,66,134666,54,198510
9807,0.008403,172.217.194.0-255,5738,140404,54,198510
9808,0.008409,172.31.46.0-255,66,140470,54,198510
9809,0.010492,172.217.194.0-255,5738,146208,54,198510
9810,0.010509,172.31.46.0-255,66,146274,54,198510
9811,0.012597,172.217.194.0-255,5738,152012,54,198510
9812,0.012605,172.31.46.0-255,66,152078,54,198510
9813,0.014696,172.217.194.0-255,5738,157816,54,198510
9814,0.014703,172.31.46.0-255,66,157882,54,198510
9815,0.016792,172.217.194.0-255,5738,163620,54,198510
9816,0.016798,172.31.46.0-255,66,163686,54,198510
9817,0.018899,172.217.194.0-255,5738,169424,54,198510
9818,0.018906,172.31.46.0-255,66,169490,54,198510
9819,0.021007,172.217.194.0-255,5738,175228,54,198510
9820,0.021016,172.31.46.0-255,66,175294,54,198510
9821,0.023101,172.217.194.0-255,5738,181032,54,198510
9822,0.023108,172.31.46.0-255,66,181098,54,198510
9823,0.025187,172.217.194.0-255,5738,186836,54,198510
9824,0.025193,172.31.46.0-255,66,186902,54,198510
9825,0.027256,172.217.194.0-255,5738,192640,54,198510
9826,0.027262,172.31.46.0-255,66,192706,54,198510
9827,0.029357,172.217.194.0-255,5738,198444,54,198510
9828,0.029364,172.31.46.0-255,66,198510,54,198510
9829,0.0,74.125.24.0-255,291,291,54,165449
9830,1.5e-05,172.31.46.0-255,66,357,54,165449
9831,2e-05,74.125.24.0-255,1484,1841,54,165449
9832,2.4e-05,172.31.46.0-255,66,1907,54,165449
9833,3.1e-05,74.125.24.0-255,4320,6227,54,165449
9834,3.4e-05,172.31.46.0-255,66,6293,54,165449
9835,3.8e-05,74.125.24.0-255,2902,9195,54,165449
9836,4.1e-05,172.31.46.0-255,66,9261,54,165449
9837,6.4e-05,74.125.24.0-255,2902,12163,54,165449
9838,6.6e-05,172.31.46.0-255,66,12229,54,165449
9839,0.0001,172.31.46.0-255,66,12295,54,165449
9840,0.00011,172.31.46.0-255,66,12361,54,165449
9841,0.000126,74.125.24.0-255,2902,15263,54,165449
9842,0.000128,172.31.46.0-255,66,15329,54,165449
9843,0.000135,74.125.24.0-255,7156,22485,54,165449
9844,0.000137,172.31.46.0-255,66,22551,54,165449
9845,0.000163,74.125.24.0-255,6438,28989,54,165449
9846,0.000164,172.31.46.0-255,66,29055,54,165449
9847,0.000181,74.125.24.0-255,4320,33375,54,165449
9848,0.000183,172.31.46.0-255,66,33441,54,165449
9849,0.000209,74.125.24.0-255,2902,36343,54,165449
9850,0.000212,172.31.46.0-255,66,36409,54,165449
9851,0.000221,172.31.46.0-255,66,36475,54,165449
9852,0.000223,74.125.24.0-255,1125,37600,54,165449
9853,0.000225,172.31.46.0-255,66,37666,54,165449
9854,0.000397,74.125.24.0-255,647,38313,54,165449
9855,0.000402,172.31.46.0-255,66,38379,54,165449
9856,0.00059,74.125.24.0-255,1484,39863,54,165449
9857,0.000595,172.31.46.0-255,66,39929,54,165449
9858,0.0006,74.125.24.0-255,2902,42831,54,165449
9859,0.000602,172.31.46.0-255,66,42897,54,165449
9860,0.000623,74.125.24.0-255,4320,47217,54,165449
9861,0.000633,172.31.46.0-255,66,47283,54,165449
9862,0.000637,74.125.24.0-255,1484,48767,54,165449
9863,0.000664,172.31.46.0-255,66,48833,54,165449
9864,0.000721,172.31.46.0-255,66,48899,54,165449
9865,0.000854,74.125.24.0-255,1484,50383,54,165449
9866,0.00086,74.125.24.0-255,2902,53285,54,165449
9867,0.000863,172.31.46.0-255,66,53351,54,165449
9868,0.000867,74.125.24.0-255,1484,54835,54,165449
9869,0.000888,74.125.24.0-255,4320,59155,54,165449
9870,0.00089,172.31.46.0-255,66,59221,54,165449
9871,0.000893,74.125.24.0-255,1484,60705,54,165449
9872,0.000911,74.125.24.0-255,5738,66443,54,165449
9873,0.000914,172.31.46.0-255,66,66509,54,165449
9874,0.000919,74.125.24.0-255,2902,69411,54,165449
9875,0.000922,172.31.46.0-255,66,69477,54,165449
9876,0.000963,172.31.46.0-255,66,69543,54,165449
9877,0.000968,74.125.24.0-255,2184,71727,54,165449
9878,0.00097,172.31.46.0-255,66,71793,54,165449
9879,0.001511,74.125.24.0-255,1484,73277,54,165449
9880,0.001517,74.125.24.0-255,2902,76179,54,165449
9881,0.001521,172.31.46.0-255,66,76245,54,165449
9882,0.001529,74.125.24.0-255,5738,81983,54,165449
9883,0.001531,172.31.46.0-255,66,82049,54,165449
9884,0.001552,74.125.24.0-255,7156,89205,54,165449
9885,0.001555,172.31.46.0-255,66,89271,54,165449
9886,0.001582,74.125.24.0-255,5738,95009,54,165449
9887,0.001585,172.31.46.0-255,66,95075,54,165449
9888,0.001596,172.31.46.0-255,66,95141,54,165449
9889,0.001618,74.125.24.0-255,2184,97325,54,165449
9890,0.00162,172.31.46.0-255,66,97391,54,165449
9891,0.004006,74.125.24.0-255,5738,103129,54,165449
9892,0.00402,172.31.46.0-255,66,103195,54,165449
9893,0.006438,74.125.24.0-255,2902,106097,54,165449
9894,0.006444,172.31.46.0-255,66,106163,54,165449
9895,0.006463,74.125.24.0-255,2902,109065,54,165449
9896,0.006466,172.31.46.0-255,66,109131,54,165449
9897,0.008863,74.125.24.0-255,5738,114869,54,165449
9898,0.008871,172.31.46.0-255,66,114935,54,165449
9899,0.011293,74.125.24.0-255,5738,120673,54,165449
9900,0.011309,172.31.46.0-255,66,120739,54,165449
9901,0.013764,74.125.24.0-255,5738,126477,54,165449
9902,0.013779,172.31.46.0-255,66,126543,54,165449
9903,0.016204,74.125.24.0-255,5738,132281,54,165449
9904,0.016221,172.31.46.0-255,66,132347,54,165449
9905,0.018618,74.125.24.0-255,5738,138085,54,165449
9906,0.018631,172.31.46.0-255,66,138151,54,165449
9907,0.021023,74.125.24.0-255,5738,143889,54,165449
9908,0.021037,172.31.46.0-255,66,143955,54,165449
9909,0.023403,74.125.24.0-255,5738,149693,54,165449
9910,0.023413,172.31.46.0-255,66,149759,54,165449
9911,0.025825,74.125.24.0-255,5738,155497,54,165449
9912,0.025837,172.31.46.0-255,66,155563,54,165449
9913,0.02825,74.125.24.0-255,5738,161301,54,165449
9914,0.028258,172.31.46.0-255,66,161367,54,165449
9915,0.028617,172.31.46.0-255,172,161539,54,165449
9916,0.028646,172.31.46.0-255,1119,162658,54,165449
9917,0.028697,172.31.46.0-255,1514,164172,54,165449
9918,0.028698,172.31.46.0-255,1277,165449,54,165449
9919,0.0,74.125.200.0-255,153,153,54,273480
9920,2.2e-05,172.31.46.0-255,66,219,54,273480
9921,2.9e-05,74.125.200.0-255,1484,1703,54,273480
9922,3.4e-05,172.31.46.0-255,66,1769,54,273480
9923,4e-05,74.125.200.0-255,2902,4671,54,273480
9924,4.2e-05,172.31.46.0-255,66,4737,54,273480
9925,4.5e-05,74.125.200.0-255,1484,6221,54,273480
9926,4.9e-05,172.31.46.0-255,66,6287,54,273480
9927,7.6e-05,74.125.200.0-255,4320,10607,54,273480
9928,7.9e-05,172.31.46.0-255,66,10673,54,273480
9929,8.6e-05,74.125.200.0-255,4947,15620,54,273480
9930,9e-05,172.31.46.0-255,66,15686,54,273480
9931,9.5e-05,74.125.200.0-255,5738,21424,54,273480
9932,9.8e-05,172.31.46.0-255,66,21490,54,273480
9933,0.000121,74.125.200.0-255,1484,22974,54,273480
9934,0.000123,172.31.46.0-255,66,23040,54,273480
9935,0.000147,74.125.200.0-255,7156,30196,54,273480
9936,0.00015,172.31.46.0-255,66,30262,54,273480
9937,0.000168,74.125.200.0-255,1125,31387,54,273480
9938,0.00017,172.31.46.0-255,66,31453,54,273480
9939,0.000247,74.125.200.0-255,1484,32937,54,273480
9940,0.000251,172.31.46.0-255,66,33003,54,273480
9941,0.000255,74.125.200.0-255,1484,34487,54,273480
9942,0.000257,172.31.46.0-255,66,34553,54,273480
9943,0.000271,74.125.200.0-255,1484,36037,54,273480
9944,0.000273,172.31.46.0-255,66,36103,54,273480
9945,0.00028,74.125.200.0-255,5738,41841,54,273480
9946,0.000283,172.31.46.0-255,66,41907,54,273480
9947,0.000287,74.125.200.0-255,2902,44809,54,273480
9948,0.00029,172.31.46.0-255,66,44875,54,273480
9949,0.000318,74.125.200.0-255,3961,48836,54,273480
9950,0.000321,172.31.46.0-255,66,48902,54,273480
9951,0.000328,74.125.200.0-255,5738,54640,54,273480
9952,0.00033,172.31.46.0-255,66,54706,54,273480
9953,0.00036,74.125.200.0-255,4320,59026,54,273480
9954,0.000362,172.31.46.0-255,66,59092,54,273480
9955,0.000383,74.125.200.0-255,2902,61994,54,273480
9956,0.000386,172.31.46.0-255,66,62060,54,273480
9957,0.000412,74.125.200.0-255,4233,66293,54,273480
9958,0.000415,172.31.46.0-255,66,66359,54,273480
9959,0.000417,74.125.200.0-255,413,66772,54,273480
9960,0.00069,74.125.200.0-255,1484,68256,54,273480
9961,0.000695,172.31.46.0-255,66,68322,54,273480
9962,0.000701,74.125.200.0-255,2902,71224,54,273480
9963,0.000704,172.31.46.0-255,66,71290,54,273480
9964,0.000723,74.125.200.0-255,5738,77028,54,273480
9965,0.00073,172.31.46.0-255,66,77094,54,273480
9966,0.000741,74.125.200.0-255,4320,81414,54,273480
9967,0.000743,172.31.46.0-255,66,81480,54,273480
9968,0.00076,74.125.200.0-255,4320,85800,54,273480
9969,0.000762,172.31.46.0-255,66,85866,54,273480
9970,0.000796,172.31.46.0-255,66,85932,54,273480
9971,0.000819,74.125.200.0-255,1484,87416,54,273480
9972,0.000825,74.125.200.0-255,5020,92436,54,273480
9973,0.000828,172.31.46.0-255,66,92502,54,273480
9974,0.00085,74.125.200.0-255,1484,93986,54,273480
9975,0.000871,74.125.200.0-255,2902,96888,54,273480
9976,0.000874,172.31.46.0-255,66,96954,54,273480
9977,0.000877,74.125.200.0-255,1484,98438,54,273480
9978,0.000901,74.125.200.0-255,2902,101340,54,273480
9979,0.000904,172.31.46.0-255,66,101406,54,273480
9980,0.00091,74.125.200.0-255,4320,105726,54,273480
9981,0.000912,172.31.46.0-255,66,105792,54,273480
9982,0.000928,74.125.200.0-255,1484,107276,54,273480
9983,0.000933,74.125.200.0-255,2902,110178,54,273480
9984,0.000935,172.31.46.0-255,66,110244,54,273480
9985,0.000952,74.125.200.0-255,2902,113146,54,273480
9986,0.000954,172.31.46.0-255,66,113212,54,273480
9987,0.00096,74.125.200.0-255,4320,117532,54,273480
9988,0.000962,172.31.46.0-255,66,117598,54,273480
9989,0.000983,74.125.200.0-255,2902,120500,54,273480
9990,0.000986,172.31.46.0-255,66,120566,54,273480
9991,0.000989,74.125.200.0-255,1484,122050,54,273480
9992,0.001006,74.125.200.0-255,5020,127070,54,273480
9993,0.001009,172.31.46.0-255,66,127136,54,273480
9994,0.00103,74.125.200.0-255,1484,128620,54,273480
9995,0.001054,74.125.200.0-255,2902,131522,54,273480
9996,0.001057,172.31.46.0-255,66,131588,54,273480
9997,0.001062,74.125.200.0-255,4320,135908,54,273480
9998,0.001065,172.31.46.0-255,66,135974,54,273480
9999,0.001077,74.125.200.0-255,1484,137458,54,273480
10000,0.00108,74.125.200.0-255,1484,138942,54,273480
10001,0.001082,172.31.46.0-255,66,139008,54,273480
10002,0.001109,172.31.46.0-255,66,139074,54,273480
10003,0.001114,74.125.200.0-255,2902,141976,54,273480
10004,0.001116,172.31.46.0-255,66,142042,54,273480
10005,0.001147,74.125.200.0-255,2184,144226,54,273480
10006,0.001152,172.31.46.0-255,66,144292,54,273480
10007,0.001159,172.31.46.0-255,66,144358,54,273480
10008,0.001594,74.125.200.0-255,1484,145842,54,273480
10009,0.0016,74.125.200.0-255,2902,148744,54,273480
10010,0.001604,172.31.46.0-255,66,148810,54,273480
10011,0.00163,74.125.200.0-255,5738,154548,54,273480
10012,0.001633,172.31.46.0-255,66,154614,54,273480
10013,0.001667,172.31.46.0-255,66,154680,54,273480
10014,0.001671,74.125.200.0-255,1484,156164,54,273480
10015,0.001699,172.31.46.0-255,66,156230,54,273480
10016,0.00172,74.125.200.0-255,2184,158414,54,273480
10017,0.001723,172.31.46.0-255,66,158480,54,273480
10018,0.001847,74.125.200.0-255,1484,159964,54,273480
10019,0.001861,74.125.200.0-255,2902,162866,54,273480
10020,0.001864,172.31.46.0-255,66,162932,54,273480
10021,0.001888,74.125.200.0-255,5738,168670,54,273480
10022,0.001891,172.31.46.0-255,66,168736,54,273480
10023,0.001916,74.125.200.0-255,7156,175892,54,273480
10024,0.001919,172.31.46.0-255,66,175958,54,273480
10025,0.001945,74.125.200.0-255,1484,177442,54,273480
10026,0.001957,172.31.46.0-255,66,177508,54,273480
10027,0.001964,74.125.200.0-255,5020,182528,54,273480
10028,0.001965,172.31.46.0-255,66,182594,54,273480
10029,0.002047,74.125.200.0-255,1484,184078,54,273480
10030,0.002051,74.125.200.0-255,2902,186980,54,273480
10031,0.002054,172.31.46.0-255,66,187046,54,273480
10032,0.002076,74.125.200.0-255,4320,191366,54,273480
10033,0.00208,172.31.46.0-255,66,191432,54,273480
10034,0.002097,74.125.200.0-255,1484,192916,54,273480
10035,0.002101,74.125.200.0-255,1484,194400,54,273480
10036,0.002103,172.31.46.0-255,66,194466,54,273480
10037,0.002139,172.31.46.0-255,66,194532,54,273480
10038,0.002175,172.31.46.0-255,66,194598,54,273480
10039,0.002272,74.125.200.0-255,1484,196082,54,273480
10040,0.002276,74.125.200.0-255,1484,197566,54,273480
10041,0.002279,172.31.46.0-255,66,197632,54,273480
10042,0.002293,74.125.200.0-255,1484,199116,54,273480
10043,0.002298,74.125.200.0-255,4320,203436,54,273480
10044,0.002301,172.31.46.0-255,66,203502,54,273480
10045,0.002334,74.125.200.0-255,2902,206404,54,273480
10046,0.002337,172.31.46.0-255,66,206470,54,273480
10047,0.002355,74.125.200.0-255,2902,209372,54,273480
10048,0.002357,172.31.46.0-255,66,209438,54,273480
10049,0.004635,74.125.200.0-255,2902,212340,54,273480
10050,0.004642,172.31.46.0-255,66,212406,54,273480
10051,0.004659,74.125.200.0-255,2902,215308,54,273480
10052,0.004661,172.31.46.0-255,66,215374,54,273480
10053,0.006955,74.125.200.0-255,5738,221112,54,273480
10054,0.006959,172.31.46.0-255,66,221178,54,273480
10055,0.009278,74.125.200.0-255,5738,226916,54,273480
10056,0.009285,172.31.46.0-255,66,226982,54,273480
10057,0.011613,74.125.200.0-255,5738,232720,54,273480
10058,0.01162,172.31.46.0-255,66,232786,54,273480
10059,0.013936,74.125.200.0-255,5738,238524,54,273480
10060,0.013944,172.31.46.0-255,66,238590,54,273480
10061,0.016271,74.125.200.0-255,5738,244328,54,273480
10062,0.016279,172.31.46.0-255,66,244394,54,273480
10063,0.018587,74.125.200.0-255,5738,250132,54,273480
10064,0.018608,172.31.46.0-255,66,250198,54,273480
10065,0.020919,74.125.200.0-255,5738,255936,54,273480
10066,0.020927,172.31.46.0-255,66,256002,54,273480
10067,0.023244,74.125.200.0-255,5738,261740,54,273480
10068,0.023252,172.31.46.0-255,66,261806,54,273480
10069,0.025567,74.125.200.0-255,5738,267544,54,273480
10070,0.025575,172.31.46.0-255,66,267610,54,273480
10071,0.027892,74.125.200.0-255,4320,271930,54,273480
10072,0.0279,172.31.46.0-255,66,271996,54,273480
10073,0.027919,74.125.200.0-255,1484,273480,54,273480
10074,0.0,74.125.24.0-255,150,150,54,179364
10075,2.8e-05,172.31.46.0-255,66,216,54,179364
10076,3.6e-05,74.125.24.0-255,1484,1700,54,179364
10077,4.1e-05,172.31.46.0-255,66,1766,54,179364
10078,5.5e-05,74.125.24.0-255,2902,4668,54,179364
10079,5.9e-05,172.31.46.0-255,66,4734,54,179364
10080,6.7e-05,74.125.24.0-255,7156,11890,54,179364
10081,7.1e-05,172.31.46.0-255,66,11956,54,179364
10082,7.5e-05,74.125.24.0-255,2083,14039,54,179364
10083,7.8e-05,172.31.46.0-255,66,14105,54,179364
10084,0.000132,74.125.24.0-255,2902,17007,54,179364
10085,0.000135,172.31.46.0-255,66,17073,54,179364
10086,0.000147,74.125.24.0-255,7156,24229,54,179364
10087,0.00015,172.31.46.0-255,66,24295,54,179364
10088,0.000158,74.125.24.0-255,6797,31092,54,179364
10089,0.00016,172.31.46.0-255,66,31158,54,179364
10090,0.000379,74.125.24.0-255,1484,32642,54,179364
10091,0.000384,172.31.46.0-255,66,32708,54,179364
10092,0.000392,74.125.24.0-255,2902,35610,54,179364
10093,0.000393,172.31.46.0-255,66,35676,54,179364
10094,0.000405,74.125.24.0-255,5738,41414,54,179364
10095,0.000408,172.31.46.0-255,66,41480,54,179364
10096,0.000414,74.125.24.0-255,5738,47218,54,179364
10097,0.000417,172.31.46.0-255,66,47284,54,179364
10098,0.000457,172.31.46.0-255,66,47350,54,179364
10099,0.000463,74.125.24.0-255,3961,51311,54,179364
10100,0.000465,172.31.46.0-255,66,51377,54,179364
10101,0.000493,74.125.24.0-255,679,52056,54,179364
10102,0.000496,172.31.46.0-255,66,52122,54,179364
10103,0.000729,74.125.24.0-255,1484,53606,54,179364
10104,0.000734,172.31.46.0-255,66,53672,54,179364
10105,0.00074,74.125.24.0-255,2902,56574,54,179364
10106,0.000742,172.31.46.0-255,66,56640,54,179364
10107,0.000752,74.125.24.0-255,2902,59542,54,179364
10108,0.000754,172.31.46.0-255,66,59608,54,179364
10109,0.000795,74.125.24.0-255,2902,62510,54,179364
10110,0.000799,172.31.46.0-255,66,62576,54,179364
10111,0.000819,172.31.46.0-255,66,62642,54,179364
10112,0.000834,172.31.46.0-255,66,62708,54,179364
10113,0.001334,74.125.24.0-255,1484,64192,54,179364
10114,0.001344,74.125.24.0-255,2902,67094,54,179364
10115,0.001348,172.31.46.0-255,66,67160,54,179364
10116,0.001357,74.125.24.0-255,5738,72898,54,179364
10117,0.001359,172.31.46.0-255,66,72964,54,179364
10118,0.001404,172.31.46.0-255,66,73030,54,179364
10119,0.001412,74.125.24.0-255,5738,78768,54,179364
10120,0.001413,172.31.46.0-255,66,78834,54,179364
10121,0.001445,74.125.24.0-255,5020,83854,54,179364
10122,0.001447,172.31.46.0-255,66,83920,54,179364
10123,0.001599,74.125.24.0-255,1484,85404,54,179364
10124,0.001605,74.125.24.0-255,2902,88306,54,179364
10125,0.001608,172.31.46.0-255,66,88372,54,179364
10126,0.001616,74.125.24.0-255,5738,94110,54,179364
10127,0.001618,172.31.46.0-255,66,94176,54,179364
10128,0.001661,172.31.46.0-255,66,94242,54,179364
10129,0.001669,74.125.24.0-255,5738,99980,54,179364
10130,0.001671,172.31.46.0-255,66,100046,54,179364
10131,0.001692,74.125.24.0-255,4320,104366,54,179364
10132,0.001699,74.125.24.0-255,766,105132,54,179364
10133,0.001703,172.31.46.0-255,66,105198,54,179364
10134,0.002304,172.31.46.0-255,66,105264,54,179364
10135,0.003821,74.125.24.0-255,4320,109584,54,179364
10136,0.003839,172.31.46.0-255,66,109650,54,179364
10137,0.004372,74.125.24.0-255,1484,111134,54,179364
10138,0.005923,74.125.24.0-255,4320,115454,54,179364
10139,0.005928,172.31.46.0-255,66,115520,54,179364
10140,0.008,74.125.24.0-255,5738,121258,54,179364
10141,0.008007,172.31.46.0-255,66,121324,54,179364
10142,0.010105,74.125.24.0-255,5738,127062,54,179364
10143,0.010123,172.31.46.0-255,66,127128,54,179364
10144,0.012218,74.125.24.0-255,5738,132866,54,179364
10145,0.012234,172.31.46.0-255,66,132932,54,179364
10146,0.014382,74.125.24.0-255,5738,138670,54,179364
10147,0.0144,172.31.46.0-255,66,138736,54,179364
10148,0.016538,74.125.24.0-255,5738,144474,54,179364
10149,0.016558,172.31.46.0-255,66,144540,54,179364
10150,0.01867,74.125.24.0-255,5738,150278,54,179364
10151,0.01869,172.31.46.0-255,66,150344,54,179364
10152,0.020793,74.125.24.0-255,5738,156082,54,179364
10153,0.02081,172.31.46.0-255,66,156148,54,179364
10154,0.022902,74.125.24.0-255,5738,161886,54,179364
10155,0.022921,172.31.46.0-255,66,161952,54,179364
10156,0.025,74.125.24.0-255,5738,167690,54,179364
10157,0.025019,172.31.46.0-255,66,167756,54,179364
10158,0.027113,74.125.24.0-255,5738,173494,54,179364
10159,0.027131,172.31.46.0-255,66,173560,54,179364
10160,0.029248,74.125.24.0-255,5738,179298,54,179364
10161,0.029268,172.31.46.0-255,66,179364,54,179364
10162,0.0,74.125.24.0-255,147,147,54,100209
10163,2.3e-05,172.31.46.0-255,66,213,54,100209
10164,3e-05,74.125.24.0-255,1484,1697,54,100209
10165,3.6e-05,172.31.46.0-255,66,1763,54,100209
10166,4.4e-05,74.125.24.0-255,2902,4665,54,100209
10167,4.9e-05,172.31.46.0-255,66,4731,54,100209
10168,5.7e-05,74.125.24.0-255,7156,11887,54,100209
10169,6e-05,172.31.46.0-255,66,11953,54,100209
10170,9.9e-05,172.31.46.0-255,66,12019,54,100209
10171,0.00012,74.125.24.0-255,4847,16866,54,100209
10172,0.000123,172.31.46.0-255,66,16932,54,100209
10173,0.000196,74.125.24.0-255,2543,19475,54,100209
10174,0.000199,172.31.46.0-255,66,19541,54,100209
10175,0.000219,74.125.24.0-255,2902,22443,54,100209
10176,0.000222,172.31.46.0-255,66,22509,54,100209
10177,0.000226,74.125.24.0-255,2902,25411,54,100209
10178,0.000229,172.31.46.0-255,66,25477,54,100209
10179,0.000248,74.125.24.0-255,4320,29797,54,100209
10180,0.00025,172.31.46.0-255,66,29863,54,100209
10181,0.000272,74.125.24.0-255,1484,31347,54,100209
10182,0.000274,172.31.46.0-255,66,31413,54,100209
10183,0.000309,172.31.46.0-255,66,31479,54,100209
10184,0.000395,172.31.46.0-255,66,31545,54,100209
10185,0.00041,74.125.24.0-255,133,31678,54,100209
10186,0.000412,172.31.46.0-255,66,31744,54,100209
10187,0.00045,172.31.46.0-255,66,31810,54,100209
10188,0.000517,74.125.24.0-255,7156,38966,54,100209
10189,0.000521,172.31.46.0-255,66,39032,54,100209
10190,0.000534,74.125.24.0-255,4320,43352,54,100209
10191,0.000567,172.31.46.0-255,66,43418,54,100209
10192,0.000588,74.125.24.0-255,4320,47738,54,100209
10193,0.000628,172.31.46.0-255,66,47804,54,100209
10194,0.000715,74.125.24.0-255,2529,50333,54,100209
10195,0.000719,172.31.46.0-255,66,50399,54,100209
10196,0.000724,172.31.46.0-255,66,50465,54,100209
10197,0.000785,74.125.24.0-255,5738,56203,54,100209
10198,0.000825,172.31.46.0-255,66,56269,54,100209
10199,0.000888,74.125.24.0-255,7156,63425,54,100209
10200,0.000927,172.31.46.0-255,66,63491,54,100209
10201,0.001022,74.125.24.0-255,7156,70647,54,100209
10202,0.001028,172.31.46.0-255,66,70713,54,100209
10203,0.001043,74.125.24.0-255,7156,77869,54,100209
10204,0.001063,172.31.46.0-255,66,77935,54,100209
10205,0.001146,172.31.46.0-255,66,78001,54,100209
10206,0.001558,74.125.24.0-255,5020,83021,54,100209
10207,0.001594,74.125.24.0-255,5738,88759,54,100209
10208,0.002755,74.125.24.0-255,4320,93079,54,100209
10209,0.002775,74.125.24.0-255,6621,99700,54,100209
10210,0.002793,74.125.24.0-255,105,99805,54,100209
10211,0.005265,172.31.46.0-255,66,99871,54,100209
10212,0.006269,172.31.46.0-255,101,99972,54,100209
10213,0.007856,172.31.46.0-255,105,100077,54,100209
10214,0.008799,74.125.24.0-255,66,100143,54,100209
10215,0.010401,74.125.24.0-255,66,100209,54,100209
10216,0.0,172.217.194.0-255,146,146,54,281910
10217,2.3e-05,172.31.46.0-255,66,212,54,281910
10218,3e-05,172.217.194.0-255,1484,1696,54,281910
10219,3.5e-05,172.31.46.0-255,66,1762,54,281910
10220,4.1e-05,172.217.194.0-255,2902,4664,54,281910
10221,4.4e-05,172.31.46.0-255,66,4730,54,281910
10222,5.3e-05,172.217.194.0-255,7156,11886,54,281910
10223,5.7e-05,172.31.46.0-255,66,11952,54,281910
10224,0.0001,172.31.46.0-255,66,12018,54,281910
10225,0.000105,172.217.194.0-255,2543,14561,54,281910
10226,0.000108,172.31.46.0-255,66,14627,54,281910
10227,0.000154,172.217.194.0-255,2902,17529,54,281910
10228,0.000157,172.31.46.0-255,66,17595,54,281910
10229,0.000179,172.217.194.0-255,4320,21915,54,281910
10230,0.000181,172.31.46.0-255,66,21981,54,281910
10231,0.000187,172.217.194.0-255,4320,26301,54,281910
10232,0.000189,172.31.46.0-255,66,26367,54,281910
10233,0.000209,172.217.194.0-255,4320,30687,54,281910
10234,0.000211,172.31.46.0-255,66,30753,54,281910
10235,0.000216,172.217.194.0-255,2902,33655,54,281910
10236,0.000218,172.31.46.0-255,66,33721,54,281910
10237,0.000247,172.31.46.0-255,66,33787,54,281910
10238,0.000272,172.217.194.0-255,4581,38368,54,281910
10239,0.000275,172.31.46.0-255,66,38434,54,281910
10240,0.000379,172.217.194.0-255,1484,39918,54,281910
10241,0.000382,172.31.46.0-255,66,39984,54,281910
10242,0.000388,172.217.194.0-255,2902,42886,54,281910
10243,0.00039,172.31.46.0-255,66,42952,54,281910
10244,0.000407,172.217.194.0-255,5738,48690,54,281910
10245,0.000409,172.31.46.0-255,66,48756,54,281910
10246,0.00047,172.217.194.0-255,1484,50240,54,281910
10247,0.000605,172.31.46.0-255,66,50306,54,281910
10248,0.000863,172.217.194.0-255,1484,51790,54,281910
10249,0.000885,172.217.194.0-255,2902,54692,54,281910
10250,0.000892,172.217.194.0-255,5738,60430,54,281910
10251,0.000911,172.31.46.0-255,66,60496,54,281910
10252,0.000964,172.217.194.0-255,2902,63398,54,281910
10253,0.000976,172.217.194.0-255,2184,65582,54,281910
10254,0.000979,172.31.46.0-255,66,65648,54,281910
10255,0.001011,172.31.46.0-255,66,65714,54,281910
10256,0.001421,172.217.194.0-255,1484,67198,54,281910
10257,0.001427,172.217.194.0-255,2902,70100,54,281910
10258,0.00143,172.31.46.0-255,66,70166,54,281910
10259,0.001451,172.217.194.0-255,5738,75904,54,281910
10260,0.001456,172.31.46.0-255,66,75970,54,281910
10261,0.001476,172.217.194.0-255,4320,80290,54,281910
10262,0.001493,172.217.194.0-255,5738,86028,54,281910
10263,0.001504,172.31.46.0-255,66,86094,54,281910
10264,0.001517,172.217.194.0-255,2902,88996,54,281910
10265,0.001523,172.217.194.0-255,5738,94734,54,281910
10266,0.001541,172.31.46.0-255,66,94800,54,281910
10267,0.001555,172.217.194.0-255,5020,99820,54,281910
10268,0.001574,172.31.46.0-255,66,99886,54,281910
10269,0.001632,172.217.194.0-255,1484,101370,54,281910
10270,0.001654,172.217.194.0-255,2902,104272,54,281910
10271,0.001658,172.31.46.0-255,66,104338,54,281910
10272,0.001665,172.217.194.0-255,5738,110076,54,281910
10273,0.001685,172.31.46.0-255,66,110142,54,281910
10274,0.001698,172.217.194.0-255,5738,115880,54,281910
10275,0.001714,172.217.194.0-255,5738,121618,54,281910
10276,0.001732,172.31.46.0-255,66,121684,54,281910
10277,0.001739,172.217.194.0-255,5738,127422,54,281910
10278,0.001744,172.31.46.0-255,66,127488,54,281910
10279,0.001755,172.217.194.0-255,6438,133926,54,281910
10280,0.001775,172.31.46.0-255,66,133992,54,281910
10281,0.001831,172.217.194.0-255,1484,135476,54,281910
10282,0.001851,172.217.194.0-255,2902,138378,54,281910
10283,0.001854,172.217.194.0-255,1484,139862,54,281910
10284,0.001873,172.217.194.0-255,4320,144182,54,281910
10285,0.001879,172.31.46.0-255,66,144248,54,281910
10286,0.001891,172.217.194.0-255,5738,149986,54,281910
10287,0.001896,172.31.46.0-255,66,150052,54,281910
10288,0.001909,172.217.194.0-255,7156,157208,54,281910
10289,0.001912,172.217.194.0-255,1484,158692,54,281910
10290,0.001929,172.217.194.0-255,4320,163012,54,281910
10291,0.001943,172.31.46.0-255,66,163078,54,281910
10292,0.001955,172.217.194.0-255,1484,164562,54,281910
10293,0.001976,172.217.194.0-255,3602,168164,54,281910
10294,0.001993,172.31.46.0-255,66,168230,54,281910
10295,0.00203,172.217.194.0-255,1484,169714,54,281910
10296,0.002034,172.217.194.0-255,1484,171198,54,281910
10297,0.002048,172.217.194.0-255,1484,172682,54,281910
10298,0.002053,172.31.46.0-255,66,172748,54,281910
10299,0.002065,172.217.194.0-255,4320,177068,54,281910
10300,0.002079,172.217.194.0-255,1484,178552,54,281910
10301,0.002094,172.217.194.0-255,4320,182872,54,281910
10302,0.002104,172.31.46.0-255,66,182938,54,281910
10303,0.00213,172.217.194.0-255,5738,188676,54,281910
10304,0.002157,172.217.194.0-255,2902,191578,54,281910
10305,0.00219,172.217.194.0-255,5738,197316,54,281910
10306,0.002209,172.217.194.0-255,7156,204472,54,281910
10307,0.002217,172.217.194.0-255,7156,211628,54,281910
10308,0.002256,172.217.194.0-255,6438,218066,54,281910
10309,0.002312,172.217.194.0-255,7156,225222,54,281910
10310,0.002318,172.217.194.0-255,5738,230960,54,281910
10311,0.007301,172.31.46.0-255,66,231026,54,281910
10312,0.009622,172.217.194.0-255,5738,236764,54,281910
10313,0.009631,172.31.46.0-255,66,236830,54,281910
10314,0.011919,172.217.194.0-255,4320,241150,54,281910
10315,0.011925,172.31.46.0-255,66,241216,54,281910
10316,0.011944,172.217.194.0-255,1484,242700,54,281910
10317,0.014209,172.217.194.0-255,4320,247020,54,281910
10318,0.015991,172.31.46.0-255,66,247086,54,281910
10319,0.018304,172.217.194.0-255,5738,252824,54,281910
10320,0.018322,172.31.46.0-255,66,252890,54,281910
10321,0.020668,172.217.194.0-255,5738,258628,54,281910
10322,0.020685,172.31.46.0-255,66,258694,54,281910
10323,0.02299,172.217.194.0-255,5738,264432,54,281910
10324,0.023002,172.31.46.0-255,66,264498,54,281910
10325,0.025303,172.217.194.0-255,5738,270236,54,281910
10326,0.025313,172.31.46.0-255,66,270302,54,281910
10327,0.027621,172.217.194.0-255,5738,276040,54,281910
10328,0.027629,172.31.46.0-255,66,276106,54,281910
10329,0.029938,172.217.194.0-255,5738,281844,54,281910
10330,0.029946,172.31.46.0-255,66,281910,54,281910
10331,0.0,74.125.68.0-255,150,150,54,221148
10332,2.6e-05,172.31.46.0-255,66,216,54,221148
10333,3.4e-05,74.125.68.0-255,1484,1700,54,221148
10334,3.9e-05,172.31.46.0-255,66,1766,54,221148
10335,6.3e-05,74.125.68.0-255,2902,4668,54,221148
10336,6.6e-05,172.31.46.0-255,66,4734,54,221148
10337,7.1e-05,74.125.68.0-255,2902,7636,54,221148
10338,7.4e-05,172.31.46.0-255,66,7702,54,221148
10339,9.1e-05,74.125.68.0-255,2902,10604,54,221148
10340,9.4e-05,172.31.46.0-255,66,10670,54,221148
10341,9.7e-05,74.125.68.0-255,1484,12154,54,221148
10342,9.9e-05,172.31.46.0-255,66,12220,54,221148
10343,0.000134,74.125.68.0-255,2118,14338,54,221148
10344,0.000137,172.31.46.0-255,66,14404,54,221148
10345,0.000281,74.125.68.0-255,1484,15888,54,221148
10346,0.000286,172.31.46.0-255,66,15954,54,221148
10347,0.00029,74.125.68.0-255,1484,17438,54,221148
10348,0.000293,172.31.46.0-255,66,17504,54,221148
10349,0.000306,74.125.68.0-255,1484,18988,54,221148
10350,0.000308,172.31.46.0-255,66,19054,54,221148
10351,0.000315,74.125.68.0-255,4320,23374,54,221148
10352,0.000318,172.31.46.0-255,66,23440,54,221148
10353,0.000338,74.125.68.0-255,1484,24924,54,221148
10354,0.00034,172.31.46.0-255,66,24990,54,221148
10355,0.000346,74.125.68.0-255,4320,29310,54,221148
10356,0.000348,172.31.46.0-255,66,29376,54,221148
10357,0.000361,74.125.68.0-255,1484,30860,54,221148
10358,0.000363,172.31.46.0-255,66,30926,54,221148
10359,0.000388,74.125.68.0-255,3961,34887,54,221148
10360,0.000391,172.31.46.0-255,66,34953,54,221148
10361,0.000396,74.125.68.0-255,4320,39273,54,221148
10362,0.000399,172.31.46.0-255,66,39339,54,221148
10363,0.000405,74.125.68.0-255,5738,45077,54,221148
10364,0.000439,74.125.68.0-255,3961,49038,54,221148
10365,0.000535,172.31.46.0-255,66,49104,54,221148
10366,0.001171,74.125.68.0-255,1484,50588,54,221148
10367,0.001182,74.125.68.0-255,2902,53490,54,221148
10368,0.001187,172.31.46.0-255,66,53556,54,221148
10369,0.001192,74.125.68.0-255,1484,55040,54,221148
10370,0.00121,74.125.68.0-255,2902,57942,54,221148
10371,0.001233,74.125.68.0-255,1484,59426,54,221148
10372,0.001243,74.125.68.0-255,1484,60910,54,221148
10373,0.001273,74.125.68.0-255,2902,63812,54,221148
10374,0.001291,74.125.68.0-255,1484,65296,54,221148
10375,0.001294,74.125.68.0-255,1125,66421,54,221148
10376,0.00135,74.125.68.0-255,1484,67905,54,221148
10377,0.001363,74.125.68.0-255,2902,70807,54,221148
10378,0.001381,74.125.68.0-255,5738,76545,54,221148
10379,0.001405,74.125.68.0-255,4320,80865,54,221148
10380,0.00141,74.125.68.0-255,4320,85185,54,221148
10381,0.001422,74.125.68.0-255,1125,86310,54,221148
10382,0.001441,74.125.68.0-255,4320,90630,54,221148
10383,0.001466,74.125.68.0-255,7156,97786,54,221148
10384,0.001492,74.125.68.0-255,2543,100329,54,221148
10385,0.001976,74.125.68.0-255,1484,101813,54,221148
10386,0.001985,74.125.68.0-255,2902,104715,54,221148
10387,0.002004,74.125.68.0-255,1484,106199,54,221148
10388,0.002019,74.125.68.0-255,2902,109101,54,221148
10389,0.002041,74.125.68.0-255,2902,112003,54,221148
10390,0.002061,74.125.68.0-255,2902,114905,54,221148
10391,0.002066,74.125.68.0-255,2529,117434,54,221148
10392,0.002091,74.125.68.0-255,1484,118918,54,221148
10393,0.002105,74.125.68.0-255,1484,120402,54,221148
10394,0.002108,74.125.68.0-255,1484,121886,54,221148
10395,0.002125,74.125.68.0-255,2902,124788,54,221148
10396,0.002144,74.125.68.0-255,2902,127690,54,221148
10397,0.002161,74.125.68.0-255,2902,130592,54,221148
10398,0.002166,74.125.68.0-255,4320,134912,54,221148
10399,0.002198,74.125.68.0-255,4320,139232,54,221148
10400,0.002219,74.125.68.0-255,1484,140716,54,221148
10401,0.002221,74.125.68.0-255,1484,142200,54,221148
10402,0.002226,74.125.68.0-255,2902,145102,54,221148
10403,0.002229,74.125.68.0-255,1484,146586,54,221148
10404,0.002244,74.125.68.0-255,4320,150906,54,221148
10405,0.002247,74.125.68.0-255,766,151672,54,221148
10406,0.00232,74.125.68.0-255,1484,153156,54,221148
10407,0.003966,172.31.46.0-255,66,153222,54,221148
10408,0.006311,74.125.68.0-255,5738,158960,54,221148
10409,0.006323,172.31.46.0-255,66,159026,54,221148
10410,0.008676,74.125.68.0-255,5738,164764,54,221148
10411,0.008693,172.31.46.0-255,66,164830,54,221148
10412,0.011026,74.125.68.0-255,5738,170568,54,221148
10413,0.011045,172.31.46.0-255,66,170634,54,221148
10414,0.013377,74.125.68.0-255,5738,176372,54,221148
10415,0.013395,172.31.46.0-255,66,176438,54,221148
10416,0.015731,74.125.68.0-255,5738,182176,54,221148
10417,0.01575,172.31.46.0-255,66,182242,54,221148
10418,0.018093,74.125.68.0-255,5738,187980,54,221148
10419,0.018107,172.31.46.0-255,66,188046,54,221148
10420,0.020452,74.125.68.0-255,5738,193784,54,221148
10421,0.020463,172.31.46.0-255,66,193850,54,221148
10422,0.022786,74.125.68.0-255,5738,199588,54,221148
10423,0.022796,172.31.46.0-255,66,199654,54,221148
10424,0.025115,74.125.68.0-255,5738,205392,54,221148
10425,0.025127,172.31.46.0-255,66,205458,54,221148
10426,0.027462,74.125.68.0-255,5738,211196,54,221148
10427,0.027479,172.31.46.0-255,66,211262,54,221148
10428,0.02979,74.125.68.0-255,5738,217000,54,221148
10429,0.029802,172.31.46.0-255,66,217066,54,221148
10430,0.029899,172.31.46.0-255,172,217238,54,221148
10431,0.029928,172.31.46.0-255,1119,218357,54,221148
10432,0.029993,172.31.46.0-255,1514,219871,54,221148
10433,0.029995,172.31.46.0-255,1277,221148,54,221148
10434,0.0,172.217.194.0-255,153,153,54,270821
10435,1.5e-05,172.31.46.0-255,66,219,54,270821
10436,2.2e-05,172.217.194.0-255,1484,1703,54,270821
10437,2.6e-05,172.31.46.0-255,66,1769,54,270821
10438,3.1e-05,172.217.194.0-255,2902,4671,54,270821
10439,3.3e-05,172.31.46.0-255,66,4737,54,270821
10440,3.7e-05,172.217.194.0-255,2902,7639,54,270821
10441,4e-05,172.31.46.0-255,66,7705,54,270821
10442,6.2e-05,172.217.194.0-255,4320,12025,54,270821
10443,6.4e-05,172.31.46.0-255,66,12091,54,270821
10444,6.9e-05,172.217.194.0-255,2067,14158,54,270821
10445,7e-05,172.31.46.0-255,66,14224,54,270821
10446,8.5e-05,172.217.194.0-255,7156,21380,54,270821
10447,8.7e-05,172.31.46.0-255,66,21446,54,270821
10448,0.000109,172.217.194.0-255,4320,25766,54,270821
10449,0.000111,172.31.46.0-255,66,25832,54,270821
10450,0.000117,172.217.194.0-255,5379,31211,54,270821
10451,0.000119,172.31.46.0-255,66,31277,54,270821
10452,0.000198,172.217.194.0-255,1484,32761,54,270821
10453,0.0002,172.31.46.0-255,66,32827,54,270821
10454,0.000206,172.217.194.0-255,2902,35729,54,270821
10455,0.000208,172.31.46.0-255,66,35795,54,270821
10456,0.000244,172.217.194.0-255,5738,41533,54,270821
10457,0.000246,172.31.46.0-255,66,41599,54,270821
10458,0.000261,172.217.194.0-255,4320,45919,54,270821
10459,0.000263,172.31.46.0-255,66,45985,54,270821
10460,0.000288,172.31.46.0-255,66,46051,54,270821
10461,0.000291,172.217.194.0-255,1484,47535,54,270821
10462,0.000292,172.31.46.0-255,66,47601,54,270821
10463,0.000337,172.217.194.0-255,7156,54757,54,270821
10464,0.000339,172.31.46.0-255,66,54823,54,270821
10465,0.000348,172.217.194.0-255,1414,56237,54,270821
10466,0.000351,172.217.194.0-255,98,56335,54,270821
10467,0.000419,172.217.194.0-255,1484,57819,54,270821
10468,0.000422,172.31.46.0-255,66,57885,54,270821
10469,0.000426,172.217.194.0-255,2902,60787,54,270821
10470,0.000428,172.31.46.0-255,66,60853,54,270821
10471,0.00043,172.217.194.0-255,1484,62337,54,270821
10472,0.000443,172.217.194.0-255,4320,66657,54,270821
10473,0.000445,172.31.46.0-255,66,66723,54,270821
10474,0.000455,172.217.194.0-255,1484,68207,54,270821
10475,0.000466,172.217.194.0-255,2902,71109,54,270821
10476,0.000468,172.31.46.0-255,66,71175,54,270821
10477,0.000505,172.217.194.0-255,2902,74077,54,270821
10478,0.000507,172.31.46.0-255,66,74143,54,270821
10479,0.000531,172.217.194.0-255,5379,79522,54,270821
10480,0.000534,172.31.46.0-255,66,79588,54,270821
10481,0.000543,172.31.46.0-255,66,79654,54,270821
10482,0.000566,172.217.194.0-255,2843,82497,54,270821
10483,0.000568,172.31.46.0-255,66,82563,54,270821
10484,0.000851,172.217.194.0-255,1484,84047,54,270821
10485,0.000868,172.217.194.0-255,2902,86949,54,270821
10486,0.000871,172.31.46.0-255,66,87015,54,270821
10487,0.000877,172.217.194.0-255,5738,92753,54,270821
10488,0.000879,172.31.46.0-255,66,92819,54,270821
10489,0.000915,172.31.46.0-255,66,92885,54,270821
10490,0.000956,172.217.194.0-255,5738,98623,54,270821
10491,0.000959,172.31.46.0-255,66,98689,54,270821
10492,0.000981,172.217.194.0-255,4470,103159,54,270821
10493,0.000983,172.31.46.0-255,66,103225,54,270821
10494,0.001053,172.217.194.0-255,1484,104709,54,270821
10495,0.001057,172.217.194.0-255,2902,107611,54,270821
10496,0.001059,172.31.46.0-255,66,107677,54,270821
10497,0.001083,172.217.194.0-255,5738,113415,54,270821
10498,0.001085,172.31.46.0-255,66,113481,54,270821
10499,0.001088,172.217.194.0-255,1484,114965,54,270821
10500,0.001115,172.31.46.0-255,66,115031,54,270821
10501,0.001156,172.217.194.0-255,2902,117933,54,270821
10502,0.001159,172.31.46.0-255,66,117999,54,270821
10503,0.001172,172.217.194.0-255,5738,123737,54,270821
10504,0.001175,172.31.46.0-255,66,123803,54,270821
10505,0.001196,172.217.194.0-255,2184,125987,54,270821
10506,0.001198,172.31.46.0-255,66,126053,54,270821
10507,0.001625,172.217.194.0-255,1484,127537,54,270821
10508,0.00163,172.217.194.0-255,2902,130439,54,270821
10509,0.001633,172.31.46.0-255,66,130505,54,270821
10510,0.001655,172.217.194.0-255,5738,136243,54,270821
10511,0.001657,172.31.46.0-255,66,136309,54,270821
10512,0.001662,172.217.194.0-255,4320,140629,54,270821
10513,0.001664,172.31.46.0-255,66,140695,54,270821
10514,0.001687,172.31.46.0-255,66,140761,54,270821
10515,0.001729,172.217.194.0-255,4320,145081,54,270821
10516,0.001732,172.31.46.0-255,66,145147,54,270821
10517,0.001751,172.217.194.0-255,5738,150885,54,270821
10518,0.001753,172.31.46.0-255,66,150951,54,270821
10519,0.001769,172.217.194.0-255,766,151717,54,270821
10520,0.001787,172.217.194.0-255,4320,156037,54,270821
10521,0.001789,172.31.46.0-255,66,156103,54,270821
10522,0.001815,172.31.46.0-255,66,156169,54,270821
10523,0.001867,172.217.194.0-255,4320,160489,54,270821
10524,0.001869,172.31.46.0-255,66,160555,54,270821
10525,0.001892,172.31.46.0-255,66,160621,54,270821
10526,0.001897,172.217.194.0-255,2902,163523,54,270821
10527,0.001898,172.31.46.0-255,66,163589,54,270821
10528,0.001913,172.217.194.0-255,5020,168609,54,270821
10529,0.001915,172.31.46.0-255,66,168675,54,270821
10530,0.001946,172.31.46.0-255,66,168741,54,270821
10531,0.001984,172.31.46.0-255,66,168807,54,270821
10532,0.002046,172.217.194.0-255,5738,174545,54,270821
10533,0.002049,172.31.46.0-255,66,174611,54,270821
10534,0.002073,172.217.194.0-255,6438,181049,54,270821
10535,0.002075,172.31.46.0-255,66,181115,54,270821
10536,0.00211,172.31.46.0-255,66,181181,54,270821
10537,0.002129,172.217.194.0-255,4320,185501,54,270821
10538,0.002131,172.31.46.0-255,66,185567,54,270821
10539,0.002167,172.217.194.0-255,4320,189887,54,270821
10540,0.00217,172.31.46.0-255,66,189953,54,270821
10541,0.002204,172.31.46.0-255,66,190019,54,270821
10542,0.00222,172.217.194.0-255,766,190785,54,270821
10543,0.002299,172.217.194.0-255,5738,196523,54,270821
10544,0.002302,172.31.46.0-255,66,196589,54,270821
10545,0.002334,172.31.46.0-255,66,196655,54,270821
10546,0.002389,172.217.194.0-255,5738,202393,54,270821
10547,0.002393,172.31.46.0-255,66,202459,54,270821
10548,0.002419,172.31.46.0-255,66,202525,54,270821
10549,0.004574,172.217.194.0-255,5738,208263,54,270821
10550,0.004581,172.31.46.0-255,66,208329,54,270821
10551,0.006711,172.217.194.0-255,4320,212649,54,270821
10552,0.006714,172.31.46.0-255,66,212715,54,270821
10553,0.006726,172.217.194.0-255,1484,214199,54,270821
10554,0.008807,172.217.194.0-255,4320,218519,54,270821
10555,0.008812,172.31.46.0-255,66,218585,54,270821
10556,0.010914,172.217.194.0-255,5738,224323,54,270821
10557,0.01092,172.31.46.0-255,66,224389,54,270821
10558,0.013034,172.217.194.0-255,5738,230127,54,270821
10559,0.01304,172.31.46.0-255,66,230193,54,270821
10560,0.015153,172.217.194.0-255,5738,235931,54,270821
10561,0.015161,172.31.46.0-255,66,235997,54,270821
10562,0.017267,172.217.194.0-255,5738,241735,54,270821
10563,0.017274,172.31.46.0-255,66,241801,54,270821
10564,0.019387,172.217.194.0-255,5738,247539,54,270821
10565,0.019392,172.31.46.0-255,66,247605,54,270821
10566,0.021496,172.217.194.0-255,5738,253343,54,270821
10567,0.021502,172.31.46.0-255,66,253409,54,270821
10568,0.023621,172.217.194.0-255,5738,259147,54,270821
10569,0.023628,172.31.46.0-255,66,259213,54,270821
10570,0.025782,172.217.194.0-255,5738,264951,54,270821
10571,0.02579,172.31.46.0-255,66,265017,54,270821
10572,0.027912,172.217.194.0-255,5738,270755,54,270821
10573,0.02792,172.31.46.0-255,66,270821,54,270821
10574,0.0,74.125.24.0-255,153,153,54,150907
10575,2.1e-05,172.31.46.0-255,66,219,54,150907
10576,2.9e-05,74.125.24.0-255,1484,1703,54,150907
10577,3.4e-05,172.31.46.0-255,66,1769,54,150907
10578,4e-05,74.125.24.0-255,2902,4671,54,150907
10579,5.2e-05,172.31.46.0-255,66,4737,54,150907
10580,6.1e-05,74.125.24.0-255,7156,11893,54,150907
10581,6.4e-05,172.31.46.0-255,66,11959,54,150907
10582,0.000103,74.125.24.0-255,1973,13932,54,150907
10583,0.000106,172.31.46.0-255,66,13998,54,150907
10584,0.000157,74.125.24.0-255,1484,15482,54,150907
10585,0.000159,172.31.46.0-255,66,15548,54,150907
10586,0.000164,74.125.24.0-255,2902,18450,54,150907
10587,0.000167,172.31.46.0-255,66,18516,54,150907
10588,0.000184,74.125.24.0-255,1484,20000,54,150907
10589,0.000192,172.31.46.0-255,66,20066,54,150907
10590,0.000219,74.125.24.0-255,4320,24386,54,150907
10591,0.000222,172.31.46.0-255,66,24452,54,150907
10592,0.000262,172.31.46.0-255,66,24518,54,150907
10593,0.000268,74.125.24.0-255,4320,28838,54,150907
10594,0.00027,172.31.46.0-255,66,28904,54,150907
10595,0.000293,74.125.24.0-255,5738,34642,54,150907
10596,0.0003,172.31.46.0-255,66,34708,54,150907
10597,0.000304,74.125.24.0-255,1484,36192,54,150907
10598,0.000305,172.31.46.0-255,66,36258,54,150907
10599,0.000337,74.125.24.0-255,2543,38801,54,150907
10600,0.000339,172.31.46.0-255,66,38867,54,150907
10601,0.00099,74.125.24.0-255,1484,40351,54,150907
10602,0.000996,172.31.46.0-255,66,40417,54,150907
10603,0.001005,74.125.24.0-255,2902,43319,54,150907
10604,0.001007,172.31.46.0-255,66,43385,54,150907
10605,0.001018,74.125.24.0-255,5738,49123,54,150907
10606,0.00102,172.31.46.0-255,66,49189,54,150907
10607,0.001068,172.31.46.0-255,66,49255,54,150907
10608,0.002164,74.125.24.0-255,1484,50739,54,150907
10609,0.002171,74.125.24.0-255,1484,52223,54,150907
10610,0.002174,172.31.46.0-255,66,52289,54,150907
10611,0.0022,74.125.24.0-255,1484,53773,54,150907
10612,0.002206,74.125.24.0-255,5738,59511,54,150907
10613,0.002208,172.31.46.0-255,66,59577,54,150907
10614,0.002212,74.125.24.0-255,2902,62479,54,150907
10615,0.002213,172.31.46.0-255,66,62545,54,150907
10616,0.002239,172.31.46.0-255,66,62611,54,150907
10617,0.002281,74.125.24.0-255,7156,69767,54,150907
10618,0.002283,172.31.46.0-255,66,69833,54,150907
10619,0.002306,74.125.24.0-255,3602,73435,54,150907
10620,0.002308,172.31.46.0-255,66,73501,54,150907
10621,0.00457,74.125.24.0-255,4320,77821,54,150907
10622,0.004575,172.31.46.0-255,66,77887,54,150907
10623,0.004597,74.125.24.0-255,1484,79371,54,150907
10624,0.006834,74.125.24.0-255,4320,83691,54,150907
10625,0.006841,172.31.46.0-255,66,83757,54,150907
10626,0.009159,74.125.24.0-255,5738,89495,54,150907
10627,0.009169,172.31.46.0-255,66,89561,54,150907
10628,0.011471,74.125.24.0-255,5738,95299,54,150907
10629,0.011479,172.31.46.0-255,66,95365,54,150907
10630,0.013773,74.125.24.0-255,5738,101103,54,150907
10631,0.013782,172.31.46.0-255,66,101169,54,150907
10632,0.016102,74.125.24.0-255,5738,106907,54,150907
10633,0.016113,172.31.46.0-255,66,106973,54,150907
10634,0.018424,74.125.24.0-255,5738,112711,54,150907
10635,0.018434,172.31.46.0-255,66,112777,54,150907
10636,0.020723,74.125.24.0-255,5738,118515,54,150907
10637,0.020732,172.31.46.0-255,66,118581,54,150907
10638,0.023024,74.125.24.0-255,5738,124319,54,150907
10639,0.023032,172.31.46.0-255,66,124385,54,150907
10640,0.025347,74.125.24.0-255,5738,130123,54,150907
10641,0.025357,172.31.46.0-255,66,130189,54,150907
10642,0.027658,74.125.24.0-255,5738,135927,54,150907
10643,0.027665,172.31.46.0-255,66,135993,54,150907
10644,0.028148,172.31.46.0-255,244,136237,54,150907
10645,0.028178,172.31.46.0-255,1114,137351,54,150907
10646,0.028244,172.31.46.0-255,1514,138865,54,150907
10647,0.028246,172.31.46.0-255,1514,140379,54,150907
10648,0.028268,172.31.46.0-255,1514,141893,54,150907
10649,0.02827,172.31.46.0-255,1514,143407,54,150907
10650,0.028273,172.31.46.0-255,1498,144905,54,150907
10651,0.029672,104.244.42.0-255,66,144971,54,150907
10652,0.029698,104.244.42.0-255,66,145037,54,150907
10653,0.029812,104.244.42.0-255,66,145103,54,150907
10654,0.029951,74.125.24.0-255,5738,150841,54,150907
10655,0.029956,172.31.46.0-255,66,150907,54,150907
10656,0.0,74.125.24.0-255,150,150,54,189843
10657,2.2e-05,172.31.46.0-255,66,216,54,189843
10658,2.8e-05,74.125.24.0-255,1484,1700,54,189843
10659,3.3e-05,172.31.46.0-255,66,1766,54,189843
10660,5e-05,74.125.24.0-255,2902,4668,54,189843
10661,5.3e-05,172.31.46.0-255,66,4734,54,189843
10662,6e-05,74.125.24.0-255,7156,11890,54,189843
10663,6.2e-05,172.31.46.0-255,66,11956,54,189843
10664,8e-05,74.125.24.0-255,1974,13930,54,189843
10665,8.2e-05,172.31.46.0-255,66,13996,54,189843
10666,0.000114,74.125.24.0-255,2902,16898,54,189843
10667,0.000116,172.31.46.0-255,66,16964,54,189843
10668,0.000119,74.125.24.0-255,1484,18448,54,189843
10669,0.000121,172.31.46.0-255,66,18514,54,189843
10670,0.000139,74.125.24.0-255,5738,24252,54,189843
10671,0.000141,172.31.46.0-255,66,24318,54,189843
10672,0.000146,74.125.24.0-255,4320,28638,54,189843
10673,0.000148,172.31.46.0-255,66,28704,54,189843
10674,0.000186,74.125.24.0-255,2543,31247,54,189843
10675,0.000189,172.31.46.0-255,66,31313,54,189843
10676,0.000258,74.125.24.0-255,1484,32797,54,189843
10677,0.000261,172.31.46.0-255,66,32863,54,189843
10678,0.000266,74.125.24.0-255,2902,35765,54,189843
10679,0.000268,172.31.46.0-255,66,35831,54,189843
10680,0.000271,74.125.24.0-255,1484,37315,54,189843
10681,0.000273,172.31.46.0-255,66,37381,54,189843
10682,0.000299,74.125.24.0-255,4320,41701,54,189843
10683,0.000302,172.31.46.0-255,66,41767,54,189843
10684,0.000307,74.125.24.0-255,4320,46087,54,189843
10685,0.000308,172.31.46.0-255,66,46153,54,189843
10686,0.000313,74.125.24.0-255,4320,50473,54,189843
10687,0.000315,172.31.46.0-255,66,50539,54,189843
10688,0.000347,172.31.46.0-255,66,50605,54,189843
10689,0.000353,74.125.24.0-255,6797,57402,54,189843
10690,0.000355,172.31.46.0-255,66,57468,54,189843
10691,0.000374,74.125.24.0-255,404,57872,54,189843
10692,0.000457,74.125.24.0-255,111,57983,54,189843
10693,0.000473,74.125.24.0-255,328,58311,54,189843
10694,0.000678,74.125.24.0-255,1484,59795,54,189843
10695,0.000682,172.31.46.0-255,66,59861,54,189843
10696,0.000688,74.125.24.0-255,2902,62763,54,189843
10697,0.00069,172.31.46.0-255,66,62829,54,189843
10698,0.000695,74.125.24.0-255,4320,67149,54,189843
10699,0.000697,172.31.46.0-255,66,67215,54,189843
10700,0.000724,172.31.46.0-255,66,67281,54,189843
10701,0.000741,74.125.24.0-255,1484,68765,54,189843
10702,0.000775,172.31.46.0-255,66,68831,54,189843
10703,0.001091,74.125.24.0-255,1484,70315,54,189843
10704,0.001118,74.125.24.0-255,2902,73217,54,189843
10705,0.001124,74.125.24.0-255,5738,78955,54,189843
10706,0.001129,74.125.24.0-255,4320,83275,54,189843
10707,0.001134,172.31.46.0-255,66,83341,54,189843
10708,0.001138,172.31.46.0-255,66,83407,54,189843
10709,0.00114,172.31.46.0-255,66,83473,54,189843
10710,0.001156,172.31.46.0-255,66,83539,54,189843
10711,0.001161,74.125.24.0-255,4320,87859,54,189843
10712,0.001162,172.31.46.0-255,66,87925,54,189843
10713,0.001191,74.125.24.0-255,6438,94363,54,189843
10714,0.001194,172.31.46.0-255,66,94429,54,189843
10715,0.001201,74.125.24.0-255,7156,101585,54,189843
10716,0.001202,172.31.46.0-255,66,101651,54,189843
10717,0.001206,74.125.24.0-255,1484,103135,54,189843
10718,0.001234,74.125.24.0-255,7156,110291,54,189843
10719,0.001238,172.31.46.0-255,66,110357,54,189843
10720,0.001244,74.125.24.0-255,7156,117513,54,189843
10721,0.001246,172.31.46.0-255,66,117579,54,189843
10722,0.001267,172.31.46.0-255,66,117645,54,189843
10723,0.00127,74.125.24.0-255,766,118411,54,189843
10724,0.001301,74.125.24.0-255,7156,125567,54,189843
10725,0.001304,172.31.46.0-255,66,125633,54,189843
10726,0.001324,74.125.24.0-255,5738,131371,54,189843
10727,0.001327,172.31.46.0-255,66,131437,54,189843
10728,0.001348,74.125.24.0-255,2902,134339,54,189843
10729,0.00135,172.31.46.0-255,66,134405,54,189843
10730,0.00136,172.31.46.0-255,66,134471,54,189843
10731,0.001379,172.31.46.0-255,66,134537,54,189843
10732,0.00139,74.125.24.0-255,766,135303,54,189843
10733,0.002481,172.31.46.0-255,66,135369,54,189843
10734,0.002566,74.125.24.0-255,1484,136853,54,189843
10735,0.002574,74.125.24.0-255,2902,139755,54,189843
10736,0.002577,172.31.46.0-255,66,139821,54,189843
10737,0.002581,74.125.24.0-255,1484,141305,54,189843
10738,0.002585,74.125.24.0-255,1484,142789,54,189843
10739,0.002586,172.31.46.0-255,66,142855,54,189843
10740,0.00261,74.125.24.0-255,7156,150011,54,189843
10741,0.002613,172.31.46.0-255,66,150077,54,189843
10742,0.002628,172.31.46.0-255,66,150143,54,189843
10743,0.002659,74.125.24.0-255,2902,153045,54,189843
10744,0.002662,172.31.46.0-255,66,153111,54,189843
10745,0.002674,74.125.24.0-255,3602,156713,54,189843
10746,0.002676,172.31.46.0-255,66,156779,54,189843
10747,0.00281,74.125.24.0-255,1484,158263,54,189843
10748,0.002816,74.125.24.0-255,2902,161165,54,189843
10749,0.002818,172.31.46.0-255,66,161231,54,189843
10750,0.002824,74.125.24.0-255,5738,166969,54,189843
10751,0.002826,172.31.46.0-255,66,167035,54,189843
10752,0.002874,172.31.46.0-255,66,167101,54,189843
10753,0.002885,172.31.46.0-255,66,167167,54,189843
10754,0.002928,172.31.46.0-255,66,167233,54,189843
10755,0.002931,74.125.24.0-255,1484,168717,54,189843
10756,0.002954,172.31.46.0-255,66,168783,54,189843
10757,0.002984,74.125.24.0-255,1484,170267,54,189843
10758,0.003005,172.31.46.0-255,66,170333,54,189843
10759,0.003018,172.31.46.0-255,66,170399,54,189843
10760,0.003029,172.31.46.0-255,66,170465,54,189843
10761,0.00307,74.125.24.0-255,5738,176203,54,189843
10762,0.003073,172.31.46.0-255,66,176269,54,189843
10763,0.003101,172.31.46.0-255,66,176335,54,189843
10764,0.003116,172.31.46.0-255,66,176401,54,189843
10765,0.003127,172.31.46.0-255,66,176467,54,189843
10766,0.003143,74.125.24.0-255,2184,178651,54,189843
10767,0.003145,172.31.46.0-255,66,178717,54,189843
10768,0.003158,172.31.46.0-255,66,178783,54,189843
10769,0.003191,172.31.46.0-255,66,178849,54,189843
10770,0.003218,172.31.46.0-255,66,178915,54,189843
10771,0.003237,74.125.24.0-255,2184,181099,54,189843
10772,0.00324,172.31.46.0-255,66,181165,54,189843
10773,0.003244,74.125.24.0-255,2902,184067,54,189843
10774,0.003246,172.31.46.0-255,66,184133,54,189843
10775,0.003268,74.125.24.0-255,1484,185617,54,189843
10776,0.003281,74.125.24.0-255,3818,189435,54,189843
10777,0.003283,172.31.46.0-255,66,189501,54,189843
10778,0.003317,74.125.24.0-255,105,189606,54,189843
10779,0.004628,172.31.46.0-255,66,189672,54,189843
10780,0.00467,172.31.46.0-255,105,189777,54,189843
10781,0.006872,74.125.24.0-255,66,189843,54,189843
10782,0.0,172.217.160.0-255,145,145,54,146351
10783,1.8e-05,172.31.46.0-255,66,211,54,146351
10784,2.6e-05,172.217.160.0-255,1484,1695,54,146351
10785,3e-05,172.31.46.0-255,66,1761,54,146351
10786,4.2e-05,172.217.160.0-255,2902,4663,54,146351
10787,4.6e-05,172.31.46.0-255,66,4729,54,146351
10788,5.2e-05,172.217.160.0-255,4320,9049,54,146351
10789,5.4e-05,172.31.46.0-255,66,9115,54,146351
10790,6e-05,172.217.160.0-255,4320,13435,54,146351
10791,6.4e-05,172.31.46.0-255,66,13501,54,146351
10792,9.2e-05,172.217.160.0-255,586,14087,54,146351
10793,9.5e-05,172.31.46.0-255,66,14153,54,146351
10794,0.000104,172.217.160.0-255,2902,17055,54,146351
10795,0.000107,172.31.46.0-255,66,17121,54,146351
10796,0.000114,172.217.160.0-255,5738,22859,54,146351
10797,0.000116,172.31.46.0-255,66,22925,54,146351
10798,0.000146,172.217.160.0-255,4320,27245,54,146351
10799,0.000149,172.31.46.0-255,66,27311,54,146351
10800,0.000154,172.217.160.0-255,3961,31272,54,146351
10801,0.000156,172.31.46.0-255,66,31338,54,146351
10802,0.000195,172.217.160.0-255,1484,32822,54,146351
10803,0.000198,172.31.46.0-255,66,32888,54,146351
10804,0.00021,172.217.160.0-255,2902,35790,54,146351
10805,0.000213,172.31.46.0-255,66,35856,54,146351
10806,0.000224,172.217.160.0-255,5738,41594,54,146351
10807,0.000226,172.31.46.0-255,66,41660,54,146351
10808,0.000229,172.217.160.0-255,1484,43144,54,146351
10809,0.000231,172.31.46.0-255,66,43210,54,146351
10810,0.000276,172.31.46.0-255,66,43276,54,146351
10811,0.000281,172.217.160.0-255,4320,47596,54,146351
10812,0.000283,172.31.46.0-255,66,47662,54,146351
10813,0.000294,172.217.160.0-255,5738,53400,54,146351
10814,0.000297,172.31.46.0-255,66,53466,54,146351
10815,0.000299,172.217.160.0-255,1073,54539,54,146351
10816,0.000998,172.217.160.0-255,102,54641,54,146351
10817,0.001086,172.31.46.0-255,66,54707,54,146351
10818,0.00118,172.217.160.0-255,1484,56191,54,146351
10819,0.001189,172.217.160.0-255,2902,59093,54,146351
10820,0.001192,172.31.46.0-255,66,59159,54,146351
10821,0.001246,172.217.160.0-255,5738,64897,54,146351
10822,0.00125,172.31.46.0-255,66,64963,54,146351
10823,0.001263,172.31.46.0-255,66,65029,54,146351
10824,0.001283,172.31.46.0-255,66,65095,54,146351
10825,0.003227,172.217.160.0-255,5738,70833,54,146351
10826,0.003238,172.31.46.0-255,66,70899,54,146351
10827,0.005173,172.217.160.0-255,5738,76637,54,146351
10828,0.005178,172.31.46.0-255,66,76703,54,146351
10829,0.007117,172.217.160.0-255,5738,82441,54,146351
10830,0.007124,172.31.46.0-255,66,82507,54,146351
10831,0.009088,172.217.160.0-255,5738,88245,54,146351
10832,0.009102,172.31.46.0-255,66,88311,54,146351
10833,0.01104,172.217.160.0-255,5738,94049,54,146351
10834,0.011047,172.31.46.0-255,66,94115,54,146351
10835,0.012994,172.217.160.0-255,5738,99853,54,146351
10836,0.013002,172.31.46.0-255,66,99919,54,146351
10837,0.014954,172.217.160.0-255,5738,105657,54,146351
10838,0.014966,172.31.46.0-255,66,105723,54,146351
10839,0.01691,172.217.160.0-255,5738,111461,54,146351
10840,0.016918,172.31.46.0-255,66,111527,54,146351
10841,0.018864,172.217.160.0-255,5738,117265,54,146351
10842,0.018878,172.31.46.0-255,66,117331,54,146351
10843,0.020824,172.217.160.0-255,5738,123069,54,146351
10844,0.020835,172.31.46.0-255,66,123135,54,146351
10845,0.022774,172.217.160.0-255,5738,128873,54,146351
10846,0.022783,172.31.46.0-255,66,128939,54,146351
10847,0.024734,172.217.160.0-255,5738,134677,54,146351
10848,0.024742,172.31.46.0-255,66,134743,54,146351
10849,0.026701,172.217.160.0-255,5738,140481,54,146351
10850,0.026714,172.31.46.0-255,66,140547,54,146351
10851,0.028667,172.217.160.0-255,5738,146285,54,146351
10852,0.028676,172.31.46.0-255,66,146351,54,146351
10853,0.0,74.125.24.0-255,146,146,54,228106
10854,1.8e-05,172.31.46.0-255,66,212,54,228106
10855,2.5e-05,74.125.24.0-255,1484,1696,54,228106
10856,2.9e-05,172.31.46.0-255,66,1762,54,228106
10857,3.4e-05,74.125.24.0-255,2902,4664,54,228106
10858,3.8e-05,172.31.46.0-255,66,4730,54,228106
10859,5.2e-05,74.125.24.0-255,7156,11886,54,228106
10860,5.5e-05,172.31.46.0-255,66,11952,54,228106
10861,7.6e-05,74.125.24.0-255,2054,14006,54,228106
10862,7.9e-05,172.31.46.0-255,66,14072,54,228106
10863,8.6e-05,74.125.24.0-255,1484,15556,54,228106
10864,8.8e-05,172.31.46.0-255,66,15622,54,228106
10865,0.000111,74.125.24.0-255,1484,17106,54,228106
10866,0.000113,172.31.46.0-255,66,17172,54,228106
10867,0.000124,74.125.24.0-255,7156,24328,54,228106
10868,0.000126,172.31.46.0-255,66,24394,54,228106
10869,0.000132,74.125.24.0-255,6797,31191,54,228106
10870,0.000134,172.31.46.0-255,66,31257,54,228106
10871,0.000235,74.125.24.0-255,1484,32741,54,228106
10872,0.000238,172.31.46.0-255,66,32807,54,228106
10873,0.000244,74.125.24.0-255,2902,35709,54,228106
10874,0.000245,172.31.46.0-255,66,35775,54,228106
10875,0.000251,74.125.24.0-255,4320,40095,54,228106
10876,0.000258,172.31.46.0-255,66,40161,54,228106
10877,0.000284,74.125.24.0-255,1484,41645,54,228106
10878,0.000286,172.31.46.0-255,66,41711,54,228106
10879,0.000303,172.31.46.0-255,66,41777,54,228106
10880,0.000333,74.125.24.0-255,5738,47515,54,228106
10881,0.000336,172.31.46.0-255,66,47581,54,228106
10882,0.000361,74.125.24.0-255,4297,51878,54,228106
10883,0.000363,172.31.46.0-255,66,51944,54,228106
10884,0.000442,74.125.24.0-255,109,52053,54,228106
10885,0.000545,74.125.24.0-255,1484,53537,54,228106
10886,0.000551,74.125.24.0-255,2902,56439,54,228106
10887,0.000555,74.125.24.0-255,2902,59341,54,228106
10888,0.000578,74.125.24.0-255,2902,62243,54,228106
10889,0.000585,74.125.24.0-255,6797,69040,54,228106
10890,0.000653,74.125.24.0-255,1484,70524,54,228106
10891,0.000657,74.125.24.0-255,2543,73067,54,228106
10892,0.000775,74.125.24.0-255,1484,74551,54,228106
10893,0.000781,74.125.24.0-255,2902,77453,54,228106
10894,0.000793,74.125.24.0-255,1484,78937,54,228106
10895,0.000808,74.125.24.0-255,4320,83257,54,228106
10896,0.000823,74.125.24.0-255,5738,88995,54,228106
10897,0.000845,74.125.24.0-255,7156,96151,54,228106
10898,0.000849,74.125.24.0-255,2902,99053,54,228106
10899,0.000861,74.125.24.0-255,5738,104791,54,228106
10900,0.000876,74.125.24.0-255,2184,106975,54,228106
10901,0.000887,172.31.46.0-255,66,107041,54,228106
10902,0.001046,74.125.24.0-255,1484,108525,54,228106
10903,0.001052,74.125.24.0-255,2902,111427,54,228106
10904,0.001055,74.125.24.0-255,2902,114329,54,228106
10905,0.001067,172.31.46.0-255,66,114395,54,228106
10906,0.001071,74.125.24.0-255,2902,117297,54,228106
10907,0.001075,172.31.46.0-255,66,117363,54,228106
10908,0.00116,172.31.46.0-255,66,117429,54,228106
10909,0.001475,74.125.24.0-255,1484,118913,54,228106
10910,0.001493,74.125.24.0-255,2902,121815,54,228106
10911,0.001496,172.31.46.0-255,66,121881,54,228106
10912,0.001503,74.125.24.0-255,5738,127619,54,228106
10913,0.001506,74.125.24.0-255,2902,130521,54,228106
10914,0.001522,172.31.46.0-255,66,130587,54,228106
10915,0.001535,74.125.24.0-255,4320,134907,54,228106
10916,0.001561,74.125.24.0-255,6438,141345,54,228106
10917,0.001567,172.31.46.0-255,66,141411,54,228106
10918,0.0016,74.125.24.0-255,1484,142895,54,228106
10919,0.001604,74.125.24.0-255,1484,144379,54,228106
10920,0.001609,172.31.46.0-255,66,144445,54,228106
10921,0.001619,74.125.24.0-255,1484,145929,54,228106
10922,0.001628,74.125.24.0-255,5738,151667,54,228106
10923,0.001639,74.125.24.0-255,1484,153151,54,228106
10924,0.001646,172.31.46.0-255,66,153217,54,228106
10925,0.001664,74.125.24.0-255,4320,157537,54,228106
10926,0.001669,172.31.46.0-255,66,157603,54,228106
10927,0.001688,74.125.24.0-255,6438,164041,54,228106
10928,0.001714,172.31.46.0-255,66,164107,54,228106
10929,0.001749,74.125.24.0-255,1484,165591,54,228106
10930,0.001754,74.125.24.0-255,2902,168493,54,228106
10931,0.001756,74.125.24.0-255,1484,169977,54,228106
10932,0.001762,172.31.46.0-255,66,170043,54,228106
10933,0.001785,74.125.24.0-255,4320,174363,54,228106
10934,0.001804,172.31.46.0-255,66,174429,54,228106
10935,0.001814,74.125.24.0-255,4320,178749,54,228106
10936,0.001855,172.31.46.0-255,66,178815,54,228106
10937,0.001922,74.125.24.0-255,1484,180299,54,228106
10938,0.001941,74.125.24.0-255,2902,183201,54,228106
10939,0.001946,74.125.24.0-255,4320,187521,54,228106
10940,0.001958,74.125.24.0-255,1484,189005,54,228106
10941,0.001963,172.31.46.0-255,66,189071,54,228106
10942,0.001993,74.125.24.0-255,5738,194809,54,228106
10943,0.002006,74.125.24.0-255,1484,196293,54,228106
10944,0.002023,74.125.24.0-255,3602,199895,54,228106
10945,0.002029,74.125.24.0-255,5738,205633,54,228106
10946,0.002039,172.31.46.0-255,66,205699,54,228106
10947,0.002041,74.125.24.0-255,1484,207183,54,228106
10948,0.002083,172.31.46.0-255,66,207249,54,228106
10949,0.002093,74.125.24.0-255,6438,213687,54,228106
10950,0.002126,74.125.24.0-255,4320,218007,54,228106
10951,0.002175,172.31.46.0-255,66,218073,54,228106
10952,0.002249,172.31.46.0-255,66,218139,54,228106
10953,0.002272,74.125.24.0-255,5738,223877,54,228106
10954,0.002286,74.125.24.0-255,3821,227698,54,228106
10955,0.002298,172.31.46.0-255,66,227764,54,228106
10956,0.002319,74.125.24.0-255,105,227869,54,228106
10957,0.004251,172.31.46.0-255,66,227935,54,228106
10958,0.004282,172.31.46.0-255,105,228040,54,228106
10959,0.006794,74.125.24.0-255,66,228106,54,228106
10960,0.0,172.217.24.0-255,152,152,54,170814
10961,1.8e-05,172.31.46.0-255,66,218,54,170814
10962,2.5e-05,172.217.24.0-255,1484,1702,54,170814
10963,2.9e-05,172.31.46.0-255,66,1768,54,170814
10964,3.5e-05,172.217.24.0-255,2902,4670,54,170814
10965,3.7e-05,172.31.46.0-255,66,4736,54,170814
10966,4.5e-05,172.217.24.0-255,7156,11892,54,170814
10967,4.9e-05,172.31.46.0-255,66,11958,54,170814
10968,5.3e-05,172.217.24.0-255,2010,13968,54,170814
10969,5.6e-05,172.31.46.0-255,66,14034,54,170814
10970,0.000185,172.217.24.0-255,1484,15518,54,170814
10971,0.000189,172.31.46.0-255,66,15584,54,170814
10972,0.000195,172.217.24.0-255,2902,18486,54,170814
10973,0.000197,172.31.46.0-255,66,18552,54,170814
10974,0.000229,172.217.24.0-255,4320,22872,54,170814
10975,0.000233,172.31.46.0-255,66,22938,54,170814
10976,0.00024,172.217.24.0-255,5738,28676,54,170814
10977,0.000243,172.31.46.0-255,66,28742,54,170814
10978,0.000257,172.217.24.0-255,2543,31285,54,170814
10979,0.000259,172.31.46.0-255,66,31351,54,170814
10980,0.000312,172.217.24.0-255,1484,32835,54,170814
10981,0.000315,172.31.46.0-255,66,32901,54,170814
10982,0.00032,172.217.24.0-255,2902,35803,54,170814
10983,0.000323,172.31.46.0-255,66,35869,54,170814
10984,0.000328,172.217.24.0-255,2902,38771,54,170814
10985,0.00033,172.31.46.0-255,66,38837,54,170814
10986,0.000353,172.217.24.0-255,2902,41739,54,170814
10987,0.000356,172.31.46.0-255,66,41805,54,170814
10988,0.000363,172.217.24.0-255,6797,48602,54,170814
10989,0.000365,172.31.46.0-255,66,48668,54,170814
10990,0.000653,172.217.24.0-255,1484,50152,54,170814
10991,0.000658,172.31.46.0-255,66,50218,54,170814
10992,0.000664,172.217.24.0-255,2902,53120,54,170814
10993,0.000666,172.31.46.0-255,66,53186,54,170814
10994,0.000669,172.217.24.0-255,1484,54670,54,170814
10995,0.000685,172.217.24.0-255,4320,58990,54,170814
10996,0.000687,172.31.46.0-255,66,59056,54,170814
10997,0.00072,172.217.24.0-255,7128,66184,54,170814
10998,0.000723,172.31.46.0-255,66,66250,54,170814
10999,0.001488,172.217.24.0-255,348,66598,54,170814
11000,0.001644,172.217.24.0-255,1484,68082,54,170814
11001,0.00165,172.31.46.0-255,66,68148,54,170814
11002,0.001656,172.217.24.0-255,2902,71050,54,170814
11003,0.001658,172.31.46.0-255,66,71116,54,170814
11004,0.001663,172.217.24.0-255,4320,75436,54,170814
11005,0.001665,172.31.46.0-255,66,75502,54,170814
11006,0.001685,172.217.24.0-255,1484,76986,54,170814
11007,0.001693,172.217.24.0-255,6797,83783,54,170814
11008,0.001695,172.31.46.0-255,66,83849,54,170814
11009,0.0017,172.217.24.0-255,4320,88169,54,170814
11010,0.001701,172.31.46.0-255,66,88235,54,170814
11011,0.001738,172.31.46.0-255,66,88301,54,170814
11012,0.001742,172.217.24.0-255,2543,90844,54,170814
11013,0.001743,172.31.46.0-255,66,90910,54,170814
11014,0.003647,172.217.24.0-255,5738,96648,54,170814
11015,0.00365,172.31.46.0-255,66,96714,54,170814
11016,0.005564,172.217.24.0-255,4320,101034,54,170814
11017,0.005568,172.31.46.0-255,66,101100,54,170814
11018,0.005584,172.217.24.0-255,1484,102584,54,170814
11019,0.007492,172.217.24.0-255,4320,106904,54,170814
11020,0.007502,172.31.46.0-255,66,106970,54,170814
11021,0.009438,172.217.24.0-255,5738,112708,54,170814
11022,0.00945,172.31.46.0-255,66,112774,54,170814
11023,0.011405,172.217.24.0-255,5738,118512,54,170814
11024,0.011418,172.31.46.0-255,66,118578,54,170814
11025,0.013354,172.217.24.0-255,5738,124316,54,170814
11026,0.013369,172.31.46.0-255,66,124382,54,170814
11027,0.015308,172.217.24.0-255,5738,130120,54,170814
11028,0.01532,172.31.46.0-255,66,130186,54,170814
11029,0.017252,172.217.24.0-255,5738,135924,54,170814
11030,0.017265,172.31.46.0-255,66,135990,54,170814
11031,0.019219,172.217.24.0-255,5738,141728,54,170814
11032,0.019233,172.31.46.0-255,66,141794,54,170814
11033,0.021165,172.217.24.0-255,5738,147532,54,170814
11034,0.021173,172.31.46.0-255,66,147598,54,170814
11035,0.02311,172.217.24.0-255,5738,153336,54,170814
11036,0.023123,172.31.46.0-255,66,153402,54,170814
11037,0.025049,172.217.24.0-255,5738,159140,54,170814
11038,0.025062,172.31.46.0-255,66,159206,54,170814
11039,0.026994,172.217.24.0-255,5738,164944,54,170814
11040,0.027005,172.31.46.0-255,66,165010,54,170814
11041,0.028944,172.217.24.0-255,5738,170748,54,170814
11042,0.028957,172.31.46.0-255,66,170814,54,170814
11043,0.0,74.125.24.0-255,146,146,54,131678
11044,1.6e-05,172.31.46.0-255,66,212,54,131678
11045,2.3e-05,74.125.24.0-255,1484,1696,54,131678
11046,2.8e-05,172.31.46.0-255,66,1762,54,131678
11047,4.1e-05,74.125.24.0-255,2902,4664,54,131678
11048,4.5e-05,172.31.46.0-255,66,4730,54,131678
11049,5.2e-05,74.125.24.0-255,7156,11886,54,131678
11050,5.5e-05,172.31.46.0-255,66,11952,54,131678
11051,5.9e-05,74.125.24.0-255,2097,14049,54,131678
11052,6.2e-05,172.31.46.0-255,66,14115,54,131678
11053,0.000827,74.125.24.0-255,1484,15599,54,131678
11054,0.000834,172.31.46.0-255,66,15665,54,131678
11055,0.000844,74.125.24.0-255,2902,18567,54,131678
11056,0.000846,172.31.46.0-255,66,18633,54,131678
11057,0.000859,74.125.24.0-255,5738,24371,54,131678
11058,0.000862,172.31.46.0-255,66,24437,54,131678
11059,0.00087,74.125.24.0-255,6797,31234,54,131678
11060,0.000873,172.31.46.0-255,66,31300,54,131678
11061,0.000918,172.31.46.0-255,66,31366,54,131678
11062,0.000921,74.125.24.0-255,1484,32850,54,131678
11063,0.000923,172.31.46.0-255,66,32916,54,131678
11064,0.000982,172.31.46.0-255,66,32982,54,131678
11065,0.000988,74.125.24.0-255,3602,36584,54,131678
11066,0.00099,172.31.46.0-255,66,36650,54,131678
11067,0.001826,74.125.24.0-255,646,37296,54,131678
11068,0.001833,172.31.46.0-255,66,37362,54,131678
11069,0.001967,74.125.24.0-255,1484,38846,54,131678
11070,0.00197,172.31.46.0-255,66,38912,54,131678
11071,0.001975,74.125.24.0-255,2902,41814,54,131678
11072,0.001978,172.31.46.0-255,66,41880,54,131678
11073,0.001988,74.125.24.0-255,5738,47618,54,131678
11074,0.001991,172.31.46.0-255,66,47684,54,131678
11075,0.002036,172.31.46.0-255,66,47750,54,131678
11076,0.002044,74.125.24.0-255,7156,54906,54,131678
11077,0.002046,172.31.46.0-255,66,54972,54,131678
11078,0.002069,74.125.24.0-255,3602,58574,54,131678
11079,0.002076,172.31.46.0-255,66,58640,54,131678
11080,0.004279,74.125.24.0-255,1484,60124,54,131678
11081,0.004309,74.125.24.0-255,4320,64444,54,131678
11082,0.004315,172.31.46.0-255,66,64510,54,131678
11083,0.006547,74.125.24.0-255,5738,70248,54,131678
11084,0.006554,172.31.46.0-255,66,70314,54,131678
11085,0.008837,74.125.24.0-255,5738,76052,54,131678
11086,0.008844,172.31.46.0-255,66,76118,54,131678
11087,0.011111,74.125.24.0-255,5738,81856,54,131678
11088,0.011118,172.31.46.0-255,66,81922,54,131678
11089,0.013346,74.125.24.0-255,5738,87660,54,131678
11090,0.013353,172.31.46.0-255,66,87726,54,131678
11091,0.015634,74.125.24.0-255,5738,93464,54,131678
11092,0.015642,172.31.46.0-255,66,93530,54,131678
11093,0.0179,74.125.24.0-255,5738,99268,54,131678
11094,0.017914,172.31.46.0-255,66,99334,54,131678
11095,0.020144,74.125.24.0-255,5738,105072,54,131678
11096,0.020152,172.31.46.0-255,66,105138,54,131678
11097,0.022403,74.125.24.0-255,5738,110876,54,131678
11098,0.022411,172.31.46.0-255,66,110942,54,131678
11099,0.024264,172.31.46.0-255,172,111114,54,131678
11100,0.024298,172.31.46.0-255,1119,112233,54,131678
11101,0.02436,172.31.46.0-255,1514,113747,54,131678
11102,0.024362,172.31.46.0-255,321,114068,54,131678
11103,0.024679,74.125.24.0-255,5738,119806,54,131678
11104,0.024686,172.31.46.0-255,66,119872,54,131678
11105,0.025865,104.244.42.0-255,66,119938,54,131678
11106,0.025904,104.244.42.0-255,66,120004,54,131678
11107,0.025931,104.244.42.0-255,66,120070,54,131678
11108,0.026943,74.125.24.0-255,5738,125808,54,131678
11109,0.026949,172.31.46.0-255,66,125874,54,131678
11110,0.029272,74.125.24.0-255,5738,131612,54,131678
11111,0.029279,172.31.46.0-255,66,131678,54,131678
11112,0.0,74.125.130.0-255,150,150,54,236790
11113,1.5e-05,172.31.46.0-255,66,216,54,236790
11114,2.1e-05,74.125.130.0-255,1484,1700,54,236790
11115,2.6e-05,172.31.46.0-255,66,1766,54,236790
11116,5.6e-05,74.125.130.0-255,2902,4668,54,236790
11117,5.9e-05,172.31.46.0-255,66,4734,54,236790
11118,8.1e-05,74.125.130.0-255,4320,9054,54,236790
11119,8.5e-05,172.31.46.0-255,66,9120,54,236790
11120,8.9e-05,74.125.130.0-255,2902,12022,54,236790
11121,9.2e-05,172.31.46.0-255,66,12088,54,236790
11122,0.000114,74.125.130.0-255,1484,13572,54,236790
11123,0.000116,172.31.46.0-255,66,13638,54,236790
11124,0.000131,74.125.130.0-255,556,14194,54,236790
11125,0.000134,172.31.46.0-255,66,14260,54,236790
11126,0.000296,74.125.130.0-255,1484,15744,54,236790
11127,0.000301,172.31.46.0-255,66,15810,54,236790
11128,0.000322,74.125.130.0-255,2902,18712,54,236790
11129,0.000325,172.31.46.0-255,66,18778,54,236790
11130,0.000348,74.125.130.0-255,5738,24516,54,236790
11131,0.00035,172.31.46.0-255,66,24582,54,236790
11132,0.000379,74.125.130.0-255,6797,31379,54,236790
11133,0.000382,172.31.46.0-255,66,31445,54,236790
11134,0.000401,74.125.130.0-255,1484,32929,54,236790
11135,0.000403,172.31.46.0-255,66,32995,54,236790
11136,0.000408,74.125.130.0-255,2902,35897,54,236790
11137,0.00041,172.31.46.0-255,66,35963,54,236790
11138,0.000438,74.125.130.0-255,5738,41701,54,236790
11139,0.000441,172.31.46.0-255,66,41767,54,236790
11140,0.000446,74.125.130.0-255,4320,46087,54,236790
11141,0.000449,172.31.46.0-255,66,46153,54,236790
11142,0.000462,74.125.130.0-255,1484,47637,54,236790
11143,0.000464,172.31.46.0-255,66,47703,54,236790
11144,0.000471,74.125.130.0-255,5738,53441,54,236790
11145,0.000475,172.31.46.0-255,66,53507,54,236790
11146,0.000498,74.125.130.0-255,1484,54991,54,236790
11147,0.000506,74.125.130.0-255,7156,62147,54,236790
11148,0.000509,172.31.46.0-255,66,62213,54,236790
11149,0.000525,74.125.130.0-255,1484,63697,54,236790
11150,0.000542,74.125.130.0-255,2184,65881,54,236790
11151,0.000546,172.31.46.0-255,66,65947,54,236790
11152,0.000568,74.125.130.0-255,342,66289,54,236790
11153,0.001049,172.31.46.0-255,66,66355,54,236790
11154,0.001091,74.125.130.0-255,117,66472,54,236790
11155,0.001129,172.31.46.0-255,66,66538,54,236790
11156,0.001147,74.125.130.0-255,1484,68022,54,236790
11157,0.001161,74.125.130.0-255,2902,70924,54,236790
11158,0.001164,172.31.46.0-255,66,70990,54,236790
11159,0.001187,74.125.130.0-255,5738,76728,54,236790
11160,0.00119,172.31.46.0-255,66,76794,54,236790
11161,0.001193,74.125.130.0-255,1484,78278,54,236790
11162,0.001213,74.125.130.0-255,7156,85434,54,236790
11163,0.001215,172.31.46.0-255,66,85500,54,236790
11164,0.001219,74.125.130.0-255,2902,88402,54,236790
11165,0.001221,172.31.46.0-255,66,88468,54,236790
11166,0.001245,74.125.130.0-255,7156,95624,54,236790
11167,0.001248,172.31.46.0-255,66,95690,54,236790
11168,0.001274,74.125.130.0-255,5020,100710,54,236790
11169,0.001277,172.31.46.0-255,66,100776,54,236790
11170,0.001788,74.125.130.0-255,1484,102260,54,236790
11171,0.001796,74.125.130.0-255,1484,103744,54,236790
11172,0.0018,172.31.46.0-255,66,103810,54,236790
11173,0.001823,74.125.130.0-255,2902,106712,54,236790
11174,0.001825,172.31.46.0-255,66,106778,54,236790
11175,0.001847,74.125.130.0-255,5738,112516,54,236790
11176,0.001849,172.31.46.0-255,66,112582,54,236790
11177,0.001872,74.125.130.0-255,2902,115484,54,236790
11178,0.001874,172.31.46.0-255,66,115550,54,236790
11179,0.001893,74.125.130.0-255,2902,118452,54,236790
11180,0.001896,172.31.46.0-255,66,118518,54,236790
11181,0.001901,74.125.130.0-255,2902,121420,54,236790
11182,0.001902,172.31.46.0-255,66,121486,54,236790
11183,0.001917,74.125.130.0-255,4320,125806,54,236790
11184,0.001919,172.31.46.0-255,66,125872,54,236790
11185,0.001938,74.125.130.0-255,4320,130192,54,236790
11186,0.00194,172.31.46.0-255,66,130258,54,236790
11187,0.001965,74.125.130.0-255,4320,134578,54,236790
11188,0.001968,172.31.46.0-255,66,134644,54,236790
11189,0.001971,74.125.130.0-255,766,135410,54,236790
11190,0.002048,74.125.130.0-255,1484,136894,54,236790
11191,0.002051,172.31.46.0-255,66,136960,54,236790
11192,0.002055,74.125.130.0-255,1484,138444,54,236790
11193,0.002071,74.125.130.0-255,1484,139928,54,236790
11194,0.002073,172.31.46.0-255,66,139994,54,236790
11195,0.002076,74.125.130.0-255,1484,141478,54,236790
11196,0.002096,74.125.130.0-255,4320,145798,54,236790
11197,0.002099,172.31.46.0-255,66,145864,54,236790
11198,0.002116,74.125.130.0-255,1484,147348,54,236790
11199,0.00214,74.125.130.0-255,7156,154504,54,236790
11200,0.002143,172.31.46.0-255,66,154570,54,236790
11201,0.002163,74.125.130.0-255,7156,161726,54,236790
11202,0.002166,172.31.46.0-255,66,161792,54,236790
11203,0.00219,74.125.130.0-255,2902,164694,54,236790
11204,0.002193,172.31.46.0-255,66,164760,54,236790
11205,0.002208,74.125.130.0-255,4320,169080,54,236790
11206,0.00221,172.31.46.0-255,66,169146,54,236790
11207,0.002231,74.125.130.0-255,766,169912,54,236790
11208,0.004414,74.125.130.0-255,4320,174232,54,236790
11209,0.004422,172.31.46.0-255,66,174298,54,236790
11210,0.006627,74.125.130.0-255,5738,180036,54,236790
11211,0.006632,172.31.46.0-255,66,180102,54,236790
11212,0.008835,74.125.130.0-255,5738,185840,54,236790
11213,0.008842,172.31.46.0-255,66,185906,54,236790
11214,0.011055,74.125.130.0-255,4320,190226,54,236790
11215,0.011063,172.31.46.0-255,66,190292,54,236790
11216,0.011083,74.125.130.0-255,1484,191776,54,236790
11217,0.013283,74.125.130.0-255,4320,196096,54,236790
11218,0.01329,172.31.46.0-255,66,196162,54,236790
11219,0.015504,74.125.130.0-255,5738,201900,54,236790
11220,0.015512,172.31.46.0-255,66,201966,54,236790
11221,0.01773,74.125.130.0-255,5738,207704,54,236790
11222,0.017739,172.31.46.0-255,66,207770,54,236790
11223,0.019958,74.125.130.0-255,5738,213508,54,236790
11224,0.019967,172.31.46.0-255,66,213574,54,236790
11225,0.022178,74.125.130.0-255,5738,219312,54,236790
11226,0.022186,172.31.46.0-255,66,219378,54,236790
11227,0.024404,74.125.130.0-255,5738,225116,54,236790
11228,0.024411,172.31.46.0-255,66,225182,54,236790
11229,0.026633,74.125.130.0-255,5738,230920,54,236790
11230,0.026643,172.31.46.0-255,66,230986,54,236790
11231,0.028851,74.125.130.0-255,5738,236724,54,236790
11232,0.028859,172.31.46.0-255,66,236790,54,236790
11233,0.0,172.217.194.0-255,152,152,54,147703
11234,2.3e-05,172.31.46.0-255,66,218,54,147703
11235,3.1e-05,172.217.194.0-255,1484,1702,54,147703
11236,3.5e-05,172.31.46.0-255,66,1768,54,147703
11237,4.7e-05,172.217.194.0-255,2902,4670,54,147703
11238,5e-05,172.31.46.0-255,66,4736,54,147703
11239,6.9e-05,172.217.194.0-255,7156,11892,54,147703
11240,7.2e-05,172.31.46.0-255,66,11958,54,147703
11241,7.6e-05,172.217.194.0-255,2135,14093,54,147703
11242,7.8e-05,172.31.46.0-255,66,14159,54,147703
11243,0.000174,172.217.194.0-255,1484,15643,54,147703
11244,0.000177,172.31.46.0-255,66,15709,54,147703
11245,0.000182,172.217.194.0-255,2902,18611,54,147703
11246,0.000184,172.31.46.0-255,66,18677,54,147703
11247,0.00021,172.217.194.0-255,5738,24415,54,147703
11248,0.000212,172.31.46.0-255,66,24481,54,147703
11249,0.000261,172.217.194.0-255,6797,31278,54,147703
11250,0.000264,172.31.46.0-255,66,31344,54,147703
11251,0.000299,172.217.194.0-255,1484,32828,54,147703
11252,0.000302,172.31.46.0-255,66,32894,54,147703
11253,0.000305,172.217.194.0-255,1484,34378,54,147703
11254,0.000306,172.31.46.0-255,66,34444,54,147703
11255,0.000328,172.217.194.0-255,1484,35928,54,147703
11256,0.00033,172.31.46.0-255,66,35994,54,147703
11257,0.000336,172.217.194.0-255,5738,41732,54,147703
11258,0.000338,172.31.46.0-255,66,41798,54,147703
11259,0.000361,172.217.194.0-255,5738,47536,54,147703
11260,0.000366,172.31.46.0-255,66,47602,54,147703
11261,0.000385,172.217.194.0-255,1125,48727,54,147703
11262,0.000387,172.31.46.0-255,66,48793,54,147703
11263,0.002212,172.217.194.0-255,1484,50277,54,147703
11264,0.002219,172.31.46.0-255,66,50343,54,147703
11265,0.00223,172.217.194.0-255,2902,53245,54,147703
11266,0.002238,172.31.46.0-255,66,53311,54,147703
11267,0.002245,172.217.194.0-255,5738,59049,54,147703
11268,0.002247,172.31.46.0-255,66,59115,54,147703
11269,0.002278,172.217.194.0-255,4320,63435,54,147703
11270,0.00228,172.31.46.0-255,66,63501,54,147703
11271,0.002304,172.217.194.0-255,2543,66044,54,147703
11272,0.002306,172.31.46.0-255,66,66110,54,147703
11273,0.002368,172.217.194.0-255,1484,67594,54,147703
11274,0.002382,172.217.194.0-255,2902,70496,54,147703
11275,0.002384,172.31.46.0-255,66,70562,54,147703
11276,0.00241,172.217.194.0-255,4320,74882,54,147703
11277,0.002412,172.31.46.0-255,66,74948,54,147703
11278,0.002443,172.31.46.0-255,66,75014,54,147703
11279,0.004815,172.217.194.0-255,5738,80752,54,147703
11280,0.00482,172.31.46.0-255,66,80818,54,147703
11281,0.007229,172.217.194.0-255,5738,86556,54,147703
11282,0.007234,172.31.46.0-255,66,86622,54,147703
11283,0.009616,172.217.194.0-255,5738,92360,54,147703
11284,0.009623,172.31.46.0-255,66,92426,54,147703
11285,0.01206,172.217.194.0-255,5738,98164,54,147703
11286,0.012071,172.31.46.0-255,66,98230,54,147703
11287,0.014447,172.217.194.0-255,5738,103968,54,147703
11288,0.014458,172.31.46.0-255,66,104034,54,147703
11289,0.016837,172.217.194.0-255,5738,109772,54,147703
11290,0.016846,172.31.46.0-255,66,109838,54,147703
11291,0.01922,172.217.194.0-255,5738,115576,54,147703
11292,0.019227,172.31.46.0-255,66,115642,54,147703
11293,0.021619,172.217.194.0-255,5738,121380,54,147703
11294,0.021628,172.31.46.0-255,66,121446,54,147703
11295,0.024038,172.217.194.0-255,5738,127184,54,147703
11296,0.024045,172.31.46.0-255,66,127250,54,147703
11297,0.02644,172.217.194.0-255,5738,132988,54,147703
11298,0.026447,172.31.46.0-255,66,133054,54,147703
11299,0.028829,172.217.194.0-255,5738,138792,54,147703
11300,0.028837,172.31.46.0-255,66,138858,54,147703
11301,0.029451,172.31.46.0-255,176,139034,54,147703
11302,0.029482,172.31.46.0-255,1119,140153,54,147703
11303,0.029562,172.31.46.0-255,1514,141667,54,147703
11304,0.029564,172.31.46.0-255,1514,143181,54,147703
11305,0.029569,172.31.46.0-255,1514,144695,54,147703
11306,0.02957,172.31.46.0-255,1514,146209,54,147703
11307,0.029587,172.31.46.0-255,1494,147703,54,147703
11308,0.0,172.217.194.0-255,146,146,54,175131
11309,2.3e-05,172.31.46.0-255,66,212,54,175131
11310,3e-05,172.217.194.0-255,1484,1696,54,175131
11311,3.5e-05,172.31.46.0-255,66,1762,54,175131
11312,4e-05,172.217.194.0-255,2902,4664,54,175131
11313,4.4e-05,172.31.46.0-255,66,4730,54,175131
11314,5.2e-05,172.217.194.0-255,7156,11886,54,175131
11315,5.5e-05,172.31.46.0-255,66,11952,54,175131
11316,6.1e-05,172.217.194.0-255,3500,15452,54,175131
11317,6.4e-05,172.31.46.0-255,66,15518,54,175131
11318,0.000102,172.31.46.0-255,66,15584,54,175131
11319,0.000122,172.217.194.0-255,1484,17068,54,175131
11320,0.000125,172.31.46.0-255,66,17134,54,175131
11321,0.00013,172.217.194.0-255,2543,19677,54,175131
11322,0.000132,172.31.46.0-255,66,19743,54,175131
11323,0.000176,172.217.194.0-255,1484,21227,54,175131
11324,0.000179,172.31.46.0-255,66,21293,54,175131
11325,0.000182,172.217.194.0-255,1484,22777,54,175131
11326,0.000185,172.31.46.0-255,66,22843,54,175131
11327,0.000199,172.217.194.0-255,1484,24327,54,175131
11328,0.000202,172.31.46.0-255,66,24393,54,175131
11329,0.00021,172.217.194.0-255,5738,30131,54,175131
11330,0.000212,172.31.46.0-255,66,30197,54,175131
11331,0.000242,172.31.46.0-255,66,30263,54,175131
11332,0.000271,172.31.46.0-255,66,30329,54,175131
11333,0.000274,172.217.194.0-255,378,30707,54,175131
11334,0.000276,172.31.46.0-255,66,30773,54,175131
11335,0.00031,172.217.194.0-255,98,30871,54,175131
11336,0.000313,172.31.46.0-255,66,30937,54,175131
11337,0.000855,172.217.194.0-255,364,31301,54,175131
11338,0.001077,172.31.46.0-255,66,31367,54,175131
11339,0.001192,172.217.194.0-255,1484,32851,54,175131
11340,0.001211,172.217.194.0-255,2902,35753,54,175131
11341,0.001214,172.31.46.0-255,66,35819,54,175131
11342,0.00122,172.217.194.0-255,2902,38721,54,175131
11343,0.001222,172.31.46.0-255,66,38787,54,175131
11344,0.001236,172.217.194.0-255,1484,40271,54,175131
11345,0.001257,172.217.194.0-255,5738,46009,54,175131
11346,0.001259,172.31.46.0-255,66,46075,54,175131
11347,0.001275,172.217.194.0-255,2543,48618,54,175131
11348,0.001278,172.31.46.0-255,66,48684,54,175131
11349,0.001312,172.217.194.0-255,2902,51586,54,175131
11350,0.001314,172.31.46.0-255,66,51652,54,175131
11351,0.001317,172.217.194.0-255,1484,53136,54,175131
11352,0.001334,172.217.194.0-255,2902,56038,54,175131
11353,0.001336,172.31.46.0-255,66,56104,54,175131
11354,0.00135,172.217.194.0-255,2902,59006,54,175131
11355,0.001352,172.31.46.0-255,66,59072,54,175131
11356,0.001386,172.217.194.0-255,4320,63392,54,175131
11357,0.001388,172.31.46.0-255,66,63458,54,175131
11358,0.0014,172.217.194.0-255,2543,66001,54,175131
11359,0.001402,172.31.46.0-255,66,66067,54,175131
11360,0.001688,172.217.194.0-255,1484,67551,54,175131
11361,0.001709,172.217.194.0-255,2902,70453,54,175131
11362,0.001713,172.31.46.0-255,66,70519,54,175131
11363,0.001718,172.217.194.0-255,2902,73421,54,175131
11364,0.00172,172.31.46.0-255,66,73487,54,175131
11365,0.001735,172.217.194.0-255,2902,76389,54,175131
11366,0.001737,172.31.46.0-255,66,76455,54,175131
11367,0.001743,172.217.194.0-255,4320,80775,54,175131
11368,0.001745,172.31.46.0-255,66,80841,54,175131
11369,0.001759,172.217.194.0-255,1484,82325,54,175131
11370,0.001781,172.31.46.0-255,66,82391,54,175131
11371,0.001802,172.217.194.0-255,1484,83875,54,175131
11372,0.001813,172.31.46.0-255,66,83941,54,175131
11373,0.001851,172.217.194.0-255,1484,85425,54,175131
11374,0.001857,172.217.194.0-255,2902,88327,54,175131
11375,0.001861,172.31.46.0-255,66,88393,54,175131
11376,0.001886,172.217.194.0-255,5738,94131,54,175131
11377,0.001889,172.31.46.0-255,66,94197,54,175131
11378,0.001895,172.217.194.0-255,4320,98517,54,175131
11379,0.001897,172.31.46.0-255,66,98583,54,175131
11380,0.0019,172.217.194.0-255,1484,100067,54,175131
11381,0.001923,172.31.46.0-255,66,100133,54,175131
11382,0.001948,172.217.194.0-255,2902,103035,54,175131
11383,0.00195,172.31.46.0-255,66,103101,54,175131
11384,0.001973,172.217.194.0-255,5020,108121,54,175131
11385,0.001976,172.31.46.0-255,66,108187,54,175131
11386,0.004253,172.217.194.0-255,4320,112507,54,175131
11387,0.004263,172.31.46.0-255,66,112573,54,175131
11388,0.004274,172.217.194.0-255,1484,114057,54,175131
11389,0.006541,172.217.194.0-255,4320,118377,54,175131
11390,0.006545,172.31.46.0-255,66,118443,54,175131
11391,0.008829,172.217.194.0-255,5738,124181,54,175131
11392,0.008837,172.31.46.0-255,66,124247,54,175131
11393,0.011136,172.217.194.0-255,4320,128567,54,175131
11394,0.011145,172.31.46.0-255,66,128633,54,175131
11395,0.011161,172.217.194.0-255,1484,130117,54,175131
11396,0.01341,172.217.194.0-255,4320,134437,54,175131
11397,0.013418,172.31.46.0-255,66,134503,54,175131
11398,0.0157,172.217.194.0-255,5738,140241,54,175131
11399,0.01571,172.31.46.0-255,66,140307,54,175131
11400,0.017981,172.217.194.0-255,5738,146045,54,175131
11401,0.01799,172.31.46.0-255,66,146111,54,175131
11402,0.020293,172.217.194.0-255,5738,151849,54,175131
11403,0.020305,172.31.46.0-255,66,151915,54,175131
11404,0.022563,172.217.194.0-255,5738,157653,54,175131
11405,0.022571,172.31.46.0-255,66,157719,54,175131
11406,0.024861,172.217.194.0-255,5738,163457,54,175131
11407,0.024868,172.31.46.0-255,66,163523,54,175131
11408,0.027138,172.217.194.0-255,5738,169261,54,175131
11409,0.027146,172.31.46.0-255,66,169327,54,175131
11410,0.029443,172.217.194.0-255,5738,175065,54,175131
11411,0.02945,172.31.46.0-255,66,175131,54,175131
11412,0.0,74.125.200.0-255,152,152,54,310976
11413,1.3e-05,172.31.46.0-255,66,218,54,310976
11414,5.5e-05,74.125.200.0-255,1484,1702,54,310976
11415,5.9e-05,172.31.46.0-255,66,1768,54,310976
11416,9.6e-05,74.125.200.0-255,2902,4670,54,310976
11417,9.9e-05,172.31.46.0-255,66,4736,54,310976
11418,0.000104,74.125.200.0-255,4320,9056,54,310976
11419,0.000107,172.31.46.0-255,66,9122,54,310976
11420,0.00011,74.125.200.0-255,1484,10606,54,310976
11421,0.000112,172.31.46.0-255,66,10672,54,310976
11422,0.000127,74.125.200.0-255,4320,14992,54,310976
11423,0.000129,172.31.46.0-255,66,15058,54,310976
11424,0.000148,74.125.200.0-255,3537,18595,54,310976
11425,0.00015,172.31.46.0-255,66,18661,54,310976
11426,0.000155,74.125.200.0-255,4320,22981,54,310976
11427,0.000157,172.31.46.0-255,66,23047,54,310976
11428,0.000186,74.125.200.0-255,1484,24531,54,310976
11429,0.000188,172.31.46.0-255,66,24597,54,310976
11430,0.000211,74.125.200.0-255,6797,31394,54,310976
11431,0.000214,172.31.46.0-255,66,31460,54,310976
11432,0.000405,74.125.200.0-255,1484,32944,54,310976
11433,0.000409,172.31.46.0-255,66,33010,54,310976
11434,0.000414,74.125.200.0-255,2902,35912,54,310976
11435,0.000417,172.31.46.0-255,66,35978,54,310976
11436,0.000439,74.125.200.0-255,4320,40298,54,310976
11437,0.000443,172.31.46.0-255,66,40364,54,310976
11438,0.00047,74.125.200.0-255,5738,46102,54,310976
11439,0.000473,172.31.46.0-255,66,46168,54,310976
11440,0.000489,74.125.200.0-255,2543,48711,54,310976
11441,0.000491,172.31.46.0-255,66,48777,54,310976
11442,0.000958,74.125.200.0-255,1484,50261,54,310976
11443,0.000963,172.31.46.0-255,66,50327,54,310976
11444,0.000971,74.125.200.0-255,2902,53229,54,310976
11445,0.000973,172.31.46.0-255,66,53295,54,310976
11446,0.000979,74.125.200.0-255,5738,59033,54,310976
11447,0.000981,172.31.46.0-255,66,59099,54,310976
11448,0.001009,74.125.200.0-255,6797,65896,54,310976
11449,0.00101,172.31.46.0-255,66,65962,54,310976
11450,0.001041,74.125.200.0-255,2064,68026,54,310976
11451,0.001043,172.31.46.0-255,66,68092,54,310976
11452,0.001047,74.125.200.0-255,2902,70994,54,310976
11453,0.001049,172.31.46.0-255,66,71060,54,310976
11454,0.001081,74.125.200.0-255,7156,78216,54,310976
11455,0.001083,172.31.46.0-255,66,78282,54,310976
11456,0.001102,74.125.200.0-255,2902,81184,54,310976
11457,0.001104,172.31.46.0-255,66,81250,54,310976
11458,0.00112,74.125.200.0-255,2543,83793,54,310976
11459,0.001122,172.31.46.0-255,66,83859,54,310976
11460,0.001146,74.125.200.0-255,1484,85343,54,310976
11461,0.00115,74.125.200.0-255,1484,86827,54,310976
11462,0.001152,172.31.46.0-255,66,86893,54,310976
11463,0.001168,74.125.200.0-255,1484,88377,54,310976
11464,0.001171,74.125.200.0-255,1484,89861,54,310976
11465,0.001173,172.31.46.0-255,66,89927,54,310976
11466,0.001201,74.125.200.0-255,4320,94247,54,310976
11467,0.001204,172.31.46.0-255,66,94313,54,310976
11468,0.00121,74.125.200.0-255,6797,101110,54,310976
11469,0.001213,172.31.46.0-255,66,101176,54,310976
11470,0.001371,74.125.200.0-255,1484,102660,54,310976
11471,0.001386,74.125.200.0-255,2902,105562,54,310976
11472,0.001389,172.31.46.0-255,66,105628,54,310976
11473,0.001396,74.125.200.0-255,5738,111366,54,310976
11474,0.001399,172.31.46.0-255,66,111432,54,310976
11475,0.001418,74.125.200.0-255,4320,115752,54,310976
11476,0.001421,172.31.46.0-255,66,115818,54,310976
11477,0.001426,74.125.200.0-255,5738,121556,54,310976
11478,0.001428,172.31.46.0-255,66,121622,54,310976
11479,0.001453,74.125.200.0-255,5738,127360,54,310976
11480,0.001456,172.31.46.0-255,66,127426,54,310976
11481,0.001465,172.31.46.0-255,66,127492,54,310976
11482,0.001532,74.125.200.0-255,1484,128976,54,310976
11483,0.001554,74.125.200.0-255,1484,130460,54,310976
11484,0.001557,172.31.46.0-255,66,130526,54,310976
11485,0.001561,74.125.200.0-255,2902,133428,54,310976
11486,0.001563,172.31.46.0-255,66,133494,54,310976
11487,0.001597,74.125.200.0-255,4320,137814,54,310976
11488,0.0016,172.31.46.0-255,66,137880,54,310976
11489,0.001613,74.125.200.0-255,1484,139364,54,310976
11490,0.001615,74.125.200.0-255,1484,140848,54,310976
11491,0.001617,172.31.46.0-255,66,140914,54,310976
11492,0.001645,172.31.46.0-255,66,140980,54,310976
11493,0.001664,74.125.200.0-255,2902,143882,54,310976
11494,0.001666,172.31.46.0-255,66,143948,54,310976
11495,0.001677,172.31.46.0-255,66,144014,54,310976
11496,0.001703,74.125.200.0-255,2902,146916,54,310976
11497,0.001706,172.31.46.0-255,66,146982,54,310976
11498,0.001727,74.125.200.0-255,7156,154138,54,310976
11499,0.00173,172.31.46.0-255,66,154204,54,310976
11500,0.001734,74.125.200.0-255,4320,158524,54,310976
11501,0.001736,172.31.46.0-255,66,158590,54,310976
11502,0.001797,172.31.46.0-255,66,158656,54,310976
11503,0.001802,74.125.200.0-255,3602,162258,54,310976
11504,0.001804,172.31.46.0-255,66,162324,54,310976
11505,0.001956,74.125.200.0-255,1484,163808,54,310976
11506,0.00197,74.125.200.0-255,1484,165292,54,310976
11507,0.001974,172.31.46.0-255,66,165358,54,310976
11508,0.001989,74.125.200.0-255,1484,166842,54,310976
11509,0.001993,74.125.200.0-255,2902,169744,54,310976
11510,0.001995,172.31.46.0-255,66,169810,54,310976
11511,0.001999,74.125.200.0-255,4320,174130,54,310976
11512,0.002002,172.31.46.0-255,66,174196,54,310976
11513,0.002004,74.125.200.0-255,1484,175680,54,310976
11514,0.00203,74.125.200.0-255,7156,182836,54,310976
11515,0.002032,172.31.46.0-255,66,182902,54,310976
11516,0.002035,74.125.200.0-255,2902,185804,54,310976
11517,0.002037,172.31.46.0-255,66,185870,54,310976
11518,0.002081,74.125.200.0-255,4320,190190,54,310976
11519,0.002084,172.31.46.0-255,66,190256,54,310976
11520,0.002106,74.125.200.0-255,6438,196694,54,310976
11521,0.002108,172.31.46.0-255,66,196760,54,310976
11522,0.002166,74.125.200.0-255,1484,198244,54,310976
11523,0.002187,74.125.200.0-255,2902,201146,54,310976
11524,0.002189,172.31.46.0-255,66,201212,54,310976
11525,0.002193,74.125.200.0-255,2902,204114,54,310976
11526,0.002195,172.31.46.0-255,66,204180,54,310976
11527,0.002207,74.125.200.0-255,2902,207082,54,310976
11528,0.002209,172.31.46.0-255,66,207148,54,310976
11529,0.002228,74.125.200.0-255,2902,210050,54,310976
11530,0.00223,172.31.46.0-255,66,210116,54,310976
11531,0.002261,172.31.46.0-255,66,210182,54,310976
11532,0.002266,74.125.200.0-255,5738,215920,54,310976
11533,0.002268,172.31.46.0-255,66,215986,54,310976
11534,0.00229,74.125.200.0-255,6438,222424,54,310976
11535,0.002292,172.31.46.0-255,66,222490,54,310976
11536,0.002327,74.125.200.0-255,2902,225392,54,310976
11537,0.002329,172.31.46.0-255,66,225458,54,310976
11538,0.002355,74.125.200.0-255,4320,229778,54,310976
11539,0.002357,172.31.46.0-255,66,229844,54,310976
11540,0.002369,172.31.46.0-255,66,229910,54,310976
11541,0.002416,172.31.46.0-255,66,229976,54,310976
11542,0.002449,74.125.200.0-255,1484,231460,54,310976
11543,0.002454,74.125.200.0-255,2902,234362,54,310976
11544,0.002456,172.31.46.0-255,66,234428,54,310976
11545,0.002459,74.125.200.0-255,1484,235912,54,310976
11546,0.002477,74.125.200.0-255,4320,240232,54,310976
11547,0.00248,172.31.46.0-255,66,240298,54,310976
11548,0.002482,74.125.200.0-255,1484,241782,54,310976
11549,0.002496,74.125.200.0-255,5738,247520,54,310976
11550,0.002498,172.31.46.0-255,66,247586,54,310976
11551,0.002511,74.125.200.0-255,2902,250488,54,310976
11552,0.002513,172.31.46.0-255,66,250554,54,310976
11553,0.002547,172.31.46.0-255,66,250620,54,310976
11554,0.002551,74.125.200.0-255,2184,252804,54,310976
11555,0.002553,172.31.46.0-255,66,252870,54,310976
11556,0.002628,74.125.200.0-255,1484,254354,54,310976
11557,0.005132,74.125.200.0-255,4320,258674,54,310976
11558,0.005139,172.31.46.0-255,66,258740,54,310976
11559,0.007724,74.125.200.0-255,5738,264478,54,310976
11560,0.00773,172.31.46.0-255,66,264544,54,310976
11561,0.010317,74.125.200.0-255,5738,270282,54,310976
11562,0.010325,172.31.46.0-255,66,270348,54,310976
11563,0.012952,74.125.200.0-255,5738,276086,54,310976
11564,0.012962,172.31.46.0-255,66,276152,54,310976
11565,0.015592,74.125.200.0-255,5738,281890,54,310976
11566,0.015602,172.31.46.0-255,66,281956,54,310976
11567,0.018203,74.125.200.0-255,5738,287694,54,310976
11568,0.018215,172.31.46.0-255,66,287760,54,310976
11569,0.020814,74.125.200.0-255,5738,293498,54,310976
11570,0.020824,172.31.46.0-255,66,293564,54,310976
11571,0.023414,74.125.200.0-255,5738,299302,54,310976
11572,0.023422,172.31.46.0-255,66,299368,54,310976
11573,0.026029,74.125.200.0-255,5738,305106,54,310976
11574,0.026039,172.31.46.0-255,66,305172,54,310976
11575,0.02863,74.125.200.0-255,5738,310910,54,310976
11576,0.028637,172.31.46.0-255,66,310976,54,310976
11577,0.0,74.125.24.0-255,151,151,54,205546
11578,2.2e-05,172.31.46.0-255,66,217,54,205546
11579,4.7e-05,74.125.24.0-255,1484,1701,54,205546
11580,5.3e-05,172.31.46.0-255,66,1767,54,205546
11581,5.9e-05,74.125.24.0-255,2902,4669,54,205546
11582,6.4e-05,172.31.46.0-255,66,4735,54,205546
11583,7.2e-05,74.125.24.0-255,7156,11891,54,205546
11584,7.5e-05,172.31.46.0-255,66,11957,54,205546
11585,9.2e-05,172.31.46.0-255,66,12023,54,205546
11586,9.6e-05,74.125.24.0-255,2543,14566,54,205546
11587,9.9e-05,172.31.46.0-255,66,14632,54,205546
11588,0.000164,74.125.24.0-255,1484,16116,54,205546
11589,0.000166,172.31.46.0-255,66,16182,54,205546
11590,0.00017,74.125.24.0-255,1484,17666,54,205546
11591,0.000172,172.31.46.0-255,66,17732,54,205546
11592,0.000198,74.125.24.0-255,1484,19216,54,205546
11593,0.000201,172.31.46.0-255,66,19282,54,205546
11594,0.000213,74.125.24.0-255,5738,25020,54,205546
11595,0.000215,172.31.46.0-255,66,25086,54,205546
11596,0.000221,74.125.24.0-255,4320,29406,54,205546
11597,0.000223,172.31.46.0-255,66,29472,54,205546
11598,0.000265,172.31.46.0-255,66,29538,54,205546
11599,0.000277,172.31.46.0-255,66,29604,54,205546
11600,0.000341,74.125.24.0-255,113,29717,54,205546
11601,0.000344,172.31.46.0-255,66,29783,54,205546
11602,0.000388,74.125.24.0-255,328,30111,54,205546
11603,0.000391,172.31.46.0-255,66,30177,54,205546
11604,0.000647,74.125.24.0-255,1484,31661,54,205546
11605,0.000652,172.31.46.0-255,66,31727,54,205546
11606,0.000659,74.125.24.0-255,2902,34629,54,205546
11607,0.000661,172.31.46.0-255,66,34695,54,205546
11608,0.000693,74.125.24.0-255,4320,39015,54,205546
11609,0.000695,172.31.46.0-255,66,39081,54,205546
11610,0.000699,74.125.24.0-255,2902,41983,54,205546
11611,0.000701,172.31.46.0-255,66,42049,54,205546
11612,0.000737,74.125.24.0-255,5738,47787,54,205546
11613,0.000742,172.31.46.0-255,66,47853,54,205546
11614,0.00076,172.31.46.0-255,66,47919,54,205546
11615,0.000799,74.125.24.0-255,3602,51521,54,205546
11616,0.000806,172.31.46.0-255,66,51587,54,205546
11617,0.001203,74.125.24.0-255,1484,53071,54,205546
11618,0.001212,74.125.24.0-255,2902,55973,54,205546
11619,0.001215,172.31.46.0-255,66,56039,54,205546
11620,0.001219,74.125.24.0-255,1484,57523,54,205546
11621,0.001255,74.125.24.0-255,4320,61843,54,205546
11622,0.001259,172.31.46.0-255,66,61909,54,205546
11623,0.001267,74.125.24.0-255,7156,69065,54,205546
11624,0.001269,172.31.46.0-255,66,69131,54,205546
11625,0.001285,172.31.46.0-255,66,69197,54,205546
11626,0.001315,74.125.24.0-255,2902,72099,54,205546
11627,0.001318,172.31.46.0-255,66,72165,54,205546
11628,0.001322,74.125.24.0-255,2184,74349,54,205546
11629,0.001324,172.31.46.0-255,66,74415,54,205546
11630,0.001767,74.125.24.0-255,1484,75899,54,205546
11631,0.001773,74.125.24.0-255,2902,78801,54,205546
11632,0.001777,172.31.46.0-255,66,78867,54,205546
11633,0.001784,74.125.24.0-255,4320,83187,54,205546
11634,0.001786,172.31.46.0-255,66,83253,54,205546
11635,0.001816,74.125.24.0-255,1484,84737,54,205546
11636,0.00183,172.31.46.0-255,66,84803,54,205546
11637,0.001833,74.125.24.0-255,1484,86287,54,205546
11638,0.001868,172.31.46.0-255,66,86353,54,205546
11639,0.001897,74.125.24.0-255,5738,92091,54,205546
11640,0.001904,74.125.24.0-255,7156,99247,54,205546
11641,0.001908,172.31.46.0-255,66,99313,54,205546
11642,0.001911,172.31.46.0-255,66,99379,54,205546
11643,0.001947,172.31.46.0-255,66,99445,54,205546
11644,0.001954,74.125.24.0-255,6438,105883,54,205546
11645,0.001956,172.31.46.0-255,66,105949,54,205546
11646,0.001987,74.125.24.0-255,1484,107433,54,205546
11647,0.002009,74.125.24.0-255,2902,110335,54,205546
11648,0.002011,172.31.46.0-255,66,110401,54,205546
11649,0.002018,74.125.24.0-255,5738,116139,54,205546
11650,0.00202,172.31.46.0-255,66,116205,54,205546
11651,0.002025,74.125.24.0-255,2902,119107,54,205546
11652,0.002027,172.31.46.0-255,66,119173,54,205546
11653,0.00208,172.31.46.0-255,66,119239,54,205546
11654,0.002087,74.125.24.0-255,7156,126395,54,205546
11655,0.002089,172.31.46.0-255,66,126461,54,205546
11656,0.002098,74.125.24.0-255,3602,130063,54,205546
11657,0.0021,172.31.46.0-255,66,130129,54,205546
11658,0.002141,74.125.24.0-255,2902,133031,54,205546
11659,0.002145,172.31.46.0-255,66,133097,54,205546
11660,0.00215,74.125.24.0-255,4320,137417,54,205546
11661,0.002152,172.31.46.0-255,66,137483,54,205546
11662,0.002197,74.125.24.0-255,7156,144639,54,205546
11663,0.002206,172.31.46.0-255,66,144705,54,205546
11664,0.002212,74.125.24.0-255,4320,149025,54,205546
11665,0.002244,74.125.24.0-255,6438,155463,54,205546
11666,0.002323,74.125.24.0-255,1484,156947,54,205546
11667,0.002328,74.125.24.0-255,2902,159849,54,205546
11668,0.002353,74.125.24.0-255,5738,165587,54,205546
11669,0.002392,74.125.24.0-255,4320,169907,54,205546
11670,0.002471,74.125.24.0-255,7156,177063,54,205546
11671,0.00249,74.125.24.0-255,7156,184219,54,205546
11672,0.002493,74.125.24.0-255,1484,185703,54,205546
11673,0.002538,74.125.24.0-255,5020,190723,54,205546
11674,0.002556,74.125.24.0-255,4320,195043,54,205546
11675,0.002807,172.31.46.0-255,66,195109,54,205546
11676,0.00281,172.31.46.0-255,66,195175,54,205546
11677,0.002813,172.31.46.0-255,66,195241,54,205546
11678,0.002817,172.31.46.0-255,66,195307,54,205546
11679,0.002819,172.31.46.0-255,66,195373,54,205546
11680,0.00283,172.31.46.0-255,66,195439,54,205546
11681,0.002834,172.31.46.0-255,66,195505,54,205546
11682,0.002837,172.31.46.0-255,66,195571,54,205546
11683,0.002884,172.31.46.0-255,66,195637,54,205546
11684,0.00543,74.125.24.0-255,5738,201375,54,205546
11685,0.00544,172.31.46.0-255,66,201441,54,205546
11686,0.007968,74.125.24.0-255,3868,205309,54,205546
11687,0.007978,172.31.46.0-255,66,205375,54,205546
11688,0.009652,172.31.46.0-255,105,205480,54,205546
11689,0.012159,74.125.24.0-255,66,205546,54,205546
11690,0.0,74.125.24.0-255,153,153,54,213259
11691,2.3e-05,172.31.46.0-255,66,219,54,213259
11692,3e-05,74.125.24.0-255,1484,1703,54,213259
11693,3.5e-05,172.31.46.0-255,66,1769,54,213259
11694,3.9e-05,74.125.24.0-255,2902,4671,54,213259
11695,4.2e-05,172.31.46.0-255,66,4737,54,213259
11696,4.9e-05,74.125.24.0-255,7156,11893,54,213259
11697,5.1e-05,172.31.46.0-255,66,11959,54,213259
11698,5.5e-05,74.125.24.0-255,2099,14058,54,213259
11699,5.6e-05,172.31.46.0-255,66,14124,54,213259
11700,0.000747,74.125.24.0-255,1484,15608,54,213259
11701,0.000754,172.31.46.0-255,66,15674,54,213259
11702,0.000762,74.125.24.0-255,2902,18576,54,213259
11703,0.000764,172.31.46.0-255,66,18642,54,213259
11704,0.00077,74.125.24.0-255,5738,24380,54,213259
11705,0.000772,172.31.46.0-255,66,24446,54,213259
11706,0.000813,74.125.24.0-255,2902,27348,54,213259
11707,0.000816,172.31.46.0-255,66,27414,54,213259
11708,0.00083,74.125.24.0-255,3961,31375,54,213259
11709,0.000833,172.31.46.0-255,66,31441,54,213259
11710,0.000835,74.125.24.0-255,1484,32925,54,213259
11711,0.000837,172.31.46.0-255,66,32991,54,213259
11712,0.000853,74.125.24.0-255,5738,38729,54,213259
11713,0.000855,172.31.46.0-255,66,38795,54,213259
11714,0.000871,74.125.24.0-255,7156,45951,54,213259
11715,0.000873,172.31.46.0-255,66,46017,54,213259
11716,0.000893,74.125.24.0-255,2543,48560,54,213259
11717,0.000895,172.31.46.0-255,66,48626,54,213259
11718,0.000929,74.125.24.0-255,1484,50110,54,213259
11719,0.000931,172.31.46.0-255,66,50176,54,213259
11720,0.000944,74.125.24.0-255,2902,53078,54,213259
11721,0.000946,172.31.46.0-255,66,53144,54,213259
11722,0.000982,74.125.24.0-255,5738,58882,54,213259
11723,0.000988,74.125.24.0-255,4320,63202,54,213259
11724,0.001016,74.125.24.0-255,2543,65745,54,213259
11725,0.001022,172.31.46.0-255,66,65811,54,213259
11726,0.001095,74.125.24.0-255,398,66209,54,213259
11727,0.001128,74.125.24.0-255,1484,67693,54,213259
11728,0.001145,74.125.24.0-255,4320,72013,54,213259
11729,0.001151,172.31.46.0-255,66,72079,54,213259
11730,0.001176,74.125.24.0-255,1484,73563,54,213259
11731,0.001181,172.31.46.0-255,66,73629,54,213259
11732,0.001196,74.125.24.0-255,5738,79367,54,213259
11733,0.001208,172.31.46.0-255,66,79433,54,213259
11734,0.001229,74.125.24.0-255,4320,83753,54,213259
11735,0.001236,172.31.46.0-255,66,83819,54,213259
11736,0.001246,74.125.24.0-255,6716,90535,54,213259
11737,0.001254,172.31.46.0-255,66,90601,54,213259
11738,0.001614,74.125.24.0-255,1484,92085,54,213259
11739,0.001619,74.125.24.0-255,2902,94987,54,213259
11740,0.001622,172.31.46.0-255,66,95053,54,213259
11741,0.001628,74.125.24.0-255,4320,99373,54,213259
11742,0.001631,172.31.46.0-255,66,99439,54,213259
11743,0.001638,74.125.24.0-255,1484,100923,54,213259
11744,0.001677,74.125.24.0-255,2902,103825,54,213259
11745,0.001679,74.125.24.0-255,1484,105309,54,213259
11746,0.001682,172.31.46.0-255,66,105375,54,213259
11747,0.001688,172.31.46.0-255,66,105441,54,213259
11748,0.001701,74.125.24.0-255,4320,109761,54,213259
11749,0.001719,172.31.46.0-255,66,109827,54,213259
11750,0.00173,74.125.24.0-255,4320,114147,54,213259
11751,0.001743,74.125.24.0-255,766,114913,54,213259
11752,0.001747,172.31.46.0-255,66,114979,54,213259
11753,0.002054,74.125.24.0-255,1484,116463,54,213259
11754,0.002068,74.125.24.0-255,2902,119365,54,213259
11755,0.002071,172.31.46.0-255,66,119431,54,213259
11756,0.002077,74.125.24.0-255,5738,125169,54,213259
11757,0.00209,74.125.24.0-255,4320,129489,54,213259
11758,0.002142,74.125.24.0-255,2902,132391,54,213259
11759,0.002146,172.31.46.0-255,66,132457,54,213259
11760,0.002153,74.125.24.0-255,1484,133941,54,213259
11761,0.002156,172.31.46.0-255,66,134007,54,213259
11762,0.002165,74.125.24.0-255,2902,136909,54,213259
11763,0.002181,74.125.24.0-255,766,137675,54,213259
11764,0.002186,172.31.46.0-255,66,137741,54,213259
11765,0.004199,74.125.24.0-255,1484,139225,54,213259
11766,0.004278,74.125.24.0-255,4320,143545,54,213259
11767,0.004286,172.31.46.0-255,66,143611,54,213259
11768,0.006409,74.125.24.0-255,5738,149349,54,213259
11769,0.006453,172.31.46.0-255,66,149415,54,213259
11770,0.008543,74.125.24.0-255,5738,155153,54,213259
11771,0.008552,172.31.46.0-255,66,155219,54,213259
11772,0.010633,74.125.24.0-255,5738,160957,54,213259
11773,0.010646,172.31.46.0-255,66,161023,54,213259
11774,0.012721,74.125.24.0-255,5738,166761,54,213259
11775,0.012735,172.31.46.0-255,66,166827,54,213259
11776,0.014848,74.125.24.0-255,5738,172565,54,213259
11777,0.014862,172.31.46.0-255,66,172631,54,213259
11778,0.016959,74.125.24.0-255,5738,178369,54,213259
11779,0.016972,172.31.46.0-255,66,178435,54,213259
11780,0.01908,74.125.24.0-255,5738,184173,54,213259
11781,0.019095,172.31.46.0-255,66,184239,54,213259
11782,0.021178,74.125.24.0-255,5738,189977,54,213259
11783,0.021192,172.31.46.0-255,66,190043,54,213259
11784,0.02327,74.125.24.0-255,5738,195781,54,213259
11785,0.023278,172.31.46.0-255,66,195847,54,213259
11786,0.025339,74.125.24.0-255,5738,201585,54,213259
11787,0.025356,172.31.46.0-255,66,201651,54,213259
11788,0.027426,74.125.24.0-255,5738,207389,54,213259
11789,0.027441,172.31.46.0-255,66,207455,54,213259
11790,0.02953,74.125.24.0-255,5738,213193,54,213259
11791,0.029547,172.31.46.0-255,66,213259,54,213259
11792,0.0,74.125.24.0-255,152,152,54,229259
11793,2.1e-05,172.31.46.0-255,66,218,54,229259
11794,2.8e-05,74.125.24.0-255,1484,1702,54,229259
11795,3.2e-05,172.31.46.0-255,66,1768,54,229259
11796,3.6e-05,74.125.24.0-255,2902,4670,54,229259
11797,3.9e-05,172.31.46.0-255,66,4736,54,229259
11798,4.5e-05,74.125.24.0-255,7156,11892,54,229259
11799,4.7e-05,172.31.46.0-255,66,11958,54,229259
11800,5e-05,74.125.24.0-255,1484,13442,54,229259
11801,5.2e-05,172.31.46.0-255,66,13508,54,229259
11802,7.2e-05,74.125.24.0-255,699,14207,54,229259
11803,7.4e-05,172.31.46.0-255,66,14273,54,229259
11804,0.000295,74.125.24.0-255,1484,15757,54,229259
11805,0.0003,172.31.46.0-255,66,15823,54,229259
11806,0.000305,74.125.24.0-255,2902,18725,54,229259
11807,0.000307,172.31.46.0-255,66,18791,54,229259
11808,0.000313,74.125.24.0-255,5738,24529,54,229259
11809,0.000314,172.31.46.0-255,66,24595,54,229259
11810,0.000336,74.125.24.0-255,6797,31392,54,229259
11811,0.000339,172.31.46.0-255,66,31458,54,229259
11812,0.000406,74.125.24.0-255,1484,32942,54,229259
11813,0.000409,172.31.46.0-255,66,33008,54,229259
11814,0.000413,74.125.24.0-255,2902,35910,54,229259
11815,0.000414,172.31.46.0-255,66,35976,54,229259
11816,0.000425,74.125.24.0-255,2902,38878,54,229259
11817,0.000427,172.31.46.0-255,66,38944,54,229259
11818,0.000443,74.125.24.0-255,2902,41846,54,229259
11819,0.000446,172.31.46.0-255,66,41912,54,229259
11820,0.000521,74.125.24.0-255,6797,48709,54,229259
11821,0.000525,172.31.46.0-255,66,48775,54,229259
11822,0.000589,74.125.24.0-255,2902,51677,54,229259
11823,0.000592,172.31.46.0-255,66,51743,54,229259
11824,0.000596,74.125.24.0-255,2902,54645,54,229259
11825,0.000597,172.31.46.0-255,66,54711,54,229259
11826,0.00061,74.125.24.0-255,1484,56195,54,229259
11827,0.000617,74.125.24.0-255,7156,63351,54,229259
11828,0.000619,172.31.46.0-255,66,63417,54,229259
11829,0.000637,74.125.24.0-255,1484,64901,54,229259
11830,0.00064,74.125.24.0-255,1424,66325,54,229259
11831,0.000642,172.31.46.0-255,66,66391,54,229259
11832,0.000672,74.125.24.0-255,378,66769,54,229259
11833,0.000709,74.125.24.0-255,1484,68253,54,229259
11834,0.000711,172.31.46.0-255,66,68319,54,229259
11835,0.000717,74.125.24.0-255,4320,72639,54,229259
11836,0.000718,172.31.46.0-255,66,72705,54,229259
11837,0.000752,172.31.46.0-255,66,72771,54,229259
11838,0.000759,74.125.24.0-255,7156,79927,54,229259
11839,0.000761,172.31.46.0-255,66,79993,54,229259
11840,0.00077,74.125.24.0-255,1484,81477,54,229259
11841,0.000802,172.31.46.0-255,66,81543,54,229259
11842,0.001342,74.125.24.0-255,1484,83027,54,229259
11843,0.001348,74.125.24.0-255,2902,85929,54,229259
11844,0.001351,172.31.46.0-255,66,85995,54,229259
11845,0.001372,74.125.24.0-255,1484,87479,54,229259
11846,0.001396,74.125.24.0-255,4320,91799,54,229259
11847,0.001399,172.31.46.0-255,66,91865,54,229259
11848,0.00141,172.31.46.0-255,66,91931,54,229259
11849,0.00142,172.31.46.0-255,66,91997,54,229259
11850,0.00157,74.125.24.0-255,1484,93481,54,229259
11851,0.001577,74.125.24.0-255,2902,96383,54,229259
11852,0.001579,172.31.46.0-255,66,96449,54,229259
11853,0.001604,74.125.24.0-255,5738,102187,54,229259
11854,0.001606,172.31.46.0-255,66,102253,54,229259
11855,0.00161,74.125.24.0-255,2902,105155,54,229259
11856,0.001612,172.31.46.0-255,66,105221,54,229259
11857,0.001629,74.125.24.0-255,5738,110959,54,229259
11858,0.001631,172.31.46.0-255,66,111025,54,229259
11859,0.001681,74.125.24.0-255,5738,116763,54,229259
11860,0.001684,172.31.46.0-255,66,116829,54,229259
11861,0.001707,172.31.46.0-255,66,116895,54,229259
11862,0.00171,74.125.24.0-255,1484,118379,54,229259
11863,0.001713,74.125.24.0-255,2902,121281,54,229259
11864,0.001715,172.31.46.0-255,66,121347,54,229259
11865,0.001741,74.125.24.0-255,5738,127085,54,229259
11866,0.001743,172.31.46.0-255,66,127151,54,229259
11867,0.001754,172.31.46.0-255,66,127217,54,229259
11868,0.001772,74.125.24.0-255,2902,130119,54,229259
11869,0.001774,172.31.46.0-255,66,130185,54,229259
11870,0.001784,172.31.46.0-255,66,130251,54,229259
11871,0.001798,74.125.24.0-255,766,131017,54,229259
11872,0.001952,74.125.24.0-255,1484,132501,54,229259
11873,0.001956,74.125.24.0-255,2902,135403,54,229259
11874,0.001964,172.31.46.0-255,66,135469,54,229259
11875,0.001968,172.31.46.0-255,66,135535,54,229259
11876,0.001971,74.125.24.0-255,1484,137019,54,229259
11877,0.001988,74.125.24.0-255,4320,141339,54,229259
11878,0.00199,172.31.46.0-255,66,141405,54,229259
11879,0.002022,172.31.46.0-255,66,141471,54,229259
11880,0.002039,74.125.24.0-255,2902,144373,54,229259
11881,0.002041,172.31.46.0-255,66,144439,54,229259
11882,0.002068,74.125.24.0-255,7156,151595,54,229259
11883,0.002071,172.31.46.0-255,66,151661,54,229259
11884,0.002085,74.125.24.0-255,3602,155263,54,229259
11885,0.002087,172.31.46.0-255,66,155329,54,229259
11886,0.004367,74.125.24.0-255,5738,161067,54,229259
11887,0.004373,172.31.46.0-255,66,161133,54,229259
11888,0.006676,74.125.24.0-255,5738,166871,54,229259
11889,0.006681,172.31.46.0-255,66,166937,54,229259
11890,0.008989,74.125.24.0-255,5738,172675,54,229259
11891,0.008995,172.31.46.0-255,66,172741,54,229259
11892,0.011322,74.125.24.0-255,5738,178479,54,229259
11893,0.011328,172.31.46.0-255,66,178545,54,229259
11894,0.013629,74.125.24.0-255,5738,184283,54,229259
11895,0.013636,172.31.46.0-255,66,184349,54,229259
11896,0.015915,74.125.24.0-255,5738,190087,54,229259
11897,0.015922,172.31.46.0-255,66,190153,54,229259
11898,0.018229,74.125.24.0-255,5738,195891,54,229259
11899,0.01824,172.31.46.0-255,66,195957,54,229259
11900,0.020557,74.125.24.0-255,5738,201695,54,229259
11901,0.020565,172.31.46.0-255,66,201761,54,229259
11902,0.022843,74.125.24.0-255,5738,207499,54,229259
11903,0.022849,172.31.46.0-255,66,207565,54,229259
11904,0.025167,74.125.24.0-255,5738,213303,54,229259
11905,0.025175,172.31.46.0-255,66,213369,54,229259
11906,0.027462,74.125.24.0-255,5738,219107,54,229259
11907,0.027469,172.31.46.0-255,66,219173,54,229259
11908,0.027824,172.31.46.0-255,172,219345,54,229259
11909,0.027867,172.31.46.0-255,1119,220464,54,229259
11910,0.02793,172.31.46.0-255,1514,221978,54,229259
11911,0.027931,172.31.46.0-255,1279,223257,54,229259
11912,0.029356,104.244.42.0-255,66,223323,54,229259
11913,0.029379,104.244.42.0-255,66,223389,54,229259
11914,0.029447,104.244.42.0-255,66,223455,54,229259
11915,0.029751,74.125.24.0-255,5738,229193,54,229259
11916,0.029755,172.31.46.0-255,66,229259,54,229259
11917,0.0,74.125.24.0-255,153,153,54,234278
11918,2.4e-05,172.31.46.0-255,66,219,54,234278
11919,3.1e-05,74.125.24.0-255,1484,1703,54,234278
11920,3.6e-05,172.31.46.0-255,66,1769,54,234278
11921,4.1e-05,74.125.24.0-255,2902,4671,54,234278
11922,4.4e-05,172.31.46.0-255,66,4737,54,234278
11923,5.2e-05,74.125.24.0-255,7156,11893,54,234278
11924,5.5e-05,172.31.46.0-255,66,11959,54,234278
11925,5.8e-05,74.125.24.0-255,2091,14050,54,234278
11926,6.2e-05,172.31.46.0-255,66,14116,54,234278
11927,0.000179,74.125.24.0-255,1484,15600,54,234278
11928,0.000183,172.31.46.0-255,66,15666,54,234278
11929,0.000188,74.125.24.0-255,2902,18568,54,234278
11930,0.000191,172.31.46.0-255,66,18634,54,234278
11931,0.000197,74.125.24.0-255,5738,24372,54,234278
11932,0.000199,172.31.46.0-255,66,24438,54,234278
11933,0.000202,74.125.24.0-255,1484,25922,54,234278
11934,0.000204,172.31.46.0-255,66,25988,54,234278
11935,0.000234,74.125.24.0-255,5379,31367,54,234278
11936,0.000237,172.31.46.0-255,66,31433,54,234278
11937,0.00026,74.125.24.0-255,7156,38589,54,234278
11938,0.000263,172.31.46.0-255,66,38655,54,234278
11939,0.00029,74.125.24.0-255,7156,45811,54,234278
11940,0.000293,172.31.46.0-255,66,45877,54,234278
11941,0.000297,74.125.24.0-255,2543,48420,54,234278
11942,0.000299,172.31.46.0-255,66,48486,54,234278
11943,0.001093,74.125.24.0-255,1484,49970,54,234278
11944,0.001099,172.31.46.0-255,66,50036,54,234278
11945,0.001109,74.125.24.0-255,2902,52938,54,234278
11946,0.001111,172.31.46.0-255,66,53004,54,234278
11947,0.001118,74.125.24.0-255,5738,58742,54,234278
11948,0.00112,172.31.46.0-255,66,58808,54,234278
11949,0.001125,74.125.24.0-255,4320,63128,54,234278
11950,0.001128,172.31.46.0-255,66,63194,54,234278
11951,0.001147,74.125.24.0-255,2543,65737,54,234278
11952,0.00115,172.31.46.0-255,66,65803,54,234278
11953,0.001164,172.31.46.0-255,66,65869,54,234278
11954,0.001169,74.125.24.0-255,2543,68412,54,234278
11955,0.001171,172.31.46.0-255,66,68478,54,234278
11956,0.001225,74.125.24.0-255,2902,71380,54,234278
11957,0.001228,172.31.46.0-255,66,71446,54,234278
11958,0.001236,74.125.24.0-255,7156,78602,54,234278
11959,0.001238,172.31.46.0-255,66,78668,54,234278
11960,0.001275,172.31.46.0-255,66,78734,54,234278
11961,0.001546,74.125.24.0-255,1484,80218,54,234278
11962,0.001556,74.125.24.0-255,2902,83120,54,234278
11963,0.001561,172.31.46.0-255,66,83186,54,234278
11964,0.001567,74.125.24.0-255,4320,87506,54,234278
11965,0.00157,172.31.46.0-255,66,87572,54,234278
11966,0.001586,74.125.24.0-255,1484,89056,54,234278
11967,0.001591,74.125.24.0-255,2902,91958,54,234278
11968,0.001594,172.31.46.0-255,66,92024,54,234278
11969,0.001599,74.125.24.0-255,2902,94926,54,234278
11970,0.001601,172.31.46.0-255,66,94992,54,234278
11971,0.001628,74.125.24.0-255,7156,102148,54,234278
11972,0.001631,172.31.46.0-255,66,102214,54,234278
11973,0.001638,74.125.24.0-255,5738,107952,54,234278
11974,0.00164,172.31.46.0-255,66,108018,54,234278
11975,0.001662,74.125.24.0-255,5020,113038,54,234278
11976,0.001664,172.31.46.0-255,66,113104,54,234278
11977,0.001679,172.31.46.0-255,66,113170,54,234278
11978,0.001696,74.125.24.0-255,2902,116072,54,234278
11979,0.001699,172.31.46.0-255,66,116138,54,234278
11980,0.00174,172.31.46.0-255,66,116204,54,234278
11981,0.001746,74.125.24.0-255,3602,119806,54,234278
11982,0.001748,172.31.46.0-255,66,119872,54,234278
11983,0.002091,74.125.24.0-255,1484,121356,54,234278
11984,0.002098,74.125.24.0-255,2902,124258,54,234278
11985,0.002102,172.31.46.0-255,66,124324,54,234278
11986,0.002105,74.125.24.0-255,1484,125808,54,234278
11987,0.002125,74.125.24.0-255,4320,130128,54,234278
11988,0.002128,172.31.46.0-255,66,130194,54,234278
11989,0.002131,74.125.24.0-255,1484,131678,54,234278
11990,0.002169,172.31.46.0-255,66,131744,54,234278
11991,0.002183,172.31.46.0-255,66,131810,54,234278
11992,0.002186,74.125.24.0-255,1484,133294,54,234278
11993,0.002217,74.125.24.0-255,2902,136196,54,234278
11994,0.002219,172.31.46.0-255,66,136262,54,234278
11995,0.002226,74.125.24.0-255,5738,142000,54,234278
11996,0.002229,172.31.46.0-255,66,142066,54,234278
11997,0.002236,74.125.24.0-255,7156,149222,54,234278
11998,0.002239,172.31.46.0-255,66,149288,54,234278
11999,0.002267,74.125.24.0-255,5738,155026,54,234278
12000,0.002269,172.31.46.0-255,66,155092,54,234278
12001,0.002276,74.125.24.0-255,7156,162248,54,234278
12002,0.002279,172.31.46.0-255,66,162314,54,234278
12003,0.002295,74.125.24.0-255,3602,165916,54,234278
12004,0.002298,172.31.46.0-255,66,165982,54,234278
12005,0.004561,74.125.24.0-255,5738,171720,54,234278
12006,0.004568,172.31.46.0-255,66,171786,54,234278
12007,0.006841,74.125.24.0-255,4320,176106,54,234278
12008,0.00685,172.31.46.0-255,66,176172,54,234278
12009,0.006869,74.125.24.0-255,1484,177656,54,234278
12010,0.009127,74.125.24.0-255,4320,181976,54,234278
12011,0.009135,172.31.46.0-255,66,182042,54,234278
12012,0.011418,74.125.24.0-255,5738,187780,54,234278
12013,0.011425,172.31.46.0-255,66,187846,54,234278
12014,0.013714,74.125.24.0-255,5738,193584,54,234278
12015,0.013724,172.31.46.0-255,66,193650,54,234278
12016,0.016079,74.125.24.0-255,5738,199388,54,234278
12017,0.016087,172.31.46.0-255,66,199454,54,234278
12018,0.018375,74.125.24.0-255,5738,205192,54,234278
12019,0.018387,172.31.46.0-255,66,205258,54,234278
12020,0.020645,74.125.24.0-255,5738,210996,54,234278
12021,0.020652,172.31.46.0-255,66,211062,54,234278
12022,0.022939,74.125.24.0-255,5738,216800,54,234278
12023,0.022946,172.31.46.0-255,66,216866,54,234278
12024,0.025241,74.125.24.0-255,5738,222604,54,234278
12025,0.025256,172.31.46.0-255,66,222670,54,234278
12026,0.027535,74.125.24.0-255,5738,228408,54,234278
12027,0.027552,172.31.46.0-255,66,228474,54,234278
12028,0.029838,74.125.24.0-255,5738,234212,54,234278
12029,0.029847,172.31.46.0-255,66,234278,54,234278
12030,0.0,74.125.24.0-255,153,153,54,170727
12031,3.8e-05,172.31.46.0-255,66,219,54,170727
12032,4.7e-05,74.125.24.0-255,1484,1703,54,170727
12033,5.2e-05,172.31.46.0-255,66,1769,54,170727
12034,6.6e-05,74.125.24.0-255,2902,4671,54,170727
12035,7e-05,172.31.46.0-255,66,4737,54,170727
12036,7.9e-05,74.125.24.0-255,7156,11893,54,170727
12037,8.3e-05,172.31.46.0-255,66,11959,54,170727
12038,8.7e-05,74.125.24.0-255,1938,13897,54,170727
12039,9.1e-05,172.31.46.0-255,66,13963,54,170727
12040,0.000132,74.125.24.0-255,1484,15447,54,170727
12041,0.000135,172.31.46.0-255,66,15513,54,170727
12042,0.00014,74.125.24.0-255,2902,18415,54,170727
12043,0.000143,172.31.46.0-255,66,18481,54,170727
12044,0.000172,74.125.24.0-255,5738,24219,54,170727
12045,0.000175,172.31.46.0-255,66,24285,54,170727
12046,0.000183,74.125.24.0-255,6797,31082,54,170727
12047,0.000186,172.31.46.0-255,66,31148,54,170727
12048,0.000232,172.31.46.0-255,66,31214,54,170727
12049,0.000254,74.125.24.0-255,1484,32698,54,170727
12050,0.000257,172.31.46.0-255,66,32764,54,170727
12051,0.000288,74.125.24.0-255,5379,38143,54,170727
12052,0.000291,172.31.46.0-255,66,38209,54,170727
12053,0.000947,74.125.24.0-255,1484,39693,54,170727
12054,0.000954,172.31.46.0-255,66,39759,54,170727
12055,0.000961,74.125.24.0-255,2902,42661,54,170727
12056,0.000963,172.31.46.0-255,66,42727,54,170727
12057,0.000969,74.125.24.0-255,4320,47047,54,170727
12058,0.00098,172.31.46.0-255,66,47113,54,170727
12059,0.00103,172.31.46.0-255,66,47179,54,170727
12060,0.001076,172.31.46.0-255,66,47245,54,170727
12061,0.001163,172.31.46.0-255,66,47311,54,170727
12062,0.001594,74.125.24.0-255,1484,48795,54,170727
12063,0.001627,74.125.24.0-255,2902,51697,54,170727
12064,0.001631,172.31.46.0-255,66,51763,54,170727
12065,0.001638,74.125.24.0-255,4320,56083,54,170727
12066,0.001687,74.125.24.0-255,5738,61821,54,170727
12067,0.001702,74.125.24.0-255,2902,64723,54,170727
12068,0.001738,74.125.24.0-255,4320,69043,54,170727
12069,0.001757,74.125.24.0-255,3602,72645,54,170727
12070,0.001851,74.125.24.0-255,1484,74129,54,170727
12071,0.001855,74.125.24.0-255,1484,75613,54,170727
12072,0.001869,74.125.24.0-255,1484,77097,54,170727
12073,0.001877,74.125.24.0-255,4320,81417,54,170727
12074,0.001891,74.125.24.0-255,1484,82901,54,170727
12075,0.001896,74.125.24.0-255,4320,87221,54,170727
12076,0.001914,74.125.24.0-255,1484,88705,54,170727
12077,0.00214,74.125.24.0-255,1484,90189,54,170727
12078,0.002147,74.125.24.0-255,2902,93091,54,170727
12079,0.002151,74.125.24.0-255,1484,94575,54,170727
12080,0.00217,74.125.24.0-255,4320,98895,54,170727
12081,0.002225,74.125.24.0-255,4320,103215,54,170727
12082,0.002261,74.125.24.0-255,7156,110371,54,170727
12083,0.002277,74.125.24.0-255,3602,113973,54,170727
12084,0.004065,172.31.46.0-255,66,114039,54,170727
12085,0.006575,74.125.24.0-255,5738,119777,54,170727
12086,0.006583,172.31.46.0-255,66,119843,54,170727
12087,0.00904,74.125.24.0-255,5738,125581,54,170727
12088,0.009048,172.31.46.0-255,66,125647,54,170727
12089,0.011563,74.125.24.0-255,5738,131385,54,170727
12090,0.011576,172.31.46.0-255,66,131451,54,170727
12091,0.014056,74.125.24.0-255,5738,137189,54,170727
12092,0.014237,172.31.46.0-255,66,137255,54,170727
12093,0.016717,74.125.24.0-255,5738,142993,54,170727
12094,0.016731,172.31.46.0-255,66,143059,54,170727
12095,0.019219,74.125.24.0-255,5738,148797,54,170727
12096,0.019235,172.31.46.0-255,66,148863,54,170727
12097,0.021716,74.125.24.0-255,4320,153183,54,170727
12098,0.021728,172.31.46.0-255,66,153249,54,170727
12099,0.021758,74.125.24.0-255,1484,154733,54,170727
12100,0.024217,74.125.24.0-255,4320,159053,54,170727
12101,0.024227,172.31.46.0-255,66,159119,54,170727
12102,0.026728,74.125.24.0-255,5738,164857,54,170727
12103,0.026804,172.31.46.0-255,66,164923,54,170727
12104,0.029294,74.125.24.0-255,5738,170661,54,170727
12105,0.029304,172.31.46.0-255,66,170727,54,170727
12106,0.0,74.125.130.0-255,153,153,54,333595
12107,2e-05,172.31.46.0-255,66,219,54,333595
12108,2.6e-05,74.125.130.0-255,1484,1703,54,333595
12109,3.1e-05,172.31.46.0-255,66,1769,54,333595
12110,3.8e-05,74.125.130.0-255,2902,4671,54,333595
12111,4.2e-05,172.31.46.0-255,66,4737,54,333595
12112,4.9e-05,74.125.130.0-255,7156,11893,54,333595
12113,5.2e-05,172.31.46.0-255,66,11959,54,333595
12114,5.7e-05,74.125.130.0-255,4320,16279,54,333595
12115,6e-05,172.31.46.0-255,66,16345,54,333595
12116,8.6e-05,74.125.130.0-255,623,16968,54,333595
12117,8.9e-05,172.31.46.0-255,66,17034,54,333595
12118,9.4e-05,74.125.130.0-255,5738,22772,54,333595
12119,9.7e-05,172.31.46.0-255,66,22838,54,333595
12120,0.000119,172.31.46.0-255,66,22904,54,333595
12121,0.000182,74.125.130.0-255,1484,24388,54,333595
12122,0.000185,172.31.46.0-255,66,24454,54,333595
12123,0.000189,74.125.130.0-255,2902,27356,54,333595
12124,0.000191,172.31.46.0-255,66,27422,54,333595
12125,0.000229,74.125.130.0-255,5738,33160,54,333595
12126,0.000231,172.31.46.0-255,66,33226,54,333595
12127,0.000238,74.125.130.0-255,6797,40023,54,333595
12128,0.00024,172.31.46.0-255,66,40089,54,333595
12129,0.000272,172.31.46.0-255,66,40155,54,333595
12130,0.000276,74.125.130.0-255,2543,42698,54,333595
12131,0.000278,172.31.46.0-255,66,42764,54,333595
12132,0.000281,74.125.130.0-255,341,43105,54,333595
12133,0.000282,172.31.46.0-255,66,43171,54,333595
12134,0.000334,74.125.130.0-255,120,43291,54,333595
12135,0.000337,172.31.46.0-255,66,43357,54,333595
12136,0.000416,74.125.130.0-255,1484,44841,54,333595
12137,0.000429,74.125.130.0-255,2902,47743,54,333595
12138,0.000432,172.31.46.0-255,66,47809,54,333595
12139,0.000436,74.125.130.0-255,2902,50711,54,333595
12140,0.000438,172.31.46.0-255,66,50777,54,333595
12141,0.000452,74.125.130.0-255,2902,53679,54,333595
12142,0.000454,172.31.46.0-255,66,53745,54,333595
12143,0.000482,74.125.130.0-255,6530,60275,54,333595
12144,0.000484,172.31.46.0-255,66,60341,54,333595
12145,0.000531,74.125.130.0-255,1484,61825,54,333595
12146,0.000536,74.125.130.0-255,2902,64727,54,333595
12147,0.000538,172.31.46.0-255,66,64793,54,333595
12148,0.000553,74.125.130.0-255,1484,66277,54,333595
12149,0.000572,74.125.130.0-255,4320,70597,54,333595
12150,0.000574,172.31.46.0-255,66,70663,54,333595
12151,0.000581,74.125.130.0-255,6797,77460,54,333595
12152,0.000583,172.31.46.0-255,66,77526,54,333595
12153,0.000754,74.125.130.0-255,1484,79010,54,333595
12154,0.00076,74.125.130.0-255,2902,81912,54,333595
12155,0.000763,172.31.46.0-255,66,81978,54,333595
12156,0.000776,74.125.130.0-255,2902,84880,54,333595
12157,0.000779,74.125.130.0-255,2902,87782,54,333595
12158,0.000783,172.31.46.0-255,66,87848,54,333595
12159,0.000785,172.31.46.0-255,66,87914,54,333595
12160,0.000792,74.125.130.0-255,1484,89398,54,333595
12161,0.000811,74.125.130.0-255,4320,93718,54,333595
12162,0.000813,172.31.46.0-255,66,93784,54,333595
12163,0.000827,74.125.130.0-255,4320,98104,54,333595
12164,0.000829,74.125.130.0-255,1484,99588,54,333595
12165,0.000832,172.31.46.0-255,66,99654,54,333595
12166,0.000849,172.31.46.0-255,66,99720,54,333595
12167,0.000863,74.125.130.0-255,3602,103322,54,333595
12168,0.000865,172.31.46.0-255,66,103388,54,333595
12169,0.001204,74.125.130.0-255,1484,104872,54,333595
12170,0.001208,74.125.130.0-255,1484,106356,54,333595
12171,0.001211,172.31.46.0-255,66,106422,54,333595
12172,0.001232,74.125.130.0-255,1484,107906,54,333595
12173,0.001238,74.125.130.0-255,5738,113644,54,333595
12174,0.00124,172.31.46.0-255,66,113710,54,333595
12175,0.001246,74.125.130.0-255,5738,119448,54,333595
12176,0.001247,172.31.46.0-255,66,119514,54,333595
12177,0.001254,74.125.130.0-255,7156,126670,54,333595
12178,0.001256,172.31.46.0-255,66,126736,54,333595
12179,0.001284,74.125.130.0-255,2902,129638,54,333595
12180,0.001286,172.31.46.0-255,66,129704,54,333595
12181,0.001311,172.31.46.0-255,66,129770,54,333595
12182,0.00133,74.125.130.0-255,1484,131254,54,333595
12183,0.001334,74.125.130.0-255,2902,134156,54,333595
12184,0.001336,172.31.46.0-255,66,134222,54,333595
12185,0.001357,74.125.130.0-255,5738,139960,54,333595
12186,0.00136,172.31.46.0-255,66,140026,54,333595
12187,0.001374,74.125.130.0-255,2902,142928,54,333595
12188,0.001376,172.31.46.0-255,66,142994,54,333595
12189,0.001407,172.31.46.0-255,66,143060,54,333595
12190,0.001417,74.125.130.0-255,1484,144544,54,333595
12191,0.001427,172.31.46.0-255,66,144610,54,333595
12192,0.001431,74.125.130.0-255,2184,146794,54,333595
12193,0.001433,172.31.46.0-255,66,146860,54,333595
12194,0.001468,74.125.130.0-255,2902,149762,54,333595
12195,0.001471,172.31.46.0-255,66,149828,54,333595
12196,0.001474,74.125.130.0-255,1484,151312,54,333595
12197,0.001495,74.125.130.0-255,5738,157050,54,333595
12198,0.001497,172.31.46.0-255,66,157116,54,333595
12199,0.001503,74.125.130.0-255,5738,162854,54,333595
12200,0.001505,172.31.46.0-255,66,162920,54,333595
12201,0.001538,74.125.130.0-255,4320,167240,54,333595
12202,0.00154,172.31.46.0-255,66,167306,54,333595
12203,0.00156,74.125.130.0-255,2902,170208,54,333595
12204,0.001562,172.31.46.0-255,66,170274,54,333595
12205,0.001573,172.31.46.0-255,66,170340,54,333595
12206,0.001645,74.125.130.0-255,1484,171824,54,333595
12207,0.001668,74.125.130.0-255,2902,174726,54,333595
12208,0.001671,172.31.46.0-255,66,174792,54,333595
12209,0.001674,74.125.130.0-255,1484,176276,54,333595
12210,0.001694,74.125.130.0-255,4320,180596,54,333595
12211,0.001696,172.31.46.0-255,66,180662,54,333595
12212,0.001701,74.125.130.0-255,4320,184982,54,333595
12213,0.001703,172.31.46.0-255,66,185048,54,333595
12214,0.001738,74.125.130.0-255,5738,190786,54,333595
12215,0.001741,172.31.46.0-255,66,190852,54,333595
12216,0.001753,172.31.46.0-255,66,190918,54,333595
12217,0.001756,74.125.130.0-255,2184,193102,54,333595
12218,0.001758,172.31.46.0-255,66,193168,54,333595
12219,0.001916,74.125.130.0-255,1484,194652,54,333595
12220,0.001935,74.125.130.0-255,2902,197554,54,333595
12221,0.001938,172.31.46.0-255,66,197620,54,333595
12222,0.001945,74.125.130.0-255,5738,203358,54,333595
12223,0.001946,172.31.46.0-255,66,203424,54,333595
12224,0.001951,74.125.130.0-255,2902,206326,54,333595
12225,0.001952,172.31.46.0-255,66,206392,54,333595
12226,0.001968,74.125.130.0-255,5738,212130,54,333595
12227,0.00197,172.31.46.0-255,66,212196,54,333595
12228,0.001976,74.125.130.0-255,5738,217934,54,333595
12229,0.001978,172.31.46.0-255,66,218000,54,333595
12230,0.002002,74.125.130.0-255,4320,222320,54,333595
12231,0.002005,172.31.46.0-255,66,222386,54,333595
12232,0.002011,74.125.130.0-255,5020,227406,54,333595
12233,0.002026,172.31.46.0-255,66,227472,54,333595
12234,0.002074,74.125.130.0-255,1484,228956,54,333595
12235,0.002079,74.125.130.0-255,2902,231858,54,333595
12236,0.002083,74.125.130.0-255,2902,234760,54,333595
12237,0.002091,172.31.46.0-255,66,234826,54,333595
12238,0.002099,74.125.130.0-255,2902,237728,54,333595
12239,0.002101,74.125.130.0-255,1484,239212,54,333595
12240,0.002105,172.31.46.0-255,66,239278,54,333595
12241,0.002118,74.125.130.0-255,7156,246434,54,333595
12242,0.002143,172.31.46.0-255,66,246500,54,333595
12243,0.002159,74.125.130.0-255,5020,251520,54,333595
12244,0.002169,172.31.46.0-255,66,251586,54,333595
12245,0.002232,74.125.130.0-255,1484,253070,54,333595
12246,0.002234,74.125.130.0-255,1484,254554,54,333595
12247,0.002238,172.31.46.0-255,66,254620,54,333595
12248,0.002256,74.125.130.0-255,1484,256104,54,333595
12249,0.002261,74.125.130.0-255,4320,260424,54,333595
12250,0.002267,74.125.130.0-255,5738,266162,54,333595
12251,0.00227,172.31.46.0-255,66,266228,54,333595
12252,0.002293,74.125.130.0-255,4320,270548,54,333595
12253,0.002309,74.125.130.0-255,4320,274868,54,333595
12254,0.002315,172.31.46.0-255,66,274934,54,333595
12255,0.004582,74.125.130.0-255,5738,280672,54,333595
12256,0.00459,172.31.46.0-255,66,280738,54,333595
12257,0.00685,74.125.130.0-255,5738,286476,54,333595
12258,0.006854,172.31.46.0-255,66,286542,54,333595
12259,0.009126,74.125.130.0-255,5738,292280,54,333595
12260,0.009136,172.31.46.0-255,66,292346,54,333595
12261,0.009754,172.31.46.0-255,101,292447,54,333595
12262,0.011402,74.125.130.0-255,5738,298185,54,333595
12263,0.011409,172.31.46.0-255,66,298251,54,333595
12264,0.011981,74.125.130.0-255,66,298317,54,333595
12265,0.013692,74.125.130.0-255,5738,304055,54,333595
12266,0.013704,172.31.46.0-255,66,304121,54,333595
12267,0.015974,74.125.130.0-255,5738,309859,54,333595
12268,0.015983,172.31.46.0-255,66,309925,54,333595
12269,0.01826,74.125.130.0-255,5738,315663,54,333595
12270,0.018273,172.31.46.0-255,66,315729,54,333595
12271,0.020612,74.125.130.0-255,5738,321467,54,333595
12272,0.020624,172.31.46.0-255,66,321533,54,333595
12273,0.022914,74.125.130.0-255,5738,327271,54,333595
12274,0.022923,172.31.46.0-255,66,327337,54,333595
12275,0.025201,74.125.130.0-255,5738,333075,54,333595
12276,0.025211,172.31.46.0-255,66,333141,54,333595
12277,0.027449,74.125.130.0-255,349,333490,54,333595
12278,0.027602,172.31.46.0-255,105,333595,54,333595
12279,0.0,74.125.200.0-255,153,153,54,216704
12280,3.8e-05,172.31.46.0-255,66,219,54,216704
12281,4.5e-05,74.125.200.0-255,1484,1703,54,216704
12282,4.8e-05,172.31.46.0-255,66,1769,54,216704
12283,5.3e-05,74.125.200.0-255,2902,4671,54,216704
12284,5.5e-05,172.31.46.0-255,66,4737,54,216704
12285,6.7e-05,74.125.200.0-255,4320,9057,54,216704
12286,7e-05,172.31.46.0-255,66,9123,54,216704
12287,9.5e-05,74.125.200.0-255,4320,13443,54,216704
12288,9.7e-05,172.31.46.0-255,66,13509,54,216704
12289,0.000115,74.125.200.0-255,636,14145,54,216704
12290,0.000117,172.31.46.0-255,66,14211,54,216704
12291,0.000154,74.125.200.0-255,4320,18531,54,216704
12292,0.000156,172.31.46.0-255,66,18597,54,216704
12293,0.000172,74.125.200.0-255,2902,21499,54,216704
12294,0.000175,172.31.46.0-255,66,21565,54,216704
12295,0.000199,74.125.200.0-255,2902,24467,54,216704
12296,0.000202,172.31.46.0-255,66,24533,54,216704
12297,0.000209,74.125.200.0-255,6797,31330,54,216704
12298,0.000211,172.31.46.0-255,66,31396,54,216704
12299,0.00045,74.125.200.0-255,1484,32880,54,216704
12300,0.000454,172.31.46.0-255,66,32946,54,216704
12301,0.00046,74.125.200.0-255,2902,35848,54,216704
12302,0.000462,172.31.46.0-255,66,35914,54,216704
12303,0.0005,74.125.200.0-255,5738,41652,54,216704
12304,0.000502,172.31.46.0-255,66,41718,54,216704
12305,0.000509,74.125.200.0-255,6797,48515,54,216704
12306,0.000511,172.31.46.0-255,66,48581,54,216704
12307,0.000541,74.125.200.0-255,7156,55737,54,216704
12308,0.000543,172.31.46.0-255,66,55803,54,216704
12309,0.000574,172.31.46.0-255,66,55869,54,216704
12310,0.000577,74.125.200.0-255,399,56268,54,216704
12311,0.000617,74.125.200.0-255,113,56381,54,216704
12312,0.000779,74.125.200.0-255,327,56708,54,216704
12313,0.001491,172.31.46.0-255,66,56774,54,216704
12314,0.001586,74.125.200.0-255,1484,58258,54,216704
12315,0.001595,74.125.200.0-255,2902,61160,54,216704
12316,0.001598,172.31.46.0-255,66,61226,54,216704
12317,0.001626,74.125.200.0-255,5738,66964,54,216704
12318,0.001629,172.31.46.0-255,66,67030,54,216704
12319,0.001635,74.125.200.0-255,7156,74186,54,216704
12320,0.001637,172.31.46.0-255,66,74252,54,216704
12321,0.001663,74.125.200.0-255,4320,78572,54,216704
12322,0.001665,172.31.46.0-255,66,78638,54,216704
12323,0.001696,172.31.46.0-255,66,78704,54,216704
12324,0.001718,74.125.200.0-255,2184,80888,54,216704
12325,0.00172,172.31.46.0-255,66,80954,54,216704
12326,0.001762,74.125.200.0-255,2902,83856,54,216704
12327,0.001764,172.31.46.0-255,66,83922,54,216704
12328,0.001782,74.125.200.0-255,4320,88242,54,216704
12329,0.001788,172.31.46.0-255,66,88308,54,216704
12330,0.001813,74.125.200.0-255,5738,94046,54,216704
12331,0.001815,172.31.46.0-255,66,94112,54,216704
12332,0.001843,74.125.200.0-255,2902,97014,54,216704
12333,0.001846,172.31.46.0-255,66,97080,54,216704
12334,0.001851,74.125.200.0-255,4320,101400,54,216704
12335,0.001853,172.31.46.0-255,66,101466,54,216704
12336,0.001859,74.125.200.0-255,5738,107204,54,216704
12337,0.001861,172.31.46.0-255,66,107270,54,216704
12338,0.00187,74.125.200.0-255,4320,111590,54,216704
12339,0.001872,172.31.46.0-255,66,111656,54,216704
12340,0.001916,74.125.200.0-255,5020,116676,54,216704
12341,0.001919,172.31.46.0-255,66,116742,54,216704
12342,0.001931,172.31.46.0-255,66,116808,54,216704
12343,0.00194,74.125.200.0-255,5738,122546,54,216704
12344,0.001942,172.31.46.0-255,66,122612,54,216704
12345,0.001949,74.125.200.0-255,7156,129768,54,216704
12346,0.001951,172.31.46.0-255,66,129834,54,216704
12347,0.00199,172.31.46.0-255,66,129900,54,216704
12348,0.002065,74.125.200.0-255,1484,131384,54,216704
12349,0.002078,74.125.200.0-255,2902,134286,54,216704
12350,0.002081,172.31.46.0-255,66,134352,54,216704
12351,0.002111,74.125.200.0-255,5738,140090,54,216704
12352,0.002113,172.31.46.0-255,66,140156,54,216704
12353,0.002116,74.125.200.0-255,1484,141640,54,216704
12354,0.00214,74.125.200.0-255,2902,144542,54,216704
12355,0.002142,172.31.46.0-255,66,144608,54,216704
12356,0.002156,74.125.200.0-255,1484,146092,54,216704
12357,0.002196,74.125.200.0-255,4320,150412,54,216704
12358,0.002199,172.31.46.0-255,66,150478,54,216704
12359,0.002203,74.125.200.0-255,2902,153380,54,216704
12360,0.002205,172.31.46.0-255,66,153446,54,216704
12361,0.00222,172.31.46.0-255,66,153512,54,216704
12362,0.002222,74.125.200.0-255,766,154278,54,216704
12363,0.004536,74.125.200.0-255,4320,158598,54,216704
12364,0.004552,172.31.46.0-255,66,158664,54,216704
12365,0.006839,74.125.200.0-255,5738,164402,54,216704
12366,0.00685,172.31.46.0-255,66,164468,54,216704
12367,0.009148,74.125.200.0-255,5738,170206,54,216704
12368,0.00916,172.31.46.0-255,66,170272,54,216704
12369,0.011464,74.125.200.0-255,5738,176010,54,216704
12370,0.011482,172.31.46.0-255,66,176076,54,216704
12371,0.013774,74.125.200.0-255,5738,181814,54,216704
12372,0.0138,172.31.46.0-255,66,181880,54,216704
12373,0.016102,74.125.200.0-255,5738,187618,54,216704
12374,0.01612,172.31.46.0-255,66,187684,54,216704
12375,0.018419,74.125.200.0-255,5738,193422,54,216704
12376,0.018431,172.31.46.0-255,66,193488,54,216704
12377,0.020778,74.125.200.0-255,5738,199226,54,216704
12378,0.020796,172.31.46.0-255,66,199292,54,216704
12379,0.023092,74.125.200.0-255,5738,205030,54,216704
12380,0.023109,172.31.46.0-255,66,205096,54,216704
12381,0.025408,74.125.200.0-255,5738,210834,54,216704
12382,0.025427,172.31.46.0-255,66,210900,54,216704
12383,0.027734,74.125.200.0-255,5738,216638,54,216704
12384,0.027751,172.31.46.0-255,66,216704,54,216704
12385,0.0,74.125.130.0-255,153,153,54,172040
12386,2.1e-05,172.31.46.0-255,66,219,54,172040
12387,2.7e-05,74.125.130.0-255,1484,1703,54,172040
12388,3.1e-05,172.31.46.0-255,66,1769,54,172040
12389,3.4e-05,74.125.130.0-255,1484,3253,54,172040
12390,3.6e-05,172.31.46.0-255,66,3319,54,172040
12391,6.1e-05,74.125.130.0-255,2902,6221,54,172040
12392,6.4e-05,172.31.46.0-255,66,6287,54,172040
12393,7.7e-05,74.125.130.0-255,2902,9189,54,172040
12394,7.9e-05,172.31.46.0-255,66,9255,54,172040
12395,9.4e-05,74.125.130.0-255,2902,12157,54,172040
12396,9.6e-05,172.31.46.0-255,66,12223,54,172040
12397,0.000135,74.125.130.0-255,6407,18630,54,172040
12398,0.000137,172.31.46.0-255,66,18696,54,172040
12399,0.00014,74.125.130.0-255,1484,20180,54,172040
12400,0.000142,172.31.46.0-255,66,20246,54,172040
12401,0.000145,74.125.130.0-255,1484,21730,54,172040
12402,0.000146,172.31.46.0-255,66,21796,54,172040
12403,0.000168,74.125.130.0-255,1484,23280,54,172040
12404,0.00017,172.31.46.0-255,66,23346,54,172040
12405,0.000195,74.125.130.0-255,5738,29084,54,172040
12406,0.000197,172.31.46.0-255,66,29150,54,172040
12407,0.0002,74.125.130.0-255,1484,30634,54,172040
12408,0.000202,172.31.46.0-255,66,30700,54,172040
12409,0.000241,74.125.130.0-255,1125,31825,54,172040
12410,0.000244,172.31.46.0-255,66,31891,54,172040
12411,0.000633,74.125.130.0-255,1484,33375,54,172040
12412,0.000638,172.31.46.0-255,66,33441,54,172040
12413,0.000644,74.125.130.0-255,1484,34925,54,172040
12414,0.000645,172.31.46.0-255,66,34991,54,172040
12415,0.000671,74.125.130.0-255,2902,37893,54,172040
12416,0.000672,172.31.46.0-255,66,37959,54,172040
12417,0.000689,74.125.130.0-255,2902,40861,54,172040
12418,0.000708,74.125.130.0-255,2902,43763,54,172040
12419,0.000733,74.125.130.0-255,1484,45247,54,172040
12420,0.000751,74.125.130.0-255,5379,50626,54,172040
12421,0.000754,74.125.130.0-255,1484,52110,54,172040
12422,0.00082,74.125.130.0-255,5738,57848,54,172040
12423,0.000838,74.125.130.0-255,4320,62168,54,172040
12424,0.000842,74.125.130.0-255,1484,63652,54,172040
12425,0.000862,74.125.130.0-255,2799,66451,54,172040
12426,0.000932,74.125.130.0-255,119,66570,54,172040
12427,0.001128,74.125.130.0-255,1484,68054,54,172040
12428,0.001151,74.125.130.0-255,2902,70956,54,172040
12429,0.001165,74.125.130.0-255,1484,72440,54,172040
12430,0.001168,74.125.130.0-255,1484,73924,54,172040
12431,0.001181,74.125.130.0-255,1484,75408,54,172040
12432,0.001202,74.125.130.0-255,2902,78310,54,172040
12433,0.001217,74.125.130.0-255,2902,81212,54,172040
12434,0.001219,74.125.130.0-255,1484,82696,54,172040
12435,0.001233,74.125.130.0-255,1484,84180,54,172040
12436,0.001242,74.125.130.0-255,1125,85305,54,172040
12437,0.001285,74.125.130.0-255,2902,88207,54,172040
12438,0.001299,74.125.130.0-255,1484,89691,54,172040
12439,0.001302,74.125.130.0-255,1484,91175,54,172040
12440,0.00132,74.125.130.0-255,4320,95495,54,172040
12441,0.001341,74.125.130.0-255,5379,100874,54,172040
12442,0.00538,172.31.46.0-255,66,100940,54,172040
12443,0.007402,74.125.130.0-255,5738,106678,54,172040
12444,0.007411,172.31.46.0-255,66,106744,54,172040
12445,0.009413,74.125.130.0-255,2902,109646,54,172040
12446,0.009419,172.31.46.0-255,66,109712,54,172040
12447,0.009433,74.125.130.0-255,2902,112614,54,172040
12448,0.009564,172.31.46.0-255,66,112680,54,172040
12449,0.011418,74.125.130.0-255,2902,115582,54,172040
12450,0.011424,172.31.46.0-255,66,115648,54,172040
12451,0.011549,74.125.130.0-255,2902,118550,54,172040
12452,0.011785,172.31.46.0-255,66,118616,54,172040
12453,0.013423,74.125.130.0-255,2902,121518,54,172040
12454,0.01343,172.31.46.0-255,66,121584,54,172040
12455,0.013782,74.125.130.0-255,2902,124486,54,172040
12456,0.013787,172.31.46.0-255,66,124552,54,172040
12457,0.015448,74.125.130.0-255,2902,127454,54,172040
12458,0.015456,172.31.46.0-255,66,127520,54,172040
12459,0.015778,74.125.130.0-255,2902,130422,54,172040
12460,0.015784,172.31.46.0-255,66,130488,54,172040
12461,0.01746,74.125.130.0-255,2902,133390,54,172040
12462,0.017468,172.31.46.0-255,66,133456,54,172040
12463,0.017778,74.125.130.0-255,2902,136358,54,172040
12464,0.017783,172.31.46.0-255,66,136424,54,172040
12465,0.019498,74.125.130.0-255,2902,139326,54,172040
12466,0.019504,172.31.46.0-255,66,139392,54,172040
12467,0.019772,74.125.130.0-255,2902,142294,54,172040
12468,0.019777,172.31.46.0-255,66,142360,54,172040
12469,0.021506,74.125.130.0-255,2902,145262,54,172040
12470,0.021518,172.31.46.0-255,66,145328,54,172040
12471,0.021777,74.125.130.0-255,2902,148230,54,172040
12472,0.021782,172.31.46.0-255,66,148296,54,172040
12473,0.023519,74.125.130.0-255,2902,151198,54,172040
12474,0.023525,172.31.46.0-255,66,151264,54,172040
12475,0.023777,74.125.130.0-255,2902,154166,54,172040
12476,0.023782,172.31.46.0-255,66,154232,54,172040
12477,0.025525,74.125.130.0-255,2902,157134,54,172040
12478,0.025532,172.31.46.0-255,66,157200,54,172040
12479,0.025786,74.125.130.0-255,2902,160102,54,172040
12480,0.025792,172.31.46.0-255,66,160168,54,172040
12481,0.027543,74.125.130.0-255,2902,163070,54,172040
12482,0.027551,172.31.46.0-255,66,163136,54,172040
12483,0.027809,74.125.130.0-255,2902,166038,54,172040
12484,0.027815,172.31.46.0-255,66,166104,54,172040
12485,0.029566,74.125.130.0-255,2902,169006,54,172040
12486,0.029574,172.31.46.0-255,66,169072,54,172040
12487,0.029832,74.125.130.0-255,2902,171974,54,172040
12488,0.029837,172.31.46.0-255,66,172040,54,172040
12489,0.0,172.217.194.0-255,155,155,54,250327
12490,1.3e-05,172.31.46.0-255,66,221,54,250327
12491,2e-05,172.217.194.0-255,1484,1705,54,250327
12492,2.3e-05,172.31.46.0-255,66,1771,54,250327
12493,2.8e-05,172.217.194.0-255,2902,4673,54,250327
12494,3.2e-05,172.31.46.0-255,66,4739,54,250327
12495,3.9e-05,172.217.194.0-255,7156,11895,54,250327
12496,4.2e-05,172.31.46.0-255,66,11961,54,250327
12497,6.3e-05,172.217.194.0-255,2065,14026,54,250327
12498,6.6e-05,172.31.46.0-255,66,14092,54,250327
12499,8.4e-05,172.217.194.0-255,2902,16994,54,250327
12500,8.6e-05,172.31.46.0-255,66,17060,54,250327
12501,8.9e-05,172.217.194.0-255,1484,18544,54,250327
12502,9.1e-05,172.31.46.0-255,66,18610,54,250327
12503,0.000114,172.217.194.0-255,5738,24348,54,250327
12504,0.000116,172.31.46.0-255,66,24414,54,250327
12505,0.000122,172.217.194.0-255,6797,31211,54,250327
12506,0.000124,172.31.46.0-255,66,31277,54,250327
12507,0.000242,172.217.194.0-255,1484,32761,54,250327
12508,0.000246,172.31.46.0-255,66,32827,54,250327
12509,0.000266,172.217.194.0-255,2902,35729,54,250327
12510,0.000268,172.31.46.0-255,66,35795,54,250327
12511,0.000274,172.217.194.0-255,5738,41533,54,250327
12512,0.000276,172.31.46.0-255,66,41599,54,250327
12513,0.000282,172.217.194.0-255,6797,48396,54,250327
12514,0.000285,172.31.46.0-255,66,48462,54,250327
12515,0.000323,172.217.194.0-255,5738,54200,54,250327
12516,0.000325,172.31.46.0-255,66,54266,54,250327
12517,0.000339,172.217.194.0-255,5738,60004,54,250327
12518,0.000342,172.31.46.0-255,66,60070,54,250327
12519,0.000378,172.217.194.0-255,4320,64390,54,250327
12520,0.00038,172.31.46.0-255,66,64456,54,250327
12521,0.000391,172.217.194.0-255,1436,65892,54,250327
12522,0.000394,172.217.194.0-255,396,66288,54,250327
12523,0.000396,172.31.46.0-255,66,66354,54,250327
12524,0.000573,172.217.194.0-255,1484,67838,54,250327
12525,0.000586,172.217.194.0-255,2902,70740,54,250327
12526,0.00059,172.31.46.0-255,66,70806,54,250327
12527,0.000596,172.217.194.0-255,5738,76544,54,250327
12528,0.000598,172.31.46.0-255,66,76610,54,250327
12529,0.000633,172.31.46.0-255,66,76676,54,250327
12530,0.000636,172.217.194.0-255,1484,78160,54,250327
12531,0.000662,172.31.46.0-255,66,78226,54,250327
12532,0.000685,172.217.194.0-255,766,78992,54,250327
12533,0.000983,172.217.194.0-255,1484,80476,54,250327
12534,0.000988,172.31.46.0-255,66,80542,54,250327
12535,0.000994,172.217.194.0-255,2902,83444,54,250327
12536,0.000996,172.31.46.0-255,66,83510,54,250327
12537,0.001002,172.217.194.0-255,5738,89248,54,250327
12538,0.001004,172.31.46.0-255,66,89314,54,250327
12539,0.001021,172.217.194.0-255,1484,90798,54,250327
12540,0.001053,172.31.46.0-255,66,90864,54,250327
12541,0.001066,172.31.46.0-255,66,90930,54,250327
12542,0.001114,172.217.194.0-255,1484,92414,54,250327
12543,0.001118,172.217.194.0-255,2902,95316,54,250327
12544,0.001121,172.31.46.0-255,66,95382,54,250327
12545,0.001128,172.217.194.0-255,5738,101120,54,250327
12546,0.00113,172.31.46.0-255,66,101186,54,250327
12547,0.001133,172.217.194.0-255,1484,102670,54,250327
12548,0.001165,172.31.46.0-255,66,102736,54,250327
12549,0.001186,172.217.194.0-255,1484,104220,54,250327
12550,0.0012,172.31.46.0-255,66,104286,54,250327
12551,0.001252,172.217.194.0-255,1484,105770,54,250327
12552,0.001256,172.217.194.0-255,1484,107254,54,250327
12553,0.001258,172.31.46.0-255,66,107320,54,250327
12554,0.001277,172.217.194.0-255,1484,108804,54,250327
12555,0.001284,172.217.194.0-255,5738,114542,54,250327
12556,0.001286,172.31.46.0-255,66,114608,54,250327
12557,0.001291,172.217.194.0-255,2902,117510,54,250327
12558,0.001294,172.31.46.0-255,66,117576,54,250327
12559,0.001326,172.31.46.0-255,66,117642,54,250327
12560,0.001337,172.31.46.0-255,66,117708,54,250327
12561,0.001339,172.217.194.0-255,766,118474,54,250327
12562,0.001927,172.217.194.0-255,1484,119958,54,250327
12563,0.001934,172.31.46.0-255,66,120024,54,250327
12564,0.001941,172.217.194.0-255,2902,122926,54,250327
12565,0.001943,172.31.46.0-255,66,122992,54,250327
12566,0.001949,172.217.194.0-255,5738,128730,54,250327
12567,0.001952,172.31.46.0-255,66,128796,54,250327
12568,0.001975,172.217.194.0-255,5738,134534,54,250327
12569,0.001978,172.31.46.0-255,66,134600,54,250327
12570,0.002003,172.217.194.0-255,7156,141756,54,250327
12571,0.002006,172.31.46.0-255,66,141822,54,250327
12572,0.002012,172.217.194.0-255,5738,147560,54,250327
12573,0.002014,172.31.46.0-255,66,147626,54,250327
12574,0.002042,172.217.194.0-255,5020,152646,54,250327
12575,0.002045,172.31.46.0-255,66,152712,54,250327
12576,0.002178,172.217.194.0-255,1484,154196,54,250327
12577,0.002196,172.217.194.0-255,2902,157098,54,250327
12578,0.0022,172.31.46.0-255,66,157164,54,250327
12579,0.002205,172.217.194.0-255,2902,160066,54,250327
12580,0.002208,172.31.46.0-255,66,160132,54,250327
12581,0.002222,172.217.194.0-255,2902,163034,54,250327
12582,0.002224,172.31.46.0-255,66,163100,54,250327
12583,0.002229,172.217.194.0-255,4320,167420,54,250327
12584,0.002232,172.31.46.0-255,66,167486,54,250327
12585,0.002263,172.31.46.0-255,66,167552,54,250327
12586,0.00227,172.217.194.0-255,7156,174708,54,250327
12587,0.002272,172.31.46.0-255,66,174774,54,250327
12588,0.002291,172.217.194.0-255,2902,177676,54,250327
12589,0.002292,172.31.46.0-255,66,177742,54,250327
12590,0.002295,172.217.194.0-255,766,178508,54,250327
12591,0.004535,172.217.194.0-255,1484,179992,54,250327
12592,0.004538,172.31.46.0-255,66,180058,54,250327
12593,0.004557,172.217.194.0-255,2902,182960,54,250327
12594,0.004559,172.31.46.0-255,66,183026,54,250327
12595,0.006773,172.217.194.0-255,2902,185928,54,250327
12596,0.006779,172.31.46.0-255,66,185994,54,250327
12597,0.006802,172.217.194.0-255,2902,188896,54,250327
12598,0.006804,172.31.46.0-255,66,188962,54,250327
12599,0.009036,172.217.194.0-255,2902,191864,54,250327
12600,0.009042,172.31.46.0-255,66,191930,54,250327
12601,0.009066,172.217.194.0-255,2902,194832,54,250327
12602,0.009068,172.31.46.0-255,66,194898,54,250327
12603,0.011333,172.217.194.0-255,5738,200636,54,250327
12604,0.011339,172.31.46.0-255,66,200702,54,250327
12605,0.013591,172.217.194.0-255,5738,206440,54,250327
12606,0.013598,172.31.46.0-255,66,206506,54,250327
12607,0.015847,172.217.194.0-255,5738,212244,54,250327
12608,0.015854,172.31.46.0-255,66,212310,54,250327
12609,0.018088,172.217.194.0-255,5738,218048,54,250327
12610,0.018095,172.31.46.0-255,66,218114,54,250327
12611,0.020374,172.217.194.0-255,5738,223852,54,250327
12612,0.020382,172.31.46.0-255,66,223918,54,250327
12613,0.022661,172.217.194.0-255,5738,229656,54,250327
12614,0.022668,172.31.46.0-255,66,229722,54,250327
12615,0.024929,172.217.194.0-255,5738,235460,54,250327
12616,0.024936,172.31.46.0-255,66,235526,54,250327
12617,0.027182,172.217.194.0-255,5738,241264,54,250327
12618,0.027189,172.31.46.0-255,66,241330,54,250327
12619,0.027538,172.31.46.0-255,172,241502,54,250327
12620,0.027568,172.31.46.0-255,1119,242621,54,250327
12621,0.02762,172.31.46.0-255,1514,244135,54,250327
12622,0.027622,172.31.46.0-255,322,244457,54,250327
12623,0.029208,104.244.42.0-255,66,244523,54,250327
12624,0.029448,172.217.194.0-255,5738,250261,54,250327
12625,0.029453,172.31.46.0-255,66,250327,54,250327
12626,0.0,172.217.27.0-255,145,145,54,181129
12627,2.4e-05,172.31.46.0-255,66,211,54,181129
12628,3.1e-05,172.217.27.0-255,1484,1695,54,181129
12629,3.6e-05,172.31.46.0-255,66,1761,54,181129
12630,4.2e-05,172.217.27.0-255,2902,4663,54,181129
12631,4.6e-05,172.31.46.0-255,66,4729,54,181129
12632,5.3e-05,172.217.27.0-255,5738,10467,54,181129
12633,5.7e-05,172.31.46.0-255,66,10533,54,181129
12634,8.7e-05,172.217.27.0-255,3499,14032,54,181129
12635,9e-05,172.31.46.0-255,66,14098,54,181129
12636,0.000113,172.217.27.0-255,4320,18418,54,181129
12637,0.000116,172.31.46.0-255,66,18484,54,181129
12638,0.000124,172.217.27.0-255,7156,25640,54,181129
12639,0.000126,172.31.46.0-255,66,25706,54,181129
12640,0.000169,172.217.27.0-255,5379,31085,54,181129
12641,0.000178,172.31.46.0-255,66,31151,54,181129
12642,0.000348,172.217.27.0-255,1484,32635,54,181129
12643,0.000353,172.31.46.0-255,66,32701,54,181129
12644,0.000359,172.217.27.0-255,2902,35603,54,181129
12645,0.000362,172.31.46.0-255,66,35669,54,181129
12646,0.000376,172.217.27.0-255,2902,38571,54,181129
12647,0.000379,172.31.46.0-255,66,38637,54,181129
12648,0.000384,172.217.27.0-255,2902,41539,54,181129
12649,0.000386,172.31.46.0-255,66,41605,54,181129
12650,0.000405,172.217.27.0-255,1484,43089,54,181129
12651,0.000408,172.31.46.0-255,66,43155,54,181129
12652,0.00042,172.217.27.0-255,1484,44639,54,181129
12653,0.000422,172.31.46.0-255,66,44705,54,181129
12654,0.000452,172.31.46.0-255,66,44771,54,181129
12655,0.000465,172.31.46.0-255,66,44837,54,181129
12656,0.00047,172.217.27.0-255,2543,47380,54,181129
12657,0.000472,172.31.46.0-255,66,47446,54,181129
12658,0.001012,172.217.27.0-255,645,48091,54,181129
12659,0.001025,172.31.46.0-255,66,48157,54,181129
12660,0.001163,172.217.27.0-255,1484,49641,54,181129
12661,0.001173,172.217.27.0-255,2902,52543,54,181129
12662,0.001176,172.31.46.0-255,66,52609,54,181129
12663,0.001181,172.217.27.0-255,1484,54093,54,181129
12664,0.001197,172.217.27.0-255,2902,56995,54,181129
12665,0.0012,172.31.46.0-255,66,57061,54,181129
12666,0.001203,172.217.27.0-255,1484,58545,54,181129
12667,0.001221,172.217.27.0-255,4320,62865,54,181129
12668,0.001223,172.31.46.0-255,66,62931,54,181129
12669,0.001249,172.217.27.0-255,6797,69728,54,181129
12670,0.001251,172.31.46.0-255,66,69794,54,181129
12671,0.001259,172.217.27.0-255,7156,76950,54,181129
12672,0.001261,172.31.46.0-255,66,77016,54,181129
12673,0.001293,172.217.27.0-255,5379,82395,54,181129
12674,0.001296,172.31.46.0-255,66,82461,54,181129
12675,0.002955,172.217.27.0-255,5738,88199,54,181129
12676,0.002963,172.31.46.0-255,66,88265,54,181129
12677,0.004625,172.217.27.0-255,5738,94003,54,181129
12678,0.004628,172.31.46.0-255,66,94069,54,181129
12679,0.006284,172.217.27.0-255,5738,99807,54,181129
12680,0.006291,172.31.46.0-255,66,99873,54,181129
12681,0.00795,172.217.27.0-255,5738,105611,54,181129
12682,0.007958,172.31.46.0-255,66,105677,54,181129
12683,0.009637,172.217.27.0-255,5738,111415,54,181129
12684,0.009651,172.31.46.0-255,66,111481,54,181129
12685,0.011313,172.217.27.0-255,5738,117219,54,181129
12686,0.011323,172.31.46.0-255,66,117285,54,181129
12687,0.012986,172.217.27.0-255,5738,123023,54,181129
12688,0.012998,172.31.46.0-255,66,123089,54,181129
12689,0.014685,172.217.27.0-255,5738,128827,54,181129
12690,0.014695,172.31.46.0-255,66,128893,54,181129
12691,0.016362,172.217.27.0-255,5738,134631,54,181129
12692,0.016375,172.31.46.0-255,66,134697,54,181129
12693,0.018034,172.217.27.0-255,5738,140435,54,181129
12694,0.018043,172.31.46.0-255,66,140501,54,181129
12695,0.019707,172.217.27.0-255,5738,146239,54,181129
12696,0.019716,172.31.46.0-255,66,146305,54,181129
12697,0.02138,172.217.27.0-255,5738,152043,54,181129
12698,0.021389,172.31.46.0-255,66,152109,54,181129
12699,0.023051,172.217.27.0-255,5738,157847,54,181129
12700,0.023063,172.31.46.0-255,66,157913,54,181129
12701,0.024769,172.217.27.0-255,5738,163651,54,181129
12702,0.024781,172.31.46.0-255,66,163717,54,181129
12703,0.026449,172.217.27.0-255,5738,169455,54,181129
12704,0.026458,172.31.46.0-255,66,169521,54,181129
12705,0.028118,172.217.27.0-255,5738,175259,54,181129
12706,0.028125,172.31.46.0-255,66,175325,54,181129
12707,0.029784,172.217.27.0-255,5738,181063,54,181129
12708,0.02979,172.31.46.0-255,66,181129,54,181129
12709,0.0,172.217.27.0-255,149,149,54,171502
12710,1.5e-05,172.31.46.0-255,66,215,54,171502
12711,2.1e-05,172.217.27.0-255,1484,1699,54,171502
12712,2.5e-05,172.31.46.0-255,66,1765,54,171502
12713,3.1e-05,172.217.27.0-255,2902,4667,54,171502
12714,3.4e-05,172.31.46.0-255,66,4733,54,171502
12715,3.8e-05,172.217.27.0-255,2902,7635,54,171502
12716,4.1e-05,172.31.46.0-255,66,7701,54,171502
12717,6.7e-05,172.217.27.0-255,1484,9185,54,171502
12718,6.9e-05,172.31.46.0-255,66,9251,54,171502
12719,7.5e-05,172.217.27.0-255,4909,14160,54,171502
12720,7.8e-05,172.31.46.0-255,66,14226,54,171502
12721,8.8e-05,172.31.46.0-255,66,14292,54,171502
12722,0.000109,172.217.27.0-255,1484,15776,54,171502
12723,0.00011,172.31.46.0-255,66,15842,54,171502
12724,0.000116,172.217.27.0-255,5379,21221,54,171502
12725,0.000118,172.31.46.0-255,66,21287,54,171502
12726,0.000219,172.217.27.0-255,1484,22771,54,171502
12727,0.000223,172.31.46.0-255,66,22837,54,171502
12728,0.000228,172.217.27.0-255,2902,25739,54,171502
12729,0.00023,172.31.46.0-255,66,25805,54,171502
12730,0.000251,172.217.27.0-255,4320,30125,54,171502
12731,0.000253,172.31.46.0-255,66,30191,54,171502
12732,0.000256,172.217.27.0-255,1484,31675,54,171502
12733,0.000258,172.31.46.0-255,66,31741,54,171502
12734,0.000276,172.217.27.0-255,4320,36061,54,171502
12735,0.000279,172.31.46.0-255,66,36127,54,171502
12736,0.000296,172.217.27.0-255,4320,40447,54,171502
12737,0.000298,172.31.46.0-255,66,40513,54,171502
12738,0.000326,172.31.46.0-255,66,40579,54,171502
12739,0.00035,172.217.27.0-255,4320,44899,54,171502
12740,0.000352,172.31.46.0-255,66,44965,54,171502
12741,0.000372,172.217.27.0-255,2543,47508,54,171502
12742,0.000374,172.31.46.0-255,66,47574,54,171502
12743,0.000376,172.217.27.0-255,394,47968,54,171502
12744,0.000718,172.217.27.0-255,115,48083,54,171502
12745,0.000738,172.217.27.0-255,331,48414,54,171502
12746,0.000854,172.31.46.0-255,66,48480,54,171502
12747,0.001485,172.217.27.0-255,1484,49964,54,171502
12748,0.001496,172.217.27.0-255,2902,52866,54,171502
12749,0.001502,172.31.46.0-255,66,52932,54,171502
12750,0.001509,172.217.27.0-255,5738,58670,54,171502
12751,0.001512,172.31.46.0-255,66,58736,54,171502
12752,0.001525,172.31.46.0-255,66,58802,54,171502
12753,0.001573,172.217.27.0-255,7156,65958,54,171502
12754,0.001576,172.31.46.0-255,66,66024,54,171502
12755,0.001601,172.217.27.0-255,3602,69626,54,171502
12756,0.001604,172.31.46.0-255,66,69692,54,171502
12757,0.001616,172.31.46.0-255,66,69758,54,171502
12758,0.001627,172.31.46.0-255,66,69824,54,171502
12759,0.001659,172.31.46.0-255,66,69890,54,171502
12760,0.003296,172.217.27.0-255,5738,75628,54,171502
12761,0.0033,172.31.46.0-255,66,75694,54,171502
12762,0.004927,172.217.27.0-255,4320,80014,54,171502
12763,0.00493,172.31.46.0-255,66,80080,54,171502
12764,0.004944,172.217.27.0-255,1484,81564,54,171502
12765,0.00656,172.217.27.0-255,4320,85884,54,171502
12766,0.006566,172.31.46.0-255,66,85950,54,171502
12767,0.008193,172.217.27.0-255,5738,91688,54,171502
12768,0.008199,172.31.46.0-255,66,91754,54,171502
12769,0.009836,172.217.27.0-255,5738,97492,54,171502
12770,0.009844,172.31.46.0-255,66,97558,54,171502
12771,0.011475,172.217.27.0-255,5738,103296,54,171502
12772,0.011481,172.31.46.0-255,66,103362,54,171502
12773,0.013118,172.217.27.0-255,5738,109100,54,171502
12774,0.013125,172.31.46.0-255,66,109166,54,171502
12775,0.014762,172.217.27.0-255,5738,114904,54,171502
12776,0.014769,172.31.46.0-255,66,114970,54,171502
12777,0.016413,172.217.27.0-255,5738,120708,54,171502
12778,0.016422,172.31.46.0-255,66,120774,54,171502
12779,0.018061,172.217.27.0-255,5738,126512,54,171502
12780,0.018068,172.31.46.0-255,66,126578,54,171502
12781,0.019706,172.217.27.0-255,5738,132316,54,171502
12782,0.019712,172.31.46.0-255,66,132382,54,171502
12783,0.021339,172.217.27.0-255,5738,138120,54,171502
12784,0.021345,172.31.46.0-255,66,138186,54,171502
12785,0.021811,172.31.46.0-255,188,138374,54,171502
12786,0.021839,172.31.46.0-255,960,139334,54,171502
12787,0.021887,172.31.46.0-255,1514,140848,54,171502
12788,0.021889,172.31.46.0-255,1436,142284,54,171502
12789,0.022991,172.217.27.0-255,5738,148022,54,171502
12790,0.022999,172.31.46.0-255,66,148088,54,171502
12791,0.023323,104.244.42.0-255,66,148154,54,171502
12792,0.023391,104.244.42.0-255,66,148220,54,171502
12793,0.023458,104.244.42.0-255,66,148286,54,171502
12794,0.024646,172.217.27.0-255,5738,154024,54,171502
12795,0.024652,172.31.46.0-255,66,154090,54,171502
12796,0.026289,172.217.27.0-255,5738,159828,54,171502
12797,0.026295,172.31.46.0-255,66,159894,54,171502
12798,0.027943,172.217.27.0-255,5738,165632,54,171502
12799,0.027949,172.31.46.0-255,66,165698,54,171502
12800,0.029619,172.217.27.0-255,5738,171436,54,171502
12801,0.029624,172.31.46.0-255,66,171502,54,171502
12802,0.0,172.217.194.0-255,156,156,54,149866
12803,2.4e-05,172.31.46.0-255,66,222,54,149866
12804,3.1e-05,172.217.194.0-255,1484,1706,54,149866
12805,3.6e-05,172.31.46.0-255,66,1772,54,149866
12806,4.1e-05,172.217.194.0-255,2902,4674,54,149866
12807,4.6e-05,172.31.46.0-255,66,4740,54,149866
12808,5.2e-05,172.217.194.0-255,4320,9060,54,149866
12809,5.6e-05,172.31.46.0-255,66,9126,54,149866
12810,7.7e-05,172.217.194.0-255,4320,13446,54,149866
12811,8e-05,172.31.46.0-255,66,13512,54,149866
12812,9.2e-05,172.217.194.0-255,611,14123,54,149866
12813,9.5e-05,172.31.46.0-255,66,14189,54,149866
12814,0.000603,172.217.194.0-255,1484,15673,54,149866
12815,0.000611,172.31.46.0-255,66,15739,54,149866
12816,0.00062,172.217.194.0-255,2902,18641,54,149866
12817,0.000623,172.31.46.0-255,66,18707,54,149866
12818,0.000629,172.217.194.0-255,5738,24445,54,149866
12819,0.000632,172.31.46.0-255,66,24511,54,149866
12820,0.000639,172.217.194.0-255,6797,31308,54,149866
12821,0.000643,172.31.46.0-255,66,31374,54,149866
12822,0.000682,172.217.194.0-255,1484,32858,54,149866
12823,0.000685,172.31.46.0-255,66,32924,54,149866
12824,0.000706,172.217.194.0-255,2902,35826,54,149866
12825,0.000708,172.31.46.0-255,66,35892,54,149866
12826,0.000715,172.217.194.0-255,5738,41630,54,149866
12827,0.000718,172.31.46.0-255,66,41696,54,149866
12828,0.000762,172.217.194.0-255,6797,48493,54,149866
12829,0.000767,172.31.46.0-255,66,48559,54,149866
12830,0.001338,172.217.194.0-255,1484,50043,54,149866
12831,0.001345,172.31.46.0-255,66,50109,54,149866
12832,0.001353,172.217.194.0-255,2902,53011,54,149866
12833,0.001355,172.31.46.0-255,66,53077,54,149866
12834,0.00136,172.217.194.0-255,2902,55979,54,149866
12835,0.001367,172.217.194.0-255,4320,60299,54,149866
12836,0.001406,172.217.194.0-255,5379,65678,54,149866
12837,0.001498,172.217.194.0-255,1484,67162,54,149866
12838,0.001513,172.217.194.0-255,2902,70064,54,149866
12839,0.001517,172.217.194.0-255,2902,72966,54,149866
12840,0.00153,172.217.194.0-255,2902,75868,54,149866
12841,0.001574,172.217.194.0-255,2902,78770,54,149866
12842,0.001625,172.217.194.0-255,2902,81672,54,149866
12843,0.003926,172.31.46.0-255,66,81738,54,149866
12844,0.0063,172.217.194.0-255,5738,87476,54,149866
12845,0.006308,172.31.46.0-255,66,87542,54,149866
12846,0.008632,172.217.194.0-255,5738,93280,54,149866
12847,0.008678,172.31.46.0-255,66,93346,54,149866
12848,0.011059,172.217.194.0-255,5738,99084,54,149866
12849,0.011072,172.31.46.0-255,66,99150,54,149866
12850,0.013408,172.217.194.0-255,5738,104888,54,149866
12851,0.013416,172.31.46.0-255,66,104954,54,149866
12852,0.015731,172.217.194.0-255,5738,110692,54,149866
12853,0.015739,172.31.46.0-255,66,110758,54,149866
12854,0.018081,172.217.194.0-255,5738,116496,54,149866
12855,0.018089,172.31.46.0-255,66,116562,54,149866
12856,0.020456,172.217.194.0-255,5738,122300,54,149866
12857,0.020463,172.31.46.0-255,66,122366,54,149866
12858,0.02148,172.31.46.0-255,176,122542,54,149866
12859,0.021512,172.31.46.0-255,1119,123661,54,149866
12860,0.021576,172.31.46.0-255,1514,125175,54,149866
12861,0.021577,172.31.46.0-255,1277,126452,54,149866
12862,0.02281,172.217.194.0-255,5738,132190,54,149866
12863,0.022817,172.31.46.0-255,66,132256,54,149866
12864,0.023025,104.244.42.0-255,66,132322,54,149866
12865,0.023033,104.244.42.0-255,66,132388,54,149866
12866,0.023132,104.244.42.0-255,66,132454,54,149866
12867,0.025135,172.217.194.0-255,5738,138192,54,149866
12868,0.025143,172.31.46.0-255,66,138258,54,149866
12869,0.027525,172.217.194.0-255,5738,143996,54,149866
12870,0.027532,172.31.46.0-255,66,144062,54,149866
12871,0.029843,172.217.194.0-255,5738,149800,54,149866
12872,0.02985,172.31.46.0-255,66,149866,54,149866
12873,0.0,172.217.194.0-255,150,150,54,215356
12874,2.1e-05,172.31.46.0-255,66,216,54,215356
12875,2.7e-05,172.217.194.0-255,1484,1700,54,215356
12876,3.1e-05,172.31.46.0-255,66,1766,54,215356
12877,3.7e-05,172.217.194.0-255,2902,4668,54,215356
12878,4.7e-05,172.31.46.0-255,66,4734,54,215356
12879,5.4e-05,172.217.194.0-255,7156,11890,54,215356
12880,5.7e-05,172.31.46.0-255,66,11956,54,215356
12881,6.2e-05,172.217.194.0-255,4320,16276,54,215356
12882,6.5e-05,172.31.46.0-255,66,16342,54,215356
12883,9e-05,172.217.194.0-255,3528,19870,54,215356
12884,9.3e-05,172.31.46.0-255,66,19936,54,215356
12885,9.8e-05,172.217.194.0-255,4320,24256,54,215356
12886,0.0001,172.31.46.0-255,66,24322,54,215356
12887,0.000132,172.217.194.0-255,6797,31119,54,215356
12888,0.000135,172.31.46.0-255,66,31185,54,215356
12889,0.00044,172.217.194.0-255,1484,32669,54,215356
12890,0.000445,172.31.46.0-255,66,32735,54,215356
12891,0.000451,172.217.194.0-255,2902,35637,54,215356
12892,0.000453,172.31.46.0-255,66,35703,54,215356
12893,0.000457,172.217.194.0-255,2902,38605,54,215356
12894,0.000463,172.31.46.0-255,66,38671,54,215356
12895,0.000483,172.217.194.0-255,2902,41573,54,215356
12896,0.000486,172.31.46.0-255,66,41639,54,215356
12897,0.000489,172.217.194.0-255,1484,43123,54,215356
12898,0.00049,172.31.46.0-255,66,43189,54,215356
12899,0.00053,172.217.194.0-255,6797,49986,54,215356
12900,0.000533,172.31.46.0-255,66,50052,54,215356
12901,0.000543,172.31.46.0-255,66,50118,54,215356
12902,0.00055,172.217.194.0-255,7051,57169,54,215356
12903,0.000552,172.31.46.0-255,66,57235,54,215356
12904,0.000668,172.217.194.0-255,117,57352,54,215356
12905,0.000782,172.217.194.0-255,1484,58836,54,215356
12906,0.000786,172.31.46.0-255,66,58902,54,215356
12907,0.000816,172.217.194.0-255,2902,61804,54,215356
12908,0.000819,172.31.46.0-255,66,61870,54,215356
12909,0.000825,172.217.194.0-255,5738,67608,54,215356
12910,0.000827,172.31.46.0-255,66,67674,54,215356
12911,0.000863,172.31.46.0-255,66,67740,54,215356
12912,0.000868,172.217.194.0-255,4320,72060,54,215356
12913,0.00087,172.31.46.0-255,66,72126,54,215356
12914,0.000899,172.217.194.0-255,6438,78564,54,215356
12915,0.000903,172.31.46.0-255,66,78630,54,215356
12916,0.000951,172.217.194.0-255,2902,81532,54,215356
12917,0.000954,172.31.46.0-255,66,81598,54,215356
12918,0.000975,172.217.194.0-255,4636,86234,54,215356
12919,0.000977,172.31.46.0-255,66,86300,54,215356
12920,0.000987,172.31.46.0-255,66,86366,54,215356
12921,0.001038,172.31.46.0-255,66,86432,54,215356
12922,0.001246,172.217.194.0-255,1484,87916,54,215356
12923,0.001261,172.217.194.0-255,2902,90818,54,215356
12924,0.001265,172.31.46.0-255,66,90884,54,215356
12925,0.00129,172.217.194.0-255,5738,96622,54,215356
12926,0.001293,172.31.46.0-255,66,96688,54,215356
12927,0.001296,172.217.194.0-255,1484,98172,54,215356
12928,0.001333,172.31.46.0-255,66,98238,54,215356
12929,0.001339,172.217.194.0-255,4320,102558,54,215356
12930,0.001341,172.31.46.0-255,66,102624,54,215356
12931,0.001375,172.217.194.0-255,6438,109062,54,215356
12932,0.001378,172.31.46.0-255,66,109128,54,215356
12933,0.001496,172.217.194.0-255,1484,110612,54,215356
12934,0.001513,172.217.194.0-255,2902,113514,54,215356
12935,0.001516,172.31.46.0-255,66,113580,54,215356
12936,0.001544,172.217.194.0-255,5738,119318,54,215356
12937,0.001547,172.31.46.0-255,66,119384,54,215356
12938,0.001571,172.217.194.0-255,2902,122286,54,215356
12939,0.001573,172.31.46.0-255,66,122352,54,215356
12940,0.001609,172.31.46.0-255,66,122418,54,215356
12941,0.001647,172.31.46.0-255,66,122484,54,215356
12942,0.001759,172.217.194.0-255,1484,123968,54,215356
12943,0.001764,172.217.194.0-255,1484,125452,54,215356
12944,0.001767,172.31.46.0-255,66,125518,54,215356
12945,0.001793,172.217.194.0-255,1484,127002,54,215356
12946,0.0018,172.217.194.0-255,5738,132740,54,215356
12947,0.001803,172.31.46.0-255,66,132806,54,215356
12948,0.001816,172.217.194.0-255,2902,135708,54,215356
12949,0.001821,172.31.46.0-255,66,135774,54,215356
12950,0.001855,172.31.46.0-255,66,135840,54,215356
12951,0.001858,172.217.194.0-255,1484,137324,54,215356
12952,0.001895,172.31.46.0-255,66,137390,54,215356
12953,0.001912,172.31.46.0-255,66,137456,54,215356
12954,0.001949,172.31.46.0-255,66,137522,54,215356
12955,0.001977,172.217.194.0-255,3602,141124,54,215356
12956,0.001979,172.31.46.0-255,66,141190,54,215356
12957,0.003985,172.217.194.0-255,1484,142674,54,215356
12958,0.004007,172.217.194.0-255,4320,146994,54,215356
12959,0.004012,172.31.46.0-255,66,147060,54,215356
12960,0.006083,172.217.194.0-255,4320,151380,54,215356
12961,0.006088,172.31.46.0-255,66,151446,54,215356
12962,0.006113,172.217.194.0-255,1484,152930,54,215356
12963,0.00813,172.217.194.0-255,4320,157250,54,215356
12964,0.008135,172.31.46.0-255,66,157316,54,215356
12965,0.010156,172.217.194.0-255,5738,163054,54,215356
12966,0.010162,172.31.46.0-255,66,163120,54,215356
12967,0.01219,172.217.194.0-255,5738,168858,54,215356
12968,0.012215,172.31.46.0-255,66,168924,54,215356
12969,0.01427,172.217.194.0-255,5738,174662,54,215356
12970,0.014279,172.31.46.0-255,66,174728,54,215356
12971,0.016332,172.217.194.0-255,5738,180466,54,215356
12972,0.016341,172.31.46.0-255,66,180532,54,215356
12973,0.01837,172.217.194.0-255,5738,186270,54,215356
12974,0.018377,172.31.46.0-255,66,186336,54,215356
12975,0.020421,172.217.194.0-255,5738,192074,54,215356
12976,0.020429,172.31.46.0-255,66,192140,54,215356
12977,0.022455,172.217.194.0-255,5738,197878,54,215356
12978,0.022462,172.31.46.0-255,66,197944,54,215356
12979,0.024493,172.217.194.0-255,5738,203682,54,215356
12980,0.024501,172.31.46.0-255,66,203748,54,215356
12981,0.026542,172.217.194.0-255,5738,209486,54,215356
12982,0.026549,172.31.46.0-255,66,209552,54,215356
12983,0.028569,172.217.194.0-255,5738,215290,54,215356
12984,0.028576,172.31.46.0-255,66,215356,54,215356
12985,0.0,74.125.24.0-255,152,152,54,242878
12986,1.6e-05,172.31.46.0-255,66,218,54,242878
12987,2.2e-05,74.125.24.0-255,1484,1702,54,242878
12988,2.7e-05,172.31.46.0-255,66,1768,54,242878
12989,4.3e-05,74.125.24.0-255,2902,4670,54,242878
12990,4.7e-05,172.31.46.0-255,66,4736,54,242878
12991,5.5e-05,74.125.24.0-255,7156,11892,54,242878
12992,5.8e-05,172.31.46.0-255,66,11958,54,242878
12993,6.2e-05,74.125.24.0-255,2101,14059,54,242878
12994,6.4e-05,172.31.46.0-255,66,14125,54,242878
12995,9.6e-05,74.125.24.0-255,1484,15609,54,242878
12996,9.9e-05,172.31.46.0-255,66,15675,54,242878
12997,0.000133,74.125.24.0-255,2902,18577,54,242878
12998,0.000136,172.31.46.0-255,66,18643,54,242878
12999,0.000143,74.125.24.0-255,5738,24381,54,242878
13000,0.000145,172.31.46.0-255,66,24447,54,242878
13001,0.000158,74.125.24.0-255,6797,31244,54,242878
13002,0.00016,172.31.46.0-255,66,31310,54,242878
13003,0.000237,74.125.24.0-255,1484,32794,54,242878
13004,0.00024,172.31.46.0-255,66,32860,54,242878
13005,0.000245,74.125.24.0-255,2902,35762,54,242878
13006,0.000247,172.31.46.0-255,66,35828,54,242878
13007,0.000251,74.125.24.0-255,1484,37312,54,242878
13008,0.000253,172.31.46.0-255,66,37378,54,242878
13009,0.000283,74.125.24.0-255,4320,41698,54,242878
13010,0.000286,172.31.46.0-255,66,41764,54,242878
13011,0.000301,172.31.46.0-255,66,41830,54,242878
13012,0.000309,74.125.24.0-255,7156,48986,54,242878
13013,0.000311,172.31.46.0-255,66,49052,54,242878
13014,0.000333,74.125.24.0-255,2543,51595,54,242878
13015,0.000336,172.31.46.0-255,66,51661,54,242878
13016,0.000338,74.125.24.0-255,394,52055,54,242878
13017,0.000379,74.125.24.0-255,381,52436,54,242878
13018,0.000655,74.125.24.0-255,1484,53920,54,242878
13019,0.000661,172.31.46.0-255,66,53986,54,242878
13020,0.000665,74.125.24.0-255,1484,55470,54,242878
13021,0.000686,74.125.24.0-255,1484,56954,54,242878
13022,0.000689,172.31.46.0-255,66,57020,54,242878
13023,0.000696,74.125.24.0-255,5738,62758,54,242878
13024,0.000699,172.31.46.0-255,66,62824,54,242878
13025,0.000715,172.31.46.0-255,66,62890,54,242878
13026,0.000727,172.31.46.0-255,66,62956,54,242878
13027,0.000755,74.125.24.0-255,5020,67976,54,242878
13028,0.000758,172.31.46.0-255,66,68042,54,242878
13029,0.000884,74.125.24.0-255,1484,69526,54,242878
13030,0.00089,74.125.24.0-255,2902,72428,54,242878
13031,0.000893,172.31.46.0-255,66,72494,54,242878
13032,0.000899,74.125.24.0-255,4320,76814,54,242878
13033,0.000901,172.31.46.0-255,66,76880,54,242878
13034,0.000921,74.125.24.0-255,1484,78364,54,242878
13035,0.000926,74.125.24.0-255,5738,84102,54,242878
13036,0.000929,172.31.46.0-255,66,84168,54,242878
13037,0.000956,74.125.24.0-255,7156,91324,54,242878
13038,0.000958,172.31.46.0-255,66,91390,54,242878
13039,0.000972,172.31.46.0-255,66,91456,54,242878
13040,0.001108,74.125.24.0-255,1484,92940,54,242878
13041,0.001115,74.125.24.0-255,2902,95842,54,242878
13042,0.001118,172.31.46.0-255,66,95908,54,242878
13043,0.001122,74.125.24.0-255,1484,97392,54,242878
13044,0.001148,74.125.24.0-255,4320,101712,54,242878
13045,0.00115,172.31.46.0-255,66,101778,54,242878
13046,0.001158,74.125.24.0-255,5738,107516,54,242878
13047,0.00116,172.31.46.0-255,66,107582,54,242878
13048,0.001187,74.125.24.0-255,7156,114738,54,242878
13049,0.00119,172.31.46.0-255,66,114804,54,242878
13050,0.001232,74.125.24.0-255,7156,121960,54,242878
13051,0.001235,172.31.46.0-255,66,122026,54,242878
13052,0.001259,74.125.24.0-255,3602,125628,54,242878
13053,0.001264,172.31.46.0-255,66,125694,54,242878
13054,0.001317,74.125.24.0-255,1484,127178,54,242878
13055,0.001331,74.125.24.0-255,2902,130080,54,242878
13056,0.001335,172.31.46.0-255,66,130146,54,242878
13057,0.001341,74.125.24.0-255,5738,135884,54,242878
13058,0.001344,172.31.46.0-255,66,135950,54,242878
13059,0.001348,74.125.24.0-255,2902,138852,54,242878
13060,0.001356,172.31.46.0-255,66,138918,54,242878
13061,0.001386,172.31.46.0-255,66,138984,54,242878
13062,0.001425,172.31.46.0-255,66,139050,54,242878
13063,0.00145,74.125.24.0-255,2184,141234,54,242878
13064,0.001453,172.31.46.0-255,66,141300,54,242878
13065,0.001489,172.31.46.0-255,66,141366,54,242878
13066,0.001517,74.125.24.0-255,1484,142850,54,242878
13067,0.001531,172.31.46.0-255,66,142916,54,242878
13068,0.001548,172.31.46.0-255,66,142982,54,242878
13069,0.001759,74.125.24.0-255,1484,144466,54,242878
13070,0.001765,74.125.24.0-255,2902,147368,54,242878
13071,0.001768,172.31.46.0-255,66,147434,54,242878
13072,0.0018,74.125.24.0-255,5738,153172,54,242878
13073,0.001803,172.31.46.0-255,66,153238,54,242878
13074,0.001807,74.125.24.0-255,1484,154722,54,242878
13075,0.001845,172.31.46.0-255,66,154788,54,242878
13076,0.001858,172.31.46.0-255,66,154854,54,242878
13077,0.001863,74.125.24.0-255,2184,157038,54,242878
13078,0.001865,172.31.46.0-255,66,157104,54,242878
13079,0.002004,74.125.24.0-255,1484,158588,54,242878
13080,0.002021,74.125.24.0-255,2902,161490,54,242878
13081,0.002024,172.31.46.0-255,66,161556,54,242878
13082,0.002031,74.125.24.0-255,5738,167294,54,242878
13083,0.002033,172.31.46.0-255,66,167360,54,242878
13084,0.002041,74.125.24.0-255,1484,168844,54,242878
13085,0.004041,74.125.24.0-255,4320,173164,54,242878
13086,0.004047,172.31.46.0-255,66,173230,54,242878
13087,0.006042,74.125.24.0-255,5738,178968,54,242878
13088,0.00605,172.31.46.0-255,66,179034,54,242878
13089,0.008052,74.125.24.0-255,5738,184772,54,242878
13090,0.008056,172.31.46.0-255,66,184838,54,242878
13091,0.01008,74.125.24.0-255,5738,190576,54,242878
13092,0.010087,172.31.46.0-255,66,190642,54,242878
13093,0.012134,74.125.24.0-255,5738,196380,54,242878
13094,0.012142,172.31.46.0-255,66,196446,54,242878
13095,0.014169,74.125.24.0-255,5738,202184,54,242878
13096,0.014177,172.31.46.0-255,66,202250,54,242878
13097,0.016207,74.125.24.0-255,5738,207988,54,242878
13098,0.016215,172.31.46.0-255,66,208054,54,242878
13099,0.018263,74.125.24.0-255,5738,213792,54,242878
13100,0.018272,172.31.46.0-255,66,213858,54,242878
13101,0.020285,74.125.24.0-255,5738,219596,54,242878
13102,0.020292,172.31.46.0-255,66,219662,54,242878
13103,0.022313,74.125.24.0-255,5738,225400,54,242878
13104,0.02232,172.31.46.0-255,66,225466,54,242878
13105,0.024321,74.125.24.0-255,5738,231204,54,242878
13106,0.024327,172.31.46.0-255,66,231270,54,242878
13107,0.026395,74.125.24.0-255,5738,237008,54,242878
13108,0.026402,172.31.46.0-255,66,237074,54,242878
13109,0.028432,74.125.24.0-255,5738,242812,54,242878
13110,0.028438,172.31.46.0-255,66,242878,54,242878
13111,0.0,74.125.24.0-255,146,146,54,176426
13112,1.5e-05,172.31.46.0-255,66,212,54,176426
13113,2.1e-05,74.125.24.0-255,1484,1696,54,176426
13114,2.6e-05,172.31.46.0-255,66,1762,54,176426
13115,3.1e-05,74.125.24.0-255,2902,4664,54,176426
13116,4.3e-05,172.31.46.0-255,66,4730,54,176426
13117,5.1e-05,74.125.24.0-255,7156,11886,54,176426
13118,5.3e-05,172.31.46.0-255,66,11952,54,176426
13119,8.6e-05,74.125.24.0-255,2053,14005,54,176426
13120,8.9e-05,172.31.46.0-255,66,14071,54,176426
13121,0.000112,74.125.24.0-255,2902,16973,54,176426
13122,0.000115,172.31.46.0-255,66,17039,54,176426
13123,0.000121,74.125.24.0-255,2902,19941,54,176426
13124,0.000123,172.31.46.0-255,66,20007,54,176426
13125,0.000152,74.125.24.0-255,4320,24327,54,176426
13126,0.000154,172.31.46.0-255,66,24393,54,176426
13127,0.000182,74.125.24.0-255,6797,31190,54,176426
13128,0.000185,172.31.46.0-255,66,31256,54,176426
13129,0.000244,74.125.24.0-255,1484,32740,54,176426
13130,0.000247,172.31.46.0-255,66,32806,54,176426
13131,0.000253,74.125.24.0-255,2902,35708,54,176426
13132,0.000255,172.31.46.0-255,66,35774,54,176426
13133,0.000264,74.125.24.0-255,2902,38676,54,176426
13134,0.000266,172.31.46.0-255,66,38742,54,176426
13135,0.000296,74.125.24.0-255,2902,41644,54,176426
13136,0.000299,172.31.46.0-255,66,41710,54,176426
13137,0.000303,74.125.24.0-255,2902,44612,54,176426
13138,0.000306,172.31.46.0-255,66,44678,54,176426
13139,0.000342,172.31.46.0-255,66,44744,54,176426
13140,0.000412,74.125.24.0-255,7156,51900,54,176426
13141,0.000416,172.31.46.0-255,66,51966,54,176426
13142,0.000461,74.125.24.0-255,2878,54844,54,176426
13143,0.000464,172.31.46.0-255,66,54910,54,176426
13144,0.000521,74.125.24.0-255,342,55252,54,176426
13145,0.000667,74.125.24.0-255,1484,56736,54,176426
13146,0.000672,172.31.46.0-255,66,56802,54,176426
13147,0.000677,74.125.24.0-255,2902,59704,54,176426
13148,0.00068,172.31.46.0-255,66,59770,54,176426
13149,0.000689,74.125.24.0-255,1484,61254,54,176426
13150,0.000719,74.125.24.0-255,4320,65574,54,176426
13151,0.000722,172.31.46.0-255,66,65640,54,176426
13152,0.000757,74.125.24.0-255,6797,72437,54,176426
13153,0.00076,172.31.46.0-255,66,72503,54,176426
13154,0.000801,74.125.24.0-255,1484,73987,54,176426
13155,0.000806,74.125.24.0-255,2902,76889,54,176426
13156,0.000809,172.31.46.0-255,66,76955,54,176426
13157,0.000833,74.125.24.0-255,5738,82693,54,176426
13158,0.000836,172.31.46.0-255,66,82759,54,176426
13159,0.000877,74.125.24.0-255,6797,89556,54,176426
13160,0.00088,172.31.46.0-255,66,89622,54,176426
13161,0.002354,74.125.24.0-255,1484,91106,54,176426
13162,0.002366,74.125.24.0-255,2902,94008,54,176426
13163,0.002372,172.31.46.0-255,66,94074,54,176426
13164,0.00238,74.125.24.0-255,5738,99812,54,176426
13165,0.002383,172.31.46.0-255,66,99878,54,176426
13166,0.002419,74.125.24.0-255,7156,107034,54,176426
13167,0.002421,172.31.46.0-255,66,107100,54,176426
13168,0.002442,74.125.24.0-255,5738,112838,54,176426
13169,0.002444,172.31.46.0-255,66,112904,54,176426
13170,0.002532,74.125.24.0-255,1484,114388,54,176426
13171,0.002554,172.31.46.0-255,66,114454,54,176426
13172,0.002587,74.125.24.0-255,2902,117356,54,176426
13173,0.002589,172.31.46.0-255,66,117422,54,176426
13174,0.002622,172.31.46.0-255,66,117488,54,176426
13175,0.002671,74.125.24.0-255,1484,118972,54,176426
13176,0.002707,172.31.46.0-255,66,119038,54,176426
13177,0.002734,74.125.24.0-255,766,119804,54,176426
13178,0.005233,74.125.24.0-255,4320,124124,54,176426
13179,0.005237,172.31.46.0-255,66,124190,54,176426
13180,0.007762,74.125.24.0-255,5738,129928,54,176426
13181,0.007768,172.31.46.0-255,66,129994,54,176426
13182,0.010319,74.125.24.0-255,5738,135732,54,176426
13183,0.010326,172.31.46.0-255,66,135798,54,176426
13184,0.012854,74.125.24.0-255,5738,141536,54,176426
13185,0.012862,172.31.46.0-255,66,141602,54,176426
13186,0.01539,74.125.24.0-255,5738,147340,54,176426
13187,0.015397,172.31.46.0-255,66,147406,54,176426
13188,0.017953,74.125.24.0-255,5738,153144,54,176426
13189,0.01796,172.31.46.0-255,66,153210,54,176426
13190,0.020498,74.125.24.0-255,5738,158948,54,176426
13191,0.020506,172.31.46.0-255,66,159014,54,176426
13192,0.023043,74.125.24.0-255,5738,164752,54,176426
13193,0.023055,172.31.46.0-255,66,164818,54,176426
13194,0.025601,74.125.24.0-255,5738,170556,54,176426
13195,0.025616,172.31.46.0-255,66,170622,54,176426
13196,0.02817,74.125.24.0-255,5738,176360,54,176426
13197,0.028189,172.31.46.0-255,66,176426,54,176426
13198,0.0,74.125.24.0-255,146,146,54,220148
13199,2e-05,172.31.46.0-255,66,212,54,220148
13200,5.9e-05,74.125.24.0-255,1484,1696,54,220148
13201,6.5e-05,172.31.46.0-255,66,1762,54,220148
13202,7.2e-05,74.125.24.0-255,2902,4664,54,220148
13203,7.5e-05,172.31.46.0-255,66,4730,54,220148
13204,8.7e-05,74.125.24.0-255,5738,10468,54,220148
13205,9.1e-05,172.31.46.0-255,66,10534,54,220148
13206,9.7e-05,74.125.24.0-255,3533,14067,54,220148
13207,9.9e-05,172.31.46.0-255,66,14133,54,220148
13208,0.000215,74.125.24.0-255,1484,15617,54,220148
13209,0.000223,172.31.46.0-255,66,15683,54,220148
13210,0.000229,74.125.24.0-255,2902,18585,54,220148
13211,0.000232,172.31.46.0-255,66,18651,54,220148
13212,0.00026,74.125.24.0-255,5738,24389,54,220148
13213,0.000264,172.31.46.0-255,66,24455,54,220148
13214,0.00027,74.125.24.0-255,6797,31252,54,220148
13215,0.000273,172.31.46.0-255,66,31318,54,220148
13216,0.000276,74.125.24.0-255,1484,32802,54,220148
13217,0.000278,172.31.46.0-255,66,32868,54,220148
13218,0.000311,172.31.46.0-255,66,32934,54,220148
13219,0.000317,74.125.24.0-255,5738,38672,54,220148
13220,0.000319,172.31.46.0-255,66,38738,54,220148
13221,0.000358,172.31.46.0-255,66,38804,54,220148
13222,0.000362,74.125.24.0-255,2826,41630,54,220148
13223,0.000364,172.31.46.0-255,66,41696,54,220148
13224,0.000585,74.125.24.0-255,1484,43180,54,220148
13225,0.000591,172.31.46.0-255,66,43246,54,220148
13226,0.000596,74.125.24.0-255,2902,46148,54,220148
13227,0.000599,172.31.46.0-255,66,46214,54,220148
13228,0.000605,74.125.24.0-255,5738,51952,54,220148
13229,0.000615,74.125.24.0-255,5738,57690,54,220148
13230,0.000679,74.125.24.0-255,5020,62710,54,220148
13231,0.000708,172.31.46.0-255,66,62776,54,220148
13232,0.00078,74.125.24.0-255,1484,64260,54,220148
13233,0.000785,74.125.24.0-255,2902,67162,54,220148
13234,0.000787,74.125.24.0-255,1484,68646,54,220148
13235,0.000804,74.125.24.0-255,4320,72966,54,220148
13236,0.000816,74.125.24.0-255,1484,74450,54,220148
13237,0.000834,74.125.24.0-255,5738,80188,54,220148
13238,0.000874,74.125.24.0-255,2184,82372,54,220148
13239,0.000891,172.31.46.0-255,66,82438,54,220148
13240,0.000921,74.125.24.0-255,5738,88176,54,220148
13241,0.00093,74.125.24.0-255,7156,95332,54,220148
13242,0.000987,172.31.46.0-255,66,95398,54,220148
13243,0.000992,74.125.24.0-255,2902,98300,54,220148
13244,0.001003,74.125.24.0-255,6438,104738,54,220148
13245,0.001017,172.31.46.0-255,66,104804,54,220148
13246,0.001028,74.125.24.0-255,1484,106288,54,220148
13247,0.001035,74.125.24.0-255,1484,107772,54,220148
13248,0.001045,74.125.24.0-255,1484,109256,54,220148
13249,0.001048,74.125.24.0-255,1484,110740,54,220148
13250,0.001062,74.125.24.0-255,4320,115060,54,220148
13251,0.001078,74.125.24.0-255,2902,117962,54,220148
13252,0.001102,74.125.24.0-255,2902,120864,54,220148
13253,0.001108,74.125.24.0-255,7156,128020,54,220148
13254,0.001118,172.31.46.0-255,66,128086,54,220148
13255,0.001195,172.31.46.0-255,66,128152,54,220148
13256,0.001199,74.125.24.0-255,1484,129636,54,220148
13257,0.001227,74.125.24.0-255,2902,132538,54,220148
13258,0.001232,74.125.24.0-255,2902,135440,54,220148
13259,0.001234,74.125.24.0-255,1484,136924,54,220148
13260,0.001248,74.125.24.0-255,2902,139826,54,220148
13261,0.001263,74.125.24.0-255,5738,145564,54,220148
13262,0.001278,74.125.24.0-255,2902,148466,54,220148
13263,0.001283,74.125.24.0-255,4320,152786,54,220148
13264,0.001318,74.125.24.0-255,766,153552,54,220148
13265,0.001326,172.31.46.0-255,66,153618,54,220148
13266,0.001336,74.125.24.0-255,1484,155102,54,220148
13267,0.001357,74.125.24.0-255,4320,159422,54,220148
13268,0.001363,74.125.24.0-255,5738,165160,54,220148
13269,0.001386,74.125.24.0-255,4320,169480,54,220148
13270,0.001499,172.31.46.0-255,66,169546,54,220148
13271,0.001503,74.125.24.0-255,1484,171030,54,220148
13272,0.001569,74.125.24.0-255,2184,173214,54,220148
13273,0.001584,172.31.46.0-255,66,173280,54,220148
13274,0.001646,74.125.24.0-255,1484,174764,54,220148
13275,0.001653,74.125.24.0-255,2902,177666,54,220148
13276,0.001659,74.125.24.0-255,5738,183404,54,220148
13277,0.001661,74.125.24.0-255,1484,184888,54,220148
13278,0.001668,74.125.24.0-255,7156,192044,54,220148
13279,0.001686,74.125.24.0-255,5738,197782,54,220148
13280,0.001707,172.31.46.0-255,66,197848,54,220148
13281,0.001733,172.31.46.0-255,66,197914,54,220148
13282,0.002006,74.125.24.0-255,1484,199398,54,220148
13283,0.002011,74.125.24.0-255,2902,202300,54,220148
13284,0.002016,172.31.46.0-255,66,202366,54,220148
13285,0.002024,74.125.24.0-255,1484,203850,54,220148
13286,0.002044,74.125.24.0-255,4320,208170,54,220148
13287,0.002049,74.125.24.0-255,4320,212490,54,220148
13288,0.002059,172.31.46.0-255,66,212556,54,220148
13289,0.00208,74.125.24.0-255,2902,215458,54,220148
13290,0.002114,172.31.46.0-255,66,215524,54,220148
13291,0.00215,74.125.24.0-255,105,215629,54,220148
13292,0.002164,172.31.46.0-255,66,215695,54,220148
13293,0.004833,172.31.46.0-255,105,215800,54,220148
13294,0.007466,74.125.24.0-255,66,215866,54,220148
13295,0.024799,172.31.46.0-255,172,216038,54,220148
13296,0.024954,172.31.46.0-255,1119,217157,54,220148
13297,0.025028,172.31.46.0-255,1514,218671,54,220148
13298,0.02503,172.31.46.0-255,1279,219950,54,220148
13299,0.026338,104.244.42.0-255,66,220016,54,220148
13300,0.02647,104.244.42.0-255,66,220082,54,220148
13301,0.026561,104.244.42.0-255,66,220148,54,220148
13302,0.0,172.217.194.0-255,150,150,54,122108
13303,2.3e-05,172.31.46.0-255,66,216,54,122108
13304,3e-05,172.217.194.0-255,1484,1700,54,122108
13305,3.4e-05,172.31.46.0-255,66,1766,54,122108
13306,3.9e-05,172.217.194.0-255,2902,4668,54,122108
13307,4.2e-05,172.31.46.0-255,66,4734,54,122108
13308,5.8e-05,172.217.194.0-255,7156,11890,54,122108
13309,6.1e-05,172.31.46.0-255,66,11956,54,122108
13310,6.5e-05,172.217.194.0-255,2083,14039,54,122108
13311,6.9e-05,172.31.46.0-255,66,14105,54,122108
13312,8.3e-05,172.31.46.0-255,66,14171,54,122108
13313,8.8e-05,172.217.194.0-255,2902,17073,54,122108
13314,9e-05,172.31.46.0-255,66,17139,54,122108
13315,0.000124,172.217.194.0-255,2543,19682,54,122108
13316,0.000127,172.31.46.0-255,66,19748,54,122108
13317,0.000133,172.217.194.0-255,5738,25486,54,122108
13318,0.000136,172.31.46.0-255,66,25552,54,122108
13319,0.000139,172.217.194.0-255,1484,27036,54,122108
13320,0.000141,172.31.46.0-255,66,27102,54,122108
13321,0.000183,172.31.46.0-255,66,27168,54,122108
13322,0.00098,172.217.194.0-255,1484,28652,54,122108
13323,0.000986,172.31.46.0-255,66,28718,54,122108
13324,0.000995,172.217.194.0-255,2902,31620,54,122108
13325,0.001002,172.31.46.0-255,66,31686,54,122108
13326,0.001027,172.217.194.0-255,5738,37424,54,122108
13327,0.001029,172.31.46.0-255,66,37490,54,122108
13328,0.001064,172.31.46.0-255,66,37556,54,122108
13329,0.001605,172.217.194.0-255,1484,39040,54,122108
13330,0.001612,172.31.46.0-255,66,39106,54,122108
13331,0.001619,172.217.194.0-255,2902,42008,54,122108
13332,0.001622,172.31.46.0-255,66,42074,54,122108
13333,0.001633,172.217.194.0-255,5738,47812,54,122108
13334,0.001635,172.31.46.0-255,66,47878,54,122108
13335,0.001664,172.31.46.0-255,66,47944,54,122108
13336,0.00168,172.31.46.0-255,66,48010,54,122108
13337,0.003956,172.217.194.0-255,5738,53748,54,122108
13338,0.003962,172.31.46.0-255,66,53814,54,122108
13339,0.006233,172.217.194.0-255,5738,59552,54,122108
13340,0.006241,172.31.46.0-255,66,59618,54,122108
13341,0.008544,172.217.194.0-255,5738,65356,54,122108
13342,0.008551,172.31.46.0-255,66,65422,54,122108
13343,0.010803,172.217.194.0-255,5738,71160,54,122108
13344,0.010811,172.31.46.0-255,66,71226,54,122108
13345,0.013073,172.217.194.0-255,4320,75546,54,122108
13346,0.013081,172.31.46.0-255,66,75612,54,122108
13347,0.013115,172.217.194.0-255,1484,77096,54,122108
13348,0.01537,172.217.194.0-255,4320,81416,54,122108
13349,0.015377,172.31.46.0-255,66,81482,54,122108
13350,0.017662,172.217.194.0-255,4320,85802,54,122108
13351,0.017669,172.31.46.0-255,66,85868,54,122108
13352,0.017697,172.217.194.0-255,1484,87352,54,122108
13353,0.019974,172.217.194.0-255,4320,91672,54,122108
13354,0.019983,172.31.46.0-255,66,91738,54,122108
13355,0.022293,172.217.194.0-255,5738,97476,54,122108
13356,0.022301,172.31.46.0-255,66,97542,54,122108
13357,0.02456,172.217.194.0-255,5738,103280,54,122108
13358,0.024567,172.31.46.0-255,66,103346,54,122108
13359,0.026237,172.31.46.0-255,172,103518,54,122108
13360,0.026271,172.31.46.0-255,1119,104637,54,122108
13361,0.026329,172.31.46.0-255,1514,106151,54,122108
13362,0.026331,172.31.46.0-255,1514,107665,54,122108
13363,0.026335,172.31.46.0-255,1514,109179,54,122108
13364,0.026337,172.31.46.0-255,1057,110236,54,122108
13365,0.026832,172.217.194.0-255,5738,115974,54,122108
13366,0.026839,172.31.46.0-255,66,116040,54,122108
13367,0.027759,104.244.42.0-255,66,116106,54,122108
13368,0.027866,104.244.42.0-255,66,116172,54,122108
13369,0.027902,104.244.42.0-255,66,116238,54,122108
13370,0.027915,104.244.42.0-255,66,116304,54,122108
13371,0.029133,172.217.194.0-255,5738,122042,54,122108
13372,0.02914,172.31.46.0-255,66,122108,54,122108
13373,0.0,74.125.24.0-255,152,152,54,306405
13374,1.6e-05,172.31.46.0-255,66,218,54,306405
13375,2.2e-05,74.125.24.0-255,1484,1702,54,306405
13376,2.7e-05,172.31.46.0-255,66,1768,54,306405
13377,5.3e-05,74.125.24.0-255,1484,3252,54,306405
13378,5.7e-05,172.31.46.0-255,66,3318,54,306405
13379,6.3e-05,74.125.24.0-255,2902,6220,54,306405
13380,6.6e-05,172.31.46.0-255,66,6286,54,306405
13381,7.4e-05,74.125.24.0-255,4320,10606,54,306405
13382,7.8e-05,172.31.46.0-255,66,10672,54,306405
13383,9.3e-05,74.125.24.0-255,1484,12156,54,306405
13384,9.5e-05,172.31.46.0-255,66,12222,54,306405
13385,0.000106,74.125.24.0-255,2050,14272,54,306405
13386,0.000108,172.31.46.0-255,66,14338,54,306405
13387,0.0004,74.125.24.0-255,1484,15822,54,306405
13388,0.000405,172.31.46.0-255,66,15888,54,306405
13389,0.000411,74.125.24.0-255,2902,18790,54,306405
13390,0.000414,172.31.46.0-255,66,18856,54,306405
13391,0.000419,74.125.24.0-255,2902,21758,54,306405
13392,0.000421,172.31.46.0-255,66,21824,54,306405
13393,0.000456,74.125.24.0-255,2902,24726,54,306405
13394,0.000459,172.31.46.0-255,66,24792,54,306405
13395,0.000467,74.125.24.0-255,6797,31589,54,306405
13396,0.000469,172.31.46.0-255,66,31655,54,306405
13397,0.000993,74.125.24.0-255,1484,33139,54,306405
13398,0.000999,172.31.46.0-255,66,33205,54,306405
13399,0.001008,74.125.24.0-255,2902,36107,54,306405
13400,0.00101,172.31.46.0-255,66,36173,54,306405
13401,0.001022,74.125.24.0-255,4320,40493,54,306405
13402,0.001024,172.31.46.0-255,66,40559,54,306405
13403,0.00103,74.125.24.0-255,5738,46297,54,306405
13404,0.001032,172.31.46.0-255,66,46363,54,306405
13405,0.001073,172.31.46.0-255,66,46429,54,306405
13406,0.001079,74.125.24.0-255,4320,50749,54,306405
13407,0.001081,172.31.46.0-255,66,50815,54,306405
13408,0.001105,74.125.24.0-255,5651,56466,54,306405
13409,0.001108,172.31.46.0-255,66,56532,54,306405
13410,0.001831,74.125.24.0-255,128,56660,54,306405
13411,0.001891,74.125.24.0-255,1484,58144,54,306405
13412,0.001897,172.31.46.0-255,66,58210,54,306405
13413,0.001903,74.125.24.0-255,2902,61112,54,306405
13414,0.001906,172.31.46.0-255,66,61178,54,306405
13415,0.00191,74.125.24.0-255,2902,64080,54,306405
13416,0.001917,172.31.46.0-255,66,64146,54,306405
13417,0.001947,74.125.24.0-255,1484,65630,54,306405
13418,0.001954,74.125.24.0-255,5738,71368,54,306405
13419,0.001956,172.31.46.0-255,66,71434,54,306405
13420,0.001983,74.125.24.0-255,2543,73977,54,306405
13421,0.001985,172.31.46.0-255,66,74043,54,306405
13422,0.002077,74.125.24.0-255,1484,75527,54,306405
13423,0.002096,74.125.24.0-255,2902,78429,54,306405
13424,0.002098,172.31.46.0-255,66,78495,54,306405
13425,0.002111,74.125.24.0-255,4320,82815,54,306405
13426,0.002117,172.31.46.0-255,66,82881,54,306405
13427,0.002146,74.125.24.0-255,5738,88619,54,306405
13428,0.002149,172.31.46.0-255,66,88685,54,306405
13429,0.002201,74.125.24.0-255,2543,91228,54,306405
13430,0.002203,172.31.46.0-255,66,91294,54,306405
13431,0.002376,74.125.24.0-255,1484,92778,54,306405
13432,0.002392,74.125.24.0-255,2902,95680,54,306405
13433,0.002397,172.31.46.0-255,66,95746,54,306405
13434,0.002456,74.125.24.0-255,5738,101484,54,306405
13435,0.002459,172.31.46.0-255,66,101550,54,306405
13436,0.002463,74.125.24.0-255,2902,104452,54,306405
13437,0.002465,172.31.46.0-255,66,104518,54,306405
13438,0.002482,172.31.46.0-255,66,104584,54,306405
13439,0.002487,74.125.24.0-255,4320,108904,54,306405
13440,0.00249,172.31.46.0-255,66,108970,54,306405
13441,0.002496,74.125.24.0-255,5738,114708,54,306405
13442,0.002499,172.31.46.0-255,66,114774,54,306405
13443,0.002533,74.125.24.0-255,766,115540,54,306405
13444,0.002994,74.125.24.0-255,1484,117024,54,306405
13445,0.003001,172.31.46.0-255,66,117090,54,306405
13446,0.003008,74.125.24.0-255,2902,119992,54,306405
13447,0.00301,172.31.46.0-255,66,120058,54,306405
13448,0.003021,74.125.24.0-255,5738,125796,54,306405
13449,0.003025,172.31.46.0-255,66,125862,54,306405
13450,0.003029,74.125.24.0-255,2902,128764,54,306405
13451,0.003031,172.31.46.0-255,66,128830,54,306405
13452,0.003076,172.31.46.0-255,66,128896,54,306405
13453,0.003084,74.125.24.0-255,7156,136052,54,306405
13454,0.003086,172.31.46.0-255,66,136118,54,306405
13455,0.003117,74.125.24.0-255,3602,139720,54,306405
13456,0.00312,172.31.46.0-255,66,139786,54,306405
13457,0.003134,172.31.46.0-255,66,139852,54,306405
13458,0.003157,74.125.24.0-255,2902,142754,54,306405
13459,0.00316,172.31.46.0-255,66,142820,54,306405
13460,0.003166,74.125.24.0-255,5738,148558,54,306405
13461,0.003169,172.31.46.0-255,66,148624,54,306405
13462,0.003209,172.31.46.0-255,66,148690,54,306405
13463,0.003215,74.125.24.0-255,3602,152292,54,306405
13464,0.003217,172.31.46.0-255,66,152358,54,306405
13465,0.003291,74.125.24.0-255,1484,153842,54,306405
13466,0.003307,74.125.24.0-255,2902,156744,54,306405
13467,0.003311,172.31.46.0-255,66,156810,54,306405
13468,0.003316,74.125.24.0-255,2902,159712,54,306405
13469,0.003319,172.31.46.0-255,66,159778,54,306405
13470,0.003345,74.125.24.0-255,2902,162680,54,306405
13471,0.003347,172.31.46.0-255,66,162746,54,306405
13472,0.003353,74.125.24.0-255,4320,167066,54,306405
13473,0.003355,172.31.46.0-255,66,167132,54,306405
13474,0.00337,74.125.24.0-255,5738,172870,54,306405
13475,0.003373,172.31.46.0-255,66,172936,54,306405
13476,0.003397,74.125.24.0-255,5738,178674,54,306405
13477,0.0034,172.31.46.0-255,66,178740,54,306405
13478,0.003404,74.125.24.0-255,2902,181642,54,306405
13479,0.003407,172.31.46.0-255,66,181708,54,306405
13480,0.003436,74.125.24.0-255,5020,186728,54,306405
13481,0.00344,172.31.46.0-255,66,186794,54,306405
13482,0.003442,74.125.24.0-255,1484,188278,54,306405
13483,0.003447,74.125.24.0-255,2902,191180,54,306405
13484,0.00345,172.31.46.0-255,66,191246,54,306405
13485,0.00348,74.125.24.0-255,5738,196984,54,306405
13486,0.003483,172.31.46.0-255,66,197050,54,306405
13487,0.003521,172.31.46.0-255,66,197116,54,306405
13488,0.003529,74.125.24.0-255,7156,204272,54,306405
13489,0.003532,172.31.46.0-255,66,204338,54,306405
13490,0.00356,74.125.24.0-255,5020,209358,54,306405
13491,0.003562,172.31.46.0-255,66,209424,54,306405
13492,0.003565,74.125.24.0-255,1484,210908,54,306405
13493,0.003594,74.125.24.0-255,2902,213810,54,306405
13494,0.003597,172.31.46.0-255,66,213876,54,306405
13495,0.003604,74.125.24.0-255,5738,219614,54,306405
13496,0.003606,172.31.46.0-255,66,219680,54,306405
13497,0.003628,74.125.24.0-255,1484,221164,54,306405
13498,0.003696,74.125.24.0-255,1484,222648,54,306405
13499,0.003701,172.31.46.0-255,66,222714,54,306405
13500,0.00372,74.125.24.0-255,2902,225616,54,306405
13501,0.003727,74.125.24.0-255,6438,232054,54,306405
13502,0.003733,74.125.24.0-255,4320,236374,54,306405
13503,0.003751,74.125.24.0-255,2902,239276,54,306405
13504,0.003755,74.125.24.0-255,4320,243596,54,306405
13505,0.003769,172.31.46.0-255,66,243662,54,306405
13506,0.003823,74.125.24.0-255,2902,246564,54,306405
13507,0.003835,172.31.46.0-255,66,246630,54,306405
13508,0.003852,172.31.46.0-255,66,246696,54,306405
13509,0.003871,74.125.24.0-255,2902,249598,54,306405
13510,0.003876,74.125.24.0-255,4320,253918,54,306405
13511,0.003889,172.31.46.0-255,66,253984,54,306405
13512,0.003914,74.125.24.0-255,2902,256886,54,306405
13513,0.003929,74.125.24.0-255,1484,258370,54,306405
13514,0.003937,172.31.46.0-255,66,258436,54,306405
13515,0.003967,74.125.24.0-255,2184,260620,54,306405
13516,0.003971,74.125.24.0-255,2902,263522,54,306405
13517,0.003993,74.125.24.0-255,7156,270678,54,306405
13518,0.003999,172.31.46.0-255,66,270744,54,306405
13519,0.004028,74.125.24.0-255,1484,272228,54,306405
13520,0.004033,74.125.24.0-255,2902,275130,54,306405
13521,0.004041,74.125.24.0-255,5738,280868,54,306405
13522,0.004051,172.31.46.0-255,66,280934,54,306405
13523,0.004063,74.125.24.0-255,7156,288090,54,306405
13524,0.004068,172.31.46.0-255,66,288156,54,306405
13525,0.004086,74.125.24.0-255,5738,293894,54,306405
13526,0.004089,74.125.24.0-255,766,294660,54,306405
13527,0.004117,172.31.46.0-255,66,294726,54,306405
13528,0.004142,74.125.24.0-255,1484,296210,54,306405
13529,0.004147,74.125.24.0-255,2902,299112,54,306405
13530,0.00415,74.125.24.0-255,1484,300596,54,306405
13531,0.004166,74.125.24.0-255,1484,302080,54,306405
13532,0.004174,172.31.46.0-255,66,302146,54,306405
13533,0.004208,74.125.24.0-255,3851,305997,54,306405
13534,0.004214,172.31.46.0-255,66,306063,54,306405
13535,0.004274,74.125.24.0-255,105,306168,54,306405
13536,0.011052,172.31.46.0-255,66,306234,54,306405
13537,0.011091,172.31.46.0-255,105,306339,54,306405
13538,0.013272,74.125.24.0-255,66,306405,54,306405
13539,0.0,172.217.194.0-255,152,152,54,196941
13540,2.6e-05,172.31.46.0-255,66,218,54,196941
13541,3.3e-05,172.217.194.0-255,1484,1702,54,196941
13542,3.7e-05,172.31.46.0-255,66,1768,54,196941
13543,4.4e-05,172.217.194.0-255,2902,4670,54,196941
13544,4.7e-05,172.31.46.0-255,66,4736,54,196941
13545,5.5e-05,172.217.194.0-255,7156,11892,54,196941
13546,5.8e-05,172.31.46.0-255,66,11958,54,196941
13547,9.6e-05,172.31.46.0-255,66,12024,54,196941
13548,0.000109,172.31.46.0-255,66,12090,54,196941
13549,0.000147,172.217.194.0-255,5738,17828,54,196941
13550,0.00015,172.31.46.0-255,66,17894,54,196941
13551,0.000179,172.31.46.0-255,66,17960,54,196941
13552,0.000192,172.31.46.0-255,66,18026,54,196941
13553,0.000212,172.217.194.0-255,4320,22346,54,196941
13554,0.000214,172.31.46.0-255,66,22412,54,196941
13555,0.000219,172.217.194.0-255,1713,24125,54,196941
13556,0.000221,172.31.46.0-255,66,24191,54,196941
13557,0.000317,172.217.194.0-255,1484,25675,54,196941
13558,0.000322,172.31.46.0-255,66,25741,54,196941
13559,0.000327,172.217.194.0-255,2902,28643,54,196941
13560,0.000329,172.31.46.0-255,66,28709,54,196941
13561,0.000332,172.217.194.0-255,1484,30193,54,196941
13562,0.000335,172.31.46.0-255,66,30259,54,196941
13563,0.000364,172.217.194.0-255,4320,34579,54,196941
13564,0.000367,172.31.46.0-255,66,34645,54,196941
13565,0.000372,172.217.194.0-255,4320,38965,54,196941
13566,0.000374,172.31.46.0-255,66,39031,54,196941
13567,0.000416,172.31.46.0-255,66,39097,54,196941
13568,0.000424,172.217.194.0-255,7156,46253,54,196941
13569,0.000426,172.31.46.0-255,66,46319,54,196941
13570,0.00043,172.217.194.0-255,2543,48862,54,196941
13571,0.000432,172.31.46.0-255,66,48928,54,196941
13572,0.000787,172.217.194.0-255,1484,50412,54,196941
13573,0.000795,172.217.194.0-255,2902,53314,54,196941
13574,0.000799,172.31.46.0-255,66,53380,54,196941
13575,0.000804,172.217.194.0-255,2902,56282,54,196941
13576,0.000806,172.31.46.0-255,66,56348,54,196941
13577,0.000822,172.217.194.0-255,2902,59250,54,196941
13578,0.000824,172.31.46.0-255,66,59316,54,196941
13579,0.000866,172.217.194.0-255,2902,62218,54,196941
13580,0.000868,172.31.46.0-255,66,62284,54,196941
13581,0.000898,172.31.46.0-255,66,62350,54,196941
13582,0.000911,172.31.46.0-255,66,62416,54,196941
13583,0.000925,172.217.194.0-255,2902,65318,54,196941
13584,0.000938,172.31.46.0-255,66,65384,54,196941
13585,0.00096,172.217.194.0-255,7156,72540,54,196941
13586,0.00101,172.31.46.0-255,66,72606,54,196941
13587,0.001028,172.217.194.0-255,4320,76926,54,196941
13588,0.001054,172.31.46.0-255,66,76992,54,196941
13589,0.001061,172.217.194.0-255,1484,78476,54,196941
13590,0.001065,172.217.194.0-255,2902,81378,54,196941
13591,0.001071,172.31.46.0-255,66,81444,54,196941
13592,0.001096,172.217.194.0-255,5738,87182,54,196941
13593,0.0011,172.217.194.0-255,1484,88666,54,196941
13594,0.001112,172.31.46.0-255,66,88732,54,196941
13595,0.00118,172.217.194.0-255,7156,95888,54,196941
13596,0.001191,172.31.46.0-255,66,95954,54,196941
13597,0.001203,172.217.194.0-255,4320,100274,54,196941
13598,0.001207,172.217.194.0-255,2902,103176,54,196941
13599,0.001242,172.217.194.0-255,2902,106078,54,196941
13600,0.001248,172.217.194.0-255,5020,111098,54,196941
13601,0.001271,172.31.46.0-255,66,111164,54,196941
13602,0.001344,172.217.194.0-255,1484,112648,54,196941
13603,0.001359,172.217.194.0-255,2902,115550,54,196941
13604,0.001366,172.217.194.0-255,5738,121288,54,196941
13605,0.001374,172.31.46.0-255,66,121354,54,196941
13606,0.001479,172.31.46.0-255,66,121420,54,196941
13607,0.001486,172.217.194.0-255,766,122186,54,196941
13608,0.001694,172.217.194.0-255,1484,123670,54,196941
13609,0.0017,172.217.194.0-255,2902,126572,54,196941
13610,0.001703,172.217.194.0-255,1484,128056,54,196941
13611,0.001718,172.217.194.0-255,4320,132376,54,196941
13612,0.001731,172.217.194.0-255,2902,135278,54,196941
13613,0.001738,172.31.46.0-255,66,135344,54,196941
13614,0.001756,172.31.46.0-255,66,135410,54,196941
13615,0.001804,172.31.46.0-255,66,135476,54,196941
13616,0.001981,172.217.194.0-255,1484,136960,54,196941
13617,0.001987,172.217.194.0-255,2902,139862,54,196941
13618,0.001992,172.31.46.0-255,66,139928,54,196941
13619,0.002006,172.217.194.0-255,5738,145666,54,196941
13620,0.002019,172.31.46.0-255,66,145732,54,196941
13621,0.002033,172.217.194.0-255,7156,152888,54,196941
13622,0.002038,172.31.46.0-255,66,152954,54,196941
13623,0.002071,172.217.194.0-255,4320,157274,54,196941
13624,0.002076,172.217.194.0-255,2184,159458,54,196941
13625,0.00209,172.31.46.0-255,66,159524,54,196941
13626,0.002141,172.217.194.0-255,1484,161008,54,196941
13627,0.002147,172.217.194.0-255,2902,163910,54,196941
13628,0.002153,172.31.46.0-255,66,163976,54,196941
13629,0.002169,172.217.194.0-255,5738,169714,54,196941
13630,0.002188,172.31.46.0-255,66,169780,54,196941
13631,0.002195,172.217.194.0-255,4320,174100,54,196941
13632,0.002197,172.217.194.0-255,1484,175584,54,196941
13633,0.002203,172.31.46.0-255,66,175650,54,196941
13634,0.002232,172.217.194.0-255,5738,181388,54,196941
13635,0.002242,172.31.46.0-255,66,181454,54,196941
13636,0.002251,172.217.194.0-255,2184,183638,54,196941
13637,0.002256,172.31.46.0-255,66,183704,54,196941
13638,0.002269,172.217.194.0-255,7156,190860,54,196941
13639,0.002288,172.217.194.0-255,1484,192344,54,196941
13640,0.002292,172.217.194.0-255,2902,195246,54,196941
13641,0.002309,172.31.46.0-255,66,195312,54,196941
13642,0.002326,172.217.194.0-255,1287,196599,54,196941
13643,0.002352,172.217.194.0-255,105,196704,54,196941
13644,0.004561,172.31.46.0-255,66,196770,54,196941
13645,0.004598,172.31.46.0-255,105,196875,54,196941
13646,0.007138,172.217.194.0-255,66,196941,54,196941
13647,0.0,172.217.194.0-255,148,148,54,259165
13648,2.4e-05,172.31.46.0-255,66,214,54,259165
13649,3e-05,172.217.194.0-255,1484,1698,54,259165
13650,3.5e-05,172.31.46.0-255,66,1764,54,259165
13651,4e-05,172.217.194.0-255,2902,4666,54,259165
13652,4.4e-05,172.31.46.0-255,66,4732,54,259165
13653,5.2e-05,172.217.194.0-255,7156,11888,54,259165
13654,5.6e-05,172.31.46.0-255,66,11954,54,259165
13655,6e-05,172.217.194.0-255,2005,13959,54,259165
13656,6.4e-05,172.31.46.0-255,66,14025,54,259165
13657,0.000147,172.217.194.0-255,1484,15509,54,259165
13658,0.000151,172.31.46.0-255,66,15575,54,259165
13659,0.000157,172.217.194.0-255,2902,18477,54,259165
13660,0.000159,172.31.46.0-255,66,18543,54,259165
13661,0.000192,172.217.194.0-255,5738,24281,54,259165
13662,0.000195,172.31.46.0-255,66,24347,54,259165
13663,0.000208,172.217.194.0-255,2902,27249,54,259165
13664,0.000211,172.31.46.0-255,66,27315,54,259165
13665,0.00023,172.217.194.0-255,3961,31276,54,259165
13666,0.000233,172.31.46.0-255,66,31342,54,259165
13667,0.000337,172.217.194.0-255,1484,32826,54,259165
13668,0.000341,172.31.46.0-255,66,32892,54,259165
13669,0.000347,172.217.194.0-255,2902,35794,54,259165
13670,0.000349,172.31.46.0-255,66,35860,54,259165
13671,0.000372,172.217.194.0-255,4320,40180,54,259165
13672,0.000375,172.31.46.0-255,66,40246,54,259165
13673,0.000413,172.217.194.0-255,2902,43148,54,259165
13674,0.000415,172.31.46.0-255,66,43214,54,259165
13675,0.000435,172.217.194.0-255,5379,48593,54,259165
13676,0.000437,172.31.46.0-255,66,48659,54,259165
13677,0.000479,172.217.194.0-255,1484,50143,54,259165
13678,0.000481,172.31.46.0-255,66,50209,54,259165
13679,0.000486,172.217.194.0-255,2902,53111,54,259165
13680,0.00049,172.217.194.0-255,1484,54595,54,259165
13681,0.000509,172.217.194.0-255,4320,58915,54,259165
13682,0.000529,172.217.194.0-255,7109,66024,54,259165
13683,0.00054,172.217.194.0-255,365,66389,54,259165
13684,0.000567,172.31.46.0-255,66,66455,54,259165
13685,0.000576,172.217.194.0-255,1484,67939,54,259165
13686,0.000595,172.217.194.0-255,4320,72259,54,259165
13687,0.000641,172.31.46.0-255,66,72325,54,259165
13688,0.000672,172.217.194.0-255,1994,74319,54,259165
13689,0.000694,172.31.46.0-255,66,74385,54,259165
13690,0.000713,172.217.194.0-255,2902,77287,54,259165
13691,0.00072,172.31.46.0-255,66,77353,54,259165
13692,0.00073,172.217.194.0-255,4320,81673,54,259165
13693,0.000742,172.31.46.0-255,66,81739,54,259165
13694,0.000747,172.217.194.0-255,2902,84641,54,259165
13695,0.000767,172.217.194.0-255,5738,90379,54,259165
13696,0.00077,172.217.194.0-255,1125,91504,54,259165
13697,0.000784,172.31.46.0-255,66,91570,54,259165
13698,0.00099,172.217.194.0-255,1484,93054,54,259165
13699,0.00101,172.217.194.0-255,2902,95956,54,259165
13700,0.00104,172.217.194.0-255,2902,98858,54,259165
13701,0.001052,172.31.46.0-255,66,98924,54,259165
13702,0.001057,172.217.194.0-255,2902,101826,54,259165
13703,0.001061,172.217.194.0-255,4320,106146,54,259165
13704,0.001072,172.31.46.0-255,66,106212,54,259165
13705,0.001104,172.217.194.0-255,2543,108755,54,259165
13706,0.001132,172.31.46.0-255,66,108821,54,259165
13707,0.001136,172.217.194.0-255,1484,110305,54,259165
13708,0.001154,172.217.194.0-255,2902,113207,54,259165
13709,0.001159,172.217.194.0-255,4320,117527,54,259165
13710,0.001169,172.217.194.0-255,1484,119011,54,259165
13711,0.001176,172.31.46.0-255,66,119077,54,259165
13712,0.001217,172.31.46.0-255,66,119143,54,259165
13713,0.001236,172.217.194.0-255,2902,122045,54,259165
13714,0.001246,172.31.46.0-255,66,122111,54,259165
13715,0.001264,172.31.46.0-255,66,122177,54,259165
13716,0.001282,172.217.194.0-255,1484,123661,54,259165
13717,0.001297,172.217.194.0-255,2902,126563,54,259165
13718,0.001303,172.31.46.0-255,66,126629,54,259165
13719,0.001327,172.217.194.0-255,5738,132367,54,259165
13720,0.001336,172.31.46.0-255,66,132433,54,259165
13721,0.001347,172.217.194.0-255,7156,139589,54,259165
13722,0.001352,172.31.46.0-255,66,139655,54,259165
13723,0.001363,172.217.194.0-255,4320,143975,54,259165
13724,0.001377,172.217.194.0-255,4320,148295,54,259165
13725,0.001409,172.31.46.0-255,66,148361,54,259165
13726,0.001655,172.217.194.0-255,1484,149845,54,259165
13727,0.001671,172.217.194.0-255,2902,152747,54,259165
13728,0.001675,172.31.46.0-255,66,152813,54,259165
13729,0.001681,172.217.194.0-255,4320,157133,54,259165
13730,0.001695,172.217.194.0-255,1484,158617,54,259165
13731,0.0017,172.217.194.0-255,2902,161519,54,259165
13732,0.001705,172.31.46.0-255,66,161585,54,259165
13733,0.001742,172.217.194.0-255,1484,163069,54,259165
13734,0.001751,172.31.46.0-255,66,163135,54,259165
13735,0.001776,172.217.194.0-255,2902,166037,54,259165
13736,0.00179,172.31.46.0-255,66,166103,54,259165
13737,0.001802,172.217.194.0-255,5738,171841,54,259165
13738,0.001816,172.31.46.0-255,66,171907,54,259165
13739,0.001823,172.217.194.0-255,7156,179063,54,259165
13740,0.001847,172.217.194.0-255,1484,180547,54,259165
13741,0.001864,172.217.194.0-255,7156,187703,54,259165
13742,0.001891,172.31.46.0-255,66,187769,54,259165
13743,0.001896,172.31.46.0-255,66,187835,54,259165
13744,0.001966,172.31.46.0-255,66,187901,54,259165
13745,0.001975,172.217.194.0-255,1484,189385,54,259165
13746,0.002025,172.31.46.0-255,66,189451,54,259165
13747,0.002067,172.31.46.0-255,66,189517,54,259165
13748,0.004071,172.217.194.0-255,5738,195255,54,259165
13749,0.004077,172.31.46.0-255,66,195321,54,259165
13750,0.006109,172.217.194.0-255,5738,201059,54,259165
13751,0.008349,172.31.46.0-255,66,201125,54,259165
13752,0.010366,172.217.194.0-255,5738,206863,54,259165
13753,0.010372,172.31.46.0-255,66,206929,54,259165
13754,0.01241,172.217.194.0-255,5738,212667,54,259165
13755,0.012417,172.31.46.0-255,66,212733,54,259165
13756,0.014448,172.217.194.0-255,5738,218471,54,259165
13757,0.014456,172.31.46.0-255,66,218537,54,259165
13758,0.016476,172.217.194.0-255,5738,224275,54,259165
13759,0.016482,172.31.46.0-255,66,224341,54,259165
13760,0.018497,172.217.194.0-255,5738,230079,54,259165
13761,0.018508,172.31.46.0-255,66,230145,54,259165
13762,0.020515,172.217.194.0-255,5738,235883,54,259165
13763,0.020527,172.31.46.0-255,66,235949,54,259165
13764,0.022549,172.217.194.0-255,5738,241687,54,259165
13765,0.022558,172.31.46.0-255,66,241753,54,259165
13766,0.024561,172.217.194.0-255,5738,247491,54,259165
13767,0.02457,172.31.46.0-255,66,247557,54,259165
13768,0.026808,172.217.194.0-255,5738,253295,54,259165
13769,0.026817,172.31.46.0-255,66,253361,54,259165
13770,0.028858,172.217.194.0-255,5738,259099,54,259165
13771,0.028866,172.31.46.0-255,66,259165,54,259165
13772,0.0,172.217.194.0-255,153,153,54,244081
13773,2.3e-05,172.31.46.0-255,66,219,54,244081
13774,3.1e-05,172.217.194.0-255,1484,1703,54,244081
13775,3.6e-05,172.31.46.0-255,66,1769,54,244081
13776,4.2e-05,172.217.194.0-255,2902,4671,54,244081
13777,4.6e-05,172.31.46.0-255,66,4737,54,244081
13778,5.2e-05,172.217.194.0-255,4320,9057,54,244081
13779,5.5e-05,172.31.46.0-255,66,9123,54,244081
13780,7.9e-05,172.217.194.0-255,1484,10607,54,244081
13781,8.2e-05,172.31.46.0-255,66,10673,54,244081
13782,9.5e-05,172.217.194.0-255,1484,12157,54,244081
13783,9.7e-05,172.31.46.0-255,66,12223,54,244081
13784,0.000113,172.217.194.0-255,1939,14162,54,244081
13785,0.000116,172.31.46.0-255,66,14228,54,244081
13786,0.000196,172.217.194.0-255,1484,15712,54,244081
13787,0.000199,172.31.46.0-255,66,15778,54,244081
13788,0.000204,172.217.194.0-255,2902,18680,54,244081
13789,0.000206,172.31.46.0-255,66,18746,54,244081
13790,0.000226,172.217.194.0-255,5738,24484,54,244081
13791,0.000229,172.31.46.0-255,66,24550,54,244081
13792,0.000244,172.217.194.0-255,1484,26034,54,244081
13793,0.000246,172.31.46.0-255,66,26100,54,244081
13794,0.000266,172.217.194.0-255,5379,31479,54,244081
13795,0.000269,172.31.46.0-255,66,31545,54,244081
13796,0.000511,172.217.194.0-255,1484,33029,54,244081
13797,0.000517,172.31.46.0-255,66,33095,54,244081
13798,0.000522,172.217.194.0-255,2902,35997,54,244081
13799,0.000525,172.31.46.0-255,66,36063,54,244081
13800,0.000528,172.217.194.0-255,1484,37547,54,244081
13801,0.000531,172.31.46.0-255,66,37613,54,244081
13802,0.000554,172.217.194.0-255,4320,41933,54,244081
13803,0.000558,172.31.46.0-255,66,41999,54,244081
13804,0.000565,172.217.194.0-255,6797,48796,54,244081
13805,0.000567,172.31.46.0-255,66,48862,54,244081
13806,0.001011,172.217.194.0-255,1484,50346,54,244081
13807,0.001021,172.217.194.0-255,2902,53248,54,244081
13808,0.001025,172.31.46.0-255,66,53314,54,244081
13809,0.001034,172.217.194.0-255,5738,59052,54,244081
13810,0.001036,172.31.46.0-255,66,59118,54,244081
13811,0.00106,172.217.194.0-255,4320,63438,54,244081
13812,0.001062,172.31.46.0-255,66,63504,54,244081
13813,0.001079,172.217.194.0-255,2543,66047,54,244081
13814,0.001082,172.31.46.0-255,66,66113,54,244081
13815,0.00111,172.217.194.0-255,1484,67597,54,244081
13816,0.001115,172.217.194.0-255,2902,70499,54,244081
13817,0.001117,172.31.46.0-255,66,70565,54,244081
13818,0.001124,172.217.194.0-255,4320,74885,54,244081
13819,0.001126,172.31.46.0-255,66,74951,54,244081
13820,0.001146,172.217.194.0-255,1484,76435,54,244081
13821,0.001161,172.217.194.0-255,4320,80755,54,244081
13822,0.001163,172.31.46.0-255,66,80821,54,244081
13823,0.001192,172.31.46.0-255,66,80887,54,244081
13824,0.001212,172.217.194.0-255,5738,86625,54,244081
13825,0.001214,172.31.46.0-255,66,86691,54,244081
13826,0.001231,172.217.194.0-255,4542,91233,54,244081
13827,0.001233,172.31.46.0-255,66,91299,54,244081
13828,0.001529,172.217.194.0-255,1484,92783,54,244081
13829,0.001538,172.217.194.0-255,2902,95685,54,244081
13830,0.001542,172.31.46.0-255,66,95751,54,244081
13831,0.001549,172.217.194.0-255,5738,101489,54,244081
13832,0.001552,172.31.46.0-255,66,101555,54,244081
13833,0.001597,172.31.46.0-255,66,101621,54,244081
13834,0.001612,172.217.194.0-255,1484,103105,54,244081
13835,0.001646,172.31.46.0-255,66,103171,54,244081
13836,0.00168,172.217.194.0-255,2902,106073,54,244081
13837,0.001683,172.31.46.0-255,66,106139,54,244081
13838,0.001713,172.217.194.0-255,4320,110459,54,244081
13839,0.001717,172.31.46.0-255,66,110525,54,244081
13840,0.001727,172.31.46.0-255,66,110591,54,244081
13841,0.001745,172.31.46.0-255,66,110657,54,244081
13842,0.001748,172.217.194.0-255,766,111423,54,244081
13843,0.001766,172.217.194.0-255,1484,112907,54,244081
13844,0.001768,172.31.46.0-255,66,112973,54,244081
13845,0.001801,172.31.46.0-255,66,113039,54,244081
13846,0.001853,172.31.46.0-255,66,113105,54,244081
13847,0.001874,172.217.194.0-255,3602,116707,54,244081
13848,0.001876,172.31.46.0-255,66,116773,54,244081
13849,0.001918,172.217.194.0-255,1484,118257,54,244081
13850,0.001923,172.217.194.0-255,2902,121159,54,244081
13851,0.001926,172.31.46.0-255,66,121225,54,244081
13852,0.001932,172.217.194.0-255,5738,126963,54,244081
13853,0.001934,172.31.46.0-255,66,127029,54,244081
13854,0.001976,172.31.46.0-255,66,127095,54,244081
13855,0.001989,172.31.46.0-255,66,127161,54,244081
13856,0.002015,172.217.194.0-255,4320,131481,54,244081
13857,0.002018,172.31.46.0-255,66,131547,54,244081
13858,0.002036,172.217.194.0-255,2902,134449,54,244081
13859,0.002039,172.31.46.0-255,66,134515,54,244081
13860,0.00205,172.31.46.0-255,66,134581,54,244081
13861,0.00207,172.217.194.0-255,5738,140319,54,244081
13862,0.002073,172.31.46.0-255,66,140385,54,244081
13863,0.002097,172.31.46.0-255,66,140451,54,244081
13864,0.002099,172.217.194.0-255,766,141217,54,244081
13865,0.002137,172.217.194.0-255,1484,142701,54,244081
13866,0.00214,172.31.46.0-255,66,142767,54,244081
13867,0.002145,172.217.194.0-255,2902,145669,54,244081
13868,0.002148,172.31.46.0-255,66,145735,54,244081
13869,0.002151,172.217.194.0-255,1484,147219,54,244081
13870,0.002173,172.217.194.0-255,4320,151539,54,244081
13871,0.002176,172.31.46.0-255,66,151605,54,244081
13872,0.002187,172.31.46.0-255,66,151671,54,244081
13873,0.002207,172.217.194.0-255,2902,154573,54,244081
13874,0.002209,172.31.46.0-255,66,154639,54,244081
13875,0.002235,172.217.194.0-255,5738,160377,54,244081
13876,0.002238,172.31.46.0-255,66,160443,54,244081
13877,0.002264,172.217.194.0-255,6438,166881,54,244081
13878,0.002268,172.31.46.0-255,66,166947,54,244081
13879,0.002271,172.217.194.0-255,1484,168431,54,244081
13880,0.002297,172.217.194.0-255,1484,169915,54,244081
13881,0.0023,172.31.46.0-255,66,169981,54,244081
13882,0.002305,172.217.194.0-255,4320,174301,54,244081
13883,0.002308,172.31.46.0-255,66,174367,54,244081
13884,0.002319,172.31.46.0-255,66,174433,54,244081
13885,0.002322,172.217.194.0-255,1484,175917,54,244081
13886,0.00463,172.217.194.0-255,4320,180237,54,244081
13887,0.004636,172.31.46.0-255,66,180303,54,244081
13888,0.006949,172.217.194.0-255,5738,186041,54,244081
13889,0.006956,172.31.46.0-255,66,186107,54,244081
13890,0.009251,172.217.194.0-255,5738,191845,54,244081
13891,0.009257,172.31.46.0-255,66,191911,54,244081
13892,0.011551,172.217.194.0-255,5738,197649,54,244081
13893,0.011558,172.31.46.0-255,66,197715,54,244081
13894,0.013872,172.217.194.0-255,5738,203453,54,244081
13895,0.013881,172.31.46.0-255,66,203519,54,244081
13896,0.016181,172.217.194.0-255,5738,209257,54,244081
13897,0.016189,172.31.46.0-255,66,209323,54,244081
13898,0.018493,172.217.194.0-255,5738,215061,54,244081
13899,0.018501,172.31.46.0-255,66,215127,54,244081
13900,0.020789,172.217.194.0-255,5738,220865,54,244081
13901,0.020798,172.31.46.0-255,66,220931,54,244081
13902,0.023101,172.217.194.0-255,5738,226669,54,244081
13903,0.023109,172.31.46.0-255,66,226735,54,244081
13904,0.025406,172.217.194.0-255,5738,232473,54,244081
13905,0.025414,172.31.46.0-255,66,232539,54,244081
13906,0.02771,172.217.194.0-255,5738,238277,54,244081
13907,0.027717,172.31.46.0-255,66,238343,54,244081
13908,0.029998,172.217.194.0-255,5738,244081,54,244081
13909,0.0,172.217.27.0-255,149,149,54,213480
13910,1.6e-05,172.31.46.0-255,66,215,54,213480
13911,2.2e-05,172.217.27.0-255,1484,1699,54,213480
13912,2.6e-05,172.31.46.0-255,66,1765,54,213480
13913,3.7e-05,172.217.27.0-255,2902,4667,54,213480
13914,4e-05,172.31.46.0-255,66,4733,54,213480
13915,4.4e-05,172.217.27.0-255,2902,7635,54,213480
13916,4.7e-05,172.31.46.0-255,66,7701,54,213480
13917,7.6e-05,172.217.27.0-255,2902,10603,54,213480
13918,7.9e-05,172.31.46.0-255,66,10669,54,213480
13919,8.5e-05,172.217.27.0-255,6351,17020,54,213480
13920,8.8e-05,172.31.46.0-255,66,17086,54,213480
13921,9.9e-05,172.217.27.0-255,7156,24242,54,213480
13922,0.000101,172.31.46.0-255,66,24308,54,213480
13923,0.000125,172.217.27.0-255,6797,31105,54,213480
13924,0.000131,172.31.46.0-255,66,31171,54,213480
13925,0.00018,172.217.27.0-255,1484,32655,54,213480
13926,0.000182,172.31.46.0-255,66,32721,54,213480
13927,0.000185,172.217.27.0-255,1484,34205,54,213480
13928,0.000187,172.31.46.0-255,66,34271,54,213480
13929,0.000204,172.217.27.0-255,1484,35755,54,213480
13930,0.000206,172.31.46.0-255,66,35821,54,213480
13931,0.000211,172.217.27.0-255,4320,40141,54,213480
13932,0.000217,172.31.46.0-255,66,40207,54,213480
13933,0.000252,172.217.27.0-255,1484,41691,54,213480
13934,0.000258,172.31.46.0-255,66,41757,54,213480
13935,0.000264,172.217.27.0-255,5738,47495,54,213480
13936,0.000266,172.31.46.0-255,66,47561,54,213480
13937,0.000284,172.217.27.0-255,1125,48686,54,213480
13938,0.000286,172.31.46.0-255,66,48752,54,213480
13939,0.00031,172.217.27.0-255,5738,54490,54,213480
13940,0.000312,172.31.46.0-255,66,54556,54,213480
13941,0.00033,172.217.27.0-255,1484,56040,54,213480
13942,0.000338,172.217.27.0-255,7156,63196,54,213480
13943,0.000352,172.217.27.0-255,2812,66008,54,213480
13944,0.000488,172.31.46.0-255,66,66074,54,213480
13945,0.000672,172.217.27.0-255,134,66208,54,213480
13946,0.000675,172.217.27.0-255,350,66558,54,213480
13947,0.000984,172.217.27.0-255,1484,68042,54,213480
13948,0.000988,172.31.46.0-255,66,68108,54,213480
13949,0.000993,172.217.27.0-255,2902,71010,54,213480
13950,0.000996,172.217.27.0-255,1484,72494,54,213480
13951,0.001016,172.217.27.0-255,4320,76814,54,213480
13952,0.001024,172.31.46.0-255,66,76880,54,213480
13953,0.001044,172.217.27.0-255,5738,82618,54,213480
13954,0.001057,172.31.46.0-255,66,82684,54,213480
13955,0.001064,172.217.27.0-255,7156,89840,54,213480
13956,0.001077,172.31.46.0-255,66,89906,54,213480
13957,0.001126,172.217.27.0-255,4320,94226,54,213480
13958,0.001139,172.217.27.0-255,1484,95710,54,213480
13959,0.001151,172.217.27.0-255,1484,97194,54,213480
13960,0.001154,172.31.46.0-255,66,97260,54,213480
13961,0.001179,172.217.27.0-255,3602,100862,54,213480
13962,0.001187,172.31.46.0-255,66,100928,54,213480
13963,0.001445,172.217.27.0-255,1484,102412,54,213480
13964,0.001451,172.217.27.0-255,1484,103896,54,213480
13965,0.001454,172.31.46.0-255,66,103962,54,213480
13966,0.001478,172.217.27.0-255,1484,105446,54,213480
13967,0.001483,172.217.27.0-255,4320,109766,54,213480
13968,0.001498,172.217.27.0-255,1484,111250,54,213480
13969,0.001523,172.217.27.0-255,2902,114152,54,213480
13970,0.001539,172.217.27.0-255,2902,117054,54,213480
13971,0.001553,172.217.27.0-255,4320,121374,54,213480
13972,0.001599,172.217.27.0-255,1484,122858,54,213480
13973,0.001619,172.217.27.0-255,7156,130014,54,213480
13974,0.001636,172.217.27.0-255,2902,132916,54,213480
13975,0.001658,172.217.27.0-255,2184,135100,54,213480
13976,0.001661,172.217.27.0-255,1484,136584,54,213480
13977,0.006502,172.31.46.0-255,66,136650,54,213480
13978,0.00816,172.217.27.0-255,5738,142388,54,213480
13979,0.008167,172.31.46.0-255,66,142454,54,213480
13980,0.009807,172.217.27.0-255,5738,148192,54,213480
13981,0.01047,172.31.46.0-255,66,148258,54,213480
13982,0.01209,172.217.27.0-255,5738,153996,54,213480
13983,0.012096,172.31.46.0-255,66,154062,54,213480
13984,0.013719,172.217.27.0-255,5738,159800,54,213480
13985,0.013725,172.31.46.0-255,66,159866,54,213480
13986,0.015348,172.217.27.0-255,5738,165604,54,213480
13987,0.016672,172.31.46.0-255,66,165670,54,213480
13988,0.018302,172.217.27.0-255,5738,171408,54,213480
13989,0.018311,172.31.46.0-255,66,171474,54,213480
13990,0.019948,172.217.27.0-255,4320,175794,54,213480
13991,0.019954,172.31.46.0-255,66,175860,54,213480
13992,0.019981,172.217.27.0-255,1484,177344,54,213480
13993,0.021583,172.217.27.0-255,4320,181664,54,213480
13994,0.021592,172.31.46.0-255,66,181730,54,213480
13995,0.023238,172.217.27.0-255,5738,187468,54,213480
13996,0.023281,172.31.46.0-255,66,187534,54,213480
13997,0.024914,172.217.27.0-255,4320,191854,54,213480
13998,0.02492,172.31.46.0-255,66,191920,54,213480
13999,0.024942,172.217.27.0-255,1484,193404,54,213480
14000,0.026543,172.217.27.0-255,4320,197724,54,213480
14001,0.026549,172.31.46.0-255,66,197790,54,213480
14002,0.028206,172.217.27.0-255,5738,203528,54,213480
14003,0.02828,172.31.46.0-255,66,203594,54,213480
14004,0.029732,172.31.46.0-255,172,203766,54,213480
14005,0.029759,172.31.46.0-255,1119,204885,54,213480
14006,0.029808,172.31.46.0-255,1514,206399,54,213480
14007,0.02981,172.31.46.0-255,1277,207676,54,213480
14008,0.029898,172.217.27.0-255,5738,213414,54,213480
14009,0.029903,172.31.46.0-255,66,213480,54,213480
14010,0.0,74.125.200.0-255,292,292,54,295371
14011,1.5e-05,172.31.46.0-255,66,358,54,295371
14012,2.1e-05,74.125.200.0-255,1484,1842,54,295371
14013,2.6e-05,172.31.46.0-255,66,1908,54,295371
14014,5.9e-05,74.125.200.0-255,4320,6228,54,295371
14015,6.2e-05,172.31.46.0-255,66,6294,54,295371
14016,9.1e-05,74.125.200.0-255,5738,12032,54,295371
14017,9.3e-05,172.31.46.0-255,66,12098,54,295371
14018,9.7e-05,74.125.200.0-255,1484,13582,54,295371
14019,9.9e-05,172.31.46.0-255,66,13648,54,295371
14020,0.00012,74.125.200.0-255,3276,16924,54,295371
14021,0.000122,172.31.46.0-255,66,16990,54,295371
14022,0.000128,74.125.200.0-255,5738,22728,54,295371
14023,0.00013,172.31.46.0-255,66,22794,54,295371
14024,0.000167,172.31.46.0-255,66,22860,54,295371
14025,0.000257,74.125.200.0-255,1484,24344,54,295371
14026,0.00026,172.31.46.0-255,66,24410,54,295371
14027,0.000295,74.125.200.0-255,1484,25894,54,295371
14028,0.000297,172.31.46.0-255,66,25960,54,295371
14029,0.000312,74.125.200.0-255,2902,28862,54,295371
14030,0.000314,172.31.46.0-255,66,28928,54,295371
14031,0.000339,74.125.200.0-255,5738,34666,54,295371
14032,0.000342,172.31.46.0-255,66,34732,54,295371
14033,0.000363,74.125.200.0-255,1484,36216,54,295371
14034,0.000365,172.31.46.0-255,66,36282,54,295371
14035,0.000368,74.125.200.0-255,1484,37766,54,295371
14036,0.000369,172.31.46.0-255,66,37832,54,295371
14037,0.000404,74.125.200.0-255,1484,39316,54,295371
14038,0.000407,172.31.46.0-255,66,39382,54,295371
14039,0.000413,74.125.200.0-255,5738,45120,54,295371
14040,0.000416,172.31.46.0-255,66,45186,54,295371
14041,0.000418,74.125.200.0-255,1484,46670,54,295371
14042,0.000423,74.125.200.0-255,2902,49572,54,295371
14043,0.000424,172.31.46.0-255,66,49638,54,295371
14044,0.00043,74.125.200.0-255,5738,55376,54,295371
14045,0.000432,172.31.46.0-255,66,55442,54,295371
14046,0.000461,74.125.200.0-255,2184,57626,54,295371
14047,0.000463,172.31.46.0-255,66,57692,54,295371
14048,0.000485,74.125.200.0-255,442,58134,54,295371
14049,0.000567,74.125.200.0-255,1484,59618,54,295371
14050,0.000571,172.31.46.0-255,66,59684,54,295371
14051,0.000601,74.125.200.0-255,1484,61168,54,295371
14052,0.000616,74.125.200.0-255,2902,64070,54,295371
14053,0.000618,172.31.46.0-255,66,64136,54,295371
14054,0.000636,74.125.200.0-255,5738,69874,54,295371
14055,0.000638,172.31.46.0-255,66,69940,54,295371
14056,0.000678,74.125.200.0-255,5738,75678,54,295371
14057,0.000681,172.31.46.0-255,66,75744,54,295371
14058,0.000687,74.125.200.0-255,7156,82900,54,295371
14059,0.000688,172.31.46.0-255,66,82966,54,295371
14060,0.000716,74.125.200.0-255,2902,85868,54,295371
14061,0.000718,172.31.46.0-255,66,85934,54,295371
14062,0.000723,74.125.200.0-255,4320,90254,54,295371
14063,0.000725,172.31.46.0-255,66,90320,54,295371
14064,0.000761,74.125.200.0-255,2184,92504,54,295371
14065,0.000764,172.31.46.0-255,66,92570,54,295371
14066,0.000838,74.125.200.0-255,1484,94054,54,295371
14067,0.000849,74.125.200.0-255,1484,95538,54,295371
14068,0.000852,172.31.46.0-255,66,95604,54,295371
14069,0.000876,74.125.200.0-255,1484,97088,54,295371
14070,0.000881,74.125.200.0-255,4320,101408,54,295371
14071,0.000883,172.31.46.0-255,66,101474,54,295371
14072,0.000887,74.125.200.0-255,2902,104376,54,295371
14073,0.000889,172.31.46.0-255,66,104442,54,295371
14074,0.000912,74.125.200.0-255,5738,110180,54,295371
14075,0.000914,172.31.46.0-255,66,110246,54,295371
14076,0.000921,74.125.200.0-255,7156,117402,54,295371
14077,0.000926,172.31.46.0-255,66,117468,54,295371
14078,0.000937,74.125.200.0-255,766,118234,54,295371
14079,0.00094,172.31.46.0-255,66,118300,54,295371
14080,0.001081,74.125.200.0-255,1484,119784,54,295371
14081,0.001084,172.31.46.0-255,66,119850,54,295371
14082,0.001089,74.125.200.0-255,2902,122752,54,295371
14083,0.00109,172.31.46.0-255,66,122818,54,295371
14084,0.001113,74.125.200.0-255,4320,127138,54,295371
14085,0.001115,172.31.46.0-255,66,127204,54,295371
14086,0.001143,74.125.200.0-255,1484,128688,54,295371
14087,0.001161,74.125.200.0-255,4320,133008,54,295371
14088,0.001163,172.31.46.0-255,66,133074,54,295371
14089,0.001166,74.125.200.0-255,1484,134558,54,295371
14090,0.001195,172.31.46.0-255,66,134624,54,295371
14091,0.001227,172.31.46.0-255,66,134690,54,295371
14092,0.001263,74.125.200.0-255,1484,136174,54,295371
14093,0.001276,74.125.200.0-255,2902,139076,54,295371
14094,0.001278,172.31.46.0-255,66,139142,54,295371
14095,0.001304,74.125.200.0-255,4320,143462,54,295371
14096,0.001307,172.31.46.0-255,66,143528,54,295371
14097,0.001325,74.125.200.0-255,1484,145012,54,295371
14098,0.001341,74.125.200.0-255,1484,146496,54,295371
14099,0.001343,172.31.46.0-255,66,146562,54,295371
14100,0.001385,74.125.200.0-255,1484,148046,54,295371
14101,0.001402,74.125.200.0-255,2902,150948,54,295371
14102,0.001405,172.31.46.0-255,66,151014,54,295371
14103,0.001428,74.125.200.0-255,1484,152498,54,295371
14104,0.001432,74.125.200.0-255,2902,155400,54,295371
14105,0.001434,172.31.46.0-255,66,155466,54,295371
14106,0.001462,74.125.200.0-255,5738,161204,54,295371
14107,0.001465,172.31.46.0-255,66,161270,54,295371
14108,0.001469,74.125.200.0-255,2902,164172,54,295371
14109,0.001471,172.31.46.0-255,66,164238,54,295371
14110,0.001492,74.125.200.0-255,5020,169258,54,295371
14111,0.001497,172.31.46.0-255,66,169324,54,295371
14112,0.001502,74.125.200.0-255,2902,172226,54,295371
14113,0.001504,172.31.46.0-255,66,172292,54,295371
14114,0.001527,74.125.200.0-255,5738,178030,54,295371
14115,0.001529,172.31.46.0-255,66,178096,54,295371
14116,0.001533,74.125.200.0-255,2902,180998,54,295371
14117,0.001534,172.31.46.0-255,66,181064,54,295371
14118,0.001559,74.125.200.0-255,7156,188220,54,295371
14119,0.001562,172.31.46.0-255,66,188286,54,295371
14120,0.001593,74.125.200.0-255,5738,194024,54,295371
14121,0.001596,172.31.46.0-255,66,194090,54,295371
14122,0.001625,172.31.46.0-255,66,194156,54,295371
14123,0.001647,74.125.200.0-255,1484,195640,54,295371
14124,0.001651,74.125.200.0-255,2902,198542,54,295371
14125,0.001661,74.125.200.0-255,2902,201444,54,295371
14126,0.001664,172.31.46.0-255,66,201510,54,295371
14127,0.001667,172.31.46.0-255,66,201576,54,295371
14128,0.001676,74.125.200.0-255,2902,204478,54,295371
14129,0.001689,74.125.200.0-255,5738,210216,54,295371
14130,0.001707,74.125.200.0-255,1484,211700,54,295371
14131,0.001722,74.125.200.0-255,4320,216020,54,295371
14132,0.001729,172.31.46.0-255,66,216086,54,295371
14133,0.001763,74.125.200.0-255,2184,218270,54,295371
14134,0.001804,172.31.46.0-255,66,218336,54,295371
14135,0.001819,74.125.200.0-255,1484,219820,54,295371
14136,0.001822,74.125.200.0-255,1484,221304,54,295371
14137,0.001838,74.125.200.0-255,2902,224206,54,295371
14138,0.001843,172.31.46.0-255,66,224272,54,295371
14139,0.001881,74.125.200.0-255,5738,230010,54,295371
14140,0.001919,74.125.200.0-255,2902,232912,54,295371
14141,0.001951,74.125.200.0-255,4320,237232,54,295371
14142,0.001979,74.125.200.0-255,2902,240134,54,295371
14143,0.002021,74.125.200.0-255,5738,245872,54,295371
14144,0.002055,74.125.200.0-255,4320,250192,54,295371
14145,0.00208,74.125.200.0-255,1484,251676,54,295371
14146,0.002108,74.125.200.0-255,4320,255996,54,295371
14147,0.002114,74.125.200.0-255,6438,262434,54,295371
14148,0.002151,74.125.200.0-255,7156,269590,54,295371
14149,0.002163,74.125.200.0-255,1484,271074,54,295371
14150,0.002196,74.125.200.0-255,1484,272558,54,295371
14151,0.002234,74.125.200.0-255,1484,274042,54,295371
14152,0.002246,74.125.200.0-255,5738,279780,54,295371
14153,0.00226,74.125.200.0-255,5020,284800,54,295371
14154,0.002264,74.125.200.0-255,4320,289120,54,295371
14155,0.0023,74.125.200.0-255,1627,290747,54,295371
14156,0.002336,74.125.200.0-255,105,290852,54,295371
14157,0.006695,172.31.46.0-255,66,290918,54,295371
14158,0.009047,172.31.46.0-255,105,291023,54,295371
14159,0.01158,74.125.200.0-255,66,291089,54,295371
14160,0.028344,172.31.46.0-255,172,291261,54,295371
14161,0.02837,172.31.46.0-255,1119,292380,54,295371
14162,0.028427,172.31.46.0-255,1514,293894,54,295371
14163,0.028446,172.31.46.0-255,1279,295173,54,295371
14164,0.029882,104.244.42.0-255,66,295239,54,295371
14165,0.029913,104.244.42.0-255,66,295305,54,295371
14166,0.029972,104.244.42.0-255,66,295371,54,295371
14167,0.0,74.125.24.0-255,145,145,54,194777
14168,1.3e-05,172.31.46.0-255,66,211,54,194777
14169,1.9e-05,74.125.24.0-255,1484,1695,54,194777
14170,2.3e-05,172.31.46.0-255,66,1761,54,194777
14171,2.9e-05,74.125.24.0-255,2902,4663,54,194777
14172,3.2e-05,172.31.46.0-255,66,4729,54,194777
14173,4.5e-05,74.125.24.0-255,7156,11885,54,194777
14174,4.7e-05,172.31.46.0-255,66,11951,54,194777
14175,6.2e-05,74.125.24.0-255,2105,14056,54,194777
14176,6.4e-05,172.31.46.0-255,66,14122,54,194777
14177,8.8e-05,74.125.24.0-255,2902,17024,54,194777
14178,9e-05,172.31.46.0-255,66,17090,54,194777
14179,9.4e-05,74.125.24.0-255,2902,19992,54,194777
14180,9.6e-05,172.31.46.0-255,66,20058,54,194777
14181,0.000134,74.125.24.0-255,4320,24378,54,194777
14182,0.000137,172.31.46.0-255,66,24444,54,194777
14183,0.000144,74.125.24.0-255,6797,31241,54,194777
14184,0.000145,172.31.46.0-255,66,31307,54,194777
14185,0.000218,74.125.24.0-255,1484,32791,54,194777
14186,0.00022,172.31.46.0-255,66,32857,54,194777
14187,0.000225,74.125.24.0-255,2902,35759,54,194777
14188,0.000228,172.31.46.0-255,66,35825,54,194777
14189,0.000254,74.125.24.0-255,5738,41563,54,194777
14190,0.000256,172.31.46.0-255,66,41629,54,194777
14191,0.00026,74.125.24.0-255,2902,44531,54,194777
14192,0.000262,172.31.46.0-255,66,44597,54,194777
14193,0.000296,74.125.24.0-255,3961,48558,54,194777
14194,0.000299,172.31.46.0-255,66,48624,54,194777
14195,0.000322,74.125.24.0-255,1484,50108,54,194777
14196,0.000324,172.31.46.0-255,66,50174,54,194777
14197,0.000328,74.125.24.0-255,2902,53076,54,194777
14198,0.00033,172.31.46.0-255,66,53142,54,194777
14199,0.00034,74.125.24.0-255,5738,58880,54,194777
14200,0.000342,172.31.46.0-255,66,58946,54,194777
14201,0.000367,74.125.24.0-255,1484,60430,54,194777
14202,0.000385,74.125.24.0-255,5379,65809,54,194777
14203,0.000388,172.31.46.0-255,66,65875,54,194777
14204,0.000667,74.125.24.0-255,394,66269,54,194777
14205,0.000695,74.125.24.0-255,350,66619,54,194777
14206,0.000943,172.31.46.0-255,66,66685,54,194777
14207,0.000969,74.125.24.0-255,1484,68169,54,194777
14208,0.000983,74.125.24.0-255,2902,71071,54,194777
14209,0.000986,172.31.46.0-255,66,71137,54,194777
14210,0.000992,74.125.24.0-255,5738,76875,54,194777
14211,0.000994,172.31.46.0-255,66,76941,54,194777
14212,0.001034,172.31.46.0-255,66,77007,54,194777
14213,0.001041,74.125.24.0-255,7156,84163,54,194777
14214,0.001043,172.31.46.0-255,66,84229,54,194777
14215,0.001069,74.125.24.0-255,2902,87131,54,194777
14216,0.001071,172.31.46.0-255,66,87197,54,194777
14217,0.001092,74.125.24.0-255,766,87963,54,194777
14218,0.001311,172.31.46.0-255,66,88029,54,194777
14219,0.001519,74.125.24.0-255,1484,89513,54,194777
14220,0.001529,74.125.24.0-255,2902,92415,54,194777
14221,0.001532,172.31.46.0-255,66,92481,54,194777
14222,0.001539,74.125.24.0-255,5738,98219,54,194777
14223,0.001541,172.31.46.0-255,66,98285,54,194777
14224,0.001577,172.31.46.0-255,66,98351,54,194777
14225,0.001582,74.125.24.0-255,4320,102671,54,194777
14226,0.001584,172.31.46.0-255,66,102737,54,194777
14227,0.00162,74.125.24.0-255,6438,109175,54,194777
14228,0.001622,172.31.46.0-255,66,109241,54,194777
14229,0.003628,74.125.24.0-255,5738,114979,54,194777
14230,0.003633,172.31.46.0-255,66,115045,54,194777
14231,0.005605,74.125.24.0-255,5738,120783,54,194777
14232,0.005609,172.31.46.0-255,66,120849,54,194777
14233,0.007593,74.125.24.0-255,5738,126587,54,194777
14234,0.0076,172.31.46.0-255,66,126653,54,194777
14235,0.009618,74.125.24.0-255,5738,132391,54,194777
14236,0.009626,172.31.46.0-255,66,132457,54,194777
14237,0.011628,74.125.24.0-255,5738,138195,54,194777
14238,0.011635,172.31.46.0-255,66,138261,54,194777
14239,0.013633,74.125.24.0-255,5738,143999,54,194777
14240,0.01364,172.31.46.0-255,66,144065,54,194777
14241,0.015621,74.125.24.0-255,5738,149803,54,194777
14242,0.015627,172.31.46.0-255,66,149869,54,194777
14243,0.017645,74.125.24.0-255,5738,155607,54,194777
14244,0.017654,172.31.46.0-255,66,155673,54,194777
14245,0.01966,74.125.24.0-255,5738,161411,54,194777
14246,0.019667,172.31.46.0-255,66,161477,54,194777
14247,0.021672,74.125.24.0-255,5738,167215,54,194777
14248,0.021678,172.31.46.0-255,66,167281,54,194777
14249,0.023666,74.125.24.0-255,5738,173019,54,194777
14250,0.023671,172.31.46.0-255,66,173085,54,194777
14251,0.024198,172.31.46.0-255,172,173257,54,194777
14252,0.024226,172.31.46.0-255,1119,174376,54,194777
14253,0.024275,172.31.46.0-255,1514,175890,54,194777
14254,0.024277,172.31.46.0-255,1277,177167,54,194777
14255,0.025679,74.125.24.0-255,5738,182905,54,194777
14256,0.025686,172.31.46.0-255,66,182971,54,194777
14257,0.025723,104.244.42.0-255,66,183037,54,194777
14258,0.025729,104.244.42.0-255,66,183103,54,194777
14259,0.025818,104.244.42.0-255,66,183169,54,194777
14260,0.027673,74.125.24.0-255,5738,188907,54,194777
14261,0.02768,172.31.46.0-255,66,188973,54,194777
14262,0.029703,74.125.24.0-255,5738,194711,54,194777
14263,0.029708,172.31.46.0-255,66,194777,54,194777
14264,0.0,74.125.24.0-255,146,146,54,234029
14265,2.4e-05,172.31.46.0-255,66,212,54,234029
14266,3.2e-05,74.125.24.0-255,1484,1696,54,234029
14267,3.6e-05,172.31.46.0-255,66,1762,54,234029
14268,5e-05,74.125.24.0-255,2902,4664,54,234029
14269,5.3e-05,172.31.46.0-255,66,4730,54,234029
14270,6e-05,74.125.24.0-255,7156,11886,54,234029
14271,6.4e-05,172.31.46.0-255,66,11952,54,234029
14272,6.8e-05,74.125.24.0-255,2107,14059,54,234029
14273,7.2e-05,172.31.46.0-255,66,14125,54,234029
14274,0.00057,74.125.24.0-255,1484,15609,54,234029
14275,0.000577,172.31.46.0-255,66,15675,54,234029
14276,0.000586,74.125.24.0-255,2902,18577,54,234029
14277,0.000589,172.31.46.0-255,66,18643,54,234029
14278,0.000601,74.125.24.0-255,5738,24381,54,234029
14279,0.000603,172.31.46.0-255,66,24447,54,234029
14280,0.000637,172.31.46.0-255,66,24513,54,234029
14281,0.000667,74.125.24.0-255,5379,29892,54,234029
14282,0.000673,172.31.46.0-255,66,29958,54,234029
14283,0.000684,172.31.46.0-255,66,30024,54,234029
14284,0.000731,172.31.46.0-255,66,30090,54,234029
14285,0.000734,74.125.24.0-255,377,30467,54,234029
14286,0.000736,172.31.46.0-255,66,30533,54,234029
14287,0.001061,74.125.24.0-255,1484,32017,54,234029
14288,0.001067,172.31.46.0-255,66,32083,54,234029
14289,0.001074,74.125.24.0-255,2902,34985,54,234029
14290,0.001077,172.31.46.0-255,66,35051,54,234029
14291,0.001088,74.125.24.0-255,5738,40789,54,234029
14292,0.001091,172.31.46.0-255,66,40855,54,234029
14293,0.001103,172.31.46.0-255,66,40921,54,234029
14294,0.001137,74.125.24.0-255,4320,45241,54,234029
14295,0.00114,172.31.46.0-255,66,45307,54,234029
14296,0.001146,74.125.24.0-255,4320,49627,54,234029
14297,0.001149,172.31.46.0-255,66,49693,54,234029
14298,0.001182,74.125.24.0-255,6438,56131,54,234029
14299,0.001185,172.31.46.0-255,66,56197,54,234029
14300,0.001201,74.125.24.0-255,2902,59099,54,234029
14301,0.001203,172.31.46.0-255,66,59165,54,234029
14302,0.001244,172.31.46.0-255,66,59231,54,234029
14303,0.001257,172.31.46.0-255,66,59297,54,234029
14304,0.001274,172.31.46.0-255,66,59363,54,234029
14305,0.00131,74.125.24.0-255,1484,60847,54,234029
14306,0.001317,74.125.24.0-255,2902,63749,54,234029
14307,0.001319,172.31.46.0-255,66,63815,54,234029
14308,0.001324,74.125.24.0-255,4320,68135,54,234029
14309,0.001327,172.31.46.0-255,66,68201,54,234029
14310,0.001343,74.125.24.0-255,1484,69685,54,234029
14311,0.001355,74.125.24.0-255,7156,76841,54,234029
14312,0.001358,172.31.46.0-255,66,76907,54,234029
14313,0.001384,74.125.24.0-255,5738,82645,54,234029
14314,0.001387,172.31.46.0-255,66,82711,54,234029
14315,0.001413,172.31.46.0-255,66,82777,54,234029
14316,0.001441,74.125.24.0-255,2184,84961,54,234029
14317,0.001444,172.31.46.0-255,66,85027,54,234029
14318,0.001474,172.31.46.0-255,66,85093,54,234029
14319,0.001558,74.125.24.0-255,6438,91531,54,234029
14320,0.001636,74.125.24.0-255,1484,93015,54,234029
14321,0.001642,74.125.24.0-255,2902,95917,54,234029
14322,0.001657,74.125.24.0-255,5738,101655,54,234029
14323,0.001687,74.125.24.0-255,5738,107393,54,234029
14324,0.001705,74.125.24.0-255,7156,114549,54,234029
14325,0.001708,74.125.24.0-255,1484,116033,54,234029
14326,0.001804,74.125.24.0-255,1484,117517,54,234029
14327,0.001808,74.125.24.0-255,1484,119001,54,234029
14328,0.001819,74.125.24.0-255,1484,120485,54,234029
14329,0.001825,74.125.24.0-255,4320,124805,54,234029
14330,0.001843,74.125.24.0-255,1484,126289,54,234029
14331,0.001886,74.125.24.0-255,4320,130609,54,234029
14332,0.001926,74.125.24.0-255,766,131375,54,234029
14333,0.002056,74.125.24.0-255,1484,132859,54,234029
14334,0.002063,74.125.24.0-255,2902,135761,54,234029
14335,0.00207,74.125.24.0-255,4320,140081,54,234029
14336,0.002082,74.125.24.0-255,1484,141565,54,234029
14337,0.00218,74.125.24.0-255,2184,143749,54,234029
14338,0.002185,74.125.24.0-255,2902,146651,54,234029
14339,0.002203,74.125.24.0-255,7156,153807,54,234029
14340,0.002251,74.125.24.0-255,5738,159545,54,234029
14341,0.002268,74.125.24.0-255,2184,161729,54,234029
14342,0.002285,74.125.24.0-255,2902,164631,54,234029
14343,0.002307,74.125.24.0-255,4320,168951,54,234029
14344,0.002314,74.125.24.0-255,5738,174689,54,234029
14345,0.002327,74.125.24.0-255,2902,177591,54,234029
14346,0.00233,74.125.24.0-255,2902,180493,54,234029
14347,0.002382,74.125.24.0-255,4320,184813,54,234029
14348,0.002404,74.125.24.0-255,2184,186997,54,234029
14349,0.002761,172.31.46.0-255,66,187063,54,234029
14350,0.005298,74.125.24.0-255,5738,192801,54,234029
14351,0.005307,172.31.46.0-255,66,192867,54,234029
14352,0.007823,74.125.24.0-255,5738,198605,54,234029
14353,0.00783,172.31.46.0-255,66,198671,54,234029
14354,0.01035,74.125.24.0-255,5738,204409,54,234029
14355,0.010363,172.31.46.0-255,66,204475,54,234029
14356,0.01289,74.125.24.0-255,5738,210213,54,234029
14357,0.012906,172.31.46.0-255,66,210279,54,234029
14358,0.015448,74.125.24.0-255,5738,216017,54,234029
14359,0.015463,172.31.46.0-255,66,216083,54,234029
14360,0.018002,74.125.24.0-255,5738,221821,54,234029
14361,0.018022,172.31.46.0-255,66,221887,54,234029
14362,0.02057,74.125.24.0-255,5738,227625,54,234029
14363,0.020587,172.31.46.0-255,66,227691,54,234029
14364,0.023128,74.125.24.0-255,5738,233429,54,234029
14365,0.023145,172.31.46.0-255,66,233495,54,234029
14366,0.025659,74.125.24.0-255,297,233792,54,234029
14367,0.025869,172.31.46.0-255,66,233858,54,234029
14368,0.025911,172.31.46.0-255,105,233963,54,234029
14369,0.028392,74.125.24.0-255,66,234029,54,234029
14370,0.0,172.217.24.0-255,150,150,54,248319
14371,1.6e-05,172.31.46.0-255,66,216,54,248319
14372,2.2e-05,172.217.24.0-255,1484,1700,54,248319
14373,2.6e-05,172.31.46.0-255,66,1766,54,248319
14374,3.2e-05,172.217.24.0-255,2902,4668,54,248319
14375,3.6e-05,172.31.46.0-255,66,4734,54,248319
14376,4.4e-05,172.217.24.0-255,7156,11890,54,248319
14377,4.8e-05,172.31.46.0-255,66,11956,54,248319
14378,5.9e-05,172.31.46.0-255,66,12022,54,248319
14379,0.000116,172.217.24.0-255,4320,16342,54,248319
14380,0.000119,172.31.46.0-255,66,16408,54,248319
14381,0.000137,172.217.24.0-255,6797,23205,54,248319
14382,0.00014,172.31.46.0-255,66,23271,54,248319
14383,0.000215,172.217.24.0-255,1484,24755,54,248319
14384,0.000218,172.31.46.0-255,66,24821,54,248319
14385,0.000234,172.217.24.0-255,2902,27723,54,248319
14386,0.000237,172.31.46.0-255,66,27789,54,248319
14387,0.000239,172.217.24.0-255,1484,29273,54,248319
14388,0.000241,172.31.46.0-255,66,29339,54,248319
14389,0.000259,172.217.24.0-255,2902,32241,54,248319
14390,0.000261,172.31.46.0-255,66,32307,54,248319
14391,0.0003,172.31.46.0-255,66,32373,54,248319
14392,0.000306,172.217.24.0-255,5738,38111,54,248319
14393,0.000309,172.31.46.0-255,66,38177,54,248319
14394,0.000334,172.217.24.0-255,1484,39661,54,248319
14395,0.000337,172.31.46.0-255,66,39727,54,248319
14396,0.000367,172.31.46.0-255,66,39793,54,248319
14397,0.000855,172.217.24.0-255,135,39928,54,248319
14398,0.00086,172.31.46.0-255,66,39994,54,248319
14399,0.00098,172.217.24.0-255,1484,41478,54,248319
14400,0.000988,172.217.24.0-255,2902,44380,54,248319
14401,0.000991,172.31.46.0-255,66,44446,54,248319
14402,0.000997,172.217.24.0-255,4320,48766,54,248319
14403,0.000999,172.31.46.0-255,66,48832,54,248319
14404,0.001028,172.217.24.0-255,7156,55988,54,248319
14405,0.001031,172.31.46.0-255,66,56054,54,248319
14406,0.001053,172.217.24.0-255,2543,58597,54,248319
14407,0.001056,172.31.46.0-255,66,58663,54,248319
14408,0.00107,172.31.46.0-255,66,58729,54,248319
14409,0.001102,172.217.24.0-255,2543,61272,54,248319
14410,0.001104,172.31.46.0-255,66,61338,54,248319
14411,0.001149,172.217.24.0-255,1484,62822,54,248319
14412,0.001154,172.217.24.0-255,2902,65724,54,248319
14413,0.001157,172.31.46.0-255,66,65790,54,248319
14414,0.001178,172.217.24.0-255,5738,71528,54,248319
14415,0.001181,172.31.46.0-255,66,71594,54,248319
14416,0.001203,172.217.24.0-255,4320,75914,54,248319
14417,0.001206,172.31.46.0-255,66,75980,54,248319
14418,0.001212,172.217.24.0-255,5738,81718,54,248319
14419,0.001214,172.31.46.0-255,66,81784,54,248319
14420,0.001253,172.31.46.0-255,66,81850,54,248319
14421,0.001257,172.217.24.0-255,2184,84034,54,248319
14422,0.001259,172.31.46.0-255,66,84100,54,248319
14423,0.001325,172.217.24.0-255,1484,85584,54,248319
14424,0.00133,172.217.24.0-255,2902,88486,54,248319
14425,0.001334,172.31.46.0-255,66,88552,54,248319
14426,0.00134,172.217.24.0-255,5738,94290,54,248319
14427,0.001342,172.31.46.0-255,66,94356,54,248319
14428,0.001347,172.217.24.0-255,4320,98676,54,248319
14429,0.00135,172.31.46.0-255,66,98742,54,248319
14430,0.001376,172.217.24.0-255,5738,104480,54,248319
14431,0.001379,172.31.46.0-255,66,104546,54,248319
14432,0.001391,172.31.46.0-255,66,104612,54,248319
14433,0.001417,172.217.24.0-255,2902,107514,54,248319
14434,0.00142,172.31.46.0-255,66,107580,54,248319
14435,0.001424,172.217.24.0-255,1884,109464,54,248319
14436,0.001426,172.31.46.0-255,66,109530,54,248319
14437,0.001489,172.217.24.0-255,1484,111014,54,248319
14438,0.001492,172.217.24.0-255,1484,112498,54,248319
14439,0.001495,172.31.46.0-255,66,112564,54,248319
14440,0.00152,172.217.24.0-255,1484,114048,54,248319
14441,0.001526,172.217.24.0-255,4320,118368,54,248319
14442,0.001529,172.31.46.0-255,66,118434,54,248319
14443,0.001539,172.31.46.0-255,66,118500,54,248319
14444,0.001564,172.217.24.0-255,4320,122820,54,248319
14445,0.001566,172.31.46.0-255,66,122886,54,248319
14446,0.001599,172.31.46.0-255,66,122952,54,248319
14447,0.001654,172.217.24.0-255,1484,124436,54,248319
14448,0.001658,172.217.24.0-255,1484,125920,54,248319
14449,0.001661,172.31.46.0-255,66,125986,54,248319
14450,0.001679,172.217.24.0-255,1484,127470,54,248319
14451,0.001686,172.217.24.0-255,5738,133208,54,248319
14452,0.001689,172.31.46.0-255,66,133274,54,248319
14453,0.001749,172.31.46.0-255,66,133340,54,248319
14454,0.001756,172.217.24.0-255,7156,140496,54,248319
14455,0.001758,172.31.46.0-255,66,140562,54,248319
14456,0.001763,172.217.24.0-255,3602,144164,54,248319
14457,0.001766,172.31.46.0-255,66,144230,54,248319
14458,0.001836,172.217.24.0-255,1484,145714,54,248319
14459,0.001841,172.217.24.0-255,2902,148616,54,248319
14460,0.001844,172.31.46.0-255,66,148682,54,248319
14461,0.001864,172.217.24.0-255,4320,153002,54,248319
14462,0.001867,172.31.46.0-255,66,153068,54,248319
14463,0.001877,172.217.24.0-255,1484,154552,54,248319
14464,0.001882,172.217.24.0-255,2902,157454,54,248319
14465,0.001885,172.31.46.0-255,66,157520,54,248319
14466,0.001915,172.217.24.0-255,4320,161840,54,248319
14467,0.001918,172.31.46.0-255,66,161906,54,248319
14468,0.001933,172.31.46.0-255,66,161972,54,248319
14469,0.001971,172.217.24.0-255,1484,163456,54,248319
14470,0.001975,172.217.24.0-255,2184,165640,54,248319
14471,0.001979,172.31.46.0-255,66,165706,54,248319
14472,0.003859,172.217.24.0-255,1484,167190,54,248319
14473,0.003906,172.217.24.0-255,4320,171510,54,248319
14474,0.003912,172.31.46.0-255,66,171576,54,248319
14475,0.005849,172.217.24.0-255,5738,177314,54,248319
14476,0.005854,172.31.46.0-255,66,177380,54,248319
14477,0.007784,172.217.24.0-255,5738,183118,54,248319
14478,0.007788,172.31.46.0-255,66,183184,54,248319
14479,0.009735,172.217.24.0-255,5738,188922,54,248319
14480,0.009741,172.31.46.0-255,66,188988,54,248319
14481,0.011678,172.217.24.0-255,5738,194726,54,248319
14482,0.011684,172.31.46.0-255,66,194792,54,248319
14483,0.013623,172.217.24.0-255,5738,200530,54,248319
14484,0.013632,172.31.46.0-255,66,200596,54,248319
14485,0.015578,172.217.24.0-255,5738,206334,54,248319
14486,0.015586,172.31.46.0-255,66,206400,54,248319
14487,0.017527,172.217.24.0-255,5738,212138,54,248319
14488,0.017534,172.31.46.0-255,66,212204,54,248319
14489,0.019476,172.217.24.0-255,5738,217942,54,248319
14490,0.019482,172.31.46.0-255,66,218008,54,248319
14491,0.021422,172.217.24.0-255,5738,223746,54,248319
14492,0.02143,172.31.46.0-255,66,223812,54,248319
14493,0.023426,172.217.24.0-255,5738,229550,54,248319
14494,0.023433,172.31.46.0-255,66,229616,54,248319
14495,0.025379,172.217.24.0-255,5738,235354,54,248319
14496,0.025386,172.31.46.0-255,66,235420,54,248319
14497,0.027322,172.217.24.0-255,5738,241158,54,248319
14498,0.027329,172.31.46.0-255,66,241224,54,248319
14499,0.029267,172.217.24.0-255,5738,246962,54,248319
14500,0.029274,172.31.46.0-255,66,247028,54,248319
14501,0.029921,172.31.46.0-255,172,247200,54,248319
14502,0.029983,172.31.46.0-255,1119,248319,54,248319
14503,0.0,74.125.24.0-255,148,148,54,197679
14504,2.4e-05,172.31.46.0-255,66,214,54,197679
14505,3.1e-05,74.125.24.0-255,1484,1698,54,197679
14506,3.6e-05,172.31.46.0-255,66,1764,54,197679
14507,4.2e-05,74.125.24.0-255,2902,4666,54,197679
14508,4.6e-05,172.31.46.0-255,66,4732,54,197679
14509,5.3e-05,74.125.24.0-255,7156,11888,54,197679
14510,5.7e-05,172.31.46.0-255,66,11954,54,197679
14511,6.3e-05,74.125.24.0-255,3548,15502,54,197679
14512,6.6e-05,172.31.46.0-255,66,15568,54,197679
14513,0.000109,172.31.46.0-255,66,15634,54,197679
14514,0.000129,74.125.24.0-255,5379,21013,54,197679
14515,0.000132,172.31.46.0-255,66,21079,54,197679
14516,0.000505,74.125.24.0-255,1484,22563,54,197679
14517,0.00051,172.31.46.0-255,66,22629,54,197679
14518,0.000517,74.125.24.0-255,2902,25531,54,197679
14519,0.000519,172.31.46.0-255,66,25597,54,197679
14520,0.000523,74.125.24.0-255,1484,27081,54,197679
14521,0.000525,172.31.46.0-255,66,27147,54,197679
14522,0.00055,74.125.24.0-255,4320,31467,54,197679
14523,0.000553,172.31.46.0-255,66,31533,54,197679
14524,0.000558,74.125.24.0-255,2902,34435,54,197679
14525,0.00056,172.31.46.0-255,66,34501,54,197679
14526,0.000577,74.125.24.0-255,3961,38462,54,197679
14527,0.000579,172.31.46.0-255,66,38528,54,197679
14528,0.000595,74.125.24.0-255,4320,42848,54,197679
14529,0.000598,172.31.46.0-255,66,42914,54,197679
14530,0.000623,74.125.24.0-255,2902,45816,54,197679
14531,0.000626,172.31.46.0-255,66,45882,54,197679
14532,0.000637,172.31.46.0-255,66,45948,54,197679
14533,0.000658,74.125.24.0-255,1415,47363,54,197679
14534,0.000814,74.125.24.0-255,132,47495,54,197679
14535,0.000832,74.125.24.0-255,352,47847,54,197679
14536,0.000836,172.31.46.0-255,66,47913,54,197679
14537,0.001151,74.125.24.0-255,1484,49397,54,197679
14538,0.001161,74.125.24.0-255,2902,52299,54,197679
14539,0.001164,172.31.46.0-255,66,52365,54,197679
14540,0.001173,74.125.24.0-255,5738,58103,54,197679
14541,0.001175,172.31.46.0-255,66,58169,54,197679
14542,0.001178,74.125.24.0-255,1484,59653,54,197679
14543,0.001207,172.31.46.0-255,66,59719,54,197679
14544,0.001249,172.31.46.0-255,66,59785,54,197679
14545,0.001304,74.125.24.0-255,1484,61269,54,197679
14546,0.00131,74.125.24.0-255,2902,64171,54,197679
14547,0.001313,172.31.46.0-255,66,64237,54,197679
14548,0.001338,74.125.24.0-255,5738,69975,54,197679
14549,0.001341,172.31.46.0-255,66,70041,54,197679
14550,0.001344,74.125.24.0-255,1484,71525,54,197679
14551,0.001394,172.31.46.0-255,66,71591,54,197679
14552,0.001412,74.125.24.0-255,1484,73075,54,197679
14553,0.001426,172.31.46.0-255,66,73141,54,197679
14554,0.00154,74.125.24.0-255,1484,74625,54,197679
14555,0.001549,74.125.24.0-255,2902,77527,54,197679
14556,0.001552,172.31.46.0-255,66,77593,54,197679
14557,0.001559,74.125.24.0-255,5738,83331,54,197679
14558,0.001562,172.31.46.0-255,66,83397,54,197679
14559,0.001601,172.31.46.0-255,66,83463,54,197679
14560,0.001639,172.31.46.0-255,66,83529,54,197679
14561,0.001657,74.125.24.0-255,2184,85713,54,197679
14562,0.00166,172.31.46.0-255,66,85779,54,197679
14563,0.001738,74.125.24.0-255,1484,87263,54,197679
14564,0.001753,74.125.24.0-255,1484,88747,54,197679
14565,0.001757,172.31.46.0-255,66,88813,54,197679
14566,0.001774,74.125.24.0-255,1484,90297,54,197679
14567,0.001781,74.125.24.0-255,5738,96035,54,197679
14568,0.001783,172.31.46.0-255,66,96101,54,197679
14569,0.001803,74.125.24.0-255,7156,103257,54,197679
14570,0.001805,172.31.46.0-255,66,103323,54,197679
14571,0.001824,74.125.24.0-255,4320,107643,54,197679
14572,0.001827,172.31.46.0-255,66,107709,54,197679
14573,0.001854,172.31.46.0-255,66,107775,54,197679
14574,0.001858,74.125.24.0-255,2184,109959,54,197679
14575,0.00186,172.31.46.0-255,66,110025,54,197679
14576,0.002167,74.125.24.0-255,1484,111509,54,197679
14577,0.002174,74.125.24.0-255,2902,114411,54,197679
14578,0.00218,172.31.46.0-255,66,114477,54,197679
14579,0.002187,74.125.24.0-255,5738,120215,54,197679
14580,0.00219,172.31.46.0-255,66,120281,54,197679
14581,0.002208,74.125.24.0-255,2902,123183,54,197679
14582,0.00221,172.31.46.0-255,66,123249,54,197679
14583,0.002248,172.31.46.0-255,66,123315,54,197679
14584,0.00226,172.31.46.0-255,66,123381,54,197679
14585,0.002283,74.125.24.0-255,1484,124865,54,197679
14586,0.00231,172.31.46.0-255,66,124931,54,197679
14587,0.002326,172.31.46.0-255,66,124997,54,197679
14588,0.002352,74.125.24.0-255,2902,127899,54,197679
14589,0.002354,172.31.46.0-255,66,127965,54,197679
14590,0.002366,172.31.46.0-255,66,128031,54,197679
14591,0.004643,74.125.24.0-255,5738,133769,54,197679
14592,0.004647,172.31.46.0-255,66,133835,54,197679
14593,0.006942,74.125.24.0-255,5738,139573,54,197679
14594,0.006948,172.31.46.0-255,66,139639,54,197679
14595,0.009202,74.125.24.0-255,5738,145377,54,197679
14596,0.009209,172.31.46.0-255,66,145443,54,197679
14597,0.011498,74.125.24.0-255,5738,151181,54,197679
14598,0.011506,172.31.46.0-255,66,151247,54,197679
14599,0.013749,74.125.24.0-255,5738,156985,54,197679
14600,0.013756,172.31.46.0-255,66,157051,54,197679
14601,0.016072,74.125.24.0-255,5738,162789,54,197679
14602,0.01608,172.31.46.0-255,66,162855,54,197679
14603,0.018361,74.125.24.0-255,5738,168593,54,197679
14604,0.018369,172.31.46.0-255,66,168659,54,197679
14605,0.020655,74.125.24.0-255,5738,174397,54,197679
14606,0.020664,172.31.46.0-255,66,174463,54,197679
14607,0.022949,74.125.24.0-255,5738,180201,54,197679
14608,0.022957,172.31.46.0-255,66,180267,54,197679
14609,0.025228,74.125.24.0-255,5738,186005,54,197679
14610,0.025235,172.31.46.0-255,66,186071,54,197679
14611,0.027513,74.125.24.0-255,5738,191809,54,197679
14612,0.027524,172.31.46.0-255,66,191875,54,197679
14613,0.029802,74.125.24.0-255,5738,197613,54,197679
14614,0.02981,172.31.46.0-255,66,197679,54,197679
14615,0.0,172.217.194.0-255,295,295,54,209375
14616,2.3e-05,172.31.46.0-255,66,361,54,209375
14617,2.9e-05,172.217.194.0-255,1484,1845,54,209375
14618,3.4e-05,172.31.46.0-255,66,1911,54,209375
14619,4.1e-05,172.217.194.0-255,4320,6231,54,209375
14620,4.5e-05,172.31.46.0-255,66,6297,54,209375
14621,4.8e-05,172.217.194.0-255,1484,7781,54,209375
14622,5.1e-05,172.31.46.0-255,66,7847,54,209375
14623,0.000102,172.217.194.0-255,6171,14018,54,209375
14624,0.000105,172.31.46.0-255,66,14084,54,209375
14625,0.000108,172.217.194.0-255,1484,15568,54,209375
14626,0.00011,172.31.46.0-255,66,15634,54,209375
14627,0.000127,172.217.194.0-255,5738,21372,54,209375
14628,0.00013,172.31.46.0-255,66,21438,54,209375
14629,0.000134,172.217.194.0-255,1484,22922,54,209375
14630,0.000135,172.31.46.0-255,66,22988,54,209375
14631,0.000172,172.31.46.0-255,66,23054,54,209375
14632,0.000204,172.217.194.0-255,1484,24538,54,209375
14633,0.000207,172.31.46.0-255,66,24604,54,209375
14634,0.000213,172.217.194.0-255,2902,27506,54,209375
14635,0.000215,172.31.46.0-255,66,27572,54,209375
14636,0.000245,172.217.194.0-255,5738,33310,54,209375
14637,0.000248,172.31.46.0-255,66,33376,54,209375
14638,0.000255,172.217.194.0-255,6797,40173,54,209375
14639,0.000257,172.31.46.0-255,66,40239,54,209375
14640,0.000276,172.217.194.0-255,7156,47395,54,209375
14641,0.000278,172.31.46.0-255,66,47461,54,209375
14642,0.000306,172.217.194.0-255,7156,54617,54,209375
14643,0.000309,172.31.46.0-255,66,54683,54,209375
14644,0.000313,172.217.194.0-255,2800,57483,54,209375
14645,0.000316,172.31.46.0-255,66,57549,54,209375
14646,0.000333,172.217.194.0-255,115,57664,54,209375
14647,0.000351,172.217.194.0-255,381,58045,54,209375
14648,0.000672,172.217.194.0-255,1484,59529,54,209375
14649,0.000678,172.31.46.0-255,66,59595,54,209375
14650,0.000684,172.217.194.0-255,2902,62497,54,209375
14651,0.000687,172.31.46.0-255,66,62563,54,209375
14652,0.000693,172.217.194.0-255,5738,68301,54,209375
14653,0.000696,172.31.46.0-255,66,68367,54,209375
14654,0.000701,172.217.194.0-255,4320,72687,54,209375
14655,0.000704,172.31.46.0-255,66,72753,54,209375
14656,0.000728,172.217.194.0-255,4320,77073,54,209375
14657,0.000731,172.31.46.0-255,66,77139,54,209375
14658,0.000761,172.217.194.0-255,2902,80041,54,209375
14659,0.000764,172.31.46.0-255,66,80107,54,209375
14660,0.000796,172.31.46.0-255,66,80173,54,209375
14661,0.000961,172.217.194.0-255,1484,81657,54,209375
14662,0.000966,172.217.194.0-255,1484,83141,54,209375
14663,0.000969,172.31.46.0-255,66,83207,54,209375
14664,0.000988,172.217.194.0-255,1484,84691,54,209375
14665,0.000994,172.217.194.0-255,5738,90429,54,209375
14666,0.000996,172.31.46.0-255,66,90495,54,209375
14667,0.000999,172.217.194.0-255,1484,91979,54,209375
14668,0.001036,172.31.46.0-255,66,92045,54,209375
14669,0.001049,172.31.46.0-255,66,92111,54,209375
14670,0.001163,172.217.194.0-255,1484,93595,54,209375
14671,0.001187,172.217.194.0-255,2902,96497,54,209375
14672,0.00119,172.31.46.0-255,66,96563,54,209375
14673,0.001197,172.217.194.0-255,5738,102301,54,209375
14674,0.001199,172.31.46.0-255,66,102367,54,209375
14675,0.001213,172.31.46.0-255,66,102433,54,209375
14676,0.001219,172.217.194.0-255,4320,106753,54,209375
14677,0.001221,172.31.46.0-255,66,106819,54,209375
14678,0.001245,172.217.194.0-255,6438,113257,54,209375
14679,0.001248,172.31.46.0-255,66,113323,54,209375
14680,0.001639,172.217.194.0-255,1484,114807,54,209375
14681,0.001645,172.217.194.0-255,2902,117709,54,209375
14682,0.001649,172.31.46.0-255,66,117775,54,209375
14683,0.001674,172.217.194.0-255,5738,123513,54,209375
14684,0.001677,172.31.46.0-255,66,123579,54,209375
14685,0.001682,172.217.194.0-255,4320,127899,54,209375
14686,0.001684,172.31.46.0-255,66,127965,54,209375
14687,0.001687,172.217.194.0-255,1484,129449,54,209375
14688,0.001721,172.31.46.0-255,66,129515,54,209375
14689,0.001724,172.217.194.0-255,1484,130999,54,209375
14690,0.001744,172.217.194.0-255,6438,137437,54,209375
14691,0.001746,172.31.46.0-255,66,137503,54,209375
14692,0.001769,172.217.194.0-255,1484,138987,54,209375
14693,0.001783,172.217.194.0-255,2902,141889,54,209375
14694,0.001786,172.31.46.0-255,66,141955,54,209375
14695,0.001792,172.217.194.0-255,5738,147693,54,209375
14696,0.001794,172.31.46.0-255,66,147759,54,209375
14697,0.001828,172.31.46.0-255,66,147825,54,209375
14698,0.001836,172.217.194.0-255,7156,154981,54,209375
14699,0.001839,172.31.46.0-255,66,155047,54,209375
14700,0.001866,172.217.194.0-255,5020,160067,54,209375
14701,0.001876,172.31.46.0-255,66,160133,54,209375
14702,0.001932,172.217.194.0-255,1484,161617,54,209375
14703,0.00195,172.217.194.0-255,2902,164519,54,209375
14704,0.001953,172.31.46.0-255,66,164585,54,209375
14705,0.00196,172.217.194.0-255,4320,168905,54,209375
14706,0.001962,172.31.46.0-255,66,168971,54,209375
14707,0.001989,172.217.194.0-255,1484,170455,54,209375
14708,0.002008,172.31.46.0-255,66,170521,54,209375
14709,0.00204,172.31.46.0-255,66,170587,54,209375
14710,0.0021,172.217.194.0-255,1484,172071,54,209375
14711,0.002105,172.217.194.0-255,2902,174973,54,209375
14712,0.00212,172.217.194.0-255,5738,180711,54,209375
14713,0.002125,172.31.46.0-255,66,180777,54,209375
14714,0.002172,172.217.194.0-255,2902,183679,54,209375
14715,0.002179,172.31.46.0-255,66,183745,54,209375
14716,0.002231,172.31.46.0-255,66,183811,54,209375
14717,0.002272,172.217.194.0-255,4320,188131,54,209375
14718,0.002318,172.217.194.0-255,1484,189615,54,209375
14719,0.002327,172.31.46.0-255,66,189681,54,209375
14720,0.002365,172.217.194.0-255,2902,192583,54,209375
14721,0.002382,172.217.194.0-255,5738,198321,54,209375
14722,0.002407,172.31.46.0-255,66,198387,54,209375
14723,0.002413,172.217.194.0-255,4320,202707,54,209375
14724,0.00243,172.31.46.0-255,66,202773,54,209375
14725,0.002449,172.217.194.0-255,5996,208769,54,209375
14726,0.002453,172.217.194.0-255,97,208866,54,209375
14727,0.002455,172.217.194.0-255,105,208971,54,209375
14728,0.00247,172.31.46.0-255,66,209037,54,209375
14729,0.010739,172.31.46.0-255,101,209138,54,209375
14730,0.012276,172.31.46.0-255,105,209243,54,209375
14731,0.013231,172.217.194.0-255,66,209309,54,209375
14732,0.014776,172.217.194.0-255,66,209375,54,209375
14733,0.0,74.125.200.0-255,150,150,54,285759
14734,1.6e-05,172.31.46.0-255,66,216,54,285759
14735,2.3e-05,74.125.200.0-255,1484,1700,54,285759
14736,2.8e-05,172.31.46.0-255,66,1766,54,285759
14737,4e-05,74.125.200.0-255,2902,4668,54,285759
14738,4.4e-05,172.31.46.0-255,66,4734,54,285759
14739,5e-05,74.125.200.0-255,5738,10472,54,285759
14740,5.4e-05,172.31.46.0-255,66,10538,54,285759
14741,9e-05,74.125.200.0-255,3460,13998,54,285759
14742,9.3e-05,172.31.46.0-255,66,14064,54,285759
14743,0.000119,74.125.200.0-255,1484,15548,54,285759
14744,0.000122,172.31.46.0-255,66,15614,54,285759
14745,0.000149,74.125.200.0-255,2902,18516,54,285759
14746,0.000151,172.31.46.0-255,66,18582,54,285759
14747,0.000157,74.125.200.0-255,5738,24320,54,285759
14748,0.00016,172.31.46.0-255,66,24386,54,285759
14749,0.000191,74.125.200.0-255,6797,31183,54,285759
14750,0.000194,172.31.46.0-255,66,31249,54,285759
14751,0.000393,74.125.200.0-255,1484,32733,54,285759
14752,0.000398,172.31.46.0-255,66,32799,54,285759
14753,0.000404,74.125.200.0-255,2902,35701,54,285759
14754,0.000406,172.31.46.0-255,66,35767,54,285759
14755,0.000409,74.125.200.0-255,1484,37251,54,285759
14756,0.000411,172.31.46.0-255,66,37317,54,285759
14757,0.000447,74.125.200.0-255,1484,38801,54,285759
14758,0.00045,172.31.46.0-255,66,38867,54,285759
14759,0.000456,74.125.200.0-255,4320,43187,54,285759
14760,0.000459,172.31.46.0-255,66,43253,54,285759
14761,0.000469,74.125.200.0-255,5738,48991,54,285759
14762,0.000472,172.31.46.0-255,66,49057,54,285759
14763,0.000504,74.125.200.0-255,3961,53018,54,285759
14764,0.000506,172.31.46.0-255,66,53084,54,285759
14765,0.00051,74.125.200.0-255,2902,55986,54,285759
14766,0.000513,172.31.46.0-255,66,56052,54,285759
14767,0.000545,172.31.46.0-255,66,56118,54,285759
14768,0.000548,74.125.200.0-255,361,56479,54,285759
14769,0.000624,74.125.200.0-255,127,56606,54,285759
14770,0.000744,74.125.200.0-255,1484,58090,54,285759
14771,0.000749,172.31.46.0-255,66,58156,54,285759
14772,0.000754,74.125.200.0-255,2902,61058,54,285759
14773,0.000756,172.31.46.0-255,66,61124,54,285759
14774,0.000785,74.125.200.0-255,5738,66862,54,285759
14775,0.000787,172.31.46.0-255,66,66928,54,285759
14776,0.000827,74.125.200.0-255,6797,73725,54,285759
14777,0.000831,172.31.46.0-255,66,73791,54,285759
14778,0.000835,74.125.200.0-255,2902,76693,54,285759
14779,0.000837,172.31.46.0-255,66,76759,54,285759
14780,0.000842,74.125.200.0-255,2902,79661,54,285759
14781,0.000843,172.31.46.0-255,66,79727,54,285759
14782,0.000873,74.125.200.0-255,1484,81211,54,285759
14783,0.00088,74.125.200.0-255,5738,86949,54,285759
14784,0.000883,172.31.46.0-255,66,87015,54,285759
14785,0.000906,74.125.200.0-255,1484,88499,54,285759
14786,0.000928,74.125.200.0-255,2543,91042,54,285759
14787,0.000932,172.31.46.0-255,66,91108,54,285759
14788,0.00101,74.125.200.0-255,1484,92592,54,285759
14789,0.001029,74.125.200.0-255,1484,94076,54,285759
14790,0.001032,172.31.46.0-255,66,94142,54,285759
14791,0.001047,74.125.200.0-255,2902,97044,54,285759
14792,0.001053,172.31.46.0-255,66,97110,54,285759
14793,0.001083,74.125.200.0-255,5738,102848,54,285759
14794,0.001086,172.31.46.0-255,66,102914,54,285759
14795,0.001105,74.125.200.0-255,2902,105816,54,285759
14796,0.001107,172.31.46.0-255,66,105882,54,285759
14797,0.001136,74.125.200.0-255,4320,110202,54,285759
14798,0.001139,172.31.46.0-255,66,110268,54,285759
14799,0.001147,74.125.200.0-255,5738,116006,54,285759
14800,0.001149,172.31.46.0-255,66,116072,54,285759
14801,0.001188,74.125.200.0-255,7156,123228,54,285759
14802,0.001191,172.31.46.0-255,66,123294,54,285759
14803,0.001196,74.125.200.0-255,2469,125763,54,285759
14804,0.001198,172.31.46.0-255,66,125829,54,285759
14805,0.001504,74.125.200.0-255,1484,127313,54,285759
14806,0.001527,74.125.200.0-255,2902,130215,54,285759
14807,0.001531,172.31.46.0-255,66,130281,54,285759
14808,0.001537,74.125.200.0-255,2902,133183,54,285759
14809,0.001539,172.31.46.0-255,66,133249,54,285759
14810,0.001544,74.125.200.0-255,4320,137569,54,285759
14811,0.001546,172.31.46.0-255,66,137635,54,285759
14812,0.001599,172.31.46.0-255,66,137701,54,285759
14813,0.001606,74.125.200.0-255,7156,144857,54,285759
14814,0.001608,172.31.46.0-255,66,144923,54,285759
14815,0.001684,74.125.200.0-255,6438,151361,54,285759
14816,0.001687,172.31.46.0-255,66,151427,54,285759
14817,0.001695,74.125.200.0-255,7156,158583,54,285759
14818,0.001697,172.31.46.0-255,66,158649,54,285759
14819,0.001705,74.125.200.0-255,2902,161551,54,285759
14820,0.001707,172.31.46.0-255,66,161617,54,285759
14821,0.001713,74.125.200.0-255,4320,165937,54,285759
14822,0.001715,172.31.46.0-255,66,166003,54,285759
14823,0.001722,74.125.200.0-255,7156,173159,54,285759
14824,0.001725,172.31.46.0-255,66,173225,54,285759
14825,0.001757,74.125.200.0-255,1484,174709,54,285759
14826,0.001769,74.125.200.0-255,7156,181865,54,285759
14827,0.001772,172.31.46.0-255,66,181931,54,285759
14828,0.001777,74.125.200.0-255,2902,184833,54,285759
14829,0.001779,172.31.46.0-255,66,184899,54,285759
14830,0.001809,74.125.200.0-255,766,185665,54,285759
14831,0.001836,74.125.200.0-255,1484,187149,54,285759
14832,0.00184,172.31.46.0-255,66,187215,54,285759
14833,0.001865,74.125.200.0-255,2902,190117,54,285759
14834,0.001868,172.31.46.0-255,66,190183,54,285759
14835,0.001874,74.125.200.0-255,5738,195921,54,285759
14836,0.001877,172.31.46.0-255,66,195987,54,285759
14837,0.001879,74.125.200.0-255,1484,197471,54,285759
14838,0.001922,74.125.200.0-255,2902,200373,54,285759
14839,0.001924,172.31.46.0-255,66,200439,54,285759
14840,0.001931,74.125.200.0-255,5738,206177,54,285759
14841,0.001933,172.31.46.0-255,66,206243,54,285759
14842,0.001951,172.31.46.0-255,66,206309,54,285759
14843,0.001955,74.125.200.0-255,2184,208493,54,285759
14844,0.001958,172.31.46.0-255,66,208559,54,285759
14845,0.003934,74.125.200.0-255,5738,214297,54,285759
14846,0.003942,172.31.46.0-255,66,214363,54,285759
14847,0.005934,74.125.200.0-255,4320,218683,54,285759
14848,0.005937,172.31.46.0-255,66,218749,54,285759
14849,0.00596,74.125.200.0-255,1484,220233,54,285759
14850,0.007925,74.125.200.0-255,4320,224553,54,285759
14851,0.007928,172.31.46.0-255,66,224619,54,285759
14852,0.009922,74.125.200.0-255,5738,230357,54,285759
14853,0.009929,172.31.46.0-255,66,230423,54,285759
14854,0.011948,74.125.200.0-255,4320,234743,54,285759
14855,0.011955,172.31.46.0-255,66,234809,54,285759
14856,0.011984,74.125.200.0-255,1484,236293,54,285759
14857,0.013955,74.125.200.0-255,2902,239195,54,285759
14858,0.013962,172.31.46.0-255,66,239261,54,285759
14859,0.013992,74.125.200.0-255,1484,240745,54,285759
14860,0.015964,74.125.200.0-255,4320,245065,54,285759
14861,0.015973,172.31.46.0-255,66,245131,54,285759
14862,0.017975,74.125.200.0-255,5738,250869,54,285759
14863,0.017983,172.31.46.0-255,66,250935,54,285759
14864,0.019964,74.125.200.0-255,5738,256673,54,285759
14865,0.019971,172.31.46.0-255,66,256739,54,285759
14866,0.021966,74.125.200.0-255,5738,262477,54,285759
14867,0.021973,172.31.46.0-255,66,262543,54,285759
14868,0.023971,74.125.200.0-255,5738,268281,54,285759
14869,0.023977,172.31.46.0-255,66,268347,54,285759
14870,0.02598,74.125.200.0-255,5738,274085,54,285759
14871,0.025987,172.31.46.0-255,66,274151,54,285759
14872,0.027975,74.125.200.0-255,5738,279889,54,285759
14873,0.027982,172.31.46.0-255,66,279955,54,285759
14874,0.029966,74.125.200.0-255,5738,285693,54,285759
14875,0.029972,172.31.46.0-255,66,285759,54,285759
14876,0.0,74.125.24.0-255,146,146,54,249556
14877,2e-05,172.31.46.0-255,66,212,54,249556
14878,2.7e-05,74.125.24.0-255,1484,1696,54,249556
14879,3.2e-05,172.31.46.0-255,66,1762,54,249556
14880,3.8e-05,74.125.24.0-255,2902,4664,54,249556
14881,4e-05,172.31.46.0-255,66,4730,54,249556
14882,4.7e-05,74.125.24.0-255,4320,9050,54,249556
14883,5e-05,172.31.46.0-255,66,9116,54,249556
14884,8.3e-05,74.125.24.0-255,4747,13863,54,249556
14885,8.6e-05,172.31.46.0-255,66,13929,54,249556
14886,0.000216,74.125.24.0-255,1484,15413,54,249556
14887,0.00022,172.31.46.0-255,66,15479,54,249556
14888,0.000225,74.125.24.0-255,1484,16963,54,249556
14889,0.000227,172.31.46.0-255,66,17029,54,249556
14890,0.000241,74.125.24.0-255,1484,18513,54,249556
14891,0.000243,172.31.46.0-255,66,18579,54,249556
14892,0.000271,74.125.24.0-255,5738,24317,54,249556
14893,0.000274,172.31.46.0-255,66,24383,54,249556
14894,0.000279,74.125.24.0-255,4320,28703,54,249556
14895,0.000282,172.31.46.0-255,66,28769,54,249556
14896,0.000305,172.31.46.0-255,66,28835,54,249556
14897,0.000315,172.31.46.0-255,66,28901,54,249556
14898,0.000352,172.31.46.0-255,66,28967,54,249556
14899,0.000379,172.31.46.0-255,66,29033,54,249556
14900,0.000382,74.125.24.0-255,395,29428,54,249556
14901,0.000384,172.31.46.0-255,66,29494,54,249556
14902,0.000409,74.125.24.0-255,117,29611,54,249556
14903,0.000412,172.31.46.0-255,66,29677,54,249556
14904,0.000561,74.125.24.0-255,1484,31161,54,249556
14905,0.000566,172.31.46.0-255,66,31227,54,249556
14906,0.000571,74.125.24.0-255,2902,34129,54,249556
14907,0.000574,172.31.46.0-255,66,34195,54,249556
14908,0.00061,74.125.24.0-255,5738,39933,54,249556
14909,0.000613,172.31.46.0-255,66,39999,54,249556
14910,0.00062,74.125.24.0-255,5738,45737,54,249556
14911,0.000622,172.31.46.0-255,66,45803,54,249556
14912,0.000636,172.31.46.0-255,66,45869,54,249556
14913,0.000694,74.125.24.0-255,2902,48771,54,249556
14914,0.000697,172.31.46.0-255,66,48837,54,249556
14915,0.000726,74.125.24.0-255,2446,51283,54,249556
14916,0.000929,172.31.46.0-255,66,51349,54,249556
14917,0.001243,74.125.24.0-255,1484,52833,54,249556
14918,0.00125,74.125.24.0-255,2902,55735,54,249556
14919,0.001267,74.125.24.0-255,5738,61473,54,249556
14920,0.00128,172.31.46.0-255,66,61539,54,249556
14921,0.001288,74.125.24.0-255,5738,67277,54,249556
14922,0.001293,172.31.46.0-255,66,67343,54,249556
14923,0.001304,74.125.24.0-255,7156,74499,54,249556
14924,0.001311,74.125.24.0-255,5738,80237,54,249556
14925,0.001326,74.125.24.0-255,5020,85257,54,249556
14926,0.001341,172.31.46.0-255,66,85323,54,249556
14927,0.002453,74.125.24.0-255,1484,86807,54,249556
14928,0.00246,172.31.46.0-255,66,86873,54,249556
14929,0.002469,74.125.24.0-255,2902,89775,54,249556
14930,0.002471,172.31.46.0-255,66,89841,54,249556
14931,0.002477,74.125.24.0-255,4320,94161,54,249556
14932,0.002479,172.31.46.0-255,66,94227,54,249556
14933,0.002485,74.125.24.0-255,4320,98547,54,249556
14934,0.002499,74.125.24.0-255,1484,100031,54,249556
14935,0.002543,74.125.24.0-255,1484,101515,54,249556
14936,0.002549,74.125.24.0-255,3602,105117,54,249556
14937,0.002757,74.125.24.0-255,1484,106601,54,249556
14938,0.002763,74.125.24.0-255,2902,109503,54,249556
14939,0.002766,74.125.24.0-255,1484,110987,54,249556
14940,0.002778,74.125.24.0-255,1484,112471,54,249556
14941,0.002784,74.125.24.0-255,4320,116791,54,249556
14942,0.002803,74.125.24.0-255,2902,119693,54,249556
14943,0.002826,74.125.24.0-255,7156,126849,54,249556
14944,0.002862,74.125.24.0-255,3602,130451,54,249556
14945,0.002962,74.125.24.0-255,1484,131935,54,249556
14946,0.002975,74.125.24.0-255,2902,134837,54,249556
14947,0.003002,74.125.24.0-255,5738,140575,54,249556
14948,0.003005,74.125.24.0-255,1484,142059,54,249556
14949,0.003077,74.125.24.0-255,2902,144961,54,249556
14950,0.003101,74.125.24.0-255,1484,146445,54,249556
14951,0.003108,74.125.24.0-255,5738,152183,54,249556
14952,0.003132,74.125.24.0-255,4320,156503,54,249556
14953,0.003158,74.125.24.0-255,7156,163659,54,249556
14954,0.003165,74.125.24.0-255,5738,169397,54,249556
14955,0.003189,74.125.24.0-255,2902,172299,54,249556
14956,0.003204,74.125.24.0-255,3602,175901,54,249556
14957,0.003261,74.125.24.0-255,1484,177385,54,249556
14958,0.003273,74.125.24.0-255,2902,180287,54,249556
14959,0.003297,74.125.24.0-255,2902,183189,54,249556
14960,0.003318,74.125.24.0-255,2902,186091,54,249556
14961,0.003324,74.125.24.0-255,4320,190411,54,249556
14962,0.003416,74.125.24.0-255,1484,191895,54,249556
14963,0.003428,74.125.24.0-255,2902,194797,54,249556
14964,0.003446,74.125.24.0-255,4320,199117,54,249556
14965,0.003464,74.125.24.0-255,1484,200601,54,249556
14966,0.00347,74.125.24.0-255,5738,206339,54,249556
14967,0.003491,74.125.24.0-255,7156,213495,54,249556
14968,0.003497,74.125.24.0-255,5738,219233,54,249556
14969,0.003519,74.125.24.0-255,5020,224253,54,249556
14970,0.00355,74.125.24.0-255,5738,229991,54,249556
14971,0.003566,74.125.24.0-255,5738,235729,54,249556
14972,0.00357,74.125.24.0-255,1484,237213,54,249556
14973,0.003624,74.125.24.0-255,2184,239397,54,249556
14974,0.003653,74.125.24.0-255,2902,242299,54,249556
14975,0.003707,74.125.24.0-255,4320,246619,54,249556
14976,0.003767,74.125.24.0-255,2595,249214,54,249556
14977,0.00377,74.125.24.0-255,105,249319,54,249556
14978,0.005066,172.31.46.0-255,66,249385,54,249556
14979,0.007281,172.31.46.0-255,105,249490,54,249556
14980,0.00952,74.125.24.0-255,66,249556,54,249556
14981,0.0,74.125.200.0-255,153,153,54,293028
14982,2.6e-05,172.31.46.0-255,66,219,54,293028
14983,3.4e-05,74.125.200.0-255,1484,1703,54,293028
14984,3.8e-05,172.31.46.0-255,66,1769,54,293028
14985,5.2e-05,74.125.200.0-255,2902,4671,54,293028
14986,5.6e-05,172.31.46.0-255,66,4737,54,293028
14987,6.3e-05,74.125.200.0-255,5738,10475,54,293028
14988,6.7e-05,172.31.46.0-255,66,10541,54,293028
14989,9.5e-05,74.125.200.0-255,3490,14031,54,293028
14990,9.8e-05,172.31.46.0-255,66,14097,54,293028
14991,0.000149,74.125.200.0-255,1484,15581,54,293028
14992,0.000153,172.31.46.0-255,66,15647,54,293028
14993,0.000157,74.125.200.0-255,2902,18549,54,293028
14994,0.00016,172.31.46.0-255,66,18615,54,293028
14995,0.000192,74.125.200.0-255,5738,24353,54,293028
14996,0.000194,172.31.46.0-255,66,24419,54,293028
14997,0.000202,74.125.200.0-255,6797,31216,54,293028
14998,0.000205,172.31.46.0-255,66,31282,54,293028
14999,0.00025,74.125.200.0-255,5738,37020,54,293028
15000,0.000252,172.31.46.0-255,66,37086,54,293028
15001,0.000264,74.125.200.0-255,7156,44242,54,293028
15002,0.000266,172.31.46.0-255,66,44308,54,293028
15003,0.00028,74.125.200.0-255,3961,48269,54,293028
15004,0.000283,172.31.46.0-255,66,48335,54,293028
15005,0.000886,74.125.200.0-255,1484,49819,54,293028
15006,0.000893,172.31.46.0-255,66,49885,54,293028
15007,0.0009,74.125.200.0-255,2902,52787,54,293028
15008,0.000902,172.31.46.0-255,66,52853,54,293028
15009,0.000915,74.125.200.0-255,5738,58591,54,293028
15010,0.000917,172.31.46.0-255,66,58657,54,293028
15011,0.000946,74.125.200.0-255,6797,65454,54,293028
15012,0.000949,172.31.46.0-255,66,65520,54,293028
15013,0.001135,74.125.200.0-255,1484,67004,54,293028
15014,0.001151,74.125.200.0-255,2902,69906,54,293028
15015,0.001154,172.31.46.0-255,66,69972,54,293028
15016,0.001185,74.125.200.0-255,5738,75710,54,293028
15017,0.001188,172.31.46.0-255,66,75776,54,293028
15018,0.001195,74.125.200.0-255,5738,81514,54,293028
15019,0.001197,172.31.46.0-255,66,81580,54,293028
15020,0.001236,74.125.200.0-255,6797,88377,54,293028
15021,0.001239,172.31.46.0-255,66,88443,54,293028
15022,0.00125,172.31.46.0-255,66,88509,54,293028
15023,0.001274,74.125.200.0-255,1484,89993,54,293028
15024,0.001278,74.125.200.0-255,1125,91118,54,293028
15025,0.00128,172.31.46.0-255,66,91184,54,293028
15026,0.001317,74.125.200.0-255,1484,92668,54,293028
15027,0.001333,74.125.200.0-255,2902,95570,54,293028
15028,0.001336,172.31.46.0-255,66,95636,54,293028
15029,0.001339,74.125.200.0-255,1484,97120,54,293028
15030,0.001361,74.125.200.0-255,2902,100022,54,293028
15031,0.001364,172.31.46.0-255,66,100088,54,293028
15032,0.001368,74.125.200.0-255,2902,102990,54,293028
15033,0.00137,172.31.46.0-255,66,103056,54,293028
15034,0.001398,74.125.200.0-255,5738,108794,54,293028
15035,0.001402,172.31.46.0-255,66,108860,54,293028
15036,0.001408,74.125.200.0-255,5738,114598,54,293028
15037,0.001411,172.31.46.0-255,66,114664,54,293028
15038,0.001417,74.125.200.0-255,5738,120402,54,293028
15039,0.001422,172.31.46.0-255,66,120468,54,293028
15040,0.001437,74.125.200.0-255,1484,121952,54,293028
15041,0.00145,74.125.200.0-255,3602,125554,54,293028
15042,0.001457,172.31.46.0-255,66,125620,54,293028
15043,0.001548,74.125.200.0-255,1484,127104,54,293028
15044,0.001567,74.125.200.0-255,2902,130006,54,293028
15045,0.00157,172.31.46.0-255,66,130072,54,293028
15046,0.001592,74.125.200.0-255,5738,135810,54,293028
15047,0.001595,172.31.46.0-255,66,135876,54,293028
15048,0.00163,74.125.200.0-255,7156,143032,54,293028
15049,0.001633,172.31.46.0-255,66,143098,54,293028
15050,0.001636,74.125.200.0-255,1484,144582,54,293028
15051,0.00167,172.31.46.0-255,66,144648,54,293028
15052,0.001702,74.125.200.0-255,5020,149668,54,293028
15053,0.001705,172.31.46.0-255,66,149734,54,293028
15054,0.00176,74.125.200.0-255,1484,151218,54,293028
15055,0.001775,74.125.200.0-255,2902,154120,54,293028
15056,0.001779,172.31.46.0-255,66,154186,54,293028
15057,0.001813,74.125.200.0-255,2902,157088,54,293028
15058,0.001816,172.31.46.0-255,66,157154,54,293028
15059,0.001822,74.125.200.0-255,4320,161474,54,293028
15060,0.001825,172.31.46.0-255,66,161540,54,293028
15061,0.001851,74.125.200.0-255,4320,165860,54,293028
15062,0.001857,172.31.46.0-255,66,165926,54,293028
15063,0.001872,74.125.200.0-255,2529,168455,54,293028
15064,0.001875,172.31.46.0-255,66,168521,54,293028
15065,0.001884,74.125.200.0-255,7156,175677,54,293028
15066,0.001886,172.31.46.0-255,66,175743,54,293028
15067,0.001933,172.31.46.0-255,66,175809,54,293028
15068,0.001948,172.31.46.0-255,66,175875,54,293028
15069,0.001951,74.125.200.0-255,766,176641,54,293028
15070,0.00201,74.125.200.0-255,1484,178125,54,293028
15071,0.002015,74.125.200.0-255,4320,182445,54,293028
15072,0.002019,74.125.200.0-255,2902,185347,54,293028
15073,0.002024,74.125.200.0-255,4320,189667,54,293028
15074,0.002028,74.125.200.0-255,2902,192569,54,293028
15075,0.002034,172.31.46.0-255,66,192635,54,293028
15076,0.002038,172.31.46.0-255,66,192701,54,293028
15077,0.00204,172.31.46.0-255,66,192767,54,293028
15078,0.002043,172.31.46.0-255,66,192833,54,293028
15079,0.00205,172.31.46.0-255,66,192899,54,293028
15080,0.002057,74.125.200.0-255,5738,198637,54,293028
15081,0.002067,74.125.200.0-255,4320,202957,54,293028
15082,0.002075,74.125.200.0-255,5738,208695,54,293028
15083,0.002081,172.31.46.0-255,66,208761,54,293028
15084,0.002083,172.31.46.0-255,66,208827,54,293028
15085,0.002083,172.31.46.0-255,66,208893,54,293028
15086,0.002107,74.125.200.0-255,1484,210377,54,293028
15087,0.002138,172.31.46.0-255,66,210443,54,293028
15088,0.00215,172.31.46.0-255,66,210509,54,293028
15089,0.002158,74.125.200.0-255,7156,217665,54,293028
15090,0.002161,172.31.46.0-255,66,217731,54,293028
15091,0.002207,172.31.46.0-255,66,217797,54,293028
15092,0.00221,74.125.200.0-255,766,218563,54,293028
15093,0.002249,74.125.200.0-255,1484,220047,54,293028
15094,0.002252,172.31.46.0-255,66,220113,54,293028
15095,0.002277,74.125.200.0-255,2902,223015,54,293028
15096,0.00228,172.31.46.0-255,66,223081,54,293028
15097,0.002287,74.125.200.0-255,5738,228819,54,293028
15098,0.002289,172.31.46.0-255,66,228885,54,293028
15099,0.002331,172.31.46.0-255,66,228951,54,293028
15100,0.002334,74.125.200.0-255,1484,230435,54,293028
15101,0.003851,172.31.46.0-255,101,230536,54,293028
15102,0.004625,74.125.200.0-255,4320,234856,54,293028
15103,0.004637,172.31.46.0-255,66,234922,54,293028
15104,0.006133,74.125.200.0-255,1484,236406,54,293028
15105,0.006944,74.125.200.0-255,4320,240726,54,293028
15106,0.006951,172.31.46.0-255,66,240792,54,293028
15107,0.009259,74.125.200.0-255,5738,246530,54,293028
15108,0.009273,172.31.46.0-255,66,246596,54,293028
15109,0.011581,74.125.200.0-255,5738,252334,54,293028
15110,0.01159,172.31.46.0-255,66,252400,54,293028
15111,0.013899,74.125.200.0-255,5738,258138,54,293028
15112,0.013914,172.31.46.0-255,66,258204,54,293028
15113,0.016227,74.125.200.0-255,5738,263942,54,293028
15114,0.01624,172.31.46.0-255,66,264008,54,293028
15115,0.018554,74.125.200.0-255,5738,269746,54,293028
15116,0.018565,172.31.46.0-255,66,269812,54,293028
15117,0.020863,74.125.200.0-255,5738,275550,54,293028
15118,0.020874,172.31.46.0-255,66,275616,54,293028
15119,0.023182,74.125.200.0-255,5738,281354,54,293028
15120,0.023194,172.31.46.0-255,66,281420,54,293028
15121,0.025499,74.125.200.0-255,5738,287158,54,293028
15122,0.025507,172.31.46.0-255,66,287224,54,293028
15123,0.027797,74.125.200.0-255,5738,292962,54,293028
15124,0.027803,172.31.46.0-255,66,293028,54,293028
15125,0.0,74.125.24.0-255,153,153,54,180829
15126,2.4e-05,172.31.46.0-255,66,219,54,180829
15127,3.1e-05,74.125.24.0-255,1484,1703,54,180829
15128,3.7e-05,172.31.46.0-255,66,1769,54,180829
15129,5e-05,74.125.24.0-255,2902,4671,54,180829
15130,5.4e-05,172.31.46.0-255,66,4737,54,180829
15131,6.1e-05,74.125.24.0-255,7156,11893,54,180829
15132,6.5e-05,172.31.46.0-255,66,11959,54,180829
15133,7.2e-05,74.125.24.0-255,4909,16868,54,180829
15134,7.5e-05,172.31.46.0-255,66,16934,54,180829
15135,8.5e-05,172.31.46.0-255,66,17000,54,180829
15136,0.000109,74.125.24.0-255,5379,22379,54,180829
15137,0.000112,172.31.46.0-255,66,22445,54,180829
15138,0.000151,74.125.24.0-255,1484,23929,54,180829
15139,0.000154,172.31.46.0-255,66,23995,54,180829
15140,0.000159,74.125.24.0-255,2902,26897,54,180829
15141,0.000161,172.31.46.0-255,66,26963,54,180829
15142,0.000196,74.125.24.0-255,5738,32701,54,180829
15143,0.000199,172.31.46.0-255,66,32767,54,180829
15144,0.000207,74.125.24.0-255,7156,39923,54,180829
15145,0.000209,172.31.46.0-255,66,39989,54,180829
15146,0.000236,74.125.24.0-255,2543,42532,54,180829
15147,0.000239,172.31.46.0-255,66,42598,54,180829
15148,0.00028,172.31.46.0-255,66,42664,54,180829
15149,0.000375,74.125.24.0-255,110,42774,54,180829
15150,0.000379,172.31.46.0-255,66,42840,54,180829
15151,0.000406,74.125.24.0-255,331,43171,54,180829
15152,0.000408,172.31.46.0-255,66,43237,54,180829
15153,0.000956,74.125.24.0-255,1484,44721,54,180829
15154,0.000962,172.31.46.0-255,66,44787,54,180829
15155,0.000968,74.125.24.0-255,2902,47689,54,180829
15156,0.00097,172.31.46.0-255,66,47755,54,180829
15157,0.000979,74.125.24.0-255,2902,50657,54,180829
15158,0.000981,172.31.46.0-255,66,50723,54,180829
15159,0.001008,74.125.24.0-255,2902,53625,54,180829
15160,0.001016,172.31.46.0-255,66,53691,54,180829
15161,0.001029,172.31.46.0-255,66,53757,54,180829
15162,0.001064,172.31.46.0-255,66,53823,54,180829
15163,0.001089,74.125.24.0-255,2184,56007,54,180829
15164,0.001092,172.31.46.0-255,66,56073,54,180829
15165,0.001167,74.125.24.0-255,1484,57557,54,180829
15166,0.001173,74.125.24.0-255,1484,59041,54,180829
15167,0.001175,172.31.46.0-255,66,59107,54,180829
15168,0.001206,74.125.24.0-255,1484,60591,54,180829
15169,0.001213,74.125.24.0-255,5738,66329,54,180829
15170,0.001216,172.31.46.0-255,66,66395,54,180829
15171,0.001233,172.31.46.0-255,66,66461,54,180829
15172,0.001248,172.31.46.0-255,66,66527,54,180829
15173,0.001436,74.125.24.0-255,1484,68011,54,180829
15174,0.00144,74.125.24.0-255,1484,69495,54,180829
15175,0.001445,172.31.46.0-255,66,69561,54,180829
15176,0.001454,74.125.24.0-255,1484,71045,54,180829
15177,0.00146,74.125.24.0-255,4320,75365,54,180829
15178,0.001462,172.31.46.0-255,66,75431,54,180829
15179,0.001487,74.125.24.0-255,1484,76915,54,180829
15180,0.001501,172.31.46.0-255,66,76981,54,180829
15181,0.00156,172.31.46.0-255,66,77047,54,180829
15182,0.001821,74.125.24.0-255,1484,78531,54,180829
15183,0.001827,74.125.24.0-255,2902,81433,54,180829
15184,0.00183,172.31.46.0-255,66,81499,54,180829
15185,0.001837,74.125.24.0-255,5738,87237,54,180829
15186,0.00184,172.31.46.0-255,66,87303,54,180829
15187,0.001876,172.31.46.0-255,66,87369,54,180829
15188,0.001881,74.125.24.0-255,4320,91689,54,180829
15189,0.001884,172.31.46.0-255,66,91755,54,180829
15190,0.001907,74.125.24.0-255,4320,96075,54,180829
15191,0.00191,172.31.46.0-255,66,96141,54,180829
15192,0.001915,74.125.24.0-255,2184,98325,54,180829
15193,0.001917,172.31.46.0-255,66,98391,54,180829
15194,0.002119,74.125.24.0-255,1484,99875,54,180829
15195,0.002126,74.125.24.0-255,2902,102777,54,180829
15196,0.002129,172.31.46.0-255,66,102843,54,180829
15197,0.002164,74.125.24.0-255,5738,108581,54,180829
15198,0.002167,172.31.46.0-255,66,108647,54,180829
15199,0.002185,172.31.46.0-255,66,108713,54,180829
15200,0.002198,172.31.46.0-255,66,108779,54,180829
15201,0.002325,74.125.24.0-255,1484,110263,54,180829
15202,0.002331,74.125.24.0-255,2902,113165,54,180829
15203,0.002334,172.31.46.0-255,66,113231,54,180829
15204,0.002338,74.125.24.0-255,1484,114715,54,180829
15205,0.002363,74.125.24.0-255,4320,119035,54,180829
15206,0.002366,172.31.46.0-255,66,119101,54,180829
15207,0.00237,74.125.24.0-255,2902,122003,54,180829
15208,0.002372,172.31.46.0-255,66,122069,54,180829
15209,0.002431,172.31.46.0-255,66,122135,54,180829
15210,0.002478,74.125.24.0-255,3602,125737,54,180829
15211,0.002504,74.125.24.0-255,7156,132893,54,180829
15212,0.002601,74.125.24.0-255,5020,137913,54,180829
15213,0.002635,74.125.24.0-255,2902,140815,54,180829
15214,0.008,172.31.46.0-255,66,140881,54,180829
15215,0.010607,74.125.24.0-255,5738,146619,54,180829
15216,0.010616,172.31.46.0-255,66,146685,54,180829
15217,0.013211,74.125.24.0-255,5738,152423,54,180829
15218,0.013223,172.31.46.0-255,66,152489,54,180829
15219,0.015814,74.125.24.0-255,5738,158227,54,180829
15220,0.015821,172.31.46.0-255,66,158293,54,180829
15221,0.018453,74.125.24.0-255,5738,164031,54,180829
15222,0.018462,172.31.46.0-255,66,164097,54,180829
15223,0.021084,74.125.24.0-255,5738,169835,54,180829
15224,0.021093,172.31.46.0-255,66,169901,54,180829
15225,0.023721,74.125.24.0-255,5738,175639,54,180829
15226,0.02373,172.31.46.0-255,66,175705,54,180829
15227,0.026325,74.125.24.0-255,4887,180592,54,180829
15228,0.026331,172.31.46.0-255,66,180658,54,180829
15229,0.026502,172.31.46.0-255,105,180763,54,180829
15230,0.029077,74.125.24.0-255,66,180829,54,180829
15231,0.0,74.125.68.0-255,146,146,54,308556
15232,2.2e-05,172.31.46.0-255,66,212,54,308556
15233,2.9e-05,74.125.68.0-255,1484,1696,54,308556
15234,3.4e-05,172.31.46.0-255,66,1762,54,308556
15235,4e-05,74.125.68.0-255,2902,4664,54,308556
15236,4.4e-05,172.31.46.0-255,66,4730,54,308556
15237,5.2e-05,74.125.68.0-255,7156,11886,54,308556
15238,5.5e-05,172.31.46.0-255,66,11952,54,308556
15239,5.9e-05,74.125.68.0-255,2047,13999,54,308556
15240,6.3e-05,172.31.46.0-255,66,14065,54,308556
15241,8.9e-05,74.125.68.0-255,2902,16967,54,308556
15242,9.3e-05,172.31.46.0-255,66,17033,54,308556
15243,0.000101,74.125.68.0-255,7156,24189,54,308556
15244,0.000103,172.31.46.0-255,66,24255,54,308556
15245,0.000108,74.125.68.0-255,2902,27157,54,308556
15246,0.00011,172.31.46.0-255,66,27223,54,308556
15247,0.000137,74.125.68.0-255,3961,31184,54,308556
15248,0.00014,172.31.46.0-255,66,31250,54,308556
15249,0.000234,74.125.68.0-255,1484,32734,54,308556
15250,0.000238,172.31.46.0-255,66,32800,54,308556
15251,0.000244,74.125.68.0-255,2902,35702,54,308556
15252,0.000247,172.31.46.0-255,66,35768,54,308556
15253,0.000265,74.125.68.0-255,1484,37252,54,308556
15254,0.000267,172.31.46.0-255,66,37318,54,308556
15255,0.000271,74.125.68.0-255,1484,38802,54,308556
15256,0.000273,172.31.46.0-255,66,38868,54,308556
15257,0.000295,74.125.68.0-255,1484,40352,54,308556
15258,0.000297,172.31.46.0-255,66,40418,54,308556
15259,0.000303,74.125.68.0-255,5738,46156,54,308556
15260,0.000306,172.31.46.0-255,66,46222,54,308556
15261,0.00031,74.125.68.0-255,2543,48765,54,308556
15262,0.000312,172.31.46.0-255,66,48831,54,308556
15263,0.000334,74.125.68.0-255,2902,51733,54,308556
15264,0.000337,172.31.46.0-255,66,51799,54,308556
15265,0.000343,74.125.68.0-255,5738,57537,54,308556
15266,0.000346,172.31.46.0-255,66,57603,54,308556
15267,0.000368,74.125.68.0-255,1484,59087,54,308556
15268,0.000374,74.125.68.0-255,4320,63407,54,308556
15269,0.000377,172.31.46.0-255,66,63473,54,308556
15270,0.000415,74.125.68.0-255,2854,66327,54,308556
15271,0.000419,172.31.46.0-255,66,66393,54,308556
15272,0.000449,74.125.68.0-255,108,66501,54,308556
15273,0.000525,74.125.68.0-255,1484,67985,54,308556
15274,0.000529,172.31.46.0-255,66,68051,54,308556
15275,0.000535,74.125.68.0-255,2902,70953,54,308556
15276,0.000537,172.31.46.0-255,66,71019,54,308556
15277,0.00054,74.125.68.0-255,1484,72503,54,308556
15278,0.000579,74.125.68.0-255,4320,76823,54,308556
15279,0.000582,172.31.46.0-255,66,76889,54,308556
15280,0.000588,74.125.68.0-255,4320,81209,54,308556
15281,0.00059,172.31.46.0-255,66,81275,54,308556
15282,0.000597,74.125.68.0-255,5738,87013,54,308556
15283,0.000599,172.31.46.0-255,66,87079,54,308556
15284,0.000632,74.125.68.0-255,5738,92817,54,308556
15285,0.000635,172.31.46.0-255,66,92883,54,308556
15286,0.000659,74.125.68.0-255,5738,98621,54,308556
15287,0.000662,172.31.46.0-255,66,98687,54,308556
15288,0.000664,74.125.68.0-255,1484,100171,54,308556
15289,0.000701,74.125.68.0-255,766,100937,54,308556
15290,0.000704,172.31.46.0-255,66,101003,54,308556
15291,0.000814,74.125.68.0-255,333,101336,54,308556
15292,0.000875,74.125.68.0-255,1484,102820,54,308556
15293,0.000879,172.31.46.0-255,66,102886,54,308556
15294,0.000884,74.125.68.0-255,2902,105788,54,308556
15295,0.000887,172.31.46.0-255,66,105854,54,308556
15296,0.000919,74.125.68.0-255,5738,111592,54,308556
15297,0.000923,74.125.68.0-255,2902,114494,54,308556
15298,0.000934,172.31.46.0-255,66,114560,54,308556
15299,0.000937,172.31.46.0-255,66,114626,54,308556
15300,0.000978,74.125.68.0-255,4320,118946,54,308556
15301,0.000981,172.31.46.0-255,66,119012,54,308556
15302,0.000987,74.125.68.0-255,5738,124750,54,308556
15303,0.00099,172.31.46.0-255,66,124816,54,308556
15304,0.001069,74.125.68.0-255,5738,130554,54,308556
15305,0.001072,172.31.46.0-255,66,130620,54,308556
15306,0.001092,74.125.68.0-255,5020,135640,54,308556
15307,0.001095,172.31.46.0-255,66,135706,54,308556
15308,0.00126,74.125.68.0-255,1484,137190,54,308556
15309,0.00131,74.125.68.0-255,2902,140092,54,308556
15310,0.001314,172.31.46.0-255,66,140158,54,308556
15311,0.001352,74.125.68.0-255,1484,141642,54,308556
15312,0.001367,74.125.68.0-255,2902,144544,54,308556
15313,0.00137,172.31.46.0-255,66,144610,54,308556
15314,0.001375,74.125.68.0-255,2902,147512,54,308556
15315,0.001377,172.31.46.0-255,66,147578,54,308556
15316,0.001406,74.125.68.0-255,4320,151898,54,308556
15317,0.001409,172.31.46.0-255,66,151964,54,308556
15318,0.001414,74.125.68.0-255,2902,154866,54,308556
15319,0.001416,172.31.46.0-255,66,154932,54,308556
15320,0.001435,74.125.68.0-255,5738,160670,54,308556
15321,0.001438,172.31.46.0-255,66,160736,54,308556
15322,0.001444,74.125.68.0-255,4320,165056,54,308556
15323,0.001447,172.31.46.0-255,66,165122,54,308556
15324,0.001469,74.125.68.0-255,2902,168024,54,308556
15325,0.001473,172.31.46.0-255,66,168090,54,308556
15326,0.001484,74.125.68.0-255,2184,170274,54,308556
15327,0.001487,172.31.46.0-255,66,170340,54,308556
15328,0.001648,74.125.68.0-255,1484,171824,54,308556
15329,0.001811,74.125.68.0-255,1484,173308,54,308556
15330,0.001815,172.31.46.0-255,66,173374,54,308556
15331,0.001821,74.125.68.0-255,2902,176276,54,308556
15332,0.001823,172.31.46.0-255,66,176342,54,308556
15333,0.001846,74.125.68.0-255,4320,180662,54,308556
15334,0.001848,172.31.46.0-255,66,180728,54,308556
15335,0.001855,74.125.68.0-255,5738,186466,54,308556
15336,0.001857,172.31.46.0-255,66,186532,54,308556
15337,0.001883,74.125.68.0-255,5738,192270,54,308556
15338,0.001886,172.31.46.0-255,66,192336,54,308556
15339,0.001911,74.125.68.0-255,5738,198074,54,308556
15340,0.001914,172.31.46.0-255,66,198140,54,308556
15341,0.00192,74.125.68.0-255,4320,202460,54,308556
15342,0.001922,172.31.46.0-255,66,202526,54,308556
15343,0.001952,172.31.46.0-255,66,202592,54,308556
15344,0.00198,172.31.46.0-255,66,202658,54,308556
15345,0.002011,172.31.46.0-255,66,202724,54,308556
15346,0.002058,172.31.46.0-255,66,202790,54,308556
15347,0.002104,74.125.68.0-255,1484,204274,54,308556
15348,0.002123,74.125.68.0-255,2902,207176,54,308556
15349,0.002127,172.31.46.0-255,66,207242,54,308556
15350,0.00215,74.125.68.0-255,5738,212980,54,308556
15351,0.002152,172.31.46.0-255,66,213046,54,308556
15352,0.002162,74.125.68.0-255,2902,215948,54,308556
15353,0.002164,172.31.46.0-255,66,216014,54,308556
15354,0.00217,74.125.68.0-255,4320,220334,54,308556
15355,0.002172,172.31.46.0-255,66,220400,54,308556
15356,0.002201,74.125.68.0-255,7156,227556,54,308556
15357,0.002204,172.31.46.0-255,66,227622,54,308556
15358,0.002231,172.31.46.0-255,66,227688,54,308556
15359,0.002233,74.125.68.0-255,766,228454,54,308556
15360,0.002504,74.125.68.0-255,1484,229938,54,308556
15361,0.002508,172.31.46.0-255,66,230004,54,308556
15362,0.002514,74.125.68.0-255,2902,232906,54,308556
15363,0.002516,172.31.46.0-255,66,232972,54,308556
15364,0.002541,74.125.68.0-255,5738,238710,54,308556
15365,0.002545,172.31.46.0-255,66,238776,54,308556
15366,0.002549,74.125.68.0-255,2902,241678,54,308556
15367,0.002552,172.31.46.0-255,66,241744,54,308556
15368,0.002568,74.125.68.0-255,2902,244646,54,308556
15369,0.002571,172.31.46.0-255,66,244712,54,308556
15370,0.002578,74.125.68.0-255,5738,250450,54,308556
15371,0.00258,172.31.46.0-255,66,250516,54,308556
15372,0.005135,74.125.68.0-255,5738,256254,54,308556
15373,0.005144,172.31.46.0-255,66,256320,54,308556
15374,0.007705,74.125.68.0-255,5738,262058,54,308556
15375,0.007712,172.31.46.0-255,66,262124,54,308556
15376,0.010269,74.125.68.0-255,5738,267862,54,308556
15377,0.010276,172.31.46.0-255,66,267928,54,308556
15378,0.012866,74.125.68.0-255,5738,273666,54,308556
15379,0.012876,172.31.46.0-255,66,273732,54,308556
15380,0.015436,74.125.68.0-255,5738,279470,54,308556
15381,0.015444,172.31.46.0-255,66,279536,54,308556
15382,0.01801,74.125.68.0-255,5738,285274,54,308556
15383,0.018019,172.31.46.0-255,66,285340,54,308556
15384,0.020584,74.125.68.0-255,5738,291078,54,308556
15385,0.020596,172.31.46.0-255,66,291144,54,308556
15386,0.023201,74.125.68.0-255,5738,296882,54,308556
15387,0.023219,172.31.46.0-255,66,296948,54,308556
15388,0.025786,74.125.68.0-255,5738,302686,54,308556
15389,0.025795,172.31.46.0-255,66,302752,54,308556
15390,0.02837,74.125.68.0-255,5738,308490,54,308556
15391,0.028379,172.31.46.0-255,66,308556,54,308556
15392,0.0,74.125.68.0-255,152,152,54,173630
15393,3e-05,172.31.46.0-255,66,218,54,173630
15394,3.6e-05,74.125.68.0-255,1484,1702,54,173630
15395,4e-05,172.31.46.0-255,66,1768,54,173630
15396,5.2e-05,74.125.68.0-255,2902,4670,54,173630
15397,5.5e-05,172.31.46.0-255,66,4736,54,173630
15398,8.9e-05,74.125.68.0-255,7156,11892,54,173630
15399,9.3e-05,172.31.46.0-255,66,11958,54,173630
15400,9.9e-05,74.125.68.0-255,2119,14077,54,173630
15401,0.000101,172.31.46.0-255,66,14143,54,173630
15402,0.000105,74.125.68.0-255,2902,17045,54,173630
15403,0.000108,172.31.46.0-255,66,17111,54,173630
15404,0.000138,74.125.68.0-255,4320,21431,54,173630
15405,0.000141,172.31.46.0-255,66,21497,54,173630
15406,0.000149,74.125.68.0-255,5738,27235,54,173630
15407,0.000151,172.31.46.0-255,66,27301,54,173630
15408,0.000197,172.31.46.0-255,66,27367,54,173630
15409,0.000203,74.125.68.0-255,4320,31687,54,173630
15410,0.000204,172.31.46.0-255,66,31753,54,173630
15411,0.000236,74.125.68.0-255,5020,36773,54,173630
15412,0.000238,172.31.46.0-255,66,36839,54,173630
15413,0.000274,74.125.68.0-255,2902,39741,54,173630
15414,0.000277,172.31.46.0-255,66,39807,54,173630
15415,0.000303,74.125.68.0-255,2902,42709,54,173630
15416,0.000307,172.31.46.0-255,66,42775,54,173630
15417,0.000314,74.125.68.0-255,7156,49931,54,173630
15418,0.000316,172.31.46.0-255,66,49997,54,173630
15419,0.000342,74.125.68.0-255,4233,54230,54,173630
15420,0.000348,172.31.46.0-255,66,54296,54,173630
15421,0.000509,74.125.68.0-255,383,54679,54,173630
15422,0.000513,172.31.46.0-255,66,54745,54,173630
15423,0.00063,74.125.68.0-255,1484,56229,54,173630
15424,0.000647,74.125.68.0-255,2902,59131,54,173630
15425,0.000651,172.31.46.0-255,66,59197,54,173630
15426,0.000655,74.125.68.0-255,1484,60681,54,173630
15427,0.000679,74.125.68.0-255,4320,65001,54,173630
15428,0.000682,172.31.46.0-255,66,65067,54,173630
15429,0.000687,74.125.68.0-255,4320,69387,54,173630
15430,0.00069,172.31.46.0-255,66,69453,54,173630
15431,0.000709,74.125.68.0-255,2543,71996,54,173630
15432,0.000712,172.31.46.0-255,66,72062,54,173630
15433,0.000719,74.125.68.0-255,7156,79218,54,173630
15434,0.000721,172.31.46.0-255,66,79284,54,173630
15435,0.000768,172.31.46.0-255,66,79350,54,173630
15436,0.001683,74.125.68.0-255,1484,80834,54,173630
15437,0.001696,74.125.68.0-255,2902,83736,54,173630
15438,0.001701,172.31.46.0-255,66,83802,54,173630
15439,0.001728,74.125.68.0-255,4320,88122,54,173630
15440,0.001732,172.31.46.0-255,66,88188,54,173630
15441,0.00177,74.125.68.0-255,2902,91090,54,173630
15442,0.001773,172.31.46.0-255,66,91156,54,173630
15443,0.0018,74.125.68.0-255,5738,96894,54,173630
15444,0.001802,172.31.46.0-255,66,96960,54,173630
15445,0.001831,172.31.46.0-255,66,97026,54,173630
15446,0.001878,172.31.46.0-255,66,97092,54,173630
15447,0.004094,74.125.68.0-255,5738,102830,54,173630
15448,0.004097,172.31.46.0-255,66,102896,54,173630
15449,0.006315,74.125.68.0-255,5738,108634,54,173630
15450,0.006318,172.31.46.0-255,66,108700,54,173630
15451,0.008571,74.125.68.0-255,5738,114438,54,173630
15452,0.00858,172.31.46.0-255,66,114504,54,173630
15453,0.010818,74.125.68.0-255,5738,120242,54,173630
15454,0.010829,172.31.46.0-255,66,120308,54,173630
15455,0.013079,74.125.68.0-255,5738,126046,54,173630
15456,0.013091,172.31.46.0-255,66,126112,54,173630
15457,0.015325,74.125.68.0-255,5738,131850,54,173630
15458,0.015341,172.31.46.0-255,66,131916,54,173630
15459,0.017592,74.125.68.0-255,5738,137654,54,173630
15460,0.017606,172.31.46.0-255,66,137720,54,173630
15461,0.019846,74.125.68.0-255,5738,143458,54,173630
15462,0.019855,172.31.46.0-255,66,143524,54,173630
15463,0.022078,74.125.68.0-255,5738,149262,54,173630
15464,0.022085,172.31.46.0-255,66,149328,54,173630
15465,0.024325,74.125.68.0-255,5738,155066,54,173630
15466,0.02434,172.31.46.0-255,66,155132,54,173630
15467,0.026569,74.125.68.0-255,5738,160870,54,173630
15468,0.02658,172.31.46.0-255,66,160936,54,173630
15469,0.028725,172.31.46.0-255,172,161108,54,173630
15470,0.028747,172.31.46.0-255,1119,162227,54,173630
15471,0.028798,74.125.68.0-255,5738,167965,54,173630
15472,0.028804,172.31.46.0-255,1514,169479,54,173630
15473,0.028806,172.31.46.0-255,1514,170993,54,173630
15474,0.028808,172.31.46.0-255,66,171059,54,173630
15475,0.028813,172.31.46.0-255,1514,172573,54,173630
15476,0.028814,172.31.46.0-255,1057,173630,54,173630
15477,0.0,172.217.194.0-255,150,150,54,327469
15478,2.4e-05,172.31.46.0-255,66,216,54,327469
15479,3.2e-05,172.217.194.0-255,1484,1700,54,327469
15480,3.6e-05,172.31.46.0-255,66,1766,54,327469
15481,4.2e-05,172.217.194.0-255,2902,4668,54,327469
15482,4.4e-05,172.31.46.0-255,66,4734,54,327469
15483,6e-05,172.217.194.0-255,7156,11890,54,327469
15484,6.3e-05,172.31.46.0-255,66,11956,54,327469
15485,9.1e-05,172.31.46.0-255,66,12022,54,327469
15486,0.000122,172.217.194.0-255,3423,15445,54,327469
15487,0.000124,172.31.46.0-255,66,15511,54,327469
15488,0.000132,172.217.194.0-255,6797,22308,54,327469
15489,0.000135,172.31.46.0-255,66,22374,54,327469
15490,0.000173,172.217.194.0-255,1484,23858,54,327469
15491,0.000175,172.31.46.0-255,66,23924,54,327469
15492,0.000209,172.217.194.0-255,2902,26826,54,327469
15493,0.000212,172.31.46.0-255,66,26892,54,327469
15494,0.000216,172.217.194.0-255,2902,29794,54,327469
15495,0.000218,172.31.46.0-255,66,29860,54,327469
15496,0.000223,172.217.194.0-255,4320,34180,54,327469
15497,0.000225,172.31.46.0-255,66,34246,54,327469
15498,0.00027,172.31.46.0-255,66,34312,54,327469
15499,0.000275,172.217.194.0-255,4320,38632,54,327469
15500,0.000277,172.31.46.0-255,66,38698,54,327469
15501,0.000334,172.31.46.0-255,66,38764,54,327469
15502,0.000709,172.217.194.0-255,366,39130,54,327469
15503,0.000715,172.31.46.0-255,66,39196,54,327469
15504,0.00075,172.217.194.0-255,1484,40680,54,327469
15505,0.000753,172.31.46.0-255,66,40746,54,327469
15506,0.000781,172.217.194.0-255,1484,42230,54,327469
15507,0.00079,172.217.194.0-255,4320,46550,54,327469
15508,0.000817,172.217.194.0-255,5738,52288,54,327469
15509,0.000819,172.31.46.0-255,66,52354,54,327469
15510,0.000828,172.31.46.0-255,66,52420,54,327469
15511,0.00085,172.217.194.0-255,4320,56740,54,327469
15512,0.000882,172.31.46.0-255,66,56806,54,327469
15513,0.00091,172.217.194.0-255,1484,58290,54,327469
15514,0.000934,172.217.194.0-255,5890,64180,54,327469
15515,0.000939,172.31.46.0-255,66,64246,54,327469
15516,0.00138,172.217.194.0-255,1484,65730,54,327469
15517,0.001395,172.217.194.0-255,2902,68632,54,327469
15518,0.001399,172.31.46.0-255,66,68698,54,327469
15519,0.00141,172.217.194.0-255,4320,73018,54,327469
15520,0.00143,172.217.194.0-255,1484,74502,54,327469
15521,0.001455,172.217.194.0-255,7156,81658,54,327469
15522,0.00146,172.217.194.0-255,4320,85978,54,327469
15523,0.001467,172.31.46.0-255,66,86044,54,327469
15524,0.001554,172.217.194.0-255,4320,90364,54,327469
15525,0.00178,172.217.194.0-255,1484,91848,54,327469
15526,0.001798,172.217.194.0-255,2902,94750,54,327469
15527,0.001842,172.217.194.0-255,2902,97652,54,327469
15528,0.001864,172.217.194.0-255,2902,100554,54,327469
15529,0.00187,172.217.194.0-255,4320,104874,54,327469
15530,0.00191,172.217.194.0-255,2902,107776,54,327469
15531,0.001927,172.217.194.0-255,7156,114932,54,327469
15532,0.001957,172.217.194.0-255,5738,120670,54,327469
15533,0.001973,172.217.194.0-255,1484,122154,54,327469
15534,0.002,172.217.194.0-255,2902,125056,54,327469
15535,0.002055,172.217.194.0-255,1484,126540,54,327469
15536,0.002059,172.217.194.0-255,1484,128024,54,327469
15537,0.002076,172.217.194.0-255,1484,129508,54,327469
15538,0.002093,172.217.194.0-255,4320,133828,54,327469
15539,0.002104,172.217.194.0-255,1484,135312,54,327469
15540,0.002107,172.217.194.0-255,1484,136796,54,327469
15541,0.002139,172.217.194.0-255,2902,139698,54,327469
15542,0.002159,172.217.194.0-255,5738,145436,54,327469
15543,0.002164,172.217.194.0-255,4320,149756,54,327469
15544,0.002176,172.217.194.0-255,766,150522,54,327469
15545,0.002529,172.217.194.0-255,1484,152006,54,327469
15546,0.002536,172.217.194.0-255,2902,154908,54,327469
15547,0.002547,172.217.194.0-255,1484,156392,54,327469
15548,0.002563,172.217.194.0-255,2902,159294,54,327469
15549,0.002566,172.217.194.0-255,1484,160778,54,327469
15550,0.002582,172.217.194.0-255,2902,163680,54,327469
15551,0.002601,172.217.194.0-255,4320,168000,54,327469
15552,0.002606,172.217.194.0-255,4320,172320,54,327469
15553,0.00262,172.217.194.0-255,1484,173804,54,327469
15554,0.002622,172.217.194.0-255,1484,175288,54,327469
15555,0.002642,172.217.194.0-255,4320,179608,54,327469
15556,0.002669,172.217.194.0-255,5020,184628,54,327469
15557,0.003048,172.217.194.0-255,1484,186112,54,327469
15558,0.003071,172.217.194.0-255,1484,187596,54,327469
15559,0.0031,172.217.194.0-255,4320,191916,54,327469
15560,0.003138,172.217.194.0-255,2902,194818,54,327469
15561,0.003162,172.217.194.0-255,7156,201974,54,327469
15562,0.003173,172.217.194.0-255,4320,206294,54,327469
15563,0.003189,172.217.194.0-255,1484,207778,54,327469
15564,0.003193,172.217.194.0-255,2902,210680,54,327469
15565,0.003215,172.217.194.0-255,4320,215000,54,327469
15566,0.003218,172.217.194.0-255,1484,216484,54,327469
15567,0.003233,172.217.194.0-255,2184,218668,54,327469
15568,0.003312,172.217.194.0-255,1484,220152,54,327469
15569,0.003345,172.217.194.0-255,2902,223054,54,327469
15570,0.003347,172.217.194.0-255,1484,224538,54,327469
15571,0.003368,172.217.194.0-255,4320,228858,54,327469
15572,0.003398,172.217.194.0-255,5738,234596,54,327469
15573,0.003416,172.217.194.0-255,2902,237498,54,327469
15574,0.003423,172.217.194.0-255,7156,244654,54,327469
15575,0.003448,172.217.194.0-255,2902,247556,54,327469
15576,0.003454,172.217.194.0-255,5020,252576,54,327469
15577,0.00359,172.217.194.0-255,1484,254060,54,327469
15578,0.003607,172.217.194.0-255,2902,256962,54,327469
15579,0.003654,172.217.194.0-255,4320,261282,54,327469
15580,0.003668,172.217.194.0-255,1484,262766,54,327469
15581,0.00368,172.217.194.0-255,1484,264250,54,327469
15582,0.004186,172.217.194.0-255,1484,265734,54,327469
15583,0.004192,172.217.194.0-255,2902,268636,54,327469
15584,0.004198,172.217.194.0-255,4320,272956,54,327469
15585,0.004214,172.217.194.0-255,1484,274440,54,327469
15586,0.004216,172.217.194.0-255,1484,275924,54,327469
15587,0.004255,172.217.194.0-255,1484,277408,54,327469
15588,0.00427,172.217.194.0-255,5738,283146,54,327469
15589,0.004289,172.217.194.0-255,2902,286048,54,327469
15590,0.00431,172.217.194.0-255,4320,290368,54,327469
15591,0.004326,172.217.194.0-255,5020,295388,54,327469
15592,0.004363,172.217.194.0-255,4320,299708,54,327469
15593,0.004377,172.217.194.0-255,1484,301192,54,327469
15594,0.00439,172.217.194.0-255,4320,305512,54,327469
15595,0.004413,172.217.194.0-255,5738,311250,54,327469
15596,0.00446,172.217.194.0-255,2184,313434,54,327469
15597,0.004495,172.217.194.0-255,2902,316336,54,327469
15598,0.004514,172.217.194.0-255,4320,320656,54,327469
15599,0.004558,172.217.194.0-255,2902,323558,54,327469
15600,0.00458,172.217.194.0-255,3569,327127,54,327469
15601,0.004621,172.217.194.0-255,105,327232,54,327469
15602,0.005612,172.31.46.0-255,66,327298,54,327469
15603,0.008173,172.31.46.0-255,105,327403,54,327469
15604,0.010465,172.217.194.0-255,66,327469,54,327469
15605,0.0,74.125.200.0-255,150,150,54,305275
15606,2.3e-05,172.31.46.0-255,66,216,54,305275
15607,3e-05,74.125.200.0-255,1484,1700,54,305275
15608,3.5e-05,172.31.46.0-255,66,1766,54,305275
15609,4.1e-05,74.125.200.0-255,2902,4668,54,305275
15610,4.4e-05,172.31.46.0-255,66,4734,54,305275
15611,5.1e-05,74.125.200.0-255,5738,10472,54,305275
15612,5.4e-05,172.31.46.0-255,66,10538,54,305275
15613,9e-05,74.125.200.0-255,3445,13983,54,305275
15614,9.3e-05,172.31.46.0-255,66,14049,54,305275
15615,0.000167,74.125.200.0-255,1484,15533,54,305275
15616,0.00017,172.31.46.0-255,66,15599,54,305275
15617,0.000175,74.125.200.0-255,2902,18501,54,305275
15618,0.000178,172.31.46.0-255,66,18567,54,305275
15619,0.000182,74.125.200.0-255,2902,21469,54,305275
15620,0.000184,172.31.46.0-255,66,21535,54,305275
15621,0.000211,74.125.200.0-255,4320,25855,54,305275
15622,0.000215,172.31.46.0-255,66,25921,54,305275
15623,0.000249,74.125.200.0-255,5379,31300,54,305275
15624,0.000252,172.31.46.0-255,66,31366,54,305275
15625,0.000302,74.125.200.0-255,1484,32850,54,305275
15626,0.000305,172.31.46.0-255,66,32916,54,305275
15627,0.000326,74.125.200.0-255,2902,35818,54,305275
15628,0.000329,172.31.46.0-255,66,35884,54,305275
15629,0.000336,74.125.200.0-255,5738,41622,54,305275
15630,0.000338,172.31.46.0-255,66,41688,54,305275
15631,0.000342,74.125.200.0-255,2902,44590,54,305275
15632,0.000345,172.31.46.0-255,66,44656,54,305275
15633,0.000399,74.125.200.0-255,3961,48617,54,305275
15634,0.000403,172.31.46.0-255,66,48683,54,305275
15635,0.000469,74.125.200.0-255,1484,50167,54,305275
15636,0.000472,172.31.46.0-255,66,50233,54,305275
15637,0.000489,74.125.200.0-255,2902,53135,54,305275
15638,0.000492,172.31.46.0-255,66,53201,54,305275
15639,0.000496,74.125.200.0-255,2902,56103,54,305275
15640,0.000498,172.31.46.0-255,66,56169,54,305275
15641,0.000521,74.125.200.0-255,1484,57653,54,305275
15642,0.000534,74.125.200.0-255,2902,60555,54,305275
15643,0.000537,172.31.46.0-255,66,60621,54,305275
15644,0.000556,74.125.200.0-255,4320,64941,54,305275
15645,0.000559,172.31.46.0-255,66,65007,54,305275
15646,0.000599,74.125.200.0-255,1456,66463,54,305275
15647,0.000621,74.125.200.0-255,346,66809,54,305275
15648,0.000624,172.31.46.0-255,66,66875,54,305275
15649,0.000896,74.125.200.0-255,1484,68359,54,305275
15650,0.000903,74.125.200.0-255,2902,71261,54,305275
15651,0.000906,172.31.46.0-255,66,71327,54,305275
15652,0.00091,74.125.200.0-255,1484,72811,54,305275
15653,0.000933,74.125.200.0-255,4320,77131,54,305275
15654,0.000935,172.31.46.0-255,66,77197,54,305275
15655,0.000974,74.125.200.0-255,7156,84353,54,305275
15656,0.000977,172.31.46.0-255,66,84419,54,305275
15657,0.000994,74.125.200.0-255,2902,87321,54,305275
15658,0.000997,172.31.46.0-255,66,87387,54,305275
15659,0.001004,74.125.200.0-255,5738,93125,54,305275
15660,0.001006,172.31.46.0-255,66,93191,54,305275
15661,0.001029,74.125.200.0-255,5738,98929,54,305275
15662,0.001033,172.31.46.0-255,66,98995,54,305275
15663,0.001051,74.125.200.0-255,2184,101179,54,305275
15664,0.001054,172.31.46.0-255,66,101245,54,305275
15665,0.001113,74.125.200.0-255,1484,102729,54,305275
15666,0.001117,74.125.200.0-255,1484,104213,54,305275
15667,0.00112,172.31.46.0-255,66,104279,54,305275
15668,0.001137,74.125.200.0-255,1484,105763,54,305275
15669,0.001167,74.125.200.0-255,5738,111501,54,305275
15670,0.00117,172.31.46.0-255,66,111567,54,305275
15671,0.001175,74.125.200.0-255,2902,114469,54,305275
15672,0.001177,172.31.46.0-255,66,114535,54,305275
15673,0.001188,172.31.46.0-255,66,114601,54,305275
15674,0.00121,74.125.200.0-255,1484,116085,54,305275
15675,0.001225,172.31.46.0-255,66,116151,54,305275
15676,0.001257,74.125.200.0-255,1484,117635,54,305275
15677,0.001261,74.125.200.0-255,2902,120537,54,305275
15678,0.001264,172.31.46.0-255,66,120603,54,305275
15679,0.001277,74.125.200.0-255,2902,123505,54,305275
15680,0.00128,172.31.46.0-255,66,123571,54,305275
15681,0.001293,74.125.200.0-255,2902,126473,54,305275
15682,0.001295,172.31.46.0-255,66,126539,54,305275
15683,0.001353,172.31.46.0-255,66,126605,54,305275
15684,0.001366,172.31.46.0-255,66,126671,54,305275
15685,0.001388,74.125.200.0-255,1484,128155,54,305275
15686,0.001393,74.125.200.0-255,2902,131057,54,305275
15687,0.001395,172.31.46.0-255,66,131123,54,305275
15688,0.0014,74.125.200.0-255,2902,134025,54,305275
15689,0.001402,172.31.46.0-255,66,134091,54,305275
15690,0.001419,74.125.200.0-255,4320,138411,54,305275
15691,0.001421,172.31.46.0-255,66,138477,54,305275
15692,0.001434,74.125.200.0-255,2902,141379,54,305275
15693,0.001438,172.31.46.0-255,66,141445,54,305275
15694,0.001471,74.125.200.0-255,5738,147183,54,305275
15695,0.001475,172.31.46.0-255,66,147249,54,305275
15696,0.001481,74.125.200.0-255,7156,154405,54,305275
15697,0.001484,172.31.46.0-255,66,154471,54,305275
15698,0.001519,74.125.200.0-255,6438,160909,54,305275
15699,0.001523,172.31.46.0-255,66,160975,54,305275
15700,0.001653,74.125.200.0-255,1484,162459,54,305275
15701,0.001657,74.125.200.0-255,1484,163943,54,305275
15702,0.00166,172.31.46.0-255,66,164009,54,305275
15703,0.001681,74.125.200.0-255,2902,166911,54,305275
15704,0.001684,172.31.46.0-255,66,166977,54,305275
15705,0.001709,74.125.200.0-255,5738,172715,54,305275
15706,0.001712,172.31.46.0-255,66,172781,54,305275
15707,0.00172,74.125.200.0-255,7156,179937,54,305275
15708,0.001722,172.31.46.0-255,66,180003,54,305275
15709,0.001741,74.125.200.0-255,5738,185741,54,305275
15710,0.001743,172.31.46.0-255,66,185807,54,305275
15711,0.001771,74.125.200.0-255,2902,188709,54,305275
15712,0.001778,74.125.200.0-255,6438,195147,54,305275
15713,0.001783,172.31.46.0-255,66,195213,54,305275
15714,0.00179,172.31.46.0-255,66,195279,54,305275
15715,0.001818,74.125.200.0-255,1484,196763,54,305275
15716,0.001822,74.125.200.0-255,2902,199665,54,305275
15717,0.001825,172.31.46.0-255,66,199731,54,305275
15718,0.001837,74.125.200.0-255,1484,201215,54,305275
15719,0.001853,74.125.200.0-255,4320,205535,54,305275
15720,0.001856,172.31.46.0-255,66,205601,54,305275
15721,0.001887,172.31.46.0-255,66,205667,54,305275
15722,0.00191,74.125.200.0-255,1484,207151,54,305275
15723,0.001924,172.31.46.0-255,66,207217,54,305275
15724,0.001929,74.125.200.0-255,2184,209401,54,305275
15725,0.001931,172.31.46.0-255,66,209467,54,305275
15726,0.002035,74.125.200.0-255,1484,210951,54,305275
15727,0.002049,74.125.200.0-255,2902,213853,54,305275
15728,0.002053,74.125.200.0-255,2902,216755,54,305275
15729,0.002057,172.31.46.0-255,66,216821,54,305275
15730,0.002064,172.31.46.0-255,66,216887,54,305275
15731,0.00207,74.125.200.0-255,4320,221207,54,305275
15732,0.002073,172.31.46.0-255,66,221273,54,305275
15733,0.002111,74.125.200.0-255,1484,222757,54,305275
15734,0.002116,172.31.46.0-255,66,222823,54,305275
15735,0.002142,74.125.200.0-255,2902,225725,54,305275
15736,0.002145,172.31.46.0-255,66,225791,54,305275
15737,0.00215,74.125.200.0-255,2902,228693,54,305275
15738,0.002152,172.31.46.0-255,66,228759,54,305275
15739,0.002168,74.125.200.0-255,2902,231661,54,305275
15740,0.002171,172.31.46.0-255,66,231727,54,305275
15741,0.002176,74.125.200.0-255,2902,234629,54,305275
15742,0.002179,172.31.46.0-255,66,234695,54,305275
15743,0.002203,74.125.200.0-255,766,235461,54,305275
15744,0.002315,74.125.200.0-255,1484,236945,54,305275
15745,0.002319,172.31.46.0-255,66,237011,54,305275
15746,0.004482,74.125.200.0-255,2902,239913,54,305275
15747,0.004489,172.31.46.0-255,66,239979,54,305275
15748,0.004625,74.125.200.0-255,2902,242881,54,305275
15749,0.00463,172.31.46.0-255,66,242947,54,305275
15750,0.006782,74.125.200.0-255,2902,245849,54,305275
15751,0.00679,172.31.46.0-255,66,245915,54,305275
15752,0.006913,74.125.200.0-255,2902,248817,54,305275
15753,0.006916,172.31.46.0-255,66,248883,54,305275
15754,0.009096,74.125.200.0-255,2902,251785,54,305275
15755,0.009101,172.31.46.0-255,66,251851,54,305275
15756,0.009214,74.125.200.0-255,2902,254753,54,305275
15757,0.009217,172.31.46.0-255,66,254819,54,305275
15758,0.011413,74.125.200.0-255,2902,257721,54,305275
15759,0.011421,172.31.46.0-255,66,257787,54,305275
15760,0.011549,74.125.200.0-255,2902,260689,54,305275
15761,0.011553,172.31.46.0-255,66,260755,54,305275
15762,0.013728,74.125.200.0-255,2902,263657,54,305275
15763,0.013736,172.31.46.0-255,66,263723,54,305275
15764,0.013862,74.125.200.0-255,2902,266625,54,305275
15765,0.013867,172.31.46.0-255,66,266691,54,305275
15766,0.016052,74.125.200.0-255,2902,269593,54,305275
15767,0.01606,172.31.46.0-255,66,269659,54,305275
15768,0.016177,74.125.200.0-255,2902,272561,54,305275
15769,0.016183,172.31.46.0-255,66,272627,54,305275
15770,0.01837,74.125.200.0-255,2902,275529,54,305275
15771,0.018378,172.31.46.0-255,66,275595,54,305275
15772,0.018496,74.125.200.0-255,2902,278497,54,305275
15773,0.018502,172.31.46.0-255,66,278563,54,305275
15774,0.020681,74.125.200.0-255,2902,281465,54,305275
15775,0.020688,172.31.46.0-255,66,281531,54,305275
15776,0.02084,74.125.200.0-255,2902,284433,54,305275
15777,0.020844,172.31.46.0-255,66,284499,54,305275
15778,0.022992,74.125.200.0-255,2902,287401,54,305275
15779,0.022999,172.31.46.0-255,66,287467,54,305275
15780,0.023133,74.125.200.0-255,2902,290369,54,305275
15781,0.023138,172.31.46.0-255,66,290435,54,305275
15782,0.025305,74.125.200.0-255,2902,293337,54,305275
15783,0.025312,172.31.46.0-255,66,293403,54,305275
15784,0.025434,74.125.200.0-255,2902,296305,54,305275
15785,0.025439,172.31.46.0-255,66,296371,54,305275
15786,0.02763,74.125.200.0-255,2902,299273,54,305275
15787,0.027644,172.31.46.0-255,66,299339,54,305275
15788,0.027731,74.125.200.0-255,2902,302241,54,305275
15789,0.027735,172.31.46.0-255,66,302307,54,305275
15790,0.029956,74.125.200.0-255,2902,305209,54,305275
15791,0.02997,172.31.46.0-255,66,305275,54,305275
15792,0.0,74.125.24.0-255,297,297,54,153086
15793,2.3e-05,172.31.46.0-255,66,363,54,153086
15794,3.1e-05,74.125.24.0-255,1484,1847,54,153086
15795,3.6e-05,172.31.46.0-255,66,1913,54,153086
15796,4.2e-05,74.125.24.0-255,2902,4815,54,153086
15797,4.6e-05,172.31.46.0-255,66,4881,54,153086
15798,5.3e-05,74.125.24.0-255,5738,10619,54,153086
15799,5.6e-05,172.31.46.0-255,66,10685,54,153086
15800,8.6e-05,172.31.46.0-255,66,10751,54,153086
15801,0.00011,74.125.24.0-255,3158,13909,54,153086
15802,0.000112,172.31.46.0-255,66,13975,54,153086
15803,0.000133,74.125.24.0-255,6797,20772,54,153086
15804,0.000136,172.31.46.0-255,66,20838,54,153086
15805,0.000333,74.125.24.0-255,1484,22322,54,153086
15806,0.000338,172.31.46.0-255,66,22388,54,153086
15807,0.000344,74.125.24.0-255,2902,25290,54,153086
15808,0.000347,172.31.46.0-255,66,25356,54,153086
15809,0.000352,74.125.24.0-255,2902,28258,54,153086
15810,0.000355,172.31.46.0-255,66,28324,54,153086
15811,0.000381,74.125.24.0-255,2902,31226,54,153086
15812,0.000384,172.31.46.0-255,66,31292,54,153086
15813,0.000391,74.125.24.0-255,6797,38089,54,153086
15814,0.000393,172.31.46.0-255,66,38155,54,153086
15815,0.000396,74.125.24.0-255,1484,39639,54,153086
15816,0.000398,172.31.46.0-255,66,39705,54,153086
15817,0.000444,172.31.46.0-255,66,39771,54,153086
15818,0.000448,74.125.24.0-255,2854,42625,54,153086
15819,0.00045,172.31.46.0-255,66,42691,54,153086
15820,0.000607,74.125.24.0-255,111,42802,54,153086
15821,0.000612,172.31.46.0-255,66,42868,54,153086
15822,0.000724,74.125.24.0-255,1484,44352,54,153086
15823,0.000732,74.125.24.0-255,2902,47254,54,153086
15824,0.000735,172.31.46.0-255,66,47320,54,153086
15825,0.000741,74.125.24.0-255,5738,53058,54,153086
15826,0.000744,172.31.46.0-255,66,53124,54,153086
15827,0.000777,74.125.24.0-255,2902,56026,54,153086
15828,0.00078,172.31.46.0-255,66,56092,54,153086
15829,0.000799,74.125.24.0-255,3961,60053,54,153086
15830,0.000802,172.31.46.0-255,66,60119,54,153086
15831,0.000805,74.125.24.0-255,1484,61603,54,153086
15832,0.00083,74.125.24.0-255,5738,67341,54,153086
15833,0.000834,172.31.46.0-255,66,67407,54,153086
15834,0.00084,74.125.24.0-255,5738,73145,54,153086
15835,0.000843,172.31.46.0-255,66,73211,54,153086
15836,0.000867,74.125.24.0-255,1484,74695,54,153086
15837,0.000879,74.125.24.0-255,2543,77238,54,153086
15838,0.000881,172.31.46.0-255,66,77304,54,153086
15839,0.00294,74.125.24.0-255,1484,78788,54,153086
15840,0.002982,74.125.24.0-255,4320,83108,54,153086
15841,0.002986,172.31.46.0-255,66,83174,54,153086
15842,0.005108,74.125.24.0-255,2902,86076,54,153086
15843,0.005111,172.31.46.0-255,66,86142,54,153086
15844,0.005128,74.125.24.0-255,2902,89044,54,153086
15845,0.00513,172.31.46.0-255,66,89110,54,153086
15846,0.007227,74.125.24.0-255,5738,94848,54,153086
15847,0.007233,172.31.46.0-255,66,94914,54,153086
15848,0.009362,74.125.24.0-255,5738,100652,54,153086
15849,0.009369,172.31.46.0-255,66,100718,54,153086
15850,0.011465,74.125.24.0-255,5738,106456,54,153086
15851,0.011472,172.31.46.0-255,66,106522,54,153086
15852,0.013569,74.125.24.0-255,5738,112260,54,153086
15853,0.013577,172.31.46.0-255,66,112326,54,153086
15854,0.01569,74.125.24.0-255,5738,118064,54,153086
15855,0.015701,172.31.46.0-255,66,118130,54,153086
15856,0.017796,74.125.24.0-255,5738,123868,54,153086
15857,0.017803,172.31.46.0-255,66,123934,54,153086
15858,0.019904,74.125.24.0-255,2902,126836,54,153086
15859,0.019911,172.31.46.0-255,66,126902,54,153086
15860,0.01993,74.125.24.0-255,2902,129804,54,153086
15861,0.019933,172.31.46.0-255,66,129870,54,153086
15862,0.022027,74.125.24.0-255,5738,135608,54,153086
15863,0.022035,172.31.46.0-255,66,135674,54,153086
15864,0.024139,74.125.24.0-255,5738,141412,54,153086
15865,0.024148,172.31.46.0-255,66,141478,54,153086
15866,0.026261,74.125.24.0-255,5738,147216,54,153086
15867,0.02627,172.31.46.0-255,66,147282,54,153086
15868,0.028386,74.125.24.0-255,5738,153020,54,153086
15869,0.028396,172.31.46.0-255,66,153086,54,153086
15870,0.0,74.125.24.0-255,148,148,54,226420
15871,2.3e-05,172.31.46.0-255,66,214,54,226420
15872,3e-05,74.125.24.0-255,1484,1698,54,226420
15873,3.4e-05,172.31.46.0-255,66,1764,54,226420
15874,3.9e-05,74.125.24.0-255,2902,4666,54,226420
15875,4.1e-05,172.31.46.0-255,66,4732,54,226420
15876,4.8e-05,74.125.24.0-255,7156,11888,54,226420
15877,5.1e-05,172.31.46.0-255,66,11954,54,226420
15878,5.4e-05,74.125.24.0-255,2140,14094,54,226420
15879,5.7e-05,172.31.46.0-255,66,14160,54,226420
15880,0.0005,74.125.24.0-255,1484,15644,54,226420
15881,0.000506,172.31.46.0-255,66,15710,54,226420
15882,0.000513,74.125.24.0-255,2902,18612,54,226420
15883,0.000515,172.31.46.0-255,66,18678,54,226420
15884,0.000533,74.125.24.0-255,5738,24416,54,226420
15885,0.000535,172.31.46.0-255,66,24482,54,226420
15886,0.000554,74.125.24.0-255,4320,28802,54,226420
15887,0.000556,172.31.46.0-255,66,28868,54,226420
15888,0.000568,74.125.24.0-255,2543,31411,54,226420
15889,0.000571,172.31.46.0-255,66,31477,54,226420
15890,0.000831,74.125.24.0-255,1484,32961,54,226420
15891,0.000836,172.31.46.0-255,66,33027,54,226420
15892,0.000841,74.125.24.0-255,2902,35929,54,226420
15893,0.000844,172.31.46.0-255,66,35995,54,226420
15894,0.00088,74.125.24.0-255,2902,38897,54,226420
15895,0.000882,172.31.46.0-255,66,38963,54,226420
15896,0.000899,74.125.24.0-255,1484,40447,54,226420
15897,0.000901,172.31.46.0-255,66,40513,54,226420
15898,0.000907,74.125.24.0-255,5738,46251,54,226420
15899,0.000909,172.31.46.0-255,66,46317,54,226420
15900,0.000926,74.125.24.0-255,4320,50637,54,226420
15901,0.000928,172.31.46.0-255,66,50703,54,226420
15902,0.000954,74.125.24.0-255,6797,57500,54,226420
15903,0.003016,74.125.24.0-255,646,58146,54,226420
15904,0.003149,74.125.24.0-255,1484,59630,54,226420
15905,0.003156,74.125.24.0-255,2902,62532,54,226420
15906,0.003159,74.125.24.0-255,1484,64016,54,226420
15907,0.00317,74.125.24.0-255,2902,66918,54,226420
15908,0.003193,74.125.24.0-255,7156,74074,54,226420
15909,0.00325,74.125.24.0-255,5020,79094,54,226420
15910,0.003431,172.31.46.0-255,66,79160,54,226420
15911,0.004342,74.125.24.0-255,1484,80644,54,226420
15912,0.004351,74.125.24.0-255,2902,83546,54,226420
15913,0.004355,172.31.46.0-255,66,83612,54,226420
15914,0.004362,74.125.24.0-255,5738,89350,54,226420
15915,0.00443,74.125.24.0-255,5738,95088,54,226420
15916,0.004448,74.125.24.0-255,4320,99408,54,226420
15917,0.004462,74.125.24.0-255,2184,101592,54,226420
15918,0.004518,172.31.46.0-255,66,101658,54,226420
15919,0.004799,74.125.24.0-255,1484,103142,54,226420
15920,0.004804,74.125.24.0-255,1484,104626,54,226420
15921,0.004807,172.31.46.0-255,66,104692,54,226420
15922,0.004831,74.125.24.0-255,1484,106176,54,226420
15923,0.004838,74.125.24.0-255,5738,111914,54,226420
15924,0.004843,74.125.24.0-255,4320,116234,54,226420
15925,0.004875,172.31.46.0-255,66,116300,54,226420
15926,0.004906,74.125.24.0-255,1484,117784,54,226420
15927,0.004923,74.125.24.0-255,7156,124940,54,226420
15928,0.004937,74.125.24.0-255,7156,132096,54,226420
15929,0.004945,74.125.24.0-255,1484,133580,54,226420
15930,0.004952,172.31.46.0-255,66,133646,54,226420
15931,0.004963,74.125.24.0-255,6438,140084,54,226420
15932,0.004967,74.125.24.0-255,4320,144404,54,226420
15933,0.004976,172.31.46.0-255,66,144470,54,226420
15934,0.004981,74.125.24.0-255,4320,148790,54,226420
15935,0.004998,74.125.24.0-255,2902,151692,54,226420
15936,0.005003,74.125.24.0-255,3602,155294,54,226420
15937,0.005007,74.125.24.0-255,4320,159614,54,226420
15938,0.005021,172.31.46.0-255,66,159680,54,226420
15939,0.005068,74.125.24.0-255,2902,162582,54,226420
15940,0.005074,172.31.46.0-255,66,162648,54,226420
15941,0.005119,74.125.24.0-255,1484,164132,54,226420
15942,0.005134,74.125.24.0-255,7156,171288,54,226420
15943,0.005147,172.31.46.0-255,66,171354,54,226420
15944,0.005194,74.125.24.0-255,5020,176374,54,226420
15945,0.005233,74.125.24.0-255,1484,177858,54,226420
15946,0.005238,74.125.24.0-255,2902,180760,54,226420
15947,0.005259,74.125.24.0-255,5738,186498,54,226420
15948,0.005289,74.125.24.0-255,2902,189400,54,226420
15949,0.005335,74.125.24.0-255,4320,193720,54,226420
15950,0.005355,74.125.24.0-255,7156,200876,54,226420
15951,0.005358,74.125.24.0-255,1484,202360,54,226420
15952,0.005383,74.125.24.0-255,7156,209516,54,226420
15953,0.005407,74.125.24.0-255,4320,213836,54,226420
15954,0.005449,74.125.24.0-255,1484,215320,54,226420
15955,0.005482,74.125.24.0-255,7156,222476,54,226420
15956,0.005505,74.125.24.0-255,3602,226078,54,226420
15957,0.005579,74.125.24.0-255,105,226183,54,226420
15958,0.008208,172.31.46.0-255,66,226249,54,226420
15959,0.010277,172.31.46.0-255,105,226354,54,226420
15960,0.01287,74.125.24.0-255,66,226420,54,226420
15961,0.0,74.125.24.0-255,153,153,54,332972
15962,2e-05,172.31.46.0-255,66,219,54,332972
15963,2.7e-05,74.125.24.0-255,1484,1703,54,332972
15964,3.2e-05,172.31.46.0-255,66,1769,54,332972
15965,3.7e-05,74.125.24.0-255,2902,4671,54,332972
15966,4e-05,172.31.46.0-255,66,4737,54,332972
15967,4.6e-05,74.125.24.0-255,4320,9057,54,332972
15968,4.9e-05,172.31.46.0-255,66,9123,54,332972
15969,7.2e-05,74.125.24.0-255,2902,12025,54,332972
15970,7.5e-05,172.31.46.0-255,66,12091,54,332972
15971,8.7e-05,74.125.24.0-255,2076,14167,54,332972
15972,8.9e-05,172.31.46.0-255,66,14233,54,332972
15973,0.00018,74.125.24.0-255,1484,15717,54,332972
15974,0.000183,172.31.46.0-255,66,15783,54,332972
15975,0.000188,74.125.24.0-255,2902,18685,54,332972
15976,0.00019,172.31.46.0-255,66,18751,54,332972
15977,0.000194,74.125.24.0-255,2902,21653,54,332972
15978,0.000196,172.31.46.0-255,66,21719,54,332972
15979,0.00022,74.125.24.0-255,2902,24621,54,332972
15980,0.000222,172.31.46.0-255,66,24687,54,332972
15981,0.000227,74.125.24.0-255,4320,29007,54,332972
15982,0.000229,172.31.46.0-255,66,29073,54,332972
15983,0.000242,74.125.24.0-255,2543,31616,54,332972
15984,0.000244,172.31.46.0-255,66,31682,54,332972
15985,0.00026,74.125.24.0-255,5738,37420,54,332972
15986,0.000263,172.31.46.0-255,66,37486,54,332972
15987,0.000286,74.125.24.0-255,1484,38970,54,332972
15988,0.000288,172.31.46.0-255,66,39036,54,332972
15989,0.000299,172.31.46.0-255,66,39102,54,332972
15990,0.000666,74.125.24.0-255,1484,40586,54,332972
15991,0.00067,172.31.46.0-255,66,40652,54,332972
15992,0.000675,74.125.24.0-255,2902,43554,54,332972
15993,0.000677,172.31.46.0-255,66,43620,54,332972
15994,0.000682,74.125.24.0-255,4320,47940,54,332972
15995,0.000684,172.31.46.0-255,66,48006,54,332972
15996,0.000701,74.125.24.0-255,1484,49490,54,332972
15997,0.000731,74.125.24.0-255,2902,52392,54,332972
15998,0.000734,172.31.46.0-255,66,52458,54,332972
15999,0.000756,74.125.24.0-255,4543,57001,54,332972
16000,0.000758,172.31.46.0-255,66,57067,54,332972
16001,0.000774,74.125.24.0-255,4320,61387,54,332972
16002,0.000776,172.31.46.0-255,66,61453,54,332972
16003,0.000797,74.125.24.0-255,4320,65773,54,332972
16004,0.000799,172.31.46.0-255,66,65839,54,332972
16005,0.000804,74.125.24.0-255,4320,70159,54,332972
16006,0.000806,172.31.46.0-255,66,70225,54,332972
16007,0.000847,172.31.46.0-255,66,70291,54,332972
16008,0.000867,74.125.24.0-255,5379,75670,54,332972
16009,0.00087,172.31.46.0-255,66,75736,54,332972
16010,0.000956,74.125.24.0-255,1484,77220,54,332972
16011,0.000967,74.125.24.0-255,1484,78704,54,332972
16012,0.00097,172.31.46.0-255,66,78770,54,332972
16013,0.00099,74.125.24.0-255,1484,80254,54,332972
16014,0.000996,74.125.24.0-255,5738,85992,54,332972
16015,0.000998,172.31.46.0-255,66,86058,54,332972
16016,0.001,74.125.24.0-255,1484,87542,54,332972
16017,0.001018,74.125.24.0-255,4713,92255,54,332972
16018,0.00102,172.31.46.0-255,66,92321,54,332972
16019,0.001205,74.125.24.0-255,1484,93805,54,332972
16020,0.001209,74.125.24.0-255,1484,95289,54,332972
16021,0.001212,172.31.46.0-255,66,95355,54,332972
16022,0.001229,74.125.24.0-255,1484,96839,54,332972
16023,0.001234,74.125.24.0-255,5738,102577,54,332972
16024,0.001236,172.31.46.0-255,66,102643,54,332972
16025,0.001239,74.125.24.0-255,1484,104127,54,332972
16026,0.001262,74.125.24.0-255,6076,110203,54,332972
16027,0.001264,172.31.46.0-255,66,110269,54,332972
16028,0.001364,74.125.24.0-255,1484,111753,54,332972
16029,0.001369,74.125.24.0-255,2902,114655,54,332972
16030,0.001371,172.31.46.0-255,66,114721,54,332972
16031,0.001376,74.125.24.0-255,2902,117623,54,332972
16032,0.001377,172.31.46.0-255,66,117689,54,332972
16033,0.001392,74.125.24.0-255,2902,120591,54,332972
16034,0.001393,172.31.46.0-255,66,120657,54,332972
16035,0.001399,74.125.24.0-255,5738,126395,54,332972
16036,0.0014,172.31.46.0-255,66,126461,54,332972
16037,0.001419,74.125.24.0-255,1484,127945,54,332972
16038,0.001429,172.31.46.0-255,66,128011,54,332972
16039,0.001463,74.125.24.0-255,4320,132331,54,332972
16040,0.001466,172.31.46.0-255,66,132397,54,332972
16041,0.001486,74.125.24.0-255,3602,135999,54,332972
16042,0.001488,172.31.46.0-255,66,136065,54,332972
16043,0.001794,74.125.24.0-255,1484,137549,54,332972
16044,0.001807,74.125.24.0-255,2902,140451,54,332972
16045,0.00181,172.31.46.0-255,66,140517,54,332972
16046,0.001814,74.125.24.0-255,1484,142001,54,332972
16047,0.001827,74.125.24.0-255,1484,143485,54,332972
16048,0.001829,172.31.46.0-255,66,143551,54,332972
16049,0.001848,74.125.24.0-255,2902,146453,54,332972
16050,0.00186,172.31.46.0-255,66,146519,54,332972
16051,0.001862,172.31.46.0-255,66,146585,54,332972
16052,0.00188,74.125.24.0-255,2902,149487,54,332972
16053,0.001883,172.31.46.0-255,66,149553,54,332972
16054,0.001893,172.31.46.0-255,66,149619,54,332972
16055,0.001895,74.125.24.0-255,766,150385,54,332972
16056,0.001924,74.125.24.0-255,1484,151869,54,332972
16057,0.001926,172.31.46.0-255,66,151935,54,332972
16058,0.001929,74.125.24.0-255,1484,153419,54,332972
16059,0.001946,74.125.24.0-255,2902,156321,54,332972
16060,0.001948,172.31.46.0-255,66,156387,54,332972
16061,0.001955,74.125.24.0-255,7156,163543,54,332972
16062,0.001957,172.31.46.0-255,66,163609,54,332972
16063,0.001962,74.125.24.0-255,4320,167929,54,332972
16064,0.001963,172.31.46.0-255,66,167995,54,332972
16065,0.001986,74.125.24.0-255,4320,172315,54,332972
16066,0.001988,172.31.46.0-255,66,172381,54,332972
16067,0.002032,172.31.46.0-255,66,172447,54,332972
16068,0.002042,74.125.24.0-255,2184,174631,54,332972
16069,0.002044,172.31.46.0-255,66,174697,54,332972
16070,0.002064,74.125.24.0-255,1484,176181,54,332972
16071,0.002084,74.125.24.0-255,2902,179083,54,332972
16072,0.002086,172.31.46.0-255,66,179149,54,332972
16073,0.002106,74.125.24.0-255,4320,183469,54,332972
16074,0.002109,172.31.46.0-255,66,183535,54,332972
16075,0.002119,74.125.24.0-255,5738,189273,54,332972
16076,0.002121,172.31.46.0-255,66,189339,54,332972
16077,0.002146,74.125.24.0-255,5738,195077,54,332972
16078,0.002148,172.31.46.0-255,66,195143,54,332972
16079,0.002171,74.125.24.0-255,5738,200881,54,332972
16080,0.002173,172.31.46.0-255,66,200947,54,332972
16081,0.002178,74.125.24.0-255,4320,205267,54,332972
16082,0.00218,172.31.46.0-255,66,205333,54,332972
16083,0.002205,74.125.24.0-255,1484,206817,54,332972
16084,0.002221,74.125.24.0-255,2184,209001,54,332972
16085,0.002223,172.31.46.0-255,66,209067,54,332972
16086,0.002378,74.125.24.0-255,1484,210551,54,332972
16087,0.002394,74.125.24.0-255,2902,213453,54,332972
16088,0.002398,172.31.46.0-255,66,213519,54,332972
16089,0.002423,74.125.24.0-255,5738,219257,54,332972
16090,0.002425,172.31.46.0-255,66,219323,54,332972
16091,0.002456,172.31.46.0-255,66,219389,54,332972
16092,0.002472,74.125.24.0-255,1484,220873,54,332972
16093,0.002477,74.125.24.0-255,4320,225193,54,332972
16094,0.002479,172.31.46.0-255,66,225259,54,332972
16095,0.002501,74.125.24.0-255,5738,230997,54,332972
16096,0.002504,172.31.46.0-255,66,231063,54,332972
16097,0.00252,74.125.24.0-255,2184,233247,54,332972
16098,0.002522,172.31.46.0-255,66,233313,54,332972
16099,0.002525,74.125.24.0-255,1484,234797,54,332972
16100,0.002547,74.125.24.0-255,5738,240535,54,332972
16101,0.00255,172.31.46.0-255,66,240601,54,332972
16102,0.002571,74.125.24.0-255,5738,246339,54,332972
16103,0.002574,172.31.46.0-255,66,246405,54,332972
16104,0.002577,74.125.24.0-255,2902,249307,54,332972
16105,0.00258,172.31.46.0-255,66,249373,54,332972
16106,0.002583,74.125.24.0-255,1484,250857,54,332972
16107,0.002594,74.125.24.0-255,1484,252341,54,332972
16108,0.002596,172.31.46.0-255,66,252407,54,332972
16109,0.002624,74.125.24.0-255,7156,259563,54,332972
16110,0.002627,172.31.46.0-255,66,259629,54,332972
16111,0.002644,74.125.24.0-255,2902,262531,54,332972
16112,0.002647,172.31.46.0-255,66,262597,54,332972
16113,0.002649,74.125.24.0-255,1484,264081,54,332972
16114,0.002653,74.125.24.0-255,3602,267683,54,332972
16115,0.002655,172.31.46.0-255,66,267749,54,332972
16116,0.00276,74.125.24.0-255,1484,269233,54,332972
16117,0.002767,74.125.24.0-255,2902,272135,54,332972
16118,0.00277,172.31.46.0-255,66,272201,54,332972
16119,0.002792,74.125.24.0-255,5738,277939,54,332972
16120,0.002795,172.31.46.0-255,66,278005,54,332972
16121,0.0028,74.125.24.0-255,5738,283743,54,332972
16122,0.002802,172.31.46.0-255,66,283809,54,332972
16123,0.00283,74.125.24.0-255,1484,285293,54,332972
16124,0.002839,74.125.24.0-255,1484,286777,54,332972
16125,0.002842,172.31.46.0-255,66,286843,54,332972
16126,0.00286,74.125.24.0-255,4320,291163,54,332972
16127,0.002863,172.31.46.0-255,66,291229,54,332972
16128,0.00288,74.125.24.0-255,2902,294131,54,332972
16129,0.002882,172.31.46.0-255,66,294197,54,332972
16130,0.002902,74.125.24.0-255,2902,297099,54,332972
16131,0.002904,172.31.46.0-255,66,297165,54,332972
16132,0.002925,74.125.24.0-255,5020,302185,54,332972
16133,0.002928,172.31.46.0-255,66,302251,54,332972
16134,0.002986,74.125.24.0-255,1484,303735,54,332972
16135,0.00299,74.125.24.0-255,1484,305219,54,332972
16136,0.002992,172.31.46.0-255,66,305285,54,332972
16137,0.00301,74.125.24.0-255,1484,306769,54,332972
16138,0.003016,74.125.24.0-255,5738,312507,54,332972
16139,0.003019,172.31.46.0-255,66,312573,54,332972
16140,0.003025,74.125.24.0-255,7156,319729,54,332972
16141,0.003028,172.31.46.0-255,66,319795,54,332972
16142,0.003031,74.125.24.0-255,2902,322697,54,332972
16143,0.003033,172.31.46.0-255,66,322763,54,332972
16144,0.003051,74.125.24.0-255,5738,328501,54,332972
16145,0.003053,172.31.46.0-255,66,328567,54,332972
16146,0.003056,74.125.24.0-255,1484,330051,54,332972
16147,0.003093,172.31.46.0-255,66,330117,54,332972
16148,0.003097,74.125.24.0-255,2447,332564,54,332972
16149,0.003099,172.31.46.0-255,66,332630,54,332972
16150,0.003101,74.125.24.0-255,105,332735,54,332972
16151,0.008084,172.31.46.0-255,66,332801,54,332972
16152,0.008118,172.31.46.0-255,105,332906,54,332972
16153,0.010328,74.125.24.0-255,66,332972,54,332972
16154,0.0,216.58.203.0-255,152,152,54,181506
16155,2.8e-05,172.31.46.0-255,66,218,54,181506
16156,3.6e-05,216.58.203.0-255,1484,1702,54,181506
16157,4e-05,172.31.46.0-255,66,1768,54,181506
16158,5.5e-05,216.58.203.0-255,2902,4670,54,181506
16159,5.9e-05,172.31.46.0-255,66,4736,54,181506
16160,6.6e-05,216.58.203.0-255,5738,10474,54,181506
16161,6.9e-05,172.31.46.0-255,66,10540,54,181506
16162,7.7e-05,216.58.203.0-255,6251,16791,54,181506
16163,8e-05,172.31.46.0-255,66,16857,54,181506
16164,8.5e-05,216.58.203.0-255,2902,19759,54,181506
16165,8.9e-05,172.31.46.0-255,66,19825,54,181506
16166,0.000112,216.58.203.0-255,4320,24145,54,181506
16167,0.000116,172.31.46.0-255,66,24211,54,181506
16168,0.000133,216.58.203.0-255,1484,25695,54,181506
16169,0.00014,172.31.46.0-255,66,25761,54,181506
16170,0.000159,216.58.203.0-255,5379,31140,54,181506
16171,0.000163,172.31.46.0-255,66,31206,54,181506
16172,0.000199,216.58.203.0-255,1484,32690,54,181506
16173,0.000201,172.31.46.0-255,66,32756,54,181506
16174,0.000209,216.58.203.0-255,2902,35658,54,181506
16175,0.000212,172.31.46.0-255,66,35724,54,181506
16176,0.000224,216.58.203.0-255,5738,41462,54,181506
16177,0.000226,172.31.46.0-255,66,41528,54,181506
16178,0.000229,216.58.203.0-255,1484,43012,54,181506
16179,0.000231,172.31.46.0-255,66,43078,54,181506
16180,0.000266,216.58.203.0-255,5379,48457,54,181506
16181,0.000269,172.31.46.0-255,66,48523,54,181506
16182,0.000293,216.58.203.0-255,1484,50007,54,181506
16183,0.000295,172.31.46.0-255,66,50073,54,181506
16184,0.0003,216.58.203.0-255,2902,52975,54,181506
16185,0.000303,172.31.46.0-255,66,53041,54,181506
16186,0.000306,216.58.203.0-255,1484,54525,54,181506
16187,0.000338,216.58.203.0-255,4320,58845,54,181506
16188,0.000347,216.58.203.0-255,6797,65642,54,181506
16189,0.000364,172.31.46.0-255,66,65708,54,181506
16190,0.000407,216.58.203.0-255,355,66063,54,181506
16191,0.000999,216.58.203.0-255,388,66451,54,181506
16192,0.001166,172.31.46.0-255,66,66517,54,181506
16193,0.001225,216.58.203.0-255,1484,68001,54,181506
16194,0.001232,216.58.203.0-255,2902,70903,54,181506
16195,0.001234,172.31.46.0-255,66,70969,54,181506
16196,0.001239,216.58.203.0-255,1484,72453,54,181506
16197,0.001258,216.58.203.0-255,2902,75355,54,181506
16198,0.001261,172.31.46.0-255,66,75421,54,181506
16199,0.001264,216.58.203.0-255,1484,76905,54,181506
16200,0.001334,216.58.203.0-255,2543,79448,54,181506
16201,0.001339,172.31.46.0-255,66,79514,54,181506
16202,0.002973,216.58.203.0-255,5738,85252,54,181506
16203,0.002985,172.31.46.0-255,66,85318,54,181506
16204,0.00461,216.58.203.0-255,5738,91056,54,181506
16205,0.004614,172.31.46.0-255,66,91122,54,181506
16206,0.006258,216.58.203.0-255,5738,96860,54,181506
16207,0.007022,172.31.46.0-255,66,96926,54,181506
16208,0.008662,216.58.203.0-255,5738,102664,54,181506
16209,0.008675,172.31.46.0-255,66,102730,54,181506
16210,0.010313,216.58.203.0-255,5738,108468,54,181506
16211,0.010322,172.31.46.0-255,66,108534,54,181506
16212,0.011952,216.58.203.0-255,5738,114272,54,181506
16213,0.011967,172.31.46.0-255,66,114338,54,181506
16214,0.013604,216.58.203.0-255,5738,120076,54,181506
16215,0.013616,172.31.46.0-255,66,120142,54,181506
16216,0.015249,216.58.203.0-255,5738,125880,54,181506
16217,0.015256,172.31.46.0-255,66,125946,54,181506
16218,0.016876,216.58.203.0-255,5738,131684,54,181506
16219,0.016882,172.31.46.0-255,66,131750,54,181506
16220,0.018509,216.58.203.0-255,5738,137488,54,181506
16221,0.018515,172.31.46.0-255,66,137554,54,181506
16222,0.020139,216.58.203.0-255,5738,143292,54,181506
16223,0.020145,172.31.46.0-255,66,143358,54,181506
16224,0.021775,216.58.203.0-255,5738,149096,54,181506
16225,0.021782,172.31.46.0-255,66,149162,54,181506
16226,0.022687,172.31.46.0-255,172,149334,54,181506
16227,0.022716,172.31.46.0-255,1118,150452,54,181506
16228,0.022756,172.31.46.0-255,1514,151966,54,181506
16229,0.022762,172.31.46.0-255,322,152288,54,181506
16230,0.023403,216.58.203.0-255,5738,158026,54,181506
16231,0.023409,172.31.46.0-255,66,158092,54,181506
16232,0.024226,104.244.42.0-255,66,158158,54,181506
16233,0.024262,104.244.42.0-255,66,158224,54,181506
16234,0.024309,104.244.42.0-255,66,158290,54,181506
16235,0.025025,216.58.203.0-255,5738,164028,54,181506
16236,0.02503,172.31.46.0-255,66,164094,54,181506
16237,0.026664,216.58.203.0-255,5738,169832,54,181506
16238,0.026669,172.31.46.0-255,66,169898,54,181506
16239,0.028293,216.58.203.0-255,5738,175636,54,181506
16240,0.028299,172.31.46.0-255,66,175702,54,181506
16241,0.029927,216.58.203.0-255,5738,181440,54,181506
16242,0.029934,172.31.46.0-255,66,181506,54,181506
16243,0.0,172.217.194.0-255,153,153,54,199792
16244,2.2e-05,172.31.46.0-255,66,219,54,199792
16245,2.9e-05,172.217.194.0-255,1484,1703,54,199792
16246,3.4e-05,172.31.46.0-255,66,1769,54,199792
16247,4e-05,172.217.194.0-255,2902,4671,54,199792
16248,4.4e-05,172.31.46.0-255,66,4737,54,199792
16249,5.2e-05,172.217.194.0-255,7156,11893,54,199792
16250,5.6e-05,172.31.46.0-255,66,11959,54,199792
16251,6e-05,172.217.194.0-255,2103,14062,54,199792
16252,6.3e-05,172.31.46.0-255,66,14128,54,199792
16253,0.00013,172.217.194.0-255,1484,15612,54,199792
16254,0.000133,172.31.46.0-255,66,15678,54,199792
16255,0.000138,172.217.194.0-255,2902,18580,54,199792
16256,0.00014,172.31.46.0-255,66,18646,54,199792
16257,0.000164,172.217.194.0-255,5738,24384,54,199792
16258,0.000167,172.31.46.0-255,66,24450,54,199792
16259,0.000174,172.217.194.0-255,6797,31247,54,199792
16260,0.000176,172.31.46.0-255,66,31313,54,199792
16261,0.000209,172.217.194.0-255,1484,32797,54,199792
16262,0.000211,172.31.46.0-255,66,32863,54,199792
16263,0.000224,172.217.194.0-255,2902,35765,54,199792
16264,0.000226,172.31.46.0-255,66,35831,54,199792
16265,0.000231,172.217.194.0-255,2902,38733,54,199792
16266,0.000233,172.31.46.0-255,66,38799,54,199792
16267,0.000256,172.217.194.0-255,2902,41701,54,199792
16268,0.000259,172.31.46.0-255,66,41767,54,199792
16269,0.000285,172.217.194.0-255,6797,48564,54,199792
16270,0.000288,172.31.46.0-255,66,48630,54,199792
16271,0.001382,172.217.194.0-255,1484,50114,54,199792
16272,0.00139,172.31.46.0-255,66,50180,54,199792
16273,0.0014,172.217.194.0-255,2902,53082,54,199792
16274,0.001403,172.31.46.0-255,66,53148,54,199792
16275,0.00141,172.217.194.0-255,5738,58886,54,199792
16276,0.001412,172.31.46.0-255,66,58952,54,199792
16277,0.00143,172.217.194.0-255,1484,60436,54,199792
16278,0.00145,172.217.194.0-255,5379,65815,54,199792
16279,0.001452,172.31.46.0-255,66,65881,54,199792
16280,0.001493,172.217.194.0-255,7156,73037,54,199792
16281,0.001495,172.31.46.0-255,66,73103,54,199792
16282,0.001503,172.217.194.0-255,7156,80259,54,199792
16283,0.001505,172.31.46.0-255,66,80325,54,199792
16284,0.001519,172.217.194.0-255,1484,81809,54,199792
16285,0.001535,172.217.194.0-255,2902,84711,54,199792
16286,0.001537,172.31.46.0-255,66,84777,54,199792
16287,0.001551,172.217.194.0-255,4320,89097,54,199792
16288,0.001553,172.31.46.0-255,66,89163,54,199792
16289,0.001572,172.217.194.0-255,5379,94542,54,199792
16290,0.001574,172.31.46.0-255,66,94608,54,199792
16291,0.00159,172.217.194.0-255,5962,100570,54,199792
16292,0.001592,172.31.46.0-255,66,100636,54,199792
16293,0.002295,172.217.194.0-255,1484,102120,54,199792
16294,0.0023,172.217.194.0-255,1484,103604,54,199792
16295,0.002303,172.31.46.0-255,66,103670,54,199792
16296,0.002322,172.217.194.0-255,1484,105154,54,199792
16297,0.002328,172.217.194.0-255,5738,110892,54,199792
16298,0.00233,172.31.46.0-255,66,110958,54,199792
16299,0.00235,172.217.194.0-255,7156,118114,54,199792
16300,0.002352,172.31.46.0-255,66,118180,54,199792
16301,0.002371,172.217.194.0-255,5738,123918,54,199792
16302,0.002373,172.31.46.0-255,66,123984,54,199792
16303,0.002377,172.217.194.0-255,2902,126886,54,199792
16304,0.002379,172.31.46.0-255,66,126952,54,199792
16305,0.002409,172.31.46.0-255,66,127018,54,199792
16306,0.002529,172.217.194.0-255,1484,128502,54,199792
16307,0.002552,172.217.194.0-255,2902,131404,54,199792
16308,0.002554,172.31.46.0-255,66,131470,54,199792
16309,0.002558,172.217.194.0-255,2902,134372,54,199792
16310,0.00256,172.31.46.0-255,66,134438,54,199792
16311,0.00258,172.217.194.0-255,2902,137340,54,199792
16312,0.002582,172.31.46.0-255,66,137406,54,199792
16313,0.002593,172.31.46.0-255,66,137472,54,199792
16314,0.005173,172.217.194.0-255,5738,143210,54,199792
16315,0.005179,172.31.46.0-255,66,143276,54,199792
16316,0.007754,172.217.194.0-255,5738,149014,54,199792
16317,0.007761,172.31.46.0-255,66,149080,54,199792
16318,0.010336,172.217.194.0-255,5738,154818,54,199792
16319,0.010344,172.31.46.0-255,66,154884,54,199792
16320,0.012905,172.217.194.0-255,5738,160622,54,199792
16321,0.012913,172.31.46.0-255,66,160688,54,199792
16322,0.015495,172.217.194.0-255,5738,166426,54,199792
16323,0.015505,172.31.46.0-255,66,166492,54,199792
16324,0.018051,172.217.194.0-255,5738,172230,54,199792
16325,0.018058,172.31.46.0-255,66,172296,54,199792
16326,0.020635,172.217.194.0-255,5738,178034,54,199792
16327,0.020643,172.31.46.0-255,66,178100,54,199792
16328,0.023171,172.31.46.0-255,172,178272,54,199792
16329,0.023201,172.31.46.0-255,1119,179391,54,199792
16330,0.023239,172.217.194.0-255,5738,185129,54,199792
16331,0.023243,172.31.46.0-255,66,185195,54,199792
16332,0.023274,172.31.46.0-255,1514,186709,54,199792
16333,0.023275,172.31.46.0-255,1277,187986,54,199792
16334,0.024702,104.244.42.0-255,66,188052,54,199792
16335,0.024729,104.244.42.0-255,66,188118,54,199792
16336,0.024809,104.244.42.0-255,66,188184,54,199792
16337,0.025832,172.217.194.0-255,5738,193922,54,199792
16338,0.025839,172.31.46.0-255,66,193988,54,199792
16339,0.028415,172.217.194.0-255,5738,199726,54,199792
16340,0.028421,172.31.46.0-255,66,199792,54,199792
16341,0.0,74.125.24.0-255,153,153,54,245864
16342,2.2e-05,172.31.46.0-255,66,219,54,245864
16343,3e-05,74.125.24.0-255,1484,1703,54,245864
16344,3.5e-05,172.31.46.0-255,66,1769,54,245864
16345,4.2e-05,74.125.24.0-255,2902,4671,54,245864
16346,4.6e-05,172.31.46.0-255,66,4737,54,245864
16347,5.1e-05,74.125.24.0-255,4320,9057,54,245864
16348,5.4e-05,172.31.46.0-255,66,9123,54,245864
16349,8.9e-05,74.125.24.0-255,2902,12025,54,245864
16350,9.2e-05,172.31.46.0-255,66,12091,54,245864
16351,0.000108,74.125.24.0-255,2039,14130,54,245864
16352,0.000111,172.31.46.0-255,66,14196,54,245864
16353,0.000194,74.125.24.0-255,1484,15680,54,245864
16354,0.000198,172.31.46.0-255,66,15746,54,245864
16355,0.000203,74.125.24.0-255,2902,18648,54,245864
16356,0.000205,172.31.46.0-255,66,18714,54,245864
16357,0.000208,74.125.24.0-255,1484,20198,54,245864
16358,0.00021,172.31.46.0-255,66,20264,54,245864
16359,0.000239,74.125.24.0-255,4320,24584,54,245864
16360,0.000242,172.31.46.0-255,66,24650,54,245864
16361,0.000248,74.125.24.0-255,4320,28970,54,245864
16362,0.000251,172.31.46.0-255,66,29036,54,245864
16363,0.000263,74.125.24.0-255,2543,31579,54,245864
16364,0.000266,172.31.46.0-255,66,31645,54,245864
16365,0.000334,74.125.24.0-255,1484,33129,54,245864
16366,0.000337,172.31.46.0-255,66,33195,54,245864
16367,0.000342,74.125.24.0-255,2902,36097,54,245864
16368,0.000345,172.31.46.0-255,66,36163,54,245864
16369,0.000362,74.125.24.0-255,5738,41901,54,245864
16370,0.000364,172.31.46.0-255,66,41967,54,245864
16371,0.000404,74.125.24.0-255,2902,44869,54,245864
16372,0.000407,172.31.46.0-255,66,44935,54,245864
16373,0.000438,172.31.46.0-255,66,45001,54,245864
16374,0.000467,172.31.46.0-255,66,45067,54,245864
16375,0.000478,74.125.24.0-255,412,45479,54,245864
16376,0.000723,74.125.24.0-255,1484,46963,54,245864
16377,0.000728,172.31.46.0-255,66,47029,54,245864
16378,0.000733,74.125.24.0-255,2902,49931,54,245864
16379,0.000736,172.31.46.0-255,66,49997,54,245864
16380,0.000741,74.125.24.0-255,4320,54317,54,245864
16381,0.000744,172.31.46.0-255,66,54383,54,245864
16382,0.000768,74.125.24.0-255,1484,55867,54,245864
16383,0.000774,74.125.24.0-255,5738,61605,54,245864
16384,0.000797,172.31.46.0-255,66,61671,54,245864
16385,0.0008,172.31.46.0-255,66,61737,54,245864
16386,0.000817,74.125.24.0-255,5020,66757,54,245864
16387,0.000819,172.31.46.0-255,66,66823,54,245864
16388,0.001237,74.125.24.0-255,1484,68307,54,245864
16389,0.001243,74.125.24.0-255,2902,71209,54,245864
16390,0.001247,172.31.46.0-255,66,71275,54,245864
16391,0.00125,74.125.24.0-255,1484,72759,54,245864
16392,0.001272,74.125.24.0-255,4320,77079,54,245864
16393,0.001274,172.31.46.0-255,66,77145,54,245864
16394,0.00128,74.125.24.0-255,5738,82883,54,245864
16395,0.001282,172.31.46.0-255,66,82949,54,245864
16396,0.001306,74.125.24.0-255,1484,84433,54,245864
16397,0.001329,172.31.46.0-255,66,84499,54,245864
16398,0.00135,74.125.24.0-255,4320,88819,54,245864
16399,0.001352,172.31.46.0-255,66,88885,54,245864
16400,0.001355,74.125.24.0-255,766,89651,54,245864
16401,0.0014,74.125.24.0-255,1484,91135,54,245864
16402,0.001403,172.31.46.0-255,66,91201,54,245864
16403,0.001408,74.125.24.0-255,2902,94103,54,245864
16404,0.00141,172.31.46.0-255,66,94169,54,245864
16405,0.001425,74.125.24.0-255,2902,97071,54,245864
16406,0.001428,172.31.46.0-255,66,97137,54,245864
16407,0.001449,74.125.24.0-255,2902,100039,54,245864
16408,0.001452,172.31.46.0-255,66,100105,54,245864
16409,0.001458,74.125.24.0-255,5738,105843,54,245864
16410,0.00146,172.31.46.0-255,66,105909,54,245864
16411,0.001477,74.125.24.0-255,7156,113065,54,245864
16412,0.001479,172.31.46.0-255,66,113131,54,245864
16413,0.001491,172.31.46.0-255,66,113197,54,245864
16414,0.001524,74.125.24.0-255,766,113963,54,245864
16415,0.00167,74.125.24.0-255,1484,115447,54,245864
16416,0.001674,172.31.46.0-255,66,115513,54,245864
16417,0.00168,74.125.24.0-255,2902,118415,54,245864
16418,0.001683,172.31.46.0-255,66,118481,54,245864
16419,0.001714,74.125.24.0-255,5738,124219,54,245864
16420,0.001717,172.31.46.0-255,66,124285,54,245864
16421,0.001733,74.125.24.0-255,7156,131441,54,245864
16422,0.001736,172.31.46.0-255,66,131507,54,245864
16423,0.00176,74.125.24.0-255,1484,132991,54,245864
16424,0.001776,74.125.24.0-255,5020,138011,54,245864
16425,0.001826,172.31.46.0-255,66,138077,54,245864
16426,0.001834,74.125.24.0-255,1484,139561,54,245864
16427,0.001848,74.125.24.0-255,2902,142463,54,245864
16428,0.00185,172.31.46.0-255,66,142529,54,245864
16429,0.001857,74.125.24.0-255,5738,148267,54,245864
16430,0.001859,172.31.46.0-255,66,148333,54,245864
16431,0.001904,74.125.24.0-255,1484,149817,54,245864
16432,0.001919,74.125.24.0-255,2902,152719,54,245864
16433,0.001922,172.31.46.0-255,66,152785,54,245864
16434,0.001927,74.125.24.0-255,2902,155687,54,245864
16435,0.001939,74.125.24.0-255,1484,157171,54,245864
16436,0.001958,172.31.46.0-255,66,157237,54,245864
16437,0.001981,74.125.24.0-255,6438,163675,54,245864
16438,0.002002,172.31.46.0-255,66,163741,54,245864
16439,0.002123,74.125.24.0-255,1484,165225,54,245864
16440,0.002143,74.125.24.0-255,2902,168127,54,245864
16441,0.002146,74.125.24.0-255,1484,169611,54,245864
16442,0.002159,74.125.24.0-255,4320,173931,54,245864
16443,0.00221,74.125.24.0-255,4320,178251,54,245864
16444,0.002217,74.125.24.0-255,7156,185407,54,245864
16445,0.002234,74.125.24.0-255,3602,189009,54,245864
16446,0.002307,74.125.24.0-255,1484,190493,54,245864
16447,0.002313,74.125.24.0-255,2902,193395,54,245864
16448,0.006444,172.31.46.0-255,66,193461,54,245864
16449,0.008814,74.125.24.0-255,5738,199199,54,245864
16450,0.008823,172.31.46.0-255,66,199265,54,245864
16451,0.011136,74.125.24.0-255,5738,205003,54,245864
16452,0.011142,172.31.46.0-255,66,205069,54,245864
16453,0.013493,74.125.24.0-255,5738,210807,54,245864
16454,0.013505,172.31.46.0-255,66,210873,54,245864
16455,0.01586,74.125.24.0-255,5738,216611,54,245864
16456,0.015868,172.31.46.0-255,66,216677,54,245864
16457,0.018192,74.125.24.0-255,5738,222415,54,245864
16458,0.018202,172.31.46.0-255,66,222481,54,245864
16459,0.020572,74.125.24.0-255,5738,228219,54,245864
16460,0.020581,172.31.46.0-255,66,228285,54,245864
16461,0.020695,172.31.46.0-255,101,228386,54,245864
16462,0.022963,74.125.24.0-255,5738,234124,54,245864
16463,0.022973,172.31.46.0-255,66,234190,54,245864
16464,0.022982,74.125.24.0-255,66,234256,54,245864
16465,0.025337,74.125.24.0-255,5738,239994,54,245864
16466,0.025345,172.31.46.0-255,66,240060,54,245864
16467,0.027696,74.125.24.0-255,5738,245798,54,245864
16468,0.027705,172.31.46.0-255,66,245864,54,245864
16469,0.0,74.125.24.0-255,152,152,54,222262
16470,3.6e-05,172.31.46.0-255,66,218,54,222262
16471,4.3e-05,74.125.24.0-255,1484,1702,54,222262
16472,4.8e-05,172.31.46.0-255,66,1768,54,222262
16473,5.9e-05,74.125.24.0-255,2902,4670,54,222262
16474,6.2e-05,172.31.46.0-255,66,4736,54,222262
16475,7e-05,74.125.24.0-255,7156,11892,54,222262
16476,7.3e-05,172.31.46.0-255,66,11958,54,222262
16477,8.1e-05,74.125.24.0-255,7156,19114,54,222262
16478,8.4e-05,172.31.46.0-255,66,19180,54,222262
16479,0.000125,74.125.24.0-255,2044,21224,54,222262
16480,0.000129,172.31.46.0-255,66,21290,54,222262
16481,0.000142,172.31.46.0-255,66,21356,54,222262
16482,0.000201,74.125.24.0-255,1484,22840,54,222262
16483,0.000204,172.31.46.0-255,66,22906,54,222262
16484,0.00021,74.125.24.0-255,2902,25808,54,222262
16485,0.000212,172.31.46.0-255,66,25874,54,222262
16486,0.000233,74.125.24.0-255,2902,28776,54,222262
16487,0.000236,172.31.46.0-255,66,28842,54,222262
16488,0.00026,74.125.24.0-255,1484,30326,54,222262
16489,0.000263,172.31.46.0-255,66,30392,54,222262
16490,0.000298,172.31.46.0-255,66,30458,54,222262
16491,0.000305,74.125.24.0-255,5738,36196,54,222262
16492,0.000308,172.31.46.0-255,66,36262,54,222262
16493,0.000358,172.31.46.0-255,66,36328,54,222262
16494,0.000361,74.125.24.0-255,116,36444,54,222262
16495,0.000365,172.31.46.0-255,66,36510,54,222262
16496,0.000519,74.125.24.0-255,1484,37994,54,222262
16497,0.000524,172.31.46.0-255,66,38060,54,222262
16498,0.00053,74.125.24.0-255,2902,40962,54,222262
16499,0.000532,172.31.46.0-255,66,41028,54,222262
16500,0.000554,74.125.24.0-255,5738,46766,54,222262
16501,0.000562,172.31.46.0-255,66,46832,54,222262
16502,0.000602,172.31.46.0-255,66,46898,54,222262
16503,0.000639,172.31.46.0-255,66,46964,54,222262
16504,0.000677,74.125.24.0-255,1484,48448,54,222262
16505,0.000696,172.31.46.0-255,66,48514,54,222262
16506,0.000704,74.125.24.0-255,7156,55670,54,222262
16507,0.000706,172.31.46.0-255,66,55736,54,222262
16508,0.000746,74.125.24.0-255,4320,60056,54,222262
16509,0.00075,172.31.46.0-255,66,60122,54,222262
16510,0.000765,172.31.46.0-255,66,60188,54,222262
16511,0.000777,172.31.46.0-255,66,60254,54,222262
16512,0.000804,74.125.24.0-255,1484,61738,54,222262
16513,0.000818,172.31.46.0-255,66,61804,54,222262
16514,0.000876,74.125.24.0-255,1484,63288,54,222262
16515,0.000881,74.125.24.0-255,1484,64772,54,222262
16516,0.000886,172.31.46.0-255,66,64838,54,222262
16517,0.000914,74.125.24.0-255,1484,66322,54,222262
16518,0.000921,74.125.24.0-255,5738,72060,54,222262
16519,0.000924,172.31.46.0-255,66,72126,54,222262
16520,0.000962,172.31.46.0-255,66,72192,54,222262
16521,0.000966,74.125.24.0-255,2902,75094,54,222262
16522,0.000969,172.31.46.0-255,66,75160,54,222262
16523,0.001001,172.31.46.0-255,66,75226,54,222262
16524,0.00102,74.125.24.0-255,1484,76710,54,222262
16525,0.001024,74.125.24.0-255,2902,79612,54,222262
16526,0.001027,172.31.46.0-255,66,79678,54,222262
16527,0.001033,74.125.24.0-255,5738,85416,54,222262
16528,0.001035,172.31.46.0-255,66,85482,54,222262
16529,0.001039,74.125.24.0-255,2902,88384,54,222262
16530,0.001041,172.31.46.0-255,66,88450,54,222262
16531,0.001087,172.31.46.0-255,66,88516,54,222262
16532,0.001092,172.31.46.0-255,66,88582,54,222262
16533,0.001094,74.125.24.0-255,766,89348,54,222262
16534,0.001248,74.125.24.0-255,1484,90832,54,222262
16535,0.001252,172.31.46.0-255,66,90898,54,222262
16536,0.001257,74.125.24.0-255,2902,93800,54,222262
16537,0.00126,172.31.46.0-255,66,93866,54,222262
16538,0.001272,74.125.24.0-255,5738,99604,54,222262
16539,0.001276,172.31.46.0-255,66,99670,54,222262
16540,0.00128,74.125.24.0-255,2902,102572,54,222262
16541,0.001282,172.31.46.0-255,66,102638,54,222262
16542,0.001318,172.31.46.0-255,66,102704,54,222262
16543,0.001326,74.125.24.0-255,7156,109860,54,222262
16544,0.001328,172.31.46.0-255,66,109926,54,222262
16545,0.001341,74.125.24.0-255,3602,113528,54,222262
16546,0.001349,172.31.46.0-255,66,113594,54,222262
16547,0.001704,74.125.24.0-255,1484,115078,54,222262
16548,0.001719,74.125.24.0-255,2902,117980,54,222262
16549,0.001723,172.31.46.0-255,66,118046,54,222262
16550,0.001728,74.125.24.0-255,4320,122366,54,222262
16551,0.00173,172.31.46.0-255,66,122432,54,222262
16552,0.001751,74.125.24.0-255,1484,123916,54,222262
16553,0.001758,74.125.24.0-255,7156,131072,54,222262
16554,0.001761,172.31.46.0-255,66,131138,54,222262
16555,0.001776,172.31.46.0-255,66,131204,54,222262
16556,0.00178,74.125.24.0-255,2184,133388,54,222262
16557,0.001783,172.31.46.0-255,66,133454,54,222262
16558,0.001877,74.125.24.0-255,1484,134938,54,222262
16559,0.001883,74.125.24.0-255,2902,137840,54,222262
16560,0.001886,172.31.46.0-255,66,137906,54,222262
16561,0.001918,74.125.24.0-255,5738,143644,54,222262
16562,0.001922,172.31.46.0-255,66,143710,54,222262
16563,0.001926,74.125.24.0-255,2902,146612,54,222262
16564,0.001928,172.31.46.0-255,66,146678,54,222262
16565,0.001961,172.31.46.0-255,66,146744,54,222262
16566,0.001993,172.31.46.0-255,66,146810,54,222262
16567,0.003977,74.125.24.0-255,5738,152548,54,222262
16568,0.003988,172.31.46.0-255,66,152614,54,222262
16569,0.00599,74.125.24.0-255,5738,158352,54,222262
16570,0.005999,172.31.46.0-255,66,158418,54,222262
16571,0.007988,74.125.24.0-255,5738,164156,54,222262
16572,0.007992,172.31.46.0-255,66,164222,54,222262
16573,0.009988,74.125.24.0-255,5738,169960,54,222262
16574,0.009996,172.31.46.0-255,66,170026,54,222262
16575,0.011968,74.125.24.0-255,5738,175764,54,222262
16576,0.011977,172.31.46.0-255,66,175830,54,222262
16577,0.013964,74.125.24.0-255,5738,181568,54,222262
16578,0.013974,172.31.46.0-255,66,181634,54,222262
16579,0.015953,74.125.24.0-255,5738,187372,54,222262
16580,0.015964,172.31.46.0-255,66,187438,54,222262
16581,0.017958,74.125.24.0-255,5738,193176,54,222262
16582,0.017975,172.31.46.0-255,66,193242,54,222262
16583,0.019955,74.125.24.0-255,5738,198980,54,222262
16584,0.019961,172.31.46.0-255,66,199046,54,222262
16585,0.021962,74.125.24.0-255,5738,204784,54,222262
16586,0.021968,172.31.46.0-255,66,204850,54,222262
16587,0.023947,74.125.24.0-255,5738,210588,54,222262
16588,0.023955,172.31.46.0-255,66,210654,54,222262
16589,0.02596,74.125.24.0-255,5738,216392,54,222262
16590,0.025974,172.31.46.0-255,66,216458,54,222262
16591,0.02798,74.125.24.0-255,5738,222196,54,222262
16592,0.027998,172.31.46.0-255,66,222262,54,222262
16593,0.0,172.217.194.0-255,151,151,54,219098
16594,2.2e-05,172.31.46.0-255,66,217,54,219098
16595,2.8e-05,172.217.194.0-255,1484,1701,54,219098
16596,3.3e-05,172.31.46.0-255,66,1767,54,219098
16597,3.8e-05,172.217.194.0-255,2902,4669,54,219098
16598,4.2e-05,172.31.46.0-255,66,4735,54,219098
16599,5e-05,172.217.194.0-255,7156,11891,54,219098
16600,5.4e-05,172.31.46.0-255,66,11957,54,219098
16601,5.8e-05,172.217.194.0-255,1968,13925,54,219098
16602,6.1e-05,172.31.46.0-255,66,13991,54,219098
16603,0.000415,172.217.194.0-255,1484,15475,54,219098
16604,0.000421,172.31.46.0-255,66,15541,54,219098
16605,0.000427,172.217.194.0-255,2902,18443,54,219098
16606,0.000431,172.31.46.0-255,66,18509,54,219098
16607,0.000437,172.217.194.0-255,4320,22829,54,219098
16608,0.000439,172.31.46.0-255,66,22895,54,219098
16609,0.00046,172.217.194.0-255,1484,24379,54,219098
16610,0.000463,172.31.46.0-255,66,24445,54,219098
16611,0.000471,172.217.194.0-255,6797,31242,54,219098
16612,0.000473,172.31.46.0-255,66,31308,54,219098
16613,0.000684,172.217.194.0-255,1484,32792,54,219098
16614,0.000688,172.31.46.0-255,66,32858,54,219098
16615,0.000694,172.217.194.0-255,2902,35760,54,219098
16616,0.000696,172.31.46.0-255,66,35826,54,219098
16617,0.000701,172.217.194.0-255,2902,38728,54,219098
16618,0.000703,172.31.46.0-255,66,38794,54,219098
16619,0.000724,172.217.194.0-255,2902,41696,54,219098
16620,0.000726,172.31.46.0-255,66,41762,54,219098
16621,0.000729,172.217.194.0-255,1484,43246,54,219098
16622,0.000731,172.31.46.0-255,66,43312,54,219098
16623,0.000736,172.217.194.0-255,2902,46214,54,219098
16624,0.000738,172.31.46.0-255,66,46280,54,219098
16625,0.000782,172.217.194.0-255,6797,53077,54,219098
16626,0.000784,172.31.46.0-255,66,53143,54,219098
16627,0.000798,172.31.46.0-255,66,53209,54,219098
16628,0.001065,172.217.194.0-255,649,53858,54,219098
16629,0.001121,172.31.46.0-255,66,53924,54,219098
16630,0.001158,172.217.194.0-255,1484,55408,54,219098
16631,0.001174,172.217.194.0-255,2902,58310,54,219098
16632,0.001177,172.31.46.0-255,66,58376,54,219098
16633,0.001199,172.217.194.0-255,5738,64114,54,219098
16634,0.001202,172.31.46.0-255,66,64180,54,219098
16635,0.001224,172.217.194.0-255,7156,71336,54,219098
16636,0.001227,172.31.46.0-255,66,71402,54,219098
16637,0.001243,172.217.194.0-255,5738,77140,54,219098
16638,0.001245,172.31.46.0-255,66,77206,54,219098
16639,0.001273,172.217.194.0-255,4320,81526,54,219098
16640,0.001276,172.31.46.0-255,66,81592,54,219098
16641,0.001291,172.217.194.0-255,6438,88030,54,219098
16642,0.001294,172.31.46.0-255,66,88096,54,219098
16643,0.001299,172.217.194.0-255,2902,90998,54,219098
16644,0.001301,172.31.46.0-255,66,91064,54,219098
16645,0.001336,172.31.46.0-255,66,91130,54,219098
16646,0.001346,172.31.46.0-255,66,91196,54,219098
16647,0.001377,172.217.194.0-255,2902,94098,54,219098
16648,0.001379,172.31.46.0-255,66,94164,54,219098
16649,0.00141,172.31.46.0-255,66,94230,54,219098
16650,0.001414,172.217.194.0-255,1484,95714,54,219098
16651,0.001437,172.31.46.0-255,66,95780,54,219098
16652,0.001457,172.217.194.0-255,1484,97264,54,219098
16653,0.001474,172.31.46.0-255,66,97330,54,219098
16654,0.001479,172.217.194.0-255,3602,100932,54,219098
16655,0.001481,172.31.46.0-255,66,100998,54,219098
16656,0.001526,172.217.194.0-255,4320,105318,54,219098
16657,0.00153,172.31.46.0-255,66,105384,54,219098
16658,0.001552,172.217.194.0-255,5738,111122,54,219098
16659,0.001582,172.217.194.0-255,7156,118278,54,219098
16660,0.001586,172.31.46.0-255,66,118344,54,219098
16661,0.001591,172.31.46.0-255,66,118410,54,219098
16662,0.001622,172.217.194.0-255,2902,121312,54,219098
16663,0.001635,172.217.194.0-255,2184,123496,54,219098
16664,0.001646,172.31.46.0-255,66,123562,54,219098
16665,0.001764,172.217.194.0-255,1484,125046,54,219098
16666,0.001803,172.217.194.0-255,2902,127948,54,219098
16667,0.001807,172.31.46.0-255,66,128014,54,219098
16668,0.001814,172.217.194.0-255,5738,133752,54,219098
16669,0.001829,172.217.194.0-255,4320,138072,54,219098
16670,0.001837,172.31.46.0-255,66,138138,54,219098
16671,0.001868,172.217.194.0-255,1484,139622,54,219098
16672,0.001909,172.31.46.0-255,66,139688,54,219098
16673,0.002028,172.217.194.0-255,1484,141172,54,219098
16674,0.002033,172.217.194.0-255,1484,142656,54,219098
16675,0.002036,172.31.46.0-255,66,142722,54,219098
16676,0.00394,172.217.194.0-255,2902,145624,54,219098
16677,0.003947,172.31.46.0-255,66,145690,54,219098
16678,0.004023,172.217.194.0-255,2902,148592,54,219098
16679,0.004026,172.31.46.0-255,66,148658,54,219098
16680,0.005972,172.217.194.0-255,2902,151560,54,219098
16681,0.005976,172.31.46.0-255,66,151626,54,219098
16682,0.006028,172.217.194.0-255,1484,153110,54,219098
16683,0.006041,172.217.194.0-255,1484,154594,54,219098
16684,0.006044,172.31.46.0-255,66,154660,54,219098
16685,0.008054,172.217.194.0-255,2902,157562,54,219098
16686,0.008057,172.31.46.0-255,66,157628,54,219098
16687,0.008086,172.217.194.0-255,1484,159112,54,219098
16688,0.008102,172.217.194.0-255,1484,160596,54,219098
16689,0.008104,172.31.46.0-255,66,160662,54,219098
16690,0.010072,172.217.194.0-255,2902,163564,54,219098
16691,0.010078,172.31.46.0-255,66,163630,54,219098
16692,0.010108,172.217.194.0-255,2902,166532,54,219098
16693,0.010111,172.31.46.0-255,66,166598,54,219098
16694,0.012088,172.217.194.0-255,2902,169500,54,219098
16695,0.012098,172.31.46.0-255,66,169566,54,219098
16696,0.012121,172.217.194.0-255,2902,172468,54,219098
16697,0.012123,172.31.46.0-255,66,172534,54,219098
16698,0.014104,172.217.194.0-255,2902,175436,54,219098
16699,0.014112,172.31.46.0-255,66,175502,54,219098
16700,0.014129,172.217.194.0-255,2902,178404,54,219098
16701,0.014132,172.31.46.0-255,66,178470,54,219098
16702,0.016145,172.217.194.0-255,5738,184208,54,219098
16703,0.016152,172.31.46.0-255,66,184274,54,219098
16704,0.018165,172.217.194.0-255,5738,190012,54,219098
16705,0.018174,172.31.46.0-255,66,190078,54,219098
16706,0.020196,172.217.194.0-255,5738,195816,54,219098
16707,0.020221,172.31.46.0-255,66,195882,54,219098
16708,0.022236,172.217.194.0-255,5738,201620,54,219098
16709,0.022243,172.31.46.0-255,66,201686,54,219098
16710,0.024241,172.217.194.0-255,5738,207424,54,219098
16711,0.024248,172.31.46.0-255,66,207490,54,219098
16712,0.026252,172.217.194.0-255,5738,213228,54,219098
16713,0.02626,172.31.46.0-255,66,213294,54,219098
16714,0.028288,172.217.194.0-255,5738,219032,54,219098
16715,0.028295,172.31.46.0-255,66,219098,54,219098
16716,0.0,172.217.194.0-255,152,152,54,206671
16717,2e-05,172.31.46.0-255,66,218,54,206671
16718,2.7e-05,172.217.194.0-255,1484,1702,54,206671
16719,3.3e-05,172.31.46.0-255,66,1768,54,206671
16720,4e-05,172.217.194.0-255,2902,4670,54,206671
16721,4.3e-05,172.31.46.0-255,66,4736,54,206671
16722,5.1e-05,172.217.194.0-255,7156,11892,54,206671
16723,5.4e-05,172.31.46.0-255,66,11958,54,206671
16724,6.6e-05,172.31.46.0-255,66,12024,54,206671
16725,9e-05,172.217.194.0-255,2004,14028,54,206671
16726,9.2e-05,172.31.46.0-255,66,14094,54,206671
16727,9.8e-05,172.217.194.0-255,4320,18414,54,206671
16728,0.0001,172.31.46.0-255,66,18480,54,206671
16729,0.000126,172.217.194.0-255,3961,22441,54,206671
16730,0.000128,172.31.46.0-255,66,22507,54,206671
16731,0.000157,172.217.194.0-255,4320,26827,54,206671
16732,0.00016,172.31.46.0-255,66,26893,54,206671
16733,0.000176,172.217.194.0-255,4320,31213,54,206671
16734,0.000179,172.31.46.0-255,66,31279,54,206671
16735,0.000191,172.31.46.0-255,66,31345,54,206671
16736,0.000236,172.31.46.0-255,66,31411,54,206671
16737,0.000268,172.31.46.0-255,66,31477,54,206671
16738,0.000279,172.31.46.0-255,66,31543,54,206671
16739,0.000281,172.217.194.0-255,577,32120,54,206671
16740,0.000284,172.31.46.0-255,66,32186,54,206671
16741,0.000624,172.217.194.0-255,1484,33670,54,206671
16742,0.00063,172.31.46.0-255,66,33736,54,206671
16743,0.000636,172.217.194.0-255,2902,36638,54,206671
16744,0.000638,172.31.46.0-255,66,36704,54,206671
16745,0.000642,172.217.194.0-255,1484,38188,54,206671
16746,0.000658,172.217.194.0-255,4320,42508,54,206671
16747,0.000661,172.31.46.0-255,66,42574,54,206671
16748,0.000667,172.217.194.0-255,4320,46894,54,206671
16749,0.000669,172.31.46.0-255,66,46960,54,206671
16750,0.000694,172.217.194.0-255,2543,49503,54,206671
16751,0.000699,172.31.46.0-255,66,49569,54,206671
16752,0.000754,172.217.194.0-255,1484,51053,54,206671
16753,0.000759,172.217.194.0-255,2902,53955,54,206671
16754,0.000762,172.31.46.0-255,66,54021,54,206671
16755,0.000786,172.217.194.0-255,5738,59759,54,206671
16756,0.00079,172.31.46.0-255,66,59825,54,206671
16757,0.000793,172.217.194.0-255,1484,61309,54,206671
16758,0.000823,172.31.46.0-255,66,61375,54,206671
16759,0.000834,172.31.46.0-255,66,61441,54,206671
16760,0.000857,172.217.194.0-255,766,62207,54,206671
16761,0.001521,172.217.194.0-255,1484,63691,54,206671
16762,0.001526,172.31.46.0-255,66,63757,54,206671
16763,0.001532,172.217.194.0-255,2902,66659,54,206671
16764,0.001534,172.31.46.0-255,66,66725,54,206671
16765,0.001538,172.217.194.0-255,2902,69627,54,206671
16766,0.001541,172.31.46.0-255,66,69693,54,206671
16767,0.001563,172.217.194.0-255,2902,72595,54,206671
16768,0.001565,172.217.194.0-255,1484,74079,54,206671
16769,0.001569,172.31.46.0-255,66,74145,54,206671
16770,0.00158,172.217.194.0-255,4320,78465,54,206671
16771,0.001582,172.31.46.0-255,66,78531,54,206671
16772,0.00161,172.217.194.0-255,7156,85687,54,206671
16773,0.001612,172.31.46.0-255,66,85753,54,206671
16774,0.00162,172.217.194.0-255,7156,92909,54,206671
16775,0.001622,172.31.46.0-255,66,92975,54,206671
16776,0.001647,172.217.194.0-255,3602,96577,54,206671
16777,0.00165,172.31.46.0-255,66,96643,54,206671
16778,0.002023,172.217.194.0-255,1484,98127,54,206671
16779,0.002028,172.217.194.0-255,2902,101029,54,206671
16780,0.002031,172.31.46.0-255,66,101095,54,206671
16781,0.002061,172.217.194.0-255,1484,102579,54,206671
16782,0.002075,172.217.194.0-255,1484,104063,54,206671
16783,0.002077,172.31.46.0-255,66,104129,54,206671
16784,0.002084,172.217.194.0-255,7156,111285,54,206671
16785,0.002086,172.31.46.0-255,66,111351,54,206671
16786,0.002089,172.217.194.0-255,1484,112835,54,206671
16787,0.002122,172.31.46.0-255,66,112901,54,206671
16788,0.002127,172.217.194.0-255,3602,116503,54,206671
16789,0.00213,172.31.46.0-255,66,116569,54,206671
16790,0.002334,172.217.194.0-255,1484,118053,54,206671
16791,0.00234,172.217.194.0-255,2902,120955,54,206671
16792,0.002343,172.31.46.0-255,66,121021,54,206671
16793,0.002374,172.217.194.0-255,5738,126759,54,206671
16794,0.002377,172.31.46.0-255,66,126825,54,206671
16795,0.00238,172.217.194.0-255,1484,128309,54,206671
16796,0.002391,172.31.46.0-255,66,128375,54,206671
16797,0.002419,172.217.194.0-255,5738,134113,54,206671
16798,0.002421,172.31.46.0-255,66,134179,54,206671
16799,0.00245,172.31.46.0-255,66,134245,54,206671
16800,0.002469,172.217.194.0-255,1484,135729,54,206671
16801,0.002489,172.217.194.0-255,2902,138631,54,206671
16802,0.002491,172.31.46.0-255,66,138697,54,206671
16803,0.002498,172.217.194.0-255,5738,144435,54,206671
16804,0.0025,172.31.46.0-255,66,144501,54,206671
16805,0.002547,172.31.46.0-255,66,144567,54,206671
16806,0.002572,172.217.194.0-255,4320,148887,54,206671
16807,0.002574,172.31.46.0-255,66,148953,54,206671
16808,0.002585,172.31.46.0-255,66,149019,54,206671
16809,0.002587,172.217.194.0-255,766,149785,54,206671
16810,0.003115,172.31.46.0-255,66,149851,54,206671
16811,0.005182,172.217.194.0-255,4320,154171,54,206671
16812,0.005191,172.31.46.0-255,66,154237,54,206671
16813,0.005699,172.217.194.0-255,1484,155721,54,206671
16814,0.007759,172.217.194.0-255,4320,160041,54,206671
16815,0.007765,172.31.46.0-255,66,160107,54,206671
16816,0.010375,172.217.194.0-255,5738,165845,54,206671
16817,0.010384,172.31.46.0-255,66,165911,54,206671
16818,0.013005,172.217.194.0-255,5738,171649,54,206671
16819,0.013016,172.31.46.0-255,66,171715,54,206671
16820,0.015671,172.217.194.0-255,5738,177453,54,206671
16821,0.015684,172.31.46.0-255,66,177519,54,206671
16822,0.018306,172.217.194.0-255,5738,183257,54,206671
16823,0.018321,172.31.46.0-255,66,183323,54,206671
16824,0.020923,172.217.194.0-255,5738,189061,54,206671
16825,0.020931,172.31.46.0-255,66,189127,54,206671
16826,0.023512,172.217.194.0-255,5738,194865,54,206671
16827,0.02352,172.31.46.0-255,66,194931,54,206671
16828,0.026123,172.217.194.0-255,2902,197833,54,206671
16829,0.02613,172.31.46.0-255,66,197899,54,206671
16830,0.026151,172.217.194.0-255,2902,200801,54,206671
16831,0.026153,172.31.46.0-255,66,200867,54,206671
16832,0.02878,172.217.194.0-255,5738,206605,54,206671
16833,0.028787,172.31.46.0-255,66,206671,54,206671
16834,0.0,74.125.130.0-255,152,152,54,264076
16835,1.6e-05,172.31.46.0-255,66,218,54,264076
16836,3.9e-05,74.125.130.0-255,1484,1702,54,264076
16837,4.3e-05,172.31.46.0-255,66,1768,54,264076
16838,4.7e-05,74.125.130.0-255,1484,3252,54,264076
16839,5e-05,172.31.46.0-255,66,3318,54,264076
16840,7.4e-05,74.125.130.0-255,1484,4802,54,264076
16841,7.6e-05,172.31.46.0-255,66,4868,54,264076
16842,8.3e-05,74.125.130.0-255,4320,9188,54,264076
16843,8.5e-05,172.31.46.0-255,66,9254,54,264076
16844,0.000101,74.125.130.0-255,1484,10738,54,264076
16845,0.000103,172.31.46.0-255,66,10804,54,264076
16846,0.000146,74.125.130.0-255,5738,16542,54,264076
16847,0.000148,172.31.46.0-255,66,16608,54,264076
16848,0.000164,74.125.130.0-255,699,17307,54,264076
16849,0.000166,172.31.46.0-255,66,17373,54,264076
16850,0.000169,74.125.130.0-255,1484,18857,54,264076
16851,0.000171,172.31.46.0-255,66,18923,54,264076
16852,0.000197,74.125.130.0-255,5738,24661,54,264076
16853,0.000199,172.31.46.0-255,66,24727,54,264076
16854,0.000218,74.125.130.0-255,1484,26211,54,264076
16855,0.00022,172.31.46.0-255,66,26277,54,264076
16856,0.000222,74.125.130.0-255,1484,27761,54,264076
16857,0.000225,172.31.46.0-255,66,27827,54,264076
16858,0.000244,74.125.130.0-255,2902,30729,54,264076
16859,0.000246,172.31.46.0-255,66,30795,54,264076
16860,0.000284,74.125.130.0-255,1125,31920,54,264076
16861,0.000286,172.31.46.0-255,66,31986,54,264076
16862,0.000437,74.125.130.0-255,1484,33470,54,264076
16863,0.00044,172.31.46.0-255,66,33536,54,264076
16864,0.000479,74.125.130.0-255,2902,36438,54,264076
16865,0.000482,172.31.46.0-255,66,36504,54,264076
16866,0.000489,74.125.130.0-255,5738,42242,54,264076
16867,0.000493,172.31.46.0-255,66,42308,54,264076
16868,0.000523,74.125.130.0-255,4320,46628,54,264076
16869,0.000526,172.31.46.0-255,66,46694,54,264076
16870,0.000545,74.125.130.0-255,2902,49596,54,264076
16871,0.000548,172.31.46.0-255,66,49662,54,264076
16872,0.000564,74.125.130.0-255,1484,51146,54,264076
16873,0.000581,74.125.130.0-255,2902,54048,54,264076
16874,0.000585,172.31.46.0-255,66,54114,54,264076
16875,0.000592,74.125.130.0-255,5738,59852,54,264076
16876,0.000595,172.31.46.0-255,66,59918,54,264076
16877,0.000633,74.125.130.0-255,6438,66356,54,264076
16878,0.000636,172.31.46.0-255,66,66422,54,264076
16879,0.000639,74.125.130.0-255,343,66765,54,264076
16880,0.000721,74.125.130.0-255,120,66885,54,264076
16881,0.000907,74.125.130.0-255,1484,68369,54,264076
16882,0.000912,172.31.46.0-255,66,68435,54,264076
16883,0.000918,74.125.130.0-255,2902,71337,54,264076
16884,0.00092,172.31.46.0-255,66,71403,54,264076
16885,0.000943,74.125.130.0-255,5738,77141,54,264076
16886,0.000945,172.31.46.0-255,66,77207,54,264076
16887,0.000966,74.125.130.0-255,5738,82945,54,264076
16888,0.000969,172.31.46.0-255,66,83011,54,264076
16889,0.000985,74.125.130.0-255,1484,84495,54,264076
16890,0.001022,172.31.46.0-255,66,84561,54,264076
16891,0.001053,74.125.130.0-255,2184,86745,54,264076
16892,0.001056,172.31.46.0-255,66,86811,54,264076
16893,0.001136,74.125.130.0-255,1484,88295,54,264076
16894,0.001153,74.125.130.0-255,2902,91197,54,264076
16895,0.001156,172.31.46.0-255,66,91263,54,264076
16896,0.001174,74.125.130.0-255,4320,95583,54,264076
16897,0.001177,172.31.46.0-255,66,95649,54,264076
16898,0.001198,74.125.130.0-255,1484,97133,54,264076
16899,0.001205,74.125.130.0-255,4320,101453,54,264076
16900,0.001207,172.31.46.0-255,66,101519,54,264076
16901,0.001214,74.125.130.0-255,5738,107257,54,264076
16902,0.001216,172.31.46.0-255,66,107323,54,264076
16903,0.001257,172.31.46.0-255,66,107389,54,264076
16904,0.001261,74.125.130.0-255,2184,109573,54,264076
16905,0.001264,172.31.46.0-255,66,109639,54,264076
16906,0.001389,74.125.130.0-255,1484,111123,54,264076
16907,0.001403,74.125.130.0-255,2902,114025,54,264076
16908,0.001406,172.31.46.0-255,66,114091,54,264076
16909,0.001428,74.125.130.0-255,5738,119829,54,264076
16910,0.001434,172.31.46.0-255,66,119895,54,264076
16911,0.001452,74.125.130.0-255,2902,122797,54,264076
16912,0.00147,74.125.130.0-255,4320,127117,54,264076
16913,0.001477,172.31.46.0-255,66,127183,54,264076
16914,0.001489,74.125.130.0-255,5738,132921,54,264076
16915,0.001491,74.125.130.0-255,1484,134405,54,264076
16916,0.001504,74.125.130.0-255,2902,137307,54,264076
16917,0.001522,172.31.46.0-255,66,137373,54,264076
16918,0.001536,74.125.130.0-255,4320,141693,54,264076
16919,0.001538,172.31.46.0-255,66,141759,54,264076
16920,0.001555,74.125.130.0-255,2184,143943,54,264076
16921,0.001558,74.125.130.0-255,377,144320,54,264076
16922,0.001581,172.31.46.0-255,66,144386,54,264076
16923,0.00174,74.125.130.0-255,1484,145870,54,264076
16924,0.001759,74.125.130.0-255,2902,148772,54,264076
16925,0.001762,172.31.46.0-255,66,148838,54,264076
16926,0.001782,74.125.130.0-255,2902,151740,54,264076
16927,0.001793,74.125.130.0-255,1484,153224,54,264076
16928,0.001804,172.31.46.0-255,66,153290,54,264076
16929,0.001817,74.125.130.0-255,2902,156192,54,264076
16930,0.00183,74.125.130.0-255,1484,157676,54,264076
16931,0.001849,74.125.130.0-255,4320,161996,54,264076
16932,0.001852,172.31.46.0-255,66,162062,54,264076
16933,0.001861,74.125.130.0-255,1484,163546,54,264076
16934,0.001863,172.31.46.0-255,66,163612,54,264076
16935,0.001887,74.125.130.0-255,4320,167932,54,264076
16936,0.001899,172.31.46.0-255,66,167998,54,264076
16937,0.001909,74.125.130.0-255,5738,173736,54,264076
16938,0.001914,172.31.46.0-255,66,173802,54,264076
16939,0.001925,74.125.130.0-255,5020,178822,54,264076
16940,0.001946,172.31.46.0-255,66,178888,54,264076
16941,0.002027,74.125.130.0-255,1484,180372,54,264076
16942,0.002033,74.125.130.0-255,2902,183274,54,264076
16943,0.002036,172.31.46.0-255,66,183340,54,264076
16944,0.002054,74.125.130.0-255,2902,186242,54,264076
16945,0.002059,172.31.46.0-255,66,186308,54,264076
16946,0.002079,74.125.130.0-255,2902,189210,54,264076
16947,0.002084,74.125.130.0-255,4320,193530,54,264076
16948,0.002119,172.31.46.0-255,66,193596,54,264076
16949,0.002138,74.125.130.0-255,5738,199334,54,264076
16950,0.002153,74.125.130.0-255,2184,201518,54,264076
16951,0.00217,172.31.46.0-255,66,201584,54,264076
16952,0.004484,74.125.130.0-255,5738,207322,54,264076
16953,0.004494,172.31.46.0-255,66,207388,54,264076
16954,0.006806,74.125.130.0-255,4320,211708,54,264076
16955,0.00681,172.31.46.0-255,66,211774,54,264076
16956,0.006823,74.125.130.0-255,1484,213258,54,264076
16957,0.009125,74.125.130.0-255,4320,217578,54,264076
16958,0.009132,172.31.46.0-255,66,217644,54,264076
16959,0.011444,74.125.130.0-255,5738,223382,54,264076
16960,0.011454,172.31.46.0-255,66,223448,54,264076
16961,0.013793,74.125.130.0-255,5738,229186,54,264076
16962,0.013807,172.31.46.0-255,66,229252,54,264076
16963,0.016118,74.125.130.0-255,5738,234990,54,264076
16964,0.016138,172.31.46.0-255,66,235056,54,264076
16965,0.018463,74.125.130.0-255,5738,240794,54,264076
16966,0.018473,172.31.46.0-255,66,240860,54,264076
16967,0.020795,74.125.130.0-255,5738,246598,54,264076
16968,0.020814,172.31.46.0-255,66,246664,54,264076
16969,0.023141,74.125.130.0-255,5738,252402,54,264076
16970,0.02315,172.31.46.0-255,66,252468,54,264076
16971,0.025472,74.125.130.0-255,5738,258206,54,264076
16972,0.025481,172.31.46.0-255,66,258272,54,264076
16973,0.027804,74.125.130.0-255,5738,264010,54,264076
16974,0.027814,172.31.46.0-255,66,264076,54,264076
16975,0.0,172.217.194.0-255,152,152,54,178025
16976,1.5e-05,172.31.46.0-255,66,218,54,178025
16977,2.2e-05,172.217.194.0-255,1484,1702,54,178025
16978,2.6e-05,172.31.46.0-255,66,1768,54,178025
16979,3.2e-05,172.217.194.0-255,2902,4670,54,178025
16980,3.4e-05,172.31.46.0-255,66,4736,54,178025
16981,4.2e-05,172.217.194.0-255,7156,11892,54,178025
16982,4.5e-05,172.31.46.0-255,66,11958,54,178025
16983,4.8e-05,172.217.194.0-255,1484,13442,54,178025
16984,5e-05,172.31.46.0-255,66,13508,54,178025
16985,6.9e-05,172.217.194.0-255,683,14191,54,178025
16986,7.2e-05,172.31.46.0-255,66,14257,54,178025
16987,0.000144,172.217.194.0-255,1484,15741,54,178025
16988,0.000146,172.31.46.0-255,66,15807,54,178025
16989,0.000152,172.217.194.0-255,2902,18709,54,178025
16990,0.000154,172.31.46.0-255,66,18775,54,178025
16991,0.000161,172.217.194.0-255,5738,24513,54,178025
16992,0.000164,172.31.46.0-255,66,24579,54,178025
16993,0.000225,172.31.46.0-255,66,24645,54,178025
16994,0.000242,172.217.194.0-255,2543,27188,54,178025
16995,0.000245,172.31.46.0-255,66,27254,54,178025
16996,0.000257,172.31.46.0-255,66,27320,54,178025
16997,0.000732,172.217.194.0-255,1484,28804,54,178025
16998,0.000738,172.31.46.0-255,66,28870,54,178025
16999,0.000744,172.217.194.0-255,2902,31772,54,178025
17000,0.000747,172.31.46.0-255,66,31838,54,178025
17001,0.000753,172.217.194.0-255,4320,36158,54,178025
17002,0.000755,172.31.46.0-255,66,36224,54,178025
17003,0.000772,172.217.194.0-255,1484,37708,54,178025
17004,0.000775,172.31.46.0-255,66,37774,54,178025
17005,0.000797,172.217.194.0-255,1484,39258,54,178025
17006,0.000816,172.217.194.0-255,5989,45247,54,178025
17007,0.000819,172.31.46.0-255,66,45313,54,178025
17008,0.001234,172.217.194.0-255,1484,46797,54,178025
17009,0.001244,172.217.194.0-255,2902,49699,54,178025
17010,0.001249,172.31.46.0-255,66,49765,54,178025
17011,0.001258,172.217.194.0-255,5738,55503,54,178025
17012,0.00126,172.31.46.0-255,66,55569,54,178025
17013,0.001305,172.31.46.0-255,66,55635,54,178025
17014,0.001308,172.217.194.0-255,1484,57119,54,178025
17015,0.001337,172.31.46.0-255,66,57185,54,178025
17016,0.002136,172.217.194.0-255,1484,58669,54,178025
17017,0.002153,172.217.194.0-255,2902,61571,54,178025
17018,0.002157,172.31.46.0-255,66,61637,54,178025
17019,0.002164,172.217.194.0-255,4320,65957,54,178025
17020,0.002166,172.31.46.0-255,66,66023,54,178025
17021,0.002181,172.217.194.0-255,1484,67507,54,178025
17022,0.002187,172.217.194.0-255,4320,71827,54,178025
17023,0.002189,172.31.46.0-255,66,71893,54,178025
17024,0.002219,172.31.46.0-255,66,71959,54,178025
17025,0.002238,172.217.194.0-255,5738,77697,54,178025
17026,0.002241,172.31.46.0-255,66,77763,54,178025
17027,0.002245,172.217.194.0-255,3602,81365,54,178025
17028,0.002248,172.31.46.0-255,66,81431,54,178025
17029,0.002509,172.217.194.0-255,1484,82915,54,178025
17030,0.002523,172.217.194.0-255,2902,85817,54,178025
17031,0.002526,172.31.46.0-255,66,85883,54,178025
17032,0.002547,172.217.194.0-255,5738,91621,54,178025
17033,0.00255,172.31.46.0-255,66,91687,54,178025
17034,0.002555,172.217.194.0-255,4320,96007,54,178025
17035,0.002558,172.31.46.0-255,66,96073,54,178025
17036,0.002579,172.217.194.0-255,5738,101811,54,178025
17037,0.002582,172.31.46.0-255,66,101877,54,178025
17038,0.002606,172.31.46.0-255,66,101943,54,178025
17039,0.00261,172.217.194.0-255,2184,104127,54,178025
17040,0.002612,172.31.46.0-255,66,104193,54,178025
17041,0.002619,172.217.194.0-255,5738,109931,54,178025
17042,0.002622,172.31.46.0-255,66,109997,54,178025
17043,0.002655,172.217.194.0-255,4320,114317,54,178025
17044,0.002658,172.31.46.0-255,66,114383,54,178025
17045,0.002693,172.31.46.0-255,66,114449,54,178025
17046,0.002695,172.217.194.0-255,1484,115933,54,178025
17047,0.002713,172.217.194.0-255,2184,118117,54,178025
17048,0.002716,172.31.46.0-255,66,118183,54,178025
17049,0.002721,172.217.194.0-255,4320,122503,54,178025
17050,0.002724,172.31.46.0-255,66,122569,54,178025
17051,0.002739,172.217.194.0-255,5738,128307,54,178025
17052,0.002741,172.31.46.0-255,66,128373,54,178025
17053,0.00277,172.217.194.0-255,4320,132693,54,178025
17054,0.002772,172.31.46.0-255,66,132759,54,178025
17055,0.002777,172.217.194.0-255,4320,137079,54,178025
17056,0.002779,172.31.46.0-255,66,137145,54,178025
17057,0.002782,172.217.194.0-255,1484,138629,54,178025
17058,0.002849,172.31.46.0-255,66,138695,54,178025
17059,0.002852,172.217.194.0-255,1484,140179,54,178025
17060,0.002855,172.217.194.0-255,1484,141663,54,178025
17061,0.002857,172.31.46.0-255,66,141729,54,178025
17062,0.002871,172.31.46.0-255,66,141795,54,178025
17063,0.002895,172.217.194.0-255,2902,144697,54,178025
17064,0.002898,172.31.46.0-255,66,144763,54,178025
17065,0.002909,172.31.46.0-255,66,144829,54,178025
17066,0.002916,172.217.194.0-255,7156,151985,54,178025
17067,0.002919,172.31.46.0-255,66,152051,54,178025
17068,0.002962,172.31.46.0-255,66,152117,54,178025
17069,0.002968,172.217.194.0-255,5738,157855,54,178025
17070,0.00297,172.31.46.0-255,66,157921,54,178025
17071,0.003003,172.31.46.0-255,66,157987,54,178025
17072,0.003032,172.217.194.0-255,2184,160171,54,178025
17073,0.003035,172.31.46.0-255,66,160237,54,178025
17074,0.003054,172.31.46.0-255,66,160303,54,178025
17075,0.003073,172.217.194.0-255,6438,166741,54,178025
17076,0.003075,172.31.46.0-255,66,166807,54,178025
17077,0.003086,172.31.46.0-255,66,166873,54,178025
17078,0.003114,172.31.46.0-255,66,166939,54,178025
17079,0.003121,172.217.194.0-255,7156,174095,54,178025
17080,0.003123,172.31.46.0-255,66,174161,54,178025
17081,0.003159,172.31.46.0-255,66,174227,54,178025
17082,0.003171,172.31.46.0-255,66,174293,54,178025
17083,0.003211,172.31.46.0-255,66,174359,54,178025
17084,0.003214,172.217.194.0-255,105,174464,54,178025
17085,0.007948,172.31.46.0-255,66,174530,54,178025
17086,0.00798,172.31.46.0-255,105,174635,54,178025
17087,0.010482,172.217.194.0-255,66,174701,54,178025
17088,0.027606,172.31.46.0-255,172,174873,54,178025
17089,0.027642,172.31.46.0-255,1119,175992,54,178025
17090,0.027702,172.31.46.0-255,1514,177506,54,178025
17091,0.027704,172.31.46.0-255,321,177827,54,178025
17092,0.029256,104.244.42.0-255,66,177893,54,178025
17093,0.029344,104.244.42.0-255,66,177959,54,178025
17094,0.029432,104.244.42.0-255,66,178025,54,178025
17095,0.0,172.217.194.0-255,152,152,54,175748
17096,1.4e-05,172.31.46.0-255,66,218,54,175748
17097,2.1e-05,172.217.194.0-255,1484,1702,54,175748
17098,2.5e-05,172.31.46.0-255,66,1768,54,175748
17099,3.1e-05,172.217.194.0-255,2902,4670,54,175748
17100,3.5e-05,172.31.46.0-255,66,4736,54,175748
17101,4.3e-05,172.217.194.0-255,7156,11892,54,175748
17102,4.8e-05,172.31.46.0-255,66,11958,54,175748
17103,5e-05,172.217.194.0-255,1484,13442,54,175748
17104,5.3e-05,172.31.46.0-255,66,13508,54,175748
17105,6.7e-05,172.31.46.0-255,66,13574,54,175748
17106,9.1e-05,172.217.194.0-255,6797,20371,54,175748
17107,9.3e-05,172.31.46.0-255,66,20437,54,175748
17108,0.000147,172.217.194.0-255,1484,21921,54,175748
17109,0.00015,172.31.46.0-255,66,21987,54,175748
17110,0.000169,172.217.194.0-255,1484,23471,54,175748
17111,0.000171,172.31.46.0-255,66,23537,54,175748
17112,0.000189,172.217.194.0-255,1484,25021,54,175748
17113,0.000191,172.31.46.0-255,66,25087,54,175748
17114,0.000194,172.217.194.0-255,1484,26571,54,175748
17115,0.000196,172.31.46.0-255,66,26637,54,175748
17116,0.000203,172.217.194.0-255,5738,32375,54,175748
17117,0.000205,172.31.46.0-255,66,32441,54,175748
17118,0.000234,172.217.194.0-255,5379,37820,54,175748
17119,0.000237,172.31.46.0-255,66,37886,54,175748
17120,0.0005,172.217.194.0-255,1484,39370,54,175748
17121,0.000505,172.217.194.0-255,1484,40854,54,175748
17122,0.00051,172.31.46.0-255,66,40920,54,175748
17123,0.000513,172.31.46.0-255,66,40986,54,175748
17124,0.000522,172.217.194.0-255,1484,42470,54,175748
17125,0.000525,172.31.46.0-255,66,42536,54,175748
17126,0.000532,172.217.194.0-255,5738,48274,54,175748
17127,0.000534,172.31.46.0-255,66,48340,54,175748
17128,0.000561,172.217.194.0-255,6797,55137,54,175748
17129,0.000564,172.31.46.0-255,66,55203,54,175748
17130,0.000738,172.217.194.0-255,1484,56687,54,175748
17131,0.000744,172.217.194.0-255,2902,59589,54,175748
17132,0.000747,172.31.46.0-255,66,59655,54,175748
17133,0.000753,172.217.194.0-255,4320,63975,54,175748
17134,0.000755,172.31.46.0-255,66,64041,54,175748
17135,0.000771,172.217.194.0-255,1484,65525,54,175748
17136,0.000776,172.217.194.0-255,2902,68427,54,175748
17137,0.000778,172.31.46.0-255,66,68493,54,175748
17138,0.000809,172.31.46.0-255,66,68559,54,175748
17139,0.000822,172.31.46.0-255,66,68625,54,175748
17140,0.001595,172.217.194.0-255,1484,70109,54,175748
17141,0.001606,172.217.194.0-255,2902,73011,54,175748
17142,0.00161,172.31.46.0-255,66,73077,54,175748
17143,0.001633,172.217.194.0-255,5738,78815,54,175748
17144,0.001636,172.31.46.0-255,66,78881,54,175748
17145,0.001643,172.217.194.0-255,5738,84619,54,175748
17146,0.001645,172.31.46.0-255,66,84685,54,175748
17147,0.001649,172.217.194.0-255,2902,87587,54,175748
17148,0.001651,172.31.46.0-255,66,87653,54,175748
17149,0.001678,172.31.46.0-255,66,87719,54,175748
17150,0.001684,172.217.194.0-255,5020,92739,54,175748
17151,0.001686,172.31.46.0-255,66,92805,54,175748
17152,0.002116,172.217.194.0-255,1484,94289,54,175748
17153,0.002124,172.217.194.0-255,2902,97191,54,175748
17154,0.002128,172.31.46.0-255,66,97257,54,175748
17155,0.002135,172.217.194.0-255,5738,102995,54,175748
17156,0.002137,172.31.46.0-255,66,103061,54,175748
17157,0.002176,172.31.46.0-255,66,103127,54,175748
17158,0.002198,172.217.194.0-255,2902,106029,54,175748
17159,0.0022,172.31.46.0-255,66,106095,54,175748
17160,0.002212,172.31.46.0-255,66,106161,54,175748
17161,0.004518,172.217.194.0-255,5738,111899,54,175748
17162,0.004524,172.31.46.0-255,66,111965,54,175748
17163,0.006802,172.217.194.0-255,5738,117703,54,175748
17164,0.006808,172.31.46.0-255,66,117769,54,175748
17165,0.009091,172.217.194.0-255,5738,123507,54,175748
17166,0.009097,172.31.46.0-255,66,123573,54,175748
17167,0.011412,172.217.194.0-255,4320,127893,54,175748
17168,0.011419,172.31.46.0-255,66,127959,54,175748
17169,0.011437,172.217.194.0-255,1484,129443,54,175748
17170,0.0137,172.217.194.0-255,4320,133763,54,175748
17171,0.013712,172.31.46.0-255,66,133829,54,175748
17172,0.016028,172.217.194.0-255,5738,139567,54,175748
17173,0.016036,172.31.46.0-255,66,139633,54,175748
17174,0.0183,172.217.194.0-255,5738,145371,54,175748
17175,0.018308,172.31.46.0-255,66,145437,54,175748
17176,0.020615,172.217.194.0-255,5738,151175,54,175748
17177,0.020623,172.31.46.0-255,66,151241,54,175748
17178,0.022892,172.217.194.0-255,5738,156979,54,175748
17179,0.0229,172.31.46.0-255,66,157045,54,175748
17180,0.025192,172.217.194.0-255,5738,162783,54,175748
17181,0.025199,172.31.46.0-255,66,162849,54,175748
17182,0.027488,172.217.194.0-255,5738,168587,54,175748
17183,0.027494,172.31.46.0-255,66,168653,54,175748
17184,0.029796,172.217.194.0-255,5738,174391,54,175748
17185,0.029803,172.31.46.0-255,66,174457,54,175748
17186,0.029942,172.31.46.0-255,172,174629,54,175748
17187,0.029969,172.31.46.0-255,1119,175748,54,175748
17188,0.0,74.125.68.0-255,146,146,54,275631
17189,2.3e-05,172.31.46.0-255,66,212,54,275631
17190,3.1e-05,74.125.68.0-255,1484,1696,54,275631
17191,3.5e-05,172.31.46.0-255,66,1762,54,275631
17192,4.1e-05,74.125.68.0-255,2902,4664,54,275631
17193,5.2e-05,172.31.46.0-255,66,4730,54,275631
17194,5.7e-05,74.125.68.0-255,2902,7632,54,275631
17195,6e-05,172.31.46.0-255,66,7698,54,275631
17196,6.7e-05,74.125.68.0-255,4320,12018,54,275631
17197,7.1e-05,172.31.46.0-255,66,12084,54,275631
17198,9.3e-05,74.125.68.0-255,1910,13994,54,275631
17199,0.000102,172.31.46.0-255,66,14060,54,275631
17200,0.00024,74.125.68.0-255,1484,15544,54,275631
17201,0.000244,172.31.46.0-255,66,15610,54,275631
17202,0.000277,74.125.68.0-255,2902,18512,54,275631
17203,0.000281,172.31.46.0-255,66,18578,54,275631
17204,0.000285,74.125.68.0-255,2902,21480,54,275631
17205,0.000288,172.31.46.0-255,66,21546,54,275631
17206,0.000293,74.125.68.0-255,4320,25866,54,275631
17207,0.000296,172.31.46.0-255,66,25932,54,275631
17208,0.000345,74.125.68.0-255,4320,30252,54,275631
17209,0.000348,172.31.46.0-255,66,30318,54,275631
17210,0.000364,74.125.68.0-255,5379,35697,54,275631
17211,0.000371,172.31.46.0-255,66,35763,54,275631
17212,0.000383,172.31.46.0-255,66,35829,54,275631
17213,0.000387,74.125.68.0-255,2902,38731,54,275631
17214,0.000389,172.31.46.0-255,66,38797,54,275631
17215,0.000422,74.125.68.0-255,5738,44535,54,275631
17216,0.000426,172.31.46.0-255,66,44601,54,275631
17217,0.000468,172.31.46.0-255,66,44667,54,275631
17218,0.000473,74.125.68.0-255,2184,46851,54,275631
17219,0.000475,172.31.46.0-255,66,46917,54,275631
17220,0.000478,74.125.68.0-255,416,47333,54,275631
17221,0.000505,74.125.68.0-255,328,47661,54,275631
17222,0.00067,74.125.68.0-255,1484,49145,54,275631
17223,0.000675,172.31.46.0-255,66,49211,54,275631
17224,0.000679,74.125.68.0-255,1484,50695,54,275631
17225,0.000706,74.125.68.0-255,2902,53597,54,275631
17226,0.000712,74.125.68.0-255,5738,59335,54,275631
17227,0.000717,172.31.46.0-255,66,59401,54,275631
17228,0.000724,172.31.46.0-255,66,59467,54,275631
17229,0.000728,74.125.68.0-255,1484,60951,54,275631
17230,0.000761,74.125.68.0-255,7156,68107,54,275631
17231,0.000764,172.31.46.0-255,66,68173,54,275631
17232,0.000775,172.31.46.0-255,66,68239,54,275631
17233,0.000807,74.125.68.0-255,1484,69723,54,275631
17234,0.000814,74.125.68.0-255,3602,73325,54,275631
17235,0.000817,172.31.46.0-255,66,73391,54,275631
17236,0.001183,74.125.68.0-255,1484,74875,54,275631
17237,0.00119,74.125.68.0-255,2902,77777,54,275631
17238,0.001194,172.31.46.0-255,66,77843,54,275631
17239,0.001197,74.125.68.0-255,1484,79327,54,275631
17240,0.001228,74.125.68.0-255,5738,85065,54,275631
17241,0.001231,172.31.46.0-255,66,85131,54,275631
17242,0.001256,74.125.68.0-255,1484,86615,54,275631
17243,0.001302,172.31.46.0-255,66,86681,54,275631
17244,0.001336,74.125.68.0-255,7156,93837,54,275631
17245,0.001338,172.31.46.0-255,66,93903,54,275631
17246,0.001344,74.125.68.0-255,3602,97505,54,275631
17247,0.001346,172.31.46.0-255,66,97571,54,275631
17248,0.001479,74.125.68.0-255,1484,99055,54,275631
17249,0.001494,74.125.68.0-255,2902,101957,54,275631
17250,0.001498,172.31.46.0-255,66,102023,54,275631
17251,0.001502,74.125.68.0-255,1484,103507,54,275631
17252,0.001554,74.125.68.0-255,5738,109245,54,275631
17253,0.001556,172.31.46.0-255,66,109311,54,275631
17254,0.001564,74.125.68.0-255,7156,116467,54,275631
17255,0.001567,172.31.46.0-255,66,116533,54,275631
17256,0.001587,74.125.68.0-255,5738,122271,54,275631
17257,0.001594,172.31.46.0-255,66,122337,54,275631
17258,0.001622,172.31.46.0-255,66,122403,54,275631
17259,0.001695,74.125.68.0-255,1484,123887,54,275631
17260,0.00171,74.125.68.0-255,2902,126789,54,275631
17261,0.001713,172.31.46.0-255,66,126855,54,275631
17262,0.001742,74.125.68.0-255,5738,132593,54,275631
17263,0.001745,172.31.46.0-255,66,132659,54,275631
17264,0.001787,172.31.46.0-255,66,132725,54,275631
17265,0.001799,172.31.46.0-255,66,132791,54,275631
17266,0.001807,74.125.68.0-255,2184,134975,54,275631
17267,0.001809,172.31.46.0-255,66,135041,54,275631
17268,0.001813,74.125.68.0-255,1484,136525,54,275631
17269,0.001839,74.125.68.0-255,1484,138009,54,275631
17270,0.001842,172.31.46.0-255,66,138075,54,275631
17271,0.001872,74.125.68.0-255,5738,143813,54,275631
17272,0.001875,172.31.46.0-255,66,143879,54,275631
17273,0.001905,74.125.68.0-255,7156,151035,54,275631
17274,0.001908,172.31.46.0-255,66,151101,54,275631
17275,0.001914,74.125.68.0-255,5738,156839,54,275631
17276,0.001916,172.31.46.0-255,66,156905,54,275631
17277,0.001972,74.125.68.0-255,7156,164061,54,275631
17278,0.001976,172.31.46.0-255,66,164127,54,275631
17279,0.002003,172.31.46.0-255,66,164193,54,275631
17280,0.002018,172.31.46.0-255,66,164259,54,275631
17281,0.002064,74.125.68.0-255,2902,167161,54,275631
17282,0.002067,172.31.46.0-255,66,167227,54,275631
17283,0.002074,74.125.68.0-255,5738,172965,54,275631
17284,0.002076,172.31.46.0-255,66,173031,54,275631
17285,0.002089,172.31.46.0-255,66,173097,54,275631
17286,0.002239,74.125.68.0-255,1484,174581,54,275631
17287,0.002245,74.125.68.0-255,1484,176065,54,275631
17288,0.00225,172.31.46.0-255,66,176131,54,275631
17289,0.002279,74.125.68.0-255,1484,177615,54,275631
17290,0.002286,74.125.68.0-255,5738,183353,54,275631
17291,0.002289,172.31.46.0-255,66,183419,54,275631
17292,0.002291,74.125.68.0-255,1484,184903,54,275631
17293,0.002321,74.125.68.0-255,5738,190641,54,275631
17294,0.002324,172.31.46.0-255,66,190707,54,275631
17295,0.002329,74.125.68.0-255,2902,193609,54,275631
17296,0.002362,74.125.68.0-255,1484,195093,54,275631
17297,0.002378,74.125.68.0-255,3602,198695,54,275631
17298,0.002445,74.125.68.0-255,1484,200179,54,275631
17299,0.002461,74.125.68.0-255,2902,203081,54,275631
17300,0.00248,74.125.68.0-255,2902,205983,54,275631
17301,0.002486,74.125.68.0-255,4320,210303,54,275631
17302,0.00251,74.125.68.0-255,5738,216041,54,275631
17303,0.002532,74.125.68.0-255,2902,218943,54,275631
17304,0.002538,74.125.68.0-255,5738,224681,54,275631
17305,0.006108,172.31.46.0-255,66,224747,54,275631
17306,0.008625,74.125.68.0-255,5738,230485,54,275631
17307,0.008632,172.31.46.0-255,66,230551,54,275631
17308,0.011148,74.125.68.0-255,4320,234871,54,275631
17309,0.011155,172.31.46.0-255,66,234937,54,275631
17310,0.011184,74.125.68.0-255,1484,236421,54,275631
17311,0.013657,74.125.68.0-255,4320,240741,54,275631
17312,0.013665,172.31.46.0-255,66,240807,54,275631
17313,0.016178,74.125.68.0-255,5738,246545,54,275631
17314,0.016188,172.31.46.0-255,66,246611,54,275631
17315,0.018696,74.125.68.0-255,5738,252349,54,275631
17316,0.018704,172.31.46.0-255,66,252415,54,275631
17317,0.021215,74.125.68.0-255,5738,258153,54,275631
17318,0.021224,172.31.46.0-255,66,258219,54,275631
17319,0.023737,74.125.68.0-255,5738,263957,54,275631
17320,0.023749,172.31.46.0-255,66,264023,54,275631
17321,0.026263,74.125.68.0-255,5738,269761,54,275631
17322,0.026273,172.31.46.0-255,66,269827,54,275631
17323,0.028789,74.125.68.0-255,5738,275565,54,275631
17324,0.0288,172.31.46.0-255,66,275631,54,275631
17325,0.0,74.125.24.0-255,151,151,54,257485
17326,2.6e-05,172.31.46.0-255,66,217,54,257485
17327,3.5e-05,74.125.24.0-255,1484,1701,54,257485
17328,3.9e-05,172.31.46.0-255,66,1767,54,257485
17329,4.6e-05,74.125.24.0-255,2902,4669,54,257485
17330,4.9e-05,172.31.46.0-255,66,4735,54,257485
17331,5.7e-05,74.125.24.0-255,7156,11891,54,257485
17332,6e-05,172.31.46.0-255,66,11957,54,257485
17333,0.000103,172.31.46.0-255,66,12023,54,257485
17334,0.000107,74.125.24.0-255,2902,14925,54,257485
17335,0.00011,172.31.46.0-255,66,14991,54,257485
17336,0.000129,74.125.24.0-255,5738,20729,54,257485
17337,0.000132,172.31.46.0-255,66,20795,54,257485
17338,0.000157,172.31.46.0-255,66,20861,54,257485
17339,0.000183,74.125.24.0-255,7156,28017,54,257485
17340,0.000185,172.31.46.0-255,66,28083,54,257485
17341,0.000188,74.125.24.0-255,766,28849,54,257485
17342,0.00019,172.31.46.0-255,66,28915,54,257485
17343,0.000221,74.125.24.0-255,1484,30399,54,257485
17344,0.000223,172.31.46.0-255,66,30465,54,257485
17345,0.000229,74.125.24.0-255,4320,34785,54,257485
17346,0.000231,172.31.46.0-255,66,34851,54,257485
17347,0.000252,74.125.24.0-255,7156,42007,54,257485
17348,0.000255,172.31.46.0-255,66,42073,54,257485
17349,0.000271,74.125.24.0-255,1484,43557,54,257485
17350,0.000273,172.31.46.0-255,66,43623,54,257485
17351,0.000295,74.125.24.0-255,2812,46435,54,257485
17352,0.000298,172.31.46.0-255,66,46501,54,257485
17353,0.000375,74.125.24.0-255,131,46632,54,257485
17354,0.000378,172.31.46.0-255,66,46698,54,257485
17355,0.000399,74.125.24.0-255,353,47051,54,257485
17356,0.0009,74.125.24.0-255,1484,48535,54,257485
17357,0.000906,172.31.46.0-255,66,48601,54,257485
17358,0.000912,74.125.24.0-255,2902,51503,54,257485
17359,0.000914,172.31.46.0-255,66,51569,54,257485
17360,0.00093,74.125.24.0-255,5738,57307,54,257485
17361,0.000932,172.31.46.0-255,66,57373,54,257485
17362,0.000948,74.125.24.0-255,1484,58857,54,257485
17363,0.000976,172.31.46.0-255,66,58923,54,257485
17364,0.00099,172.31.46.0-255,66,58989,54,257485
17365,0.000994,74.125.24.0-255,2184,61173,54,257485
17366,0.000996,172.31.46.0-255,66,61239,54,257485
17367,0.001108,74.125.24.0-255,1484,62723,54,257485
17368,0.001129,74.125.24.0-255,2902,65625,54,257485
17369,0.001132,172.31.46.0-255,66,65691,54,257485
17370,0.00114,74.125.24.0-255,5738,71429,54,257485
17371,0.001142,172.31.46.0-255,66,71495,54,257485
17372,0.001146,74.125.24.0-255,1484,72979,54,257485
17373,0.001185,172.31.46.0-255,66,73045,54,257485
17374,0.001211,74.125.24.0-255,5738,78783,54,257485
17375,0.001215,172.31.46.0-255,66,78849,54,257485
17376,0.001239,74.125.24.0-255,5020,83869,54,257485
17377,0.001242,172.31.46.0-255,66,83935,54,257485
17378,0.001399,74.125.24.0-255,1484,85419,54,257485
17379,0.001405,74.125.24.0-255,2902,88321,54,257485
17380,0.001408,172.31.46.0-255,66,88387,54,257485
17381,0.001414,74.125.24.0-255,4320,92707,54,257485
17382,0.001416,172.31.46.0-255,66,92773,54,257485
17383,0.00143,74.125.24.0-255,1484,94257,54,257485
17384,0.001435,74.125.24.0-255,2902,97159,54,257485
17385,0.001437,172.31.46.0-255,66,97225,54,257485
17386,0.001463,172.31.46.0-255,66,97291,54,257485
17387,0.001468,74.125.24.0-255,4320,101611,54,257485
17388,0.00147,172.31.46.0-255,66,101677,54,257485
17389,0.001497,74.125.24.0-255,6438,108115,54,257485
17390,0.001501,172.31.46.0-255,66,108181,54,257485
17391,0.001996,74.125.24.0-255,1484,109665,54,257485
17392,0.002003,74.125.24.0-255,2902,112567,54,257485
17393,0.002006,172.31.46.0-255,66,112633,54,257485
17394,0.002028,74.125.24.0-255,5738,118371,54,257485
17395,0.002031,172.31.46.0-255,66,118437,54,257485
17396,0.002082,172.31.46.0-255,66,118503,54,257485
17397,0.00209,74.125.24.0-255,7156,125659,54,257485
17398,0.002092,172.31.46.0-255,66,125725,54,257485
17399,0.002116,74.125.24.0-255,3602,129327,54,257485
17400,0.002118,172.31.46.0-255,66,129393,54,257485
17401,0.002163,74.125.24.0-255,1484,130877,54,257485
17402,0.002185,74.125.24.0-255,1484,132361,54,257485
17403,0.002187,172.31.46.0-255,66,132427,54,257485
17404,0.002193,74.125.24.0-255,4320,136747,54,257485
17405,0.002195,172.31.46.0-255,66,136813,54,257485
17406,0.002202,74.125.24.0-255,5738,142551,54,257485
17407,0.002204,172.31.46.0-255,66,142617,54,257485
17408,0.002232,74.125.24.0-255,2902,145519,54,257485
17409,0.002235,172.31.46.0-255,66,145585,54,257485
17410,0.00224,74.125.24.0-255,4320,149905,54,257485
17411,0.002242,172.31.46.0-255,66,149971,54,257485
17412,0.002249,74.125.24.0-255,5738,155709,54,257485
17413,0.002251,172.31.46.0-255,66,155775,54,257485
17414,0.002271,74.125.24.0-255,4320,160095,54,257485
17415,0.002274,172.31.46.0-255,66,160161,54,257485
17416,0.002298,74.125.24.0-255,3602,163763,54,257485
17417,0.002315,172.31.46.0-255,66,163829,54,257485
17418,0.002345,74.125.24.0-255,1484,165313,54,257485
17419,0.002378,74.125.24.0-255,2902,168215,54,257485
17420,0.002381,172.31.46.0-255,66,168281,54,257485
17421,0.002388,74.125.24.0-255,5738,174019,54,257485
17422,0.002391,172.31.46.0-255,66,174085,54,257485
17423,0.002415,172.31.46.0-255,66,174151,54,257485
17424,0.002434,74.125.24.0-255,4320,178471,54,257485
17425,0.002436,172.31.46.0-255,66,178537,54,257485
17426,0.002449,172.31.46.0-255,66,178603,54,257485
17427,0.002496,74.125.24.0-255,1484,180087,54,257485
17428,0.002514,74.125.24.0-255,2902,182989,54,257485
17429,0.002518,172.31.46.0-255,66,183055,54,257485
17430,0.002524,74.125.24.0-255,5738,188793,54,257485
17431,0.002526,172.31.46.0-255,66,188859,54,257485
17432,0.00253,74.125.24.0-255,1484,190343,54,257485
17433,0.002554,74.125.24.0-255,2902,193245,54,257485
17434,0.002557,172.31.46.0-255,66,193311,54,257485
17435,0.002561,74.125.24.0-255,2902,196213,54,257485
17436,0.002564,172.31.46.0-255,66,196279,54,257485
17437,0.002594,172.31.46.0-255,66,196345,54,257485
17438,0.002603,172.31.46.0-255,66,196411,54,257485
17439,0.002614,172.31.46.0-255,66,196477,54,257485
17440,0.002618,74.125.24.0-255,2902,199379,54,257485
17441,0.00262,172.31.46.0-255,66,199445,54,257485
17442,0.005226,74.125.24.0-255,5738,205183,54,257485
17443,0.005235,172.31.46.0-255,66,205249,54,257485
17444,0.00783,74.125.24.0-255,5738,210987,54,257485
17445,0.007837,172.31.46.0-255,66,211053,54,257485
17446,0.010383,74.125.24.0-255,5738,216791,54,257485
17447,0.010389,172.31.46.0-255,66,216857,54,257485
17448,0.012994,74.125.24.0-255,5738,222595,54,257485
17449,0.013001,172.31.46.0-255,66,222661,54,257485
17450,0.015541,74.125.24.0-255,5738,228399,54,257485
17451,0.015551,172.31.46.0-255,66,228465,54,257485
17452,0.018147,74.125.24.0-255,5738,234203,54,257485
17453,0.018158,172.31.46.0-255,66,234269,54,257485
17454,0.020787,74.125.24.0-255,5738,240007,54,257485
17455,0.020797,172.31.46.0-255,66,240073,54,257485
17456,0.023359,74.125.24.0-255,5738,245811,54,257485
17457,0.023369,172.31.46.0-255,66,245877,54,257485
17458,0.025952,74.125.24.0-255,5738,251615,54,257485
17459,0.025959,172.31.46.0-255,66,251681,54,257485
17460,0.028545,74.125.24.0-255,5738,257419,54,257485
17461,0.028552,172.31.46.0-255,66,257485,54,257485
17462,0.0,172.217.194.0-255,146,146,54,187123
17463,2.5e-05,172.31.46.0-255,66,212,54,187123
17464,3.2e-05,172.217.194.0-255,1484,1696,54,187123
17465,3.7e-05,172.31.46.0-255,66,1762,54,187123
17466,4.2e-05,172.217.194.0-255,2902,4664,54,187123
17467,4.6e-05,172.31.46.0-255,66,4730,54,187123
17468,5.3e-05,172.217.194.0-255,7156,11886,54,187123
17469,5.6e-05,172.31.46.0-255,66,11952,54,187123
17470,8.2e-05,172.217.194.0-255,2085,14037,54,187123
17471,8.5e-05,172.31.46.0-255,66,14103,54,187123
17472,0.000145,172.217.194.0-255,1484,15587,54,187123
17473,0.000147,172.31.46.0-255,66,15653,54,187123
17474,0.000153,172.217.194.0-255,2902,18555,54,187123
17475,0.000156,172.31.46.0-255,66,18621,54,187123
17476,0.000185,172.217.194.0-255,5738,24359,54,187123
17477,0.000188,172.31.46.0-255,66,24425,54,187123
17478,0.000196,172.217.194.0-255,6797,31222,54,187123
17479,0.000198,172.31.46.0-255,66,31288,54,187123
17480,0.000241,172.31.46.0-255,66,31354,54,187123
17481,0.000247,172.217.194.0-255,5738,37092,54,187123
17482,0.000249,172.31.46.0-255,66,37158,54,187123
17483,0.000272,172.31.46.0-255,66,37224,54,187123
17484,0.000293,172.217.194.0-255,2458,39682,54,187123
17485,0.000296,172.31.46.0-255,66,39748,54,187123
17486,0.000346,172.217.194.0-255,121,39869,54,187123
17487,0.000349,172.31.46.0-255,66,39935,54,187123
17488,0.000513,172.217.194.0-255,1484,41419,54,187123
17489,0.000518,172.31.46.0-255,66,41485,54,187123
17490,0.000524,172.217.194.0-255,2902,44387,54,187123
17491,0.000527,172.31.46.0-255,66,44453,54,187123
17492,0.000533,172.217.194.0-255,4320,48773,54,187123
17493,0.000536,172.31.46.0-255,66,48839,54,187123
17494,0.000562,172.217.194.0-255,1484,50323,54,187123
17495,0.000571,172.217.194.0-255,7156,57479,54,187123
17496,0.000574,172.31.46.0-255,66,57545,54,187123
17497,0.00058,172.217.194.0-255,4320,61865,54,187123
17498,0.000582,172.31.46.0-255,66,61931,54,187123
17499,0.000606,172.31.46.0-255,66,61997,54,187123
17500,0.00061,172.217.194.0-255,2184,64181,54,187123
17501,0.000612,172.31.46.0-255,66,64247,54,187123
17502,0.000661,172.217.194.0-255,1484,65731,54,187123
17503,0.000667,172.217.194.0-255,2902,68633,54,187123
17504,0.00067,172.31.46.0-255,66,68699,54,187123
17505,0.000728,172.217.194.0-255,5738,74437,54,187123
17506,0.000731,172.31.46.0-255,66,74503,54,187123
17507,0.000745,172.31.46.0-255,66,74569,54,187123
17508,0.000757,172.31.46.0-255,66,74635,54,187123
17509,0.000803,172.217.194.0-255,1484,76119,54,187123
17510,0.000822,172.217.194.0-255,2902,79021,54,187123
17511,0.000825,172.31.46.0-255,66,79087,54,187123
17512,0.000832,172.217.194.0-255,5738,84825,54,187123
17513,0.000834,172.31.46.0-255,66,84891,54,187123
17514,0.00084,172.217.194.0-255,4320,89211,54,187123
17515,0.000842,172.31.46.0-255,66,89277,54,187123
17516,0.000873,172.31.46.0-255,66,89343,54,187123
17517,0.000895,172.217.194.0-255,2902,92245,54,187123
17518,0.000897,172.31.46.0-255,66,92311,54,187123
17519,0.000908,172.31.46.0-255,66,92377,54,187123
17520,0.000934,172.217.194.0-255,1484,93861,54,187123
17521,0.000953,172.217.194.0-255,2902,96763,54,187123
17522,0.000955,172.31.46.0-255,66,96829,54,187123
17523,0.000962,172.217.194.0-255,5738,102567,54,187123
17524,0.000965,172.31.46.0-255,66,102633,54,187123
17525,0.000982,172.217.194.0-255,2902,105535,54,187123
17526,0.000985,172.31.46.0-255,66,105601,54,187123
17527,0.001011,172.31.46.0-255,66,105667,54,187123
17528,0.001045,172.217.194.0-255,4320,109987,54,187123
17529,0.001049,172.31.46.0-255,66,110053,54,187123
17530,0.001071,172.217.194.0-255,6438,116491,54,187123
17531,0.001074,172.31.46.0-255,66,116557,54,187123
17532,0.001088,172.217.194.0-255,1484,118041,54,187123
17533,0.001107,172.217.194.0-255,2902,120943,54,187123
17534,0.00111,172.31.46.0-255,66,121009,54,187123
17535,0.001116,172.217.194.0-255,5738,126747,54,187123
17536,0.001119,172.31.46.0-255,66,126813,54,187123
17537,0.001159,172.31.46.0-255,66,126879,54,187123
17538,0.00117,172.31.46.0-255,66,126945,54,187123
17539,0.001173,172.217.194.0-255,766,127711,54,187123
17540,0.001225,172.217.194.0-255,1484,129195,54,187123
17541,0.001228,172.31.46.0-255,66,129261,54,187123
17542,0.001235,172.217.194.0-255,4320,133581,54,187123
17543,0.001237,172.31.46.0-255,66,133647,54,187123
17544,0.001251,172.217.194.0-255,4320,137967,54,187123
17545,0.001254,172.31.46.0-255,66,138033,54,187123
17546,0.00127,172.217.194.0-255,1484,139517,54,187123
17547,0.00131,172.217.194.0-255,5738,145255,54,187123
17548,0.001319,172.31.46.0-255,66,145321,54,187123
17549,0.001332,172.217.194.0-255,5020,150341,54,187123
17550,0.001361,172.31.46.0-255,66,150407,54,187123
17551,0.00138,172.217.194.0-255,1484,151891,54,187123
17552,0.001384,172.217.194.0-255,1484,153375,54,187123
17553,0.001398,172.217.194.0-255,1484,154859,54,187123
17554,0.001405,172.217.194.0-255,5738,160597,54,187123
17555,0.00142,172.217.194.0-255,5738,166335,54,187123
17556,0.001423,172.31.46.0-255,66,166401,54,187123
17557,0.001428,172.31.46.0-255,66,166467,54,187123
17558,0.001442,172.217.194.0-255,7156,173623,54,187123
17559,0.001557,172.31.46.0-255,66,173689,54,187123
17560,0.00157,172.217.194.0-255,1484,175173,54,187123
17561,0.001617,172.217.194.0-255,5738,180911,54,187123
17562,0.001624,172.31.46.0-255,66,180977,54,187123
17563,0.001657,172.217.194.0-255,5738,186715,54,187123
17564,0.001685,172.31.46.0-255,66,186781,54,187123
17565,0.001695,172.217.194.0-255,105,186886,54,187123
17566,0.004704,172.31.46.0-255,66,186952,54,187123
17567,0.004752,172.31.46.0-255,105,187057,54,187123
17568,0.007117,172.217.194.0-255,66,187123,54,187123
17569,0.0,172.217.194.0-255,151,151,54,187720
17570,3.3e-05,172.31.46.0-255,66,217,54,187720
17571,4.1e-05,172.217.194.0-255,1484,1701,54,187720
17572,4.6e-05,172.31.46.0-255,66,1767,54,187720
17573,5.8e-05,172.217.194.0-255,2902,4669,54,187720
17574,6.1e-05,172.31.46.0-255,66,4735,54,187720
17575,6.9e-05,172.217.194.0-255,7156,11891,54,187720
17576,7.2e-05,172.31.46.0-255,66,11957,54,187720
17577,7.6e-05,172.217.194.0-255,2902,14859,54,187720
17578,7.9e-05,172.31.46.0-255,66,14925,54,187720
17579,0.000127,172.31.46.0-255,66,14991,54,187720
17580,0.000132,172.217.194.0-255,3961,18952,54,187720
17581,0.000135,172.31.46.0-255,66,19018,54,187720
17582,0.000171,172.217.194.0-255,1484,20502,54,187720
17583,0.000174,172.31.46.0-255,66,20568,54,187720
17584,0.000181,172.217.194.0-255,2902,23470,54,187720
17585,0.000183,172.31.46.0-255,66,23536,54,187720
17586,0.000194,172.217.194.0-255,2902,26438,54,187720
17587,0.000196,172.31.46.0-255,66,26504,54,187720
17588,0.000225,172.217.194.0-255,2902,29406,54,187720
17589,0.000229,172.31.46.0-255,66,29472,54,187720
17590,0.000241,172.31.46.0-255,66,29538,54,187720
17591,0.000267,172.217.194.0-255,1125,30663,54,187720
17592,0.00027,172.31.46.0-255,66,30729,54,187720
17593,0.000291,172.31.46.0-255,66,30795,54,187720
17594,0.000294,172.217.194.0-255,1447,32242,54,187720
17595,0.000296,172.31.46.0-255,66,32308,54,187720
17596,0.000332,172.217.194.0-255,1783,34091,54,187720
17597,0.000339,172.217.194.0-255,5738,39829,54,187720
17598,0.000339,172.31.46.0-255,66,39895,54,187720
17599,0.000343,172.31.46.0-255,66,39961,54,187720
17600,0.000349,172.31.46.0-255,66,40027,54,187720
17601,0.000369,172.217.194.0-255,5738,45765,54,187720
17602,0.000372,172.31.46.0-255,66,45831,54,187720
17603,0.000392,172.217.194.0-255,5738,51569,54,187720
17604,0.000401,172.31.46.0-255,66,51635,54,187720
17605,0.000414,172.217.194.0-255,1484,53119,54,187720
17606,0.000426,172.217.194.0-255,3961,57080,54,187720
17607,0.000429,172.31.46.0-255,66,57146,54,187720
17608,0.000668,172.217.194.0-255,1484,58630,54,187720
17609,0.000687,172.217.194.0-255,2902,61532,54,187720
17610,0.000691,172.31.46.0-255,66,61598,54,187720
17611,0.000698,172.217.194.0-255,5738,67336,54,187720
17612,0.000701,172.31.46.0-255,66,67402,54,187720
17613,0.000704,172.217.194.0-255,1484,68886,54,187720
17614,0.000751,172.31.46.0-255,66,68952,54,187720
17615,0.000768,172.31.46.0-255,66,69018,54,187720
17616,0.000916,172.217.194.0-255,1484,70502,54,187720
17617,0.000922,172.217.194.0-255,2902,73404,54,187720
17618,0.000924,172.31.46.0-255,66,73470,54,187720
17619,0.000957,172.217.194.0-255,5738,79208,54,187720
17620,0.000962,172.31.46.0-255,66,79274,54,187720
17621,0.000972,172.217.194.0-255,2902,82176,54,187720
17622,0.000975,172.31.46.0-255,66,82242,54,187720
17623,0.001006,172.31.46.0-255,66,82308,54,187720
17624,0.001017,172.31.46.0-255,66,82374,54,187720
17625,0.001032,172.217.194.0-255,3602,85976,54,187720
17626,0.001035,172.31.46.0-255,66,86042,54,187720
17627,0.001045,172.217.194.0-255,4320,90362,54,187720
17628,0.001049,172.31.46.0-255,66,90428,54,187720
17629,0.001095,172.31.46.0-255,66,90494,54,187720
17630,0.001114,172.31.46.0-255,66,90560,54,187720
17631,0.001141,172.217.194.0-255,4320,94880,54,187720
17632,0.001145,172.31.46.0-255,66,94946,54,187720
17633,0.001164,172.217.194.0-255,5020,99966,54,187720
17634,0.001171,172.31.46.0-255,66,100032,54,187720
17635,0.001183,172.31.46.0-255,66,100098,54,187720
17636,0.001191,172.217.194.0-255,7156,107254,54,187720
17637,0.001195,172.31.46.0-255,66,107320,54,187720
17638,0.001234,172.217.194.0-255,5020,112340,54,187720
17639,0.001237,172.217.194.0-255,1484,113824,54,187720
17640,0.001243,172.31.46.0-255,66,113890,54,187720
17641,0.001252,172.217.194.0-255,2902,116792,54,187720
17642,0.001255,172.31.46.0-255,66,116858,54,187720
17643,0.001284,172.217.194.0-255,1484,118342,54,187720
17644,0.001315,172.31.46.0-255,66,118408,54,187720
17645,0.00132,172.31.46.0-255,66,118474,54,187720
17646,0.001335,172.217.194.0-255,1484,119958,54,187720
17647,0.001377,172.31.46.0-255,66,120024,54,187720
17648,0.001422,172.217.194.0-255,4320,124344,54,187720
17649,0.001429,172.31.46.0-255,66,124410,54,187720
17650,0.001457,172.217.194.0-255,6438,130848,54,187720
17651,0.001458,172.31.46.0-255,66,130914,54,187720
17652,0.001465,172.31.46.0-255,66,130980,54,187720
17653,0.001495,172.217.194.0-255,1484,132464,54,187720
17654,0.001507,172.217.194.0-255,2902,135366,54,187720
17655,0.001519,172.31.46.0-255,66,135432,54,187720
17656,0.001525,172.217.194.0-255,5738,141170,54,187720
17657,0.001532,172.31.46.0-255,66,141236,54,187720
17658,0.001562,172.217.194.0-255,1484,142720,54,187720
17659,0.001568,172.31.46.0-255,66,142786,54,187720
17660,0.001585,172.31.46.0-255,66,142852,54,187720
17661,0.001606,172.217.194.0-255,5020,147872,54,187720
17662,0.001628,172.31.46.0-255,66,147938,54,187720
17663,0.001631,172.217.194.0-255,5738,153676,54,187720
17664,0.001634,172.217.194.0-255,1484,155160,54,187720
17665,0.001642,172.31.46.0-255,66,155226,54,187720
17666,0.001682,172.31.46.0-255,66,155292,54,187720
17667,0.001697,172.31.46.0-255,66,155358,54,187720
17668,0.001713,172.217.194.0-255,4320,159678,54,187720
17669,0.001717,172.217.194.0-255,766,160444,54,187720
17670,0.001723,172.31.46.0-255,66,160510,54,187720
17671,0.001748,172.217.194.0-255,1484,161994,54,187720
17672,0.001752,172.217.194.0-255,2902,164896,54,187720
17673,0.001763,172.31.46.0-255,66,164962,54,187720
17674,0.001764,172.217.194.0-255,2902,167864,54,187720
17675,0.001781,172.31.46.0-255,66,167930,54,187720
17676,0.001791,172.217.194.0-255,2902,170832,54,187720
17677,0.001797,172.217.194.0-255,5738,176570,54,187720
17678,0.001797,172.31.46.0-255,66,176636,54,187720
17679,0.001801,172.31.46.0-255,66,176702,54,187720
17680,0.001818,172.217.194.0-255,7156,183858,54,187720
17681,0.001826,172.31.46.0-255,66,183924,54,187720
17682,0.001847,172.217.194.0-255,2902,186826,54,187720
17683,0.001853,172.31.46.0-255,66,186892,54,187720
17684,0.001891,172.31.46.0-255,66,186958,54,187720
17685,0.001898,172.217.194.0-255,354,187312,54,187720
17686,0.001906,172.31.46.0-255,66,187378,54,187720
17687,0.00194,172.217.194.0-255,105,187483,54,187720
17688,0.003773,172.31.46.0-255,66,187549,54,187720
17689,0.003801,172.31.46.0-255,105,187654,54,187720
17690,0.00604,172.217.194.0-255,66,187720,54,187720
17691,0.0,74.125.68.0-255,297,297,54,242565
17692,2.3e-05,172.31.46.0-255,66,363,54,242565
17693,3e-05,74.125.68.0-255,1484,1847,54,242565
17694,3.4e-05,172.31.46.0-255,66,1913,54,242565
17695,4e-05,74.125.68.0-255,2902,4815,54,242565
17696,4.2e-05,172.31.46.0-255,66,4881,54,242565
17697,4.8e-05,74.125.68.0-255,4320,9201,54,242565
17698,5e-05,172.31.46.0-255,66,9267,54,242565
17699,8.3e-05,74.125.68.0-255,1484,10751,54,242565
17700,8.6e-05,172.31.46.0-255,66,10817,54,242565
17701,0.000111,172.31.46.0-255,66,10883,54,242565
17702,0.000118,74.125.68.0-255,5738,16621,54,242565
17703,0.000121,172.31.46.0-255,66,16687,54,242565
17704,0.000137,74.125.68.0-255,4320,21007,54,242565
17705,0.000139,172.31.46.0-255,66,21073,54,242565
17706,0.000153,74.125.68.0-255,2543,23616,54,242565
17707,0.000155,172.31.46.0-255,66,23682,54,242565
17708,0.000466,74.125.68.0-255,1484,25166,54,242565
17709,0.000472,172.31.46.0-255,66,25232,54,242565
17710,0.000478,74.125.68.0-255,2902,28134,54,242565
17711,0.000481,172.31.46.0-255,66,28200,54,242565
17712,0.0005,74.125.68.0-255,1484,29684,54,242565
17713,0.000502,172.31.46.0-255,66,29750,54,242565
17714,0.000507,74.125.68.0-255,2902,32652,54,242565
17715,0.000509,172.31.46.0-255,66,32718,54,242565
17716,0.000514,74.125.68.0-255,4320,37038,54,242565
17717,0.000516,172.31.46.0-255,66,37104,54,242565
17718,0.000533,74.125.68.0-255,1484,38588,54,242565
17719,0.000535,172.31.46.0-255,66,38654,54,242565
17720,0.000539,74.125.68.0-255,2902,41556,54,242565
17721,0.000542,172.31.46.0-255,66,41622,54,242565
17722,0.000566,74.125.68.0-255,5379,47001,54,242565
17723,0.000581,172.31.46.0-255,66,47067,54,242565
17724,0.0006,74.125.68.0-255,1484,48551,54,242565
17725,0.000613,74.125.68.0-255,1390,49941,54,242565
17726,0.000621,172.31.46.0-255,66,50007,54,242565
17727,0.000629,74.125.68.0-255,138,50145,54,242565
17728,0.000888,74.125.68.0-255,1484,51629,54,242565
17729,0.0009,172.31.46.0-255,66,51695,54,242565
17730,0.000917,74.125.68.0-255,1484,53179,54,242565
17731,0.00093,74.125.68.0-255,2902,56081,54,242565
17732,0.000933,172.31.46.0-255,66,56147,54,242565
17733,0.000956,74.125.68.0-255,5738,61885,54,242565
17734,0.000968,172.31.46.0-255,66,61951,54,242565
17735,0.000981,74.125.68.0-255,7156,69107,54,242565
17736,0.000986,172.31.46.0-255,66,69173,54,242565
17737,0.001051,74.125.68.0-255,3602,72775,54,242565
17738,0.001054,172.31.46.0-255,66,72841,54,242565
17739,0.001059,172.31.46.0-255,66,72907,54,242565
17740,0.001166,74.125.68.0-255,1484,74391,54,242565
17741,0.001178,74.125.68.0-255,2902,77293,54,242565
17742,0.001198,172.31.46.0-255,66,77359,54,242565
17743,0.001204,74.125.68.0-255,5738,83097,54,242565
17744,0.00121,74.125.68.0-255,4320,87417,54,242565
17745,0.001212,74.125.68.0-255,1484,88901,54,242565
17746,0.001218,172.31.46.0-255,66,88967,54,242565
17747,0.001228,74.125.68.0-255,4320,93287,54,242565
17748,0.001247,74.125.68.0-255,1484,94771,54,242565
17749,0.001261,74.125.68.0-255,5738,100509,54,242565
17750,0.001268,172.31.46.0-255,66,100575,54,242565
17751,0.00129,74.125.68.0-255,4320,104895,54,242565
17752,0.001294,74.125.68.0-255,2184,107079,54,242565
17753,0.001301,172.31.46.0-255,66,107145,54,242565
17754,0.001331,74.125.68.0-255,1484,108629,54,242565
17755,0.001334,74.125.68.0-255,1484,110113,54,242565
17756,0.001339,172.31.46.0-255,66,110179,54,242565
17757,0.001348,74.125.68.0-255,1484,111663,54,242565
17758,0.001371,74.125.68.0-255,2902,114565,54,242565
17759,0.001375,172.31.46.0-255,66,114631,54,242565
17760,0.001393,74.125.68.0-255,1484,116115,54,242565
17761,0.0014,74.125.68.0-255,5738,121853,54,242565
17762,0.00142,74.125.68.0-255,4320,126173,54,242565
17763,0.001425,172.31.46.0-255,66,126239,54,242565
17764,0.00144,74.125.68.0-255,5738,131977,54,242565
17765,0.00146,172.31.46.0-255,66,132043,54,242565
17766,0.001527,74.125.68.0-255,766,132809,54,242565
17767,0.00153,172.31.46.0-255,66,132875,54,242565
17768,0.00192,74.125.68.0-255,1484,134359,54,242565
17769,0.001924,172.31.46.0-255,66,134425,54,242565
17770,0.00193,74.125.68.0-255,2902,137327,54,242565
17771,0.001937,172.31.46.0-255,66,137393,54,242565
17772,0.001948,74.125.68.0-255,4320,141713,54,242565
17773,0.001952,172.31.46.0-255,66,141779,54,242565
17774,0.001969,74.125.68.0-255,1484,143263,54,242565
17775,0.001977,74.125.68.0-255,7156,150419,54,242565
17776,0.001984,172.31.46.0-255,66,150485,54,242565
17777,0.001992,74.125.68.0-255,1484,151969,54,242565
17778,0.001997,74.125.68.0-255,4320,156289,54,242565
17779,0.002001,172.31.46.0-255,66,156355,54,242565
17780,0.002026,74.125.68.0-255,5738,162093,54,242565
17781,0.002032,74.125.68.0-255,5020,167113,54,242565
17782,0.002054,172.31.46.0-255,66,167179,54,242565
17783,0.004108,74.125.68.0-255,5738,172917,54,242565
17784,0.004121,172.31.46.0-255,66,172983,54,242565
17785,0.006163,74.125.68.0-255,5738,178721,54,242565
17786,0.007141,172.31.46.0-255,66,178787,54,242565
17787,0.009197,74.125.68.0-255,5738,184525,54,242565
17788,0.009206,172.31.46.0-255,66,184591,54,242565
17789,0.01126,74.125.68.0-255,5738,190329,54,242565
17790,0.011269,172.31.46.0-255,66,190395,54,242565
17791,0.013334,74.125.68.0-255,5738,196133,54,242565
17792,0.013347,172.31.46.0-255,66,196199,54,242565
17793,0.015404,74.125.68.0-255,5738,201937,54,242565
17794,0.015433,172.31.46.0-255,66,202003,54,242565
17795,0.017478,74.125.68.0-255,5738,207741,54,242565
17796,0.017488,172.31.46.0-255,66,207807,54,242565
17797,0.019577,74.125.68.0-255,5738,213545,54,242565
17798,0.019588,172.31.46.0-255,66,213611,54,242565
17799,0.021672,74.125.68.0-255,5738,219349,54,242565
17800,0.021689,172.31.46.0-255,66,219415,54,242565
17801,0.02376,74.125.68.0-255,5738,225153,54,242565
17802,0.023776,172.31.46.0-255,66,225219,54,242565
17803,0.025869,74.125.68.0-255,5738,230957,54,242565
17804,0.025885,172.31.46.0-255,66,231023,54,242565
17805,0.027935,74.125.68.0-255,5738,236761,54,242565
17806,0.027942,172.31.46.0-255,66,236827,54,242565
17807,0.029999,74.125.68.0-255,5738,242565,54,242565
17808,0.0,74.125.130.0-255,152,152,54,280328
17809,1.4e-05,172.31.46.0-255,66,218,54,280328
17810,2e-05,74.125.130.0-255,1484,1702,54,280328
17811,2.4e-05,172.31.46.0-255,66,1768,54,280328
17812,3e-05,74.125.130.0-255,2902,4670,54,280328
17813,3.3e-05,172.31.46.0-255,66,4736,54,280328
17814,3.5e-05,74.125.130.0-255,1484,6220,54,280328
17815,4.5e-05,172.31.46.0-255,66,6286,54,280328
17816,7.5e-05,74.125.130.0-255,2902,9188,54,280328
17817,7.8e-05,172.31.46.0-255,66,9254,54,280328
17818,8.4e-05,74.125.130.0-255,6326,15580,54,280328
17819,8.7e-05,172.31.46.0-255,66,15646,54,280328
17820,0.000104,74.125.130.0-255,1484,17130,54,280328
17821,0.000106,172.31.46.0-255,66,17196,54,280328
17822,0.00011,74.125.130.0-255,2902,20098,54,280328
17823,0.000112,172.31.46.0-255,66,20164,54,280328
17824,0.000142,74.125.130.0-255,5738,25902,54,280328
17825,0.000144,172.31.46.0-255,66,25968,54,280328
17826,0.000153,74.125.130.0-255,5379,31347,54,280328
17827,0.000155,172.31.46.0-255,66,31413,54,280328
17828,0.000244,74.125.130.0-255,1484,32897,54,280328
17829,0.000248,172.31.46.0-255,66,32963,54,280328
17830,0.000273,74.125.130.0-255,2902,35865,54,280328
17831,0.000276,172.31.46.0-255,66,35931,54,280328
17832,0.000282,74.125.130.0-255,5738,41669,54,280328
17833,0.000284,172.31.46.0-255,66,41735,54,280328
17834,0.000315,74.125.130.0-255,6797,48532,54,280328
17835,0.000317,172.31.46.0-255,66,48598,54,280328
17836,0.000616,74.125.130.0-255,1484,50082,54,280328
17837,0.00062,172.31.46.0-255,66,50148,54,280328
17838,0.000634,74.125.130.0-255,2902,53050,54,280328
17839,0.00064,172.31.46.0-255,66,53116,54,280328
17840,0.000667,74.125.130.0-255,4320,57436,54,280328
17841,0.000672,74.125.130.0-255,5738,63174,54,280328
17842,0.000676,172.31.46.0-255,66,63240,54,280328
17843,0.000678,172.31.46.0-255,66,63306,54,280328
17844,0.000711,74.125.130.0-255,3123,66429,54,280328
17845,0.000713,172.31.46.0-255,66,66495,54,280328
17846,0.000992,74.125.130.0-255,1484,67979,54,280328
17847,0.001,74.125.130.0-255,2902,70881,54,280328
17848,0.001003,172.31.46.0-255,66,70947,54,280328
17849,0.001035,74.125.130.0-255,4320,75267,54,280328
17850,0.001037,172.31.46.0-255,66,75333,54,280328
17851,0.001076,74.125.130.0-255,7156,82489,54,280328
17852,0.001078,172.31.46.0-255,66,82555,54,280328
17853,0.001105,74.125.130.0-255,2543,85098,54,280328
17854,0.001107,172.31.46.0-255,66,85164,54,280328
17855,0.001117,172.31.46.0-255,66,85230,54,280328
17856,0.001127,74.125.130.0-255,7156,92386,54,280328
17857,0.001129,172.31.46.0-255,66,92452,54,280328
17858,0.001132,74.125.130.0-255,1484,93936,54,280328
17859,0.001159,74.125.130.0-255,7156,101092,54,280328
17860,0.001161,172.31.46.0-255,66,101158,54,280328
17861,0.001167,74.125.130.0-255,6438,107596,54,280328
17862,0.001169,172.31.46.0-255,66,107662,54,280328
17863,0.001253,74.125.130.0-255,1484,109146,54,280328
17864,0.001284,74.125.130.0-255,1484,110630,54,280328
17865,0.001287,172.31.46.0-255,66,110696,54,280328
17866,0.001312,74.125.130.0-255,1484,112180,54,280328
17867,0.001318,74.125.130.0-255,5738,117918,54,280328
17868,0.001321,172.31.46.0-255,66,117984,54,280328
17869,0.001323,74.125.130.0-255,1484,119468,54,280328
17870,0.001328,74.125.130.0-255,2902,122370,54,280328
17871,0.00133,172.31.46.0-255,66,122436,54,280328
17872,0.001337,74.125.130.0-255,2902,125338,54,280328
17873,0.00134,172.31.46.0-255,66,125404,54,280328
17874,0.001368,74.125.130.0-255,2902,128306,54,280328
17875,0.001371,172.31.46.0-255,66,128372,54,280328
17876,0.001376,74.125.130.0-255,2902,131274,54,280328
17877,0.001378,172.31.46.0-255,66,131340,54,280328
17878,0.001382,74.125.130.0-255,2902,134242,54,280328
17879,0.001383,172.31.46.0-255,66,134308,54,280328
17880,0.001403,74.125.130.0-255,1484,135792,54,280328
17881,0.001413,74.125.130.0-255,5738,141530,54,280328
17882,0.001415,172.31.46.0-255,66,141596,54,280328
17883,0.001436,74.125.130.0-255,203,141799,54,280328
17884,0.001443,74.125.130.0-255,7156,148955,54,280328
17885,0.001445,172.31.46.0-255,66,149021,54,280328
17886,0.001482,74.125.130.0-255,1484,150505,54,280328
17887,0.001526,74.125.130.0-255,1484,151989,54,280328
17888,0.001533,74.125.130.0-255,5020,157009,54,280328
17889,0.001675,74.125.130.0-255,1484,158493,54,280328
17890,0.001695,74.125.130.0-255,2902,161395,54,280328
17891,0.001741,74.125.130.0-255,2902,164297,54,280328
17892,0.001766,74.125.130.0-255,4320,168617,54,280328
17893,0.001783,74.125.130.0-255,5738,174355,54,280328
17894,0.00182,74.125.130.0-255,7156,181511,54,280328
17895,0.001841,74.125.130.0-255,4320,185831,54,280328
17896,0.001844,74.125.130.0-255,1484,187315,54,280328
17897,0.001865,74.125.130.0-255,3602,190917,54,280328
17898,0.002089,74.125.130.0-255,1484,192401,54,280328
17899,0.002106,74.125.130.0-255,2902,195303,54,280328
17900,0.002113,74.125.130.0-255,5738,201041,54,280328
17901,0.002116,74.125.130.0-255,1484,202525,54,280328
17902,0.002142,74.125.130.0-255,4320,206845,54,280328
17903,0.002157,74.125.130.0-255,4320,211165,54,280328
17904,0.002177,74.125.130.0-255,2902,214067,54,280328
17905,0.002223,74.125.130.0-255,2184,216251,54,280328
17906,0.002932,172.31.46.0-255,66,216317,54,280328
17907,0.004185,172.31.46.0-255,101,216418,54,280328
17908,0.005222,74.125.130.0-255,5738,222156,54,280328
17909,0.005228,172.31.46.0-255,66,222222,54,280328
17910,0.006433,74.125.130.0-255,66,222288,54,280328
17911,0.007538,74.125.130.0-255,5738,228026,54,280328
17912,0.007543,172.31.46.0-255,66,228092,54,280328
17913,0.009826,74.125.130.0-255,5738,233830,54,280328
17914,0.009832,172.31.46.0-255,66,233896,54,280328
17915,0.012127,74.125.130.0-255,5738,239634,54,280328
17916,0.012135,172.31.46.0-255,66,239700,54,280328
17917,0.014423,74.125.130.0-255,5738,245438,54,280328
17918,0.014433,172.31.46.0-255,66,245504,54,280328
17919,0.016716,74.125.130.0-255,5738,251242,54,280328
17920,0.016725,172.31.46.0-255,66,251308,54,280328
17921,0.019015,74.125.130.0-255,5738,257046,54,280328
17922,0.019028,172.31.46.0-255,66,257112,54,280328
17923,0.021313,74.125.130.0-255,5738,262850,54,280328
17924,0.021325,172.31.46.0-255,66,262916,54,280328
17925,0.023612,74.125.130.0-255,5738,268654,54,280328
17926,0.023622,172.31.46.0-255,66,268720,54,280328
17927,0.025915,74.125.130.0-255,5738,274458,54,280328
17928,0.02592,172.31.46.0-255,66,274524,54,280328
17929,0.028219,74.125.130.0-255,5738,280262,54,280328
17930,0.02823,172.31.46.0-255,66,280328,54,280328
17931,0.0,74.125.68.0-255,146,146,54,232945
17932,2.2e-05,172.31.46.0-255,66,212,54,232945
17933,2.8e-05,74.125.68.0-255,1484,1696,54,232945
17934,3.2e-05,172.31.46.0-255,66,1762,54,232945
17935,3.7e-05,74.125.68.0-255,2902,4664,54,232945
17936,4e-05,172.31.46.0-255,66,4730,54,232945
17937,5.2e-05,74.125.68.0-255,5738,10468,54,232945
17938,5.5e-05,172.31.46.0-255,66,10534,54,232945
17939,7.6e-05,74.125.68.0-255,4320,14854,54,232945
17940,7.9e-05,172.31.46.0-255,66,14920,54,232945
17941,0.000103,74.125.68.0-255,713,15633,54,232945
17942,0.000106,172.31.46.0-255,66,15699,54,232945
17943,0.000112,74.125.68.0-255,5738,21437,54,232945
17944,0.000114,172.31.46.0-255,66,21503,54,232945
17945,0.000118,74.125.68.0-255,4320,25823,54,232945
17946,0.000124,172.31.46.0-255,66,25889,54,232945
17947,0.000154,74.125.68.0-255,5379,31268,54,232945
17948,0.000157,172.31.46.0-255,66,31334,54,232945
17949,0.000287,74.125.68.0-255,1484,32818,54,232945
17950,0.000291,172.31.46.0-255,66,32884,54,232945
17951,0.000313,74.125.68.0-255,2902,35786,54,232945
17952,0.000315,172.31.46.0-255,66,35852,54,232945
17953,0.00034,74.125.68.0-255,2902,38754,54,232945
17954,0.000343,172.31.46.0-255,66,38820,54,232945
17955,0.00037,74.125.68.0-255,2902,41722,54,232945
17956,0.000372,172.31.46.0-255,66,41788,54,232945
17957,0.000376,74.125.68.0-255,2902,44690,54,232945
17958,0.000378,172.31.46.0-255,66,44756,54,232945
17959,0.0004,74.125.68.0-255,4320,49076,54,232945
17960,0.000406,172.31.46.0-255,66,49142,54,232945
17961,0.000429,74.125.68.0-255,6797,55939,54,232945
17962,0.000431,172.31.46.0-255,66,56005,54,232945
17963,0.000436,74.125.68.0-255,4320,60325,54,232945
17964,0.000438,172.31.46.0-255,66,60391,54,232945
17965,0.000443,74.125.68.0-255,4320,64711,54,232945
17966,0.000445,172.31.46.0-255,66,64777,54,232945
17967,0.000462,74.125.68.0-255,1398,66175,54,232945
17968,0.000765,74.125.68.0-255,382,66557,54,232945
17969,0.000769,172.31.46.0-255,66,66623,54,232945
17970,0.000905,74.125.68.0-255,1484,68107,54,232945
17971,0.000917,74.125.68.0-255,2902,71009,54,232945
17972,0.00092,172.31.46.0-255,66,71075,54,232945
17973,0.000951,74.125.68.0-255,4320,75395,54,232945
17974,0.000953,172.31.46.0-255,66,75461,54,232945
17975,0.000981,74.125.68.0-255,5738,81199,54,232945
17976,0.000984,172.31.46.0-255,66,81265,54,232945
17977,0.001011,74.125.68.0-255,4320,85585,54,232945
17978,0.001013,172.31.46.0-255,66,85651,54,232945
17979,0.001041,74.125.68.0-255,2543,88194,54,232945
17980,0.001044,172.31.46.0-255,66,88260,54,232945
17981,0.00105,74.125.68.0-255,5738,93998,54,232945
17982,0.001052,172.31.46.0-255,66,94064,54,232945
17983,0.001068,74.125.68.0-255,2902,96966,54,232945
17984,0.001071,172.31.46.0-255,66,97032,54,232945
17985,0.0011,74.125.68.0-255,3412,100444,54,232945
17986,0.001104,172.31.46.0-255,66,100510,54,232945
17987,0.001176,74.125.68.0-255,1484,101994,54,232945
17988,0.00118,74.125.68.0-255,1484,103478,54,232945
17989,0.001183,172.31.46.0-255,66,103544,54,232945
17990,0.001208,74.125.68.0-255,1484,105028,54,232945
17991,0.001238,74.125.68.0-255,1484,106512,54,232945
17992,0.001241,172.31.46.0-255,66,106578,54,232945
17993,0.001269,74.125.68.0-255,4320,110898,54,232945
17994,0.001272,172.31.46.0-255,66,110964,54,232945
17995,0.00128,74.125.68.0-255,6783,117747,54,232945
17996,0.001282,172.31.46.0-255,66,117813,54,232945
17997,0.001322,74.125.68.0-255,1484,119297,54,232945
17998,0.001339,74.125.68.0-255,2902,122199,54,232945
17999,0.001341,172.31.46.0-255,66,122265,54,232945
18000,0.001381,74.125.68.0-255,5738,128003,54,232945
18001,0.001384,172.31.46.0-255,66,128069,54,232945
18002,0.001389,74.125.68.0-255,4320,132389,54,232945
18003,0.001391,172.31.46.0-255,66,132455,54,232945
18004,0.001427,74.125.68.0-255,5738,138193,54,232945
18005,0.00143,172.31.46.0-255,66,138259,54,232945
18006,0.001444,172.31.46.0-255,66,138325,54,232945
18007,0.001448,74.125.68.0-255,2184,140509,54,232945
18008,0.00145,172.31.46.0-255,66,140575,54,232945
18009,0.001945,74.125.68.0-255,1484,142059,54,232945
18010,0.001952,74.125.68.0-255,2902,144961,54,232945
18011,0.001955,172.31.46.0-255,66,145027,54,232945
18012,0.001984,74.125.68.0-255,5738,150765,54,232945
18013,0.002015,172.31.46.0-255,66,150831,54,232945
18014,0.002051,74.125.68.0-255,7156,157987,54,232945
18015,0.002054,172.31.46.0-255,66,158053,54,232945
18016,0.00207,172.31.46.0-255,66,158119,54,232945
18017,0.002077,74.125.68.0-255,7156,165275,54,232945
18018,0.002079,172.31.46.0-255,66,165341,54,232945
18019,0.002082,74.125.68.0-255,766,166107,54,232945
18020,0.002333,172.31.46.0-255,66,166173,54,232945
18021,0.004426,74.125.68.0-255,4320,170493,54,232945
18022,0.004434,172.31.46.0-255,66,170559,54,232945
18023,0.004704,74.125.68.0-255,1484,172043,54,232945
18024,0.00683,74.125.68.0-255,4320,176363,54,232945
18025,0.006837,172.31.46.0-255,66,176429,54,232945
18026,0.009189,74.125.68.0-255,5738,182167,54,232945
18027,0.009198,172.31.46.0-255,66,182233,54,232945
18028,0.011557,74.125.68.0-255,5738,187971,54,232945
18029,0.011569,172.31.46.0-255,66,188037,54,232945
18030,0.013925,74.125.68.0-255,5738,193775,54,232945
18031,0.013941,172.31.46.0-255,66,193841,54,232945
18032,0.016306,74.125.68.0-255,5738,199579,54,232945
18033,0.01632,172.31.46.0-255,66,199645,54,232945
18034,0.018668,74.125.68.0-255,5738,205383,54,232945
18035,0.018676,172.31.46.0-255,66,205449,54,232945
18036,0.021027,74.125.68.0-255,5738,211187,54,232945
18037,0.021037,172.31.46.0-255,66,211253,54,232945
18038,0.023399,74.125.68.0-255,5738,216991,54,232945
18039,0.023408,172.31.46.0-255,66,217057,54,232945
18040,0.025753,74.125.68.0-255,5738,222795,54,232945
18041,0.025761,172.31.46.0-255,66,222861,54,232945
18042,0.027276,172.31.46.0-255,172,223033,54,232945
18043,0.02731,172.31.46.0-255,1119,224152,54,232945
18044,0.027366,172.31.46.0-255,1514,225666,54,232945
18045,0.027368,172.31.46.0-255,1277,226943,54,232945
18046,0.028114,74.125.68.0-255,5738,232681,54,232945
18047,0.028121,172.31.46.0-255,66,232747,54,232945
18048,0.02887,104.244.42.0-255,66,232813,54,232945
18049,0.028899,104.244.42.0-255,66,232879,54,232945
18050,0.028957,104.244.42.0-255,66,232945,54,232945
18051,0.0,172.217.194.0-255,152,152,54,222666
18052,1.3e-05,172.31.46.0-255,66,218,54,222666
18053,1.9e-05,172.217.194.0-255,1484,1702,54,222666
18054,2.2e-05,172.31.46.0-255,66,1768,54,222666
18055,2.7e-05,172.217.194.0-255,2902,4670,54,222666
18056,2.9e-05,172.31.46.0-255,66,4736,54,222666
18057,4.3e-05,172.217.194.0-255,7156,11892,54,222666
18058,4.5e-05,172.31.46.0-255,66,11958,54,222666
18059,8.8e-05,172.31.46.0-255,66,12024,54,222666
18060,9.2e-05,172.217.194.0-255,2543,14567,54,222666
18061,9.4e-05,172.31.46.0-255,66,14633,54,222666
18062,0.000145,172.217.194.0-255,1484,16117,54,222666
18063,0.000148,172.31.46.0-255,66,16183,54,222666
18064,0.000152,172.217.194.0-255,2902,19085,54,222666
18065,0.000154,172.31.46.0-255,66,19151,54,222666
18066,0.000156,172.217.194.0-255,1484,20635,54,222666
18067,0.000158,172.31.46.0-255,66,20701,54,222666
18068,0.000203,172.217.194.0-255,4320,25021,54,222666
18069,0.000205,172.31.46.0-255,66,25087,54,222666
18070,0.000212,172.217.194.0-255,5738,30825,54,222666
18071,0.000214,172.31.46.0-255,66,30891,54,222666
18072,0.000221,172.217.194.0-255,7156,38047,54,222666
18073,0.000227,172.31.46.0-255,66,38113,54,222666
18074,0.000256,172.217.194.0-255,6797,44910,54,222666
18075,0.000262,172.31.46.0-255,66,44976,54,222666
18076,0.000267,172.217.194.0-255,4216,49192,54,222666
18077,0.000269,172.31.46.0-255,66,49258,54,222666
18078,0.000272,172.217.194.0-255,432,49690,54,222666
18079,0.000273,172.31.46.0-255,66,49756,54,222666
18080,0.000335,172.217.194.0-255,1484,51240,54,222666
18081,0.000339,172.31.46.0-255,66,51306,54,222666
18082,0.000343,172.217.194.0-255,2902,54208,54,222666
18083,0.000345,172.31.46.0-255,66,54274,54,222666
18084,0.000348,172.217.194.0-255,1484,55758,54,222666
18085,0.000377,172.217.194.0-255,4320,60078,54,222666
18086,0.00038,172.31.46.0-255,66,60144,54,222666
18087,0.000386,172.217.194.0-255,6797,66941,54,222666
18088,0.000388,172.31.46.0-255,66,67007,54,222666
18089,0.000427,172.217.194.0-255,7156,74163,54,222666
18090,0.000429,172.31.46.0-255,66,74229,54,222666
18091,0.000462,172.217.194.0-255,5738,79967,54,222666
18092,0.000464,172.31.46.0-255,66,80033,54,222666
18093,0.000487,172.217.194.0-255,3961,83994,54,222666
18094,0.00049,172.31.46.0-255,66,84060,54,222666
18095,0.000596,172.217.194.0-255,1484,85544,54,222666
18096,0.000601,172.217.194.0-255,2902,88446,54,222666
18097,0.000605,172.31.46.0-255,66,88512,54,222666
18098,0.000625,172.217.194.0-255,4320,92832,54,222666
18099,0.000628,172.31.46.0-255,66,92898,54,222666
18100,0.000654,172.217.194.0-255,1484,94382,54,222666
18101,0.000668,172.31.46.0-255,66,94448,54,222666
18102,0.000681,172.31.46.0-255,66,94514,54,222666
18103,0.000706,172.217.194.0-255,1484,95998,54,222666
18104,0.000724,172.217.194.0-255,4320,100318,54,222666
18105,0.000727,172.31.46.0-255,66,100384,54,222666
18106,0.000734,172.217.194.0-255,7156,107540,54,222666
18107,0.000736,172.31.46.0-255,66,107606,54,222666
18108,0.000787,172.31.46.0-255,66,107672,54,222666
18109,0.000793,172.217.194.0-255,6438,114110,54,222666
18110,0.000796,172.31.46.0-255,66,114176,54,222666
18111,0.00085,172.217.194.0-255,1484,115660,54,222666
18112,0.000855,172.217.194.0-255,2902,118562,54,222666
18113,0.000858,172.31.46.0-255,66,118628,54,222666
18114,0.000888,172.217.194.0-255,5738,124366,54,222666
18115,0.000891,172.31.46.0-255,66,124432,54,222666
18116,0.000896,172.217.194.0-255,2902,127334,54,222666
18117,0.000898,172.31.46.0-255,66,127400,54,222666
18118,0.000954,172.31.46.0-255,66,127466,54,222666
18119,0.000962,172.31.46.0-255,66,127532,54,222666
18120,0.001213,172.217.194.0-255,1484,129016,54,222666
18121,0.001227,172.217.194.0-255,2902,131918,54,222666
18122,0.00123,172.31.46.0-255,66,131984,54,222666
18123,0.001235,172.217.194.0-255,1484,133468,54,222666
18124,0.00126,172.217.194.0-255,4320,137788,54,222666
18125,0.001262,172.31.46.0-255,66,137854,54,222666
18126,0.001275,172.31.46.0-255,66,137920,54,222666
18127,0.001302,172.217.194.0-255,1484,139404,54,222666
18128,0.001315,172.31.46.0-255,66,139470,54,222666
18129,0.001341,172.217.194.0-255,5738,145208,54,222666
18130,0.001344,172.31.46.0-255,66,145274,54,222666
18131,0.001352,172.217.194.0-255,7156,152430,54,222666
18132,0.001354,172.31.46.0-255,66,152496,54,222666
18133,0.001375,172.217.194.0-255,5738,158234,54,222666
18134,0.001377,172.31.46.0-255,66,158300,54,222666
18135,0.001409,172.31.46.0-255,66,158366,54,222666
18136,0.001416,172.217.194.0-255,6438,164804,54,222666
18137,0.001418,172.31.46.0-255,66,164870,54,222666
18138,0.001497,172.217.194.0-255,1484,166354,54,222666
18139,0.001503,172.217.194.0-255,2902,169256,54,222666
18140,0.001505,172.31.46.0-255,66,169322,54,222666
18141,0.001509,172.217.194.0-255,1484,170806,54,222666
18142,0.001535,172.217.194.0-255,4320,175126,54,222666
18143,0.001538,172.31.46.0-255,66,175192,54,222666
18144,0.001546,172.217.194.0-255,7156,182348,54,222666
18145,0.001593,172.217.194.0-255,7156,189504,54,222666
18146,0.0016,172.31.46.0-255,66,189570,54,222666
18147,0.001611,172.217.194.0-255,7156,196726,54,222666
18148,0.001615,172.217.194.0-255,2184,198910,54,222666
18149,0.001622,172.217.194.0-255,2902,201812,54,222666
18150,0.001634,172.31.46.0-255,66,201878,54,222666
18151,0.001642,172.217.194.0-255,7156,209034,54,222666
18152,0.001688,172.217.194.0-255,2902,211936,54,222666
18153,0.001722,172.31.46.0-255,66,212002,54,222666
18154,0.001728,172.31.46.0-255,66,212068,54,222666
18155,0.001748,172.217.194.0-255,2902,214970,54,222666
18156,0.001754,172.217.194.0-255,5738,220708,54,222666
18157,0.001795,172.31.46.0-255,66,220774,54,222666
18158,0.001801,172.31.46.0-255,66,220840,54,222666
18159,0.001861,172.217.194.0-255,1484,222324,54,222666
18160,0.001894,172.217.194.0-255,105,222429,54,222666
18161,0.001901,172.31.46.0-255,66,222495,54,222666
18162,0.010887,172.31.46.0-255,105,222600,54,222666
18163,0.013146,172.217.194.0-255,66,222666,54,222666
18164,0.0,172.217.27.0-255,152,152,54,185618
18165,2.4e-05,172.31.46.0-255,66,218,54,185618
18166,3.1e-05,172.217.27.0-255,1484,1702,54,185618
18167,3.6e-05,172.31.46.0-255,66,1768,54,185618
18168,4.3e-05,172.217.27.0-255,2902,4670,54,185618
18169,4.6e-05,172.31.46.0-255,66,4736,54,185618
18170,5.2e-05,172.217.27.0-255,4320,9056,54,185618
18171,5.4e-05,172.31.46.0-255,66,9122,54,185618
18172,7.9e-05,172.217.27.0-255,2902,12024,54,185618
18173,8.2e-05,172.31.46.0-255,66,12090,54,185618
18174,9.9e-05,172.217.27.0-255,2039,14129,54,185618
18175,0.000102,172.31.46.0-255,66,14195,54,185618
18176,0.000178,172.217.27.0-255,1484,15679,54,185618
18177,0.000181,172.31.46.0-255,66,15745,54,185618
18178,0.000186,172.217.27.0-255,2902,18647,54,185618
18179,0.000188,172.31.46.0-255,66,18713,54,185618
18180,0.000206,172.217.27.0-255,1484,20197,54,185618
18181,0.000208,172.31.46.0-255,66,20263,54,185618
18182,0.000233,172.217.27.0-255,4320,24583,54,185618
18183,0.000236,172.31.46.0-255,66,24649,54,185618
18184,0.000243,172.217.27.0-255,6797,31446,54,185618
18185,0.000246,172.31.46.0-255,66,31512,54,185618
18186,0.000644,172.217.27.0-255,1484,32996,54,185618
18187,0.00065,172.31.46.0-255,66,33062,54,185618
18188,0.000656,172.217.27.0-255,2902,35964,54,185618
18189,0.000658,172.31.46.0-255,66,36030,54,185618
18190,0.000664,172.217.27.0-255,4320,40350,54,185618
18191,0.000666,172.31.46.0-255,66,40416,54,185618
18192,0.000681,172.217.27.0-255,1484,41900,54,185618
18193,0.000684,172.31.46.0-255,66,41966,54,185618
18194,0.000706,172.217.27.0-255,4320,46286,54,185618
18195,0.000709,172.31.46.0-255,66,46352,54,185618
18196,0.000732,172.217.27.0-255,5379,51731,54,185618
18197,0.000735,172.31.46.0-255,66,51797,54,185618
18198,0.000739,172.217.27.0-255,2902,54699,54,185618
18199,0.000741,172.31.46.0-255,66,54765,54,185618
18200,0.000766,172.217.27.0-255,2902,57667,54,185618
18201,0.000768,172.31.46.0-255,66,57733,54,185618
18202,0.000779,172.31.46.0-255,66,57799,54,185618
18203,0.001157,172.217.27.0-255,114,57913,54,185618
18204,0.001263,172.217.27.0-255,1484,59397,54,185618
18205,0.001268,172.31.46.0-255,66,59463,54,185618
18206,0.001275,172.217.27.0-255,2902,62365,54,185618
18207,0.001278,172.31.46.0-255,66,62431,54,185618
18208,0.001281,172.217.27.0-255,1484,63915,54,185618
18209,0.00131,172.217.27.0-255,4320,68235,54,185618
18210,0.001313,172.31.46.0-255,66,68301,54,185618
18211,0.001325,172.217.27.0-255,2902,71203,54,185618
18212,0.001328,172.31.46.0-255,66,71269,54,185618
18213,0.001355,172.31.46.0-255,66,71335,54,185618
18214,0.001372,172.217.27.0-255,2543,73878,54,185618
18215,0.001374,172.31.46.0-255,66,73944,54,185618
18216,0.001381,172.217.27.0-255,4320,78264,54,185618
18217,0.001383,172.31.46.0-255,66,78330,54,185618
18218,0.001409,172.217.27.0-255,5644,83974,54,185618
18219,0.001412,172.31.46.0-255,66,84040,54,185618
18220,0.003083,172.217.27.0-255,5738,89778,54,185618
18221,0.003092,172.31.46.0-255,66,89844,54,185618
18222,0.004749,172.217.27.0-255,5738,95582,54,185618
18223,0.004754,172.31.46.0-255,66,95648,54,185618
18224,0.006411,172.217.27.0-255,5738,101386,54,185618
18225,0.006415,172.31.46.0-255,66,101452,54,185618
18226,0.008102,172.217.27.0-255,5738,107190,54,185618
18227,0.008113,172.31.46.0-255,66,107256,54,185618
18228,0.009795,172.217.27.0-255,5738,112994,54,185618
18229,0.009809,172.31.46.0-255,66,113060,54,185618
18230,0.011482,172.217.27.0-255,5738,118798,54,185618
18231,0.011492,172.31.46.0-255,66,118864,54,185618
18232,0.013176,172.217.27.0-255,5738,124602,54,185618
18233,0.013185,172.31.46.0-255,66,124668,54,185618
18234,0.014849,172.217.27.0-255,5738,130406,54,185618
18235,0.014859,172.31.46.0-255,66,130472,54,185618
18236,0.016552,172.217.27.0-255,5738,136210,54,185618
18237,0.016566,172.31.46.0-255,66,136276,54,185618
18238,0.018244,172.217.27.0-255,5738,142014,54,185618
18239,0.018255,172.31.46.0-255,66,142080,54,185618
18240,0.019965,172.217.27.0-255,5738,147818,54,185618
18241,0.019976,172.31.46.0-255,66,147884,54,185618
18242,0.021639,172.217.27.0-255,2902,150786,54,185618
18243,0.021647,172.31.46.0-255,66,150852,54,185618
18244,0.021668,172.217.27.0-255,2902,153754,54,185618
18245,0.021671,172.31.46.0-255,66,153820,54,185618
18246,0.023086,172.31.46.0-255,167,153987,54,185618
18247,0.02312,172.31.46.0-255,1119,155106,54,185618
18248,0.023183,172.31.46.0-255,1514,156620,54,185618
18249,0.023185,172.31.46.0-255,1514,158134,54,185618
18250,0.023186,172.31.46.0-255,1514,159648,54,185618
18251,0.023187,172.31.46.0-255,1514,161162,54,185618
18252,0.023188,172.31.46.0-255,538,161700,54,185618
18253,0.023306,172.217.27.0-255,2902,164602,54,185618
18254,0.023312,172.31.46.0-255,66,164668,54,185618
18255,0.023332,172.217.27.0-255,2902,167570,54,185618
18256,0.023334,172.31.46.0-255,66,167636,54,185618
18257,0.024642,104.244.42.0-255,66,167702,54,185618
18258,0.024694,104.244.42.0-255,66,167768,54,185618
18259,0.024814,104.244.42.0-255,66,167834,54,185618
18260,0.02482,104.244.42.0-255,66,167900,54,185618
18261,0.024966,172.217.27.0-255,2902,170802,54,185618
18262,0.024972,172.31.46.0-255,66,170868,54,185618
18263,0.024995,172.217.27.0-255,2902,173770,54,185618
18264,0.024998,172.31.46.0-255,66,173836,54,185618
18265,0.025608,104.244.42.0-255,108,173944,54,185618
18266,0.025616,172.31.46.0-255,66,174010,54,185618
18267,0.026653,172.217.27.0-255,5738,179748,54,185618
18268,0.026658,172.31.46.0-255,66,179814,54,185618
18269,0.02834,172.217.27.0-255,5738,185552,54,185618
18270,0.028347,172.31.46.0-255,66,185618,54,185618
18271,0.0,74.125.24.0-255,146,146,54,187801
18272,1.7e-05,172.31.46.0-255,66,212,54,187801
18273,2.4e-05,74.125.24.0-255,1484,1696,54,187801
18274,2.8e-05,172.31.46.0-255,66,1762,54,187801
18275,3.4e-05,74.125.24.0-255,2902,4664,54,187801
18276,4.5e-05,172.31.46.0-255,66,4730,54,187801
18277,5.2e-05,74.125.24.0-255,7156,11886,54,187801
18278,5.6e-05,172.31.46.0-255,66,11952,54,187801
18279,6.1e-05,74.125.24.0-255,3441,15393,54,187801
18280,6.4e-05,172.31.46.0-255,66,15459,54,187801
18281,7e-05,74.125.24.0-255,4320,19779,54,187801
18282,7.3e-05,172.31.46.0-255,66,19845,54,187801
18283,7.7e-05,74.125.24.0-255,1484,21329,54,187801
18284,7.9e-05,172.31.46.0-255,66,21395,54,187801
18285,0.000126,172.31.46.0-255,66,21461,54,187801
18286,0.000129,74.125.24.0-255,1125,22586,54,187801
18287,0.000132,172.31.46.0-255,66,22652,54,187801
18288,0.000176,74.125.24.0-255,1484,24136,54,187801
18289,0.000179,172.31.46.0-255,66,24202,54,187801
18290,0.000183,74.125.24.0-255,2902,27104,54,187801
18291,0.000185,172.31.46.0-255,66,27170,54,187801
18292,0.000192,74.125.24.0-255,5738,32908,54,187801
18293,0.000194,172.31.46.0-255,66,32974,54,187801
18294,0.0002,74.125.24.0-255,5738,38712,54,187801
18295,0.000203,172.31.46.0-255,66,38778,54,187801
18296,0.000253,172.31.46.0-255,66,38844,54,187801
18297,0.000259,74.125.24.0-255,4227,43071,54,187801
18298,0.000261,172.31.46.0-255,66,43137,54,187801
18299,0.000564,74.125.24.0-255,134,43271,54,187801
18300,0.00057,172.31.46.0-255,66,43337,54,187801
18301,0.000721,74.125.24.0-255,1484,44821,54,187801
18302,0.000726,172.31.46.0-255,66,44887,54,187801
18303,0.000732,74.125.24.0-255,2902,47789,54,187801
18304,0.000734,172.31.46.0-255,66,47855,54,187801
18305,0.000746,74.125.24.0-255,4320,52175,54,187801
18306,0.000748,172.31.46.0-255,66,52241,54,187801
18307,0.000779,74.125.24.0-255,1484,53725,54,187801
18308,0.000782,172.31.46.0-255,66,53791,54,187801
18309,0.000799,172.31.46.0-255,66,53857,54,187801
18310,0.000837,172.31.46.0-255,66,53923,54,187801
18311,0.000864,74.125.24.0-255,1484,55407,54,187801
18312,0.000866,172.31.46.0-255,66,55473,54,187801
18313,0.000871,74.125.24.0-255,2902,58375,54,187801
18314,0.000873,172.31.46.0-255,66,58441,54,187801
18315,0.000901,74.125.24.0-255,5738,64179,54,187801
18316,0.000904,172.31.46.0-255,66,64245,54,187801
18317,0.000919,172.31.46.0-255,66,64311,54,187801
18318,0.000962,74.125.24.0-255,4320,68631,54,187801
18319,0.000966,172.31.46.0-255,66,68697,54,187801
18320,0.000997,172.31.46.0-255,66,68763,54,187801
18321,0.001,74.125.24.0-255,1484,70247,54,187801
18322,0.001002,172.31.46.0-255,66,70313,54,187801
18323,0.001045,172.31.46.0-255,66,70379,54,187801
18324,0.001057,172.31.46.0-255,66,70445,54,187801
18325,0.001096,74.125.24.0-255,7156,77601,54,187801
18326,0.001099,172.31.46.0-255,66,77667,54,187801
18327,0.001102,74.125.24.0-255,766,78433,54,187801
18328,0.001105,172.31.46.0-255,66,78499,54,187801
18329,0.00113,74.125.24.0-255,1484,79983,54,187801
18330,0.001132,172.31.46.0-255,66,80049,54,187801
18331,0.001137,74.125.24.0-255,2902,82951,54,187801
18332,0.001139,172.31.46.0-255,66,83017,54,187801
18333,0.001168,74.125.24.0-255,1484,84501,54,187801
18334,0.00117,172.31.46.0-255,66,84567,54,187801
18335,0.001175,74.125.24.0-255,2902,87469,54,187801
18336,0.001187,74.125.24.0-255,5738,93207,54,187801
18337,0.00119,74.125.24.0-255,1484,94691,54,187801
18338,0.001198,172.31.46.0-255,66,94757,54,187801
18339,0.00124,74.125.24.0-255,5738,100495,54,187801
18340,0.001247,172.31.46.0-255,66,100561,54,187801
18341,0.001257,74.125.24.0-255,766,101327,54,187801
18342,0.001294,74.125.24.0-255,1484,102811,54,187801
18343,0.001297,74.125.24.0-255,1484,104295,54,187801
18344,0.001317,74.125.24.0-255,2902,107197,54,187801
18345,0.001323,74.125.24.0-255,7156,114353,54,187801
18346,0.001361,172.31.46.0-255,66,114419,54,187801
18347,0.001392,74.125.24.0-255,5020,119439,54,187801
18348,0.001398,172.31.46.0-255,66,119505,54,187801
18349,0.00365,74.125.24.0-255,5738,125243,54,187801
18350,0.003657,172.31.46.0-255,66,125309,54,187801
18351,0.005893,74.125.24.0-255,4320,129629,54,187801
18352,0.005897,172.31.46.0-255,66,129695,54,187801
18353,0.005929,74.125.24.0-255,1484,131179,54,187801
18354,0.008158,74.125.24.0-255,4320,135499,54,187801
18355,0.008161,172.31.46.0-255,66,135565,54,187801
18356,0.010442,74.125.24.0-255,5738,141303,54,187801
18357,0.01045,172.31.46.0-255,66,141369,54,187801
18358,0.012695,74.125.24.0-255,5738,147107,54,187801
18359,0.012704,172.31.46.0-255,66,147173,54,187801
18360,0.014945,74.125.24.0-255,5738,152911,54,187801
18361,0.014952,172.31.46.0-255,66,152977,54,187801
18362,0.017204,74.125.24.0-255,5738,158715,54,187801
18363,0.017212,172.31.46.0-255,66,158781,54,187801
18364,0.019447,74.125.24.0-255,5738,164519,54,187801
18365,0.019457,172.31.46.0-255,66,164585,54,187801
18366,0.021697,74.125.24.0-255,5738,170323,54,187801
18367,0.021706,172.31.46.0-255,66,170389,54,187801
18368,0.023932,74.125.24.0-255,5738,176127,54,187801
18369,0.023938,172.31.46.0-255,66,176193,54,187801
18370,0.026177,74.125.24.0-255,5738,181931,54,187801
18371,0.026185,172.31.46.0-255,66,181997,54,187801
18372,0.028412,74.125.24.0-255,5738,187735,54,187801
18373,0.028421,172.31.46.0-255,66,187801,54,187801
18374,0.0,172.217.194.0-255,152,152,54,183463
18375,2.2e-05,172.31.46.0-255,66,218,54,183463
18376,2.8e-05,172.217.194.0-255,1484,1702,54,183463
18377,3.3e-05,172.31.46.0-255,66,1768,54,183463
18378,3.7e-05,172.217.194.0-255,2902,4670,54,183463
18379,4e-05,172.31.46.0-255,66,4736,54,183463
18380,4.7e-05,172.217.194.0-255,7156,11892,54,183463
18381,4.9e-05,172.31.46.0-255,66,11958,54,183463
18382,5.2e-05,172.217.194.0-255,1484,13442,54,183463
18383,5.5e-05,172.31.46.0-255,66,13508,54,183463
18384,8.5e-05,172.217.194.0-255,6184,19692,54,183463
18385,8.8e-05,172.31.46.0-255,66,19758,54,183463
18386,9.9e-05,172.31.46.0-255,66,19824,54,183463
18387,0.000186,172.217.194.0-255,1484,21308,54,183463
18388,0.000189,172.31.46.0-255,66,21374,54,183463
18389,0.000194,172.217.194.0-255,2902,24276,54,183463
18390,0.000196,172.31.46.0-255,66,24342,54,183463
18391,0.000222,172.217.194.0-255,5738,30080,54,183463
18392,0.000225,172.31.46.0-255,66,30146,54,183463
18393,0.00024,172.217.194.0-255,1484,31630,54,183463
18394,0.000242,172.31.46.0-255,66,31696,54,183463
18395,0.000262,172.31.46.0-255,66,31762,54,183463
18396,0.000267,172.217.194.0-255,4320,36082,54,183463
18397,0.000269,172.31.46.0-255,66,36148,54,183463
18398,0.000294,172.217.194.0-255,5738,41886,54,183463
18399,0.000296,172.31.46.0-255,66,41952,54,183463
18400,0.0003,172.217.194.0-255,3961,45913,54,183463
18401,0.000302,172.31.46.0-255,66,45979,54,183463
18402,0.000493,172.217.194.0-255,647,46626,54,183463
18403,0.000497,172.31.46.0-255,66,46692,54,183463
18404,0.000672,172.217.194.0-255,1484,48176,54,183463
18405,0.000678,172.217.194.0-255,2902,51078,54,183463
18406,0.00068,172.31.46.0-255,66,51144,54,183463
18407,0.000704,172.217.194.0-255,1484,52628,54,183463
18408,0.000729,172.217.194.0-255,4320,56948,54,183463
18409,0.000731,172.31.46.0-255,66,57014,54,183463
18410,0.000743,172.31.46.0-255,66,57080,54,183463
18411,0.000746,172.217.194.0-255,1484,58564,54,183463
18412,0.000775,172.31.46.0-255,66,58630,54,183463
18413,0.000866,172.217.194.0-255,1484,60114,54,183463
18414,0.00087,172.217.194.0-255,2902,63016,54,183463
18415,0.000872,172.31.46.0-255,66,63082,54,183463
18416,0.000895,172.217.194.0-255,5738,68820,54,183463
18417,0.000897,172.31.46.0-255,66,68886,54,183463
18418,0.000904,172.217.194.0-255,7156,76042,54,183463
18419,0.000906,172.31.46.0-255,66,76108,54,183463
18420,0.00093,172.217.194.0-255,5738,81846,54,183463
18421,0.000933,172.31.46.0-255,66,81912,54,183463
18422,0.000959,172.31.46.0-255,66,81978,54,183463
18423,0.000962,172.217.194.0-255,2184,84162,54,183463
18424,0.000964,172.31.46.0-255,66,84228,54,183463
18425,0.001389,172.217.194.0-255,1484,85712,54,183463
18426,0.001395,172.217.194.0-255,2902,88614,54,183463
18427,0.001397,172.31.46.0-255,66,88680,54,183463
18428,0.001402,172.217.194.0-255,2902,91582,54,183463
18429,0.001403,172.31.46.0-255,66,91648,54,183463
18430,0.001418,172.217.194.0-255,2902,94550,54,183463
18431,0.001421,172.31.46.0-255,66,94616,54,183463
18432,0.001433,172.217.194.0-255,1484,96100,54,183463
18433,0.001463,172.31.46.0-255,66,96166,54,183463
18434,0.001475,172.31.46.0-255,66,96232,54,183463
18435,0.001509,172.217.194.0-255,2902,99134,54,183463
18436,0.001511,172.31.46.0-255,66,99200,54,183463
18437,0.001539,172.31.46.0-255,66,99266,54,183463
18438,0.001549,172.31.46.0-255,66,99332,54,183463
18439,0.001589,172.31.46.0-255,66,99398,54,183463
18440,0.001618,172.217.194.0-255,2902,102300,54,183463
18441,0.001623,172.31.46.0-255,66,102366,54,183463
18442,0.001642,172.217.194.0-255,2902,105268,54,183463
18443,0.001644,172.31.46.0-255,66,105334,54,183463
18444,0.00165,172.217.194.0-255,7156,112490,54,183463
18445,0.001652,172.31.46.0-255,66,112556,54,183463
18446,0.001658,172.217.194.0-255,7156,119712,54,183463
18447,0.00166,172.31.46.0-255,66,119778,54,183463
18448,0.001685,172.217.194.0-255,7156,126934,54,183463
18449,0.001687,172.31.46.0-255,66,127000,54,183463
18450,0.001693,172.217.194.0-255,6438,133438,54,183463
18451,0.001695,172.31.46.0-255,66,133504,54,183463
18452,0.001745,172.217.194.0-255,1484,134988,54,183463
18453,0.001749,172.217.194.0-255,1484,136472,54,183463
18454,0.00175,172.31.46.0-255,66,136538,54,183463
18455,0.001768,172.217.194.0-255,1484,138022,54,183463
18456,0.001774,172.217.194.0-255,5738,143760,54,183463
18457,0.001796,172.31.46.0-255,66,143826,54,183463
18458,0.001813,172.31.46.0-255,66,143892,54,183463
18459,0.001881,172.31.46.0-255,66,143958,54,183463
18460,0.001888,172.217.194.0-255,7156,151114,54,183463
18461,0.00189,172.31.46.0-255,66,151180,54,183463
18462,0.001927,172.31.46.0-255,66,151246,54,183463
18463,0.001929,172.217.194.0-255,1484,152730,54,183463
18464,0.001964,172.217.194.0-255,5738,158468,54,183463
18465,0.001967,172.31.46.0-255,66,158534,54,183463
18466,0.002013,172.31.46.0-255,66,158600,54,183463
18467,0.002019,172.217.194.0-255,3602,162202,54,183463
18468,0.002021,172.31.46.0-255,66,162268,54,183463
18469,0.002026,172.217.194.0-255,4320,166588,54,183463
18470,0.002029,172.31.46.0-255,66,166654,54,183463
18471,0.002039,172.31.46.0-255,66,166720,54,183463
18472,0.002048,172.31.46.0-255,66,166786,54,183463
18473,0.002084,172.217.194.0-255,7156,173942,54,183463
18474,0.002088,172.31.46.0-255,66,174008,54,183463
18475,0.002118,172.31.46.0-255,66,174074,54,183463
18476,0.002128,172.31.46.0-255,66,174140,54,183463
18477,0.002147,172.31.46.0-255,66,174206,54,183463
18478,0.002153,172.217.194.0-255,5020,179226,54,183463
18479,0.002155,172.31.46.0-255,66,179292,54,183463
18480,0.00218,172.217.194.0-255,2902,182194,54,183463
18481,0.002182,172.31.46.0-255,66,182260,54,183463
18482,0.002207,172.31.46.0-255,66,182326,54,183463
18483,0.002223,172.217.194.0-255,105,182431,54,183463
18484,0.002278,172.217.194.0-255,129,182560,54,183463
18485,0.01034,172.31.46.0-255,105,182665,54,183463
18486,0.010381,172.31.46.0-255,105,182770,54,183463
18487,0.010653,172.31.46.0-255,90,182860,54,183463
18488,0.010662,172.31.46.0-255,66,182926,54,183463
18489,0.011654,172.217.194.0-255,129,183055,54,183463
18490,0.011666,172.31.46.0-255,78,183133,54,183463
18491,0.012601,172.217.194.0-255,66,183199,54,183463
18492,0.012662,172.217.194.0-255,66,183265,54,183463
18493,0.012914,172.217.194.0-255,66,183331,54,183463
18494,0.013028,172.217.194.0-255,66,183397,54,183463
18495,0.013036,172.31.46.0-255,66,183463,54,183463
18496,0.0,74.125.24.0-255,303,303,54,166353
18497,2.4e-05,172.31.46.0-255,66,369,54,166353
18498,3e-05,74.125.24.0-255,1484,1853,54,166353
18499,3.6e-05,172.31.46.0-255,66,1919,54,166353
18500,4.3e-05,74.125.24.0-255,4320,6239,54,166353
18501,4.7e-05,172.31.46.0-255,66,6305,54,166353
18502,6e-05,172.31.46.0-255,66,6371,54,166353
18503,6.3e-05,74.125.24.0-255,1484,7855,54,166353
18504,6.6e-05,172.31.46.0-255,66,7921,54,166353
18505,9.5e-05,74.125.24.0-255,7156,15077,54,166353
18506,9.8e-05,172.31.46.0-255,66,15143,54,166353
18507,0.000109,172.31.46.0-255,66,15209,54,166353
18508,0.000145,74.125.24.0-255,7156,22365,54,166353
18509,0.000147,172.31.46.0-255,66,22431,54,166353
18510,0.000175,172.31.46.0-255,66,22497,54,166353
18511,0.000199,172.31.46.0-255,66,22563,54,166353
18512,0.000222,74.125.24.0-255,6797,29360,54,166353
18513,0.000224,172.31.46.0-255,66,29426,54,166353
18514,0.000655,74.125.24.0-255,649,30075,54,166353
18515,0.000662,172.31.46.0-255,66,30141,54,166353
18516,0.001519,74.125.24.0-255,1484,31625,54,166353
18517,0.001527,172.31.46.0-255,66,31691,54,166353
18518,0.001538,74.125.24.0-255,2902,34593,54,166353
18519,0.00154,172.31.46.0-255,66,34659,54,166353
18520,0.001547,74.125.24.0-255,5738,40397,54,166353
18521,0.00155,172.31.46.0-255,66,40463,54,166353
18522,0.00158,172.31.46.0-255,66,40529,54,166353
18523,0.001621,74.125.24.0-255,4320,44849,54,166353
18524,0.001624,172.31.46.0-255,66,44915,54,166353
18525,0.001651,172.31.46.0-255,66,44981,54,166353
18526,0.002144,74.125.24.0-255,1484,46465,54,166353
18527,0.002156,74.125.24.0-255,2902,49367,54,166353
18528,0.002161,172.31.46.0-255,66,49433,54,166353
18529,0.002166,74.125.24.0-255,2902,52335,54,166353
18530,0.002168,172.31.46.0-255,66,52401,54,166353
18531,0.002208,74.125.24.0-255,2902,55303,54,166353
18532,0.002211,172.31.46.0-255,66,55369,54,166353
18533,0.002232,74.125.24.0-255,4320,59689,54,166353
18534,0.002234,172.31.46.0-255,66,59755,54,166353
18535,0.00224,74.125.24.0-255,4320,64075,54,166353
18536,0.002242,172.31.46.0-255,66,64141,54,166353
18537,0.002245,74.125.24.0-255,1484,65625,54,166353
18538,0.00228,172.31.46.0-255,66,65691,54,166353
18539,0.002285,74.125.24.0-255,2184,67875,54,166353
18540,0.002287,172.31.46.0-255,66,67941,54,166353
18541,0.00234,74.125.24.0-255,1484,69425,54,166353
18542,0.002353,74.125.24.0-255,2902,72327,54,166353
18543,0.002357,172.31.46.0-255,66,72393,54,166353
18544,0.002377,74.125.24.0-255,4320,76713,54,166353
18545,0.00238,172.31.46.0-255,66,76779,54,166353
18546,0.002394,74.125.24.0-255,4320,81099,54,166353
18547,0.002397,172.31.46.0-255,66,81165,54,166353
18548,0.002415,74.125.24.0-255,4320,85485,54,166353
18549,0.002417,172.31.46.0-255,66,85551,54,166353
18550,0.002442,172.31.46.0-255,66,85617,54,166353
18551,0.002467,74.125.24.0-255,5738,91355,54,166353
18552,0.00247,172.31.46.0-255,66,91421,54,166353
18553,0.002475,74.125.24.0-255,2184,93605,54,166353
18554,0.002477,172.31.46.0-255,66,93671,54,166353
18555,0.002536,74.125.24.0-255,1484,95155,54,166353
18556,0.002541,74.125.24.0-255,2902,98057,54,166353
18557,0.002544,172.31.46.0-255,66,98123,54,166353
18558,0.002565,74.125.24.0-255,5738,103861,54,166353
18559,0.002568,172.31.46.0-255,66,103927,54,166353
18560,0.002573,74.125.24.0-255,4320,108247,54,166353
18561,0.002575,172.31.46.0-255,66,108313,54,166353
18562,0.005121,74.125.24.0-255,5738,114051,54,166353
18563,0.005131,172.31.46.0-255,66,114117,54,166353
18564,0.007698,74.125.24.0-255,5738,119855,54,166353
18565,0.007707,172.31.46.0-255,66,119921,54,166353
18566,0.01026,74.125.24.0-255,5738,125659,54,166353
18567,0.010277,172.31.46.0-255,66,125725,54,166353
18568,0.012841,74.125.24.0-255,5738,131463,54,166353
18569,0.012859,172.31.46.0-255,66,131529,54,166353
18570,0.015447,74.125.24.0-255,5738,137267,54,166353
18571,0.015467,172.31.46.0-255,66,137333,54,166353
18572,0.018049,74.125.24.0-255,5738,143071,54,166353
18573,0.018067,172.31.46.0-255,66,143137,54,166353
18574,0.020646,74.125.24.0-255,5738,148875,54,166353
18575,0.020662,172.31.46.0-255,66,148941,54,166353
18576,0.023231,74.125.24.0-255,5738,154679,54,166353
18577,0.023247,172.31.46.0-255,66,154745,54,166353
18578,0.025848,74.125.24.0-255,5738,160483,54,166353
18579,0.025866,172.31.46.0-255,66,160549,54,166353
18580,0.028423,74.125.24.0-255,5738,166287,54,166353
18581,0.028438,172.31.46.0-255,66,166353,54,166353
18582,0.0,172.217.194.0-255,311,311,54,177151
18583,1.3e-05,172.31.46.0-255,66,377,54,177151
18584,1.9e-05,172.217.194.0-255,1484,1861,54,177151
18585,2.3e-05,172.31.46.0-255,66,1927,54,177151
18586,2.9e-05,172.217.194.0-255,4320,6247,54,177151
18587,3.2e-05,172.31.46.0-255,66,6313,54,177151
18588,6e-05,172.31.46.0-255,66,6379,54,177151
18589,9.8e-05,172.217.194.0-255,4320,10699,54,177151
18590,0.000101,172.31.46.0-255,66,10765,54,177151
18591,0.000105,172.217.194.0-255,2902,13667,54,177151
18592,0.000107,172.31.46.0-255,66,13733,54,177151
18593,0.000121,172.217.194.0-255,2902,16635,54,177151
18594,0.000123,172.31.46.0-255,66,16701,54,177151
18595,0.000146,172.217.194.0-255,5738,22439,54,177151
18596,0.000148,172.31.46.0-255,66,22505,54,177151
18597,0.000171,172.217.194.0-255,6797,29302,54,177151
18598,0.000174,172.31.46.0-255,66,29368,54,177151
18599,0.000185,172.31.46.0-255,66,29434,54,177151
18600,0.00021,172.217.194.0-255,4320,33754,54,177151
18601,0.000212,172.31.46.0-255,66,33820,54,177151
18602,0.000237,172.31.46.0-255,66,33886,54,177151
18603,0.000259,172.217.194.0-255,2543,36429,54,177151
18604,0.000261,172.31.46.0-255,66,36495,54,177151
18605,0.000283,172.217.194.0-255,359,36854,54,177151
18606,0.000286,172.31.46.0-255,66,36920,54,177151
18607,0.000489,172.217.194.0-255,386,37306,54,177151
18608,0.000494,172.31.46.0-255,66,37372,54,177151
18609,0.000589,172.217.194.0-255,1484,38856,54,177151
18610,0.000594,172.31.46.0-255,66,38922,54,177151
18611,0.000601,172.217.194.0-255,2902,41824,54,177151
18612,0.000603,172.31.46.0-255,66,41890,54,177151
18613,0.00061,172.217.194.0-255,5738,47628,54,177151
18614,0.000613,172.31.46.0-255,66,47694,54,177151
18615,0.000652,172.217.194.0-255,6246,53940,54,177151
18616,0.000654,172.31.46.0-255,66,54006,54,177151
18617,0.00078,172.217.194.0-255,1484,55490,54,177151
18618,0.000786,172.217.194.0-255,2902,58392,54,177151
18619,0.00079,172.31.46.0-255,66,58458,54,177151
18620,0.000797,172.217.194.0-255,5738,64196,54,177151
18621,0.000801,172.31.46.0-255,66,64262,54,177151
18622,0.000837,172.31.46.0-255,66,64328,54,177151
18623,0.00084,172.217.194.0-255,1484,65812,54,177151
18624,0.000881,172.217.194.0-255,4320,70132,54,177151
18625,0.000885,172.31.46.0-255,66,70198,54,177151
18626,0.000902,172.217.194.0-255,5020,75218,54,177151
18627,0.001107,172.31.46.0-255,66,75284,54,177151
18628,0.001263,172.217.194.0-255,1484,76768,54,177151
18629,0.00127,172.217.194.0-255,2902,79670,54,177151
18630,0.001294,172.217.194.0-255,5738,85408,54,177151
18631,0.001298,172.217.194.0-255,1484,86892,54,177151
18632,0.0014,172.31.46.0-255,66,86958,54,177151
18633,0.001417,172.217.194.0-255,1484,88442,54,177151
18634,0.001421,172.217.194.0-255,1484,89926,54,177151
18635,0.001435,172.217.194.0-255,1484,91410,54,177151
18636,0.001444,172.217.194.0-255,5738,97148,54,177151
18637,0.001467,172.217.194.0-255,7156,104304,54,177151
18638,0.001474,172.31.46.0-255,66,104370,54,177151
18639,0.001491,172.217.194.0-255,5738,110108,54,177151
18640,0.00152,172.31.46.0-255,66,110174,54,177151
18641,0.001538,172.217.194.0-255,1484,111658,54,177151
18642,0.001543,172.217.194.0-255,2902,114560,54,177151
18643,0.001562,172.217.194.0-255,5738,120298,54,177151
18644,0.001565,172.31.46.0-255,66,120364,54,177151
18645,0.001575,172.217.194.0-255,1484,121848,54,177151
18646,0.001577,172.31.46.0-255,66,121914,54,177151
18647,0.001601,172.217.194.0-255,7156,129070,54,177151
18648,0.001616,172.217.194.0-255,3602,132672,54,177151
18649,0.001628,172.31.46.0-255,66,132738,54,177151
18650,0.001641,172.217.194.0-255,4320,137058,54,177151
18651,0.001657,172.217.194.0-255,5738,142796,54,177151
18652,0.001668,172.31.46.0-255,66,142862,54,177151
18653,0.001726,172.31.46.0-255,66,142928,54,177151
18654,0.001795,172.217.194.0-255,1484,144412,54,177151
18655,0.001805,172.217.194.0-255,2902,147314,54,177151
18656,0.001812,172.217.194.0-255,5738,153052,54,177151
18657,0.001877,172.217.194.0-255,766,153818,54,177151
18658,0.00189,172.31.46.0-255,66,153884,54,177151
18659,0.00193,172.217.194.0-255,1484,155368,54,177151
18660,0.001943,172.217.194.0-255,2902,158270,54,177151
18661,0.001954,172.31.46.0-255,66,158336,54,177151
18662,0.001964,172.217.194.0-255,5738,164074,54,177151
18663,0.001977,172.217.194.0-255,2902,166976,54,177151
18664,0.001981,172.31.46.0-255,66,167042,54,177151
18665,0.002029,172.31.46.0-255,66,167108,54,177151
18666,0.002058,172.217.194.0-255,4320,171428,54,177151
18667,0.002065,172.31.46.0-255,66,171494,54,177151
18668,0.002132,172.31.46.0-255,66,171560,54,177151
18669,0.002155,172.217.194.0-255,3602,175162,54,177151
18670,0.002181,172.217.194.0-255,1484,176646,54,177151
18671,0.002194,172.31.46.0-255,66,176712,54,177151
18672,0.002235,172.217.194.0-255,97,176809,54,177151
18673,0.002237,172.217.194.0-255,105,176914,54,177151
18674,0.00226,172.31.46.0-255,66,176980,54,177151
18675,0.010185,172.31.46.0-255,105,177085,54,177151
18676,0.012518,172.217.194.0-255,66,177151,54,177151
18677,0.0,74.125.200.0-255,153,153,54,257034
18678,2.5e-05,172.31.46.0-255,66,219,54,257034
18679,3.2e-05,74.125.200.0-255,1484,1703,54,257034
18680,3.7e-05,172.31.46.0-255,66,1769,54,257034
18681,4.9e-05,74.125.200.0-255,2902,4671,54,257034
18682,5.3e-05,172.31.46.0-255,66,4737,54,257034
18683,6.1e-05,74.125.200.0-255,5738,10475,54,257034
18684,6.5e-05,172.31.46.0-255,66,10541,54,257034
18685,8.9e-05,74.125.200.0-255,3529,14070,54,257034
18686,9.6e-05,172.31.46.0-255,66,14136,54,257034
18687,0.000498,74.125.200.0-255,1484,15620,54,257034
18688,0.000506,172.31.46.0-255,66,15686,54,257034
18689,0.000512,74.125.200.0-255,2902,18588,54,257034
18690,0.000515,172.31.46.0-255,66,18654,54,257034
18691,0.000544,74.125.200.0-255,5738,24392,54,257034
18692,0.000546,172.31.46.0-255,66,24458,54,257034
18693,0.000553,74.125.200.0-255,5738,30196,54,257034
18694,0.000556,172.31.46.0-255,66,30262,54,257034
18695,0.000582,74.125.200.0-255,1125,31387,54,257034
18696,0.000585,172.31.46.0-255,66,31453,54,257034
18697,0.000682,74.125.200.0-255,1484,32937,54,257034
18698,0.000686,172.31.46.0-255,66,33003,54,257034
18699,0.000705,74.125.200.0-255,2902,35905,54,257034
18700,0.000708,172.31.46.0-255,66,35971,54,257034
18701,0.000711,74.125.200.0-255,1484,37455,54,257034
18702,0.000715,172.31.46.0-255,66,37521,54,257034
18703,0.000754,74.125.200.0-255,4320,41841,54,257034
18704,0.000758,172.31.46.0-255,66,41907,54,257034
18705,0.000762,74.125.200.0-255,2902,44809,54,257034
18706,0.000764,172.31.46.0-255,66,44875,54,257034
18707,0.000769,74.125.200.0-255,3961,48836,54,257034
18708,0.000772,172.31.46.0-255,66,48902,54,257034
18709,0.000786,74.125.200.0-255,1484,50386,54,257034
18710,0.000808,74.125.200.0-255,2902,53288,54,257034
18711,0.000811,172.31.46.0-255,66,53354,54,257034
18712,0.000831,74.125.200.0-255,5738,59092,54,257034
18713,0.000834,172.31.46.0-255,66,59158,54,257034
18714,0.000839,74.125.200.0-255,4320,63478,54,257034
18715,0.000841,172.31.46.0-255,66,63544,54,257034
18716,0.00089,74.125.200.0-255,2543,66087,54,257034
18717,0.000894,172.31.46.0-255,66,66153,54,257034
18718,0.000917,74.125.200.0-255,677,66830,54,257034
18719,0.000998,74.125.200.0-255,1484,68314,54,257034
18720,0.001003,172.31.46.0-255,66,68380,54,257034
18721,0.001008,74.125.200.0-255,2902,71282,54,257034
18722,0.001011,172.31.46.0-255,66,71348,54,257034
18723,0.001046,74.125.200.0-255,5738,77086,54,257034
18724,0.001049,172.31.46.0-255,66,77152,54,257034
18725,0.001053,74.125.200.0-255,2902,80054,54,257034
18726,0.001055,172.31.46.0-255,66,80120,54,257034
18727,0.001067,74.125.200.0-255,4320,84440,54,257034
18728,0.001069,172.31.46.0-255,66,84506,54,257034
18729,0.001075,74.125.200.0-255,4320,88826,54,257034
18730,0.001077,172.31.46.0-255,66,88892,54,257034
18731,0.001116,74.125.200.0-255,4320,93212,54,257034
18732,0.00112,172.31.46.0-255,66,93278,54,257034
18733,0.001127,74.125.200.0-255,7156,100434,54,257034
18734,0.00113,172.31.46.0-255,66,100500,54,257034
18735,0.001132,74.125.200.0-255,766,101266,54,257034
18736,0.001169,74.125.200.0-255,1484,102750,54,257034
18737,0.001172,172.31.46.0-255,66,102816,54,257034
18738,0.001199,74.125.200.0-255,1484,104300,54,257034
18739,0.001204,74.125.200.0-255,2902,107202,54,257034
18740,0.001208,172.31.46.0-255,66,107268,54,257034
18741,0.001256,74.125.200.0-255,5738,113006,54,257034
18742,0.001259,172.31.46.0-255,66,113072,54,257034
18743,0.001265,74.125.200.0-255,5738,118810,54,257034
18744,0.001268,172.31.46.0-255,66,118876,54,257034
18745,0.001279,74.125.200.0-255,7156,126032,54,257034
18746,0.001281,172.31.46.0-255,66,126098,54,257034
18747,0.001327,172.31.46.0-255,66,126164,54,257034
18748,0.001401,74.125.200.0-255,1484,127648,54,257034
18749,0.001427,74.125.200.0-255,2902,130550,54,257034
18750,0.00143,172.31.46.0-255,66,130616,54,257034
18751,0.001463,74.125.200.0-255,5738,136354,54,257034
18752,0.001466,172.31.46.0-255,66,136420,54,257034
18753,0.001474,74.125.200.0-255,7156,143576,54,257034
18754,0.001477,172.31.46.0-255,66,143642,54,257034
18755,0.001504,74.125.200.0-255,7156,150798,54,257034
18756,0.001506,172.31.46.0-255,66,150864,54,257034
18757,0.001563,74.125.200.0-255,7156,158020,54,257034
18758,0.001567,172.31.46.0-255,66,158086,54,257034
18759,0.001572,74.125.200.0-255,2184,160270,54,257034
18760,0.001575,172.31.46.0-255,66,160336,54,257034
18761,0.001607,74.125.200.0-255,1484,161820,54,257034
18762,0.001612,74.125.200.0-255,2902,164722,54,257034
18763,0.001615,172.31.46.0-255,66,164788,54,257034
18764,0.001637,74.125.200.0-255,5738,170526,54,257034
18765,0.001639,172.31.46.0-255,66,170592,54,257034
18766,0.001678,172.31.46.0-255,66,170658,54,257034
18767,0.00169,172.31.46.0-255,66,170724,54,257034
18768,0.001717,74.125.200.0-255,2902,173626,54,257034
18769,0.00172,172.31.46.0-255,66,173692,54,257034
18770,0.001725,74.125.200.0-255,2184,175876,54,257034
18771,0.001727,172.31.46.0-255,66,175942,54,257034
18772,0.002217,74.125.200.0-255,1484,177426,54,257034
18773,0.002226,74.125.200.0-255,2902,180328,54,257034
18774,0.002231,172.31.46.0-255,66,180394,54,257034
18775,0.002238,74.125.200.0-255,4320,184714,54,257034
18776,0.00224,172.31.46.0-255,66,184780,54,257034
18777,0.002258,74.125.200.0-255,1484,186264,54,257034
18778,0.002262,74.125.200.0-255,1484,187748,54,257034
18779,0.002264,172.31.46.0-255,66,187814,54,257034
18780,0.004465,74.125.200.0-255,2902,190716,54,257034
18781,0.004471,172.31.46.0-255,66,190782,54,257034
18782,0.004497,74.125.200.0-255,2902,193684,54,257034
18783,0.004502,172.31.46.0-255,66,193750,54,257034
18784,0.00669,74.125.200.0-255,2902,196652,54,257034
18785,0.006696,172.31.46.0-255,66,196718,54,257034
18786,0.006728,74.125.200.0-255,2902,199620,54,257034
18787,0.00673,172.31.46.0-255,66,199686,54,257034
18788,0.008925,74.125.200.0-255,2902,202588,54,257034
18789,0.008932,172.31.46.0-255,66,202654,54,257034
18790,0.008963,74.125.200.0-255,2902,205556,54,257034
18791,0.008966,172.31.46.0-255,66,205622,54,257034
18792,0.011159,74.125.200.0-255,2902,208524,54,257034
18793,0.011166,172.31.46.0-255,66,208590,54,257034
18794,0.011199,74.125.200.0-255,2902,211492,54,257034
18795,0.011202,172.31.46.0-255,66,211558,54,257034
18796,0.013405,74.125.200.0-255,2902,214460,54,257034
18797,0.013414,172.31.46.0-255,66,214526,54,257034
18798,0.013441,74.125.200.0-255,2902,217428,54,257034
18799,0.013444,172.31.46.0-255,66,217494,54,257034
18800,0.01564,74.125.200.0-255,2902,220396,54,257034
18801,0.015651,172.31.46.0-255,66,220462,54,257034
18802,0.015687,74.125.200.0-255,2902,223364,54,257034
18803,0.01569,172.31.46.0-255,66,223430,54,257034
18804,0.017889,74.125.200.0-255,2902,226332,54,257034
18805,0.017898,172.31.46.0-255,66,226398,54,257034
18806,0.01793,74.125.200.0-255,2902,229300,54,257034
18807,0.017933,172.31.46.0-255,66,229366,54,257034
18808,0.020143,74.125.200.0-255,4320,233686,54,257034
18809,0.020153,172.31.46.0-255,66,233752,54,257034
18810,0.020178,74.125.200.0-255,1484,235236,54,257034
18811,0.022393,74.125.200.0-255,4320,239556,54,257034
18812,0.022403,172.31.46.0-255,66,239622,54,257034
18813,0.024639,74.125.200.0-255,5738,245360,54,257034
18814,0.024646,172.31.46.0-255,66,245426,54,257034
18815,0.026874,74.125.200.0-255,5738,251164,54,257034
18816,0.026884,172.31.46.0-255,66,251230,54,257034
18817,0.029116,74.125.200.0-255,5738,256968,54,257034
18818,0.029126,172.31.46.0-255,66,257034,54,257034
18819,0.0,74.125.68.0-255,150,150,54,257012
18820,2.7e-05,172.31.46.0-255,66,216,54,257012
18821,3.4e-05,74.125.68.0-255,1484,1700,54,257012
18822,3.9e-05,172.31.46.0-255,66,1766,54,257012
18823,4.5e-05,74.125.68.0-255,2902,4668,54,257012
18824,4.7e-05,172.31.46.0-255,66,4734,54,257012
18825,5.4e-05,74.125.68.0-255,4320,9054,54,257012
18826,5.6e-05,172.31.46.0-255,66,9120,54,257012
18827,8.4e-05,74.125.68.0-255,4878,13998,54,257012
18828,8.7e-05,172.31.46.0-255,66,14064,54,257012
18829,0.000106,74.125.68.0-255,2902,16966,54,257012
18830,0.000108,172.31.46.0-255,66,17032,54,257012
18831,0.00013,74.125.68.0-255,2902,19934,54,257012
18832,0.000132,172.31.46.0-255,66,20000,54,257012
18833,0.00014,74.125.68.0-255,7156,27156,54,257012
18834,0.000142,172.31.46.0-255,66,27222,54,257012
18835,0.000174,74.125.68.0-255,7156,34378,54,257012
18836,0.000178,172.31.46.0-255,66,34444,54,257012
18837,0.000192,74.125.68.0-255,1484,35928,54,257012
18838,0.000194,172.31.46.0-255,66,35994,54,257012
18839,0.000198,74.125.68.0-255,2902,38896,54,257012
18840,0.000201,172.31.46.0-255,66,38962,54,257012
18841,0.000234,74.125.68.0-255,1484,40446,54,257012
18842,0.000237,172.31.46.0-255,66,40512,54,257012
18843,0.000269,172.31.46.0-255,66,40578,54,257012
18844,0.000286,74.125.68.0-255,1484,42062,54,257012
18845,0.000288,172.31.46.0-255,66,42128,54,257012
18846,0.000301,74.125.68.0-255,2902,45030,54,257012
18847,0.000304,172.31.46.0-255,66,45096,54,257012
18848,0.000327,74.125.68.0-255,5738,50834,54,257012
18849,0.00033,172.31.46.0-255,66,50900,54,257012
18850,0.000335,74.125.68.0-255,2902,53802,54,257012
18851,0.000337,172.31.46.0-255,66,53868,54,257012
18852,0.000342,74.125.68.0-255,4234,58102,54,257012
18853,0.000344,172.31.46.0-255,66,58168,54,257012
18854,0.000347,74.125.68.0-255,131,58299,54,257012
18855,0.000518,74.125.68.0-255,1484,59783,54,257012
18856,0.000522,172.31.46.0-255,66,59849,54,257012
18857,0.000527,74.125.68.0-255,2902,62751,54,257012
18858,0.00053,172.31.46.0-255,66,62817,54,257012
18859,0.000533,74.125.68.0-255,1484,64301,54,257012
18860,0.000536,74.125.68.0-255,1484,65785,54,257012
18861,0.000538,172.31.46.0-255,66,65851,54,257012
18862,0.000564,74.125.68.0-255,1484,67335,54,257012
18863,0.000572,74.125.68.0-255,5738,73073,54,257012
18864,0.000574,172.31.46.0-255,66,73139,54,257012
18865,0.000592,74.125.68.0-255,2902,76041,54,257012
18866,0.000596,172.31.46.0-255,66,76107,54,257012
18867,0.000608,74.125.68.0-255,2902,79009,54,257012
18868,0.000611,172.31.46.0-255,66,79075,54,257012
18869,0.000649,74.125.68.0-255,2902,81977,54,257012
18870,0.000653,172.31.46.0-255,66,82043,54,257012
18871,0.000671,74.125.68.0-255,2902,84945,54,257012
18872,0.000674,172.31.46.0-255,66,85011,54,257012
18873,0.000679,74.125.68.0-255,4320,89331,54,257012
18874,0.000681,172.31.46.0-255,66,89397,54,257012
18875,0.000695,74.125.68.0-255,2902,92299,54,257012
18876,0.000697,172.31.46.0-255,66,92365,54,257012
18877,0.0007,74.125.68.0-255,468,92833,54,257012
18878,0.000759,74.125.68.0-255,1484,94317,54,257012
18879,0.000763,172.31.46.0-255,66,94383,54,257012
18880,0.000768,74.125.68.0-255,2902,97285,54,257012
18881,0.00077,172.31.46.0-255,66,97351,54,257012
18882,0.0008,74.125.68.0-255,5738,103089,54,257012
18883,0.000803,172.31.46.0-255,66,103155,54,257012
18884,0.000807,74.125.68.0-255,2902,106057,54,257012
18885,0.000809,172.31.46.0-255,66,106123,54,257012
18886,0.000814,74.125.68.0-255,4320,110443,54,257012
18887,0.000817,172.31.46.0-255,66,110509,54,257012
18888,0.000841,74.125.68.0-255,4320,114829,54,257012
18889,0.000844,172.31.46.0-255,66,114895,54,257012
18890,0.000865,74.125.68.0-255,4320,119215,54,257012
18891,0.000868,172.31.46.0-255,66,119281,54,257012
18892,0.000903,74.125.68.0-255,2902,122183,54,257012
18893,0.000906,172.31.46.0-255,66,122249,54,257012
18894,0.000929,74.125.68.0-255,5020,127269,54,257012
18895,0.000931,172.31.46.0-255,66,127335,54,257012
18896,0.001431,74.125.68.0-255,1484,128819,54,257012
18897,0.001476,74.125.68.0-255,2902,131721,54,257012
18898,0.00148,172.31.46.0-255,66,131787,54,257012
18899,0.00154,74.125.68.0-255,2902,134689,54,257012
18900,0.001543,172.31.46.0-255,66,134755,54,257012
18901,0.001563,74.125.68.0-255,4320,139075,54,257012
18902,0.001566,172.31.46.0-255,66,139141,54,257012
18903,0.001588,74.125.68.0-255,5738,144879,54,257012
18904,0.001591,172.31.46.0-255,66,144945,54,257012
18905,0.001595,74.125.68.0-255,2902,147847,54,257012
18906,0.001597,172.31.46.0-255,66,147913,54,257012
18907,0.00162,74.125.68.0-255,4320,152233,54,257012
18908,0.001622,172.31.46.0-255,66,152299,54,257012
18909,0.001636,74.125.68.0-255,4320,156619,54,257012
18910,0.001639,172.31.46.0-255,66,156685,54,257012
18911,0.00166,74.125.68.0-255,2902,159587,54,257012
18912,0.001663,172.31.46.0-255,66,159653,54,257012
18913,0.001683,74.125.68.0-255,2184,161837,54,257012
18914,0.001685,172.31.46.0-255,66,161903,54,257012
18915,0.001925,172.31.46.0-255,101,162004,54,257012
18916,0.00211,74.125.68.0-255,1484,163488,54,257012
18917,0.002127,74.125.68.0-255,2902,166390,54,257012
18918,0.002131,172.31.46.0-255,66,166456,54,257012
18919,0.002148,74.125.68.0-255,2902,169358,54,257012
18920,0.002151,172.31.46.0-255,66,169424,54,257012
18921,0.002173,74.125.68.0-255,2902,172326,54,257012
18922,0.002176,172.31.46.0-255,66,172392,54,257012
18923,0.002182,74.125.68.0-255,5738,178130,54,257012
18924,0.002184,172.31.46.0-255,66,178196,54,257012
18925,0.002222,74.125.68.0-255,5738,183934,54,257012
18926,0.002224,172.31.46.0-255,66,184000,54,257012
18927,0.002245,74.125.68.0-255,1484,185484,54,257012
18928,0.002258,172.31.46.0-255,66,185550,54,257012
18929,0.00227,172.31.46.0-255,66,185616,54,257012
18930,0.002311,74.125.68.0-255,2902,188518,54,257012
18931,0.002314,172.31.46.0-255,66,188584,54,257012
18932,0.002321,172.31.46.0-255,66,188650,54,257012
18933,0.004157,74.125.68.0-255,66,188716,54,257012
18934,0.004588,74.125.68.0-255,4320,193036,54,257012
18935,0.004593,172.31.46.0-255,66,193102,54,257012
18936,0.004613,74.125.68.0-255,1484,194586,54,257012
18937,0.006874,74.125.68.0-255,4320,198906,54,257012
18938,0.006877,172.31.46.0-255,66,198972,54,257012
18939,0.009172,74.125.68.0-255,5738,204710,54,257012
18940,0.009179,172.31.46.0-255,66,204776,54,257012
18941,0.011457,74.125.68.0-255,5738,210514,54,257012
18942,0.011464,172.31.46.0-255,66,210580,54,257012
18943,0.013735,74.125.68.0-255,5738,216318,54,257012
18944,0.013746,172.31.46.0-255,66,216384,54,257012
18945,0.016025,74.125.68.0-255,5738,222122,54,257012
18946,0.016032,172.31.46.0-255,66,222188,54,257012
18947,0.018299,74.125.68.0-255,5738,227926,54,257012
18948,0.018305,172.31.46.0-255,66,227992,54,257012
18949,0.020584,74.125.68.0-255,5738,233730,54,257012
18950,0.020593,172.31.46.0-255,66,233796,54,257012
18951,0.022873,74.125.68.0-255,5738,239534,54,257012
18952,0.022884,172.31.46.0-255,66,239600,54,257012
18953,0.025162,74.125.68.0-255,5738,245338,54,257012
18954,0.025169,172.31.46.0-255,66,245404,54,257012
18955,0.027463,74.125.68.0-255,5738,251142,54,257012
18956,0.027471,172.31.46.0-255,66,251208,54,257012
18957,0.029757,74.125.68.0-255,5738,256946,54,257012
18958,0.029769,172.31.46.0-255,66,257012,54,257012
18959,0.0,172.217.194.0-255,153,153,54,135836
18960,2.6e-05,172.31.46.0-255,66,219,54,135836
18961,3.4e-05,172.217.194.0-255,1484,1703,54,135836
18962,3.8e-05,172.31.46.0-255,66,1769,54,135836
18963,4.4e-05,172.217.194.0-255,2902,4671,54,135836
18964,4.7e-05,172.31.46.0-255,66,4737,54,135836
18965,5.6e-05,172.217.194.0-255,7156,11893,54,135836
18966,5.9e-05,172.31.46.0-255,66,11959,54,135836
18967,6.4e-05,172.217.194.0-255,3510,15469,54,135836
18968,6.7e-05,172.31.46.0-255,66,15535,54,135836
18969,9.9e-05,172.31.46.0-255,66,15601,54,135836
18970,0.000161,172.217.194.0-255,2543,18144,54,135836
18971,0.000164,172.31.46.0-255,66,18210,54,135836
18972,0.000212,172.217.194.0-255,2902,21112,54,135836
18973,0.000215,172.31.46.0-255,66,21178,54,135836
18974,0.000223,172.217.194.0-255,7156,28334,54,135836
18975,0.000225,172.31.46.0-255,66,28400,54,135836
18976,0.000228,172.217.194.0-255,1484,29884,54,135836
18977,0.00023,172.31.46.0-255,66,29950,54,135836
18978,0.00027,172.31.46.0-255,66,30016,54,135836
18979,0.000333,172.31.46.0-255,66,30082,54,135836
18980,0.000347,172.217.194.0-255,1425,31507,54,135836
18981,0.00035,172.31.46.0-255,66,31573,54,135836
18982,0.000385,172.217.194.0-255,386,31959,54,135836
18983,0.000388,172.31.46.0-255,66,32025,54,135836
18984,0.000538,172.217.194.0-255,1484,33509,54,135836
18985,0.000541,172.31.46.0-255,66,33575,54,135836
18986,0.000547,172.217.194.0-255,2902,36477,54,135836
18987,0.00055,172.31.46.0-255,66,36543,54,135836
18988,0.000554,172.217.194.0-255,2902,39445,54,135836
18989,0.000569,172.217.194.0-255,2902,42347,54,135836
18990,0.000596,172.217.194.0-255,4320,46667,54,135836
18991,0.0006,172.31.46.0-255,66,46733,54,135836
18992,0.000606,172.31.46.0-255,66,46799,54,135836
18993,0.00065,172.31.46.0-255,66,46865,54,135836
18994,0.00067,172.217.194.0-255,2902,49767,54,135836
18995,0.000678,172.31.46.0-255,66,49833,54,135836
18996,0.000692,172.217.194.0-255,7156,56989,54,135836
18997,0.000698,172.31.46.0-255,66,57055,54,135836
18998,0.000716,172.217.194.0-255,766,57821,54,135836
18999,0.000758,172.217.194.0-255,4320,62141,54,135836
19000,0.000791,172.31.46.0-255,66,62207,54,135836
19001,0.000811,172.217.194.0-255,4320,66527,54,135836
19002,0.000819,172.31.46.0-255,66,66593,54,135836
19003,0.000854,172.31.46.0-255,66,66659,54,135836
19004,0.000963,172.217.194.0-255,1484,68143,54,135836
19005,0.001011,172.31.46.0-255,66,68209,54,135836
19006,0.001076,172.217.194.0-255,1484,69693,54,135836
19007,0.001079,172.217.194.0-255,1484,71177,54,135836
19008,0.001093,172.217.194.0-255,7156,78333,54,135836
19009,0.0011,172.31.46.0-255,66,78399,54,135836
19010,0.001134,172.31.46.0-255,66,78465,54,135836
19011,0.001258,172.31.46.0-255,66,78531,54,135836
19012,0.001271,172.31.46.0-255,66,78597,54,135836
19013,0.001397,172.217.194.0-255,1484,80081,54,135836
19014,0.001402,172.217.194.0-255,2902,82983,54,135836
19015,0.001414,172.31.46.0-255,66,83049,54,135836
19016,0.001432,172.217.194.0-255,5738,88787,54,135836
19017,0.001437,172.31.46.0-255,66,88853,54,135836
19018,0.001445,172.217.194.0-255,1484,90337,54,135836
19019,0.001475,172.217.194.0-255,1484,91821,54,135836
19020,0.001486,172.31.46.0-255,66,91887,54,135836
19021,0.001532,172.217.194.0-255,7156,99043,54,135836
19022,0.001536,172.31.46.0-255,66,99109,54,135836
19023,0.001547,172.217.194.0-255,3602,102711,54,135836
19024,0.001569,172.31.46.0-255,66,102777,54,135836
19025,0.001632,172.31.46.0-255,66,102843,54,135836
19026,0.001639,172.217.194.0-255,2902,105745,54,135836
19027,0.001659,172.31.46.0-255,66,105811,54,135836
19028,0.001754,172.217.194.0-255,2184,107995,54,135836
19029,0.001759,172.31.46.0-255,66,108061,54,135836
19030,0.001804,172.217.194.0-255,1484,109545,54,135836
19031,0.001842,172.31.46.0-255,66,109611,54,135836
19032,0.001902,172.217.194.0-255,5738,115349,54,135836
19033,0.001913,172.31.46.0-255,66,115415,54,135836
19034,0.00195,172.31.46.0-255,66,115481,54,135836
19035,0.002023,172.217.194.0-255,5738,121219,54,135836
19036,0.002042,172.217.194.0-255,7156,128375,54,135836
19037,0.002052,172.31.46.0-255,66,128441,54,135836
19038,0.002102,172.217.194.0-255,4320,132761,54,135836
19039,0.002106,172.31.46.0-255,66,132827,54,135836
19040,0.002158,172.31.46.0-255,66,132893,54,135836
19041,0.002319,172.31.46.0-255,66,132959,54,135836
19042,0.002372,172.31.46.0-255,66,133025,54,135836
19043,0.002409,172.31.46.0-255,66,133091,54,135836
19044,0.002704,172.217.194.0-255,2508,135599,54,135836
19045,0.002708,172.31.46.0-255,66,135665,54,135836
19046,0.004253,172.31.46.0-255,105,135770,54,135836
19047,0.006469,172.217.194.0-255,66,135836,54,135836
19048,0.0,172.217.194.0-255,152,152,54,191852
19049,2.4e-05,172.31.46.0-255,66,218,54,191852
19050,3.1e-05,172.217.194.0-255,1484,1702,54,191852
19051,3.5e-05,172.31.46.0-255,66,1768,54,191852
19052,3.9e-05,172.217.194.0-255,1484,3252,54,191852
19053,4.2e-05,172.31.46.0-255,66,3318,54,191852
19054,5e-05,172.217.194.0-255,4320,7638,54,191852
19055,5.3e-05,172.31.46.0-255,66,7704,54,191852
19056,9.6e-05,172.217.194.0-255,6349,14053,54,191852
19057,0.0001,172.31.46.0-255,66,14119,54,191852
19058,0.000136,172.217.194.0-255,5738,19857,54,191852
19059,0.000139,172.31.46.0-255,66,19923,54,191852
19060,0.000144,172.217.194.0-255,2902,22825,54,191852
19061,0.000146,172.31.46.0-255,66,22891,54,191852
19062,0.000162,172.217.194.0-255,4320,27211,54,191852
19063,0.000165,172.31.46.0-255,66,27277,54,191852
19064,0.000179,172.217.194.0-255,2902,30179,54,191852
19065,0.000182,172.31.46.0-255,66,30245,54,191852
19066,0.000197,172.217.194.0-255,1125,31370,54,191852
19067,0.0002,172.31.46.0-255,66,31436,54,191852
19068,0.000296,172.217.194.0-255,1484,32920,54,191852
19069,0.0003,172.31.46.0-255,66,32986,54,191852
19070,0.000306,172.217.194.0-255,2902,35888,54,191852
19071,0.000308,172.31.46.0-255,66,35954,54,191852
19072,0.000311,172.217.194.0-255,1484,37438,54,191852
19073,0.000314,172.31.46.0-255,66,37504,54,191852
19074,0.000338,172.217.194.0-255,4320,41824,54,191852
19075,0.000342,172.31.46.0-255,66,41890,54,191852
19076,0.000345,172.217.194.0-255,1484,43374,54,191852
19077,0.000347,172.31.46.0-255,66,43440,54,191852
19078,0.00038,172.31.46.0-255,66,43506,54,191852
19079,0.000385,172.217.194.0-255,4320,47826,54,191852
19080,0.000388,172.31.46.0-255,66,47892,54,191852
19081,0.000404,172.217.194.0-255,5738,53630,54,191852
19082,0.000406,172.31.46.0-255,66,53696,54,191852
19083,0.000412,172.217.194.0-255,4266,57962,54,191852
19084,0.000414,172.31.46.0-255,66,58028,54,191852
19085,0.000417,172.217.194.0-255,382,58410,54,191852
19086,0.000606,172.217.194.0-255,1484,59894,54,191852
19087,0.000611,172.31.46.0-255,66,59960,54,191852
19088,0.000617,172.217.194.0-255,2902,62862,54,191852
19089,0.00062,172.31.46.0-255,66,62928,54,191852
19090,0.000648,172.217.194.0-255,5738,68666,54,191852
19091,0.000651,172.31.46.0-255,66,68732,54,191852
19092,0.000656,172.217.194.0-255,4320,73052,54,191852
19093,0.000659,172.31.46.0-255,66,73118,54,191852
19094,0.000677,172.217.194.0-255,5738,78856,54,191852
19095,0.000679,172.31.46.0-255,66,78922,54,191852
19096,0.000697,172.217.194.0-255,1484,80406,54,191852
19097,0.00071,172.31.46.0-255,66,80472,54,191852
19098,0.000725,172.217.194.0-255,2184,82656,54,191852
19099,0.000727,172.31.46.0-255,66,82722,54,191852
19100,0.001529,172.217.194.0-255,1484,84206,54,191852
19101,0.00154,172.217.194.0-255,2902,87108,54,191852
19102,0.001545,172.31.46.0-255,66,87174,54,191852
19103,0.001552,172.217.194.0-255,4320,91494,54,191852
19104,0.001554,172.31.46.0-255,66,91560,54,191852
19105,0.001569,172.217.194.0-255,1484,93044,54,191852
19106,0.001573,172.217.194.0-255,1484,94528,54,191852
19107,0.001575,172.31.46.0-255,66,94594,54,191852
19108,0.001581,172.217.194.0-255,4320,98914,54,191852
19109,0.001583,172.31.46.0-255,66,98980,54,191852
19110,0.001617,172.31.46.0-255,66,99046,54,191852
19111,0.001628,172.31.46.0-255,66,99112,54,191852
19112,0.00167,172.31.46.0-255,66,99178,54,191852
19113,0.001676,172.217.194.0-255,5738,104916,54,191852
19114,0.001678,172.31.46.0-255,66,104982,54,191852
19115,0.001683,172.217.194.0-255,2902,107884,54,191852
19116,0.001685,172.31.46.0-255,66,107950,54,191852
19117,0.001712,172.217.194.0-255,4320,112270,54,191852
19118,0.001715,172.31.46.0-255,66,112336,54,191852
19119,0.001724,172.217.194.0-255,7156,119492,54,191852
19120,0.001726,172.31.46.0-255,66,119558,54,191852
19121,0.001752,172.217.194.0-255,3602,123160,54,191852
19122,0.001755,172.31.46.0-255,66,123226,54,191852
19123,0.002286,172.217.194.0-255,1484,124710,54,191852
19124,0.002295,172.217.194.0-255,2902,127612,54,191852
19125,0.002299,172.31.46.0-255,66,127678,54,191852
19126,0.002307,172.217.194.0-255,5738,133416,54,191852
19127,0.00231,172.31.46.0-255,66,133482,54,191852
19128,0.002313,172.217.194.0-255,1484,134966,54,191852
19129,0.002341,172.31.46.0-255,66,135032,54,191852
19130,0.002353,172.31.46.0-255,66,135098,54,191852
19131,0.002427,172.31.46.0-255,66,135164,54,191852
19132,0.005029,172.217.194.0-255,4320,139484,54,191852
19133,0.005035,172.31.46.0-255,66,139550,54,191852
19134,0.005052,172.217.194.0-255,1484,141034,54,191852
19135,0.00767,172.217.194.0-255,4320,145354,54,191852
19136,0.007684,172.31.46.0-255,66,145420,54,191852
19137,0.010331,172.217.194.0-255,5738,151158,54,191852
19138,0.01034,172.31.46.0-255,66,151224,54,191852
19139,0.01295,172.217.194.0-255,5738,156962,54,191852
19140,0.012959,172.31.46.0-255,66,157028,54,191852
19141,0.015571,172.217.194.0-255,5738,162766,54,191852
19142,0.015578,172.31.46.0-255,66,162832,54,191852
19143,0.018207,172.217.194.0-255,5738,168570,54,191852
19144,0.01822,172.31.46.0-255,66,168636,54,191852
19145,0.020842,172.217.194.0-255,5738,174374,54,191852
19146,0.02085,172.31.46.0-255,66,174440,54,191852
19147,0.023462,172.217.194.0-255,5738,180178,54,191852
19148,0.023471,172.31.46.0-255,66,180244,54,191852
19149,0.026101,172.217.194.0-255,5738,185982,54,191852
19150,0.026117,172.31.46.0-255,66,186048,54,191852
19151,0.028738,172.217.194.0-255,5738,191786,54,191852
19152,0.028754,172.31.46.0-255,66,191852,54,191852
19153,0.0,74.125.130.0-255,146,146,54,191908
19154,2.4e-05,172.31.46.0-255,66,212,54,191908
19155,3.2e-05,74.125.130.0-255,1484,1696,54,191908
19156,3.7e-05,172.31.46.0-255,66,1762,54,191908
19157,5.1e-05,74.125.130.0-255,2902,4664,54,191908
19158,5.4e-05,172.31.46.0-255,66,4730,54,191908
19159,7.9e-05,74.125.130.0-255,1484,6214,54,191908
19160,8.2e-05,172.31.46.0-255,66,6280,54,191908
19161,8.8e-05,74.125.130.0-255,2902,9182,54,191908
19162,9e-05,172.31.46.0-255,66,9248,54,191908
19163,0.000121,74.125.130.0-255,4320,13568,54,191908
19164,0.000123,172.31.46.0-255,66,13634,54,191908
19165,0.00013,74.125.130.0-255,586,14220,54,191908
19166,0.000132,172.31.46.0-255,66,14286,54,191908
19167,0.000456,74.125.130.0-255,1484,15770,54,191908
19168,0.000462,172.31.46.0-255,66,15836,54,191908
19169,0.000468,74.125.130.0-255,2902,18738,54,191908
19170,0.000471,172.31.46.0-255,66,18804,54,191908
19171,0.000504,74.125.130.0-255,5738,24542,54,191908
19172,0.000507,172.31.46.0-255,66,24608,54,191908
19173,0.000512,74.125.130.0-255,2902,27510,54,191908
19174,0.000514,172.31.46.0-255,66,27576,54,191908
19175,0.000523,74.125.130.0-255,3961,31537,54,191908
19176,0.000526,172.31.46.0-255,66,31603,54,191908
19177,0.000562,74.125.130.0-255,1484,33087,54,191908
19178,0.000565,172.31.46.0-255,66,33153,54,191908
19179,0.000601,74.125.130.0-255,2902,36055,54,191908
19180,0.000604,172.31.46.0-255,66,36121,54,191908
19181,0.000608,74.125.130.0-255,1484,37605,54,191908
19182,0.00061,172.31.46.0-255,66,37671,54,191908
19183,0.000633,74.125.130.0-255,2902,40573,54,191908
19184,0.000636,172.31.46.0-255,66,40639,54,191908
19185,0.000646,74.125.130.0-255,4320,44959,54,191908
19186,0.000648,172.31.46.0-255,66,45025,54,191908
19187,0.00067,74.125.130.0-255,3961,48986,54,191908
19188,0.000677,172.31.46.0-255,66,49052,54,191908
19189,0.000732,74.125.130.0-255,1484,50536,54,191908
19190,0.000736,172.31.46.0-255,66,50602,54,191908
19191,0.000765,74.125.130.0-255,1484,52086,54,191908
19192,0.000768,172.31.46.0-255,66,52152,54,191908
19193,0.000772,74.125.130.0-255,2902,55054,54,191908
19194,0.000774,172.31.46.0-255,66,55120,54,191908
19195,0.000778,74.125.130.0-255,2902,58022,54,191908
19196,0.000785,172.31.46.0-255,66,58088,54,191908
19197,0.000818,74.125.130.0-255,2902,60990,54,191908
19198,0.000821,172.31.46.0-255,66,61056,54,191908
19199,0.000827,74.125.130.0-255,5379,66435,54,191908
19200,0.000829,172.31.46.0-255,66,66501,54,191908
19201,0.000877,74.125.130.0-255,645,67146,54,191908
19202,0.00088,172.31.46.0-255,66,67212,54,191908
19203,0.00117,74.125.130.0-255,1484,68696,54,191908
19204,0.001176,172.31.46.0-255,66,68762,54,191908
19205,0.001182,74.125.130.0-255,2902,71664,54,191908
19206,0.001184,172.31.46.0-255,66,71730,54,191908
19207,0.001194,74.125.130.0-255,2902,74632,54,191908
19208,0.001196,172.31.46.0-255,66,74698,54,191908
19209,0.001221,74.125.130.0-255,2902,77600,54,191908
19210,0.001223,172.31.46.0-255,66,77666,54,191908
19211,0.001232,74.125.130.0-255,2902,80568,54,191908
19212,0.001234,172.31.46.0-255,66,80634,54,191908
19213,0.001239,74.125.130.0-255,3961,84595,54,191908
19214,0.001241,172.31.46.0-255,66,84661,54,191908
19215,0.001464,74.125.130.0-255,1484,86145,54,191908
19216,0.001469,172.31.46.0-255,66,86211,54,191908
19217,0.001488,74.125.130.0-255,2902,89113,54,191908
19218,0.001491,172.31.46.0-255,66,89179,54,191908
19219,0.001497,74.125.130.0-255,5738,94917,54,191908
19220,0.001499,172.31.46.0-255,66,94983,54,191908
19221,0.001523,74.125.130.0-255,1484,96467,54,191908
19222,0.001525,172.31.46.0-255,66,96533,54,191908
19223,0.001534,74.125.130.0-255,2902,99435,54,191908
19224,0.001536,172.31.46.0-255,66,99501,54,191908
19225,0.001581,74.125.130.0-255,2543,102044,54,191908
19226,0.001584,172.31.46.0-255,66,102110,54,191908
19227,0.002005,74.125.130.0-255,1484,103594,54,191908
19228,0.002013,172.31.46.0-255,66,103660,54,191908
19229,0.002036,74.125.130.0-255,1484,105144,54,191908
19230,0.002039,172.31.46.0-255,66,105210,54,191908
19231,0.002065,74.125.130.0-255,2902,108112,54,191908
19232,0.002068,172.31.46.0-255,66,108178,54,191908
19233,0.002096,74.125.130.0-255,4320,112498,54,191908
19234,0.002099,172.31.46.0-255,66,112564,54,191908
19235,0.002125,74.125.130.0-255,4320,116884,54,191908
19236,0.002128,172.31.46.0-255,66,116950,54,191908
19237,0.00213,74.125.130.0-255,1484,118434,54,191908
19238,0.002132,172.31.46.0-255,66,118500,54,191908
19239,0.004227,74.125.130.0-255,5738,124238,54,191908
19240,0.004233,172.31.46.0-255,66,124304,54,191908
19241,0.006329,74.125.130.0-255,5738,130042,54,191908
19242,0.006334,172.31.46.0-255,66,130108,54,191908
19243,0.00843,74.125.130.0-255,2902,133010,54,191908
19244,0.008435,172.31.46.0-255,66,133076,54,191908
19245,0.008461,74.125.130.0-255,2902,135978,54,191908
19246,0.008463,172.31.46.0-255,66,136044,54,191908
19247,0.010517,74.125.130.0-255,1484,137528,54,191908
19248,0.010536,74.125.130.0-255,1484,139012,54,191908
19249,0.010541,172.31.46.0-255,66,139078,54,191908
19250,0.010559,74.125.130.0-255,2902,141980,54,191908
19251,0.010562,172.31.46.0-255,66,142046,54,191908
19252,0.012652,74.125.130.0-255,2902,144948,54,191908
19253,0.012665,172.31.46.0-255,66,145014,54,191908
19254,0.012702,74.125.130.0-255,2902,147916,54,191908
19255,0.012705,172.31.46.0-255,66,147982,54,191908
19256,0.014749,74.125.130.0-255,2902,150884,54,191908
19257,0.014759,172.31.46.0-255,66,150950,54,191908
19258,0.014788,74.125.130.0-255,2902,153852,54,191908
19259,0.014791,172.31.46.0-255,66,153918,54,191908
19260,0.016855,74.125.130.0-255,4320,158238,54,191908
19261,0.016865,172.31.46.0-255,66,158304,54,191908
19262,0.016897,74.125.130.0-255,1484,159788,54,191908
19263,0.01897,74.125.130.0-255,4320,164108,54,191908
19264,0.018984,172.31.46.0-255,66,164174,54,191908
19265,0.021083,74.125.130.0-255,5738,169912,54,191908
19266,0.021096,172.31.46.0-255,66,169978,54,191908
19267,0.023195,74.125.130.0-255,5738,175716,54,191908
19268,0.023205,172.31.46.0-255,66,175782,54,191908
19269,0.025313,74.125.130.0-255,4320,180102,54,191908
19270,0.025325,172.31.46.0-255,66,180168,54,191908
19271,0.025355,74.125.130.0-255,1484,181652,54,191908
19272,0.027432,74.125.130.0-255,4320,185972,54,191908
19273,0.027442,172.31.46.0-255,66,186038,54,191908
19274,0.029546,74.125.130.0-255,4320,190358,54,191908
19275,0.029559,172.31.46.0-255,66,190424,54,191908
19276,0.029589,74.125.130.0-255,1484,191908,54,191908
19277,0.0,74.125.130.0-255,297,297,54,242478
19278,2.1e-05,172.31.46.0-255,66,363,54,242478
19279,2.8e-05,74.125.130.0-255,1484,1847,54,242478
19280,3.2e-05,172.31.46.0-255,66,1913,54,242478
19281,3.8e-05,74.125.130.0-255,4320,6233,54,242478
19282,4.2e-05,172.31.46.0-255,66,6299,54,242478
19283,4.7e-05,74.125.130.0-255,5738,12037,54,242478
19284,5e-05,172.31.46.0-255,66,12103,54,242478
19285,5.3e-05,74.125.130.0-255,1484,13587,54,242478
19286,5.5e-05,172.31.46.0-255,66,13653,54,242478
19287,9.7e-05,172.31.46.0-255,66,13719,54,242478
19288,0.000103,74.125.130.0-255,6797,20516,54,242478
19289,0.000105,172.31.46.0-255,66,20582,54,242478
19290,0.000149,74.125.130.0-255,1484,22066,54,242478
19291,0.000151,172.31.46.0-255,66,22132,54,242478
19292,0.000171,74.125.130.0-255,2902,25034,54,242478
19293,0.000173,172.31.46.0-255,66,25100,54,242478
19294,0.000177,74.125.130.0-255,1484,26584,54,242478
19295,0.000179,172.31.46.0-255,66,26650,54,242478
19296,0.000201,74.125.130.0-255,4320,30970,54,242478
19297,0.000204,172.31.46.0-255,66,31036,54,242478
19298,0.000206,74.125.130.0-255,1484,32520,54,242478
19299,0.000208,172.31.46.0-255,66,32586,54,242478
19300,0.000229,74.125.130.0-255,5379,37965,54,242478
19301,0.000232,172.31.46.0-255,66,38031,54,242478
19302,0.000379,74.125.130.0-255,1484,39515,54,242478
19303,0.000383,172.31.46.0-255,66,39581,54,242478
19304,0.000389,74.125.130.0-255,2902,42483,54,242478
19305,0.000392,172.31.46.0-255,66,42549,54,242478
19306,0.000397,74.125.130.0-255,4320,46869,54,242478
19307,0.000401,172.31.46.0-255,66,46935,54,242478
19308,0.000414,74.125.130.0-255,1484,48419,54,242478
19309,0.000429,74.125.130.0-255,2902,51321,54,242478
19310,0.000445,74.125.130.0-255,3961,55282,54,242478
19311,0.000459,74.125.130.0-255,646,55928,54,242478
19312,0.000478,172.31.46.0-255,66,55994,54,242478
19313,0.000835,74.125.130.0-255,1484,57478,54,242478
19314,0.000841,74.125.130.0-255,2902,60380,54,242478
19315,0.000845,172.31.46.0-255,66,60446,54,242478
19316,0.000853,74.125.130.0-255,5738,66184,54,242478
19317,0.000866,172.31.46.0-255,66,66250,54,242478
19318,0.000875,74.125.130.0-255,1484,67734,54,242478
19319,0.00091,74.125.130.0-255,7156,74890,54,242478
19320,0.000915,172.31.46.0-255,66,74956,54,242478
19321,0.000944,74.125.130.0-255,3602,78558,54,242478
19322,0.000984,172.31.46.0-255,66,78624,54,242478
19323,0.001579,74.125.130.0-255,1484,80108,54,242478
19324,0.001588,74.125.130.0-255,1484,81592,54,242478
19325,0.001592,172.31.46.0-255,66,81658,54,242478
19326,0.001612,74.125.130.0-255,1484,83142,54,242478
19327,0.001615,74.125.130.0-255,1484,84626,54,242478
19328,0.001618,172.31.46.0-255,66,84692,54,242478
19329,0.001623,74.125.130.0-255,2902,87594,54,242478
19330,0.001625,172.31.46.0-255,66,87660,54,242478
19331,0.001642,74.125.130.0-255,2902,90562,54,242478
19332,0.001644,172.31.46.0-255,66,90628,54,242478
19333,0.001689,74.125.130.0-255,2902,93530,54,242478
19334,0.001693,172.31.46.0-255,66,93596,54,242478
19335,0.001701,74.125.130.0-255,7156,100752,54,242478
19336,0.001703,172.31.46.0-255,66,100818,54,242478
19337,0.001708,74.125.130.0-255,4320,105138,54,242478
19338,0.00171,172.31.46.0-255,66,105204,54,242478
19339,0.001737,74.125.130.0-255,1484,106688,54,242478
19340,0.001746,74.125.130.0-255,6438,113126,54,242478
19341,0.001836,74.125.130.0-255,1484,114610,54,242478
19342,0.001842,74.125.130.0-255,2902,117512,54,242478
19343,0.001856,74.125.130.0-255,1484,118996,54,242478
19344,0.001868,74.125.130.0-255,2902,121898,54,242478
19345,0.001883,74.125.130.0-255,1484,123382,54,242478
19346,0.001905,74.125.130.0-255,1484,124866,54,242478
19347,0.001917,74.125.130.0-255,2902,127768,54,242478
19348,0.001942,74.125.130.0-255,2902,130670,54,242478
19349,0.001978,74.125.130.0-255,4320,134990,54,242478
19350,0.00199,74.125.130.0-255,4320,139310,54,242478
19351,0.002005,74.125.130.0-255,4320,143630,54,242478
19352,0.002026,74.125.130.0-255,3602,147232,54,242478
19353,0.002091,74.125.130.0-255,1484,148716,54,242478
19354,0.002109,74.125.130.0-255,2902,151618,54,242478
19355,0.002126,74.125.130.0-255,1484,153102,54,242478
19356,0.002141,74.125.130.0-255,2902,156004,54,242478
19357,0.002144,74.125.130.0-255,1484,157488,54,242478
19358,0.002162,74.125.130.0-255,4320,161808,54,242478
19359,0.002199,74.125.130.0-255,4320,166128,54,242478
19360,0.002229,74.125.130.0-255,1484,167612,54,242478
19361,0.002244,74.125.130.0-255,5020,172632,54,242478
19362,0.002556,74.125.130.0-255,1484,174116,54,242478
19363,0.002563,74.125.130.0-255,2902,177018,54,242478
19364,0.002566,74.125.130.0-255,1484,178502,54,242478
19365,0.002584,74.125.130.0-255,4320,182822,54,242478
19366,0.002588,74.125.130.0-255,2902,185724,54,242478
19367,0.003762,172.31.46.0-255,66,185790,54,242478
19368,0.006329,74.125.130.0-255,5738,191528,54,242478
19369,0.006334,172.31.46.0-255,66,191594,54,242478
19370,0.008891,74.125.130.0-255,5738,197332,54,242478
19371,0.008898,172.31.46.0-255,66,197398,54,242478
19372,0.011468,74.125.130.0-255,5738,203136,54,242478
19373,0.011476,172.31.46.0-255,66,203202,54,242478
19374,0.014049,74.125.130.0-255,5738,208940,54,242478
19375,0.014059,172.31.46.0-255,66,209006,54,242478
19376,0.016629,74.125.130.0-255,5738,214744,54,242478
19377,0.01664,172.31.46.0-255,66,214810,54,242478
19378,0.019215,74.125.130.0-255,5738,220548,54,242478
19379,0.019223,172.31.46.0-255,66,220614,54,242478
19380,0.021785,74.125.130.0-255,5738,226352,54,242478
19381,0.021792,172.31.46.0-255,66,226418,54,242478
19382,0.024351,74.125.130.0-255,5738,232156,54,242478
19383,0.024359,172.31.46.0-255,66,232222,54,242478
19384,0.026928,74.125.130.0-255,4320,236542,54,242478
19385,0.026936,172.31.46.0-255,66,236608,54,242478
19386,0.026957,74.125.130.0-255,1484,238092,54,242478
19387,0.029494,74.125.130.0-255,4320,242412,54,242478
19388,0.029502,172.31.46.0-255,66,242478,54,242478
19389,0.0,74.125.68.0-255,297,297,54,315276
19390,1.4e-05,172.31.46.0-255,66,363,54,315276
19391,2e-05,74.125.68.0-255,1484,1847,54,315276
19392,2.5e-05,172.31.46.0-255,66,1913,54,315276
19393,2.8e-05,74.125.68.0-255,1484,3397,54,315276
19394,3.1e-05,172.31.46.0-255,66,3463,54,315276
19395,3.7e-05,74.125.68.0-255,2902,6365,54,315276
19396,4.8e-05,172.31.46.0-255,66,6431,54,315276
19397,5.5e-05,74.125.68.0-255,5738,12169,54,315276
19398,5.8e-05,172.31.46.0-255,66,12235,54,315276
19399,6.5e-05,74.125.68.0-255,4644,16879,54,315276
19400,8.2e-05,172.31.46.0-255,66,16945,54,315276
19401,8.9e-05,74.125.68.0-255,5738,22683,54,315276
19402,9.2e-05,172.31.46.0-255,66,22749,54,315276
19403,0.000131,172.31.46.0-255,66,22815,54,315276
19404,0.000207,74.125.68.0-255,1484,24299,54,315276
19405,0.00021,172.31.46.0-255,66,24365,54,315276
19406,0.000214,74.125.68.0-255,1484,25849,54,315276
19407,0.000216,172.31.46.0-255,66,25915,54,315276
19408,0.000258,74.125.68.0-255,2902,28817,54,315276
19409,0.000261,172.31.46.0-255,66,28883,54,315276
19410,0.000268,74.125.68.0-255,5738,34621,54,315276
19411,0.00027,172.31.46.0-255,66,34687,54,315276
19412,0.000276,74.125.68.0-255,5379,40066,54,315276
19413,0.000278,172.31.46.0-255,66,40132,54,315276
19414,0.000296,74.125.68.0-255,5738,45870,54,315276
19415,0.000299,172.31.46.0-255,66,45936,54,315276
19416,0.00032,74.125.68.0-255,1484,47420,54,315276
19417,0.000323,172.31.46.0-255,66,47486,54,315276
19418,0.00036,172.31.46.0-255,66,47552,54,315276
19419,0.000363,74.125.68.0-255,113,47665,54,315276
19420,0.000465,74.125.68.0-255,1484,49149,54,315276
19421,0.000468,172.31.46.0-255,66,49215,54,315276
19422,0.000472,74.125.68.0-255,1484,50699,54,315276
19423,0.000497,74.125.68.0-255,1484,52183,54,315276
19424,0.000499,172.31.46.0-255,66,52249,54,315276
19425,0.000506,74.125.68.0-255,5738,57987,54,315276
19426,0.00051,172.31.46.0-255,66,58053,54,315276
19427,0.000514,74.125.68.0-255,2902,60955,54,315276
19428,0.000516,172.31.46.0-255,66,61021,54,315276
19429,0.00054,74.125.68.0-255,5738,66759,54,315276
19430,0.000543,172.31.46.0-255,66,66825,54,315276
19431,0.000549,74.125.68.0-255,5738,72563,54,315276
19432,0.000551,172.31.46.0-255,66,72629,54,315276
19433,0.000581,74.125.68.0-255,4320,76949,54,315276
19434,0.000584,172.31.46.0-255,66,77015,54,315276
19435,0.00059,74.125.68.0-255,5020,82035,54,315276
19436,0.000593,172.31.46.0-255,66,82101,54,315276
19437,0.000596,74.125.68.0-255,333,82434,54,315276
19438,0.000856,74.125.68.0-255,1484,83918,54,315276
19439,0.000861,172.31.46.0-255,66,83984,54,315276
19440,0.000867,74.125.68.0-255,2902,86886,54,315276
19441,0.00087,172.31.46.0-255,66,86952,54,315276
19442,0.000905,74.125.68.0-255,5738,92690,54,315276
19443,0.000908,172.31.46.0-255,66,92756,54,315276
19444,0.000915,74.125.68.0-255,5738,98494,54,315276
19445,0.000917,172.31.46.0-255,66,98560,54,315276
19446,0.000922,74.125.68.0-255,4320,102880,54,315276
19447,0.000925,172.31.46.0-255,66,102946,54,315276
19448,0.000955,74.125.68.0-255,2902,105848,54,315276
19449,0.000958,172.31.46.0-255,66,105914,54,315276
19450,0.000965,74.125.68.0-255,4320,110234,54,315276
19451,0.000967,172.31.46.0-255,66,110300,54,315276
19452,0.000996,74.125.68.0-255,6438,116738,54,315276
19453,0.000999,172.31.46.0-255,66,116804,54,315276
19454,0.001112,74.125.68.0-255,1484,118288,54,315276
19455,0.001133,74.125.68.0-255,2902,121190,54,315276
19456,0.001137,172.31.46.0-255,66,121256,54,315276
19457,0.001145,74.125.68.0-255,5738,126994,54,315276
19458,0.001148,172.31.46.0-255,66,127060,54,315276
19459,0.001173,74.125.68.0-255,4320,131380,54,315276
19460,0.001175,172.31.46.0-255,66,131446,54,315276
19461,0.001182,74.125.68.0-255,4320,135766,54,315276
19462,0.001184,172.31.46.0-255,66,135832,54,315276
19463,0.001202,74.125.68.0-255,1484,137316,54,315276
19464,0.001207,74.125.68.0-255,4320,141636,54,315276
19465,0.001209,172.31.46.0-255,66,141702,54,315276
19466,0.001237,74.125.68.0-255,7156,148858,54,315276
19467,0.00124,172.31.46.0-255,66,148924,54,315276
19468,0.001244,74.125.68.0-255,2184,151108,54,315276
19469,0.001246,172.31.46.0-255,66,151174,54,315276
19470,0.001339,74.125.68.0-255,1484,152658,54,315276
19471,0.001344,74.125.68.0-255,2902,155560,54,315276
19472,0.00135,172.31.46.0-255,66,155626,54,315276
19473,0.001365,74.125.68.0-255,5738,161364,54,315276
19474,0.001371,172.31.46.0-255,66,161430,54,315276
19475,0.001376,74.125.68.0-255,2902,164332,54,315276
19476,0.001378,172.31.46.0-255,66,164398,54,315276
19477,0.001456,172.31.46.0-255,66,164464,54,315276
19478,0.001468,172.31.46.0-255,66,164530,54,315276
19479,0.001472,74.125.68.0-255,2184,166714,54,315276
19480,0.001474,172.31.46.0-255,66,166780,54,315276
19481,0.001563,74.125.68.0-255,1484,168264,54,315276
19482,0.001585,74.125.68.0-255,2902,171166,54,315276
19483,0.001589,172.31.46.0-255,66,171232,54,315276
19484,0.001596,74.125.68.0-255,5738,176970,54,315276
19485,0.001599,172.31.46.0-255,66,177036,54,315276
19486,0.001649,172.31.46.0-255,66,177102,54,315276
19487,0.001652,74.125.68.0-255,1484,178586,54,315276
19488,0.001685,172.31.46.0-255,66,178652,54,315276
19489,0.001689,74.125.68.0-255,2184,180836,54,315276
19490,0.001691,172.31.46.0-255,66,180902,54,315276
19491,0.001788,74.125.68.0-255,1484,182386,54,315276
19492,0.001805,74.125.68.0-255,2902,185288,54,315276
19493,0.001809,172.31.46.0-255,66,185354,54,315276
19494,0.001814,74.125.68.0-255,2902,188256,54,315276
19495,0.001816,172.31.46.0-255,66,188322,54,315276
19496,0.001845,74.125.68.0-255,4320,192642,54,315276
19497,0.001848,172.31.46.0-255,66,192708,54,315276
19498,0.001878,74.125.68.0-255,4320,197028,54,315276
19499,0.001881,172.31.46.0-255,66,197094,54,315276
19500,0.001913,74.125.68.0-255,4320,201414,54,315276
19501,0.001917,172.31.46.0-255,66,201480,54,315276
19502,0.001928,172.31.46.0-255,66,201546,54,315276
19503,0.001937,74.125.68.0-255,3602,205148,54,315276
19504,0.001939,172.31.46.0-255,66,205214,54,315276
19505,0.001966,74.125.68.0-255,1484,206698,54,315276
19506,0.001991,74.125.68.0-255,2902,209600,54,315276
19507,0.001994,172.31.46.0-255,66,209666,54,315276
19508,0.002001,74.125.68.0-255,5738,215404,54,315276
19509,0.002003,172.31.46.0-255,66,215470,54,315276
19510,0.002027,74.125.68.0-255,1484,216954,54,315276
19511,0.00205,74.125.68.0-255,7156,224110,54,315276
19512,0.002052,172.31.46.0-255,66,224176,54,315276
19513,0.00206,74.125.68.0-255,7156,231332,54,315276
19514,0.002062,172.31.46.0-255,66,231398,54,315276
19515,0.00209,74.125.68.0-255,2902,234300,54,315276
19516,0.002093,172.31.46.0-255,66,234366,54,315276
19517,0.002099,74.125.68.0-255,5020,239386,54,315276
19518,0.002102,172.31.46.0-255,66,239452,54,315276
19519,0.002107,74.125.68.0-255,5738,245190,54,315276
19520,0.00211,172.31.46.0-255,66,245256,54,315276
19521,0.00216,172.31.46.0-255,66,245322,54,315276
19522,0.002168,74.125.68.0-255,7156,252478,54,315276
19523,0.00217,172.31.46.0-255,66,252544,54,315276
19524,0.002214,74.125.68.0-255,7156,259700,54,315276
19525,0.002217,172.31.46.0-255,66,259766,54,315276
19526,0.00222,74.125.68.0-255,766,260532,54,315276
19527,0.002224,74.125.68.0-255,1484,262016,54,315276
19528,0.002226,172.31.46.0-255,66,262082,54,315276
19529,0.002232,74.125.68.0-255,4320,266402,54,315276
19530,0.002234,172.31.46.0-255,66,266468,54,315276
19531,0.002246,172.31.46.0-255,66,266534,54,315276
19532,0.002251,74.125.68.0-255,4320,270854,54,315276
19533,0.002255,172.31.46.0-255,66,270920,54,315276
19534,0.002297,74.125.68.0-255,7156,278076,54,315276
19535,0.002301,172.31.46.0-255,66,278142,54,315276
19536,0.002308,74.125.68.0-255,6438,284580,54,315276
19537,0.00231,172.31.46.0-255,66,284646,54,315276
19538,0.002377,74.125.68.0-255,1484,286130,54,315276
19539,0.002381,74.125.68.0-255,2902,289032,54,315276
19540,0.002384,172.31.46.0-255,66,289098,54,315276
19541,0.00239,74.125.68.0-255,5738,294836,54,315276
19542,0.002393,172.31.46.0-255,66,294902,54,315276
19543,0.002399,74.125.68.0-255,7156,302058,54,315276
19544,0.002402,172.31.46.0-255,66,302124,54,315276
19545,0.002413,172.31.46.0-255,66,302190,54,315276
19546,0.00247,74.125.68.0-255,1484,303674,54,315276
19547,0.002484,74.125.68.0-255,4320,307994,54,315276
19548,0.002503,74.125.68.0-255,2902,310896,54,315276
19549,0.002508,74.125.68.0-255,3972,314868,54,315276
19550,0.007429,172.31.46.0-255,66,314934,54,315276
19551,0.009926,74.125.68.0-255,105,315039,54,315276
19552,0.010145,172.31.46.0-255,66,315105,54,315276
19553,0.012891,172.31.46.0-255,105,315210,54,315276
19554,0.015383,74.125.68.0-255,66,315276,54,315276
19555,0.0,172.217.194.0-255,153,153,54,197765
19556,2.5e-05,172.31.46.0-255,66,219,54,197765
19557,3.3e-05,172.217.194.0-255,1484,1703,54,197765
19558,3.8e-05,172.31.46.0-255,66,1769,54,197765
19559,4.4e-05,172.217.194.0-255,2902,4671,54,197765
19560,4.9e-05,172.31.46.0-255,66,4737,54,197765
19561,5.7e-05,172.217.194.0-255,7156,11893,54,197765
19562,6e-05,172.31.46.0-255,66,11959,54,197765
19563,8.2e-05,172.217.194.0-255,2084,14043,54,197765
19564,8.5e-05,172.31.46.0-255,66,14109,54,197765
19565,0.000123,172.217.194.0-255,1484,15593,54,197765
19566,0.000126,172.31.46.0-255,66,15659,54,197765
19567,0.000145,172.217.194.0-255,2902,18561,54,197765
19568,0.000148,172.31.46.0-255,66,18627,54,197765
19569,0.000151,172.217.194.0-255,1484,20111,54,197765
19570,0.000153,172.31.46.0-255,66,20177,54,197765
19571,0.000171,172.217.194.0-255,4320,24497,54,197765
19572,0.000174,172.31.46.0-255,66,24563,54,197765
19573,0.000178,172.217.194.0-255,2902,27465,54,197765
19574,0.00018,172.31.46.0-255,66,27531,54,197765
19575,0.000199,172.217.194.0-255,3961,31492,54,197765
19576,0.000202,172.31.46.0-255,66,31558,54,197765
19577,0.00021,172.217.194.0-255,7156,38714,54,197765
19578,0.000213,172.31.46.0-255,66,38780,54,197765
19579,0.00025,172.31.46.0-255,66,38846,54,197765
19580,0.00028,172.217.194.0-255,4320,43166,54,197765
19581,0.000282,172.31.46.0-255,66,43232,54,197765
19582,0.0003,172.217.194.0-255,5738,48970,54,197765
19583,0.000303,172.31.46.0-255,66,49036,54,197765
19584,0.000311,172.217.194.0-255,7087,56123,54,197765
19585,0.000313,172.31.46.0-255,66,56189,54,197765
19586,0.000316,172.217.194.0-255,366,56555,54,197765
19587,0.000698,172.217.194.0-255,1484,58039,54,197765
19588,0.000704,172.217.194.0-255,1484,59523,54,197765
19589,0.000721,172.217.194.0-255,1484,61007,54,197765
19590,0.000727,172.217.194.0-255,5738,66745,54,197765
19591,0.000732,172.31.46.0-255,66,66811,54,197765
19592,0.000758,172.217.194.0-255,5738,72549,54,197765
19593,0.000763,172.31.46.0-255,66,72615,54,197765
19594,0.000783,172.217.194.0-255,4470,77085,54,197765
19595,0.000788,172.217.194.0-255,2902,79987,54,197765
19596,0.000804,172.217.194.0-255,5738,85725,54,197765
19597,0.000814,172.31.46.0-255,66,85791,54,197765
19598,0.000843,172.217.194.0-255,2902,88693,54,197765
19599,0.000871,172.31.46.0-255,66,88759,54,197765
19600,0.000887,172.217.194.0-255,1484,90243,54,197765
19601,0.000907,172.217.194.0-255,3602,93845,54,197765
19602,0.000917,172.31.46.0-255,66,93911,54,197765
19603,0.001829,172.217.194.0-255,1484,95395,54,197765
19604,0.001833,172.217.194.0-255,1484,96879,54,197765
19605,0.00184,172.31.46.0-255,66,96945,54,197765
19606,0.001848,172.217.194.0-255,1484,98429,54,197765
19607,0.001851,172.217.194.0-255,1484,99913,54,197765
19608,0.001854,172.31.46.0-255,66,99979,54,197765
19609,0.001879,172.217.194.0-255,4320,104299,54,197765
19610,0.001882,172.31.46.0-255,66,104365,54,197765
19611,0.001887,172.217.194.0-255,4320,108685,54,197765
19612,0.001889,172.31.46.0-255,66,108751,54,197765
19613,0.001908,172.31.46.0-255,66,108817,54,197765
19614,0.001913,172.217.194.0-255,4320,113137,54,197765
19615,0.001915,172.31.46.0-255,66,113203,54,197765
19616,0.001951,172.217.194.0-255,6438,119641,54,197765
19617,0.001954,172.31.46.0-255,66,119707,54,197765
19618,0.003968,172.217.194.0-255,5738,125445,54,197765
19619,0.003975,172.31.46.0-255,66,125511,54,197765
19620,0.005962,172.217.194.0-255,4320,129831,54,197765
19621,0.005965,172.31.46.0-255,66,129897,54,197765
19622,0.006001,172.217.194.0-255,1484,131381,54,197765
19623,0.007954,172.217.194.0-255,4320,135701,54,197765
19624,0.007959,172.31.46.0-255,66,135767,54,197765
19625,0.009938,172.217.194.0-255,5738,141505,54,197765
19626,0.009944,172.31.46.0-255,66,141571,54,197765
19627,0.011935,172.217.194.0-255,5738,147309,54,197765
19628,0.011941,172.31.46.0-255,66,147375,54,197765
19629,0.013988,172.217.194.0-255,5738,153113,54,197765
19630,0.013998,172.31.46.0-255,66,153179,54,197765
19631,0.015988,172.217.194.0-255,2902,156081,54,197765
19632,0.015995,172.31.46.0-255,66,156147,54,197765
19633,0.016017,172.217.194.0-255,2902,159049,54,197765
19634,0.016019,172.31.46.0-255,66,159115,54,197765
19635,0.01799,172.217.194.0-255,2902,162017,54,197765
19636,0.017997,172.31.46.0-255,66,162083,54,197765
19637,0.018047,172.217.194.0-255,2902,164985,54,197765
19638,0.01805,172.31.46.0-255,66,165051,54,197765
19639,0.019984,172.217.194.0-255,2902,167953,54,197765
19640,0.019991,172.31.46.0-255,66,168019,54,197765
19641,0.020052,172.217.194.0-255,2902,170921,54,197765
19642,0.020056,172.31.46.0-255,66,170987,54,197765
19643,0.021978,172.217.194.0-255,2902,173889,54,197765
19644,0.021985,172.31.46.0-255,66,173955,54,197765
19645,0.022062,172.217.194.0-255,2902,176857,54,197765
19646,0.022065,172.31.46.0-255,66,176923,54,197765
19647,0.023981,172.217.194.0-255,2902,179825,54,197765
19648,0.023987,172.31.46.0-255,66,179891,54,197765
19649,0.024056,172.217.194.0-255,2902,182793,54,197765
19650,0.024059,172.31.46.0-255,66,182859,54,197765
19651,0.025965,172.217.194.0-255,2902,185761,54,197765
19652,0.025973,172.31.46.0-255,66,185827,54,197765
19653,0.02604,172.217.194.0-255,1484,187311,54,197765
19654,0.026063,172.217.194.0-255,1484,188795,54,197765
19655,0.026068,172.31.46.0-255,66,188861,54,197765
19656,0.027965,172.217.194.0-255,2902,191763,54,197765
19657,0.027972,172.31.46.0-255,66,191829,54,197765
19658,0.028046,172.217.194.0-255,2902,194731,54,197765
19659,0.02805,172.31.46.0-255,66,194797,54,197765
19660,0.02995,172.217.194.0-255,2902,197699,54,197765
19661,0.029957,172.31.46.0-255,66,197765,54,197765
19662,0.0,172.217.194.0-255,153,153,54,178764
19663,2.3e-05,172.31.46.0-255,66,219,54,178764
19664,3e-05,172.217.194.0-255,1484,1703,54,178764
19665,3.4e-05,172.31.46.0-255,66,1769,54,178764
19666,4e-05,172.217.194.0-255,2902,4671,54,178764
19667,4.3e-05,172.31.46.0-255,66,4737,54,178764
19668,5.2e-05,172.217.194.0-255,7156,11893,54,178764
19669,5.5e-05,172.31.46.0-255,66,11959,54,178764
19670,5.8e-05,172.217.194.0-255,1484,13443,54,178764
19671,6.2e-05,172.31.46.0-255,66,13509,54,178764
19672,8.1e-05,172.217.194.0-255,547,14056,54,178764
19673,8.4e-05,172.31.46.0-255,66,14122,54,178764
19674,0.000107,172.217.194.0-255,2902,17024,54,178764
19675,0.00011,172.31.46.0-255,66,17090,54,178764
19676,0.000138,172.31.46.0-255,66,17156,54,178764
19677,0.000158,172.217.194.0-255,4320,21476,54,178764
19678,0.00016,172.31.46.0-255,66,21542,54,178764
19679,0.000187,172.31.46.0-255,66,21608,54,178764
19680,0.00022,172.217.194.0-255,5738,27346,54,178764
19681,0.000222,172.31.46.0-255,66,27412,54,178764
19682,0.00024,172.217.194.0-255,3602,31014,54,178764
19683,0.000243,172.31.46.0-255,66,31080,54,178764
19684,0.000571,172.217.194.0-255,1484,32564,54,178764
19685,0.000577,172.31.46.0-255,66,32630,54,178764
19686,0.000606,172.217.194.0-255,2902,35532,54,178764
19687,0.000609,172.31.46.0-255,66,35598,54,178764
19688,0.000614,172.217.194.0-255,2902,38500,54,178764
19689,0.000617,172.31.46.0-255,66,38566,54,178764
19690,0.000647,172.217.194.0-255,1484,40050,54,178764
19691,0.000649,172.31.46.0-255,66,40116,54,178764
19692,0.00066,172.31.46.0-255,66,40182,54,178764
19693,0.000663,172.217.194.0-255,120,40302,54,178764
19694,0.001348,172.31.46.0-255,66,40368,54,178764
19695,0.001386,172.217.194.0-255,1484,41852,54,178764
19696,0.001407,172.217.194.0-255,2902,44754,54,178764
19697,0.00141,172.31.46.0-255,66,44820,54,178764
19698,0.001415,172.217.194.0-255,2902,47722,54,178764
19699,0.001417,172.31.46.0-255,66,47788,54,178764
19700,0.001432,172.217.194.0-255,2902,50690,54,178764
19701,0.001435,172.31.46.0-255,66,50756,54,178764
19702,0.001439,172.217.194.0-255,4320,55076,54,178764
19703,0.001442,172.31.46.0-255,66,55142,54,178764
19704,0.001455,172.217.194.0-255,1484,56626,54,178764
19705,0.001483,172.31.46.0-255,66,56692,54,178764
19706,0.001493,172.31.46.0-255,66,56758,54,178764
19707,0.002067,172.217.194.0-255,1484,58242,54,178764
19708,0.002076,172.217.194.0-255,2902,61144,54,178764
19709,0.002081,172.31.46.0-255,66,61210,54,178764
19710,0.002105,172.217.194.0-255,5738,66948,54,178764
19711,0.002108,172.31.46.0-255,66,67014,54,178764
19712,0.002116,172.217.194.0-255,7156,74170,54,178764
19713,0.002118,172.31.46.0-255,66,74236,54,178764
19714,0.002162,172.31.46.0-255,66,74302,54,178764
19715,0.00218,172.217.194.0-255,2902,77204,54,178764
19716,0.002182,172.31.46.0-255,66,77270,54,178764
19717,0.002187,172.217.194.0-255,2184,79454,54,178764
19718,0.002189,172.31.46.0-255,66,79520,54,178764
19719,0.002227,172.217.194.0-255,4320,83840,54,178764
19720,0.00223,172.31.46.0-255,66,83906,54,178764
19721,0.002259,172.31.46.0-255,66,83972,54,178764
19722,0.002262,172.217.194.0-255,1484,85456,54,178764
19723,0.00229,172.31.46.0-255,66,85522,54,178764
19724,0.002293,172.217.194.0-255,766,86288,54,178764
19725,0.002345,172.217.194.0-255,1484,87772,54,178764
19726,0.002349,172.31.46.0-255,66,87838,54,178764
19727,0.002353,172.217.194.0-255,1484,89322,54,178764
19728,0.002366,172.217.194.0-255,1484,90806,54,178764
19729,0.002369,172.31.46.0-255,66,90872,54,178764
19730,0.002384,172.217.194.0-255,4320,95192,54,178764
19731,0.002386,172.31.46.0-255,66,95258,54,178764
19732,0.0024,172.217.194.0-255,1484,96742,54,178764
19733,0.002416,172.217.194.0-255,5738,102480,54,178764
19734,0.002418,172.31.46.0-255,66,102546,54,178764
19735,0.002443,172.217.194.0-255,7156,109702,54,178764
19736,0.002446,172.31.46.0-255,66,109768,54,178764
19737,0.002454,172.217.194.0-255,7156,116924,54,178764
19738,0.002457,172.31.46.0-255,66,116990,54,178764
19739,0.002475,172.217.194.0-255,3602,120592,54,178764
19740,0.002477,172.31.46.0-255,66,120658,54,178764
19741,0.005024,172.217.194.0-255,1484,122142,54,178764
19742,0.005088,172.217.194.0-255,4320,126462,54,178764
19743,0.005094,172.31.46.0-255,66,126528,54,178764
19744,0.007689,172.217.194.0-255,5738,132266,54,178764
19745,0.007696,172.31.46.0-255,66,132332,54,178764
19746,0.010311,172.217.194.0-255,5738,138070,54,178764
19747,0.010318,172.31.46.0-255,66,138136,54,178764
19748,0.012895,172.217.194.0-255,5738,143874,54,178764
19749,0.012902,172.31.46.0-255,66,143940,54,178764
19750,0.015533,172.217.194.0-255,5738,149678,54,178764
19751,0.015541,172.31.46.0-255,66,149744,54,178764
19752,0.01811,172.217.194.0-255,5738,155482,54,178764
19753,0.018121,172.31.46.0-255,66,155548,54,178764
19754,0.020708,172.217.194.0-255,5738,161286,54,178764
19755,0.020717,172.31.46.0-255,66,161352,54,178764
19756,0.023321,172.217.194.0-255,5738,167090,54,178764
19757,0.023329,172.31.46.0-255,66,167156,54,178764
19758,0.025935,172.217.194.0-255,5738,172894,54,178764
19759,0.025943,172.31.46.0-255,66,172960,54,178764
19760,0.028515,172.217.194.0-255,5738,178698,54,178764
19761,0.028521,172.31.46.0-255,66,178764,54,178764
19762,0.0,172.217.194.0-255,153,153,54,197728
19763,3.4e-05,172.31.46.0-255,66,219,54,197728
19764,4.1e-05,172.217.194.0-255,1484,1703,54,197728
19765,4.5e-05,172.31.46.0-255,66,1769,54,197728
19766,5.1e-05,172.217.194.0-255,2902,4671,54,197728
19767,6.1e-05,172.31.46.0-255,66,4737,54,197728
19768,6.8e-05,172.217.194.0-255,7156,11893,54,197728
19769,7.1e-05,172.31.46.0-255,66,11959,54,197728
19770,7.6e-05,172.217.194.0-255,2083,14042,54,197728
19771,7.9e-05,172.31.46.0-255,66,14108,54,197728
19772,0.000355,172.217.194.0-255,1484,15592,54,197728
19773,0.000362,172.31.46.0-255,66,15658,54,197728
19774,0.000368,172.217.194.0-255,2902,18560,54,197728
19775,0.000371,172.31.46.0-255,66,18626,54,197728
19776,0.000385,172.217.194.0-255,5738,24364,54,197728
19777,0.000388,172.31.46.0-255,66,24430,54,197728
19778,0.000433,172.31.46.0-255,66,24496,54,197728
19779,0.000465,172.217.194.0-255,2543,27039,54,197728
19780,0.000467,172.31.46.0-255,66,27105,54,197728
19781,0.000485,172.31.46.0-255,66,27171,54,197728
19782,0.000503,172.217.194.0-255,1484,28655,54,197728
19783,0.000505,172.31.46.0-255,66,28721,54,197728
19784,0.00051,172.217.194.0-255,2902,31623,54,197728
19785,0.000513,172.31.46.0-255,66,31689,54,197728
19786,0.000518,172.217.194.0-255,4320,36009,54,197728
19787,0.00052,172.31.46.0-255,66,36075,54,197728
19788,0.000554,172.217.194.0-255,1484,37559,54,197728
19789,0.000558,172.31.46.0-255,66,37625,54,197728
19790,0.000564,172.217.194.0-255,4320,41945,54,197728
19791,0.000567,172.31.46.0-255,66,42011,54,197728
19792,0.000591,172.217.194.0-255,2834,44845,54,197728
19793,0.000597,172.31.46.0-255,66,44911,54,197728
19794,0.000625,172.217.194.0-255,2934,47845,54,197728
19795,0.00063,172.31.46.0-255,66,47911,54,197728
19796,0.000632,172.217.194.0-255,7156,55067,54,197728
19797,0.000634,172.31.46.0-255,66,55133,54,197728
19798,0.000641,172.217.194.0-255,5738,60871,54,197728
19799,0.000643,172.31.46.0-255,66,60937,54,197728
19800,0.000691,172.217.194.0-255,2902,63839,54,197728
19801,0.000695,172.31.46.0-255,66,63905,54,197728
19802,0.00073,172.217.194.0-255,5379,69284,54,197728
19803,0.000734,172.31.46.0-255,66,69350,54,197728
19804,0.000751,172.31.46.0-255,66,69416,54,197728
19805,0.000754,172.217.194.0-255,1423,70839,54,197728
19806,0.001314,172.31.46.0-255,66,70905,54,197728
19807,0.001325,172.217.194.0-255,1484,72389,54,197728
19808,0.001336,172.217.194.0-255,2902,75291,54,197728
19809,0.001339,172.31.46.0-255,66,75357,54,197728
19810,0.001347,172.217.194.0-255,5738,81095,54,197728
19811,0.001349,172.31.46.0-255,66,81161,54,197728
19812,0.00139,172.31.46.0-255,66,81227,54,197728
19813,0.001393,172.217.194.0-255,1484,82711,54,197728
19814,0.001426,172.31.46.0-255,66,82777,54,197728
19815,0.001459,172.31.46.0-255,66,82843,54,197728
19816,0.001466,172.217.194.0-255,7156,89999,54,197728
19817,0.001468,172.31.46.0-255,66,90065,54,197728
19818,0.001495,172.217.194.0-255,1484,91549,54,197728
19819,0.001544,172.217.194.0-255,5738,97287,54,197728
19820,0.001548,172.31.46.0-255,66,97353,54,197728
19821,0.001576,172.31.46.0-255,66,97419,54,197728
19822,0.00159,172.31.46.0-255,66,97485,54,197728
19823,0.001601,172.31.46.0-255,66,97551,54,197728
19824,0.001606,172.217.194.0-255,5738,103289,54,197728
19825,0.001609,172.31.46.0-255,66,103355,54,197728
19826,0.001635,172.217.194.0-255,3602,106957,54,197728
19827,0.001638,172.31.46.0-255,66,107023,54,197728
19828,0.00165,172.31.46.0-255,66,107089,54,197728
19829,0.001697,172.31.46.0-255,66,107155,54,197728
19830,0.001703,172.217.194.0-255,4320,111475,54,197728
19831,0.001705,172.31.46.0-255,66,111541,54,197728
19832,0.001725,172.217.194.0-255,766,112307,54,197728
19833,0.001736,172.217.194.0-255,5738,118045,54,197728
19834,0.001739,172.31.46.0-255,66,118111,54,197728
19835,0.001749,172.31.46.0-255,66,118177,54,197728
19836,0.001789,172.217.194.0-255,4320,122497,54,197728
19837,0.001792,172.31.46.0-255,66,122563,54,197728
19838,0.001807,172.217.194.0-255,5020,127583,54,197728
19839,0.001812,172.217.194.0-255,1484,129067,54,197728
19840,0.001838,172.31.46.0-255,66,129133,54,197728
19841,0.001841,172.31.46.0-255,66,129199,54,197728
19842,0.001846,172.217.194.0-255,4320,133519,54,197728
19843,0.00185,172.31.46.0-255,66,133585,54,197728
19844,0.001862,172.31.46.0-255,66,133651,54,197728
19845,0.001874,172.31.46.0-255,66,133717,54,197728
19846,0.001925,172.217.194.0-255,6438,140155,54,197728
19847,0.001929,172.31.46.0-255,66,140221,54,197728
19848,0.001936,172.217.194.0-255,7156,147377,54,197728
19849,0.001938,172.31.46.0-255,66,147443,54,197728
19850,0.001975,172.31.46.0-255,66,147509,54,197728
19851,0.001989,172.217.194.0-255,2902,150411,54,197728
19852,0.001996,172.31.46.0-255,66,150477,54,197728
19853,0.002028,172.31.46.0-255,66,150543,54,197728
19854,0.00208,172.217.194.0-255,7156,157699,54,197728
19855,0.002084,172.31.46.0-255,66,157765,54,197728
19856,0.002101,172.31.46.0-255,66,157831,54,197728
19857,0.002179,172.31.46.0-255,66,157897,54,197728
19858,0.002182,172.217.194.0-255,766,158663,54,197728
19859,0.002186,172.217.194.0-255,1484,160147,54,197728
19860,0.002188,172.31.46.0-255,66,160213,54,197728
19861,0.002192,172.217.194.0-255,2902,163115,54,197728
19862,0.002196,172.31.46.0-255,66,163181,54,197728
19863,0.002219,172.217.194.0-255,5738,168919,54,197728
19864,0.002223,172.31.46.0-255,66,168985,54,197728
19865,0.002226,172.217.194.0-255,7156,176141,54,197728
19866,0.00223,172.31.46.0-255,66,176207,54,197728
19867,0.002282,172.217.194.0-255,7156,183363,54,197728
19868,0.002287,172.31.46.0-255,66,183429,54,197728
19869,0.00232,172.31.46.0-255,66,183495,54,197728
19870,0.004565,172.217.194.0-255,5738,189233,54,197728
19871,0.004578,172.31.46.0-255,66,189299,54,197728
19872,0.006849,172.217.194.0-255,5738,195037,54,197728
19873,0.00686,172.31.46.0-255,66,195103,54,197728
19874,0.009104,172.217.194.0-255,1863,196966,54,197728
19875,0.009113,172.31.46.0-255,66,197032,54,197728
19876,0.010629,172.31.46.0-255,105,197137,54,197728
19877,0.01066,172.31.46.0-255,105,197242,54,197728
19878,0.010899,172.31.46.0-255,90,197332,54,197728
19879,0.010911,172.31.46.0-255,66,197398,54,197728
19880,0.01285,172.217.194.0-255,66,197464,54,197728
19881,0.012864,172.217.194.0-255,66,197530,54,197728
19882,0.013113,172.217.194.0-255,66,197596,54,197728
19883,0.013133,172.217.194.0-255,66,197662,54,197728
19884,0.013142,172.31.46.0-255,66,197728,54,197728
19885,0.0,74.125.200.0-255,148,148,54,185856
19886,2.9e-05,172.31.46.0-255,66,214,54,185856
19887,3.7e-05,74.125.200.0-255,1484,1698,54,185856
19888,4.2e-05,172.31.46.0-255,66,1764,54,185856
19889,5.3e-05,74.125.200.0-255,1484,3248,54,185856
19890,5.6e-05,172.31.46.0-255,66,3314,54,185856
19891,6.3e-05,74.125.200.0-255,2902,6216,54,185856
19892,6.6e-05,172.31.46.0-255,66,6282,54,185856
19893,7.3e-05,74.125.200.0-255,5738,12020,54,185856
19894,7.7e-05,172.31.46.0-255,66,12086,54,185856
19895,0.000117,74.125.200.0-255,2126,14212,54,185856
19896,0.00012,172.31.46.0-255,66,14278,54,185856
19897,0.000153,74.125.200.0-255,2902,17180,54,185856
19898,0.000156,172.31.46.0-255,66,17246,54,185856
19899,0.000185,74.125.200.0-255,7156,24402,54,185856
19900,0.000188,172.31.46.0-255,66,24468,54,185856
19901,0.000263,74.125.200.0-255,4320,28788,54,185856
19902,0.000266,172.31.46.0-255,66,28854,54,185856
19903,0.000283,74.125.200.0-255,2543,31397,54,185856
19904,0.000286,172.31.46.0-255,66,31463,54,185856
19905,0.000342,74.125.200.0-255,2902,34365,54,185856
19906,0.000345,172.31.46.0-255,66,34431,54,185856
19907,0.000379,74.125.200.0-255,2902,37333,54,185856
19908,0.000382,172.31.46.0-255,66,37399,54,185856
19909,0.000418,172.31.46.0-255,66,37465,54,185856
19910,0.000507,74.125.200.0-255,2543,40008,54,185856
19911,0.000511,172.31.46.0-255,66,40074,54,185856
19912,0.000809,74.125.200.0-255,1484,41558,54,185856
19913,0.000815,74.125.200.0-255,2902,44460,54,185856
19914,0.000824,172.31.46.0-255,66,44526,54,185856
19915,0.00083,172.31.46.0-255,66,44592,54,185856
19916,0.000841,74.125.200.0-255,5738,50330,54,185856
19917,0.000853,172.31.46.0-255,66,50396,54,185856
19918,0.00089,74.125.200.0-255,1484,51880,54,185856
19919,0.000903,74.125.200.0-255,2902,54782,54,185856
19920,0.000916,172.31.46.0-255,66,54848,54,185856
19921,0.00094,74.125.200.0-255,2543,57391,54,185856
19922,0.000954,172.31.46.0-255,66,57457,54,185856
19923,0.001329,74.125.200.0-255,1484,58941,54,185856
19924,0.001346,74.125.200.0-255,2902,61843,54,185856
19925,0.00135,172.31.46.0-255,66,61909,54,185856
19926,0.001381,74.125.200.0-255,5738,67647,54,185856
19927,0.001432,74.125.200.0-255,2902,70549,54,185856
19928,0.001449,74.125.200.0-255,6797,77346,54,185856
19929,0.001545,74.125.200.0-255,5738,83084,54,185856
19930,0.001568,74.125.200.0-255,4320,87404,54,185856
19931,0.001657,74.125.200.0-255,2902,90306,54,185856
19932,0.002376,74.125.200.0-255,5738,96044,54,185856
19933,0.002393,74.125.200.0-255,3602,99646,54,185856
19934,0.002475,74.125.200.0-255,1484,101130,54,185856
19935,0.002489,74.125.200.0-255,1484,102614,54,185856
19936,0.002503,74.125.200.0-255,1484,104098,54,185856
19937,0.002527,74.125.200.0-255,5738,109836,54,185856
19938,0.002594,74.125.200.0-255,4320,114156,54,185856
19939,0.002646,74.125.200.0-255,2902,117058,54,185856
19940,0.002666,74.125.200.0-255,7156,124214,54,185856
19941,0.002768,74.125.200.0-255,5738,129952,54,185856
19942,0.002782,74.125.200.0-255,3602,133554,54,185856
19943,0.006172,172.31.46.0-255,66,133620,54,185856
19944,0.008818,74.125.200.0-255,5738,139358,54,185856
19945,0.008838,172.31.46.0-255,66,139424,54,185856
19946,0.011438,74.125.200.0-255,5738,145162,54,185856
19947,0.011452,172.31.46.0-255,66,145228,54,185856
19948,0.014034,74.125.200.0-255,5738,150966,54,185856
19949,0.014043,172.31.46.0-255,66,151032,54,185856
19950,0.016635,74.125.200.0-255,5738,156770,54,185856
19951,0.016647,172.31.46.0-255,66,156836,54,185856
19952,0.019236,74.125.200.0-255,5738,162574,54,185856
19953,0.019247,172.31.46.0-255,66,162640,54,185856
19954,0.02185,74.125.200.0-255,5738,168378,54,185856
19955,0.021864,172.31.46.0-255,66,168444,54,185856
19956,0.024478,74.125.200.0-255,5738,174182,54,185856
19957,0.024497,172.31.46.0-255,66,174248,54,185856
19958,0.027084,74.125.200.0-255,5738,179986,54,185856
19959,0.027097,172.31.46.0-255,66,180052,54,185856
19960,0.029693,74.125.200.0-255,5738,185790,54,185856
19961,0.029702,172.31.46.0-255,66,185856,54,185856
19962,0.0,172.217.194.0-255,297,297,54,145770
19963,2.1e-05,172.31.46.0-255,66,363,54,145770
19964,2.8e-05,172.217.194.0-255,1484,1847,54,145770
19965,3.2e-05,172.31.46.0-255,66,1913,54,145770
19966,4.5e-05,172.217.194.0-255,4320,6233,54,145770
19967,4.9e-05,172.31.46.0-255,66,6299,54,145770
19968,5.3e-05,172.217.194.0-255,2902,9201,54,145770
19969,5.6e-05,172.31.46.0-255,66,9267,54,145770
19970,7e-05,172.31.46.0-255,66,9333,54,145770
19971,7.7e-05,172.217.194.0-255,7156,16489,54,145770
19972,8e-05,172.31.46.0-255,66,16555,54,145770
19973,0.000127,172.217.194.0-255,2543,19098,54,145770
19974,0.000129,172.31.46.0-255,66,19164,54,145770
19975,0.00016,172.217.194.0-255,2902,22066,54,145770
19976,0.000164,172.31.46.0-255,66,22132,54,145770
19977,0.000168,172.217.194.0-255,2902,25034,54,145770
19978,0.00017,172.31.46.0-255,66,25100,54,145770
19979,0.000175,172.217.194.0-255,2902,28002,54,145770
19980,0.000181,172.31.46.0-255,66,28068,54,145770
19981,0.000204,172.217.194.0-255,4320,32388,54,145770
19982,0.000207,172.31.46.0-255,66,32454,54,145770
19983,0.000216,172.217.194.0-255,2902,35356,54,145770
19984,0.000218,172.31.46.0-255,66,35422,54,145770
19985,0.00026,172.31.46.0-255,66,35488,54,145770
19986,0.000266,172.217.194.0-255,4216,39704,54,145770
19987,0.000268,172.31.46.0-255,66,39770,54,145770
19988,0.000342,172.217.194.0-255,118,39888,54,145770
19989,0.000346,172.31.46.0-255,66,39954,54,145770
19990,0.000654,172.217.194.0-255,380,40334,54,145770
19991,0.000661,172.31.46.0-255,66,40400,54,145770
19992,0.00086,172.217.194.0-255,1484,41884,54,145770
19993,0.000867,172.217.194.0-255,2902,44786,54,145770
19994,0.00087,172.31.46.0-255,66,44852,54,145770
19995,0.000875,172.217.194.0-255,2902,47754,54,145770
19996,0.000897,172.217.194.0-255,2902,50656,54,145770
19997,0.000903,172.217.194.0-255,5738,56394,54,145770
19998,0.000907,172.217.194.0-255,2902,59296,54,145770
19999,0.000916,172.31.46.0-255,66,59362,54,145770
20000,0.000937,172.31.46.0-255,66,59428,54,145770
20001,0.00095,172.217.194.0-255,5020,64448,54,145770
20002,0.000969,172.31.46.0-255,66,64514,54,145770
20003,0.002964,172.217.194.0-255,5738,70252,54,145770
20004,0.002971,172.31.46.0-255,66,70318,54,145770
20005,0.004995,172.217.194.0-255,5738,76056,54,145770
20006,0.005002,172.31.46.0-255,66,76122,54,145770
20007,0.007011,172.217.194.0-255,5738,81860,54,145770
20008,0.007016,172.31.46.0-255,66,81926,54,145770
20009,0.009033,172.217.194.0-255,5738,87664,54,145770
20010,0.009039,172.31.46.0-255,66,87730,54,145770
20011,0.011083,172.217.194.0-255,5738,93468,54,145770
20012,0.011089,172.31.46.0-255,66,93534,54,145770
20013,0.013103,172.217.194.0-255,5738,99272,54,145770
20014,0.013111,172.31.46.0-255,66,99338,54,145770
20015,0.015134,172.217.194.0-255,5738,105076,54,145770
20016,0.015143,172.31.46.0-255,66,105142,54,145770
20017,0.017152,172.217.194.0-255,5738,110880,54,145770
20018,0.017161,172.31.46.0-255,66,110946,54,145770
20019,0.019199,172.217.194.0-255,5738,116684,54,145770
20020,0.019206,172.31.46.0-255,66,116750,54,145770
20021,0.021228,172.217.194.0-255,5738,122488,54,145770
20022,0.021235,172.31.46.0-255,66,122554,54,145770
20023,0.02327,172.217.194.0-255,5738,128292,54,145770
20024,0.023277,172.31.46.0-255,66,128358,54,145770
20025,0.025296,172.217.194.0-255,5738,134096,54,145770
20026,0.025303,172.31.46.0-255,66,134162,54,145770
20027,0.02731,172.217.194.0-255,5738,139900,54,145770
20028,0.027317,172.31.46.0-255,66,139966,54,145770
20029,0.029335,172.217.194.0-255,5738,145704,54,145770
20030,0.02934,172.31.46.0-255,66,145770,54,145770
20031,0.0,74.125.68.0-255,156,156,54,173056
20032,1.7e-05,172.31.46.0-255,66,222,54,173056
20033,2.4e-05,74.125.68.0-255,1484,1706,54,173056
20034,2.8e-05,172.31.46.0-255,66,1772,54,173056
20035,4.3e-05,74.125.68.0-255,2902,4674,54,173056
20036,4.7e-05,172.31.46.0-255,66,4740,54,173056
20037,5.3e-05,74.125.68.0-255,4320,9060,54,173056
20038,5.8e-05,172.31.46.0-255,66,9126,54,173056
20039,6.1e-05,74.125.68.0-255,1484,10610,54,173056
20040,6.4e-05,172.31.46.0-255,66,10676,54,173056
20041,7.8e-05,74.125.68.0-255,3328,14004,54,173056
20042,8.2e-05,172.31.46.0-255,66,14070,54,173056
20043,0.000397,74.125.68.0-255,1484,15554,54,173056
20044,0.000403,172.31.46.0-255,66,15620,54,173056
20045,0.000408,74.125.68.0-255,1484,17104,54,173056
20046,0.00041,172.31.46.0-255,66,17170,54,173056
20047,0.000435,74.125.68.0-255,2902,20072,54,173056
20048,0.000438,172.31.46.0-255,66,20138,54,173056
20049,0.000445,74.125.68.0-255,5738,25876,54,173056
20050,0.000447,172.31.46.0-255,66,25942,54,173056
20051,0.00045,74.125.68.0-255,1484,27426,54,173056
20052,0.000452,172.31.46.0-255,66,27492,54,173056
20053,0.000482,74.125.68.0-255,2902,30394,54,173056
20054,0.000484,172.31.46.0-255,66,30460,54,173056
20055,0.000501,74.125.68.0-255,1125,31585,54,173056
20056,0.000504,172.31.46.0-255,66,31651,54,173056
20057,0.000886,74.125.68.0-255,1484,33135,54,173056
20058,0.000891,172.31.46.0-255,66,33201,54,173056
20059,0.0009,74.125.68.0-255,2902,36103,54,173056
20060,0.000903,172.31.46.0-255,66,36169,54,173056
20061,0.000912,74.125.68.0-255,2902,39071,54,173056
20062,0.000914,172.31.46.0-255,66,39137,54,173056
20063,0.000947,74.125.68.0-255,4320,43457,54,173056
20064,0.00095,172.31.46.0-255,66,43523,54,173056
20065,0.000986,172.31.46.0-255,66,43589,54,173056
20066,0.000991,74.125.68.0-255,2902,46491,54,173056
20067,0.000993,172.31.46.0-255,66,46557,54,173056
20068,0.001021,74.125.68.0-255,7156,53713,54,173056
20069,0.001023,172.31.46.0-255,66,53779,54,173056
20070,0.001028,74.125.68.0-255,2543,56322,54,173056
20071,0.001031,172.31.46.0-255,66,56388,54,173056
20072,0.001448,74.125.68.0-255,646,57034,54,173056
20073,0.001766,74.125.68.0-255,1484,58518,54,173056
20074,0.001772,172.31.46.0-255,66,58584,54,173056
20075,0.001778,74.125.68.0-255,2902,61486,54,173056
20076,0.001781,172.31.46.0-255,66,61552,54,173056
20077,0.001816,74.125.68.0-255,5738,67290,54,173056
20078,0.001819,172.31.46.0-255,66,67356,54,173056
20079,0.001837,74.125.68.0-255,1484,68840,54,173056
20080,0.001841,74.125.68.0-255,1484,70324,54,173056
20081,0.001843,172.31.46.0-255,66,70390,54,173056
20082,0.001868,74.125.68.0-255,1484,71874,54,173056
20083,0.001875,74.125.68.0-255,5738,77612,54,173056
20084,0.001878,172.31.46.0-255,66,77678,54,173056
20085,0.001882,74.125.68.0-255,2902,80580,54,173056
20086,0.001884,172.31.46.0-255,66,80646,54,173056
20087,0.001888,74.125.68.0-255,1484,82130,54,173056
20088,0.001914,74.125.68.0-255,2902,85032,54,173056
20089,0.001916,172.31.46.0-255,66,85098,54,173056
20090,0.001933,74.125.68.0-255,2902,88000,54,173056
20091,0.001935,172.31.46.0-255,66,88066,54,173056
20092,0.001964,74.125.68.0-255,3602,91668,54,173056
20093,0.001967,172.31.46.0-255,66,91734,54,173056
20094,0.003914,74.125.68.0-255,1484,93218,54,173056
20095,0.003941,74.125.68.0-255,4320,97538,54,173056
20096,0.003945,172.31.46.0-255,66,97604,54,173056
20097,0.00592,74.125.68.0-255,5738,103342,54,173056
20098,0.005938,172.31.46.0-255,66,103408,54,173056
20099,0.007918,74.125.68.0-255,5738,109146,54,173056
20100,0.007925,172.31.46.0-255,66,109212,54,173056
20101,0.009911,74.125.68.0-255,5738,114950,54,173056
20102,0.009924,172.31.46.0-255,66,115016,54,173056
20103,0.011947,74.125.68.0-255,5738,120754,54,173056
20104,0.011956,172.31.46.0-255,66,120820,54,173056
20105,0.013943,74.125.68.0-255,5738,126558,54,173056
20106,0.013952,172.31.46.0-255,66,126624,54,173056
20107,0.015947,74.125.68.0-255,5738,132362,54,173056
20108,0.015958,172.31.46.0-255,66,132428,54,173056
20109,0.017953,74.125.68.0-255,5738,138166,54,173056
20110,0.017961,172.31.46.0-255,66,138232,54,173056
20111,0.019948,74.125.68.0-255,5738,143970,54,173056
20112,0.019955,172.31.46.0-255,66,144036,54,173056
20113,0.021938,74.125.68.0-255,5738,149774,54,173056
20114,0.021946,172.31.46.0-255,66,149840,54,173056
20115,0.02393,74.125.68.0-255,5738,155578,54,173056
20116,0.023937,172.31.46.0-255,66,155644,54,173056
20117,0.02592,74.125.68.0-255,5738,161382,54,173056
20118,0.025939,172.31.46.0-255,66,161448,54,173056
20119,0.027922,74.125.68.0-255,5738,167186,54,173056
20120,0.02793,172.31.46.0-255,66,167252,54,173056
20121,0.029903,74.125.68.0-255,5738,172990,54,173056
20122,0.029911,172.31.46.0-255,66,173056,54,173056
20123,0.0,74.125.24.0-255,152,152,54,196847
20124,1.4e-05,172.31.46.0-255,66,218,54,196847
20125,2e-05,74.125.24.0-255,1484,1702,54,196847
20126,2.4e-05,172.31.46.0-255,66,1768,54,196847
20127,2.8e-05,74.125.24.0-255,1484,3252,54,196847
20128,3e-05,172.31.46.0-255,66,3318,54,196847
20129,5e-05,74.125.24.0-255,1484,4802,54,196847
20130,5.3e-05,172.31.46.0-255,66,4868,54,196847
20131,5.8e-05,74.125.24.0-255,2902,7770,54,196847
20132,6.1e-05,172.31.46.0-255,66,7836,54,196847
20133,8.6e-05,74.125.24.0-255,4320,12156,54,196847
20134,8.9e-05,172.31.46.0-255,66,12222,54,196847
20135,9.3e-05,74.125.24.0-255,1955,14177,54,196847
20136,9.5e-05,172.31.46.0-255,66,14243,54,196847
20137,0.000164,74.125.24.0-255,1484,15727,54,196847
20138,0.000168,172.31.46.0-255,66,15793,54,196847
20139,0.000173,74.125.24.0-255,2902,18695,54,196847
20140,0.000176,172.31.46.0-255,66,18761,54,196847
20141,0.000182,74.125.24.0-255,5738,24499,54,196847
20142,0.000184,172.31.46.0-255,66,24565,54,196847
20143,0.000189,74.125.24.0-255,4320,28885,54,196847
20144,0.000191,172.31.46.0-255,66,28951,54,196847
20145,0.000232,74.125.24.0-255,5738,34689,54,196847
20146,0.000235,172.31.46.0-255,66,34755,54,196847
20147,0.000261,74.125.24.0-255,6797,41552,54,196847
20148,0.000264,172.31.46.0-255,66,41618,54,196847
20149,0.000271,74.125.24.0-255,6797,48415,54,196847
20150,0.000273,172.31.46.0-255,66,48481,54,196847
20151,0.000619,74.125.24.0-255,1484,49965,54,196847
20152,0.000625,172.31.46.0-255,66,50031,54,196847
20153,0.000631,74.125.24.0-255,2902,52933,54,196847
20154,0.000633,172.31.46.0-255,66,52999,54,196847
20155,0.000638,74.125.24.0-255,2902,55901,54,196847
20156,0.000639,172.31.46.0-255,66,55967,54,196847
20157,0.000657,74.125.24.0-255,2902,58869,54,196847
20158,0.000659,172.31.46.0-255,66,58935,54,196847
20159,0.000666,74.125.24.0-255,5738,64673,54,196847
20160,0.000668,172.31.46.0-255,66,64739,54,196847
20161,0.000701,74.125.24.0-255,1427,66166,54,196847
20162,0.000754,74.125.24.0-255,376,66542,54,196847
20163,0.000757,172.31.46.0-255,66,66608,54,196847
20164,0.000884,74.125.24.0-255,1484,68092,54,196847
20165,0.000888,74.125.24.0-255,1484,69576,54,196847
20166,0.000891,172.31.46.0-255,66,69642,54,196847
20167,0.000908,74.125.24.0-255,1484,71126,54,196847
20168,0.000915,74.125.24.0-255,5738,76864,54,196847
20169,0.000918,172.31.46.0-255,66,76930,54,196847
20170,0.000945,74.125.24.0-255,7156,84086,54,196847
20171,0.000948,172.31.46.0-255,66,84152,54,196847
20172,0.000972,74.125.24.0-255,6797,90949,54,196847
20173,0.000975,172.31.46.0-255,66,91015,54,196847
20174,0.000996,172.31.46.0-255,66,91081,54,196847
20175,0.001753,74.125.24.0-255,1484,92565,54,196847
20176,0.001764,74.125.24.0-255,2902,95467,54,196847
20177,0.001768,172.31.46.0-255,66,95533,54,196847
20178,0.001776,74.125.24.0-255,5738,101271,54,196847
20179,0.001778,172.31.46.0-255,66,101337,54,196847
20180,0.001803,74.125.24.0-255,7156,108493,54,196847
20181,0.001805,172.31.46.0-255,66,108559,54,196847
20182,0.001837,74.125.24.0-255,5738,114297,54,196847
20183,0.001839,172.31.46.0-255,66,114363,54,196847
20184,0.001851,172.31.46.0-255,66,114429,54,196847
20185,0.001854,74.125.24.0-255,766,115195,54,196847
20186,0.001894,74.125.24.0-255,1484,116679,54,196847
20187,0.001896,172.31.46.0-255,66,116745,54,196847
20188,0.001901,74.125.24.0-255,4320,121065,54,196847
20189,0.001903,172.31.46.0-255,66,121131,54,196847
20190,0.001909,74.125.24.0-255,4320,125451,54,196847
20191,0.00191,172.31.46.0-255,66,125517,54,196847
20192,0.001922,74.125.24.0-255,1484,127001,54,196847
20193,0.001952,172.31.46.0-255,66,127067,54,196847
20194,0.001987,172.31.46.0-255,66,127133,54,196847
20195,0.002274,74.125.24.0-255,1484,128617,54,196847
20196,0.004223,74.125.24.0-255,4320,132937,54,196847
20197,0.004228,172.31.46.0-255,66,133003,54,196847
20198,0.006469,74.125.24.0-255,5738,138741,54,196847
20199,0.006476,172.31.46.0-255,66,138807,54,196847
20200,0.00872,74.125.24.0-255,5738,144545,54,196847
20201,0.008727,172.31.46.0-255,66,144611,54,196847
20202,0.010956,74.125.24.0-255,5738,150349,54,196847
20203,0.010964,172.31.46.0-255,66,150415,54,196847
20204,0.01319,74.125.24.0-255,5738,156153,54,196847
20205,0.013198,172.31.46.0-255,66,156219,54,196847
20206,0.01543,74.125.24.0-255,5738,161957,54,196847
20207,0.015436,172.31.46.0-255,66,162023,54,196847
20208,0.017687,74.125.24.0-255,5738,167761,54,196847
20209,0.017696,172.31.46.0-255,66,167827,54,196847
20210,0.01995,74.125.24.0-255,5738,173565,54,196847
20211,0.019963,172.31.46.0-255,66,173631,54,196847
20212,0.022191,74.125.24.0-255,5738,179369,54,196847
20213,0.0222,172.31.46.0-255,66,179435,54,196847
20214,0.024446,74.125.24.0-255,5738,185173,54,196847
20215,0.024454,172.31.46.0-255,66,185239,54,196847
20216,0.026689,74.125.24.0-255,5738,190977,54,196847
20217,0.026696,172.31.46.0-255,66,191043,54,196847
20218,0.028943,74.125.24.0-255,5738,196781,54,196847
20219,0.02895,172.31.46.0-255,66,196847,54,196847
20220,0.0,74.125.24.0-255,153,153,54,208287
20221,2.1e-05,172.31.46.0-255,66,219,54,208287
20222,2.8e-05,74.125.24.0-255,1484,1703,54,208287
20223,3.3e-05,172.31.46.0-255,66,1769,54,208287
20224,4.6e-05,74.125.24.0-255,2902,4671,54,208287
20225,4.9e-05,172.31.46.0-255,66,4737,54,208287
20226,5.8e-05,74.125.24.0-255,7156,11893,54,208287
20227,6.1e-05,172.31.46.0-255,66,11959,54,208287
20228,6.6e-05,74.125.24.0-255,1940,13899,54,208287
20229,7e-05,172.31.46.0-255,66,13965,54,208287
20230,9.1e-05,74.125.24.0-255,2902,16867,54,208287
20231,9.9e-05,172.31.46.0-255,66,16933,54,208287
20232,0.000104,74.125.24.0-255,2902,19835,54,208287
20233,0.000106,172.31.46.0-255,66,19901,54,208287
20234,0.000135,74.125.24.0-255,4320,24221,54,208287
20235,0.000142,172.31.46.0-255,66,24287,54,208287
20236,0.000148,74.125.24.0-255,4320,28607,54,208287
20237,0.000151,172.31.46.0-255,66,28673,54,208287
20238,0.000155,74.125.24.0-255,2543,31216,54,208287
20239,0.000157,172.31.46.0-255,66,31282,54,208287
20240,0.000271,74.125.24.0-255,1484,32766,54,208287
20241,0.000276,172.31.46.0-255,66,32832,54,208287
20242,0.000282,74.125.24.0-255,2902,35734,54,208287
20243,0.000285,172.31.46.0-255,66,35800,54,208287
20244,0.000319,74.125.24.0-255,5738,41538,54,208287
20245,0.000323,172.31.46.0-255,66,41604,54,208287
20246,0.00033,74.125.24.0-255,6797,48401,54,208287
20247,0.000332,172.31.46.0-255,66,48467,54,208287
20248,0.000375,172.31.46.0-255,66,48533,54,208287
20249,0.000379,74.125.24.0-255,2543,51076,54,208287
20250,0.000382,172.31.46.0-255,66,51142,54,208287
20251,0.000396,74.125.24.0-255,709,51851,54,208287
20252,0.000627,74.125.24.0-255,1484,53335,54,208287
20253,0.000633,172.31.46.0-255,66,53401,54,208287
20254,0.000639,74.125.24.0-255,2902,56303,54,208287
20255,0.000642,172.31.46.0-255,66,56369,54,208287
20256,0.000672,74.125.24.0-255,5738,62107,54,208287
20257,0.000675,172.31.46.0-255,66,62173,54,208287
20258,0.000679,74.125.24.0-255,2902,65075,54,208287
20259,0.000681,172.31.46.0-255,66,65141,54,208287
20260,0.000702,74.125.24.0-255,1484,66625,54,208287
20261,0.000711,74.125.24.0-255,7156,73781,54,208287
20262,0.000713,172.31.46.0-255,66,73847,54,208287
20263,0.00075,74.125.24.0-255,4320,78167,54,208287
20264,0.000762,172.31.46.0-255,66,78233,54,208287
20265,0.000765,172.31.46.0-255,66,78299,54,208287
20266,0.001073,74.125.24.0-255,1484,79783,54,208287
20267,0.001091,74.125.24.0-255,2902,82685,54,208287
20268,0.001094,172.31.46.0-255,66,82751,54,208287
20269,0.0011,74.125.24.0-255,2902,85653,54,208287
20270,0.001102,172.31.46.0-255,66,85719,54,208287
20271,0.001124,74.125.24.0-255,2902,88621,54,208287
20272,0.001126,172.31.46.0-255,66,88687,54,208287
20273,0.001145,172.31.46.0-255,66,88753,54,208287
20274,0.001151,74.125.24.0-255,5738,94491,54,208287
20275,0.001154,172.31.46.0-255,66,94557,54,208287
20276,0.001205,74.125.24.0-255,5020,99577,54,208287
20277,0.001208,172.31.46.0-255,66,99643,54,208287
20278,0.001231,74.125.24.0-255,1484,101127,54,208287
20279,0.001234,74.125.24.0-255,1484,102611,54,208287
20280,0.001236,172.31.46.0-255,66,102677,54,208287
20281,0.001259,74.125.24.0-255,1484,104161,54,208287
20282,0.001267,74.125.24.0-255,5738,109899,54,208287
20283,0.00127,172.31.46.0-255,66,109965,54,208287
20284,0.001311,172.31.46.0-255,66,110031,54,208287
20285,0.001318,74.125.24.0-255,5738,115769,54,208287
20286,0.00132,172.31.46.0-255,66,115835,54,208287
20287,0.001354,74.125.24.0-255,5020,120855,54,208287
20288,0.001357,172.31.46.0-255,66,120921,54,208287
20289,0.001435,74.125.24.0-255,1484,122405,54,208287
20290,0.00144,74.125.24.0-255,2902,125307,54,208287
20291,0.00145,172.31.46.0-255,66,125373,54,208287
20292,0.001455,74.125.24.0-255,2902,128275,54,208287
20293,0.001457,172.31.46.0-255,66,128341,54,208287
20294,0.001494,74.125.24.0-255,2902,131243,54,208287
20295,0.001498,172.31.46.0-255,66,131309,54,208287
20296,0.001511,172.31.46.0-255,66,131375,54,208287
20297,0.001527,172.31.46.0-255,66,131441,54,208287
20298,0.001573,172.31.46.0-255,66,131507,54,208287
20299,0.001586,74.125.24.0-255,2902,134409,54,208287
20300,0.001589,172.31.46.0-255,66,134475,54,208287
20301,0.001632,172.31.46.0-255,66,134541,54,208287
20302,0.001635,74.125.24.0-255,1484,136025,54,208287
20303,0.001693,74.125.24.0-255,4320,140345,54,208287
20304,0.001698,172.31.46.0-255,66,140411,54,208287
20305,0.001701,172.31.46.0-255,66,140477,54,208287
20306,0.001703,172.31.46.0-255,66,140543,54,208287
20307,0.001726,74.125.24.0-255,5020,145563,54,208287
20308,0.001729,172.31.46.0-255,66,145629,54,208287
20309,0.001757,74.125.24.0-255,1484,147113,54,208287
20310,0.001762,74.125.24.0-255,2902,150015,54,208287
20311,0.001764,172.31.46.0-255,66,150081,54,208287
20312,0.001772,74.125.24.0-255,5738,155819,54,208287
20313,0.001774,172.31.46.0-255,66,155885,54,208287
20314,0.001813,172.31.46.0-255,66,155951,54,208287
20315,0.001839,74.125.24.0-255,2902,158853,54,208287
20316,0.001842,172.31.46.0-255,66,158919,54,208287
20317,0.001878,172.31.46.0-255,66,158985,54,208287
20318,0.001988,74.125.24.0-255,1484,160469,54,208287
20319,0.001994,74.125.24.0-255,2902,163371,54,208287
20320,0.001998,172.31.46.0-255,66,163437,54,208287
20321,0.002032,74.125.24.0-255,5738,169175,54,208287
20322,0.002035,172.31.46.0-255,66,169241,54,208287
20323,0.002084,172.31.46.0-255,66,169307,54,208287
20324,0.002107,74.125.24.0-255,2902,172209,54,208287
20325,0.002109,172.31.46.0-255,66,172275,54,208287
20326,0.002124,172.31.46.0-255,66,172341,54,208287
20327,0.002159,74.125.24.0-255,1484,173825,54,208287
20328,0.002175,74.125.24.0-255,2902,176727,54,208287
20329,0.002178,172.31.46.0-255,66,176793,54,208287
20330,0.002181,74.125.24.0-255,2902,179695,54,208287
20331,0.002183,172.31.46.0-255,66,179761,54,208287
20332,0.00221,74.125.24.0-255,2902,182663,54,208287
20333,0.002212,172.31.46.0-255,66,182729,54,208287
20334,0.002218,74.125.24.0-255,5738,188467,54,208287
20335,0.00222,172.31.46.0-255,66,188533,54,208287
20336,0.002236,172.31.46.0-255,66,188599,54,208287
20337,0.002277,172.31.46.0-255,66,188665,54,208287
20338,0.002317,74.125.24.0-255,2184,190849,54,208287
20339,0.002319,172.31.46.0-255,66,190915,54,208287
20340,0.002338,172.31.46.0-255,66,190981,54,208287
20341,0.002344,74.125.24.0-255,5020,196001,54,208287
20342,0.002346,172.31.46.0-255,66,196067,54,208287
20343,0.004547,74.125.24.0-255,5738,201805,54,208287
20344,0.004554,172.31.46.0-255,66,201871,54,208287
20345,0.006769,74.125.24.0-255,5588,207459,54,208287
20346,0.006776,172.31.46.0-255,66,207525,54,208287
20347,0.010811,172.31.46.0-255,105,207630,54,208287
20348,0.01085,172.31.46.0-255,105,207735,54,208287
20349,0.011102,172.31.46.0-255,90,207825,54,208287
20350,0.011113,172.31.46.0-255,66,207891,54,208287
20351,0.013012,74.125.24.0-255,66,207957,54,208287
20352,0.013022,74.125.24.0-255,66,208023,54,208287
20353,0.013256,74.125.24.0-255,66,208089,54,208287
20354,0.013287,74.125.24.0-255,66,208155,54,208287
20355,0.013294,172.31.46.0-255,66,208221,54,208287
20356,0.013298,74.125.24.0-255,66,208287,54,208287
20357,0.0,172.217.194.0-255,150,150,54,208424
20358,1.9e-05,172.31.46.0-255,66,216,54,208424
20359,2.7e-05,172.217.194.0-255,1484,1700,54,208424
20360,3.2e-05,172.31.46.0-255,66,1766,54,208424
20361,4.4e-05,172.217.194.0-255,2902,4668,54,208424
20362,4.8e-05,172.31.46.0-255,66,4734,54,208424
20363,5.6e-05,172.217.194.0-255,7156,11890,54,208424
20364,5.9e-05,172.31.46.0-255,66,11956,54,208424
20365,7.1e-05,172.31.46.0-255,66,12022,54,208424
20366,7.7e-05,172.217.194.0-255,4320,16342,54,208424
20367,7.9e-05,172.31.46.0-255,66,16408,54,208424
20368,0.000116,172.217.194.0-255,5379,21787,54,208424
20369,0.00012,172.31.46.0-255,66,21853,54,208424
20370,0.000156,172.217.194.0-255,1484,23337,54,208424
20371,0.000158,172.31.46.0-255,66,23403,54,208424
20372,0.000164,172.217.194.0-255,2902,26305,54,208424
20373,0.000166,172.31.46.0-255,66,26371,54,208424
20374,0.000171,172.217.194.0-255,2902,29273,54,208424
20375,0.000173,172.31.46.0-255,66,29339,54,208424
20376,0.000191,172.217.194.0-255,2902,32241,54,208424
20377,0.000197,172.31.46.0-255,66,32307,54,208424
20378,0.000204,172.217.194.0-255,4320,36627,54,208424
20379,0.000206,172.31.46.0-255,66,36693,54,208424
20380,0.000236,172.217.194.0-255,2543,39236,54,208424
20381,0.000238,172.31.46.0-255,66,39302,54,208424
20382,0.000298,172.217.194.0-255,1484,40786,54,208424
20383,0.000303,172.31.46.0-255,66,40852,54,208424
20384,0.000308,172.217.194.0-255,2902,43754,54,208424
20385,0.00031,172.31.46.0-255,66,43820,54,208424
20386,0.000314,172.217.194.0-255,1484,45304,54,208424
20387,0.000315,172.31.46.0-255,66,45370,54,208424
20388,0.000341,172.217.194.0-255,4320,49690,54,208424
20389,0.000344,172.31.46.0-255,66,49756,54,208424
20390,0.000356,172.217.194.0-255,7091,56847,54,208424
20391,0.000358,172.31.46.0-255,66,56913,54,208424
20392,0.00054,172.217.194.0-255,383,57296,54,208424
20393,0.000712,172.217.194.0-255,1484,58780,54,208424
20394,0.000717,172.31.46.0-255,66,58846,54,208424
20395,0.000723,172.217.194.0-255,2902,61748,54,208424
20396,0.000725,172.31.46.0-255,66,61814,54,208424
20397,0.000736,172.217.194.0-255,5738,67552,54,208424
20398,0.000739,172.31.46.0-255,66,67618,54,208424
20399,0.000777,172.217.194.0-255,6797,74415,54,208424
20400,0.00078,172.31.46.0-255,66,74481,54,208424
20401,0.000784,172.217.194.0-255,2902,77383,54,208424
20402,0.000786,172.31.46.0-255,66,77449,54,208424
20403,0.00082,172.217.194.0-255,4320,81769,54,208424
20404,0.000823,172.31.46.0-255,66,81835,54,208424
20405,0.000834,172.31.46.0-255,66,81901,54,208424
20406,0.000842,172.217.194.0-255,1125,83026,54,208424
20407,0.001301,172.217.194.0-255,1484,84510,54,208424
20408,0.001306,172.31.46.0-255,66,84576,54,208424
20409,0.001312,172.217.194.0-255,2902,87478,54,208424
20410,0.001314,172.31.46.0-255,66,87544,54,208424
20411,0.00132,172.217.194.0-255,4320,91864,54,208424
20412,0.001322,172.31.46.0-255,66,91930,54,208424
20413,0.001338,172.217.194.0-255,1484,93414,54,208424
20414,0.001351,172.31.46.0-255,66,93480,54,208424
20415,0.001377,172.217.194.0-255,2902,96382,54,208424
20416,0.001379,172.31.46.0-255,66,96448,54,208424
20417,0.001384,172.217.194.0-255,4320,100768,54,208424
20418,0.001386,172.31.46.0-255,66,100834,54,208424
20419,0.001423,172.217.194.0-255,6438,107272,54,208424
20420,0.001426,172.31.46.0-255,66,107338,54,208424
20421,0.001464,172.217.194.0-255,5738,113076,54,208424
20422,0.001467,172.31.46.0-255,66,113142,54,208424
20423,0.001495,172.217.194.0-255,1484,114626,54,208424
20424,0.001506,172.31.46.0-255,66,114692,54,208424
20425,0.001527,172.31.46.0-255,66,114758,54,208424
20426,0.00153,172.217.194.0-255,766,115524,54,208424
20427,0.001588,172.217.194.0-255,1484,117008,54,208424
20428,0.001591,172.31.46.0-255,66,117074,54,208424
20429,0.001621,172.217.194.0-255,2902,119976,54,208424
20430,0.001625,172.31.46.0-255,66,120042,54,208424
20431,0.001631,172.217.194.0-255,5738,125780,54,208424
20432,0.001633,172.31.46.0-255,66,125846,54,208424
20433,0.001642,172.217.194.0-255,2902,128748,54,208424
20434,0.001645,172.31.46.0-255,66,128814,54,208424
20435,0.001687,172.217.194.0-255,4320,133134,54,208424
20436,0.001691,172.31.46.0-255,66,133200,54,208424
20437,0.00171,172.31.46.0-255,66,133266,54,208424
20438,0.001715,172.217.194.0-255,2184,135450,54,208424
20439,0.001717,172.31.46.0-255,66,135516,54,208424
20440,0.001756,172.217.194.0-255,1484,137000,54,208424
20441,0.001761,172.217.194.0-255,2902,139902,54,208424
20442,0.001764,172.31.46.0-255,66,139968,54,208424
20443,0.001771,172.217.194.0-255,5738,145706,54,208424
20444,0.001773,172.31.46.0-255,66,145772,54,208424
20445,0.001812,172.31.46.0-255,66,145838,54,208424
20446,0.001842,172.217.194.0-255,1484,147322,54,208424
20447,0.001857,172.31.46.0-255,66,147388,54,208424
20448,0.00186,172.217.194.0-255,1484,148872,54,208424
20449,0.001886,172.217.194.0-255,4320,153192,54,208424
20450,0.001889,172.31.46.0-255,66,153258,54,208424
20451,0.001896,172.217.194.0-255,7156,160414,54,208424
20452,0.001899,172.31.46.0-255,66,160480,54,208424
20453,0.001918,172.217.194.0-255,2902,163382,54,208424
20454,0.001921,172.31.46.0-255,66,163448,54,208424
20455,0.001958,172.31.46.0-255,66,163514,54,208424
20456,0.001968,172.31.46.0-255,66,163580,54,208424
20457,0.001975,172.217.194.0-255,5738,169318,54,208424
20458,0.001977,172.31.46.0-255,66,169384,54,208424
20459,0.002036,172.31.46.0-255,66,169450,54,208424
20460,0.002046,172.31.46.0-255,66,169516,54,208424
20461,0.002054,172.217.194.0-255,1484,171000,54,208424
20462,0.002058,172.217.194.0-255,2902,173902,54,208424
20463,0.00206,172.31.46.0-255,66,173968,54,208424
20464,0.002067,172.217.194.0-255,5738,179706,54,208424
20465,0.002069,172.31.46.0-255,66,179772,54,208424
20466,0.002079,172.31.46.0-255,66,179838,54,208424
20467,0.002115,172.217.194.0-255,4320,184158,54,208424
20468,0.002117,172.31.46.0-255,66,184224,54,208424
20469,0.002128,172.31.46.0-255,66,184290,54,208424
20470,0.002136,172.217.194.0-255,2184,186474,54,208424
20471,0.002138,172.31.46.0-255,66,186540,54,208424
20472,0.002141,172.217.194.0-255,1484,188024,54,208424
20473,0.002175,172.217.194.0-255,2902,190926,54,208424
20474,0.002178,172.31.46.0-255,66,190992,54,208424
20475,0.002181,172.217.194.0-255,1484,192476,54,208424
20476,0.002185,172.217.194.0-255,2902,195378,54,208424
20477,0.002187,172.31.46.0-255,66,195444,54,208424
20478,0.002231,172.31.46.0-255,66,195510,54,208424
20479,0.00228,172.31.46.0-255,66,195576,54,208424
20480,0.002315,172.217.194.0-255,5738,201314,54,208424
20481,0.002318,172.31.46.0-255,66,201380,54,208424
20482,0.002329,172.31.46.0-255,66,201446,54,208424
20483,0.002354,172.31.46.0-255,66,201512,54,208424
20484,0.002361,172.217.194.0-255,6438,207950,54,208424
20485,0.002363,172.31.46.0-255,66,208016,54,208424
20486,0.002374,172.31.46.0-255,66,208082,54,208424
20487,0.002377,172.217.194.0-255,105,208187,54,208424
20488,0.01004,172.31.46.0-255,66,208253,54,208424
20489,0.01008,172.31.46.0-255,105,208358,54,208424
20490,0.012162,172.217.194.0-255,66,208424,54,208424
20491,0.0,74.125.24.0-255,299,299,54,170696
20492,2.8e-05,172.31.46.0-255,66,365,54,170696
20493,3.4e-05,74.125.24.0-255,1484,1849,54,170696
20494,3.9e-05,172.31.46.0-255,66,1915,54,170696
20495,4.7e-05,74.125.24.0-255,4320,6235,54,170696
20496,5.2e-05,172.31.46.0-255,66,6301,54,170696
20497,6.4e-05,172.31.46.0-255,66,6367,54,170696
20498,7.6e-05,172.31.46.0-255,66,6433,54,170696
20499,8.8e-05,172.31.46.0-255,66,6499,54,170696
20500,0.000295,74.125.24.0-255,1484,7983,54,170696
20501,0.000301,172.31.46.0-255,66,8049,54,170696
20502,0.000308,74.125.24.0-255,2902,10951,54,170696
20503,0.00031,172.31.46.0-255,66,11017,54,170696
20504,0.000317,74.125.24.0-255,5738,16755,54,170696
20505,0.00032,172.31.46.0-255,66,16821,54,170696
20506,0.000344,74.125.24.0-255,1484,18305,54,170696
20507,0.000346,172.31.46.0-255,66,18371,54,170696
20508,0.000369,74.125.24.0-255,7156,25527,54,170696
20509,0.000372,172.31.46.0-255,66,25593,54,170696
20510,0.000378,74.125.24.0-255,5738,31331,54,170696
20511,0.000381,172.31.46.0-255,66,31397,54,170696
20512,0.000398,74.125.24.0-255,4320,35717,54,170696
20513,0.0004,172.31.46.0-255,66,35783,54,170696
20514,0.000425,74.125.24.0-255,5020,40803,54,170696
20515,0.000428,172.31.46.0-255,66,40869,54,170696
20516,0.00043,74.125.24.0-255,645,41514,54,170696
20517,0.000432,172.31.46.0-255,66,41580,54,170696
20518,0.000445,74.125.24.0-255,1484,43064,54,170696
20519,0.000447,172.31.46.0-255,66,43130,54,170696
20520,0.000465,74.125.24.0-255,4320,47450,54,170696
20521,0.000468,172.31.46.0-255,66,47516,54,170696
20522,0.000497,172.31.46.0-255,66,47582,54,170696
20523,0.000536,172.31.46.0-255,66,47648,54,170696
20524,0.000548,74.125.24.0-255,1484,49132,54,170696
20525,0.000554,74.125.24.0-255,2184,51316,54,170696
20526,0.000587,74.125.24.0-255,1484,52800,54,170696
20527,0.0006,74.125.24.0-255,2902,55702,54,170696
20528,0.000619,74.125.24.0-255,5738,61440,54,170696
20529,0.000684,74.125.24.0-255,2902,64342,54,170696
20530,0.000752,74.125.24.0-255,2902,67244,54,170696
20531,0.000802,74.125.24.0-255,4320,71564,54,170696
20532,0.000817,74.125.24.0-255,5738,77302,54,170696
20533,0.000831,74.125.24.0-255,4320,81622,54,170696
20534,0.000875,74.125.24.0-255,5738,87360,54,170696
20535,0.00089,74.125.24.0-255,1484,88844,54,170696
20536,0.000902,74.125.24.0-255,2184,91028,54,170696
20537,0.000971,172.31.46.0-255,66,91094,54,170696
20538,0.001013,74.125.24.0-255,1484,92578,54,170696
20539,0.00102,74.125.24.0-255,2902,95480,54,170696
20540,0.001025,172.31.46.0-255,66,95546,54,170696
20541,0.001041,74.125.24.0-255,5738,101284,54,170696
20542,0.001056,74.125.24.0-255,1484,102768,54,170696
20543,0.001063,172.31.46.0-255,66,102834,54,170696
20544,0.001095,74.125.24.0-255,2902,105736,54,170696
20545,0.001153,74.125.24.0-255,1484,107220,54,170696
20546,0.001157,172.31.46.0-255,66,107286,54,170696
20547,0.001162,172.31.46.0-255,66,107352,54,170696
20548,0.001177,74.125.24.0-255,2902,110254,54,170696
20549,0.001193,74.125.24.0-255,2902,113156,54,170696
20550,0.001208,74.125.24.0-255,2902,116058,54,170696
20551,0.001211,172.31.46.0-255,66,116124,54,170696
20552,0.001216,172.31.46.0-255,66,116190,54,170696
20553,0.001225,74.125.24.0-255,1484,117674,54,170696
20554,0.001285,74.125.24.0-255,3602,121276,54,170696
20555,0.001298,172.31.46.0-255,66,121342,54,170696
20556,0.001361,74.125.24.0-255,1484,122826,54,170696
20557,0.001368,74.125.24.0-255,2902,125728,54,170696
20558,0.001374,74.125.24.0-255,5738,131466,54,170696
20559,0.001405,74.125.24.0-255,4320,135786,54,170696
20560,0.001409,172.31.46.0-255,66,135852,54,170696
20561,0.001415,172.31.46.0-255,66,135918,54,170696
20562,0.001457,172.31.46.0-255,66,135984,54,170696
20563,0.001468,74.125.24.0-255,2184,138168,54,170696
20564,0.001492,172.31.46.0-255,66,138234,54,170696
20565,0.001524,74.125.24.0-255,1484,139718,54,170696
20566,0.001529,74.125.24.0-255,2902,142620,54,170696
20567,0.001532,74.125.24.0-255,1484,144104,54,170696
20568,0.001538,172.31.46.0-255,66,144170,54,170696
20569,0.001549,74.125.24.0-255,4320,148490,54,170696
20570,0.001587,74.125.24.0-255,2902,151392,54,170696
20571,0.00159,74.125.24.0-255,1484,152876,54,170696
20572,0.001614,74.125.24.0-255,4320,157196,54,170696
20573,0.001619,172.31.46.0-255,66,157262,54,170696
20574,0.001646,74.125.24.0-255,7156,164418,54,170696
20575,0.001665,74.125.24.0-255,5738,170156,54,170696
20576,0.001672,172.31.46.0-255,66,170222,54,170696
20577,0.001736,172.31.46.0-255,66,170288,54,170696
20578,0.001788,172.31.46.0-255,66,170354,54,170696
20579,0.00182,74.125.24.0-255,105,170459,54,170696
20580,0.001871,172.31.46.0-255,66,170525,54,170696
20581,0.012154,172.31.46.0-255,105,170630,54,170696
20582,0.014508,74.125.24.0-255,66,170696,54,170696
20583,0.0,172.217.194.0-255,153,153,54,195823
20584,2.1e-05,172.31.46.0-255,66,219,54,195823
20585,2.7e-05,172.217.194.0-255,1484,1703,54,195823
20586,3.2e-05,172.31.46.0-255,66,1769,54,195823
20587,3.7e-05,172.217.194.0-255,2902,4671,54,195823
20588,4.8e-05,172.31.46.0-255,66,4737,54,195823
20589,5.4e-05,172.217.194.0-255,5738,10475,54,195823
20590,5.7e-05,172.31.46.0-255,66,10541,54,195823
20591,0.0001,172.31.46.0-255,66,10607,54,195823
20592,0.000107,172.217.194.0-255,6797,17404,54,195823
20593,0.000109,172.31.46.0-255,66,17470,54,195823
20594,0.000147,172.217.194.0-255,1484,18954,54,195823
20595,0.000149,172.31.46.0-255,66,19020,54,195823
20596,0.000154,172.217.194.0-255,2902,21922,54,195823
20597,0.000155,172.31.46.0-255,66,21988,54,195823
20598,0.000176,172.217.194.0-255,5738,27726,54,195823
20599,0.000182,172.31.46.0-255,66,27792,54,195823
20600,0.000188,172.217.194.0-255,6797,34589,54,195823
20601,0.00019,172.31.46.0-255,66,34655,54,195823
20602,0.00021,172.217.194.0-255,2902,37557,54,195823
20603,0.000212,172.31.46.0-255,66,37623,54,195823
20604,0.00025,172.31.46.0-255,66,37689,54,195823
20605,0.000254,172.217.194.0-255,2835,40524,54,195823
20606,0.000256,172.31.46.0-255,66,40590,54,195823
20607,0.000275,172.217.194.0-255,363,40953,54,195823
20608,0.000281,172.31.46.0-255,66,41019,54,195823
20609,0.000304,172.217.194.0-255,1484,42503,54,195823
20610,0.000306,172.31.46.0-255,66,42569,54,195823
20611,0.000332,172.217.194.0-255,4320,46889,54,195823
20612,0.000334,172.31.46.0-255,66,46955,54,195823
20613,0.000338,172.217.194.0-255,2902,49857,54,195823
20614,0.00034,172.31.46.0-255,66,49923,54,195823
20615,0.000376,172.217.194.0-255,7156,57079,54,195823
20616,0.000378,172.31.46.0-255,66,57145,54,195823
20617,0.000415,172.217.194.0-255,6797,63942,54,195823
20618,0.000419,172.31.46.0-255,66,64008,54,195823
20619,0.000426,172.217.194.0-255,7156,71164,54,195823
20620,0.000428,172.31.46.0-255,66,71230,54,195823
20621,0.000465,172.31.46.0-255,66,71296,54,195823
20622,0.000496,172.217.194.0-255,3412,74708,54,195823
20623,0.000498,172.31.46.0-255,66,74774,54,195823
20624,0.000504,172.217.194.0-255,5379,80153,54,195823
20625,0.000507,172.31.46.0-255,66,80219,54,195823
20626,0.000614,172.217.194.0-255,1484,81703,54,195823
20627,0.000621,172.217.194.0-255,2902,84605,54,195823
20628,0.000625,172.31.46.0-255,66,84671,54,195823
20629,0.000631,172.217.194.0-255,5738,90409,54,195823
20630,0.000633,172.31.46.0-255,66,90475,54,195823
20631,0.000671,172.31.46.0-255,66,90541,54,195823
20632,0.000717,172.217.194.0-255,5738,96279,54,195823
20633,0.00072,172.31.46.0-255,66,96345,54,195823
20634,0.000755,172.31.46.0-255,66,96411,54,195823
20635,0.000758,172.217.194.0-255,1484,97895,54,195823
20636,0.000812,172.217.194.0-255,2902,100797,54,195823
20637,0.000815,172.31.46.0-255,66,100863,54,195823
20638,0.00082,172.217.194.0-255,5738,106601,54,195823
20639,0.000822,172.31.46.0-255,66,106667,54,195823
20640,0.000831,172.217.194.0-255,5738,112405,54,195823
20641,0.000833,172.31.46.0-255,66,112471,54,195823
20642,0.000836,172.217.194.0-255,1125,113596,54,195823
20643,0.00087,172.217.194.0-255,1484,115080,54,195823
20644,0.000872,172.31.46.0-255,66,115146,54,195823
20645,0.000878,172.217.194.0-255,4320,119466,54,195823
20646,0.000881,172.31.46.0-255,66,119532,54,195823
20647,0.00089,172.31.46.0-255,66,119598,54,195823
20648,0.000934,172.217.194.0-255,2902,122500,54,195823
20649,0.000939,172.31.46.0-255,66,122566,54,195823
20650,0.000974,172.31.46.0-255,66,122632,54,195823
20651,0.000976,172.217.194.0-255,1484,124116,54,195823
20652,0.00098,172.217.194.0-255,2902,127018,54,195823
20653,0.000982,172.31.46.0-255,66,127084,54,195823
20654,0.000987,172.217.194.0-255,5738,132822,54,195823
20655,0.000989,172.31.46.0-255,66,132888,54,195823
20656,0.001025,172.217.194.0-255,6797,139685,54,195823
20657,0.001027,172.31.46.0-255,66,139751,54,195823
20658,0.00107,172.217.194.0-255,7156,146907,54,195823
20659,0.001075,172.31.46.0-255,66,146973,54,195823
20660,0.001086,172.31.46.0-255,66,147039,54,195823
20661,0.001166,172.31.46.0-255,66,147105,54,195823
20662,0.001197,172.217.194.0-255,1484,148589,54,195823
20663,0.001232,172.217.194.0-255,2902,151491,54,195823
20664,0.001236,172.31.46.0-255,66,151557,54,195823
20665,0.001243,172.217.194.0-255,5738,157295,54,195823
20666,0.001246,172.31.46.0-255,66,157361,54,195823
20667,0.001282,172.31.46.0-255,66,157427,54,195823
20668,0.001286,172.217.194.0-255,2902,160329,54,195823
20669,0.001288,172.31.46.0-255,66,160395,54,195823
20670,0.001294,172.217.194.0-255,5738,166133,54,195823
20671,0.001313,172.31.46.0-255,66,166199,54,195823
20672,0.001365,172.31.46.0-255,66,166265,54,195823
20673,0.001478,172.217.194.0-255,1484,167749,54,195823
20674,0.001484,172.217.194.0-255,2902,170651,54,195823
20675,0.001498,172.217.194.0-255,2902,173553,54,195823
20676,0.00151,172.217.194.0-255,2902,176455,54,195823
20677,0.001518,172.217.194.0-255,7156,183611,54,195823
20678,0.001532,172.31.46.0-255,66,183677,54,195823
20679,0.001536,172.217.194.0-255,1484,185161,54,195823
20680,0.001576,172.217.194.0-255,5738,190899,54,195823
20681,0.001707,172.31.46.0-255,66,190965,54,195823
20682,0.00172,172.31.46.0-255,66,191031,54,195823
20683,0.001771,172.217.194.0-255,105,191136,54,195823
20684,0.001802,172.31.46.0-255,66,191202,54,195823
20685,0.003556,172.31.46.0-255,101,191303,54,195823
20686,0.004326,172.31.46.0-255,105,191408,54,195823
20687,0.005856,172.217.194.0-255,66,191474,54,195823
20688,0.00663,172.217.194.0-255,66,191540,54,195823
20689,0.028017,172.31.46.0-255,175,191715,54,195823
20690,0.028065,172.31.46.0-255,1143,192858,54,195823
20691,0.028129,172.31.46.0-255,1514,194372,54,195823
20692,0.028131,172.31.46.0-255,1253,195625,54,195823
20693,0.029549,104.244.42.0-255,66,195691,54,195823
20694,0.029574,104.244.42.0-255,66,195757,54,195823
20695,0.029642,104.244.42.0-255,66,195823,54,195823
20696,0.0,74.125.200.0-255,297,297,54,140867
20697,1.6e-05,172.31.46.0-255,66,363,54,140867
20698,2.2e-05,74.125.200.0-255,1484,1847,54,140867
20699,2.5e-05,172.31.46.0-255,66,1913,54,140867
20700,2.8e-05,74.125.200.0-255,1484,3397,54,140867
20701,3.2e-05,172.31.46.0-255,66,3463,54,140867
20702,4.4e-05,74.125.200.0-255,2902,6365,54,140867
20703,4.6e-05,172.31.46.0-255,66,6431,54,140867
20704,5.2e-05,74.125.200.0-255,5738,12169,54,140867
20705,5.5e-05,172.31.46.0-255,66,12235,54,140867
20706,8.3e-05,74.125.200.0-255,1898,14133,54,140867
20707,8.5e-05,172.31.46.0-255,66,14199,54,140867
20708,0.000759,74.125.200.0-255,1484,15683,54,140867
20709,0.000766,172.31.46.0-255,66,15749,54,140867
20710,0.000776,74.125.200.0-255,2902,18651,54,140867
20711,0.000779,172.31.46.0-255,66,18717,54,140867
20712,0.000816,74.125.200.0-255,4320,23037,54,140867
20713,0.000819,172.31.46.0-255,66,23103,54,140867
20714,0.000841,74.125.200.0-255,4320,27423,54,140867
20715,0.000844,172.31.46.0-255,66,27489,54,140867
20716,0.000876,74.125.200.0-255,3961,31450,54,140867
20717,0.000879,172.31.46.0-255,66,31516,54,140867
20718,0.000947,74.125.200.0-255,1484,33000,54,140867
20719,0.000951,172.31.46.0-255,66,33066,54,140867
20720,0.000978,74.125.200.0-255,2902,35968,54,140867
20721,0.00098,172.31.46.0-255,66,36034,54,140867
20722,0.00101,74.125.200.0-255,4320,40354,54,140867
20723,0.001014,172.31.46.0-255,66,40420,54,140867
20724,0.00102,74.125.200.0-255,5738,46158,54,140867
20725,0.001023,172.31.46.0-255,66,46224,54,140867
20726,0.00106,172.31.46.0-255,66,46290,54,140867
20727,0.001072,172.31.46.0-255,66,46356,54,140867
20728,0.001081,74.125.200.0-255,2812,49168,54,140867
20729,0.001084,172.31.46.0-255,66,49234,54,140867
20730,0.001109,74.125.200.0-255,134,49368,54,140867
20731,0.001117,74.125.200.0-255,349,49717,54,140867
20732,0.001528,74.125.200.0-255,1484,51201,54,140867
20733,0.001537,172.31.46.0-255,66,51267,54,140867
20734,0.001544,74.125.200.0-255,2902,54169,54,140867
20735,0.001547,172.31.46.0-255,66,54235,54,140867
20736,0.001573,74.125.200.0-255,1484,55719,54,140867
20737,0.001587,74.125.200.0-255,2902,58621,54,140867
20738,0.00159,172.31.46.0-255,66,58687,54,140867
20739,0.001596,74.125.200.0-255,4320,63007,54,140867
20740,0.001599,172.31.46.0-255,66,63073,54,140867
20741,0.001633,74.125.200.0-255,4320,67393,54,140867
20742,0.001636,172.31.46.0-255,66,67459,54,140867
20743,0.001643,74.125.200.0-255,7156,74615,54,140867
20744,0.001646,172.31.46.0-255,66,74681,54,140867
20745,0.001662,172.31.46.0-255,66,74747,54,140867
20746,0.001665,74.125.200.0-255,766,75513,54,140867
20747,0.00419,74.125.200.0-255,4320,79833,54,140867
20748,0.004198,172.31.46.0-255,66,79899,54,140867
20749,0.006719,74.125.200.0-255,5738,85637,54,140867
20750,0.006727,172.31.46.0-255,66,85703,54,140867
20751,0.009238,74.125.200.0-255,5738,91441,54,140867
20752,0.009246,172.31.46.0-255,66,91507,54,140867
20753,0.011795,74.125.200.0-255,4320,95827,54,140867
20754,0.011803,172.31.46.0-255,66,95893,54,140867
20755,0.011848,74.125.200.0-255,1484,97377,54,140867
20756,0.014342,74.125.200.0-255,4320,101697,54,140867
20757,0.014351,172.31.46.0-255,66,101763,54,140867
20758,0.016866,74.125.200.0-255,5738,107501,54,140867
20759,0.016877,172.31.46.0-255,66,107567,54,140867
20760,0.019399,74.125.200.0-255,5738,113305,54,140867
20761,0.019409,172.31.46.0-255,66,113371,54,140867
20762,0.021915,74.125.200.0-255,5738,119109,54,140867
20763,0.021924,172.31.46.0-255,66,119175,54,140867
20764,0.02421,172.31.46.0-255,172,119347,54,140867
20765,0.024238,172.31.46.0-255,1119,120466,54,140867
20766,0.024284,172.31.46.0-255,1514,121980,54,140867
20767,0.024285,172.31.46.0-255,1277,123257,54,140867
20768,0.024436,74.125.200.0-255,5738,128995,54,140867
20769,0.024442,172.31.46.0-255,66,129061,54,140867
20770,0.025775,104.244.42.0-255,66,129127,54,140867
20771,0.025944,104.244.42.0-255,66,129193,54,140867
20772,0.025965,104.244.42.0-255,66,129259,54,140867
20773,0.026961,74.125.200.0-255,5738,134997,54,140867
20774,0.026969,172.31.46.0-255,66,135063,54,140867
20775,0.029518,74.125.200.0-255,5738,140801,54,140867
20776,0.029526,172.31.46.0-255,66,140867,54,140867
20777,0.0,74.125.24.0-255,148,148,54,227764
20778,2.3e-05,172.31.46.0-255,66,214,54,227764
20779,3.1e-05,74.125.24.0-255,1484,1698,54,227764
20780,3.7e-05,172.31.46.0-255,66,1764,54,227764
20781,5e-05,74.125.24.0-255,2902,4666,54,227764
20782,5.4e-05,172.31.46.0-255,66,4732,54,227764
20783,6.2e-05,74.125.24.0-255,7156,11888,54,227764
20784,6.5e-05,172.31.46.0-255,66,11954,54,227764
20785,6.9e-05,74.125.24.0-255,2011,13965,54,227764
20786,7.2e-05,172.31.46.0-255,66,14031,54,227764
20787,0.000416,74.125.24.0-255,1484,15515,54,227764
20788,0.000422,172.31.46.0-255,66,15581,54,227764
20789,0.00043,74.125.24.0-255,2902,18483,54,227764
20790,0.000433,172.31.46.0-255,66,18549,54,227764
20791,0.000444,74.125.24.0-255,5738,24287,54,227764
20792,0.000447,172.31.46.0-255,66,24353,54,227764
20793,0.000493,74.125.24.0-255,6797,31150,54,227764
20794,0.000497,172.31.46.0-255,66,31216,54,227764
20795,0.000505,74.125.24.0-255,7156,38372,54,227764
20796,0.000507,172.31.46.0-255,66,38438,54,227764
20797,0.000515,74.125.24.0-255,5738,44176,54,227764
20798,0.000517,172.31.46.0-255,66,44242,54,227764
20799,0.000557,74.125.24.0-255,3961,48203,54,227764
20800,0.00056,172.31.46.0-255,66,48269,54,227764
20801,0.000845,74.125.24.0-255,1484,49753,54,227764
20802,0.00085,172.31.46.0-255,66,49819,54,227764
20803,0.000855,74.125.24.0-255,2902,52721,54,227764
20804,0.000857,172.31.46.0-255,66,52787,54,227764
20805,0.00086,74.125.24.0-255,1484,54271,54,227764
20806,0.000868,172.31.46.0-255,66,54337,54,227764
20807,0.000905,74.125.24.0-255,4320,58657,54,227764
20808,0.00091,172.31.46.0-255,66,58723,54,227764
20809,0.000949,172.31.46.0-255,66,58789,54,227764
20810,0.000984,74.125.24.0-255,7156,65945,54,227764
20811,0.00102,74.125.24.0-255,1484,67429,54,227764
20812,0.001024,172.31.46.0-255,66,67495,54,227764
20813,0.001079,172.31.46.0-255,66,67561,54,227764
20814,0.001395,74.125.24.0-255,1484,69045,54,227764
20815,0.001402,74.125.24.0-255,2902,71947,54,227764
20816,0.001406,172.31.46.0-255,66,72013,54,227764
20817,0.001413,74.125.24.0-255,4320,76333,54,227764
20818,0.001415,172.31.46.0-255,66,76399,54,227764
20819,0.001434,74.125.24.0-255,1484,77883,54,227764
20820,0.00145,172.31.46.0-255,66,77949,54,227764
20821,0.001482,74.125.24.0-255,7156,85105,54,227764
20822,0.001485,172.31.46.0-255,66,85171,54,227764
20823,0.001519,74.125.24.0-255,6438,91609,54,227764
20824,0.001522,74.125.24.0-255,1484,93093,54,227764
20825,0.001533,74.125.24.0-255,2902,95995,54,227764
20826,0.001542,172.31.46.0-255,66,96061,54,227764
20827,0.001571,74.125.24.0-255,5738,101799,54,227764
20828,0.001592,74.125.24.0-255,1484,103283,54,227764
20829,0.001598,74.125.24.0-255,5738,109021,54,227764
20830,0.001608,172.31.46.0-255,66,109087,54,227764
20831,0.001628,74.125.24.0-255,5738,114825,54,227764
20832,0.001634,74.125.24.0-255,2184,117009,54,227764
20833,0.001645,172.31.46.0-255,66,117075,54,227764
20834,0.001706,74.125.24.0-255,1484,118559,54,227764
20835,0.001712,74.125.24.0-255,2902,121461,54,227764
20836,0.001722,172.31.46.0-255,66,121527,54,227764
20837,0.001737,74.125.24.0-255,5738,127265,54,227764
20838,0.001741,74.125.24.0-255,1484,128749,54,227764
20839,0.001763,172.31.46.0-255,66,128815,54,227764
20840,0.001784,74.125.24.0-255,4320,133135,54,227764
20841,0.001791,172.31.46.0-255,66,133201,54,227764
20842,0.001823,74.125.24.0-255,6438,139639,54,227764
20843,0.001874,74.125.24.0-255,1484,141123,54,227764
20844,0.001879,74.125.24.0-255,2902,144025,54,227764
20845,0.001885,74.125.24.0-255,5738,149763,54,227764
20846,0.001909,172.31.46.0-255,101,149864,54,227764
20847,0.00194,74.125.24.0-255,7156,157020,54,227764
20848,0.001955,74.125.24.0-255,3602,160622,54,227764
20849,0.001959,172.31.46.0-255,66,160688,54,227764
20850,0.001964,172.31.46.0-255,66,160754,54,227764
20851,0.001986,74.125.24.0-255,1484,162238,54,227764
20852,0.003896,74.125.24.0-255,66,162304,54,227764
20853,0.003953,74.125.24.0-255,1484,163788,54,227764
20854,0.003958,172.31.46.0-255,66,163854,54,227764
20855,0.003989,74.125.24.0-255,2902,166756,54,227764
20856,0.005895,74.125.24.0-255,2902,169658,54,227764
20857,0.008254,172.31.46.0-255,66,169724,54,227764
20858,0.010277,74.125.24.0-255,5738,175462,54,227764
20859,0.010291,172.31.46.0-255,66,175528,54,227764
20860,0.012301,74.125.24.0-255,5738,181266,54,227764
20861,0.012315,172.31.46.0-255,66,181332,54,227764
20862,0.014342,74.125.24.0-255,5738,187070,54,227764
20863,0.014357,172.31.46.0-255,66,187136,54,227764
20864,0.01636,74.125.24.0-255,5738,192874,54,227764
20865,0.016372,172.31.46.0-255,66,192940,54,227764
20866,0.018359,74.125.24.0-255,5738,198678,54,227764
20867,0.018375,172.31.46.0-255,66,198744,54,227764
20868,0.020388,74.125.24.0-255,5738,204482,54,227764
20869,0.020406,172.31.46.0-255,66,204548,54,227764
20870,0.022376,74.125.24.0-255,5738,210286,54,227764
20871,0.022389,172.31.46.0-255,66,210352,54,227764
20872,0.024407,74.125.24.0-255,5738,216090,54,227764
20873,0.024423,172.31.46.0-255,66,216156,54,227764
20874,0.026447,74.125.24.0-255,5738,221894,54,227764
20875,0.026463,172.31.46.0-255,66,221960,54,227764
20876,0.028452,74.125.24.0-255,5738,227698,54,227764
20877,0.028465,172.31.46.0-255,66,227764,54,227764
20878,0.0,216.58.203.0-255,143,143,54,181558
20879,2.4e-05,172.31.46.0-255,66,209,54,181558
20880,3.2e-05,216.58.203.0-255,1484,1693,54,181558
20881,3.6e-05,172.31.46.0-255,66,1759,54,181558
20882,5e-05,216.58.203.0-255,2902,4661,54,181558
20883,5.3e-05,172.31.46.0-255,66,4727,54,181558
20884,6e-05,216.58.203.0-255,5738,10465,54,181558
20885,6.3e-05,172.31.46.0-255,66,10531,54,181558
20886,0.000101,172.31.46.0-255,66,10597,54,181558
20887,0.000137,216.58.203.0-255,6797,17394,54,181558
20888,0.00014,172.31.46.0-255,66,17460,54,181558
20889,0.000234,216.58.203.0-255,1484,18944,54,181558
20890,0.000237,172.31.46.0-255,66,19010,54,181558
20891,0.000244,216.58.203.0-255,2902,21912,54,181558
20892,0.000246,172.31.46.0-255,66,21978,54,181558
20893,0.000258,216.58.203.0-255,5738,27716,54,181558
20894,0.00026,172.31.46.0-255,66,27782,54,181558
20895,0.000292,216.58.203.0-255,6797,34579,54,181558
20896,0.000295,172.31.46.0-255,66,34645,54,181558
20897,0.001135,216.58.203.0-255,1484,36129,54,181558
20898,0.001142,172.31.46.0-255,66,36195,54,181558
20899,0.001152,216.58.203.0-255,2902,39097,54,181558
20900,0.001155,172.31.46.0-255,66,39163,54,181558
20901,0.001166,216.58.203.0-255,4320,43483,54,181558
20902,0.001168,172.31.46.0-255,66,43549,54,181558
20903,0.001216,172.31.46.0-255,66,43615,54,181558
20904,0.001273,216.58.203.0-255,1484,45099,54,181558
20905,0.001276,172.31.46.0-255,66,45165,54,181558
20906,0.001313,216.58.203.0-255,2902,48067,54,181558
20907,0.001316,172.31.46.0-255,66,48133,54,181558
20908,0.001321,216.58.203.0-255,2902,51035,54,181558
20909,0.001322,172.31.46.0-255,66,51101,54,181558
20910,0.001327,216.58.203.0-255,4320,55421,54,181558
20911,0.001329,172.31.46.0-255,66,55487,54,181558
20912,0.001351,216.58.203.0-255,4320,59807,54,181558
20913,0.001353,172.31.46.0-255,66,59873,54,181558
20914,0.00139,216.58.203.0-255,5379,65252,54,181558
20915,0.001392,172.31.46.0-255,66,65318,54,181558
20916,0.001404,172.31.46.0-255,66,65384,54,181558
20917,0.001433,216.58.203.0-255,2543,67927,54,181558
20918,0.001436,172.31.46.0-255,66,67993,54,181558
20919,0.001593,216.58.203.0-255,1484,69477,54,181558
20920,0.001602,216.58.203.0-255,2902,72379,54,181558
20921,0.001606,172.31.46.0-255,66,72445,54,181558
20922,0.001613,216.58.203.0-255,5738,78183,54,181558
20923,0.001616,172.31.46.0-255,66,78249,54,181558
20924,0.001639,216.58.203.0-255,1484,79733,54,181558
20925,0.001664,216.58.203.0-255,4813,84546,54,181558
20926,0.001667,172.31.46.0-255,66,84612,54,181558
20927,0.00335,216.58.203.0-255,5738,90350,54,181558
20928,0.00336,172.31.46.0-255,66,90416,54,181558
20929,0.005028,216.58.203.0-255,5738,96154,54,181558
20930,0.005034,172.31.46.0-255,66,96220,54,181558
20931,0.006685,216.58.203.0-255,5738,101958,54,181558
20932,0.006691,172.31.46.0-255,66,102024,54,181558
20933,0.008358,216.58.203.0-255,5738,107762,54,181558
20934,0.00837,172.31.46.0-255,66,107828,54,181558
20935,0.010038,216.58.203.0-255,5738,113566,54,181558
20936,0.010051,172.31.46.0-255,66,113632,54,181558
20937,0.011716,216.58.203.0-255,5738,119370,54,181558
20938,0.011728,172.31.46.0-255,66,119436,54,181558
20939,0.013388,216.58.203.0-255,5738,125174,54,181558
20940,0.013396,172.31.46.0-255,66,125240,54,181558
20941,0.015067,216.58.203.0-255,5738,130978,54,181558
20942,0.015082,172.31.46.0-255,66,131044,54,181558
20943,0.016747,216.58.203.0-255,5738,136782,54,181558
20944,0.016757,172.31.46.0-255,66,136848,54,181558
20945,0.018424,216.58.203.0-255,5738,142586,54,181558
20946,0.018435,172.31.46.0-255,66,142652,54,181558
20947,0.020107,216.58.203.0-255,5738,148390,54,181558
20948,0.020116,172.31.46.0-255,66,148456,54,181558
20949,0.021781,216.58.203.0-255,5738,154194,54,181558
20950,0.021789,172.31.46.0-255,66,154260,54,181558
20951,0.023457,216.58.203.0-255,5738,159998,54,181558
20952,0.023468,172.31.46.0-255,66,160064,54,181558
20953,0.025135,216.58.203.0-255,5738,165802,54,181558
20954,0.025147,172.31.46.0-255,66,165868,54,181558
20955,0.026828,216.58.203.0-255,5738,171606,54,181558
20956,0.026839,172.31.46.0-255,66,171672,54,181558
20957,0.028525,216.58.203.0-255,5738,177410,54,181558
20958,0.028533,172.31.46.0-255,66,177476,54,181558
20959,0.028736,172.31.46.0-255,172,177648,54,181558
20960,0.028768,172.31.46.0-255,1119,178767,54,181558
20961,0.028885,172.31.46.0-255,1514,180281,54,181558
20962,0.028887,172.31.46.0-255,1277,181558,54,181558
20963,0.0,74.125.24.0-255,146,146,54,233294
20964,2.6e-05,172.31.46.0-255,66,212,54,233294
20965,3.2e-05,74.125.24.0-255,1484,1696,54,233294
20966,5.3e-05,172.31.46.0-255,66,1762,54,233294
20967,5.8e-05,74.125.24.0-255,2902,4664,54,233294
20968,6.3e-05,172.31.46.0-255,66,4730,54,233294
20969,6.8e-05,74.125.24.0-255,5738,10468,54,233294
20970,7e-05,172.31.46.0-255,66,10534,54,233294
20971,7.6e-05,74.125.24.0-255,5738,16272,54,233294
20972,7.8e-05,172.31.46.0-255,66,16338,54,233294
20973,0.000122,172.31.46.0-255,66,16404,54,233294
20974,0.000128,74.125.24.0-255,6797,23201,54,233294
20975,0.00013,172.31.46.0-255,66,23267,54,233294
20976,0.000212,74.125.24.0-255,1484,24751,54,233294
20977,0.000215,172.31.46.0-255,66,24817,54,233294
20978,0.000227,74.125.24.0-255,2902,27719,54,233294
20979,0.000233,172.31.46.0-255,66,27785,54,233294
20980,0.000236,74.125.24.0-255,1484,29269,54,233294
20981,0.000238,172.31.46.0-255,66,29335,54,233294
20982,0.000274,74.125.24.0-255,5738,35073,54,233294
20983,0.000278,172.31.46.0-255,66,35139,54,233294
20984,0.000335,172.31.46.0-255,66,35205,54,233294
20985,0.000345,172.31.46.0-255,66,35271,54,233294
20986,0.000349,74.125.24.0-255,2854,38125,54,233294
20987,0.000351,172.31.46.0-255,66,38191,54,233294
20988,0.000375,74.125.24.0-255,108,38299,54,233294
20989,0.000378,172.31.46.0-255,66,38365,54,233294
20990,0.000402,74.125.24.0-255,333,38698,54,233294
20991,0.000405,172.31.46.0-255,66,38764,54,233294
20992,0.000801,74.125.24.0-255,1484,40248,54,233294
20993,0.000805,172.31.46.0-255,66,40314,54,233294
20994,0.000812,74.125.24.0-255,2902,43216,54,233294
20995,0.000814,172.31.46.0-255,66,43282,54,233294
20996,0.000842,74.125.24.0-255,5738,49020,54,233294
20997,0.000845,172.31.46.0-255,66,49086,54,233294
20998,0.00085,74.125.24.0-255,2902,51988,54,233294
20999,0.000851,172.31.46.0-255,66,52054,54,233294
21000,0.000873,74.125.24.0-255,4320,56374,54,233294
21001,0.000876,172.31.46.0-255,66,56440,54,233294
21002,0.000895,74.125.24.0-255,2184,58624,54,233294
21003,0.001158,74.125.24.0-255,1484,60108,54,233294
21004,0.001164,74.125.24.0-255,2902,63010,54,233294
21005,0.001167,74.125.24.0-255,1484,64494,54,233294
21006,0.001184,74.125.24.0-255,4320,68814,54,233294
21007,0.001197,74.125.24.0-255,5738,74552,54,233294
21008,0.001224,74.125.24.0-255,7156,81708,54,233294
21009,0.001227,74.125.24.0-255,1484,83192,54,233294
21010,0.001253,74.125.24.0-255,2902,86094,54,233294
21011,0.001268,74.125.24.0-255,6438,92532,54,233294
21012,0.001599,74.125.24.0-255,1484,94016,54,233294
21013,0.001603,74.125.24.0-255,2902,96918,54,233294
21014,0.001616,74.125.24.0-255,2902,99820,54,233294
21015,0.001628,74.125.24.0-255,2902,102722,54,233294
21016,0.001642,74.125.24.0-255,4320,107042,54,233294
21017,0.001668,74.125.24.0-255,7156,114198,54,233294
21018,0.001676,74.125.24.0-255,1484,115682,54,233294
21019,0.001702,74.125.24.0-255,2184,117866,54,233294
21020,0.001782,74.125.24.0-255,1484,119350,54,233294
21021,0.001793,74.125.24.0-255,2902,122252,54,233294
21022,0.001809,74.125.24.0-255,2902,125154,54,233294
21023,0.001811,74.125.24.0-255,1484,126638,54,233294
21024,0.001825,74.125.24.0-255,5738,132376,54,233294
21025,0.001837,74.125.24.0-255,1484,133860,54,233294
21026,0.001852,74.125.24.0-255,5738,139598,54,233294
21027,0.001869,74.125.24.0-255,7156,146754,54,233294
21028,0.001881,74.125.24.0-255,1484,148238,54,233294
21029,0.001886,74.125.24.0-255,3602,151840,54,233294
21030,0.001983,74.125.24.0-255,1484,153324,54,233294
21031,0.002001,74.125.24.0-255,2902,156226,54,233294
21032,0.002003,74.125.24.0-255,1484,157710,54,233294
21033,0.002015,74.125.24.0-255,4320,162030,54,233294
21034,0.002017,74.125.24.0-255,1484,163514,54,233294
21035,0.002019,74.125.24.0-255,1484,164998,54,233294
21036,0.00203,74.125.24.0-255,1484,166482,54,233294
21037,0.002043,74.125.24.0-255,2902,169384,54,233294
21038,0.004089,172.31.46.0-255,66,169450,54,233294
21039,0.006131,74.125.24.0-255,5738,175188,54,233294
21040,0.006137,172.31.46.0-255,66,175254,54,233294
21041,0.008141,74.125.24.0-255,5738,180992,54,233294
21042,0.008147,172.31.46.0-255,66,181058,54,233294
21043,0.010137,74.125.24.0-255,5738,186796,54,233294
21044,0.010144,172.31.46.0-255,66,186862,54,233294
21045,0.012141,74.125.24.0-255,5738,192600,54,233294
21046,0.012152,172.31.46.0-255,66,192666,54,233294
21047,0.014156,74.125.24.0-255,5738,198404,54,233294
21048,0.014165,172.31.46.0-255,66,198470,54,233294
21049,0.01618,74.125.24.0-255,5738,204208,54,233294
21050,0.018777,172.31.46.0-255,66,204274,54,233294
21051,0.020791,74.125.24.0-255,5738,210012,54,233294
21052,0.020802,172.31.46.0-255,66,210078,54,233294
21053,0.022804,74.125.24.0-255,5738,215816,54,233294
21054,0.022811,172.31.46.0-255,66,215882,54,233294
21055,0.024793,74.125.24.0-255,5738,221620,54,233294
21056,0.024799,172.31.46.0-255,66,221686,54,233294
21057,0.0268,74.125.24.0-255,5738,227424,54,233294
21058,0.026808,172.31.46.0-255,66,227490,54,233294
21059,0.028825,74.125.24.0-255,5738,233228,54,233294
21060,0.028831,172.31.46.0-255,66,233294,54,233294
21061,0.0,74.125.24.0-255,144,144,54,233601
21062,2.4e-05,172.31.46.0-255,66,210,54,233601
21063,3.1e-05,74.125.24.0-255,1484,1694,54,233601
21064,3.6e-05,172.31.46.0-255,66,1760,54,233601
21065,5.1e-05,74.125.24.0-255,2902,4662,54,233601
21066,5.5e-05,172.31.46.0-255,66,4728,54,233601
21067,6.3e-05,74.125.24.0-255,7156,11884,54,233601
21068,6.7e-05,172.31.46.0-255,66,11950,54,233601
21069,7.1e-05,74.125.24.0-255,1945,13895,54,233601
21070,7.4e-05,172.31.46.0-255,66,13961,54,233601
21071,0.000202,74.125.24.0-255,1484,15445,54,233601
21072,0.000206,172.31.46.0-255,66,15511,54,233601
21073,0.000212,74.125.24.0-255,2902,18413,54,233601
21074,0.000215,172.31.46.0-255,66,18479,54,233601
21075,0.000238,74.125.24.0-255,5738,24217,54,233601
21076,0.00024,172.31.46.0-255,66,24283,54,233601
21077,0.000295,74.125.24.0-255,5738,30021,54,233601
21078,0.000298,172.31.46.0-255,66,30087,54,233601
21079,0.000321,74.125.24.0-255,1125,31212,54,233601
21080,0.000324,172.31.46.0-255,66,31278,54,233601
21081,0.000453,74.125.24.0-255,1484,32762,54,233601
21082,0.000457,172.31.46.0-255,66,32828,54,233601
21083,0.000463,74.125.24.0-255,2902,35730,54,233601
21084,0.000467,172.31.46.0-255,66,35796,54,233601
21085,0.000477,74.125.24.0-255,4320,40116,54,233601
21086,0.000479,172.31.46.0-255,66,40182,54,233601
21087,0.00051,74.125.24.0-255,1484,41666,54,233601
21088,0.000512,172.31.46.0-255,66,41732,54,233601
21089,0.000518,74.125.24.0-255,2902,44634,54,233601
21090,0.00052,172.31.46.0-255,66,44700,54,233601
21091,0.000527,74.125.24.0-255,5738,50438,54,233601
21092,0.000529,172.31.46.0-255,66,50504,54,233601
21093,0.00057,74.125.24.0-255,5379,55883,54,233601
21094,0.000574,172.31.46.0-255,66,55949,54,233601
21095,0.000588,172.31.46.0-255,66,56015,54,233601
21096,0.00059,74.125.24.0-255,369,56384,54,233601
21097,0.000594,74.125.24.0-255,377,56761,54,233601
21098,0.000886,74.125.24.0-255,1484,58245,54,233601
21099,0.000891,172.31.46.0-255,66,58311,54,233601
21100,0.000896,74.125.24.0-255,2902,61213,54,233601
21101,0.000899,172.31.46.0-255,66,61279,54,233601
21102,0.000909,74.125.24.0-255,2902,64181,54,233601
21103,0.000911,172.31.46.0-255,66,64247,54,233601
21104,0.000923,74.125.24.0-255,2902,67149,54,233601
21105,0.000925,172.31.46.0-255,66,67215,54,233601
21106,0.000936,172.31.46.0-255,66,67281,54,233601
21107,0.000979,74.125.24.0-255,7156,74437,54,233601
21108,0.000982,172.31.46.0-255,66,74503,54,233601
21109,0.00102,172.31.46.0-255,66,74569,54,233601
21110,0.001513,74.125.24.0-255,1484,76053,54,233601
21111,0.001519,74.125.24.0-255,2902,78955,54,233601
21112,0.001521,74.125.24.0-255,1484,80439,54,233601
21113,0.001527,172.31.46.0-255,66,80505,54,233601
21114,0.001544,74.125.24.0-255,4320,84825,54,233601
21115,0.001547,172.31.46.0-255,66,84891,54,233601
21116,0.001554,74.125.24.0-255,5738,90629,54,233601
21117,0.001556,172.31.46.0-255,66,90695,54,233601
21118,0.001599,74.125.24.0-255,7156,97851,54,233601
21119,0.001602,172.31.46.0-255,66,97917,54,233601
21120,0.001615,172.31.46.0-255,66,97983,54,233601
21121,0.001721,74.125.24.0-255,1484,99467,54,233601
21122,0.001737,74.125.24.0-255,2902,102369,54,233601
21123,0.00174,172.31.46.0-255,66,102435,54,233601
21124,0.001745,74.125.24.0-255,2902,105337,54,233601
21125,0.001747,172.31.46.0-255,66,105403,54,233601
21126,0.00177,74.125.24.0-255,2902,108305,54,233601
21127,0.001777,172.31.46.0-255,66,108371,54,233601
21128,0.001815,172.31.46.0-255,66,108437,54,233601
21129,0.001857,172.31.46.0-255,66,108503,54,233601
21130,0.001884,74.125.24.0-255,5738,114241,54,233601
21131,0.001887,172.31.46.0-255,66,114307,54,233601
21132,0.001927,172.31.46.0-255,66,114373,54,233601
21133,0.001932,74.125.24.0-255,4320,118693,54,233601
21134,0.001935,172.31.46.0-255,66,118759,54,233601
21135,0.001971,172.31.46.0-255,66,118825,54,233601
21136,0.002029,74.125.24.0-255,1484,120309,54,233601
21137,0.002033,74.125.24.0-255,1484,121793,54,233601
21138,0.002037,172.31.46.0-255,66,121859,54,233601
21139,0.00206,74.125.24.0-255,1484,123343,54,233601
21140,0.002067,74.125.24.0-255,5738,129081,54,233601
21141,0.00207,172.31.46.0-255,66,129147,54,233601
21142,0.002074,74.125.24.0-255,2902,132049,54,233601
21143,0.002076,172.31.46.0-255,66,132115,54,233601
21144,0.002163,172.31.46.0-255,66,132181,54,233601
21145,0.002166,74.125.24.0-255,1484,133665,54,233601
21146,0.002171,74.125.24.0-255,2902,136567,54,233601
21147,0.002173,74.125.24.0-255,1484,138051,54,233601
21148,0.002184,172.31.46.0-255,66,138117,54,233601
21149,0.0022,74.125.24.0-255,4320,142437,54,233601
21150,0.002206,74.125.24.0-255,4320,146757,54,233601
21151,0.002234,74.125.24.0-255,2902,149659,54,233601
21152,0.002245,172.31.46.0-255,66,149725,54,233601
21153,0.002298,74.125.24.0-255,6438,156163,54,233601
21154,0.002318,74.125.24.0-255,2902,159065,54,233601
21155,0.002334,74.125.24.0-255,2184,161249,54,233601
21156,0.002358,74.125.24.0-255,5738,166987,54,233601
21157,0.002404,74.125.24.0-255,7156,174143,54,233601
21158,0.00242,74.125.24.0-255,7156,181299,54,233601
21159,0.008234,172.31.46.0-255,66,181365,54,233601
21160,0.010567,74.125.24.0-255,5738,187103,54,233601
21161,0.010577,172.31.46.0-255,66,187169,54,233601
21162,0.012922,74.125.24.0-255,5738,192907,54,233601
21163,0.01293,172.31.46.0-255,66,192973,54,233601
21164,0.015273,74.125.24.0-255,5738,198711,54,233601
21165,0.015283,172.31.46.0-255,66,198777,54,233601
21166,0.017602,74.125.24.0-255,5738,204515,54,233601
21167,0.01761,172.31.46.0-255,66,204581,54,233601
21168,0.019941,74.125.24.0-255,5738,210319,54,233601
21169,0.019953,172.31.46.0-255,66,210385,54,233601
21170,0.02229,74.125.24.0-255,5738,216123,54,233601
21171,0.022303,172.31.46.0-255,66,216189,54,233601
21172,0.024648,74.125.24.0-255,5738,221927,54,233601
21173,0.024658,172.31.46.0-255,66,221993,54,233601
21174,0.026976,74.125.24.0-255,5738,227731,54,233601
21175,0.026985,172.31.46.0-255,66,227797,54,233601
21176,0.029323,74.125.24.0-255,5738,233535,54,233601
21177,0.029331,172.31.46.0-255,66,233601,54,233601
21178,0.0,74.125.24.0-255,146,146,54,254709
21179,2e-05,172.31.46.0-255,66,212,54,254709
21180,2.7e-05,74.125.24.0-255,1484,1696,54,254709
21181,3.2e-05,172.31.46.0-255,66,1762,54,254709
21182,3.7e-05,74.125.24.0-255,2902,4664,54,254709
21183,4.8e-05,172.31.46.0-255,66,4730,54,254709
21184,5.4e-05,74.125.24.0-255,4320,9050,54,254709
21185,5.8e-05,172.31.46.0-255,66,9116,54,254709
21186,9e-05,74.125.24.0-255,4967,14083,54,254709
21187,9.3e-05,172.31.46.0-255,66,14149,54,254709
21188,0.001008,74.125.24.0-255,1484,15633,54,254709
21189,0.001016,172.31.46.0-255,66,15699,54,254709
21190,0.001025,74.125.24.0-255,2902,18601,54,254709
21191,0.001028,172.31.46.0-255,66,18667,54,254709
21192,0.00104,74.125.24.0-255,5738,24405,54,254709
21193,0.001042,172.31.46.0-255,66,24471,54,254709
21194,0.001081,74.125.24.0-255,6797,31268,54,254709
21195,0.001084,172.31.46.0-255,66,31334,54,254709
21196,0.00112,172.31.46.0-255,66,31400,54,254709
21197,0.001146,74.125.24.0-255,2902,34302,54,254709
21198,0.001149,172.31.46.0-255,66,34368,54,254709
21199,0.001166,74.125.24.0-255,2543,36911,54,254709
21200,0.001169,172.31.46.0-255,66,36977,54,254709
21201,0.001229,74.125.24.0-255,1484,38461,54,254709
21202,0.001233,172.31.46.0-255,66,38527,54,254709
21203,0.001239,74.125.24.0-255,2902,41429,54,254709
21204,0.001241,172.31.46.0-255,66,41495,54,254709
21205,0.001276,74.125.24.0-255,4320,45815,54,254709
21206,0.001278,172.31.46.0-255,66,45881,54,254709
21207,0.001284,74.125.24.0-255,4320,50201,54,254709
21208,0.001287,172.31.46.0-255,66,50267,54,254709
21209,0.001306,74.125.24.0-255,4257,54524,54,254709
21210,0.001309,172.31.46.0-255,66,54590,54,254709
21211,0.001316,74.125.24.0-255,381,54971,54,254709
21212,0.001342,74.125.24.0-255,1484,56455,54,254709
21213,0.001344,172.31.46.0-255,66,56521,54,254709
21214,0.001349,74.125.24.0-255,2902,59423,54,254709
21215,0.001351,172.31.46.0-255,66,59489,54,254709
21216,0.001378,74.125.24.0-255,5738,65227,54,254709
21217,0.001385,172.31.46.0-255,66,65293,54,254709
21218,0.001417,74.125.24.0-255,6797,72090,54,254709
21219,0.001419,172.31.46.0-255,66,72156,54,254709
21220,0.001463,74.125.24.0-255,5738,77894,54,254709
21221,0.001466,172.31.46.0-255,66,77960,54,254709
21222,0.001491,74.125.24.0-255,1484,79444,54,254709
21223,0.001503,172.31.46.0-255,66,79510,54,254709
21224,0.002162,74.125.24.0-255,1484,80994,54,254709
21225,0.002166,74.125.24.0-255,2902,83896,54,254709
21226,0.002169,172.31.46.0-255,66,83962,54,254709
21227,0.002194,74.125.24.0-255,4320,88282,54,254709
21228,0.002197,172.31.46.0-255,66,88348,54,254709
21229,0.002228,74.125.24.0-255,1484,89832,54,254709
21230,0.002242,172.31.46.0-255,66,89898,54,254709
21231,0.002268,74.125.24.0-255,1484,91382,54,254709
21232,0.002274,74.125.24.0-255,4320,95702,54,254709
21233,0.002277,172.31.46.0-255,66,95768,54,254709
21234,0.002284,74.125.24.0-255,6438,102206,54,254709
21235,0.002286,172.31.46.0-255,66,102272,54,254709
21236,0.003082,74.125.24.0-255,1484,103756,54,254709
21237,0.003087,74.125.24.0-255,2902,106658,54,254709
21238,0.00309,172.31.46.0-255,66,106724,54,254709
21239,0.003096,74.125.24.0-255,4320,111044,54,254709
21240,0.003098,172.31.46.0-255,66,111110,54,254709
21241,0.003123,74.125.24.0-255,1484,112594,54,254709
21242,0.003138,172.31.46.0-255,66,112660,54,254709
21243,0.003179,172.31.46.0-255,66,112726,54,254709
21244,0.003207,74.125.24.0-255,5020,117746,54,254709
21245,0.003209,172.31.46.0-255,66,117812,54,254709
21246,0.003497,74.125.24.0-255,1484,119296,54,254709
21247,0.00351,74.125.24.0-255,2902,122198,54,254709
21248,0.003515,172.31.46.0-255,66,122264,54,254709
21249,0.003521,74.125.24.0-255,4320,126584,54,254709
21250,0.003523,172.31.46.0-255,66,126650,54,254709
21251,0.003538,74.125.24.0-255,1484,128134,54,254709
21252,0.003562,74.125.24.0-255,5738,133872,54,254709
21253,0.003565,172.31.46.0-255,66,133938,54,254709
21254,0.003598,74.125.24.0-255,7156,141094,54,254709
21255,0.003601,172.31.46.0-255,66,141160,54,254709
21256,0.003618,172.31.46.0-255,66,141226,54,254709
21257,0.003721,74.125.24.0-255,1484,142710,54,254709
21258,0.003726,74.125.24.0-255,1484,144194,54,254709
21259,0.003729,172.31.46.0-255,66,144260,54,254709
21260,0.003759,74.125.24.0-255,1484,145744,54,254709
21261,0.003766,74.125.24.0-255,5738,151482,54,254709
21262,0.003769,172.31.46.0-255,66,151548,54,254709
21263,0.003782,172.31.46.0-255,66,151614,54,254709
21264,0.003802,74.125.24.0-255,1484,153098,54,254709
21265,0.003805,74.125.24.0-255,1484,154582,54,254709
21266,0.003807,172.31.46.0-255,66,154648,54,254709
21267,0.003811,74.125.24.0-255,1484,156132,54,254709
21268,0.003832,74.125.24.0-255,4320,160452,54,254709
21269,0.003836,172.31.46.0-255,66,160518,54,254709
21270,0.003852,74.125.24.0-255,3602,164120,54,254709
21271,0.003854,172.31.46.0-255,66,164186,54,254709
21272,0.003944,74.125.24.0-255,1484,165670,54,254709
21273,0.003949,74.125.24.0-255,1484,167154,54,254709
21274,0.003953,172.31.46.0-255,66,167220,54,254709
21275,0.003981,74.125.24.0-255,1484,168704,54,254709
21276,0.003988,74.125.24.0-255,5738,174442,54,254709
21277,0.00399,172.31.46.0-255,66,174508,54,254709
21278,0.003995,74.125.24.0-255,2902,177410,54,254709
21279,0.003997,172.31.46.0-255,66,177476,54,254709
21280,0.004006,74.125.24.0-255,2902,180378,54,254709
21281,0.004009,172.31.46.0-255,66,180444,54,254709
21282,0.004041,74.125.24.0-255,7156,187600,54,254709
21283,0.004044,172.31.46.0-255,66,187666,54,254709
21284,0.004057,172.31.46.0-255,66,187732,54,254709
21285,0.004093,172.31.46.0-255,66,187798,54,254709
21286,0.004166,172.31.46.0-255,66,187864,54,254709
21287,0.004176,172.31.46.0-255,66,187930,54,254709
21288,0.004179,74.125.24.0-255,766,188696,54,254709
21289,0.004219,74.125.24.0-255,1484,190180,54,254709
21290,0.004222,172.31.46.0-255,66,190246,54,254709
21291,0.004227,74.125.24.0-255,2902,193148,54,254709
21292,0.004229,172.31.46.0-255,66,193214,54,254709
21293,0.004255,74.125.24.0-255,5738,198952,54,254709
21294,0.004261,172.31.46.0-255,66,199018,54,254709
21295,0.004271,74.125.24.0-255,2902,201920,54,254709
21296,0.004273,172.31.46.0-255,66,201986,54,254709
21297,0.004311,172.31.46.0-255,66,202052,54,254709
21298,0.004316,74.125.24.0-255,4320,206372,54,254709
21299,0.004318,172.31.46.0-255,66,206438,54,254709
21300,0.004347,74.125.24.0-255,6438,212876,54,254709
21301,0.00437,172.31.46.0-255,66,212942,54,254709
21302,0.004392,74.125.24.0-255,7156,220098,54,254709
21303,0.004396,74.125.24.0-255,1484,221582,54,254709
21304,0.004414,74.125.24.0-255,7156,228738,54,254709
21305,0.00442,172.31.46.0-255,66,228804,54,254709
21306,0.004444,74.125.24.0-255,2902,231706,54,254709
21307,0.00446,74.125.24.0-255,7156,238862,54,254709
21308,0.00447,172.31.46.0-255,66,238928,54,254709
21309,0.004483,74.125.24.0-255,7156,246084,54,254709
21310,0.004491,74.125.24.0-255,766,246850,54,254709
21311,0.004508,172.31.46.0-255,66,246916,54,254709
21312,0.00453,74.125.24.0-255,5738,252654,54,254709
21313,0.004545,74.125.24.0-255,1484,254138,54,254709
21314,0.004573,172.31.46.0-255,66,254204,54,254709
21315,0.00459,74.125.24.0-255,97,254301,54,254709
21316,0.004601,172.31.46.0-255,66,254367,54,254709
21317,0.00463,74.125.24.0-255,105,254472,54,254709
21318,0.008082,172.31.46.0-255,66,254538,54,254709
21319,0.008115,172.31.46.0-255,105,254643,54,254709
21320,0.010387,74.125.24.0-255,66,254709,54,254709
21321,0.0,74.125.24.0-255,153,153,54,204827
21322,1.3e-05,172.31.46.0-255,66,219,54,204827
21323,2e-05,74.125.24.0-255,1484,1703,54,204827
21324,2.4e-05,172.31.46.0-255,66,1769,54,204827
21325,3.2e-05,74.125.24.0-255,2902,4671,54,204827
21326,3.5e-05,172.31.46.0-255,66,4737,54,204827
21327,4.4e-05,74.125.24.0-255,5738,10475,54,204827
21328,4.8e-05,172.31.46.0-255,66,10541,54,204827
21329,7.7e-05,74.125.24.0-255,1484,12025,54,204827
21330,8e-05,172.31.46.0-255,66,12091,54,204827
21331,9.3e-05,172.31.46.0-255,66,12157,54,204827
21332,0.000104,172.31.46.0-255,66,12223,54,204827
21333,0.000173,74.125.24.0-255,1484,13707,54,204827
21334,0.000175,172.31.46.0-255,66,13773,54,204827
21335,0.000181,74.125.24.0-255,2902,16675,54,204827
21336,0.000183,172.31.46.0-255,66,16741,54,204827
21337,0.000186,74.125.24.0-255,1484,18225,54,204827
21338,0.000188,172.31.46.0-255,66,18291,54,204827
21339,0.000217,74.125.24.0-255,4320,22611,54,204827
21340,0.00022,172.31.46.0-255,66,22677,54,204827
21341,0.000227,74.125.24.0-255,5738,28415,54,204827
21342,0.000229,172.31.46.0-255,66,28481,54,204827
21343,0.000235,74.125.24.0-255,4320,32801,54,204827
21344,0.000238,172.31.46.0-255,66,32867,54,204827
21345,0.000263,172.31.46.0-255,66,32933,54,204827
21346,0.000268,74.125.24.0-255,4271,37204,54,204827
21347,0.00027,172.31.46.0-255,66,37270,54,204827
21348,0.000291,74.125.24.0-255,376,37646,54,204827
21349,0.000293,172.31.46.0-255,66,37712,54,204827
21350,0.000456,74.125.24.0-255,1484,39196,54,204827
21351,0.000464,74.125.24.0-255,2902,42098,54,204827
21352,0.000468,172.31.46.0-255,66,42164,54,204827
21353,0.000475,74.125.24.0-255,5738,47902,54,204827
21354,0.000478,172.31.46.0-255,66,47968,54,204827
21355,0.000537,172.31.46.0-255,66,48034,54,204827
21356,0.000547,172.31.46.0-255,66,48100,54,204827
21357,0.000568,74.125.24.0-255,2184,50284,54,204827
21358,0.00057,172.31.46.0-255,66,50350,54,204827
21359,0.000682,74.125.24.0-255,1484,51834,54,204827
21360,0.000689,74.125.24.0-255,2902,54736,54,204827
21361,0.000693,172.31.46.0-255,66,54802,54,204827
21362,0.00071,74.125.24.0-255,5738,60540,54,204827
21363,0.000712,172.31.46.0-255,66,60606,54,204827
21364,0.000715,74.125.24.0-255,1484,62090,54,204827
21365,0.000753,172.31.46.0-255,66,62156,54,204827
21366,0.000765,172.31.46.0-255,66,62222,54,204827
21367,0.000768,74.125.24.0-255,1484,63706,54,204827
21368,0.000783,74.125.24.0-255,2184,65890,54,204827
21369,0.000785,172.31.46.0-255,66,65956,54,204827
21370,0.00079,74.125.24.0-255,4320,70276,54,204827
21371,0.000792,172.31.46.0-255,66,70342,54,204827
21372,0.000818,172.31.46.0-255,66,70408,54,204827
21373,0.000846,172.31.46.0-255,66,70474,54,204827
21374,0.000862,74.125.24.0-255,2902,73376,54,204827
21375,0.000865,172.31.46.0-255,66,73442,54,204827
21376,0.000871,74.125.24.0-255,5020,78462,54,204827
21377,0.000873,172.31.46.0-255,66,78528,54,204827
21378,0.001054,74.125.24.0-255,1484,80012,54,204827
21379,0.00106,74.125.24.0-255,2902,82914,54,204827
21380,0.001064,172.31.46.0-255,66,82980,54,204827
21381,0.001068,74.125.24.0-255,2902,85882,54,204827
21382,0.00107,172.31.46.0-255,66,85948,54,204827
21383,0.001086,74.125.24.0-255,2902,88850,54,204827
21384,0.001089,172.31.46.0-255,66,88916,54,204827
21385,0.001095,74.125.24.0-255,4320,93236,54,204827
21386,0.001097,172.31.46.0-255,66,93302,54,204827
21387,0.001122,74.125.24.0-255,7156,100458,54,204827
21388,0.001124,172.31.46.0-255,66,100524,54,204827
21389,0.001162,172.31.46.0-255,66,100590,54,204827
21390,0.00118,74.125.24.0-255,3602,104192,54,204827
21391,0.001182,172.31.46.0-255,66,104258,54,204827
21392,0.001446,74.125.24.0-255,1484,105742,54,204827
21393,0.001453,74.125.24.0-255,2902,108644,54,204827
21394,0.001456,172.31.46.0-255,66,108710,54,204827
21395,0.001462,74.125.24.0-255,4320,113030,54,204827
21396,0.001464,172.31.46.0-255,66,113096,54,204827
21397,0.001477,74.125.24.0-255,1484,114580,54,204827
21398,0.001498,172.31.46.0-255,66,114646,54,204827
21399,0.001522,74.125.24.0-255,4320,118966,54,204827
21400,0.001524,172.31.46.0-255,66,119032,54,204827
21401,0.001533,74.125.24.0-255,7156,126188,54,204827
21402,0.001535,172.31.46.0-255,66,126254,54,204827
21403,0.001538,74.125.24.0-255,1484,127738,54,204827
21404,0.001559,74.125.24.0-255,2184,129922,54,204827
21405,0.001562,172.31.46.0-255,66,129988,54,204827
21406,0.001636,74.125.24.0-255,1484,131472,54,204827
21407,0.001642,74.125.24.0-255,2902,134374,54,204827
21408,0.001645,172.31.46.0-255,66,134440,54,204827
21409,0.001649,74.125.24.0-255,1484,135924,54,204827
21410,0.001664,74.125.24.0-255,4320,140244,54,204827
21411,0.001667,172.31.46.0-255,66,140310,54,204827
21412,0.00167,74.125.24.0-255,1484,141794,54,204827
21413,0.001707,172.31.46.0-255,66,141860,54,204827
21414,0.001719,172.31.46.0-255,66,141926,54,204827
21415,0.001733,172.31.46.0-255,66,141992,54,204827
21416,0.001811,172.31.46.0-255,66,142058,54,204827
21417,0.001814,74.125.24.0-255,766,142824,54,204827
21418,0.001817,74.125.24.0-255,1484,144308,54,204827
21419,0.001819,172.31.46.0-255,66,144374,54,204827
21420,0.001824,74.125.24.0-255,4320,148694,54,204827
21421,0.001826,172.31.46.0-255,66,148760,54,204827
21422,0.00183,74.125.24.0-255,2902,151662,54,204827
21423,0.001833,172.31.46.0-255,66,151728,54,204827
21424,0.001857,74.125.24.0-255,7156,158884,54,204827
21425,0.00186,172.31.46.0-255,66,158950,54,204827
21426,0.001871,172.31.46.0-255,66,159016,54,204827
21427,0.001891,74.125.24.0-255,1484,160500,54,204827
21428,0.001895,74.125.24.0-255,1484,161984,54,204827
21429,0.001898,172.31.46.0-255,66,162050,54,204827
21430,0.001919,74.125.24.0-255,6438,168488,54,204827
21431,0.001923,172.31.46.0-255,66,168554,54,204827
21432,0.001949,74.125.24.0-255,7156,175710,54,204827
21433,0.001955,172.31.46.0-255,66,175776,54,204827
21434,0.001967,74.125.24.0-255,1484,177260,54,204827
21435,0.001973,74.125.24.0-255,7156,184416,54,204827
21436,0.001976,172.31.46.0-255,66,184482,54,204827
21437,0.001981,74.125.24.0-255,4320,188802,54,204827
21438,0.001983,172.31.46.0-255,66,188868,54,204827
21439,0.002019,172.31.46.0-255,66,188934,54,204827
21440,0.002025,74.125.24.0-255,5738,194672,54,204827
21441,0.002027,172.31.46.0-255,66,194738,54,204827
21442,0.002058,74.125.24.0-255,6438,201176,54,204827
21443,0.002061,172.31.46.0-255,66,201242,54,204827
21444,0.002074,172.31.46.0-255,66,201308,54,204827
21445,0.002087,172.31.46.0-255,66,201374,54,204827
21446,0.002102,74.125.24.0-255,2184,203558,54,204827
21447,0.002105,172.31.46.0-255,66,203624,54,204827
21448,0.002115,172.31.46.0-255,66,203690,54,204827
21449,0.002158,74.125.24.0-255,105,203795,54,204827
21450,0.002161,74.125.24.0-255,129,203924,54,204827
21451,0.011036,172.31.46.0-255,105,204029,54,204827
21452,0.011092,172.31.46.0-255,105,204134,54,204827
21453,0.011349,172.31.46.0-255,90,204224,54,204827
21454,0.011367,172.31.46.0-255,66,204290,54,204827
21455,0.011531,74.125.24.0-255,129,204419,54,204827
21456,0.011544,172.31.46.0-255,78,204497,54,204827
21457,0.013319,74.125.24.0-255,66,204563,54,204827
21458,0.013368,74.125.24.0-255,66,204629,54,204827
21459,0.013635,74.125.24.0-255,66,204695,54,204827
21460,0.013672,74.125.24.0-255,66,204761,54,204827
21461,0.013682,172.31.46.0-255,66,204827,54,204827
21462,0.0,172.253.118.0-255,154,154,54,182008
21463,1.5e-05,172.31.46.0-255,66,220,54,182008
21464,2.2e-05,172.253.118.0-255,1484,1704,54,182008
21465,2.6e-05,172.31.46.0-255,66,1770,54,182008
21466,4e-05,172.253.118.0-255,2902,4672,54,182008
21467,4.4e-05,172.31.46.0-255,66,4738,54,182008
21468,5.2e-05,172.253.118.0-255,7156,11894,54,182008
21469,5.5e-05,172.31.46.0-255,66,11960,54,182008
21470,5.9e-05,172.253.118.0-255,2056,14016,54,182008
21471,6.1e-05,172.31.46.0-255,66,14082,54,182008
21472,9.9e-05,172.253.118.0-255,1484,15566,54,182008
21473,0.000102,172.31.46.0-255,66,15632,54,182008
21474,0.000108,172.253.118.0-255,2902,18534,54,182008
21475,0.000111,172.31.46.0-255,66,18600,54,182008
21476,0.000115,172.253.118.0-255,2902,21502,54,182008
21477,0.000121,172.31.46.0-255,66,21568,54,182008
21478,0.000149,172.253.118.0-255,2902,24470,54,182008
21479,0.000151,172.31.46.0-255,66,24536,54,182008
21480,0.000159,172.253.118.0-255,6797,31333,54,182008
21481,0.000162,172.31.46.0-255,66,31399,54,182008
21482,0.000481,172.253.118.0-255,1484,32883,54,182008
21483,0.000487,172.31.46.0-255,66,32949,54,182008
21484,0.000492,172.253.118.0-255,2902,35851,54,182008
21485,0.000495,172.31.46.0-255,66,35917,54,182008
21486,0.000499,172.253.118.0-255,2902,38819,54,182008
21487,0.000506,172.31.46.0-255,66,38885,54,182008
21488,0.000511,172.253.118.0-255,4320,43205,54,182008
21489,0.000513,172.31.46.0-255,66,43271,54,182008
21490,0.000536,172.253.118.0-255,2902,46173,54,182008
21491,0.000538,172.31.46.0-255,66,46239,54,182008
21492,0.000562,172.253.118.0-255,6797,53036,54,182008
21493,0.000564,172.31.46.0-255,66,53102,54,182008
21494,0.000573,172.31.46.0-255,66,53168,54,182008
21495,0.000602,172.253.118.0-255,4272,57440,54,182008
21496,0.000604,172.31.46.0-255,66,57506,54,182008
21497,0.000624,172.253.118.0-255,344,57850,54,182008
21498,0.000736,172.253.118.0-255,1484,59334,54,182008
21499,0.00074,172.31.46.0-255,66,59400,54,182008
21500,0.000745,172.253.118.0-255,2902,62302,54,182008
21501,0.000747,172.31.46.0-255,66,62368,54,182008
21502,0.000749,172.253.118.0-255,1484,63852,54,182008
21503,0.000782,172.253.118.0-255,4320,68172,54,182008
21504,0.000784,172.31.46.0-255,66,68238,54,182008
21505,0.000792,172.253.118.0-255,7156,75394,54,182008
21506,0.000793,172.31.46.0-255,66,75460,54,182008
21507,0.000818,172.253.118.0-255,5738,81198,54,182008
21508,0.00082,172.31.46.0-255,66,81264,54,182008
21509,0.000832,172.31.46.0-255,66,81330,54,182008
21510,0.001304,172.253.118.0-255,1484,82814,54,182008
21511,0.001309,172.253.118.0-255,2902,85716,54,182008
21512,0.001312,172.31.46.0-255,66,85782,54,182008
21513,0.001351,172.253.118.0-255,5738,91520,54,182008
21514,0.001354,172.31.46.0-255,66,91586,54,182008
21515,0.001357,172.253.118.0-255,1484,93070,54,182008
21516,0.001391,172.31.46.0-255,66,93136,54,182008
21517,0.001419,172.253.118.0-255,2902,96038,54,182008
21518,0.001421,172.31.46.0-255,66,96104,54,182008
21519,0.001452,172.31.46.0-255,66,96170,54,182008
21520,0.002157,172.253.118.0-255,1484,97654,54,182008
21521,0.002165,172.253.118.0-255,2902,100556,54,182008
21522,0.002169,172.31.46.0-255,66,100622,54,182008
21523,0.002177,172.253.118.0-255,4320,104942,54,182008
21524,0.002178,172.31.46.0-255,66,105008,54,182008
21525,0.002203,172.253.118.0-255,1484,106492,54,182008
21526,0.002213,172.31.46.0-255,66,106558,54,182008
21527,0.002243,172.253.118.0-255,4320,110878,54,182008
21528,0.002245,172.31.46.0-255,66,110944,54,182008
21529,0.002257,172.31.46.0-255,66,111010,54,182008
21530,0.004596,172.253.118.0-255,5738,116748,54,182008
21531,0.004601,172.31.46.0-255,66,116814,54,182008
21532,0.006934,172.253.118.0-255,5738,122552,54,182008
21533,0.006941,172.31.46.0-255,66,122618,54,182008
21534,0.009291,172.253.118.0-255,5738,128356,54,182008
21535,0.009297,172.31.46.0-255,66,128422,54,182008
21536,0.01164,172.253.118.0-255,5738,134160,54,182008
21537,0.011649,172.31.46.0-255,66,134226,54,182008
21538,0.013998,172.253.118.0-255,5738,139964,54,182008
21539,0.014005,172.31.46.0-255,66,140030,54,182008
21540,0.016355,172.253.118.0-255,5738,145768,54,182008
21541,0.016363,172.31.46.0-255,66,145834,54,182008
21542,0.018706,172.253.118.0-255,5738,151572,54,182008
21543,0.018713,172.31.46.0-255,66,151638,54,182008
21544,0.021071,172.253.118.0-255,5738,157376,54,182008
21545,0.021077,172.31.46.0-255,66,157442,54,182008
21546,0.023417,172.253.118.0-255,5738,163180,54,182008
21547,0.023423,172.31.46.0-255,66,163246,54,182008
21548,0.02381,172.31.46.0-255,172,163418,54,182008
21549,0.023842,172.31.46.0-255,1119,164537,54,182008
21550,0.023905,172.31.46.0-255,1514,166051,54,182008
21551,0.023907,172.31.46.0-255,1514,167565,54,182008
21552,0.023908,172.31.46.0-255,1514,169079,54,182008
21553,0.02391,172.31.46.0-255,1057,170136,54,182008
21554,0.025366,104.244.42.0-255,66,170202,54,182008
21555,0.025403,104.244.42.0-255,66,170268,54,182008
21556,0.025448,104.244.42.0-255,66,170334,54,182008
21557,0.02547,104.244.42.0-255,66,170400,54,182008
21558,0.025741,172.253.118.0-255,5738,176138,54,182008
21559,0.025747,172.31.46.0-255,66,176204,54,182008
21560,0.0281,172.253.118.0-255,5738,181942,54,182008
21561,0.028106,172.31.46.0-255,66,182008,54,182008
21562,0.0,172.217.194.0-255,150,150,54,323934
21563,1.5e-05,172.31.46.0-255,66,216,54,323934
21564,2.2e-05,172.217.194.0-255,1484,1700,54,323934
21565,2.7e-05,172.31.46.0-255,66,1766,54,323934
21566,3.3e-05,172.217.194.0-255,2902,4668,54,323934
21567,3.6e-05,172.31.46.0-255,66,4734,54,323934
21568,4.4e-05,172.217.194.0-255,7156,11890,54,323934
21569,4.7e-05,172.31.46.0-255,66,11956,54,323934
21570,5.2e-05,172.217.194.0-255,2105,14061,54,323934
21571,5.5e-05,172.31.46.0-255,66,14127,54,323934
21572,8.7e-05,172.31.46.0-255,66,14193,54,323934
21573,0.000109,172.217.194.0-255,4320,18513,54,323934
21574,0.000113,172.31.46.0-255,66,18579,54,323934
21575,0.00013,172.217.194.0-255,1125,19704,54,323934
21576,0.000132,172.31.46.0-255,66,19770,54,323934
21577,0.000202,172.217.194.0-255,1484,21254,54,323934
21578,0.000205,172.31.46.0-255,66,21320,54,323934
21579,0.000209,172.217.194.0-255,1484,22804,54,323934
21580,0.000211,172.31.46.0-255,66,22870,54,323934
21581,0.000226,172.217.194.0-255,1484,24354,54,323934
21582,0.000228,172.31.46.0-255,66,24420,54,323934
21583,0.000234,172.217.194.0-255,5738,30158,54,323934
21584,0.000237,172.31.46.0-255,66,30224,54,323934
21585,0.000263,172.217.194.0-255,6797,37021,54,323934
21586,0.000267,172.31.46.0-255,66,37087,54,323934
21587,0.00027,172.217.194.0-255,1484,38571,54,323934
21588,0.000272,172.31.46.0-255,66,38637,54,323934
21589,0.000299,172.31.46.0-255,66,38703,54,323934
21590,0.000303,172.217.194.0-255,2800,41503,54,323934
21591,0.000306,172.31.46.0-255,66,41569,54,323934
21592,0.000342,172.217.194.0-255,119,41688,54,323934
21593,0.000504,172.217.194.0-255,1484,43172,54,323934
21594,0.000512,172.217.194.0-255,2902,46074,54,323934
21595,0.000516,172.217.194.0-255,2902,48976,54,323934
21596,0.000529,172.217.194.0-255,2902,51878,54,323934
21597,0.000534,172.31.46.0-255,66,51944,54,323934
21598,0.000539,172.31.46.0-255,66,52010,54,323934
21599,0.000549,172.217.194.0-255,4320,56330,54,323934
21600,0.000564,172.217.194.0-255,2273,58603,54,323934
21601,0.000589,172.217.194.0-255,5738,64341,54,323934
21602,0.000595,172.31.46.0-255,66,64407,54,323934
21603,0.000614,172.217.194.0-255,1484,65891,54,323934
21604,0.000622,172.217.194.0-255,7156,73047,54,323934
21605,0.00063,172.31.46.0-255,66,73113,54,323934
21606,0.00065,172.217.194.0-255,2543,75656,54,323934
21607,0.000661,172.31.46.0-255,66,75722,54,323934
21608,0.001227,172.217.194.0-255,1484,77206,54,323934
21609,0.001233,172.217.194.0-255,1484,78690,54,323934
21610,0.001236,172.31.46.0-255,66,78756,54,323934
21611,0.00126,172.217.194.0-255,1484,80240,54,323934
21612,0.001267,172.217.194.0-255,5738,85978,54,323934
21613,0.00127,172.217.194.0-255,1484,87462,54,323934
21614,0.001284,172.31.46.0-255,66,87528,54,323934
21615,0.001289,172.217.194.0-255,2902,90430,54,323934
21616,0.001293,172.217.194.0-255,2902,93332,54,323934
21617,0.001302,172.31.46.0-255,66,93398,54,323934
21618,0.001308,172.217.194.0-255,4320,97718,54,323934
21619,0.001326,172.217.194.0-255,4320,102038,54,323934
21620,0.001351,172.31.46.0-255,66,102104,54,323934
21621,0.00205,172.217.194.0-255,1484,103588,54,323934
21622,0.002061,172.217.194.0-255,2902,106490,54,323934
21623,0.002066,172.31.46.0-255,66,106556,54,323934
21624,0.002072,172.217.194.0-255,2902,109458,54,323934
21625,0.002092,172.217.194.0-255,2902,112360,54,323934
21626,0.002098,172.217.194.0-255,5738,118098,54,323934
21627,0.002116,172.217.194.0-255,2902,121000,54,323934
21628,0.002135,172.217.194.0-255,5738,126738,54,323934
21629,0.002156,172.217.194.0-255,4320,131058,54,323934
21630,0.002176,172.217.194.0-255,5020,136078,54,323934
21631,0.002211,172.217.194.0-255,1484,137562,54,323934
21632,0.002216,172.217.194.0-255,2902,140464,54,323934
21633,0.002236,172.217.194.0-255,4320,144784,54,323934
21634,0.002249,172.217.194.0-255,1484,146268,54,323934
21635,0.002253,172.217.194.0-255,2902,149170,54,323934
21636,0.002258,172.217.194.0-255,4320,153490,54,323934
21637,0.002276,172.217.194.0-255,5738,159228,54,323934
21638,0.00229,172.217.194.0-255,4320,163548,54,323934
21639,0.002311,172.217.194.0-255,6438,169986,54,323934
21640,0.002338,172.217.194.0-255,1484,171470,54,323934
21641,0.002341,172.217.194.0-255,1484,172954,54,323934
21642,0.002353,172.217.194.0-255,1484,174438,54,323934
21643,0.002373,172.217.194.0-255,5738,180176,54,323934
21644,0.002399,172.217.194.0-255,4320,184496,54,323934
21645,0.002405,172.217.194.0-255,4320,188816,54,323934
21646,0.002422,172.217.194.0-255,2902,191718,54,323934
21647,0.002425,172.217.194.0-255,1484,193202,54,323934
21648,0.002428,172.217.194.0-255,1484,194686,54,323934
21649,0.002449,172.217.194.0-255,766,195452,54,323934
21650,0.002591,172.217.194.0-255,1484,196936,54,323934
21651,0.002614,172.217.194.0-255,2902,199838,54,323934
21652,0.002617,172.217.194.0-255,1484,201322,54,323934
21653,0.002634,172.217.194.0-255,4320,205642,54,323934
21654,0.002665,172.217.194.0-255,1484,207126,54,323934
21655,0.002677,172.217.194.0-255,4320,211446,54,323934
21656,0.002685,172.217.194.0-255,1484,212930,54,323934
21657,0.002692,172.217.194.0-255,5738,218668,54,323934
21658,0.002694,172.217.194.0-255,1484,220152,54,323934
21659,0.002835,172.217.194.0-255,1484,221636,54,323934
21660,0.002839,172.217.194.0-255,2902,224538,54,323934
21661,0.002863,172.217.194.0-255,5738,230276,54,323934
21662,0.002869,172.217.194.0-255,4320,234596,54,323934
21663,0.002881,172.217.194.0-255,2902,237498,54,323934
21664,0.002905,172.217.194.0-255,2902,240400,54,323934
21665,0.002929,172.217.194.0-255,766,241166,54,323934
21666,0.003935,172.217.194.0-255,1484,242650,54,323934
21667,0.003953,172.217.194.0-255,2902,245552,54,323934
21668,0.003961,172.217.194.0-255,5738,251290,54,323934
21669,0.003965,172.217.194.0-255,2902,254192,54,323934
21670,0.003977,172.217.194.0-255,2902,257094,54,323934
21671,0.004048,172.217.194.0-255,766,257860,54,323934
21672,0.004054,172.217.194.0-255,5738,263598,54,323934
21673,0.004076,172.217.194.0-255,7156,270754,54,323934
21674,0.004084,172.217.194.0-255,7156,277910,54,323934
21675,0.004107,172.217.194.0-255,6438,284348,54,323934
21676,0.004119,172.217.194.0-255,2902,287250,54,323934
21677,0.004141,172.217.194.0-255,7156,294406,54,323934
21678,0.004147,172.217.194.0-255,7156,301562,54,323934
21679,0.004174,172.217.194.0-255,4320,305882,54,323934
21680,0.004195,172.217.194.0-255,3602,309484,54,323934
21681,0.004202,172.217.194.0-255,5738,315222,54,323934
21682,0.004224,172.217.194.0-255,7156,322378,54,323934
21683,0.004227,172.217.194.0-255,1214,323592,54,323934
21684,0.004248,172.217.194.0-255,105,323697,54,323934
21685,0.007837,172.31.46.0-255,66,323763,54,323934
21686,0.010436,172.31.46.0-255,105,323868,54,323934
21687,0.012767,172.217.194.0-255,66,323934,54,323934
21688,0.0,74.125.200.0-255,146,146,54,212531
21689,2e-05,172.31.46.0-255,66,212,54,212531
21690,2.6e-05,74.125.200.0-255,1484,1696,54,212531
21691,3e-05,172.31.46.0-255,66,1762,54,212531
21692,6e-05,74.125.200.0-255,2902,4664,54,212531
21693,6.3e-05,172.31.46.0-255,66,4730,54,212531
21694,6.9e-05,74.125.200.0-255,5738,10468,54,212531
21695,7.1e-05,172.31.46.0-255,66,10534,54,212531
21696,0.000103,74.125.200.0-255,6346,16880,54,212531
21697,0.000106,172.31.46.0-255,66,16946,54,212531
21698,0.000118,74.125.200.0-255,7156,24102,54,212531
21699,0.00012,172.31.46.0-255,66,24168,54,212531
21700,0.000149,74.125.200.0-255,6797,30965,54,212531
21701,0.000151,172.31.46.0-255,66,31031,54,212531
21702,0.000229,74.125.200.0-255,1484,32515,54,212531
21703,0.000233,172.31.46.0-255,66,32581,54,212531
21704,0.000236,74.125.200.0-255,1484,34065,54,212531
21705,0.000238,172.31.46.0-255,66,34131,54,212531
21706,0.00027,74.125.200.0-255,2902,37033,54,212531
21707,0.000272,172.31.46.0-255,66,37099,54,212531
21708,0.000278,74.125.200.0-255,4320,41419,54,212531
21709,0.00028,172.31.46.0-255,66,41485,54,212531
21710,0.000312,74.125.200.0-255,1484,42969,54,212531
21711,0.000314,172.31.46.0-255,66,43035,54,212531
21712,0.000319,74.125.200.0-255,2902,45937,54,212531
21713,0.000321,172.31.46.0-255,66,46003,54,212531
21714,0.000344,74.125.200.0-255,3961,49964,54,212531
21715,0.000346,172.31.46.0-255,66,50030,54,212531
21716,0.000356,74.125.200.0-255,4320,54350,54,212531
21717,0.000358,172.31.46.0-255,66,54416,54,212531
21718,0.000389,74.125.200.0-255,4320,58736,54,212531
21719,0.000392,172.31.46.0-255,66,58802,54,212531
21720,0.000398,74.125.200.0-255,4320,63122,54,212531
21721,0.0004,172.31.46.0-255,66,63188,54,212531
21722,0.000404,74.125.200.0-255,2882,66070,54,212531
21723,0.00041,172.31.46.0-255,66,66136,54,212531
21724,0.000431,74.125.200.0-255,347,66483,54,212531
21725,0.000433,172.31.46.0-255,66,66549,54,212531
21726,0.000604,74.125.200.0-255,1484,68033,54,212531
21727,0.000609,172.31.46.0-255,66,68099,54,212531
21728,0.000628,74.125.200.0-255,2902,71001,54,212531
21729,0.000631,74.125.200.0-255,1484,72485,54,212531
21730,0.000635,74.125.200.0-255,2902,75387,54,212531
21731,0.00064,172.31.46.0-255,66,75453,54,212531
21732,0.000643,172.31.46.0-255,66,75519,54,212531
21733,0.00065,172.31.46.0-255,66,75585,54,212531
21734,0.000654,74.125.200.0-255,1484,77069,54,212531
21735,0.00066,172.31.46.0-255,66,77135,54,212531
21736,0.000692,74.125.200.0-255,4320,81455,54,212531
21737,0.000694,172.31.46.0-255,66,81521,54,212531
21738,0.000698,74.125.200.0-255,1994,83515,54,212531
21739,0.0007,172.31.46.0-255,66,83581,54,212531
21740,0.000899,74.125.200.0-255,1484,85065,54,212531
21741,0.000904,172.31.46.0-255,66,85131,54,212531
21742,0.000914,74.125.200.0-255,2902,88033,54,212531
21743,0.000917,172.31.46.0-255,66,88099,54,212531
21744,0.000946,74.125.200.0-255,5738,93837,54,212531
21745,0.000948,172.31.46.0-255,66,93903,54,212531
21746,0.000983,74.125.200.0-255,1484,95387,54,212531
21747,0.000985,172.31.46.0-255,66,95453,54,212531
21748,0.00102,74.125.200.0-255,7156,102609,54,212531
21749,0.001023,172.31.46.0-255,66,102675,54,212531
21750,0.00104,172.31.46.0-255,66,102741,54,212531
21751,0.001045,74.125.200.0-255,4320,107061,54,212531
21752,0.001048,172.31.46.0-255,66,107127,54,212531
21753,0.00105,74.125.200.0-255,766,107893,54,212531
21754,0.001053,172.31.46.0-255,66,107959,54,212531
21755,0.001725,74.125.200.0-255,1484,109443,54,212531
21756,0.00173,172.31.46.0-255,66,109509,54,212531
21757,0.001735,74.125.200.0-255,1484,110993,54,212531
21758,0.001737,172.31.46.0-255,66,111059,54,212531
21759,0.001759,74.125.200.0-255,1484,112543,54,212531
21760,0.001767,172.31.46.0-255,66,112609,54,212531
21761,0.001772,74.125.200.0-255,2902,115511,54,212531
21762,0.001774,172.31.46.0-255,66,115577,54,212531
21763,0.001779,74.125.200.0-255,2902,118479,54,212531
21764,0.001781,172.31.46.0-255,66,118545,54,212531
21765,0.001812,74.125.200.0-255,1484,120029,54,212531
21766,0.001815,172.31.46.0-255,66,120095,54,212531
21767,0.00183,172.31.46.0-255,66,120161,54,212531
21768,0.001836,74.125.200.0-255,5738,125899,54,212531
21769,0.001838,172.31.46.0-255,66,125965,54,212531
21770,0.001845,74.125.200.0-255,7156,133121,54,212531
21771,0.001847,172.31.46.0-255,66,133187,54,212531
21772,0.00185,74.125.200.0-255,766,133953,54,212531
21773,0.002128,172.31.46.0-255,66,134019,54,212531
21774,0.003853,74.125.200.0-255,4320,138339,54,212531
21775,0.003859,172.31.46.0-255,66,138405,54,212531
21776,0.00413,74.125.200.0-255,1484,139889,54,212531
21777,0.005848,74.125.200.0-255,1484,141373,54,212531
21778,0.005851,172.31.46.0-255,66,141439,54,212531
21779,0.005869,74.125.200.0-255,2902,144341,54,212531
21780,0.005871,172.31.46.0-255,66,144407,54,212531
21781,0.007867,74.125.200.0-255,5738,150145,54,212531
21782,0.007874,172.31.46.0-255,66,150211,54,212531
21783,0.009885,74.125.200.0-255,5738,155949,54,212531
21784,0.009891,172.31.46.0-255,66,156015,54,212531
21785,0.011906,74.125.200.0-255,5738,161753,54,212531
21786,0.011913,172.31.46.0-255,66,161819,54,212531
21787,0.013938,74.125.200.0-255,5738,167557,54,212531
21788,0.013948,172.31.46.0-255,66,167623,54,212531
21789,0.015965,74.125.200.0-255,5738,173361,54,212531
21790,0.015971,172.31.46.0-255,66,173427,54,212531
21791,0.017996,74.125.200.0-255,5738,179165,54,212531
21792,0.018005,172.31.46.0-255,66,179231,54,212531
21793,0.020022,74.125.200.0-255,5738,184969,54,212531
21794,0.020028,172.31.46.0-255,66,185035,54,212531
21795,0.022034,74.125.200.0-255,5738,190773,54,212531
21796,0.022041,172.31.46.0-255,66,190839,54,212531
21797,0.024064,74.125.200.0-255,5738,196577,54,212531
21798,0.024071,172.31.46.0-255,66,196643,54,212531
21799,0.026089,74.125.200.0-255,5738,202381,54,212531
21800,0.026094,172.31.46.0-255,66,202447,54,212531
21801,0.027075,172.31.46.0-255,172,202619,54,212531
21802,0.027104,172.31.46.0-255,1119,203738,54,212531
21803,0.027157,172.31.46.0-255,1514,205252,54,212531
21804,0.027159,172.31.46.0-255,1277,206529,54,212531
21805,0.028119,74.125.200.0-255,5738,212267,54,212531
21806,0.028127,172.31.46.0-255,66,212333,54,212531
21807,0.028613,104.244.42.0-255,66,212399,54,212531
21808,0.028654,104.244.42.0-255,66,212465,54,212531
21809,0.028721,104.244.42.0-255,66,212531,54,212531
21810,0.0,172.253.118.0-255,146,146,54,210553
21811,1.7e-05,172.31.46.0-255,66,212,54,210553
21812,2.4e-05,172.253.118.0-255,1484,1696,54,210553
21813,2.9e-05,172.31.46.0-255,66,1762,54,210553
21814,4.1e-05,172.253.118.0-255,2902,4664,54,210553
21815,4.4e-05,172.31.46.0-255,66,4730,54,210553
21816,7.4e-05,172.253.118.0-255,5738,10468,54,210553
21817,7.8e-05,172.31.46.0-255,66,10534,54,210553
21818,8.4e-05,172.253.118.0-255,3492,14026,54,210553
21819,8.6e-05,172.31.46.0-255,66,14092,54,210553
21820,0.0001,172.253.118.0-255,1484,15576,54,210553
21821,0.000103,172.31.46.0-255,66,15642,54,210553
21822,0.000128,172.253.118.0-255,2902,18544,54,210553
21823,0.000131,172.31.46.0-255,66,18610,54,210553
21824,0.000138,172.253.118.0-255,5738,24348,54,210553
21825,0.00014,172.31.46.0-255,66,24414,54,210553
21826,0.000181,172.253.118.0-255,6797,31211,54,210553
21827,0.000183,172.31.46.0-255,66,31277,54,210553
21828,0.000355,172.253.118.0-255,1484,32761,54,210553
21829,0.00036,172.31.46.0-255,66,32827,54,210553
21830,0.000366,172.253.118.0-255,2902,35729,54,210553
21831,0.000368,172.31.46.0-255,66,35795,54,210553
21832,0.00039,172.253.118.0-255,4320,40115,54,210553
21833,0.000393,172.31.46.0-255,66,40181,54,210553
21834,0.000412,172.253.118.0-255,1484,41665,54,210553
21835,0.000414,172.31.46.0-255,66,41731,54,210553
21836,0.000441,172.253.118.0-255,2902,44633,54,210553
21837,0.000444,172.31.46.0-255,66,44699,54,210553
21838,0.000449,172.253.118.0-255,4320,49019,54,210553
21839,0.000451,172.31.46.0-255,66,49085,54,210553
21840,0.000489,172.31.46.0-255,66,49151,54,210553
21841,0.000493,172.253.118.0-255,2902,52053,54,210553
21842,0.000495,172.31.46.0-255,66,52119,54,210553
21843,0.000555,172.253.118.0-255,4320,56439,54,210553
21844,0.000558,172.31.46.0-255,66,56505,54,210553
21845,0.000579,172.253.118.0-255,1097,57602,54,210553
21846,0.000982,172.31.46.0-255,66,57668,54,210553
21847,0.001429,172.253.118.0-255,111,57779,54,210553
21848,0.001467,172.253.118.0-255,1484,59263,54,210553
21849,0.001471,172.31.46.0-255,66,59329,54,210553
21850,0.001477,172.253.118.0-255,2902,62231,54,210553
21851,0.001479,172.31.46.0-255,66,62297,54,210553
21852,0.001504,172.253.118.0-255,1484,63781,54,210553
21853,0.001508,172.253.118.0-255,2902,66683,54,210553
21854,0.00151,172.31.46.0-255,66,66749,54,210553
21855,0.001539,172.253.118.0-255,5738,72487,54,210553
21856,0.001541,172.31.46.0-255,66,72553,54,210553
21857,0.001547,172.253.118.0-255,4320,76873,54,210553
21858,0.001548,172.31.46.0-255,66,76939,54,210553
21859,0.001573,172.253.118.0-255,5738,82677,54,210553
21860,0.001575,172.31.46.0-255,66,82743,54,210553
21861,0.0016,172.253.118.0-255,5738,88481,54,210553
21862,0.001602,172.31.46.0-255,66,88547,54,210553
21863,0.001608,172.253.118.0-255,3602,92149,54,210553
21864,0.001609,172.31.46.0-255,66,92215,54,210553
21865,0.001853,172.253.118.0-255,1484,93699,54,210553
21866,0.001871,172.253.118.0-255,2902,96601,54,210553
21867,0.001873,172.31.46.0-255,66,96667,54,210553
21868,0.001878,172.253.118.0-255,2902,99569,54,210553
21869,0.00188,172.31.46.0-255,66,99635,54,210553
21870,0.001904,172.253.118.0-255,2902,102537,54,210553
21871,0.001906,172.31.46.0-255,66,102603,54,210553
21872,0.001912,172.253.118.0-255,5738,108341,54,210553
21873,0.001913,172.31.46.0-255,66,108407,54,210553
21874,0.001942,172.31.46.0-255,66,108473,54,210553
21875,0.001968,172.253.118.0-255,1484,109957,54,210553
21876,0.00198,172.31.46.0-255,66,110023,54,210553
21877,0.001991,172.31.46.0-255,66,110089,54,210553
21878,0.002008,172.31.46.0-255,66,110155,54,210553
21879,0.002044,172.253.118.0-255,7156,117311,54,210553
21880,0.002046,172.31.46.0-255,66,117377,54,210553
21881,0.002049,172.253.118.0-255,1484,118861,54,210553
21882,0.002053,172.253.118.0-255,2184,121045,54,210553
21883,0.002055,172.31.46.0-255,66,121111,54,210553
21884,0.002181,172.253.118.0-255,1484,122595,54,210553
21885,0.002204,172.253.118.0-255,2902,125497,54,210553
21886,0.002206,172.31.46.0-255,66,125563,54,210553
21887,0.002213,172.253.118.0-255,5738,131301,54,210553
21888,0.002215,172.31.46.0-255,66,131367,54,210553
21889,0.00225,172.31.46.0-255,66,131433,54,210553
21890,0.002283,172.253.118.0-255,4320,135753,54,210553
21891,0.002285,172.31.46.0-255,66,135819,54,210553
21892,0.002293,172.253.118.0-255,7156,142975,54,210553
21893,0.002295,172.31.46.0-255,66,143041,54,210553
21894,0.0023,172.253.118.0-255,3602,146643,54,210553
21895,0.002308,172.31.46.0-255,66,146709,54,210553
21896,0.004631,172.253.118.0-255,5738,152447,54,210553
21897,0.004638,172.31.46.0-255,66,152513,54,210553
21898,0.006989,172.253.118.0-255,5738,158251,54,210553
21899,0.006995,172.31.46.0-255,66,158317,54,210553
21900,0.009336,172.253.118.0-255,5738,164055,54,210553
21901,0.009343,172.31.46.0-255,66,164121,54,210553
21902,0.011681,172.253.118.0-255,5738,169859,54,210553
21903,0.011689,172.31.46.0-255,66,169925,54,210553
21904,0.014045,172.253.118.0-255,5738,175663,54,210553
21905,0.014056,172.31.46.0-255,66,175729,54,210553
21906,0.016388,172.253.118.0-255,5738,181467,54,210553
21907,0.016399,172.31.46.0-255,66,181533,54,210553
21908,0.01874,172.253.118.0-255,5738,187271,54,210553
21909,0.018747,172.31.46.0-255,66,187337,54,210553
21910,0.021082,172.253.118.0-255,5738,193075,54,210553
21911,0.021092,172.31.46.0-255,66,193141,54,210553
21912,0.023433,172.253.118.0-255,5738,198879,54,210553
21913,0.02344,172.31.46.0-255,66,198945,54,210553
21914,0.025794,172.253.118.0-255,5738,204683,54,210553
21915,0.025803,172.31.46.0-255,66,204749,54,210553
21916,0.028152,172.253.118.0-255,5738,210487,54,210553
21917,0.02816,172.31.46.0-255,66,210553,54,210553
21918,0.0,74.125.68.0-255,153,153,54,284460
21919,1.5e-05,172.31.46.0-255,66,219,54,284460
21920,2.1e-05,74.125.68.0-255,1484,1703,54,284460
21921,2.7e-05,172.31.46.0-255,66,1769,54,284460
21922,3.3e-05,74.125.68.0-255,2902,4671,54,284460
21923,3.7e-05,172.31.46.0-255,66,4737,54,284460
21924,4.4e-05,74.125.68.0-255,7156,11893,54,284460
21925,4.7e-05,172.31.46.0-255,66,11959,54,284460
21926,7.2e-05,74.125.68.0-255,2080,14039,54,284460
21927,7.5e-05,172.31.46.0-255,66,14105,54,284460
21928,0.000147,74.125.68.0-255,1484,15589,54,284460
21929,0.00015,172.31.46.0-255,66,15655,54,284460
21930,0.000155,74.125.68.0-255,2902,18557,54,284460
21931,0.000157,172.31.46.0-255,66,18623,54,284460
21932,0.000172,74.125.68.0-255,2902,21525,54,284460
21933,0.000175,172.31.46.0-255,66,21591,54,284460
21934,0.000179,74.125.68.0-255,2902,24493,54,284460
21935,0.000181,172.31.46.0-255,66,24559,54,284460
21936,0.000198,74.125.68.0-255,1484,26043,54,284460
21937,0.0002,172.31.46.0-255,66,26109,54,284460
21938,0.000204,74.125.68.0-255,1484,27593,54,284460
21939,0.000206,172.31.46.0-255,66,27659,54,284460
21940,0.00023,74.125.68.0-255,5379,33038,54,284460
21941,0.000232,172.31.46.0-255,66,33104,54,284460
21942,0.00024,74.125.68.0-255,7156,40260,54,284460
21943,0.000242,172.31.46.0-255,66,40326,54,284460
21944,0.000301,172.31.46.0-255,66,40392,54,284460
21945,0.000364,74.125.68.0-255,1484,41876,54,284460
21946,0.000368,172.31.46.0-255,66,41942,54,284460
21947,0.000373,74.125.68.0-255,2902,44844,54,284460
21948,0.000375,172.31.46.0-255,66,44910,54,284460
21949,0.000406,74.125.68.0-255,1484,46394,54,284460
21950,0.000429,74.125.68.0-255,4320,50714,54,284460
21951,0.000432,172.31.46.0-255,66,50780,54,284460
21952,0.000438,74.125.68.0-255,4320,55100,54,284460
21953,0.00044,172.31.46.0-255,66,55166,54,284460
21954,0.000461,74.125.68.0-255,2543,57709,54,284460
21955,0.000463,172.31.46.0-255,66,57775,54,284460
21956,0.000621,74.125.68.0-255,645,58420,54,284460
21957,0.000635,74.125.68.0-255,1484,59904,54,284460
21958,0.00064,172.31.46.0-255,66,59970,54,284460
21959,0.000677,74.125.68.0-255,4320,64290,54,284460
21960,0.000681,172.31.46.0-255,66,64356,54,284460
21961,0.000684,74.125.68.0-255,1484,65840,54,284460
21962,0.00069,74.125.68.0-255,2902,68742,54,284460
21963,0.000693,172.31.46.0-255,66,68808,54,284460
21964,0.000717,74.125.68.0-255,4320,73128,54,284460
21965,0.000721,172.31.46.0-255,66,73194,54,284460
21966,0.000769,172.31.46.0-255,66,73260,54,284460
21967,0.000775,74.125.68.0-255,3602,76862,54,284460
21968,0.000777,172.31.46.0-255,66,76928,54,284460
21969,0.00112,74.125.68.0-255,1484,78412,54,284460
21970,0.001126,74.125.68.0-255,2902,81314,54,284460
21971,0.00113,172.31.46.0-255,66,81380,54,284460
21972,0.001134,74.125.68.0-255,2902,84282,54,284460
21973,0.001136,172.31.46.0-255,66,84348,54,284460
21974,0.001141,74.125.68.0-255,4320,88668,54,284460
21975,0.001143,172.31.46.0-255,66,88734,54,284460
21976,0.001169,172.31.46.0-255,66,88800,54,284460
21977,0.001174,74.125.68.0-255,2902,91702,54,284460
21978,0.001176,172.31.46.0-255,66,91768,54,284460
21979,0.0012,74.125.68.0-255,1484,93252,54,284460
21980,0.001207,74.125.68.0-255,5738,98990,54,284460
21981,0.001209,172.31.46.0-255,66,99056,54,284460
21982,0.001223,74.125.68.0-255,3602,102658,54,284460
21983,0.001226,172.31.46.0-255,66,102724,54,284460
21984,0.001411,74.125.68.0-255,1484,104208,54,284460
21985,0.001425,74.125.68.0-255,2902,107110,54,284460
21986,0.001428,172.31.46.0-255,66,107176,54,284460
21987,0.001452,74.125.68.0-255,5738,112914,54,284460
21988,0.001455,172.31.46.0-255,66,112980,54,284460
21989,0.001458,74.125.68.0-255,1484,114464,54,284460
21990,0.001475,74.125.68.0-255,5738,120202,54,284460
21991,0.001477,172.31.46.0-255,66,120268,54,284460
21992,0.001508,74.125.68.0-255,5738,126006,54,284460
21993,0.00151,172.31.46.0-255,66,126072,54,284460
21994,0.001515,74.125.68.0-255,4320,130392,54,284460
21995,0.001517,172.31.46.0-255,66,130458,54,284460
21996,0.001553,74.125.68.0-255,6438,136896,54,284460
21997,0.001555,172.31.46.0-255,66,136962,54,284460
21998,0.001573,74.125.68.0-255,1484,138446,54,284460
21999,0.001583,74.125.68.0-255,1484,139930,54,284460
22000,0.001586,172.31.46.0-255,66,139996,54,284460
22001,0.001593,74.125.68.0-255,1484,141480,54,284460
22002,0.001596,74.125.68.0-255,1484,142964,54,284460
22003,0.001598,172.31.46.0-255,66,143030,54,284460
22004,0.00162,74.125.68.0-255,4320,147350,54,284460
22005,0.001623,172.31.46.0-255,66,147416,54,284460
22006,0.001635,74.125.68.0-255,2902,150318,54,284460
22007,0.001637,172.31.46.0-255,66,150384,54,284460
22008,0.001649,74.125.68.0-255,2902,153286,54,284460
22009,0.001652,172.31.46.0-255,66,153352,54,284460
22010,0.001658,74.125.68.0-255,7156,160508,54,284460
22011,0.00166,172.31.46.0-255,66,160574,54,284460
22012,0.001681,74.125.68.0-255,1484,162058,54,284460
22013,0.001696,74.125.68.0-255,7156,169214,54,284460
22014,0.001698,172.31.46.0-255,66,169280,54,284460
22015,0.001716,74.125.68.0-255,2184,171464,54,284460
22016,0.001718,172.31.46.0-255,66,171530,54,284460
22017,0.002174,74.125.68.0-255,1484,173014,54,284460
22018,0.002193,74.125.68.0-255,2902,175916,54,284460
22019,0.002196,172.31.46.0-255,66,175982,54,284460
22020,0.002201,74.125.68.0-255,2902,178884,54,284460
22021,0.002203,172.31.46.0-255,66,178950,54,284460
22022,0.002218,74.125.68.0-255,2902,181852,54,284460
22023,0.00222,172.31.46.0-255,66,181918,54,284460
22024,0.002224,74.125.68.0-255,1484,183402,54,284460
22025,0.002255,172.31.46.0-255,66,183468,54,284460
22026,0.00226,74.125.68.0-255,4320,187788,54,284460
22027,0.002262,172.31.46.0-255,66,187854,54,284460
22028,0.00232,172.31.46.0-255,66,187920,54,284460
22029,0.002344,74.125.68.0-255,2184,190104,54,284460
22030,0.002347,172.31.46.0-255,66,190170,54,284460
22031,0.002365,172.31.46.0-255,66,190236,54,284460
22032,0.00237,74.125.68.0-255,5738,195974,54,284460
22033,0.002372,172.31.46.0-255,66,196040,54,284460
22034,0.002394,74.125.68.0-255,766,196806,54,284460
22035,0.00252,74.125.68.0-255,1484,198290,54,284460
22036,0.002525,172.31.46.0-255,66,198356,54,284460
22037,0.002531,74.125.68.0-255,2902,201258,54,284460
22038,0.002533,172.31.46.0-255,66,201324,54,284460
22039,0.00254,74.125.68.0-255,5738,207062,54,284460
22040,0.002542,172.31.46.0-255,66,207128,54,284460
22041,0.002545,74.125.68.0-255,1484,208612,54,284460
22042,0.002569,74.125.68.0-255,5738,214350,54,284460
22043,0.002572,172.31.46.0-255,66,214416,54,284460
22044,0.002578,74.125.68.0-255,4320,218736,54,284460
22045,0.002581,172.31.46.0-255,66,218802,54,284460
22046,0.002605,74.125.68.0-255,4320,223122,54,284460
22047,0.002607,172.31.46.0-255,66,223188,54,284460
22048,0.002614,74.125.68.0-255,5738,228926,54,284460
22049,0.002616,172.31.46.0-255,66,228992,54,284460
22050,0.005164,74.125.68.0-255,4320,233312,54,284460
22051,0.005173,172.31.46.0-255,66,233378,54,284460
22052,0.00519,74.125.68.0-255,1484,234862,54,284460
22053,0.007728,74.125.68.0-255,4320,239182,54,284460
22054,0.007736,172.31.46.0-255,66,239248,54,284460
22055,0.010285,74.125.68.0-255,5738,244986,54,284460
22056,0.010292,172.31.46.0-255,66,245052,54,284460
22057,0.012838,74.125.68.0-255,2902,247954,54,284460
22058,0.012847,172.31.46.0-255,66,248020,54,284460
22059,0.012865,74.125.68.0-255,2902,250922,54,284460
22060,0.012868,172.31.46.0-255,66,250988,54,284460
22061,0.015506,74.125.68.0-255,5738,256726,54,284460
22062,0.015515,172.31.46.0-255,66,256792,54,284460
22063,0.018074,74.125.68.0-255,5738,262530,54,284460
22064,0.018085,172.31.46.0-255,66,262596,54,284460
22065,0.020648,74.125.68.0-255,5738,268334,54,284460
22066,0.020659,172.31.46.0-255,66,268400,54,284460
22067,0.023226,74.125.68.0-255,4320,272720,54,284460
22068,0.023233,172.31.46.0-255,66,272786,54,284460
22069,0.023254,74.125.68.0-255,1484,274270,54,284460
22070,0.025787,74.125.68.0-255,4320,278590,54,284460
22071,0.025795,172.31.46.0-255,66,278656,54,284460
22072,0.028349,74.125.68.0-255,5738,284394,54,284460
22073,0.028356,172.31.46.0-255,66,284460,54,284460
22074,0.0,74.125.68.0-255,156,156,54,376010
22075,1.8e-05,172.31.46.0-255,66,222,54,376010
22076,2.6e-05,74.125.68.0-255,1484,1706,54,376010
22077,3.1e-05,172.31.46.0-255,66,1772,54,376010
22078,4.6e-05,74.125.68.0-255,2902,4674,54,376010
22079,5e-05,172.31.46.0-255,66,4740,54,376010
22080,8.8e-05,74.125.68.0-255,5738,10478,54,376010
22081,9.2e-05,172.31.46.0-255,66,10544,54,376010
22082,9.7e-05,74.125.68.0-255,2902,13446,54,376010
22083,0.0001,172.31.46.0-255,66,13512,54,376010
22084,0.000104,74.125.68.0-255,485,13997,54,376010
22085,0.000106,172.31.46.0-255,66,14063,54,376010
22086,0.000136,74.125.68.0-255,1484,15547,54,376010
22087,0.000139,172.31.46.0-255,66,15613,54,376010
22088,0.000146,74.125.68.0-255,4320,19933,54,376010
22089,0.000149,172.31.46.0-255,66,19999,54,376010
22090,0.000176,74.125.68.0-255,4320,24319,54,376010
22091,0.000178,172.31.46.0-255,66,24385,54,376010
22092,0.000181,74.125.68.0-255,1484,25869,54,376010
22093,0.000183,172.31.46.0-255,66,25935,54,376010
22094,0.000208,74.125.68.0-255,4320,30255,54,376010
22095,0.000211,172.31.46.0-255,66,30321,54,376010
22096,0.000214,74.125.68.0-255,1125,31446,54,376010
22097,0.000216,172.31.46.0-255,66,31512,54,376010
22098,0.000268,74.125.68.0-255,1484,32996,54,376010
22099,0.000271,172.31.46.0-255,66,33062,54,376010
22100,0.000299,74.125.68.0-255,2902,35964,54,376010
22101,0.000305,74.125.68.0-255,5738,41702,54,376010
22102,0.00031,172.31.46.0-255,66,41768,54,376010
22103,0.000313,172.31.46.0-255,66,41834,54,376010
22104,0.000341,74.125.68.0-255,6797,48631,54,376010
22105,0.000344,172.31.46.0-255,66,48697,54,376010
22106,0.00044,74.125.68.0-255,1484,50181,54,376010
22107,0.000444,74.125.68.0-255,1484,51665,54,376010
22108,0.000447,172.31.46.0-255,66,51731,54,376010
22109,0.000472,74.125.68.0-255,1484,53215,54,376010
22110,0.000478,74.125.68.0-255,5738,58953,54,376010
22111,0.00048,172.31.46.0-255,66,59019,54,376010
22112,0.000524,74.125.68.0-255,1484,60503,54,376010
22113,0.000548,74.125.68.0-255,5379,65882,54,376010
22114,0.000551,172.31.46.0-255,66,65948,54,376010
22115,0.000554,74.125.68.0-255,412,66360,54,376010
22116,0.000598,74.125.68.0-255,332,66692,54,376010
22117,0.000857,74.125.68.0-255,1484,68176,54,376010
22118,0.000864,172.31.46.0-255,66,68242,54,376010
22119,0.000871,74.125.68.0-255,2902,71144,54,376010
22120,0.000873,172.31.46.0-255,66,71210,54,376010
22121,0.000877,74.125.68.0-255,1484,72694,54,376010
22122,0.000908,74.125.68.0-255,2902,75596,54,376010
22123,0.000912,172.31.46.0-255,66,75662,54,376010
22124,0.000939,74.125.68.0-255,4320,79982,54,376010
22125,0.000942,172.31.46.0-255,66,80048,54,376010
22126,0.000984,74.125.68.0-255,3961,84009,54,376010
22127,0.000987,172.31.46.0-255,66,84075,54,376010
22128,0.001034,74.125.68.0-255,4320,88395,54,376010
22129,0.001039,172.31.46.0-255,66,88461,54,376010
22130,0.001067,74.125.68.0-255,4320,92781,54,376010
22131,0.001071,172.31.46.0-255,66,92847,54,376010
22132,0.001093,74.125.68.0-255,1484,94331,54,376010
22133,0.0011,74.125.68.0-255,6797,101128,54,376010
22134,0.001103,172.31.46.0-255,66,101194,54,376010
22135,0.001558,74.125.68.0-255,1484,102678,54,376010
22136,0.001578,74.125.68.0-255,2902,105580,54,376010
22137,0.001583,172.31.46.0-255,66,105646,54,376010
22138,0.001618,74.125.68.0-255,5738,111384,54,376010
22139,0.001621,172.31.46.0-255,66,111450,54,376010
22140,0.001629,74.125.68.0-255,7156,118606,54,376010
22141,0.001632,172.31.46.0-255,66,118672,54,376010
22142,0.001637,74.125.68.0-255,2902,121574,54,376010
22143,0.00164,172.31.46.0-255,66,121640,54,376010
22144,0.001669,74.125.68.0-255,4320,125960,54,376010
22145,0.001672,172.31.46.0-255,66,126026,54,376010
22146,0.001701,74.125.68.0-255,7156,133182,54,376010
22147,0.001705,172.31.46.0-255,66,133248,54,376010
22148,0.001733,74.125.68.0-255,2184,135432,54,376010
22149,0.001736,172.31.46.0-255,66,135498,54,376010
22150,0.001765,74.125.68.0-255,2902,138400,54,376010
22151,0.001775,172.31.46.0-255,66,138466,54,376010
22152,0.001781,74.125.68.0-255,2902,141368,54,376010
22153,0.001783,172.31.46.0-255,66,141434,54,376010
22154,0.001819,74.125.68.0-255,4320,145754,54,376010
22155,0.001822,172.31.46.0-255,66,145820,54,376010
22156,0.001833,172.31.46.0-255,66,145886,54,376010
22157,0.001836,74.125.68.0-255,1484,147370,54,376010
22158,0.001892,172.31.46.0-255,66,147436,54,376010
22159,0.001897,74.125.68.0-255,2184,149620,54,376010
22160,0.0019,172.31.46.0-255,66,149686,54,376010
22161,0.002045,74.125.68.0-255,1484,151170,54,376010
22162,0.002082,74.125.68.0-255,2902,154072,54,376010
22163,0.002087,172.31.46.0-255,66,154138,54,376010
22164,0.002091,74.125.68.0-255,1484,155622,54,376010
22165,0.002096,74.125.68.0-255,4320,159942,54,376010
22166,0.002099,172.31.46.0-255,66,160008,54,376010
22167,0.002107,74.125.68.0-255,1484,161492,54,376010
22168,0.002127,74.125.68.0-255,4320,165812,54,376010
22169,0.00213,172.31.46.0-255,66,165878,54,376010
22170,0.002133,74.125.68.0-255,1484,167362,54,376010
22171,0.002135,74.125.68.0-255,1484,168846,54,376010
22172,0.002138,172.31.46.0-255,66,168912,54,376010
22173,0.002141,74.125.68.0-255,1484,170396,54,376010
22174,0.002162,74.125.68.0-255,1484,171880,54,376010
22175,0.002165,172.31.46.0-255,66,171946,54,376010
22176,0.00217,74.125.68.0-255,2902,174848,54,376010
22177,0.002172,172.31.46.0-255,66,174914,54,376010
22178,0.002177,74.125.68.0-255,2902,177816,54,376010
22179,0.002179,172.31.46.0-255,66,177882,54,376010
22180,0.002194,74.125.68.0-255,4320,182202,54,376010
22181,0.002197,74.125.68.0-255,2184,184386,54,376010
22182,0.002205,172.31.46.0-255,66,184452,54,376010
22183,0.002214,172.31.46.0-255,66,184518,54,376010
22184,0.00327,74.125.68.0-255,1484,186002,54,376010
22185,0.003283,74.125.68.0-255,2902,188904,54,376010
22186,0.00329,172.31.46.0-255,66,188970,54,376010
22187,0.003299,74.125.68.0-255,5738,194708,54,376010
22188,0.003301,172.31.46.0-255,66,194774,54,376010
22189,0.003325,74.125.68.0-255,7156,201930,54,376010
22190,0.003328,172.31.46.0-255,66,201996,54,376010
22191,0.003336,74.125.68.0-255,7156,209152,54,376010
22192,0.003338,172.31.46.0-255,66,209218,54,376010
22193,0.003365,74.125.68.0-255,1484,210702,54,376010
22194,0.003371,74.125.68.0-255,5738,216440,54,376010
22195,0.003373,172.31.46.0-255,66,216506,54,376010
22196,0.003403,74.125.68.0-255,2184,218690,54,376010
22197,0.003406,172.31.46.0-255,66,218756,54,376010
22198,0.003739,74.125.68.0-255,1484,220240,54,376010
22199,0.003767,74.125.68.0-255,1484,221724,54,376010
22200,0.003771,172.31.46.0-255,66,221790,54,376010
22201,0.003776,74.125.68.0-255,2902,224692,54,376010
22202,0.003779,172.31.46.0-255,66,224758,54,376010
22203,0.003852,74.125.68.0-255,5738,230496,54,376010
22204,0.003855,172.31.46.0-255,66,230562,54,376010
22205,0.003858,74.125.68.0-255,1484,232046,54,376010
22206,0.003861,74.125.68.0-255,1484,233530,54,376010
22207,0.003863,172.31.46.0-255,66,233596,54,376010
22208,0.003868,74.125.68.0-255,4320,237916,54,376010
22209,0.00387,172.31.46.0-255,66,237982,54,376010
22210,0.003878,74.125.68.0-255,7156,245138,54,376010
22211,0.00388,172.31.46.0-255,66,245204,54,376010
22212,0.003902,74.125.68.0-255,1484,246688,54,376010
22213,0.003926,74.125.68.0-255,2902,249590,54,376010
22214,0.003929,172.31.46.0-255,66,249656,54,376010
22215,0.003934,74.125.68.0-255,3602,253258,54,376010
22216,0.003936,172.31.46.0-255,66,253324,54,376010
22217,0.004144,74.125.68.0-255,1484,254808,54,376010
22218,0.004151,74.125.68.0-255,2902,257710,54,376010
22219,0.004154,172.31.46.0-255,66,257776,54,376010
22220,0.00418,74.125.68.0-255,2902,260678,54,376010
22221,0.004183,172.31.46.0-255,66,260744,54,376010
22222,0.004188,74.125.68.0-255,4320,265064,54,376010
22223,0.00419,172.31.46.0-255,66,265130,54,376010
22224,0.004228,172.31.46.0-255,66,265196,54,376010
22225,0.004233,74.125.68.0-255,4320,269516,54,376010
22226,0.004236,172.31.46.0-255,66,269582,54,376010
22227,0.004243,74.125.68.0-255,1484,271066,54,376010
22228,0.004268,74.125.68.0-255,4320,275386,54,376010
22229,0.004271,172.31.46.0-255,66,275452,54,376010
22230,0.004274,74.125.68.0-255,1484,276936,54,376010
22231,0.004297,74.125.68.0-255,2184,279120,54,376010
22232,0.0043,172.31.46.0-255,66,279186,54,376010
22233,0.004414,74.125.68.0-255,1484,280670,54,376010
22234,0.004433,74.125.68.0-255,2902,283572,54,376010
22235,0.004436,172.31.46.0-255,66,283638,54,376010
22236,0.004464,74.125.68.0-255,5738,289376,54,376010
22237,0.004467,172.31.46.0-255,66,289442,54,376010
22238,0.004471,74.125.68.0-255,1484,290926,54,376010
22239,0.004497,74.125.68.0-255,2902,293828,54,376010
22240,0.004499,172.31.46.0-255,66,293894,54,376010
22241,0.004506,74.125.68.0-255,5738,299632,54,376010
22242,0.004508,172.31.46.0-255,66,299698,54,376010
22243,0.004543,172.31.46.0-255,66,299764,54,376010
22244,0.00458,74.125.68.0-255,5020,304784,54,376010
22245,0.004583,172.31.46.0-255,66,304850,54,376010
22246,0.004734,74.125.68.0-255,1484,306334,54,376010
22247,0.004779,74.125.68.0-255,2902,309236,54,376010
22248,0.004783,172.31.46.0-255,66,309302,54,376010
22249,0.004792,74.125.68.0-255,5738,315040,54,376010
22250,0.004794,172.31.46.0-255,66,315106,54,376010
22251,0.004809,74.125.68.0-255,2902,318008,54,376010
22252,0.004811,172.31.46.0-255,66,318074,54,376010
22253,0.004844,74.125.68.0-255,4320,322394,54,376010
22254,0.004846,172.31.46.0-255,66,322460,54,376010
22255,0.004852,74.125.68.0-255,4320,326780,54,376010
22256,0.004854,172.31.46.0-255,66,326846,54,376010
22257,0.004861,74.125.68.0-255,5738,332584,54,376010
22258,0.004863,172.31.46.0-255,66,332650,54,376010
22259,0.004894,74.125.68.0-255,6438,339088,54,376010
22260,0.004896,172.31.46.0-255,66,339154,54,376010
22261,0.004941,74.125.68.0-255,7156,346310,54,376010
22262,0.004944,172.31.46.0-255,66,346376,54,376010
22263,0.004976,172.31.46.0-255,66,346442,54,376010
22264,0.004981,74.125.68.0-255,2902,349344,54,376010
22265,0.004983,172.31.46.0-255,66,349410,54,376010
22266,0.005007,74.125.68.0-255,4320,353730,54,376010
22267,0.005012,172.31.46.0-255,66,353796,54,376010
22268,0.005047,74.125.68.0-255,7156,360952,54,376010
22269,0.00505,172.31.46.0-255,66,361018,54,376010
22270,0.005076,74.125.68.0-255,1484,362502,54,376010
22271,0.00509,74.125.68.0-255,2184,364686,54,376010
22272,0.005092,172.31.46.0-255,66,364752,54,376010
22273,0.005116,74.125.68.0-255,4320,369072,54,376010
22274,0.005119,172.31.46.0-255,66,369138,54,376010
22275,0.005154,74.125.68.0-255,6367,375505,54,376010
22276,0.005157,172.31.46.0-255,66,375571,54,376010
22277,0.00516,74.125.68.0-255,97,375668,54,376010
22278,0.005261,74.125.68.0-255,105,375773,54,376010
22279,0.010381,172.31.46.0-255,66,375839,54,376010
22280,0.010443,172.31.46.0-255,105,375944,54,376010
22281,0.01235,74.125.68.0-255,66,376010,54,376010
22282,0.0,172.217.194.0-255,146,146,54,230011
22283,2.5e-05,172.31.46.0-255,66,212,54,230011
22284,3.2e-05,172.217.194.0-255,1484,1696,54,230011
22285,3.7e-05,172.31.46.0-255,66,1762,54,230011
22286,5.1e-05,172.217.194.0-255,2902,4664,54,230011
22287,5.6e-05,172.31.46.0-255,66,4730,54,230011
22288,6.3e-05,172.217.194.0-255,7156,11886,54,230011
22289,6.6e-05,172.31.46.0-255,66,11952,54,230011
22290,7e-05,172.217.194.0-255,2102,14054,54,230011
22291,7.2e-05,172.31.46.0-255,66,14120,54,230011
22292,7.6e-05,172.217.194.0-255,2902,17022,54,230011
22293,7.9e-05,172.31.46.0-255,66,17088,54,230011
22294,8.2e-05,172.217.194.0-255,1484,18572,54,230011
22295,8.4e-05,172.31.46.0-255,66,18638,54,230011
22296,0.000107,172.217.194.0-255,5738,24376,54,230011
22297,0.000115,172.31.46.0-255,66,24442,54,230011
22298,0.000122,172.217.194.0-255,6797,31239,54,230011
22299,0.000125,172.31.46.0-255,66,31305,54,230011
22300,0.000165,172.217.194.0-255,1484,32789,54,230011
22301,0.000168,172.31.46.0-255,66,32855,54,230011
22302,0.000172,172.217.194.0-255,1484,34339,54,230011
22303,0.000173,172.31.46.0-255,66,34405,54,230011
22304,0.000196,172.217.194.0-255,1484,35889,54,230011
22305,0.000198,172.31.46.0-255,66,35955,54,230011
22306,0.000205,172.217.194.0-255,5738,41693,54,230011
22307,0.000207,172.31.46.0-255,66,41759,54,230011
22308,0.000219,172.217.194.0-255,6797,48556,54,230011
22309,0.000222,172.31.46.0-255,66,48622,54,230011
22310,0.000228,172.217.194.0-255,7156,55778,54,230011
22311,0.000231,172.31.46.0-255,66,55844,54,230011
22312,0.000257,172.217.194.0-255,5738,61582,54,230011
22313,0.00026,172.31.46.0-255,66,61648,54,230011
22314,0.00028,172.217.194.0-255,4250,65898,54,230011
22315,0.000282,172.31.46.0-255,66,65964,54,230011
22316,0.000324,172.217.194.0-255,102,66066,54,230011
22317,0.000578,172.217.194.0-255,361,66427,54,230011
22318,0.000788,172.217.194.0-255,1484,67911,54,230011
22319,0.000795,172.31.46.0-255,66,67977,54,230011
22320,0.000806,172.217.194.0-255,2902,70879,54,230011
22321,0.000813,172.31.46.0-255,66,70945,54,230011
22322,0.00082,172.217.194.0-255,5738,76683,54,230011
22323,0.000822,172.31.46.0-255,66,76749,54,230011
22324,0.000865,172.31.46.0-255,66,76815,54,230011
22325,0.000868,172.217.194.0-255,1484,78299,54,230011
22326,0.000904,172.31.46.0-255,66,78365,54,230011
22327,0.000907,172.217.194.0-255,766,79131,54,230011
22328,0.001352,172.217.194.0-255,1484,80615,54,230011
22329,0.001363,172.31.46.0-255,66,80681,54,230011
22330,0.001369,172.217.194.0-255,2902,83583,54,230011
22331,0.001372,172.31.46.0-255,66,83649,54,230011
22332,0.001384,172.217.194.0-255,5738,89387,54,230011
22333,0.001386,172.31.46.0-255,66,89453,54,230011
22334,0.001389,172.217.194.0-255,1484,90937,54,230011
22335,0.001437,172.31.46.0-255,66,91003,54,230011
22336,0.001455,172.31.46.0-255,66,91069,54,230011
22337,0.001496,172.217.194.0-255,1484,92553,54,230011
22338,0.001516,172.217.194.0-255,2902,95455,54,230011
22339,0.001519,172.31.46.0-255,66,95521,54,230011
22340,0.001526,172.217.194.0-255,5738,101259,54,230011
22341,0.001528,172.31.46.0-255,66,101325,54,230011
22342,0.001533,172.217.194.0-255,2902,104227,54,230011
22343,0.001535,172.31.46.0-255,66,104293,54,230011
22344,0.001578,172.31.46.0-255,66,104359,54,230011
22345,0.001612,172.31.46.0-255,66,104425,54,230011
22346,0.001732,172.217.194.0-255,1484,105909,54,230011
22347,0.001737,172.217.194.0-255,2902,108811,54,230011
22348,0.00174,172.31.46.0-255,66,108877,54,230011
22349,0.001747,172.217.194.0-255,4320,113197,54,230011
22350,0.001749,172.31.46.0-255,66,113263,54,230011
22351,0.001772,172.217.194.0-255,1484,114747,54,230011
22352,0.001778,172.217.194.0-255,4320,119067,54,230011
22353,0.001785,172.31.46.0-255,66,119133,54,230011
22354,0.001839,172.31.46.0-255,66,119199,54,230011
22355,0.001857,172.31.46.0-255,66,119265,54,230011
22356,0.00186,172.217.194.0-255,766,120031,54,230011
22357,0.001925,172.217.194.0-255,1484,121515,54,230011
22358,0.001929,172.31.46.0-255,66,121581,54,230011
22359,0.001934,172.217.194.0-255,2902,124483,54,230011
22360,0.001937,172.31.46.0-255,66,124549,54,230011
22361,0.00194,172.217.194.0-255,1484,126033,54,230011
22362,0.001969,172.217.194.0-255,4320,130353,54,230011
22363,0.001972,172.31.46.0-255,66,130419,54,230011
22364,0.002026,172.31.46.0-255,66,130485,54,230011
22365,0.002055,172.217.194.0-255,2902,133387,54,230011
22366,0.002058,172.31.46.0-255,66,133453,54,230011
22367,0.002075,172.31.46.0-255,66,133519,54,230011
22368,0.002078,172.217.194.0-255,1484,135003,54,230011
22369,0.002082,172.217.194.0-255,2902,137905,54,230011
22370,0.002085,172.31.46.0-255,66,137971,54,230011
22371,0.002091,172.217.194.0-255,5738,143709,54,230011
22372,0.002094,172.31.46.0-255,66,143775,54,230011
22373,0.002145,172.31.46.0-255,66,143841,54,230011
22374,0.002157,172.31.46.0-255,66,143907,54,230011
22375,0.002198,172.217.194.0-255,6438,150345,54,230011
22376,0.002201,172.31.46.0-255,66,150411,54,230011
22377,0.002213,172.31.46.0-255,66,150477,54,230011
22378,0.002232,172.31.46.0-255,66,150543,54,230011
22379,0.002263,172.217.194.0-255,6438,156981,54,230011
22380,0.002266,172.31.46.0-255,66,157047,54,230011
22381,0.002294,172.217.194.0-255,1484,158531,54,230011
22382,0.002298,172.217.194.0-255,2902,161433,54,230011
22383,0.002301,172.31.46.0-255,66,161499,54,230011
22384,0.002306,172.217.194.0-255,4320,165819,54,230011
22385,0.002308,172.31.46.0-255,66,165885,54,230011
22386,0.002311,172.217.194.0-255,1484,167369,54,230011
22387,0.002347,172.217.194.0-255,7156,174525,54,230011
22388,0.00235,172.31.46.0-255,66,174591,54,230011
22389,0.002389,172.31.46.0-255,66,174657,54,230011
22390,0.002414,172.217.194.0-255,1484,176141,54,230011
22391,0.00242,172.217.194.0-255,2902,179043,54,230011
22392,0.002423,172.31.46.0-255,66,179109,54,230011
22393,0.002429,172.217.194.0-255,5738,184847,54,230011
22394,0.002431,172.31.46.0-255,66,184913,54,230011
22395,0.002462,172.31.46.0-255,66,184979,54,230011
22396,0.002496,172.217.194.0-255,1484,186463,54,230011
22397,0.002509,172.31.46.0-255,66,186529,54,230011
22398,0.005092,172.217.194.0-255,5738,192267,54,230011
22399,0.0051,172.31.46.0-255,66,192333,54,230011
22400,0.007668,172.217.194.0-255,5738,198071,54,230011
22401,0.007676,172.31.46.0-255,66,198137,54,230011
22402,0.010245,172.217.194.0-255,5738,203875,54,230011
22403,0.010257,172.31.46.0-255,66,203941,54,230011
22404,0.01286,172.217.194.0-255,5738,209679,54,230011
22405,0.012873,172.31.46.0-255,66,209745,54,230011
22406,0.015476,172.217.194.0-255,5738,215483,54,230011
22407,0.015494,172.31.46.0-255,66,215549,54,230011
22408,0.018121,172.217.194.0-255,5738,221287,54,230011
22409,0.018138,172.31.46.0-255,66,221353,54,230011
22410,0.020725,172.217.194.0-255,5738,227091,54,230011
22411,0.020743,172.31.46.0-255,66,227157,54,230011
22412,0.023319,172.217.194.0-255,2617,229774,54,230011
22413,0.023333,172.31.46.0-255,66,229840,54,230011
22414,0.023546,172.31.46.0-255,105,229945,54,230011
22415,0.026087,172.217.194.0-255,66,230011,54,230011
22416,0.0,172.217.194.0-255,149,149,54,208752
22417,1.5e-05,172.31.46.0-255,66,215,54,208752
22418,3.9e-05,172.217.194.0-255,1484,1699,54,208752
22419,4.3e-05,172.31.46.0-255,66,1765,54,208752
22420,4.8e-05,172.217.194.0-255,2902,4667,54,208752
22421,5.1e-05,172.31.46.0-255,66,4733,54,208752
22422,6.4e-05,172.217.194.0-255,2902,7635,54,208752
22423,6.7e-05,172.31.46.0-255,66,7701,54,208752
22424,9.7e-05,172.217.194.0-255,4320,12021,54,208752
22425,0.0001,172.31.46.0-255,66,12087,54,208752
22426,0.000121,172.217.194.0-255,3471,15558,54,208752
22427,0.000124,172.31.46.0-255,66,15624,54,208752
22428,0.000135,172.31.46.0-255,66,15690,54,208752
22429,0.000153,172.217.194.0-255,2543,18233,54,208752
22430,0.000155,172.31.46.0-255,66,18299,54,208752
22431,0.000196,172.217.194.0-255,2902,21201,54,208752
22432,0.000198,172.31.46.0-255,66,21267,54,208752
22433,0.000218,172.217.194.0-255,5738,27005,54,208752
22434,0.00022,172.31.46.0-255,66,27071,54,208752
22435,0.000245,172.31.46.0-255,66,27137,54,208752
22436,0.000263,172.217.194.0-255,2902,30039,54,208752
22437,0.000265,172.31.46.0-255,66,30105,54,208752
22438,0.000294,172.31.46.0-255,66,30171,54,208752
22439,0.000332,172.217.194.0-255,379,30550,54,208752
22440,0.000334,172.31.46.0-255,66,30616,54,208752
22441,0.000378,172.217.194.0-255,98,30714,54,208752
22442,0.000381,172.31.46.0-255,66,30780,54,208752
22443,0.000436,172.217.194.0-255,1484,32264,54,208752
22444,0.000439,172.31.46.0-255,66,32330,54,208752
22445,0.000443,172.217.194.0-255,2902,35232,54,208752
22446,0.000446,172.31.46.0-255,66,35298,54,208752
22447,0.000475,172.217.194.0-255,7156,42454,54,208752
22448,0.000478,172.31.46.0-255,66,42520,54,208752
22449,0.000485,172.217.194.0-255,7156,49676,54,208752
22450,0.000487,172.31.46.0-255,66,49742,54,208752
22451,0.000524,172.217.194.0-255,1484,51226,54,208752
22452,0.000559,172.31.46.0-255,66,51292,54,208752
22453,0.00079,172.217.194.0-255,1484,52776,54,208752
22454,0.000795,172.217.194.0-255,2902,55678,54,208752
22455,0.000798,172.31.46.0-255,66,55744,54,208752
22456,0.000801,172.217.194.0-255,1484,57228,54,208752
22457,0.00082,172.217.194.0-255,4320,61548,54,208752
22458,0.000822,172.31.46.0-255,66,61614,54,208752
22459,0.000828,172.217.194.0-255,5738,67352,54,208752
22460,0.00083,172.31.46.0-255,66,67418,54,208752
22461,0.000876,172.31.46.0-255,66,67484,54,208752
22462,0.000881,172.217.194.0-255,4320,71804,54,208752
22463,0.000882,172.31.46.0-255,66,71870,54,208752
22464,0.000895,172.217.194.0-255,766,72636,54,208752
22465,0.000924,172.217.194.0-255,4320,76956,54,208752
22466,0.000927,172.31.46.0-255,66,77022,54,208752
22467,0.00094,172.217.194.0-255,1484,78506,54,208752
22468,0.000947,172.217.194.0-255,7156,85662,54,208752
22469,0.000949,172.31.46.0-255,66,85728,54,208752
22470,0.000979,172.31.46.0-255,66,85794,54,208752
22471,0.000982,172.217.194.0-255,1484,87278,54,208752
22472,0.001006,172.217.194.0-255,5020,92298,54,208752
22473,0.001009,172.31.46.0-255,66,92364,54,208752
22474,0.001034,172.217.194.0-255,1484,93848,54,208752
22475,0.001038,172.217.194.0-255,2902,96750,54,208752
22476,0.00104,172.31.46.0-255,66,96816,54,208752
22477,0.00106,172.217.194.0-255,5738,102554,54,208752
22478,0.001063,172.31.46.0-255,66,102620,54,208752
22479,0.001066,172.217.194.0-255,1484,104104,54,208752
22480,0.001089,172.31.46.0-255,66,104170,54,208752
22481,0.001109,172.217.194.0-255,2902,107072,54,208752
22482,0.001112,172.31.46.0-255,66,107138,54,208752
22483,0.001123,172.31.46.0-255,66,107204,54,208752
22484,0.001144,172.217.194.0-255,1484,108688,54,208752
22485,0.001148,172.217.194.0-255,2902,111590,54,208752
22486,0.00115,172.31.46.0-255,66,111656,54,208752
22487,0.001174,172.217.194.0-255,4320,115976,54,208752
22488,0.001177,172.31.46.0-255,66,116042,54,208752
22489,0.001186,172.217.194.0-255,1484,117526,54,208752
22490,0.001189,172.217.194.0-255,1484,119010,54,208752
22491,0.001191,172.31.46.0-255,66,119076,54,208752
22492,0.00122,172.217.194.0-255,7156,126232,54,208752
22493,0.001223,172.31.46.0-255,66,126298,54,208752
22494,0.001259,172.217.194.0-255,7156,133454,54,208752
22495,0.001262,172.31.46.0-255,66,133520,54,208752
22496,0.001288,172.31.46.0-255,66,133586,54,208752
22497,0.00133,172.31.46.0-255,66,133652,54,208752
22498,0.001341,172.217.194.0-255,7156,140808,54,208752
22499,0.001343,172.31.46.0-255,66,140874,54,208752
22500,0.001366,172.31.46.0-255,66,140940,54,208752
22501,0.001426,172.217.194.0-255,1484,142424,54,208752
22502,0.001443,172.217.194.0-255,1484,143908,54,208752
22503,0.001446,172.31.46.0-255,66,143974,54,208752
22504,0.001449,172.217.194.0-255,1484,145458,54,208752
22505,0.001463,172.217.194.0-255,1484,146942,54,208752
22506,0.001465,172.31.46.0-255,66,147008,54,208752
22507,0.00147,172.217.194.0-255,5738,152746,54,208752
22508,0.001473,172.31.46.0-255,66,152812,54,208752
22509,0.001503,172.217.194.0-255,4320,157132,54,208752
22510,0.001506,172.31.46.0-255,66,157198,54,208752
22511,0.001532,172.31.46.0-255,66,157264,54,208752
22512,0.001576,172.217.194.0-255,4320,161584,54,208752
22513,0.001578,172.31.46.0-255,66,161650,54,208752
22514,0.001599,172.217.194.0-255,5020,166670,54,208752
22515,0.001601,172.31.46.0-255,66,166736,54,208752
22516,0.001605,172.217.194.0-255,2902,169638,54,208752
22517,0.001606,172.31.46.0-255,66,169704,54,208752
22518,0.001611,172.217.194.0-255,4320,174024,54,208752
22519,0.001613,172.31.46.0-255,66,174090,54,208752
22520,0.001618,172.217.194.0-255,4320,178410,54,208752
22521,0.00162,172.31.46.0-255,66,178476,54,208752
22522,0.001634,172.217.194.0-255,4320,182796,54,208752
22523,0.001636,172.31.46.0-255,66,182862,54,208752
22524,0.001661,172.31.46.0-255,66,182928,54,208752
22525,0.001684,172.31.46.0-255,66,182994,54,208752
22526,0.001703,172.217.194.0-255,1484,184478,54,208752
22527,0.001719,172.217.194.0-255,2902,187380,54,208752
22528,0.001721,172.31.46.0-255,66,187446,54,208752
22529,0.001727,172.217.194.0-255,5738,193184,54,208752
22530,0.001729,172.31.46.0-255,66,193250,54,208752
22531,0.00175,172.217.194.0-255,4320,197570,54,208752
22532,0.001753,172.31.46.0-255,66,197636,54,208752
22533,0.001782,172.31.46.0-255,66,197702,54,208752
22534,0.001818,172.31.46.0-255,66,197768,54,208752
22535,0.001824,172.217.194.0-255,5738,203506,54,208752
22536,0.001827,172.31.46.0-255,66,203572,54,208752
22537,0.001839,172.217.194.0-255,4320,207892,54,208752
22538,0.001843,172.31.46.0-255,66,207958,54,208752
22539,0.001892,172.31.46.0-255,66,208024,54,208752
22540,0.001918,172.31.46.0-255,66,208090,54,208752
22541,0.00192,172.217.194.0-255,137,208227,54,208752
22542,0.001923,172.217.194.0-255,105,208332,54,208752
22543,0.00942,172.31.46.0-255,66,208398,54,208752
22544,0.009454,172.31.46.0-255,105,208503,54,208752
22545,0.011413,172.217.194.0-255,105,208608,54,208752
22546,0.011423,172.31.46.0-255,78,208686,54,208752
22547,0.011727,172.217.194.0-255,66,208752,54,208752
22548,0.0,172.217.194.0-255,150,150,54,217189
22549,2.3e-05,172.31.46.0-255,66,216,54,217189
22550,3e-05,172.217.194.0-255,1484,1700,54,217189
22551,3.4e-05,172.31.46.0-255,66,1766,54,217189
22552,4e-05,172.217.194.0-255,2902,4668,54,217189
22553,4.2e-05,172.31.46.0-255,66,4734,54,217189
22554,5e-05,172.217.194.0-255,7156,11890,54,217189
22555,5.3e-05,172.31.46.0-255,66,11956,54,217189
22556,5.7e-05,172.217.194.0-255,2099,14055,54,217189
22557,6e-05,172.31.46.0-255,66,14121,54,217189
22558,7.3e-05,172.31.46.0-255,66,14187,54,217189
22559,9.9e-05,172.217.194.0-255,1484,15671,54,217189
22560,0.000102,172.31.46.0-255,66,15737,54,217189
22561,0.000109,172.217.194.0-255,5379,21116,54,217189
22562,0.000112,172.31.46.0-255,66,21182,54,217189
22563,0.000419,172.217.194.0-255,1484,22666,54,217189
22564,0.000425,172.31.46.0-255,66,22732,54,217189
22565,0.000432,172.217.194.0-255,2902,25634,54,217189
22566,0.000435,172.31.46.0-255,66,25700,54,217189
22567,0.000441,172.217.194.0-255,5738,31438,54,217189
22568,0.000443,172.31.46.0-255,66,31504,54,217189
22569,0.000474,172.217.194.0-255,6797,38301,54,217189
22570,0.000477,172.31.46.0-255,66,38367,54,217189
22571,0.000509,172.217.194.0-255,7156,45523,54,217189
22572,0.000512,172.31.46.0-255,66,45589,54,217189
22573,0.000531,172.217.194.0-255,5738,51327,54,217189
22574,0.000533,172.31.46.0-255,66,51393,54,217189
22575,0.000566,172.217.194.0-255,4220,55613,54,217189
22576,0.000569,172.31.46.0-255,66,55679,54,217189
22577,0.000572,172.217.194.0-255,118,55797,54,217189
22578,0.000573,172.31.46.0-255,66,55863,54,217189
22579,0.000803,172.217.194.0-255,1484,57347,54,217189
22580,0.000818,172.217.194.0-255,2902,60249,54,217189
22581,0.000821,172.31.46.0-255,66,60315,54,217189
22582,0.000824,172.217.194.0-255,1484,61799,54,217189
22583,0.000838,172.217.194.0-255,4320,66119,54,217189
22584,0.00084,172.31.46.0-255,66,66185,54,217189
22585,0.000843,172.217.194.0-255,2902,69087,54,217189
22586,0.000845,172.31.46.0-255,66,69153,54,217189
22587,0.000871,172.217.194.0-255,4320,73473,54,217189
22588,0.000873,172.31.46.0-255,66,73539,54,217189
22589,0.000878,172.217.194.0-255,4320,77859,54,217189
22590,0.00088,172.31.46.0-255,66,77925,54,217189
22591,0.000904,172.217.194.0-255,2493,80418,54,217189
22592,0.000907,172.31.46.0-255,66,80484,54,217189
22593,0.00091,172.31.46.0-255,66,80550,54,217189
22594,0.001149,172.217.194.0-255,1484,82034,54,217189
22595,0.001156,172.217.194.0-255,2902,84936,54,217189
22596,0.001159,172.31.46.0-255,66,85002,54,217189
22597,0.001183,172.217.194.0-255,5738,90740,54,217189
22598,0.001186,172.31.46.0-255,66,90806,54,217189
22599,0.001249,172.217.194.0-255,5020,95826,54,217189
22600,0.001253,172.31.46.0-255,66,95892,54,217189
22601,0.00126,172.31.46.0-255,66,95958,54,217189
22602,0.001263,172.31.46.0-255,66,96024,54,217189
22603,0.002037,172.217.194.0-255,1484,97508,54,217189
22604,0.002048,172.217.194.0-255,2902,100410,54,217189
22605,0.002053,172.31.46.0-255,66,100476,54,217189
22606,0.00206,172.217.194.0-255,5738,106214,54,217189
22607,0.002062,172.31.46.0-255,66,106280,54,217189
22608,0.002115,172.31.46.0-255,66,106346,54,217189
22609,0.002123,172.217.194.0-255,7156,113502,54,217189
22610,0.002125,172.31.46.0-255,66,113568,54,217189
22611,0.002128,172.217.194.0-255,1484,115052,54,217189
22612,0.002166,172.217.194.0-255,1484,116536,54,217189
22613,0.002169,172.31.46.0-255,66,116602,54,217189
22614,0.002196,172.217.194.0-255,766,117368,54,217189
22615,0.002604,172.217.194.0-255,1484,118852,54,217189
22616,0.00261,172.31.46.0-255,66,118918,54,217189
22617,0.002617,172.217.194.0-255,2902,121820,54,217189
22618,0.002619,172.31.46.0-255,66,121886,54,217189
22619,0.002624,172.217.194.0-255,2902,124788,54,217189
22620,0.002626,172.31.46.0-255,66,124854,54,217189
22621,0.002643,172.217.194.0-255,2902,127756,54,217189
22622,0.002645,172.31.46.0-255,66,127822,54,217189
22623,0.002667,172.217.194.0-255,5738,133560,54,217189
22624,0.00267,172.31.46.0-255,66,133626,54,217189
22625,0.00269,172.217.194.0-255,7156,140782,54,217189
22626,0.002692,172.31.46.0-255,66,140848,54,217189
22627,0.002724,172.217.194.0-255,5738,146586,54,217189
22628,0.002726,172.31.46.0-255,66,146652,54,217189
22629,0.00274,172.217.194.0-255,5020,151672,54,217189
22630,0.002742,172.31.46.0-255,66,151738,54,217189
22631,0.003144,172.217.194.0-255,1484,153222,54,217189
22632,0.003163,172.217.194.0-255,2902,156124,54,217189
22633,0.003166,172.31.46.0-255,66,156190,54,217189
22634,0.003185,172.217.194.0-255,2902,159092,54,217189
22635,0.003188,172.31.46.0-255,66,159158,54,217189
22636,0.003196,172.217.194.0-255,7156,166314,54,217189
22637,0.0032,172.31.46.0-255,66,166380,54,217189
22638,0.003219,172.217.194.0-255,1484,167864,54,217189
22639,0.003257,172.31.46.0-255,66,167930,54,217189
22640,0.003275,172.217.194.0-255,1484,169414,54,217189
22641,0.003289,172.217.194.0-255,2184,171598,54,217189
22642,0.003292,172.31.46.0-255,66,171664,54,217189
22643,0.003428,172.217.194.0-255,1484,173148,54,217189
22644,0.003432,172.217.194.0-255,1484,174632,54,217189
22645,0.003434,172.31.46.0-255,66,174698,54,217189
22646,0.00345,172.217.194.0-255,1484,176182,54,217189
22647,0.003458,172.217.194.0-255,5738,181920,54,217189
22648,0.00346,172.31.46.0-255,66,181986,54,217189
22649,0.003476,172.217.194.0-255,4320,186306,54,217189
22650,0.003478,172.31.46.0-255,66,186372,54,217189
22651,0.003507,172.31.46.0-255,66,186438,54,217189
22652,0.003522,172.31.46.0-255,66,186504,54,217189
22653,0.003554,172.31.46.0-255,66,186570,54,217189
22654,0.003588,172.217.194.0-255,4320,190890,54,217189
22655,0.00359,172.31.46.0-255,66,190956,54,217189
22656,0.003631,172.31.46.0-255,66,191022,54,217189
22657,0.003681,172.217.194.0-255,7156,198178,54,217189
22658,0.003683,172.31.46.0-255,66,198244,54,217189
22659,0.003727,172.31.46.0-255,66,198310,54,217189
22660,0.003751,172.31.46.0-255,66,198376,54,217189
22661,0.003765,172.31.46.0-255,66,198442,54,217189
22662,0.003787,172.31.46.0-255,66,198508,54,217189
22663,0.003809,172.217.194.0-255,5020,203528,54,217189
22664,0.003811,172.31.46.0-255,66,203594,54,217189
22665,0.003814,172.217.194.0-255,1484,205078,54,217189
22666,0.003819,172.217.194.0-255,2902,207980,54,217189
22667,0.003821,172.31.46.0-255,66,208046,54,217189
22668,0.003828,172.217.194.0-255,5738,213784,54,217189
22669,0.00383,172.31.46.0-255,66,213850,54,217189
22670,0.003855,172.217.194.0-255,2931,216781,54,217189
22671,0.003857,172.31.46.0-255,66,216847,54,217189
22672,0.003898,172.217.194.0-255,105,216952,54,217189
22673,0.007886,172.31.46.0-255,66,217018,54,217189
22674,0.007931,172.31.46.0-255,105,217123,54,217189
22675,0.009949,172.217.194.0-255,66,217189,54,217189
22676,0.0,74.125.130.0-255,146,146,54,207569
22677,2.1e-05,172.31.46.0-255,66,212,54,207569
22678,2.8e-05,74.125.130.0-255,1484,1696,54,207569
22679,3.2e-05,172.31.46.0-255,66,1762,54,207569
22680,3.8e-05,74.125.130.0-255,2902,4664,54,207569
22681,4e-05,172.31.46.0-255,66,4730,54,207569
22682,5.8e-05,74.125.130.0-255,2902,7632,54,207569
22683,6e-05,172.31.46.0-255,66,7698,54,207569
22684,7.8e-05,74.125.130.0-255,4320,12018,54,207569
22685,8.1e-05,172.31.46.0-255,66,12084,54,207569
22686,9.8e-05,74.125.130.0-255,1484,13568,54,207569
22687,0.000101,172.31.46.0-255,66,13634,54,207569
22688,0.00012,74.125.130.0-255,7156,20790,54,207569
22689,0.000123,172.31.46.0-255,66,20856,54,207569
22690,0.000139,74.125.130.0-255,3501,24357,54,207569
22691,0.000142,172.31.46.0-255,66,24423,54,207569
22692,0.000196,74.125.130.0-255,2902,27325,54,207569
22693,0.000198,172.31.46.0-255,66,27391,54,207569
22694,0.000216,74.125.130.0-255,1484,28875,54,207569
22695,0.000218,172.31.46.0-255,66,28941,54,207569
22696,0.000231,74.125.130.0-255,2543,31484,54,207569
22697,0.000233,172.31.46.0-255,66,31550,54,207569
22698,0.000751,74.125.130.0-255,1484,33034,54,207569
22699,0.000757,172.31.46.0-255,66,33100,54,207569
22700,0.000765,74.125.130.0-255,2902,36002,54,207569
22701,0.000767,172.31.46.0-255,66,36068,54,207569
22702,0.000784,74.125.130.0-255,4320,40388,54,207569
22703,0.000787,172.31.46.0-255,66,40454,54,207569
22704,0.000841,172.31.46.0-255,66,40520,54,207569
22705,0.000882,74.125.130.0-255,5738,46258,54,207569
22706,0.000885,172.31.46.0-255,66,46324,54,207569
22707,0.000901,74.125.130.0-255,4320,50644,54,207569
22708,0.000904,172.31.46.0-255,66,50710,54,207569
22709,0.000964,74.125.130.0-255,5632,56342,54,207569
22710,0.000967,172.31.46.0-255,66,56408,54,207569
22711,0.000986,74.125.130.0-255,117,56525,54,207569
22712,0.001453,74.125.130.0-255,1484,58009,54,207569
22713,0.001462,172.31.46.0-255,66,58075,54,207569
22714,0.001469,74.125.130.0-255,2902,60977,54,207569
22715,0.001471,172.31.46.0-255,66,61043,54,207569
22716,0.001475,74.125.130.0-255,1484,62527,54,207569
22717,0.00148,74.125.130.0-255,2902,65429,54,207569
22718,0.001484,172.31.46.0-255,66,65495,54,207569
22719,0.001507,74.125.130.0-255,5738,71233,54,207569
22720,0.00151,172.31.46.0-255,66,71299,54,207569
22721,0.001547,74.125.130.0-255,4320,75619,54,207569
22722,0.00155,172.31.46.0-255,66,75685,54,207569
22723,0.001568,74.125.130.0-255,5738,81423,54,207569
22724,0.001571,172.31.46.0-255,66,81489,54,207569
22725,0.001625,74.125.130.0-255,1484,82973,54,207569
22726,0.001646,172.31.46.0-255,66,83039,54,207569
22727,0.001701,74.125.130.0-255,1484,84523,54,207569
22728,0.001717,74.125.130.0-255,2902,87425,54,207569
22729,0.00172,172.31.46.0-255,66,87491,54,207569
22730,0.001738,74.125.130.0-255,1484,88975,54,207569
22731,0.001755,74.125.130.0-255,4320,93295,54,207569
22732,0.001758,172.31.46.0-255,66,93361,54,207569
22733,0.001782,74.125.130.0-255,1484,94845,54,207569
22734,0.001803,74.125.130.0-255,5738,100583,54,207569
22735,0.001805,172.31.46.0-255,66,100649,54,207569
22736,0.001819,74.125.130.0-255,2902,103551,54,207569
22737,0.001822,172.31.46.0-255,66,103617,54,207569
22738,0.001866,74.125.130.0-255,2902,106519,54,207569
22739,0.001869,172.31.46.0-255,66,106585,54,207569
22740,0.0019,172.31.46.0-255,66,106651,54,207569
22741,0.001977,74.125.130.0-255,4320,110971,54,207569
22742,0.001979,172.31.46.0-255,66,111037,54,207569
22743,0.002009,172.31.46.0-255,66,111103,54,207569
22744,0.002092,74.125.130.0-255,1484,112587,54,207569
22745,0.002108,74.125.130.0-255,4320,116907,54,207569
22746,0.002111,172.31.46.0-255,66,116973,54,207569
22747,0.002141,74.125.130.0-255,2902,119875,54,207569
22748,0.002143,172.31.46.0-255,66,119941,54,207569
22749,0.002174,172.31.46.0-255,66,120007,54,207569
22750,0.002246,74.125.130.0-255,2902,122909,54,207569
22751,0.002249,172.31.46.0-255,66,122975,54,207569
22752,0.002312,172.31.46.0-255,66,123041,54,207569
22753,0.00235,172.31.46.0-255,66,123107,54,207569
22754,0.002541,74.125.130.0-255,7156,130263,54,207569
22755,0.002544,172.31.46.0-255,66,130329,54,207569
22756,0.002567,74.125.130.0-255,7156,137485,54,207569
22757,0.002652,74.125.130.0-255,4320,141805,54,207569
22758,0.002689,74.125.130.0-255,502,142307,54,207569
22759,0.002788,74.125.130.0-255,7156,149463,54,207569
22760,0.006587,172.31.46.0-255,66,149529,54,207569
22761,0.008815,74.125.130.0-255,5738,155267,54,207569
22762,0.008825,172.31.46.0-255,66,155333,54,207569
22763,0.011073,74.125.130.0-255,5738,161071,54,207569
22764,0.01108,172.31.46.0-255,66,161137,54,207569
22765,0.013306,74.125.130.0-255,5738,166875,54,207569
22766,0.01332,172.31.46.0-255,66,166941,54,207569
22767,0.015552,74.125.130.0-255,5738,172679,54,207569
22768,0.01556,172.31.46.0-255,66,172745,54,207569
22769,0.017797,74.125.130.0-255,5738,178483,54,207569
22770,0.017812,172.31.46.0-255,66,178549,54,207569
22771,0.020045,74.125.130.0-255,5738,184287,54,207569
22772,0.020054,172.31.46.0-255,66,184353,54,207569
22773,0.022283,74.125.130.0-255,5738,190091,54,207569
22774,0.022292,172.31.46.0-255,66,190157,54,207569
22775,0.024522,74.125.130.0-255,5738,195895,54,207569
22776,0.024529,172.31.46.0-255,66,195961,54,207569
22777,0.026755,74.125.130.0-255,5738,201699,54,207569
22778,0.026763,172.31.46.0-255,66,201765,54,207569
22779,0.029,74.125.130.0-255,5738,207503,54,207569
22780,0.029007,172.31.46.0-255,66,207569,54,207569
22781,0.0,74.125.24.0-255,298,298,54,169393
22782,3.4e-05,172.31.46.0-255,66,364,54,169393
22783,4.2e-05,74.125.24.0-255,1484,1848,54,169393
22784,4.6e-05,172.31.46.0-255,66,1914,54,169393
22785,6.2e-05,74.125.24.0-255,4320,6234,54,169393
22786,6.5e-05,172.31.46.0-255,66,6300,54,169393
22787,7.1e-05,74.125.24.0-255,4320,10620,54,169393
22788,7.5e-05,172.31.46.0-255,66,10686,54,169393
22789,9.2e-05,172.31.46.0-255,66,10752,54,169393
22790,0.0001,74.125.24.0-255,6797,17549,54,169393
22791,0.000105,172.31.46.0-255,66,17615,54,169393
22792,0.000153,74.125.24.0-255,7156,24771,54,169393
22793,0.000157,172.31.46.0-255,66,24837,54,169393
22794,0.000173,172.31.46.0-255,66,24903,54,169393
22795,0.000176,74.125.24.0-255,1125,26028,54,169393
22796,0.000178,172.31.46.0-255,66,26094,54,169393
22797,0.000889,74.125.24.0-255,1484,27578,54,169393
22798,0.000897,172.31.46.0-255,66,27644,54,169393
22799,0.000904,74.125.24.0-255,2902,30546,54,169393
22800,0.000906,172.31.46.0-255,66,30612,54,169393
22801,0.000917,74.125.24.0-255,5738,36350,54,169393
22802,0.000919,172.31.46.0-255,66,36416,54,169393
22803,0.000959,74.125.24.0-255,6797,43213,54,169393
22804,0.000964,172.31.46.0-255,66,43279,54,169393
22805,0.001212,74.125.24.0-255,1484,44763,54,169393
22806,0.001219,172.31.46.0-255,66,44829,54,169393
22807,0.001225,74.125.24.0-255,2902,47731,54,169393
22808,0.001227,172.31.46.0-255,66,47797,54,169393
22809,0.001264,74.125.24.0-255,4320,52117,54,169393
22810,0.001267,172.31.46.0-255,66,52183,54,169393
22811,0.001274,74.125.24.0-255,5738,57921,54,169393
22812,0.001323,74.125.24.0-255,3123,61044,54,169393
22813,0.001329,74.125.24.0-255,4320,65364,54,169393
22814,0.001333,74.125.24.0-255,2902,68266,54,169393
22815,0.001362,74.125.24.0-255,5738,74004,54,169393
22816,0.001379,74.125.24.0-255,2902,76906,54,169393
22817,0.001382,74.125.24.0-255,1125,78031,54,169393
22818,0.001505,74.125.24.0-255,1484,79515,54,169393
22819,0.001512,74.125.24.0-255,2902,82417,54,169393
22820,0.001515,74.125.24.0-255,1484,83901,54,169393
22821,0.001536,74.125.24.0-255,4320,88221,54,169393
22822,0.00164,74.125.24.0-255,6438,94659,54,169393
22823,0.001663,74.125.24.0-255,1484,96143,54,169393
22824,0.001675,74.125.24.0-255,2902,99045,54,169393
22825,0.001693,74.125.24.0-255,1484,100529,54,169393
22826,0.001697,74.125.24.0-255,2902,103431,54,169393
22827,0.001703,74.125.24.0-255,4320,107751,54,169393
22828,0.001714,74.125.24.0-255,1484,109235,54,169393
22829,0.001719,74.125.24.0-255,2902,112137,54,169393
22830,0.001766,74.125.24.0-255,6438,118575,54,169393
22831,0.002504,74.125.24.0-255,1484,120059,54,169393
22832,0.002512,74.125.24.0-255,2902,122961,54,169393
22833,0.002519,74.125.24.0-255,5738,128699,54,169393
22834,0.009112,172.31.46.0-255,66,128765,54,169393
22835,0.011685,74.125.24.0-255,5738,134503,54,169393
22836,0.011701,172.31.46.0-255,66,134569,54,169393
22837,0.014213,74.125.24.0-255,5738,140307,54,169393
22838,0.016755,172.31.46.0-255,66,140373,54,169393
22839,0.019267,74.125.24.0-255,5738,146111,54,169393
22840,0.019279,172.31.46.0-255,66,146177,54,169393
22841,0.021767,74.125.24.0-255,5738,151915,54,169393
22842,0.021774,172.31.46.0-255,66,151981,54,169393
22843,0.024286,74.125.24.0-255,5738,157719,54,169393
22844,0.024303,172.31.46.0-255,66,157785,54,169393
22845,0.026885,74.125.24.0-255,5738,163523,54,169393
22846,0.026903,172.31.46.0-255,66,163589,54,169393
22847,0.02945,74.125.24.0-255,5738,169327,54,169393
22848,0.029458,172.31.46.0-255,66,169393,54,169393
22849,0.0,172.217.194.0-255,146,146,54,230774
22850,1.6e-05,172.31.46.0-255,66,212,54,230774
22851,2.3e-05,172.217.194.0-255,1484,1696,54,230774
22852,2.7e-05,172.31.46.0-255,66,1762,54,230774
22853,3.2e-05,172.217.194.0-255,2902,4664,54,230774
22854,3.5e-05,172.31.46.0-255,66,4730,54,230774
22855,7e-05,172.217.194.0-255,7156,11886,54,230774
22856,7.3e-05,172.31.46.0-255,66,11952,54,230774
22857,7.6e-05,172.217.194.0-255,1484,13436,54,230774
22858,7.8e-05,172.31.46.0-255,66,13502,54,230774
22859,9.9e-05,172.217.194.0-255,6298,19800,54,230774
22860,0.000101,172.31.46.0-255,66,19866,54,230774
22861,0.000114,172.31.46.0-255,66,19932,54,230774
22862,0.000423,172.217.194.0-255,1484,21416,54,230774
22863,0.000429,172.31.46.0-255,66,21482,54,230774
22864,0.000435,172.217.194.0-255,2902,24384,54,230774
22865,0.000438,172.31.46.0-255,66,24450,54,230774
22866,0.000467,172.217.194.0-255,5738,30188,54,230774
22867,0.000471,172.31.46.0-255,66,30254,54,230774
22868,0.000476,172.217.194.0-255,4320,34574,54,230774
22869,0.000479,172.31.46.0-255,66,34640,54,230774
22870,0.000506,172.217.194.0-255,1484,36124,54,230774
22871,0.000508,172.31.46.0-255,66,36190,54,230774
22872,0.000545,172.217.194.0-255,5738,41928,54,230774
22873,0.00055,172.31.46.0-255,66,41994,54,230774
22874,0.000553,172.31.46.0-255,66,42060,54,230774
22875,0.000582,172.217.194.0-255,1379,43439,54,230774
22876,0.000585,172.31.46.0-255,66,43505,54,230774
22877,0.000588,172.217.194.0-255,119,43624,54,230774
22878,0.00059,172.31.46.0-255,66,43690,54,230774
22879,0.000698,172.217.194.0-255,1484,45174,54,230774
22880,0.000705,172.217.194.0-255,2902,48076,54,230774
22881,0.000708,172.31.46.0-255,66,48142,54,230774
22882,0.000711,172.217.194.0-255,1484,49626,54,230774
22883,0.000731,172.217.194.0-255,4320,53946,54,230774
22884,0.000733,172.31.46.0-255,66,54012,54,230774
22885,0.000738,172.217.194.0-255,4320,58332,54,230774
22886,0.00074,172.31.46.0-255,66,58398,54,230774
22887,0.000758,172.217.194.0-255,5738,64136,54,230774
22888,0.00076,172.31.46.0-255,66,64202,54,230774
22889,0.000777,172.217.194.0-255,5738,69940,54,230774
22890,0.00078,172.31.46.0-255,66,70006,54,230774
22891,0.000786,172.217.194.0-255,5738,75744,54,230774
22892,0.000789,172.31.46.0-255,66,75810,54,230774
22893,0.000803,172.217.194.0-255,2184,77994,54,230774
22894,0.000805,172.31.46.0-255,66,78060,54,230774
22895,0.000813,172.217.194.0-255,7156,85216,54,230774
22896,0.000815,172.31.46.0-255,66,85282,54,230774
22897,0.000841,172.217.194.0-255,1484,86766,54,230774
22898,0.000852,172.31.46.0-255,66,86832,54,230774
22899,0.00088,172.217.194.0-255,2902,89734,54,230774
22900,0.000883,172.31.46.0-255,66,89800,54,230774
22901,0.000889,172.217.194.0-255,4320,94120,54,230774
22902,0.000891,172.31.46.0-255,66,94186,54,230774
22903,0.000921,172.31.46.0-255,66,94252,54,230774
22904,0.000924,172.217.194.0-255,1125,95377,54,230774
22905,0.00168,172.217.194.0-255,1484,96861,54,230774
22906,0.001686,172.31.46.0-255,66,96927,54,230774
22907,0.001692,172.217.194.0-255,2902,99829,54,230774
22908,0.001694,172.31.46.0-255,66,99895,54,230774
22909,0.001701,172.217.194.0-255,5738,105633,54,230774
22910,0.001703,172.31.46.0-255,66,105699,54,230774
22911,0.001709,172.217.194.0-255,4320,110019,54,230774
22912,0.001711,172.31.46.0-255,66,110085,54,230774
22913,0.001751,172.31.46.0-255,66,110151,54,230774
22914,0.001756,172.217.194.0-255,2902,113053,54,230774
22915,0.001757,172.31.46.0-255,66,113119,54,230774
22916,0.001777,172.217.194.0-255,5020,118139,54,230774
22917,0.001779,172.31.46.0-255,66,118205,54,230774
22918,0.002112,172.217.194.0-255,1484,119689,54,230774
22919,0.00212,172.217.194.0-255,2902,122591,54,230774
22920,0.002124,172.31.46.0-255,66,122657,54,230774
22921,0.002148,172.217.194.0-255,2902,125559,54,230774
22922,0.00215,172.31.46.0-255,66,125625,54,230774
22923,0.002169,172.217.194.0-255,2902,128527,54,230774
22924,0.002171,172.31.46.0-255,66,128593,54,230774
22925,0.002178,172.217.194.0-255,5738,134331,54,230774
22926,0.00218,172.31.46.0-255,66,134397,54,230774
22927,0.002186,172.217.194.0-255,4320,138717,54,230774
22928,0.002188,172.31.46.0-255,66,138783,54,230774
22929,0.002216,172.31.46.0-255,66,138849,54,230774
22930,0.002222,172.217.194.0-255,5020,143869,54,230774
22931,0.002224,172.31.46.0-255,66,143935,54,230774
22932,0.002253,172.217.194.0-255,5738,149673,54,230774
22933,0.002255,172.31.46.0-255,66,149739,54,230774
22934,0.002267,172.31.46.0-255,66,149805,54,230774
22935,0.002282,172.217.194.0-255,2902,152707,54,230774
22936,0.002284,172.31.46.0-255,66,152773,54,230774
22937,0.002289,172.217.194.0-255,4320,157093,54,230774
22938,0.002291,172.31.46.0-255,66,157159,54,230774
22939,0.002329,172.31.46.0-255,66,157225,54,230774
22940,0.002332,172.217.194.0-255,766,157991,54,230774
22941,0.002358,172.217.194.0-255,2902,160893,54,230774
22942,0.002361,172.31.46.0-255,66,160959,54,230774
22943,0.002382,172.217.194.0-255,5738,166697,54,230774
22944,0.002384,172.31.46.0-255,66,166763,54,230774
22945,0.004707,172.217.194.0-255,5738,172501,54,230774
22946,0.004715,172.31.46.0-255,66,172567,54,230774
22947,0.00704,172.217.194.0-255,5738,178305,54,230774
22948,0.007046,172.31.46.0-255,66,178371,54,230774
22949,0.00946,172.217.194.0-255,5738,184109,54,230774
22950,0.009466,172.31.46.0-255,66,184175,54,230774
22951,0.01184,172.217.194.0-255,5738,189913,54,230774
22952,0.011851,172.31.46.0-255,66,189979,54,230774
22953,0.014209,172.217.194.0-255,5738,195717,54,230774
22954,0.014218,172.31.46.0-255,66,195783,54,230774
22955,0.014704,172.31.46.0-255,101,195884,54,230774
22956,0.016564,172.217.194.0-255,5738,201622,54,230774
22957,0.016572,172.31.46.0-255,66,201688,54,230774
22958,0.01699,172.217.194.0-255,66,201754,54,230774
22959,0.018937,172.217.194.0-255,5738,207492,54,230774
22960,0.018945,172.31.46.0-255,66,207558,54,230774
22961,0.021282,172.217.194.0-255,5738,213296,54,230774
22962,0.021289,172.31.46.0-255,66,213362,54,230774
22963,0.023669,172.217.194.0-255,5738,219100,54,230774
22964,0.023676,172.31.46.0-255,66,219166,54,230774
22965,0.026024,172.217.194.0-255,5738,224904,54,230774
22966,0.026031,172.31.46.0-255,66,224970,54,230774
22967,0.028381,172.217.194.0-255,5738,230708,54,230774
22968,0.028387,172.31.46.0-255,66,230774,54,230774
22969,0.0,172.217.194.0-255,153,153,54,168829
22970,2e-05,172.31.46.0-255,66,219,54,168829
22971,2.7e-05,172.217.194.0-255,1484,1703,54,168829
22972,3.1e-05,172.31.46.0-255,66,1769,54,168829
22973,4.7e-05,172.217.194.0-255,2902,4671,54,168829
22974,5.1e-05,172.31.46.0-255,66,4737,54,168829
22975,5.8e-05,172.217.194.0-255,7156,11893,54,168829
22976,6.2e-05,172.31.46.0-255,66,11959,54,168829
22977,6.4e-05,172.217.194.0-255,1484,13443,54,168829
22978,6.7e-05,172.31.46.0-255,66,13509,54,168829
22979,0.000116,172.31.46.0-255,66,13575,54,168829
22980,0.000124,172.217.194.0-255,6797,20372,54,168829
22981,0.000126,172.31.46.0-255,66,20438,54,168829
22982,0.000175,172.217.194.0-255,2902,23340,54,168829
22983,0.000178,172.31.46.0-255,66,23406,54,168829
22984,0.000183,172.217.194.0-255,4320,27726,54,168829
22985,0.000186,172.31.46.0-255,66,27792,54,168829
22986,0.000224,172.31.46.0-255,66,27858,54,168829
22987,0.000243,172.31.46.0-255,66,27924,54,168829
22988,0.00027,172.217.194.0-255,4215,32139,54,168829
22989,0.000272,172.31.46.0-255,66,32205,54,168829
22990,0.001027,172.217.194.0-255,114,32319,54,168829
22991,0.001032,172.31.46.0-255,66,32385,54,168829
22992,0.001071,172.217.194.0-255,1484,33869,54,168829
22993,0.001074,172.31.46.0-255,66,33935,54,168829
22994,0.001091,172.217.194.0-255,2902,36837,54,168829
22995,0.0011,172.31.46.0-255,66,36903,54,168829
22996,0.001107,172.217.194.0-255,5738,42641,54,168829
22997,0.00111,172.31.46.0-255,66,42707,54,168829
22998,0.001139,172.217.194.0-255,7156,49863,54,168829
22999,0.001142,172.31.46.0-255,66,49929,54,168829
23000,0.001202,172.217.194.0-255,1484,51413,54,168829
23001,0.001228,172.217.194.0-255,1484,52897,54,168829
23002,0.001232,172.31.46.0-255,66,52963,54,168829
23003,0.00124,172.217.194.0-255,766,53729,54,168829
23004,0.001242,172.31.46.0-255,66,53795,54,168829
23005,0.001258,172.31.46.0-255,66,53861,54,168829
23006,0.001299,172.31.46.0-255,66,53927,54,168829
23007,0.001318,172.31.46.0-255,66,53993,54,168829
23008,0.001325,172.217.194.0-255,7156,61149,54,168829
23009,0.001328,172.31.46.0-255,66,61215,54,168829
23010,0.001372,172.31.46.0-255,66,61281,54,168829
23011,0.001388,172.31.46.0-255,66,61347,54,168829
23012,0.001466,172.217.194.0-255,1484,62831,54,168829
23013,0.001473,172.217.194.0-255,2902,65733,54,168829
23014,0.001476,172.31.46.0-255,66,65799,54,168829
23015,0.001507,172.217.194.0-255,5738,71537,54,168829
23016,0.00151,172.31.46.0-255,66,71603,54,168829
23017,0.001515,172.217.194.0-255,4320,75923,54,168829
23018,0.001518,172.31.46.0-255,66,75989,54,168829
23019,0.001554,172.31.46.0-255,66,76055,54,168829
23020,0.001591,172.31.46.0-255,66,76121,54,168829
23021,0.001709,172.217.194.0-255,1484,77605,54,168829
23022,0.001715,172.217.194.0-255,2902,80507,54,168829
23023,0.001718,172.31.46.0-255,66,80573,54,168829
23024,0.001721,172.217.194.0-255,1484,82057,54,168829
23025,0.001746,172.217.194.0-255,4320,86377,54,168829
23026,0.001762,172.217.194.0-255,4320,90697,54,168829
23027,0.001767,172.31.46.0-255,66,90763,54,168829
23028,0.00177,172.31.46.0-255,66,90829,54,168829
23029,0.001778,172.31.46.0-255,66,90895,54,168829
23030,0.001787,172.217.194.0-255,4320,95215,54,168829
23031,0.001792,172.31.46.0-255,66,95281,54,168829
23032,0.00182,172.217.194.0-255,2184,97465,54,168829
23033,0.001823,172.31.46.0-255,66,97531,54,168829
23034,0.004037,172.217.194.0-255,2902,100433,54,168829
23035,0.004045,172.31.46.0-255,66,100499,54,168829
23036,0.004084,172.217.194.0-255,2902,103401,54,168829
23037,0.004086,172.31.46.0-255,66,103467,54,168829
23038,0.006282,172.217.194.0-255,2902,106369,54,168829
23039,0.006286,172.31.46.0-255,66,106435,54,168829
23040,0.006338,172.217.194.0-255,1484,107919,54,168829
23041,0.006353,172.217.194.0-255,1484,109403,54,168829
23042,0.006355,172.31.46.0-255,66,109469,54,168829
23043,0.008548,172.217.194.0-255,2902,112371,54,168829
23044,0.008554,172.31.46.0-255,66,112437,54,168829
23045,0.008606,172.217.194.0-255,2902,115339,54,168829
23046,0.008609,172.31.46.0-255,66,115405,54,168829
23047,0.010852,172.217.194.0-255,2902,118307,54,168829
23048,0.010859,172.31.46.0-255,66,118373,54,168829
23049,0.010889,172.217.194.0-255,2902,121275,54,168829
23050,0.010892,172.31.46.0-255,66,121341,54,168829
23051,0.013107,172.217.194.0-255,2902,124243,54,168829
23052,0.013116,172.31.46.0-255,66,124309,54,168829
23053,0.013138,172.217.194.0-255,2902,127211,54,168829
23054,0.013142,172.31.46.0-255,66,127277,54,168829
23055,0.015413,172.217.194.0-255,2902,130179,54,168829
23056,0.015422,172.31.46.0-255,66,130245,54,168829
23057,0.015456,172.217.194.0-255,2902,133147,54,168829
23058,0.015459,172.31.46.0-255,66,133213,54,168829
23059,0.017677,172.217.194.0-255,2902,136115,54,168829
23060,0.017686,172.31.46.0-255,66,136181,54,168829
23061,0.017719,172.217.194.0-255,2902,139083,54,168829
23062,0.017722,172.31.46.0-255,66,139149,54,168829
23063,0.019942,172.217.194.0-255,2902,142051,54,168829
23064,0.019949,172.31.46.0-255,66,142117,54,168829
23065,0.01998,172.217.194.0-255,2902,145019,54,168829
23066,0.019982,172.31.46.0-255,66,145085,54,168829
23067,0.022196,172.217.194.0-255,2902,147987,54,168829
23068,0.022205,172.31.46.0-255,66,148053,54,168829
23069,0.022236,172.217.194.0-255,2902,150955,54,168829
23070,0.022239,172.31.46.0-255,66,151021,54,168829
23071,0.024476,172.217.194.0-255,2902,153923,54,168829
23072,0.024484,172.31.46.0-255,66,153989,54,168829
23073,0.024514,172.217.194.0-255,2902,156891,54,168829
23074,0.024516,172.31.46.0-255,66,156957,54,168829
23075,0.02675,172.217.194.0-255,2902,159859,54,168829
23076,0.026757,172.31.46.0-255,66,159925,54,168829
23077,0.026788,172.217.194.0-255,2902,162827,54,168829
23078,0.026791,172.31.46.0-255,66,162893,54,168829
23079,0.029026,172.217.194.0-255,2902,165795,54,168829
23080,0.029033,172.31.46.0-255,66,165861,54,168829
23081,0.029062,172.217.194.0-255,2902,168763,54,168829
23082,0.029064,172.31.46.0-255,66,168829,54,168829
23083,0.0,74.125.24.0-255,146,146,54,196575
23084,1.9e-05,172.31.46.0-255,66,212,54,196575
23085,2.6e-05,74.125.24.0-255,1484,1696,54,196575
23086,3e-05,172.31.46.0-255,66,1762,54,196575
23087,3.4e-05,74.125.24.0-255,1484,3246,54,196575
23088,4.4e-05,172.31.46.0-255,66,3312,54,196575
23089,9.1e-05,74.125.24.0-255,1484,4796,54,196575
23090,9.6e-05,172.31.46.0-255,66,4862,54,196575
23091,0.000105,74.125.24.0-255,7156,12018,54,196575
23092,0.000108,172.31.46.0-255,66,12084,54,196575
23093,0.000122,172.31.46.0-255,66,12150,54,196575
23094,0.000129,74.125.24.0-255,6797,18947,54,196575
23095,0.000131,172.31.46.0-255,66,19013,54,196575
23096,0.000243,74.125.24.0-255,1484,20497,54,196575
23097,0.000247,172.31.46.0-255,66,20563,54,196575
23098,0.000253,74.125.24.0-255,2902,23465,54,196575
23099,0.000255,172.31.46.0-255,66,23531,54,196575
23100,0.00026,74.125.24.0-255,2902,26433,54,196575
23101,0.000268,172.31.46.0-255,66,26499,54,196575
23102,0.00031,74.125.24.0-255,2902,29401,54,196575
23103,0.000313,172.31.46.0-255,66,29467,54,196575
23104,0.000331,172.31.46.0-255,66,29533,54,196575
23105,0.000343,172.31.46.0-255,66,29599,54,196575
23106,0.000346,74.125.24.0-255,400,29999,54,196575
23107,0.000348,172.31.46.0-255,66,30065,54,196575
23108,0.000442,74.125.24.0-255,111,30176,54,196575
23109,0.000445,172.31.46.0-255,66,30242,54,196575
23110,0.000648,74.125.24.0-255,1484,31726,54,196575
23111,0.000654,172.31.46.0-255,66,31792,54,196575
23112,0.000659,74.125.24.0-255,2902,34694,54,196575
23113,0.000661,172.31.46.0-255,66,34760,54,196575
23114,0.000665,74.125.24.0-255,1484,36244,54,196575
23115,0.000672,172.31.46.0-255,66,36310,54,196575
23116,0.000706,74.125.24.0-255,4320,40630,54,196575
23117,0.00071,172.31.46.0-255,66,40696,54,196575
23118,0.000728,172.31.46.0-255,66,40762,54,196575
23119,0.000732,74.125.24.0-255,4320,45082,54,196575
23120,0.000735,172.31.46.0-255,66,45148,54,196575
23121,0.000758,74.125.24.0-255,2902,48050,54,196575
23122,0.000763,172.31.46.0-255,66,48116,54,196575
23123,0.000779,74.125.24.0-255,3602,51718,54,196575
23124,0.000786,172.31.46.0-255,66,51784,54,196575
23125,0.000878,74.125.24.0-255,1484,53268,54,196575
23126,0.000882,172.31.46.0-255,66,53334,54,196575
23127,0.000886,74.125.24.0-255,1484,54818,54,196575
23128,0.000888,172.31.46.0-255,66,54884,54,196575
23129,0.00091,74.125.24.0-255,1484,56368,54,196575
23130,0.00092,74.125.24.0-255,5738,62106,54,196575
23131,0.000926,74.125.24.0-255,7156,69262,54,196575
23132,0.000933,172.31.46.0-255,66,69328,54,196575
23133,0.000936,172.31.46.0-255,66,69394,54,196575
23134,0.000939,172.31.46.0-255,66,69460,54,196575
23135,0.000971,172.31.46.0-255,66,69526,54,196575
23136,0.000976,74.125.24.0-255,2902,72428,54,196575
23137,0.000979,172.31.46.0-255,66,72494,54,196575
23138,0.001008,74.125.24.0-255,5020,77514,54,196575
23139,0.001012,172.31.46.0-255,66,77580,54,196575
23140,0.001023,74.125.24.0-255,1484,79064,54,196575
23141,0.001029,172.31.46.0-255,66,79130,54,196575
23142,0.001034,74.125.24.0-255,2902,82032,54,196575
23143,0.001036,172.31.46.0-255,66,82098,54,196575
23144,0.00104,74.125.24.0-255,1484,83582,54,196575
23145,0.001042,172.31.46.0-255,66,83648,54,196575
23146,0.001069,74.125.24.0-255,4320,87968,54,196575
23147,0.001071,172.31.46.0-255,66,88034,54,196575
23148,0.001087,172.31.46.0-255,66,88100,54,196575
23149,0.001099,172.31.46.0-255,66,88166,54,196575
23150,0.001128,74.125.24.0-255,1484,89650,54,196575
23151,0.001131,172.31.46.0-255,66,89716,54,196575
23152,0.001135,74.125.24.0-255,2184,91900,54,196575
23153,0.001137,172.31.46.0-255,66,91966,54,196575
23154,0.001224,74.125.24.0-255,1484,93450,54,196575
23155,0.001228,172.31.46.0-255,66,93516,54,196575
23156,0.001246,74.125.24.0-255,2902,96418,54,196575
23157,0.00125,172.31.46.0-255,66,96484,54,196575
23158,0.001253,74.125.24.0-255,1484,97968,54,196575
23159,0.001277,74.125.24.0-255,4320,102288,54,196575
23160,0.001362,172.31.46.0-255,66,102354,54,196575
23161,0.001369,74.125.24.0-255,1484,103838,54,196575
23162,0.001378,172.31.46.0-255,66,103904,54,196575
23163,0.001432,74.125.24.0-255,1484,105388,54,196575
23164,0.001451,74.125.24.0-255,6701,112089,54,196575
23165,0.00148,172.31.46.0-255,66,112155,54,196575
23166,0.002069,74.125.24.0-255,1484,113639,54,196575
23167,0.002075,74.125.24.0-255,2902,116541,54,196575
23168,0.002079,172.31.46.0-255,66,116607,54,196575
23169,0.002084,74.125.24.0-255,2902,119509,54,196575
23170,0.002088,172.31.46.0-255,66,119575,54,196575
23171,0.002112,74.125.24.0-255,7156,126731,54,196575
23172,0.002121,172.31.46.0-255,66,126797,54,196575
23173,0.002142,74.125.24.0-255,5738,132535,54,196575
23174,0.002172,74.125.24.0-255,3602,136137,54,196575
23175,0.008029,172.31.46.0-255,66,136203,54,196575
23176,0.010264,74.125.24.0-255,5738,141941,54,196575
23177,0.01027,172.31.46.0-255,66,142007,54,196575
23178,0.012528,74.125.24.0-255,5738,147745,54,196575
23179,0.012536,172.31.46.0-255,66,147811,54,196575
23180,0.014812,74.125.24.0-255,5738,153549,54,196575
23181,0.014819,172.31.46.0-255,66,153615,54,196575
23182,0.017037,74.125.24.0-255,5738,159353,54,196575
23183,0.017048,172.31.46.0-255,66,159419,54,196575
23184,0.019296,74.125.24.0-255,5738,165157,54,196575
23185,0.019304,172.31.46.0-255,66,165223,54,196575
23186,0.021552,74.125.24.0-255,5738,170961,54,196575
23187,0.021559,172.31.46.0-255,66,171027,54,196575
23188,0.023793,74.125.24.0-255,5738,176765,54,196575
23189,0.0238,172.31.46.0-255,66,176831,54,196575
23190,0.026063,74.125.24.0-255,5738,182569,54,196575
23191,0.026071,172.31.46.0-255,66,182635,54,196575
23192,0.026457,172.31.46.0-255,159,182794,54,196575
23193,0.026487,172.31.46.0-255,1128,183922,54,196575
23194,0.02655,172.31.46.0-255,1514,185436,54,196575
23195,0.026552,172.31.46.0-255,1514,186950,54,196575
23196,0.026553,172.31.46.0-255,1514,188464,54,196575
23197,0.026554,172.31.46.0-255,1514,189978,54,196575
23198,0.026555,172.31.46.0-255,529,190507,54,196575
23199,0.028016,104.244.42.0-255,66,190573,54,196575
23200,0.028063,104.244.42.0-255,66,190639,54,196575
23201,0.028162,104.244.42.0-255,66,190705,54,196575
23202,0.028183,104.244.42.0-255,66,190771,54,196575
23203,0.028328,74.125.24.0-255,5738,196509,54,196575
23204,0.028333,172.31.46.0-255,66,196575,54,196575
23205,0.0,74.125.24.0-255,152,152,54,122907
23206,2.4e-05,172.31.46.0-255,66,218,54,122907
23207,3.1e-05,74.125.24.0-255,1484,1702,54,122907
23208,3.7e-05,172.31.46.0-255,66,1768,54,122907
23209,4.1e-05,74.125.24.0-255,1484,3252,54,122907
23210,4.4e-05,172.31.46.0-255,66,3318,54,122907
23211,6.1e-05,74.125.24.0-255,4320,7638,54,122907
23212,6.5e-05,172.31.46.0-255,66,7704,54,122907
23213,0.000101,74.125.24.0-255,6192,13896,54,122907
23214,0.000105,172.31.46.0-255,66,13962,54,122907
23215,0.000182,74.125.24.0-255,1484,15446,54,122907
23216,0.000185,172.31.46.0-255,66,15512,54,122907
23217,0.000191,74.125.24.0-255,2902,18414,54,122907
23218,0.000194,172.31.46.0-255,66,18480,54,122907
23219,0.000205,74.125.24.0-255,5738,24218,54,122907
23220,0.000208,172.31.46.0-255,66,24284,54,122907
23221,0.000211,74.125.24.0-255,1484,25768,54,122907
23222,0.000213,172.31.46.0-255,66,25834,54,122907
23223,0.000243,74.125.24.0-255,5379,31213,54,122907
23224,0.000249,172.31.46.0-255,66,31279,54,122907
23225,0.000458,74.125.24.0-255,1484,32763,54,122907
23226,0.000464,172.31.46.0-255,66,32829,54,122907
23227,0.00047,74.125.24.0-255,2902,35731,54,122907
23228,0.000472,172.31.46.0-255,66,35797,54,122907
23229,0.000477,74.125.24.0-255,2902,38699,54,122907
23230,0.000484,172.31.46.0-255,66,38765,54,122907
23231,0.000506,74.125.24.0-255,1484,40249,54,122907
23232,0.000508,172.31.46.0-255,66,40315,54,122907
23233,0.000521,172.31.46.0-255,66,40381,54,122907
23234,0.000527,74.125.24.0-255,4320,44701,54,122907
23235,0.00053,172.31.46.0-255,66,44767,54,122907
23236,0.000585,74.125.24.0-255,2902,47669,54,122907
23237,0.000589,172.31.46.0-255,66,47735,54,122907
23238,0.000616,172.31.46.0-255,66,47801,54,122907
23239,0.000619,74.125.24.0-255,676,48477,54,122907
23240,0.001176,172.31.46.0-255,66,48543,54,122907
23241,0.002246,74.125.24.0-255,1484,50027,54,122907
23242,0.00226,74.125.24.0-255,2902,52929,54,122907
23243,0.002266,172.31.46.0-255,66,52995,54,122907
23244,0.002275,74.125.24.0-255,5738,58733,54,122907
23245,0.002278,172.31.46.0-255,66,58799,54,122907
23246,0.002281,74.125.24.0-255,1484,60283,54,122907
23247,0.00231,172.31.46.0-255,66,60349,54,122907
23248,0.002327,172.31.46.0-255,66,60415,54,122907
23249,0.004607,74.125.24.0-255,4320,64735,54,122907
23250,0.004611,172.31.46.0-255,66,64801,54,122907
23251,0.004636,74.125.24.0-255,1484,66285,54,122907
23252,0.006936,74.125.24.0-255,4320,70605,54,122907
23253,0.006946,172.31.46.0-255,66,70671,54,122907
23254,0.009216,74.125.24.0-255,5738,76409,54,122907
23255,0.009235,172.31.46.0-255,66,76475,54,122907
23256,0.011515,74.125.24.0-255,5738,82213,54,122907
23257,0.011533,172.31.46.0-255,66,82279,54,122907
23258,0.013838,74.125.24.0-255,5738,88017,54,122907
23259,0.013854,172.31.46.0-255,66,88083,54,122907
23260,0.016157,74.125.24.0-255,5738,93821,54,122907
23261,0.016172,172.31.46.0-255,66,93887,54,122907
23262,0.018489,74.125.24.0-255,5738,99625,54,122907
23263,0.018503,172.31.46.0-255,66,99691,54,122907
23264,0.020795,74.125.24.0-255,5738,105429,54,122907
23265,0.020808,172.31.46.0-255,66,105495,54,122907
23266,0.023079,74.125.24.0-255,5738,111233,54,122907
23267,0.023091,172.31.46.0-255,66,111299,54,122907
23268,0.025403,74.125.24.0-255,5738,117037,54,122907
23269,0.02542,172.31.46.0-255,66,117103,54,122907
23270,0.027723,74.125.24.0-255,5738,122841,54,122907
23271,0.027738,172.31.46.0-255,66,122907,54,122907
23272,0.0,74.125.24.0-255,146,146,54,114902
23273,2.2e-05,172.31.46.0-255,66,212,54,114902
23274,3e-05,74.125.24.0-255,1484,1696,54,114902
23275,3.5e-05,172.31.46.0-255,66,1762,54,114902
23276,4.9e-05,74.125.24.0-255,2902,4664,54,114902
23277,5.4e-05,172.31.46.0-255,66,4730,54,114902
23278,0.000134,74.125.24.0-255,7156,11886,54,114902
23279,0.000139,172.31.46.0-255,66,11952,54,114902
23280,0.000345,74.125.24.0-255,2138,14090,54,114902
23281,0.00035,172.31.46.0-255,66,14156,54,114902
23282,0.000434,172.31.46.0-255,66,14222,54,114902
23283,0.000451,74.125.24.0-255,1484,15706,54,114902
23284,0.000454,172.31.46.0-255,66,15772,54,114902
23285,0.000771,74.125.24.0-255,5379,21151,54,114902
23286,0.000777,172.31.46.0-255,66,21217,54,114902
23287,0.000955,172.31.46.0-255,66,21283,54,114902
23288,0.000983,172.31.46.0-255,66,21349,54,114902
23289,0.00153,172.31.46.0-255,66,21415,54,114902
23290,0.00155,74.125.24.0-255,7088,28503,54,114902
23291,0.001554,172.31.46.0-255,66,28569,54,114902
23292,0.001974,74.125.24.0-255,133,28702,54,114902
23293,0.001976,172.31.46.0-255,66,28768,54,114902
23294,0.002015,74.125.24.0-255,5738,34506,54,114902
23295,0.002017,172.31.46.0-255,66,34572,54,114902
23296,0.002071,172.31.46.0-255,66,34638,54,114902
23297,0.002564,74.125.24.0-255,5738,40376,54,114902
23298,0.002568,172.31.46.0-255,66,40442,54,114902
23299,0.003072,74.125.24.0-255,1484,41926,54,114902
23300,0.003619,172.31.46.0-255,66,41992,54,114902
23301,0.005903,74.125.24.0-255,5738,47730,54,114902
23302,0.005909,172.31.46.0-255,66,47796,54,114902
23303,0.008194,74.125.24.0-255,5738,53534,54,114902
23304,0.008202,172.31.46.0-255,66,53600,54,114902
23305,0.010462,74.125.24.0-255,5738,59338,54,114902
23306,0.01047,172.31.46.0-255,66,59404,54,114902
23307,0.01274,74.125.24.0-255,5738,65142,54,114902
23308,0.012751,172.31.46.0-255,66,65208,54,114902
23309,0.015019,74.125.24.0-255,5738,70946,54,114902
23310,0.015027,172.31.46.0-255,66,71012,54,114902
23311,0.017298,74.125.24.0-255,5738,76750,54,114902
23312,0.017305,172.31.46.0-255,66,76816,54,114902
23313,0.019612,74.125.24.0-255,5738,82554,54,114902
23314,0.01962,172.31.46.0-255,66,82620,54,114902
23315,0.021898,74.125.24.0-255,5738,88358,54,114902
23316,0.021905,172.31.46.0-255,66,88424,54,114902
23317,0.024172,74.125.24.0-255,5738,94162,54,114902
23318,0.024181,172.31.46.0-255,66,94228,54,114902
23319,0.026066,172.31.46.0-255,200,94428,54,114902
23320,0.026095,172.31.46.0-255,1119,95547,54,114902
23321,0.026152,172.31.46.0-255,1514,97061,54,114902
23322,0.026153,172.31.46.0-255,1514,98575,54,114902
23323,0.026154,172.31.46.0-255,1514,100089,54,114902
23324,0.026155,172.31.46.0-255,1514,101603,54,114902
23325,0.02618,172.31.46.0-255,1493,103096,54,114902
23326,0.026433,74.125.24.0-255,5738,108834,54,114902
23327,0.026439,172.31.46.0-255,66,108900,54,114902
23328,0.027675,104.244.42.0-255,66,108966,54,114902
23329,0.027682,104.244.42.0-255,66,109032,54,114902
23330,0.027792,104.244.42.0-255,66,109098,54,114902
23331,0.028739,74.125.24.0-255,5738,114836,54,114902
23332,0.028747,172.31.46.0-255,66,114902,54,114902
23333,0.0,74.125.24.0-255,146,146,54,146120
23334,1.4e-05,172.31.46.0-255,66,212,54,146120
23335,2e-05,74.125.24.0-255,1484,1696,54,146120
23336,2.4e-05,172.31.46.0-255,66,1762,54,146120
23337,2.8e-05,74.125.24.0-255,2902,4664,54,146120
23338,3.2e-05,172.31.46.0-255,66,4730,54,146120
23339,3.7e-05,74.125.24.0-255,4320,9050,54,146120
23340,4e-05,172.31.46.0-255,66,9116,54,146120
23341,6e-05,74.125.24.0-255,2902,12018,54,146120
23342,6.2e-05,172.31.46.0-255,66,12084,54,146120
23343,7.3e-05,74.125.24.0-255,1484,13568,54,146120
23344,7.5e-05,172.31.46.0-255,66,13634,54,146120
23345,0.000109,172.31.46.0-255,66,13700,54,146120
23346,0.000137,74.125.24.0-255,3961,17661,54,146120
23347,0.000139,172.31.46.0-255,66,17727,54,146120
23348,0.00052,74.125.24.0-255,1484,19211,54,146120
23349,0.000525,172.31.46.0-255,66,19277,54,146120
23350,0.000545,74.125.24.0-255,2902,22179,54,146120
23351,0.000549,172.31.46.0-255,66,22245,54,146120
23352,0.000558,74.125.24.0-255,4320,26565,54,146120
23353,0.00056,172.31.46.0-255,66,26631,54,146120
23354,0.000583,74.125.24.0-255,1484,28115,54,146120
23355,0.000585,172.31.46.0-255,66,28181,54,146120
23356,0.000592,74.125.24.0-255,5738,33919,54,146120
23357,0.000593,172.31.46.0-255,66,33985,54,146120
23358,0.000624,74.125.24.0-255,5738,39723,54,146120
23359,0.000626,172.31.46.0-255,66,39789,54,146120
23360,0.000644,172.31.46.0-255,66,39855,54,146120
23361,0.000667,74.125.24.0-255,4267,44122,54,146120
23362,0.00067,172.31.46.0-255,66,44188,54,146120
23363,0.000817,74.125.24.0-255,114,44302,54,146120
23364,0.00082,172.31.46.0-255,66,44368,54,146120
23365,0.000954,74.125.24.0-255,1484,45852,54,146120
23366,0.000958,172.31.46.0-255,66,45918,54,146120
23367,0.000966,74.125.24.0-255,2902,48820,54,146120
23368,0.000968,172.31.46.0-255,66,48886,54,146120
23369,0.000971,74.125.24.0-255,1484,50370,54,146120
23370,0.000972,172.31.46.0-255,66,50436,54,146120
23371,0.000994,74.125.24.0-255,4320,54756,54,146120
23372,0.000996,172.31.46.0-255,66,54822,54,146120
23373,0.001002,74.125.24.0-255,6797,61619,54,146120
23374,0.001004,172.31.46.0-255,66,61685,54,146120
23375,0.001045,172.31.46.0-255,66,61751,54,146120
23376,0.001049,74.125.24.0-255,2543,64294,54,146120
23377,0.001051,172.31.46.0-255,66,64360,54,146120
23378,0.002297,74.125.24.0-255,1484,65844,54,146120
23379,0.002304,172.31.46.0-255,66,65910,54,146120
23380,0.002308,74.125.24.0-255,1484,67394,54,146120
23381,0.00231,172.31.46.0-255,66,67460,54,146120
23382,0.002324,74.125.24.0-255,1484,68944,54,146120
23383,0.002327,172.31.46.0-255,66,69010,54,146120
23384,0.002332,74.125.24.0-255,5738,74748,54,146120
23385,0.002335,172.31.46.0-255,66,74814,54,146120
23386,0.002345,172.31.46.0-255,66,74880,54,146120
23387,0.00236,74.125.24.0-255,1484,76364,54,146120
23388,0.002362,172.31.46.0-255,66,76430,54,146120
23389,0.002364,74.125.24.0-255,1484,77914,54,146120
23390,0.002366,172.31.46.0-255,66,77980,54,146120
23391,0.004658,74.125.24.0-255,5738,83718,54,146120
23392,0.004663,172.31.46.0-255,66,83784,54,146120
23393,0.006975,74.125.24.0-255,5738,89522,54,146120
23394,0.006981,172.31.46.0-255,66,89588,54,146120
23395,0.00938,74.125.24.0-255,5738,95326,54,146120
23396,0.009389,172.31.46.0-255,66,95392,54,146120
23397,0.011682,74.125.24.0-255,5738,101130,54,146120
23398,0.01169,172.31.46.0-255,66,101196,54,146120
23399,0.014044,74.125.24.0-255,5738,106934,54,146120
23400,0.014053,172.31.46.0-255,66,107000,54,146120
23401,0.016351,74.125.24.0-255,5738,112738,54,146120
23402,0.016359,172.31.46.0-255,66,112804,54,146120
23403,0.018632,74.125.24.0-255,5738,118542,54,146120
23404,0.01864,172.31.46.0-255,66,118608,54,146120
23405,0.020955,74.125.24.0-255,5738,124346,54,146120
23406,0.020963,172.31.46.0-255,66,124412,54,146120
23407,0.023292,74.125.24.0-255,5738,130150,54,146120
23408,0.023299,172.31.46.0-255,66,130216,54,146120
23409,0.025371,172.31.46.0-255,188,130404,54,146120
23410,0.025404,172.31.46.0-255,960,131364,54,146120
23411,0.025466,172.31.46.0-255,1514,132878,54,146120
23412,0.025468,172.31.46.0-255,1436,134314,54,146120
23413,0.025595,74.125.24.0-255,5738,140052,54,146120
23414,0.025601,172.31.46.0-255,66,140118,54,146120
23415,0.026919,104.244.42.0-255,66,140184,54,146120
23416,0.026961,104.244.42.0-255,66,140250,54,146120
23417,0.027067,104.244.42.0-255,66,140316,54,146120
23418,0.027891,74.125.24.0-255,5738,146054,54,146120
23419,0.027897,172.31.46.0-255,66,146120,54,146120
23420,0.0,172.217.194.0-255,151,151,54,208028
23421,1.7e-05,172.31.46.0-255,66,217,54,208028
23422,2.3e-05,172.217.194.0-255,1484,1701,54,208028
23423,2.7e-05,172.31.46.0-255,66,1767,54,208028
23424,3.2e-05,172.217.194.0-255,2902,4669,54,208028
23425,3.5e-05,172.31.46.0-255,66,4735,54,208028
23426,4.8e-05,172.217.194.0-255,7156,11891,54,208028
23427,5.2e-05,172.31.46.0-255,66,11957,54,208028
23428,7.1e-05,172.217.194.0-255,2083,14040,54,208028
23429,7.4e-05,172.31.46.0-255,66,14106,54,208028
23430,8.1e-05,172.217.194.0-255,2902,17008,54,208028
23431,8.3e-05,172.31.46.0-255,66,17074,54,208028
23432,0.000103,172.217.194.0-255,1484,18558,54,208028
23433,0.000105,172.31.46.0-255,66,18624,54,208028
23434,0.000136,172.217.194.0-255,5738,24362,54,208028
23435,0.000138,172.31.46.0-255,66,24428,54,208028
23436,0.000145,172.217.194.0-255,6797,31225,54,208028
23437,0.000147,172.31.46.0-255,66,31291,54,208028
23438,0.000225,172.217.194.0-255,1484,32775,54,208028
23439,0.000228,172.31.46.0-255,66,32841,54,208028
23440,0.000233,172.217.194.0-255,2902,35743,54,208028
23441,0.000235,172.31.46.0-255,66,35809,54,208028
23442,0.000271,172.217.194.0-255,5738,41547,54,208028
23443,0.000274,172.31.46.0-255,66,41613,54,208028
23444,0.000281,172.217.194.0-255,5738,47351,54,208028
23445,0.000283,172.31.46.0-255,66,47417,54,208028
23446,0.000325,172.31.46.0-255,66,47483,54,208028
23447,0.000331,172.217.194.0-255,4320,51803,54,208028
23448,0.000333,172.31.46.0-255,66,51869,54,208028
23449,0.00036,172.217.194.0-255,5704,57573,54,208028
23450,0.000363,172.31.46.0-255,66,57639,54,208028
23451,0.000366,172.217.194.0-255,364,58003,54,208028
23452,0.000515,172.217.194.0-255,1484,59487,54,208028
23453,0.00052,172.31.46.0-255,66,59553,54,208028
23454,0.000526,172.217.194.0-255,2902,62455,54,208028
23455,0.000528,172.31.46.0-255,66,62521,54,208028
23456,0.000533,172.217.194.0-255,2902,65423,54,208028
23457,0.000541,172.31.46.0-255,66,65489,54,208028
23458,0.000572,172.217.194.0-255,2902,68391,54,208028
23459,0.000575,172.31.46.0-255,66,68457,54,208028
23460,0.00059,172.31.46.0-255,66,68523,54,208028
23461,0.000607,172.31.46.0-255,66,68589,54,208028
23462,0.001035,172.217.194.0-255,1484,70073,54,208028
23463,0.001043,172.217.194.0-255,2902,72975,54,208028
23464,0.001047,172.31.46.0-255,66,73041,54,208028
23465,0.001054,172.217.194.0-255,5738,78779,54,208028
23466,0.001056,172.31.46.0-255,66,78845,54,208028
23467,0.001092,172.31.46.0-255,66,78911,54,208028
23468,0.001124,172.217.194.0-255,2902,81813,54,208028
23469,0.001128,172.31.46.0-255,66,81879,54,208028
23470,0.001143,172.31.46.0-255,66,81945,54,208028
23471,0.001147,172.217.194.0-255,2184,84129,54,208028
23472,0.001149,172.31.46.0-255,66,84195,54,208028
23473,0.001303,172.217.194.0-255,1484,85679,54,208028
23474,0.001319,172.217.194.0-255,2902,88581,54,208028
23475,0.001322,172.31.46.0-255,66,88647,54,208028
23476,0.00133,172.217.194.0-255,4320,92967,54,208028
23477,0.001332,172.31.46.0-255,66,93033,54,208028
23478,0.001353,172.217.194.0-255,1484,94517,54,208028
23479,0.001363,172.217.194.0-255,4320,98837,54,208028
23480,0.001365,172.31.46.0-255,66,98903,54,208028
23481,0.001378,172.31.46.0-255,66,98969,54,208028
23482,0.00142,172.31.46.0-255,66,99035,54,208028
23483,0.001523,172.217.194.0-255,1484,100519,54,208028
23484,0.001539,172.217.194.0-255,1484,102003,54,208028
23485,0.001542,172.31.46.0-255,66,102069,54,208028
23486,0.001547,172.217.194.0-255,2902,104971,54,208028
23487,0.001549,172.31.46.0-255,66,105037,54,208028
23488,0.001583,172.217.194.0-255,5738,110775,54,208028
23489,0.001586,172.31.46.0-255,66,110841,54,208028
23490,0.001604,172.31.46.0-255,66,110907,54,208028
23491,0.001609,172.217.194.0-255,2902,113809,54,208028
23492,0.001611,172.31.46.0-255,66,113875,54,208028
23493,0.001655,172.217.194.0-255,6438,120313,54,208028
23494,0.001658,172.31.46.0-255,66,120379,54,208028
23495,0.001709,172.217.194.0-255,1484,121863,54,208028
23496,0.001715,172.217.194.0-255,2902,124765,54,208028
23497,0.001718,172.31.46.0-255,66,124831,54,208028
23498,0.001747,172.217.194.0-255,5738,130569,54,208028
23499,0.00175,172.31.46.0-255,66,130635,54,208028
23500,0.001753,172.217.194.0-255,1484,132119,54,208028
23501,0.001781,172.31.46.0-255,66,132185,54,208028
23502,0.001819,172.31.46.0-255,66,132251,54,208028
23503,0.001847,172.217.194.0-255,3602,135853,54,208028
23504,0.001849,172.31.46.0-255,66,135919,54,208028
23505,0.001907,172.217.194.0-255,1484,137403,54,208028
23506,0.001913,172.217.194.0-255,2902,140305,54,208028
23507,0.001916,172.31.46.0-255,66,140371,54,208028
23508,0.001919,172.217.194.0-255,1484,141855,54,208028
23509,0.001944,172.217.194.0-255,4320,146175,54,208028
23510,0.001946,172.31.46.0-255,66,146241,54,208028
23511,0.00196,172.31.46.0-255,66,146307,54,208028
23512,0.001984,172.217.194.0-255,4320,150627,54,208028
23513,0.001986,172.217.194.0-255,1484,152111,54,208028
23514,0.001989,172.31.46.0-255,66,152177,54,208028
23515,0.002002,172.217.194.0-255,4320,156497,54,208028
23516,0.002004,172.31.46.0-255,66,156563,54,208028
23517,0.002032,172.217.194.0-255,5020,161583,54,208028
23518,0.002035,172.31.46.0-255,66,161649,54,208028
23519,0.002042,172.217.194.0-255,7156,168805,54,208028
23520,0.002044,172.31.46.0-255,66,168871,54,208028
23521,0.002075,172.217.194.0-255,2902,171773,54,208028
23522,0.002077,172.31.46.0-255,66,171839,54,208028
23523,0.002084,172.217.194.0-255,7156,178995,54,208028
23524,0.002085,172.31.46.0-255,66,179061,54,208028
23525,0.002114,172.31.46.0-255,66,179127,54,208028
23526,0.002193,172.31.46.0-255,66,179193,54,208028
23527,0.002195,172.31.46.0-255,66,179259,54,208028
23528,0.002234,172.31.46.0-255,66,179325,54,208028
23529,0.002253,172.31.46.0-255,66,179391,54,208028
23530,0.002258,172.217.194.0-255,6438,185829,54,208028
23531,0.00226,172.31.46.0-255,66,185895,54,208028
23532,0.002299,172.31.46.0-255,66,185961,54,208028
23533,0.002322,172.217.194.0-255,4320,190281,54,208028
23534,0.002324,172.31.46.0-255,66,190347,54,208028
23535,0.002327,172.217.194.0-255,1484,191831,54,208028
23536,0.002361,172.31.46.0-255,66,191897,54,208028
23537,0.002366,172.217.194.0-255,3602,195499,54,208028
23538,0.002368,172.31.46.0-255,66,195565,54,208028
23539,0.00237,172.217.194.0-255,1484,197049,54,208028
23540,0.002401,172.217.194.0-255,5738,202787,54,208028
23541,0.002404,172.31.46.0-255,66,202853,54,208028
23542,0.002425,172.217.194.0-255,2902,205755,54,208028
23543,0.002428,172.31.46.0-255,66,205821,54,208028
23544,0.00245,172.217.194.0-255,1698,207519,54,208028
23545,0.002453,172.31.46.0-255,66,207585,54,208028
23546,0.00247,172.217.194.0-255,105,207690,54,208028
23547,0.00282,172.31.46.0-255,101,207791,54,208028
23548,0.005117,172.217.194.0-255,66,207857,54,208028
23549,0.010059,172.31.46.0-255,105,207962,54,208028
23550,0.012327,172.217.194.0-255,66,208028,54,208028
23551,0.0,74.125.24.0-255,179,179,54,280842
23552,1.7e-05,172.31.46.0-255,66,245,54,280842
23553,2.4e-05,74.125.24.0-255,1484,1729,54,280842
23554,2.9e-05,172.31.46.0-255,66,1795,54,280842
23555,3.4e-05,74.125.24.0-255,2902,4697,54,280842
23556,4.7e-05,172.31.46.0-255,66,4763,54,280842
23557,5.5e-05,74.125.24.0-255,7156,11919,54,280842
23558,5.8e-05,172.31.46.0-255,66,11985,54,280842
23559,6.2e-05,74.125.24.0-255,2012,13997,54,280842
23560,6.5e-05,172.31.46.0-255,66,14063,54,280842
23561,0.000133,74.125.24.0-255,1484,15547,54,280842
23562,0.000136,172.31.46.0-255,66,15613,54,280842
23563,0.000141,74.125.24.0-255,2902,18515,54,280842
23564,0.000143,172.31.46.0-255,66,18581,54,280842
23565,0.000169,74.125.24.0-255,5738,24319,54,280842
23566,0.000171,172.31.46.0-255,66,24385,54,280842
23567,0.0002,74.125.24.0-255,6797,31182,54,280842
23568,0.000203,172.31.46.0-255,66,31248,54,280842
23569,0.00021,74.125.24.0-255,7156,38404,54,280842
23570,0.000213,172.31.46.0-255,66,38470,54,280842
23571,0.00025,74.125.24.0-255,2902,41372,54,280842
23572,0.000254,172.31.46.0-255,66,41438,54,280842
23573,0.000283,74.125.24.0-255,6797,48235,54,280842
23574,0.000286,172.31.46.0-255,66,48301,54,280842
23575,0.000389,74.125.24.0-255,1484,49785,54,280842
23576,0.000393,172.31.46.0-255,66,49851,54,280842
23577,0.000397,74.125.24.0-255,1484,51335,54,280842
23578,0.000399,172.31.46.0-255,66,51401,54,280842
23579,0.000419,74.125.24.0-255,1484,52885,54,280842
23580,0.000422,172.31.46.0-255,66,52951,54,280842
23581,0.000432,74.125.24.0-255,5738,58689,54,280842
23582,0.000435,172.31.46.0-255,66,58755,54,280842
23583,0.000471,74.125.24.0-255,7094,65849,54,280842
23584,0.000474,172.31.46.0-255,66,65915,54,280842
23585,0.000477,74.125.24.0-255,411,66326,54,280842
23586,0.000611,74.125.24.0-255,1484,67810,54,280842
23587,0.000615,172.31.46.0-255,66,67876,54,280842
23588,0.000621,74.125.24.0-255,2902,70778,54,280842
23589,0.000623,172.31.46.0-255,66,70844,54,280842
23590,0.000654,74.125.24.0-255,5738,76582,54,280842
23591,0.000657,172.31.46.0-255,66,76648,54,280842
23592,0.000663,74.125.24.0-255,4320,80968,54,280842
23593,0.000665,172.31.46.0-255,66,81034,54,280842
23594,0.000694,74.125.24.0-255,2902,83936,54,280842
23595,0.000697,172.31.46.0-255,66,84002,54,280842
23596,0.000724,172.31.46.0-255,66,84068,54,280842
23597,0.000758,172.31.46.0-255,66,84134,54,280842
23598,0.001014,74.125.24.0-255,1484,85618,54,280842
23599,0.00103,74.125.24.0-255,2902,88520,54,280842
23600,0.001034,172.31.46.0-255,66,88586,54,280842
23601,0.00104,74.125.24.0-255,2902,91488,54,280842
23602,0.001042,172.31.46.0-255,66,91554,54,280842
23603,0.001078,74.125.24.0-255,2902,94456,54,280842
23604,0.001089,74.125.24.0-255,1484,95940,54,280842
23605,0.001092,74.125.24.0-255,1484,97424,54,280842
23606,0.001097,172.31.46.0-255,66,97490,54,280842
23607,0.001101,172.31.46.0-255,66,97556,54,280842
23608,0.001104,172.31.46.0-255,66,97622,54,280842
23609,0.001127,74.125.24.0-255,1484,99106,54,280842
23610,0.001136,74.125.24.0-255,5738,104844,54,280842
23611,0.001138,172.31.46.0-255,66,104910,54,280842
23612,0.001152,74.125.24.0-255,3602,108512,54,280842
23613,0.001159,172.31.46.0-255,66,108578,54,280842
23614,0.001223,74.125.24.0-255,1484,110062,54,280842
23615,0.001275,74.125.24.0-255,2902,112964,54,280842
23616,0.001278,172.31.46.0-255,66,113030,54,280842
23617,0.001312,74.125.24.0-255,4320,117350,54,280842
23618,0.001314,172.31.46.0-255,66,117416,54,280842
23619,0.00132,74.125.24.0-255,4320,121736,54,280842
23620,0.001322,172.31.46.0-255,66,121802,54,280842
23621,0.00134,74.125.24.0-255,1484,123286,54,280842
23622,0.001343,74.125.24.0-255,1484,124770,54,280842
23623,0.001345,172.31.46.0-255,66,124836,54,280842
23624,0.001372,74.125.24.0-255,7156,131992,54,280842
23625,0.001375,172.31.46.0-255,66,132058,54,280842
23626,0.001387,172.31.46.0-255,66,132124,54,280842
23627,0.001414,74.125.24.0-255,1484,133608,54,280842
23628,0.001418,74.125.24.0-255,766,134374,54,280842
23629,0.00142,172.31.46.0-255,66,134440,54,280842
23630,0.001471,74.125.24.0-255,1484,135924,54,280842
23631,0.001494,74.125.24.0-255,2902,138826,54,280842
23632,0.001498,172.31.46.0-255,66,138892,54,280842
23633,0.001501,74.125.24.0-255,1484,140376,54,280842
23634,0.001528,74.125.24.0-255,4320,144696,54,280842
23635,0.001531,172.31.46.0-255,66,144762,54,280842
23636,0.001602,172.31.46.0-255,66,144828,54,280842
23637,0.001615,172.31.46.0-255,66,144894,54,280842
23638,0.001618,74.125.24.0-255,1484,146378,54,280842
23639,0.001622,74.125.24.0-255,2902,149280,54,280842
23640,0.001624,172.31.46.0-255,66,149346,54,280842
23641,0.001627,74.125.24.0-255,1484,150830,54,280842
23642,0.001662,74.125.24.0-255,4320,155150,54,280842
23643,0.001674,74.125.24.0-255,4320,159470,54,280842
23644,0.001679,172.31.46.0-255,66,159536,54,280842
23645,0.001682,172.31.46.0-255,66,159602,54,280842
23646,0.001685,172.31.46.0-255,66,159668,54,280842
23647,0.001702,74.125.24.0-255,5738,165406,54,280842
23648,0.001705,172.31.46.0-255,66,165472,54,280842
23649,0.001711,74.125.24.0-255,5020,170492,54,280842
23650,0.001714,172.31.46.0-255,66,170558,54,280842
23651,0.001754,74.125.24.0-255,2902,173460,54,280842
23652,0.001759,74.125.24.0-255,4320,177780,54,280842
23653,0.001763,172.31.46.0-255,66,177846,54,280842
23654,0.001768,172.31.46.0-255,66,177912,54,280842
23655,0.001802,172.31.46.0-255,66,177978,54,280842
23656,0.001842,172.31.46.0-255,66,178044,54,280842
23657,0.001854,172.31.46.0-255,66,178110,54,280842
23658,0.001941,74.125.24.0-255,1484,179594,54,280842
23659,0.001964,74.125.24.0-255,2902,182496,54,280842
23660,0.001967,172.31.46.0-255,66,182562,54,280842
23661,0.001975,74.125.24.0-255,5738,188300,54,280842
23662,0.001977,172.31.46.0-255,66,188366,54,280842
23663,0.002018,172.31.46.0-255,66,188432,54,280842
23664,0.002025,74.125.24.0-255,5738,194170,54,280842
23665,0.002027,172.31.46.0-255,66,194236,54,280842
23666,0.002061,74.125.24.0-255,5020,199256,54,280842
23667,0.002064,172.31.46.0-255,66,199322,54,280842
23668,0.002431,74.125.24.0-255,1484,200806,54,280842
23669,0.002446,74.125.24.0-255,2902,203708,54,280842
23670,0.002449,172.31.46.0-255,66,203774,54,280842
23671,0.002454,74.125.24.0-255,2902,206676,54,280842
23672,0.002456,172.31.46.0-255,66,206742,54,280842
23673,0.002478,74.125.24.0-255,2902,209644,54,280842
23674,0.002481,172.31.46.0-255,66,209710,54,280842
23675,0.002489,74.125.24.0-255,5738,215448,54,280842
23676,0.002491,172.31.46.0-255,66,215514,54,280842
23677,0.00253,74.125.24.0-255,7156,222670,54,280842
23678,0.002533,172.31.46.0-255,66,222736,54,280842
23679,0.002545,172.31.46.0-255,66,222802,54,280842
23680,0.005128,74.125.24.0-255,5738,228540,54,280842
23681,0.005139,172.31.46.0-255,66,228606,54,280842
23682,0.007757,74.125.24.0-255,5738,234344,54,280842
23683,0.007776,172.31.46.0-255,66,234410,54,280842
23684,0.010373,74.125.24.0-255,5738,240148,54,280842
23685,0.010379,172.31.46.0-255,66,240214,54,280842
23686,0.013021,74.125.24.0-255,5738,245952,54,280842
23687,0.01304,172.31.46.0-255,66,246018,54,280842
23688,0.015636,74.125.24.0-255,5738,251756,54,280842
23689,0.015656,172.31.46.0-255,66,251822,54,280842
23690,0.018254,74.125.24.0-255,5738,257560,54,280842
23691,0.018275,172.31.46.0-255,66,257626,54,280842
23692,0.020886,74.125.24.0-255,5738,263364,54,280842
23693,0.020907,172.31.46.0-255,66,263430,54,280842
23694,0.023482,74.125.24.0-255,5738,269168,54,280842
23695,0.023501,172.31.46.0-255,66,269234,54,280842
23696,0.02609,74.125.24.0-255,5738,274972,54,280842
23697,0.026105,172.31.46.0-255,66,275038,54,280842
23698,0.028697,74.125.24.0-255,5738,280776,54,280842
23699,0.028713,172.31.46.0-255,66,280842,54,280842
23700,0.0,74.125.130.0-255,153,153,54,169413
23701,2.4e-05,172.31.46.0-255,66,219,54,169413
23702,3.1e-05,74.125.130.0-255,1484,1703,54,169413
23703,3.7e-05,172.31.46.0-255,66,1769,54,169413
23704,4.3e-05,74.125.130.0-255,2902,4671,54,169413
23705,4.7e-05,172.31.46.0-255,66,4737,54,169413
23706,5.6e-05,74.125.130.0-255,7156,11893,54,169413
23707,5.9e-05,172.31.46.0-255,66,11959,54,169413
23708,6.4e-05,74.125.130.0-255,2122,14081,54,169413
23709,6.9e-05,172.31.46.0-255,66,14147,54,169413
23710,0.000175,74.125.130.0-255,1484,15631,54,169413
23711,0.000179,172.31.46.0-255,66,15697,54,169413
23712,0.000198,74.125.130.0-255,2902,18599,54,169413
23713,0.000201,172.31.46.0-255,66,18665,54,169413
23714,0.000223,74.125.130.0-255,4320,22985,54,169413
23715,0.000226,172.31.46.0-255,66,23051,54,169413
23716,0.000248,74.125.130.0-255,1484,24535,54,169413
23717,0.000251,172.31.46.0-255,66,24601,54,169413
23718,0.000275,74.125.130.0-255,6797,31398,54,169413
23719,0.000278,172.31.46.0-255,66,31464,54,169413
23720,0.000319,172.31.46.0-255,66,31530,54,169413
23721,0.000364,172.31.46.0-255,66,31596,54,169413
23722,0.000399,74.125.130.0-255,4320,35916,54,169413
23723,0.000402,172.31.46.0-255,66,35982,54,169413
23724,0.000419,74.125.130.0-255,4320,40302,54,169413
23725,0.000422,172.31.46.0-255,66,40368,54,169413
23726,0.000428,74.125.130.0-255,5738,46106,54,169413
23727,0.00043,172.31.46.0-255,66,46172,54,169413
23728,0.000457,74.125.130.0-255,2543,48715,54,169413
23729,0.00046,172.31.46.0-255,66,48781,54,169413
23730,0.000489,74.125.130.0-255,678,49459,54,169413
23731,0.000787,74.125.130.0-255,1484,50943,54,169413
23732,0.000794,172.31.46.0-255,66,51009,54,169413
23733,0.000799,74.125.130.0-255,2902,53911,54,169413
23734,0.000802,172.31.46.0-255,66,53977,54,169413
23735,0.000807,74.125.130.0-255,4320,58297,54,169413
23736,0.000809,172.31.46.0-255,66,58363,54,169413
23737,0.000853,74.125.130.0-255,4320,62683,54,169413
23738,0.000856,172.31.46.0-255,66,62749,54,169413
23739,0.000884,74.125.130.0-255,1484,64233,54,169413
23740,0.000897,172.31.46.0-255,66,64299,54,169413
23741,0.000905,74.125.130.0-255,7156,71455,54,169413
23742,0.000907,172.31.46.0-255,66,71521,54,169413
23743,0.00091,74.125.130.0-255,766,72287,54,169413
23744,0.0014,74.125.130.0-255,1484,73771,54,169413
23745,0.001404,74.125.130.0-255,1484,75255,54,169413
23746,0.001409,172.31.46.0-255,66,75321,54,169413
23747,0.001419,74.125.130.0-255,1484,76805,54,169413
23748,0.001421,172.31.46.0-255,66,76871,54,169413
23749,0.001434,74.125.130.0-255,1484,78355,54,169413
23750,0.00144,74.125.130.0-255,5738,84093,54,169413
23751,0.001443,172.31.46.0-255,66,84159,54,169413
23752,0.001458,74.125.130.0-255,4320,88479,54,169413
23753,0.001461,172.31.46.0-255,66,88545,54,169413
23754,0.001491,172.31.46.0-255,66,88611,54,169413
23755,0.001501,172.31.46.0-255,66,88677,54,169413
23756,0.001504,74.125.130.0-255,766,89443,54,169413
23757,0.001884,172.31.46.0-255,66,89509,54,169413
23758,0.001976,74.125.130.0-255,1484,90993,54,169413
23759,0.003466,74.125.130.0-255,2902,93895,54,169413
23760,0.003481,172.31.46.0-255,66,93961,54,169413
23761,0.005447,74.125.130.0-255,5738,99699,54,169413
23762,0.005452,172.31.46.0-255,66,99765,54,169413
23763,0.007428,74.125.130.0-255,5738,105503,54,169413
23764,0.007433,172.31.46.0-255,66,105569,54,169413
23765,0.009408,74.125.130.0-255,5738,111307,54,169413
23766,0.009426,172.31.46.0-255,66,111373,54,169413
23767,0.011425,74.125.130.0-255,5738,117111,54,169413
23768,0.011445,172.31.46.0-255,66,117177,54,169413
23769,0.013417,74.125.130.0-255,5738,122915,54,169413
23770,0.013434,172.31.46.0-255,66,122981,54,169413
23771,0.015413,74.125.130.0-255,5738,128719,54,169413
23772,0.015426,172.31.46.0-255,66,128785,54,169413
23773,0.017424,74.125.130.0-255,5738,134523,54,169413
23774,0.017443,172.31.46.0-255,66,134589,54,169413
23775,0.019435,74.125.130.0-255,5738,140327,54,169413
23776,0.019455,172.31.46.0-255,66,140393,54,169413
23777,0.021447,74.125.130.0-255,5738,146131,54,169413
23778,0.021464,172.31.46.0-255,66,146197,54,169413
23779,0.023451,74.125.130.0-255,5738,151935,54,169413
23780,0.02347,172.31.46.0-255,66,152001,54,169413
23781,0.025459,74.125.130.0-255,5738,157739,54,169413
23782,0.025479,172.31.46.0-255,66,157805,54,169413
23783,0.027462,74.125.130.0-255,5738,163543,54,169413
23784,0.027481,172.31.46.0-255,66,163609,54,169413
23785,0.02946,74.125.130.0-255,5738,169347,54,169413
23786,0.029482,172.31.46.0-255,66,169413,54,169413
23787,0.0,172.217.194.0-255,155,155,54,208937
23788,2.4e-05,172.31.46.0-255,66,221,54,208937
23789,3.2e-05,172.217.194.0-255,1484,1705,54,208937
23790,3.6e-05,172.31.46.0-255,66,1771,54,208937
23791,5.1e-05,172.217.194.0-255,2902,4673,54,208937
23792,5.4e-05,172.31.46.0-255,66,4739,54,208937
23793,6.2e-05,172.217.194.0-255,7156,11895,54,208937
23794,6.5e-05,172.31.46.0-255,66,11961,54,208937
23795,6.9e-05,172.217.194.0-255,1981,13942,54,208937
23796,7.2e-05,172.31.46.0-255,66,14008,54,208937
23797,9.3e-05,172.217.194.0-255,2902,16910,54,208937
23798,9.7e-05,172.31.46.0-255,66,16976,54,208937
23799,0.000131,172.31.46.0-255,66,17042,54,208937
23800,0.000137,172.217.194.0-255,5379,22421,54,208937
23801,0.00014,172.31.46.0-255,66,22487,54,208937
23802,0.000147,172.217.194.0-255,7156,29643,54,208937
23803,0.00015,172.31.46.0-255,66,29709,54,208937
23804,0.000153,172.217.194.0-255,1484,31193,54,208937
23805,0.000156,172.31.46.0-255,66,31259,54,208937
23806,0.000195,172.217.194.0-255,7156,38415,54,208937
23807,0.000198,172.31.46.0-255,66,38481,54,208937
23808,0.000201,172.217.194.0-255,1125,39606,54,208937
23809,0.000202,172.31.46.0-255,66,39672,54,208937
23810,0.000206,172.217.194.0-255,1484,41156,54,208937
23811,0.000213,172.31.46.0-255,66,41222,54,208937
23812,0.000217,172.217.194.0-255,1484,42706,54,208937
23813,0.000219,172.31.46.0-255,66,42772,54,208937
23814,0.000254,172.217.194.0-255,2902,45674,54,208937
23815,0.000256,172.31.46.0-255,66,45740,54,208937
23816,0.000269,172.31.46.0-255,66,45806,54,208937
23817,0.000271,172.217.194.0-255,1125,46931,54,208937
23818,0.000314,172.217.194.0-255,646,47577,54,208937
23819,0.000331,172.31.46.0-255,66,47643,54,208937
23820,0.00057,172.217.194.0-255,1484,49127,54,208937
23821,0.000577,172.217.194.0-255,2902,52029,54,208937
23822,0.000586,172.31.46.0-255,66,52095,54,208937
23823,0.00062,172.217.194.0-255,5738,57833,54,208937
23824,0.000629,172.217.194.0-255,7156,64989,54,208937
23825,0.000646,172.217.194.0-255,2184,67173,54,208937
23826,0.000661,172.31.46.0-255,66,67239,54,208937
23827,0.000799,172.217.194.0-255,1484,68723,54,208937
23828,0.000804,172.217.194.0-255,1484,70207,54,208937
23829,0.000812,172.31.46.0-255,66,70273,54,208937
23830,0.000823,172.217.194.0-255,1484,71757,54,208937
23831,0.000833,172.217.194.0-255,5738,77495,54,208937
23832,0.000855,172.217.194.0-255,4320,81815,54,208937
23833,0.00089,172.31.46.0-255,66,81881,54,208937
23834,0.000917,172.217.194.0-255,2902,84783,54,208937
23835,0.000933,172.31.46.0-255,66,84849,54,208937
23836,0.000979,172.217.194.0-255,3602,88451,54,208937
23837,0.001,172.31.46.0-255,66,88517,54,208937
23838,0.001114,172.217.194.0-255,1484,90001,54,208937
23839,0.001121,172.217.194.0-255,2902,92903,54,208937
23840,0.001133,172.217.194.0-255,1484,94387,54,208937
23841,0.001153,172.217.194.0-255,4320,98707,54,208937
23842,0.001164,172.31.46.0-255,66,98773,54,208937
23843,0.00117,172.31.46.0-255,66,98839,54,208937
23844,0.001188,172.217.194.0-255,4320,103159,54,208937
23845,0.00127,172.31.46.0-255,66,103225,54,208937
23846,0.001615,172.217.194.0-255,1484,104709,54,208937
23847,0.00162,172.217.194.0-255,2902,107611,54,208937
23848,0.001628,172.31.46.0-255,66,107677,54,208937
23849,0.001638,172.217.194.0-255,2902,110579,54,208937
23850,0.001659,172.217.194.0-255,2902,113481,54,208937
23851,0.001681,172.217.194.0-255,7156,120637,54,208937
23852,0.001695,172.31.46.0-255,66,120703,54,208937
23853,0.001722,172.217.194.0-255,5738,126441,54,208937
23854,0.00174,172.31.46.0-255,66,126507,54,208937
23855,0.001815,172.217.194.0-255,1484,127991,54,208937
23856,0.001835,172.217.194.0-255,2902,130893,54,208937
23857,0.001842,172.217.194.0-255,5738,136631,54,208937
23858,0.001852,172.31.46.0-255,66,136697,54,208937
23859,0.001911,172.31.46.0-255,66,136763,54,208937
23860,0.001974,172.217.194.0-255,1484,138247,54,208937
23861,0.001979,172.217.194.0-255,2902,141149,54,208937
23862,0.001988,172.31.46.0-255,66,141215,54,208937
23863,0.001998,172.217.194.0-255,5738,146953,54,208937
23864,0.002013,172.217.194.0-255,2902,149855,54,208937
23865,0.002024,172.31.46.0-255,66,149921,54,208937
23866,0.002089,172.217.194.0-255,2184,152105,54,208937
23867,0.002102,172.31.46.0-255,66,152171,54,208937
23868,0.002265,172.217.194.0-255,1484,153655,54,208937
23869,0.00227,172.217.194.0-255,2902,156557,54,208937
23870,0.002275,172.31.46.0-255,66,156623,54,208937
23871,0.002307,172.217.194.0-255,5738,162361,54,208937
23872,0.002316,172.217.194.0-255,7156,169517,54,208937
23873,0.002321,172.31.46.0-255,66,169583,54,208937
23874,0.002352,172.217.194.0-255,5738,175321,54,208937
23875,0.002364,172.217.194.0-255,1484,176805,54,208937
23876,0.002374,172.31.46.0-255,66,176871,54,208937
23877,0.002433,172.31.46.0-255,66,176937,54,208937
23878,0.002441,172.217.194.0-255,1484,178421,54,208937
23879,0.002465,172.217.194.0-255,6438,184859,54,208937
23880,0.00248,172.31.46.0-255,66,184925,54,208937
23881,0.003346,172.217.194.0-255,1484,186409,54,208937
23882,0.003353,172.217.194.0-255,2902,189311,54,208937
23883,0.003356,172.31.46.0-255,66,189377,54,208937
23884,0.003361,172.217.194.0-255,2902,192279,54,208937
23885,0.003389,172.217.194.0-255,2902,195181,54,208937
23886,0.003434,172.217.194.0-255,5738,200919,54,208937
23887,0.00344,172.31.46.0-255,66,200985,54,208937
23888,0.003453,172.217.194.0-255,5020,206005,54,208937
23889,0.003484,172.217.194.0-255,2427,208432,54,208937
23890,0.003486,172.217.194.0-255,97,208529,54,208937
23891,0.003498,172.31.46.0-255,66,208595,54,208937
23892,0.003528,172.217.194.0-255,105,208700,54,208937
23893,0.010544,172.31.46.0-255,66,208766,54,208937
23894,0.010584,172.31.46.0-255,105,208871,54,208937
23895,0.013069,172.217.194.0-255,66,208937,54,208937
23896,0.0,74.125.200.0-255,157,157,54,273967
23897,1.7e-05,172.31.46.0-255,66,223,54,273967
23898,2.4e-05,74.125.200.0-255,1484,1707,54,273967
23899,2.8e-05,172.31.46.0-255,66,1773,54,273967
23900,3.3e-05,74.125.200.0-255,2902,4675,54,273967
23901,4.4e-05,172.31.46.0-255,66,4741,54,273967
23902,4.8e-05,74.125.200.0-255,2902,7643,54,273967
23903,5e-05,172.31.46.0-255,66,7709,54,273967
23904,5.6e-05,74.125.200.0-255,4320,12029,54,273967
23905,5.8e-05,172.31.46.0-255,66,12095,54,273967
23906,9.6e-05,172.31.46.0-255,66,12161,54,273967
23907,0.000105,172.31.46.0-255,66,12227,54,273967
23908,0.000131,74.125.200.0-255,1125,13352,54,273967
23909,0.000133,172.31.46.0-255,66,13418,54,273967
23910,0.000207,74.125.200.0-255,1484,14902,54,273967
23911,0.000211,172.31.46.0-255,66,14968,54,273967
23912,0.000216,74.125.200.0-255,2902,17870,54,273967
23913,0.000219,172.31.46.0-255,66,17936,54,273967
23914,0.000259,74.125.200.0-255,4320,22256,54,273967
23915,0.000262,172.31.46.0-255,66,22322,54,273967
23916,0.000265,74.125.200.0-255,1484,23806,54,273967
23917,0.000267,172.31.46.0-255,66,23872,54,273967
23918,0.000297,172.31.46.0-255,66,23938,54,273967
23919,0.000301,74.125.200.0-255,2902,26840,54,273967
23920,0.000303,172.31.46.0-255,66,26906,54,273967
23921,0.000337,74.125.200.0-255,4320,31226,54,273967
23922,0.000341,172.31.46.0-255,66,31292,54,273967
23923,0.000376,172.31.46.0-255,66,31358,54,273967
23924,0.000379,74.125.200.0-255,110,31468,54,273967
23925,0.000515,74.125.200.0-255,1484,32952,54,273967
23926,0.00052,172.31.46.0-255,66,33018,54,273967
23927,0.000526,74.125.200.0-255,2902,35920,54,273967
23928,0.000529,172.31.46.0-255,66,35986,54,273967
23929,0.000579,74.125.200.0-255,5738,41724,54,273967
23930,0.000582,172.31.46.0-255,66,41790,54,273967
23931,0.000614,172.31.46.0-255,66,41856,54,273967
23932,0.000626,172.31.46.0-255,66,41922,54,273967
23933,0.00063,74.125.200.0-255,3961,45883,54,273967
23934,0.000633,172.31.46.0-255,66,45949,54,273967
23935,0.000799,74.125.200.0-255,1484,47433,54,273967
23936,0.000805,74.125.200.0-255,1484,48917,54,273967
23937,0.000808,172.31.46.0-255,66,48983,54,273967
23938,0.000825,74.125.200.0-255,1484,50467,54,273967
23939,0.000829,74.125.200.0-255,1484,51951,54,273967
23940,0.000831,172.31.46.0-255,66,52017,54,273967
23941,0.000853,74.125.200.0-255,4320,56337,54,273967
23942,0.000856,172.31.46.0-255,66,56403,54,273967
23943,0.000863,74.125.200.0-255,7156,63559,54,273967
23944,0.000865,172.31.46.0-255,66,63625,54,273967
23945,0.000894,74.125.200.0-255,5738,69363,54,273967
23946,0.000897,172.31.46.0-255,66,69429,54,273967
23947,0.000933,74.125.200.0-255,7156,76585,54,273967
23948,0.000936,172.31.46.0-255,66,76651,54,273967
23949,0.000941,74.125.200.0-255,3602,80253,54,273967
23950,0.000943,172.31.46.0-255,66,80319,54,273967
23951,0.000947,74.125.200.0-255,2902,83221,54,273967
23952,0.000954,172.31.46.0-255,66,83287,54,273967
23953,0.000975,74.125.200.0-255,1484,84771,54,273967
23954,0.000983,74.125.200.0-255,5738,90509,54,273967
23955,0.000986,172.31.46.0-255,66,90575,54,273967
23956,0.00102,74.125.200.0-255,4320,94895,54,273967
23957,0.001023,172.31.46.0-255,66,94961,54,273967
23958,0.001028,74.125.200.0-255,4320,99281,54,273967
23959,0.001031,172.31.46.0-255,66,99347,54,273967
23960,0.001035,74.125.200.0-255,1484,100831,54,273967
23961,0.001074,172.31.46.0-255,66,100897,54,273967
23962,0.001081,74.125.200.0-255,7156,108053,54,273967
23963,0.001084,172.31.46.0-255,66,108119,54,273967
23964,0.001124,172.31.46.0-255,66,108185,54,273967
23965,0.001166,74.125.200.0-255,1484,109669,54,273967
23966,0.00117,74.125.200.0-255,1484,111153,54,273967
23967,0.001173,172.31.46.0-255,66,111219,54,273967
23968,0.001197,74.125.200.0-255,1484,112703,54,273967
23969,0.001204,74.125.200.0-255,5738,118441,54,273967
23970,0.001207,172.31.46.0-255,66,118507,54,273967
23971,0.001211,74.125.200.0-255,2902,121409,54,273967
23972,0.001213,172.31.46.0-255,66,121475,54,273967
23973,0.001255,172.31.46.0-255,66,121541,54,273967
23974,0.00126,74.125.200.0-255,2902,124443,54,273967
23975,0.001262,172.31.46.0-255,66,124509,54,273967
23976,0.001296,172.31.46.0-255,66,124575,54,273967
23977,0.001334,74.125.200.0-255,1484,126059,54,273967
23978,0.001347,74.125.200.0-255,2902,128961,54,273967
23979,0.00135,172.31.46.0-255,66,129027,54,273967
23980,0.001354,74.125.200.0-255,2902,131929,54,273967
23981,0.001356,172.31.46.0-255,66,131995,54,273967
23982,0.001376,74.125.200.0-255,1484,133479,54,273967
23983,0.001398,74.125.200.0-255,2902,136381,54,273967
23984,0.001401,172.31.46.0-255,66,136447,54,273967
23985,0.001409,74.125.200.0-255,7156,143603,54,273967
23986,0.001411,172.31.46.0-255,66,143669,54,273967
23987,0.001439,74.125.200.0-255,1484,145153,54,273967
23988,0.001443,74.125.200.0-255,2902,148055,54,273967
23989,0.001445,172.31.46.0-255,66,148121,54,273967
23990,0.001473,74.125.200.0-255,7156,155277,54,273967
23991,0.001476,172.31.46.0-255,66,155343,54,273967
23992,0.001505,74.125.200.0-255,3602,158945,54,273967
23993,0.001508,172.31.46.0-255,66,159011,54,273967
23994,0.001568,74.125.200.0-255,1484,160495,54,273967
23995,0.001572,74.125.200.0-255,2902,163397,54,273967
23996,0.001575,172.31.46.0-255,66,163463,54,273967
23997,0.001577,74.125.200.0-255,1484,164947,54,273967
23998,0.001581,74.125.200.0-255,2902,167849,54,273967
23999,0.001583,172.31.46.0-255,66,167915,54,273967
24000,0.001605,74.125.200.0-255,1484,169399,54,273967
24001,0.001639,74.125.200.0-255,4320,173719,54,273967
24002,0.001642,172.31.46.0-255,66,173785,54,273967
24003,0.001655,172.31.46.0-255,66,173851,54,273967
24004,0.001701,172.31.46.0-255,66,173917,54,273967
24005,0.001707,74.125.200.0-255,5738,179655,54,273967
24006,0.00171,172.31.46.0-255,66,179721,54,273967
24007,0.001736,74.125.200.0-255,4320,184041,54,273967
24008,0.001738,172.31.46.0-255,66,184107,54,273967
24009,0.001796,74.125.200.0-255,1484,185591,54,273967
24010,0.001811,74.125.200.0-255,2902,188493,54,273967
24011,0.001825,74.125.200.0-255,2902,191395,54,273967
24012,0.001847,74.125.200.0-255,4320,195715,54,273967
24013,0.001863,74.125.200.0-255,4320,200035,54,273967
24014,0.001875,74.125.200.0-255,4320,204355,54,273967
24015,0.001879,74.125.200.0-255,2902,207257,54,273967
24016,0.001881,74.125.200.0-255,1484,208741,54,273967
24017,0.001897,74.125.200.0-255,2902,211643,54,273967
24018,0.001932,74.125.200.0-255,4320,215963,54,273967
24019,0.001946,74.125.200.0-255,2184,218147,54,273967
24020,0.001972,74.125.200.0-255,5738,223885,54,273967
24021,0.001994,74.125.200.0-255,1484,225369,54,273967
24022,0.001998,74.125.200.0-255,2902,228271,54,273967
24023,0.002002,74.125.200.0-255,4320,232591,54,273967
24024,0.002017,74.125.200.0-255,5738,238329,54,273967
24025,0.00203,74.125.200.0-255,2902,241231,54,273967
24026,0.002035,74.125.200.0-255,4320,245551,54,273967
24027,0.002038,74.125.200.0-255,1484,247035,54,273967
24028,0.002054,74.125.200.0-255,4320,251355,54,273967
24029,0.002083,74.125.200.0-255,4320,255675,54,273967
24030,0.002098,74.125.200.0-255,3602,259277,54,273967
24031,0.002115,74.125.200.0-255,4320,263597,54,273967
24032,0.002142,74.125.200.0-255,4320,267917,54,273967
24033,0.002203,74.125.200.0-255,2902,270819,54,273967
24034,0.002218,74.125.200.0-255,2806,273625,54,273967
24035,0.002234,74.125.200.0-255,105,273730,54,273967
24036,0.002309,172.31.46.0-255,66,273796,54,273967
24037,0.005059,172.31.46.0-255,105,273901,54,273967
24038,0.007339,74.125.200.0-255,66,273967,54,273967
24039,0.0,74.125.24.0-255,151,151,54,179679
24040,1.3e-05,172.31.46.0-255,66,217,54,179679
24041,2e-05,74.125.24.0-255,1484,1701,54,179679
24042,2.6e-05,172.31.46.0-255,66,1767,54,179679
24043,4.1e-05,74.125.24.0-255,2902,4669,54,179679
24044,4.5e-05,172.31.46.0-255,66,4735,54,179679
24045,5.3e-05,74.125.24.0-255,7156,11891,54,179679
24046,5.6e-05,172.31.46.0-255,66,11957,54,179679
24047,6e-05,74.125.24.0-255,2118,14075,54,179679
24048,6.3e-05,172.31.46.0-255,66,14141,54,179679
24049,0.000105,172.31.46.0-255,66,14207,54,179679
24050,0.000112,74.125.24.0-255,7156,21363,54,179679
24051,0.000115,172.31.46.0-255,66,21429,54,179679
24052,0.00016,74.125.24.0-255,4320,25749,54,179679
24053,0.000163,172.31.46.0-255,66,25815,54,179679
24054,0.000203,172.31.46.0-255,66,25881,54,179679
24055,0.00043,74.125.24.0-255,1484,27365,54,179679
24056,0.000436,172.31.46.0-255,66,27431,54,179679
24057,0.000442,74.125.24.0-255,2902,30333,54,179679
24058,0.000444,172.31.46.0-255,66,30399,54,179679
24059,0.000474,74.125.24.0-255,4320,34719,54,179679
24060,0.000477,172.31.46.0-255,66,34785,54,179679
24061,0.000484,74.125.24.0-255,7156,41941,54,179679
24062,0.000486,172.31.46.0-255,66,42007,54,179679
24063,0.000509,74.125.24.0-255,1394,43401,54,179679
24064,0.000511,172.31.46.0-255,66,43467,54,179679
24065,0.000523,172.31.46.0-255,66,43533,54,179679
24066,0.000567,74.125.24.0-255,6537,50070,54,179679
24067,0.000571,172.31.46.0-255,66,50136,54,179679
24068,0.000728,74.125.24.0-255,1484,51620,54,179679
24069,0.000735,74.125.24.0-255,2902,54522,54,179679
24070,0.000738,172.31.46.0-255,66,54588,54,179679
24071,0.000772,74.125.24.0-255,5738,60326,54,179679
24072,0.000774,172.31.46.0-255,66,60392,54,179679
24073,0.000782,74.125.24.0-255,7156,67548,54,179679
24074,0.000784,172.31.46.0-255,66,67614,54,179679
24075,0.000806,74.125.24.0-255,1484,69098,54,179679
24076,0.000821,74.125.24.0-255,5738,74836,54,179679
24077,0.000825,172.31.46.0-255,66,74902,54,179679
24078,0.00085,74.125.24.0-255,5738,80640,54,179679
24079,0.000853,172.31.46.0-255,66,80706,54,179679
24080,0.000864,74.125.24.0-255,1484,82190,54,179679
24081,0.000873,74.125.24.0-255,2184,84374,54,179679
24082,0.000876,172.31.46.0-255,66,84440,54,179679
24083,0.001054,74.125.24.0-255,1484,85924,54,179679
24084,0.001075,74.125.24.0-255,2902,88826,54,179679
24085,0.001078,172.31.46.0-255,66,88892,54,179679
24086,0.001085,74.125.24.0-255,5738,94630,54,179679
24087,0.001087,172.31.46.0-255,66,94696,54,179679
24088,0.00113,74.125.24.0-255,5738,100434,54,179679
24089,0.001133,172.31.46.0-255,66,100500,54,179679
24090,0.001155,74.125.24.0-255,7156,107656,54,179679
24091,0.001158,172.31.46.0-255,66,107722,54,179679
24092,0.001169,172.31.46.0-255,66,107788,54,179679
24093,0.001201,172.31.46.0-255,66,107854,54,179679
24094,0.001237,172.31.46.0-255,66,107920,54,179679
24095,0.001254,172.31.46.0-255,66,107986,54,179679
24096,0.001258,74.125.24.0-255,2184,110170,54,179679
24097,0.00126,172.31.46.0-255,66,110236,54,179679
24098,0.001286,74.125.24.0-255,5738,115974,54,179679
24099,0.001289,172.31.46.0-255,66,116040,54,179679
24100,0.001336,172.31.46.0-255,66,116106,54,179679
24101,0.001339,74.125.24.0-255,1484,117590,54,179679
24102,0.001352,172.31.46.0-255,66,117656,54,179679
24103,0.001412,74.125.24.0-255,1484,119140,54,179679
24104,0.001417,74.125.24.0-255,2902,122042,54,179679
24105,0.00142,172.31.46.0-255,66,122108,54,179679
24106,0.001426,74.125.24.0-255,5738,127846,54,179679
24107,0.001428,172.31.46.0-255,66,127912,54,179679
24108,0.001432,74.125.24.0-255,2902,130814,54,179679
24109,0.001434,172.31.46.0-255,66,130880,54,179679
24110,0.001469,172.31.46.0-255,66,130946,54,179679
24111,0.001475,74.125.24.0-255,4320,135266,54,179679
24112,0.001477,172.31.46.0-255,66,135332,54,179679
24113,0.001515,172.31.46.0-255,66,135398,54,179679
24114,0.001522,74.125.24.0-255,7156,142554,54,179679
24115,0.001525,172.31.46.0-255,66,142620,54,179679
24116,0.001575,172.31.46.0-255,66,142686,54,179679
24117,0.001578,74.125.24.0-255,766,143452,54,179679
24118,0.001598,74.125.24.0-255,1484,144936,54,179679
24119,0.0016,172.31.46.0-255,66,145002,54,179679
24120,0.001605,74.125.24.0-255,2902,147904,54,179679
24121,0.001607,172.31.46.0-255,66,147970,54,179679
24122,0.001612,74.125.24.0-255,2902,150872,54,179679
24123,0.001614,172.31.46.0-255,66,150938,54,179679
24124,0.00164,74.125.24.0-255,2902,153840,54,179679
24125,0.001644,74.125.24.0-255,4320,158160,54,179679
24126,0.001676,74.125.24.0-255,7156,165316,54,179679
24127,0.001694,172.31.46.0-255,66,165382,54,179679
24128,0.001755,74.125.24.0-255,2902,168284,54,179679
24129,0.001761,172.31.46.0-255,66,168350,54,179679
24130,0.001838,74.125.24.0-255,3602,171952,54,179679
24131,0.001846,74.125.24.0-255,7156,179108,54,179679
24132,0.001853,172.31.46.0-255,66,179174,54,179679
24133,0.0019,74.125.24.0-255,97,179271,54,179679
24134,0.001943,172.31.46.0-255,66,179337,54,179679
24135,0.001969,74.125.24.0-255,105,179442,54,179679
24136,0.009086,172.31.46.0-255,66,179508,54,179679
24137,0.00912,172.31.46.0-255,105,179613,54,179679
24138,0.01133,74.125.24.0-255,66,179679,54,179679
24139,0.0,74.125.24.0-255,149,149,54,236520
24140,2e-05,172.31.46.0-255,66,215,54,236520
24141,2.7e-05,74.125.24.0-255,1484,1699,54,236520
24142,3.2e-05,172.31.46.0-255,66,1765,54,236520
24143,4.4e-05,74.125.24.0-255,2902,4667,54,236520
24144,4.9e-05,172.31.46.0-255,66,4733,54,236520
24145,5.6e-05,74.125.24.0-255,5738,10471,54,236520
24146,5.9e-05,172.31.46.0-255,66,10537,54,236520
24147,9.8e-05,172.31.46.0-255,66,10603,54,236520
24148,0.000104,74.125.24.0-255,4320,14923,54,236520
24149,0.000106,172.31.46.0-255,66,14989,54,236520
24150,0.000154,172.31.46.0-255,66,15055,54,236520
24151,0.000165,172.31.46.0-255,66,15121,54,236520
24152,0.000238,74.125.24.0-255,1484,16605,54,236520
24153,0.00024,172.31.46.0-255,66,16671,54,236520
24154,0.000256,74.125.24.0-255,2902,19573,54,236520
24155,0.000258,172.31.46.0-255,66,19639,54,236520
24156,0.000262,74.125.24.0-255,1484,21123,54,236520
24157,0.000264,172.31.46.0-255,66,21189,54,236520
24158,0.000282,74.125.24.0-255,4320,25509,54,236520
24159,0.000284,172.31.46.0-255,66,25575,54,236520
24160,0.000294,74.125.24.0-255,5738,31313,54,236520
24161,0.000296,172.31.46.0-255,66,31379,54,236520
24162,0.000334,74.125.24.0-255,1479,32858,54,236520
24163,0.000336,172.31.46.0-255,66,32924,54,236520
24164,0.000497,74.125.24.0-255,1484,34408,54,236520
24165,0.000501,172.31.46.0-255,66,34474,54,236520
24166,0.000506,74.125.24.0-255,2902,37376,54,236520
24167,0.000509,172.31.46.0-255,66,37442,54,236520
24168,0.000513,74.125.24.0-255,2902,40344,54,236520
24169,0.000536,74.125.24.0-255,2902,43246,54,236520
24170,0.000543,74.125.24.0-255,7156,50402,54,236520
24171,0.000553,74.125.24.0-255,1484,51886,54,236520
24172,0.000561,172.31.46.0-255,66,51952,54,236520
24173,0.000585,74.125.24.0-255,2184,54136,54,236520
24174,0.000606,172.31.46.0-255,66,54202,54,236520
24175,0.001961,74.125.24.0-255,1484,55686,54,236520
24176,0.001972,74.125.24.0-255,2902,58588,54,236520
24177,0.001977,172.31.46.0-255,66,58654,54,236520
24178,0.002014,74.125.24.0-255,5738,64392,54,236520
24179,0.002079,74.125.24.0-255,4320,68712,54,236520
24180,0.002097,74.125.24.0-255,6438,75150,54,236520
24181,0.002749,74.125.24.0-255,1484,76634,54,236520
24182,0.002765,74.125.24.0-255,2902,79536,54,236520
24183,0.002793,74.125.24.0-255,2902,82438,54,236520
24184,0.002808,74.125.24.0-255,2902,85340,54,236520
24185,0.002814,74.125.24.0-255,5738,91078,54,236520
24186,0.002839,74.125.24.0-255,2902,93980,54,236520
24187,0.002852,74.125.24.0-255,2184,96164,54,236520
24188,0.003088,74.125.24.0-255,1484,97648,54,236520
24189,0.0031,74.125.24.0-255,2902,100550,54,236520
24190,0.003129,74.125.24.0-255,5738,106288,54,236520
24191,0.00316,74.125.24.0-255,4320,110608,54,236520
24192,0.003181,74.125.24.0-255,5738,116346,54,236520
24193,0.003184,74.125.24.0-255,2902,119248,54,236520
24194,0.003229,74.125.24.0-255,2184,121432,54,236520
24195,0.003251,74.125.24.0-255,2902,124334,54,236520
24196,0.003279,74.125.24.0-255,7156,131490,54,236520
24197,0.003285,74.125.24.0-255,5738,137228,54,236520
24198,0.003328,74.125.24.0-255,4320,141548,54,236520
24199,0.003333,74.125.24.0-255,3602,145150,54,236520
24200,0.003398,74.125.24.0-255,1484,146634,54,236520
24201,0.003409,74.125.24.0-255,2902,149536,54,236520
24202,0.003432,74.125.24.0-255,2902,152438,54,236520
24203,0.003444,74.125.24.0-255,2902,155340,54,236520
24204,0.00345,74.125.24.0-255,7156,162496,54,236520
24205,0.003488,74.125.24.0-255,1484,163980,54,236520
24206,0.003534,74.125.24.0-255,2184,166164,54,236520
24207,0.003684,74.125.24.0-255,1484,167648,54,236520
24208,0.00369,74.125.24.0-255,2902,170550,54,236520
24209,0.003713,74.125.24.0-255,4320,174870,54,236520
24210,0.003722,74.125.24.0-255,1484,176354,54,236520
24211,0.003735,74.125.24.0-255,2902,179256,54,236520
24212,0.003798,74.125.24.0-255,766,180022,54,236520
24213,0.003973,172.31.46.0-255,66,180088,54,236520
24214,0.004001,74.125.24.0-255,1484,181572,54,236520
24215,0.004007,74.125.24.0-255,2902,184474,54,236520
24216,0.004013,74.125.24.0-255,5738,190212,54,236520
24217,0.004054,74.125.24.0-255,4320,194532,54,236520
24218,0.004057,74.125.24.0-255,2902,197434,54,236520
24219,0.004099,172.31.46.0-255,66,197500,54,236520
24220,0.004107,74.125.24.0-255,1484,198984,54,236520
24221,0.004131,172.31.46.0-255,66,199050,54,236520
24222,0.004134,74.125.24.0-255,1484,200534,54,236520
24223,0.004137,172.31.46.0-255,78,200612,54,236520
24224,0.004174,74.125.24.0-255,766,201378,54,236520
24225,0.004183,172.31.46.0-255,66,201444,54,236520
24226,0.004208,74.125.24.0-255,2902,204346,54,236520
24227,0.004231,172.31.46.0-255,66,204412,54,236520
24228,0.004239,74.125.24.0-255,1484,205896,54,236520
24229,0.004242,74.125.24.0-255,1484,207380,54,236520
24230,0.004244,172.31.46.0-255,78,207458,54,236520
24231,0.004246,74.125.24.0-255,1484,208942,54,236520
24232,0.004248,172.31.46.0-255,78,209020,54,236520
24233,0.004251,74.125.24.0-255,1484,210504,54,236520
24234,0.004253,172.31.46.0-255,78,210582,54,236520
24235,0.004259,74.125.24.0-255,1484,212066,54,236520
24236,0.004261,172.31.46.0-255,78,212144,54,236520
24237,0.004263,74.125.24.0-255,1484,213628,54,236520
24238,0.004265,172.31.46.0-255,78,213706,54,236520
24239,0.004282,74.125.24.0-255,4320,218026,54,236520
24240,0.004284,74.125.24.0-255,766,218792,54,236520
24241,0.004286,74.125.24.0-255,1484,220276,54,236520
24242,0.004291,74.125.24.0-255,4320,224596,54,236520
24243,0.004297,172.31.46.0-255,66,224662,54,236520
24244,0.004329,74.125.24.0-255,6899,231561,54,236520
24245,0.004333,74.125.24.0-255,97,231658,54,236520
24246,0.004342,172.31.46.0-255,66,231724,54,236520
24247,0.004371,74.125.24.0-255,105,231829,54,236520
24248,0.006276,172.31.46.0-255,66,231895,54,236520
24249,0.006306,172.31.46.0-255,105,232000,54,236520
24250,0.008331,74.125.24.0-255,66,232066,54,236520
24251,0.027439,172.31.46.0-255,172,232238,54,236520
24252,0.027472,172.31.46.0-255,1119,233357,54,236520
24253,0.027532,172.31.46.0-255,1514,234871,54,236520
24254,0.027534,172.31.46.0-255,1277,236148,54,236520
24255,0.029028,104.244.42.0-255,66,236214,54,236520
24256,0.029058,104.244.42.0-255,66,236280,54,236520
24257,0.029113,104.244.42.0-255,66,236346,54,236520
24258,0.02978,104.244.42.0-255,108,236454,54,236520
24259,0.029787,172.31.46.0-255,66,236520,54,236520
24260,0.0,172.217.194.0-255,152,152,54,202113
24261,1.5e-05,172.31.46.0-255,66,218,54,202113
24262,2.2e-05,172.217.194.0-255,1484,1702,54,202113
24263,2.6e-05,172.31.46.0-255,66,1768,54,202113
24264,3.2e-05,172.217.194.0-255,2902,4670,54,202113
24265,4.2e-05,172.31.46.0-255,66,4736,54,202113
24266,4.8e-05,172.217.194.0-255,7156,11892,54,202113
24267,5.1e-05,172.31.46.0-255,66,11958,54,202113
24268,5.4e-05,172.217.194.0-255,2058,14016,54,202113
24269,5.7e-05,172.31.46.0-255,66,14082,54,202113
24270,0.000437,172.217.194.0-255,1484,15566,54,202113
24271,0.000442,172.31.46.0-255,66,15632,54,202113
24272,0.000448,172.217.194.0-255,2902,18534,54,202113
24273,0.00045,172.31.46.0-255,66,18600,54,202113
24274,0.00046,172.217.194.0-255,5738,24338,54,202113
24275,0.000463,172.31.46.0-255,66,24404,54,202113
24276,0.000469,172.217.194.0-255,5738,30142,54,202113
24277,0.000471,172.31.46.0-255,66,30208,54,202113
24278,0.00051,172.217.194.0-255,1125,31333,54,202113
24279,0.000513,172.31.46.0-255,66,31399,54,202113
24280,0.000727,172.217.194.0-255,1484,32883,54,202113
24281,0.000731,172.31.46.0-255,66,32949,54,202113
24282,0.000739,172.217.194.0-255,2902,35851,54,202113
24283,0.000741,172.31.46.0-255,66,35917,54,202113
24284,0.000768,172.217.194.0-255,5738,41655,54,202113
24285,0.00077,172.31.46.0-255,66,41721,54,202113
24286,0.000792,172.217.194.0-255,1484,43205,54,202113
24287,0.000794,172.31.46.0-255,66,43271,54,202113
24288,0.000815,172.217.194.0-255,5379,48650,54,202113
24289,0.000817,172.31.46.0-255,66,48716,54,202113
24290,0.000847,172.217.194.0-255,7156,55872,54,202113
24291,0.00085,172.31.46.0-255,66,55938,54,202113
24292,0.000854,172.217.194.0-255,1484,57422,54,202113
24293,0.000879,172.217.194.0-255,7156,64578,54,202113
24294,0.000882,172.31.46.0-255,66,64644,54,202113
24295,0.000885,172.217.194.0-255,1439,66083,54,202113
24296,0.001057,172.217.194.0-255,365,66448,54,202113
24297,0.001061,172.31.46.0-255,66,66514,54,202113
24298,0.001402,172.217.194.0-255,1484,67998,54,202113
24299,0.00141,172.217.194.0-255,2902,70900,54,202113
24300,0.001414,172.31.46.0-255,66,70966,54,202113
24301,0.001417,172.217.194.0-255,1484,72450,54,202113
24302,0.001444,172.217.194.0-255,4320,76770,54,202113
24303,0.001447,172.31.46.0-255,66,76836,54,202113
24304,0.001454,172.217.194.0-255,7156,83992,54,202113
24305,0.001456,172.31.46.0-255,66,84058,54,202113
24306,0.001468,172.217.194.0-255,5738,89796,54,202113
24307,0.001471,172.31.46.0-255,66,89862,54,202113
24308,0.001473,172.217.194.0-255,1484,91346,54,202113
24309,0.001504,172.31.46.0-255,66,91412,54,202113
24310,0.001647,172.217.194.0-255,1484,92896,54,202113
24311,0.00165,172.217.194.0-255,1484,94380,54,202113
24312,0.001651,172.31.46.0-255,66,94446,54,202113
24313,0.001669,172.217.194.0-255,1484,95930,54,202113
24314,0.001675,172.217.194.0-255,5738,101668,54,202113
24315,0.00168,172.31.46.0-255,66,101734,54,202113
24316,0.001711,172.217.194.0-255,2902,104636,54,202113
24317,0.001713,172.31.46.0-255,66,104702,54,202113
24318,0.001746,172.31.46.0-255,66,104768,54,202113
24319,0.001758,172.31.46.0-255,66,104834,54,202113
24320,0.001793,172.217.194.0-255,4320,109154,54,202113
24321,0.001795,172.31.46.0-255,66,109220,54,202113
24322,0.001825,172.217.194.0-255,7156,116376,54,202113
24323,0.001827,172.31.46.0-255,66,116442,54,202113
24324,0.001843,172.31.46.0-255,66,116508,54,202113
24325,0.001854,172.31.46.0-255,66,116574,54,202113
24326,0.003828,172.217.194.0-255,5738,122312,54,202113
24327,0.003831,172.31.46.0-255,66,122378,54,202113
24328,0.005827,172.217.194.0-255,5738,128116,54,202113
24329,0.005832,172.31.46.0-255,66,128182,54,202113
24330,0.007822,172.217.194.0-255,5738,133920,54,202113
24331,0.00783,172.31.46.0-255,66,133986,54,202113
24332,0.009836,172.217.194.0-255,5738,139724,54,202113
24333,0.009843,172.31.46.0-255,66,139790,54,202113
24334,0.011862,172.217.194.0-255,5738,145528,54,202113
24335,0.01187,172.31.46.0-255,66,145594,54,202113
24336,0.01385,172.217.194.0-255,5738,151332,54,202113
24337,0.013857,172.31.46.0-255,66,151398,54,202113
24338,0.015847,172.217.194.0-255,5738,157136,54,202113
24339,0.015854,172.31.46.0-255,66,157202,54,202113
24340,0.017894,172.217.194.0-255,5738,162940,54,202113
24341,0.017901,172.31.46.0-255,66,163006,54,202113
24342,0.019898,172.217.194.0-255,5738,168744,54,202113
24343,0.019904,172.31.46.0-255,66,168810,54,202113
24344,0.021922,172.217.194.0-255,5738,174548,54,202113
24345,0.021929,172.31.46.0-255,66,174614,54,202113
24346,0.023074,172.31.46.0-255,175,174789,54,202113
24347,0.023103,172.31.46.0-255,1143,175932,54,202113
24348,0.023151,172.31.46.0-255,1514,177446,54,202113
24349,0.023153,172.31.46.0-255,1253,178699,54,202113
24350,0.02394,172.217.194.0-255,5738,184437,54,202113
24351,0.023946,172.31.46.0-255,66,184503,54,202113
24352,0.024698,104.244.42.0-255,66,184569,54,202113
24353,0.024716,104.244.42.0-255,66,184635,54,202113
24354,0.024749,104.244.42.0-255,66,184701,54,202113
24355,0.025936,172.217.194.0-255,5738,190439,54,202113
24356,0.025941,172.31.46.0-255,66,190505,54,202113
24357,0.027939,172.217.194.0-255,5738,196243,54,202113
24358,0.027945,172.31.46.0-255,66,196309,54,202113
24359,0.029933,172.217.194.0-255,5738,202047,54,202113
24360,0.029938,172.31.46.0-255,66,202113,54,202113
24361,0.0,74.125.130.0-255,146,146,54,181333
24362,2.6e-05,172.31.46.0-255,66,212,54,181333
24363,3.3e-05,74.125.130.0-255,1484,1696,54,181333
24364,3.8e-05,172.31.46.0-255,66,1762,54,181333
24365,5.5e-05,74.125.130.0-255,2902,4664,54,181333
24366,5.9e-05,172.31.46.0-255,66,4730,54,181333
24367,6.3e-05,74.125.130.0-255,1484,6214,54,181333
24368,6.5e-05,172.31.46.0-255,66,6280,54,181333
24369,7.1e-05,74.125.130.0-255,2902,9182,54,181333
24370,7.4e-05,172.31.46.0-255,66,9248,54,181333
24371,0.000105,74.125.130.0-255,4948,14196,54,181333
24372,0.000108,172.31.46.0-255,66,14262,54,181333
24373,0.000454,74.125.130.0-255,1484,15746,54,181333
24374,0.00046,172.31.46.0-255,66,15812,54,181333
24375,0.000466,74.125.130.0-255,2902,18714,54,181333
24376,0.000469,172.31.46.0-255,66,18780,54,181333
24377,0.000472,74.125.130.0-255,1484,20264,54,181333
24378,0.000474,172.31.46.0-255,66,20330,54,181333
24379,0.000499,74.125.130.0-255,4320,24650,54,181333
24380,0.000501,172.31.46.0-255,66,24716,54,181333
24381,0.000504,74.125.130.0-255,1484,26200,54,181333
24382,0.000506,172.31.46.0-255,66,26266,54,181333
24383,0.000514,74.125.130.0-255,2902,29168,54,181333
24384,0.000517,172.31.46.0-255,66,29234,54,181333
24385,0.000545,74.125.130.0-255,2543,31777,54,181333
24386,0.000548,172.31.46.0-255,66,31843,54,181333
24387,0.000663,74.125.130.0-255,1484,33327,54,181333
24388,0.000668,172.31.46.0-255,66,33393,54,181333
24389,0.000672,74.125.130.0-255,1484,34877,54,181333
24390,0.000674,172.31.46.0-255,66,34943,54,181333
24391,0.000694,74.125.130.0-255,1484,36427,54,181333
24392,0.000697,172.31.46.0-255,66,36493,54,181333
24393,0.000705,74.125.130.0-255,2902,39395,54,181333
24394,0.000708,172.31.46.0-255,66,39461,54,181333
24395,0.000711,74.125.130.0-255,1484,40945,54,181333
24396,0.000714,172.31.46.0-255,66,41011,54,181333
24397,0.000749,74.125.130.0-255,2902,43913,54,181333
24398,0.000752,172.31.46.0-255,66,43979,54,181333
24399,0.000758,74.125.130.0-255,5379,49358,54,181333
24400,0.000761,172.31.46.0-255,66,49424,54,181333
24401,0.000956,74.125.130.0-255,1484,50908,54,181333
24402,0.000961,172.31.46.0-255,66,50974,54,181333
24403,0.000966,74.125.130.0-255,2902,53876,54,181333
24404,0.000968,172.31.46.0-255,66,53942,54,181333
24405,0.000998,74.125.130.0-255,5738,59680,54,181333
24406,0.001,172.31.46.0-255,66,59746,54,181333
24407,0.001004,74.125.130.0-255,2902,62648,54,181333
24408,0.001006,172.31.46.0-255,66,62714,54,181333
24409,0.001039,74.125.130.0-255,3961,66675,54,181333
24410,0.001042,172.31.46.0-255,66,66741,54,181333
24411,0.001198,74.125.130.0-255,1484,68225,54,181333
24412,0.001202,172.31.46.0-255,66,68291,54,181333
24413,0.001206,74.125.130.0-255,1484,69775,54,181333
24414,0.001208,172.31.46.0-255,66,69841,54,181333
24415,0.001228,74.125.130.0-255,1484,71325,54,181333
24416,0.00123,172.31.46.0-255,66,71391,54,181333
24417,0.001245,74.125.130.0-255,2902,74293,54,181333
24418,0.001247,172.31.46.0-255,66,74359,54,181333
24419,0.001277,74.125.130.0-255,2902,77261,54,181333
24420,0.001279,172.31.46.0-255,66,77327,54,181333
24421,0.001283,74.125.130.0-255,1484,78811,54,181333
24422,0.001289,74.125.130.0-255,2902,81713,54,181333
24423,0.001305,172.31.46.0-255,66,81779,54,181333
24424,0.001322,74.125.130.0-255,2543,84322,54,181333
24425,0.001339,74.125.130.0-255,2902,87224,54,181333
24426,0.001344,172.31.46.0-255,66,87290,54,181333
24427,0.00138,74.125.130.0-255,2902,90192,54,181333
24428,0.001399,74.125.130.0-255,1484,91676,54,181333
24429,0.001404,74.125.130.0-255,5738,97414,54,181333
24430,0.001418,74.125.130.0-255,3961,101375,54,181333
24431,0.001431,172.31.46.0-255,66,101441,54,181333
24432,0.001455,74.125.130.0-255,1484,102925,54,181333
24433,0.001469,74.125.130.0-255,2902,105827,54,181333
24434,0.001475,172.31.46.0-255,66,105893,54,181333
24435,0.001506,74.125.130.0-255,5738,111631,54,181333
24436,0.001513,74.125.130.0-255,5738,117369,54,181333
24437,0.001542,74.125.130.0-255,1010,118379,54,181333
24438,0.001552,172.31.46.0-255,66,118445,54,181333
24439,0.003808,74.125.130.0-255,5738,124183,54,181333
24440,0.003818,172.31.46.0-255,66,124249,54,181333
24441,0.006067,74.125.130.0-255,4320,128569,54,181333
24442,0.006071,172.31.46.0-255,66,128635,54,181333
24443,0.006094,74.125.130.0-255,1484,130119,54,181333
24444,0.008309,74.125.130.0-255,4320,134439,54,181333
24445,0.008316,172.31.46.0-255,66,134505,54,181333
24446,0.010576,74.125.130.0-255,5738,140243,54,181333
24447,0.012962,172.31.46.0-255,66,140309,54,181333
24448,0.015213,74.125.130.0-255,5738,146047,54,181333
24449,0.015222,172.31.46.0-255,66,146113,54,181333
24450,0.017475,74.125.130.0-255,5738,151851,54,181333
24451,0.017487,172.31.46.0-255,66,151917,54,181333
24452,0.019755,74.125.130.0-255,5738,157655,54,181333
24453,0.019768,172.31.46.0-255,66,157721,54,181333
24454,0.02201,74.125.130.0-255,5738,163459,54,181333
24455,0.022019,172.31.46.0-255,66,163525,54,181333
24456,0.024275,74.125.130.0-255,2902,166427,54,181333
24457,0.024282,172.31.46.0-255,66,166493,54,181333
24458,0.024312,74.125.130.0-255,2902,169395,54,181333
24459,0.024338,172.31.46.0-255,66,169461,54,181333
24460,0.026533,74.125.130.0-255,2902,172363,54,181333
24461,0.026542,172.31.46.0-255,66,172429,54,181333
24462,0.026591,74.125.130.0-255,2902,175331,54,181333
24463,0.026625,172.31.46.0-255,66,175397,54,181333
24464,0.028782,74.125.130.0-255,2902,178299,54,181333
24465,0.02879,172.31.46.0-255,66,178365,54,181333
24466,0.028856,74.125.130.0-255,2902,181267,54,181333
24467,0.028927,172.31.46.0-255,66,181333,54,181333
24468,0.0,74.125.130.0-255,153,153,54,212993
24469,1.9e-05,172.31.46.0-255,66,219,54,212993
24470,2.6e-05,74.125.130.0-255,1484,1703,54,212993
24471,3.1e-05,172.31.46.0-255,66,1769,54,212993
24472,5.2e-05,74.125.130.0-255,2902,4671,54,212993
24473,5.5e-05,172.31.46.0-255,66,4737,54,212993
24474,7.8e-05,74.125.130.0-255,2902,7639,54,212993
24475,8e-05,172.31.46.0-255,66,7705,54,212993
24476,9.9e-05,74.125.130.0-255,2902,10607,54,212993
24477,0.000101,172.31.46.0-255,66,10673,54,212993
24478,0.000123,74.125.130.0-255,1484,12157,54,212993
24479,0.000125,172.31.46.0-255,66,12223,54,212993
24480,0.000128,74.125.130.0-255,1484,13707,54,212993
24481,0.000131,172.31.46.0-255,66,13773,54,212993
24482,0.000148,74.125.130.0-255,1999,15772,54,212993
24483,0.000151,172.31.46.0-255,66,15838,54,212993
24484,0.000162,74.125.130.0-255,1484,17322,54,212993
24485,0.000164,172.31.46.0-255,66,17388,54,212993
24486,0.000184,74.125.130.0-255,1484,18872,54,212993
24487,0.000186,172.31.46.0-255,66,18938,54,212993
24488,0.000192,74.125.130.0-255,4320,23258,54,212993
24489,0.000194,172.31.46.0-255,66,23324,54,212993
24490,0.000219,74.125.130.0-255,5738,29062,54,212993
24491,0.000222,172.31.46.0-255,66,29128,54,212993
24492,0.00027,74.125.130.0-255,2543,31671,54,212993
24493,0.000274,172.31.46.0-255,66,31737,54,212993
24494,0.000748,74.125.130.0-255,1484,33221,54,212993
24495,0.000754,172.31.46.0-255,66,33287,54,212993
24496,0.000787,74.125.130.0-255,2902,36189,54,212993
24497,0.00079,172.31.46.0-255,66,36255,54,212993
24498,0.000808,74.125.130.0-255,1484,37739,54,212993
24499,0.00081,172.31.46.0-255,66,37805,54,212993
24500,0.000824,74.125.130.0-255,2902,40707,54,212993
24501,0.000826,172.31.46.0-255,66,40773,54,212993
24502,0.000829,74.125.130.0-255,1484,42257,54,212993
24503,0.000852,74.125.130.0-255,2902,45159,54,212993
24504,0.000854,172.31.46.0-255,66,45225,54,212993
24505,0.000873,74.125.130.0-255,2902,48127,54,212993
24506,0.000875,172.31.46.0-255,66,48193,54,212993
24507,0.000887,74.125.130.0-255,1125,49318,54,212993
24508,0.000903,74.125.130.0-255,4320,53638,54,212993
24509,0.000905,172.31.46.0-255,66,53704,54,212993
24510,0.000925,74.125.130.0-255,5738,59442,54,212993
24511,0.000928,172.31.46.0-255,66,59508,54,212993
24512,0.000963,74.125.130.0-255,2902,62410,54,212993
24513,0.000966,172.31.46.0-255,66,62476,54,212993
24514,0.000985,74.125.130.0-255,4252,66728,54,212993
24515,0.000989,172.31.46.0-255,66,66794,54,212993
24516,0.00103,74.125.130.0-255,365,67159,54,212993
24517,0.00153,74.125.130.0-255,1484,68643,54,212993
24518,0.001538,172.31.46.0-255,66,68709,54,212993
24519,0.001545,74.125.130.0-255,2902,71611,54,212993
24520,0.001548,172.31.46.0-255,66,71677,54,212993
24521,0.001579,74.125.130.0-255,5738,77415,54,212993
24522,0.001582,172.31.46.0-255,66,77481,54,212993
24523,0.001585,74.125.130.0-255,1484,78965,54,212993
24524,0.001589,74.125.130.0-255,2902,81867,54,212993
24525,0.001592,172.31.46.0-255,66,81933,54,212993
24526,0.001603,74.125.130.0-255,1484,83417,54,212993
24527,0.001622,74.125.130.0-255,4320,87737,54,212993
24528,0.001625,172.31.46.0-255,66,87803,54,212993
24529,0.001628,74.125.130.0-255,1484,89287,54,212993
24530,0.001645,74.125.130.0-255,4320,93607,54,212993
24531,0.001648,172.31.46.0-255,66,93673,54,212993
24532,0.001651,74.125.130.0-255,1484,95157,54,212993
24533,0.001674,74.125.130.0-255,5738,100895,54,212993
24534,0.001677,172.31.46.0-255,66,100961,54,212993
24535,0.00168,74.125.130.0-255,766,101727,54,212993
24536,0.002323,74.125.130.0-255,1484,103211,54,212993
24537,0.00233,172.31.46.0-255,66,103277,54,212993
24538,0.002336,74.125.130.0-255,2902,106179,54,212993
24539,0.002338,172.31.46.0-255,66,106245,54,212993
24540,0.002362,74.125.130.0-255,5738,111983,54,212993
24541,0.002364,172.31.46.0-255,66,112049,54,212993
24542,0.002413,172.31.46.0-255,66,112115,54,212993
24543,0.002436,74.125.130.0-255,1484,113599,54,212993
24544,0.002449,74.125.130.0-255,2902,116501,54,212993
24545,0.002454,172.31.46.0-255,66,116567,54,212993
24546,0.002477,74.125.130.0-255,7156,123723,54,212993
24547,0.00248,172.31.46.0-255,66,123789,54,212993
24548,0.0025,74.125.130.0-255,6438,130227,54,212993
24549,0.002503,172.31.46.0-255,66,130293,54,212993
24550,0.002536,74.125.130.0-255,7156,137449,54,212993
24551,0.002539,172.31.46.0-255,66,137515,54,212993
24552,0.002545,74.125.130.0-255,4320,141835,54,212993
24553,0.002547,172.31.46.0-255,66,141901,54,212993
24554,0.002564,74.125.130.0-255,2902,144803,54,212993
24555,0.002566,172.31.46.0-255,66,144869,54,212993
24556,0.002573,74.125.130.0-255,5738,150607,54,212993
24557,0.002576,172.31.46.0-255,66,150673,54,212993
24558,0.00512,74.125.130.0-255,5738,156411,54,212993
24559,0.005127,172.31.46.0-255,66,156477,54,212993
24560,0.007664,74.125.130.0-255,5738,162215,54,212993
24561,0.007669,172.31.46.0-255,66,162281,54,212993
24562,0.010218,74.125.130.0-255,5738,168019,54,212993
24563,0.010226,172.31.46.0-255,66,168085,54,212993
24564,0.012813,74.125.130.0-255,5738,173823,54,212993
24565,0.012822,172.31.46.0-255,66,173889,54,212993
24566,0.015367,74.125.130.0-255,5738,179627,54,212993
24567,0.015378,172.31.46.0-255,66,179693,54,212993
24568,0.017953,74.125.130.0-255,5738,185431,54,212993
24569,0.017961,172.31.46.0-255,66,185497,54,212993
24570,0.020517,74.125.130.0-255,5738,191235,54,212993
24571,0.020527,172.31.46.0-255,66,191301,54,212993
24572,0.023073,74.125.130.0-255,5738,197039,54,212993
24573,0.023081,172.31.46.0-255,66,197105,54,212993
24574,0.025642,74.125.130.0-255,5738,202843,54,212993
24575,0.025649,172.31.46.0-255,66,202909,54,212993
24576,0.027331,172.31.46.0-255,172,203081,54,212993
24577,0.027358,172.31.46.0-255,1119,204200,54,212993
24578,0.027436,172.31.46.0-255,1514,205714,54,212993
24579,0.027438,172.31.46.0-255,1277,206991,54,212993
24580,0.028196,74.125.130.0-255,5738,212729,54,212993
24581,0.028203,172.31.46.0-255,66,212795,54,212993
24582,0.028879,104.244.42.0-255,66,212861,54,212993
24583,0.028939,104.244.42.0-255,66,212927,54,212993
24584,0.029007,104.244.42.0-255,66,212993,54,212993
24585,0.0,172.217.194.0-255,155,155,54,148257
24586,1.5e-05,172.31.46.0-255,66,221,54,148257
24587,2.2e-05,172.217.194.0-255,1484,1705,54,148257
24588,2.7e-05,172.31.46.0-255,66,1771,54,148257
24589,3.3e-05,172.217.194.0-255,2902,4673,54,148257
24590,3.6e-05,172.31.46.0-255,66,4739,54,148257
24591,5.3e-05,172.217.194.0-255,7156,11895,54,148257
24592,5.6e-05,172.31.46.0-255,66,11961,54,148257
24593,8.5e-05,172.217.194.0-255,1975,13936,54,148257
24594,8.8e-05,172.31.46.0-255,66,14002,54,148257
24595,0.000125,172.217.194.0-255,1484,15486,54,148257
24596,0.000127,172.31.46.0-255,66,15552,54,148257
24597,0.000155,172.217.194.0-255,2902,18454,54,148257
24598,0.000158,172.31.46.0-255,66,18520,54,148257
24599,0.000166,172.217.194.0-255,5738,24258,54,148257
24600,0.000168,172.31.46.0-255,66,24324,54,148257
24601,0.000179,172.217.194.0-255,5738,30062,54,148257
24602,0.000181,172.31.46.0-255,66,30128,54,148257
24603,0.000205,172.217.194.0-255,1125,31253,54,148257
24604,0.000207,172.31.46.0-255,66,31319,54,148257
24605,0.000345,172.217.194.0-255,1484,32803,54,148257
24606,0.000351,172.31.46.0-255,66,32869,54,148257
24607,0.000357,172.217.194.0-255,2902,35771,54,148257
24608,0.000361,172.31.46.0-255,66,35837,54,148257
24609,0.000372,172.217.194.0-255,5738,41575,54,148257
24610,0.000375,172.31.46.0-255,66,41641,54,148257
24611,0.000383,172.217.194.0-255,7156,48797,54,148257
24612,0.000386,172.31.46.0-255,66,48863,54,148257
24613,0.000421,172.217.194.0-255,6797,55660,54,148257
24614,0.000424,172.31.46.0-255,66,55726,54,148257
24615,0.000452,172.217.194.0-255,2902,58628,54,148257
24616,0.000454,172.31.46.0-255,66,58694,54,148257
24617,0.000483,172.217.194.0-255,6797,65491,54,148257
24618,0.000499,172.217.194.0-255,366,65857,54,148257
24619,0.000701,172.31.46.0-255,66,65923,54,148257
24620,0.001429,172.217.194.0-255,378,66301,54,148257
24621,0.001851,172.217.194.0-255,1484,67785,54,148257
24622,0.001859,172.31.46.0-255,66,67851,54,148257
24623,0.001865,172.217.194.0-255,2902,70753,54,148257
24624,0.001872,172.217.194.0-255,5738,76491,54,148257
24625,0.001898,172.217.194.0-255,2902,79393,54,148257
24626,0.001988,172.217.194.0-255,5738,85131,54,148257
24627,0.002009,172.217.194.0-255,5020,90151,54,148257
24628,0.004352,172.31.46.0-255,66,90217,54,148257
24629,0.006767,172.217.194.0-255,5738,95955,54,148257
24630,0.006773,172.31.46.0-255,66,96021,54,148257
24631,0.009128,172.217.194.0-255,5738,101759,54,148257
24632,0.009143,172.31.46.0-255,66,101825,54,148257
24633,0.011594,172.217.194.0-255,5738,107563,54,148257
24634,0.012522,172.31.46.0-255,66,107629,54,148257
24635,0.014882,172.217.194.0-255,5738,113367,54,148257
24636,0.014894,172.31.46.0-255,66,113433,54,148257
24637,0.017238,172.217.194.0-255,5738,119171,54,148257
24638,0.017249,172.31.46.0-255,66,119237,54,148257
24639,0.019641,172.217.194.0-255,5738,124975,54,148257
24640,0.019648,172.31.46.0-255,66,125041,54,148257
24641,0.022007,172.217.194.0-255,5738,130779,54,148257
24642,0.022015,172.31.46.0-255,66,130845,54,148257
24643,0.024368,172.217.194.0-255,5738,136583,54,148257
24644,0.02438,172.31.46.0-255,66,136649,54,148257
24645,0.026783,172.217.194.0-255,5738,142387,54,148257
24646,0.026793,172.31.46.0-255,66,142453,54,148257
24647,0.029193,172.217.194.0-255,5738,148191,54,148257
24648,0.029204,172.31.46.0-255,66,148257,54,148257
24649,0.0,74.125.24.0-255,152,152,54,247849
24650,2.1e-05,172.31.46.0-255,66,218,54,247849
24651,2.9e-05,74.125.24.0-255,1484,1702,54,247849
24652,3.4e-05,172.31.46.0-255,66,1768,54,247849
24653,4e-05,74.125.24.0-255,2902,4670,54,247849
24654,5.1e-05,172.31.46.0-255,66,4736,54,247849
24655,5.9e-05,74.125.24.0-255,7156,11892,54,247849
24656,6.3e-05,172.31.46.0-255,66,11958,54,247849
24657,6.7e-05,74.125.24.0-255,2006,13964,54,247849
24658,7e-05,172.31.46.0-255,66,14030,54,247849
24659,9.3e-05,74.125.24.0-255,2902,16932,54,247849
24660,0.0001,172.31.46.0-255,66,16998,54,247849
24661,0.000106,74.125.24.0-255,4320,21318,54,247849
24662,0.000109,172.31.46.0-255,66,21384,54,247849
24663,0.000149,172.31.46.0-255,66,21450,54,247849
24664,0.000152,74.125.24.0-255,1125,22575,54,247849
24665,0.000154,172.31.46.0-255,66,22641,54,247849
24666,0.000257,74.125.24.0-255,1484,24125,54,247849
24667,0.000261,172.31.46.0-255,66,24191,54,247849
24668,0.000267,74.125.24.0-255,2902,27093,54,247849
24669,0.000269,172.31.46.0-255,66,27159,54,247849
24670,0.000274,74.125.24.0-255,4320,31479,54,247849
24671,0.000277,172.31.46.0-255,66,31545,54,247849
24672,0.000308,74.125.24.0-255,1484,33029,54,247849
24673,0.00031,172.31.46.0-255,66,33095,54,247849
24674,0.000319,74.125.24.0-255,6797,39892,54,247849
24675,0.000322,172.31.46.0-255,66,39958,54,247849
24676,0.000511,74.125.24.0-255,1484,41442,54,247849
24677,0.000516,172.31.46.0-255,66,41508,54,247849
24678,0.000521,74.125.24.0-255,2902,44410,54,247849
24679,0.000524,172.31.46.0-255,66,44476,54,247849
24680,0.000531,74.125.24.0-255,5738,50214,54,247849
24681,0.000538,172.31.46.0-255,66,50280,54,247849
24682,0.000576,74.125.24.0-255,6797,57077,54,247849
24683,0.00058,172.31.46.0-255,66,57143,54,247849
24684,0.000611,74.125.24.0-255,5738,62881,54,247849
24685,0.000613,172.31.46.0-255,66,62947,54,247849
24686,0.00062,74.125.24.0-255,5738,68685,54,247849
24687,0.000623,172.31.46.0-255,66,68751,54,247849
24688,0.000654,74.125.24.0-255,1484,70235,54,247849
24689,0.000662,74.125.24.0-255,4542,74777,54,247849
24690,0.000665,172.31.46.0-255,66,74843,54,247849
24691,0.000696,74.125.24.0-255,5738,80581,54,247849
24692,0.000699,172.31.46.0-255,66,80647,54,247849
24693,0.000705,74.125.24.0-255,4320,84967,54,247849
24694,0.000707,172.31.46.0-255,66,85033,54,247849
24695,0.000731,74.125.24.0-255,6797,91830,54,247849
24696,0.000734,172.31.46.0-255,66,91896,54,247849
24697,0.00116,74.125.24.0-255,1484,93380,54,247849
24698,0.001166,74.125.24.0-255,2902,96282,54,247849
24699,0.00117,172.31.46.0-255,66,96348,54,247849
24700,0.001175,74.125.24.0-255,2902,99250,54,247849
24701,0.001177,172.31.46.0-255,66,99316,54,247849
24702,0.001203,74.125.24.0-255,2902,102218,54,247849
24703,0.001206,172.31.46.0-255,66,102284,54,247849
24704,0.001224,172.31.46.0-255,66,102350,54,247849
24705,0.001235,172.31.46.0-255,66,102416,54,247849
24706,0.001278,74.125.24.0-255,1484,103900,54,247849
24707,0.001283,74.125.24.0-255,2902,106802,54,247849
24708,0.001285,172.31.46.0-255,66,106868,54,247849
24709,0.001316,74.125.24.0-255,5738,112606,54,247849
24710,0.001319,172.31.46.0-255,66,112672,54,247849
24711,0.001326,74.125.24.0-255,5738,118410,54,247849
24712,0.001329,172.31.46.0-255,66,118476,54,247849
24713,0.001332,74.125.24.0-255,1484,119960,54,247849
24714,0.001378,74.125.24.0-255,5020,124980,54,247849
24715,0.001384,172.31.46.0-255,66,125046,54,247849
24716,0.001392,172.31.46.0-255,66,125112,54,247849
24717,0.001455,74.125.24.0-255,1484,126596,54,247849
24718,0.001459,74.125.24.0-255,1484,128080,54,247849
24719,0.001461,172.31.46.0-255,66,128146,54,247849
24720,0.001476,74.125.24.0-255,1484,129630,54,247849
24721,0.001487,74.125.24.0-255,5738,135368,54,247849
24722,0.001489,172.31.46.0-255,66,135434,54,247849
24723,0.001564,172.31.46.0-255,66,135500,54,247849
24724,0.001587,74.125.24.0-255,1484,136984,54,247849
24725,0.001598,172.31.46.0-255,66,137050,54,247849
24726,0.001603,74.125.24.0-255,2184,139234,54,247849
24727,0.001605,172.31.46.0-255,66,139300,54,247849
24728,0.001656,74.125.24.0-255,1484,140784,54,247849
24729,0.00167,74.125.24.0-255,2902,143686,54,247849
24730,0.001673,172.31.46.0-255,66,143752,54,247849
24731,0.001687,74.125.24.0-255,1484,145236,54,247849
24732,0.001695,74.125.24.0-255,2902,148138,54,247849
24733,0.001698,172.31.46.0-255,66,148204,54,247849
24734,0.00172,74.125.24.0-255,2902,151106,54,247849
24735,0.001722,172.31.46.0-255,66,151172,54,247849
24736,0.001729,74.125.24.0-255,5738,156910,54,247849
24737,0.001731,172.31.46.0-255,66,156976,54,247849
24738,0.00177,74.125.24.0-255,7156,164132,54,247849
24739,0.001774,172.31.46.0-255,66,164198,54,247849
24740,0.00178,74.125.24.0-255,7156,171354,54,247849
24741,0.001782,172.31.46.0-255,66,171420,54,247849
24742,0.001815,74.125.24.0-255,2184,173604,54,247849
24743,0.001819,172.31.46.0-255,66,173670,54,247849
24744,0.001902,74.125.24.0-255,1484,175154,54,247849
24745,0.001906,74.125.24.0-255,1484,176638,54,247849
24746,0.001911,172.31.46.0-255,66,176704,54,247849
24747,0.001938,74.125.24.0-255,1484,178188,54,247849
24748,0.001945,74.125.24.0-255,5738,183926,54,247849
24749,0.001948,172.31.46.0-255,66,183992,54,247849
24750,0.001964,172.31.46.0-255,66,184058,54,247849
24751,0.001988,74.125.24.0-255,1484,185542,54,247849
24752,0.002008,172.31.46.0-255,66,185608,54,247849
24753,0.002037,74.125.24.0-255,5020,190628,54,247849
24754,0.002041,172.31.46.0-255,66,190694,54,247849
24755,0.002137,74.125.24.0-255,1484,192178,54,247849
24756,0.002155,74.125.24.0-255,2902,195080,54,247849
24757,0.002158,172.31.46.0-255,66,195146,54,247849
24758,0.002165,74.125.24.0-255,5738,200884,54,247849
24759,0.002167,172.31.46.0-255,66,200950,54,247849
24760,0.002209,172.31.46.0-255,66,201016,54,247849
24761,0.002215,74.125.24.0-255,7156,208172,54,247849
24762,0.002223,172.31.46.0-255,66,208238,54,247849
24763,0.002254,172.31.46.0-255,66,208304,54,247849
24764,0.002306,172.31.46.0-255,66,208370,54,247849
24765,0.002321,172.31.46.0-255,66,208436,54,247849
24766,0.002329,74.125.24.0-255,7156,215592,54,247849
24767,0.002331,172.31.46.0-255,66,215658,54,247849
24768,0.002343,74.125.24.0-255,1484,217142,54,247849
24769,0.002351,172.31.46.0-255,66,217208,54,247849
24770,0.002392,172.31.46.0-255,66,217274,54,247849
24771,0.002394,74.125.24.0-255,766,218040,54,247849
24772,0.002435,74.125.24.0-255,2902,220942,54,247849
24773,0.002437,172.31.46.0-255,66,221008,54,247849
24774,0.002473,172.31.46.0-255,66,221074,54,247849
24775,0.002479,74.125.24.0-255,7156,228230,54,247849
24776,0.002482,172.31.46.0-255,66,228296,54,247849
24777,0.004879,74.125.24.0-255,5738,234034,54,247849
24778,0.004887,172.31.46.0-255,66,234100,54,247849
24779,0.00729,74.125.24.0-255,5738,239838,54,247849
24780,0.007293,172.31.46.0-255,66,239904,54,247849
24781,0.00968,74.125.24.0-255,5738,245642,54,247849
24782,0.009687,172.31.46.0-255,66,245708,54,247849
24783,0.01207,74.125.24.0-255,1904,247612,54,247849
24784,0.012077,172.31.46.0-255,66,247678,54,247849
24785,0.016955,172.31.46.0-255,105,247783,54,247849
24786,0.019321,74.125.24.0-255,66,247849,54,247849
24787,0.0,216.58.221.0-255,149,149,54,228903
24788,2.3e-05,172.31.46.0-255,66,215,54,228903
24789,3.1e-05,216.58.221.0-255,1484,1699,54,228903
24790,3.5e-05,172.31.46.0-255,66,1765,54,228903
24791,3.8e-05,216.58.221.0-255,1484,3249,54,228903
24792,4.2e-05,172.31.46.0-255,66,3315,54,228903
24793,4.8e-05,216.58.221.0-255,2902,6217,54,228903
24794,5.1e-05,172.31.46.0-255,66,6283,54,228903
24795,5.8e-05,216.58.221.0-255,5738,12021,54,228903
24796,6e-05,172.31.46.0-255,66,12087,54,228903
24797,6.5e-05,216.58.221.0-255,2902,14989,54,228903
24798,6.8e-05,172.31.46.0-255,66,15055,54,228903
24799,0.00011,216.58.221.0-255,4923,19978,54,228903
24800,0.000113,172.31.46.0-255,66,20044,54,228903
24801,0.000124,172.31.46.0-255,66,20110,54,228903
24802,0.000128,216.58.221.0-255,2543,22653,54,228903
24803,0.000129,172.31.46.0-255,66,22719,54,228903
24804,0.00027,216.58.221.0-255,1484,24203,54,228903
24805,0.000275,172.31.46.0-255,66,24269,54,228903
24806,0.00028,216.58.221.0-255,2902,27171,54,228903
24807,0.000282,172.31.46.0-255,66,27237,54,228903
24808,0.000285,216.58.221.0-255,1484,28721,54,228903
24809,0.000287,172.31.46.0-255,66,28787,54,228903
24810,0.000314,216.58.221.0-255,4320,33107,54,228903
24811,0.000316,172.31.46.0-255,66,33173,54,228903
24812,0.000321,216.58.221.0-255,2902,36075,54,228903
24813,0.000322,172.31.46.0-255,66,36141,54,228903
24814,0.000337,216.58.221.0-255,3961,40102,54,228903
24815,0.00034,172.31.46.0-255,66,40168,54,228903
24816,0.000543,216.58.221.0-255,1484,41652,54,228903
24817,0.000549,172.31.46.0-255,66,41718,54,228903
24818,0.000555,216.58.221.0-255,2902,44620,54,228903
24819,0.000557,172.31.46.0-255,66,44686,54,228903
24820,0.000563,216.58.221.0-255,4320,49006,54,228903
24821,0.000565,172.31.46.0-255,66,49072,54,228903
24822,0.000588,216.58.221.0-255,1484,50556,54,228903
24823,0.000595,216.58.221.0-255,4320,54876,54,228903
24824,0.000598,172.31.46.0-255,66,54942,54,228903
24825,0.000614,216.58.221.0-255,1484,56426,54,228903
24826,0.000628,216.58.221.0-255,1417,57843,54,228903
24827,0.000631,172.31.46.0-255,66,57909,54,228903
24828,0.000955,216.58.221.0-255,386,58295,54,228903
24829,0.001079,216.58.221.0-255,1484,59779,54,228903
24830,0.001082,216.58.221.0-255,1484,61263,54,228903
24831,0.001087,172.31.46.0-255,66,61329,54,228903
24832,0.001097,216.58.221.0-255,1484,62813,54,228903
24833,0.0011,172.31.46.0-255,66,62879,54,228903
24834,0.001105,216.58.221.0-255,4320,67199,54,228903
24835,0.001107,172.31.46.0-255,66,67265,54,228903
24836,0.00112,216.58.221.0-255,1484,68749,54,228903
24837,0.001125,216.58.221.0-255,4320,73069,54,228903
24838,0.001127,172.31.46.0-255,66,73135,54,228903
24839,0.001175,216.58.221.0-255,3961,77096,54,228903
24840,0.001179,172.31.46.0-255,66,77162,54,228903
24841,0.001183,216.58.221.0-255,1484,78646,54,228903
24842,0.001201,216.58.221.0-255,2902,81548,54,228903
24843,0.001204,172.31.46.0-255,66,81614,54,228903
24844,0.001227,216.58.221.0-255,2902,84516,54,228903
24845,0.001229,172.31.46.0-255,66,84582,54,228903
24846,0.001253,216.58.221.0-255,7156,91738,54,228903
24847,0.001255,172.31.46.0-255,66,91804,54,228903
24848,0.001258,216.58.221.0-255,1125,92929,54,228903
24849,0.00144,216.58.221.0-255,1484,94413,54,228903
24850,0.001444,172.31.46.0-255,66,94479,54,228903
24851,0.001449,216.58.221.0-255,2902,97381,54,228903
24852,0.001451,172.31.46.0-255,66,97447,54,228903
24853,0.001474,216.58.221.0-255,5738,103185,54,228903
24854,0.001478,172.31.46.0-255,66,103251,54,228903
24855,0.001491,216.58.221.0-255,1484,104735,54,228903
24856,0.001517,172.31.46.0-255,66,104801,54,228903
24857,0.001536,216.58.221.0-255,1484,106285,54,228903
24858,0.001566,172.31.46.0-255,66,106351,54,228903
24859,0.001593,216.58.221.0-255,1484,107835,54,228903
24860,0.001614,216.58.221.0-255,2902,110737,54,228903
24861,0.001617,172.31.46.0-255,66,110803,54,228903
24862,0.001622,216.58.221.0-255,4320,115123,54,228903
24863,0.001624,172.31.46.0-255,66,115189,54,228903
24864,0.001637,216.58.221.0-255,1484,116673,54,228903
24865,0.001651,216.58.221.0-255,4320,120993,54,228903
24866,0.001654,172.31.46.0-255,66,121059,54,228903
24867,0.001683,172.31.46.0-255,66,121125,54,228903
24868,0.001688,216.58.221.0-255,2902,124027,54,228903
24869,0.00169,172.31.46.0-255,66,124093,54,228903
24870,0.001711,172.31.46.0-255,66,124159,54,228903
24871,0.001783,216.58.221.0-255,1484,125643,54,228903
24872,0.001797,216.58.221.0-255,2902,128545,54,228903
24873,0.0018,172.31.46.0-255,66,128611,54,228903
24874,0.001817,216.58.221.0-255,5738,134349,54,228903
24875,0.00182,172.31.46.0-255,66,134415,54,228903
24876,0.001851,172.31.46.0-255,66,134481,54,228903
24877,0.001875,216.58.221.0-255,4320,138801,54,228903
24878,0.001882,216.58.221.0-255,7156,145957,54,228903
24879,0.001886,172.31.46.0-255,66,146023,54,228903
24880,0.001894,172.31.46.0-255,66,146089,54,228903
24881,0.001899,216.58.221.0-255,3602,149691,54,228903
24882,0.001901,172.31.46.0-255,66,149757,54,228903
24883,0.003816,216.58.221.0-255,1484,151241,54,228903
24884,0.003836,216.58.221.0-255,1484,152725,54,228903
24885,0.00384,172.31.46.0-255,66,152791,54,228903
24886,0.003864,216.58.221.0-255,2902,155693,54,228903
24887,0.003866,172.31.46.0-255,66,155759,54,228903
24888,0.005756,216.58.221.0-255,2902,158661,54,228903
24889,0.005759,172.31.46.0-255,66,158727,54,228903
24890,0.005778,216.58.221.0-255,2902,161629,54,228903
24891,0.005781,172.31.46.0-255,66,161695,54,228903
24892,0.007678,216.58.221.0-255,2902,164597,54,228903
24893,0.007684,172.31.46.0-255,66,164663,54,228903
24894,0.007706,216.58.221.0-255,2902,167565,54,228903
24895,0.007708,172.31.46.0-255,66,167631,54,228903
24896,0.009607,216.58.221.0-255,2902,170533,54,228903
24897,0.009614,172.31.46.0-255,66,170599,54,228903
24898,0.009631,216.58.221.0-255,2902,173501,54,228903
24899,0.009633,172.31.46.0-255,66,173567,54,228903
24900,0.011541,216.58.221.0-255,5738,179305,54,228903
24901,0.011549,172.31.46.0-255,66,179371,54,228903
24902,0.013479,216.58.221.0-255,5738,185109,54,228903
24903,0.013487,172.31.46.0-255,66,185175,54,228903
24904,0.015426,216.58.221.0-255,4320,189495,54,228903
24905,0.015433,172.31.46.0-255,66,189561,54,228903
24906,0.015454,216.58.221.0-255,1484,191045,54,228903
24907,0.017368,216.58.221.0-255,2902,193947,54,228903
24908,0.017377,172.31.46.0-255,66,194013,54,228903
24909,0.017396,216.58.221.0-255,1484,195497,54,228903
24910,0.019327,216.58.221.0-255,4320,199817,54,228903
24911,0.019334,172.31.46.0-255,66,199883,54,228903
24912,0.021266,216.58.221.0-255,5738,205621,54,228903
24913,0.021272,172.31.46.0-255,66,205687,54,228903
24914,0.023201,216.58.221.0-255,5738,211425,54,228903
24915,0.023209,172.31.46.0-255,66,211491,54,228903
24916,0.025133,216.58.221.0-255,5738,217229,54,228903
24917,0.02514,172.31.46.0-255,66,217295,54,228903
24918,0.027083,216.58.221.0-255,5738,223033,54,228903
24919,0.02709,172.31.46.0-255,66,223099,54,228903
24920,0.029066,216.58.221.0-255,5738,228837,54,228903
24921,0.029073,172.31.46.0-255,66,228903,54,228903
24922,0.0,192.229.237.0-255,128,128,54,155064
24923,1.6e-05,192.229.237.0-255,90,218,54,155064
24924,2e-05,192.229.237.0-255,66,284,54,155064
24925,0.000174,172.31.46.0-255,105,389,54,155064
24926,0.000359,172.31.46.0-255,90,479,54,155064
24927,0.000369,172.31.46.0-255,66,545,54,155064
24928,0.00164,192.229.237.0-255,66,611,54,155064
24929,0.019277,74.125.68.0-255,152,763,54,155064
24930,0.0193,172.31.46.0-255,66,829,54,155064
24931,0.019307,74.125.68.0-255,1484,2313,54,155064
24932,0.019332,172.31.46.0-255,66,2379,54,155064
24933,0.019339,74.125.68.0-255,2902,5281,54,155064
24934,0.019341,172.31.46.0-255,66,5347,54,155064
24935,0.019348,74.125.68.0-255,5738,11085,54,155064
24936,0.01935,172.31.46.0-255,66,11151,54,155064
24937,0.019355,74.125.68.0-255,2902,14053,54,155064
24938,0.019357,172.31.46.0-255,66,14119,54,155064
24939,0.019376,74.125.68.0-255,3502,17621,54,155064
24940,0.019383,172.31.46.0-255,66,17687,54,155064
24941,0.019408,74.125.68.0-255,2902,20589,54,155064
24942,0.01941,172.31.46.0-255,66,20655,54,155064
24943,0.019437,74.125.68.0-255,4320,24975,54,155064
24944,0.01944,172.31.46.0-255,66,25041,54,155064
24945,0.019443,74.125.68.0-255,1484,26525,54,155064
24946,0.019445,172.31.46.0-255,66,26591,54,155064
24947,0.019469,74.125.68.0-255,2902,29493,54,155064
24948,0.019472,172.31.46.0-255,66,29559,54,155064
24949,0.019504,74.125.68.0-255,2543,32102,54,155064
24950,0.019507,172.31.46.0-255,66,32168,54,155064
24951,0.019628,74.125.68.0-255,1484,33652,54,155064
24952,0.019632,172.31.46.0-255,66,33718,54,155064
24953,0.019637,74.125.68.0-255,2902,36620,54,155064
24954,0.019639,172.31.46.0-255,66,36686,54,155064
24955,0.019668,74.125.68.0-255,4320,41006,54,155064
24956,0.019671,172.31.46.0-255,66,41072,54,155064
24957,0.019697,74.125.68.0-255,4320,45392,54,155064
24958,0.019699,172.31.46.0-255,66,45458,54,155064
24959,0.019727,74.125.68.0-255,3961,49419,54,155064
24960,0.01973,172.31.46.0-255,66,49485,54,155064
24961,0.01974,172.31.46.0-255,66,49551,54,155064
24962,0.019752,74.125.68.0-255,5738,55289,54,155064
24963,0.019754,172.31.46.0-255,66,55355,54,155064
24964,0.019784,74.125.68.0-255,2817,58172,54,155064
24965,0.019787,172.31.46.0-255,66,58238,54,155064
24966,0.01979,74.125.68.0-255,381,58619,54,155064
24967,0.019936,74.125.68.0-255,1484,60103,54,155064
24968,0.019941,172.31.46.0-255,66,60169,54,155064
24969,0.019947,74.125.68.0-255,2902,63071,54,155064
24970,0.019949,172.31.46.0-255,66,63137,54,155064
24971,0.019966,74.125.68.0-255,4320,67457,54,155064
24972,0.019968,172.31.46.0-255,66,67523,54,155064
24973,0.020011,74.125.68.0-255,4320,71843,54,155064
24974,0.020014,172.31.46.0-255,66,71909,54,155064
24975,0.020021,172.31.46.0-255,66,71975,54,155064
24976,0.020068,172.31.46.0-255,66,72041,54,155064
24977,0.020094,74.125.68.0-255,2543,74584,54,155064
24978,0.020097,172.31.46.0-255,66,74650,54,155064
24979,0.02022,74.125.68.0-255,1484,76134,54,155064
24980,0.020238,74.125.68.0-255,2902,79036,54,155064
24981,0.020242,172.31.46.0-255,66,79102,54,155064
24982,0.020249,74.125.68.0-255,5738,84840,54,155064
24983,0.020251,172.31.46.0-255,66,84906,54,155064
24984,0.020261,74.125.68.0-255,4320,89226,54,155064
24985,0.020263,172.31.46.0-255,66,89292,54,155064
24986,0.020321,74.125.68.0-255,5738,95030,54,155064
24987,0.020326,172.31.46.0-255,66,95096,54,155064
24988,0.020344,172.31.46.0-255,66,95162,54,155064
24989,0.020349,74.125.68.0-255,2184,97346,54,155064
24990,0.020352,172.31.46.0-255,66,97412,54,155064
24991,0.020809,74.125.68.0-255,1484,98896,54,155064
24992,0.020817,74.125.68.0-255,2902,101798,54,155064
24993,0.020821,172.31.46.0-255,66,101864,54,155064
24994,0.020882,74.125.68.0-255,5738,107602,54,155064
24995,0.020885,172.31.46.0-255,66,107668,54,155064
24996,0.020919,74.125.68.0-255,1484,109152,54,155064
24997,0.020938,74.125.68.0-255,2902,112054,54,155064
24998,0.02094,172.31.46.0-255,66,112120,54,155064
24999,0.020968,74.125.68.0-255,2902,115022,54,155064
25000,0.020971,172.31.46.0-255,66,115088,54,155064
25001,0.020995,74.125.68.0-255,1484,116572,54,155064
25002,0.021009,74.125.68.0-255,2902,119474,54,155064
25003,0.021011,172.31.46.0-255,66,119540,54,155064
25004,0.021018,74.125.68.0-255,5738,125278,54,155064
25005,0.021021,172.31.46.0-255,66,125344,54,155064
25006,0.021052,74.125.68.0-255,6438,131782,54,155064
25007,0.021056,172.31.46.0-255,66,131848,54,155064
25008,0.02303,74.125.68.0-255,5738,137586,54,155064
25009,0.023044,172.31.46.0-255,66,137652,54,155064
25010,0.025023,74.125.68.0-255,5738,143390,54,155064
25011,0.025028,172.31.46.0-255,66,143456,54,155064
25012,0.026992,74.125.68.0-255,5738,149194,54,155064
25013,0.026995,172.31.46.0-255,66,149260,54,155064
25014,0.028986,74.125.68.0-255,5738,154998,54,155064
25015,0.028997,172.31.46.0-255,66,155064,54,155064
25016,0.0,74.125.130.0-255,179,179,54,168075
25017,2.2e-05,172.31.46.0-255,66,245,54,168075
25018,2.9e-05,74.125.130.0-255,1484,1729,54,168075
25019,3.4e-05,172.31.46.0-255,66,1795,54,168075
25020,3.9e-05,74.125.130.0-255,2902,4697,54,168075
25021,4.2e-05,172.31.46.0-255,66,4763,54,168075
25022,6.9e-05,74.125.130.0-255,5738,10501,54,168075
25023,7.2e-05,172.31.46.0-255,66,10567,54,168075
25024,0.000107,74.125.130.0-255,1484,12051,54,168075
25025,0.000109,172.31.46.0-255,66,12117,54,168075
25026,0.000141,74.125.130.0-255,4737,16854,54,168075
25027,0.000145,172.31.46.0-255,66,16920,54,168075
25028,0.000153,74.125.130.0-255,7156,24076,54,168075
25029,0.000155,172.31.46.0-255,66,24142,54,168075
25030,0.000159,74.125.130.0-255,2902,27044,54,168075
25031,0.000161,172.31.46.0-255,66,27110,54,168075
25032,0.000184,74.125.130.0-255,3961,31071,54,168075
25033,0.000186,172.31.46.0-255,66,31137,54,168075
25034,0.000384,74.125.130.0-255,1484,32621,54,168075
25035,0.000389,172.31.46.0-255,66,32687,54,168075
25036,0.000395,74.125.130.0-255,2902,35589,54,168075
25037,0.000397,172.31.46.0-255,66,35655,54,168075
25038,0.000422,74.125.130.0-255,1484,37139,54,168075
25039,0.000425,172.31.46.0-255,66,37205,54,168075
25040,0.000444,74.125.130.0-255,2902,40107,54,168075
25041,0.000448,172.31.46.0-255,66,40173,54,168075
25042,0.000462,74.125.130.0-255,1484,41657,54,168075
25043,0.000465,172.31.46.0-255,66,41723,54,168075
25044,0.00049,74.125.130.0-255,4320,46043,54,168075
25045,0.000493,172.31.46.0-255,66,46109,54,168075
25046,0.00051,74.125.130.0-255,2543,48652,54,168075
25047,0.000512,172.31.46.0-255,66,48718,54,168075
25048,0.001908,74.125.130.0-255,1484,50202,54,168075
25049,0.001933,74.125.130.0-255,1484,51686,54,168075
25050,0.001937,172.31.46.0-255,66,51752,54,168075
25051,0.001943,74.125.130.0-255,2902,54654,54,168075
25052,0.001945,172.31.46.0-255,66,54720,54,168075
25053,0.001956,74.125.130.0-255,2902,57622,54,168075
25054,0.001958,172.31.46.0-255,66,57688,54,168075
25055,0.001972,74.125.130.0-255,2902,60590,54,168075
25056,0.001974,172.31.46.0-255,66,60656,54,168075
25057,0.001978,74.125.130.0-255,2902,63558,54,168075
25058,0.00198,172.31.46.0-255,66,63624,54,168075
25059,0.002038,74.125.130.0-255,2543,66167,54,168075
25060,0.00204,172.31.46.0-255,66,66233,54,168075
25061,0.002056,74.125.130.0-255,2902,69135,54,168075
25062,0.002058,172.31.46.0-255,66,69201,54,168075
25063,0.002083,74.125.130.0-255,4320,73521,54,168075
25064,0.002084,172.31.46.0-255,66,73587,54,168075
25065,0.0021,74.125.130.0-255,1484,75071,54,168075
25066,0.002116,74.125.130.0-255,4320,79391,54,168075
25067,0.002118,172.31.46.0-255,66,79457,54,168075
25068,0.002136,74.125.130.0-255,2902,82359,54,168075
25069,0.002138,172.31.46.0-255,66,82425,54,168075
25070,0.002142,74.125.130.0-255,2902,85327,54,168075
25071,0.002143,172.31.46.0-255,66,85393,54,168075
25072,0.002155,74.125.130.0-255,1484,86877,54,168075
25073,0.002182,74.125.130.0-255,5738,92615,54,168075
25074,0.002184,172.31.46.0-255,66,92681,54,168075
25075,0.002201,74.125.130.0-255,2902,95583,54,168075
25076,0.002203,172.31.46.0-255,66,95649,54,168075
25077,0.002237,74.125.130.0-255,5020,100669,54,168075
25078,0.002239,172.31.46.0-255,66,100735,54,168075
25079,0.004432,74.125.130.0-255,4320,105055,54,168075
25080,0.004435,172.31.46.0-255,66,105121,54,168075
25081,0.004452,74.125.130.0-255,1484,106605,54,168075
25082,0.006653,74.125.130.0-255,4320,110925,54,168075
25083,0.006659,172.31.46.0-255,66,110991,54,168075
25084,0.00888,74.125.130.0-255,5738,116729,54,168075
25085,0.008887,172.31.46.0-255,66,116795,54,168075
25086,0.011138,74.125.130.0-255,5738,122533,54,168075
25087,0.011146,172.31.46.0-255,66,122599,54,168075
25088,0.013368,74.125.130.0-255,5738,128337,54,168075
25089,0.013375,172.31.46.0-255,66,128403,54,168075
25090,0.015601,74.125.130.0-255,5738,134141,54,168075
25091,0.01561,172.31.46.0-255,66,134207,54,168075
25092,0.017825,74.125.130.0-255,4320,138527,54,168075
25093,0.017837,172.31.46.0-255,66,138593,54,168075
25094,0.017857,74.125.130.0-255,1484,140077,54,168075
25095,0.020043,74.125.130.0-255,4320,144397,54,168075
25096,0.020053,172.31.46.0-255,66,144463,54,168075
25097,0.022264,74.125.130.0-255,2902,147365,54,168075
25098,0.022271,172.31.46.0-255,66,147431,54,168075
25099,0.022291,74.125.130.0-255,2902,150333,54,168075
25100,0.022293,172.31.46.0-255,66,150399,54,168075
25101,0.02448,74.125.130.0-255,2902,153301,54,168075
25102,0.024487,172.31.46.0-255,66,153367,54,168075
25103,0.024507,74.125.130.0-255,2902,156269,54,168075
25104,0.024509,172.31.46.0-255,66,156335,54,168075
25105,0.026689,74.125.130.0-255,2902,159237,54,168075
25106,0.026697,172.31.46.0-255,66,159303,54,168075
25107,0.026715,74.125.130.0-255,2902,162205,54,168075
25108,0.026717,172.31.46.0-255,66,162271,54,168075
25109,0.028903,74.125.130.0-255,5738,168009,54,168075
25110,0.02891,172.31.46.0-255,66,168075,54,168075
25111,0.0,74.125.24.0-255,152,152,54,153299
25112,2.2e-05,172.31.46.0-255,66,218,54,153299
25113,2.9e-05,74.125.24.0-255,1484,1702,54,153299
25114,3.3e-05,172.31.46.0-255,66,1768,54,153299
25115,3.8e-05,74.125.24.0-255,2902,4670,54,153299
25116,5e-05,172.31.46.0-255,66,4736,54,153299
25117,5.6e-05,74.125.24.0-255,5738,10474,54,153299
25118,6e-05,172.31.46.0-255,66,10540,54,153299
25119,0.000128,74.125.24.0-255,3394,13934,54,153299
25120,0.000132,172.31.46.0-255,66,14000,54,153299
25121,0.00017,74.125.24.0-255,4320,18320,54,153299
25122,0.000173,172.31.46.0-255,66,18386,54,153299
25123,0.000232,172.31.46.0-255,66,18452,54,153299
25124,0.000258,74.125.24.0-255,1484,19936,54,153299
25125,0.000261,172.31.46.0-255,66,20002,54,153299
25126,0.000354,74.125.24.0-255,2543,22545,54,153299
25127,0.000358,172.31.46.0-255,66,22611,54,153299
25128,0.000571,74.125.24.0-255,1484,24095,54,153299
25129,0.000576,172.31.46.0-255,66,24161,54,153299
25130,0.000582,74.125.24.0-255,2902,27063,54,153299
25131,0.000584,172.31.46.0-255,66,27129,54,153299
25132,0.000612,74.125.24.0-255,5738,32867,54,153299
25133,0.000615,172.31.46.0-255,66,32933,54,153299
25134,0.000686,74.125.24.0-255,6797,39730,54,153299
25135,0.00069,172.31.46.0-255,66,39796,54,153299
25136,0.000769,74.125.24.0-255,2902,42698,54,153299
25137,0.000773,172.31.46.0-255,66,42764,54,153299
25138,0.000812,74.125.24.0-255,4320,47084,54,153299
25139,0.000814,172.31.46.0-255,66,47150,54,153299
25140,0.00087,74.125.24.0-255,4320,51470,54,153299
25141,0.000874,172.31.46.0-255,66,51536,54,153299
25142,0.000902,74.125.24.0-255,4320,55856,54,153299
25143,0.000905,172.31.46.0-255,66,55922,54,153299
25144,0.00097,74.125.24.0-255,1419,57341,54,153299
25145,0.001113,74.125.24.0-255,134,57475,54,153299
25146,0.001119,172.31.46.0-255,66,57541,54,153299
25147,0.001574,74.125.24.0-255,346,57887,54,153299
25148,0.001594,74.125.24.0-255,1484,59371,54,153299
25149,0.001598,172.31.46.0-255,66,59437,54,153299
25150,0.001606,74.125.24.0-255,4320,63757,54,153299
25151,0.001608,172.31.46.0-255,66,63823,54,153299
25152,0.001672,74.125.24.0-255,4320,68143,54,153299
25153,0.001675,172.31.46.0-255,66,68209,54,153299
25154,0.001706,74.125.24.0-255,5738,73947,54,153299
25155,0.001708,172.31.46.0-255,66,74013,54,153299
25156,0.001787,74.125.24.0-255,2902,76915,54,153299
25157,0.001791,172.31.46.0-255,66,76981,54,153299
25158,0.001833,74.125.24.0-255,7156,84137,54,153299
25159,0.001836,172.31.46.0-255,66,84203,54,153299
25160,0.001868,74.125.24.0-255,7156,91359,54,153299
25161,0.001871,172.31.46.0-255,66,91425,54,153299
25162,0.002022,74.125.24.0-255,7156,98581,54,153299
25163,0.002028,172.31.46.0-255,66,98647,54,153299
25164,0.002059,74.125.24.0-255,6438,105085,54,153299
25165,0.002061,172.31.46.0-255,66,105151,54,153299
25166,0.002202,172.31.46.0-255,66,105217,54,153299
25167,0.00224,172.31.46.0-255,66,105283,54,153299
25168,0.00248,172.31.46.0-255,66,105349,54,153299
25169,0.002527,172.31.46.0-255,66,105415,54,153299
25170,0.002941,74.125.24.0-255,5738,111153,54,153299
25171,0.002945,172.31.46.0-255,66,111219,54,153299
25172,0.002967,74.125.24.0-255,7156,118375,54,153299
25173,0.00297,172.31.46.0-255,66,118441,54,153299
25174,0.003105,74.125.24.0-255,1484,119925,54,153299
25175,0.003135,74.125.24.0-255,5738,125663,54,153299
25176,0.003138,172.31.46.0-255,66,125729,54,153299
25177,0.003205,172.31.46.0-255,66,125795,54,153299
25178,0.003646,74.125.24.0-255,7156,132951,54,153299
25179,0.003652,172.31.46.0-255,66,133017,54,153299
25180,0.003696,172.31.46.0-255,66,133083,54,153299
25181,0.003726,74.125.24.0-255,5720,138803,54,153299
25182,0.00373,172.31.46.0-255,66,138869,54,153299
25183,0.004234,172.31.46.0-255,66,138935,54,153299
25184,0.004333,172.31.46.0-255,66,139001,54,153299
25185,0.004362,172.31.46.0-255,66,139067,54,153299
25186,0.005101,172.31.46.0-255,66,139133,54,153299
25187,0.005135,172.31.46.0-255,66,139199,54,153299
25188,0.005187,172.31.46.0-255,66,139265,54,153299
25189,0.005946,74.125.24.0-255,7156,146421,54,153299
25190,0.005951,172.31.46.0-255,66,146487,54,153299
25191,0.005987,74.125.24.0-255,6575,153062,54,153299
25192,0.00599,172.31.46.0-255,66,153128,54,153299
25193,0.00625,172.31.46.0-255,105,153233,54,153299
25194,0.008229,74.125.24.0-255,66,153299,54,153299
25195,0.0,172.217.194.0-255,153,153,54,207706
25196,1.5e-05,172.31.46.0-255,66,219,54,207706
25197,2.1e-05,172.217.194.0-255,1484,1703,54,207706
25198,2.5e-05,172.31.46.0-255,66,1769,54,207706
25199,2.9e-05,172.217.194.0-255,2902,4671,54,207706
25200,3.2e-05,172.31.46.0-255,66,4737,54,207706
25201,4.6e-05,172.217.194.0-255,7156,11893,54,207706
25202,4.9e-05,172.31.46.0-255,66,11959,54,207706
25203,5.3e-05,172.217.194.0-255,2139,14098,54,207706
25204,5.5e-05,172.31.46.0-255,66,14164,54,207706
25205,5.9e-05,172.217.194.0-255,1484,15648,54,207706
25206,6.1e-05,172.31.46.0-255,66,15714,54,207706
25207,8.1e-05,172.217.194.0-255,1484,17198,54,207706
25208,8.4e-05,172.31.46.0-255,66,17264,54,207706
25209,9.4e-05,172.217.194.0-255,7156,24420,54,207706
25210,9.6e-05,172.31.46.0-255,66,24486,54,207706
25211,0.000129,172.217.194.0-255,6797,31283,54,207706
25212,0.000132,172.31.46.0-255,66,31349,54,207706
25213,0.000158,172.217.194.0-255,7156,38505,54,207706
25214,0.000161,172.31.46.0-255,66,38571,54,207706
25215,0.000167,172.217.194.0-255,7156,45727,54,207706
25216,0.000169,172.31.46.0-255,66,45793,54,207706
25217,0.000197,172.217.194.0-255,2543,48336,54,207706
25218,0.000199,172.31.46.0-255,66,48402,54,207706
25219,0.000586,172.217.194.0-255,1484,49886,54,207706
25220,0.00059,172.31.46.0-255,66,49952,54,207706
25221,0.000595,172.217.194.0-255,2902,52854,54,207706
25222,0.000597,172.31.46.0-255,66,52920,54,207706
25223,0.000604,172.217.194.0-255,5738,58658,54,207706
25224,0.00061,172.31.46.0-255,66,58724,54,207706
25225,0.000613,172.217.194.0-255,1484,60208,54,207706
25226,0.000615,172.31.46.0-255,66,60274,54,207706
25227,0.000645,172.217.194.0-255,5379,65653,54,207706
25228,0.000648,172.31.46.0-255,66,65719,54,207706
25229,0.000682,172.31.46.0-255,66,65785,54,207706
25230,0.000723,172.31.46.0-255,66,65851,54,207706
25231,0.000746,172.217.194.0-255,1706,67557,54,207706
25232,0.000749,172.31.46.0-255,66,67623,54,207706
25233,0.000779,172.31.46.0-255,66,67689,54,207706
25234,0.000862,172.217.194.0-255,1484,69173,54,207706
25235,0.000884,172.217.194.0-255,2902,72075,54,207706
25236,0.000887,172.31.46.0-255,66,72141,54,207706
25237,0.000893,172.217.194.0-255,5738,77879,54,207706
25238,0.000895,172.31.46.0-255,66,77945,54,207706
25239,0.000923,172.217.194.0-255,6233,84178,54,207706
25240,0.000927,172.31.46.0-255,66,84244,54,207706
25241,0.000965,172.217.194.0-255,2902,87146,54,207706
25242,0.000968,172.31.46.0-255,66,87212,54,207706
25243,0.000973,172.217.194.0-255,4320,91532,54,207706
25244,0.000975,172.31.46.0-255,66,91598,54,207706
25245,0.001005,172.31.46.0-255,66,91664,54,207706
25246,0.001073,172.31.46.0-255,66,91730,54,207706
25247,0.00117,172.217.194.0-255,1484,93214,54,207706
25248,0.001175,172.217.194.0-255,2902,96116,54,207706
25249,0.001177,172.31.46.0-255,66,96182,54,207706
25250,0.001183,172.217.194.0-255,5738,101920,54,207706
25251,0.001185,172.31.46.0-255,66,101986,54,207706
25252,0.001205,172.217.194.0-255,4320,106306,54,207706
25253,0.001211,172.31.46.0-255,66,106372,54,207706
25254,0.001243,172.31.46.0-255,66,106438,54,207706
25255,0.001254,172.31.46.0-255,66,106504,54,207706
25256,0.00129,172.217.194.0-255,1484,107988,54,207706
25257,0.001295,172.217.194.0-255,2902,110890,54,207706
25258,0.001297,172.31.46.0-255,66,110956,54,207706
25259,0.00132,172.217.194.0-255,5738,116694,54,207706
25260,0.001322,172.31.46.0-255,66,116760,54,207706
25261,0.001327,172.217.194.0-255,4320,121080,54,207706
25262,0.001328,172.31.46.0-255,66,121146,54,207706
25263,0.001357,172.217.194.0-255,5738,126884,54,207706
25264,0.001359,172.31.46.0-255,66,126950,54,207706
25265,0.00139,172.31.46.0-255,66,127016,54,207706
25266,0.001411,172.217.194.0-255,3602,130618,54,207706
25267,0.001413,172.31.46.0-255,66,130684,54,207706
25268,0.001443,172.31.46.0-255,66,130750,54,207706
25269,0.001447,172.217.194.0-255,2902,133652,54,207706
25270,0.001449,172.31.46.0-255,66,133718,54,207706
25271,0.001499,172.217.194.0-255,6438,140156,54,207706
25272,0.00151,172.217.194.0-255,7156,147312,54,207706
25273,0.001513,172.217.194.0-255,2902,150214,54,207706
25274,0.001518,172.31.46.0-255,66,150280,54,207706
25275,0.001535,172.31.46.0-255,66,150346,54,207706
25276,0.001538,172.31.46.0-255,66,150412,54,207706
25277,0.001559,172.217.194.0-255,2902,153314,54,207706
25278,0.001564,172.31.46.0-255,66,153380,54,207706
25279,0.001565,172.31.46.0-255,66,153446,54,207706
25280,0.001575,172.31.46.0-255,66,153512,54,207706
25281,0.001606,172.31.46.0-255,66,153578,54,207706
25282,0.00161,172.217.194.0-255,2902,156480,54,207706
25283,0.001612,172.31.46.0-255,66,156546,54,207706
25284,0.001641,172.31.46.0-255,66,156612,54,207706
25285,0.001646,172.217.194.0-255,5020,161632,54,207706
25286,0.001648,172.31.46.0-255,66,161698,54,207706
25287,0.001704,172.217.194.0-255,1484,163182,54,207706
25288,0.001708,172.217.194.0-255,2902,166084,54,207706
25289,0.001713,172.217.194.0-255,5738,171822,54,207706
25290,0.001718,172.31.46.0-255,66,171888,54,207706
25291,0.001724,172.31.46.0-255,66,171954,54,207706
25292,0.001727,172.217.194.0-255,1484,173438,54,207706
25293,0.00177,172.31.46.0-255,66,173504,54,207706
25294,0.001806,172.31.46.0-255,66,173570,54,207706
25295,0.001828,172.217.194.0-255,1484,175054,54,207706
25296,0.001831,172.217.194.0-255,1484,176538,54,207706
25297,0.001837,172.31.46.0-255,66,176604,54,207706
25298,0.001844,172.217.194.0-255,1484,178088,54,207706
25299,0.001849,172.217.194.0-255,4320,182408,54,207706
25300,0.001861,172.217.194.0-255,1484,183892,54,207706
25301,0.001866,172.217.194.0-255,4320,188212,54,207706
25302,0.00187,172.31.46.0-255,66,188278,54,207706
25303,0.001929,172.31.46.0-255,66,188344,54,207706
25304,0.00335,172.217.194.0-255,1484,189828,54,207706
25305,0.003356,172.217.194.0-255,2902,192730,54,207706
25306,0.003359,172.31.46.0-255,66,192796,54,207706
25307,0.003389,172.217.194.0-255,5738,198534,54,207706
25308,0.003392,172.31.46.0-255,66,198600,54,207706
25309,0.003401,172.31.46.0-255,66,198666,54,207706
25310,0.003404,172.217.194.0-255,1484,200150,54,207706
25311,0.003435,172.217.194.0-255,6950,207100,54,207706
25312,0.003437,172.217.194.0-255,97,207197,54,207706
25313,0.003441,172.31.46.0-255,66,207263,54,207706
25314,0.003494,172.217.194.0-255,105,207368,54,207706
25315,0.003746,172.31.46.0-255,101,207469,54,207706
25316,0.004292,172.31.46.0-255,105,207574,54,207706
25317,0.006011,172.217.194.0-255,66,207640,54,207706
25318,0.00657,172.217.194.0-255,66,207706,54,207706
25319,0.0,74.125.24.0-255,150,150,54,211111
25320,1.5e-05,172.31.46.0-255,66,216,54,211111
25321,2.2e-05,74.125.24.0-255,1484,1700,54,211111
25322,2.7e-05,172.31.46.0-255,66,1766,54,211111
25323,3.3e-05,74.125.24.0-255,2902,4668,54,211111
25324,4.3e-05,172.31.46.0-255,66,4734,54,211111
25325,4.9e-05,74.125.24.0-255,4320,9054,54,211111
25326,5.1e-05,172.31.46.0-255,66,9120,54,211111
25327,5.7e-05,74.125.24.0-255,4879,13999,54,211111
25328,6.1e-05,172.31.46.0-255,66,14065,54,211111
25329,6.6e-05,74.125.24.0-255,2902,16967,54,211111
25330,6.9e-05,172.31.46.0-255,66,17033,54,211111
25331,0.000118,172.31.46.0-255,66,17099,54,211111
25332,0.000125,74.125.24.0-255,5379,22478,54,211111
25333,0.000127,172.31.46.0-255,66,22544,54,211111
25334,0.000211,74.125.24.0-255,1484,24028,54,211111
25335,0.000214,172.31.46.0-255,66,24094,54,211111
25336,0.000219,74.125.24.0-255,2902,26996,54,211111
25337,0.000221,172.31.46.0-255,66,27062,54,211111
25338,0.000252,74.125.24.0-255,5738,32800,54,211111
25339,0.000256,172.31.46.0-255,66,32866,54,211111
25340,0.000259,74.125.24.0-255,1484,34350,54,211111
25341,0.00026,172.31.46.0-255,66,34416,54,211111
25342,0.000306,172.31.46.0-255,66,34482,54,211111
25343,0.000317,172.31.46.0-255,66,34548,54,211111
25344,0.000324,74.125.24.0-255,384,34932,54,211111
25345,0.000326,172.31.46.0-255,66,34998,54,211111
25346,0.0004,74.125.24.0-255,1484,36482,54,211111
25347,0.000403,172.31.46.0-255,66,36548,54,211111
25348,0.000407,74.125.24.0-255,2902,39450,54,211111
25349,0.00041,172.31.46.0-255,66,39516,54,211111
25350,0.000442,74.125.24.0-255,5738,45254,54,211111
25351,0.000445,172.31.46.0-255,66,45320,54,211111
25352,0.00045,74.125.24.0-255,4320,49640,54,211111
25353,0.000453,172.31.46.0-255,66,49706,54,211111
25354,0.000492,172.31.46.0-255,66,49772,54,211111
25355,0.000499,74.125.24.0-255,6797,56569,54,211111
25356,0.000501,172.31.46.0-255,66,56635,54,211111
25357,0.000723,74.125.24.0-255,1484,58119,54,211111
25358,0.00073,74.125.24.0-255,2902,61021,54,211111
25359,0.000734,172.31.46.0-255,66,61087,54,211111
25360,0.000766,74.125.24.0-255,5738,66825,54,211111
25361,0.000769,172.31.46.0-255,66,66891,54,211111
25362,0.00078,172.31.46.0-255,66,66957,54,211111
25363,0.000819,74.125.24.0-255,4320,71277,54,211111
25364,0.000822,172.31.46.0-255,66,71343,54,211111
25365,0.000839,172.31.46.0-255,66,71409,54,211111
25366,0.000861,74.125.24.0-255,1484,72893,54,211111
25367,0.000866,74.125.24.0-255,2902,75795,54,211111
25368,0.000869,172.31.46.0-255,66,75861,54,211111
25369,0.000899,74.125.24.0-255,5738,81599,54,211111
25370,0.000902,172.31.46.0-255,66,81665,54,211111
25371,0.000908,74.125.24.0-255,5738,87403,54,211111
25372,0.000911,172.31.46.0-255,66,87469,54,211111
25373,0.000929,172.31.46.0-255,66,87535,54,211111
25374,0.00095,74.125.24.0-255,1484,89019,54,211111
25375,0.000961,74.125.24.0-255,5020,94039,54,211111
25376,0.000963,172.31.46.0-255,66,94105,54,211111
25377,0.000969,74.125.24.0-255,5738,99843,54,211111
25378,0.000971,172.31.46.0-255,66,99909,54,211111
25379,0.001013,74.125.24.0-255,4320,104229,54,211111
25380,0.001018,172.31.46.0-255,66,104295,54,211111
25381,0.001021,172.31.46.0-255,66,104361,54,211111
25382,0.001044,74.125.24.0-255,4320,108681,54,211111
25383,0.001047,172.31.46.0-255,66,108747,54,211111
25384,0.00105,74.125.24.0-255,1484,110231,54,211111
25385,0.001081,74.125.24.0-255,5020,115251,54,211111
25386,0.001084,172.31.46.0-255,66,115317,54,211111
25387,0.001091,74.125.24.0-255,7156,122473,54,211111
25388,0.001093,172.31.46.0-255,66,122539,54,211111
25389,0.001137,172.31.46.0-255,66,122605,54,211111
25390,0.001174,172.31.46.0-255,66,122671,54,211111
25391,0.001198,74.125.24.0-255,1484,124155,54,211111
25392,0.001208,74.125.24.0-255,1484,125639,54,211111
25393,0.00121,172.31.46.0-255,66,125705,54,211111
25394,0.001245,74.125.24.0-255,1484,127189,54,211111
25395,0.001251,74.125.24.0-255,5738,132927,54,211111
25396,0.001254,172.31.46.0-255,66,132993,54,211111
25397,0.001279,172.31.46.0-255,66,133059,54,211111
25398,0.001286,74.125.24.0-255,7156,140215,54,211111
25399,0.001289,172.31.46.0-255,66,140281,54,211111
25400,0.001365,74.125.24.0-255,3602,143883,54,211111
25401,0.001368,172.31.46.0-255,66,143949,54,211111
25402,0.001374,74.125.24.0-255,4320,148269,54,211111
25403,0.001376,172.31.46.0-255,66,148335,54,211111
25404,0.001392,172.31.46.0-255,66,148401,54,211111
25405,0.001407,172.31.46.0-255,66,148467,54,211111
25406,0.001413,74.125.24.0-255,6438,154905,54,211111
25407,0.001416,172.31.46.0-255,66,154971,54,211111
25408,0.001465,74.125.24.0-255,1484,156455,54,211111
25409,0.001481,74.125.24.0-255,2902,159357,54,211111
25410,0.001484,172.31.46.0-255,66,159423,54,211111
25411,0.00149,74.125.24.0-255,5738,165161,54,211111
25412,0.001492,172.31.46.0-255,66,165227,54,211111
25413,0.001512,74.125.24.0-255,5738,170965,54,211111
25414,0.001515,172.31.46.0-255,66,171031,54,211111
25415,0.001547,74.125.24.0-255,7156,178187,54,211111
25416,0.00155,172.31.46.0-255,66,178253,54,211111
25417,0.001576,172.31.46.0-255,66,178319,54,211111
25418,0.001622,74.125.24.0-255,2902,181221,54,211111
25419,0.001625,172.31.46.0-255,66,181287,54,211111
25420,0.00163,74.125.24.0-255,4320,185607,54,211111
25421,0.001632,172.31.46.0-255,66,185673,54,211111
25422,0.001647,172.31.46.0-255,66,185739,54,211111
25423,0.00167,74.125.24.0-255,5738,191477,54,211111
25424,0.001673,172.31.46.0-255,66,191543,54,211111
25425,0.001718,172.31.46.0-255,66,191609,54,211111
25426,0.001796,74.125.24.0-255,1484,193093,54,211111
25427,0.001802,74.125.24.0-255,2902,195995,54,211111
25428,0.001805,172.31.46.0-255,66,196061,54,211111
25429,0.001841,74.125.24.0-255,5738,201799,54,211111
25430,0.001844,172.31.46.0-255,66,201865,54,211111
25431,0.001862,172.31.46.0-255,66,201931,54,211111
25432,0.001887,74.125.24.0-255,1484,203415,54,211111
25433,0.001898,172.31.46.0-255,66,203481,54,211111
25434,0.001926,74.125.24.0-255,7156,210637,54,211111
25435,0.001929,172.31.46.0-255,66,210703,54,211111
25436,0.001964,172.31.46.0-255,66,210769,54,211111
25437,0.001967,74.125.24.0-255,105,210874,54,211111
25438,0.009563,172.31.46.0-255,66,210940,54,211111
25439,0.009604,172.31.46.0-255,105,211045,54,211111
25440,0.011927,74.125.24.0-255,66,211111,54,211111
25441,0.0,74.125.24.0-255,162,162,54,171730
25442,2.3e-05,172.31.46.0-255,66,228,54,171730
25443,3e-05,74.125.24.0-255,1484,1712,54,171730
25444,3.4e-05,172.31.46.0-255,66,1778,54,171730
25445,4e-05,74.125.24.0-255,2902,4680,54,171730
25446,4.4e-05,172.31.46.0-255,66,4746,54,171730
25447,5.2e-05,74.125.24.0-255,7156,11902,54,171730
25448,5.5e-05,172.31.46.0-255,66,11968,54,171730
25449,5.9e-05,74.125.24.0-255,2039,14007,54,171730
25450,6.2e-05,172.31.46.0-255,66,14073,54,171730
25451,8.5e-05,74.125.24.0-255,5738,19811,54,171730
25452,8.8e-05,172.31.46.0-255,66,19877,54,171730
25453,0.000124,74.125.24.0-255,5738,25615,54,171730
25454,0.000127,172.31.46.0-255,66,25681,54,171730
25455,0.000139,172.31.46.0-255,66,25747,54,171730
25456,0.000172,74.125.24.0-255,1484,27231,54,171730
25457,0.000174,172.31.46.0-255,66,27297,54,171730
25458,0.000197,172.31.46.0-255,66,27363,54,171730
25459,0.000382,74.125.24.0-255,1484,28847,54,171730
25460,0.000387,172.31.46.0-255,66,28913,54,171730
25461,0.000393,74.125.24.0-255,2902,31815,54,171730
25462,0.000396,172.31.46.0-255,66,31881,54,171730
25463,0.000402,74.125.24.0-255,5738,37619,54,171730
25464,0.000405,172.31.46.0-255,66,37685,54,171730
25465,0.000461,74.125.24.0-255,5738,43423,54,171730
25466,0.000464,172.31.46.0-255,66,43489,54,171730
25467,0.000482,74.125.24.0-255,1425,44914,54,171730
25468,0.000484,172.31.46.0-255,66,44980,54,171730
25469,0.000775,74.125.24.0-255,130,45110,54,171730
25470,0.000779,172.31.46.0-255,66,45176,54,171730
25471,0.001029,74.125.24.0-255,1484,46660,54,171730
25472,0.001036,74.125.24.0-255,1484,48144,54,171730
25473,0.001039,172.31.46.0-255,66,48210,54,171730
25474,0.001062,74.125.24.0-255,1484,49694,54,171730
25475,0.00107,74.125.24.0-255,5738,55432,54,171730
25476,0.001073,172.31.46.0-255,66,55498,54,171730
25477,0.001091,74.125.24.0-255,1484,56982,54,171730
25478,0.00111,74.125.24.0-255,1484,58466,54,171730
25479,0.001113,172.31.46.0-255,66,58532,54,171730
25480,0.001139,74.125.24.0-255,4320,62852,54,171730
25481,0.001142,172.31.46.0-255,66,62918,54,171730
25482,0.001149,74.125.24.0-255,7156,70074,54,171730
25483,0.001152,172.31.46.0-255,66,70140,54,171730
25484,0.001185,74.125.24.0-255,7156,77296,54,171730
25485,0.001188,172.31.46.0-255,66,77362,54,171730
25486,0.001216,74.125.24.0-255,2184,79546,54,171730
25487,0.001218,172.31.46.0-255,66,79612,54,171730
25488,0.001908,74.125.24.0-255,1484,81096,54,171730
25489,0.001917,74.125.24.0-255,1484,82580,54,171730
25490,0.001922,172.31.46.0-255,66,82646,54,171730
25491,0.001938,74.125.24.0-255,1484,84130,54,171730
25492,0.001944,74.125.24.0-255,4320,88450,54,171730
25493,0.001946,172.31.46.0-255,66,88516,54,171730
25494,0.00198,172.31.46.0-255,66,88582,54,171730
25495,0.001996,74.125.24.0-255,4320,92902,54,171730
25496,0.001998,172.31.46.0-255,66,92968,54,171730
25497,0.002035,172.31.46.0-255,66,93034,54,171730
25498,0.002051,172.31.46.0-255,66,93100,54,171730
25499,0.002056,74.125.24.0-255,2902,96002,54,171730
25500,0.00206,172.31.46.0-255,78,96080,54,171730
25501,0.002074,172.31.46.0-255,66,96146,54,171730
25502,0.004067,74.125.24.0-255,5738,101884,54,171730
25503,0.004076,172.31.46.0-255,66,101950,54,171730
25504,0.006082,74.125.24.0-255,5738,107688,54,171730
25505,0.006086,172.31.46.0-255,66,107754,54,171730
25506,0.008099,74.125.24.0-255,5738,113492,54,171730
25507,0.008107,172.31.46.0-255,66,113558,54,171730
25508,0.010151,74.125.24.0-255,2902,116460,54,171730
25509,0.010159,172.31.46.0-255,66,116526,54,171730
25510,0.010178,74.125.24.0-255,2902,119428,54,171730
25511,0.01018,172.31.46.0-255,66,119494,54,171730
25512,0.012173,74.125.24.0-255,5738,125232,54,171730
25513,0.012182,172.31.46.0-255,66,125298,54,171730
25514,0.014182,74.125.24.0-255,5738,131036,54,171730
25515,0.014189,172.31.46.0-255,66,131102,54,171730
25516,0.016211,74.125.24.0-255,5738,136840,54,171730
25517,0.01622,172.31.46.0-255,66,136906,54,171730
25518,0.018224,74.125.24.0-255,5738,142644,54,171730
25519,0.018235,172.31.46.0-255,66,142710,54,171730
25520,0.020272,74.125.24.0-255,5738,148448,54,171730
25521,0.020281,172.31.46.0-255,66,148514,54,171730
25522,0.022343,74.125.24.0-255,5738,154252,54,171730
25523,0.022351,172.31.46.0-255,66,154318,54,171730
25524,0.02435,74.125.24.0-255,5738,160056,54,171730
25525,0.02436,172.31.46.0-255,66,160122,54,171730
25526,0.026361,74.125.24.0-255,5738,165860,54,171730
25527,0.02637,172.31.46.0-255,66,165926,54,171730
25528,0.0284,74.125.24.0-255,5738,171664,54,171730
25529,0.028408,172.31.46.0-255,66,171730,54,171730
25530,0.0,172.217.194.0-255,151,151,54,189628
25531,2.3e-05,172.31.46.0-255,66,217,54,189628
25532,3.1e-05,172.217.194.0-255,1484,1701,54,189628
25533,3.6e-05,172.31.46.0-255,66,1767,54,189628
25534,4.3e-05,172.217.194.0-255,2902,4669,54,189628
25535,4.7e-05,172.31.46.0-255,66,4735,54,189628
25536,6.1e-05,172.217.194.0-255,5738,10473,54,189628
25537,6.5e-05,172.31.46.0-255,66,10539,54,189628
25538,7e-05,172.217.194.0-255,3422,13961,54,189628
25539,7.3e-05,172.31.46.0-255,66,14027,54,189628
25540,0.000138,172.217.194.0-255,1484,15511,54,189628
25541,0.000142,172.31.46.0-255,66,15577,54,189628
25542,0.00017,172.217.194.0-255,2902,18479,54,189628
25543,0.000173,172.31.46.0-255,66,18545,54,189628
25544,0.000177,172.217.194.0-255,2902,21447,54,189628
25545,0.000179,172.31.46.0-255,66,21513,54,189628
25546,0.000182,172.217.194.0-255,1484,22997,54,189628
25547,0.000184,172.31.46.0-255,66,23063,54,189628
25548,0.000215,172.217.194.0-255,5738,28801,54,189628
25549,0.000217,172.31.46.0-255,66,28867,54,189628
25550,0.000223,172.217.194.0-255,2543,31410,54,189628
25551,0.000225,172.31.46.0-255,66,31476,54,189628
25552,0.000229,172.217.194.0-255,2902,34378,54,189628
25553,0.000231,172.31.46.0-255,66,34444,54,189628
25554,0.000263,172.217.194.0-255,7156,41600,54,189628
25555,0.000266,172.31.46.0-255,66,41666,54,189628
25556,0.000269,172.217.194.0-255,1484,43150,54,189628
25557,0.000271,172.31.46.0-255,66,43216,54,189628
25558,0.000302,172.217.194.0-255,5379,48595,54,189628
25559,0.000305,172.31.46.0-255,66,48661,54,189628
25560,0.00069,172.217.194.0-255,1484,50145,54,189628
25561,0.000697,172.31.46.0-255,66,50211,54,189628
25562,0.000704,172.217.194.0-255,2902,53113,54,189628
25563,0.000707,172.31.46.0-255,66,53179,54,189628
25564,0.000711,172.217.194.0-255,2902,56081,54,189628
25565,0.000718,172.31.46.0-255,66,56147,54,189628
25566,0.000749,172.217.194.0-255,2902,59049,54,189628
25567,0.000753,172.31.46.0-255,66,59115,54,189628
25568,0.00076,172.217.194.0-255,6797,65912,54,189628
25569,0.000762,172.31.46.0-255,66,65978,54,189628
25570,0.000799,172.217.194.0-255,1484,67462,54,189628
25571,0.000815,172.217.194.0-255,2902,70364,54,189628
25572,0.000819,172.31.46.0-255,66,70430,54,189628
25573,0.000849,172.217.194.0-255,5738,76168,54,189628
25574,0.000851,172.31.46.0-255,66,76234,54,189628
25575,0.000887,172.31.46.0-255,66,76300,54,189628
25576,0.000893,172.217.194.0-255,4320,80620,54,189628
25577,0.000895,172.31.46.0-255,66,80686,54,189628
25578,0.000928,172.217.194.0-255,4320,85006,54,189628
25579,0.00094,172.31.46.0-255,66,85072,54,189628
25580,0.000948,172.31.46.0-255,66,85138,54,189628
25581,0.001044,172.217.194.0-255,1484,86622,54,189628
25582,0.00105,172.217.194.0-255,2902,89524,54,189628
25583,0.001054,172.31.46.0-255,66,89590,54,189628
25584,0.001105,172.217.194.0-255,5738,95328,54,189628
25585,0.001109,172.31.46.0-255,66,95394,54,189628
25586,0.001125,172.31.46.0-255,66,95460,54,189628
25587,0.001135,172.217.194.0-255,5738,101198,54,189628
25588,0.001138,172.31.46.0-255,66,101264,54,189628
25589,0.001147,172.217.194.0-255,5889,107153,54,189628
25590,0.00115,172.31.46.0-255,66,107219,54,189628
25591,0.001237,172.31.46.0-255,66,107285,54,189628
25592,0.001239,172.217.194.0-255,1125,108410,54,189628
25593,0.001571,172.217.194.0-255,1484,109894,54,189628
25594,0.001576,172.31.46.0-255,66,109960,54,189628
25595,0.001582,172.217.194.0-255,2902,112862,54,189628
25596,0.001584,172.31.46.0-255,66,112928,54,189628
25597,0.001613,172.217.194.0-255,5738,118666,54,189628
25598,0.001616,172.31.46.0-255,66,118732,54,189628
25599,0.00162,172.217.194.0-255,1484,120216,54,189628
25600,0.001641,172.217.194.0-255,7156,127372,54,189628
25601,0.001644,172.31.46.0-255,66,127438,54,189628
25602,0.001674,172.217.194.0-255,4320,131758,54,189628
25603,0.001677,172.31.46.0-255,66,131824,54,189628
25604,0.0017,172.217.194.0-255,7156,138980,54,189628
25605,0.001702,172.31.46.0-255,66,139046,54,189628
25606,0.001728,172.217.194.0-255,3602,142648,54,189628
25607,0.00173,172.31.46.0-255,66,142714,54,189628
25608,0.001851,172.217.194.0-255,1484,144198,54,189628
25609,0.001857,172.217.194.0-255,2902,147100,54,189628
25610,0.001859,172.31.46.0-255,66,147166,54,189628
25611,0.001864,172.217.194.0-255,2902,150068,54,189628
25612,0.001866,172.31.46.0-255,66,150134,54,189628
25613,0.001898,172.217.194.0-255,2902,153036,54,189628
25614,0.0019,172.31.46.0-255,66,153102,54,189628
25615,0.001906,172.217.194.0-255,4320,157422,54,189628
25616,0.001908,172.31.46.0-255,66,157488,54,189628
25617,0.00192,172.31.46.0-255,66,157554,54,189628
25618,0.001965,172.31.46.0-255,66,157620,54,189628
25619,0.001997,172.217.194.0-255,5738,163358,54,189628
25620,0.001999,172.31.46.0-255,66,163424,54,189628
25621,0.002006,172.217.194.0-255,5738,169162,54,189628
25622,0.002008,172.31.46.0-255,66,169228,54,189628
25623,0.002031,172.217.194.0-255,1484,170712,54,189628
25624,0.002044,172.31.46.0-255,66,170778,54,189628
25625,0.002075,172.217.194.0-255,4320,175098,54,189628
25626,0.002078,172.31.46.0-255,66,175164,54,189628
25627,0.002089,172.217.194.0-255,6438,181602,54,189628
25628,0.002092,172.31.46.0-255,66,181668,54,189628
25629,0.002108,172.31.46.0-255,66,181734,54,189628
25630,0.002153,172.217.194.0-255,7156,188890,54,189628
25631,0.002157,172.31.46.0-255,66,188956,54,189628
25632,0.00217,172.31.46.0-255,66,189022,54,189628
25633,0.002186,172.31.46.0-255,66,189088,54,189628
25634,0.002226,172.31.46.0-255,66,189154,54,189628
25635,0.00228,172.31.46.0-255,66,189220,54,189628
25636,0.002343,172.31.46.0-255,66,189286,54,189628
25637,0.002406,172.217.194.0-255,105,189391,54,189628
25638,0.002435,172.31.46.0-255,66,189457,54,189628
25639,0.011671,172.31.46.0-255,105,189562,54,189628
25640,0.014202,172.217.194.0-255,66,189628,54,189628
25641,0.0,74.125.130.0-255,156,156,54,284289
25642,2.4e-05,172.31.46.0-255,66,222,54,284289
25643,3.1e-05,74.125.130.0-255,1484,1706,54,284289
25644,3.6e-05,172.31.46.0-255,66,1772,54,284289
25645,5e-05,74.125.130.0-255,2902,4674,54,284289
25646,5.2e-05,172.31.46.0-255,66,4740,54,284289
25647,7.3e-05,74.125.130.0-255,2902,7642,54,284289
25648,8e-05,172.31.46.0-255,66,7708,54,284289
25649,0.0001,74.125.130.0-255,1484,9192,54,284289
25650,0.000102,172.31.46.0-255,66,9258,54,284289
25651,0.000109,74.125.130.0-255,4909,14167,54,284289
25652,0.000111,172.31.46.0-255,66,14233,54,284289
25653,0.000114,74.125.130.0-255,1484,15717,54,284289
25654,0.000116,172.31.46.0-255,66,15783,54,284289
25655,0.000127,74.125.130.0-255,1484,17267,54,284289
25656,0.000129,172.31.46.0-255,66,17333,54,284289
25657,0.000151,74.125.130.0-255,1484,18817,54,284289
25658,0.000154,172.31.46.0-255,66,18883,54,284289
25659,0.000179,74.125.130.0-255,2902,21785,54,284289
25660,0.000181,172.31.46.0-255,66,21851,54,284289
25661,0.000203,74.125.130.0-255,2902,24753,54,284289
25662,0.000206,172.31.46.0-255,66,24819,54,284289
25663,0.000213,74.125.130.0-255,6797,31616,54,284289
25664,0.000216,172.31.46.0-255,66,31682,54,284289
25665,0.000415,74.125.130.0-255,1484,33166,54,284289
25666,0.000419,172.31.46.0-255,66,33232,54,284289
25667,0.000424,74.125.130.0-255,2902,36134,54,284289
25668,0.000426,172.31.46.0-255,66,36200,54,284289
25669,0.000453,74.125.130.0-255,5738,41938,54,284289
25670,0.000455,172.31.46.0-255,66,42004,54,284289
25671,0.00046,74.125.130.0-255,4320,46324,54,284289
25672,0.000462,172.31.46.0-255,66,46390,54,284289
25673,0.000488,74.125.130.0-255,1484,47874,54,284289
25674,0.000496,74.125.130.0-255,6797,54671,54,284289
25675,0.000498,172.31.46.0-255,66,54737,54,284289
25676,0.000523,74.125.130.0-255,5738,60475,54,284289
25677,0.000526,172.31.46.0-255,66,60541,54,284289
25678,0.000541,74.125.130.0-255,2902,63443,54,284289
25679,0.000543,172.31.46.0-255,66,63509,54,284289
25680,0.000568,74.125.130.0-255,2853,66362,54,284289
25681,0.00057,172.31.46.0-255,66,66428,54,284289
25682,0.000772,74.125.130.0-255,1484,67912,54,284289
25683,0.000776,74.125.130.0-255,1484,69396,54,284289
25684,0.000778,172.31.46.0-255,66,69462,54,284289
25685,0.000804,74.125.130.0-255,1484,70946,54,284289
25686,0.00081,74.125.130.0-255,5738,76684,54,284289
25687,0.000812,172.31.46.0-255,66,76750,54,284289
25688,0.000849,74.125.130.0-255,4320,81070,54,284289
25689,0.000852,172.31.46.0-255,66,81136,54,284289
25690,0.000876,74.125.130.0-255,2543,83679,54,284289
25691,0.000878,172.31.46.0-255,66,83745,54,284289
25692,0.000881,74.125.130.0-255,1484,85229,54,284289
25693,0.000902,74.125.130.0-255,1484,86713,54,284289
25694,0.000904,172.31.46.0-255,66,86779,54,284289
25695,0.000924,74.125.130.0-255,1484,88263,54,284289
25696,0.000928,74.125.130.0-255,2902,91165,54,284289
25697,0.00093,172.31.46.0-255,66,91231,54,284289
25698,0.000957,74.125.130.0-255,4320,95551,54,284289
25699,0.00096,172.31.46.0-255,66,95617,54,284289
25700,0.000963,74.125.130.0-255,1484,97101,54,284289
25701,0.000989,74.125.130.0-255,2902,100003,54,284289
25702,0.000992,172.31.46.0-255,66,100069,54,284289
25703,0.001013,74.125.130.0-255,1403,101472,54,284289
25704,0.001095,74.125.130.0-255,1484,102956,54,284289
25705,0.001099,172.31.46.0-255,66,103022,54,284289
25706,0.001107,74.125.130.0-255,2902,105924,54,284289
25707,0.00111,172.31.46.0-255,66,105990,54,284289
25708,0.001133,74.125.130.0-255,2902,108892,54,284289
25709,0.001135,172.31.46.0-255,66,108958,54,284289
25710,0.00114,74.125.130.0-255,4320,113278,54,284289
25711,0.001141,172.31.46.0-255,66,113344,54,284289
25712,0.001203,74.125.130.0-255,4817,118161,54,284289
25713,0.001206,172.31.46.0-255,66,118227,54,284289
25714,0.001354,74.125.130.0-255,1484,119711,54,284289
25715,0.001378,74.125.130.0-255,2902,122613,54,284289
25716,0.001381,172.31.46.0-255,66,122679,54,284289
25717,0.001386,74.125.130.0-255,2902,125581,54,284289
25718,0.001388,172.31.46.0-255,66,125647,54,284289
25719,0.001412,74.125.130.0-255,1484,127131,54,284289
25720,0.00142,74.125.130.0-255,7156,134287,54,284289
25721,0.001422,172.31.46.0-255,66,134353,54,284289
25722,0.001448,74.125.130.0-255,1484,135837,54,284289
25723,0.001453,74.125.130.0-255,2902,138739,54,284289
25724,0.001455,172.31.46.0-255,66,138805,54,284289
25725,0.00146,74.125.130.0-255,4320,143125,54,284289
25726,0.001463,172.31.46.0-255,66,143191,54,284289
25727,0.001489,74.125.130.0-255,1484,144675,54,284289
25728,0.001493,74.125.130.0-255,1484,146159,54,284289
25729,0.001495,172.31.46.0-255,66,146225,54,284289
25730,0.001517,74.125.130.0-255,1484,147709,54,284289
25731,0.001538,74.125.130.0-255,5020,152729,54,284289
25732,0.001541,172.31.46.0-255,66,152795,54,284289
25733,0.001613,74.125.130.0-255,1484,154279,54,284289
25734,0.001638,74.125.130.0-255,2902,157181,54,284289
25735,0.001641,172.31.46.0-255,66,157247,54,284289
25736,0.001668,74.125.130.0-255,5738,162985,54,284289
25737,0.001671,172.31.46.0-255,66,163051,54,284289
25738,0.001676,74.125.130.0-255,2902,165953,54,284289
25739,0.001677,172.31.46.0-255,66,166019,54,284289
25740,0.001712,74.125.130.0-255,1484,167503,54,284289
25741,0.001718,74.125.130.0-255,5738,173241,54,284289
25742,0.001721,172.31.46.0-255,66,173307,54,284289
25743,0.001749,74.125.130.0-255,4320,177627,54,284289
25744,0.001752,172.31.46.0-255,66,177693,54,284289
25745,0.001781,74.125.130.0-255,7156,184849,54,284289
25746,0.001784,172.31.46.0-255,66,184915,54,284289
25747,0.001795,172.31.46.0-255,66,184981,54,284289
25748,0.001816,74.125.130.0-255,2570,187551,54,284289
25749,0.00182,172.31.46.0-255,66,187617,54,284289
25750,0.001831,172.31.46.0-255,66,187683,54,284289
25751,0.001863,74.125.130.0-255,2902,190585,54,284289
25752,0.001866,172.31.46.0-255,66,190651,54,284289
25753,0.001872,74.125.130.0-255,4320,194971,54,284289
25754,0.001874,172.31.46.0-255,66,195037,54,284289
25755,0.001878,74.125.130.0-255,2902,197939,54,284289
25756,0.001883,172.31.46.0-255,66,198005,54,284289
25757,0.001911,74.125.130.0-255,5020,203025,54,284289
25758,0.001913,172.31.46.0-255,66,203091,54,284289
25759,0.002397,74.125.130.0-255,1484,204575,54,284289
25760,0.002402,74.125.130.0-255,1484,206059,54,284289
25761,0.002405,172.31.46.0-255,66,206125,54,284289
25762,0.002418,74.125.130.0-255,1484,207609,54,284289
25763,0.002427,74.125.130.0-255,4320,211929,54,284289
25764,0.002429,172.31.46.0-255,66,211995,54,284289
25765,0.002453,74.125.130.0-255,1484,213479,54,284289
25766,0.002457,74.125.130.0-255,2902,216381,54,284289
25767,0.002459,172.31.46.0-255,66,216447,54,284289
25768,0.002464,74.125.130.0-255,4320,220767,54,284289
25769,0.002467,172.31.46.0-255,66,220833,54,284289
25770,0.00251,172.31.46.0-255,66,220899,54,284289
25771,0.002522,74.125.130.0-255,7156,228055,54,284289
25772,0.002525,172.31.46.0-255,66,228121,54,284289
25773,0.002528,74.125.130.0-255,766,228887,54,284289
25774,0.005051,74.125.130.0-255,4320,233207,54,284289
25775,0.005058,172.31.46.0-255,66,233273,54,284289
25776,0.007584,74.125.130.0-255,4320,237593,54,284289
25777,0.007587,172.31.46.0-255,66,237659,54,284289
25778,0.007609,74.125.130.0-255,1484,239143,54,284289
25779,0.010115,74.125.130.0-255,4320,243463,54,284289
25780,0.010123,172.31.46.0-255,66,243529,54,284289
25781,0.012656,74.125.130.0-255,5738,249267,54,284289
25782,0.012665,172.31.46.0-255,66,249333,54,284289
25783,0.015201,74.125.130.0-255,5738,255071,54,284289
25784,0.015209,172.31.46.0-255,66,255137,54,284289
25785,0.01775,74.125.130.0-255,5738,260875,54,284289
25786,0.01776,172.31.46.0-255,66,260941,54,284289
25787,0.02029,74.125.130.0-255,5738,266679,54,284289
25788,0.020299,172.31.46.0-255,66,266745,54,284289
25789,0.022846,74.125.130.0-255,5738,272483,54,284289
25790,0.022852,172.31.46.0-255,66,272549,54,284289
25791,0.025436,74.125.130.0-255,5738,278287,54,284289
25792,0.025442,172.31.46.0-255,66,278353,54,284289
25793,0.027977,74.125.130.0-255,2902,281255,54,284289
25794,0.027986,172.31.46.0-255,66,281321,54,284289
25795,0.028014,74.125.130.0-255,2902,284223,54,284289
25796,0.028018,172.31.46.0-255,66,284289,54,284289
25797,0.0,172.217.194.0-255,146,146,54,199539
25798,1.3e-05,172.31.46.0-255,66,212,54,199539
25799,1.8e-05,172.217.194.0-255,1484,1696,54,199539
25800,2.3e-05,172.31.46.0-255,66,1762,54,199539
25801,2.8e-05,172.217.194.0-255,2902,4664,54,199539
25802,3.1e-05,172.31.46.0-255,66,4730,54,199539
25803,3.5e-05,172.217.194.0-255,1484,6214,54,199539
25804,3.7e-05,172.31.46.0-255,66,6280,54,199539
25805,5.9e-05,172.217.194.0-255,5738,12018,54,199539
25806,6.1e-05,172.31.46.0-255,66,12084,54,199539
25807,9.9e-05,172.31.46.0-255,66,12150,54,199539
25808,0.000121,172.217.194.0-255,3506,15656,54,199539
25809,0.000123,172.31.46.0-255,66,15722,54,199539
25810,0.000126,172.217.194.0-255,1484,17206,54,199539
25811,0.000128,172.31.46.0-255,66,17272,54,199539
25812,0.000131,172.217.194.0-255,1125,18397,54,199539
25813,0.000133,172.31.46.0-255,66,18463,54,199539
25814,0.000136,172.217.194.0-255,1484,19947,54,199539
25815,0.000138,172.31.46.0-255,66,20013,54,199539
25816,0.000166,172.217.194.0-255,4320,24333,54,199539
25817,0.000169,172.31.46.0-255,66,24399,54,199539
25818,0.000181,172.31.46.0-255,66,24465,54,199539
25819,0.000183,172.217.194.0-255,1125,25590,54,199539
25820,0.000185,172.31.46.0-255,66,25656,54,199539
25821,0.000649,172.217.194.0-255,1484,27140,54,199539
25822,0.000655,172.31.46.0-255,66,27206,54,199539
25823,0.00068,172.217.194.0-255,2902,30108,54,199539
25824,0.000683,172.31.46.0-255,66,30174,54,199539
25825,0.000689,172.217.194.0-255,5738,35912,54,199539
25826,0.000692,172.31.46.0-255,66,35978,54,199539
25827,0.000726,172.217.194.0-255,6797,42775,54,199539
25828,0.000729,172.31.46.0-255,66,42841,54,199539
25829,0.000765,172.217.194.0-255,1484,44325,54,199539
25830,0.000768,172.31.46.0-255,66,44391,54,199539
25831,0.000773,172.217.194.0-255,2902,47293,54,199539
25832,0.000775,172.31.46.0-255,66,47359,54,199539
25833,0.000778,172.217.194.0-255,1484,48843,54,199539
25834,0.00078,172.31.46.0-255,66,48909,54,199539
25835,0.000805,172.217.194.0-255,4320,53229,54,199539
25836,0.00082,172.217.194.0-255,1484,54713,54,199539
25837,0.000823,172.31.46.0-255,66,54779,54,199539
25838,0.000827,172.31.46.0-255,66,54845,54,199539
25839,0.000829,172.31.46.0-255,66,54911,54,199539
25840,0.000859,172.31.46.0-255,66,54977,54,199539
25841,0.000862,172.217.194.0-255,646,55623,54,199539
25842,0.000864,172.31.46.0-255,66,55689,54,199539
25843,0.00115,172.217.194.0-255,1484,57173,54,199539
25844,0.001154,172.31.46.0-255,66,57239,54,199539
25845,0.001159,172.217.194.0-255,2902,60141,54,199539
25846,0.001161,172.31.46.0-255,66,60207,54,199539
25847,0.001166,172.217.194.0-255,2902,63109,54,199539
25848,0.001168,172.31.46.0-255,66,63175,54,199539
25849,0.001187,172.217.194.0-255,2902,66077,54,199539
25850,0.00119,172.31.46.0-255,66,66143,54,199539
25851,0.001218,172.217.194.0-255,2902,69045,54,199539
25852,0.00122,172.31.46.0-255,66,69111,54,199539
25853,0.001247,172.31.46.0-255,66,69177,54,199539
25854,0.00125,172.217.194.0-255,1484,70661,54,199539
25855,0.001252,172.31.46.0-255,66,70727,54,199539
25856,0.00129,172.217.194.0-255,7156,77883,54,199539
25857,0.001292,172.31.46.0-255,66,77949,54,199539
25858,0.001312,172.217.194.0-255,2184,80133,54,199539
25859,0.001315,172.31.46.0-255,66,80199,54,199539
25860,0.001361,172.217.194.0-255,1484,81683,54,199539
25861,0.001364,172.31.46.0-255,66,81749,54,199539
25862,0.001369,172.217.194.0-255,2902,84651,54,199539
25863,0.001371,172.31.46.0-255,66,84717,54,199539
25864,0.001401,172.217.194.0-255,5738,90455,54,199539
25865,0.001407,172.217.194.0-255,4320,94775,54,199539
25866,0.00142,172.31.46.0-255,66,94841,54,199539
25867,0.001464,172.217.194.0-255,2184,97025,54,199539
25868,0.001472,172.31.46.0-255,66,97091,54,199539
25869,0.001482,172.217.194.0-255,1484,98575,54,199539
25870,0.001487,172.217.194.0-255,2902,101477,54,199539
25871,0.001493,172.217.194.0-255,5738,107215,54,199539
25872,0.001515,172.217.194.0-255,4320,111535,54,199539
25873,0.001519,172.31.46.0-255,66,111601,54,199539
25874,0.001579,172.31.46.0-255,66,111667,54,199539
25875,0.001598,172.217.194.0-255,7156,118823,54,199539
25876,0.001606,172.31.46.0-255,66,118889,54,199539
25877,0.001649,172.217.194.0-255,1484,120373,54,199539
25878,0.001663,172.31.46.0-255,66,120439,54,199539
25879,0.001668,172.217.194.0-255,2902,123341,54,199539
25880,0.001674,172.217.194.0-255,5738,129079,54,199539
25881,0.001679,172.31.46.0-255,66,129145,54,199539
25882,0.001686,172.217.194.0-255,1484,130629,54,199539
25883,0.001703,172.217.194.0-255,2902,133531,54,199539
25884,0.001721,172.217.194.0-255,4320,137851,54,199539
25885,0.001728,172.31.46.0-255,66,137917,54,199539
25886,0.001736,172.217.194.0-255,2902,140819,54,199539
25887,0.00174,172.217.194.0-255,2902,143721,54,199539
25888,0.001746,172.31.46.0-255,66,143787,54,199539
25889,0.00177,172.217.194.0-255,7156,150943,54,199539
25890,0.001776,172.31.46.0-255,66,151009,54,199539
25891,0.001868,172.217.194.0-255,2184,153193,54,199539
25892,0.001894,172.31.46.0-255,66,153259,54,199539
25893,0.001905,172.217.194.0-255,1484,154743,54,199539
25894,0.001909,172.217.194.0-255,1484,156227,54,199539
25895,0.00192,172.217.194.0-255,1484,157711,54,199539
25896,0.001926,172.217.194.0-255,5738,163449,54,199539
25897,0.001941,172.217.194.0-255,4320,167769,54,199539
25898,0.001948,172.31.46.0-255,66,167835,54,199539
25899,0.002046,172.31.46.0-255,66,167901,54,199539
25900,0.00208,172.217.194.0-255,1484,169385,54,199539
25901,0.002086,172.217.194.0-255,2902,172287,54,199539
25902,0.002099,172.217.194.0-255,1484,173771,54,199539
25903,0.002103,172.31.46.0-255,66,173837,54,199539
25904,0.002114,172.217.194.0-255,4320,178157,54,199539
25905,0.002124,172.31.46.0-255,66,178223,54,199539
25906,0.002127,172.217.194.0-255,1484,179707,54,199539
25907,0.00216,172.31.46.0-255,66,179773,54,199539
25908,0.002198,172.31.46.0-255,66,179839,54,199539
25909,0.00223,172.31.46.0-255,66,179905,54,199539
25910,0.002241,172.217.194.0-255,2902,182807,54,199539
25911,0.002254,172.217.194.0-255,1484,184291,54,199539
25912,0.00226,172.31.46.0-255,66,184357,54,199539
25913,0.002294,172.31.46.0-255,66,184423,54,199539
25914,0.002361,172.217.194.0-255,1484,185907,54,199539
25915,0.002367,172.217.194.0-255,2902,188809,54,199539
25916,0.002374,172.31.46.0-255,66,188875,54,199539
25917,0.002396,172.217.194.0-255,5738,194613,54,199539
25918,0.002412,172.31.46.0-255,66,194679,54,199539
25919,0.002421,172.217.194.0-255,1484,196163,54,199539
25920,0.002425,172.217.194.0-255,1484,197647,54,199539
25921,0.002459,172.31.46.0-255,66,197713,54,199539
25922,0.002476,172.217.194.0-255,1484,199197,54,199539
25923,0.002513,172.217.194.0-255,105,199302,54,199539
25924,0.002546,172.31.46.0-255,66,199368,54,199539
25925,0.004705,172.31.46.0-255,105,199473,54,199539
25926,0.007241,172.217.194.0-255,66,199539,54,199539
25927,0.0,172.217.194.0-255,299,299,54,175456
25928,1.2e-05,172.31.46.0-255,66,365,54,175456
25929,1.6e-05,172.217.194.0-255,1484,1849,54,175456
25930,1.9e-05,172.31.46.0-255,66,1915,54,175456
25931,2.2e-05,172.217.194.0-255,1484,3399,54,175456
25932,2.4e-05,172.31.46.0-255,66,3465,54,175456
25933,5.2e-05,172.217.194.0-255,2902,6367,54,175456
25934,5.5e-05,172.31.46.0-255,66,6433,54,175456
25935,6.5e-05,172.217.194.0-255,7156,13589,54,175456
25936,6.7e-05,172.31.46.0-255,66,13655,54,175456
25937,9.6e-05,172.217.194.0-255,5738,19393,54,175456
25938,9.8e-05,172.31.46.0-255,66,19459,54,175456
25939,0.000124,172.217.194.0-255,7156,26615,54,175456
25940,0.000126,172.31.46.0-255,66,26681,54,175456
25941,0.000135,172.217.194.0-255,476,27157,54,175456
25942,0.000141,172.31.46.0-255,66,27223,54,175456
25943,0.000146,172.217.194.0-255,2902,30125,54,175456
25944,0.000147,172.31.46.0-255,66,30191,54,175456
25945,0.000169,172.217.194.0-255,1125,31316,54,175456
25946,0.000175,172.31.46.0-255,66,31382,54,175456
25947,0.00018,172.217.194.0-255,1484,32866,54,175456
25948,0.000182,172.31.46.0-255,66,32932,54,175456
25949,0.000186,172.217.194.0-255,2902,35834,54,175456
25950,0.000189,172.31.46.0-255,66,35900,54,175456
25951,0.000195,172.217.194.0-255,5738,41638,54,175456
25952,0.000198,172.31.46.0-255,66,41704,54,175456
25953,0.000242,172.31.46.0-255,66,41770,54,175456
25954,0.000265,172.217.194.0-255,5738,47508,54,175456
25955,0.000267,172.31.46.0-255,66,47574,54,175456
25956,0.000297,172.217.194.0-255,4214,51788,54,175456
25957,0.000299,172.31.46.0-255,66,51854,54,175456
25958,0.000789,172.217.194.0-255,119,51973,54,175456
25959,0.000836,172.217.194.0-255,1484,53457,54,175456
25960,0.000854,172.217.194.0-255,2902,56359,54,175456
25961,0.000871,172.217.194.0-255,2902,59261,54,175456
25962,0.000879,172.31.46.0-255,66,59327,54,175456
25963,0.000897,172.217.194.0-255,7156,66483,54,175456
25964,0.000905,172.31.46.0-255,66,66549,54,175456
25965,0.000936,172.217.194.0-255,3602,70151,54,175456
25966,0.000959,172.217.194.0-255,4320,74471,54,175456
25967,0.000972,172.217.194.0-255,4634,79105,54,175456
25968,0.000976,172.31.46.0-255,66,79171,54,175456
25969,0.000985,172.217.194.0-255,1484,80655,54,175456
25970,0.001027,172.217.194.0-255,5738,86393,54,175456
25971,0.001033,172.31.46.0-255,66,86459,54,175456
25972,0.001069,172.217.194.0-255,4320,90779,54,175456
25973,0.001076,172.217.194.0-255,5738,96517,54,175456
25974,0.001088,172.217.194.0-255,1484,98001,54,175456
25975,0.001116,172.31.46.0-255,66,98067,54,175456
25976,0.001126,172.217.194.0-255,1484,99551,54,175456
25977,0.001155,172.217.194.0-255,1484,101035,54,175456
25978,0.001169,172.217.194.0-255,5738,106773,54,175456
25979,0.001175,172.31.46.0-255,66,106839,54,175456
25980,0.001202,172.217.194.0-255,4320,111159,54,175456
25981,0.001226,172.31.46.0-255,66,111225,54,175456
25982,0.001282,172.31.46.0-255,66,111291,54,175456
25983,0.001339,172.31.46.0-255,66,111357,54,175456
25984,0.001376,172.217.194.0-255,5738,117095,54,175456
25985,0.001405,172.31.46.0-255,66,117161,54,175456
25986,0.001491,172.217.194.0-255,1484,118645,54,175456
25987,0.00152,172.217.194.0-255,2902,121547,54,175456
25988,0.001526,172.217.194.0-255,5738,127285,54,175456
25989,0.001576,172.217.194.0-255,1484,128769,54,175456
25990,0.001597,172.217.194.0-255,7156,135925,54,175456
25991,0.001616,172.217.194.0-255,5020,140945,54,175456
25992,0.001721,172.217.194.0-255,1484,142429,54,175456
25993,0.001725,172.217.194.0-255,1484,143913,54,175456
25994,0.00174,172.217.194.0-255,1484,145397,54,175456
25995,0.001747,172.217.194.0-255,5738,151135,54,175456
25996,0.001762,172.217.194.0-255,2902,154037,54,175456
25997,0.001786,172.217.194.0-255,5738,159775,54,175456
25998,0.001802,172.217.194.0-255,4320,164095,54,175456
25999,0.001834,172.217.194.0-255,1484,165579,54,175456
26000,0.001907,172.217.194.0-255,1484,167063,54,175456
26001,0.001921,172.217.194.0-255,7156,174219,54,175456
26002,0.002025,172.217.194.0-255,895,175114,54,175456
26003,0.002047,172.217.194.0-255,105,175219,54,175456
26004,0.006502,172.31.46.0-255,66,175285,54,175456
26005,0.009481,172.31.46.0-255,105,175390,54,175456
26006,0.01172,172.217.194.0-255,66,175456,54,175456
26007,0.0,172.217.194.0-255,147,147,54,258398
26008,1.4e-05,172.31.46.0-255,66,213,54,258398
26009,2.1e-05,172.217.194.0-255,1484,1697,54,258398
26010,2.6e-05,172.31.46.0-255,66,1763,54,258398
26011,3.1e-05,172.217.194.0-255,2902,4665,54,258398
26012,3.4e-05,172.31.46.0-255,66,4731,54,258398
26013,5.6e-05,172.217.194.0-255,2902,7633,54,258398
26014,5.9e-05,172.31.46.0-255,66,7699,54,258398
26015,0.000103,172.217.194.0-255,4320,12019,54,258398
26016,0.000107,172.31.46.0-255,66,12085,54,258398
26017,0.000125,172.217.194.0-255,2074,14159,54,258398
26018,0.000128,172.31.46.0-255,66,14225,54,258398
26019,0.000142,172.217.194.0-255,4320,18545,54,258398
26020,0.000145,172.31.46.0-255,66,18611,54,258398
26021,0.000159,172.217.194.0-255,2902,21513,54,258398
26022,0.000161,172.31.46.0-255,66,21579,54,258398
26023,0.000168,172.217.194.0-255,5738,27317,54,258398
26024,0.00017,172.31.46.0-255,66,27383,54,258398
26025,0.000209,172.217.194.0-255,7156,34539,54,258398
26026,0.000212,172.31.46.0-255,66,34605,54,258398
26027,0.000226,172.31.46.0-255,66,34671,54,258398
26028,0.000229,172.217.194.0-255,1484,36155,54,258398
26029,0.000231,172.31.46.0-255,66,36221,54,258398
26030,0.000236,172.217.194.0-255,2902,39123,54,258398
26031,0.000238,172.31.46.0-255,66,39189,54,258398
26032,0.000265,172.217.194.0-255,4320,43509,54,258398
26033,0.000267,172.31.46.0-255,66,43575,54,258398
26034,0.000286,172.217.194.0-255,1484,45059,54,258398
26035,0.000288,172.31.46.0-255,66,45125,54,258398
26036,0.000296,172.217.194.0-255,7118,52243,54,258398
26037,0.000299,172.31.46.0-255,66,52309,54,258398
26038,0.000502,172.217.194.0-255,1484,53793,54,258398
26039,0.000524,172.217.194.0-255,2902,56695,54,258398
26040,0.000529,172.31.46.0-255,66,56761,54,258398
26041,0.000533,172.217.194.0-255,1484,58245,54,258398
26042,0.000553,172.217.194.0-255,4320,62565,54,258398
26043,0.000556,172.31.46.0-255,66,62631,54,258398
26044,0.000564,172.217.194.0-255,5738,68369,54,258398
26045,0.000566,172.31.46.0-255,66,68435,54,258398
26046,0.000585,172.217.194.0-255,7156,75591,54,258398
26047,0.000588,172.31.46.0-255,66,75657,54,258398
26048,0.000599,172.31.46.0-255,66,75723,54,258398
26049,0.000622,172.217.194.0-255,766,76489,54,258398
26050,0.000773,172.217.194.0-255,1484,77973,54,258398
26051,0.000779,172.31.46.0-255,66,78039,54,258398
26052,0.000794,172.217.194.0-255,2902,80941,54,258398
26053,0.000797,172.31.46.0-255,66,81007,54,258398
26054,0.000802,172.217.194.0-255,2902,83909,54,258398
26055,0.000804,172.31.46.0-255,66,83975,54,258398
26056,0.000826,172.217.194.0-255,2902,86877,54,258398
26057,0.000829,172.31.46.0-255,66,86943,54,258398
26058,0.000836,172.217.194.0-255,7156,94099,54,258398
26059,0.000838,172.31.46.0-255,66,94165,54,258398
26060,0.000869,172.217.194.0-255,2902,97067,54,258398
26061,0.000872,172.31.46.0-255,66,97133,54,258398
26062,0.000897,172.31.46.0-255,66,97199,54,258398
26063,0.000902,172.217.194.0-255,1903,99102,54,258398
26064,0.000904,172.31.46.0-255,66,99168,54,258398
26065,0.000928,172.217.194.0-255,1484,100652,54,258398
26066,0.000944,172.217.194.0-255,5738,106390,54,258398
26067,0.000947,172.31.46.0-255,66,106456,54,258398
26068,0.000982,172.31.46.0-255,66,106522,54,258398
26069,0.000993,172.31.46.0-255,66,106588,54,258398
26070,0.001008,172.217.194.0-255,1484,108072,54,258398
26071,0.001021,172.217.194.0-255,3602,111674,54,258398
26072,0.001023,172.31.46.0-255,66,111740,54,258398
26073,0.001436,172.217.194.0-255,1484,113224,54,258398
26074,0.001442,172.217.194.0-255,2902,116126,54,258398
26075,0.001445,172.31.46.0-255,66,116192,54,258398
26076,0.00145,172.217.194.0-255,2902,119094,54,258398
26077,0.001452,172.31.46.0-255,66,119160,54,258398
26078,0.001471,172.217.194.0-255,2902,122062,54,258398
26079,0.001473,172.31.46.0-255,66,122128,54,258398
26080,0.001481,172.217.194.0-255,7156,129284,54,258398
26081,0.001483,172.31.46.0-255,66,129350,54,258398
26082,0.001497,172.217.194.0-255,5738,135088,54,258398
26083,0.001499,172.31.46.0-255,66,135154,54,258398
26084,0.001502,172.217.194.0-255,1484,136638,54,258398
26085,0.001537,172.31.46.0-255,66,136704,54,258398
26086,0.001733,172.217.194.0-255,1484,138188,54,258398
26087,0.001749,172.217.194.0-255,2902,141090,54,258398
26088,0.001752,172.31.46.0-255,66,141156,54,258398
26089,0.001758,172.217.194.0-255,2902,144058,54,258398
26090,0.00176,172.31.46.0-255,66,144124,54,258398
26091,0.001772,172.217.194.0-255,2902,147026,54,258398
26092,0.001775,172.31.46.0-255,66,147092,54,258398
26093,0.001794,172.217.194.0-255,4320,151412,54,258398
26094,0.001797,172.31.46.0-255,66,151478,54,258398
26095,0.001827,172.31.46.0-255,66,151544,54,258398
26096,0.001833,172.217.194.0-255,5738,157282,54,258398
26097,0.001836,172.31.46.0-255,66,157348,54,258398
26098,0.001861,172.217.194.0-255,1484,158832,54,258398
26099,0.001884,172.31.46.0-255,66,158898,54,258398
26100,0.001895,172.31.46.0-255,66,158964,54,258398
26101,0.00196,172.31.46.0-255,66,159030,54,258398
26102,0.001964,172.217.194.0-255,2902,161932,54,258398
26103,0.001967,172.31.46.0-255,66,161998,54,258398
26104,0.00199,172.31.46.0-255,66,162064,54,258398
26105,0.001993,172.217.194.0-255,1484,163548,54,258398
26106,0.00203,172.31.46.0-255,66,163614,54,258398
26107,0.002042,172.31.46.0-255,66,163680,54,258398
26108,0.002376,172.217.194.0-255,1484,165164,54,258398
26109,0.002396,172.217.194.0-255,2902,168066,54,258398
26110,0.0024,172.31.46.0-255,66,168132,54,258398
26111,0.002406,172.217.194.0-255,4320,172452,54,258398
26112,0.002409,172.31.46.0-255,66,172518,54,258398
26113,0.002422,172.217.194.0-255,1484,174002,54,258398
26114,0.002429,172.217.194.0-255,5738,179740,54,258398
26115,0.002431,172.31.46.0-255,66,179806,54,258398
26116,0.002466,172.31.46.0-255,66,179872,54,258398
26117,0.002472,172.217.194.0-255,5738,185610,54,258398
26118,0.002474,172.31.46.0-255,66,185676,54,258398
26119,0.002497,172.217.194.0-255,766,186442,54,258398
26120,0.002504,172.217.194.0-255,7156,193598,54,258398
26121,0.002507,172.31.46.0-255,66,193664,54,258398
26122,0.002518,172.31.46.0-255,66,193730,54,258398
26123,0.002535,172.217.194.0-255,7156,200886,54,258398
26124,0.002538,172.31.46.0-255,66,200952,54,258398
26125,0.002545,172.217.194.0-255,7156,208108,54,258398
26126,0.002547,172.31.46.0-255,66,208174,54,258398
26127,0.002571,172.217.194.0-255,2184,210358,54,258398
26128,0.002574,172.31.46.0-255,66,210424,54,258398
26129,0.005098,172.217.194.0-255,2902,213326,54,258398
26130,0.005107,172.31.46.0-255,66,213392,54,258398
26131,0.005129,172.217.194.0-255,2902,216294,54,258398
26132,0.005132,172.31.46.0-255,66,216360,54,258398
26133,0.007637,172.217.194.0-255,2902,219262,54,258398
26134,0.007647,172.31.46.0-255,66,219328,54,258398
26135,0.007666,172.217.194.0-255,2902,222230,54,258398
26136,0.007669,172.31.46.0-255,66,222296,54,258398
26137,0.010144,172.31.46.0-255,101,222397,54,258398
26138,0.010174,172.217.194.0-255,2902,225299,54,258398
26139,0.010179,172.31.46.0-255,66,225365,54,258398
26140,0.0102,172.217.194.0-255,2902,228267,54,258398
26141,0.010202,172.31.46.0-255,66,228333,54,258398
26142,0.012694,172.217.194.0-255,66,228399,54,258398
26143,0.012735,172.217.194.0-255,5738,234137,54,258398
26144,0.012741,172.31.46.0-255,66,234203,54,258398
26145,0.015286,172.217.194.0-255,5738,239941,54,258398
26146,0.015293,172.31.46.0-255,66,240007,54,258398
26147,0.01783,172.217.194.0-255,5738,245745,54,258398
26148,0.01784,172.31.46.0-255,66,245811,54,258398
26149,0.02039,172.217.194.0-255,5738,251549,54,258398
26150,0.020399,172.31.46.0-255,66,251615,54,258398
26151,0.02295,172.217.194.0-255,5738,257353,54,258398
26152,0.022961,172.31.46.0-255,66,257419,54,258398
26153,0.02548,172.217.194.0-255,874,258293,54,258398
26154,0.025634,172.31.46.0-255,105,258398,54,258398
26155,0.0,74.125.200.0-255,299,299,54,303372
26156,1.5e-05,172.31.46.0-255,66,365,54,303372
26157,2e-05,74.125.200.0-255,1484,1849,54,303372
26158,2.5e-05,172.31.46.0-255,66,1915,54,303372
26159,3.7e-05,74.125.200.0-255,1484,3399,54,303372
26160,4e-05,172.31.46.0-255,66,3465,54,303372
26161,7.5e-05,74.125.200.0-255,2902,6367,54,303372
26162,7.9e-05,172.31.46.0-255,66,6433,54,303372
26163,9e-05,172.31.46.0-255,66,6499,54,303372
26164,9.3e-05,74.125.200.0-255,1484,7983,54,303372
26165,9.6e-05,172.31.46.0-255,66,8049,54,303372
26166,0.000132,74.125.200.0-255,7156,15205,54,303372
26167,0.000135,172.31.46.0-255,66,15271,54,303372
26168,0.000138,74.125.200.0-255,1484,16755,54,303372
26169,0.00014,172.31.46.0-255,66,16821,54,303372
26170,0.000163,74.125.200.0-255,6797,23618,54,303372
26171,0.000166,172.31.46.0-255,66,23684,54,303372
26172,0.000215,74.125.200.0-255,1484,25168,54,303372
26173,0.000217,172.31.46.0-255,66,25234,54,303372
26174,0.000229,74.125.200.0-255,2902,28136,54,303372
26175,0.000232,172.31.46.0-255,66,28202,54,303372
26176,0.000255,74.125.200.0-255,5738,33940,54,303372
26177,0.000257,172.31.46.0-255,66,34006,54,303372
26178,0.000287,172.31.46.0-255,66,34072,54,303372
26179,0.00033,74.125.200.0-255,7156,41228,54,303372
26180,0.000333,172.31.46.0-255,66,41294,54,303372
26181,0.00035,74.125.200.0-255,1484,42778,54,303372
26182,0.000352,172.31.46.0-255,66,42844,54,303372
26183,0.000358,74.125.200.0-255,4320,47164,54,303372
26184,0.00036,172.31.46.0-255,66,47230,54,303372
26185,0.000384,74.125.200.0-255,2885,50115,54,303372
26186,0.0005,74.125.200.0-255,1484,51599,54,303372
26187,0.000515,74.125.200.0-255,2902,54501,54,303372
26188,0.000534,74.125.200.0-255,2902,57403,54,303372
26189,0.00054,74.125.200.0-255,4320,61723,54,303372
26190,0.000577,74.125.200.0-255,4320,66043,54,303372
26191,0.000605,74.125.200.0-255,4320,70363,54,303372
26192,0.000621,74.125.200.0-255,1125,71488,54,303372
26193,0.000628,74.125.200.0-255,5738,77226,54,303372
26194,0.000642,74.125.200.0-255,1484,78710,54,303372
26195,0.000675,74.125.200.0-255,5379,84089,54,303372
26196,0.000699,74.125.200.0-255,344,84433,54,303372
26197,0.000726,172.31.46.0-255,66,84499,54,303372
26198,0.000872,74.125.200.0-255,1484,85983,54,303372
26199,0.000878,74.125.200.0-255,2902,88885,54,303372
26200,0.000887,172.31.46.0-255,66,88951,54,303372
26201,0.000898,74.125.200.0-255,4320,93271,54,303372
26202,0.000904,172.31.46.0-255,66,93337,54,303372
26203,0.000915,74.125.200.0-255,1484,94821,54,303372
26204,0.000954,172.31.46.0-255,66,94887,54,303372
26205,0.00099,74.125.200.0-255,4320,99207,54,303372
26206,0.001009,74.125.200.0-255,5738,104945,54,303372
26207,0.001021,74.125.200.0-255,766,105711,54,303372
26208,0.001025,172.31.46.0-255,66,105777,54,303372
26209,0.001045,74.125.200.0-255,2902,108679,54,303372
26210,0.001053,172.31.46.0-255,66,108745,54,303372
26211,0.001063,74.125.200.0-255,1484,110229,54,303372
26212,0.001068,74.125.200.0-255,2902,113131,54,303372
26213,0.001082,74.125.200.0-255,2902,116033,54,303372
26214,0.001098,74.125.200.0-255,4320,120353,54,303372
26215,0.001112,172.31.46.0-255,66,120419,54,303372
26216,0.001119,74.125.200.0-255,7156,127575,54,303372
26217,0.001132,172.31.46.0-255,66,127641,54,303372
26218,0.001155,74.125.200.0-255,1484,129125,54,303372
26219,0.001169,74.125.200.0-255,1484,130609,54,303372
26220,0.001174,172.31.46.0-255,66,130675,54,303372
26221,0.001209,172.31.46.0-255,66,130741,54,303372
26222,0.001242,74.125.200.0-255,2902,133643,54,303372
26223,0.00126,74.125.200.0-255,4320,137963,54,303372
26224,0.001268,172.31.46.0-255,66,138029,54,303372
26225,0.001291,74.125.200.0-255,5738,143767,54,303372
26226,0.001308,74.125.200.0-255,7156,150923,54,303372
26227,0.001319,172.31.46.0-255,66,150989,54,303372
26228,0.001331,74.125.200.0-255,7156,158145,54,303372
26229,0.001336,172.31.46.0-255,66,158211,54,303372
26230,0.001385,74.125.200.0-255,6438,164649,54,303372
26231,0.0014,172.31.46.0-255,66,164715,54,303372
26232,0.001417,74.125.200.0-255,1484,166199,54,303372
26233,0.001439,74.125.200.0-255,5738,171937,54,303372
26234,0.001457,74.125.200.0-255,2902,174839,54,303372
26235,0.001469,172.31.46.0-255,66,174905,54,303372
26236,0.001521,172.31.46.0-255,66,174971,54,303372
26237,0.001594,74.125.200.0-255,2184,177155,54,303372
26238,0.001606,74.125.200.0-255,1484,178639,54,303372
26239,0.001621,74.125.200.0-255,2902,181541,54,303372
26240,0.001662,172.31.46.0-255,66,181607,54,303372
26241,0.001684,74.125.200.0-255,5738,187345,54,303372
26242,0.001707,172.31.46.0-255,66,187411,54,303372
26243,0.001719,74.125.200.0-255,4320,191731,54,303372
26244,0.001724,172.31.46.0-255,66,191797,54,303372
26245,0.001741,74.125.200.0-255,7156,198953,54,303372
26246,0.001763,172.31.46.0-255,66,199019,54,303372
26247,0.001783,74.125.200.0-255,2184,201203,54,303372
26248,0.001792,172.31.46.0-255,66,201269,54,303372
26249,0.001796,74.125.200.0-255,2902,204171,54,303372
26250,0.001801,172.31.46.0-255,66,204237,54,303372
26251,0.001854,172.31.46.0-255,66,204303,54,303372
26252,0.001867,74.125.200.0-255,1484,205787,54,303372
26253,0.001885,74.125.200.0-255,7156,212943,54,303372
26254,0.001897,172.31.46.0-255,66,213009,54,303372
26255,0.001909,74.125.200.0-255,7156,220165,54,303372
26256,0.001914,172.31.46.0-255,66,220231,54,303372
26257,0.001962,74.125.200.0-255,5020,225251,54,303372
26258,0.001985,74.125.200.0-255,5738,230989,54,303372
26259,0.002001,172.31.46.0-255,66,231055,54,303372
26260,0.002015,74.125.200.0-255,2902,233957,54,303372
26261,0.002026,172.31.46.0-255,66,234023,54,303372
26262,0.002058,172.31.46.0-255,66,234089,54,303372
26263,0.002094,74.125.200.0-255,2902,236991,54,303372
26264,0.002104,172.31.46.0-255,66,237057,54,303372
26265,0.002136,172.31.46.0-255,66,237123,54,303372
26266,0.002155,74.125.200.0-255,766,237889,54,303372
26267,0.002201,74.125.200.0-255,1484,239373,54,303372
26268,0.002208,172.31.46.0-255,66,239439,54,303372
26269,0.002229,74.125.200.0-255,2902,242341,54,303372
26270,0.002244,74.125.200.0-255,5738,248079,54,303372
26271,0.002253,172.31.46.0-255,66,248145,54,303372
26272,0.002268,74.125.200.0-255,2902,251047,54,303372
26273,0.002273,74.125.200.0-255,2902,253949,54,303372
26274,0.002285,74.125.200.0-255,1484,255433,54,303372
26275,0.002288,74.125.200.0-255,1484,256917,54,303372
26276,0.002302,74.125.200.0-255,4320,261237,54,303372
26277,0.002307,74.125.200.0-255,2902,264139,54,303372
26278,0.002314,172.31.46.0-255,66,264205,54,303372
26279,0.00236,74.125.200.0-255,2902,267107,54,303372
26280,0.002366,172.31.46.0-255,66,267173,54,303372
26281,0.002388,74.125.200.0-255,7156,274329,54,303372
26282,0.002392,74.125.200.0-255,1484,275813,54,303372
26283,0.002403,172.31.46.0-255,66,275879,54,303372
26284,0.00241,74.125.200.0-255,1484,277363,54,303372
26285,0.002415,74.125.200.0-255,2902,280265,54,303372
26286,0.00242,172.31.46.0-255,66,280331,54,303372
26287,0.002463,74.125.200.0-255,7156,287487,54,303372
26288,0.002469,172.31.46.0-255,66,287553,54,303372
26289,0.002499,74.125.200.0-255,766,288319,54,303372
26290,0.002503,172.31.46.0-255,66,288385,54,303372
26291,0.002514,74.125.200.0-255,4320,292705,54,303372
26292,0.002518,172.31.46.0-255,66,292771,54,303372
26293,0.00253,74.125.200.0-255,7156,299927,54,303372
26294,0.002543,74.125.200.0-255,1484,301411,54,303372
26295,0.002553,172.31.46.0-255,66,301477,54,303372
26296,0.002568,74.125.200.0-255,1370,302847,54,303372
26297,0.00258,74.125.200.0-255,105,302952,54,303372
26298,0.011316,172.31.46.0-255,66,303018,54,303372
26299,0.011363,172.31.46.0-255,105,303123,54,303372
26300,0.012977,74.125.200.0-255,105,303228,54,303372
26301,0.012987,172.31.46.0-255,78,303306,54,303372
26302,0.013374,74.125.200.0-255,66,303372,54,303372
26303,0.0,172.217.160.0-255,150,150,54,237846
26304,1.5e-05,172.31.46.0-255,66,216,54,237846
26305,2.2e-05,172.217.160.0-255,1484,1700,54,237846
26306,2.7e-05,172.31.46.0-255,66,1766,54,237846
26307,3.3e-05,172.217.160.0-255,2902,4668,54,237846
26308,3.7e-05,172.31.46.0-255,66,4734,54,237846
26309,4.1e-05,172.217.160.0-255,2902,7636,54,237846
26310,4.4e-05,172.31.46.0-255,66,7702,54,237846
26311,6.9e-05,172.217.160.0-255,2902,10604,54,237846
26312,7.2e-05,172.31.46.0-255,66,10670,54,237846
26313,9.6e-05,172.217.160.0-255,4774,15444,54,237846
26314,9.8e-05,172.31.46.0-255,66,15510,54,237846
26315,0.000108,172.31.46.0-255,66,15576,54,237846
26316,0.000133,172.217.160.0-255,6797,22373,54,237846
26317,0.000136,172.31.46.0-255,66,22439,54,237846
26318,0.000334,172.217.160.0-255,1484,23923,54,237846
26319,0.00034,172.31.46.0-255,66,23989,54,237846
26320,0.000346,172.217.160.0-255,2902,26891,54,237846
26321,0.000348,172.31.46.0-255,66,26957,54,237846
26322,0.000368,172.217.160.0-255,5738,32695,54,237846
26323,0.000372,172.31.46.0-255,66,32761,54,237846
26324,0.000387,172.217.160.0-255,4320,37081,54,237846
26325,0.00039,172.31.46.0-255,66,37147,54,237846
26326,0.000411,172.217.160.0-255,2543,39690,54,237846
26327,0.000414,172.31.46.0-255,66,39756,54,237846
26328,0.000623,172.217.160.0-255,1484,41240,54,237846
26329,0.000627,172.31.46.0-255,66,41306,54,237846
26330,0.000632,172.217.160.0-255,2902,44208,54,237846
26331,0.000634,172.31.46.0-255,66,44274,54,237846
26332,0.000641,172.217.160.0-255,5738,50012,54,237846
26333,0.000644,172.31.46.0-255,66,50078,54,237846
26334,0.000683,172.217.160.0-255,4320,54398,54,237846
26335,0.000686,172.31.46.0-255,66,54464,54,237846
26336,0.000706,172.217.160.0-255,2848,57312,54,237846
26337,0.000708,172.31.46.0-255,66,57378,54,237846
26338,0.001095,172.217.160.0-255,103,57481,54,237846
26339,0.001189,172.217.160.0-255,1484,58965,54,237846
26340,0.001194,172.31.46.0-255,66,59031,54,237846
26341,0.001201,172.217.160.0-255,2902,61933,54,237846
26342,0.001203,172.31.46.0-255,66,61999,54,237846
26343,0.001209,172.217.160.0-255,5738,67737,54,237846
26344,0.001212,172.31.46.0-255,66,67803,54,237846
26345,0.001254,172.217.160.0-255,4320,72123,54,237846
26346,0.001258,172.31.46.0-255,66,72189,54,237846
26347,0.001278,172.217.160.0-255,2543,74732,54,237846
26348,0.00128,172.31.46.0-255,66,74798,54,237846
26349,0.001289,172.217.160.0-255,7156,81954,54,237846
26350,0.001291,172.31.46.0-255,66,82020,54,237846
26351,0.001294,172.217.160.0-255,1484,83504,54,237846
26352,0.001314,172.217.160.0-255,5738,89242,54,237846
26353,0.001317,172.31.46.0-255,66,89308,54,237846
26354,0.001328,172.217.160.0-255,1484,90792,54,237846
26355,0.001332,172.217.160.0-255,1125,91917,54,237846
26356,0.001334,172.31.46.0-255,66,91983,54,237846
26357,0.001402,172.217.160.0-255,1484,93467,54,237846
26358,0.001421,172.217.160.0-255,2902,96369,54,237846
26359,0.001425,172.31.46.0-255,66,96435,54,237846
26360,0.001433,172.217.160.0-255,5738,102173,54,237846
26361,0.001435,172.31.46.0-255,66,102239,54,237846
26362,0.001463,172.217.160.0-255,6400,108639,54,237846
26363,0.001467,172.31.46.0-255,66,108705,54,237846
26364,0.00153,172.217.160.0-255,1484,110189,54,237846
26365,0.001536,172.217.160.0-255,2902,113091,54,237846
26366,0.001539,172.31.46.0-255,66,113157,54,237846
26367,0.001545,172.217.160.0-255,4320,117477,54,237846
26368,0.001547,172.31.46.0-255,66,117543,54,237846
26369,0.001559,172.217.160.0-255,1484,119027,54,237846
26370,0.001595,172.217.160.0-255,2902,121929,54,237846
26371,0.001598,172.31.46.0-255,66,121995,54,237846
26372,0.001619,172.217.160.0-255,4389,126384,54,237846
26373,0.001622,172.31.46.0-255,66,126450,54,237846
26374,0.001692,172.217.160.0-255,1484,127934,54,237846
26375,0.001699,172.217.160.0-255,2902,130836,54,237846
26376,0.001703,172.31.46.0-255,66,130902,54,237846
26377,0.001707,172.217.160.0-255,1484,132386,54,237846
26378,0.001728,172.217.160.0-255,4320,136706,54,237846
26379,0.001732,172.31.46.0-255,66,136772,54,237846
26380,0.001736,172.217.160.0-255,2902,139674,54,237846
26381,0.001739,172.31.46.0-255,66,139740,54,237846
26382,0.001753,172.217.160.0-255,4320,144060,54,237846
26383,0.001756,172.31.46.0-255,66,144126,54,237846
26384,0.001794,172.217.160.0-255,5738,149864,54,237846
26385,0.001798,172.31.46.0-255,66,149930,54,237846
26386,0.001811,172.31.46.0-255,66,149996,54,237846
26387,0.003693,172.217.160.0-255,5738,155734,54,237846
26388,0.003702,172.31.46.0-255,66,155800,54,237846
26389,0.005582,172.217.160.0-255,4320,160120,54,237846
26390,0.005586,172.31.46.0-255,66,160186,54,237846
26391,0.005604,172.217.160.0-255,1484,161670,54,237846
26392,0.007484,172.217.160.0-255,4320,165990,54,237846
26393,0.00749,172.31.46.0-255,66,166056,54,237846
26394,0.009659,172.217.160.0-255,5738,171794,54,237846
26395,0.009666,172.31.46.0-255,66,171860,54,237846
26396,0.01156,172.217.160.0-255,5738,177598,54,237846
26397,0.011567,172.31.46.0-255,66,177664,54,237846
26398,0.013457,172.217.160.0-255,5738,183402,54,237846
26399,0.013464,172.31.46.0-255,66,183468,54,237846
26400,0.015355,172.217.160.0-255,5738,189206,54,237846
26401,0.015362,172.31.46.0-255,66,189272,54,237846
26402,0.017245,172.217.160.0-255,5738,195010,54,237846
26403,0.017251,172.31.46.0-255,66,195076,54,237846
26404,0.019146,172.217.160.0-255,5738,200814,54,237846
26405,0.019153,172.31.46.0-255,66,200880,54,237846
26406,0.021042,172.217.160.0-255,5738,206618,54,237846
26407,0.021049,172.31.46.0-255,66,206684,54,237846
26408,0.022932,172.217.160.0-255,5738,212422,54,237846
26409,0.022939,172.31.46.0-255,66,212488,54,237846
26410,0.024826,172.217.160.0-255,5738,218226,54,237846
26411,0.024833,172.31.46.0-255,66,218292,54,237846
26412,0.02672,172.217.160.0-255,5738,224030,54,237846
26413,0.026726,172.31.46.0-255,66,224096,54,237846
26414,0.027088,172.31.46.0-255,167,224263,54,237846
26415,0.027117,172.31.46.0-255,1118,225381,54,237846
26416,0.027171,172.31.46.0-255,1514,226895,54,237846
26417,0.027172,172.31.46.0-255,1514,228409,54,237846
26418,0.027173,172.31.46.0-255,1514,229923,54,237846
26419,0.027174,172.31.46.0-255,1514,231437,54,237846
26420,0.027175,172.31.46.0-255,539,231976,54,237846
26421,0.028621,172.217.160.0-255,5738,237714,54,237846
26422,0.02863,172.31.46.0-255,66,237780,54,237846
26423,0.028754,104.244.42.0-255,66,237846,54,237846
26424,0.0,74.125.24.0-255,143,143,54,187725
26425,2.4e-05,172.31.46.0-255,66,209,54,187725
26426,3.1e-05,74.125.24.0-255,1484,1693,54,187725
26427,3.7e-05,172.31.46.0-255,66,1759,54,187725
26428,4.9e-05,74.125.24.0-255,2902,4661,54,187725
26429,5.3e-05,172.31.46.0-255,66,4727,54,187725
26430,5.6e-05,74.125.24.0-255,1484,6211,54,187725
26431,5.8e-05,172.31.46.0-255,66,6277,54,187725
26432,6.6e-05,74.125.24.0-255,5738,12015,54,187725
26433,6.9e-05,172.31.46.0-255,66,12081,54,187725
26434,7.4e-05,74.125.24.0-255,2090,14171,54,187725
26435,7.7e-05,172.31.46.0-255,66,14237,54,187725
26436,0.00062,74.125.24.0-255,1484,15721,54,187725
26437,0.000627,172.31.46.0-255,66,15787,54,187725
26438,0.000638,74.125.24.0-255,2902,18689,54,187725
26439,0.00064,172.31.46.0-255,66,18755,54,187725
26440,0.000652,74.125.24.0-255,5738,24493,54,187725
26441,0.000654,172.31.46.0-255,66,24559,54,187725
26442,0.000694,74.125.24.0-255,6797,31356,54,187725
26443,0.000698,172.31.46.0-255,66,31422,54,187725
26444,0.000706,74.125.24.0-255,7156,38578,54,187725
26445,0.000708,172.31.46.0-255,66,38644,54,187725
26446,0.000754,172.31.46.0-255,66,38710,54,187725
26447,0.000766,172.31.46.0-255,66,38776,54,187725
26448,0.000834,74.125.24.0-255,364,39140,54,187725
26449,0.000837,172.31.46.0-255,66,39206,54,187725
26450,0.00085,74.125.24.0-255,133,39339,54,187725
26451,0.000857,172.31.46.0-255,66,39405,54,187725
26452,0.000948,74.125.24.0-255,1484,40889,54,187725
26453,0.000952,172.31.46.0-255,66,40955,54,187725
26454,0.000958,74.125.24.0-255,2902,43857,54,187725
26455,0.00096,172.31.46.0-255,66,43923,54,187725
26456,0.000992,74.125.24.0-255,5738,49661,54,187725
26457,0.000996,172.31.46.0-255,66,49727,54,187725
26458,0.001002,74.125.24.0-255,5738,55465,54,187725
26459,0.001004,172.31.46.0-255,66,55531,54,187725
26460,0.001061,172.31.46.0-255,66,55597,54,187725
26461,0.001064,74.125.24.0-255,766,56363,54,187725
26462,0.001087,74.125.24.0-255,1484,57847,54,187725
26463,0.001089,172.31.46.0-255,66,57913,54,187725
26464,0.001119,172.31.46.0-255,66,57979,54,187725
26465,0.001134,74.125.24.0-255,2902,60881,54,187725
26466,0.00114,172.31.46.0-255,66,60947,54,187725
26467,0.001154,172.31.46.0-255,66,61013,54,187725
26468,0.001183,74.125.24.0-255,6438,67451,54,187725
26469,0.001186,172.31.46.0-255,66,67517,54,187725
26470,0.001203,172.31.46.0-255,66,67583,54,187725
26471,0.001219,172.31.46.0-255,66,67649,54,187725
26472,0.001249,74.125.24.0-255,3602,71251,54,187725
26473,0.001252,172.31.46.0-255,66,71317,54,187725
26474,0.001255,74.125.24.0-255,343,71660,54,187725
26475,0.001258,74.125.24.0-255,1484,73144,54,187725
26476,0.001261,172.31.46.0-255,66,73210,54,187725
26477,0.001271,74.125.24.0-255,4320,77530,54,187725
26478,0.001273,172.31.46.0-255,66,77596,54,187725
26479,0.001276,74.125.24.0-255,1484,79080,54,187725
26480,0.001315,172.31.46.0-255,66,79146,54,187725
26481,0.001335,172.31.46.0-255,66,79212,54,187725
26482,0.00134,74.125.24.0-255,3602,82814,54,187725
26483,0.001342,172.31.46.0-255,66,82880,54,187725
26484,0.001501,74.125.24.0-255,1484,84364,54,187725
26485,0.001508,74.125.24.0-255,1484,85848,54,187725
26486,0.001511,172.31.46.0-255,66,85914,54,187725
26487,0.00154,74.125.24.0-255,1484,87398,54,187725
26488,0.001548,74.125.24.0-255,5738,93136,54,187725
26489,0.001552,172.31.46.0-255,66,93202,54,187725
26490,0.001566,172.31.46.0-255,66,93268,54,187725
26491,0.001583,172.31.46.0-255,66,93334,54,187725
26492,0.001797,74.125.24.0-255,1484,94818,54,187725
26493,0.001804,74.125.24.0-255,2902,97720,54,187725
26494,0.001809,172.31.46.0-255,66,97786,54,187725
26495,0.001816,74.125.24.0-255,5738,103524,54,187725
26496,0.001819,172.31.46.0-255,66,103590,54,187725
26497,0.001896,172.31.46.0-255,66,103656,54,187725
26498,0.001909,172.31.46.0-255,66,103722,54,187725
26499,0.001943,74.125.24.0-255,1484,105206,54,187725
26500,0.001947,74.125.24.0-255,2902,108108,54,187725
26501,0.001949,172.31.46.0-255,66,108174,54,187725
26502,0.001956,74.125.24.0-255,5738,113912,54,187725
26503,0.001959,172.31.46.0-255,66,113978,54,187725
26504,0.001966,74.125.24.0-255,1484,115462,54,187725
26505,0.001989,74.125.24.0-255,5738,121200,54,187725
26506,0.001991,172.31.46.0-255,66,121266,54,187725
26507,0.002002,172.31.46.0-255,66,121332,54,187725
26508,0.002029,74.125.24.0-255,5738,127070,54,187725
26509,0.002031,172.31.46.0-255,66,127136,54,187725
26510,0.002036,74.125.24.0-255,2184,129320,54,187725
26511,0.002038,172.31.46.0-255,66,129386,54,187725
26512,0.002531,74.125.24.0-255,1484,130870,54,187725
26513,0.002535,74.125.24.0-255,2902,133772,54,187725
26514,0.002538,172.31.46.0-255,66,133838,54,187725
26515,0.002565,74.125.24.0-255,5738,139576,54,187725
26516,0.002568,172.31.46.0-255,66,139642,54,187725
26517,0.002579,172.31.46.0-255,66,139708,54,187725
26518,0.002599,74.125.24.0-255,4320,144028,54,187725
26519,0.002601,172.31.46.0-255,66,144094,54,187725
26520,0.002638,172.31.46.0-255,66,144160,54,187725
26521,0.003126,74.125.24.0-255,1484,145644,54,187725
26522,0.003139,74.125.24.0-255,2902,148546,54,187725
26523,0.003141,172.31.46.0-255,66,148612,54,187725
26524,0.003147,74.125.24.0-255,4320,152932,54,187725
26525,0.003149,172.31.46.0-255,66,152998,54,187725
26526,0.003152,74.125.24.0-255,1484,154482,54,187725
26527,0.003183,74.125.24.0-255,4320,158802,54,187725
26528,0.003186,172.31.46.0-255,66,158868,54,187725
26529,0.003232,172.31.46.0-255,66,158934,54,187725
26530,0.003238,74.125.24.0-255,5738,164672,54,187725
26531,0.00324,172.31.46.0-255,66,164738,54,187725
26532,0.003258,172.31.46.0-255,66,164804,54,187725
26533,0.003301,172.31.46.0-255,66,164870,54,187725
26534,0.003307,74.125.24.0-255,5738,170608,54,187725
26535,0.00331,172.31.46.0-255,66,170674,54,187725
26536,0.003326,172.31.46.0-255,66,170740,54,187725
26537,0.003331,74.125.24.0-255,4320,175060,54,187725
26538,0.003333,172.31.46.0-255,66,175126,54,187725
26539,0.003336,74.125.24.0-255,1484,176610,54,187725
26540,0.003341,74.125.24.0-255,2902,179512,54,187725
26541,0.003344,172.31.46.0-255,66,179578,54,187725
26542,0.003349,74.125.24.0-255,3573,183151,54,187725
26543,0.003353,74.125.24.0-255,97,183248,54,187725
26544,0.003357,172.31.46.0-255,66,183314,54,187725
26545,0.00339,74.125.24.0-255,105,183419,54,187725
26546,0.007261,172.31.46.0-255,66,183485,54,187725
26547,0.007294,172.31.46.0-255,105,183590,54,187725
26548,0.009568,74.125.24.0-255,66,183656,54,187725
26549,0.028922,172.31.46.0-255,159,183815,54,187725
26550,0.028959,172.31.46.0-255,1128,184943,54,187725
26551,0.029017,172.31.46.0-255,1514,186457,54,187725
26552,0.029018,172.31.46.0-255,1268,187725,54,187725
26553,0.0,74.125.24.0-255,153,153,54,230723
26554,1.6e-05,172.31.46.0-255,66,219,54,230723
26555,2.2e-05,74.125.24.0-255,1484,1703,54,230723
26556,2.6e-05,172.31.46.0-255,66,1769,54,230723
26557,3.2e-05,74.125.24.0-255,2902,4671,54,230723
26558,3.4e-05,172.31.46.0-255,66,4737,54,230723
26559,4e-05,74.125.24.0-255,4320,9057,54,230723
26560,4.2e-05,172.31.46.0-255,66,9123,54,230723
26561,6.1e-05,74.125.24.0-255,2902,12025,54,230723
26562,6.3e-05,172.31.46.0-255,66,12091,54,230723
26563,9.3e-05,172.31.46.0-255,66,12157,54,230723
26564,0.000113,74.125.24.0-255,682,12839,54,230723
26565,0.000115,172.31.46.0-255,66,12905,54,230723
26566,0.000123,74.125.24.0-255,6797,19702,54,230723
26567,0.000126,172.31.46.0-255,66,19768,54,230723
26568,0.000173,74.125.24.0-255,1484,21252,54,230723
26569,0.000176,172.31.46.0-255,66,21318,54,230723
26570,0.000181,74.125.24.0-255,2902,24220,54,230723
26571,0.000183,172.31.46.0-255,66,24286,54,230723
26572,0.000187,74.125.24.0-255,2902,27188,54,230723
26573,0.000189,172.31.46.0-255,66,27254,54,230723
26574,0.00021,74.125.24.0-255,2902,30156,54,230723
26575,0.000212,172.31.46.0-255,66,30222,54,230723
26576,0.000224,172.31.46.0-255,66,30288,54,230723
26577,0.000241,74.125.24.0-255,2902,33190,54,230723
26578,0.000243,172.31.46.0-255,66,33256,54,230723
26579,0.000284,172.31.46.0-255,66,33322,54,230723
26580,0.000303,74.125.24.0-255,2519,35841,54,230723
26581,0.000307,172.31.46.0-255,66,35907,54,230723
26582,0.000309,74.125.24.0-255,374,36281,54,230723
26583,0.0004,74.125.24.0-255,1484,37765,54,230723
26584,0.000404,172.31.46.0-255,66,37831,54,230723
26585,0.000408,74.125.24.0-255,2902,40733,54,230723
26586,0.000411,172.31.46.0-255,66,40799,54,230723
26587,0.000414,74.125.24.0-255,1484,42283,54,230723
26588,0.000428,74.125.24.0-255,4320,46603,54,230723
26589,0.00043,172.31.46.0-255,66,46669,54,230723
26590,0.000468,74.125.24.0-255,2902,49571,54,230723
26591,0.00047,172.31.46.0-255,66,49637,54,230723
26592,0.000484,74.125.24.0-255,5738,55375,54,230723
26593,0.000487,172.31.46.0-255,66,55441,54,230723
26594,0.000502,74.125.24.0-255,5379,60820,54,230723
26595,0.000504,172.31.46.0-255,66,60886,54,230723
26596,0.000507,74.125.24.0-255,1484,62370,54,230723
26597,0.000524,74.125.24.0-255,1484,63854,54,230723
26598,0.000526,172.31.46.0-255,66,63920,54,230723
26599,0.000531,74.125.24.0-255,2902,66822,54,230723
26600,0.000533,172.31.46.0-255,66,66888,54,230723
26601,0.000552,74.125.24.0-255,3961,70849,54,230723
26602,0.000554,172.31.46.0-255,66,70915,54,230723
26603,0.001634,74.125.24.0-255,1484,72399,54,230723
26604,0.001644,74.125.24.0-255,2902,75301,54,230723
26605,0.001648,172.31.46.0-255,66,75367,54,230723
26606,0.001656,74.125.24.0-255,5738,81105,54,230723
26607,0.001658,172.31.46.0-255,66,81171,54,230723
26608,0.001695,172.31.46.0-255,66,81237,54,230723
26609,0.001724,74.125.24.0-255,4320,85557,54,230723
26610,0.001727,172.31.46.0-255,66,85623,54,230723
26611,0.001745,74.125.24.0-255,2902,88525,54,230723
26612,0.001747,172.31.46.0-255,66,88591,54,230723
26613,0.001766,74.125.24.0-255,2902,91493,54,230723
26614,0.001768,172.31.46.0-255,66,91559,54,230723
26615,0.001784,74.125.24.0-255,766,92325,54,230723
26616,0.001804,74.125.24.0-255,1484,93809,54,230723
26617,0.001807,172.31.46.0-255,66,93875,54,230723
26618,0.001811,74.125.24.0-255,2902,96777,54,230723
26619,0.001813,172.31.46.0-255,66,96843,54,230723
26620,0.001817,74.125.24.0-255,1484,98327,54,230723
26621,0.001833,74.125.24.0-255,4320,102647,54,230723
26622,0.001835,172.31.46.0-255,66,102713,54,230723
26623,0.001846,172.31.46.0-255,66,102779,54,230723
26624,0.001892,74.125.24.0-255,5738,108517,54,230723
26625,0.001895,172.31.46.0-255,66,108583,54,230723
26626,0.001923,172.31.46.0-255,66,108649,54,230723
26627,0.001952,74.125.24.0-255,1484,110133,54,230723
26628,0.00197,74.125.24.0-255,2902,113035,54,230723
26629,0.001973,172.31.46.0-255,66,113101,54,230723
26630,0.00198,74.125.24.0-255,5738,118839,54,230723
26631,0.001981,172.31.46.0-255,66,118905,54,230723
26632,0.002004,74.125.24.0-255,7156,126061,54,230723
26633,0.002006,172.31.46.0-255,66,126127,54,230723
26634,0.002024,74.125.24.0-255,5738,131865,54,230723
26635,0.002026,172.31.46.0-255,66,131931,54,230723
26636,0.002061,74.125.24.0-255,5738,137669,54,230723
26637,0.002064,172.31.46.0-255,66,137735,54,230723
26638,0.00208,74.125.24.0-255,1484,139219,54,230723
26639,0.002093,74.125.24.0-255,1484,140703,54,230723
26640,0.002095,172.31.46.0-255,66,140769,54,230723
26641,0.0021,74.125.24.0-255,2184,142953,54,230723
26642,0.002102,172.31.46.0-255,66,143019,54,230723
26643,0.00213,74.125.24.0-255,5738,148757,54,230723
26644,0.002134,172.31.46.0-255,66,148823,54,230723
26645,0.002139,74.125.24.0-255,4320,153143,54,230723
26646,0.002141,172.31.46.0-255,66,153209,54,230723
26647,0.002164,172.31.46.0-255,66,153275,54,230723
26648,0.002207,74.125.24.0-255,4320,157595,54,230723
26649,0.00221,172.31.46.0-255,66,157661,54,230723
26650,0.002227,74.125.24.0-255,1484,159145,54,230723
26651,0.002234,74.125.24.0-255,4320,163465,54,230723
26652,0.002237,172.31.46.0-255,66,163531,54,230723
26653,0.002258,74.125.24.0-255,5020,168551,54,230723
26654,0.00226,172.31.46.0-255,66,168617,54,230723
26655,0.002278,74.125.24.0-255,2902,171519,54,230723
26656,0.00228,172.31.46.0-255,66,171585,54,230723
26657,0.002313,172.31.46.0-255,66,171651,54,230723
26658,0.002372,74.125.24.0-255,7156,178807,54,230723
26659,0.002375,172.31.46.0-255,66,178873,54,230723
26660,0.002383,74.125.24.0-255,7156,186029,54,230723
26661,0.002386,172.31.46.0-255,66,186095,54,230723
26662,0.002415,74.125.24.0-255,6438,192533,54,230723
26663,0.002417,172.31.46.0-255,66,192599,54,230723
26664,0.002447,74.125.24.0-255,4320,196919,54,230723
26665,0.002449,172.31.46.0-255,66,196985,54,230723
26666,0.002465,74.125.24.0-255,4320,201305,54,230723
26667,0.002468,172.31.46.0-255,66,201371,54,230723
26668,0.002494,172.31.46.0-255,66,201437,54,230723
26669,0.002509,74.125.24.0-255,1484,202921,54,230723
26670,0.00257,74.125.24.0-255,4320,207241,54,230723
26671,0.002575,172.31.46.0-255,66,207307,54,230723
26672,0.002596,74.125.24.0-255,1484,208791,54,230723
26673,0.002611,74.125.24.0-255,1484,210275,54,230723
26674,0.002614,172.31.46.0-255,66,210341,54,230723
26675,0.002642,172.31.46.0-255,66,210407,54,230723
26676,0.002663,74.125.24.0-255,3602,214009,54,230723
26677,0.002666,172.31.46.0-255,66,214075,54,230723
26678,0.002701,74.125.24.0-255,4320,218395,54,230723
26679,0.002705,172.31.46.0-255,66,218461,54,230723
26680,0.002747,172.31.46.0-255,66,218527,54,230723
26681,0.002765,74.125.24.0-255,766,219293,54,230723
26682,0.002858,172.31.46.0-255,66,219359,54,230723
26683,0.002878,74.125.24.0-255,5020,224379,54,230723
26684,0.002881,172.31.46.0-255,66,224445,54,230723
26685,0.002932,74.125.24.0-255,5738,230183,54,230723
26686,0.002936,172.31.46.0-255,66,230249,54,230723
26687,0.002979,172.31.46.0-255,66,230315,54,230723
26688,0.003007,172.31.46.0-255,66,230381,54,230723
26689,0.003105,74.125.24.0-255,105,230486,54,230723
26690,0.006205,172.31.46.0-255,66,230552,54,230723
26691,0.006246,172.31.46.0-255,105,230657,54,230723
26692,0.008186,74.125.24.0-255,66,230723,54,230723
26693,0.0,172.217.194.0-255,151,151,54,213841
26694,2.3e-05,172.31.46.0-255,66,217,54,213841
26695,3e-05,172.217.194.0-255,1484,1701,54,213841
26696,3.4e-05,172.31.46.0-255,66,1767,54,213841
26697,4.1e-05,172.217.194.0-255,2902,4669,54,213841
26698,4.4e-05,172.31.46.0-255,66,4735,54,213841
26699,5.2e-05,172.217.194.0-255,7156,11891,54,213841
26700,5.5e-05,172.31.46.0-255,66,11957,54,213841
26701,8.1e-05,172.31.46.0-255,66,12023,54,213841
26702,0.000115,172.31.46.0-255,66,12089,54,213841
26703,0.00012,172.217.194.0-255,2543,14632,54,213841
26704,0.000122,172.31.46.0-255,66,14698,54,213841
26705,0.000461,172.217.194.0-255,1484,16182,54,213841
26706,0.000468,172.31.46.0-255,66,16248,54,213841
26707,0.000474,172.217.194.0-255,2902,19150,54,213841
26708,0.000477,172.31.46.0-255,66,19216,54,213841
26709,0.00048,172.217.194.0-255,1484,20700,54,213841
26710,0.000483,172.31.46.0-255,66,20766,54,213841
26711,0.000498,172.217.194.0-255,4320,25086,54,213841
26712,0.000501,172.31.46.0-255,66,25152,54,213841
26713,0.000506,172.217.194.0-255,4320,29472,54,213841
26714,0.000508,172.31.46.0-255,66,29538,54,213841
26715,0.000535,172.217.194.0-255,5738,35276,54,213841
26716,0.000538,172.31.46.0-255,66,35342,54,213841
26717,0.000569,172.31.46.0-255,66,35408,54,213841
26718,0.000587,172.217.194.0-255,2184,37592,54,213841
26719,0.00059,172.31.46.0-255,66,37658,54,213841
26720,0.000738,172.217.194.0-255,647,38305,54,213841
26721,0.000742,172.31.46.0-255,66,38371,54,213841
26722,0.000769,172.217.194.0-255,1484,39855,54,213841
26723,0.000799,172.217.194.0-255,2902,42757,54,213841
26724,0.000802,172.31.46.0-255,66,42823,54,213841
26725,0.000821,172.217.194.0-255,1484,44307,54,213841
26726,0.000829,172.217.194.0-255,7156,51463,54,213841
26727,0.000832,172.31.46.0-255,66,51529,54,213841
26728,0.000843,172.31.46.0-255,66,51595,54,213841
26729,0.000851,172.217.194.0-255,7156,58751,54,213841
26730,0.000853,172.31.46.0-255,66,58817,54,213841
26731,0.000878,172.217.194.0-255,5020,63837,54,213841
26732,0.000882,172.31.46.0-255,66,63903,54,213841
26733,0.001519,172.217.194.0-255,1484,65387,54,213841
26734,0.001526,172.217.194.0-255,2902,68289,54,213841
26735,0.00153,172.31.46.0-255,66,68355,54,213841
26736,0.001538,172.217.194.0-255,5738,74093,54,213841
26737,0.00154,172.31.46.0-255,66,74159,54,213841
26738,0.001557,172.217.194.0-255,7156,81315,54,213841
26739,0.00156,172.31.46.0-255,66,81381,54,213841
26740,0.001581,172.217.194.0-255,5738,87119,54,213841
26741,0.001584,172.31.46.0-255,66,87185,54,213841
26742,0.001586,172.217.194.0-255,1484,88669,54,213841
26743,0.001601,172.217.194.0-255,4320,92989,54,213841
26744,0.001603,172.31.46.0-255,66,93055,54,213841
26745,0.001641,172.31.46.0-255,66,93121,54,213841
26746,0.001647,172.217.194.0-255,7156,100277,54,213841
26747,0.00165,172.31.46.0-255,66,100343,54,213841
26748,0.00169,172.217.194.0-255,2902,103245,54,213841
26749,0.001694,172.31.46.0-255,66,103311,54,213841
26750,0.001723,172.31.46.0-255,66,103377,54,213841
26751,0.001726,172.217.194.0-255,1484,104861,54,213841
26752,0.00173,172.217.194.0-255,2902,107763,54,213841
26753,0.001732,172.31.46.0-255,66,107829,54,213841
26754,0.001738,172.217.194.0-255,5738,113567,54,213841
26755,0.001741,172.31.46.0-255,66,113633,54,213841
26756,0.001757,172.217.194.0-255,5738,119371,54,213841
26757,0.001759,172.31.46.0-255,66,119437,54,213841
26758,0.00178,172.217.194.0-255,7156,126593,54,213841
26759,0.001782,172.31.46.0-255,66,126659,54,213841
26760,0.001793,172.31.46.0-255,66,126725,54,213841
26761,0.001828,172.217.194.0-255,2184,128909,54,213841
26762,0.001831,172.31.46.0-255,66,128975,54,213841
26763,0.002246,172.217.194.0-255,1484,130459,54,213841
26764,0.002252,172.217.194.0-255,2902,133361,54,213841
26765,0.002255,172.31.46.0-255,66,133427,54,213841
26766,0.002262,172.217.194.0-255,5738,139165,54,213841
26767,0.002264,172.31.46.0-255,66,139231,54,213841
26768,0.00228,172.217.194.0-255,4320,143551,54,213841
26769,0.002282,172.31.46.0-255,66,143617,54,213841
26770,0.002316,172.31.46.0-255,66,143683,54,213841
26771,0.002329,172.31.46.0-255,66,143749,54,213841
26772,0.002363,172.217.194.0-255,2184,145933,54,213841
26773,0.002365,172.31.46.0-255,66,145999,54,213841
26774,0.002388,172.31.46.0-255,66,146065,54,213841
26775,0.002428,172.31.46.0-255,66,146131,54,213841
26776,0.002461,172.217.194.0-255,6438,152569,54,213841
26777,0.002465,172.31.46.0-255,66,152635,54,213841
26778,0.002474,172.31.46.0-255,66,152701,54,213841
26779,0.002485,172.31.46.0-255,66,152767,54,213841
26780,0.002489,172.217.194.0-255,2902,155669,54,213841
26781,0.002492,172.31.46.0-255,66,155735,54,213841
26782,0.002524,172.31.46.0-255,66,155801,54,213841
26783,0.005098,172.217.194.0-255,5738,161539,54,213841
26784,0.005107,172.31.46.0-255,66,161605,54,213841
26785,0.007666,172.217.194.0-255,5738,167343,54,213841
26786,0.007672,172.31.46.0-255,66,167409,54,213841
26787,0.010241,172.217.194.0-255,5738,173147,54,213841
26788,0.010248,172.31.46.0-255,66,173213,54,213841
26789,0.012807,172.217.194.0-255,5738,178951,54,213841
26790,0.012816,172.31.46.0-255,66,179017,54,213841
26791,0.015371,172.217.194.0-255,5738,184755,54,213841
26792,0.01538,172.31.46.0-255,66,184821,54,213841
26793,0.017949,172.217.194.0-255,5738,190559,54,213841
26794,0.017961,172.31.46.0-255,66,190625,54,213841
26795,0.020546,172.217.194.0-255,5738,196363,54,213841
26796,0.020557,172.31.46.0-255,66,196429,54,213841
26797,0.023118,172.217.194.0-255,5738,202167,54,213841
26798,0.023126,172.31.46.0-255,66,202233,54,213841
26799,0.025693,172.217.194.0-255,5738,207971,54,213841
26800,0.0257,172.31.46.0-255,66,208037,54,213841
26801,0.028259,172.217.194.0-255,5738,213775,54,213841
26802,0.028266,172.31.46.0-255,66,213841,54,213841
26803,0.0,74.125.24.0-255,143,143,54,148216
26804,2.4e-05,172.31.46.0-255,66,209,54,148216
26805,3.1e-05,74.125.24.0-255,1484,1693,54,148216
26806,3.6e-05,172.31.46.0-255,66,1759,54,148216
26807,5e-05,74.125.24.0-255,2902,4661,54,148216
26808,5.3e-05,172.31.46.0-255,66,4727,54,148216
26809,6.1e-05,74.125.24.0-255,7156,11883,54,148216
26810,6.4e-05,172.31.46.0-255,66,11949,54,148216
26811,6.9e-05,74.125.24.0-255,1968,13917,54,148216
26812,7.2e-05,172.31.46.0-255,66,13983,54,148216
26813,8.6e-05,172.31.46.0-255,66,14049,54,148216
26814,0.000112,74.125.24.0-255,1484,15533,54,148216
26815,0.000115,172.31.46.0-255,66,15599,54,148216
26816,0.00014,74.125.24.0-255,3961,19560,54,148216
26817,0.000148,172.31.46.0-255,66,19626,54,148216
26818,0.000151,74.125.24.0-255,1484,21110,54,148216
26819,0.000153,172.31.46.0-255,66,21176,54,148216
26820,0.000182,74.125.24.0-255,2902,24078,54,148216
26821,0.000186,172.31.46.0-255,66,24144,54,148216
26822,0.000196,74.125.24.0-255,5738,29882,54,148216
26823,0.000199,172.31.46.0-255,66,29948,54,148216
26824,0.000217,74.125.24.0-255,6797,36745,54,148216
26825,0.00022,172.31.46.0-255,66,36811,54,148216
26826,0.000543,74.125.24.0-255,1484,38295,54,148216
26827,0.000549,172.31.46.0-255,66,38361,54,148216
26828,0.000557,74.125.24.0-255,2902,41263,54,148216
26829,0.000559,172.31.46.0-255,66,41329,54,148216
26830,0.000569,74.125.24.0-255,2902,44231,54,148216
26831,0.000572,172.31.46.0-255,66,44297,54,148216
26832,0.000609,74.125.24.0-255,7156,51453,54,148216
26833,0.000613,172.31.46.0-255,66,51519,54,148216
26834,0.000616,74.125.24.0-255,1484,53003,54,148216
26835,0.000655,74.125.24.0-255,2543,55546,54,148216
26836,0.00067,74.125.24.0-255,1484,57030,54,148216
26837,0.000673,74.125.24.0-255,1484,58514,54,148216
26838,0.00069,172.31.46.0-255,66,58580,54,148216
26839,0.000694,74.125.24.0-255,1484,60064,54,148216
26840,0.00072,74.125.24.0-255,4320,64384,54,148216
26841,0.000729,172.31.46.0-255,66,64450,54,148216
26842,0.00075,74.125.24.0-255,5738,70188,54,148216
26843,0.000753,74.125.24.0-255,1125,71313,54,148216
26844,0.000774,172.31.46.0-255,66,71379,54,148216
26845,0.001417,74.125.24.0-255,1484,72863,54,148216
26846,0.001425,74.125.24.0-255,1484,74347,54,148216
26847,0.001429,172.31.46.0-255,66,74413,54,148216
26848,0.001457,74.125.24.0-255,1484,75897,54,148216
26849,0.001465,74.125.24.0-255,5738,81635,54,148216
26850,0.001468,172.31.46.0-255,66,81701,54,148216
26851,0.001476,74.125.24.0-255,7156,88857,54,148216
26852,0.001483,172.31.46.0-255,66,88923,54,148216
26853,0.001486,74.125.24.0-255,289,89212,54,148216
26854,0.001894,74.125.24.0-255,1484,90696,54,148216
26855,0.0019,172.31.46.0-255,66,90762,54,148216
26856,0.001907,74.125.24.0-255,2902,93664,54,148216
26857,0.00191,172.31.46.0-255,66,93730,54,148216
26858,0.001921,74.125.24.0-255,5738,99468,54,148216
26859,0.001924,172.31.46.0-255,66,99534,54,148216
26860,0.001995,74.125.24.0-255,2184,101718,54,148216
26861,0.007019,172.31.46.0-255,66,101784,54,148216
26862,0.009609,74.125.24.0-255,5738,107522,54,148216
26863,0.00962,172.31.46.0-255,66,107588,54,148216
26864,0.012234,74.125.24.0-255,5738,113326,54,148216
26865,0.012244,172.31.46.0-255,66,113392,54,148216
26866,0.01485,74.125.24.0-255,5738,119130,54,148216
26867,0.014863,172.31.46.0-255,66,119196,54,148216
26868,0.017455,74.125.24.0-255,5738,124934,54,148216
26869,0.017464,172.31.46.0-255,66,125000,54,148216
26870,0.020109,74.125.24.0-255,5738,130738,54,148216
26871,0.020121,172.31.46.0-255,66,130804,54,148216
26872,0.022718,74.125.24.0-255,5738,136542,54,148216
26873,0.022733,172.31.46.0-255,66,136608,54,148216
26874,0.025319,74.125.24.0-255,5738,142346,54,148216
26875,0.025329,172.31.46.0-255,66,142412,54,148216
26876,0.027932,74.125.24.0-255,5738,148150,54,148216
26877,0.027941,172.31.46.0-255,66,148216,54,148216
26878,0.0,172.31.46.0-255,105,105,54,105
26879,0.0,74.125.24.0-255,296,296,54,238484
26880,2.6e-05,172.31.46.0-255,66,362,54,238484
26881,3.2e-05,74.125.24.0-255,1484,1846,54,238484
26882,3.7e-05,172.31.46.0-255,66,1912,54,238484
26883,4.5e-05,74.125.24.0-255,4320,6232,54,238484
26884,4.9e-05,172.31.46.0-255,66,6298,54,238484
26885,6.6e-05,74.125.24.0-255,2902,9200,54,238484
26886,6.9e-05,172.31.46.0-255,66,9266,54,238484
26887,8.2e-05,172.31.46.0-255,66,9332,54,238484
26888,0.000129,172.31.46.0-255,66,9398,54,238484
26889,0.000149,74.125.24.0-255,1484,10882,54,238484
26890,0.000151,172.31.46.0-255,66,10948,54,238484
26891,0.000156,74.125.24.0-255,2902,13850,54,238484
26892,0.000159,172.31.46.0-255,66,13916,54,238484
26893,0.000163,74.125.24.0-255,2902,16818,54,238484
26894,0.000165,172.31.46.0-255,66,16884,54,238484
26895,0.000178,74.125.24.0-255,2902,19786,54,238484
26896,0.000181,172.31.46.0-255,66,19852,54,238484
26897,0.000223,172.31.46.0-255,66,19918,54,238484
26898,0.000235,172.31.46.0-255,66,19984,54,238484
26899,0.000238,74.125.24.0-255,766,20750,54,238484
26900,0.00024,172.31.46.0-255,66,20816,54,238484
26901,0.000274,74.125.24.0-255,398,21214,54,238484
26902,0.000277,172.31.46.0-255,66,21280,54,238484
26903,0.00035,74.125.24.0-255,378,21658,54,238484
26904,0.000354,172.31.46.0-255,66,21724,54,238484
26905,0.000558,74.125.24.0-255,1484,23208,54,238484
26906,0.000563,172.31.46.0-255,66,23274,54,238484
26907,0.000569,74.125.24.0-255,2902,26176,54,238484
26908,0.000573,172.31.46.0-255,66,26242,54,238484
26909,0.000576,74.125.24.0-255,1484,27726,54,238484
26910,0.000603,74.125.24.0-255,4320,32046,54,238484
26911,0.000621,172.31.46.0-255,66,32112,54,238484
26912,0.000633,172.31.46.0-255,66,32178,54,238484
26913,0.000686,172.31.46.0-255,66,32244,54,238484
26914,0.000711,74.125.24.0-255,6797,39041,54,238484
26915,0.000714,172.31.46.0-255,66,39107,54,238484
26916,0.00099,74.125.24.0-255,1484,40591,54,238484
26917,0.001007,74.125.24.0-255,2902,43493,54,238484
26918,0.001013,172.31.46.0-255,66,43559,54,238484
26919,0.001024,74.125.24.0-255,4320,47879,54,238484
26920,0.001027,172.31.46.0-255,66,47945,54,238484
26921,0.001053,74.125.24.0-255,1484,49429,54,238484
26922,0.001069,172.31.46.0-255,66,49495,54,238484
26923,0.001115,74.125.24.0-255,7156,56651,54,238484
26924,0.001119,172.31.46.0-255,66,56717,54,238484
26925,0.001139,74.125.24.0-255,3602,60319,54,238484
26926,0.001142,172.31.46.0-255,66,60385,54,238484
26927,0.001163,74.125.24.0-255,7156,67541,54,238484
26928,0.001166,172.31.46.0-255,66,67607,54,238484
26929,0.001191,172.31.46.0-255,66,67673,54,238484
26930,0.001212,74.125.24.0-255,7156,74829,54,238484
26931,0.001215,172.31.46.0-255,66,74895,54,238484
26932,0.001238,74.125.24.0-255,4320,79215,54,238484
26933,0.001241,172.31.46.0-255,66,79281,54,238484
26934,0.001255,172.31.46.0-255,66,79347,54,238484
26935,0.00126,74.125.24.0-255,5738,85085,54,238484
26936,0.001263,172.31.46.0-255,66,85151,54,238484
26937,0.001284,74.125.24.0-255,2902,88053,54,238484
26938,0.001287,172.31.46.0-255,66,88119,54,238484
26939,0.001298,172.31.46.0-255,66,88185,54,238484
26940,0.001332,172.31.46.0-255,66,88251,54,238484
26941,0.001394,74.125.24.0-255,1484,89735,54,238484
26942,0.0014,74.125.24.0-255,2902,92637,54,238484
26943,0.001403,172.31.46.0-255,66,92703,54,238484
26944,0.001406,74.125.24.0-255,1484,94187,54,238484
26945,0.00142,74.125.24.0-255,2902,97089,54,238484
26946,0.001422,172.31.46.0-255,66,97155,54,238484
26947,0.001457,74.125.24.0-255,5738,102893,54,238484
26948,0.001459,172.31.46.0-255,66,102959,54,238484
26949,0.001466,74.125.24.0-255,4320,107279,54,238484
26950,0.001468,172.31.46.0-255,66,107345,54,238484
26951,0.001485,74.125.24.0-255,7156,114501,54,238484
26952,0.001487,172.31.46.0-255,66,114567,54,238484
26953,0.001518,74.125.24.0-255,4320,118887,54,238484
26954,0.001521,172.31.46.0-255,66,118953,54,238484
26955,0.001541,74.125.24.0-255,3602,122555,54,238484
26956,0.001543,172.31.46.0-255,66,122621,54,238484
26957,0.001559,74.125.24.0-255,1484,124105,54,238484
26958,0.001561,74.125.24.0-255,1484,125589,54,238484
26959,0.001565,172.31.46.0-255,66,125655,54,238484
26960,0.001575,74.125.24.0-255,1484,127139,54,238484
26961,0.001596,74.125.24.0-255,5738,132877,54,238484
26962,0.001599,172.31.46.0-255,66,132943,54,238484
26963,0.001617,74.125.24.0-255,5738,138681,54,238484
26964,0.001647,74.125.24.0-255,7156,145837,54,238484
26965,0.00165,172.31.46.0-255,66,145903,54,238484
26966,0.001655,172.31.46.0-255,66,145969,54,238484
26967,0.001669,74.125.24.0-255,4320,150289,54,238484
26968,0.00169,74.125.24.0-255,6438,156727,54,238484
26969,0.001731,74.125.24.0-255,5738,162465,54,238484
26970,0.001738,172.31.46.0-255,66,162531,54,238484
26971,0.00175,74.125.24.0-255,5738,168269,54,238484
26972,0.001765,172.31.46.0-255,66,168335,54,238484
26973,0.001775,74.125.24.0-255,4320,172655,54,238484
26974,0.001815,172.31.46.0-255,66,172721,54,238484
26975,0.001832,74.125.24.0-255,2184,174905,54,238484
26976,0.001852,74.125.24.0-255,2902,177807,54,238484
26977,0.001864,172.31.46.0-255,66,177873,54,238484
26978,0.001874,74.125.24.0-255,2184,180057,54,238484
26979,0.001879,172.31.46.0-255,66,180123,54,238484
26980,0.001887,74.125.24.0-255,2902,183025,54,238484
26981,0.001908,172.31.46.0-255,66,183091,54,238484
26982,0.001919,74.125.24.0-255,7156,190247,54,238484
26983,0.001925,74.125.24.0-255,5738,195985,54,238484
26984,0.001931,172.31.46.0-255,66,196051,54,238484
26985,0.001952,74.125.24.0-255,7156,203207,54,238484
26986,0.001969,74.125.24.0-255,7156,210363,54,238484
26987,0.001975,74.125.24.0-255,3602,213965,54,238484
26988,0.001979,74.125.24.0-255,2902,216867,54,238484
26989,0.001989,74.125.24.0-255,1484,218351,54,238484
26990,0.002003,74.125.24.0-255,2902,221253,54,238484
26991,0.002012,172.31.46.0-255,66,221319,54,238484
26992,0.002029,74.125.24.0-255,7156,228475,54,238484
26993,0.002045,74.125.24.0-255,1484,229959,54,238484
26994,0.002063,172.31.46.0-255,66,230025,54,238484
26995,0.002085,172.31.46.0-255,66,230091,54,238484
26996,0.004102,74.125.24.0-255,5738,235829,54,238484
26997,0.004108,172.31.46.0-255,66,235895,54,238484
26998,0.006137,74.125.24.0-255,2352,238247,54,238484
26999,0.006145,172.31.46.0-255,66,238313,54,238484
27000,0.01195,172.31.46.0-255,105,238418,54,238484
27001,0.013925,74.125.24.0-255,66,238484,54,238484
27002,0.0,74.125.24.0-255,162,162,54,207947
27003,2.5e-05,172.31.46.0-255,66,228,54,207947
27004,3.3e-05,74.125.24.0-255,1484,1712,54,207947
27005,3.8e-05,172.31.46.0-255,66,1778,54,207947
27006,5.1e-05,74.125.24.0-255,2902,4680,54,207947
27007,5.5e-05,172.31.46.0-255,66,4746,54,207947
27008,6.1e-05,74.125.24.0-255,4320,9066,54,207947
27009,6.5e-05,172.31.46.0-255,66,9132,54,207947
27010,9.8e-05,74.125.24.0-255,4882,14014,54,207947
27011,0.000101,172.31.46.0-255,66,14080,54,207947
27012,0.000109,74.125.24.0-255,5738,19818,54,207947
27013,0.000111,172.31.46.0-255,66,19884,54,207947
27014,0.000158,172.31.46.0-255,66,19950,54,207947
27015,0.000216,74.125.24.0-255,1484,21434,54,207947
27016,0.000219,172.31.46.0-255,66,21500,54,207947
27017,0.000253,74.125.24.0-255,2902,24402,54,207947
27018,0.000255,172.31.46.0-255,66,24468,54,207947
27019,0.000262,74.125.24.0-255,5738,30206,54,207947
27020,0.000264,172.31.46.0-255,66,30272,54,207947
27021,0.0003,172.31.46.0-255,66,30338,54,207947
27022,0.000311,172.31.46.0-255,66,30404,54,207947
27023,0.000319,74.125.24.0-255,131,30535,54,207947
27024,0.000321,172.31.46.0-255,66,30601,54,207947
27025,0.000384,74.125.24.0-255,1484,32085,54,207947
27026,0.000388,172.31.46.0-255,66,32151,54,207947
27027,0.00041,74.125.24.0-255,2902,35053,54,207947
27028,0.000413,172.31.46.0-255,66,35119,54,207947
27029,0.00042,74.125.24.0-255,5738,40857,54,207947
27030,0.000422,172.31.46.0-255,66,40923,54,207947
27031,0.000456,74.125.24.0-255,6500,47423,54,207947
27032,0.000459,172.31.46.0-255,66,47489,54,207947
27033,0.00052,74.125.24.0-255,1484,48973,54,207947
27034,0.000535,74.125.24.0-255,2902,51875,54,207947
27035,0.000538,172.31.46.0-255,66,51941,54,207947
27036,0.000542,74.125.24.0-255,1484,53425,54,207947
27037,0.000566,74.125.24.0-255,4320,57745,54,207947
27038,0.000568,172.31.46.0-255,66,57811,54,207947
27039,0.0006,74.125.24.0-255,5738,63549,54,207947
27040,0.000603,172.31.46.0-255,66,63615,54,207947
27041,0.000627,74.125.24.0-255,1125,64740,54,207947
27042,0.000634,74.125.24.0-255,7156,71896,54,207947
27043,0.000637,172.31.46.0-255,66,71962,54,207947
27044,0.000669,172.31.46.0-255,66,72028,54,207947
27045,0.001089,74.125.24.0-255,1484,73512,54,207947
27046,0.001095,74.125.24.0-255,1484,74996,54,207947
27047,0.001099,172.31.46.0-255,66,75062,54,207947
27048,0.001113,74.125.24.0-255,1484,76546,54,207947
27049,0.001125,74.125.24.0-255,5738,82284,54,207947
27050,0.001127,172.31.46.0-255,66,82350,54,207947
27051,0.001181,74.125.24.0-255,6797,89147,54,207947
27052,0.001184,172.31.46.0-255,66,89213,54,207947
27053,0.001264,74.125.24.0-255,1484,90697,54,207947
27054,0.00127,74.125.24.0-255,2902,93599,54,207947
27055,0.001272,172.31.46.0-255,66,93665,54,207947
27056,0.001279,74.125.24.0-255,5738,99403,54,207947
27057,0.001281,172.31.46.0-255,66,99469,54,207947
27058,0.001323,74.125.24.0-255,1484,100953,54,207947
27059,0.001354,172.31.46.0-255,66,101019,54,207947
27060,0.001371,172.31.46.0-255,66,101085,54,207947
27061,0.001633,74.125.24.0-255,1484,102569,54,207947
27062,0.001651,74.125.24.0-255,2902,105471,54,207947
27063,0.001654,172.31.46.0-255,66,105537,54,207947
27064,0.001667,74.125.24.0-255,1484,107021,54,207947
27065,0.001684,74.125.24.0-255,4320,111341,54,207947
27066,0.001687,172.31.46.0-255,66,111407,54,207947
27067,0.001718,172.31.46.0-255,66,111473,54,207947
27068,0.001748,74.125.24.0-255,1484,112957,54,207947
27069,0.001763,172.31.46.0-255,66,113023,54,207947
27070,0.001766,74.125.24.0-255,766,113789,54,207947
27071,0.002025,74.125.24.0-255,1484,115273,54,207947
27072,0.00203,172.31.46.0-255,66,115339,54,207947
27073,0.002036,74.125.24.0-255,2902,118241,54,207947
27074,0.002038,172.31.46.0-255,66,118307,54,207947
27075,0.002043,74.125.24.0-255,2902,121209,54,207947
27076,0.002053,172.31.46.0-255,66,121275,54,207947
27077,0.002061,74.125.24.0-255,7156,128431,54,207947
27078,0.002064,172.31.46.0-255,66,128497,54,207947
27079,0.002105,172.31.46.0-255,66,128563,54,207947
27080,0.002112,74.125.24.0-255,7156,135719,54,207947
27081,0.002114,172.31.46.0-255,66,135785,54,207947
27082,0.002145,74.125.24.0-255,2902,138687,54,207947
27083,0.002147,172.31.46.0-255,66,138753,54,207947
27084,0.00215,74.125.24.0-255,766,139519,54,207947
27085,0.003018,172.31.46.0-255,66,139585,54,207947
27086,0.004332,74.125.24.0-255,1484,141069,54,207947
27087,0.004379,74.125.24.0-255,2902,143971,54,207947
27088,0.004383,172.31.46.0-255,66,144037,54,207947
27089,0.005238,74.125.24.0-255,1484,145521,54,207947
27090,0.006581,74.125.24.0-255,4320,149841,54,207947
27091,0.006585,172.31.46.0-255,66,149907,54,207947
27092,0.008816,74.125.24.0-255,5738,155645,54,207947
27093,0.008824,172.31.46.0-255,66,155711,54,207947
27094,0.011057,74.125.24.0-255,5738,161449,54,207947
27095,0.011069,172.31.46.0-255,66,161515,54,207947
27096,0.013295,74.125.24.0-255,5738,167253,54,207947
27097,0.013309,172.31.46.0-255,66,167319,54,207947
27098,0.015582,74.125.24.0-255,5738,173057,54,207947
27099,0.015597,172.31.46.0-255,66,173123,54,207947
27100,0.017814,74.125.24.0-255,5738,178861,54,207947
27101,0.017828,172.31.46.0-255,66,178927,54,207947
27102,0.020078,74.125.24.0-255,5738,184665,54,207947
27103,0.020086,172.31.46.0-255,66,184731,54,207947
27104,0.022327,74.125.24.0-255,5738,190469,54,207947
27105,0.022337,172.31.46.0-255,66,190535,54,207947
27106,0.024563,74.125.24.0-255,5738,196273,54,207947
27107,0.024571,172.31.46.0-255,66,196339,54,207947
27108,0.026807,74.125.24.0-255,5738,202077,54,207947
27109,0.026817,172.31.46.0-255,66,202143,54,207947
27110,0.02906,74.125.24.0-255,5738,207881,54,207947
27111,0.029075,172.31.46.0-255,66,207947,54,207947
27112,0.0,172.217.194.0-255,156,156,54,152584
27113,2.2e-05,172.31.46.0-255,66,222,54,152584
27114,2.8e-05,172.217.194.0-255,1484,1706,54,152584
27115,3.2e-05,172.31.46.0-255,66,1772,54,152584
27116,4.5e-05,172.217.194.0-255,2902,4674,54,152584
27117,4.7e-05,172.31.46.0-255,66,4740,54,152584
27118,5.6e-05,172.217.194.0-255,7156,11896,54,152584
27119,5.8e-05,172.31.46.0-255,66,11962,54,152584
27120,6.2e-05,172.217.194.0-255,2108,14070,54,152584
27121,6.5e-05,172.31.46.0-255,66,14136,54,152584
27122,0.000123,172.31.46.0-255,66,14202,54,152584
27123,0.000129,172.217.194.0-255,5379,19581,54,152584
27124,0.000132,172.31.46.0-255,66,19647,54,152584
27125,0.000184,172.217.194.0-255,1484,21131,54,152584
27126,0.000187,172.31.46.0-255,66,21197,54,152584
27127,0.000192,172.217.194.0-255,2902,24099,54,152584
27128,0.000194,172.31.46.0-255,66,24165,54,152584
27129,0.000234,172.217.194.0-255,5738,29903,54,152584
27130,0.000237,172.31.46.0-255,66,29969,54,152584
27131,0.000245,172.217.194.0-255,7156,37125,54,152584
27132,0.000247,172.31.46.0-255,66,37191,54,152584
27133,0.000284,172.31.46.0-255,66,37257,54,152584
27134,0.000315,172.217.194.0-255,3602,40859,54,152584
27135,0.000318,172.31.46.0-255,66,40925,54,152584
27136,0.000342,172.217.194.0-255,343,41268,54,152584
27137,0.000344,172.31.46.0-255,66,41334,54,152584
27138,0.0004,172.217.194.0-255,119,41453,54,152584
27139,0.000403,172.31.46.0-255,66,41519,54,152584
27140,0.000605,172.217.194.0-255,1484,43003,54,152584
27141,0.00061,172.31.46.0-255,66,43069,54,152584
27142,0.000616,172.217.194.0-255,2902,45971,54,152584
27143,0.00062,172.31.46.0-255,66,46037,54,152584
27144,0.00063,172.217.194.0-255,5738,51775,54,152584
27145,0.000633,172.31.46.0-255,66,51841,54,152584
27146,0.000636,172.217.194.0-255,1484,53325,54,152584
27147,0.00068,172.31.46.0-255,66,53391,54,152584
27148,0.000699,172.31.46.0-255,66,53457,54,152584
27149,0.000934,172.217.194.0-255,1484,54941,54,152584
27150,0.00095,172.217.194.0-255,2902,57843,54,152584
27151,0.000953,172.31.46.0-255,66,57909,54,152584
27152,0.000981,172.217.194.0-255,5738,63647,54,152584
27153,0.000984,172.31.46.0-255,66,63713,54,152584
27154,0.000989,172.217.194.0-255,2902,66615,54,152584
27155,0.00099,172.31.46.0-255,66,66681,54,152584
27156,0.001028,172.31.46.0-255,66,66747,54,152584
27157,0.001058,172.217.194.0-255,1484,68231,54,152584
27158,0.001072,172.31.46.0-255,66,68297,54,152584
27159,0.001215,172.217.194.0-255,1484,69781,54,152584
27160,0.001231,172.217.194.0-255,2902,72683,54,152584
27161,0.001234,172.31.46.0-255,66,72749,54,152584
27162,0.00124,172.217.194.0-255,4320,77069,54,152584
27163,0.001242,172.31.46.0-255,66,77135,54,152584
27164,0.001258,172.217.194.0-255,1484,78619,54,152584
27165,0.001264,172.217.194.0-255,5738,84357,54,152584
27166,0.001266,172.31.46.0-255,66,84423,54,152584
27167,0.001303,172.217.194.0-255,7156,91579,54,152584
27168,0.001305,172.31.46.0-255,66,91645,54,152584
27169,0.001311,172.217.194.0-255,4320,95965,54,152584
27170,0.001313,172.31.46.0-255,66,96031,54,152584
27171,0.001348,172.217.194.0-255,6438,102469,54,152584
27172,0.001351,172.31.46.0-255,66,102535,54,152584
27173,0.001354,172.217.194.0-255,1484,104019,54,152584
27174,0.001378,172.217.194.0-255,2902,106921,54,152584
27175,0.001381,172.31.46.0-255,66,106987,54,152584
27176,0.001387,172.217.194.0-255,5738,112725,54,152584
27177,0.00139,172.31.46.0-255,66,112791,54,152584
27178,0.001431,172.31.46.0-255,66,112857,54,152584
27179,0.001471,172.31.46.0-255,66,112923,54,152584
27180,0.001523,172.217.194.0-255,1484,114407,54,152584
27181,0.001527,172.217.194.0-255,1484,115891,54,152584
27182,0.00153,172.31.46.0-255,66,115957,54,152584
27183,0.001552,172.217.194.0-255,1484,117441,54,152584
27184,0.001558,172.217.194.0-255,5738,123179,54,152584
27185,0.001561,172.31.46.0-255,66,123245,54,152584
27186,0.001601,172.31.46.0-255,66,123311,54,152584
27187,0.001628,172.217.194.0-255,1484,124795,54,152584
27188,0.001641,172.31.46.0-255,66,124861,54,152584
27189,0.00167,172.217.194.0-255,5738,130599,54,152584
27190,0.001673,172.31.46.0-255,66,130665,54,152584
27191,0.001705,172.31.46.0-255,66,130731,54,152584
27192,0.001739,172.217.194.0-255,3602,134333,54,152584
27193,0.001769,172.217.194.0-255,2902,137235,54,152584
27194,0.001775,172.217.194.0-255,5738,142973,54,152584
27195,0.001814,172.31.46.0-255,66,143039,54,152584
27196,0.001871,172.217.194.0-255,2902,145941,54,152584
27197,0.00189,172.31.46.0-255,66,146007,54,152584
27198,0.001936,172.31.46.0-255,66,146073,54,152584
27199,0.00198,172.31.46.0-255,66,146139,54,152584
27200,0.001989,172.217.194.0-255,1484,147623,54,152584
27201,0.002063,172.31.46.0-255,66,147689,54,152584
27202,0.002074,172.217.194.0-255,4553,152242,54,152584
27203,0.00208,172.217.194.0-255,105,152347,54,152584
27204,0.0021,172.31.46.0-255,66,152413,54,152584
27205,0.010178,172.31.46.0-255,105,152518,54,152584
27206,0.012347,172.217.194.0-255,66,152584,54,152584
27207,0.0,172.217.194.0-255,151,151,54,212542
27208,2.5e-05,172.31.46.0-255,66,217,54,212542
27209,4.7e-05,172.217.194.0-255,1484,1701,54,212542
27210,5.2e-05,172.31.46.0-255,66,1767,54,212542
27211,5.8e-05,172.217.194.0-255,2902,4669,54,212542
27212,6.2e-05,172.31.46.0-255,66,4735,54,212542
27213,6.9e-05,172.217.194.0-255,7156,11891,54,212542
27214,7.2e-05,172.31.46.0-255,66,11957,54,212542
27215,7.5e-05,172.217.194.0-255,1484,13441,54,212542
27216,7.7e-05,172.31.46.0-255,66,13507,54,212542
27217,0.000103,172.217.194.0-255,716,14223,54,212542
27218,0.000106,172.31.46.0-255,66,14289,54,212542
27219,0.000144,172.217.194.0-255,1484,15773,54,212542
27220,0.000146,172.31.46.0-255,66,15839,54,212542
27221,0.000149,172.217.194.0-255,1484,17323,54,212542
27222,0.000152,172.31.46.0-255,66,17389,54,212542
27223,0.000176,172.217.194.0-255,1484,18873,54,212542
27224,0.000178,172.31.46.0-255,66,18939,54,212542
27225,0.000183,172.217.194.0-255,2902,21841,54,212542
27226,0.000185,172.31.46.0-255,66,21907,54,212542
27227,0.000194,172.217.194.0-255,4320,26227,54,212542
27228,0.000197,172.31.46.0-255,66,26293,54,212542
27229,0.000227,172.217.194.0-255,2902,29195,54,212542
27230,0.000229,172.31.46.0-255,66,29261,54,212542
27231,0.000253,172.217.194.0-255,6797,36058,54,212542
27232,0.000255,172.31.46.0-255,66,36124,54,212542
27233,0.000266,172.31.46.0-255,66,36190,54,212542
27234,0.000309,172.217.194.0-255,3961,40151,54,212542
27235,0.000311,172.31.46.0-255,66,40217,54,212542
27236,0.000317,172.217.194.0-255,4320,44537,54,212542
27237,0.000319,172.31.46.0-255,66,44603,54,212542
27238,0.000331,172.217.194.0-255,7156,51759,54,212542
27239,0.000333,172.31.46.0-255,66,51825,54,212542
27240,0.000362,172.217.194.0-255,2902,54727,54,212542
27241,0.000365,172.31.46.0-255,66,54793,54,212542
27242,0.000369,172.217.194.0-255,2543,57336,54,212542
27243,0.000371,172.31.46.0-255,66,57402,54,212542
27244,0.000374,172.217.194.0-255,344,57746,54,212542
27245,0.001492,172.217.194.0-255,399,58145,54,212542
27246,0.001513,172.217.194.0-255,1484,59629,54,212542
27247,0.001519,172.31.46.0-255,66,59695,54,212542
27248,0.001541,172.217.194.0-255,4320,64015,54,212542
27249,0.001544,172.31.46.0-255,66,64081,54,212542
27250,0.001549,172.217.194.0-255,2902,66983,54,212542
27251,0.001551,172.31.46.0-255,66,67049,54,212542
27252,0.001584,172.217.194.0-255,4320,71369,54,212542
27253,0.001587,172.31.46.0-255,66,71435,54,212542
27254,0.001624,172.31.46.0-255,66,71501,54,212542
27255,0.001636,172.31.46.0-255,66,71567,54,212542
27256,0.001639,172.217.194.0-255,1125,72692,54,212542
27257,0.003335,172.217.194.0-255,1484,74176,54,212542
27258,0.003339,172.31.46.0-255,66,74242,54,212542
27259,0.003344,172.217.194.0-255,2902,77144,54,212542
27260,0.003345,172.31.46.0-255,66,77210,54,212542
27261,0.003375,172.217.194.0-255,5738,82948,54,212542
27262,0.003377,172.31.46.0-255,66,83014,54,212542
27263,0.003417,172.31.46.0-255,66,83080,54,212542
27264,0.003442,172.217.194.0-255,5738,88818,54,212542
27265,0.003444,172.31.46.0-255,66,88884,54,212542
27266,0.00347,172.217.194.0-255,5020,93904,54,212542
27267,0.003473,172.31.46.0-255,66,93970,54,212542
27268,0.00358,172.217.194.0-255,1484,95454,54,212542
27269,0.003585,172.217.194.0-255,2902,98356,54,212542
27270,0.003589,172.31.46.0-255,66,98422,54,212542
27271,0.003592,172.217.194.0-255,1484,99906,54,212542
27272,0.003618,172.217.194.0-255,4320,104226,54,212542
27273,0.003621,172.31.46.0-255,66,104292,54,212542
27274,0.003628,172.217.194.0-255,7156,111448,54,212542
27275,0.00363,172.31.46.0-255,66,111514,54,212542
27276,0.003644,172.217.194.0-255,5738,117252,54,212542
27277,0.003646,172.31.46.0-255,66,117318,54,212542
27278,0.003652,172.217.194.0-255,5738,123056,54,212542
27279,0.003654,172.31.46.0-255,66,123122,54,212542
27280,0.003676,172.217.194.0-255,4320,127442,54,212542
27281,0.003678,172.31.46.0-255,66,127508,54,212542
27282,0.003681,172.217.194.0-255,766,128274,54,212542
27283,0.004155,172.217.194.0-255,1484,129758,54,212542
27284,0.00416,172.31.46.0-255,66,129824,54,212542
27285,0.004165,172.217.194.0-255,2902,132726,54,212542
27286,0.004167,172.31.46.0-255,66,132792,54,212542
27287,0.004173,172.217.194.0-255,5738,138530,54,212542
27288,0.004175,172.31.46.0-255,66,138596,54,212542
27289,0.004228,172.31.46.0-255,66,138662,54,212542
27290,0.004257,172.217.194.0-255,4320,142982,54,212542
27291,0.004259,172.31.46.0-255,66,143048,54,212542
27292,0.004297,172.31.46.0-255,66,143114,54,212542
27293,0.004401,172.217.194.0-255,1484,144598,54,212542
27294,0.004415,172.217.194.0-255,2902,147500,54,212542
27295,0.004418,172.31.46.0-255,66,147566,54,212542
27296,0.004444,172.217.194.0-255,5738,153304,54,212542
27297,0.004447,172.31.46.0-255,66,153370,54,212542
27298,0.004451,172.217.194.0-255,4320,157690,54,212542
27299,0.004453,172.31.46.0-255,66,157756,54,212542
27300,0.004464,172.217.194.0-255,1484,159240,54,212542
27301,0.004502,172.31.46.0-255,66,159306,54,212542
27302,0.004509,172.217.194.0-255,7156,166462,54,212542
27303,0.004511,172.31.46.0-255,66,166528,54,212542
27304,0.004552,172.217.194.0-255,5020,171548,54,212542
27305,0.004556,172.31.46.0-255,66,171614,54,212542
27306,0.004575,172.31.46.0-255,66,171680,54,212542
27307,0.004591,172.31.46.0-255,66,171746,54,212542
27308,0.004643,172.31.46.0-255,66,171812,54,212542
27309,0.004658,172.31.46.0-255,66,171878,54,212542
27310,0.004677,172.217.194.0-255,1484,173362,54,212542
27311,0.004685,172.217.194.0-255,6438,179800,54,212542
27312,0.004687,172.31.46.0-255,66,179866,54,212542
27313,0.004706,172.217.194.0-255,1484,181350,54,212542
27314,0.004726,172.217.194.0-255,2902,184252,54,212542
27315,0.004731,172.31.46.0-255,66,184318,54,212542
27316,0.00476,172.217.194.0-255,5738,190056,54,212542
27317,0.004763,172.31.46.0-255,66,190122,54,212542
27318,0.004774,172.31.46.0-255,66,190188,54,212542
27319,0.004796,172.217.194.0-255,1484,191672,54,212542
27320,0.004804,172.217.194.0-255,7156,198828,54,212542
27321,0.004807,172.31.46.0-255,66,198894,54,212542
27322,0.004863,172.31.46.0-255,66,198960,54,212542
27323,0.004881,172.31.46.0-255,66,199026,54,212542
27324,0.004987,172.217.194.0-255,2184,201210,54,212542
27325,0.004992,172.217.194.0-255,2902,204112,54,212542
27326,0.004999,172.217.194.0-255,7156,211268,54,212542
27327,0.005001,172.217.194.0-255,932,212200,54,212542
27328,0.005047,172.217.194.0-255,105,212305,54,212542
27329,0.007565,172.31.46.0-255,66,212371,54,212542
27330,0.009878,172.31.46.0-255,105,212476,54,212542
27331,0.012156,172.217.194.0-255,66,212542,54,212542
27332,0.0,74.125.24.0-255,293,293,54,188607
27333,1.7e-05,172.31.46.0-255,66,359,54,188607
27334,2.4e-05,74.125.24.0-255,1484,1843,54,188607
27335,2.8e-05,172.31.46.0-255,66,1909,54,188607
27336,4.2e-05,74.125.24.0-255,4320,6229,54,188607
27337,4.5e-05,172.31.46.0-255,66,6295,54,188607
27338,4.9e-05,74.125.24.0-255,2902,9197,54,188607
27339,5.3e-05,172.31.46.0-255,66,9263,54,188607
27340,6.7e-05,172.31.46.0-255,66,9329,54,188607
27341,0.000104,172.31.46.0-255,66,9395,54,188607
27342,0.000164,74.125.24.0-255,1484,10879,54,188607
27343,0.000167,172.31.46.0-255,66,10945,54,188607
27344,0.000193,74.125.24.0-255,2902,13847,54,188607
27345,0.000195,172.31.46.0-255,66,13913,54,188607
27346,0.000202,74.125.24.0-255,5738,19651,54,188607
27347,0.000204,172.31.46.0-255,66,19717,54,188607
27348,0.000244,172.31.46.0-255,66,19783,54,188607
27349,0.000272,74.125.24.0-255,3961,23744,54,188607
27350,0.000274,172.31.46.0-255,66,23810,54,188607
27351,0.000278,74.125.24.0-255,1484,25294,54,188607
27352,0.00028,172.31.46.0-255,66,25360,54,188607
27353,0.000316,172.31.46.0-255,66,25426,54,188607
27354,0.000354,172.31.46.0-255,66,25492,54,188607
27355,0.000384,74.125.24.0-255,6797,32289,54,188607
27356,0.000387,172.31.46.0-255,66,32355,54,188607
27357,0.000408,74.125.24.0-255,7156,39511,54,188607
27358,0.000411,172.31.46.0-255,66,39577,54,188607
27359,0.000457,172.31.46.0-255,66,39643,54,188607
27360,0.000521,74.125.24.0-255,1484,41127,54,188607
27361,0.00054,74.125.24.0-255,2902,44029,54,188607
27362,0.000542,172.31.46.0-255,66,44095,54,188607
27363,0.000549,74.125.24.0-255,5738,49833,54,188607
27364,0.000552,172.31.46.0-255,66,49899,54,188607
27365,0.000568,74.125.24.0-255,2902,52801,54,188607
27366,0.000571,172.31.46.0-255,66,52867,54,188607
27367,0.000611,172.31.46.0-255,66,52933,54,188607
27368,0.000618,74.125.24.0-255,7156,60089,54,188607
27369,0.000621,172.31.46.0-255,66,60155,54,188607
27370,0.000648,74.125.24.0-255,3602,63757,54,188607
27371,0.00065,172.31.46.0-255,66,63823,54,188607
27372,0.000655,74.125.24.0-255,4320,68143,54,188607
27373,0.000658,172.31.46.0-255,66,68209,54,188607
27374,0.000688,74.125.24.0-255,7156,75365,54,188607
27375,0.000692,172.31.46.0-255,66,75431,54,188607
27376,0.000723,172.31.46.0-255,66,75497,54,188607
27377,0.000794,172.31.46.0-255,66,75563,54,188607
27378,0.00082,74.125.24.0-255,2184,77747,54,188607
27379,0.000823,172.31.46.0-255,66,77813,54,188607
27380,0.000826,74.125.24.0-255,1484,79297,54,188607
27381,0.000831,74.125.24.0-255,2902,82199,54,188607
27382,0.000833,172.31.46.0-255,66,82265,54,188607
27383,0.000839,74.125.24.0-255,5738,88003,54,188607
27384,0.000842,172.31.46.0-255,66,88069,54,188607
27385,0.000848,74.125.24.0-255,5738,93807,54,188607
27386,0.000851,172.31.46.0-255,66,93873,54,188607
27387,0.000879,74.125.24.0-255,5738,99611,54,188607
27388,0.000882,172.31.46.0-255,66,99677,54,188607
27389,0.000913,172.31.46.0-255,66,99743,54,188607
27390,0.000935,74.125.24.0-255,1484,101227,54,188607
27391,0.00095,74.125.24.0-255,2902,104129,54,188607
27392,0.000953,172.31.46.0-255,66,104195,54,188607
27393,0.000957,74.125.24.0-255,2902,107097,54,188607
27394,0.000959,172.31.46.0-255,66,107163,54,188607
27395,0.000979,74.125.24.0-255,2902,110065,54,188607
27396,0.000982,172.31.46.0-255,66,110131,54,188607
27397,0.000994,74.125.24.0-255,7156,117287,54,188607
27398,0.000997,172.31.46.0-255,66,117353,54,188607
27399,0.001021,74.125.24.0-255,5738,123091,54,188607
27400,0.001024,172.31.46.0-255,66,123157,54,188607
27401,0.001031,74.125.24.0-255,7156,130313,54,188607
27402,0.001033,172.31.46.0-255,66,130379,54,188607
27403,0.001055,74.125.24.0-255,2902,133281,54,188607
27404,0.001058,172.31.46.0-255,66,133347,54,188607
27405,0.001105,172.31.46.0-255,66,133413,54,188607
27406,0.001117,74.125.24.0-255,5738,139151,54,188607
27407,0.00112,172.31.46.0-255,66,139217,54,188607
27408,0.001162,172.31.46.0-255,66,139283,54,188607
27409,0.001179,74.125.24.0-255,1484,140767,54,188607
27410,0.001183,74.125.24.0-255,2902,143669,54,188607
27411,0.001186,172.31.46.0-255,66,143735,54,188607
27412,0.001191,74.125.24.0-255,2902,146637,54,188607
27413,0.001193,172.31.46.0-255,66,146703,54,188607
27414,0.001223,74.125.24.0-255,2902,149605,54,188607
27415,0.001225,172.31.46.0-255,66,149671,54,188607
27416,0.001233,74.125.24.0-255,7156,156827,54,188607
27417,0.001235,172.31.46.0-255,66,156893,54,188607
27418,0.00125,172.31.46.0-255,66,156959,54,188607
27419,0.001254,74.125.24.0-255,2184,159143,54,188607
27420,0.001257,172.31.46.0-255,66,159209,54,188607
27421,0.001339,74.125.24.0-255,1484,160693,54,188607
27422,0.001345,74.125.24.0-255,2902,163595,54,188607
27423,0.001349,172.31.46.0-255,66,163661,54,188607
27424,0.001384,74.125.24.0-255,5738,169399,54,188607
27425,0.001397,172.31.46.0-255,66,169465,54,188607
27426,0.0014,172.31.46.0-255,66,169531,54,188607
27427,0.00143,74.125.24.0-255,4320,173851,54,188607
27428,0.001433,172.31.46.0-255,66,173917,54,188607
27429,0.001445,172.31.46.0-255,66,173983,54,188607
27430,0.001449,74.125.24.0-255,1484,175467,54,188607
27431,0.001503,172.31.46.0-255,66,175533,54,188607
27432,0.00158,172.31.46.0-255,66,175599,54,188607
27433,0.0016,172.31.46.0-255,66,175665,54,188607
27434,0.001606,74.125.24.0-255,5738,181403,54,188607
27435,0.001609,172.31.46.0-255,66,181469,54,188607
27436,0.001636,74.125.24.0-255,3602,185071,54,188607
27437,0.001639,172.31.46.0-255,66,185137,54,188607
27438,0.001643,74.125.24.0-255,105,185242,54,188607
27439,0.009526,172.31.46.0-255,66,185308,54,188607
27440,0.009568,172.31.46.0-255,105,185413,54,188607
27441,0.01185,74.125.24.0-255,66,185479,54,188607
27442,0.029575,172.31.46.0-255,172,185651,54,188607
27443,0.029607,172.31.46.0-255,1118,186769,54,188607
27444,0.029659,172.31.46.0-255,1514,188283,54,188607
27445,0.029661,172.31.46.0-255,324,188607,54,188607
27446,0.0,74.125.200.0-255,153,153,54,205140
27447,2.5e-05,172.31.46.0-255,66,219,54,205140
27448,3.2e-05,74.125.200.0-255,1484,1703,54,205140
27449,3.7e-05,172.31.46.0-255,66,1769,54,205140
27450,5.1e-05,74.125.200.0-255,2902,4671,54,205140
27451,5.5e-05,172.31.46.0-255,66,4737,54,205140
27452,6.2e-05,74.125.200.0-255,5738,10475,54,205140
27453,6.5e-05,172.31.46.0-255,66,10541,54,205140
27454,7e-05,74.125.200.0-255,2902,13443,54,205140
27455,7.3e-05,172.31.46.0-255,66,13509,54,205140
27456,0.000111,74.125.200.0-255,576,14085,54,205140
27457,0.000114,172.31.46.0-255,66,14151,54,205140
27458,0.00015,74.125.200.0-255,1484,15635,54,205140
27459,0.000153,172.31.46.0-255,66,15701,54,205140
27460,0.00018,74.125.200.0-255,2902,18603,54,205140
27461,0.000183,172.31.46.0-255,66,18669,54,205140
27462,0.000186,74.125.200.0-255,1484,20153,54,205140
27463,0.000189,172.31.46.0-255,66,20219,54,205140
27464,0.00021,74.125.200.0-255,2902,23121,54,205140
27465,0.000213,172.31.46.0-255,66,23187,54,205140
27466,0.000241,172.31.46.0-255,66,23253,54,205140
27467,0.000377,74.125.200.0-255,1484,24737,54,205140
27468,0.000381,172.31.46.0-255,66,24803,54,205140
27469,0.000386,74.125.200.0-255,1484,26287,54,205140
27470,0.000388,172.31.46.0-255,66,26353,54,205140
27471,0.000416,74.125.200.0-255,1484,27837,54,205140
27472,0.000418,172.31.46.0-255,66,27903,54,205140
27473,0.000423,74.125.200.0-255,2902,30805,54,205140
27474,0.000426,172.31.46.0-255,66,30871,54,205140
27475,0.000461,74.125.200.0-255,2902,33773,54,205140
27476,0.000464,172.31.46.0-255,66,33839,54,205140
27477,0.000467,74.125.200.0-255,1484,35323,54,205140
27478,0.000473,74.125.200.0-255,2902,38225,54,205140
27479,0.000475,172.31.46.0-255,66,38291,54,205140
27480,0.000513,74.125.200.0-255,5379,43670,54,205140
27481,0.000515,172.31.46.0-255,66,43736,54,205140
27482,0.000522,74.125.200.0-255,5738,49474,54,205140
27483,0.000525,172.31.46.0-255,66,49540,54,205140
27484,0.000528,74.125.200.0-255,1484,51024,54,205140
27485,0.000561,74.125.200.0-255,5738,56762,54,205140
27486,0.000564,172.31.46.0-255,66,56828,54,205140
27487,0.000587,74.125.200.0-255,1437,58265,54,205140
27488,0.001044,74.125.200.0-255,111,58376,54,205140
27489,0.001219,172.31.46.0-255,66,58442,54,205140
27490,0.001446,74.125.200.0-255,1484,59926,54,205140
27491,0.001456,74.125.200.0-255,2902,62828,54,205140
27492,0.00146,172.31.46.0-255,66,62894,54,205140
27493,0.001493,74.125.200.0-255,5738,68632,54,205140
27494,0.001496,172.31.46.0-255,66,68698,54,205140
27495,0.001499,74.125.200.0-255,1484,70182,54,205140
27496,0.001503,74.125.200.0-255,1484,71666,54,205140
27497,0.001504,172.31.46.0-255,66,71732,54,205140
27498,0.001527,74.125.200.0-255,1484,73216,54,205140
27499,0.001533,74.125.200.0-255,4320,77536,54,205140
27500,0.001535,172.31.46.0-255,66,77602,54,205140
27501,0.001561,74.125.200.0-255,1484,79086,54,205140
27502,0.001566,74.125.200.0-255,2902,81988,54,205140
27503,0.001568,172.31.46.0-255,66,82054,54,205140
27504,0.001571,74.125.200.0-255,1484,83538,54,205140
27505,0.001594,74.125.200.0-255,2902,86440,54,205140
27506,0.001597,172.31.46.0-255,66,86506,54,205140
27507,0.001604,74.125.200.0-255,5738,92244,54,205140
27508,0.001606,172.31.46.0-255,66,92310,54,205140
27509,0.001629,74.125.200.0-255,766,93076,54,205140
27510,0.00177,74.125.200.0-255,328,93404,54,205140
27511,0.001872,74.125.200.0-255,1484,94888,54,205140
27512,0.001878,172.31.46.0-255,66,94954,54,205140
27513,0.001885,74.125.200.0-255,2902,97856,54,205140
27514,0.001887,172.31.46.0-255,66,97922,54,205140
27515,0.001891,74.125.200.0-255,2902,100824,54,205140
27516,0.001898,172.31.46.0-255,66,100890,54,205140
27517,0.001903,74.125.200.0-255,2902,103792,54,205140
27518,0.001905,172.31.46.0-255,66,103858,54,205140
27519,0.001927,74.125.200.0-255,1484,105342,54,205140
27520,0.00193,74.125.200.0-255,1484,106826,54,205140
27521,0.001932,172.31.46.0-255,66,106892,54,205140
27522,0.001969,74.125.200.0-255,7156,114048,54,205140
27523,0.001971,172.31.46.0-255,66,114114,54,205140
27524,0.001978,74.125.200.0-255,5738,119852,54,205140
27525,0.00198,172.31.46.0-255,66,119918,54,205140
27526,0.001987,74.125.200.0-255,7156,127074,54,205140
27527,0.00199,172.31.46.0-255,66,127140,54,205140
27528,0.001993,74.125.200.0-255,766,127906,54,205140
27529,0.002243,74.125.200.0-255,1484,129390,54,205140
27530,0.00225,172.31.46.0-255,66,129456,54,205140
27531,0.002256,74.125.200.0-255,2902,132358,54,205140
27532,0.002259,172.31.46.0-255,66,132424,54,205140
27533,0.002262,74.125.200.0-255,1484,133908,54,205140
27534,0.002272,74.125.200.0-255,2902,136810,54,205140
27535,0.002275,172.31.46.0-255,66,136876,54,205140
27536,0.002278,74.125.200.0-255,1484,138360,54,205140
27537,0.002292,74.125.200.0-255,4320,142680,54,205140
27538,0.002296,172.31.46.0-255,66,142746,54,205140
27539,0.002342,172.31.46.0-255,66,142812,54,205140
27540,0.002386,172.31.46.0-255,66,142878,54,205140
27541,0.002575,74.125.200.0-255,1484,144362,54,205140
27542,0.002591,74.125.200.0-255,1484,145846,54,205140
27543,0.002594,172.31.46.0-255,66,145912,54,205140
27544,0.002653,74.125.200.0-255,1484,147396,54,205140
27545,0.004968,74.125.200.0-255,1484,148880,54,205140
27546,0.004975,172.31.46.0-255,66,148946,54,205140
27547,0.005166,74.125.200.0-255,2902,151848,54,205140
27548,0.005169,172.31.46.0-255,66,151914,54,205140
27549,0.007554,74.125.200.0-255,2902,154816,54,205140
27550,0.007561,172.31.46.0-255,66,154882,54,205140
27551,0.00775,74.125.200.0-255,2902,157784,54,205140
27552,0.007756,172.31.46.0-255,66,157850,54,205140
27553,0.010155,74.125.200.0-255,2902,160752,54,205140
27554,0.010164,172.31.46.0-255,66,160818,54,205140
27555,0.010342,74.125.200.0-255,2902,163720,54,205140
27556,0.010348,172.31.46.0-255,66,163786,54,205140
27557,0.01276,74.125.200.0-255,2902,166688,54,205140
27558,0.012795,172.31.46.0-255,66,166754,54,205140
27559,0.012934,74.125.200.0-255,2902,169656,54,205140
27560,0.012941,172.31.46.0-255,66,169722,54,205140
27561,0.015389,74.125.200.0-255,2902,172624,54,205140
27562,0.015404,172.31.46.0-255,66,172690,54,205140
27563,0.015517,74.125.200.0-255,2902,175592,54,205140
27564,0.015521,172.31.46.0-255,66,175658,54,205140
27565,0.017998,74.125.200.0-255,1484,177142,54,205140
27566,0.018019,74.125.200.0-255,1484,178626,54,205140
27567,0.018025,172.31.46.0-255,66,178692,54,205140
27568,0.018109,74.125.200.0-255,2902,181594,54,205140
27569,0.018112,172.31.46.0-255,66,181660,54,205140
27570,0.02063,74.125.200.0-255,2902,184562,54,205140
27571,0.020648,172.31.46.0-255,66,184628,54,205140
27572,0.020697,74.125.200.0-255,2902,187530,54,205140
27573,0.0207,172.31.46.0-255,66,187596,54,205140
27574,0.023241,74.125.200.0-255,2902,190498,54,205140
27575,0.023257,172.31.46.0-255,66,190564,54,205140
27576,0.023291,74.125.200.0-255,2902,193466,54,205140
27577,0.023295,172.31.46.0-255,66,193532,54,205140
27578,0.025868,74.125.200.0-255,5738,199270,54,205140
27579,0.025883,172.31.46.0-255,66,199336,54,205140
27580,0.02849,74.125.200.0-255,5738,205074,54,205140
27581,0.028507,172.31.46.0-255,66,205140,54,205140
27582,0.0,74.125.68.0-255,146,146,54,180252
27583,3.6e-05,172.31.46.0-255,66,212,54,180252
27584,4.4e-05,74.125.68.0-255,1484,1696,54,180252
27585,4.9e-05,172.31.46.0-255,66,1762,54,180252
27586,6.1e-05,74.125.68.0-255,2902,4664,54,180252
27587,6.4e-05,172.31.46.0-255,66,4730,54,180252
27588,6.7e-05,74.125.68.0-255,1484,6214,54,180252
27589,7e-05,172.31.46.0-255,66,6280,54,180252
27590,7.5e-05,74.125.68.0-255,2902,9182,54,180252
27591,7.8e-05,172.31.46.0-255,66,9248,54,180252
27592,8.5e-05,74.125.68.0-255,6334,15582,54,180252
27593,8.8e-05,172.31.46.0-255,66,15648,54,180252
27594,9.3e-05,74.125.68.0-255,4320,19968,54,180252
27595,9.6e-05,172.31.46.0-255,66,20034,54,180252
27596,0.000103,74.125.68.0-255,5738,25772,54,180252
27597,0.000107,172.31.46.0-255,66,25838,54,180252
27598,0.000128,74.125.68.0-255,1484,27322,54,180252
27599,0.000131,172.31.46.0-255,66,27388,54,180252
27600,0.000162,74.125.68.0-255,3961,31349,54,180252
27601,0.000165,172.31.46.0-255,66,31415,54,180252
27602,0.000212,74.125.68.0-255,1484,32899,54,180252
27603,0.000214,172.31.46.0-255,66,32965,54,180252
27604,0.000231,74.125.68.0-255,1484,34449,54,180252
27605,0.000234,172.31.46.0-255,66,34515,54,180252
27606,0.000237,74.125.68.0-255,1484,35999,54,180252
27607,0.000239,172.31.46.0-255,66,36065,54,180252
27608,0.00026,74.125.68.0-255,1484,37549,54,180252
27609,0.000262,172.31.46.0-255,66,37615,54,180252
27610,0.000269,74.125.68.0-255,5738,43353,54,180252
27611,0.000271,172.31.46.0-255,66,43419,54,180252
27612,0.000278,74.125.68.0-255,1484,44903,54,180252
27613,0.00028,172.31.46.0-255,66,44969,54,180252
27614,0.000314,74.125.68.0-255,3961,48930,54,180252
27615,0.000317,172.31.46.0-255,66,48996,54,180252
27616,0.000323,74.125.68.0-255,5738,54734,54,180252
27617,0.000325,172.31.46.0-255,66,54800,54,180252
27618,0.000361,172.31.46.0-255,66,54866,54,180252
27619,0.000418,74.125.68.0-255,133,54999,54,180252
27620,0.000524,74.125.68.0-255,1484,56483,54,180252
27621,0.000528,172.31.46.0-255,66,56549,54,180252
27622,0.000532,74.125.68.0-255,1484,58033,54,180252
27623,0.000537,74.125.68.0-255,2902,60935,54,180252
27624,0.000544,172.31.46.0-255,66,61001,54,180252
27625,0.000574,74.125.68.0-255,5738,66739,54,180252
27626,0.000577,172.31.46.0-255,66,66805,54,180252
27627,0.000603,74.125.68.0-255,4320,71125,54,180252
27628,0.000605,172.31.46.0-255,66,71191,54,180252
27629,0.000631,74.125.68.0-255,826,72017,54,180252
27630,0.00074,74.125.68.0-255,1484,73501,54,180252
27631,0.000745,172.31.46.0-255,66,73567,54,180252
27632,0.000749,74.125.68.0-255,1484,75051,54,180252
27633,0.000771,74.125.68.0-255,1484,76535,54,180252
27634,0.000774,172.31.46.0-255,66,76601,54,180252
27635,0.00078,74.125.68.0-255,5738,82339,54,180252
27636,0.000782,172.31.46.0-255,66,82405,54,180252
27637,0.000786,74.125.68.0-255,1484,83889,54,180252
27638,0.000811,74.125.68.0-255,4320,88209,54,180252
27639,0.000814,172.31.46.0-255,66,88275,54,180252
27640,0.000819,74.125.68.0-255,4320,92595,54,180252
27641,0.000821,172.31.46.0-255,66,92661,54,180252
27642,0.000843,74.125.68.0-255,2902,95563,54,180252
27643,0.000845,172.31.46.0-255,66,95629,54,180252
27644,0.000852,74.125.68.0-255,5738,101367,54,180252
27645,0.000854,172.31.46.0-255,66,101433,54,180252
27646,0.000893,74.125.68.0-255,5020,106453,54,180252
27647,0.000896,172.31.46.0-255,66,106519,54,180252
27648,0.003193,74.125.68.0-255,5738,112257,54,180252
27649,0.003213,172.31.46.0-255,66,112323,54,180252
27650,0.00551,74.125.68.0-255,5738,118061,54,180252
27651,0.00552,172.31.46.0-255,66,118127,54,180252
27652,0.007813,74.125.68.0-255,5738,123865,54,180252
27653,0.007824,172.31.46.0-255,66,123931,54,180252
27654,0.010131,74.125.68.0-255,5738,129669,54,180252
27655,0.010147,172.31.46.0-255,66,129735,54,180252
27656,0.012448,74.125.68.0-255,5738,135473,54,180252
27657,0.012465,172.31.46.0-255,66,135539,54,180252
27658,0.014785,74.125.68.0-255,5738,141277,54,180252
27659,0.014801,172.31.46.0-255,66,141343,54,180252
27660,0.017141,74.125.68.0-255,5738,147081,54,180252
27661,0.017186,172.31.46.0-255,66,147147,54,180252
27662,0.019497,74.125.68.0-255,5738,152885,54,180252
27663,0.019511,172.31.46.0-255,66,152951,54,180252
27664,0.021811,74.125.68.0-255,5738,158689,54,180252
27665,0.021824,172.31.46.0-255,66,158755,54,180252
27666,0.024121,74.125.68.0-255,5738,164493,54,180252
27667,0.024133,172.31.46.0-255,66,164559,54,180252
27668,0.026432,74.125.68.0-255,5738,170297,54,180252
27669,0.026446,172.31.46.0-255,66,170363,54,180252
27670,0.028743,74.125.68.0-255,5738,176101,54,180252
27671,0.028753,172.31.46.0-255,66,176167,54,180252
27672,0.029345,172.31.46.0-255,175,176342,54,180252
27673,0.02938,172.31.46.0-255,1143,177485,54,180252
27674,0.029445,172.31.46.0-255,1514,178999,54,180252
27675,0.029447,172.31.46.0-255,1253,180252,54,180252
27676,0.0,74.125.130.0-255,153,153,54,294067
27677,2.1e-05,172.31.46.0-255,66,219,54,294067
27678,2.9e-05,74.125.130.0-255,1484,1703,54,294067
27679,3.3e-05,172.31.46.0-255,66,1769,54,294067
27680,4.6e-05,74.125.130.0-255,2902,4671,54,294067
27681,4.9e-05,172.31.46.0-255,66,4737,54,294067
27682,8.8e-05,74.125.130.0-255,4320,9057,54,294067
27683,9.1e-05,172.31.46.0-255,66,9123,54,294067
27684,9.9e-05,74.125.130.0-255,4954,14077,54,294067
27685,0.000102,172.31.46.0-255,66,14143,54,294067
27686,0.000129,74.125.130.0-255,1484,15627,54,294067
27687,0.000132,172.31.46.0-255,66,15693,54,294067
27688,0.000136,74.125.130.0-255,2902,18595,54,294067
27689,0.000138,172.31.46.0-255,66,18661,54,294067
27690,0.000165,74.125.130.0-255,5738,24399,54,294067
27691,0.000168,172.31.46.0-255,66,24465,54,294067
27692,0.00021,74.125.130.0-255,6797,31262,54,294067
27693,0.000213,172.31.46.0-255,66,31328,54,294067
27694,0.000389,74.125.130.0-255,1484,32812,54,294067
27695,0.000393,172.31.46.0-255,66,32878,54,294067
27696,0.0004,74.125.130.0-255,2902,35780,54,294067
27697,0.000403,172.31.46.0-255,66,35846,54,294067
27698,0.000412,74.125.130.0-255,2902,38748,54,294067
27699,0.000415,172.31.46.0-255,66,38814,54,294067
27700,0.00042,74.125.130.0-255,4320,43134,54,294067
27701,0.000423,172.31.46.0-255,66,43200,54,294067
27702,0.000472,74.125.130.0-255,2902,46102,54,294067
27703,0.000475,172.31.46.0-255,66,46168,54,294067
27704,0.000506,74.125.130.0-255,5379,51547,54,294067
27705,0.000509,172.31.46.0-255,66,51613,54,294067
27706,0.000523,172.31.46.0-255,66,51679,54,294067
27707,0.000529,74.125.130.0-255,4320,55999,54,294067
27708,0.000531,172.31.46.0-255,66,56065,54,294067
27709,0.000557,74.125.130.0-255,1381,57446,54,294067
27710,0.000584,74.125.130.0-255,119,57565,54,294067
27711,0.000671,74.125.130.0-255,1484,59049,54,294067
27712,0.000675,172.31.46.0-255,66,59115,54,294067
27713,0.000712,74.125.130.0-255,1484,60599,54,294067
27714,0.000715,74.125.130.0-255,1484,62083,54,294067
27715,0.00072,172.31.46.0-255,66,62149,54,294067
27716,0.000731,74.125.130.0-255,1484,63633,54,294067
27717,0.000743,74.125.130.0-255,5738,69371,54,294067
27718,0.000745,172.31.46.0-255,66,69437,54,294067
27719,0.000768,74.125.130.0-255,1484,70921,54,294067
27720,0.000798,172.31.46.0-255,66,70987,54,294067
27721,0.00081,172.31.46.0-255,66,71053,54,294067
27722,0.000833,74.125.130.0-255,1484,72537,54,294067
27723,0.000836,74.125.130.0-255,766,73303,54,294067
27724,0.000838,172.31.46.0-255,66,73369,54,294067
27725,0.00092,74.125.130.0-255,1484,74853,54,294067
27726,0.000924,74.125.130.0-255,1484,76337,54,294067
27727,0.000928,172.31.46.0-255,66,76403,54,294067
27728,0.000953,74.125.130.0-255,1484,77887,54,294067
27729,0.000959,74.125.130.0-255,5738,83625,54,294067
27730,0.000962,172.31.46.0-255,66,83691,54,294067
27731,0.000966,74.125.130.0-255,2902,86593,54,294067
27732,0.000968,172.31.46.0-255,66,86659,54,294067
27733,0.000995,74.125.130.0-255,4320,90979,54,294067
27734,0.000997,172.31.46.0-255,66,91045,54,294067
27735,0.001012,172.31.46.0-255,66,91111,54,294067
27736,0.001015,74.125.130.0-255,1484,92595,54,294067
27737,0.001036,74.125.130.0-255,2902,95497,54,294067
27738,0.001038,172.31.46.0-255,66,95563,54,294067
27739,0.001064,74.125.130.0-255,1484,97047,54,294067
27740,0.00108,74.125.130.0-255,2184,99231,54,294067
27741,0.001085,172.31.46.0-255,66,99297,54,294067
27742,0.001173,74.125.130.0-255,1484,100781,54,294067
27743,0.001177,74.125.130.0-255,1484,102265,54,294067
27744,0.00118,172.31.46.0-255,66,102331,54,294067
27745,0.001205,74.125.130.0-255,1484,103815,54,294067
27746,0.001211,74.125.130.0-255,5738,109553,54,294067
27747,0.001213,172.31.46.0-255,66,109619,54,294067
27748,0.001243,74.125.130.0-255,4320,113939,54,294067
27749,0.001247,172.31.46.0-255,66,114005,54,294067
27750,0.001253,74.125.130.0-255,5738,119743,54,294067
27751,0.001255,172.31.46.0-255,66,119809,54,294067
27752,0.001278,74.125.130.0-255,7156,126965,54,294067
27753,0.001281,172.31.46.0-255,66,127031,54,294067
27754,0.001304,74.125.130.0-255,1484,128515,54,294067
27755,0.001349,74.125.130.0-255,2902,131417,54,294067
27756,0.001353,172.31.46.0-255,66,131483,54,294067
27757,0.001371,74.125.130.0-255,2184,133667,54,294067
27758,0.001374,172.31.46.0-255,66,133733,54,294067
27759,0.001377,74.125.130.0-255,1484,135217,54,294067
27760,0.001398,74.125.130.0-255,2902,138119,54,294067
27761,0.001401,172.31.46.0-255,66,138185,54,294067
27762,0.001405,74.125.130.0-255,2902,141087,54,294067
27763,0.001407,172.31.46.0-255,66,141153,54,294067
27764,0.001425,74.125.130.0-255,2902,144055,54,294067
27765,0.001431,172.31.46.0-255,66,144121,54,294067
27766,0.001435,74.125.130.0-255,1484,145605,54,294067
27767,0.001481,172.31.46.0-255,66,145671,54,294067
27768,0.001483,74.125.130.0-255,1484,147155,54,294067
27769,0.001488,74.125.130.0-255,2902,150057,54,294067
27770,0.00149,172.31.46.0-255,66,150123,54,294067
27771,0.001497,74.125.130.0-255,1484,151607,54,294067
27772,0.001521,74.125.130.0-255,4320,155927,54,294067
27773,0.001524,172.31.46.0-255,66,155993,54,294067
27774,0.001529,74.125.130.0-255,3602,159595,54,294067
27775,0.001531,172.31.46.0-255,66,159661,54,294067
27776,0.001619,74.125.130.0-255,1484,161145,54,294067
27777,0.001623,74.125.130.0-255,1484,162629,54,294067
27778,0.001626,172.31.46.0-255,66,162695,54,294067
27779,0.001643,74.125.130.0-255,1484,164179,54,294067
27780,0.001646,74.125.130.0-255,1484,165663,54,294067
27781,0.001648,172.31.46.0-255,66,165729,54,294067
27782,0.001676,74.125.130.0-255,4320,170049,54,294067
27783,0.001679,172.31.46.0-255,66,170115,54,294067
27784,0.001689,74.125.130.0-255,1484,171599,54,294067
27785,0.001719,172.31.46.0-255,66,171665,54,294067
27786,0.00173,172.31.46.0-255,66,171731,54,294067
27787,0.001738,74.125.130.0-255,2184,173915,54,294067
27788,0.00174,172.31.46.0-255,66,173981,54,294067
27789,0.001908,74.125.130.0-255,1484,175465,54,294067
27790,0.001927,74.125.130.0-255,2902,178367,54,294067
27791,0.00193,172.31.46.0-255,66,178433,54,294067
27792,0.001934,74.125.130.0-255,2902,181335,54,294067
27793,0.001936,172.31.46.0-255,66,181401,54,294067
27794,0.001954,74.125.130.0-255,1484,182885,54,294067
27795,0.001984,172.31.46.0-255,66,182951,54,294067
27796,0.001989,74.125.130.0-255,5738,188689,54,294067
27797,0.001991,172.31.46.0-255,66,188755,54,294067
27798,0.001995,74.125.130.0-255,2902,191657,54,294067
27799,0.001996,172.31.46.0-255,66,191723,54,294067
27800,0.002027,74.125.130.0-255,4320,196043,54,294067
27801,0.00203,74.125.130.0-255,3602,199645,54,294067
27802,0.002034,172.31.46.0-255,66,199711,54,294067
27803,0.002037,172.31.46.0-255,66,199777,54,294067
27804,0.002252,74.125.130.0-255,1484,201261,54,294067
27805,0.002256,74.125.130.0-255,1484,202745,54,294067
27806,0.002259,172.31.46.0-255,66,202811,54,294067
27807,0.002285,74.125.130.0-255,1484,204295,54,294067
27808,0.002289,74.125.130.0-255,2902,207197,54,294067
27809,0.002292,172.31.46.0-255,66,207263,54,294067
27810,0.002297,74.125.130.0-255,4320,211583,54,294067
27811,0.002298,172.31.46.0-255,66,211649,54,294067
27812,0.002351,172.31.46.0-255,66,211715,54,294067
27813,0.002358,74.125.130.0-255,7156,218871,54,294067
27814,0.00236,172.31.46.0-255,66,218937,54,294067
27815,0.002388,74.125.130.0-255,2902,221839,54,294067
27816,0.00239,172.31.46.0-255,66,221905,54,294067
27817,0.002395,74.125.130.0-255,3602,225507,54,294067
27818,0.002397,172.31.46.0-255,66,225573,54,294067
27819,0.002459,74.125.130.0-255,1484,227057,54,294067
27820,0.00249,74.125.130.0-255,1484,228541,54,294067
27821,0.002492,172.31.46.0-255,66,228607,54,294067
27822,0.002515,74.125.130.0-255,2902,231509,54,294067
27823,0.002519,172.31.46.0-255,66,231575,54,294067
27824,0.002547,74.125.130.0-255,4320,235895,54,294067
27825,0.002549,172.31.46.0-255,66,235961,54,294067
27826,0.005024,74.125.130.0-255,1484,237445,54,294067
27827,0.005076,74.125.130.0-255,4320,241765,54,294067
27828,0.005081,172.31.46.0-255,66,241831,54,294067
27829,0.007598,74.125.130.0-255,5738,247569,54,294067
27830,0.007605,172.31.46.0-255,66,247635,54,294067
27831,0.010125,74.125.130.0-255,5738,253373,54,294067
27832,0.010131,172.31.46.0-255,66,253439,54,294067
27833,0.012647,74.125.130.0-255,5738,259177,54,294067
27834,0.012656,172.31.46.0-255,66,259243,54,294067
27835,0.015179,74.125.130.0-255,5738,264981,54,294067
27836,0.015191,172.31.46.0-255,66,265047,54,294067
27837,0.017741,74.125.130.0-255,5738,270785,54,294067
27838,0.017752,172.31.46.0-255,66,270851,54,294067
27839,0.020273,74.125.130.0-255,5738,276589,54,294067
27840,0.020282,172.31.46.0-255,66,276655,54,294067
27841,0.022797,74.125.130.0-255,5738,282393,54,294067
27842,0.022804,172.31.46.0-255,66,282459,54,294067
27843,0.025318,74.125.130.0-255,5738,288197,54,294067
27844,0.025326,172.31.46.0-255,66,288263,54,294067
27845,0.027845,74.125.130.0-255,5738,294001,54,294067
27846,0.027854,172.31.46.0-255,66,294067,54,294067
27847,0.0,74.125.24.0-255,146,146,54,231370
27848,3.6e-05,172.31.46.0-255,66,212,54,231370
27849,4.3e-05,74.125.24.0-255,1484,1696,54,231370
27850,4.7e-05,172.31.46.0-255,66,1762,54,231370
27851,6e-05,74.125.24.0-255,2902,4664,54,231370
27852,6.4e-05,172.31.46.0-255,66,4730,54,231370
27853,7.1e-05,74.125.24.0-255,7156,11886,54,231370
27854,7.5e-05,172.31.46.0-255,66,11952,54,231370
27855,7.9e-05,74.125.24.0-255,2081,14033,54,231370
27856,8.2e-05,172.31.46.0-255,66,14099,54,231370
27857,0.000134,74.125.24.0-255,2902,17001,54,231370
27858,0.000137,172.31.46.0-255,66,17067,54,231370
27859,0.000143,74.125.24.0-255,4320,21387,54,231370
27860,0.000146,172.31.46.0-255,66,21453,54,231370
27861,0.00016,172.31.46.0-255,66,21519,54,231370
27862,0.000163,74.125.24.0-255,1125,22644,54,231370
27863,0.000165,172.31.46.0-255,66,22710,54,231370
27864,0.000265,74.125.24.0-255,1484,24194,54,231370
27865,0.000268,172.31.46.0-255,66,24260,54,231370
27866,0.000272,74.125.24.0-255,2902,27162,54,231370
27867,0.000274,172.31.46.0-255,66,27228,54,231370
27868,0.000278,74.125.24.0-255,1484,28712,54,231370
27869,0.00028,172.31.46.0-255,66,28778,54,231370
27870,0.000307,74.125.24.0-255,4320,33098,54,231370
27871,0.00031,172.31.46.0-255,66,33164,54,231370
27872,0.000317,74.125.24.0-255,7156,40320,54,231370
27873,0.000319,172.31.46.0-255,66,40386,54,231370
27874,0.000356,74.125.24.0-255,6797,47183,54,231370
27875,0.000359,172.31.46.0-255,66,47249,54,231370
27876,0.000363,74.125.24.0-255,1484,48733,54,231370
27877,0.000365,172.31.46.0-255,66,48799,54,231370
27878,0.000401,172.31.46.0-255,66,48865,54,231370
27879,0.000403,74.125.24.0-255,110,48975,54,231370
27880,0.000425,74.125.24.0-255,329,49304,54,231370
27881,0.000851,74.125.24.0-255,1484,50788,54,231370
27882,0.000856,172.31.46.0-255,66,50854,54,231370
27883,0.000861,74.125.24.0-255,2902,53756,54,231370
27884,0.000863,172.31.46.0-255,66,53822,54,231370
27885,0.000897,74.125.24.0-255,5738,59560,54,231370
27886,0.0009,172.31.46.0-255,66,59626,54,231370
27887,0.000905,74.125.24.0-255,4320,63946,54,231370
27888,0.000906,172.31.46.0-255,66,64012,54,231370
27889,0.000933,172.31.46.0-255,66,64078,54,231370
27890,0.000942,74.125.24.0-255,4320,68398,54,231370
27891,0.000944,172.31.46.0-255,66,68464,54,231370
27892,0.000975,74.125.24.0-255,6438,74902,54,231370
27893,0.000977,172.31.46.0-255,66,74968,54,231370
27894,0.00098,74.125.24.0-255,1484,76452,54,231370
27895,0.000984,74.125.24.0-255,2902,79354,54,231370
27896,0.000986,172.31.46.0-255,66,79420,54,231370
27897,0.00102,74.125.24.0-255,5738,85158,54,231370
27898,0.001034,172.31.46.0-255,66,85224,54,231370
27899,0.001037,172.31.46.0-255,66,85290,54,231370
27900,0.001062,74.125.24.0-255,2902,88192,54,231370
27901,0.001065,172.31.46.0-255,66,88258,54,231370
27902,0.00108,172.31.46.0-255,66,88324,54,231370
27903,0.001083,74.125.24.0-255,1484,89808,54,231370
27904,0.001129,172.31.46.0-255,66,89874,54,231370
27905,0.001175,74.125.24.0-255,2184,92058,54,231370
27906,0.001178,74.125.24.0-255,1484,93542,54,231370
27907,0.001182,74.125.24.0-255,2902,96444,54,231370
27908,0.001188,74.125.24.0-255,5738,102182,54,231370
27909,0.001202,172.31.46.0-255,66,102248,54,231370
27910,0.001221,172.31.46.0-255,66,102314,54,231370
27911,0.001239,74.125.24.0-255,4320,106634,54,231370
27912,0.001241,74.125.24.0-255,1484,108118,54,231370
27913,0.001325,172.31.46.0-255,66,108184,54,231370
27914,0.001354,74.125.24.0-255,1484,109668,54,231370
27915,0.001359,74.125.24.0-255,2902,112570,54,231370
27916,0.001365,172.31.46.0-255,66,112636,54,231370
27917,0.001384,74.125.24.0-255,5738,118374,54,231370
27918,0.001389,74.125.24.0-255,2902,121276,54,231370
27919,0.001414,172.31.46.0-255,66,121342,54,231370
27920,0.001439,74.125.24.0-255,1484,122826,54,231370
27921,0.001451,74.125.24.0-255,2184,125010,54,231370
27922,0.001468,172.31.46.0-255,66,125076,54,231370
27923,0.001788,74.125.24.0-255,1484,126560,54,231370
27924,0.001795,74.125.24.0-255,2902,129462,54,231370
27925,0.001798,172.31.46.0-255,66,129528,54,231370
27926,0.001802,74.125.24.0-255,1484,131012,54,231370
27927,0.001832,74.125.24.0-255,4320,135332,54,231370
27928,0.001834,74.125.24.0-255,1484,136816,54,231370
27929,0.001858,74.125.24.0-255,5738,142554,54,231370
27930,0.001875,74.125.24.0-255,5738,148292,54,231370
27931,0.001888,74.125.24.0-255,4320,152612,54,231370
27932,0.001893,172.31.46.0-255,66,152678,54,231370
27933,0.001921,74.125.24.0-255,6438,159116,54,231370
27934,0.001923,172.31.46.0-255,66,159182,54,231370
27935,0.002047,74.125.24.0-255,1484,160666,54,231370
27936,0.002064,74.125.24.0-255,2902,163568,54,231370
27937,0.002077,74.125.24.0-255,2902,166470,54,231370
27938,0.00209,74.125.24.0-255,2902,169372,54,231370
27939,0.002099,172.31.46.0-255,66,169438,54,231370
27940,0.002111,74.125.24.0-255,7156,176594,54,231370
27941,0.002128,172.31.46.0-255,66,176660,54,231370
27942,0.002135,74.125.24.0-255,5738,182398,54,231370
27943,0.002171,74.125.24.0-255,4320,186718,54,231370
27944,0.00218,172.31.46.0-255,66,186784,54,231370
27945,0.002251,172.31.46.0-255,66,186850,54,231370
27946,0.002291,74.125.24.0-255,7156,194006,54,231370
27947,0.002299,172.31.46.0-255,66,194072,54,231370
27948,0.002314,74.125.24.0-255,2184,196256,54,231370
27949,0.002334,74.125.24.0-255,4320,200576,54,231370
27950,0.002375,172.31.46.0-255,66,200642,54,231370
27951,0.004641,74.125.24.0-255,5738,206380,54,231370
27952,0.004653,172.31.46.0-255,66,206446,54,231370
27953,0.006882,74.125.24.0-255,5738,212184,54,231370
27954,0.009327,172.31.46.0-255,66,212250,54,231370
27955,0.011569,74.125.24.0-255,5738,217988,54,231370
27956,0.011579,172.31.46.0-255,66,218054,54,231370
27957,0.013819,74.125.24.0-255,5738,223792,54,231370
27958,0.013828,172.31.46.0-255,66,223858,54,231370
27959,0.016077,74.125.24.0-255,5738,229596,54,231370
27960,0.016089,172.31.46.0-255,66,229662,54,231370
27961,0.018316,74.125.24.0-255,1471,231133,54,231370
27962,0.018752,172.31.46.0-255,66,231199,54,231370
27963,0.018794,172.31.46.0-255,105,231304,54,231370
27964,0.020998,74.125.24.0-255,66,231370,54,231370
27965,0.0,172.31.46.0-255,66,66,54,66
27966,0.0,172.217.194.0-255,150,150,54,177110
27967,2.4e-05,172.31.46.0-255,66,216,54,177110
27968,3.1e-05,172.217.194.0-255,1484,1700,54,177110
27969,3.5e-05,172.31.46.0-255,66,1766,54,177110
27970,4.2e-05,172.217.194.0-255,2902,4668,54,177110
27971,4.4e-05,172.31.46.0-255,66,4734,54,177110
27972,5.1e-05,172.217.194.0-255,5738,10472,54,177110
27973,5.4e-05,172.31.46.0-255,66,10538,54,177110
27974,7.2e-05,172.217.194.0-255,1484,12022,54,177110
27975,7.5e-05,172.31.46.0-255,66,12088,54,177110
27976,8e-05,172.217.194.0-255,2092,14180,54,177110
27977,8.2e-05,172.31.46.0-255,66,14246,54,177110
27978,0.000115,172.217.194.0-255,7156,21402,54,177110
27979,0.000118,172.31.46.0-255,66,21468,54,177110
27980,0.000129,172.31.46.0-255,66,21534,54,177110
27981,0.000144,172.217.194.0-255,1125,22659,54,177110
27982,0.000146,172.31.46.0-255,66,22725,54,177110
27983,0.000151,172.217.194.0-255,1484,24209,54,177110
27984,0.000153,172.31.46.0-255,66,24275,54,177110
27985,0.00018,172.217.194.0-255,4320,28595,54,177110
27986,0.000183,172.31.46.0-255,66,28661,54,177110
27987,0.000186,172.217.194.0-255,1484,30145,54,177110
27988,0.000188,172.31.46.0-255,66,30211,54,177110
27989,0.000216,172.31.46.0-255,66,30277,54,177110
27990,0.000219,172.217.194.0-255,1125,31402,54,177110
27991,0.000221,172.31.46.0-255,66,31468,54,177110
27992,0.000262,172.217.194.0-255,1484,32952,54,177110
27993,0.000265,172.31.46.0-255,66,33018,54,177110
27994,0.000287,172.31.46.0-255,66,33084,54,177110
27995,0.000324,172.217.194.0-255,6797,39881,54,177110
27996,0.000327,172.31.46.0-255,66,39947,54,177110
27997,0.000342,172.217.194.0-255,677,40624,54,177110
27998,0.000687,172.217.194.0-255,1484,42108,54,177110
27999,0.000692,172.31.46.0-255,66,42174,54,177110
28000,0.000698,172.217.194.0-255,2902,45076,54,177110
28001,0.000701,172.31.46.0-255,66,45142,54,177110
28002,0.000707,172.217.194.0-255,5738,50880,54,177110
28003,0.00071,172.31.46.0-255,66,50946,54,177110
28004,0.000713,172.217.194.0-255,1484,52430,54,177110
28005,0.000735,172.217.194.0-255,2902,55332,54,177110
28006,0.000737,172.31.46.0-255,66,55398,54,177110
28007,0.000743,172.217.194.0-255,5738,61136,54,177110
28008,0.000746,172.31.46.0-255,66,61202,54,177110
28009,0.000757,172.217.194.0-255,1484,62686,54,177110
28010,0.000779,172.31.46.0-255,66,62752,54,177110
28011,0.000783,172.217.194.0-255,2184,64936,54,177110
28012,0.000785,172.31.46.0-255,66,65002,54,177110
28013,0.00104,172.217.194.0-255,1484,66486,54,177110
28014,0.001047,172.217.194.0-255,2902,69388,54,177110
28015,0.001051,172.31.46.0-255,66,69454,54,177110
28016,0.001055,172.217.194.0-255,1484,70938,54,177110
28017,0.001074,172.217.194.0-255,4320,75258,54,177110
28018,0.001077,172.31.46.0-255,66,75324,54,177110
28019,0.001084,172.217.194.0-255,5738,81062,54,177110
28020,0.001086,172.31.46.0-255,66,81128,54,177110
28021,0.001105,172.217.194.0-255,7156,88284,54,177110
28022,0.001107,172.31.46.0-255,66,88350,54,177110
28023,0.001131,172.217.194.0-255,1484,89834,54,177110
28024,0.00116,172.31.46.0-255,66,89900,54,177110
28025,0.001387,172.217.194.0-255,1484,91384,54,177110
28026,0.001393,172.217.194.0-255,2902,94286,54,177110
28027,0.001396,172.31.46.0-255,66,94352,54,177110
28028,0.001422,172.217.194.0-255,5738,100090,54,177110
28029,0.001425,172.31.46.0-255,66,100156,54,177110
28030,0.001428,172.217.194.0-255,1484,101640,54,177110
28031,0.001464,172.31.46.0-255,66,101706,54,177110
28032,0.001487,172.217.194.0-255,1484,103190,54,177110
28033,0.00151,172.31.46.0-255,66,103256,54,177110
28034,0.001538,172.31.46.0-255,66,103322,54,177110
28035,0.001561,172.217.194.0-255,2902,106224,54,177110
28036,0.001565,172.31.46.0-255,66,106290,54,177110
28037,0.001598,172.31.46.0-255,66,106356,54,177110
28038,0.001611,172.217.194.0-255,4320,110676,54,177110
28039,0.001613,172.31.46.0-255,66,110742,54,177110
28040,0.001631,172.217.194.0-255,1484,112226,54,177110
28041,0.001636,172.217.194.0-255,2184,114410,54,177110
28042,0.001638,172.31.46.0-255,66,114476,54,177110
28043,0.001642,172.217.194.0-255,2902,117378,54,177110
28044,0.001645,172.31.46.0-255,66,117444,54,177110
28045,0.001653,172.217.194.0-255,7156,124600,54,177110
28046,0.001656,172.31.46.0-255,66,124666,54,177110
28047,0.00167,172.31.46.0-255,66,124732,54,177110
28048,0.001694,172.217.194.0-255,4320,129052,54,177110
28049,0.001696,172.31.46.0-255,66,129118,54,177110
28050,0.001719,172.217.194.0-255,5020,134138,54,177110
28051,0.001722,172.31.46.0-255,66,134204,54,177110
28052,0.001752,172.217.194.0-255,1484,135688,54,177110
28053,0.001758,172.217.194.0-255,2902,138590,54,177110
28054,0.001761,172.31.46.0-255,66,138656,54,177110
28055,0.001768,172.217.194.0-255,5738,144394,54,177110
28056,0.00177,172.31.46.0-255,66,144460,54,177110
28057,0.001812,172.31.46.0-255,66,144526,54,177110
28058,0.001823,172.31.46.0-255,66,144592,54,177110
28059,0.001826,172.217.194.0-255,766,145358,54,177110
28060,0.001861,172.217.194.0-255,1484,146842,54,177110
28061,0.001864,172.31.46.0-255,66,146908,54,177110
28062,0.001869,172.217.194.0-255,4320,151228,54,177110
28063,0.001872,172.31.46.0-255,66,151294,54,177110
28064,0.001892,172.217.194.0-255,5738,157032,54,177110
28065,0.001895,172.31.46.0-255,66,157098,54,177110
28066,0.001924,172.217.194.0-255,4320,161418,54,177110
28067,0.001927,172.31.46.0-255,66,161484,54,177110
28068,0.001937,172.31.46.0-255,66,161550,54,177110
28069,0.001972,172.31.46.0-255,66,161616,54,177110
28070,0.00201,172.31.46.0-255,66,161682,54,177110
28071,0.002025,172.31.46.0-255,66,161748,54,177110
28072,0.002074,172.31.46.0-255,66,161814,54,177110
28073,0.002097,172.217.194.0-255,5020,166834,54,177110
28074,0.0021,172.31.46.0-255,66,166900,54,177110
28075,0.002114,172.31.46.0-255,66,166966,54,177110
28076,0.002125,172.31.46.0-255,66,167032,54,177110
28077,0.00213,172.217.194.0-255,3602,170634,54,177110
28078,0.002132,172.31.46.0-255,66,170700,54,177110
28079,0.002136,172.217.194.0-255,2902,173602,54,177110
28080,0.00215,172.217.194.0-255,1484,175086,54,177110
28081,0.002153,172.217.194.0-255,1484,176570,54,177110
28082,0.002165,172.31.46.0-255,66,176636,54,177110
28083,0.00222,172.31.46.0-255,66,176702,54,177110
28084,0.002274,172.31.46.0-255,66,176768,54,177110
28085,0.002282,172.217.194.0-255,105,176873,54,177110
28086,0.004808,172.31.46.0-255,66,176939,54,177110
28087,0.004846,172.31.46.0-255,105,177044,54,177110
28088,0.007165,172.217.194.0-255,66,177110,54,177110
28089,0.0,74.125.130.0-255,156,156,54,243767
28090,4.2e-05,172.31.46.0-255,66,222,54,243767
28091,4.9e-05,74.125.130.0-255,1484,1706,54,243767
28092,5.3e-05,172.31.46.0-255,66,1772,54,243767
28093,5.8e-05,74.125.130.0-255,2902,4674,54,243767
28094,6.1e-05,172.31.46.0-255,66,4740,54,243767
28095,8.7e-05,74.125.130.0-255,5738,10478,54,243767
28096,9.3e-05,172.31.46.0-255,66,10544,54,243767
28097,0.000133,74.125.130.0-255,3367,13911,54,243767
28098,0.000137,172.31.46.0-255,66,13977,54,243767
28099,0.000538,74.125.130.0-255,1484,15461,54,243767
28100,0.000544,172.31.46.0-255,66,15527,54,243767
28101,0.000553,74.125.130.0-255,2902,18429,54,243767
28102,0.000555,172.31.46.0-255,66,18495,54,243767
28103,0.000561,74.125.130.0-255,4320,22815,54,243767
28104,0.000563,172.31.46.0-255,66,22881,54,243767
28105,0.000585,74.125.130.0-255,1484,24365,54,243767
28106,0.000588,172.31.46.0-255,66,24431,54,243767
28107,0.000595,74.125.130.0-255,5738,30169,54,243767
28108,0.000598,172.31.46.0-255,66,30235,54,243767
28109,0.000633,74.125.130.0-255,6797,37032,54,243767
28110,0.000637,172.31.46.0-255,66,37098,54,243767
28111,0.000661,74.125.130.0-255,7156,44254,54,243767
28112,0.000664,172.31.46.0-255,66,44320,54,243767
28113,0.00068,74.125.130.0-255,3961,48281,54,243767
28114,0.000683,172.31.46.0-255,66,48347,54,243767
28115,0.000738,74.125.130.0-255,1484,49831,54,243767
28116,0.000741,172.31.46.0-255,66,49897,54,243767
28117,0.000745,74.125.130.0-255,1484,51381,54,243767
28118,0.000747,172.31.46.0-255,66,51447,54,243767
28119,0.000758,74.125.130.0-255,1484,52931,54,243767
28120,0.00076,172.31.46.0-255,66,52997,54,243767
28121,0.000763,74.125.130.0-255,1484,54481,54,243767
28122,0.000791,74.125.130.0-255,4320,58801,54,243767
28123,0.000794,172.31.46.0-255,66,58867,54,243767
28124,0.000798,74.125.130.0-255,2902,61769,54,243767
28125,0.0008,172.31.46.0-255,66,61835,54,243767
28126,0.000806,74.125.130.0-255,4212,66047,54,243767
28127,0.000808,172.31.46.0-255,66,66113,54,243767
28128,0.000901,74.125.130.0-255,117,66230,54,243767
28129,0.001042,74.125.130.0-255,1484,67714,54,243767
28130,0.001049,172.31.46.0-255,66,67780,54,243767
28131,0.001054,74.125.130.0-255,2902,70682,54,243767
28132,0.001056,172.31.46.0-255,66,70748,54,243767
28133,0.001073,74.125.130.0-255,5738,76486,54,243767
28134,0.001078,172.31.46.0-255,66,76552,54,243767
28135,0.001082,74.125.130.0-255,2902,79454,54,243767
28136,0.001084,172.31.46.0-255,66,79520,54,243767
28137,0.001106,74.125.130.0-255,1484,81004,54,243767
28138,0.001138,74.125.130.0-255,2543,83547,54,243767
28139,0.001142,172.31.46.0-255,66,83613,54,243767
28140,0.001172,74.125.130.0-255,2902,86515,54,243767
28141,0.001176,172.31.46.0-255,66,86581,54,243767
28142,0.001194,74.125.130.0-255,2902,89483,54,243767
28143,0.001196,172.31.46.0-255,66,89549,54,243767
28144,0.001214,74.125.130.0-255,2902,92451,54,243767
28145,0.001217,172.31.46.0-255,66,92517,54,243767
28146,0.001223,74.125.130.0-255,7156,99673,54,243767
28147,0.001225,172.31.46.0-255,66,99739,54,243767
28148,0.001237,74.125.130.0-255,1444,101183,54,243767
28149,0.001737,74.125.130.0-255,1484,102667,54,243767
28150,0.001739,172.31.46.0-255,66,102733,54,243767
28151,0.001758,74.125.130.0-255,2902,105635,54,243767
28152,0.00176,172.31.46.0-255,66,105701,54,243767
28153,0.001765,74.125.130.0-255,4320,110021,54,243767
28154,0.001767,172.31.46.0-255,66,110087,54,243767
28155,0.001779,74.125.130.0-255,1484,111571,54,243767
28156,0.001794,74.125.130.0-255,4320,115891,54,243767
28157,0.001797,172.31.46.0-255,66,115957,54,243767
28158,0.001816,74.125.130.0-255,4320,120277,54,243767
28159,0.001818,172.31.46.0-255,66,120343,54,243767
28160,0.001823,74.125.130.0-255,4320,124663,54,243767
28161,0.001825,172.31.46.0-255,66,124729,54,243767
28162,0.001851,74.125.130.0-255,5738,130467,54,243767
28163,0.001854,172.31.46.0-255,66,130533,54,243767
28164,0.001859,74.125.130.0-255,5020,135553,54,243767
28165,0.001861,172.31.46.0-255,66,135619,54,243767
28166,0.001986,74.125.130.0-255,1484,137103,54,243767
28167,0.00202,74.125.130.0-255,2902,140005,54,243767
28168,0.002023,172.31.46.0-255,66,140071,54,243767
28169,0.002029,74.125.130.0-255,5738,145809,54,243767
28170,0.002031,172.31.46.0-255,66,145875,54,243767
28171,0.002067,172.31.46.0-255,66,145941,54,243767
28172,0.002111,172.31.46.0-255,66,146007,54,243767
28173,0.002124,74.125.130.0-255,1484,147491,54,243767
28174,0.002129,74.125.130.0-255,5020,152511,54,243767
28175,0.002131,172.31.46.0-255,66,152577,54,243767
28176,0.002161,74.125.130.0-255,1484,154061,54,243767
28177,0.002164,74.125.130.0-255,1484,155545,54,243767
28178,0.002166,172.31.46.0-255,66,155611,54,243767
28179,0.002183,74.125.130.0-255,1484,157095,54,243767
28180,0.002186,74.125.130.0-255,1484,158579,54,243767
28181,0.002188,172.31.46.0-255,66,158645,54,243767
28182,0.002201,74.125.130.0-255,4320,162965,54,243767
28183,0.002203,172.31.46.0-255,66,163031,54,243767
28184,0.002217,74.125.130.0-255,7156,170187,54,243767
28185,0.002219,172.31.46.0-255,66,170253,54,243767
28186,0.002249,74.125.130.0-255,2902,173155,54,243767
28187,0.002251,172.31.46.0-255,66,173221,54,243767
28188,0.002264,74.125.130.0-255,5738,178959,54,243767
28189,0.002267,172.31.46.0-255,66,179025,54,243767
28190,0.002285,74.125.130.0-255,5738,184763,54,243767
28191,0.002287,172.31.46.0-255,66,184829,54,243767
28192,0.002303,74.125.130.0-255,2184,187013,54,243767
28193,0.002305,172.31.46.0-255,66,187079,54,243767
28194,0.004788,74.125.130.0-255,4320,191399,54,243767
28195,0.004796,172.31.46.0-255,66,191465,54,243767
28196,0.004817,74.125.130.0-255,1484,192949,54,243767
28197,0.007308,74.125.130.0-255,4320,197269,54,243767
28198,0.007321,172.31.46.0-255,66,197335,54,243767
28199,0.009837,74.125.130.0-255,5738,203073,54,243767
28200,0.009852,172.31.46.0-255,66,203139,54,243767
28201,0.012384,74.125.130.0-255,5738,208877,54,243767
28202,0.012402,172.31.46.0-255,66,208943,54,243767
28203,0.014924,74.125.130.0-255,5738,214681,54,243767
28204,0.014943,172.31.46.0-255,66,214747,54,243767
28205,0.017466,74.125.130.0-255,5738,220485,54,243767
28206,0.017486,172.31.46.0-255,66,220551,54,243767
28207,0.020013,74.125.130.0-255,5738,226289,54,243767
28208,0.020053,172.31.46.0-255,66,226355,54,243767
28209,0.022575,74.125.130.0-255,5738,232093,54,243767
28210,0.022594,172.31.46.0-255,66,232159,54,243767
28211,0.025131,74.125.130.0-255,5738,237897,54,243767
28212,0.025148,172.31.46.0-255,66,237963,54,243767
28213,0.027663,74.125.130.0-255,5738,243701,54,243767
28214,0.027681,172.31.46.0-255,66,243767,54,243767
28215,0.0,74.125.200.0-255,150,150,54,217155
28216,2.1e-05,172.31.46.0-255,66,216,54,217155
28217,2.8e-05,74.125.200.0-255,1484,1700,54,217155
28218,3.2e-05,172.31.46.0-255,66,1766,54,217155
28219,4.5e-05,74.125.200.0-255,2902,4668,54,217155
28220,5e-05,172.31.46.0-255,66,4734,54,217155
28221,5.7e-05,74.125.200.0-255,7156,11890,54,217155
28222,6e-05,172.31.46.0-255,66,11956,54,217155
28223,6.4e-05,74.125.200.0-255,2082,14038,54,217155
28224,6.7e-05,172.31.46.0-255,66,14104,54,217155
28225,7.1e-05,74.125.200.0-255,2902,17006,54,217155
28226,7.4e-05,172.31.46.0-255,66,17072,54,217155
28227,9.8e-05,74.125.200.0-255,5738,22810,54,217155
28228,0.000106,172.31.46.0-255,66,22876,54,217155
28229,0.000125,74.125.200.0-255,1484,24360,54,217155
28230,0.000127,172.31.46.0-255,66,24426,54,217155
28231,0.000134,74.125.200.0-255,5738,30164,54,217155
28232,0.000136,172.31.46.0-255,66,30230,54,217155
28233,0.000161,74.125.200.0-255,1125,31355,54,217155
28234,0.000163,172.31.46.0-255,66,31421,54,217155
28235,0.000228,74.125.200.0-255,1484,32905,54,217155
28236,0.000231,172.31.46.0-255,66,32971,54,217155
28237,0.000235,74.125.200.0-255,2902,35873,54,217155
28238,0.000238,172.31.46.0-255,66,35939,54,217155
28239,0.000254,74.125.200.0-255,1484,37423,54,217155
28240,0.000256,172.31.46.0-255,66,37489,54,217155
28241,0.000285,74.125.200.0-255,4320,41809,54,217155
28242,0.000288,172.31.46.0-255,66,41875,54,217155
28243,0.000296,74.125.200.0-255,6797,48672,54,217155
28244,0.000298,172.31.46.0-255,66,48738,54,217155
28245,0.000302,74.125.200.0-255,1484,50222,54,217155
28246,0.000304,172.31.46.0-255,66,50288,54,217155
28247,0.000339,74.125.200.0-255,5738,56026,54,217155
28248,0.000342,172.31.46.0-255,66,56092,54,217155
28249,0.000353,172.31.46.0-255,66,56158,54,217155
28250,0.000356,74.125.200.0-255,1125,57283,54,217155
28251,0.00076,74.125.200.0-255,645,57928,54,217155
28252,0.000766,172.31.46.0-255,66,57994,54,217155
28253,0.000941,74.125.200.0-255,1484,59478,54,217155
28254,0.000946,74.125.200.0-255,1484,60962,54,217155
28255,0.000949,172.31.46.0-255,66,61028,54,217155
28256,0.000974,74.125.200.0-255,1484,62512,54,217155
28257,0.00099,74.125.200.0-255,4320,66832,54,217155
28258,0.000993,172.31.46.0-255,66,66898,54,217155
28259,0.001029,172.31.46.0-255,66,66964,54,217155
28260,0.001071,74.125.200.0-255,1484,68448,54,217155
28261,0.001085,74.125.200.0-255,2902,71350,54,217155
28262,0.001088,172.31.46.0-255,66,71416,54,217155
28263,0.001094,74.125.200.0-255,2902,74318,54,217155
28264,0.001096,172.31.46.0-255,66,74384,54,217155
28265,0.001124,74.125.200.0-255,2902,77286,54,217155
28266,0.001126,172.31.46.0-255,66,77352,54,217155
28267,0.001131,74.125.200.0-255,4320,81672,54,217155
28268,0.001133,172.31.46.0-255,66,81738,54,217155
28269,0.00117,74.125.200.0-255,2543,84281,54,217155
28270,0.001173,172.31.46.0-255,66,84347,54,217155
28271,0.001323,74.125.200.0-255,1484,85831,54,217155
28272,0.001328,74.125.200.0-255,1484,87315,54,217155
28273,0.001331,172.31.46.0-255,66,87381,54,217155
28274,0.001356,74.125.200.0-255,1484,88865,54,217155
28275,0.001362,74.125.200.0-255,5738,94603,54,217155
28276,0.001365,172.31.46.0-255,66,94669,54,217155
28277,0.001371,74.125.200.0-255,2902,97571,54,217155
28278,0.001373,172.31.46.0-255,66,97637,54,217155
28279,0.0014,74.125.200.0-255,4320,101957,54,217155
28280,0.001403,172.31.46.0-255,66,102023,54,217155
28281,0.001435,74.125.200.0-255,2902,104925,54,217155
28282,0.001437,172.31.46.0-255,66,104991,54,217155
28283,0.001466,74.125.200.0-255,5738,110729,54,217155
28284,0.001471,74.125.200.0-255,2902,113631,54,217155
28285,0.001476,172.31.46.0-255,66,113697,54,217155
28286,0.001479,172.31.46.0-255,66,113763,54,217155
28287,0.001503,74.125.200.0-255,5020,118783,54,217155
28288,0.001506,172.31.46.0-255,66,118849,54,217155
28289,0.001909,74.125.200.0-255,1484,120333,54,217155
28290,0.001914,74.125.200.0-255,1484,121817,54,217155
28291,0.001917,172.31.46.0-255,66,121883,54,217155
28292,0.001951,74.125.200.0-255,2902,124785,54,217155
28293,0.001954,172.31.46.0-255,66,124851,54,217155
28294,0.00196,74.125.200.0-255,5738,130589,54,217155
28295,0.001962,172.31.46.0-255,66,130655,54,217155
28296,0.001982,74.125.200.0-255,5738,136393,54,217155
28297,0.001985,172.31.46.0-255,66,136459,54,217155
28298,0.00201,74.125.200.0-255,2902,139361,54,217155
28299,0.002012,172.31.46.0-255,66,139427,54,217155
28300,0.002023,172.31.46.0-255,66,139493,54,217155
28301,0.002028,74.125.200.0-255,3602,143095,54,217155
28302,0.002031,172.31.46.0-255,66,143161,54,217155
28303,0.004333,74.125.200.0-255,1484,144645,54,217155
28304,0.004354,74.125.200.0-255,4320,148965,54,217155
28305,0.004359,172.31.46.0-255,66,149031,54,217155
28306,0.006661,74.125.200.0-255,5738,154769,54,217155
28307,0.006665,172.31.46.0-255,66,154835,54,217155
28308,0.008978,74.125.200.0-255,5738,160573,54,217155
28309,0.008985,172.31.46.0-255,66,160639,54,217155
28310,0.011291,74.125.200.0-255,5738,166377,54,217155
28311,0.011298,172.31.46.0-255,66,166443,54,217155
28312,0.013613,74.125.200.0-255,5738,172181,54,217155
28313,0.013622,172.31.46.0-255,66,172247,54,217155
28314,0.015946,74.125.200.0-255,5738,177985,54,217155
28315,0.015966,172.31.46.0-255,66,178051,54,217155
28316,0.01829,74.125.200.0-255,5738,183789,54,217155
28317,0.018298,172.31.46.0-255,66,183855,54,217155
28318,0.020618,74.125.200.0-255,5738,189593,54,217155
28319,0.020625,172.31.46.0-255,66,189659,54,217155
28320,0.022946,74.125.200.0-255,5738,195397,54,217155
28321,0.022955,172.31.46.0-255,66,195463,54,217155
28322,0.025277,74.125.200.0-255,5738,201201,54,217155
28323,0.025285,172.31.46.0-255,66,201267,54,217155
28324,0.027602,74.125.200.0-255,5738,207005,54,217155
28325,0.02761,172.31.46.0-255,66,207071,54,217155
28326,0.028121,172.31.46.0-255,172,207243,54,217155
28327,0.028152,172.31.46.0-255,1119,208362,54,217155
28328,0.028213,172.31.46.0-255,1514,209876,54,217155
28329,0.028215,172.31.46.0-255,1277,211153,54,217155
28330,0.029684,104.244.42.0-255,66,211219,54,217155
28331,0.029722,104.244.42.0-255,66,211285,54,217155
28332,0.029772,104.244.42.0-255,66,211351,54,217155
28333,0.029914,74.125.200.0-255,5738,217089,54,217155
28334,0.029918,172.31.46.0-255,66,217155,54,217155
28335,0.0,172.217.160.0-255,146,146,54,270779
28336,1.5e-05,172.31.46.0-255,66,212,54,270779
28337,2.1e-05,172.217.160.0-255,1484,1696,54,270779
28338,2.6e-05,172.31.46.0-255,66,1762,54,270779
28339,3.2e-05,172.217.160.0-255,2902,4664,54,270779
28340,3.6e-05,172.31.46.0-255,66,4730,54,270779
28341,4.4e-05,172.217.160.0-255,7156,11886,54,270779
28342,4.7e-05,172.31.46.0-255,66,11952,54,270779
28343,5.1e-05,172.217.160.0-255,2081,14033,54,270779
28344,5.4e-05,172.31.46.0-255,66,14099,54,270779
28345,7.8e-05,172.217.160.0-255,2902,17001,54,270779
28346,8.1e-05,172.31.46.0-255,66,17067,54,270779
28347,0.000111,172.31.46.0-255,66,17133,54,270779
28348,0.000127,172.31.46.0-255,66,17199,54,270779
28349,0.000149,172.217.160.0-255,6438,23637,54,270779
28350,0.000151,172.31.46.0-255,66,23703,54,270779
28351,0.000209,172.217.160.0-255,1484,25187,54,270779
28352,0.000211,172.31.46.0-255,66,25253,54,270779
28353,0.000217,172.217.160.0-255,2902,28155,54,270779
28354,0.000218,172.31.46.0-255,66,28221,54,270779
28355,0.000222,172.217.160.0-255,1484,29705,54,270779
28356,0.000224,172.31.46.0-255,66,29771,54,270779
28357,0.000244,172.217.160.0-255,4320,34091,54,270779
28358,0.000246,172.31.46.0-255,66,34157,54,270779
28359,0.000249,172.217.160.0-255,1484,35641,54,270779
28360,0.000251,172.31.46.0-255,66,35707,54,270779
28361,0.000274,172.217.160.0-255,5668,41375,54,270779
28362,0.000277,172.31.46.0-255,66,41441,54,270779
28363,0.000791,172.217.160.0-255,102,41543,54,270779
28364,0.000797,172.31.46.0-255,66,41609,54,270779
28365,0.000958,172.217.160.0-255,1484,43093,54,270779
28366,0.000962,172.31.46.0-255,66,43159,54,270779
28367,0.000968,172.217.160.0-255,2902,46061,54,270779
28368,0.00097,172.31.46.0-255,66,46127,54,270779
28369,0.000977,172.217.160.0-255,5738,51865,54,270779
28370,0.000979,172.31.46.0-255,66,51931,54,270779
28371,0.001018,172.217.160.0-255,4320,56251,54,270779
28372,0.001021,172.31.46.0-255,66,56317,54,270779
28373,0.001044,172.217.160.0-255,5379,61696,54,270779
28374,0.001047,172.31.46.0-255,66,61762,54,270779
28375,0.001057,172.31.46.0-255,66,61828,54,270779
28376,0.001071,172.217.160.0-255,1484,63312,54,270779
28377,0.001074,172.31.46.0-255,66,63378,54,270779
28378,0.00108,172.217.160.0-255,4258,67636,54,270779
28379,0.001082,172.31.46.0-255,66,67702,54,270779
28380,0.001293,172.217.160.0-255,1484,69186,54,270779
28381,0.001298,172.217.160.0-255,2902,72088,54,270779
28382,0.001304,172.217.160.0-255,5738,77826,54,270779
28383,0.001309,172.31.46.0-255,66,77892,54,270779
28384,0.001317,172.31.46.0-255,66,77958,54,270779
28385,0.00132,172.31.46.0-255,66,78024,54,270779
28386,0.001326,172.217.160.0-255,4320,82344,54,270779
28387,0.001329,172.31.46.0-255,66,82410,54,270779
28388,0.001333,172.217.160.0-255,2902,85312,54,270779
28389,0.001336,172.31.46.0-255,66,85378,54,270779
28390,0.001366,172.31.46.0-255,66,85444,54,270779
28391,0.001371,172.217.160.0-255,3602,89046,54,270779
28392,0.001373,172.31.46.0-255,66,89112,54,270779
28393,0.001699,172.217.160.0-255,1484,90596,54,270779
28394,0.001704,172.31.46.0-255,66,90662,54,270779
28395,0.001709,172.217.160.0-255,2902,93564,54,270779
28396,0.001711,172.31.46.0-255,66,93630,54,270779
28397,0.00173,172.217.160.0-255,5738,99368,54,270779
28398,0.001733,172.31.46.0-255,66,99434,54,270779
28399,0.001785,172.31.46.0-255,66,99500,54,270779
28400,0.001799,172.31.46.0-255,66,99566,54,270779
28401,0.001833,172.217.160.0-255,766,100332,54,270779
28402,0.001836,172.31.46.0-255,66,100398,54,270779
28403,0.00185,172.31.46.0-255,66,100464,54,270779
28404,0.001861,172.31.46.0-255,66,100530,54,270779
28405,0.001864,172.217.160.0-255,1484,102014,54,270779
28406,0.001867,172.31.46.0-255,66,102080,54,270779
28407,0.001905,172.31.46.0-255,66,102146,54,270779
28408,0.001991,172.217.160.0-255,1484,103630,54,270779
28409,0.001994,172.31.46.0-255,66,103696,54,270779
28410,0.002012,172.217.160.0-255,1484,105180,54,270779
28411,0.002015,172.31.46.0-255,66,105246,54,270779
28412,0.00202,172.217.160.0-255,2902,108148,54,270779
28413,0.002022,172.31.46.0-255,66,108214,54,270779
28414,0.002045,172.217.160.0-255,2902,111116,54,270779
28415,0.002047,172.31.46.0-255,66,111182,54,270779
28416,0.002069,172.217.160.0-255,2902,114084,54,270779
28417,0.002072,172.31.46.0-255,66,114150,54,270779
28418,0.002076,172.217.160.0-255,2902,117052,54,270779
28419,0.002082,172.217.160.0-255,4320,121372,54,270779
28420,0.002088,172.31.46.0-255,66,121438,54,270779
28421,0.0021,172.217.160.0-255,5738,127176,54,270779
28422,0.002103,172.217.160.0-255,1484,128660,54,270779
28423,0.002107,172.217.160.0-255,2902,131562,54,270779
28424,0.002112,172.31.46.0-255,66,131628,54,270779
28425,0.002129,172.217.160.0-255,5020,136648,54,270779
28426,0.002145,172.31.46.0-255,66,136714,54,270779
28427,0.002438,172.217.160.0-255,1484,138198,54,270779
28428,0.002444,172.217.160.0-255,2902,141100,54,270779
28429,0.002448,172.31.46.0-255,66,141166,54,270779
28430,0.002456,172.217.160.0-255,5738,146904,54,270779
28431,0.002473,172.31.46.0-255,66,146970,54,270779
28432,0.002493,172.217.160.0-255,4320,151290,54,270779
28433,0.002499,172.31.46.0-255,66,151356,54,270779
28434,0.002519,172.217.160.0-255,5738,157094,54,270779
28435,0.002524,172.217.160.0-255,2902,159996,54,270779
28436,0.00254,172.217.160.0-255,5738,165734,54,270779
28437,0.002559,172.217.160.0-255,2902,168636,54,270779
28438,0.002562,172.217.160.0-255,2184,170820,54,270779
28439,0.002903,172.217.160.0-255,1484,172304,54,270779
28440,0.00291,172.217.160.0-255,2902,175206,54,270779
28441,0.002936,172.217.160.0-255,5738,180944,54,270779
28442,0.002942,172.217.160.0-255,5738,186682,54,270779
28443,0.002965,172.217.160.0-255,4320,191002,54,270779
28444,0.002987,172.217.160.0-255,1484,192486,54,270779
28445,0.003002,172.217.160.0-255,3602,196088,54,270779
28446,0.003049,172.217.160.0-255,1484,197572,54,270779
28447,0.003053,172.217.160.0-255,2902,200474,54,270779
28448,0.003081,172.217.160.0-255,5738,206212,54,270779
28449,0.003101,172.217.160.0-255,5738,211950,54,270779
28450,0.003104,172.217.160.0-255,1484,213434,54,270779
28451,0.003167,172.217.160.0-255,1484,214918,54,270779
28452,0.003182,172.217.160.0-255,3602,218520,54,270779
28453,0.003185,172.217.160.0-255,1484,220004,54,270779
28454,0.003202,172.217.160.0-255,4320,224324,54,270779
28455,0.003208,172.217.160.0-255,5738,230062,54,270779
28456,0.003221,172.217.160.0-255,1484,231546,54,270779
28457,0.003226,172.217.160.0-255,4320,235866,54,270779
28458,0.003255,172.217.160.0-255,1484,237350,54,270779
28459,0.003273,172.217.160.0-255,5020,242370,54,270779
28460,0.003299,172.217.160.0-255,2902,245272,54,270779
28461,0.003303,172.217.160.0-255,1484,246756,54,270779
28462,0.003327,172.217.160.0-255,1484,248240,54,270779
28463,0.003347,172.217.160.0-255,2902,251142,54,270779
28464,0.003359,172.217.160.0-255,1484,252626,54,270779
28465,0.003362,172.217.160.0-255,1484,254110,54,270779
28466,0.003377,172.217.160.0-255,1484,255594,54,270779
28467,0.003383,172.217.160.0-255,4320,259914,54,270779
28468,0.003394,172.217.160.0-255,1484,261398,54,270779
28469,0.003442,172.217.160.0-255,3602,265000,54,270779
28470,0.003445,172.217.160.0-255,1108,266108,54,270779
28471,0.003456,172.217.160.0-255,105,266213,54,270779
28472,0.006727,172.31.46.0-255,66,266279,54,270779
28473,0.008162,172.31.46.0-255,105,266384,54,270779
28474,0.010102,172.217.160.0-255,66,266450,54,270779
28475,0.027577,172.31.46.0-255,221,266671,54,270779
28476,0.027613,172.31.46.0-255,1119,267790,54,270779
28477,0.027687,172.31.46.0-255,1514,269304,54,270779
28478,0.027689,172.31.46.0-255,1277,270581,54,270779
28479,0.02919,104.244.42.0-255,66,270647,54,270779
28480,0.029217,104.244.42.0-255,66,270713,54,270779
28481,0.02927,104.244.42.0-255,66,270779,54,270779
28482,0.0,74.125.24.0-255,295,295,54,167819
28483,2.4e-05,172.31.46.0-255,66,361,54,167819
28484,6e-05,74.125.24.0-255,1484,1845,54,167819
28485,6.5e-05,172.31.46.0-255,66,1911,54,167819
28486,7.1e-05,74.125.24.0-255,2902,4813,54,167819
28487,7.4e-05,172.31.46.0-255,66,4879,54,167819
28488,8.7e-05,74.125.24.0-255,5738,10617,54,167819
28489,9e-05,172.31.46.0-255,66,10683,54,167819
28490,9.3e-05,74.125.24.0-255,1484,12167,54,167819
28491,9.6e-05,172.31.46.0-255,66,12233,54,167819
28492,0.000133,74.125.24.0-255,1923,14156,54,167819
28493,0.000135,172.31.46.0-255,66,14222,54,167819
28494,0.000141,74.125.24.0-255,4320,18542,54,167819
28495,0.000144,172.31.46.0-255,66,18608,54,167819
28496,0.000161,172.31.46.0-255,66,18674,54,167819
28497,0.000165,74.125.24.0-255,2543,21217,54,167819
28498,0.000167,172.31.46.0-255,66,21283,54,167819
28499,0.000265,74.125.24.0-255,1484,22767,54,167819
28500,0.000269,172.31.46.0-255,66,22833,54,167819
28501,0.000274,74.125.24.0-255,2902,25735,54,167819
28502,0.000277,172.31.46.0-255,66,25801,54,167819
28503,0.000316,74.125.24.0-255,5738,31539,54,167819
28504,0.000323,172.31.46.0-255,66,31605,54,167819
28505,0.000328,74.125.24.0-255,2902,34507,54,167819
28506,0.00033,172.31.46.0-255,66,34573,54,167819
28507,0.00037,172.31.46.0-255,66,34639,54,167819
28508,0.000377,74.125.24.0-255,5738,40377,54,167819
28509,0.000379,172.31.46.0-255,66,40443,54,167819
28510,0.000423,74.125.24.0-255,4550,44993,54,167819
28511,0.000426,172.31.46.0-255,66,45059,54,167819
28512,0.000582,74.125.24.0-255,1484,46543,54,167819
28513,0.000592,74.125.24.0-255,2902,49445,54,167819
28514,0.000595,172.31.46.0-255,66,49511,54,167819
28515,0.0006,74.125.24.0-255,2902,52413,54,167819
28516,0.000602,172.31.46.0-255,66,52479,54,167819
28517,0.000663,74.125.24.0-255,7156,59635,54,167819
28518,0.000666,172.31.46.0-255,66,59701,54,167819
28519,0.000671,74.125.24.0-255,2543,62244,54,167819
28520,0.000673,172.31.46.0-255,66,62310,54,167819
28521,0.000717,74.125.24.0-255,5738,68048,54,167819
28522,0.00072,172.31.46.0-255,66,68114,54,167819
28523,0.000751,74.125.24.0-255,5738,73852,54,167819
28524,0.000755,172.31.46.0-255,66,73918,54,167819
28525,0.000761,74.125.24.0-255,5379,79297,54,167819
28526,0.000764,172.31.46.0-255,66,79363,54,167819
28527,0.001642,74.125.24.0-255,1484,80847,54,167819
28528,0.001651,74.125.24.0-255,2902,83749,54,167819
28529,0.001655,172.31.46.0-255,66,83815,54,167819
28530,0.001663,74.125.24.0-255,4320,88135,54,167819
28531,0.001665,172.31.46.0-255,66,88201,54,167819
28532,0.001687,74.125.24.0-255,1484,89685,54,167819
28533,0.001694,74.125.24.0-255,5738,95423,54,167819
28534,0.0017,172.31.46.0-255,66,95489,54,167819
28535,0.001722,74.125.24.0-255,2902,98391,54,167819
28536,0.001725,172.31.46.0-255,66,98457,54,167819
28537,0.001758,172.31.46.0-255,66,98523,54,167819
28538,0.001783,74.125.24.0-255,5020,103543,54,167819
28539,0.001786,172.31.46.0-255,66,103609,54,167819
28540,0.003297,74.125.24.0-255,1484,105093,54,167819
28541,0.003309,74.125.24.0-255,2902,107995,54,167819
28542,0.003315,172.31.46.0-255,66,108061,54,167819
28543,0.003348,74.125.24.0-255,4320,112381,54,167819
28544,0.00335,172.31.46.0-255,66,112447,54,167819
28545,0.003353,74.125.24.0-255,1484,113931,54,167819
28546,0.003356,74.125.24.0-255,1484,115415,54,167819
28547,0.003358,172.31.46.0-255,66,115481,54,167819
28548,0.00338,74.125.24.0-255,1484,116965,54,167819
28549,0.003405,74.125.24.0-255,1484,118449,54,167819
28550,0.003406,172.31.46.0-255,66,118515,54,167819
28551,0.003439,172.31.46.0-255,66,118581,54,167819
28552,0.003444,74.125.24.0-255,4320,122901,54,167819
28553,0.003446,172.31.46.0-255,66,122967,54,167819
28554,0.003498,74.125.24.0-255,5738,128705,54,167819
28555,0.0035,172.31.46.0-255,66,128771,54,167819
28556,0.003535,172.31.46.0-255,66,128837,54,167819
28557,0.003548,172.31.46.0-255,66,128903,54,167819
28558,0.003572,74.125.24.0-255,4320,133223,54,167819
28559,0.003574,172.31.46.0-255,66,133289,54,167819
28560,0.00358,74.125.24.0-255,6438,139727,54,167819
28561,0.003582,172.31.46.0-255,66,139793,54,167819
28562,0.003621,74.125.24.0-255,2902,142695,54,167819
28563,0.003623,172.31.46.0-255,66,142761,54,167819
28564,0.003647,74.125.24.0-255,4320,147081,54,167819
28565,0.003651,172.31.46.0-255,66,147147,54,167819
28566,0.003655,74.125.24.0-255,2902,150049,54,167819
28567,0.003657,172.31.46.0-255,66,150115,54,167819
28568,0.003659,74.125.24.0-255,1484,151599,54,167819
28569,0.003695,172.31.46.0-255,66,151665,54,167819
28570,0.003706,172.31.46.0-255,66,151731,54,167819
28571,0.00373,74.125.24.0-255,2184,153915,54,167819
28572,0.003731,172.31.46.0-255,66,153981,54,167819
28573,0.003743,172.31.46.0-255,66,154047,54,167819
28574,0.003765,74.125.24.0-255,1484,155531,54,167819
28575,0.003782,172.31.46.0-255,66,155597,54,167819
28576,0.003863,172.31.46.0-255,66,155663,54,167819
28577,0.003874,172.31.46.0-255,66,155729,54,167819
28578,0.003904,172.31.46.0-255,66,155795,54,167819
28579,0.00393,74.125.24.0-255,2184,157979,54,167819
28580,0.003932,172.31.46.0-255,66,158045,54,167819
28581,0.003952,172.31.46.0-255,66,158111,54,167819
28582,0.003968,74.125.24.0-255,1484,159595,54,167819
28583,0.003979,172.31.46.0-255,66,159661,54,167819
28584,0.004006,74.125.24.0-255,4320,163981,54,167819
28585,0.004008,172.31.46.0-255,66,164047,54,167819
28586,0.004049,172.31.46.0-255,66,164113,54,167819
28587,0.004071,172.31.46.0-255,66,164179,54,167819
28588,0.004083,172.31.46.0-255,66,164245,54,167819
28589,0.004121,74.125.24.0-255,2902,167147,54,167819
28590,0.004123,172.31.46.0-255,66,167213,54,167819
28591,0.004146,172.31.46.0-255,66,167279,54,167819
28592,0.004149,74.125.24.0-255,97,167376,54,167819
28593,0.004152,74.125.24.0-255,105,167481,54,167819
28594,0.008993,172.31.46.0-255,101,167582,54,167819
28595,0.010833,172.31.46.0-255,105,167687,54,167819
28596,0.01161,74.125.24.0-255,66,167753,54,167819
28597,0.013458,74.125.24.0-255,66,167819,54,167819
28598,0.0,74.125.68.0-255,150,150,54,106753
28599,2.4e-05,172.31.46.0-255,66,216,54,106753
28600,3.1e-05,74.125.68.0-255,1484,1700,54,106753
28601,3.7e-05,172.31.46.0-255,66,1766,54,106753
28602,9.5e-05,74.125.68.0-255,1484,3250,54,106753
28603,9.9e-05,172.31.46.0-255,66,3316,54,106753
28604,0.000134,74.125.68.0-255,2902,6218,54,106753
28605,0.000136,172.31.46.0-255,66,6284,54,106753
28606,0.000144,74.125.68.0-255,5738,12022,54,106753
28607,0.000146,172.31.46.0-255,66,12088,54,106753
28608,0.00015,74.125.68.0-255,2007,14095,54,106753
28609,0.000157,172.31.46.0-255,66,14161,54,106753
28610,0.000162,74.125.68.0-255,2902,17063,54,106753
28611,0.000165,172.31.46.0-255,66,17129,54,106753
28612,0.000198,74.125.68.0-255,7156,24285,54,106753
28613,0.000201,172.31.46.0-255,66,24351,54,106753
28614,0.000205,74.125.68.0-255,2902,27253,54,106753
28615,0.000208,172.31.46.0-255,66,27319,54,106753
28616,0.000213,74.125.68.0-255,3961,31280,54,106753
28617,0.000216,172.31.46.0-255,66,31346,54,106753
28618,0.004345,74.125.68.0-255,1484,32830,54,106753
28619,0.004352,172.31.46.0-255,66,32896,54,106753
28620,0.004362,74.125.68.0-255,2902,35798,54,106753
28621,0.004364,172.31.46.0-255,66,35864,54,106753
28622,0.004395,74.125.68.0-255,1484,37348,54,106753
28623,0.004398,172.31.46.0-255,66,37414,54,106753
28624,0.006614,74.125.68.0-255,1484,38898,54,106753
28625,0.006621,172.31.46.0-255,66,38964,54,106753
28626,0.006653,74.125.68.0-255,4320,43284,54,106753
28627,0.006656,172.31.46.0-255,66,43350,54,106753
28628,0.008905,74.125.68.0-255,2902,46252,54,106753
28629,0.008913,172.31.46.0-255,66,46318,54,106753
28630,0.008945,74.125.68.0-255,2902,49220,54,106753
28631,0.008947,172.31.46.0-255,66,49286,54,106753
28632,0.011184,74.125.68.0-255,2902,52188,54,106753
28633,0.011196,172.31.46.0-255,66,52254,54,106753
28634,0.011228,74.125.68.0-255,2902,55156,54,106753
28635,0.011231,172.31.46.0-255,66,55222,54,106753
28636,0.013481,74.125.68.0-255,2902,58124,54,106753
28637,0.013497,172.31.46.0-255,66,58190,54,106753
28638,0.013528,74.125.68.0-255,2902,61092,54,106753
28639,0.013532,172.31.46.0-255,66,61158,54,106753
28640,0.015773,74.125.68.0-255,2902,64060,54,106753
28641,0.015783,172.31.46.0-255,66,64126,54,106753
28642,0.015813,74.125.68.0-255,2902,67028,54,106753
28643,0.015816,172.31.46.0-255,66,67094,54,106753
28644,0.018053,74.125.68.0-255,2902,69996,54,106753
28645,0.018063,172.31.46.0-255,66,70062,54,106753
28646,0.018094,74.125.68.0-255,2902,72964,54,106753
28647,0.018097,172.31.46.0-255,66,73030,54,106753
28648,0.020345,74.125.68.0-255,2902,75932,54,106753
28649,0.020352,172.31.46.0-255,66,75998,54,106753
28650,0.020379,74.125.68.0-255,2902,78900,54,106753
28651,0.020383,172.31.46.0-255,66,78966,54,106753
28652,0.02183,172.31.46.0-255,164,79130,54,106753
28653,0.021863,172.31.46.0-255,1128,80258,54,106753
28654,0.02192,172.31.46.0-255,1514,81772,54,106753
28655,0.021922,172.31.46.0-255,1268,83040,54,106753
28656,0.022623,74.125.68.0-255,2902,85942,54,106753
28657,0.02263,172.31.46.0-255,66,86008,54,106753
28658,0.022657,74.125.68.0-255,2902,88910,54,106753
28659,0.02266,172.31.46.0-255,66,88976,54,106753
28660,0.022766,172.31.46.0-255,101,89077,54,106753
28661,0.023417,104.244.42.0-255,66,89143,54,106753
28662,0.023426,104.244.42.0-255,66,89209,54,106753
28663,0.023454,104.244.42.0-255,66,89275,54,106753
28664,0.024915,74.125.68.0-255,5738,95013,54,106753
28665,0.024922,172.31.46.0-255,66,95079,54,106753
28666,0.024984,74.125.68.0-255,66,95145,54,106753
28667,0.027201,74.125.68.0-255,5738,100883,54,106753
28668,0.027209,172.31.46.0-255,66,100949,54,106753
28669,0.029478,74.125.68.0-255,5738,106687,54,106753
28670,0.029485,172.31.46.0-255,66,106753,54,106753
28671,0.0,74.125.68.0-255,310,310,54,269044
28672,1.9e-05,172.31.46.0-255,66,376,54,269044
28673,2.4e-05,74.125.68.0-255,1484,1860,54,269044
28674,2.7e-05,172.31.46.0-255,66,1926,54,269044
28675,5.2e-05,74.125.68.0-255,4320,6246,54,269044
28676,5.5e-05,172.31.46.0-255,66,6312,54,269044
28677,5.7e-05,74.125.68.0-255,1484,7796,54,269044
28678,6e-05,172.31.46.0-255,66,7862,54,269044
28679,9e-05,74.125.68.0-255,4320,12182,54,269044
28680,9.3e-05,172.31.46.0-255,66,12248,54,269044
28681,0.000107,74.125.68.0-255,4320,16568,54,269044
28682,0.000109,172.31.46.0-255,66,16634,54,269044
28683,0.000141,172.31.46.0-255,66,16700,54,269044
28684,0.000171,74.125.68.0-255,6797,23497,54,269044
28685,0.000173,172.31.46.0-255,66,23563,54,269044
28686,0.00023,74.125.68.0-255,1484,25047,54,269044
28687,0.000232,172.31.46.0-255,66,25113,54,269044
28688,0.00025,74.125.68.0-255,2902,28015,54,269044
28689,0.000251,172.31.46.0-255,66,28081,54,269044
28690,0.000279,74.125.68.0-255,4320,32401,54,269044
28691,0.000281,172.31.46.0-255,66,32467,54,269044
28692,0.000312,172.31.46.0-255,66,32533,54,269044
28693,0.000315,74.125.68.0-255,2902,35435,54,269044
28694,0.000317,172.31.46.0-255,66,35501,54,269044
28695,0.000344,74.125.68.0-255,5738,41239,54,269044
28696,0.000346,172.31.46.0-255,66,41305,54,269044
28697,0.000374,74.125.68.0-255,7156,48461,54,269044
28698,0.000376,172.31.46.0-255,66,48527,54,269044
28699,0.000379,74.125.68.0-255,766,49293,54,269044
28700,0.00038,172.31.46.0-255,66,49359,54,269044
28701,0.000383,74.125.68.0-255,393,49752,54,269044
28702,0.000425,74.125.68.0-255,117,49869,54,269044
28703,0.000492,74.125.68.0-255,1484,51353,54,269044
28704,0.000495,172.31.46.0-255,66,51419,54,269044
28705,0.000511,74.125.68.0-255,1484,52903,54,269044
28706,0.000523,74.125.68.0-255,2902,55805,54,269044
28707,0.000525,172.31.46.0-255,66,55871,54,269044
28708,0.000553,74.125.68.0-255,5738,61609,54,269044
28709,0.000556,172.31.46.0-255,66,61675,54,269044
28710,0.000562,74.125.68.0-255,5738,67413,54,269044
28711,0.000564,172.31.46.0-255,66,67479,54,269044
28712,0.000586,74.125.68.0-255,1484,68963,54,269044
28713,0.000596,172.31.46.0-255,66,69029,54,269044
28714,0.000641,74.125.68.0-255,6438,75467,54,269044
28715,0.000643,172.31.46.0-255,66,75533,54,269044
28716,0.000709,172.31.46.0-255,101,75634,54,269044
28717,0.000759,74.125.68.0-255,1484,77118,54,269044
28718,0.000771,74.125.68.0-255,2902,80020,54,269044
28719,0.000774,172.31.46.0-255,66,80086,54,269044
28720,0.000803,74.125.68.0-255,5738,85824,54,269044
28721,0.000807,172.31.46.0-255,66,85890,54,269044
28722,0.000812,74.125.68.0-255,4320,90210,54,269044
28723,0.000815,172.31.46.0-255,66,90276,54,269044
28724,0.000834,74.125.68.0-255,2902,93178,54,269044
28725,0.000836,172.31.46.0-255,66,93244,54,269044
28726,0.000862,74.125.68.0-255,2902,96146,54,269044
28727,0.000865,172.31.46.0-255,66,96212,54,269044
28728,0.000885,74.125.68.0-255,2902,99114,54,269044
28729,0.000887,172.31.46.0-255,66,99180,54,269044
28730,0.000898,74.125.68.0-255,7156,106336,54,269044
28731,0.0009,172.31.46.0-255,66,106402,54,269044
28732,0.000933,74.125.68.0-255,3602,110004,54,269044
28733,0.000937,172.31.46.0-255,66,110070,54,269044
28734,0.001028,74.125.68.0-255,1484,111554,54,269044
28735,0.001054,74.125.68.0-255,2902,114456,54,269044
28736,0.001057,172.31.46.0-255,66,114522,54,269044
28737,0.001075,74.125.68.0-255,2902,117424,54,269044
28738,0.001082,172.31.46.0-255,66,117490,54,269044
28739,0.001088,74.125.68.0-255,4320,121810,54,269044
28740,0.00109,172.31.46.0-255,66,121876,54,269044
28741,0.001094,74.125.68.0-255,2902,124778,54,269044
28742,0.001097,172.31.46.0-255,66,124844,54,269044
28743,0.001136,74.125.68.0-255,5738,130582,54,269044
28744,0.001139,172.31.46.0-255,66,130648,54,269044
28745,0.001145,74.125.68.0-255,5738,136386,54,269044
28746,0.001149,172.31.46.0-255,66,136452,54,269044
28747,0.001156,74.125.68.0-255,7156,143608,54,269044
28748,0.00116,74.125.68.0-255,766,144374,54,269044
28749,0.001164,172.31.46.0-255,66,144440,54,269044
28750,0.001757,74.125.68.0-255,1484,145924,54,269044
28751,0.001762,172.31.46.0-255,66,145990,54,269044
28752,0.001766,74.125.68.0-255,1484,147474,54,269044
28753,0.001794,74.125.68.0-255,2902,150376,54,269044
28754,0.001796,172.31.46.0-255,66,150442,54,269044
28755,0.001802,74.125.68.0-255,4320,154762,54,269044
28756,0.001804,172.31.46.0-255,66,154828,54,269044
28757,0.001831,74.125.68.0-255,1484,156312,54,269044
28758,0.001845,172.31.46.0-255,66,156378,54,269044
28759,0.001881,172.31.46.0-255,66,156444,54,269044
28760,0.001884,74.125.68.0-255,766,157210,54,269044
28761,0.00212,74.125.68.0-255,1484,158694,54,269044
28762,0.002124,172.31.46.0-255,66,158760,54,269044
28763,0.00213,74.125.68.0-255,2902,161662,54,269044
28764,0.002132,172.31.46.0-255,66,161728,54,269044
28765,0.002169,74.125.68.0-255,5738,167466,54,269044
28766,0.002171,172.31.46.0-255,66,167532,54,269044
28767,0.002175,74.125.68.0-255,1484,169016,54,269044
28768,0.002209,172.31.46.0-255,66,169082,54,269044
28769,0.002244,172.31.46.0-255,66,169148,54,269044
28770,0.002269,74.125.68.0-255,2902,172050,54,269044
28771,0.002271,172.31.46.0-255,66,172116,54,269044
28772,0.002311,172.31.46.0-255,66,172182,54,269044
28773,0.002314,74.125.68.0-255,1484,173666,54,269044
28774,0.002324,74.125.68.0-255,2902,176568,54,269044
28775,0.002326,172.31.46.0-255,66,176634,54,269044
28776,0.002332,74.125.68.0-255,5738,182372,54,269044
28777,0.002334,172.31.46.0-255,66,182438,54,269044
28778,0.002344,172.31.46.0-255,66,182504,54,269044
28779,0.002385,74.125.68.0-255,2184,184688,54,269044
28780,0.002388,172.31.46.0-255,66,184754,54,269044
28781,0.002415,74.125.68.0-255,2902,187656,54,269044
28782,0.002417,172.31.46.0-255,66,187722,54,269044
28783,0.002449,74.125.68.0-255,7156,194878,54,269044
28784,0.002453,172.31.46.0-255,66,194944,54,269044
28785,0.002458,74.125.68.0-255,2902,197846,54,269044
28786,0.00246,172.31.46.0-255,66,197912,54,269044
28787,0.002518,74.125.68.0-255,7156,205068,54,269044
28788,0.002522,172.31.46.0-255,66,205134,54,269044
28789,0.002551,74.125.68.0-255,5738,210872,54,269044
28790,0.002554,172.31.46.0-255,66,210938,54,269044
28791,0.003192,74.125.68.0-255,66,211004,54,269044
28792,0.005077,74.125.68.0-255,5738,216742,54,269044
28793,0.005083,172.31.46.0-255,66,216808,54,269044
28794,0.007602,74.125.68.0-255,5738,222546,54,269044
28795,0.007614,172.31.46.0-255,66,222612,54,269044
28796,0.010166,74.125.68.0-255,5738,228350,54,269044
28797,0.010183,172.31.46.0-255,66,228416,54,269044
28798,0.012691,74.125.68.0-255,5738,234154,54,269044
28799,0.012698,172.31.46.0-255,66,234220,54,269044
28800,0.015231,74.125.68.0-255,5738,239958,54,269044
28801,0.01524,172.31.46.0-255,66,240024,54,269044
28802,0.017773,74.125.68.0-255,5738,245762,54,269044
28803,0.017784,172.31.46.0-255,66,245828,54,269044
28804,0.020304,74.125.68.0-255,5738,251566,54,269044
28805,0.020317,172.31.46.0-255,66,251632,54,269044
28806,0.022842,74.125.68.0-255,5738,257370,54,269044
28807,0.022851,172.31.46.0-255,66,257436,54,269044
28808,0.025386,74.125.68.0-255,5738,263174,54,269044
28809,0.025394,172.31.46.0-255,66,263240,54,269044
28810,0.027914,74.125.68.0-255,5738,268978,54,269044
28811,0.027921,172.31.46.0-255,66,269044,54,269044
28812,0.0,74.125.68.0-255,153,153,54,289852
28813,1.6e-05,172.31.46.0-255,66,219,54,289852
28814,2.4e-05,74.125.68.0-255,1484,1703,54,289852
28815,2.8e-05,172.31.46.0-255,66,1769,54,289852
28816,3.9e-05,74.125.68.0-255,2902,4671,54,289852
28817,4.3e-05,172.31.46.0-255,66,4737,54,289852
28818,7.6e-05,74.125.68.0-255,5738,10475,54,289852
28819,7.9e-05,172.31.46.0-255,66,10541,54,289852
28820,0.000113,74.125.68.0-255,3490,14031,54,289852
28821,0.000116,172.31.46.0-255,66,14097,54,289852
28822,0.000293,74.125.68.0-255,1484,15581,54,289852
28823,0.000299,172.31.46.0-255,66,15647,54,289852
28824,0.000329,74.125.68.0-255,2902,18549,54,289852
28825,0.000332,172.31.46.0-255,66,18615,54,289852
28826,0.000337,74.125.68.0-255,4320,22935,54,289852
28827,0.000339,172.31.46.0-255,66,23001,54,289852
28828,0.000376,172.31.46.0-255,66,23067,54,289852
28829,0.000411,74.125.68.0-255,2902,25969,54,289852
28830,0.000414,172.31.46.0-255,66,26035,54,289852
28831,0.000439,74.125.68.0-255,5738,31773,54,289852
28832,0.000442,172.31.46.0-255,66,31839,54,289852
28833,0.000471,74.125.68.0-255,5738,37577,54,289852
28834,0.000474,172.31.46.0-255,66,37643,54,289852
28835,0.000497,74.125.68.0-255,2543,40186,54,289852
28836,0.000499,172.31.46.0-255,66,40252,54,289852
28837,0.000524,74.125.68.0-255,1484,41736,54,289852
28838,0.000526,172.31.46.0-255,66,41802,54,289852
28839,0.000531,74.125.68.0-255,2902,44704,54,289852
28840,0.000533,172.31.46.0-255,66,44770,54,289852
28841,0.000563,74.125.68.0-255,5738,50508,54,289852
28842,0.000569,74.125.68.0-255,5738,56246,54,289852
28843,0.000577,172.31.46.0-255,66,56312,54,289852
28844,0.00058,172.31.46.0-255,66,56378,54,289852
28845,0.000582,74.125.68.0-255,1125,57503,54,289852
28846,0.000655,74.125.68.0-255,645,58148,54,289852
28847,0.000658,172.31.46.0-255,66,58214,54,289852
28848,0.000815,74.125.68.0-255,1484,59698,54,289852
28849,0.000834,74.125.68.0-255,2902,62600,54,289852
28850,0.000839,172.31.46.0-255,66,62666,54,289852
28851,0.000865,74.125.68.0-255,5738,68404,54,289852
28852,0.000868,172.31.46.0-255,66,68470,54,289852
28853,0.000874,74.125.68.0-255,4320,72790,54,289852
28854,0.000875,172.31.46.0-255,66,72856,54,289852
28855,0.000899,74.125.68.0-255,4320,77176,54,289852
28856,0.000905,74.125.68.0-255,5738,82914,54,289852
28857,0.000914,172.31.46.0-255,66,82980,54,289852
28858,0.000916,172.31.46.0-255,66,83046,54,289852
28859,0.000941,74.125.68.0-255,4320,87366,54,289852
28860,0.000944,172.31.46.0-255,66,87432,54,289852
28861,0.00095,74.125.68.0-255,5020,92452,54,289852
28862,0.000952,172.31.46.0-255,66,92518,54,289852
28863,0.000981,74.125.68.0-255,1484,94002,54,289852
28864,0.000985,74.125.68.0-255,1484,95486,54,289852
28865,0.000986,172.31.46.0-255,66,95552,54,289852
28866,0.001004,74.125.68.0-255,1484,97036,54,289852
28867,0.00101,74.125.68.0-255,5738,102774,54,289852
28868,0.001012,172.31.46.0-255,66,102840,54,289852
28869,0.001036,74.125.68.0-255,1484,104324,54,289852
28870,0.001053,74.125.68.0-255,4320,108644,54,289852
28871,0.001059,74.125.68.0-255,7156,115800,54,289852
28872,0.001063,172.31.46.0-255,66,115866,54,289852
28873,0.001066,172.31.46.0-255,66,115932,54,289852
28874,0.001103,172.31.46.0-255,66,115998,54,289852
28875,0.001518,74.125.68.0-255,1484,117482,54,289852
28876,0.001525,74.125.68.0-255,1484,118966,54,289852
28877,0.001529,172.31.46.0-255,66,119032,54,289852
28878,0.001556,74.125.68.0-255,2902,121934,54,289852
28879,0.001558,172.31.46.0-255,66,122000,54,289852
28880,0.001565,74.125.68.0-255,5738,127738,54,289852
28881,0.001567,172.31.46.0-255,66,127804,54,289852
28882,0.001582,74.125.68.0-255,1484,129288,54,289852
28883,0.001608,74.125.68.0-255,5738,135026,54,289852
28884,0.001611,172.31.46.0-255,66,135092,54,289852
28885,0.001616,74.125.68.0-255,4320,139412,54,289852
28886,0.001618,172.31.46.0-255,66,139478,54,289852
28887,0.001651,74.125.68.0-255,4320,143798,54,289852
28888,0.001654,172.31.46.0-255,66,143864,54,289852
28889,0.001661,74.125.68.0-255,6438,150302,54,289852
28890,0.001663,172.31.46.0-255,66,150368,54,289852
28891,0.001744,74.125.68.0-255,1484,151852,54,289852
28892,0.00176,74.125.68.0-255,2902,154754,54,289852
28893,0.001763,172.31.46.0-255,66,154820,54,289852
28894,0.001796,74.125.68.0-255,5738,160558,54,289852
28895,0.001799,172.31.46.0-255,66,160624,54,289852
28896,0.001802,74.125.68.0-255,1484,162108,54,289852
28897,0.001806,74.125.68.0-255,2902,165010,54,289852
28898,0.001808,172.31.46.0-255,66,165076,54,289852
28899,0.001815,74.125.68.0-255,5738,170814,54,289852
28900,0.001818,172.31.46.0-255,66,170880,54,289852
28901,0.001847,74.125.68.0-255,7156,178036,54,289852
28902,0.001849,172.31.46.0-255,66,178102,54,289852
28903,0.001879,74.125.68.0-255,2902,181004,54,289852
28904,0.001881,172.31.46.0-255,66,181070,54,289852
28905,0.001884,74.125.68.0-255,1484,182554,54,289852
28906,0.001912,74.125.68.0-255,3602,186156,54,289852
28907,0.001915,172.31.46.0-255,66,186222,54,289852
28908,0.001921,74.125.68.0-255,5738,191960,54,289852
28909,0.001924,172.31.46.0-255,66,192026,54,289852
28910,0.001963,172.31.46.0-255,66,192092,54,289852
28911,0.001987,74.125.68.0-255,1484,193576,54,289852
28912,0.00199,74.125.68.0-255,1484,195060,54,289852
28913,0.001992,172.31.46.0-255,66,195126,54,289852
28914,0.002004,172.31.46.0-255,66,195192,54,289852
28915,0.002033,74.125.68.0-255,3602,198794,54,289852
28916,0.002036,172.31.46.0-255,66,198860,54,289852
28917,0.002388,74.125.68.0-255,1484,200344,54,289852
28918,0.002396,74.125.68.0-255,2902,203246,54,289852
28919,0.0024,172.31.46.0-255,66,203312,54,289852
28920,0.002425,74.125.68.0-255,5738,209050,54,289852
28921,0.002428,172.31.46.0-255,66,209116,54,289852
28922,0.002463,74.125.68.0-255,7156,216272,54,289852
28923,0.002466,172.31.46.0-255,66,216338,54,289852
28924,0.002472,74.125.68.0-255,2902,219240,54,289852
28925,0.002474,172.31.46.0-255,66,219306,54,289852
28926,0.002501,74.125.68.0-255,5738,225044,54,289852
28927,0.002504,172.31.46.0-255,66,225110,54,289852
28928,0.002507,74.125.68.0-255,1484,226594,54,289852
28929,0.00254,74.125.68.0-255,6438,233032,54,289852
28930,0.002545,172.31.46.0-255,66,233098,54,289852
28931,0.005076,74.125.68.0-255,5738,238836,54,289852
28932,0.005082,172.31.46.0-255,66,238902,54,289852
28933,0.007613,74.125.68.0-255,5738,244640,54,289852
28934,0.007619,172.31.46.0-255,66,244706,54,289852
28935,0.010151,74.125.68.0-255,5738,250444,54,289852
28936,0.010158,172.31.46.0-255,66,250510,54,289852
28937,0.012696,74.125.68.0-255,5738,256248,54,289852
28938,0.012707,172.31.46.0-255,66,256314,54,289852
28939,0.015274,74.125.68.0-255,5738,262052,54,289852
28940,0.015283,172.31.46.0-255,66,262118,54,289852
28941,0.01782,74.125.68.0-255,5738,267856,54,289852
28942,0.017829,172.31.46.0-255,66,267922,54,289852
28943,0.020366,74.125.68.0-255,5738,273660,54,289852
28944,0.020373,172.31.46.0-255,66,273726,54,289852
28945,0.0229,74.125.68.0-255,4320,278046,54,289852
28946,0.022908,172.31.46.0-255,66,278112,54,289852
28947,0.022937,74.125.68.0-255,1484,279596,54,289852
28948,0.025451,74.125.68.0-255,4320,283916,54,289852
28949,0.025458,172.31.46.0-255,66,283982,54,289852
28950,0.028011,74.125.68.0-255,4320,288302,54,289852
28951,0.028018,172.31.46.0-255,66,288368,54,289852
28952,0.028045,74.125.68.0-255,1484,289852,54,289852
28953,0.0,74.125.24.0-255,150,150,54,256643
28954,2.2e-05,172.31.46.0-255,66,216,54,256643
28955,2.8e-05,74.125.24.0-255,1484,1700,54,256643
28956,3.2e-05,172.31.46.0-255,66,1766,54,256643
28957,3.7e-05,74.125.24.0-255,2902,4668,54,256643
28958,3.9e-05,172.31.46.0-255,66,4734,54,256643
28959,4.6e-05,74.125.24.0-255,7156,11890,54,256643
28960,5.5e-05,172.31.46.0-255,66,11956,54,256643
28961,5.8e-05,74.125.24.0-255,2078,14034,54,256643
28962,6e-05,172.31.46.0-255,66,14100,54,256643
28963,0.000115,172.31.46.0-255,66,14166,54,256643
28964,0.00012,74.125.24.0-255,5379,19545,54,256643
28965,0.000122,172.31.46.0-255,66,19611,54,256643
28966,0.000157,74.125.24.0-255,1484,21095,54,256643
28967,0.00016,172.31.46.0-255,66,21161,54,256643
28968,0.000164,74.125.24.0-255,2902,24063,54,256643
28969,0.000165,172.31.46.0-255,66,24129,54,256643
28970,0.000197,74.125.24.0-255,5738,29867,54,256643
28971,0.0002,172.31.46.0-255,66,29933,54,256643
28972,0.000204,74.125.24.0-255,4320,34253,54,256643
28973,0.000206,172.31.46.0-255,66,34319,54,256643
28974,0.000244,172.31.46.0-255,66,34385,54,256643
28975,0.000246,74.125.24.0-255,1484,35869,54,256643
28976,0.000248,172.31.46.0-255,66,35935,54,256643
28977,0.000288,172.31.46.0-255,66,36001,54,256643
28978,0.000333,74.125.24.0-255,385,36386,54,256643
28979,0.000335,172.31.46.0-255,66,36452,54,256643
28980,0.000461,74.125.24.0-255,1484,37936,54,256643
28981,0.000465,172.31.46.0-255,66,38002,54,256643
28982,0.000471,74.125.24.0-255,2902,40904,54,256643
28983,0.000475,74.125.24.0-255,1484,42388,54,256643
28984,0.000501,74.125.24.0-255,4320,46708,54,256643
28985,0.000508,74.125.24.0-255,6797,53505,54,256643
28986,0.000523,74.125.24.0-255,4320,57825,54,256643
28987,0.000538,74.125.24.0-255,7156,64981,54,256643
28988,0.000549,172.31.46.0-255,66,65047,54,256643
28989,0.000564,74.125.24.0-255,2902,67949,54,256643
28990,0.000569,74.125.24.0-255,2543,70492,54,256643
28991,0.000574,172.31.46.0-255,66,70558,54,256643
28992,0.001028,74.125.24.0-255,1484,72042,54,256643
28993,0.001051,74.125.24.0-255,2902,74944,54,256643
28994,0.001055,172.31.46.0-255,66,75010,54,256643
28995,0.001062,74.125.24.0-255,5738,80748,54,256643
28996,0.001073,74.125.24.0-255,5738,86486,54,256643
28997,0.001086,172.31.46.0-255,66,86552,54,256643
28998,0.001104,74.125.24.0-255,7156,93708,54,256643
28999,0.001107,74.125.24.0-255,1484,95192,54,256643
29000,0.001111,172.31.46.0-255,66,95258,54,256643
29001,0.00115,172.31.46.0-255,66,95324,54,256643
29002,0.001164,74.125.24.0-255,7156,102480,54,256643
29003,0.001183,74.125.24.0-255,2902,105382,54,256643
29004,0.001189,74.125.24.0-255,5738,111120,54,256643
29005,0.001214,74.125.24.0-255,5738,116858,54,256643
29006,0.001233,172.31.46.0-255,66,116924,54,256643
29007,0.00124,172.31.46.0-255,66,116990,54,256643
29008,0.001271,74.125.24.0-255,1484,118474,54,256643
29009,0.001275,74.125.24.0-255,2902,121376,54,256643
29010,0.001281,172.31.46.0-255,66,121442,54,256643
29011,0.001303,74.125.24.0-255,5738,127180,54,256643
29012,0.001313,172.31.46.0-255,66,127246,54,256643
29013,0.001383,74.125.24.0-255,7156,134402,54,256643
29014,0.001397,74.125.24.0-255,3602,138004,54,256643
29015,0.001413,172.31.46.0-255,66,138070,54,256643
29016,0.00164,74.125.24.0-255,1484,139554,54,256643
29017,0.001668,74.125.24.0-255,2902,142456,54,256643
29018,0.001671,74.125.24.0-255,1484,143940,54,256643
29019,0.001677,172.31.46.0-255,66,144006,54,256643
29020,0.001693,74.125.24.0-255,1484,145490,54,256643
29021,0.001714,74.125.24.0-255,4320,149810,54,256643
29022,0.001718,172.31.46.0-255,66,149876,54,256643
29023,0.00173,74.125.24.0-255,7156,157032,54,256643
29024,0.001751,74.125.24.0-255,5738,162770,54,256643
29025,0.001762,172.31.46.0-255,66,162836,54,256643
29026,0.001801,172.31.46.0-255,66,162902,54,256643
29027,0.002378,74.125.24.0-255,1484,164386,54,256643
29028,0.002382,74.125.24.0-255,1484,165870,54,256643
29029,0.002386,172.31.46.0-255,66,165936,54,256643
29030,0.002418,74.125.24.0-255,1484,167420,54,256643
29031,0.002425,74.125.24.0-255,5738,173158,54,256643
29032,0.002453,74.125.24.0-255,1484,174642,54,256643
29033,0.002456,74.125.24.0-255,1484,176126,54,256643
29034,0.002479,74.125.24.0-255,4320,180446,54,256643
29035,0.00251,74.125.24.0-255,7156,187602,54,256643
29036,0.002528,74.125.24.0-255,4320,191922,54,256643
29037,0.002582,74.125.24.0-255,2184,194106,54,256643
29038,0.002584,74.125.24.0-255,1484,195590,54,256643
29039,0.002598,74.125.24.0-255,2902,198492,54,256643
29040,0.002601,74.125.24.0-255,1484,199976,54,256643
29041,0.002627,74.125.24.0-255,1484,201460,54,256643
29042,0.002641,74.125.24.0-255,4320,205780,54,256643
29043,0.002653,74.125.24.0-255,1484,207264,54,256643
29044,0.002657,74.125.24.0-255,4320,211584,54,256643
29045,0.002676,74.125.24.0-255,2902,214486,54,256643
29046,0.002701,74.125.24.0-255,2902,217388,54,256643
29047,0.002704,74.125.24.0-255,1484,218872,54,256643
29048,0.002708,172.31.46.0-255,78,218950,54,256643
29049,0.002724,74.125.24.0-255,7156,226106,54,256643
29050,0.00275,74.125.24.0-255,1484,227590,54,256643
29051,0.002753,74.125.24.0-255,1484,229074,54,256643
29052,0.002772,74.125.24.0-255,4320,233394,54,256643
29053,0.00281,74.125.24.0-255,5738,239132,54,256643
29054,0.00284,74.125.24.0-255,6438,245570,54,256643
29055,0.002842,74.125.24.0-255,1484,247054,54,256643
29056,0.002864,74.125.24.0-255,1169,248223,54,256643
29057,0.002867,74.125.24.0-255,105,248328,54,256643
29058,0.008284,172.31.46.0-255,66,248394,54,256643
29059,0.010289,172.31.46.0-255,105,248499,54,256643
29060,0.01035,74.125.24.0-255,5738,254237,54,256643
29061,0.010355,172.31.46.0-255,78,254315,54,256643
29062,0.010386,74.125.24.0-255,2184,256499,54,256643
29063,0.010388,172.31.46.0-255,78,256577,54,256643
29064,0.012554,74.125.24.0-255,66,256643,54,256643
29065,0.0,74.125.200.0-255,152,152,54,265355
29066,3.5e-05,172.31.46.0-255,66,218,54,265355
29067,4.3e-05,74.125.200.0-255,1484,1702,54,265355
29068,4.7e-05,172.31.46.0-255,66,1768,54,265355
29069,7.2e-05,74.125.200.0-255,2902,4670,54,265355
29070,7.5e-05,172.31.46.0-255,66,4736,54,265355
29071,8.3e-05,74.125.200.0-255,5738,10474,54,265355
29072,0.000102,172.31.46.0-255,66,10540,54,265355
29073,0.000123,74.125.200.0-255,1484,12024,54,265355
29074,0.000125,172.31.46.0-255,66,12090,54,265355
29075,0.000147,74.125.200.0-255,2048,14138,54,265355
29076,0.000149,172.31.46.0-255,66,14204,54,265355
29077,0.000565,74.125.200.0-255,1484,15688,54,265355
29078,0.000571,172.31.46.0-255,66,15754,54,265355
29079,0.000585,74.125.200.0-255,1484,17238,54,265355
29080,0.000587,172.31.46.0-255,66,17304,54,265355
29081,0.000612,74.125.200.0-255,1484,18788,54,265355
29082,0.000614,172.31.46.0-255,66,18854,54,265355
29083,0.000628,74.125.200.0-255,1484,20338,54,265355
29084,0.000631,172.31.46.0-255,66,20404,54,265355
29085,0.000637,74.125.200.0-255,4320,24724,54,265355
29086,0.000639,172.31.46.0-255,66,24790,54,265355
29087,0.000656,74.125.200.0-255,1484,26274,54,265355
29088,0.000658,172.31.46.0-255,66,26340,54,265355
29089,0.000673,74.125.200.0-255,4320,30660,54,265355
29090,0.000676,172.31.46.0-255,66,30726,54,265355
29091,0.000707,74.125.200.0-255,5379,36105,54,265355
29092,0.00071,172.31.46.0-255,66,36171,54,265355
29093,0.000716,74.125.200.0-255,5738,41909,54,265355
29094,0.000718,172.31.46.0-255,66,41975,54,265355
29095,0.000735,74.125.200.0-255,1484,43459,54,265355
29096,0.000738,172.31.46.0-255,66,43525,54,265355
29097,0.000755,74.125.200.0-255,7156,50681,54,265355
29098,0.000758,172.31.46.0-255,66,50747,54,265355
29099,0.000794,172.31.46.0-255,66,50813,54,265355
29100,0.000807,74.125.200.0-255,1484,52297,54,265355
29101,0.000812,74.125.200.0-255,2902,55199,54,265355
29102,0.000815,172.31.46.0-255,66,55265,54,265355
29103,0.000834,74.125.200.0-255,2184,57449,54,265355
29104,0.000837,172.31.46.0-255,66,57515,54,265355
29105,0.00084,74.125.200.0-255,393,57908,54,265355
29106,0.000842,74.125.200.0-255,113,58021,54,265355
29107,0.001035,74.125.200.0-255,1484,59505,54,265355
29108,0.001039,172.31.46.0-255,66,59571,54,265355
29109,0.001044,74.125.200.0-255,1484,61055,54,265355
29110,0.001063,74.125.200.0-255,1484,62539,54,265355
29111,0.001065,172.31.46.0-255,66,62605,54,265355
29112,0.001072,74.125.200.0-255,5738,68343,54,265355
29113,0.001075,172.31.46.0-255,66,68409,54,265355
29114,0.001106,172.31.46.0-255,66,68475,54,265355
29115,0.00114,172.31.46.0-255,66,68541,54,265355
29116,0.001145,74.125.200.0-255,4320,72861,54,265355
29117,0.001147,172.31.46.0-255,66,72927,54,265355
29118,0.001188,74.125.200.0-255,766,73693,54,265355
29119,0.001414,74.125.200.0-255,1484,75177,54,265355
29120,0.001418,172.31.46.0-255,66,75243,54,265355
29121,0.001443,74.125.200.0-255,2902,78145,54,265355
29122,0.001446,172.31.46.0-255,66,78211,54,265355
29123,0.001449,74.125.200.0-255,1484,79695,54,265355
29124,0.001469,74.125.200.0-255,2902,82597,54,265355
29125,0.001471,172.31.46.0-255,66,82663,54,265355
29126,0.001491,74.125.200.0-255,5738,88401,54,265355
29127,0.001494,172.31.46.0-255,66,88467,54,265355
29128,0.0015,74.125.200.0-255,4320,92787,54,265355
29129,0.001502,172.31.46.0-255,66,92853,54,265355
29130,0.001525,74.125.200.0-255,1484,94337,54,265355
29131,0.001529,74.125.200.0-255,1484,95821,54,265355
29132,0.001531,172.31.46.0-255,66,95887,54,265355
29133,0.001557,74.125.200.0-255,5738,101625,54,265355
29134,0.001564,74.125.200.0-255,6438,108063,54,265355
29135,0.001596,172.31.46.0-255,66,108129,54,265355
29136,0.001599,172.31.46.0-255,66,108195,54,265355
29137,0.001614,74.125.200.0-255,7156,115351,54,265355
29138,0.001618,172.31.46.0-255,66,115417,54,265355
29139,0.001623,74.125.200.0-255,4320,119737,54,265355
29140,0.001625,172.31.46.0-255,66,119803,54,265355
29141,0.001629,74.125.200.0-255,2902,122705,54,265355
29142,0.001632,172.31.46.0-255,66,122771,54,265355
29143,0.001657,74.125.200.0-255,2902,125673,54,265355
29144,0.001661,172.31.46.0-255,66,125739,54,265355
29145,0.00167,74.125.200.0-255,7156,132895,54,265355
29146,0.001672,172.31.46.0-255,66,132961,54,265355
29147,0.001677,74.125.200.0-255,4320,137281,54,265355
29148,0.00168,172.31.46.0-255,66,137347,54,265355
29149,0.001705,74.125.200.0-255,4320,141667,54,265355
29150,0.001708,172.31.46.0-255,66,141733,54,265355
29151,0.001711,74.125.200.0-255,766,142499,54,265355
29152,0.001859,74.125.200.0-255,1484,143983,54,265355
29153,0.001862,172.31.46.0-255,66,144049,54,265355
29154,0.001882,74.125.200.0-255,2902,146951,54,265355
29155,0.001885,172.31.46.0-255,66,147017,54,265355
29156,0.001889,74.125.200.0-255,2902,149919,54,265355
29157,0.001892,172.31.46.0-255,66,149985,54,265355
29158,0.001913,74.125.200.0-255,2902,152887,54,265355
29159,0.001916,172.31.46.0-255,66,152953,54,265355
29160,0.001921,74.125.200.0-255,4320,157273,54,265355
29161,0.001923,172.31.46.0-255,66,157339,54,265355
29162,0.001926,74.125.200.0-255,1484,158823,54,265355
29163,0.001955,74.125.200.0-255,4320,163143,54,265355
29164,0.001958,172.31.46.0-255,66,163209,54,265355
29165,0.001969,172.31.46.0-255,66,163275,54,265355
29166,0.002006,74.125.200.0-255,5020,168295,54,265355
29167,0.002009,172.31.46.0-255,66,168361,54,265355
29168,0.002176,74.125.200.0-255,1484,169845,54,265355
29169,0.002199,74.125.200.0-255,2902,172747,54,265355
29170,0.002202,172.31.46.0-255,66,172813,54,265355
29171,0.002206,74.125.200.0-255,1484,174297,54,265355
29172,0.002219,74.125.200.0-255,1484,175781,54,265355
29173,0.002222,172.31.46.0-255,66,175847,54,265355
29174,0.002242,74.125.200.0-255,1484,177331,54,265355
29175,0.002248,74.125.200.0-255,4320,181651,54,265355
29176,0.00225,172.31.46.0-255,66,181717,54,265355
29177,0.002265,74.125.200.0-255,1484,183201,54,265355
29178,0.002282,74.125.200.0-255,4320,187521,54,265355
29179,0.002285,172.31.46.0-255,66,187587,54,265355
29180,0.002305,74.125.200.0-255,2902,190489,54,265355
29181,0.002307,172.31.46.0-255,66,190555,54,265355
29182,0.002313,74.125.200.0-255,5738,196293,54,265355
29183,0.002328,172.31.46.0-255,66,196359,54,265355
29184,0.00235,74.125.200.0-255,6438,202797,54,265355
29185,0.002353,172.31.46.0-255,66,202863,54,265355
29186,0.004669,74.125.200.0-255,4320,207183,54,265355
29187,0.004678,172.31.46.0-255,66,207249,54,265355
29188,0.004696,74.125.200.0-255,1484,208733,54,265355
29189,0.006997,74.125.200.0-255,4320,213053,54,265355
29190,0.007006,172.31.46.0-255,66,213119,54,265355
29191,0.009326,74.125.200.0-255,5738,218857,54,265355
29192,0.009332,172.31.46.0-255,66,218923,54,265355
29193,0.01165,74.125.200.0-255,5738,224661,54,265355
29194,0.011663,172.31.46.0-255,66,224727,54,265355
29195,0.014038,74.125.200.0-255,5738,230465,54,265355
29196,0.014051,172.31.46.0-255,66,230531,54,265355
29197,0.016364,74.125.200.0-255,5738,236269,54,265355
29198,0.016376,172.31.46.0-255,66,236335,54,265355
29199,0.018702,74.125.200.0-255,5738,242073,54,265355
29200,0.018714,172.31.46.0-255,66,242139,54,265355
29201,0.021047,74.125.200.0-255,5738,247877,54,265355
29202,0.021066,172.31.46.0-255,66,247943,54,265355
29203,0.023387,74.125.200.0-255,5738,253681,54,265355
29204,0.0234,172.31.46.0-255,66,253747,54,265355
29205,0.025738,74.125.200.0-255,5738,259485,54,265355
29206,0.025751,172.31.46.0-255,66,259551,54,265355
29207,0.028078,74.125.200.0-255,5738,265289,54,265355
29208,0.028097,172.31.46.0-255,66,265355,54,265355
29209,0.0,74.125.24.0-255,153,153,54,215401
29210,2.4e-05,172.31.46.0-255,66,219,54,215401
29211,3.3e-05,74.125.24.0-255,1484,1703,54,215401
29212,3.9e-05,172.31.46.0-255,66,1769,54,215401
29213,5.5e-05,74.125.24.0-255,2902,4671,54,215401
29214,5.9e-05,172.31.46.0-255,66,4737,54,215401
29215,6.8e-05,74.125.24.0-255,7156,11893,54,215401
29216,7.1e-05,172.31.46.0-255,66,11959,54,215401
29217,7.5e-05,74.125.24.0-255,1937,13896,54,215401
29218,7.8e-05,172.31.46.0-255,66,13962,54,215401
29219,0.000372,74.125.24.0-255,1484,15446,54,215401
29220,0.000376,172.31.46.0-255,66,15512,54,215401
29221,0.000381,74.125.24.0-255,1484,16996,54,215401
29222,0.000383,172.31.46.0-255,66,17062,54,215401
29223,0.000411,74.125.24.0-255,1484,18546,54,215401
29224,0.000414,172.31.46.0-255,66,18612,54,215401
29225,0.000421,74.125.24.0-255,5738,24350,54,215401
29226,0.000423,172.31.46.0-255,66,24416,54,215401
29227,0.000436,74.125.24.0-255,6797,31213,54,215401
29228,0.000438,172.31.46.0-255,66,31279,54,215401
29229,0.0005,172.31.46.0-255,66,31345,54,215401
29230,0.000504,74.125.24.0-255,2543,33888,54,215401
29231,0.000506,172.31.46.0-255,66,33954,54,215401
29232,0.00082,74.125.24.0-255,1484,35438,54,215401
29233,0.000825,172.31.46.0-255,66,35504,54,215401
29234,0.000828,74.125.24.0-255,1484,36988,54,215401
29235,0.000831,172.31.46.0-255,66,37054,54,215401
29236,0.000858,74.125.24.0-255,1484,38538,54,215401
29237,0.000861,172.31.46.0-255,66,38604,54,215401
29238,0.000869,74.125.24.0-255,5738,44342,54,215401
29239,0.000872,172.31.46.0-255,66,44408,54,215401
29240,0.000881,74.125.24.0-255,7109,51517,54,215401
29241,0.000884,172.31.46.0-255,66,51583,54,215401
29242,0.000944,74.125.24.0-255,111,51694,54,215401
29243,0.000992,74.125.24.0-255,1484,53178,54,215401
29244,0.000995,172.31.46.0-255,66,53244,54,215401
29245,0.000999,74.125.24.0-255,1484,54728,54,215401
29246,0.001021,74.125.24.0-255,1484,56212,54,215401
29247,0.001024,172.31.46.0-255,66,56278,54,215401
29248,0.001032,74.125.24.0-255,7156,63434,54,215401
29249,0.001042,172.31.46.0-255,66,63500,54,215401
29250,0.00105,74.125.24.0-255,7156,70656,54,215401
29251,0.001053,172.31.46.0-255,66,70722,54,215401
29252,0.001075,74.125.24.0-255,1484,72206,54,215401
29253,0.001117,172.31.46.0-255,66,72272,54,215401
29254,0.00112,74.125.24.0-255,330,72602,54,215401
29255,0.001301,74.125.24.0-255,1484,74086,54,215401
29256,0.001307,172.31.46.0-255,66,74152,54,215401
29257,0.001312,74.125.24.0-255,1484,75636,54,215401
29258,0.001332,74.125.24.0-255,1484,77120,54,215401
29259,0.001334,172.31.46.0-255,66,77186,54,215401
29260,0.00134,74.125.24.0-255,2902,80088,54,215401
29261,0.001342,172.31.46.0-255,66,80154,54,215401
29262,0.001355,74.125.24.0-255,7156,87310,54,215401
29263,0.001357,172.31.46.0-255,66,87376,54,215401
29264,0.001408,172.31.46.0-255,66,87442,54,215401
29265,0.001413,74.125.24.0-255,3602,91044,54,215401
29266,0.001416,172.31.46.0-255,66,91110,54,215401
29267,0.001457,74.125.24.0-255,7156,98266,54,215401
29268,0.001461,172.31.46.0-255,66,98332,54,215401
29269,0.001472,172.31.46.0-255,66,98398,54,215401
29270,0.001477,74.125.24.0-255,4320,102718,54,215401
29271,0.001479,172.31.46.0-255,66,102784,54,215401
29272,0.00152,172.31.46.0-255,66,102850,54,215401
29273,0.001523,74.125.24.0-255,766,103616,54,215401
29274,0.001556,172.31.46.0-255,66,103682,54,215401
29275,0.001588,74.125.24.0-255,7156,110838,54,215401
29276,0.001605,74.125.24.0-255,766,111604,54,215401
29277,0.00161,172.31.46.0-255,66,111670,54,215401
29278,0.001613,172.31.46.0-255,66,111736,54,215401
29279,0.001635,74.125.24.0-255,7156,118892,54,215401
29280,0.001638,172.31.46.0-255,66,118958,54,215401
29281,0.001694,172.31.46.0-255,66,119024,54,215401
29282,0.001707,172.31.46.0-255,66,119090,54,215401
29283,0.00171,74.125.24.0-255,766,119856,54,215401
29284,0.001781,74.125.24.0-255,1484,121340,54,215401
29285,0.001784,172.31.46.0-255,66,121406,54,215401
29286,0.001788,74.125.24.0-255,2902,124308,54,215401
29287,0.00179,172.31.46.0-255,66,124374,54,215401
29288,0.001796,74.125.24.0-255,5738,130112,54,215401
29289,0.001798,172.31.46.0-255,66,130178,54,215401
29290,0.001817,172.31.46.0-255,66,130244,54,215401
29291,0.001846,74.125.24.0-255,4320,134564,54,215401
29292,0.001849,172.31.46.0-255,66,134630,54,215401
29293,0.001875,74.125.24.0-255,6438,141068,54,215401
29294,0.001878,172.31.46.0-255,66,141134,54,215401
29295,0.003166,172.31.46.0-255,101,141235,54,215401
29296,0.003971,74.125.24.0-255,4320,145555,54,215401
29297,0.003979,172.31.46.0-255,66,145621,54,215401
29298,0.004006,74.125.24.0-255,1484,147105,54,215401
29299,0.005247,74.125.24.0-255,66,147171,54,215401
29300,0.006032,74.125.24.0-255,4320,151491,54,215401
29301,0.006044,172.31.46.0-255,66,151557,54,215401
29302,0.008207,74.125.24.0-255,5738,157295,54,215401
29303,0.008213,172.31.46.0-255,66,157361,54,215401
29304,0.010329,74.125.24.0-255,5738,163099,54,215401
29305,0.010341,172.31.46.0-255,66,163165,54,215401
29306,0.012408,74.125.24.0-255,5738,168903,54,215401
29307,0.012419,172.31.46.0-255,66,168969,54,215401
29308,0.014534,74.125.24.0-255,5738,174707,54,215401
29309,0.014548,172.31.46.0-255,66,174773,54,215401
29310,0.016644,74.125.24.0-255,5738,180511,54,215401
29311,0.016658,172.31.46.0-255,66,180577,54,215401
29312,0.018765,74.125.24.0-255,5738,186315,54,215401
29313,0.018781,172.31.46.0-255,66,186381,54,215401
29314,0.020846,74.125.24.0-255,5738,192119,54,215401
29315,0.020861,172.31.46.0-255,66,192185,54,215401
29316,0.02298,74.125.24.0-255,5738,197923,54,215401
29317,0.022996,172.31.46.0-255,66,197989,54,215401
29318,0.025102,74.125.24.0-255,5738,203727,54,215401
29319,0.025116,172.31.46.0-255,66,203793,54,215401
29320,0.027208,74.125.24.0-255,5738,209531,54,215401
29321,0.027222,172.31.46.0-255,66,209597,54,215401
29322,0.029334,74.125.24.0-255,5738,215335,54,215401
29323,0.029344,172.31.46.0-255,66,215401,54,215401
29324,0.0,74.125.24.0-255,296,296,54,245055
29325,1.7e-05,172.31.46.0-255,66,362,54,245055
29326,2.3e-05,74.125.24.0-255,1484,1846,54,245055
29327,2.7e-05,172.31.46.0-255,66,1912,54,245055
29328,3.4e-05,74.125.24.0-255,4320,6232,54,245055
29329,3.8e-05,172.31.46.0-255,66,6298,54,245055
29330,4.3e-05,74.125.24.0-255,2902,9200,54,245055
29331,4.6e-05,172.31.46.0-255,66,9266,54,245055
29332,6.2e-05,74.125.24.0-255,1484,10750,54,245055
29333,6.5e-05,172.31.46.0-255,66,10816,54,245055
29334,0.000102,74.125.24.0-255,7156,17972,54,245055
29335,0.000105,172.31.46.0-255,66,18038,54,245055
29336,0.000125,74.125.24.0-255,1857,19895,54,245055
29337,0.000127,172.31.46.0-255,66,19961,54,245055
29338,0.000139,172.31.46.0-255,66,20027,54,245055
29339,0.000172,74.125.24.0-255,7156,27183,54,245055
29340,0.000174,172.31.46.0-255,66,27249,54,245055
29341,0.0002,74.125.24.0-255,7156,34405,54,245055
29342,0.000203,172.31.46.0-255,66,34471,54,245055
29343,0.000208,74.125.24.0-255,3602,38073,54,245055
29344,0.00021,172.31.46.0-255,66,38139,54,245055
29345,0.000782,74.125.24.0-255,1484,39623,54,245055
29346,0.00079,172.31.46.0-255,66,39689,54,245055
29347,0.000796,74.125.24.0-255,2902,42591,54,245055
29348,0.000798,172.31.46.0-255,66,42657,54,245055
29349,0.000804,74.125.24.0-255,5738,48395,54,245055
29350,0.000807,172.31.46.0-255,66,48461,54,245055
29351,0.000826,74.125.24.0-255,6797,55258,54,245055
29352,0.000828,172.31.46.0-255,66,55324,54,245055
29353,0.000859,74.125.24.0-255,2902,58226,54,245055
29354,0.000862,172.31.46.0-255,66,58292,54,245055
29355,0.000883,74.125.24.0-255,4320,62612,54,245055
29356,0.000885,172.31.46.0-255,66,62678,54,245055
29357,0.000905,74.125.24.0-255,7156,69834,54,245055
29358,0.000908,172.31.46.0-255,66,69900,54,245055
29359,0.00092,74.125.24.0-255,2543,72443,54,245055
29360,0.000923,172.31.46.0-255,66,72509,54,245055
29361,0.000989,74.125.24.0-255,1484,73993,54,245055
29362,0.001028,74.125.24.0-255,2902,76895,54,245055
29363,0.001032,172.31.46.0-255,66,76961,54,245055
29364,0.001065,74.125.24.0-255,5738,82699,54,245055
29365,0.001068,172.31.46.0-255,66,82765,54,245055
29366,0.001072,74.125.24.0-255,2902,85667,54,245055
29367,0.001074,172.31.46.0-255,66,85733,54,245055
29368,0.001088,74.125.24.0-255,2902,88635,54,245055
29369,0.001091,172.31.46.0-255,66,88701,54,245055
29370,0.00111,74.125.24.0-255,1484,90185,54,245055
29371,0.001122,74.125.24.0-255,1484,91669,54,245055
29372,0.001125,172.31.46.0-255,66,91735,54,245055
29373,0.001144,74.125.24.0-255,4320,96055,54,245055
29374,0.001146,172.31.46.0-255,66,96121,54,245055
29375,0.001162,74.125.24.0-255,1484,97605,54,245055
29376,0.001184,74.125.24.0-255,7156,104761,54,245055
29377,0.001187,172.31.46.0-255,66,104827,54,245055
29378,0.001218,74.125.24.0-255,2170,106997,54,245055
29379,0.00122,172.31.46.0-255,66,107063,54,245055
29380,0.00141,74.125.24.0-255,1484,108547,54,245055
29381,0.001416,74.125.24.0-255,2902,111449,54,245055
29382,0.001419,172.31.46.0-255,66,111515,54,245055
29383,0.001424,74.125.24.0-255,2902,114417,54,245055
29384,0.001426,172.31.46.0-255,66,114483,54,245055
29385,0.001441,74.125.24.0-255,2902,117385,54,245055
29386,0.001443,172.31.46.0-255,66,117451,54,245055
29387,0.001446,74.125.24.0-255,1484,118935,54,245055
29388,0.00147,172.31.46.0-255,66,119001,54,245055
29389,0.001475,74.125.24.0-255,4320,123321,54,245055
29390,0.001498,74.125.24.0-255,6438,129759,54,245055
29391,0.001699,74.125.24.0-255,1484,131243,54,245055
29392,0.001705,74.125.24.0-255,2902,134145,54,245055
29393,0.001717,74.125.24.0-255,2902,137047,54,245055
29394,0.001734,74.125.24.0-255,2902,139949,54,245055
29395,0.001737,74.125.24.0-255,1484,141433,54,245055
29396,0.001753,74.125.24.0-255,4320,145753,54,245055
29397,0.001774,74.125.24.0-255,5738,151491,54,245055
29398,0.001792,74.125.24.0-255,2902,154393,54,245055
29399,0.001809,74.125.24.0-255,1484,155877,54,245055
29400,0.002022,74.125.24.0-255,1484,157361,54,245055
29401,0.002028,74.125.24.0-255,2902,160263,54,245055
29402,0.00205,74.125.24.0-255,5738,166001,54,245055
29403,0.002055,74.125.24.0-255,2902,168903,54,245055
29404,0.002069,74.125.24.0-255,4320,173223,54,245055
29405,0.002083,74.125.24.0-255,5738,178961,54,245055
29406,0.002123,74.125.24.0-255,2184,181145,54,245055
29407,0.003792,172.31.46.0-255,66,181211,54,245055
29408,0.006155,74.125.24.0-255,5738,186949,54,245055
29409,0.006163,172.31.46.0-255,66,187015,54,245055
29410,0.008488,74.125.24.0-255,5738,192753,54,245055
29411,0.008494,172.31.46.0-255,66,192819,54,245055
29412,0.010812,74.125.24.0-255,5738,198557,54,245055
29413,0.010818,172.31.46.0-255,66,198623,54,245055
29414,0.013154,74.125.24.0-255,5738,204361,54,245055
29415,0.01316,172.31.46.0-255,66,204427,54,245055
29416,0.015503,74.125.24.0-255,5738,210165,54,245055
29417,0.01551,172.31.46.0-255,66,210231,54,245055
29418,0.017887,74.125.24.0-255,5738,215969,54,245055
29419,0.017894,172.31.46.0-255,66,216035,54,245055
29420,0.020241,74.125.24.0-255,5738,221773,54,245055
29421,0.020249,172.31.46.0-255,66,221839,54,245055
29422,0.022557,74.125.24.0-255,5738,227577,54,245055
29423,0.022565,172.31.46.0-255,66,227643,54,245055
29424,0.024875,74.125.24.0-255,5738,233381,54,245055
29425,0.024882,172.31.46.0-255,66,233447,54,245055
29426,0.027209,74.125.24.0-255,5738,239185,54,245055
29427,0.027215,172.31.46.0-255,66,239251,54,245055
29428,0.029556,74.125.24.0-255,5738,244989,54,245055
29429,0.029563,172.31.46.0-255,66,245055,54,245055
29430,0.0,172.217.194.0-255,146,146,54,207176
29431,2.4e-05,172.31.46.0-255,66,212,54,207176
29432,3.1e-05,172.217.194.0-255,1484,1696,54,207176
29433,3.6e-05,172.31.46.0-255,66,1762,54,207176
29434,4.3e-05,172.217.194.0-255,2902,4664,54,207176
29435,4.7e-05,172.31.46.0-255,66,4730,54,207176
29436,5.4e-05,172.217.194.0-255,7156,11886,54,207176
29437,5.7e-05,172.31.46.0-255,66,11952,54,207176
29438,6.1e-05,172.217.194.0-255,2085,14037,54,207176
29439,6.3e-05,172.31.46.0-255,66,14103,54,207176
29440,0.000129,172.217.194.0-255,1484,15587,54,207176
29441,0.000132,172.31.46.0-255,66,15653,54,207176
29442,0.000135,172.217.194.0-255,1484,17137,54,207176
29443,0.000138,172.31.46.0-255,66,17203,54,207176
29444,0.000156,172.217.194.0-255,1484,18687,54,207176
29445,0.000158,172.31.46.0-255,66,18753,54,207176
29446,0.000165,172.217.194.0-255,5738,24491,54,207176
29447,0.000167,172.31.46.0-255,66,24557,54,207176
29448,0.000215,172.217.194.0-255,6797,31354,54,207176
29449,0.000217,172.31.46.0-255,66,31420,54,207176
29450,0.00059,172.217.194.0-255,1484,32904,54,207176
29451,0.000596,172.31.46.0-255,66,32970,54,207176
29452,0.000602,172.217.194.0-255,2902,35872,54,207176
29453,0.000605,172.31.46.0-255,66,35938,54,207176
29454,0.000612,172.217.194.0-255,5738,41676,54,207176
29455,0.000614,172.31.46.0-255,66,41742,54,207176
29456,0.000634,172.217.194.0-255,2902,44644,54,207176
29457,0.000637,172.31.46.0-255,66,44710,54,207176
29458,0.000655,172.217.194.0-255,3961,48671,54,207176
29459,0.000658,172.31.46.0-255,66,48737,54,207176
29460,0.000775,172.217.194.0-255,1484,50221,54,207176
29461,0.000779,172.31.46.0-255,66,50287,54,207176
29462,0.000783,172.217.194.0-255,1484,51771,54,207176
29463,0.000813,172.217.194.0-255,1484,53255,54,207176
29464,0.000816,172.31.46.0-255,66,53321,54,207176
29465,0.000824,172.217.194.0-255,5738,59059,54,207176
29466,0.000826,172.31.46.0-255,66,59125,54,207176
29467,0.000861,172.217.194.0-255,7093,66218,54,207176
29468,0.000864,172.31.46.0-255,66,66284,54,207176
29469,0.001241,172.217.194.0-255,381,66665,54,207176
29470,0.001365,172.217.194.0-255,1484,68149,54,207176
29471,0.00137,172.31.46.0-255,66,68215,54,207176
29472,0.001392,172.217.194.0-255,2902,71117,54,207176
29473,0.001396,172.31.46.0-255,66,71183,54,207176
29474,0.001402,172.217.194.0-255,5738,76921,54,207176
29475,0.001405,172.31.46.0-255,66,76987,54,207176
29476,0.001429,172.217.194.0-255,1484,78471,54,207176
29477,0.001448,172.217.194.0-255,2902,81373,54,207176
29478,0.001452,172.31.46.0-255,66,81439,54,207176
29479,0.00147,172.217.194.0-255,2543,83982,54,207176
29480,0.001472,172.31.46.0-255,66,84048,54,207176
29481,0.001487,172.217.194.0-255,2902,86950,54,207176
29482,0.001489,172.31.46.0-255,66,87016,54,207176
29483,0.001509,172.217.194.0-255,4320,91336,54,207176
29484,0.001512,172.31.46.0-255,66,91402,54,207176
29485,0.001517,172.217.194.0-255,4320,95722,54,207176
29486,0.001519,172.31.46.0-255,66,95788,54,207176
29487,0.00154,172.217.194.0-255,4320,100108,54,207176
29488,0.001542,172.31.46.0-255,66,100174,54,207176
29489,0.001545,172.217.194.0-255,1125,101299,54,207176
29490,0.002188,172.217.194.0-255,1484,102783,54,207176
29491,0.002196,172.31.46.0-255,66,102849,54,207176
29492,0.002203,172.217.194.0-255,2902,105751,54,207176
29493,0.002205,172.31.46.0-255,66,105817,54,207176
29494,0.002212,172.217.194.0-255,5738,111555,54,207176
29495,0.002214,172.31.46.0-255,66,111621,54,207176
29496,0.002248,172.31.46.0-255,66,111687,54,207176
29497,0.002256,172.217.194.0-255,7156,118843,54,207176
29498,0.002258,172.31.46.0-255,66,118909,54,207176
29499,0.002274,172.217.194.0-255,1484,120393,54,207176
29500,0.002304,172.217.194.0-255,6438,126831,54,207176
29501,0.002306,172.31.46.0-255,66,126897,54,207176
29502,0.002312,172.217.194.0-255,4320,131217,54,207176
29503,0.002315,172.31.46.0-255,66,131283,54,207176
29504,0.002341,172.217.194.0-255,2902,134185,54,207176
29505,0.002343,172.31.46.0-255,66,134251,54,207176
29506,0.00236,172.31.46.0-255,66,134317,54,207176
29507,0.002367,172.217.194.0-255,6438,140755,54,207176
29508,0.00237,172.31.46.0-255,66,140821,54,207176
29509,0.004979,172.217.194.0-255,5738,146559,54,207176
29510,0.004984,172.31.46.0-255,66,146625,54,207176
29511,0.007613,172.217.194.0-255,5738,152363,54,207176
29512,0.007626,172.31.46.0-255,66,152429,54,207176
29513,0.01025,172.217.194.0-255,5738,158167,54,207176
29514,0.010266,172.31.46.0-255,66,158233,54,207176
29515,0.012945,172.217.194.0-255,5738,163971,54,207176
29516,0.012964,172.31.46.0-255,66,164037,54,207176
29517,0.015668,172.217.194.0-255,5738,169775,54,207176
29518,0.015685,172.31.46.0-255,66,169841,54,207176
29519,0.01833,172.217.194.0-255,5738,175579,54,207176
29520,0.01835,172.31.46.0-255,66,175645,54,207176
29521,0.020991,172.217.194.0-255,5738,181383,54,207176
29522,0.021009,172.31.46.0-255,66,181449,54,207176
29523,0.023664,172.217.194.0-255,5738,187187,54,207176
29524,0.023683,172.31.46.0-255,66,187253,54,207176
29525,0.025778,172.31.46.0-255,164,187417,54,207176
29526,0.025819,172.31.46.0-255,1128,188545,54,207176
29527,0.025891,172.31.46.0-255,1514,190059,54,207176
29528,0.025893,172.31.46.0-255,1514,191573,54,207176
29529,0.025894,172.31.46.0-255,1514,193087,54,207176
29530,0.025896,172.31.46.0-255,1514,194601,54,207176
29531,0.025897,172.31.46.0-255,529,195130,54,207176
29532,0.026313,172.217.194.0-255,5738,200868,54,207176
29533,0.026325,172.31.46.0-255,66,200934,54,207176
29534,0.027354,104.244.42.0-255,66,201000,54,207176
29535,0.027402,104.244.42.0-255,66,201066,54,207176
29536,0.027501,104.244.42.0-255,66,201132,54,207176
29537,0.027514,104.244.42.0-255,66,201198,54,207176
29538,0.028983,172.217.194.0-255,5738,206936,54,207176
29539,0.028993,172.31.46.0-255,66,207002,54,207176
29540,0.029095,104.244.42.0-255,108,207110,54,207176
29541,0.029099,172.31.46.0-255,66,207176,54,207176
29542,0.0,172.217.194.0-255,153,153,54,222542
29543,1.2e-05,172.31.46.0-255,66,219,54,222542
29544,3.2e-05,172.217.194.0-255,1484,1703,54,222542
29545,3.8e-05,172.31.46.0-255,66,1769,54,222542
29546,4.4e-05,172.217.194.0-255,2902,4671,54,222542
29547,4.7e-05,172.31.46.0-255,66,4737,54,222542
29548,5.3e-05,172.217.194.0-255,4320,9057,54,222542
29549,5.6e-05,172.31.46.0-255,66,9123,54,222542
29550,9.9e-05,172.217.194.0-255,4773,13896,54,222542
29551,0.000102,172.31.46.0-255,66,13962,54,222542
29552,0.000557,172.217.194.0-255,1484,15446,54,222542
29553,0.000563,172.31.46.0-255,66,15512,54,222542
29554,0.000572,172.217.194.0-255,2902,18414,54,222542
29555,0.000574,172.31.46.0-255,66,18480,54,222542
29556,0.000586,172.217.194.0-255,5738,24218,54,222542
29557,0.000588,172.31.46.0-255,66,24284,54,222542
29558,0.000595,172.217.194.0-255,4320,28604,54,222542
29559,0.000598,172.31.46.0-255,66,28670,54,222542
29560,0.000611,172.217.194.0-255,2543,31213,54,222542
29561,0.000613,172.31.46.0-255,66,31279,54,222542
29562,0.00064,172.217.194.0-255,4320,35599,54,222542
29563,0.000643,172.31.46.0-255,66,35665,54,222542
29564,0.000689,172.31.46.0-255,66,35731,54,222542
29565,0.000694,172.217.194.0-255,2543,38274,54,222542
29566,0.000696,172.31.46.0-255,66,38340,54,222542
29567,0.001054,172.217.194.0-255,1484,39824,54,222542
29568,0.00106,172.31.46.0-255,66,39890,54,222542
29569,0.001067,172.217.194.0-255,2902,42792,54,222542
29570,0.00107,172.31.46.0-255,66,42858,54,222542
29571,0.001076,172.217.194.0-255,4320,47178,54,222542
29572,0.001083,172.31.46.0-255,66,47244,54,222542
29573,0.001094,172.217.194.0-255,1484,48728,54,222542
29574,0.001098,172.217.194.0-255,1484,50212,54,222542
29575,0.0011,172.31.46.0-255,66,50278,54,222542
29576,0.001137,172.31.46.0-255,66,50344,54,222542
29577,0.001149,172.31.46.0-255,66,50410,54,222542
29578,0.001184,172.217.194.0-255,4320,54730,54,222542
29579,0.001187,172.31.46.0-255,66,54796,54,222542
29580,0.001193,172.217.194.0-255,5738,60534,54,222542
29581,0.001196,172.31.46.0-255,66,60600,54,222542
29582,0.001208,172.31.46.0-255,66,60666,54,222542
29583,0.001238,172.217.194.0-255,1484,62150,54,222542
29584,0.001253,172.31.46.0-255,66,62216,54,222542
29585,0.001256,172.217.194.0-255,198,62414,54,222542
29586,0.001392,172.217.194.0-255,1484,63898,54,222542
29587,0.001397,172.31.46.0-255,66,63964,54,222542
29588,0.001426,172.217.194.0-255,2902,66866,54,222542
29589,0.00143,172.31.46.0-255,66,66932,54,222542
29590,0.001436,172.217.194.0-255,5738,72670,54,222542
29591,0.001439,172.31.46.0-255,66,72736,54,222542
29592,0.00147,172.217.194.0-255,2902,75638,54,222542
29593,0.001473,172.31.46.0-255,66,75704,54,222542
29594,0.001504,172.31.46.0-255,66,75770,54,222542
29595,0.001516,172.31.46.0-255,66,75836,54,222542
29596,0.00173,172.217.194.0-255,1484,77320,54,222542
29597,0.001738,172.217.194.0-255,2902,80222,54,222542
29598,0.001744,172.31.46.0-255,66,80288,54,222542
29599,0.001752,172.217.194.0-255,5738,86026,54,222542
29600,0.001754,172.31.46.0-255,66,86092,54,222542
29601,0.001799,172.31.46.0-255,66,86158,54,222542
29602,0.001807,172.217.194.0-255,7156,93314,54,222542
29603,0.00181,172.31.46.0-255,66,93380,54,222542
29604,0.001832,172.217.194.0-255,3602,96982,54,222542
29605,0.001835,172.31.46.0-255,66,97048,54,222542
29606,0.001901,172.217.194.0-255,1484,98532,54,222542
29607,0.001924,172.217.194.0-255,2902,101434,54,222542
29608,0.001927,172.31.46.0-255,66,101500,54,222542
29609,0.001934,172.217.194.0-255,5738,107238,54,222542
29610,0.001937,172.31.46.0-255,66,107304,54,222542
29611,0.001953,172.217.194.0-255,2902,110206,54,222542
29612,0.001955,172.31.46.0-255,66,110272,54,222542
29613,0.001992,172.31.46.0-255,66,110338,54,222542
29614,0.00201,172.217.194.0-255,7156,117494,54,222542
29615,0.002012,172.31.46.0-255,66,117560,54,222542
29616,0.00204,172.217.194.0-255,3602,121162,54,222542
29617,0.002043,172.31.46.0-255,66,121228,54,222542
29618,0.002053,172.217.194.0-255,1484,122712,54,222542
29619,0.002078,172.217.194.0-255,2902,125614,54,222542
29620,0.00208,172.31.46.0-255,66,125680,54,222542
29621,0.002086,172.217.194.0-255,5738,131418,54,222542
29622,0.002089,172.31.46.0-255,66,131484,54,222542
29623,0.002094,172.217.194.0-255,4320,135804,54,222542
29624,0.002097,172.31.46.0-255,66,135870,54,222542
29625,0.002137,172.31.46.0-255,66,135936,54,222542
29626,0.002147,172.31.46.0-255,66,136002,54,222542
29627,0.00221,172.217.194.0-255,2184,138186,54,222542
29628,0.002214,172.31.46.0-255,66,138252,54,222542
29629,0.002222,172.217.194.0-255,2902,141154,54,222542
29630,0.002224,172.31.46.0-255,66,141220,54,222542
29631,0.002232,172.217.194.0-255,7156,148376,54,222542
29632,0.002235,172.31.46.0-255,66,148442,54,222542
29633,0.004349,172.217.194.0-255,5738,154180,54,222542
29634,0.004356,172.31.46.0-255,66,154246,54,222542
29635,0.006456,172.217.194.0-255,5738,159984,54,222542
29636,0.006461,172.31.46.0-255,66,160050,54,222542
29637,0.008585,172.217.194.0-255,5738,165788,54,222542
29638,0.008593,172.31.46.0-255,66,165854,54,222542
29639,0.010697,172.217.194.0-255,5738,171592,54,222542
29640,0.010705,172.31.46.0-255,66,171658,54,222542
29641,0.012841,172.217.194.0-255,5738,177396,54,222542
29642,0.012848,172.31.46.0-255,66,177462,54,222542
29643,0.014965,172.217.194.0-255,5738,183200,54,222542
29644,0.014976,172.31.46.0-255,66,183266,54,222542
29645,0.017104,172.217.194.0-255,4320,187586,54,222542
29646,0.017114,172.31.46.0-255,66,187652,54,222542
29647,0.017142,172.217.194.0-255,1484,189136,54,222542
29648,0.019207,172.217.194.0-255,4320,193456,54,222542
29649,0.019214,172.31.46.0-255,66,193522,54,222542
29650,0.021345,172.217.194.0-255,5738,199260,54,222542
29651,0.021352,172.31.46.0-255,66,199326,54,222542
29652,0.02344,172.217.194.0-255,5738,205064,54,222542
29653,0.023447,172.31.46.0-255,66,205130,54,222542
29654,0.025596,172.217.194.0-255,5738,210868,54,222542
29655,0.025604,172.31.46.0-255,66,210934,54,222542
29656,0.027705,172.217.194.0-255,5738,216672,54,222542
29657,0.027713,172.31.46.0-255,66,216738,54,222542
29658,0.029817,172.217.194.0-255,5738,222476,54,222542
29659,0.029825,172.31.46.0-255,66,222542,54,222542
29660,0.0,74.125.24.0-255,156,156,54,222702
29661,2.5e-05,172.31.46.0-255,66,222,54,222702
29662,3.2e-05,74.125.24.0-255,1484,1706,54,222702
29663,3.7e-05,172.31.46.0-255,66,1772,54,222702
29664,4.4e-05,74.125.24.0-255,2902,4674,54,222702
29665,4.8e-05,172.31.46.0-255,66,4740,54,222702
29666,5.4e-05,74.125.24.0-255,5738,10478,54,222702
29667,5.7e-05,172.31.46.0-255,66,10544,54,222702
29668,7.8e-05,74.125.24.0-255,4320,14864,54,222702
29669,8.1e-05,172.31.46.0-255,66,14930,54,222702
29670,0.000112,172.31.46.0-255,66,14996,54,222702
29671,0.000115,74.125.24.0-255,1484,16480,54,222702
29672,0.000117,172.31.46.0-255,66,16546,54,222702
29673,0.000136,74.125.24.0-255,6797,23343,54,222702
29674,0.000139,172.31.46.0-255,66,23409,54,222702
29675,0.000184,74.125.24.0-255,1484,24893,54,222702
29676,0.000187,172.31.46.0-255,66,24959,54,222702
29677,0.000191,74.125.24.0-255,2902,27861,54,222702
29678,0.000194,172.31.46.0-255,66,27927,54,222702
29679,0.000226,74.125.24.0-255,5738,33665,54,222702
29680,0.000229,172.31.46.0-255,66,33731,54,222702
29681,0.000235,74.125.24.0-255,5738,39469,54,222702
29682,0.000238,172.31.46.0-255,66,39535,54,222702
29683,0.000275,172.31.46.0-255,66,39601,54,222702
29684,0.00028,74.125.24.0-255,4236,43837,54,222702
29685,0.000283,172.31.46.0-255,66,43903,54,222702
29686,0.000295,74.125.24.0-255,130,44033,54,222702
29687,0.000298,172.31.46.0-255,66,44099,54,222702
29688,0.000354,74.125.24.0-255,349,44448,54,222702
29689,0.000357,172.31.46.0-255,66,44514,54,222702
29690,0.000469,74.125.24.0-255,1484,45998,54,222702
29691,0.000477,74.125.24.0-255,2902,48900,54,222702
29692,0.000481,172.31.46.0-255,66,48966,54,222702
29693,0.000484,74.125.24.0-255,1484,50450,54,222702
29694,0.000506,74.125.24.0-255,4320,54770,54,222702
29695,0.000508,172.31.46.0-255,66,54836,54,222702
29696,0.000528,74.125.24.0-255,6246,61082,54,222702
29697,0.000531,172.31.46.0-255,66,61148,54,222702
29698,0.000987,74.125.24.0-255,1484,62632,54,222702
29699,0.001002,74.125.24.0-255,2902,65534,54,222702
29700,0.001006,172.31.46.0-255,66,65600,54,222702
29701,0.001013,74.125.24.0-255,4320,69920,54,222702
29702,0.001015,172.31.46.0-255,66,69986,54,222702
29703,0.001031,74.125.24.0-255,1484,71470,54,222702
29704,0.001038,74.125.24.0-255,4320,75790,54,222702
29705,0.00104,172.31.46.0-255,66,75856,54,222702
29706,0.001052,172.31.46.0-255,66,75922,54,222702
29707,0.001075,74.125.24.0-255,2902,78824,54,222702
29708,0.001079,172.31.46.0-255,66,78890,54,222702
29709,0.001099,74.125.24.0-255,5020,83910,54,222702
29710,0.001102,172.31.46.0-255,66,83976,54,222702
29711,0.001315,74.125.24.0-255,1484,85460,54,222702
29712,0.001322,74.125.24.0-255,2902,88362,54,222702
29713,0.001325,172.31.46.0-255,66,88428,54,222702
29714,0.001369,74.125.24.0-255,4320,92748,54,222702
29715,0.001372,172.31.46.0-255,66,92814,54,222702
29716,0.001399,74.125.24.0-255,1484,94298,54,222702
29717,0.001414,172.31.46.0-255,66,94364,54,222702
29718,0.001426,172.31.46.0-255,66,94430,54,222702
29719,0.001471,74.125.24.0-255,1484,95914,54,222702
29720,0.001476,74.125.24.0-255,2902,98816,54,222702
29721,0.001478,172.31.46.0-255,66,98882,54,222702
29722,0.001501,74.125.24.0-255,5738,104620,54,222702
29723,0.001504,172.31.46.0-255,66,104686,54,222702
29724,0.001533,172.31.46.0-255,66,104752,54,222702
29725,0.00154,74.125.24.0-255,5738,110490,54,222702
29726,0.001543,172.31.46.0-255,66,110556,54,222702
29727,0.001567,74.125.24.0-255,5020,115576,54,222702
29728,0.00157,172.31.46.0-255,66,115642,54,222702
29729,0.001668,74.125.24.0-255,1484,117126,54,222702
29730,0.001686,74.125.24.0-255,2902,120028,54,222702
29731,0.00169,172.31.46.0-255,66,120094,54,222702
29732,0.001697,74.125.24.0-255,5738,125832,54,222702
29733,0.0017,172.31.46.0-255,66,125898,54,222702
29734,0.001747,172.31.46.0-255,66,125964,54,222702
29735,0.00176,172.31.46.0-255,66,126030,54,222702
29736,0.001969,74.125.24.0-255,1484,127514,54,222702
29737,0.001976,74.125.24.0-255,2902,130416,54,222702
29738,0.001979,172.31.46.0-255,66,130482,54,222702
29739,0.001985,74.125.24.0-255,4320,134802,54,222702
29740,0.001987,172.31.46.0-255,66,134868,54,222702
29741,0.001999,74.125.24.0-255,1484,136352,54,222702
29742,0.002004,74.125.24.0-255,2902,139254,54,222702
29743,0.002006,172.31.46.0-255,66,139320,54,222702
29744,0.002039,172.31.46.0-255,66,139386,54,222702
29745,0.002051,172.31.46.0-255,66,139452,54,222702
29746,0.00208,74.125.24.0-255,3602,143054,54,222702
29747,0.002083,172.31.46.0-255,66,143120,54,222702
29748,0.002097,172.31.46.0-255,66,143186,54,222702
29749,0.002107,172.31.46.0-255,66,143252,54,222702
29750,0.00215,172.31.46.0-255,66,143318,54,222702
29751,0.002176,172.31.46.0-255,66,143384,54,222702
29752,0.002199,74.125.24.0-255,7156,150540,54,222702
29753,0.002201,172.31.46.0-255,66,150606,54,222702
29754,0.002267,172.31.46.0-255,66,150672,54,222702
29755,0.002291,172.31.46.0-255,66,150738,54,222702
29756,0.002296,74.125.24.0-255,3602,154340,54,222702
29757,0.002298,172.31.46.0-255,66,154406,54,222702
29758,0.004535,74.125.24.0-255,4320,158726,54,222702
29759,0.004545,172.31.46.0-255,66,158792,54,222702
29760,0.004561,74.125.24.0-255,1484,160276,54,222702
29761,0.006836,74.125.24.0-255,4320,164596,54,222702
29762,0.006843,172.31.46.0-255,66,164662,54,222702
29763,0.009106,74.125.24.0-255,5738,170400,54,222702
29764,0.009116,172.31.46.0-255,66,170466,54,222702
29765,0.011402,74.125.24.0-255,5738,176204,54,222702
29766,0.01141,172.31.46.0-255,66,176270,54,222702
29767,0.013721,74.125.24.0-255,5738,182008,54,222702
29768,0.013742,172.31.46.0-255,66,182074,54,222702
29769,0.016025,74.125.24.0-255,5738,187812,54,222702
29770,0.016044,172.31.46.0-255,66,187878,54,222702
29771,0.018307,74.125.24.0-255,5738,193616,54,222702
29772,0.01832,172.31.46.0-255,66,193682,54,222702
29773,0.020619,74.125.24.0-255,5738,199420,54,222702
29774,0.020636,172.31.46.0-255,66,199486,54,222702
29775,0.02293,74.125.24.0-255,5738,205224,54,222702
29776,0.022944,172.31.46.0-255,66,205290,54,222702
29777,0.025197,74.125.24.0-255,5738,211028,54,222702
29778,0.025212,172.31.46.0-255,66,211094,54,222702
29779,0.027466,74.125.24.0-255,5738,216832,54,222702
29780,0.027479,172.31.46.0-255,66,216898,54,222702
29781,0.029749,74.125.24.0-255,5738,222636,54,222702
29782,0.02976,172.31.46.0-255,66,222702,54,222702
29783,0.0,74.125.24.0-255,153,153,54,210290
29784,1.5e-05,172.31.46.0-255,66,219,54,210290
29785,2.2e-05,74.125.24.0-255,1484,1703,54,210290
29786,2.7e-05,172.31.46.0-255,66,1769,54,210290
29787,4e-05,74.125.24.0-255,2902,4671,54,210290
29788,4.3e-05,172.31.46.0-255,66,4737,54,210290
29789,5.1e-05,74.125.24.0-255,7156,11893,54,210290
29790,5.4e-05,172.31.46.0-255,66,11959,54,210290
29791,5.8e-05,74.125.24.0-255,2085,14044,54,210290
29792,6.1e-05,172.31.46.0-255,66,14110,54,210290
29793,0.000266,74.125.24.0-255,1484,15594,54,210290
29794,0.000271,172.31.46.0-255,66,15660,54,210290
29795,0.000277,74.125.24.0-255,2902,18562,54,210290
29796,0.00028,172.31.46.0-255,66,18628,54,210290
29797,0.000307,74.125.24.0-255,5738,24366,54,210290
29798,0.000311,172.31.46.0-255,66,24432,54,210290
29799,0.000316,74.125.24.0-255,2902,27334,54,210290
29800,0.000318,172.31.46.0-255,66,27400,54,210290
29801,0.000351,74.125.24.0-255,3961,31361,54,210290
29802,0.000354,172.31.46.0-255,66,31427,54,210290
29803,0.000361,74.125.24.0-255,7156,38583,54,210290
29804,0.000364,172.31.46.0-255,66,38649,54,210290
29805,0.000382,172.31.46.0-255,66,38715,54,210290
29806,0.000385,74.125.24.0-255,1484,40199,54,210290
29807,0.000387,172.31.46.0-255,66,40265,54,210290
29808,0.000432,172.31.46.0-255,66,40331,54,210290
29809,0.000439,74.125.24.0-255,5020,45351,54,210290
29810,0.000442,172.31.46.0-255,66,45417,54,210290
29811,0.000444,74.125.24.0-255,421,45838,54,210290
29812,0.000446,172.31.46.0-255,66,45904,54,210290
29813,0.000491,74.125.24.0-255,352,46256,54,210290
29814,0.000731,74.125.24.0-255,1484,47740,54,210290
29815,0.000737,172.31.46.0-255,66,47806,54,210290
29816,0.000745,74.125.24.0-255,2902,50708,54,210290
29817,0.000747,172.31.46.0-255,66,50774,54,210290
29818,0.000756,74.125.24.0-255,1484,52258,54,210290
29819,0.000784,74.125.24.0-255,4320,56578,54,210290
29820,0.000788,172.31.46.0-255,66,56644,54,210290
29821,0.000792,74.125.24.0-255,2902,59546,54,210290
29822,0.000795,172.31.46.0-255,66,59612,54,210290
29823,0.000802,74.125.24.0-255,7156,66768,54,210290
29824,0.000804,172.31.46.0-255,66,66834,54,210290
29825,0.000828,74.125.24.0-255,2902,69736,54,210290
29826,0.000834,172.31.46.0-255,66,69802,54,210290
29827,0.000848,172.31.46.0-255,66,69868,54,210290
29828,0.000931,74.125.24.0-255,1484,71352,54,210290
29829,0.000948,74.125.24.0-255,2902,74254,54,210290
29830,0.000951,172.31.46.0-255,66,74320,54,210290
29831,0.000955,74.125.24.0-255,1484,75804,54,210290
29832,0.00098,74.125.24.0-255,4320,80124,54,210290
29833,0.000983,172.31.46.0-255,66,80190,54,210290
29834,0.000987,74.125.24.0-255,2902,83092,54,210290
29835,0.000989,172.31.46.0-255,66,83158,54,210290
29836,0.001035,172.31.46.0-255,66,83224,54,210290
29837,0.001048,172.31.46.0-255,66,83290,54,210290
29838,0.00147,74.125.24.0-255,1484,84774,54,210290
29839,0.001487,74.125.24.0-255,2902,87676,54,210290
29840,0.001491,172.31.46.0-255,66,87742,54,210290
29841,0.001495,74.125.24.0-255,1484,89226,54,210290
29842,0.001514,74.125.24.0-255,4320,93546,54,210290
29843,0.001517,172.31.46.0-255,66,93612,54,210290
29844,0.001549,74.125.24.0-255,1484,95096,54,210290
29845,0.001588,172.31.46.0-255,66,95162,54,210290
29846,0.001594,74.125.24.0-255,4320,99482,54,210290
29847,0.001596,172.31.46.0-255,66,99548,54,210290
29848,0.001607,74.125.24.0-255,6438,105986,54,210290
29849,0.00161,172.31.46.0-255,66,106052,54,210290
29850,0.001669,74.125.24.0-255,1484,107536,54,210290
29851,0.001675,74.125.24.0-255,2902,110438,54,210290
29852,0.001677,172.31.46.0-255,66,110504,54,210290
29853,0.001681,74.125.24.0-255,1484,111988,54,210290
29854,0.001712,74.125.24.0-255,4320,116308,54,210290
29855,0.001715,172.31.46.0-255,66,116374,54,210290
29856,0.001734,172.31.46.0-255,66,116440,54,210290
29857,0.001776,172.31.46.0-255,66,116506,54,210290
29858,0.001788,172.31.46.0-255,66,116572,54,210290
29859,0.001791,74.125.24.0-255,1484,118056,54,210290
29860,0.001829,172.31.46.0-255,66,118122,54,210290
29861,0.001832,74.125.24.0-255,1484,119606,54,210290
29862,0.001859,74.125.24.0-255,2184,121790,54,210290
29863,0.001862,172.31.46.0-255,66,121856,54,210290
29864,0.001885,74.125.24.0-255,1484,123340,54,210290
29865,0.001898,74.125.24.0-255,2902,126242,54,210290
29866,0.001901,172.31.46.0-255,66,126308,54,210290
29867,0.001905,74.125.24.0-255,1484,127792,54,210290
29868,0.001939,74.125.24.0-255,4320,132112,54,210290
29869,0.001942,172.31.46.0-255,66,132178,54,210290
29870,0.001973,172.31.46.0-255,66,132244,54,210290
29871,0.00198,74.125.24.0-255,7156,139400,54,210290
29872,0.001983,172.31.46.0-255,66,139466,54,210290
29873,0.002016,74.125.24.0-255,3602,143068,54,210290
29874,0.002023,172.31.46.0-255,66,143134,54,210290
29875,0.002061,74.125.24.0-255,1484,144618,54,210290
29876,0.002065,74.125.24.0-255,1484,146102,54,210290
29877,0.002067,172.31.46.0-255,66,146168,54,210290
29878,0.002095,74.125.24.0-255,1484,147652,54,210290
29879,0.002102,74.125.24.0-255,5738,153390,54,210290
29880,0.002104,172.31.46.0-255,66,153456,54,210290
29881,0.00211,74.125.24.0-255,4320,157776,54,210290
29882,0.002112,172.31.46.0-255,66,157842,54,210290
29883,0.002131,172.31.46.0-255,66,157908,54,210290
29884,0.002168,172.31.46.0-255,66,157974,54,210290
29885,0.002192,172.31.46.0-255,66,158040,54,210290
29886,0.00221,172.31.46.0-255,66,158106,54,210290
29887,0.002221,172.31.46.0-255,66,158172,54,210290
29888,0.002303,172.31.46.0-255,66,158238,54,210290
29889,0.002342,172.31.46.0-255,66,158304,54,210290
29890,0.002349,74.125.24.0-255,6438,164742,54,210290
29891,0.002351,172.31.46.0-255,66,164808,54,210290
29892,0.00466,74.125.24.0-255,5738,170546,54,210290
29893,0.004676,172.31.46.0-255,66,170612,54,210290
29894,0.00694,74.125.24.0-255,1484,172096,54,210290
29895,0.006957,74.125.24.0-255,4320,176416,54,210290
29896,0.006961,172.31.46.0-255,66,176482,54,210290
29897,0.009232,74.125.24.0-255,5738,182220,54,210290
29898,0.00924,172.31.46.0-255,66,182286,54,210290
29899,0.011516,74.125.24.0-255,5738,188024,54,210290
29900,0.011529,172.31.46.0-255,66,188090,54,210290
29901,0.013836,74.125.24.0-255,5738,193828,54,210290
29902,0.013852,172.31.46.0-255,66,193894,54,210290
29903,0.016134,74.125.24.0-255,5738,199632,54,210290
29904,0.016148,172.31.46.0-255,66,199698,54,210290
29905,0.018433,74.125.24.0-255,5738,205436,54,210290
29906,0.01845,172.31.46.0-255,66,205502,54,210290
29907,0.020745,74.125.24.0-255,4551,210053,54,210290
29908,0.020755,172.31.46.0-255,66,210119,54,210290
29909,0.021244,172.31.46.0-255,105,210224,54,210290
29910,0.023498,74.125.24.0-255,66,210290,54,210290
29911,0.0,74.125.24.0-255,156,156,54,222366
29912,2.3e-05,172.31.46.0-255,66,222,54,222366
29913,3e-05,74.125.24.0-255,1484,1706,54,222366
29914,3.5e-05,172.31.46.0-255,66,1772,54,222366
29915,4.1e-05,74.125.24.0-255,2902,4674,54,222366
29916,4.3e-05,172.31.46.0-255,66,4740,54,222366
29917,5.1e-05,74.125.24.0-255,7156,11896,54,222366
29918,5.5e-05,172.31.46.0-255,66,11962,54,222366
29919,9.8e-05,172.31.46.0-255,66,12028,54,222366
29920,0.000102,74.125.24.0-255,2543,14571,54,222366
29921,0.000105,172.31.46.0-255,66,14637,54,222366
29922,0.000541,74.125.24.0-255,1484,16121,54,222366
29923,0.000547,172.31.46.0-255,66,16187,54,222366
29924,0.000555,74.125.24.0-255,2902,19089,54,222366
29925,0.000557,172.31.46.0-255,66,19155,54,222366
29926,0.000563,74.125.24.0-255,5738,24893,54,222366
29927,0.000565,172.31.46.0-255,66,24959,54,222366
29928,0.000616,172.31.46.0-255,66,25025,54,222366
29929,0.000626,172.31.46.0-255,66,25091,54,222366
29930,0.000647,74.125.24.0-255,2184,27275,54,222366
29931,0.000651,172.31.46.0-255,66,27341,54,222366
29932,0.00069,74.125.24.0-255,441,27782,54,222366
29933,0.000693,172.31.46.0-255,66,27848,54,222366
29934,0.000836,74.125.24.0-255,1484,29332,54,222366
29935,0.000841,172.31.46.0-255,66,29398,54,222366
29936,0.000846,74.125.24.0-255,2902,32300,54,222366
29937,0.000849,172.31.46.0-255,66,32366,54,222366
29938,0.000865,74.125.24.0-255,5738,38104,54,222366
29939,0.000868,172.31.46.0-255,66,38170,54,222366
29940,0.000895,172.31.46.0-255,66,38236,54,222366
29941,0.000908,74.125.24.0-255,2902,41138,54,222366
29942,0.000921,172.31.46.0-255,66,41204,54,222366
29943,0.000924,172.31.46.0-255,66,41270,54,222366
29944,0.001428,74.125.24.0-255,1484,42754,54,222366
29945,0.001435,74.125.24.0-255,2902,45656,54,222366
29946,0.001439,172.31.46.0-255,66,45722,54,222366
29947,0.001462,74.125.24.0-255,5738,51460,54,222366
29948,0.001468,74.125.24.0-255,5738,57198,54,222366
29949,0.001473,74.125.24.0-255,7156,64354,54,222366
29950,0.001478,172.31.46.0-255,66,64420,54,222366
29951,0.001481,172.31.46.0-255,66,64486,54,222366
29952,0.001489,172.31.46.0-255,66,64552,54,222366
29953,0.001518,74.125.24.0-255,4320,68872,54,222366
29954,0.001522,172.31.46.0-255,66,68938,54,222366
29955,0.001535,74.125.24.0-255,6438,75376,54,222366
29956,0.001537,172.31.46.0-255,66,75442,54,222366
29957,0.003209,74.125.24.0-255,1484,76926,54,222366
29958,0.003222,74.125.24.0-255,2902,79828,54,222366
29959,0.003228,172.31.46.0-255,66,79894,54,222366
29960,0.003237,74.125.24.0-255,5738,85632,54,222366
29961,0.003239,172.31.46.0-255,66,85698,54,222366
29962,0.003244,74.125.24.0-255,2902,88600,54,222366
29963,0.003246,172.31.46.0-255,66,88666,54,222366
29964,0.003275,74.125.24.0-255,4320,92986,54,222366
29965,0.003277,172.31.46.0-255,66,93052,54,222366
29966,0.003295,74.125.24.0-255,2902,95954,54,222366
29967,0.003297,172.31.46.0-255,66,96020,54,222366
29968,0.003341,172.31.46.0-255,66,96086,54,222366
29969,0.003354,172.31.46.0-255,66,96152,54,222366
29970,0.003391,74.125.24.0-255,6438,102590,54,222366
29971,0.003393,172.31.46.0-255,66,102656,54,222366
29972,0.003406,172.31.46.0-255,66,102722,54,222366
29973,0.003414,74.125.24.0-255,6438,109160,54,222366
29974,0.003416,172.31.46.0-255,66,109226,54,222366
29975,0.003595,74.125.24.0-255,1484,110710,54,222366
29976,0.003601,74.125.24.0-255,2902,113612,54,222366
29977,0.003603,172.31.46.0-255,66,113678,54,222366
29978,0.003626,74.125.24.0-255,5738,119416,54,222366
29979,0.003629,172.31.46.0-255,66,119482,54,222366
29980,0.003681,74.125.24.0-255,4320,123802,54,222366
29981,0.003685,172.31.46.0-255,66,123868,54,222366
29982,0.00371,172.31.46.0-255,66,123934,54,222366
29983,0.003722,172.31.46.0-255,66,124000,54,222366
29984,0.004023,74.125.24.0-255,1484,125484,54,222366
29985,0.004035,74.125.24.0-255,1484,126968,54,222366
29986,0.004037,172.31.46.0-255,66,127034,54,222366
29987,0.004059,74.125.24.0-255,4320,131354,54,222366
29988,0.004062,172.31.46.0-255,66,131420,54,222366
29989,0.004077,74.125.24.0-255,2902,134322,54,222366
29990,0.00408,172.31.46.0-255,66,134388,54,222366
29991,0.004101,74.125.24.0-255,2902,137290,54,222366
29992,0.004104,172.31.46.0-255,66,137356,54,222366
29993,0.004109,74.125.24.0-255,4320,141676,54,222366
29994,0.004112,172.31.46.0-255,66,141742,54,222366
29995,0.004133,74.125.24.0-255,2902,144644,54,222366
29996,0.004135,172.31.46.0-255,66,144710,54,222366
29997,0.004141,74.125.24.0-255,5738,150448,54,222366
29998,0.004145,172.31.46.0-255,66,150514,54,222366
29999,0.00415,74.125.24.0-255,4320,154834,54,222366
30000,0.004152,172.31.46.0-255,66,154900,54,222366
30001,0.004169,74.125.24.0-255,2902,157802,54,222366
30002,0.004171,172.31.46.0-255,66,157868,54,222366
30003,0.004183,74.125.24.0-255,2902,160770,54,222366
30004,0.004186,172.31.46.0-255,66,160836,54,222366
30005,0.004222,172.31.46.0-255,66,160902,54,222366
30006,0.004226,74.125.24.0-255,1484,162386,54,222366
30007,0.00456,74.125.24.0-255,1484,163870,54,222366
30008,0.004567,74.125.24.0-255,2902,166772,54,222366
30009,0.004569,74.125.24.0-255,1484,168256,54,222366
30010,0.004591,74.125.24.0-255,4320,172576,54,222366
30011,0.004599,74.125.24.0-255,7156,179732,54,222366
30012,0.004617,74.125.24.0-255,1484,181216,54,222366
30013,0.004634,74.125.24.0-255,5738,186954,54,222366
30014,0.004662,74.125.24.0-255,7156,194110,54,222366
30015,0.004666,74.125.24.0-255,2184,196294,54,222366
30016,0.004723,172.31.46.0-255,66,196360,54,222366
30017,0.004744,74.125.24.0-255,1484,197844,54,222366
30018,0.004757,74.125.24.0-255,1484,199328,54,222366
30019,0.004767,74.125.24.0-255,1484,200812,54,222366
30020,0.00477,74.125.24.0-255,1484,202296,54,222366
30021,0.004788,74.125.24.0-255,4320,206616,54,222366
30022,0.004823,172.31.46.0-255,66,206682,54,222366
30023,0.004839,74.125.24.0-255,4320,211002,54,222366
30024,0.004843,74.125.24.0-255,1484,212486,54,222366
30025,0.004855,172.31.46.0-255,66,212552,54,222366
30026,0.004908,74.125.24.0-255,5738,218290,54,222366
30027,0.004935,74.125.24.0-255,3602,221892,54,222366
30028,0.004981,172.31.46.0-255,66,221958,54,222366
30029,0.005025,172.31.46.0-255,66,222024,54,222366
30030,0.005044,74.125.24.0-255,105,222129,54,222366
30031,0.007165,172.31.46.0-255,66,222195,54,222366
30032,0.007207,172.31.46.0-255,105,222300,54,222366
30033,0.009782,74.125.24.0-255,66,222366,54,222366
30034,0.0,74.125.24.0-255,146,146,54,254924
30035,2.4e-05,172.31.46.0-255,66,212,54,254924
30036,3.1e-05,74.125.24.0-255,1484,1696,54,254924
30037,3.5e-05,172.31.46.0-255,66,1762,54,254924
30038,4.8e-05,74.125.24.0-255,2902,4664,54,254924
30039,5.2e-05,172.31.46.0-255,66,4730,54,254924
30040,6.1e-05,74.125.24.0-255,7156,11886,54,254924
30041,6.4e-05,172.31.46.0-255,66,11952,54,254924
30042,6.8e-05,74.125.24.0-255,1938,13890,54,254924
30043,7e-05,172.31.46.0-255,66,13956,54,254924
30044,0.000119,74.125.24.0-255,1484,15440,54,254924
30045,0.000123,172.31.46.0-255,66,15506,54,254924
30046,0.000127,74.125.24.0-255,1484,16990,54,254924
30047,0.000129,172.31.46.0-255,66,17056,54,254924
30048,0.000151,74.125.24.0-255,1484,18540,54,254924
30049,0.000153,172.31.46.0-255,66,18606,54,254924
30050,0.00016,74.125.24.0-255,5738,24344,54,254924
30051,0.000166,172.31.46.0-255,66,24410,54,254924
30052,0.0002,74.125.24.0-255,6797,31207,54,254924
30053,0.000203,172.31.46.0-255,66,31273,54,254924
30054,0.000351,74.125.24.0-255,1484,32757,54,254924
30055,0.000357,172.31.46.0-255,66,32823,54,254924
30056,0.000362,74.125.24.0-255,2902,35725,54,254924
30057,0.000365,172.31.46.0-255,66,35791,54,254924
30058,0.000395,74.125.24.0-255,5738,41529,54,254924
30059,0.000399,172.31.46.0-255,66,41595,54,254924
30060,0.000405,74.125.24.0-255,6797,48392,54,254924
30061,0.000407,172.31.46.0-255,66,48458,54,254924
30062,0.000451,172.31.46.0-255,66,48524,54,254924
30063,0.00048,74.125.24.0-255,2543,51067,54,254924
30064,0.000482,172.31.46.0-255,66,51133,54,254924
30065,0.00071,74.125.24.0-255,416,51549,54,254924
30066,0.000716,172.31.46.0-255,66,51615,54,254924
30067,0.000766,74.125.24.0-255,329,51944,54,254924
30068,0.00077,172.31.46.0-255,66,52010,54,254924
30069,0.001012,74.125.24.0-255,1484,53494,54,254924
30070,0.001017,172.31.46.0-255,66,53560,54,254924
30071,0.001024,74.125.24.0-255,2902,56462,54,254924
30072,0.001026,172.31.46.0-255,66,56528,54,254924
30073,0.001037,74.125.24.0-255,5738,62266,54,254924
30074,0.00104,172.31.46.0-255,66,62332,54,254924
30075,0.001076,172.31.46.0-255,66,62398,54,254924
30076,0.00111,74.125.24.0-255,4320,66718,54,254924
30077,0.001113,172.31.46.0-255,66,66784,54,254924
30078,0.00112,74.125.24.0-255,7156,73940,54,254924
30079,0.001123,172.31.46.0-255,66,74006,54,254924
30080,0.001128,74.125.24.0-255,3602,77608,54,254924
30081,0.00117,172.31.46.0-255,66,77674,54,254924
30082,0.001264,74.125.24.0-255,1484,79158,54,254924
30083,0.00127,74.125.24.0-255,2902,82060,54,254924
30084,0.001274,74.125.24.0-255,1484,83544,54,254924
30085,0.001296,74.125.24.0-255,4320,87864,54,254924
30086,0.001303,74.125.24.0-255,4320,92184,54,254924
30087,0.001316,172.31.46.0-255,66,92250,54,254924
30088,0.001355,74.125.24.0-255,7156,99406,54,254924
30089,0.001369,74.125.24.0-255,3602,103008,54,254924
30090,0.001399,172.31.46.0-255,66,103074,54,254924
30091,0.001508,74.125.24.0-255,1484,104558,54,254924
30092,0.001513,74.125.24.0-255,2902,107460,54,254924
30093,0.001518,172.31.46.0-255,66,107526,54,254924
30094,0.001547,74.125.24.0-255,5738,113264,54,254924
30095,0.001572,74.125.24.0-255,2902,116166,54,254924
30096,0.001585,172.31.46.0-255,66,116232,54,254924
30097,0.001599,74.125.24.0-255,2184,118416,54,254924
30098,0.001614,172.31.46.0-255,66,118482,54,254924
30099,0.001624,74.125.24.0-255,1484,119966,54,254924
30100,0.001632,74.125.24.0-255,2902,122868,54,254924
30101,0.001652,172.31.46.0-255,66,122934,54,254924
30102,0.001658,74.125.24.0-255,5738,128672,54,254924
30103,0.001663,172.31.46.0-255,66,128738,54,254924
30104,0.001707,172.31.46.0-255,66,128804,54,254924
30105,0.001744,172.31.46.0-255,66,128870,54,254924
30106,0.001773,74.125.24.0-255,4320,133190,54,254924
30107,0.001781,172.31.46.0-255,66,133256,54,254924
30108,0.001796,74.125.24.0-255,7156,140412,54,254924
30109,0.001804,74.125.24.0-255,7156,147568,54,254924
30110,0.001808,172.31.46.0-255,66,147634,54,254924
30111,0.001849,74.125.24.0-255,3602,151236,54,254924
30112,0.001861,172.31.46.0-255,66,151302,54,254924
30113,0.001974,74.125.24.0-255,1484,152786,54,254924
30114,0.001978,74.125.24.0-255,2902,155688,54,254924
30115,0.001999,74.125.24.0-255,5738,161426,54,254924
30116,0.002014,74.125.24.0-255,4320,165746,54,254924
30117,0.002034,74.125.24.0-255,5738,171484,54,254924
30118,0.002047,172.31.46.0-255,66,171550,54,254924
30119,0.002051,74.125.24.0-255,2902,174452,54,254924
30120,0.002057,74.125.24.0-255,7156,181608,54,254924
30121,0.002065,74.125.24.0-255,3602,185210,54,254924
30122,0.002102,172.31.46.0-255,66,185276,54,254924
30123,0.00416,74.125.24.0-255,5738,191014,54,254924
30124,0.004167,172.31.46.0-255,66,191080,54,254924
30125,0.006215,74.125.24.0-255,5738,196818,54,254924
30126,0.006224,172.31.46.0-255,66,196884,54,254924
30127,0.008272,74.125.24.0-255,5738,202622,54,254924
30128,0.008287,172.31.46.0-255,66,202688,54,254924
30129,0.010307,74.125.24.0-255,5738,208426,54,254924
30130,0.010316,172.31.46.0-255,66,208492,54,254924
30131,0.012364,74.125.24.0-255,5738,214230,54,254924
30132,0.012377,172.31.46.0-255,66,214296,54,254924
30133,0.014397,74.125.24.0-255,5738,220034,54,254924
30134,0.014404,172.31.46.0-255,66,220100,54,254924
30135,0.016453,74.125.24.0-255,5738,225838,54,254924
30136,0.01646,172.31.46.0-255,66,225904,54,254924
30137,0.018478,74.125.24.0-255,5738,231642,54,254924
30138,0.018492,172.31.46.0-255,66,231708,54,254924
30139,0.020525,74.125.24.0-255,5738,237446,54,254924
30140,0.020545,172.31.46.0-255,66,237512,54,254924
30141,0.022609,74.125.24.0-255,5738,243250,54,254924
30142,0.02434,172.31.46.0-255,66,243316,54,254924
30143,0.026383,74.125.24.0-255,5738,249054,54,254924
30144,0.026402,172.31.46.0-255,66,249120,54,254924
30145,0.028425,74.125.24.0-255,5738,254858,54,254924
30146,0.028443,172.31.46.0-255,66,254924,54,254924
30147,0.0,74.125.68.0-255,146,146,54,235668
30148,2e-05,172.31.46.0-255,66,212,54,235668
30149,2.6e-05,74.125.68.0-255,1484,1696,54,235668
30150,3e-05,172.31.46.0-255,66,1762,54,235668
30151,5.4e-05,74.125.68.0-255,2902,4664,54,235668
30152,5.7e-05,172.31.46.0-255,66,4730,54,235668
30153,7.7e-05,74.125.68.0-255,2902,7632,54,235668
30154,8e-05,172.31.46.0-255,66,7698,54,235668
30155,8.4e-05,74.125.68.0-255,1484,9182,54,235668
30156,8.6e-05,172.31.46.0-255,66,9248,54,235668
30157,0.000102,74.125.68.0-255,2902,12150,54,235668
30158,0.000104,172.31.46.0-255,66,12216,54,235668
30159,0.000118,74.125.68.0-255,2101,14317,54,235668
30160,0.00012,172.31.46.0-255,66,14383,54,235668
30161,0.000123,74.125.68.0-255,1484,15867,54,235668
30162,0.000125,172.31.46.0-255,66,15933,54,235668
30163,0.000142,74.125.68.0-255,1484,17417,54,235668
30164,0.000144,172.31.46.0-255,66,17483,54,235668
30165,0.000166,74.125.68.0-255,1484,18967,54,235668
30166,0.00017,172.31.46.0-255,66,19033,54,235668
30167,0.000178,74.125.68.0-255,1484,20517,54,235668
30168,0.00018,172.31.46.0-255,66,20583,54,235668
30169,0.000196,74.125.68.0-255,2902,23485,54,235668
30170,0.000199,172.31.46.0-255,66,23551,54,235668
30171,0.000201,74.125.68.0-255,1484,25035,54,235668
30172,0.000203,172.31.46.0-255,66,25101,54,235668
30173,0.000229,74.125.68.0-255,5738,30839,54,235668
30174,0.000231,172.31.46.0-255,66,30905,54,235668
30175,0.000233,74.125.68.0-255,1125,32030,54,235668
30176,0.000235,172.31.46.0-255,66,32096,54,235668
30177,0.00037,74.125.68.0-255,1484,33580,54,235668
30178,0.000375,172.31.46.0-255,66,33646,54,235668
30179,0.000378,74.125.68.0-255,1484,35130,54,235668
30180,0.000393,74.125.68.0-255,1484,36614,54,235668
30181,0.000395,172.31.46.0-255,66,36680,54,235668
30182,0.000414,74.125.68.0-255,5738,42418,54,235668
30183,0.000417,172.31.46.0-255,66,42484,54,235668
30184,0.000439,74.125.68.0-255,1484,43968,54,235668
30185,0.000456,74.125.68.0-255,5379,49347,54,235668
30186,0.000459,172.31.46.0-255,66,49413,54,235668
30187,0.00047,74.125.68.0-255,1484,50897,54,235668
30188,0.00049,74.125.68.0-255,2902,53799,54,235668
30189,0.000494,172.31.46.0-255,66,53865,54,235668
30190,0.000516,74.125.68.0-255,4320,58185,54,235668
30191,0.000519,172.31.46.0-255,66,58251,54,235668
30192,0.000548,74.125.68.0-255,5738,63989,54,235668
30193,0.000551,172.31.46.0-255,66,64055,54,235668
30194,0.000571,74.125.68.0-255,2849,66904,54,235668
30195,0.000573,172.31.46.0-255,66,66970,54,235668
30196,0.000631,74.125.68.0-255,116,67086,54,235668
30197,0.000782,74.125.68.0-255,1484,68570,54,235668
30198,0.000786,172.31.46.0-255,66,68636,54,235668
30199,0.000803,74.125.68.0-255,1484,70120,54,235668
30200,0.000813,74.125.68.0-255,1484,71604,54,235668
30201,0.000816,172.31.46.0-255,66,71670,54,235668
30202,0.000834,74.125.68.0-255,2902,74572,54,235668
30203,0.000836,172.31.46.0-255,66,74638,54,235668
30204,0.000852,74.125.68.0-255,1484,76122,54,235668
30205,0.000871,74.125.68.0-255,4320,80442,54,235668
30206,0.000873,172.31.46.0-255,66,80508,54,235668
30207,0.000887,74.125.68.0-255,3961,84469,54,235668
30208,0.000889,172.31.46.0-255,66,84535,54,235668
30209,0.000918,74.125.68.0-255,4320,88855,54,235668
30210,0.00092,172.31.46.0-255,66,88921,54,235668
30211,0.000941,74.125.68.0-255,4320,93241,54,235668
30212,0.000943,172.31.46.0-255,66,93307,54,235668
30213,0.000974,74.125.68.0-255,2902,96209,54,235668
30214,0.000977,172.31.46.0-255,66,96275,54,235668
30215,0.000998,74.125.68.0-255,5621,101896,54,235668
30216,0.001,172.31.46.0-255,66,101962,54,235668
30217,0.001289,74.125.68.0-255,1484,103446,54,235668
30218,0.001304,74.125.68.0-255,1484,104930,54,235668
30219,0.001307,172.31.46.0-255,66,104996,54,235668
30220,0.001325,74.125.68.0-255,1484,106480,54,235668
30221,0.001327,74.125.68.0-255,1484,107964,54,235668
30222,0.001329,172.31.46.0-255,66,108030,54,235668
30223,0.001333,74.125.68.0-255,2902,110932,54,235668
30224,0.001335,172.31.46.0-255,66,110998,54,235668
30225,0.001359,74.125.68.0-255,4320,115318,54,235668
30226,0.001361,172.31.46.0-255,66,115384,54,235668
30227,0.001377,74.125.68.0-255,1484,116868,54,235668
30228,0.00138,74.125.68.0-255,1484,118352,54,235668
30229,0.001381,172.31.46.0-255,66,118418,54,235668
30230,0.001406,74.125.68.0-255,4320,122738,54,235668
30231,0.001409,172.31.46.0-255,66,122804,54,235668
30232,0.001425,74.125.68.0-255,4320,127124,54,235668
30233,0.001427,172.31.46.0-255,66,127190,54,235668
30234,0.00143,74.125.68.0-255,2902,130092,54,235668
30235,0.001432,172.31.46.0-255,66,130158,54,235668
30236,0.001481,74.125.68.0-255,6438,136596,54,235668
30237,0.001484,172.31.46.0-255,66,136662,54,235668
30238,0.00153,74.125.68.0-255,1484,138146,54,235668
30239,0.001548,74.125.68.0-255,2902,141048,54,235668
30240,0.001551,172.31.46.0-255,66,141114,54,235668
30241,0.001569,74.125.68.0-255,2902,144016,54,235668
30242,0.001571,172.31.46.0-255,66,144082,54,235668
30243,0.001592,74.125.68.0-255,1484,145566,54,235668
30244,0.001595,74.125.68.0-255,1484,147050,54,235668
30245,0.001597,172.31.46.0-255,66,147116,54,235668
30246,0.001621,74.125.68.0-255,4320,151436,54,235668
30247,0.001624,172.31.46.0-255,66,151502,54,235668
30248,0.001629,74.125.68.0-255,4320,155822,54,235668
30249,0.001631,172.31.46.0-255,66,155888,54,235668
30250,0.001643,74.125.68.0-255,2902,158790,54,235668
30251,0.001645,172.31.46.0-255,66,158856,54,235668
30252,0.00166,74.125.68.0-255,2902,161758,54,235668
30253,0.001661,172.31.46.0-255,66,161824,54,235668
30254,0.001677,74.125.68.0-255,1484,163308,54,235668
30255,0.001693,74.125.68.0-255,5738,169046,54,235668
30256,0.001695,172.31.46.0-255,66,169112,54,235668
30257,0.00173,74.125.68.0-255,2184,171296,54,235668
30258,0.001732,172.31.46.0-255,66,171362,54,235668
30259,0.004052,74.125.68.0-255,2902,174264,54,235668
30260,0.00406,172.31.46.0-255,66,174330,54,235668
30261,0.004082,74.125.68.0-255,2902,177232,54,235668
30262,0.004084,172.31.46.0-255,66,177298,54,235668
30263,0.00643,74.125.68.0-255,2902,180200,54,235668
30264,0.006434,172.31.46.0-255,66,180266,54,235668
30265,0.006446,74.125.68.0-255,2902,183168,54,235668
30266,0.006449,172.31.46.0-255,66,183234,54,235668
30267,0.008812,74.125.68.0-255,5738,188972,54,235668
30268,0.008819,172.31.46.0-255,66,189038,54,235668
30269,0.011214,74.125.68.0-255,5738,194776,54,235668
30270,0.011221,172.31.46.0-255,66,194842,54,235668
30271,0.013587,74.125.68.0-255,5738,200580,54,235668
30272,0.013599,172.31.46.0-255,66,200646,54,235668
30273,0.015953,74.125.68.0-255,5738,206384,54,235668
30274,0.015961,172.31.46.0-255,66,206450,54,235668
30275,0.018317,74.125.68.0-255,5738,212188,54,235668
30276,0.018322,172.31.46.0-255,66,212254,54,235668
30277,0.020677,74.125.68.0-255,2902,215156,54,235668
30278,0.020684,172.31.46.0-255,66,215222,54,235668
30279,0.020703,74.125.68.0-255,2902,218124,54,235668
30280,0.020705,172.31.46.0-255,66,218190,54,235668
30281,0.023051,74.125.68.0-255,5738,223928,54,235668
30282,0.023058,172.31.46.0-255,66,223994,54,235668
30283,0.025414,74.125.68.0-255,5738,229732,54,235668
30284,0.02542,172.31.46.0-255,66,229798,54,235668
30285,0.027776,74.125.68.0-255,1484,231282,54,235668
30286,0.027796,74.125.68.0-255,4320,235602,54,235668
30287,0.027801,172.31.46.0-255,66,235668,54,235668
30288,0.0,74.125.24.0-255,297,297,54,215605
30289,3.2e-05,172.31.46.0-255,66,363,54,215605
30290,3.7e-05,74.125.24.0-255,1484,1847,54,215605
30291,4.1e-05,172.31.46.0-255,66,1913,54,215605
30292,4.6e-05,74.125.24.0-255,4320,6233,54,215605
30293,4.9e-05,172.31.46.0-255,66,6299,54,215605
30294,5.9e-05,74.125.24.0-255,2902,9201,54,215605
30295,6.2e-05,172.31.46.0-255,66,9267,54,215605
30296,0.000104,172.31.46.0-255,66,9333,54,215605
30297,0.000109,74.125.24.0-255,4320,13653,54,215605
30298,0.00011,172.31.46.0-255,66,13719,54,215605
30299,0.000132,74.125.24.0-255,7156,20875,54,215605
30300,0.000134,172.31.46.0-255,66,20941,54,215605
30301,0.000168,172.31.46.0-255,66,21007,54,215605
30302,0.00018,172.31.46.0-255,66,21073,54,215605
30303,0.000199,74.125.24.0-255,1484,22557,54,215605
30304,0.000201,172.31.46.0-255,66,22623,54,215605
30305,0.000226,74.125.24.0-255,2902,25525,54,215605
30306,0.000228,172.31.46.0-255,66,25591,54,215605
30307,0.000232,74.125.24.0-255,2902,28493,54,215605
30308,0.000234,172.31.46.0-255,66,28559,54,215605
30309,0.000269,74.125.24.0-255,2902,31461,54,215605
30310,0.000273,172.31.46.0-255,66,31527,54,215605
30311,0.000279,74.125.24.0-255,7106,38633,54,215605
30312,0.000281,172.31.46.0-255,66,38699,54,215605
30313,0.000284,74.125.24.0-255,111,38810,54,215605
30314,0.000286,172.31.46.0-255,66,38876,54,215605
30315,0.000598,74.125.24.0-255,1484,40360,54,215605
30316,0.000604,172.31.46.0-255,66,40426,54,215605
30317,0.000622,74.125.24.0-255,2902,43328,54,215605
30318,0.000625,172.31.46.0-255,66,43394,54,215605
30319,0.000652,74.125.24.0-255,5738,49132,54,215605
30320,0.000655,172.31.46.0-255,66,49198,54,215605
30321,0.000664,172.31.46.0-255,66,49264,54,215605
30322,0.000702,172.31.46.0-255,66,49330,54,215605
30323,0.000708,74.125.24.0-255,5020,54350,54,215605
30324,0.000709,172.31.46.0-255,66,54416,54,215605
30325,0.000746,74.125.24.0-255,331,54747,54,215605
30326,0.00078,74.125.24.0-255,1484,56231,54,215605
30327,0.000783,172.31.46.0-255,66,56297,54,215605
30328,0.000795,74.125.24.0-255,1484,57781,54,215605
30329,0.00081,74.125.24.0-255,2902,60683,54,215605
30330,0.000812,172.31.46.0-255,66,60749,54,215605
30331,0.000819,74.125.24.0-255,7156,67905,54,215605
30332,0.00082,172.31.46.0-255,66,67971,54,215605
30333,0.000848,74.125.24.0-255,5738,73709,54,215605
30334,0.000851,172.31.46.0-255,66,73775,54,215605
30335,0.000887,172.31.46.0-255,66,73841,54,215605
30336,0.000892,74.125.24.0-255,5020,78861,54,215605
30337,0.000894,172.31.46.0-255,66,78927,54,215605
30338,0.000913,74.125.24.0-255,1484,80411,54,215605
30339,0.000918,74.125.24.0-255,2902,83313,54,215605
30340,0.000921,172.31.46.0-255,66,83379,54,215605
30341,0.000947,74.125.24.0-255,5738,89117,54,215605
30342,0.000949,172.31.46.0-255,66,89183,54,215605
30343,0.000962,172.31.46.0-255,66,89249,54,215605
30344,0.000967,74.125.24.0-255,5738,94987,54,215605
30345,0.000968,172.31.46.0-255,66,95053,54,215605
30346,0.001009,74.125.24.0-255,2902,97955,54,215605
30347,0.001012,172.31.46.0-255,66,98021,54,215605
30348,0.001032,74.125.24.0-255,2184,100205,54,215605
30349,0.001035,172.31.46.0-255,66,100271,54,215605
30350,0.001058,74.125.24.0-255,5738,106009,54,215605
30351,0.00106,172.31.46.0-255,66,106075,54,215605
30352,0.001067,74.125.24.0-255,7156,113231,54,215605
30353,0.001069,172.31.46.0-255,66,113297,54,215605
30354,0.001132,172.31.46.0-255,66,113363,54,215605
30355,0.001167,74.125.24.0-255,6438,119801,54,215605
30356,0.001171,172.31.46.0-255,66,119867,54,215605
30357,0.001464,74.125.24.0-255,1484,121351,54,215605
30358,0.001469,74.125.24.0-255,1484,122835,54,215605
30359,0.001472,172.31.46.0-255,66,122901,54,215605
30360,0.001498,74.125.24.0-255,1484,124385,54,215605
30361,0.001504,74.125.24.0-255,5738,130123,54,215605
30362,0.001507,172.31.46.0-255,66,130189,54,215605
30363,0.001545,172.31.46.0-255,66,130255,54,215605
30364,0.001556,172.31.46.0-255,66,130321,54,215605
30365,0.001565,74.125.24.0-255,766,131087,54,215605
30366,0.001603,74.125.24.0-255,1484,132571,54,215605
30367,0.001606,172.31.46.0-255,66,132637,54,215605
30368,0.001613,74.125.24.0-255,4320,136957,54,215605
30369,0.001615,172.31.46.0-255,66,137023,54,215605
30370,0.001653,172.31.46.0-255,66,137089,54,215605
30371,0.001671,172.31.46.0-255,66,137155,54,215605
30372,0.001713,172.31.46.0-255,66,137221,54,215605
30373,0.003734,74.125.24.0-255,5738,142959,54,215605
30374,0.003739,172.31.46.0-255,66,143025,54,215605
30375,0.005845,74.125.24.0-255,5738,148763,54,215605
30376,0.005852,172.31.46.0-255,66,148829,54,215605
30377,0.007909,74.125.24.0-255,5738,154567,54,215605
30378,0.007914,172.31.46.0-255,66,154633,54,215605
30379,0.009959,74.125.24.0-255,5738,160371,54,215605
30380,0.009965,172.31.46.0-255,66,160437,54,215605
30381,0.011974,74.125.24.0-255,5738,166175,54,215605
30382,0.011982,172.31.46.0-255,66,166241,54,215605
30383,0.014074,74.125.24.0-255,5738,171979,54,215605
30384,0.014086,172.31.46.0-255,66,172045,54,215605
30385,0.016188,74.125.24.0-255,5738,177783,54,215605
30386,0.016196,172.31.46.0-255,66,177849,54,215605
30387,0.018302,74.125.24.0-255,5738,183587,54,215605
30388,0.018311,172.31.46.0-255,66,183653,54,215605
30389,0.020382,74.125.24.0-255,5738,189391,54,215605
30390,0.020388,172.31.46.0-255,66,189457,54,215605
30391,0.02242,74.125.24.0-255,5738,195195,54,215605
30392,0.022425,172.31.46.0-255,66,195261,54,215605
30393,0.024552,74.125.24.0-255,5738,200999,54,215605
30394,0.024558,172.31.46.0-255,66,201065,54,215605
30395,0.026585,74.125.24.0-255,4320,205385,54,215605
30396,0.026591,172.31.46.0-255,66,205451,54,215605
30397,0.026616,74.125.24.0-255,1484,206935,54,215605
30398,0.026663,172.31.46.0-255,176,207111,54,215605
30399,0.026689,172.31.46.0-255,1119,208230,54,215605
30400,0.026823,172.31.46.0-255,1514,209744,54,215605
30401,0.026846,172.31.46.0-255,1277,211021,54,215605
30402,0.028252,104.244.42.0-255,66,211087,54,215605
30403,0.028287,104.244.42.0-255,66,211153,54,215605
30404,0.028402,104.244.42.0-255,66,211219,54,215605
30405,0.028642,74.125.24.0-255,4320,215539,54,215605
30406,0.028647,172.31.46.0-255,66,215605,54,215605
30407,0.0,74.125.200.0-255,155,155,54,299181
30408,2.5e-05,172.31.46.0-255,66,221,54,299181
30409,3.2e-05,74.125.200.0-255,1484,1705,54,299181
30410,3.7e-05,172.31.46.0-255,66,1771,54,299181
30411,6.1e-05,74.125.200.0-255,2902,4673,54,299181
30412,6.8e-05,172.31.46.0-255,66,4739,54,299181
30413,7.3e-05,74.125.200.0-255,2902,7641,54,299181
30414,7.6e-05,172.31.46.0-255,66,7707,54,299181
30415,8.2e-05,74.125.200.0-255,4320,12027,54,299181
30416,8.4e-05,172.31.46.0-255,66,12093,54,299181
30417,0.000112,74.125.200.0-255,2092,14185,54,299181
30418,0.00012,172.31.46.0-255,66,14251,54,299181
30419,0.000228,74.125.200.0-255,1484,15735,54,299181
30420,0.000231,172.31.46.0-255,66,15801,54,299181
30421,0.000234,74.125.200.0-255,1484,17285,54,299181
30422,0.000236,172.31.46.0-255,66,17351,54,299181
30423,0.000252,74.125.200.0-255,1484,18835,54,299181
30424,0.000255,172.31.46.0-255,66,18901,54,299181
30425,0.000261,74.125.200.0-255,5738,24639,54,299181
30426,0.000263,172.31.46.0-255,66,24705,54,299181
30427,0.000298,74.125.200.0-255,6797,31502,54,299181
30428,0.000301,172.31.46.0-255,66,31568,54,299181
30429,0.000322,74.125.200.0-255,2902,34470,54,299181
30430,0.000324,172.31.46.0-255,66,34536,54,299181
30431,0.000337,74.125.200.0-255,4320,38856,54,299181
30432,0.000343,172.31.46.0-255,66,38922,54,299181
30433,0.000372,74.125.200.0-255,5738,44660,54,299181
30434,0.000375,172.31.46.0-255,66,44726,54,299181
30435,0.000413,74.125.200.0-255,3961,48687,54,299181
30436,0.000415,172.31.46.0-255,66,48753,54,299181
30437,0.000462,74.125.200.0-255,2902,51655,54,299181
30438,0.000465,172.31.46.0-255,66,51721,54,299181
30439,0.000491,74.125.200.0-255,4320,56041,54,299181
30440,0.000493,172.31.46.0-255,66,56107,54,299181
30441,0.000505,74.125.200.0-255,2902,59009,54,299181
30442,0.000511,172.31.46.0-255,66,59075,54,299181
30443,0.000538,74.125.200.0-255,5738,64813,54,299181
30444,0.000541,172.31.46.0-255,66,64879,54,299181
30445,0.000543,74.125.200.0-255,1434,66313,54,299181
30446,0.000547,74.125.200.0-255,346,66659,54,299181
30447,0.000549,172.31.46.0-255,66,66725,54,299181
30448,0.00078,74.125.200.0-255,1484,68209,54,299181
30449,0.000802,74.125.200.0-255,2902,71111,54,299181
30450,0.000807,172.31.46.0-255,66,71177,54,299181
30451,0.000811,74.125.200.0-255,2902,74079,54,299181
30452,0.000814,172.31.46.0-255,66,74145,54,299181
30453,0.000845,74.125.200.0-255,2902,77047,54,299181
30454,0.000848,172.31.46.0-255,66,77113,54,299181
30455,0.000852,74.125.200.0-255,4320,81433,54,299181
30456,0.000854,172.31.46.0-255,66,81499,54,299181
30457,0.000864,74.125.200.0-255,5738,87237,54,299181
30458,0.000866,172.31.46.0-255,66,87303,54,299181
30459,0.000871,74.125.200.0-255,4320,91623,54,299181
30460,0.000873,172.31.46.0-255,66,91689,54,299181
30461,0.000898,74.125.200.0-255,5738,97427,54,299181
30462,0.0009,172.31.46.0-255,66,97493,54,299181
30463,0.000925,74.125.200.0-255,3602,101095,54,299181
30464,0.000928,172.31.46.0-255,66,101161,54,299181
30465,0.001148,74.125.200.0-255,1484,102645,54,299181
30466,0.001153,74.125.200.0-255,2902,105547,54,299181
30467,0.001156,172.31.46.0-255,66,105613,54,299181
30468,0.001188,74.125.200.0-255,4320,109933,54,299181
30469,0.001191,172.31.46.0-255,66,109999,54,299181
30470,0.001198,74.125.200.0-255,5738,115737,54,299181
30471,0.001199,172.31.46.0-255,66,115803,54,299181
30472,0.001233,172.31.46.0-255,66,115869,54,299181
30473,0.001238,74.125.200.0-255,4320,120189,54,299181
30474,0.00124,172.31.46.0-255,66,120255,54,299181
30475,0.001288,74.125.200.0-255,3602,123857,54,299181
30476,0.001291,172.31.46.0-255,66,123923,54,299181
30477,0.001362,74.125.200.0-255,1484,125407,54,299181
30478,0.001366,74.125.200.0-255,1484,126891,54,299181
30479,0.001369,172.31.46.0-255,66,126957,54,299181
30480,0.001392,74.125.200.0-255,2902,129859,54,299181
30481,0.001394,172.31.46.0-255,66,129925,54,299181
30482,0.001436,74.125.200.0-255,2902,132827,54,299181
30483,0.00144,172.31.46.0-255,66,132893,54,299181
30484,0.001465,74.125.200.0-255,4320,137213,54,299181
30485,0.001468,172.31.46.0-255,66,137279,54,299181
30486,0.001475,74.125.200.0-255,7156,144435,54,299181
30487,0.001477,172.31.46.0-255,66,144501,54,299181
30488,0.001495,74.125.200.0-255,1484,145985,54,299181
30489,0.001506,172.31.46.0-255,66,146051,54,299181
30490,0.001534,74.125.200.0-255,2184,148235,54,299181
30491,0.001536,172.31.46.0-255,66,148301,54,299181
30492,0.001568,74.125.200.0-255,2902,151203,54,299181
30493,0.001571,172.31.46.0-255,66,151269,54,299181
30494,0.001634,74.125.200.0-255,4320,155589,54,299181
30495,0.001637,172.31.46.0-255,66,155655,54,299181
30496,0.00164,74.125.200.0-255,1484,157139,54,299181
30497,0.001644,74.125.200.0-255,2902,160041,54,299181
30498,0.001646,172.31.46.0-255,66,160107,54,299181
30499,0.001656,74.125.200.0-255,2902,163009,54,299181
30500,0.001659,172.31.46.0-255,66,163075,54,299181
30501,0.001687,74.125.200.0-255,2902,165977,54,299181
30502,0.00169,172.31.46.0-255,66,166043,54,299181
30503,0.001701,172.31.46.0-255,66,166109,54,299181
30504,0.001731,74.125.200.0-255,2902,169011,54,299181
30505,0.001735,172.31.46.0-255,66,169077,54,299181
30506,0.001752,74.125.200.0-255,3602,172679,54,299181
30507,0.001755,172.31.46.0-255,66,172745,54,299181
30508,0.001778,74.125.200.0-255,1484,174229,54,299181
30509,0.001797,74.125.200.0-255,2902,177131,54,299181
30510,0.0018,172.31.46.0-255,66,177197,54,299181
30511,0.001806,74.125.200.0-255,5738,182935,54,299181
30512,0.001808,172.31.46.0-255,66,183001,54,299181
30513,0.001825,74.125.200.0-255,4320,187321,54,299181
30514,0.001827,172.31.46.0-255,66,187387,54,299181
30515,0.001862,74.125.200.0-255,5738,193125,54,299181
30516,0.001865,172.31.46.0-255,66,193191,54,299181
30517,0.001873,74.125.200.0-255,7156,200347,54,299181
30518,0.001875,172.31.46.0-255,66,200413,54,299181
30519,0.001899,74.125.200.0-255,4320,204733,54,299181
30520,0.001902,172.31.46.0-255,66,204799,54,299181
30521,0.001906,74.125.200.0-255,2184,206983,54,299181
30522,0.001908,172.31.46.0-255,66,207049,54,299181
30523,0.002201,74.125.200.0-255,1484,208533,54,299181
30524,0.002206,74.125.200.0-255,2902,211435,54,299181
30525,0.002216,172.31.46.0-255,66,211501,54,299181
30526,0.002249,74.125.200.0-255,2902,214403,54,299181
30527,0.002252,172.31.46.0-255,66,214469,54,299181
30528,0.002257,74.125.200.0-255,4320,218789,54,299181
30529,0.002259,172.31.46.0-255,66,218855,54,299181
30530,0.00227,74.125.200.0-255,4320,223175,54,299181
30531,0.002277,172.31.46.0-255,66,223241,54,299181
30532,0.00231,74.125.200.0-255,4320,227561,54,299181
30533,0.002312,172.31.46.0-255,66,227627,54,299181
30534,0.004501,74.125.200.0-255,1484,229111,54,299181
30535,0.00452,74.125.200.0-255,2902,232013,54,299181
30536,0.004525,172.31.46.0-255,66,232079,54,299181
30537,0.004549,74.125.200.0-255,1484,233563,54,299181
30538,0.006753,74.125.200.0-255,4320,237883,54,299181
30539,0.006756,172.31.46.0-255,66,237949,54,299181
30540,0.008984,74.125.200.0-255,5738,243687,54,299181
30541,0.008992,172.31.46.0-255,66,243753,54,299181
30542,0.011222,74.125.200.0-255,5738,249491,54,299181
30543,0.011229,172.31.46.0-255,66,249557,54,299181
30544,0.013473,74.125.200.0-255,5738,255295,54,299181
30545,0.013482,172.31.46.0-255,66,255361,54,299181
30546,0.015725,74.125.200.0-255,5738,261099,54,299181
30547,0.015733,172.31.46.0-255,66,261165,54,299181
30548,0.017969,74.125.200.0-255,5738,266903,54,299181
30549,0.017976,172.31.46.0-255,66,266969,54,299181
30550,0.020222,74.125.200.0-255,5738,272707,54,299181
30551,0.020229,172.31.46.0-255,66,272773,54,299181
30552,0.022467,74.125.200.0-255,5738,278511,54,299181
30553,0.022473,172.31.46.0-255,66,278577,54,299181
30554,0.024721,74.125.200.0-255,5738,284315,54,299181
30555,0.024728,172.31.46.0-255,66,284381,54,299181
30556,0.026869,172.31.46.0-255,172,284553,54,299181
30557,0.026897,172.31.46.0-255,1119,285672,54,299181
30558,0.026957,172.31.46.0-255,1514,287186,54,299181
30559,0.026965,74.125.200.0-255,5738,292924,54,299181
30560,0.026975,172.31.46.0-255,321,293245,54,299181
30561,0.026977,172.31.46.0-255,66,293311,54,299181
30562,0.028507,104.244.42.0-255,66,293377,54,299181
30563,0.029221,74.125.200.0-255,5738,299115,54,299181
30564,0.029228,172.31.46.0-255,66,299181,54,299181
30565,0.0,74.125.24.0-255,153,153,54,216656
30566,2.2e-05,172.31.46.0-255,66,219,54,216656
30567,2.9e-05,74.125.24.0-255,1484,1703,54,216656
30568,3.4e-05,172.31.46.0-255,66,1769,54,216656
30569,3.9e-05,74.125.24.0-255,2902,4671,54,216656
30570,4.2e-05,172.31.46.0-255,66,4737,54,216656
30571,4.9e-05,74.125.24.0-255,5738,10475,54,216656
30572,5.2e-05,172.31.46.0-255,66,10541,54,216656
30573,9.2e-05,172.31.46.0-255,66,10607,54,216656
30574,0.000105,172.31.46.0-255,66,10673,54,216656
30575,0.000135,74.125.24.0-255,4320,14993,54,216656
30576,0.000137,172.31.46.0-255,66,15059,54,216656
30577,0.000143,74.125.24.0-255,4320,19379,54,216656
30578,0.000146,172.31.46.0-255,66,19445,54,216656
30579,0.000159,74.125.24.0-255,1484,20929,54,216656
30580,0.000161,172.31.46.0-255,66,20995,54,216656
30581,0.000166,74.125.24.0-255,2902,23897,54,216656
30582,0.000168,172.31.46.0-255,66,23963,54,216656
30583,0.000204,172.31.46.0-255,66,24029,54,216656
30584,0.000211,74.125.24.0-255,5738,29767,54,216656
30585,0.000213,172.31.46.0-255,66,29833,54,216656
30586,0.000249,74.125.24.0-255,6734,36567,54,216656
30587,0.000252,172.31.46.0-255,66,36633,54,216656
30588,0.000293,74.125.24.0-255,131,36764,54,216656
30589,0.000296,172.31.46.0-255,66,36830,54,216656
30590,0.001808,74.125.24.0-255,348,37178,54,216656
30591,0.001817,172.31.46.0-255,66,37244,54,216656
30592,0.001836,74.125.24.0-255,1484,38728,54,216656
30593,0.00184,172.31.46.0-255,66,38794,54,216656
30594,0.00187,74.125.24.0-255,4320,43114,54,216656
30595,0.001872,172.31.46.0-255,66,43180,54,216656
30596,0.001879,74.125.24.0-255,5738,48918,54,216656
30597,0.001881,172.31.46.0-255,66,48984,54,216656
30598,0.00192,172.31.46.0-255,66,49050,54,216656
30599,0.001933,172.31.46.0-255,66,49116,54,216656
30600,0.002074,74.125.24.0-255,1484,50600,54,216656
30601,0.00209,74.125.24.0-255,2902,53502,54,216656
30602,0.002093,172.31.46.0-255,66,53568,54,216656
30603,0.002096,74.125.24.0-255,1484,55052,54,216656
30604,0.002114,74.125.24.0-255,4320,59372,54,216656
30605,0.002116,172.31.46.0-255,66,59438,54,216656
30606,0.002121,74.125.24.0-255,2902,62340,54,216656
30607,0.002122,172.31.46.0-255,66,62406,54,216656
30608,0.002159,172.31.46.0-255,66,62472,54,216656
30609,0.002193,74.125.24.0-255,1484,63956,54,216656
30610,0.002215,74.125.24.0-255,7156,71112,54,216656
30611,0.002217,172.31.46.0-255,66,71178,54,216656
30612,0.002222,74.125.24.0-255,2184,73362,54,216656
30613,0.002224,172.31.46.0-255,66,73428,54,216656
30614,0.003894,74.125.24.0-255,1484,74912,54,216656
30615,0.003903,74.125.24.0-255,1484,76396,54,216656
30616,0.003906,172.31.46.0-255,66,76462,54,216656
30617,0.003919,74.125.24.0-255,1484,77946,54,216656
30618,0.003934,74.125.24.0-255,4320,82266,54,216656
30619,0.003937,172.31.46.0-255,66,82332,54,216656
30620,0.003953,74.125.24.0-255,1484,83816,54,216656
30621,0.003957,74.125.24.0-255,2902,86718,54,216656
30622,0.003959,172.31.46.0-255,66,86784,54,216656
30623,0.003982,74.125.24.0-255,5738,92522,54,216656
30624,0.003985,172.31.46.0-255,66,92588,54,216656
30625,0.004024,172.31.46.0-255,66,92654,54,216656
30626,0.008116,74.125.24.0-255,1484,94138,54,216656
30627,0.008128,74.125.24.0-255,2902,97040,54,216656
30628,0.008134,172.31.46.0-255,66,97106,54,216656
30629,0.008142,74.125.24.0-255,5738,102844,54,216656
30630,0.008144,172.31.46.0-255,66,102910,54,216656
30631,0.008149,74.125.24.0-255,4320,107230,54,216656
30632,0.008151,172.31.46.0-255,66,107296,54,216656
30633,0.008178,74.125.24.0-255,2902,110198,54,216656
30634,0.00818,172.31.46.0-255,66,110264,54,216656
30635,0.008211,172.31.46.0-255,66,110330,54,216656
30636,0.008222,172.31.46.0-255,66,110396,54,216656
30637,0.008337,74.125.24.0-255,1484,111880,54,216656
30638,0.008343,74.125.24.0-255,2902,114782,54,216656
30639,0.008346,172.31.46.0-255,66,114848,54,216656
30640,0.008371,74.125.24.0-255,5738,120586,54,216656
30641,0.008375,172.31.46.0-255,66,120652,54,216656
30642,0.008379,74.125.24.0-255,2902,123554,54,216656
30643,0.008381,172.31.46.0-255,66,123620,54,216656
30644,0.008423,172.31.46.0-255,66,123686,54,216656
30645,0.00843,74.125.24.0-255,7156,130842,54,216656
30646,0.008432,172.31.46.0-255,66,130908,54,216656
30647,0.008446,74.125.24.0-255,3602,134510,54,216656
30648,0.008449,172.31.46.0-255,66,134576,54,216656
30649,0.008489,74.125.24.0-255,4320,138896,54,216656
30650,0.008492,172.31.46.0-255,66,138962,54,216656
30651,0.008498,74.125.24.0-255,4320,143282,54,216656
30652,0.0085,172.31.46.0-255,66,143348,54,216656
30653,0.008503,74.125.24.0-255,1484,144832,54,216656
30654,0.008542,172.31.46.0-255,66,144898,54,216656
30655,0.008545,74.125.24.0-255,1484,146382,54,216656
30656,0.008586,172.31.46.0-255,66,146448,54,216656
30657,0.008602,74.125.24.0-255,4320,150768,54,216656
30658,0.008604,172.31.46.0-255,66,150834,54,216656
30659,0.008625,74.125.24.0-255,4320,155154,54,216656
30660,0.008628,172.31.46.0-255,66,155220,54,216656
30661,0.00864,172.31.46.0-255,66,155286,54,216656
30662,0.008673,172.31.46.0-255,66,155352,54,216656
30663,0.008695,74.125.24.0-255,3602,158954,54,216656
30664,0.008697,172.31.46.0-255,66,159020,54,216656
30665,0.009241,74.125.24.0-255,1484,160504,54,216656
30666,0.009264,74.125.24.0-255,2902,163406,54,216656
30667,0.009268,172.31.46.0-255,66,163472,54,216656
30668,0.009275,74.125.24.0-255,5738,169210,54,216656
30669,0.009277,172.31.46.0-255,66,169276,54,216656
30670,0.009313,74.125.24.0-255,2902,172178,54,216656
30671,0.009316,172.31.46.0-255,66,172244,54,216656
30672,0.00935,172.31.46.0-255,66,172310,54,216656
30673,0.009362,172.31.46.0-255,66,172376,54,216656
30674,0.009539,74.125.24.0-255,1484,173860,54,216656
30675,0.009545,74.125.24.0-255,2902,176762,54,216656
30676,0.009548,172.31.46.0-255,66,176828,54,216656
30677,0.009574,74.125.24.0-255,5738,182566,54,216656
30678,0.009576,172.31.46.0-255,66,182632,54,216656
30679,0.009583,74.125.24.0-255,4320,186952,54,216656
30680,0.009585,172.31.46.0-255,66,187018,54,216656
30681,0.0096,74.125.24.0-255,2902,189920,54,216656
30682,0.009602,172.31.46.0-255,66,189986,54,216656
30683,0.009638,172.31.46.0-255,66,190052,54,216656
30684,0.009642,74.125.24.0-255,2184,192236,54,216656
30685,0.009644,172.31.46.0-255,66,192302,54,216656
30686,0.009671,74.125.24.0-255,1484,193786,54,216656
30687,0.009676,74.125.24.0-255,2902,196688,54,216656
30688,0.009678,172.31.46.0-255,66,196754,54,216656
30689,0.0097,74.125.24.0-255,5738,202492,54,216656
30690,0.009704,172.31.46.0-255,66,202558,54,216656
30691,0.00974,172.31.46.0-255,66,202624,54,216656
30692,0.00975,172.31.46.0-255,66,202690,54,216656
30693,0.009781,74.125.24.0-255,7156,209846,54,216656
30694,0.009784,172.31.46.0-255,66,209912,54,216656
30695,0.009808,74.125.24.0-255,6336,216248,54,216656
30696,0.009811,172.31.46.0-255,66,216314,54,216656
30697,0.009814,74.125.24.0-255,105,216419,54,216656
30698,0.011158,172.31.46.0-255,66,216485,54,216656
30699,0.011194,172.31.46.0-255,105,216590,54,216656
30700,0.013468,74.125.24.0-255,66,216656,54,216656
30701,0.0,74.125.24.0-255,153,153,54,132279
30702,4.3e-05,172.31.46.0-255,66,219,54,132279
30703,5.1e-05,74.125.24.0-255,1484,1703,54,132279
30704,5.6e-05,172.31.46.0-255,66,1769,54,132279
30705,6.3e-05,74.125.24.0-255,2902,4671,54,132279
30706,7.3e-05,172.31.46.0-255,66,4737,54,132279
30707,8.2e-05,74.125.24.0-255,5738,10475,54,132279
30708,8.4e-05,172.31.46.0-255,66,10541,54,132279
30709,9e-05,74.125.24.0-255,3430,13971,54,132279
30710,9.2e-05,172.31.46.0-255,66,14037,54,132279
30711,0.000196,74.125.24.0-255,1484,15521,54,132279
30712,0.0002,172.31.46.0-255,66,15587,54,132279
30713,0.000205,74.125.24.0-255,2902,18489,54,132279
30714,0.000207,172.31.46.0-255,66,18555,54,132279
30715,0.000212,74.125.24.0-255,2902,21457,54,132279
30716,0.000214,172.31.46.0-255,66,21523,54,132279
30717,0.000243,74.125.24.0-255,1484,23007,54,132279
30718,0.00025,172.31.46.0-255,66,23073,54,132279
30719,0.000257,74.125.24.0-255,5738,28811,54,132279
30720,0.000259,172.31.46.0-255,66,28877,54,132279
30721,0.000264,74.125.24.0-255,4320,33197,54,132279
30722,0.000266,172.31.46.0-255,66,33263,54,132279
30723,0.000304,172.31.46.0-255,66,33329,54,132279
30724,0.000315,172.31.46.0-255,66,33395,54,132279
30725,0.000321,74.125.24.0-255,5738,39133,54,132279
30726,0.000323,172.31.46.0-255,66,39199,54,132279
30727,0.000358,172.31.46.0-255,66,39265,54,132279
30728,0.000361,74.125.24.0-255,402,39667,54,132279
30729,0.000363,172.31.46.0-255,66,39733,54,132279
30730,0.000409,74.125.24.0-255,374,40107,54,132279
30731,0.001119,172.31.46.0-255,66,40173,54,132279
30732,0.001199,74.125.24.0-255,1484,41657,54,132279
30733,0.001218,74.125.24.0-255,2902,44559,54,132279
30734,0.001221,172.31.46.0-255,66,44625,54,132279
30735,0.001227,74.125.24.0-255,2902,47527,54,132279
30736,0.001229,172.31.46.0-255,66,47593,54,132279
30737,0.001259,74.125.24.0-255,2902,50495,54,132279
30738,0.001262,172.31.46.0-255,66,50561,54,132279
30739,0.001269,74.125.24.0-255,4320,54881,54,132279
30740,0.001271,172.31.46.0-255,66,54947,54,132279
30741,0.001288,172.31.46.0-255,66,55013,54,132279
30742,0.001298,172.31.46.0-255,66,55079,54,132279
30743,0.001893,74.125.24.0-255,1484,56563,54,132279
30744,0.001903,74.125.24.0-255,2902,59465,54,132279
30745,0.001909,172.31.46.0-255,66,59531,54,132279
30746,0.001917,74.125.24.0-255,5738,65269,54,132279
30747,0.001919,172.31.46.0-255,66,65335,54,132279
30748,0.001929,74.125.24.0-255,2902,68237,54,132279
30749,0.001931,172.31.46.0-255,66,68303,54,132279
30750,0.001975,172.31.46.0-255,66,68369,54,132279
30751,0.001993,172.31.46.0-255,66,68435,54,132279
30752,0.004264,74.125.24.0-255,5738,74173,54,132279
30753,0.004283,172.31.46.0-255,66,74239,54,132279
30754,0.006622,74.125.24.0-255,5738,79977,54,132279
30755,0.006638,172.31.46.0-255,66,80043,54,132279
30756,0.009034,74.125.24.0-255,5738,85781,54,132279
30757,0.009043,172.31.46.0-255,66,85847,54,132279
30758,0.011467,74.125.24.0-255,5738,91585,54,132279
30759,0.011483,172.31.46.0-255,66,91651,54,132279
30760,0.013951,74.125.24.0-255,5738,97389,54,132279
30761,0.013966,172.31.46.0-255,66,97455,54,132279
30762,0.01625,74.125.24.0-255,5738,103193,54,132279
30763,0.016268,172.31.46.0-255,66,103259,54,132279
30764,0.018544,74.125.24.0-255,5738,108997,54,132279
30765,0.018561,172.31.46.0-255,66,109063,54,132279
30766,0.020873,74.125.24.0-255,5738,114801,54,132279
30767,0.020883,172.31.46.0-255,66,114867,54,132279
30768,0.023167,74.125.24.0-255,5738,120605,54,132279
30769,0.02318,172.31.46.0-255,66,120671,54,132279
30770,0.025489,74.125.24.0-255,5738,126409,54,132279
30771,0.025506,172.31.46.0-255,66,126475,54,132279
30772,0.027805,74.125.24.0-255,5738,132213,54,132279
30773,0.027824,172.31.46.0-255,66,132279,54,132279
30774,0.0,172.217.194.0-255,152,152,54,225221
30775,1.7e-05,172.31.46.0-255,66,218,54,225221
30776,2.3e-05,172.217.194.0-255,1484,1702,54,225221
30777,2.8e-05,172.31.46.0-255,66,1768,54,225221
30778,3.4e-05,172.217.194.0-255,2902,4670,54,225221
30779,4.6e-05,172.31.46.0-255,66,4736,54,225221
30780,5.4e-05,172.217.194.0-255,7156,11892,54,225221
30781,5.8e-05,172.31.46.0-255,66,11958,54,225221
30782,6.2e-05,172.217.194.0-255,1941,13899,54,225221
30783,6.5e-05,172.31.46.0-255,66,13965,54,225221
30784,0.000116,172.31.46.0-255,66,14031,54,225221
30785,0.000123,172.217.194.0-255,5379,19410,54,225221
30786,0.000125,172.31.46.0-255,66,19476,54,225221
30787,0.000152,172.217.194.0-255,1484,20960,54,225221
30788,0.000154,172.31.46.0-255,66,21026,54,225221
30789,0.000159,172.217.194.0-255,2902,23928,54,225221
30790,0.000161,172.31.46.0-255,66,23994,54,225221
30791,0.000167,172.217.194.0-255,4320,28314,54,225221
30792,0.000175,172.31.46.0-255,66,28380,54,225221
30793,0.000206,172.217.194.0-255,1484,29864,54,225221
30794,0.000209,172.31.46.0-255,66,29930,54,225221
30795,0.000227,172.31.46.0-255,66,29996,54,225221
30796,0.000248,172.217.194.0-255,2543,32539,54,225221
30797,0.000251,172.31.46.0-255,66,32605,54,225221
30798,0.000262,172.31.46.0-255,66,32671,54,225221
30799,0.000433,172.217.194.0-255,98,32769,54,225221
30800,0.000438,172.31.46.0-255,66,32835,54,225221
30801,0.000523,172.217.194.0-255,1484,34319,54,225221
30802,0.000526,172.31.46.0-255,66,34385,54,225221
30803,0.000531,172.217.194.0-255,2902,37287,54,225221
30804,0.000533,172.31.46.0-255,66,37353,54,225221
30805,0.000561,172.217.194.0-255,5738,43091,54,225221
30806,0.000563,172.31.46.0-255,66,43157,54,225221
30807,0.000569,172.217.194.0-255,6797,49954,54,225221
30808,0.000571,172.31.46.0-255,66,50020,54,225221
30809,0.000621,172.217.194.0-255,5738,55758,54,225221
30810,0.000623,172.31.46.0-255,66,55824,54,225221
30811,0.000627,172.217.194.0-255,1484,57308,54,225221
30812,0.000651,172.217.194.0-255,5738,63046,54,225221
30813,0.000654,172.31.46.0-255,66,63112,54,225221
30814,0.000657,172.217.194.0-255,1484,64596,54,225221
30815,0.00068,172.217.194.0-255,2845,67441,54,225221
30816,0.000682,172.31.46.0-255,66,67507,54,225221
30817,0.0007,172.217.194.0-255,4320,71827,54,225221
30818,0.000702,172.31.46.0-255,66,71893,54,225221
30819,0.000715,172.217.194.0-255,4320,76213,54,225221
30820,0.00072,172.31.46.0-255,66,76279,54,225221
30821,0.000745,172.217.194.0-255,5738,82017,54,225221
30822,0.000748,172.31.46.0-255,66,82083,54,225221
30823,0.00075,172.217.194.0-255,1484,83567,54,225221
30824,0.000776,172.217.194.0-255,5738,89305,54,225221
30825,0.000779,172.31.46.0-255,66,89371,54,225221
30826,0.000815,172.31.46.0-255,66,89437,54,225221
30827,0.001195,172.217.194.0-255,1484,90921,54,225221
30828,0.001202,172.217.194.0-255,2902,93823,54,225221
30829,0.001205,172.31.46.0-255,66,93889,54,225221
30830,0.001212,172.217.194.0-255,4320,98209,54,225221
30831,0.001213,172.31.46.0-255,66,98275,54,225221
30832,0.001251,172.217.194.0-255,1484,99759,54,225221
30833,0.001263,172.31.46.0-255,66,99825,54,225221
30834,0.001302,172.31.46.0-255,66,99891,54,225221
30835,0.001312,172.31.46.0-255,66,99957,54,225221
30836,0.001338,172.217.194.0-255,4320,104277,54,225221
30837,0.001341,172.31.46.0-255,66,104343,54,225221
30838,0.00136,172.31.46.0-255,66,104409,54,225221
30839,0.001385,172.217.194.0-255,2184,106593,54,225221
30840,0.001387,172.31.46.0-255,66,106659,54,225221
30841,0.001822,172.217.194.0-255,1484,108143,54,225221
30842,0.001828,172.217.194.0-255,1484,109627,54,225221
30843,0.001832,172.31.46.0-255,66,109693,54,225221
30844,0.00186,172.217.194.0-255,1484,111177,54,225221
30845,0.001862,172.217.194.0-255,1484,112661,54,225221
30846,0.001865,172.31.46.0-255,66,112727,54,225221
30847,0.001869,172.217.194.0-255,2902,115629,54,225221
30848,0.001871,172.31.46.0-255,66,115695,54,225221
30849,0.001874,172.217.194.0-255,1484,117179,54,225221
30850,0.001899,172.217.194.0-255,4320,121499,54,225221
30851,0.001901,172.31.46.0-255,66,121565,54,225221
30852,0.001904,172.217.194.0-255,1484,123049,54,225221
30853,0.00194,172.31.46.0-255,66,123115,54,225221
30854,0.001969,172.217.194.0-255,6438,129553,54,225221
30855,0.001971,172.31.46.0-255,66,129619,54,225221
30856,0.002264,172.217.194.0-255,1484,131103,54,225221
30857,0.002286,172.217.194.0-255,2902,134005,54,225221
30858,0.002288,172.31.46.0-255,66,134071,54,225221
30859,0.002313,172.217.194.0-255,4320,138391,54,225221
30860,0.002315,172.31.46.0-255,66,138457,54,225221
30861,0.002342,172.217.194.0-255,4320,142777,54,225221
30862,0.002345,172.31.46.0-255,66,142843,54,225221
30863,0.002377,172.217.194.0-255,4320,147163,54,225221
30864,0.002379,172.31.46.0-255,66,147229,54,225221
30865,0.002465,172.217.194.0-255,1484,148713,54,225221
30866,0.002469,172.217.194.0-255,2902,151615,54,225221
30867,0.00248,172.217.194.0-255,1484,153099,54,225221
30868,0.002495,172.217.194.0-255,4320,157419,54,225221
30869,0.002497,172.217.194.0-255,1484,158903,54,225221
30870,0.002549,172.217.194.0-255,5738,164641,54,225221
30871,0.002585,172.217.194.0-255,2902,167543,54,225221
30872,0.002626,172.217.194.0-255,2184,169727,54,225221
30873,0.004404,172.31.46.0-255,66,169793,54,225221
30874,0.007038,172.217.194.0-255,5738,175531,54,225221
30875,0.007045,172.31.46.0-255,66,175597,54,225221
30876,0.009645,172.217.194.0-255,5738,181335,54,225221
30877,0.009653,172.31.46.0-255,66,181401,54,225221
30878,0.012244,172.217.194.0-255,5738,187139,54,225221
30879,0.012252,172.31.46.0-255,66,187205,54,225221
30880,0.014853,172.217.194.0-255,5738,192943,54,225221
30881,0.014867,172.31.46.0-255,66,193009,54,225221
30882,0.017461,172.217.194.0-255,5738,198747,54,225221
30883,0.01747,172.31.46.0-255,66,198813,54,225221
30884,0.02005,172.217.194.0-255,5738,204551,54,225221
30885,0.020058,172.31.46.0-255,66,204617,54,225221
30886,0.022673,172.217.194.0-255,5738,210355,54,225221
30887,0.022686,172.31.46.0-255,66,210421,54,225221
30888,0.025264,172.217.194.0-255,5738,216159,54,225221
30889,0.025273,172.31.46.0-255,66,216225,54,225221
30890,0.027022,172.31.46.0-255,172,216397,54,225221
30891,0.027055,172.31.46.0-255,1118,217515,54,225221
30892,0.027116,172.31.46.0-255,1514,219029,54,225221
30893,0.027118,172.31.46.0-255,322,219351,54,225221
30894,0.027854,172.217.194.0-255,5738,225089,54,225221
30895,0.027861,172.31.46.0-255,66,225155,54,225221
30896,0.028699,104.244.42.0-255,66,225221,54,225221
30897,0.0,74.125.200.0-255,152,152,54,213466
30898,2.8e-05,172.31.46.0-255,66,218,54,213466
30899,3.7e-05,74.125.200.0-255,1484,1702,54,213466
30900,4.2e-05,172.31.46.0-255,66,1768,54,213466
30901,4.6e-05,74.125.200.0-255,1484,3252,54,213466
30902,4.9e-05,172.31.46.0-255,66,3318,54,213466
30903,5.6e-05,74.125.200.0-255,4320,7638,54,213466
30904,6.1e-05,172.31.46.0-255,66,7704,54,213466
30905,6.7e-05,74.125.200.0-255,4320,12024,54,213466
30906,7.1e-05,172.31.46.0-255,66,12090,54,213466
30907,9.4e-05,74.125.200.0-255,2042,14132,54,213466
30908,9.6e-05,172.31.46.0-255,66,14198,54,213466
30909,0.000111,74.125.200.0-255,2902,17100,54,213466
30910,0.000114,172.31.46.0-255,66,17166,54,213466
30911,0.000138,74.125.200.0-255,1484,18650,54,213466
30912,0.00014,172.31.46.0-255,66,18716,54,213466
30913,0.000147,74.125.200.0-255,5738,24454,54,213466
30914,0.000149,172.31.46.0-255,66,24520,54,213466
30915,0.000153,74.125.200.0-255,1484,26004,54,213466
30916,0.000155,172.31.46.0-255,66,26070,54,213466
30917,0.000183,74.125.200.0-255,5379,31449,54,213466
30918,0.000186,172.31.46.0-255,66,31515,54,213466
30919,0.000328,74.125.200.0-255,1484,32999,54,213466
30920,0.000332,172.31.46.0-255,66,33065,54,213466
30921,0.000338,74.125.200.0-255,2902,35967,54,213466
30922,0.00034,172.31.46.0-255,66,36033,54,213466
30923,0.000354,74.125.200.0-255,4320,40353,54,213466
30924,0.000357,172.31.46.0-255,66,40419,54,213466
30925,0.000373,74.125.200.0-255,1484,41903,54,213466
30926,0.000375,172.31.46.0-255,66,41969,54,213466
30927,0.00038,74.125.200.0-255,2902,44871,54,213466
30928,0.000382,172.31.46.0-255,66,44937,54,213466
30929,0.000409,74.125.200.0-255,1484,46421,54,213466
30930,0.000445,172.31.46.0-255,66,46487,54,213466
30931,0.000448,74.125.200.0-255,1484,47971,54,213466
30932,0.00049,74.125.200.0-255,2902,50873,54,213466
30933,0.000493,172.31.46.0-255,66,50939,54,213466
30934,0.000515,74.125.200.0-255,5731,56670,54,213466
30935,0.000518,172.31.46.0-255,66,56736,54,213466
30936,0.00052,74.125.200.0-255,328,57064,54,213466
30937,0.000863,74.125.200.0-255,1484,58548,54,213466
30938,0.000868,172.31.46.0-255,66,58614,54,213466
30939,0.000874,74.125.200.0-255,2902,61516,54,213466
30940,0.000876,172.31.46.0-255,66,61582,54,213466
30941,0.000882,74.125.200.0-255,4320,65902,54,213466
30942,0.000884,172.31.46.0-255,66,65968,54,213466
30943,0.000919,74.125.200.0-255,1484,67452,54,213466
30944,0.00094,74.125.200.0-255,4320,71772,54,213466
30945,0.000943,172.31.46.0-255,66,71838,54,213466
30946,0.000956,172.31.46.0-255,66,71904,54,213466
30947,0.000962,74.125.200.0-255,4320,76224,54,213466
30948,0.000964,172.31.46.0-255,66,76290,54,213466
30949,0.000991,74.125.200.0-255,3602,79892,54,213466
30950,0.000994,172.31.46.0-255,66,79958,54,213466
30951,0.001294,74.125.200.0-255,1484,81442,54,213466
30952,0.001315,74.125.200.0-255,2902,84344,54,213466
30953,0.001319,172.31.46.0-255,66,84410,54,213466
30954,0.001325,74.125.200.0-255,4320,88730,54,213466
30955,0.001328,172.31.46.0-255,66,88796,54,213466
30956,0.00135,172.31.46.0-255,66,88862,54,213466
30957,0.001353,74.125.200.0-255,1484,90346,54,213466
30958,0.001394,74.125.200.0-255,4320,94666,54,213466
30959,0.001398,172.31.46.0-255,66,94732,54,213466
30960,0.001431,74.125.200.0-255,7156,101888,54,213466
30961,0.001436,74.125.200.0-255,3602,105490,54,213466
30962,0.001438,74.125.200.0-255,1484,106974,54,213466
30963,0.001442,172.31.46.0-255,66,107040,54,213466
30964,0.001449,172.31.46.0-255,66,107106,54,213466
30965,0.001454,74.125.200.0-255,1484,108590,54,213466
30966,0.001456,172.31.46.0-255,66,108656,54,213466
30967,0.001479,74.125.200.0-255,2902,111558,54,213466
30968,0.001482,172.31.46.0-255,66,111624,54,213466
30969,0.001497,74.125.200.0-255,1484,113108,54,213466
30970,0.001508,74.125.200.0-255,1484,114592,54,213466
30971,0.00151,172.31.46.0-255,66,114658,54,213466
30972,0.001528,74.125.200.0-255,2902,117560,54,213466
30973,0.00153,172.31.46.0-255,66,117626,54,213466
30974,0.001533,74.125.200.0-255,1484,119110,54,213466
30975,0.001551,74.125.200.0-255,4320,123430,54,213466
30976,0.001554,172.31.46.0-255,66,123496,54,213466
30977,0.001557,74.125.200.0-255,1484,124980,54,213466
30978,0.001575,74.125.200.0-255,1484,126464,54,213466
30979,0.001578,172.31.46.0-255,66,126530,54,213466
30980,0.001597,74.125.200.0-255,1484,128014,54,213466
30981,0.001611,74.125.200.0-255,2902,130916,54,213466
30982,0.001614,172.31.46.0-255,66,130982,54,213466
30983,0.00163,74.125.200.0-255,2902,133884,54,213466
30984,0.001633,172.31.46.0-255,66,133950,54,213466
30985,0.001636,74.125.200.0-255,1484,135434,54,213466
30986,0.00164,74.125.200.0-255,2902,138336,54,213466
30987,0.001643,172.31.46.0-255,66,138402,54,213466
30988,0.001667,74.125.200.0-255,2184,140586,54,213466
30989,0.00167,172.31.46.0-255,66,140652,54,213466
30990,0.002302,74.125.200.0-255,1484,142136,54,213466
30991,0.002307,74.125.200.0-255,2902,145038,54,213466
30992,0.002319,172.31.46.0-255,66,145104,54,213466
30993,0.002323,74.125.200.0-255,1484,146588,54,213466
30994,0.002346,74.125.200.0-255,2902,149490,54,213466
30995,0.002349,172.31.46.0-255,66,149556,54,213466
30996,0.002352,74.125.200.0-255,1484,151040,54,213466
30997,0.00466,74.125.200.0-255,4320,155360,54,213466
30998,0.004668,172.31.46.0-255,66,155426,54,213466
30999,0.006994,74.125.200.0-255,5738,161164,54,213466
31000,0.007,172.31.46.0-255,66,161230,54,213466
31001,0.009315,74.125.200.0-255,5738,166968,54,213466
31002,0.009322,172.31.46.0-255,66,167034,54,213466
31003,0.011635,74.125.200.0-255,5738,172772,54,213466
31004,0.011644,172.31.46.0-255,66,172838,54,213466
31005,0.013963,74.125.200.0-255,5738,178576,54,213466
31006,0.013971,172.31.46.0-255,66,178642,54,213466
31007,0.016283,74.125.200.0-255,5738,184380,54,213466
31008,0.016291,172.31.46.0-255,66,184446,54,213466
31009,0.018609,74.125.200.0-255,5738,190184,54,213466
31010,0.018616,172.31.46.0-255,66,190250,54,213466
31011,0.020946,74.125.200.0-255,5738,195988,54,213466
31012,0.020954,172.31.46.0-255,66,196054,54,213466
31013,0.023321,74.125.200.0-255,5738,201792,54,213466
31014,0.023336,172.31.46.0-255,66,201858,54,213466
31015,0.025642,74.125.200.0-255,5738,207596,54,213466
31016,0.025648,172.31.46.0-255,66,207662,54,213466
31017,0.027973,74.125.200.0-255,5738,213400,54,213466
31018,0.027983,172.31.46.0-255,66,213466,54,213466
31019,0.0,74.125.68.0-255,153,153,54,273245
31020,1.9e-05,172.31.46.0-255,66,219,54,273245
31021,2.6e-05,74.125.68.0-255,1484,1703,54,273245
31022,3e-05,172.31.46.0-255,66,1769,54,273245
31023,3.5e-05,74.125.68.0-255,2902,4671,54,273245
31024,3.8e-05,172.31.46.0-255,66,4737,54,273245
31025,6.8e-05,74.125.68.0-255,5738,10475,54,273245
31026,7e-05,172.31.46.0-255,66,10541,54,273245
31027,0.000106,74.125.68.0-255,3392,13933,54,273245
31028,0.000108,172.31.46.0-255,66,13999,54,273245
31029,0.000182,74.125.68.0-255,1484,15483,54,273245
31030,0.000186,172.31.46.0-255,66,15549,54,273245
31031,0.000202,74.125.68.0-255,2902,18451,54,273245
31032,0.000204,172.31.46.0-255,66,18517,54,273245
31033,0.000227,74.125.68.0-255,4320,22837,54,273245
31034,0.00023,172.31.46.0-255,66,22903,54,273245
31035,0.00025,74.125.68.0-255,4320,27223,54,273245
31036,0.000252,172.31.46.0-255,66,27289,54,273245
31037,0.000265,74.125.68.0-255,3961,31250,54,273245
31038,0.000267,172.31.46.0-255,66,31316,54,273245
31039,0.000273,74.125.68.0-255,5738,37054,54,273245
31040,0.000275,172.31.46.0-255,66,37120,54,273245
31041,0.000299,74.125.68.0-255,2902,40022,54,273245
31042,0.000301,172.31.46.0-255,66,40088,54,273245
31043,0.000308,74.125.68.0-255,7156,47244,54,273245
31044,0.00031,172.31.46.0-255,66,47310,54,273245
31045,0.000333,74.125.68.0-255,1125,48435,54,273245
31046,0.000335,172.31.46.0-255,66,48501,54,273245
31047,0.00036,74.125.68.0-255,1484,49985,54,273245
31048,0.000362,172.31.46.0-255,66,50051,54,273245
31049,0.000379,74.125.68.0-255,4320,54371,54,273245
31050,0.000381,172.31.46.0-255,66,54437,54,273245
31051,0.000403,74.125.68.0-255,4320,58757,54,273245
31052,0.000405,172.31.46.0-255,66,58823,54,273245
31053,0.000425,74.125.68.0-255,2902,61725,54,273245
31054,0.000452,74.125.68.0-255,4239,65964,54,273245
31055,0.000487,172.31.46.0-255,66,66030,54,273245
31056,0.00057,74.125.68.0-255,130,66160,54,273245
31057,0.000574,74.125.68.0-255,345,66505,54,273245
31058,0.000739,74.125.68.0-255,1484,67989,54,273245
31059,0.000744,172.31.46.0-255,66,68055,54,273245
31060,0.000749,74.125.68.0-255,2902,70957,54,273245
31061,0.00075,172.31.46.0-255,66,71023,54,273245
31062,0.000753,74.125.68.0-255,1484,72507,54,273245
31063,0.000764,74.125.68.0-255,1484,73991,54,273245
31064,0.000767,172.31.46.0-255,66,74057,54,273245
31065,0.000778,74.125.68.0-255,2902,76959,54,273245
31066,0.00078,172.31.46.0-255,66,77025,54,273245
31067,0.00079,74.125.68.0-255,1484,78509,54,273245
31068,0.000805,74.125.68.0-255,4320,82829,54,273245
31069,0.000811,172.31.46.0-255,66,82895,54,273245
31070,0.00082,74.125.68.0-255,4320,87215,54,273245
31071,0.000829,74.125.68.0-255,1484,88699,54,273245
31072,0.000831,172.31.46.0-255,66,88765,54,273245
31073,0.000854,74.125.68.0-255,1484,90249,54,273245
31074,0.000862,172.31.46.0-255,66,90315,54,273245
31075,0.00087,74.125.68.0-255,2184,92499,54,273245
31076,0.000875,172.31.46.0-255,66,92565,54,273245
31077,0.001201,74.125.68.0-255,1484,94049,54,273245
31078,0.001214,74.125.68.0-255,2902,96951,54,273245
31079,0.001217,172.31.46.0-255,66,97017,54,273245
31080,0.001232,74.125.68.0-255,2902,99919,54,273245
31081,0.001235,172.31.46.0-255,66,99985,54,273245
31082,0.001257,74.125.68.0-255,2902,102887,54,273245
31083,0.001259,172.31.46.0-255,66,102953,54,273245
31084,0.001272,74.125.68.0-255,2902,105855,54,273245
31085,0.001274,172.31.46.0-255,66,105921,54,273245
31086,0.001294,74.125.68.0-255,4320,110241,54,273245
31087,0.001296,172.31.46.0-255,66,110307,54,273245
31088,0.001321,74.125.68.0-255,2902,113209,54,273245
31089,0.001323,172.31.46.0-255,66,113275,54,273245
31090,0.001342,74.125.68.0-255,5738,119013,54,273245
31091,0.001345,172.31.46.0-255,66,119079,54,273245
31092,0.001348,74.125.68.0-255,2902,121981,54,273245
31093,0.00135,172.31.46.0-255,66,122047,54,273245
31094,0.001371,74.125.68.0-255,5020,127067,54,273245
31095,0.001373,172.31.46.0-255,66,127133,54,273245
31096,0.00143,74.125.68.0-255,1484,128617,54,273245
31097,0.001444,74.125.68.0-255,4320,132937,54,273245
31098,0.001448,172.31.46.0-255,66,133003,54,273245
31099,0.001457,74.125.68.0-255,1484,134487,54,273245
31100,0.00147,74.125.68.0-255,5738,140225,54,273245
31101,0.001484,74.125.68.0-255,2902,143127,54,273245
31102,0.001487,172.31.46.0-255,66,143193,54,273245
31103,0.00149,172.31.46.0-255,66,143259,54,273245
31104,0.001499,74.125.68.0-255,1484,144743,54,273245
31105,0.001517,74.125.68.0-255,5738,150481,54,273245
31106,0.001521,74.125.68.0-255,4320,154801,54,273245
31107,0.001526,172.31.46.0-255,66,154867,54,273245
31108,0.001548,74.125.68.0-255,6438,161305,54,273245
31109,0.001565,172.31.46.0-255,66,161371,54,273245
31110,0.00183,74.125.68.0-255,1484,162855,54,273245
31111,0.001837,74.125.68.0-255,1484,164339,54,273245
31112,0.001841,172.31.46.0-255,66,164405,54,273245
31113,0.001859,74.125.68.0-255,1484,165889,54,273245
31114,0.001863,74.125.68.0-255,1484,167373,54,273245
31115,0.001878,74.125.68.0-255,4320,171693,54,273245
31116,0.001882,74.125.68.0-255,2902,174595,54,273245
31117,0.001888,74.125.68.0-255,4320,178915,54,273245
31118,0.00193,74.125.68.0-255,5738,184653,54,273245
31119,0.001975,74.125.68.0-255,2184,186837,54,273245
31120,0.002031,74.125.68.0-255,2902,189739,54,273245
31121,0.002044,74.125.68.0-255,4320,194059,54,273245
31122,0.00209,74.125.68.0-255,2902,196961,54,273245
31123,0.00211,74.125.68.0-255,4320,201281,54,273245
31124,0.002132,74.125.68.0-255,2184,203465,54,273245
31125,0.002245,74.125.68.0-255,1484,204949,54,273245
31126,0.002252,74.125.68.0-255,2902,207851,54,273245
31127,0.002265,74.125.68.0-255,1484,209335,54,273245
31128,0.002279,74.125.68.0-255,4320,213655,54,273245
31129,0.002282,74.125.68.0-255,1484,215139,54,273245
31130,0.002314,74.125.68.0-255,2902,218041,54,273245
31131,0.002318,74.125.68.0-255,2902,220943,54,273245
31132,0.006775,172.31.46.0-255,66,221009,54,273245
31133,0.009097,74.125.68.0-255,5738,226747,54,273245
31134,0.009105,172.31.46.0-255,66,226813,54,273245
31135,0.011452,74.125.68.0-255,5738,232551,54,273245
31136,0.011461,172.31.46.0-255,66,232617,54,273245
31137,0.013802,74.125.68.0-255,5738,238355,54,273245
31138,0.013811,172.31.46.0-255,66,238421,54,273245
31139,0.016188,74.125.68.0-255,5738,244159,54,273245
31140,0.016197,172.31.46.0-255,66,244225,54,273245
31141,0.018544,74.125.68.0-255,5738,249963,54,273245
31142,0.018552,172.31.46.0-255,66,250029,54,273245
31143,0.020885,74.125.68.0-255,5738,255767,54,273245
31144,0.020893,172.31.46.0-255,66,255833,54,273245
31145,0.023198,74.125.68.0-255,5738,261571,54,273245
31146,0.023205,172.31.46.0-255,66,261637,54,273245
31147,0.025529,74.125.68.0-255,5738,267375,54,273245
31148,0.025538,172.31.46.0-255,66,267441,54,273245
31149,0.027897,74.125.68.0-255,5738,273179,54,273245
31150,0.027905,172.31.46.0-255,66,273245,54,273245
31151,0.0,74.125.24.0-255,150,150,54,225500
31152,2.3e-05,172.31.46.0-255,66,216,54,225500
31153,3.1e-05,74.125.24.0-255,1484,1700,54,225500
31154,3.5e-05,172.31.46.0-255,66,1766,54,225500
31155,3.9e-05,74.125.24.0-255,1484,3250,54,225500
31156,4.8e-05,172.31.46.0-255,66,3316,54,225500
31157,8.2e-05,74.125.24.0-255,1484,4800,54,225500
31158,8.6e-05,172.31.46.0-255,66,4866,54,225500
31159,9.3e-05,74.125.24.0-255,4320,9186,54,225500
31160,9.6e-05,172.31.46.0-255,66,9252,54,225500
31161,0.000127,74.125.24.0-255,6293,15545,54,225500
31162,0.00013,172.31.46.0-255,66,15611,54,225500
31163,0.000138,74.125.24.0-255,7156,22767,54,225500
31164,0.000141,172.31.46.0-255,66,22833,54,225500
31165,0.000149,74.125.24.0-255,2902,25735,54,225500
31166,0.000152,172.31.46.0-255,66,25801,54,225500
31167,0.000185,74.125.24.0-255,5379,31180,54,225500
31168,0.000188,172.31.46.0-255,66,31246,54,225500
31169,0.000307,74.125.24.0-255,1484,32730,54,225500
31170,0.000311,172.31.46.0-255,66,32796,54,225500
31171,0.000317,74.125.24.0-255,2902,35698,54,225500
31172,0.000319,172.31.46.0-255,66,35764,54,225500
31173,0.000323,74.125.24.0-255,1484,37248,54,225500
31174,0.00033,172.31.46.0-255,66,37314,54,225500
31175,0.000368,74.125.24.0-255,4320,41634,54,225500
31176,0.000371,172.31.46.0-255,66,41700,54,225500
31177,0.000378,74.125.24.0-255,5738,47438,54,225500
31178,0.00038,172.31.46.0-255,66,47504,54,225500
31179,0.000391,74.125.24.0-255,6797,54301,54,225500
31180,0.000394,172.31.46.0-255,66,54367,54,225500
31181,0.000443,172.31.46.0-255,66,54433,54,225500
31182,0.000446,74.125.24.0-255,133,54566,54,225500
31183,0.000851,74.125.24.0-255,344,54910,54,225500
31184,0.001047,74.125.24.0-255,1484,56394,54,225500
31185,0.001052,172.31.46.0-255,66,56460,54,225500
31186,0.001059,74.125.24.0-255,2902,59362,54,225500
31187,0.001062,172.31.46.0-255,66,59428,54,225500
31188,0.001073,74.125.24.0-255,5738,65166,54,225500
31189,0.001076,172.31.46.0-255,66,65232,54,225500
31190,0.001127,172.31.46.0-255,66,65298,54,225500
31191,0.001145,172.31.46.0-255,66,65364,54,225500
31192,0.001167,74.125.24.0-255,3602,68966,54,225500
31193,0.001169,172.31.46.0-255,66,69032,54,225500
31194,0.001176,74.125.24.0-255,4320,73352,54,225500
31195,0.001178,172.31.46.0-255,66,73418,54,225500
31196,0.001278,172.31.46.0-255,66,73484,54,225500
31197,0.001281,172.31.46.0-255,66,73550,54,225500
31198,0.001287,74.125.24.0-255,5020,78570,54,225500
31199,0.001298,74.125.24.0-255,5738,84308,54,225500
31200,0.001314,74.125.24.0-255,2902,87210,54,225500
31201,0.001334,74.125.24.0-255,4320,91530,54,225500
31202,0.001349,74.125.24.0-255,1484,93014,54,225500
31203,0.001364,74.125.24.0-255,2184,95198,54,225500
31204,0.001367,74.125.24.0-255,1484,96682,54,225500
31205,0.001373,172.31.46.0-255,66,96748,54,225500
31206,0.001403,74.125.24.0-255,2902,99650,54,225500
31207,0.001419,74.125.24.0-255,7156,106806,54,225500
31208,0.001425,172.31.46.0-255,66,106872,54,225500
31209,0.001449,172.31.46.0-255,66,106938,54,225500
31210,0.00146,74.125.24.0-255,3602,110540,54,225500
31211,0.001488,172.31.46.0-255,66,110606,54,225500
31212,0.001532,74.125.24.0-255,1484,112090,54,225500
31213,0.001544,74.125.24.0-255,1484,113574,54,225500
31214,0.001549,172.31.46.0-255,66,113640,54,225500
31215,0.001557,74.125.24.0-255,1484,115124,54,225500
31216,0.001578,74.125.24.0-255,5738,120862,54,225500
31217,0.001583,74.125.24.0-255,4320,125182,54,225500
31218,0.001609,172.31.46.0-255,66,125248,54,225500
31219,0.001628,74.125.24.0-255,1484,126732,54,225500
31220,0.001655,172.31.46.0-255,66,126798,54,225500
31221,0.001683,74.125.24.0-255,1484,128282,54,225500
31222,0.001687,74.125.24.0-255,2902,131184,54,225500
31223,0.001694,172.31.46.0-255,66,131250,54,225500
31224,0.001705,74.125.24.0-255,5738,136988,54,225500
31225,0.001721,74.125.24.0-255,5738,142726,54,225500
31226,0.001725,172.31.46.0-255,66,142792,54,225500
31227,0.001749,74.125.24.0-255,1484,144276,54,225500
31228,0.00176,74.125.24.0-255,4320,148596,54,225500
31229,0.00178,74.125.24.0-255,2184,150780,54,225500
31230,0.001793,172.31.46.0-255,66,150846,54,225500
31231,0.001817,74.125.24.0-255,1484,152330,54,225500
31232,0.001841,74.125.24.0-255,2902,155232,54,225500
31233,0.001848,74.125.24.0-255,5738,160970,54,225500
31234,0.001853,172.31.46.0-255,66,161036,54,225500
31235,0.0019,74.125.24.0-255,2902,163938,54,225500
31236,0.001903,172.31.46.0-255,66,164004,54,225500
31237,0.001908,172.31.46.0-255,66,164070,54,225500
31238,0.001953,172.31.46.0-255,66,164136,54,225500
31239,0.001983,74.125.24.0-255,7156,171292,54,225500
31240,0.002038,74.125.24.0-255,7156,178448,54,225500
31241,0.002052,74.125.24.0-255,1484,179932,54,225500
31242,0.002085,172.31.46.0-255,66,179998,54,225500
31243,0.002096,74.125.24.0-255,2184,182182,54,225500
31244,0.002128,172.31.46.0-255,66,182248,54,225500
31245,0.002287,74.125.24.0-255,1484,183732,54,225500
31246,0.002293,74.125.24.0-255,2902,186634,54,225500
31247,0.0023,172.31.46.0-255,66,186700,54,225500
31248,0.002328,74.125.24.0-255,5738,192438,54,225500
31249,0.002353,74.125.24.0-255,7156,199594,54,225500
31250,0.002371,74.125.24.0-255,2902,202496,54,225500
31251,0.002377,74.125.24.0-255,5738,208234,54,225500
31252,0.002399,74.125.24.0-255,1484,209718,54,225500
31253,0.002437,74.125.24.0-255,2902,212620,54,225500
31254,0.00251,74.125.24.0-255,1484,214104,54,225500
31255,0.002526,74.125.24.0-255,2902,217006,54,225500
31256,0.002549,74.125.24.0-255,5738,222744,54,225500
31257,0.00258,74.125.24.0-255,2348,225092,54,225500
31258,0.009223,172.31.46.0-255,66,225158,54,225500
31259,0.011799,74.125.24.0-255,105,225263,54,225500
31260,0.011964,172.31.46.0-255,66,225329,54,225500
31261,0.012003,172.31.46.0-255,105,225434,54,225500
31262,0.014523,74.125.24.0-255,66,225500,54,225500
31263,0.0,172.217.27.0-255,146,146,54,150730
31264,2.3e-05,172.31.46.0-255,66,212,54,150730
31265,3.1e-05,172.217.27.0-255,1484,1696,54,150730
31266,3.5e-05,172.31.46.0-255,66,1762,54,150730
31267,4.8e-05,172.217.27.0-255,2902,4664,54,150730
31268,5.2e-05,172.31.46.0-255,66,4730,54,150730
31269,8.8e-05,172.217.27.0-255,5738,10468,54,150730
31270,9.2e-05,172.31.46.0-255,66,10534,54,150730
31271,0.000188,172.217.27.0-255,4320,14854,54,150730
31272,0.000191,172.31.46.0-255,66,14920,54,150730
31273,0.00021,172.217.27.0-255,2042,16962,54,150730
31274,0.000214,172.31.46.0-255,66,17028,54,150730
31275,0.000315,172.217.27.0-255,7156,24184,54,150730
31276,0.000319,172.31.46.0-255,66,24250,54,150730
31277,0.000459,172.217.27.0-255,7156,31406,54,150730
31278,0.000465,172.31.46.0-255,66,31472,54,150730
31279,0.0005,172.217.27.0-255,6797,38269,54,150730
31280,0.000503,172.31.46.0-255,66,38335,54,150730
31281,0.000735,172.217.27.0-255,1484,39819,54,150730
31282,0.000739,172.31.46.0-255,66,39885,54,150730
31283,0.000789,172.31.46.0-255,66,39951,54,150730
31284,0.001205,172.217.27.0-255,3897,43848,54,150730
31285,0.001211,172.31.46.0-255,66,43914,54,150730
31286,0.001249,172.217.27.0-255,134,44048,54,150730
31287,0.001252,172.31.46.0-255,66,44114,54,150730
31288,0.001277,172.217.27.0-255,1484,45598,54,150730
31289,0.001279,172.31.46.0-255,66,45664,54,150730
31290,0.001307,172.217.27.0-255,4320,49984,54,150730
31291,0.00131,172.31.46.0-255,66,50050,54,150730
31292,0.001402,172.217.27.0-255,2902,52952,54,150730
31293,0.001406,172.31.46.0-255,66,53018,54,150730
31294,0.001441,172.31.46.0-255,66,53084,54,150730
31295,0.001673,172.31.46.0-255,66,53150,54,150730
31296,0.001707,172.31.46.0-255,66,53216,54,150730
31297,0.002213,172.31.46.0-255,66,53282,54,150730
31298,0.002252,172.31.46.0-255,66,53348,54,150730
31299,0.002638,172.217.27.0-255,5738,59086,54,150730
31300,0.00264,172.31.46.0-255,66,59152,54,150730
31301,0.002692,172.31.46.0-255,66,59218,54,150730
31302,0.004306,172.217.27.0-255,4320,63538,54,150730
31303,0.00431,172.31.46.0-255,66,63604,54,150730
31304,0.004335,172.217.27.0-255,1484,65088,54,150730
31305,0.005921,172.217.27.0-255,4320,69408,54,150730
31306,0.005925,172.31.46.0-255,66,69474,54,150730
31307,0.007552,172.217.27.0-255,5738,75212,54,150730
31308,0.007558,172.31.46.0-255,66,75278,54,150730
31309,0.009189,172.217.27.0-255,5738,81016,54,150730
31310,0.009195,172.31.46.0-255,66,81082,54,150730
31311,0.010821,172.217.27.0-255,5738,86820,54,150730
31312,0.010828,172.31.46.0-255,66,86886,54,150730
31313,0.012455,172.217.27.0-255,5738,92624,54,150730
31314,0.012462,172.31.46.0-255,66,92690,54,150730
31315,0.014091,172.217.27.0-255,5738,98428,54,150730
31316,0.014098,172.31.46.0-255,66,98494,54,150730
31317,0.015728,172.217.27.0-255,5738,104232,54,150730
31318,0.015737,172.31.46.0-255,66,104298,54,150730
31319,0.017388,172.217.27.0-255,5738,110036,54,150730
31320,0.017395,172.31.46.0-255,66,110102,54,150730
31321,0.019025,172.217.27.0-255,5738,115840,54,150730
31322,0.019033,172.31.46.0-255,66,115906,54,150730
31323,0.020652,172.217.27.0-255,5738,121644,54,150730
31324,0.020659,172.31.46.0-255,66,121710,54,150730
31325,0.022274,172.217.27.0-255,5738,127448,54,150730
31326,0.02228,172.31.46.0-255,66,127514,54,150730
31327,0.023912,172.217.27.0-255,5738,133252,54,150730
31328,0.023919,172.31.46.0-255,66,133318,54,150730
31329,0.02558,172.217.27.0-255,5738,139056,54,150730
31330,0.025587,172.31.46.0-255,66,139122,54,150730
31331,0.027209,172.217.27.0-255,5738,144860,54,150730
31332,0.027216,172.31.46.0-255,66,144926,54,150730
31333,0.028845,172.217.27.0-255,5738,150664,54,150730
31334,0.028851,172.31.46.0-255,66,150730,54,150730
31335,0.0,172.217.194.0-255,146,146,54,191127
31336,2e-05,172.31.46.0-255,66,212,54,191127
31337,2.7e-05,172.217.194.0-255,1484,1696,54,191127
31338,3.2e-05,172.31.46.0-255,66,1762,54,191127
31339,3.7e-05,172.217.194.0-255,2902,4664,54,191127
31340,4.8e-05,172.31.46.0-255,66,4730,54,191127
31341,5.7e-05,172.217.194.0-255,7156,11886,54,191127
31342,6e-05,172.31.46.0-255,66,11952,54,191127
31343,9.5e-05,172.217.194.0-255,2106,14058,54,191127
31344,9.8e-05,172.31.46.0-255,66,14124,54,191127
31345,0.000172,172.217.194.0-255,1484,15608,54,191127
31346,0.000183,172.31.46.0-255,66,15674,54,191127
31347,0.00019,172.217.194.0-255,2902,18576,54,191127
31348,0.000193,172.31.46.0-255,66,18642,54,191127
31349,0.000199,172.217.194.0-255,4320,22962,54,191127
31350,0.000201,172.31.46.0-255,66,23028,54,191127
31351,0.000243,172.217.194.0-255,1484,24512,54,191127
31352,0.000246,172.31.46.0-255,66,24578,54,191127
31353,0.000254,172.217.194.0-255,6797,31375,54,191127
31354,0.000257,172.31.46.0-255,66,31441,54,191127
31355,0.000264,172.217.194.0-255,7156,38597,54,191127
31356,0.000272,172.217.194.0-255,5738,44335,54,191127
31357,0.000278,172.31.46.0-255,66,44401,54,191127
31358,0.000279,172.31.46.0-255,66,44467,54,191127
31359,0.000305,172.217.194.0-255,1484,45951,54,191127
31360,0.00031,172.31.46.0-255,66,46017,54,191127
31361,0.000312,172.31.46.0-255,66,46083,54,191127
31362,0.000335,172.31.46.0-255,66,46149,54,191127
31363,0.000719,172.217.194.0-255,646,46795,54,191127
31364,0.000724,172.31.46.0-255,66,46861,54,191127
31365,0.001053,172.217.194.0-255,1484,48345,54,191127
31366,0.001061,172.217.194.0-255,2902,51247,54,191127
31367,0.001064,172.31.46.0-255,66,51313,54,191127
31368,0.001099,172.217.194.0-255,5738,57051,54,191127
31369,0.001102,172.31.46.0-255,66,57117,54,191127
31370,0.001105,172.217.194.0-255,1484,58601,54,191127
31371,0.001116,172.31.46.0-255,66,58667,54,191127
31372,0.001157,172.31.46.0-255,66,58733,54,191127
31373,0.001182,172.217.194.0-255,2184,60917,54,191127
31374,0.001185,172.31.46.0-255,66,60983,54,191127
31375,0.001238,172.217.194.0-255,1484,62467,54,191127
31376,0.001261,172.217.194.0-255,2902,65369,54,191127
31377,0.001264,172.31.46.0-255,66,65435,54,191127
31378,0.001271,172.217.194.0-255,5738,71173,54,191127
31379,0.001273,172.31.46.0-255,66,71239,54,191127
31380,0.001278,172.217.194.0-255,2902,74141,54,191127
31381,0.00128,172.31.46.0-255,66,74207,54,191127
31382,0.001321,172.31.46.0-255,66,74273,54,191127
31383,0.001334,172.31.46.0-255,66,74339,54,191127
31384,0.001356,172.217.194.0-255,1484,75823,54,191127
31385,0.001385,172.31.46.0-255,66,75889,54,191127
31386,0.00144,172.31.46.0-255,66,75955,54,191127
31387,0.001447,172.217.194.0-255,7156,83111,54,191127
31388,0.00145,172.31.46.0-255,66,83177,54,191127
31389,0.001456,172.217.194.0-255,5020,88197,54,191127
31390,0.001458,172.31.46.0-255,66,88263,54,191127
31391,0.001575,172.217.194.0-255,1484,89747,54,191127
31392,0.001581,172.217.194.0-255,2902,92649,54,191127
31393,0.001584,172.31.46.0-255,66,92715,54,191127
31394,0.001591,172.217.194.0-255,5738,98453,54,191127
31395,0.001593,172.31.46.0-255,66,98519,54,191127
31396,0.001619,172.217.194.0-255,7156,105675,54,191127
31397,0.001621,172.31.46.0-255,66,105741,54,191127
31398,0.001665,172.31.46.0-255,66,105807,54,191127
31399,0.001685,172.217.194.0-255,1484,107291,54,191127
31400,0.001689,172.217.194.0-255,2184,109475,54,191127
31401,0.001692,172.31.46.0-255,66,109541,54,191127
31402,0.001696,172.217.194.0-255,2902,112443,54,191127
31403,0.001698,172.31.46.0-255,66,112509,54,191127
31404,0.001705,172.217.194.0-255,7156,119665,54,191127
31405,0.001708,172.31.46.0-255,66,119731,54,191127
31406,0.001718,172.31.46.0-255,66,119797,54,191127
31407,0.001745,172.217.194.0-255,2902,122699,54,191127
31408,0.001748,172.31.46.0-255,66,122765,54,191127
31409,0.001753,172.217.194.0-255,4320,127085,54,191127
31410,0.001756,172.31.46.0-255,66,127151,54,191127
31411,0.001804,172.31.46.0-255,66,127217,54,191127
31412,0.004113,172.217.194.0-255,5738,132955,54,191127
31413,0.004125,172.31.46.0-255,66,133021,54,191127
31414,0.006461,172.217.194.0-255,1484,134505,54,191127
31415,0.006528,172.217.194.0-255,4320,138825,54,191127
31416,0.006532,172.31.46.0-255,66,138891,54,191127
31417,0.008895,172.217.194.0-255,5738,144629,54,191127
31418,0.008913,172.31.46.0-255,66,144695,54,191127
31419,0.011269,172.217.194.0-255,5738,150433,54,191127
31420,0.011284,172.31.46.0-255,66,150499,54,191127
31421,0.013618,172.217.194.0-255,5738,156237,54,191127
31422,0.013635,172.31.46.0-255,66,156303,54,191127
31423,0.015948,172.217.194.0-255,5738,162041,54,191127
31424,0.015959,172.31.46.0-255,66,162107,54,191127
31425,0.018308,172.217.194.0-255,5738,167845,54,191127
31426,0.018324,172.31.46.0-255,66,167911,54,191127
31427,0.020663,172.217.194.0-255,5738,173649,54,191127
31428,0.020682,172.31.46.0-255,66,173715,54,191127
31429,0.023197,172.217.194.0-255,5738,179453,54,191127
31430,0.02321,172.31.46.0-255,66,179519,54,191127
31431,0.025543,172.217.194.0-255,5738,185257,54,191127
31432,0.025556,172.31.46.0-255,66,185323,54,191127
31433,0.027905,172.217.194.0-255,5738,191061,54,191127
31434,0.027912,172.31.46.0-255,66,191127,54,191127
31435,0.0,172.217.194.0-255,148,148,54,151163
31436,2.2e-05,172.31.46.0-255,66,214,54,151163
31437,2.9e-05,172.217.194.0-255,1484,1698,54,151163
31438,3.4e-05,172.31.46.0-255,66,1764,54,151163
31439,4.1e-05,172.217.194.0-255,2902,4666,54,151163
31440,4.5e-05,172.31.46.0-255,66,4732,54,151163
31441,5.1e-05,172.217.194.0-255,5738,10470,54,151163
31442,5.4e-05,172.31.46.0-255,66,10536,54,151163
31443,6.2e-05,172.217.194.0-255,6315,16851,54,151163
31444,6.5e-05,172.31.46.0-255,66,16917,54,151163
31445,9.7e-05,172.31.46.0-255,66,16983,54,151163
31446,0.000147,172.217.194.0-255,4320,21303,54,151163
31447,0.00015,172.31.46.0-255,66,21369,54,151163
31448,0.000172,172.217.194.0-255,5738,27107,54,151163
31449,0.000175,172.31.46.0-255,66,27173,54,151163
31450,0.000188,172.31.46.0-255,66,27239,54,151163
31451,0.000195,172.217.194.0-255,5738,32977,54,151163
31452,0.000197,172.31.46.0-255,66,33043,54,151163
31453,0.000217,172.217.194.0-255,6748,39791,54,151163
31454,0.00022,172.31.46.0-255,66,39857,54,151163
31455,0.000223,172.217.194.0-255,98,39955,54,151163
31456,0.000225,172.31.46.0-255,66,40021,54,151163
31457,0.000245,172.217.194.0-255,1484,41505,54,151163
31458,0.000248,172.31.46.0-255,66,41571,54,151163
31459,0.000252,172.217.194.0-255,2902,44473,54,151163
31460,0.000255,172.31.46.0-255,66,44539,54,151163
31461,0.000259,172.217.194.0-255,2902,47441,54,151163
31462,0.000261,172.31.46.0-255,66,47507,54,151163
31463,0.000279,172.217.194.0-255,4320,51827,54,151163
31464,0.000283,172.31.46.0-255,66,51893,54,151163
31465,0.000296,172.31.46.0-255,66,51959,54,151163
31466,0.000318,172.217.194.0-255,4320,56279,54,151163
31467,0.000321,172.31.46.0-255,66,56345,54,151163
31468,0.000328,172.217.194.0-255,6438,62783,54,151163
31469,0.00033,172.31.46.0-255,66,62849,54,151163
31470,0.000333,172.217.194.0-255,368,63217,54,151163
31471,0.00047,172.217.194.0-255,1484,64701,54,151163
31472,0.000474,172.31.46.0-255,66,64767,54,151163
31473,0.00048,172.217.194.0-255,2902,67669,54,151163
31474,0.000482,172.31.46.0-255,66,67735,54,151163
31475,0.000488,172.217.194.0-255,5738,73473,54,151163
31476,0.000492,172.31.46.0-255,66,73539,54,151163
31477,0.000528,172.31.46.0-255,66,73605,54,151163
31478,0.000559,172.217.194.0-255,4320,77925,54,151163
31479,0.000561,172.31.46.0-255,66,77991,54,151163
31480,0.000587,172.31.46.0-255,66,78057,54,151163
31481,0.000657,172.31.46.0-255,66,78123,54,151163
31482,0.000669,172.31.46.0-255,66,78189,54,151163
31483,0.00068,172.31.46.0-255,66,78255,54,151163
31484,0.000775,172.217.194.0-255,1484,79739,54,151163
31485,0.00078,172.217.194.0-255,1484,81223,54,151163
31486,0.000783,172.31.46.0-255,66,81289,54,151163
31487,0.000807,172.217.194.0-255,1484,82773,54,151163
31488,0.000813,172.217.194.0-255,5738,88511,54,151163
31489,0.000817,172.31.46.0-255,66,88577,54,151163
31490,0.00083,172.31.46.0-255,66,88643,54,151163
31491,0.000833,172.217.194.0-255,1484,90127,54,151163
31492,0.000868,172.217.194.0-255,2902,93029,54,151163
31493,0.000871,172.31.46.0-255,66,93095,54,151163
31494,0.000892,172.217.194.0-255,6438,99533,54,151163
31495,0.000895,172.31.46.0-255,66,99599,54,151163
31496,0.001048,172.217.194.0-255,1484,101083,54,151163
31497,0.001054,172.217.194.0-255,2902,103985,54,151163
31498,0.001058,172.31.46.0-255,66,104051,54,151163
31499,0.001062,172.217.194.0-255,1484,105535,54,151163
31500,0.001081,172.217.194.0-255,4320,109855,54,151163
31501,0.001085,172.31.46.0-255,66,109921,54,151163
31502,0.001096,172.217.194.0-255,4320,114241,54,151163
31503,0.001098,172.31.46.0-255,66,114307,54,151163
31504,0.001129,172.31.46.0-255,66,114373,54,151163
31505,0.001142,172.31.46.0-255,66,114439,54,151163
31506,0.001342,172.217.194.0-255,1484,115923,54,151163
31507,0.001347,172.217.194.0-255,2902,118825,54,151163
31508,0.00135,172.31.46.0-255,66,118891,54,151163
31509,0.001353,172.217.194.0-255,1484,120375,54,151163
31510,0.001373,172.217.194.0-255,4320,124695,54,151163
31511,0.001376,172.31.46.0-255,66,124761,54,151163
31512,0.001384,172.217.194.0-255,7156,131917,54,151163
31513,0.001386,172.31.46.0-255,66,131983,54,151163
31514,0.001402,172.31.46.0-255,66,132049,54,151163
31515,0.00143,172.217.194.0-255,5738,137787,54,151163
31516,0.001433,172.31.46.0-255,66,137853,54,151163
31517,0.001466,172.31.46.0-255,66,137919,54,151163
31518,0.001483,172.31.46.0-255,66,137985,54,151163
31519,0.00149,172.217.194.0-255,6438,144423,54,151163
31520,0.001492,172.31.46.0-255,66,144489,54,151163
31521,0.001521,172.217.194.0-255,5738,150227,54,151163
31522,0.001524,172.31.46.0-255,66,150293,54,151163
31523,0.001579,172.31.46.0-255,66,150359,54,151163
31524,0.001604,172.31.46.0-255,66,150425,54,151163
31525,0.001614,172.31.46.0-255,66,150491,54,151163
31526,0.001626,172.31.46.0-255,66,150557,54,151163
31527,0.001672,172.31.46.0-255,66,150623,54,151163
31528,0.001691,172.31.46.0-255,66,150689,54,151163
31529,0.001729,172.31.46.0-255,66,150755,54,151163
31530,0.001741,172.31.46.0-255,66,150821,54,151163
31531,0.001744,172.217.194.0-255,105,150926,54,151163
31532,0.01169,172.31.46.0-255,66,150992,54,151163
31533,0.011732,172.31.46.0-255,105,151097,54,151163
31534,0.014183,172.217.194.0-255,66,151163,54,151163
31535,0.0,172.217.194.0-255,296,296,54,161215
31536,2.4e-05,172.31.46.0-255,66,362,54,161215
31537,3.1e-05,172.217.194.0-255,1484,1846,54,161215
31538,3.7e-05,172.31.46.0-255,66,1912,54,161215
31539,4.3e-05,172.217.194.0-255,2902,4814,54,161215
31540,4.7e-05,172.31.46.0-255,66,4880,54,161215
31541,5.3e-05,172.217.194.0-255,4320,9200,54,161215
31542,5.6e-05,172.31.46.0-255,66,9266,54,161215
31543,9.3e-05,172.31.46.0-255,66,9332,54,161215
31544,0.000105,172.31.46.0-255,66,9398,54,161215
31545,0.000131,172.217.194.0-255,2543,11941,54,161215
31546,0.000133,172.31.46.0-255,66,12007,54,161215
31547,0.000164,172.217.194.0-255,1484,13491,54,161215
31548,0.000167,172.31.46.0-255,66,13557,54,161215
31549,0.000182,172.217.194.0-255,2902,16459,54,161215
31550,0.000184,172.31.46.0-255,66,16525,54,161215
31551,0.000189,172.217.194.0-255,2902,19427,54,161215
31552,0.000191,172.31.46.0-255,66,19493,54,161215
31553,0.000211,172.217.194.0-255,2902,22395,54,161215
31554,0.000213,172.31.46.0-255,66,22461,54,161215
31555,0.000231,172.217.194.0-255,4320,26781,54,161215
31556,0.000233,172.31.46.0-255,66,26847,54,161215
31557,0.000252,172.217.194.0-255,2543,29390,54,161215
31558,0.000254,172.31.46.0-255,66,29456,54,161215
31559,0.000262,172.217.194.0-255,7156,36612,54,161215
31560,0.000264,172.31.46.0-255,66,36678,54,161215
31561,0.000301,172.31.46.0-255,66,36744,54,161215
31562,0.000304,172.217.194.0-255,116,36860,54,161215
31563,0.000306,172.31.46.0-255,66,36926,54,161215
31564,0.000309,172.217.194.0-255,385,37311,54,161215
31565,0.000723,172.217.194.0-255,1484,38795,54,161215
31566,0.000729,172.31.46.0-255,66,38861,54,161215
31567,0.000735,172.217.194.0-255,2902,41763,54,161215
31568,0.000738,172.31.46.0-255,66,41829,54,161215
31569,0.000741,172.217.194.0-255,1484,43313,54,161215
31570,0.000765,172.217.194.0-255,4320,47633,54,161215
31571,0.000785,172.31.46.0-255,66,47699,54,161215
31572,0.0008,172.31.46.0-255,66,47765,54,161215
31573,0.000807,172.217.194.0-255,7156,54921,54,161215
31574,0.00081,172.31.46.0-255,66,54987,54,161215
31575,0.000853,172.217.194.0-255,3602,58589,54,161215
31576,0.000858,172.31.46.0-255,66,58655,54,161215
31577,0.001861,172.217.194.0-255,1484,60139,54,161215
31578,0.001873,172.217.194.0-255,2902,63041,54,161215
31579,0.001878,172.31.46.0-255,66,63107,54,161215
31580,0.001886,172.217.194.0-255,5738,68845,54,161215
31581,0.001888,172.31.46.0-255,66,68911,54,161215
31582,0.001927,172.31.46.0-255,66,68977,54,161215
31583,0.001941,172.31.46.0-255,66,69043,54,161215
31584,0.001985,172.217.194.0-255,1484,70527,54,161215
31585,0.001991,172.217.194.0-255,2902,73429,54,161215
31586,0.001993,172.31.46.0-255,66,73495,54,161215
31587,0.002,172.217.194.0-255,5738,79233,54,161215
31588,0.002002,172.31.46.0-255,66,79299,54,161215
31589,0.002033,172.31.46.0-255,66,79365,54,161215
31590,0.002044,172.31.46.0-255,66,79431,54,161215
31591,0.002057,172.217.194.0-255,2184,81615,54,161215
31592,0.002059,172.31.46.0-255,66,81681,54,161215
31593,0.004082,172.217.194.0-255,5738,87419,54,161215
31594,0.004089,172.31.46.0-255,66,87485,54,161215
31595,0.006112,172.217.194.0-255,5738,93223,54,161215
31596,0.006116,172.31.46.0-255,66,93289,54,161215
31597,0.008151,172.217.194.0-255,5738,99027,54,161215
31598,0.008157,172.31.46.0-255,66,99093,54,161215
31599,0.010188,172.217.194.0-255,5738,104831,54,161215
31600,0.010195,172.31.46.0-255,66,104897,54,161215
31601,0.01222,172.217.194.0-255,5738,110635,54,161215
31602,0.012228,172.31.46.0-255,66,110701,54,161215
31603,0.014246,172.217.194.0-255,5738,116439,54,161215
31604,0.014255,172.31.46.0-255,66,116505,54,161215
31605,0.016274,172.217.194.0-255,5738,122243,54,161215
31606,0.016286,172.31.46.0-255,66,122309,54,161215
31607,0.018311,172.217.194.0-255,5738,128047,54,161215
31608,0.018318,172.31.46.0-255,66,128113,54,161215
31609,0.020353,172.217.194.0-255,5738,133851,54,161215
31610,0.020358,172.31.46.0-255,66,133917,54,161215
31611,0.022391,172.217.194.0-255,5738,139655,54,161215
31612,0.022396,172.31.46.0-255,66,139721,54,161215
31613,0.02444,172.217.194.0-255,5738,145459,54,161215
31614,0.024447,172.31.46.0-255,66,145525,54,161215
31615,0.026472,172.217.194.0-255,5738,151263,54,161215
31616,0.026479,172.31.46.0-255,66,151329,54,161215
31617,0.028499,172.217.194.0-255,5738,157067,54,161215
31618,0.028505,172.31.46.0-255,66,157133,54,161215
31619,0.028869,172.31.46.0-255,172,157305,54,161215
31620,0.028899,172.31.46.0-255,1119,158424,54,161215
31621,0.028955,172.31.46.0-255,1514,159938,54,161215
31622,0.028957,172.31.46.0-255,1277,161215,54,161215
31623,0.0,74.125.68.0-255,152,152,54,320063
31624,1.8e-05,172.31.46.0-255,66,218,54,320063
31625,2.4e-05,74.125.68.0-255,1484,1702,54,320063
31626,2.8e-05,172.31.46.0-255,66,1768,54,320063
31627,3.9e-05,74.125.68.0-255,2902,4670,54,320063
31628,4.2e-05,172.31.46.0-255,66,4736,54,320063
31629,4.7e-05,74.125.68.0-255,4320,9056,54,320063
31630,5.1e-05,172.31.46.0-255,66,9122,54,320063
31631,8e-05,74.125.68.0-255,2902,12024,54,320063
31632,8.3e-05,172.31.46.0-255,66,12090,54,320063
31633,9.3e-05,172.31.46.0-255,66,12156,54,320063
31634,9.5e-05,74.125.68.0-255,1484,13640,54,320063
31635,9.7e-05,172.31.46.0-255,66,13706,54,320063
31636,0.000131,74.125.68.0-255,5738,19444,54,320063
31637,0.000133,172.31.46.0-255,66,19510,54,320063
31638,0.000158,74.125.68.0-255,3961,23471,54,320063
31639,0.00016,172.31.46.0-255,66,23537,54,320063
31640,0.000226,74.125.68.0-255,1484,25021,54,320063
31641,0.000229,172.31.46.0-255,66,25087,54,320063
31642,0.000234,74.125.68.0-255,2902,27989,54,320063
31643,0.000235,172.31.46.0-255,66,28055,54,320063
31644,0.000264,74.125.68.0-255,2902,30957,54,320063
31645,0.000267,172.31.46.0-255,66,31023,54,320063
31646,0.000272,74.125.68.0-255,4320,35343,54,320063
31647,0.000274,172.31.46.0-255,66,35409,54,320063
31648,0.000318,172.31.46.0-255,66,35475,54,320063
31649,0.000322,74.125.68.0-255,2902,38377,54,320063
31650,0.000324,172.31.46.0-255,66,38443,54,320063
31651,0.000363,74.125.68.0-255,4320,42763,54,320063
31652,0.000365,172.31.46.0-255,66,42829,54,320063
31653,0.000372,74.125.68.0-255,5738,48567,54,320063
31654,0.000387,74.125.68.0-255,766,49333,54,320063
31655,0.000436,74.125.68.0-255,676,50009,54,320063
31656,0.000503,74.125.68.0-255,1484,51493,54,320063
31657,0.00052,74.125.68.0-255,2902,54395,54,320063
31658,0.00054,74.125.68.0-255,2902,57297,54,320063
31659,0.000556,74.125.68.0-255,2902,60199,54,320063
31660,0.000558,74.125.68.0-255,1484,61683,54,320063
31661,0.000562,74.125.68.0-255,2902,64585,54,320063
31662,0.000573,74.125.68.0-255,1484,66069,54,320063
31663,0.000589,74.125.68.0-255,4320,70389,54,320063
31664,0.000594,172.31.46.0-255,66,70455,54,320063
31665,0.000645,172.31.46.0-255,66,70521,54,320063
31666,0.000656,74.125.68.0-255,3602,74123,54,320063
31667,0.000678,172.31.46.0-255,66,74189,54,320063
31668,0.001194,74.125.68.0-255,1484,75673,54,320063
31669,0.001199,74.125.68.0-255,2902,78575,54,320063
31670,0.001203,172.31.46.0-255,66,78641,54,320063
31671,0.001231,74.125.68.0-255,5738,84379,54,320063
31672,0.001233,74.125.68.0-255,1484,85863,54,320063
31673,0.001237,74.125.68.0-255,2902,88765,54,320063
31674,0.001241,172.31.46.0-255,66,88831,54,320063
31675,0.001253,74.125.68.0-255,5738,94569,54,320063
31676,0.001279,74.125.68.0-255,2902,97471,54,320063
31677,0.001287,172.31.46.0-255,66,97537,54,320063
31678,0.001306,74.125.68.0-255,7156,104693,54,320063
31679,0.001322,172.31.46.0-255,66,104759,54,320063
31680,0.001327,74.125.68.0-255,3602,108361,54,320063
31681,0.001331,172.31.46.0-255,66,108427,54,320063
31682,0.001372,74.125.68.0-255,4320,112747,54,320063
31683,0.001375,74.125.68.0-255,1484,114231,54,320063
31684,0.00139,74.125.68.0-255,2902,117133,54,320063
31685,0.001402,74.125.68.0-255,2902,120035,54,320063
31686,0.001414,172.31.46.0-255,66,120101,54,320063
31687,0.001418,74.125.68.0-255,2902,123003,54,320063
31688,0.001448,172.31.46.0-255,66,123069,54,320063
31689,0.001487,74.125.68.0-255,4320,127389,54,320063
31690,0.001494,172.31.46.0-255,66,127455,54,320063
31691,0.001518,74.125.68.0-255,5020,132475,54,320063
31692,0.001532,172.31.46.0-255,66,132541,54,320063
31693,0.001566,74.125.68.0-255,1484,134025,54,320063
31694,0.001579,74.125.68.0-255,2902,136927,54,320063
31695,0.001582,74.125.68.0-255,1484,138411,54,320063
31696,0.001599,172.31.46.0-255,66,138477,54,320063
31697,0.001604,74.125.68.0-255,2902,141379,54,320063
31698,0.001609,172.31.46.0-255,66,141445,54,320063
31699,0.001639,74.125.68.0-255,7156,148601,54,320063
31700,0.001668,74.125.68.0-255,766,149367,54,320063
31701,0.001671,172.31.46.0-255,66,149433,54,320063
31702,0.001681,172.31.46.0-255,66,149499,54,320063
31703,0.001713,74.125.68.0-255,1484,150983,54,320063
31704,0.001723,74.125.68.0-255,1484,152467,54,320063
31705,0.001739,172.31.46.0-255,66,152533,54,320063
31706,0.001748,74.125.68.0-255,2902,155435,54,320063
31707,0.001756,74.125.68.0-255,1484,156919,54,320063
31708,0.001761,74.125.68.0-255,2902,159821,54,320063
31709,0.001767,74.125.68.0-255,5738,165559,54,320063
31710,0.001772,172.31.46.0-255,66,165625,54,320063
31711,0.001845,172.31.46.0-255,66,165691,54,320063
31712,0.001862,74.125.68.0-255,6438,172129,54,320063
31713,0.001877,172.31.46.0-255,66,172195,54,320063
31714,0.001888,74.125.68.0-255,5738,177933,54,320063
31715,0.001903,172.31.46.0-255,66,177999,54,320063
31716,0.001906,74.125.68.0-255,1484,179483,54,320063
31717,0.001913,74.125.68.0-255,5738,185221,54,320063
31718,0.001935,74.125.68.0-255,2902,188123,54,320063
31719,0.001939,74.125.68.0-255,1484,189607,54,320063
31720,0.001956,74.125.68.0-255,7156,196763,54,320063
31721,0.001974,74.125.68.0-255,4320,201083,54,320063
31722,0.001982,172.31.46.0-255,66,201149,54,320063
31723,0.001993,74.125.68.0-255,5020,206169,54,320063
31724,0.002003,172.31.46.0-255,66,206235,54,320063
31725,0.00203,74.125.68.0-255,2902,209137,54,320063
31726,0.002044,172.31.46.0-255,66,209203,54,320063
31727,0.002049,74.125.68.0-255,2902,212105,54,320063
31728,0.002051,74.125.68.0-255,1484,213589,54,320063
31729,0.002055,74.125.68.0-255,2902,216491,54,320063
31730,0.002065,74.125.68.0-255,5738,222229,54,320063
31731,0.002072,172.31.46.0-255,66,222295,54,320063
31732,0.002097,74.125.68.0-255,4320,226615,54,320063
31733,0.002153,74.125.68.0-255,5738,232353,54,320063
31734,0.002445,74.125.68.0-255,1484,233837,54,320063
31735,0.00246,74.125.68.0-255,2902,236739,54,320063
31736,0.002487,74.125.68.0-255,2902,239641,54,320063
31737,0.002512,74.125.68.0-255,4320,243961,54,320063
31738,0.002535,74.125.68.0-255,5738,249699,54,320063
31739,0.002548,74.125.68.0-255,1484,251183,54,320063
31740,0.002551,74.125.68.0-255,1484,252667,54,320063
31741,0.002554,74.125.68.0-255,1484,254151,54,320063
31742,0.002577,74.125.68.0-255,1484,255635,54,320063
31743,0.002641,74.125.68.0-255,1484,257119,54,320063
31744,0.002676,74.125.68.0-255,2902,260021,54,320063
31745,0.002693,74.125.68.0-255,1484,261505,54,320063
31746,0.002697,74.125.68.0-255,1484,262989,54,320063
31747,0.002712,74.125.68.0-255,1484,264473,54,320063
31748,0.002736,74.125.68.0-255,2184,266657,54,320063
31749,0.002927,74.125.68.0-255,1484,268141,54,320063
31750,0.00295,74.125.68.0-255,2902,271043,54,320063
31751,0.002976,74.125.68.0-255,5738,276781,54,320063
31752,0.003004,74.125.68.0-255,7156,283937,54,320063
31753,0.003024,74.125.68.0-255,4320,288257,54,320063
31754,0.003051,74.125.68.0-255,2184,290441,54,320063
31755,0.003091,74.125.68.0-255,1484,291925,54,320063
31756,0.003096,74.125.68.0-255,2902,294827,54,320063
31757,0.003125,74.125.68.0-255,4320,299147,54,320063
31758,0.003137,74.125.68.0-255,1484,300631,54,320063
31759,0.003142,74.125.68.0-255,2902,303533,54,320063
31760,0.003164,74.125.68.0-255,2902,306435,54,320063
31761,0.003172,74.125.68.0-255,7156,313591,54,320063
31762,0.003298,74.125.68.0-255,2184,315775,54,320063
31763,0.003303,74.125.68.0-255,3946,319721,54,320063
31764,0.003338,74.125.68.0-255,105,319826,54,320063
31765,0.007053,172.31.46.0-255,66,319892,54,320063
31766,0.00914,172.31.46.0-255,105,319997,54,320063
31767,0.011645,74.125.68.0-255,66,320063,54,320063
31768,0.0,74.125.68.0-255,146,146,54,333312
31769,1.4e-05,172.31.46.0-255,66,212,54,333312
31770,2.1e-05,74.125.68.0-255,1484,1696,54,333312
31771,2.6e-05,172.31.46.0-255,66,1762,54,333312
31772,2.9e-05,74.125.68.0-255,1484,3246,54,333312
31773,4e-05,172.31.46.0-255,66,3312,54,333312
31774,4.7e-05,74.125.68.0-255,2902,6214,54,333312
31775,5e-05,172.31.46.0-255,66,6280,54,333312
31776,0.000112,74.125.68.0-255,5738,12018,54,333312
31777,0.000116,172.31.46.0-255,66,12084,54,333312
31778,0.00012,74.125.68.0-255,2005,14089,54,333312
31779,0.000122,172.31.46.0-255,66,14155,54,333312
31780,0.000138,74.125.68.0-255,1484,15639,54,333312
31781,0.000144,172.31.46.0-255,66,15705,54,333312
31782,0.000149,74.125.68.0-255,2902,18607,54,333312
31783,0.000152,172.31.46.0-255,66,18673,54,333312
31784,0.000187,74.125.68.0-255,5738,24411,54,333312
31785,0.00019,172.31.46.0-255,66,24477,54,333312
31786,0.000194,74.125.68.0-255,2902,27379,54,333312
31787,0.000196,172.31.46.0-255,66,27445,54,333312
31788,0.000202,74.125.68.0-255,3961,31406,54,333312
31789,0.000205,172.31.46.0-255,66,31472,54,333312
31790,0.000244,74.125.68.0-255,4320,35792,54,333312
31791,0.000247,172.31.46.0-255,66,35858,54,333312
31792,0.000257,74.125.68.0-255,1484,37342,54,333312
31793,0.000259,172.31.46.0-255,66,37408,54,333312
31794,0.000273,74.125.68.0-255,7156,44564,54,333312
31795,0.000275,172.31.46.0-255,66,44630,54,333312
31796,0.000281,74.125.68.0-255,3961,48591,54,333312
31797,0.000283,172.31.46.0-255,66,48657,54,333312
31798,0.000894,74.125.68.0-255,1484,50141,54,333312
31799,0.000901,172.31.46.0-255,66,50207,54,333312
31800,0.000906,74.125.68.0-255,2902,53109,54,333312
31801,0.000909,172.31.46.0-255,66,53175,54,333312
31802,0.000914,74.125.68.0-255,2902,56077,54,333312
31803,0.00092,172.31.46.0-255,66,56143,54,333312
31804,0.00095,74.125.68.0-255,2902,59045,54,333312
31805,0.000958,74.125.68.0-255,6797,65842,54,333312
31806,0.000964,172.31.46.0-255,66,65908,54,333312
31807,0.000966,172.31.46.0-255,66,65974,54,333312
31808,0.001668,74.125.68.0-255,414,66388,54,333312
31809,0.001721,74.125.68.0-255,330,66718,54,333312
31810,0.00201,74.125.68.0-255,1484,68202,54,333312
31811,0.002018,172.31.46.0-255,66,68268,54,333312
31812,0.002038,74.125.68.0-255,1484,69752,54,333312
31813,0.002043,74.125.68.0-255,2902,72654,54,333312
31814,0.002046,172.31.46.0-255,66,72720,54,333312
31815,0.002071,74.125.68.0-255,5738,78458,54,333312
31816,0.002073,172.31.46.0-255,66,78524,54,333312
31817,0.002077,74.125.68.0-255,1484,80008,54,333312
31818,0.002101,74.125.68.0-255,1484,81492,54,333312
31819,0.002104,172.31.46.0-255,66,81558,54,333312
31820,0.002116,172.31.46.0-255,66,81624,54,333312
31821,0.002123,74.125.68.0-255,1484,83108,54,333312
31822,0.002153,172.31.46.0-255,66,83174,54,333312
31823,0.003091,74.125.68.0-255,1484,84658,54,333312
31824,0.003113,74.125.68.0-255,1484,86142,54,333312
31825,0.003116,172.31.46.0-255,66,86208,54,333312
31826,0.003142,74.125.68.0-255,1484,87692,54,333312
31827,0.003163,74.125.68.0-255,2902,90594,54,333312
31828,0.003166,172.31.46.0-255,66,90660,54,333312
31829,0.003192,74.125.68.0-255,2902,93562,54,333312
31830,0.003195,172.31.46.0-255,66,93628,54,333312
31831,0.003198,74.125.68.0-255,1484,95112,54,333312
31832,0.003234,74.125.68.0-255,1484,96596,54,333312
31833,0.003237,172.31.46.0-255,66,96662,54,333312
31834,0.003268,74.125.68.0-255,2902,99564,54,333312
31835,0.003272,172.31.46.0-255,66,99630,54,333312
31836,0.003296,74.125.68.0-255,5738,105368,54,333312
31837,0.0033,172.31.46.0-255,66,105434,54,333312
31838,0.003322,74.125.68.0-255,7156,112590,54,333312
31839,0.003325,172.31.46.0-255,66,112656,54,333312
31840,0.003354,74.125.68.0-255,5020,117676,54,333312
31841,0.003356,172.31.46.0-255,66,117742,54,333312
31842,0.003643,74.125.68.0-255,1484,119226,54,333312
31843,0.003648,74.125.68.0-255,2902,122128,54,333312
31844,0.003651,172.31.46.0-255,66,122194,54,333312
31845,0.003675,74.125.68.0-255,5738,127932,54,333312
31846,0.003678,172.31.46.0-255,66,127998,54,333312
31847,0.003706,74.125.68.0-255,7156,135154,54,333312
31848,0.003709,172.31.46.0-255,66,135220,54,333312
31849,0.00372,172.31.46.0-255,66,135286,54,333312
31850,0.003745,74.125.68.0-255,4320,139606,54,333312
31851,0.003748,172.31.46.0-255,66,139672,54,333312
31852,0.003779,74.125.68.0-255,3602,143274,54,333312
31853,0.003782,172.31.46.0-255,66,143340,54,333312
31854,0.003793,172.31.46.0-255,66,143406,54,333312
31855,0.003804,172.31.46.0-255,66,143472,54,333312
31856,0.003846,74.125.68.0-255,2902,146374,54,333312
31857,0.00385,172.31.46.0-255,66,146440,54,333312
31858,0.003878,74.125.68.0-255,7156,153596,54,333312
31859,0.003881,172.31.46.0-255,66,153662,54,333312
31860,0.003888,74.125.68.0-255,6438,160100,54,333312
31861,0.003891,172.31.46.0-255,66,160166,54,333312
31862,0.003893,74.125.68.0-255,1484,161650,54,333312
31863,0.003898,74.125.68.0-255,2902,164552,54,333312
31864,0.003899,172.31.46.0-255,66,164618,54,333312
31865,0.003929,74.125.68.0-255,5738,170356,54,333312
31866,0.003932,172.31.46.0-255,66,170422,54,333312
31867,0.003956,74.125.68.0-255,4320,174742,54,333312
31868,0.003959,172.31.46.0-255,66,174808,54,333312
31869,0.003986,74.125.68.0-255,5738,180546,54,333312
31870,0.003989,172.31.46.0-255,66,180612,54,333312
31871,0.004002,172.31.46.0-255,66,180678,54,333312
31872,0.004007,74.125.68.0-255,2184,182862,54,333312
31873,0.004009,172.31.46.0-255,66,182928,54,333312
31874,0.004013,74.125.68.0-255,2902,185830,54,333312
31875,0.004016,172.31.46.0-255,66,185896,54,333312
31876,0.004029,74.125.68.0-255,1484,187380,54,333312
31877,0.004053,74.125.68.0-255,5738,193118,54,333312
31878,0.004056,172.31.46.0-255,66,193184,54,333312
31879,0.00406,74.125.68.0-255,2902,196086,54,333312
31880,0.004062,172.31.46.0-255,66,196152,54,333312
31881,0.004073,74.125.68.0-255,4320,200472,54,333312
31882,0.004075,172.31.46.0-255,66,200538,54,333312
31883,0.00408,74.125.68.0-255,2902,203440,54,333312
31884,0.004083,172.31.46.0-255,66,203506,54,333312
31885,0.004119,74.125.68.0-255,5738,209244,54,333312
31886,0.004122,172.31.46.0-255,66,209310,54,333312
31887,0.004129,74.125.68.0-255,5738,215048,54,333312
31888,0.004132,172.31.46.0-255,66,215114,54,333312
31889,0.004139,74.125.68.0-255,6438,221552,54,333312
31890,0.004142,172.31.46.0-255,66,221618,54,333312
31891,0.004147,74.125.68.0-255,4320,225938,54,333312
31892,0.004149,172.31.46.0-255,66,226004,54,333312
31893,0.00417,74.125.68.0-255,1484,227488,54,333312
31894,0.004175,74.125.68.0-255,2902,230390,54,333312
31895,0.004177,172.31.46.0-255,66,230456,54,333312
31896,0.004198,74.125.68.0-255,4320,234776,54,333312
31897,0.0042,172.31.46.0-255,66,234842,54,333312
31898,0.004207,74.125.68.0-255,7156,241998,54,333312
31899,0.00421,172.31.46.0-255,66,242064,54,333312
31900,0.004214,74.125.68.0-255,2902,244966,54,333312
31901,0.004216,172.31.46.0-255,66,245032,54,333312
31902,0.00425,74.125.68.0-255,5738,250770,54,333312
31903,0.004253,172.31.46.0-255,66,250836,54,333312
31904,0.004256,74.125.68.0-255,766,251602,54,333312
31905,0.004819,74.125.68.0-255,1484,253086,54,333312
31906,0.004825,172.31.46.0-255,66,253152,54,333312
31907,0.004832,74.125.68.0-255,2902,256054,54,333312
31908,0.004835,172.31.46.0-255,66,256120,54,333312
31909,0.004871,74.125.68.0-255,5738,261858,54,333312
31910,0.004875,172.31.46.0-255,66,261924,54,333312
31911,0.004882,74.125.68.0-255,7156,269080,54,333312
31912,0.004885,172.31.46.0-255,66,269146,54,333312
31913,0.004937,172.31.46.0-255,66,269212,54,333312
31914,0.004941,74.125.68.0-255,2184,271396,54,333312
31915,0.004943,172.31.46.0-255,66,271462,54,333312
31916,0.005044,74.125.68.0-255,1484,272946,54,333312
31917,0.005068,74.125.68.0-255,2902,275848,54,333312
31918,0.005072,172.31.46.0-255,66,275914,54,333312
31919,0.005078,74.125.68.0-255,4320,280234,54,333312
31920,0.00508,172.31.46.0-255,66,280300,54,333312
31921,0.005098,74.125.68.0-255,2902,283202,54,333312
31922,0.005114,172.31.46.0-255,66,283268,54,333312
31923,0.005142,74.125.68.0-255,5738,289006,54,333312
31924,0.005145,172.31.46.0-255,66,289072,54,333312
31925,0.005152,74.125.68.0-255,5738,294810,54,333312
31926,0.005154,172.31.46.0-255,66,294876,54,333312
31927,0.005161,74.125.68.0-255,7156,302032,54,333312
31928,0.005163,172.31.46.0-255,66,302098,54,333312
31929,0.005169,74.125.68.0-255,3602,305700,54,333312
31930,0.005171,172.31.46.0-255,66,305766,54,333312
31931,0.005234,74.125.68.0-255,4320,310086,54,333312
31932,0.005238,172.31.46.0-255,66,310152,54,333312
31933,0.00525,172.31.46.0-255,66,310218,54,333312
31934,0.005263,172.31.46.0-255,66,310284,54,333312
31935,0.005269,74.125.68.0-255,5738,316022,54,333312
31936,0.005295,74.125.68.0-255,2184,318206,54,333312
31937,0.005309,74.125.68.0-255,2902,321108,54,333312
31938,0.005345,74.125.68.0-255,5738,326846,54,333312
31939,0.00535,74.125.68.0-255,2902,329748,54,333312
31940,0.005353,74.125.68.0-255,1484,331232,54,333312
31941,0.005357,74.125.68.0-255,1738,332970,54,333312
31942,0.005391,74.125.68.0-255,105,333075,54,333312
31943,0.005594,172.31.46.0-255,66,333141,54,333312
31944,0.008359,172.31.46.0-255,105,333246,54,333312
31945,0.010529,74.125.68.0-255,66,333312,54,333312
31946,0.0,74.125.24.0-255,150,150,54,319597
31947,2.3e-05,172.31.46.0-255,66,216,54,319597
31948,3e-05,74.125.24.0-255,1484,1700,54,319597
31949,3.4e-05,172.31.46.0-255,66,1766,54,319597
31950,4e-05,74.125.24.0-255,2902,4668,54,319597
31951,4.5e-05,172.31.46.0-255,66,4734,54,319597
31952,5.3e-05,74.125.24.0-255,7156,11890,54,319597
31953,5.6e-05,172.31.46.0-255,66,11956,54,319597
31954,6e-05,74.125.24.0-255,2110,14066,54,319597
31955,6.2e-05,172.31.46.0-255,66,14132,54,319597
31956,9.9e-05,74.125.24.0-255,2902,17034,54,319597
31957,0.000102,172.31.46.0-255,66,17100,54,319597
31958,0.000105,74.125.24.0-255,1484,18584,54,319597
31959,0.000107,172.31.46.0-255,66,18650,54,319597
31960,0.000126,74.125.24.0-255,5738,24388,54,319597
31961,0.000129,172.31.46.0-255,66,24454,54,319597
31962,0.000192,74.125.24.0-255,4320,28774,54,319597
31963,0.000195,172.31.46.0-255,66,28840,54,319597
31964,0.000213,74.125.24.0-255,2543,31383,54,319597
31965,0.000216,172.31.46.0-255,66,31449,54,319597
31966,0.000233,74.125.24.0-255,1484,32933,54,319597
31967,0.000236,172.31.46.0-255,66,32999,54,319597
31968,0.000254,74.125.24.0-255,2902,35901,54,319597
31969,0.000257,172.31.46.0-255,66,35967,54,319597
31970,0.000263,74.125.24.0-255,4320,40287,54,319597
31971,0.000265,172.31.46.0-255,66,40353,54,319597
31972,0.000271,74.125.24.0-255,5738,46091,54,319597
31973,0.000273,172.31.46.0-255,66,46157,54,319597
31974,0.000304,172.31.46.0-255,66,46223,54,319597
31975,0.000326,74.125.24.0-255,2543,48766,54,319597
31976,0.000328,172.31.46.0-255,66,48832,54,319597
31977,0.000336,74.125.24.0-255,6797,55629,54,319597
31978,0.000338,172.31.46.0-255,66,55695,54,319597
31979,0.00034,74.125.24.0-255,429,56124,54,319597
31980,0.00042,74.125.24.0-255,346,56470,54,319597
31981,0.000524,74.125.24.0-255,1484,57954,54,319597
31982,0.000528,172.31.46.0-255,66,58020,54,319597
31983,0.000534,74.125.24.0-255,2902,60922,54,319597
31984,0.000536,172.31.46.0-255,66,60988,54,319597
31985,0.000543,74.125.24.0-255,5738,66726,54,319597
31986,0.000545,172.31.46.0-255,66,66792,54,319597
31987,0.00059,74.125.24.0-255,5738,72530,54,319597
31988,0.000593,172.31.46.0-255,66,72596,54,319597
31989,0.000609,74.125.24.0-255,575,73171,54,319597
31990,0.00068,74.125.24.0-255,1484,74655,54,319597
31991,0.000684,172.31.46.0-255,66,74721,54,319597
31992,0.000688,74.125.24.0-255,1484,76205,54,319597
31993,0.000701,74.125.24.0-255,1484,77689,54,319597
31994,0.000706,74.125.24.0-255,5738,83427,54,319597
31995,0.000709,172.31.46.0-255,66,83493,54,319597
31996,0.000712,172.31.46.0-255,66,83559,54,319597
31997,0.00075,172.31.46.0-255,66,83625,54,319597
31998,0.000767,74.125.24.0-255,1484,85109,54,319597
31999,0.000773,74.125.24.0-255,7156,92265,54,319597
32000,0.000776,172.31.46.0-255,66,92331,54,319597
32001,0.00079,74.125.24.0-255,3602,95933,54,319597
32002,0.000793,172.31.46.0-255,66,95999,54,319597
32003,0.000879,74.125.24.0-255,1484,97483,54,319597
32004,0.000883,74.125.24.0-255,1484,98967,54,319597
32005,0.000885,172.31.46.0-255,66,99033,54,319597
32006,0.000903,74.125.24.0-255,1484,100517,54,319597
32007,0.00091,74.125.24.0-255,5738,106255,54,319597
32008,0.000912,172.31.46.0-255,66,106321,54,319597
32009,0.000916,74.125.24.0-255,2902,109223,54,319597
32010,0.000918,172.31.46.0-255,66,109289,54,319597
32011,0.000936,172.31.46.0-255,66,109355,54,319597
32012,0.000942,74.125.24.0-255,5738,115093,54,319597
32013,0.000945,172.31.46.0-255,66,115159,54,319597
32014,0.000971,74.125.24.0-255,5020,120179,54,319597
32015,0.000974,172.31.46.0-255,66,120245,54,319597
32016,0.001345,74.125.24.0-255,1484,121729,54,319597
32017,0.001352,74.125.24.0-255,2902,124631,54,319597
32018,0.001356,172.31.46.0-255,66,124697,54,319597
32019,0.001362,74.125.24.0-255,5738,130435,54,319597
32020,0.001364,172.31.46.0-255,66,130501,54,319597
32021,0.001405,172.31.46.0-255,66,130567,54,319597
32022,0.001425,74.125.24.0-255,4320,134887,54,319597
32023,0.001427,172.31.46.0-255,66,134953,54,319597
32024,0.00143,74.125.24.0-255,1484,136437,54,319597
32025,0.001458,74.125.24.0-255,5738,142175,54,319597
32026,0.00146,172.31.46.0-255,66,142241,54,319597
32027,0.00148,74.125.24.0-255,3602,145843,54,319597
32028,0.001494,74.125.24.0-255,2902,148745,54,319597
32029,0.001504,74.125.24.0-255,1484,150229,54,319597
32030,0.001528,74.125.24.0-255,5738,155967,54,319597
32031,0.001533,74.125.24.0-255,2902,158869,54,319597
32032,0.001545,74.125.24.0-255,4320,163189,54,319597
32033,0.001557,74.125.24.0-255,4320,167509,54,319597
32034,0.0016,74.125.24.0-255,5738,173247,54,319597
32035,0.001614,74.125.24.0-255,2902,176149,54,319597
32036,0.001619,74.125.24.0-255,3602,179751,54,319597
32037,0.001624,74.125.24.0-255,4320,184071,54,319597
32038,0.00165,74.125.24.0-255,4320,188391,54,319597
32039,0.001673,74.125.24.0-255,5738,194129,54,319597
32040,0.0017,74.125.24.0-255,2902,197031,54,319597
32041,0.00171,74.125.24.0-255,1484,198515,54,319597
32042,0.001729,74.125.24.0-255,3602,202117,54,319597
32043,0.001787,74.125.24.0-255,1484,203601,54,319597
32044,0.001793,74.125.24.0-255,2902,206503,54,319597
32045,0.001795,74.125.24.0-255,1484,207987,54,319597
32046,0.001815,74.125.24.0-255,2902,210889,54,319597
32047,0.001819,74.125.24.0-255,1484,212373,54,319597
32048,0.001831,74.125.24.0-255,4320,216693,54,319597
32049,0.001848,74.125.24.0-255,1484,218177,54,319597
32050,0.001905,74.125.24.0-255,5738,223915,54,319597
32051,0.001922,74.125.24.0-255,766,224681,54,319597
32052,0.001982,74.125.24.0-255,1484,226165,54,319597
32053,0.001986,74.125.24.0-255,1484,227649,54,319597
32054,0.002004,74.125.24.0-255,1484,229133,54,319597
32055,0.00201,74.125.24.0-255,5738,234871,54,319597
32056,0.002025,74.125.24.0-255,7156,242027,54,319597
32057,0.002054,74.125.24.0-255,5738,247765,54,319597
32058,0.002071,74.125.24.0-255,4320,252085,54,319597
32059,0.002115,74.125.24.0-255,3602,255687,54,319597
32060,0.005502,172.31.46.0-255,66,255753,54,319597
32061,0.007583,74.125.24.0-255,5738,261491,54,319597
32062,0.007591,172.31.46.0-255,66,261557,54,319597
32063,0.009651,74.125.24.0-255,5738,267295,54,319597
32064,0.009656,172.31.46.0-255,66,267361,54,319597
32065,0.011706,74.125.24.0-255,5738,273099,54,319597
32066,0.011714,172.31.46.0-255,66,273165,54,319597
32067,0.013792,74.125.24.0-255,5738,278903,54,319597
32068,0.013804,172.31.46.0-255,66,278969,54,319597
32069,0.015876,74.125.24.0-255,5738,284707,54,319597
32070,0.015884,172.31.46.0-255,66,284773,54,319597
32071,0.017947,74.125.24.0-255,5738,290511,54,319597
32072,0.017957,172.31.46.0-255,66,290577,54,319597
32073,0.02007,74.125.24.0-255,5738,296315,54,319597
32074,0.020081,172.31.46.0-255,66,296381,54,319597
32075,0.022199,74.125.24.0-255,5738,302119,54,319597
32076,0.022207,172.31.46.0-255,66,302185,54,319597
32077,0.024288,74.125.24.0-255,5738,307923,54,319597
32078,0.024294,172.31.46.0-255,66,307989,54,319597
32079,0.026388,74.125.24.0-255,5738,313727,54,319597
32080,0.026397,172.31.46.0-255,66,313793,54,319597
32081,0.028464,74.125.24.0-255,5738,319531,54,319597
32082,0.028472,172.31.46.0-255,66,319597,54,319597
32083,0.0,172.217.194.0-255,152,152,54,210544
32084,1.5e-05,172.31.46.0-255,66,218,54,210544
32085,2.2e-05,172.217.194.0-255,1484,1702,54,210544
32086,2.7e-05,172.31.46.0-255,66,1768,54,210544
32087,4.2e-05,172.217.194.0-255,2902,4670,54,210544
32088,4.5e-05,172.31.46.0-255,66,4736,54,210544
32089,5.3e-05,172.217.194.0-255,7156,11892,54,210544
32090,5.6e-05,172.31.46.0-255,66,11958,54,210544
32091,9.1e-05,172.217.194.0-255,2084,14042,54,210544
32092,9.4e-05,172.31.46.0-255,66,14108,54,210544
32093,0.000203,172.217.194.0-255,1484,15592,54,210544
32094,0.000208,172.31.46.0-255,66,15658,54,210544
32095,0.000214,172.217.194.0-255,2902,18560,54,210544
32096,0.000217,172.31.46.0-255,66,18626,54,210544
32097,0.000228,172.217.194.0-255,5738,24364,54,210544
32098,0.000231,172.31.46.0-255,66,24430,54,210544
32099,0.00028,172.217.194.0-255,6797,31227,54,210544
32100,0.000283,172.31.46.0-255,66,31293,54,210544
32101,0.000315,172.217.194.0-255,1484,32777,54,210544
32102,0.000318,172.31.46.0-255,66,32843,54,210544
32103,0.000349,172.217.194.0-255,5738,38581,54,210544
32104,0.000352,172.31.46.0-255,66,38647,54,210544
32105,0.00036,172.217.194.0-255,7156,45803,54,210544
32106,0.000362,172.31.46.0-255,66,45869,54,210544
32107,0.0004,172.217.194.0-255,2543,48412,54,210544
32108,0.000403,172.31.46.0-255,66,48478,54,210544
32109,0.001256,172.217.194.0-255,1484,49962,54,210544
32110,0.001263,172.31.46.0-255,66,50028,54,210544
32111,0.001272,172.217.194.0-255,2902,52930,54,210544
32112,0.001274,172.31.46.0-255,66,52996,54,210544
32113,0.001286,172.217.194.0-255,5738,58734,54,210544
32114,0.001288,172.31.46.0-255,66,58800,54,210544
32115,0.001322,172.217.194.0-255,6797,65597,54,210544
32116,0.001324,172.31.46.0-255,66,65663,54,210544
32117,0.001357,172.217.194.0-255,1484,67147,54,210544
32118,0.001382,172.217.194.0-255,2902,70049,54,210544
32119,0.001385,172.31.46.0-255,66,70115,54,210544
32120,0.001392,172.217.194.0-255,5738,75853,54,210544
32121,0.001395,172.31.46.0-255,66,75919,54,210544
32122,0.001406,172.217.194.0-255,6797,82716,54,210544
32123,0.001409,172.31.46.0-255,66,82782,54,210544
32124,0.001432,172.217.194.0-255,646,83428,54,210544
32125,0.001451,172.217.194.0-255,1484,84912,54,210544
32126,0.001453,172.31.46.0-255,66,84978,54,210544
32127,0.00146,172.217.194.0-255,4320,89298,54,210544
32128,0.001462,172.31.46.0-255,66,89364,54,210544
32129,0.001467,172.217.194.0-255,4320,93684,54,210544
32130,0.001469,172.31.46.0-255,66,93750,54,210544
32131,0.0015,172.217.194.0-255,5738,99488,54,210544
32132,0.001503,172.31.46.0-255,66,99554,54,210544
32133,0.001506,172.217.194.0-255,1125,100679,54,210544
32134,0.001763,172.217.194.0-255,1484,102163,54,210544
32135,0.001769,172.31.46.0-255,66,102229,54,210544
32136,0.001777,172.217.194.0-255,2902,105131,54,210544
32137,0.00178,172.31.46.0-255,66,105197,54,210544
32138,0.00179,172.217.194.0-255,5738,110935,54,210544
32139,0.001793,172.31.46.0-255,66,111001,54,210544
32140,0.001799,172.217.194.0-255,5738,116739,54,210544
32141,0.001802,172.31.46.0-255,66,116805,54,210544
32142,0.001836,172.31.46.0-255,66,116871,54,210544
32143,0.001872,172.217.194.0-255,5020,121891,54,210544
32144,0.001875,172.31.46.0-255,66,121957,54,210544
32145,0.002109,172.217.194.0-255,1484,123441,54,210544
32146,0.002116,172.217.194.0-255,2902,126343,54,210544
32147,0.00212,172.31.46.0-255,66,126409,54,210544
32148,0.002127,172.217.194.0-255,5738,132147,54,210544
32149,0.00213,172.31.46.0-255,66,132213,54,210544
32150,0.002169,172.31.46.0-255,66,132279,54,210544
32151,0.002181,172.31.46.0-255,66,132345,54,210544
32152,0.002184,172.217.194.0-255,766,133111,54,210544
32153,0.002291,172.217.194.0-255,1484,134595,54,210544
32154,0.002294,172.31.46.0-255,66,134661,54,210544
32155,0.002299,172.217.194.0-255,2902,137563,54,210544
32156,0.002301,172.31.46.0-255,66,137629,54,210544
32157,0.002305,172.217.194.0-255,1484,139113,54,210544
32158,0.002328,172.217.194.0-255,4320,143433,54,210544
32159,0.002331,172.31.46.0-255,66,143499,54,210544
32160,0.002343,172.31.46.0-255,66,143565,54,210544
32161,0.002355,172.217.194.0-255,2902,146467,54,210544
32162,0.002357,172.31.46.0-255,66,146533,54,210544
32163,0.004679,172.217.194.0-255,5738,152271,54,210544
32164,0.004686,172.31.46.0-255,66,152337,54,210544
32165,0.007042,172.217.194.0-255,5738,158075,54,210544
32166,0.007056,172.31.46.0-255,66,158141,54,210544
32167,0.0094,172.217.194.0-255,5738,163879,54,210544
32168,0.009407,172.31.46.0-255,66,163945,54,210544
32169,0.011741,172.217.194.0-255,5738,169683,54,210544
32170,0.011749,172.31.46.0-255,66,169749,54,210544
32171,0.014086,172.217.194.0-255,5738,175487,54,210544
32172,0.014094,172.31.46.0-255,66,175553,54,210544
32173,0.016299,172.31.46.0-255,101,175654,54,210544
32174,0.016419,172.217.194.0-255,5738,181392,54,210544
32175,0.016427,172.31.46.0-255,66,181458,54,210544
32176,0.018601,172.217.194.0-255,66,181524,54,210544
32177,0.018766,172.217.194.0-255,5738,187262,54,210544
32178,0.018772,172.31.46.0-255,66,187328,54,210544
32179,0.021124,172.217.194.0-255,5738,193066,54,210544
32180,0.021131,172.31.46.0-255,66,193132,54,210544
32181,0.02346,172.217.194.0-255,5738,198870,54,210544
32182,0.023467,172.31.46.0-255,66,198936,54,210544
32183,0.025794,172.217.194.0-255,5738,204674,54,210544
32184,0.025802,172.31.46.0-255,66,204740,54,210544
32185,0.028185,172.217.194.0-255,5738,210478,54,210544
32186,0.028193,172.31.46.0-255,66,210544,54,210544
32187,0.0,74.125.200.0-255,148,148,54,306221
32188,1.8e-05,172.31.46.0-255,66,214,54,306221
32189,2.5e-05,74.125.200.0-255,1484,1698,54,306221
32190,2.9e-05,172.31.46.0-255,66,1764,54,306221
32191,3.5e-05,74.125.200.0-255,2902,4666,54,306221
32192,3.9e-05,172.31.46.0-255,66,4732,54,306221
32193,4.2e-05,74.125.200.0-255,1484,6216,54,306221
32194,4.4e-05,172.31.46.0-255,66,6282,54,306221
32195,5e-05,74.125.200.0-255,2902,9184,54,306221
32196,5.3e-05,172.31.46.0-255,66,9250,54,306221
32197,7.9e-05,74.125.200.0-255,1484,10734,54,306221
32198,8.1e-05,172.31.46.0-255,66,10800,54,306221
32199,9.9e-05,74.125.200.0-255,2902,13702,54,306221
32200,0.000102,172.31.46.0-255,66,13768,54,306221
32201,0.00012,74.125.200.0-255,4829,18597,54,306221
32202,0.000122,172.31.46.0-255,66,18663,54,306221
32203,0.00014,74.125.200.0-255,1484,20147,54,306221
32204,0.000142,172.31.46.0-255,66,20213,54,306221
32205,0.000155,74.125.200.0-255,2902,23115,54,306221
32206,0.000157,172.31.46.0-255,66,23181,54,306221
32207,0.000177,74.125.200.0-255,5738,28919,54,306221
32208,0.000179,172.31.46.0-255,66,28985,54,306221
32209,0.000183,74.125.200.0-255,1484,30469,54,306221
32210,0.000184,172.31.46.0-255,66,30535,54,306221
32211,0.000189,74.125.200.0-255,2902,33437,54,306221
32212,0.000191,172.31.46.0-255,66,33503,54,306221
32213,0.000209,74.125.200.0-255,5738,39241,54,306221
32214,0.000212,172.31.46.0-255,66,39307,54,306221
32215,0.000242,74.125.200.0-255,5738,45045,54,306221
32216,0.000244,172.31.46.0-255,66,45111,54,306221
32217,0.000267,74.125.200.0-255,3602,48713,54,306221
32218,0.000269,172.31.46.0-255,66,48779,54,306221
32219,0.0003,74.125.200.0-255,1484,50263,54,306221
32220,0.000305,74.125.200.0-255,1484,51747,54,306221
32221,0.000322,74.125.200.0-255,1484,53231,54,306221
32222,0.000337,74.125.200.0-255,4320,57551,54,306221
32223,0.000366,74.125.200.0-255,5738,63289,54,306221
32224,0.00038,74.125.200.0-255,1484,64773,54,306221
32225,0.000397,74.125.200.0-255,1463,66236,54,306221
32226,0.000466,74.125.200.0-255,1484,67720,54,306221
32227,0.000485,74.125.200.0-255,2902,70622,54,306221
32228,0.000499,74.125.200.0-255,1484,72106,54,306221
32229,0.000504,74.125.200.0-255,2902,75008,54,306221
32230,0.000516,74.125.200.0-255,1484,76492,54,306221
32231,0.000533,74.125.200.0-255,4320,80812,54,306221
32232,0.000538,74.125.200.0-255,4320,85132,54,306221
32233,0.000548,74.125.200.0-255,1484,86616,54,306221
32234,0.000565,74.125.200.0-255,7156,93772,54,306221
32235,0.00059,74.125.200.0-255,4320,98092,54,306221
32236,0.000598,172.31.46.0-255,66,98158,54,306221
32237,0.000608,74.125.200.0-255,2184,100342,54,306221
32238,0.00064,172.31.46.0-255,66,100408,54,306221
32239,0.000655,74.125.200.0-255,348,100756,54,306221
32240,0.000704,74.125.200.0-255,1484,102240,54,306221
32241,0.000708,74.125.200.0-255,2902,105142,54,306221
32242,0.000714,74.125.200.0-255,2902,108044,54,306221
32243,0.00073,74.125.200.0-255,2902,110946,54,306221
32244,0.000757,172.31.46.0-255,66,111012,54,306221
32245,0.000761,74.125.200.0-255,1484,112496,54,306221
32246,0.000767,172.31.46.0-255,66,112562,54,306221
32247,0.000827,172.31.46.0-255,66,112628,54,306221
32248,0.00084,74.125.200.0-255,1484,114112,54,306221
32249,0.000859,74.125.200.0-255,3602,117714,54,306221
32250,0.000866,172.31.46.0-255,66,117780,54,306221
32251,0.000939,74.125.200.0-255,1484,119264,54,306221
32252,0.000951,74.125.200.0-255,1484,120748,54,306221
32253,0.000957,172.31.46.0-255,66,120814,54,306221
32254,0.000964,74.125.200.0-255,1484,122298,54,306221
32255,0.000987,74.125.200.0-255,5738,128036,54,306221
32256,0.00101,172.31.46.0-255,66,128102,54,306221
32257,0.001029,74.125.200.0-255,2902,131004,54,306221
32258,0.001054,74.125.200.0-255,766,131770,54,306221
32259,0.001061,172.31.46.0-255,66,131836,54,306221
32260,0.001154,74.125.200.0-255,1484,133320,54,306221
32261,0.001169,74.125.200.0-255,2902,136222,54,306221
32262,0.001183,172.31.46.0-255,66,136288,54,306221
32263,0.001207,74.125.200.0-255,1484,137772,54,306221
32264,0.001227,74.125.200.0-255,2902,140674,54,306221
32265,0.001232,172.31.46.0-255,66,140740,54,306221
32266,0.001253,74.125.200.0-255,2902,143642,54,306221
32267,0.001272,172.31.46.0-255,66,143708,54,306221
32268,0.001283,74.125.200.0-255,4320,148028,54,306221
32269,0.001288,172.31.46.0-255,66,148094,54,306221
32270,0.001298,74.125.200.0-255,1484,149578,54,306221
32271,0.001359,74.125.200.0-255,2902,152480,54,306221
32272,0.001363,74.125.200.0-255,1484,153964,54,306221
32273,0.00138,74.125.200.0-255,2902,156866,54,306221
32274,0.001397,74.125.200.0-255,2902,159768,54,306221
32275,0.001406,74.125.200.0-255,1484,161252,54,306221
32276,0.001411,74.125.200.0-255,2902,164154,54,306221
32277,0.001427,74.125.200.0-255,2184,166338,54,306221
32278,0.00151,172.31.46.0-255,66,166404,54,306221
32279,0.001646,74.125.200.0-255,1484,167888,54,306221
32280,0.001654,74.125.200.0-255,2902,170790,54,306221
32281,0.001669,172.31.46.0-255,66,170856,54,306221
32282,0.001676,74.125.200.0-255,5738,176594,54,306221
32283,0.001687,172.31.46.0-255,66,176660,54,306221
32284,0.001748,172.31.46.0-255,66,176726,54,306221
32285,0.001788,74.125.200.0-255,5020,181746,54,306221
32286,0.001791,172.31.46.0-255,66,181812,54,306221
32287,0.00181,172.31.46.0-255,66,181878,54,306221
32288,0.001834,74.125.200.0-255,5738,187616,54,306221
32289,0.001841,74.125.200.0-255,7156,194772,54,306221
32290,0.001854,74.125.200.0-255,3602,198374,54,306221
32291,0.001869,74.125.200.0-255,4320,202694,54,306221
32292,0.001875,172.31.46.0-255,66,202760,54,306221
32293,0.001892,74.125.200.0-255,4320,207080,54,306221
32294,0.001908,74.125.200.0-255,5738,212818,54,306221
32295,0.001914,74.125.200.0-255,4320,217138,54,306221
32296,0.00192,74.125.200.0-255,5738,222876,54,306221
32297,0.001973,74.125.200.0-255,6438,229314,54,306221
32298,0.00198,172.31.46.0-255,66,229380,54,306221
32299,0.001994,74.125.200.0-255,5738,235118,54,306221
32300,0.002008,172.31.46.0-255,66,235184,54,306221
32301,0.002017,74.125.200.0-255,1484,236668,54,306221
32302,0.002021,74.125.200.0-255,2902,239570,54,306221
32303,0.002025,74.125.200.0-255,4320,243890,54,306221
32304,0.002032,172.31.46.0-255,66,243956,54,306221
32305,0.00208,172.31.46.0-255,66,244022,54,306221
32306,0.002096,74.125.200.0-255,7156,251178,54,306221
32307,0.002123,74.125.200.0-255,2184,253362,54,306221
32308,0.002128,74.125.200.0-255,5738,259100,54,306221
32309,0.002135,74.125.200.0-255,7156,266256,54,306221
32310,0.002141,172.31.46.0-255,66,266322,54,306221
32311,0.002165,74.125.200.0-255,7156,273478,54,306221
32312,0.002181,74.125.200.0-255,6438,279916,54,306221
32313,0.002188,172.31.46.0-255,66,279982,54,306221
32314,0.002209,74.125.200.0-255,5738,285720,54,306221
32315,0.002221,172.31.46.0-255,66,285786,54,306221
32316,0.00224,172.31.46.0-255,66,285852,54,306221
32317,0.002289,74.125.200.0-255,5738,291590,54,306221
32318,0.002294,74.125.200.0-255,3602,295192,54,306221
32319,0.002301,172.31.46.0-255,66,295258,54,306221
32320,0.002313,74.125.200.0-255,1484,296742,54,306221
32321,0.00234,74.125.200.0-255,2902,299644,54,306221
32322,0.002366,74.125.200.0-255,4320,303964,54,306221
32323,0.002372,172.31.46.0-255,66,304030,54,306221
32324,0.002381,74.125.200.0-255,1484,305514,54,306221
32325,0.002384,74.125.200.0-255,299,305813,54,306221
32326,0.002403,172.31.46.0-255,66,305879,54,306221
32327,0.002433,74.125.200.0-255,105,305984,54,306221
32328,0.005014,172.31.46.0-255,66,306050,54,306221
32329,0.005051,172.31.46.0-255,105,306155,54,306221
32330,0.007531,74.125.200.0-255,66,306221,54,306221
32331,0.0,74.125.68.0-255,153,153,54,255968
32332,2.3e-05,172.31.46.0-255,66,219,54,255968
32333,3.1e-05,74.125.68.0-255,1484,1703,54,255968
32334,3.6e-05,172.31.46.0-255,66,1769,54,255968
32335,5.1e-05,74.125.68.0-255,2902,4671,54,255968
32336,5.5e-05,172.31.46.0-255,66,4737,54,255968
32337,6.2e-05,74.125.68.0-255,4320,9057,54,255968
32338,6.5e-05,172.31.46.0-255,66,9123,54,255968
32339,7.1e-05,74.125.68.0-255,4958,14081,54,255968
32340,7.3e-05,172.31.46.0-255,66,14147,54,255968
32341,0.000173,74.125.68.0-255,1484,15631,54,255968
32342,0.000177,172.31.46.0-255,66,15697,54,255968
32343,0.000182,74.125.68.0-255,2902,18599,54,255968
32344,0.000184,172.31.46.0-255,66,18665,54,255968
32345,0.000187,74.125.68.0-255,1484,20149,54,255968
32346,0.000188,172.31.46.0-255,66,20215,54,255968
32347,0.000197,74.125.68.0-255,1484,21699,54,255968
32348,0.0002,172.31.46.0-255,66,21765,54,255968
32349,0.000225,74.125.68.0-255,1484,23249,54,255968
32350,0.000228,172.31.46.0-255,66,23315,54,255968
32351,0.000235,74.125.68.0-255,5738,29053,54,255968
32352,0.000237,172.31.46.0-255,66,29119,54,255968
32353,0.000241,74.125.68.0-255,2543,31662,54,255968
32354,0.000243,172.31.46.0-255,66,31728,54,255968
32355,0.000276,74.125.68.0-255,2902,34630,54,255968
32356,0.000278,172.31.46.0-255,66,34696,54,255968
32357,0.000282,74.125.68.0-255,1484,36180,54,255968
32358,0.000285,172.31.46.0-255,66,36246,54,255968
32359,0.000312,74.125.68.0-255,5738,41984,54,255968
32360,0.000319,172.31.46.0-255,66,42050,54,255968
32361,0.000323,74.125.68.0-255,2902,44952,54,255968
32362,0.000325,172.31.46.0-255,66,45018,54,255968
32363,0.000362,74.125.68.0-255,3961,48979,54,255968
32364,0.000365,172.31.46.0-255,66,49045,54,255968
32365,0.000401,74.125.68.0-255,1484,50529,54,255968
32366,0.000416,74.125.68.0-255,1484,52013,54,255968
32367,0.000419,172.31.46.0-255,66,52079,54,255968
32368,0.000443,74.125.68.0-255,1484,53563,54,255968
32369,0.00045,74.125.68.0-255,5738,59301,54,255968
32370,0.000453,172.31.46.0-255,66,59367,54,255968
32371,0.000458,74.125.68.0-255,4320,63687,54,255968
32372,0.00046,172.31.46.0-255,66,63753,54,255968
32373,0.000487,74.125.68.0-255,1484,65237,54,255968
32374,0.00049,74.125.68.0-255,1125,66362,54,255968
32375,0.000492,172.31.46.0-255,66,66428,54,255968
32376,0.000724,74.125.68.0-255,648,67076,54,255968
32377,0.001152,172.31.46.0-255,66,67142,54,255968
32378,0.001199,74.125.68.0-255,1484,68626,54,255968
32379,0.001214,74.125.68.0-255,1484,70110,54,255968
32380,0.001217,172.31.46.0-255,66,70176,54,255968
32381,0.001247,74.125.68.0-255,2902,73078,54,255968
32382,0.00125,172.31.46.0-255,66,73144,54,255968
32383,0.001257,74.125.68.0-255,5738,78882,54,255968
32384,0.001259,172.31.46.0-255,66,78948,54,255968
32385,0.001262,74.125.68.0-255,1484,80432,54,255968
32386,0.001284,74.125.68.0-255,1484,81916,54,255968
32387,0.001286,172.31.46.0-255,66,81982,54,255968
32388,0.001292,74.125.68.0-255,4320,86302,54,255968
32389,0.001294,172.31.46.0-255,66,86368,54,255968
32390,0.001297,74.125.68.0-255,1484,87852,54,255968
32391,0.001329,74.125.68.0-255,7156,95008,54,255968
32392,0.001334,172.31.46.0-255,66,95074,54,255968
32393,0.001361,74.125.68.0-255,2902,97976,54,255968
32394,0.001364,172.31.46.0-255,66,98042,54,255968
32395,0.001388,74.125.68.0-255,3602,101644,54,255968
32396,0.00139,172.31.46.0-255,66,101710,54,255968
32397,0.001464,74.125.68.0-255,1484,103194,54,255968
32398,0.001487,74.125.68.0-255,2902,106096,54,255968
32399,0.00149,172.31.46.0-255,66,106162,54,255968
32400,0.00151,74.125.68.0-255,5738,111900,54,255968
32401,0.001513,172.31.46.0-255,66,111966,54,255968
32402,0.001565,74.125.68.0-255,1484,113450,54,255968
32403,0.001569,74.125.68.0-255,2902,116352,54,255968
32404,0.001571,172.31.46.0-255,66,116418,54,255968
32405,0.001575,74.125.68.0-255,1484,117902,54,255968
32406,0.001578,74.125.68.0-255,2902,120804,54,255968
32407,0.00158,172.31.46.0-255,66,120870,54,255968
32408,0.001584,74.125.68.0-255,1484,122354,54,255968
32409,0.00161,74.125.68.0-255,4320,126674,54,255968
32410,0.001612,172.31.46.0-255,66,126740,54,255968
32411,0.001618,74.125.68.0-255,4320,131060,54,255968
32412,0.00162,172.31.46.0-255,66,131126,54,255968
32413,0.001647,74.125.68.0-255,5020,136146,54,255968
32414,0.001649,172.31.46.0-255,66,136212,54,255968
32415,0.001687,172.31.46.0-255,66,136278,54,255968
32416,0.001731,74.125.68.0-255,5738,142016,54,255968
32417,0.001734,172.31.46.0-255,66,142082,54,255968
32418,0.001779,74.125.68.0-255,2902,144984,54,255968
32419,0.001783,172.31.46.0-255,66,145050,54,255968
32420,0.001823,74.125.68.0-255,4320,149370,54,255968
32421,0.001826,172.31.46.0-255,66,149436,54,255968
32422,0.001871,74.125.68.0-255,4320,153756,54,255968
32423,0.001874,172.31.46.0-255,66,153822,54,255968
32424,0.0019,74.125.68.0-255,1484,155306,54,255968
32425,0.001927,74.125.68.0-255,2902,158208,54,255968
32426,0.001929,172.31.46.0-255,66,158274,54,255968
32427,0.001955,74.125.68.0-255,2184,160458,54,255968
32428,0.001958,172.31.46.0-255,66,160524,54,255968
32429,0.002106,74.125.68.0-255,1484,162008,54,255968
32430,0.002112,74.125.68.0-255,2902,164910,54,255968
32431,0.002115,172.31.46.0-255,66,164976,54,255968
32432,0.002119,74.125.68.0-255,1484,166460,54,255968
32433,0.002139,74.125.68.0-255,1484,167944,54,255968
32434,0.002142,172.31.46.0-255,66,168010,54,255968
32435,0.002148,74.125.68.0-255,4320,172330,54,255968
32436,0.00215,172.31.46.0-255,66,172396,54,255968
32437,0.002204,172.31.46.0-255,66,172462,54,255968
32438,0.002209,74.125.68.0-255,4320,176782,54,255968
32439,0.002211,172.31.46.0-255,66,176848,54,255968
32440,0.002227,74.125.68.0-255,4320,181168,54,255968
32441,0.002234,172.31.46.0-255,66,181234,54,255968
32442,0.002253,74.125.68.0-255,5020,186254,54,255968
32443,0.002255,172.31.46.0-255,66,186320,54,255968
32444,0.004443,74.125.68.0-255,5738,192058,54,255968
32445,0.004452,172.31.46.0-255,66,192124,54,255968
32446,0.006662,74.125.68.0-255,5738,197862,54,255968
32447,0.006667,172.31.46.0-255,66,197928,54,255968
32448,0.00887,74.125.68.0-255,5738,203666,54,255968
32449,0.008878,172.31.46.0-255,66,203732,54,255968
32450,0.011102,74.125.68.0-255,5738,209470,54,255968
32451,0.011113,172.31.46.0-255,66,209536,54,255968
32452,0.013309,74.125.68.0-255,5738,215274,54,255968
32453,0.013319,172.31.46.0-255,66,215340,54,255968
32454,0.015542,74.125.68.0-255,5738,221078,54,255968
32455,0.015561,172.31.46.0-255,66,221144,54,255968
32456,0.017793,74.125.68.0-255,5738,226882,54,255968
32457,0.017811,172.31.46.0-255,66,226948,54,255968
32458,0.020027,74.125.68.0-255,5738,232686,54,255968
32459,0.020043,172.31.46.0-255,66,232752,54,255968
32460,0.022267,74.125.68.0-255,5738,238490,54,255968
32461,0.022282,172.31.46.0-255,66,238556,54,255968
32462,0.024489,74.125.68.0-255,5738,244294,54,255968
32463,0.024506,172.31.46.0-255,66,244360,54,255968
32464,0.026723,74.125.68.0-255,5738,250098,54,255968
32465,0.026738,172.31.46.0-255,66,250164,54,255968
32466,0.028953,74.125.68.0-255,5738,255902,54,255968
32467,0.028965,172.31.46.0-255,66,255968,54,255968
32468,0.0,74.125.24.0-255,153,153,54,135762
32469,2.3e-05,172.31.46.0-255,66,219,54,135762
32470,3e-05,74.125.24.0-255,1484,1703,54,135762
32471,3.5e-05,172.31.46.0-255,66,1769,54,135762
32472,4e-05,74.125.24.0-255,2902,4671,54,135762
32473,4.3e-05,172.31.46.0-255,66,4737,54,135762
32474,5.8e-05,74.125.24.0-255,7156,11893,54,135762
32475,6.2e-05,172.31.46.0-255,66,11959,54,135762
32476,9.8e-05,74.125.24.0-255,2071,14030,54,135762
32477,0.000101,172.31.46.0-255,66,14096,54,135762
32478,0.000144,74.125.24.0-255,1484,15580,54,135762
32479,0.000146,172.31.46.0-255,66,15646,54,135762
32480,0.000152,74.125.24.0-255,2902,18548,54,135762
32481,0.000154,172.31.46.0-255,66,18614,54,135762
32482,0.00016,74.125.24.0-255,4320,22934,54,135762
32483,0.000167,172.31.46.0-255,66,23000,54,135762
32484,0.000201,74.125.24.0-255,1484,24484,54,135762
32485,0.000204,172.31.46.0-255,66,24550,54,135762
32486,0.000211,74.125.24.0-255,6797,31347,54,135762
32487,0.000213,172.31.46.0-255,66,31413,54,135762
32488,0.000523,74.125.24.0-255,1484,32897,54,135762
32489,0.000529,172.31.46.0-255,66,32963,54,135762
32490,0.000534,74.125.24.0-255,2902,35865,54,135762
32491,0.000537,172.31.46.0-255,66,35931,54,135762
32492,0.000563,74.125.24.0-255,5738,41669,54,135762
32493,0.000565,172.31.46.0-255,66,41735,54,135762
32494,0.000574,74.125.24.0-255,2902,44637,54,135762
32495,0.000576,172.31.46.0-255,66,44703,54,135762
32496,0.000619,172.31.46.0-255,66,44769,54,135762
32497,0.000631,172.31.46.0-255,66,44835,54,135762
32498,0.000634,74.125.24.0-255,1438,46273,54,135762
32499,0.000673,74.125.24.0-255,110,46383,54,135762
32500,0.000738,74.125.24.0-255,329,46712,54,135762
32501,0.000741,172.31.46.0-255,66,46778,54,135762
32502,0.001498,74.125.24.0-255,1484,48262,54,135762
32503,0.001508,74.125.24.0-255,2902,51164,54,135762
32504,0.001512,172.31.46.0-255,66,51230,54,135762
32505,0.001517,74.125.24.0-255,1484,52714,54,135762
32506,0.001547,74.125.24.0-255,4320,57034,54,135762
32507,0.001549,172.31.46.0-255,66,57100,54,135762
32508,0.001555,74.125.24.0-255,4320,61420,54,135762
32509,0.001557,172.31.46.0-255,66,61486,54,135762
32510,0.00159,172.31.46.0-255,66,61552,54,135762
32511,0.001598,74.125.24.0-255,5738,67290,54,135762
32512,0.0016,172.31.46.0-255,66,67356,54,135762
32513,0.001644,172.31.46.0-255,66,67422,54,135762
32514,0.001658,172.31.46.0-255,66,67488,54,135762
32515,0.001703,172.31.46.0-255,66,67554,54,135762
32516,0.002367,74.125.24.0-255,1484,69038,54,135762
32517,0.00404,74.125.24.0-255,4320,73358,54,135762
32518,0.004048,172.31.46.0-255,66,73424,54,135762
32519,0.00642,74.125.24.0-255,5738,79162,54,135762
32520,0.006426,172.31.46.0-255,66,79228,54,135762
32521,0.008797,74.125.24.0-255,5738,84966,54,135762
32522,0.008805,172.31.46.0-255,66,85032,54,135762
32523,0.011149,74.125.24.0-255,5738,90770,54,135762
32524,0.011161,172.31.46.0-255,66,90836,54,135762
32525,0.013547,74.125.24.0-255,5738,96574,54,135762
32526,0.013558,172.31.46.0-255,66,96640,54,135762
32527,0.015899,74.125.24.0-255,5738,102378,54,135762
32528,0.015908,172.31.46.0-255,66,102444,54,135762
32529,0.018281,74.125.24.0-255,5738,108182,54,135762
32530,0.018291,172.31.46.0-255,66,108248,54,135762
32531,0.020665,74.125.24.0-255,5738,113986,54,135762
32532,0.020677,172.31.46.0-255,66,114052,54,135762
32533,0.023038,74.125.24.0-255,5738,119790,54,135762
32534,0.023049,172.31.46.0-255,66,119856,54,135762
32535,0.025404,74.125.24.0-255,5738,125594,54,135762
32536,0.025414,172.31.46.0-255,66,125660,54,135762
32537,0.027396,172.31.46.0-255,188,125848,54,135762
32538,0.027422,172.31.46.0-255,960,126808,54,135762
32539,0.027472,172.31.46.0-255,1514,128322,54,135762
32540,0.027473,172.31.46.0-255,1438,129760,54,135762
32541,0.027794,74.125.24.0-255,5738,135498,54,135762
32542,0.0278,172.31.46.0-255,66,135564,54,135762
32543,0.028934,104.244.42.0-255,66,135630,54,135762
32544,0.028963,104.244.42.0-255,66,135696,54,135762
32545,0.029014,104.244.42.0-255,66,135762,54,135762
32546,0.0,172.217.194.0-255,146,146,54,229172
32547,3.3e-05,172.31.46.0-255,66,212,54,229172
32548,4.1e-05,172.217.194.0-255,1484,1696,54,229172
32549,4.5e-05,172.31.46.0-255,66,1762,54,229172
32550,5e-05,172.217.194.0-255,2902,4664,54,229172
32551,5.2e-05,172.31.46.0-255,66,4730,54,229172
32552,6.2e-05,172.217.194.0-255,1484,6214,54,229172
32553,6.5e-05,172.31.46.0-255,66,6280,54,229172
32554,0.000109,172.31.46.0-255,66,6346,54,229172
32555,0.000165,172.217.194.0-255,1484,7830,54,229172
32556,0.000169,172.31.46.0-255,66,7896,54,229172
32557,0.000202,172.217.194.0-255,7156,15052,54,229172
32558,0.000206,172.31.46.0-255,66,15118,54,229172
32559,0.000218,172.31.46.0-255,66,15184,54,229172
32560,0.000233,172.31.46.0-255,66,15250,54,229172
32561,0.000264,172.217.194.0-255,1484,16734,54,229172
32562,0.000266,172.31.46.0-255,66,16800,54,229172
32563,0.00027,172.217.194.0-255,2902,19702,54,229172
32564,0.000273,172.31.46.0-255,66,19768,54,229172
32565,0.000296,172.217.194.0-255,5738,25506,54,229172
32566,0.000299,172.31.46.0-255,66,25572,54,229172
32567,0.000341,172.217.194.0-255,1484,27056,54,229172
32568,0.000344,172.31.46.0-255,66,27122,54,229172
32569,0.000367,172.217.194.0-255,5654,32776,54,229172
32570,0.00037,172.31.46.0-255,66,32842,54,229172
32571,0.000373,172.217.194.0-255,115,32957,54,229172
32572,0.000375,172.31.46.0-255,66,33023,54,229172
32573,0.000654,172.217.194.0-255,383,33406,54,229172
32574,0.000659,172.31.46.0-255,66,33472,54,229172
32575,0.000839,172.217.194.0-255,1484,34956,54,229172
32576,0.000846,172.217.194.0-255,2902,37858,54,229172
32577,0.000849,172.31.46.0-255,66,37924,54,229172
32578,0.000876,172.217.194.0-255,5738,43662,54,229172
32579,0.000881,172.31.46.0-255,66,43728,54,229172
32580,0.000915,172.31.46.0-255,66,43794,54,229172
32581,0.000926,172.31.46.0-255,66,43860,54,229172
32582,0.00095,172.217.194.0-255,766,44626,54,229172
32583,0.00115,172.31.46.0-255,66,44692,54,229172
32584,0.001319,172.217.194.0-255,1484,46176,54,229172
32585,0.001329,172.217.194.0-255,2902,49078,54,229172
32586,0.001333,172.31.46.0-255,66,49144,54,229172
32587,0.001341,172.217.194.0-255,5738,54882,54,229172
32588,0.001343,172.31.46.0-255,66,54948,54,229172
32589,0.001363,172.217.194.0-255,2902,57850,54,229172
32590,0.001366,172.31.46.0-255,66,57916,54,229172
32591,0.001405,172.31.46.0-255,66,57982,54,229172
32592,0.001419,172.217.194.0-255,4320,62302,54,229172
32593,0.001422,172.31.46.0-255,66,62368,54,229172
32594,0.001446,172.217.194.0-255,6438,68806,54,229172
32595,0.001449,172.31.46.0-255,66,68872,54,229172
32596,0.001498,172.217.194.0-255,1484,70356,54,229172
32597,0.001503,172.217.194.0-255,2902,73258,54,229172
32598,0.001507,172.31.46.0-255,66,73324,54,229172
32599,0.001538,172.217.194.0-255,5738,79062,54,229172
32600,0.001542,172.31.46.0-255,66,79128,54,229172
32601,0.001547,172.217.194.0-255,4320,83448,54,229172
32602,0.00155,172.31.46.0-255,66,83514,54,229172
32603,0.001579,172.31.46.0-255,66,83580,54,229172
32604,0.001596,172.31.46.0-255,66,83646,54,229172
32605,0.001625,172.217.194.0-255,766,84412,54,229172
32606,0.001677,172.217.194.0-255,1484,85896,54,229172
32607,0.001681,172.31.46.0-255,66,85962,54,229172
32608,0.001686,172.217.194.0-255,2902,88864,54,229172
32609,0.001689,172.31.46.0-255,66,88930,54,229172
32610,0.001691,172.217.194.0-255,1484,90414,54,229172
32611,0.001722,172.217.194.0-255,4320,94734,54,229172
32612,0.001726,172.31.46.0-255,66,94800,54,229172
32613,0.001732,172.217.194.0-255,7156,101956,54,229172
32614,0.001738,172.217.194.0-255,4320,106276,54,229172
32615,0.001773,172.217.194.0-255,2184,108460,54,229172
32616,0.00184,172.217.194.0-255,2902,111362,54,229172
32617,0.001849,172.217.194.0-255,7156,118518,54,229172
32618,0.00187,172.217.194.0-255,4320,122838,54,229172
32619,0.001923,172.217.194.0-255,5738,128576,54,229172
32620,0.001956,172.217.194.0-255,5738,134314,54,229172
32621,0.001976,172.217.194.0-255,7156,141470,54,229172
32622,0.001978,172.217.194.0-255,1484,142954,54,229172
32623,0.001994,172.217.194.0-255,5020,147974,54,229172
32624,0.002,172.217.194.0-255,4320,152294,54,229172
32625,0.002012,172.217.194.0-255,2902,155196,54,229172
32626,0.002027,172.217.194.0-255,2902,158098,54,229172
32627,0.002054,172.217.194.0-255,2902,161000,54,229172
32628,0.002092,172.217.194.0-255,6438,167438,54,229172
32629,0.002115,172.217.194.0-255,1484,168922,54,229172
32630,0.002119,172.217.194.0-255,2902,171824,54,229172
32631,0.002141,172.217.194.0-255,5738,177562,54,229172
32632,0.002145,172.217.194.0-255,2902,180464,54,229172
32633,0.002169,172.217.194.0-255,7156,187620,54,229172
32634,0.002202,172.217.194.0-255,4320,191940,54,229172
32635,0.002249,172.217.194.0-255,2902,194842,54,229172
32636,0.00228,172.217.194.0-255,4320,199162,54,229172
32637,0.002307,172.217.194.0-255,4320,203482,54,229172
32638,0.00232,172.217.194.0-255,2184,205666,54,229172
32639,0.002357,172.217.194.0-255,4320,209986,54,229172
32640,0.002457,172.217.194.0-255,6438,216424,54,229172
32641,0.002462,172.217.194.0-255,4320,220744,54,229172
32642,0.002475,172.217.194.0-255,5738,226482,54,229172
32643,0.002487,172.217.194.0-255,2348,228830,54,229172
32644,0.00249,172.217.194.0-255,105,228935,54,229172
32645,0.005146,172.31.46.0-255,66,229001,54,229172
32646,0.007714,172.31.46.0-255,105,229106,54,229172
32647,0.010321,172.217.194.0-255,66,229172,54,229172
32648,0.0,172.217.194.0-255,153,153,54,221037
32649,2e-05,172.31.46.0-255,66,219,54,221037
32650,2.7e-05,172.217.194.0-255,1484,1703,54,221037
32651,3.2e-05,172.31.46.0-255,66,1769,54,221037
32652,3.7e-05,172.217.194.0-255,2902,4671,54,221037
32653,4.8e-05,172.31.46.0-255,66,4737,54,221037
32654,5.6e-05,172.217.194.0-255,7156,11893,54,221037
32655,5.9e-05,172.31.46.0-255,66,11959,54,221037
32656,6.3e-05,172.217.194.0-255,2082,14041,54,221037
32657,6.7e-05,172.31.46.0-255,66,14107,54,221037
32658,0.000143,172.217.194.0-255,1484,15591,54,221037
32659,0.000146,172.31.46.0-255,66,15657,54,221037
32660,0.000169,172.217.194.0-255,2902,18559,54,221037
32661,0.000173,172.31.46.0-255,66,18625,54,221037
32662,0.000179,172.217.194.0-255,5738,24363,54,221037
32663,0.000181,172.31.46.0-255,66,24429,54,221037
32664,0.000221,172.217.194.0-255,4320,28749,54,221037
32665,0.000224,172.31.46.0-255,66,28815,54,221037
32666,0.00026,172.31.46.0-255,66,28881,54,221037
32667,0.000272,172.31.46.0-255,66,28947,54,221037
32668,0.000544,172.217.194.0-255,1484,30431,54,221037
32669,0.00055,172.31.46.0-255,66,30497,54,221037
32670,0.000556,172.217.194.0-255,2902,33399,54,221037
32671,0.000558,172.31.46.0-255,66,33465,54,221037
32672,0.000564,172.217.194.0-255,5738,39203,54,221037
32673,0.000573,172.31.46.0-255,66,39269,54,221037
32674,0.00058,172.217.194.0-255,6797,46066,54,221037
32675,0.000582,172.31.46.0-255,66,46132,54,221037
32676,0.000614,172.217.194.0-255,4320,50452,54,221037
32677,0.000617,172.31.46.0-255,66,50518,54,221037
32678,0.000623,172.217.194.0-255,5738,56256,54,221037
32679,0.000652,172.31.46.0-255,66,56322,54,221037
32680,0.000661,172.217.194.0-255,2902,59224,54,221037
32681,0.000672,172.31.46.0-255,66,59290,54,221037
32682,0.000683,172.217.194.0-255,3961,63251,54,221037
32683,0.000709,172.31.46.0-255,66,63317,54,221037
32684,0.001159,172.217.194.0-255,1484,64801,54,221037
32685,0.001173,172.217.194.0-255,2902,67703,54,221037
32686,0.001177,172.31.46.0-255,66,67769,54,221037
32687,0.001184,172.217.194.0-255,5738,73507,54,221037
32688,0.001186,172.31.46.0-255,66,73573,54,221037
32689,0.001254,172.217.194.0-255,4320,77893,54,221037
32690,0.001263,172.31.46.0-255,66,77959,54,221037
32691,0.001266,172.31.46.0-255,66,78025,54,221037
32692,0.001271,172.217.194.0-255,4320,82345,54,221037
32693,0.001295,172.217.194.0-255,2184,84529,54,221037
32694,0.001317,172.31.46.0-255,66,84595,54,221037
32695,0.001885,172.217.194.0-255,1484,86079,54,221037
32696,0.001895,172.217.194.0-255,2902,88981,54,221037
32697,0.001899,172.31.46.0-255,66,89047,54,221037
32698,0.001906,172.217.194.0-255,5738,94785,54,221037
32699,0.001908,172.31.46.0-255,66,94851,54,221037
32700,0.00192,172.217.194.0-255,5738,100589,54,221037
32701,0.001923,172.31.46.0-255,66,100655,54,221037
32702,0.001962,172.217.194.0-255,7156,107811,54,221037
32703,0.001965,172.31.46.0-255,66,107877,54,221037
32704,0.001976,172.31.46.0-255,66,107943,54,221037
32705,0.00198,172.217.194.0-255,2184,110127,54,221037
32706,0.001982,172.31.46.0-255,66,110193,54,221037
32707,0.002023,172.217.194.0-255,1484,111677,54,221037
32708,0.002029,172.217.194.0-255,2902,114579,54,221037
32709,0.002032,172.31.46.0-255,66,114645,54,221037
32710,0.002066,172.217.194.0-255,5738,120383,54,221037
32711,0.002072,172.217.194.0-255,4320,124703,54,221037
32712,0.002104,172.217.194.0-255,4320,129023,54,221037
32713,0.002118,172.217.194.0-255,4320,133343,54,221037
32714,0.002144,172.217.194.0-255,2184,135527,54,221037
32715,0.002204,172.217.194.0-255,1484,137011,54,221037
32716,0.002209,172.217.194.0-255,2902,139913,54,221037
32717,0.002216,172.217.194.0-255,5738,145651,54,221037
32718,0.002236,172.217.194.0-255,4320,149971,54,221037
32719,0.002252,172.217.194.0-255,4320,154291,54,221037
32720,0.00227,172.217.194.0-255,4320,158611,54,221037
32721,0.00236,172.217.194.0-255,4320,162931,54,221037
32722,0.004311,172.31.46.0-255,66,162997,54,221037
32723,0.006665,172.217.194.0-255,5738,168735,54,221037
32724,0.00667,172.31.46.0-255,66,168801,54,221037
32725,0.008975,172.217.194.0-255,5738,174539,54,221037
32726,0.008981,172.31.46.0-255,66,174605,54,221037
32727,0.011311,172.217.194.0-255,5738,180343,54,221037
32728,0.011321,172.31.46.0-255,66,180409,54,221037
32729,0.013641,172.217.194.0-255,5738,186147,54,221037
32730,0.01365,172.31.46.0-255,66,186213,54,221037
32731,0.015962,172.217.194.0-255,5738,191951,54,221037
32732,0.01597,172.31.46.0-255,66,192017,54,221037
32733,0.0183,172.217.194.0-255,5738,197755,54,221037
32734,0.018308,172.31.46.0-255,66,197821,54,221037
32735,0.020673,172.217.194.0-255,5738,203559,54,221037
32736,0.020684,172.31.46.0-255,66,203625,54,221037
32737,0.023001,172.217.194.0-255,5738,209363,54,221037
32738,0.023009,172.31.46.0-255,66,209429,54,221037
32739,0.025357,172.217.194.0-255,5738,215167,54,221037
32740,0.025364,172.31.46.0-255,66,215233,54,221037
32741,0.027692,172.217.194.0-255,5738,220971,54,221037
32742,0.0277,172.31.46.0-255,66,221037,54,221037
32743,0.0,74.125.68.0-255,146,146,54,302114
32744,2.1e-05,172.31.46.0-255,66,212,54,302114
32745,2.8e-05,74.125.68.0-255,1484,1696,54,302114
32746,3.2e-05,172.31.46.0-255,66,1762,54,302114
32747,3.8e-05,74.125.68.0-255,2902,4664,54,302114
32748,4e-05,172.31.46.0-255,66,4730,54,302114
32749,9.6e-05,74.125.68.0-255,5738,10468,54,302114
32750,9.9e-05,172.31.46.0-255,66,10534,54,302114
32751,0.000105,74.125.68.0-255,3460,13994,54,302114
32752,0.000107,172.31.46.0-255,66,14060,54,302114
32753,0.000113,74.125.68.0-255,4320,18380,54,302114
32754,0.000115,172.31.46.0-255,66,18446,54,302114
32755,0.000121,74.125.68.0-255,5738,24184,54,302114
32756,0.000125,172.31.46.0-255,66,24250,54,302114
32757,0.000144,74.125.68.0-255,4320,28570,54,302114
32758,0.000147,172.31.46.0-255,66,28636,54,302114
32759,0.000166,74.125.68.0-255,2543,31179,54,302114
32760,0.000168,172.31.46.0-255,66,31245,54,302114
32761,0.000245,74.125.68.0-255,1484,32729,54,302114
32762,0.000248,172.31.46.0-255,66,32795,54,302114
32763,0.000271,74.125.68.0-255,2902,35697,54,302114
32764,0.000274,172.31.46.0-255,66,35763,54,302114
32765,0.000277,74.125.68.0-255,1484,37247,54,302114
32766,0.000279,172.31.46.0-255,66,37313,54,302114
32767,0.000284,74.125.68.0-255,2902,40215,54,302114
32768,0.000286,172.31.46.0-255,66,40281,54,302114
32769,0.000317,74.125.68.0-255,5738,46019,54,302114
32770,0.00032,172.31.46.0-255,66,46085,54,302114
32771,0.000325,74.125.68.0-255,2902,48987,54,302114
32772,0.000327,172.31.46.0-255,66,49053,54,302114
32773,0.000338,74.125.68.0-255,1484,50537,54,302114
32774,0.00034,172.31.46.0-255,66,50603,54,302114
32775,0.000348,74.125.68.0-255,5738,56341,54,302114
32776,0.000351,172.31.46.0-255,66,56407,54,302114
32777,0.000378,74.125.68.0-255,5738,62145,54,302114
32778,0.000381,172.31.46.0-255,66,62211,54,302114
32779,0.000401,74.125.68.0-255,3602,65813,54,302114
32780,0.000404,172.31.46.0-255,66,65879,54,302114
32781,0.000406,74.125.68.0-255,362,66241,54,302114
32782,0.000409,172.31.46.0-255,66,66307,54,302114
32783,0.00045,74.125.68.0-255,131,66438,54,302114
32784,0.000453,172.31.46.0-255,66,66504,54,302114
32785,0.000617,74.125.68.0-255,1484,67988,54,302114
32786,0.000622,172.31.46.0-255,66,68054,54,302114
32787,0.000627,74.125.68.0-255,2902,70956,54,302114
32788,0.00063,172.31.46.0-255,66,71022,54,302114
32789,0.000633,74.125.68.0-255,1484,72506,54,302114
32790,0.000634,172.31.46.0-255,66,72572,54,302114
32791,0.000657,74.125.68.0-255,4320,76892,54,302114
32792,0.000659,172.31.46.0-255,66,76958,54,302114
32793,0.000703,74.125.68.0-255,4320,81278,54,302114
32794,0.000707,172.31.46.0-255,66,81344,54,302114
32795,0.000715,172.31.46.0-255,66,81410,54,302114
32796,0.000732,74.125.68.0-255,2902,84312,54,302114
32797,0.000734,172.31.46.0-255,66,84378,54,302114
32798,0.00076,74.125.68.0-255,3602,87980,54,302114
32799,0.000763,172.31.46.0-255,66,88046,54,302114
32800,0.001069,74.125.68.0-255,1484,89530,54,302114
32801,0.001073,172.31.46.0-255,66,89596,54,302114
32802,0.001077,74.125.68.0-255,1484,91080,54,302114
32803,0.001079,172.31.46.0-255,66,91146,54,302114
32804,0.001093,74.125.68.0-255,1484,92630,54,302114
32805,0.001095,172.31.46.0-255,66,92696,54,302114
32806,0.001101,74.125.68.0-255,4320,97016,54,302114
32807,0.001103,172.31.46.0-255,66,97082,54,302114
32808,0.001114,74.125.68.0-255,1484,98566,54,302114
32809,0.001116,172.31.46.0-255,66,98632,54,302114
32810,0.001136,74.125.68.0-255,7156,105788,54,302114
32811,0.001141,74.125.68.0-255,5738,111526,54,302114
32812,0.001145,172.31.46.0-255,66,111592,54,302114
32813,0.001147,172.31.46.0-255,66,111658,54,302114
32814,0.00117,74.125.68.0-255,1484,113142,54,302114
32815,0.001172,172.31.46.0-255,66,113208,54,302114
32816,0.001184,74.125.68.0-255,766,113974,54,302114
32817,0.001192,172.31.46.0-255,66,114040,54,302114
32818,0.001318,74.125.68.0-255,1484,115524,54,302114
32819,0.001339,74.125.68.0-255,1484,117008,54,302114
32820,0.001355,74.125.68.0-255,2902,119910,54,302114
32821,0.001359,172.31.46.0-255,66,119976,54,302114
32822,0.001368,172.31.46.0-255,66,120042,54,302114
32823,0.001395,74.125.68.0-255,5738,125780,54,302114
32824,0.0014,172.31.46.0-255,66,125846,54,302114
32825,0.001423,74.125.68.0-255,7156,133002,54,302114
32826,0.001426,172.31.46.0-255,66,133068,54,302114
32827,0.001446,74.125.68.0-255,4320,137388,54,302114
32828,0.001455,172.31.46.0-255,66,137454,54,302114
32829,0.001472,172.31.46.0-255,66,137520,54,302114
32830,0.00149,74.125.68.0-255,2184,139704,54,302114
32831,0.001505,172.31.46.0-255,66,139770,54,302114
32832,0.001725,74.125.68.0-255,1484,141254,54,302114
32833,0.001739,74.125.68.0-255,2902,144156,54,302114
32834,0.001744,172.31.46.0-255,66,144222,54,302114
32835,0.001784,74.125.68.0-255,2902,147124,54,302114
32836,0.001795,172.31.46.0-255,66,147190,54,302114
32837,0.001808,74.125.68.0-255,1484,148674,54,302114
32838,0.001825,74.125.68.0-255,7156,155830,54,302114
32839,0.001836,74.125.68.0-255,766,156596,54,302114
32840,0.001887,172.31.46.0-255,66,156662,54,302114
32841,0.001928,74.125.68.0-255,1484,158146,54,302114
32842,0.001941,74.125.68.0-255,1484,159630,54,302114
32843,0.001959,74.125.68.0-255,2902,162532,54,302114
32844,0.001966,172.31.46.0-255,66,162598,54,302114
32845,0.001979,74.125.68.0-255,5738,168336,54,302114
32846,0.002008,74.125.68.0-255,7156,175492,54,302114
32847,0.002011,74.125.68.0-255,1484,176976,54,302114
32848,0.002017,172.31.46.0-255,66,177042,54,302114
32849,0.002034,74.125.68.0-255,7156,184198,54,302114
32850,0.002045,172.31.46.0-255,66,184264,54,302114
32851,0.002063,74.125.68.0-255,6438,190702,54,302114
32852,0.002067,74.125.68.0-255,2902,193604,54,302114
32853,0.002084,74.125.68.0-255,4320,197924,54,302114
32854,0.002088,172.31.46.0-255,66,197990,54,302114
32855,0.002098,74.125.68.0-255,4320,202310,54,302114
32856,0.002103,172.31.46.0-255,66,202376,54,302114
32857,0.002121,74.125.68.0-255,5738,208114,54,302114
32858,0.002138,74.125.68.0-255,4320,212434,54,302114
32859,0.002165,74.125.68.0-255,7156,219590,54,302114
32860,0.002192,74.125.68.0-255,5020,224610,54,302114
32861,0.002212,74.125.68.0-255,5738,230348,54,302114
32862,0.002229,74.125.68.0-255,1484,231832,54,302114
32863,0.002238,74.125.68.0-255,7156,238988,54,302114
32864,0.002251,74.125.68.0-255,1484,240472,54,302114
32865,0.002268,74.125.68.0-255,2902,243374,54,302114
32866,0.002315,74.125.68.0-255,6438,249812,54,302114
32867,0.007267,172.31.46.0-255,66,249878,54,302114
32868,0.009534,74.125.68.0-255,5738,255616,54,302114
32869,0.009543,172.31.46.0-255,66,255682,54,302114
32870,0.011822,74.125.68.0-255,5738,261420,54,302114
32871,0.011832,172.31.46.0-255,66,261486,54,302114
32872,0.014111,74.125.68.0-255,5738,267224,54,302114
32873,0.01412,172.31.46.0-255,66,267290,54,302114
32874,0.016437,74.125.68.0-255,5738,273028,54,302114
32875,0.016453,172.31.46.0-255,66,273094,54,302114
32876,0.018732,74.125.68.0-255,5738,278832,54,302114
32877,0.018745,172.31.46.0-255,66,278898,54,302114
32878,0.02102,74.125.68.0-255,5738,284636,54,302114
32879,0.021033,172.31.46.0-255,66,284702,54,302114
32880,0.023321,74.125.68.0-255,5738,290440,54,302114
32881,0.023335,172.31.46.0-255,66,290506,54,302114
32882,0.025598,74.125.68.0-255,5738,296244,54,302114
32883,0.025606,172.31.46.0-255,66,296310,54,302114
32884,0.027886,74.125.68.0-255,5738,302048,54,302114
32885,0.027899,172.31.46.0-255,66,302114,54,302114
32886,0.0,172.217.194.0-255,153,153,54,197212
32887,2.8e-05,172.31.46.0-255,66,219,54,197212
32888,3.4e-05,172.217.194.0-255,1484,1703,54,197212
32889,3.7e-05,172.31.46.0-255,66,1769,54,197212
32890,4.1e-05,172.217.194.0-255,2902,4671,54,197212
32891,4.3e-05,172.31.46.0-255,66,4737,54,197212
32892,5.7e-05,172.217.194.0-255,7156,11893,54,197212
32893,6.1e-05,172.31.46.0-255,66,11959,54,197212
32894,6.5e-05,172.217.194.0-255,1972,13931,54,197212
32895,6.8e-05,172.31.46.0-255,66,13997,54,197212
32896,9e-05,172.217.194.0-255,1484,15481,54,197212
32897,9.2e-05,172.31.46.0-255,66,15547,54,197212
32898,0.000105,172.217.194.0-255,1484,17031,54,197212
32899,0.000108,172.31.46.0-255,66,17097,54,197212
32900,0.000115,172.217.194.0-255,7156,24253,54,197212
32901,0.000117,172.31.46.0-255,66,24319,54,197212
32902,0.000123,172.217.194.0-255,6797,31116,54,197212
32903,0.00013,172.31.46.0-255,66,31182,54,197212
32904,0.000231,172.217.194.0-255,1484,32666,54,197212
32905,0.000234,172.31.46.0-255,66,32732,54,197212
32906,0.000239,172.217.194.0-255,2902,35634,54,197212
32907,0.00024,172.31.46.0-255,66,35700,54,197212
32908,0.000271,172.217.194.0-255,5738,41438,54,197212
32909,0.000275,172.31.46.0-255,66,41504,54,197212
32910,0.000311,172.31.46.0-255,66,41570,54,197212
32911,0.000322,172.31.46.0-255,66,41636,54,197212
32912,0.000325,172.217.194.0-255,346,41982,54,197212
32913,0.000326,172.31.46.0-255,66,42048,54,197212
32914,0.000605,172.217.194.0-255,119,42167,54,197212
32915,0.000609,172.31.46.0-255,66,42233,54,197212
32916,0.000639,172.217.194.0-255,376,42609,54,197212
32917,0.00072,172.31.46.0-255,66,42675,54,197212
32918,0.000925,172.217.194.0-255,1484,44159,54,197212
32919,0.000934,172.217.194.0-255,2902,47061,54,197212
32920,0.000937,172.31.46.0-255,66,47127,54,197212
32921,0.000944,172.217.194.0-255,5738,52865,54,197212
32922,0.000946,172.31.46.0-255,66,52931,54,197212
32923,0.000948,172.217.194.0-255,1484,54415,54,197212
32924,0.000951,172.217.194.0-255,1484,55899,54,197212
32925,0.000957,172.31.46.0-255,66,55965,54,197212
32926,0.000991,172.217.194.0-255,7156,63121,54,197212
32927,0.000994,172.31.46.0-255,66,63187,54,197212
32928,0.000999,172.217.194.0-255,2902,66089,54,197212
32929,0.001,172.31.46.0-255,66,66155,54,197212
32930,0.001036,172.31.46.0-255,66,66221,54,197212
32931,0.001338,172.217.194.0-255,1484,67705,54,197212
32932,0.001345,172.217.194.0-255,2902,70607,54,197212
32933,0.001349,172.31.46.0-255,66,70673,54,197212
32934,0.001356,172.217.194.0-255,5738,76411,54,197212
32935,0.001358,172.31.46.0-255,66,76477,54,197212
32936,0.001387,172.217.194.0-255,5738,82215,54,197212
32937,0.00139,172.31.46.0-255,66,82281,54,197212
32938,0.001417,172.217.194.0-255,7156,89437,54,197212
32939,0.00142,172.31.46.0-255,66,89503,54,197212
32940,0.001434,172.31.46.0-255,66,89569,54,197212
32941,0.001437,172.217.194.0-255,766,90335,54,197212
32942,0.001647,172.217.194.0-255,1484,91819,54,197212
32943,0.001649,172.31.46.0-255,66,91885,54,197212
32944,0.001653,172.217.194.0-255,1484,93369,54,197212
32945,0.001671,172.217.194.0-255,1484,94853,54,197212
32946,0.001673,172.31.46.0-255,66,94919,54,197212
32947,0.001679,172.217.194.0-255,5738,100657,54,197212
32948,0.001681,172.31.46.0-255,66,100723,54,197212
32949,0.001715,172.31.46.0-255,66,100789,54,197212
32950,0.001731,172.31.46.0-255,66,100855,54,197212
32951,0.001778,172.217.194.0-255,1484,102339,54,197212
32952,0.0018,172.217.194.0-255,2902,105241,54,197212
32953,0.001802,172.31.46.0-255,66,105307,54,197212
32954,0.001808,172.217.194.0-255,5738,111045,54,197212
32955,0.00181,172.31.46.0-255,66,111111,54,197212
32956,0.001819,172.217.194.0-255,4320,115431,54,197212
32957,0.001822,172.31.46.0-255,66,115497,54,197212
32958,0.001853,172.31.46.0-255,66,115563,54,197212
32959,0.001885,172.31.46.0-255,66,115629,54,197212
32960,0.001967,172.217.194.0-255,1484,117113,54,197212
32961,0.001971,172.217.194.0-255,2902,120015,54,197212
32962,0.001974,172.31.46.0-255,66,120081,54,197212
32963,0.001977,172.217.194.0-255,1484,121565,54,197212
32964,0.002003,172.217.194.0-255,4320,125885,54,197212
32965,0.002006,172.31.46.0-255,66,125951,54,197212
32966,0.002011,172.217.194.0-255,5738,131689,54,197212
32967,0.002013,172.31.46.0-255,66,131755,54,197212
32968,0.002042,172.217.194.0-255,7156,138911,54,197212
32969,0.002045,172.31.46.0-255,66,138977,54,197212
32970,0.002056,172.31.46.0-255,66,139043,54,197212
32971,0.002078,172.217.194.0-255,1484,140527,54,197212
32972,0.002119,172.31.46.0-255,66,140593,54,197212
32973,0.002143,172.31.46.0-255,66,140659,54,197212
32974,0.002156,172.31.46.0-255,66,140725,54,197212
32975,0.002179,172.217.194.0-255,2184,142909,54,197212
32976,0.002181,172.31.46.0-255,66,142975,54,197212
32977,0.002225,172.217.194.0-255,1484,144459,54,197212
32978,0.00223,172.217.194.0-255,2902,147361,54,197212
32979,0.002233,172.31.46.0-255,66,147427,54,197212
32980,0.002238,172.217.194.0-255,4320,151747,54,197212
32981,0.002241,172.31.46.0-255,66,151813,54,197212
32982,0.002264,172.217.194.0-255,1484,153297,54,197212
32983,0.002299,172.217.194.0-255,1484,154781,54,197212
32984,0.002313,172.217.194.0-255,766,155547,54,197212
32985,0.002358,172.217.194.0-255,1484,157031,54,197212
32986,0.002381,172.217.194.0-255,4320,161351,54,197212
32987,0.002385,172.217.194.0-255,1484,162835,54,197212
32988,0.002397,172.217.194.0-255,1484,164319,54,197212
32989,0.002476,172.217.194.0-255,1484,165803,54,197212
32990,0.002652,172.217.194.0-255,5738,171541,54,197212
32991,0.00266,172.217.194.0-255,6438,177979,54,197212
32992,0.002665,172.217.194.0-255,4320,182299,54,197212
32993,0.002793,172.31.46.0-255,66,182365,54,197212
32994,0.005422,172.217.194.0-255,5738,188103,54,197212
32995,0.005428,172.31.46.0-255,66,188169,54,197212
32996,0.007996,172.217.194.0-255,856,189025,54,197212
32997,0.00927,172.31.46.0-255,66,189091,54,197212
32998,0.009294,172.31.46.0-255,105,189196,54,197212
32999,0.011824,172.217.194.0-255,66,189262,54,197212
33000,0.027269,172.31.46.0-255,172,189434,54,197212
33001,0.0273,172.31.46.0-255,1118,190552,54,197212
33002,0.027336,172.31.46.0-255,1514,192066,54,197212
33003,0.027338,172.31.46.0-255,1514,193580,54,197212
33004,0.027339,172.31.46.0-255,1514,195094,54,197212
33005,0.02734,172.31.46.0-255,1514,196608,54,197212
33006,0.027341,172.31.46.0-255,538,197146,54,197212
33007,0.028902,104.244.42.0-255,66,197212,54,197212
33008,0.0,74.125.24.0-255,151,151,54,159792
33009,1.4e-05,172.31.46.0-255,66,217,54,159792
33010,2e-05,74.125.24.0-255,1484,1701,54,159792
33011,2.4e-05,172.31.46.0-255,66,1767,54,159792
33012,2.9e-05,74.125.24.0-255,2902,4669,54,159792
33013,3.1e-05,172.31.46.0-255,66,4735,54,159792
33014,3.6e-05,74.125.24.0-255,2902,7637,54,159792
33015,3.8e-05,172.31.46.0-255,66,7703,54,159792
33016,5.9e-05,74.125.24.0-255,1484,9187,54,159792
33017,6.1e-05,172.31.46.0-255,66,9253,54,159792
33018,8e-05,74.125.24.0-255,1484,10737,54,159792
33019,8.2e-05,172.31.46.0-255,66,10803,54,159792
33020,0.0001,74.125.24.0-255,3394,14197,54,159792
33021,0.000102,172.31.46.0-255,66,14263,54,159792
33022,0.00031,172.31.46.0-255,101,14364,54,159792
33023,0.000381,74.125.24.0-255,1484,15848,54,159792
33024,0.000388,74.125.24.0-255,2902,18750,54,159792
33025,0.000391,172.31.46.0-255,66,18816,54,159792
33026,0.000412,74.125.24.0-255,5738,24554,54,159792
33027,0.000414,172.31.46.0-255,66,24620,54,159792
33028,0.000461,74.125.24.0-255,5738,30358,54,159792
33029,0.000464,172.31.46.0-255,66,30424,54,159792
33030,0.000475,74.125.24.0-255,1125,31549,54,159792
33031,0.00062,74.125.24.0-255,1484,33033,54,159792
33032,0.000623,172.31.46.0-255,66,33099,54,159792
33033,0.000628,74.125.24.0-255,2902,36001,54,159792
33034,0.00063,172.31.46.0-255,66,36067,54,159792
33035,0.000652,74.125.24.0-255,5738,41805,54,159792
33036,0.000654,172.31.46.0-255,66,41871,54,159792
33037,0.000689,74.125.24.0-255,2902,44773,54,159792
33038,0.000691,172.31.46.0-255,66,44839,54,159792
33039,0.00072,172.31.46.0-255,66,44905,54,159792
33040,0.000725,74.125.24.0-255,5738,50643,54,159792
33041,0.000727,172.31.46.0-255,66,50709,54,159792
33042,0.000749,74.125.24.0-255,4257,54966,54,159792
33043,0.000751,172.31.46.0-255,66,55032,54,159792
33044,0.00077,74.125.24.0-255,130,55162,54,159792
33045,0.001355,74.125.24.0-255,348,55510,54,159792
33046,0.001568,74.125.24.0-255,1484,56994,54,159792
33047,0.001574,172.31.46.0-255,66,57060,54,159792
33048,0.001579,74.125.24.0-255,2902,59962,54,159792
33049,0.001581,172.31.46.0-255,66,60028,54,159792
33050,0.001613,74.125.24.0-255,5738,65766,54,159792
33051,0.001615,172.31.46.0-255,66,65832,54,159792
33052,0.00162,74.125.24.0-255,5738,71570,54,159792
33053,0.001622,172.31.46.0-255,66,71636,54,159792
33054,0.001649,74.125.24.0-255,1125,72761,54,159792
33055,0.001675,74.125.24.0-255,1484,74245,54,159792
33056,0.001677,172.31.46.0-255,66,74311,54,159792
33057,0.001688,74.125.24.0-255,1484,75795,54,159792
33058,0.001703,74.125.24.0-255,2902,78697,54,159792
33059,0.001705,172.31.46.0-255,66,78763,54,159792
33060,0.001711,74.125.24.0-255,5738,84501,54,159792
33061,0.001713,172.31.46.0-255,66,84567,54,159792
33062,0.001723,74.125.24.0-255,1484,86051,54,159792
33063,0.001755,74.125.24.0-255,3961,90012,54,159792
33064,0.001757,172.31.46.0-255,66,90078,54,159792
33065,0.002559,74.125.24.0-255,66,90144,54,159792
33066,0.004048,74.125.24.0-255,5738,95882,54,159792
33067,0.004054,172.31.46.0-255,66,95948,54,159792
33068,0.006383,74.125.24.0-255,5738,101686,54,159792
33069,0.006388,172.31.46.0-255,66,101752,54,159792
33070,0.008718,74.125.24.0-255,5738,107490,54,159792
33071,0.008726,172.31.46.0-255,66,107556,54,159792
33072,0.011058,74.125.24.0-255,5738,113294,54,159792
33073,0.011066,172.31.46.0-255,66,113360,54,159792
33074,0.013384,74.125.24.0-255,5738,119098,54,159792
33075,0.013395,172.31.46.0-255,66,119164,54,159792
33076,0.015706,74.125.24.0-255,5738,124902,54,159792
33077,0.015716,172.31.46.0-255,66,124968,54,159792
33078,0.018033,74.125.24.0-255,5738,130706,54,159792
33079,0.018044,172.31.46.0-255,66,130772,54,159792
33080,0.020378,74.125.24.0-255,5738,136510,54,159792
33081,0.020386,172.31.46.0-255,66,136576,54,159792
33082,0.022711,74.125.24.0-255,5738,142314,54,159792
33083,0.022718,172.31.46.0-255,66,142380,54,159792
33084,0.025026,74.125.24.0-255,5738,148118,54,159792
33085,0.025033,172.31.46.0-255,66,148184,54,159792
33086,0.027368,74.125.24.0-255,5738,153922,54,159792
33087,0.027386,172.31.46.0-255,66,153988,54,159792
33088,0.02977,74.125.24.0-255,5738,159726,54,159792
33089,0.02978,172.31.46.0-255,66,159792,54,159792
33090,0.0,172.217.194.0-255,157,157,54,154436
33091,2.3e-05,172.31.46.0-255,66,223,54,154436
33092,3e-05,172.217.194.0-255,1484,1707,54,154436
33093,3.5e-05,172.31.46.0-255,66,1773,54,154436
33094,4e-05,172.217.194.0-255,2902,4675,54,154436
33095,4.4e-05,172.31.46.0-255,66,4741,54,154436
33096,5.1e-05,172.217.194.0-255,7156,11897,54,154436
33097,5.4e-05,172.31.46.0-255,66,11963,54,154436
33098,7.8e-05,172.217.194.0-255,1977,13940,54,154436
33099,8.1e-05,172.31.46.0-255,66,14006,54,154436
33100,0.000117,172.217.194.0-255,2902,16908,54,154436
33101,0.00012,172.31.46.0-255,66,16974,54,154436
33102,0.000141,172.217.194.0-255,4320,21294,54,154436
33103,0.000143,172.31.46.0-255,66,21360,54,154436
33104,0.000147,172.217.194.0-255,2902,24262,54,154436
33105,0.000149,172.31.46.0-255,66,24328,54,154436
33106,0.000167,172.217.194.0-255,5738,30066,54,154436
33107,0.000169,172.31.46.0-255,66,30132,54,154436
33108,0.000181,172.217.194.0-255,1125,31257,54,154436
33109,0.000184,172.31.46.0-255,66,31323,54,154436
33110,0.000398,172.217.194.0-255,1484,32807,54,154436
33111,0.000404,172.31.46.0-255,66,32873,54,154436
33112,0.000411,172.217.194.0-255,2902,35775,54,154436
33113,0.000414,172.31.46.0-255,66,35841,54,154436
33114,0.000434,172.217.194.0-255,4320,40161,54,154436
33115,0.000436,172.31.46.0-255,66,40227,54,154436
33116,0.000457,172.217.194.0-255,1484,41711,54,154436
33117,0.00046,172.31.46.0-255,66,41777,54,154436
33118,0.000463,172.217.194.0-255,1484,43261,54,154436
33119,0.000465,172.31.46.0-255,66,43327,54,154436
33120,0.000489,172.217.194.0-255,2902,46229,54,154436
33121,0.000492,172.31.46.0-255,66,46295,54,154436
33122,0.000507,172.217.194.0-255,2543,48838,54,154436
33123,0.00051,172.31.46.0-255,66,48904,54,154436
33124,0.00082,172.217.194.0-255,1484,50388,54,154436
33125,0.000827,172.217.194.0-255,2902,53290,54,154436
33126,0.000831,172.31.46.0-255,66,53356,54,154436
33127,0.000835,172.217.194.0-255,1484,54840,54,154436
33128,0.000855,172.217.194.0-255,4320,59160,54,154436
33129,0.000857,172.31.46.0-255,66,59226,54,154436
33130,0.000887,172.217.194.0-255,5738,64964,54,154436
33131,0.00089,172.31.46.0-255,66,65030,54,154436
33132,0.000901,172.217.194.0-255,1125,66155,54,154436
33133,0.001074,172.31.46.0-255,66,66221,54,154436
33134,0.001145,172.217.194.0-255,363,66584,54,154436
33135,0.001371,172.217.194.0-255,1484,68068,54,154436
33136,0.001377,172.31.46.0-255,66,68134,54,154436
33137,0.001385,172.217.194.0-255,2902,71036,54,154436
33138,0.001387,172.31.46.0-255,66,71102,54,154436
33139,0.001416,172.217.194.0-255,5738,76840,54,154436
33140,0.001419,172.31.46.0-255,66,76906,54,154436
33141,0.001425,172.217.194.0-255,4320,81226,54,154436
33142,0.001427,172.31.46.0-255,66,81292,54,154436
33143,0.001458,172.217.194.0-255,2836,84128,54,154436
33144,0.001462,172.31.46.0-255,66,84194,54,154436
33145,0.003786,172.217.194.0-255,2902,87096,54,154436
33146,0.003794,172.31.46.0-255,66,87162,54,154436
33147,0.003822,172.217.194.0-255,2902,90064,54,154436
33148,0.003825,172.31.46.0-255,66,90130,54,154436
33149,0.006163,172.217.194.0-255,2902,93032,54,154436
33150,0.006166,172.31.46.0-255,66,93098,54,154436
33151,0.006201,172.217.194.0-255,2902,96000,54,154436
33152,0.006204,172.31.46.0-255,66,96066,54,154436
33153,0.008517,172.217.194.0-255,2902,98968,54,154436
33154,0.008525,172.31.46.0-255,66,99034,54,154436
33155,0.008544,172.217.194.0-255,1484,100518,54,154436
33156,0.00856,172.217.194.0-255,1484,102002,54,154436
33157,0.008562,172.31.46.0-255,66,102068,54,154436
33158,0.010894,172.217.194.0-255,2902,104970,54,154436
33159,0.010904,172.31.46.0-255,66,105036,54,154436
33160,0.010919,172.217.194.0-255,2902,107938,54,154436
33161,0.010922,172.31.46.0-255,66,108004,54,154436
33162,0.013266,172.217.194.0-255,5738,113742,54,154436
33163,0.013274,172.31.46.0-255,66,113808,54,154436
33164,0.015655,172.217.194.0-255,5738,119546,54,154436
33165,0.015671,172.31.46.0-255,66,119612,54,154436
33166,0.018054,172.217.194.0-255,5738,125350,54,154436
33167,0.018064,172.31.46.0-255,66,125416,54,154436
33168,0.020414,172.217.194.0-255,5738,131154,54,154436
33169,0.020422,172.31.46.0-255,66,131220,54,154436
33170,0.022775,172.217.194.0-255,5738,136958,54,154436
33171,0.022785,172.31.46.0-255,66,137024,54,154436
33172,0.025192,172.217.194.0-255,5738,142762,54,154436
33173,0.025201,172.31.46.0-255,66,142828,54,154436
33174,0.027583,172.217.194.0-255,5738,148566,54,154436
33175,0.027591,172.31.46.0-255,66,148632,54,154436
33176,0.029961,172.217.194.0-255,5738,154370,54,154436
33177,0.02997,172.31.46.0-255,66,154436,54,154436
33178,0.0,74.125.24.0-255,146,146,54,207274
33179,2.3e-05,172.31.46.0-255,66,212,54,207274
33180,3e-05,74.125.24.0-255,1484,1696,54,207274
33181,3.5e-05,172.31.46.0-255,66,1762,54,207274
33182,4.7e-05,74.125.24.0-255,2902,4664,54,207274
33183,5e-05,172.31.46.0-255,66,4730,54,207274
33184,5.8e-05,74.125.24.0-255,7156,11886,54,207274
33185,6.1e-05,172.31.46.0-255,66,11952,54,207274
33186,0.0001,74.125.24.0-255,3528,15480,54,207274
33187,0.000103,172.31.46.0-255,66,15546,54,207274
33188,0.000109,74.125.24.0-255,4320,19866,54,207274
33189,0.000112,172.31.46.0-255,66,19932,54,207274
33190,0.000131,172.31.46.0-255,66,19998,54,207274
33191,0.000133,74.125.24.0-255,1125,21123,54,207274
33192,0.000136,172.31.46.0-255,66,21189,54,207274
33193,0.000198,74.125.24.0-255,1484,22673,54,207274
33194,0.000201,172.31.46.0-255,66,22739,54,207274
33195,0.000206,74.125.24.0-255,2902,25641,54,207274
33196,0.000208,172.31.46.0-255,66,25707,54,207274
33197,0.000226,74.125.24.0-255,5738,31445,54,207274
33198,0.000229,172.31.46.0-255,66,31511,54,207274
33199,0.000258,74.125.24.0-255,4320,35831,54,207274
33200,0.000261,172.31.46.0-255,66,35897,54,207274
33201,0.000291,172.31.46.0-255,66,35963,54,207274
33202,0.000298,74.125.24.0-255,7156,43119,54,207274
33203,0.0003,172.31.46.0-255,66,43185,54,207274
33204,0.000331,74.125.24.0-255,2822,46007,54,207274
33205,0.000333,172.31.46.0-255,66,46073,54,207274
33206,0.000355,74.125.24.0-255,131,46204,54,207274
33207,0.000358,172.31.46.0-255,66,46270,54,207274
33208,0.000472,74.125.24.0-255,1484,47754,54,207274
33209,0.000493,74.125.24.0-255,2902,50656,54,207274
33210,0.000498,172.31.46.0-255,66,50722,54,207274
33211,0.000504,74.125.24.0-255,5738,56460,54,207274
33212,0.000506,172.31.46.0-255,66,56526,54,207274
33213,0.00055,172.31.46.0-255,66,56592,54,207274
33214,0.000557,74.125.24.0-255,7156,63748,54,207274
33215,0.000559,172.31.46.0-255,66,63814,54,207274
33216,0.000572,74.125.24.0-255,1484,65298,54,207274
33217,0.000592,74.125.24.0-255,1403,66701,54,207274
33218,0.000594,172.31.46.0-255,66,66767,54,207274
33219,0.000695,74.125.24.0-255,1484,68251,54,207274
33220,0.0007,74.125.24.0-255,2902,71153,54,207274
33221,0.000702,172.31.46.0-255,66,71219,54,207274
33222,0.000706,74.125.24.0-255,1484,72703,54,207274
33223,0.000733,74.125.24.0-255,4320,77023,54,207274
33224,0.000736,172.31.46.0-255,66,77089,54,207274
33225,0.00075,172.31.46.0-255,66,77155,54,207274
33226,0.000767,172.31.46.0-255,66,77221,54,207274
33227,0.000794,74.125.24.0-255,2184,79405,54,207274
33228,0.000797,172.31.46.0-255,66,79471,54,207274
33229,0.000966,74.125.24.0-255,1484,80955,54,207274
33230,0.000988,74.125.24.0-255,2902,83857,54,207274
33231,0.000994,74.125.24.0-255,5738,89595,54,207274
33232,0.000996,74.125.24.0-255,1484,91079,54,207274
33233,0.001001,172.31.46.0-255,66,91145,54,207274
33234,0.001009,172.31.46.0-255,66,91211,54,207274
33235,0.001027,172.31.46.0-255,66,91277,54,207274
33236,0.001049,74.125.24.0-255,1484,92761,54,207274
33237,0.001083,172.31.46.0-255,66,92827,54,207274
33238,0.001289,74.125.24.0-255,1484,94311,54,207274
33239,0.001293,74.125.24.0-255,1484,95795,54,207274
33240,0.001305,172.31.46.0-255,66,95861,54,207274
33241,0.001309,74.125.24.0-255,1484,97345,54,207274
33242,0.001315,74.125.24.0-255,5738,103083,54,207274
33243,0.001317,172.31.46.0-255,66,103149,54,207274
33244,0.001325,74.125.24.0-255,1484,104633,54,207274
33245,0.00136,172.31.46.0-255,66,104699,54,207274
33246,0.001367,74.125.24.0-255,5738,110437,54,207274
33247,0.001369,172.31.46.0-255,66,110503,54,207274
33248,0.001394,74.125.24.0-255,5020,115523,54,207274
33249,0.001397,172.31.46.0-255,66,115589,54,207274
33250,0.001833,74.125.24.0-255,1484,117073,54,207274
33251,0.00184,74.125.24.0-255,2902,119975,54,207274
33252,0.001843,172.31.46.0-255,66,120041,54,207274
33253,0.001874,74.125.24.0-255,5738,125779,54,207274
33254,0.001876,172.31.46.0-255,66,125845,54,207274
33255,0.001882,74.125.24.0-255,4320,130165,54,207274
33256,0.001883,172.31.46.0-255,66,130231,54,207274
33257,0.001888,74.125.24.0-255,2902,133133,54,207274
33258,0.00189,172.31.46.0-255,66,133199,54,207274
33259,0.001933,172.31.46.0-255,66,133265,54,207274
33260,0.001943,172.31.46.0-255,66,133331,54,207274
33261,0.001967,74.125.24.0-255,5738,139069,54,207274
33262,0.001969,172.31.46.0-255,66,139135,54,207274
33263,0.001996,74.125.24.0-255,2902,142037,54,207274
33264,0.001999,172.31.46.0-255,66,142103,54,207274
33265,0.00202,172.31.46.0-255,66,142169,54,207274
33266,0.002088,172.31.46.0-255,66,142235,54,207274
33267,0.002106,172.31.46.0-255,66,142301,54,207274
33268,0.002119,172.31.46.0-255,66,142367,54,207274
33269,0.002164,172.31.46.0-255,66,142433,54,207274
33270,0.002197,74.125.24.0-255,6438,148871,54,207274
33271,0.0022,172.31.46.0-255,66,148937,54,207274
33272,0.002209,172.31.46.0-255,66,149003,54,207274
33273,0.002426,74.125.24.0-255,1484,150487,54,207274
33274,0.002442,74.125.24.0-255,2902,153389,54,207274
33275,0.002445,172.31.46.0-255,66,153455,54,207274
33276,0.002475,74.125.24.0-255,5738,159193,54,207274
33277,0.002477,172.31.46.0-255,66,159259,54,207274
33278,0.002482,74.125.24.0-255,4320,163579,54,207274
33279,0.002484,172.31.46.0-255,66,163645,54,207274
33280,0.002523,172.31.46.0-255,66,163711,54,207274
33281,0.002526,74.125.24.0-255,1484,165195,54,207274
33282,0.002555,74.125.24.0-255,6438,171633,54,207274
33283,0.002558,172.31.46.0-255,66,171699,54,207274
33284,0.002591,74.125.24.0-255,4320,176019,54,207274
33285,0.002593,172.31.46.0-255,66,176085,54,207274
33286,0.002624,74.125.24.0-255,5738,181823,54,207274
33287,0.002626,172.31.46.0-255,66,181889,54,207274
33288,0.002645,172.31.46.0-255,66,181955,54,207274
33289,0.002647,74.125.24.0-255,1484,183439,54,207274
33290,0.005231,74.125.24.0-255,4320,187759,54,207274
33291,0.00524,172.31.46.0-255,66,187825,54,207274
33292,0.00785,74.125.24.0-255,5738,193563,54,207274
33293,0.007858,172.31.46.0-255,66,193629,54,207274
33294,0.010489,74.125.24.0-255,5738,199367,54,207274
33295,0.010501,172.31.46.0-255,66,199433,54,207274
33296,0.013135,74.125.24.0-255,5738,205171,54,207274
33297,0.013149,172.31.46.0-255,66,205237,54,207274
33298,0.015762,74.125.24.0-255,1800,207037,54,207274
33299,0.015778,172.31.46.0-255,66,207103,54,207274
33300,0.017321,172.31.46.0-255,105,207208,54,207274
33301,0.019905,74.125.24.0-255,66,207274,54,207274
33302,0.0,172.217.194.0-255,153,153,54,209247
33303,2.3e-05,172.31.46.0-255,66,219,54,209247
33304,3e-05,172.217.194.0-255,1484,1703,54,209247
33305,3.4e-05,172.31.46.0-255,66,1769,54,209247
33306,4e-05,172.217.194.0-255,2902,4671,54,209247
33307,5.1e-05,172.31.46.0-255,66,4737,54,209247
33308,6e-05,172.217.194.0-255,7156,11893,54,209247
33309,6.4e-05,172.31.46.0-255,66,11959,54,209247
33310,7.1e-05,172.217.194.0-255,6328,18287,54,209247
33311,7.4e-05,172.31.46.0-255,66,18353,54,209247
33312,0.000126,172.217.194.0-255,7156,25509,54,209247
33313,0.00013,172.31.46.0-255,66,25575,54,209247
33314,0.000152,172.217.194.0-255,5379,30954,54,209247
33315,0.000155,172.31.46.0-255,66,31020,54,209247
33316,0.000158,172.217.194.0-255,1484,32504,54,209247
33317,0.00016,172.31.46.0-255,66,32570,54,209247
33318,0.000176,172.217.194.0-255,2902,35472,54,209247
33319,0.000179,172.31.46.0-255,66,35538,54,209247
33320,0.000185,172.217.194.0-255,4320,39858,54,209247
33321,0.000187,172.31.46.0-255,66,39924,54,209247
33322,0.000212,172.217.194.0-255,1484,41408,54,209247
33323,0.000214,172.31.46.0-255,66,41474,54,209247
33324,0.000222,172.217.194.0-255,7156,48630,54,209247
33325,0.00023,172.31.46.0-255,66,48696,54,209247
33326,0.000257,172.217.194.0-255,5738,54434,54,209247
33327,0.000259,172.31.46.0-255,66,54500,54,209247
33328,0.000266,172.217.194.0-255,7156,61656,54,209247
33329,0.000269,172.31.46.0-255,66,61722,54,209247
33330,0.000301,172.217.194.0-255,3910,65632,54,209247
33331,0.000303,172.31.46.0-255,66,65698,54,209247
33332,0.000306,172.217.194.0-255,399,66097,54,209247
33333,0.000308,172.31.46.0-255,66,66163,54,209247
33334,0.000507,172.217.194.0-255,1484,67647,54,209247
33335,0.00053,172.217.194.0-255,2902,70549,54,209247
33336,0.000534,172.31.46.0-255,66,70615,54,209247
33337,0.00054,172.217.194.0-255,5738,76353,54,209247
33338,0.000543,172.31.46.0-255,66,76419,54,209247
33339,0.000593,172.31.46.0-255,66,76485,54,209247
33340,0.0006,172.217.194.0-255,7156,83641,54,209247
33341,0.000602,172.31.46.0-255,66,83707,54,209247
33342,0.000629,172.217.194.0-255,1484,85191,54,209247
33343,0.00066,172.31.46.0-255,66,85257,54,209247
33344,0.000664,172.217.194.0-255,1484,86741,54,209247
33345,0.0007,172.31.46.0-255,66,86807,54,209247
33346,0.000706,172.217.194.0-255,3054,89861,54,209247
33347,0.000709,172.31.46.0-255,66,89927,54,209247
33348,0.001261,172.217.194.0-255,1484,91411,54,209247
33349,0.001268,172.217.194.0-255,2902,94313,54,209247
33350,0.001273,172.31.46.0-255,66,94379,54,209247
33351,0.00132,172.217.194.0-255,2902,97281,54,209247
33352,0.001322,172.31.46.0-255,66,97347,54,209247
33353,0.001341,172.217.194.0-255,2902,100249,54,209247
33354,0.001343,172.31.46.0-255,66,100315,54,209247
33355,0.001356,172.31.46.0-255,66,100381,54,209247
33356,0.001371,172.31.46.0-255,66,100447,54,209247
33357,0.001805,172.217.194.0-255,1484,101931,54,209247
33358,0.00181,172.217.194.0-255,1484,103415,54,209247
33359,0.001814,172.31.46.0-255,66,103481,54,209247
33360,0.001842,172.217.194.0-255,1484,104965,54,209247
33361,0.001849,172.217.194.0-255,5738,110703,54,209247
33362,0.001851,172.31.46.0-255,66,110769,54,209247
33363,0.001859,172.217.194.0-255,5738,116507,54,209247
33364,0.001861,172.31.46.0-255,66,116573,54,209247
33365,0.00192,172.217.194.0-255,5020,121593,54,209247
33366,0.001926,172.31.46.0-255,66,121659,54,209247
33367,0.001929,172.31.46.0-255,66,121725,54,209247
33368,0.002066,172.217.194.0-255,1484,123209,54,209247
33369,0.002096,172.217.194.0-255,2902,126111,54,209247
33370,0.002101,172.31.46.0-255,66,126177,54,209247
33371,0.002131,172.217.194.0-255,5738,131915,54,209247
33372,0.002135,172.31.46.0-255,66,131981,54,209247
33373,0.002192,172.31.46.0-255,66,132047,54,209247
33374,0.002198,172.217.194.0-255,2902,134949,54,209247
33375,0.0022,172.31.46.0-255,66,135015,54,209247
33376,0.002215,172.31.46.0-255,66,135081,54,209247
33377,0.002244,172.217.194.0-255,1484,136565,54,209247
33378,0.002249,172.217.194.0-255,2902,139467,54,209247
33379,0.002252,172.31.46.0-255,66,139533,54,209247
33380,0.002255,172.217.194.0-255,1484,141017,54,209247
33381,0.004494,172.217.194.0-255,4320,145337,54,209247
33382,0.004509,172.31.46.0-255,66,145403,54,209247
33383,0.006784,172.217.194.0-255,5738,151141,54,209247
33384,0.00679,172.31.46.0-255,66,151207,54,209247
33385,0.009062,172.217.194.0-255,5738,156945,54,209247
33386,0.009071,172.31.46.0-255,66,157011,54,209247
33387,0.011391,172.217.194.0-255,5738,162749,54,209247
33388,0.011401,172.31.46.0-255,66,162815,54,209247
33389,0.013669,172.217.194.0-255,5738,168553,54,209247
33390,0.013682,172.31.46.0-255,66,168619,54,209247
33391,0.015991,172.217.194.0-255,5738,174357,54,209247
33392,0.016005,172.31.46.0-255,66,174423,54,209247
33393,0.01825,172.217.194.0-255,5738,180161,54,209247
33394,0.018267,172.31.46.0-255,66,180227,54,209247
33395,0.020578,172.217.194.0-255,5738,185965,54,209247
33396,0.020595,172.31.46.0-255,66,186031,54,209247
33397,0.022903,172.217.194.0-255,5738,191769,54,209247
33398,0.022924,172.31.46.0-255,66,191835,54,209247
33399,0.025179,172.217.194.0-255,5738,197573,54,209247
33400,0.025194,172.31.46.0-255,66,197639,54,209247
33401,0.027476,172.217.194.0-255,5738,203377,54,209247
33402,0.02749,172.31.46.0-255,66,203443,54,209247
33403,0.029757,172.217.194.0-255,5738,209181,54,209247
33404,0.029769,172.31.46.0-255,66,209247,54,209247
33405,0.0,172.217.194.0-255,153,153,54,238162
33406,1.3e-05,172.31.46.0-255,66,219,54,238162
33407,2e-05,172.217.194.0-255,1484,1703,54,238162
33408,2.5e-05,172.31.46.0-255,66,1769,54,238162
33409,3.8e-05,172.217.194.0-255,2902,4671,54,238162
33410,4.1e-05,172.31.46.0-255,66,4737,54,238162
33411,5e-05,172.217.194.0-255,7156,11893,54,238162
33412,5.3e-05,172.31.46.0-255,66,11959,54,238162
33413,0.0001,172.31.46.0-255,66,12025,54,238162
33414,0.000126,172.217.194.0-255,2543,14568,54,238162
33415,0.000129,172.31.46.0-255,66,14634,54,238162
33416,0.000155,172.217.194.0-255,2902,17536,54,238162
33417,0.000157,172.31.46.0-255,66,17602,54,238162
33418,0.000166,172.217.194.0-255,7156,24758,54,238162
33419,0.000168,172.31.46.0-255,66,24824,54,238162
33420,0.000174,172.217.194.0-255,4320,29144,54,238162
33421,0.000181,172.31.46.0-255,66,29210,54,238162
33422,0.000212,172.217.194.0-255,2543,31753,54,238162
33423,0.000214,172.31.46.0-255,66,31819,54,238162
33424,0.000231,172.31.46.0-255,66,31885,54,238162
33425,0.000234,172.217.194.0-255,1125,33010,54,238162
33426,0.000236,172.31.46.0-255,66,33076,54,238162
33427,0.00026,172.217.194.0-255,647,33723,54,238162
33428,0.000262,172.31.46.0-255,66,33789,54,238162
33429,0.000356,172.217.194.0-255,1484,35273,54,238162
33430,0.000361,172.31.46.0-255,66,35339,54,238162
33431,0.000366,172.217.194.0-255,2902,38241,54,238162
33432,0.000369,172.31.46.0-255,66,38307,54,238162
33433,0.000372,172.217.194.0-255,1484,39791,54,238162
33434,0.000378,172.31.46.0-255,66,39857,54,238162
33435,0.000415,172.217.194.0-255,4320,44177,54,238162
33436,0.000418,172.31.46.0-255,66,44243,54,238162
33437,0.000424,172.217.194.0-255,6247,50490,54,238162
33438,0.000428,172.31.46.0-255,66,50556,54,238162
33439,0.000478,172.217.194.0-255,1484,52040,54,238162
33440,0.0005,172.217.194.0-255,2902,54942,54,238162
33441,0.000502,172.31.46.0-255,66,55008,54,238162
33442,0.000509,172.217.194.0-255,4320,59328,54,238162
33443,0.000511,172.31.46.0-255,66,59394,54,238162
33444,0.000528,172.217.194.0-255,1484,60878,54,238162
33445,0.00055,172.217.194.0-255,4320,65198,54,238162
33446,0.000553,172.31.46.0-255,66,65264,54,238162
33447,0.000583,172.217.194.0-255,2543,67807,54,238162
33448,0.000586,172.31.46.0-255,66,67873,54,238162
33449,0.000593,172.217.194.0-255,7156,75029,54,238162
33450,0.000596,172.31.46.0-255,66,75095,54,238162
33451,0.000598,172.217.194.0-255,1484,76579,54,238162
33452,0.000642,172.31.46.0-255,66,76645,54,238162
33453,0.000811,172.217.194.0-255,1484,78129,54,238162
33454,0.000818,172.217.194.0-255,2902,81031,54,238162
33455,0.000823,172.31.46.0-255,66,81097,54,238162
33456,0.000856,172.217.194.0-255,5738,86835,54,238162
33457,0.000859,172.31.46.0-255,66,86901,54,238162
33458,0.000866,172.217.194.0-255,6797,93698,54,238162
33459,0.000868,172.31.46.0-255,66,93764,54,238162
33460,0.000943,172.217.194.0-255,1484,95248,54,238162
33461,0.000949,172.217.194.0-255,2902,98150,54,238162
33462,0.000952,172.31.46.0-255,66,98216,54,238162
33463,0.000958,172.217.194.0-255,5738,103954,54,238162
33464,0.000961,172.31.46.0-255,66,104020,54,238162
33465,0.001009,172.31.46.0-255,66,104086,54,238162
33466,0.00102,172.31.46.0-255,66,104152,54,238162
33467,0.001117,172.31.46.0-255,66,104218,54,238162
33468,0.00112,172.217.194.0-255,1125,105343,54,238162
33469,0.001151,172.217.194.0-255,1484,106827,54,238162
33470,0.001154,172.31.46.0-255,66,106893,54,238162
33471,0.001159,172.217.194.0-255,2902,109795,54,238162
33472,0.001161,172.31.46.0-255,66,109861,54,238162
33473,0.001183,172.217.194.0-255,5738,115599,54,238162
33474,0.00119,172.31.46.0-255,66,115665,54,238162
33475,0.001223,172.217.194.0-255,6797,122462,54,238162
33476,0.001227,172.31.46.0-255,66,122528,54,238162
33477,0.001263,172.217.194.0-255,7156,129684,54,238162
33478,0.001266,172.31.46.0-255,66,129750,54,238162
33479,0.001274,172.217.194.0-255,7156,136906,54,238162
33480,0.001276,172.31.46.0-255,66,136972,54,238162
33481,0.001307,172.217.194.0-255,2543,139515,54,238162
33482,0.00131,172.31.46.0-255,66,139581,54,238162
33483,0.001658,172.217.194.0-255,1484,141065,54,238162
33484,0.001665,172.217.194.0-255,2902,143967,54,238162
33485,0.001668,172.217.194.0-255,1484,145451,54,238162
33486,0.001675,172.31.46.0-255,66,145517,54,238162
33487,0.001702,172.217.194.0-255,4320,149837,54,238162
33488,0.001705,172.31.46.0-255,66,149903,54,238162
33489,0.001709,172.217.194.0-255,1484,151387,54,238162
33490,0.001738,172.217.194.0-255,5379,156766,54,238162
33491,0.00174,172.31.46.0-255,66,156832,54,238162
33492,0.002012,172.217.194.0-255,1484,158316,54,238162
33493,0.002019,172.217.194.0-255,2902,161218,54,238162
33494,0.002022,172.31.46.0-255,66,161284,54,238162
33495,0.002025,172.217.194.0-255,1484,162768,54,238162
33496,0.002053,172.217.194.0-255,4320,167088,54,238162
33497,0.002055,172.31.46.0-255,66,167154,54,238162
33498,0.002074,172.31.46.0-255,66,167220,54,238162
33499,0.002105,172.217.194.0-255,1484,168704,54,238162
33500,0.002118,172.31.46.0-255,66,168770,54,238162
33501,0.00279,172.217.194.0-255,1484,170254,54,238162
33502,0.002796,172.217.194.0-255,2902,173156,54,238162
33503,0.002806,172.31.46.0-255,66,173222,54,238162
33504,0.002815,172.217.194.0-255,5738,178960,54,238162
33505,0.002817,172.31.46.0-255,66,179026,54,238162
33506,0.00286,172.31.46.0-255,66,179092,54,238162
33507,0.002873,172.31.46.0-255,66,179158,54,238162
33508,0.002883,172.217.194.0-255,5020,184178,54,238162
33509,0.002885,172.31.46.0-255,66,184244,54,238162
33510,0.003073,172.217.194.0-255,1484,185728,54,238162
33511,0.003085,172.217.194.0-255,1484,187212,54,238162
33512,0.003088,172.31.46.0-255,66,187278,54,238162
33513,0.003094,172.217.194.0-255,2902,190180,54,238162
33514,0.003096,172.31.46.0-255,66,190246,54,238162
33515,0.003133,172.217.194.0-255,5738,195984,54,238162
33516,0.003136,172.31.46.0-255,66,196050,54,238162
33517,0.003149,172.31.46.0-255,66,196116,54,238162
33518,0.003168,172.217.194.0-255,1484,197600,54,238162
33519,0.003173,172.217.194.0-255,2902,200502,54,238162
33520,0.003175,172.31.46.0-255,66,200568,54,238162
33521,0.003186,172.31.46.0-255,66,200634,54,238162
33522,0.00323,172.217.194.0-255,1484,202118,54,238162
33523,0.003235,172.217.194.0-255,2902,205020,54,238162
33524,0.003237,172.31.46.0-255,66,205086,54,238162
33525,0.003243,172.217.194.0-255,4320,209406,54,238162
33526,0.003245,172.31.46.0-255,66,209472,54,238162
33527,0.003271,172.217.194.0-255,1484,210956,54,238162
33528,0.003289,172.31.46.0-255,66,211022,54,238162
33529,0.003294,172.217.194.0-255,2902,213924,54,238162
33530,0.003296,172.31.46.0-255,78,214002,54,238162
33531,0.003355,172.217.194.0-255,4320,218322,54,238162
33532,0.003359,172.31.46.0-255,66,218388,54,238162
33533,0.003364,172.217.194.0-255,3602,221990,54,238162
33534,0.003366,172.31.46.0-255,66,222056,54,238162
33535,0.003385,172.217.194.0-255,4320,226376,54,238162
33536,0.003387,172.31.46.0-255,66,226442,54,238162
33537,0.003394,172.217.194.0-255,5738,232180,54,238162
33538,0.003396,172.31.46.0-255,66,232246,54,238162
33539,0.003401,172.217.194.0-255,2902,235148,54,238162
33540,0.003403,172.31.46.0-255,66,235214,54,238162
33541,0.00344,172.31.46.0-255,66,235280,54,238162
33542,0.003453,172.31.46.0-255,66,235346,54,238162
33543,0.003472,172.217.194.0-255,2184,237530,54,238162
33544,0.003474,172.31.46.0-255,66,237596,54,238162
33545,0.003488,172.31.46.0-255,66,237662,54,238162
33546,0.003491,172.217.194.0-255,158,237820,54,238162
33547,0.00351,172.217.194.0-255,105,237925,54,238162
33548,0.011922,172.31.46.0-255,66,237991,54,238162
33549,0.011966,172.31.46.0-255,105,238096,54,238162
33550,0.014577,172.217.194.0-255,66,238162,54,238162
33551,0.0,74.125.24.0-255,143,143,54,206764
33552,1.7e-05,172.31.46.0-255,66,209,54,206764
33553,2.4e-05,74.125.24.0-255,1484,1693,54,206764
33554,2.8e-05,172.31.46.0-255,66,1759,54,206764
33555,3.5e-05,74.125.24.0-255,2902,4661,54,206764
33556,3.8e-05,172.31.46.0-255,66,4727,54,206764
33557,4.6e-05,74.125.24.0-255,7156,11883,54,206764
33558,4.9e-05,172.31.46.0-255,66,11949,54,206764
33559,8.5e-05,172.31.46.0-255,66,12015,54,206764
33560,9.7e-05,74.125.24.0-255,2085,14100,54,206764
33561,9.9e-05,172.31.46.0-255,66,14166,54,206764
33562,0.000121,74.125.24.0-255,5379,19545,54,206764
33563,0.000124,172.31.46.0-255,66,19611,54,206764
33564,0.000152,74.125.24.0-255,5738,25349,54,206764
33565,0.000155,172.31.46.0-255,66,25415,54,206764
33566,0.000178,172.31.46.0-255,66,25481,54,206764
33567,0.00023,172.31.46.0-255,66,25547,54,206764
33568,0.000272,172.31.46.0-255,66,25613,54,206764
33569,0.000289,74.125.24.0-255,347,25960,54,206764
33570,0.000291,172.31.46.0-255,66,26026,54,206764
33571,0.000359,74.125.24.0-255,1484,27510,54,206764
33572,0.000363,172.31.46.0-255,66,27576,54,206764
33573,0.000381,74.125.24.0-255,2902,30478,54,206764
33574,0.000384,172.31.46.0-255,66,30544,54,206764
33575,0.00039,74.125.24.0-255,5738,36282,54,206764
33576,0.000394,172.31.46.0-255,66,36348,54,206764
33577,0.000439,74.125.24.0-255,6797,43145,54,206764
33578,0.000441,172.31.46.0-255,66,43211,54,206764
33579,0.000449,74.125.24.0-255,7156,50367,54,206764
33580,0.000452,172.31.46.0-255,66,50433,54,206764
33581,0.000488,172.31.46.0-255,66,50499,54,206764
33582,0.000956,74.125.24.0-255,1484,51983,54,206764
33583,0.000964,74.125.24.0-255,2902,54885,54,206764
33584,0.000967,172.31.46.0-255,66,54951,54,206764
33585,0.000972,74.125.24.0-255,1484,56435,54,206764
33586,0.000994,74.125.24.0-255,4320,60755,54,206764
33587,0.000997,172.31.46.0-255,66,60821,54,206764
33588,0.001001,74.125.24.0-255,2902,63723,54,206764
33589,0.001003,172.31.46.0-255,66,63789,54,206764
33590,0.001027,172.31.46.0-255,66,63855,54,206764
33591,0.001033,74.125.24.0-255,5738,69593,54,206764
33592,0.001035,172.31.46.0-255,66,69659,54,206764
33593,0.001058,74.125.24.0-255,2902,72561,54,206764
33594,0.00106,172.31.46.0-255,66,72627,54,206764
33595,0.001075,74.125.24.0-255,2184,74811,54,206764
33596,0.001077,172.31.46.0-255,66,74877,54,206764
33597,0.001135,74.125.24.0-255,2902,77779,54,206764
33598,0.001139,172.31.46.0-255,66,77845,54,206764
33599,0.001147,74.125.24.0-255,7156,85001,54,206764
33600,0.00115,172.31.46.0-255,66,85067,54,206764
33601,0.001153,74.125.24.0-255,1484,86551,54,206764
33602,0.001166,172.31.46.0-255,66,86617,54,206764
33603,0.001191,74.125.24.0-255,1484,88101,54,206764
33604,0.001223,172.31.46.0-255,66,88167,54,206764
33605,0.001226,74.125.24.0-255,766,88933,54,206764
33606,0.00127,74.125.24.0-255,1484,90417,54,206764
33607,0.001273,172.31.46.0-255,66,90483,54,206764
33608,0.001278,74.125.24.0-255,2902,93385,54,206764
33609,0.00128,172.31.46.0-255,66,93451,54,206764
33610,0.001314,74.125.24.0-255,5738,99189,54,206764
33611,0.001317,172.31.46.0-255,66,99255,54,206764
33612,0.001322,74.125.24.0-255,4320,103575,54,206764
33613,0.001324,172.31.46.0-255,66,103641,54,206764
33614,0.001345,172.31.46.0-255,66,103707,54,206764
33615,0.001356,172.31.46.0-255,66,103773,54,206764
33616,0.001388,74.125.24.0-255,2184,105957,54,206764
33617,0.001392,172.31.46.0-255,66,106023,54,206764
33618,0.001474,74.125.24.0-255,1484,107507,54,206764
33619,0.001479,74.125.24.0-255,2902,110409,54,206764
33620,0.001483,172.31.46.0-255,66,110475,54,206764
33621,0.001487,74.125.24.0-255,2902,113377,54,206764
33622,0.001489,172.31.46.0-255,66,113443,54,206764
33623,0.001505,74.125.24.0-255,2902,116345,54,206764
33624,0.001508,172.31.46.0-255,66,116411,54,206764
33625,0.001525,74.125.24.0-255,4320,120731,54,206764
33626,0.001528,172.31.46.0-255,66,120797,54,206764
33627,0.00156,172.31.46.0-255,66,120863,54,206764
33628,0.001566,74.125.24.0-255,4320,125183,54,206764
33629,0.001568,172.31.46.0-255,66,125249,54,206764
33630,0.001585,74.125.24.0-255,4320,129569,54,206764
33631,0.001588,172.31.46.0-255,66,129635,54,206764
33632,0.00161,74.125.24.0-255,2184,131819,54,206764
33633,0.001613,172.31.46.0-255,66,131885,54,206764
33634,0.001716,74.125.24.0-255,1484,133369,54,206764
33635,0.001738,74.125.24.0-255,2902,136271,54,206764
33636,0.001743,172.31.46.0-255,66,136337,54,206764
33637,0.00175,74.125.24.0-255,5738,142075,54,206764
33638,0.001753,172.31.46.0-255,66,142141,54,206764
33639,0.001789,172.31.46.0-255,66,142207,54,206764
33640,0.001815,172.31.46.0-255,66,142273,54,206764
33641,0.001888,74.125.24.0-255,1484,143757,54,206764
33642,0.001892,74.125.24.0-255,1484,145241,54,206764
33643,0.001894,172.31.46.0-255,66,145307,54,206764
33644,0.001909,74.125.24.0-255,1484,146791,54,206764
33645,0.001914,74.125.24.0-255,2902,149693,54,206764
33646,0.001916,172.31.46.0-255,66,149759,54,206764
33647,0.001937,74.125.24.0-255,2902,152661,54,206764
33648,0.00194,172.31.46.0-255,66,152727,54,206764
33649,0.001944,74.125.24.0-255,2902,155629,54,206764
33650,0.001946,172.31.46.0-255,66,155695,54,206764
33651,0.001971,172.31.46.0-255,66,155761,54,206764
33652,0.001984,172.31.46.0-255,66,155827,54,206764
33653,0.002007,74.125.24.0-255,2902,158729,54,206764
33654,0.00201,172.31.46.0-255,66,158795,54,206764
33655,0.002041,172.31.46.0-255,66,158861,54,206764
33656,0.002049,74.125.24.0-255,7156,166017,54,206764
33657,0.002051,172.31.46.0-255,66,166083,54,206764
33658,0.002064,172.31.46.0-255,66,166149,54,206764
33659,0.002067,74.125.24.0-255,1484,167633,54,206764
33660,0.002098,172.31.46.0-255,66,167699,54,206764
33661,0.002111,172.31.46.0-255,66,167765,54,206764
33662,0.002114,74.125.24.0-255,1484,169249,54,206764
33663,0.002119,74.125.24.0-255,4320,173569,54,206764
33664,0.002122,172.31.46.0-255,66,173635,54,206764
33665,0.002145,74.125.24.0-255,1484,175119,54,206764
33666,0.002161,74.125.24.0-255,3602,178721,54,206764
33667,0.002164,172.31.46.0-255,66,178787,54,206764
33668,0.002191,74.125.24.0-255,2902,181689,54,206764
33669,0.002194,172.31.46.0-255,66,181755,54,206764
33670,0.0022,74.125.24.0-255,5738,187493,54,206764
33671,0.002202,172.31.46.0-255,66,187559,54,206764
33672,0.002233,74.125.24.0-255,1484,189043,54,206764
33673,0.002248,172.31.46.0-255,66,189109,54,206764
33674,0.002251,74.125.24.0-255,1484,190593,54,206764
33675,0.002254,74.125.24.0-255,1484,192077,54,206764
33676,0.002255,172.31.46.0-255,66,192143,54,206764
33677,0.002263,74.125.24.0-255,7156,199299,54,206764
33678,0.002265,172.31.46.0-255,66,199365,54,206764
33679,0.002305,172.31.46.0-255,66,199431,54,206764
33680,0.00231,74.125.24.0-255,4320,203751,54,206764
33681,0.002312,172.31.46.0-255,66,203817,54,206764
33682,0.002326,74.125.24.0-255,2539,206356,54,206764
33683,0.002329,172.31.46.0-255,66,206422,54,206764
33684,0.002344,74.125.24.0-255,105,206527,54,206764
33685,0.008269,172.31.46.0-255,66,206593,54,206764
33686,0.008308,172.31.46.0-255,105,206698,54,206764
33687,0.010234,74.125.24.0-255,66,206764,54,206764
33688,0.0,172.217.160.0-255,153,153,54,204867
33689,1.5e-05,172.31.46.0-255,66,219,54,204867
33690,2.2e-05,172.217.160.0-255,1484,1703,54,204867
33691,2.7e-05,172.31.46.0-255,66,1769,54,204867
33692,3e-05,172.217.160.0-255,1484,3253,54,204867
33693,3.4e-05,172.31.46.0-255,66,3319,54,204867
33694,4.2e-05,172.217.160.0-255,4320,7639,54,204867
33695,4.5e-05,172.31.46.0-255,66,7705,54,204867
33696,5.2e-05,172.217.160.0-255,5738,13443,54,204867
33697,5.5e-05,172.31.46.0-255,66,13509,54,204867
33698,8.4e-05,172.217.160.0-255,4774,18283,54,204867
33699,8.7e-05,172.31.46.0-255,66,18349,54,204867
33700,0.0001,172.31.46.0-255,66,18415,54,204867
33701,0.000103,172.217.160.0-255,1125,19540,54,204867
33702,0.000105,172.31.46.0-255,66,19606,54,204867
33703,0.000127,172.217.160.0-255,1484,21090,54,204867
33704,0.00013,172.31.46.0-255,66,21156,54,204867
33705,0.000136,172.217.160.0-255,4320,25476,54,204867
33706,0.000139,172.31.46.0-255,66,25542,54,204867
33707,0.000141,172.217.160.0-255,1484,27026,54,204867
33708,0.000143,172.31.46.0-255,66,27092,54,204867
33709,0.00017,172.31.46.0-255,66,27158,54,204867
33710,0.00018,172.31.46.0-255,66,27224,54,204867
33711,0.000227,172.31.46.0-255,66,27290,54,204867
33712,0.000736,172.217.160.0-255,104,27394,54,204867
33713,0.000742,172.31.46.0-255,66,27460,54,204867
33714,0.000875,172.217.160.0-255,1484,28944,54,204867
33715,0.00088,172.31.46.0-255,66,29010,54,204867
33716,0.000886,172.217.160.0-255,2902,31912,54,204867
33717,0.000888,172.31.46.0-255,66,31978,54,204867
33718,0.000894,172.217.160.0-255,5738,37716,54,204867
33719,0.000896,172.31.46.0-255,66,37782,54,204867
33720,0.000923,172.31.46.0-255,66,37848,54,204867
33721,0.000954,172.217.160.0-255,2902,40750,54,204867
33722,0.000957,172.31.46.0-255,66,40816,54,204867
33723,0.000967,172.31.46.0-255,66,40882,54,204867
33724,0.000974,172.217.160.0-255,5738,46620,54,204867
33725,0.000976,172.31.46.0-255,66,46686,54,204867
33726,0.001022,172.31.46.0-255,66,46752,54,204867
33727,0.001039,172.31.46.0-255,66,46818,54,204867
33728,0.001045,172.217.160.0-255,5020,51838,54,204867
33729,0.001047,172.31.46.0-255,66,51904,54,204867
33730,0.001098,172.217.160.0-255,1484,53388,54,204867
33731,0.001105,172.217.160.0-255,2902,56290,54,204867
33732,0.001107,172.31.46.0-255,66,56356,54,204867
33733,0.001112,172.217.160.0-255,2902,59258,54,204867
33734,0.001114,172.31.46.0-255,66,59324,54,204867
33735,0.001134,172.217.160.0-255,2902,62226,54,204867
33736,0.001136,172.31.46.0-255,66,62292,54,204867
33737,0.001142,172.217.160.0-255,4320,66612,54,204867
33738,0.001145,172.31.46.0-255,66,66678,54,204867
33739,0.001157,172.31.46.0-255,66,66744,54,204867
33740,0.001197,172.31.46.0-255,66,66810,54,204867
33741,0.00122,172.217.160.0-255,5795,72605,54,204867
33742,0.001224,172.31.46.0-255,66,72671,54,204867
33743,0.001324,172.217.160.0-255,1484,74155,54,204867
33744,0.00133,172.217.160.0-255,2902,77057,54,204867
33745,0.001333,172.31.46.0-255,66,77123,54,204867
33746,0.001339,172.217.160.0-255,2902,80025,54,204867
33747,0.001341,172.31.46.0-255,66,80091,54,204867
33748,0.001357,172.217.160.0-255,2902,82993,54,204867
33749,0.001361,172.31.46.0-255,66,83059,54,204867
33750,0.001395,172.31.46.0-255,66,83125,54,204867
33751,0.001427,172.31.46.0-255,66,83191,54,204867
33752,0.001568,172.217.160.0-255,1484,84675,54,204867
33753,0.001574,172.217.160.0-255,2902,87577,54,204867
33754,0.001577,172.31.46.0-255,66,87643,54,204867
33755,0.001582,172.217.160.0-255,2902,90545,54,204867
33756,0.001586,172.31.46.0-255,66,90611,54,204867
33757,0.001604,172.217.160.0-255,2902,93513,54,204867
33758,0.001606,172.31.46.0-255,66,93579,54,204867
33759,0.00162,172.31.46.0-255,66,93645,54,204867
33760,0.001662,172.217.160.0-255,5738,99383,54,204867
33761,0.001666,172.31.46.0-255,66,99449,54,204867
33762,0.001701,172.217.160.0-255,5020,104469,54,204867
33763,0.001704,172.31.46.0-255,66,104535,54,204867
33764,0.001723,172.31.46.0-255,66,104601,54,204867
33765,0.001738,172.31.46.0-255,66,104667,54,204867
33766,0.00175,172.31.46.0-255,66,104733,54,204867
33767,0.001778,172.217.160.0-255,6438,111171,54,204867
33768,0.001781,172.31.46.0-255,66,111237,54,204867
33769,0.001793,172.31.46.0-255,66,111303,54,204867
33770,0.001799,172.217.160.0-255,5738,117041,54,204867
33771,0.001802,172.31.46.0-255,66,117107,54,204867
33772,0.001829,172.217.160.0-255,6438,123545,54,204867
33773,0.001832,172.31.46.0-255,66,123611,54,204867
33774,0.00371,172.217.160.0-255,5738,129349,54,204867
33775,0.003717,172.31.46.0-255,66,129415,54,204867
33776,0.005596,172.217.160.0-255,5738,135153,54,204867
33777,0.005603,172.31.46.0-255,66,135219,54,204867
33778,0.007498,172.217.160.0-255,5738,140957,54,204867
33779,0.007504,172.31.46.0-255,66,141023,54,204867
33780,0.009379,172.217.160.0-255,5738,146761,54,204867
33781,0.009384,172.31.46.0-255,66,146827,54,204867
33782,0.011275,172.217.160.0-255,5738,152565,54,204867
33783,0.011282,172.31.46.0-255,66,152631,54,204867
33784,0.013184,172.217.160.0-255,5738,158369,54,204867
33785,0.013195,172.31.46.0-255,66,158435,54,204867
33786,0.015084,172.217.160.0-255,5738,164173,54,204867
33787,0.015096,172.31.46.0-255,66,164239,54,204867
33788,0.017004,172.217.160.0-255,5738,169977,54,204867
33789,0.017016,172.31.46.0-255,66,170043,54,204867
33790,0.018911,172.217.160.0-255,5738,175781,54,204867
33791,0.018924,172.31.46.0-255,66,175847,54,204867
33792,0.020814,172.217.160.0-255,5738,181585,54,204867
33793,0.020826,172.31.46.0-255,66,181651,54,204867
33794,0.022719,172.217.160.0-255,5738,187389,54,204867
33795,0.022729,172.31.46.0-255,66,187455,54,204867
33796,0.02462,172.217.160.0-255,5738,193193,54,204867
33797,0.024627,172.31.46.0-255,66,193259,54,204867
33798,0.026514,172.217.160.0-255,5738,198997,54,204867
33799,0.026521,172.31.46.0-255,66,199063,54,204867
33800,0.028406,172.217.160.0-255,5738,204801,54,204867
33801,0.028414,172.31.46.0-255,66,204867,54,204867
33802,0.0,74.125.24.0-255,152,152,54,249263
33803,2.3e-05,172.31.46.0-255,66,218,54,249263
33804,3.1e-05,74.125.24.0-255,1484,1702,54,249263
33805,3.5e-05,172.31.46.0-255,66,1768,54,249263
33806,4.3e-05,74.125.24.0-255,2902,4670,54,249263
33807,4.6e-05,172.31.46.0-255,66,4736,54,249263
33808,5.4e-05,74.125.24.0-255,7156,11892,54,249263
33809,5.7e-05,172.31.46.0-255,66,11958,54,249263
33810,8.9e-05,172.31.46.0-255,66,12024,54,249263
33811,0.00011,74.125.24.0-255,6232,18256,54,249263
33812,0.000113,172.31.46.0-255,66,18322,54,249263
33813,0.000117,74.125.24.0-255,2543,20865,54,249263
33814,0.00012,172.31.46.0-255,66,20931,54,249263
33815,0.000285,74.125.24.0-255,1484,22415,54,249263
33816,0.000289,172.31.46.0-255,66,22481,54,249263
33817,0.000295,74.125.24.0-255,2902,25383,54,249263
33818,0.000297,172.31.46.0-255,66,25449,54,249263
33819,0.000304,74.125.24.0-255,5738,31187,54,249263
33820,0.000307,172.31.46.0-255,66,31253,54,249263
33821,0.000339,74.125.24.0-255,6797,38050,54,249263
33822,0.000341,172.31.46.0-255,66,38116,54,249263
33823,0.000349,74.125.24.0-255,7156,45272,54,249263
33824,0.000351,172.31.46.0-255,66,45338,54,249263
33825,0.000368,74.125.24.0-255,2902,48240,54,249263
33826,0.00037,172.31.46.0-255,66,48306,54,249263
33827,0.00039,74.125.24.0-255,7069,55375,54,249263
33828,0.000392,172.31.46.0-255,66,55441,54,249263
33829,0.000396,74.125.24.0-255,129,55570,54,249263
33830,0.000399,172.31.46.0-255,66,55636,54,249263
33831,0.000504,74.125.24.0-255,1484,57120,54,249263
33832,0.000508,172.31.46.0-255,66,57186,54,249263
33833,0.000522,74.125.24.0-255,2902,60088,54,249263
33834,0.000525,172.31.46.0-255,66,60154,54,249263
33835,0.000528,74.125.24.0-255,1484,61638,54,249263
33836,0.000549,74.125.24.0-255,5738,67376,54,249263
33837,0.000551,172.31.46.0-255,66,67442,54,249263
33838,0.000556,74.125.24.0-255,2902,70344,54,249263
33839,0.000558,172.31.46.0-255,66,70410,54,249263
33840,0.000578,172.31.46.0-255,66,70476,54,249263
33841,0.000604,74.125.24.0-255,1484,71960,54,249263
33842,0.000617,172.31.46.0-255,66,72026,54,249263
33843,0.00062,74.125.24.0-255,351,72377,54,249263
33844,0.000871,74.125.24.0-255,1484,73861,54,249263
33845,0.000876,172.31.46.0-255,66,73927,54,249263
33846,0.000958,74.125.24.0-255,2902,76829,54,249263
33847,0.000963,172.31.46.0-255,66,76895,54,249263
33848,0.001004,74.125.24.0-255,5738,82633,54,249263
33849,0.001007,172.31.46.0-255,66,82699,54,249263
33850,0.001022,172.31.46.0-255,66,82765,54,249263
33851,0.001034,172.31.46.0-255,66,82831,54,249263
33852,0.001037,74.125.24.0-255,766,83597,54,249263
33853,0.00104,74.125.24.0-255,1484,85081,54,249263
33854,0.001042,172.31.46.0-255,66,85147,54,249263
33855,0.001048,74.125.24.0-255,4320,89467,54,249263
33856,0.001051,172.31.46.0-255,66,89533,54,249263
33857,0.001059,74.125.24.0-255,7156,96689,54,249263
33858,0.001062,172.31.46.0-255,66,96755,54,249263
33859,0.001073,172.31.46.0-255,66,96821,54,249263
33860,0.001137,172.31.46.0-255,66,96887,54,249263
33861,0.001214,74.125.24.0-255,1484,98371,54,249263
33862,0.001218,74.125.24.0-255,1484,99855,54,249263
33863,0.001221,172.31.46.0-255,66,99921,54,249263
33864,0.00124,74.125.24.0-255,1484,101405,54,249263
33865,0.001247,74.125.24.0-255,5738,107143,54,249263
33866,0.001249,172.31.46.0-255,66,107209,54,249263
33867,0.001253,74.125.24.0-255,2902,110111,54,249263
33868,0.001256,172.31.46.0-255,66,110177,54,249263
33869,0.001295,172.31.46.0-255,66,110243,54,249263
33870,0.001307,172.31.46.0-255,66,110309,54,249263
33871,0.001393,74.125.24.0-255,1484,111793,54,249263
33872,0.001398,74.125.24.0-255,1484,113277,54,249263
33873,0.001401,172.31.46.0-255,66,113343,54,249263
33874,0.001418,74.125.24.0-255,1484,114827,54,249263
33875,0.001425,74.125.24.0-255,5738,120565,54,249263
33876,0.001428,172.31.46.0-255,66,120631,54,249263
33877,0.001439,74.125.24.0-255,1484,122115,54,249263
33878,0.001465,172.31.46.0-255,66,122181,54,249263
33879,0.001483,74.125.24.0-255,1484,123665,54,249263
33880,0.001513,172.31.46.0-255,66,123731,54,249263
33881,0.00156,172.31.46.0-255,66,123797,54,249263
33882,0.001566,74.125.24.0-255,5738,129535,54,249263
33883,0.001569,172.31.46.0-255,66,129601,54,249263
33884,0.001592,74.125.24.0-255,5738,135339,54,249263
33885,0.001595,172.31.46.0-255,66,135405,54,249263
33886,0.001607,172.31.46.0-255,66,135471,54,249263
33887,0.001622,74.125.24.0-255,2184,137655,54,249263
33888,0.001624,172.31.46.0-255,66,137721,54,249263
33889,0.001669,74.125.24.0-255,1484,139205,54,249263
33890,0.001681,74.125.24.0-255,2902,142107,54,249263
33891,0.001684,172.31.46.0-255,66,142173,54,249263
33892,0.00169,74.125.24.0-255,4320,146493,54,249263
33893,0.001693,172.31.46.0-255,66,146559,54,249263
33894,0.001716,74.125.24.0-255,1484,148043,54,249263
33895,0.001724,74.125.24.0-255,7156,155199,54,249263
33896,0.001729,172.31.46.0-255,66,155265,54,249263
33897,0.001754,172.31.46.0-255,66,155331,54,249263
33898,0.001758,74.125.24.0-255,2184,157515,54,249263
33899,0.00176,172.31.46.0-255,66,157581,54,249263
33900,0.001804,74.125.24.0-255,1484,159065,54,249263
33901,0.001809,74.125.24.0-255,1484,160549,54,249263
33902,0.001811,172.31.46.0-255,66,160615,54,249263
33903,0.001834,74.125.24.0-255,1484,162099,54,249263
33904,0.001841,74.125.24.0-255,5738,167837,54,249263
33905,0.001844,172.31.46.0-255,66,167903,54,249263
33906,0.001849,74.125.24.0-255,4320,172223,54,249263
33907,0.001852,172.31.46.0-255,66,172289,54,249263
33908,0.00187,74.125.24.0-255,7156,179445,54,249263
33909,0.001872,172.31.46.0-255,66,179511,54,249263
33910,0.001913,172.31.46.0-255,66,179577,54,249263
33911,0.001929,74.125.24.0-255,2184,181761,54,249263
33912,0.001932,172.31.46.0-255,66,181827,54,249263
33913,0.00198,74.125.24.0-255,1484,183311,54,249263
33914,0.001985,74.125.24.0-255,2902,186213,54,249263
33915,0.001988,172.31.46.0-255,66,186279,54,249263
33916,0.001995,74.125.24.0-255,5738,192017,54,249263
33917,0.001997,172.31.46.0-255,66,192083,54,249263
33918,0.00201,172.31.46.0-255,66,192149,54,249263
33919,0.002017,74.125.24.0-255,5738,197887,54,249263
33920,0.002019,172.31.46.0-255,66,197953,54,249263
33921,0.002053,74.125.24.0-255,5020,202973,54,249263
33922,0.002057,172.31.46.0-255,66,203039,54,249263
33923,0.004108,74.125.24.0-255,5738,208777,54,249263
33924,0.004113,172.31.46.0-255,66,208843,54,249263
33925,0.00616,74.125.24.0-255,5738,214581,54,249263
33926,0.006168,172.31.46.0-255,66,214647,54,249263
33927,0.008208,74.125.24.0-255,4320,218967,54,249263
33928,0.008211,172.31.46.0-255,66,219033,54,249263
33929,0.008227,74.125.24.0-255,1484,220517,54,249263
33930,0.010248,74.125.24.0-255,4320,224837,54,249263
33931,0.010255,172.31.46.0-255,66,224903,54,249263
33932,0.012294,74.125.24.0-255,5738,230641,54,249263
33933,0.012304,172.31.46.0-255,66,230707,54,249263
33934,0.014354,74.125.24.0-255,5738,236445,54,249263
33935,0.014363,172.31.46.0-255,66,236511,54,249263
33936,0.016418,74.125.24.0-255,5738,242249,54,249263
33937,0.01643,172.31.46.0-255,66,242315,54,249263
33938,0.018495,74.125.24.0-255,5738,248053,54,249263
33939,0.018512,172.31.46.0-255,66,248119,54,249263
33940,0.020558,74.125.24.0-255,907,249026,54,249263
33941,0.022166,172.31.46.0-255,66,249092,54,249263
33942,0.022211,172.31.46.0-255,105,249197,54,249263
33943,0.024204,74.125.24.0-255,66,249263,54,249263
33944,0.0,74.125.68.0-255,153,153,54,294426
33945,2.5e-05,172.31.46.0-255,66,219,54,294426
33946,3.2e-05,74.125.68.0-255,1484,1703,54,294426
33947,3.7e-05,172.31.46.0-255,66,1769,54,294426
33948,5e-05,74.125.68.0-255,2902,4671,54,294426
33949,5.4e-05,172.31.46.0-255,66,4737,54,294426
33950,6e-05,74.125.68.0-255,5738,10475,54,294426
33951,6.4e-05,172.31.46.0-255,66,10541,54,294426
33952,6.9e-05,74.125.68.0-255,3450,13991,54,294426
33953,7.2e-05,172.31.46.0-255,66,14057,54,294426
33954,7.8e-05,74.125.68.0-255,4320,18377,54,294426
33955,8e-05,172.31.46.0-255,66,18443,54,294426
33956,0.000119,172.31.46.0-255,66,18509,54,294426
33957,0.000123,74.125.68.0-255,2543,21052,54,294426
33958,0.000125,172.31.46.0-255,66,21118,54,294426
33959,0.000236,74.125.68.0-255,1484,22602,54,294426
33960,0.00024,172.31.46.0-255,66,22668,54,294426
33961,0.000245,74.125.68.0-255,2902,25570,54,294426
33962,0.000247,172.31.46.0-255,66,25636,54,294426
33963,0.000251,74.125.68.0-255,1484,27120,54,294426
33964,0.000253,172.31.46.0-255,66,27186,54,294426
33965,0.000284,74.125.68.0-255,1484,28670,54,294426
33966,0.00029,172.31.46.0-255,66,28736,54,294426
33967,0.000297,74.125.68.0-255,4320,33056,54,294426
33968,0.000299,172.31.46.0-255,66,33122,54,294426
33969,0.000333,172.31.46.0-255,66,33188,54,294426
33970,0.00035,172.31.46.0-255,66,33254,54,294426
33971,0.000398,74.125.68.0-255,2813,36067,54,294426
33972,0.000401,172.31.46.0-255,66,36133,54,294426
33973,0.000403,74.125.68.0-255,136,36269,54,294426
33974,0.00043,74.125.68.0-255,346,36615,54,294426
33975,0.00073,74.125.68.0-255,1484,38099,54,294426
33976,0.000735,172.31.46.0-255,66,38165,54,294426
33977,0.000741,74.125.68.0-255,2902,41067,54,294426
33978,0.000744,172.31.46.0-255,66,41133,54,294426
33979,0.000776,74.125.68.0-255,5738,46871,54,294426
33980,0.000779,172.31.46.0-255,66,46937,54,294426
33981,0.000808,74.125.68.0-255,2902,49839,54,294426
33982,0.000811,172.31.46.0-255,66,49905,54,294426
33983,0.000845,74.125.68.0-255,4320,54225,54,294426
33984,0.000848,172.31.46.0-255,66,54291,54,294426
33985,0.000859,172.31.46.0-255,66,54357,54,294426
33986,0.000874,172.31.46.0-255,66,54423,54,294426
33987,0.001006,74.125.68.0-255,1484,55907,54,294426
33988,0.001024,74.125.68.0-255,2902,58809,54,294426
33989,0.001027,74.125.68.0-255,1484,60293,54,294426
33990,0.001032,172.31.46.0-255,66,60359,54,294426
33991,0.001042,74.125.68.0-255,4320,64679,54,294426
33992,0.001059,74.125.68.0-255,1484,66163,54,294426
33993,0.001075,74.125.68.0-255,4320,70483,54,294426
33994,0.001088,172.31.46.0-255,66,70549,54,294426
33995,0.001101,74.125.68.0-255,1484,72033,54,294426
33996,0.00112,74.125.68.0-255,4320,76353,54,294426
33997,0.001144,172.31.46.0-255,66,76419,54,294426
33998,0.001157,74.125.68.0-255,5738,82157,54,294426
33999,0.001166,172.31.46.0-255,66,82223,54,294426
34000,0.001176,74.125.68.0-255,4320,86543,54,294426
34001,0.001197,74.125.68.0-255,2184,88727,54,294426
34002,0.001213,172.31.46.0-255,66,88793,54,294426
34003,0.001266,74.125.68.0-255,1484,90277,54,294426
34004,0.00128,74.125.68.0-255,2902,93179,54,294426
34005,0.001283,172.31.46.0-255,66,93245,54,294426
34006,0.001305,74.125.68.0-255,1484,94729,54,294426
34007,0.001318,74.125.68.0-255,1484,96213,54,294426
34008,0.001323,74.125.68.0-255,4320,100533,54,294426
34009,0.001327,172.31.46.0-255,66,100599,54,294426
34010,0.00135,74.125.68.0-255,2902,103501,54,294426
34011,0.00137,74.125.68.0-255,4320,107821,54,294426
34012,0.001374,74.125.68.0-255,1484,109305,54,294426
34013,0.001379,172.31.46.0-255,66,109371,54,294426
34014,0.001392,74.125.68.0-255,7156,116527,54,294426
34015,0.001424,74.125.68.0-255,6438,122965,54,294426
34016,0.001436,172.31.46.0-255,66,123031,54,294426
34017,0.002505,74.125.68.0-255,1484,124515,54,294426
34018,0.002519,74.125.68.0-255,2902,127417,54,294426
34019,0.002526,172.31.46.0-255,66,127483,54,294426
34020,0.002534,74.125.68.0-255,5738,133221,54,294426
34021,0.002536,172.31.46.0-255,66,133287,54,294426
34022,0.002555,74.125.68.0-255,5738,139025,54,294426
34023,0.002557,172.31.46.0-255,66,139091,54,294426
34024,0.002563,74.125.68.0-255,4320,143411,54,294426
34025,0.002565,172.31.46.0-255,66,143477,54,294426
34026,0.002592,74.125.68.0-255,2902,146379,54,294426
34027,0.002595,172.31.46.0-255,66,146445,54,294426
34028,0.002602,74.125.68.0-255,7156,153601,54,294426
34029,0.002609,172.31.46.0-255,66,153667,54,294426
34030,0.002615,74.125.68.0-255,2902,156569,54,294426
34031,0.002617,172.31.46.0-255,66,156635,54,294426
34032,0.00262,74.125.68.0-255,766,157401,54,294426
34033,0.002729,74.125.68.0-255,1484,158885,54,294426
34034,0.002733,172.31.46.0-255,66,158951,54,294426
34035,0.002739,74.125.68.0-255,2902,161853,54,294426
34036,0.002741,172.31.46.0-255,66,161919,54,294426
34037,0.002744,74.125.68.0-255,1484,163403,54,294426
34038,0.002767,74.125.68.0-255,4320,167723,54,294426
34039,0.002769,172.31.46.0-255,66,167789,54,294426
34040,0.002803,74.125.68.0-255,5738,173527,54,294426
34041,0.002805,172.31.46.0-255,66,173593,54,294426
34042,0.002809,74.125.68.0-255,1484,175077,54,294426
34043,0.002842,74.125.68.0-255,5738,180815,54,294426
34044,0.002845,172.31.46.0-255,66,180881,54,294426
34045,0.002848,74.125.68.0-255,1484,182365,54,294426
34046,0.002852,74.125.68.0-255,2902,185267,54,294426
34047,0.002855,172.31.46.0-255,66,185333,54,294426
34048,0.002862,74.125.68.0-255,1484,186817,54,294426
34049,0.002887,74.125.68.0-255,1484,188301,54,294426
34050,0.00289,172.31.46.0-255,66,188367,54,294426
34051,0.002894,74.125.68.0-255,1484,189851,54,294426
34052,0.002917,74.125.68.0-255,1484,191335,54,294426
34053,0.002919,172.31.46.0-255,66,191401,54,294426
34054,0.002922,74.125.68.0-255,766,192167,54,294426
34055,0.002951,74.125.68.0-255,2902,195069,54,294426
34056,0.002954,172.31.46.0-255,66,195135,54,294426
34057,0.002983,74.125.68.0-255,2902,198037,54,294426
34058,0.002986,172.31.46.0-255,66,198103,54,294426
34059,0.003029,74.125.68.0-255,4320,202423,54,294426
34060,0.003031,172.31.46.0-255,66,202489,54,294426
34061,0.003062,74.125.68.0-255,2902,205391,54,294426
34062,0.003065,172.31.46.0-255,66,205457,54,294426
34063,0.003068,74.125.68.0-255,1484,206941,54,294426
34064,0.003071,74.125.68.0-255,1484,208425,54,294426
34065,0.003106,74.125.68.0-255,5020,213445,54,294426
34066,0.003174,74.125.68.0-255,1484,214929,54,294426
34067,0.00319,74.125.68.0-255,2902,217831,54,294426
34068,0.003193,74.125.68.0-255,1484,219315,54,294426
34069,0.003197,74.125.68.0-255,2902,222217,54,294426
34070,0.003215,74.125.68.0-255,2902,225119,54,294426
34071,0.003234,74.125.68.0-255,2902,228021,54,294426
34072,0.003237,74.125.68.0-255,1484,229505,54,294426
34073,0.003318,74.125.68.0-255,1484,230989,54,294426
34074,0.003323,74.125.68.0-255,1484,232473,54,294426
34075,0.003327,74.125.68.0-255,1484,233957,54,294426
34076,0.003342,74.125.68.0-255,1484,235441,54,294426
34077,0.003349,74.125.68.0-255,5738,241179,54,294426
34078,0.003352,74.125.68.0-255,1484,242663,54,294426
34079,0.003355,74.125.68.0-255,1484,244147,54,294426
34080,0.003379,74.125.68.0-255,5738,249885,54,294426
34081,0.003398,74.125.68.0-255,2902,252787,54,294426
34082,0.003414,74.125.68.0-255,5738,258525,54,294426
34083,0.003418,74.125.68.0-255,2902,261427,54,294426
34084,0.00343,74.125.68.0-255,1484,262911,54,294426
34085,0.003456,74.125.68.0-255,2902,265813,54,294426
34086,0.00352,74.125.68.0-255,4320,270133,54,294426
34087,0.00356,74.125.68.0-255,5738,275871,54,294426
34088,0.003605,74.125.68.0-255,5020,280891,54,294426
34089,0.00361,74.125.68.0-255,2902,283793,54,294426
34090,0.003634,74.125.68.0-255,2902,286695,54,294426
34091,0.003682,74.125.68.0-255,5738,292433,54,294426
34092,0.003723,74.125.68.0-255,1484,293917,54,294426
34093,0.003802,74.125.68.0-255,105,294022,54,294426
34094,0.00679,172.31.46.0-255,66,294088,54,294426
34095,0.008211,172.31.46.0-255,101,294189,54,294426
34096,0.010715,74.125.68.0-255,66,294255,54,294426
34097,0.012632,172.31.46.0-255,105,294360,54,294426
34098,0.015141,74.125.68.0-255,66,294426,54,294426
34099,0.0,74.125.24.0-255,156,156,54,295519
34100,2.2e-05,172.31.46.0-255,66,222,54,295519
34101,3e-05,74.125.24.0-255,1484,1706,54,295519
34102,3.6e-05,172.31.46.0-255,66,1772,54,295519
34103,4.2e-05,74.125.24.0-255,2902,4674,54,295519
34104,4.6e-05,172.31.46.0-255,66,4740,54,295519
34105,5.3e-05,74.125.24.0-255,7156,11896,54,295519
34106,5.7e-05,172.31.46.0-255,66,11962,54,295519
34107,6.1e-05,74.125.24.0-255,2003,13965,54,295519
34108,6.3e-05,172.31.46.0-255,66,14031,54,295519
34109,0.000107,74.125.24.0-255,1484,15515,54,295519
34110,0.00011,172.31.46.0-255,66,15581,54,295519
34111,0.000115,74.125.24.0-255,2902,18483,54,295519
34112,0.000118,172.31.46.0-255,66,18549,54,295519
34113,0.000148,74.125.24.0-255,5738,24287,54,295519
34114,0.000151,172.31.46.0-255,66,24353,54,295519
34115,0.000157,74.125.24.0-255,6797,31150,54,295519
34116,0.00016,172.31.46.0-255,66,31216,54,295519
34117,0.000227,172.31.46.0-255,66,31282,54,295519
34118,0.000232,74.125.24.0-255,2543,33825,54,295519
34119,0.000234,172.31.46.0-255,66,33891,54,295519
34120,0.000265,74.125.24.0-255,7156,41047,54,295519
34121,0.000268,172.31.46.0-255,66,41113,54,295519
34122,0.000279,172.31.46.0-255,66,41179,54,295519
34123,0.000302,74.125.24.0-255,1436,42615,54,295519
34124,0.000304,172.31.46.0-255,66,42681,54,295519
34125,0.000332,74.125.24.0-255,112,42793,54,295519
34126,0.000335,172.31.46.0-255,66,42859,54,295519
34127,0.000338,74.125.24.0-255,330,43189,54,295519
34128,0.000339,172.31.46.0-255,66,43255,54,295519
34129,0.000584,74.125.24.0-255,1484,44739,54,295519
34130,0.000591,74.125.24.0-255,2902,47641,54,295519
34131,0.000596,172.31.46.0-255,66,47707,54,295519
34132,0.000605,74.125.24.0-255,5738,53445,54,295519
34133,0.000607,172.31.46.0-255,66,53511,54,295519
34134,0.000611,74.125.24.0-255,2902,56413,54,295519
34135,0.000613,172.31.46.0-255,66,56479,54,295519
34136,0.000647,74.125.24.0-255,7156,63635,54,295519
34137,0.000651,172.31.46.0-255,66,63701,54,295519
34138,0.000671,74.125.24.0-255,4320,68021,54,295519
34139,0.000674,172.31.46.0-255,66,68087,54,295519
34140,0.000693,74.125.24.0-255,7156,75243,54,295519
34141,0.000696,172.31.46.0-255,66,75309,54,295519
34142,0.000719,74.125.24.0-255,2184,77493,54,295519
34143,0.000722,172.31.46.0-255,66,77559,54,295519
34144,0.000862,74.125.24.0-255,1484,79043,54,295519
34145,0.000868,74.125.24.0-255,2902,81945,54,295519
34146,0.000871,172.31.46.0-255,66,82011,54,295519
34147,0.000876,74.125.24.0-255,2902,84913,54,295519
34148,0.000879,172.31.46.0-255,66,84979,54,295519
34149,0.000892,74.125.24.0-255,2902,87881,54,295519
34150,0.000895,172.31.46.0-255,66,87947,54,295519
34151,0.000898,74.125.24.0-255,1484,89431,54,295519
34152,0.000935,172.31.46.0-255,66,89497,54,295519
34153,0.000947,172.31.46.0-255,66,89563,54,295519
34154,0.000949,74.125.24.0-255,766,90329,54,295519
34155,0.001264,74.125.24.0-255,1484,91813,54,295519
34156,0.001269,172.31.46.0-255,66,91879,54,295519
34157,0.001276,74.125.24.0-255,2902,94781,54,295519
34158,0.001278,172.31.46.0-255,66,94847,54,295519
34159,0.001282,74.125.24.0-255,2902,97749,54,295519
34160,0.001284,172.31.46.0-255,66,97815,54,295519
34161,0.0013,74.125.24.0-255,2902,100717,54,295519
34162,0.001302,172.31.46.0-255,66,100783,54,295519
34163,0.001309,74.125.24.0-255,5738,106521,54,295519
34164,0.001311,172.31.46.0-255,66,106587,54,295519
34165,0.001331,74.125.24.0-255,5738,112325,54,295519
34166,0.001333,172.31.46.0-255,66,112391,54,295519
34167,0.001356,74.125.24.0-255,7156,119547,54,295519
34168,0.001362,74.125.24.0-255,5020,124567,54,295519
34169,0.001366,172.31.46.0-255,66,124633,54,295519
34170,0.001373,172.31.46.0-255,66,124699,54,295519
34171,0.001408,74.125.24.0-255,1484,126183,54,295519
34172,0.001422,74.125.24.0-255,2902,129085,54,295519
34173,0.001425,172.31.46.0-255,66,129151,54,295519
34174,0.001432,74.125.24.0-255,5738,134889,54,295519
34175,0.001434,172.31.46.0-255,66,134955,54,295519
34176,0.001475,172.31.46.0-255,66,135021,54,295519
34177,0.001513,172.31.46.0-255,66,135087,54,295519
34178,0.001529,74.125.24.0-255,5020,140107,54,295519
34179,0.001532,172.31.46.0-255,66,140173,54,295519
34180,0.001568,74.125.24.0-255,1484,141657,54,295519
34181,0.001589,74.125.24.0-255,2902,144559,54,295519
34182,0.001592,172.31.46.0-255,66,144625,54,295519
34183,0.001598,74.125.24.0-255,5738,150363,54,295519
34184,0.0016,172.31.46.0-255,66,150429,54,295519
34185,0.001638,74.125.24.0-255,4320,154749,54,295519
34186,0.00164,172.31.46.0-255,66,154815,54,295519
34187,0.001663,74.125.24.0-255,1484,156299,54,295519
34188,0.001677,172.31.46.0-255,66,156365,54,295519
34189,0.001683,74.125.24.0-255,5020,161385,54,295519
34190,0.001686,172.31.46.0-255,66,161451,54,295519
34191,0.00177,74.125.24.0-255,1484,162935,54,295519
34192,0.001776,74.125.24.0-255,2902,165837,54,295519
34193,0.001779,172.31.46.0-255,66,165903,54,295519
34194,0.001802,74.125.24.0-255,5738,171641,54,295519
34195,0.001806,172.31.46.0-255,66,171707,54,295519
34196,0.001811,74.125.24.0-255,4320,176027,54,295519
34197,0.001813,172.31.46.0-255,66,176093,54,295519
34198,0.001833,74.125.24.0-255,2902,178995,54,295519
34199,0.001836,172.31.46.0-255,66,179061,54,295519
34200,0.001847,172.31.46.0-255,66,179127,54,295519
34201,0.001865,74.125.24.0-255,4320,183447,54,295519
34202,0.001867,172.31.46.0-255,66,183513,54,295519
34203,0.001871,74.125.24.0-255,2184,185697,54,295519
34204,0.001873,172.31.46.0-255,66,185763,54,295519
34205,0.001908,74.125.24.0-255,7156,192919,54,295519
34206,0.001912,172.31.46.0-255,66,192985,54,295519
34207,0.001916,74.125.24.0-255,2902,195887,54,295519
34208,0.001918,172.31.46.0-255,66,195953,54,295519
34209,0.001939,74.125.24.0-255,5738,201691,54,295519
34210,0.001942,172.31.46.0-255,66,201757,54,295519
34211,0.001948,74.125.24.0-255,4320,206077,54,295519
34212,0.00195,172.31.46.0-255,66,206143,54,295519
34213,0.001994,74.125.24.0-255,2184,208327,54,295519
34214,0.001999,74.125.24.0-255,5738,214065,54,295519
34215,0.002005,172.31.46.0-255,66,214131,54,295519
34216,0.002008,172.31.46.0-255,66,214197,54,295519
34217,0.002011,172.31.46.0-255,66,214263,54,295519
34218,0.003973,74.125.24.0-255,5738,220001,54,295519
34219,0.003981,172.31.46.0-255,66,220067,54,295519
34220,0.005935,74.125.24.0-255,5738,225805,54,295519
34221,0.005948,172.31.46.0-255,66,225871,54,295519
34222,0.00788,74.125.24.0-255,5738,231609,54,295519
34223,0.007883,172.31.46.0-255,66,231675,54,295519
34224,0.009805,74.125.24.0-255,5738,237413,54,295519
34225,0.009811,172.31.46.0-255,66,237479,54,295519
34226,0.011754,74.125.24.0-255,5738,243217,54,295519
34227,0.011763,172.31.46.0-255,66,243283,54,295519
34228,0.013742,74.125.24.0-255,5738,249021,54,295519
34229,0.013753,172.31.46.0-255,66,249087,54,295519
34230,0.015694,74.125.24.0-255,5738,254825,54,295519
34231,0.015701,172.31.46.0-255,66,254891,54,295519
34232,0.017642,74.125.24.0-255,5738,260629,54,295519
34233,0.017652,172.31.46.0-255,66,260695,54,295519
34234,0.019584,74.125.24.0-255,5738,266433,54,295519
34235,0.019592,172.31.46.0-255,66,266499,54,295519
34236,0.021555,74.125.24.0-255,5738,272237,54,295519
34237,0.021562,172.31.46.0-255,66,272303,54,295519
34238,0.023532,74.125.24.0-255,5738,278041,54,295519
34239,0.023538,172.31.46.0-255,66,278107,54,295519
34240,0.025482,74.125.24.0-255,5738,283845,54,295519
34241,0.025489,172.31.46.0-255,66,283911,54,295519
34242,0.027439,74.125.24.0-255,5738,289649,54,295519
34243,0.027446,172.31.46.0-255,66,289715,54,295519
34244,0.029415,74.125.24.0-255,5738,295453,54,295519
34245,0.029422,172.31.46.0-255,66,295519,54,295519
34246,0.0,74.125.24.0-255,152,152,54,235586
34247,2.4e-05,172.31.46.0-255,66,218,54,235586
34248,3.2e-05,74.125.24.0-255,1484,1702,54,235586
34249,3.7e-05,172.31.46.0-255,66,1768,54,235586
34250,5e-05,74.125.24.0-255,2902,4670,54,235586
34251,5.3e-05,172.31.46.0-255,66,4736,54,235586
34252,6.1e-05,74.125.24.0-255,7156,11892,54,235586
34253,6.5e-05,172.31.46.0-255,66,11958,54,235586
34254,6.9e-05,74.125.24.0-255,2087,14045,54,235586
34255,7.2e-05,172.31.46.0-255,66,14111,54,235586
34256,8.6e-05,172.31.46.0-255,66,14177,54,235586
34257,0.00012,74.125.24.0-255,4320,18497,54,235586
34258,0.000122,172.31.46.0-255,66,18563,54,235586
34259,0.000147,74.125.24.0-255,1125,19688,54,235586
34260,0.00015,172.31.46.0-255,66,19754,54,235586
34261,0.000192,74.125.24.0-255,1484,21238,54,235586
34262,0.000195,172.31.46.0-255,66,21304,54,235586
34263,0.000209,74.125.24.0-255,2902,24206,54,235586
34264,0.000217,172.31.46.0-255,66,24272,54,235586
34265,0.000222,74.125.24.0-255,4320,28592,54,235586
34266,0.000225,172.31.46.0-255,66,28658,54,235586
34267,0.000248,74.125.24.0-255,1484,30142,54,235586
34268,0.00025,172.31.46.0-255,66,30208,54,235586
34269,0.000258,74.125.24.0-255,6797,37005,54,235586
34270,0.00026,172.31.46.0-255,66,37071,54,235586
34271,0.000263,74.125.24.0-255,1484,38555,54,235586
34272,0.000265,172.31.46.0-255,66,38621,54,235586
34273,0.000297,74.125.24.0-255,5738,44359,54,235586
34274,0.000299,172.31.46.0-255,66,44425,54,235586
34275,0.000305,74.125.24.0-255,4320,48745,54,235586
34276,0.000307,172.31.46.0-255,66,48811,54,235586
34277,0.000336,74.125.24.0-255,5379,54190,54,235586
34278,0.000341,74.125.24.0-255,394,54584,54,235586
34279,0.000367,74.125.24.0-255,348,54932,54,235586
34280,0.00037,172.31.46.0-255,66,54998,54,235586
34281,0.000615,74.125.24.0-255,1484,56482,54,235586
34282,0.000622,74.125.24.0-255,2902,59384,54,235586
34283,0.00063,172.31.46.0-255,66,59450,54,235586
34284,0.000643,74.125.24.0-255,5738,65188,54,235586
34285,0.000655,74.125.24.0-255,5738,70926,54,235586
34286,0.00068,74.125.24.0-255,1484,72410,54,235586
34287,0.000686,172.31.46.0-255,66,72476,54,235586
34288,0.000731,74.125.24.0-255,5020,77496,54,235586
34289,0.000754,172.31.46.0-255,66,77562,54,235586
34290,0.000902,74.125.24.0-255,1484,79046,54,235586
34291,0.000907,74.125.24.0-255,2902,81948,54,235586
34292,0.000918,172.31.46.0-255,66,82014,54,235586
34293,0.000921,74.125.24.0-255,1484,83498,54,235586
34294,0.000941,74.125.24.0-255,4320,87818,54,235586
34295,0.00096,74.125.24.0-255,7156,94974,54,235586
34296,0.000965,172.31.46.0-255,66,95040,54,235586
34297,0.000994,74.125.24.0-255,5738,100778,54,235586
34298,0.00101,74.125.24.0-255,5738,106516,54,235586
34299,0.001014,172.31.46.0-255,66,106582,54,235586
34300,0.001031,74.125.24.0-255,5020,111602,54,235586
34301,0.001037,172.31.46.0-255,66,111668,54,235586
34302,0.001168,74.125.24.0-255,1484,113152,54,235586
34303,0.001173,74.125.24.0-255,2902,116054,54,235586
34304,0.001184,172.31.46.0-255,66,116120,54,235586
34305,0.00119,74.125.24.0-255,5738,121858,54,235586
34306,0.00125,74.125.24.0-255,7156,129014,54,235586
34307,0.001268,74.125.24.0-255,3602,132616,54,235586
34308,0.001374,74.125.24.0-255,1484,134100,54,235586
34309,0.001379,74.125.24.0-255,1484,135584,54,235586
34310,0.001392,74.125.24.0-255,1484,137068,54,235586
34311,0.001399,74.125.24.0-255,5738,142806,54,235586
34312,0.001416,74.125.24.0-255,4320,147126,54,235586
34313,0.001429,74.125.24.0-255,4320,151446,54,235586
34314,0.001475,74.125.24.0-255,2902,154348,54,235586
34315,0.001487,74.125.24.0-255,2184,156532,54,235586
34316,0.001867,74.125.24.0-255,1484,158016,54,235586
34317,0.001876,74.125.24.0-255,2902,160918,54,235586
34318,0.001882,74.125.24.0-255,2902,163820,54,235586
34319,0.001894,74.125.24.0-255,2902,166722,54,235586
34320,0.001981,74.125.24.0-255,4320,171042,54,235586
34321,0.002003,74.125.24.0-255,6438,177480,54,235586
34322,0.004628,172.31.46.0-255,66,177546,54,235586
34323,0.006634,74.125.24.0-255,5738,183284,54,235586
34324,0.006646,172.31.46.0-255,66,183350,54,235586
34325,0.008619,74.125.24.0-255,5738,189088,54,235586
34326,0.008627,172.31.46.0-255,66,189154,54,235586
34327,0.010644,74.125.24.0-255,5738,194892,54,235586
34328,0.010655,172.31.46.0-255,66,194958,54,235586
34329,0.012653,74.125.24.0-255,5738,200696,54,235586
34330,0.017343,172.31.46.0-255,66,200762,54,235586
34331,0.019361,74.125.24.0-255,5738,206500,54,235586
34332,0.019379,172.31.46.0-255,66,206566,54,235586
34333,0.021414,74.125.24.0-255,5738,212304,54,235586
34334,0.021432,172.31.46.0-255,66,212370,54,235586
34335,0.023427,74.125.24.0-255,5738,218108,54,235586
34336,0.023442,172.31.46.0-255,66,218174,54,235586
34337,0.02543,74.125.24.0-255,5738,223912,54,235586
34338,0.025448,172.31.46.0-255,66,223978,54,235586
34339,0.02744,74.125.24.0-255,5738,229716,54,235586
34340,0.027452,172.31.46.0-255,66,229782,54,235586
34341,0.029458,74.125.24.0-255,5738,235520,54,235586
34342,0.029473,172.31.46.0-255,66,235586,54,235586
34343,0.0,172.217.194.0-255,152,152,54,163901
34344,2.2e-05,172.31.46.0-255,66,218,54,163901
34345,2.9e-05,172.217.194.0-255,1484,1702,54,163901
34346,3.4e-05,172.31.46.0-255,66,1768,54,163901
34347,4.1e-05,172.217.194.0-255,2902,4670,54,163901
34348,5.2e-05,172.31.46.0-255,66,4736,54,163901
34349,6e-05,172.217.194.0-255,7156,11892,54,163901
34350,6.5e-05,172.31.46.0-255,66,11958,54,163901
34351,6.9e-05,172.217.194.0-255,1974,13932,54,163901
34352,7.2e-05,172.31.46.0-255,66,13998,54,163901
34353,0.000172,172.217.194.0-255,1484,15482,54,163901
34354,0.000175,172.31.46.0-255,66,15548,54,163901
34355,0.000193,172.217.194.0-255,2902,18450,54,163901
34356,0.000196,172.31.46.0-255,66,18516,54,163901
34357,0.000202,172.217.194.0-255,4320,22836,54,163901
34358,0.000205,172.31.46.0-255,66,22902,54,163901
34359,0.00023,172.217.194.0-255,1484,24386,54,163901
34360,0.000232,172.31.46.0-255,66,24452,54,163901
34361,0.000269,172.217.194.0-255,5738,30190,54,163901
34362,0.000272,172.31.46.0-255,66,30256,54,163901
34363,0.000295,172.217.194.0-255,1125,31381,54,163901
34364,0.000298,172.31.46.0-255,66,31447,54,163901
34365,0.000536,172.217.194.0-255,1484,32931,54,163901
34366,0.000541,172.31.46.0-255,66,32997,54,163901
34367,0.000548,172.217.194.0-255,2902,35899,54,163901
34368,0.000551,172.31.46.0-255,66,35965,54,163901
34369,0.000562,172.217.194.0-255,5738,41703,54,163901
34370,0.000565,172.31.46.0-255,66,41769,54,163901
34371,0.000617,172.217.194.0-255,6797,48566,54,163901
34372,0.000621,172.31.46.0-255,66,48632,54,163901
34373,0.001216,172.217.194.0-255,1484,50116,54,163901
34374,0.001221,172.31.46.0-255,66,50182,54,163901
34375,0.001231,172.217.194.0-255,2902,53084,54,163901
34376,0.001233,172.31.46.0-255,66,53150,54,163901
34377,0.001246,172.217.194.0-255,5738,58888,54,163901
34378,0.001248,172.31.46.0-255,66,58954,54,163901
34379,0.001276,172.217.194.0-255,6797,65751,54,163901
34380,0.001282,172.31.46.0-255,66,65817,54,163901
34381,0.001325,172.217.194.0-255,646,66463,54,163901
34382,0.00158,172.217.194.0-255,1484,67947,54,163901
34383,0.001586,172.31.46.0-255,66,68013,54,163901
34384,0.001594,172.217.194.0-255,2902,70915,54,163901
34385,0.001597,172.31.46.0-255,66,70981,54,163901
34386,0.001608,172.217.194.0-255,5738,76719,54,163901
34387,0.001611,172.31.46.0-255,66,76785,54,163901
34388,0.001618,172.217.194.0-255,6248,83033,54,163901
34389,0.001621,172.31.46.0-255,66,83099,54,163901
34390,0.002307,172.217.194.0-255,1484,84583,54,163901
34391,0.002317,172.217.194.0-255,2902,87485,54,163901
34392,0.002321,172.31.46.0-255,66,87551,54,163901
34393,0.002328,172.217.194.0-255,4320,91871,54,163901
34394,0.00233,172.31.46.0-255,66,91937,54,163901
34395,0.002341,172.217.194.0-255,5738,97675,54,163901
34396,0.002344,172.31.46.0-255,66,97741,54,163901
34397,0.002412,172.217.194.0-255,7156,104897,54,163901
34398,0.002415,172.217.194.0-255,766,105663,54,163901
34399,0.003582,172.31.46.0-255,66,105729,54,163901
34400,0.006114,172.217.194.0-255,5738,111467,54,163901
34401,0.00612,172.31.46.0-255,66,111533,54,163901
34402,0.008627,172.217.194.0-255,5738,117271,54,163901
34403,0.008635,172.31.46.0-255,66,117337,54,163901
34404,0.011192,172.217.194.0-255,5738,123075,54,163901
34405,0.011198,172.31.46.0-255,66,123141,54,163901
34406,0.01371,172.217.194.0-255,5738,128879,54,163901
34407,0.01372,172.31.46.0-255,66,128945,54,163901
34408,0.016282,172.217.194.0-255,5738,134683,54,163901
34409,0.016291,172.31.46.0-255,66,134749,54,163901
34410,0.018852,172.217.194.0-255,5738,140487,54,163901
34411,0.018859,172.31.46.0-255,66,140553,54,163901
34412,0.021386,172.217.194.0-255,5738,146291,54,163901
34413,0.0214,172.31.46.0-255,66,146357,54,163901
34414,0.023914,172.217.194.0-255,2902,149259,54,163901
34415,0.023923,172.31.46.0-255,66,149325,54,163901
34416,0.023952,172.217.194.0-255,2902,152227,54,163901
34417,0.023955,172.31.46.0-255,66,152293,54,163901
34418,0.026496,172.217.194.0-255,5738,158031,54,163901
34419,0.026503,172.31.46.0-255,66,158097,54,163901
34420,0.02902,172.217.194.0-255,5738,163835,54,163901
34421,0.029028,172.31.46.0-255,66,163901,54,163901
34422,0.0,172.217.194.0-255,482,482,54,187083
34423,2.4e-05,172.31.46.0-255,66,548,54,187083
34424,3e-05,172.217.194.0-255,1484,2032,54,187083
34425,3.5e-05,172.31.46.0-255,66,2098,54,187083
34426,5e-05,172.217.194.0-255,4320,6418,54,187083
34427,5.3e-05,172.31.46.0-255,66,6484,54,187083
34428,7.7e-05,172.217.194.0-255,4320,10804,54,187083
34429,8e-05,172.31.46.0-255,66,10870,54,187083
34430,0.000106,172.217.194.0-255,3359,14229,54,187083
34431,0.000109,172.31.46.0-255,66,14295,54,187083
34432,0.000121,172.31.46.0-255,66,14361,54,187083
34433,0.000149,172.31.46.0-255,66,14427,54,187083
34434,0.000163,172.217.194.0-255,4320,18747,54,187083
34435,0.000166,172.31.46.0-255,66,18813,54,187083
34436,0.000182,172.31.46.0-255,66,18879,54,187083
34437,0.000507,172.217.194.0-255,1484,20363,54,187083
34438,0.000513,172.31.46.0-255,66,20429,54,187083
34439,0.000519,172.217.194.0-255,2902,23331,54,187083
34440,0.000521,172.31.46.0-255,66,23397,54,187083
34441,0.000533,172.217.194.0-255,5738,29135,54,187083
34442,0.000537,172.31.46.0-255,66,29201,54,187083
34443,0.00057,172.217.194.0-255,5738,34939,54,187083
34444,0.000573,172.31.46.0-255,66,35005,54,187083
34445,0.000596,172.217.194.0-255,1125,36130,54,187083
34446,0.000599,172.31.46.0-255,66,36196,54,187083
34447,0.000626,172.217.194.0-255,1484,37680,54,187083
34448,0.000629,172.31.46.0-255,66,37746,54,187083
34449,0.000634,172.217.194.0-255,2902,40648,54,187083
34450,0.000637,172.31.46.0-255,66,40714,54,187083
34451,0.000642,172.217.194.0-255,2902,43616,54,187083
34452,0.000645,172.31.46.0-255,66,43682,54,187083
34453,0.000669,172.217.194.0-255,2902,46584,54,187083
34454,0.000672,172.31.46.0-255,66,46650,54,187083
34455,0.000687,172.31.46.0-255,66,46716,54,187083
34456,0.000736,172.31.46.0-255,66,46782,54,187083
34457,0.000742,172.217.194.0-255,4320,51102,54,187083
34458,0.000744,172.31.46.0-255,66,51168,54,187083
34459,0.000787,172.217.194.0-255,7156,58324,54,187083
34460,0.000792,172.217.194.0-255,4713,63037,54,187083
34461,0.000798,172.31.46.0-255,66,63103,54,187083
34462,0.000801,172.31.46.0-255,66,63169,54,187083
34463,0.000879,172.217.194.0-255,1484,64653,54,187083
34464,0.000902,172.217.194.0-255,2902,67555,54,187083
34465,0.000906,172.31.46.0-255,66,67621,54,187083
34466,0.000912,172.217.194.0-255,5738,73359,54,187083
34467,0.000914,172.31.46.0-255,66,73425,54,187083
34468,0.000942,172.31.46.0-255,66,73491,54,187083
34469,0.00097,172.217.194.0-255,1484,74975,54,187083
34470,0.000986,172.217.194.0-255,2902,77877,54,187083
34471,0.000989,172.31.46.0-255,66,77943,54,187083
34472,0.000997,172.217.194.0-255,5738,83681,54,187083
34473,0.000999,172.31.46.0-255,66,83747,54,187083
34474,0.001007,172.217.194.0-255,2902,86649,54,187083
34475,0.001009,172.31.46.0-255,66,86715,54,187083
34476,0.001047,172.31.46.0-255,66,86781,54,187083
34477,0.001059,172.31.46.0-255,66,86847,54,187083
34478,0.001084,172.217.194.0-255,5738,92585,54,187083
34479,0.001086,172.31.46.0-255,66,92651,54,187083
34480,0.001119,172.217.194.0-255,1484,94135,54,187083
34481,0.001131,172.31.46.0-255,66,94201,54,187083
34482,0.001143,172.31.46.0-255,66,94267,54,187083
34483,0.001171,172.217.194.0-255,7156,101423,54,187083
34484,0.001174,172.31.46.0-255,66,101489,54,187083
34485,0.001176,172.217.194.0-255,766,102255,54,187083
34486,0.00122,172.217.194.0-255,1484,103739,54,187083
34487,0.001224,172.31.46.0-255,66,103805,54,187083
34488,0.001229,172.217.194.0-255,2902,106707,54,187083
34489,0.001231,172.31.46.0-255,66,106773,54,187083
34490,0.001235,172.217.194.0-255,2902,109675,54,187083
34491,0.001238,172.31.46.0-255,66,109741,54,187083
34492,0.001271,172.217.194.0-255,2902,112643,54,187083
34493,0.001273,172.31.46.0-255,66,112709,54,187083
34494,0.001287,172.31.46.0-255,66,112775,54,187083
34495,0.001299,172.31.46.0-255,66,112841,54,187083
34496,0.001473,172.217.194.0-255,1484,114325,54,187083
34497,0.001478,172.217.194.0-255,2902,117227,54,187083
34498,0.001483,172.217.194.0-255,5738,122965,54,187083
34499,0.001496,172.31.46.0-255,66,123031,54,187083
34500,0.001499,172.31.46.0-255,66,123097,54,187083
34501,0.001515,172.31.46.0-255,66,123163,54,187083
34502,0.001549,172.217.194.0-255,4320,127483,54,187083
34503,0.001553,172.31.46.0-255,66,127549,54,187083
34504,0.00157,172.31.46.0-255,66,127615,54,187083
34505,0.001581,172.31.46.0-255,66,127681,54,187083
34506,0.001612,172.217.194.0-255,2902,130583,54,187083
34507,0.001614,172.31.46.0-255,66,130649,54,187083
34508,0.001625,172.31.46.0-255,66,130715,54,187083
34509,0.001661,172.31.46.0-255,66,130781,54,187083
34510,0.001688,172.217.194.0-255,2184,132965,54,187083
34511,0.00169,172.31.46.0-255,66,133031,54,187083
34512,0.001694,172.217.194.0-255,1484,134515,54,187083
34513,0.001698,172.217.194.0-255,2902,137417,54,187083
34514,0.0017,172.31.46.0-255,66,137483,54,187083
34515,0.001706,172.217.194.0-255,5738,143221,54,187083
34516,0.001708,172.31.46.0-255,66,143287,54,187083
34517,0.001756,172.31.46.0-255,66,143353,54,187083
34518,0.001761,172.217.194.0-255,4320,147673,54,187083
34519,0.001764,172.31.46.0-255,66,147739,54,187083
34520,0.001791,172.217.194.0-255,5738,153477,54,187083
34521,0.001794,172.31.46.0-255,66,153543,54,187083
34522,0.001797,172.217.194.0-255,766,154309,54,187083
34523,0.001819,172.217.194.0-255,1484,155793,54,187083
34524,0.001822,172.31.46.0-255,66,155859,54,187083
34525,0.001828,172.217.194.0-255,4320,160179,54,187083
34526,0.00183,172.31.46.0-255,66,160245,54,187083
34527,0.001867,172.217.194.0-255,5738,165983,54,187083
34528,0.00187,172.31.46.0-255,66,166049,54,187083
34529,0.001878,172.217.194.0-255,7156,173205,54,187083
34530,0.001881,172.31.46.0-255,66,173271,54,187083
34531,0.001885,172.217.194.0-255,2902,176173,54,187083
34532,0.001888,172.31.46.0-255,66,176239,54,187083
34533,0.001934,172.31.46.0-255,66,176305,54,187083
34534,0.001937,172.217.194.0-255,766,177071,54,187083
34535,0.001966,172.217.194.0-255,7156,184227,54,187083
34536,0.00197,172.31.46.0-255,66,184293,54,187083
34537,0.00198,172.31.46.0-255,66,184359,54,187083
34538,0.001983,172.217.194.0-255,1484,185843,54,187083
34539,0.002034,172.31.46.0-255,66,185909,54,187083
34540,0.002038,172.217.194.0-255,766,186675,54,187083
34541,0.002074,172.31.46.0-255,66,186741,54,187083
34542,0.002133,172.217.194.0-255,105,186846,54,187083
34543,0.004988,172.31.46.0-255,66,186912,54,187083
34544,0.005029,172.31.46.0-255,105,187017,54,187083
34545,0.007339,172.217.194.0-255,66,187083,54,187083
34546,0.0,74.125.68.0-255,146,146,54,298174
34547,2.3e-05,172.31.46.0-255,66,212,54,298174
34548,3e-05,74.125.68.0-255,1484,1696,54,298174
34549,3.4e-05,172.31.46.0-255,66,1762,54,298174
34550,4e-05,74.125.68.0-255,2902,4664,54,298174
34551,4.2e-05,172.31.46.0-255,66,4730,54,298174
34552,7.4e-05,74.125.68.0-255,5738,10468,54,298174
34553,7.7e-05,172.31.46.0-255,66,10534,54,298174
34554,8.3e-05,74.125.68.0-255,3464,13998,54,298174
34555,8.5e-05,172.31.46.0-255,66,14064,54,298174
34556,0.000167,74.125.68.0-255,1484,15548,54,298174
34557,0.00017,172.31.46.0-255,66,15614,54,298174
34558,0.000187,74.125.68.0-255,2902,18516,54,298174
34559,0.00019,172.31.46.0-255,66,18582,54,298174
34560,0.000219,74.125.68.0-255,2902,21484,54,298174
34561,0.000221,172.31.46.0-255,66,21550,54,298174
34562,0.000243,74.125.68.0-255,4320,25870,54,298174
34563,0.000245,172.31.46.0-255,66,25936,54,298174
34564,0.000263,74.125.68.0-255,1484,27420,54,298174
34565,0.000265,172.31.46.0-255,66,27486,54,298174
34566,0.000284,74.125.68.0-255,3961,31447,54,298174
34567,0.000287,172.31.46.0-255,66,31513,54,298174
34568,0.000293,74.125.68.0-255,5738,37251,54,298174
34569,0.000296,172.31.46.0-255,66,37317,54,298174
34570,0.00034,172.31.46.0-255,66,37383,54,298174
34571,0.001167,74.125.68.0-255,1484,38867,54,298174
34572,0.001174,172.31.46.0-255,66,38933,54,298174
34573,0.001185,74.125.68.0-255,2902,41835,54,298174
34574,0.001187,172.31.46.0-255,66,41901,54,298174
34575,0.001209,74.125.68.0-255,4320,46221,54,298174
34576,0.001211,172.31.46.0-255,66,46287,54,298174
34577,0.001218,74.125.68.0-255,5738,52025,54,298174
34578,0.00122,172.31.46.0-255,66,52091,54,298174
34579,0.001236,74.125.68.0-255,2543,54634,54,298174
34580,0.001238,172.31.46.0-255,66,54700,54,298174
34581,0.001276,74.125.68.0-255,645,55345,54,298174
34582,0.002006,74.125.68.0-255,1484,56829,54,298174
34583,0.002012,172.31.46.0-255,66,56895,54,298174
34584,0.002019,74.125.68.0-255,2902,59797,54,298174
34585,0.002021,172.31.46.0-255,66,59863,54,298174
34586,0.002025,74.125.68.0-255,1484,61347,54,298174
34587,0.002046,74.125.68.0-255,4320,65667,54,298174
34588,0.002048,172.31.46.0-255,66,65733,54,298174
34589,0.002053,74.125.68.0-255,2902,68635,54,298174
34590,0.002056,172.31.46.0-255,66,68701,54,298174
34591,0.002062,74.125.68.0-255,4320,73021,54,298174
34592,0.002064,172.31.46.0-255,66,73087,54,298174
34593,0.002067,74.125.68.0-255,1484,74571,54,298174
34594,0.002086,74.125.68.0-255,7156,81727,54,298174
34595,0.002088,172.31.46.0-255,66,81793,54,298174
34596,0.002117,74.125.68.0-255,4320,86113,54,298174
34597,0.002119,172.31.46.0-255,66,86179,54,298174
34598,0.002136,74.125.68.0-255,1484,87663,54,298174
34599,0.002153,74.125.68.0-255,2184,89847,54,298174
34600,0.002155,172.31.46.0-255,66,89913,54,298174
34601,0.003273,74.125.68.0-255,1484,91397,54,298174
34602,0.003298,74.125.68.0-255,2902,94299,54,298174
34603,0.003301,172.31.46.0-255,66,94365,54,298174
34604,0.003305,74.125.68.0-255,2902,97267,54,298174
34605,0.003308,172.31.46.0-255,66,97333,54,298174
34606,0.003319,74.125.68.0-255,1484,98817,54,298174
34607,0.003332,74.125.68.0-255,2902,101719,54,298174
34608,0.003335,172.31.46.0-255,66,101785,54,298174
34609,0.00338,74.125.68.0-255,1484,103269,54,298174
34610,0.003399,74.125.68.0-255,7156,110425,54,298174
34611,0.003402,172.31.46.0-255,66,110491,54,298174
34612,0.003406,74.125.68.0-255,2902,113393,54,298174
34613,0.003408,172.31.46.0-255,66,113459,54,298174
34614,0.003413,74.125.68.0-255,4320,117779,54,298174
34615,0.003416,172.31.46.0-255,66,117845,54,298174
34616,0.00344,74.125.68.0-255,1484,119329,54,298174
34617,0.00346,74.125.68.0-255,5020,124349,54,298174
34618,0.003463,172.31.46.0-255,66,124415,54,298174
34619,0.003569,74.125.68.0-255,1484,125899,54,298174
34620,0.003591,74.125.68.0-255,2902,128801,54,298174
34621,0.003595,172.31.46.0-255,66,128867,54,298174
34622,0.003602,74.125.68.0-255,5738,134605,54,298174
34623,0.003604,172.31.46.0-255,66,134671,54,298174
34624,0.00362,74.125.68.0-255,2902,137573,54,298174
34625,0.003622,172.31.46.0-255,66,137639,54,298174
34626,0.003639,74.125.68.0-255,4320,141959,54,298174
34627,0.003642,172.31.46.0-255,66,142025,54,298174
34628,0.003645,74.125.68.0-255,1484,143509,54,298174
34629,0.003659,74.125.68.0-255,1484,144993,54,298174
34630,0.003661,172.31.46.0-255,66,145059,54,298174
34631,0.003688,74.125.68.0-255,5738,150797,54,298174
34632,0.003691,172.31.46.0-255,66,150863,54,298174
34633,0.003702,172.31.46.0-255,66,150929,54,298174
34634,0.003888,74.125.68.0-255,1484,152413,54,298174
34635,0.003894,74.125.68.0-255,2902,155315,54,298174
34636,0.003898,172.31.46.0-255,66,155381,54,298174
34637,0.003925,74.125.68.0-255,5738,161119,54,298174
34638,0.003928,172.31.46.0-255,66,161185,54,298174
34639,0.003945,74.125.68.0-255,1484,162669,54,298174
34640,0.003965,74.125.68.0-255,5738,168407,54,298174
34641,0.003968,172.31.46.0-255,66,168473,54,298174
34642,0.003973,74.125.68.0-255,4320,172793,54,298174
34643,0.003975,172.31.46.0-255,66,172859,54,298174
34644,0.004001,74.125.68.0-255,1484,174343,54,298174
34645,0.004009,74.125.68.0-255,7156,181499,54,298174
34646,0.004012,172.31.46.0-255,66,181565,54,298174
34647,0.00403,74.125.68.0-255,3602,185167,54,298174
34648,0.004033,172.31.46.0-255,66,185233,54,298174
34649,0.004111,74.125.68.0-255,1484,186717,54,298174
34650,0.004119,74.125.68.0-255,2902,189619,54,298174
34651,0.004121,172.31.46.0-255,66,189685,54,298174
34652,0.004127,74.125.68.0-255,4320,194005,54,298174
34653,0.00413,172.31.46.0-255,66,194071,54,298174
34654,0.004136,74.125.68.0-255,4320,198391,54,298174
34655,0.004138,172.31.46.0-255,66,198457,54,298174
34656,0.004161,74.125.68.0-255,1484,199941,54,298174
34657,0.004173,172.31.46.0-255,66,200007,54,298174
34658,0.004192,74.125.68.0-255,2902,202909,54,298174
34659,0.004194,172.31.46.0-255,66,202975,54,298174
34660,0.0042,74.125.68.0-255,4320,207295,54,298174
34661,0.004202,172.31.46.0-255,66,207361,54,298174
34662,0.00422,74.125.68.0-255,1484,208845,54,298174
34663,0.004263,172.31.46.0-255,66,208911,54,298174
34664,0.004284,74.125.68.0-255,766,209677,54,298174
34665,0.004299,172.31.46.0-255,66,209743,54,298174
34666,0.004345,172.31.46.0-255,66,209809,54,298174
34667,0.004377,74.125.68.0-255,2184,211993,54,298174
34668,0.00438,172.31.46.0-255,66,212059,54,298174
34669,0.004394,172.31.46.0-255,66,212125,54,298174
34670,0.004401,74.125.68.0-255,7156,219281,54,298174
34671,0.004405,172.31.46.0-255,66,219347,54,298174
34672,0.004415,172.31.46.0-255,66,219413,54,298174
34673,0.004454,74.125.68.0-255,1484,220897,54,298174
34674,0.004476,74.125.68.0-255,2902,223799,54,298174
34675,0.004479,172.31.46.0-255,66,223865,54,298174
34676,0.004486,74.125.68.0-255,5738,229603,54,298174
34677,0.004488,172.31.46.0-255,66,229669,54,298174
34678,0.0045,172.31.46.0-255,66,229735,54,298174
34679,0.004505,74.125.68.0-255,4320,234055,54,298174
34680,0.004508,172.31.46.0-255,66,234121,54,298174
34681,0.004544,74.125.68.0-255,5738,239859,54,298174
34682,0.004548,172.31.46.0-255,66,239925,54,298174
34683,0.004578,172.31.46.0-255,66,239991,54,298174
34684,0.004581,74.125.68.0-255,1484,241475,54,298174
34685,0.004584,172.31.46.0-255,78,241553,54,298174
34686,0.00459,74.125.68.0-255,4320,245873,54,298174
34687,0.004592,172.31.46.0-255,78,245951,54,298174
34688,0.004623,172.31.46.0-255,66,246017,54,298174
34689,0.004628,74.125.68.0-255,4320,250337,54,298174
34690,0.00463,172.31.46.0-255,66,250403,54,298174
34691,0.004633,74.125.68.0-255,1484,251887,54,298174
34692,0.004636,74.125.68.0-255,1484,253371,54,298174
34693,0.004638,172.31.46.0-255,66,253437,54,298174
34694,0.004661,74.125.68.0-255,5020,258457,54,298174
34695,0.004664,172.31.46.0-255,66,258523,54,298174
34696,0.004667,74.125.68.0-255,1484,260007,54,298174
34697,0.004693,74.125.68.0-255,2902,262909,54,298174
34698,0.004696,172.31.46.0-255,66,262975,54,298174
34699,0.004698,74.125.68.0-255,1484,264459,54,298174
34700,0.004701,74.125.68.0-255,1484,265943,54,298174
34701,0.004704,172.31.46.0-255,66,266009,54,298174
34702,0.004709,74.125.68.0-255,4320,270329,54,298174
34703,0.004711,172.31.46.0-255,66,270395,54,298174
34704,0.004739,74.125.68.0-255,4320,274715,54,298174
34705,0.004742,172.31.46.0-255,66,274781,54,298174
34706,0.004746,74.125.68.0-255,2902,277683,54,298174
34707,0.004748,172.31.46.0-255,66,277749,54,298174
34708,0.004763,74.125.68.0-255,1484,279233,54,298174
34709,0.004769,74.125.68.0-255,5738,284971,54,298174
34710,0.004772,172.31.46.0-255,66,285037,54,298174
34711,0.004811,172.31.46.0-255,66,285103,54,298174
34712,0.004816,74.125.68.0-255,4320,289423,54,298174
34713,0.004819,172.31.46.0-255,66,289489,54,298174
34714,0.004851,74.125.68.0-255,4320,293809,54,298174
34715,0.004855,172.31.46.0-255,66,293875,54,298174
34716,0.00486,74.125.68.0-255,3790,297665,54,298174
34717,0.004862,172.31.46.0-255,66,297731,54,298174
34718,0.004879,74.125.68.0-255,105,297836,54,298174
34719,0.006909,172.31.46.0-255,101,297937,54,298174
34720,0.008492,172.31.46.0-255,105,298042,54,298174
34721,0.009446,74.125.68.0-255,66,298108,54,298174
34722,0.011013,74.125.68.0-255,66,298174,54,298174
34723,0.0,74.125.200.0-255,152,152,54,290168
34724,1.8e-05,172.31.46.0-255,66,218,54,290168
34725,2.5e-05,74.125.200.0-255,1484,1702,54,290168
34726,2.9e-05,172.31.46.0-255,66,1768,54,290168
34727,3.5e-05,74.125.200.0-255,2902,4670,54,290168
34728,3.8e-05,172.31.46.0-255,66,4736,54,290168
34729,4.3e-05,74.125.200.0-255,4320,9056,54,290168
34730,4.6e-05,172.31.46.0-255,66,9122,54,290168
34731,7e-05,74.125.200.0-255,1484,10606,54,290168
34732,7.3e-05,172.31.46.0-255,66,10672,54,290168
34733,7.8e-05,74.125.200.0-255,3423,14095,54,290168
34734,8.1e-05,172.31.46.0-255,66,14161,54,290168
34735,8.6e-05,74.125.200.0-255,4320,18481,54,290168
34736,8.7e-05,172.31.46.0-255,66,18547,54,290168
34737,0.000114,74.125.200.0-255,5738,24285,54,290168
34738,0.000117,172.31.46.0-255,66,24351,54,290168
34739,0.000138,74.125.200.0-255,4320,28671,54,290168
34740,0.000141,172.31.46.0-255,66,28737,54,290168
34741,0.000157,74.125.200.0-255,2543,31280,54,290168
34742,0.000159,172.31.46.0-255,66,31346,54,290168
34743,0.000239,74.125.200.0-255,1484,32830,54,290168
34744,0.000243,172.31.46.0-255,66,32896,54,290168
34745,0.000248,74.125.200.0-255,2902,35798,54,290168
34746,0.000251,172.31.46.0-255,66,35864,54,290168
34747,0.000255,74.125.200.0-255,2902,38766,54,290168
34748,0.000257,172.31.46.0-255,66,38832,54,290168
34749,0.000282,74.125.200.0-255,4320,43152,54,290168
34750,0.000285,172.31.46.0-255,66,43218,54,290168
34751,0.000306,74.125.200.0-255,2902,46120,54,290168
34752,0.000308,172.31.46.0-255,66,46186,54,290168
34753,0.000312,74.125.200.0-255,2902,49088,54,290168
34754,0.000314,172.31.46.0-255,66,49154,54,290168
34755,0.000335,74.125.200.0-255,7156,56310,54,290168
34756,0.000363,74.125.200.0-255,2902,59212,54,290168
34757,0.000384,74.125.200.0-255,5738,64950,54,290168
34758,0.000399,74.125.200.0-255,766,65716,54,290168
34759,0.000439,74.125.200.0-255,441,66157,54,290168
34760,0.000503,172.31.46.0-255,66,66223,54,290168
34761,0.000574,74.125.200.0-255,1484,67707,54,290168
34762,0.000594,74.125.200.0-255,2902,70609,54,290168
34763,0.0006,74.125.200.0-255,5738,76347,54,290168
34764,0.000617,74.125.200.0-255,2902,79249,54,290168
34765,0.000622,74.125.200.0-255,4320,83569,54,290168
34766,0.000624,172.31.46.0-255,66,83635,54,290168
34767,0.00063,172.31.46.0-255,66,83701,54,290168
34768,0.000685,74.125.200.0-255,7156,90857,54,290168
34769,0.000702,74.125.200.0-255,1484,92341,54,290168
34770,0.000709,74.125.200.0-255,7156,99497,54,290168
34771,0.000712,74.125.200.0-255,1484,100981,54,290168
34772,0.000719,172.31.46.0-255,66,101047,54,290168
34773,0.000744,74.125.200.0-255,6438,107485,54,290168
34774,0.000758,172.31.46.0-255,66,107551,54,290168
34775,0.000777,74.125.200.0-255,4320,111871,54,290168
34776,0.000784,74.125.200.0-255,5738,117609,54,290168
34777,0.000795,172.31.46.0-255,66,117675,54,290168
34778,0.000824,74.125.200.0-255,2902,120577,54,290168
34779,0.000829,172.31.46.0-255,66,120643,54,290168
34780,0.000847,74.125.200.0-255,4707,125350,54,290168
34781,0.000865,172.31.46.0-255,66,125416,54,290168
34782,0.001033,74.125.200.0-255,1484,126900,54,290168
34783,0.00104,74.125.200.0-255,2902,129802,54,290168
34784,0.001045,172.31.46.0-255,66,129868,54,290168
34785,0.001058,74.125.200.0-255,2902,132770,54,290168
34786,0.001075,74.125.200.0-255,2902,135672,54,290168
34787,0.00108,74.125.200.0-255,2902,138574,54,290168
34788,0.001082,74.125.200.0-255,1484,140058,54,290168
34789,0.001101,74.125.200.0-255,2902,142960,54,290168
34790,0.001106,74.125.200.0-255,2902,145862,54,290168
34791,0.001113,172.31.46.0-255,66,145928,54,290168
34792,0.001123,74.125.200.0-255,5738,151666,54,290168
34793,0.001132,172.31.46.0-255,66,151732,54,290168
34794,0.001139,74.125.200.0-255,5738,157470,54,290168
34795,0.001152,74.125.200.0-255,2184,159654,54,290168
34796,0.001167,172.31.46.0-255,66,159720,54,290168
34797,0.001422,74.125.200.0-255,1484,161204,54,290168
34798,0.001444,74.125.200.0-255,2902,164106,54,290168
34799,0.001448,172.31.46.0-255,66,164172,54,290168
34800,0.001453,74.125.200.0-255,2902,167074,54,290168
34801,0.001468,74.125.200.0-255,2902,169976,54,290168
34802,0.001472,74.125.200.0-255,4320,174296,54,290168
34803,0.001492,172.31.46.0-255,66,174362,54,290168
34804,0.001496,74.125.200.0-255,2902,177264,54,290168
34805,0.001498,74.125.200.0-255,1484,178748,54,290168
34806,0.001507,172.31.46.0-255,66,178814,54,290168
34807,0.001516,74.125.200.0-255,7156,185970,54,290168
34808,0.001518,74.125.200.0-255,1484,187454,54,290168
34809,0.001541,74.125.200.0-255,6438,193892,54,290168
34810,0.001546,172.31.46.0-255,66,193958,54,290168
34811,0.001867,74.125.200.0-255,1484,195442,54,290168
34812,0.001882,74.125.200.0-255,2902,198344,54,290168
34813,0.001886,172.31.46.0-255,66,198410,54,290168
34814,0.001908,74.125.200.0-255,5738,204148,54,290168
34815,0.001916,172.31.46.0-255,66,204214,54,290168
34816,0.001952,172.31.46.0-255,66,204280,54,290168
34817,0.001963,74.125.200.0-255,2902,207182,54,290168
34818,0.001969,74.125.200.0-255,5738,212920,54,290168
34819,0.001972,172.31.46.0-255,66,212986,54,290168
34820,0.002,74.125.200.0-255,5020,218006,54,290168
34821,0.002015,172.31.46.0-255,66,218072,54,290168
34822,0.002061,74.125.200.0-255,1484,219556,54,290168
34823,0.002077,74.125.200.0-255,2902,222458,54,290168
34824,0.002087,172.31.46.0-255,66,222524,54,290168
34825,0.002092,74.125.200.0-255,2902,225426,54,290168
34826,0.002096,172.31.46.0-255,66,225492,54,290168
34827,0.002104,74.125.200.0-255,1484,226976,54,290168
34828,0.00212,74.125.200.0-255,5738,232714,54,290168
34829,0.002129,172.31.46.0-255,66,232780,54,290168
34830,0.002147,74.125.200.0-255,2902,235682,54,290168
34831,0.002176,74.125.200.0-255,4320,240002,54,290168
34832,0.002195,74.125.200.0-255,1484,241486,54,290168
34833,0.002208,74.125.200.0-255,2184,243670,54,290168
34834,0.008261,172.31.46.0-255,66,243736,54,290168
34835,0.010624,74.125.200.0-255,5738,249474,54,290168
34836,0.010635,172.31.46.0-255,66,249540,54,290168
34837,0.012972,74.125.200.0-255,5738,255278,54,290168
34838,0.014271,172.31.46.0-255,66,255344,54,290168
34839,0.016626,74.125.200.0-255,5738,261082,54,290168
34840,0.016643,172.31.46.0-255,66,261148,54,290168
34841,0.018967,74.125.200.0-255,5738,266886,54,290168
34842,0.018983,172.31.46.0-255,66,266952,54,290168
34843,0.02131,74.125.200.0-255,5738,272690,54,290168
34844,0.021327,172.31.46.0-255,66,272756,54,290168
34845,0.023651,74.125.200.0-255,5738,278494,54,290168
34846,0.023668,172.31.46.0-255,66,278560,54,290168
34847,0.025989,74.125.200.0-255,5738,284298,54,290168
34848,0.026002,172.31.46.0-255,66,284364,54,290168
34849,0.028329,74.125.200.0-255,5738,290102,54,290168
34850,0.028343,172.31.46.0-255,66,290168,54,290168
34851,0.0,74.125.200.0-255,143,143,54,242613
34852,2.5e-05,172.31.46.0-255,66,209,54,242613
34853,3.2e-05,74.125.200.0-255,1484,1693,54,242613
34854,3.6e-05,172.31.46.0-255,66,1759,54,242613
34855,4.2e-05,74.125.200.0-255,2902,4661,54,242613
34856,4.6e-05,172.31.46.0-255,66,4727,54,242613
34857,5.1e-05,74.125.200.0-255,2902,7629,54,242613
34858,5.4e-05,172.31.46.0-255,66,7695,54,242613
34859,8.6e-05,74.125.200.0-255,4320,12015,54,242613
34860,8.9e-05,172.31.46.0-255,66,12081,54,242613
34861,9.4e-05,74.125.200.0-255,2037,14118,54,242613
34862,9.6e-05,172.31.46.0-255,66,14184,54,242613
34863,9.9e-05,74.125.200.0-255,1484,15668,54,242613
34864,0.000101,172.31.46.0-255,66,15734,54,242613
34865,0.00012,74.125.200.0-255,1484,17218,54,242613
34866,0.000121,172.31.46.0-255,66,17284,54,242613
34867,0.000128,74.125.200.0-255,4320,21604,54,242613
34868,0.00013,172.31.46.0-255,66,21670,54,242613
34869,0.000153,74.125.200.0-255,2902,24572,54,242613
34870,0.000155,172.31.46.0-255,66,24638,54,242613
34871,0.00016,74.125.200.0-255,4320,28958,54,242613
34872,0.000163,172.31.46.0-255,66,29024,54,242613
34873,0.000196,74.125.200.0-255,2543,31567,54,242613
34874,0.000198,172.31.46.0-255,66,31633,54,242613
34875,0.000356,74.125.200.0-255,1484,33117,54,242613
34876,0.000361,172.31.46.0-255,66,33183,54,242613
34877,0.000367,74.125.200.0-255,2902,36085,54,242613
34878,0.00037,172.31.46.0-255,66,36151,54,242613
34879,0.000395,74.125.200.0-255,5738,41889,54,242613
34880,0.000398,172.31.46.0-255,66,41955,54,242613
34881,0.000432,74.125.200.0-255,6797,48752,54,242613
34882,0.000435,172.31.46.0-255,66,48818,54,242613
34883,0.000438,74.125.200.0-255,1484,50302,54,242613
34884,0.000455,74.125.200.0-255,2902,53204,54,242613
34885,0.000458,172.31.46.0-255,66,53270,54,242613
34886,0.000481,74.125.200.0-255,5738,59008,54,242613
34887,0.000484,172.31.46.0-255,66,59074,54,242613
34888,0.000502,74.125.200.0-255,5738,64812,54,242613
34889,0.000504,172.31.46.0-255,66,64878,54,242613
34890,0.000541,74.125.200.0-255,1403,66281,54,242613
34891,0.000583,74.125.200.0-255,130,66411,54,242613
34892,0.000708,74.125.200.0-255,1484,67895,54,242613
34893,0.000713,172.31.46.0-255,66,67961,54,242613
34894,0.000717,74.125.200.0-255,1484,69445,54,242613
34895,0.000721,74.125.200.0-255,2902,72347,54,242613
34896,0.000724,172.31.46.0-255,66,72413,54,242613
34897,0.000739,74.125.200.0-255,4320,76733,54,242613
34898,0.000741,172.31.46.0-255,66,76799,54,242613
34899,0.000754,74.125.200.0-255,1484,78283,54,242613
34900,0.000769,74.125.200.0-255,2902,81185,54,242613
34901,0.000772,172.31.46.0-255,66,81251,54,242613
34902,0.000792,74.125.200.0-255,4320,85571,54,242613
34903,0.000795,172.31.46.0-255,66,85637,54,242613
34904,0.000798,74.125.200.0-255,1484,87121,54,242613
34905,0.000851,74.125.200.0-255,2902,90023,54,242613
34906,0.000855,172.31.46.0-255,66,90089,54,242613
34907,0.000859,74.125.200.0-255,1484,91573,54,242613
34908,0.000864,74.125.200.0-255,2902,94475,54,242613
34909,0.000866,172.31.46.0-255,66,94541,54,242613
34910,0.000894,74.125.200.0-255,5738,100279,54,242613
34911,0.000897,172.31.46.0-255,66,100345,54,242613
34912,0.000899,74.125.200.0-255,766,101111,54,242613
34913,0.001519,172.31.46.0-255,66,101177,54,242613
34914,0.001696,74.125.200.0-255,343,101520,54,242613
34915,0.001734,74.125.200.0-255,1484,103004,54,242613
34916,0.001739,172.31.46.0-255,66,103070,54,242613
34917,0.001758,74.125.200.0-255,4320,107390,54,242613
34918,0.001761,172.31.46.0-255,66,107456,54,242613
34919,0.001767,74.125.200.0-255,4320,111776,54,242613
34920,0.001769,172.31.46.0-255,66,111842,54,242613
34921,0.001793,74.125.200.0-255,1484,113326,54,242613
34922,0.001823,172.31.46.0-255,66,113392,54,242613
34923,0.001843,74.125.200.0-255,2902,116294,54,242613
34924,0.001845,172.31.46.0-255,66,116360,54,242613
34925,0.00185,74.125.200.0-255,4320,120680,54,242613
34926,0.001852,172.31.46.0-255,66,120746,54,242613
34927,0.00187,74.125.200.0-255,2902,123648,54,242613
34928,0.001872,172.31.46.0-255,66,123714,54,242613
34929,0.001897,74.125.200.0-255,3602,127316,54,242613
34930,0.001899,172.31.46.0-255,66,127382,54,242613
34931,0.001919,74.125.200.0-255,4320,131702,54,242613
34932,0.001921,172.31.46.0-255,66,131768,54,242613
34933,0.001946,74.125.200.0-255,1484,133252,54,242613
34934,0.001953,74.125.200.0-255,7156,140408,54,242613
34935,0.001956,172.31.46.0-255,66,140474,54,242613
34936,0.001959,74.125.200.0-255,1484,141958,54,242613
34937,0.001987,172.31.46.0-255,66,142024,54,242613
34938,0.002038,74.125.200.0-255,3602,145626,54,242613
34939,0.002042,172.31.46.0-255,66,145692,54,242613
34940,0.002111,74.125.200.0-255,1484,147176,54,242613
34941,0.002116,74.125.200.0-255,1484,148660,54,242613
34942,0.002118,172.31.46.0-255,66,148726,54,242613
34943,0.002135,74.125.200.0-255,1484,150210,54,242613
34944,0.002138,74.125.200.0-255,1484,151694,54,242613
34945,0.00214,172.31.46.0-255,66,151760,54,242613
34946,0.00216,74.125.200.0-255,4320,156080,54,242613
34947,0.002163,172.31.46.0-255,66,156146,54,242613
34948,0.002168,74.125.200.0-255,2902,159048,54,242613
34949,0.00217,172.31.46.0-255,66,159114,54,242613
34950,0.002193,74.125.200.0-255,5738,164852,54,242613
34951,0.002195,172.31.46.0-255,66,164918,54,242613
34952,0.002206,172.31.46.0-255,66,164984,54,242613
34953,0.002221,74.125.200.0-255,1484,166468,54,242613
34954,0.002237,74.125.200.0-255,2902,169370,54,242613
34955,0.00224,172.31.46.0-255,66,169436,54,242613
34956,0.002261,74.125.200.0-255,2184,171620,54,242613
34957,0.002264,172.31.46.0-255,66,171686,54,242613
34958,0.002293,74.125.200.0-255,1484,173170,54,242613
34959,0.004519,74.125.200.0-255,1484,174654,54,242613
34960,0.004526,172.31.46.0-255,66,174720,54,242613
34961,0.004544,74.125.200.0-255,2902,177622,54,242613
34962,0.004991,172.31.46.0-255,66,177688,54,242613
34963,0.006812,74.125.200.0-255,2902,180590,54,242613
34964,0.006819,172.31.46.0-255,66,180656,54,242613
34965,0.007275,74.125.200.0-255,2902,183558,54,242613
34966,0.007278,172.31.46.0-255,66,183624,54,242613
34967,0.009102,74.125.200.0-255,2902,186526,54,242613
34968,0.009107,172.31.46.0-255,66,186592,54,242613
34969,0.009566,74.125.200.0-255,2902,189494,54,242613
34970,0.009573,172.31.46.0-255,66,189560,54,242613
34971,0.011393,74.125.200.0-255,2902,192462,54,242613
34972,0.0114,172.31.46.0-255,66,192528,54,242613
34973,0.011865,74.125.200.0-255,2902,195430,54,242613
34974,0.011873,172.31.46.0-255,66,195496,54,242613
34975,0.013689,74.125.200.0-255,2902,198398,54,242613
34976,0.013696,172.31.46.0-255,66,198464,54,242613
34977,0.014152,74.125.200.0-255,2902,201366,54,242613
34978,0.014158,172.31.46.0-255,66,201432,54,242613
34979,0.015989,74.125.200.0-255,2902,204334,54,242613
34980,0.015998,172.31.46.0-255,66,204400,54,242613
34981,0.01644,74.125.200.0-255,2902,207302,54,242613
34982,0.016445,172.31.46.0-255,66,207368,54,242613
34983,0.018286,74.125.200.0-255,2902,210270,54,242613
34984,0.018293,172.31.46.0-255,66,210336,54,242613
34985,0.018727,74.125.200.0-255,2902,213238,54,242613
34986,0.018733,172.31.46.0-255,66,213304,54,242613
34987,0.020575,74.125.200.0-255,2902,216206,54,242613
34988,0.020582,172.31.46.0-255,66,216272,54,242613
34989,0.021022,74.125.200.0-255,2902,219174,54,242613
34990,0.021028,172.31.46.0-255,66,219240,54,242613
34991,0.022874,74.125.200.0-255,2902,222142,54,242613
34992,0.022881,172.31.46.0-255,66,222208,54,242613
34993,0.023302,74.125.200.0-255,2902,225110,54,242613
34994,0.023309,172.31.46.0-255,66,225176,54,242613
34995,0.025175,74.125.200.0-255,2902,228078,54,242613
34996,0.025182,172.31.46.0-255,66,228144,54,242613
34997,0.025595,74.125.200.0-255,2902,231046,54,242613
34998,0.025602,172.31.46.0-255,66,231112,54,242613
34999,0.027462,74.125.200.0-255,2902,234014,54,242613
35000,0.027469,172.31.46.0-255,66,234080,54,242613
35001,0.027883,74.125.200.0-255,2902,236982,54,242613
35002,0.027889,172.31.46.0-255,66,237048,54,242613
35003,0.029506,172.31.46.0-255,171,237219,54,242613
35004,0.029537,172.31.46.0-255,1143,238362,54,242613
35005,0.029645,172.31.46.0-255,1514,239876,54,242613
35006,0.029647,172.31.46.0-255,1253,241129,54,242613
35007,0.029768,74.125.200.0-255,1484,242613,54,242613
35008,0.0,74.125.130.0-255,153,153,54,362537
35009,2.3e-05,172.31.46.0-255,66,219,54,362537
35010,3e-05,74.125.130.0-255,1484,1703,54,362537
35011,3.5e-05,172.31.46.0-255,66,1769,54,362537
35012,4.1e-05,74.125.130.0-255,2902,4671,54,362537
35013,4.5e-05,172.31.46.0-255,66,4737,54,362537
35014,4.9e-05,74.125.130.0-255,2902,7639,54,362537
35015,5.2e-05,172.31.46.0-255,66,7705,54,362537
35016,5.9e-05,74.125.130.0-255,4320,12025,54,362537
35017,6.2e-05,172.31.46.0-255,66,12091,54,362537
35018,0.000117,172.31.46.0-255,66,12157,54,362537
35019,0.000154,172.31.46.0-255,66,12223,54,362537
35020,0.000158,74.125.130.0-255,2543,14766,54,362537
35021,0.00016,172.31.46.0-255,66,14832,54,362537
35022,0.000309,74.125.130.0-255,1484,16316,54,362537
35023,0.000314,172.31.46.0-255,66,16382,54,362537
35024,0.00032,74.125.130.0-255,2902,19284,54,362537
35025,0.000322,172.31.46.0-255,66,19350,54,362537
35026,0.000326,74.125.130.0-255,1484,20834,54,362537
35027,0.000327,172.31.46.0-255,66,20900,54,362537
35028,0.000359,74.125.130.0-255,4320,25220,54,362537
35029,0.000362,172.31.46.0-255,66,25286,54,362537
35030,0.000364,74.125.130.0-255,1484,26770,54,362537
35031,0.000366,172.31.46.0-255,66,26836,54,362537
35032,0.00037,74.125.130.0-255,2902,29738,54,362537
35033,0.000372,172.31.46.0-255,66,29804,54,362537
35034,0.000392,74.125.130.0-255,2902,32706,54,362537
35035,0.000395,172.31.46.0-255,66,32772,54,362537
35036,0.000415,74.125.130.0-255,3961,36733,54,362537
35037,0.000418,172.31.46.0-255,66,36799,54,362537
35038,0.000425,74.125.130.0-255,7156,43955,54,362537
35039,0.000427,172.31.46.0-255,66,44021,54,362537
35040,0.000441,74.125.130.0-255,1484,45505,54,362537
35041,0.000462,74.125.130.0-255,4251,49756,54,362537
35042,0.000464,172.31.46.0-255,66,49822,54,362537
35043,0.000467,74.125.130.0-255,99,49921,54,362537
35044,0.000499,74.125.130.0-255,363,50284,54,362537
35045,0.000769,74.125.130.0-255,1484,51768,54,362537
35046,0.000774,74.125.130.0-255,2902,54670,54,362537
35047,0.000779,172.31.46.0-255,66,54736,54,362537
35048,0.000787,172.31.46.0-255,66,54802,54,362537
35049,0.000791,74.125.130.0-255,1484,56286,54,362537
35050,0.000813,74.125.130.0-255,4320,60606,54,362537
35051,0.000816,172.31.46.0-255,66,60672,54,362537
35052,0.000819,74.125.130.0-255,1484,62156,54,362537
35053,0.000823,74.125.130.0-255,2902,65058,54,362537
35054,0.000825,172.31.46.0-255,66,65124,54,362537
35055,0.00083,74.125.130.0-255,4320,69444,54,362537
35056,0.000832,172.31.46.0-255,66,69510,54,362537
35057,0.000849,74.125.130.0-255,1484,70994,54,362537
35058,0.000852,74.125.130.0-255,1484,72478,54,362537
35059,0.000855,172.31.46.0-255,66,72544,54,362537
35060,0.00089,172.31.46.0-255,66,72610,54,362537
35061,0.000912,74.125.130.0-255,3053,75663,54,362537
35062,0.000914,172.31.46.0-255,66,75729,54,362537
35063,0.000972,74.125.130.0-255,1484,77213,54,362537
35064,0.000989,74.125.130.0-255,2902,80115,54,362537
35065,0.000992,172.31.46.0-255,66,80181,54,362537
35066,0.001005,74.125.130.0-255,1484,81665,54,362537
35067,0.001022,74.125.130.0-255,2902,84567,54,362537
35068,0.001025,172.31.46.0-255,66,84633,54,362537
35069,0.00104,74.125.130.0-255,4320,88953,54,362537
35070,0.001042,172.31.46.0-255,66,89019,54,362537
35071,0.001053,74.125.130.0-255,1484,90503,54,362537
35072,0.001059,74.125.130.0-255,4320,94823,54,362537
35073,0.001061,172.31.46.0-255,66,94889,54,362537
35074,0.001078,74.125.130.0-255,1484,96373,54,362537
35075,0.001101,74.125.130.0-255,4320,100693,54,362537
35076,0.001103,172.31.46.0-255,66,100759,54,362537
35077,0.001116,74.125.130.0-255,1484,102243,54,362537
35078,0.001143,172.31.46.0-255,66,102309,54,362537
35079,0.001863,74.125.130.0-255,1484,103793,54,362537
35080,0.00187,74.125.130.0-255,2902,106695,54,362537
35081,0.00189,172.31.46.0-255,66,106761,54,362537
35082,0.001898,74.125.130.0-255,5738,112499,54,362537
35083,0.001901,172.31.46.0-255,66,112565,54,362537
35084,0.001949,172.31.46.0-255,66,112631,54,362537
35085,0.001953,74.125.130.0-255,2902,115533,54,362537
35086,0.001955,172.31.46.0-255,66,115599,54,362537
35087,0.00198,172.31.46.0-255,66,115665,54,362537
35088,0.001984,74.125.130.0-255,2184,117849,54,362537
35089,0.001986,172.31.46.0-255,66,117915,54,362537
35090,0.002482,74.125.130.0-255,1484,119399,54,362537
35091,0.002494,74.125.130.0-255,2902,122301,54,362537
35092,0.002498,172.31.46.0-255,66,122367,54,362537
35093,0.002523,74.125.130.0-255,5738,128105,54,362537
35094,0.002525,172.31.46.0-255,66,128171,54,362537
35095,0.002529,74.125.130.0-255,1484,129655,54,362537
35096,0.002544,74.125.130.0-255,2902,132557,54,362537
35097,0.002546,172.31.46.0-255,66,132623,54,362537
35098,0.002551,74.125.130.0-255,2902,135525,54,362537
35099,0.002553,172.31.46.0-255,66,135591,54,362537
35100,0.00257,74.125.130.0-255,2902,138493,54,362537
35101,0.002572,172.31.46.0-255,66,138559,54,362537
35102,0.002579,74.125.130.0-255,5738,144297,54,362537
35103,0.002581,172.31.46.0-255,66,144363,54,362537
35104,0.002605,74.125.130.0-255,1484,145847,54,362537
35105,0.002608,74.125.130.0-255,1484,147331,54,362537
35106,0.00261,172.31.46.0-255,66,147397,54,362537
35107,0.002614,74.125.130.0-255,1484,148881,54,362537
35108,0.002617,74.125.130.0-255,1484,150365,54,362537
35109,0.002618,172.31.46.0-255,66,150431,54,362537
35110,0.002642,74.125.130.0-255,2184,152615,54,362537
35111,0.002644,172.31.46.0-255,66,152681,54,362537
35112,0.002722,74.125.130.0-255,1484,154165,54,362537
35113,0.002742,74.125.130.0-255,2902,157067,54,362537
35114,0.002746,172.31.46.0-255,66,157133,54,362537
35115,0.002773,74.125.130.0-255,5738,162871,54,362537
35116,0.002775,172.31.46.0-255,66,162937,54,362537
35117,0.002779,74.125.130.0-255,1484,164421,54,362537
35118,0.002797,74.125.130.0-255,4320,168741,54,362537
35119,0.002799,172.31.46.0-255,66,168807,54,362537
35120,0.002803,74.125.130.0-255,2902,171709,54,362537
35121,0.002805,172.31.46.0-255,66,171775,54,362537
35122,0.002825,74.125.130.0-255,4320,176095,54,362537
35123,0.002827,172.31.46.0-255,66,176161,54,362537
35124,0.002832,74.125.130.0-255,4320,180481,54,362537
35125,0.002834,172.31.46.0-255,66,180547,54,362537
35126,0.002877,74.125.130.0-255,4320,184867,54,362537
35127,0.00288,172.31.46.0-255,66,184933,54,362537
35128,0.002885,74.125.130.0-255,2184,187117,54,362537
35129,0.002886,172.31.46.0-255,66,187183,54,362537
35130,0.00308,74.125.130.0-255,1484,188667,54,362537
35131,0.003087,74.125.130.0-255,2902,191569,54,362537
35132,0.003091,172.31.46.0-255,66,191635,54,362537
35133,0.003107,74.125.130.0-255,1484,193119,54,362537
35134,0.00312,74.125.130.0-255,4320,197439,54,362537
35135,0.003123,172.31.46.0-255,66,197505,54,362537
35136,0.003133,74.125.130.0-255,2902,200407,54,362537
35137,0.003135,172.31.46.0-255,66,200473,54,362537
35138,0.003155,74.125.130.0-255,1484,201957,54,362537
35139,0.003162,74.125.130.0-255,5738,207695,54,362537
35140,0.003164,172.31.46.0-255,66,207761,54,362537
35141,0.003189,74.125.130.0-255,1484,209245,54,362537
35142,0.00321,74.125.130.0-255,4320,213565,54,362537
35143,0.003213,172.31.46.0-255,66,213631,54,362537
35144,0.003227,74.125.130.0-255,4320,217951,54,362537
35145,0.003231,172.31.46.0-255,66,218017,54,362537
35146,0.003251,74.125.130.0-255,2902,220919,54,362537
35147,0.003253,172.31.46.0-255,66,220985,54,362537
35148,0.003256,74.125.130.0-255,766,221751,54,362537
35149,0.003433,74.125.130.0-255,1484,223235,54,362537
35150,0.003436,172.31.46.0-255,66,223301,54,362537
35151,0.003441,74.125.130.0-255,2902,226203,54,362537
35152,0.003443,172.31.46.0-255,66,226269,54,362537
35153,0.003455,74.125.130.0-255,1484,227753,54,362537
35154,0.003472,74.125.130.0-255,4320,232073,54,362537
35155,0.003475,172.31.46.0-255,66,232139,54,362537
35156,0.003492,74.125.130.0-255,4320,236459,54,362537
35157,0.003494,172.31.46.0-255,66,236525,54,362537
35158,0.003507,74.125.130.0-255,2902,239427,54,362537
35159,0.003509,172.31.46.0-255,66,239493,54,362537
35160,0.00352,172.31.46.0-255,66,239559,54,362537
35161,0.003536,74.125.130.0-255,2902,242461,54,362537
35162,0.003538,172.31.46.0-255,66,242527,54,362537
35163,0.003563,74.125.130.0-255,5020,247547,54,362537
35164,0.003566,172.31.46.0-255,66,247613,54,362537
35165,0.003572,74.125.130.0-255,5738,253351,54,362537
35166,0.003575,172.31.46.0-255,66,253417,54,362537
35167,0.003579,74.125.130.0-255,2902,256319,54,362537
35168,0.003581,172.31.46.0-255,66,256385,54,362537
35169,0.003584,74.125.130.0-255,1484,257869,54,362537
35170,0.003604,74.125.130.0-255,1484,259353,54,362537
35171,0.003606,172.31.46.0-255,66,259419,54,362537
35172,0.003637,74.125.130.0-255,4320,263739,54,362537
35173,0.00364,172.31.46.0-255,66,263805,54,362537
35174,0.003654,74.125.130.0-255,2902,266707,54,362537
35175,0.003657,172.31.46.0-255,66,266773,54,362537
35176,0.003659,74.125.130.0-255,1484,268257,54,362537
35177,0.003664,74.125.130.0-255,2902,271159,54,362537
35178,0.003666,172.31.46.0-255,66,271225,54,362537
35179,0.003717,74.125.130.0-255,4320,275545,54,362537
35180,0.003719,172.31.46.0-255,66,275611,54,362537
35181,0.003723,74.125.130.0-255,2902,278513,54,362537
35182,0.003725,172.31.46.0-255,66,278579,54,362537
35183,0.00373,74.125.130.0-255,3602,282181,54,362537
35184,0.003733,172.31.46.0-255,66,282247,54,362537
35185,0.00376,74.125.130.0-255,5738,287985,54,362537
35186,0.003762,172.31.46.0-255,66,288051,54,362537
35187,0.003767,74.125.130.0-255,2902,290953,54,362537
35188,0.003768,172.31.46.0-255,66,291019,54,362537
35189,0.003784,74.125.130.0-255,4320,295339,54,362537
35190,0.003787,172.31.46.0-255,66,295405,54,362537
35191,0.003789,74.125.130.0-255,1484,296889,54,362537
35192,0.003813,74.125.130.0-255,5738,302627,54,362537
35193,0.003816,172.31.46.0-255,66,302693,54,362537
35194,0.003823,74.125.130.0-255,7156,309849,54,362537
35195,0.003826,172.31.46.0-255,66,309915,54,362537
35196,0.003851,74.125.130.0-255,1484,311399,54,362537
35197,0.003857,74.125.130.0-255,5020,316419,54,362537
35198,0.003859,172.31.46.0-255,66,316485,54,362537
35199,0.003877,74.125.130.0-255,2902,319387,54,362537
35200,0.003879,172.31.46.0-255,66,319453,54,362537
35201,0.003903,74.125.130.0-255,2902,322355,54,362537
35202,0.003905,172.31.46.0-255,66,322421,54,362537
35203,0.003908,74.125.130.0-255,1484,323905,54,362537
35204,0.003912,74.125.130.0-255,2902,326807,54,362537
35205,0.003915,172.31.46.0-255,66,326873,54,362537
35206,0.003946,74.125.130.0-255,5738,332611,54,362537
35207,0.003952,74.125.130.0-255,4320,336931,54,362537
35208,0.003968,74.125.130.0-255,1484,338415,54,362537
35209,0.003982,74.125.130.0-255,4320,342735,54,362537
35210,0.003985,74.125.130.0-255,1484,344219,54,362537
35211,0.004005,74.125.130.0-255,2902,347121,54,362537
35212,0.004025,74.125.130.0-255,5020,352141,54,362537
35213,0.00404,74.125.130.0-255,2902,355043,54,362537
35214,0.00406,74.125.130.0-255,4320,359363,54,362537
35215,0.004097,74.125.130.0-255,2832,362195,54,362537
35216,0.004152,74.125.130.0-255,105,362300,54,362537
35217,0.007372,172.31.46.0-255,66,362366,54,362537
35218,0.009401,172.31.46.0-255,105,362471,54,362537
35219,0.011927,74.125.130.0-255,66,362537,54,362537
35220,0.0,74.125.130.0-255,153,153,54,178207
35221,2.3e-05,172.31.46.0-255,66,219,54,178207
35222,6e-05,74.125.130.0-255,1484,1703,54,178207
35223,6.5e-05,172.31.46.0-255,66,1769,54,178207
35224,0.000106,74.125.130.0-255,2902,4671,54,178207
35225,0.000109,172.31.46.0-255,66,4737,54,178207
35226,0.000132,74.125.130.0-255,4320,9057,54,178207
35227,0.000135,172.31.46.0-255,66,9123,54,178207
35228,0.00017,74.125.130.0-255,4840,13963,54,178207
35229,0.000173,172.31.46.0-255,66,14029,54,178207
35230,0.000222,74.125.130.0-255,5738,19767,54,178207
35231,0.000225,172.31.46.0-255,66,19833,54,178207
35232,0.000286,74.125.130.0-255,2902,22735,54,178207
35233,0.000289,172.31.46.0-255,66,22801,54,178207
35234,0.000316,74.125.130.0-255,7156,29957,54,178207
35235,0.000318,172.31.46.0-255,66,30023,54,178207
35236,0.000418,74.125.130.0-255,1125,31148,54,178207
35237,0.000422,172.31.46.0-255,66,31214,54,178207
35238,0.000441,74.125.130.0-255,1484,32698,54,178207
35239,0.000443,172.31.46.0-255,66,32764,54,178207
35240,0.000466,74.125.130.0-255,4320,37084,54,178207
35241,0.000469,172.31.46.0-255,66,37150,54,178207
35242,0.00053,74.125.130.0-255,7156,44306,54,178207
35243,0.000534,172.31.46.0-255,66,44372,54,178207
35244,0.000554,74.125.130.0-255,2902,47274,54,178207
35245,0.000557,172.31.46.0-255,66,47340,54,178207
35246,0.000658,74.125.130.0-255,3961,51301,54,178207
35247,0.000662,172.31.46.0-255,66,51367,54,178207
35248,0.000737,74.125.130.0-255,2902,54269,54,178207
35249,0.000741,172.31.46.0-255,66,54335,54,178207
35250,0.000765,172.31.46.0-255,66,54401,54,178207
35251,0.000865,74.125.130.0-255,364,54765,54,178207
35252,0.000896,74.125.130.0-255,1484,56249,54,178207
35253,0.000902,172.31.46.0-255,66,56315,54,178207
35254,0.00092,74.125.130.0-255,4320,60635,54,178207
35255,0.000941,172.31.46.0-255,66,60701,54,178207
35256,0.000981,74.125.130.0-255,7156,67857,54,178207
35257,0.000994,74.125.130.0-255,2902,70759,54,178207
35258,0.001,172.31.46.0-255,66,70825,54,178207
35259,0.001117,74.125.130.0-255,4320,75145,54,178207
35260,0.001122,172.31.46.0-255,66,75211,54,178207
35261,0.00117,172.31.46.0-255,66,75277,54,178207
35262,0.001363,172.31.46.0-255,66,75343,54,178207
35263,0.001415,172.31.46.0-255,66,75409,54,178207
35264,0.001757,74.125.130.0-255,3602,79011,54,178207
35265,0.001764,172.31.46.0-255,66,79077,54,178207
35266,0.001821,74.125.130.0-255,2902,81979,54,178207
35267,0.001834,74.125.130.0-255,1484,83463,54,178207
35268,0.001842,172.31.46.0-255,66,83529,54,178207
35269,0.001896,74.125.130.0-255,5738,89267,54,178207
35270,0.001911,74.125.130.0-255,4320,93587,54,178207
35271,0.001918,172.31.46.0-255,66,93653,54,178207
35272,0.001996,74.125.130.0-255,2902,96555,54,178207
35273,0.002,172.31.46.0-255,66,96621,54,178207
35274,0.002055,172.31.46.0-255,66,96687,54,178207
35275,0.002261,74.125.130.0-255,2902,99589,54,178207
35276,0.002266,172.31.46.0-255,66,99655,54,178207
35277,0.002293,74.125.130.0-255,4320,103975,54,178207
35278,0.002333,74.125.130.0-255,7156,111131,54,178207
35279,0.002336,172.31.46.0-255,66,111197,54,178207
35280,0.002341,172.31.46.0-255,66,111263,54,178207
35281,0.002572,74.125.130.0-255,2902,114165,54,178207
35282,0.002577,172.31.46.0-255,66,114231,54,178207
35283,0.002613,172.31.46.0-255,66,114297,54,178207
35284,0.00463,74.125.130.0-255,5738,120035,54,178207
35285,0.004638,172.31.46.0-255,66,120101,54,178207
35286,0.006654,74.125.130.0-255,5738,125839,54,178207
35287,0.009005,172.31.46.0-255,66,125905,54,178207
35288,0.011038,74.125.130.0-255,5738,131643,54,178207
35289,0.011052,172.31.46.0-255,66,131709,54,178207
35290,0.01308,74.125.130.0-255,4320,136029,54,178207
35291,0.013102,74.125.130.0-255,1484,137513,54,178207
35292,0.013764,172.31.46.0-255,66,137579,54,178207
35293,0.015796,74.125.130.0-255,5738,143317,54,178207
35294,0.015813,172.31.46.0-255,66,143383,54,178207
35295,0.017868,74.125.130.0-255,5738,149121,54,178207
35296,0.017879,172.31.46.0-255,66,149187,54,178207
35297,0.019903,74.125.130.0-255,5738,154925,54,178207
35298,0.019911,172.31.46.0-255,66,154991,54,178207
35299,0.021934,74.125.130.0-255,5738,160729,54,178207
35300,0.022199,172.31.46.0-255,66,160795,54,178207
35301,0.024222,74.125.130.0-255,5738,166533,54,178207
35302,0.024233,172.31.46.0-255,66,166599,54,178207
35303,0.02625,74.125.130.0-255,5738,172337,54,178207
35304,0.026263,172.31.46.0-255,66,172403,54,178207
35305,0.028289,74.125.130.0-255,5738,178141,54,178207
35306,0.0283,172.31.46.0-255,66,178207,54,178207
35307,0.0,172.217.194.0-255,145,145,54,281737
35308,3e-05,172.31.46.0-255,66,211,54,281737
35309,3.7e-05,172.217.194.0-255,1484,1695,54,281737
35310,4.1e-05,172.31.46.0-255,66,1761,54,281737
35311,5.4e-05,172.217.194.0-255,2902,4663,54,281737
35312,5.7e-05,172.31.46.0-255,66,4729,54,281737
35313,6.2e-05,172.217.194.0-255,4320,9049,54,281737
35314,6.5e-05,172.31.46.0-255,66,9115,54,281737
35315,6.9e-05,172.217.194.0-255,2902,12017,54,281737
35316,7.3e-05,172.31.46.0-255,66,12083,54,281737
35317,0.000119,172.217.194.0-255,6230,18313,54,281737
35318,0.000122,172.31.46.0-255,66,18379,54,281737
35319,0.000135,172.31.46.0-255,66,18445,54,281737
35320,0.000138,172.217.194.0-255,1484,19929,54,281737
35321,0.000139,172.31.46.0-255,66,19995,54,281737
35322,0.000176,172.217.194.0-255,2902,22897,54,281737
35323,0.000179,172.31.46.0-255,66,22963,54,281737
35324,0.000185,172.217.194.0-255,5738,28701,54,281737
35325,0.000188,172.31.46.0-255,66,28767,54,281737
35326,0.000199,172.31.46.0-255,66,28833,54,281737
35327,0.000238,172.217.194.0-255,5738,34571,54,281737
35328,0.000242,172.31.46.0-255,66,34637,54,281737
35329,0.000267,172.217.194.0-255,2902,37539,54,281737
35330,0.000271,172.31.46.0-255,66,37605,54,281737
35331,0.000278,172.217.194.0-255,7048,44653,54,281737
35332,0.000281,172.31.46.0-255,66,44719,54,281737
35333,0.000283,172.217.194.0-255,434,45153,54,281737
35334,0.000285,172.31.46.0-255,66,45219,54,281737
35335,0.000408,172.217.194.0-255,1484,46703,54,281737
35336,0.000414,172.31.46.0-255,66,46769,54,281737
35337,0.000419,172.217.194.0-255,2902,49671,54,281737
35338,0.000421,172.31.46.0-255,66,49737,54,281737
35339,0.000446,172.217.194.0-255,5738,55475,54,281737
35340,0.000449,172.31.46.0-255,66,55541,54,281737
35341,0.000485,172.31.46.0-255,66,55607,54,281737
35342,0.00049,172.217.194.0-255,4320,59927,54,281737
35343,0.000492,172.31.46.0-255,66,59993,54,281737
35344,0.000529,172.217.194.0-255,6438,66431,54,281737
35345,0.000532,172.31.46.0-255,66,66497,54,281737
35346,0.000683,172.217.194.0-255,1484,67981,54,281737
35347,0.000689,172.31.46.0-255,66,68047,54,281737
35348,0.000695,172.217.194.0-255,2902,70949,54,281737
35349,0.000697,172.31.46.0-255,66,71015,54,281737
35350,0.000709,172.217.194.0-255,5738,76753,54,281737
35351,0.000713,172.31.46.0-255,66,76819,54,281737
35352,0.000722,172.217.194.0-255,7156,83975,54,281737
35353,0.000725,172.31.46.0-255,66,84041,54,281737
35354,0.000759,172.217.194.0-255,5738,89779,54,281737
35355,0.000762,172.31.46.0-255,66,89845,54,281737
35356,0.000773,172.31.46.0-255,66,89911,54,281737
35357,0.000799,172.217.194.0-255,2184,92095,54,281737
35358,0.000803,172.31.46.0-255,66,92161,54,281737
35359,0.00138,172.217.194.0-255,1484,93645,54,281737
35360,0.001387,172.31.46.0-255,66,93711,54,281737
35361,0.001392,172.217.194.0-255,2902,96613,54,281737
35362,0.001396,172.31.46.0-255,66,96679,54,281737
35363,0.001402,172.217.194.0-255,5738,102417,54,281737
35364,0.001409,172.31.46.0-255,66,102483,54,281737
35365,0.001414,172.217.194.0-255,4320,106803,54,281737
35366,0.001416,172.31.46.0-255,66,106869,54,281737
35367,0.001422,172.217.194.0-255,4320,111189,54,281737
35368,0.001424,172.31.46.0-255,66,111255,54,281737
35369,0.001455,172.217.194.0-255,7156,118411,54,281737
35370,0.001458,172.31.46.0-255,66,118477,54,281737
35371,0.001462,172.217.194.0-255,2902,121379,54,281737
35372,0.001464,172.31.46.0-255,66,121445,54,281737
35373,0.001497,172.217.194.0-255,5020,126465,54,281737
35374,0.0015,172.31.46.0-255,66,126531,54,281737
35375,0.001839,172.217.194.0-255,1484,128015,54,281737
35376,0.001841,172.31.46.0-255,66,128081,54,281737
35377,0.001852,172.217.194.0-255,2902,130983,54,281737
35378,0.001859,172.31.46.0-255,66,131049,54,281737
35379,0.001864,172.217.194.0-255,5738,136787,54,281737
35380,0.001867,172.31.46.0-255,66,136853,54,281737
35381,0.00189,172.217.194.0-255,7156,144009,54,281737
35382,0.001922,172.217.194.0-255,5738,149747,54,281737
35383,0.001939,172.217.194.0-255,4320,154067,54,281737
35384,0.001955,172.217.194.0-255,6438,160505,54,281737
35385,0.002186,172.217.194.0-255,1484,161989,54,281737
35386,0.002199,172.217.194.0-255,2902,164891,54,281737
35387,0.002202,172.217.194.0-255,1484,166375,54,281737
35388,0.002213,172.217.194.0-255,4320,170695,54,281737
35389,0.002215,172.217.194.0-255,1484,172179,54,281737
35390,0.002235,172.217.194.0-255,4320,176499,54,281737
35391,0.002249,172.217.194.0-255,2902,179401,54,281737
35392,0.002264,172.217.194.0-255,7156,186557,54,281737
35393,0.002284,172.217.194.0-255,2902,189459,54,281737
35394,0.002289,172.217.194.0-255,5020,194479,54,281737
35395,0.002444,172.217.194.0-255,1484,195963,54,281737
35396,0.002448,172.217.194.0-255,2902,198865,54,281737
35397,0.002486,172.217.194.0-255,2902,201767,54,281737
35398,0.0025,172.217.194.0-255,2902,204669,54,281737
35399,0.00252,172.217.194.0-255,7156,211825,54,281737
35400,0.002556,172.217.194.0-255,1484,213309,54,281737
35401,0.002589,172.217.194.0-255,1484,214793,54,281737
35402,0.002602,172.217.194.0-255,4320,219113,54,281737
35403,0.002677,172.217.194.0-255,2902,222015,54,281737
35404,0.002691,172.217.194.0-255,1484,223499,54,281737
35405,0.003839,172.31.46.0-255,66,223565,54,281737
35406,0.00645,172.217.194.0-255,5738,229303,54,281737
35407,0.006461,172.31.46.0-255,66,229369,54,281737
35408,0.009012,172.217.194.0-255,5738,235107,54,281737
35409,0.009019,172.31.46.0-255,66,235173,54,281737
35410,0.011572,172.217.194.0-255,5738,240911,54,281737
35411,0.011587,172.31.46.0-255,66,240977,54,281737
35412,0.014122,172.217.194.0-255,5738,246715,54,281737
35413,0.014139,172.31.46.0-255,66,246781,54,281737
35414,0.016768,172.217.194.0-255,5738,252519,54,281737
35415,0.016774,172.31.46.0-255,66,252585,54,281737
35416,0.019333,172.217.194.0-255,5738,258323,54,281737
35417,0.01934,172.31.46.0-255,66,258389,54,281737
35418,0.021876,172.217.194.0-255,5738,264127,54,281737
35419,0.021886,172.31.46.0-255,66,264193,54,281737
35420,0.024418,172.217.194.0-255,5738,269931,54,281737
35421,0.024423,172.31.46.0-255,66,269997,54,281737
35422,0.027003,172.217.194.0-255,5738,275735,54,281737
35423,0.027016,172.31.46.0-255,66,275801,54,281737
35424,0.029579,172.217.194.0-255,2902,278703,54,281737
35425,0.029587,172.31.46.0-255,66,278769,54,281737
35426,0.029624,172.217.194.0-255,2902,281671,54,281737
35427,0.029627,172.31.46.0-255,66,281737,54,281737
35428,0.0,172.217.194.0-255,146,146,54,210651
35429,1.5e-05,172.31.46.0-255,66,212,54,210651
35430,2.2e-05,172.217.194.0-255,1484,1696,54,210651
35431,2.6e-05,172.31.46.0-255,66,1762,54,210651
35432,2.9e-05,172.217.194.0-255,1484,3246,54,210651
35433,3.1e-05,172.31.46.0-255,66,3312,54,210651
35434,5.7e-05,172.217.194.0-255,1484,4796,54,210651
35435,6e-05,172.31.46.0-255,66,4862,54,210651
35436,6.8e-05,172.217.194.0-255,5738,10600,54,210651
35437,7e-05,172.31.46.0-255,66,10666,54,210651
35438,8.8e-05,172.217.194.0-255,3537,14203,54,210651
35439,9.1e-05,172.31.46.0-255,66,14269,54,210651
35440,0.000151,172.217.194.0-255,1484,15753,54,210651
35441,0.000154,172.31.46.0-255,66,15819,54,210651
35442,0.000174,172.217.194.0-255,2902,18721,54,210651
35443,0.000176,172.31.46.0-255,66,18787,54,210651
35444,0.000183,172.217.194.0-255,5738,24525,54,210651
35445,0.000186,172.31.46.0-255,66,24591,54,210651
35446,0.000191,172.217.194.0-255,4320,28911,54,210651
35447,0.000193,172.31.46.0-255,66,28977,54,210651
35448,0.000232,172.217.194.0-255,7156,36133,54,210651
35449,0.000235,172.31.46.0-255,66,36199,54,210651
35450,0.000262,172.217.194.0-255,5379,41578,54,210651
35451,0.000266,172.31.46.0-255,66,41644,54,210651
35452,0.000273,172.217.194.0-255,6797,48441,54,210651
35453,0.000276,172.31.46.0-255,66,48507,54,210651
35454,0.000579,172.217.194.0-255,1484,49991,54,210651
35455,0.000584,172.217.194.0-255,2902,52893,54,210651
35456,0.000595,172.31.46.0-255,66,52959,54,210651
35457,0.000599,172.31.46.0-255,66,53025,54,210651
35458,0.000626,172.217.194.0-255,4320,57345,54,210651
35459,0.000629,172.31.46.0-255,66,57411,54,210651
35460,0.00065,172.217.194.0-255,1484,58895,54,210651
35461,0.000652,172.31.46.0-255,66,58961,54,210651
35462,0.000657,172.217.194.0-255,2902,61863,54,210651
35463,0.000659,172.31.46.0-255,66,61929,54,210651
35464,0.000678,172.217.194.0-255,4542,66471,54,210651
35465,0.00068,172.31.46.0-255,66,66537,54,210651
35466,0.000745,172.217.194.0-255,1484,68021,54,210651
35467,0.000749,172.31.46.0-255,66,68087,54,210651
35468,0.000753,172.217.194.0-255,1484,69571,54,210651
35469,0.000755,172.31.46.0-255,66,69637,54,210651
35470,0.000767,172.217.194.0-255,1484,71121,54,210651
35471,0.000769,172.31.46.0-255,66,71187,54,210651
35472,0.000772,172.217.194.0-255,1484,72671,54,210651
35473,0.000774,172.31.46.0-255,66,72737,54,210651
35474,0.000803,172.217.194.0-255,4320,77057,54,210651
35475,0.000806,172.31.46.0-255,66,77123,54,210651
35476,0.00082,172.31.46.0-255,66,77189,54,210651
35477,0.000832,172.31.46.0-255,66,77255,54,210651
35478,0.000834,172.217.194.0-255,766,78021,54,210651
35479,0.000837,172.31.46.0-255,66,78087,54,210651
35480,0.000923,172.217.194.0-255,1484,79571,54,210651
35481,0.000927,172.31.46.0-255,66,79637,54,210651
35482,0.000932,172.217.194.0-255,2902,82539,54,210651
35483,0.000934,172.31.46.0-255,66,82605,54,210651
35484,0.00094,172.217.194.0-255,4320,86925,54,210651
35485,0.000942,172.31.46.0-255,66,86991,54,210651
35486,0.000967,172.217.194.0-255,1484,88475,54,210651
35487,0.00097,172.31.46.0-255,66,88541,54,210651
35488,0.000977,172.217.194.0-255,5738,94279,54,210651
35489,0.000979,172.31.46.0-255,66,94345,54,210651
35490,0.000982,172.217.194.0-255,606,94951,54,210651
35491,0.000983,172.31.46.0-255,66,95017,54,210651
35492,0.001256,172.217.194.0-255,1484,96501,54,210651
35493,0.00126,172.31.46.0-255,66,96567,54,210651
35494,0.001266,172.217.194.0-255,2902,99469,54,210651
35495,0.001268,172.31.46.0-255,66,99535,54,210651
35496,0.001285,172.217.194.0-255,5738,105273,54,210651
35497,0.001288,172.31.46.0-255,66,105339,54,210651
35498,0.001322,172.31.46.0-255,66,105405,54,210651
35499,0.00134,172.217.194.0-255,1484,106889,54,210651
35500,0.001343,172.31.46.0-255,66,106955,54,210651
35501,0.001354,172.31.46.0-255,66,107021,54,210651
35502,0.001358,172.217.194.0-255,2184,109205,54,210651
35503,0.00136,172.31.46.0-255,66,109271,54,210651
35504,0.001364,172.217.194.0-255,2902,112173,54,210651
35505,0.001366,172.31.46.0-255,66,112239,54,210651
35506,0.001369,172.217.194.0-255,1484,113723,54,210651
35507,0.001392,172.217.194.0-255,5738,119461,54,210651
35508,0.001394,172.31.46.0-255,66,119527,54,210651
35509,0.001397,172.217.194.0-255,1484,121011,54,210651
35510,0.001441,172.31.46.0-255,66,121077,54,210651
35511,0.001452,172.31.46.0-255,66,121143,54,210651
35512,0.002229,172.217.194.0-255,1484,122627,54,210651
35513,0.002236,172.217.194.0-255,2902,125529,54,210651
35514,0.002239,172.31.46.0-255,66,125595,54,210651
35515,0.002243,172.217.194.0-255,1484,127079,54,210651
35516,0.002264,172.217.194.0-255,4320,131399,54,210651
35517,0.002266,172.31.46.0-255,66,131465,54,210651
35518,0.002297,172.31.46.0-255,66,131531,54,210651
35519,0.002307,172.31.46.0-255,66,131597,54,210651
35520,0.002341,172.217.194.0-255,7156,138753,54,210651
35521,0.002344,172.31.46.0-255,66,138819,54,210651
35522,0.002365,172.217.194.0-255,766,139585,54,210651
35523,0.002374,172.217.194.0-255,7156,146741,54,210651
35524,0.002376,172.31.46.0-255,66,146807,54,210651
35525,0.004735,172.217.194.0-255,5738,152545,54,210651
35526,0.004742,172.31.46.0-255,66,152611,54,210651
35527,0.007136,172.217.194.0-255,5738,158349,54,210651
35528,0.007141,172.31.46.0-255,66,158415,54,210651
35529,0.009492,172.217.194.0-255,5738,164153,54,210651
35530,0.0095,172.31.46.0-255,66,164219,54,210651
35531,0.01186,172.217.194.0-255,5738,169957,54,210651
35532,0.01187,172.31.46.0-255,66,170023,54,210651
35533,0.01423,172.217.194.0-255,5738,175761,54,210651
35534,0.014242,172.31.46.0-255,66,175827,54,210651
35535,0.016616,172.217.194.0-255,5738,181565,54,210651
35536,0.016627,172.31.46.0-255,66,181631,54,210651
35537,0.018982,172.217.194.0-255,5738,187369,54,210651
35538,0.018991,172.31.46.0-255,66,187435,54,210651
35539,0.021347,172.217.194.0-255,5738,193173,54,210651
35540,0.021355,172.31.46.0-255,66,193239,54,210651
35541,0.023702,172.217.194.0-255,5738,198977,54,210651
35542,0.023709,172.31.46.0-255,66,199043,54,210651
35543,0.026076,172.217.194.0-255,5738,204781,54,210651
35544,0.026084,172.31.46.0-255,66,204847,54,210651
35545,0.028434,172.217.194.0-255,5738,210585,54,210651
35546,0.028446,172.31.46.0-255,66,210651,54,210651
35547,0.0,172.217.194.0-255,156,156,54,231369
35548,2e-05,172.31.46.0-255,66,222,54,231369
35549,2.7e-05,172.217.194.0-255,1484,1706,54,231369
35550,3.1e-05,172.31.46.0-255,66,1772,54,231369
35551,3.7e-05,172.217.194.0-255,2902,4674,54,231369
35552,4e-05,172.31.46.0-255,66,4740,54,231369
35553,4.8e-05,172.217.194.0-255,7156,11896,54,231369
35554,5.1e-05,172.31.46.0-255,66,11962,54,231369
35555,7.7e-05,172.217.194.0-255,2107,14069,54,231369
35556,8e-05,172.31.46.0-255,66,14135,54,231369
35557,9.7e-05,172.217.194.0-255,2902,17037,54,231369
35558,0.0001,172.31.46.0-255,66,17103,54,231369
35559,0.000139,172.217.194.0-255,7156,24259,54,231369
35560,0.000142,172.31.46.0-255,66,24325,54,231369
35561,0.000165,172.217.194.0-255,7156,31481,54,231369
35562,0.000167,172.31.46.0-255,66,31547,54,231369
35563,0.000201,172.217.194.0-255,5379,36926,54,231369
35564,0.000204,172.31.46.0-255,66,36992,54,231369
35565,0.000217,172.31.46.0-255,66,37058,54,231369
35566,0.00022,172.217.194.0-255,1484,38542,54,231369
35567,0.000221,172.31.46.0-255,66,38608,54,231369
35568,0.000244,172.31.46.0-255,66,38674,54,231369
35569,0.000297,172.217.194.0-255,7073,45747,54,231369
35570,0.000301,172.31.46.0-255,66,45813,54,231369
35571,0.000304,172.217.194.0-255,432,46245,54,231369
35572,0.000306,172.31.46.0-255,66,46311,54,231369
35573,0.000479,172.217.194.0-255,1484,47795,54,231369
35574,0.000483,172.31.46.0-255,66,47861,54,231369
35575,0.00049,172.217.194.0-255,2902,50763,54,231369
35576,0.000492,172.31.46.0-255,66,50829,54,231369
35577,0.000499,172.217.194.0-255,5738,56567,54,231369
35578,0.000502,172.31.46.0-255,66,56633,54,231369
35579,0.000541,172.31.46.0-255,66,56699,54,231369
35580,0.000553,172.31.46.0-255,66,56765,54,231369
35581,0.000556,172.217.194.0-255,766,57531,54,231369
35582,0.000922,172.217.194.0-255,1484,59015,54,231369
35583,0.000928,172.31.46.0-255,66,59081,54,231369
35584,0.000934,172.217.194.0-255,2902,61983,54,231369
35585,0.000936,172.31.46.0-255,66,62049,54,231369
35586,0.000942,172.217.194.0-255,5738,67787,54,231369
35587,0.000944,172.31.46.0-255,66,67853,54,231369
35588,0.000982,172.31.46.0-255,66,67919,54,231369
35589,0.001003,172.217.194.0-255,1484,69403,54,231369
35590,0.001016,172.31.46.0-255,66,69469,54,231369
35591,0.001139,172.217.194.0-255,1484,70953,54,231369
35592,0.001162,172.217.194.0-255,2902,73855,54,231369
35593,0.001165,172.31.46.0-255,66,73921,54,231369
35594,0.001173,172.217.194.0-255,5738,79659,54,231369
35595,0.001175,172.31.46.0-255,66,79725,54,231369
35596,0.001203,172.31.46.0-255,66,79791,54,231369
35597,0.001233,172.217.194.0-255,2902,82693,54,231369
35598,0.001236,172.31.46.0-255,66,82759,54,231369
35599,0.00125,172.31.46.0-255,66,82825,54,231369
35600,0.001516,172.217.194.0-255,1484,84309,54,231369
35601,0.001523,172.217.194.0-255,2902,87211,54,231369
35602,0.001526,172.31.46.0-255,66,87277,54,231369
35603,0.001531,172.217.194.0-255,2902,90179,54,231369
35604,0.001533,172.31.46.0-255,66,90245,54,231369
35605,0.00155,172.217.194.0-255,2902,93147,54,231369
35606,0.001552,172.31.46.0-255,66,93213,54,231369
35607,0.00156,172.217.194.0-255,7156,100369,54,231369
35608,0.001562,172.31.46.0-255,66,100435,54,231369
35609,0.001566,172.217.194.0-255,2902,103337,54,231369
35610,0.001568,172.31.46.0-255,66,103403,54,231369
35611,0.001609,172.31.46.0-255,66,103469,54,231369
35612,0.001619,172.31.46.0-255,66,103535,54,231369
35613,0.00163,172.31.46.0-255,66,103601,54,231369
35614,0.001655,172.217.194.0-255,766,104367,54,231369
35615,0.001659,172.31.46.0-255,78,104445,54,231369
35616,0.001666,172.217.194.0-255,5738,110183,54,231369
35617,0.001669,172.31.46.0-255,78,110261,54,231369
35618,0.001701,172.31.46.0-255,66,110327,54,231369
35619,0.001709,172.217.194.0-255,7156,117483,54,231369
35620,0.001712,172.31.46.0-255,66,117549,54,231369
35621,0.001736,172.31.46.0-255,66,117615,54,231369
35622,0.001754,172.31.46.0-255,66,117681,54,231369
35623,0.001757,172.217.194.0-255,1484,119165,54,231369
35624,0.001781,172.217.194.0-255,3602,122767,54,231369
35625,0.001784,172.31.46.0-255,66,122833,54,231369
35626,0.001818,172.217.194.0-255,4320,127153,54,231369
35627,0.001822,172.31.46.0-255,66,127219,54,231369
35628,0.001844,172.217.194.0-255,1484,128703,54,231369
35629,0.001851,172.217.194.0-255,7156,135859,54,231369
35630,0.001854,172.31.46.0-255,66,135925,54,231369
35631,0.001867,172.31.46.0-255,66,135991,54,231369
35632,0.001885,172.217.194.0-255,2902,138893,54,231369
35633,0.001892,172.217.194.0-255,6438,145331,54,231369
35634,0.001895,172.31.46.0-255,66,145397,54,231369
35635,0.001903,172.31.46.0-255,66,145463,54,231369
35636,0.00203,172.217.194.0-255,1484,146947,54,231369
35637,0.002036,172.217.194.0-255,2902,149849,54,231369
35638,0.002039,172.31.46.0-255,66,149915,54,231369
35639,0.002044,172.217.194.0-255,2902,152817,54,231369
35640,0.002046,172.31.46.0-255,66,152883,54,231369
35641,0.002061,172.217.194.0-255,2902,155785,54,231369
35642,0.002063,172.31.46.0-255,66,155851,54,231369
35643,0.002066,172.217.194.0-255,1484,157335,54,231369
35644,0.004055,172.217.194.0-255,4320,161655,54,231369
35645,0.004062,172.31.46.0-255,66,161721,54,231369
35646,0.006058,172.217.194.0-255,5738,167459,54,231369
35647,0.006061,172.31.46.0-255,66,167525,54,231369
35648,0.008077,172.217.194.0-255,5738,173263,54,231369
35649,0.008081,172.31.46.0-255,66,173329,54,231369
35650,0.010086,172.217.194.0-255,5738,179067,54,231369
35651,0.010094,172.31.46.0-255,66,179133,54,231369
35652,0.012102,172.217.194.0-255,5738,184871,54,231369
35653,0.01211,172.31.46.0-255,66,184937,54,231369
35654,0.014133,172.217.194.0-255,5738,190675,54,231369
35655,0.014142,172.31.46.0-255,66,190741,54,231369
35656,0.016184,172.217.194.0-255,5738,196479,54,231369
35657,0.016192,172.31.46.0-255,66,196545,54,231369
35658,0.018222,172.217.194.0-255,5738,202283,54,231369
35659,0.018232,172.31.46.0-255,66,202349,54,231369
35660,0.020238,172.217.194.0-255,5738,208087,54,231369
35661,0.020246,172.31.46.0-255,66,208153,54,231369
35662,0.022253,172.217.194.0-255,5738,213891,54,231369
35663,0.022261,172.31.46.0-255,66,213957,54,231369
35664,0.024279,172.217.194.0-255,5738,219695,54,231369
35665,0.024287,172.31.46.0-255,66,219761,54,231369
35666,0.026296,172.217.194.0-255,5738,225499,54,231369
35667,0.026304,172.31.46.0-255,66,225565,54,231369
35668,0.028319,172.217.194.0-255,5738,231303,54,231369
35669,0.028327,172.31.46.0-255,66,231369,54,231369
35670,0.0,172.217.27.0-255,153,153,54,168971
35671,1.3e-05,172.31.46.0-255,66,219,54,168971
35672,1.9e-05,172.217.27.0-255,1484,1703,54,168971
35673,2.3e-05,172.31.46.0-255,66,1769,54,168971
35674,2.6e-05,172.217.27.0-255,1484,3253,54,168971
35675,2.9e-05,172.31.46.0-255,66,3319,54,168971
35676,4e-05,172.217.27.0-255,2902,6221,54,168971
35677,4.3e-05,172.31.46.0-255,66,6287,54,168971
35678,5e-05,172.217.27.0-255,5738,12025,54,168971
35679,5.3e-05,172.31.46.0-255,66,12091,54,168971
35680,9.8e-05,172.31.46.0-255,66,12157,54,168971
35681,0.000123,172.217.27.0-255,5379,17536,54,168971
35682,0.000125,172.31.46.0-255,66,17602,54,168971
35683,0.000299,172.217.27.0-255,1484,19086,54,168971
35684,0.000303,172.31.46.0-255,66,19152,54,168971
35685,0.000309,172.217.27.0-255,2902,22054,54,168971
35686,0.000311,172.31.46.0-255,66,22120,54,168971
35687,0.000332,172.217.27.0-255,5738,27858,54,168971
35688,0.000335,172.31.46.0-255,66,27924,54,168971
35689,0.000346,172.217.27.0-255,6797,34721,54,168971
35690,0.000348,172.31.46.0-255,66,34787,54,168971
35691,0.000388,172.31.46.0-255,66,34853,54,168971
35692,0.000392,172.217.27.0-255,2850,37703,54,168971
35693,0.000394,172.31.46.0-255,66,37769,54,168971
35694,0.000892,172.217.27.0-255,113,37882,54,168971
35695,0.000897,172.31.46.0-255,66,37948,54,168971
35696,0.001068,172.217.27.0-255,1484,39432,54,168971
35697,0.001073,172.31.46.0-255,66,39498,54,168971
35698,0.001079,172.217.27.0-255,1484,40982,54,168971
35699,0.001081,172.31.46.0-255,66,41048,54,168971
35700,0.001091,172.217.27.0-255,2902,43950,54,168971
35701,0.001093,172.31.46.0-255,66,44016,54,168971
35702,0.001099,172.217.27.0-255,5738,49754,54,168971
35703,0.0011,172.31.46.0-255,66,49820,54,168971
35704,0.001132,172.31.46.0-255,66,49886,54,168971
35705,0.001167,172.217.27.0-255,5379,55265,54,168971
35706,0.001169,172.31.46.0-255,66,55331,54,168971
35707,0.001179,172.31.46.0-255,66,55397,54,168971
35708,0.001539,172.217.27.0-255,1484,56881,54,168971
35709,0.001547,172.217.27.0-255,2902,59783,54,168971
35710,0.00155,172.31.46.0-255,66,59849,54,168971
35711,0.001557,172.217.27.0-255,4320,64169,54,168971
35712,0.001559,172.31.46.0-255,66,64235,54,168971
35713,0.001589,172.217.27.0-255,1484,65719,54,168971
35714,0.001602,172.31.46.0-255,66,65785,54,168971
35715,0.001605,172.217.27.0-255,1484,67269,54,168971
35716,0.001627,172.217.27.0-255,2902,70171,54,168971
35717,0.001629,172.31.46.0-255,66,70237,54,168971
35718,0.003218,172.217.27.0-255,1484,71721,54,168971
35719,0.003238,172.217.27.0-255,4320,76041,54,168971
35720,0.003244,172.31.46.0-255,66,76107,54,168971
35721,0.004866,172.217.27.0-255,5738,81845,54,168971
35722,0.004871,172.31.46.0-255,66,81911,54,168971
35723,0.006495,172.217.27.0-255,5738,87649,54,168971
35724,0.006502,172.31.46.0-255,66,87715,54,168971
35725,0.008122,172.217.27.0-255,5738,93453,54,168971
35726,0.008129,172.31.46.0-255,66,93519,54,168971
35727,0.009753,172.217.27.0-255,5738,99257,54,168971
35728,0.00976,172.31.46.0-255,66,99323,54,168971
35729,0.011389,172.217.27.0-255,5738,105061,54,168971
35730,0.011395,172.31.46.0-255,66,105127,54,168971
35731,0.013054,172.217.27.0-255,5738,110865,54,168971
35732,0.013063,172.31.46.0-255,66,110931,54,168971
35733,0.014691,172.217.27.0-255,5738,116669,54,168971
35734,0.014699,172.31.46.0-255,66,116735,54,168971
35735,0.016331,172.217.27.0-255,5738,122473,54,168971
35736,0.016338,172.31.46.0-255,66,122539,54,168971
35737,0.017965,172.217.27.0-255,5738,128277,54,168971
35738,0.017975,172.31.46.0-255,66,128343,54,168971
35739,0.019594,172.217.27.0-255,5738,134081,54,168971
35740,0.0196,172.31.46.0-255,66,134147,54,168971
35741,0.021253,172.217.27.0-255,5738,139885,54,168971
35742,0.02126,172.31.46.0-255,66,139951,54,168971
35743,0.022882,172.217.27.0-255,5738,145689,54,168971
35744,0.022888,172.31.46.0-255,66,145755,54,168971
35745,0.024511,172.217.27.0-255,5738,151493,54,168971
35746,0.024517,172.31.46.0-255,66,151559,54,168971
35747,0.026141,172.217.27.0-255,5738,157297,54,168971
35748,0.026149,172.31.46.0-255,66,157363,54,168971
35749,0.027779,172.217.27.0-255,5738,163101,54,168971
35750,0.027788,172.31.46.0-255,66,163167,54,168971
35751,0.029446,172.217.27.0-255,5738,168905,54,168971
35752,0.029455,172.31.46.0-255,66,168971,54,168971
35753,0.0,74.125.200.0-255,150,150,54,346258
35754,2.1e-05,172.31.46.0-255,66,216,54,346258
35755,4.5e-05,74.125.200.0-255,1484,1700,54,346258
35756,4.9e-05,172.31.46.0-255,66,1766,54,346258
35757,5.5e-05,74.125.200.0-255,2902,4668,54,346258
35758,5.9e-05,172.31.46.0-255,66,4734,54,346258
35759,8.8e-05,74.125.200.0-255,5738,10472,54,346258
35760,9.1e-05,172.31.46.0-255,66,10538,54,346258
35761,9.5e-05,74.125.200.0-255,1484,12022,54,346258
35762,9.7e-05,172.31.46.0-255,66,12088,54,346258
35763,0.000101,74.125.200.0-255,2044,14132,54,346258
35764,0.000104,172.31.46.0-255,66,14198,54,346258
35765,0.000131,74.125.200.0-255,5738,19936,54,346258
35766,0.000134,172.31.46.0-255,66,20002,54,346258
35767,0.00014,74.125.200.0-255,4320,24322,54,346258
35768,0.000142,172.31.46.0-255,66,24388,54,346258
35769,0.000146,74.125.200.0-255,1484,25872,54,346258
35770,0.000148,172.31.46.0-255,66,25938,54,346258
35771,0.000165,74.125.200.0-255,4320,30258,54,346258
35772,0.000168,172.31.46.0-255,66,30324,54,346258
35773,0.000171,74.125.200.0-255,1125,31449,54,346258
35774,0.000173,172.31.46.0-255,66,31515,54,346258
35775,0.000258,74.125.200.0-255,1484,32999,54,346258
35776,0.000261,172.31.46.0-255,66,33065,54,346258
35777,0.000279,74.125.200.0-255,2902,35967,54,346258
35778,0.000282,172.31.46.0-255,66,36033,54,346258
35779,0.00031,74.125.200.0-255,1484,37517,54,346258
35780,0.000313,172.31.46.0-255,66,37583,54,346258
35781,0.000315,74.125.200.0-255,1484,39067,54,346258
35782,0.000317,172.31.46.0-255,66,39133,54,346258
35783,0.00033,74.125.200.0-255,1484,40617,54,346258
35784,0.000332,172.31.46.0-255,66,40683,54,346258
35785,0.000346,74.125.200.0-255,2902,43585,54,346258
35786,0.000349,172.31.46.0-255,66,43651,54,346258
35787,0.000362,74.125.200.0-255,2902,46553,54,346258
35788,0.000365,172.31.46.0-255,66,46619,54,346258
35789,0.000392,74.125.200.0-255,6797,53416,54,346258
35790,0.000394,172.31.46.0-255,66,53482,54,346258
35791,0.000397,74.125.200.0-255,1484,54966,54,346258
35792,0.00041,74.125.200.0-255,2902,57868,54,346258
35793,0.000412,172.31.46.0-255,66,57934,54,346258
35794,0.000436,74.125.200.0-255,5738,63672,54,346258
35795,0.000439,172.31.46.0-255,66,63738,54,346258
35796,0.000441,74.125.200.0-255,1484,65222,54,346258
35797,0.000454,74.125.200.0-255,1398,66620,54,346258
35798,0.000456,172.31.46.0-255,66,66686,54,346258
35799,0.000467,74.125.200.0-255,131,66817,54,346258
35800,0.000536,74.125.200.0-255,1484,68301,54,346258
35801,0.000539,172.31.46.0-255,66,68367,54,346258
35802,0.000557,74.125.200.0-255,2902,71269,54,346258
35803,0.00056,172.31.46.0-255,66,71335,54,346258
35804,0.000563,74.125.200.0-255,2902,74237,54,346258
35805,0.000565,172.31.46.0-255,66,74303,54,346258
35806,0.000579,74.125.200.0-255,2902,77205,54,346258
35807,0.000581,172.31.46.0-255,66,77271,54,346258
35808,0.000608,74.125.200.0-255,4320,81591,54,346258
35809,0.00061,172.31.46.0-255,66,81657,54,346258
35810,0.000629,74.125.200.0-255,7156,88813,54,346258
35811,0.000631,172.31.46.0-255,66,88879,54,346258
35812,0.000634,74.125.200.0-255,1484,90363,54,346258
35813,0.000664,172.31.46.0-255,66,90429,54,346258
35814,0.000681,74.125.200.0-255,348,90777,54,346258
35815,0.000904,74.125.200.0-255,1484,92261,54,346258
35816,0.000907,172.31.46.0-255,66,92327,54,346258
35817,0.000924,74.125.200.0-255,2902,95229,54,346258
35818,0.000926,172.31.46.0-255,66,95295,54,346258
35819,0.000949,74.125.200.0-255,1484,96779,54,346258
35820,0.00097,74.125.200.0-255,2902,99681,54,346258
35821,0.000972,172.31.46.0-255,66,99747,54,346258
35822,0.000992,74.125.200.0-255,5738,105485,54,346258
35823,0.000994,172.31.46.0-255,66,105551,54,346258
35824,0.000998,74.125.200.0-255,2902,108453,54,346258
35825,0.001,172.31.46.0-255,66,108519,54,346258
35826,0.001044,74.125.200.0-255,4320,112839,54,346258
35827,0.001046,172.31.46.0-255,66,112905,54,346258
35828,0.00105,74.125.200.0-255,1484,114389,54,346258
35829,0.001054,74.125.200.0-255,2902,117291,54,346258
35830,0.001055,172.31.46.0-255,66,117357,54,346258
35831,0.001068,74.125.200.0-255,1484,118841,54,346258
35832,0.001084,74.125.200.0-255,4320,123161,54,346258
35833,0.001086,172.31.46.0-255,66,123227,54,346258
35834,0.001127,74.125.200.0-255,2184,125411,54,346258
35835,0.001131,172.31.46.0-255,66,125477,54,346258
35836,0.001339,74.125.200.0-255,1484,126961,54,346258
35837,0.001368,74.125.200.0-255,1484,128445,54,346258
35838,0.001372,172.31.46.0-255,66,128511,54,346258
35839,0.001381,74.125.200.0-255,2902,131413,54,346258
35840,0.001384,172.31.46.0-255,66,131479,54,346258
35841,0.001399,74.125.200.0-255,1484,132963,54,346258
35842,0.001409,74.125.200.0-255,1484,134447,54,346258
35843,0.001411,172.31.46.0-255,66,134513,54,346258
35844,0.001436,74.125.200.0-255,1484,135997,54,346258
35845,0.001452,74.125.200.0-255,2902,138899,54,346258
35846,0.001454,172.31.46.0-255,66,138965,54,346258
35847,0.001472,74.125.200.0-255,2902,141867,54,346258
35848,0.001474,172.31.46.0-255,66,141933,54,346258
35849,0.001494,74.125.200.0-255,2902,144835,54,346258
35850,0.001497,172.31.46.0-255,66,144901,54,346258
35851,0.001503,74.125.200.0-255,7156,152057,54,346258
35852,0.001505,172.31.46.0-255,66,152123,54,346258
35853,0.001511,74.125.200.0-255,5738,157861,54,346258
35854,0.001513,172.31.46.0-255,66,157927,54,346258
35855,0.001523,74.125.200.0-255,1484,159411,54,346258
35856,0.001547,74.125.200.0-255,2902,162313,54,346258
35857,0.001549,172.31.46.0-255,66,162379,54,346258
35858,0.00157,74.125.200.0-255,5020,167399,54,346258
35859,0.001573,172.31.46.0-255,66,167465,54,346258
35860,0.001578,74.125.200.0-255,7156,174621,54,346258
35861,0.001581,172.31.46.0-255,66,174687,54,346258
35862,0.001586,74.125.200.0-255,5738,180425,54,346258
35863,0.001588,172.31.46.0-255,66,180491,54,346258
35864,0.001605,74.125.200.0-255,2902,183393,54,346258
35865,0.001607,172.31.46.0-255,66,183459,54,346258
35866,0.001638,172.31.46.0-255,66,183525,54,346258
35867,0.001693,74.125.200.0-255,1484,185009,54,346258
35868,0.001698,74.125.200.0-255,2902,187911,54,346258
35869,0.0017,172.31.46.0-255,66,187977,54,346258
35870,0.001703,74.125.200.0-255,1484,189461,54,346258
35871,0.001724,74.125.200.0-255,2902,192363,54,346258
35872,0.001726,172.31.46.0-255,66,192429,54,346258
35873,0.001729,74.125.200.0-255,1484,193913,54,346258
35874,0.001746,74.125.200.0-255,4320,198233,54,346258
35875,0.001749,172.31.46.0-255,66,198299,54,346258
35876,0.001773,172.31.46.0-255,66,198365,54,346258
35877,0.001793,74.125.200.0-255,2902,201267,54,346258
35878,0.001795,172.31.46.0-255,66,201333,54,346258
35879,0.001812,74.125.200.0-255,2902,204235,54,346258
35880,0.001816,172.31.46.0-255,66,204301,54,346258
35881,0.001836,74.125.200.0-255,5020,209321,54,346258
35882,0.001839,172.31.46.0-255,66,209387,54,346258
35883,0.001873,74.125.200.0-255,1484,210871,54,346258
35884,0.001892,74.125.200.0-255,2902,213773,54,346258
35885,0.001895,172.31.46.0-255,66,213839,54,346258
35886,0.001899,74.125.200.0-255,2902,216741,54,346258
35887,0.001901,172.31.46.0-255,66,216807,54,346258
35888,0.001917,74.125.200.0-255,2902,219709,54,346258
35889,0.001924,172.31.46.0-255,66,219775,54,346258
35890,0.001929,74.125.200.0-255,4320,224095,54,346258
35891,0.001931,172.31.46.0-255,66,224161,54,346258
35892,0.001936,74.125.200.0-255,5738,229899,54,346258
35893,0.001937,172.31.46.0-255,66,229965,54,346258
35894,0.001971,74.125.200.0-255,2902,232867,54,346258
35895,0.001973,172.31.46.0-255,66,232933,54,346258
35896,0.001999,172.31.46.0-255,66,232999,54,346258
35897,0.002026,74.125.200.0-255,7156,240155,54,346258
35898,0.002029,172.31.46.0-255,66,240221,54,346258
35899,0.002044,74.125.200.0-255,766,240987,54,346258
35900,0.002048,74.125.200.0-255,2902,243889,54,346258
35901,0.00205,172.31.46.0-255,66,243955,54,346258
35902,0.00208,74.125.200.0-255,5738,249693,54,346258
35903,0.002083,172.31.46.0-255,66,249759,54,346258
35904,0.002088,74.125.200.0-255,4320,254079,54,346258
35905,0.00209,172.31.46.0-255,66,254145,54,346258
35906,0.002096,74.125.200.0-255,5738,259883,54,346258
35907,0.002097,172.31.46.0-255,66,259949,54,346258
35908,0.002118,74.125.200.0-255,1484,261433,54,346258
35909,0.002142,172.31.46.0-255,66,261499,54,346258
35910,0.002213,172.31.46.0-255,66,261565,54,346258
35911,0.002237,74.125.200.0-255,7156,268721,54,346258
35912,0.002255,74.125.200.0-255,1484,270205,54,346258
35913,0.002268,74.125.200.0-255,6438,276643,54,346258
35914,0.002276,172.31.46.0-255,66,276709,54,346258
35915,0.002288,74.125.200.0-255,2902,279611,54,346258
35916,0.002301,74.125.200.0-255,4320,283931,54,346258
35917,0.00232,172.31.46.0-255,66,283997,54,346258
35918,0.00233,74.125.200.0-255,7156,291153,54,346258
35919,0.002339,172.31.46.0-255,66,291219,54,346258
35920,0.002342,74.125.200.0-255,1484,292703,54,346258
35921,0.002356,74.125.200.0-255,2902,295605,54,346258
35922,0.002369,74.125.200.0-255,6438,302043,54,346258
35923,0.002373,74.125.200.0-255,2902,304945,54,346258
35924,0.002376,172.31.46.0-255,66,305011,54,346258
35925,0.002393,74.125.200.0-255,1484,306495,54,346258
35926,0.002396,74.125.200.0-255,1484,307979,54,346258
35927,0.002398,74.125.200.0-255,1484,309463,54,346258
35928,0.002405,172.31.46.0-255,66,309529,54,346258
35929,0.00242,74.125.200.0-255,5738,315267,54,346258
35930,0.002428,172.31.46.0-255,66,315333,54,346258
35931,0.004803,74.125.200.0-255,5738,321071,54,346258
35932,0.004818,172.31.46.0-255,66,321137,54,346258
35933,0.007177,74.125.200.0-255,5738,326875,54,346258
35934,0.007204,172.31.46.0-255,66,326941,54,346258
35935,0.009601,74.125.200.0-255,5738,332679,54,346258
35936,0.009607,172.31.46.0-255,66,332745,54,346258
35937,0.01197,74.125.200.0-255,5738,338483,54,346258
35938,0.011977,172.31.46.0-255,66,338549,54,346258
35939,0.014336,74.125.200.0-255,5738,344287,54,346258
35940,0.014343,172.31.46.0-255,66,344353,54,346258
35941,0.016706,74.125.200.0-255,1668,346021,54,346258
35942,0.016714,172.31.46.0-255,66,346087,54,346258
35943,0.023515,172.31.46.0-255,105,346192,54,346258
35944,0.025859,74.125.200.0-255,66,346258,54,346258
35945,0.0,172.217.194.0-255,146,146,54,192751
35946,2.1e-05,172.31.46.0-255,66,212,54,192751
35947,2.8e-05,172.217.194.0-255,1484,1696,54,192751
35948,3.3e-05,172.31.46.0-255,66,1762,54,192751
35949,4.4e-05,172.217.194.0-255,2902,4664,54,192751
35950,4.7e-05,172.31.46.0-255,66,4730,54,192751
35951,6.9e-05,172.217.194.0-255,5738,10468,54,192751
35952,7.5e-05,172.31.46.0-255,66,10534,54,192751
35953,8e-05,172.217.194.0-255,3357,13891,54,192751
35954,8.2e-05,172.31.46.0-255,66,13957,54,192751
35955,0.000116,172.217.194.0-255,4320,18277,54,192751
35956,0.000118,172.31.46.0-255,66,18343,54,192751
35957,0.000121,172.217.194.0-255,1484,19827,54,192751
35958,0.000122,172.31.46.0-255,66,19893,54,192751
35959,0.000159,172.31.46.0-255,66,19959,54,192751
35960,0.000171,172.217.194.0-255,2543,22502,54,192751
35961,0.000177,172.31.46.0-255,66,22568,54,192751
35962,0.000253,172.217.194.0-255,1484,24052,54,192751
35963,0.000256,172.31.46.0-255,66,24118,54,192751
35964,0.000282,172.217.194.0-255,2902,27020,54,192751
35965,0.000285,172.31.46.0-255,66,27086,54,192751
35966,0.00029,172.217.194.0-255,5738,32824,54,192751
35967,0.000292,172.31.46.0-255,66,32890,54,192751
35968,0.000297,172.217.194.0-255,4320,37210,54,192751
35969,0.0003,172.31.46.0-255,66,37276,54,192751
35970,0.000333,172.217.194.0-255,2543,39819,54,192751
35971,0.000336,172.31.46.0-255,66,39885,54,192751
35972,0.000348,172.31.46.0-255,66,39951,54,192751
35973,0.000371,172.217.194.0-255,2902,42853,54,192751
35974,0.000373,172.31.46.0-255,66,42919,54,192751
35975,0.000402,172.217.194.0-255,2833,45752,54,192751
35976,0.000405,172.31.46.0-255,66,45818,54,192751
35977,0.000434,172.217.194.0-255,397,46215,54,192751
35978,0.000592,172.217.194.0-255,1484,47699,54,192751
35979,0.000597,172.31.46.0-255,66,47765,54,192751
35980,0.000611,172.217.194.0-255,2902,50667,54,192751
35981,0.000619,172.31.46.0-255,66,50733,54,192751
35982,0.000625,172.217.194.0-255,5738,56471,54,192751
35983,0.000627,172.31.46.0-255,66,56537,54,192751
35984,0.00063,172.217.194.0-255,1484,58021,54,192751
35985,0.000671,172.31.46.0-255,66,58087,54,192751
35986,0.000688,172.31.46.0-255,66,58153,54,192751
35987,0.000861,172.217.194.0-255,1484,59637,54,192751
35988,0.000867,172.217.194.0-255,2902,62539,54,192751
35989,0.00087,172.31.46.0-255,66,62605,54,192751
35990,0.000874,172.217.194.0-255,1484,64089,54,192751
35991,0.0009,172.217.194.0-255,4320,68409,54,192751
35992,0.000902,172.31.46.0-255,66,68475,54,192751
35993,0.000914,172.31.46.0-255,66,68541,54,192751
35994,0.000939,172.217.194.0-255,1484,70025,54,192751
35995,0.000945,172.217.194.0-255,4320,74345,54,192751
35996,0.000947,172.31.46.0-255,66,74411,54,192751
35997,0.000961,172.217.194.0-255,4320,78731,54,192751
35998,0.000966,172.31.46.0-255,66,78797,54,192751
35999,0.000989,172.217.194.0-255,2184,80981,54,192751
36000,0.000992,172.31.46.0-255,66,81047,54,192751
36001,0.001157,172.217.194.0-255,1484,82531,54,192751
36002,0.001205,172.217.194.0-255,2902,85433,54,192751
36003,0.001208,172.31.46.0-255,66,85499,54,192751
36004,0.001214,172.217.194.0-255,5738,91237,54,192751
36005,0.001216,172.31.46.0-255,66,91303,54,192751
36006,0.001228,172.31.46.0-255,66,91369,54,192751
36007,0.001247,172.31.46.0-255,66,91435,54,192751
36008,0.001305,172.217.194.0-255,1484,92919,54,192751
36009,0.001318,172.217.194.0-255,2902,95821,54,192751
36010,0.001321,172.31.46.0-255,66,95887,54,192751
36011,0.001325,172.217.194.0-255,2902,98789,54,192751
36012,0.001327,172.31.46.0-255,66,98855,54,192751
36013,0.00135,172.217.194.0-255,2902,101757,54,192751
36014,0.001356,172.31.46.0-255,66,101823,54,192751
36015,0.001368,172.31.46.0-255,66,101889,54,192751
36016,0.001407,172.31.46.0-255,66,101955,54,192751
36017,0.00144,172.217.194.0-255,3602,105557,54,192751
36018,0.001443,172.31.46.0-255,66,105623,54,192751
36019,0.001447,172.217.194.0-255,4320,109943,54,192751
36020,0.001449,172.31.46.0-255,66,110009,54,192751
36021,0.001452,172.217.194.0-255,1484,111493,54,192751
36022,0.00149,172.217.194.0-255,4320,115813,54,192751
36023,0.001495,172.31.46.0-255,66,115879,54,192751
36024,0.001505,172.217.194.0-255,5738,121617,54,192751
36025,0.001524,172.217.194.0-255,6438,128055,54,192751
36026,0.001527,172.31.46.0-255,66,128121,54,192751
36027,0.001552,172.31.46.0-255,66,128187,54,192751
36028,0.001601,172.217.194.0-255,1484,129671,54,192751
36029,0.001615,172.217.194.0-255,2902,132573,54,192751
36030,0.001627,172.31.46.0-255,66,132639,54,192751
36031,0.001636,172.217.194.0-255,4320,136959,54,192751
36032,0.001641,172.31.46.0-255,66,137025,54,192751
36033,0.001651,172.217.194.0-255,1484,138509,54,192751
36034,0.001654,172.217.194.0-255,2902,141411,54,192751
36035,0.001702,172.31.46.0-255,66,141477,54,192751
36036,0.001725,172.217.194.0-255,2184,143661,54,192751
36037,0.001743,172.31.46.0-255,66,143727,54,192751
36038,0.001785,172.217.194.0-255,1484,145211,54,192751
36039,0.001796,172.217.194.0-255,2902,148113,54,192751
36040,0.001809,172.31.46.0-255,66,148179,54,192751
36041,0.00182,172.217.194.0-255,5738,153917,54,192751
36042,0.001837,172.31.46.0-255,66,153983,54,192751
36043,0.001859,172.217.194.0-255,5738,159721,54,192751
36044,0.001877,172.217.194.0-255,4320,164041,54,192751
36045,0.001881,172.217.194.0-255,2902,166943,54,192751
36046,0.001887,172.31.46.0-255,66,167009,54,192751
36047,0.001897,172.217.194.0-255,2184,169193,54,192751
36048,0.001907,172.217.194.0-255,5738,174931,54,192751
36049,0.001923,172.31.46.0-255,66,174997,54,192751
36050,0.001981,172.217.194.0-255,7156,182153,54,192751
36051,0.001991,172.31.46.0-255,66,182219,54,192751
36052,0.002025,172.217.194.0-255,5738,187957,54,192751
36053,0.002073,172.31.46.0-255,66,188023,54,192751
36054,0.002078,172.217.194.0-255,4320,192343,54,192751
36055,0.002083,172.31.46.0-255,66,192409,54,192751
36056,0.002141,172.217.194.0-255,105,192514,54,192751
36057,0.002147,172.31.46.0-255,66,192580,54,192751
36058,0.010563,172.31.46.0-255,105,192685,54,192751
36059,0.012862,172.217.194.0-255,66,192751,54,192751
36060,0.0,172.217.194.0-255,153,153,54,158741
36061,1.4e-05,172.31.46.0-255,66,219,54,158741
36062,2.1e-05,172.217.194.0-255,1484,1703,54,158741
36063,2.5e-05,172.31.46.0-255,66,1769,54,158741
36064,3.2e-05,172.217.194.0-255,2902,4671,54,158741
36065,3.5e-05,172.31.46.0-255,66,4737,54,158741
36066,4.3e-05,172.217.194.0-255,5738,10475,54,158741
36067,4.6e-05,172.31.46.0-255,66,10541,54,158741
36068,6.6e-05,172.217.194.0-255,1484,12025,54,158741
36069,6.8e-05,172.31.46.0-255,66,12091,54,158741
36070,7.9e-05,172.31.46.0-255,66,12157,54,158741
36071,0.000119,172.31.46.0-255,66,12223,54,158741
36072,0.000122,172.217.194.0-255,1484,13707,54,158741
36073,0.000124,172.31.46.0-255,66,13773,54,158741
36074,0.000151,172.31.46.0-255,66,13839,54,158741
36075,0.000157,172.217.194.0-255,5379,19218,54,158741
36076,0.000159,172.31.46.0-255,66,19284,54,158741
36077,0.000195,172.217.194.0-255,5738,25022,54,158741
36078,0.000198,172.31.46.0-255,66,25088,54,158741
36079,0.000229,172.31.46.0-255,66,25154,54,158741
36080,0.000788,172.217.194.0-255,647,25801,54,158741
36081,0.000794,172.31.46.0-255,66,25867,54,158741
36082,0.000883,172.217.194.0-255,1484,27351,54,158741
36083,0.000888,172.31.46.0-255,66,27417,54,158741
36084,0.000893,172.217.194.0-255,2902,30319,54,158741
36085,0.000895,172.31.46.0-255,66,30385,54,158741
36086,0.000924,172.217.194.0-255,1484,31869,54,158741
36087,0.000926,172.31.46.0-255,66,31935,54,158741
36088,0.000953,172.217.194.0-255,4320,36255,54,158741
36089,0.000955,172.31.46.0-255,66,36321,54,158741
36090,0.00097,172.31.46.0-255,66,36387,54,158741
36091,0.000978,172.217.194.0-255,7156,43543,54,158741
36092,0.00098,172.31.46.0-255,66,43609,54,158741
36093,0.001006,172.217.194.0-255,3602,47211,54,158741
36094,0.001009,172.31.46.0-255,66,47277,54,158741
36095,0.001093,172.217.194.0-255,1484,48761,54,158741
36096,0.001099,172.217.194.0-255,2902,51663,54,158741
36097,0.001101,172.31.46.0-255,66,51729,54,158741
36098,0.001109,172.217.194.0-255,5738,57467,54,158741
36099,0.001111,172.31.46.0-255,66,57533,54,158741
36100,0.001155,172.31.46.0-255,66,57599,54,158741
36101,0.001189,172.31.46.0-255,66,57665,54,158741
36102,0.001357,172.217.194.0-255,1484,59149,54,158741
36103,0.001365,172.217.194.0-255,2902,62051,54,158741
36104,0.001368,172.31.46.0-255,66,62117,54,158741
36105,0.001392,172.217.194.0-255,5738,67855,54,158741
36106,0.001394,172.31.46.0-255,66,67921,54,158741
36107,0.0014,172.217.194.0-255,4320,72241,54,158741
36108,0.001402,172.31.46.0-255,66,72307,54,158741
36109,0.001421,172.31.46.0-255,66,72373,54,158741
36110,0.001426,172.217.194.0-255,2902,75275,54,158741
36111,0.001429,172.31.46.0-255,66,75341,54,158741
36112,0.001461,172.31.46.0-255,66,75407,54,158741
36113,0.002017,172.217.194.0-255,1484,76891,54,158741
36114,0.002023,172.217.194.0-255,1484,78375,54,158741
36115,0.002026,172.31.46.0-255,66,78441,54,158741
36116,0.002044,172.217.194.0-255,1484,79925,54,158741
36117,0.002047,172.217.194.0-255,1484,81409,54,158741
36118,0.002049,172.31.46.0-255,66,81475,54,158741
36119,0.002069,172.217.194.0-255,4320,85795,54,158741
36120,0.002072,172.31.46.0-255,66,85861,54,158741
36121,0.002085,172.31.46.0-255,66,85927,54,158741
36122,0.002091,172.217.194.0-255,5738,91665,54,158741
36123,0.002093,172.31.46.0-255,66,91731,54,158741
36124,0.002108,172.217.194.0-255,1484,93215,54,158741
36125,0.004246,172.217.194.0-255,4320,97535,54,158741
36126,0.004254,172.31.46.0-255,66,97601,54,158741
36127,0.006335,172.217.194.0-255,5738,103339,54,158741
36128,0.00634,172.31.46.0-255,66,103405,54,158741
36129,0.008397,172.217.194.0-255,5738,109143,54,158741
36130,0.008404,172.31.46.0-255,66,109209,54,158741
36131,0.010516,172.217.194.0-255,4320,113529,54,158741
36132,0.010524,172.31.46.0-255,66,113595,54,158741
36133,0.010546,172.217.194.0-255,1484,115079,54,158741
36134,0.012616,172.217.194.0-255,4320,119399,54,158741
36135,0.012625,172.31.46.0-255,66,119465,54,158741
36136,0.014731,172.217.194.0-255,5738,125203,54,158741
36137,0.014738,172.31.46.0-255,66,125269,54,158741
36138,0.016837,172.217.194.0-255,5738,131007,54,158741
36139,0.016845,172.31.46.0-255,66,131073,54,158741
36140,0.018927,172.217.194.0-255,5738,136811,54,158741
36141,0.018937,172.31.46.0-255,66,136877,54,158741
36142,0.021006,172.217.194.0-255,5738,142615,54,158741
36143,0.021032,172.31.46.0-255,66,142681,54,158741
36144,0.023372,172.217.194.0-255,4320,147001,54,158741
36145,0.02338,172.31.46.0-255,66,147067,54,158741
36146,0.023404,172.217.194.0-255,1484,148551,54,158741
36147,0.025934,172.217.194.0-255,4320,152871,54,158741
36148,0.025942,172.31.46.0-255,66,152937,54,158741
36149,0.028051,172.217.194.0-255,5738,158675,54,158741
36150,0.028059,172.31.46.0-255,66,158741,54,158741
36151,0.0,74.125.24.0-255,147,147,54,214746
36152,1.5e-05,172.31.46.0-255,66,213,54,214746
36153,2.2e-05,74.125.24.0-255,1484,1697,54,214746
36154,2.7e-05,172.31.46.0-255,66,1763,54,214746
36155,3.3e-05,74.125.24.0-255,2902,4665,54,214746
36156,3.7e-05,172.31.46.0-255,66,4731,54,214746
36157,4.5e-05,74.125.24.0-255,7156,11887,54,214746
36158,4.8e-05,172.31.46.0-255,66,11953,54,214746
36159,7.3e-05,74.125.24.0-255,5738,17691,54,214746
36160,7.6e-05,172.31.46.0-255,66,17757,54,214746
36161,0.0001,74.125.24.0-255,4846,22603,54,214746
36162,0.000103,172.31.46.0-255,66,22669,54,214746
36163,0.000116,172.31.46.0-255,66,22735,54,214746
36164,0.000153,172.31.46.0-255,66,22801,54,214746
36165,0.002897,74.125.24.0-255,1484,24285,54,214746
36166,0.002904,172.31.46.0-255,66,24351,54,214746
36167,0.002916,74.125.24.0-255,2902,27253,54,214746
36168,0.002919,172.31.46.0-255,66,27319,54,214746
36169,0.002926,74.125.24.0-255,5738,33057,54,214746
36170,0.002929,172.31.46.0-255,66,33123,54,214746
36171,0.002952,74.125.24.0-255,7155,40278,54,214746
36172,0.002955,172.31.46.0-255,66,40344,54,214746
36173,0.008629,74.125.24.0-255,1484,41828,54,214746
36174,0.008638,172.31.46.0-255,66,41894,54,214746
36175,0.008649,74.125.24.0-255,2902,44796,54,214746
36176,0.008651,172.31.46.0-255,66,44862,54,214746
36177,0.008659,74.125.24.0-255,5738,50600,54,214746
36178,0.008661,172.31.46.0-255,66,50666,54,214746
36179,0.008673,172.31.46.0-255,66,50732,54,214746
36180,0.00868,74.125.24.0-255,7156,57888,54,214746
36181,0.008683,172.31.46.0-255,66,57954,54,214746
36182,0.008702,74.125.24.0-255,4320,62274,54,214746
36183,0.008704,172.31.46.0-255,66,62340,54,214746
36184,0.008709,74.125.24.0-255,2184,64524,54,214746
36185,0.008711,172.31.46.0-255,66,64590,54,214746
36186,0.011898,74.125.24.0-255,1484,66074,54,214746
36187,0.011909,74.125.24.0-255,2902,68976,54,214746
36188,0.011916,172.31.46.0-255,66,69042,54,214746
36189,0.011924,74.125.24.0-255,5738,74780,54,214746
36190,0.011927,172.31.46.0-255,66,74846,54,214746
36191,0.01193,74.125.24.0-255,1484,76330,54,214746
36192,0.01197,172.31.46.0-255,66,76396,54,214746
36193,0.011993,74.125.24.0-255,7156,83552,54,214746
36194,0.011995,172.31.46.0-255,66,83618,54,214746
36195,0.012025,172.31.46.0-255,66,83684,54,214746
36196,0.012039,74.125.24.0-255,766,84450,54,214746
36197,0.012051,172.31.46.0-255,66,84516,54,214746
36198,0.012098,172.31.46.0-255,66,84582,54,214746
36199,0.012123,172.31.46.0-255,66,84648,54,214746
36200,0.013192,74.125.24.0-255,1484,86132,54,214746
36201,0.013202,74.125.24.0-255,2902,89034,54,214746
36202,0.013207,172.31.46.0-255,66,89100,54,214746
36203,0.013215,74.125.24.0-255,5738,94838,54,214746
36204,0.013217,172.31.46.0-255,66,94904,54,214746
36205,0.013222,74.125.24.0-255,2902,97806,54,214746
36206,0.013224,172.31.46.0-255,66,97872,54,214746
36207,0.013256,74.125.24.0-255,7156,105028,54,214746
36208,0.013259,172.31.46.0-255,66,105094,54,214746
36209,0.013262,74.125.24.0-255,1484,106578,54,214746
36210,0.013291,172.31.46.0-255,66,106644,54,214746
36211,0.014719,74.125.24.0-255,1484,108128,54,214746
36212,0.01473,74.125.24.0-255,2902,111030,54,214746
36213,0.014735,172.31.46.0-255,66,111096,54,214746
36214,0.014743,74.125.24.0-255,5738,116834,54,214746
36215,0.014745,172.31.46.0-255,66,116900,54,214746
36216,0.014753,74.125.24.0-255,7156,124056,54,214746
36217,0.014756,172.31.46.0-255,66,124122,54,214746
36218,0.014774,74.125.24.0-255,5738,129860,54,214746
36219,0.014776,172.31.46.0-255,66,129926,54,214746
36220,0.014784,74.125.24.0-255,7156,137082,54,214746
36221,0.014786,172.31.46.0-255,66,137148,54,214746
36222,0.014808,74.125.24.0-255,3602,140750,54,214746
36223,0.01481,172.31.46.0-255,66,140816,54,214746
36224,0.014823,172.31.46.0-255,66,140882,54,214746
36225,0.014827,74.125.24.0-255,2902,143784,54,214746
36226,0.014829,172.31.46.0-255,66,143850,54,214746
36227,0.014874,172.31.46.0-255,66,143916,54,214746
36228,0.014878,74.125.24.0-255,2184,146100,54,214746
36229,0.01488,172.31.46.0-255,66,146166,54,214746
36230,0.015617,74.125.24.0-255,1484,147650,54,214746
36231,0.015626,74.125.24.0-255,2902,150552,54,214746
36232,0.015631,172.31.46.0-255,66,150618,54,214746
36233,0.015637,74.125.24.0-255,4320,154938,54,214746
36234,0.015639,172.31.46.0-255,66,155004,54,214746
36235,0.015646,74.125.24.0-255,5738,160742,54,214746
36236,0.015648,172.31.46.0-255,66,160808,54,214746
36237,0.015688,172.31.46.0-255,66,160874,54,214746
36238,0.015693,74.125.24.0-255,2902,163776,54,214746
36239,0.015695,172.31.46.0-255,66,163842,54,214746
36240,0.015713,74.125.24.0-255,5020,168862,54,214746
36241,0.015715,172.31.46.0-255,66,168928,54,214746
36242,0.016278,74.125.24.0-255,1484,170412,54,214746
36243,0.016287,74.125.24.0-255,2902,173314,54,214746
36244,0.016292,172.31.46.0-255,66,173380,54,214746
36245,0.0163,74.125.24.0-255,5738,179118,54,214746
36246,0.016302,172.31.46.0-255,66,179184,54,214746
36247,0.01631,74.125.24.0-255,7156,186340,54,214746
36248,0.016312,172.31.46.0-255,66,186406,54,214746
36249,0.016351,172.31.46.0-255,66,186472,54,214746
36250,0.016355,74.125.24.0-255,2184,188656,54,214746
36251,0.016357,172.31.46.0-255,66,188722,54,214746
36252,0.016413,172.31.46.0-255,66,188788,54,214746
36253,0.016444,172.31.46.0-255,66,188854,54,214746
36254,0.016459,172.31.46.0-255,66,188920,54,214746
36255,0.016609,74.125.24.0-255,1484,190404,54,214746
36256,0.016615,74.125.24.0-255,2902,193306,54,214746
36257,0.016618,172.31.46.0-255,66,193372,54,214746
36258,0.016622,74.125.24.0-255,1484,194856,54,214746
36259,0.01664,74.125.24.0-255,4320,199176,54,214746
36260,0.016642,74.125.24.0-255,1484,200660,54,214746
36261,0.016646,172.31.46.0-255,66,200726,54,214746
36262,0.016674,172.31.46.0-255,66,200792,54,214746
36263,0.016706,172.31.46.0-255,66,200858,54,214746
36264,0.016731,74.125.24.0-255,5020,205878,54,214746
36265,0.016734,172.31.46.0-255,66,205944,54,214746
36266,0.016742,74.125.24.0-255,7156,213100,54,214746
36267,0.016745,172.31.46.0-255,66,213166,54,214746
36268,0.016765,74.125.24.0-255,1238,214404,54,214746
36269,0.016783,74.125.24.0-255,105,214509,54,214746
36270,0.017488,172.31.46.0-255,66,214575,54,214746
36271,0.017525,172.31.46.0-255,105,214680,54,214746
36272,0.01979,74.125.24.0-255,66,214746,54,214746
36273,0.0,74.125.68.0-255,297,297,54,243448
36274,2.5e-05,172.31.46.0-255,66,363,54,243448
36275,3.2e-05,74.125.68.0-255,1484,1847,54,243448
36276,3.7e-05,172.31.46.0-255,66,1913,54,243448
36277,5e-05,74.125.68.0-255,2902,4815,54,243448
36278,5.5e-05,172.31.46.0-255,66,4881,54,243448
36279,7.4e-05,74.125.68.0-255,5738,10619,54,243448
36280,7.8e-05,172.31.46.0-255,66,10685,54,243448
36281,8.4e-05,74.125.68.0-255,3159,13844,54,243448
36282,8.7e-05,172.31.46.0-255,66,13910,54,243448
36283,9.3e-05,74.125.68.0-255,4320,18230,54,243448
36284,9.6e-05,172.31.46.0-255,66,18296,54,243448
36285,0.00013,172.31.46.0-255,66,18362,54,243448
36286,0.000134,74.125.68.0-255,2543,20905,54,243448
36287,0.000137,172.31.46.0-255,66,20971,54,243448
36288,0.000196,74.125.68.0-255,1484,22455,54,243448
36289,0.000199,172.31.46.0-255,66,22521,54,243448
36290,0.000226,74.125.68.0-255,2902,25423,54,243448
36291,0.000229,172.31.46.0-255,66,25489,54,243448
36292,0.000231,74.125.68.0-255,1484,26973,54,243448
36293,0.000233,172.31.46.0-255,66,27039,54,243448
36294,0.000268,74.125.68.0-255,2902,29941,54,243448
36295,0.00027,172.31.46.0-255,66,30007,54,243448
36296,0.000282,172.31.46.0-255,66,30073,54,243448
36297,0.000292,172.31.46.0-255,66,30139,54,243448
36298,0.000342,172.31.46.0-255,66,30205,54,243448
36299,0.000514,74.125.68.0-255,391,30596,54,243448
36300,0.000518,172.31.46.0-255,66,30662,54,243448
36301,0.000742,74.125.68.0-255,1484,32146,54,243448
36302,0.000757,74.125.68.0-255,2902,35048,54,243448
36303,0.00076,172.31.46.0-255,66,35114,54,243448
36304,0.000792,74.125.68.0-255,5738,40852,54,243448
36305,0.000795,74.125.68.0-255,2902,43754,54,243448
36306,0.000805,172.31.46.0-255,66,43820,54,243448
36307,0.000809,172.31.46.0-255,66,43886,54,243448
36308,0.000814,74.125.68.0-255,4320,48206,54,243448
36309,0.000817,172.31.46.0-255,66,48272,54,243448
36310,0.000853,172.31.46.0-255,66,48338,54,243448
36311,0.000873,74.125.68.0-255,1484,49822,54,243448
36312,0.000894,74.125.68.0-255,2184,52006,54,243448
36313,0.000896,172.31.46.0-255,66,52072,54,243448
36314,0.001053,74.125.68.0-255,1484,53556,54,243448
36315,0.001068,74.125.68.0-255,2902,56458,54,243448
36316,0.001071,172.31.46.0-255,66,56524,54,243448
36317,0.001076,74.125.68.0-255,2902,59426,54,243448
36318,0.001078,172.31.46.0-255,66,59492,54,243448
36319,0.001114,74.125.68.0-255,2902,62394,54,243448
36320,0.001116,172.31.46.0-255,66,62460,54,243448
36321,0.001121,74.125.68.0-255,2902,65362,54,243448
36322,0.001123,172.31.46.0-255,66,65428,54,243448
36323,0.001128,74.125.68.0-255,4320,69748,54,243448
36324,0.00113,172.31.46.0-255,66,69814,54,243448
36325,0.001142,172.31.46.0-255,66,69880,54,243448
36326,0.001175,74.125.68.0-255,1484,71364,54,243448
36327,0.001187,74.125.68.0-255,2902,74266,54,243448
36328,0.001194,172.31.46.0-255,66,74332,54,243448
36329,0.001229,172.31.46.0-255,66,74398,54,243448
36330,0.001257,74.125.68.0-255,5738,80136,54,243448
36331,0.00126,172.31.46.0-255,66,80202,54,243448
36332,0.001286,74.125.68.0-255,2902,83104,54,243448
36333,0.001288,172.31.46.0-255,66,83170,54,243448
36334,0.001301,172.31.46.0-255,66,83236,54,243448
36335,0.001304,74.125.68.0-255,1484,84720,54,243448
36336,0.001326,74.125.68.0-255,2902,87622,54,243448
36337,0.001329,172.31.46.0-255,66,87688,54,243448
36338,0.001353,74.125.68.0-255,1484,89172,54,243448
36339,0.001358,74.125.68.0-255,2902,92074,54,243448
36340,0.001361,172.31.46.0-255,66,92140,54,243448
36341,0.001437,74.125.68.0-255,2184,94324,54,243448
36342,0.001441,172.31.46.0-255,66,94390,54,243448
36343,0.001453,74.125.68.0-255,1484,95874,54,243448
36344,0.001462,74.125.68.0-255,2902,98776,54,243448
36345,0.001465,172.31.46.0-255,66,98842,54,243448
36346,0.001498,74.125.68.0-255,5738,104580,54,243448
36347,0.001501,172.31.46.0-255,66,104646,54,243448
36348,0.001506,74.125.68.0-255,2902,107548,54,243448
36349,0.001508,172.31.46.0-255,66,107614,54,243448
36350,0.001548,172.31.46.0-255,66,107680,54,243448
36351,0.001554,74.125.68.0-255,5738,113418,54,243448
36352,0.001556,172.31.46.0-255,66,113484,54,243448
36353,0.001605,74.125.68.0-255,5020,118504,54,243448
36354,0.001608,172.31.46.0-255,66,118570,54,243448
36355,0.001641,74.125.68.0-255,5738,124308,54,243448
36356,0.001644,172.31.46.0-255,66,124374,54,243448
36357,0.001648,74.125.68.0-255,2902,127276,54,243448
36358,0.001651,172.31.46.0-255,66,127342,54,243448
36359,0.001684,74.125.68.0-255,1484,128826,54,243448
36360,0.001691,74.125.68.0-255,5738,134564,54,243448
36361,0.001694,172.31.46.0-255,66,134630,54,243448
36362,0.001707,172.31.46.0-255,66,134696,54,243448
36363,0.001727,74.125.68.0-255,1484,136180,54,243448
36364,0.001732,74.125.68.0-255,2902,139082,54,243448
36365,0.001734,172.31.46.0-255,66,139148,54,243448
36366,0.001771,74.125.68.0-255,7156,146304,54,243448
36367,0.001774,172.31.46.0-255,66,146370,54,243448
36368,0.001804,74.125.68.0-255,6438,152808,54,243448
36369,0.001808,172.31.46.0-255,66,152874,54,243448
36370,0.001827,172.31.46.0-255,66,152940,54,243448
36371,0.001829,74.125.68.0-255,1484,154424,54,243448
36372,0.001834,74.125.68.0-255,2902,157326,54,243448
36373,0.001836,172.31.46.0-255,66,157392,54,243448
36374,0.001871,74.125.68.0-255,4320,161712,54,243448
36375,0.001874,172.31.46.0-255,66,161778,54,243448
36376,0.001892,74.125.68.0-255,472,162250,54,243448
36377,0.001951,74.125.68.0-255,1484,163734,54,243448
36378,0.001955,172.31.46.0-255,66,163800,54,243448
36379,0.001987,74.125.68.0-255,2902,166702,54,243448
36380,0.00199,172.31.46.0-255,66,166768,54,243448
36381,0.001997,74.125.68.0-255,5738,172506,54,243448
36382,0.001999,172.31.46.0-255,66,172572,54,243448
36383,0.002041,172.31.46.0-255,66,172638,54,243448
36384,0.002073,172.31.46.0-255,66,172704,54,243448
36385,0.002096,74.125.68.0-255,1484,174188,54,243448
36386,0.002102,74.125.68.0-255,2184,176372,54,243448
36387,0.002104,172.31.46.0-255,66,176438,54,243448
36388,0.004346,74.125.68.0-255,1484,177922,54,243448
36389,0.004397,74.125.68.0-255,4320,182242,54,243448
36390,0.004402,172.31.46.0-255,66,182308,54,243448
36391,0.006688,74.125.68.0-255,5738,188046,54,243448
36392,0.006696,172.31.46.0-255,66,188112,54,243448
36393,0.008971,74.125.68.0-255,4320,192432,54,243448
36394,0.008984,172.31.46.0-255,66,192498,54,243448
36395,0.00899,74.125.68.0-255,1484,193982,54,243448
36396,0.011254,74.125.68.0-255,2902,196884,54,243448
36397,0.011259,172.31.46.0-255,66,196950,54,243448
36398,0.011283,74.125.68.0-255,1484,198434,54,243448
36399,0.013528,74.125.68.0-255,4320,202754,54,243448
36400,0.013535,172.31.46.0-255,66,202820,54,243448
36401,0.015842,74.125.68.0-255,5738,208558,54,243448
36402,0.015852,172.31.46.0-255,66,208624,54,243448
36403,0.018121,74.125.68.0-255,5738,214362,54,243448
36404,0.018128,172.31.46.0-255,66,214428,54,243448
36405,0.020419,74.125.68.0-255,5738,220166,54,243448
36406,0.020427,172.31.46.0-255,66,220232,54,243448
36407,0.022717,74.125.68.0-255,5738,225970,54,243448
36408,0.022729,172.31.46.0-255,66,226036,54,243448
36409,0.025005,74.125.68.0-255,5738,231774,54,243448
36410,0.025015,172.31.46.0-255,66,231840,54,243448
36411,0.027287,74.125.68.0-255,5738,237578,54,243448
36412,0.027295,172.31.46.0-255,66,237644,54,243448
36413,0.029582,74.125.68.0-255,5738,243382,54,243448
36414,0.029594,172.31.46.0-255,66,243448,54,243448
36415,0.0,172.217.194.0-255,147,147,54,109036
36416,2.5e-05,172.31.46.0-255,66,213,54,109036
36417,3.2e-05,172.217.194.0-255,1484,1697,54,109036
36418,3.7e-05,172.31.46.0-255,66,1763,54,109036
36419,4.3e-05,172.217.194.0-255,2902,4665,54,109036
36420,4.7e-05,172.31.46.0-255,66,4731,54,109036
36421,5.5e-05,172.217.194.0-255,7156,11887,54,109036
36422,5.9e-05,172.31.46.0-255,66,11953,54,109036
36423,6.4e-05,172.217.194.0-255,2103,14056,54,109036
36424,6.6e-05,172.31.46.0-255,66,14122,54,109036
36425,0.000105,172.217.194.0-255,1484,15606,54,109036
36426,0.000108,172.31.46.0-255,66,15672,54,109036
36427,0.000113,172.217.194.0-255,2902,18574,54,109036
36428,0.000116,172.31.46.0-255,66,18640,54,109036
36429,0.000145,172.217.194.0-255,5738,24378,54,109036
36430,0.000148,172.31.46.0-255,66,24444,54,109036
36431,0.000151,172.217.194.0-255,1484,25928,54,109036
36432,0.000153,172.31.46.0-255,66,25994,54,109036
36433,0.000173,172.217.194.0-255,4320,30314,54,109036
36434,0.000176,172.31.46.0-255,66,30380,54,109036
36435,0.000192,172.217.194.0-255,1125,31505,54,109036
36436,0.000194,172.31.46.0-255,66,31571,54,109036
36437,0.000218,172.217.194.0-255,1484,33055,54,109036
36438,0.00022,172.31.46.0-255,66,33121,54,109036
36439,0.000243,172.217.194.0-255,4320,37441,54,109036
36440,0.000245,172.31.46.0-255,66,37507,54,109036
36441,0.00025,172.217.194.0-255,2902,40409,54,109036
36442,0.000252,172.31.46.0-255,66,40475,54,109036
36443,0.000266,172.217.194.0-255,4320,44795,54,109036
36444,0.000268,172.31.46.0-255,66,44861,54,109036
36445,0.000282,172.217.194.0-255,1484,46345,54,109036
36446,0.000284,172.31.46.0-255,66,46411,54,109036
36447,0.00031,172.217.194.0-255,1484,47895,54,109036
36448,0.000339,172.31.46.0-255,66,47961,54,109036
36449,0.000359,172.217.194.0-255,1125,49086,54,109036
36450,0.000414,172.217.194.0-255,3961,53047,54,109036
36451,0.000417,172.31.46.0-255,66,53113,54,109036
36452,0.000437,172.217.194.0-255,340,53453,54,109036
36453,0.00044,172.217.194.0-255,435,53888,54,109036
36454,0.000811,172.217.194.0-255,1484,55372,54,109036
36455,0.000816,172.31.46.0-255,66,55438,54,109036
36456,0.000822,172.217.194.0-255,2902,58340,54,109036
36457,0.000824,172.31.46.0-255,66,58406,54,109036
36458,0.000829,172.217.194.0-255,2902,61308,54,109036
36459,0.000831,172.31.46.0-255,66,61374,54,109036
36460,0.000853,172.217.194.0-255,2902,64276,54,109036
36461,0.000856,172.31.46.0-255,66,64342,54,109036
36462,0.000892,172.31.46.0-255,66,64408,54,109036
36463,0.000915,172.217.194.0-255,4320,68728,54,109036
36464,0.00092,172.31.46.0-255,66,68794,54,109036
36465,0.000937,172.217.194.0-255,1484,70278,54,109036
36466,0.00096,172.31.46.0-255,66,70344,54,109036
36467,0.000979,172.217.194.0-255,2184,72528,54,109036
36468,0.000983,172.31.46.0-255,66,72594,54,109036
36469,0.001077,172.31.46.0-255,66,72660,54,109036
36470,0.001101,172.217.194.0-255,7156,79816,54,109036
36471,0.001105,172.31.46.0-255,66,79882,54,109036
36472,0.001191,172.31.46.0-255,66,79948,54,109036
36473,0.00127,172.217.194.0-255,5738,85686,54,109036
36474,0.001273,172.31.46.0-255,66,85752,54,109036
36475,0.001316,172.31.46.0-255,66,85818,54,109036
36476,0.001467,172.217.194.0-255,3602,89420,54,109036
36477,0.001472,172.31.46.0-255,66,89486,54,109036
36478,0.001512,172.217.194.0-255,7156,96642,54,109036
36479,0.001515,172.31.46.0-255,66,96708,54,109036
36480,0.001577,172.31.46.0-255,66,96774,54,109036
36481,0.001838,172.217.194.0-255,2902,99676,54,109036
36482,0.001843,172.31.46.0-255,66,99742,54,109036
36483,0.001882,172.31.46.0-255,66,99808,54,109036
36484,0.001952,172.217.194.0-255,7156,106964,54,109036
36485,0.001957,172.31.46.0-255,66,107030,54,109036
36486,0.002062,172.31.46.0-255,66,107096,54,109036
36487,0.002098,172.31.46.0-255,66,107162,54,109036
36488,0.002404,172.217.194.0-255,1466,108628,54,109036
36489,0.008732,172.31.46.0-255,66,108694,54,109036
36490,0.010691,172.217.194.0-255,105,108799,54,109036
36491,0.011277,172.31.46.0-255,66,108865,54,109036
36492,0.011315,172.31.46.0-255,105,108970,54,109036
36493,0.013264,172.217.194.0-255,66,109036,54,109036
36494,0.0,74.125.24.0-255,149,149,54,192631
36495,1.8e-05,172.31.46.0-255,66,215,54,192631
36496,2.4e-05,74.125.24.0-255,1484,1699,54,192631
36497,2.9e-05,172.31.46.0-255,66,1765,54,192631
36498,3.5e-05,74.125.24.0-255,2902,4667,54,192631
36499,3.8e-05,172.31.46.0-255,66,4733,54,192631
36500,4.5e-05,74.125.24.0-255,5738,10471,54,192631
36501,4.9e-05,172.31.46.0-255,66,10537,54,192631
36502,8e-05,74.125.24.0-255,3421,13958,54,192631
36503,8.2e-05,172.31.46.0-255,66,14024,54,192631
36504,0.000392,74.125.24.0-255,1484,15508,54,192631
36505,0.000399,172.31.46.0-255,66,15574,54,192631
36506,0.000405,74.125.24.0-255,2902,18476,54,192631
36507,0.000408,172.31.46.0-255,66,18542,54,192631
36508,0.000415,74.125.24.0-255,5738,24280,54,192631
36509,0.000417,172.31.46.0-255,66,24346,54,192631
36510,0.000424,74.125.24.0-255,5738,30084,54,192631
36511,0.000426,172.31.46.0-255,66,30150,54,192631
36512,0.000469,74.125.24.0-255,4320,34470,54,192631
36513,0.000473,172.31.46.0-255,66,34536,54,192631
36514,0.000507,172.31.46.0-255,66,34602,54,192631
36515,0.000512,74.125.24.0-255,3961,38563,54,192631
36516,0.000514,172.31.46.0-255,66,38629,54,192631
36517,0.000666,74.125.24.0-255,1484,40113,54,192631
36518,0.000671,172.31.46.0-255,66,40179,54,192631
36519,0.000685,74.125.24.0-255,2902,43081,54,192631
36520,0.000688,172.31.46.0-255,66,43147,54,192631
36521,0.000712,74.125.24.0-255,1484,44631,54,192631
36522,0.000714,172.31.46.0-255,66,44697,54,192631
36523,0.000739,74.125.24.0-255,4320,49017,54,192631
36524,0.000742,172.31.46.0-255,66,49083,54,192631
36525,0.00075,74.125.24.0-255,6797,55880,54,192631
36526,0.000752,172.31.46.0-255,66,55946,54,192631
36527,0.000775,74.125.24.0-255,645,56591,54,192631
36528,0.000796,74.125.24.0-255,1484,58075,54,192631
36529,0.000798,172.31.46.0-255,66,58141,54,192631
36530,0.000802,74.125.24.0-255,1484,59625,54,192631
36531,0.000827,74.125.24.0-255,2902,62527,54,192631
36532,0.00083,172.31.46.0-255,66,62593,54,192631
36533,0.000842,172.31.46.0-255,66,62659,54,192631
36534,0.000845,74.125.24.0-255,1125,63784,54,192631
36535,0.000896,74.125.24.0-255,1484,65268,54,192631
36536,0.0009,172.31.46.0-255,66,65334,54,192631
36537,0.000929,172.31.46.0-255,66,65400,54,192631
36538,0.000946,74.125.24.0-255,2902,68302,54,192631
36539,0.000949,172.31.46.0-255,66,68368,54,192631
36540,0.000985,74.125.24.0-255,3961,72329,54,192631
36541,0.000989,172.31.46.0-255,66,72395,54,192631
36542,0.001298,74.125.24.0-255,1484,73879,54,192631
36543,0.001321,74.125.24.0-255,2902,76781,54,192631
36544,0.001325,172.31.46.0-255,66,76847,54,192631
36545,0.001332,74.125.24.0-255,5738,82585,54,192631
36546,0.001334,172.31.46.0-255,66,82651,54,192631
36547,0.001371,172.31.46.0-255,66,82717,54,192631
36548,0.001381,74.125.24.0-255,4320,87037,54,192631
36549,0.001398,172.31.46.0-255,66,87103,54,192631
36550,0.001405,74.125.24.0-255,5738,92841,54,192631
36551,0.001407,172.31.46.0-255,66,92907,54,192631
36552,0.001416,74.125.24.0-255,5020,97927,54,192631
36553,0.001419,172.31.46.0-255,66,97993,54,192631
36554,0.001632,74.125.24.0-255,1484,99477,54,192631
36555,0.001639,74.125.24.0-255,2902,102379,54,192631
36556,0.001642,172.31.46.0-255,66,102445,54,192631
36557,0.001659,74.125.24.0-255,2902,105347,54,192631
36558,0.001662,172.31.46.0-255,66,105413,54,192631
36559,0.001675,74.125.24.0-255,2902,108315,54,192631
36560,0.001677,172.31.46.0-255,66,108381,54,192631
36561,0.001694,74.125.24.0-255,4320,112701,54,192631
36562,0.001696,172.31.46.0-255,66,112767,54,192631
36563,0.00172,172.31.46.0-255,66,112833,54,192631
36564,0.001759,172.31.46.0-255,66,112899,54,192631
36565,0.003831,74.125.24.0-255,5738,118637,54,192631
36566,0.003838,172.31.46.0-255,66,118703,54,192631
36567,0.005896,74.125.24.0-255,5738,124441,54,192631
36568,0.005899,172.31.46.0-255,66,124507,54,192631
36569,0.008005,74.125.24.0-255,5738,130245,54,192631
36570,0.00801,172.31.46.0-255,66,130311,54,192631
36571,0.010104,74.125.24.0-255,5738,136049,54,192631
36572,0.010111,172.31.46.0-255,66,136115,54,192631
36573,0.012246,74.125.24.0-255,5738,141853,54,192631
36574,0.012254,172.31.46.0-255,66,141919,54,192631
36575,0.014349,74.125.24.0-255,5738,147657,54,192631
36576,0.014359,172.31.46.0-255,66,147723,54,192631
36577,0.01644,74.125.24.0-255,5738,153461,54,192631
36578,0.016447,172.31.46.0-255,66,153527,54,192631
36579,0.018562,74.125.24.0-255,5738,159265,54,192631
36580,0.01857,172.31.46.0-255,66,159331,54,192631
36581,0.020655,74.125.24.0-255,5738,165069,54,192631
36582,0.020662,172.31.46.0-255,66,165135,54,192631
36583,0.022779,74.125.24.0-255,5738,170873,54,192631
36584,0.022786,172.31.46.0-255,66,170939,54,192631
36585,0.024841,74.125.24.0-255,5738,176677,54,192631
36586,0.024849,172.31.46.0-255,66,176743,54,192631
36587,0.026912,74.125.24.0-255,5738,182481,54,192631
36588,0.026918,172.31.46.0-255,66,182547,54,192631
36589,0.028169,172.31.46.0-255,172,182719,54,192631
36590,0.028202,172.31.46.0-255,1119,183838,54,192631
36591,0.028261,172.31.46.0-255,1514,185352,54,192631
36592,0.028262,172.31.46.0-255,1277,186629,54,192631
36593,0.028984,74.125.24.0-255,5738,192367,54,192631
36594,0.028991,172.31.46.0-255,66,192433,54,192631
36595,0.029693,104.244.42.0-255,66,192499,54,192631
36596,0.029751,104.244.42.0-255,66,192565,54,192631
36597,0.029829,104.244.42.0-255,66,192631,54,192631
36598,0.0,172.217.194.0-255,152,152,54,163396
36599,2e-05,172.31.46.0-255,66,218,54,163396
36600,2.6e-05,172.217.194.0-255,1484,1702,54,163396
36601,3e-05,172.31.46.0-255,66,1768,54,163396
36602,3.5e-05,172.217.194.0-255,2902,4670,54,163396
36603,4.5e-05,172.31.46.0-255,66,4736,54,163396
36604,5.1e-05,172.217.194.0-255,5738,10474,54,163396
36605,5.4e-05,172.31.46.0-255,66,10540,54,163396
36606,8.4e-05,172.217.194.0-255,3538,14078,54,163396
36607,8.7e-05,172.31.46.0-255,66,14144,54,163396
36608,0.000296,172.217.194.0-255,1484,15628,54,163396
36609,0.000301,172.31.46.0-255,66,15694,54,163396
36610,0.000306,172.217.194.0-255,2902,18596,54,163396
36611,0.000308,172.31.46.0-255,66,18662,54,163396
36612,0.000317,172.217.194.0-255,2902,21564,54,163396
36613,0.000319,172.31.46.0-255,66,21630,54,163396
36614,0.00035,172.217.194.0-255,2902,24532,54,163396
36615,0.000354,172.31.46.0-255,66,24598,54,163396
36616,0.000361,172.217.194.0-255,6797,31395,54,163396
36617,0.000363,172.31.46.0-255,66,31461,54,163396
36618,0.000431,172.217.194.0-255,1484,32945,54,163396
36619,0.000435,172.31.46.0-255,66,33011,54,163396
36620,0.00044,172.217.194.0-255,2902,35913,54,163396
36621,0.000442,172.31.46.0-255,66,35979,54,163396
36622,0.000468,172.217.194.0-255,5738,41717,54,163396
36623,0.00047,172.31.46.0-255,66,41783,54,163396
36624,0.000497,172.217.194.0-255,1484,43267,54,163396
36625,0.000499,172.31.46.0-255,66,43333,54,163396
36626,0.000529,172.217.194.0-255,5379,48712,54,163396
36627,0.000532,172.31.46.0-255,66,48778,54,163396
36628,0.000539,172.217.194.0-255,7156,55934,54,163396
36629,0.00054,172.31.46.0-255,66,56000,54,163396
36630,0.000543,172.217.194.0-255,1484,57484,54,163396
36631,0.000569,172.217.194.0-255,5738,63222,54,163396
36632,0.000571,172.31.46.0-255,66,63288,54,163396
36633,0.000593,172.217.194.0-255,2543,65831,54,163396
36634,0.000595,172.31.46.0-255,66,65897,54,163396
36635,0.000628,172.217.194.0-255,357,66254,54,163396
36636,0.000948,172.31.46.0-255,66,66320,54,163396
36637,0.001505,172.217.194.0-255,386,66706,54,163396
36638,0.001603,172.217.194.0-255,1484,68190,54,163396
36639,0.001609,172.31.46.0-255,66,68256,54,163396
36640,0.001616,172.217.194.0-255,2902,71158,54,163396
36641,0.001618,172.31.46.0-255,66,71224,54,163396
36642,0.001639,172.217.194.0-255,5738,76962,54,163396
36643,0.001642,172.31.46.0-255,66,77028,54,163396
36644,0.001674,172.31.46.0-255,66,77094,54,163396
36645,0.001697,172.217.194.0-255,1484,78578,54,163396
36646,0.001712,172.217.194.0-255,4320,82898,54,163396
36647,0.001714,172.31.46.0-255,66,82964,54,163396
36648,0.001744,172.217.194.0-255,6438,89402,54,163396
36649,0.001747,172.31.46.0-255,66,89468,54,163396
36650,0.004052,172.217.194.0-255,5738,95206,54,163396
36651,0.004056,172.31.46.0-255,66,95272,54,163396
36652,0.006391,172.217.194.0-255,5738,101010,54,163396
36653,0.006396,172.31.46.0-255,66,101076,54,163396
36654,0.008692,172.217.194.0-255,5738,106814,54,163396
36655,0.008699,172.31.46.0-255,66,106880,54,163396
36656,0.010991,172.217.194.0-255,5738,112618,54,163396
36657,0.011,172.31.46.0-255,66,112684,54,163396
36658,0.013344,172.217.194.0-255,5738,118422,54,163396
36659,0.013352,172.31.46.0-255,66,118488,54,163396
36660,0.015651,172.217.194.0-255,5738,124226,54,163396
36661,0.015659,172.31.46.0-255,66,124292,54,163396
36662,0.017971,172.217.194.0-255,5738,130030,54,163396
36663,0.017978,172.31.46.0-255,66,130096,54,163396
36664,0.020278,172.217.194.0-255,5738,135834,54,163396
36665,0.020285,172.31.46.0-255,66,135900,54,163396
36666,0.022586,172.217.194.0-255,5738,141638,54,163396
36667,0.022594,172.31.46.0-255,66,141704,54,163396
36668,0.024931,172.217.194.0-255,5738,147442,54,163396
36669,0.024939,172.31.46.0-255,66,147508,54,163396
36670,0.026705,172.31.46.0-255,172,147680,54,163396
36671,0.026736,172.31.46.0-255,1119,148799,54,163396
36672,0.026792,172.31.46.0-255,1514,150313,54,163396
36673,0.026794,172.31.46.0-255,1277,151590,54,163396
36674,0.027226,172.217.194.0-255,5738,157328,54,163396
36675,0.027232,172.31.46.0-255,66,157394,54,163396
36676,0.028238,104.244.42.0-255,66,157460,54,163396
36677,0.028278,104.244.42.0-255,66,157526,54,163396
36678,0.028377,104.244.42.0-255,66,157592,54,163396
36679,0.029551,172.217.194.0-255,5738,163330,54,163396
36680,0.029559,172.31.46.0-255,66,163396,54,163396
36681,0.0,172.217.194.0-255,152,152,54,238351
36682,2e-05,172.31.46.0-255,66,218,54,238351
36683,2.7e-05,172.217.194.0-255,1484,1702,54,238351
36684,3.2e-05,172.31.46.0-255,66,1768,54,238351
36685,3.8e-05,172.217.194.0-255,2902,4670,54,238351
36686,4.1e-05,172.31.46.0-255,66,4736,54,238351
36687,4.9e-05,172.217.194.0-255,7156,11892,54,238351
36688,5.2e-05,172.31.46.0-255,66,11958,54,238351
36689,5.6e-05,172.217.194.0-255,2055,14013,54,238351
36690,5.9e-05,172.31.46.0-255,66,14079,54,238351
36691,9.4e-05,172.217.194.0-255,2902,16981,54,238351
36692,9.7e-05,172.31.46.0-255,66,17047,54,238351
36693,0.000103,172.217.194.0-255,4320,21367,54,238351
36694,0.000106,172.31.46.0-255,66,21433,54,238351
36695,0.000146,172.31.46.0-255,66,21499,54,238351
36696,0.000148,172.217.194.0-255,1125,22624,54,238351
36697,0.00015,172.31.46.0-255,66,22690,54,238351
36698,0.000215,172.217.194.0-255,1484,24174,54,238351
36699,0.000217,172.31.46.0-255,66,24240,54,238351
36700,0.000221,172.217.194.0-255,1484,25724,54,238351
36701,0.000223,172.31.46.0-255,66,25790,54,238351
36702,0.000239,172.217.194.0-255,1484,27274,54,238351
36703,0.000241,172.31.46.0-255,66,27340,54,238351
36704,0.000247,172.217.194.0-255,5738,33078,54,238351
36705,0.00025,172.31.46.0-255,66,33144,54,238351
36706,0.000278,172.217.194.0-255,6797,39941,54,238351
36707,0.000281,172.31.46.0-255,66,40007,54,238351
36708,0.000284,172.217.194.0-255,1484,41491,54,238351
36709,0.000286,172.31.46.0-255,66,41557,54,238351
36710,0.000318,172.31.46.0-255,66,41623,54,238351
36711,0.000322,172.217.194.0-255,2833,44456,54,238351
36712,0.000324,172.31.46.0-255,66,44522,54,238351
36713,0.000327,172.217.194.0-255,364,44886,54,238351
36714,0.000421,172.217.194.0-255,1484,46370,54,238351
36715,0.000425,172.31.46.0-255,66,46436,54,238351
36716,0.000431,172.217.194.0-255,2902,49338,54,238351
36717,0.000433,172.31.46.0-255,66,49404,54,238351
36718,0.000436,172.217.194.0-255,1484,50888,54,238351
36719,0.000455,172.217.194.0-255,4320,55208,54,238351
36720,0.000457,172.31.46.0-255,66,55274,54,238351
36721,0.000461,172.217.194.0-255,2902,58176,54,238351
36722,0.000463,172.31.46.0-255,66,58242,54,238351
36723,0.000474,172.217.194.0-255,1484,59726,54,238351
36724,0.00051,172.217.194.0-255,2543,62269,54,238351
36725,0.000513,172.31.46.0-255,66,62335,54,238351
36726,0.000551,172.217.194.0-255,2902,65237,54,238351
36727,0.000554,172.31.46.0-255,66,65303,54,238351
36728,0.000559,172.217.194.0-255,2902,68205,54,238351
36729,0.000562,172.31.46.0-255,66,68271,54,238351
36730,0.000567,172.217.194.0-255,4320,72591,54,238351
36731,0.000569,172.31.46.0-255,66,72657,54,238351
36732,0.000582,172.217.194.0-255,2902,75559,54,238351
36733,0.000584,172.31.46.0-255,66,75625,54,238351
36734,0.000619,172.31.46.0-255,66,75691,54,238351
36735,0.000639,172.31.46.0-255,66,75757,54,238351
36736,0.000642,172.217.194.0-255,1484,77241,54,238351
36737,0.000653,172.31.46.0-255,66,77307,54,238351
36738,0.000692,172.31.46.0-255,66,77373,54,238351
36739,0.000839,172.217.194.0-255,1484,78857,54,238351
36740,0.000845,172.217.194.0-255,2902,81759,54,238351
36741,0.000847,172.31.46.0-255,66,81825,54,238351
36742,0.00087,172.217.194.0-255,5738,87563,54,238351
36743,0.000873,172.31.46.0-255,66,87629,54,238351
36744,0.000876,172.217.194.0-255,1484,89113,54,238351
36745,0.000904,172.31.46.0-255,66,89179,54,238351
36746,0.000941,172.217.194.0-255,1484,90663,54,238351
36747,0.000964,172.31.46.0-255,66,90729,54,238351
36748,0.00158,172.217.194.0-255,1484,92213,54,238351
36749,0.001584,172.217.194.0-255,1484,93697,54,238351
36750,0.001586,172.31.46.0-255,66,93763,54,238351
36751,0.001605,172.217.194.0-255,1484,95247,54,238351
36752,0.00162,172.217.194.0-255,2902,98149,54,238351
36753,0.001624,172.31.46.0-255,66,98215,54,238351
36754,0.001636,172.217.194.0-255,2902,101117,54,238351
36755,0.001638,172.31.46.0-255,66,101183,54,238351
36756,0.001644,172.217.194.0-255,4320,105503,54,238351
36757,0.001645,172.31.46.0-255,66,105569,54,238351
36758,0.001672,172.217.194.0-255,2902,108471,54,238351
36759,0.001674,172.31.46.0-255,66,108537,54,238351
36760,0.001679,172.217.194.0-255,4320,112857,54,238351
36761,0.00168,172.31.46.0-255,66,112923,54,238351
36762,0.001704,172.31.46.0-255,66,112989,54,238351
36763,0.001729,172.217.194.0-255,1484,114473,54,238351
36764,0.00177,172.217.194.0-255,2184,116657,54,238351
36765,0.001773,172.31.46.0-255,66,116723,54,238351
36766,0.001832,172.217.194.0-255,1484,118207,54,238351
36767,0.001844,172.217.194.0-255,2902,121109,54,238351
36768,0.001846,172.31.46.0-255,66,121175,54,238351
36769,0.001853,172.217.194.0-255,5738,126913,54,238351
36770,0.001854,172.31.46.0-255,66,126979,54,238351
36771,0.001889,172.217.194.0-255,7156,134135,54,238351
36772,0.001892,172.31.46.0-255,66,134201,54,238351
36773,0.001915,172.217.194.0-255,5738,139939,54,238351
36774,0.001917,172.31.46.0-255,66,140005,54,238351
36775,0.001945,172.31.46.0-255,66,140071,54,238351
36776,0.002215,172.217.194.0-255,1484,141555,54,238351
36777,0.002252,172.217.194.0-255,2902,144457,54,238351
36778,0.002255,172.31.46.0-255,66,144523,54,238351
36779,0.00226,172.217.194.0-255,4320,148843,54,238351
36780,0.002262,172.31.46.0-255,66,148909,54,238351
36781,0.002275,172.217.194.0-255,1484,150393,54,238351
36782,0.002301,172.217.194.0-255,7156,157549,54,238351
36783,0.002304,172.31.46.0-255,66,157615,54,238351
36784,0.00231,172.217.194.0-255,4320,161935,54,238351
36785,0.002313,172.31.46.0-255,66,162001,54,238351
36786,0.00232,172.217.194.0-255,5738,167739,54,238351
36787,0.002322,172.31.46.0-255,66,167805,54,238351
36788,0.002339,172.217.194.0-255,2902,170707,54,238351
36789,0.002342,172.31.46.0-255,66,170773,54,238351
36790,0.002365,172.217.194.0-255,3602,174375,54,238351
36791,0.002367,172.31.46.0-255,66,174441,54,238351
36792,0.004688,172.217.194.0-255,1484,175925,54,238351
36793,0.004723,172.217.194.0-255,4320,180245,54,238351
36794,0.004727,172.31.46.0-255,66,180311,54,238351
36795,0.007114,172.217.194.0-255,5738,186049,54,238351
36796,0.007121,172.31.46.0-255,66,186115,54,238351
36797,0.009482,172.217.194.0-255,5738,191853,54,238351
36798,0.009489,172.31.46.0-255,66,191919,54,238351
36799,0.011857,172.217.194.0-255,5738,197657,54,238351
36800,0.011865,172.31.46.0-255,66,197723,54,238351
36801,0.014221,172.217.194.0-255,5738,203461,54,238351
36802,0.014228,172.31.46.0-255,66,203527,54,238351
36803,0.016575,172.217.194.0-255,5738,209265,54,238351
36804,0.016582,172.31.46.0-255,66,209331,54,238351
36805,0.018937,172.217.194.0-255,5738,215069,54,238351
36806,0.018945,172.31.46.0-255,66,215135,54,238351
36807,0.021285,172.217.194.0-255,5738,220873,54,238351
36808,0.021296,172.31.46.0-255,66,220939,54,238351
36809,0.023678,172.217.194.0-255,5738,226677,54,238351
36810,0.023685,172.31.46.0-255,66,226743,54,238351
36811,0.026022,172.217.194.0-255,5738,232481,54,238351
36812,0.026029,172.31.46.0-255,66,232547,54,238351
36813,0.028375,172.217.194.0-255,5738,238285,54,238351
36814,0.028385,172.31.46.0-255,66,238351,54,238351
36815,0.0,74.125.130.0-255,301,301,54,260213
36816,2.1e-05,172.31.46.0-255,66,367,54,260213
36817,2.8e-05,74.125.130.0-255,1484,1851,54,260213
36818,3.3e-05,172.31.46.0-255,66,1917,54,260213
36819,5.4e-05,74.125.130.0-255,2902,4819,54,260213
36820,5.7e-05,172.31.46.0-255,66,4885,54,260213
36821,7.4e-05,74.125.130.0-255,4320,9205,54,260213
36822,7.8e-05,172.31.46.0-255,66,9271,54,260213
36823,9.9e-05,74.125.130.0-255,2902,12173,54,260213
36824,0.000102,172.31.46.0-255,66,12239,54,260213
36825,0.000121,74.125.130.0-255,1805,14044,54,260213
36826,0.000123,172.31.46.0-255,66,14110,54,260213
36827,0.00013,74.125.130.0-255,5738,19848,54,260213
36828,0.000132,172.31.46.0-255,66,19914,54,260213
36829,0.000135,74.125.130.0-255,1484,21398,54,260213
36830,0.000137,172.31.46.0-255,66,21464,54,260213
36831,0.000159,74.125.130.0-255,7156,28620,54,260213
36832,0.000161,172.31.46.0-255,66,28686,54,260213
36833,0.000193,74.125.130.0-255,2543,31229,54,260213
36834,0.000196,172.31.46.0-255,66,31295,54,260213
36835,0.000481,74.125.130.0-255,1484,32779,54,260213
36836,0.000487,172.31.46.0-255,66,32845,54,260213
36837,0.000491,74.125.130.0-255,1484,34329,54,260213
36838,0.000494,172.31.46.0-255,66,34395,54,260213
36839,0.000509,74.125.130.0-255,2902,37297,54,260213
36840,0.000515,74.125.130.0-255,2902,40199,54,260213
36841,0.000519,172.31.46.0-255,66,40265,54,260213
36842,0.000522,172.31.46.0-255,66,40331,54,260213
36843,0.000538,74.125.130.0-255,2902,43233,54,260213
36844,0.00054,172.31.46.0-255,66,43299,54,260213
36845,0.000543,74.125.130.0-255,1484,44783,54,260213
36846,0.000545,172.31.46.0-255,66,44849,54,260213
36847,0.000568,74.125.130.0-255,3961,48810,54,260213
36848,0.000571,172.31.46.0-255,66,48876,54,260213
36849,0.000578,74.125.130.0-255,5738,54614,54,260213
36850,0.00058,172.31.46.0-255,66,54680,54,260213
36851,0.000583,74.125.130.0-255,1484,56164,54,260213
36852,0.000604,74.125.130.0-255,4320,60484,54,260213
36853,0.000607,172.31.46.0-255,66,60550,54,260213
36854,0.000682,74.125.130.0-255,5379,65929,54,260213
36855,0.000686,172.31.46.0-255,66,65995,54,260213
36856,0.000855,74.125.130.0-255,378,66373,54,260213
36857,0.000981,74.125.130.0-255,1484,67857,54,260213
36858,0.000986,172.31.46.0-255,66,67923,54,260213
36859,0.001008,74.125.130.0-255,2902,70825,54,260213
36860,0.001011,172.31.46.0-255,66,70891,54,260213
36861,0.001016,74.125.130.0-255,2902,73793,54,260213
36862,0.001018,172.31.46.0-255,66,73859,54,260213
36863,0.001044,74.125.130.0-255,1484,75343,54,260213
36864,0.001051,74.125.130.0-255,4320,79663,54,260213
36865,0.001053,172.31.46.0-255,66,79729,54,260213
36866,0.001074,74.125.130.0-255,4320,84049,54,260213
36867,0.001077,172.31.46.0-255,66,84115,54,260213
36868,0.00108,74.125.130.0-255,1484,85599,54,260213
36869,0.001083,74.125.130.0-255,1484,87083,54,260213
36870,0.001085,172.31.46.0-255,66,87149,54,260213
36871,0.001099,74.125.130.0-255,1484,88633,54,260213
36872,0.001111,74.125.130.0-255,2902,91535,54,260213
36873,0.001113,172.31.46.0-255,66,91601,54,260213
36874,0.001133,74.125.130.0-255,2902,94503,54,260213
36875,0.001136,172.31.46.0-255,66,94569,54,260213
36876,0.001143,74.125.130.0-255,6438,101007,54,260213
36877,0.001145,172.31.46.0-255,66,101073,54,260213
36878,0.001208,74.125.130.0-255,364,101437,54,260213
36879,0.001261,74.125.130.0-255,1484,102921,54,260213
36880,0.001265,172.31.46.0-255,66,102987,54,260213
36881,0.001271,74.125.130.0-255,2902,105889,54,260213
36882,0.001273,172.31.46.0-255,66,105955,54,260213
36883,0.001305,74.125.130.0-255,5738,111693,54,260213
36884,0.001308,172.31.46.0-255,66,111759,54,260213
36885,0.001315,74.125.130.0-255,5738,117497,54,260213
36886,0.001317,172.31.46.0-255,66,117563,54,260213
36887,0.00132,74.125.130.0-255,1484,119047,54,260213
36888,0.001349,74.125.130.0-255,5738,124785,54,260213
36889,0.001353,172.31.46.0-255,66,124851,54,260213
36890,0.001361,74.125.130.0-255,7156,132007,54,260213
36891,0.001363,172.31.46.0-255,66,132073,54,260213
36892,0.001381,74.125.130.0-255,1484,133557,54,260213
36893,0.00142,74.125.130.0-255,2184,135741,54,260213
36894,0.001423,172.31.46.0-255,66,135807,54,260213
36895,0.001461,74.125.130.0-255,1484,137291,54,260213
36896,0.001476,74.125.130.0-255,2902,140193,54,260213
36897,0.001479,172.31.46.0-255,66,140259,54,260213
36898,0.001503,74.125.130.0-255,5738,145997,54,260213
36899,0.001506,172.31.46.0-255,66,146063,54,260213
36900,0.001512,74.125.130.0-255,5738,151801,54,260213
36901,0.001514,172.31.46.0-255,66,151867,54,260213
36902,0.001528,74.125.130.0-255,2902,154769,54,260213
36903,0.00153,172.31.46.0-255,66,154835,54,260213
36904,0.001565,172.31.46.0-255,66,154901,54,260213
36905,0.00157,74.125.130.0-255,2902,157803,54,260213
36906,0.001572,172.31.46.0-255,66,157869,54,260213
36907,0.001612,74.125.130.0-255,2184,160053,54,260213
36908,0.001615,172.31.46.0-255,66,160119,54,260213
36909,0.001682,74.125.130.0-255,1484,161603,54,260213
36910,0.0017,74.125.130.0-255,2902,164505,54,260213
36911,0.001704,172.31.46.0-255,66,164571,54,260213
36912,0.001708,74.125.130.0-255,2902,167473,54,260213
36913,0.00171,172.31.46.0-255,66,167539,54,260213
36914,0.001782,74.125.130.0-255,4320,171859,54,260213
36915,0.001786,172.31.46.0-255,66,171925,54,260213
36916,0.001797,172.31.46.0-255,66,171991,54,260213
36917,0.001922,172.31.46.0-255,66,172057,54,260213
36918,0.001938,74.125.130.0-255,5020,177077,54,260213
36919,0.00194,172.31.46.0-255,66,177143,54,260213
36920,0.002472,74.125.130.0-255,1484,178627,54,260213
36921,0.002478,74.125.130.0-255,2902,181529,54,260213
36922,0.002482,172.31.46.0-255,66,181595,54,260213
36923,0.002503,74.125.130.0-255,4320,185915,54,260213
36924,0.002505,172.31.46.0-255,66,185981,54,260213
36925,0.002527,74.125.130.0-255,1484,187465,54,260213
36926,0.002532,74.125.130.0-255,2902,190367,54,260213
36927,0.002534,172.31.46.0-255,66,190433,54,260213
36928,0.00254,74.125.130.0-255,4320,194753,54,260213
36929,0.002542,172.31.46.0-255,66,194819,54,260213
36930,0.002558,74.125.130.0-255,1484,196303,54,260213
36931,0.002577,74.125.130.0-255,5738,202041,54,260213
36932,0.002581,172.31.46.0-255,66,202107,54,260213
36933,0.00511,74.125.130.0-255,5738,207845,54,260213
36934,0.005117,172.31.46.0-255,66,207911,54,260213
36935,0.007634,74.125.130.0-255,5738,213649,54,260213
36936,0.007641,172.31.46.0-255,66,213715,54,260213
36937,0.010168,74.125.130.0-255,5738,219453,54,260213
36938,0.010174,172.31.46.0-255,66,219519,54,260213
36939,0.0127,74.125.130.0-255,5738,225257,54,260213
36940,0.012708,172.31.46.0-255,66,225323,54,260213
36941,0.015222,74.125.130.0-255,5738,231061,54,260213
36942,0.015231,172.31.46.0-255,66,231127,54,260213
36943,0.017756,74.125.130.0-255,5738,236865,54,260213
36944,0.017768,172.31.46.0-255,66,236931,54,260213
36945,0.020283,74.125.130.0-255,5738,242669,54,260213
36946,0.020292,172.31.46.0-255,66,242735,54,260213
36947,0.0228,74.125.130.0-255,5738,248473,54,260213
36948,0.02281,172.31.46.0-255,66,248539,54,260213
36949,0.025315,74.125.130.0-255,5738,254277,54,260213
36950,0.025322,172.31.46.0-255,66,254343,54,260213
36951,0.027827,74.125.130.0-255,1484,255827,54,260213
36952,0.027853,74.125.130.0-255,4320,260147,54,260213
36953,0.027858,172.31.46.0-255,66,260213,54,260213
36954,0.0,172.217.160.0-255,146,146,54,203832
36955,1.8e-05,172.31.46.0-255,66,212,54,203832
36956,2.6e-05,172.217.160.0-255,1484,1696,54,203832
36957,3e-05,172.31.46.0-255,66,1762,54,203832
36958,5.8e-05,172.217.160.0-255,2902,4664,54,203832
36959,6.1e-05,172.31.46.0-255,66,4730,54,203832
36960,6.9e-05,172.217.160.0-255,7156,11886,54,203832
36961,7.2e-05,172.31.46.0-255,66,11952,54,203832
36962,7.7e-05,172.217.160.0-255,2121,14073,54,203832
36963,8e-05,172.31.46.0-255,66,14139,54,203832
36964,8.4e-05,172.217.160.0-255,1484,15623,54,203832
36965,8.6e-05,172.31.46.0-255,66,15689,54,203832
36966,0.000128,172.217.160.0-255,2902,18591,54,203832
36967,0.000131,172.31.46.0-255,66,18657,54,203832
36968,0.000138,172.217.160.0-255,5738,24395,54,203832
36969,0.00014,172.31.46.0-255,66,24461,54,203832
36970,0.000148,172.217.160.0-255,6797,31258,54,203832
36971,0.00015,172.31.46.0-255,66,31324,54,203832
36972,0.000183,172.217.160.0-255,7156,38480,54,203832
36973,0.000186,172.31.46.0-255,66,38546,54,203832
36974,0.000188,172.217.160.0-255,1484,40030,54,203832
36975,0.00019,172.31.46.0-255,66,40096,54,203832
36976,0.000218,172.217.160.0-255,5738,45834,54,203832
36977,0.00022,172.31.46.0-255,66,45900,54,203832
36978,0.000247,172.217.160.0-255,4320,50220,54,203832
36979,0.000253,172.31.46.0-255,66,50286,54,203832
36980,0.000273,172.217.160.0-255,3961,54247,54,203832
36981,0.000314,172.31.46.0-255,66,54313,54,203832
36982,0.000317,172.31.46.0-255,66,54379,54,203832
36983,0.000339,172.217.160.0-255,2543,56922,54,203832
36984,0.000342,172.31.46.0-255,66,56988,54,203832
36985,0.000345,172.217.160.0-255,372,57360,54,203832
36986,0.001029,172.31.46.0-255,66,57426,54,203832
36987,0.001121,172.217.160.0-255,102,57528,54,203832
36988,0.001235,172.217.160.0-255,1484,59012,54,203832
36989,0.001241,172.31.46.0-255,66,59078,54,203832
36990,0.001247,172.217.160.0-255,2902,61980,54,203832
36991,0.001249,172.31.46.0-255,66,62046,54,203832
36992,0.001252,172.217.160.0-255,1484,63530,54,203832
36993,0.001281,172.217.160.0-255,4320,67850,54,203832
36994,0.001284,172.31.46.0-255,66,67916,54,203832
36995,0.001311,172.217.160.0-255,6797,74713,54,203832
36996,0.001314,172.31.46.0-255,66,74779,54,203832
36997,0.001317,172.217.160.0-255,1484,76263,54,203832
36998,0.001347,172.217.160.0-255,5738,82001,54,203832
36999,0.00135,172.31.46.0-255,66,82067,54,203832
37000,0.001356,172.217.160.0-255,5738,87805,54,203832
37001,0.001358,172.31.46.0-255,66,87871,54,203832
37002,0.00138,172.217.160.0-255,3961,91832,54,203832
37003,0.001383,172.31.46.0-255,66,91898,54,203832
37004,0.001793,172.217.160.0-255,1484,93382,54,203832
37005,0.001801,172.217.160.0-255,2902,96284,54,203832
37006,0.001805,172.31.46.0-255,66,96350,54,203832
37007,0.001813,172.217.160.0-255,5738,102088,54,203832
37008,0.001814,172.31.46.0-255,66,102154,54,203832
37009,0.001849,172.31.46.0-255,66,102220,54,203832
37010,0.001894,172.31.46.0-255,66,102286,54,203832
37011,0.001921,172.217.160.0-255,2902,105188,54,203832
37012,0.001923,172.31.46.0-255,66,105254,54,203832
37013,0.001929,172.217.160.0-255,4320,109574,54,203832
37014,0.001931,172.31.46.0-255,66,109640,54,203832
37015,0.001938,172.217.160.0-255,5738,115378,54,203832
37016,0.001945,172.31.46.0-255,66,115444,54,203832
37017,0.001974,172.217.160.0-255,2902,118346,54,203832
37018,0.001976,172.31.46.0-255,66,118412,54,203832
37019,0.001994,172.31.46.0-255,66,118478,54,203832
37020,0.002023,172.217.160.0-255,2184,120662,54,203832
37021,0.002025,172.31.46.0-255,66,120728,54,203832
37022,0.003882,172.217.160.0-255,2902,123630,54,203832
37023,0.003887,172.31.46.0-255,66,123696,54,203832
37024,0.003909,172.217.160.0-255,2902,126598,54,203832
37025,0.003912,172.31.46.0-255,66,126664,54,203832
37026,0.005792,172.217.160.0-255,2902,129566,54,203832
37027,0.005795,172.31.46.0-255,66,129632,54,203832
37028,0.005823,172.217.160.0-255,2902,132534,54,203832
37029,0.005826,172.31.46.0-255,66,132600,54,203832
37030,0.007695,172.217.160.0-255,2902,135502,54,203832
37031,0.007701,172.31.46.0-255,66,135568,54,203832
37032,0.007729,172.217.160.0-255,2902,138470,54,203832
37033,0.007731,172.31.46.0-255,66,138536,54,203832
37034,0.009607,172.217.160.0-255,2902,141438,54,203832
37035,0.009614,172.31.46.0-255,66,141504,54,203832
37036,0.009645,172.217.160.0-255,2902,144406,54,203832
37037,0.009648,172.31.46.0-255,66,144472,54,203832
37038,0.011515,172.217.160.0-255,2902,147374,54,203832
37039,0.011522,172.31.46.0-255,66,147440,54,203832
37040,0.011554,172.217.160.0-255,2902,150342,54,203832
37041,0.011557,172.31.46.0-255,66,150408,54,203832
37042,0.013422,172.217.160.0-255,2902,153310,54,203832
37043,0.013429,172.31.46.0-255,66,153376,54,203832
37044,0.013456,172.217.160.0-255,2902,156278,54,203832
37045,0.013458,172.31.46.0-255,66,156344,54,203832
37046,0.015347,172.217.160.0-255,2902,159246,54,203832
37047,0.015353,172.31.46.0-255,66,159312,54,203832
37048,0.01538,172.217.160.0-255,2902,162214,54,203832
37049,0.015382,172.31.46.0-255,66,162280,54,203832
37050,0.017254,172.217.160.0-255,2902,165182,54,203832
37051,0.017262,172.31.46.0-255,66,165248,54,203832
37052,0.017291,172.217.160.0-255,2902,168150,54,203832
37053,0.017293,172.31.46.0-255,66,168216,54,203832
37054,0.019159,172.217.160.0-255,2902,171118,54,203832
37055,0.019165,172.31.46.0-255,66,171184,54,203832
37056,0.019198,172.217.160.0-255,2902,174086,54,203832
37057,0.0192,172.31.46.0-255,66,174152,54,203832
37058,0.021068,172.217.160.0-255,2902,177054,54,203832
37059,0.021075,172.31.46.0-255,66,177120,54,203832
37060,0.02112,172.217.160.0-255,2902,180022,54,203832
37061,0.021123,172.31.46.0-255,66,180088,54,203832
37062,0.02299,172.217.160.0-255,2902,182990,54,203832
37063,0.022997,172.31.46.0-255,66,183056,54,203832
37064,0.023032,172.217.160.0-255,2902,185958,54,203832
37065,0.023034,172.31.46.0-255,66,186024,54,203832
37066,0.024905,172.217.160.0-255,2902,188926,54,203832
37067,0.024912,172.31.46.0-255,66,188992,54,203832
37068,0.024945,172.217.160.0-255,2902,191894,54,203832
37069,0.024948,172.31.46.0-255,66,191960,54,203832
37070,0.026817,172.217.160.0-255,2902,194862,54,203832
37071,0.026823,172.31.46.0-255,66,194928,54,203832
37072,0.026858,172.217.160.0-255,2902,197830,54,203832
37073,0.02686,172.31.46.0-255,66,197896,54,203832
37074,0.028771,172.217.160.0-255,2902,200798,54,203832
37075,0.028779,172.31.46.0-255,66,200864,54,203832
37076,0.028813,172.217.160.0-255,2902,203766,54,203832
37077,0.028816,172.31.46.0-255,66,203832,54,203832
37078,0.0,172.217.194.0-255,151,151,54,201743
37079,2.4e-05,172.31.46.0-255,66,217,54,201743
37080,3.2e-05,172.217.194.0-255,1484,1701,54,201743
37081,3.6e-05,172.31.46.0-255,66,1767,54,201743
37082,4.2e-05,172.217.194.0-255,2902,4669,54,201743
37083,4.6e-05,172.31.46.0-255,66,4735,54,201743
37084,5.4e-05,172.217.194.0-255,7156,11891,54,201743
37085,5.6e-05,172.31.46.0-255,66,11957,54,201743
37086,6e-05,172.217.194.0-255,2047,14004,54,201743
37087,6.4e-05,172.31.46.0-255,66,14070,54,201743
37088,0.000117,172.217.194.0-255,1484,15554,54,201743
37089,0.00012,172.31.46.0-255,66,15620,54,201743
37090,0.000126,172.217.194.0-255,2902,18522,54,201743
37091,0.000129,172.31.46.0-255,66,18588,54,201743
37092,0.000135,172.217.194.0-255,5738,24326,54,201743
37093,0.000138,172.31.46.0-255,66,24392,54,201743
37094,0.00016,172.217.194.0-255,2902,27294,54,201743
37095,0.000162,172.31.46.0-255,66,27360,54,201743
37096,0.000184,172.217.194.0-255,3961,31321,54,201743
37097,0.000186,172.31.46.0-255,66,31387,54,201743
37098,0.000193,172.217.194.0-255,5738,37125,54,201743
37099,0.000195,172.31.46.0-255,66,37191,54,201743
37100,0.000216,172.31.46.0-255,66,37257,54,201743
37101,0.000229,172.31.46.0-255,66,37323,54,201743
37102,0.000289,172.217.194.0-255,4320,41643,54,201743
37103,0.000291,172.31.46.0-255,66,41709,54,201743
37104,0.000312,172.217.194.0-255,3913,45622,54,201743
37105,0.000314,172.31.46.0-255,66,45688,54,201743
37106,0.000317,172.217.194.0-255,365,46053,54,201743
37107,0.000319,172.31.46.0-255,66,46119,54,201743
37108,0.000695,172.217.194.0-255,1484,47603,54,201743
37109,0.000704,172.217.194.0-255,2902,50505,54,201743
37110,0.000708,172.31.46.0-255,66,50571,54,201743
37111,0.000712,172.217.194.0-255,1484,52055,54,201743
37112,0.000731,172.217.194.0-255,4320,56375,54,201743
37113,0.000734,172.31.46.0-255,66,56441,54,201743
37114,0.000737,172.217.194.0-255,1484,57925,54,201743
37115,0.000763,172.31.46.0-255,66,57991,54,201743
37116,0.000779,172.217.194.0-255,1484,59475,54,201743
37117,0.000792,172.31.46.0-255,66,59541,54,201743
37118,0.00173,172.217.194.0-255,1484,61025,54,201743
37119,0.00174,172.217.194.0-255,2902,63927,54,201743
37120,0.001745,172.31.46.0-255,66,63993,54,201743
37121,0.001752,172.217.194.0-255,4320,68313,54,201743
37122,0.001754,172.31.46.0-255,66,68379,54,201743
37123,0.001776,172.217.194.0-255,1484,69863,54,201743
37124,0.001791,172.31.46.0-255,66,69929,54,201743
37125,0.001806,172.217.194.0-255,1484,71413,54,201743
37126,0.001821,172.217.194.0-255,2902,74315,54,201743
37127,0.001823,172.31.46.0-255,66,74381,54,201743
37128,0.001842,172.217.194.0-255,5738,80119,54,201743
37129,0.001844,172.31.46.0-255,66,80185,54,201743
37130,0.001864,172.217.194.0-255,2184,82369,54,201743
37131,0.001866,172.31.46.0-255,66,82435,54,201743
37132,0.002103,172.217.194.0-255,1484,83919,54,201743
37133,0.00211,172.217.194.0-255,2902,86821,54,201743
37134,0.002114,172.31.46.0-255,66,86887,54,201743
37135,0.002118,172.217.194.0-255,1484,88371,54,201743
37136,0.00214,172.217.194.0-255,4320,92691,54,201743
37137,0.002142,172.31.46.0-255,66,92757,54,201743
37138,0.00215,172.217.194.0-255,5738,98495,54,201743
37139,0.002152,172.31.46.0-255,66,98561,54,201743
37140,0.002178,172.217.194.0-255,7156,105717,54,201743
37141,0.00218,172.31.46.0-255,66,105783,54,201743
37142,0.002186,172.217.194.0-255,4320,110103,54,201743
37143,0.002188,172.31.46.0-255,66,110169,54,201743
37144,0.002206,172.217.194.0-255,6438,116607,54,201743
37145,0.002208,172.31.46.0-255,66,116673,54,201743
37146,0.002265,172.217.194.0-255,1484,118157,54,201743
37147,0.002271,172.217.194.0-255,2902,121059,54,201743
37148,0.002273,172.31.46.0-255,66,121125,54,201743
37149,0.002278,172.217.194.0-255,2902,124027,54,201743
37150,0.00228,172.31.46.0-255,66,124093,54,201743
37151,0.002295,172.217.194.0-255,2902,126995,54,201743
37152,0.002297,172.31.46.0-255,66,127061,54,201743
37153,0.002314,172.217.194.0-255,4320,131381,54,201743
37154,0.002316,172.31.46.0-255,66,131447,54,201743
37155,0.00234,172.31.46.0-255,66,131513,54,201743
37156,0.002346,172.217.194.0-255,4320,135833,54,201743
37157,0.002348,172.31.46.0-255,66,135899,54,201743
37158,0.002368,172.217.194.0-255,6438,142337,54,201743
37159,0.00237,172.31.46.0-255,66,142403,54,201743
37160,0.004974,172.217.194.0-255,5738,148141,54,201743
37161,0.004979,172.31.46.0-255,66,148207,54,201743
37162,0.007623,172.217.194.0-255,5738,153945,54,201743
37163,0.007634,172.31.46.0-255,66,154011,54,201743
37164,0.010252,172.217.194.0-255,5738,159749,54,201743
37165,0.010263,172.31.46.0-255,66,159815,54,201743
37166,0.012908,172.217.194.0-255,5738,165553,54,201743
37167,0.012921,172.31.46.0-255,66,165619,54,201743
37168,0.015604,172.217.194.0-255,5738,171357,54,201743
37169,0.015615,172.31.46.0-255,66,171423,54,201743
37170,0.01823,172.217.194.0-255,5738,177161,54,201743
37171,0.018242,172.31.46.0-255,66,177227,54,201743
37172,0.020871,172.217.194.0-255,2902,180129,54,201743
37173,0.02088,172.31.46.0-255,66,180195,54,201743
37174,0.020902,172.217.194.0-255,2902,183097,54,201743
37175,0.020906,172.31.46.0-255,66,183163,54,201743
37176,0.023539,172.217.194.0-255,2902,186065,54,201743
37177,0.023545,172.31.46.0-255,66,186131,54,201743
37178,0.023584,172.217.194.0-255,2902,189033,54,201743
37179,0.023588,172.31.46.0-255,66,189099,54,201743
37180,0.02617,172.217.194.0-255,2902,192001,54,201743
37181,0.026178,172.31.46.0-255,66,192067,54,201743
37182,0.026257,172.217.194.0-255,2902,194969,54,201743
37183,0.026261,172.31.46.0-255,66,195035,54,201743
37184,0.027617,172.31.46.0-255,159,195194,54,201743
37185,0.02765,172.31.46.0-255,613,195807,54,201743
37186,0.028801,172.217.194.0-255,2902,198709,54,201743
37187,0.028808,172.31.46.0-255,66,198775,54,201743
37188,0.028868,172.217.194.0-255,2902,201677,54,201743
37189,0.028872,172.31.46.0-255,66,201743,54,201743
37190,0.0,74.125.130.0-255,152,152,54,207900
37191,1.5e-05,172.31.46.0-255,66,218,54,207900
37192,2.1e-05,74.125.130.0-255,1484,1702,54,207900
37193,2.5e-05,172.31.46.0-255,66,1768,54,207900
37194,2.8e-05,74.125.130.0-255,1484,3252,54,207900
37195,3.1e-05,172.31.46.0-255,66,3318,54,207900
37196,5.7e-05,74.125.130.0-255,1484,4802,54,207900
37197,6e-05,172.31.46.0-255,66,4868,54,207900
37198,6.6e-05,74.125.130.0-255,2902,7770,54,207900
37199,6.8e-05,172.31.46.0-255,66,7836,54,207900
37200,7.4e-05,74.125.130.0-255,4320,12156,54,207900
37201,7.6e-05,172.31.46.0-255,66,12222,54,207900
37202,0.000125,74.125.130.0-255,2902,15124,54,207900
37203,0.000128,172.31.46.0-255,66,15190,54,207900
37204,0.000146,74.125.130.0-255,6230,21420,54,207900
37205,0.000149,172.31.46.0-255,66,21486,54,207900
37206,0.000165,74.125.130.0-255,1484,22970,54,207900
37207,0.000168,172.31.46.0-255,66,23036,54,207900
37208,0.000187,74.125.130.0-255,7156,30192,54,207900
37209,0.000189,172.31.46.0-255,66,30258,54,207900
37210,0.000219,74.125.130.0-255,1125,31383,54,207900
37211,0.000221,172.31.46.0-255,66,31449,54,207900
37212,0.000408,74.125.130.0-255,1484,32933,54,207900
37213,0.000412,172.31.46.0-255,66,32999,54,207900
37214,0.000431,74.125.130.0-255,1484,34483,54,207900
37215,0.000434,172.31.46.0-255,66,34549,54,207900
37216,0.000447,74.125.130.0-255,1484,36033,54,207900
37217,0.00045,172.31.46.0-255,66,36099,54,207900
37218,0.000455,74.125.130.0-255,4320,40419,54,207900
37219,0.000459,172.31.46.0-255,66,40485,54,207900
37220,0.000484,74.125.130.0-255,1484,41969,54,207900
37221,0.000486,172.31.46.0-255,66,42035,54,207900
37222,0.000495,74.125.130.0-255,6797,48832,54,207900
37223,0.000497,172.31.46.0-255,66,48898,54,207900
37224,0.000505,74.125.130.0-255,7156,56054,54,207900
37225,0.000507,172.31.46.0-255,66,56120,54,207900
37226,0.000528,74.125.130.0-255,1484,57604,54,207900
37227,0.000553,74.125.130.0-255,4320,61924,54,207900
37228,0.000556,172.31.46.0-255,66,61990,54,207900
37229,0.000573,74.125.130.0-255,3961,65951,54,207900
37230,0.000576,172.31.46.0-255,66,66017,54,207900
37231,0.000578,74.125.130.0-255,363,66380,54,207900
37232,0.000788,74.125.130.0-255,1484,67864,54,207900
37233,0.000792,172.31.46.0-255,66,67930,54,207900
37234,0.000799,74.125.130.0-255,2902,70832,54,207900
37235,0.000801,172.31.46.0-255,66,70898,54,207900
37236,0.000805,74.125.130.0-255,1484,72382,54,207900
37237,0.000831,74.125.130.0-255,2902,75284,54,207900
37238,0.000834,172.31.46.0-255,66,75350,54,207900
37239,0.000841,74.125.130.0-255,5738,81088,54,207900
37240,0.000843,172.31.46.0-255,66,81154,54,207900
37241,0.000888,74.125.130.0-255,6797,87951,54,207900
37242,0.000891,172.31.46.0-255,66,88017,54,207900
37243,0.000913,74.125.130.0-255,7156,95173,54,207900
37244,0.000917,172.31.46.0-255,66,95239,54,207900
37245,0.000922,74.125.130.0-255,4320,99559,54,207900
37246,0.000924,172.31.46.0-255,66,99625,54,207900
37247,0.000944,74.125.130.0-255,1125,100750,54,207900
37248,0.001037,74.125.130.0-255,1484,102234,54,207900
37249,0.001043,172.31.46.0-255,66,102300,54,207900
37250,0.001049,74.125.130.0-255,2902,105202,54,207900
37251,0.001051,172.31.46.0-255,66,105268,54,207900
37252,0.001079,74.125.130.0-255,4320,109588,54,207900
37253,0.001081,172.31.46.0-255,66,109654,54,207900
37254,0.001099,74.125.130.0-255,4320,113974,54,207900
37255,0.001102,172.31.46.0-255,66,114040,54,207900
37256,0.001129,74.125.130.0-255,4320,118360,54,207900
37257,0.001132,172.31.46.0-255,66,118426,54,207900
37258,0.001136,74.125.130.0-255,2902,121328,54,207900
37259,0.001139,172.31.46.0-255,66,121394,54,207900
37260,0.001142,74.125.130.0-255,1484,122878,54,207900
37261,0.001165,172.31.46.0-255,66,122944,54,207900
37262,0.001167,74.125.130.0-255,500,123444,54,207900
37263,0.001984,74.125.130.0-255,1484,124928,54,207900
37264,0.001992,172.31.46.0-255,66,124994,54,207900
37265,0.001996,74.125.130.0-255,1484,126478,54,207900
37266,0.003129,74.125.130.0-255,1484,127962,54,207900
37267,0.003132,172.31.46.0-255,66,128028,54,207900
37268,0.003961,74.125.130.0-255,2902,130930,54,207900
37269,0.003966,172.31.46.0-255,66,130996,54,207900
37270,0.005116,74.125.130.0-255,2902,133898,54,207900
37271,0.005122,172.31.46.0-255,66,133964,54,207900
37272,0.005928,74.125.130.0-255,1484,135448,54,207900
37273,0.005946,74.125.130.0-255,1484,136932,54,207900
37274,0.005948,172.31.46.0-255,66,136998,54,207900
37275,0.007091,74.125.130.0-255,2902,139900,54,207900
37276,0.007096,172.31.46.0-255,66,139966,54,207900
37277,0.007922,74.125.130.0-255,2902,142868,54,207900
37278,0.007929,172.31.46.0-255,66,142934,54,207900
37279,0.009061,74.125.130.0-255,2902,145836,54,207900
37280,0.009068,172.31.46.0-255,66,145902,54,207900
37281,0.009913,74.125.130.0-255,2902,148804,54,207900
37282,0.00992,172.31.46.0-255,66,148870,54,207900
37283,0.011035,74.125.130.0-255,2902,151772,54,207900
37284,0.011042,172.31.46.0-255,66,151838,54,207900
37285,0.011898,74.125.130.0-255,2902,154740,54,207900
37286,0.011906,172.31.46.0-255,66,154806,54,207900
37287,0.013012,74.125.130.0-255,2902,157708,54,207900
37288,0.013019,172.31.46.0-255,66,157774,54,207900
37289,0.01389,74.125.130.0-255,2902,160676,54,207900
37290,0.013897,172.31.46.0-255,66,160742,54,207900
37291,0.015013,74.125.130.0-255,2902,163644,54,207900
37292,0.015021,172.31.46.0-255,66,163710,54,207900
37293,0.015862,74.125.130.0-255,2902,166612,54,207900
37294,0.01587,172.31.46.0-255,66,166678,54,207900
37295,0.017003,74.125.130.0-255,2902,169580,54,207900
37296,0.01701,172.31.46.0-255,66,169646,54,207900
37297,0.017857,74.125.130.0-255,2902,172548,54,207900
37298,0.017864,172.31.46.0-255,66,172614,54,207900
37299,0.018987,74.125.130.0-255,2902,175516,54,207900
37300,0.018994,172.31.46.0-255,66,175582,54,207900
37301,0.019847,74.125.130.0-255,2902,178484,54,207900
37302,0.019854,172.31.46.0-255,66,178550,54,207900
37303,0.020967,74.125.130.0-255,2902,181452,54,207900
37304,0.020974,172.31.46.0-255,66,181518,54,207900
37305,0.021826,74.125.130.0-255,2902,184420,54,207900
37306,0.021833,172.31.46.0-255,66,184486,54,207900
37307,0.022949,74.125.130.0-255,2902,187388,54,207900
37308,0.022956,172.31.46.0-255,66,187454,54,207900
37309,0.02381,74.125.130.0-255,2902,190356,54,207900
37310,0.023815,172.31.46.0-255,66,190422,54,207900
37311,0.024926,74.125.130.0-255,1484,191906,54,207900
37312,0.025797,74.125.130.0-255,4320,196226,54,207900
37313,0.025801,172.31.46.0-255,66,196292,54,207900
37314,0.027786,74.125.130.0-255,5738,202030,54,207900
37315,0.027794,172.31.46.0-255,66,202096,54,207900
37316,0.02977,74.125.130.0-255,5738,207834,54,207900
37317,0.029778,172.31.46.0-255,66,207900,54,207900
37318,0.0,74.125.24.0-255,147,147,54,128336
37319,2.3e-05,172.31.46.0-255,66,213,54,128336
37320,2.9e-05,74.125.24.0-255,1484,1697,54,128336
37321,3.4e-05,172.31.46.0-255,66,1763,54,128336
37322,3.9e-05,74.125.24.0-255,2902,4665,54,128336
37323,4.1e-05,172.31.46.0-255,66,4731,54,128336
37324,4.8e-05,74.125.24.0-255,7156,11887,54,128336
37325,5.1e-05,172.31.46.0-255,66,11953,54,128336
37326,7.9e-05,74.125.24.0-255,4320,16273,54,128336
37327,8.1e-05,172.31.46.0-255,66,16339,54,128336
37328,0.000113,172.31.46.0-255,66,16405,54,128336
37329,0.000115,74.125.24.0-255,1484,17889,54,128336
37330,0.000117,172.31.46.0-255,66,17955,54,128336
37331,0.000119,74.125.24.0-255,1125,19080,54,128336
37332,0.000121,172.31.46.0-255,66,19146,54,128336
37333,0.000416,74.125.24.0-255,1484,20630,54,128336
37334,0.000421,172.31.46.0-255,66,20696,54,128336
37335,0.000426,74.125.24.0-255,2902,23598,54,128336
37336,0.000429,172.31.46.0-255,66,23664,54,128336
37337,0.000434,74.125.24.0-255,4320,27984,54,128336
37338,0.000436,172.31.46.0-255,66,28050,54,128336
37339,0.000456,74.125.24.0-255,1484,29534,54,128336
37340,0.000459,172.31.46.0-255,66,29600,54,128336
37341,0.000463,74.125.24.0-255,2902,32502,54,128336
37342,0.000465,172.31.46.0-255,66,32568,54,128336
37343,0.000498,172.31.46.0-255,66,32634,54,128336
37344,0.000503,74.125.24.0-255,4320,36954,54,128336
37345,0.000505,172.31.46.0-255,66,37020,54,128336
37346,0.000546,74.125.24.0-255,6438,43458,54,128336
37347,0.000549,172.31.46.0-255,66,43524,54,128336
37348,0.000603,74.125.24.0-255,362,43886,54,128336
37349,0.000912,172.31.46.0-255,66,43952,54,128336
37350,0.001358,74.125.24.0-255,135,44087,54,128336
37351,0.003455,74.125.24.0-255,1484,45571,54,128336
37352,0.00346,172.31.46.0-255,66,45637,54,128336
37353,0.003466,74.125.24.0-255,2902,48539,54,128336
37354,0.003468,172.31.46.0-255,66,48605,54,128336
37355,0.005415,74.125.24.0-255,5738,54343,54,128336
37356,0.00542,172.31.46.0-255,66,54409,54,128336
37357,0.007378,74.125.24.0-255,5738,60147,54,128336
37358,0.007386,172.31.46.0-255,66,60213,54,128336
37359,0.009357,74.125.24.0-255,5738,65951,54,128336
37360,0.009365,172.31.46.0-255,66,66017,54,128336
37361,0.011311,74.125.24.0-255,5738,71755,54,128336
37362,0.011317,172.31.46.0-255,66,71821,54,128336
37363,0.013296,74.125.24.0-255,5738,77559,54,128336
37364,0.013303,172.31.46.0-255,66,77625,54,128336
37365,0.015265,74.125.24.0-255,5738,83363,54,128336
37366,0.015274,172.31.46.0-255,66,83429,54,128336
37367,0.017213,74.125.24.0-255,5738,89167,54,128336
37368,0.01722,172.31.46.0-255,66,89233,54,128336
37369,0.019231,74.125.24.0-255,5738,94971,54,128336
37370,0.01924,172.31.46.0-255,66,95037,54,128336
37371,0.021196,74.125.24.0-255,5738,100775,54,128336
37372,0.021204,172.31.46.0-255,66,100841,54,128336
37373,0.023193,74.125.24.0-255,5738,106579,54,128336
37374,0.023201,172.31.46.0-255,66,106645,54,128336
37375,0.024955,172.31.46.0-255,171,106816,54,128336
37376,0.025,172.31.46.0-255,1142,107958,54,128336
37377,0.025064,172.31.46.0-255,1514,109472,54,128336
37378,0.025066,172.31.46.0-255,1254,110726,54,128336
37379,0.025175,74.125.24.0-255,5738,116464,54,128336
37380,0.025181,172.31.46.0-255,66,116530,54,128336
37381,0.026503,104.244.42.0-255,66,116596,54,128336
37382,0.026547,104.244.42.0-255,66,116662,54,128336
37383,0.026637,104.244.42.0-255,66,116728,54,128336
37384,0.027158,74.125.24.0-255,5738,122466,54,128336
37385,0.027164,172.31.46.0-255,66,122532,54,128336
37386,0.029115,74.125.24.0-255,5738,128270,54,128336
37387,0.02912,172.31.46.0-255,66,128336,54,128336
37388,0.0,172.217.27.0-255,152,152,54,236930
37389,3.9e-05,172.31.46.0-255,66,218,54,236930
37390,4.6e-05,172.217.27.0-255,1484,1702,54,236930
37391,5.2e-05,172.31.46.0-255,66,1768,54,236930
37392,6.4e-05,172.217.27.0-255,2902,4670,54,236930
37393,6.8e-05,172.31.46.0-255,66,4736,54,236930
37394,7.4e-05,172.217.27.0-255,4320,9056,54,236930
37395,7.7e-05,172.31.46.0-255,66,9122,54,236930
37396,8.2e-05,172.217.27.0-255,4320,13442,54,236930
37397,8.6e-05,172.31.46.0-255,66,13508,54,236930
37398,0.000127,172.217.27.0-255,4810,18318,54,236930
37399,0.000131,172.31.46.0-255,66,18384,54,236930
37400,0.000136,172.217.27.0-255,4320,22704,54,236930
37401,0.000139,172.31.46.0-255,66,22770,54,236930
37402,0.000143,172.217.27.0-255,2902,25672,54,236930
37403,0.000145,172.31.46.0-255,66,25738,54,236930
37404,0.000178,172.217.27.0-255,2902,28640,54,236930
37405,0.000182,172.31.46.0-255,66,28706,54,236930
37406,0.000208,172.217.27.0-255,2543,31249,54,236930
37407,0.000211,172.31.46.0-255,66,31315,54,236930
37408,0.000263,172.217.27.0-255,1484,32799,54,236930
37409,0.000267,172.31.46.0-255,66,32865,54,236930
37410,0.000289,172.217.27.0-255,2902,35767,54,236930
37411,0.000292,172.31.46.0-255,66,35833,54,236930
37412,0.000299,172.217.27.0-255,5738,41571,54,236930
37413,0.000301,172.31.46.0-255,66,41637,54,236930
37414,0.000315,172.31.46.0-255,66,41703,54,236930
37415,0.000373,172.31.46.0-255,66,41769,54,236930
37416,0.00065,172.217.27.0-255,141,41910,54,236930
37417,0.000656,172.31.46.0-255,66,41976,54,236930
37418,0.00081,172.217.27.0-255,1484,43460,54,236930
37419,0.000818,172.217.27.0-255,2902,46362,54,236930
37420,0.000822,172.31.46.0-255,66,46428,54,236930
37421,0.000829,172.217.27.0-255,5738,52166,54,236930
37422,0.000831,172.31.46.0-255,66,52232,54,236930
37423,0.000843,172.217.27.0-255,4320,56552,54,236930
37424,0.000846,172.31.46.0-255,66,56618,54,236930
37425,0.000882,172.217.27.0-255,6797,63415,54,236930
37426,0.000886,172.31.46.0-255,66,63481,54,236930
37427,0.000901,172.31.46.0-255,66,63547,54,236930
37428,0.000904,172.217.27.0-255,1125,64672,54,236930
37429,0.000907,172.217.27.0-255,1484,66156,54,236930
37430,0.000909,172.31.46.0-255,66,66222,54,236930
37431,0.000914,172.217.27.0-255,4320,70542,54,236930
37432,0.000916,172.31.46.0-255,66,70608,54,236930
37433,0.00092,172.217.27.0-255,1484,72092,54,236930
37434,0.000968,172.31.46.0-255,66,72158,54,236930
37435,0.000971,172.217.27.0-255,825,72983,54,236930
37436,0.001051,172.217.27.0-255,1484,74467,54,236930
37437,0.001056,172.31.46.0-255,66,74533,54,236930
37438,0.001083,172.217.27.0-255,2902,77435,54,236930
37439,0.001087,172.31.46.0-255,66,77501,54,236930
37440,0.001092,172.217.27.0-255,2902,80403,54,236930
37441,0.001094,172.217.27.0-255,1484,81887,54,236930
37442,0.001096,172.31.46.0-255,66,81953,54,236930
37443,0.001119,172.217.27.0-255,2902,84855,54,236930
37444,0.001122,172.31.46.0-255,66,84921,54,236930
37445,0.00113,172.217.27.0-255,5738,90659,54,236930
37446,0.001133,172.31.46.0-255,66,90725,54,236930
37447,0.001164,172.217.27.0-255,2902,93627,54,236930
37448,0.001168,172.31.46.0-255,66,93693,54,236930
37449,0.00118,172.31.46.0-255,66,93759,54,236930
37450,0.001205,172.217.27.0-255,3602,97361,54,236930
37451,0.001208,172.31.46.0-255,66,97427,54,236930
37452,0.001419,172.217.27.0-255,1484,98911,54,236930
37453,0.001427,172.217.27.0-255,2902,101813,54,236930
37454,0.001433,172.31.46.0-255,66,101879,54,236930
37455,0.001443,172.217.27.0-255,5738,107617,54,236930
37456,0.001446,172.31.46.0-255,66,107683,54,236930
37457,0.001458,172.217.27.0-255,5738,113421,54,236930
37458,0.001461,172.31.46.0-255,66,113487,54,236930
37459,0.001467,172.217.27.0-255,4320,117807,54,236930
37460,0.001469,172.31.46.0-255,66,117873,54,236930
37461,0.001497,172.217.27.0-255,2902,120775,54,236930
37462,0.001501,172.31.46.0-255,66,120841,54,236930
37463,0.001532,172.217.27.0-255,4320,125161,54,236930
37464,0.001536,172.31.46.0-255,66,125227,54,236930
37465,0.001566,172.217.27.0-255,6438,131665,54,236930
37466,0.00157,172.31.46.0-255,66,131731,54,236930
37467,0.00321,172.217.27.0-255,5738,137469,54,236930
37468,0.003219,172.31.46.0-255,66,137535,54,236930
37469,0.004844,172.217.27.0-255,4320,141855,54,236930
37470,0.00485,172.31.46.0-255,66,141921,54,236930
37471,0.004878,172.217.27.0-255,1484,143405,54,236930
37472,0.006473,172.217.27.0-255,4320,147725,54,236930
37473,0.006478,172.31.46.0-255,66,147791,54,236930
37474,0.008116,172.217.27.0-255,5738,153529,54,236930
37475,0.00814,172.31.46.0-255,66,153595,54,236930
37476,0.009785,172.217.27.0-255,5738,159333,54,236930
37477,0.009797,172.31.46.0-255,66,159399,54,236930
37478,0.011434,172.217.27.0-255,5738,165137,54,236930
37479,0.011446,172.31.46.0-255,66,165203,54,236930
37480,0.013094,172.217.27.0-255,5738,170941,54,236930
37481,0.013105,172.31.46.0-255,66,171007,54,236930
37482,0.014744,172.217.27.0-255,5738,176745,54,236930
37483,0.014753,172.31.46.0-255,66,176811,54,236930
37484,0.0164,172.217.27.0-255,5738,182549,54,236930
37485,0.016408,172.31.46.0-255,66,182615,54,236930
37486,0.018096,172.217.27.0-255,5738,188353,54,236930
37487,0.018106,172.31.46.0-255,66,188419,54,236930
37488,0.019761,172.217.27.0-255,5738,194157,54,236930
37489,0.019773,172.31.46.0-255,66,194223,54,236930
37490,0.02142,172.217.27.0-255,5738,199961,54,236930
37491,0.021428,172.31.46.0-255,66,200027,54,236930
37492,0.023063,172.217.27.0-255,5738,205765,54,236930
37493,0.023071,172.31.46.0-255,66,205831,54,236930
37494,0.024715,172.217.27.0-255,5738,211569,54,236930
37495,0.024722,172.31.46.0-255,66,211635,54,236930
37496,0.026377,172.217.27.0-255,5738,217373,54,236930
37497,0.026392,172.31.46.0-255,66,217439,54,236930
37498,0.028041,172.217.27.0-255,5738,223177,54,236930
37499,0.028051,172.31.46.0-255,66,223243,54,236930
37500,0.028687,172.31.46.0-255,172,223415,54,236930
37501,0.028721,172.31.46.0-255,1118,224533,54,236930
37502,0.028837,172.31.46.0-255,1514,226047,54,236930
37503,0.028839,172.31.46.0-255,1514,227561,54,236930
37504,0.028841,172.31.46.0-255,1514,229075,54,236930
37505,0.028842,172.31.46.0-255,1514,230589,54,236930
37506,0.028843,172.31.46.0-255,537,231126,54,236930
37507,0.02969,172.217.27.0-255,5738,236864,54,236930
37508,0.029697,172.31.46.0-255,66,236930,54,236930
37509,0.0,74.125.68.0-255,153,153,54,217297
37510,1.3e-05,172.31.46.0-255,66,219,54,217297
37511,1.9e-05,74.125.68.0-255,1484,1703,54,217297
37512,2.4e-05,172.31.46.0-255,66,1769,54,217297
37513,3e-05,74.125.68.0-255,2902,4671,54,217297
37514,3.4e-05,172.31.46.0-255,66,4737,54,217297
37515,5.3e-05,74.125.68.0-255,4320,9057,54,217297
37516,5.7e-05,172.31.46.0-255,66,9123,54,217297
37517,8.7e-05,74.125.68.0-255,1484,10607,54,217297
37518,9e-05,172.31.46.0-255,66,10673,54,217297
37519,9.5e-05,74.125.68.0-255,2902,13575,54,217297
37520,9.7e-05,172.31.46.0-255,66,13641,54,217297
37521,0.000103,74.125.68.0-255,3461,17102,54,217297
37522,0.000106,172.31.46.0-255,66,17168,54,217297
37523,0.00011,74.125.68.0-255,2902,20070,54,217297
37524,0.000113,172.31.46.0-255,66,20136,54,217297
37525,0.000116,74.125.68.0-255,1484,21620,54,217297
37526,0.000118,172.31.46.0-255,66,21686,54,217297
37527,0.000133,74.125.68.0-255,2902,24588,54,217297
37528,0.000135,172.31.46.0-255,66,24654,54,217297
37529,0.000174,172.31.46.0-255,66,24720,54,217297
37530,0.000181,74.125.68.0-255,7156,31876,54,217297
37531,0.000183,172.31.46.0-255,66,31942,54,217297
37532,0.000188,74.125.68.0-255,4320,36262,54,217297
37533,0.000191,172.31.46.0-255,66,36328,54,217297
37534,0.000219,74.125.68.0-255,3602,39930,54,217297
37535,0.000222,172.31.46.0-255,66,39996,54,217297
37536,0.000415,74.125.68.0-255,1484,41480,54,217297
37537,0.00042,172.31.46.0-255,66,41546,54,217297
37538,0.000425,74.125.68.0-255,2902,44448,54,217297
37539,0.000429,172.31.46.0-255,66,44514,54,217297
37540,0.000433,74.125.68.0-255,2902,47416,54,217297
37541,0.000436,172.31.46.0-255,66,47482,54,217297
37542,0.000462,74.125.68.0-255,2902,50384,54,217297
37543,0.000464,172.31.46.0-255,66,50450,54,217297
37544,0.00047,74.125.68.0-255,4320,54770,54,217297
37545,0.000472,172.31.46.0-255,66,54836,54,217297
37546,0.000486,74.125.68.0-255,2849,57685,54,217297
37547,0.000488,172.31.46.0-255,66,57751,54,217297
37548,0.000768,74.125.68.0-255,348,58099,54,217297
37549,0.000807,74.125.68.0-255,1484,59583,54,217297
37550,0.000813,172.31.46.0-255,66,59649,54,217297
37551,0.000849,74.125.68.0-255,1484,61133,54,217297
37552,0.000854,74.125.68.0-255,2902,64035,54,217297
37553,0.000856,172.31.46.0-255,66,64101,54,217297
37554,0.000864,74.125.68.0-255,5738,69839,54,217297
37555,0.000866,172.31.46.0-255,66,69905,54,217297
37556,0.000907,172.31.46.0-255,66,69971,54,217297
37557,0.000929,74.125.68.0-255,2902,72873,54,217297
37558,0.000931,172.31.46.0-255,66,72939,54,217297
37559,0.000964,172.31.46.0-255,66,73005,54,217297
37560,0.001425,74.125.68.0-255,1484,74489,54,217297
37561,0.001457,74.125.68.0-255,2902,77391,54,217297
37562,0.001461,172.31.46.0-255,66,77457,54,217297
37563,0.001502,74.125.68.0-255,1484,78941,54,217297
37564,0.001507,74.125.68.0-255,2902,81843,54,217297
37565,0.001509,172.31.46.0-255,66,81909,54,217297
37566,0.001512,74.125.68.0-255,1484,83393,54,217297
37567,0.001526,74.125.68.0-255,1484,84877,54,217297
37568,0.001528,172.31.46.0-255,66,84943,54,217297
37569,0.001543,74.125.68.0-255,1484,86427,54,217297
37570,0.001559,74.125.68.0-255,5738,92165,54,217297
37571,0.001561,172.31.46.0-255,66,92231,54,217297
37572,0.001584,74.125.68.0-255,5738,97969,54,217297
37573,0.001587,172.31.46.0-255,66,98035,54,217297
37574,0.001602,74.125.68.0-255,1484,99519,54,217297
37575,0.001606,74.125.68.0-255,1484,101003,54,217297
37576,0.001608,172.31.46.0-255,66,101069,54,217297
37577,0.00163,74.125.68.0-255,4320,105389,54,217297
37578,0.001632,172.31.46.0-255,66,105455,54,217297
37579,0.001664,74.125.68.0-255,2184,107639,54,217297
37580,0.001666,172.31.46.0-255,66,107705,54,217297
37581,0.001822,74.125.68.0-255,1484,109189,54,217297
37582,0.001843,74.125.68.0-255,2902,112091,54,217297
37583,0.001848,172.31.46.0-255,66,112157,54,217297
37584,0.00187,74.125.68.0-255,4320,116477,54,217297
37585,0.001873,172.31.46.0-255,66,116543,54,217297
37586,0.001893,74.125.68.0-255,5738,122281,54,217297
37587,0.001895,172.31.46.0-255,66,122347,54,217297
37588,0.001918,74.125.68.0-255,5738,128085,54,217297
37589,0.00192,172.31.46.0-255,66,128151,54,217297
37590,0.001936,74.125.68.0-255,5738,133889,54,217297
37591,0.001938,172.31.46.0-255,66,133955,54,217297
37592,0.00199,172.31.46.0-255,66,134021,54,217297
37593,0.002178,74.125.68.0-255,1484,135505,54,217297
37594,0.002184,74.125.68.0-255,2902,138407,54,217297
37595,0.002187,172.31.46.0-255,66,138473,54,217297
37596,0.002193,74.125.68.0-255,5738,144211,54,217297
37597,0.002196,172.31.46.0-255,66,144277,54,217297
37598,0.002246,172.31.46.0-255,66,144343,54,217297
37599,0.002272,74.125.68.0-255,2902,147245,54,217297
37600,0.002275,172.31.46.0-255,66,147311,54,217297
37601,0.002289,172.31.46.0-255,66,147377,54,217297
37602,0.002306,74.125.68.0-255,766,148143,54,217297
37603,0.004548,74.125.68.0-255,4320,152463,54,217297
37604,0.004551,172.31.46.0-255,66,152529,54,217297
37605,0.00682,74.125.68.0-255,2902,155431,54,217297
37606,0.006826,172.31.46.0-255,66,155497,54,217297
37607,0.006846,74.125.68.0-255,2902,158399,54,217297
37608,0.006848,172.31.46.0-255,66,158465,54,217297
37609,0.009101,74.125.68.0-255,2902,161367,54,217297
37610,0.009108,172.31.46.0-255,66,161433,54,217297
37611,0.009176,74.125.68.0-255,2902,164335,54,217297
37612,0.009181,172.31.46.0-255,66,164401,54,217297
37613,0.011435,74.125.68.0-255,2902,167303,54,217297
37614,0.011444,172.31.46.0-255,66,167369,54,217297
37615,0.011469,74.125.68.0-255,2902,170271,54,217297
37616,0.011472,172.31.46.0-255,66,170337,54,217297
37617,0.013713,74.125.68.0-255,2902,173239,54,217297
37618,0.01372,172.31.46.0-255,66,173305,54,217297
37619,0.013744,74.125.68.0-255,2902,176207,54,217297
37620,0.013747,172.31.46.0-255,66,176273,54,217297
37621,0.016007,74.125.68.0-255,5738,182011,54,217297
37622,0.016018,172.31.46.0-255,66,182077,54,217297
37623,0.0183,74.125.68.0-255,5738,187815,54,217297
37624,0.018308,172.31.46.0-255,66,187881,54,217297
37625,0.020604,74.125.68.0-255,5738,193619,54,217297
37626,0.020611,172.31.46.0-255,66,193685,54,217297
37627,0.022909,74.125.68.0-255,5738,199423,54,217297
37628,0.022918,172.31.46.0-255,66,199489,54,217297
37629,0.025189,74.125.68.0-255,2902,202391,54,217297
37630,0.025195,172.31.46.0-255,66,202457,54,217297
37631,0.025218,74.125.68.0-255,2902,205359,54,217297
37632,0.025221,172.31.46.0-255,66,205425,54,217297
37633,0.027475,74.125.68.0-255,2902,208327,54,217297
37634,0.027482,172.31.46.0-255,66,208393,54,217297
37635,0.027522,74.125.68.0-255,2902,211295,54,217297
37636,0.027524,172.31.46.0-255,66,211361,54,217297
37637,0.029747,74.125.68.0-255,1484,212845,54,217297
37638,0.029794,74.125.68.0-255,2902,215747,54,217297
37639,0.0298,172.31.46.0-255,66,215813,54,217297
37640,0.029819,74.125.68.0-255,1484,217297,54,217297
37641,0.0,74.125.24.0-255,300,300,54,226960
37642,1.8e-05,172.31.46.0-255,66,366,54,226960
37643,2.5e-05,74.125.24.0-255,1484,1850,54,226960
37644,3e-05,172.31.46.0-255,66,1916,54,226960
37645,3.7e-05,74.125.24.0-255,4320,6236,54,226960
37646,4.1e-05,172.31.46.0-255,66,6302,54,226960
37647,4.9e-05,74.125.24.0-255,7156,13458,54,226960
37648,5.2e-05,172.31.46.0-255,66,13524,54,226960
37649,7.8e-05,74.125.24.0-255,1777,15301,54,226960
37650,8.1e-05,172.31.46.0-255,66,15367,54,226960
37651,8.8e-05,74.125.24.0-255,5738,21105,54,226960
37652,9.1e-05,172.31.46.0-255,66,21171,54,226960
37653,0.000133,172.31.46.0-255,66,21237,54,226960
37654,0.000209,74.125.24.0-255,1484,22721,54,226960
37655,0.000212,172.31.46.0-255,66,22787,54,226960
37656,0.000215,74.125.24.0-255,1484,24271,54,226960
37657,0.000217,172.31.46.0-255,66,24337,54,226960
37658,0.000232,74.125.24.0-255,1484,25821,54,226960
37659,0.000234,172.31.46.0-255,66,25887,54,226960
37660,0.000241,74.125.24.0-255,5738,31625,54,226960
37661,0.000243,172.31.46.0-255,66,31691,54,226960
37662,0.00029,172.31.46.0-255,66,31757,54,226960
37663,0.000302,172.31.46.0-255,66,31823,54,226960
37664,0.000333,74.125.24.0-255,7072,38895,54,226960
37665,0.000337,172.31.46.0-255,66,38961,54,226960
37666,0.000339,74.125.24.0-255,381,39342,54,226960
37667,0.000341,172.31.46.0-255,66,39408,54,226960
37668,0.000484,74.125.24.0-255,1484,40892,54,226960
37669,0.00049,172.31.46.0-255,66,40958,54,226960
37670,0.000495,74.125.24.0-255,2902,43860,54,226960
37671,0.000503,74.125.24.0-255,5738,49598,54,226960
37672,0.000505,74.125.24.0-255,1484,51082,54,226960
37673,0.000522,74.125.24.0-255,1484,52566,54,226960
37674,0.000539,74.125.24.0-255,7156,59722,54,226960
37675,0.000553,74.125.24.0-255,3961,63683,54,226960
37676,0.000568,74.125.24.0-255,2902,66585,54,226960
37677,0.000571,172.31.46.0-255,66,66651,54,226960
37678,0.000582,74.125.24.0-255,6797,73448,54,226960
37679,0.000594,172.31.46.0-255,66,73514,54,226960
37680,0.000719,74.125.24.0-255,1484,74998,54,226960
37681,0.000725,74.125.24.0-255,2902,77900,54,226960
37682,0.000737,172.31.46.0-255,66,77966,54,226960
37683,0.00074,74.125.24.0-255,1484,79450,54,226960
37684,0.000755,74.125.24.0-255,4320,83770,54,226960
37685,0.000759,74.125.24.0-255,1484,85254,54,226960
37686,0.000789,172.31.46.0-255,66,85320,54,226960
37687,0.000798,74.125.24.0-255,2902,88222,54,226960
37688,0.000803,172.31.46.0-255,66,88288,54,226960
37689,0.000834,74.125.24.0-255,2902,91190,54,226960
37690,0.000844,172.31.46.0-255,66,91256,54,226960
37691,0.000874,172.31.46.0-255,66,91322,54,226960
37692,0.000956,74.125.24.0-255,1484,92806,54,226960
37693,0.000968,74.125.24.0-255,2902,95708,54,226960
37694,0.000972,74.125.24.0-255,2902,98610,54,226960
37695,0.000988,74.125.24.0-255,2902,101512,54,226960
37696,0.000996,172.31.46.0-255,66,101578,54,226960
37697,0.001005,74.125.24.0-255,4320,105898,54,226960
37698,0.001009,172.31.46.0-255,66,105964,54,226960
37699,0.001026,74.125.24.0-255,7156,113120,54,226960
37700,0.001044,172.31.46.0-255,66,113186,54,226960
37701,0.001063,74.125.24.0-255,3602,116788,54,226960
37702,0.001067,172.31.46.0-255,66,116854,54,226960
37703,0.001083,74.125.24.0-255,4320,121174,54,226960
37704,0.001101,172.31.46.0-255,66,121240,54,226960
37705,0.001111,74.125.24.0-255,1484,122724,54,226960
37706,0.001116,172.31.46.0-255,66,122790,54,226960
37707,0.001126,74.125.24.0-255,5738,128528,54,226960
37708,0.001147,172.31.46.0-255,66,128594,54,226960
37709,0.001163,74.125.24.0-255,1484,130078,54,226960
37710,0.001177,74.125.24.0-255,4320,134398,54,226960
37711,0.0012,74.125.24.0-255,6438,140836,54,226960
37712,0.001207,172.31.46.0-255,66,140902,54,226960
37713,0.001247,74.125.24.0-255,1484,142386,54,226960
37714,0.001282,74.125.24.0-255,1484,143870,54,226960
37715,0.001287,172.31.46.0-255,66,143936,54,226960
37716,0.001306,74.125.24.0-255,1484,145420,54,226960
37717,0.001311,74.125.24.0-255,5738,151158,54,226960
37718,0.001331,74.125.24.0-255,1484,152642,54,226960
37719,0.001338,172.31.46.0-255,66,152708,54,226960
37720,0.001373,74.125.24.0-255,4320,157028,54,226960
37721,0.001375,172.31.46.0-255,66,157094,54,226960
37722,0.001379,172.31.46.0-255,66,157160,54,226960
37723,0.001391,74.125.24.0-255,4320,161480,54,226960
37724,0.001402,74.125.24.0-255,1484,162964,54,226960
37725,0.001415,172.31.46.0-255,66,163030,54,226960
37726,0.001435,172.31.46.0-255,66,163096,54,226960
37727,0.00148,74.125.24.0-255,1484,164580,54,226960
37728,0.001493,74.125.24.0-255,2902,167482,54,226960
37729,0.001495,74.125.24.0-255,1484,168966,54,226960
37730,0.00151,74.125.24.0-255,4320,173286,54,226960
37731,0.001513,74.125.24.0-255,1484,174770,54,226960
37732,0.001517,172.31.46.0-255,66,174836,54,226960
37733,0.001537,74.125.24.0-255,7156,181992,54,226960
37734,0.001548,172.31.46.0-255,66,182058,54,226960
37735,0.001621,172.31.46.0-255,66,182124,54,226960
37736,0.001637,74.125.24.0-255,1484,183608,54,226960
37737,0.001648,74.125.24.0-255,2902,186510,54,226960
37738,0.001653,74.125.24.0-255,2902,189412,54,226960
37739,0.001661,172.31.46.0-255,66,189478,54,226960
37740,0.001672,74.125.24.0-255,2902,192380,54,226960
37741,0.001676,74.125.24.0-255,2902,195282,54,226960
37742,0.001697,172.31.46.0-255,66,195348,54,226960
37743,0.001711,172.31.46.0-255,66,195414,54,226960
37744,0.001718,74.125.24.0-255,2902,198316,54,226960
37745,0.001732,74.125.24.0-255,7156,205472,54,226960
37746,0.001742,172.31.46.0-255,66,205538,54,226960
37747,0.00175,74.125.24.0-255,3602,209140,54,226960
37748,0.00177,172.31.46.0-255,66,209206,54,226960
37749,0.001774,74.125.24.0-255,2902,212108,54,226960
37750,0.001779,74.125.24.0-255,5738,217846,54,226960
37751,0.001801,74.125.24.0-255,4320,222166,54,226960
37752,0.001812,172.31.46.0-255,66,222232,54,226960
37753,0.001863,74.125.24.0-255,4320,226552,54,226960
37754,0.001888,172.31.46.0-255,66,226618,54,226960
37755,0.001909,74.125.24.0-255,105,226723,54,226960
37756,0.001915,172.31.46.0-255,66,226789,54,226960
37757,0.004231,172.31.46.0-255,105,226894,54,226960
37758,0.006782,74.125.24.0-255,66,226960,54,226960
37759,0.0,74.125.24.0-255,151,151,54,169197
37760,2.3e-05,172.31.46.0-255,66,217,54,169197
37761,3e-05,74.125.24.0-255,1484,1701,54,169197
37762,3.5e-05,172.31.46.0-255,66,1767,54,169197
37763,4.2e-05,74.125.24.0-255,2902,4669,54,169197
37764,4.5e-05,172.31.46.0-255,66,4735,54,169197
37765,5.3e-05,74.125.24.0-255,7156,11891,54,169197
37766,5.6e-05,172.31.46.0-255,66,11957,54,169197
37767,9.9e-05,172.31.46.0-255,66,12023,54,169197
37768,0.000112,74.125.24.0-255,1484,13507,54,169197
37769,0.000114,172.31.46.0-255,66,13573,54,169197
37770,0.000126,74.125.24.0-255,1125,14698,54,169197
37771,0.000128,172.31.46.0-255,66,14764,54,169197
37772,0.000316,74.125.24.0-255,1484,16248,54,169197
37773,0.000322,172.31.46.0-255,66,16314,54,169197
37774,0.000328,74.125.24.0-255,2902,19216,54,169197
37775,0.00033,172.31.46.0-255,66,19282,54,169197
37776,0.000337,74.125.24.0-255,5738,25020,54,169197
37777,0.00034,172.31.46.0-255,66,25086,54,169197
37778,0.000375,74.125.24.0-255,5738,30824,54,169197
37779,0.000379,172.31.46.0-255,66,30890,54,169197
37780,0.00042,172.31.46.0-255,66,30956,54,169197
37781,0.000431,172.31.46.0-255,66,31022,54,169197
37782,0.000451,74.125.24.0-255,330,31352,54,169197
37783,0.000453,172.31.46.0-255,66,31418,54,169197
37784,0.001339,74.125.24.0-255,1484,32902,54,169197
37785,0.001346,172.31.46.0-255,66,32968,54,169197
37786,0.001356,74.125.24.0-255,2902,35870,54,169197
37787,0.001358,172.31.46.0-255,66,35936,54,169197
37788,0.001365,74.125.24.0-255,5738,41674,54,169197
37789,0.001368,172.31.46.0-255,66,41740,54,169197
37790,0.001402,172.31.46.0-255,66,41806,54,169197
37791,0.001429,172.31.46.0-255,66,41872,54,169197
37792,0.001458,74.125.24.0-255,5020,46892,54,169197
37793,0.001461,172.31.46.0-255,66,46958,54,169197
37794,0.001469,74.125.24.0-255,7156,54114,54,169197
37795,0.001471,172.31.46.0-255,66,54180,54,169197
37796,0.001478,74.125.24.0-255,5738,59918,54,169197
37797,0.00148,172.31.46.0-255,66,59984,54,169197
37798,0.001512,172.31.46.0-255,66,60050,54,169197
37799,0.001527,74.125.24.0-255,2902,62952,54,169197
37800,0.001529,172.31.46.0-255,66,63018,54,169197
37801,0.001532,74.125.24.0-255,766,63784,54,169197
37802,0.001536,74.125.24.0-255,1484,65268,54,169197
37803,0.001538,172.31.46.0-255,66,65334,54,169197
37804,0.001543,74.125.24.0-255,2902,68236,54,169197
37805,0.001546,172.31.46.0-255,66,68302,54,169197
37806,0.001608,74.125.24.0-255,5738,74040,54,169197
37807,0.001612,172.31.46.0-255,66,74106,54,169197
37808,0.001626,172.31.46.0-255,66,74172,54,169197
37809,0.001637,172.31.46.0-255,66,74238,54,169197
37810,0.00164,74.125.24.0-255,766,75004,54,169197
37811,0.001689,74.125.24.0-255,1484,76488,54,169197
37812,0.001692,172.31.46.0-255,66,76554,54,169197
37813,0.001697,74.125.24.0-255,1484,78038,54,169197
37814,0.001711,74.125.24.0-255,1484,79522,54,169197
37815,0.001713,172.31.46.0-255,66,79588,54,169197
37816,0.00172,74.125.24.0-255,5738,85326,54,169197
37817,0.001722,172.31.46.0-255,66,85392,54,169197
37818,0.001753,172.31.46.0-255,66,85458,54,169197
37819,0.001773,74.125.24.0-255,2902,88360,54,169197
37820,0.001775,172.31.46.0-255,66,88426,54,169197
37821,0.001782,74.125.24.0-255,7156,95582,54,169197
37822,0.001785,172.31.46.0-255,66,95648,54,169197
37823,0.001816,74.125.24.0-255,3602,99250,54,169197
37824,0.001819,172.31.46.0-255,66,99316,54,169197
37825,0.004098,74.125.24.0-255,1484,100800,54,169197
37826,0.00413,74.125.24.0-255,4320,105120,54,169197
37827,0.004134,172.31.46.0-255,66,105186,54,169197
37828,0.00644,74.125.24.0-255,5738,110924,54,169197
37829,0.006447,172.31.46.0-255,66,110990,54,169197
37830,0.008779,74.125.24.0-255,5738,116728,54,169197
37831,0.008786,172.31.46.0-255,66,116794,54,169197
37832,0.011121,74.125.24.0-255,5738,122532,54,169197
37833,0.01113,172.31.46.0-255,66,122598,54,169197
37834,0.012166,172.31.46.0-255,101,122699,54,169197
37835,0.013461,74.125.24.0-255,5738,128437,54,169197
37836,0.013471,172.31.46.0-255,66,128503,54,169197
37837,0.014445,74.125.24.0-255,66,128569,54,169197
37838,0.015787,74.125.24.0-255,5738,134307,54,169197
37839,0.015795,172.31.46.0-255,66,134373,54,169197
37840,0.01811,74.125.24.0-255,5738,140111,54,169197
37841,0.018116,172.31.46.0-255,66,140177,54,169197
37842,0.020447,74.125.24.0-255,5738,145915,54,169197
37843,0.020455,172.31.46.0-255,66,145981,54,169197
37844,0.022785,74.125.24.0-255,5738,151719,54,169197
37845,0.022791,172.31.46.0-255,66,151785,54,169197
37846,0.025117,74.125.24.0-255,5738,157523,54,169197
37847,0.025126,172.31.46.0-255,66,157589,54,169197
37848,0.027458,74.125.24.0-255,5738,163327,54,169197
37849,0.027465,172.31.46.0-255,66,163393,54,169197
37850,0.0298,74.125.24.0-255,5738,169131,54,169197
37851,0.029807,172.31.46.0-255,66,169197,54,169197
37852,0.0,172.217.27.0-255,152,152,54,196901
37853,2e-05,172.31.46.0-255,66,218,54,196901
37854,2.7e-05,172.217.27.0-255,1484,1702,54,196901
37855,3.2e-05,172.31.46.0-255,66,1768,54,196901
37856,3.6e-05,172.217.27.0-255,1484,3252,54,196901
37857,3.9e-05,172.31.46.0-255,66,3318,54,196901
37858,6e-05,172.217.27.0-255,1484,4802,54,196901
37859,6.3e-05,172.31.46.0-255,66,4868,54,196901
37860,6.8e-05,172.217.27.0-255,2902,7770,54,196901
37861,7.1e-05,172.31.46.0-255,66,7836,54,196901
37862,9.7e-05,172.217.27.0-255,4320,12156,54,196901
37863,0.0001,172.31.46.0-255,66,12222,54,196901
37864,0.00017,172.217.27.0-255,1973,14195,54,196901
37865,0.000174,172.31.46.0-255,66,14261,54,196901
37866,0.000191,172.217.27.0-255,1484,15745,54,196901
37867,0.000193,172.31.46.0-255,66,15811,54,196901
37868,0.00023,172.31.46.0-255,66,15877,54,196901
37869,0.000328,172.217.27.0-255,5379,21256,54,196901
37870,0.000332,172.31.46.0-255,66,21322,54,196901
37871,0.000346,172.217.27.0-255,1484,22806,54,196901
37872,0.000348,172.31.46.0-255,66,22872,54,196901
37873,0.000359,172.217.27.0-255,1484,24356,54,196901
37874,0.000361,172.31.46.0-255,66,24422,54,196901
37875,0.000405,172.31.46.0-255,66,24488,54,196901
37876,0.000654,172.217.27.0-255,1484,25972,54,196901
37877,0.000659,172.31.46.0-255,66,26038,54,196901
37878,0.000665,172.217.27.0-255,2902,28940,54,196901
37879,0.000667,172.31.46.0-255,66,29006,54,196901
37880,0.000698,172.217.27.0-255,1484,30490,54,196901
37881,0.0007,172.31.46.0-255,66,30556,54,196901
37882,0.000719,172.217.27.0-255,2902,33458,54,196901
37883,0.000722,172.31.46.0-255,66,33524,54,196901
37884,0.000752,172.217.27.0-255,4320,37844,54,196901
37885,0.000755,172.31.46.0-255,66,37910,54,196901
37886,0.000775,172.217.27.0-255,3961,41871,54,196901
37887,0.000778,172.31.46.0-255,66,41937,54,196901
37888,0.000827,172.217.27.0-255,1484,43421,54,196901
37889,0.000833,172.217.27.0-255,2902,46323,54,196901
37890,0.000835,172.31.46.0-255,66,46389,54,196901
37891,0.000879,172.217.27.0-255,5738,52127,54,196901
37892,0.000882,172.31.46.0-255,66,52193,54,196901
37893,0.000928,172.217.27.0-255,4320,56513,54,196901
37894,0.000931,172.31.46.0-255,66,56579,54,196901
37895,0.00095,172.217.27.0-255,2543,59122,54,196901
37896,0.000952,172.31.46.0-255,66,59188,54,196901
37897,0.000994,172.217.27.0-255,2902,62090,54,196901
37898,0.000997,172.31.46.0-255,66,62156,54,196901
37899,0.001029,172.31.46.0-255,66,62222,54,196901
37900,0.001153,172.217.27.0-255,4320,66542,54,196901
37901,0.001157,172.31.46.0-255,66,66608,54,196901
37902,0.001186,172.31.46.0-255,66,66674,54,196901
37903,0.00121,172.217.27.0-255,4905,71579,54,196901
37904,0.001215,172.31.46.0-255,66,71645,54,196901
37905,0.001354,172.217.27.0-255,198,71843,54,196901
37906,0.001503,172.217.27.0-255,1484,73327,54,196901
37907,0.001508,172.31.46.0-255,66,73393,54,196901
37908,0.001514,172.217.27.0-255,2902,76295,54,196901
37909,0.001516,172.31.46.0-255,66,76361,54,196901
37910,0.001529,172.217.27.0-255,2902,79263,54,196901
37911,0.001531,172.31.46.0-255,66,79329,54,196901
37912,0.001555,172.217.27.0-255,2902,82231,54,196901
37913,0.001557,172.31.46.0-255,66,82297,54,196901
37914,0.001576,172.217.27.0-255,2902,85199,54,196901
37915,0.001578,172.31.46.0-255,66,85265,54,196901
37916,0.001598,172.217.27.0-255,4320,89585,54,196901
37917,0.0016,172.31.46.0-255,66,89651,54,196901
37918,0.00164,172.217.27.0-255,5738,95389,54,196901
37919,0.001643,172.31.46.0-255,66,95455,54,196901
37920,0.001665,172.217.27.0-255,4320,99775,54,196901
37921,0.001668,172.31.46.0-255,66,99841,54,196901
37922,0.001713,172.217.27.0-255,4320,104161,54,196901
37923,0.001716,172.31.46.0-255,66,104227,54,196901
37924,0.001736,172.217.27.0-255,2184,106411,54,196901
37925,0.001739,172.31.46.0-255,66,106477,54,196901
37926,0.003369,172.217.27.0-255,2902,109379,54,196901
37927,0.003376,172.31.46.0-255,66,109445,54,196901
37928,0.003397,172.217.27.0-255,2902,112347,54,196901
37929,0.003399,172.31.46.0-255,66,112413,54,196901
37930,0.005024,172.217.27.0-255,2902,115315,54,196901
37931,0.005026,172.31.46.0-255,66,115381,54,196901
37932,0.005042,172.217.27.0-255,2902,118283,54,196901
37933,0.005045,172.31.46.0-255,66,118349,54,196901
37934,0.006675,172.217.27.0-255,4320,122669,54,196901
37935,0.006681,172.31.46.0-255,66,122735,54,196901
37936,0.0067,172.217.27.0-255,1484,124219,54,196901
37937,0.008364,172.217.27.0-255,4320,128539,54,196901
37938,0.008377,172.31.46.0-255,66,128605,54,196901
37939,0.010029,172.217.27.0-255,5738,134343,54,196901
37940,0.01004,172.31.46.0-255,66,134409,54,196901
37941,0.0117,172.217.27.0-255,5738,140147,54,196901
37942,0.011708,172.31.46.0-255,66,140213,54,196901
37943,0.013375,172.217.27.0-255,5738,145951,54,196901
37944,0.013383,172.31.46.0-255,66,146017,54,196901
37945,0.01504,172.217.27.0-255,5738,151755,54,196901
37946,0.015048,172.31.46.0-255,66,151821,54,196901
37947,0.01675,172.217.27.0-255,5738,157559,54,196901
37948,0.01676,172.31.46.0-255,66,157625,54,196901
37949,0.018414,172.217.27.0-255,5738,163363,54,196901
37950,0.018421,172.31.46.0-255,66,163429,54,196901
37951,0.020082,172.217.27.0-255,5738,169167,54,196901
37952,0.02009,172.31.46.0-255,66,169233,54,196901
37953,0.021744,172.217.27.0-255,5738,174971,54,196901
37954,0.021752,172.31.46.0-255,66,175037,54,196901
37955,0.023414,172.217.27.0-255,5738,180775,54,196901
37956,0.023421,172.31.46.0-255,66,180841,54,196901
37957,0.025076,172.217.27.0-255,5738,186579,54,196901
37958,0.025084,172.31.46.0-255,66,186645,54,196901
37959,0.026744,172.217.27.0-255,4320,190965,54,196901
37960,0.026753,172.31.46.0-255,66,191031,54,196901
37961,0.026808,172.217.27.0-255,1484,192515,54,196901
37962,0.028504,172.217.27.0-255,4320,196835,54,196901
37963,0.028511,172.31.46.0-255,66,196901,54,196901
37964,0.0,74.125.24.0-255,153,153,54,230623
37965,2.3e-05,172.31.46.0-255,66,219,54,230623
37966,2.9e-05,74.125.24.0-255,1484,1703,54,230623
37967,3.4e-05,172.31.46.0-255,66,1769,54,230623
37968,4.7e-05,74.125.24.0-255,2902,4671,54,230623
37969,5.2e-05,172.31.46.0-255,66,4737,54,230623
37970,6e-05,74.125.24.0-255,7156,11893,54,230623
37971,6.3e-05,172.31.46.0-255,66,11959,54,230623
37972,6.7e-05,74.125.24.0-255,2074,14033,54,230623
37973,7e-05,172.31.46.0-255,66,14099,54,230623
37974,9.5e-05,74.125.24.0-255,2902,17001,54,230623
37975,9.9e-05,172.31.46.0-255,66,17067,54,230623
37976,0.000109,74.125.24.0-255,4320,21387,54,230623
37977,0.000111,172.31.46.0-255,66,21453,54,230623
37978,0.000144,74.125.24.0-255,7156,28609,54,230623
37979,0.000147,172.31.46.0-255,66,28675,54,230623
37980,0.000166,74.125.24.0-255,1484,30159,54,230623
37981,0.000168,172.31.46.0-255,66,30225,54,230623
37982,0.000172,74.125.24.0-255,1125,31350,54,230623
37983,0.000173,172.31.46.0-255,66,31416,54,230623
37984,0.00049,74.125.24.0-255,1484,32900,54,230623
37985,0.000496,172.31.46.0-255,66,32966,54,230623
37986,0.000502,74.125.24.0-255,2902,35868,54,230623
37987,0.000504,172.31.46.0-255,66,35934,54,230623
37988,0.000507,74.125.24.0-255,1484,37418,54,230623
37989,0.000515,172.31.46.0-255,66,37484,54,230623
37990,0.000549,74.125.24.0-255,4320,41804,54,230623
37991,0.000552,172.31.46.0-255,66,41870,54,230623
37992,0.000558,74.125.24.0-255,5738,47608,54,230623
37993,0.000561,172.31.46.0-255,66,47674,54,230623
37994,0.000583,74.125.24.0-255,1125,48799,54,230623
37995,0.000586,172.31.46.0-255,66,48865,54,230623
37996,0.001284,74.125.24.0-255,1484,50349,54,230623
37997,0.001315,74.125.24.0-255,2902,53251,54,230623
37998,0.00132,172.31.46.0-255,66,53317,54,230623
37999,0.001324,74.125.24.0-255,1484,54801,54,230623
38000,0.001351,74.125.24.0-255,4320,59121,54,230623
38001,0.001353,172.31.46.0-255,66,59187,54,230623
38002,0.001361,74.125.24.0-255,6797,65984,54,230623
38003,0.001363,172.31.46.0-255,66,66050,54,230623
38004,0.00139,74.125.24.0-255,5738,71788,54,230623
38005,0.001392,172.31.46.0-255,66,71854,54,230623
38006,0.001426,172.31.46.0-255,66,71920,54,230623
38007,0.001438,172.31.46.0-255,66,71986,54,230623
38008,0.00149,172.31.46.0-255,66,72052,54,230623
38009,0.001492,74.125.24.0-255,645,72697,54,230623
38010,0.001577,74.125.24.0-255,1484,74181,54,230623
38011,0.001581,172.31.46.0-255,66,74247,54,230623
38012,0.001585,74.125.24.0-255,2902,77149,54,230623
38013,0.001588,172.31.46.0-255,66,77215,54,230623
38014,0.001618,74.125.24.0-255,5738,82953,54,230623
38015,0.001621,172.31.46.0-255,66,83019,54,230623
38016,0.001649,74.125.24.0-255,7156,90175,54,230623
38017,0.001652,172.31.46.0-255,66,90241,54,230623
38018,0.001679,74.125.24.0-255,7156,97397,54,230623
38019,0.001682,172.31.46.0-255,66,97463,54,230623
38020,0.0017,74.125.24.0-255,1484,98947,54,230623
38021,0.001703,74.125.24.0-255,1484,100431,54,230623
38022,0.001706,172.31.46.0-255,66,100497,54,230623
38023,0.001727,74.125.24.0-255,6438,106935,54,230623
38024,0.00173,172.31.46.0-255,66,107001,54,230623
38025,0.001767,74.125.24.0-255,1484,108485,54,230623
38026,0.001772,74.125.24.0-255,2902,111387,54,230623
38027,0.001774,172.31.46.0-255,66,111453,54,230623
38028,0.001777,74.125.24.0-255,1484,112937,54,230623
38029,0.001801,74.125.24.0-255,4320,117257,54,230623
38030,0.001804,172.31.46.0-255,66,117323,54,230623
38031,0.001816,172.31.46.0-255,66,117389,54,230623
38032,0.001845,74.125.24.0-255,2902,120291,54,230623
38033,0.001848,172.31.46.0-255,66,120357,54,230623
38034,0.001859,172.31.46.0-255,66,120423,54,230623
38035,0.001894,172.31.46.0-255,66,120489,54,230623
38036,0.001907,172.31.46.0-255,66,120555,54,230623
38037,0.001962,172.31.46.0-255,66,120621,54,230623
38038,0.00198,74.125.24.0-255,3602,124223,54,230623
38039,0.001982,172.31.46.0-255,66,124289,54,230623
38040,0.002036,74.125.24.0-255,2902,127191,54,230623
38041,0.002039,172.31.46.0-255,66,127257,54,230623
38042,0.002073,172.31.46.0-255,66,127323,54,230623
38043,0.002079,74.125.24.0-255,5738,133061,54,230623
38044,0.002082,172.31.46.0-255,66,133127,54,230623
38045,0.002112,74.125.24.0-255,7156,140283,54,230623
38046,0.002115,172.31.46.0-255,66,140349,54,230623
38047,0.002123,74.125.24.0-255,7156,147505,54,230623
38048,0.002125,172.31.46.0-255,66,147571,54,230623
38049,0.002154,74.125.24.0-255,2184,149755,54,230623
38050,0.002156,172.31.46.0-255,66,149821,54,230623
38051,0.00219,172.31.46.0-255,66,149887,54,230623
38052,0.002212,172.31.46.0-255,66,149953,54,230623
38053,0.002242,74.125.24.0-255,1484,151437,54,230623
38054,0.00225,74.125.24.0-255,6438,157875,54,230623
38055,0.002253,172.31.46.0-255,66,157941,54,230623
38056,0.002257,74.125.24.0-255,2902,160843,54,230623
38057,0.002259,172.31.46.0-255,66,160909,54,230623
38058,0.002326,172.31.46.0-255,66,160975,54,230623
38059,0.004575,74.125.24.0-255,5738,166713,54,230623
38060,0.004584,172.31.46.0-255,66,166779,54,230623
38061,0.006854,74.125.24.0-255,5738,172517,54,230623
38062,0.00686,172.31.46.0-255,66,172583,54,230623
38063,0.009127,74.125.24.0-255,5738,178321,54,230623
38064,0.009132,172.31.46.0-255,66,178387,54,230623
38065,0.01139,74.125.24.0-255,5738,184125,54,230623
38066,0.011398,172.31.46.0-255,66,184191,54,230623
38067,0.013651,74.125.24.0-255,5738,189929,54,230623
38068,0.013658,172.31.46.0-255,66,189995,54,230623
38069,0.015912,74.125.24.0-255,5738,195733,54,230623
38070,0.015922,172.31.46.0-255,66,195799,54,230623
38071,0.018196,74.125.24.0-255,5738,201537,54,230623
38072,0.018204,172.31.46.0-255,66,201603,54,230623
38073,0.020476,74.125.24.0-255,5738,207341,54,230623
38074,0.020484,172.31.46.0-255,66,207407,54,230623
38075,0.022762,74.125.24.0-255,5738,213145,54,230623
38076,0.02277,172.31.46.0-255,66,213211,54,230623
38077,0.02502,74.125.24.0-255,5738,218949,54,230623
38078,0.025029,172.31.46.0-255,66,219015,54,230623
38079,0.027291,74.125.24.0-255,5738,224753,54,230623
38080,0.027299,172.31.46.0-255,66,224819,54,230623
38081,0.029566,74.125.24.0-255,5738,230557,54,230623
38082,0.029573,172.31.46.0-255,66,230623,54,230623
38083,0.0,74.125.200.0-255,290,290,54,95298
38084,2.3e-05,172.31.46.0-255,66,356,54,95298
38085,3e-05,74.125.200.0-255,1484,1840,54,95298
38086,3.5e-05,172.31.46.0-255,66,1906,54,95298
38087,5.5e-05,74.125.200.0-255,4320,6226,54,95298
38088,5.8e-05,172.31.46.0-255,66,6292,54,95298
38089,0.000247,172.31.46.0-255,66,6358,54,95298
38090,0.00056,172.31.46.0-255,66,6424,54,95298
38091,0.000589,74.125.200.0-255,5738,12162,54,95298
38092,0.000592,172.31.46.0-255,66,12228,54,95298
38093,0.001188,172.31.46.0-255,66,12294,54,95298
38094,0.001221,172.31.46.0-255,66,12360,54,95298
38095,0.002135,74.125.200.0-255,5738,18098,54,95298
38096,0.002142,172.31.46.0-255,66,18164,54,95298
38097,0.00218,172.31.46.0-255,66,18230,54,95298
38098,0.003042,172.31.46.0-255,66,18296,54,95298
38099,0.003073,172.31.46.0-255,66,18362,54,95298
38100,0.004022,172.31.46.0-255,66,18428,54,95298
38101,0.004045,74.125.200.0-255,7156,25584,54,95298
38102,0.004048,172.31.46.0-255,66,25650,54,95298
38103,0.006028,74.125.200.0-255,5738,31388,54,95298
38104,0.006037,172.31.46.0-255,66,31454,54,95298
38105,0.008007,74.125.200.0-255,5738,37192,54,95298
38106,0.008017,172.31.46.0-255,66,37258,54,95298
38107,0.009995,74.125.200.0-255,5738,42996,54,95298
38108,0.010258,172.31.46.0-255,66,43062,54,95298
38109,0.012255,74.125.200.0-255,5738,48800,54,95298
38110,0.012262,172.31.46.0-255,66,48866,54,95298
38111,0.014241,74.125.200.0-255,5738,54604,54,95298
38112,0.014251,172.31.46.0-255,66,54670,54,95298
38113,0.01623,74.125.200.0-255,5738,60408,54,95298
38114,0.016238,172.31.46.0-255,66,60474,54,95298
38115,0.018209,74.125.200.0-255,5738,66212,54,95298
38116,0.018216,172.31.46.0-255,66,66278,54,95298
38117,0.020191,74.125.200.0-255,5738,72016,54,95298
38118,0.020198,172.31.46.0-255,66,72082,54,95298
38119,0.022172,74.125.200.0-255,5738,77820,54,95298
38120,0.022178,172.31.46.0-255,66,77886,54,95298
38121,0.024135,74.125.200.0-255,5738,83624,54,95298
38122,0.024142,172.31.46.0-255,66,83690,54,95298
38123,0.02611,74.125.200.0-255,5738,89428,54,95298
38124,0.026116,172.31.46.0-255,66,89494,54,95298
38125,0.028079,74.125.200.0-255,5738,95232,54,95298
38126,0.028087,172.31.46.0-255,66,95298,54,95298
38127,0.0,74.125.24.0-255,153,153,54,183767
38128,2.1e-05,172.31.46.0-255,66,219,54,183767
38129,2.7e-05,74.125.24.0-255,1484,1703,54,183767
38130,3.2e-05,172.31.46.0-255,66,1769,54,183767
38131,4.3e-05,74.125.24.0-255,2902,4671,54,183767
38132,4.6e-05,172.31.46.0-255,66,4737,54,183767
38133,5.3e-05,74.125.24.0-255,7156,11893,54,183767
38134,5.6e-05,172.31.46.0-255,66,11959,54,183767
38135,6e-05,74.125.24.0-255,2083,14042,54,183767
38136,6.2e-05,172.31.46.0-255,66,14108,54,183767
38137,9.5e-05,74.125.24.0-255,2902,17010,54,183767
38138,9.9e-05,172.31.46.0-255,66,17076,54,183767
38139,0.000106,74.125.24.0-255,7156,24232,54,183767
38140,0.000109,172.31.46.0-255,66,24298,54,183767
38141,0.000119,74.125.24.0-255,6797,31095,54,183767
38142,0.000121,172.31.46.0-255,66,31161,54,183767
38143,0.000334,74.125.24.0-255,1484,32645,54,183767
38144,0.00034,172.31.46.0-255,66,32711,54,183767
38145,0.000367,74.125.24.0-255,2902,35613,54,183767
38146,0.000369,172.31.46.0-255,66,35679,54,183767
38147,0.000375,74.125.24.0-255,5738,41417,54,183767
38148,0.000377,172.31.46.0-255,66,41483,54,183767
38149,0.000384,74.125.24.0-255,1484,42967,54,183767
38150,0.000385,172.31.46.0-255,66,43033,54,183767
38151,0.000421,172.31.46.0-255,66,43099,54,183767
38152,0.000449,74.125.24.0-255,3961,47060,54,183767
38153,0.000452,172.31.46.0-255,66,47126,54,183767
38154,0.000462,172.31.46.0-255,66,47192,54,183767
38155,0.000756,74.125.24.0-255,647,47839,54,183767
38156,0.00076,172.31.46.0-255,66,47905,54,183767
38157,0.000894,74.125.24.0-255,1484,49389,54,183767
38158,0.0009,74.125.24.0-255,2902,52291,54,183767
38159,0.000903,172.31.46.0-255,66,52357,54,183767
38160,0.000906,74.125.24.0-255,1484,53841,54,183767
38161,0.000933,74.125.24.0-255,4320,58161,54,183767
38162,0.000936,172.31.46.0-255,66,58227,54,183767
38163,0.00094,74.125.24.0-255,4320,62547,54,183767
38164,0.000942,172.31.46.0-255,66,62613,54,183767
38165,0.000945,74.125.24.0-255,1484,64097,54,183767
38166,0.000973,172.31.46.0-255,66,64163,54,183767
38167,0.000982,172.31.46.0-255,66,64229,54,183767
38168,0.00139,74.125.24.0-255,1484,65713,54,183767
38169,0.001398,74.125.24.0-255,2902,68615,54,183767
38170,0.001402,172.31.46.0-255,66,68681,54,183767
38171,0.001409,74.125.24.0-255,5738,74419,54,183767
38172,0.001411,172.31.46.0-255,66,74485,54,183767
38173,0.001436,74.125.24.0-255,5738,80223,54,183767
38174,0.001438,172.31.46.0-255,66,80289,54,183767
38175,0.00145,74.125.24.0-255,4320,84609,54,183767
38176,0.001452,172.31.46.0-255,66,84675,54,183767
38177,0.001482,74.125.24.0-255,4320,88995,54,183767
38178,0.001485,172.31.46.0-255,66,89061,54,183767
38179,0.001523,172.31.46.0-255,66,89127,54,183767
38180,0.001712,74.125.24.0-255,1484,90611,54,183767
38181,0.001718,74.125.24.0-255,2902,93513,54,183767
38182,0.001722,172.31.46.0-255,66,93579,54,183767
38183,0.001727,74.125.24.0-255,2902,96481,54,183767
38184,0.001729,172.31.46.0-255,66,96547,54,183767
38185,0.001749,74.125.24.0-255,2902,99449,54,183767
38186,0.001751,172.31.46.0-255,66,99515,54,183767
38187,0.001786,172.31.46.0-255,66,99581,54,183767
38188,0.001823,74.125.24.0-255,4320,103901,54,183767
38189,0.001826,172.31.46.0-255,66,103967,54,183767
38190,0.00184,172.31.46.0-255,66,104033,54,183767
38191,0.003884,74.125.24.0-255,5738,109771,54,183767
38192,0.003892,172.31.46.0-255,66,109837,54,183767
38193,0.00595,74.125.24.0-255,5738,115575,54,183767
38194,0.005954,172.31.46.0-255,66,115641,54,183767
38195,0.008004,74.125.24.0-255,5738,121379,54,183767
38196,0.008011,172.31.46.0-255,66,121445,54,183767
38197,0.010055,74.125.24.0-255,5738,127183,54,183767
38198,0.010062,172.31.46.0-255,66,127249,54,183767
38199,0.012115,74.125.24.0-255,5738,132987,54,183767
38200,0.012122,172.31.46.0-255,66,133053,54,183767
38201,0.014196,74.125.24.0-255,5738,138791,54,183767
38202,0.014203,172.31.46.0-255,66,138857,54,183767
38203,0.016268,74.125.24.0-255,5738,144595,54,183767
38204,0.016279,172.31.46.0-255,66,144661,54,183767
38205,0.018333,74.125.24.0-255,5738,150399,54,183767
38206,0.018344,172.31.46.0-255,66,150465,54,183767
38207,0.02038,74.125.24.0-255,5738,156203,54,183767
38208,0.020387,172.31.46.0-255,66,156269,54,183767
38209,0.022434,74.125.24.0-255,5738,162007,54,183767
38210,0.022442,172.31.46.0-255,66,162073,54,183767
38211,0.02449,74.125.24.0-255,5738,167811,54,183767
38212,0.024498,172.31.46.0-255,66,167877,54,183767
38213,0.026562,74.125.24.0-255,5738,173615,54,183767
38214,0.026568,172.31.46.0-255,66,173681,54,183767
38215,0.028066,172.31.46.0-255,172,173853,54,183767
38216,0.028097,172.31.46.0-255,1119,174972,54,183767
38217,0.02815,172.31.46.0-255,1514,176486,54,183767
38218,0.028152,172.31.46.0-255,1279,177765,54,183767
38219,0.028605,74.125.24.0-255,5738,183503,54,183767
38220,0.028612,172.31.46.0-255,66,183569,54,183767
38221,0.029607,104.244.42.0-255,66,183635,54,183767
38222,0.029647,104.244.42.0-255,66,183701,54,183767
38223,0.029677,104.244.42.0-255,66,183767,54,183767
38224,0.0,74.125.200.0-255,150,150,54,333889
38225,1.6e-05,172.31.46.0-255,66,216,54,333889
38226,2.2e-05,74.125.200.0-255,1484,1700,54,333889
38227,2.7e-05,172.31.46.0-255,66,1766,54,333889
38228,3.4e-05,74.125.200.0-255,2902,4668,54,333889
38229,3.7e-05,172.31.46.0-255,66,4734,54,333889
38230,4e-05,74.125.200.0-255,1484,6218,54,333889
38231,4.3e-05,172.31.46.0-255,66,6284,54,333889
38232,4.8e-05,74.125.200.0-255,2902,9186,54,333889
38233,5e-05,172.31.46.0-255,66,9252,54,333889
38234,9.5e-05,74.125.200.0-255,4908,14160,54,333889
38235,9.8e-05,172.31.46.0-255,66,14226,54,333889
38236,0.000104,74.125.200.0-255,4320,18546,54,333889
38237,0.000106,172.31.46.0-255,66,18612,54,333889
38238,0.00012,74.125.200.0-255,1484,20096,54,333889
38239,0.000123,172.31.46.0-255,66,20162,54,333889
38240,0.000138,74.125.200.0-255,5738,25900,54,333889
38241,0.00014,172.31.46.0-255,66,25966,54,333889
38242,0.000144,74.125.200.0-255,1484,27450,54,333889
38243,0.000146,172.31.46.0-255,66,27516,54,333889
38244,0.000174,74.125.200.0-255,5738,33254,54,333889
38245,0.000176,172.31.46.0-255,66,33320,54,333889
38246,0.000209,172.31.46.0-255,66,33386,54,333889
38247,0.000229,74.125.200.0-255,2902,36288,54,333889
38248,0.000232,172.31.46.0-255,66,36354,54,333889
38249,0.000237,74.125.200.0-255,2184,38538,54,333889
38250,0.000239,172.31.46.0-255,66,38604,54,333889
38251,0.000273,74.125.200.0-255,2902,41506,54,333889
38252,0.000276,172.31.46.0-255,66,41572,54,333889
38253,0.000279,74.125.200.0-255,1484,43056,54,333889
38254,0.000281,172.31.46.0-255,66,43122,54,333889
38255,0.000297,74.125.200.0-255,2902,46024,54,333889
38256,0.0003,172.31.46.0-255,66,46090,54,333889
38257,0.000331,74.125.200.0-255,5738,51828,54,333889
38258,0.000334,172.31.46.0-255,66,51894,54,333889
38259,0.000372,74.125.200.0-255,2902,54796,54,333889
38260,0.000375,172.31.46.0-255,66,54862,54,333889
38261,0.000392,74.125.200.0-255,1402,56264,54,333889
38262,0.000457,74.125.200.0-255,1484,57748,54,333889
38263,0.000461,172.31.46.0-255,66,57814,54,333889
38264,0.000466,74.125.200.0-255,2902,60716,54,333889
38265,0.000468,172.31.46.0-255,66,60782,54,333889
38266,0.000482,74.125.200.0-255,4320,65102,54,333889
38267,0.000484,172.31.46.0-255,66,65168,54,333889
38268,0.0005,74.125.200.0-255,1484,66652,54,333889
38269,0.000504,74.125.200.0-255,1484,68136,54,333889
38270,0.000505,172.31.46.0-255,66,68202,54,333889
38271,0.00051,74.125.200.0-255,2902,71104,54,333889
38272,0.000512,172.31.46.0-255,66,71170,54,333889
38273,0.000538,74.125.200.0-255,5738,76908,54,333889
38274,0.000542,172.31.46.0-255,66,76974,54,333889
38275,0.000561,74.125.200.0-255,1168,78142,54,333889
38276,0.000568,74.125.200.0-255,5738,83880,54,333889
38277,0.00057,172.31.46.0-255,66,83946,54,333889
38278,0.000605,74.125.200.0-255,1484,85430,54,333889
38279,0.000623,74.125.200.0-255,5379,90809,54,333889
38280,0.000626,172.31.46.0-255,66,90875,54,333889
38281,0.000703,74.125.200.0-255,1484,92359,54,333889
38282,0.000708,74.125.200.0-255,1484,93843,54,333889
38283,0.00071,172.31.46.0-255,66,93909,54,333889
38284,0.00073,74.125.200.0-255,1484,95393,54,333889
38285,0.000735,74.125.200.0-255,2902,98295,54,333889
38286,0.000738,172.31.46.0-255,66,98361,54,333889
38287,0.000759,74.125.200.0-255,2902,101263,54,333889
38288,0.000762,172.31.46.0-255,66,101329,54,333889
38289,0.000766,74.125.200.0-255,2902,104231,54,333889
38290,0.000768,172.31.46.0-255,66,104297,54,333889
38291,0.000774,74.125.200.0-255,4320,108617,54,333889
38292,0.000776,172.31.46.0-255,66,108683,54,333889
38293,0.000805,74.125.200.0-255,5738,114421,54,333889
38294,0.000809,172.31.46.0-255,66,114487,54,333889
38295,0.000837,74.125.200.0-255,1484,115971,54,333889
38296,0.000865,172.31.46.0-255,66,116037,54,333889
38297,0.001206,74.125.200.0-255,1484,117521,54,333889
38298,0.001223,74.125.200.0-255,2902,120423,54,333889
38299,0.001228,172.31.46.0-255,66,120489,54,333889
38300,0.00125,74.125.200.0-255,5738,126227,54,333889
38301,0.001253,172.31.46.0-255,66,126293,54,333889
38302,0.001286,74.125.200.0-255,7156,133449,54,333889
38303,0.001288,172.31.46.0-255,66,133515,54,333889
38304,0.001309,74.125.200.0-255,2902,136417,54,333889
38305,0.001312,172.31.46.0-255,66,136483,54,333889
38306,0.001325,172.31.46.0-255,66,136549,54,333889
38307,0.001338,74.125.200.0-255,2184,138733,54,333889
38308,0.001341,172.31.46.0-255,66,138799,54,333889
38309,0.001533,74.125.200.0-255,1484,140283,54,333889
38310,0.00154,74.125.200.0-255,1484,141767,54,333889
38311,0.001544,172.31.46.0-255,66,141833,54,333889
38312,0.001566,74.125.200.0-255,1484,143317,54,333889
38313,0.001572,74.125.200.0-255,2902,146219,54,333889
38314,0.001574,172.31.46.0-255,66,146285,54,333889
38315,0.001579,74.125.200.0-255,4320,150605,54,333889
38316,0.001582,172.31.46.0-255,66,150671,54,333889
38317,0.001593,172.31.46.0-255,66,150737,54,333889
38318,0.001604,172.31.46.0-255,66,150803,54,333889
38319,0.001622,74.125.200.0-255,3602,154405,54,333889
38320,0.001624,172.31.46.0-255,66,154471,54,333889
38321,0.00167,74.125.200.0-255,1484,155955,54,333889
38322,0.001673,74.125.200.0-255,1484,157439,54,333889
38323,0.001676,172.31.46.0-255,66,157505,54,333889
38324,0.001691,74.125.200.0-255,1484,158989,54,333889
38325,0.001706,74.125.200.0-255,1484,160473,54,333889
38326,0.001709,172.31.46.0-255,66,160539,54,333889
38327,0.001732,74.125.200.0-255,4320,164859,54,333889
38328,0.001734,172.31.46.0-255,66,164925,54,333889
38329,0.001737,74.125.200.0-255,1484,166409,54,333889
38330,0.001784,74.125.200.0-255,4320,170729,54,333889
38331,0.001787,172.31.46.0-255,66,170795,54,333889
38332,0.001803,74.125.200.0-255,2902,173697,54,333889
38333,0.001806,172.31.46.0-255,66,173763,54,333889
38334,0.001826,74.125.200.0-255,1484,175247,54,333889
38335,0.001831,74.125.200.0-255,2902,178149,54,333889
38336,0.001834,172.31.46.0-255,66,178215,54,333889
38337,0.001839,74.125.200.0-255,4320,182535,54,333889
38338,0.001841,172.31.46.0-255,66,182601,54,333889
38339,0.001844,74.125.200.0-255,1484,184085,54,333889
38340,0.00187,74.125.200.0-255,5020,189105,54,333889
38341,0.001873,172.31.46.0-255,66,189171,54,333889
38342,0.001892,74.125.200.0-255,1484,190655,54,333889
38343,0.001896,74.125.200.0-255,2902,193557,54,333889
38344,0.001898,172.31.46.0-255,66,193623,54,333889
38345,0.00192,74.125.200.0-255,5738,199361,54,333889
38346,0.001923,172.31.46.0-255,66,199427,54,333889
38347,0.001949,74.125.200.0-255,5738,205165,54,333889
38348,0.001952,172.31.46.0-255,66,205231,54,333889
38349,0.001959,74.125.200.0-255,7156,212387,54,333889
38350,0.001962,172.31.46.0-255,66,212453,54,333889
38351,0.001997,172.31.46.0-255,66,212519,54,333889
38352,0.002086,74.125.200.0-255,1484,214003,54,333889
38353,0.002104,74.125.200.0-255,2902,216905,54,333889
38354,0.002107,172.31.46.0-255,66,216971,54,333889
38355,0.002132,74.125.200.0-255,1484,218455,54,333889
38356,0.002151,74.125.200.0-255,4320,222775,54,333889
38357,0.002154,172.31.46.0-255,66,222841,54,333889
38358,0.002169,74.125.200.0-255,2902,225743,54,333889
38359,0.002172,172.31.46.0-255,66,225809,54,333889
38360,0.002228,74.125.200.0-255,4320,230129,54,333889
38361,0.002231,172.31.46.0-255,66,230195,54,333889
38362,0.002241,172.31.46.0-255,66,230261,54,333889
38363,0.002246,74.125.200.0-255,4320,234581,54,333889
38364,0.002248,172.31.46.0-255,66,234647,54,333889
38365,0.002253,74.125.200.0-255,3602,238249,54,333889
38366,0.002256,172.31.46.0-255,66,238315,54,333889
38367,0.002329,74.125.200.0-255,1484,239799,54,333889
38368,0.002344,74.125.200.0-255,2902,242701,54,333889
38369,0.002347,172.31.46.0-255,66,242767,54,333889
38370,0.002365,74.125.200.0-255,2902,245669,54,333889
38371,0.002367,172.31.46.0-255,66,245735,54,333889
38372,0.002386,74.125.200.0-255,2902,248637,54,333889
38373,0.002388,172.31.46.0-255,66,248703,54,333889
38374,0.002434,172.31.46.0-255,66,248769,54,333889
38375,0.002438,74.125.200.0-255,2902,251671,54,333889
38376,0.00244,172.31.46.0-255,66,251737,54,333889
38377,0.002455,74.125.200.0-255,1484,253221,54,333889
38378,0.002461,74.125.200.0-255,4320,257541,54,333889
38379,0.002463,172.31.46.0-255,66,257607,54,333889
38380,0.002485,74.125.200.0-255,1484,259091,54,333889
38381,0.002503,74.125.200.0-255,6438,265529,54,333889
38382,0.002505,172.31.46.0-255,66,265595,54,333889
38383,0.002509,74.125.200.0-255,1484,267079,54,333889
38384,0.002526,74.125.200.0-255,5738,272817,54,333889
38385,0.002529,172.31.46.0-255,66,272883,54,333889
38386,0.00257,74.125.200.0-255,4320,277203,54,333889
38387,0.002572,172.31.46.0-255,66,277269,54,333889
38388,0.002602,172.31.46.0-255,66,277335,54,333889
38389,0.002608,74.125.200.0-255,4320,281655,54,333889
38390,0.00261,172.31.46.0-255,66,281721,54,333889
38391,0.00263,172.31.46.0-255,66,281787,54,333889
38392,0.005202,74.125.200.0-255,5738,287525,54,333889
38393,0.005209,172.31.46.0-255,66,287591,54,333889
38394,0.007821,74.125.200.0-255,5738,293329,54,333889
38395,0.007828,172.31.46.0-255,66,293395,54,333889
38396,0.010407,74.125.200.0-255,5738,299133,54,333889
38397,0.010417,172.31.46.0-255,66,299199,54,333889
38398,0.013009,74.125.200.0-255,5738,304937,54,333889
38399,0.013018,172.31.46.0-255,66,305003,54,333889
38400,0.015597,74.125.200.0-255,5738,310741,54,333889
38401,0.015605,172.31.46.0-255,66,310807,54,333889
38402,0.018204,74.125.200.0-255,5738,316545,54,333889
38403,0.018214,172.31.46.0-255,66,316611,54,333889
38404,0.020827,74.125.200.0-255,5738,322349,54,333889
38405,0.020834,172.31.46.0-255,66,322415,54,333889
38406,0.023407,74.125.200.0-255,3294,325709,54,333889
38407,0.023415,172.31.46.0-255,66,325775,54,333889
38408,0.023599,172.31.46.0-255,105,325880,54,333889
38409,0.026128,74.125.200.0-255,66,325946,54,333889
38410,0.027108,172.31.46.0-255,164,326110,54,333889
38411,0.027153,172.31.46.0-255,1128,327238,54,333889
38412,0.027216,172.31.46.0-255,1514,328752,54,333889
38413,0.027218,172.31.46.0-255,1514,330266,54,333889
38414,0.02722,172.31.46.0-255,1514,331780,54,333889
38415,0.027221,172.31.46.0-255,1514,333294,54,333889
38416,0.027222,172.31.46.0-255,529,333823,54,333889
38417,0.028926,104.244.42.0-255,66,333889,54,333889
38418,0.0,172.217.194.0-255,148,148,54,216450
38419,1.7e-05,172.31.46.0-255,66,214,54,216450
38420,2.3e-05,172.217.194.0-255,1484,1698,54,216450
38421,2.8e-05,172.31.46.0-255,66,1764,54,216450
38422,3.2e-05,172.217.194.0-255,2902,4666,54,216450
38423,3.6e-05,172.31.46.0-255,66,4732,54,216450
38424,4.1e-05,172.217.194.0-255,4320,9052,54,216450
38425,4.4e-05,172.31.46.0-255,66,9118,54,216450
38426,6.1e-05,172.217.194.0-255,2902,12020,54,216450
38427,6.3e-05,172.31.46.0-255,66,12086,54,216450
38428,6.9e-05,172.217.194.0-255,5738,17824,54,216450
38429,7.2e-05,172.31.46.0-255,66,17890,54,216450
38430,8.8e-05,172.217.194.0-255,6341,24231,54,216450
38431,9.1e-05,172.31.46.0-255,66,24297,54,216450
38432,9.7e-05,172.217.194.0-255,6797,31094,54,216450
38433,9.9e-05,172.31.46.0-255,66,31160,54,216450
38434,0.00015,172.217.194.0-255,1484,32644,54,216450
38435,0.000152,172.31.46.0-255,66,32710,54,216450
38436,0.000157,172.217.194.0-255,2902,35612,54,216450
38437,0.000159,172.31.46.0-255,66,35678,54,216450
38438,0.000173,172.217.194.0-255,5738,41416,54,216450
38439,0.000175,172.31.46.0-255,66,41482,54,216450
38440,0.000199,172.217.194.0-255,4320,45802,54,216450
38441,0.000201,172.31.46.0-255,66,45868,54,216450
38442,0.000221,172.217.194.0-255,3961,49829,54,216450
38443,0.000223,172.31.46.0-255,66,49895,54,216450
38444,0.000234,172.31.46.0-255,66,49961,54,216450
38445,0.000236,172.217.194.0-255,1484,51445,54,216450
38446,0.000238,172.31.46.0-255,66,51511,54,216450
38447,0.000276,172.217.194.0-255,5638,57149,54,216450
38448,0.000278,172.31.46.0-255,66,57215,54,216450
38449,0.000281,172.217.194.0-255,117,57332,54,216450
38450,0.000451,172.217.194.0-255,376,57708,54,216450
38451,0.000875,172.217.194.0-255,1484,59192,54,216450
38452,0.000878,172.31.46.0-255,66,59258,54,216450
38453,0.000883,172.217.194.0-255,2902,62160,54,216450
38454,0.000885,172.31.46.0-255,66,62226,54,216450
38455,0.000901,172.217.194.0-255,5738,67964,54,216450
38456,0.000904,172.31.46.0-255,66,68030,54,216450
38457,0.000935,172.217.194.0-255,2902,70932,54,216450
38458,0.000937,172.31.46.0-255,66,70998,54,216450
38459,0.000956,172.31.46.0-255,66,71064,54,216450
38460,0.000991,172.31.46.0-255,66,71130,54,216450
38461,0.001015,172.217.194.0-255,2184,73314,54,216450
38462,0.001017,172.31.46.0-255,66,73380,54,216450
38463,0.001338,172.217.194.0-255,1484,74864,54,216450
38464,0.001345,172.217.194.0-255,2902,77766,54,216450
38465,0.001349,172.31.46.0-255,66,77832,54,216450
38466,0.00137,172.217.194.0-255,5738,83570,54,216450
38467,0.001373,172.31.46.0-255,66,83636,54,216450
38468,0.001388,172.217.194.0-255,4320,87956,54,216450
38469,0.00139,172.31.46.0-255,66,88022,54,216450
38470,0.001429,172.31.46.0-255,66,88088,54,216450
38471,0.00144,172.31.46.0-255,66,88154,54,216450
38472,0.001442,172.217.194.0-255,1484,89638,54,216450
38473,0.001445,172.217.194.0-255,1484,91122,54,216450
38474,0.001447,172.31.46.0-255,66,91188,54,216450
38475,0.001473,172.217.194.0-255,1484,92672,54,216450
38476,0.001479,172.217.194.0-255,5738,98410,54,216450
38477,0.001481,172.31.46.0-255,66,98476,54,216450
38478,0.001487,172.217.194.0-255,5738,104214,54,216450
38479,0.001489,172.31.46.0-255,66,104280,54,216450
38480,0.001513,172.217.194.0-255,7156,111436,54,216450
38481,0.001516,172.31.46.0-255,66,111502,54,216450
38482,0.001526,172.31.46.0-255,66,111568,54,216450
38483,0.001528,172.217.194.0-255,766,112334,54,216450
38484,0.00164,172.217.194.0-255,1484,113818,54,216450
38485,0.001644,172.31.46.0-255,66,113884,54,216450
38486,0.001649,172.217.194.0-255,2902,116786,54,216450
38487,0.001651,172.31.46.0-255,66,116852,54,216450
38488,0.001668,172.217.194.0-255,5738,122590,54,216450
38489,0.00167,172.31.46.0-255,66,122656,54,216450
38490,0.001708,172.31.46.0-255,66,122722,54,216450
38491,0.001719,172.31.46.0-255,66,122788,54,216450
38492,0.001748,172.217.194.0-255,5738,128526,54,216450
38493,0.001751,172.31.46.0-255,66,128592,54,216450
38494,0.001783,172.217.194.0-255,2902,131494,54,216450
38495,0.001787,172.31.46.0-255,66,131560,54,216450
38496,0.001798,172.31.46.0-255,66,131626,54,216450
38497,0.001801,172.217.194.0-255,1484,133110,54,216450
38498,0.001842,172.31.46.0-255,66,133176,54,216450
38499,0.001928,172.217.194.0-255,1484,134660,54,216450
38500,0.001934,172.217.194.0-255,2902,137562,54,216450
38501,0.001936,172.31.46.0-255,66,137628,54,216450
38502,0.00196,172.217.194.0-255,5738,143366,54,216450
38503,0.001962,172.31.46.0-255,66,143432,54,216450
38504,0.001965,172.217.194.0-255,1484,144916,54,216450
38505,0.001977,172.217.194.0-255,5738,150654,54,216450
38506,0.001979,172.31.46.0-255,66,150720,54,216450
38507,0.002005,172.217.194.0-255,7156,157876,54,216450
38508,0.002008,172.31.46.0-255,66,157942,54,216450
38509,0.00202,172.31.46.0-255,66,158008,54,216450
38510,0.002097,172.217.194.0-255,1484,159492,54,216450
38511,0.002118,172.217.194.0-255,2902,162394,54,216450
38512,0.002121,172.31.46.0-255,66,162460,54,216450
38513,0.002128,172.217.194.0-255,5738,168198,54,216450
38514,0.002131,172.31.46.0-255,66,168264,54,216450
38515,0.00217,172.217.194.0-255,2902,171166,54,216450
38516,0.002173,172.31.46.0-255,66,171232,54,216450
38517,0.002206,172.31.46.0-255,66,171298,54,216450
38518,0.002218,172.31.46.0-255,66,171364,54,216450
38519,0.002221,172.217.194.0-255,1484,172848,54,216450
38520,0.002225,172.217.194.0-255,2902,175750,54,216450
38521,0.002227,172.31.46.0-255,66,175816,54,216450
38522,0.002262,172.217.194.0-255,5738,181554,54,216450
38523,0.002265,172.31.46.0-255,66,181620,54,216450
38524,0.002279,172.31.46.0-255,66,181686,54,216450
38525,0.002314,172.217.194.0-255,4320,186006,54,216450
38526,0.002317,172.31.46.0-255,66,186072,54,216450
38527,0.002343,172.217.194.0-255,6438,192510,54,216450
38528,0.002355,172.217.194.0-255,1484,193994,54,216450
38529,0.002359,172.31.46.0-255,66,194060,54,216450
38530,0.002361,172.31.46.0-255,66,194126,54,216450
38531,0.002375,172.217.194.0-255,7156,201282,54,216450
38532,0.002378,172.31.46.0-255,66,201348,54,216450
38533,0.002402,172.217.194.0-255,2902,204250,54,216450
38534,0.002405,172.31.46.0-255,66,204316,54,216450
38535,0.002432,172.31.46.0-255,66,204382,54,216450
38536,0.002445,172.31.46.0-255,66,204448,54,216450
38537,0.002463,172.217.194.0-255,2902,207350,54,216450
38538,0.002465,172.31.46.0-255,66,207416,54,216450
38539,0.002468,172.217.194.0-255,1484,208900,54,216450
38540,0.002499,172.31.46.0-255,66,208966,54,216450
38541,0.00252,172.217.194.0-255,4320,213286,54,216450
38542,0.002522,172.31.46.0-255,66,213352,54,216450
38543,0.002536,172.217.194.0-255,2690,216042,54,216450
38544,0.002539,172.31.46.0-255,66,216108,54,216450
38545,0.002543,172.217.194.0-255,105,216213,54,216450
38546,0.009913,172.31.46.0-255,66,216279,54,216450
38547,0.009947,172.31.46.0-255,105,216384,54,216450
38548,0.012501,172.217.194.0-255,66,216450,54,216450
38549,0.0,172.217.194.0-255,148,148,54,237421
38550,1.8e-05,172.31.46.0-255,66,214,54,237421
38551,2.4e-05,172.217.194.0-255,1484,1698,54,237421
38552,2.9e-05,172.31.46.0-255,66,1764,54,237421
38553,3.6e-05,172.217.194.0-255,2902,4666,54,237421
38554,4.7e-05,172.31.46.0-255,66,4732,54,237421
38555,5.5e-05,172.217.194.0-255,7156,11888,54,237421
38556,5.8e-05,172.31.46.0-255,66,11954,54,237421
38557,6.2e-05,172.217.194.0-255,2902,14856,54,237421
38558,6.6e-05,172.31.46.0-255,66,14922,54,237421
38559,0.00011,172.217.194.0-255,6343,21265,54,237421
38560,0.000115,172.31.46.0-255,66,21331,54,237421
38561,0.000127,172.31.46.0-255,66,21397,54,237421
38562,0.000164,172.217.194.0-255,1484,22881,54,237421
38563,0.000167,172.31.46.0-255,66,22947,54,237421
38564,0.000186,172.217.194.0-255,2902,25849,54,237421
38565,0.000188,172.31.46.0-255,66,25915,54,237421
38566,0.000221,172.217.194.0-255,5738,31653,54,237421
38567,0.000225,172.31.46.0-255,66,31719,54,237421
38568,0.000229,172.217.194.0-255,2902,34621,54,237421
38569,0.000232,172.31.46.0-255,66,34687,54,237421
38570,0.00028,172.31.46.0-255,66,34753,54,237421
38571,0.000286,172.217.194.0-255,5738,40491,54,237421
38572,0.000289,172.31.46.0-255,66,40557,54,237421
38573,0.000321,172.217.194.0-255,4216,44773,54,237421
38574,0.000323,172.31.46.0-255,66,44839,54,237421
38575,0.000349,172.217.194.0-255,119,44958,54,237421
38576,0.000352,172.31.46.0-255,66,45024,54,237421
38577,0.00059,172.217.194.0-255,1484,46508,54,237421
38578,0.000598,172.31.46.0-255,66,46574,54,237421
38579,0.000604,172.217.194.0-255,2902,49476,54,237421
38580,0.000606,172.31.46.0-255,66,49542,54,237421
38581,0.00061,172.217.194.0-255,1484,51026,54,237421
38582,0.000638,172.217.194.0-255,4320,55346,54,237421
38583,0.000641,172.31.46.0-255,66,55412,54,237421
38584,0.000647,172.217.194.0-255,4320,59732,54,237421
38585,0.000649,172.31.46.0-255,66,59798,54,237421
38586,0.000668,172.31.46.0-255,66,59864,54,237421
38587,0.000703,172.217.194.0-255,5738,65602,54,237421
38588,0.000706,172.31.46.0-255,66,65668,54,237421
38589,0.000736,172.217.194.0-255,2184,67852,54,237421
38590,0.000739,172.31.46.0-255,66,67918,54,237421
38591,0.000817,172.217.194.0-255,1484,69402,54,237421
38592,0.000822,172.217.194.0-255,2902,72304,54,237421
38593,0.000825,172.31.46.0-255,66,72370,54,237421
38594,0.000858,172.217.194.0-255,5738,78108,54,237421
38595,0.000861,172.31.46.0-255,66,78174,54,237421
38596,0.000876,172.31.46.0-255,66,78240,54,237421
38597,0.000906,172.217.194.0-255,1484,79724,54,237421
38598,0.000914,172.217.194.0-255,7156,86880,54,237421
38599,0.000917,172.31.46.0-255,66,86946,54,237421
38600,0.000962,172.31.46.0-255,66,87012,54,237421
38601,0.000969,172.217.194.0-255,5738,92750,54,237421
38602,0.000971,172.31.46.0-255,66,92816,54,237421
38603,0.00101,172.217.194.0-255,1077,93893,54,237421
38604,0.001014,172.31.46.0-255,66,93959,54,237421
38605,0.001309,172.217.194.0-255,1484,95443,54,237421
38606,0.001314,172.31.46.0-255,66,95509,54,237421
38607,0.001319,172.217.194.0-255,2902,98411,54,237421
38608,0.001322,172.31.46.0-255,66,98477,54,237421
38609,0.001329,172.217.194.0-255,5738,104215,54,237421
38610,0.001336,172.31.46.0-255,66,104281,54,237421
38611,0.001341,172.217.194.0-255,2902,107183,54,237421
38612,0.001343,172.31.46.0-255,66,107249,54,237421
38613,0.001389,172.217.194.0-255,4320,111569,54,237421
38614,0.001392,172.31.46.0-255,66,111635,54,237421
38615,0.001409,172.31.46.0-255,66,111701,54,237421
38616,0.001412,172.217.194.0-255,2184,113885,54,237421
38617,0.001414,172.31.46.0-255,66,113951,54,237421
38618,0.001522,172.217.194.0-255,1484,115435,54,237421
38619,0.001528,172.217.194.0-255,2902,118337,54,237421
38620,0.001531,172.31.46.0-255,66,118403,54,237421
38621,0.001535,172.217.194.0-255,1484,119887,54,237421
38622,0.00156,172.217.194.0-255,4320,124207,54,237421
38623,0.001563,172.31.46.0-255,66,124273,54,237421
38624,0.00157,172.217.194.0-255,5738,130011,54,237421
38625,0.001572,172.31.46.0-255,66,130077,54,237421
38626,0.001612,172.217.194.0-255,7156,137233,54,237421
38627,0.001615,172.31.46.0-255,66,137299,54,237421
38628,0.001628,172.31.46.0-255,66,137365,54,237421
38629,0.001689,172.217.194.0-255,1484,138849,54,237421
38630,0.001702,172.217.194.0-255,2902,141751,54,237421
38631,0.001706,172.31.46.0-255,66,141817,54,237421
38632,0.001709,172.217.194.0-255,1484,143301,54,237421
38633,0.001737,172.217.194.0-255,4320,147621,54,237421
38634,0.00174,172.31.46.0-255,66,147687,54,237421
38635,0.001759,172.31.46.0-255,66,147753,54,237421
38636,0.001808,172.31.46.0-255,66,147819,54,237421
38637,0.001886,172.217.194.0-255,1484,149303,54,237421
38638,0.001892,172.217.194.0-255,2902,152205,54,237421
38639,0.001896,172.31.46.0-255,66,152271,54,237421
38640,0.001899,172.217.194.0-255,1484,153755,54,237421
38641,0.001925,172.217.194.0-255,4320,158075,54,237421
38642,0.001928,172.31.46.0-255,66,158141,54,237421
38643,0.001969,172.217.194.0-255,4320,162461,54,237421
38644,0.001971,172.31.46.0-255,66,162527,54,237421
38645,0.002012,172.31.46.0-255,66,162593,54,237421
38646,0.002023,172.31.46.0-255,66,162659,54,237421
38647,0.002027,172.217.194.0-255,2184,164843,54,237421
38648,0.00203,172.31.46.0-255,66,164909,54,237421
38649,0.002468,172.217.194.0-255,1484,166393,54,237421
38650,0.002475,172.217.194.0-255,2902,169295,54,237421
38651,0.002479,172.31.46.0-255,66,169361,54,237421
38652,0.002483,172.217.194.0-255,1484,170845,54,237421
38653,0.00251,172.217.194.0-255,4320,175165,54,237421
38654,0.002513,172.31.46.0-255,66,175231,54,237421
38655,0.002516,172.217.194.0-255,1484,176715,54,237421
38656,0.002522,172.217.194.0-255,4320,181035,54,237421
38657,0.002524,172.31.46.0-255,66,181101,54,237421
38658,0.002555,172.217.194.0-255,4320,185421,54,237421
38659,0.002557,172.31.46.0-255,66,185487,54,237421
38660,0.002571,172.31.46.0-255,66,185553,54,237421
38661,0.002574,172.217.194.0-255,1484,187037,54,237421
38662,0.002588,172.217.194.0-255,3602,190639,54,237421
38663,0.002591,172.31.46.0-255,66,190705,54,237421
38664,0.002619,172.217.194.0-255,4320,195025,54,237421
38665,0.002623,172.217.194.0-255,2902,197927,54,237421
38666,0.002632,172.31.46.0-255,66,197993,54,237421
38667,0.002635,172.31.46.0-255,66,198059,54,237421
38668,0.00264,172.217.194.0-255,2902,200961,54,237421
38669,0.002642,172.31.46.0-255,66,201027,54,237421
38670,0.002672,172.217.194.0-255,7156,208183,54,237421
38671,0.002675,172.31.46.0-255,66,208249,54,237421
38672,0.002678,172.217.194.0-255,1484,209733,54,237421
38673,0.002681,172.217.194.0-255,1484,211217,54,237421
38674,0.002683,172.31.46.0-255,66,211283,54,237421
38675,0.00269,172.217.194.0-255,5738,217021,54,237421
38676,0.002693,172.31.46.0-255,66,217087,54,237421
38677,0.0027,172.217.194.0-255,5020,222107,54,237421
38678,0.002706,172.217.194.0-255,2902,225009,54,237421
38679,0.002711,172.31.46.0-255,66,225075,54,237421
38680,0.002713,172.31.46.0-255,66,225141,54,237421
38681,0.002741,172.217.194.0-255,4320,229461,54,237421
38682,0.002744,172.31.46.0-255,66,229527,54,237421
38683,0.002749,172.217.194.0-255,4320,233847,54,237421
38684,0.002751,172.31.46.0-255,66,233913,54,237421
38685,0.002763,172.31.46.0-255,66,233979,54,237421
38686,0.002785,172.217.194.0-255,2902,236881,54,237421
38687,0.002788,172.31.46.0-255,66,236947,54,237421
38688,0.0028,172.31.46.0-255,66,237013,54,237421
38689,0.002814,172.31.46.0-255,66,237079,54,237421
38690,0.002838,172.217.194.0-255,105,237184,54,237421
38691,0.005092,172.31.46.0-255,66,237250,54,237421
38692,0.00513,172.31.46.0-255,105,237355,54,237421
38693,0.007594,172.217.194.0-255,66,237421,54,237421
38694,0.0,74.125.24.0-255,146,146,54,211175
38695,2e-05,172.31.46.0-255,66,212,54,211175
38696,2.7e-05,74.125.24.0-255,1484,1696,54,211175
38697,3.2e-05,172.31.46.0-255,66,1762,54,211175
38698,3.8e-05,74.125.24.0-255,2902,4664,54,211175
38699,4.1e-05,172.31.46.0-255,66,4730,54,211175
38700,4.9e-05,74.125.24.0-255,7156,11886,54,211175
38701,5.2e-05,172.31.46.0-255,66,11952,54,211175
38702,5.6e-05,74.125.24.0-255,2044,13996,54,211175
38703,5.9e-05,172.31.46.0-255,66,14062,54,211175
38704,0.000245,74.125.24.0-255,1484,15546,54,211175
38705,0.000252,172.31.46.0-255,66,15612,54,211175
38706,0.000258,74.125.24.0-255,2902,18514,54,211175
38707,0.000261,172.31.46.0-255,66,18580,54,211175
38708,0.000267,74.125.24.0-255,5738,24318,54,211175
38709,0.00027,172.31.46.0-255,66,24384,54,211175
38710,0.000307,74.125.24.0-255,4320,28704,54,211175
38711,0.000311,172.31.46.0-255,66,28770,54,211175
38712,0.000334,74.125.24.0-255,5379,34149,54,211175
38713,0.000337,172.31.46.0-255,66,34215,54,211175
38714,0.000347,172.31.46.0-255,66,34281,54,211175
38715,0.000382,74.125.24.0-255,3961,38242,54,211175
38716,0.000384,172.31.46.0-255,66,38308,54,211175
38717,0.000705,74.125.24.0-255,1484,39792,54,211175
38718,0.000709,172.31.46.0-255,66,39858,54,211175
38719,0.000714,74.125.24.0-255,2902,42760,54,211175
38720,0.000716,172.31.46.0-255,66,42826,54,211175
38721,0.000719,74.125.24.0-255,1484,44310,54,211175
38722,0.00072,172.31.46.0-255,66,44376,54,211175
38723,0.00074,74.125.24.0-255,4320,48696,54,211175
38724,0.000746,74.125.24.0-255,6797,55493,54,211175
38725,0.000749,172.31.46.0-255,66,55559,54,211175
38726,0.000751,172.31.46.0-255,66,55625,54,211175
38727,0.000786,74.125.24.0-255,2067,57692,54,211175
38728,0.000788,172.31.46.0-255,66,57758,54,211175
38729,0.000792,74.125.24.0-255,2902,60660,54,211175
38730,0.000794,172.31.46.0-255,66,60726,54,211175
38731,0.000804,74.125.24.0-255,2902,63628,54,211175
38732,0.000806,172.31.46.0-255,66,63694,54,211175
38733,0.000827,74.125.24.0-255,4320,68014,54,211175
38734,0.00083,172.31.46.0-255,66,68080,54,211175
38735,0.000834,74.125.24.0-255,2902,70982,54,211175
38736,0.000835,172.31.46.0-255,66,71048,54,211175
38737,0.000863,74.125.24.0-255,6797,77845,54,211175
38738,0.000867,172.31.46.0-255,66,77911,54,211175
38739,0.000869,172.31.46.0-255,66,77977,54,211175
38740,0.001331,74.125.24.0-255,1484,79461,54,211175
38741,0.001339,74.125.24.0-255,2902,82363,54,211175
38742,0.001343,172.31.46.0-255,66,82429,54,211175
38743,0.001349,74.125.24.0-255,5738,88167,54,211175
38744,0.001351,172.31.46.0-255,66,88233,54,211175
38745,0.00138,172.31.46.0-255,66,88299,54,211175
38746,0.001399,74.125.24.0-255,4320,92619,54,211175
38747,0.001401,172.31.46.0-255,66,92685,54,211175
38748,0.001416,74.125.24.0-255,1484,94169,54,211175
38749,0.001441,172.31.46.0-255,66,94235,54,211175
38750,0.001458,74.125.24.0-255,1484,95719,54,211175
38751,0.001473,74.125.24.0-255,4320,100039,54,211175
38752,0.001476,172.31.46.0-255,66,100105,54,211175
38753,0.001498,74.125.24.0-255,5738,105843,54,211175
38754,0.0015,172.31.46.0-255,66,105909,54,211175
38755,0.001506,74.125.24.0-255,5738,111647,54,211175
38756,0.001508,172.31.46.0-255,66,111713,54,211175
38757,0.001522,74.125.24.0-255,4320,116033,54,211175
38758,0.001524,172.31.46.0-255,66,116099,54,211175
38759,0.00154,74.125.24.0-255,2902,119001,54,211175
38760,0.001542,172.31.46.0-255,66,119067,54,211175
38761,0.001564,172.31.46.0-255,66,119133,54,211175
38762,0.001579,74.125.24.0-255,4320,123453,54,211175
38763,0.001581,172.31.46.0-255,66,123519,54,211175
38764,0.001595,74.125.24.0-255,2902,126421,54,211175
38765,0.001597,172.31.46.0-255,66,126487,54,211175
38766,0.001629,172.31.46.0-255,66,126553,54,211175
38767,0.001634,74.125.24.0-255,4320,130873,54,211175
38768,0.001635,172.31.46.0-255,66,130939,54,211175
38769,0.001659,172.31.46.0-255,66,131005,54,211175
38770,0.001681,74.125.24.0-255,2184,133189,54,211175
38771,0.001683,172.31.46.0-255,66,133255,54,211175
38772,0.001757,74.125.24.0-255,1484,134739,54,211175
38773,0.001762,74.125.24.0-255,2902,137641,54,211175
38774,0.001765,172.31.46.0-255,66,137707,54,211175
38775,0.001769,74.125.24.0-255,2902,140609,54,211175
38776,0.001771,172.31.46.0-255,66,140675,54,211175
38777,0.001787,74.125.24.0-255,2902,143577,54,211175
38778,0.001789,172.31.46.0-255,66,143643,54,211175
38779,0.001792,74.125.24.0-255,1484,145127,54,211175
38780,0.001824,172.31.46.0-255,66,145193,54,211175
38781,0.00184,74.125.24.0-255,1484,146677,54,211175
38782,0.001851,172.31.46.0-255,66,146743,54,211175
38783,0.001981,74.125.24.0-255,1484,148227,54,211175
38784,0.002,74.125.24.0-255,2902,151129,54,211175
38785,0.002004,172.31.46.0-255,66,151195,54,211175
38786,0.00201,74.125.24.0-255,5738,156933,54,211175
38787,0.002012,172.31.46.0-255,66,156999,54,211175
38788,0.002035,74.125.24.0-255,4320,161319,54,211175
38789,0.002037,172.31.46.0-255,66,161385,54,211175
38790,0.002068,172.31.46.0-255,66,161451,54,211175
38791,0.002078,172.31.46.0-255,66,161517,54,211175
38792,0.002104,74.125.24.0-255,5738,167255,54,211175
38793,0.002106,172.31.46.0-255,66,167321,54,211175
38794,0.00214,172.31.46.0-255,66,167387,54,211175
38795,0.002149,172.31.46.0-255,66,167453,54,211175
38796,0.002165,74.125.24.0-255,1484,168937,54,211175
38797,0.002188,172.31.46.0-255,66,169003,54,211175
38798,0.002218,172.31.46.0-255,66,169069,54,211175
38799,0.002229,74.125.24.0-255,3602,172671,54,211175
38800,0.002231,172.31.46.0-255,66,172737,54,211175
38801,0.002247,172.31.46.0-255,66,172803,54,211175
38802,0.002269,74.125.24.0-255,5738,178541,54,211175
38803,0.002272,172.31.46.0-255,66,178607,54,211175
38804,0.002276,74.125.24.0-255,2902,181509,54,211175
38805,0.002278,172.31.46.0-255,78,181587,54,211175
38806,0.002284,74.125.24.0-255,7156,188743,54,211175
38807,0.002286,172.31.46.0-255,78,188821,54,211175
38808,0.002326,172.31.46.0-255,66,188887,54,211175
38809,0.004562,74.125.24.0-255,5738,194625,54,211175
38810,0.004569,172.31.46.0-255,66,194691,54,211175
38811,0.006826,74.125.24.0-255,5738,200429,54,211175
38812,0.006832,172.31.46.0-255,66,200495,54,211175
38813,0.009071,74.125.24.0-255,5738,206233,54,211175
38814,0.009077,172.31.46.0-255,66,206299,54,211175
38815,0.011333,74.125.24.0-255,4639,210938,54,211175
38816,0.01134,172.31.46.0-255,66,211004,54,211175
38817,0.011967,172.31.46.0-255,105,211109,54,211175
38818,0.014174,74.125.24.0-255,66,211175,54,211175
38819,0.0,172.31.46.0-255,66,66,54,66
38820,0.0,74.125.24.0-255,298,298,54,167278
38821,2.4e-05,172.31.46.0-255,66,364,54,167278
38822,4.5e-05,74.125.24.0-255,1484,1848,54,167278
38823,5.1e-05,172.31.46.0-255,66,1914,54,167278
38824,5.9e-05,74.125.24.0-255,4320,6234,54,167278
38825,6.3e-05,172.31.46.0-255,66,6300,54,167278
38826,7.4e-05,172.31.46.0-255,66,6366,54,167278
38827,7.7e-05,74.125.24.0-255,1484,7850,54,167278
38828,7.9e-05,172.31.46.0-255,66,7916,54,167278
38829,8.3e-05,74.125.24.0-255,1484,9400,54,167278
38830,8.5e-05,172.31.46.0-255,66,9466,54,167278
38831,0.000105,74.125.24.0-255,1484,10950,54,167278
38832,0.000107,172.31.46.0-255,66,11016,54,167278
38833,0.000114,74.125.24.0-255,5738,16754,54,167278
38834,0.000116,172.31.46.0-255,66,16820,54,167278
38835,0.00014,74.125.24.0-255,4320,21140,54,167278
38836,0.000142,172.31.46.0-255,66,21206,54,167278
38837,0.000161,74.125.24.0-255,2543,23749,54,167278
38838,0.000163,172.31.46.0-255,66,23815,54,167278
38839,0.000377,74.125.24.0-255,1484,25299,54,167278
38840,0.000383,172.31.46.0-255,66,25365,54,167278
38841,0.000402,74.125.24.0-255,2902,28267,54,167278
38842,0.000405,172.31.46.0-255,66,28333,54,167278
38843,0.000412,74.125.24.0-255,5738,34071,54,167278
38844,0.000414,172.31.46.0-255,66,34137,54,167278
38845,0.000439,74.125.24.0-255,5738,39875,54,167278
38846,0.000442,172.31.46.0-255,66,39941,54,167278
38847,0.000458,74.125.24.0-255,1125,41066,54,167278
38848,0.000461,172.31.46.0-255,66,41132,54,167278
38849,0.000467,74.125.24.0-255,4320,45452,54,167278
38850,0.000469,172.31.46.0-255,66,45518,54,167278
38851,0.000496,74.125.24.0-255,5738,51256,54,167278
38852,0.000499,172.31.46.0-255,66,51322,54,167278
38853,0.000514,74.125.24.0-255,6797,58119,54,167278
38854,0.000517,172.31.46.0-255,66,58185,54,167278
38855,0.000683,74.125.24.0-255,646,58831,54,167278
38856,0.001083,172.31.46.0-255,66,58897,54,167278
38857,0.002335,74.125.24.0-255,1484,60381,54,167278
38858,0.002348,74.125.24.0-255,2902,63283,54,167278
38859,0.002353,172.31.46.0-255,66,63349,54,167278
38860,0.002362,74.125.24.0-255,5738,69087,54,167278
38861,0.002365,172.31.46.0-255,66,69153,54,167278
38862,0.002398,74.125.24.0-255,6797,75950,54,167278
38863,0.0024,172.31.46.0-255,66,76016,54,167278
38864,0.002418,74.125.24.0-255,4320,80336,54,167278
38865,0.002421,172.31.46.0-255,66,80402,54,167278
38866,0.002442,172.31.46.0-255,66,80468,54,167278
38867,0.002453,172.31.46.0-255,66,80534,54,167278
38868,0.002491,172.31.46.0-255,66,80600,54,167278
38869,0.002517,74.125.24.0-255,5738,86338,54,167278
38870,0.002519,172.31.46.0-255,66,86404,54,167278
38871,0.002535,74.125.24.0-255,5738,92142,54,167278
38872,0.002536,172.31.46.0-255,66,92208,54,167278
38873,0.002543,74.125.24.0-255,5379,97587,54,167278
38874,0.002545,172.31.46.0-255,66,97653,54,167278
38875,0.002572,74.125.24.0-255,1484,99137,54,167278
38876,0.002602,172.31.46.0-255,66,99203,54,167278
38877,0.00261,74.125.24.0-255,7156,106359,54,167278
38878,0.002612,172.31.46.0-255,66,106425,54,167278
38879,0.002647,172.31.46.0-255,66,106491,54,167278
38880,0.005253,74.125.24.0-255,4320,110811,54,167278
38881,0.005257,172.31.46.0-255,66,110877,54,167278
38882,0.005273,74.125.24.0-255,1484,112361,54,167278
38883,0.007828,74.125.24.0-255,4320,116681,54,167278
38884,0.007837,172.31.46.0-255,66,116747,54,167278
38885,0.010412,74.125.24.0-255,5738,122485,54,167278
38886,0.010419,172.31.46.0-255,66,122551,54,167278
38887,0.013018,74.125.24.0-255,5738,128289,54,167278
38888,0.013027,172.31.46.0-255,66,128355,54,167278
38889,0.015615,74.125.24.0-255,5738,134093,54,167278
38890,0.015624,172.31.46.0-255,66,134159,54,167278
38891,0.018254,74.125.24.0-255,5738,139897,54,167278
38892,0.018269,172.31.46.0-255,66,139963,54,167278
38893,0.020865,74.125.24.0-255,5738,145701,54,167278
38894,0.020877,172.31.46.0-255,66,145767,54,167278
38895,0.023473,74.125.24.0-255,5738,151505,54,167278
38896,0.023481,172.31.46.0-255,66,151571,54,167278
38897,0.02608,74.125.24.0-255,5738,157309,54,167278
38898,0.026088,172.31.46.0-255,66,157375,54,167278
38899,0.028665,74.125.24.0-255,5738,163113,54,167278
38900,0.028672,172.31.46.0-255,66,163179,54,167278
38901,0.029854,172.31.46.0-255,188,163367,54,167278
38902,0.029884,172.31.46.0-255,960,164327,54,167278
38903,0.029944,172.31.46.0-255,1514,165841,54,167278
38904,0.029946,172.31.46.0-255,1437,167278,54,167278
38905,0.0,172.217.194.0-255,291,291,54,140279
38906,2.5e-05,172.31.46.0-255,66,357,54,140279
38907,3.2e-05,172.217.194.0-255,1484,1841,54,140279
38908,3.6e-05,172.31.46.0-255,66,1907,54,140279
38909,4.3e-05,172.217.194.0-255,4320,6227,54,140279
38910,4.6e-05,172.31.46.0-255,66,6293,54,140279
38911,8.7e-05,172.31.46.0-255,66,6359,54,140279
38912,0.000139,172.217.194.0-255,7156,13515,54,140279
38913,0.000142,172.31.46.0-255,66,13581,54,140279
38914,0.000153,172.31.46.0-255,66,13647,54,140279
38915,0.000159,172.217.194.0-255,4320,17967,54,140279
38916,0.000162,172.31.46.0-255,66,18033,54,140279
38917,0.000191,172.31.46.0-255,66,18099,54,140279
38918,0.000194,172.217.194.0-255,1484,19583,54,140279
38919,0.000196,172.31.46.0-255,66,19649,54,140279
38920,0.000214,172.217.194.0-255,3961,23610,54,140279
38921,0.000216,172.31.46.0-255,66,23676,54,140279
38922,0.000633,172.217.194.0-255,1484,25160,54,140279
38923,0.000639,172.31.46.0-255,66,25226,54,140279
38924,0.000647,172.217.194.0-255,2902,28128,54,140279
38925,0.000649,172.31.46.0-255,66,28194,54,140279
38926,0.000652,172.217.194.0-255,1484,29678,54,140279
38927,0.000654,172.31.46.0-255,66,29744,54,140279
38928,0.000677,172.217.194.0-255,4320,34064,54,140279
38929,0.000679,172.31.46.0-255,66,34130,54,140279
38930,0.000682,172.217.194.0-255,1484,35614,54,140279
38931,0.000684,172.31.46.0-255,66,35680,54,140279
38932,0.000729,172.217.194.0-255,5690,41370,54,140279
38933,0.000733,172.31.46.0-255,66,41436,54,140279
38934,0.000751,172.217.194.0-255,365,41801,54,140279
38935,0.000938,172.217.194.0-255,1484,43285,54,140279
38936,0.000942,172.31.46.0-255,66,43351,54,140279
38937,0.000948,172.217.194.0-255,2902,46253,54,140279
38938,0.00095,172.31.46.0-255,66,46319,54,140279
38939,0.000967,172.217.194.0-255,5738,52057,54,140279
38940,0.000969,172.31.46.0-255,66,52123,54,140279
38941,0.000992,172.217.194.0-255,1484,53607,54,140279
38942,0.001045,172.31.46.0-255,66,53673,54,140279
38943,0.001049,172.31.46.0-255,66,53739,54,140279
38944,0.0021,172.217.194.0-255,1484,55223,54,140279
38945,0.002112,172.217.194.0-255,2902,58125,54,140279
38946,0.002117,172.31.46.0-255,66,58191,54,140279
38947,0.002126,172.217.194.0-255,5738,63929,54,140279
38948,0.002128,172.31.46.0-255,66,63995,54,140279
38949,0.002136,172.217.194.0-255,7156,71151,54,140279
38950,0.002138,172.31.46.0-255,66,71217,54,140279
38951,0.002158,172.217.194.0-255,5738,76955,54,140279
38952,0.00216,172.31.46.0-255,66,77021,54,140279
38953,0.002172,172.31.46.0-255,66,77087,54,140279
38954,0.002175,172.217.194.0-255,766,77853,54,140279
38955,0.004506,172.217.194.0-255,4320,82173,54,140279
38956,0.004514,172.31.46.0-255,66,82239,54,140279
38957,0.006868,172.217.194.0-255,5738,87977,54,140279
38958,0.006877,172.31.46.0-255,66,88043,54,140279
38959,0.009205,172.217.194.0-255,5738,93781,54,140279
38960,0.009215,172.31.46.0-255,66,93847,54,140279
38961,0.011561,172.217.194.0-255,5738,99585,54,140279
38962,0.011569,172.31.46.0-255,66,99651,54,140279
38963,0.013908,172.217.194.0-255,5738,105389,54,140279
38964,0.013921,172.31.46.0-255,66,105455,54,140279
38965,0.016274,172.217.194.0-255,5738,111193,54,140279
38966,0.01629,172.31.46.0-255,66,111259,54,140279
38967,0.018612,172.217.194.0-255,5738,116997,54,140279
38968,0.018627,172.31.46.0-255,66,117063,54,140279
38969,0.020962,172.217.194.0-255,5738,122801,54,140279
38970,0.020981,172.31.46.0-255,66,122867,54,140279
38971,0.023318,172.217.194.0-255,5738,128605,54,140279
38972,0.023332,172.31.46.0-255,66,128671,54,140279
38973,0.025642,172.217.194.0-255,5738,134409,54,140279
38974,0.025658,172.31.46.0-255,66,134475,54,140279
38975,0.027987,172.217.194.0-255,5738,140213,54,140279
38976,0.028002,172.31.46.0-255,66,140279,54,140279
38977,0.0,74.125.24.0-255,146,146,54,206827
38978,1.4e-05,172.31.46.0-255,66,212,54,206827
38979,2.2e-05,74.125.24.0-255,1484,1696,54,206827
38980,2.6e-05,172.31.46.0-255,66,1762,54,206827
38981,3.2e-05,74.125.24.0-255,2902,4664,54,206827
38982,3.6e-05,172.31.46.0-255,66,4730,54,206827
38983,5.2e-05,74.125.24.0-255,7156,11886,54,206827
38984,5.5e-05,172.31.46.0-255,66,11952,54,206827
38985,9.6e-05,172.31.46.0-255,66,12018,54,206827
38986,0.000149,74.125.24.0-255,7156,19174,54,206827
38987,0.000153,172.31.46.0-255,66,19240,54,206827
38988,0.000184,74.125.24.0-255,5738,24978,54,206827
38989,0.000187,172.31.46.0-255,66,25044,54,206827
38990,0.000236,74.125.24.0-255,5738,30782,54,206827
38991,0.000239,172.31.46.0-255,66,30848,54,206827
38992,0.000265,74.125.24.0-255,5020,35868,54,206827
38993,0.000267,172.31.46.0-255,66,35934,54,206827
38994,0.000308,74.125.24.0-255,5738,41672,54,206827
38995,0.000312,172.31.46.0-255,66,41738,54,206827
38996,0.000342,74.125.24.0-255,5738,47476,54,206827
38997,0.000345,172.31.46.0-255,66,47542,54,206827
38998,0.000389,74.125.24.0-255,2902,50444,54,206827
38999,0.000392,172.31.46.0-255,66,50510,54,206827
39000,0.000421,74.125.24.0-255,2822,53332,54,206827
39001,0.000424,172.31.46.0-255,66,53398,54,206827
39002,0.000576,74.125.24.0-255,376,53774,54,206827
39003,0.000581,172.31.46.0-255,66,53840,54,206827
39004,0.000605,74.125.24.0-255,1484,55324,54,206827
39005,0.000607,172.31.46.0-255,66,55390,54,206827
39006,0.000611,74.125.24.0-255,1484,56874,54,206827
39007,0.000613,172.31.46.0-255,66,56940,54,206827
39008,0.000636,74.125.24.0-255,2902,59842,54,206827
39009,0.000639,172.31.46.0-255,66,59908,54,206827
39010,0.000645,74.125.24.0-255,5738,65646,54,206827
39011,0.000648,172.31.46.0-255,66,65712,54,206827
39012,0.000668,74.125.24.0-255,2902,68614,54,206827
39013,0.000673,172.31.46.0-255,66,68680,54,206827
39014,0.000698,74.125.24.0-255,2543,71223,54,206827
39015,0.000701,172.31.46.0-255,66,71289,54,206827
39016,0.000824,74.125.24.0-255,1484,72773,54,206827
39017,0.000838,74.125.24.0-255,2902,75675,54,206827
39018,0.000842,172.31.46.0-255,66,75741,54,206827
39019,0.000873,74.125.24.0-255,5738,81479,54,206827
39020,0.000878,172.31.46.0-255,66,81545,54,206827
39021,0.000916,172.31.46.0-255,66,81611,54,206827
39022,0.000976,74.125.24.0-255,7156,88767,54,206827
39023,0.000981,172.31.46.0-255,66,88833,54,206827
39024,0.001,74.125.24.0-255,3602,92435,54,206827
39025,0.001003,172.31.46.0-255,66,92501,54,206827
39026,0.001049,74.125.24.0-255,2902,95403,54,206827
39027,0.001052,172.31.46.0-255,66,95469,54,206827
39028,0.001084,74.125.24.0-255,4320,99789,54,206827
39029,0.001087,172.31.46.0-255,66,99855,54,206827
39030,0.001122,172.31.46.0-255,66,99921,54,206827
39031,0.00118,172.31.46.0-255,66,99987,54,206827
39032,0.001222,74.125.24.0-255,5738,105725,54,206827
39033,0.001226,172.31.46.0-255,66,105791,54,206827
39034,0.001261,172.31.46.0-255,66,105857,54,206827
39035,0.001366,172.31.46.0-255,66,105923,54,206827
39036,0.001421,74.125.24.0-255,5738,111661,54,206827
39037,0.001424,172.31.46.0-255,66,111727,54,206827
39038,0.001484,172.31.46.0-255,66,111793,54,206827
39039,0.001629,74.125.24.0-255,2543,114336,54,206827
39040,0.001633,172.31.46.0-255,66,114402,54,206827
39041,0.001657,74.125.24.0-255,2902,117304,54,206827
39042,0.00166,172.31.46.0-255,66,117370,54,206827
39043,0.001667,74.125.24.0-255,5738,123108,54,206827
39044,0.00167,172.31.46.0-255,66,123174,54,206827
39045,0.001696,74.125.24.0-255,1484,124658,54,206827
39046,0.001748,172.31.46.0-255,66,124724,54,206827
39047,0.001828,74.125.24.0-255,5738,130462,54,206827
39048,0.001849,74.125.24.0-255,2184,132646,54,206827
39049,0.001861,172.31.46.0-255,66,132712,54,206827
39050,0.001895,172.31.46.0-255,66,132778,54,206827
39051,0.001935,74.125.24.0-255,1484,134262,54,206827
39052,0.001971,172.31.46.0-255,66,134328,54,206827
39053,0.002049,74.125.24.0-255,766,135094,54,206827
39054,0.002057,172.31.46.0-255,66,135160,54,206827
39055,0.002166,74.125.24.0-255,1484,136644,54,206827
39056,0.002171,74.125.24.0-255,2902,139546,54,206827
39057,0.002174,172.31.46.0-255,66,139612,54,206827
39058,0.002178,74.125.24.0-255,1484,141096,54,206827
39059,0.002205,74.125.24.0-255,4320,145416,54,206827
39060,0.002216,74.125.24.0-255,1484,146900,54,206827
39061,0.002228,172.31.46.0-255,66,146966,54,206827
39062,0.002272,172.31.46.0-255,66,147032,54,206827
39063,0.002324,74.125.24.0-255,4320,151352,54,206827
39064,0.00233,172.31.46.0-255,66,151418,54,206827
39065,0.002341,74.125.24.0-255,2902,154320,54,206827
39066,0.002367,74.125.24.0-255,3602,157922,54,206827
39067,0.00237,172.31.46.0-255,66,157988,54,206827
39068,0.00238,172.31.46.0-255,66,158054,54,206827
39069,0.002478,74.125.24.0-255,5738,163792,54,206827
39070,0.002495,74.125.24.0-255,4320,168112,54,206827
39071,0.002501,172.31.46.0-255,66,168178,54,206827
39072,0.002553,74.125.24.0-255,2902,171080,54,206827
39073,0.002567,172.31.46.0-255,66,171146,54,206827
39074,0.00259,172.31.46.0-255,66,171212,54,206827
39075,0.002631,74.125.24.0-255,5738,176950,54,206827
39076,0.002644,74.125.24.0-255,1484,178434,54,206827
39077,0.002655,172.31.46.0-255,66,178500,54,206827
39078,0.00268,74.125.24.0-255,2902,181402,54,206827
39079,0.002685,172.31.46.0-255,66,181468,54,206827
39080,0.002756,172.31.46.0-255,66,181534,54,206827
39081,0.002763,74.125.24.0-255,5020,186554,54,206827
39082,0.002775,172.31.46.0-255,66,186620,54,206827
39083,0.002867,74.125.24.0-255,1484,188104,54,206827
39084,0.002872,74.125.24.0-255,1484,189588,54,206827
39085,0.002881,172.31.46.0-255,66,189654,54,206827
39086,0.002951,172.31.46.0-255,66,189720,54,206827
39087,0.003074,74.125.24.0-255,5020,194740,54,206827
39088,0.003095,172.31.46.0-255,66,194806,54,206827
39089,0.003442,74.125.24.0-255,1484,196290,54,206827
39090,0.00345,74.125.24.0-255,2902,199192,54,206827
39091,0.003454,172.31.46.0-255,66,199258,54,206827
39092,0.003461,74.125.24.0-255,5738,204996,54,206827
39093,0.003486,74.125.24.0-255,1423,206419,54,206827
39094,0.003496,172.31.46.0-255,66,206485,54,206827
39095,0.003531,74.125.24.0-255,105,206590,54,206827
39096,0.011633,172.31.46.0-255,66,206656,54,206827
39097,0.011679,172.31.46.0-255,105,206761,54,206827
39098,0.013977,74.125.24.0-255,66,206827,54,206827
39099,0.0,172.217.194.0-255,151,151,54,244100
39100,2.8e-05,172.31.46.0-255,66,217,54,244100
39101,3.5e-05,172.217.194.0-255,1484,1701,54,244100
39102,3.9e-05,172.31.46.0-255,66,1767,54,244100
39103,4.3e-05,172.217.194.0-255,2902,4669,54,244100
39104,4.6e-05,172.31.46.0-255,66,4735,54,244100
39105,5.2e-05,172.217.194.0-255,7156,11891,54,244100
39106,5.5e-05,172.31.46.0-255,66,11957,54,244100
39107,9.5e-05,172.217.194.0-255,5738,17695,54,244100
39108,9.8e-05,172.31.46.0-255,66,17761,54,244100
39109,0.000121,172.31.46.0-255,66,17827,54,244100
39110,0.000138,172.217.194.0-255,5379,23206,54,244100
39111,0.000141,172.31.46.0-255,66,23272,54,244100
39112,0.000164,172.217.194.0-255,5738,29010,54,244100
39113,0.000167,172.31.46.0-255,66,29076,54,244100
39114,0.000182,172.217.194.0-255,2902,31978,54,244100
39115,0.000184,172.31.46.0-255,66,32044,54,244100
39116,0.000209,172.31.46.0-255,66,32110,54,244100
39117,0.000215,172.217.194.0-255,7156,39266,54,244100
39118,0.000217,172.31.46.0-255,66,39332,54,244100
39119,0.000243,172.217.194.0-255,5738,45070,54,244100
39120,0.000246,172.31.46.0-255,66,45136,54,244100
39121,0.000249,172.217.194.0-255,2832,47968,54,244100
39122,0.000251,172.31.46.0-255,66,48034,54,244100
39123,0.000253,172.217.194.0-255,98,48132,54,244100
39124,0.000255,172.31.46.0-255,66,48198,54,244100
39125,0.000484,172.217.194.0-255,365,48563,54,244100
39126,0.000487,172.31.46.0-255,66,48629,54,244100
39127,0.000619,172.217.194.0-255,1484,50113,54,244100
39128,0.000622,172.31.46.0-255,66,50179,54,244100
39129,0.000643,172.217.194.0-255,2902,53081,54,244100
39130,0.000645,172.31.46.0-255,66,53147,54,244100
39131,0.00065,172.217.194.0-255,5738,58885,54,244100
39132,0.000652,172.31.46.0-255,66,58951,54,244100
39133,0.000688,172.217.194.0-255,2902,61853,54,244100
39134,0.000691,172.31.46.0-255,66,61919,54,244100
39135,0.000709,172.217.194.0-255,3412,65331,54,244100
39136,0.000711,172.31.46.0-255,66,65397,54,244100
39137,0.001029,172.217.194.0-255,1484,66881,54,244100
39138,0.001038,172.217.194.0-255,2902,69783,54,244100
39139,0.001041,172.31.46.0-255,66,69849,54,244100
39140,0.001052,172.217.194.0-255,1484,71333,54,244100
39141,0.001071,172.217.194.0-255,4320,75653,54,244100
39142,0.001073,172.31.46.0-255,66,75719,54,244100
39143,0.001078,172.217.194.0-255,4320,80039,54,244100
39144,0.00108,172.31.46.0-255,66,80105,54,244100
39145,0.0011,172.31.46.0-255,66,80171,54,244100
39146,0.001107,172.217.194.0-255,7156,87327,54,244100
39147,0.001109,172.31.46.0-255,66,87393,54,244100
39148,0.001129,172.217.194.0-255,3602,90995,54,244100
39149,0.001131,172.31.46.0-255,66,91061,54,244100
39150,0.001584,172.217.194.0-255,1484,92545,54,244100
39151,0.00159,172.217.194.0-255,2902,95447,54,244100
39152,0.001594,172.31.46.0-255,66,95513,54,244100
39153,0.0016,172.217.194.0-255,5738,101251,54,244100
39154,0.001601,172.31.46.0-255,66,101317,54,244100
39155,0.001614,172.217.194.0-255,2902,104219,54,244100
39156,0.001616,172.31.46.0-255,66,104285,54,244100
39157,0.001641,172.31.46.0-255,66,104351,54,244100
39158,0.001685,172.31.46.0-255,66,104417,54,244100
39159,0.001928,172.217.194.0-255,1484,105901,54,244100
39160,0.001942,172.217.194.0-255,2902,108803,54,244100
39161,0.001944,172.31.46.0-255,66,108869,54,244100
39162,0.001948,172.217.194.0-255,2902,111771,54,244100
39163,0.001949,172.31.46.0-255,66,111837,54,244100
39164,0.001963,172.217.194.0-255,2902,114739,54,244100
39165,0.001965,172.31.46.0-255,66,114805,54,244100
39166,0.001967,172.217.194.0-255,1484,116289,54,244100
39167,0.001994,172.31.46.0-255,66,116355,54,244100
39168,0.002012,172.217.194.0-255,5738,122093,54,244100
39169,0.002014,172.31.46.0-255,66,122159,54,244100
39170,0.002038,172.217.194.0-255,5020,127179,54,244100
39171,0.002039,172.31.46.0-255,66,127245,54,244100
39172,0.002079,172.217.194.0-255,1484,128729,54,244100
39173,0.002082,172.217.194.0-255,1484,130213,54,244100
39174,0.002083,172.31.46.0-255,66,130279,54,244100
39175,0.002099,172.217.194.0-255,1484,131763,54,244100
39176,0.002102,172.217.194.0-255,1484,133247,54,244100
39177,0.002103,172.31.46.0-255,66,133313,54,244100
39178,0.002119,172.217.194.0-255,4320,137633,54,244100
39179,0.002121,172.31.46.0-255,66,137699,54,244100
39180,0.002131,172.31.46.0-255,66,137765,54,244100
39181,0.002151,172.217.194.0-255,2902,140667,54,244100
39182,0.002153,172.31.46.0-255,66,140733,54,244100
39183,0.002156,172.217.194.0-255,1484,142217,54,244100
39184,0.002179,172.31.46.0-255,66,142283,54,244100
39185,0.002239,172.217.194.0-255,1484,143767,54,244100
39186,0.002241,172.217.194.0-255,1484,145251,54,244100
39187,0.002243,172.31.46.0-255,66,145317,54,244100
39188,0.002254,172.217.194.0-255,1484,146801,54,244100
39189,0.002256,172.217.194.0-255,1484,148285,54,244100
39190,0.002258,172.31.46.0-255,66,148351,54,244100
39191,0.002273,172.217.194.0-255,4320,152671,54,244100
39192,0.002275,172.31.46.0-255,66,152737,54,244100
39193,0.002287,172.217.194.0-255,4320,157057,54,244100
39194,0.002289,172.31.46.0-255,66,157123,54,244100
39195,0.002312,172.31.46.0-255,66,157189,54,244100
39196,0.002317,172.217.194.0-255,4320,161509,54,244100
39197,0.002318,172.31.46.0-255,66,161575,54,244100
39198,0.002355,172.217.194.0-255,6438,168013,54,244100
39199,0.002358,172.31.46.0-255,66,168079,54,244100
39200,0.002415,172.217.194.0-255,1484,169563,54,244100
39201,0.002427,172.217.194.0-255,2902,172465,54,244100
39202,0.00243,172.31.46.0-255,66,172531,54,244100
39203,0.002434,172.217.194.0-255,2902,175433,54,244100
39204,0.002435,172.31.46.0-255,66,175499,54,244100
39205,0.002451,172.217.194.0-255,2902,178401,54,244100
39206,0.002454,172.31.46.0-255,66,178467,54,244100
39207,0.002458,172.217.194.0-255,4320,182787,54,244100
39208,0.00246,172.31.46.0-255,66,182853,54,244100
39209,0.002479,172.31.46.0-255,66,182919,54,244100
39210,0.00249,172.31.46.0-255,66,182985,54,244100
39211,0.002508,172.217.194.0-255,766,183751,54,244100
39212,0.002513,172.217.194.0-255,2902,186653,54,244100
39213,0.002514,172.31.46.0-255,66,186719,54,244100
39214,0.002562,172.31.46.0-255,66,186785,54,244100
39215,0.002571,172.31.46.0-255,66,186851,54,244100
39216,0.002594,172.217.194.0-255,1484,188335,54,244100
39217,0.002598,172.217.194.0-255,2902,191237,54,244100
39218,0.0026,172.31.46.0-255,66,191303,54,244100
39219,0.002644,172.217.194.0-255,5738,197041,54,244100
39220,0.002647,172.31.46.0-255,66,197107,54,244100
39221,0.00265,172.217.194.0-255,1484,198591,54,244100
39222,0.002652,172.31.46.0-255,78,198669,54,244100
39223,0.002658,172.217.194.0-255,7156,205825,54,244100
39224,0.002661,172.31.46.0-255,66,205891,54,244100
39225,0.002695,172.31.46.0-255,66,205957,54,244100
39226,0.002699,172.217.194.0-255,2184,208141,54,244100
39227,0.0027,172.31.46.0-255,66,208207,54,244100
39228,0.002704,172.217.194.0-255,2902,211109,54,244100
39229,0.002706,172.31.46.0-255,66,211175,54,244100
39230,0.002709,172.217.194.0-255,2902,214077,54,244100
39231,0.002713,172.31.46.0-255,66,214143,54,244100
39232,0.002727,172.217.194.0-255,4320,218463,54,244100
39233,0.00273,172.217.194.0-255,2902,221365,54,244100
39234,0.00273,172.31.46.0-255,66,221431,54,244100
39235,0.002732,172.217.194.0-255,1484,222915,54,244100
39236,0.002733,172.31.46.0-255,66,222981,54,244100
39237,0.002734,172.217.194.0-255,1484,224465,54,244100
39238,0.002736,172.31.46.0-255,66,224531,54,244100
39239,0.002748,172.217.194.0-255,1484,226015,54,244100
39240,0.002754,172.217.194.0-255,5738,231753,54,244100
39241,0.002757,172.31.46.0-255,66,231819,54,244100
39242,0.002784,172.217.194.0-255,5738,237557,54,244100
39243,0.002787,172.31.46.0-255,66,237623,54,244100
39244,0.002814,172.31.46.0-255,66,237689,54,244100
39245,0.002823,172.31.46.0-255,66,237755,54,244100
39246,0.002826,172.217.194.0-255,1484,239239,54,244100
39247,0.002856,172.31.46.0-255,66,239305,54,244100
39248,0.002879,172.217.194.0-255,105,239410,54,244100
39249,0.004858,172.31.46.0-255,66,239476,54,244100
39250,0.004884,172.31.46.0-255,105,239581,54,244100
39251,0.007399,172.217.194.0-255,66,239647,54,244100
39252,0.025396,172.31.46.0-255,171,239818,54,244100
39253,0.025424,172.31.46.0-255,1143,240961,54,244100
39254,0.025475,172.31.46.0-255,1514,242475,54,244100
39255,0.025477,172.31.46.0-255,1253,243728,54,244100
39256,0.026905,104.244.42.0-255,66,243794,54,244100
39257,0.026999,104.244.42.0-255,66,243860,54,244100
39258,0.027002,104.244.42.0-255,66,243926,54,244100
39259,0.027818,104.244.42.0-255,108,244034,54,244100
39260,0.027821,172.31.46.0-255,66,244100,54,244100
39261,0.0,74.125.130.0-255,153,153,54,163194
39262,2.7e-05,172.31.46.0-255,66,219,54,163194
39263,3.4e-05,74.125.130.0-255,1484,1703,54,163194
39264,4e-05,172.31.46.0-255,66,1769,54,163194
39265,5.3e-05,74.125.130.0-255,2902,4671,54,163194
39266,5.7e-05,172.31.46.0-255,66,4737,54,163194
39267,9.2e-05,74.125.130.0-255,1484,6221,54,163194
39268,9.5e-05,172.31.46.0-255,66,6287,54,163194
39269,0.0001,74.125.130.0-255,2902,9189,54,163194
39270,0.000103,172.31.46.0-255,66,9255,54,163194
39271,0.000106,74.125.130.0-255,1484,10739,54,163194
39272,0.000107,172.31.46.0-255,66,10805,54,163194
39273,0.000125,74.125.130.0-255,2902,13707,54,163194
39274,0.000128,172.31.46.0-255,66,13773,54,163194
39275,0.000155,74.125.130.0-255,614,14387,54,163194
39276,0.000157,172.31.46.0-255,66,14453,54,163194
39277,0.000418,74.125.130.0-255,1484,15937,54,163194
39278,0.000423,172.31.46.0-255,66,16003,54,163194
39279,0.000428,74.125.130.0-255,1484,17487,54,163194
39280,0.000431,172.31.46.0-255,66,17553,54,163194
39281,0.000441,74.125.130.0-255,2902,20455,54,163194
39282,0.000443,172.31.46.0-255,66,20521,54,163194
39283,0.000475,74.125.130.0-255,5738,26259,54,163194
39284,0.000479,172.31.46.0-255,66,26325,54,163194
39285,0.000482,74.125.130.0-255,1484,27809,54,163194
39286,0.000484,172.31.46.0-255,66,27875,54,163194
39287,0.000526,74.125.130.0-255,3961,31836,54,163194
39288,0.000529,172.31.46.0-255,66,31902,54,163194
39289,0.000559,74.125.130.0-255,4320,36222,54,163194
39290,0.000561,172.31.46.0-255,66,36288,54,163194
39291,0.000566,74.125.130.0-255,2902,39190,54,163194
39292,0.000568,172.31.46.0-255,66,39256,54,163194
39293,0.000585,74.125.130.0-255,1484,40740,54,163194
39294,0.000598,74.125.130.0-255,5738,46478,54,163194
39295,0.000605,172.31.46.0-255,66,46544,54,163194
39296,0.000614,74.125.130.0-255,2543,49087,54,163194
39297,0.000651,172.31.46.0-255,66,49153,54,163194
39298,0.000687,74.125.130.0-255,1484,50637,54,163194
39299,0.000703,74.125.130.0-255,2902,53539,54,163194
39300,0.000718,74.125.130.0-255,1484,55023,54,163194
39301,0.000727,172.31.46.0-255,66,55089,54,163194
39302,0.000732,74.125.130.0-255,2902,57991,54,163194
39303,0.000735,74.125.130.0-255,1484,59475,54,163194
39304,0.00074,172.31.46.0-255,66,59541,54,163194
39305,0.00079,74.125.130.0-255,4320,63861,54,163194
39306,0.000796,74.125.130.0-255,2794,66655,54,163194
39307,0.000891,74.125.130.0-255,120,66775,54,163194
39308,0.000964,74.125.130.0-255,381,67156,54,163194
39309,0.001137,172.31.46.0-255,66,67222,54,163194
39310,0.00153,74.125.130.0-255,1484,68706,54,163194
39311,0.001548,74.125.130.0-255,2902,71608,54,163194
39312,0.001552,172.31.46.0-255,66,71674,54,163194
39313,0.001612,74.125.130.0-255,4320,75994,54,163194
39314,0.001624,172.31.46.0-255,66,76060,54,163194
39315,0.001635,74.125.130.0-255,2902,78962,54,163194
39316,0.001643,74.125.130.0-255,1484,80446,54,163194
39317,0.001648,172.31.46.0-255,66,80512,54,163194
39318,0.001664,74.125.130.0-255,2902,83414,54,163194
39319,0.001667,74.125.130.0-255,1484,84898,54,163194
39320,0.001686,172.31.46.0-255,66,84964,54,163194
39321,0.001696,74.125.130.0-255,2902,87866,54,163194
39322,0.001714,74.125.130.0-255,2902,90768,54,163194
39323,0.001717,172.31.46.0-255,66,90834,54,163194
39324,0.001741,74.125.130.0-255,2902,93736,54,163194
39325,0.001744,74.125.130.0-255,1484,95220,54,163194
39326,0.001747,74.125.130.0-255,1484,96704,54,163194
39327,0.001758,74.125.130.0-255,1484,98188,54,163194
39328,0.001766,172.31.46.0-255,66,98254,54,163194
39329,0.001795,74.125.130.0-255,3602,101856,54,163194
39330,0.001814,172.31.46.0-255,66,101922,54,163194
39331,0.004632,74.125.130.0-255,1484,103406,54,163194
39332,0.004645,74.125.130.0-255,2902,106308,54,163194
39333,0.004651,172.31.46.0-255,66,106374,54,163194
39334,0.004656,74.125.130.0-255,1484,107858,54,163194
39335,0.006966,74.125.130.0-255,1484,109342,54,163194
39336,0.006984,74.125.130.0-255,2902,112244,54,163194
39337,0.007657,172.31.46.0-255,66,112310,54,163194
39338,0.01,74.125.130.0-255,5738,118048,54,163194
39339,0.010012,172.31.46.0-255,66,118114,54,163194
39340,0.012347,74.125.130.0-255,5738,123852,54,163194
39341,0.012524,172.31.46.0-255,66,123918,54,163194
39342,0.014858,74.125.130.0-255,5738,129656,54,163194
39343,0.014868,172.31.46.0-255,66,129722,54,163194
39344,0.017196,74.125.130.0-255,5738,135460,54,163194
39345,0.017202,172.31.46.0-255,66,135526,54,163194
39346,0.01953,74.125.130.0-255,5738,141264,54,163194
39347,0.019537,172.31.46.0-255,66,141330,54,163194
39348,0.021863,74.125.130.0-255,5738,147068,54,163194
39349,0.02187,172.31.46.0-255,66,147134,54,163194
39350,0.024196,74.125.130.0-255,4320,151454,54,163194
39351,0.024205,172.31.46.0-255,66,151520,54,163194
39352,0.024234,74.125.130.0-255,1484,153004,54,163194
39353,0.026553,74.125.130.0-255,4320,157324,54,163194
39354,0.026559,172.31.46.0-255,66,157390,54,163194
39355,0.028899,74.125.130.0-255,5738,163128,54,163194
39356,0.02891,172.31.46.0-255,66,163194,54,163194
39357,0.0,74.125.68.0-255,150,150,54,235211
39358,2.4e-05,172.31.46.0-255,66,216,54,235211
39359,4.4e-05,74.125.68.0-255,1484,1700,54,235211
39360,4.9e-05,172.31.46.0-255,66,1766,54,235211
39361,5.5e-05,74.125.68.0-255,2902,4668,54,235211
39362,5.9e-05,172.31.46.0-255,66,4734,54,235211
39363,6.3e-05,74.125.68.0-255,2902,7636,54,235211
39364,6.6e-05,172.31.46.0-255,66,7702,54,235211
39365,7.1e-05,74.125.68.0-255,4320,12022,54,235211
39366,7.4e-05,172.31.46.0-255,66,12088,54,235211
39367,0.000108,172.31.46.0-255,66,12154,54,235211
39368,0.000115,74.125.68.0-255,5738,17892,54,235211
39369,0.000117,172.31.46.0-255,66,17958,54,235211
39370,0.000132,74.125.68.0-255,2902,20860,54,235211
39371,0.000135,172.31.46.0-255,66,20926,54,235211
39372,0.00014,74.125.68.0-255,2902,23828,54,235211
39373,0.000142,172.31.46.0-255,66,23894,54,235211
39374,0.000169,74.125.68.0-255,4320,28214,54,235211
39375,0.000172,172.31.46.0-255,66,28280,54,235211
39376,0.000178,74.125.68.0-255,4320,32600,54,235211
39377,0.00018,172.31.46.0-255,66,32666,54,235211
39378,0.000208,74.125.68.0-255,4320,36986,54,235211
39379,0.000211,172.31.46.0-255,66,37052,54,235211
39380,0.000217,74.125.68.0-255,3602,40654,54,235211
39381,0.000219,172.31.46.0-255,66,40720,54,235211
39382,0.000279,74.125.68.0-255,1484,42204,54,235211
39383,0.000282,172.31.46.0-255,66,42270,54,235211
39384,0.000286,74.125.68.0-255,1484,43754,54,235211
39385,0.000287,172.31.46.0-255,66,43820,54,235211
39386,0.0003,74.125.68.0-255,1484,45304,54,235211
39387,0.000302,172.31.46.0-255,66,45370,54,235211
39388,0.00033,74.125.68.0-255,5738,51108,54,235211
39389,0.000333,172.31.46.0-255,66,51174,54,235211
39390,0.000355,74.125.68.0-255,5738,56912,54,235211
39391,0.000358,172.31.46.0-255,66,56978,54,235211
39392,0.000386,74.125.68.0-255,1483,58461,54,235211
39393,0.000466,74.125.68.0-255,1484,59945,54,235211
39394,0.000469,172.31.46.0-255,66,60011,54,235211
39395,0.000485,74.125.68.0-255,2902,62913,54,235211
39396,0.000487,172.31.46.0-255,66,62979,54,235211
39397,0.00049,74.125.68.0-255,1484,64463,54,235211
39398,0.00051,74.125.68.0-255,2902,67365,54,235211
39399,0.000513,172.31.46.0-255,66,67431,54,235211
39400,0.000546,74.125.68.0-255,5738,73169,54,235211
39401,0.000549,172.31.46.0-255,66,73235,54,235211
39402,0.000552,74.125.68.0-255,2902,76137,54,235211
39403,0.000554,172.31.46.0-255,66,76203,54,235211
39404,0.000557,74.125.68.0-255,1484,77687,54,235211
39405,0.000578,74.125.68.0-255,2902,80589,54,235211
39406,0.000581,172.31.46.0-255,66,80655,54,235211
39407,0.000624,172.31.46.0-255,66,80721,54,235211
39408,0.000653,74.125.68.0-255,3602,84323,54,235211
39409,0.000656,172.31.46.0-255,66,84389,54,235211
39410,0.001355,74.125.68.0-255,1484,85873,54,235211
39411,0.001362,74.125.68.0-255,1484,87357,54,235211
39412,0.001365,172.31.46.0-255,66,87423,54,235211
39413,0.001385,74.125.68.0-255,1484,88907,54,235211
39414,0.001391,74.125.68.0-255,5738,94645,54,235211
39415,0.001393,172.31.46.0-255,66,94711,54,235211
39416,0.001413,74.125.68.0-255,7156,101867,54,235211
39417,0.001414,172.31.46.0-255,66,101933,54,235211
39418,0.001434,172.31.46.0-255,66,101999,54,235211
39419,0.001455,74.125.68.0-255,2902,104901,54,235211
39420,0.001457,172.31.46.0-255,66,104967,54,235211
39421,0.001469,74.125.68.0-255,5020,109987,54,235211
39422,0.001471,172.31.46.0-255,66,110053,54,235211
39423,0.00162,74.125.68.0-255,1484,111537,54,235211
39424,0.001639,74.125.68.0-255,2902,114439,54,235211
39425,0.001642,172.31.46.0-255,66,114505,54,235211
39426,0.001659,74.125.68.0-255,1484,115989,54,235211
39427,0.001675,74.125.68.0-255,2902,118891,54,235211
39428,0.001677,172.31.46.0-255,66,118957,54,235211
39429,0.001683,74.125.68.0-255,4320,123277,54,235211
39430,0.001684,172.31.46.0-255,66,123343,54,235211
39431,0.001695,74.125.68.0-255,1484,124827,54,235211
39432,0.001718,74.125.68.0-255,4320,129147,54,235211
39433,0.001721,172.31.46.0-255,66,129213,54,235211
39434,0.001744,74.125.68.0-255,5738,134951,54,235211
39435,0.001746,172.31.46.0-255,66,135017,54,235211
39436,0.001767,74.125.68.0-255,4320,139337,54,235211
39437,0.001768,172.31.46.0-255,66,139403,54,235211
39438,0.001793,74.125.68.0-255,6438,145841,54,235211
39439,0.001795,172.31.46.0-255,66,145907,54,235211
39440,0.001798,74.125.68.0-255,2902,148809,54,235211
39441,0.0018,172.31.46.0-255,66,148875,54,235211
39442,0.001856,172.31.46.0-255,66,148941,54,235211
39443,0.00186,74.125.68.0-255,1484,150425,54,235211
39444,0.001887,172.31.46.0-255,66,150491,54,235211
39445,0.001913,172.31.46.0-255,66,150557,54,235211
39446,0.001929,74.125.68.0-255,4320,154877,54,235211
39447,0.001931,172.31.46.0-255,66,154943,54,235211
39448,0.001935,74.125.68.0-255,2902,157845,54,235211
39449,0.001937,172.31.46.0-255,66,157911,54,235211
39450,0.001964,74.125.68.0-255,1484,159395,54,235211
39451,0.001991,172.31.46.0-255,66,159461,54,235211
39452,0.002014,74.125.68.0-255,1484,160945,54,235211
39453,0.00204,172.31.46.0-255,66,161011,54,235211
39454,0.002055,74.125.68.0-255,1484,162495,54,235211
39455,0.002085,172.31.46.0-255,66,162561,54,235211
39456,0.002103,74.125.68.0-255,2902,165463,54,235211
39457,0.002106,172.31.46.0-255,66,165529,54,235211
39458,0.002111,74.125.68.0-255,3602,169131,54,235211
39459,0.002113,172.31.46.0-255,66,169197,54,235211
39460,0.002128,74.125.68.0-255,4320,173517,54,235211
39461,0.002129,172.31.46.0-255,66,173583,54,235211
39462,0.00215,172.31.46.0-255,66,173649,54,235211
39463,0.002187,172.31.46.0-255,66,173715,54,235211
39464,0.002189,74.125.68.0-255,766,174481,54,235211
39465,0.002226,74.125.68.0-255,5738,180219,54,235211
39466,0.002229,172.31.46.0-255,66,180285,54,235211
39467,0.00225,74.125.68.0-255,7156,187441,54,235211
39468,0.002253,172.31.46.0-255,66,187507,54,235211
39469,0.002295,172.31.46.0-255,66,187573,54,235211
39470,0.002333,74.125.68.0-255,4320,191893,54,235211
39471,0.002335,172.31.46.0-255,66,191959,54,235211
39472,0.002361,172.31.46.0-255,66,192025,54,235211
39473,0.002373,172.31.46.0-255,66,192091,54,235211
39474,0.002415,74.125.68.0-255,4320,196411,54,235211
39475,0.002418,172.31.46.0-255,66,196477,54,235211
39476,0.002443,74.125.68.0-255,2902,199379,54,235211
39477,0.002445,172.31.46.0-255,66,199445,54,235211
39478,0.002455,172.31.46.0-255,66,199511,54,235211
39479,0.002461,74.125.68.0-255,6438,205949,54,235211
39480,0.002463,172.31.46.0-255,66,206015,54,235211
39481,0.002469,74.125.68.0-255,7156,213171,54,235211
39482,0.002471,172.31.46.0-255,66,213237,54,235211
39483,0.002475,74.125.68.0-255,2902,216139,54,235211
39484,0.002477,172.31.46.0-255,66,216205,54,235211
39485,0.002513,172.31.46.0-255,66,216271,54,235211
39486,0.002539,74.125.68.0-255,4320,220591,54,235211
39487,0.002542,172.31.46.0-255,66,220657,54,235211
39488,0.002565,74.125.68.0-255,6438,227095,54,235211
39489,0.002567,172.31.46.0-255,66,227161,54,235211
39490,0.002578,74.125.68.0-255,1484,228645,54,235211
39491,0.002599,74.125.68.0-255,6158,234803,54,235211
39492,0.002601,172.31.46.0-255,66,234869,54,235211
39493,0.005147,74.125.68.0-255,105,234974,54,235211
39494,0.009313,172.31.46.0-255,66,235040,54,235211
39495,0.009363,172.31.46.0-255,105,235145,54,235211
39496,0.011889,74.125.68.0-255,66,235211,54,235211
39497,0.0,74.125.24.0-255,291,291,54,230299
39498,1.4e-05,172.31.46.0-255,66,357,54,230299
39499,4.9e-05,74.125.24.0-255,1484,1841,54,230299
39500,5.3e-05,172.31.46.0-255,66,1907,54,230299
39501,5.9e-05,74.125.24.0-255,2902,4809,54,230299
39502,6.3e-05,172.31.46.0-255,66,4875,54,230299
39503,7.5e-05,74.125.24.0-255,5738,10613,54,230299
39504,7.9e-05,172.31.46.0-255,66,10679,54,230299
39505,0.000107,74.125.24.0-255,5738,16417,54,230299
39506,0.00011,172.31.46.0-255,66,16483,54,230299
39507,0.000138,74.125.24.0-255,6052,22535,54,230299
39508,0.000141,172.31.46.0-255,66,22601,54,230299
39509,0.000154,172.31.46.0-255,66,22667,54,230299
39510,0.000322,74.125.24.0-255,1484,24151,54,230299
39511,0.000326,172.31.46.0-255,66,24217,54,230299
39512,0.000332,74.125.24.0-255,2902,27119,54,230299
39513,0.000334,172.31.46.0-255,66,27185,54,230299
39514,0.000347,74.125.24.0-255,5738,32923,54,230299
39515,0.000351,172.31.46.0-255,66,32989,54,230299
39516,0.000396,74.125.24.0-255,2902,35891,54,230299
39517,0.000399,172.31.46.0-255,66,35957,54,230299
39518,0.000434,74.125.24.0-255,3961,39918,54,230299
39519,0.000437,172.31.46.0-255,66,39984,54,230299
39520,0.000445,74.125.24.0-255,7156,47140,54,230299
39521,0.000448,172.31.46.0-255,66,47206,54,230299
39522,0.000464,172.31.46.0-255,66,47272,54,230299
39523,0.000466,74.125.24.0-255,441,47713,54,230299
39524,0.000468,172.31.46.0-255,66,47779,54,230299
39525,0.00049,74.125.24.0-255,332,48111,54,230299
39526,0.000493,172.31.46.0-255,66,48177,54,230299
39527,0.00082,74.125.24.0-255,1484,49661,54,230299
39528,0.000825,172.31.46.0-255,66,49727,54,230299
39529,0.000855,74.125.24.0-255,2902,52629,54,230299
39530,0.000858,172.31.46.0-255,66,52695,54,230299
39531,0.000865,74.125.24.0-255,5738,58433,54,230299
39532,0.000867,172.31.46.0-255,66,58499,54,230299
39533,0.000883,172.31.46.0-255,66,58565,54,230299
39534,0.000912,74.125.24.0-255,2902,61467,54,230299
39535,0.000914,172.31.46.0-255,66,61533,54,230299
39536,0.000926,74.125.24.0-255,1484,63017,54,230299
39537,0.000928,172.31.46.0-255,66,63083,54,230299
39538,0.000972,172.31.46.0-255,66,63149,54,230299
39539,0.001324,74.125.24.0-255,1484,64633,54,230299
39540,0.001329,172.31.46.0-255,66,64699,54,230299
39541,0.001334,74.125.24.0-255,1484,66183,54,230299
39542,0.001336,172.31.46.0-255,66,66249,54,230299
39543,0.001356,74.125.24.0-255,1484,67733,54,230299
39544,0.001359,172.31.46.0-255,66,67799,54,230299
39545,0.00137,74.125.24.0-255,5738,73537,54,230299
39546,0.001372,172.31.46.0-255,66,73603,54,230299
39547,0.001384,74.125.24.0-255,1484,75087,54,230299
39548,0.001386,172.31.46.0-255,66,75153,54,230299
39549,0.001432,172.31.46.0-255,66,75219,54,230299
39550,0.001438,74.125.24.0-255,5738,80957,54,230299
39551,0.00144,172.31.46.0-255,66,81023,54,230299
39552,0.001465,74.125.24.0-255,5020,86043,54,230299
39553,0.001467,172.31.46.0-255,66,86109,54,230299
39554,0.001475,74.125.24.0-255,1484,87593,54,230299
39555,0.001477,172.31.46.0-255,66,87659,54,230299
39556,0.00148,74.125.24.0-255,1484,89143,54,230299
39557,0.001482,172.31.46.0-255,66,89209,54,230299
39558,0.001505,74.125.24.0-255,1484,90693,54,230299
39559,0.001512,172.31.46.0-255,66,90759,54,230299
39560,0.001518,74.125.24.0-255,5738,96497,54,230299
39561,0.00152,172.31.46.0-255,66,96563,54,230299
39562,0.001523,74.125.24.0-255,1484,98047,54,230299
39563,0.001525,172.31.46.0-255,66,98113,54,230299
39564,0.001574,172.31.46.0-255,66,98179,54,230299
39565,0.001618,172.31.46.0-255,66,98245,54,230299
39566,0.002101,74.125.24.0-255,1484,99729,54,230299
39567,0.002106,172.31.46.0-255,66,99795,54,230299
39568,0.00211,74.125.24.0-255,1484,101279,54,230299
39569,0.002112,172.31.46.0-255,66,101345,54,230299
39570,0.002148,74.125.24.0-255,1484,102829,54,230299
39571,0.002151,172.31.46.0-255,66,102895,54,230299
39572,0.002159,74.125.24.0-255,5738,108633,54,230299
39573,0.002161,172.31.46.0-255,66,108699,54,230299
39574,0.00218,172.31.46.0-255,66,108765,54,230299
39575,0.00219,74.125.24.0-255,4320,113085,54,230299
39576,0.002234,172.31.46.0-255,66,113151,54,230299
39577,0.002239,74.125.24.0-255,2902,116053,54,230299
39578,0.002244,172.31.46.0-255,66,116119,54,230299
39579,0.002283,172.31.46.0-255,66,116185,54,230299
39580,0.002322,74.125.24.0-255,1484,117669,54,230299
39581,0.002342,74.125.24.0-255,2902,120571,54,230299
39582,0.002345,74.125.24.0-255,1484,122055,54,230299
39583,0.002361,74.125.24.0-255,2902,124957,54,230299
39584,0.002373,172.31.46.0-255,66,125023,54,230299
39585,0.00239,74.125.24.0-255,5738,130761,54,230299
39586,0.00241,74.125.24.0-255,1484,132245,54,230299
39587,0.002416,74.125.24.0-255,4320,136565,54,230299
39588,0.002447,172.31.46.0-255,66,136631,54,230299
39589,0.002452,172.31.46.0-255,66,136697,54,230299
39590,0.002488,74.125.24.0-255,2184,138881,54,230299
39591,0.002503,172.31.46.0-255,66,138947,54,230299
39592,0.002669,74.125.24.0-255,1484,140431,54,230299
39593,0.002684,74.125.24.0-255,2902,143333,54,230299
39594,0.002697,74.125.24.0-255,2902,146235,54,230299
39595,0.002702,172.31.46.0-255,66,146301,54,230299
39596,0.002715,74.125.24.0-255,2902,149203,54,230299
39597,0.002722,74.125.24.0-255,1484,150687,54,230299
39598,0.002733,74.125.24.0-255,4320,155007,54,230299
39599,0.002755,74.125.24.0-255,4320,159327,54,230299
39600,0.002757,74.125.24.0-255,1484,160811,54,230299
39601,0.002761,172.31.46.0-255,78,160889,54,230299
39602,0.002768,74.125.24.0-255,5738,166627,54,230299
39603,0.002771,172.31.46.0-255,78,166705,54,230299
39604,0.002865,74.125.24.0-255,7156,173861,54,230299
39605,0.002889,74.125.24.0-255,7156,181017,54,230299
39606,0.002923,74.125.24.0-255,4320,185337,54,230299
39607,0.002977,74.125.24.0-255,4320,189657,54,230299
39608,0.003037,74.125.24.0-255,4320,193977,54,230299
39609,0.003041,74.125.24.0-255,3602,197579,54,230299
39610,0.003064,74.125.24.0-255,7156,204735,54,230299
39611,0.003097,74.125.24.0-255,5738,210473,54,230299
39612,0.003117,74.125.24.0-255,6438,216911,54,230299
39613,0.00316,74.125.24.0-255,7156,224067,54,230299
39614,0.00318,74.125.24.0-255,4320,228387,54,230299
39615,0.003184,74.125.24.0-255,1492,229879,54,230299
39616,0.003187,74.125.24.0-255,105,229984,54,230299
39617,0.008856,172.31.46.0-255,66,230050,54,230299
39618,0.009845,172.31.46.0-255,78,230128,54,230299
39619,0.010834,172.31.46.0-255,105,230233,54,230299
39620,0.01309,74.125.24.0-255,66,230299,54,230299
39621,0.0,172.253.118.0-255,153,153,54,277453
39622,1.6e-05,172.31.46.0-255,66,219,54,277453
39623,2.3e-05,172.253.118.0-255,1484,1703,54,277453
39624,2.8e-05,172.31.46.0-255,66,1769,54,277453
39625,3.4e-05,172.253.118.0-255,2902,4671,54,277453
39626,3.7e-05,172.31.46.0-255,66,4737,54,277453
39627,6.4e-05,172.253.118.0-255,7156,11893,54,277453
39628,6.7e-05,172.31.46.0-255,66,11959,54,277453
39629,8.3e-05,172.253.118.0-255,1484,13443,54,277453
39630,8.5e-05,172.31.46.0-255,66,13509,54,277453
39631,0.000111,172.253.118.0-255,6393,19902,54,277453
39632,0.000114,172.31.46.0-255,66,19968,54,277453
39633,0.000121,172.253.118.0-255,7156,27124,54,277453
39634,0.000123,172.31.46.0-255,66,27190,54,277453
39635,0.000139,172.253.118.0-255,1484,28674,54,277453
39636,0.000142,172.31.46.0-255,66,28740,54,277453
39637,0.000156,172.253.118.0-255,2543,31283,54,277453
39638,0.000158,172.31.46.0-255,66,31349,54,277453
39639,0.000973,172.253.118.0-255,1484,32833,54,277453
39640,0.000981,172.31.46.0-255,66,32899,54,277453
39641,0.00099,172.253.118.0-255,2902,35801,54,277453
39642,0.000993,172.31.46.0-255,66,35867,54,277453
39643,0.001009,172.253.118.0-255,4320,40187,54,277453
39644,0.001011,172.31.46.0-255,66,40253,54,277453
39645,0.00103,172.253.118.0-255,4320,44573,54,277453
39646,0.001032,172.31.46.0-255,66,44639,54,277453
39647,0.001062,172.253.118.0-255,5379,50018,54,277453
39648,0.001064,172.31.46.0-255,66,50084,54,277453
39649,0.001071,172.253.118.0-255,5738,55822,54,277453
39650,0.001073,172.31.46.0-255,66,55888,54,277453
39651,0.001109,172.253.118.0-255,5738,61626,54,277453
39652,0.001112,172.31.46.0-255,66,61692,54,277453
39653,0.001132,172.253.118.0-255,4235,65927,54,277453
39654,0.001136,172.31.46.0-255,66,65993,54,277453
39655,0.001139,172.253.118.0-255,128,66121,54,277453
39656,0.001201,172.253.118.0-255,1484,67605,54,277453
39657,0.001205,172.31.46.0-255,66,67671,54,277453
39658,0.001223,172.253.118.0-255,2902,70573,54,277453
39659,0.001226,172.31.46.0-255,66,70639,54,277453
39660,0.001233,172.253.118.0-255,5738,76377,54,277453
39661,0.001236,172.31.46.0-255,66,76443,54,277453
39662,0.001253,172.253.118.0-255,2902,79345,54,277453
39663,0.001256,172.31.46.0-255,66,79411,54,277453
39664,0.001277,172.253.118.0-255,3961,83372,54,277453
39665,0.00128,172.31.46.0-255,66,83438,54,277453
39666,0.001283,172.253.118.0-255,1484,84922,54,277453
39667,0.001305,172.253.118.0-255,5738,90660,54,277453
39668,0.001308,172.31.46.0-255,66,90726,54,277453
39669,0.001312,172.253.118.0-255,2902,93628,54,277453
39670,0.001314,172.31.46.0-255,66,93694,54,277453
39671,0.001381,172.253.118.0-255,4320,98014,54,277453
39672,0.001384,172.31.46.0-255,66,98080,54,277453
39673,0.001402,172.253.118.0-255,2543,100623,54,277453
39674,0.001406,172.31.46.0-255,66,100689,54,277453
39675,0.002462,172.253.118.0-255,1484,102173,54,277453
39676,0.002473,172.253.118.0-255,2902,105075,54,277453
39677,0.002478,172.31.46.0-255,66,105141,54,277453
39678,0.002487,172.253.118.0-255,5738,110879,54,277453
39679,0.00249,172.31.46.0-255,66,110945,54,277453
39680,0.002497,172.253.118.0-255,4320,115265,54,277453
39681,0.002498,172.31.46.0-255,66,115331,54,277453
39682,0.002517,172.253.118.0-255,7156,122487,54,277453
39683,0.002519,172.31.46.0-255,66,122553,54,277453
39684,0.00253,172.253.118.0-255,1484,124037,54,277453
39685,0.002535,172.253.118.0-255,2902,126939,54,277453
39686,0.002537,172.31.46.0-255,66,127005,54,277453
39687,0.002571,172.31.46.0-255,66,127071,54,277453
39688,0.002718,172.253.118.0-255,1484,128555,54,277453
39689,0.002742,172.253.118.0-255,2902,131457,54,277453
39690,0.002745,172.31.46.0-255,66,131523,54,277453
39691,0.002752,172.253.118.0-255,5738,137261,54,277453
39692,0.002754,172.31.46.0-255,66,137327,54,277453
39693,0.002794,172.31.46.0-255,66,137393,54,277453
39694,0.002817,172.253.118.0-255,1484,138877,54,277453
39695,0.002831,172.31.46.0-255,66,138943,54,277453
39696,0.002836,172.253.118.0-255,2184,141127,54,277453
39697,0.002838,172.31.46.0-255,66,141193,54,277453
39698,0.002842,172.253.118.0-255,2902,144095,54,277453
39699,0.002845,172.31.46.0-255,66,144161,54,277453
39700,0.002874,172.253.118.0-255,7156,151317,54,277453
39701,0.002877,172.31.46.0-255,66,151383,54,277453
39702,0.002882,172.253.118.0-255,2902,154285,54,277453
39703,0.002884,172.31.46.0-255,66,154351,54,277453
39704,0.002898,172.253.118.0-255,4320,158671,54,277453
39705,0.0029,172.31.46.0-255,66,158737,54,277453
39706,0.002905,172.253.118.0-255,2902,161639,54,277453
39707,0.002907,172.31.46.0-255,66,161705,54,277453
39708,0.002942,172.31.46.0-255,66,161771,54,277453
39709,0.002944,172.253.118.0-255,766,162537,54,277453
39710,0.003064,172.253.118.0-255,1484,164021,54,277453
39711,0.003066,172.31.46.0-255,66,164087,54,277453
39712,0.003088,172.253.118.0-255,2902,166989,54,277453
39713,0.003091,172.31.46.0-255,66,167055,54,277453
39714,0.003097,172.253.118.0-255,5738,172793,54,277453
39715,0.003099,172.31.46.0-255,66,172859,54,277453
39716,0.003132,172.31.46.0-255,66,172925,54,277453
39717,0.003153,172.253.118.0-255,1484,174409,54,277453
39718,0.003163,172.31.46.0-255,66,174475,54,277453
39719,0.003182,172.253.118.0-255,2184,176659,54,277453
39720,0.003184,172.31.46.0-255,66,176725,54,277453
39721,0.003634,172.253.118.0-255,1484,178209,54,277453
39722,0.003652,172.253.118.0-255,2902,181111,54,277453
39723,0.003655,172.31.46.0-255,66,181177,54,277453
39724,0.003674,172.253.118.0-255,5738,186915,54,277453
39725,0.003676,172.31.46.0-255,66,186981,54,277453
39726,0.003679,172.253.118.0-255,1484,188465,54,277453
39727,0.003711,172.253.118.0-255,7156,195621,54,277453
39728,0.003713,172.31.46.0-255,66,195687,54,277453
39729,0.003762,172.31.46.0-255,66,195753,54,277453
39730,0.003766,172.253.118.0-255,4320,200073,54,277453
39731,0.003769,172.31.46.0-255,66,200139,54,277453
39732,0.003778,172.253.118.0-255,1484,201623,54,277453
39733,0.003783,172.253.118.0-255,4320,205943,54,277453
39734,0.003806,172.253.118.0-255,1484,207427,54,277453
39735,0.00381,172.253.118.0-255,2902,210329,54,277453
39736,0.003815,172.253.118.0-255,4320,214649,54,277453
39737,0.003817,172.253.118.0-255,1484,216133,54,277453
39738,0.003832,172.253.118.0-255,5020,221153,54,277453
39739,0.003885,172.253.118.0-255,4320,225473,54,277453
39740,0.003903,172.253.118.0-255,1484,226957,54,277453
39741,0.003907,172.253.118.0-255,2902,229859,54,277453
39742,0.00394,172.253.118.0-255,1484,231343,54,277453
39743,0.003944,172.253.118.0-255,4320,235663,54,277453
39744,0.003949,172.253.118.0-255,4320,239983,54,277453
39745,0.003983,172.253.118.0-255,1484,241467,54,277453
39746,0.004003,172.253.118.0-255,5020,246487,54,277453
39747,0.004018,172.253.118.0-255,4320,250807,54,277453
39748,0.004032,172.253.118.0-255,2902,253709,54,277453
39749,0.004037,172.253.118.0-255,5738,259447,54,277453
39750,0.004062,172.253.118.0-255,5738,265185,54,277453
39751,0.004209,172.253.118.0-255,2184,267369,54,277453
39752,0.004542,172.253.118.0-255,1484,268853,54,277453
39753,0.004548,172.253.118.0-255,2902,271755,54,277453
39754,0.004602,172.253.118.0-255,2902,274657,54,277453
39755,0.004618,172.253.118.0-255,2454,277111,54,277453
39756,0.004638,172.253.118.0-255,105,277216,54,277453
39757,0.006151,172.31.46.0-255,66,277282,54,277453
39758,0.009601,172.31.46.0-255,105,277387,54,277453
39759,0.012112,172.253.118.0-255,66,277453,54,277453
39760,0.0,74.125.68.0-255,299,299,54,251936
39761,2.4e-05,172.31.46.0-255,66,365,54,251936
39762,3.1e-05,74.125.68.0-255,1484,1849,54,251936
39763,3.5e-05,172.31.46.0-255,66,1915,54,251936
39764,3.8e-05,74.125.68.0-255,1484,3399,54,251936
39765,4.8e-05,172.31.46.0-255,66,3465,54,251936
39766,5.4e-05,74.125.68.0-255,2902,6367,54,251936
39767,5.7e-05,172.31.46.0-255,66,6433,54,251936
39768,7.6e-05,74.125.68.0-255,5738,12171,54,251936
39769,8.3e-05,172.31.46.0-255,66,12237,54,251936
39770,8.8e-05,74.125.68.0-255,1884,14121,54,251936
39771,9e-05,172.31.46.0-255,66,14187,54,251936
39772,0.000349,74.125.68.0-255,1484,15671,54,251936
39773,0.000356,172.31.46.0-255,66,15737,54,251936
39774,0.000362,74.125.68.0-255,2902,18639,54,251936
39775,0.000365,172.31.46.0-255,66,18705,54,251936
39776,0.000392,74.125.68.0-255,5738,24443,54,251936
39777,0.000395,172.31.46.0-255,66,24509,54,251936
39778,0.000425,74.125.68.0-255,5738,30247,54,251936
39779,0.000428,172.31.46.0-255,66,30313,54,251936
39780,0.000451,74.125.68.0-255,1125,31438,54,251936
39781,0.000454,172.31.46.0-255,66,31504,54,251936
39782,0.000478,74.125.68.0-255,1484,32988,54,251936
39783,0.00048,172.31.46.0-255,66,33054,54,251936
39784,0.000483,74.125.68.0-255,1484,34538,54,251936
39785,0.000485,172.31.46.0-255,66,34604,54,251936
39786,0.000513,74.125.68.0-255,1484,36088,54,251936
39787,0.000515,172.31.46.0-255,66,36154,54,251936
39788,0.000523,74.125.68.0-255,5738,41892,54,251936
39789,0.000525,172.31.46.0-255,66,41958,54,251936
39790,0.00055,74.125.68.0-255,2902,44860,54,251936
39791,0.000553,172.31.46.0-255,66,44926,54,251936
39792,0.000585,74.125.68.0-255,2902,47828,54,251936
39793,0.000588,172.31.46.0-255,66,47894,54,251936
39794,0.000596,74.125.68.0-255,7156,55050,54,251936
39795,0.000599,172.31.46.0-255,66,55116,54,251936
39796,0.000602,74.125.68.0-255,1484,56600,54,251936
39797,0.000639,74.125.68.0-255,2902,59502,54,251936
39798,0.000642,172.31.46.0-255,66,59568,54,251936
39799,0.000646,74.125.68.0-255,1484,61052,54,251936
39800,0.000672,74.125.68.0-255,2902,63954,54,251936
39801,0.000675,172.31.46.0-255,66,64020,54,251936
39802,0.000701,74.125.68.0-255,2184,66204,54,251936
39803,0.000704,172.31.46.0-255,66,66270,54,251936
39804,0.000738,74.125.68.0-255,396,66666,54,251936
39805,0.000775,74.125.68.0-255,112,66778,54,251936
39806,0.000949,74.125.68.0-255,1484,68262,54,251936
39807,0.000954,172.31.46.0-255,66,68328,54,251936
39808,0.000974,74.125.68.0-255,2902,71230,54,251936
39809,0.000977,172.31.46.0-255,66,71296,54,251936
39810,0.001018,74.125.68.0-255,4320,75616,54,251936
39811,0.001021,172.31.46.0-255,66,75682,54,251936
39812,0.001064,74.125.68.0-255,5738,81420,54,251936
39813,0.001067,172.31.46.0-255,66,81486,54,251936
39814,0.001071,74.125.68.0-255,1484,82970,54,251936
39815,0.001101,74.125.68.0-255,2902,85872,54,251936
39816,0.001104,172.31.46.0-255,66,85938,54,251936
39817,0.001128,74.125.68.0-255,5738,91676,54,251936
39818,0.001132,172.31.46.0-255,66,91742,54,251936
39819,0.001136,74.125.68.0-255,2902,94644,54,251936
39820,0.001138,172.31.46.0-255,66,94710,54,251936
39821,0.001173,74.125.68.0-255,4320,99030,54,251936
39822,0.001177,172.31.46.0-255,66,99096,54,251936
39823,0.00122,74.125.68.0-255,2184,101280,54,251936
39824,0.001223,172.31.46.0-255,66,101346,54,251936
39825,0.001271,74.125.68.0-255,1484,102830,54,251936
39826,0.001288,74.125.68.0-255,2902,105732,54,251936
39827,0.001291,172.31.46.0-255,66,105798,54,251936
39828,0.001322,74.125.68.0-255,5738,111536,54,251936
39829,0.001325,172.31.46.0-255,66,111602,54,251936
39830,0.001348,74.125.68.0-255,5738,117340,54,251936
39831,0.001351,172.31.46.0-255,66,117406,54,251936
39832,0.001381,74.125.68.0-255,1484,118890,54,251936
39833,0.001384,74.125.68.0-255,1484,120374,54,251936
39834,0.001387,172.31.46.0-255,66,120440,54,251936
39835,0.001392,74.125.68.0-255,2902,123342,54,251936
39836,0.001394,172.31.46.0-255,66,123408,54,251936
39837,0.001425,74.125.68.0-255,4320,127728,54,251936
39838,0.001428,172.31.46.0-255,66,127794,54,251936
39839,0.001432,74.125.68.0-255,1484,129278,54,251936
39840,0.001462,74.125.68.0-255,4320,133598,54,251936
39841,0.001465,172.31.46.0-255,66,133664,54,251936
39842,0.001468,74.125.68.0-255,1484,135148,54,251936
39843,0.001497,74.125.68.0-255,766,135914,54,251936
39844,0.0015,172.31.46.0-255,66,135980,54,251936
39845,0.001526,74.125.68.0-255,1484,137464,54,251936
39846,0.001545,74.125.68.0-255,4320,141784,54,251936
39847,0.001561,172.31.46.0-255,66,141850,54,251936
39848,0.001569,74.125.68.0-255,1484,143334,54,251936
39849,0.001595,74.125.68.0-255,4320,147654,54,251936
39850,0.001608,172.31.46.0-255,66,147720,54,251936
39851,0.001618,74.125.68.0-255,1484,149204,54,251936
39852,0.001638,74.125.68.0-255,2902,152106,54,251936
39853,0.001647,172.31.46.0-255,66,152172,54,251936
39854,0.001673,74.125.68.0-255,1484,153656,54,251936
39855,0.001699,74.125.68.0-255,2902,156558,54,251936
39856,0.001706,172.31.46.0-255,66,156624,54,251936
39857,0.001729,74.125.68.0-255,1484,158108,54,251936
39858,0.001746,74.125.68.0-255,2902,161010,54,251936
39859,0.001751,172.31.46.0-255,66,161076,54,251936
39860,0.001776,74.125.68.0-255,1484,162560,54,251936
39861,0.001814,74.125.68.0-255,2902,165462,54,251936
39862,0.001838,172.31.46.0-255,66,165528,54,251936
39863,0.001866,74.125.68.0-255,4320,169848,54,251936
39864,0.001871,74.125.68.0-255,766,170614,54,251936
39865,0.00192,172.31.46.0-255,66,170680,54,251936
39866,0.003871,74.125.68.0-255,5738,176418,54,251936
39867,0.003879,172.31.46.0-255,66,176484,54,251936
39868,0.005842,74.125.68.0-255,5738,182222,54,251936
39869,0.005849,172.31.46.0-255,66,182288,54,251936
39870,0.0078,74.125.68.0-255,5738,188026,54,251936
39871,0.007806,172.31.46.0-255,66,188092,54,251936
39872,0.009762,74.125.68.0-255,5738,193830,54,251936
39873,0.009769,172.31.46.0-255,66,193896,54,251936
39874,0.011734,74.125.68.0-255,5738,199634,54,251936
39875,0.011749,172.31.46.0-255,66,199700,54,251936
39876,0.013699,74.125.68.0-255,5738,205438,54,251936
39877,0.013705,172.31.46.0-255,66,205504,54,251936
39878,0.015662,74.125.68.0-255,5738,211242,54,251936
39879,0.015669,172.31.46.0-255,66,211308,54,251936
39880,0.017629,74.125.68.0-255,5738,217046,54,251936
39881,0.017638,172.31.46.0-255,66,217112,54,251936
39882,0.019586,74.125.68.0-255,5738,222850,54,251936
39883,0.019594,172.31.46.0-255,66,222916,54,251936
39884,0.021551,74.125.68.0-255,5738,228654,54,251936
39885,0.021558,172.31.46.0-255,66,228720,54,251936
39886,0.02351,74.125.68.0-255,5738,234458,54,251936
39887,0.023519,172.31.46.0-255,66,234524,54,251936
39888,0.025479,74.125.68.0-255,5738,240262,54,251936
39889,0.025486,172.31.46.0-255,66,240328,54,251936
39890,0.027439,74.125.68.0-255,5738,246066,54,251936
39891,0.027446,172.31.46.0-255,66,246132,54,251936
39892,0.0294,74.125.68.0-255,5738,251870,54,251936
39893,0.029406,172.31.46.0-255,66,251936,54,251936
39894,0.0,172.217.194.0-255,152,152,54,191814
39895,1.6e-05,172.31.46.0-255,66,218,54,191814
39896,2.3e-05,172.217.194.0-255,1484,1702,54,191814
39897,2.7e-05,172.31.46.0-255,66,1768,54,191814
39898,3.3e-05,172.217.194.0-255,2902,4670,54,191814
39899,4.4e-05,172.31.46.0-255,66,4736,54,191814
39900,5.1e-05,172.217.194.0-255,5738,10474,54,191814
39901,5.5e-05,172.31.46.0-255,66,10540,54,191814
39902,9.8e-05,172.31.46.0-255,66,10606,54,191814
39903,0.000101,172.217.194.0-255,1484,12090,54,191814
39904,0.000103,172.31.46.0-255,66,12156,54,191814
39905,0.000137,172.31.46.0-255,66,12222,54,191814
39906,0.00014,172.217.194.0-255,1125,13347,54,191814
39907,0.000142,172.31.46.0-255,66,13413,54,191814
39908,0.000284,172.217.194.0-255,1484,14897,54,191814
39909,0.000289,172.31.46.0-255,66,14963,54,191814
39910,0.000295,172.217.194.0-255,2902,17865,54,191814
39911,0.000297,172.31.46.0-255,66,17931,54,191814
39912,0.000332,172.217.194.0-255,5738,23669,54,191814
39913,0.000335,172.31.46.0-255,66,23735,54,191814
39914,0.000352,172.31.46.0-255,66,23801,54,191814
39915,0.000409,172.31.46.0-255,66,23867,54,191814
39916,0.000412,172.217.194.0-255,119,23986,54,191814
39917,0.000414,172.31.46.0-255,66,24052,54,191814
39918,0.000558,172.217.194.0-255,380,24432,54,191814
39919,0.000562,172.31.46.0-255,66,24498,54,191814
39920,0.000756,172.217.194.0-255,1484,25982,54,191814
39921,0.000761,172.31.46.0-255,66,26048,54,191814
39922,0.000766,172.217.194.0-255,2902,28950,54,191814
39923,0.000773,172.217.194.0-255,5738,34688,54,191814
39924,0.000812,172.217.194.0-255,6797,41485,54,191814
39925,0.000818,172.31.46.0-255,66,41551,54,191814
39926,0.000847,172.217.194.0-255,1484,43035,54,191814
39927,0.000851,172.217.194.0-255,1484,44519,54,191814
39928,0.000856,172.31.46.0-255,66,44585,54,191814
39929,0.000874,172.217.194.0-255,1484,46069,54,191814
39930,0.000881,172.217.194.0-255,5738,51807,54,191814
39931,0.000886,172.217.194.0-255,2902,54709,54,191814
39932,0.000903,172.217.194.0-255,3961,58670,54,191814
39933,0.000906,172.31.46.0-255,66,58736,54,191814
39934,0.000912,172.31.46.0-255,66,58802,54,191814
39935,0.001714,172.217.194.0-255,1484,60286,54,191814
39936,0.001724,172.217.194.0-255,2902,63188,54,191814
39937,0.001728,172.31.46.0-255,66,63254,54,191814
39938,0.001736,172.217.194.0-255,5738,68992,54,191814
39939,0.001782,172.217.194.0-255,7156,76148,54,191814
39940,0.0018,172.217.194.0-255,3602,79750,54,191814
39941,0.001834,172.217.194.0-255,4320,84070,54,191814
39942,0.001852,172.217.194.0-255,5738,89808,54,191814
39943,0.001868,172.217.194.0-255,4320,94128,54,191814
39944,0.001891,172.217.194.0-255,5738,99866,54,191814
39945,0.001915,172.217.194.0-255,1484,101350,54,191814
39946,0.00194,172.217.194.0-255,4320,105670,54,191814
39947,0.002137,172.217.194.0-255,1484,107154,54,191814
39948,0.002145,172.217.194.0-255,2902,110056,54,191814
39949,0.002169,172.217.194.0-255,5738,115794,54,191814
39950,0.002175,172.217.194.0-255,4320,120114,54,191814
39951,0.002194,172.217.194.0-255,4320,124434,54,191814
39952,0.00222,172.217.194.0-255,7156,131590,54,191814
39953,0.002226,172.217.194.0-255,2902,134492,54,191814
39954,0.002248,172.217.194.0-255,5020,139512,54,191814
39955,0.006077,172.31.46.0-255,66,139578,54,191814
39956,0.0085,172.217.194.0-255,5738,145316,54,191814
39957,0.008507,172.31.46.0-255,66,145382,54,191814
39958,0.010883,172.217.194.0-255,5738,151120,54,191814
39959,0.010892,172.31.46.0-255,66,151186,54,191814
39960,0.013305,172.217.194.0-255,5738,156924,54,191814
39961,0.013314,172.31.46.0-255,66,156990,54,191814
39962,0.015704,172.217.194.0-255,5738,162728,54,191814
39963,0.015711,172.31.46.0-255,66,162794,54,191814
39964,0.018111,172.217.194.0-255,5738,168532,54,191814
39965,0.01812,172.31.46.0-255,66,168598,54,191814
39966,0.020485,172.217.194.0-255,5738,174336,54,191814
39967,0.020496,172.31.46.0-255,66,174402,54,191814
39968,0.022884,172.217.194.0-255,5738,180140,54,191814
39969,0.022895,172.31.46.0-255,66,180206,54,191814
39970,0.025272,172.217.194.0-255,5738,185944,54,191814
39971,0.02528,172.31.46.0-255,66,186010,54,191814
39972,0.027709,172.217.194.0-255,5738,191748,54,191814
39973,0.027716,172.31.46.0-255,66,191814,54,191814
39974,0.0,74.125.130.0-255,145,145,54,334225
39975,2.4e-05,172.31.46.0-255,66,211,54,334225
39976,3e-05,74.125.130.0-255,1484,1695,54,334225
39977,3.5e-05,172.31.46.0-255,66,1761,54,334225
39978,4.8e-05,74.125.130.0-255,2902,4663,54,334225
39979,5.1e-05,172.31.46.0-255,66,4729,54,334225
39980,5.6e-05,74.125.130.0-255,2902,7631,54,334225
39981,5.8e-05,172.31.46.0-255,66,7697,54,334225
39982,7.7e-05,74.125.130.0-255,4320,12017,54,334225
39983,8.4e-05,172.31.46.0-255,66,12083,54,334225
39984,0.000111,74.125.130.0-255,1939,14022,54,334225
39985,0.000114,172.31.46.0-255,66,14088,54,334225
39986,0.000303,74.125.130.0-255,1484,15572,54,334225
39987,0.000308,172.31.46.0-255,66,15638,54,334225
39988,0.000314,74.125.130.0-255,2902,18540,54,334225
39989,0.000316,172.31.46.0-255,66,18606,54,334225
39990,0.000336,74.125.130.0-255,5738,24344,54,334225
39991,0.000343,172.31.46.0-255,66,24410,54,334225
39992,0.000349,74.125.130.0-255,5738,30148,54,334225
39993,0.000352,172.31.46.0-255,66,30214,54,334225
39994,0.000407,74.125.130.0-255,3961,34175,54,334225
39995,0.000409,172.31.46.0-255,66,34241,54,334225
39996,0.000413,74.125.130.0-255,1484,35725,54,334225
39997,0.000414,172.31.46.0-255,66,35791,54,334225
39998,0.000437,74.125.130.0-255,2902,38693,54,334225
39999,0.000444,172.31.46.0-255,66,38759,54,334225
40000,0.000448,74.125.130.0-255,2902,41661,54,334225
40001,0.00045,172.31.46.0-255,66,41727,54,334225
40002,0.000484,74.125.130.0-255,4320,46047,54,334225
40003,0.000491,172.31.46.0-255,66,46113,54,334225
40004,0.000495,74.125.130.0-255,2543,48656,54,334225
40005,0.000497,172.31.46.0-255,66,48722,54,334225
40006,0.001253,74.125.130.0-255,1484,50206,54,334225
40007,0.001264,74.125.130.0-255,2902,53108,54,334225
40008,0.001268,172.31.46.0-255,66,53174,54,334225
40009,0.001302,74.125.130.0-255,5738,58912,54,334225
40010,0.001305,172.31.46.0-255,66,58978,54,334225
40011,0.001308,74.125.130.0-255,1484,60462,54,334225
40012,0.001329,74.125.130.0-255,5632,66094,54,334225
40013,0.001331,172.31.46.0-255,66,66160,54,334225
40014,0.001489,74.125.130.0-255,403,66563,54,334225
40015,0.00156,74.125.130.0-255,1484,68047,54,334225
40016,0.001564,172.31.46.0-255,66,68113,54,334225
40017,0.001576,74.125.130.0-255,1484,69597,54,334225
40018,0.001601,74.125.130.0-255,2902,72499,54,334225
40019,0.001603,172.31.46.0-255,66,72565,54,334225
40020,0.001611,74.125.130.0-255,5738,78303,54,334225
40021,0.001613,172.31.46.0-255,66,78369,54,334225
40022,0.001624,74.125.130.0-255,7156,85525,54,334225
40023,0.001626,172.31.46.0-255,66,85591,54,334225
40024,0.00168,74.125.130.0-255,3602,89193,54,334225
40025,0.001686,74.125.130.0-255,4320,93513,54,334225
40026,0.0017,74.125.130.0-255,4320,97833,54,334225
40027,0.001717,74.125.130.0-255,5738,103571,54,334225
40028,0.001723,74.125.130.0-255,5738,109309,54,334225
40029,0.001738,74.125.130.0-255,4320,113629,54,334225
40030,0.001757,74.125.130.0-255,2902,116531,54,334225
40031,0.001776,74.125.130.0-255,3602,120133,54,334225
40032,0.001899,74.125.130.0-255,1484,121617,54,334225
40033,0.001916,74.125.130.0-255,2902,124519,54,334225
40034,0.00192,74.125.130.0-255,1484,126003,54,334225
40035,0.001934,74.125.130.0-255,2902,128905,54,334225
40036,0.00195,74.125.130.0-255,4320,133225,54,334225
40037,0.001965,74.125.130.0-255,4320,137545,54,334225
40038,0.001969,74.125.130.0-255,2902,140447,54,334225
40039,0.001986,74.125.130.0-255,4320,144767,54,334225
40040,0.002011,74.125.130.0-255,766,145533,54,334225
40041,0.002093,74.125.130.0-255,1484,147017,54,334225
40042,0.002104,74.125.130.0-255,2902,149919,54,334225
40043,0.002132,74.125.130.0-255,2902,152821,54,334225
40044,0.002134,74.125.130.0-255,1484,154305,54,334225
40045,0.002137,74.125.130.0-255,1484,155789,54,334225
40046,0.002154,74.125.130.0-255,4320,160109,54,334225
40047,0.002169,74.125.130.0-255,2902,163011,54,334225
40048,0.002219,74.125.130.0-255,4320,167331,54,334225
40049,0.002238,74.125.130.0-255,3602,170933,54,334225
40050,0.00243,74.125.130.0-255,1484,172417,54,334225
40051,0.002448,74.125.130.0-255,2902,175319,54,334225
40052,0.002469,74.125.130.0-255,4320,179639,54,334225
40053,0.002473,74.125.130.0-255,1484,181123,54,334225
40054,0.002475,74.125.130.0-255,1484,182607,54,334225
40055,0.002536,74.125.130.0-255,7156,189763,54,334225
40056,0.002567,74.125.130.0-255,1484,191247,54,334225
40057,0.002592,74.125.130.0-255,3602,194849,54,334225
40058,0.002791,74.125.130.0-255,1484,196333,54,334225
40059,0.002813,74.125.130.0-255,2902,199235,54,334225
40060,0.002839,74.125.130.0-255,4320,203555,54,334225
40061,0.002845,74.125.130.0-255,5738,209293,54,334225
40062,0.002875,74.125.130.0-255,1484,210777,54,334225
40063,0.00289,74.125.130.0-255,1484,212261,54,334225
40064,0.002899,74.125.130.0-255,2902,215163,54,334225
40065,0.002915,74.125.130.0-255,1484,216647,54,334225
40066,0.002918,74.125.130.0-255,1484,218131,54,334225
40067,0.002942,74.125.130.0-255,7156,225287,54,334225
40068,0.002979,74.125.130.0-255,3602,228889,54,334225
40069,0.003038,74.125.130.0-255,1484,230373,54,334225
40070,0.003051,74.125.130.0-255,2902,233275,54,334225
40071,0.003069,74.125.130.0-255,5738,239013,54,334225
40072,0.003072,74.125.130.0-255,1484,240497,54,334225
40073,0.003085,74.125.130.0-255,1484,241981,54,334225
40074,0.003088,74.125.130.0-255,1484,243465,54,334225
40075,0.003108,74.125.130.0-255,2902,246367,54,334225
40076,0.003111,74.125.130.0-255,1484,247851,54,334225
40077,0.003133,74.125.130.0-255,7156,255007,54,334225
40078,0.003138,74.125.130.0-255,4320,259327,54,334225
40079,0.00316,74.125.130.0-255,5020,264347,54,334225
40080,0.003183,74.125.130.0-255,4320,268667,54,334225
40081,0.003196,74.125.130.0-255,4320,272987,54,334225
40082,0.003262,74.125.130.0-255,1484,274471,54,334225
40083,0.003287,74.125.130.0-255,1484,275955,54,334225
40084,0.003322,74.125.130.0-255,7156,283111,54,334225
40085,0.003345,74.125.130.0-255,5738,288849,54,334225
40086,0.003351,74.125.130.0-255,4320,293169,54,334225
40087,0.003356,74.125.130.0-255,4320,297489,54,334225
40088,0.003383,74.125.130.0-255,2184,299673,54,334225
40089,0.003399,74.125.130.0-255,1484,301157,54,334225
40090,0.00341,74.125.130.0-255,1484,302641,54,334225
40091,0.003414,74.125.130.0-255,1484,304125,54,334225
40092,0.003439,74.125.130.0-255,5738,309863,54,334225
40093,0.003445,74.125.130.0-255,5738,315601,54,334225
40094,0.003451,74.125.130.0-255,5738,321339,54,334225
40095,0.003464,74.125.130.0-255,1484,322823,54,334225
40096,0.003522,74.125.130.0-255,5738,328561,54,334225
40097,0.003544,74.125.130.0-255,5020,333581,54,334225
40098,0.003558,74.125.130.0-255,302,333883,54,334225
40099,0.00357,74.125.130.0-255,105,333988,54,334225
40100,0.005018,172.31.46.0-255,66,334054,54,334225
40101,0.007843,172.31.46.0-255,105,334159,54,334225
40102,0.009834,74.125.130.0-255,66,334225,54,334225
40103,0.0,74.125.200.0-255,153,153,54,255393
40104,1.8e-05,172.31.46.0-255,66,219,54,255393
40105,2.5e-05,74.125.200.0-255,1484,1703,54,255393
40106,2.9e-05,172.31.46.0-255,66,1769,54,255393
40107,3.4e-05,74.125.200.0-255,2902,4671,54,255393
40108,3.7e-05,172.31.46.0-255,66,4737,54,255393
40109,4.1e-05,74.125.200.0-255,1484,6221,54,255393
40110,4.4e-05,172.31.46.0-255,66,6287,54,255393
40111,6.8e-05,74.125.200.0-255,5738,12025,54,255393
40112,7.1e-05,172.31.46.0-255,66,12091,54,255393
40113,7.7e-05,74.125.200.0-255,2003,14094,54,255393
40114,7.9e-05,172.31.46.0-255,66,14160,54,255393
40115,0.000141,74.125.200.0-255,1484,15644,54,255393
40116,0.000145,172.31.46.0-255,66,15710,54,255393
40117,0.000158,74.125.200.0-255,2902,18612,54,255393
40118,0.000161,172.31.46.0-255,66,18678,54,255393
40119,0.000166,74.125.200.0-255,4320,22998,54,255393
40120,0.000168,172.31.46.0-255,66,23064,54,255393
40121,0.000211,74.125.200.0-255,5738,28802,54,255393
40122,0.000213,172.31.46.0-255,66,28868,54,255393
40123,0.000235,74.125.200.0-255,2543,31411,54,255393
40124,0.000238,172.31.46.0-255,66,31477,54,255393
40125,0.000249,172.31.46.0-255,66,31543,54,255393
40126,0.000277,172.31.46.0-255,66,31609,54,255393
40127,0.001014,74.125.200.0-255,1484,33093,54,255393
40128,0.001021,172.31.46.0-255,66,33159,54,255393
40129,0.00103,74.125.200.0-255,2902,36061,54,255393
40130,0.001032,172.31.46.0-255,66,36127,54,255393
40131,0.001038,74.125.200.0-255,4320,40447,54,255393
40132,0.00104,172.31.46.0-255,66,40513,54,255393
40133,0.001062,74.125.200.0-255,1484,41997,54,255393
40134,0.001067,74.125.200.0-255,1484,43481,54,255393
40135,0.00107,172.31.46.0-255,66,43547,54,255393
40136,0.001091,74.125.200.0-255,2902,46449,54,255393
40137,0.001093,172.31.46.0-255,66,46515,54,255393
40138,0.001099,74.125.200.0-255,2902,49417,54,255393
40139,0.0011,172.31.46.0-255,66,49483,54,255393
40140,0.001117,74.125.200.0-255,2543,52026,54,255393
40141,0.00112,172.31.46.0-255,66,52092,54,255393
40142,0.001126,74.125.200.0-255,4320,56412,54,255393
40143,0.001128,172.31.46.0-255,66,56478,54,255393
40144,0.001134,74.125.200.0-255,5738,62216,54,255393
40145,0.001137,172.31.46.0-255,66,62282,54,255393
40146,0.001162,74.125.200.0-255,4320,66602,54,255393
40147,0.001165,172.31.46.0-255,66,66668,54,255393
40148,0.001193,74.125.200.0-255,7156,73824,54,255393
40149,0.001196,172.31.46.0-255,66,73890,54,255393
40150,0.001201,74.125.200.0-255,4320,78210,54,255393
40151,0.001203,172.31.46.0-255,66,78276,54,255393
40152,0.001222,74.125.200.0-255,2902,81178,54,255393
40153,0.001225,172.31.46.0-255,66,81244,54,255393
40154,0.001241,74.125.200.0-255,2184,83428,54,255393
40155,0.001244,172.31.46.0-255,66,83494,54,255393
40156,0.001291,74.125.200.0-255,1484,84978,54,255393
40157,0.001295,74.125.200.0-255,1484,86462,54,255393
40158,0.001298,172.31.46.0-255,66,86528,54,255393
40159,0.001309,74.125.200.0-255,1484,88012,54,255393
40160,0.001314,74.125.200.0-255,2902,90914,54,255393
40161,0.001317,172.31.46.0-255,66,90980,54,255393
40162,0.001341,74.125.200.0-255,2902,93882,54,255393
40163,0.001345,172.31.46.0-255,66,93948,54,255393
40164,0.00135,74.125.200.0-255,2902,96850,54,255393
40165,0.001352,172.31.46.0-255,66,96916,54,255393
40166,0.001387,172.31.46.0-255,66,96982,54,255393
40167,0.001392,74.125.200.0-255,4320,101302,54,255393
40168,0.001395,172.31.46.0-255,66,101368,54,255393
40169,0.001437,74.125.200.0-255,6073,107441,54,255393
40170,0.001441,172.31.46.0-255,66,107507,54,255393
40171,0.001536,74.125.200.0-255,1484,108991,54,255393
40172,0.001561,74.125.200.0-255,2902,111893,54,255393
40173,0.001565,172.31.46.0-255,66,111959,54,255393
40174,0.001588,74.125.200.0-255,5738,117697,54,255393
40175,0.001591,172.31.46.0-255,66,117763,54,255393
40176,0.001594,74.125.200.0-255,1484,119247,54,255393
40177,0.001614,74.125.200.0-255,1484,120731,54,255393
40178,0.001617,172.31.46.0-255,66,120797,54,255393
40179,0.001623,74.125.200.0-255,4320,125117,54,255393
40180,0.001625,172.31.46.0-255,66,125183,54,255393
40181,0.001662,172.31.46.0-255,66,125249,54,255393
40182,0.00172,172.31.46.0-255,66,125315,54,255393
40183,0.001822,74.125.200.0-255,1484,126799,54,255393
40184,0.001835,74.125.200.0-255,1484,128283,54,255393
40185,0.001838,172.31.46.0-255,66,128349,54,255393
40186,0.001843,74.125.200.0-255,2902,131251,54,255393
40187,0.001846,172.31.46.0-255,66,131317,54,255393
40188,0.001888,74.125.200.0-255,1484,132801,54,255393
40189,0.001903,74.125.200.0-255,1484,134285,54,255393
40190,0.001905,172.31.46.0-255,66,134351,54,255393
40191,0.001912,74.125.200.0-255,4320,138671,54,255393
40192,0.001915,172.31.46.0-255,66,138737,54,255393
40193,0.001944,172.31.46.0-255,66,138803,54,255393
40194,0.001947,74.125.200.0-255,1484,140287,54,255393
40195,0.001961,74.125.200.0-255,1484,141771,54,255393
40196,0.001963,172.31.46.0-255,66,141837,54,255393
40197,0.001982,74.125.200.0-255,4320,146157,54,255393
40198,0.001985,172.31.46.0-255,66,146223,54,255393
40199,0.001988,74.125.200.0-255,1484,147707,54,255393
40200,0.002007,74.125.200.0-255,2902,150609,54,255393
40201,0.002009,172.31.46.0-255,66,150675,54,255393
40202,0.002053,74.125.200.0-255,2184,152859,54,255393
40203,0.002056,172.31.46.0-255,66,152925,54,255393
40204,0.00206,74.125.200.0-255,2902,155827,54,255393
40205,0.002062,172.31.46.0-255,66,155893,54,255393
40206,0.002084,74.125.200.0-255,7156,163049,54,255393
40207,0.002087,172.31.46.0-255,66,163115,54,255393
40208,0.00209,74.125.200.0-255,1484,164599,54,255393
40209,0.002115,74.125.200.0-255,7156,171755,54,255393
40210,0.002117,172.31.46.0-255,66,171821,54,255393
40211,0.002122,74.125.200.0-255,2902,174723,54,255393
40212,0.002125,172.31.46.0-255,66,174789,54,255393
40213,0.002141,74.125.200.0-255,7156,181945,54,255393
40214,0.002144,172.31.46.0-255,66,182011,54,255393
40215,0.002149,74.125.200.0-255,3602,185613,54,255393
40216,0.002151,172.31.46.0-255,66,185679,54,255393
40217,0.00223,74.125.200.0-255,1484,187163,54,255393
40218,0.004374,74.125.200.0-255,4320,191483,54,255393
40219,0.004383,172.31.46.0-255,66,191549,54,255393
40220,0.006613,74.125.200.0-255,5738,197287,54,255393
40221,0.006619,172.31.46.0-255,66,197353,54,255393
40222,0.008878,74.125.200.0-255,5738,203091,54,255393
40223,0.008897,172.31.46.0-255,66,203157,54,255393
40224,0.011129,74.125.200.0-255,5738,208895,54,255393
40225,0.011138,172.31.46.0-255,66,208961,54,255393
40226,0.013381,74.125.200.0-255,5738,214699,54,255393
40227,0.013391,172.31.46.0-255,66,214765,54,255393
40228,0.015634,74.125.200.0-255,5738,220503,54,255393
40229,0.015646,172.31.46.0-255,66,220569,54,255393
40230,0.017888,74.125.200.0-255,5738,226307,54,255393
40231,0.017902,172.31.46.0-255,66,226373,54,255393
40232,0.020151,74.125.200.0-255,5738,232111,54,255393
40233,0.020162,172.31.46.0-255,66,232177,54,255393
40234,0.022399,74.125.200.0-255,5738,237915,54,255393
40235,0.022408,172.31.46.0-255,66,237981,54,255393
40236,0.024658,74.125.200.0-255,5738,243719,54,255393
40237,0.024676,172.31.46.0-255,66,243785,54,255393
40238,0.026927,74.125.200.0-255,5738,249523,54,255393
40239,0.026944,172.31.46.0-255,66,249589,54,255393
40240,0.029196,74.125.200.0-255,5738,255327,54,255393
40241,0.029213,172.31.46.0-255,66,255393,54,255393
40242,0.0,74.125.24.0-255,145,145,54,167954
40243,2.4e-05,172.31.46.0-255,66,211,54,167954
40244,3.1e-05,74.125.24.0-255,1484,1695,54,167954
40245,3.6e-05,172.31.46.0-255,66,1761,54,167954
40246,4.2e-05,74.125.24.0-255,2902,4663,54,167954
40247,4.5e-05,172.31.46.0-255,66,4729,54,167954
40248,5.2e-05,74.125.24.0-255,7156,11885,54,167954
40249,5.5e-05,172.31.46.0-255,66,11951,54,167954
40250,7.6e-05,74.125.24.0-255,2053,14004,54,167954
40251,7.8e-05,172.31.46.0-255,66,14070,54,167954
40252,0.000149,172.31.46.0-255,66,14136,54,167954
40253,0.000166,74.125.24.0-255,1484,15620,54,167954
40254,0.000168,172.31.46.0-255,66,15686,54,167954
40255,0.000175,74.125.24.0-255,6797,22483,54,167954
40256,0.000178,172.31.46.0-255,66,22549,54,167954
40257,0.000278,74.125.24.0-255,1484,24033,54,167954
40258,0.000282,172.31.46.0-255,66,24099,54,167954
40259,0.000288,74.125.24.0-255,2902,27001,54,167954
40260,0.000291,172.31.46.0-255,66,27067,54,167954
40261,0.000297,74.125.24.0-255,5738,32805,54,167954
40262,0.0003,172.31.46.0-255,66,32871,54,167954
40263,0.000315,74.125.24.0-255,4320,37191,54,167954
40264,0.000318,172.31.46.0-255,66,37257,54,167954
40265,0.000331,74.125.24.0-255,2543,39800,54,167954
40266,0.000334,172.31.46.0-255,66,39866,54,167954
40267,0.000341,74.125.24.0-255,5738,45604,54,167954
40268,0.000344,172.31.46.0-255,66,45670,54,167954
40269,0.000376,172.31.46.0-255,66,45736,54,167954
40270,0.00038,74.125.24.0-255,2543,48279,54,167954
40271,0.000382,172.31.46.0-255,66,48345,54,167954
40272,0.000385,74.125.24.0-255,399,48744,54,167954
40273,0.000387,172.31.46.0-255,66,48810,54,167954
40274,0.001161,74.125.24.0-255,344,49154,54,167954
40275,0.001167,172.31.46.0-255,66,49220,54,167954
40276,0.001195,74.125.24.0-255,1484,50704,54,167954
40277,0.001197,172.31.46.0-255,66,50770,54,167954
40278,0.001203,74.125.24.0-255,2902,53672,54,167954
40279,0.001205,172.31.46.0-255,66,53738,54,167954
40280,0.001218,74.125.24.0-255,1484,55222,54,167954
40281,0.001219,172.31.46.0-255,66,55288,54,167954
40282,0.001226,74.125.24.0-255,5738,61026,54,167954
40283,0.001229,172.31.46.0-255,66,61092,54,167954
40284,0.001243,74.125.24.0-255,2902,63994,54,167954
40285,0.001245,172.31.46.0-255,66,64060,54,167954
40286,0.001256,172.31.46.0-255,66,64126,54,167954
40287,0.001276,74.125.24.0-255,5738,69864,54,167954
40288,0.001278,172.31.46.0-255,66,69930,54,167954
40289,0.001303,172.31.46.0-255,66,69996,54,167954
40290,0.001319,172.31.46.0-255,66,70062,54,167954
40291,0.001335,74.125.24.0-255,2902,72964,54,167954
40292,0.001337,172.31.46.0-255,66,73030,54,167954
40293,0.001344,74.125.24.0-255,5738,78768,54,167954
40294,0.001346,172.31.46.0-255,66,78834,54,167954
40295,0.00137,74.125.24.0-255,3602,82436,54,167954
40296,0.001373,172.31.46.0-255,66,82502,54,167954
40297,0.001675,74.125.24.0-255,1484,83986,54,167954
40298,0.001677,172.31.46.0-255,66,84052,54,167954
40299,0.001693,74.125.24.0-255,2902,86954,54,167954
40300,0.001696,172.31.46.0-255,66,87020,54,167954
40301,0.001722,74.125.24.0-255,5738,92758,54,167954
40302,0.001724,172.31.46.0-255,66,92824,54,167954
40303,0.001755,172.31.46.0-255,66,92890,54,167954
40304,0.001822,172.31.46.0-255,66,92956,54,167954
40305,0.001843,74.125.24.0-255,2184,95140,54,167954
40306,0.001845,172.31.46.0-255,66,95206,54,167954
40307,0.00202,74.125.24.0-255,1484,96690,54,167954
40308,0.002022,172.31.46.0-255,66,96756,54,167954
40309,0.002034,74.125.24.0-255,1484,98240,54,167954
40310,0.002048,74.125.24.0-255,1484,99724,54,167954
40311,0.002051,74.125.24.0-255,1484,101208,54,167954
40312,0.002068,74.125.24.0-255,5738,106946,54,167954
40313,0.002081,74.125.24.0-255,2902,109848,54,167954
40314,0.00743,172.31.46.0-255,66,109914,54,167954
40315,0.009474,74.125.24.0-255,5738,115652,54,167954
40316,0.009482,172.31.46.0-255,66,115718,54,167954
40317,0.011538,74.125.24.0-255,5738,121456,54,167954
40318,0.011546,172.31.46.0-255,66,121522,54,167954
40319,0.013598,74.125.24.0-255,5738,127260,54,167954
40320,0.013607,172.31.46.0-255,66,127326,54,167954
40321,0.015665,74.125.24.0-255,5738,133064,54,167954
40322,0.015676,172.31.46.0-255,66,133130,54,167954
40323,0.017737,74.125.24.0-255,5738,138868,54,167954
40324,0.017744,172.31.46.0-255,66,138934,54,167954
40325,0.019821,74.125.24.0-255,5738,144672,54,167954
40326,0.019827,172.31.46.0-255,66,144738,54,167954
40327,0.021863,74.125.24.0-255,5738,150476,54,167954
40328,0.02187,172.31.46.0-255,66,150542,54,167954
40329,0.023936,74.125.24.0-255,5738,156280,54,167954
40330,0.023944,172.31.46.0-255,66,156346,54,167954
40331,0.026014,74.125.24.0-255,5738,162084,54,167954
40332,0.026021,172.31.46.0-255,66,162150,54,167954
40333,0.028077,74.125.24.0-255,5738,167888,54,167954
40334,0.028083,172.31.46.0-255,66,167954,54,167954
40335,0.0,172.217.194.0-255,153,153,54,205314
40336,3.3e-05,172.31.46.0-255,66,219,54,205314
40337,4e-05,172.217.194.0-255,1484,1703,54,205314
40338,4.4e-05,172.31.46.0-255,66,1769,54,205314
40339,4.8e-05,172.217.194.0-255,2902,4671,54,205314
40340,5.1e-05,172.31.46.0-255,66,4737,54,205314
40341,5.5e-05,172.217.194.0-255,2902,7639,54,205314
40342,5.9e-05,172.31.46.0-255,66,7705,54,205314
40343,7.7e-05,172.217.194.0-255,4320,12025,54,205314
40344,8e-05,172.31.46.0-255,66,12091,54,205314
40345,8.3e-05,172.217.194.0-255,2073,14164,54,205314
40346,8.6e-05,172.31.46.0-255,66,14230,54,205314
40347,0.000131,172.31.46.0-255,66,14296,54,205314
40348,0.000169,172.217.194.0-255,5738,20034,54,205314
40349,0.000174,172.31.46.0-255,66,20100,54,205314
40350,0.000192,172.217.194.0-255,2543,22643,54,205314
40351,0.000194,172.31.46.0-255,66,22709,54,205314
40352,0.000219,172.31.46.0-255,66,22775,54,205314
40353,0.000241,172.217.194.0-255,2902,25677,54,205314
40354,0.000244,172.31.46.0-255,66,25743,54,205314
40355,0.000265,172.217.194.0-255,6797,32540,54,205314
40356,0.000268,172.31.46.0-255,66,32606,54,205314
40357,0.000275,172.217.194.0-255,5738,38344,54,205314
40358,0.000277,172.31.46.0-255,66,38410,54,205314
40359,0.000293,172.217.194.0-255,2902,41312,54,205314
40360,0.000295,172.31.46.0-255,66,41378,54,205314
40361,0.000337,172.217.194.0-255,6797,48175,54,205314
40362,0.000343,172.31.46.0-255,66,48241,54,205314
40363,0.000346,172.217.194.0-255,677,48918,54,205314
40364,0.000348,172.31.46.0-255,66,48984,54,205314
40365,0.000453,172.217.194.0-255,1484,50468,54,205314
40366,0.000458,172.217.194.0-255,1484,51952,54,205314
40367,0.000461,172.31.46.0-255,66,52018,54,205314
40368,0.000476,172.217.194.0-255,1484,53502,54,205314
40369,0.000483,172.217.194.0-255,5738,59240,54,205314
40370,0.000486,172.31.46.0-255,66,59306,54,205314
40371,0.000514,172.217.194.0-255,7156,66462,54,205314
40372,0.000517,172.31.46.0-255,66,66528,54,205314
40373,0.000532,172.217.194.0-255,5738,72266,54,205314
40374,0.000536,172.31.46.0-255,66,72332,54,205314
40375,0.000542,172.217.194.0-255,7156,79488,54,205314
40376,0.000547,172.31.46.0-255,66,79554,54,205314
40377,0.000589,172.217.194.0-255,3602,83156,54,205314
40378,0.000593,172.31.46.0-255,66,83222,54,205314
40379,0.000813,172.217.194.0-255,1484,84706,54,205314
40380,0.000831,172.217.194.0-255,2902,87608,54,205314
40381,0.000834,172.31.46.0-255,66,87674,54,205314
40382,0.000838,172.217.194.0-255,1484,89158,54,205314
40383,0.000856,172.217.194.0-255,4320,93478,54,205314
40384,0.000861,172.31.46.0-255,66,93544,54,205314
40385,0.000897,172.31.46.0-255,66,93610,54,205314
40386,0.000917,172.217.194.0-255,1484,95094,54,205314
40387,0.000929,172.31.46.0-255,66,95160,54,205314
40388,0.000932,172.217.194.0-255,1484,96644,54,205314
40389,0.000946,172.217.194.0-255,766,97410,54,205314
40390,0.000949,172.31.46.0-255,66,97476,54,205314
40391,0.000982,172.217.194.0-255,1484,98960,54,205314
40392,0.001001,172.217.194.0-255,2902,101862,54,205314
40393,0.001004,172.31.46.0-255,66,101928,54,205314
40394,0.00101,172.217.194.0-255,5738,107666,54,205314
40395,0.001013,172.31.46.0-255,66,107732,54,205314
40396,0.00103,172.217.194.0-255,7156,114888,54,205314
40397,0.001034,172.31.46.0-255,66,114954,54,205314
40398,0.001063,172.217.194.0-255,5738,120692,54,205314
40399,0.001066,172.31.46.0-255,66,120758,54,205314
40400,0.001078,172.31.46.0-255,66,120824,54,205314
40401,0.001094,172.217.194.0-255,1484,122308,54,205314
40402,0.001115,172.217.194.0-255,2902,125210,54,205314
40403,0.001118,172.31.46.0-255,66,125276,54,205314
40404,0.001124,172.217.194.0-255,5738,131014,54,205314
40405,0.001127,172.31.46.0-255,66,131080,54,205314
40406,0.001161,172.31.46.0-255,66,131146,54,205314
40407,0.001181,172.217.194.0-255,4320,135466,54,205314
40408,0.001184,172.31.46.0-255,66,135532,54,205314
40409,0.001187,172.217.194.0-255,1484,137016,54,205314
40410,0.001194,172.217.194.0-255,7156,144172,54,205314
40411,0.001197,172.31.46.0-255,66,144238,54,205314
40412,0.001218,172.217.194.0-255,2184,146422,54,205314
40413,0.001221,172.31.46.0-255,66,146488,54,205314
40414,0.001232,172.31.46.0-255,66,146554,54,205314
40415,0.001263,172.31.46.0-255,66,146620,54,205314
40416,0.001287,172.217.194.0-255,7156,153776,54,205314
40417,0.001291,172.31.46.0-255,66,153842,54,205314
40418,0.001316,172.31.46.0-255,66,153908,54,205314
40419,0.00133,172.31.46.0-255,66,153974,54,205314
40420,0.001468,172.217.194.0-255,1484,155458,54,205314
40421,0.001492,172.217.194.0-255,2902,158360,54,205314
40422,0.001495,172.31.46.0-255,66,158426,54,205314
40423,0.001502,172.217.194.0-255,5738,164164,54,205314
40424,0.001504,172.31.46.0-255,66,164230,54,205314
40425,0.001576,172.31.46.0-255,66,164296,54,205314
40426,0.001588,172.31.46.0-255,66,164362,54,205314
40427,0.001592,172.217.194.0-255,2902,167264,54,205314
40428,0.001595,172.31.46.0-255,66,167330,54,205314
40429,0.001619,172.217.194.0-255,1484,168814,54,205314
40430,0.001626,172.217.194.0-255,5738,174552,54,205314
40431,0.001628,172.31.46.0-255,66,174618,54,205314
40432,0.001642,172.31.46.0-255,66,174684,54,205314
40433,0.001655,172.217.194.0-255,1484,176168,54,205314
40434,0.001684,172.31.46.0-255,66,176234,54,205314
40435,0.001685,172.217.194.0-255,7156,183390,54,205314
40436,0.001688,172.31.46.0-255,66,183456,54,205314
40437,0.001709,172.217.194.0-255,7156,190612,54,205314
40438,0.001723,172.31.46.0-255,66,190678,54,205314
40439,0.001729,172.31.46.0-255,66,190744,54,205314
40440,0.001748,172.217.194.0-255,5020,195764,54,205314
40441,0.001751,172.31.46.0-255,66,195830,54,205314
40442,0.001754,172.217.194.0-255,4320,200150,54,205314
40443,0.001766,172.31.46.0-255,66,200216,54,205314
40444,0.001815,172.31.46.0-255,66,200282,54,205314
40445,0.00182,172.31.46.0-255,66,200348,54,205314
40446,0.001842,172.217.194.0-255,260,200608,54,205314
40447,0.001847,172.31.46.0-255,66,200674,54,205314
40448,0.001891,172.217.194.0-255,105,200779,54,205314
40449,0.010004,172.31.46.0-255,66,200845,54,205314
40450,0.01004,172.31.46.0-255,105,200950,54,205314
40451,0.012257,172.217.194.0-255,66,201016,54,205314
40452,0.028141,172.31.46.0-255,188,201204,54,205314
40453,0.028173,172.31.46.0-255,960,202164,54,205314
40454,0.028215,172.31.46.0-255,1514,203678,54,205314
40455,0.028217,172.31.46.0-255,1438,205116,54,205314
40456,0.029658,104.244.42.0-255,66,205182,54,205314
40457,0.0297,104.244.42.0-255,66,205248,54,205314
40458,0.029752,104.244.42.0-255,66,205314,54,205314
40459,0.0,74.125.68.0-255,153,153,54,214190
40460,2.6e-05,172.31.46.0-255,66,219,54,214190
40461,3.3e-05,74.125.68.0-255,1484,1703,54,214190
40462,3.9e-05,172.31.46.0-255,66,1769,54,214190
40463,5.3e-05,74.125.68.0-255,2902,4671,54,214190
40464,5.6e-05,172.31.46.0-255,66,4737,54,214190
40465,6.3e-05,74.125.68.0-255,5738,10475,54,214190
40466,6.7e-05,172.31.46.0-255,66,10541,54,214190
40467,0.000103,74.125.68.0-255,3493,14034,54,214190
40468,0.000106,172.31.46.0-255,66,14100,54,214190
40469,0.000149,74.125.68.0-255,1484,15584,54,214190
40470,0.000152,172.31.46.0-255,66,15650,54,214190
40471,0.000164,74.125.68.0-255,2902,18552,54,214190
40472,0.000171,172.31.46.0-255,66,18618,54,214190
40473,0.000175,74.125.68.0-255,1484,20102,54,214190
40474,0.000177,172.31.46.0-255,66,20168,54,214190
40475,0.000181,74.125.68.0-255,2902,23070,54,214190
40476,0.000183,172.31.46.0-255,66,23136,54,214190
40477,0.000212,74.125.68.0-255,5738,28874,54,214190
40478,0.000215,172.31.46.0-255,66,28940,54,214190
40479,0.000241,74.125.68.0-255,2543,31483,54,214190
40480,0.000243,172.31.46.0-255,66,31549,54,214190
40481,0.000319,74.125.68.0-255,1484,33033,54,214190
40482,0.000322,172.31.46.0-255,66,33099,54,214190
40483,0.000326,74.125.68.0-255,1484,34583,54,214190
40484,0.000329,172.31.46.0-255,66,34649,54,214190
40485,0.000334,74.125.68.0-255,2902,37551,54,214190
40486,0.000341,172.31.46.0-255,66,37617,54,214190
40487,0.000375,74.125.68.0-255,5738,43355,54,214190
40488,0.000379,172.31.46.0-255,66,43421,54,214190
40489,0.000385,74.125.68.0-255,5379,48800,54,214190
40490,0.000387,172.31.46.0-255,66,48866,54,214190
40491,0.000423,74.125.68.0-255,5738,54604,54,214190
40492,0.000425,172.31.46.0-255,66,54670,54,214190
40493,0.000466,172.31.46.0-255,66,54736,54,214190
40494,0.000732,74.125.68.0-255,414,55150,54,214190
40495,0.000756,74.125.68.0-255,330,55480,54,214190
40496,0.001148,172.31.46.0-255,66,55546,54,214190
40497,0.001291,74.125.68.0-255,1484,57030,54,214190
40498,0.00131,74.125.68.0-255,2902,59932,54,214190
40499,0.001314,172.31.46.0-255,66,59998,54,214190
40500,0.001347,74.125.68.0-255,5738,65736,54,214190
40501,0.001349,172.31.46.0-255,66,65802,54,214190
40502,0.001354,74.125.68.0-255,2902,68704,54,214190
40503,0.001356,172.31.46.0-255,66,68770,54,214190
40504,0.001362,74.125.68.0-255,4320,73090,54,214190
40505,0.001364,172.31.46.0-255,66,73156,54,214190
40506,0.001371,74.125.68.0-255,5738,78894,54,214190
40507,0.001374,172.31.46.0-255,66,78960,54,214190
40508,0.001409,74.125.68.0-255,2902,81862,54,214190
40509,0.001412,172.31.46.0-255,66,81928,54,214190
40510,0.00142,74.125.68.0-255,7156,89084,54,214190
40511,0.001422,172.31.46.0-255,66,89150,54,214190
40512,0.001425,74.125.68.0-255,766,89916,54,214190
40513,0.001871,74.125.68.0-255,1484,91400,54,214190
40514,0.001879,172.31.46.0-255,66,91466,54,214190
40515,0.001886,74.125.68.0-255,2902,94368,54,214190
40516,0.001889,172.31.46.0-255,66,94434,54,214190
40517,0.001902,74.125.68.0-255,5738,100172,54,214190
40518,0.001904,172.31.46.0-255,66,100238,54,214190
40519,0.001909,74.125.68.0-255,2902,103140,54,214190
40520,0.001911,172.31.46.0-255,66,103206,54,214190
40521,0.001918,74.125.68.0-255,4320,107526,54,214190
40522,0.00192,172.31.46.0-255,66,107592,54,214190
40523,0.00196,172.31.46.0-255,66,107658,54,214190
40524,0.001967,74.125.68.0-255,7156,114814,54,214190
40525,0.00197,172.31.46.0-255,66,114880,54,214190
40526,0.001998,74.125.68.0-255,766,115646,54,214190
40527,0.002018,74.125.68.0-255,1484,117130,54,214190
40528,0.002021,172.31.46.0-255,66,117196,54,214190
40529,0.002041,74.125.68.0-255,4320,121516,54,214190
40530,0.002044,172.31.46.0-255,66,121582,54,214190
40531,0.002048,74.125.68.0-255,1484,123066,54,214190
40532,0.002076,74.125.68.0-255,2902,125968,54,214190
40533,0.002079,172.31.46.0-255,66,126034,54,214190
40534,0.002086,74.125.68.0-255,5738,131772,54,214190
40535,0.002088,172.31.46.0-255,66,131838,54,214190
40536,0.002137,172.31.46.0-255,66,131904,54,214190
40537,0.002163,74.125.68.0-255,1484,133388,54,214190
40538,0.002168,74.125.68.0-255,4320,137708,54,214190
40539,0.002171,172.31.46.0-255,66,137774,54,214190
40540,0.002175,74.125.68.0-255,2184,139958,54,214190
40541,0.002178,172.31.46.0-255,66,140024,54,214190
40542,0.004285,74.125.68.0-255,5738,145762,54,214190
40543,0.004303,172.31.46.0-255,66,145828,54,214190
40544,0.006428,74.125.68.0-255,5738,151566,54,214190
40545,0.006448,172.31.46.0-255,66,151632,54,214190
40546,0.008539,74.125.68.0-255,1484,153116,54,214190
40547,0.008559,74.125.68.0-255,2902,156018,54,214190
40548,0.008564,172.31.46.0-255,66,156084,54,214190
40549,0.008593,74.125.68.0-255,1484,157568,54,214190
40550,0.010677,74.125.68.0-255,4320,161888,54,214190
40551,0.010688,172.31.46.0-255,66,161954,54,214190
40552,0.012803,74.125.68.0-255,5738,167692,54,214190
40553,0.012815,172.31.46.0-255,66,167758,54,214190
40554,0.014961,74.125.68.0-255,5738,173496,54,214190
40555,0.014974,172.31.46.0-255,66,173562,54,214190
40556,0.017091,74.125.68.0-255,5738,179300,54,214190
40557,0.017108,172.31.46.0-255,66,179366,54,214190
40558,0.019227,74.125.68.0-255,5738,185104,54,214190
40559,0.019243,172.31.46.0-255,66,185170,54,214190
40560,0.021396,74.125.68.0-255,5738,190908,54,214190
40561,0.021415,172.31.46.0-255,66,190974,54,214190
40562,0.02356,74.125.68.0-255,5738,196712,54,214190
40563,0.023581,172.31.46.0-255,66,196778,54,214190
40564,0.025705,74.125.68.0-255,5738,202516,54,214190
40565,0.025726,172.31.46.0-255,66,202582,54,214190
40566,0.027838,74.125.68.0-255,5738,208320,54,214190
40567,0.027848,172.31.46.0-255,66,208386,54,214190
40568,0.029976,74.125.68.0-255,5738,214124,54,214190
40569,0.029984,172.31.46.0-255,66,214190,54,214190
40570,0.0,172.217.194.0-255,158,158,54,170918
40571,3.2e-05,172.31.46.0-255,66,224,54,170918
40572,3.8e-05,172.217.194.0-255,1484,1708,54,170918
40573,4.2e-05,172.31.46.0-255,66,1774,54,170918
40574,4.7e-05,172.217.194.0-255,2902,4676,54,170918
40575,5.5e-05,172.31.46.0-255,66,4742,54,170918
40576,6.2e-05,172.217.194.0-255,7156,11898,54,170918
40577,6.5e-05,172.31.46.0-255,66,11964,54,170918
40578,6.9e-05,172.217.194.0-255,1975,13939,54,170918
40579,7.1e-05,172.31.46.0-255,66,14005,54,170918
40580,0.000124,172.31.46.0-255,66,14071,54,170918
40581,0.00015,172.217.194.0-255,1484,15555,54,170918
40582,0.000152,172.31.46.0-255,66,15621,54,170918
40583,0.000183,172.217.194.0-255,6797,22418,54,170918
40584,0.000186,172.31.46.0-255,66,22484,54,170918
40585,0.00028,172.217.194.0-255,1484,23968,54,170918
40586,0.000284,172.31.46.0-255,66,24034,54,170918
40587,0.000289,172.217.194.0-255,2902,26936,54,170918
40588,0.000291,172.31.46.0-255,66,27002,54,170918
40589,0.000294,172.217.194.0-255,1484,28486,54,170918
40590,0.000296,172.31.46.0-255,66,28552,54,170918
40591,0.000304,172.217.194.0-255,1484,30036,54,170918
40592,0.000307,172.31.46.0-255,66,30102,54,170918
40593,0.000333,172.217.194.0-255,4320,34422,54,170918
40594,0.000341,172.31.46.0-255,66,34488,54,170918
40595,0.000352,172.217.194.0-255,2902,37390,54,170918
40596,0.000355,172.31.46.0-255,66,37456,54,170918
40597,0.000376,172.217.194.0-255,2543,39999,54,170918
40598,0.000378,172.31.46.0-255,66,40065,54,170918
40599,0.000382,172.217.194.0-255,2902,42967,54,170918
40600,0.000384,172.31.46.0-255,66,43033,54,170918
40601,0.000404,172.217.194.0-255,2902,45935,54,170918
40602,0.000407,172.31.46.0-255,66,46001,54,170918
40603,0.000422,172.31.46.0-255,66,46067,54,170918
40604,0.000443,172.217.194.0-255,2543,48610,54,170918
40605,0.000449,172.31.46.0-255,66,48676,54,170918
40606,0.000452,172.217.194.0-255,392,49068,54,170918
40607,0.000715,172.217.194.0-255,381,49449,54,170918
40608,0.00076,172.31.46.0-255,66,49515,54,170918
40609,0.000948,172.217.194.0-255,1484,50999,54,170918
40610,0.000958,172.217.194.0-255,2902,53901,54,170918
40611,0.000962,172.31.46.0-255,66,53967,54,170918
40612,0.000968,172.217.194.0-255,2902,56869,54,170918
40613,0.00097,172.31.46.0-255,66,56935,54,170918
40614,0.001002,172.217.194.0-255,2902,59837,54,170918
40615,0.001006,172.31.46.0-255,66,59903,54,170918
40616,0.001026,172.31.46.0-255,66,59969,54,170918
40617,0.001032,172.217.194.0-255,5738,65707,54,170918
40618,0.001035,172.31.46.0-255,66,65773,54,170918
40619,0.001063,172.217.194.0-255,5020,70793,54,170918
40620,0.001073,172.31.46.0-255,66,70859,54,170918
40621,0.001347,172.217.194.0-255,1484,72343,54,170918
40622,0.001356,172.217.194.0-255,2902,75245,54,170918
40623,0.00136,172.31.46.0-255,66,75311,54,170918
40624,0.001392,172.217.194.0-255,5738,81049,54,170918
40625,0.001396,172.31.46.0-255,66,81115,54,170918
40626,0.001436,172.31.46.0-255,66,81181,54,170918
40627,0.001452,172.31.46.0-255,66,81247,54,170918
40628,0.001454,172.217.194.0-255,766,82013,54,170918
40629,0.002193,172.217.194.0-255,1484,83497,54,170918
40630,0.002196,172.31.46.0-255,66,83563,54,170918
40631,0.002221,172.217.194.0-255,2902,86465,54,170918
40632,0.002223,172.31.46.0-255,66,86531,54,170918
40633,0.002228,172.217.194.0-255,4320,90851,54,170918
40634,0.00223,172.31.46.0-255,66,90917,54,170918
40635,0.002256,172.217.194.0-255,1484,92401,54,170918
40636,0.002266,172.31.46.0-255,66,92467,54,170918
40637,0.002329,172.31.46.0-255,66,92533,54,170918
40638,0.004609,172.217.194.0-255,5738,98271,54,170918
40639,0.004614,172.31.46.0-255,66,98337,54,170918
40640,0.006903,172.217.194.0-255,5738,104075,54,170918
40641,0.006909,172.31.46.0-255,66,104141,54,170918
40642,0.009192,172.217.194.0-255,5738,109879,54,170918
40643,0.009197,172.31.46.0-255,66,109945,54,170918
40644,0.011514,172.217.194.0-255,5738,115683,54,170918
40645,0.01152,172.31.46.0-255,66,115749,54,170918
40646,0.013799,172.217.194.0-255,5738,121487,54,170918
40647,0.013805,172.31.46.0-255,66,121553,54,170918
40648,0.016083,172.217.194.0-255,5738,127291,54,170918
40649,0.016091,172.31.46.0-255,66,127357,54,170918
40650,0.018357,172.217.194.0-255,2902,130259,54,170918
40651,0.018363,172.31.46.0-255,66,130325,54,170918
40652,0.018392,172.217.194.0-255,2902,133227,54,170918
40653,0.018395,172.31.46.0-255,66,133293,54,170918
40654,0.020627,172.217.194.0-255,2902,136195,54,170918
40655,0.020632,172.31.46.0-255,66,136261,54,170918
40656,0.020679,172.217.194.0-255,2902,139163,54,170918
40657,0.020683,172.31.46.0-255,66,139229,54,170918
40658,0.022663,172.31.46.0-255,167,139396,54,170918
40659,0.022692,172.31.46.0-255,1118,140514,54,170918
40660,0.022738,172.31.46.0-255,1514,142028,54,170918
40661,0.02274,172.31.46.0-255,1514,143542,54,170918
40662,0.022741,172.31.46.0-255,1514,145056,54,170918
40663,0.022742,172.31.46.0-255,1514,146570,54,170918
40664,0.022743,172.31.46.0-255,538,147108,54,170918
40665,0.022918,172.217.194.0-255,2902,150010,54,170918
40666,0.022925,172.31.46.0-255,66,150076,54,170918
40667,0.022968,172.217.194.0-255,2902,152978,54,170918
40668,0.022972,172.31.46.0-255,66,153044,54,170918
40669,0.024333,104.244.42.0-255,66,153110,54,170918
40670,0.025208,172.217.194.0-255,2902,156012,54,170918
40671,0.025212,172.31.46.0-255,66,156078,54,170918
40672,0.025247,172.217.194.0-255,2902,158980,54,170918
40673,0.02525,172.31.46.0-255,66,159046,54,170918
40674,0.027464,172.217.194.0-255,2902,161948,54,170918
40675,0.027468,172.31.46.0-255,66,162014,54,170918
40676,0.0275,172.217.194.0-255,2902,164916,54,170918
40677,0.027503,172.31.46.0-255,66,164982,54,170918
40678,0.029719,172.217.194.0-255,2902,167884,54,170918
40679,0.029723,172.31.46.0-255,66,167950,54,170918
40680,0.029755,172.217.194.0-255,2902,170852,54,170918
40681,0.029758,172.31.46.0-255,66,170918,54,170918
40682,0.0,74.125.24.0-255,165,165,54,224562
40683,2.5e-05,172.31.46.0-255,66,231,54,224562
40684,3.1e-05,74.125.24.0-255,1484,1715,54,224562
40685,3.6e-05,172.31.46.0-255,66,1781,54,224562
40686,4.1e-05,74.125.24.0-255,2902,4683,54,224562
40687,4.4e-05,172.31.46.0-255,66,4749,54,224562
40688,5.2e-05,74.125.24.0-255,7156,11905,54,224562
40689,5.5e-05,172.31.46.0-255,66,11971,54,224562
40690,8.8e-05,172.31.46.0-255,66,12037,54,224562
40691,9.8e-05,172.31.46.0-255,66,12103,54,224562
40692,0.000103,74.125.24.0-255,2543,14646,54,224562
40693,0.000106,172.31.46.0-255,66,14712,54,224562
40694,0.00018,74.125.24.0-255,1484,16196,54,224562
40695,0.000183,172.31.46.0-255,66,16262,54,224562
40696,0.000203,74.125.24.0-255,2902,19164,54,224562
40697,0.000205,172.31.46.0-255,66,19230,54,224562
40698,0.00021,74.125.24.0-255,5738,24968,54,224562
40699,0.000212,172.31.46.0-255,66,25034,54,224562
40700,0.000217,74.125.24.0-255,4320,29354,54,224562
40701,0.00022,172.31.46.0-255,66,29420,54,224562
40702,0.000254,172.31.46.0-255,66,29486,54,224562
40703,0.000277,74.125.24.0-255,2543,32029,54,224562
40704,0.00028,172.31.46.0-255,66,32095,54,224562
40705,0.000288,74.125.24.0-255,6797,38892,54,224562
40706,0.000291,172.31.46.0-255,66,38958,54,224562
40707,0.000293,74.125.24.0-255,361,39319,54,224562
40708,0.000295,172.31.46.0-255,66,39385,54,224562
40709,0.00034,74.125.24.0-255,130,39515,54,224562
40710,0.000342,172.31.46.0-255,66,39581,54,224562
40711,0.000949,74.125.24.0-255,348,39929,54,224562
40712,0.0011,74.125.24.0-255,1484,41413,54,224562
40713,0.001104,172.31.46.0-255,66,41479,54,224562
40714,0.00111,74.125.24.0-255,2902,44381,54,224562
40715,0.001113,172.31.46.0-255,66,44447,54,224562
40716,0.001115,74.125.24.0-255,1484,45931,54,224562
40717,0.00114,74.125.24.0-255,4320,50251,54,224562
40718,0.001143,172.31.46.0-255,66,50317,54,224562
40719,0.001154,74.125.24.0-255,1484,51801,54,224562
40720,0.001177,74.125.24.0-255,5379,57180,54,224562
40721,0.00118,172.31.46.0-255,66,57246,54,224562
40722,0.001399,74.125.24.0-255,1484,58730,54,224562
40723,0.001404,74.125.24.0-255,2902,61632,54,224562
40724,0.001407,172.31.46.0-255,66,61698,54,224562
40725,0.001435,74.125.24.0-255,5738,67436,54,224562
40726,0.001439,172.31.46.0-255,66,67502,54,224562
40727,0.001461,74.125.24.0-255,6797,74299,54,224562
40728,0.001464,172.31.46.0-255,66,74365,54,224562
40729,0.001535,74.125.24.0-255,1484,75849,54,224562
40730,0.001539,74.125.24.0-255,2902,78751,54,224562
40731,0.001542,172.31.46.0-255,66,78817,54,224562
40732,0.001565,74.125.24.0-255,5738,84555,54,224562
40733,0.001568,172.31.46.0-255,66,84621,54,224562
40734,0.001613,172.31.46.0-255,66,84687,54,224562
40735,0.00162,74.125.24.0-255,5738,90425,54,224562
40736,0.001623,172.31.46.0-255,66,90491,54,224562
40737,0.001633,74.125.24.0-255,1484,91975,54,224562
40738,0.001651,74.125.24.0-255,3602,95577,54,224562
40739,0.001654,172.31.46.0-255,66,95643,54,224562
40740,0.001696,74.125.24.0-255,1484,97127,54,224562
40741,0.001708,74.125.24.0-255,2902,100029,54,224562
40742,0.001711,172.31.46.0-255,66,100095,54,224562
40743,0.001717,74.125.24.0-255,5738,105833,54,224562
40744,0.00172,172.31.46.0-255,66,105899,54,224562
40745,0.001749,172.31.46.0-255,66,105965,54,224562
40746,0.00177,74.125.24.0-255,2902,108867,54,224562
40747,0.001773,172.31.46.0-255,66,108933,54,224562
40748,0.001785,172.31.46.0-255,66,108999,54,224562
40749,0.001787,74.125.24.0-255,766,109765,54,224562
40750,0.00184,74.125.24.0-255,1484,111249,54,224562
40751,0.001842,172.31.46.0-255,66,111315,54,224562
40752,0.001845,74.125.24.0-255,1484,112799,54,224562
40753,0.001864,74.125.24.0-255,1484,114283,54,224562
40754,0.001866,172.31.46.0-255,66,114349,54,224562
40755,0.001872,74.125.24.0-255,5738,120087,54,224562
40756,0.001874,172.31.46.0-255,66,120153,54,224562
40757,0.001877,74.125.24.0-255,1484,121637,54,224562
40758,0.001899,172.31.46.0-255,66,121703,54,224562
40759,0.001914,74.125.24.0-255,2902,124605,54,224562
40760,0.001916,172.31.46.0-255,66,124671,54,224562
40761,0.001928,172.31.46.0-255,66,124737,54,224562
40762,0.001958,74.125.24.0-255,1484,126221,54,224562
40763,0.001961,74.125.24.0-255,1484,127705,54,224562
40764,0.001964,172.31.46.0-255,66,127771,54,224562
40765,0.001982,74.125.24.0-255,1484,129255,54,224562
40766,0.001989,74.125.24.0-255,5738,134993,54,224562
40767,0.001992,172.31.46.0-255,66,135059,54,224562
40768,0.002023,172.31.46.0-255,66,135125,54,224562
40769,0.002043,74.125.24.0-255,2902,138027,54,224562
40770,0.002046,172.31.46.0-255,66,138093,54,224562
40771,0.002056,172.31.46.0-255,66,138159,54,224562
40772,0.002059,74.125.24.0-255,1484,139643,54,224562
40773,0.002123,172.31.46.0-255,66,139709,54,224562
40774,0.002137,172.31.46.0-255,66,139775,54,224562
40775,0.00214,74.125.24.0-255,1484,141259,54,224562
40776,0.002196,74.125.24.0-255,2902,144161,54,224562
40777,0.002199,172.31.46.0-255,66,144227,54,224562
40778,0.002206,74.125.24.0-255,5738,149965,54,224562
40779,0.002209,172.31.46.0-255,66,150031,54,224562
40780,0.002211,74.125.24.0-255,1484,151515,54,224562
40781,0.002224,172.31.46.0-255,66,151581,54,224562
40782,0.002249,74.125.24.0-255,2902,154483,54,224562
40783,0.002251,172.31.46.0-255,66,154549,54,224562
40784,0.002263,172.31.46.0-255,66,154615,54,224562
40785,0.003225,172.31.46.0-255,101,154716,54,224562
40786,0.004512,74.125.24.0-255,5738,160454,54,224562
40787,0.004518,172.31.46.0-255,66,160520,54,224562
40788,0.005446,74.125.24.0-255,66,160586,54,224562
40789,0.006782,74.125.24.0-255,5738,166324,54,224562
40790,0.00679,172.31.46.0-255,66,166390,54,224562
40791,0.009047,74.125.24.0-255,5738,172128,54,224562
40792,0.009052,172.31.46.0-255,66,172194,54,224562
40793,0.011331,74.125.24.0-255,5738,177932,54,224562
40794,0.011338,172.31.46.0-255,66,177998,54,224562
40795,0.013621,74.125.24.0-255,5738,183736,54,224562
40796,0.013629,172.31.46.0-255,66,183802,54,224562
40797,0.015916,74.125.24.0-255,5738,189540,54,224562
40798,0.015923,172.31.46.0-255,66,189606,54,224562
40799,0.018189,74.125.24.0-255,5738,195344,54,224562
40800,0.018198,172.31.46.0-255,66,195410,54,224562
40801,0.020477,74.125.24.0-255,5738,201148,54,224562
40802,0.020486,172.31.46.0-255,66,201214,54,224562
40803,0.022749,74.125.24.0-255,5738,206952,54,224562
40804,0.022756,172.31.46.0-255,66,207018,54,224562
40805,0.025038,74.125.24.0-255,5738,212756,54,224562
40806,0.025044,172.31.46.0-255,66,212822,54,224562
40807,0.02733,74.125.24.0-255,5738,218560,54,224562
40808,0.027337,172.31.46.0-255,66,218626,54,224562
40809,0.029578,74.125.24.0-255,2902,221528,54,224562
40810,0.029584,172.31.46.0-255,66,221594,54,224562
40811,0.0296,74.125.24.0-255,2902,224496,54,224562
40812,0.029602,172.31.46.0-255,66,224562,54,224562
40813,0.0,172.217.194.0-255,152,152,54,147050
40814,2.5e-05,172.31.46.0-255,66,218,54,147050
40815,3.3e-05,172.217.194.0-255,1484,1702,54,147050
40816,3.7e-05,172.31.46.0-255,66,1768,54,147050
40817,5.1e-05,172.217.194.0-255,2902,4670,54,147050
40818,5.5e-05,172.31.46.0-255,66,4736,54,147050
40819,6.3e-05,172.217.194.0-255,7156,11892,54,147050
40820,6.6e-05,172.31.46.0-255,66,11958,54,147050
40821,8.2e-05,172.31.46.0-255,66,12024,54,147050
40822,0.000108,172.217.194.0-255,3358,15382,54,147050
40823,0.000111,172.31.46.0-255,66,15448,54,147050
40824,0.000117,172.217.194.0-255,2543,17991,54,147050
40825,0.000124,172.31.46.0-255,66,18057,54,147050
40826,0.000128,172.217.194.0-255,2902,20959,54,147050
40827,0.00013,172.31.46.0-255,66,21025,54,147050
40828,0.000136,172.217.194.0-255,4320,25345,54,147050
40829,0.000139,172.31.46.0-255,66,25411,54,147050
40830,0.000173,172.217.194.0-255,2902,28313,54,147050
40831,0.000177,172.31.46.0-255,66,28379,54,147050
40832,0.000183,172.217.194.0-255,5738,34117,54,147050
40833,0.000185,172.31.46.0-255,66,34183,54,147050
40834,0.000223,172.31.46.0-255,66,34249,54,147050
40835,0.000227,172.217.194.0-255,2834,37083,54,147050
40836,0.000229,172.31.46.0-255,66,37149,54,147050
40837,0.000232,172.217.194.0-255,100,37249,54,147050
40838,0.000234,172.31.46.0-255,66,37315,54,147050
40839,0.000259,172.217.194.0-255,1484,38799,54,147050
40840,0.000261,172.31.46.0-255,66,38865,54,147050
40841,0.000265,172.217.194.0-255,1484,40349,54,147050
40842,0.000267,172.31.46.0-255,66,40415,54,147050
40843,0.000287,172.217.194.0-255,1484,41899,54,147050
40844,0.000301,172.217.194.0-255,7156,49055,54,147050
40845,0.000303,172.31.46.0-255,66,49121,54,147050
40846,0.00031,172.217.194.0-255,5675,54796,54,147050
40847,0.000312,172.31.46.0-255,66,54862,54,147050
40848,0.000341,172.217.194.0-255,1484,56346,54,147050
40849,0.000354,172.217.194.0-255,2902,59248,54,147050
40850,0.000357,172.31.46.0-255,66,59314,54,147050
40851,0.000387,172.217.194.0-255,5738,65052,54,147050
40852,0.00039,172.31.46.0-255,66,65118,54,147050
40853,0.000419,172.217.194.0-255,6797,71915,54,147050
40854,0.000423,172.31.46.0-255,66,71981,54,147050
40855,0.0009,172.217.194.0-255,1484,73465,54,147050
40856,0.000914,172.217.194.0-255,1484,74949,54,147050
40857,0.000918,172.31.46.0-255,66,75015,54,147050
40858,0.000924,172.217.194.0-255,2902,77917,54,147050
40859,0.000926,172.31.46.0-255,66,77983,54,147050
40860,0.000932,172.217.194.0-255,4320,82303,54,147050
40861,0.000939,172.31.46.0-255,66,82369,54,147050
40862,0.000964,172.217.194.0-255,1484,83853,54,147050
40863,0.000982,172.31.46.0-255,66,83919,54,147050
40864,0.000985,172.217.194.0-255,1484,85403,54,147050
40865,0.001012,172.217.194.0-255,7156,92559,54,147050
40866,0.001015,172.31.46.0-255,66,92625,54,147050
40867,0.001036,172.217.194.0-255,6438,99063,54,147050
40868,0.001043,172.31.46.0-255,66,99129,54,147050
40869,0.001059,172.31.46.0-255,66,99195,54,147050
40870,0.001098,172.217.194.0-255,2902,102097,54,147050
40871,0.0011,172.31.46.0-255,66,102163,54,147050
40872,0.001148,172.31.46.0-255,66,102229,54,147050
40873,0.001168,172.31.46.0-255,66,102295,54,147050
40874,0.001186,172.31.46.0-255,66,102361,54,147050
40875,0.001203,172.31.46.0-255,66,102427,54,147050
40876,0.001219,172.31.46.0-255,66,102493,54,147050
40877,0.001224,172.217.194.0-255,3602,106095,54,147050
40878,0.001228,172.31.46.0-255,66,106161,54,147050
40879,0.001297,172.217.194.0-255,1484,107645,54,147050
40880,0.001301,172.217.194.0-255,1484,109129,54,147050
40881,0.001304,172.31.46.0-255,66,109195,54,147050
40882,0.001331,172.217.194.0-255,1484,110679,54,147050
40883,0.001337,172.217.194.0-255,4320,114999,54,147050
40884,0.00134,172.31.46.0-255,66,115065,54,147050
40885,0.001356,172.31.46.0-255,66,115131,54,147050
40886,0.001398,172.31.46.0-255,66,115197,54,147050
40887,0.001427,172.217.194.0-255,2184,117381,54,147050
40888,0.001429,172.31.46.0-255,66,117447,54,147050
40889,0.001622,172.217.194.0-255,1484,118931,54,147050
40890,0.001627,172.217.194.0-255,1484,120415,54,147050
40891,0.00163,172.31.46.0-255,66,120481,54,147050
40892,0.001646,172.217.194.0-255,1484,121965,54,147050
40893,0.001653,172.217.194.0-255,4320,126285,54,147050
40894,0.001655,172.31.46.0-255,66,126351,54,147050
40895,0.001683,172.217.194.0-255,1484,127835,54,147050
40896,0.001698,172.31.46.0-255,66,127901,54,147050
40897,0.001717,172.31.46.0-255,66,127967,54,147050
40898,0.001722,172.217.194.0-255,4320,132287,54,147050
40899,0.001724,172.31.46.0-255,66,132353,54,147050
40900,0.001765,172.217.194.0-255,4320,136673,54,147050
40901,0.001768,172.31.46.0-255,66,136739,54,147050
40902,0.00178,172.31.46.0-255,66,136805,54,147050
40903,0.001801,172.31.46.0-255,66,136871,54,147050
40904,0.001844,172.217.194.0-255,5020,141891,54,147050
40905,0.001848,172.31.46.0-255,66,141957,54,147050
40906,0.001873,172.31.46.0-255,66,142023,54,147050
40907,0.001918,172.217.194.0-255,4320,146343,54,147050
40908,0.001921,172.31.46.0-255,66,146409,54,147050
40909,0.001979,172.31.46.0-255,66,146475,54,147050
40910,0.002012,172.31.46.0-255,66,146541,54,147050
40911,0.002022,172.31.46.0-255,66,146607,54,147050
40912,0.002025,172.217.194.0-255,105,146712,54,147050
40913,0.00296,172.31.46.0-255,101,146813,54,147050
40914,0.004785,172.31.46.0-255,105,146918,54,147050
40915,0.005177,172.217.194.0-255,66,146984,54,147050
40916,0.007018,172.217.194.0-255,66,147050,54,147050
40917,0.0,74.125.68.0-255,152,152,54,272173
40918,2.1e-05,172.31.46.0-255,66,218,54,272173
40919,2.7e-05,74.125.68.0-255,1484,1702,54,272173
40920,3.1e-05,172.31.46.0-255,66,1768,54,272173
40921,5.7e-05,74.125.68.0-255,1484,3252,54,272173
40922,6.3e-05,172.31.46.0-255,66,3318,54,272173
40923,6.8e-05,74.125.68.0-255,2902,6220,54,272173
40924,7.1e-05,172.31.46.0-255,66,6286,54,272173
40925,7.8e-05,74.125.68.0-255,5738,12024,54,272173
40926,8e-05,172.31.46.0-255,66,12090,54,272173
40927,8.4e-05,74.125.68.0-255,1932,14022,54,272173
40928,8.6e-05,172.31.46.0-255,66,14088,54,272173
40929,0.000146,74.125.68.0-255,1484,15572,54,272173
40930,0.000149,172.31.46.0-255,66,15638,54,272173
40931,0.000152,74.125.68.0-255,1484,17122,54,272173
40932,0.000154,172.31.46.0-255,66,17188,54,272173
40933,0.000183,74.125.68.0-255,1484,18672,54,272173
40934,0.000186,172.31.46.0-255,66,18738,54,272173
40935,0.000193,74.125.68.0-255,5738,24476,54,272173
40936,0.000195,172.31.46.0-255,66,24542,54,272173
40937,0.000202,74.125.68.0-255,2902,27444,54,272173
40938,0.000204,172.31.46.0-255,66,27510,54,272173
40939,0.00024,74.125.68.0-255,3961,31471,54,272173
40940,0.000243,172.31.46.0-255,66,31537,54,272173
40941,0.000349,74.125.68.0-255,1484,33021,54,272173
40942,0.000353,172.31.46.0-255,66,33087,54,272173
40943,0.000381,74.125.68.0-255,2902,35989,54,272173
40944,0.000384,172.31.46.0-255,66,36055,54,272173
40945,0.00039,74.125.68.0-255,5738,41793,54,272173
40946,0.000391,172.31.46.0-255,66,41859,54,272173
40947,0.000399,74.125.68.0-255,2902,44761,54,272173
40948,0.000401,172.31.46.0-255,66,44827,54,272173
40949,0.000422,74.125.68.0-255,1484,46311,54,272173
40950,0.000457,172.31.46.0-255,66,46377,54,272173
40951,0.000461,74.125.68.0-255,4320,50697,54,272173
40952,0.000463,172.31.46.0-255,66,50763,54,272173
40953,0.000498,74.125.68.0-255,5691,56454,54,272173
40954,0.000501,172.31.46.0-255,66,56520,54,272173
40955,0.000521,74.125.68.0-255,376,56896,54,272173
40956,0.000728,74.125.68.0-255,1484,58380,54,272173
40957,0.000732,172.31.46.0-255,66,58446,54,272173
40958,0.000754,74.125.68.0-255,1484,59930,54,272173
40959,0.000772,74.125.68.0-255,2902,62832,54,272173
40960,0.000775,172.31.46.0-255,66,62898,54,272173
40961,0.0008,74.125.68.0-255,4320,67218,54,272173
40962,0.000803,172.31.46.0-255,66,67284,54,272173
40963,0.000829,74.125.68.0-255,5738,73022,54,272173
40964,0.000831,172.31.46.0-255,66,73088,54,272173
40965,0.00085,74.125.68.0-255,4320,77408,54,272173
40966,0.000852,172.31.46.0-255,66,77474,54,272173
40967,0.000885,74.125.68.0-255,5738,83212,54,272173
40968,0.000887,172.31.46.0-255,66,83278,54,272173
40969,0.00089,74.125.68.0-255,1484,84762,54,272173
40970,0.000913,74.125.68.0-255,1484,86246,54,272173
40971,0.000915,172.31.46.0-255,66,86312,54,272173
40972,0.00092,74.125.68.0-255,4320,90632,54,272173
40973,0.000923,172.31.46.0-255,66,90698,54,272173
40974,0.000949,74.125.68.0-255,766,91464,54,272173
40975,0.001407,172.31.46.0-255,66,91530,54,272173
40976,0.001567,74.125.68.0-255,1484,93014,54,272173
40977,0.001587,74.125.68.0-255,2902,95916,54,272173
40978,0.001591,172.31.46.0-255,66,95982,54,272173
40979,0.001596,74.125.68.0-255,2902,98884,54,272173
40980,0.001598,172.31.46.0-255,66,98950,54,272173
40981,0.001629,74.125.68.0-255,2902,101852,54,272173
40982,0.001632,172.31.46.0-255,66,101918,54,272173
40983,0.001639,74.125.68.0-255,7156,109074,54,272173
40984,0.00164,172.31.46.0-255,66,109140,54,272173
40985,0.001678,172.31.46.0-255,66,109206,54,272173
40986,0.001705,74.125.68.0-255,2184,111390,54,272173
40987,0.001708,172.31.46.0-255,66,111456,54,272173
40988,0.001844,74.125.68.0-255,1484,112940,54,272173
40989,0.00186,74.125.68.0-255,1484,114424,54,272173
40990,0.001863,172.31.46.0-255,66,114490,54,272173
40991,0.001867,74.125.68.0-255,2902,117392,54,272173
40992,0.001869,172.31.46.0-255,66,117458,54,272173
40993,0.001896,74.125.68.0-255,5738,123196,54,272173
40994,0.001902,172.31.46.0-255,66,123262,54,272173
40995,0.001905,74.125.68.0-255,1484,124746,54,272173
40996,0.001929,172.31.46.0-255,66,124812,54,272173
40997,0.001987,172.31.46.0-255,66,124878,54,272173
40998,0.001989,74.125.68.0-255,1484,126362,54,272173
40999,0.002019,172.31.46.0-255,66,126428,54,272173
41000,0.002024,74.125.68.0-255,5738,132166,54,272173
41001,0.002027,172.31.46.0-255,66,132232,54,272173
41002,0.002067,74.125.68.0-255,2902,135134,54,272173
41003,0.002069,172.31.46.0-255,66,135200,54,272173
41004,0.002086,74.125.68.0-255,6438,141638,54,272173
41005,0.002089,172.31.46.0-255,66,141704,54,272173
41006,0.002137,74.125.68.0-255,1484,143188,54,272173
41007,0.00215,74.125.68.0-255,2902,146090,54,272173
41008,0.002153,172.31.46.0-255,66,146156,54,272173
41009,0.002167,74.125.68.0-255,2902,149058,54,272173
41010,0.002172,172.31.46.0-255,66,149124,54,272173
41011,0.002177,74.125.68.0-255,4320,153444,54,272173
41012,0.002179,172.31.46.0-255,66,153510,54,272173
41013,0.002202,74.125.68.0-255,7156,160666,54,272173
41014,0.002208,172.31.46.0-255,66,160732,54,272173
41015,0.00223,74.125.68.0-255,1484,162216,54,272173
41016,0.002237,74.125.68.0-255,7156,169372,54,272173
41017,0.002239,172.31.46.0-255,66,169438,54,272173
41018,0.002274,74.125.68.0-255,6438,175876,54,272173
41019,0.002277,172.31.46.0-255,66,175942,54,272173
41020,0.00233,74.125.68.0-255,1484,177426,54,272173
41021,0.002334,74.125.68.0-255,1484,178910,54,272173
41022,0.002336,172.31.46.0-255,66,178976,54,272173
41023,0.002359,74.125.68.0-255,1484,180460,54,272173
41024,0.002365,74.125.68.0-255,5738,186198,54,272173
41025,0.002367,172.31.46.0-255,66,186264,54,272173
41026,0.002371,74.125.68.0-255,2902,189166,54,272173
41027,0.002373,172.31.46.0-255,66,189232,54,272173
41028,0.002404,74.125.68.0-255,4320,193552,54,272173
41029,0.002407,172.31.46.0-255,66,193618,54,272173
41030,0.002431,74.125.68.0-255,5738,199356,54,272173
41031,0.002433,172.31.46.0-255,66,199422,54,272173
41032,0.002443,172.31.46.0-255,66,199488,54,272173
41033,0.002479,172.31.46.0-255,66,199554,54,272173
41034,0.002485,74.125.68.0-255,5738,205292,54,272173
41035,0.002487,172.31.46.0-255,66,205358,54,272173
41036,0.002534,172.31.46.0-255,66,205424,54,272173
41037,0.00256,172.31.46.0-255,66,205490,54,272173
41038,0.002584,74.125.68.0-255,4320,209810,54,272173
41039,0.002587,172.31.46.0-255,66,209876,54,272173
41040,0.002629,172.31.46.0-255,66,209942,54,272173
41041,0.002632,74.125.68.0-255,2902,212844,54,272173
41042,0.002634,172.31.46.0-255,66,212910,54,272173
41043,0.005183,74.125.68.0-255,2902,215812,54,272173
41044,0.005188,172.31.46.0-255,66,215878,54,272173
41045,0.005213,74.125.68.0-255,2902,218780,54,272173
41046,0.005216,172.31.46.0-255,66,218846,54,272173
41047,0.007724,172.31.46.0-255,101,218947,54,272173
41048,0.007754,74.125.68.0-255,2902,221849,54,272173
41049,0.007758,172.31.46.0-255,66,221915,54,272173
41050,0.007789,74.125.68.0-255,2902,224817,54,272173
41051,0.007791,172.31.46.0-255,66,224883,54,272173
41052,0.010283,74.125.68.0-255,66,224949,54,272173
41053,0.010347,74.125.68.0-255,2902,227851,54,272173
41054,0.010352,172.31.46.0-255,66,227917,54,272173
41055,0.010381,74.125.68.0-255,2902,230819,54,272173
41056,0.010384,172.31.46.0-255,66,230885,54,272173
41057,0.012923,74.125.68.0-255,2902,233787,54,272173
41058,0.012932,172.31.46.0-255,66,233853,54,272173
41059,0.01296,74.125.68.0-255,2902,236755,54,272173
41060,0.012962,172.31.46.0-255,66,236821,54,272173
41061,0.015512,74.125.68.0-255,2902,239723,54,272173
41062,0.015519,172.31.46.0-255,66,239789,54,272173
41063,0.015544,74.125.68.0-255,2902,242691,54,272173
41064,0.015546,172.31.46.0-255,66,242757,54,272173
41065,0.018087,74.125.68.0-255,2902,245659,54,272173
41066,0.018097,172.31.46.0-255,66,245725,54,272173
41067,0.018125,74.125.68.0-255,2902,248627,54,272173
41068,0.018128,172.31.46.0-255,66,248693,54,272173
41069,0.020663,74.125.68.0-255,2902,251595,54,272173
41070,0.020672,172.31.46.0-255,66,251661,54,272173
41071,0.020704,74.125.68.0-255,2902,254563,54,272173
41072,0.020707,172.31.46.0-255,66,254629,54,272173
41073,0.023237,74.125.68.0-255,2902,257531,54,272173
41074,0.023243,172.31.46.0-255,66,257597,54,272173
41075,0.023271,74.125.68.0-255,2902,260499,54,272173
41076,0.023274,172.31.46.0-255,66,260565,54,272173
41077,0.025831,74.125.68.0-255,5738,266303,54,272173
41078,0.025837,172.31.46.0-255,66,266369,54,272173
41079,0.028406,74.125.68.0-255,5738,272107,54,272173
41080,0.028413,172.31.46.0-255,66,272173,54,272173
41081,0.0,172.253.118.0-255,156,156,54,181134
41082,2.5e-05,172.31.46.0-255,66,222,54,181134
41083,3.2e-05,172.253.118.0-255,1484,1706,54,181134
41084,3.7e-05,172.31.46.0-255,66,1772,54,181134
41085,5e-05,172.253.118.0-255,2902,4674,54,181134
41086,5.4e-05,172.31.46.0-255,66,4740,54,181134
41087,6e-05,172.253.118.0-255,4320,9060,54,181134
41088,6.3e-05,172.31.46.0-255,66,9126,54,181134
41089,0.000101,172.253.118.0-255,4803,13929,54,181134
41090,0.000105,172.31.46.0-255,66,13995,54,181134
41091,0.000133,172.253.118.0-255,1484,15479,54,181134
41092,0.000136,172.31.46.0-255,66,15545,54,181134
41093,0.000141,172.253.118.0-255,2902,18447,54,181134
41094,0.000143,172.31.46.0-255,66,18513,54,181134
41095,0.00015,172.253.118.0-255,4320,22833,54,181134
41096,0.000157,172.31.46.0-255,66,22899,54,181134
41097,0.000167,172.253.118.0-255,1484,24383,54,181134
41098,0.000169,172.31.46.0-255,66,24449,54,181134
41099,0.000195,172.253.118.0-255,6797,31246,54,181134
41100,0.000198,172.31.46.0-255,66,31312,54,181134
41101,0.00024,172.253.118.0-255,1484,32796,54,181134
41102,0.000243,172.31.46.0-255,66,32862,54,181134
41103,0.000248,172.253.118.0-255,2902,35764,54,181134
41104,0.00025,172.31.46.0-255,66,35830,54,181134
41105,0.000253,172.253.118.0-255,1484,37314,54,181134
41106,0.00026,172.31.46.0-255,66,37380,54,181134
41107,0.000282,172.253.118.0-255,4320,41700,54,181134
41108,0.000285,172.31.46.0-255,66,41766,54,181134
41109,0.000292,172.253.118.0-255,6797,48563,54,181134
41110,0.000294,172.31.46.0-255,66,48629,54,181134
41111,0.000425,172.253.118.0-255,1484,50113,54,181134
41112,0.000429,172.31.46.0-255,66,50179,54,181134
41113,0.000434,172.253.118.0-255,2902,53081,54,181134
41114,0.000458,172.253.118.0-255,5738,58819,54,181134
41115,0.000474,172.253.118.0-255,2902,61721,54,181134
41116,0.000488,172.253.118.0-255,4542,66263,54,181134
41117,0.000604,172.31.46.0-255,66,66329,54,181134
41118,0.001238,172.253.118.0-255,1484,67813,54,181134
41119,0.001248,172.253.118.0-255,2902,70715,54,181134
41120,0.001252,172.31.46.0-255,66,70781,54,181134
41121,0.00126,172.253.118.0-255,5738,76519,54,181134
41122,0.001283,172.253.118.0-255,2902,79421,54,181134
41123,0.001344,172.253.118.0-255,7156,86577,54,181134
41124,0.00136,172.253.118.0-255,2543,89120,54,181134
41125,0.001659,172.253.118.0-255,1484,90604,54,181134
41126,0.001667,172.253.118.0-255,2902,93506,54,181134
41127,0.0017,172.253.118.0-255,4320,97826,54,181134
41128,0.001728,172.253.118.0-255,4320,102146,54,181134
41129,0.00174,172.253.118.0-255,1484,103630,54,181134
41130,0.001764,172.253.118.0-255,5738,109368,54,181134
41131,0.001781,172.253.118.0-255,7156,116524,54,181134
41132,0.001804,172.253.118.0-255,5738,122262,54,181134
41133,0.001807,172.253.118.0-255,766,123028,54,181134
41134,0.004771,172.31.46.0-255,66,123094,54,181134
41135,0.006812,172.253.118.0-255,5738,128832,54,181134
41136,0.006818,172.31.46.0-255,66,128898,54,181134
41137,0.008853,172.253.118.0-255,5738,134636,54,181134
41138,0.00886,172.31.46.0-255,66,134702,54,181134
41139,0.010891,172.253.118.0-255,5738,140440,54,181134
41140,0.012177,172.31.46.0-255,66,140506,54,181134
41141,0.014223,172.253.118.0-255,5738,146244,54,181134
41142,0.014235,172.31.46.0-255,66,146310,54,181134
41143,0.016259,172.253.118.0-255,5738,152048,54,181134
41144,0.016268,172.31.46.0-255,66,152114,54,181134
41145,0.018313,172.253.118.0-255,5738,157852,54,181134
41146,0.019822,172.31.46.0-255,66,157918,54,181134
41147,0.021856,172.253.118.0-255,5738,163656,54,181134
41148,0.021864,172.31.46.0-255,66,163722,54,181134
41149,0.023913,172.253.118.0-255,5738,169460,54,181134
41150,0.023919,172.31.46.0-255,66,169526,54,181134
41151,0.025955,172.253.118.0-255,5738,175264,54,181134
41152,0.025962,172.31.46.0-255,66,175330,54,181134
41153,0.027992,172.253.118.0-255,5738,181068,54,181134
41154,0.027999,172.31.46.0-255,66,181134,54,181134
41155,0.0,172.217.194.0-255,297,297,54,234956
41156,1.8e-05,172.31.46.0-255,66,363,54,234956
41157,2.4e-05,172.217.194.0-255,1484,1847,54,234956
41158,2.9e-05,172.31.46.0-255,66,1913,54,234956
41159,3.6e-05,172.217.194.0-255,4320,6233,54,234956
41160,3.9e-05,172.31.46.0-255,66,6299,54,234956
41161,7.3e-05,172.31.46.0-255,66,6365,54,234956
41162,0.000109,172.217.194.0-255,1484,7849,54,234956
41163,0.000112,172.31.46.0-255,66,7915,54,234956
41164,0.000117,172.217.194.0-255,2902,10817,54,234956
41165,0.000119,172.31.46.0-255,66,10883,54,234956
41166,0.000148,172.217.194.0-255,5738,16621,54,234956
41167,0.000151,172.31.46.0-255,66,16687,54,234956
41168,0.000171,172.217.194.0-255,4320,21007,54,234956
41169,0.000174,172.31.46.0-255,66,21073,54,234956
41170,0.000192,172.217.194.0-255,2543,23616,54,234956
41171,0.000194,172.31.46.0-255,66,23682,54,234956
41172,0.000198,172.217.194.0-255,2902,26584,54,234956
41173,0.0002,172.31.46.0-255,66,26650,54,234956
41174,0.000234,172.31.46.0-255,66,26716,54,234956
41175,0.000238,172.217.194.0-255,2543,29259,54,234956
41176,0.000241,172.31.46.0-255,66,29325,54,234956
41177,0.000245,172.217.194.0-255,2902,32227,54,234956
41178,0.000247,172.31.46.0-255,66,32293,54,234956
41179,0.000271,172.217.194.0-255,7156,39449,54,234956
41180,0.000274,172.31.46.0-255,66,39515,54,234956
41181,0.00034,172.217.194.0-255,4320,43835,54,234956
41182,0.000344,172.31.46.0-255,66,43901,54,234956
41183,0.000364,172.217.194.0-255,2795,46696,54,234956
41184,0.000366,172.31.46.0-255,66,46762,54,234956
41185,0.000369,172.217.194.0-255,433,47195,54,234956
41186,0.000462,172.217.194.0-255,1484,48679,54,234956
41187,0.000466,172.31.46.0-255,66,48745,54,234956
41188,0.000471,172.217.194.0-255,2902,51647,54,234956
41189,0.000474,172.31.46.0-255,66,51713,54,234956
41190,0.000476,172.217.194.0-255,1484,53197,54,234956
41191,0.0005,172.217.194.0-255,4320,57517,54,234956
41192,0.000503,172.31.46.0-255,66,57583,54,234956
41193,0.000509,172.217.194.0-255,4320,61903,54,234956
41194,0.000511,172.31.46.0-255,66,61969,54,234956
41195,0.000529,172.217.194.0-255,5738,67707,54,234956
41196,0.000531,172.31.46.0-255,66,67773,54,234956
41197,0.000552,172.217.194.0-255,2902,70675,54,234956
41198,0.000555,172.31.46.0-255,66,70741,54,234956
41199,0.000562,172.217.194.0-255,7156,77897,54,234956
41200,0.000565,172.31.46.0-255,66,77963,54,234956
41201,0.000617,172.217.194.0-255,3602,81565,54,234956
41202,0.000621,172.31.46.0-255,66,81631,54,234956
41203,0.000626,172.217.194.0-255,4320,85951,54,234956
41204,0.000628,172.31.46.0-255,66,86017,54,234956
41205,0.000644,172.217.194.0-255,4320,90337,54,234956
41206,0.000646,172.31.46.0-255,66,90403,54,234956
41207,0.000668,172.217.194.0-255,5738,96141,54,234956
41208,0.000671,172.31.46.0-255,66,96207,54,234956
41209,0.000673,172.217.194.0-255,1484,97691,54,234956
41210,0.000696,172.217.194.0-255,1484,99175,54,234956
41211,0.000699,172.31.46.0-255,66,99241,54,234956
41212,0.000726,172.31.46.0-255,66,99307,54,234956
41213,0.000753,172.217.194.0-255,6438,105745,54,234956
41214,0.000755,172.31.46.0-255,66,105811,54,234956
41215,0.000767,172.31.46.0-255,66,105877,54,234956
41216,0.000803,172.31.46.0-255,66,105943,54,234956
41217,0.00082,172.217.194.0-255,2902,108845,54,234956
41218,0.000834,172.31.46.0-255,66,108911,54,234956
41219,0.000842,172.31.46.0-255,66,108977,54,234956
41220,0.000859,172.217.194.0-255,4320,113297,54,234956
41221,0.000862,172.31.46.0-255,66,113363,54,234956
41222,0.000885,172.31.46.0-255,66,113429,54,234956
41223,0.00089,172.217.194.0-255,4320,117749,54,234956
41224,0.000893,172.31.46.0-255,66,117815,54,234956
41225,0.000933,172.31.46.0-255,66,117881,54,234956
41226,0.000936,172.217.194.0-255,766,118647,54,234956
41227,0.000954,172.217.194.0-255,5738,124385,54,234956
41228,0.000957,172.31.46.0-255,66,124451,54,234956
41229,0.000977,172.31.46.0-255,66,124517,54,234956
41230,0.000998,172.217.194.0-255,5738,130255,54,234956
41231,0.001001,172.31.46.0-255,66,130321,54,234956
41232,0.001015,172.31.46.0-255,66,130387,54,234956
41233,0.001132,172.217.194.0-255,1484,131871,54,234956
41234,0.001136,172.217.194.0-255,1484,133355,54,234956
41235,0.001138,172.31.46.0-255,66,133421,54,234956
41236,0.001158,172.217.194.0-255,1484,134905,54,234956
41237,0.001164,172.217.194.0-255,5738,140643,54,234956
41238,0.001168,172.31.46.0-255,66,140709,54,234956
41239,0.001189,172.217.194.0-255,2902,143611,54,234956
41240,0.001191,172.31.46.0-255,66,143677,54,234956
41241,0.001224,172.31.46.0-255,66,143743,54,234956
41242,0.001255,172.217.194.0-255,4320,148063,54,234956
41243,0.001259,172.31.46.0-255,66,148129,54,234956
41244,0.001279,172.217.194.0-255,6438,154567,54,234956
41245,0.001282,172.31.46.0-255,66,154633,54,234956
41246,0.001305,172.217.194.0-255,1484,156117,54,234956
41247,0.001311,172.217.194.0-255,2902,159019,54,234956
41248,0.001313,172.31.46.0-255,66,159085,54,234956
41249,0.001355,172.217.194.0-255,4320,163405,54,234956
41250,0.001358,172.31.46.0-255,66,163471,54,234956
41251,0.001381,172.217.194.0-255,1484,164955,54,234956
41252,0.001396,172.31.46.0-255,66,165021,54,234956
41253,0.001403,172.217.194.0-255,7156,172177,54,234956
41254,0.001405,172.31.46.0-255,66,172243,54,234956
41255,0.001419,172.217.194.0-255,3602,175845,54,234956
41256,0.001422,172.31.46.0-255,66,175911,54,234956
41257,0.001527,172.217.194.0-255,1484,177395,54,234956
41258,0.001534,172.217.194.0-255,2902,180297,54,234956
41259,0.001536,172.31.46.0-255,66,180363,54,234956
41260,0.001543,172.217.194.0-255,4320,184683,54,234956
41261,0.001545,172.31.46.0-255,66,184749,54,234956
41262,0.001569,172.217.194.0-255,1484,186233,54,234956
41263,0.001576,172.217.194.0-255,5738,191971,54,234956
41264,0.001578,172.31.46.0-255,66,192037,54,234956
41265,0.00159,172.31.46.0-255,66,192103,54,234956
41266,0.001616,172.217.194.0-255,4320,196423,54,234956
41267,0.001619,172.31.46.0-255,66,196489,54,234956
41268,0.001624,172.217.194.0-255,5020,201509,54,234956
41269,0.001627,172.31.46.0-255,66,201575,54,234956
41270,0.001645,172.217.194.0-255,2902,204477,54,234956
41271,0.001647,172.31.46.0-255,66,204543,54,234956
41272,0.001663,172.217.194.0-255,1484,206027,54,234956
41273,0.001669,172.217.194.0-255,5738,211765,54,234956
41274,0.001672,172.31.46.0-255,66,211831,54,234956
41275,0.001711,172.31.46.0-255,66,211897,54,234956
41276,0.001719,172.217.194.0-255,7156,219053,54,234956
41277,0.001721,172.31.46.0-255,66,219119,54,234956
41278,0.001757,172.217.194.0-255,5738,224857,54,234956
41279,0.00176,172.31.46.0-255,66,224923,54,234956
41280,0.001793,172.217.194.0-255,1484,226407,54,234956
41281,0.001808,172.31.46.0-255,66,226473,54,234956
41282,0.001861,172.217.194.0-255,105,226578,54,234956
41283,0.001874,172.31.46.0-255,66,226644,54,234956
41284,0.004673,172.31.46.0-255,105,226749,54,234956
41285,0.007047,172.217.194.0-255,66,226815,54,234956
41286,0.02784,172.31.46.0-255,164,226979,54,234956
41287,0.027873,172.31.46.0-255,1128,228107,54,234956
41288,0.027937,172.31.46.0-255,1514,229621,54,234956
41289,0.027939,172.31.46.0-255,1514,231135,54,234956
41290,0.02794,172.31.46.0-255,1514,232649,54,234956
41291,0.027941,172.31.46.0-255,1514,234163,54,234956
41292,0.027942,172.31.46.0-255,529,234692,54,234956
41293,0.029421,104.244.42.0-255,66,234758,54,234956
41294,0.029456,104.244.42.0-255,66,234824,54,234956
41295,0.029522,104.244.42.0-255,66,234890,54,234956
41296,0.029526,104.244.42.0-255,66,234956,54,234956
41297,0.0,74.125.68.0-255,153,153,54,169776
41298,2.3e-05,172.31.46.0-255,66,219,54,169776
41299,3e-05,74.125.68.0-255,1484,1703,54,169776
41300,3.5e-05,172.31.46.0-255,66,1769,54,169776
41301,3.8e-05,74.125.68.0-255,1484,3253,54,169776
41302,4.8e-05,172.31.46.0-255,66,3319,54,169776
41303,5.4e-05,74.125.68.0-255,2902,6221,54,169776
41304,5.6e-05,172.31.46.0-255,66,6287,54,169776
41305,6.3e-05,74.125.68.0-255,5738,12025,54,169776
41306,6.5e-05,172.31.46.0-255,66,12091,54,169776
41307,9.7e-05,74.125.68.0-255,2902,14993,54,169776
41308,0.000101,172.31.46.0-255,66,15059,54,169776
41309,0.000122,74.125.68.0-255,2091,17150,54,169776
41310,0.000125,172.31.46.0-255,66,17216,54,169776
41311,0.000137,74.125.68.0-255,5738,22954,54,169776
41312,0.000141,172.31.46.0-255,66,23020,54,169776
41313,0.000151,172.31.46.0-255,66,23086,54,169776
41314,0.000234,74.125.68.0-255,1484,24570,54,169776
41315,0.000237,172.31.46.0-255,66,24636,54,169776
41316,0.000243,74.125.68.0-255,2902,27538,54,169776
41317,0.000245,172.31.46.0-255,66,27604,54,169776
41318,0.000279,74.125.68.0-255,5738,33342,54,169776
41319,0.000282,172.31.46.0-255,66,33408,54,169776
41320,0.000286,74.125.68.0-255,2902,36310,54,169776
41321,0.000288,172.31.46.0-255,66,36376,54,169776
41322,0.000293,74.125.68.0-255,3961,40337,54,169776
41323,0.000296,172.31.46.0-255,66,40403,54,169776
41324,0.000317,74.125.68.0-255,2902,43305,54,169776
41325,0.000319,172.31.46.0-255,66,43371,54,169776
41326,0.000348,74.125.68.0-255,4320,47691,54,169776
41327,0.000351,172.31.46.0-255,66,47757,54,169776
41328,0.000362,172.31.46.0-255,66,47823,54,169776
41329,0.000365,74.125.68.0-255,1125,48948,54,169776
41330,0.000401,74.125.68.0-255,676,49624,54,169776
41331,0.000404,172.31.46.0-255,66,49690,54,169776
41332,0.000511,74.125.68.0-255,1484,51174,54,169776
41333,0.000516,74.125.68.0-255,1484,52658,54,169776
41334,0.000519,172.31.46.0-255,66,52724,54,169776
41335,0.000548,74.125.68.0-255,1484,54208,54,169776
41336,0.000556,74.125.68.0-255,5738,59946,54,169776
41337,0.000558,172.31.46.0-255,66,60012,54,169776
41338,0.000589,172.31.46.0-255,66,60078,54,169776
41339,0.000616,74.125.68.0-255,4320,64398,54,169776
41340,0.000618,172.31.46.0-255,66,64464,54,169776
41341,0.000654,172.31.46.0-255,66,64530,54,169776
41342,0.00146,74.125.68.0-255,1484,66014,54,169776
41343,0.001465,74.125.68.0-255,1484,67498,54,169776
41344,0.001469,172.31.46.0-255,66,67564,54,169776
41345,0.00151,74.125.68.0-255,1484,69048,54,169776
41346,0.001517,74.125.68.0-255,5738,74786,54,169776
41347,0.00152,172.31.46.0-255,66,74852,54,169776
41348,0.00153,172.31.46.0-255,66,74918,54,169776
41349,0.001546,172.31.46.0-255,66,74984,54,169776
41350,0.001581,74.125.68.0-255,5020,80004,54,169776
41351,0.001583,172.31.46.0-255,66,80070,54,169776
41352,0.001729,74.125.68.0-255,1484,81554,54,169776
41353,0.001743,74.125.68.0-255,2902,84456,54,169776
41354,0.001746,172.31.46.0-255,66,84522,54,169776
41355,0.001776,74.125.68.0-255,1484,86006,54,169776
41356,0.001781,74.125.68.0-255,2902,88908,54,169776
41357,0.001784,172.31.46.0-255,66,88974,54,169776
41358,0.00179,74.125.68.0-255,4320,93294,54,169776
41359,0.001791,172.31.46.0-255,66,93360,54,169776
41360,0.001812,74.125.68.0-255,1484,94844,54,169776
41361,0.001819,74.125.68.0-255,5738,100582,54,169776
41362,0.00182,172.31.46.0-255,66,100648,54,169776
41363,0.001848,74.125.68.0-255,1484,102132,54,169776
41364,0.001858,172.31.46.0-255,66,102198,54,169776
41365,0.001901,74.125.68.0-255,3602,105800,54,169776
41366,0.001904,172.31.46.0-255,66,105866,54,169776
41367,0.004218,74.125.68.0-255,1484,107350,54,169776
41368,0.00427,74.125.68.0-255,4320,111670,54,169776
41369,0.004274,172.31.46.0-255,66,111736,54,169776
41370,0.00666,74.125.68.0-255,5738,117474,54,169776
41371,0.006663,172.31.46.0-255,66,117540,54,169776
41372,0.009047,74.125.68.0-255,5738,123278,54,169776
41373,0.009054,172.31.46.0-255,66,123344,54,169776
41374,0.011437,74.125.68.0-255,5738,129082,54,169776
41375,0.011444,172.31.46.0-255,66,129148,54,169776
41376,0.013862,74.125.68.0-255,5738,134886,54,169776
41377,0.013868,172.31.46.0-255,66,134952,54,169776
41378,0.016255,74.125.68.0-255,5738,140690,54,169776
41379,0.016265,172.31.46.0-255,66,140756,54,169776
41380,0.01866,74.125.68.0-255,5738,146494,54,169776
41381,0.018674,172.31.46.0-255,66,146560,54,169776
41382,0.021048,74.125.68.0-255,5738,152298,54,169776
41383,0.021058,172.31.46.0-255,66,152364,54,169776
41384,0.023463,74.125.68.0-255,5738,158102,54,169776
41385,0.023477,172.31.46.0-255,66,158168,54,169776
41386,0.02586,74.125.68.0-255,5738,163906,54,169776
41387,0.025872,172.31.46.0-255,66,163972,54,169776
41388,0.028258,74.125.68.0-255,5738,169710,54,169776
41389,0.028266,172.31.46.0-255,66,169776,54,169776
41390,0.0,172.217.194.0-255,153,153,54,142117
41391,2.4e-05,172.31.46.0-255,66,219,54,142117
41392,3.2e-05,172.217.194.0-255,1484,1703,54,142117
41393,3.7e-05,172.31.46.0-255,66,1769,54,142117
41394,4.2e-05,172.217.194.0-255,2902,4671,54,142117
41395,4.5e-05,172.31.46.0-255,66,4737,54,142117
41396,6.2e-05,172.217.194.0-255,7156,11893,54,142117
41397,6.5e-05,172.31.46.0-255,66,11959,54,142117
41398,6.9e-05,172.217.194.0-255,2105,14064,54,142117
41399,7.2e-05,172.31.46.0-255,66,14130,54,142117
41400,0.000152,172.217.194.0-255,1484,15614,54,142117
41401,0.000155,172.31.46.0-255,66,15680,54,142117
41402,0.00016,172.217.194.0-255,2902,18582,54,142117
41403,0.000163,172.31.46.0-255,66,18648,54,142117
41404,0.000169,172.217.194.0-255,5738,24386,54,142117
41405,0.000172,172.31.46.0-255,66,24452,54,142117
41406,0.000205,172.217.194.0-255,2902,27354,54,142117
41407,0.00021,172.31.46.0-255,66,27420,54,142117
41408,0.000237,172.217.194.0-255,3961,31381,54,142117
41409,0.00024,172.31.46.0-255,66,31447,54,142117
41410,0.000329,172.217.194.0-255,1484,32931,54,142117
41411,0.000333,172.31.46.0-255,66,32997,54,142117
41412,0.000338,172.217.194.0-255,2902,35899,54,142117
41413,0.000341,172.31.46.0-255,66,35965,54,142117
41414,0.000377,172.217.194.0-255,5738,41703,54,142117
41415,0.00038,172.31.46.0-255,66,41769,54,142117
41416,0.000386,172.217.194.0-255,5738,47507,54,142117
41417,0.000388,172.31.46.0-255,66,47573,54,142117
41418,0.000391,172.217.194.0-255,1125,48698,54,142117
41419,0.000397,172.31.46.0-255,66,48764,54,142117
41420,0.000422,172.217.194.0-255,1484,50248,54,142117
41421,0.000424,172.31.46.0-255,66,50314,54,142117
41422,0.000429,172.217.194.0-255,4320,54634,54,142117
41423,0.000431,172.31.46.0-255,66,54700,54,142117
41424,0.000465,172.31.46.0-255,66,54766,54,142117
41425,0.000468,172.217.194.0-255,1399,56165,54,142117
41426,0.000506,172.217.194.0-255,118,56283,54,142117
41427,0.001223,172.31.46.0-255,66,56349,54,142117
41428,0.001313,172.217.194.0-255,382,56731,54,142117
41429,0.001683,172.217.194.0-255,1484,58215,54,142117
41430,0.001689,172.31.46.0-255,66,58281,54,142117
41431,0.001697,172.217.194.0-255,2902,61183,54,142117
41432,0.001699,172.31.46.0-255,66,61249,54,142117
41433,0.001705,172.217.194.0-255,4320,65569,54,142117
41434,0.001707,172.31.46.0-255,66,65635,54,142117
41435,0.001742,172.217.194.0-255,1484,67119,54,142117
41436,0.00175,172.217.194.0-255,7156,74275,54,142117
41437,0.001753,172.31.46.0-255,66,74341,54,142117
41438,0.001757,172.217.194.0-255,2902,77243,54,142117
41439,0.001759,172.31.46.0-255,66,77309,54,142117
41440,0.001805,172.31.46.0-255,66,77375,54,142117
41441,0.001809,172.217.194.0-255,2184,79559,54,142117
41442,0.001811,172.31.46.0-255,66,79625,54,142117
41443,0.004124,172.217.194.0-255,4320,83945,54,142117
41444,0.00413,172.31.46.0-255,66,84011,54,142117
41445,0.004158,172.217.194.0-255,1484,85495,54,142117
41446,0.00647,172.217.194.0-255,4320,89815,54,142117
41447,0.006474,172.31.46.0-255,66,89881,54,142117
41448,0.00883,172.217.194.0-255,5738,95619,54,142117
41449,0.00884,172.31.46.0-255,66,95685,54,142117
41450,0.01119,172.217.194.0-255,5738,101423,54,142117
41451,0.011201,172.31.46.0-255,66,101489,54,142117
41452,0.01358,172.217.194.0-255,5738,107227,54,142117
41453,0.013589,172.31.46.0-255,66,107293,54,142117
41454,0.015924,172.217.194.0-255,5738,113031,54,142117
41455,0.01594,172.31.46.0-255,66,113097,54,142117
41456,0.018322,172.217.194.0-255,5738,118835,54,142117
41457,0.018339,172.31.46.0-255,66,118901,54,142117
41458,0.020666,172.217.194.0-255,5738,124639,54,142117
41459,0.020676,172.31.46.0-255,66,124705,54,142117
41460,0.023015,172.217.194.0-255,5738,130443,54,142117
41461,0.023023,172.31.46.0-255,66,130509,54,142117
41462,0.025352,172.217.194.0-255,5738,136247,54,142117
41463,0.025362,172.31.46.0-255,66,136313,54,142117
41464,0.027713,172.217.194.0-255,5738,142051,54,142117
41465,0.027731,172.31.46.0-255,66,142117,54,142117
41466,0.0,172.217.194.0-255,148,148,54,194491
41467,2e-05,172.31.46.0-255,66,214,54,194491
41468,2.7e-05,172.217.194.0-255,1484,1698,54,194491
41469,3.1e-05,172.31.46.0-255,66,1764,54,194491
41470,4.4e-05,172.217.194.0-255,2902,4666,54,194491
41471,4.8e-05,172.31.46.0-255,66,4732,54,194491
41472,5.3e-05,172.217.194.0-255,4320,9052,54,194491
41473,5.6e-05,172.31.46.0-255,66,9118,54,194491
41474,6e-05,172.217.194.0-255,1484,10602,54,194491
41475,6.2e-05,172.31.46.0-255,66,10668,54,194491
41476,0.000113,172.31.46.0-255,66,10734,54,194491
41477,0.000128,172.31.46.0-255,66,10800,54,194491
41478,0.000155,172.217.194.0-255,1484,12284,54,194491
41479,0.000158,172.31.46.0-255,66,12350,54,194491
41480,0.000163,172.217.194.0-255,2902,15252,54,194491
41481,0.000165,172.31.46.0-255,66,15318,54,194491
41482,0.00017,172.217.194.0-255,2902,18220,54,194491
41483,0.000173,172.31.46.0-255,66,18286,54,194491
41484,0.000215,172.217.194.0-255,2902,21188,54,194491
41485,0.000218,172.31.46.0-255,66,21254,54,194491
41486,0.000233,172.31.46.0-255,66,21320,54,194491
41487,0.000245,172.31.46.0-255,66,21386,54,194491
41488,0.000284,172.217.194.0-255,5631,27017,54,194491
41489,0.000287,172.31.46.0-255,66,27083,54,194491
41490,0.000293,172.217.194.0-255,5738,32821,54,194491
41491,0.000296,172.31.46.0-255,66,32887,54,194491
41492,0.000334,172.217.194.0-255,6797,39684,54,194491
41493,0.000338,172.31.46.0-255,66,39750,54,194491
41494,0.000345,172.217.194.0-255,7156,46906,54,194491
41495,0.000349,172.217.194.0-255,1484,48390,54,194491
41496,0.000659,172.31.46.0-255,66,48456,54,194491
41497,0.000738,172.217.194.0-255,1484,49940,54,194491
41498,0.000745,172.217.194.0-255,2902,52842,54,194491
41499,0.000789,172.217.194.0-255,4320,57162,54,194491
41500,0.000803,172.217.194.0-255,1484,58646,54,194491
41501,0.000838,172.217.194.0-255,3053,61699,54,194491
41502,0.000906,172.217.194.0-255,2902,64601,54,194491
41503,0.000913,172.217.194.0-255,5020,69621,54,194491
41504,0.000916,172.217.194.0-255,1484,71105,54,194491
41505,0.00092,172.217.194.0-255,2902,74007,54,194491
41506,0.000931,172.217.194.0-255,1484,75491,54,194491
41507,0.000943,172.217.194.0-255,4320,79811,54,194491
41508,0.000974,172.217.194.0-255,2902,82713,54,194491
41509,0.001016,172.217.194.0-255,1484,84197,54,194491
41510,0.00102,172.217.194.0-255,2902,87099,54,194491
41511,0.001032,172.217.194.0-255,1484,88583,54,194491
41512,0.001045,172.217.194.0-255,4320,92903,54,194491
41513,0.001088,172.217.194.0-255,1484,94387,54,194491
41514,0.001123,172.217.194.0-255,5738,100125,54,194491
41515,0.001144,172.217.194.0-255,5020,105145,54,194491
41516,0.001163,172.31.46.0-255,66,105211,54,194491
41517,0.00119,172.217.194.0-255,5738,110949,54,194491
41518,0.001219,172.217.194.0-255,5738,116687,54,194491
41519,0.001316,172.217.194.0-255,4320,121007,54,194491
41520,0.001319,172.31.46.0-255,66,121073,54,194491
41521,0.001326,172.31.46.0-255,66,121139,54,194491
41522,0.001356,172.217.194.0-255,5738,126877,54,194491
41523,0.001364,172.217.194.0-255,7156,134033,54,194491
41524,0.001385,172.217.194.0-255,1484,135517,54,194491
41525,0.001389,172.31.46.0-255,66,135583,54,194491
41526,0.001432,172.217.194.0-255,4320,139903,54,194491
41527,0.001452,172.217.194.0-255,5738,145641,54,194491
41528,0.001469,172.217.194.0-255,4320,149961,54,194491
41529,0.001472,172.31.46.0-255,66,150027,54,194491
41530,0.001477,172.31.46.0-255,66,150093,54,194491
41531,0.001493,172.217.194.0-255,7156,157249,54,194491
41532,0.001498,172.217.194.0-255,5738,162987,54,194491
41533,0.001535,172.217.194.0-255,2902,165889,54,194491
41534,0.001541,172.31.46.0-255,66,165955,54,194491
41535,0.001562,172.217.194.0-255,3602,169557,54,194491
41536,0.00157,172.217.194.0-255,7156,176713,54,194491
41537,0.001587,172.217.194.0-255,1484,178197,54,194491
41538,0.001591,172.31.46.0-255,66,178263,54,194491
41539,0.00163,172.217.194.0-255,5738,184001,54,194491
41540,0.001635,172.31.46.0-255,66,184067,54,194491
41541,0.001659,172.217.194.0-255,7156,191223,54,194491
41542,0.001693,172.217.194.0-255,2794,194017,54,194491
41543,0.001697,172.31.46.0-255,66,194083,54,194491
41544,0.001706,172.31.46.0-255,66,194149,54,194491
41545,0.001722,172.217.194.0-255,105,194254,54,194491
41546,0.009001,172.31.46.0-255,66,194320,54,194491
41547,0.009048,172.31.46.0-255,105,194425,54,194491
41548,0.011347,172.217.194.0-255,66,194491,54,194491
41549,0.0,74.125.24.0-255,152,152,54,157149
41550,1.6e-05,172.31.46.0-255,66,218,54,157149
41551,2.3e-05,74.125.24.0-255,1484,1702,54,157149
41552,2.7e-05,172.31.46.0-255,66,1768,54,157149
41553,3.2e-05,74.125.24.0-255,2902,4670,54,157149
41554,3.5e-05,172.31.46.0-255,66,4736,54,157149
41555,4.3e-05,74.125.24.0-255,7156,11892,54,157149
41556,4.5e-05,172.31.46.0-255,66,11958,54,157149
41557,7.2e-05,74.125.24.0-255,1973,13931,54,157149
41558,7.4e-05,172.31.46.0-255,66,13997,54,157149
41559,0.000358,74.125.24.0-255,1484,15481,54,157149
41560,0.000363,74.125.24.0-255,2902,18383,54,157149
41561,0.00037,172.31.46.0-255,66,18449,54,157149
41562,0.000374,172.31.46.0-255,66,18515,54,157149
41563,0.000385,74.125.24.0-255,5738,24253,54,157149
41564,0.000388,172.31.46.0-255,66,24319,54,157149
41565,0.00042,74.125.24.0-255,6797,31116,54,157149
41566,0.000429,172.31.46.0-255,66,31182,54,157149
41567,0.000566,74.125.24.0-255,1484,32666,54,157149
41568,0.000571,74.125.24.0-255,2902,35568,54,157149
41569,0.000576,172.31.46.0-255,66,35634,54,157149
41570,0.000579,172.31.46.0-255,66,35700,54,157149
41571,0.000602,74.125.24.0-255,5738,41438,54,157149
41572,0.000605,172.31.46.0-255,66,41504,54,157149
41573,0.000612,74.125.24.0-255,6797,48301,54,157149
41574,0.000614,172.31.46.0-255,66,48367,54,157149
41575,0.000732,74.125.24.0-255,1484,49851,54,157149
41576,0.000736,172.31.46.0-255,66,49917,54,157149
41577,0.000739,74.125.24.0-255,1484,51401,54,157149
41578,0.000741,172.31.46.0-255,66,51467,54,157149
41579,0.000755,74.125.24.0-255,1484,52951,54,157149
41580,0.000758,172.31.46.0-255,66,53017,54,157149
41581,0.000765,74.125.24.0-255,5738,58755,54,157149
41582,0.000767,172.31.46.0-255,66,58821,54,157149
41583,0.000773,74.125.24.0-255,4320,63141,54,157149
41584,0.000775,172.31.46.0-255,66,63207,54,157149
41585,0.000812,74.125.24.0-255,1484,64691,54,157149
41586,0.000833,74.125.24.0-255,1507,66198,54,157149
41587,0.000835,172.31.46.0-255,66,66264,54,157149
41588,0.000987,74.125.24.0-255,329,66593,54,157149
41589,0.001076,172.31.46.0-255,66,66659,54,157149
41590,0.001441,74.125.24.0-255,1484,68143,54,157149
41591,0.001451,74.125.24.0-255,2902,71045,54,157149
41592,0.001455,172.31.46.0-255,66,71111,54,157149
41593,0.001462,74.125.24.0-255,4320,75431,54,157149
41594,0.001464,172.31.46.0-255,66,75497,54,157149
41595,0.001481,74.125.24.0-255,1484,76981,54,157149
41596,0.001485,74.125.24.0-255,2902,79883,54,157149
41597,0.001488,172.31.46.0-255,66,79949,54,157149
41598,0.001519,172.31.46.0-255,66,80015,54,157149
41599,0.001532,74.125.24.0-255,2902,82917,54,157149
41600,0.001534,172.31.46.0-255,66,82983,54,157149
41601,0.001556,172.31.46.0-255,66,83049,54,157149
41602,0.003598,74.125.24.0-255,5738,88787,54,157149
41603,0.003604,172.31.46.0-255,66,88853,54,157149
41604,0.00567,74.125.24.0-255,4320,93173,54,157149
41605,0.005674,172.31.46.0-255,66,93239,54,157149
41606,0.005687,74.125.24.0-255,1484,94723,54,157149
41607,0.007744,74.125.24.0-255,4320,99043,54,157149
41608,0.007751,172.31.46.0-255,66,99109,54,157149
41609,0.009795,74.125.24.0-255,5738,104847,54,157149
41610,0.009803,172.31.46.0-255,66,104913,54,157149
41611,0.011849,74.125.24.0-255,5738,110651,54,157149
41612,0.011856,172.31.46.0-255,66,110717,54,157149
41613,0.013898,74.125.24.0-255,5738,116455,54,157149
41614,0.013906,172.31.46.0-255,66,116521,54,157149
41615,0.01595,74.125.24.0-255,5738,122259,54,157149
41616,0.015959,172.31.46.0-255,66,122325,54,157149
41617,0.018034,74.125.24.0-255,5738,128063,54,157149
41618,0.018045,172.31.46.0-255,66,128129,54,157149
41619,0.020083,74.125.24.0-255,5738,133867,54,157149
41620,0.02009,172.31.46.0-255,66,133933,54,157149
41621,0.022158,74.125.24.0-255,5738,139671,54,157149
41622,0.022168,172.31.46.0-255,66,139737,54,157149
41623,0.024241,74.125.24.0-255,5738,145475,54,157149
41624,0.024248,172.31.46.0-255,66,145541,54,157149
41625,0.026305,74.125.24.0-255,5738,151279,54,157149
41626,0.026313,172.31.46.0-255,66,151345,54,157149
41627,0.028355,74.125.24.0-255,5738,157083,54,157149
41628,0.028363,172.31.46.0-255,66,157149,54,157149
41629,0.0,74.125.24.0-255,152,152,54,237406
41630,2.1e-05,172.31.46.0-255,66,218,54,237406
41631,2.8e-05,74.125.24.0-255,1484,1702,54,237406
41632,3.4e-05,172.31.46.0-255,66,1768,54,237406
41633,4.7e-05,74.125.24.0-255,2902,4670,54,237406
41634,5.1e-05,172.31.46.0-255,66,4736,54,237406
41635,5.7e-05,74.125.24.0-255,5738,10474,54,237406
41636,6.1e-05,172.31.46.0-255,66,10540,54,237406
41637,9.4e-05,74.125.24.0-255,6377,16917,54,237406
41638,0.000102,172.31.46.0-255,66,16983,54,237406
41639,0.000108,74.125.24.0-255,5738,22721,54,237406
41640,0.00011,172.31.46.0-255,66,22787,54,237406
41641,0.000118,74.125.24.0-255,7156,29943,54,237406
41642,0.000121,172.31.46.0-255,66,30009,54,237406
41643,0.000158,74.125.24.0-255,7156,37165,54,237406
41644,0.000165,172.31.46.0-255,66,37231,54,237406
41645,0.000179,172.31.46.0-255,66,37297,54,237406
41646,0.000202,74.125.24.0-255,4320,41617,54,237406
41647,0.000205,172.31.46.0-255,66,41683,54,237406
41648,0.00024,74.125.24.0-255,5738,47421,54,237406
41649,0.000242,172.31.46.0-255,66,47487,54,237406
41650,0.000272,74.125.24.0-255,1484,48971,54,237406
41651,0.000274,172.31.46.0-255,66,49037,54,237406
41652,0.000281,74.125.24.0-255,5379,54416,54,237406
41653,0.000288,172.31.46.0-255,66,54482,54,237406
41654,0.000575,74.125.24.0-255,401,54883,54,237406
41655,0.000581,172.31.46.0-255,66,54949,54,237406
41656,0.000609,74.125.24.0-255,1484,56433,54,237406
41657,0.000612,172.31.46.0-255,66,56499,54,237406
41658,0.000618,74.125.24.0-255,4320,60819,54,237406
41659,0.000621,172.31.46.0-255,66,60885,54,237406
41660,0.000643,74.125.24.0-255,1484,62369,54,237406
41661,0.000667,172.31.46.0-255,66,62435,54,237406
41662,0.00067,74.125.24.0-255,1125,63560,54,237406
41663,0.000673,74.125.24.0-255,1484,65044,54,237406
41664,0.000676,172.31.46.0-255,66,65110,54,237406
41665,0.000706,74.125.24.0-255,4320,69430,54,237406
41666,0.000709,172.31.46.0-255,66,69496,54,237406
41667,0.000741,74.125.24.0-255,7156,76652,54,237406
41668,0.000745,172.31.46.0-255,66,76718,54,237406
41669,0.000775,74.125.24.0-255,2902,79620,54,237406
41670,0.000779,172.31.46.0-255,66,79686,54,237406
41671,0.000791,172.31.46.0-255,66,79752,54,237406
41672,0.000819,74.125.24.0-255,5738,85490,54,237406
41673,0.000822,172.31.46.0-255,66,85556,54,237406
41674,0.00086,172.31.46.0-255,66,85622,54,237406
41675,0.000866,74.125.24.0-255,4216,89838,54,237406
41676,0.000868,172.31.46.0-255,66,89904,54,237406
41677,0.000984,74.125.24.0-255,1484,91388,54,237406
41678,0.001019,74.125.24.0-255,1484,92872,54,237406
41679,0.001022,172.31.46.0-255,66,92938,54,237406
41680,0.001038,74.125.24.0-255,1484,94422,54,237406
41681,0.001054,74.125.24.0-255,4320,98742,54,237406
41682,0.001057,172.31.46.0-255,66,98808,54,237406
41683,0.001095,74.125.24.0-255,1484,100292,54,237406
41684,0.00111,172.31.46.0-255,66,100358,54,237406
41685,0.001126,172.31.46.0-255,66,100424,54,237406
41686,0.00113,74.125.24.0-255,2184,102608,54,237406
41687,0.001132,172.31.46.0-255,66,102674,54,237406
41688,0.001243,74.125.24.0-255,1484,104158,54,237406
41689,0.001259,74.125.24.0-255,2902,107060,54,237406
41690,0.001262,172.31.46.0-255,66,107126,54,237406
41691,0.001294,74.125.24.0-255,5738,112864,54,237406
41692,0.001296,172.31.46.0-255,66,112930,54,237406
41693,0.001307,172.31.46.0-255,66,112996,54,237406
41694,0.001336,74.125.24.0-255,4320,117316,54,237406
41695,0.001338,172.31.46.0-255,66,117382,54,237406
41696,0.001355,172.31.46.0-255,66,117448,54,237406
41697,0.001458,74.125.24.0-255,1484,118932,54,237406
41698,0.001464,74.125.24.0-255,2902,121834,54,237406
41699,0.001467,172.31.46.0-255,66,121900,54,237406
41700,0.001495,74.125.24.0-255,5738,127638,54,237406
41701,0.001498,172.31.46.0-255,66,127704,54,237406
41702,0.001542,172.31.46.0-255,66,127770,54,237406
41703,0.001547,74.125.24.0-255,4320,132090,54,237406
41704,0.00155,172.31.46.0-255,66,132156,54,237406
41705,0.001577,74.125.24.0-255,6438,138594,54,237406
41706,0.00158,172.31.46.0-255,66,138660,54,237406
41707,0.001622,74.125.24.0-255,7156,145816,54,237406
41708,0.001626,172.31.46.0-255,66,145882,54,237406
41709,0.00163,74.125.24.0-255,2902,148784,54,237406
41710,0.001633,172.31.46.0-255,66,148850,54,237406
41711,0.001677,172.31.46.0-255,66,148916,54,237406
41712,0.001716,74.125.24.0-255,2902,151818,54,237406
41713,0.001719,172.31.46.0-255,66,151884,54,237406
41714,0.001738,172.31.46.0-255,66,151950,54,237406
41715,0.001781,74.125.24.0-255,1484,153434,54,237406
41716,0.00179,74.125.24.0-255,2902,156336,54,237406
41717,0.001793,172.31.46.0-255,66,156402,54,237406
41718,0.001798,74.125.24.0-255,5738,162140,54,237406
41719,0.001801,172.31.46.0-255,66,162206,54,237406
41720,0.001803,74.125.24.0-255,1484,163690,54,237406
41721,0.001846,172.31.46.0-255,66,163756,54,237406
41722,0.001863,172.31.46.0-255,66,163822,54,237406
41723,0.0019,74.125.24.0-255,1484,165306,54,237406
41724,0.001904,74.125.24.0-255,1484,166790,54,237406
41725,0.001906,172.31.46.0-255,66,166856,54,237406
41726,0.001935,74.125.24.0-255,1484,168340,54,237406
41727,0.001941,74.125.24.0-255,5738,174078,54,237406
41728,0.001944,172.31.46.0-255,66,174144,54,237406
41729,0.00195,74.125.24.0-255,4320,178464,54,237406
41730,0.001952,172.31.46.0-255,66,178530,54,237406
41731,0.001955,74.125.24.0-255,1484,180014,54,237406
41732,0.001999,172.31.46.0-255,66,180080,54,237406
41733,0.002032,74.125.24.0-255,2184,182264,54,237406
41734,0.002061,74.125.24.0-255,2902,185166,54,237406
41735,0.002066,74.125.24.0-255,3602,188768,54,237406
41736,0.002074,172.31.46.0-255,66,188834,54,237406
41737,0.004095,74.125.24.0-255,5738,194572,54,237406
41738,0.004101,172.31.46.0-255,66,194638,54,237406
41739,0.0061,74.125.24.0-255,5738,200376,54,237406
41740,0.006107,172.31.46.0-255,66,200442,54,237406
41741,0.00811,74.125.24.0-255,2902,203344,54,237406
41742,0.008115,172.31.46.0-255,66,203410,54,237406
41743,0.008142,74.125.24.0-255,2902,206312,54,237406
41744,0.008144,172.31.46.0-255,66,206378,54,237406
41745,0.010131,74.125.24.0-255,2902,209280,54,237406
41746,0.010137,172.31.46.0-255,66,209346,54,237406
41747,0.01017,74.125.24.0-255,2902,212248,54,237406
41748,0.010172,172.31.46.0-255,66,212314,54,237406
41749,0.012166,74.125.24.0-255,5738,218052,54,237406
41750,0.012173,172.31.46.0-255,66,218118,54,237406
41751,0.014205,74.125.24.0-255,5738,223856,54,237406
41752,0.014213,172.31.46.0-255,66,223922,54,237406
41753,0.016235,74.125.24.0-255,5738,229660,54,237406
41754,0.016242,172.31.46.0-255,66,229726,54,237406
41755,0.018269,74.125.24.0-255,5738,235464,54,237406
41756,0.018276,172.31.46.0-255,66,235530,54,237406
41757,0.020297,74.125.24.0-255,1639,237169,54,237406
41758,0.020307,172.31.46.0-255,66,237235,54,237406
41759,0.023835,172.31.46.0-255,105,237340,54,237406
41760,0.025813,74.125.24.0-255,66,237406,54,237406
41761,0.0,172.217.194.0-255,143,143,54,178635
41762,2.2e-05,172.31.46.0-255,66,209,54,178635
41763,2.9e-05,172.217.194.0-255,1484,1693,54,178635
41764,3.5e-05,172.31.46.0-255,66,1759,54,178635
41765,4.1e-05,172.217.194.0-255,2902,4661,54,178635
41766,4.3e-05,172.31.46.0-255,66,4727,54,178635
41767,4.6e-05,172.217.194.0-255,1484,6211,54,178635
41768,4.8e-05,172.31.46.0-255,66,6277,54,178635
41769,5.2e-05,172.217.194.0-255,1484,7761,54,178635
41770,5.4e-05,172.31.46.0-255,66,7827,54,178635
41771,8.8e-05,172.217.194.0-255,4320,12147,54,178635
41772,9.1e-05,172.31.46.0-255,66,12213,54,178635
41773,9.5e-05,172.217.194.0-255,2119,14332,54,178635
41774,9.7e-05,172.31.46.0-255,66,14398,54,178635
41775,0.000117,172.217.194.0-255,2902,17300,54,178635
41776,0.000119,172.31.46.0-255,66,17366,54,178635
41777,0.000136,172.217.194.0-255,7156,24522,54,178635
41778,0.000139,172.31.46.0-255,66,24588,54,178635
41779,0.000143,172.217.194.0-255,2902,27490,54,178635
41780,0.000145,172.31.46.0-255,66,27556,54,178635
41781,0.000188,172.31.46.0-255,66,27622,54,178635
41782,0.000199,172.217.194.0-255,1484,29106,54,178635
41783,0.000201,172.31.46.0-255,66,29172,54,178635
41784,0.000208,172.217.194.0-255,5738,34910,54,178635
41785,0.00021,172.31.46.0-255,66,34976,54,178635
41786,0.000233,172.217.194.0-255,1484,36460,54,178635
41787,0.000235,172.31.46.0-255,66,36526,54,178635
41788,0.00025,172.217.194.0-255,2184,38710,54,178635
41789,0.000252,172.31.46.0-255,66,38776,54,178635
41790,0.001058,172.217.194.0-255,1484,40260,54,178635
41791,0.001066,172.31.46.0-255,66,40326,54,178635
41792,0.001075,172.217.194.0-255,2902,43228,54,178635
41793,0.001079,172.217.194.0-255,1484,44712,54,178635
41794,0.001098,172.217.194.0-255,2902,47614,54,178635
41795,0.001112,172.217.194.0-255,1484,49098,54,178635
41796,0.001135,172.217.194.0-255,7050,56148,54,178635
41797,0.001146,172.217.194.0-255,119,56267,54,178635
41798,0.001568,172.217.194.0-255,1484,57751,54,178635
41799,0.001577,172.217.194.0-255,2902,60653,54,178635
41800,0.001603,172.217.194.0-255,5738,66391,54,178635
41801,0.001665,172.217.194.0-255,2902,69293,54,178635
41802,0.001692,172.217.194.0-255,1484,70777,54,178635
41803,0.001726,172.217.194.0-255,766,71543,54,178635
41804,0.002046,172.217.194.0-255,1484,73027,54,178635
41805,0.002061,172.217.194.0-255,2902,75929,54,178635
41806,0.002082,172.217.194.0-255,5738,81667,54,178635
41807,0.002116,172.217.194.0-255,4320,85987,54,178635
41808,0.002125,172.217.194.0-255,1484,87471,54,178635
41809,0.002161,172.217.194.0-255,5020,92491,54,178635
41810,0.002206,172.217.194.0-255,1484,93975,54,178635
41811,0.002226,172.217.194.0-255,7156,101131,54,178635
41812,0.002245,172.217.194.0-255,7156,108287,54,178635
41813,0.002256,172.217.194.0-255,2902,111189,54,178635
41814,0.00226,172.217.194.0-255,2902,114091,54,178635
41815,0.00228,172.217.194.0-255,4320,118411,54,178635
41816,0.002324,172.217.194.0-255,4320,122731,54,178635
41817,0.002337,172.217.194.0-255,3602,126333,54,178635
41818,0.004929,172.31.46.0-255,66,126399,54,178635
41819,0.007339,172.217.194.0-255,5738,132137,54,178635
41820,0.007351,172.31.46.0-255,66,132203,54,178635
41821,0.009719,172.217.194.0-255,5738,137941,54,178635
41822,0.009732,172.31.46.0-255,66,138007,54,178635
41823,0.012105,172.217.194.0-255,5738,143745,54,178635
41824,0.01342,172.31.46.0-255,66,143811,54,178635
41825,0.015818,172.217.194.0-255,5738,149549,54,178635
41826,0.015835,172.31.46.0-255,66,149615,54,178635
41827,0.01821,172.217.194.0-255,5738,155353,54,178635
41828,0.018227,172.31.46.0-255,66,155419,54,178635
41829,0.020588,172.217.194.0-255,5738,161157,54,178635
41830,0.020606,172.31.46.0-255,66,161223,54,178635
41831,0.023004,172.217.194.0-255,5738,166961,54,178635
41832,0.023025,172.31.46.0-255,66,167027,54,178635
41833,0.02541,172.217.194.0-255,5738,172765,54,178635
41834,0.025429,172.31.46.0-255,66,172831,54,178635
41835,0.027844,172.217.194.0-255,5738,178569,54,178635
41836,0.027864,172.31.46.0-255,66,178635,54,178635
41837,0.0,74.125.68.0-255,146,146,54,197294
41838,1.5e-05,172.31.46.0-255,66,212,54,197294
41839,2.1e-05,74.125.68.0-255,1484,1696,54,197294
41840,2.5e-05,172.31.46.0-255,66,1762,54,197294
41841,2.8e-05,74.125.68.0-255,1484,3246,54,197294
41842,3e-05,172.31.46.0-255,66,3312,54,197294
41843,4.3e-05,74.125.68.0-255,2902,6214,54,197294
41844,4.6e-05,172.31.46.0-255,66,6280,54,197294
41845,5.1e-05,74.125.68.0-255,5738,12018,54,197294
41846,5.4e-05,172.31.46.0-255,66,12084,54,197294
41847,5.7e-05,74.125.68.0-255,2047,14131,54,197294
41848,5.9e-05,172.31.46.0-255,66,14197,54,197294
41849,0.000251,74.125.68.0-255,1484,15681,54,197294
41850,0.000257,172.31.46.0-255,66,15747,54,197294
41851,0.000263,74.125.68.0-255,2902,18649,54,197294
41852,0.000265,172.31.46.0-255,66,18715,54,197294
41853,0.000268,74.125.68.0-255,1484,20199,54,197294
41854,0.00027,172.31.46.0-255,66,20265,54,197294
41855,0.000307,74.125.68.0-255,4320,24585,54,197294
41856,0.000314,172.31.46.0-255,66,24651,54,197294
41857,0.00034,74.125.68.0-255,6797,31448,54,197294
41858,0.000343,172.31.46.0-255,66,31514,54,197294
41859,0.0005,74.125.68.0-255,1484,32998,54,197294
41860,0.000505,172.31.46.0-255,66,33064,54,197294
41861,0.000509,74.125.68.0-255,1484,34548,54,197294
41862,0.000511,172.31.46.0-255,66,34614,54,197294
41863,0.000531,74.125.68.0-255,2902,37516,54,197294
41864,0.000534,172.31.46.0-255,66,37582,54,197294
41865,0.000545,74.125.68.0-255,5738,43320,54,197294
41866,0.000547,172.31.46.0-255,66,43386,54,197294
41867,0.000579,74.125.68.0-255,5379,48765,54,197294
41868,0.000582,172.31.46.0-255,66,48831,54,197294
41869,0.000624,74.125.68.0-255,1484,50315,54,197294
41870,0.000629,74.125.68.0-255,1484,51799,54,197294
41871,0.000631,172.31.46.0-255,66,51865,54,197294
41872,0.000656,74.125.68.0-255,1484,53349,54,197294
41873,0.000663,74.125.68.0-255,5738,59087,54,197294
41874,0.000666,172.31.46.0-255,66,59153,54,197294
41875,0.000672,74.125.68.0-255,5738,64891,54,197294
41876,0.000674,172.31.46.0-255,66,64957,54,197294
41877,0.000705,74.125.68.0-255,1125,66082,54,197294
41878,0.000877,172.31.46.0-255,101,66183,54,197294
41879,0.001185,74.125.68.0-255,645,66828,54,197294
41880,0.001513,74.125.68.0-255,1484,68312,54,197294
41881,0.001519,172.31.46.0-255,66,68378,54,197294
41882,0.001528,74.125.68.0-255,2902,71280,54,197294
41883,0.001531,172.31.46.0-255,66,71346,54,197294
41884,0.001539,74.125.68.0-255,1484,72830,54,197294
41885,0.001543,74.125.68.0-255,2902,75732,54,197294
41886,0.001545,172.31.46.0-255,66,75798,54,197294
41887,0.001589,74.125.68.0-255,5738,81536,54,197294
41888,0.001592,172.31.46.0-255,66,81602,54,197294
41889,0.001604,172.31.46.0-255,66,81668,54,197294
41890,0.001646,172.31.46.0-255,66,81734,54,197294
41891,0.001862,74.125.68.0-255,1484,83218,54,197294
41892,0.001869,74.125.68.0-255,2902,86120,54,197294
41893,0.001873,172.31.46.0-255,66,86186,54,197294
41894,0.001905,74.125.68.0-255,4320,90506,54,197294
41895,0.001908,172.31.46.0-255,66,90572,54,197294
41896,0.001915,74.125.68.0-255,5738,96310,54,197294
41897,0.001917,172.31.46.0-255,66,96376,54,197294
41898,0.00195,74.125.68.0-255,7156,103532,54,197294
41899,0.001952,172.31.46.0-255,66,103598,54,197294
41900,0.001957,74.125.68.0-255,2902,106500,54,197294
41901,0.001959,172.31.46.0-255,66,106566,54,197294
41902,0.001991,74.125.68.0-255,5738,112304,54,197294
41903,0.001994,172.31.46.0-255,66,112370,54,197294
41904,0.001997,74.125.68.0-255,1484,113854,54,197294
41905,0.00202,74.125.68.0-255,2184,116038,54,197294
41906,0.002024,172.31.46.0-255,66,116104,54,197294
41907,0.00285,74.125.68.0-255,66,116170,54,197294
41908,0.003982,74.125.68.0-255,1484,117654,54,197294
41909,0.004016,74.125.68.0-255,4320,121974,54,197294
41910,0.004021,172.31.46.0-255,66,122040,54,197294
41911,0.006029,74.125.68.0-255,5738,127778,54,197294
41912,0.006037,172.31.46.0-255,66,127844,54,197294
41913,0.008054,74.125.68.0-255,5738,133582,54,197294
41914,0.008066,172.31.46.0-255,66,133648,54,197294
41915,0.010106,74.125.68.0-255,5738,139386,54,197294
41916,0.010124,172.31.46.0-255,66,139452,54,197294
41917,0.012139,74.125.68.0-255,5738,145190,54,197294
41918,0.012152,172.31.46.0-255,66,145256,54,197294
41919,0.014168,74.125.68.0-255,5738,150994,54,197294
41920,0.014185,172.31.46.0-255,66,151060,54,197294
41921,0.01623,74.125.68.0-255,5738,156798,54,197294
41922,0.016242,172.31.46.0-255,66,156864,54,197294
41923,0.018263,74.125.68.0-255,5738,162602,54,197294
41924,0.018277,172.31.46.0-255,66,162668,54,197294
41925,0.020276,74.125.68.0-255,5738,168406,54,197294
41926,0.020289,172.31.46.0-255,66,168472,54,197294
41927,0.02229,74.125.68.0-255,4320,172792,54,197294
41928,0.022298,172.31.46.0-255,66,172858,54,197294
41929,0.022329,74.125.68.0-255,1484,174342,54,197294
41930,0.024302,74.125.68.0-255,4320,178662,54,197294
41931,0.024313,172.31.46.0-255,66,178728,54,197294
41932,0.026326,74.125.68.0-255,4320,183048,54,197294
41933,0.026334,172.31.46.0-255,66,183114,54,197294
41934,0.026353,74.125.68.0-255,1484,184598,54,197294
41935,0.027304,172.31.46.0-255,159,184757,54,197294
41936,0.027336,172.31.46.0-255,1128,185885,54,197294
41937,0.0274,172.31.46.0-255,1514,187399,54,197294
41938,0.027402,172.31.46.0-255,1514,188913,54,197294
41939,0.027403,172.31.46.0-255,1514,190427,54,197294
41940,0.027404,172.31.46.0-255,1514,191941,54,197294
41941,0.027405,172.31.46.0-255,529,192470,54,197294
41942,0.028333,74.125.68.0-255,4320,196790,54,197294
41943,0.028342,172.31.46.0-255,66,196856,54,197294
41944,0.028838,104.244.42.0-255,66,196922,54,197294
41945,0.028888,104.244.42.0-255,66,196988,54,197294
41946,0.028982,104.244.42.0-255,66,197054,54,197294
41947,0.028987,104.244.42.0-255,66,197120,54,197294
41948,0.029565,104.244.42.0-255,108,197228,54,197294
41949,0.029571,172.31.46.0-255,66,197294,54,197294
41950,0.0,172.217.194.0-255,153,153,54,154909
41951,2.2e-05,172.31.46.0-255,66,219,54,154909
41952,2.9e-05,172.217.194.0-255,1484,1703,54,154909
41953,3.5e-05,172.31.46.0-255,66,1769,54,154909
41954,4e-05,172.217.194.0-255,2902,4671,54,154909
41955,4.3e-05,172.31.46.0-255,66,4737,54,154909
41956,4.7e-05,172.217.194.0-255,2902,7639,54,154909
41957,5.1e-05,172.31.46.0-255,66,7705,54,154909
41958,8.8e-05,172.217.194.0-255,4320,12025,54,154909
41959,9.3e-05,172.31.46.0-255,66,12091,54,154909
41960,9.8e-05,172.217.194.0-255,3472,15563,54,154909
41961,0.0001,172.31.46.0-255,66,15629,54,154909
41962,0.000125,172.31.46.0-255,66,15695,54,154909
41963,0.000149,172.217.194.0-255,4320,20015,54,154909
41964,0.000151,172.31.46.0-255,66,20081,54,154909
41965,0.000159,172.217.194.0-255,7156,27237,54,154909
41966,0.000161,172.31.46.0-255,66,27303,54,154909
41967,0.000198,172.31.46.0-255,66,27369,54,154909
41968,0.000213,172.217.194.0-255,766,28135,54,154909
41969,0.000215,172.31.46.0-255,66,28201,54,154909
41970,0.000222,172.217.194.0-255,7156,35357,54,154909
41971,0.000225,172.31.46.0-255,66,35423,54,154909
41972,0.000252,172.217.194.0-255,5738,41161,54,154909
41973,0.000256,172.31.46.0-255,66,41227,54,154909
41974,0.000261,172.217.194.0-255,4285,45512,54,154909
41975,0.000263,172.31.46.0-255,66,45578,54,154909
41976,0.000327,172.217.194.0-255,1484,47062,54,154909
41977,0.000332,172.31.46.0-255,66,47128,54,154909
41978,0.000352,172.217.194.0-255,2902,50030,54,154909
41979,0.000355,172.31.46.0-255,66,50096,54,154909
41980,0.000362,172.217.194.0-255,5738,55834,54,154909
41981,0.000364,172.31.46.0-255,66,55900,54,154909
41982,0.000385,172.217.194.0-255,2902,58802,54,154909
41983,0.000388,172.31.46.0-255,66,58868,54,154909
41984,0.000415,172.31.46.0-255,66,58934,54,154909
41985,0.000455,172.31.46.0-255,66,59000,54,154909
41986,0.000473,172.217.194.0-255,2184,61184,54,154909
41987,0.000476,172.31.46.0-255,66,61250,54,154909
41988,0.000479,172.217.194.0-255,363,61613,54,154909
41989,0.000652,172.217.194.0-255,1484,63097,54,154909
41990,0.000656,172.217.194.0-255,2902,65999,54,154909
41991,0.000657,172.31.46.0-255,66,66065,54,154909
41992,0.000661,172.31.46.0-255,66,66131,54,154909
41993,0.000669,172.217.194.0-255,4320,70451,54,154909
41994,0.000671,172.31.46.0-255,66,70517,54,154909
41995,0.00069,172.217.194.0-255,1484,72001,54,154909
41996,0.000695,172.217.194.0-255,5738,77739,54,154909
41997,0.000698,172.31.46.0-255,66,77805,54,154909
41998,0.000712,172.217.194.0-255,4320,82125,54,154909
41999,0.000715,172.31.46.0-255,66,82191,54,154909
42000,0.000739,172.31.46.0-255,66,82257,54,154909
42001,0.000745,172.217.194.0-255,5020,87277,54,154909
42002,0.000747,172.31.46.0-255,66,87343,54,154909
42003,0.001172,172.217.194.0-255,1484,88827,54,154909
42004,0.001176,172.217.194.0-255,1484,90311,54,154909
42005,0.00118,172.31.46.0-255,66,90377,54,154909
42006,0.001196,172.217.194.0-255,1484,91861,54,154909
42007,0.001202,172.217.194.0-255,4320,96181,54,154909
42008,0.001204,172.31.46.0-255,66,96247,54,154909
42009,0.001224,172.217.194.0-255,1484,97731,54,154909
42010,0.001229,172.217.194.0-255,4320,102051,54,154909
42011,0.001232,172.31.46.0-255,66,102117,54,154909
42012,0.001237,172.217.194.0-255,2902,105019,54,154909
42013,0.001239,172.31.46.0-255,66,105085,54,154909
42014,0.001273,172.31.46.0-255,66,105151,54,154909
42015,0.001283,172.31.46.0-255,66,105217,54,154909
42016,0.001537,172.217.194.0-255,1484,106701,54,154909
42017,0.001557,172.217.194.0-255,2902,109603,54,154909
42018,0.001561,172.31.46.0-255,66,109669,54,154909
42019,0.001568,172.217.194.0-255,5738,115407,54,154909
42020,0.00157,172.31.46.0-255,66,115473,54,154909
42021,0.001604,172.31.46.0-255,66,115539,54,154909
42022,0.001621,172.217.194.0-255,1484,117023,54,154909
42023,0.001661,172.31.46.0-255,66,117089,54,154909
42024,0.001677,172.31.46.0-255,66,117155,54,154909
42025,0.001708,172.217.194.0-255,2902,120057,54,154909
42026,0.001711,172.31.46.0-255,66,120123,54,154909
42027,0.001721,172.31.46.0-255,66,120189,54,154909
42028,0.001735,172.31.46.0-255,66,120255,54,154909
42029,0.001739,172.217.194.0-255,2902,123157,54,154909
42030,0.001742,172.31.46.0-255,66,123223,54,154909
42031,0.001777,172.31.46.0-255,66,123289,54,154909
42032,0.001782,172.217.194.0-255,3602,126891,54,154909
42033,0.001785,172.31.46.0-255,66,126957,54,154909
42034,0.001905,172.217.194.0-255,1484,128441,54,154909
42035,0.001911,172.217.194.0-255,2902,131343,54,154909
42036,0.001914,172.31.46.0-255,66,131409,54,154909
42037,0.00192,172.217.194.0-255,5738,137147,54,154909
42038,0.001923,172.31.46.0-255,66,137213,54,154909
42039,0.001984,172.31.46.0-255,66,137279,54,154909
42040,0.002002,172.31.46.0-255,66,137345,54,154909
42041,0.002039,172.31.46.0-255,66,137411,54,154909
42042,0.002064,172.217.194.0-255,4320,141731,54,154909
42043,0.002068,172.31.46.0-255,66,141797,54,154909
42044,0.002079,172.31.46.0-255,66,141863,54,154909
42045,0.002101,172.217.194.0-255,5738,147601,54,154909
42046,0.002104,172.31.46.0-255,66,147667,54,154909
42047,0.002138,172.31.46.0-255,66,147733,54,154909
42048,0.00215,172.31.46.0-255,66,147799,54,154909
42049,0.002175,172.217.194.0-255,6438,154237,54,154909
42050,0.00218,172.31.46.0-255,66,154303,54,154909
42051,0.00219,172.31.46.0-255,66,154369,54,154909
42052,0.002223,172.31.46.0-255,66,154435,54,154909
42053,0.002239,172.31.46.0-255,66,154501,54,154909
42054,0.002253,172.31.46.0-255,66,154567,54,154909
42055,0.002262,172.217.194.0-255,105,154672,54,154909
42056,0.003662,172.31.46.0-255,66,154738,54,154909
42057,0.003689,172.31.46.0-255,105,154843,54,154909
42058,0.00622,172.217.194.0-255,66,154909,54,154909
42059,0.0,74.125.24.0-255,290,290,54,203119
42060,2.4e-05,172.31.46.0-255,66,356,54,203119
42061,3e-05,74.125.24.0-255,1484,1840,54,203119
42062,3.5e-05,172.31.46.0-255,66,1906,54,203119
42063,4.1e-05,74.125.24.0-255,4320,6226,54,203119
42064,4.5e-05,172.31.46.0-255,66,6292,54,203119
42065,5.7e-05,172.31.46.0-255,66,6358,54,203119
42066,8.3e-05,172.31.46.0-255,66,6424,54,203119
42067,0.000114,74.125.24.0-255,2902,9326,54,203119
42068,0.000116,172.31.46.0-255,66,9392,54,203119
42069,0.000169,74.125.24.0-255,5379,14771,54,203119
42070,0.000171,172.31.46.0-255,66,14837,54,203119
42071,0.000207,74.125.24.0-255,1484,16321,54,203119
42072,0.000209,172.31.46.0-255,66,16387,54,203119
42073,0.000214,74.125.24.0-255,2902,19289,54,203119
42074,0.000216,172.31.46.0-255,66,19355,54,203119
42075,0.000231,74.125.24.0-255,2902,22257,54,203119
42076,0.000234,172.31.46.0-255,66,22323,54,203119
42077,0.000264,74.125.24.0-255,2902,25225,54,203119
42078,0.000267,172.31.46.0-255,66,25291,54,203119
42079,0.000273,74.125.24.0-255,5738,31029,54,203119
42080,0.000275,172.31.46.0-255,66,31095,54,203119
42081,0.000283,74.125.24.0-255,7156,38251,54,203119
42082,0.000285,172.31.46.0-255,66,38317,54,203119
42083,0.0003,74.125.24.0-255,5738,44055,54,203119
42084,0.000302,172.31.46.0-255,66,44121,54,203119
42085,0.000308,74.125.24.0-255,5020,49141,54,203119
42086,0.000311,172.31.46.0-255,66,49207,54,203119
42087,0.000346,74.125.24.0-255,363,49570,54,203119
42088,0.000349,172.31.46.0-255,66,49636,54,203119
42089,0.000431,74.125.24.0-255,127,49763,54,203119
42090,0.000448,74.125.24.0-255,352,50115,54,203119
42091,0.000592,74.125.24.0-255,1484,51599,54,203119
42092,0.000599,74.125.24.0-255,2902,54501,54,203119
42093,0.000602,74.125.24.0-255,1484,55985,54,203119
42094,0.000616,74.125.24.0-255,4320,60305,54,203119
42095,0.00062,172.31.46.0-255,66,60371,54,203119
42096,0.00063,172.31.46.0-255,66,60437,54,203119
42097,0.000636,74.125.24.0-255,5738,66175,54,203119
42098,0.000654,74.125.24.0-255,7156,73331,54,203119
42099,0.000661,74.125.24.0-255,7156,80487,54,203119
42100,0.000685,74.125.24.0-255,3602,84089,54,203119
42101,0.000687,172.31.46.0-255,66,84155,54,203119
42102,0.000692,172.31.46.0-255,66,84221,54,203119
42103,0.001559,74.125.24.0-255,1484,85705,54,203119
42104,0.001568,74.125.24.0-255,2902,88607,54,203119
42105,0.001573,172.31.46.0-255,66,88673,54,203119
42106,0.00158,74.125.24.0-255,5738,94411,54,203119
42107,0.001603,74.125.24.0-255,4320,98731,54,203119
42108,0.001638,74.125.24.0-255,5738,104469,54,203119
42109,0.001672,74.125.24.0-255,5020,109489,54,203119
42110,0.001924,74.125.24.0-255,1484,110973,54,203119
42111,0.001932,74.125.24.0-255,2902,113875,54,203119
42112,0.001956,74.125.24.0-255,5738,119613,54,203119
42113,0.001959,74.125.24.0-255,1484,121097,54,203119
42114,0.001986,74.125.24.0-255,4320,125417,54,203119
42115,0.001998,74.125.24.0-255,1484,126901,54,203119
42116,0.002042,74.125.24.0-255,4320,131221,54,203119
42117,0.002094,74.125.24.0-255,4320,135541,54,203119
42118,0.002114,74.125.24.0-255,3602,139143,54,203119
42119,0.004529,172.31.46.0-255,66,139209,54,203119
42120,0.00661,74.125.24.0-255,5738,144947,54,203119
42121,0.00662,172.31.46.0-255,66,145013,54,203119
42122,0.008694,74.125.24.0-255,5738,150751,54,203119
42123,0.0087,172.31.46.0-255,66,150817,54,203119
42124,0.010769,74.125.24.0-255,5738,156555,54,203119
42125,0.010778,172.31.46.0-255,66,156621,54,203119
42126,0.012842,74.125.24.0-255,5738,162359,54,203119
42127,0.01285,172.31.46.0-255,66,162425,54,203119
42128,0.014899,74.125.24.0-255,2902,165327,54,203119
42129,0.014926,74.125.24.0-255,2902,168229,54,203119
42130,0.017061,172.31.46.0-255,66,168295,54,203119
42131,0.019178,74.125.24.0-255,5738,174033,54,203119
42132,0.019188,172.31.46.0-255,66,174099,54,203119
42133,0.021296,74.125.24.0-255,5738,179837,54,203119
42134,0.021307,172.31.46.0-255,66,179903,54,203119
42135,0.023415,74.125.24.0-255,5738,185641,54,203119
42136,0.023432,172.31.46.0-255,66,185707,54,203119
42137,0.025522,74.125.24.0-255,5738,191445,54,203119
42138,0.025536,172.31.46.0-255,66,191511,54,203119
42139,0.027612,74.125.24.0-255,5738,197249,54,203119
42140,0.027623,172.31.46.0-255,66,197315,54,203119
42141,0.029698,74.125.24.0-255,5738,203053,54,203119
42142,0.029711,172.31.46.0-255,66,203119,54,203119
42143,0.0,74.125.24.0-255,152,152,54,268881
42144,1.5e-05,172.31.46.0-255,66,218,54,268881
42145,2.1e-05,74.125.24.0-255,1484,1702,54,268881
42146,2.6e-05,172.31.46.0-255,66,1768,54,268881
42147,3.2e-05,74.125.24.0-255,2902,4670,54,268881
42148,3.5e-05,172.31.46.0-255,66,4736,54,268881
42149,5.4e-05,74.125.24.0-255,7156,11892,54,268881
42150,5.9e-05,172.31.46.0-255,66,11958,54,268881
42151,6.4e-05,74.125.24.0-255,2042,14000,54,268881
42152,6.7e-05,172.31.46.0-255,66,14066,54,268881
42153,7.3e-05,74.125.24.0-255,2902,16968,54,268881
42154,7.7e-05,172.31.46.0-255,66,17034,54,268881
42155,0.000112,74.125.24.0-255,7156,24190,54,268881
42156,0.000116,172.31.46.0-255,66,24256,54,268881
42157,0.00013,74.125.24.0-255,4320,28576,54,268881
42158,0.000133,172.31.46.0-255,66,28642,54,268881
42159,0.000156,74.125.24.0-255,2543,31185,54,268881
42160,0.000159,172.31.46.0-255,66,31251,54,268881
42161,0.00022,74.125.24.0-255,1484,32735,54,268881
42162,0.000223,172.31.46.0-255,66,32801,54,268881
42163,0.000228,74.125.24.0-255,2902,35703,54,268881
42164,0.000231,172.31.46.0-255,66,35769,54,268881
42165,0.000234,74.125.24.0-255,1484,37253,54,268881
42166,0.000236,172.31.46.0-255,66,37319,54,268881
42167,0.000254,74.125.24.0-255,4320,41639,54,268881
42168,0.000257,172.31.46.0-255,66,41705,54,268881
42169,0.000277,74.125.24.0-255,2902,44607,54,268881
42170,0.00028,172.31.46.0-255,66,44673,54,268881
42171,0.000311,172.31.46.0-255,66,44739,54,268881
42172,0.000314,74.125.24.0-255,1484,46223,54,268881
42173,0.000316,172.31.46.0-255,66,46289,54,268881
42174,0.000339,74.125.24.0-255,5738,52027,54,268881
42175,0.000342,172.31.46.0-255,66,52093,54,268881
42176,0.000359,74.125.24.0-255,2543,54636,54,268881
42177,0.000361,172.31.46.0-255,66,54702,54,268881
42178,0.000689,74.125.24.0-255,645,55347,54,268881
42179,0.000981,74.125.24.0-255,1484,56831,54,268881
42180,0.000985,172.31.46.0-255,66,56897,54,268881
42181,0.000991,74.125.24.0-255,2902,59799,54,268881
42182,0.000994,172.31.46.0-255,66,59865,54,268881
42183,0.001019,74.125.24.0-255,5738,65603,54,268881
42184,0.001022,172.31.46.0-255,66,65669,54,268881
42185,0.001035,172.31.46.0-255,66,65735,54,268881
42186,0.001061,74.125.24.0-255,2902,68637,54,268881
42187,0.001067,74.125.24.0-255,5738,74375,54,268881
42188,0.001072,172.31.46.0-255,66,74441,54,268881
42189,0.001075,172.31.46.0-255,66,74507,54,268881
42190,0.001093,74.125.24.0-255,5020,79527,54,268881
42191,0.001096,172.31.46.0-255,66,79593,54,268881
42192,0.001159,74.125.24.0-255,1484,81077,54,268881
42193,0.001176,74.125.24.0-255,2902,83979,54,268881
42194,0.001179,172.31.46.0-255,66,84045,54,268881
42195,0.001187,74.125.24.0-255,5738,89783,54,268881
42196,0.001189,172.31.46.0-255,66,89849,54,268881
42197,0.001196,74.125.24.0-255,7156,97005,54,268881
42198,0.001198,172.31.46.0-255,66,97071,54,268881
42199,0.001242,74.125.24.0-255,4320,101391,54,268881
42200,0.001245,172.31.46.0-255,66,101457,54,268881
42201,0.001277,172.31.46.0-255,66,101523,54,268881
42202,0.001399,74.125.24.0-255,1484,103007,54,268881
42203,0.001421,74.125.24.0-255,2902,105909,54,268881
42204,0.001424,172.31.46.0-255,66,105975,54,268881
42205,0.001428,74.125.24.0-255,1484,107459,54,268881
42206,0.001443,74.125.24.0-255,2902,110361,54,268881
42207,0.001445,172.31.46.0-255,66,110427,54,268881
42208,0.001465,74.125.24.0-255,1484,111911,54,268881
42209,0.001508,172.31.46.0-255,66,111977,54,268881
42210,0.001523,74.125.24.0-255,2902,114879,54,268881
42211,0.001526,172.31.46.0-255,66,114945,54,268881
42212,0.001538,74.125.24.0-255,1484,116429,54,268881
42213,0.001568,172.31.46.0-255,66,116495,54,268881
42214,0.001682,74.125.24.0-255,1484,117979,54,268881
42215,0.001688,74.125.24.0-255,2902,120881,54,268881
42216,0.00169,172.31.46.0-255,66,120947,54,268881
42217,0.001696,74.125.24.0-255,4320,125267,54,268881
42218,0.001698,172.31.46.0-255,66,125333,54,268881
42219,0.001709,74.125.24.0-255,1484,126817,54,268881
42220,0.001713,74.125.24.0-255,1484,128301,54,268881
42221,0.001715,172.31.46.0-255,66,128367,54,268881
42222,0.001738,172.31.46.0-255,66,128433,54,268881
42223,0.00177,172.31.46.0-255,66,128499,54,268881
42224,0.00178,74.125.24.0-255,5020,133519,54,268881
42225,0.001791,172.31.46.0-255,66,133585,54,268881
42226,0.001828,74.125.24.0-255,1484,135069,54,268881
42227,0.001844,74.125.24.0-255,2902,137971,54,268881
42228,0.001847,172.31.46.0-255,66,138037,54,268881
42229,0.001872,74.125.24.0-255,5738,143775,54,268881
42230,0.001875,172.31.46.0-255,66,143841,54,268881
42231,0.001907,172.31.46.0-255,66,143907,54,268881
42232,0.001911,74.125.24.0-255,2902,146809,54,268881
42233,0.001913,172.31.46.0-255,66,146875,54,268881
42234,0.001956,74.125.24.0-255,4320,151195,54,268881
42235,0.00196,172.31.46.0-255,66,151261,54,268881
42236,0.001973,74.125.24.0-255,3602,154863,54,268881
42237,0.001975,172.31.46.0-255,66,154929,54,268881
42238,0.001994,74.125.24.0-255,2902,157831,54,268881
42239,0.001997,172.31.46.0-255,66,157897,54,268881
42240,0.002025,74.125.24.0-255,5738,163635,54,268881
42241,0.002028,172.31.46.0-255,66,163701,54,268881
42242,0.002035,74.125.24.0-255,5738,169439,54,268881
42243,0.002037,172.31.46.0-255,66,169505,54,268881
42244,0.002047,74.125.24.0-255,4320,173825,54,268881
42245,0.00205,172.31.46.0-255,66,173891,54,268881
42246,0.002083,172.31.46.0-255,66,173957,54,268881
42247,0.002088,74.125.24.0-255,3602,177559,54,268881
42248,0.00209,172.31.46.0-255,66,177625,54,268881
42249,0.002119,74.125.24.0-255,1484,179109,54,268881
42250,0.002123,74.125.24.0-255,1484,180593,54,268881
42251,0.002125,172.31.46.0-255,66,180659,54,268881
42252,0.002145,74.125.24.0-255,1484,182143,54,268881
42253,0.002152,74.125.24.0-255,5738,187881,54,268881
42254,0.002154,172.31.46.0-255,66,187947,54,268881
42255,0.002174,74.125.24.0-255,5738,193685,54,268881
42256,0.002177,172.31.46.0-255,66,193751,54,268881
42257,0.002202,74.125.24.0-255,2902,196653,54,268881
42258,0.002214,74.125.24.0-255,1484,198137,54,268881
42259,0.002217,172.31.46.0-255,66,198203,54,268881
42260,0.00222,172.31.46.0-255,66,198269,54,268881
42261,0.002239,74.125.24.0-255,3602,201871,54,268881
42262,0.002241,172.31.46.0-255,66,201937,54,268881
42263,0.004514,74.125.24.0-255,5738,207675,54,268881
42264,0.004522,172.31.46.0-255,66,207741,54,268881
42265,0.006766,74.125.24.0-255,5738,213479,54,268881
42266,0.00677,172.31.46.0-255,66,213545,54,268881
42267,0.009018,74.125.24.0-255,5738,219283,54,268881
42268,0.009026,172.31.46.0-255,66,219349,54,268881
42269,0.011306,74.125.24.0-255,5738,225087,54,268881
42270,0.011313,172.31.46.0-255,66,225153,54,268881
42271,0.013595,74.125.24.0-255,5738,230891,54,268881
42272,0.013606,172.31.46.0-255,66,230957,54,268881
42273,0.015907,74.125.24.0-255,5738,236695,54,268881
42274,0.015915,172.31.46.0-255,66,236761,54,268881
42275,0.018187,74.125.24.0-255,5738,242499,54,268881
42276,0.0182,172.31.46.0-255,66,242565,54,268881
42277,0.020458,74.125.24.0-255,5738,248303,54,268881
42278,0.020465,172.31.46.0-255,66,248369,54,268881
42279,0.022727,74.125.24.0-255,5738,254107,54,268881
42280,0.022734,172.31.46.0-255,66,254173,54,268881
42281,0.02499,74.125.24.0-255,5738,259911,54,268881
42282,0.024997,172.31.46.0-255,66,259977,54,268881
42283,0.02725,74.125.24.0-255,4320,264297,54,268881
42284,0.027256,172.31.46.0-255,66,264363,54,268881
42285,0.027274,74.125.24.0-255,1484,265847,54,268881
42286,0.02951,74.125.24.0-255,1484,267331,54,268881
42287,0.029516,172.31.46.0-255,66,267397,54,268881
42288,0.029534,74.125.24.0-255,1484,268881,54,268881
42289,0.0,74.125.130.0-255,153,153,54,249704
42290,1.4e-05,172.31.46.0-255,66,219,54,249704
42291,3.9e-05,74.125.130.0-255,1484,1703,54,249704
42292,4.4e-05,172.31.46.0-255,66,1769,54,249704
42293,4.9e-05,74.125.130.0-255,2902,4671,54,249704
42294,5.3e-05,172.31.46.0-255,66,4737,54,249704
42295,5.9e-05,74.125.130.0-255,4320,9057,54,249704
42296,6.2e-05,172.31.46.0-255,66,9123,54,249704
42297,8.3e-05,74.125.130.0-255,1484,10607,54,249704
42298,8.6e-05,172.31.46.0-255,66,10673,54,249704
42299,0.000103,74.125.130.0-255,3320,13993,54,249704
42300,0.000106,172.31.46.0-255,66,14059,54,249704
42301,0.000133,74.125.130.0-255,4320,18379,54,249704
42302,0.000135,172.31.46.0-255,66,18445,54,249704
42303,0.000149,74.125.130.0-255,2902,21347,54,249704
42304,0.000151,172.31.46.0-255,66,21413,54,249704
42305,0.000172,74.125.130.0-255,7156,28569,54,249704
42306,0.000175,172.31.46.0-255,66,28635,54,249704
42307,0.000252,74.125.130.0-255,2543,31178,54,249704
42308,0.000256,172.31.46.0-255,66,31244,54,249704
42309,0.000431,74.125.130.0-255,1484,32728,54,249704
42310,0.000437,172.31.46.0-255,66,32794,54,249704
42311,0.000478,74.125.130.0-255,1484,34278,54,249704
42312,0.000481,172.31.46.0-255,66,34344,54,249704
42313,0.000486,74.125.130.0-255,2902,37246,54,249704
42314,0.000489,172.31.46.0-255,66,37312,54,249704
42315,0.000494,74.125.130.0-255,4320,41632,54,249704
42316,0.000497,172.31.46.0-255,66,41698,54,249704
42317,0.00051,74.125.130.0-255,1484,43182,54,249704
42318,0.000512,172.31.46.0-255,66,43248,54,249704
42319,0.000529,74.125.130.0-255,6797,50045,54,249704
42320,0.000532,172.31.46.0-255,66,50111,54,249704
42321,0.000579,74.125.130.0-255,2902,53013,54,249704
42322,0.000595,74.125.130.0-255,1484,54497,54,249704
42323,0.000601,172.31.46.0-255,66,54563,54,249704
42324,0.000617,74.125.130.0-255,4320,58883,54,249704
42325,0.000634,74.125.130.0-255,1484,60367,54,249704
42326,0.000643,172.31.46.0-255,66,60433,54,249704
42327,0.000658,74.125.130.0-255,5738,66171,54,249704
42328,0.000672,74.125.130.0-255,296,66467,54,249704
42329,0.000683,172.31.46.0-255,66,66533,54,249704
42330,0.000712,74.125.130.0-255,1484,68017,54,249704
42331,0.000728,74.125.130.0-255,1484,69501,54,249704
42332,0.000742,74.125.130.0-255,1484,70985,54,249704
42333,0.000747,172.31.46.0-255,66,71051,54,249704
42334,0.000757,74.125.130.0-255,1484,72535,54,249704
42335,0.000786,74.125.130.0-255,2902,75437,54,249704
42336,0.000789,74.125.130.0-255,1484,76921,54,249704
42337,0.000795,172.31.46.0-255,66,76987,54,249704
42338,0.000803,74.125.130.0-255,1484,78471,54,249704
42339,0.000809,74.125.130.0-255,4320,82791,54,249704
42340,0.000827,74.125.130.0-255,576,83367,54,249704
42341,0.000843,172.31.46.0-255,66,83433,54,249704
42342,0.000936,74.125.130.0-255,1484,84917,54,249704
42343,0.00094,74.125.130.0-255,1484,86401,54,249704
42344,0.000949,172.31.46.0-255,66,86467,54,249704
42345,0.000958,74.125.130.0-255,1484,87951,54,249704
42346,0.000961,74.125.130.0-255,1484,89435,54,249704
42347,0.000966,172.31.46.0-255,66,89501,54,249704
42348,0.000978,74.125.130.0-255,2902,92403,54,249704
42349,0.001001,74.125.130.0-255,1484,93887,54,249704
42350,0.001004,172.31.46.0-255,66,93953,54,249704
42351,0.00103,74.125.130.0-255,7156,101109,54,249704
42352,0.001037,172.31.46.0-255,66,101175,54,249704
42353,0.001056,74.125.130.0-255,2902,104077,54,249704
42354,0.001072,172.31.46.0-255,66,104143,54,249704
42355,0.001081,74.125.130.0-255,2902,107045,54,249704
42356,0.001121,172.31.46.0-255,66,107111,54,249704
42357,0.001171,74.125.130.0-255,766,107877,54,249704
42358,0.001193,74.125.130.0-255,1484,109361,54,249704
42359,0.001204,172.31.46.0-255,66,109427,54,249704
42360,0.001216,74.125.130.0-255,4320,113747,54,249704
42361,0.001232,74.125.130.0-255,1484,115231,54,249704
42362,0.001241,172.31.46.0-255,66,115297,54,249704
42363,0.001253,74.125.130.0-255,2902,118199,54,249704
42364,0.001275,74.125.130.0-255,4320,122519,54,249704
42365,0.001291,172.31.46.0-255,66,122585,54,249704
42366,0.001309,74.125.130.0-255,1484,124069,54,249704
42367,0.001338,172.31.46.0-255,66,124135,54,249704
42368,0.001399,74.125.130.0-255,1484,125619,54,249704
42369,0.001418,74.125.130.0-255,6438,132057,54,249704
42370,0.001439,172.31.46.0-255,66,132123,54,249704
42371,0.001515,74.125.130.0-255,1484,133607,54,249704
42372,0.001537,74.125.130.0-255,2902,136509,54,249704
42373,0.001568,74.125.130.0-255,1484,137993,54,249704
42374,0.00158,74.125.130.0-255,2902,140895,54,249704
42375,0.001609,74.125.130.0-255,2902,143797,54,249704
42376,0.001638,74.125.130.0-255,2902,146699,54,249704
42377,0.001644,74.125.130.0-255,5738,152437,54,249704
42378,0.00167,74.125.130.0-255,2902,155339,54,249704
42379,0.001687,74.125.130.0-255,4320,159659,54,249704
42380,0.001734,74.125.130.0-255,4320,163979,54,249704
42381,0.001749,74.125.130.0-255,2184,166163,54,249704
42382,0.001772,74.125.130.0-255,1484,167647,54,249704
42383,0.001789,74.125.130.0-255,2902,170549,54,249704
42384,0.001823,74.125.130.0-255,5738,176287,54,249704
42385,0.001853,74.125.130.0-255,1484,177771,54,249704
42386,0.001867,74.125.130.0-255,4320,182091,54,249704
42387,0.001913,74.125.130.0-255,4320,186411,54,249704
42388,0.002017,74.125.130.0-255,5020,191431,54,249704
42389,0.005529,172.31.46.0-255,66,191497,54,249704
42390,0.007788,74.125.130.0-255,5738,197235,54,249704
42391,0.007797,172.31.46.0-255,66,197301,54,249704
42392,0.010024,74.125.130.0-255,5738,203039,54,249704
42393,0.010031,172.31.46.0-255,66,203105,54,249704
42394,0.012286,74.125.130.0-255,5738,208843,54,249704
42395,0.012295,172.31.46.0-255,66,208909,54,249704
42396,0.014529,74.125.130.0-255,5738,214647,54,249704
42397,0.014536,172.31.46.0-255,66,214713,54,249704
42398,0.016766,74.125.130.0-255,5738,220451,54,249704
42399,0.016774,172.31.46.0-255,66,220517,54,249704
42400,0.019022,74.125.130.0-255,5738,226255,54,249704
42401,0.01903,172.31.46.0-255,66,226321,54,249704
42402,0.021272,74.125.130.0-255,5738,232059,54,249704
42403,0.021284,172.31.46.0-255,66,232125,54,249704
42404,0.023528,74.125.130.0-255,5738,237863,54,249704
42405,0.023537,172.31.46.0-255,66,237929,54,249704
42406,0.025769,74.125.130.0-255,5738,243667,54,249704
42407,0.025778,172.31.46.0-255,66,243733,54,249704
42408,0.025928,172.31.46.0-255,101,243834,54,249704
42409,0.02801,74.125.130.0-255,5738,249572,54,249704
42410,0.028017,172.31.46.0-255,66,249638,54,249704
42411,0.028108,74.125.130.0-255,66,249704,54,249704
42412,0.0,74.125.68.0-255,152,152,54,264272
42413,1.4e-05,172.31.46.0-255,66,218,54,264272
42414,2e-05,74.125.68.0-255,1484,1702,54,264272
42415,2.4e-05,172.31.46.0-255,66,1768,54,264272
42416,4.3e-05,74.125.68.0-255,2902,4670,54,264272
42417,4.6e-05,172.31.46.0-255,66,4736,54,264272
42418,5.1e-05,74.125.68.0-255,2902,7638,54,264272
42419,5.3e-05,172.31.46.0-255,66,7704,54,264272
42420,7.2e-05,74.125.68.0-255,2902,10606,54,264272
42421,7.4e-05,172.31.46.0-255,66,10672,54,264272
42422,7.7e-05,74.125.68.0-255,1484,12156,54,264272
42423,7.8e-05,172.31.46.0-255,66,12222,54,264272
42424,0.0001,74.125.68.0-255,2053,14275,54,264272
42425,0.000102,172.31.46.0-255,66,14341,54,264272
42426,0.000254,74.125.68.0-255,1484,15825,54,264272
42427,0.000258,172.31.46.0-255,66,15891,54,264272
42428,0.000276,74.125.68.0-255,2902,18793,54,264272
42429,0.000279,172.31.46.0-255,66,18859,54,264272
42430,0.000283,74.125.68.0-255,2902,21761,54,264272
42431,0.000285,172.31.46.0-255,66,21827,54,264272
42432,0.000305,74.125.68.0-255,2902,24729,54,264272
42433,0.000307,172.31.46.0-255,66,24795,54,264272
42434,0.000314,74.125.68.0-255,6797,31592,54,264272
42435,0.000316,172.31.46.0-255,66,31658,54,264272
42436,0.000667,74.125.68.0-255,1484,33142,54,264272
42437,0.000671,172.31.46.0-255,66,33208,54,264272
42438,0.000678,74.125.68.0-255,2902,36110,54,264272
42439,0.00068,172.31.46.0-255,66,36176,54,264272
42440,0.000702,74.125.68.0-255,4320,40496,54,264272
42441,0.000705,172.31.46.0-255,66,40562,54,264272
42442,0.00071,74.125.68.0-255,5738,46300,54,264272
42443,0.000712,172.31.46.0-255,66,46366,54,264272
42444,0.000744,74.125.68.0-255,2902,49268,54,264272
42445,0.000747,172.31.46.0-255,66,49334,54,264272
42446,0.000765,74.125.68.0-255,2543,51877,54,264272
42447,0.000767,172.31.46.0-255,66,51943,54,264272
42448,0.000772,74.125.68.0-255,5738,57681,54,264272
42449,0.000774,172.31.46.0-255,66,57747,54,264272
42450,0.000787,74.125.68.0-255,1484,59231,54,264272
42451,0.000803,74.125.68.0-255,5738,64969,54,264272
42452,0.000805,172.31.46.0-255,66,65035,54,264272
42453,0.000828,74.125.68.0-255,1125,66160,54,264272
42454,0.000871,74.125.68.0-255,646,66806,54,264272
42455,0.000874,172.31.46.0-255,66,66872,54,264272
42456,0.000944,74.125.68.0-255,1484,68356,54,264272
42457,0.000972,74.125.68.0-255,2902,71258,54,264272
42458,0.000975,172.31.46.0-255,66,71324,54,264272
42459,0.001012,74.125.68.0-255,5738,77062,54,264272
42460,0.001014,172.31.46.0-255,66,77128,54,264272
42461,0.001019,74.125.68.0-255,4320,81448,54,264272
42462,0.001022,172.31.46.0-255,66,81514,54,264272
42463,0.001036,74.125.68.0-255,2902,84416,54,264272
42464,0.001038,172.31.46.0-255,66,84482,54,264272
42465,0.001076,172.31.46.0-255,66,84548,54,264272
42466,0.001091,74.125.68.0-255,1484,86032,54,264272
42467,0.001107,74.125.68.0-255,5020,91052,54,264272
42468,0.00111,172.31.46.0-255,66,91118,54,264272
42469,0.001199,74.125.68.0-255,1484,92602,54,264272
42470,0.001214,74.125.68.0-255,2902,95504,54,264272
42471,0.001217,172.31.46.0-255,66,95570,54,264272
42472,0.001254,74.125.68.0-255,5738,101308,54,264272
42473,0.001257,172.31.46.0-255,66,101374,54,264272
42474,0.001263,74.125.68.0-255,5738,107112,54,264272
42475,0.001265,172.31.46.0-255,66,107178,54,264272
42476,0.001271,74.125.68.0-255,7156,114334,54,264272
42477,0.001273,172.31.46.0-255,66,114400,54,264272
42478,0.00131,74.125.68.0-255,5738,120138,54,264272
42479,0.001312,172.31.46.0-255,66,120204,54,264272
42480,0.001334,74.125.68.0-255,4320,124524,54,264272
42481,0.001336,172.31.46.0-255,66,124590,54,264272
42482,0.001339,74.125.68.0-255,766,125356,54,264272
42483,0.001559,74.125.68.0-255,1484,126840,54,264272
42484,0.001566,172.31.46.0-255,66,126906,54,264272
42485,0.001571,74.125.68.0-255,2902,129808,54,264272
42486,0.001573,172.31.46.0-255,66,129874,54,264272
42487,0.001593,74.125.68.0-255,2902,132776,54,264272
42488,0.001595,172.31.46.0-255,66,132842,54,264272
42489,0.001615,74.125.68.0-255,2902,135744,54,264272
42490,0.001617,172.31.46.0-255,66,135810,54,264272
42491,0.001622,74.125.68.0-255,4320,140130,54,264272
42492,0.001624,172.31.46.0-255,66,140196,54,264272
42493,0.001651,74.125.68.0-255,2902,143098,54,264272
42494,0.001653,172.31.46.0-255,66,143164,54,264272
42495,0.001663,74.125.68.0-255,1484,144648,54,264272
42496,0.001674,74.125.68.0-255,1484,146132,54,264272
42497,0.001676,172.31.46.0-255,66,146198,54,264272
42498,0.001691,74.125.68.0-255,4320,150518,54,264272
42499,0.001693,172.31.46.0-255,66,150584,54,264272
42500,0.001709,74.125.68.0-255,1484,152068,54,264272
42501,0.001754,74.125.68.0-255,1484,153552,54,264272
42502,0.001756,172.31.46.0-255,66,153618,54,264272
42503,0.001786,74.125.68.0-255,2902,156520,54,264272
42504,0.001788,172.31.46.0-255,66,156586,54,264272
42505,0.001832,74.125.68.0-255,1484,158070,54,264272
42506,0.001847,74.125.68.0-255,2184,160254,54,264272
42507,0.001849,172.31.46.0-255,66,160320,54,264272
42508,0.002063,74.125.68.0-255,1484,161804,54,264272
42509,0.002078,74.125.68.0-255,2902,164706,54,264272
42510,0.00208,172.31.46.0-255,66,164772,54,264272
42511,0.002094,74.125.68.0-255,5738,170510,54,264272
42512,0.002096,172.31.46.0-255,66,170576,54,264272
42513,0.002107,74.125.68.0-255,1484,172060,54,264272
42514,0.002131,74.125.68.0-255,5738,177798,54,264272
42515,0.002133,172.31.46.0-255,66,177864,54,264272
42516,0.002139,74.125.68.0-255,7156,185020,54,264272
42517,0.002141,172.31.46.0-255,66,185086,54,264272
42518,0.002151,74.125.68.0-255,1484,186570,54,264272
42519,0.002168,74.125.68.0-255,5738,192308,54,264272
42520,0.00217,172.31.46.0-255,66,192374,54,264272
42521,0.002186,74.125.68.0-255,2184,194558,54,264272
42522,0.002188,172.31.46.0-255,66,194624,54,264272
42523,0.004411,74.125.68.0-255,5738,200362,54,264272
42524,0.004416,172.31.46.0-255,66,200428,54,264272
42525,0.006663,74.125.68.0-255,5738,206166,54,264272
42526,0.006668,172.31.46.0-255,66,206232,54,264272
42527,0.008909,74.125.68.0-255,5738,211970,54,264272
42528,0.008915,172.31.46.0-255,66,212036,54,264272
42529,0.011162,74.125.68.0-255,5738,217774,54,264272
42530,0.011169,172.31.46.0-255,66,217840,54,264272
42531,0.01342,74.125.68.0-255,5738,223578,54,264272
42532,0.013427,172.31.46.0-255,66,223644,54,264272
42533,0.015682,74.125.68.0-255,5738,229382,54,264272
42534,0.015689,172.31.46.0-255,66,229448,54,264272
42535,0.017943,74.125.68.0-255,5738,235186,54,264272
42536,0.01795,172.31.46.0-255,66,235252,54,264272
42537,0.0202,74.125.68.0-255,5738,240990,54,264272
42538,0.020206,172.31.46.0-255,66,241056,54,264272
42539,0.022513,74.125.68.0-255,5738,246794,54,264272
42540,0.022522,172.31.46.0-255,66,246860,54,264272
42541,0.024769,74.125.68.0-255,5738,252598,54,264272
42542,0.024777,172.31.46.0-255,66,252664,54,264272
42543,0.027022,74.125.68.0-255,5738,258402,54,264272
42544,0.027029,172.31.46.0-255,66,258468,54,264272
42545,0.029274,74.125.68.0-255,5738,264206,54,264272
42546,0.029281,172.31.46.0-255,66,264272,54,264272
42547,0.0,74.125.24.0-255,146,146,54,244515
42548,2.1e-05,172.31.46.0-255,66,212,54,244515
42549,2.8e-05,74.125.24.0-255,1484,1696,54,244515
42550,3.3e-05,172.31.46.0-255,66,1762,54,244515
42551,3.9e-05,74.125.24.0-255,2902,4664,54,244515
42552,5e-05,172.31.46.0-255,66,4730,54,244515
42553,5.8e-05,74.125.24.0-255,7156,11886,54,244515
42554,6.1e-05,172.31.46.0-255,66,11952,54,244515
42555,6.6e-05,74.125.24.0-255,2902,14854,54,244515
42556,7e-05,172.31.46.0-255,66,14920,54,244515
42557,0.000104,74.125.24.0-255,4860,19780,54,244515
42558,0.000111,172.31.46.0-255,66,19846,54,244515
42559,0.000124,172.31.46.0-255,66,19912,54,244515
42560,0.000175,74.125.24.0-255,1484,21396,54,244515
42561,0.000177,172.31.46.0-255,66,21462,54,244515
42562,0.000207,74.125.24.0-255,2902,24364,54,244515
42563,0.000209,172.31.46.0-255,66,24430,54,244515
42564,0.000215,74.125.24.0-255,5738,30168,54,244515
42565,0.000218,172.31.46.0-255,66,30234,54,244515
42566,0.000228,74.125.24.0-255,4320,34554,54,244515
42567,0.000231,172.31.46.0-255,66,34620,54,244515
42568,0.000266,172.31.46.0-255,66,34686,54,244515
42569,0.000283,172.31.46.0-255,66,34752,54,244515
42570,0.000286,74.125.24.0-255,355,35107,54,244515
42571,0.000288,172.31.46.0-255,66,35173,54,244515
42572,0.000323,74.125.24.0-255,138,35311,54,244515
42573,0.000327,172.31.46.0-255,66,35377,54,244515
42574,0.00058,74.125.24.0-255,347,35724,54,244515
42575,0.000586,172.31.46.0-255,66,35790,54,244515
42576,0.000725,74.125.24.0-255,1484,37274,54,244515
42577,0.00073,74.125.24.0-255,1484,38758,54,244515
42578,0.000733,172.31.46.0-255,66,38824,54,244515
42579,0.000764,74.125.24.0-255,1484,40308,54,244515
42580,0.000767,74.125.24.0-255,1484,41792,54,244515
42581,0.000769,172.31.46.0-255,66,41858,54,244515
42582,0.000776,74.125.24.0-255,5738,47596,54,244515
42583,0.000779,172.31.46.0-255,66,47662,54,244515
42584,0.000815,74.125.24.0-255,5379,53041,54,244515
42585,0.000818,172.31.46.0-255,66,53107,54,244515
42586,0.00087,74.125.24.0-255,1484,54591,54,244515
42587,0.000891,74.125.24.0-255,2902,57493,54,244515
42588,0.000894,172.31.46.0-255,66,57559,54,244515
42589,0.000902,74.125.24.0-255,5738,63297,54,244515
42590,0.000905,172.31.46.0-255,66,63363,54,244515
42591,0.000966,74.125.24.0-255,4320,67683,54,244515
42592,0.00097,172.31.46.0-255,66,67749,54,244515
42593,0.001003,74.125.24.0-255,2543,70292,54,244515
42594,0.001006,172.31.46.0-255,66,70358,54,244515
42595,0.002492,74.125.24.0-255,1484,71842,54,244515
42596,0.002504,74.125.24.0-255,2902,74744,54,244515
42597,0.002509,172.31.46.0-255,66,74810,54,244515
42598,0.002516,74.125.24.0-255,4320,79130,54,244515
42599,0.002518,172.31.46.0-255,66,79196,54,244515
42600,0.002552,172.31.46.0-255,66,79262,54,244515
42601,0.002582,74.125.24.0-255,7156,86418,54,244515
42602,0.002584,172.31.46.0-255,66,86484,54,244515
42603,0.002609,74.125.24.0-255,5738,92222,54,244515
42604,0.002611,172.31.46.0-255,66,92288,54,244515
42605,0.00264,74.125.24.0-255,2902,95190,54,244515
42606,0.002643,172.31.46.0-255,66,95256,54,244515
42607,0.002646,74.125.24.0-255,766,96022,54,244515
42608,0.002913,74.125.24.0-255,1484,97506,54,244515
42609,0.002916,172.31.46.0-255,66,97572,54,244515
42610,0.002944,74.125.24.0-255,2902,100474,54,244515
42611,0.002946,172.31.46.0-255,66,100540,54,244515
42612,0.002972,74.125.24.0-255,5738,106278,54,244515
42613,0.002974,172.31.46.0-255,66,106344,54,244515
42614,0.003,74.125.24.0-255,7156,113500,54,244515
42615,0.003003,172.31.46.0-255,66,113566,54,244515
42616,0.003038,172.31.46.0-255,66,113632,54,244515
42617,0.003062,74.125.24.0-255,1484,115116,54,244515
42618,0.003067,74.125.24.0-255,2184,117300,54,244515
42619,0.003069,172.31.46.0-255,66,117366,54,244515
42620,0.003073,74.125.24.0-255,2902,120268,54,244515
42621,0.003075,172.31.46.0-255,66,120334,54,244515
42622,0.003083,74.125.24.0-255,7156,127490,54,244515
42623,0.003085,172.31.46.0-255,66,127556,54,244515
42624,0.003113,74.125.24.0-255,2902,130458,54,244515
42625,0.003123,172.31.46.0-255,66,130524,54,244515
42626,0.003126,172.31.46.0-255,66,130590,54,244515
42627,0.003153,74.125.24.0-255,5020,135610,54,244515
42628,0.00316,172.31.46.0-255,66,135676,54,244515
42629,0.0032,74.125.24.0-255,1484,137160,54,244515
42630,0.003212,74.125.24.0-255,2902,140062,54,244515
42631,0.003214,172.31.46.0-255,66,140128,54,244515
42632,0.003219,74.125.24.0-255,2902,143030,54,244515
42633,0.003222,172.31.46.0-255,66,143096,54,244515
42634,0.003249,74.125.24.0-255,2902,145998,54,244515
42635,0.003251,172.31.46.0-255,66,146064,54,244515
42636,0.003256,74.125.24.0-255,4320,150384,54,244515
42637,0.003259,172.31.46.0-255,66,150450,54,244515
42638,0.003268,74.125.24.0-255,4320,154770,54,244515
42639,0.00327,172.31.46.0-255,66,154836,54,244515
42640,0.003299,74.125.24.0-255,7156,161992,54,244515
42641,0.003302,172.31.46.0-255,66,162058,54,244515
42642,0.003313,172.31.46.0-255,66,162124,54,244515
42643,0.003462,74.125.24.0-255,1484,163608,54,244515
42644,0.003477,74.125.24.0-255,2902,166510,54,244515
42645,0.00348,172.31.46.0-255,66,166576,54,244515
42646,0.003498,74.125.24.0-255,4320,170896,54,244515
42647,0.003501,172.31.46.0-255,66,170962,54,244515
42648,0.003514,74.125.24.0-255,1484,172446,54,244515
42649,0.003541,74.125.24.0-255,7156,179602,54,244515
42650,0.003544,172.31.46.0-255,66,179668,54,244515
42651,0.003551,74.125.24.0-255,7156,186824,54,244515
42652,0.003553,172.31.46.0-255,66,186890,54,244515
42653,0.003598,172.31.46.0-255,66,186956,54,244515
42654,0.0036,74.125.24.0-255,766,187722,54,244515
42655,0.003625,74.125.24.0-255,1484,189206,54,244515
42656,0.003627,172.31.46.0-255,66,189272,54,244515
42657,0.003632,74.125.24.0-255,2902,192174,54,244515
42658,0.003635,172.31.46.0-255,66,192240,54,244515
42659,0.003642,74.125.24.0-255,1484,193724,54,244515
42660,0.003697,74.125.24.0-255,4320,198044,54,244515
42661,0.003701,172.31.46.0-255,66,198110,54,244515
42662,0.00372,172.31.46.0-255,66,198176,54,244515
42663,0.003731,172.31.46.0-255,66,198242,54,244515
42664,0.003734,74.125.24.0-255,1484,199726,54,244515
42665,0.003754,74.125.24.0-255,766,200492,54,244515
42666,0.003761,172.31.46.0-255,66,200558,54,244515
42667,0.003844,74.125.24.0-255,1484,202042,54,244515
42668,0.003849,74.125.24.0-255,2902,204944,54,244515
42669,0.003853,172.31.46.0-255,66,205010,54,244515
42670,0.00388,74.125.24.0-255,5738,210748,54,244515
42671,0.003883,172.31.46.0-255,66,210814,54,244515
42672,0.00392,172.31.46.0-255,66,210880,54,244515
42673,0.003933,172.31.46.0-255,66,210946,54,244515
42674,0.00394,74.125.24.0-255,1484,212430,54,244515
42675,0.003945,74.125.24.0-255,2902,215332,54,244515
42676,0.003947,172.31.46.0-255,66,215398,54,244515
42677,0.00402,74.125.24.0-255,5738,221136,54,244515
42678,0.004023,172.31.46.0-255,66,221202,54,244515
42679,0.004042,172.31.46.0-255,66,221268,54,244515
42680,0.004049,74.125.24.0-255,7156,228424,54,244515
42681,0.004051,172.31.46.0-255,66,228490,54,244515
42682,0.004063,172.31.46.0-255,66,228556,54,244515
42683,0.00411,172.31.46.0-255,66,228622,54,244515
42684,0.004123,172.31.46.0-255,66,228688,54,244515
42685,0.004154,74.125.24.0-255,2184,230872,54,244515
42686,0.004157,172.31.46.0-255,66,230938,54,244515
42687,0.00416,74.125.24.0-255,1484,232422,54,244515
42688,0.004165,74.125.24.0-255,2902,235324,54,244515
42689,0.004174,172.31.46.0-255,66,235390,54,244515
42690,0.004179,74.125.24.0-255,2902,238292,54,244515
42691,0.004181,172.31.46.0-255,66,238358,54,244515
42692,0.004213,74.125.24.0-255,2902,241260,54,244515
42693,0.004216,172.31.46.0-255,66,241326,54,244515
42694,0.00422,74.125.24.0-255,2680,244006,54,244515
42695,0.004223,172.31.46.0-255,66,244072,54,244515
42696,0.004248,74.125.24.0-255,105,244177,54,244515
42697,0.005145,172.31.46.0-255,101,244278,54,244515
42698,0.006869,172.31.46.0-255,105,244383,54,244515
42699,0.007723,74.125.24.0-255,66,244449,54,244515
42700,0.009436,74.125.24.0-255,66,244515,54,244515
