,TIME,SRC,PACKET_SIZE,CUMULATIVE_PACKET_SIZE,PAGE_NUMBER,TOTAL_PACKET_SIZE
0,0.0,74.125.68.0-255,146,146,64,349072
1,2.2e-05,172.31.40.0-255,66,212,64,349072
2,3e-05,74.125.68.0-255,1484,1696,64,349072
3,3.4e-05,172.31.40.0-255,66,1762,64,349072
4,3.9e-05,74.125.68.0-255,2902,4664,64,349072
5,4.9e-05,172.31.40.0-255,66,4730,64,349072
6,5.6e-05,74.125.68.0-255,4320,9050,64,349072
7,5.9e-05,172.31.40.0-255,66,9116,64,349072
8,9.9e-05,172.31.40.0-255,66,9182,64,349072
9,0.000136,172.31.40.0-255,66,9248,64,349072
10,0.00014,74.125.68.0-255,2902,12150,64,349072
11,0.000142,172.31.40.0-255,66,12216,64,349072
12,0.000188,74.125.68.0-255,2543,14759,64,349072
13,0.000191,172.31.40.0-255,66,14825,64,349072
14,0.000249,74.125.68.0-255,1484,16309,64,349072
15,0.000252,172.31.40.0-255,66,16375,64,349072
16,0.000256,74.125.68.0-255,2902,19277,64,349072
17,0.000259,172.31.40.0-255,66,19343,64,349072
18,0.000287,74.125.68.0-255,2902,22245,64,349072
19,0.00029,172.31.40.0-255,66,22311,64,349072
20,0.000297,74.125.68.0-255,4320,26631,64,349072
21,0.000299,172.31.40.0-255,66,26697,64,349072
22,0.000336,172.31.40.0-255,66,26763,64,349072
23,0.000342,74.125.68.0-255,5738,32501,64,349072
24,0.000344,172.31.40.0-255,66,32567,64,349072
25,0.000382,74.125.68.0-255,7156,39723,64,349072
26,0.000385,172.31.40.0-255,66,39789,64,349072
27,0.000388,74.125.68.0-255,766,40555,64,349072
28,0.00039,172.31.40.0-255,66,40621,64,349072
29,0.000423,74.125.68.0-255,400,41021,64,349072
30,0.000537,74.125.68.0-255,344,41365,64,349072
31,0.000689,74.125.68.0-255,1484,42849,64,349072
32,0.000693,172.31.40.0-255,66,42915,64,349072
33,0.000699,74.125.68.0-255,2902,45817,64,349072
34,0.000701,172.31.40.0-255,66,45883,64,349072
35,0.000726,74.125.68.0-255,5738,51621,64,349072
36,0.00073,172.31.40.0-255,66,51687,64,349072
37,0.00076,74.125.68.0-255,7156,58843,64,349072
38,0.000764,172.31.40.0-255,66,58909,64,349072
39,0.000775,172.31.40.0-255,66,58975,64,349072
40,0.000828,172.31.40.0-255,66,59041,64,349072
41,0.000891,74.125.68.0-255,1484,60525,64,349072
42,0.000917,74.125.68.0-255,2902,63427,64,349072
43,0.00092,172.31.40.0-255,66,63493,64,349072
44,0.000964,74.125.68.0-255,4320,67813,64,349072
45,0.000967,172.31.40.0-255,66,67879,64,349072
46,0.000974,74.125.68.0-255,5738,73617,64,349072
47,0.000976,172.31.40.0-255,66,73683,64,349072
48,0.000992,172.31.40.0-255,66,73749,64,349072
49,0.001018,74.125.68.0-255,1484,75233,64,349072
50,0.001023,74.125.68.0-255,2902,78135,64,349072
51,0.001026,172.31.40.0-255,66,78201,64,349072
52,0.001045,74.125.68.0-255,5020,83221,64,349072
53,0.001047,172.31.40.0-255,66,83287,64,349072
54,0.001096,74.125.68.0-255,1484,84771,64,349072
55,0.001109,74.125.68.0-255,2902,87673,64,349072
56,0.001112,172.31.40.0-255,66,87739,64,349072
57,0.001137,74.125.68.0-255,5738,93477,64,349072
58,0.00114,172.31.40.0-255,66,93543,64,349072
59,0.001143,74.125.68.0-255,1484,95027,64,349072
60,0.001169,74.125.68.0-255,2902,97929,64,349072
61,0.001172,172.31.40.0-255,66,97995,64,349072
62,0.001178,74.125.68.0-255,5738,103733,64,349072
63,0.00118,172.31.40.0-255,66,103799,64,349072
64,0.001214,172.31.40.0-255,66,103865,64,349072
65,0.00124,74.125.68.0-255,1484,105349,64,349072
66,0.001256,74.125.68.0-255,3602,108951,64,349072
67,0.001258,172.31.40.0-255,66,109017,64,349072
68,0.001564,74.125.68.0-255,1484,110501,64,349072
69,0.00157,74.125.68.0-255,2902,113403,64,349072
70,0.001573,172.31.40.0-255,66,113469,64,349072
71,0.001597,74.125.68.0-255,1484,114953,64,349072
72,0.001622,74.125.68.0-255,2902,117855,64,349072
73,0.001628,74.125.68.0-255,5738,123593,64,349072
74,0.001632,172.31.40.0-255,66,123659,64,349072
75,0.001635,172.31.40.0-255,66,123725,64,349072
76,0.001662,172.31.40.0-255,66,123791,64,349072
77,0.001667,74.125.68.0-255,4320,128111,64,349072
78,0.00167,172.31.40.0-255,66,128177,64,349072
79,0.001716,74.125.68.0-255,5738,133915,64,349072
80,0.001719,172.31.40.0-255,66,133981,64,349072
81,0.001722,74.125.68.0-255,766,134747,64,349072
82,0.001999,74.125.68.0-255,1484,136231,64,349072
83,0.002003,172.31.40.0-255,66,136297,64,349072
84,0.002007,74.125.68.0-255,1484,137781,64,349072
85,0.002033,74.125.68.0-255,1484,139265,64,349072
86,0.002036,172.31.40.0-255,66,139331,64,349072
87,0.004029,74.125.68.0-255,5738,145069,64,349072
88,0.004034,172.31.40.0-255,66,145135,64,349072
89,0.006046,74.125.68.0-255,5738,150873,64,349072
90,0.006049,172.31.40.0-255,66,150939,64,349072
91,0.008059,74.125.68.0-255,5738,156677,64,349072
92,0.008064,172.31.40.0-255,66,156743,64,349072
93,0.010082,74.125.68.0-255,5738,162481,64,349072
94,0.010089,172.31.40.0-255,66,162547,64,349072
95,0.012113,74.125.68.0-255,5738,168285,64,349072
96,0.012119,172.31.40.0-255,66,168351,64,349072
97,0.014145,74.125.68.0-255,5738,174089,64,349072
98,0.014153,172.31.40.0-255,66,174155,64,349072
99,0.016162,74.125.68.0-255,5738,179893,64,349072
100,0.016169,172.31.40.0-255,66,179959,64,349072
101,0.018189,74.125.68.0-255,5738,185697,64,349072
102,0.018196,172.31.40.0-255,66,185763,64,349072
103,0.020228,74.125.68.0-255,5738,191501,64,349072
104,0.020245,172.31.40.0-255,66,191567,64,349072
105,0.022267,74.125.68.0-255,5738,197305,64,349072
106,0.022282,172.31.40.0-255,66,197371,64,349072
107,0.024299,74.125.68.0-255,5738,203109,64,349072
108,0.024313,172.31.40.0-255,66,203175,64,349072
109,0.026386,74.125.68.0-255,5738,208913,64,349072
110,0.0264,172.31.40.0-255,66,208979,64,349072
111,0.028426,74.125.68.0-255,5738,214717,64,349072
112,0.028437,172.31.40.0-255,66,214783,64,349072
113,0.030476,74.125.68.0-255,5738,220521,64,349072
114,0.030492,172.31.40.0-255,66,220587,64,349072
115,0.032516,74.125.68.0-255,5738,226325,64,349072
116,0.032524,172.31.40.0-255,66,226391,64,349072
117,0.034554,74.125.68.0-255,5738,232129,64,349072
118,0.034562,172.31.40.0-255,66,232195,64,349072
119,0.036585,74.125.68.0-255,5738,237933,64,349072
120,0.036601,172.31.40.0-255,66,237999,64,349072
121,0.038626,74.125.68.0-255,5738,243737,64,349072
122,0.038634,172.31.40.0-255,66,243803,64,349072
123,0.040654,74.125.68.0-255,5738,249541,64,349072
124,0.040666,172.31.40.0-255,66,249607,64,349072
125,0.042702,74.125.68.0-255,5738,255345,64,349072
126,0.042719,172.31.40.0-255,66,255411,64,349072
127,0.044741,74.125.68.0-255,5738,261149,64,349072
128,0.044752,172.31.40.0-255,66,261215,64,349072
129,0.046765,74.125.68.0-255,5738,266953,64,349072
130,0.046773,172.31.40.0-255,66,267019,64,349072
131,0.048806,74.125.68.0-255,5738,272757,64,349072
132,0.048825,172.31.40.0-255,66,272823,64,349072
133,0.050838,74.125.68.0-255,4320,277143,64,349072
134,0.050844,172.31.40.0-255,66,277209,64,349072
135,0.05087,74.125.68.0-255,1484,278693,64,349072
136,0.051812,172.31.40.0-255,172,278865,64,349072
137,0.051848,172.31.40.0-255,1113,279978,64,349072
138,0.051949,172.31.40.0-255,1514,281492,64,349072
139,0.051951,172.31.40.0-255,1297,282789,64,349072
140,0.052864,74.125.68.0-255,4320,287109,64,349072
141,0.052871,172.31.40.0-255,66,287175,64,349072
142,0.053351,104.244.42.0-255,66,287241,64,349072
143,0.053376,104.244.42.0-255,66,287307,64,349072
144,0.053505,104.244.42.0-255,66,287373,64,349072
145,0.053529,104.244.42.0-255,66,287439,64,349072
146,0.054906,74.125.68.0-255,5738,293177,64,349072
147,0.054916,172.31.40.0-255,66,293243,64,349072
148,0.05695,74.125.68.0-255,5738,298981,64,349072
149,0.056963,172.31.40.0-255,66,299047,64,349072
150,0.058993,74.125.68.0-255,5738,304785,64,349072
151,0.059006,172.31.40.0-255,66,304851,64,349072
152,0.061032,74.125.68.0-255,5738,310589,64,349072
153,0.061045,172.31.40.0-255,66,310655,64,349072
154,0.063084,74.125.68.0-255,5738,316393,64,349072
155,0.063098,172.31.40.0-255,66,316459,64,349072
156,0.06514,74.125.68.0-255,5738,322197,64,349072
157,0.065156,172.31.40.0-255,66,322263,64,349072
158,0.067191,74.125.68.0-255,5738,328001,64,349072
159,0.067204,172.31.40.0-255,66,328067,64,349072
160,0.069244,74.125.68.0-255,5738,333805,64,349072
161,0.069257,172.31.40.0-255,66,333871,64,349072
162,0.071275,74.125.68.0-255,5738,339609,64,349072
163,0.071285,172.31.40.0-255,66,339675,64,349072
164,0.073314,74.125.68.0-255,5738,345413,64,349072
165,0.073329,172.31.40.0-255,66,345479,64,349072
166,0.07536,74.125.68.0-255,3356,348835,64,349072
167,0.075368,172.31.40.0-255,66,348901,64,349072
168,0.075559,172.31.40.0-255,105,349006,64,349072
169,0.077552,74.125.68.0-255,66,349072,64,349072
170,0.0,172.217.194.0-255,148,148,64,357502
171,2.2e-05,172.31.40.0-255,66,214,64,357502
172,2.9e-05,172.217.194.0-255,1484,1698,64,357502
173,3.5e-05,172.31.40.0-255,66,1764,64,357502
174,4.1e-05,172.217.194.0-255,2902,4666,64,357502
175,4.5e-05,172.31.40.0-255,66,4732,64,357502
176,5.3e-05,172.217.194.0-255,7156,11888,64,357502
177,5.6e-05,172.31.40.0-255,66,11954,64,357502
178,5.9e-05,172.217.194.0-255,1993,13947,64,357502
179,6.1e-05,172.31.40.0-255,66,14013,64,357502
180,0.00025,172.217.194.0-255,1484,15497,64,357502
181,0.000255,172.31.40.0-255,66,15563,64,357502
182,0.000261,172.217.194.0-255,2902,18465,64,357502
183,0.000264,172.31.40.0-255,66,18531,64,357502
184,0.00027,172.217.194.0-255,4320,22851,64,357502
185,0.000272,172.31.40.0-255,66,22917,64,357502
186,0.000285,172.217.194.0-255,1484,24401,64,357502
187,0.000288,172.31.40.0-255,66,24467,64,357502
188,0.00031,172.217.194.0-255,6797,31264,64,357502
189,0.000312,172.31.40.0-255,66,31330,64,357502
190,0.00077,172.217.194.0-255,1484,32814,64,357502
191,0.000776,172.31.40.0-255,66,32880,64,357502
192,0.000784,172.217.194.0-255,2902,35782,64,357502
193,0.000786,172.31.40.0-255,66,35848,64,357502
194,0.000793,172.217.194.0-255,5738,41586,64,357502
195,0.000795,172.31.40.0-255,66,41652,64,357502
196,0.000832,172.217.194.0-255,6797,48449,64,357502
197,0.000834,172.31.40.0-255,66,48515,64,357502
198,0.000842,172.217.194.0-255,7156,55671,64,357502
199,0.000844,172.31.40.0-255,66,55737,64,357502
200,0.000866,172.217.194.0-255,2902,58639,64,357502
201,0.000869,172.31.40.0-255,66,58705,64,357502
202,0.000891,172.217.194.0-255,7110,65815,64,357502
203,0.000894,172.31.40.0-255,66,65881,64,357502
204,0.001004,172.217.194.0-255,365,66246,64,357502
205,0.001088,172.217.194.0-255,1484,67730,64,357502
206,0.001092,172.31.40.0-255,66,67796,64,357502
207,0.001097,172.217.194.0-255,2902,70698,64,357502
208,0.0011,172.31.40.0-255,66,70764,64,357502
209,0.001104,172.217.194.0-255,2902,73666,64,357502
210,0.001106,172.31.40.0-255,66,73732,64,357502
211,0.001134,172.217.194.0-255,2902,76634,64,357502
212,0.001137,172.31.40.0-255,66,76700,64,357502
213,0.001144,172.217.194.0-255,6797,83497,64,357502
214,0.001147,172.31.40.0-255,66,83563,64,357502
215,0.001165,172.217.194.0-255,4320,87883,64,357502
216,0.001169,172.31.40.0-255,66,87949,64,357502
217,0.001202,172.31.40.0-255,66,88015,64,357502
218,0.001206,172.217.194.0-255,2543,90558,64,357502
219,0.001208,172.31.40.0-255,66,90624,64,357502
220,0.001874,172.217.194.0-255,1484,92108,64,357502
221,0.001884,172.217.194.0-255,2902,95010,64,357502
222,0.001889,172.31.40.0-255,66,95076,64,357502
223,0.001897,172.217.194.0-255,5738,100814,64,357502
224,0.001899,172.31.40.0-255,66,100880,64,357502
225,0.001939,172.31.40.0-255,66,100946,64,357502
226,0.001966,172.31.40.0-255,66,101012,64,357502
227,0.001982,172.217.194.0-255,766,101778,64,357502
228,0.002008,172.217.194.0-255,1484,103262,64,357502
229,0.002011,172.31.40.0-255,66,103328,64,357502
230,0.002014,172.217.194.0-255,1484,104812,64,357502
231,0.002031,172.217.194.0-255,1484,106296,64,357502
232,0.002034,172.31.40.0-255,66,106362,64,357502
233,0.00204,172.217.194.0-255,5738,112100,64,357502
234,0.002042,172.31.40.0-255,66,112166,64,357502
235,0.002045,172.217.194.0-255,1484,113650,64,357502
236,0.002058,172.217.194.0-255,2902,116552,64,357502
237,0.002061,172.31.40.0-255,66,116618,64,357502
238,0.002088,172.217.194.0-255,5738,122356,64,357502
239,0.00209,172.31.40.0-255,66,122422,64,357502
240,0.002093,172.217.194.0-255,1484,123906,64,357502
241,0.002108,172.217.194.0-255,4320,128226,64,357502
242,0.002111,172.31.40.0-255,66,128292,64,357502
243,0.002137,172.31.40.0-255,66,128358,64,357502
244,0.00214,172.217.194.0-255,1484,129842,64,357502
245,0.002162,172.217.194.0-255,2902,132744,64,357502
246,0.002165,172.31.40.0-255,66,132810,64,357502
247,0.002172,172.217.194.0-255,5738,138548,64,357502
248,0.002174,172.31.40.0-255,66,138614,64,357502
249,0.002222,172.31.40.0-255,66,138680,64,357502
250,0.002233,172.31.40.0-255,66,138746,64,357502
251,0.002235,172.217.194.0-255,766,139512,64,357502
252,0.004443,172.217.194.0-255,4320,143832,64,357502
253,0.004448,172.31.40.0-255,66,143898,64,357502
254,0.006688,172.217.194.0-255,5738,149636,64,357502
255,0.006693,172.31.40.0-255,66,149702,64,357502
256,0.008903,172.217.194.0-255,5738,155440,64,357502
257,0.00891,172.31.40.0-255,66,155506,64,357502
258,0.011171,172.217.194.0-255,5738,161244,64,357502
259,0.011179,172.31.40.0-255,66,161310,64,357502
260,0.013411,172.217.194.0-255,5738,167048,64,357502
261,0.013418,172.31.40.0-255,66,167114,64,357502
262,0.015624,172.217.194.0-255,5738,172852,64,357502
263,0.01563,172.31.40.0-255,66,172918,64,357502
264,0.017819,172.217.194.0-255,5738,178656,64,357502
265,0.017828,172.31.40.0-255,66,178722,64,357502
266,0.020063,172.217.194.0-255,5738,184460,64,357502
267,0.020075,172.31.40.0-255,66,184526,64,357502
268,0.02233,172.217.194.0-255,5738,190264,64,357502
269,0.022338,172.31.40.0-255,66,190330,64,357502
270,0.024551,172.217.194.0-255,5738,196068,64,357502
271,0.024559,172.31.40.0-255,66,196134,64,357502
272,0.02672,172.31.40.0-255,172,196306,64,357502
273,0.026752,172.31.40.0-255,1112,197418,64,357502
274,0.026783,172.217.194.0-255,5738,203156,64,357502
275,0.026787,172.31.40.0-255,66,203222,64,357502
276,0.026889,172.31.40.0-255,1514,204736,64,357502
277,0.026891,172.31.40.0-255,1296,206032,64,357502
278,0.028244,104.244.42.0-255,66,206098,64,357502
279,0.028289,104.244.42.0-255,66,206164,64,357502
280,0.02848,104.244.42.0-255,66,206230,64,357502
281,0.028984,172.217.194.0-255,5738,211968,64,357502
282,0.028991,172.31.40.0-255,66,212034,64,357502
283,0.031235,172.217.194.0-255,5738,217772,64,357502
284,0.031241,172.31.40.0-255,66,217838,64,357502
285,0.033459,172.217.194.0-255,5738,223576,64,357502
286,0.033466,172.31.40.0-255,66,223642,64,357502
287,0.035666,172.217.194.0-255,5738,229380,64,357502
288,0.035672,172.31.40.0-255,66,229446,64,357502
289,0.037876,172.217.194.0-255,5738,235184,64,357502
290,0.037882,172.31.40.0-255,66,235250,64,357502
291,0.040094,172.217.194.0-255,5738,240988,64,357502
292,0.040099,172.31.40.0-255,66,241054,64,357502
293,0.042313,172.217.194.0-255,5738,246792,64,357502
294,0.042322,172.31.40.0-255,66,246858,64,357502
295,0.044533,172.217.194.0-255,5738,252596,64,357502
296,0.04454,172.31.40.0-255,66,252662,64,357502
297,0.046744,172.217.194.0-255,5738,258400,64,357502
298,0.046751,172.31.40.0-255,66,258466,64,357502
299,0.048945,172.217.194.0-255,5738,264204,64,357502
300,0.048952,172.31.40.0-255,66,264270,64,357502
301,0.051162,172.217.194.0-255,5738,270008,64,357502
302,0.051168,172.31.40.0-255,66,270074,64,357502
303,0.053384,172.217.194.0-255,5738,275812,64,357502
304,0.05339,172.31.40.0-255,66,275878,64,357502
305,0.055601,172.217.194.0-255,5738,281616,64,357502
306,0.055606,172.31.40.0-255,66,281682,64,357502
307,0.057819,172.217.194.0-255,5738,287420,64,357502
308,0.057826,172.31.40.0-255,66,287486,64,357502
309,0.060052,172.217.194.0-255,5738,293224,64,357502
310,0.060058,172.31.40.0-255,66,293290,64,357502
311,0.062289,172.217.194.0-255,5738,299028,64,357502
312,0.062296,172.31.40.0-255,66,299094,64,357502
313,0.064519,172.217.194.0-255,5738,304832,64,357502
314,0.064526,172.31.40.0-255,66,304898,64,357502
315,0.066761,172.217.194.0-255,5738,310636,64,357502
316,0.066768,172.31.40.0-255,66,310702,64,357502
317,0.068987,172.217.194.0-255,5738,316440,64,357502
318,0.068994,172.31.40.0-255,66,316506,64,357502
319,0.071219,172.217.194.0-255,5738,322244,64,357502
320,0.071226,172.31.40.0-255,66,322310,64,357502
321,0.073432,172.217.194.0-255,5738,328048,64,357502
322,0.073438,172.31.40.0-255,66,328114,64,357502
323,0.075643,172.217.194.0-255,5738,333852,64,357502
324,0.07565,172.31.40.0-255,66,333918,64,357502
325,0.077866,172.217.194.0-255,5738,339656,64,357502
326,0.077872,172.31.40.0-255,66,339722,64,357502
327,0.080119,172.217.194.0-255,5738,345460,64,357502
328,0.080124,172.31.40.0-255,66,345526,64,357502
329,0.082313,172.217.194.0-255,5738,351264,64,357502
330,0.082318,172.31.40.0-255,66,351330,64,357502
331,0.084511,172.217.194.0-255,5738,357068,64,357502
332,0.084517,172.31.40.0-255,66,357134,64,357502
333,0.086685,172.217.194.0-255,131,357265,64,357502
334,0.086794,172.31.40.0-255,66,357331,64,357502
335,0.086829,172.31.40.0-255,105,357436,64,357502
336,0.089002,172.217.194.0-255,66,357502,64,357502
337,0.0,172.217.194.0-255,156,156,64,307314
338,1.9e-05,172.31.40.0-255,66,222,64,307314
339,2.6e-05,172.217.194.0-255,1484,1706,64,307314
340,3e-05,172.31.40.0-255,66,1772,64,307314
341,3.7e-05,172.217.194.0-255,2902,4674,64,307314
342,4.1e-05,172.31.40.0-255,66,4740,64,307314
343,4.9e-05,172.217.194.0-255,7156,11896,64,307314
344,5.1e-05,172.31.40.0-255,66,11962,64,307314
345,5.5e-05,172.217.194.0-255,2029,13991,64,307314
346,5.7e-05,172.31.40.0-255,66,14057,64,307314
347,0.000229,172.217.194.0-255,1484,15541,64,307314
348,0.000233,172.31.40.0-255,66,15607,64,307314
349,0.000239,172.217.194.0-255,2902,18509,64,307314
350,0.000241,172.31.40.0-255,66,18575,64,307314
351,0.000244,172.217.194.0-255,1484,20059,64,307314
352,0.000246,172.31.40.0-255,66,20125,64,307314
353,0.000276,172.217.194.0-255,4320,24445,64,307314
354,0.000279,172.31.40.0-255,66,24511,64,307314
355,0.000284,172.217.194.0-255,4320,28831,64,307314
356,0.000286,172.31.40.0-255,66,28897,64,307314
357,0.000291,172.217.194.0-255,4320,33217,64,307314
358,0.000293,172.31.40.0-255,66,33283,64,307314
359,0.000317,172.31.40.0-255,66,33349,64,307314
360,0.000329,172.31.40.0-255,66,33415,64,307314
361,0.000349,172.217.194.0-255,4320,37735,64,307314
362,0.000351,172.31.40.0-255,66,37801,64,307314
363,0.000355,172.217.194.0-255,2902,40703,64,307314
364,0.000357,172.31.40.0-255,66,40769,64,307314
365,0.000381,172.217.194.0-255,6438,47207,64,307314
366,0.000384,172.31.40.0-255,66,47273,64,307314
367,0.000386,172.217.194.0-255,409,47682,64,307314
368,0.00057,172.217.194.0-255,1484,49166,64,307314
369,0.000576,172.31.40.0-255,66,49232,64,307314
370,0.000579,172.217.194.0-255,1484,50716,64,307314
371,0.000595,172.217.194.0-255,1484,52200,64,307314
372,0.000601,172.217.194.0-255,5738,57938,64,307314
373,0.000605,172.31.40.0-255,66,58004,64,307314
374,0.000608,172.31.40.0-255,66,58070,64,307314
375,0.00062,172.217.194.0-255,1484,59554,64,307314
376,0.000648,172.31.40.0-255,66,59620,64,307314
377,0.000683,172.31.40.0-255,66,59686,64,307314
378,0.000685,172.217.194.0-255,365,60051,64,307314
379,0.000785,172.217.194.0-255,1484,61535,64,307314
380,0.000789,172.217.194.0-255,2902,64437,64,307314
381,0.000794,172.31.40.0-255,66,64503,64,307314
382,0.000797,172.31.40.0-255,66,64569,64,307314
383,0.00082,172.217.194.0-255,5738,70307,64,307314
384,0.000823,172.31.40.0-255,66,70373,64,307314
385,0.000826,172.217.194.0-255,1484,71857,64,307314
386,0.000861,172.31.40.0-255,66,71923,64,307314
387,0.000869,172.217.194.0-255,7156,79079,64,307314
388,0.000871,172.31.40.0-255,66,79145,64,307314
389,0.00089,172.217.194.0-255,3602,82747,64,307314
390,0.000892,172.31.40.0-255,66,82813,64,307314
391,0.001014,172.217.194.0-255,1484,84297,64,307314
392,0.001018,172.217.194.0-255,2902,87199,64,307314
393,0.001021,172.31.40.0-255,66,87265,64,307314
394,0.001025,172.217.194.0-255,4320,91585,64,307314
395,0.001027,172.31.40.0-255,66,91651,64,307314
396,0.001037,172.217.194.0-255,1484,93135,64,307314
397,0.001049,172.217.194.0-255,2902,96037,64,307314
398,0.00105,172.31.40.0-255,66,96103,64,307314
399,0.001081,172.31.40.0-255,66,96169,64,307314
400,0.001087,172.217.194.0-255,7156,103325,64,307314
401,0.001089,172.31.40.0-255,66,103391,64,307314
402,0.0011,172.217.194.0-255,2902,106293,64,307314
403,0.001102,172.31.40.0-255,66,106359,64,307314
404,0.001121,172.217.194.0-255,766,107125,64,307314
405,0.001583,172.217.194.0-255,1484,108609,64,307314
406,0.001586,172.31.40.0-255,66,108675,64,307314
407,0.001591,172.217.194.0-255,2902,111577,64,307314
408,0.001593,172.31.40.0-255,66,111643,64,307314
409,0.001608,172.217.194.0-255,5738,117381,64,307314
410,0.00161,172.31.40.0-255,66,117447,64,307314
411,0.001619,172.217.194.0-255,1484,118931,64,307314
412,0.001633,172.217.194.0-255,7156,126087,64,307314
413,0.001635,172.31.40.0-255,66,126153,64,307314
414,0.001652,172.217.194.0-255,2902,129055,64,307314
415,0.001654,172.31.40.0-255,66,129121,64,307314
416,0.001661,172.217.194.0-255,7156,136277,64,307314
417,0.001663,172.31.40.0-255,66,136343,64,307314
418,0.001688,172.217.194.0-255,5020,141363,64,307314
419,0.001691,172.31.40.0-255,66,141429,64,307314
420,0.002132,172.217.194.0-255,1484,142913,64,307314
421,0.002136,172.217.194.0-255,1484,144397,64,307314
422,0.00214,172.31.40.0-255,66,144463,64,307314
423,0.002149,172.217.194.0-255,1484,145947,64,307314
424,0.002152,172.217.194.0-255,1484,147431,64,307314
425,0.002153,172.31.40.0-255,66,147497,64,307314
426,0.002167,172.217.194.0-255,4320,151817,64,307314
427,0.002169,172.31.40.0-255,66,151883,64,307314
428,0.002181,172.217.194.0-255,2902,154785,64,307314
429,0.002183,172.31.40.0-255,66,154851,64,307314
430,0.002209,172.31.40.0-255,66,154917,64,307314
431,0.002253,172.31.40.0-255,66,154983,64,307314
432,0.002282,172.31.40.0-255,66,155049,64,307314
433,0.0023,172.217.194.0-255,2902,157951,64,307314
434,0.002302,172.31.40.0-255,66,158017,64,307314
435,0.002341,172.31.40.0-255,66,158083,64,307314
436,0.002403,172.217.194.0-255,4320,162403,64,307314
437,0.002406,172.31.40.0-255,66,162469,64,307314
438,0.002434,172.31.40.0-255,66,162535,64,307314
439,0.002452,172.217.194.0-255,2184,164719,64,307314
440,0.002454,172.31.40.0-255,66,164785,64,307314
441,0.004723,172.217.194.0-255,2902,167687,64,307314
442,0.004739,172.31.40.0-255,66,167753,64,307314
443,0.004759,172.217.194.0-255,2902,170655,64,307314
444,0.004761,172.31.40.0-255,66,170721,64,307314
445,0.007106,172.217.194.0-255,5738,176459,64,307314
446,0.007119,172.31.40.0-255,66,176525,64,307314
447,0.009426,172.217.194.0-255,5738,182263,64,307314
448,0.009434,172.31.40.0-255,66,182329,64,307314
449,0.011727,172.217.194.0-255,5738,188067,64,307314
450,0.01173,172.31.40.0-255,66,188133,64,307314
451,0.014043,172.217.194.0-255,5738,193871,64,307314
452,0.01405,172.31.40.0-255,66,193937,64,307314
453,0.016366,172.217.194.0-255,5738,199675,64,307314
454,0.016381,172.31.40.0-255,66,199741,64,307314
455,0.018718,172.217.194.0-255,5738,205479,64,307314
456,0.018732,172.31.40.0-255,66,205545,64,307314
457,0.021043,172.217.194.0-255,5738,211283,64,307314
458,0.021051,172.31.40.0-255,66,211349,64,307314
459,0.023375,172.217.194.0-255,4320,215669,64,307314
460,0.023383,172.31.40.0-255,66,215735,64,307314
461,0.023403,172.217.194.0-255,1484,217219,64,307314
462,0.025692,172.217.194.0-255,4320,221539,64,307314
463,0.025699,172.31.40.0-255,66,221605,64,307314
464,0.028017,172.217.194.0-255,5738,227343,64,307314
465,0.028036,172.31.40.0-255,66,227409,64,307314
466,0.030341,172.217.194.0-255,4320,231729,64,307314
467,0.03035,172.31.40.0-255,66,231795,64,307314
468,0.030373,172.217.194.0-255,1484,233279,64,307314
469,0.032653,172.217.194.0-255,4320,237599,64,307314
470,0.032661,172.31.40.0-255,66,237665,64,307314
471,0.034969,172.217.194.0-255,5738,243403,64,307314
472,0.034987,172.31.40.0-255,66,243469,64,307314
473,0.037292,172.217.194.0-255,5738,249207,64,307314
474,0.037302,172.31.40.0-255,66,249273,64,307314
475,0.039626,172.217.194.0-255,5738,255011,64,307314
476,0.03964,172.31.40.0-255,66,255077,64,307314
477,0.041966,172.217.194.0-255,5738,260815,64,307314
478,0.041983,172.31.40.0-255,66,260881,64,307314
479,0.044301,172.217.194.0-255,5738,266619,64,307314
480,0.044308,172.31.40.0-255,66,266685,64,307314
481,0.046611,172.217.194.0-255,5738,272423,64,307314
482,0.046623,172.31.40.0-255,66,272489,64,307314
483,0.048946,172.217.194.0-255,5738,278227,64,307314
484,0.048958,172.31.40.0-255,66,278293,64,307314
485,0.051262,172.217.194.0-255,5738,284031,64,307314
486,0.05127,172.31.40.0-255,66,284097,64,307314
487,0.051412,172.31.40.0-255,171,284268,64,307314
488,0.051441,172.31.40.0-255,1136,285404,64,307314
489,0.051562,172.31.40.0-255,1514,286918,64,307314
490,0.051565,172.31.40.0-255,1272,288190,64,307314
491,0.052954,104.244.42.0-255,66,288256,64,307314
492,0.052997,104.244.42.0-255,66,288322,64,307314
493,0.053094,104.244.42.0-255,66,288388,64,307314
494,0.053566,172.217.194.0-255,5738,294126,64,307314
495,0.053573,172.31.40.0-255,66,294192,64,307314
496,0.055911,172.217.194.0-255,5738,299930,64,307314
497,0.055921,172.31.40.0-255,66,299996,64,307314
498,0.058262,172.217.194.0-255,5738,305734,64,307314
499,0.05828,172.31.40.0-255,66,305800,64,307314
500,0.060589,172.217.194.0-255,1277,307077,64,307314
501,0.060846,172.31.40.0-255,66,307143,64,307314
502,0.06089,172.31.40.0-255,105,307248,64,307314
503,0.063191,172.217.194.0-255,66,307314,64,307314
504,0.0,74.125.68.0-255,298,298,64,353559
505,2.3e-05,172.31.40.0-255,66,364,64,353559
506,3e-05,74.125.68.0-255,1484,1848,64,353559
507,3.5e-05,172.31.40.0-255,66,1914,64,353559
508,3.8e-05,74.125.68.0-255,1484,3398,64,353559
509,4.9e-05,172.31.40.0-255,66,3464,64,353559
510,5.6e-05,74.125.68.0-255,4320,7784,64,353559
511,6e-05,172.31.40.0-255,66,7850,64,353559
512,0.000101,74.125.68.0-255,6193,14043,64,353559
513,0.000105,172.31.40.0-255,66,14109,64,353559
514,0.000195,74.125.68.0-255,1484,15593,64,353559
515,0.000199,172.31.40.0-255,66,15659,64,353559
516,0.000227,74.125.68.0-255,2902,18561,64,353559
517,0.00023,172.31.40.0-255,66,18627,64,353559
518,0.000236,74.125.68.0-255,4320,22947,64,353559
519,0.000238,172.31.40.0-255,66,23013,64,353559
520,0.000245,74.125.68.0-255,5738,28751,64,353559
521,0.000247,172.31.40.0-255,66,28817,64,353559
522,0.000291,74.125.68.0-255,6797,35614,64,353559
523,0.000294,172.31.40.0-255,66,35680,64,353559
524,0.000323,74.125.68.0-255,7156,42836,64,353559
525,0.000326,172.31.40.0-255,66,42902,64,353559
526,0.000332,74.125.68.0-255,4320,47222,64,353559
527,0.000335,172.31.40.0-255,66,47288,64,353559
528,0.000338,74.125.68.0-255,1484,48772,64,353559
529,0.00034,172.31.40.0-255,66,48838,64,353559
530,0.000373,74.125.68.0-255,4320,53158,64,353559
531,0.000376,172.31.40.0-255,66,53224,64,353559
532,0.000387,172.31.40.0-255,66,53290,64,353559
533,0.000415,74.125.68.0-255,2902,56192,64,353559
534,0.000418,172.31.40.0-255,66,56258,64,353559
535,0.000421,74.125.68.0-255,766,57024,64,353559
536,0.000426,74.125.68.0-255,360,57384,64,353559
537,0.000524,74.125.68.0-255,134,57518,64,353559
538,0.000563,74.125.68.0-255,346,57864,64,353559
539,0.000909,74.125.68.0-255,1484,59348,64,353559
540,0.000914,74.125.68.0-255,1484,60832,64,353559
541,0.000926,172.31.40.0-255,66,60898,64,353559
542,0.000936,74.125.68.0-255,1484,62382,64,353559
543,0.000945,74.125.68.0-255,4320,66702,64,353559
544,0.00095,74.125.68.0-255,4320,71022,64,353559
545,0.000959,74.125.68.0-255,1484,72506,64,353559
546,0.000988,74.125.68.0-255,4320,76826,64,353559
547,0.000994,172.31.40.0-255,66,76892,64,353559
548,0.001026,74.125.68.0-255,7156,84048,64,353559
549,0.001033,74.125.68.0-255,4320,88368,64,353559
550,0.001049,74.125.68.0-255,2902,91270,64,353559
551,0.001064,74.125.68.0-255,766,92036,64,353559
552,0.001076,172.31.40.0-255,66,92102,64,353559
553,0.002168,74.125.68.0-255,1484,93586,64,353559
554,0.002176,74.125.68.0-255,2902,96488,64,353559
555,0.00218,172.31.40.0-255,66,96554,64,353559
556,0.002208,74.125.68.0-255,5738,102292,64,353559
557,0.002211,74.125.68.0-255,2902,105194,64,353559
558,0.002226,74.125.68.0-255,2902,108096,64,353559
559,0.002238,74.125.68.0-255,1484,109580,64,353559
560,0.002242,74.125.68.0-255,2902,112482,64,353559
561,0.002269,74.125.68.0-255,5738,118220,64,353559
562,0.002275,74.125.68.0-255,5738,123958,64,353559
563,0.002306,74.125.68.0-255,2184,126142,64,353559
564,0.00555,172.31.40.0-255,66,126208,64,353559
565,0.00791,74.125.68.0-255,5738,131946,64,353559
566,0.007915,172.31.40.0-255,66,132012,64,353559
567,0.010261,74.125.68.0-255,2902,134914,64,353559
568,0.010268,172.31.40.0-255,66,134980,64,353559
569,0.010299,74.125.68.0-255,2902,137882,64,353559
570,0.012403,172.31.40.0-255,66,137948,64,353559
571,0.012634,74.125.68.0-255,2902,140850,64,353559
572,0.012641,172.31.40.0-255,66,140916,64,353559
573,0.014757,74.125.68.0-255,2902,143818,64,353559
574,0.01477,172.31.40.0-255,66,143884,64,353559
575,0.014972,74.125.68.0-255,2902,146786,64,353559
576,0.014977,172.31.40.0-255,66,146852,64,353559
577,0.017119,74.125.68.0-255,2902,149754,64,353559
578,0.017127,172.31.40.0-255,66,149820,64,353559
579,0.017313,74.125.68.0-255,2902,152722,64,353559
580,0.017318,172.31.40.0-255,66,152788,64,353559
581,0.019477,74.125.68.0-255,2902,155690,64,353559
582,0.019483,172.31.40.0-255,66,155756,64,353559
583,0.019652,74.125.68.0-255,2902,158658,64,353559
584,0.019657,172.31.40.0-255,66,158724,64,353559
585,0.02185,74.125.68.0-255,2902,161626,64,353559
586,0.021856,172.31.40.0-255,66,161692,64,353559
587,0.022019,74.125.68.0-255,2902,164594,64,353559
588,0.022024,172.31.40.0-255,66,164660,64,353559
589,0.024202,74.125.68.0-255,2902,167562,64,353559
590,0.02421,172.31.40.0-255,66,167628,64,353559
591,0.024363,74.125.68.0-255,2902,170530,64,353559
592,0.024367,172.31.40.0-255,66,170596,64,353559
593,0.026553,74.125.68.0-255,2902,173498,64,353559
594,0.02656,172.31.40.0-255,66,173564,64,353559
595,0.026698,74.125.68.0-255,2902,176466,64,353559
596,0.028397,172.31.40.0-255,66,176532,64,353559
597,0.028911,74.125.68.0-255,2902,179434,64,353559
598,0.028916,172.31.40.0-255,66,179500,64,353559
599,0.030755,74.125.68.0-255,2902,182402,64,353559
600,0.030761,172.31.40.0-255,66,182468,64,353559
601,0.031259,74.125.68.0-255,2902,185370,64,353559
602,0.031265,172.31.40.0-255,66,185436,64,353559
603,0.033112,74.125.68.0-255,2902,188338,64,353559
604,0.03312,172.31.40.0-255,66,188404,64,353559
605,0.033626,74.125.68.0-255,2902,191306,64,353559
606,0.033633,172.31.40.0-255,66,191372,64,353559
607,0.035534,74.125.68.0-255,2902,194274,64,353559
608,0.035542,172.31.40.0-255,66,194340,64,353559
609,0.035982,74.125.68.0-255,2902,197242,64,353559
610,0.035989,172.31.40.0-255,66,197308,64,353559
611,0.036099,172.31.40.0-255,171,197479,64,353559
612,0.036126,172.31.40.0-255,1137,198616,64,353559
613,0.036181,172.31.40.0-255,1514,200130,64,353559
614,0.036183,172.31.40.0-255,1271,201401,64,353559
615,0.037622,104.244.42.0-255,66,201467,64,353559
616,0.037663,104.244.42.0-255,66,201533,64,353559
617,0.037738,104.244.42.0-255,66,201599,64,353559
618,0.037885,74.125.68.0-255,2902,204501,64,353559
619,0.037892,172.31.40.0-255,66,204567,64,353559
620,0.038351,74.125.68.0-255,2902,207469,64,353559
621,0.038357,172.31.40.0-255,66,207535,64,353559
622,0.040243,74.125.68.0-255,2902,210437,64,353559
623,0.04025,172.31.40.0-255,66,210503,64,353559
624,0.040742,74.125.68.0-255,2902,213405,64,353559
625,0.040748,172.31.40.0-255,66,213471,64,353559
626,0.042603,74.125.68.0-255,2902,216373,64,353559
627,0.042609,172.31.40.0-255,66,216439,64,353559
628,0.043091,74.125.68.0-255,2902,219341,64,353559
629,0.043097,172.31.40.0-255,66,219407,64,353559
630,0.044972,74.125.68.0-255,2902,222309,64,353559
631,0.044979,172.31.40.0-255,66,222375,64,353559
632,0.045455,74.125.68.0-255,2902,225277,64,353559
633,0.045461,172.31.40.0-255,66,225343,64,353559
634,0.04733,74.125.68.0-255,2902,228245,64,353559
635,0.047336,172.31.40.0-255,66,228311,64,353559
636,0.047801,74.125.68.0-255,2902,231213,64,353559
637,0.047824,172.31.40.0-255,66,231279,64,353559
638,0.049697,74.125.68.0-255,2902,234181,64,353559
639,0.049704,172.31.40.0-255,66,234247,64,353559
640,0.050181,74.125.68.0-255,2902,237149,64,353559
641,0.050188,172.31.40.0-255,66,237215,64,353559
642,0.05206,74.125.68.0-255,2902,240117,64,353559
643,0.052067,172.31.40.0-255,66,240183,64,353559
644,0.052536,74.125.68.0-255,1484,241667,64,353559
645,0.052555,74.125.68.0-255,1484,243151,64,353559
646,0.05256,172.31.40.0-255,66,243217,64,353559
647,0.054461,74.125.68.0-255,2902,246119,64,353559
648,0.054897,74.125.68.0-255,2902,249021,64,353559
649,0.056585,172.31.40.0-255,66,249087,64,353559
650,0.058961,74.125.68.0-255,5738,254825,64,353559
651,0.058979,172.31.40.0-255,66,254891,64,353559
652,0.061356,74.125.68.0-255,5738,260629,64,353559
653,0.061374,172.31.40.0-255,66,260695,64,353559
654,0.063758,74.125.68.0-255,5738,266433,64,353559
655,0.063766,172.31.40.0-255,66,266499,64,353559
656,0.066135,74.125.68.0-255,5738,272237,64,353559
657,0.066152,172.31.40.0-255,66,272303,64,353559
658,0.068543,74.125.68.0-255,5738,278041,64,353559
659,0.068561,172.31.40.0-255,66,278107,64,353559
660,0.070935,74.125.68.0-255,5738,283845,64,353559
661,0.07095,172.31.40.0-255,66,283911,64,353559
662,0.073321,74.125.68.0-255,5738,289649,64,353559
663,0.073338,172.31.40.0-255,66,289715,64,353559
664,0.075727,74.125.68.0-255,5738,295453,64,353559
665,0.075746,172.31.40.0-255,66,295519,64,353559
666,0.078127,74.125.68.0-255,5738,301257,64,353559
667,0.078144,172.31.40.0-255,66,301323,64,353559
668,0.080511,74.125.68.0-255,5738,307061,64,353559
669,0.080528,172.31.40.0-255,66,307127,64,353559
670,0.082909,74.125.68.0-255,5738,312865,64,353559
671,0.082928,172.31.40.0-255,66,312931,64,353559
672,0.085295,74.125.68.0-255,5738,318669,64,353559
673,0.085313,172.31.40.0-255,66,318735,64,353559
674,0.087697,74.125.68.0-255,5738,324473,64,353559
675,0.087712,172.31.40.0-255,66,324539,64,353559
676,0.09008,74.125.68.0-255,5738,330277,64,353559
677,0.090087,172.31.40.0-255,66,330343,64,353559
678,0.092455,74.125.68.0-255,5738,336081,64,353559
679,0.092478,172.31.40.0-255,66,336147,64,353559
680,0.094844,74.125.68.0-255,5738,341885,64,353559
681,0.094857,172.31.40.0-255,66,341951,64,353559
682,0.097208,74.125.68.0-255,5738,347689,64,353559
683,0.097215,172.31.40.0-255,66,347755,64,353559
684,0.099579,74.125.68.0-255,5738,353493,64,353559
685,0.09959,172.31.40.0-255,66,353559,64,353559
686,0.0,74.125.200.0-255,153,153,64,383974
687,2.3e-05,172.31.40.0-255,66,219,64,383974
688,3e-05,74.125.200.0-255,1484,1703,64,383974
689,3.5e-05,172.31.40.0-255,66,1769,64,383974
690,3.8e-05,74.125.200.0-255,1484,3253,64,383974
691,4.1e-05,172.31.40.0-255,66,3319,64,383974
692,4.7e-05,74.125.200.0-255,2902,6221,64,383974
693,5e-05,172.31.40.0-255,66,6287,64,383974
694,5.7e-05,74.125.200.0-255,5738,12025,64,383974
695,5.9e-05,172.31.40.0-255,66,12091,64,383974
696,8.4e-05,74.125.200.0-255,6276,18367,64,383974
697,8.7e-05,172.31.40.0-255,66,18433,64,383974
698,9.4e-05,74.125.200.0-255,5738,24171,64,383974
699,9.6e-05,172.31.40.0-255,66,24237,64,383974
700,0.000111,74.125.200.0-255,1484,25721,64,383974
701,0.000113,172.31.40.0-255,66,25787,64,383974
702,0.00014,74.125.200.0-255,5379,31166,64,383974
703,0.000143,172.31.40.0-255,66,31232,64,383974
704,0.000217,74.125.200.0-255,1484,32716,64,383974
705,0.000221,172.31.40.0-255,66,32782,64,383974
706,0.000239,74.125.200.0-255,2902,35684,64,383974
707,0.000241,172.31.40.0-255,66,35750,64,383974
708,0.000258,74.125.200.0-255,5738,41488,64,383974
709,0.00026,172.31.40.0-255,66,41554,64,383974
710,0.000287,74.125.200.0-255,5738,47292,64,383974
711,0.00029,172.31.40.0-255,66,47358,64,383974
712,0.000328,74.125.200.0-255,4320,51678,64,383974
713,0.000331,172.31.40.0-255,66,51744,64,383974
714,0.000356,74.125.200.0-255,2543,54287,64,383974
715,0.000359,172.31.40.0-255,66,54353,64,383974
716,0.000364,74.125.200.0-255,4320,58673,64,383974
717,0.000366,172.31.40.0-255,66,58739,64,383974
718,0.000386,74.125.200.0-255,2902,61641,64,383974
719,0.000388,172.31.40.0-255,66,61707,64,383974
720,0.000393,74.125.200.0-255,4234,65941,64,383974
721,0.000395,172.31.40.0-255,66,66007,64,383974
722,0.000816,74.125.200.0-255,127,66134,64,383974
723,0.001041,172.31.40.0-255,66,66200,64,383974
724,0.001119,74.125.200.0-255,1484,67684,64,383974
725,0.001127,74.125.200.0-255,2902,70586,64,383974
726,0.00113,172.31.40.0-255,66,70652,64,383974
727,0.001152,74.125.200.0-255,1484,72136,64,383974
728,0.001167,74.125.200.0-255,1484,73620,64,383974
729,0.001169,172.31.40.0-255,66,73686,64,383974
730,0.001175,74.125.200.0-255,4320,78006,64,383974
731,0.001177,172.31.40.0-255,66,78072,64,383974
732,0.001187,172.31.40.0-255,66,78138,64,383974
733,0.001194,74.125.200.0-255,7156,85294,64,383974
734,0.001196,172.31.40.0-255,66,85360,64,383974
735,0.001231,74.125.200.0-255,1484,86844,64,383974
736,0.001254,74.125.200.0-255,5020,91864,64,383974
737,0.001256,172.31.40.0-255,66,91930,64,383974
738,0.001272,74.125.200.0-255,4320,96250,64,383974
739,0.001274,172.31.40.0-255,66,96316,64,383974
740,0.001291,74.125.200.0-255,2902,99218,64,383974
741,0.001293,172.31.40.0-255,66,99284,64,383974
742,0.001301,74.125.200.0-255,7156,106440,64,383974
743,0.001303,172.31.40.0-255,66,106506,64,383974
744,0.001351,74.125.200.0-255,4320,110826,64,383974
745,0.001354,172.31.40.0-255,66,110892,64,383974
746,0.001369,74.125.200.0-255,1484,112376,64,383974
747,0.001377,74.125.200.0-255,7156,119532,64,383974
748,0.001379,172.31.40.0-255,66,119598,64,383974
749,0.001426,74.125.200.0-255,6438,126036,64,383974
750,0.001429,172.31.40.0-255,66,126102,64,383974
751,0.001436,74.125.200.0-255,7156,133258,64,383974
752,0.001438,172.31.40.0-255,66,133324,64,383974
753,0.001441,74.125.200.0-255,1484,134808,64,383974
754,0.001472,74.125.200.0-255,1484,136292,64,383974
755,0.001474,172.31.40.0-255,66,136358,64,383974
756,0.001498,74.125.200.0-255,1484,137842,64,383974
757,0.001505,74.125.200.0-255,5738,143580,64,383974
758,0.001508,172.31.40.0-255,66,143646,64,383974
759,0.001515,74.125.200.0-255,7156,150802,64,383974
760,0.001517,172.31.40.0-255,66,150868,64,383974
761,0.001554,172.31.40.0-255,66,150934,64,383974
762,0.001581,74.125.200.0-255,766,151700,64,383974
763,0.001689,74.125.200.0-255,1484,153184,64,383974
764,0.001694,172.31.40.0-255,66,153250,64,383974
765,0.001711,74.125.200.0-255,1484,154734,64,383974
766,0.001726,74.125.200.0-255,1484,156218,64,383974
767,0.001728,172.31.40.0-255,66,156284,64,383974
768,0.001736,74.125.200.0-255,5738,162022,64,383974
769,0.001739,172.31.40.0-255,66,162088,64,383974
770,0.001742,74.125.200.0-255,1484,163572,64,383974
771,0.001764,74.125.200.0-255,1484,165056,64,383974
772,0.001766,172.31.40.0-255,66,165122,64,383974
773,0.001772,74.125.200.0-255,4320,169442,64,383974
774,0.001774,172.31.40.0-255,66,169508,64,383974
775,0.001777,74.125.200.0-255,1484,170992,64,383974
776,0.001797,74.125.200.0-255,7156,178148,64,383974
777,0.001801,172.31.40.0-255,66,178214,64,383974
778,0.001805,74.125.200.0-255,2902,181116,64,383974
779,0.001808,172.31.40.0-255,66,181182,64,383974
780,0.001853,74.125.200.0-255,5020,186202,64,383974
781,0.001857,172.31.40.0-255,66,186268,64,383974
782,0.001953,74.125.200.0-255,1484,187752,64,383974
783,0.00196,74.125.200.0-255,2902,190654,64,383974
784,0.001963,172.31.40.0-255,66,190720,64,383974
785,0.00197,74.125.200.0-255,5738,196458,64,383974
786,0.001973,172.31.40.0-255,66,196524,64,383974
787,0.002011,172.31.40.0-255,66,196590,64,383974
788,0.002059,74.125.200.0-255,4320,200910,64,383974
789,0.002063,172.31.40.0-255,66,200976,64,383974
790,0.002085,74.125.200.0-255,6438,207414,64,383974
791,0.002088,172.31.40.0-255,66,207480,64,383974
792,0.002126,74.125.200.0-255,5738,213218,64,383974
793,0.002129,172.31.40.0-255,66,213284,64,383974
794,0.002149,74.125.200.0-255,2902,216186,64,383974
795,0.002151,172.31.40.0-255,66,216252,64,383974
796,0.002156,74.125.200.0-255,2902,219154,64,383974
797,0.002158,172.31.40.0-255,66,219220,64,383974
798,0.002189,74.125.200.0-255,4320,223540,64,383974
799,0.002192,172.31.40.0-255,66,223606,64,383974
800,0.002227,74.125.200.0-255,2902,226508,64,383974
801,0.00223,172.31.40.0-255,66,226574,64,383974
802,0.002258,74.125.200.0-255,5738,232312,64,383974
803,0.002261,172.31.40.0-255,66,232378,64,383974
804,0.002271,172.31.40.0-255,66,232444,64,383974
805,0.002287,74.125.200.0-255,1484,233928,64,383974
806,0.00229,74.125.200.0-255,1484,235412,64,383974
807,0.002292,172.31.40.0-255,66,235478,64,383974
808,0.002311,74.125.200.0-255,1484,236962,64,383974
809,0.002314,74.125.200.0-255,1484,238446,64,383974
810,0.002315,172.31.40.0-255,66,238512,64,383974
811,0.002337,74.125.200.0-255,4320,242832,64,383974
812,0.00234,172.31.40.0-255,66,242898,64,383974
813,0.002359,74.125.200.0-255,5738,248636,64,383974
814,0.002362,172.31.40.0-255,66,248702,64,383974
815,0.002369,74.125.200.0-255,7156,255858,64,383974
816,0.002371,172.31.40.0-255,66,255924,64,383974
817,0.002402,74.125.200.0-255,4320,260244,64,383974
818,0.002423,74.125.200.0-255,6438,266682,64,383974
819,0.002469,74.125.200.0-255,1484,268166,64,383974
820,0.002473,74.125.200.0-255,1484,269650,64,383974
821,0.002483,74.125.200.0-255,1484,271134,64,383974
822,0.002525,74.125.200.0-255,1484,272618,64,383974
823,0.002541,74.125.200.0-255,2902,275520,64,383974
824,0.002547,74.125.200.0-255,5738,281258,64,383974
825,0.002559,74.125.200.0-255,4320,285578,64,383974
826,0.002571,74.125.200.0-255,2902,288480,64,383974
827,0.008101,172.31.40.0-255,66,288546,64,383974
828,0.009696,172.31.40.0-255,101,288647,64,383974
829,0.010633,74.125.200.0-255,5738,294385,64,383974
830,0.010639,172.31.40.0-255,66,294451,64,383974
831,0.012186,74.125.200.0-255,66,294517,64,383974
832,0.013187,74.125.200.0-255,5738,300255,64,383974
833,0.013193,172.31.40.0-255,66,300321,64,383974
834,0.015743,74.125.200.0-255,5738,306059,64,383974
835,0.015752,172.31.40.0-255,66,306125,64,383974
836,0.018305,74.125.200.0-255,5738,311863,64,383974
837,0.018315,172.31.40.0-255,66,311929,64,383974
838,0.020843,74.125.200.0-255,1484,313413,64,383974
839,0.02086,74.125.200.0-255,2902,316315,64,383974
840,0.020864,172.31.40.0-255,66,316381,64,383974
841,0.020879,74.125.200.0-255,1484,317865,64,383974
842,0.023397,74.125.200.0-255,4320,322185,64,383974
843,0.023405,172.31.40.0-255,66,322251,64,383974
844,0.025939,74.125.200.0-255,5738,327989,64,383974
845,0.025946,172.31.40.0-255,66,328055,64,383974
846,0.028494,74.125.200.0-255,5738,333793,64,383974
847,0.0285,172.31.40.0-255,66,333859,64,383974
848,0.031031,74.125.200.0-255,5738,339597,64,383974
849,0.031037,172.31.40.0-255,66,339663,64,383974
850,0.033414,172.31.40.0-255,172,339835,64,383974
851,0.033447,172.31.40.0-255,1112,340947,64,383974
852,0.033503,172.31.40.0-255,1514,342461,64,383974
853,0.033505,172.31.40.0-255,1296,343757,64,383974
854,0.03356,74.125.200.0-255,5738,349495,64,383974
855,0.033565,172.31.40.0-255,66,349561,64,383974
856,0.035036,104.244.42.0-255,66,349627,64,383974
857,0.035045,104.244.42.0-255,66,349693,64,383974
858,0.035136,104.244.42.0-255,66,349759,64,383974
859,0.036104,74.125.200.0-255,5738,355497,64,383974
860,0.036111,172.31.40.0-255,66,355563,64,383974
861,0.038663,74.125.200.0-255,5738,361301,64,383974
862,0.038669,172.31.40.0-255,66,361367,64,383974
863,0.041235,74.125.200.0-255,5738,367105,64,383974
864,0.041242,172.31.40.0-255,66,367171,64,383974
865,0.043758,74.125.200.0-255,1484,368655,64,383974
866,0.043781,74.125.200.0-255,4320,372975,64,383974
867,0.043786,172.31.40.0-255,66,373041,64,383974
868,0.046326,74.125.200.0-255,5738,378779,64,383974
869,0.046331,172.31.40.0-255,66,378845,64,383974
870,0.04888,74.125.200.0-255,4892,383737,64,383974
871,0.048887,172.31.40.0-255,66,383803,64,383974
872,0.049076,172.31.40.0-255,105,383908,64,383974
873,0.057331,74.125.200.0-255,66,383974,64,383974
874,0.0,172.217.194.0-255,146,146,64,210601
875,2.3e-05,172.31.40.0-255,66,212,64,210601
876,3e-05,172.217.194.0-255,1484,1696,64,210601
877,3.4e-05,172.31.40.0-255,66,1762,64,210601
878,4e-05,172.217.194.0-255,2902,4664,64,210601
879,4.3e-05,172.31.40.0-255,66,4730,64,210601
880,5.7e-05,172.217.194.0-255,7156,11886,64,210601
881,6.1e-05,172.31.40.0-255,66,11952,64,210601
882,6.5e-05,172.217.194.0-255,1993,13945,64,210601
883,6.8e-05,172.31.40.0-255,66,14011,64,210601
884,0.000135,172.217.194.0-255,1484,15495,64,210601
885,0.000139,172.31.40.0-255,66,15561,64,210601
886,0.000145,172.217.194.0-255,2902,18463,64,210601
887,0.000147,172.31.40.0-255,66,18529,64,210601
888,0.000181,172.217.194.0-255,5738,24267,64,210601
889,0.000184,172.31.40.0-255,66,24333,64,210601
890,0.000214,172.217.194.0-255,6797,31130,64,210601
891,0.000217,172.31.40.0-255,66,31196,64,210601
892,0.000304,172.217.194.0-255,1484,32680,64,210601
893,0.000308,172.31.40.0-255,66,32746,64,210601
894,0.000311,172.217.194.0-255,1484,34230,64,210601
895,0.000313,172.31.40.0-255,66,34296,64,210601
896,0.000346,172.217.194.0-255,1484,35780,64,210601
897,0.000349,172.31.40.0-255,66,35846,64,210601
898,0.000356,172.217.194.0-255,5738,41584,64,210601
899,0.000359,172.31.40.0-255,66,41650,64,210601
900,0.00037,172.217.194.0-255,6797,48447,64,210601
901,0.000373,172.31.40.0-255,66,48513,64,210601
902,0.000392,172.217.194.0-255,1484,49997,64,210601
903,0.000394,172.31.40.0-255,66,50063,64,210601
904,0.000423,172.31.40.0-255,66,50129,64,210601
905,0.000428,172.217.194.0-255,2543,52672,64,210601
906,0.000429,172.31.40.0-255,66,52738,64,210601
907,0.000432,172.217.194.0-255,645,53383,64,210601
908,0.000597,172.217.194.0-255,1484,54867,64,210601
909,0.000602,172.217.194.0-255,2902,57769,64,210601
910,0.000607,172.31.40.0-255,66,57835,64,210601
911,0.000611,172.31.40.0-255,66,57901,64,210601
912,0.000644,172.217.194.0-255,5738,63639,64,210601
913,0.000647,172.31.40.0-255,66,63705,64,210601
914,0.000661,172.31.40.0-255,66,63771,64,210601
915,0.000666,172.217.194.0-255,4320,68091,64,210601
916,0.000668,172.31.40.0-255,66,68157,64,210601
917,0.000682,172.217.194.0-255,4320,72477,64,210601
918,0.000684,172.31.40.0-255,66,72543,64,210601
919,0.000712,172.217.194.0-255,2184,74727,64,210601
920,0.000715,172.31.40.0-255,66,74793,64,210601
921,0.00115,172.217.194.0-255,1484,76277,64,210601
922,0.001157,172.217.194.0-255,2902,79179,64,210601
923,0.00116,172.31.40.0-255,66,79245,64,210601
924,0.001167,172.217.194.0-255,4320,83565,64,210601
925,0.001169,172.31.40.0-255,66,83631,64,210601
926,0.001188,172.217.194.0-255,1484,85115,64,210601
927,0.001207,172.31.40.0-255,66,85181,64,210601
928,0.001234,172.217.194.0-255,4320,89501,64,210601
929,0.001237,172.31.40.0-255,66,89567,64,210601
930,0.001271,172.217.194.0-255,6438,96005,64,210601
931,0.001274,172.31.40.0-255,66,96071,64,210601
932,0.001385,172.217.194.0-255,1484,97555,64,210601
933,0.001388,172.217.194.0-255,1484,99039,64,210601
934,0.001395,172.31.40.0-255,66,99105,64,210601
935,0.001404,172.217.194.0-255,1484,100589,64,210601
936,0.001414,172.217.194.0-255,4320,104909,64,210601
937,0.001416,172.31.40.0-255,66,104975,64,210601
938,0.001444,172.217.194.0-255,1484,106459,64,210601
939,0.001449,172.217.194.0-255,4320,110779,64,210601
940,0.001452,172.31.40.0-255,66,110845,64,210601
941,0.001469,172.31.40.0-255,66,110911,64,210601
942,0.001503,172.31.40.0-255,66,110977,64,210601
943,0.001529,172.217.194.0-255,1484,112461,64,210601
944,0.001534,172.217.194.0-255,2902,115363,64,210601
945,0.001536,172.31.40.0-255,66,115429,64,210601
946,0.001573,172.217.194.0-255,5738,121167,64,210601
947,0.001576,172.31.40.0-255,66,121233,64,210601
948,0.001583,172.217.194.0-255,7156,128389,64,210601
949,0.001586,172.31.40.0-255,66,128455,64,210601
950,0.001609,172.217.194.0-255,5738,134193,64,210601
951,0.001612,172.31.40.0-255,66,134259,64,210601
952,0.001615,172.217.194.0-255,1484,135743,64,210601
953,0.001648,172.31.40.0-255,66,135809,64,210601
954,0.001702,172.217.194.0-255,1484,137293,64,210601
955,0.00172,172.217.194.0-255,2902,140195,64,210601
956,0.001723,172.31.40.0-255,66,140261,64,210601
957,0.001758,172.217.194.0-255,5738,145999,64,210601
958,0.001762,172.31.40.0-255,66,146065,64,210601
959,0.001767,172.217.194.0-255,4320,150385,64,210601
960,0.00177,172.31.40.0-255,66,150451,64,210601
961,0.001787,172.31.40.0-255,66,150517,64,210601
962,0.001824,172.217.194.0-255,4320,154837,64,210601
963,0.001826,172.31.40.0-255,66,154903,64,210601
964,0.001859,172.217.194.0-255,3602,158505,64,210601
965,0.001861,172.31.40.0-255,66,158571,64,210601
966,0.001865,172.217.194.0-255,1484,160055,64,210601
967,0.001869,172.217.194.0-255,2902,162957,64,210601
968,0.001871,172.31.40.0-255,66,163023,64,210601
969,0.001877,172.217.194.0-255,5738,168761,64,210601
970,0.001879,172.31.40.0-255,66,168827,64,210601
971,0.001929,172.31.40.0-255,66,168893,64,210601
972,0.001941,172.31.40.0-255,66,168959,64,210601
973,0.001966,172.217.194.0-255,5020,173979,64,210601
974,0.001969,172.31.40.0-255,66,174045,64,210601
975,0.00198,172.217.194.0-255,5738,179783,64,210601
976,0.001982,172.31.40.0-255,66,179849,64,210601
977,0.002003,172.217.194.0-255,5738,185587,64,210601
978,0.002006,172.31.40.0-255,66,185653,64,210601
979,0.002019,172.217.194.0-255,7156,192809,64,210601
980,0.002021,172.31.40.0-255,66,192875,64,210601
981,0.002095,172.31.40.0-255,66,192941,64,210601
982,0.002134,172.217.194.0-255,7156,200097,64,210601
983,0.002141,172.31.40.0-255,66,200163,64,210601
984,0.00224,172.217.194.0-255,2902,203065,64,210601
985,0.002372,172.217.194.0-255,2902,205967,64,210601
986,0.002433,172.217.194.0-255,105,206072,64,210601
987,0.010514,172.31.40.0-255,66,206138,64,210601
988,0.012967,172.31.40.0-255,105,206243,64,210601
989,0.015593,172.217.194.0-255,66,206309,64,210601
990,0.036529,172.31.40.0-255,172,206481,64,210601
991,0.03656,172.31.40.0-255,1112,207593,64,210601
992,0.036623,172.31.40.0-255,1514,209107,64,210601
993,0.036625,172.31.40.0-255,1296,210403,64,210601
994,0.038088,104.244.42.0-255,66,210469,64,210601
995,0.03813,104.244.42.0-255,66,210535,64,210601
996,0.038234,104.244.42.0-255,66,210601,64,210601
997,0.0,74.125.200.0-255,143,143,64,382903
998,2.2e-05,172.31.40.0-255,66,209,64,382903
999,2.9e-05,74.125.200.0-255,1484,1693,64,382903
1000,3.4e-05,172.31.40.0-255,66,1759,64,382903
1001,4e-05,74.125.200.0-255,2902,4661,64,382903
1002,4.3e-05,172.31.40.0-255,66,4727,64,382903
1003,5.1e-05,74.125.200.0-255,7156,11883,64,382903
1004,5.6e-05,172.31.40.0-255,66,11949,64,382903
1005,0.000118,74.125.200.0-255,2029,13978,64,382903
1006,0.000123,172.31.40.0-255,66,14044,64,382903
1007,0.000127,74.125.200.0-255,2902,16946,64,382903
1008,0.00013,172.31.40.0-255,66,17012,64,382903
1009,0.000137,74.125.200.0-255,7156,24168,64,382903
1010,0.000139,172.31.40.0-255,66,24234,64,382903
1011,0.000147,74.125.200.0-255,6797,31031,64,382903
1012,0.00015,172.31.40.0-255,66,31097,64,382903
1013,0.000197,74.125.200.0-255,1484,32581,64,382903
1014,0.000199,172.31.40.0-255,66,32647,64,382903
1015,0.000215,74.125.200.0-255,2902,35549,64,382903
1016,0.000217,74.125.200.0-255,1484,37033,64,382903
1017,0.00022,172.31.40.0-255,66,37099,64,382903
1018,0.000227,172.31.40.0-255,66,37165,64,382903
1019,0.000233,74.125.200.0-255,2902,40067,64,382903
1020,0.000236,172.31.40.0-255,66,40133,64,382903
1021,0.000276,172.31.40.0-255,66,40199,64,382903
1022,0.00028,74.125.200.0-255,2902,43101,64,382903
1023,0.000282,172.31.40.0-255,66,43167,64,382903
1024,0.000306,74.125.200.0-255,1484,44651,64,382903
1025,0.000309,172.31.40.0-255,66,44717,64,382903
1026,0.000335,172.31.40.0-255,66,44783,64,382903
1027,0.000337,74.125.200.0-255,766,45549,64,382903
1028,0.000362,74.125.200.0-255,402,45951,64,382903
1029,0.000389,74.125.200.0-255,111,46062,64,382903
1030,0.000456,74.125.200.0-255,1484,47546,64,382903
1031,0.00046,172.31.40.0-255,66,47612,64,382903
1032,0.000465,74.125.200.0-255,2902,50514,64,382903
1033,0.000468,172.31.40.0-255,66,50580,64,382903
1034,0.000493,74.125.200.0-255,4320,54900,64,382903
1035,0.000495,172.31.40.0-255,66,54966,64,382903
1036,0.000515,74.125.200.0-255,2902,57868,64,382903
1037,0.000517,172.31.40.0-255,66,57934,64,382903
1038,0.000543,74.125.200.0-255,5738,63672,64,382903
1039,0.000546,172.31.40.0-255,66,63738,64,382903
1040,0.000551,74.125.200.0-255,2902,66640,64,382903
1041,0.000553,172.31.40.0-255,66,66706,64,382903
1042,0.000565,172.31.40.0-255,66,66772,64,382903
1043,0.000588,74.125.200.0-255,4320,71092,64,382903
1044,0.00059,172.31.40.0-255,66,71158,64,382903
1045,0.000593,74.125.200.0-255,766,71924,64,382903
1046,0.000638,74.125.200.0-255,329,72253,64,382903
1047,0.000792,74.125.200.0-255,1484,73737,64,382903
1048,0.000797,172.31.40.0-255,66,73803,64,382903
1049,0.000803,74.125.200.0-255,2902,76705,64,382903
1050,0.000806,172.31.40.0-255,66,76771,64,382903
1051,0.000812,74.125.200.0-255,5738,82509,64,382903
1052,0.000815,172.31.40.0-255,66,82575,64,382903
1053,0.000839,74.125.200.0-255,1484,84059,64,382903
1054,0.00086,74.125.200.0-255,4320,88379,64,382903
1055,0.000863,172.31.40.0-255,66,88445,64,382903
1056,0.000868,74.125.200.0-255,4320,92765,64,382903
1057,0.00087,172.31.40.0-255,66,92831,64,382903
1058,0.000887,74.125.200.0-255,2902,95733,64,382903
1059,0.000889,172.31.40.0-255,66,95799,64,382903
1060,0.000893,74.125.200.0-255,2902,98701,64,382903
1061,0.000895,172.31.40.0-255,66,98767,64,382903
1062,0.0009,74.125.200.0-255,4320,103087,64,382903
1063,0.000902,172.31.40.0-255,66,103153,64,382903
1064,0.000935,74.125.200.0-255,3602,106755,64,382903
1065,0.000938,172.31.40.0-255,66,106821,64,382903
1066,0.000985,74.125.200.0-255,1484,108305,64,382903
1067,0.00099,74.125.200.0-255,2902,111207,64,382903
1068,0.000993,172.31.40.0-255,66,111273,64,382903
1069,0.00101,74.125.200.0-255,2902,114175,64,382903
1070,0.001013,172.31.40.0-255,66,114241,64,382903
1071,0.001021,74.125.200.0-255,2902,117143,64,382903
1072,0.001023,172.31.40.0-255,66,117209,64,382903
1073,0.001025,74.125.200.0-255,1484,118693,64,382903
1074,0.001056,74.125.200.0-255,2902,121595,64,382903
1075,0.001059,172.31.40.0-255,66,121661,64,382903
1076,0.00108,74.125.200.0-255,5738,127399,64,382903
1077,0.001082,172.31.40.0-255,66,127465,64,382903
1078,0.001084,74.125.200.0-255,1484,128949,64,382903
1079,0.001096,74.125.200.0-255,1484,130433,64,382903
1080,0.001099,172.31.40.0-255,66,130499,64,382903
1081,0.001113,74.125.200.0-255,7156,137655,64,382903
1082,0.001116,172.31.40.0-255,66,137721,64,382903
1083,0.00114,74.125.200.0-255,3602,141323,64,382903
1084,0.001142,172.31.40.0-255,66,141389,64,382903
1085,0.001204,74.125.200.0-255,1484,142873,64,382903
1086,0.001216,74.125.200.0-255,2902,145775,64,382903
1087,0.001223,172.31.40.0-255,66,145841,64,382903
1088,0.001227,74.125.200.0-255,2902,148743,64,382903
1089,0.001229,172.31.40.0-255,66,148809,64,382903
1090,0.001241,74.125.200.0-255,1484,150293,64,382903
1091,0.001247,74.125.200.0-255,2902,153195,64,382903
1092,0.001249,172.31.40.0-255,66,153261,64,382903
1093,0.001269,74.125.200.0-255,2902,156163,64,382903
1094,0.001271,172.31.40.0-255,66,156229,64,382903
1095,0.001286,74.125.200.0-255,2902,159131,64,382903
1096,0.001288,172.31.40.0-255,66,159197,64,382903
1097,0.001312,74.125.200.0-255,4320,163517,64,382903
1098,0.001315,172.31.40.0-255,66,163583,64,382903
1099,0.001322,74.125.200.0-255,7156,170739,64,382903
1100,0.001324,172.31.40.0-255,66,170805,64,382903
1101,0.001341,74.125.200.0-255,1484,172289,64,382903
1102,0.001344,74.125.200.0-255,2902,175191,64,382903
1103,0.001346,172.31.40.0-255,66,175257,64,382903
1104,0.001371,74.125.200.0-255,766,176023,64,382903
1105,0.001545,74.125.200.0-255,1484,177507,64,382903
1106,0.001549,172.31.40.0-255,66,177573,64,382903
1107,0.001569,74.125.200.0-255,2902,180475,64,382903
1108,0.001571,172.31.40.0-255,66,180541,64,382903
1109,0.001593,74.125.200.0-255,4320,184861,64,382903
1110,0.001595,172.31.40.0-255,66,184927,64,382903
1111,0.001617,74.125.200.0-255,5738,190665,64,382903
1112,0.00162,172.31.40.0-255,66,190731,64,382903
1113,0.001639,74.125.200.0-255,2902,193633,64,382903
1114,0.001641,172.31.40.0-255,66,193699,64,382903
1115,0.001694,74.125.200.0-255,4320,198019,64,382903
1116,0.001697,172.31.40.0-255,66,198085,64,382903
1117,0.001701,74.125.200.0-255,4320,202405,64,382903
1118,0.001703,172.31.40.0-255,66,202471,64,382903
1119,0.001708,74.125.200.0-255,5738,208209,64,382903
1120,0.00171,172.31.40.0-255,66,208275,64,382903
1121,0.001731,74.125.200.0-255,2184,210459,64,382903
1122,0.001734,172.31.40.0-255,66,210525,64,382903
1123,0.001888,74.125.200.0-255,1484,212009,64,382903
1124,0.001893,74.125.200.0-255,2902,214911,64,382903
1125,0.001896,172.31.40.0-255,66,214977,64,382903
1126,0.001921,74.125.200.0-255,5738,220715,64,382903
1127,0.001923,172.31.40.0-255,66,220781,64,382903
1128,0.001957,172.31.40.0-255,66,220847,64,382903
1129,0.001963,74.125.200.0-255,5738,226585,64,382903
1130,0.001965,172.31.40.0-255,66,226651,64,382903
1131,0.001984,74.125.200.0-255,5738,232389,64,382903
1132,0.001986,172.31.40.0-255,66,232455,64,382903
1133,0.001988,74.125.200.0-255,1484,233939,64,382903
1134,0.003935,74.125.200.0-255,4320,238259,64,382903
1135,0.003941,172.31.40.0-255,66,238325,64,382903
1136,0.005894,74.125.200.0-255,5738,244063,64,382903
1137,0.005898,172.31.40.0-255,66,244129,64,382903
1138,0.00785,74.125.200.0-255,5738,249867,64,382903
1139,0.007856,172.31.40.0-255,66,249933,64,382903
1140,0.009834,74.125.200.0-255,5738,255671,64,382903
1141,0.009848,172.31.40.0-255,66,255737,64,382903
1142,0.011823,74.125.200.0-255,5738,261475,64,382903
1143,0.011835,172.31.40.0-255,66,261541,64,382903
1144,0.013799,74.125.200.0-255,5738,267279,64,382903
1145,0.013812,172.31.40.0-255,66,267345,64,382903
1146,0.015784,74.125.200.0-255,5738,273083,64,382903
1147,0.015796,172.31.40.0-255,66,273149,64,382903
1148,0.017773,74.125.200.0-255,5738,278887,64,382903
1149,0.017787,172.31.40.0-255,66,278953,64,382903
1150,0.019768,74.125.200.0-255,5738,284691,64,382903
1151,0.019782,172.31.40.0-255,66,284757,64,382903
1152,0.02176,74.125.200.0-255,5738,290495,64,382903
1153,0.021768,172.31.40.0-255,66,290561,64,382903
1154,0.023736,74.125.200.0-255,5738,296299,64,382903
1155,0.023743,172.31.40.0-255,66,296365,64,382903
1156,0.025697,74.125.200.0-255,5738,302103,64,382903
1157,0.025705,172.31.40.0-255,66,302169,64,382903
1158,0.027666,74.125.200.0-255,5738,307907,64,382903
1159,0.027675,172.31.40.0-255,66,307973,64,382903
1160,0.029641,74.125.200.0-255,5738,313711,64,382903
1161,0.029649,172.31.40.0-255,66,313777,64,382903
1162,0.031618,74.125.200.0-255,5738,319515,64,382903
1163,0.031625,172.31.40.0-255,66,319581,64,382903
1164,0.033584,74.125.200.0-255,5738,325319,64,382903
1165,0.033591,172.31.40.0-255,66,325385,64,382903
1166,0.035553,74.125.200.0-255,5738,331123,64,382903
1167,0.035559,172.31.40.0-255,66,331189,64,382903
1168,0.037518,74.125.200.0-255,5738,336927,64,382903
1169,0.037526,172.31.40.0-255,66,336993,64,382903
1170,0.03949,74.125.200.0-255,5738,342731,64,382903
1171,0.039497,172.31.40.0-255,66,342797,64,382903
1172,0.041458,74.125.200.0-255,5738,348535,64,382903
1173,0.041467,172.31.40.0-255,66,348601,64,382903
1174,0.043428,74.125.200.0-255,5738,354339,64,382903
1175,0.043435,172.31.40.0-255,66,354405,64,382903
1176,0.043545,172.31.40.0-255,101,354506,64,382903
1177,0.045399,74.125.200.0-255,5738,360244,64,382903
1178,0.045406,172.31.40.0-255,66,360310,64,382903
1179,0.045453,74.125.200.0-255,66,360376,64,382903
1180,0.047365,74.125.200.0-255,5738,366114,64,382903
1181,0.047373,172.31.40.0-255,66,366180,64,382903
1182,0.049397,74.125.200.0-255,5738,371918,64,382903
1183,0.049408,172.31.40.0-255,66,371984,64,382903
1184,0.051362,74.125.200.0-255,5738,377722,64,382903
1185,0.051369,172.31.40.0-255,66,377788,64,382903
1186,0.053313,74.125.200.0-255,650,378438,64,382903
1187,0.054838,172.31.40.0-255,105,378543,64,382903
1188,0.055209,172.31.40.0-255,172,378715,64,382903
1189,0.055242,172.31.40.0-255,1112,379827,64,382903
1190,0.055304,172.31.40.0-255,1514,381341,64,382903
1191,0.055305,172.31.40.0-255,1298,382639,64,382903
1192,0.056735,104.244.42.0-255,66,382705,64,382903
1193,0.056772,104.244.42.0-255,66,382771,64,382903
1194,0.056864,104.244.42.0-255,66,382837,64,382903
1195,0.061721,74.125.200.0-255,66,382903,64,382903
1196,0.0,172.217.194.0-255,146,146,64,308669
1197,2.5e-05,172.31.40.0-255,66,212,64,308669
1198,3.2e-05,172.217.194.0-255,1484,1696,64,308669
1199,3.7e-05,172.31.40.0-255,66,1762,64,308669
1200,5e-05,172.217.194.0-255,2902,4664,64,308669
1201,5.2e-05,172.31.40.0-255,66,4730,64,308669
1202,6.1e-05,172.217.194.0-255,7156,11886,64,308669
1203,6.4e-05,172.31.40.0-255,66,11952,64,308669
1204,6.8e-05,172.217.194.0-255,1950,13902,64,308669
1205,7e-05,172.31.40.0-255,66,13968,64,308669
1206,0.000101,172.31.40.0-255,66,14034,64,308669
1207,0.000104,172.217.194.0-255,1484,15518,64,308669
1208,0.000106,172.31.40.0-255,66,15584,64,308669
1209,0.00014,172.217.194.0-255,3961,19545,64,308669
1210,0.000144,172.31.40.0-255,66,19611,64,308669
1211,0.000301,172.217.194.0-255,1484,21095,64,308669
1212,0.000305,172.31.40.0-255,66,21161,64,308669
1213,0.000311,172.217.194.0-255,2902,24063,64,308669
1214,0.000314,172.31.40.0-255,66,24129,64,308669
1215,0.000337,172.217.194.0-255,5738,29867,64,308669
1216,0.00034,172.31.40.0-255,66,29933,64,308669
1217,0.000377,172.31.40.0-255,66,29999,64,308669
1218,0.000383,172.217.194.0-255,4320,34319,64,308669
1219,0.000385,172.31.40.0-255,66,34385,64,308669
1220,0.000413,172.217.194.0-255,4320,38705,64,308669
1221,0.000416,172.31.40.0-255,66,38771,64,308669
1222,0.000428,172.217.194.0-255,6797,45568,64,308669
1223,0.000431,172.31.40.0-255,66,45634,64,308669
1224,0.000433,172.217.194.0-255,383,46017,64,308669
1225,0.000435,172.31.40.0-255,66,46083,64,308669
1226,0.000521,172.217.194.0-255,1484,47567,64,308669
1227,0.000525,172.31.40.0-255,66,47633,64,308669
1228,0.000544,172.217.194.0-255,2902,50535,64,308669
1229,0.000547,172.31.40.0-255,66,50601,64,308669
1230,0.000554,172.217.194.0-255,5738,56339,64,308669
1231,0.000556,172.31.40.0-255,66,56405,64,308669
1232,0.000581,172.217.194.0-255,4320,60725,64,308669
1233,0.000587,172.31.40.0-255,66,60791,64,308669
1234,0.000613,172.217.194.0-255,2257,63048,64,308669
1235,0.000615,172.31.40.0-255,66,63114,64,308669
1236,0.000712,172.217.194.0-255,1484,64598,64,308669
1237,0.000715,172.31.40.0-255,66,64664,64,308669
1238,0.00072,172.217.194.0-255,2902,67566,64,308669
1239,0.000723,172.31.40.0-255,66,67632,64,308669
1240,0.000755,172.217.194.0-255,2902,70534,64,308669
1241,0.000758,172.31.40.0-255,66,70600,64,308669
1242,0.000766,172.217.194.0-255,7156,77756,64,308669
1243,0.000768,172.31.40.0-255,66,77822,64,308669
1244,0.000814,172.31.40.0-255,66,77888,64,308669
1245,0.000846,172.217.194.0-255,3602,81490,64,308669
1246,0.000849,172.31.40.0-255,66,81556,64,308669
1247,0.00089,172.217.194.0-255,1484,83040,64,308669
1248,0.00091,172.217.194.0-255,2902,85942,64,308669
1249,0.000917,172.217.194.0-255,4320,90262,64,308669
1250,0.000929,172.217.194.0-255,1484,91746,64,308669
1251,0.000944,172.217.194.0-255,5738,97484,64,308669
1252,0.000949,172.31.40.0-255,66,97550,64,308669
1253,0.000976,172.217.194.0-255,4320,101870,64,308669
1254,0.000981,172.217.194.0-255,2902,104772,64,308669
1255,0.000991,172.31.40.0-255,66,104838,64,308669
1256,0.001036,172.31.40.0-255,66,104904,64,308669
1257,0.001269,172.217.194.0-255,1484,106388,64,308669
1258,0.001275,172.217.194.0-255,2902,109290,64,308669
1259,0.001279,172.31.40.0-255,66,109356,64,308669
1260,0.001344,172.217.194.0-255,5738,115094,64,308669
1261,0.001362,172.217.194.0-255,5738,120832,64,308669
1262,0.001396,172.217.194.0-255,5020,125852,64,308669
1263,0.001433,172.217.194.0-255,5738,131590,64,308669
1264,0.001448,172.217.194.0-255,2902,134492,64,308669
1265,0.001467,172.217.194.0-255,4320,138812,64,308669
1266,0.001522,172.217.194.0-255,5738,144550,64,308669
1267,0.001529,172.217.194.0-255,5738,150288,64,308669
1268,0.001555,172.217.194.0-255,2902,153190,64,308669
1269,0.001586,172.217.194.0-255,4320,157510,64,308669
1270,0.001625,172.217.194.0-255,3602,161112,64,308669
1271,0.001684,172.217.194.0-255,1484,162596,64,308669
1272,0.001705,172.217.194.0-255,2902,165498,64,308669
1273,0.001709,172.217.194.0-255,1484,166982,64,308669
1274,0.001728,172.217.194.0-255,4320,171302,64,308669
1275,0.001745,172.217.194.0-255,4320,175622,64,308669
1276,0.001769,172.217.194.0-255,7156,182778,64,308669
1277,0.001811,172.217.194.0-255,3602,186380,64,308669
1278,0.00193,172.217.194.0-255,1484,187864,64,308669
1279,0.001935,172.217.194.0-255,1484,189348,64,308669
1280,0.001947,172.217.194.0-255,1484,190832,64,308669
1281,0.001949,172.217.194.0-255,1484,192316,64,308669
1282,0.001965,172.217.194.0-255,4320,196636,64,308669
1283,0.001981,172.217.194.0-255,2902,199538,64,308669
1284,0.002,172.217.194.0-255,7156,206694,64,308669
1285,0.002046,172.217.194.0-255,3602,210296,64,308669
1286,0.005415,172.31.40.0-255,66,210362,64,308669
1287,0.007501,172.217.194.0-255,5738,216100,64,308669
1288,0.007512,172.31.40.0-255,66,216166,64,308669
1289,0.009582,172.217.194.0-255,5738,221904,64,308669
1290,0.009596,172.31.40.0-255,66,221970,64,308669
1291,0.011709,172.217.194.0-255,4320,226290,64,308669
1292,0.011724,172.31.40.0-255,66,226356,64,308669
1293,0.011755,172.217.194.0-255,1484,227840,64,308669
1294,0.013788,172.217.194.0-255,4320,232160,64,308669
1295,0.013795,172.31.40.0-255,66,232226,64,308669
1296,0.015895,172.217.194.0-255,5738,237964,64,308669
1297,0.015913,172.31.40.0-255,66,238030,64,308669
1298,0.017964,172.217.194.0-255,5738,243768,64,308669
1299,0.017979,172.31.40.0-255,66,243834,64,308669
1300,0.020002,172.217.194.0-255,5738,249572,64,308669
1301,0.02001,172.31.40.0-255,66,249638,64,308669
1302,0.022083,172.217.194.0-255,5738,255376,64,308669
1303,0.022091,172.31.40.0-255,66,255442,64,308669
1304,0.024112,172.217.194.0-255,5738,261180,64,308669
1305,0.024119,172.31.40.0-255,66,261246,64,308669
1306,0.026174,172.217.194.0-255,5738,266984,64,308669
1307,0.026182,172.31.40.0-255,66,267050,64,308669
1308,0.028217,172.217.194.0-255,5738,272788,64,308669
1309,0.028233,172.31.40.0-255,66,272854,64,308669
1310,0.030262,172.217.194.0-255,5738,278592,64,308669
1311,0.030281,172.31.40.0-255,66,278658,64,308669
1312,0.032374,172.217.194.0-255,5738,284396,64,308669
1313,0.032388,172.31.40.0-255,66,284462,64,308669
1314,0.034465,172.217.194.0-255,5738,290200,64,308669
1315,0.034474,172.31.40.0-255,66,290266,64,308669
1316,0.036534,172.217.194.0-255,5738,296004,64,308669
1317,0.036549,172.31.40.0-255,66,296070,64,308669
1318,0.03862,172.217.194.0-255,5738,301808,64,308669
1319,0.038626,172.31.40.0-255,66,301874,64,308669
1320,0.04068,172.217.194.0-255,1116,302990,64,308669
1321,0.040793,172.31.40.0-255,66,303056,64,308669
1322,0.040833,172.31.40.0-255,105,303161,64,308669
1323,0.042841,172.217.194.0-255,66,303227,64,308669
1324,0.061425,172.31.40.0-255,166,303393,64,308669
1325,0.061457,172.31.40.0-255,1135,304528,64,308669
1326,0.061515,172.31.40.0-255,1514,306042,64,308669
1327,0.061516,172.31.40.0-255,1514,307556,64,308669
1328,0.061517,172.31.40.0-255,675,308231,64,308669
1329,0.062926,104.244.42.0-255,66,308297,64,308669
1330,0.062944,104.244.42.0-255,66,308363,64,308669
1331,0.063007,104.244.42.0-255,66,308429,64,308669
1332,0.063011,104.244.42.0-255,66,308495,64,308669
1333,0.063885,104.244.42.0-255,108,308603,64,308669
1334,0.063914,172.31.40.0-255,66,308669,64,308669
1335,0.0,74.125.24.0-255,146,146,64,150721
1336,1.3e-05,172.31.40.0-255,66,212,64,150721
1337,1.9e-05,74.125.24.0-255,1484,1696,64,150721
1338,2.4e-05,172.31.40.0-255,66,1762,64,150721
1339,3.1e-05,74.125.24.0-255,2902,4664,64,150721
1340,3.4e-05,172.31.40.0-255,66,4730,64,150721
1341,4.2e-05,74.125.24.0-255,7156,11886,64,150721
1342,4.6e-05,172.31.40.0-255,66,11952,64,150721
1343,5.1e-05,74.125.24.0-255,2033,13985,64,150721
1344,5.5e-05,172.31.40.0-255,66,14051,64,150721
1345,8.7e-05,172.31.40.0-255,66,14117,64,150721
1346,0.000135,74.125.24.0-255,5379,19496,64,150721
1347,0.000137,172.31.40.0-255,66,19562,64,150721
1348,0.000154,74.125.24.0-255,1484,21046,64,150721
1349,0.000156,172.31.40.0-255,66,21112,64,150721
1350,0.000161,74.125.24.0-255,2902,24014,64,150721
1351,0.000163,172.31.40.0-255,66,24080,64,150721
1352,0.000188,74.125.24.0-255,5738,29818,64,150721
1353,0.00019,172.31.40.0-255,66,29884,64,150721
1354,0.000196,74.125.24.0-255,5738,35622,64,150721
1355,0.000199,172.31.40.0-255,66,35688,64,150721
1356,0.000217,74.125.24.0-255,7156,42844,64,150721
1357,0.00022,172.31.40.0-255,66,42910,64,150721
1358,0.000231,172.31.40.0-255,66,42976,64,150721
1359,0.000255,74.125.24.0-255,2484,45460,64,150721
1360,0.000257,172.31.40.0-255,66,45526,64,150721
1361,0.000285,74.125.24.0-255,127,45653,64,150721
1362,0.000287,172.31.40.0-255,66,45719,64,150721
1363,0.000471,74.125.24.0-255,1484,47203,64,150721
1364,0.000476,172.31.40.0-255,66,47269,64,150721
1365,0.000483,74.125.24.0-255,2902,50171,64,150721
1366,0.000485,172.31.40.0-255,66,50237,64,150721
1367,0.000511,74.125.24.0-255,5738,55975,64,150721
1368,0.000513,172.31.40.0-255,66,56041,64,150721
1369,0.000536,172.31.40.0-255,66,56107,64,150721
1370,0.000554,74.125.24.0-255,1484,57591,64,150721
1371,0.00056,74.125.24.0-255,4320,61911,64,150721
1372,0.000563,172.31.40.0-255,66,61977,64,150721
1373,0.000613,172.31.40.0-255,66,62043,64,150721
1374,0.000625,172.31.40.0-255,66,62109,64,150721
1375,0.000669,172.31.40.0-255,66,62175,64,150721
1376,0.000716,74.125.24.0-255,1484,63659,64,150721
1377,0.00072,74.125.24.0-255,1484,65143,64,150721
1378,0.000723,172.31.40.0-255,66,65209,64,150721
1379,0.000743,74.125.24.0-255,1484,66693,64,150721
1380,0.00075,74.125.24.0-255,5738,72431,64,150721
1381,0.000753,172.31.40.0-255,66,72497,64,150721
1382,0.000758,74.125.24.0-255,4320,76817,64,150721
1383,0.00076,172.31.40.0-255,66,76883,64,150721
1384,0.000798,172.31.40.0-255,66,76949,64,150721
1385,0.00081,172.31.40.0-255,66,77015,64,150721
1386,0.000891,74.125.24.0-255,1484,78499,64,150721
1387,0.000896,74.125.24.0-255,2902,81401,64,150721
1388,0.000899,172.31.40.0-255,66,81467,64,150721
1389,0.000904,74.125.24.0-255,2902,84369,64,150721
1390,0.000906,172.31.40.0-255,66,84435,64,150721
1391,0.000922,74.125.24.0-255,2902,87337,64,150721
1392,0.000925,172.31.40.0-255,66,87403,64,150721
1393,0.000938,172.31.40.0-255,66,87469,64,150721
1394,0.000951,74.125.24.0-255,1484,88953,64,150721
1395,0.000956,74.125.24.0-255,4320,93273,64,150721
1396,0.000959,172.31.40.0-255,66,93339,64,150721
1397,0.000979,172.31.40.0-255,66,93405,64,150721
1398,0.00102,74.125.24.0-255,7156,100561,64,150721
1399,0.001023,172.31.40.0-255,66,100627,64,150721
1400,0.001052,172.31.40.0-255,66,100693,64,150721
1401,0.001065,172.31.40.0-255,66,100759,64,150721
1402,0.001096,74.125.24.0-255,4320,105079,64,150721
1403,0.001099,172.31.40.0-255,66,105145,64,150721
1404,0.001105,74.125.24.0-255,5738,110883,64,150721
1405,0.001108,172.31.40.0-255,66,110949,64,150721
1406,0.001127,172.31.40.0-255,66,111015,64,150721
1407,0.001136,74.125.24.0-255,1484,112499,64,150721
1408,0.00117,172.31.40.0-255,66,112565,64,150721
1409,0.001185,74.125.24.0-255,4320,116885,64,150721
1410,0.001199,172.31.40.0-255,66,116951,64,150721
1411,0.00124,74.125.24.0-255,2902,119853,64,150721
1412,0.001244,172.31.40.0-255,66,119919,64,150721
1413,0.001261,74.125.24.0-255,5738,125657,64,150721
1414,0.001276,172.31.40.0-255,66,125723,64,150721
1415,0.001304,74.125.24.0-255,5020,130743,64,150721
1416,0.00131,172.31.40.0-255,66,130809,64,150721
1417,0.001324,74.125.24.0-255,5738,136547,64,150721
1418,0.001359,74.125.24.0-255,5738,142285,64,150721
1419,0.001372,74.125.24.0-255,2184,144469,64,150721
1420,0.001378,172.31.40.0-255,66,144535,64,150721
1421,0.001396,74.125.24.0-255,1484,146019,64,150721
1422,0.001422,172.31.40.0-255,66,146085,64,150721
1423,0.001472,74.125.24.0-255,105,146190,64,150721
1424,0.001531,172.31.40.0-255,66,146256,64,150721
1425,0.009355,172.31.40.0-255,105,146361,64,150721
1426,0.011607,74.125.24.0-255,66,146427,64,150721
1427,0.032039,172.31.40.0-255,172,146599,64,150721
1428,0.032073,172.31.40.0-255,1111,147710,64,150721
1429,0.032138,172.31.40.0-255,1514,149224,64,150721
1430,0.03214,172.31.40.0-255,1299,150523,64,150721
1431,0.033551,104.244.42.0-255,66,150589,64,150721
1432,0.033582,104.244.42.0-255,66,150655,64,150721
1433,0.033685,104.244.42.0-255,66,150721,64,150721
1434,0.0,74.125.24.0-255,158,158,64,325863
1435,1.6e-05,172.31.40.0-255,66,224,64,325863
1436,2.2e-05,74.125.24.0-255,1484,1708,64,325863
1437,2.7e-05,172.31.40.0-255,66,1774,64,325863
1438,3.2e-05,74.125.24.0-255,2902,4676,64,325863
1439,4.1e-05,172.31.40.0-255,66,4742,64,325863
1440,5e-05,74.125.24.0-255,7156,11898,64,325863
1441,5.4e-05,172.31.40.0-255,66,11964,64,325863
1442,6e-05,74.125.24.0-255,3354,15318,64,325863
1443,6.2e-05,172.31.40.0-255,66,15384,64,325863
1444,7.5e-05,172.31.40.0-255,66,15450,64,325863
1445,9.2e-05,74.125.24.0-255,2902,18352,64,325863
1446,0.0001,172.31.40.0-255,66,18418,64,325863
1447,0.000104,74.125.24.0-255,2543,20961,64,325863
1448,0.000107,172.31.40.0-255,66,21027,64,325863
1449,0.000134,74.125.24.0-255,2902,23929,64,325863
1450,0.000137,172.31.40.0-255,66,23995,64,325863
1451,0.000144,74.125.24.0-255,5738,29733,64,325863
1452,0.000146,172.31.40.0-255,66,29799,64,325863
1453,0.000186,74.125.24.0-255,1484,31283,64,325863
1454,0.000188,172.31.40.0-255,66,31349,64,325863
1455,0.000201,172.31.40.0-255,66,31415,64,325863
1456,0.000218,172.31.40.0-255,66,31481,64,325863
1457,0.000221,74.125.24.0-255,129,31610,64,325863
1458,0.000223,172.31.40.0-255,66,31676,64,325863
1459,0.000443,74.125.24.0-255,1484,33160,64,325863
1460,0.000448,172.31.40.0-255,66,33226,64,325863
1461,0.000455,74.125.24.0-255,2902,36128,64,325863
1462,0.000458,172.31.40.0-255,66,36194,64,325863
1463,0.00047,74.125.24.0-255,5738,41932,64,325863
1464,0.000473,172.31.40.0-255,66,41998,64,325863
1465,0.000527,172.31.40.0-255,66,42064,64,325863
1466,0.000566,172.31.40.0-255,66,42130,64,325863
1467,0.000569,74.125.24.0-255,346,42476,64,325863
1468,0.001182,74.125.24.0-255,1484,43960,64,325863
1469,0.001187,172.31.40.0-255,66,44026,64,325863
1470,0.001192,74.125.24.0-255,2902,46928,64,325863
1471,0.001194,172.31.40.0-255,66,46994,64,325863
1472,0.001199,74.125.24.0-255,2902,49896,64,325863
1473,0.001201,172.31.40.0-255,66,49962,64,325863
1474,0.00124,74.125.24.0-255,2902,52864,64,325863
1475,0.001243,172.31.40.0-255,66,52930,64,325863
1476,0.001255,172.31.40.0-255,66,52996,64,325863
1477,0.001274,172.31.40.0-255,66,53062,64,325863
1478,0.001305,74.125.24.0-255,2184,55246,64,325863
1479,0.001308,172.31.40.0-255,66,55312,64,325863
1480,0.001649,74.125.24.0-255,1484,56796,64,325863
1481,0.001672,74.125.24.0-255,2902,59698,64,325863
1482,0.001676,172.31.40.0-255,66,59764,64,325863
1483,0.00168,74.125.24.0-255,1484,61248,64,325863
1484,0.001715,74.125.24.0-255,4320,65568,64,325863
1485,0.001717,172.31.40.0-255,66,65634,64,325863
1486,0.00173,172.31.40.0-255,66,65700,64,325863
1487,0.001742,74.125.24.0-255,7156,72856,64,325863
1488,0.001744,172.31.40.0-255,66,72922,64,325863
1489,0.001772,74.125.24.0-255,5020,77942,64,325863
1490,0.001774,172.31.40.0-255,66,78008,64,325863
1491,0.004062,74.125.24.0-255,4320,82328,64,325863
1492,0.00407,172.31.40.0-255,66,82394,64,325863
1493,0.004096,74.125.24.0-255,1484,83878,64,325863
1494,0.006348,74.125.24.0-255,4320,88198,64,325863
1495,0.006351,172.31.40.0-255,66,88264,64,325863
1496,0.008615,74.125.24.0-255,5738,94002,64,325863
1497,0.008621,172.31.40.0-255,66,94068,64,325863
1498,0.010913,74.125.24.0-255,5738,99806,64,325863
1499,0.010921,172.31.40.0-255,66,99872,64,325863
1500,0.013203,74.125.24.0-255,5738,105610,64,325863
1501,0.01321,172.31.40.0-255,66,105676,64,325863
1502,0.015505,74.125.24.0-255,5738,111414,64,325863
1503,0.015512,172.31.40.0-255,66,111480,64,325863
1504,0.017816,74.125.24.0-255,5738,117218,64,325863
1505,0.017824,172.31.40.0-255,66,117284,64,325863
1506,0.020126,74.125.24.0-255,5738,123022,64,325863
1507,0.020136,172.31.40.0-255,66,123088,64,325863
1508,0.022416,74.125.24.0-255,5738,128826,64,325863
1509,0.022424,172.31.40.0-255,66,128892,64,325863
1510,0.024699,74.125.24.0-255,5738,134630,64,325863
1511,0.024708,172.31.40.0-255,66,134696,64,325863
1512,0.026965,74.125.24.0-255,5738,140434,64,325863
1513,0.026973,172.31.40.0-255,66,140500,64,325863
1514,0.027135,172.31.40.0-255,172,140672,64,325863
1515,0.027165,172.31.40.0-255,1111,141783,64,325863
1516,0.027229,172.31.40.0-255,1514,143297,64,325863
1517,0.027231,172.31.40.0-255,1514,144811,64,325863
1518,0.027232,172.31.40.0-255,697,145508,64,325863
1519,0.028696,104.244.42.0-255,66,145574,64,325863
1520,0.028883,104.244.42.0-255,66,145640,64,325863
1521,0.028889,104.244.42.0-255,66,145706,64,325863
1522,0.028892,104.244.42.0-255,66,145772,64,325863
1523,0.029233,74.125.24.0-255,5738,151510,64,325863
1524,0.02924,172.31.40.0-255,66,151576,64,325863
1525,0.031551,74.125.24.0-255,5738,157314,64,325863
1526,0.031559,172.31.40.0-255,66,157380,64,325863
1527,0.033848,74.125.24.0-255,5738,163118,64,325863
1528,0.033855,172.31.40.0-255,66,163184,64,325863
1529,0.036197,74.125.24.0-255,5738,168922,64,325863
1530,0.036214,172.31.40.0-255,66,168988,64,325863
1531,0.038492,74.125.24.0-255,5738,174726,64,325863
1532,0.038506,172.31.40.0-255,66,174792,64,325863
1533,0.040795,74.125.24.0-255,5738,180530,64,325863
1534,0.040812,172.31.40.0-255,66,180596,64,325863
1535,0.043116,74.125.24.0-255,5738,186334,64,325863
1536,0.043138,172.31.40.0-255,66,186400,64,325863
1537,0.045428,74.125.24.0-255,5738,192138,64,325863
1538,0.045444,172.31.40.0-255,66,192204,64,325863
1539,0.047747,74.125.24.0-255,5738,197942,64,325863
1540,0.047765,172.31.40.0-255,66,198008,64,325863
1541,0.050092,74.125.24.0-255,5738,203746,64,325863
1542,0.05013,172.31.40.0-255,66,203812,64,325863
1543,0.052429,74.125.24.0-255,5738,209550,64,325863
1544,0.052441,172.31.40.0-255,66,209616,64,325863
1545,0.054731,74.125.24.0-255,5738,215354,64,325863
1546,0.05475,172.31.40.0-255,66,215420,64,325863
1547,0.057033,74.125.24.0-255,5738,221158,64,325863
1548,0.05705,172.31.40.0-255,66,221224,64,325863
1549,0.059345,74.125.24.0-255,5738,226962,64,325863
1550,0.059363,172.31.40.0-255,66,227028,64,325863
1551,0.061671,74.125.24.0-255,5738,232766,64,325863
1552,0.061688,172.31.40.0-255,66,232832,64,325863
1553,0.063989,74.125.24.0-255,5738,238570,64,325863
1554,0.064006,172.31.40.0-255,66,238636,64,325863
1555,0.0642,172.31.40.0-255,101,238737,64,325863
1556,0.066319,74.125.24.0-255,5738,244475,64,325863
1557,0.066334,172.31.40.0-255,66,244541,64,325863
1558,0.066447,74.125.24.0-255,66,244607,64,325863
1559,0.068629,74.125.24.0-255,5738,250345,64,325863
1560,0.068644,172.31.40.0-255,66,250411,64,325863
1561,0.070929,74.125.24.0-255,5738,256149,64,325863
1562,0.070946,172.31.40.0-255,66,256215,64,325863
1563,0.073216,74.125.24.0-255,5738,261953,64,325863
1564,0.073233,172.31.40.0-255,66,262019,64,325863
1565,0.075545,74.125.24.0-255,5738,267757,64,325863
1566,0.075562,172.31.40.0-255,66,267823,64,325863
1567,0.077862,74.125.24.0-255,5738,273561,64,325863
1568,0.07788,172.31.40.0-255,66,273627,64,325863
1569,0.080184,74.125.24.0-255,5738,279365,64,325863
1570,0.0802,172.31.40.0-255,66,279431,64,325863
1571,0.082498,74.125.24.0-255,5738,285169,64,325863
1572,0.082515,172.31.40.0-255,66,285235,64,325863
1573,0.084842,74.125.24.0-255,5738,290973,64,325863
1574,0.08485,172.31.40.0-255,66,291039,64,325863
1575,0.08713,74.125.24.0-255,5738,296777,64,325863
1576,0.087136,172.31.40.0-255,66,296843,64,325863
1577,0.089401,74.125.24.0-255,5738,302581,64,325863
1578,0.089406,172.31.40.0-255,66,302647,64,325863
1579,0.091679,74.125.24.0-255,5738,308385,64,325863
1580,0.091686,172.31.40.0-255,66,308451,64,325863
1581,0.093972,74.125.24.0-255,5738,314189,64,325863
1582,0.093982,172.31.40.0-255,66,314255,64,325863
1583,0.096288,74.125.24.0-255,5738,319993,64,325863
1584,0.096297,172.31.40.0-255,66,320059,64,325863
1585,0.098576,74.125.24.0-255,5738,325797,64,325863
1586,0.098584,172.31.40.0-255,66,325863,64,325863
1587,0.0,74.125.24.0-255,153,153,64,349527
1588,2.3e-05,172.31.40.0-255,66,219,64,349527
1589,3e-05,74.125.24.0-255,1484,1703,64,349527
1590,3.5e-05,172.31.40.0-255,66,1769,64,349527
1591,4.1e-05,74.125.24.0-255,2902,4671,64,349527
1592,4.5e-05,172.31.40.0-255,66,4737,64,349527
1593,5.2e-05,74.125.24.0-255,7156,11893,64,349527
1594,5.5e-05,172.31.40.0-255,66,11959,64,349527
1595,5.9e-05,74.125.24.0-255,2000,13959,64,349527
1596,6.2e-05,172.31.40.0-255,66,14025,64,349527
1597,0.000188,74.125.24.0-255,1484,15509,64,349527
1598,0.000193,172.31.40.0-255,66,15575,64,349527
1599,0.000198,74.125.24.0-255,2902,18477,64,349527
1600,0.000201,172.31.40.0-255,66,18543,64,349527
1601,0.000228,74.125.24.0-255,5738,24281,64,349527
1602,0.00023,172.31.40.0-255,66,24347,64,349527
1603,0.000254,74.125.24.0-255,1484,25831,64,349527
1604,0.000256,172.31.40.0-255,66,25897,64,349527
1605,0.000276,74.125.24.0-255,5379,31276,64,349527
1606,0.000279,172.31.40.0-255,66,31342,64,349527
1607,0.000363,74.125.24.0-255,1484,32826,64,349527
1608,0.000366,172.31.40.0-255,66,32892,64,349527
1609,0.000372,74.125.24.0-255,2902,35794,64,349527
1610,0.000374,172.31.40.0-255,66,35860,64,349527
1611,0.000378,74.125.24.0-255,2902,38762,64,349527
1612,0.000381,172.31.40.0-255,66,38828,64,349527
1613,0.000402,74.125.24.0-255,2902,41730,64,349527
1614,0.000405,172.31.40.0-255,66,41796,64,349527
1615,0.00041,74.125.24.0-255,4320,46116,64,349527
1616,0.000413,172.31.40.0-255,66,46182,64,349527
1617,0.000434,172.31.40.0-255,66,46248,64,349527
1618,0.000465,74.125.24.0-255,5738,51986,64,349527
1619,0.000468,172.31.40.0-255,66,52052,64,349527
1620,0.00051,74.125.24.0-255,5685,57737,64,349527
1621,0.000513,172.31.40.0-255,66,57803,64,349527
1622,0.000516,74.125.24.0-255,113,57916,64,349527
1623,0.000614,74.125.24.0-255,1484,59400,64,349527
1624,0.000619,172.31.40.0-255,66,59466,64,349527
1625,0.000637,74.125.24.0-255,2902,62368,64,349527
1626,0.00064,172.31.40.0-255,66,62434,64,349527
1627,0.000645,74.125.24.0-255,4320,66754,64,349527
1628,0.000648,172.31.40.0-255,66,66820,64,349527
1629,0.000663,74.125.24.0-255,1484,68304,64,349527
1630,0.000669,74.125.24.0-255,4320,72624,64,349527
1631,0.000672,172.31.40.0-255,66,72690,64,349527
1632,0.000702,172.31.40.0-255,66,72756,64,349527
1633,0.000835,172.31.40.0-255,66,72822,64,349527
1634,0.002884,74.125.24.0-255,5738,78560,64,349527
1635,0.002894,172.31.40.0-255,66,78626,64,349527
1636,0.004968,74.125.24.0-255,5738,84364,64,349527
1637,0.004972,172.31.40.0-255,66,84430,64,349527
1638,0.007038,74.125.24.0-255,5738,90168,64,349527
1639,0.007046,172.31.40.0-255,66,90234,64,349527
1640,0.009167,74.125.24.0-255,5738,95972,64,349527
1641,0.009175,172.31.40.0-255,66,96038,64,349527
1642,0.011227,74.125.24.0-255,5738,101776,64,349527
1643,0.011235,172.31.40.0-255,66,101842,64,349527
1644,0.013291,74.125.24.0-255,5738,107580,64,349527
1645,0.013297,172.31.40.0-255,66,107646,64,349527
1646,0.015385,74.125.24.0-255,5738,113384,64,349527
1647,0.015393,172.31.40.0-255,66,113450,64,349527
1648,0.01751,74.125.24.0-255,5738,119188,64,349527
1649,0.017521,172.31.40.0-255,66,119254,64,349527
1650,0.019589,74.125.24.0-255,5738,124992,64,349527
1651,0.019597,172.31.40.0-255,66,125058,64,349527
1652,0.021645,74.125.24.0-255,5738,130796,64,349527
1653,0.021651,172.31.40.0-255,66,130862,64,349527
1654,0.022623,172.31.40.0-255,172,131034,64,349527
1655,0.022656,172.31.40.0-255,1111,132145,64,349527
1656,0.022715,172.31.40.0-255,1514,133659,64,349527
1657,0.022717,172.31.40.0-255,1514,135173,64,349527
1658,0.022718,172.31.40.0-255,694,135867,64,349527
1659,0.02371,74.125.24.0-255,5738,141605,64,349527
1660,0.023718,172.31.40.0-255,66,141671,64,349527
1661,0.024199,104.244.42.0-255,66,141737,64,349527
1662,0.02423,104.244.42.0-255,66,141803,64,349527
1663,0.024291,104.244.42.0-255,66,141869,64,349527
1664,0.024297,104.244.42.0-255,66,141935,64,349527
1665,0.025822,74.125.24.0-255,5738,147673,64,349527
1666,0.025829,172.31.40.0-255,66,147739,64,349527
1667,0.027904,74.125.24.0-255,5738,153477,64,349527
1668,0.027911,172.31.40.0-255,66,153543,64,349527
1669,0.02996,74.125.24.0-255,5738,159281,64,349527
1670,0.029967,172.31.40.0-255,66,159347,64,349527
1671,0.032035,74.125.24.0-255,5738,165085,64,349527
1672,0.032041,172.31.40.0-255,66,165151,64,349527
1673,0.034136,74.125.24.0-255,5738,170889,64,349527
1674,0.034143,172.31.40.0-255,66,170955,64,349527
1675,0.03623,74.125.24.0-255,5738,176693,64,349527
1676,0.036237,172.31.40.0-255,66,176759,64,349527
1677,0.038345,74.125.24.0-255,5738,182497,64,349527
1678,0.038351,172.31.40.0-255,66,182563,64,349527
1679,0.040429,74.125.24.0-255,5738,188301,64,349527
1680,0.040436,172.31.40.0-255,66,188367,64,349527
1681,0.042541,74.125.24.0-255,5738,194105,64,349527
1682,0.042547,172.31.40.0-255,66,194171,64,349527
1683,0.04462,74.125.24.0-255,5738,199909,64,349527
1684,0.044627,172.31.40.0-255,66,199975,64,349527
1685,0.046682,74.125.24.0-255,4320,204295,64,349527
1686,0.046689,172.31.40.0-255,66,204361,64,349527
1687,0.046708,74.125.24.0-255,1484,205845,64,349527
1688,0.048783,74.125.24.0-255,4320,210165,64,349527
1689,0.04879,172.31.40.0-255,66,210231,64,349527
1690,0.050824,74.125.24.0-255,5738,215969,64,349527
1691,0.050831,172.31.40.0-255,66,216035,64,349527
1692,0.052887,74.125.24.0-255,5738,221773,64,349527
1693,0.052894,172.31.40.0-255,66,221839,64,349527
1694,0.054962,74.125.24.0-255,5738,227577,64,349527
1695,0.054968,172.31.40.0-255,66,227643,64,349527
1696,0.057009,74.125.24.0-255,5738,233381,64,349527
1697,0.057015,172.31.40.0-255,66,233447,64,349527
1698,0.059094,74.125.24.0-255,5738,239185,64,349527
1699,0.059101,172.31.40.0-255,66,239251,64,349527
1700,0.061187,74.125.24.0-255,5738,244989,64,349527
1701,0.061193,172.31.40.0-255,66,245055,64,349527
1702,0.063273,74.125.24.0-255,5738,250793,64,349527
1703,0.063279,172.31.40.0-255,66,250859,64,349527
1704,0.065388,74.125.24.0-255,5738,256597,64,349527
1705,0.065395,172.31.40.0-255,66,256663,64,349527
1706,0.06749,74.125.24.0-255,5738,262401,64,349527
1707,0.067496,172.31.40.0-255,66,262467,64,349527
1708,0.0696,74.125.24.0-255,5738,268205,64,349527
1709,0.069605,172.31.40.0-255,66,268271,64,349527
1710,0.071656,74.125.24.0-255,5738,274009,64,349527
1711,0.071662,172.31.40.0-255,66,274075,64,349527
1712,0.073775,74.125.24.0-255,5738,279813,64,349527
1713,0.073782,172.31.40.0-255,66,279879,64,349527
1714,0.075878,74.125.24.0-255,5738,285617,64,349527
1715,0.075884,172.31.40.0-255,66,285683,64,349527
1716,0.077962,74.125.24.0-255,5738,291421,64,349527
1717,0.077969,172.31.40.0-255,66,291487,64,349527
1718,0.080022,74.125.24.0-255,5738,297225,64,349527
1719,0.080029,172.31.40.0-255,66,297291,64,349527
1720,0.082122,74.125.24.0-255,5738,303029,64,349527
1721,0.082128,172.31.40.0-255,66,303095,64,349527
1722,0.084196,74.125.24.0-255,5738,308833,64,349527
1723,0.084201,172.31.40.0-255,66,308899,64,349527
1724,0.086257,74.125.24.0-255,5738,314637,64,349527
1725,0.086267,172.31.40.0-255,66,314703,64,349527
1726,0.088348,74.125.24.0-255,5738,320441,64,349527
1727,0.088355,172.31.40.0-255,66,320507,64,349527
1728,0.09045,74.125.24.0-255,5738,326245,64,349527
1729,0.090456,172.31.40.0-255,66,326311,64,349527
1730,0.09255,74.125.24.0-255,5738,332049,64,349527
1731,0.092556,172.31.40.0-255,66,332115,64,349527
1732,0.094635,74.125.24.0-255,5738,337853,64,349527
1733,0.094641,172.31.40.0-255,66,337919,64,349527
1734,0.096757,74.125.24.0-255,5738,343657,64,349527
1735,0.096763,172.31.40.0-255,66,343723,64,349527
1736,0.098854,74.125.24.0-255,5738,349461,64,349527
1737,0.09886,172.31.40.0-255,66,349527,64,349527
1738,0.0,216.58.203.0-255,152,152,64,383541
1739,2.2e-05,172.31.40.0-255,66,218,64,383541
1740,5.4e-05,216.58.203.0-255,1484,1702,64,383541
1741,5.8e-05,172.31.40.0-255,66,1768,64,383541
1742,6.3e-05,216.58.203.0-255,2902,4670,64,383541
1743,6.5e-05,172.31.40.0-255,66,4736,64,383541
1744,7.1e-05,216.58.203.0-255,4320,9056,64,383541
1745,7.3e-05,172.31.40.0-255,66,9122,64,383541
1746,0.000105,216.58.203.0-255,5738,14860,64,383541
1747,0.000107,172.31.40.0-255,66,14926,64,383541
1748,0.000124,216.58.203.0-255,3486,18412,64,383541
1749,0.000126,172.31.40.0-255,66,18478,64,383541
1750,0.000131,216.58.203.0-255,4320,22798,64,383541
1751,0.000133,172.31.40.0-255,66,22864,64,383541
1752,0.000147,216.58.203.0-255,5738,28602,64,383541
1753,0.000149,172.31.40.0-255,66,28668,64,383541
1754,0.000168,216.58.203.0-255,2543,31211,64,383541
1755,0.00017,172.31.40.0-255,66,31277,64,383541
1756,0.000243,216.58.203.0-255,1484,32761,64,383541
1757,0.000246,172.31.40.0-255,66,32827,64,383541
1758,0.00025,216.58.203.0-255,2902,35729,64,383541
1759,0.000252,172.31.40.0-255,66,35795,64,383541
1760,0.000267,216.58.203.0-255,5738,41533,64,383541
1761,0.000269,172.31.40.0-255,66,41599,64,383541
1762,0.000298,216.58.203.0-255,6797,48396,64,383541
1763,0.0003,172.31.40.0-255,66,48462,64,383541
1764,0.000303,216.58.203.0-255,1484,49946,64,383541
1765,0.000304,172.31.40.0-255,66,50012,64,383541
1766,0.000341,172.31.40.0-255,66,50078,64,383541
1767,0.000344,216.58.203.0-255,2813,52891,64,383541
1768,0.000346,172.31.40.0-255,66,52957,64,383541
1769,0.000638,216.58.203.0-255,135,53092,64,383541
1770,0.000845,216.58.203.0-255,1484,54576,64,383541
1771,0.000849,172.31.40.0-255,66,54642,64,383541
1772,0.000855,216.58.203.0-255,2902,57544,64,383541
1773,0.000857,172.31.40.0-255,66,57610,64,383541
1774,0.000876,216.58.203.0-255,4320,61930,64,383541
1775,0.000879,172.31.40.0-255,66,61996,64,383541
1776,0.000893,216.58.203.0-255,1484,63480,64,383541
1777,0.000927,216.58.203.0-255,1484,64964,64,383541
1778,0.00093,172.31.40.0-255,66,65030,64,383541
1779,0.000943,216.58.203.0-255,2902,67932,64,383541
1780,0.000945,172.31.40.0-255,66,67998,64,383541
1781,0.000966,216.58.203.0-255,1484,69482,64,383541
1782,0.000989,216.58.203.0-255,5379,74861,64,383541
1783,0.000992,172.31.40.0-255,66,74927,64,383541
1784,0.000997,216.58.203.0-255,4320,79247,64,383541
1785,0.000999,172.31.40.0-255,66,79313,64,383541
1786,0.001025,216.58.203.0-255,2902,82215,64,383541
1787,0.001028,172.31.40.0-255,66,82281,64,383541
1788,0.001043,216.58.203.0-255,5379,87660,64,383541
1789,0.001045,172.31.40.0-255,66,87726,64,383541
1790,0.00128,216.58.203.0-255,1484,89210,64,383541
1791,0.001285,216.58.203.0-255,2902,92112,64,383541
1792,0.001291,172.31.40.0-255,66,92178,64,383541
1793,0.001313,216.58.203.0-255,5738,97916,64,383541
1794,0.001315,172.31.40.0-255,66,97982,64,383541
1795,0.001323,216.58.203.0-255,7156,105138,64,383541
1796,0.001325,172.31.40.0-255,66,105204,64,383541
1797,0.001346,216.58.203.0-255,5738,110942,64,383541
1798,0.001348,172.31.40.0-255,66,111008,64,383541
1799,0.00136,172.31.40.0-255,66,111074,64,383541
1800,0.001433,216.58.203.0-255,1484,112558,64,383541
1801,0.001446,216.58.203.0-255,2902,115460,64,383541
1802,0.00145,172.31.40.0-255,66,115526,64,383541
1803,0.001478,216.58.203.0-255,1484,117010,64,383541
1804,0.001482,216.58.203.0-255,1484,118494,64,383541
1805,0.001484,172.31.40.0-255,66,118560,64,383541
1806,0.001497,216.58.203.0-255,1484,120044,64,383541
1807,0.001501,216.58.203.0-255,2902,122946,64,383541
1808,0.001503,172.31.40.0-255,66,123012,64,383541
1809,0.001525,216.58.203.0-255,2902,125914,64,383541
1810,0.001528,172.31.40.0-255,66,125980,64,383541
1811,0.001542,172.31.40.0-255,66,126046,64,383541
1812,0.001549,216.58.203.0-255,6438,132484,64,383541
1813,0.001552,172.31.40.0-255,66,132550,64,383541
1814,0.003178,216.58.203.0-255,5738,138288,64,383541
1815,0.003185,172.31.40.0-255,66,138354,64,383541
1816,0.004814,216.58.203.0-255,5738,144092,64,383541
1817,0.004816,172.31.40.0-255,66,144158,64,383541
1818,0.006436,216.58.203.0-255,5738,149896,64,383541
1819,0.006439,172.31.40.0-255,66,149962,64,383541
1820,0.008062,216.58.203.0-255,2902,152864,64,383541
1821,0.008068,172.31.40.0-255,66,152930,64,383541
1822,0.008091,216.58.203.0-255,2902,155832,64,383541
1823,0.008095,172.31.40.0-255,66,155898,64,383541
1824,0.009704,216.58.203.0-255,5738,161636,64,383541
1825,0.009711,172.31.40.0-255,66,161702,64,383541
1826,0.01134,216.58.203.0-255,5738,167440,64,383541
1827,0.011346,172.31.40.0-255,66,167506,64,383541
1828,0.012974,216.58.203.0-255,5738,173244,64,383541
1829,0.012982,172.31.40.0-255,66,173310,64,383541
1830,0.014612,216.58.203.0-255,5738,179048,64,383541
1831,0.01462,172.31.40.0-255,66,179114,64,383541
1832,0.016249,216.58.203.0-255,5738,184852,64,383541
1833,0.016256,172.31.40.0-255,66,184918,64,383541
1834,0.017885,216.58.203.0-255,5738,190656,64,383541
1835,0.017893,172.31.40.0-255,66,190722,64,383541
1836,0.019561,216.58.203.0-255,5738,196460,64,383541
1837,0.019568,172.31.40.0-255,66,196526,64,383541
1838,0.021191,216.58.203.0-255,5738,202264,64,383541
1839,0.021197,172.31.40.0-255,66,202330,64,383541
1840,0.022828,216.58.203.0-255,5738,208068,64,383541
1841,0.022834,172.31.40.0-255,66,208134,64,383541
1842,0.024466,216.58.203.0-255,5738,213872,64,383541
1843,0.024473,172.31.40.0-255,66,213938,64,383541
1844,0.026118,216.58.203.0-255,5738,219676,64,383541
1845,0.026125,172.31.40.0-255,66,219742,64,383541
1846,0.027755,216.58.203.0-255,5738,225480,64,383541
1847,0.027768,172.31.40.0-255,66,225546,64,383541
1848,0.029412,216.58.203.0-255,5738,231284,64,383541
1849,0.029421,172.31.40.0-255,66,231350,64,383541
1850,0.031051,216.58.203.0-255,5738,237088,64,383541
1851,0.03106,172.31.40.0-255,66,237154,64,383541
1852,0.032694,216.58.203.0-255,5738,242892,64,383541
1853,0.032704,172.31.40.0-255,66,242958,64,383541
1854,0.034335,216.58.203.0-255,5738,248696,64,383541
1855,0.034346,172.31.40.0-255,66,248762,64,383541
1856,0.036014,216.58.203.0-255,5738,254500,64,383541
1857,0.036024,172.31.40.0-255,66,254566,64,383541
1858,0.037661,216.58.203.0-255,5738,260304,64,383541
1859,0.037672,172.31.40.0-255,66,260370,64,383541
1860,0.039337,216.58.203.0-255,5738,266108,64,383541
1861,0.03935,172.31.40.0-255,66,266174,64,383541
1862,0.040991,216.58.203.0-255,5738,271912,64,383541
1863,0.041003,172.31.40.0-255,66,271978,64,383541
1864,0.042627,216.58.203.0-255,5738,277716,64,383541
1865,0.042637,172.31.40.0-255,66,277782,64,383541
1866,0.044269,216.58.203.0-255,5738,283520,64,383541
1867,0.044276,172.31.40.0-255,66,283586,64,383541
1868,0.045937,216.58.203.0-255,5738,289324,64,383541
1869,0.045943,172.31.40.0-255,66,289390,64,383541
1870,0.047048,172.31.40.0-255,172,289562,64,383541
1871,0.047074,172.31.40.0-255,1112,290674,64,383541
1872,0.047124,172.31.40.0-255,1514,292188,64,383541
1873,0.047126,172.31.40.0-255,1298,293486,64,383541
1874,0.047565,216.58.203.0-255,5738,299224,64,383541
1875,0.04757,172.31.40.0-255,66,299290,64,383541
1876,0.048531,104.244.42.0-255,66,299356,64,383541
1877,0.048554,104.244.42.0-255,66,299422,64,383541
1878,0.048616,104.244.42.0-255,66,299488,64,383541
1879,0.049195,216.58.203.0-255,5738,305226,64,383541
1880,0.049201,172.31.40.0-255,66,305292,64,383541
1881,0.050845,216.58.203.0-255,5738,311030,64,383541
1882,0.050854,172.31.40.0-255,66,311096,64,383541
1883,0.052484,216.58.203.0-255,5738,316834,64,383541
1884,0.052494,172.31.40.0-255,66,316900,64,383541
1885,0.054124,216.58.203.0-255,5738,322638,64,383541
1886,0.054135,172.31.40.0-255,66,322704,64,383541
1887,0.055775,216.58.203.0-255,5738,328442,64,383541
1888,0.055787,172.31.40.0-255,66,328508,64,383541
1889,0.05742,216.58.203.0-255,5738,334246,64,383541
1890,0.057431,172.31.40.0-255,66,334312,64,383541
1891,0.059067,216.58.203.0-255,5738,340050,64,383541
1892,0.059078,172.31.40.0-255,66,340116,64,383541
1893,0.060712,216.58.203.0-255,5738,345854,64,383541
1894,0.060719,172.31.40.0-255,66,345920,64,383541
1895,0.060815,172.31.40.0-255,101,346021,64,383541
1896,0.062358,216.58.203.0-255,5738,351759,64,383541
1897,0.062365,172.31.40.0-255,66,351825,64,383541
1898,0.062397,216.58.203.0-255,66,351891,64,383541
1899,0.063988,216.58.203.0-255,5738,357629,64,383541
1900,0.063996,172.31.40.0-255,66,357695,64,383541
1901,0.065636,216.58.203.0-255,5738,363433,64,383541
1902,0.06565,172.31.40.0-255,66,363499,64,383541
1903,0.067288,216.58.203.0-255,5738,369237,64,383541
1904,0.067301,172.31.40.0-255,66,369303,64,383541
1905,0.068947,216.58.203.0-255,5738,375041,64,383541
1906,0.068962,172.31.40.0-255,66,375107,64,383541
1907,0.070608,216.58.203.0-255,5738,380845,64,383541
1908,0.070625,172.31.40.0-255,66,380911,64,383541
1909,0.072256,216.58.203.0-255,2393,383304,64,383541
1910,0.072267,172.31.40.0-255,66,383370,64,383541
1911,0.072494,172.31.40.0-255,105,383475,64,383541
1912,0.078208,216.58.203.0-255,66,383541,64,383541
1913,0.0,74.125.68.0-255,143,143,64,391601
1914,2.1e-05,172.31.40.0-255,66,209,64,391601
1915,2.8e-05,74.125.68.0-255,1484,1693,64,391601
1916,3.3e-05,172.31.40.0-255,66,1759,64,391601
1917,4.6e-05,74.125.68.0-255,2902,4661,64,391601
1918,4.9e-05,172.31.40.0-255,66,4727,64,391601
1919,8.7e-05,74.125.68.0-255,5738,10465,64,391601
1920,9e-05,172.31.40.0-255,66,10531,64,391601
1921,0.000119,74.125.68.0-255,3518,14049,64,391601
1922,0.000122,172.31.40.0-255,66,14115,64,391601
1923,0.000195,74.125.68.0-255,1484,15599,64,391601
1924,0.000199,172.31.40.0-255,66,15665,64,391601
1925,0.000223,74.125.68.0-255,2902,18567,64,391601
1926,0.000226,172.31.40.0-255,66,18633,64,391601
1927,0.000238,74.125.68.0-255,1484,20117,64,391601
1928,0.00024,172.31.40.0-255,66,20183,64,391601
1929,0.000259,74.125.68.0-255,2902,23085,64,391601
1930,0.000261,172.31.40.0-255,66,23151,64,391601
1931,0.000285,74.125.68.0-255,7156,30307,64,391601
1932,0.000288,172.31.40.0-255,66,30373,64,391601
1933,0.000338,74.125.68.0-255,1125,31498,64,391601
1934,0.000341,172.31.40.0-255,66,31564,64,391601
1935,0.000344,74.125.68.0-255,1484,33048,64,391601
1936,0.000346,172.31.40.0-255,66,33114,64,391601
1937,0.000352,74.125.68.0-255,4320,37434,64,391601
1938,0.000355,172.31.40.0-255,66,37500,64,391601
1939,0.000376,74.125.68.0-255,2902,40402,64,391601
1940,0.000378,172.31.40.0-255,66,40468,64,391601
1941,0.00041,74.125.68.0-255,4320,44788,64,391601
1942,0.000413,172.31.40.0-255,66,44854,64,391601
1943,0.000417,74.125.68.0-255,1484,46338,64,391601
1944,0.000419,172.31.40.0-255,66,46404,64,391601
1945,0.000435,74.125.68.0-255,2543,48947,64,391601
1946,0.00052,74.125.68.0-255,1484,50431,64,391601
1947,0.00054,74.125.68.0-255,2902,53333,64,391601
1948,0.000566,74.125.68.0-255,5738,59071,64,391601
1949,0.00057,74.125.68.0-255,1484,60555,64,391601
1950,0.000631,74.125.68.0-255,5379,65934,64,391601
1951,0.000658,172.31.40.0-255,66,66000,64,391601
1952,0.000714,74.125.68.0-255,1484,67484,64,391601
1953,0.000739,74.125.68.0-255,2902,70386,64,391601
1954,0.000759,74.125.68.0-255,5738,76124,64,391601
1955,0.000765,172.31.40.0-255,66,76190,64,391601
1956,0.000778,74.125.68.0-255,4320,80510,64,391601
1957,0.000801,74.125.68.0-255,1484,81994,64,391601
1958,0.000806,172.31.40.0-255,66,82060,64,391601
1959,0.000835,74.125.68.0-255,3123,85183,64,391601
1960,0.000841,74.125.68.0-255,4320,89503,64,391601
1961,0.000852,172.31.40.0-255,66,89569,64,391601
1962,0.000863,74.125.68.0-255,5738,95307,64,391601
1963,0.000883,74.125.68.0-255,5379,100686,64,391601
1964,0.000894,172.31.40.0-255,66,100752,64,391601
1965,0.0014,74.125.68.0-255,1484,102236,64,391601
1966,0.001414,74.125.68.0-255,2902,105138,64,391601
1967,0.001418,172.31.40.0-255,66,105204,64,391601
1968,0.001456,74.125.68.0-255,5738,110942,64,391601
1969,0.001463,74.125.68.0-255,5738,116680,64,391601
1970,0.001474,74.125.68.0-255,2902,119582,64,391601
1971,0.001477,172.31.40.0-255,66,119648,64,391601
1972,0.001505,74.125.68.0-255,4320,123968,64,391601
1973,0.001508,172.31.40.0-255,66,124034,64,391601
1974,0.001512,172.31.40.0-255,66,124100,64,391601
1975,0.00154,74.125.68.0-255,5738,129838,64,391601
1976,0.001543,74.125.68.0-255,1484,131322,64,391601
1977,0.001547,74.125.68.0-255,2902,134224,64,391601
1978,0.00155,74.125.68.0-255,766,134990,64,391601
1979,0.001556,172.31.40.0-255,66,135056,64,391601
1980,0.001658,74.125.68.0-255,1484,136540,64,391601
1981,0.001678,74.125.68.0-255,2902,139442,64,391601
1982,0.001694,74.125.68.0-255,4320,143762,64,391601
1983,0.001709,74.125.68.0-255,1484,145246,64,391601
1984,0.001713,74.125.68.0-255,2902,148148,64,391601
1985,0.001717,172.31.40.0-255,66,148214,64,391601
1986,0.001724,172.31.40.0-255,66,148280,64,391601
1987,0.001743,74.125.68.0-255,2902,151182,64,391601
1988,0.001751,74.125.68.0-255,7156,158338,64,391601
1989,0.001775,74.125.68.0-255,4320,162658,64,391601
1990,0.00179,74.125.68.0-255,4320,166978,64,391601
1991,0.001796,172.31.40.0-255,66,167044,64,391601
1992,0.001826,74.125.68.0-255,2184,169228,64,391601
1993,0.00184,172.31.40.0-255,66,169294,64,391601
1994,0.002513,74.125.68.0-255,1484,170778,64,391601
1995,0.00429,74.125.68.0-255,1484,172262,64,391601
1996,0.004297,172.31.40.0-255,66,172328,64,391601
1997,0.004334,74.125.68.0-255,2902,175230,64,391601
1998,0.006801,74.125.68.0-255,2902,178132,64,391601
1999,0.007978,172.31.40.0-255,66,178198,64,391601
2000,0.010482,74.125.68.0-255,5738,183936,64,391601
2001,0.01049,172.31.40.0-255,66,184002,64,391601
2002,0.012995,74.125.68.0-255,5738,189740,64,391601
2003,0.013003,172.31.40.0-255,66,189806,64,391601
2004,0.015526,74.125.68.0-255,5738,195544,64,391601
2005,0.016151,172.31.40.0-255,66,195610,64,391601
2006,0.01867,74.125.68.0-255,5738,201348,64,391601
2007,0.01868,172.31.40.0-255,66,201414,64,391601
2008,0.021194,74.125.68.0-255,5738,207152,64,391601
2009,0.021207,172.31.40.0-255,66,207218,64,391601
2010,0.023725,74.125.68.0-255,5738,212956,64,391601
2011,0.023738,172.31.40.0-255,66,213022,64,391601
2012,0.026308,74.125.68.0-255,5738,218760,64,391601
2013,0.026317,172.31.40.0-255,66,218826,64,391601
2014,0.028137,172.31.40.0-255,172,218998,64,391601
2015,0.02817,172.31.40.0-255,1113,220111,64,391601
2016,0.028229,172.31.40.0-255,1514,221625,64,391601
2017,0.02823,172.31.40.0-255,1295,222920,64,391601
2018,0.028827,74.125.68.0-255,5738,228658,64,391601
2019,0.028834,172.31.40.0-255,66,228724,64,391601
2020,0.029687,104.244.42.0-255,66,228790,64,391601
2021,0.029728,104.244.42.0-255,66,228856,64,391601
2022,0.029776,104.244.42.0-255,66,228922,64,391601
2023,0.031335,74.125.68.0-255,5738,234660,64,391601
2024,0.031341,172.31.40.0-255,66,234726,64,391601
2025,0.033844,74.125.68.0-255,5738,240464,64,391601
2026,0.03385,172.31.40.0-255,66,240530,64,391601
2027,0.036369,74.125.68.0-255,5738,246268,64,391601
2028,0.036376,172.31.40.0-255,66,246334,64,391601
2029,0.038904,74.125.68.0-255,5738,252072,64,391601
2030,0.038911,172.31.40.0-255,66,252138,64,391601
2031,0.041439,74.125.68.0-255,5738,257876,64,391601
2032,0.041458,172.31.40.0-255,66,257942,64,391601
2033,0.04398,74.125.68.0-255,5738,263680,64,391601
2034,0.043996,172.31.40.0-255,66,263746,64,391601
2035,0.046529,74.125.68.0-255,5738,269484,64,391601
2036,0.046547,172.31.40.0-255,66,269550,64,391601
2037,0.049068,74.125.68.0-255,5738,275288,64,391601
2038,0.049084,172.31.40.0-255,66,275354,64,391601
2039,0.051607,74.125.68.0-255,5738,281092,64,391601
2040,0.051625,172.31.40.0-255,66,281158,64,391601
2041,0.054148,74.125.68.0-255,5738,286896,64,391601
2042,0.054166,172.31.40.0-255,66,286962,64,391601
2043,0.056689,74.125.68.0-255,5738,292700,64,391601
2044,0.056714,172.31.40.0-255,66,292766,64,391601
2045,0.05924,74.125.68.0-255,5738,298504,64,391601
2046,0.059258,172.31.40.0-255,66,298570,64,391601
2047,0.06179,74.125.68.0-255,5738,304308,64,391601
2048,0.06181,172.31.40.0-255,66,304374,64,391601
2049,0.064324,74.125.68.0-255,5738,310112,64,391601
2050,0.06434,172.31.40.0-255,66,310178,64,391601
2051,0.06686,74.125.68.0-255,5738,315916,64,391601
2052,0.066876,172.31.40.0-255,66,315982,64,391601
2053,0.069404,74.125.68.0-255,5738,321720,64,391601
2054,0.069423,172.31.40.0-255,66,321786,64,391601
2055,0.071936,74.125.68.0-255,5738,327524,64,391601
2056,0.071955,172.31.40.0-255,66,327590,64,391601
2057,0.07449,74.125.68.0-255,5738,333328,64,391601
2058,0.074507,172.31.40.0-255,66,333394,64,391601
2059,0.077034,74.125.68.0-255,5738,339132,64,391601
2060,0.077054,172.31.40.0-255,66,339198,64,391601
2061,0.079575,74.125.68.0-255,5738,344936,64,391601
2062,0.079584,172.31.40.0-255,66,345002,64,391601
2063,0.082091,74.125.68.0-255,5738,350740,64,391601
2064,0.082098,172.31.40.0-255,66,350806,64,391601
2065,0.084605,74.125.68.0-255,5738,356544,64,391601
2066,0.084612,172.31.40.0-255,66,356610,64,391601
2067,0.087134,74.125.68.0-255,5738,362348,64,391601
2068,0.087141,172.31.40.0-255,66,362414,64,391601
2069,0.087265,172.31.40.0-255,101,362515,64,391601
2070,0.08965,74.125.68.0-255,5738,368253,64,391601
2071,0.089657,172.31.40.0-255,66,368319,64,391601
2072,0.089725,74.125.68.0-255,66,368385,64,391601
2073,0.092174,74.125.68.0-255,5738,374123,64,391601
2074,0.09218,172.31.40.0-255,66,374189,64,391601
2075,0.094708,74.125.68.0-255,5738,379927,64,391601
2076,0.094715,172.31.40.0-255,66,379993,64,391601
2077,0.097223,74.125.68.0-255,5738,385731,64,391601
2078,0.097229,172.31.40.0-255,66,385797,64,391601
2079,0.099746,74.125.68.0-255,5738,391535,64,391601
2080,0.099754,172.31.40.0-255,66,391601,64,391601
2081,0.0,172.217.194.0-255,153,153,64,304587
2082,2.3e-05,172.31.40.0-255,66,219,64,304587
2083,3e-05,172.217.194.0-255,1484,1703,64,304587
2084,3.4e-05,172.31.40.0-255,66,1769,64,304587
2085,4e-05,172.217.194.0-255,2902,4671,64,304587
2086,4.3e-05,172.31.40.0-255,66,4737,64,304587
2087,5.1e-05,172.217.194.0-255,7156,11893,64,304587
2088,5.3e-05,172.31.40.0-255,66,11959,64,304587
2089,6e-05,172.217.194.0-255,6419,18378,64,304587
2090,6.3e-05,172.31.40.0-255,66,18444,64,304587
2091,6.8e-05,172.217.194.0-255,4320,22764,64,304587
2092,7.1e-05,172.31.40.0-255,66,22830,64,304587
2093,9.6e-05,172.217.194.0-255,2902,25732,64,304587
2094,9.9e-05,172.31.40.0-255,66,25798,64,304587
2095,0.000105,172.217.194.0-255,5379,31177,64,304587
2096,0.000108,172.31.40.0-255,66,31243,64,304587
2097,0.000187,172.217.194.0-255,1484,32727,64,304587
2098,0.000191,172.31.40.0-255,66,32793,64,304587
2099,0.000197,172.217.194.0-255,2902,35695,64,304587
2100,0.000199,172.31.40.0-255,66,35761,64,304587
2101,0.000233,172.217.194.0-255,5738,41499,64,304587
2102,0.000236,172.31.40.0-255,66,41565,64,304587
2103,0.000249,172.217.194.0-255,1484,43049,64,304587
2104,0.000251,172.31.40.0-255,66,43115,64,304587
2105,0.000277,172.31.40.0-255,66,43181,64,304587
2106,0.000324,172.31.40.0-255,66,43247,64,304587
2107,0.000354,172.217.194.0-255,1484,44731,64,304587
2108,0.000356,172.31.40.0-255,66,44797,64,304587
2109,0.000361,172.217.194.0-255,2902,47699,64,304587
2110,0.000363,172.31.40.0-255,66,47765,64,304587
2111,0.000382,172.217.194.0-255,5738,53503,64,304587
2112,0.000385,172.31.40.0-255,66,53569,64,304587
2113,0.000403,172.217.194.0-255,2902,56471,64,304587
2114,0.000406,172.31.40.0-255,66,56537,64,304587
2115,0.000429,172.217.194.0-255,3992,60529,64,304587
2116,0.000432,172.31.40.0-255,66,60595,64,304587
2117,0.000439,172.217.194.0-255,7156,67751,64,304587
2118,0.000442,172.31.40.0-255,66,67817,64,304587
2119,0.000476,172.31.40.0-255,66,67883,64,304587
2120,0.000712,172.217.194.0-255,1484,69367,64,304587
2121,0.000717,172.31.40.0-255,66,69433,64,304587
2122,0.000722,172.217.194.0-255,2902,72335,64,304587
2123,0.000724,172.31.40.0-255,66,72401,64,304587
2124,0.00073,172.217.194.0-255,4320,76721,64,304587
2125,0.000733,172.31.40.0-255,66,76787,64,304587
2126,0.000755,172.217.194.0-255,1484,78271,64,304587
2127,0.000757,172.31.40.0-255,66,78337,64,304587
2128,0.00076,172.217.194.0-255,1484,79821,64,304587
2129,0.000762,172.31.40.0-255,66,79887,64,304587
2130,0.000779,172.217.194.0-255,7156,87043,64,304587
2131,0.000797,172.217.194.0-255,5379,92422,64,304587
2132,0.000801,172.31.40.0-255,66,92488,64,304587
2133,0.000812,172.217.194.0-255,2902,95390,64,304587
2134,0.000822,172.31.40.0-255,66,95456,64,304587
2135,0.000829,172.217.194.0-255,6797,102253,64,304587
2136,0.000857,172.217.194.0-255,1484,103737,64,304587
2137,0.000862,172.217.194.0-255,2902,106639,64,304587
2138,0.000868,172.31.40.0-255,66,106705,64,304587
2139,0.00089,172.217.194.0-255,5738,112443,64,304587
2140,0.000895,172.217.194.0-255,2902,115345,64,304587
2141,0.000916,172.31.40.0-255,66,115411,64,304587
2142,0.000947,172.31.40.0-255,66,115477,64,304587
2143,0.000965,172.217.194.0-255,5738,121215,64,304587
2144,0.001,172.31.40.0-255,66,121281,64,304587
2145,0.001005,172.31.40.0-255,66,121347,64,304587
2146,0.001037,172.31.40.0-255,66,121413,64,304587
2147,0.00106,172.217.194.0-255,2902,124315,64,304587
2148,0.001068,172.31.40.0-255,66,124381,64,304587
2149,0.001078,172.217.194.0-255,1484,125865,64,304587
2150,0.001117,172.217.194.0-255,7156,133021,64,304587
2151,0.00113,172.217.194.0-255,3602,136623,64,304587
2152,0.001137,172.31.40.0-255,66,136689,64,304587
2153,0.001343,172.217.194.0-255,1484,138173,64,304587
2154,0.001368,172.217.194.0-255,2902,141075,64,304587
2155,0.001375,172.31.40.0-255,66,141141,64,304587
2156,0.001383,172.217.194.0-255,2902,144043,64,304587
2157,0.001388,172.31.40.0-255,66,144109,64,304587
2158,0.001399,172.217.194.0-255,2902,147011,64,304587
2159,0.001417,172.31.40.0-255,66,147077,64,304587
2160,0.001427,172.217.194.0-255,4320,151397,64,304587
2161,0.001445,172.217.194.0-255,5738,157135,64,304587
2162,0.001449,172.31.40.0-255,66,157201,64,304587
2163,0.001458,172.217.194.0-255,1484,158685,64,304587
2164,0.001478,172.217.194.0-255,4320,163005,64,304587
2165,0.00149,172.31.40.0-255,66,163071,64,304587
2166,0.001509,172.217.194.0-255,1484,164555,64,304587
2167,0.001531,172.217.194.0-255,6438,170993,64,304587
2168,0.001537,172.31.40.0-255,66,171059,64,304587
2169,0.001745,172.217.194.0-255,1484,172543,64,304587
2170,0.001762,172.217.194.0-255,2902,175445,64,304587
2171,0.001765,172.31.40.0-255,66,175511,64,304587
2172,0.001781,172.217.194.0-255,5738,181249,64,304587
2173,0.001791,172.31.40.0-255,66,181315,64,304587
2174,0.0018,172.217.194.0-255,1484,182799,64,304587
2175,0.001832,172.217.194.0-255,4320,187119,64,304587
2176,0.00188,172.217.194.0-255,1484,188603,64,304587
2177,0.001883,172.31.40.0-255,66,188669,64,304587
2178,0.001907,172.217.194.0-255,5020,193689,64,304587
2179,0.001914,172.31.40.0-255,66,193755,64,304587
2180,0.003961,172.217.194.0-255,5738,199493,64,304587
2181,0.003969,172.31.40.0-255,66,199559,64,304587
2182,0.006046,172.217.194.0-255,5738,205297,64,304587
2183,0.008139,172.31.40.0-255,66,205363,64,304587
2184,0.010206,172.217.194.0-255,5738,211101,64,304587
2185,0.010213,172.31.40.0-255,66,211167,64,304587
2186,0.012267,172.217.194.0-255,5738,216905,64,304587
2187,0.012275,172.31.40.0-255,66,216971,64,304587
2188,0.014339,172.217.194.0-255,5738,222709,64,304587
2189,0.014348,172.31.40.0-255,66,222775,64,304587
2190,0.016411,172.217.194.0-255,5738,228513,64,304587
2191,0.016419,172.31.40.0-255,66,228579,64,304587
2192,0.018448,172.217.194.0-255,5738,234317,64,304587
2193,0.018456,172.31.40.0-255,66,234383,64,304587
2194,0.020552,172.217.194.0-255,5738,240121,64,304587
2195,0.020562,172.31.40.0-255,66,240187,64,304587
2196,0.022623,172.217.194.0-255,5738,245925,64,304587
2197,0.022633,172.31.40.0-255,66,245991,64,304587
2198,0.024716,172.217.194.0-255,5738,251729,64,304587
2199,0.024724,172.31.40.0-255,66,251795,64,304587
2200,0.026818,172.217.194.0-255,5738,257533,64,304587
2201,0.02683,172.31.40.0-255,66,257599,64,304587
2202,0.02891,172.217.194.0-255,5738,263337,64,304587
2203,0.028921,172.31.40.0-255,66,263403,64,304587
2204,0.030967,172.217.194.0-255,4320,267723,64,304587
2205,0.030974,172.31.40.0-255,66,267789,64,304587
2206,0.030995,172.217.194.0-255,1484,269273,64,304587
2207,0.031499,172.31.40.0-255,167,269440,64,304587
2208,0.031532,172.31.40.0-255,1107,270547,64,304587
2209,0.031624,172.31.40.0-255,1514,272061,64,304587
2210,0.031626,172.31.40.0-255,340,272401,64,304587
2211,0.03301,104.244.42.0-255,66,272467,64,304587
2212,0.033022,172.217.194.0-255,4320,276787,64,304587
2213,0.033028,172.31.40.0-255,66,276853,64,304587
2214,0.033088,104.244.42.0-255,66,276919,64,304587
2215,0.033184,104.244.42.0-255,66,276985,64,304587
2216,0.035108,172.217.194.0-255,5738,282723,64,304587
2217,0.035116,172.31.40.0-255,66,282789,64,304587
2218,0.037165,172.217.194.0-255,5738,288527,64,304587
2219,0.037173,172.31.40.0-255,66,288593,64,304587
2220,0.039233,172.217.194.0-255,5738,294331,64,304587
2221,0.039241,172.31.40.0-255,66,294397,64,304587
2222,0.041329,172.217.194.0-255,5738,300135,64,304587
2223,0.041336,172.31.40.0-255,66,300201,64,304587
2224,0.04343,172.217.194.0-255,4149,304350,64,304587
2225,0.043437,172.31.40.0-255,66,304416,64,304587
2226,0.043664,172.31.40.0-255,105,304521,64,304587
2227,0.045675,172.217.194.0-255,66,304587,64,304587
2228,0.0,172.31.40.0-255,105,105,64,459
2229,0.00021,172.31.40.0-255,90,195,64,459
2230,0.00022,172.31.40.0-255,66,261,64,459
2231,0.002479,74.125.68.0-255,66,327,64,459
2232,0.0025,74.125.68.0-255,66,393,64,459
2233,0.002515,172.31.40.0-255,66,459,64,459
2234,0.0,74.125.24.0-255,152,152,64,227951
2235,1.4e-05,172.31.40.0-255,66,218,64,227951
2236,2.1e-05,74.125.24.0-255,1484,1702,64,227951
2237,2.4e-05,172.31.40.0-255,66,1768,64,227951
2238,2.7e-05,74.125.24.0-255,1484,3252,64,227951
2239,3e-05,172.31.40.0-255,66,3318,64,227951
2240,4.8e-05,74.125.24.0-255,1484,4802,64,227951
2241,5e-05,172.31.40.0-255,66,4868,64,227951
2242,6e-05,74.125.24.0-255,7156,12024,64,227951
2243,6.2e-05,172.31.40.0-255,66,12090,64,227951
2244,0.000101,172.31.40.0-255,66,12156,64,227951
2245,0.000128,172.31.40.0-255,66,12222,64,227951
2246,0.000213,74.125.24.0-255,1484,13706,64,227951
2247,0.000216,172.31.40.0-255,66,13772,64,227951
2248,0.00022,74.125.24.0-255,1484,15256,64,227951
2249,0.000222,172.31.40.0-255,66,15322,64,227951
2250,0.000237,74.125.24.0-255,1484,16806,64,227951
2251,0.000239,172.31.40.0-255,66,16872,64,227951
2252,0.000245,74.125.24.0-255,5738,22610,64,227951
2253,0.000248,172.31.40.0-255,66,22676,64,227951
2254,0.000253,74.125.24.0-255,4320,26996,64,227951
2255,0.000256,172.31.40.0-255,66,27062,64,227951
2256,0.000294,74.125.24.0-255,4320,31382,64,227951
2257,0.000296,172.31.40.0-255,66,31448,64,227951
2258,0.000323,172.31.40.0-255,66,31514,64,227951
2259,0.000329,74.125.24.0-255,5738,37252,64,227951
2260,0.000332,172.31.40.0-255,66,37318,64,227951
2261,0.000389,74.125.24.0-255,1469,38787,64,227951
2262,0.000392,172.31.40.0-255,66,38853,64,227951
2263,0.000467,74.125.24.0-255,1484,40337,64,227951
2264,0.000482,74.125.24.0-255,2902,43239,64,227951
2265,0.000485,172.31.40.0-255,66,43305,64,227951
2266,0.000511,74.125.24.0-255,5738,49043,64,227951
2267,0.000514,172.31.40.0-255,66,49109,64,227951
2268,0.000521,74.125.24.0-255,5738,54847,64,227951
2269,0.000523,172.31.40.0-255,66,54913,64,227951
2270,0.000531,172.31.40.0-255,101,55014,64,227951
2271,0.000551,74.125.24.0-255,5738,60752,64,227951
2272,0.000555,172.31.40.0-255,66,60818,64,227951
2273,0.000588,172.31.40.0-255,66,60884,64,227951
2274,0.000593,74.125.24.0-255,4216,65100,64,227951
2275,0.000596,172.31.40.0-255,66,65166,64,227951
2276,0.000725,74.125.24.0-255,1484,66650,64,227951
2277,0.000731,74.125.24.0-255,2902,69552,64,227951
2278,0.000735,172.31.40.0-255,66,69618,64,227951
2279,0.000758,74.125.24.0-255,5738,75356,64,227951
2280,0.000761,172.31.40.0-255,66,75422,64,227951
2281,0.000767,74.125.24.0-255,5738,81160,64,227951
2282,0.000769,172.31.40.0-255,66,81226,64,227951
2283,0.000792,74.125.24.0-255,4320,85546,64,227951
2284,0.000795,172.31.40.0-255,66,85612,64,227951
2285,0.000823,172.31.40.0-255,66,85678,64,227951
2286,0.000829,74.125.24.0-255,5020,90698,64,227951
2287,0.000831,172.31.40.0-255,66,90764,64,227951
2288,0.000865,74.125.24.0-255,1484,92248,64,227951
2289,0.000885,74.125.24.0-255,2902,95150,64,227951
2290,0.000888,172.31.40.0-255,66,95216,64,227951
2291,0.000892,74.125.24.0-255,2902,98118,64,227951
2292,0.000894,172.31.40.0-255,66,98184,64,227951
2293,0.000914,74.125.24.0-255,2902,101086,64,227951
2294,0.000916,172.31.40.0-255,66,101152,64,227951
2295,0.000921,74.125.24.0-255,4320,105472,64,227951
2296,0.000923,172.31.40.0-255,66,105538,64,227951
2297,0.000947,74.125.24.0-255,7156,112694,64,227951
2298,0.000951,172.31.40.0-255,66,112760,64,227951
2299,0.00098,172.31.40.0-255,66,112826,64,227951
2300,0.001191,74.125.24.0-255,1484,114310,64,227951
2301,0.001198,74.125.24.0-255,2902,117212,64,227951
2302,0.001202,172.31.40.0-255,66,117278,64,227951
2303,0.001241,74.125.24.0-255,2902,120180,64,227951
2304,0.001244,172.31.40.0-255,66,120246,64,227951
2305,0.001265,74.125.24.0-255,2902,123148,64,227951
2306,0.001269,172.31.40.0-255,66,123214,64,227951
2307,0.001273,74.125.24.0-255,2902,126116,64,227951
2308,0.001275,172.31.40.0-255,66,126182,64,227951
2309,0.001287,172.31.40.0-255,66,126248,64,227951
2310,0.001298,172.31.40.0-255,66,126314,64,227951
2311,0.001311,74.125.24.0-255,2184,128498,64,227951
2312,0.001313,172.31.40.0-255,66,128564,64,227951
2313,0.001379,74.125.24.0-255,1484,130048,64,227951
2314,0.001384,74.125.24.0-255,1484,131532,64,227951
2315,0.001387,172.31.40.0-255,66,131598,64,227951
2316,0.001403,74.125.24.0-255,1484,133082,64,227951
2317,0.00141,74.125.24.0-255,5738,138820,64,227951
2318,0.001413,172.31.40.0-255,66,138886,64,227951
2319,0.001419,74.125.24.0-255,7156,146042,64,227951
2320,0.001422,172.31.40.0-255,66,146108,64,227951
2321,0.00146,172.31.40.0-255,66,146174,64,227951
2322,0.001464,74.125.24.0-255,2184,148358,64,227951
2323,0.001466,172.31.40.0-255,66,148424,64,227951
2324,0.001507,74.125.24.0-255,2902,151326,64,227951
2325,0.00151,172.31.40.0-255,66,151392,64,227951
2326,0.001513,74.125.24.0-255,1484,152876,64,227951
2327,0.001533,74.125.24.0-255,2902,155778,64,227951
2328,0.001536,172.31.40.0-255,66,155844,64,227951
2329,0.001551,172.31.40.0-255,66,155910,64,227951
2330,0.001576,74.125.24.0-255,7156,163066,64,227951
2331,0.00158,172.31.40.0-255,66,163132,64,227951
2332,0.00161,172.31.40.0-255,66,163198,64,227951
2333,0.001721,74.125.24.0-255,1484,164682,64,227951
2334,0.001727,74.125.24.0-255,1484,166166,64,227951
2335,0.00173,172.31.40.0-255,66,166232,64,227951
2336,0.001753,74.125.24.0-255,1484,167716,64,227951
2337,0.001759,74.125.24.0-255,5738,173454,64,227951
2338,0.001763,172.31.40.0-255,66,173520,64,227951
2339,0.00177,74.125.24.0-255,7156,180676,64,227951
2340,0.001772,172.31.40.0-255,66,180742,64,227951
2341,0.001815,172.31.40.0-255,66,180808,64,227951
2342,0.001819,74.125.24.0-255,2184,182992,64,227951
2343,0.001821,172.31.40.0-255,66,183058,64,227951
2344,0.001886,74.125.24.0-255,1484,184542,64,227951
2345,0.001901,74.125.24.0-255,2902,187444,64,227951
2346,0.001905,172.31.40.0-255,66,187510,64,227951
2347,0.001908,74.125.24.0-255,1484,188994,64,227951
2348,0.001927,74.125.24.0-255,4320,193314,64,227951
2349,0.00193,172.31.40.0-255,66,193380,64,227951
2350,0.001946,74.125.24.0-255,4320,197700,64,227951
2351,0.001948,172.31.40.0-255,66,197766,64,227951
2352,0.001973,172.31.40.0-255,66,197832,64,227951
2353,0.001985,172.31.40.0-255,66,197898,64,227951
2354,0.002033,74.125.24.0-255,1484,199382,64,227951
2355,0.00204,74.125.24.0-255,2902,202284,64,227951
2356,0.002042,172.31.40.0-255,66,202350,64,227951
2357,0.002049,74.125.24.0-255,5738,208088,64,227951
2358,0.002052,172.31.40.0-255,66,208154,64,227951
2359,0.002091,172.31.40.0-255,66,208220,64,227951
2360,0.002094,74.125.24.0-255,1484,209704,64,227951
2361,0.002107,172.31.40.0-255,66,209770,64,227951
2362,0.002178,172.31.40.0-255,66,209836,64,227951
2363,0.00219,172.31.40.0-255,66,209902,64,227951
2364,0.002208,74.125.24.0-255,3602,213504,64,227951
2365,0.002211,172.31.40.0-255,66,213570,64,227951
2366,0.00249,74.125.24.0-255,66,213636,64,227951
2367,0.00269,74.125.24.0-255,1484,215120,64,227951
2368,0.002708,74.125.24.0-255,2902,218022,64,227951
2369,0.002712,172.31.40.0-255,66,218088,64,227951
2370,0.002716,74.125.24.0-255,1484,219572,64,227951
2371,0.002732,74.125.24.0-255,2594,222166,64,227951
2372,0.002734,172.31.40.0-255,66,222232,64,227951
2373,0.002776,74.125.24.0-255,105,222337,64,227951
2374,0.008455,172.31.40.0-255,105,222442,64,227951
2375,0.01621,74.125.24.0-255,66,222508,64,227951
2376,0.027292,172.31.40.0-255,167,222675,64,227951
2377,0.027326,172.31.40.0-255,1112,223787,64,227951
2378,0.027388,172.31.40.0-255,1514,225301,64,227951
2379,0.027389,172.31.40.0-255,1514,226815,64,227951
2380,0.02739,172.31.40.0-255,698,227513,64,227951
2381,0.028798,104.244.42.0-255,66,227579,64,227951
2382,0.028826,104.244.42.0-255,66,227645,64,227951
2383,0.028898,104.244.42.0-255,66,227711,64,227951
2384,0.028912,104.244.42.0-255,66,227777,64,227951
2385,0.029495,104.244.42.0-255,108,227885,64,227951
2386,0.029501,172.31.40.0-255,66,227951,64,227951
2387,0.0,172.31.40.0-255,105,105,64,459
2388,0.000233,172.31.40.0-255,90,195,64,459
2389,0.000244,172.31.40.0-255,66,261,64,459
2390,0.002503,74.125.68.0-255,66,327,64,459
2391,0.002525,74.125.68.0-255,66,393,64,459
2392,0.002543,172.31.40.0-255,66,459,64,459
2393,0.0,74.125.24.0-255,150,150,64,407395
2394,1.9e-05,172.31.40.0-255,66,216,64,407395
2395,2.7e-05,74.125.24.0-255,1484,1700,64,407395
2396,3.2e-05,172.31.40.0-255,66,1766,64,407395
2397,3.8e-05,74.125.24.0-255,2902,4668,64,407395
2398,4.1e-05,172.31.40.0-255,66,4734,64,407395
2399,4.9e-05,74.125.24.0-255,7156,11890,64,407395
2400,5.2e-05,172.31.40.0-255,66,11956,64,407395
2401,5.6e-05,74.125.24.0-255,2100,14056,64,407395
2402,5.9e-05,172.31.40.0-255,66,14122,64,407395
2403,0.000252,74.125.24.0-255,1484,15606,64,407395
2404,0.000257,172.31.40.0-255,66,15672,64,407395
2405,0.000262,74.125.24.0-255,2902,18574,64,407395
2406,0.000265,172.31.40.0-255,66,18640,64,407395
2407,0.000269,74.125.24.0-255,2902,21542,64,407395
2408,0.000272,172.31.40.0-255,66,21608,64,407395
2409,0.000293,74.125.24.0-255,2902,24510,64,407395
2410,0.000296,172.31.40.0-255,66,24576,64,407395
2411,0.000312,74.125.24.0-255,2902,27478,64,407395
2412,0.000314,172.31.40.0-255,66,27544,64,407395
2413,0.000338,74.125.24.0-255,3961,31505,64,407395
2414,0.000341,172.31.40.0-255,66,31571,64,407395
2415,0.000524,74.125.24.0-255,1484,33055,64,407395
2416,0.000529,172.31.40.0-255,66,33121,64,407395
2417,0.000534,74.125.24.0-255,2902,36023,64,407395
2418,0.000537,172.31.40.0-255,66,36089,64,407395
2419,0.000543,74.125.24.0-255,5738,41827,64,407395
2420,0.000545,172.31.40.0-255,66,41893,64,407395
2421,0.000571,74.125.24.0-255,4320,46213,64,407395
2422,0.000574,172.31.40.0-255,66,46279,64,407395
2423,0.000592,74.125.24.0-255,2543,48822,64,407395
2424,0.000595,172.31.40.0-255,66,48888,64,407395
2425,0.00065,74.125.24.0-255,1484,50372,64,407395
2426,0.000654,74.125.24.0-255,1484,51856,64,407395
2427,0.000657,172.31.40.0-255,66,51922,64,407395
2428,0.000676,74.125.24.0-255,1484,53406,64,407395
2429,0.000682,74.125.24.0-255,5738,59144,64,407395
2430,0.000685,172.31.40.0-255,66,59210,64,407395
2431,0.000689,74.125.24.0-255,2902,62112,64,407395
2432,0.000691,172.31.40.0-255,66,62178,64,407395
2433,0.000725,74.125.24.0-255,3961,66139,64,407395
2434,0.000728,172.31.40.0-255,66,66205,64,407395
2435,0.001,74.125.24.0-255,646,66851,64,407395
2436,0.001092,172.31.40.0-255,66,66917,64,407395
2437,0.001204,74.125.24.0-255,1484,68401,64,407395
2438,0.001212,74.125.24.0-255,1484,69885,64,407395
2439,0.001215,172.31.40.0-255,66,69951,64,407395
2440,0.001235,74.125.24.0-255,1484,71435,64,407395
2441,0.00124,74.125.24.0-255,2902,74337,64,407395
2442,0.001242,172.31.40.0-255,66,74403,64,407395
2443,0.001247,74.125.24.0-255,4320,78723,64,407395
2444,0.001249,172.31.40.0-255,66,78789,64,407395
2445,0.001287,74.125.24.0-255,5379,84168,64,407395
2446,0.001289,172.31.40.0-255,66,84234,64,407395
2447,0.001345,74.125.24.0-255,4320,88554,64,407395
2448,0.001348,172.31.40.0-255,66,88620,64,407395
2449,0.001365,74.125.24.0-255,1484,90104,64,407395
2450,0.001371,74.125.24.0-255,4320,94424,64,407395
2451,0.001373,172.31.40.0-255,66,94490,64,407395
2452,0.001378,74.125.24.0-255,2902,97392,64,407395
2453,0.00138,172.31.40.0-255,66,97458,64,407395
2454,0.001398,74.125.24.0-255,3961,101419,64,407395
2455,0.0014,172.31.40.0-255,66,101485,64,407395
2456,0.001749,74.125.24.0-255,1484,102969,64,407395
2457,0.001758,74.125.24.0-255,2902,105871,64,407395
2458,0.001762,172.31.40.0-255,66,105937,64,407395
2459,0.00177,74.125.24.0-255,5738,111675,64,407395
2460,0.001772,172.31.40.0-255,66,111741,64,407395
2461,0.001791,74.125.24.0-255,5738,117479,64,407395
2462,0.001793,172.31.40.0-255,66,117545,64,407395
2463,0.001817,74.125.24.0-255,7156,124701,64,407395
2464,0.001819,172.31.40.0-255,66,124767,64,407395
2465,0.001829,172.31.40.0-255,66,124833,64,407395
2466,0.001854,74.125.24.0-255,2184,127017,64,407395
2467,0.001857,172.31.40.0-255,66,127083,64,407395
2468,0.003852,74.125.24.0-255,5738,132821,64,407395
2469,0.00386,172.31.40.0-255,66,132887,64,407395
2470,0.005887,74.125.24.0-255,4320,137207,64,407395
2471,0.005894,172.31.40.0-255,66,137273,64,407395
2472,0.005914,74.125.24.0-255,1484,138757,64,407395
2473,0.007942,74.125.24.0-255,4320,143077,64,407395
2474,0.007949,172.31.40.0-255,66,143143,64,407395
2475,0.009947,74.125.24.0-255,5738,148881,64,407395
2476,0.009954,172.31.40.0-255,66,148947,64,407395
2477,0.011954,74.125.24.0-255,5738,154685,64,407395
2478,0.011963,172.31.40.0-255,66,154751,64,407395
2479,0.013973,74.125.24.0-255,5738,160489,64,407395
2480,0.013983,172.31.40.0-255,66,160555,64,407395
2481,0.016001,74.125.24.0-255,5738,166293,64,407395
2482,0.01601,172.31.40.0-255,66,166359,64,407395
2483,0.018047,74.125.24.0-255,5738,172097,64,407395
2484,0.018055,172.31.40.0-255,66,172163,64,407395
2485,0.020067,74.125.24.0-255,5738,177901,64,407395
2486,0.020074,172.31.40.0-255,66,177967,64,407395
2487,0.022079,74.125.24.0-255,5738,183705,64,407395
2488,0.022087,172.31.40.0-255,66,183771,64,407395
2489,0.024076,74.125.24.0-255,5738,189509,64,407395
2490,0.024084,172.31.40.0-255,66,189575,64,407395
2491,0.026114,74.125.24.0-255,5738,195313,64,407395
2492,0.026122,172.31.40.0-255,66,195379,64,407395
2493,0.028155,74.125.24.0-255,5738,201117,64,407395
2494,0.028164,172.31.40.0-255,66,201183,64,407395
2495,0.030186,74.125.24.0-255,5738,206921,64,407395
2496,0.030194,172.31.40.0-255,66,206987,64,407395
2497,0.032214,74.125.24.0-255,5738,212725,64,407395
2498,0.032221,172.31.40.0-255,66,212791,64,407395
2499,0.034221,74.125.24.0-255,5738,218529,64,407395
2500,0.034228,172.31.40.0-255,66,218595,64,407395
2501,0.036256,74.125.24.0-255,5738,224333,64,407395
2502,0.036265,172.31.40.0-255,66,224399,64,407395
2503,0.038259,74.125.24.0-255,5738,230137,64,407395
2504,0.038266,172.31.40.0-255,66,230203,64,407395
2505,0.038436,172.31.40.0-255,172,230375,64,407395
2506,0.038467,172.31.40.0-255,1113,231488,64,407395
2507,0.038523,172.31.40.0-255,1514,233002,64,407395
2508,0.038525,172.31.40.0-255,1295,234297,64,407395
2509,0.039959,104.244.42.0-255,66,234363,64,407395
2510,0.040062,104.244.42.0-255,66,234429,64,407395
2511,0.040111,104.244.42.0-255,66,234495,64,407395
2512,0.040289,74.125.24.0-255,5738,240233,64,407395
2513,0.040295,172.31.40.0-255,66,240299,64,407395
2514,0.04231,74.125.24.0-255,5738,246037,64,407395
2515,0.042317,172.31.40.0-255,66,246103,64,407395
2516,0.044352,74.125.24.0-255,5738,251841,64,407395
2517,0.044375,172.31.40.0-255,66,251907,64,407395
2518,0.046439,74.125.24.0-255,5738,257645,64,407395
2519,0.046458,172.31.40.0-255,66,257711,64,407395
2520,0.048484,74.125.24.0-255,5738,263449,64,407395
2521,0.048496,172.31.40.0-255,66,263515,64,407395
2522,0.050575,74.125.24.0-255,5738,269253,64,407395
2523,0.050591,172.31.40.0-255,66,269319,64,407395
2524,0.052612,74.125.24.0-255,5738,275057,64,407395
2525,0.052629,172.31.40.0-255,66,275123,64,407395
2526,0.054679,74.125.24.0-255,5738,280861,64,407395
2527,0.054695,172.31.40.0-255,66,280927,64,407395
2528,0.056746,74.125.24.0-255,5738,286665,64,407395
2529,0.056757,172.31.40.0-255,66,286731,64,407395
2530,0.058812,74.125.24.0-255,5738,292469,64,407395
2531,0.058821,172.31.40.0-255,66,292535,64,407395
2532,0.06085,74.125.24.0-255,5738,298273,64,407395
2533,0.060864,172.31.40.0-255,66,298339,64,407395
2534,0.062908,74.125.24.0-255,5738,304077,64,407395
2535,0.062924,172.31.40.0-255,66,304143,64,407395
2536,0.064912,74.125.24.0-255,2902,307045,64,407395
2537,0.06492,172.31.40.0-255,66,307111,64,407395
2538,0.064941,74.125.24.0-255,2902,310013,64,407395
2539,0.064944,172.31.40.0-255,66,310079,64,407395
2540,0.066952,74.125.24.0-255,5738,315817,64,407395
2541,0.066959,172.31.40.0-255,66,315883,64,407395
2542,0.068997,74.125.24.0-255,5738,321621,64,407395
2543,0.069012,172.31.40.0-255,66,321687,64,407395
2544,0.071079,74.125.24.0-255,5738,327425,64,407395
2545,0.071095,172.31.40.0-255,66,327491,64,407395
2546,0.07313,74.125.24.0-255,5738,333229,64,407395
2547,0.073145,172.31.40.0-255,66,333295,64,407395
2548,0.075147,74.125.24.0-255,5738,339033,64,407395
2549,0.075159,172.31.40.0-255,66,339099,64,407395
2550,0.077159,74.125.24.0-255,5738,344837,64,407395
2551,0.077173,172.31.40.0-255,66,344903,64,407395
2552,0.079188,74.125.24.0-255,5738,350641,64,407395
2553,0.079204,172.31.40.0-255,66,350707,64,407395
2554,0.081238,74.125.24.0-255,5738,356445,64,407395
2555,0.081253,172.31.40.0-255,66,356511,64,407395
2556,0.083279,74.125.24.0-255,5738,362249,64,407395
2557,0.083285,172.31.40.0-255,66,362315,64,407395
2558,0.085296,74.125.24.0-255,5738,368053,64,407395
2559,0.085302,172.31.40.0-255,66,368119,64,407395
2560,0.087318,74.125.24.0-255,5738,373857,64,407395
2561,0.087324,172.31.40.0-255,66,373923,64,407395
2562,0.089373,74.125.24.0-255,4320,378243,64,407395
2563,0.089381,172.31.40.0-255,66,378309,64,407395
2564,0.089403,74.125.24.0-255,1484,379793,64,407395
2565,0.091404,74.125.24.0-255,4320,384113,64,407395
2566,0.091412,172.31.40.0-255,66,384179,64,407395
2567,0.093463,74.125.24.0-255,5738,389917,64,407395
2568,0.09347,172.31.40.0-255,66,389983,64,407395
2569,0.095506,74.125.24.0-255,5738,395721,64,407395
2570,0.095514,172.31.40.0-255,66,395787,64,407395
2571,0.097567,74.125.24.0-255,5738,401525,64,407395
2572,0.097574,172.31.40.0-255,66,401591,64,407395
2573,0.099601,74.125.24.0-255,5738,407329,64,407395
2574,0.099607,172.31.40.0-255,66,407395,64,407395
2575,0.0,172.217.194.0-255,143,143,64,245885
2576,2.2e-05,172.31.40.0-255,66,209,64,245885
2577,2.9e-05,172.217.194.0-255,1484,1693,64,245885
2578,3.4e-05,172.31.40.0-255,66,1759,64,245885
2579,4.6e-05,172.217.194.0-255,2902,4661,64,245885
2580,5e-05,172.31.40.0-255,66,4727,64,245885
2581,5.6e-05,172.217.194.0-255,4320,9047,64,245885
2582,5.9e-05,172.31.40.0-255,66,9113,64,245885
2583,7.6e-05,172.217.194.0-255,1484,10597,64,245885
2584,7.9e-05,172.31.40.0-255,66,10663,64,245885
2585,8.9e-05,172.217.194.0-255,3457,14120,64,245885
2586,9.2e-05,172.31.40.0-255,66,14186,64,245885
2587,0.000151,172.217.194.0-255,1484,15670,64,245885
2588,0.000154,172.31.40.0-255,66,15736,64,245885
2589,0.000172,172.217.194.0-255,2902,18638,64,245885
2590,0.000174,172.31.40.0-255,66,18704,64,245885
2591,0.000179,172.217.194.0-255,2902,21606,64,245885
2592,0.000181,172.31.40.0-255,66,21672,64,245885
2593,0.0002,172.217.194.0-255,2902,24574,64,245885
2594,0.000203,172.31.40.0-255,66,24640,64,245885
2595,0.000215,172.217.194.0-255,6797,31437,64,245885
2596,0.000217,172.31.40.0-255,66,31503,64,245885
2597,0.00025,172.217.194.0-255,4320,35823,64,245885
2598,0.000252,172.31.40.0-255,66,35889,64,245885
2599,0.000259,172.217.194.0-255,5738,41627,64,245885
2600,0.000261,172.31.40.0-255,66,41693,64,245885
2601,0.000305,172.217.194.0-255,6797,48490,64,245885
2602,0.000308,172.31.40.0-255,66,48556,64,245885
2603,0.000622,172.217.194.0-255,1484,50040,64,245885
2604,0.000637,172.31.40.0-255,66,50106,64,245885
2605,0.000644,172.217.194.0-255,2902,53008,64,245885
2606,0.000647,172.31.40.0-255,66,53074,64,245885
2607,0.000651,172.217.194.0-255,2902,55976,64,245885
2608,0.000657,172.31.40.0-255,66,56042,64,245885
2609,0.000664,172.217.194.0-255,7156,63198,64,245885
2610,0.000666,172.31.40.0-255,66,63264,64,245885
2611,0.000695,172.217.194.0-255,3123,66387,64,245885
2612,0.000697,172.31.40.0-255,66,66453,64,245885
2613,0.000734,172.217.194.0-255,2902,69355,64,245885
2614,0.000736,172.31.40.0-255,66,69421,64,245885
2615,0.000746,172.217.194.0-255,1484,70905,64,245885
2616,0.000754,172.217.194.0-255,2902,73807,64,245885
2617,0.000756,172.31.40.0-255,66,73873,64,245885
2618,0.000781,172.217.194.0-255,2902,76775,64,245885
2619,0.000783,172.31.40.0-255,66,76841,64,245885
2620,0.000811,172.217.194.0-255,6797,83638,64,245885
2621,0.000813,172.31.40.0-255,66,83704,64,245885
2622,0.001007,172.217.194.0-255,1484,85188,64,245885
2623,0.001013,172.217.194.0-255,2902,88090,64,245885
2624,0.001016,172.31.40.0-255,66,88156,64,245885
2625,0.001045,172.217.194.0-255,5738,93894,64,245885
2626,0.001048,172.31.40.0-255,66,93960,64,245885
2627,0.001055,172.217.194.0-255,7156,101116,64,245885
2628,0.001057,172.31.40.0-255,66,101182,64,245885
2629,0.001079,172.217.194.0-255,5738,106920,64,245885
2630,0.001082,172.31.40.0-255,66,106986,64,245885
2631,0.001117,172.31.40.0-255,66,107052,64,245885
2632,0.001121,172.217.194.0-255,2184,109236,64,245885
2633,0.001123,172.31.40.0-255,66,109302,64,245885
2634,0.001298,172.217.194.0-255,1484,110786,64,245885
2635,0.001303,172.217.194.0-255,2902,113688,64,245885
2636,0.001306,172.31.40.0-255,66,113754,64,245885
2637,0.001328,172.217.194.0-255,5738,119492,64,245885
2638,0.00133,172.31.40.0-255,66,119558,64,245885
2639,0.001361,172.31.40.0-255,66,119624,64,245885
2640,0.001367,172.217.194.0-255,5738,125362,64,245885
2641,0.001368,172.31.40.0-255,66,125428,64,245885
2642,0.00139,172.217.194.0-255,2902,128330,64,245885
2643,0.001393,172.31.40.0-255,66,128396,64,245885
2644,0.001398,172.217.194.0-255,5738,134134,64,245885
2645,0.0014,172.31.40.0-255,66,134200,64,245885
2646,0.001433,172.31.40.0-255,66,134266,64,245885
2647,0.001439,172.217.194.0-255,5020,139286,64,245885
2648,0.001441,172.31.40.0-255,66,139352,64,245885
2649,0.001475,172.217.194.0-255,5738,145090,64,245885
2650,0.001477,172.31.40.0-255,66,145156,64,245885
2651,0.001483,172.217.194.0-255,7156,152312,64,245885
2652,0.001485,172.31.40.0-255,66,152378,64,245885
2653,0.001489,172.217.194.0-255,2902,155280,64,245885
2654,0.001496,172.31.40.0-255,66,155346,64,245885
2655,0.001537,172.31.40.0-255,66,155412,64,245885
2656,0.001543,172.217.194.0-255,6438,161850,64,245885
2657,0.001545,172.31.40.0-255,66,161916,64,245885
2658,0.001558,172.217.194.0-255,1484,163400,64,245885
2659,0.001587,172.31.40.0-255,66,163466,64,245885
2660,0.001602,172.31.40.0-255,66,163532,64,245885
2661,0.001628,172.217.194.0-255,2902,166434,64,245885
2662,0.00163,172.31.40.0-255,66,166500,64,245885
2663,0.001663,172.31.40.0-255,66,166566,64,245885
2664,0.001701,172.31.40.0-255,66,166632,64,245885
2665,0.001717,172.31.40.0-255,66,166698,64,245885
2666,0.001743,172.217.194.0-255,4320,171018,64,245885
2667,0.001745,172.31.40.0-255,66,171084,64,245885
2668,0.001752,172.217.194.0-255,6438,177522,64,245885
2669,0.001917,172.217.194.0-255,1484,179006,64,245885
2670,0.001932,172.217.194.0-255,2902,181908,64,245885
2671,0.001935,172.217.194.0-255,1484,183392,64,245885
2672,0.001955,172.217.194.0-255,4320,187712,64,245885
2673,0.002028,172.217.194.0-255,2184,189896,64,245885
2674,0.002042,172.217.194.0-255,1484,191380,64,245885
2675,0.002053,172.217.194.0-255,1484,192864,64,245885
2676,0.002057,172.217.194.0-255,2902,195766,64,245885
2677,0.002076,172.217.194.0-255,4320,200086,64,245885
2678,0.002082,172.217.194.0-255,5738,205824,64,245885
2679,0.002102,172.217.194.0-255,5738,211562,64,245885
2680,0.002124,172.217.194.0-255,4320,215882,64,245885
2681,0.00214,172.217.194.0-255,1484,217366,64,245885
2682,0.002219,172.217.194.0-255,4320,221686,64,245885
2683,0.002257,172.217.194.0-255,7156,228842,64,245885
2684,0.002259,172.217.194.0-255,1484,230326,64,245885
2685,0.002277,172.217.194.0-255,5738,236064,64,245885
2686,0.002289,172.217.194.0-255,5020,241084,64,245885
2687,0.004615,172.31.40.0-255,66,241150,64,245885
2688,0.006888,172.217.194.0-255,105,241255,64,245885
2689,0.007331,172.31.40.0-255,101,241356,64,245885
2690,0.007644,172.31.40.0-255,105,241461,64,245885
2691,0.009805,172.217.194.0-255,66,241527,64,245885
2692,0.010112,172.217.194.0-255,66,241593,64,245885
2693,0.030135,172.31.40.0-255,172,241765,64,245885
2694,0.030167,172.31.40.0-255,1111,242876,64,245885
2695,0.03023,172.31.40.0-255,1514,244390,64,245885
2696,0.030232,172.31.40.0-255,1297,245687,64,245885
2697,0.031645,104.244.42.0-255,66,245753,64,245885
2698,0.031689,104.244.42.0-255,66,245819,64,245885
2699,0.031782,104.244.42.0-255,66,245885,64,245885
2700,0.0,74.125.68.0-255,153,153,64,399742
2701,2.3e-05,172.31.40.0-255,66,219,64,399742
2702,3.1e-05,74.125.68.0-255,1484,1703,64,399742
2703,3.5e-05,172.31.40.0-255,66,1769,64,399742
2704,4.1e-05,74.125.68.0-255,2902,4671,64,399742
2705,4.4e-05,172.31.40.0-255,66,4737,64,399742
2706,6.3e-05,74.125.68.0-255,1484,6221,64,399742
2707,6.6e-05,172.31.40.0-255,66,6287,64,399742
2708,8.4e-05,74.125.68.0-255,2902,9189,64,399742
2709,8.7e-05,172.31.40.0-255,66,9255,64,399742
2710,0.0001,74.125.68.0-255,1484,10739,64,399742
2711,0.000102,172.31.40.0-255,66,10805,64,399742
2712,0.000107,74.125.68.0-255,2902,13707,64,399742
2713,0.00011,172.31.40.0-255,66,13773,64,399742
2714,0.000143,74.125.68.0-255,4320,18093,64,399742
2715,0.000145,172.31.40.0-255,66,18159,64,399742
2716,0.000165,74.125.68.0-255,2100,20259,64,399742
2717,0.000168,172.31.40.0-255,66,20325,64,399742
2718,0.000173,74.125.68.0-255,2902,23227,64,399742
2719,0.000175,172.31.40.0-255,66,23293,64,399742
2720,0.000179,74.125.68.0-255,1484,24777,64,399742
2721,0.00018,172.31.40.0-255,66,24843,64,399742
2722,0.000207,74.125.68.0-255,2902,27745,64,399742
2723,0.000209,172.31.40.0-255,66,27811,64,399742
2724,0.000215,74.125.68.0-255,3961,31772,64,399742
2725,0.000217,172.31.40.0-255,66,31838,64,399742
2726,0.000301,74.125.68.0-255,1484,33322,64,399742
2727,0.000304,172.31.40.0-255,66,33388,64,399742
2728,0.000324,74.125.68.0-255,2902,36290,64,399742
2729,0.000326,172.31.40.0-255,66,36356,64,399742
2730,0.000354,74.125.68.0-255,5738,42094,64,399742
2731,0.000357,172.31.40.0-255,66,42160,64,399742
2732,0.000363,74.125.68.0-255,5738,47898,64,399742
2733,0.000365,172.31.40.0-255,66,47964,64,399742
2734,0.000386,74.125.68.0-255,1484,49448,64,399742
2735,0.000389,172.31.40.0-255,66,49514,64,399742
2736,0.000414,74.125.68.0-255,5379,54893,64,399742
2737,0.000417,172.31.40.0-255,66,54959,64,399742
2738,0.000421,74.125.68.0-255,2902,57861,64,399742
2739,0.000423,172.31.40.0-255,66,57927,64,399742
2740,0.000429,74.125.68.0-255,4320,62247,64,399742
2741,0.000431,172.31.40.0-255,66,62313,64,399742
2742,0.000471,74.125.68.0-255,4271,66584,64,399742
2743,0.000474,172.31.40.0-255,66,66650,64,399742
2744,0.000492,74.125.68.0-255,377,67027,64,399742
2745,0.000629,74.125.68.0-255,1484,68511,64,399742
2746,0.000647,74.125.68.0-255,2902,71413,64,399742
2747,0.000651,74.125.68.0-255,1484,72897,64,399742
2748,0.000668,74.125.68.0-255,4320,77217,64,399742
2749,0.000673,74.125.68.0-255,2902,80119,64,399742
2750,0.00069,74.125.68.0-255,4320,84439,64,399742
2751,0.000714,74.125.68.0-255,4320,88759,64,399742
2752,0.000765,74.125.68.0-255,3602,92361,64,399742
2753,0.001554,172.31.40.0-255,66,92427,64,399742
2754,0.001857,74.125.68.0-255,1484,93911,64,399742
2755,0.001864,74.125.68.0-255,2902,96813,64,399742
2756,0.001867,74.125.68.0-255,1484,98297,64,399742
2757,0.001882,74.125.68.0-255,2902,101199,64,399742
2758,0.001892,172.31.40.0-255,66,101265,64,399742
2759,0.001925,74.125.68.0-255,2902,104167,64,399742
2760,0.001937,172.31.40.0-255,66,104233,64,399742
2761,0.00195,74.125.68.0-255,4320,108553,64,399742
2762,0.002013,74.125.68.0-255,4320,112873,64,399742
2763,0.002017,74.125.68.0-255,4320,117193,64,399742
2764,0.00202,172.31.40.0-255,66,117259,64,399742
2765,0.002025,172.31.40.0-255,66,117325,64,399742
2766,0.003997,74.125.68.0-255,5738,123063,64,399742
2767,0.004003,172.31.40.0-255,66,123129,64,399742
2768,0.005964,74.125.68.0-255,5738,128867,64,399742
2769,0.005968,172.31.40.0-255,66,128933,64,399742
2770,0.007929,74.125.68.0-255,2902,131835,64,399742
2771,0.007942,74.125.68.0-255,2902,134737,64,399742
2772,0.009058,172.31.40.0-255,66,134803,64,399742
2773,0.011043,74.125.68.0-255,5738,140541,64,399742
2774,0.011055,172.31.40.0-255,66,140607,64,399742
2775,0.013024,74.125.68.0-255,5738,146345,64,399742
2776,0.013032,172.31.40.0-255,66,146411,64,399742
2777,0.015,74.125.68.0-255,5738,152149,64,399742
2778,0.015007,172.31.40.0-255,66,152215,64,399742
2779,0.016981,74.125.68.0-255,5738,157953,64,399742
2780,0.016992,172.31.40.0-255,66,158019,64,399742
2781,0.018969,74.125.68.0-255,5738,163757,64,399742
2782,0.018977,172.31.40.0-255,66,163823,64,399742
2783,0.020946,74.125.68.0-255,5738,169561,64,399742
2784,0.020954,172.31.40.0-255,66,169627,64,399742
2785,0.022928,74.125.68.0-255,5738,175365,64,399742
2786,0.022936,172.31.40.0-255,66,175431,64,399742
2787,0.024916,74.125.68.0-255,5738,181169,64,399742
2788,0.024926,172.31.40.0-255,66,181235,64,399742
2789,0.0269,74.125.68.0-255,5738,186973,64,399742
2790,0.026907,172.31.40.0-255,66,187039,64,399742
2791,0.028883,74.125.68.0-255,5738,192777,64,399742
2792,0.02889,172.31.40.0-255,66,192843,64,399742
2793,0.030866,74.125.68.0-255,5738,198581,64,399742
2794,0.030874,172.31.40.0-255,66,198647,64,399742
2795,0.032857,74.125.68.0-255,5738,204385,64,399742
2796,0.032864,172.31.40.0-255,66,204451,64,399742
2797,0.034136,172.31.40.0-255,171,204622,64,399742
2798,0.034167,172.31.40.0-255,1137,205759,64,399742
2799,0.034227,172.31.40.0-255,1514,207273,64,399742
2800,0.034229,172.31.40.0-255,1273,208546,64,399742
2801,0.034856,74.125.68.0-255,5738,214284,64,399742
2802,0.034863,172.31.40.0-255,66,214350,64,399742
2803,0.035619,104.244.42.0-255,66,214416,64,399742
2804,0.035656,104.244.42.0-255,66,214482,64,399742
2805,0.035724,104.244.42.0-255,66,214548,64,399742
2806,0.036841,74.125.68.0-255,5738,220286,64,399742
2807,0.036849,172.31.40.0-255,66,220352,64,399742
2808,0.038827,74.125.68.0-255,5738,226090,64,399742
2809,0.038841,172.31.40.0-255,66,226156,64,399742
2810,0.04083,74.125.68.0-255,5738,231894,64,399742
2811,0.040844,172.31.40.0-255,66,231960,64,399742
2812,0.042827,74.125.68.0-255,5738,237698,64,399742
2813,0.042841,172.31.40.0-255,66,237764,64,399742
2814,0.044817,74.125.68.0-255,5738,243502,64,399742
2815,0.044828,172.31.40.0-255,66,243568,64,399742
2816,0.046805,74.125.68.0-255,5738,249306,64,399742
2817,0.046826,172.31.40.0-255,66,249372,64,399742
2818,0.048808,74.125.68.0-255,5738,255110,64,399742
2819,0.048821,172.31.40.0-255,66,255176,64,399742
2820,0.05079,74.125.68.0-255,5738,260914,64,399742
2821,0.050798,172.31.40.0-255,66,260980,64,399742
2822,0.052766,74.125.68.0-255,5738,266718,64,399742
2823,0.052773,172.31.40.0-255,66,266784,64,399742
2824,0.05474,74.125.68.0-255,5738,272522,64,399742
2825,0.054749,172.31.40.0-255,66,272588,64,399742
2826,0.056734,74.125.68.0-255,5738,278326,64,399742
2827,0.056749,172.31.40.0-255,66,278392,64,399742
2828,0.058733,74.125.68.0-255,5738,284130,64,399742
2829,0.058748,172.31.40.0-255,66,284196,64,399742
2830,0.060789,74.125.68.0-255,5738,289934,64,399742
2831,0.060804,172.31.40.0-255,66,290000,64,399742
2832,0.062781,74.125.68.0-255,5738,295738,64,399742
2833,0.062797,172.31.40.0-255,66,295804,64,399742
2834,0.06479,74.125.68.0-255,5738,301542,64,399742
2835,0.064805,172.31.40.0-255,66,301608,64,399742
2836,0.066787,74.125.68.0-255,5738,307346,64,399742
2837,0.0668,172.31.40.0-255,66,307412,64,399742
2838,0.068774,74.125.68.0-255,5738,313150,64,399742
2839,0.068781,172.31.40.0-255,66,313216,64,399742
2840,0.070771,74.125.68.0-255,5738,318954,64,399742
2841,0.071482,172.31.40.0-255,66,319020,64,399742
2842,0.073468,74.125.68.0-255,5738,324758,64,399742
2843,0.073482,172.31.40.0-255,66,324824,64,399742
2844,0.075472,74.125.68.0-255,5738,330562,64,399742
2845,0.075487,172.31.40.0-255,66,330628,64,399742
2846,0.077476,74.125.68.0-255,5738,336366,64,399742
2847,0.07749,172.31.40.0-255,66,336432,64,399742
2848,0.079482,74.125.68.0-255,5738,342170,64,399742
2849,0.079496,172.31.40.0-255,66,342236,64,399742
2850,0.081485,74.125.68.0-255,5738,347974,64,399742
2851,0.0815,172.31.40.0-255,66,348040,64,399742
2852,0.08349,74.125.68.0-255,5738,353778,64,399742
2853,0.083503,172.31.40.0-255,66,353844,64,399742
2854,0.085496,74.125.68.0-255,5738,359582,64,399742
2855,0.085505,172.31.40.0-255,66,359648,64,399742
2856,0.087473,74.125.68.0-255,5738,365386,64,399742
2857,0.088015,172.31.40.0-255,66,365452,64,399742
2858,0.090001,74.125.68.0-255,5738,371190,64,399742
2859,0.090018,172.31.40.0-255,66,371256,64,399742
2860,0.092014,74.125.68.0-255,5738,376994,64,399742
2861,0.092029,172.31.40.0-255,66,377060,64,399742
2862,0.094011,74.125.68.0-255,5738,382798,64,399742
2863,0.094024,172.31.40.0-255,66,382864,64,399742
2864,0.096004,74.125.68.0-255,5738,388602,64,399742
2865,0.096018,172.31.40.0-255,66,388668,64,399742
2866,0.098004,74.125.68.0-255,5738,394406,64,399742
2867,0.098014,172.31.40.0-255,66,394472,64,399742
2868,0.09999,74.125.68.0-255,5204,399676,64,399742
2869,0.099997,172.31.40.0-255,66,399742,64,399742
2870,0.0,74.125.24.0-255,296,296,64,267383
2871,2.3e-05,172.31.40.0-255,66,362,64,267383
2872,3e-05,74.125.24.0-255,1484,1846,64,267383
2873,3.4e-05,172.31.40.0-255,66,1912,64,267383
2874,4.9e-05,74.125.24.0-255,4320,6232,64,267383
2875,5.3e-05,172.31.40.0-255,66,6298,64,267383
2876,5.8e-05,74.125.24.0-255,2902,9200,64,267383
2877,6.1e-05,172.31.40.0-255,66,9266,64,267383
2878,7.4e-05,172.31.40.0-255,66,9332,64,267383
2879,0.000136,172.31.40.0-255,66,9398,64,267383
2880,0.000173,74.125.24.0-255,1484,10882,64,267383
2881,0.000175,172.31.40.0-255,66,10948,64,267383
2882,0.000193,74.125.24.0-255,2902,13850,64,267383
2883,0.000196,172.31.40.0-255,66,13916,64,267383
2884,0.000202,74.125.24.0-255,5738,19654,64,267383
2885,0.000204,172.31.40.0-255,66,19720,64,267383
2886,0.000232,74.125.24.0-255,5738,25458,64,267383
2887,0.000234,172.31.40.0-255,66,25524,64,267383
2888,0.000266,172.31.40.0-255,66,25590,64,267383
2889,0.000274,74.125.24.0-255,7156,32746,64,267383
2890,0.000276,172.31.40.0-255,66,32812,64,267383
2891,0.000306,74.125.24.0-255,2814,35626,64,267383
2892,0.000311,172.31.40.0-255,66,35692,64,267383
2893,0.000322,74.125.24.0-255,384,36076,64,267383
2894,0.000328,172.31.40.0-255,66,36142,64,267383
2895,0.000531,74.125.24.0-255,1484,37626,64,267383
2896,0.000537,172.31.40.0-255,66,37692,64,267383
2897,0.000542,74.125.24.0-255,2902,40594,64,267383
2898,0.000544,172.31.40.0-255,66,40660,64,267383
2899,0.00055,74.125.24.0-255,4320,44980,64,267383
2900,0.000557,172.31.40.0-255,66,45046,64,267383
2901,0.000597,74.125.24.0-255,1484,46530,64,267383
2902,0.000611,172.31.40.0-255,66,46596,64,267383
2903,0.000629,172.31.40.0-255,66,46662,64,267383
2904,0.000665,74.125.24.0-255,1484,48146,64,267383
2905,0.000682,74.125.24.0-255,2902,51048,64,267383
2906,0.000684,172.31.40.0-255,66,51114,64,267383
2907,0.000692,74.125.24.0-255,5738,56852,64,267383
2908,0.000694,172.31.40.0-255,66,56918,64,267383
2909,0.000702,74.125.24.0-255,1484,58402,64,267383
2910,0.000727,74.125.24.0-255,5738,64140,64,267383
2911,0.00073,172.31.40.0-255,66,64206,64,267383
2912,0.000734,74.125.24.0-255,2902,67108,64,267383
2913,0.000737,172.31.40.0-255,66,67174,64,267383
2914,0.000765,172.31.40.0-255,66,67240,64,267383
2915,0.00077,74.125.24.0-255,2184,69424,64,267383
2916,0.000772,172.31.40.0-255,66,69490,64,267383
2917,0.000792,74.125.24.0-255,1484,70974,64,267383
2918,0.000811,74.125.24.0-255,2902,73876,64,267383
2919,0.000815,172.31.40.0-255,66,73942,64,267383
2920,0.000841,74.125.24.0-255,5738,79680,64,267383
2921,0.000844,172.31.40.0-255,66,79746,64,267383
2922,0.000857,172.31.40.0-255,66,79812,64,267383
2923,0.000872,172.31.40.0-255,66,79878,64,267383
2924,0.000897,74.125.24.0-255,2184,82062,64,267383
2925,0.0009,172.31.40.0-255,66,82128,64,267383
2926,0.001228,74.125.24.0-255,1484,83612,64,267383
2927,0.001233,74.125.24.0-255,1484,85096,64,267383
2928,0.001236,172.31.40.0-255,66,85162,64,267383
2929,0.001268,74.125.24.0-255,1484,86646,64,267383
2930,0.001273,74.125.24.0-255,2902,89548,64,267383
2931,0.001276,172.31.40.0-255,66,89614,64,267383
2932,0.001283,74.125.24.0-255,7156,96770,64,267383
2933,0.001285,172.31.40.0-255,66,96836,64,267383
2934,0.001319,172.31.40.0-255,66,96902,64,267383
2935,0.001349,74.125.24.0-255,5738,102640,64,267383
2936,0.001351,172.31.40.0-255,66,102706,64,267383
2937,0.001357,74.125.24.0-255,3053,105759,64,267383
2938,0.001359,172.31.40.0-255,66,105825,64,267383
2939,0.001368,74.125.24.0-255,1484,107309,64,267383
2940,0.001372,74.125.24.0-255,2902,110211,64,267383
2941,0.001374,172.31.40.0-255,66,110277,64,267383
2942,0.001473,74.125.24.0-255,5738,116015,64,267383
2943,0.001476,172.31.40.0-255,66,116081,64,267383
2944,0.001481,74.125.24.0-255,2902,118983,64,267383
2945,0.001483,172.31.40.0-255,66,119049,64,267383
2946,0.001498,172.31.40.0-255,66,119115,64,267383
2947,0.001504,74.125.24.0-255,5738,124853,64,267383
2948,0.001507,172.31.40.0-255,66,124919,64,267383
2949,0.001536,74.125.24.0-255,5020,129939,64,267383
2950,0.001539,172.31.40.0-255,66,130005,64,267383
2951,0.001586,74.125.24.0-255,1484,131489,64,267383
2952,0.0016,74.125.24.0-255,2902,134391,64,267383
2953,0.001603,172.31.40.0-255,66,134457,64,267383
2954,0.001607,74.125.24.0-255,1484,135941,64,267383
2955,0.001631,74.125.24.0-255,4320,140261,64,267383
2956,0.001638,74.125.24.0-255,7156,147417,64,267383
2957,0.001647,172.31.40.0-255,66,147483,64,267383
2958,0.001655,172.31.40.0-255,66,147549,64,267383
2959,0.001667,74.125.24.0-255,5738,153287,64,267383
2960,0.001669,172.31.40.0-255,66,153353,64,267383
2961,0.001681,172.31.40.0-255,66,153419,64,267383
2962,0.001875,74.125.24.0-255,1484,154903,64,267383
2963,0.001882,74.125.24.0-255,2902,157805,64,267383
2964,0.001886,172.31.40.0-255,66,157871,64,267383
2965,0.001891,74.125.24.0-255,2902,160773,64,267383
2966,0.001893,172.31.40.0-255,66,160839,64,267383
2967,0.001912,74.125.24.0-255,2902,163741,64,267383
2968,0.001915,172.31.40.0-255,66,163807,64,267383
2969,0.001925,74.125.24.0-255,5738,169545,64,267383
2970,0.001927,172.31.40.0-255,66,169611,64,267383
2971,0.001931,74.125.24.0-255,2902,172513,64,267383
2972,0.001934,172.31.40.0-255,66,172579,64,267383
2973,0.001979,172.31.40.0-255,66,172645,64,267383
2974,0.001986,74.125.24.0-255,5020,177665,64,267383
2975,0.001988,172.31.40.0-255,66,177731,64,267383
2976,0.002251,74.125.24.0-255,1484,179215,64,267383
2977,0.002256,74.125.24.0-255,1484,180699,64,267383
2978,0.002259,172.31.40.0-255,66,180765,64,267383
2979,0.002278,74.125.24.0-255,1484,182249,64,267383
2980,0.002284,74.125.24.0-255,5738,187987,64,267383
2981,0.002286,172.31.40.0-255,66,188053,64,267383
2982,0.002294,74.125.24.0-255,5738,193791,64,267383
2983,0.002296,172.31.40.0-255,66,193857,64,267383
2984,0.002334,74.125.24.0-255,7156,201013,64,267383
2985,0.002337,172.31.40.0-255,66,201079,64,267383
2986,0.002371,172.31.40.0-255,66,201145,64,267383
2987,0.00257,74.125.24.0-255,1484,202629,64,267383
2988,0.002576,74.125.24.0-255,2902,205531,64,267383
2989,0.002579,172.31.40.0-255,66,205597,64,267383
2990,0.002586,74.125.24.0-255,4320,209917,64,267383
2991,0.002588,172.31.40.0-255,66,209983,64,267383
2992,0.00262,74.125.24.0-255,1484,211467,64,267383
2993,0.002635,172.31.40.0-255,66,211533,64,267383
2994,0.002642,74.125.24.0-255,7156,218689,64,267383
2995,0.002644,172.31.40.0-255,66,218755,64,267383
2996,0.005266,74.125.24.0-255,5738,224493,64,267383
2997,0.005274,172.31.40.0-255,66,224559,64,267383
2998,0.007943,74.125.24.0-255,5738,230297,64,267383
2999,0.007958,172.31.40.0-255,66,230363,64,267383
3000,0.010577,74.125.24.0-255,5738,236101,64,267383
3001,0.01058,172.31.40.0-255,66,236167,64,267383
3002,0.013235,74.125.24.0-255,5738,241905,64,267383
3003,0.013249,172.31.40.0-255,66,241971,64,267383
3004,0.015878,74.125.24.0-255,5738,247709,64,267383
3005,0.015895,172.31.40.0-255,66,247775,64,267383
3006,0.018546,74.125.24.0-255,5738,253513,64,267383
3007,0.018564,172.31.40.0-255,66,253579,64,267383
3008,0.021166,74.125.24.0-255,5738,259317,64,267383
3009,0.021175,172.31.40.0-255,66,259383,64,267383
3010,0.023819,74.125.24.0-255,4440,263823,64,267383
3011,0.023834,172.31.40.0-255,66,263889,64,267383
3012,0.02414,172.31.40.0-255,105,263994,64,267383
3013,0.02673,74.125.24.0-255,66,264060,64,267383
3014,0.033401,172.31.40.0-255,166,264226,64,267383
3015,0.033434,172.31.40.0-255,1131,265357,64,267383
3016,0.033508,172.31.40.0-255,1514,266871,64,267383
3017,0.03351,172.31.40.0-255,314,267185,64,267383
3018,0.03497,104.244.42.0-255,66,267251,64,267383
3019,0.03505,104.244.42.0-255,66,267317,64,267383
3020,0.035104,104.244.42.0-255,66,267383,64,267383
3021,0.0,74.125.130.0-255,152,152,64,261984
3022,2e-05,172.31.40.0-255,66,218,64,261984
3023,2.7e-05,74.125.130.0-255,1484,1702,64,261984
3024,3.2e-05,172.31.40.0-255,66,1768,64,261984
3025,3.7e-05,74.125.130.0-255,2902,4670,64,261984
3026,4.8e-05,172.31.40.0-255,66,4736,64,261984
3027,5.6e-05,74.125.130.0-255,7156,11892,64,261984
3028,6e-05,172.31.40.0-255,66,11958,64,261984
3029,6.4e-05,74.125.130.0-255,2031,13989,64,261984
3030,6.7e-05,172.31.40.0-255,66,14055,64,261984
3031,9e-05,74.125.130.0-255,1484,15539,64,261984
3032,9.7e-05,172.31.40.0-255,66,15605,64,261984
3033,0.000102,74.125.130.0-255,2902,18507,64,261984
3034,0.000105,172.31.40.0-255,66,18573,64,261984
3035,0.000108,74.125.130.0-255,1484,20057,64,261984
3036,0.00011,172.31.40.0-255,66,20123,64,261984
3037,0.000139,74.125.130.0-255,4320,24443,64,261984
3038,0.000142,172.31.40.0-255,66,24509,64,261984
3039,0.000149,74.125.130.0-255,5738,30247,64,261984
3040,0.000152,172.31.40.0-255,66,30313,64,261984
3041,0.00018,74.125.130.0-255,1125,31438,64,261984
3042,0.000183,172.31.40.0-255,66,31504,64,261984
3043,0.000282,74.125.130.0-255,1484,32988,64,261984
3044,0.000286,172.31.40.0-255,66,33054,64,261984
3045,0.000314,74.125.130.0-255,2902,35956,64,261984
3046,0.000316,172.31.40.0-255,66,36022,64,261984
3047,0.000322,74.125.130.0-255,4320,40342,64,261984
3048,0.000324,172.31.40.0-255,66,40408,64,261984
3049,0.00033,74.125.130.0-255,4320,44728,64,261984
3050,0.000336,172.31.40.0-255,66,44794,64,261984
3051,0.000373,74.125.130.0-255,5379,50173,64,261984
3052,0.000377,172.31.40.0-255,66,50239,64,261984
3053,0.000389,172.31.40.0-255,66,50305,64,261984
3054,0.000392,74.125.130.0-255,1484,51789,64,261984
3055,0.000427,74.125.130.0-255,4271,56060,64,261984
3056,0.00043,172.31.40.0-255,66,56126,64,261984
3057,0.000433,74.125.130.0-255,98,56224,64,261984
3058,0.000516,74.125.130.0-255,1484,57708,64,261984
3059,0.00052,172.31.40.0-255,66,57774,64,261984
3060,0.000547,74.125.130.0-255,2902,60676,64,261984
3061,0.00055,172.31.40.0-255,66,60742,64,261984
3062,0.000556,74.125.130.0-255,5738,66480,64,261984
3063,0.000559,172.31.40.0-255,66,66546,64,261984
3064,0.000565,74.125.130.0-255,5738,72284,64,261984
3065,0.000567,172.31.40.0-255,66,72350,64,261984
3066,0.000596,74.125.130.0-255,1125,73475,64,261984
3067,0.000617,74.125.130.0-255,1484,74959,64,261984
3068,0.00062,172.31.40.0-255,66,75025,64,261984
3069,0.000653,74.125.130.0-255,4320,79345,64,261984
3070,0.000656,172.31.40.0-255,66,79411,64,261984
3071,0.000667,172.31.40.0-255,66,79477,64,261984
3072,0.000673,74.125.130.0-255,1125,80602,64,261984
3073,0.001185,74.125.130.0-255,1484,82086,64,261984
3074,0.00119,172.31.40.0-255,66,82152,64,261984
3075,0.001196,74.125.130.0-255,2902,85054,64,261984
3076,0.001198,172.31.40.0-255,66,85120,64,261984
3077,0.001224,74.125.130.0-255,5738,90858,64,261984
3078,0.001227,172.31.40.0-255,66,90924,64,261984
3079,0.001246,74.125.130.0-255,7156,98080,64,261984
3080,0.001249,172.31.40.0-255,66,98146,64,261984
3081,0.001256,74.125.130.0-255,7156,105302,64,261984
3082,0.001259,172.31.40.0-255,66,105368,64,261984
3083,0.001293,74.125.130.0-255,7156,112524,64,261984
3084,0.001296,172.31.40.0-255,66,112590,64,261984
3085,0.0013,74.125.130.0-255,2184,114774,64,261984
3086,0.001302,172.31.40.0-255,66,114840,64,261984
3087,0.00134,74.125.130.0-255,1484,116324,64,261984
3088,0.001355,74.125.130.0-255,2902,119226,64,261984
3089,0.001358,172.31.40.0-255,66,119292,64,261984
3090,0.001361,74.125.130.0-255,1484,120776,64,261984
3091,0.001389,74.125.130.0-255,5738,126514,64,261984
3092,0.001391,172.31.40.0-255,66,126580,64,261984
3093,0.001396,74.125.130.0-255,2902,129482,64,261984
3094,0.001399,172.31.40.0-255,66,129548,64,261984
3095,0.001433,172.31.40.0-255,66,129614,64,261984
3096,0.001462,74.125.130.0-255,1484,131098,64,261984
3097,0.001473,172.31.40.0-255,66,131164,64,261984
3098,0.001498,74.125.130.0-255,1484,132648,64,261984
3099,0.001502,74.125.130.0-255,2902,135550,64,261984
3100,0.001505,172.31.40.0-255,66,135616,64,261984
3101,0.00151,74.125.130.0-255,5738,141354,64,261984
3102,0.001513,172.31.40.0-255,66,141420,64,261984
3103,0.001554,74.125.130.0-255,4320,145740,64,261984
3104,0.001559,172.31.40.0-255,66,145806,64,261984
3105,0.001585,74.125.130.0-255,7156,152962,64,261984
3106,0.001588,172.31.40.0-255,66,153028,64,261984
3107,0.001601,172.31.40.0-255,66,153094,64,261984
3108,0.001651,74.125.130.0-255,1484,154578,64,261984
3109,0.001668,74.125.130.0-255,2902,157480,64,261984
3110,0.001671,172.31.40.0-255,66,157546,64,261984
3111,0.001675,74.125.130.0-255,1484,159030,64,261984
3112,0.0017,74.125.130.0-255,4320,163350,64,261984
3113,0.001703,172.31.40.0-255,66,163416,64,261984
3114,0.001714,172.31.40.0-255,66,163482,64,261984
3115,0.00175,74.125.130.0-255,2902,166384,64,261984
3116,0.001753,172.31.40.0-255,66,166450,64,261984
3117,0.001765,172.31.40.0-255,66,166516,64,261984
3118,0.001767,74.125.130.0-255,766,167282,64,261984
3119,0.001861,74.125.130.0-255,1484,168766,64,261984
3120,0.001866,172.31.40.0-255,66,168832,64,261984
3121,0.001871,74.125.130.0-255,2902,171734,64,261984
3122,0.001873,172.31.40.0-255,66,171800,64,261984
3123,0.001907,74.125.130.0-255,5738,177538,64,261984
3124,0.00191,172.31.40.0-255,66,177604,64,261984
3125,0.001927,172.31.40.0-255,66,177670,64,261984
3126,0.001958,74.125.130.0-255,2902,180572,64,261984
3127,0.001961,172.31.40.0-255,66,180638,64,261984
3128,0.001972,172.31.40.0-255,66,180704,64,261984
3129,0.001975,74.125.130.0-255,766,181470,64,261984
3130,0.00204,74.125.130.0-255,1484,182954,64,261984
3131,0.002044,172.31.40.0-255,66,183020,64,261984
3132,0.002049,74.125.130.0-255,2902,185922,64,261984
3133,0.002051,172.31.40.0-255,66,185988,64,261984
3134,0.002074,74.125.130.0-255,5738,191726,64,261984
3135,0.002077,172.31.40.0-255,66,191792,64,261984
3136,0.00208,74.125.130.0-255,1484,193276,64,261984
3137,0.002084,74.125.130.0-255,2902,196178,64,261984
3138,0.002086,172.31.40.0-255,66,196244,64,261984
3139,0.002094,74.125.130.0-255,5738,201982,64,261984
3140,0.002096,172.31.40.0-255,66,202048,64,261984
3141,0.002126,74.125.130.0-255,7156,209204,64,261984
3142,0.002129,172.31.40.0-255,66,209270,64,261984
3143,0.00216,74.125.130.0-255,5738,215008,64,261984
3144,0.002163,172.31.40.0-255,66,215074,64,261984
3145,0.002169,74.125.130.0-255,5020,220094,64,261984
3146,0.002171,172.31.40.0-255,66,220160,64,261984
3147,0.002178,74.125.130.0-255,5738,225898,64,261984
3148,0.00218,172.31.40.0-255,66,225964,64,261984
3149,0.002183,74.125.130.0-255,1484,227448,64,261984
3150,0.002234,172.31.40.0-255,66,227514,64,261984
3151,0.002246,172.31.40.0-255,66,227580,64,261984
3152,0.002279,172.31.40.0-255,66,227646,64,261984
3153,0.002325,172.31.40.0-255,66,227712,64,261984
3154,0.002328,74.125.130.0-255,1484,229196,64,261984
3155,0.002351,172.31.40.0-255,66,229262,64,261984
3156,0.002357,74.125.130.0-255,5738,235000,64,261984
3157,0.002359,172.31.40.0-255,66,235066,64,261984
3158,0.004628,74.125.130.0-255,5738,240804,64,261984
3159,0.004637,172.31.40.0-255,66,240870,64,261984
3160,0.006922,74.125.130.0-255,5738,246608,64,261984
3161,0.00694,172.31.40.0-255,66,246674,64,261984
3162,0.009219,74.125.130.0-255,5738,252412,64,261984
3163,0.009252,172.31.40.0-255,66,252478,64,261984
3164,0.011522,74.125.130.0-255,4978,257456,64,261984
3165,0.011529,172.31.40.0-255,66,257522,64,261984
3166,0.012762,172.31.40.0-255,105,257627,64,261984
3167,0.014982,74.125.130.0-255,66,257693,64,261984
3168,0.048704,172.31.40.0-255,171,257864,64,261984
3169,0.048741,172.31.40.0-255,1136,259000,64,261984
3170,0.048802,172.31.40.0-255,1514,260514,64,261984
3171,0.048804,172.31.40.0-255,1272,261786,64,261984
3172,0.050235,104.244.42.0-255,66,261852,64,261984
3173,0.050268,104.244.42.0-255,66,261918,64,261984
3174,0.050361,104.244.42.0-255,66,261984,64,261984
3175,0.0,74.125.24.0-255,157,157,64,106165
3176,3.7e-05,172.31.40.0-255,66,223,64,106165
3177,5e-05,74.125.24.0-255,1484,1707,64,106165
3178,5.6e-05,172.31.40.0-255,66,1773,64,106165
3179,7.5e-05,74.125.24.0-255,2902,4675,64,106165
3180,7.9e-05,172.31.40.0-255,66,4741,64,106165
3181,9.1e-05,74.125.24.0-255,7156,11897,64,106165
3182,9.5e-05,172.31.40.0-255,66,11963,64,106165
3183,0.000115,172.31.40.0-255,66,12029,64,106165
3184,0.000126,74.125.24.0-255,6797,18826,64,106165
3185,0.000129,172.31.40.0-255,66,18892,64,106165
3186,0.000139,74.125.24.0-255,7156,26048,64,106165
3187,0.000142,172.31.40.0-255,66,26114,64,106165
3188,0.000157,172.31.40.0-255,66,26180,64,106165
3189,0.000183,172.31.40.0-255,66,26246,64,106165
3190,0.000187,74.125.24.0-255,1066,27312,64,106165
3191,0.00019,172.31.40.0-255,66,27378,64,106165
3192,0.00023,74.125.24.0-255,380,27758,64,106165
3193,0.000233,172.31.40.0-255,66,27824,64,106165
3194,0.000367,74.125.24.0-255,1484,29308,64,106165
3195,0.000372,172.31.40.0-255,66,29374,64,106165
3196,0.00038,74.125.24.0-255,2902,32276,64,106165
3197,0.000383,172.31.40.0-255,66,32342,64,106165
3198,0.000398,74.125.24.0-255,5738,38080,64,106165
3199,0.0004,172.31.40.0-255,66,38146,64,106165
3200,0.000404,74.125.24.0-255,1484,39630,64,106165
3201,0.000406,172.31.40.0-255,66,39696,64,106165
3202,0.000464,172.31.40.0-255,66,39762,64,106165
3203,0.000486,172.31.40.0-255,66,39828,64,106165
3204,0.000488,74.125.24.0-255,766,40594,64,106165
3205,0.000559,74.125.24.0-255,1484,42078,64,106165
3206,0.000562,172.31.40.0-255,66,42144,64,106165
3207,0.00057,74.125.24.0-255,4320,46464,64,106165
3208,0.000573,172.31.40.0-255,66,46530,64,106165
3209,0.000585,74.125.24.0-255,4320,50850,64,106165
3210,0.000588,172.31.40.0-255,66,50916,64,106165
3211,0.000604,172.31.40.0-255,66,50982,64,106165
3212,0.00062,172.31.40.0-255,66,51048,64,106165
3213,0.000635,172.31.40.0-255,66,51114,64,106165
3214,0.000643,74.125.24.0-255,7156,58270,64,106165
3215,0.000645,172.31.40.0-255,66,58336,64,106165
3216,0.000678,74.125.24.0-255,2902,61238,64,106165
3217,0.00068,172.31.40.0-255,66,61304,64,106165
3218,0.000719,172.31.40.0-255,66,61370,64,106165
3219,0.00096,74.125.24.0-255,1484,62854,64,106165
3220,0.000978,74.125.24.0-255,2902,65756,64,106165
3221,0.000982,172.31.40.0-255,66,65822,64,106165
3222,0.00099,74.125.24.0-255,5738,71560,64,106165
3223,0.000992,172.31.40.0-255,66,71626,64,106165
3224,0.001026,172.31.40.0-255,66,71692,64,106165
3225,0.001041,74.125.24.0-255,1484,73176,64,106165
3226,0.00105,74.125.24.0-255,7156,80332,64,106165
3227,0.001056,172.31.40.0-255,66,80398,64,106165
3228,0.001072,74.125.24.0-255,3602,84000,64,106165
3229,0.001075,172.31.40.0-255,66,84066,64,106165
3230,0.001121,74.125.24.0-255,1484,85550,64,106165
3231,0.001126,74.125.24.0-255,2902,88452,64,106165
3232,0.001129,172.31.40.0-255,66,88518,64,106165
3233,0.001163,74.125.24.0-255,5738,94256,64,106165
3234,0.001166,172.31.40.0-255,66,94322,64,106165
3235,0.00119,172.31.40.0-255,66,94388,64,106165
3236,0.001206,172.31.40.0-255,66,94454,64,106165
3237,0.001272,172.31.40.0-255,66,94520,64,106165
3238,0.001292,172.31.40.0-255,66,94586,64,106165
3239,0.00131,172.31.40.0-255,66,94652,64,106165
3240,0.00137,172.31.40.0-255,66,94718,64,106165
3241,0.001397,74.125.24.0-255,1484,96202,64,106165
3242,0.001419,172.31.40.0-255,66,96268,64,106165
3243,0.001436,172.31.40.0-255,66,96334,64,106165
3244,0.001465,172.31.40.0-255,66,96400,64,106165
3245,0.001491,172.31.40.0-255,66,96466,64,106165
3246,0.00151,172.31.40.0-255,66,96532,64,106165
3247,0.001524,172.31.40.0-255,66,96598,64,106165
3248,0.001555,172.31.40.0-255,66,96664,64,106165
3249,0.001564,74.125.24.0-255,5894,102558,64,106165
3250,0.001566,172.31.40.0-255,66,102624,64,106165
3251,0.001569,74.125.24.0-255,105,102729,64,106165
3252,0.004723,172.31.40.0-255,66,102795,64,106165
3253,0.004763,172.31.40.0-255,105,102900,64,106165
3254,0.007003,74.125.24.0-255,66,102966,64,106165
3255,0.044068,172.31.40.0-255,172,103138,64,106165
3256,0.04411,172.31.40.0-255,1108,104246,64,106165
3257,0.044181,172.31.40.0-255,1514,105760,64,106165
3258,0.044183,172.31.40.0-255,339,106099,64,106165
3259,0.046206,104.244.42.0-255,66,106165,64,106165
3260,0.0,74.125.24.0-255,297,297,64,210764
3261,9e-06,172.31.40.0-255,66,363,64,210764
3262,1.2e-05,74.125.24.0-255,1484,1847,64,210764
3263,1.6e-05,172.31.40.0-255,66,1913,64,210764
3264,1.9e-05,74.125.24.0-255,1484,3397,64,210764
3265,2.1e-05,172.31.40.0-255,66,3463,64,210764
3266,6.1e-05,74.125.24.0-255,2902,6365,64,210764
3267,6.4e-05,172.31.40.0-255,66,6431,64,210764
3268,7.5e-05,172.31.40.0-255,66,6497,64,210764
3269,8.5e-05,74.125.24.0-255,5738,12235,64,210764
3270,8.7e-05,172.31.40.0-255,66,12301,64,210764
3271,0.00012,74.125.24.0-255,7156,19457,64,210764
3272,0.000123,172.31.40.0-255,66,19523,64,210764
3273,0.000147,74.125.24.0-255,2543,22066,64,210764
3274,0.000149,172.31.40.0-255,66,22132,64,210764
3275,0.000259,74.125.24.0-255,1484,23616,64,210764
3276,0.000262,172.31.40.0-255,66,23682,64,210764
3277,0.000266,74.125.24.0-255,1484,25166,64,210764
3278,0.000267,172.31.40.0-255,66,25232,64,210764
3279,0.000291,74.125.24.0-255,1484,26716,64,210764
3280,0.000298,172.31.40.0-255,66,26782,64,210764
3281,0.000304,74.125.24.0-255,5738,32520,64,210764
3282,0.000305,172.31.40.0-255,66,32586,64,210764
3283,0.000341,172.31.40.0-255,66,32652,64,210764
3284,0.000379,172.31.40.0-255,66,32718,64,210764
3285,0.00039,74.125.24.0-255,2814,35532,64,210764
3286,0.000398,172.31.40.0-255,66,35598,64,210764
3287,0.00042,74.125.24.0-255,384,35982,64,210764
3288,0.000422,172.31.40.0-255,66,36048,64,210764
3289,0.000537,74.125.24.0-255,1484,37532,64,210764
3290,0.000543,74.125.24.0-255,2902,40434,64,210764
3291,0.000546,172.31.40.0-255,66,40500,64,210764
3292,0.000549,74.125.24.0-255,1484,41984,64,210764
3293,0.000583,74.125.24.0-255,4320,46304,64,210764
3294,0.000586,172.31.40.0-255,66,46370,64,210764
3295,0.000593,74.125.24.0-255,5738,52108,64,210764
3296,0.000595,172.31.40.0-255,66,52174,64,210764
3297,0.000614,172.31.40.0-255,66,52240,64,210764
3298,0.000646,74.125.24.0-255,3961,56201,64,210764
3299,0.000649,172.31.40.0-255,66,56267,64,210764
3300,0.000655,74.125.24.0-255,3961,60228,64,210764
3301,0.000657,172.31.40.0-255,66,60294,64,210764
3302,0.000686,74.125.24.0-255,1484,61778,64,210764
3303,0.000691,74.125.24.0-255,2902,64680,64,210764
3304,0.000694,172.31.40.0-255,66,64746,64,210764
3305,0.000704,74.125.24.0-255,1484,66230,64,210764
3306,0.000725,74.125.24.0-255,4320,70550,64,210764
3307,0.000728,172.31.40.0-255,66,70616,64,210764
3308,0.000735,74.125.24.0-255,7156,77772,64,210764
3309,0.000738,172.31.40.0-255,66,77838,64,210764
3310,0.000741,74.125.24.0-255,1484,79322,64,210764
3311,0.000781,74.125.24.0-255,2184,81506,64,210764
3312,0.000789,172.31.40.0-255,66,81572,64,210764
3313,0.000792,172.31.40.0-255,66,81638,64,210764
3314,0.000841,74.125.24.0-255,1484,83122,64,210764
3315,0.000856,74.125.24.0-255,2902,86024,64,210764
3316,0.000859,172.31.40.0-255,66,86090,64,210764
3317,0.000864,74.125.24.0-255,2902,88992,64,210764
3318,0.000867,172.31.40.0-255,66,89058,64,210764
3319,0.000902,74.125.24.0-255,2902,91960,64,210764
3320,0.000905,172.31.40.0-255,66,92026,64,210764
3321,0.000911,74.125.24.0-255,4320,96346,64,210764
3322,0.000914,172.31.40.0-255,66,96412,64,210764
3323,0.000932,172.31.40.0-255,66,96478,64,210764
3324,0.000941,172.31.40.0-255,66,96544,64,210764
3325,0.000992,74.125.24.0-255,1484,98028,64,210764
3326,0.000997,74.125.24.0-255,2902,100930,64,210764
3327,0.001,172.31.40.0-255,66,100996,64,210764
3328,0.001027,74.125.24.0-255,5738,106734,64,210764
3329,0.00103,172.31.40.0-255,66,106800,64,210764
3330,0.001035,74.125.24.0-255,4320,111120,64,210764
3331,0.001037,172.31.40.0-255,66,111186,64,210764
3332,0.001063,74.125.24.0-255,2902,114088,64,210764
3333,0.001066,172.31.40.0-255,66,114154,64,210764
3334,0.001085,172.31.40.0-255,66,114220,64,210764
3335,0.001089,74.125.24.0-255,2184,116404,64,210764
3336,0.001091,172.31.40.0-255,66,116470,64,210764
3337,0.001155,74.125.24.0-255,1484,117954,64,210764
3338,0.001212,74.125.24.0-255,2902,120856,64,210764
3339,0.001215,172.31.40.0-255,66,120922,64,210764
3340,0.001221,74.125.24.0-255,5738,126660,64,210764
3341,0.001223,172.31.40.0-255,66,126726,64,210764
3342,0.001241,172.31.40.0-255,66,126792,64,210764
3343,0.001244,74.125.24.0-255,1484,128276,64,210764
3344,0.001273,74.125.24.0-255,1484,129760,64,210764
3345,0.001275,172.31.40.0-255,66,129826,64,210764
3346,0.001311,172.31.40.0-255,66,129892,64,210764
3347,0.001444,74.125.24.0-255,1484,131376,64,210764
3348,0.001468,74.125.24.0-255,2902,134278,64,210764
3349,0.001472,172.31.40.0-255,66,134344,64,210764
3350,0.001505,74.125.24.0-255,5738,140082,64,210764
3351,0.001507,172.31.40.0-255,66,140148,64,210764
3352,0.001511,74.125.24.0-255,1484,141632,64,210764
3353,0.001543,74.125.24.0-255,7156,148788,64,210764
3354,0.001545,172.31.40.0-255,66,148854,64,210764
3355,0.001583,172.31.40.0-255,66,148920,64,210764
3356,0.001612,74.125.24.0-255,6438,155358,64,210764
3357,0.001615,172.31.40.0-255,66,155424,64,210764
3358,0.00174,74.125.24.0-255,1484,156908,64,210764
3359,0.001743,74.125.24.0-255,1484,158392,64,210764
3360,0.001749,172.31.40.0-255,66,158458,64,210764
3361,0.001757,74.125.24.0-255,1484,159942,64,210764
3362,0.001764,74.125.24.0-255,5738,165680,64,210764
3363,0.001767,172.31.40.0-255,66,165746,64,210764
3364,0.001803,172.31.40.0-255,66,165812,64,210764
3365,0.001821,74.125.24.0-255,2902,168714,64,210764
3366,0.001823,172.31.40.0-255,66,168780,64,210764
3367,0.001836,172.31.40.0-255,66,168846,64,210764
3368,0.001887,172.31.40.0-255,66,168912,64,210764
3369,0.001902,172.31.40.0-255,66,168978,64,210764
3370,0.001942,172.31.40.0-255,66,169044,64,210764
3371,0.002004,172.31.40.0-255,66,169110,64,210764
3372,0.002009,74.125.24.0-255,2902,172012,64,210764
3373,0.002022,172.31.40.0-255,66,172078,64,210764
3374,0.002031,74.125.24.0-255,4320,176398,64,210764
3375,0.002034,172.31.40.0-255,66,176464,64,210764
3376,0.002066,74.125.24.0-255,5020,181484,64,210764
3377,0.002088,172.31.40.0-255,66,181550,64,210764
3378,0.002238,74.125.24.0-255,1484,183034,64,210764
3379,0.002244,74.125.24.0-255,2902,185936,64,210764
3380,0.002248,172.31.40.0-255,66,186002,64,210764
3381,0.002255,74.125.24.0-255,5738,191740,64,210764
3382,0.002257,172.31.40.0-255,66,191806,64,210764
3383,0.002326,74.125.24.0-255,2902,194708,64,210764
3384,0.002347,172.31.40.0-255,66,194774,64,210764
3385,0.002353,172.31.40.0-255,66,194840,64,210764
3386,0.004627,74.125.24.0-255,5738,200578,64,210764
3387,0.004632,172.31.40.0-255,66,200644,64,210764
3388,0.006909,74.125.24.0-255,5417,206061,64,210764
3389,0.006916,172.31.40.0-255,66,206127,64,210764
3390,0.011549,172.31.40.0-255,105,206232,64,210764
3391,0.013812,74.125.24.0-255,66,206298,64,210764
3392,0.03077,172.31.40.0-255,172,206470,64,210764
3393,0.030806,172.31.40.0-255,1112,207582,64,210764
3394,0.030868,172.31.40.0-255,1514,209096,64,210764
3395,0.030869,172.31.40.0-255,1296,210392,64,210764
3396,0.032307,104.244.42.0-255,66,210458,64,210764
3397,0.032391,104.244.42.0-255,66,210524,64,210764
3398,0.032465,104.244.42.0-255,66,210590,64,210764
3399,0.032977,104.244.42.0-255,108,210698,64,210764
3400,0.032983,172.31.40.0-255,66,210764,64,210764
3401,0.0,172.31.40.0-255,105,105,64,459
3402,0.00021,172.31.40.0-255,90,195,64,459
3403,0.000218,172.31.40.0-255,66,261,64,459
3404,0.003007,172.217.194.0-255,66,327,64,459
3405,0.003032,172.217.194.0-255,66,393,64,459
3406,0.003051,172.31.40.0-255,66,459,64,459
3407,0.0,172.217.194.0-255,153,153,64,128344
3408,2.1e-05,172.31.40.0-255,66,219,64,128344
3409,2.8e-05,172.217.194.0-255,1484,1703,64,128344
3410,3.2e-05,172.31.40.0-255,66,1769,64,128344
3411,4.4e-05,172.217.194.0-255,2902,4671,64,128344
3412,4.8e-05,172.31.40.0-255,66,4737,64,128344
3413,6.9e-05,172.217.194.0-255,7156,11893,64,128344
3414,7.3e-05,172.31.40.0-255,66,11959,64,128344
3415,0.000114,172.217.194.0-255,2000,13959,64,128344
3416,0.000117,172.31.40.0-255,66,14025,64,128344
3417,0.00051,172.217.194.0-255,1484,15509,64,128344
3418,0.000515,172.31.40.0-255,66,15575,64,128344
3419,0.000522,172.217.194.0-255,2902,18477,64,128344
3420,0.000524,172.31.40.0-255,66,18543,64,128344
3421,0.000536,172.217.194.0-255,5738,24281,64,128344
3422,0.000538,172.31.40.0-255,66,24347,64,128344
3423,0.000575,172.217.194.0-255,6797,31144,64,128344
3424,0.000579,172.31.40.0-255,66,31210,64,128344
3425,0.000587,172.217.194.0-255,7156,38366,64,128344
3426,0.000589,172.31.40.0-255,66,38432,64,128344
3427,0.000607,172.31.40.0-255,66,38498,64,128344
3428,0.000641,172.217.194.0-255,4320,42818,64,128344
3429,0.000645,172.31.40.0-255,66,42884,64,128344
3430,0.000662,172.31.40.0-255,66,42950,64,128344
3431,0.000665,172.217.194.0-255,677,43627,64,128344
3432,0.000667,172.31.40.0-255,66,43693,64,128344
3433,0.00067,172.217.194.0-255,1484,45177,64,128344
3434,0.000673,172.31.40.0-255,66,45243,64,128344
3435,0.000678,172.217.194.0-255,4320,49563,64,128344
3436,0.000681,172.31.40.0-255,66,49629,64,128344
3437,0.000686,172.217.194.0-255,2902,52531,64,128344
3438,0.000689,172.31.40.0-255,66,52597,64,128344
3439,0.000729,172.217.194.0-255,7156,59753,64,128344
3440,0.000732,172.31.40.0-255,66,59819,64,128344
3441,0.00075,172.31.40.0-255,66,59885,64,128344
3442,0.000753,172.217.194.0-255,1484,61369,64,128344
3443,0.000788,172.31.40.0-255,66,61435,64,128344
3444,0.000802,172.31.40.0-255,66,61501,64,128344
3445,0.000833,172.217.194.0-255,2902,64403,64,128344
3446,0.000836,172.31.40.0-255,66,64469,64,128344
3447,0.000844,172.217.194.0-255,6438,70907,64,128344
3448,0.000847,172.31.40.0-255,66,70973,64,128344
3449,0.000902,172.31.40.0-255,66,71039,64,128344
3450,0.000913,172.31.40.0-255,66,71105,64,128344
3451,0.000977,172.31.40.0-255,66,71171,64,128344
3452,0.000981,172.217.194.0-255,2902,74073,64,128344
3453,0.000983,172.31.40.0-255,66,74139,64,128344
3454,0.001026,172.31.40.0-255,66,74205,64,128344
3455,0.001062,172.217.194.0-255,1484,75689,64,128344
3456,0.001068,172.217.194.0-255,2902,78591,64,128344
3457,0.001083,172.217.194.0-255,5738,84329,64,128344
3458,0.00109,172.31.40.0-255,66,84395,64,128344
3459,0.0011,172.217.194.0-255,4320,88715,64,128344
3460,0.001105,172.31.40.0-255,66,88781,64,128344
3461,0.001163,172.31.40.0-255,66,88847,64,128344
3462,0.001219,172.217.194.0-255,1484,90331,64,128344
3463,0.001224,172.217.194.0-255,2902,93233,64,128344
3464,0.001228,172.217.194.0-255,1484,94717,64,128344
3465,0.001235,172.31.40.0-255,66,94783,64,128344
3466,0.001263,172.217.194.0-255,4320,99103,64,128344
3467,0.001311,172.31.40.0-255,66,99169,64,128344
3468,0.001382,172.31.40.0-255,66,99235,64,128344
3469,0.001397,172.217.194.0-255,766,100001,64,128344
3470,0.001415,172.31.40.0-255,66,100067,64,128344
3471,0.001438,172.217.194.0-255,1484,101551,64,128344
3472,0.001443,172.217.194.0-255,2902,104453,64,128344
3473,0.001446,172.217.194.0-255,1484,105937,64,128344
3474,0.001452,172.31.40.0-255,66,106003,64,128344
3475,0.001463,172.217.194.0-255,4320,110323,64,128344
3476,0.001465,172.217.194.0-255,1484,111807,64,128344
3477,0.001476,172.31.40.0-255,66,111873,64,128344
3478,0.00154,172.31.40.0-255,66,111939,64,128344
3479,0.001552,172.217.194.0-255,5738,117677,64,128344
3480,0.001557,172.31.40.0-255,66,117743,64,128344
3481,0.001674,172.217.194.0-255,5738,123481,64,128344
3482,0.001697,172.31.40.0-255,66,123547,64,128344
3483,0.001737,172.217.194.0-255,105,123652,64,128344
3484,0.001751,172.31.40.0-255,66,123718,64,128344
3485,0.003534,172.31.40.0-255,101,123819,64,128344
3486,0.005519,172.217.194.0-255,66,123885,64,128344
3487,0.012234,172.31.40.0-255,105,123990,64,128344
3488,0.014218,172.217.194.0-255,66,124056,64,128344
3489,0.03395,172.31.40.0-255,166,124222,64,128344
3490,0.033975,172.31.40.0-255,1135,125357,64,128344
3491,0.034027,172.31.40.0-255,1514,126871,64,128344
3492,0.034028,172.31.40.0-255,1275,128146,64,128344
3493,0.035529,104.244.42.0-255,66,128212,64,128344
3494,0.035538,104.244.42.0-255,66,128278,64,128344
3495,0.035565,104.244.42.0-255,66,128344,64,128344
3496,0.0,74.125.24.0-255,291,291,64,318507
3497,1.4e-05,172.31.40.0-255,66,357,64,318507
3498,2e-05,74.125.24.0-255,1484,1841,64,318507
3499,2.5e-05,172.31.40.0-255,66,1907,64,318507
3500,4e-05,74.125.24.0-255,4320,6227,64,318507
3501,4.3e-05,172.31.40.0-255,66,6293,64,318507
3502,5.1e-05,74.125.24.0-255,7156,13449,64,318507
3503,5.5e-05,172.31.40.0-255,66,13515,64,318507
3504,8.7e-05,74.125.24.0-255,537,14052,64,318507
3505,9.1e-05,172.31.40.0-255,66,14118,64,318507
3506,0.000185,74.125.24.0-255,1484,15602,64,318507
3507,0.000189,172.31.40.0-255,66,15668,64,318507
3508,0.000195,74.125.24.0-255,2902,18570,64,318507
3509,0.000197,172.31.40.0-255,66,18636,64,318507
3510,0.00023,74.125.24.0-255,5738,24374,64,318507
3511,0.000233,172.31.40.0-255,66,24440,64,318507
3512,0.000237,74.125.24.0-255,2902,27342,64,318507
3513,0.00024,172.31.40.0-255,66,27408,64,318507
3514,0.000262,74.125.24.0-255,3961,31369,64,318507
3515,0.000269,172.31.40.0-255,66,31435,64,318507
3516,0.000304,172.31.40.0-255,66,31501,64,318507
3517,0.000325,74.125.24.0-255,1484,32985,64,318507
3518,0.000328,172.31.40.0-255,66,33051,64,318507
3519,0.000334,74.125.24.0-255,3961,37012,64,318507
3520,0.000337,172.31.40.0-255,66,37078,64,318507
3521,0.000623,74.125.24.0-255,1484,38562,64,318507
3522,0.000632,172.31.40.0-255,66,38628,64,318507
3523,0.000638,74.125.24.0-255,2902,41530,64,318507
3524,0.00064,172.31.40.0-255,66,41596,64,318507
3525,0.000672,74.125.24.0-255,5738,47334,64,318507
3526,0.000676,172.31.40.0-255,66,47400,64,318507
3527,0.00071,74.125.24.0-255,7069,54469,64,318507
3528,0.000713,172.31.40.0-255,66,54535,64,318507
3529,0.000753,74.125.24.0-255,132,54667,64,318507
3530,0.000756,172.31.40.0-255,66,54733,64,318507
3531,0.000759,74.125.24.0-255,347,55080,64,318507
3532,0.000761,172.31.40.0-255,66,55146,64,318507
3533,0.000937,74.125.24.0-255,1484,56630,64,318507
3534,0.000941,172.31.40.0-255,66,56696,64,318507
3535,0.000947,74.125.24.0-255,2902,59598,64,318507
3536,0.000949,172.31.40.0-255,66,59664,64,318507
3537,0.000979,74.125.24.0-255,5738,65402,64,318507
3538,0.000982,172.31.40.0-255,66,65468,64,318507
3539,0.000999,74.125.24.0-255,4320,69788,64,318507
3540,0.001001,172.31.40.0-255,66,69854,64,318507
3541,0.001038,74.125.24.0-255,5738,75592,64,318507
3542,0.001041,172.31.40.0-255,66,75658,64,318507
3543,0.00106,172.31.40.0-255,66,75724,64,318507
3544,0.001064,74.125.24.0-255,2184,77908,64,318507
3545,0.001066,172.31.40.0-255,66,77974,64,318507
3546,0.002475,74.125.24.0-255,1484,79458,64,318507
3547,0.002482,172.31.40.0-255,66,79524,64,318507
3548,0.002491,74.125.24.0-255,2902,82426,64,318507
3549,0.002493,172.31.40.0-255,66,82492,64,318507
3550,0.002505,74.125.24.0-255,5738,88230,64,318507
3551,0.002507,172.31.40.0-255,66,88296,64,318507
3552,0.002515,74.125.24.0-255,7156,95452,64,318507
3553,0.002518,172.31.40.0-255,66,95518,64,318507
3554,0.002555,74.125.24.0-255,2902,98420,64,318507
3555,0.002561,172.31.40.0-255,66,98486,64,318507
3556,0.002574,172.31.40.0-255,66,98552,64,318507
3557,0.002578,74.125.24.0-255,2184,100736,64,318507
3558,0.00258,172.31.40.0-255,66,100802,64,318507
3559,0.005167,74.125.24.0-255,2902,103704,64,318507
3560,0.005175,172.31.40.0-255,66,103770,64,318507
3561,0.005202,74.125.24.0-255,2902,106672,64,318507
3562,0.005205,172.31.40.0-255,66,106738,64,318507
3563,0.007768,74.125.24.0-255,5738,112476,64,318507
3564,0.007774,172.31.40.0-255,66,112542,64,318507
3565,0.010372,74.125.24.0-255,5738,118280,64,318507
3566,0.010379,172.31.40.0-255,66,118346,64,318507
3567,0.012974,74.125.24.0-255,5738,124084,64,318507
3568,0.012981,172.31.40.0-255,66,124150,64,318507
3569,0.0156,74.125.24.0-255,5738,129888,64,318507
3570,0.015607,172.31.40.0-255,66,129954,64,318507
3571,0.018194,74.125.24.0-255,5738,135692,64,318507
3572,0.018203,172.31.40.0-255,66,135758,64,318507
3573,0.020771,74.125.24.0-255,5738,141496,64,318507
3574,0.020778,172.31.40.0-255,66,141562,64,318507
3575,0.023372,74.125.24.0-255,5738,147300,64,318507
3576,0.02338,172.31.40.0-255,66,147366,64,318507
3577,0.02444,172.31.40.0-255,172,147538,64,318507
3578,0.024474,172.31.40.0-255,1107,148645,64,318507
3579,0.02453,172.31.40.0-255,1514,150159,64,318507
3580,0.024532,172.31.40.0-255,1186,151345,64,318507
3581,0.025963,74.125.24.0-255,5738,157083,64,318507
3582,0.02597,172.31.40.0-255,66,157149,64,318507
3583,0.025999,104.244.42.0-255,66,157215,64,318507
3584,0.026021,104.244.42.0-255,66,157281,64,318507
3585,0.026163,104.244.42.0-255,66,157347,64,318507
3586,0.028538,74.125.24.0-255,5738,163085,64,318507
3587,0.028545,172.31.40.0-255,66,163151,64,318507
3588,0.031144,74.125.24.0-255,5738,168889,64,318507
3589,0.031151,172.31.40.0-255,66,168955,64,318507
3590,0.033745,74.125.24.0-255,4320,173275,64,318507
3591,0.03375,172.31.40.0-255,66,173341,64,318507
3592,0.033775,74.125.24.0-255,1484,174825,64,318507
3593,0.036369,74.125.24.0-255,4320,179145,64,318507
3594,0.036376,172.31.40.0-255,66,179211,64,318507
3595,0.038942,74.125.24.0-255,5738,184949,64,318507
3596,0.038994,172.31.40.0-255,66,185015,64,318507
3597,0.041592,74.125.24.0-255,5738,190753,64,318507
3598,0.041598,172.31.40.0-255,66,190819,64,318507
3599,0.044191,74.125.24.0-255,5738,196557,64,318507
3600,0.044196,172.31.40.0-255,66,196623,64,318507
3601,0.0468,74.125.24.0-255,5738,202361,64,318507
3602,0.046807,172.31.40.0-255,66,202427,64,318507
3603,0.049393,74.125.24.0-255,5738,208165,64,318507
3604,0.0494,172.31.40.0-255,66,208231,64,318507
3605,0.052004,74.125.24.0-255,5738,213969,64,318507
3606,0.052011,172.31.40.0-255,66,214035,64,318507
3607,0.054637,74.125.24.0-255,5738,219773,64,318507
3608,0.054645,172.31.40.0-255,66,219839,64,318507
3609,0.057247,74.125.24.0-255,5738,225577,64,318507
3610,0.057263,172.31.40.0-255,66,225643,64,318507
3611,0.059877,74.125.24.0-255,5738,231381,64,318507
3612,0.059889,172.31.40.0-255,66,231447,64,318507
3613,0.062468,74.125.24.0-255,5738,237185,64,318507
3614,0.062476,172.31.40.0-255,66,237251,64,318507
3615,0.065061,74.125.24.0-255,5738,242989,64,318507
3616,0.065067,172.31.40.0-255,66,243055,64,318507
3617,0.067664,74.125.24.0-255,5738,248793,64,318507
3618,0.06767,172.31.40.0-255,66,248859,64,318507
3619,0.070268,74.125.24.0-255,5738,254597,64,318507
3620,0.070275,172.31.40.0-255,66,254663,64,318507
3621,0.072849,74.125.24.0-255,5738,260401,64,318507
3622,0.072856,172.31.40.0-255,66,260467,64,318507
3623,0.075439,74.125.24.0-255,5738,266205,64,318507
3624,0.075446,172.31.40.0-255,66,266271,64,318507
3625,0.078007,74.125.24.0-255,5738,272009,64,318507
3626,0.078013,172.31.40.0-255,66,272075,64,318507
3627,0.08061,74.125.24.0-255,5738,277813,64,318507
3628,0.08062,172.31.40.0-255,66,277879,64,318507
3629,0.083202,74.125.24.0-255,5738,283617,64,318507
3630,0.083208,172.31.40.0-255,66,283683,64,318507
3631,0.085782,74.125.24.0-255,5738,289421,64,318507
3632,0.085789,172.31.40.0-255,66,289487,64,318507
3633,0.088362,74.125.24.0-255,5738,295225,64,318507
3634,0.088369,172.31.40.0-255,66,295291,64,318507
3635,0.090957,74.125.24.0-255,5738,301029,64,318507
3636,0.090963,172.31.40.0-255,66,301095,64,318507
3637,0.093559,74.125.24.0-255,5738,306833,64,318507
3638,0.093565,172.31.40.0-255,66,306899,64,318507
3639,0.096145,74.125.24.0-255,5738,312637,64,318507
3640,0.096153,172.31.40.0-255,66,312703,64,318507
3641,0.098799,74.125.24.0-255,5738,318441,64,318507
3642,0.098806,172.31.40.0-255,66,318507,64,318507
3643,0.0,74.125.200.0-255,146,146,64,291221
3644,2.6e-05,172.31.40.0-255,66,212,64,291221
3645,3.5e-05,74.125.200.0-255,1484,1696,64,291221
3646,4e-05,172.31.40.0-255,66,1762,64,291221
3647,4.5e-05,74.125.200.0-255,2902,4664,64,291221
3648,4.8e-05,172.31.40.0-255,66,4730,64,291221
3649,5.5e-05,74.125.200.0-255,5738,10468,64,291221
3650,5.7e-05,172.31.40.0-255,66,10534,64,291221
3651,8.2e-05,74.125.200.0-255,3492,14026,64,291221
3652,8.5e-05,172.31.40.0-255,66,14092,64,291221
3653,8.8e-05,74.125.200.0-255,1484,15576,64,291221
3654,9.1e-05,172.31.40.0-255,66,15642,64,291221
3655,0.000104,74.125.200.0-255,2902,18544,64,291221
3656,0.000107,172.31.40.0-255,66,18610,64,291221
3657,0.000119,172.31.40.0-255,66,18676,64,291221
3658,0.000127,74.125.200.0-255,7156,25832,64,291221
3659,0.000131,172.31.40.0-255,66,25898,64,291221
3660,0.000169,74.125.200.0-255,2902,28800,64,291221
3661,0.000172,172.31.40.0-255,66,28866,64,291221
3662,0.000202,172.31.40.0-255,66,28932,64,291221
3663,0.00041,74.125.200.0-255,1484,30416,64,291221
3664,0.000415,172.31.40.0-255,66,30482,64,291221
3665,0.000456,74.125.200.0-255,2902,33384,64,291221
3666,0.000459,172.31.40.0-255,66,33450,64,291221
3667,0.000465,74.125.200.0-255,4320,37770,64,291221
3668,0.000467,172.31.40.0-255,66,37836,64,291221
3669,0.000494,74.125.200.0-255,4320,42156,64,291221
3670,0.000497,172.31.40.0-255,66,42222,64,291221
3671,0.000536,74.125.200.0-255,4317,46539,64,291221
3672,0.000538,172.31.40.0-255,66,46605,64,291221
3673,0.000735,74.125.200.0-255,1484,48089,64,291221
3674,0.000742,74.125.200.0-255,1484,49573,64,291221
3675,0.000747,74.125.200.0-255,2902,52475,64,291221
3676,0.000749,74.125.200.0-255,1484,53959,64,291221
3677,0.000755,172.31.40.0-255,66,54025,64,291221
3678,0.000766,74.125.200.0-255,4320,58345,64,291221
3679,0.000781,74.125.200.0-255,4320,62665,64,291221
3680,0.0008,74.125.200.0-255,5738,68403,64,291221
3681,0.000806,172.31.40.0-255,66,68469,64,291221
3682,0.000834,74.125.200.0-255,766,69235,64,291221
3683,0.000846,172.31.40.0-255,66,69301,64,291221
3684,0.001112,74.125.200.0-255,1484,70785,64,291221
3685,0.001119,74.125.200.0-255,2902,73687,64,291221
3686,0.001121,172.31.40.0-255,66,73753,64,291221
3687,0.001125,74.125.200.0-255,1484,75237,64,291221
3688,0.001128,74.125.200.0-255,1484,76721,64,291221
3689,0.001141,74.125.200.0-255,1484,78205,64,291221
3690,0.001151,172.31.40.0-255,66,78271,64,291221
3691,0.001161,74.125.200.0-255,2902,81173,64,291221
3692,0.001165,172.31.40.0-255,66,81239,64,291221
3693,0.001179,74.125.200.0-255,2902,84141,64,291221
3694,0.001194,74.125.200.0-255,2902,87043,64,291221
3695,0.001198,172.31.40.0-255,66,87109,64,291221
3696,0.001208,74.125.200.0-255,2902,90011,64,291221
3697,0.001212,172.31.40.0-255,66,90077,64,291221
3698,0.001221,74.125.200.0-255,4320,94397,64,291221
3699,0.001271,172.31.40.0-255,66,94463,64,291221
3700,0.001276,74.125.200.0-255,2184,96647,64,291221
3701,0.00128,74.125.200.0-255,4320,100967,64,291221
3702,0.001282,74.125.200.0-255,1484,102451,64,291221
3703,0.001288,172.31.40.0-255,66,102517,64,291221
3704,0.001302,74.125.200.0-255,7156,109673,64,291221
3705,0.001317,172.31.40.0-255,66,109739,64,291221
3706,0.001342,74.125.200.0-255,5738,115477,64,291221
3707,0.001348,74.125.200.0-255,5020,120497,64,291221
3708,0.001365,172.31.40.0-255,66,120563,64,291221
3709,0.001382,74.125.200.0-255,4320,124883,64,291221
3710,0.001397,74.125.200.0-255,1484,126367,64,291221
3711,0.001403,74.125.200.0-255,4320,130687,64,291221
3712,0.001413,172.31.40.0-255,66,130753,64,291221
3713,0.001422,74.125.200.0-255,4320,135073,64,291221
3714,0.001427,172.31.40.0-255,66,135139,64,291221
3715,0.001443,74.125.200.0-255,7156,142295,64,291221
3716,0.00146,74.125.200.0-255,2902,145197,64,291221
3717,0.001465,74.125.200.0-255,4320,149517,64,291221
3718,0.00147,172.31.40.0-255,66,149583,64,291221
3719,0.00149,74.125.200.0-255,2902,152485,64,291221
3720,0.001504,172.31.40.0-255,66,152551,64,291221
3721,0.001509,74.125.200.0-255,2184,154735,64,291221
3722,0.001514,172.31.40.0-255,66,154801,64,291221
3723,0.001557,74.125.200.0-255,1484,156285,64,291221
3724,0.001576,74.125.200.0-255,2902,159187,64,291221
3725,0.001581,172.31.40.0-255,66,159253,64,291221
3726,0.001597,74.125.200.0-255,4320,163573,64,291221
3727,0.001625,74.125.200.0-255,1484,165057,64,291221
3728,0.00163,74.125.200.0-255,2902,167959,64,291221
3729,0.001633,74.125.200.0-255,1484,169443,64,291221
3730,0.00165,74.125.200.0-255,2902,172345,64,291221
3731,0.001655,172.31.40.0-255,66,172411,64,291221
3732,0.001676,74.125.200.0-255,7156,179567,64,291221
3733,0.001688,74.125.200.0-255,1484,181051,64,291221
3734,0.001693,172.31.40.0-255,66,181117,64,291221
3735,0.001704,74.125.200.0-255,7156,188273,64,291221
3736,0.001706,74.125.200.0-255,766,189039,64,291221
3737,0.001744,172.31.40.0-255,66,189105,64,291221
3738,0.001764,74.125.200.0-255,1484,190589,64,291221
3739,0.00177,74.125.200.0-255,4320,194909,64,291221
3740,0.001775,74.125.200.0-255,2902,197811,64,291221
3741,0.00179,74.125.200.0-255,2902,200713,64,291221
3742,0.001802,74.125.200.0-255,7156,207869,64,291221
3743,0.001806,74.125.200.0-255,2902,210771,64,291221
3744,0.001836,172.31.40.0-255,66,210837,64,291221
3745,0.001843,74.125.200.0-255,1484,212321,64,291221
3746,0.001865,74.125.200.0-255,2902,215223,64,291221
3747,0.001875,172.31.40.0-255,66,215289,64,291221
3748,0.001885,74.125.200.0-255,4320,219609,64,291221
3749,0.001895,172.31.40.0-255,66,219675,64,291221
3750,0.001901,74.125.200.0-255,3602,223277,64,291221
3751,0.001906,74.125.200.0-255,4320,227597,64,291221
3752,0.001921,74.125.200.0-255,5738,233335,64,291221
3753,0.001944,74.125.200.0-255,1484,234819,64,291221
3754,0.001948,74.125.200.0-255,2902,237721,64,291221
3755,0.001953,172.31.40.0-255,66,237787,64,291221
3756,0.001984,74.125.200.0-255,2902,240689,64,291221
3757,0.001993,172.31.40.0-255,66,240755,64,291221
3758,0.002027,74.125.200.0-255,5738,246493,64,291221
3759,0.002034,172.31.40.0-255,66,246559,64,291221
3760,0.002044,74.125.200.0-255,5738,252297,64,291221
3761,0.002049,74.125.200.0-255,4320,256617,64,291221
3762,0.002055,172.31.40.0-255,66,256683,64,291221
3763,0.002079,74.125.200.0-255,2902,259585,64,291221
3764,0.002117,172.31.40.0-255,66,259651,64,291221
3765,0.002134,74.125.200.0-255,4320,263971,64,291221
3766,0.002162,172.31.40.0-255,66,264037,64,291221
3767,0.002198,172.31.40.0-255,66,264103,64,291221
3768,0.002215,74.125.200.0-255,4320,268423,64,291221
3769,0.002247,172.31.40.0-255,66,268489,64,291221
3770,0.002254,74.125.200.0-255,1484,269973,64,291221
3771,0.002278,74.125.200.0-255,4320,274293,64,291221
3772,0.002293,74.125.200.0-255,5738,280031,64,291221
3773,0.002304,172.31.40.0-255,66,280097,64,291221
3774,0.002316,74.125.200.0-255,1484,281581,64,291221
3775,0.002343,74.125.200.0-255,97,281678,64,291221
3776,0.002345,74.125.200.0-255,105,281783,64,291221
3777,0.00237,172.31.40.0-255,66,281849,64,291221
3778,0.004926,172.31.40.0-255,105,281954,64,291221
3779,0.00747,74.125.200.0-255,66,282020,64,291221
3780,0.05374,172.31.40.0-255,172,282192,64,291221
3781,0.053774,172.31.40.0-255,1112,283304,64,291221
3782,0.053839,172.31.40.0-255,1514,284818,64,291221
3783,0.053842,172.31.40.0-255,1514,286332,64,291221
3784,0.053847,172.31.40.0-255,1514,287846,64,291221
3785,0.053848,172.31.40.0-255,1514,289360,64,291221
3786,0.053867,172.31.40.0-255,1514,290874,64,291221
3787,0.053868,172.31.40.0-255,83,290957,64,291221
3788,0.055321,104.244.42.0-255,66,291023,64,291221
3789,0.055335,104.244.42.0-255,66,291089,64,291221
3790,0.055418,104.244.42.0-255,66,291155,64,291221
3791,0.055424,104.244.42.0-255,66,291221,64,291221
3792,0.0,74.125.24.0-255,153,153,64,335830
3793,2.5e-05,172.31.40.0-255,66,219,64,335830
3794,3.3e-05,74.125.24.0-255,1484,1703,64,335830
3795,3.8e-05,172.31.40.0-255,66,1769,64,335830
3796,4.5e-05,74.125.24.0-255,2902,4671,64,335830
3797,4.8e-05,172.31.40.0-255,66,4737,64,335830
3798,5.7e-05,74.125.24.0-255,7156,11893,64,335830
3799,5.9e-05,172.31.40.0-255,66,11959,64,335830
3800,6.4e-05,74.125.24.0-255,2030,13989,64,335830
3801,6.6e-05,172.31.40.0-255,66,14055,64,335830
3802,0.0002,74.125.24.0-255,1484,15539,64,335830
3803,0.000205,172.31.40.0-255,66,15605,64,335830
3804,0.000212,74.125.24.0-255,2902,18507,64,335830
3805,0.000214,172.31.40.0-255,66,18573,64,335830
3806,0.000221,74.125.24.0-255,5738,24311,64,335830
3807,0.000224,172.31.40.0-255,66,24377,64,335830
3808,0.000271,172.31.40.0-255,66,24443,64,335830
3809,0.000289,74.125.24.0-255,1125,25568,64,335830
3810,0.000291,172.31.40.0-255,66,25634,64,335830
3811,0.000304,172.31.40.0-255,66,25700,64,335830
3812,0.000309,74.125.24.0-255,3961,29661,64,335830
3813,0.000312,172.31.40.0-255,66,29727,64,335830
3814,0.000362,74.125.24.0-255,4320,34047,64,335830
3815,0.000365,172.31.40.0-255,66,34113,64,335830
3816,0.000377,172.31.40.0-255,66,34179,64,335830
3817,0.000382,74.125.24.0-255,2543,36722,64,335830
3818,0.000384,172.31.40.0-255,66,36788,64,335830
3819,0.00133,74.125.24.0-255,645,37433,64,335830
3820,0.001338,172.31.40.0-255,66,37499,64,335830
3821,0.001359,74.125.24.0-255,1484,38983,64,335830
3822,0.001368,74.125.24.0-255,4320,43303,64,335830
3823,0.001371,172.31.40.0-255,66,43369,64,335830
3824,0.001391,74.125.24.0-255,4320,47689,64,335830
3825,0.001395,172.31.40.0-255,66,47755,64,335830
3826,0.001429,74.125.24.0-255,5738,53493,64,335830
3827,0.001432,172.31.40.0-255,66,53559,64,335830
3828,0.001443,172.31.40.0-255,66,53625,64,335830
3829,0.001484,74.125.24.0-255,2902,56527,64,335830
3830,0.001488,172.31.40.0-255,66,56593,64,335830
3831,0.001506,74.125.24.0-255,5020,61613,64,335830
3832,0.001508,172.31.40.0-255,66,61679,64,335830
3833,0.003581,74.125.24.0-255,5738,67417,64,335830
3834,0.003588,172.31.40.0-255,66,67483,64,335830
3835,0.005696,74.125.24.0-255,5738,73221,64,335830
3836,0.0057,172.31.40.0-255,66,73287,64,335830
3837,0.00776,74.125.24.0-255,5738,79025,64,335830
3838,0.007768,172.31.40.0-255,66,79091,64,335830
3839,0.009847,74.125.24.0-255,5738,84829,64,335830
3840,0.009856,172.31.40.0-255,66,84895,64,335830
3841,0.011946,74.125.24.0-255,5738,90633,64,335830
3842,0.011954,172.31.40.0-255,66,90699,64,335830
3843,0.014051,74.125.24.0-255,5738,96437,64,335830
3844,0.014063,172.31.40.0-255,66,96503,64,335830
3845,0.016192,74.125.24.0-255,5738,102241,64,335830
3846,0.0162,172.31.40.0-255,66,102307,64,335830
3847,0.018287,74.125.24.0-255,5738,108045,64,335830
3848,0.018295,172.31.40.0-255,66,108111,64,335830
3849,0.020388,74.125.24.0-255,5738,113849,64,335830
3850,0.020396,172.31.40.0-255,66,113915,64,335830
3851,0.022476,74.125.24.0-255,5738,119653,64,335830
3852,0.022484,172.31.40.0-255,66,119719,64,335830
3853,0.024535,74.125.24.0-255,5738,125457,64,335830
3854,0.024541,172.31.40.0-255,66,125523,64,335830
3855,0.024559,172.31.40.0-255,172,125695,64,335830
3856,0.024588,172.31.40.0-255,1112,126807,64,335830
3857,0.024694,172.31.40.0-255,1514,128321,64,335830
3858,0.024696,172.31.40.0-255,1514,129835,64,335830
3859,0.024697,172.31.40.0-255,1514,131349,64,335830
3860,0.024723,172.31.40.0-255,1077,132426,64,335830
3861,0.02611,104.244.42.0-255,66,132492,64,335830
3862,0.026153,104.244.42.0-255,66,132558,64,335830
3863,0.026252,104.244.42.0-255,66,132624,64,335830
3864,0.026297,104.244.42.0-255,66,132690,64,335830
3865,0.026609,74.125.24.0-255,5738,138428,64,335830
3866,0.026613,172.31.40.0-255,66,138494,64,335830
3867,0.02868,74.125.24.0-255,5738,144232,64,335830
3868,0.028686,172.31.40.0-255,66,144298,64,335830
3869,0.03081,74.125.24.0-255,5738,150036,64,335830
3870,0.030816,172.31.40.0-255,66,150102,64,335830
3871,0.032932,74.125.24.0-255,5738,155840,64,335830
3872,0.032939,172.31.40.0-255,66,155906,64,335830
3873,0.035027,74.125.24.0-255,5738,161644,64,335830
3874,0.035034,172.31.40.0-255,66,161710,64,335830
3875,0.037103,74.125.24.0-255,5738,167448,64,335830
3876,0.03711,172.31.40.0-255,66,167514,64,335830
3877,0.039206,74.125.24.0-255,5738,173252,64,335830
3878,0.039213,172.31.40.0-255,66,173318,64,335830
3879,0.041294,74.125.24.0-255,5738,179056,64,335830
3880,0.041303,172.31.40.0-255,66,179122,64,335830
3881,0.04344,74.125.24.0-255,5738,184860,64,335830
3882,0.043447,172.31.40.0-255,66,184926,64,335830
3883,0.045539,74.125.24.0-255,5738,190664,64,335830
3884,0.045545,172.31.40.0-255,66,190730,64,335830
3885,0.047628,74.125.24.0-255,5738,196468,64,335830
3886,0.047635,172.31.40.0-255,66,196534,64,335830
3887,0.04975,74.125.24.0-255,5738,202272,64,335830
3888,0.049756,172.31.40.0-255,66,202338,64,335830
3889,0.051878,74.125.24.0-255,5738,208076,64,335830
3890,0.051885,172.31.40.0-255,66,208142,64,335830
3891,0.053965,74.125.24.0-255,5738,213880,64,335830
3892,0.053972,172.31.40.0-255,66,213946,64,335830
3893,0.056062,74.125.24.0-255,5738,219684,64,335830
3894,0.056067,172.31.40.0-255,66,219750,64,335830
3895,0.058168,74.125.24.0-255,5738,225488,64,335830
3896,0.058188,172.31.40.0-255,66,225554,64,335830
3897,0.060301,74.125.24.0-255,5738,231292,64,335830
3898,0.060316,172.31.40.0-255,66,231358,64,335830
3899,0.062395,74.125.24.0-255,5738,237096,64,335830
3900,0.06241,172.31.40.0-255,66,237162,64,335830
3901,0.064511,74.125.24.0-255,5738,242900,64,335830
3902,0.064523,172.31.40.0-255,66,242966,64,335830
3903,0.066643,74.125.24.0-255,5738,248704,64,335830
3904,0.066657,172.31.40.0-255,66,248770,64,335830
3905,0.068819,74.125.24.0-255,5738,254508,64,335830
3906,0.068831,172.31.40.0-255,66,254574,64,335830
3907,0.070978,74.125.24.0-255,5738,260312,64,335830
3908,0.070994,172.31.40.0-255,66,260378,64,335830
3909,0.073065,74.125.24.0-255,5738,266116,64,335830
3910,0.073077,172.31.40.0-255,66,266182,64,335830
3911,0.075141,74.125.24.0-255,5738,271920,64,335830
3912,0.075157,172.31.40.0-255,66,271986,64,335830
3913,0.077263,74.125.24.0-255,5738,277724,64,335830
3914,0.077279,172.31.40.0-255,66,277790,64,335830
3915,0.079418,74.125.24.0-255,5738,283528,64,335830
3916,0.079427,172.31.40.0-255,66,283594,64,335830
3917,0.081515,74.125.24.0-255,5738,289332,64,335830
3918,0.081527,172.31.40.0-255,66,289398,64,335830
3919,0.083611,74.125.24.0-255,5738,295136,64,335830
3920,0.083623,172.31.40.0-255,66,295202,64,335830
3921,0.085707,74.125.24.0-255,5738,300940,64,335830
3922,0.085724,172.31.40.0-255,66,301006,64,335830
3923,0.087826,74.125.24.0-255,5738,306744,64,335830
3924,0.087841,172.31.40.0-255,66,306810,64,335830
3925,0.089969,74.125.24.0-255,5738,312548,64,335830
3926,0.089983,172.31.40.0-255,66,312614,64,335830
3927,0.092116,74.125.24.0-255,5738,318352,64,335830
3928,0.092129,172.31.40.0-255,66,318418,64,335830
3929,0.094249,74.125.24.0-255,5738,324156,64,335830
3930,0.094265,172.31.40.0-255,66,324222,64,335830
3931,0.096363,74.125.24.0-255,5738,329960,64,335830
3932,0.096378,172.31.40.0-255,66,330026,64,335830
3933,0.098475,74.125.24.0-255,5738,335764,64,335830
3934,0.098488,172.31.40.0-255,66,335830,64,335830
3935,0.0,216.58.203.0-255,152,152,64,365334
3936,2.4e-05,172.31.40.0-255,66,218,64,365334
3937,3.1e-05,216.58.203.0-255,1484,1702,64,365334
3938,3.5e-05,172.31.40.0-255,66,1768,64,365334
3939,4.8e-05,216.58.203.0-255,2902,4670,64,365334
3940,5.2e-05,172.31.40.0-255,66,4736,64,365334
3941,5.9e-05,216.58.203.0-255,5738,10474,64,365334
3942,6.3e-05,172.31.40.0-255,66,10540,64,365334
3943,6.9e-05,216.58.203.0-255,4320,14860,64,365334
3944,7.1e-05,172.31.40.0-255,66,14926,64,365334
3945,9.4e-05,216.58.203.0-255,4974,19900,64,365334
3946,9.7e-05,172.31.40.0-255,66,19966,64,365334
3947,0.000103,216.58.203.0-255,5738,25704,64,365334
3948,0.000106,172.31.40.0-255,66,25770,64,365334
3949,0.000136,216.58.203.0-255,4320,30090,64,365334
3950,0.000139,172.31.40.0-255,66,30156,64,365334
3951,0.000143,216.58.203.0-255,1125,31281,64,365334
3952,0.000145,172.31.40.0-255,66,31347,64,365334
3953,0.000251,216.58.203.0-255,1484,32831,64,365334
3954,0.000255,172.31.40.0-255,66,32897,64,365334
3955,0.000259,216.58.203.0-255,1484,34381,64,365334
3956,0.000261,172.31.40.0-255,66,34447,64,365334
3957,0.000284,216.58.203.0-255,1484,35931,64,365334
3958,0.000291,172.31.40.0-255,66,35997,64,365334
3959,0.000297,216.58.203.0-255,4320,40317,64,365334
3960,0.000299,172.31.40.0-255,66,40383,64,365334
3961,0.000339,172.31.40.0-255,66,40449,64,365334
3962,0.000344,216.58.203.0-255,4320,44769,64,365334
3963,0.000346,172.31.40.0-255,66,44835,64,365334
3964,0.000386,216.58.203.0-255,5738,50573,64,365334
3965,0.000389,172.31.40.0-255,66,50639,64,365334
3966,0.000414,216.58.203.0-255,5645,56284,64,365334
3967,0.000417,172.31.40.0-255,66,56350,64,365334
3968,0.000569,216.58.203.0-255,139,56489,64,365334
3969,0.000768,216.58.203.0-255,1484,57973,64,365334
3970,0.000772,172.31.40.0-255,66,58039,64,365334
3971,0.000777,216.58.203.0-255,1484,59523,64,365334
3972,0.0008,216.58.203.0-255,1484,61007,64,365334
3973,0.000803,172.31.40.0-255,66,61073,64,365334
3974,0.000811,216.58.203.0-255,5738,66811,64,365334
3975,0.000818,172.31.40.0-255,66,66877,64,365334
3976,0.000829,172.31.40.0-255,66,66943,64,365334
3977,0.000854,216.58.203.0-255,5379,72322,64,365334
3978,0.000862,172.31.40.0-255,66,72388,64,365334
3979,0.000873,172.31.40.0-255,66,72454,64,365334
3980,0.00114,216.58.203.0-255,1484,73938,64,365334
3981,0.001146,216.58.203.0-255,2902,76840,64,365334
3982,0.001149,172.31.40.0-255,66,76906,64,365334
3983,0.001181,216.58.203.0-255,2902,79808,64,365334
3984,0.001183,172.31.40.0-255,66,79874,64,365334
3985,0.001209,216.58.203.0-255,2902,82776,64,365334
3986,0.001212,172.31.40.0-255,66,82842,64,365334
3987,0.001228,172.31.40.0-255,66,82908,64,365334
3988,0.001264,172.31.40.0-255,66,82974,64,365334
3989,0.001557,216.58.203.0-255,1484,84458,64,365334
3990,0.00158,216.58.203.0-255,2902,87360,64,365334
3991,0.001584,172.31.40.0-255,66,87426,64,365334
3992,0.001591,216.58.203.0-255,5738,93164,64,365334
3993,0.001593,172.31.40.0-255,66,93230,64,365334
3994,0.001602,216.58.203.0-255,4320,97550,64,365334
3995,0.001605,172.31.40.0-255,66,97616,64,365334
3996,0.001611,216.58.203.0-255,5738,103354,64,365334
3997,0.001613,172.31.40.0-255,66,103420,64,365334
3998,0.00162,216.58.203.0-255,5738,109158,64,365334
3999,0.001621,172.31.40.0-255,66,109224,64,365334
4000,0.001661,216.58.203.0-255,5738,114962,64,365334
4001,0.001664,172.31.40.0-255,66,115028,64,365334
4002,0.001668,216.58.203.0-255,2184,117212,64,365334
4003,0.00167,172.31.40.0-255,66,117278,64,365334
4004,0.003348,216.58.203.0-255,2902,120180,64,365334
4005,0.003355,172.31.40.0-255,66,120246,64,365334
4006,0.003384,216.58.203.0-255,2902,123148,64,365334
4007,0.003387,172.31.40.0-255,66,123214,64,365334
4008,0.005014,216.58.203.0-255,2902,126116,64,365334
4009,0.005017,172.31.40.0-255,66,126182,64,365334
4010,0.005041,216.58.203.0-255,1484,127666,64,365334
4011,0.005053,216.58.203.0-255,1484,129150,64,365334
4012,0.005055,172.31.40.0-255,66,129216,64,365334
4013,0.006687,216.58.203.0-255,2902,132118,64,365334
4014,0.006691,172.31.40.0-255,66,132184,64,365334
4015,0.006717,216.58.203.0-255,2902,135086,64,365334
4016,0.006719,172.31.40.0-255,66,135152,64,365334
4017,0.008373,216.58.203.0-255,5738,140890,64,365334
4018,0.00838,172.31.40.0-255,66,140956,64,365334
4019,0.010052,216.58.203.0-255,5738,146694,64,365334
4020,0.01006,172.31.40.0-255,66,146760,64,365334
4021,0.011739,216.58.203.0-255,5738,152498,64,365334
4022,0.011747,172.31.40.0-255,66,152564,64,365334
4023,0.013419,216.58.203.0-255,5738,158302,64,365334
4024,0.013426,172.31.40.0-255,66,158368,64,365334
4025,0.015104,216.58.203.0-255,5738,164106,64,365334
4026,0.015113,172.31.40.0-255,66,164172,64,365334
4027,0.016794,216.58.203.0-255,5738,169910,64,365334
4028,0.016801,172.31.40.0-255,66,169976,64,365334
4029,0.018477,216.58.203.0-255,5738,175714,64,365334
4030,0.018484,172.31.40.0-255,66,175780,64,365334
4031,0.020169,216.58.203.0-255,5738,181518,64,365334
4032,0.020176,172.31.40.0-255,66,181584,64,365334
4033,0.021852,216.58.203.0-255,5738,187322,64,365334
4034,0.021859,172.31.40.0-255,66,187388,64,365334
4035,0.023542,216.58.203.0-255,5738,193126,64,365334
4036,0.023549,172.31.40.0-255,66,193192,64,365334
4037,0.025247,216.58.203.0-255,5738,198930,64,365334
4038,0.025254,172.31.40.0-255,66,198996,64,365334
4039,0.026937,216.58.203.0-255,5738,204734,64,365334
4040,0.026944,172.31.40.0-255,66,204800,64,365334
4041,0.02863,216.58.203.0-255,5738,210538,64,365334
4042,0.028644,172.31.40.0-255,66,210604,64,365334
4043,0.030321,216.58.203.0-255,5738,216342,64,365334
4044,0.030333,172.31.40.0-255,66,216408,64,365334
4045,0.032024,216.58.203.0-255,5738,222146,64,365334
4046,0.032034,172.31.40.0-255,66,222212,64,365334
4047,0.033711,216.58.203.0-255,5738,227950,64,365334
4048,0.033723,172.31.40.0-255,66,228016,64,365334
4049,0.035414,216.58.203.0-255,5738,233754,64,365334
4050,0.035426,172.31.40.0-255,66,233820,64,365334
4051,0.037104,216.58.203.0-255,5738,239558,64,365334
4052,0.037111,172.31.40.0-255,66,239624,64,365334
4053,0.038784,216.58.203.0-255,5738,245362,64,365334
4054,0.038795,172.31.40.0-255,66,245428,64,365334
4055,0.039451,172.31.40.0-255,171,245599,64,365334
4056,0.039484,172.31.40.0-255,1137,246736,64,365334
4057,0.039543,172.31.40.0-255,1514,248250,64,365334
4058,0.039544,172.31.40.0-255,1271,249521,64,365334
4059,0.04047,216.58.203.0-255,5738,255259,64,365334
4060,0.040477,172.31.40.0-255,66,255325,64,365334
4061,0.041015,104.244.42.0-255,66,255391,64,365334
4062,0.041189,104.244.42.0-255,66,255457,64,365334
4063,0.041235,104.244.42.0-255,66,255523,64,365334
4064,0.042151,216.58.203.0-255,5738,261261,64,365334
4065,0.042159,172.31.40.0-255,66,261327,64,365334
4066,0.043848,216.58.203.0-255,5738,267065,64,365334
4067,0.043858,172.31.40.0-255,66,267131,64,365334
4068,0.04553,216.58.203.0-255,5738,272869,64,365334
4069,0.04554,172.31.40.0-255,66,272935,64,365334
4070,0.047221,216.58.203.0-255,5738,278673,64,365334
4071,0.04723,172.31.40.0-255,66,278739,64,365334
4072,0.048912,216.58.203.0-255,5738,284477,64,365334
4073,0.048922,172.31.40.0-255,66,284543,64,365334
4074,0.050604,216.58.203.0-255,5738,290281,64,365334
4075,0.050617,172.31.40.0-255,66,290347,64,365334
4076,0.052294,216.58.203.0-255,5738,296085,64,365334
4077,0.0523,172.31.40.0-255,66,296151,64,365334
4078,0.053985,216.58.203.0-255,5738,301889,64,365334
4079,0.053997,172.31.40.0-255,66,301955,64,365334
4080,0.055683,216.58.203.0-255,5738,307693,64,365334
4081,0.055695,172.31.40.0-255,66,307759,64,365334
4082,0.057378,216.58.203.0-255,5738,313497,64,365334
4083,0.057392,172.31.40.0-255,66,313563,64,365334
4084,0.059075,216.58.203.0-255,5738,319301,64,365334
4085,0.059086,172.31.40.0-255,66,319367,64,365334
4086,0.060777,216.58.203.0-255,5738,325105,64,365334
4087,0.060789,172.31.40.0-255,66,325171,64,365334
4088,0.062475,216.58.203.0-255,5738,330909,64,365334
4089,0.062487,172.31.40.0-255,66,330975,64,365334
4090,0.064182,216.58.203.0-255,5738,336713,64,365334
4091,0.06419,172.31.40.0-255,66,336779,64,365334
4092,0.065874,216.58.203.0-255,5738,342517,64,365334
4093,0.065886,172.31.40.0-255,66,342583,64,365334
4094,0.067567,216.58.203.0-255,5738,348321,64,365334
4095,0.067578,172.31.40.0-255,66,348387,64,365334
4096,0.069257,216.58.203.0-255,5738,354125,64,365334
4097,0.069264,172.31.40.0-255,66,354191,64,365334
4098,0.070947,216.58.203.0-255,5738,359929,64,365334
4099,0.070953,172.31.40.0-255,66,359995,64,365334
4100,0.072628,216.58.203.0-255,5102,365097,64,365334
4101,0.072636,172.31.40.0-255,66,365163,64,365334
4102,0.072836,172.31.40.0-255,105,365268,64,365334
4103,0.074469,216.58.203.0-255,66,365334,64,365334
4104,0.0,74.125.24.0-255,154,154,64,260662
4105,1.8e-05,172.31.40.0-255,66,220,64,260662
4106,2.5e-05,74.125.24.0-255,1484,1704,64,260662
4107,3e-05,172.31.40.0-255,66,1770,64,260662
4108,3.6e-05,74.125.24.0-255,2902,4672,64,260662
4109,4.7e-05,172.31.40.0-255,66,4738,64,260662
4110,5.4e-05,74.125.24.0-255,7156,11894,64,260662
4111,5.8e-05,172.31.40.0-255,66,11960,64,260662
4112,6.2e-05,74.125.24.0-255,2002,13962,64,260662
4113,6.5e-05,172.31.40.0-255,66,14028,64,260662
4114,0.000186,74.125.24.0-255,1484,15512,64,260662
4115,0.00019,172.31.40.0-255,66,15578,64,260662
4116,0.000197,74.125.24.0-255,2902,18480,64,260662
4117,0.0002,172.31.40.0-255,66,18546,64,260662
4118,0.000211,74.125.24.0-255,5738,24284,64,260662
4119,0.000213,172.31.40.0-255,66,24350,64,260662
4120,0.00022,74.125.24.0-255,5738,30088,64,260662
4121,0.000222,172.31.40.0-255,66,30154,64,260662
4122,0.000255,74.125.24.0-255,1125,31279,64,260662
4123,0.000258,172.31.40.0-255,66,31345,64,260662
4124,0.000403,74.125.24.0-255,1484,32829,64,260662
4125,0.000407,172.31.40.0-255,66,32895,64,260662
4126,0.000431,74.125.24.0-255,1484,34379,64,260662
4127,0.000434,172.31.40.0-255,66,34445,64,260662
4128,0.000439,74.125.24.0-255,2902,37347,64,260662
4129,0.000442,172.31.40.0-255,66,37413,64,260662
4130,0.000451,74.125.24.0-255,2902,40315,64,260662
4131,0.000453,172.31.40.0-255,66,40381,64,260662
4132,0.000484,74.125.24.0-255,2902,43283,64,260662
4133,0.000487,172.31.40.0-255,66,43349,64,260662
4134,0.000493,74.125.24.0-255,4320,47669,64,260662
4135,0.000496,172.31.40.0-255,66,47735,64,260662
4136,0.000502,74.125.24.0-255,5738,53473,64,260662
4137,0.000511,172.31.40.0-255,66,53539,64,260662
4138,0.000543,74.125.24.0-255,6797,60336,64,260662
4139,0.00055,74.125.24.0-255,5379,65715,64,260662
4140,0.000553,74.125.24.0-255,412,66127,64,260662
4141,0.00058,172.31.40.0-255,66,66193,64,260662
4142,0.000608,74.125.24.0-255,333,66526,64,260662
4143,0.001007,74.125.24.0-255,1484,68010,64,260662
4144,0.001011,172.31.40.0-255,66,68076,64,260662
4145,0.001017,74.125.24.0-255,2902,70978,64,260662
4146,0.001022,74.125.24.0-255,2902,73880,64,260662
4147,0.001033,172.31.40.0-255,66,73946,64,260662
4148,0.001043,74.125.24.0-255,2902,76848,64,260662
4149,0.001069,74.125.24.0-255,1484,78332,64,260662
4150,0.001119,172.31.40.0-255,66,78398,64,260662
4151,0.001402,74.125.24.0-255,1484,79882,64,260662
4152,0.001416,74.125.24.0-255,2902,82784,64,260662
4153,0.001419,172.31.40.0-255,66,82850,64,260662
4154,0.001426,74.125.24.0-255,5738,88588,64,260662
4155,0.001448,74.125.24.0-255,5738,94326,64,260662
4156,0.001462,74.125.24.0-255,4320,98646,64,260662
4157,0.001473,172.31.40.0-255,66,98712,64,260662
4158,0.001477,74.125.24.0-255,2902,101614,64,260662
4159,0.001483,74.125.24.0-255,5738,107352,64,260662
4160,0.001493,172.31.40.0-255,66,107418,64,260662
4161,0.001504,74.125.24.0-255,5020,112438,64,260662
4162,0.001527,172.31.40.0-255,66,112504,64,260662
4163,0.001746,74.125.24.0-255,1484,113988,64,260662
4164,0.00175,74.125.24.0-255,1484,115472,64,260662
4165,0.001753,172.31.40.0-255,66,115538,64,260662
4166,0.001778,74.125.24.0-255,1484,117022,64,260662
4167,0.001784,74.125.24.0-255,5738,122760,64,260662
4168,0.00182,172.31.40.0-255,66,122826,64,260662
4169,0.001832,74.125.24.0-255,7156,129982,64,260662
4170,0.001849,172.31.40.0-255,66,130048,64,260662
4171,0.001878,172.31.40.0-255,66,130114,64,260662
4172,0.002011,74.125.24.0-255,1484,131598,64,260662
4173,0.002017,74.125.24.0-255,2902,134500,64,260662
4174,0.00202,172.31.40.0-255,66,134566,64,260662
4175,0.002026,74.125.24.0-255,4320,138886,64,260662
4176,0.002053,74.125.24.0-255,1484,140370,64,260662
4177,0.002073,172.31.40.0-255,66,140436,64,260662
4178,0.00208,74.125.24.0-255,1484,141920,64,260662
4179,0.002086,74.125.24.0-255,4320,146240,64,260662
4180,0.002104,74.125.24.0-255,6438,152678,64,260662
4181,0.002108,172.31.40.0-255,66,152744,64,260662
4182,0.002309,74.125.24.0-255,1484,154228,64,260662
4183,0.002315,74.125.24.0-255,2902,157130,64,260662
4184,0.002318,172.31.40.0-255,66,157196,64,260662
4185,0.002322,74.125.24.0-255,1484,158680,64,260662
4186,0.00235,74.125.24.0-255,4320,163000,64,260662
4187,0.002357,74.125.24.0-255,7156,170156,64,260662
4188,0.002362,74.125.24.0-255,4320,174476,64,260662
4189,0.00237,172.31.40.0-255,66,174542,64,260662
4190,0.002396,74.125.24.0-255,2184,176726,64,260662
4191,0.002416,172.31.40.0-255,66,176792,64,260662
4192,0.002444,74.125.24.0-255,7156,183948,64,260662
4193,0.002463,172.31.40.0-255,66,184014,64,260662
4194,0.002513,74.125.24.0-255,766,184780,64,260662
4195,0.002568,74.125.24.0-255,7156,191936,64,260662
4196,0.00258,74.125.24.0-255,1484,193420,64,260662
4197,0.002583,74.125.24.0-255,1484,194904,64,260662
4198,0.002607,74.125.24.0-255,6438,201342,64,260662
4199,0.00267,74.125.24.0-255,1484,202826,64,260662
4200,0.002674,74.125.24.0-255,1484,204310,64,260662
4201,0.00269,74.125.24.0-255,1484,205794,64,260662
4202,0.002693,74.125.24.0-255,1484,207278,64,260662
4203,0.002714,74.125.24.0-255,4320,211598,64,260662
4204,0.002717,74.125.24.0-255,1484,213082,64,260662
4205,0.002804,74.125.24.0-255,1484,214566,64,260662
4206,0.002823,74.125.24.0-255,2902,217468,64,260662
4207,0.002828,74.125.24.0-255,4320,221788,64,260662
4208,0.002845,74.125.24.0-255,1484,223272,64,260662
4209,0.002858,74.125.24.0-255,2902,226174,64,260662
4210,0.002873,74.125.24.0-255,4320,230494,64,260662
4211,0.002903,74.125.24.0-255,5738,236232,64,260662
4212,0.002907,74.125.24.0-255,2184,238416,64,260662
4213,0.00326,74.125.24.0-255,1484,239900,64,260662
4214,0.003266,74.125.24.0-255,2902,242802,64,260662
4215,0.003295,74.125.24.0-255,5738,248540,64,260662
4216,0.003299,74.125.24.0-255,2902,251442,64,260662
4217,0.003311,74.125.24.0-255,1484,252926,64,260662
4218,0.003349,74.125.24.0-255,1484,254410,64,260662
4219,0.003395,74.125.24.0-255,2398,256808,64,260662
4220,0.003428,74.125.24.0-255,105,256913,64,260662
4221,0.012057,172.31.40.0-255,66,256979,64,260662
4222,0.013475,74.125.24.0-255,105,257084,64,260662
4223,0.013487,172.31.40.0-255,78,257162,64,260662
4224,0.014119,172.31.40.0-255,105,257267,64,260662
4225,0.016647,74.125.24.0-255,66,257333,64,260662
4226,0.049547,172.31.40.0-255,172,257505,64,260662
4227,0.049579,172.31.40.0-255,1108,258613,64,260662
4228,0.049634,172.31.40.0-255,1514,260127,64,260662
4229,0.049636,172.31.40.0-255,337,260464,64,260662
4230,0.051126,104.244.42.0-255,66,260530,64,260662
4231,0.051152,104.244.42.0-255,66,260596,64,260662
4232,0.051168,104.244.42.0-255,66,260662,64,260662
4233,0.0,172.217.27.0-255,153,153,64,414243
4234,2.3e-05,172.31.40.0-255,66,219,64,414243
4235,3.1e-05,172.217.27.0-255,1484,1703,64,414243
4236,3.6e-05,172.31.40.0-255,66,1769,64,414243
4237,4.9e-05,172.217.27.0-255,2902,4671,64,414243
4238,5.2e-05,172.31.40.0-255,66,4737,64,414243
4239,5.5e-05,172.217.27.0-255,1484,6221,64,414243
4240,5.8e-05,172.31.40.0-255,66,6287,64,414243
4241,6.3e-05,172.217.27.0-255,1484,7771,64,414243
4242,6.5e-05,172.31.40.0-255,66,7837,64,414243
4243,7.1e-05,172.217.27.0-255,2902,10739,64,414243
4244,7.3e-05,172.31.40.0-255,66,10805,64,414243
4245,0.000129,172.217.27.0-255,3557,14362,64,414243
4246,0.000132,172.31.40.0-255,66,14428,64,414243
4247,0.000257,172.217.27.0-255,1484,15912,64,414243
4248,0.000262,172.31.40.0-255,66,15978,64,414243
4249,0.000267,172.217.27.0-255,2902,18880,64,414243
4250,0.00027,172.31.40.0-255,66,18946,64,414243
4251,0.000297,172.217.27.0-255,5738,24684,64,414243
4252,0.0003,172.31.40.0-255,66,24750,64,414243
4253,0.000308,172.217.27.0-255,6797,31547,64,414243
4254,0.00031,172.31.40.0-255,66,31613,64,414243
4255,0.000337,172.217.27.0-255,1484,33097,64,414243
4256,0.000339,172.31.40.0-255,66,33163,64,414243
4257,0.000343,172.217.27.0-255,2902,36065,64,414243
4258,0.000345,172.31.40.0-255,66,36131,64,414243
4259,0.000348,172.217.27.0-255,1484,37615,64,414243
4260,0.00035,172.31.40.0-255,66,37681,64,414243
4261,0.00038,172.217.27.0-255,2902,40583,64,414243
4262,0.000383,172.31.40.0-255,66,40649,64,414243
4263,0.000415,172.31.40.0-255,66,40715,64,414243
4264,0.000463,172.217.27.0-255,1484,42199,64,414243
4265,0.000467,172.217.27.0-255,1484,43683,64,414243
4266,0.00047,172.31.40.0-255,66,43749,64,414243
4267,0.000494,172.217.27.0-255,1484,45233,64,414243
4268,0.000501,172.217.27.0-255,5738,50971,64,414243
4269,0.000503,172.31.40.0-255,66,51037,64,414243
4270,0.000509,172.217.27.0-255,5738,56775,64,414243
4271,0.000512,172.31.40.0-255,66,56841,64,414243
4272,0.000515,172.217.27.0-255,1125,57966,64,414243
4273,0.000551,172.217.27.0-255,354,58320,64,414243
4274,0.001049,172.217.27.0-255,137,58457,64,414243
4275,0.001175,172.31.40.0-255,66,58523,64,414243
4276,0.001213,172.217.27.0-255,1484,60007,64,414243
4277,0.001217,172.217.27.0-255,1484,61491,64,414243
4278,0.001221,172.31.40.0-255,66,61557,64,414243
4279,0.00125,172.217.27.0-255,1484,63041,64,414243
4280,0.001256,172.217.27.0-255,5738,68779,64,414243
4281,0.001258,172.31.40.0-255,66,68845,64,414243
4282,0.001265,172.217.27.0-255,6797,75642,64,414243
4283,0.001267,172.31.40.0-255,66,75708,64,414243
4284,0.0013,172.217.27.0-255,1484,77192,64,414243
4285,0.00132,172.217.27.0-255,2902,80094,64,414243
4286,0.001323,172.31.40.0-255,66,80160,64,414243
4287,0.001327,172.217.27.0-255,2902,83062,64,414243
4288,0.001329,172.31.40.0-255,66,83128,64,414243
4289,0.001345,172.217.27.0-255,2902,86030,64,414243
4290,0.001348,172.31.40.0-255,66,86096,64,414243
4291,0.001351,172.217.27.0-255,1484,87580,64,414243
4292,0.001388,172.217.27.0-255,5379,92959,64,414243
4293,0.001391,172.31.40.0-255,66,93025,64,414243
4294,0.00301,172.217.27.0-255,5738,98763,64,414243
4295,0.003017,172.31.40.0-255,66,98829,64,414243
4296,0.004649,172.217.27.0-255,5738,104567,64,414243
4297,0.004653,172.31.40.0-255,66,104633,64,414243
4298,0.006269,172.217.27.0-255,4320,108953,64,414243
4299,0.006273,172.31.40.0-255,66,109019,64,414243
4300,0.006299,172.217.27.0-255,1484,110503,64,414243
4301,0.007921,172.217.27.0-255,4320,114823,64,414243
4302,0.007928,172.31.40.0-255,66,114889,64,414243
4303,0.009562,172.217.27.0-255,5738,120627,64,414243
4304,0.009569,172.31.40.0-255,66,120693,64,414243
4305,0.011186,172.217.27.0-255,5738,126431,64,414243
4306,0.011198,172.31.40.0-255,66,126497,64,414243
4307,0.012834,172.217.27.0-255,5738,132235,64,414243
4308,0.012843,172.31.40.0-255,66,132301,64,414243
4309,0.014488,172.217.27.0-255,5738,138039,64,414243
4310,0.014498,172.31.40.0-255,66,138105,64,414243
4311,0.016133,172.217.27.0-255,5738,143843,64,414243
4312,0.01614,172.31.40.0-255,66,143909,64,414243
4313,0.01778,172.217.27.0-255,5738,149647,64,414243
4314,0.017787,172.31.40.0-255,66,149713,64,414243
4315,0.019415,172.217.27.0-255,5738,155451,64,414243
4316,0.019421,172.31.40.0-255,66,155517,64,414243
4317,0.021047,172.217.27.0-255,5738,161255,64,414243
4318,0.021056,172.31.40.0-255,66,161321,64,414243
4319,0.022689,172.217.27.0-255,5738,167059,64,414243
4320,0.022697,172.31.40.0-255,66,167125,64,414243
4321,0.024334,172.217.27.0-255,5738,172863,64,414243
4322,0.024341,172.31.40.0-255,66,172929,64,414243
4323,0.025966,172.217.27.0-255,5738,178667,64,414243
4324,0.025973,172.31.40.0-255,66,178733,64,414243
4325,0.027645,172.217.27.0-255,5738,184471,64,414243
4326,0.027651,172.31.40.0-255,66,184537,64,414243
4327,0.02867,172.31.40.0-255,172,184709,64,414243
4328,0.028706,172.31.40.0-255,1113,185822,64,414243
4329,0.02877,172.31.40.0-255,1514,187336,64,414243
4330,0.028772,172.31.40.0-255,1514,188850,64,414243
4331,0.028773,172.31.40.0-255,1514,190364,64,414243
4332,0.028774,172.31.40.0-255,1076,191440,64,414243
4333,0.029272,172.217.27.0-255,5738,197178,64,414243
4334,0.029279,172.31.40.0-255,66,197244,64,414243
4335,0.030242,104.244.42.0-255,66,197310,64,414243
4336,0.030298,104.244.42.0-255,66,197376,64,414243
4337,0.030333,104.244.42.0-255,66,197442,64,414243
4338,0.030347,104.244.42.0-255,66,197508,64,414243
4339,0.030924,172.217.27.0-255,5738,203246,64,414243
4340,0.03093,172.31.40.0-255,66,203312,64,414243
4341,0.032571,172.217.27.0-255,5738,209050,64,414243
4342,0.032579,172.31.40.0-255,66,209116,64,414243
4343,0.034211,172.217.27.0-255,5738,214854,64,414243
4344,0.034218,172.31.40.0-255,66,214920,64,414243
4345,0.035852,172.217.27.0-255,5738,220658,64,414243
4346,0.035859,172.31.40.0-255,66,220724,64,414243
4347,0.037497,172.217.27.0-255,5738,226462,64,414243
4348,0.037504,172.31.40.0-255,66,226528,64,414243
4349,0.039128,172.217.27.0-255,5738,232266,64,414243
4350,0.039135,172.31.40.0-255,66,232332,64,414243
4351,0.040772,172.217.27.0-255,5738,238070,64,414243
4352,0.040778,172.31.40.0-255,66,238136,64,414243
4353,0.042409,172.217.27.0-255,5738,243874,64,414243
4354,0.042417,172.31.40.0-255,66,243940,64,414243
4355,0.044068,172.217.27.0-255,5738,249678,64,414243
4356,0.044084,172.31.40.0-255,66,249744,64,414243
4357,0.045728,172.217.27.0-255,5738,255482,64,414243
4358,0.045743,172.31.40.0-255,66,255548,64,414243
4359,0.047371,172.217.27.0-255,5738,261286,64,414243
4360,0.047382,172.31.40.0-255,66,261352,64,414243
4361,0.049012,172.217.27.0-255,5738,267090,64,414243
4362,0.049022,172.31.40.0-255,66,267156,64,414243
4363,0.050663,172.217.27.0-255,5738,272894,64,414243
4364,0.050675,172.31.40.0-255,66,272960,64,414243
4365,0.052305,172.217.27.0-255,5738,278698,64,414243
4366,0.052316,172.31.40.0-255,66,278764,64,414243
4367,0.053946,172.217.27.0-255,5738,284502,64,414243
4368,0.053955,172.31.40.0-255,66,284568,64,414243
4369,0.05559,172.217.27.0-255,5738,290306,64,414243
4370,0.055603,172.31.40.0-255,66,290372,64,414243
4371,0.057242,172.217.27.0-255,5738,296110,64,414243
4372,0.057252,172.31.40.0-255,66,296176,64,414243
4373,0.058884,172.217.27.0-255,5738,301914,64,414243
4374,0.058892,172.31.40.0-255,66,301980,64,414243
4375,0.060527,172.217.27.0-255,5738,307718,64,414243
4376,0.060539,172.31.40.0-255,66,307784,64,414243
4377,0.06219,172.217.27.0-255,5738,313522,64,414243
4378,0.062201,172.31.40.0-255,66,313588,64,414243
4379,0.063833,172.217.27.0-255,5738,319326,64,414243
4380,0.063845,172.31.40.0-255,66,319392,64,414243
4381,0.065484,172.217.27.0-255,5738,325130,64,414243
4382,0.065494,172.31.40.0-255,66,325196,64,414243
4383,0.067116,172.217.27.0-255,5738,330934,64,414243
4384,0.067125,172.31.40.0-255,66,331000,64,414243
4385,0.068766,172.217.27.0-255,5738,336738,64,414243
4386,0.068777,172.31.40.0-255,66,336804,64,414243
4387,0.070413,172.217.27.0-255,5738,342542,64,414243
4388,0.070424,172.31.40.0-255,66,342608,64,414243
4389,0.072056,172.217.27.0-255,5738,348346,64,414243
4390,0.072067,172.31.40.0-255,66,348412,64,414243
4391,0.073702,172.217.27.0-255,5738,354150,64,414243
4392,0.073714,172.31.40.0-255,66,354216,64,414243
4393,0.075336,172.217.27.0-255,1484,355700,64,414243
4394,0.075355,172.217.27.0-255,4320,360020,64,414243
4395,0.075361,172.31.40.0-255,66,360086,64,414243
4396,0.076998,172.217.27.0-255,5738,365824,64,414243
4397,0.077011,172.31.40.0-255,66,365890,64,414243
4398,0.078688,172.217.27.0-255,5738,371628,64,414243
4399,0.0787,172.31.40.0-255,66,371694,64,414243
4400,0.080378,172.217.27.0-255,5738,377432,64,414243
4401,0.080391,172.31.40.0-255,66,377498,64,414243
4402,0.082034,172.217.27.0-255,5738,383236,64,414243
4403,0.082046,172.31.40.0-255,66,383302,64,414243
4404,0.083682,172.217.27.0-255,5738,389040,64,414243
4405,0.083694,172.31.40.0-255,66,389106,64,414243
4406,0.085326,172.217.27.0-255,5738,394844,64,414243
4407,0.085337,172.31.40.0-255,66,394910,64,414243
4408,0.086976,172.217.27.0-255,5738,400648,64,414243
4409,0.086987,172.31.40.0-255,66,400714,64,414243
4410,0.088627,172.217.27.0-255,5738,406452,64,414243
4411,0.088633,172.31.40.0-255,66,406518,64,414243
4412,0.090264,172.217.27.0-255,5738,412256,64,414243
4413,0.090271,172.31.40.0-255,66,412322,64,414243
4414,0.091898,172.217.27.0-255,1684,414006,64,414243
4415,0.091904,172.31.40.0-255,66,414072,64,414243
4416,0.092159,172.31.40.0-255,105,414177,64,414243
4417,0.093756,172.217.27.0-255,66,414243,64,414243
4418,0.0,74.125.200.0-255,146,146,64,381724
4419,2.3e-05,172.31.40.0-255,66,212,64,381724
4420,3e-05,74.125.200.0-255,1484,1696,64,381724
4421,3.4e-05,172.31.40.0-255,66,1762,64,381724
4422,3.9e-05,74.125.200.0-255,2902,4664,64,381724
4423,4.3e-05,172.31.40.0-255,66,4730,64,381724
4424,4.9e-05,74.125.200.0-255,4320,9050,64,381724
4425,5.3e-05,172.31.40.0-255,66,9116,64,381724
4426,7.4e-05,74.125.200.0-255,2902,12018,64,381724
4427,7.7e-05,172.31.40.0-255,66,12084,64,381724
4428,9.3e-05,74.125.200.0-255,2101,14185,64,381724
4429,9.6e-05,172.31.40.0-255,66,14251,64,381724
4430,0.000202,74.125.200.0-255,1484,15735,64,381724
4431,0.000205,172.31.40.0-255,66,15801,64,381724
4432,0.000211,74.125.200.0-255,2902,18703,64,381724
4433,0.000213,172.31.40.0-255,66,18769,64,381724
4434,0.000232,74.125.200.0-255,5738,24507,64,381724
4435,0.000234,172.31.40.0-255,66,24573,64,381724
4436,0.000254,74.125.200.0-255,6797,31370,64,381724
4437,0.000257,172.31.40.0-255,66,31436,64,381724
4438,0.000281,74.125.200.0-255,1484,32920,64,381724
4439,0.000284,172.31.40.0-255,66,32986,64,381724
4440,0.000303,74.125.200.0-255,2902,35888,64,381724
4441,0.000306,172.31.40.0-255,66,35954,64,381724
4442,0.000313,74.125.200.0-255,5738,41692,64,381724
4443,0.000316,172.31.40.0-255,66,41758,64,381724
4444,0.00033,74.125.200.0-255,4320,46078,64,381724
4445,0.000333,172.31.40.0-255,66,46144,64,381724
4446,0.00038,74.125.200.0-255,2543,48687,64,381724
4447,0.000383,172.31.40.0-255,66,48753,64,381724
4448,0.000816,74.125.200.0-255,1484,50237,64,381724
4449,0.000821,172.31.40.0-255,66,50303,64,381724
4450,0.000827,74.125.200.0-255,2902,53205,64,381724
4451,0.000829,172.31.40.0-255,66,53271,64,381724
4452,0.000833,74.125.200.0-255,1484,54755,64,381724
4453,0.000835,172.31.40.0-255,66,54821,64,381724
4454,0.00084,74.125.200.0-255,2902,57723,64,381724
4455,0.000842,172.31.40.0-255,66,57789,64,381724
4456,0.000881,74.125.200.0-255,5738,63527,64,381724
4457,0.000884,172.31.40.0-255,66,63593,64,381724
4458,0.000889,74.125.200.0-255,2902,66495,64,381724
4459,0.000891,172.31.40.0-255,66,66561,64,381724
4460,0.000918,74.125.200.0-255,3961,70522,64,381724
4461,0.000921,172.31.40.0-255,66,70588,64,381724
4462,0.000929,74.125.200.0-255,7156,77744,64,381724
4463,0.000932,172.31.40.0-255,66,77810,64,381724
4464,0.000937,74.125.200.0-255,4320,82130,64,381724
4465,0.000939,172.31.40.0-255,66,82196,64,381724
4466,0.000965,74.125.200.0-255,1706,83902,64,381724
4467,0.000968,172.31.40.0-255,66,83968,64,381724
4468,0.000985,74.125.200.0-255,1484,85452,64,381724
4469,0.000988,172.31.40.0-255,66,85518,64,381724
4470,0.001005,74.125.200.0-255,2902,88420,64,381724
4471,0.001008,172.31.40.0-255,66,88486,64,381724
4472,0.001014,74.125.200.0-255,5738,94224,64,381724
4473,0.001017,172.31.40.0-255,66,94290,64,381724
4474,0.001048,172.31.40.0-255,66,94356,64,381724
4475,0.001054,74.125.200.0-255,5738,100094,64,381724
4476,0.001056,172.31.40.0-255,66,100160,64,381724
4477,0.001088,74.125.200.0-255,2902,103062,64,381724
4478,0.001091,172.31.40.0-255,66,103128,64,381724
4479,0.001112,74.125.200.0-255,2937,106065,64,381724
4480,0.001114,172.31.40.0-255,66,106131,64,381724
4481,0.00112,74.125.200.0-255,4320,110451,64,381724
4482,0.001122,172.31.40.0-255,66,110517,64,381724
4483,0.001138,74.125.200.0-255,2902,113419,64,381724
4484,0.001141,172.31.40.0-255,66,113485,64,381724
4485,0.001148,74.125.200.0-255,7156,120641,64,381724
4486,0.00115,172.31.40.0-255,66,120707,64,381724
4487,0.001197,74.125.200.0-255,3239,123946,64,381724
4488,0.001201,172.31.40.0-255,66,124012,64,381724
4489,0.001233,74.125.200.0-255,4320,128332,64,381724
4490,0.001237,172.31.40.0-255,66,128398,64,381724
4491,0.00125,74.125.200.0-255,4320,132718,64,381724
4492,0.001254,172.31.40.0-255,66,132784,64,381724
4493,0.00126,74.125.200.0-255,5738,138522,64,381724
4494,0.001262,172.31.40.0-255,66,138588,64,381724
4495,0.001292,74.125.200.0-255,1484,140072,64,381724
4496,0.001295,172.31.40.0-255,66,140138,64,381724
4497,0.001328,172.31.40.0-255,66,140204,64,381724
4498,0.001364,172.31.40.0-255,66,140270,64,381724
4499,0.00138,74.125.200.0-255,766,141036,64,381724
4500,0.001383,172.31.40.0-255,66,141102,64,381724
4501,0.001738,74.125.200.0-255,1484,142586,64,381724
4502,0.001743,172.31.40.0-255,66,142652,64,381724
4503,0.001748,74.125.200.0-255,2902,145554,64,381724
4504,0.00175,172.31.40.0-255,66,145620,64,381724
4505,0.001755,74.125.200.0-255,4320,149940,64,381724
4506,0.001757,172.31.40.0-255,66,150006,64,381724
4507,0.001777,74.125.200.0-255,5738,155744,64,381724
4508,0.001781,172.31.40.0-255,66,155810,64,381724
4509,0.001789,74.125.200.0-255,2902,158712,64,381724
4510,0.001792,172.31.40.0-255,66,158778,64,381724
4511,0.001795,74.125.200.0-255,1484,160262,64,381724
4512,0.001821,74.125.200.0-255,7156,167418,64,381724
4513,0.001833,172.31.40.0-255,66,167484,64,381724
4514,0.001851,74.125.200.0-255,1484,168968,64,381724
4515,0.001873,74.125.200.0-255,6438,175406,64,381724
4516,0.001888,172.31.40.0-255,66,175472,64,381724
4517,0.001901,74.125.200.0-255,1484,176956,64,381724
4518,0.001925,74.125.200.0-255,2902,179858,64,381724
4519,0.001936,172.31.40.0-255,66,179924,64,381724
4520,0.001949,74.125.200.0-255,5738,185662,64,381724
4521,0.001953,74.125.200.0-255,2902,188564,64,381724
4522,0.001956,74.125.200.0-255,1484,190048,64,381724
4523,0.001959,172.31.40.0-255,66,190114,64,381724
4524,0.001975,74.125.200.0-255,2902,193016,64,381724
4525,0.001989,172.31.40.0-255,66,193082,64,381724
4526,0.002009,74.125.200.0-255,5738,198820,64,381724
4527,0.002019,172.31.40.0-255,66,198886,64,381724
4528,0.002022,74.125.200.0-255,1484,200370,64,381724
4529,0.002037,74.125.200.0-255,766,201136,64,381724
4530,0.002046,172.31.40.0-255,66,201202,64,381724
4531,0.002184,74.125.200.0-255,1484,202686,64,381724
4532,0.002198,74.125.200.0-255,2902,205588,64,381724
4533,0.002201,172.31.40.0-255,66,205654,64,381724
4534,0.002204,74.125.200.0-255,1484,207138,64,381724
4535,0.002207,74.125.200.0-255,1484,208622,64,381724
4536,0.00222,74.125.200.0-255,1484,210106,64,381724
4537,0.002223,74.125.200.0-255,1484,211590,64,381724
4538,0.002232,172.31.40.0-255,66,211656,64,381724
4539,0.002248,74.125.200.0-255,4320,215976,64,381724
4540,0.002266,74.125.200.0-255,5738,221714,64,381724
4541,0.002282,74.125.200.0-255,2902,224616,64,381724
4542,0.011655,74.125.200.0-255,1484,226100,64,381724
4543,0.012634,172.31.40.0-255,66,226166,64,381724
4544,0.014885,74.125.200.0-255,5738,231904,64,381724
4545,0.014891,172.31.40.0-255,66,231970,64,381724
4546,0.017167,74.125.200.0-255,5738,237708,64,381724
4547,0.017177,172.31.40.0-255,66,237774,64,381724
4548,0.019445,74.125.200.0-255,5738,243512,64,381724
4549,0.019461,172.31.40.0-255,66,243578,64,381724
4550,0.021705,74.125.200.0-255,5738,249316,64,381724
4551,0.021713,172.31.40.0-255,66,249382,64,381724
4552,0.02398,74.125.200.0-255,5738,255120,64,381724
4553,0.023988,172.31.40.0-255,66,255186,64,381724
4554,0.02625,74.125.200.0-255,5738,260924,64,381724
4555,0.026258,172.31.40.0-255,66,260990,64,381724
4556,0.028512,74.125.200.0-255,5738,266728,64,381724
4557,0.028522,172.31.40.0-255,66,266794,64,381724
4558,0.030788,74.125.200.0-255,5738,272532,64,381724
4559,0.030804,172.31.40.0-255,66,272598,64,381724
4560,0.033053,74.125.200.0-255,5738,278336,64,381724
4561,0.033061,172.31.40.0-255,66,278402,64,381724
4562,0.035312,74.125.200.0-255,5738,284140,64,381724
4563,0.035323,172.31.40.0-255,66,284206,64,381724
4564,0.037587,74.125.200.0-255,5738,289944,64,381724
4565,0.037605,172.31.40.0-255,66,290010,64,381724
4566,0.039856,74.125.200.0-255,5738,295748,64,381724
4567,0.039863,172.31.40.0-255,66,295814,64,381724
4568,0.042147,74.125.200.0-255,5738,301552,64,381724
4569,0.042175,172.31.40.0-255,66,301618,64,381724
4570,0.044449,74.125.200.0-255,5738,307356,64,381724
4571,0.044466,172.31.40.0-255,66,307422,64,381724
4572,0.046722,74.125.200.0-255,5738,313160,64,381724
4573,0.04673,172.31.40.0-255,66,313226,64,381724
4574,0.049033,74.125.200.0-255,5738,318964,64,381724
4575,0.049049,172.31.40.0-255,66,319030,64,381724
4576,0.051335,74.125.200.0-255,5738,324768,64,381724
4577,0.051356,172.31.40.0-255,66,324834,64,381724
4578,0.053625,74.125.200.0-255,5738,330572,64,381724
4579,0.053641,172.31.40.0-255,66,330638,64,381724
4580,0.055896,74.125.200.0-255,5738,336376,64,381724
4581,0.055905,172.31.40.0-255,66,336442,64,381724
4582,0.055998,172.31.40.0-255,171,336613,64,381724
4583,0.056025,172.31.40.0-255,1137,337750,64,381724
4584,0.056144,172.31.40.0-255,1514,339264,64,381724
4585,0.056146,172.31.40.0-255,1514,340778,64,381724
4586,0.056147,172.31.40.0-255,670,341448,64,381724
4587,0.05754,104.244.42.0-255,66,341514,64,381724
4588,0.057571,104.244.42.0-255,66,341580,64,381724
4589,0.057704,104.244.42.0-255,66,341646,64,381724
4590,0.057709,104.244.42.0-255,66,341712,64,381724
4591,0.058153,74.125.200.0-255,5738,347450,64,381724
4592,0.058161,172.31.40.0-255,66,347516,64,381724
4593,0.060418,74.125.200.0-255,5738,353254,64,381724
4594,0.060432,172.31.40.0-255,66,353320,64,381724
4595,0.062688,74.125.200.0-255,5738,359058,64,381724
4596,0.062704,172.31.40.0-255,66,359124,64,381724
4597,0.064971,74.125.200.0-255,5738,364862,64,381724
4598,0.064989,172.31.40.0-255,66,364928,64,381724
4599,0.067263,74.125.200.0-255,5738,370666,64,381724
4600,0.06728,172.31.40.0-255,66,370732,64,381724
4601,0.069536,74.125.200.0-255,5738,376470,64,381724
4602,0.069543,172.31.40.0-255,66,376536,64,381724
4603,0.07181,74.125.200.0-255,4951,381487,64,381724
4604,0.071817,172.31.40.0-255,66,381553,64,381724
4605,0.072009,172.31.40.0-255,105,381658,64,381724
4606,0.074219,74.125.200.0-255,66,381724,64,381724
4607,0.0,74.125.200.0-255,146,146,64,308879
4608,2.2e-05,172.31.40.0-255,66,212,64,308879
4609,2.9e-05,74.125.200.0-255,1484,1696,64,308879
4610,3.4e-05,172.31.40.0-255,66,1762,64,308879
4611,4e-05,74.125.200.0-255,2902,4664,64,308879
4612,4.3e-05,172.31.40.0-255,66,4730,64,308879
4613,5e-05,74.125.200.0-255,5738,10468,64,308879
4614,5.3e-05,172.31.40.0-255,66,10534,64,308879
4615,9.8e-05,74.125.200.0-255,3509,14043,64,308879
4616,0.000101,172.31.40.0-255,66,14109,64,308879
4617,0.000171,74.125.200.0-255,1484,15593,64,308879
4618,0.000175,172.31.40.0-255,66,15659,64,308879
4619,0.000179,74.125.200.0-255,2902,18561,64,308879
4620,0.000181,172.31.40.0-255,66,18627,64,308879
4621,0.000198,74.125.200.0-255,5738,24365,64,308879
4622,0.0002,172.31.40.0-255,66,24431,64,308879
4623,0.000211,74.125.200.0-255,1484,25915,64,308879
4624,0.000213,172.31.40.0-255,66,25981,64,308879
4625,0.00023,74.125.200.0-255,5379,31360,64,308879
4626,0.000233,172.31.40.0-255,66,31426,64,308879
4627,0.000255,74.125.200.0-255,7156,38582,64,308879
4628,0.000258,172.31.40.0-255,66,38648,64,308879
4629,0.000285,74.125.200.0-255,4320,42968,64,308879
4630,0.000287,172.31.40.0-255,66,43034,64,308879
4631,0.000306,74.125.200.0-255,2902,45936,64,308879
4632,0.000308,172.31.40.0-255,66,46002,64,308879
4633,0.000319,172.31.40.0-255,66,46068,64,308879
4634,0.000323,74.125.200.0-255,2902,48970,64,308879
4635,0.000326,172.31.40.0-255,66,49036,64,308879
4636,0.000362,172.31.40.0-255,66,49102,64,308879
4637,0.000365,74.125.200.0-255,412,49514,64,308879
4638,0.000367,172.31.40.0-255,66,49580,64,308879
4639,0.000618,74.125.200.0-255,332,49912,64,308879
4640,0.000624,172.31.40.0-255,66,49978,64,308879
4641,0.000662,74.125.200.0-255,1484,51462,64,308879
4642,0.000667,172.31.40.0-255,66,51528,64,308879
4643,0.000672,74.125.200.0-255,2902,54430,64,308879
4644,0.000674,172.31.40.0-255,66,54496,64,308879
4645,0.000691,74.125.200.0-255,4320,58816,64,308879
4646,0.000694,172.31.40.0-255,66,58882,64,308879
4647,0.000722,172.31.40.0-255,66,58948,64,308879
4648,0.000727,74.125.200.0-255,2902,61850,64,308879
4649,0.000729,172.31.40.0-255,66,61916,64,308879
4650,0.000756,74.125.200.0-255,2902,64818,64,308879
4651,0.00076,172.31.40.0-255,66,64884,64,308879
4652,0.000767,74.125.200.0-255,7156,72040,64,308879
4653,0.00078,74.125.200.0-255,1484,73524,64,308879
4654,0.000793,172.31.40.0-255,66,73590,64,308879
4655,0.000797,74.125.200.0-255,2184,75774,64,308879
4656,0.000802,172.31.40.0-255,66,75840,64,308879
4657,0.000863,74.125.200.0-255,1484,77324,64,308879
4658,0.000878,74.125.200.0-255,2902,80226,64,308879
4659,0.000883,172.31.40.0-255,66,80292,64,308879
4660,0.000902,74.125.200.0-255,5738,86030,64,308879
4661,0.000917,74.125.200.0-255,2902,88932,64,308879
4662,0.00092,172.31.40.0-255,66,88998,64,308879
4663,0.000925,172.31.40.0-255,66,89064,64,308879
4664,0.000955,74.125.200.0-255,4320,93384,64,308879
4665,0.000966,172.31.40.0-255,66,93450,64,308879
4666,0.001001,74.125.200.0-255,6438,99888,64,308879
4667,0.001015,172.31.40.0-255,66,99954,64,308879
4668,0.001085,74.125.200.0-255,1484,101438,64,308879
4669,0.0011,74.125.200.0-255,2902,104340,64,308879
4670,0.001117,74.125.200.0-255,4320,108660,64,308879
4671,0.001122,172.31.40.0-255,66,108726,64,308879
4672,0.001135,74.125.200.0-255,1484,110210,64,308879
4673,0.001138,74.125.200.0-255,1484,111694,64,308879
4674,0.001155,74.125.200.0-255,5738,117432,64,308879
4675,0.001161,74.125.200.0-255,4320,121752,64,308879
4676,0.001167,172.31.40.0-255,66,121818,64,308879
4677,0.001179,74.125.200.0-255,4320,126138,64,308879
4678,0.001203,74.125.200.0-255,5738,131876,64,308879
4679,0.001206,172.31.40.0-255,66,131942,64,308879
4680,0.001211,172.31.40.0-255,66,132008,64,308879
4681,0.001223,74.125.200.0-255,2184,134192,64,308879
4682,0.001241,172.31.40.0-255,66,134258,64,308879
4683,0.001288,74.125.200.0-255,1484,135742,64,308879
4684,0.001295,74.125.200.0-255,2902,138644,64,308879
4685,0.001307,74.125.200.0-255,2902,141546,64,308879
4686,0.001319,74.125.200.0-255,2902,144448,64,308879
4687,0.001324,172.31.40.0-255,66,144514,64,308879
4688,0.001337,74.125.200.0-255,1484,145998,64,308879
4689,0.001431,74.125.200.0-255,2184,148182,64,308879
4690,0.001441,172.31.40.0-255,66,148248,64,308879
4691,0.001565,74.125.200.0-255,1484,149732,64,308879
4692,0.00158,74.125.200.0-255,2902,152634,64,308879
4693,0.001593,172.31.40.0-255,66,152700,64,308879
4694,0.001598,74.125.200.0-255,2902,155602,64,308879
4695,0.001601,74.125.200.0-255,1484,157086,64,308879
4696,0.001606,172.31.40.0-255,66,157152,64,308879
4697,0.001615,74.125.200.0-255,2902,160054,64,308879
4698,0.001641,74.125.200.0-255,5738,165792,64,308879
4699,0.001659,74.125.200.0-255,1484,167276,64,308879
4700,0.001664,172.31.40.0-255,66,167342,64,308879
4701,0.001682,74.125.200.0-255,5738,173080,64,308879
4702,0.001694,172.31.40.0-255,66,173146,64,308879
4703,0.001711,74.125.200.0-255,1484,174630,64,308879
4704,0.00174,74.125.200.0-255,7156,181786,64,308879
4705,0.001749,74.125.200.0-255,7156,188942,64,308879
4706,0.001761,74.125.200.0-255,2902,191844,64,308879
4707,0.001768,172.31.40.0-255,66,191910,64,308879
4708,0.001799,74.125.200.0-255,5738,197648,64,308879
4709,0.001822,74.125.200.0-255,2184,199832,64,308879
4710,0.001828,172.31.40.0-255,66,199898,64,308879
4711,0.001871,74.125.200.0-255,1484,201382,64,308879
4712,0.001876,74.125.200.0-255,2902,204284,64,308879
4713,0.001885,172.31.40.0-255,66,204350,64,308879
4714,0.001902,74.125.200.0-255,5738,210088,64,308879
4715,0.001906,74.125.200.0-255,2902,212990,64,308879
4716,0.001923,172.31.40.0-255,66,213056,64,308879
4717,0.002004,74.125.200.0-255,4320,217376,64,308879
4718,0.002013,74.125.200.0-255,7156,224532,64,308879
4719,0.002023,172.31.40.0-255,66,224598,64,308879
4720,0.002037,74.125.200.0-255,1484,226082,64,308879
4721,0.002044,74.125.200.0-255,5738,231820,64,308879
4722,0.00205,74.125.200.0-255,3602,235422,64,308879
4723,0.002065,172.31.40.0-255,66,235488,64,308879
4724,0.002073,74.125.200.0-255,1484,236972,64,308879
4725,0.002086,74.125.200.0-255,2902,239874,64,308879
4726,0.002101,74.125.200.0-255,1484,241358,64,308879
4727,0.002107,172.31.40.0-255,66,241424,64,308879
4728,0.002124,74.125.200.0-255,2902,244326,64,308879
4729,0.002136,172.31.40.0-255,66,244392,64,308879
4730,0.002161,74.125.200.0-255,4320,248712,64,308879
4731,0.002179,74.125.200.0-255,7156,255868,64,308879
4732,0.002189,172.31.40.0-255,66,255934,64,308879
4733,0.0022,74.125.200.0-255,2902,258836,64,308879
4734,0.002202,74.125.200.0-255,766,259602,64,308879
4735,0.002205,74.125.200.0-255,1484,261086,64,308879
4736,0.00221,74.125.200.0-255,4320,265406,64,308879
4737,0.002221,74.125.200.0-255,1484,266890,64,308879
4738,0.002235,172.31.40.0-255,66,266956,64,308879
4739,0.002276,74.125.200.0-255,1484,268440,64,308879
4740,0.00228,74.125.200.0-255,2902,271342,64,308879
4741,0.002286,74.125.200.0-255,5738,277080,64,308879
4742,0.002323,74.125.200.0-255,1484,278564,64,308879
4743,0.00234,74.125.200.0-255,4320,282884,64,308879
4744,0.002347,74.125.200.0-255,7156,290040,64,308879
4745,0.002354,74.125.200.0-255,5738,295778,64,308879
4746,0.002368,172.31.40.0-255,66,295844,64,308879
4747,0.002374,74.125.200.0-255,5020,300864,64,308879
4748,0.002384,172.31.40.0-255,66,300930,64,308879
4749,0.004719,74.125.200.0-255,3420,304350,64,308879
4750,0.004725,172.31.40.0-255,66,304416,64,308879
4751,0.024884,172.31.40.0-255,105,304521,64,308879
4752,0.027188,74.125.200.0-255,66,304587,64,308879
4753,0.05351,172.31.40.0-255,172,304759,64,308879
4754,0.053547,172.31.40.0-255,1112,305871,64,308879
4755,0.05361,172.31.40.0-255,1514,307385,64,308879
4756,0.053612,172.31.40.0-255,1296,308681,64,308879
4757,0.055047,104.244.42.0-255,66,308747,64,308879
4758,0.055057,104.244.42.0-255,66,308813,64,308879
4759,0.055138,104.244.42.0-255,66,308879,64,308879
4760,0.0,74.125.200.0-255,150,150,64,341271
4761,2.2e-05,172.31.40.0-255,66,216,64,341271
4762,2.9e-05,74.125.200.0-255,1484,1700,64,341271
4763,3.4e-05,172.31.40.0-255,66,1766,64,341271
4764,4e-05,74.125.200.0-255,2902,4668,64,341271
4765,5.4e-05,172.31.40.0-255,66,4734,64,341271
4766,6.2e-05,74.125.200.0-255,5738,10472,64,341271
4767,6.7e-05,172.31.40.0-255,66,10538,64,341271
4768,7.2e-05,74.125.200.0-255,3492,14030,64,341271
4769,7.4e-05,172.31.40.0-255,66,14096,64,341271
4770,0.000157,74.125.200.0-255,1484,15580,64,341271
4771,0.000161,172.31.40.0-255,66,15646,64,341271
4772,0.000165,74.125.200.0-255,1484,17130,64,341271
4773,0.000167,172.31.40.0-255,66,17196,64,341271
4774,0.000192,74.125.200.0-255,1484,18680,64,341271
4775,0.000195,172.31.40.0-255,66,18746,64,341271
4776,0.000207,74.125.200.0-255,5738,24484,64,341271
4777,0.000209,172.31.40.0-255,66,24550,64,341271
4778,0.000213,74.125.200.0-255,2902,27452,64,341271
4779,0.000215,172.31.40.0-255,66,27518,64,341271
4780,0.000251,74.125.200.0-255,3961,31479,64,341271
4781,0.000254,172.31.40.0-255,66,31545,64,341271
4782,0.000258,74.125.200.0-255,2902,34447,64,341271
4783,0.00026,172.31.40.0-255,66,34513,64,341271
4784,0.000286,74.125.200.0-255,1484,35997,64,341271
4785,0.000293,172.31.40.0-255,66,36063,64,341271
4786,0.000299,74.125.200.0-255,5738,41801,64,341271
4787,0.000301,172.31.40.0-255,66,41867,64,341271
4788,0.000305,74.125.200.0-255,2902,44769,64,341271
4789,0.000307,172.31.40.0-255,66,44835,64,341271
4790,0.00033,74.125.200.0-255,3961,48796,64,341271
4791,0.000333,172.31.40.0-255,66,48862,64,341271
4792,0.000371,74.125.200.0-255,5738,54600,64,341271
4793,0.000377,74.125.200.0-255,2902,57502,64,341271
4794,0.000398,74.125.200.0-255,4320,61822,64,341271
4795,0.000417,74.125.200.0-255,3961,65783,64,341271
4796,0.000543,74.125.200.0-255,645,66428,64,341271
4797,0.000591,172.31.40.0-255,66,66494,64,341271
4798,0.000672,74.125.200.0-255,1484,67978,64,341271
4799,0.000678,74.125.200.0-255,2902,70880,64,341271
4800,0.000697,74.125.200.0-255,5738,76618,64,341271
4801,0.000703,172.31.40.0-255,66,76684,64,341271
4802,0.000711,74.125.200.0-255,1484,78168,64,341271
4803,0.000737,74.125.200.0-255,5379,83547,64,341271
4804,0.000745,74.125.200.0-255,7156,90703,64,341271
4805,0.000761,74.125.200.0-255,4320,95023,64,341271
4806,0.000773,74.125.200.0-255,2902,97925,64,341271
4807,0.000783,172.31.40.0-255,66,97991,64,341271
4808,0.000814,74.125.200.0-255,2543,100534,64,341271
4809,0.000833,172.31.40.0-255,66,100600,64,341271
4810,0.000951,74.125.200.0-255,1484,102084,64,341271
4811,0.000956,74.125.200.0-255,2902,104986,64,341271
4812,0.000962,172.31.40.0-255,66,105052,64,341271
4813,0.000992,74.125.200.0-255,2902,107954,64,341271
4814,0.001003,74.125.200.0-255,1484,109438,64,341271
4815,0.00101,172.31.40.0-255,66,109504,64,341271
4816,0.00104,74.125.200.0-255,7156,116660,64,341271
4817,0.001047,172.31.40.0-255,66,116726,64,341271
4818,0.001055,74.125.200.0-255,1484,118210,64,341271
4819,0.001057,74.125.200.0-255,1484,119694,64,341271
4820,0.001062,172.31.40.0-255,66,119760,64,341271
4821,0.001098,74.125.200.0-255,5738,125498,64,341271
4822,0.00111,74.125.200.0-255,766,126264,64,341271
4823,0.001132,172.31.40.0-255,66,126330,64,341271
4824,0.001174,74.125.200.0-255,1484,127814,64,341271
4825,0.001187,74.125.200.0-255,2902,130716,64,341271
4826,0.001201,172.31.40.0-255,66,130782,64,341271
4827,0.001211,74.125.200.0-255,5738,136520,64,341271
4828,0.001214,74.125.200.0-255,1484,138004,64,341271
4829,0.001219,172.31.40.0-255,66,138070,64,341271
4830,0.001245,74.125.200.0-255,4320,142390,64,341271
4831,0.001254,74.125.200.0-255,7156,149546,64,341271
4832,0.001264,74.125.200.0-255,1484,151030,64,341271
4833,0.001306,74.125.200.0-255,766,151796,64,341271
4834,0.001313,172.31.40.0-255,66,151862,64,341271
4835,0.001377,74.125.200.0-255,1484,153346,64,341271
4836,0.001383,74.125.200.0-255,2902,156248,64,341271
4837,0.001399,74.125.200.0-255,4320,160568,64,341271
4838,0.001409,74.125.200.0-255,1484,162052,64,341271
4839,0.001412,74.125.200.0-255,1484,163536,64,341271
4840,0.001418,172.31.40.0-255,66,163602,64,341271
4841,0.001426,74.125.200.0-255,2902,166504,64,341271
4842,0.001432,172.31.40.0-255,66,166570,64,341271
4843,0.001439,74.125.200.0-255,1484,168054,64,341271
4844,0.00145,74.125.200.0-255,7156,175210,64,341271
4845,0.001499,74.125.200.0-255,2184,177394,64,341271
4846,0.00151,172.31.40.0-255,66,177460,64,341271
4847,0.001642,74.125.200.0-255,1484,178944,64,341271
4848,0.001659,74.125.200.0-255,2902,181846,64,341271
4849,0.00167,74.125.200.0-255,1484,183330,64,341271
4850,0.001673,74.125.200.0-255,1484,184814,64,341271
4851,0.001677,172.31.40.0-255,66,184880,64,341271
4852,0.001696,74.125.200.0-255,1484,186364,64,341271
4853,0.001701,74.125.200.0-255,2902,189266,64,341271
4854,0.001714,74.125.200.0-255,2902,192168,64,341271
4855,0.001721,172.31.40.0-255,66,192234,64,341271
4856,0.001781,74.125.200.0-255,4320,196554,64,341271
4857,0.001787,172.31.40.0-255,66,196620,64,341271
4858,0.001813,74.125.200.0-255,3602,200222,64,341271
4859,0.001817,74.125.200.0-255,1484,201706,64,341271
4860,0.001837,74.125.200.0-255,2902,204608,64,341271
4861,0.001844,172.31.40.0-255,66,204674,64,341271
4862,0.001859,74.125.200.0-255,5738,210412,64,341271
4863,0.001904,74.125.200.0-255,1484,211896,64,341271
4864,0.001931,74.125.200.0-255,4320,216216,64,341271
4865,0.001939,74.125.200.0-255,7156,223372,64,341271
4866,0.001951,74.125.200.0-255,1484,224856,64,341271
4867,0.001963,172.31.40.0-255,66,224922,64,341271
4868,0.00199,172.31.40.0-255,66,224988,64,341271
4869,0.001998,74.125.200.0-255,7156,232144,64,341271
4870,0.002015,74.125.200.0-255,1484,233628,64,341271
4871,0.002031,74.125.200.0-255,5738,239366,64,341271
4872,0.00205,74.125.200.0-255,4320,243686,64,341271
4873,0.002055,74.125.200.0-255,2902,246588,64,341271
4874,0.002058,74.125.200.0-255,1484,248072,64,341271
4875,0.002071,74.125.200.0-255,2184,250256,64,341271
4876,0.002074,74.125.200.0-255,1484,251740,64,341271
4877,0.002084,172.31.40.0-255,66,251806,64,341271
4878,0.002096,74.125.200.0-255,2902,254708,64,341271
4879,0.002121,74.125.200.0-255,1484,256192,64,341271
4880,0.002133,74.125.200.0-255,1484,257676,64,341271
4881,0.00214,172.31.40.0-255,66,257742,64,341271
4882,0.002148,74.125.200.0-255,1484,259226,64,341271
4883,0.002151,74.125.200.0-255,1484,260710,64,341271
4884,0.002176,74.125.200.0-255,1484,262194,64,341271
4885,0.002183,172.31.40.0-255,66,262260,64,341271
4886,0.00221,74.125.200.0-255,4320,266580,64,341271
4887,0.002214,74.125.200.0-255,2902,269482,64,341271
4888,0.002242,172.31.40.0-255,66,269548,64,341271
4889,0.002246,74.125.200.0-255,1484,271032,64,341271
4890,0.002251,74.125.200.0-255,2184,273216,64,341271
4891,0.002253,74.125.200.0-255,1484,274700,64,341271
4892,0.002261,74.125.200.0-255,2902,277602,64,341271
4893,0.002269,172.31.40.0-255,66,277668,64,341271
4894,0.002287,74.125.200.0-255,4320,281988,64,341271
4895,0.002294,74.125.200.0-255,5738,287726,64,341271
4896,0.00231,172.31.40.0-255,66,287792,64,341271
4897,0.002322,74.125.200.0-255,5738,293530,64,341271
4898,0.002341,74.125.200.0-255,1484,295014,64,341271
4899,0.002344,74.125.200.0-255,1484,296498,64,341271
4900,0.002347,74.125.200.0-255,1484,297982,64,341271
4901,0.00235,74.125.200.0-255,2902,300884,64,341271
4902,0.002372,74.125.200.0-255,1484,302368,64,341271
4903,0.002375,172.31.40.0-255,66,302434,64,341271
4904,0.002382,74.125.200.0-255,1484,303918,64,341271
4905,0.002387,172.31.40.0-255,66,303984,64,341271
4906,0.00241,74.125.200.0-255,3602,307586,64,341271
4907,0.002417,74.125.200.0-255,5738,313324,64,341271
4908,0.00244,74.125.200.0-255,5738,319062,64,341271
4909,0.002443,172.31.40.0-255,66,319128,64,341271
4910,0.002448,172.31.40.0-255,66,319194,64,341271
4911,0.002486,74.125.200.0-255,7156,326350,64,341271
4912,0.002492,74.125.200.0-255,5738,332088,64,341271
4913,0.002497,74.125.200.0-255,4320,336408,64,341271
4914,0.002527,74.125.200.0-255,97,336505,64,341271
4915,0.002529,172.31.40.0-255,66,336571,64,341271
4916,0.002535,172.31.40.0-255,66,336637,64,341271
4917,0.002577,74.125.200.0-255,105,336742,64,341271
4918,0.00499,172.31.40.0-255,66,336808,64,341271
4919,0.00503,172.31.40.0-255,105,336913,64,341271
4920,0.00706,74.125.200.0-255,66,336979,64,341271
4921,0.032805,172.31.40.0-255,172,337151,64,341271
4922,0.032841,172.31.40.0-255,1112,338263,64,341271
4923,0.032904,172.31.40.0-255,1514,339777,64,341271
4924,0.032905,172.31.40.0-255,1296,341073,64,341271
4925,0.034368,104.244.42.0-255,66,341139,64,341271
4926,0.034419,104.244.42.0-255,66,341205,64,341271
4927,0.034469,104.244.42.0-255,66,341271,64,341271
4928,0.0,74.125.130.0-255,288,288,64,329894
4929,2.4e-05,172.31.40.0-255,66,354,64,329894
4930,3e-05,74.125.130.0-255,1484,1838,64,329894
4931,3.5e-05,172.31.40.0-255,66,1904,64,329894
4932,4.8e-05,74.125.130.0-255,2902,4806,64,329894
4933,5.2e-05,172.31.40.0-255,66,4872,64,329894
4934,5.9e-05,74.125.130.0-255,5738,10610,64,329894
4935,6.2e-05,172.31.40.0-255,66,10676,64,329894
4936,6.7e-05,74.125.130.0-255,3254,13930,64,329894
4937,7e-05,172.31.40.0-255,66,13996,64,329894
4938,0.000189,74.125.130.0-255,1484,15480,64,329894
4939,0.000193,172.31.40.0-255,66,15546,64,329894
4940,0.000199,74.125.130.0-255,2902,18448,64,329894
4941,0.000201,172.31.40.0-255,66,18514,64,329894
4942,0.000213,74.125.130.0-255,5738,24252,64,329894
4943,0.000215,172.31.40.0-255,66,24318,64,329894
4944,0.000223,74.125.130.0-255,5738,30056,64,329894
4945,0.000226,172.31.40.0-255,66,30122,64,329894
4946,0.000269,74.125.130.0-255,6797,36919,64,329894
4947,0.000272,172.31.40.0-255,66,36985,64,329894
4948,0.00029,74.125.130.0-255,5738,42723,64,329894
4949,0.000296,172.31.40.0-255,66,42789,64,329894
4950,0.000315,74.125.130.0-255,1484,44273,64,329894
4951,0.000317,172.31.40.0-255,66,44339,64,329894
4952,0.000323,74.125.130.0-255,3961,48300,64,329894
4953,0.000325,172.31.40.0-255,66,48366,64,329894
4954,0.000373,74.125.130.0-255,1484,49850,64,329894
4955,0.000376,172.31.40.0-255,66,49916,64,329894
4956,0.000403,74.125.130.0-255,2902,52818,64,329894
4957,0.000406,172.31.40.0-255,66,52884,64,329894
4958,0.000412,74.125.130.0-255,5738,58622,64,329894
4959,0.000414,172.31.40.0-255,66,58688,64,329894
4960,0.000418,74.125.130.0-255,2902,61590,64,329894
4961,0.000421,172.31.40.0-255,66,61656,64,329894
4962,0.000443,74.125.130.0-255,1484,63140,64,329894
4963,0.000482,74.125.130.0-255,3123,66263,64,329894
4964,0.000561,172.31.40.0-255,66,66329,64,329894
4965,0.000649,74.125.130.0-255,1484,67813,64,329894
4966,0.000653,74.125.130.0-255,1484,69297,64,329894
4967,0.000658,172.31.40.0-255,66,69363,64,329894
4968,0.00067,74.125.130.0-255,1484,70847,64,329894
4969,0.000675,74.125.130.0-255,2902,73749,64,329894
4970,0.000698,74.125.130.0-255,4320,78069,64,329894
4971,0.000705,172.31.40.0-255,66,78135,64,329894
4972,0.000748,172.31.40.0-255,66,78201,64,329894
4973,0.000776,74.125.130.0-255,2543,80744,64,329894
4974,0.000797,172.31.40.0-255,66,80810,64,329894
4975,0.000912,74.125.130.0-255,1484,82294,64,329894
4976,0.000933,74.125.130.0-255,2902,85196,64,329894
4977,0.000937,172.31.40.0-255,66,85262,64,329894
4978,0.000971,74.125.130.0-255,5738,91000,64,329894
4979,0.000974,74.125.130.0-255,1484,92484,64,329894
4980,0.001002,172.31.40.0-255,66,92550,64,329894
4981,0.001036,74.125.130.0-255,7156,99706,64,329894
4982,0.001043,172.31.40.0-255,66,99772,64,329894
4983,0.001053,74.125.130.0-255,3602,103374,64,329894
4984,0.001062,172.31.40.0-255,66,103440,64,329894
4985,0.001123,74.125.130.0-255,1484,104924,64,329894
4986,0.001142,74.125.130.0-255,2902,107826,64,329894
4987,0.001155,74.125.130.0-255,2902,110728,64,329894
4988,0.001167,74.125.130.0-255,2902,113630,64,329894
4989,0.001176,172.31.40.0-255,66,113696,64,329894
4990,0.001199,74.125.130.0-255,5738,119434,64,329894
4991,0.001203,74.125.130.0-255,1484,120918,64,329894
4992,0.001212,172.31.40.0-255,66,120984,64,329894
4993,0.001225,74.125.130.0-255,5738,126722,64,329894
4994,0.001272,74.125.130.0-255,4320,131042,64,329894
4995,0.001289,74.125.130.0-255,6438,137480,64,329894
4996,0.001307,172.31.40.0-255,66,137546,64,329894
4997,0.001335,74.125.130.0-255,1484,139030,64,329894
4998,0.001349,74.125.130.0-255,2902,141932,64,329894
4999,0.00136,172.31.40.0-255,66,141998,64,329894
5000,0.00137,74.125.130.0-255,1484,143482,64,329894
5001,0.001391,74.125.130.0-255,4320,147802,64,329894
5002,0.001396,74.125.130.0-255,4320,152122,64,329894
5003,0.001402,74.125.130.0-255,5738,157860,64,329894
5004,0.001429,74.125.130.0-255,5738,163598,64,329894
5005,0.001432,172.31.40.0-255,66,163664,64,329894
5006,0.001437,172.31.40.0-255,66,163730,64,329894
5007,0.001465,74.125.130.0-255,5738,169468,64,329894
5008,0.00147,74.125.130.0-255,2184,171652,64,329894
5009,0.001478,172.31.40.0-255,66,171718,64,329894
5010,0.001545,74.125.130.0-255,1484,173202,64,329894
5011,0.001565,74.125.130.0-255,2902,176104,64,329894
5012,0.001574,74.125.130.0-255,5738,181842,64,329894
5013,0.001586,74.125.130.0-255,2902,184744,64,329894
5014,0.001589,74.125.130.0-255,1484,186228,64,329894
5015,0.001598,172.31.40.0-255,66,186294,64,329894
5016,0.001608,74.125.130.0-255,2902,189196,64,329894
5017,0.001612,172.31.40.0-255,66,189262,64,329894
5018,0.001634,74.125.130.0-255,2902,192164,64,329894
5019,0.00166,74.125.130.0-255,2902,195066,64,329894
5020,0.001663,172.31.40.0-255,66,195132,64,329894
5021,0.001668,172.31.40.0-255,66,195198,64,329894
5022,0.001695,74.125.130.0-255,2184,197382,64,329894
5023,0.001709,172.31.40.0-255,66,197448,64,329894
5024,0.001787,74.125.130.0-255,1484,198932,64,329894
5025,0.001801,74.125.130.0-255,2902,201834,64,329894
5026,0.001817,172.31.40.0-255,66,201900,64,329894
5027,0.00183,74.125.130.0-255,5738,207638,64,329894
5028,0.001865,74.125.130.0-255,5738,213376,64,329894
5029,0.001871,74.125.130.0-255,7156,220532,64,329894
5030,0.001875,172.31.40.0-255,66,220598,64,329894
5031,0.00188,172.31.40.0-255,66,220664,64,329894
5032,0.001942,74.125.130.0-255,5738,226402,64,329894
5033,0.001957,172.31.40.0-255,66,226468,64,329894
5034,0.001975,74.125.130.0-255,5738,232206,64,329894
5035,0.001979,74.125.130.0-255,4320,236526,64,329894
5036,0.001995,74.125.130.0-255,5738,242264,64,329894
5037,0.00202,74.125.130.0-255,766,243030,64,329894
5038,0.002035,172.31.40.0-255,66,243096,64,329894
5039,0.002078,172.31.40.0-255,66,243162,64,329894
5040,0.002088,74.125.130.0-255,1484,244646,64,329894
5041,0.002131,74.125.130.0-255,4320,248966,64,329894
5042,0.002134,74.125.130.0-255,766,249732,64,329894
5043,0.002145,172.31.40.0-255,66,249798,64,329894
5044,0.002308,74.125.130.0-255,1484,251282,64,329894
5045,0.00446,74.125.130.0-255,4320,255602,64,329894
5046,0.004466,172.31.40.0-255,66,255668,64,329894
5047,0.006755,74.125.130.0-255,5738,261406,64,329894
5048,0.006763,172.31.40.0-255,66,261472,64,329894
5049,0.009052,74.125.130.0-255,5738,267210,64,329894
5050,0.00906,172.31.40.0-255,66,267276,64,329894
5051,0.011356,74.125.130.0-255,5738,273014,64,329894
5052,0.011363,172.31.40.0-255,66,273080,64,329894
5053,0.013666,74.125.130.0-255,5738,278818,64,329894
5054,0.013674,172.31.40.0-255,66,278884,64,329894
5055,0.015972,74.125.130.0-255,5738,284622,64,329894
5056,0.015981,172.31.40.0-255,66,284688,64,329894
5057,0.01828,74.125.130.0-255,5738,290426,64,329894
5058,0.018292,172.31.40.0-255,66,290492,64,329894
5059,0.020587,74.125.130.0-255,5738,296230,64,329894
5060,0.020596,172.31.40.0-255,66,296296,64,329894
5061,0.02218,172.31.40.0-255,101,296397,64,329894
5062,0.022874,74.125.130.0-255,5738,302135,64,329894
5063,0.022881,172.31.40.0-255,66,302201,64,329894
5064,0.024433,74.125.130.0-255,66,302267,64,329894
5065,0.025168,74.125.130.0-255,5738,308005,64,329894
5066,0.025176,172.31.40.0-255,66,308071,64,329894
5067,0.027463,74.125.130.0-255,2902,310973,64,329894
5068,0.027468,172.31.40.0-255,66,311039,64,329894
5069,0.027496,74.125.130.0-255,2902,313941,64,329894
5070,0.027499,172.31.40.0-255,66,314007,64,329894
5071,0.029753,74.125.130.0-255,1484,315491,64,329894
5072,0.029775,74.125.130.0-255,4320,319811,64,329894
5073,0.029781,172.31.40.0-255,66,319877,64,329894
5074,0.032066,74.125.130.0-255,5494,325371,64,329894
5075,0.032073,172.31.40.0-255,66,325437,64,329894
5076,0.032246,172.31.40.0-255,105,325542,64,329894
5077,0.036583,172.31.40.0-255,166,325708,64,329894
5078,0.036615,172.31.40.0-255,1135,326843,64,329894
5079,0.036676,172.31.40.0-255,1514,328357,64,329894
5080,0.036678,172.31.40.0-255,1273,329630,64,329894
5081,0.038166,104.244.42.0-255,66,329696,64,329894
5082,0.038204,104.244.42.0-255,66,329762,64,329894
5083,0.038267,104.244.42.0-255,66,329828,64,329894
5084,0.038789,74.125.130.0-255,66,329894,64,329894
5085,0.0,172.217.194.0-255,150,150,64,274187
5086,2e-05,172.31.40.0-255,66,216,64,274187
5087,2.7e-05,172.217.194.0-255,1484,1700,64,274187
5088,3.2e-05,172.31.40.0-255,66,1766,64,274187
5089,3.9e-05,172.217.194.0-255,2902,4668,64,274187
5090,4.3e-05,172.31.40.0-255,66,4734,64,274187
5091,4.9e-05,172.217.194.0-255,5738,10472,64,274187
5092,5.2e-05,172.31.40.0-255,66,10538,64,274187
5093,9.5e-05,172.31.40.0-255,66,10604,64,274187
5094,0.000102,172.217.194.0-255,6797,17401,64,274187
5095,0.000104,172.31.40.0-255,66,17467,64,274187
5096,0.000212,172.217.194.0-255,1484,18951,64,274187
5097,0.000216,172.31.40.0-255,66,19017,64,274187
5098,0.00022,172.217.194.0-255,1484,20501,64,274187
5099,0.000222,172.31.40.0-255,66,20567,64,274187
5100,0.000242,172.217.194.0-255,1484,22051,64,274187
5101,0.000244,172.31.40.0-255,66,22117,64,274187
5102,0.000251,172.217.194.0-255,4320,26437,64,274187
5103,0.000253,172.31.40.0-255,66,26503,64,274187
5104,0.0003,172.31.40.0-255,66,26569,64,274187
5105,0.000306,172.217.194.0-255,4320,30889,64,274187
5106,0.000308,172.31.40.0-255,66,30955,64,274187
5107,0.000323,172.217.194.0-255,2902,33857,64,274187
5108,0.000326,172.31.40.0-255,66,33923,64,274187
5109,0.000373,172.217.194.0-255,7156,41079,64,274187
5110,0.000377,172.31.40.0-255,66,41145,64,274187
5111,0.000397,172.217.194.0-255,1414,42559,64,274187
5112,0.000399,172.31.40.0-255,66,42625,64,274187
5113,0.000402,172.217.194.0-255,99,42724,64,274187
5114,0.000404,172.31.40.0-255,66,42790,64,274187
5115,0.000407,172.217.194.0-255,363,43153,64,274187
5116,0.000867,172.217.194.0-255,1484,44637,64,274187
5117,0.000872,172.31.40.0-255,66,44703,64,274187
5118,0.000877,172.217.194.0-255,2902,47605,64,274187
5119,0.000896,172.217.194.0-255,5738,53343,64,274187
5120,0.000898,172.217.194.0-255,1484,54827,64,274187
5121,0.0009,172.31.40.0-255,66,54893,64,274187
5122,0.000905,172.31.40.0-255,66,54959,64,274187
5123,0.000927,172.217.194.0-255,7156,62115,64,274187
5124,0.000943,172.217.194.0-255,4320,66435,64,274187
5125,0.000947,172.31.40.0-255,66,66501,64,274187
5126,0.000959,172.217.194.0-255,5738,72239,64,274187
5127,0.000965,172.217.194.0-255,5020,77259,64,274187
5128,0.000985,172.31.40.0-255,66,77325,64,274187
5129,0.001038,172.217.194.0-255,1484,78809,64,274187
5130,0.001043,172.217.194.0-255,2902,81711,64,274187
5131,0.001045,172.31.40.0-255,66,81777,64,274187
5132,0.001065,172.217.194.0-255,5738,87515,64,274187
5133,0.001069,172.31.40.0-255,66,87581,64,274187
5134,0.001093,172.217.194.0-255,7156,94737,64,274187
5135,0.001107,172.217.194.0-255,5738,100475,64,274187
5136,0.001123,172.31.40.0-255,66,100541,64,274187
5137,0.001137,172.217.194.0-255,2184,102725,64,274187
5138,0.001156,172.31.40.0-255,66,102791,64,274187
5139,0.001162,172.217.194.0-255,5738,108529,64,274187
5140,0.001166,172.31.40.0-255,66,108595,64,274187
5141,0.00118,172.217.194.0-255,7156,115751,64,274187
5142,0.001183,172.217.194.0-255,1484,117235,64,274187
5143,0.001195,172.31.40.0-255,66,117301,64,274187
5144,0.001216,172.217.194.0-255,5738,123039,64,274187
5145,0.00122,172.31.40.0-255,66,123105,64,274187
5146,0.001239,172.217.194.0-255,766,123871,64,274187
5147,0.001271,172.217.194.0-255,1484,125355,64,274187
5148,0.001277,172.31.40.0-255,66,125421,64,274187
5149,0.001297,172.217.194.0-255,4320,129741,64,274187
5150,0.001309,172.31.40.0-255,66,129807,64,274187
5151,0.001326,172.217.194.0-255,4320,134127,64,274187
5152,0.00133,172.31.40.0-255,66,134193,64,274187
5153,0.00134,172.217.194.0-255,5738,139931,64,274187
5154,0.001364,172.31.40.0-255,66,139997,64,274187
5155,0.001369,172.217.194.0-255,4320,144317,64,274187
5156,0.001374,172.31.40.0-255,66,144383,64,274187
5157,0.001381,172.217.194.0-255,2902,147285,64,274187
5158,0.001399,172.217.194.0-255,2184,149469,64,274187
5159,0.001409,172.31.40.0-255,66,149535,64,274187
5160,0.001414,172.31.40.0-255,66,149601,64,274187
5161,0.00143,172.217.194.0-255,1484,151085,64,274187
5162,0.001436,172.217.194.0-255,4320,155405,64,274187
5163,0.001468,172.31.40.0-255,66,155471,64,274187
5164,0.0015,172.31.40.0-255,66,155537,64,274187
5165,0.001534,172.217.194.0-255,5020,160557,64,274187
5166,0.001547,172.31.40.0-255,66,160623,64,274187
5167,0.001556,172.217.194.0-255,4320,164943,64,274187
5168,0.001561,172.31.40.0-255,66,165009,64,274187
5169,0.001571,172.217.194.0-255,1484,166493,64,274187
5170,0.001573,172.217.194.0-255,1484,167977,64,274187
5171,0.001601,172.31.40.0-255,66,168043,64,274187
5172,0.001617,172.217.194.0-255,7156,175199,64,274187
5173,0.001623,172.31.40.0-255,66,175265,64,274187
5174,0.001647,172.217.194.0-255,766,176031,64,274187
5175,0.001667,172.31.40.0-255,66,176097,64,274187
5176,0.001687,172.217.194.0-255,5738,181835,64,274187
5177,0.001693,172.217.194.0-255,4320,186155,64,274187
5178,0.001698,172.31.40.0-255,66,186221,64,274187
5179,0.001709,172.217.194.0-255,2902,189123,64,274187
5180,0.001717,172.217.194.0-255,5738,194861,64,274187
5181,0.001743,172.31.40.0-255,66,194927,64,274187
5182,0.001753,172.31.40.0-255,66,194993,64,274187
5183,0.001781,172.217.194.0-255,1484,196477,64,274187
5184,0.001801,172.217.194.0-255,5020,201497,64,274187
5185,0.001815,172.31.40.0-255,66,201563,64,274187
5186,0.001909,172.217.194.0-255,1484,203047,64,274187
5187,0.001916,172.217.194.0-255,2902,205949,64,274187
5188,0.001922,172.217.194.0-255,5738,211687,64,274187
5189,0.001934,172.217.194.0-255,1484,213171,64,274187
5190,0.001942,172.31.40.0-255,66,213237,64,274187
5191,0.00201,172.31.40.0-255,66,213303,64,274187
5192,0.002026,172.217.194.0-255,766,214069,64,274187
5193,0.002044,172.31.40.0-255,66,214135,64,274187
5194,0.002383,172.217.194.0-255,1484,215619,64,274187
5195,0.002388,172.217.194.0-255,1484,217103,64,274187
5196,0.002391,172.31.40.0-255,66,217169,64,274187
5197,0.002412,172.217.194.0-255,1484,218653,64,274187
5198,0.002418,172.217.194.0-255,5738,224391,64,274187
5199,0.002421,172.217.194.0-255,1484,225875,64,274187
5200,0.002445,172.31.40.0-255,66,225941,64,274187
5201,0.002469,172.31.40.0-255,66,226007,64,274187
5202,0.002477,172.217.194.0-255,1484,227491,64,274187
5203,0.002479,172.217.194.0-255,766,228257,64,274187
5204,0.0025,172.31.40.0-255,66,228323,64,274187
5205,0.00506,172.217.194.0-255,2902,231225,64,274187
5206,0.005069,172.31.40.0-255,66,231291,64,274187
5207,0.005149,172.217.194.0-255,2902,234193,64,274187
5208,0.007638,172.217.194.0-255,2902,237095,64,274187
5209,0.014008,172.31.40.0-255,66,237161,64,274187
5210,0.015975,172.217.194.0-255,1484,238645,64,274187
5211,0.016643,172.217.194.0-255,4320,242965,64,274187
5212,0.016649,172.31.40.0-255,66,243031,64,274187
5213,0.019276,172.217.194.0-255,5738,248769,64,274187
5214,0.019285,172.31.40.0-255,66,248835,64,274187
5215,0.021908,172.217.194.0-255,5738,254573,64,274187
5216,0.021918,172.31.40.0-255,66,254639,64,274187
5217,0.024565,172.217.194.0-255,5738,260377,64,274187
5218,0.024585,172.31.40.0-255,66,260443,64,274187
5219,0.027166,172.217.194.0-255,5738,266181,64,274187
5220,0.027176,172.31.40.0-255,66,266247,64,274187
5221,0.029795,172.217.194.0-255,3407,269654,64,274187
5222,0.029803,172.31.40.0-255,66,269720,64,274187
5223,0.029989,172.31.40.0-255,105,269825,64,274187
5224,0.032526,172.217.194.0-255,66,269891,64,274187
5225,0.044882,172.31.40.0-255,176,270067,64,274187
5226,0.044911,172.31.40.0-255,1112,271179,64,274187
5227,0.044961,172.31.40.0-255,1514,272693,64,274187
5228,0.044963,172.31.40.0-255,1296,273989,64,274187
5229,0.046471,104.244.42.0-255,66,274055,64,274187
5230,0.046483,104.244.42.0-255,66,274121,64,274187
5231,0.046552,104.244.42.0-255,66,274187,64,274187
5232,0.0,172.217.194.0-255,153,153,64,288521
5233,2.5e-05,172.31.40.0-255,66,219,64,288521
5234,3.3e-05,172.217.194.0-255,1484,1703,64,288521
5235,3.8e-05,172.31.40.0-255,66,1769,64,288521
5236,5.3e-05,172.217.194.0-255,2902,4671,64,288521
5237,5.7e-05,172.31.40.0-255,66,4737,64,288521
5238,6.6e-05,172.217.194.0-255,7156,11893,64,288521
5239,7e-05,172.31.40.0-255,66,11959,64,288521
5240,7.2e-05,172.217.194.0-255,1484,13443,64,288521
5241,7.5e-05,172.31.40.0-255,66,13509,64,288521
5242,7.8e-05,172.217.194.0-255,484,13993,64,288521
5243,8.1e-05,172.31.40.0-255,66,14059,64,288521
5244,8.4e-05,172.217.194.0-255,1484,15543,64,288521
5245,8.7e-05,172.31.40.0-255,66,15609,64,288521
5246,9.3e-05,172.217.194.0-255,4320,19929,64,288521
5247,9.5e-05,172.31.40.0-255,66,19995,64,288521
5248,0.000132,172.31.40.0-255,66,20061,64,288521
5249,0.000168,172.217.194.0-255,1484,21545,64,288521
5250,0.00017,172.31.40.0-255,66,21611,64,288521
5251,0.000201,172.31.40.0-255,66,21677,64,288521
5252,0.000234,172.31.40.0-255,66,21743,64,288521
5253,0.000268,172.31.40.0-255,66,21809,64,288521
5254,0.000276,172.217.194.0-255,6797,28606,64,288521
5255,0.000278,172.31.40.0-255,66,28672,64,288521
5256,0.000325,172.217.194.0-255,379,29051,64,288521
5257,0.000327,172.31.40.0-255,66,29117,64,288521
5258,0.00035,172.217.194.0-255,98,29215,64,288521
5259,0.000352,172.31.40.0-255,66,29281,64,288521
5260,0.000403,172.217.194.0-255,1484,30765,64,288521
5261,0.000429,172.217.194.0-255,2902,33667,64,288521
5262,0.000431,172.31.40.0-255,66,33733,64,288521
5263,0.000435,172.217.194.0-255,1484,35217,64,288521
5264,0.000441,172.217.194.0-255,4320,39537,64,288521
5265,0.000443,172.31.40.0-255,66,39603,64,288521
5266,0.000476,172.217.194.0-255,4320,43923,64,288521
5267,0.000479,172.31.40.0-255,66,43989,64,288521
5268,0.000484,172.217.194.0-255,2543,46532,64,288521
5269,0.000486,172.31.40.0-255,66,46598,64,288521
5270,0.00049,172.217.194.0-255,2902,49500,64,288521
5271,0.000497,172.31.40.0-255,66,49566,64,288521
5272,0.000504,172.217.194.0-255,5738,55304,64,288521
5273,0.000507,172.31.40.0-255,66,55370,64,288521
5274,0.000536,172.217.194.0-255,1484,56854,64,288521
5275,0.000543,172.217.194.0-255,5738,62592,64,288521
5276,0.000546,172.31.40.0-255,66,62658,64,288521
5277,0.00055,172.217.194.0-255,1125,63783,64,288521
5278,0.000645,172.217.194.0-255,1484,65267,64,288521
5279,0.000649,172.31.40.0-255,66,65333,64,288521
5280,0.000654,172.217.194.0-255,2902,68235,64,288521
5281,0.000657,172.31.40.0-255,66,68301,64,288521
5282,0.00066,172.217.194.0-255,1484,69785,64,288521
5283,0.000689,172.217.194.0-255,4320,74105,64,288521
5284,0.000691,172.31.40.0-255,66,74171,64,288521
5285,0.000697,172.217.194.0-255,5738,79909,64,288521
5286,0.0007,172.31.40.0-255,66,79975,64,288521
5287,0.000724,172.217.194.0-255,7156,87131,64,288521
5288,0.000731,172.31.40.0-255,66,87197,64,288521
5289,0.000742,172.31.40.0-255,66,87263,64,288521
5290,0.000791,172.31.40.0-255,66,87329,64,288521
5291,0.000821,172.217.194.0-255,1901,89230,64,288521
5292,0.000823,172.31.40.0-255,66,89296,64,288521
5293,0.000841,172.31.40.0-255,66,89362,64,288521
5294,0.000848,172.217.194.0-255,5020,94382,64,288521
5295,0.00085,172.31.40.0-255,66,94448,64,288521
5296,0.000886,172.217.194.0-255,1484,95932,64,288521
5297,0.000891,172.217.194.0-255,2902,98834,64,288521
5298,0.000893,172.31.40.0-255,66,98900,64,288521
5299,0.000927,172.217.194.0-255,1484,100384,64,288521
5300,0.000953,172.217.194.0-255,4320,104704,64,288521
5301,0.000956,172.31.40.0-255,66,104770,64,288521
5302,0.00096,172.217.194.0-255,2902,107672,64,288521
5303,0.000962,172.31.40.0-255,66,107738,64,288521
5304,0.000968,172.217.194.0-255,4320,112058,64,288521
5305,0.00097,172.31.40.0-255,66,112124,64,288521
5306,0.000986,172.31.40.0-255,66,112190,64,288521
5307,0.000991,172.217.194.0-255,4320,116510,64,288521
5308,0.000994,172.31.40.0-255,66,116576,64,288521
5309,0.001041,172.217.194.0-255,3602,120178,64,288521
5310,0.001044,172.31.40.0-255,66,120244,64,288521
5311,0.001162,172.217.194.0-255,1484,121728,64,288521
5312,0.001181,172.217.194.0-255,2902,124630,64,288521
5313,0.001185,172.31.40.0-255,66,124696,64,288521
5314,0.001191,172.217.194.0-255,2902,127598,64,288521
5315,0.001193,172.31.40.0-255,66,127664,64,288521
5316,0.001216,172.217.194.0-255,2902,130566,64,288521
5317,0.001223,172.31.40.0-255,66,130632,64,288521
5318,0.001245,172.217.194.0-255,6797,137429,64,288521
5319,0.001248,172.31.40.0-255,66,137495,64,288521
5320,0.001285,172.217.194.0-255,7156,144651,64,288521
5321,0.001288,172.31.40.0-255,66,144717,64,288521
5322,0.001296,172.217.194.0-255,7156,151873,64,288521
5323,0.001298,172.31.40.0-255,66,151939,64,288521
5324,0.001337,172.31.40.0-255,66,152005,64,288521
5325,0.001376,172.217.194.0-255,5738,157743,64,288521
5326,0.001379,172.31.40.0-255,66,157809,64,288521
5327,0.001417,172.217.194.0-255,5020,162829,64,288521
5328,0.00142,172.31.40.0-255,66,162895,64,288521
5329,0.001638,172.217.194.0-255,1484,164379,64,288521
5330,0.001644,172.217.194.0-255,2902,167281,64,288521
5331,0.001648,172.31.40.0-255,66,167347,64,288521
5332,0.001653,172.217.194.0-255,2902,170249,64,288521
5333,0.001656,172.31.40.0-255,66,170315,64,288521
5334,0.001677,172.217.194.0-255,2902,173217,64,288521
5335,0.00168,172.31.40.0-255,66,173283,64,288521
5336,0.001697,172.31.40.0-255,66,173349,64,288521
5337,0.001717,172.217.194.0-255,1484,174833,64,288521
5338,0.001733,172.31.40.0-255,66,174899,64,288521
5339,0.001747,172.217.194.0-255,2184,177083,64,288521
5340,0.001753,172.31.40.0-255,66,177149,64,288521
5341,0.002034,172.217.194.0-255,1484,178633,64,288521
5342,0.00204,172.217.194.0-255,2902,181535,64,288521
5343,0.002051,172.31.40.0-255,66,181601,64,288521
5344,0.002059,172.217.194.0-255,5738,187339,64,288521
5345,0.002061,172.31.40.0-255,66,187405,64,288521
5346,0.002096,172.31.40.0-255,66,187471,64,288521
5347,0.002111,172.217.194.0-255,4320,191791,64,288521
5348,0.002114,172.31.40.0-255,66,191857,64,288521
5349,0.002132,172.31.40.0-255,66,191923,64,288521
5350,0.004226,172.217.194.0-255,5738,197661,64,288521
5351,0.004237,172.31.40.0-255,66,197727,64,288521
5352,0.006308,172.217.194.0-255,5738,203465,64,288521
5353,0.006329,172.31.40.0-255,66,203531,64,288521
5354,0.008413,172.217.194.0-255,5738,209269,64,288521
5355,0.008427,172.31.40.0-255,66,209335,64,288521
5356,0.010528,172.217.194.0-255,5738,215073,64,288521
5357,0.010539,172.31.40.0-255,66,215139,64,288521
5358,0.012629,172.217.194.0-255,5738,220877,64,288521
5359,0.012633,172.31.40.0-255,66,220943,64,288521
5360,0.014711,172.217.194.0-255,5738,226681,64,288521
5361,0.014721,172.31.40.0-255,66,226747,64,288521
5362,0.016813,172.217.194.0-255,5738,232485,64,288521
5363,0.016829,172.31.40.0-255,66,232551,64,288521
5364,0.018932,172.217.194.0-255,5738,238289,64,288521
5365,0.018948,172.31.40.0-255,66,238355,64,288521
5366,0.021049,172.217.194.0-255,5738,244093,64,288521
5367,0.021067,172.31.40.0-255,66,244159,64,288521
5368,0.023163,172.217.194.0-255,5738,249897,64,288521
5369,0.023178,172.31.40.0-255,66,249963,64,288521
5370,0.02526,172.217.194.0-255,5738,255701,64,288521
5371,0.025274,172.31.40.0-255,66,255767,64,288521
5372,0.027354,172.217.194.0-255,5738,261505,64,288521
5373,0.027369,172.31.40.0-255,66,261571,64,288521
5374,0.029466,172.217.194.0-255,5738,267309,64,288521
5375,0.029478,172.31.40.0-255,66,267375,64,288521
5376,0.031557,172.217.194.0-255,5738,273113,64,288521
5377,0.031568,172.31.40.0-255,66,273179,64,288521
5378,0.033636,172.217.194.0-255,5738,278917,64,288521
5379,0.033646,172.31.40.0-255,66,278983,64,288521
5380,0.035735,172.217.194.0-255,4034,283017,64,288521
5381,0.035752,172.31.40.0-255,66,283083,64,288521
5382,0.035939,172.31.40.0-255,105,283188,64,288521
5383,0.037998,172.217.194.0-255,66,283254,64,288521
5384,0.05774,172.31.40.0-255,167,283421,64,288521
5385,0.057833,172.31.40.0-255,1111,284532,64,288521
5386,0.057908,172.31.40.0-255,1514,286046,64,288521
5387,0.05791,172.31.40.0-255,1514,287560,64,288521
5388,0.057911,172.31.40.0-255,697,288257,64,288521
5389,0.05931,104.244.42.0-255,66,288323,64,288521
5390,0.059413,104.244.42.0-255,66,288389,64,288521
5391,0.05951,104.244.42.0-255,66,288455,64,288521
5392,0.059515,104.244.42.0-255,66,288521,64,288521
5393,0.0,172.217.194.0-255,143,143,64,252157
5394,2e-05,172.31.40.0-255,66,209,64,252157
5395,2.7e-05,172.217.194.0-255,1484,1693,64,252157
5396,3.3e-05,172.31.40.0-255,66,1759,64,252157
5397,4.6e-05,172.217.194.0-255,2902,4661,64,252157
5398,5e-05,172.31.40.0-255,66,4727,64,252157
5399,5.7e-05,172.217.194.0-255,7156,11883,64,252157
5400,6.1e-05,172.31.40.0-255,66,11949,64,252157
5401,9.6e-05,172.217.194.0-255,1982,13931,64,252157
5402,9.8e-05,172.31.40.0-255,66,13997,64,252157
5403,0.000103,172.217.194.0-255,2902,16899,64,252157
5404,0.000106,172.31.40.0-255,66,16965,64,252157
5405,0.000137,172.217.194.0-255,7156,24121,64,252157
5406,0.00014,172.31.40.0-255,66,24187,64,252157
5407,0.000164,172.217.194.0-255,2902,27089,64,252157
5408,0.000167,172.31.40.0-255,66,27155,64,252157
5409,0.000197,172.31.40.0-255,66,27221,64,252157
5410,0.00022,172.31.40.0-255,66,27287,64,252157
5411,0.000567,172.217.194.0-255,1484,28771,64,252157
5412,0.000573,172.31.40.0-255,66,28837,64,252157
5413,0.000604,172.217.194.0-255,2902,31739,64,252157
5414,0.000607,172.31.40.0-255,66,31805,64,252157
5415,0.000614,172.217.194.0-255,5738,37543,64,252157
5416,0.000617,172.31.40.0-255,66,37609,64,252157
5417,0.000642,172.217.194.0-255,1484,39093,64,252157
5418,0.000644,172.31.40.0-255,66,39159,64,252157
5419,0.00067,172.217.194.0-255,5959,45118,64,252157
5420,0.000673,172.31.40.0-255,66,45184,64,252157
5421,0.000722,172.217.194.0-255,1484,46668,64,252157
5422,0.000725,172.31.40.0-255,66,46734,64,252157
5423,0.000759,172.217.194.0-255,2902,49636,64,252157
5424,0.000763,172.31.40.0-255,66,49702,64,252157
5425,0.000766,172.217.194.0-255,1484,51186,64,252157
5426,0.000787,172.217.194.0-255,2902,54088,64,252157
5427,0.00079,172.31.40.0-255,66,54154,64,252157
5428,0.000796,172.217.194.0-255,5738,59892,64,252157
5429,0.000799,172.31.40.0-255,66,59958,64,252157
5430,0.000823,172.217.194.0-255,3961,63919,64,252157
5431,0.000826,172.31.40.0-255,66,63985,64,252157
5432,0.0009,172.217.194.0-255,6797,70782,64,252157
5433,0.000909,172.31.40.0-255,66,70848,64,252157
5434,0.001176,172.217.194.0-255,1484,72332,64,252157
5435,0.001182,172.217.194.0-255,2902,75234,64,252157
5436,0.001186,172.31.40.0-255,66,75300,64,252157
5437,0.001191,172.217.194.0-255,2902,78202,64,252157
5438,0.001193,172.31.40.0-255,66,78268,64,252157
5439,0.00123,172.217.194.0-255,2902,81170,64,252157
5440,0.001233,172.31.40.0-255,66,81236,64,252157
5441,0.00124,172.217.194.0-255,7156,88392,64,252157
5442,0.001243,172.31.40.0-255,66,88458,64,252157
5443,0.001262,172.31.40.0-255,66,88524,64,252157
5444,0.001266,172.217.194.0-255,2902,91426,64,252157
5445,0.001269,172.31.40.0-255,66,91492,64,252157
5446,0.001317,172.217.194.0-255,1484,92976,64,252157
5447,0.001329,172.31.40.0-255,66,93042,64,252157
5448,0.001336,172.217.194.0-255,7156,100198,64,252157
5449,0.001341,172.31.40.0-255,66,100264,64,252157
5450,0.001378,172.217.194.0-255,7156,107420,64,252157
5451,0.001385,172.217.194.0-255,5020,112440,64,252157
5452,0.001392,172.31.40.0-255,66,112506,64,252157
5453,0.001541,172.217.194.0-255,1484,113990,64,252157
5454,0.001546,172.217.194.0-255,2902,116892,64,252157
5455,0.001552,172.217.194.0-255,4320,121212,64,252157
5456,0.001564,172.217.194.0-255,1484,122696,64,252157
5457,0.001573,172.31.40.0-255,66,122762,64,252157
5458,0.0016,172.31.40.0-255,66,122828,64,252157
5459,0.001624,172.217.194.0-255,1484,124312,64,252157
5460,0.001644,172.31.40.0-255,66,124378,64,252157
5461,0.00177,172.217.194.0-255,1484,125862,64,252157
5462,0.001776,172.217.194.0-255,2902,128764,64,252157
5463,0.00178,172.217.194.0-255,1484,130248,64,252157
5464,0.001786,172.31.40.0-255,66,130314,64,252157
5465,0.001799,172.217.194.0-255,4320,134634,64,252157
5466,0.001806,172.217.194.0-255,1484,136118,64,252157
5467,0.001813,172.217.194.0-255,7156,143274,64,252157
5468,0.001831,172.217.194.0-255,1484,144758,64,252157
5469,0.001838,172.31.40.0-255,66,144824,64,252157
5470,0.001847,172.217.194.0-255,2902,147726,64,252157
5471,0.001865,172.217.194.0-255,7156,154882,64,252157
5472,0.001868,172.31.40.0-255,66,154948,64,252157
5473,0.001897,172.217.194.0-255,3602,158550,64,252157
5474,0.001907,172.31.40.0-255,66,158616,64,252157
5475,0.001991,172.217.194.0-255,1484,160100,64,252157
5476,0.001997,172.217.194.0-255,2902,163002,64,252157
5477,0.001999,172.31.40.0-255,66,163068,64,252157
5478,0.002005,172.217.194.0-255,4320,167388,64,252157
5479,0.002028,172.217.194.0-255,1484,168872,64,252157
5480,0.002034,172.217.194.0-255,5738,174610,64,252157
5481,0.002046,172.31.40.0-255,66,174676,64,252157
5482,0.00208,172.217.194.0-255,5020,179696,64,252157
5483,0.002086,172.31.40.0-255,66,179762,64,252157
5484,0.002141,172.217.194.0-255,1484,181246,64,252157
5485,0.002147,172.217.194.0-255,2902,184148,64,252157
5486,0.002193,172.217.194.0-255,1484,185632,64,252157
5487,0.002197,172.31.40.0-255,66,185698,64,252157
5488,0.002214,172.217.194.0-255,4320,190018,64,252157
5489,0.00223,172.31.40.0-255,66,190084,64,252157
5490,0.002241,172.217.194.0-255,2902,192986,64,252157
5491,0.002281,172.31.40.0-255,66,193052,64,252157
5492,0.002328,172.217.194.0-255,2902,195954,64,252157
5493,0.002339,172.217.194.0-255,2902,198856,64,252157
5494,0.002344,172.31.40.0-255,66,198922,64,252157
5495,0.002387,172.31.40.0-255,66,198988,64,252157
5496,0.00243,172.31.40.0-255,66,199054,64,252157
5497,0.002452,172.217.194.0-255,6438,205492,64,252157
5498,0.002465,172.217.194.0-255,766,206258,64,252157
5499,0.002485,172.31.40.0-255,66,206324,64,252157
5500,0.004908,172.217.194.0-255,5738,212062,64,252157
5501,0.004914,172.31.40.0-255,66,212128,64,252157
5502,0.007241,172.217.194.0-255,5738,217866,64,252157
5503,0.007245,172.31.40.0-255,66,217932,64,252157
5504,0.009535,172.217.194.0-255,2902,220834,64,252157
5505,0.009541,172.31.40.0-255,66,220900,64,252157
5506,0.009569,172.217.194.0-255,2902,223802,64,252157
5507,0.009571,172.31.40.0-255,66,223868,64,252157
5508,0.011873,172.217.194.0-255,5738,229606,64,252157
5509,0.011891,172.31.40.0-255,66,229672,64,252157
5510,0.014206,172.217.194.0-255,5738,235410,64,252157
5511,0.014225,172.31.40.0-255,66,235476,64,252157
5512,0.016524,172.217.194.0-255,5738,241214,64,252157
5513,0.016542,172.31.40.0-255,66,241280,64,252157
5514,0.0189,172.217.194.0-255,4435,245715,64,252157
5515,0.018909,172.31.40.0-255,66,245781,64,252157
5516,0.024302,172.31.40.0-255,105,245886,64,252157
5517,0.026562,172.217.194.0-255,66,245952,64,252157
5518,0.046744,172.31.40.0-255,172,246124,64,252157
5519,0.04678,172.31.40.0-255,1108,247232,64,252157
5520,0.046847,172.31.40.0-255,1514,248746,64,252157
5521,0.046849,172.31.40.0-255,1514,250260,64,252157
5522,0.04685,172.31.40.0-255,1514,251774,64,252157
5523,0.046852,172.31.40.0-255,119,251893,64,252157
5524,0.048284,104.244.42.0-255,66,251959,64,252157
5525,0.04833,104.244.42.0-255,66,252025,64,252157
5526,0.048412,104.244.42.0-255,66,252091,64,252157
5527,0.048417,104.244.42.0-255,66,252157,64,252157
5528,0.0,172.253.118.0-255,296,296,64,339896
5529,2.2e-05,172.31.40.0-255,66,362,64,339896
5530,2.8e-05,172.253.118.0-255,1484,1846,64,339896
5531,3.3e-05,172.31.40.0-255,66,1912,64,339896
5532,4.6e-05,172.253.118.0-255,4320,6232,64,339896
5533,5e-05,172.31.40.0-255,66,6298,64,339896
5534,6.1e-05,172.31.40.0-255,66,6364,64,339896
5535,9.1e-05,172.31.40.0-255,66,6430,64,339896
5536,0.00013,172.253.118.0-255,2543,8973,64,339896
5537,0.000133,172.31.40.0-255,66,9039,64,339896
5538,0.000237,172.253.118.0-255,1484,10523,64,339896
5539,0.00024,172.31.40.0-255,66,10589,64,339896
5540,0.00027,172.253.118.0-255,2902,13491,64,339896
5541,0.000273,172.31.40.0-255,66,13557,64,339896
5542,0.000279,172.253.118.0-255,5738,19295,64,339896
5543,0.000281,172.31.40.0-255,66,19361,64,339896
5544,0.000329,172.31.40.0-255,66,19427,64,339896
5545,0.000338,172.31.40.0-255,66,19493,64,339896
5546,0.000373,172.253.118.0-255,3961,23454,64,339896
5547,0.000375,172.31.40.0-255,66,23520,64,339896
5548,0.000651,172.253.118.0-255,646,24166,64,339896
5549,0.000655,172.31.40.0-255,66,24232,64,339896
5550,0.000937,172.253.118.0-255,1484,25716,64,339896
5551,0.00094,172.31.40.0-255,66,25782,64,339896
5552,0.000944,172.253.118.0-255,1484,27266,64,339896
5553,0.000946,172.31.40.0-255,66,27332,64,339896
5554,0.000966,172.253.118.0-255,1484,28816,64,339896
5555,0.000968,172.31.40.0-255,66,28882,64,339896
5556,0.000978,172.253.118.0-255,5738,34620,64,339896
5557,0.00098,172.31.40.0-255,66,34686,64,339896
5558,0.000985,172.253.118.0-255,5738,40424,64,339896
5559,0.000987,172.31.40.0-255,66,40490,64,339896
5560,0.001026,172.253.118.0-255,7156,47646,64,339896
5561,0.001028,172.31.40.0-255,66,47712,64,339896
5562,0.001038,172.31.40.0-255,66,47778,64,339896
5563,0.001055,172.253.118.0-255,2184,49962,64,339896
5564,0.00106,172.31.40.0-255,66,50028,64,339896
5565,0.001954,172.253.118.0-255,1484,51512,64,339896
5566,0.001963,172.253.118.0-255,2902,54414,64,339896
5567,0.001967,172.31.40.0-255,66,54480,64,339896
5568,0.001974,172.253.118.0-255,5738,60218,64,339896
5569,0.001976,172.31.40.0-255,66,60284,64,339896
5570,0.001979,172.253.118.0-255,1484,61768,64,339896
5571,0.002017,172.31.40.0-255,66,61834,64,339896
5572,0.002023,172.253.118.0-255,7156,68990,64,339896
5573,0.002025,172.31.40.0-255,66,69056,64,339896
5574,0.002051,172.253.118.0-255,3602,72658,64,339896
5575,0.002053,172.31.40.0-255,66,72724,64,339896
5576,0.002161,172.253.118.0-255,1484,74208,64,339896
5577,0.002167,172.253.118.0-255,2902,77110,64,339896
5578,0.00217,172.31.40.0-255,66,77176,64,339896
5579,0.002176,172.253.118.0-255,2902,80078,64,339896
5580,0.002178,172.31.40.0-255,66,80144,64,339896
5581,0.002205,172.253.118.0-255,2902,83046,64,339896
5582,0.002207,172.31.40.0-255,66,83112,64,339896
5583,0.002221,172.31.40.0-255,66,83178,64,339896
5584,0.00225,172.253.118.0-255,2902,86080,64,339896
5585,0.002252,172.31.40.0-255,66,86146,64,339896
5586,0.002263,172.31.40.0-255,66,86212,64,339896
5587,0.002291,172.253.118.0-255,1484,87696,64,339896
5588,0.002295,172.253.118.0-255,2902,90598,64,339896
5589,0.002298,172.31.40.0-255,66,90664,64,339896
5590,0.002346,172.253.118.0-255,5738,96402,64,339896
5591,0.002349,172.31.40.0-255,66,96468,64,339896
5592,0.002353,172.253.118.0-255,4320,100788,64,339896
5593,0.002355,172.31.40.0-255,66,100854,64,339896
5594,0.004667,172.253.118.0-255,1484,102338,64,339896
5595,0.004681,172.253.118.0-255,4320,106658,64,339896
5596,0.004685,172.31.40.0-255,66,106724,64,339896
5597,0.007005,172.253.118.0-255,5738,112462,64,339896
5598,0.007012,172.31.40.0-255,66,112528,64,339896
5599,0.009342,172.253.118.0-255,5738,118266,64,339896
5600,0.009351,172.31.40.0-255,66,118332,64,339896
5601,0.011688,172.253.118.0-255,5738,124070,64,339896
5602,0.011698,172.31.40.0-255,66,124136,64,339896
5603,0.014038,172.253.118.0-255,5738,129874,64,339896
5604,0.014048,172.31.40.0-255,66,129940,64,339896
5605,0.016366,172.253.118.0-255,5738,135678,64,339896
5606,0.016375,172.31.40.0-255,66,135744,64,339896
5607,0.018704,172.253.118.0-255,5738,141482,64,339896
5608,0.018713,172.31.40.0-255,66,141548,64,339896
5609,0.021043,172.253.118.0-255,5738,147286,64,339896
5610,0.021051,172.31.40.0-255,66,147352,64,339896
5611,0.023364,172.253.118.0-255,5738,153090,64,339896
5612,0.023371,172.31.40.0-255,66,153156,64,339896
5613,0.025689,172.253.118.0-255,5738,158894,64,339896
5614,0.025696,172.31.40.0-255,66,158960,64,339896
5615,0.028038,172.253.118.0-255,5738,164698,64,339896
5616,0.028046,172.31.40.0-255,66,164764,64,339896
5617,0.030366,172.253.118.0-255,5738,170502,64,339896
5618,0.030373,172.31.40.0-255,66,170568,64,339896
5619,0.032714,172.253.118.0-255,5738,176306,64,339896
5620,0.032723,172.31.40.0-255,66,176372,64,339896
5621,0.035047,172.253.118.0-255,5738,182110,64,339896
5622,0.035055,172.31.40.0-255,66,182176,64,339896
5623,0.037301,172.31.40.0-255,172,182348,64,339896
5624,0.037334,172.31.40.0-255,1111,183459,64,339896
5625,0.037387,172.253.118.0-255,5738,189197,64,339896
5626,0.037392,172.31.40.0-255,66,189263,64,339896
5627,0.037429,172.31.40.0-255,1514,190777,64,339896
5628,0.037431,172.31.40.0-255,1514,192291,64,339896
5629,0.037455,172.31.40.0-255,694,192985,64,339896
5630,0.03885,104.244.42.0-255,66,193051,64,339896
5631,0.038898,104.244.42.0-255,66,193117,64,339896
5632,0.039,104.244.42.0-255,66,193183,64,339896
5633,0.039006,104.244.42.0-255,66,193249,64,339896
5634,0.039719,172.253.118.0-255,5738,198987,64,339896
5635,0.039727,172.31.40.0-255,66,199053,64,339896
5636,0.042091,172.253.118.0-255,5738,204791,64,339896
5637,0.042098,172.31.40.0-255,66,204857,64,339896
5638,0.044424,172.253.118.0-255,5738,210595,64,339896
5639,0.044435,172.31.40.0-255,66,210661,64,339896
5640,0.046767,172.253.118.0-255,5738,216399,64,339896
5641,0.046774,172.31.40.0-255,66,216465,64,339896
5642,0.049117,172.253.118.0-255,5738,222203,64,339896
5643,0.049125,172.31.40.0-255,66,222269,64,339896
5644,0.051458,172.253.118.0-255,4320,226589,64,339896
5645,0.051465,172.31.40.0-255,66,226655,64,339896
5646,0.051492,172.253.118.0-255,1484,228139,64,339896
5647,0.053784,172.253.118.0-255,4320,232459,64,339896
5648,0.05379,172.31.40.0-255,66,232525,64,339896
5649,0.056125,172.253.118.0-255,5738,238263,64,339896
5650,0.056134,172.31.40.0-255,66,238329,64,339896
5651,0.058462,172.253.118.0-255,5738,244067,64,339896
5652,0.058469,172.31.40.0-255,66,244133,64,339896
5653,0.060796,172.253.118.0-255,5738,249871,64,339896
5654,0.060803,172.31.40.0-255,66,249937,64,339896
5655,0.063142,172.253.118.0-255,5738,255675,64,339896
5656,0.063149,172.31.40.0-255,66,255741,64,339896
5657,0.065494,172.253.118.0-255,5738,261479,64,339896
5658,0.065501,172.31.40.0-255,66,261545,64,339896
5659,0.067843,172.253.118.0-255,5738,267283,64,339896
5660,0.067851,172.31.40.0-255,66,267349,64,339896
5661,0.070177,172.253.118.0-255,5738,273087,64,339896
5662,0.070184,172.31.40.0-255,66,273153,64,339896
5663,0.072525,172.253.118.0-255,5738,278891,64,339896
5664,0.072533,172.31.40.0-255,66,278957,64,339896
5665,0.074898,172.253.118.0-255,5738,284695,64,339896
5666,0.074905,172.31.40.0-255,66,284761,64,339896
5667,0.077241,172.253.118.0-255,5738,290499,64,339896
5668,0.077248,172.31.40.0-255,66,290565,64,339896
5669,0.079572,172.253.118.0-255,5738,296303,64,339896
5670,0.079578,172.31.40.0-255,66,296369,64,339896
5671,0.081892,172.253.118.0-255,5738,302107,64,339896
5672,0.0819,172.31.40.0-255,66,302173,64,339896
5673,0.084232,172.253.118.0-255,5738,307911,64,339896
5674,0.08424,172.31.40.0-255,66,307977,64,339896
5675,0.086554,172.253.118.0-255,5738,313715,64,339896
5676,0.086563,172.31.40.0-255,66,313781,64,339896
5677,0.08889,172.253.118.0-255,5738,319519,64,339896
5678,0.088898,172.31.40.0-255,66,319585,64,339896
5679,0.09124,172.253.118.0-255,5738,325323,64,339896
5680,0.091247,172.31.40.0-255,66,325389,64,339896
5681,0.093585,172.253.118.0-255,5738,331127,64,339896
5682,0.093593,172.31.40.0-255,66,331193,64,339896
5683,0.095944,172.253.118.0-255,5738,336931,64,339896
5684,0.095951,172.31.40.0-255,66,336997,64,339896
5685,0.098277,172.253.118.0-255,2728,339725,64,339896
5686,0.098285,172.31.40.0-255,66,339791,64,339896
5687,0.098574,172.31.40.0-255,105,339896,64,339896
5688,0.0,172.31.40.0-255,105,105,64,459
5689,0.000157,172.31.40.0-255,90,195,64,459
5690,0.000168,172.31.40.0-255,66,261,64,459
5691,0.00277,172.217.194.0-255,66,327,64,459
5692,0.0028,172.217.194.0-255,66,393,64,459
5693,0.002822,172.31.40.0-255,66,459,64,459
5694,0.0,172.217.194.0-255,152,152,64,273660
5695,2.1e-05,172.31.40.0-255,66,218,64,273660
5696,2.8e-05,172.217.194.0-255,1484,1702,64,273660
5697,3.3e-05,172.31.40.0-255,66,1768,64,273660
5698,3.9e-05,172.217.194.0-255,2902,4670,64,273660
5699,4.3e-05,172.31.40.0-255,66,4736,64,273660
5700,4.6e-05,172.217.194.0-255,1484,6220,64,273660
5701,4.9e-05,172.31.40.0-255,66,6286,64,273660
5702,7.3e-05,172.217.194.0-255,4320,10606,64,273660
5703,7.6e-05,172.31.40.0-255,66,10672,64,273660
5704,8.2e-05,172.217.194.0-255,3394,14066,64,273660
5705,8.5e-05,172.31.40.0-255,66,14132,64,273660
5706,0.000129,172.217.194.0-255,1484,15616,64,273660
5707,0.000132,172.31.40.0-255,66,15682,64,273660
5708,0.000137,172.217.194.0-255,2902,18584,64,273660
5709,0.000139,172.31.40.0-255,66,18650,64,273660
5710,0.000153,172.217.194.0-255,2902,21552,64,273660
5711,0.000157,172.31.40.0-255,66,21618,64,273660
5712,0.000178,172.217.194.0-255,2902,24520,64,273660
5713,0.00018,172.31.40.0-255,66,24586,64,273660
5714,0.000186,172.217.194.0-255,4320,28906,64,273660
5715,0.000188,172.31.40.0-255,66,28972,64,273660
5716,0.000231,172.217.194.0-255,2902,31874,64,273660
5717,0.000233,172.31.40.0-255,66,31940,64,273660
5718,0.000254,172.217.194.0-255,5738,37678,64,273660
5719,0.000258,172.31.40.0-255,66,37744,64,273660
5720,0.00027,172.31.40.0-255,66,37810,64,273660
5721,0.000272,172.217.194.0-255,766,38576,64,273660
5722,0.000274,172.31.40.0-255,66,38642,64,273660
5723,0.001519,172.217.194.0-255,1484,40126,64,273660
5724,0.001527,172.31.40.0-255,66,40192,64,273660
5725,0.001558,172.217.194.0-255,1484,41676,64,273660
5726,0.001571,172.217.194.0-255,1484,43160,64,273660
5727,0.001573,172.31.40.0-255,66,43226,64,273660
5728,0.001587,172.217.194.0-255,1484,44710,64,273660
5729,0.001595,172.217.194.0-255,5738,50448,64,273660
5730,0.001597,172.31.40.0-255,66,50514,64,273660
5731,0.001609,172.217.194.0-255,1484,51998,64,273660
5732,0.001627,172.217.194.0-255,4252,56250,64,273660
5733,0.001629,172.31.40.0-255,66,56316,64,273660
5734,0.001632,172.217.194.0-255,99,56415,64,273660
5735,0.004269,172.217.194.0-255,4320,60735,64,273660
5736,0.004273,172.31.40.0-255,66,60801,64,273660
5737,0.006932,172.217.194.0-255,5738,66539,64,273660
5738,0.006939,172.31.40.0-255,66,66605,64,273660
5739,0.009586,172.217.194.0-255,5738,72343,64,273660
5740,0.009594,172.31.40.0-255,66,72409,64,273660
5741,0.012293,172.217.194.0-255,5738,78147,64,273660
5742,0.012301,172.31.40.0-255,66,78213,64,273660
5743,0.014993,172.217.194.0-255,5738,83951,64,273660
5744,0.015005,172.31.40.0-255,66,84017,64,273660
5745,0.017648,172.217.194.0-255,4320,88337,64,273660
5746,0.017655,172.31.40.0-255,66,88403,64,273660
5747,0.017677,172.217.194.0-255,1484,89887,64,273660
5748,0.020284,172.217.194.0-255,4320,94207,64,273660
5749,0.020292,172.31.40.0-255,66,94273,64,273660
5750,0.02292,172.217.194.0-255,5738,100011,64,273660
5751,0.022927,172.31.40.0-255,66,100077,64,273660
5752,0.024077,172.31.40.0-255,167,100244,64,273660
5753,0.024112,172.31.40.0-255,1111,101355,64,273660
5754,0.024175,172.31.40.0-255,1514,102869,64,273660
5755,0.024177,172.31.40.0-255,1514,104383,64,273660
5756,0.024205,172.31.40.0-255,697,105080,64,273660
5757,0.025573,172.217.194.0-255,5738,110818,64,273660
5758,0.02558,172.31.40.0-255,66,110884,64,273660
5759,0.025605,104.244.42.0-255,66,110950,64,273660
5760,0.025655,104.244.42.0-255,66,111016,64,273660
5761,0.02574,104.244.42.0-255,66,111082,64,273660
5762,0.025745,104.244.42.0-255,66,111148,64,273660
5763,0.02824,172.217.194.0-255,5738,116886,64,273660
5764,0.028248,172.31.40.0-255,66,116952,64,273660
5765,0.03093,172.217.194.0-255,5738,122690,64,273660
5766,0.030944,172.31.40.0-255,66,122756,64,273660
5767,0.033594,172.217.194.0-255,5738,128494,64,273660
5768,0.033601,172.31.40.0-255,66,128560,64,273660
5769,0.03622,172.217.194.0-255,5738,134298,64,273660
5770,0.036227,172.31.40.0-255,66,134364,64,273660
5771,0.038925,172.217.194.0-255,5738,140102,64,273660
5772,0.038933,172.31.40.0-255,66,140168,64,273660
5773,0.041606,172.217.194.0-255,5738,145906,64,273660
5774,0.041612,172.31.40.0-255,66,145972,64,273660
5775,0.044258,172.217.194.0-255,5738,151710,64,273660
5776,0.044265,172.31.40.0-255,66,151776,64,273660
5777,0.046921,172.217.194.0-255,5738,157514,64,273660
5778,0.046926,172.31.40.0-255,66,157580,64,273660
5779,0.049541,172.217.194.0-255,5738,163318,64,273660
5780,0.049548,172.31.40.0-255,66,163384,64,273660
5781,0.052224,172.217.194.0-255,5738,169122,64,273660
5782,0.052229,172.31.40.0-255,66,169188,64,273660
5783,0.054876,172.217.194.0-255,5738,174926,64,273660
5784,0.054887,172.31.40.0-255,66,174992,64,273660
5785,0.057537,172.217.194.0-255,5738,180730,64,273660
5786,0.057543,172.31.40.0-255,66,180796,64,273660
5787,0.060167,172.217.194.0-255,5738,186534,64,273660
5788,0.060173,172.31.40.0-255,66,186600,64,273660
5789,0.062798,172.217.194.0-255,5738,192338,64,273660
5790,0.06281,172.31.40.0-255,66,192404,64,273660
5791,0.065441,172.217.194.0-255,5738,198142,64,273660
5792,0.065447,172.31.40.0-255,66,198208,64,273660
5793,0.068085,172.217.194.0-255,5738,203946,64,273660
5794,0.068093,172.31.40.0-255,66,204012,64,273660
5795,0.070727,172.217.194.0-255,5738,209750,64,273660
5796,0.070735,172.31.40.0-255,66,209816,64,273660
5797,0.073358,172.217.194.0-255,5738,215554,64,273660
5798,0.073363,172.31.40.0-255,66,215620,64,273660
5799,0.076015,172.217.194.0-255,5738,221358,64,273660
5800,0.076022,172.31.40.0-255,66,221424,64,273660
5801,0.078669,172.217.194.0-255,5738,227162,64,273660
5802,0.078676,172.31.40.0-255,66,227228,64,273660
5803,0.081338,172.217.194.0-255,5738,232966,64,273660
5804,0.081345,172.31.40.0-255,66,233032,64,273660
5805,0.083991,172.217.194.0-255,5738,238770,64,273660
5806,0.083998,172.31.40.0-255,66,238836,64,273660
5807,0.086638,172.217.194.0-255,5738,244574,64,273660
5808,0.086643,172.31.40.0-255,66,244640,64,273660
5809,0.089308,172.217.194.0-255,5738,250378,64,273660
5810,0.089331,172.31.40.0-255,66,250444,64,273660
5811,0.091957,172.217.194.0-255,5738,256182,64,273660
5812,0.091975,172.31.40.0-255,66,256248,64,273660
5813,0.094609,172.217.194.0-255,5738,261986,64,273660
5814,0.094628,172.31.40.0-255,66,262052,64,273660
5815,0.097261,172.217.194.0-255,5738,267790,64,273660
5816,0.097273,172.31.40.0-255,66,267856,64,273660
5817,0.099942,172.217.194.0-255,5738,273594,64,273660
5818,0.099962,172.31.40.0-255,66,273660,64,273660
5819,0.0,74.125.200.0-255,153,153,64,357554
5820,2.3e-05,172.31.40.0-255,66,219,64,357554
5821,3e-05,74.125.200.0-255,1484,1703,64,357554
5822,3.5e-05,172.31.40.0-255,66,1769,64,357554
5823,3.8e-05,74.125.200.0-255,1484,3253,64,357554
5824,4.2e-05,172.31.40.0-255,66,3319,64,357554
5825,5.4e-05,74.125.200.0-255,1484,4803,64,357554
5826,5.7e-05,172.31.40.0-255,66,4869,64,357554
5827,7.7e-05,74.125.200.0-255,1484,6353,64,357554
5828,8e-05,172.31.40.0-255,66,6419,64,357554
5829,9.2e-05,74.125.200.0-255,5738,12157,64,357554
5830,9.5e-05,172.31.40.0-255,66,12223,64,357554
5831,9.9e-05,74.125.200.0-255,2002,14225,64,357554
5832,0.000102,172.31.40.0-255,66,14291,64,357554
5833,0.000174,74.125.200.0-255,1484,15775,64,357554
5834,0.000177,172.31.40.0-255,66,15841,64,357554
5835,0.000182,74.125.200.0-255,2902,18743,64,357554
5836,0.000185,172.31.40.0-255,66,18809,64,357554
5837,0.000188,74.125.200.0-255,1484,20293,64,357554
5838,0.000189,172.31.40.0-255,66,20359,64,357554
5839,0.000214,74.125.200.0-255,2902,23261,64,357554
5840,0.000217,172.31.40.0-255,66,23327,64,357554
5841,0.000246,74.125.200.0-255,5738,29065,64,357554
5842,0.000249,172.31.40.0-255,66,29131,64,357554
5843,0.000254,74.125.200.0-255,2543,31674,64,357554
5844,0.000256,172.31.40.0-255,66,31740,64,357554
5845,0.000439,74.125.200.0-255,1484,33224,64,357554
5846,0.000443,172.31.40.0-255,66,33290,64,357554
5847,0.000449,74.125.200.0-255,2902,36192,64,357554
5848,0.000452,172.31.40.0-255,66,36258,64,357554
5849,0.00048,74.125.200.0-255,4320,40578,64,357554
5850,0.000483,172.31.40.0-255,66,40644,64,357554
5851,0.000505,74.125.200.0-255,1484,42128,64,357554
5852,0.000522,74.125.200.0-255,4320,46448,64,357554
5853,0.000525,172.31.40.0-255,66,46514,64,357554
5854,0.000555,74.125.200.0-255,2902,49416,64,357554
5855,0.000559,172.31.40.0-255,66,49482,64,357554
5856,0.000573,74.125.200.0-255,3961,53443,64,357554
5857,0.000576,172.31.40.0-255,66,53509,64,357554
5858,0.000588,74.125.200.0-255,7156,60665,64,357554
5859,0.000591,172.31.40.0-255,66,60731,64,357554
5860,0.000626,74.125.200.0-255,5379,66110,64,357554
5861,0.00063,172.31.40.0-255,66,66176,64,357554
5862,0.000836,74.125.200.0-255,412,66588,64,357554
5863,0.000877,74.125.200.0-255,331,66919,64,357554
5864,0.001081,172.31.40.0-255,66,66985,64,357554
5865,0.001123,74.125.200.0-255,1484,68469,64,357554
5866,0.001144,74.125.200.0-255,2902,71371,64,357554
5867,0.001147,172.31.40.0-255,66,71437,64,357554
5868,0.001175,74.125.200.0-255,5738,77175,64,357554
5869,0.001177,172.31.40.0-255,66,77241,64,357554
5870,0.001182,74.125.200.0-255,2902,80143,64,357554
5871,0.001183,172.31.40.0-255,66,80209,64,357554
5872,0.001205,74.125.200.0-255,4320,84529,64,357554
5873,0.001207,172.31.40.0-255,66,84595,64,357554
5874,0.001234,74.125.200.0-255,4320,88915,64,357554
5875,0.00124,172.31.40.0-255,66,88981,64,357554
5876,0.001246,74.125.200.0-255,5738,94719,64,357554
5877,0.001247,172.31.40.0-255,66,94785,64,357554
5878,0.001277,74.125.200.0-255,5738,100523,64,357554
5879,0.001279,172.31.40.0-255,66,100589,64,357554
5880,0.001304,74.125.200.0-255,766,101355,64,357554
5881,0.001494,172.31.40.0-255,66,101421,64,357554
5882,0.00187,74.125.200.0-255,1484,102905,64,357554
5883,0.001897,74.125.200.0-255,2902,105807,64,357554
5884,0.001901,172.31.40.0-255,66,105873,64,357554
5885,0.001928,74.125.200.0-255,4320,110193,64,357554
5886,0.00193,172.31.40.0-255,66,110259,64,357554
5887,0.001934,74.125.200.0-255,2902,113161,64,357554
5888,0.001936,172.31.40.0-255,66,113227,64,357554
5889,0.001957,74.125.200.0-255,2902,116129,64,357554
5890,0.001962,172.31.40.0-255,66,116195,64,357554
5891,0.001988,172.31.40.0-255,66,116261,64,357554
5892,0.002017,172.31.40.0-255,66,116327,64,357554
5893,0.00202,74.125.200.0-255,766,117093,64,357554
5894,0.004328,74.125.200.0-255,4320,121413,64,357554
5895,0.004332,172.31.40.0-255,66,121479,64,357554
5896,0.006638,74.125.200.0-255,5738,127217,64,357554
5897,0.006645,172.31.40.0-255,66,127283,64,357554
5898,0.008962,74.125.200.0-255,5738,133021,64,357554
5899,0.00897,172.31.40.0-255,66,133087,64,357554
5900,0.011289,74.125.200.0-255,5738,138825,64,357554
5901,0.011297,172.31.40.0-255,66,138891,64,357554
5902,0.013622,74.125.200.0-255,5738,144629,64,357554
5903,0.013632,172.31.40.0-255,66,144695,64,357554
5904,0.015944,74.125.200.0-255,5738,150433,64,357554
5905,0.015952,172.31.40.0-255,66,150499,64,357554
5906,0.018261,74.125.200.0-255,5738,156237,64,357554
5907,0.018269,172.31.40.0-255,66,156303,64,357554
5908,0.020585,74.125.200.0-255,5738,162041,64,357554
5909,0.020593,172.31.40.0-255,66,162107,64,357554
5910,0.022908,74.125.200.0-255,5738,167845,64,357554
5911,0.022915,172.31.40.0-255,66,167911,64,357554
5912,0.025218,74.125.200.0-255,5738,173649,64,357554
5913,0.025226,172.31.40.0-255,66,173715,64,357554
5914,0.02754,74.125.200.0-255,5738,179453,64,357554
5915,0.027547,172.31.40.0-255,66,179519,64,357554
5916,0.029869,74.125.200.0-255,5738,185257,64,357554
5917,0.029877,172.31.40.0-255,66,185323,64,357554
5918,0.032188,74.125.200.0-255,5738,191061,64,357554
5919,0.032195,172.31.40.0-255,66,191127,64,357554
5920,0.033009,172.31.40.0-255,167,191294,64,357554
5921,0.033042,172.31.40.0-255,1112,192406,64,357554
5922,0.03313,172.31.40.0-255,1514,193920,64,357554
5923,0.033133,172.31.40.0-255,1514,195434,64,357554
5924,0.033157,172.31.40.0-255,696,196130,64,357554
5925,0.034501,74.125.200.0-255,4320,200450,64,357554
5926,0.034508,172.31.40.0-255,66,200516,64,357554
5927,0.034541,104.244.42.0-255,66,200582,64,357554
5928,0.034547,74.125.200.0-255,1484,202066,64,357554
5929,0.034573,104.244.42.0-255,66,202132,64,357554
5930,0.034698,104.244.42.0-255,66,202198,64,357554
5931,0.034704,104.244.42.0-255,66,202264,64,357554
5932,0.036825,74.125.200.0-255,4320,206584,64,357554
5933,0.036831,172.31.40.0-255,66,206650,64,357554
5934,0.039138,74.125.200.0-255,5738,212388,64,357554
5935,0.039146,172.31.40.0-255,66,212454,64,357554
5936,0.041476,74.125.200.0-255,5738,218192,64,357554
5937,0.041485,172.31.40.0-255,66,218258,64,357554
5938,0.043796,74.125.200.0-255,5738,223996,64,357554
5939,0.043803,172.31.40.0-255,66,224062,64,357554
5940,0.046113,74.125.200.0-255,5738,229800,64,357554
5941,0.046118,172.31.40.0-255,66,229866,64,357554
5942,0.048432,74.125.200.0-255,5738,235604,64,357554
5943,0.048438,172.31.40.0-255,66,235670,64,357554
5944,0.050789,74.125.200.0-255,5738,241408,64,357554
5945,0.050808,172.31.40.0-255,66,241474,64,357554
5946,0.053146,74.125.200.0-255,5738,247212,64,357554
5947,0.053159,172.31.40.0-255,66,247278,64,357554
5948,0.05548,74.125.200.0-255,5738,253016,64,357554
5949,0.055493,172.31.40.0-255,66,253082,64,357554
5950,0.057811,74.125.200.0-255,5738,258820,64,357554
5951,0.057825,172.31.40.0-255,66,258886,64,357554
5952,0.06013,74.125.200.0-255,5738,264624,64,357554
5953,0.060139,172.31.40.0-255,66,264690,64,357554
5954,0.062468,74.125.200.0-255,5738,270428,64,357554
5955,0.062487,172.31.40.0-255,66,270494,64,357554
5956,0.064829,74.125.200.0-255,5738,276232,64,357554
5957,0.064846,172.31.40.0-255,66,276298,64,357554
5958,0.06718,74.125.200.0-255,5738,282036,64,357554
5959,0.067198,172.31.40.0-255,66,282102,64,357554
5960,0.069517,74.125.200.0-255,5738,287840,64,357554
5961,0.069525,172.31.40.0-255,66,287906,64,357554
5962,0.071854,74.125.200.0-255,5738,293644,64,357554
5963,0.071871,172.31.40.0-255,66,293710,64,357554
5964,0.074188,74.125.200.0-255,5738,299448,64,357554
5965,0.074211,172.31.40.0-255,66,299514,64,357554
5966,0.0766,74.125.200.0-255,5738,305252,64,357554
5967,0.076616,172.31.40.0-255,66,305318,64,357554
5968,0.07898,74.125.200.0-255,5738,311056,64,357554
5969,0.078995,172.31.40.0-255,66,311122,64,357554
5970,0.081322,74.125.200.0-255,5738,316860,64,357554
5971,0.081339,172.31.40.0-255,66,316926,64,357554
5972,0.083669,74.125.200.0-255,5738,322664,64,357554
5973,0.083685,172.31.40.0-255,66,322730,64,357554
5974,0.086004,74.125.200.0-255,5738,328468,64,357554
5975,0.086019,172.31.40.0-255,66,328534,64,357554
5976,0.088348,74.125.200.0-255,5738,334272,64,357554
5977,0.088364,172.31.40.0-255,66,334338,64,357554
5978,0.090687,74.125.200.0-255,5738,340076,64,357554
5979,0.090695,172.31.40.0-255,66,340142,64,357554
5980,0.093011,74.125.200.0-255,5738,345880,64,357554
5981,0.093026,172.31.40.0-255,66,345946,64,357554
5982,0.095353,74.125.200.0-255,5738,351684,64,357554
5983,0.095368,172.31.40.0-255,66,351750,64,357554
5984,0.097689,74.125.200.0-255,5738,357488,64,357554
5985,0.097707,172.31.40.0-255,66,357554,64,357554
5986,0.0,172.31.40.0-255,105,105,64,276
5987,0.001493,157.240.7.0-255,105,210,64,276
5988,0.00151,172.31.40.0-255,66,276,64,276
5989,0.0,172.217.160.0-255,153,153,64,319138
5990,2.2e-05,172.31.40.0-255,66,219,64,319138
5991,2.9e-05,172.217.160.0-255,1484,1703,64,319138
5992,3.4e-05,172.31.40.0-255,66,1769,64,319138
5993,5.3e-05,172.217.160.0-255,2902,4671,64,319138
5994,5.6e-05,172.31.40.0-255,66,4737,64,319138
5995,6.6e-05,172.217.160.0-255,7156,11893,64,319138
5996,7.2e-05,172.31.40.0-255,66,11959,64,319138
5997,0.000114,172.31.40.0-255,66,12025,64,319138
5998,0.000141,172.217.160.0-255,502,12527,64,319138
5999,0.000144,172.31.40.0-255,66,12593,64,319138
6000,0.000153,172.217.160.0-255,6797,19390,64,319138
6001,0.000156,172.31.40.0-255,66,19456,64,319138
6002,0.000159,172.217.160.0-255,1484,20940,64,319138
6003,0.000161,172.31.40.0-255,66,21006,64,319138
6004,0.000165,172.217.160.0-255,2902,23908,64,319138
6005,0.000167,172.31.40.0-255,66,23974,64,319138
6006,0.00017,172.217.160.0-255,1484,25458,64,319138
6007,0.000172,172.31.40.0-255,66,25524,64,319138
6008,0.000203,172.217.160.0-255,4320,29844,64,319138
6009,0.000205,172.31.40.0-255,66,29910,64,319138
6010,0.000212,172.217.160.0-255,7156,37066,64,319138
6011,0.000215,172.31.40.0-255,66,37132,64,319138
6012,0.000232,172.217.160.0-255,1125,38257,64,319138
6013,0.000234,172.31.40.0-255,66,38323,64,319138
6014,0.000242,172.217.160.0-255,7156,45479,64,319138
6015,0.000244,172.31.40.0-255,66,45545,64,319138
6016,0.00027,172.217.160.0-255,1484,47029,64,319138
6017,0.000272,172.31.40.0-255,66,47095,64,319138
6018,0.00028,172.217.160.0-255,6797,53892,64,319138
6019,0.000282,172.31.40.0-255,66,53958,64,319138
6020,0.000285,172.217.160.0-255,374,54332,64,319138
6021,0.000862,172.217.160.0-255,103,54435,64,319138
6022,0.000968,172.217.160.0-255,1484,55919,64,319138
6023,0.000974,172.31.40.0-255,66,55985,64,319138
6024,0.000981,172.217.160.0-255,2902,58887,64,319138
6025,0.000984,172.31.40.0-255,66,58953,64,319138
6026,0.000988,172.217.160.0-255,2902,61855,64,319138
6027,0.00099,172.31.40.0-255,66,61921,64,319138
6028,0.001019,172.217.160.0-255,2902,64823,64,319138
6029,0.001023,172.31.40.0-255,66,64889,64,319138
6030,0.00103,172.217.160.0-255,6797,71686,64,319138
6031,0.001032,172.31.40.0-255,66,71752,64,319138
6032,0.001047,172.31.40.0-255,66,71818,64,319138
6033,0.001051,172.217.160.0-255,2543,74361,64,319138
6034,0.001053,172.31.40.0-255,66,74427,64,319138
6035,0.001056,172.217.160.0-255,364,74791,64,319138
6036,0.00115,172.217.160.0-255,1484,76275,64,319138
6037,0.001154,172.31.40.0-255,66,76341,64,319138
6038,0.001159,172.217.160.0-255,2902,79243,64,319138
6039,0.001161,172.31.40.0-255,66,79309,64,319138
6040,0.001166,172.217.160.0-255,2902,82211,64,319138
6041,0.001168,172.31.40.0-255,66,82277,64,319138
6042,0.001195,172.217.160.0-255,2902,85179,64,319138
6043,0.001198,172.31.40.0-255,66,85245,64,319138
6044,0.001204,172.217.160.0-255,4320,89565,64,319138
6045,0.001207,172.31.40.0-255,66,89631,64,319138
6046,0.001226,172.31.40.0-255,66,89697,64,319138
6047,0.00123,172.217.160.0-255,2902,92599,64,319138
6048,0.001232,172.31.40.0-255,66,92665,64,319138
6049,0.001266,172.31.40.0-255,66,92731,64,319138
6050,0.001371,172.217.160.0-255,1484,94215,64,319138
6051,0.001378,172.217.160.0-255,2902,97117,64,319138
6052,0.001381,172.31.40.0-255,66,97183,64,319138
6053,0.001388,172.217.160.0-255,5738,102921,64,319138
6054,0.00139,172.31.40.0-255,66,102987,64,319138
6055,0.001419,172.31.40.0-255,66,103053,64,319138
6056,0.00145,172.217.160.0-255,2902,105955,64,319138
6057,0.001452,172.31.40.0-255,66,106021,64,319138
6058,0.001465,172.31.40.0-255,66,106087,64,319138
6059,0.001539,172.217.160.0-255,1484,107571,64,319138
6060,0.001545,172.217.160.0-255,2902,110473,64,319138
6061,0.001548,172.31.40.0-255,66,110539,64,319138
6062,0.001553,172.217.160.0-255,2902,113441,64,319138
6063,0.001556,172.31.40.0-255,66,113507,64,319138
6064,0.001569,172.217.160.0-255,2902,116409,64,319138
6065,0.001571,172.31.40.0-255,66,116475,64,319138
6066,0.001582,172.31.40.0-255,66,116541,64,319138
6067,0.001631,172.217.160.0-255,7156,123697,64,319138
6068,0.001634,172.31.40.0-255,66,123763,64,319138
6069,0.001662,172.31.40.0-255,66,123829,64,319138
6070,0.001705,172.217.160.0-255,1484,125313,64,319138
6071,0.00171,172.217.160.0-255,2902,128215,64,319138
6072,0.001712,172.31.40.0-255,66,128281,64,319138
6073,0.001718,172.217.160.0-255,5738,134019,64,319138
6074,0.001721,172.31.40.0-255,66,134085,64,319138
6075,0.001727,172.217.160.0-255,5738,139823,64,319138
6076,0.001729,172.31.40.0-255,66,139889,64,319138
6077,0.001757,172.217.160.0-255,7156,147045,64,319138
6078,0.00176,172.31.40.0-255,66,147111,64,319138
6079,0.001767,172.217.160.0-255,7156,154267,64,319138
6080,0.001769,172.31.40.0-255,66,154333,64,319138
6081,0.001823,172.217.160.0-255,3602,157935,64,319138
6082,0.001827,172.31.40.0-255,66,158001,64,319138
6083,0.001861,172.217.160.0-255,1484,159485,64,319138
6084,0.001866,172.217.160.0-255,2902,162387,64,319138
6085,0.001869,172.31.40.0-255,66,162453,64,319138
6086,0.001872,172.217.160.0-255,1484,163937,64,319138
6087,0.001892,172.217.160.0-255,4320,168257,64,319138
6088,0.001913,172.31.40.0-255,66,168323,64,319138
6089,0.00192,172.31.40.0-255,66,168389,64,319138
6090,0.001925,172.217.160.0-255,2902,171291,64,319138
6091,0.001927,172.31.40.0-255,66,171357,64,319138
6092,0.00194,172.31.40.0-255,66,171423,64,319138
6093,0.00388,172.217.160.0-255,5738,177161,64,319138
6094,0.003888,172.31.40.0-255,66,177227,64,319138
6095,0.005839,172.217.160.0-255,5738,182965,64,319138
6096,0.005856,172.31.40.0-255,66,183031,64,319138
6097,0.00782,172.217.160.0-255,5738,188769,64,319138
6098,0.007834,172.31.40.0-255,66,188835,64,319138
6099,0.009779,172.217.160.0-255,5738,194573,64,319138
6100,0.009794,172.31.40.0-255,66,194639,64,319138
6101,0.011736,172.217.160.0-255,5738,200377,64,319138
6102,0.011745,172.31.40.0-255,66,200443,64,319138
6103,0.013707,172.217.160.0-255,5738,206181,64,319138
6104,0.013725,172.31.40.0-255,66,206247,64,319138
6105,0.01567,172.217.160.0-255,5738,211985,64,319138
6106,0.015682,172.31.40.0-255,66,212051,64,319138
6107,0.017652,172.217.160.0-255,5738,217789,64,319138
6108,0.017673,172.31.40.0-255,66,217855,64,319138
6109,0.019645,172.217.160.0-255,5738,223593,64,319138
6110,0.01966,172.31.40.0-255,66,223659,64,319138
6111,0.021616,172.217.160.0-255,5738,229397,64,319138
6112,0.021627,172.31.40.0-255,66,229463,64,319138
6113,0.023591,172.217.160.0-255,5738,235201,64,319138
6114,0.023605,172.31.40.0-255,66,235267,64,319138
6115,0.025562,172.217.160.0-255,5738,241005,64,319138
6116,0.025582,172.31.40.0-255,66,241071,64,319138
6117,0.027526,172.217.160.0-255,5738,246809,64,319138
6118,0.027536,172.31.40.0-255,66,246875,64,319138
6119,0.029497,172.217.160.0-255,5738,252613,64,319138
6120,0.029519,172.31.40.0-255,66,252679,64,319138
6121,0.031474,172.217.160.0-255,5738,258417,64,319138
6122,0.03149,172.31.40.0-255,66,258483,64,319138
6123,0.033426,172.217.160.0-255,5738,264221,64,319138
6124,0.033433,172.31.40.0-255,66,264287,64,319138
6125,0.03541,172.217.160.0-255,5738,270025,64,319138
6126,0.035428,172.31.40.0-255,66,270091,64,319138
6127,0.037372,172.217.160.0-255,5738,275829,64,319138
6128,0.037383,172.31.40.0-255,66,275895,64,319138
6129,0.039331,172.217.160.0-255,5738,281633,64,319138
6130,0.039344,172.31.40.0-255,66,281699,64,319138
6131,0.041303,172.217.160.0-255,5738,287437,64,319138
6132,0.041327,172.31.40.0-255,66,287503,64,319138
6133,0.043312,172.217.160.0-255,5738,293241,64,319138
6134,0.04332,172.31.40.0-255,66,293307,64,319138
6135,0.045276,172.217.160.0-255,5738,299045,64,319138
6136,0.045297,172.31.40.0-255,66,299111,64,319138
6137,0.047253,172.217.160.0-255,5738,304849,64,319138
6138,0.047268,172.31.40.0-255,66,304915,64,319138
6139,0.049214,172.217.160.0-255,5738,310653,64,319138
6140,0.049225,172.31.40.0-255,66,310719,64,319138
6141,0.051181,172.217.160.0-255,2911,313630,64,319138
6142,0.051198,172.31.40.0-255,66,313696,64,319138
6143,0.051457,172.31.40.0-255,105,313801,64,319138
6144,0.053364,172.217.160.0-255,66,313867,64,319138
6145,0.057204,172.31.40.0-255,171,314038,64,319138
6146,0.057235,172.31.40.0-255,1135,315173,64,319138
6147,0.057302,172.31.40.0-255,1514,316687,64,319138
6148,0.057304,172.31.40.0-255,1514,318201,64,319138
6149,0.057305,172.31.40.0-255,673,318874,64,319138
6150,0.058758,104.244.42.0-255,66,318940,64,319138
6151,0.058801,104.244.42.0-255,66,319006,64,319138
6152,0.058886,104.244.42.0-255,66,319072,64,319138
6153,0.05889,104.244.42.0-255,66,319138,64,319138
6154,0.0,172.31.40.0-255,105,105,64,459
6155,0.000359,172.31.40.0-255,90,195,64,459
6156,0.000379,172.31.40.0-255,66,261,64,459
6157,0.002677,74.125.130.0-255,66,327,64,459
6158,0.002699,74.125.130.0-255,66,393,64,459
6159,0.002715,172.31.40.0-255,66,459,64,459
6160,0.0,172.217.194.0-255,153,153,64,330154
6161,2.3e-05,172.31.40.0-255,66,219,64,330154
6162,3.1e-05,172.217.194.0-255,1484,1703,64,330154
6163,3.6e-05,172.31.40.0-255,66,1769,64,330154
6164,5e-05,172.217.194.0-255,2902,4671,64,330154
6165,5.5e-05,172.31.40.0-255,66,4737,64,330154
6166,6e-05,172.217.194.0-255,4320,9057,64,330154
6167,6.4e-05,172.31.40.0-255,66,9123,64,330154
6168,7.1e-05,172.217.194.0-255,7156,16279,64,330154
6169,7.4e-05,172.31.40.0-255,66,16345,64,330154
6170,0.000111,172.217.194.0-255,2099,18444,64,330154
6171,0.000113,172.31.40.0-255,66,18510,64,330154
6172,0.000125,172.31.40.0-255,66,18576,64,330154
6173,0.000129,172.217.194.0-255,2543,21119,64,330154
6174,0.000131,172.31.40.0-255,66,21185,64,330154
6175,0.000183,172.217.194.0-255,1484,22669,64,330154
6176,0.000186,172.31.40.0-255,66,22735,64,330154
6177,0.000191,172.217.194.0-255,2902,25637,64,330154
6178,0.000193,172.31.40.0-255,66,25703,64,330154
6179,0.000227,172.217.194.0-255,5738,31441,64,330154
6180,0.00023,172.31.40.0-255,66,31507,64,330154
6181,0.000236,172.217.194.0-255,5738,37245,64,330154
6182,0.000238,172.31.40.0-255,66,37311,64,330154
6183,0.000277,172.31.40.0-255,66,37377,64,330154
6184,0.000283,172.217.194.0-255,5020,42397,64,330154
6185,0.000285,172.31.40.0-255,66,42463,64,330154
6186,0.00031,172.217.194.0-255,409,42872,64,330154
6187,0.000312,172.31.40.0-255,66,42938,64,330154
6188,0.000382,172.217.194.0-255,1484,44422,64,330154
6189,0.000385,172.31.40.0-255,66,44488,64,330154
6190,0.00039,172.217.194.0-255,2902,47390,64,330154
6191,0.000392,172.31.40.0-255,66,47456,64,330154
6192,0.000423,172.217.194.0-255,5738,53194,64,330154
6193,0.000426,172.31.40.0-255,66,53260,64,330154
6194,0.000431,172.217.194.0-255,2902,56162,64,330154
6195,0.000433,172.31.40.0-255,66,56228,64,330154
6196,0.000459,172.217.194.0-255,7156,63384,64,330154
6197,0.000463,172.31.40.0-255,66,63450,64,330154
6198,0.000485,172.217.194.0-255,5738,69188,64,330154
6199,0.000488,172.31.40.0-255,66,69254,64,330154
6200,0.000526,172.31.40.0-255,66,69320,64,330154
6201,0.00071,172.217.194.0-255,1484,70804,64,330154
6202,0.000717,172.217.194.0-255,2902,73706,64,330154
6203,0.000721,172.31.40.0-255,66,73772,64,330154
6204,0.000752,172.217.194.0-255,5738,79510,64,330154
6205,0.000755,172.31.40.0-255,66,79576,64,330154
6206,0.000781,172.217.194.0-255,1484,81060,64,330154
6207,0.000807,172.217.194.0-255,5379,86439,64,330154
6208,0.000811,172.31.40.0-255,66,86505,64,330154
6209,0.001282,172.217.194.0-255,1484,87989,64,330154
6210,0.001289,172.217.194.0-255,2902,90891,64,330154
6211,0.001293,172.31.40.0-255,66,90957,64,330154
6212,0.001326,172.217.194.0-255,5738,96695,64,330154
6213,0.001329,172.31.40.0-255,66,96761,64,330154
6214,0.001335,172.217.194.0-255,5738,102499,64,330154
6215,0.001338,172.31.40.0-255,66,102565,64,330154
6216,0.001375,172.217.194.0-255,7156,109721,64,330154
6217,0.001379,172.31.40.0-255,66,109787,64,330154
6218,0.001395,172.31.40.0-255,66,109853,64,330154
6219,0.001833,172.217.194.0-255,1484,111337,64,330154
6220,0.001838,172.217.194.0-255,2902,114239,64,330154
6221,0.001842,172.31.40.0-255,66,114305,64,330154
6222,0.001846,172.217.194.0-255,1484,115789,64,330154
6223,0.001879,172.217.194.0-255,4320,120109,64,330154
6224,0.001881,172.31.40.0-255,66,120175,64,330154
6225,0.001898,172.31.40.0-255,66,120241,64,330154
6226,0.001901,172.217.194.0-255,1484,121725,64,330154
6227,0.001933,172.31.40.0-255,66,121791,64,330154
6228,0.002444,172.217.194.0-255,1484,123275,64,330154
6229,0.002451,172.217.194.0-255,2902,126177,64,330154
6230,0.002455,172.31.40.0-255,66,126243,64,330154
6231,0.002459,172.217.194.0-255,1484,127727,64,330154
6232,0.002484,172.217.194.0-255,4320,132047,64,330154
6233,0.002486,172.31.40.0-255,66,132113,64,330154
6234,0.00249,172.217.194.0-255,2902,135015,64,330154
6235,0.002492,172.31.40.0-255,66,135081,64,330154
6236,0.002528,172.31.40.0-255,66,135147,64,330154
6237,0.002567,172.31.40.0-255,66,135213,64,330154
6238,0.005105,172.217.194.0-255,5738,140951,64,330154
6239,0.005112,172.31.40.0-255,66,141017,64,330154
6240,0.007642,172.217.194.0-255,5738,146755,64,330154
6241,0.007648,172.31.40.0-255,66,146821,64,330154
6242,0.010197,172.217.194.0-255,5738,152559,64,330154
6243,0.010207,172.31.40.0-255,66,152625,64,330154
6244,0.01276,172.217.194.0-255,5738,158363,64,330154
6245,0.012772,172.31.40.0-255,66,158429,64,330154
6246,0.015326,172.217.194.0-255,5738,164167,64,330154
6247,0.015338,172.31.40.0-255,66,164233,64,330154
6248,0.017897,172.217.194.0-255,5738,169971,64,330154
6249,0.01791,172.31.40.0-255,66,170037,64,330154
6250,0.020485,172.217.194.0-255,5738,175775,64,330154
6251,0.020503,172.31.40.0-255,66,175841,64,330154
6252,0.023069,172.217.194.0-255,5738,181579,64,330154
6253,0.023085,172.31.40.0-255,66,181645,64,330154
6254,0.025631,172.217.194.0-255,5738,187383,64,330154
6255,0.025652,172.31.40.0-255,66,187449,64,330154
6256,0.028182,172.217.194.0-255,5738,193187,64,330154
6257,0.028196,172.31.40.0-255,66,193253,64,330154
6258,0.03073,172.217.194.0-255,5738,198991,64,330154
6259,0.030737,172.31.40.0-255,66,199057,64,330154
6260,0.033298,172.217.194.0-255,5738,204795,64,330154
6261,0.033316,172.31.40.0-255,66,204861,64,330154
6262,0.035864,172.217.194.0-255,5738,210599,64,330154
6263,0.035875,172.31.40.0-255,66,210665,64,330154
6264,0.038431,172.31.40.0-255,167,210832,64,330154
6265,0.038474,172.217.194.0-255,5738,216570,64,330154
6266,0.038481,172.31.40.0-255,66,216636,64,330154
6267,0.038512,172.31.40.0-255,1107,217743,64,330154
6268,0.038576,172.31.40.0-255,1514,219257,64,330154
6269,0.038596,172.31.40.0-255,338,219595,64,330154
6270,0.039956,104.244.42.0-255,66,219661,64,330154
6271,0.040042,104.244.42.0-255,66,219727,64,330154
6272,0.04014,104.244.42.0-255,66,219793,64,330154
6273,0.041003,172.217.194.0-255,5738,225531,64,330154
6274,0.041009,172.31.40.0-255,66,225597,64,330154
6275,0.043576,172.217.194.0-255,5738,231335,64,330154
6276,0.043585,172.31.40.0-255,66,231401,64,330154
6277,0.046127,172.217.194.0-255,5738,237139,64,330154
6278,0.046134,172.31.40.0-255,66,237205,64,330154
6279,0.048685,172.217.194.0-255,5738,242943,64,330154
6280,0.048693,172.31.40.0-255,66,243009,64,330154
6281,0.051246,172.217.194.0-255,5738,248747,64,330154
6282,0.051253,172.31.40.0-255,66,248813,64,330154
6283,0.053813,172.217.194.0-255,5738,254551,64,330154
6284,0.053821,172.31.40.0-255,66,254617,64,330154
6285,0.056356,172.217.194.0-255,5738,260355,64,330154
6286,0.056363,172.31.40.0-255,66,260421,64,330154
6287,0.058903,172.217.194.0-255,5738,266159,64,330154
6288,0.058911,172.31.40.0-255,66,266225,64,330154
6289,0.061463,172.217.194.0-255,5738,271963,64,330154
6290,0.06147,172.31.40.0-255,66,272029,64,330154
6291,0.06401,172.217.194.0-255,5738,277767,64,330154
6292,0.064017,172.31.40.0-255,66,277833,64,330154
6293,0.066574,172.217.194.0-255,5738,283571,64,330154
6294,0.066582,172.31.40.0-255,66,283637,64,330154
6295,0.069176,172.217.194.0-255,5738,289375,64,330154
6296,0.069183,172.31.40.0-255,66,289441,64,330154
6297,0.07172,172.217.194.0-255,5738,295179,64,330154
6298,0.071726,172.31.40.0-255,66,295245,64,330154
6299,0.074268,172.217.194.0-255,5738,300983,64,330154
6300,0.074274,172.31.40.0-255,66,301049,64,330154
6301,0.076808,172.217.194.0-255,5738,306787,64,330154
6302,0.076817,172.31.40.0-255,66,306853,64,330154
6303,0.079373,172.217.194.0-255,5738,312591,64,330154
6304,0.07938,172.31.40.0-255,66,312657,64,330154
6305,0.081924,172.217.194.0-255,5738,318395,64,330154
6306,0.081931,172.31.40.0-255,66,318461,64,330154
6307,0.084489,172.217.194.0-255,5738,324199,64,330154
6308,0.084495,172.31.40.0-255,66,324265,64,330154
6309,0.087034,172.217.194.0-255,5652,329917,64,330154
6310,0.087041,172.31.40.0-255,66,329983,64,330154
6311,0.087296,172.31.40.0-255,105,330088,64,330154
6312,0.089826,172.217.194.0-255,66,330154,64,330154
6313,0.0,172.217.194.0-255,153,153,64,181769
6314,1.5e-05,172.31.40.0-255,66,219,64,181769
6315,2.1e-05,172.217.194.0-255,1484,1703,64,181769
6316,2.5e-05,172.31.40.0-255,66,1769,64,181769
6317,3.1e-05,172.217.194.0-255,2902,4671,64,181769
6318,4.2e-05,172.31.40.0-255,66,4737,64,181769
6319,4.9e-05,172.217.194.0-255,7156,11893,64,181769
6320,5.3e-05,172.31.40.0-255,66,11959,64,181769
6321,8.5e-05,172.217.194.0-255,2027,13986,64,181769
6322,8.8e-05,172.31.40.0-255,66,14052,64,181769
6323,9.3e-05,172.217.194.0-255,2902,16954,64,181769
6324,9.6e-05,172.31.40.0-255,66,17020,64,181769
6325,0.000127,172.217.194.0-255,7156,24176,64,181769
6326,0.00013,172.31.40.0-255,66,24242,64,181769
6327,0.000135,172.217.194.0-255,4320,28562,64,181769
6328,0.000137,172.31.40.0-255,66,28628,64,181769
6329,0.000176,172.217.194.0-255,2543,31171,64,181769
6330,0.000179,172.31.40.0-255,66,31237,64,181769
6331,0.000393,172.217.194.0-255,1484,32721,64,181769
6332,0.000398,172.31.40.0-255,66,32787,64,181769
6333,0.000404,172.217.194.0-255,2902,35689,64,181769
6334,0.000407,172.31.40.0-255,66,35755,64,181769
6335,0.000434,172.217.194.0-255,5738,41493,64,181769
6336,0.000437,172.31.40.0-255,66,41559,64,181769
6337,0.000467,172.217.194.0-255,6797,48356,64,181769
6338,0.00047,172.31.40.0-255,66,48422,64,181769
6339,0.000473,172.217.194.0-255,1484,49906,64,181769
6340,0.000475,172.31.40.0-255,66,49972,64,181769
6341,0.000506,172.217.194.0-255,5738,55710,64,181769
6342,0.000509,172.31.40.0-255,66,55776,64,181769
6343,0.000523,172.217.194.0-255,7156,62932,64,181769
6344,0.000525,172.31.40.0-255,66,62998,64,181769
6345,0.000549,172.217.194.0-255,2801,65799,64,181769
6346,0.000552,172.31.40.0-255,66,65865,64,181769
6347,0.00064,172.217.194.0-255,117,65982,64,181769
6348,0.000673,172.217.194.0-255,377,66359,64,181769
6349,0.001447,172.217.194.0-255,1484,67843,64,181769
6350,0.001455,172.31.40.0-255,66,67909,64,181769
6351,0.001462,172.217.194.0-255,2902,70811,64,181769
6352,0.001464,172.31.40.0-255,66,70877,64,181769
6353,0.001475,172.217.194.0-255,5738,76615,64,181769
6354,0.001477,172.31.40.0-255,66,76681,64,181769
6355,0.001481,172.217.194.0-255,1484,78165,64,181769
6356,0.001524,172.31.40.0-255,66,78231,64,181769
6357,0.001537,172.31.40.0-255,66,78297,64,181769
6358,0.002474,172.217.194.0-255,1484,79781,64,181769
6359,0.002482,172.217.194.0-255,2902,82683,64,181769
6360,0.002487,172.31.40.0-255,66,82749,64,181769
6361,0.002519,172.217.194.0-255,5738,88487,64,181769
6362,0.002521,172.31.40.0-255,66,88553,64,181769
6363,0.002579,172.217.194.0-255,1484,90037,64,181769
6364,0.002593,172.217.194.0-255,2902,92939,64,181769
6365,0.002595,172.31.40.0-255,66,93005,64,181769
6366,0.002601,172.217.194.0-255,5738,98743,64,181769
6367,0.002604,172.31.40.0-255,66,98809,64,181769
6368,0.002614,172.217.194.0-255,2902,101711,64,181769
6369,0.002616,172.31.40.0-255,66,101777,64,181769
6370,0.002653,172.31.40.0-255,66,101843,64,181769
6371,0.002656,172.217.194.0-255,766,102609,64,181769
6372,0.002955,172.217.194.0-255,1484,104093,64,181769
6373,0.002957,172.31.40.0-255,66,104159,64,181769
6374,0.002985,172.217.194.0-255,2902,107061,64,181769
6375,0.002987,172.31.40.0-255,66,107127,64,181769
6376,0.003018,172.217.194.0-255,5738,112865,64,181769
6377,0.003021,172.31.40.0-255,66,112931,64,181769
6378,0.003059,172.31.40.0-255,66,112997,64,181769
6379,0.003085,172.217.194.0-255,5738,118735,64,181769
6380,0.003088,172.31.40.0-255,66,118801,64,181769
6381,0.003117,172.217.194.0-255,5020,123821,64,181769
6382,0.003119,172.31.40.0-255,66,123887,64,181769
6383,0.003184,172.217.194.0-255,1484,125371,64,181769
6384,0.003198,172.217.194.0-255,2902,128273,64,181769
6385,0.0032,172.31.40.0-255,66,128339,64,181769
6386,0.003205,172.217.194.0-255,4320,132659,64,181769
6387,0.003208,172.31.40.0-255,66,132725,64,181769
6388,0.00323,172.217.194.0-255,1484,134209,64,181769
6389,0.003248,172.31.40.0-255,66,134275,64,181769
6390,0.003297,172.31.40.0-255,66,134341,64,181769
6391,0.003336,172.217.194.0-255,1484,135825,64,181769
6392,0.003341,172.217.194.0-255,2902,138727,64,181769
6393,0.003343,172.31.40.0-255,66,138793,64,181769
6394,0.003364,172.217.194.0-255,5738,144531,64,181769
6395,0.003366,172.31.40.0-255,66,144597,64,181769
6396,0.003396,172.31.40.0-255,66,144663,64,181769
6397,0.003403,172.217.194.0-255,7156,151819,64,181769
6398,0.003405,172.31.40.0-255,66,151885,64,181769
6399,0.003429,172.217.194.0-255,2902,154787,64,181769
6400,0.003431,172.31.40.0-255,66,154853,64,181769
6401,0.00347,172.31.40.0-255,66,154919,64,181769
6402,0.00351,172.31.40.0-255,66,154985,64,181769
6403,0.003521,172.31.40.0-255,66,155051,64,181769
6404,0.003586,172.31.40.0-255,66,155117,64,181769
6405,0.003606,172.31.40.0-255,66,155183,64,181769
6406,0.003629,172.31.40.0-255,66,155249,64,181769
6407,0.003647,172.31.40.0-255,66,155315,64,181769
6408,0.003651,172.217.194.0-255,2184,157499,64,181769
6409,0.003653,172.31.40.0-255,66,157565,64,181769
6410,0.00368,172.217.194.0-255,5738,163303,64,181769
6411,0.003682,172.31.40.0-255,66,163369,64,181769
6412,0.00372,172.31.40.0-255,66,163435,64,181769
6413,0.003741,172.31.40.0-255,66,163501,64,181769
6414,0.003746,172.217.194.0-255,3602,167103,64,181769
6415,0.003748,172.31.40.0-255,66,167169,64,181769
6416,0.003827,172.217.194.0-255,4320,171489,64,181769
6417,0.003845,172.217.194.0-255,2771,174260,64,181769
6418,0.003848,172.217.194.0-255,105,174365,64,181769
6419,0.004193,172.31.40.0-255,66,174431,64,181769
6420,0.010005,172.31.40.0-255,105,174536,64,181769
6421,0.012504,172.217.194.0-255,66,174602,64,181769
6422,0.032509,172.31.40.0-255,172,174774,64,181769
6423,0.032537,172.31.40.0-255,1112,175886,64,181769
6424,0.032591,172.31.40.0-255,1514,177400,64,181769
6425,0.032593,172.31.40.0-255,1514,178914,64,181769
6426,0.032598,172.31.40.0-255,1514,180428,64,181769
6427,0.032599,172.31.40.0-255,1077,181505,64,181769
6428,0.034084,104.244.42.0-255,66,181571,64,181769
6429,0.034109,104.244.42.0-255,66,181637,64,181769
6430,0.034132,104.244.42.0-255,66,181703,64,181769
6431,0.03415,104.244.42.0-255,66,181769,64,181769
6432,0.0,74.125.24.0-255,153,153,64,336884
6433,2.1e-05,172.31.40.0-255,66,219,64,336884
6434,2.8e-05,74.125.24.0-255,1484,1703,64,336884
6435,3.2e-05,172.31.40.0-255,66,1769,64,336884
6436,4.9e-05,74.125.24.0-255,2902,4671,64,336884
6437,5.2e-05,172.31.40.0-255,66,4737,64,336884
6438,5.9e-05,74.125.24.0-255,5738,10475,64,336884
6439,6.1e-05,172.31.40.0-255,66,10541,64,336884
6440,7.9e-05,74.125.24.0-255,1484,12025,64,336884
6441,8.1e-05,172.31.40.0-255,66,12091,64,336884
6442,8.6e-05,74.125.24.0-255,2126,14217,64,336884
6443,8.8e-05,172.31.40.0-255,66,14283,64,336884
6444,0.001055,74.125.24.0-255,1484,15767,64,336884
6445,0.001063,172.31.40.0-255,66,15833,64,336884
6446,0.001073,74.125.24.0-255,2902,18735,64,336884
6447,0.001075,172.31.40.0-255,66,18801,64,336884
6448,0.001082,74.125.24.0-255,5738,24539,64,336884
6449,0.001085,172.31.40.0-255,66,24605,64,336884
6450,0.00109,74.125.24.0-255,2902,27507,64,336884
6451,0.001092,172.31.40.0-255,66,27573,64,336884
6452,0.001141,74.125.24.0-255,1484,29057,64,336884
6453,0.001144,172.31.40.0-255,66,29123,64,336884
6454,0.001171,172.31.40.0-255,66,29189,64,336884
6455,0.001182,172.31.40.0-255,66,29255,64,336884
6456,0.00121,74.125.24.0-255,2902,32157,64,336884
6457,0.001212,172.31.40.0-255,66,32223,64,336884
6458,0.001219,74.125.24.0-255,7156,39379,64,336884
6459,0.001222,172.31.40.0-255,66,39445,64,336884
6460,0.00124,74.125.24.0-255,4320,43765,64,336884
6461,0.001242,172.31.40.0-255,66,43831,64,336884
6462,0.001256,74.125.24.0-255,3602,47433,64,336884
6463,0.001258,172.31.40.0-255,66,47499,64,336884
6464,0.001785,74.125.24.0-255,646,48145,64,336884
6465,0.001965,74.125.24.0-255,1484,49629,64,336884
6466,0.001968,172.31.40.0-255,66,49695,64,336884
6467,0.001974,74.125.24.0-255,2902,52597,64,336884
6468,0.001976,172.31.40.0-255,66,52663,64,336884
6469,0.001999,74.125.24.0-255,5738,58401,64,336884
6470,0.002002,172.31.40.0-255,66,58467,64,336884
6471,0.002022,74.125.24.0-255,7156,65623,64,336884
6472,0.002025,172.31.40.0-255,66,65689,64,336884
6473,0.002046,74.125.24.0-255,2902,68591,64,336884
6474,0.002048,172.31.40.0-255,66,68657,64,336884
6475,0.002055,74.125.24.0-255,7156,75813,64,336884
6476,0.002058,172.31.40.0-255,66,75879,64,336884
6477,0.002074,74.125.24.0-255,6438,82317,64,336884
6478,0.002076,172.31.40.0-255,66,82383,64,336884
6479,0.002145,74.125.24.0-255,1484,83867,64,336884
6480,0.002172,74.125.24.0-255,2902,86769,64,336884
6481,0.002175,172.31.40.0-255,66,86835,64,336884
6482,0.002213,74.125.24.0-255,4320,91155,64,336884
6483,0.002216,172.31.40.0-255,66,91221,64,336884
6484,0.002233,74.125.24.0-255,1484,92705,64,336884
6485,0.002252,74.125.24.0-255,4320,97025,64,336884
6486,0.002254,172.31.40.0-255,66,97091,64,336884
6487,0.002329,74.125.24.0-255,1484,98575,64,336884
6488,0.002347,74.125.24.0-255,2902,101477,64,336884
6489,0.00235,172.31.40.0-255,66,101543,64,336884
6490,0.002353,74.125.24.0-255,1484,103027,64,336884
6491,0.002357,74.125.24.0-255,2902,105929,64,336884
6492,0.00236,172.31.40.0-255,66,105995,64,336884
6493,0.002386,74.125.24.0-255,5738,111733,64,336884
6494,0.002389,172.31.40.0-255,66,111799,64,336884
6495,0.002424,74.125.24.0-255,5020,116819,64,336884
6496,0.002427,172.31.40.0-255,66,116885,64,336884
6497,0.002588,74.125.24.0-255,1484,118369,64,336884
6498,0.002591,74.125.24.0-255,1484,119853,64,336884
6499,0.002593,172.31.40.0-255,66,119919,64,336884
6500,0.002609,74.125.24.0-255,1484,121403,64,336884
6501,0.002614,74.125.24.0-255,4320,125723,64,336884
6502,0.002617,172.31.40.0-255,66,125789,64,336884
6503,0.00526,74.125.24.0-255,5738,131527,64,336884
6504,0.005267,172.31.40.0-255,66,131593,64,336884
6505,0.007902,74.125.24.0-255,5738,137331,64,336884
6506,0.00791,172.31.40.0-255,66,137397,64,336884
6507,0.010565,74.125.24.0-255,5738,143135,64,336884
6508,0.010573,172.31.40.0-255,66,143201,64,336884
6509,0.013228,74.125.24.0-255,5738,148939,64,336884
6510,0.013238,172.31.40.0-255,66,149005,64,336884
6511,0.015852,74.125.24.0-255,5738,154743,64,336884
6512,0.01586,172.31.40.0-255,66,154809,64,336884
6513,0.018501,74.125.24.0-255,5738,160547,64,336884
6514,0.018511,172.31.40.0-255,66,160613,64,336884
6515,0.019952,172.31.40.0-255,172,160785,64,336884
6516,0.01998,172.31.40.0-255,1107,161892,64,336884
6517,0.020034,172.31.40.0-255,1514,163406,64,336884
6518,0.020035,172.31.40.0-255,338,163744,64,336884
6519,0.021122,74.125.24.0-255,5738,169482,64,336884
6520,0.021129,172.31.40.0-255,66,169548,64,336884
6521,0.02147,104.244.42.0-255,66,169614,64,336884
6522,0.021528,104.244.42.0-255,66,169680,64,336884
6523,0.021619,104.244.42.0-255,66,169746,64,336884
6524,0.022338,104.244.42.0-255,108,169854,64,336884
6525,0.022344,172.31.40.0-255,66,169920,64,336884
6526,0.023727,74.125.24.0-255,5738,175658,64,336884
6527,0.023733,172.31.40.0-255,66,175724,64,336884
6528,0.026348,74.125.24.0-255,5738,181462,64,336884
6529,0.026353,172.31.40.0-255,66,181528,64,336884
6530,0.028975,74.125.24.0-255,5738,187266,64,336884
6531,0.028981,172.31.40.0-255,66,187332,64,336884
6532,0.031594,74.125.24.0-255,5738,193070,64,336884
6533,0.0316,172.31.40.0-255,66,193136,64,336884
6534,0.034209,74.125.24.0-255,5738,198874,64,336884
6535,0.034215,172.31.40.0-255,66,198940,64,336884
6536,0.036846,74.125.24.0-255,5738,204678,64,336884
6537,0.036852,172.31.40.0-255,66,204744,64,336884
6538,0.039491,74.125.24.0-255,5738,210482,64,336884
6539,0.0395,172.31.40.0-255,66,210548,64,336884
6540,0.042133,74.125.24.0-255,5738,216286,64,336884
6541,0.042139,172.31.40.0-255,66,216352,64,336884
6542,0.044765,74.125.24.0-255,5738,222090,64,336884
6543,0.044772,172.31.40.0-255,66,222156,64,336884
6544,0.047399,74.125.24.0-255,4320,226476,64,336884
6545,0.047404,172.31.40.0-255,66,226542,64,336884
6546,0.047421,74.125.24.0-255,1484,228026,64,336884
6547,0.050013,74.125.24.0-255,4320,232346,64,336884
6548,0.05002,172.31.40.0-255,66,232412,64,336884
6549,0.052654,74.125.24.0-255,5738,238150,64,336884
6550,0.05266,172.31.40.0-255,66,238216,64,336884
6551,0.055303,74.125.24.0-255,5738,243954,64,336884
6552,0.055319,172.31.40.0-255,66,244020,64,336884
6553,0.057944,74.125.24.0-255,5738,249758,64,336884
6554,0.057951,172.31.40.0-255,66,249824,64,336884
6555,0.06056,74.125.24.0-255,5738,255562,64,336884
6556,0.060568,172.31.40.0-255,66,255628,64,336884
6557,0.063219,74.125.24.0-255,5738,261366,64,336884
6558,0.063226,172.31.40.0-255,66,261432,64,336884
6559,0.065845,74.125.24.0-255,5738,267170,64,336884
6560,0.065852,172.31.40.0-255,66,267236,64,336884
6561,0.068492,74.125.24.0-255,5738,272974,64,336884
6562,0.068499,172.31.40.0-255,66,273040,64,336884
6563,0.071122,74.125.24.0-255,5738,278778,64,336884
6564,0.071129,172.31.40.0-255,66,278844,64,336884
6565,0.073747,74.125.24.0-255,5738,284582,64,336884
6566,0.073754,172.31.40.0-255,66,284648,64,336884
6567,0.076389,74.125.24.0-255,5738,290386,64,336884
6568,0.076396,172.31.40.0-255,66,290452,64,336884
6569,0.078998,74.125.24.0-255,5738,296190,64,336884
6570,0.079005,172.31.40.0-255,66,296256,64,336884
6571,0.081622,74.125.24.0-255,5738,301994,64,336884
6572,0.08163,172.31.40.0-255,66,302060,64,336884
6573,0.084249,74.125.24.0-255,5738,307798,64,336884
6574,0.084256,172.31.40.0-255,66,307864,64,336884
6575,0.086864,74.125.24.0-255,5738,313602,64,336884
6576,0.086872,172.31.40.0-255,66,313668,64,336884
6577,0.08951,74.125.24.0-255,5738,319406,64,336884
6578,0.089516,172.31.40.0-255,66,319472,64,336884
6579,0.092137,74.125.24.0-255,5738,325210,64,336884
6580,0.092142,172.31.40.0-255,66,325276,64,336884
6581,0.094773,74.125.24.0-255,5738,331014,64,336884
6582,0.09478,172.31.40.0-255,66,331080,64,336884
6583,0.097428,74.125.24.0-255,5738,336818,64,336884
6584,0.097435,172.31.40.0-255,66,336884,64,336884
6585,0.0,172.217.194.0-255,152,152,64,253967
6586,1.4e-05,172.31.40.0-255,66,218,64,253967
6587,2.1e-05,172.217.194.0-255,1484,1702,64,253967
6588,2.5e-05,172.31.40.0-255,66,1768,64,253967
6589,3.2e-05,172.217.194.0-255,2902,4670,64,253967
6590,3.7e-05,172.31.40.0-255,66,4736,64,253967
6591,4.4e-05,172.217.194.0-255,7156,11892,64,253967
6592,4.7e-05,172.31.40.0-255,66,11958,64,253967
6593,7.6e-05,172.217.194.0-255,4866,16824,64,253967
6594,7.8e-05,172.31.40.0-255,66,16890,64,253967
6595,9.2e-05,172.217.194.0-255,4320,21210,64,253967
6596,9.5e-05,172.31.40.0-255,66,21276,64,253967
6597,0.00013,172.31.40.0-255,66,21342,64,253967
6598,0.000162,172.217.194.0-255,1484,22826,64,253967
6599,0.000164,172.31.40.0-255,66,22892,64,253967
6600,0.000169,172.217.194.0-255,2902,25794,64,253967
6601,0.000172,172.31.40.0-255,66,25860,64,253967
6602,0.00019,172.217.194.0-255,5738,31598,64,253967
6603,0.000193,172.31.40.0-255,66,31664,64,253967
6604,0.000219,172.217.194.0-255,7156,38820,64,253967
6605,0.000222,172.31.40.0-255,66,38886,64,253967
6606,0.000242,172.217.194.0-255,2543,41429,64,253967
6607,0.000245,172.31.40.0-255,66,41495,64,253967
6608,0.000262,172.217.194.0-255,4320,45815,64,253967
6609,0.000265,172.31.40.0-255,66,45881,64,253967
6610,0.000294,172.31.40.0-255,66,45947,64,253967
6611,0.000297,172.217.194.0-255,99,46046,64,253967
6612,0.000299,172.31.40.0-255,66,46112,64,253967
6613,0.000356,172.217.194.0-255,1484,47596,64,253967
6614,0.000359,172.31.40.0-255,66,47662,64,253967
6615,0.000365,172.217.194.0-255,2902,50564,64,253967
6616,0.000367,172.31.40.0-255,66,50630,64,253967
6617,0.000381,172.217.194.0-255,4320,54950,64,253967
6618,0.000384,172.31.40.0-255,66,55016,64,253967
6619,0.000401,172.217.194.0-255,1484,56500,64,253967
6620,0.000409,172.217.194.0-255,7156,63656,64,253967
6621,0.000412,172.31.40.0-255,66,63722,64,253967
6622,0.000438,172.217.194.0-255,6797,70519,64,253967
6623,0.000441,172.31.40.0-255,66,70585,64,253967
6624,0.000452,172.31.40.0-255,66,70651,64,253967
6625,0.00125,172.217.194.0-255,1484,72135,64,253967
6626,0.001257,172.217.194.0-255,2902,75037,64,253967
6627,0.001261,172.31.40.0-255,66,75103,64,253967
6628,0.001265,172.217.194.0-255,1484,76587,64,253967
6629,0.001286,172.217.194.0-255,4320,80907,64,253967
6630,0.001289,172.31.40.0-255,66,80973,64,253967
6631,0.001295,172.217.194.0-255,5738,86711,64,253967
6632,0.001297,172.31.40.0-255,66,86777,64,253967
6633,0.001301,172.217.194.0-255,2902,89679,64,253967
6634,0.001303,172.31.40.0-255,66,89745,64,253967
6635,0.001346,172.31.40.0-255,66,89811,64,253967
6636,0.001353,172.217.194.0-255,5020,94831,64,253967
6637,0.001355,172.31.40.0-255,66,94897,64,253967
6638,0.001402,172.217.194.0-255,1484,96381,64,253967
6639,0.001407,172.217.194.0-255,2902,99283,64,253967
6640,0.00141,172.31.40.0-255,66,99349,64,253967
6641,0.001416,172.217.194.0-255,5738,105087,64,253967
6642,0.001418,172.31.40.0-255,66,105153,64,253967
6643,0.001433,172.217.194.0-255,2902,108055,64,253967
6644,0.001436,172.31.40.0-255,66,108121,64,253967
6645,0.001451,172.217.194.0-255,7156,115277,64,253967
6646,0.001455,172.31.40.0-255,66,115343,64,253967
6647,0.001492,172.217.194.0-255,2902,118245,64,253967
6648,0.001495,172.31.40.0-255,66,118311,64,253967
6649,0.001522,172.31.40.0-255,66,118377,64,253967
6650,0.001546,172.217.194.0-255,2184,120561,64,253967
6651,0.001549,172.31.40.0-255,66,120627,64,253967
6652,0.001557,172.217.194.0-255,7156,127783,64,253967
6653,0.001559,172.31.40.0-255,66,127849,64,253967
6654,0.001569,172.31.40.0-255,66,127915,64,253967
6655,0.001604,172.31.40.0-255,66,127981,64,253967
6656,0.001607,172.217.194.0-255,766,128747,64,253967
6657,0.001647,172.217.194.0-255,5738,134485,64,253967
6658,0.00165,172.31.40.0-255,66,134551,64,253967
6659,0.001677,172.217.194.0-255,7156,141707,64,253967
6660,0.001681,172.31.40.0-255,66,141773,64,253967
6661,0.001695,172.31.40.0-255,66,141839,64,253967
6662,0.001725,172.217.194.0-255,6737,148576,64,253967
6663,0.001727,172.31.40.0-255,66,148642,64,253967
6664,0.001861,172.217.194.0-255,1484,150126,64,253967
6665,0.001879,172.217.194.0-255,2902,153028,64,253967
6666,0.001883,172.31.40.0-255,66,153094,64,253967
6667,0.001889,172.217.194.0-255,4320,157414,64,253967
6668,0.001891,172.31.40.0-255,66,157480,64,253967
6669,0.001926,172.217.194.0-255,4320,161800,64,253967
6670,0.001929,172.31.40.0-255,66,161866,64,253967
6671,0.001974,172.217.194.0-255,4320,166186,64,253967
6672,0.001978,172.31.40.0-255,66,166252,64,253967
6673,0.00199,172.31.40.0-255,66,166318,64,253967
6674,0.001994,172.217.194.0-255,2902,169220,64,253967
6675,0.001996,172.31.40.0-255,66,169286,64,253967
6676,0.002027,172.217.194.0-255,5020,174306,64,253967
6677,0.002031,172.31.40.0-255,66,174372,64,253967
6678,0.002337,172.217.194.0-255,1484,175856,64,253967
6679,0.002344,172.217.194.0-255,2902,178758,64,253967
6680,0.002347,172.31.40.0-255,66,178824,64,253967
6681,0.002367,172.217.194.0-255,4320,183144,64,253967
6682,0.00237,172.31.40.0-255,66,183210,64,253967
6683,0.002394,172.217.194.0-255,1484,184694,64,253967
6684,0.0024,172.217.194.0-255,2902,187596,64,253967
6685,0.002402,172.31.40.0-255,66,187662,64,253967
6686,0.002405,172.217.194.0-255,1484,189146,64,253967
6687,0.002411,172.217.194.0-255,4320,193466,64,253967
6688,0.002413,172.31.40.0-255,66,193532,64,253967
6689,0.002428,172.217.194.0-255,1484,195016,64,253967
6690,0.002431,172.217.194.0-255,1484,196500,64,253967
6691,0.002433,172.31.40.0-255,66,196566,64,253967
6692,0.002436,172.217.194.0-255,1484,198050,64,253967
6693,0.002449,172.217.194.0-255,2902,200952,64,253967
6694,0.002451,172.31.40.0-255,66,201018,64,253967
6695,0.002478,172.217.194.0-255,5738,206756,64,253967
6696,0.002481,172.31.40.0-255,66,206822,64,253967
6697,0.002501,172.217.194.0-255,2184,209006,64,253967
6698,0.002504,172.31.40.0-255,66,209072,64,253967
6699,0.002598,172.217.194.0-255,1484,210556,64,253967
6700,0.002602,172.217.194.0-255,1484,212040,64,253967
6701,0.002605,172.31.40.0-255,66,212106,64,253967
6702,0.002632,172.217.194.0-255,4320,216426,64,253967
6703,0.002635,172.31.40.0-255,66,216492,64,253967
6704,0.002638,172.217.194.0-255,1484,217976,64,253967
6705,0.00267,172.31.40.0-255,66,218042,64,253967
6706,0.002725,172.217.194.0-255,1484,219526,64,253967
6707,0.002741,172.217.194.0-255,5020,224546,64,253967
6708,0.002746,172.31.40.0-255,66,224612,64,253967
6709,0.002754,172.31.40.0-255,66,224678,64,253967
6710,0.00276,172.217.194.0-255,5738,230416,64,253967
6711,0.002763,172.31.40.0-255,66,230482,64,253967
6712,0.002797,172.31.40.0-255,66,230548,64,253967
6713,0.00281,172.31.40.0-255,66,230614,64,253967
6714,0.002821,172.31.40.0-255,66,230680,64,253967
6715,0.002827,172.217.194.0-255,4320,235000,64,253967
6716,0.002829,172.31.40.0-255,66,235066,64,253967
6717,0.002856,172.217.194.0-255,5738,240804,64,253967
6718,0.002859,172.31.40.0-255,66,240870,64,253967
6719,0.002862,172.217.194.0-255,1484,242354,64,253967
6720,0.002893,172.31.40.0-255,66,242420,64,253967
6721,0.002908,172.217.194.0-255,1484,243904,64,253967
6722,0.002929,172.217.194.0-255,5324,249228,64,253967
6723,0.002932,172.31.40.0-255,66,249294,64,253967
6724,0.003014,172.217.194.0-255,105,249399,64,253967
6725,0.013197,172.31.40.0-255,66,249465,64,253967
6726,0.013252,172.31.40.0-255,105,249570,64,253967
6727,0.015521,172.217.194.0-255,66,249636,64,253967
6728,0.055536,172.31.40.0-255,171,249807,64,253967
6729,0.055569,172.31.40.0-255,1136,250943,64,253967
6730,0.055632,172.31.40.0-255,1514,252457,64,253967
6731,0.055634,172.31.40.0-255,1312,253769,64,253967
6732,0.057082,104.244.42.0-255,66,253835,64,253967
6733,0.057114,104.244.42.0-255,66,253901,64,253967
6734,0.057222,104.244.42.0-255,66,253967,64,253967
6735,0.0,74.125.24.0-255,156,156,64,330000
6736,1.6e-05,172.31.40.0-255,66,222,64,330000
6737,2.3e-05,74.125.24.0-255,1484,1706,64,330000
6738,2.8e-05,172.31.40.0-255,66,1772,64,330000
6739,4.6e-05,74.125.24.0-255,1484,3256,64,330000
6740,4.9e-05,172.31.40.0-255,66,3322,64,330000
6741,6.9e-05,74.125.24.0-255,1484,4806,64,330000
6742,7.1e-05,172.31.40.0-255,66,4872,64,330000
6743,8.8e-05,74.125.24.0-255,4320,9192,64,330000
6744,9.2e-05,172.31.40.0-255,66,9258,64,330000
6745,0.000128,74.125.24.0-255,4954,14212,64,330000
6746,0.000131,172.31.40.0-255,66,14278,64,330000
6747,0.000149,74.125.24.0-255,2902,17180,64,330000
6748,0.000152,172.31.40.0-255,66,17246,64,330000
6749,0.000178,74.125.24.0-255,2902,20148,64,330000
6750,0.000181,172.31.40.0-255,66,20214,64,330000
6751,0.000189,74.125.24.0-255,7156,27370,64,330000
6752,0.000191,172.31.40.0-255,66,27436,64,330000
6753,0.000228,74.125.24.0-255,3961,31397,64,330000
6754,0.000231,172.31.40.0-255,66,31463,64,330000
6755,0.000252,74.125.24.0-255,1484,32947,64,330000
6756,0.000255,172.31.40.0-255,66,33013,64,330000
6757,0.000258,74.125.24.0-255,1484,34497,64,330000
6758,0.00026,172.31.40.0-255,66,34563,64,330000
6759,0.000277,74.125.24.0-255,1484,36047,64,330000
6760,0.000279,172.31.40.0-255,66,36113,64,330000
6761,0.000285,74.125.24.0-255,5738,41851,64,330000
6762,0.000288,172.31.40.0-255,66,41917,64,330000
6763,0.00029,74.125.24.0-255,1484,43401,64,330000
6764,0.000293,172.31.40.0-255,66,43467,64,330000
6765,0.000317,74.125.24.0-255,5379,48846,64,330000
6766,0.000319,172.31.40.0-255,66,48912,64,330000
6767,0.000334,172.31.40.0-255,66,48978,64,330000
6768,0.00036,74.125.24.0-255,3961,52939,64,330000
6769,0.000363,172.31.40.0-255,66,53005,64,330000
6770,0.000366,74.125.24.0-255,393,53398,64,330000
6771,0.0008,74.125.24.0-255,113,53511,64,330000
6772,0.000845,74.125.24.0-255,1484,54995,64,330000
6773,0.00085,172.31.40.0-255,66,55061,64,330000
6774,0.000864,74.125.24.0-255,2902,57963,64,330000
6775,0.000867,172.31.40.0-255,66,58029,64,330000
6776,0.000891,74.125.24.0-255,4320,62349,64,330000
6777,0.000893,172.31.40.0-255,66,62415,64,330000
6778,0.000912,74.125.24.0-255,1484,63899,64,330000
6779,0.000919,74.125.24.0-255,7156,71055,64,330000
6780,0.000922,172.31.40.0-255,66,71121,64,330000
6781,0.000946,74.125.24.0-255,5738,76859,64,330000
6782,0.000949,172.31.40.0-255,66,76925,64,330000
6783,0.000962,172.31.40.0-255,66,76991,64,330000
6784,0.000964,74.125.24.0-255,333,77324,64,330000
6785,0.001288,74.125.24.0-255,1484,78808,64,330000
6786,0.001293,172.31.40.0-255,66,78874,64,330000
6787,0.001298,74.125.24.0-255,2902,81776,64,330000
6788,0.0013,172.31.40.0-255,66,81842,64,330000
6789,0.001304,74.125.24.0-255,2902,84744,64,330000
6790,0.001307,172.31.40.0-255,66,84810,64,330000
6791,0.001323,74.125.24.0-255,2902,87712,64,330000
6792,0.001325,172.31.40.0-255,66,87778,64,330000
6793,0.001336,172.31.40.0-255,66,87844,64,330000
6794,0.001357,74.125.24.0-255,4320,92164,64,330000
6795,0.001359,172.31.40.0-255,66,92230,64,330000
6796,0.001382,74.125.24.0-255,1484,93714,64,330000
6797,0.001394,74.125.24.0-255,2902,96616,64,330000
6798,0.001397,172.31.40.0-255,66,96682,64,330000
6799,0.00142,74.125.24.0-255,6438,103120,64,330000
6800,0.001424,172.31.40.0-255,66,103186,64,330000
6801,0.001639,74.125.24.0-255,1484,104670,64,330000
6802,0.001644,74.125.24.0-255,2902,107572,64,330000
6803,0.001647,172.31.40.0-255,66,107638,64,330000
6804,0.001673,74.125.24.0-255,4320,111958,64,330000
6805,0.001675,172.31.40.0-255,66,112024,64,330000
6806,0.001687,74.125.24.0-255,1484,113508,64,330000
6807,0.001692,74.125.24.0-255,4320,117828,64,330000
6808,0.001695,172.31.40.0-255,66,117894,64,330000
6809,0.00173,172.31.40.0-255,66,117960,64,330000
6810,0.001739,172.31.40.0-255,66,118026,64,330000
6811,0.001776,74.125.24.0-255,2184,120210,64,330000
6812,0.001778,172.31.40.0-255,66,120276,64,330000
6813,0.00185,74.125.24.0-255,2902,123178,64,330000
6814,0.001853,172.31.40.0-255,66,123244,64,330000
6815,0.001857,74.125.24.0-255,1484,124728,64,330000
6816,0.001863,74.125.24.0-255,5738,130466,64,330000
6817,0.001865,172.31.40.0-255,66,130532,64,330000
6818,0.00189,74.125.24.0-255,7156,137688,64,330000
6819,0.001892,172.31.40.0-255,66,137754,64,330000
6820,0.001914,74.125.24.0-255,5738,143492,64,330000
6821,0.001917,172.31.40.0-255,66,143558,64,330000
6822,0.001922,74.125.24.0-255,2902,146460,64,330000
6823,0.001924,172.31.40.0-255,66,146526,64,330000
6824,0.001937,74.125.24.0-255,1484,148010,64,330000
6825,0.001953,74.125.24.0-255,2902,150912,64,330000
6826,0.001956,172.31.40.0-255,66,150978,64,330000
6827,0.00197,74.125.24.0-255,3602,154580,64,330000
6828,0.001972,172.31.40.0-255,66,154646,64,330000
6829,0.002112,74.125.24.0-255,1484,156130,64,330000
6830,0.002116,74.125.24.0-255,2902,159032,64,330000
6831,0.002119,172.31.40.0-255,66,159098,64,330000
6832,0.002134,74.125.24.0-255,1484,160582,64,330000
6833,0.002146,74.125.24.0-255,2902,163484,64,330000
6834,0.002148,172.31.40.0-255,66,163550,64,330000
6835,0.002165,74.125.24.0-255,1484,165034,64,330000
6836,0.002169,74.125.24.0-255,2902,167936,64,330000
6837,0.002172,172.31.40.0-255,66,168002,64,330000
6838,0.002199,172.31.40.0-255,66,168068,64,330000
6839,0.002231,74.125.24.0-255,2902,170970,64,330000
6840,0.002234,172.31.40.0-255,66,171036,64,330000
6841,0.002264,172.31.40.0-255,66,171102,64,330000
6842,0.00228,74.125.24.0-255,1484,172586,64,330000
6843,0.002295,74.125.24.0-255,2902,175488,64,330000
6844,0.002297,172.31.40.0-255,66,175554,64,330000
6845,0.0023,74.125.24.0-255,1484,177038,64,330000
6846,0.002317,74.125.24.0-255,2902,179940,64,330000
6847,0.00232,172.31.40.0-255,66,180006,64,330000
6848,0.002335,172.31.40.0-255,66,180072,64,330000
6849,0.002358,74.125.24.0-255,4320,184392,64,330000
6850,0.002361,172.31.40.0-255,66,184458,64,330000
6851,0.002391,172.31.40.0-255,66,184524,64,330000
6852,0.002624,74.125.24.0-255,1484,186008,64,330000
6853,0.002629,74.125.24.0-255,2902,188910,64,330000
6854,0.002633,172.31.40.0-255,66,188976,64,330000
6855,0.002636,74.125.24.0-255,1484,190460,64,330000
6856,0.002656,74.125.24.0-255,4320,194780,64,330000
6857,0.002659,172.31.40.0-255,66,194846,64,330000
6858,0.005172,74.125.24.0-255,5738,200584,64,330000
6859,0.005187,172.31.40.0-255,66,200650,64,330000
6860,0.007549,74.125.24.0-255,4320,204970,64,330000
6861,0.007554,172.31.40.0-255,66,205036,64,330000
6862,0.007567,74.125.24.0-255,1484,206520,64,330000
6863,0.009888,74.125.24.0-255,4320,210840,64,330000
6864,0.009903,172.31.40.0-255,66,210906,64,330000
6865,0.012336,74.125.24.0-255,5738,216644,64,330000
6866,0.012351,172.31.40.0-255,66,216710,64,330000
6867,0.014656,74.125.24.0-255,5738,222448,64,330000
6868,0.014664,172.31.40.0-255,66,222514,64,330000
6869,0.017031,74.125.24.0-255,5738,228252,64,330000
6870,0.017038,172.31.40.0-255,66,228318,64,330000
6871,0.019478,74.125.24.0-255,5738,234056,64,330000
6872,0.019485,172.31.40.0-255,66,234122,64,330000
6873,0.021814,74.125.24.0-255,5738,239860,64,330000
6874,0.021822,172.31.40.0-255,66,239926,64,330000
6875,0.024153,74.125.24.0-255,5738,245664,64,330000
6876,0.024161,172.31.40.0-255,66,245730,64,330000
6877,0.026515,74.125.24.0-255,5738,251468,64,330000
6878,0.026522,172.31.40.0-255,66,251534,64,330000
6879,0.028894,74.125.24.0-255,5738,257272,64,330000
6880,0.028903,172.31.40.0-255,66,257338,64,330000
6881,0.031455,74.125.24.0-255,5738,263076,64,330000
6882,0.031463,172.31.40.0-255,66,263142,64,330000
6883,0.033921,74.125.24.0-255,5738,268880,64,330000
6884,0.033929,172.31.40.0-255,66,268946,64,330000
6885,0.036264,74.125.24.0-255,4320,273266,64,330000
6886,0.036273,172.31.40.0-255,66,273332,64,330000
6887,0.036292,74.125.24.0-255,1484,274816,64,330000
6888,0.03862,74.125.24.0-255,4320,279136,64,330000
6889,0.038627,172.31.40.0-255,66,279202,64,330000
6890,0.038671,172.31.40.0-255,171,279373,64,330000
6891,0.038697,172.31.40.0-255,1131,280504,64,330000
6892,0.038794,172.31.40.0-255,1514,282018,64,330000
6893,0.038796,172.31.40.0-255,1277,283295,64,330000
6894,0.040232,104.244.42.0-255,66,283361,64,330000
6895,0.040241,104.244.42.0-255,66,283427,64,330000
6896,0.040376,104.244.42.0-255,66,283493,64,330000
6897,0.040989,74.125.24.0-255,5738,289231,64,330000
6898,0.040996,172.31.40.0-255,66,289297,64,330000
6899,0.04335,74.125.24.0-255,1484,290781,64,330000
6900,0.04337,74.125.24.0-255,2902,293683,64,330000
6901,0.043375,172.31.40.0-255,66,293749,64,330000
6902,0.043397,74.125.24.0-255,1484,295233,64,330000
6903,0.045776,74.125.24.0-255,4320,299553,64,330000
6904,0.045783,172.31.40.0-255,66,299619,64,330000
6905,0.048123,74.125.24.0-255,5738,305357,64,330000
6906,0.048129,172.31.40.0-255,66,305423,64,330000
6907,0.050519,74.125.24.0-255,5738,311161,64,330000
6908,0.050525,172.31.40.0-255,66,311227,64,330000
6909,0.052936,74.125.24.0-255,5738,316965,64,330000
6910,0.052942,172.31.40.0-255,66,317031,64,330000
6911,0.055318,74.125.24.0-255,5738,322769,64,330000
6912,0.055324,172.31.40.0-255,66,322835,64,330000
6913,0.05772,74.125.24.0-255,5738,328573,64,330000
6914,0.057726,172.31.40.0-255,66,328639,64,330000
6915,0.060198,74.125.24.0-255,1124,329763,64,330000
6916,0.060338,172.31.40.0-255,66,329829,64,330000
6917,0.060377,172.31.40.0-255,105,329934,64,330000
6918,0.062713,74.125.24.0-255,66,330000,64,330000
6919,0.0,172.217.194.0-255,153,153,64,357691
6920,2.2e-05,172.31.40.0-255,66,219,64,357691
6921,2.9e-05,172.217.194.0-255,1484,1703,64,357691
6922,3.4e-05,172.31.40.0-255,66,1769,64,357691
6923,3.8e-05,172.217.194.0-255,1484,3253,64,357691
6924,4.1e-05,172.31.40.0-255,66,3319,64,357691
6925,4.8e-05,172.217.194.0-255,2902,6221,64,357691
6926,5.1e-05,172.31.40.0-255,66,6287,64,357691
6927,5.7e-05,172.217.194.0-255,5738,12025,64,357691
6928,6e-05,172.31.40.0-255,66,12091,64,357691
6929,8.6e-05,172.217.194.0-255,7156,19247,64,357691
6930,8.9e-05,172.31.40.0-255,66,19313,64,357691
6931,0.00011,172.217.194.0-255,3484,22797,64,357691
6932,0.000112,172.31.40.0-255,66,22863,64,357691
6933,0.000137,172.217.194.0-255,5738,28601,64,357691
6934,0.00014,172.31.40.0-255,66,28667,64,357691
6935,0.00016,172.217.194.0-255,2543,31210,64,357691
6936,0.000163,172.31.40.0-255,66,31276,64,357691
6937,0.000221,172.217.194.0-255,1484,32760,64,357691
6938,0.000223,172.31.40.0-255,66,32826,64,357691
6939,0.000229,172.217.194.0-255,2902,35728,64,357691
6940,0.000231,172.31.40.0-255,66,35794,64,357691
6941,0.000244,172.217.194.0-255,1484,37278,64,357691
6942,0.000246,172.31.40.0-255,66,37344,64,357691
6943,0.000272,172.217.194.0-255,4320,41664,64,357691
6944,0.000275,172.31.40.0-255,66,41730,64,357691
6945,0.000289,172.31.40.0-255,66,41796,64,357691
6946,0.000312,172.217.194.0-255,2543,44339,64,357691
6947,0.000315,172.31.40.0-255,66,44405,64,357691
6948,0.000327,172.31.40.0-255,66,44471,64,357691
6949,0.000329,172.217.194.0-255,1125,45596,64,357691
6950,0.000575,172.217.194.0-255,364,45960,64,357691
6951,0.000634,172.217.194.0-255,1484,47444,64,357691
6952,0.00064,172.31.40.0-255,66,47510,64,357691
6953,0.000651,172.217.194.0-255,2902,50412,64,357691
6954,0.000655,172.31.40.0-255,66,50478,64,357691
6955,0.000667,172.217.194.0-255,5738,56216,64,357691
6956,0.000669,172.31.40.0-255,66,56282,64,357691
6957,0.000706,172.217.194.0-255,6797,63079,64,357691
6958,0.00071,172.31.40.0-255,66,63145,64,357691
6959,0.000718,172.217.194.0-255,7156,70301,64,357691
6960,0.00072,172.31.40.0-255,66,70367,64,357691
6961,0.000748,172.217.194.0-255,5738,76105,64,357691
6962,0.000751,172.31.40.0-255,66,76171,64,357691
6963,0.000773,172.217.194.0-255,3961,80132,64,357691
6964,0.000779,172.31.40.0-255,66,80198,64,357691
6965,0.000829,172.217.194.0-255,381,80579,64,357691
6966,0.001394,172.217.194.0-255,1484,82063,64,357691
6967,0.001399,172.217.194.0-255,2902,84965,64,357691
6968,0.001404,172.31.40.0-255,66,85031,64,357691
6969,0.001407,172.31.40.0-255,66,85097,64,357691
6970,0.001427,172.217.194.0-255,5738,90835,64,357691
6971,0.00143,172.31.40.0-255,66,90901,64,357691
6972,0.001436,172.217.194.0-255,5738,96639,64,357691
6973,0.001438,172.31.40.0-255,66,96705,64,357691
6974,0.001464,172.217.194.0-255,7156,103861,64,357691
6975,0.001467,172.31.40.0-255,66,103927,64,357691
6976,0.001506,172.31.40.0-255,66,103993,64,357691
6977,0.001542,172.217.194.0-255,7156,111149,64,357691
6978,0.001545,172.31.40.0-255,66,111215,64,357691
6979,0.001562,172.217.194.0-255,4320,115535,64,357691
6980,0.001564,172.31.40.0-255,66,115601,64,357691
6981,0.001571,172.217.194.0-255,7156,122757,64,357691
6982,0.001573,172.31.40.0-255,66,122823,64,357691
6983,0.001576,172.217.194.0-255,1484,124307,64,357691
6984,0.001605,172.31.40.0-255,66,124373,64,357691
6985,0.001771,172.217.194.0-255,1484,125857,64,357691
6986,0.001776,172.217.194.0-255,1484,127341,64,357691
6987,0.00178,172.31.40.0-255,66,127407,64,357691
6988,0.001801,172.217.194.0-255,1484,128891,64,357691
6989,0.001807,172.217.194.0-255,5738,134629,64,357691
6990,0.001809,172.31.40.0-255,66,134695,64,357691
6991,0.00182,172.31.40.0-255,66,134761,64,357691
6992,0.001842,172.217.194.0-255,4320,139081,64,357691
6993,0.001845,172.31.40.0-255,66,139147,64,357691
6994,0.001856,172.31.40.0-255,66,139213,64,357691
6995,0.001878,172.217.194.0-255,766,139979,64,357691
6996,0.002424,172.31.40.0-255,66,140045,64,357691
6997,0.003874,172.217.194.0-255,4320,144365,64,357691
6998,0.003881,172.31.40.0-255,66,144431,64,357691
6999,0.004373,172.217.194.0-255,1484,145915,64,357691
7000,0.005859,172.217.194.0-255,4320,150235,64,357691
7001,0.005865,172.31.40.0-255,66,150301,64,357691
7002,0.00792,172.217.194.0-255,5738,156039,64,357691
7003,0.007926,172.31.40.0-255,66,156105,64,357691
7004,0.009937,172.217.194.0-255,5738,161843,64,357691
7005,0.009944,172.31.40.0-255,66,161909,64,357691
7006,0.011985,172.217.194.0-255,5738,167647,64,357691
7007,0.011993,172.31.40.0-255,66,167713,64,357691
7008,0.014036,172.217.194.0-255,5738,173451,64,357691
7009,0.014043,172.31.40.0-255,66,173517,64,357691
7010,0.016023,172.217.194.0-255,5738,179255,64,357691
7011,0.016032,172.31.40.0-255,66,179321,64,357691
7012,0.017999,172.217.194.0-255,5738,185059,64,357691
7013,0.018008,172.31.40.0-255,66,185125,64,357691
7014,0.020029,172.217.194.0-255,5738,190863,64,357691
7015,0.020036,172.31.40.0-255,66,190929,64,357691
7016,0.022007,172.217.194.0-255,5738,196667,64,357691
7017,0.022022,172.31.40.0-255,66,196733,64,357691
7018,0.024044,172.217.194.0-255,5738,202471,64,357691
7019,0.024058,172.31.40.0-255,66,202537,64,357691
7020,0.026087,172.217.194.0-255,5738,208275,64,357691
7021,0.026099,172.31.40.0-255,66,208341,64,357691
7022,0.028124,172.217.194.0-255,5738,214079,64,357691
7023,0.028135,172.31.40.0-255,66,214145,64,357691
7024,0.03011,172.217.194.0-255,5738,219883,64,357691
7025,0.030117,172.31.40.0-255,66,219949,64,357691
7026,0.032159,172.217.194.0-255,5738,225687,64,357691
7027,0.032173,172.31.40.0-255,66,225753,64,357691
7028,0.034156,172.217.194.0-255,5738,231491,64,357691
7029,0.034165,172.31.40.0-255,66,231557,64,357691
7030,0.036168,172.217.194.0-255,5738,237295,64,357691
7031,0.036185,172.31.40.0-255,66,237361,64,357691
7032,0.03816,172.217.194.0-255,5738,243099,64,357691
7033,0.038168,172.31.40.0-255,66,243165,64,357691
7034,0.040195,172.217.194.0-255,5738,248903,64,357691
7035,0.040207,172.31.40.0-255,66,248969,64,357691
7036,0.042171,172.217.194.0-255,5738,254707,64,357691
7037,0.042179,172.31.40.0-255,66,254773,64,357691
7038,0.043922,172.31.40.0-255,172,254945,64,357691
7039,0.043954,172.31.40.0-255,1112,256057,64,357691
7040,0.044014,172.31.40.0-255,1514,257571,64,357691
7041,0.044016,172.31.40.0-255,1296,258867,64,357691
7042,0.04419,172.217.194.0-255,5738,264605,64,357691
7043,0.044201,172.31.40.0-255,66,264671,64,357691
7044,0.045497,104.244.42.0-255,66,264737,64,357691
7045,0.04558,104.244.42.0-255,66,264803,64,357691
7046,0.045584,104.244.42.0-255,66,264869,64,357691
7047,0.046239,172.217.194.0-255,5738,270607,64,357691
7048,0.04625,172.31.40.0-255,66,270673,64,357691
7049,0.048233,172.217.194.0-255,4320,274993,64,357691
7050,0.048242,172.31.40.0-255,66,275059,64,357691
7051,0.048265,172.217.194.0-255,1484,276543,64,357691
7052,0.050247,172.217.194.0-255,4320,280863,64,357691
7053,0.050263,172.31.40.0-255,66,280929,64,357691
7054,0.052261,172.217.194.0-255,5738,286667,64,357691
7055,0.052278,172.31.40.0-255,66,286733,64,357691
7056,0.054353,172.217.194.0-255,5738,292471,64,357691
7057,0.054367,172.31.40.0-255,66,292537,64,357691
7058,0.056384,172.217.194.0-255,5738,298275,64,357691
7059,0.056395,172.31.40.0-255,66,298341,64,357691
7060,0.058384,172.217.194.0-255,5738,304079,64,357691
7061,0.058398,172.31.40.0-255,66,304145,64,357691
7062,0.060437,172.217.194.0-255,5738,309883,64,357691
7063,0.060453,172.31.40.0-255,66,309949,64,357691
7064,0.06243,172.217.194.0-255,5738,315687,64,357691
7065,0.062443,172.31.40.0-255,66,315753,64,357691
7066,0.064455,172.217.194.0-255,5738,321491,64,357691
7067,0.064472,172.31.40.0-255,66,321557,64,357691
7068,0.066497,172.217.194.0-255,5738,327295,64,357691
7069,0.066513,172.31.40.0-255,66,327361,64,357691
7070,0.06851,172.217.194.0-255,5738,333099,64,357691
7071,0.068523,172.31.40.0-255,66,333165,64,357691
7072,0.070502,172.217.194.0-255,5738,338903,64,357691
7073,0.070515,172.31.40.0-255,66,338969,64,357691
7074,0.072519,172.217.194.0-255,5738,344707,64,357691
7075,0.072531,172.31.40.0-255,66,344773,64,357691
7076,0.074556,172.217.194.0-255,5738,350511,64,357691
7077,0.074572,172.31.40.0-255,66,350577,64,357691
7078,0.076584,172.217.194.0-255,5738,356315,64,357691
7079,0.076592,172.31.40.0-255,66,356381,64,357691
7080,0.078575,172.217.194.0-255,1073,357454,64,357691
7081,0.078782,172.31.40.0-255,66,357520,64,357691
7082,0.078824,172.31.40.0-255,105,357625,64,357691
7083,0.080804,172.217.194.0-255,66,357691,64,357691
7084,0.0,172.217.194.0-255,156,156,64,85850
7085,2.2e-05,172.31.40.0-255,66,222,64,85850
7086,2.9e-05,172.217.194.0-255,1484,1706,64,85850
7087,3.3e-05,172.31.40.0-255,66,1772,64,85850
7088,3.8e-05,172.217.194.0-255,2902,4674,64,85850
7089,4.2e-05,172.31.40.0-255,66,4740,64,85850
7090,5e-05,172.217.194.0-255,7156,11896,64,85850
7091,5.4e-05,172.31.40.0-255,66,11962,64,85850
7092,0.000109,172.217.194.0-255,5738,17700,64,85850
7093,0.000112,172.31.40.0-255,66,17766,64,85850
7094,0.000144,172.31.40.0-255,66,17832,64,85850
7095,0.000259,172.217.194.0-255,4320,22152,64,85850
7096,0.000263,172.31.40.0-255,66,22218,64,85850
7097,0.000308,172.31.40.0-255,66,22284,64,85850
7098,0.000436,172.31.40.0-255,66,22350,64,85850
7099,0.00046,172.217.194.0-255,6797,29147,64,85850
7100,0.000463,172.31.40.0-255,66,29213,64,85850
7101,0.00058,172.217.194.0-255,1738,30951,64,85850
7102,0.000585,172.31.40.0-255,66,31017,64,85850
7103,0.00059,172.217.194.0-255,1484,32501,64,85850
7104,0.000592,172.31.40.0-255,66,32567,64,85850
7105,0.000638,172.31.40.0-255,66,32633,64,85850
7106,0.000805,172.31.40.0-255,66,32699,64,85850
7107,0.000821,172.217.194.0-255,766,33465,64,85850
7108,0.000824,172.31.40.0-255,66,33531,64,85850
7109,0.00091,172.217.194.0-255,5738,39269,64,85850
7110,0.000914,172.31.40.0-255,66,39335,64,85850
7111,0.000939,172.217.194.0-255,7156,46491,64,85850
7112,0.000941,172.31.40.0-255,66,46557,64,85850
7113,0.001038,172.217.194.0-255,5738,52295,64,85850
7114,0.001043,172.31.40.0-255,66,52361,64,85850
7115,0.001099,172.31.40.0-255,66,52427,64,85850
7116,0.001221,172.217.194.0-255,5738,58165,64,85850
7117,0.001225,172.31.40.0-255,66,58231,64,85850
7118,0.001262,172.31.40.0-255,66,58297,64,85850
7119,0.001446,172.217.194.0-255,4320,62617,64,85850
7120,0.00145,172.31.40.0-255,66,62683,64,85850
7121,0.001474,172.31.40.0-255,66,62749,64,85850
7122,0.001555,172.31.40.0-255,66,62815,64,85850
7123,0.001623,172.31.40.0-255,66,62881,64,85850
7124,0.001901,172.217.194.0-255,7156,70037,64,85850
7125,0.001905,172.31.40.0-255,66,70103,64,85850
7126,0.001956,172.31.40.0-255,66,70169,64,85850
7127,0.002165,172.217.194.0-255,4320,74489,64,85850
7128,0.002169,172.31.40.0-255,66,74555,64,85850
7129,0.003397,172.217.194.0-255,4320,78875,64,85850
7130,0.01157,172.217.194.0-255,1287,80162,64,85850
7131,0.011591,172.31.40.0-255,78,80240,64,85850
7132,0.014095,172.31.40.0-255,101,80341,64,85850
7133,0.015011,172.31.40.0-255,105,80446,64,85850
7134,0.016287,172.217.194.0-255,66,80512,64,85850
7135,0.01722,172.217.194.0-255,66,80578,64,85850
7136,0.048198,172.31.40.0-255,172,80750,64,85850
7137,0.048226,172.31.40.0-255,1111,81861,64,85850
7138,0.048277,172.31.40.0-255,1514,83375,64,85850
7139,0.048278,172.31.40.0-255,1514,84889,64,85850
7140,0.048302,172.31.40.0-255,697,85586,64,85850
7141,0.049721,104.244.42.0-255,66,85652,64,85850
7142,0.049732,104.244.42.0-255,66,85718,64,85850
7143,0.049786,104.244.42.0-255,66,85784,64,85850
7144,0.049839,104.244.42.0-255,66,85850,64,85850
7145,0.0,172.217.194.0-255,297,297,64,262556
7146,1.3e-05,172.31.40.0-255,66,363,64,262556
7147,2e-05,172.217.194.0-255,1484,1847,64,262556
7148,2.5e-05,172.31.40.0-255,66,1913,64,262556
7149,3.8e-05,172.217.194.0-255,4320,6233,64,262556
7150,4.1e-05,172.31.40.0-255,66,6299,64,262556
7151,5.3e-05,172.31.40.0-255,66,6365,64,262556
7152,0.000107,172.217.194.0-255,1484,7849,64,262556
7153,0.000109,172.31.40.0-255,66,7915,64,262556
7154,0.000113,172.217.194.0-255,1484,9399,64,262556
7155,0.000115,172.31.40.0-255,66,9465,64,262556
7156,0.000139,172.217.194.0-255,1484,10949,64,262556
7157,0.000141,172.31.40.0-255,66,11015,64,262556
7158,0.000152,172.217.194.0-255,5738,16753,64,262556
7159,0.000155,172.31.40.0-255,66,16819,64,262556
7160,0.000161,172.217.194.0-255,5738,22557,64,262556
7161,0.000163,172.31.40.0-255,66,22623,64,262556
7162,0.000191,172.217.194.0-255,1125,23748,64,262556
7163,0.000193,172.31.40.0-255,66,23814,64,262556
7164,0.000249,172.217.194.0-255,1484,25298,64,262556
7165,0.000251,172.31.40.0-255,66,25364,64,262556
7166,0.000279,172.217.194.0-255,2902,28266,64,262556
7167,0.000282,172.31.40.0-255,66,28332,64,262556
7168,0.000289,172.217.194.0-255,5738,34070,64,262556
7169,0.000291,172.31.40.0-255,66,34136,64,262556
7170,0.000294,172.217.194.0-255,1484,35620,64,262556
7171,0.000301,172.31.40.0-255,66,35686,64,262556
7172,0.000329,172.217.194.0-255,4320,40006,64,262556
7173,0.000331,172.31.40.0-255,66,40072,64,262556
7174,0.000345,172.31.40.0-255,66,40138,64,262556
7175,0.000354,172.217.194.0-255,3961,44099,64,262556
7176,0.000397,172.217.194.0-255,368,44467,64,262556
7177,0.0004,172.217.194.0-255,379,44846,64,262556
7178,0.000532,172.31.40.0-255,66,44912,64,262556
7179,0.000575,172.217.194.0-255,1484,46396,64,262556
7180,0.000578,172.217.194.0-255,1484,47880,64,262556
7181,0.000584,172.31.40.0-255,66,47946,64,262556
7182,0.00061,172.217.194.0-255,1484,49430,64,262556
7183,0.000617,172.217.194.0-255,5738,55168,64,262556
7184,0.000618,172.217.194.0-255,1484,56652,64,262556
7185,0.000648,172.31.40.0-255,66,56718,64,262556
7186,0.000669,172.217.194.0-255,7156,63874,64,262556
7187,0.000679,172.31.40.0-255,66,63940,64,262556
7188,0.000685,172.217.194.0-255,6438,70378,64,262556
7189,0.000689,172.31.40.0-255,66,70444,64,262556
7190,0.00087,172.217.194.0-255,1484,71928,64,262556
7191,0.000874,172.217.194.0-255,1484,73412,64,262556
7192,0.000884,172.217.194.0-255,1484,74896,64,262556
7193,0.000894,172.31.40.0-255,66,74962,64,262556
7194,0.000917,172.217.194.0-255,5738,80700,64,262556
7195,0.000923,172.217.194.0-255,5738,86438,64,262556
7196,0.000928,172.217.194.0-255,5738,92176,64,262556
7197,0.000934,172.31.40.0-255,66,92242,64,262556
7198,0.000954,172.217.194.0-255,7156,99398,64,262556
7199,0.000957,172.217.194.0-255,1484,100882,64,262556
7200,0.00097,172.217.194.0-255,3602,104484,64,262556
7201,0.000974,172.31.40.0-255,66,104550,64,262556
7202,0.000978,172.31.40.0-255,66,104616,64,262556
7203,0.00102,172.217.194.0-255,1484,106100,64,262556
7204,0.001023,172.217.194.0-255,1484,107584,64,262556
7205,0.001026,172.31.40.0-255,66,107650,64,262556
7206,0.00105,172.217.194.0-255,1484,109134,64,262556
7207,0.001056,172.217.194.0-255,5738,114872,64,262556
7208,0.001069,172.31.40.0-255,66,114938,64,262556
7209,0.001115,172.217.194.0-255,4320,119258,64,262556
7210,0.001126,172.31.40.0-255,66,119324,64,262556
7211,0.001157,172.31.40.0-255,66,119390,64,262556
7212,0.001227,172.217.194.0-255,1484,120874,64,262556
7213,0.001239,172.217.194.0-255,2902,123776,64,262556
7214,0.001246,172.31.40.0-255,66,123842,64,262556
7215,0.001256,172.217.194.0-255,5738,129580,64,262556
7216,0.001258,172.217.194.0-255,1484,131064,64,262556
7217,0.001272,172.217.194.0-255,2902,133966,64,262556
7218,0.001283,172.31.40.0-255,66,134032,64,262556
7219,0.001324,172.217.194.0-255,2902,136934,64,262556
7220,0.001328,172.31.40.0-255,66,137000,64,262556
7221,0.001347,172.217.194.0-255,5020,142020,64,262556
7222,0.001359,172.31.40.0-255,66,142086,64,262556
7223,0.001402,172.217.194.0-255,1484,143570,64,262556
7224,0.001407,172.217.194.0-255,2902,146472,64,262556
7225,0.001415,172.31.40.0-255,66,146538,64,262556
7226,0.001438,172.217.194.0-255,5738,152276,64,262556
7227,0.001444,172.217.194.0-255,5738,158014,64,262556
7228,0.001453,172.31.40.0-255,66,158080,64,262556
7229,0.001472,172.217.194.0-255,7156,165236,64,262556
7230,0.001492,172.217.194.0-255,2184,167420,64,262556
7231,0.001496,172.31.40.0-255,66,167486,64,262556
7232,0.0015,172.31.40.0-255,66,167552,64,262556
7233,0.00166,172.217.194.0-255,1484,169036,64,262556
7234,0.001671,172.217.194.0-255,2902,171938,64,262556
7235,0.001674,172.31.40.0-255,66,172004,64,262556
7236,0.001701,172.217.194.0-255,5738,177742,64,262556
7237,0.00173,172.217.194.0-255,1484,179226,64,262556
7238,0.001739,172.31.40.0-255,66,179292,64,262556
7239,0.001763,172.217.194.0-255,5738,185030,64,262556
7240,0.001777,172.217.194.0-255,2184,187214,64,262556
7241,0.001786,172.31.40.0-255,66,187280,64,262556
7242,0.001813,172.217.194.0-255,1484,188764,64,262556
7243,0.001816,172.217.194.0-255,1484,190248,64,262556
7244,0.00183,172.217.194.0-255,1484,191732,64,262556
7245,0.001836,172.217.194.0-255,5738,197470,64,262556
7246,0.001838,172.31.40.0-255,66,197536,64,262556
7247,0.001843,172.31.40.0-255,66,197602,64,262556
7248,0.001868,172.217.194.0-255,7156,204758,64,262556
7249,0.001875,172.217.194.0-255,7156,211914,64,262556
7250,0.001888,172.217.194.0-255,7156,219070,64,262556
7251,0.001897,172.31.40.0-255,66,219136,64,262556
7252,0.001946,172.31.40.0-255,66,219202,64,262556
7253,0.001956,172.217.194.0-255,1484,220686,64,262556
7254,0.001994,172.217.194.0-255,1484,222170,64,262556
7255,0.001998,172.31.40.0-255,66,222236,64,262556
7256,0.002014,172.217.194.0-255,4320,226556,64,262556
7257,0.002025,172.31.40.0-255,66,226622,64,262556
7258,0.002067,172.31.40.0-255,66,226688,64,262556
7259,0.002072,172.217.194.0-255,766,227454,64,262556
7260,0.002082,172.217.194.0-255,7156,234610,64,262556
7261,0.002088,172.31.40.0-255,66,234676,64,262556
7262,0.004118,172.217.194.0-255,5738,240414,64,262556
7263,0.004126,172.31.40.0-255,66,240480,64,262556
7264,0.006175,172.217.194.0-255,5738,246218,64,262556
7265,0.013044,172.31.40.0-255,66,246284,64,262556
7266,0.013153,172.217.194.0-255,1484,247768,64,262556
7267,0.015089,172.217.194.0-255,4320,252088,64,262556
7268,0.015101,172.31.40.0-255,66,252154,64,262556
7269,0.017125,172.217.194.0-255,2084,254238,64,262556
7270,0.017132,172.31.40.0-255,66,254304,64,262556
7271,0.017305,172.31.40.0-255,105,254409,64,262556
7272,0.019304,172.217.194.0-255,66,254475,64,262556
7273,0.052353,172.31.40.0-255,172,254647,64,262556
7274,0.052403,172.31.40.0-255,1111,255758,64,262556
7275,0.052465,172.31.40.0-255,1514,257272,64,262556
7276,0.052486,172.31.40.0-255,1514,258786,64,262556
7277,0.052491,172.31.40.0-255,1514,260300,64,262556
7278,0.052506,172.31.40.0-255,1514,261814,64,262556
7279,0.052509,172.31.40.0-255,478,262292,64,262556
7280,0.053896,104.244.42.0-255,66,262358,64,262556
7281,0.05392,104.244.42.0-255,66,262424,64,262556
7282,0.054004,104.244.42.0-255,66,262490,64,262556
7283,0.05404,104.244.42.0-255,66,262556,64,262556
7284,0.0,74.125.24.0-255,153,153,64,263801
7285,2e-05,172.31.40.0-255,66,219,64,263801
7286,2.7e-05,74.125.24.0-255,1484,1703,64,263801
7287,3.1e-05,172.31.40.0-255,66,1769,64,263801
7288,3.8e-05,74.125.24.0-255,2902,4671,64,263801
7289,4.9e-05,172.31.40.0-255,66,4737,64,263801
7290,5.7e-05,74.125.24.0-255,7156,11893,64,263801
7291,6e-05,172.31.40.0-255,66,11959,64,263801
7292,6.4e-05,74.125.24.0-255,2000,13959,64,263801
7293,6.7e-05,172.31.40.0-255,66,14025,64,263801
7294,0.000167,74.125.24.0-255,1484,15509,64,263801
7295,0.000171,172.31.40.0-255,66,15575,64,263801
7296,0.000189,74.125.24.0-255,2902,18477,64,263801
7297,0.000192,172.31.40.0-255,66,18543,64,263801
7298,0.000195,74.125.24.0-255,1484,20027,64,263801
7299,0.000197,172.31.40.0-255,66,20093,64,263801
7300,0.00023,74.125.24.0-255,1484,21577,64,263801
7301,0.000233,172.31.40.0-255,66,21643,64,263801
7302,0.00024,74.125.24.0-255,7156,28799,64,263801
7303,0.000242,172.31.40.0-255,66,28865,64,263801
7304,0.000268,74.125.24.0-255,2543,31408,64,263801
7305,0.000271,172.31.40.0-255,66,31474,64,263801
7306,0.000512,74.125.24.0-255,1484,32958,64,263801
7307,0.000518,74.125.24.0-255,2902,35860,64,263801
7308,0.000523,172.31.40.0-255,66,35926,64,263801
7309,0.00053,172.31.40.0-255,66,35992,64,263801
7310,0.000533,74.125.24.0-255,1484,37476,64,263801
7311,0.000535,172.31.40.0-255,66,37542,64,263801
7312,0.000556,74.125.24.0-255,4320,41862,64,263801
7313,0.000559,172.31.40.0-255,66,41928,64,263801
7314,0.0006,172.31.40.0-255,66,41994,64,263801
7315,0.000629,74.125.24.0-255,1484,43478,64,263801
7316,0.000661,74.125.24.0-255,1125,44603,64,263801
7317,0.000663,74.125.24.0-255,400,45003,64,263801
7318,0.000667,172.31.40.0-255,66,45069,64,263801
7319,0.00069,74.125.24.0-255,108,45177,64,263801
7320,0.000692,172.31.40.0-255,66,45243,64,263801
7321,0.001267,74.125.24.0-255,332,45575,64,263801
7322,0.001639,74.125.24.0-255,1484,47059,64,263801
7323,0.001646,172.31.40.0-255,66,47125,64,263801
7324,0.001653,74.125.24.0-255,2902,50027,64,263801
7325,0.001656,172.31.40.0-255,66,50093,64,263801
7326,0.001666,74.125.24.0-255,2902,52995,64,263801
7327,0.001668,172.31.40.0-255,66,53061,64,263801
7328,0.001702,74.125.24.0-255,2902,55963,64,263801
7329,0.001705,172.31.40.0-255,66,56029,64,263801
7330,0.001712,74.125.24.0-255,5738,61767,64,263801
7331,0.001714,172.31.40.0-255,66,61833,64,263801
7332,0.001721,74.125.24.0-255,5738,67571,64,263801
7333,0.001723,172.31.40.0-255,66,67637,64,263801
7334,0.001763,74.125.24.0-255,7156,74793,64,263801
7335,0.001765,172.31.40.0-255,66,74859,64,263801
7336,0.001771,74.125.24.0-255,5020,79879,64,263801
7337,0.001774,172.31.40.0-255,66,79945,64,263801
7338,0.003442,74.125.24.0-255,1484,81429,64,263801
7339,0.003457,74.125.24.0-255,2902,84331,64,263801
7340,0.003459,172.31.40.0-255,66,84397,64,263801
7341,0.003465,74.125.24.0-255,4320,88717,64,263801
7342,0.003467,172.31.40.0-255,66,88783,64,263801
7343,0.003487,74.125.24.0-255,1484,90267,64,263801
7344,0.003521,74.125.24.0-255,2902,93169,64,263801
7345,0.003523,172.31.40.0-255,66,93235,64,263801
7346,0.003556,172.31.40.0-255,66,93301,64,263801
7347,0.003592,172.31.40.0-255,66,93367,64,263801
7348,0.003638,74.125.24.0-255,1484,94851,64,263801
7349,0.003643,74.125.24.0-255,2902,97753,64,263801
7350,0.003646,172.31.40.0-255,66,97819,64,263801
7351,0.003671,74.125.24.0-255,5738,103557,64,263801
7352,0.003674,172.31.40.0-255,66,103623,64,263801
7353,0.003681,74.125.24.0-255,5738,109361,64,263801
7354,0.003683,172.31.40.0-255,66,109427,64,263801
7355,0.003706,74.125.24.0-255,4320,113747,64,263801
7356,0.003709,172.31.40.0-255,66,113813,64,263801
7357,0.003712,74.125.24.0-255,2902,116715,64,263801
7358,0.003714,172.31.40.0-255,66,116781,64,263801
7359,0.003751,172.31.40.0-255,66,116847,64,263801
7360,0.003763,172.31.40.0-255,66,116913,64,263801
7361,0.003799,74.125.24.0-255,4320,121233,64,263801
7362,0.003801,172.31.40.0-255,66,121299,64,263801
7363,0.003807,74.125.24.0-255,7156,128455,64,263801
7364,0.00381,172.31.40.0-255,66,128521,64,263801
7365,0.003813,74.125.24.0-255,1484,130005,64,263801
7366,0.003845,172.31.40.0-255,66,130071,64,263801
7367,0.004165,74.125.24.0-255,1484,131555,64,263801
7368,0.00418,74.125.24.0-255,2902,134457,64,263801
7369,0.004183,172.31.40.0-255,66,134523,64,263801
7370,0.004216,74.125.24.0-255,5738,140261,64,263801
7371,0.004219,172.31.40.0-255,66,140327,64,263801
7372,0.004245,74.125.24.0-255,2902,143229,64,263801
7373,0.004248,172.31.40.0-255,66,143295,64,263801
7374,0.004273,74.125.24.0-255,4320,147615,64,263801
7375,0.004276,172.31.40.0-255,66,147681,64,263801
7376,0.00428,74.125.24.0-255,2902,150583,64,263801
7377,0.004283,172.31.40.0-255,66,150649,64,263801
7378,0.004303,74.125.24.0-255,2902,153551,64,263801
7379,0.004309,172.31.40.0-255,66,153617,64,263801
7380,0.004326,74.125.24.0-255,2902,156519,64,263801
7381,0.004329,172.31.40.0-255,66,156585,64,263801
7382,0.004364,172.31.40.0-255,66,156651,64,263801
7383,0.004476,74.125.24.0-255,1484,158135,64,263801
7384,0.004489,74.125.24.0-255,2902,161037,64,263801
7385,0.004492,172.31.40.0-255,66,161103,64,263801
7386,0.004505,74.125.24.0-255,2902,164005,64,263801
7387,0.004512,172.31.40.0-255,66,164071,64,263801
7388,0.004544,74.125.24.0-255,2902,166973,64,263801
7389,0.004546,172.31.40.0-255,66,167039,64,263801
7390,0.004556,74.125.24.0-255,4320,171359,64,263801
7391,0.004563,172.31.40.0-255,66,171425,64,263801
7392,0.004569,74.125.24.0-255,5738,177163,64,263801
7393,0.004572,172.31.40.0-255,66,177229,64,263801
7394,0.004583,172.31.40.0-255,66,177295,64,263801
7395,0.004617,74.125.24.0-255,2902,180197,64,263801
7396,0.004619,172.31.40.0-255,66,180263,64,263801
7397,0.004646,74.125.24.0-255,2184,182447,64,263801
7398,0.004649,172.31.40.0-255,66,182513,64,263801
7399,0.004742,74.125.24.0-255,1484,183997,64,263801
7400,0.004748,74.125.24.0-255,2902,186899,64,263801
7401,0.004752,172.31.40.0-255,66,186965,64,263801
7402,0.004784,74.125.24.0-255,4320,191285,64,263801
7403,0.004787,172.31.40.0-255,66,191351,64,263801
7404,0.004793,74.125.24.0-255,5738,197089,64,263801
7405,0.004796,172.31.40.0-255,66,197155,64,263801
7406,0.004817,74.125.24.0-255,5738,202893,64,263801
7407,0.00482,172.31.40.0-255,66,202959,64,263801
7408,0.004854,74.125.24.0-255,5738,208697,64,263801
7409,0.004857,172.31.40.0-255,66,208763,64,263801
7410,0.004862,74.125.24.0-255,2902,211665,64,263801
7411,0.004865,172.31.40.0-255,66,211731,64,263801
7412,0.004871,74.125.24.0-255,4320,216051,64,263801
7413,0.004873,172.31.40.0-255,66,216117,64,263801
7414,0.004876,74.125.24.0-255,766,216883,64,263801
7415,0.005088,74.125.24.0-255,1484,218367,64,263801
7416,0.005093,172.31.40.0-255,66,218433,64,263801
7417,0.005119,74.125.24.0-255,2902,221335,64,263801
7418,0.005123,172.31.40.0-255,66,221401,64,263801
7419,0.005128,74.125.24.0-255,2902,224303,64,263801
7420,0.00513,172.31.40.0-255,66,224369,64,263801
7421,0.005161,74.125.24.0-255,2902,227271,64,263801
7422,0.005164,172.31.40.0-255,66,227337,64,263801
7423,0.005171,74.125.24.0-255,5738,233075,64,263801
7424,0.005173,172.31.40.0-255,66,233141,64,263801
7425,0.005185,172.31.40.0-255,66,233207,64,263801
7426,0.005211,74.125.24.0-255,2902,236109,64,263801
7427,0.005214,172.31.40.0-255,66,236175,64,263801
7428,0.005221,74.125.24.0-255,5020,241195,64,263801
7429,0.005223,172.31.40.0-255,66,241261,64,263801
7430,0.005274,172.31.40.0-255,66,241327,64,263801
7431,0.005279,74.125.24.0-255,2902,244229,64,263801
7432,0.005281,172.31.40.0-255,66,244295,64,263801
7433,0.005325,172.31.40.0-255,66,244361,64,263801
7434,0.005335,172.31.40.0-255,66,244427,64,263801
7435,0.005374,74.125.24.0-255,3602,248029,64,263801
7436,0.005377,172.31.40.0-255,66,248095,64,263801
7437,0.00539,172.31.40.0-255,66,248161,64,263801
7438,0.005395,74.125.24.0-255,4320,252481,64,263801
7439,0.005398,172.31.40.0-255,66,252547,64,263801
7440,0.005431,172.31.40.0-255,66,252613,64,263801
7441,0.005434,74.125.24.0-255,1484,254097,64,263801
7442,0.005449,74.125.24.0-255,3188,257285,64,263801
7443,0.005456,172.31.40.0-255,66,257351,64,263801
7444,0.005526,74.125.24.0-255,105,257456,64,263801
7445,0.011549,172.31.40.0-255,101,257557,64,263801
7446,0.012625,172.31.40.0-255,105,257662,64,263801
7447,0.01384,74.125.24.0-255,66,257728,64,263801
7448,0.014856,74.125.24.0-255,66,257794,64,263801
7449,0.041616,172.31.40.0-255,172,257966,64,263801
7450,0.041655,172.31.40.0-255,1108,259074,64,263801
7451,0.041719,172.31.40.0-255,1514,260588,64,263801
7452,0.041722,172.31.40.0-255,1514,262102,64,263801
7453,0.041723,172.31.40.0-255,1514,263616,64,263801
7454,0.041724,172.31.40.0-255,119,263735,64,263801
7455,0.043787,104.244.42.0-255,66,263801,64,263801
7456,0.0,74.125.24.0-255,143,143,64,357069
7457,3.3e-05,172.31.40.0-255,66,209,64,357069
7458,3.9e-05,74.125.24.0-255,1484,1693,64,357069
7459,4.5e-05,172.31.40.0-255,66,1759,64,357069
7460,4.9e-05,74.125.24.0-255,2902,4661,64,357069
7461,5.2e-05,172.31.40.0-255,66,4727,64,357069
7462,5.8e-05,74.125.24.0-255,7156,11883,64,357069
7463,6.1e-05,172.31.40.0-255,66,11949,64,357069
7464,9.2e-05,172.31.40.0-255,66,12015,64,357069
7465,0.000117,74.125.24.0-255,6394,18409,64,357069
7466,0.00012,172.31.40.0-255,66,18475,64,357069
7467,0.000139,74.125.24.0-255,2543,21018,64,357069
7468,0.000142,172.31.40.0-255,66,21084,64,357069
7469,0.000189,74.125.24.0-255,1484,22568,64,357069
7470,0.000192,172.31.40.0-255,66,22634,64,357069
7471,0.000196,74.125.24.0-255,2902,25536,64,357069
7472,0.000198,172.31.40.0-255,66,25602,64,357069
7473,0.000219,74.125.24.0-255,5738,31340,64,357069
7474,0.000222,172.31.40.0-255,66,31406,64,357069
7475,0.000225,74.125.24.0-255,1484,32890,64,357069
7476,0.000228,172.31.40.0-255,66,32956,64,357069
7477,0.000249,74.125.24.0-255,5379,38335,64,357069
7478,0.000252,172.31.40.0-255,66,38401,64,357069
7479,0.000282,74.125.24.0-255,1484,39885,64,357069
7480,0.000284,172.31.40.0-255,66,39951,64,357069
7481,0.000289,74.125.24.0-255,2902,42853,64,357069
7482,0.000292,172.31.40.0-255,66,42919,64,357069
7483,0.000304,74.125.24.0-255,2902,45821,64,357069
7484,0.000306,172.31.40.0-255,66,45887,64,357069
7485,0.000329,74.125.24.0-255,2902,48789,64,357069
7486,0.000332,172.31.40.0-255,66,48855,64,357069
7487,0.000339,74.125.24.0-255,6797,55652,64,357069
7488,0.000342,172.31.40.0-255,66,55718,64,357069
7489,0.000362,74.125.24.0-255,361,56079,64,357069
7490,0.00066,74.125.24.0-255,383,56462,64,357069
7491,0.000789,74.125.24.0-255,1484,57946,64,357069
7492,0.000794,172.31.40.0-255,66,58012,64,357069
7493,0.0008,74.125.24.0-255,2902,60914,64,357069
7494,0.000802,172.31.40.0-255,66,60980,64,357069
7495,0.000805,74.125.24.0-255,1484,62464,64,357069
7496,0.000822,74.125.24.0-255,4320,66784,64,357069
7497,0.000825,172.31.40.0-255,66,66850,64,357069
7498,0.000828,74.125.24.0-255,1484,68334,64,357069
7499,0.000845,74.125.24.0-255,5379,73713,64,357069
7500,0.00085,172.31.40.0-255,66,73779,64,357069
7501,0.001018,74.125.24.0-255,1484,75263,64,357069
7502,0.001036,74.125.24.0-255,2902,78165,64,357069
7503,0.00104,172.31.40.0-255,66,78231,64,357069
7504,0.001043,74.125.24.0-255,1484,79715,64,357069
7505,0.00106,74.125.24.0-255,2902,82617,64,357069
7506,0.001062,172.31.40.0-255,66,82683,64,357069
7507,0.001091,74.125.24.0-255,2902,85585,64,357069
7508,0.001094,172.31.40.0-255,66,85651,64,357069
7509,0.001109,74.125.24.0-255,5379,91030,64,357069
7510,0.001112,172.31.40.0-255,66,91096,64,357069
7511,0.002269,74.125.24.0-255,1484,92580,64,357069
7512,0.00228,74.125.24.0-255,2902,95482,64,357069
7513,0.002284,172.31.40.0-255,66,95548,64,357069
7514,0.002291,74.125.24.0-255,5738,101286,64,357069
7515,0.002293,172.31.40.0-255,66,101352,64,357069
7516,0.002316,74.125.24.0-255,4320,105672,64,357069
7517,0.002318,172.31.40.0-255,66,105738,64,357069
7518,0.004578,74.125.24.0-255,1484,107222,64,357069
7519,0.004599,74.125.24.0-255,4320,111542,64,357069
7520,0.004603,172.31.40.0-255,66,111608,64,357069
7521,0.006875,74.125.24.0-255,5738,117346,64,357069
7522,0.006879,172.31.40.0-255,66,117412,64,357069
7523,0.009143,74.125.24.0-255,5738,123150,64,357069
7524,0.009151,172.31.40.0-255,66,123216,64,357069
7525,0.011414,74.125.24.0-255,5738,128954,64,357069
7526,0.011422,172.31.40.0-255,66,129020,64,357069
7527,0.013703,74.125.24.0-255,5738,134758,64,357069
7528,0.013713,172.31.40.0-255,66,134824,64,357069
7529,0.016035,74.125.24.0-255,5738,140562,64,357069
7530,0.016043,172.31.40.0-255,66,140628,64,357069
7531,0.01837,74.125.24.0-255,5738,146366,64,357069
7532,0.018379,172.31.40.0-255,66,146432,64,357069
7533,0.020705,74.125.24.0-255,5738,152170,64,357069
7534,0.020713,172.31.40.0-255,66,152236,64,357069
7535,0.023,74.125.24.0-255,5738,157974,64,357069
7536,0.023009,172.31.40.0-255,66,158040,64,357069
7537,0.025325,74.125.24.0-255,5738,163778,64,357069
7538,0.025332,172.31.40.0-255,66,163844,64,357069
7539,0.027595,74.125.24.0-255,5738,169582,64,357069
7540,0.027601,172.31.40.0-255,66,169648,64,357069
7541,0.029884,74.125.24.0-255,5738,175386,64,357069
7542,0.029893,172.31.40.0-255,66,175452,64,357069
7543,0.032155,74.125.24.0-255,5738,181190,64,357069
7544,0.032161,172.31.40.0-255,66,181256,64,357069
7545,0.032324,172.31.40.0-255,172,181428,64,357069
7546,0.032354,172.31.40.0-255,1113,182541,64,357069
7547,0.032514,172.31.40.0-255,1514,184055,64,357069
7548,0.032516,172.31.40.0-255,1514,185569,64,357069
7549,0.032517,172.31.40.0-255,1514,187083,64,357069
7550,0.032518,172.31.40.0-255,1076,188159,64,357069
7551,0.033909,104.244.42.0-255,66,188225,64,357069
7552,0.033916,104.244.42.0-255,66,188291,64,357069
7553,0.034086,104.244.42.0-255,66,188357,64,357069
7554,0.034471,74.125.24.0-255,2902,191259,64,357069
7555,0.034475,172.31.40.0-255,66,191325,64,357069
7556,0.034494,74.125.24.0-255,2902,194227,64,357069
7557,0.034497,172.31.40.0-255,66,194293,64,357069
7558,0.036819,74.125.24.0-255,2902,197195,64,357069
7559,0.036827,172.31.40.0-255,66,197261,64,357069
7560,0.036846,74.125.24.0-255,2902,200163,64,357069
7561,0.03685,172.31.40.0-255,66,200229,64,357069
7562,0.039153,74.125.24.0-255,5738,205967,64,357069
7563,0.039164,172.31.40.0-255,66,206033,64,357069
7564,0.041453,74.125.24.0-255,5738,211771,64,357069
7565,0.041458,172.31.40.0-255,66,211837,64,357069
7566,0.043768,74.125.24.0-255,5738,217575,64,357069
7567,0.043773,172.31.40.0-255,66,217641,64,357069
7568,0.046039,74.125.24.0-255,5738,223379,64,357069
7569,0.04606,172.31.40.0-255,66,223445,64,357069
7570,0.048334,74.125.24.0-255,5738,229183,64,357069
7571,0.048339,172.31.40.0-255,66,229249,64,357069
7572,0.050625,74.125.24.0-255,5738,234987,64,357069
7573,0.050631,172.31.40.0-255,66,235053,64,357069
7574,0.052963,74.125.24.0-255,5738,240791,64,357069
7575,0.05297,172.31.40.0-255,66,240857,64,357069
7576,0.055242,74.125.24.0-255,5738,246595,64,357069
7577,0.055249,172.31.40.0-255,66,246661,64,357069
7578,0.057587,74.125.24.0-255,5738,252399,64,357069
7579,0.057607,172.31.40.0-255,66,252465,64,357069
7580,0.059901,74.125.24.0-255,5738,258203,64,357069
7581,0.059919,172.31.40.0-255,66,258269,64,357069
7582,0.0623,74.125.24.0-255,5738,264007,64,357069
7583,0.062317,172.31.40.0-255,66,264073,64,357069
7584,0.064673,74.125.24.0-255,5738,269811,64,357069
7585,0.06469,172.31.40.0-255,66,269877,64,357069
7586,0.067035,74.125.24.0-255,5738,275615,64,357069
7587,0.067054,172.31.40.0-255,66,275681,64,357069
7588,0.069338,74.125.24.0-255,5738,281419,64,357069
7589,0.069357,172.31.40.0-255,66,281485,64,357069
7590,0.071716,74.125.24.0-255,5738,287223,64,357069
7591,0.071731,172.31.40.0-255,66,287289,64,357069
7592,0.074062,74.125.24.0-255,5738,293027,64,357069
7593,0.07408,172.31.40.0-255,66,293093,64,357069
7594,0.076461,74.125.24.0-255,5738,298831,64,357069
7595,0.07648,172.31.40.0-255,66,298897,64,357069
7596,0.078749,74.125.24.0-255,5738,304635,64,357069
7597,0.078755,172.31.40.0-255,66,304701,64,357069
7598,0.081125,74.125.24.0-255,5738,310439,64,357069
7599,0.081146,172.31.40.0-255,66,310505,64,357069
7600,0.083514,74.125.24.0-255,5738,316243,64,357069
7601,0.083534,172.31.40.0-255,66,316309,64,357069
7602,0.085918,74.125.24.0-255,5738,322047,64,357069
7603,0.085938,172.31.40.0-255,66,322113,64,357069
7604,0.088282,74.125.24.0-255,5738,327851,64,357069
7605,0.088297,172.31.40.0-255,66,327917,64,357069
7606,0.090583,74.125.24.0-255,5738,333655,64,357069
7607,0.090602,172.31.40.0-255,66,333721,64,357069
7608,0.093009,74.125.24.0-255,5738,339459,64,357069
7609,0.093022,172.31.40.0-255,66,339525,64,357069
7610,0.095333,74.125.24.0-255,5738,345263,64,357069
7611,0.095349,172.31.40.0-255,66,345329,64,357069
7612,0.097628,74.125.24.0-255,5738,351067,64,357069
7613,0.097637,172.31.40.0-255,66,351133,64,357069
7614,0.099937,74.125.24.0-255,2902,354035,64,357069
7615,0.099944,172.31.40.0-255,66,354101,64,357069
7616,0.099965,74.125.24.0-255,2902,357003,64,357069
7617,0.099968,172.31.40.0-255,66,357069,64,357069
7618,0.0,74.125.24.0-255,152,152,64,322927
7619,1.7e-05,172.31.40.0-255,66,218,64,322927
7620,2.5e-05,74.125.24.0-255,1484,1702,64,322927
7621,3e-05,172.31.40.0-255,66,1768,64,322927
7622,3.5e-05,74.125.24.0-255,2902,4670,64,322927
7623,4.5e-05,172.31.40.0-255,66,4736,64,322927
7624,7.6e-05,74.125.24.0-255,4320,9056,64,322927
7625,7.9e-05,172.31.40.0-255,66,9122,64,322927
7626,8.5e-05,74.125.24.0-255,4903,14025,64,322927
7627,8.8e-05,172.31.40.0-255,66,14091,64,322927
7628,0.000352,74.125.24.0-255,1484,15575,64,322927
7629,0.000358,172.31.40.0-255,66,15641,64,322927
7630,0.000364,74.125.24.0-255,2902,18543,64,322927
7631,0.000367,172.31.40.0-255,66,18609,64,322927
7632,0.000372,74.125.24.0-255,2902,21511,64,322927
7633,0.000379,172.31.40.0-255,66,21577,64,322927
7634,0.000406,74.125.24.0-255,2902,24479,64,322927
7635,0.000408,172.31.40.0-255,66,24545,64,322927
7636,0.000424,172.31.40.0-255,66,24611,64,322927
7637,0.000456,74.125.24.0-255,3961,28572,64,322927
7638,0.000464,172.31.40.0-255,66,28638,64,322927
7639,0.000477,172.31.40.0-255,66,28704,64,322927
7640,0.000482,74.125.24.0-255,2902,31606,64,322927
7641,0.000485,172.31.40.0-255,66,31672,64,322927
7642,0.000535,172.31.40.0-255,66,31738,64,322927
7643,0.000538,74.125.24.0-255,363,32101,64,322927
7644,0.00054,172.31.40.0-255,66,32167,64,322927
7645,0.00109,74.125.24.0-255,380,32547,64,322927
7646,0.00111,172.31.40.0-255,66,32613,64,322927
7647,0.001115,74.125.24.0-255,1484,34097,64,322927
7648,0.001141,74.125.24.0-255,4320,38417,64,322927
7649,0.001144,172.31.40.0-255,66,38483,64,322927
7650,0.001155,172.31.40.0-255,66,38549,64,322927
7651,0.001171,74.125.24.0-255,1484,40033,64,322927
7652,0.001193,74.125.24.0-255,5738,45771,64,322927
7653,0.001196,172.31.40.0-255,66,45837,64,322927
7654,0.001237,172.31.40.0-255,66,45903,64,322927
7655,0.001798,74.125.24.0-255,1484,47387,64,322927
7656,0.001808,74.125.24.0-255,2902,50289,64,322927
7657,0.001812,172.31.40.0-255,66,50355,64,322927
7658,0.00182,74.125.24.0-255,5738,56093,64,322927
7659,0.001822,172.31.40.0-255,66,56159,64,322927
7660,0.001861,172.31.40.0-255,66,56225,64,322927
7661,0.001887,74.125.24.0-255,2902,59127,64,322927
7662,0.00189,172.31.40.0-255,66,59193,64,322927
7663,0.001927,172.31.40.0-255,66,59259,64,322927
7664,0.002265,74.125.24.0-255,1484,60743,64,322927
7665,0.002274,74.125.24.0-255,2902,63645,64,322927
7666,0.002278,172.31.40.0-255,66,63711,64,322927
7667,0.002285,74.125.24.0-255,5738,69449,64,322927
7668,0.002287,172.31.40.0-255,66,69515,64,322927
7669,0.002323,172.31.40.0-255,66,69581,64,322927
7670,0.002328,74.125.24.0-255,2902,72483,64,322927
7671,0.00233,172.31.40.0-255,66,72549,64,322927
7672,0.002388,172.31.40.0-255,66,72615,64,322927
7673,0.002405,74.125.24.0-255,2184,74799,64,322927
7674,0.002407,172.31.40.0-255,66,74865,64,322927
7675,0.00468,74.125.24.0-255,5738,80603,64,322927
7676,0.004685,172.31.40.0-255,66,80669,64,322927
7677,0.00695,74.125.24.0-255,5738,86407,64,322927
7678,0.006957,172.31.40.0-255,66,86473,64,322927
7679,0.009249,74.125.24.0-255,5738,92211,64,322927
7680,0.009256,172.31.40.0-255,66,92277,64,322927
7681,0.011521,74.125.24.0-255,5738,98015,64,322927
7682,0.01153,172.31.40.0-255,66,98081,64,322927
7683,0.013847,74.125.24.0-255,5738,103819,64,322927
7684,0.013855,172.31.40.0-255,66,103885,64,322927
7685,0.016175,74.125.24.0-255,5738,109623,64,322927
7686,0.016182,172.31.40.0-255,66,109689,64,322927
7687,0.018445,74.125.24.0-255,5738,115427,64,322927
7688,0.018455,172.31.40.0-255,66,115493,64,322927
7689,0.020781,74.125.24.0-255,5738,121231,64,322927
7690,0.020794,172.31.40.0-255,66,121297,64,322927
7691,0.023107,74.125.24.0-255,5738,127035,64,322927
7692,0.023114,172.31.40.0-255,66,127101,64,322927
7693,0.025412,74.125.24.0-255,5738,132839,64,322927
7694,0.02542,172.31.40.0-255,66,132905,64,322927
7695,0.027673,74.125.24.0-255,5738,138643,64,322927
7696,0.027681,172.31.40.0-255,66,138709,64,322927
7697,0.029959,74.125.24.0-255,5738,144447,64,322927
7698,0.029966,172.31.40.0-255,66,144513,64,322927
7699,0.030401,172.31.40.0-255,172,144685,64,322927
7700,0.030431,172.31.40.0-255,1112,145797,64,322927
7701,0.030486,172.31.40.0-255,1514,147311,64,322927
7702,0.030488,172.31.40.0-255,1298,148609,64,322927
7703,0.031957,104.244.42.0-255,66,148675,64,322927
7704,0.031999,104.244.42.0-255,66,148741,64,322927
7705,0.03204,104.244.42.0-255,66,148807,64,322927
7706,0.032281,74.125.24.0-255,5738,154545,64,322927
7707,0.032287,172.31.40.0-255,66,154611,64,322927
7708,0.034598,74.125.24.0-255,5738,160349,64,322927
7709,0.034604,172.31.40.0-255,66,160415,64,322927
7710,0.036893,74.125.24.0-255,5738,166153,64,322927
7711,0.036912,172.31.40.0-255,66,166219,64,322927
7712,0.039245,74.125.24.0-255,5738,171957,64,322927
7713,0.039262,172.31.40.0-255,66,172023,64,322927
7714,0.041558,74.125.24.0-255,5738,177761,64,322927
7715,0.041576,172.31.40.0-255,66,177827,64,322927
7716,0.043878,74.125.24.0-255,5738,183565,64,322927
7717,0.043895,172.31.40.0-255,66,183631,64,322927
7718,0.046174,74.125.24.0-255,5738,189369,64,322927
7719,0.046192,172.31.40.0-255,66,189435,64,322927
7720,0.048518,74.125.24.0-255,5738,195173,64,322927
7721,0.048537,172.31.40.0-255,66,195239,64,322927
7722,0.050857,74.125.24.0-255,5738,200977,64,322927
7723,0.050877,172.31.40.0-255,66,201043,64,322927
7724,0.053161,74.125.24.0-255,5738,206781,64,322927
7725,0.053175,172.31.40.0-255,66,206847,64,322927
7726,0.055466,74.125.24.0-255,5738,212585,64,322927
7727,0.055486,172.31.40.0-255,66,212651,64,322927
7728,0.057826,74.125.24.0-255,5738,218389,64,322927
7729,0.057845,172.31.40.0-255,66,218455,64,322927
7730,0.060179,74.125.24.0-255,5738,224193,64,322927
7731,0.060196,172.31.40.0-255,66,224259,64,322927
7732,0.062496,74.125.24.0-255,5738,229997,64,322927
7733,0.062516,172.31.40.0-255,66,230063,64,322927
7734,0.06482,74.125.24.0-255,5738,235801,64,322927
7735,0.064838,172.31.40.0-255,66,235867,64,322927
7736,0.067102,74.125.24.0-255,5738,241605,64,322927
7737,0.06712,172.31.40.0-255,66,241671,64,322927
7738,0.069426,74.125.24.0-255,5738,247409,64,322927
7739,0.06944,172.31.40.0-255,66,247475,64,322927
7740,0.071739,74.125.24.0-255,5738,253213,64,322927
7741,0.071758,172.31.40.0-255,66,253279,64,322927
7742,0.074077,74.125.24.0-255,5738,259017,64,322927
7743,0.074093,172.31.40.0-255,66,259083,64,322927
7744,0.076409,74.125.24.0-255,5738,264821,64,322927
7745,0.076427,172.31.40.0-255,66,264887,64,322927
7746,0.078692,74.125.24.0-255,5738,270625,64,322927
7747,0.078709,172.31.40.0-255,66,270691,64,322927
7748,0.081019,74.125.24.0-255,5738,276429,64,322927
7749,0.081038,172.31.40.0-255,66,276495,64,322927
7750,0.083315,74.125.24.0-255,5738,282233,64,322927
7751,0.083334,172.31.40.0-255,66,282299,64,322927
7752,0.085616,74.125.24.0-255,5738,288037,64,322927
7753,0.085632,172.31.40.0-255,66,288103,64,322927
7754,0.087926,74.125.24.0-255,5738,293841,64,322927
7755,0.087943,172.31.40.0-255,66,293907,64,322927
7756,0.090265,74.125.24.0-255,5738,299645,64,322927
7757,0.090285,172.31.40.0-255,66,299711,64,322927
7758,0.092575,74.125.24.0-255,5738,305449,64,322927
7759,0.092594,172.31.40.0-255,66,305515,64,322927
7760,0.094872,74.125.24.0-255,5738,311253,64,322927
7761,0.094896,172.31.40.0-255,66,311319,64,322927
7762,0.097202,74.125.24.0-255,5738,317057,64,322927
7763,0.097219,172.31.40.0-255,66,317123,64,322927
7764,0.099506,74.125.24.0-255,5738,322861,64,322927
7765,0.099522,172.31.40.0-255,66,322927,64,322927
7766,0.0,216.58.203.0-255,153,153,64,414523
7767,2.3e-05,172.31.40.0-255,66,219,64,414523
7768,3.1e-05,216.58.203.0-255,1484,1703,64,414523
7769,3.5e-05,172.31.40.0-255,66,1769,64,414523
7770,4.1e-05,216.58.203.0-255,2902,4671,64,414523
7771,4.4e-05,172.31.40.0-255,66,4737,64,414523
7772,5.2e-05,216.58.203.0-255,7156,11893,64,414523
7773,5.6e-05,172.31.40.0-255,66,11959,64,414523
7774,6e-05,216.58.203.0-255,2069,14028,64,414523
7775,6.3e-05,172.31.40.0-255,66,14094,64,414523
7776,0.000148,216.58.203.0-255,1484,15578,64,414523
7777,0.000151,172.31.40.0-255,66,15644,64,414523
7778,0.000179,216.58.203.0-255,2902,18546,64,414523
7779,0.000182,172.31.40.0-255,66,18612,64,414523
7780,0.000189,216.58.203.0-255,5738,24350,64,414523
7781,0.000191,172.31.40.0-255,66,24416,64,414523
7782,0.000195,216.58.203.0-255,2902,27318,64,414523
7783,0.000197,172.31.40.0-255,66,27384,64,414523
7784,0.000202,216.58.203.0-255,3961,31345,64,414523
7785,0.000205,172.31.40.0-255,66,31411,64,414523
7786,0.000265,216.58.203.0-255,1484,32895,64,414523
7787,0.000268,172.31.40.0-255,66,32961,64,414523
7788,0.000296,216.58.203.0-255,2902,35863,64,414523
7789,0.000299,172.31.40.0-255,66,35929,64,414523
7790,0.000304,216.58.203.0-255,2902,38831,64,414523
7791,0.000307,172.31.40.0-255,66,38897,64,414523
7792,0.00032,216.58.203.0-255,1484,40381,64,414523
7793,0.000322,172.31.40.0-255,66,40447,64,414523
7794,0.000361,216.58.203.0-255,7156,47603,64,414523
7795,0.000364,172.31.40.0-255,66,47669,64,414523
7796,0.000381,216.58.203.0-255,1125,48794,64,414523
7797,0.000383,172.31.40.0-255,66,48860,64,414523
7798,0.000438,216.58.203.0-255,1484,50344,64,414523
7799,0.000455,216.58.203.0-255,2902,53246,64,414523
7800,0.000461,216.58.203.0-255,4320,57566,64,414523
7801,0.000472,216.58.203.0-255,1484,59050,64,414523
7802,0.000488,216.58.203.0-255,4320,63370,64,414523
7803,0.000502,216.58.203.0-255,2543,65913,64,414523
7804,0.000527,216.58.203.0-255,351,66264,64,414523
7805,0.000568,172.31.40.0-255,66,66330,64,414523
7806,0.000816,216.58.203.0-255,391,66721,64,414523
7807,0.00096,216.58.203.0-255,1484,68205,64,414523
7808,0.000966,216.58.203.0-255,2902,71107,64,414523
7809,0.000987,216.58.203.0-255,5738,76845,64,414523
7810,0.000993,216.58.203.0-255,5738,82583,64,414523
7811,0.001,172.31.40.0-255,66,82649,64,414523
7812,0.001013,216.58.203.0-255,1125,83774,64,414523
7813,0.001022,216.58.203.0-255,7156,90930,64,414523
7814,0.001046,216.58.203.0-255,2902,93832,64,414523
7815,0.00106,172.31.40.0-255,66,93898,64,414523
7816,0.001067,216.58.203.0-255,6797,100695,64,414523
7817,0.001072,172.31.40.0-255,66,100761,64,414523
7818,0.001682,216.58.203.0-255,1484,102245,64,414523
7819,0.001691,216.58.203.0-255,1484,103729,64,414523
7820,0.001695,172.31.40.0-255,66,103795,64,414523
7821,0.002747,216.58.203.0-255,2902,106697,64,414523
7822,0.003364,216.58.203.0-255,2902,109599,64,414523
7823,0.007893,172.31.40.0-255,66,109665,64,414523
7824,0.009569,216.58.203.0-255,5738,115403,64,414523
7825,0.009577,172.31.40.0-255,66,115469,64,414523
7826,0.011259,216.58.203.0-255,5738,121207,64,414523
7827,0.013939,172.31.40.0-255,66,121273,64,414523
7828,0.015614,216.58.203.0-255,5738,127011,64,414523
7829,0.015622,172.31.40.0-255,66,127077,64,414523
7830,0.017304,216.58.203.0-255,1484,128561,64,414523
7831,0.017328,216.58.203.0-255,4320,132881,64,414523
7832,0.017333,172.31.40.0-255,66,132947,64,414523
7833,0.019028,216.58.203.0-255,5738,138685,64,414523
7834,0.019036,172.31.40.0-255,66,138751,64,414523
7835,0.020732,216.58.203.0-255,5738,144489,64,414523
7836,0.020739,172.31.40.0-255,66,144555,64,414523
7837,0.02243,216.58.203.0-255,5738,150293,64,414523
7838,0.022437,172.31.40.0-255,66,150359,64,414523
7839,0.024121,216.58.203.0-255,5738,156097,64,414523
7840,0.024128,172.31.40.0-255,66,156163,64,414523
7841,0.025828,216.58.203.0-255,5738,161901,64,414523
7842,0.025835,172.31.40.0-255,66,161967,64,414523
7843,0.027511,216.58.203.0-255,5738,167705,64,414523
7844,0.027519,172.31.40.0-255,66,167771,64,414523
7845,0.029189,216.58.203.0-255,5738,173509,64,414523
7846,0.029195,172.31.40.0-255,66,173575,64,414523
7847,0.030371,172.31.40.0-255,172,173747,64,414523
7848,0.030404,172.31.40.0-255,1112,174859,64,414523
7849,0.030463,172.31.40.0-255,1514,176373,64,414523
7850,0.030465,172.31.40.0-255,1514,177887,64,414523
7851,0.030466,172.31.40.0-255,1514,179401,64,414523
7852,0.030492,172.31.40.0-255,1077,180478,64,414523
7853,0.030865,216.58.203.0-255,2902,183380,64,414523
7854,0.030872,172.31.40.0-255,66,183446,64,414523
7855,0.030889,216.58.203.0-255,2902,186348,64,414523
7856,0.030972,172.31.40.0-255,66,186414,64,414523
7857,0.0319,104.244.42.0-255,66,186480,64,414523
7858,0.031923,104.244.42.0-255,66,186546,64,414523
7859,0.032014,104.244.42.0-255,66,186612,64,414523
7860,0.032017,104.244.42.0-255,66,186678,64,414523
7861,0.032537,216.58.203.0-255,2902,189580,64,414523
7862,0.032541,172.31.40.0-255,66,189646,64,414523
7863,0.032632,216.58.203.0-255,2902,192548,64,414523
7864,0.03265,172.31.40.0-255,66,192614,64,414523
7865,0.034209,216.58.203.0-255,2902,195516,64,414523
7866,0.034216,172.31.40.0-255,66,195582,64,414523
7867,0.034308,216.58.203.0-255,2902,198484,64,414523
7868,0.03432,172.31.40.0-255,66,198550,64,414523
7869,0.035897,216.58.203.0-255,2902,201452,64,414523
7870,0.035906,172.31.40.0-255,66,201518,64,414523
7871,0.035976,216.58.203.0-255,2902,204420,64,414523
7872,0.036014,172.31.40.0-255,66,204486,64,414523
7873,0.037573,216.58.203.0-255,2902,207388,64,414523
7874,0.03758,172.31.40.0-255,66,207454,64,414523
7875,0.037672,216.58.203.0-255,2902,210356,64,414523
7876,0.037677,172.31.40.0-255,66,210422,64,414523
7877,0.039293,216.58.203.0-255,2902,213324,64,414523
7878,0.039301,172.31.40.0-255,66,213390,64,414523
7879,0.039344,216.58.203.0-255,2902,216292,64,414523
7880,0.039383,172.31.40.0-255,66,216358,64,414523
7881,0.040964,216.58.203.0-255,2902,219260,64,414523
7882,0.04097,172.31.40.0-255,66,219326,64,414523
7883,0.041043,216.58.203.0-255,2902,222228,64,414523
7884,0.041058,172.31.40.0-255,66,222294,64,414523
7885,0.042657,216.58.203.0-255,2902,225196,64,414523
7886,0.042664,172.31.40.0-255,66,225262,64,414523
7887,0.042746,216.58.203.0-255,1484,226746,64,414523
7888,0.04276,216.58.203.0-255,1484,228230,64,414523
7889,0.042768,172.31.40.0-255,66,228296,64,414523
7890,0.044497,216.58.203.0-255,5738,234034,64,414523
7891,0.044536,172.31.40.0-255,66,234100,64,414523
7892,0.046205,216.58.203.0-255,5738,239838,64,414523
7893,0.04621,172.31.40.0-255,66,239904,64,414523
7894,0.047895,216.58.203.0-255,2902,242806,64,414523
7895,0.047902,172.31.40.0-255,66,242872,64,414523
7896,0.047924,216.58.203.0-255,2902,245774,64,414523
7897,0.047943,172.31.40.0-255,66,245840,64,414523
7898,0.049558,216.58.203.0-255,2902,248742,64,414523
7899,0.049564,172.31.40.0-255,66,248808,64,414523
7900,0.049591,216.58.203.0-255,2902,251710,64,414523
7901,0.049605,172.31.40.0-255,66,251776,64,414523
7902,0.05123,216.58.203.0-255,2902,254678,64,414523
7903,0.051236,172.31.40.0-255,66,254744,64,414523
7904,0.051274,216.58.203.0-255,2902,257646,64,414523
7905,0.051303,172.31.40.0-255,66,257712,64,414523
7906,0.052931,216.58.203.0-255,2902,260614,64,414523
7907,0.052941,172.31.40.0-255,66,260680,64,414523
7908,0.052966,216.58.203.0-255,2902,263582,64,414523
7909,0.053006,172.31.40.0-255,66,263648,64,414523
7910,0.05465,216.58.203.0-255,2902,266550,64,414523
7911,0.054656,172.31.40.0-255,66,266616,64,414523
7912,0.054681,216.58.203.0-255,2902,269518,64,414523
7913,0.0547,172.31.40.0-255,66,269584,64,414523
7914,0.056339,216.58.203.0-255,2902,272486,64,414523
7915,0.056346,172.31.40.0-255,66,272552,64,414523
7916,0.056376,216.58.203.0-255,2902,275454,64,414523
7917,0.056388,172.31.40.0-255,66,275520,64,414523
7918,0.058027,216.58.203.0-255,2902,278422,64,414523
7919,0.058034,172.31.40.0-255,66,278488,64,414523
7920,0.058056,216.58.203.0-255,2902,281390,64,414523
7921,0.058076,172.31.40.0-255,66,281456,64,414523
7922,0.059698,216.58.203.0-255,2902,284358,64,414523
7923,0.059704,172.31.40.0-255,66,284424,64,414523
7924,0.059735,216.58.203.0-255,2902,287326,64,414523
7925,0.05976,172.31.40.0-255,66,287392,64,414523
7926,0.061368,216.58.203.0-255,2902,290294,64,414523
7927,0.061375,172.31.40.0-255,66,290360,64,414523
7928,0.061412,216.58.203.0-255,2902,293262,64,414523
7929,0.061432,172.31.40.0-255,66,293328,64,414523
7930,0.06305,216.58.203.0-255,2902,296230,64,414523
7931,0.063056,172.31.40.0-255,66,296296,64,414523
7932,0.06308,216.58.203.0-255,1484,297780,64,414523
7933,0.063092,216.58.203.0-255,1484,299264,64,414523
7934,0.063108,172.31.40.0-255,66,299330,64,414523
7935,0.063195,172.31.40.0-255,101,299431,64,414523
7936,0.064724,216.58.203.0-255,2902,302333,64,414523
7937,0.064731,172.31.40.0-255,66,302399,64,414523
7938,0.064779,216.58.203.0-255,2902,305301,64,414523
7939,0.064822,216.58.203.0-255,66,305367,64,414523
7940,0.064825,172.31.40.0-255,66,305433,64,414523
7941,0.066402,216.58.203.0-255,2902,308335,64,414523
7942,0.066408,172.31.40.0-255,66,308401,64,414523
7943,0.066488,216.58.203.0-255,2902,311303,64,414523
7944,0.066748,172.31.40.0-255,66,311369,64,414523
7945,0.068093,216.58.203.0-255,2902,314271,64,414523
7946,0.068099,172.31.40.0-255,66,314337,64,414523
7947,0.068428,216.58.203.0-255,2902,317239,64,414523
7948,0.068434,172.31.40.0-255,66,317305,64,414523
7949,0.069788,216.58.203.0-255,2902,320207,64,414523
7950,0.069795,172.31.40.0-255,66,320273,64,414523
7951,0.070093,216.58.203.0-255,2902,323175,64,414523
7952,0.070222,172.31.40.0-255,66,323241,64,414523
7953,0.071479,216.58.203.0-255,2902,326143,64,414523
7954,0.071485,172.31.40.0-255,66,326209,64,414523
7955,0.0719,216.58.203.0-255,2902,329111,64,414523
7956,0.071907,172.31.40.0-255,66,329177,64,414523
7957,0.073158,216.58.203.0-255,2902,332079,64,414523
7958,0.073165,172.31.40.0-255,66,332145,64,414523
7959,0.073582,216.58.203.0-255,2902,335047,64,414523
7960,0.073589,172.31.40.0-255,66,335113,64,414523
7961,0.074852,216.58.203.0-255,2902,338015,64,414523
7962,0.074858,172.31.40.0-255,66,338081,64,414523
7963,0.075257,216.58.203.0-255,2902,340983,64,414523
7964,0.075263,172.31.40.0-255,66,341049,64,414523
7965,0.076542,216.58.203.0-255,2902,343951,64,414523
7966,0.076549,172.31.40.0-255,66,344017,64,414523
7967,0.076926,216.58.203.0-255,2902,346919,64,414523
7968,0.076932,172.31.40.0-255,66,346985,64,414523
7969,0.078226,216.58.203.0-255,2902,349887,64,414523
7970,0.078233,172.31.40.0-255,66,349953,64,414523
7971,0.078611,216.58.203.0-255,2902,352855,64,414523
7972,0.078618,172.31.40.0-255,66,352921,64,414523
7973,0.079901,216.58.203.0-255,2902,355823,64,414523
7974,0.079907,172.31.40.0-255,66,355889,64,414523
7975,0.08029,216.58.203.0-255,2902,358791,64,414523
7976,0.080295,172.31.40.0-255,66,358857,64,414523
7977,0.081569,216.58.203.0-255,2902,361759,64,414523
7978,0.081575,172.31.40.0-255,66,361825,64,414523
7979,0.08196,216.58.203.0-255,2902,364727,64,414523
7980,0.081966,172.31.40.0-255,66,364793,64,414523
7981,0.083244,216.58.203.0-255,2902,367695,64,414523
7982,0.083251,172.31.40.0-255,66,367761,64,414523
7983,0.083624,216.58.203.0-255,2902,370663,64,414523
7984,0.08363,172.31.40.0-255,66,370729,64,414523
7985,0.084914,216.58.203.0-255,2902,373631,64,414523
7986,0.084921,172.31.40.0-255,66,373697,64,414523
7987,0.085299,216.58.203.0-255,2902,376599,64,414523
7988,0.085305,172.31.40.0-255,66,376665,64,414523
7989,0.086582,216.58.203.0-255,2902,379567,64,414523
7990,0.086588,172.31.40.0-255,66,379633,64,414523
7991,0.086974,216.58.203.0-255,2902,382535,64,414523
7992,0.088248,216.58.203.0-255,2902,385437,64,414523
7993,0.090452,172.31.40.0-255,66,385503,64,414523
7994,0.092145,216.58.203.0-255,5738,391241,64,414523
7995,0.092153,172.31.40.0-255,66,391307,64,414523
7996,0.093841,216.58.203.0-255,5738,397045,64,414523
7997,0.093849,172.31.40.0-255,66,397111,64,414523
7998,0.095523,216.58.203.0-255,5738,402849,64,414523
7999,0.09553,172.31.40.0-255,66,402915,64,414523
8000,0.097204,216.58.203.0-255,5738,408653,64,414523
8001,0.097211,172.31.40.0-255,66,408719,64,414523
8002,0.098883,216.58.203.0-255,5738,414457,64,414523
8003,0.098889,172.31.40.0-255,66,414523,64,414523
8004,0.0,74.125.24.0-255,156,156,64,341731
8005,2.1e-05,172.31.40.0-255,66,222,64,341731
8006,5.6e-05,74.125.24.0-255,1484,1706,64,341731
8007,6.1e-05,172.31.40.0-255,66,1772,64,341731
8008,9.2e-05,74.125.24.0-255,2902,4674,64,341731
8009,9.5e-05,172.31.40.0-255,66,4740,64,341731
8010,0.000125,74.125.24.0-255,5738,10478,64,341731
8011,0.000128,172.31.40.0-255,66,10544,64,341731
8012,0.000164,74.125.24.0-255,6275,16819,64,341731
8013,0.000167,172.31.40.0-255,66,16885,64,341731
8014,0.000174,74.125.24.0-255,5738,22623,64,341731
8015,0.000176,172.31.40.0-255,66,22689,64,341731
8016,0.000199,74.125.24.0-255,1484,24173,64,341731
8017,0.000206,172.31.40.0-255,66,24239,64,341731
8018,0.000213,74.125.24.0-255,6797,31036,64,341731
8019,0.000216,172.31.40.0-255,66,31102,64,341731
8020,0.000364,74.125.24.0-255,1484,32586,64,341731
8021,0.000368,172.31.40.0-255,66,32652,64,341731
8022,0.000374,74.125.24.0-255,2902,35554,64,341731
8023,0.000377,172.31.40.0-255,66,35620,64,341731
8024,0.000388,74.125.24.0-255,4320,39940,64,341731
8025,0.000392,172.31.40.0-255,66,40006,64,341731
8026,0.000401,74.125.24.0-255,1484,41490,64,341731
8027,0.000404,172.31.40.0-255,66,41556,64,341731
8028,0.000409,74.125.24.0-255,2902,44458,64,341731
8029,0.000411,172.31.40.0-255,66,44524,64,341731
8030,0.000436,74.125.24.0-255,3961,48485,64,341731
8031,0.000439,172.31.40.0-255,66,48551,64,341731
8032,0.000447,74.125.24.0-255,7156,55707,64,341731
8033,0.00045,172.31.40.0-255,66,55773,64,341731
8034,0.000455,74.125.24.0-255,4320,60093,64,341731
8035,0.000457,172.31.40.0-255,66,60159,64,341731
8036,0.000512,74.125.24.0-255,4320,64479,64,341731
8037,0.000515,172.31.40.0-255,66,64545,64,341731
8038,0.00054,74.125.24.0-255,1400,65945,64,341731
8039,0.000543,74.125.24.0-255,380,66325,64,341731
8040,0.000546,172.31.40.0-255,66,66391,64,341731
8041,0.000641,74.125.24.0-255,1484,67875,64,341731
8042,0.000646,74.125.24.0-255,1484,69359,64,341731
8043,0.000649,172.31.40.0-255,66,69425,64,341731
8044,0.000667,74.125.24.0-255,1484,70909,64,341731
8045,0.000674,74.125.24.0-255,5738,76647,64,341731
8046,0.000676,172.31.40.0-255,66,76713,64,341731
8047,0.000712,74.125.24.0-255,4320,81033,64,341731
8048,0.000716,172.31.40.0-255,66,81099,64,341731
8049,0.000744,74.125.24.0-255,2543,83642,64,341731
8050,0.000747,172.31.40.0-255,66,83708,64,341731
8051,0.000827,74.125.24.0-255,1484,85192,64,341731
8052,0.000833,74.125.24.0-255,2902,88094,64,341731
8053,0.000836,172.31.40.0-255,66,88160,64,341731
8054,0.000864,74.125.24.0-255,5738,93898,64,341731
8055,0.000867,172.31.40.0-255,66,93964,64,341731
8056,0.000917,74.125.24.0-255,5738,99702,64,341731
8057,0.00092,172.31.40.0-255,66,99768,64,341731
8058,0.000942,74.125.24.0-255,1125,100893,64,341731
8059,0.003262,74.125.24.0-255,4320,105213,64,341731
8060,0.003268,172.31.40.0-255,66,105279,64,341731
8061,0.005637,74.125.24.0-255,5738,111017,64,341731
8062,0.005641,172.31.40.0-255,66,111083,64,341731
8063,0.008013,74.125.24.0-255,5738,116821,64,341731
8064,0.00802,172.31.40.0-255,66,116887,64,341731
8065,0.010378,74.125.24.0-255,5738,122625,64,341731
8066,0.010385,172.31.40.0-255,66,122691,64,341731
8067,0.012753,74.125.24.0-255,5738,128429,64,341731
8068,0.01277,172.31.40.0-255,66,128495,64,341731
8069,0.01512,74.125.24.0-255,5738,134233,64,341731
8070,0.015134,172.31.40.0-255,66,134299,64,341731
8071,0.017525,74.125.24.0-255,5738,140037,64,341731
8072,0.017537,172.31.40.0-255,66,140103,64,341731
8073,0.019914,74.125.24.0-255,5738,145841,64,341731
8074,0.019924,172.31.40.0-255,66,145907,64,341731
8075,0.0223,74.125.24.0-255,5738,151645,64,341731
8076,0.022313,172.31.40.0-255,66,151711,64,341731
8077,0.024688,74.125.24.0-255,5738,157449,64,341731
8078,0.024695,172.31.40.0-255,66,157515,64,341731
8079,0.027097,74.125.24.0-255,5738,163253,64,341731
8080,0.027104,172.31.40.0-255,66,163319,64,341731
8081,0.029451,74.125.24.0-255,5738,169057,64,341731
8082,0.029458,172.31.40.0-255,66,169123,64,341731
8083,0.031807,74.125.24.0-255,5738,174861,64,341731
8084,0.031814,172.31.40.0-255,66,174927,64,341731
8085,0.034157,74.125.24.0-255,5738,180665,64,341731
8086,0.034165,172.31.40.0-255,66,180731,64,341731
8087,0.036499,74.125.24.0-255,5738,186469,64,341731
8088,0.036506,172.31.40.0-255,66,186535,64,341731
8089,0.038066,172.31.40.0-255,172,186707,64,341731
8090,0.038099,172.31.40.0-255,1112,187819,64,341731
8091,0.038157,172.31.40.0-255,1514,189333,64,341731
8092,0.038159,172.31.40.0-255,1296,190629,64,341731
8093,0.038846,74.125.24.0-255,5738,196367,64,341731
8094,0.038853,172.31.40.0-255,66,196433,64,341731
8095,0.039626,104.244.42.0-255,66,196499,64,341731
8096,0.039666,104.244.42.0-255,66,196565,64,341731
8097,0.039712,104.244.42.0-255,66,196631,64,341731
8098,0.041266,74.125.24.0-255,5738,202369,64,341731
8099,0.041272,172.31.40.0-255,66,202435,64,341731
8100,0.043648,74.125.24.0-255,5738,208173,64,341731
8101,0.043659,172.31.40.0-255,66,208239,64,341731
8102,0.046023,74.125.24.0-255,5738,213977,64,341731
8103,0.046035,172.31.40.0-255,66,214043,64,341731
8104,0.048389,74.125.24.0-255,5738,219781,64,341731
8105,0.048404,172.31.40.0-255,66,219847,64,341731
8106,0.050767,74.125.24.0-255,5738,225585,64,341731
8107,0.050781,172.31.40.0-255,66,225651,64,341731
8108,0.053156,74.125.24.0-255,5738,231389,64,341731
8109,0.053163,172.31.40.0-255,66,231455,64,341731
8110,0.055541,74.125.24.0-255,5738,237193,64,341731
8111,0.055549,172.31.40.0-255,66,237259,64,341731
8112,0.057898,74.125.24.0-255,5738,242997,64,341731
8113,0.057911,172.31.40.0-255,66,243063,64,341731
8114,0.060291,74.125.24.0-255,5738,248801,64,341731
8115,0.060306,172.31.40.0-255,66,248867,64,341731
8116,0.062702,74.125.24.0-255,5738,254605,64,341731
8117,0.062713,172.31.40.0-255,66,254671,64,341731
8118,0.06509,74.125.24.0-255,5738,260409,64,341731
8119,0.065112,172.31.40.0-255,66,260475,64,341731
8120,0.067529,74.125.24.0-255,5738,266213,64,341731
8121,0.06754,172.31.40.0-255,66,266279,64,341731
8122,0.069911,74.125.24.0-255,5738,272017,64,341731
8123,0.069926,172.31.40.0-255,66,272083,64,341731
8124,0.072304,74.125.24.0-255,5738,277821,64,341731
8125,0.072323,172.31.40.0-255,66,277887,64,341731
8126,0.074717,74.125.24.0-255,5738,283625,64,341731
8127,0.074734,172.31.40.0-255,66,283691,64,341731
8128,0.077128,74.125.24.0-255,5738,289429,64,341731
8129,0.077146,172.31.40.0-255,66,289495,64,341731
8130,0.07952,74.125.24.0-255,5738,295233,64,341731
8131,0.079534,172.31.40.0-255,66,295299,64,341731
8132,0.08189,74.125.24.0-255,5738,301037,64,341731
8133,0.081896,172.31.40.0-255,66,301103,64,341731
8134,0.084252,74.125.24.0-255,5738,306841,64,341731
8135,0.084258,172.31.40.0-255,66,306907,64,341731
8136,0.086635,74.125.24.0-255,5738,312645,64,341731
8137,0.086653,172.31.40.0-255,66,312711,64,341731
8138,0.089019,74.125.24.0-255,5738,318449,64,341731
8139,0.089036,172.31.40.0-255,66,318515,64,341731
8140,0.091411,74.125.24.0-255,5738,324253,64,341731
8141,0.091429,172.31.40.0-255,66,324319,64,341731
8142,0.093809,74.125.24.0-255,5738,330057,64,341731
8143,0.093826,172.31.40.0-255,66,330123,64,341731
8144,0.096204,74.125.24.0-255,5738,335861,64,341731
8145,0.096219,172.31.40.0-255,66,335927,64,341731
8146,0.098608,74.125.24.0-255,5738,341665,64,341731
8147,0.098615,172.31.40.0-255,66,341731,64,341731
8148,0.0,172.217.194.0-255,143,143,64,203447
8149,3.3e-05,172.31.40.0-255,66,209,64,203447
8150,4e-05,172.217.194.0-255,1484,1693,64,203447
8151,4.5e-05,172.31.40.0-255,66,1759,64,203447
8152,4.9e-05,172.217.194.0-255,2902,4661,64,203447
8153,5.2e-05,172.31.40.0-255,66,4727,64,203447
8154,6.7e-05,172.217.194.0-255,7156,11883,64,203447
8155,7e-05,172.31.40.0-255,66,11949,64,203447
8156,7.4e-05,172.217.194.0-255,1911,13860,64,203447
8157,7.7e-05,172.31.40.0-255,66,13926,64,203447
8158,0.00031,172.217.194.0-255,1484,15410,64,203447
8159,0.000315,172.31.40.0-255,66,15476,64,203447
8160,0.000321,172.217.194.0-255,2902,18378,64,203447
8161,0.000324,172.31.40.0-255,66,18444,64,203447
8162,0.000337,172.217.194.0-255,5738,24182,64,203447
8163,0.00034,172.31.40.0-255,66,24248,64,203447
8164,0.000381,172.217.194.0-255,6797,31045,64,203447
8165,0.000385,172.31.40.0-255,66,31111,64,203447
8166,0.00046,172.217.194.0-255,1484,32595,64,203447
8167,0.000464,172.31.40.0-255,66,32661,64,203447
8168,0.000469,172.217.194.0-255,2902,35563,64,203447
8169,0.000473,172.31.40.0-255,66,35629,64,203447
8170,0.000495,172.217.194.0-255,5738,41367,64,203447
8171,0.000503,172.31.40.0-255,66,41433,64,203447
8172,0.000506,172.217.194.0-255,1484,42917,64,203447
8173,0.000508,172.31.40.0-255,66,42983,64,203447
8174,0.000552,172.31.40.0-255,66,43049,64,203447
8175,0.000588,172.31.40.0-255,66,43115,64,203447
8176,0.000626,172.217.194.0-255,1484,44599,64,203447
8177,0.00063,172.31.40.0-255,66,44665,64,203447
8178,0.000635,172.217.194.0-255,2902,47567,64,203447
8179,0.000639,172.31.40.0-255,66,47633,64,203447
8180,0.000662,172.217.194.0-255,5738,53371,64,203447
8181,0.000665,172.31.40.0-255,66,53437,64,203447
8182,0.000673,172.217.194.0-255,6797,60234,64,203447
8183,0.000676,172.31.40.0-255,66,60300,64,203447
8184,0.000689,172.217.194.0-255,4320,64620,64,203447
8185,0.000692,172.31.40.0-255,66,64686,64,203447
8186,0.000732,172.31.40.0-255,66,64752,64,203447
8187,0.000736,172.217.194.0-255,2819,67571,64,203447
8188,0.000738,172.31.40.0-255,66,67637,64,203447
8189,0.000811,172.217.194.0-255,1484,69121,64,203447
8190,0.000828,172.217.194.0-255,2902,72023,64,203447
8191,0.000832,172.31.40.0-255,66,72089,64,203447
8192,0.000838,172.217.194.0-255,5738,77827,64,203447
8193,0.000841,172.31.40.0-255,66,77893,64,203447
8194,0.000843,172.217.194.0-255,1484,79377,64,203447
8195,0.000883,172.31.40.0-255,66,79443,64,203447
8196,0.000888,172.31.40.0-255,66,79509,64,203447
8197,0.000941,172.217.194.0-255,1484,80993,64,203447
8198,0.000964,172.217.194.0-255,2902,83895,64,203447
8199,0.000968,172.31.40.0-255,66,83961,64,203447
8200,0.000973,172.217.194.0-255,5738,89699,64,203447
8201,0.000976,172.31.40.0-255,66,89765,64,203447
8202,0.000988,172.217.194.0-255,5738,95503,64,203447
8203,0.000991,172.31.40.0-255,66,95569,64,203447
8204,0.001029,172.217.194.0-255,5738,101307,64,203447
8205,0.001032,172.31.40.0-255,66,101373,64,203447
8206,0.001059,172.217.194.0-255,7156,108529,64,203447
8207,0.001062,172.31.40.0-255,66,108595,64,203447
8208,0.001068,172.217.194.0-255,5020,113615,64,203447
8209,0.00107,172.31.40.0-255,66,113681,64,203447
8210,0.001076,172.217.194.0-255,4320,118001,64,203447
8211,0.001078,172.31.40.0-255,66,118067,64,203447
8212,0.001083,172.217.194.0-255,5738,123805,64,203447
8213,0.001085,172.31.40.0-255,66,123871,64,203447
8214,0.001127,172.31.40.0-255,66,123937,64,203447
8215,0.001148,172.31.40.0-255,66,124003,64,203447
8216,0.00143,172.217.194.0-255,1484,125487,64,203447
8217,0.001436,172.217.194.0-255,2902,128389,64,203447
8218,0.00144,172.31.40.0-255,66,128455,64,203447
8219,0.001446,172.217.194.0-255,5738,134193,64,203447
8220,0.001448,172.31.40.0-255,66,134259,64,203447
8221,0.001467,172.217.194.0-255,4320,138579,64,203447
8222,0.00147,172.31.40.0-255,66,138645,64,203447
8223,0.001499,172.31.40.0-255,66,138711,64,203447
8224,0.00151,172.31.40.0-255,66,138777,64,203447
8225,0.001534,172.217.194.0-255,4320,143097,64,203447
8226,0.001537,172.31.40.0-255,66,143163,64,203447
8227,0.00157,172.217.194.0-255,5020,148183,64,203447
8228,0.001573,172.31.40.0-255,66,148249,64,203447
8229,0.001588,172.31.40.0-255,66,148315,64,203447
8230,0.001608,172.31.40.0-255,66,148381,64,203447
8231,0.001642,172.217.194.0-255,1484,149865,64,203447
8232,0.001648,172.217.194.0-255,2902,152767,64,203447
8233,0.001653,172.217.194.0-255,5738,158505,64,203447
8234,0.001653,172.31.40.0-255,66,158571,64,203447
8235,0.001658,172.31.40.0-255,66,158637,64,203447
8236,0.00168,172.217.194.0-255,4320,162957,64,203447
8237,0.001685,172.31.40.0-255,66,163023,64,203447
8238,0.001712,172.31.40.0-255,66,163089,64,203447
8239,0.001714,172.217.194.0-255,7156,170245,64,203447
8240,0.001736,172.31.40.0-255,66,170311,64,203447
8241,0.001746,172.217.194.0-255,3602,173913,64,203447
8242,0.00175,172.31.40.0-255,66,173979,64,203447
8243,0.001824,172.217.194.0-255,1484,175463,64,203447
8244,0.001829,172.217.194.0-255,2902,178365,64,203447
8245,0.001832,172.31.40.0-255,66,178431,64,203447
8246,0.00186,172.217.194.0-255,5738,184169,64,203447
8247,0.001872,172.31.40.0-255,66,184235,64,203447
8248,0.001894,172.217.194.0-255,1484,185719,64,203447
8249,0.001898,172.31.40.0-255,66,185785,64,203447
8250,0.001942,172.31.40.0-255,66,185851,64,203447
8251,0.00199,172.217.194.0-255,1484,187335,64,203447
8252,0.001996,172.217.194.0-255,2902,190237,64,203447
8253,0.002001,172.217.194.0-255,5738,195975,64,203447
8254,0.002016,172.31.40.0-255,66,196041,64,203447
8255,0.002022,172.31.40.0-255,66,196107,64,203447
8256,0.002049,172.31.40.0-255,66,196173,64,203447
8257,0.002067,172.31.40.0-255,66,196239,64,203447
8258,0.002113,172.31.40.0-255,66,196305,64,203447
8259,0.002121,172.217.194.0-255,1467,197772,64,203447
8260,0.002126,172.31.40.0-255,66,197838,64,203447
8261,0.002162,172.217.194.0-255,105,197943,64,203447
8262,0.003616,172.31.40.0-255,66,198009,64,203447
8263,0.003643,172.31.40.0-255,105,198114,64,203447
8264,0.005984,172.217.194.0-255,66,198180,64,203447
8265,0.049226,172.31.40.0-255,167,198347,64,203447
8266,0.049256,172.31.40.0-255,1111,199458,64,203447
8267,0.049298,172.31.40.0-255,1514,200972,64,203447
8268,0.0493,172.31.40.0-255,1514,202486,64,203447
8269,0.049301,172.31.40.0-255,697,203183,64,203447
8270,0.050776,104.244.42.0-255,66,203249,64,203447
8271,0.050789,104.244.42.0-255,66,203315,64,203447
8272,0.050853,104.244.42.0-255,66,203381,64,203447
8273,0.050859,104.244.42.0-255,66,203447,64,203447
8274,0.0,74.125.24.0-255,147,147,64,270958
8275,3.3e-05,172.31.40.0-255,66,213,64,270958
8276,4.2e-05,74.125.24.0-255,1484,1697,64,270958
8277,4.7e-05,172.31.40.0-255,66,1763,64,270958
8278,5.3e-05,74.125.24.0-255,2902,4665,64,270958
8279,5.6e-05,172.31.40.0-255,66,4731,64,270958
8280,6.6e-05,74.125.24.0-255,7156,11887,64,270958
8281,6.9e-05,172.31.40.0-255,66,11953,64,270958
8282,7.2e-05,74.125.24.0-255,2031,13984,64,270958
8283,7.5e-05,172.31.40.0-255,66,14050,64,270958
8284,0.000755,74.125.24.0-255,1484,15534,64,270958
8285,0.00076,172.31.40.0-255,66,15600,64,270958
8286,0.000779,74.125.24.0-255,2902,18502,64,270958
8287,0.000782,172.31.40.0-255,66,18568,64,270958
8288,0.000788,74.125.24.0-255,5738,24306,64,270958
8289,0.00079,172.31.40.0-255,66,24372,64,270958
8290,0.000811,74.125.24.0-255,4320,28692,64,270958
8291,0.000814,172.31.40.0-255,66,28758,64,270958
8292,0.000833,74.125.24.0-255,2543,31301,64,270958
8293,0.000837,172.31.40.0-255,66,31367,64,270958
8294,0.000872,74.125.24.0-255,1484,32851,64,270958
8295,0.000876,74.125.24.0-255,2902,35753,64,270958
8296,0.000877,172.31.40.0-255,66,35819,64,270958
8297,0.000879,74.125.24.0-255,1484,37303,64,270958
8298,0.000883,172.31.40.0-255,66,37369,64,270958
8299,0.000886,172.31.40.0-255,66,37435,64,270958
8300,0.000909,74.125.24.0-255,4320,41755,64,270958
8301,0.000913,172.31.40.0-255,66,41821,64,270958
8302,0.00092,74.125.24.0-255,6797,48618,64,270958
8303,0.000922,172.31.40.0-255,66,48684,64,270958
8304,0.003449,74.125.24.0-255,5738,54422,64,270958
8305,0.003455,172.31.40.0-255,66,54488,64,270958
8306,0.00602,74.125.24.0-255,5738,60226,64,270958
8307,0.006026,172.31.40.0-255,66,60292,64,270958
8308,0.008569,74.125.24.0-255,5738,66030,64,270958
8309,0.008575,172.31.40.0-255,66,66096,64,270958
8310,0.011114,74.125.24.0-255,5738,71834,64,270958
8311,0.011121,172.31.40.0-255,66,71900,64,270958
8312,0.013682,74.125.24.0-255,5738,77638,64,270958
8313,0.013693,172.31.40.0-255,66,77704,64,270958
8314,0.016237,74.125.24.0-255,5738,83442,64,270958
8315,0.016246,172.31.40.0-255,66,83508,64,270958
8316,0.018785,74.125.24.0-255,5738,89246,64,270958
8317,0.018792,172.31.40.0-255,66,89312,64,270958
8318,0.021323,74.125.24.0-255,5738,95050,64,270958
8319,0.021331,172.31.40.0-255,66,95116,64,270958
8320,0.021669,172.31.40.0-255,172,95288,64,270958
8321,0.02171,172.31.40.0-255,1112,96400,64,270958
8322,0.021781,172.31.40.0-255,1514,97914,64,270958
8323,0.021783,172.31.40.0-255,1298,99212,64,270958
8324,0.023218,104.244.42.0-255,66,99278,64,270958
8325,0.023237,104.244.42.0-255,66,99344,64,270958
8326,0.023303,104.244.42.0-255,66,99410,64,270958
8327,0.023865,74.125.24.0-255,4320,103730,64,270958
8328,0.023869,172.31.40.0-255,66,103796,64,270958
8329,0.023885,74.125.24.0-255,1484,105280,64,270958
8330,0.026409,74.125.24.0-255,4320,109600,64,270958
8331,0.026415,172.31.40.0-255,66,109666,64,270958
8332,0.02895,74.125.24.0-255,5738,115404,64,270958
8333,0.028957,172.31.40.0-255,66,115470,64,270958
8334,0.031491,74.125.24.0-255,5738,121208,64,270958
8335,0.031499,172.31.40.0-255,66,121274,64,270958
8336,0.03403,74.125.24.0-255,5738,127012,64,270958
8337,0.034034,172.31.40.0-255,66,127078,64,270958
8338,0.036573,74.125.24.0-255,5738,132816,64,270958
8339,0.03658,172.31.40.0-255,66,132882,64,270958
8340,0.039097,74.125.24.0-255,5738,138620,64,270958
8341,0.039102,172.31.40.0-255,66,138686,64,270958
8342,0.041632,74.125.24.0-255,5738,144424,64,270958
8343,0.041637,172.31.40.0-255,66,144490,64,270958
8344,0.044186,74.125.24.0-255,5738,150228,64,270958
8345,0.044192,172.31.40.0-255,66,150294,64,270958
8346,0.046714,74.125.24.0-255,5738,156032,64,270958
8347,0.046722,172.31.40.0-255,66,156098,64,270958
8348,0.049252,74.125.24.0-255,5738,161836,64,270958
8349,0.049257,172.31.40.0-255,66,161902,64,270958
8350,0.051814,74.125.24.0-255,5738,167640,64,270958
8351,0.051819,172.31.40.0-255,66,167706,64,270958
8352,0.054362,74.125.24.0-255,5738,173444,64,270958
8353,0.054368,172.31.40.0-255,66,173510,64,270958
8354,0.056874,74.125.24.0-255,5738,179248,64,270958
8355,0.056878,172.31.40.0-255,66,179314,64,270958
8356,0.059403,74.125.24.0-255,5738,185052,64,270958
8357,0.059408,172.31.40.0-255,66,185118,64,270958
8358,0.061934,74.125.24.0-255,5738,190856,64,270958
8359,0.061944,172.31.40.0-255,66,190922,64,270958
8360,0.064483,74.125.24.0-255,5738,196660,64,270958
8361,0.064505,172.31.40.0-255,66,196726,64,270958
8362,0.067078,74.125.24.0-255,5738,202464,64,270958
8363,0.067084,172.31.40.0-255,66,202530,64,270958
8364,0.069596,74.125.24.0-255,4320,206850,64,270958
8365,0.069601,172.31.40.0-255,66,206916,64,270958
8366,0.069628,74.125.24.0-255,1484,208400,64,270958
8367,0.072132,74.125.24.0-255,4320,212720,64,270958
8368,0.072138,172.31.40.0-255,66,212786,64,270958
8369,0.074662,74.125.24.0-255,2902,215688,64,270958
8370,0.074667,172.31.40.0-255,66,215754,64,270958
8371,0.074696,74.125.24.0-255,2902,218656,64,270958
8372,0.074698,172.31.40.0-255,66,218722,64,270958
8373,0.077235,74.125.24.0-255,5738,224460,64,270958
8374,0.077246,172.31.40.0-255,66,224526,64,270958
8375,0.079801,74.125.24.0-255,5738,230264,64,270958
8376,0.079807,172.31.40.0-255,66,230330,64,270958
8377,0.082343,74.125.24.0-255,5738,236068,64,270958
8378,0.082349,172.31.40.0-255,66,236134,64,270958
8379,0.084882,74.125.24.0-255,5738,241872,64,270958
8380,0.084888,172.31.40.0-255,66,241938,64,270958
8381,0.087437,74.125.24.0-255,5738,247676,64,270958
8382,0.087443,172.31.40.0-255,66,247742,64,270958
8383,0.089985,74.125.24.0-255,5738,253480,64,270958
8384,0.089992,172.31.40.0-255,66,253546,64,270958
8385,0.092527,74.125.24.0-255,5738,259284,64,270958
8386,0.092534,172.31.40.0-255,66,259350,64,270958
8387,0.095056,74.125.24.0-255,5738,265088,64,270958
8388,0.095062,172.31.40.0-255,66,265154,64,270958
8389,0.097612,74.125.24.0-255,5738,270892,64,270958
8390,0.097618,172.31.40.0-255,66,270958,64,270958
8391,0.0,74.125.24.0-255,153,153,64,328253
8392,2.7e-05,172.31.40.0-255,66,219,64,328253
8393,3.6e-05,74.125.24.0-255,1484,1703,64,328253
8394,4.1e-05,172.31.40.0-255,66,1769,64,328253
8395,4.7e-05,74.125.24.0-255,2902,4671,64,328253
8396,5.1e-05,172.31.40.0-255,66,4737,64,328253
8397,6e-05,74.125.24.0-255,7156,11893,64,328253
8398,6.4e-05,172.31.40.0-255,66,11959,64,328253
8399,9.4e-05,74.125.24.0-255,1949,13908,64,328253
8400,9.7e-05,172.31.40.0-255,66,13974,64,328253
8401,0.000125,74.125.24.0-255,1484,15458,64,328253
8402,0.000128,172.31.40.0-255,66,15524,64,328253
8403,0.000133,74.125.24.0-255,2902,18426,64,328253
8404,0.000135,172.31.40.0-255,66,18492,64,328253
8405,0.000151,74.125.24.0-255,5738,24230,64,328253
8406,0.000154,172.31.40.0-255,66,24296,64,328253
8407,0.000176,74.125.24.0-255,2902,27198,64,328253
8408,0.000179,172.31.40.0-255,66,27264,64,328253
8409,0.000199,74.125.24.0-255,3961,31225,64,328253
8410,0.000202,172.31.40.0-255,66,31291,64,328253
8411,0.000451,74.125.24.0-255,1484,32775,64,328253
8412,0.000456,172.31.40.0-255,66,32841,64,328253
8413,0.000463,74.125.24.0-255,2902,35743,64,328253
8414,0.000465,172.31.40.0-255,66,35809,64,328253
8415,0.00047,74.125.24.0-255,2902,38711,64,328253
8416,0.000472,172.31.40.0-255,66,38777,64,328253
8417,0.000494,74.125.24.0-255,2902,41679,64,328253
8418,0.000496,172.31.40.0-255,66,41745,64,328253
8419,0.000499,74.125.24.0-255,1484,43229,64,328253
8420,0.000501,172.31.40.0-255,66,43295,64,328253
8421,0.000533,74.125.24.0-255,5379,48674,64,328253
8422,0.000535,172.31.40.0-255,66,48740,64,328253
8423,0.000555,74.125.24.0-255,5738,54478,64,328253
8424,0.000571,74.125.24.0-255,1484,55962,64,328253
8425,0.000607,74.125.24.0-255,426,56388,64,328253
8426,0.000632,172.31.40.0-255,66,56454,64,328253
8427,0.000684,74.125.24.0-255,348,56802,64,328253
8428,0.001003,74.125.24.0-255,1484,58286,64,328253
8429,0.001007,74.125.24.0-255,1484,59770,64,328253
8430,0.001021,74.125.24.0-255,1484,61254,64,328253
8431,0.001025,74.125.24.0-255,2902,64156,64,328253
8432,0.001028,172.31.40.0-255,66,64222,64,328253
8433,0.001034,172.31.40.0-255,66,64288,64,328253
8434,0.00105,74.125.24.0-255,2902,67190,64,328253
8435,0.00109,172.31.40.0-255,66,67256,64,328253
8436,0.001106,74.125.24.0-255,6797,74053,64,328253
8437,0.001134,74.125.24.0-255,2902,76955,64,328253
8438,0.001145,172.31.40.0-255,66,77021,64,328253
8439,0.001152,74.125.24.0-255,4320,81341,64,328253
8440,0.001161,172.31.40.0-255,66,81407,64,328253
8441,0.001195,74.125.24.0-255,1125,82532,64,328253
8442,0.001212,172.31.40.0-255,66,82598,64,328253
8443,0.001515,74.125.24.0-255,1484,84082,64,328253
8444,0.001522,74.125.24.0-255,2902,86984,64,328253
8445,0.001525,172.31.40.0-255,66,87050,64,328253
8446,0.001532,74.125.24.0-255,4320,91370,64,328253
8447,0.001547,74.125.24.0-255,1484,92854,64,328253
8448,0.001552,74.125.24.0-255,2902,95756,64,328253
8449,0.001558,172.31.40.0-255,66,95822,64,328253
8450,0.001596,172.31.40.0-255,66,95888,64,328253
8451,0.001611,172.31.40.0-255,66,95954,64,328253
8452,0.001626,74.125.24.0-255,2184,98138,64,328253
8453,0.001635,172.31.40.0-255,66,98204,64,328253
8454,0.00167,74.125.24.0-255,1484,99688,64,328253
8455,0.001689,74.125.24.0-255,2902,102590,64,328253
8456,0.001702,74.125.24.0-255,4320,106910,64,328253
8457,0.001706,172.31.40.0-255,66,106976,64,328253
8458,0.001714,74.125.24.0-255,1484,108460,64,328253
8459,0.00172,74.125.24.0-255,5738,114198,64,328253
8460,0.001734,74.125.24.0-255,5738,119936,64,328253
8461,0.001749,74.125.24.0-255,1484,121420,64,328253
8462,0.001754,74.125.24.0-255,2902,124322,64,328253
8463,0.001763,172.31.40.0-255,66,124388,64,328253
8464,0.001799,74.125.24.0-255,4320,128708,64,328253
8465,0.001805,172.31.40.0-255,66,128774,64,328253
8466,0.001845,74.125.24.0-255,5738,134512,64,328253
8467,0.00185,172.31.40.0-255,66,134578,64,328253
8468,0.001862,74.125.24.0-255,2184,136762,64,328253
8469,0.001883,172.31.40.0-255,66,136828,64,328253
8470,0.001902,74.125.24.0-255,1484,138312,64,328253
8471,0.00192,74.125.24.0-255,2902,141214,64,328253
8472,0.001925,74.125.24.0-255,2902,144116,64,328253
8473,0.001933,172.31.40.0-255,66,144182,64,328253
8474,0.001951,74.125.24.0-255,2902,147084,64,328253
8475,0.001975,172.31.40.0-255,66,147150,64,328253
8476,0.002,74.125.24.0-255,7156,154306,64,328253
8477,0.002007,172.31.40.0-255,66,154372,64,328253
8478,0.002041,74.125.24.0-255,5738,160110,64,328253
8479,0.002046,172.31.40.0-255,66,160176,64,328253
8480,0.002077,74.125.24.0-255,7156,167332,64,328253
8481,0.009155,172.31.40.0-255,66,167398,64,328253
8482,0.01116,74.125.24.0-255,1484,168882,64,328253
8483,0.011196,74.125.24.0-255,4320,173202,64,328253
8484,0.011206,172.31.40.0-255,66,173268,64,328253
8485,0.013292,74.125.24.0-255,5738,179006,64,328253
8486,0.016408,172.31.40.0-255,66,179072,64,328253
8487,0.018441,74.125.24.0-255,5738,184810,64,328253
8488,0.018458,172.31.40.0-255,66,184876,64,328253
8489,0.020477,74.125.24.0-255,5738,190614,64,328253
8490,0.020492,172.31.40.0-255,66,190680,64,328253
8491,0.022527,74.125.24.0-255,5738,196418,64,328253
8492,0.023921,172.31.40.0-255,66,196484,64,328253
8493,0.025956,74.125.24.0-255,5738,202222,64,328253
8494,0.025973,172.31.40.0-255,66,202288,64,328253
8495,0.027987,74.125.24.0-255,5738,208026,64,328253
8496,0.027999,172.31.40.0-255,66,208092,64,328253
8497,0.030035,74.125.24.0-255,5738,213830,64,328253
8498,0.030047,172.31.40.0-255,66,213896,64,328253
8499,0.032062,74.125.24.0-255,5738,219634,64,328253
8500,0.032073,172.31.40.0-255,66,219700,64,328253
8501,0.034137,74.125.24.0-255,5738,225438,64,328253
8502,0.034156,172.31.40.0-255,66,225504,64,328253
8503,0.036198,74.125.24.0-255,5738,231242,64,328253
8504,0.036214,172.31.40.0-255,66,231308,64,328253
8505,0.038253,74.125.24.0-255,5738,237046,64,328253
8506,0.038267,172.31.40.0-255,66,237112,64,328253
8507,0.040357,74.125.24.0-255,5738,242850,64,328253
8508,0.040377,172.31.40.0-255,66,242916,64,328253
8509,0.042412,74.125.24.0-255,5738,248654,64,328253
8510,0.042431,172.31.40.0-255,66,248720,64,328253
8511,0.044481,74.125.24.0-255,5738,254458,64,328253
8512,0.044499,172.31.40.0-255,66,254524,64,328253
8513,0.046565,74.125.24.0-255,5738,260262,64,328253
8514,0.046583,172.31.40.0-255,66,260328,64,328253
8515,0.048606,74.125.24.0-255,5738,266066,64,328253
8516,0.048618,172.31.40.0-255,66,266132,64,328253
8517,0.05065,74.125.24.0-255,5738,271870,64,328253
8518,0.050664,172.31.40.0-255,66,271936,64,328253
8519,0.052684,74.125.24.0-255,5738,277674,64,328253
8520,0.052703,172.31.40.0-255,66,277740,64,328253
8521,0.053129,172.31.40.0-255,172,277912,64,328253
8522,0.053163,172.31.40.0-255,1111,279023,64,328253
8523,0.053236,172.31.40.0-255,1514,280537,64,328253
8524,0.053238,172.31.40.0-255,1514,282051,64,328253
8525,0.05324,172.31.40.0-255,1514,283565,64,328253
8526,0.053241,172.31.40.0-255,1514,285079,64,328253
8527,0.053268,172.31.40.0-255,478,285557,64,328253
8528,0.054705,104.244.42.0-255,66,285623,64,328253
8529,0.054726,104.244.42.0-255,66,285689,64,328253
8530,0.054757,74.125.24.0-255,5738,291427,64,328253
8531,0.05477,172.31.40.0-255,66,291493,64,328253
8532,0.054807,104.244.42.0-255,66,291559,64,328253
8533,0.054812,104.244.42.0-255,66,291625,64,328253
8534,0.056813,74.125.24.0-255,5738,297363,64,328253
8535,0.05683,172.31.40.0-255,66,297429,64,328253
8536,0.058878,74.125.24.0-255,5738,303167,64,328253
8537,0.058901,172.31.40.0-255,66,303233,64,328253
8538,0.060952,74.125.24.0-255,5738,308971,64,328253
8539,0.060978,172.31.40.0-255,66,309037,64,328253
8540,0.063028,74.125.24.0-255,5738,314775,64,328253
8541,0.063048,172.31.40.0-255,66,314841,64,328253
8542,0.065097,74.125.24.0-255,5738,320579,64,328253
8543,0.065116,172.31.40.0-255,66,320645,64,328253
8544,0.067195,74.125.24.0-255,5738,326383,64,328253
8545,0.067214,172.31.40.0-255,66,326449,64,328253
8546,0.069257,74.125.24.0-255,1567,328016,64,328253
8547,0.069274,172.31.40.0-255,66,328082,64,328253
8548,0.069543,172.31.40.0-255,105,328187,64,328253
8549,0.071539,74.125.24.0-255,66,328253,64,328253
8550,0.0,74.125.24.0-255,156,156,64,360570
8551,2.4e-05,172.31.40.0-255,66,222,64,360570
8552,3.2e-05,74.125.24.0-255,1484,1706,64,360570
8553,3.7e-05,172.31.40.0-255,66,1772,64,360570
8554,5e-05,74.125.24.0-255,2902,4674,64,360570
8555,5.4e-05,172.31.40.0-255,66,4740,64,360570
8556,6.1e-05,74.125.24.0-255,5738,10478,64,360570
8557,6.4e-05,172.31.40.0-255,66,10544,64,360570
8558,6.9e-05,74.125.24.0-255,2902,13446,64,360570
8559,7.2e-05,172.31.40.0-255,66,13512,64,360570
8560,9.1e-05,74.125.24.0-255,511,14023,64,360570
8561,9.4e-05,172.31.40.0-255,66,14089,64,360570
8562,0.000428,74.125.24.0-255,1484,15573,64,360570
8563,0.000434,172.31.40.0-255,66,15639,64,360570
8564,0.00044,74.125.24.0-255,2902,18541,64,360570
8565,0.000443,172.31.40.0-255,66,18607,64,360570
8566,0.000454,74.125.24.0-255,5738,24345,64,360570
8567,0.000457,172.31.40.0-255,66,24411,64,360570
8568,0.000499,74.125.24.0-255,6797,31208,64,360570
8569,0.000503,172.31.40.0-255,66,31274,64,360570
8570,0.000692,74.125.24.0-255,1484,32758,64,360570
8571,0.000696,172.31.40.0-255,66,32824,64,360570
8572,0.000701,74.125.24.0-255,2902,35726,64,360570
8573,0.000704,172.31.40.0-255,66,35792,64,360570
8574,0.000707,74.125.24.0-255,1484,37276,64,360570
8575,0.000713,172.31.40.0-255,66,37342,64,360570
8576,0.000745,74.125.24.0-255,4320,41662,64,360570
8577,0.000748,172.31.40.0-255,66,41728,64,360570
8578,0.000756,74.125.24.0-255,2902,44630,64,360570
8579,0.000759,172.31.40.0-255,66,44696,64,360570
8580,0.000783,74.125.24.0-255,3961,48657,64,360570
8581,0.000785,172.31.40.0-255,66,48723,64,360570
8582,0.001099,74.125.24.0-255,1484,50207,64,360570
8583,0.00111,74.125.24.0-255,2902,53109,64,360570
8584,0.001115,172.31.40.0-255,66,53175,64,360570
8585,0.001124,74.125.24.0-255,5738,58913,64,360570
8586,0.001126,172.31.40.0-255,66,58979,64,360570
8587,0.001159,74.125.24.0-255,5738,64717,64,360570
8588,0.001162,172.31.40.0-255,66,64783,64,360570
8589,0.00119,74.125.24.0-255,1474,66257,64,360570
8590,0.001429,74.125.24.0-255,1484,67741,64,360570
8591,0.001434,172.31.40.0-255,66,67807,64,360570
8592,0.001441,74.125.24.0-255,2902,70709,64,360570
8593,0.001443,172.31.40.0-255,66,70775,64,360570
8594,0.001455,74.125.24.0-255,5738,76513,64,360570
8595,0.001457,172.31.40.0-255,66,76579,64,360570
8596,0.001499,74.125.24.0-255,6797,83376,64,360570
8597,0.001502,172.31.40.0-255,66,83442,64,360570
8598,0.001839,74.125.24.0-255,1484,84926,64,360570
8599,0.001848,74.125.24.0-255,2902,87828,64,360570
8600,0.001853,172.31.40.0-255,66,87894,64,360570
8601,0.001861,74.125.24.0-255,5738,93632,64,360570
8602,0.001864,172.31.40.0-255,66,93698,64,360570
8603,0.001892,74.125.24.0-255,7059,100757,64,360570
8604,0.001895,172.31.40.0-255,66,100823,64,360570
8605,0.002087,74.125.24.0-255,1484,102307,64,360570
8606,0.002101,74.125.24.0-255,2902,105209,64,360570
8607,0.002104,172.31.40.0-255,66,105275,64,360570
8608,0.00211,74.125.24.0-255,4320,109595,64,360570
8609,0.002112,172.31.40.0-255,66,109661,64,360570
8610,0.002138,74.125.24.0-255,1484,111145,64,360570
8611,0.002167,74.125.24.0-255,6128,117273,64,360570
8612,0.00217,172.31.40.0-255,66,117339,64,360570
8613,0.004542,74.125.24.0-255,5738,123077,64,360570
8614,0.004548,172.31.40.0-255,66,123143,64,360570
8615,0.0069,74.125.24.0-255,5738,128881,64,360570
8616,0.006908,172.31.40.0-255,66,128947,64,360570
8617,0.00927,74.125.24.0-255,5738,134685,64,360570
8618,0.009281,172.31.40.0-255,66,134751,64,360570
8619,0.01163,74.125.24.0-255,5738,140489,64,360570
8620,0.011647,172.31.40.0-255,66,140555,64,360570
8621,0.014011,74.125.24.0-255,5738,146293,64,360570
8622,0.01402,172.31.40.0-255,66,146359,64,360570
8623,0.016371,74.125.24.0-255,5738,152097,64,360570
8624,0.016381,172.31.40.0-255,66,152163,64,360570
8625,0.018772,74.125.24.0-255,5738,157901,64,360570
8626,0.018784,172.31.40.0-255,66,157967,64,360570
8627,0.021126,74.125.24.0-255,5738,163705,64,360570
8628,0.021138,172.31.40.0-255,66,163771,64,360570
8629,0.023484,74.125.24.0-255,5738,169509,64,360570
8630,0.023494,172.31.40.0-255,66,169575,64,360570
8631,0.025843,74.125.24.0-255,5738,175313,64,360570
8632,0.025853,172.31.40.0-255,66,175379,64,360570
8633,0.028221,74.125.24.0-255,5738,181117,64,360570
8634,0.028232,172.31.40.0-255,66,181183,64,360570
8635,0.028867,172.31.40.0-255,167,181350,64,360570
8636,0.028897,172.31.40.0-255,1111,182461,64,360570
8637,0.028967,172.31.40.0-255,1514,183975,64,360570
8638,0.028969,172.31.40.0-255,1514,185489,64,360570
8639,0.02897,172.31.40.0-255,697,186186,64,360570
8640,0.030415,104.244.42.0-255,66,186252,64,360570
8641,0.030463,104.244.42.0-255,66,186318,64,360570
8642,0.030523,104.244.42.0-255,66,186384,64,360570
8643,0.030528,104.244.42.0-255,66,186450,64,360570
8644,0.030579,74.125.24.0-255,5738,192188,64,360570
8645,0.030585,172.31.40.0-255,66,192254,64,360570
8646,0.032945,74.125.24.0-255,5738,197992,64,360570
8647,0.032952,172.31.40.0-255,66,198058,64,360570
8648,0.035328,74.125.24.0-255,5738,203796,64,360570
8649,0.035335,172.31.40.0-255,66,203862,64,360570
8650,0.037681,74.125.24.0-255,5738,209600,64,360570
8651,0.03769,172.31.40.0-255,66,209666,64,360570
8652,0.040058,74.125.24.0-255,5738,215404,64,360570
8653,0.040073,172.31.40.0-255,66,215470,64,360570
8654,0.04241,74.125.24.0-255,5738,221208,64,360570
8655,0.042416,172.31.40.0-255,66,221274,64,360570
8656,0.044759,74.125.24.0-255,5738,227012,64,360570
8657,0.044766,172.31.40.0-255,66,227078,64,360570
8658,0.047151,74.125.24.0-255,5738,232816,64,360570
8659,0.047159,172.31.40.0-255,66,232882,64,360570
8660,0.049489,74.125.24.0-255,5738,238620,64,360570
8661,0.049495,172.31.40.0-255,66,238686,64,360570
8662,0.051857,74.125.24.0-255,5738,244424,64,360570
8663,0.051863,172.31.40.0-255,66,244490,64,360570
8664,0.054221,74.125.24.0-255,5738,250228,64,360570
8665,0.054228,172.31.40.0-255,66,250294,64,360570
8666,0.056593,74.125.24.0-255,5738,256032,64,360570
8667,0.056599,172.31.40.0-255,66,256098,64,360570
8668,0.058983,74.125.24.0-255,5738,261836,64,360570
8669,0.059006,172.31.40.0-255,66,261902,64,360570
8670,0.061396,74.125.24.0-255,5738,267640,64,360570
8671,0.061414,172.31.40.0-255,66,267706,64,360570
8672,0.063777,74.125.24.0-255,5738,273444,64,360570
8673,0.063794,172.31.40.0-255,66,273510,64,360570
8674,0.066164,74.125.24.0-255,5738,279248,64,360570
8675,0.066181,172.31.40.0-255,66,279314,64,360570
8676,0.068551,74.125.24.0-255,5738,285052,64,360570
8677,0.06857,172.31.40.0-255,66,285118,64,360570
8678,0.070943,74.125.24.0-255,5738,290856,64,360570
8679,0.070961,172.31.40.0-255,66,290922,64,360570
8680,0.073323,74.125.24.0-255,5738,296660,64,360570
8681,0.073337,172.31.40.0-255,66,296726,64,360570
8682,0.075689,74.125.24.0-255,5738,302464,64,360570
8683,0.075704,172.31.40.0-255,66,302530,64,360570
8684,0.078111,74.125.24.0-255,5738,308268,64,360570
8685,0.078126,172.31.40.0-255,66,308334,64,360570
8686,0.080458,74.125.24.0-255,5738,314072,64,360570
8687,0.080475,172.31.40.0-255,66,314138,64,360570
8688,0.082884,74.125.24.0-255,5738,319876,64,360570
8689,0.082902,172.31.40.0-255,66,319942,64,360570
8690,0.085266,74.125.24.0-255,5738,325680,64,360570
8691,0.085284,172.31.40.0-255,66,325746,64,360570
8692,0.087665,74.125.24.0-255,5738,331484,64,360570
8693,0.087682,172.31.40.0-255,66,331550,64,360570
8694,0.090047,74.125.24.0-255,5738,337288,64,360570
8695,0.090063,172.31.40.0-255,66,337354,64,360570
8696,0.092411,74.125.24.0-255,5738,343092,64,360570
8697,0.092428,172.31.40.0-255,66,343158,64,360570
8698,0.094774,74.125.24.0-255,5738,348896,64,360570
8699,0.094791,172.31.40.0-255,66,348962,64,360570
8700,0.097163,74.125.24.0-255,5738,354700,64,360570
8701,0.097182,172.31.40.0-255,66,354766,64,360570
8702,0.099546,74.125.24.0-255,5738,360504,64,360570
8703,0.099564,172.31.40.0-255,66,360570,64,360570
8704,0.0,74.125.68.0-255,156,156,64,284633
8705,1.4e-05,172.31.40.0-255,66,222,64,284633
8706,2.1e-05,74.125.68.0-255,1484,1706,64,284633
8707,2.5e-05,172.31.40.0-255,66,1772,64,284633
8708,3e-05,74.125.68.0-255,2902,4674,64,284633
8709,3.3e-05,172.31.40.0-255,66,4740,64,284633
8710,5.4e-05,74.125.68.0-255,4320,9060,64,284633
8711,5.7e-05,172.31.40.0-255,66,9126,64,284633
8712,6.4e-05,74.125.68.0-255,4866,13992,64,284633
8713,6.6e-05,172.31.40.0-255,66,14058,64,284633
8714,9e-05,74.125.68.0-255,2902,16960,64,284633
8715,9.2e-05,172.31.40.0-255,66,17026,64,284633
8716,0.000121,172.31.40.0-255,66,17092,64,284633
8717,0.000148,74.125.68.0-255,5379,22471,64,284633
8718,0.000151,172.31.40.0-255,66,22537,64,284633
8719,0.00023,74.125.68.0-255,1484,24021,64,284633
8720,0.000233,172.31.40.0-255,66,24087,64,284633
8721,0.000254,74.125.68.0-255,2902,26989,64,284633
8722,0.000257,172.31.40.0-255,66,27055,64,284633
8723,0.000262,74.125.68.0-255,4320,31375,64,284633
8724,0.000265,172.31.40.0-255,66,31441,64,284633
8725,0.000294,74.125.68.0-255,1484,32925,64,284633
8726,0.000296,172.31.40.0-255,66,32991,64,284633
8727,0.000323,172.31.40.0-255,66,33057,64,284633
8728,0.00033,74.125.68.0-255,7156,40213,64,284633
8729,0.000332,172.31.40.0-255,66,40279,64,284633
8730,0.000358,74.125.68.0-255,2902,43181,64,284633
8731,0.00036,172.31.40.0-255,66,43247,64,284633
8732,0.000367,74.125.68.0-255,5652,48899,64,284633
8733,0.00037,172.31.40.0-255,66,48965,64,284633
8734,0.000373,74.125.68.0-255,131,49096,64,284633
8735,0.000456,74.125.68.0-255,348,49444,64,284633
8736,0.000792,74.125.68.0-255,1484,50928,64,284633
8737,0.000806,172.31.40.0-255,66,50994,64,284633
8738,0.000812,74.125.68.0-255,2902,53896,64,284633
8739,0.000814,172.31.40.0-255,66,53962,64,284633
8740,0.00082,74.125.68.0-255,5738,59700,64,284633
8741,0.000822,172.31.40.0-255,66,59766,64,284633
8742,0.000834,74.125.68.0-255,1484,61250,64,284633
8743,0.000858,172.31.40.0-255,66,61316,64,284633
8744,0.000872,74.125.68.0-255,4320,65636,64,284633
8745,0.000875,172.31.40.0-255,66,65702,64,284633
8746,0.000887,74.125.68.0-255,7156,72858,64,284633
8747,0.000889,172.31.40.0-255,66,72924,64,284633
8748,0.000893,74.125.68.0-255,2184,75108,64,284633
8749,0.000895,172.31.40.0-255,66,75174,64,284633
8750,0.001106,74.125.68.0-255,1484,76658,64,284633
8751,0.001112,74.125.68.0-255,2902,79560,64,284633
8752,0.001115,172.31.40.0-255,66,79626,64,284633
8753,0.001129,74.125.68.0-255,1484,81110,64,284633
8754,0.001143,74.125.68.0-255,2902,84012,64,284633
8755,0.001145,172.31.40.0-255,66,84078,64,284633
8756,0.001168,74.125.68.0-255,5738,89816,64,284633
8757,0.00117,172.31.40.0-255,66,89882,64,284633
8758,0.00121,172.31.40.0-255,66,89948,64,284633
8759,0.001245,74.125.68.0-255,5738,95686,64,284633
8760,0.001248,172.31.40.0-255,66,95752,64,284633
8761,0.001262,74.125.68.0-255,3602,99354,64,284633
8762,0.001265,172.31.40.0-255,66,99420,64,284633
8763,0.001355,74.125.68.0-255,1484,100904,64,284633
8764,0.001369,74.125.68.0-255,1484,102388,64,284633
8765,0.001373,172.31.40.0-255,66,102454,64,284633
8766,0.001387,74.125.68.0-255,1484,103938,64,284633
8767,0.001394,74.125.68.0-255,5738,109676,64,284633
8768,0.001397,172.31.40.0-255,66,109742,64,284633
8769,0.001422,74.125.68.0-255,7156,116898,64,284633
8770,0.001425,172.31.40.0-255,66,116964,64,284633
8771,0.001463,172.31.40.0-255,66,117030,64,284633
8772,0.001516,74.125.68.0-255,3602,120632,64,284633
8773,0.001518,172.31.40.0-255,66,120698,64,284633
8774,0.001656,74.125.68.0-255,1484,122182,64,284633
8775,0.00167,74.125.68.0-255,2902,125084,64,284633
8776,0.001673,172.31.40.0-255,66,125150,64,284633
8777,0.001697,74.125.68.0-255,5738,130888,64,284633
8778,0.001701,74.125.68.0-255,2902,133790,64,284633
8779,0.001705,74.125.68.0-255,4320,138110,64,284633
8780,0.001709,172.31.40.0-255,66,138176,64,284633
8781,0.001717,172.31.40.0-255,66,138242,64,284633
8782,0.00172,172.31.40.0-255,66,138308,64,284633
8783,0.001723,74.125.68.0-255,1484,139792,64,284633
8784,0.001747,74.125.68.0-255,7156,146948,64,284633
8785,0.001751,172.31.40.0-255,66,147014,64,284633
8786,0.001756,74.125.68.0-255,4320,151334,64,284633
8787,0.001758,172.31.40.0-255,66,151400,64,284633
8788,0.001778,74.125.68.0-255,2902,154302,64,284633
8789,0.001781,172.31.40.0-255,66,154368,64,284633
8790,0.001784,74.125.68.0-255,766,155134,64,284633
8791,0.001851,74.125.68.0-255,1484,156618,64,284633
8792,0.001854,172.31.40.0-255,66,156684,64,284633
8793,0.001859,74.125.68.0-255,2902,159586,64,284633
8794,0.001861,172.31.40.0-255,66,159652,64,284633
8795,0.001874,74.125.68.0-255,1484,161136,64,284633
8796,0.001887,74.125.68.0-255,4320,165456,64,284633
8797,0.001889,172.31.40.0-255,66,165522,64,284633
8798,0.001896,74.125.68.0-255,5738,171260,64,284633
8799,0.001898,172.31.40.0-255,66,171326,64,284633
8800,0.001909,74.125.68.0-255,1484,172810,64,284633
8801,0.001936,74.125.68.0-255,5738,178548,64,284633
8802,0.001939,172.31.40.0-255,66,178614,64,284633
8803,0.001942,74.125.68.0-255,1484,180098,64,284633
8804,0.001975,172.31.40.0-255,66,180164,64,284633
8805,0.002018,74.125.68.0-255,4320,184484,64,284633
8806,0.002024,172.31.40.0-255,66,184550,64,284633
8807,0.002044,74.125.68.0-255,1484,186034,64,284633
8808,0.002078,74.125.68.0-255,4320,190354,64,284633
8809,0.002081,74.125.68.0-255,766,191120,64,284633
8810,0.002122,74.125.68.0-255,4320,195440,64,284633
8811,0.002156,74.125.68.0-255,5738,201178,64,284633
8812,0.002195,74.125.68.0-255,4320,205498,64,284633
8813,0.002221,74.125.68.0-255,1484,206982,64,284633
8814,0.002284,74.125.68.0-255,1484,208466,64,284633
8815,0.002288,74.125.68.0-255,4320,212786,64,284633
8816,0.002338,74.125.68.0-255,5738,218524,64,284633
8817,0.002347,74.125.68.0-255,766,219290,64,284633
8818,0.002398,74.125.68.0-255,5738,225028,64,284633
8819,0.002411,74.125.68.0-255,1484,226512,64,284633
8820,0.002418,74.125.68.0-255,5738,232250,64,284633
8821,0.002424,74.125.68.0-255,7156,239406,64,284633
8822,0.002431,74.125.68.0-255,7156,246562,64,284633
8823,0.002443,74.125.68.0-255,3602,250164,64,284633
8824,0.00247,74.125.68.0-255,5738,255902,64,284633
8825,0.002494,74.125.68.0-255,5738,261640,64,284633
8826,0.002499,74.125.68.0-255,4320,265960,64,284633
8827,0.002526,74.125.68.0-255,4320,270280,64,284633
8828,0.002557,74.125.68.0-255,766,271046,64,284633
8829,0.007352,172.31.40.0-255,66,271112,64,284633
8830,0.007357,172.31.40.0-255,66,271178,64,284633
8831,0.00736,172.31.40.0-255,66,271244,64,284633
8832,0.007362,172.31.40.0-255,66,271310,64,284633
8833,0.007365,172.31.40.0-255,66,271376,64,284633
8834,0.007374,172.31.40.0-255,66,271442,64,284633
8835,0.007377,172.31.40.0-255,66,271508,64,284633
8836,0.00738,172.31.40.0-255,66,271574,64,284633
8837,0.007383,172.31.40.0-255,66,271640,64,284633
8838,0.007385,172.31.40.0-255,66,271706,64,284633
8839,0.007388,172.31.40.0-255,66,271772,64,284633
8840,0.007391,172.31.40.0-255,66,271838,64,284633
8841,0.007394,172.31.40.0-255,66,271904,64,284633
8842,0.007398,172.31.40.0-255,66,271970,64,284633
8843,0.0074,172.31.40.0-255,66,272036,64,284633
8844,0.007402,172.31.40.0-255,66,272102,64,284633
8845,0.007405,172.31.40.0-255,66,272168,64,284633
8846,0.007407,172.31.40.0-255,66,272234,64,284633
8847,0.00741,172.31.40.0-255,66,272300,64,284633
8848,0.007412,172.31.40.0-255,66,272366,64,284633
8849,0.007414,172.31.40.0-255,66,272432,64,284633
8850,0.007416,172.31.40.0-255,66,272498,64,284633
8851,0.009274,172.31.40.0-255,66,272564,64,284633
8852,0.009968,74.125.68.0-255,4320,276884,64,284633
8853,0.009975,172.31.40.0-255,66,276950,64,284633
8854,0.011811,74.125.68.0-255,1484,278434,64,284633
8855,0.0125,74.125.68.0-255,1143,279577,64,284633
8856,0.012507,172.31.40.0-255,66,279643,64,284633
8857,0.019602,172.31.40.0-255,105,279748,64,284633
8858,0.019652,172.31.40.0-255,105,279853,64,284633
8859,0.019885,172.31.40.0-255,90,279943,64,284633
8860,0.019896,172.31.40.0-255,66,280009,64,284633
8861,0.022107,74.125.68.0-255,66,280075,64,284633
8862,0.022141,74.125.68.0-255,66,280141,64,284633
8863,0.022377,74.125.68.0-255,66,280207,64,284633
8864,0.022396,74.125.68.0-255,66,280273,64,284633
8865,0.022404,172.31.40.0-255,66,280339,64,284633
8866,0.031306,172.31.40.0-255,172,280511,64,284633
8867,0.03148,172.31.40.0-255,1112,281623,64,284633
8868,0.031549,172.31.40.0-255,1514,283137,64,284633
8869,0.031551,172.31.40.0-255,1298,284435,64,284633
8870,0.032844,104.244.42.0-255,66,284501,64,284633
8871,0.033022,104.244.42.0-255,66,284567,64,284633
8872,0.033111,104.244.42.0-255,66,284633,64,284633
8873,0.0,172.217.194.0-255,153,153,64,270476
8874,3.4e-05,172.31.40.0-255,66,219,64,270476
8875,4e-05,172.217.194.0-255,1484,1703,64,270476
8876,4.5e-05,172.31.40.0-255,66,1769,64,270476
8877,5.8e-05,172.217.194.0-255,2902,4671,64,270476
8878,6.2e-05,172.31.40.0-255,66,4737,64,270476
8879,7e-05,172.217.194.0-255,7156,11893,64,270476
8880,7.5e-05,172.31.40.0-255,66,11959,64,270476
8881,8.7e-05,172.31.40.0-255,66,12025,64,270476
8882,0.0001,172.31.40.0-255,66,12091,64,270476
8883,0.000168,172.217.194.0-255,1484,13575,64,270476
8884,0.000172,172.31.40.0-255,66,13641,64,270476
8885,0.000177,172.217.194.0-255,2902,16543,64,270476
8886,0.000179,172.31.40.0-255,66,16609,64,270476
8887,0.000201,172.217.194.0-255,5738,22347,64,270476
8888,0.000204,172.31.40.0-255,66,22413,64,270476
8889,0.000238,172.217.194.0-255,4320,26733,64,270476
8890,0.00024,172.31.40.0-255,66,26799,64,270476
8891,0.000277,172.217.194.0-255,2902,29701,64,270476
8892,0.000281,172.31.40.0-255,66,29767,64,270476
8893,0.000299,172.31.40.0-255,66,29833,64,270476
8894,0.000303,172.217.194.0-255,2184,32017,64,270476
8895,0.000305,172.31.40.0-255,66,32083,64,270476
8896,0.000308,172.217.194.0-255,413,32496,64,270476
8897,0.00031,172.31.40.0-255,66,32562,64,270476
8898,0.00038,172.217.194.0-255,1484,34046,64,270476
8899,0.000383,172.31.40.0-255,66,34112,64,270476
8900,0.000411,172.217.194.0-255,2902,37014,64,270476
8901,0.000414,172.31.40.0-255,66,37080,64,270476
8902,0.00042,172.217.194.0-255,5738,42818,64,270476
8903,0.000467,172.217.194.0-255,7156,49974,64,270476
8904,0.000503,172.217.194.0-255,3602,53576,64,270476
8905,0.000591,172.31.40.0-255,66,53642,64,270476
8906,0.001075,172.217.194.0-255,1484,55126,64,270476
8907,0.001082,172.217.194.0-255,2902,58028,64,270476
8908,0.001085,172.31.40.0-255,66,58094,64,270476
8909,0.001092,172.217.194.0-255,5738,63832,64,270476
8910,0.001132,172.217.194.0-255,4320,68152,64,270476
8911,0.001134,172.217.194.0-255,1484,69636,64,270476
8912,0.001136,172.31.40.0-255,66,69702,64,270476
8913,0.001142,172.31.40.0-255,66,69768,64,270476
8914,0.001193,172.31.40.0-255,66,69834,64,270476
8915,0.001206,172.217.194.0-255,2902,72736,64,270476
8916,0.001227,172.31.40.0-255,66,72802,64,270476
8917,0.001238,172.217.194.0-255,4320,77122,64,270476
8918,0.001256,172.217.194.0-255,5738,82860,64,270476
8919,0.001263,172.31.40.0-255,66,82926,64,270476
8920,0.001285,172.217.194.0-255,766,83692,64,270476
8921,0.001311,172.217.194.0-255,1484,85176,64,270476
8922,0.001314,172.31.40.0-255,66,85242,64,270476
8923,0.001345,172.217.194.0-255,2902,88144,64,270476
8924,0.001352,172.217.194.0-255,5738,93882,64,270476
8925,0.001358,172.217.194.0-255,5738,99620,64,270476
8926,0.001369,172.31.40.0-255,66,99686,64,270476
8927,0.001385,172.217.194.0-255,7156,106842,64,270476
8928,0.001416,172.217.194.0-255,2184,109026,64,270476
8929,0.00143,172.31.40.0-255,66,109092,64,270476
8930,0.001516,172.217.194.0-255,1484,110576,64,270476
8931,0.001538,172.217.194.0-255,2902,113478,64,270476
8932,0.001542,172.217.194.0-255,1484,114962,64,270476
8933,0.001548,172.31.40.0-255,66,115028,64,270476
8934,0.00156,172.217.194.0-255,4320,119348,64,270476
8935,0.001573,172.217.194.0-255,2902,122250,64,270476
8936,0.001578,172.31.40.0-255,66,122316,64,270476
8937,0.001595,172.217.194.0-255,7156,129472,64,270476
8938,0.001615,172.217.194.0-255,2184,131656,64,270476
8939,0.001668,172.31.40.0-255,66,131722,64,270476
8940,0.001941,172.217.194.0-255,1484,133206,64,270476
8941,0.001948,172.217.194.0-255,2902,136108,64,270476
8942,0.001951,172.31.40.0-255,66,136174,64,270476
8943,0.001985,172.217.194.0-255,5738,141912,64,270476
8944,0.001989,172.217.194.0-255,1484,143396,64,270476
8945,0.001995,172.31.40.0-255,66,143462,64,270476
8946,0.00208,172.31.40.0-255,66,143528,64,270476
8947,0.002394,172.217.194.0-255,1484,145012,64,270476
8948,0.002398,172.217.194.0-255,1484,146496,64,270476
8949,0.002401,172.31.40.0-255,66,146562,64,270476
8950,0.00244,172.217.194.0-255,1484,148046,64,270476
8951,0.002446,172.217.194.0-255,5738,153784,64,270476
8952,0.002453,172.217.194.0-255,7156,160940,64,270476
8953,0.002476,172.217.194.0-255,2902,163842,64,270476
8954,0.002482,172.217.194.0-255,5738,169580,64,270476
8955,0.002487,172.31.40.0-255,66,169646,64,270476
8956,0.00251,172.217.194.0-255,5020,174666,64,270476
8957,0.002524,172.217.194.0-255,1484,176150,64,270476
8958,0.002536,172.31.40.0-255,66,176216,64,270476
8959,0.002557,172.217.194.0-255,7156,183372,64,270476
8960,0.002573,172.217.194.0-255,4320,187692,64,270476
8961,0.002577,172.31.40.0-255,66,187758,64,270476
8962,0.002582,172.31.40.0-255,66,187824,64,270476
8963,0.002596,172.217.194.0-255,2184,190008,64,270476
8964,0.002609,172.31.40.0-255,66,190074,64,270476
8965,0.00516,172.217.194.0-255,5738,195812,64,270476
8966,0.005166,172.31.40.0-255,66,195878,64,270476
8967,0.007701,172.217.194.0-255,5738,201616,64,270476
8968,0.008972,172.31.40.0-255,66,201682,64,270476
8969,0.011554,172.217.194.0-255,5738,207420,64,270476
8970,0.011563,172.31.40.0-255,66,207486,64,270476
8971,0.014098,172.217.194.0-255,5738,213224,64,270476
8972,0.014117,172.31.40.0-255,66,213290,64,270476
8973,0.016644,172.217.194.0-255,5738,219028,64,270476
8974,0.016653,172.31.40.0-255,66,219094,64,270476
8975,0.019201,172.217.194.0-255,5738,224832,64,270476
8976,0.019208,172.31.40.0-255,66,224898,64,270476
8977,0.021748,172.217.194.0-255,5738,230636,64,270476
8978,0.021755,172.31.40.0-255,66,230702,64,270476
8979,0.024302,172.217.194.0-255,5738,236440,64,270476
8980,0.024311,172.31.40.0-255,66,236506,64,270476
8981,0.026877,172.217.194.0-255,5738,242244,64,270476
8982,0.026885,172.31.40.0-255,66,242310,64,270476
8983,0.029431,172.217.194.0-255,5738,248048,64,270476
8984,0.029441,172.31.40.0-255,66,248114,64,270476
8985,0.032005,172.217.194.0-255,4320,252434,64,270476
8986,0.032013,172.31.40.0-255,66,252500,64,270476
8987,0.032043,172.217.194.0-255,1484,253984,64,270476
8988,0.034545,172.217.194.0-255,2902,256886,64,270476
8989,0.034552,172.31.40.0-255,66,256952,64,270476
8990,0.035071,172.31.40.0-255,172,257124,64,270476
8991,0.035102,172.31.40.0-255,1111,258235,64,270476
8992,0.035159,172.31.40.0-255,1514,259749,64,270476
8993,0.035161,172.31.40.0-255,1298,261047,64,270476
8994,0.036601,104.244.42.0-255,66,261113,64,270476
8995,0.036627,104.244.42.0-255,66,261179,64,270476
8996,0.036663,104.244.42.0-255,66,261245,64,270476
8997,0.037107,172.217.194.0-255,5738,266983,64,270476
8998,0.037148,172.31.40.0-255,66,267049,64,270476
8999,0.039677,172.217.194.0-255,3190,270239,64,270476
9000,0.039684,172.31.40.0-255,66,270305,64,270476
9001,0.039892,172.31.40.0-255,105,270410,64,270476
9002,0.042423,172.217.194.0-255,66,270476,64,270476
9003,0.0,74.125.24.0-255,150,150,64,258373
9004,2.3e-05,172.31.40.0-255,66,216,64,258373
9005,3e-05,74.125.24.0-255,1484,1700,64,258373
9006,3.5e-05,172.31.40.0-255,66,1766,64,258373
9007,4.9e-05,74.125.24.0-255,2902,4668,64,258373
9008,5.4e-05,172.31.40.0-255,66,4734,64,258373
9009,5.9e-05,74.125.24.0-255,2902,7636,64,258373
9010,6.2e-05,172.31.40.0-255,66,7702,64,258373
9011,7e-05,74.125.24.0-255,7156,14858,64,258373
9012,7.3e-05,172.31.40.0-255,66,14924,64,258373
9013,9.3e-05,74.125.24.0-255,3557,18481,64,258373
9014,0.000101,172.31.40.0-255,66,18547,64,258373
9015,0.000114,172.31.40.0-255,66,18613,64,258373
9016,0.000145,74.125.24.0-255,2543,21156,64,258373
9017,0.000148,172.31.40.0-255,66,21222,64,258373
9018,0.000191,74.125.24.0-255,1484,22706,64,258373
9019,0.000194,172.31.40.0-255,66,22772,64,258373
9020,0.000198,74.125.24.0-255,2902,25674,64,258373
9021,0.000201,172.31.40.0-255,66,25740,64,258373
9022,0.000204,74.125.24.0-255,1484,27224,64,258373
9023,0.000205,172.31.40.0-255,66,27290,64,258373
9024,0.000243,74.125.24.0-255,4320,31610,64,258373
9025,0.000246,172.31.40.0-255,66,31676,64,258373
9026,0.000253,74.125.24.0-255,6797,38473,64,258373
9027,0.000255,172.31.40.0-255,66,38539,64,258373
9028,0.000262,74.125.24.0-255,7156,45695,64,258373
9029,0.000265,172.31.40.0-255,66,45761,64,258373
9030,0.000303,74.125.24.0-255,7156,52917,64,258373
9031,0.000306,172.31.40.0-255,66,52983,64,258373
9032,0.00031,74.125.24.0-255,2815,55798,64,258373
9033,0.000313,172.31.40.0-255,66,55864,64,258373
9034,0.001367,74.125.24.0-255,130,55994,64,258373
9035,0.001413,74.125.24.0-255,1484,57478,64,258373
9036,0.001418,172.31.40.0-255,66,57544,64,258373
9037,0.001423,74.125.24.0-255,1484,59028,64,258373
9038,0.001446,74.125.24.0-255,1484,60512,64,258373
9039,0.001449,172.31.40.0-255,66,60578,64,258373
9040,0.001456,74.125.24.0-255,4320,64898,64,258373
9041,0.001458,172.31.40.0-255,66,64964,64,258373
9042,0.001482,74.125.24.0-255,2902,67866,64,258373
9043,0.001488,172.31.40.0-255,66,67932,64,258373
9044,0.001499,172.31.40.0-255,66,67998,64,258373
9045,0.001504,74.125.24.0-255,2902,70900,64,258373
9046,0.001506,172.31.40.0-255,66,70966,64,258373
9047,0.001548,172.31.40.0-255,66,71032,64,258373
9048,0.001552,74.125.24.0-255,766,71798,64,258373
9049,0.001945,74.125.24.0-255,1484,73282,64,258373
9050,0.001952,172.31.40.0-255,66,73348,64,258373
9051,0.001957,74.125.24.0-255,2902,76250,64,258373
9052,0.00196,172.31.40.0-255,66,76316,64,258373
9053,0.001966,74.125.24.0-255,5738,82054,64,258373
9054,0.001973,172.31.40.0-255,66,82120,64,258373
9055,0.001979,74.125.24.0-255,5738,87858,64,258373
9056,0.001981,172.31.40.0-255,66,87924,64,258373
9057,0.002025,74.125.24.0-255,7156,95080,64,258373
9058,0.002028,172.31.40.0-255,66,95146,64,258373
9059,0.00204,172.31.40.0-255,66,95212,64,258373
9060,0.002052,172.31.40.0-255,66,95278,64,258373
9061,0.002086,74.125.24.0-255,2902,98180,64,258373
9062,0.002088,172.31.40.0-255,66,98246,64,258373
9063,0.002101,172.31.40.0-255,66,98312,64,258373
9064,0.002132,74.125.24.0-255,1484,99796,64,258373
9065,0.002174,172.31.40.0-255,66,99862,64,258373
9066,0.002187,172.31.40.0-255,66,99928,64,258373
9067,0.002197,172.31.40.0-255,66,99994,64,258373
9068,0.002223,74.125.24.0-255,1484,101478,64,258373
9069,0.002257,172.31.40.0-255,66,101544,64,258373
9070,0.002287,74.125.24.0-255,2184,103728,64,258373
9071,0.002289,172.31.40.0-255,66,103794,64,258373
9072,0.002309,172.31.40.0-255,66,103860,64,258373
9073,0.002314,74.125.24.0-255,3602,107462,64,258373
9074,0.002316,172.31.40.0-255,66,107528,64,258373
9075,0.002322,74.125.24.0-255,4320,111848,64,258373
9076,0.002324,172.31.40.0-255,66,111914,64,258373
9077,0.002368,172.31.40.0-255,66,111980,64,258373
9078,0.002384,172.31.40.0-255,66,112046,64,258373
9079,0.004666,74.125.24.0-255,2902,114948,64,258373
9080,0.00467,172.31.40.0-255,66,115014,64,258373
9081,0.004691,74.125.24.0-255,2902,117916,64,258373
9082,0.004694,172.31.40.0-255,66,117982,64,258373
9083,0.007005,74.125.24.0-255,5738,123720,64,258373
9084,0.007014,172.31.40.0-255,66,123786,64,258373
9085,0.009322,74.125.24.0-255,5738,129524,64,258373
9086,0.009343,172.31.40.0-255,66,129590,64,258373
9087,0.011641,74.125.24.0-255,5738,135328,64,258373
9088,0.011658,172.31.40.0-255,66,135394,64,258373
9089,0.013956,74.125.24.0-255,5738,141132,64,258373
9090,0.013964,172.31.40.0-255,66,141198,64,258373
9091,0.016279,74.125.24.0-255,5738,146936,64,258373
9092,0.016293,172.31.40.0-255,66,147002,64,258373
9093,0.018602,74.125.24.0-255,5738,152740,64,258373
9094,0.018617,172.31.40.0-255,66,152806,64,258373
9095,0.020899,74.125.24.0-255,5738,158544,64,258373
9096,0.02091,172.31.40.0-255,66,158610,64,258373
9097,0.023219,74.125.24.0-255,5738,164348,64,258373
9098,0.023227,172.31.40.0-255,66,164414,64,258373
9099,0.025583,74.125.24.0-255,5738,170152,64,258373
9100,0.025592,172.31.40.0-255,66,170218,64,258373
9101,0.02788,74.125.24.0-255,5738,175956,64,258373
9102,0.02789,172.31.40.0-255,66,176022,64,258373
9103,0.030178,74.125.24.0-255,5738,181760,64,258373
9104,0.030184,172.31.40.0-255,66,181826,64,258373
9105,0.032501,74.125.24.0-255,5738,187564,64,258373
9106,0.032507,172.31.40.0-255,66,187630,64,258373
9107,0.034786,74.125.24.0-255,5738,193368,64,258373
9108,0.034794,172.31.40.0-255,66,193434,64,258373
9109,0.03708,74.125.24.0-255,5738,199172,64,258373
9110,0.037087,172.31.40.0-255,66,199238,64,258373
9111,0.039378,74.125.24.0-255,5738,204976,64,258373
9112,0.039386,172.31.40.0-255,66,205042,64,258373
9113,0.041686,74.125.24.0-255,5738,210780,64,258373
9114,0.041701,172.31.40.0-255,66,210846,64,258373
9115,0.044031,74.125.24.0-255,5738,216584,64,258373
9116,0.044045,172.31.40.0-255,66,216650,64,258373
9117,0.046341,74.125.24.0-255,5738,222388,64,258373
9118,0.046348,172.31.40.0-255,66,222454,64,258373
9119,0.048658,74.125.24.0-255,5738,228192,64,258373
9120,0.048675,172.31.40.0-255,66,228258,64,258373
9121,0.050096,172.31.40.0-255,172,228430,64,258373
9122,0.050129,172.31.40.0-255,1113,229543,64,258373
9123,0.05019,172.31.40.0-255,1514,231057,64,258373
9124,0.050192,172.31.40.0-255,1295,232352,64,258373
9125,0.050956,74.125.24.0-255,5738,238090,64,258373
9126,0.050962,172.31.40.0-255,66,238156,64,258373
9127,0.051624,104.244.42.0-255,66,238222,64,258373
9128,0.051718,104.244.42.0-255,66,238288,64,258373
9129,0.05178,104.244.42.0-255,66,238354,64,258373
9130,0.05251,104.244.42.0-255,108,238462,64,258373
9131,0.052518,172.31.40.0-255,66,238528,64,258373
9132,0.053272,74.125.24.0-255,5738,244266,64,258373
9133,0.053278,172.31.40.0-255,66,244332,64,258373
9134,0.055611,74.125.24.0-255,5738,250070,64,258373
9135,0.055625,172.31.40.0-255,66,250136,64,258373
9136,0.057964,74.125.24.0-255,5738,255874,64,258373
9137,0.05798,172.31.40.0-255,66,255940,64,258373
9138,0.060303,74.125.24.0-255,2196,258136,64,258373
9139,0.060322,172.31.40.0-255,66,258202,64,258373
9140,0.060604,172.31.40.0-255,105,258307,64,258373
9141,0.062865,74.125.24.0-255,66,258373,64,258373
9142,0.0,74.125.200.0-255,153,153,64,347994
9143,1.8e-05,172.31.40.0-255,66,219,64,347994
9144,2.5e-05,74.125.200.0-255,1484,1703,64,347994
9145,2.9e-05,172.31.40.0-255,66,1769,64,347994
9146,3.5e-05,74.125.200.0-255,2902,4671,64,347994
9147,3.8e-05,172.31.40.0-255,66,4737,64,347994
9148,4.6e-05,74.125.200.0-255,7156,11893,64,347994
9149,4.8e-05,172.31.40.0-255,66,11959,64,347994
9150,0.000115,74.125.200.0-255,2040,13999,64,347994
9151,0.000119,172.31.40.0-255,66,14065,64,347994
9152,0.000783,74.125.200.0-255,1484,15549,64,347994
9153,0.000791,172.31.40.0-255,66,15615,64,347994
9154,0.000828,74.125.200.0-255,2902,18517,64,347994
9155,0.000831,172.31.40.0-255,66,18583,64,347994
9156,0.000838,74.125.200.0-255,4320,22903,64,347994
9157,0.00084,172.31.40.0-255,66,22969,64,347994
9158,0.000873,74.125.200.0-255,7156,30125,64,347994
9159,0.000875,172.31.40.0-255,66,30191,64,347994
9160,0.000893,74.125.200.0-255,1125,31316,64,347994
9161,0.000896,172.31.40.0-255,66,31382,64,347994
9162,0.00094,74.125.200.0-255,2902,34284,64,347994
9163,0.000943,172.31.40.0-255,66,34350,64,347994
9164,0.000966,74.125.200.0-255,5738,40088,64,347994
9165,0.000969,172.31.40.0-255,66,40154,64,347994
9166,0.001027,74.125.200.0-255,2902,43056,64,347994
9167,0.00103,172.31.40.0-255,66,43122,64,347994
9168,0.001063,74.125.200.0-255,2902,46024,64,347994
9169,0.001067,172.31.40.0-255,66,46090,64,347994
9170,0.001085,74.125.200.0-255,2543,48633,64,347994
9171,0.001088,172.31.40.0-255,66,48699,64,347994
9172,0.001491,74.125.200.0-255,1484,50183,64,347994
9173,0.001497,172.31.40.0-255,66,50249,64,347994
9174,0.001502,74.125.200.0-255,1484,51733,64,347994
9175,0.001516,74.125.200.0-255,1484,53217,64,347994
9176,0.001519,172.31.40.0-255,66,53283,64,347994
9177,0.001524,74.125.200.0-255,2902,56185,64,347994
9178,0.001526,172.31.40.0-255,66,56251,64,347994
9179,0.001555,74.125.200.0-255,4320,60571,64,347994
9180,0.001558,172.31.40.0-255,66,60637,64,347994
9181,0.0016,74.125.200.0-255,5379,66016,64,347994
9182,0.001603,172.31.40.0-255,66,66082,64,347994
9183,0.001664,74.125.200.0-255,1484,67566,64,347994
9184,0.001678,74.125.200.0-255,2902,70468,64,347994
9185,0.001681,172.31.40.0-255,66,70534,64,347994
9186,0.0017,74.125.200.0-255,1484,72018,64,347994
9187,0.001715,74.125.200.0-255,4320,76338,64,347994
9188,0.001717,172.31.40.0-255,66,76404,64,347994
9189,0.00175,74.125.200.0-255,2902,79306,64,347994
9190,0.001753,172.31.40.0-255,66,79372,64,347994
9191,0.001771,74.125.200.0-255,2902,82274,64,347994
9192,0.001773,172.31.40.0-255,66,82340,64,347994
9193,0.001811,74.125.200.0-255,2902,85242,64,347994
9194,0.001814,172.31.40.0-255,66,85308,64,347994
9195,0.001837,74.125.200.0-255,3961,89269,64,347994
9196,0.001839,172.31.40.0-255,66,89335,64,347994
9197,0.001883,74.125.200.0-255,1484,90819,64,347994
9198,0.001901,74.125.200.0-255,4320,95139,64,347994
9199,0.001903,172.31.40.0-255,66,95205,64,347994
9200,0.001925,74.125.200.0-255,5379,100584,64,347994
9201,0.001928,172.31.40.0-255,66,100650,64,347994
9202,0.001992,74.125.200.0-255,1484,102134,64,347994
9203,0.002013,74.125.200.0-255,2902,105036,64,347994
9204,0.002015,172.31.40.0-255,66,105102,64,347994
9205,0.002046,74.125.200.0-255,5738,110840,64,347994
9206,0.002049,172.31.40.0-255,66,110906,64,347994
9207,0.002101,74.125.200.0-255,6683,117589,64,347994
9208,0.002104,172.31.40.0-255,66,117655,64,347994
9209,0.002495,74.125.200.0-255,1484,119139,64,347994
9210,0.002523,74.125.200.0-255,2902,122041,64,347994
9211,0.002525,74.125.200.0-255,1484,123525,64,347994
9212,0.002552,74.125.200.0-255,2902,126427,64,347994
9213,0.002584,74.125.200.0-255,5738,132165,64,347994
9214,0.002624,74.125.200.0-255,1484,133649,64,347994
9215,0.002637,74.125.200.0-255,1248,134897,64,347994
9216,0.003777,172.31.40.0-255,66,134963,64,347994
9217,0.006366,74.125.200.0-255,5738,140701,64,347994
9218,0.006372,172.31.40.0-255,66,140767,64,347994
9219,0.008963,74.125.200.0-255,5738,146505,64,347994
9220,0.008972,172.31.40.0-255,66,146571,64,347994
9221,0.011591,74.125.200.0-255,5738,152309,64,347994
9222,0.0116,172.31.40.0-255,66,152375,64,347994
9223,0.014193,74.125.200.0-255,5738,158113,64,347994
9224,0.014202,172.31.40.0-255,66,158179,64,347994
9225,0.016789,74.125.200.0-255,5738,163917,64,347994
9226,0.016796,172.31.40.0-255,66,163983,64,347994
9227,0.01938,74.125.200.0-255,5738,169721,64,347994
9228,0.019387,172.31.40.0-255,66,169787,64,347994
9229,0.021971,74.125.200.0-255,5738,175525,64,347994
9230,0.02198,172.31.40.0-255,66,175591,64,347994
9231,0.024565,74.125.200.0-255,5738,181329,64,347994
9232,0.024572,172.31.40.0-255,66,181395,64,347994
9233,0.025019,172.31.40.0-255,172,181567,64,347994
9234,0.025049,172.31.40.0-255,1112,182679,64,347994
9235,0.0251,172.31.40.0-255,1514,184193,64,347994
9236,0.025102,172.31.40.0-255,1514,185707,64,347994
9237,0.025125,172.31.40.0-255,696,186403,64,347994
9238,0.026571,104.244.42.0-255,66,186469,64,347994
9239,0.026608,104.244.42.0-255,66,186535,64,347994
9240,0.026657,104.244.42.0-255,66,186601,64,347994
9241,0.026662,104.244.42.0-255,66,186667,64,347994
9242,0.027171,74.125.200.0-255,5738,192405,64,347994
9243,0.027178,172.31.40.0-255,66,192471,64,347994
9244,0.029769,74.125.200.0-255,5738,198209,64,347994
9245,0.029776,172.31.40.0-255,66,198275,64,347994
9246,0.03239,74.125.200.0-255,5738,204013,64,347994
9247,0.032396,172.31.40.0-255,66,204079,64,347994
9248,0.034999,74.125.200.0-255,5738,209817,64,347994
9249,0.035004,172.31.40.0-255,66,209883,64,347994
9250,0.037603,74.125.200.0-255,5738,215621,64,347994
9251,0.037609,172.31.40.0-255,66,215687,64,347994
9252,0.040204,74.125.200.0-255,5738,221425,64,347994
9253,0.04021,172.31.40.0-255,66,221491,64,347994
9254,0.042826,74.125.200.0-255,5738,227229,64,347994
9255,0.042833,172.31.40.0-255,66,227295,64,347994
9256,0.045423,74.125.200.0-255,5738,233033,64,347994
9257,0.045429,172.31.40.0-255,66,233099,64,347994
9258,0.04801,74.125.200.0-255,4320,237419,64,347994
9259,0.048019,172.31.40.0-255,66,237485,64,347994
9260,0.048039,74.125.200.0-255,1484,238969,64,347994
9261,0.050615,74.125.200.0-255,4320,243289,64,347994
9262,0.050624,172.31.40.0-255,66,243355,64,347994
9263,0.0532,74.125.200.0-255,5738,249093,64,347994
9264,0.053208,172.31.40.0-255,66,249159,64,347994
9265,0.055819,74.125.200.0-255,5738,254897,64,347994
9266,0.055826,172.31.40.0-255,66,254963,64,347994
9267,0.058415,74.125.200.0-255,5738,260701,64,347994
9268,0.05843,172.31.40.0-255,66,260767,64,347994
9269,0.061038,74.125.200.0-255,5738,266505,64,347994
9270,0.061057,172.31.40.0-255,66,266571,64,347994
9271,0.063661,74.125.200.0-255,5738,272309,64,347994
9272,0.06368,172.31.40.0-255,66,272375,64,347994
9273,0.06629,74.125.200.0-255,5738,278113,64,347994
9274,0.066307,172.31.40.0-255,66,278179,64,347994
9275,0.068913,74.125.200.0-255,5738,283917,64,347994
9276,0.068932,172.31.40.0-255,66,283983,64,347994
9277,0.071543,74.125.200.0-255,5738,289721,64,347994
9278,0.071561,172.31.40.0-255,66,289787,64,347994
9279,0.074141,74.125.200.0-255,5738,295525,64,347994
9280,0.074151,172.31.40.0-255,66,295591,64,347994
9281,0.075297,172.31.40.0-255,101,295692,64,347994
9282,0.076757,74.125.200.0-255,5738,301430,64,347994
9283,0.076773,172.31.40.0-255,66,301496,64,347994
9284,0.077848,74.125.200.0-255,66,301562,64,347994
9285,0.079371,74.125.200.0-255,5738,307300,64,347994
9286,0.079385,172.31.40.0-255,66,307366,64,347994
9287,0.081989,74.125.200.0-255,5738,313104,64,347994
9288,0.082006,172.31.40.0-255,66,313170,64,347994
9289,0.084606,74.125.200.0-255,5738,318908,64,347994
9290,0.084624,172.31.40.0-255,66,318974,64,347994
9291,0.087221,74.125.200.0-255,5738,324712,64,347994
9292,0.087244,172.31.40.0-255,66,324778,64,347994
9293,0.089845,74.125.200.0-255,5738,330516,64,347994
9294,0.089864,172.31.40.0-255,66,330582,64,347994
9295,0.092529,74.125.200.0-255,5738,336320,64,347994
9296,0.092548,172.31.40.0-255,66,336386,64,347994
9297,0.095154,74.125.200.0-255,5738,342124,64,347994
9298,0.095173,172.31.40.0-255,66,342190,64,347994
9299,0.097778,74.125.200.0-255,5738,347928,64,347994
9300,0.0978,172.31.40.0-255,66,347994,64,347994
9301,0.0,172.217.194.0-255,153,153,64,366236
9302,3.1e-05,172.31.40.0-255,66,219,64,366236
9303,3.9e-05,172.217.194.0-255,1484,1703,64,366236
9304,4.4e-05,172.31.40.0-255,66,1769,64,366236
9305,5e-05,172.217.194.0-255,2902,4671,64,366236
9306,5.4e-05,172.31.40.0-255,66,4737,64,366236
9307,6.1e-05,172.217.194.0-255,7156,11893,64,366236
9308,6.4e-05,172.31.40.0-255,66,11959,64,366236
9309,6.8e-05,172.217.194.0-255,1992,13951,64,366236
9310,7.1e-05,172.31.40.0-255,66,14017,64,366236
9311,0.000108,172.31.40.0-255,66,14083,64,366236
9312,0.000114,172.217.194.0-255,5379,19462,64,366236
9313,0.000117,172.31.40.0-255,66,19528,64,366236
9314,0.000223,172.217.194.0-255,1484,21012,64,366236
9315,0.000226,172.31.40.0-255,66,21078,64,366236
9316,0.00023,172.217.194.0-255,2902,23980,64,366236
9317,0.000232,172.31.40.0-255,66,24046,64,366236
9318,0.000245,172.217.194.0-255,2902,26948,64,366236
9319,0.000248,172.31.40.0-255,66,27014,64,366236
9320,0.000267,172.217.194.0-255,2902,29916,64,366236
9321,0.000269,172.31.40.0-255,66,29982,64,366236
9322,0.000274,172.217.194.0-255,4320,34302,64,366236
9323,0.000276,172.31.40.0-255,66,34368,64,366236
9324,0.000303,172.217.194.0-255,1484,35852,64,366236
9325,0.000304,172.31.40.0-255,66,35918,64,366236
9326,0.000325,172.217.194.0-255,5738,41656,64,366236
9327,0.000327,172.31.40.0-255,66,41722,64,366236
9328,0.000355,172.217.194.0-255,5379,47101,64,366236
9329,0.000357,172.31.40.0-255,66,47167,64,366236
9330,0.000364,172.217.194.0-255,7086,54253,64,366236
9331,0.000366,172.31.40.0-255,66,54319,64,366236
9332,0.000394,172.217.194.0-255,366,54685,64,366236
9333,0.000588,172.217.194.0-255,1484,56169,64,366236
9334,0.000594,172.217.194.0-255,2902,59071,64,366236
9335,0.000627,172.217.194.0-255,5738,64809,64,366236
9336,0.000634,172.217.194.0-255,7156,71965,64,366236
9337,0.000665,172.217.194.0-255,2902,74867,64,366236
9338,0.000676,172.31.40.0-255,66,74933,64,366236
9339,0.000689,172.217.194.0-255,5738,80671,64,366236
9340,0.00072,172.31.40.0-255,66,80737,64,366236
9341,0.001802,172.217.194.0-255,1484,82221,64,366236
9342,0.001811,172.217.194.0-255,2902,85123,64,366236
9343,0.001815,172.31.40.0-255,66,85189,64,366236
9344,0.001821,172.217.194.0-255,2902,88091,64,366236
9345,0.001839,172.217.194.0-255,2902,90993,64,366236
9346,0.001884,172.217.194.0-255,1484,92477,64,366236
9347,0.0019,172.217.194.0-255,3602,96079,64,366236
9348,0.004546,172.31.40.0-255,66,96145,64,366236
9349,0.006553,172.217.194.0-255,5738,101883,64,366236
9350,0.00656,172.31.40.0-255,66,101949,64,366236
9351,0.008654,172.217.194.0-255,4320,106269,64,366236
9352,0.00866,172.31.40.0-255,66,106335,64,366236
9353,0.008675,172.217.194.0-255,1484,107819,64,366236
9354,0.010666,172.217.194.0-255,4320,112139,64,366236
9355,0.012037,172.31.40.0-255,66,112205,64,366236
9356,0.014054,172.217.194.0-255,5738,117943,64,366236
9357,0.014063,172.31.40.0-255,66,118009,64,366236
9358,0.016099,172.217.194.0-255,5738,123747,64,366236
9359,0.016107,172.31.40.0-255,66,123813,64,366236
9360,0.018118,172.217.194.0-255,5738,129551,64,366236
9361,0.018132,172.31.40.0-255,66,129617,64,366236
9362,0.020123,172.217.194.0-255,5738,135355,64,366236
9363,0.020129,172.31.40.0-255,66,135421,64,366236
9364,0.022152,172.217.194.0-255,5738,141159,64,366236
9365,0.022168,172.31.40.0-255,66,141225,64,366236
9366,0.024141,172.217.194.0-255,5738,146963,64,366236
9367,0.024148,172.31.40.0-255,66,147029,64,366236
9368,0.026156,172.217.194.0-255,5738,152767,64,366236
9369,0.026164,172.31.40.0-255,66,152833,64,366236
9370,0.028202,172.217.194.0-255,5738,158571,64,366236
9371,0.028217,172.31.40.0-255,66,158637,64,366236
9372,0.030208,172.217.194.0-255,5738,164375,64,366236
9373,0.030217,172.31.40.0-255,66,164441,64,366236
9374,0.032213,172.217.194.0-255,5738,170179,64,366236
9375,0.032219,172.31.40.0-255,66,170245,64,366236
9376,0.033338,172.31.40.0-255,172,170417,64,366236
9377,0.033365,172.31.40.0-255,1112,171529,64,366236
9378,0.033412,172.31.40.0-255,1514,173043,64,366236
9379,0.033414,172.31.40.0-255,1296,174339,64,366236
9380,0.034232,172.217.194.0-255,5738,180077,64,366236
9381,0.034239,172.31.40.0-255,66,180143,64,366236
9382,0.034896,104.244.42.0-255,66,180209,64,366236
9383,0.034935,104.244.42.0-255,66,180275,64,366236
9384,0.034979,104.244.42.0-255,66,180341,64,366236
9385,0.036255,172.217.194.0-255,5738,186079,64,366236
9386,0.036266,172.31.40.0-255,66,186145,64,366236
9387,0.038307,172.217.194.0-255,5738,191883,64,366236
9388,0.038322,172.31.40.0-255,66,191949,64,366236
9389,0.040336,172.217.194.0-255,5738,197687,64,366236
9390,0.040352,172.31.40.0-255,66,197753,64,366236
9391,0.042405,172.217.194.0-255,5738,203491,64,366236
9392,0.04242,172.31.40.0-255,66,203557,64,366236
9393,0.044426,172.217.194.0-255,5738,209295,64,366236
9394,0.044441,172.31.40.0-255,66,209361,64,366236
9395,0.046457,172.217.194.0-255,5738,215099,64,366236
9396,0.046472,172.31.40.0-255,66,215165,64,366236
9397,0.0485,172.217.194.0-255,5738,220903,64,366236
9398,0.048517,172.31.40.0-255,66,220969,64,366236
9399,0.050509,172.217.194.0-255,5738,226707,64,366236
9400,0.050522,172.31.40.0-255,66,226773,64,366236
9401,0.052546,172.217.194.0-255,5738,232511,64,366236
9402,0.052557,172.31.40.0-255,66,232577,64,366236
9403,0.054585,172.217.194.0-255,5738,238315,64,366236
9404,0.054601,172.31.40.0-255,66,238381,64,366236
9405,0.056632,172.217.194.0-255,5738,244119,64,366236
9406,0.056651,172.31.40.0-255,66,244185,64,366236
9407,0.059008,172.217.194.0-255,5738,249923,64,366236
9408,0.059026,172.31.40.0-255,66,249989,64,366236
9409,0.061021,172.217.194.0-255,5738,255727,64,366236
9410,0.061035,172.31.40.0-255,66,255793,64,366236
9411,0.0612,172.31.40.0-255,101,255894,64,366236
9412,0.063091,172.217.194.0-255,5738,261632,64,366236
9413,0.063103,172.31.40.0-255,66,261698,64,366236
9414,0.063153,172.217.194.0-255,66,261764,64,366236
9415,0.065127,172.217.194.0-255,5738,267502,64,366236
9416,0.065143,172.31.40.0-255,66,267568,64,366236
9417,0.067134,172.217.194.0-255,5738,273306,64,366236
9418,0.067147,172.31.40.0-255,66,273372,64,366236
9419,0.069151,172.217.194.0-255,5738,279110,64,366236
9420,0.069166,172.31.40.0-255,66,279176,64,366236
9421,0.071183,172.217.194.0-255,5738,284914,64,366236
9422,0.071199,172.31.40.0-255,66,284980,64,366236
9423,0.073189,172.217.194.0-255,5738,290718,64,366236
9424,0.073198,172.31.40.0-255,66,290784,64,366236
9425,0.075205,172.217.194.0-255,5738,296522,64,366236
9426,0.075219,172.31.40.0-255,66,296588,64,366236
9427,0.077228,172.217.194.0-255,5738,302326,64,366236
9428,0.077241,172.31.40.0-255,66,302392,64,366236
9429,0.079241,172.217.194.0-255,5738,308130,64,366236
9430,0.079255,172.31.40.0-255,66,308196,64,366236
9431,0.08126,172.217.194.0-255,5738,313934,64,366236
9432,0.081267,172.31.40.0-255,66,314000,64,366236
9433,0.083298,172.217.194.0-255,5738,319738,64,366236
9434,0.083304,172.31.40.0-255,66,319804,64,366236
9435,0.085332,172.217.194.0-255,5738,325542,64,366236
9436,0.08534,172.31.40.0-255,66,325608,64,366236
9437,0.087371,172.217.194.0-255,5738,331346,64,366236
9438,0.087378,172.31.40.0-255,66,331412,64,366236
9439,0.089364,172.217.194.0-255,5738,337150,64,366236
9440,0.08937,172.31.40.0-255,66,337216,64,366236
9441,0.091377,172.217.194.0-255,5738,342954,64,366236
9442,0.091384,172.31.40.0-255,66,343020,64,366236
9443,0.093348,172.217.194.0-255,5738,348758,64,366236
9444,0.093354,172.31.40.0-255,66,348824,64,366236
9445,0.095376,172.217.194.0-255,5738,354562,64,366236
9446,0.095384,172.31.40.0-255,66,354628,64,366236
9447,0.097392,172.217.194.0-255,5738,360366,64,366236
9448,0.097399,172.31.40.0-255,66,360432,64,366236
9449,0.099393,172.217.194.0-255,5738,366170,64,366236
9450,0.099398,172.31.40.0-255,66,366236,64,366236
9451,0.0,172.31.40.0-255,105,105,64,459
9452,0.000264,172.31.40.0-255,90,195,64,459
9453,0.000275,172.31.40.0-255,66,261,64,459
9454,0.003365,172.217.194.0-255,66,327,64,459
9455,0.003393,172.217.194.0-255,66,393,64,459
9456,0.003418,172.31.40.0-255,66,459,64,459
9457,0.0,74.125.24.0-255,150,150,64,363231
9458,2.1e-05,172.31.40.0-255,66,216,64,363231
9459,4.5e-05,74.125.24.0-255,1484,1700,64,363231
9460,4.9e-05,172.31.40.0-255,66,1766,64,363231
9461,5.5e-05,74.125.24.0-255,2902,4668,64,363231
9462,5.9e-05,172.31.40.0-255,66,4734,64,363231
9463,6.2e-05,74.125.24.0-255,1484,6218,64,363231
9464,6.4e-05,172.31.40.0-255,66,6284,64,363231
9465,8.4e-05,74.125.24.0-255,4320,10604,64,363231
9466,8.7e-05,172.31.40.0-255,66,10670,64,363231
9467,9.4e-05,74.125.24.0-255,6275,16945,64,363231
9468,9.7e-05,172.31.40.0-255,66,17011,64,363231
9469,0.000104,74.125.24.0-255,7156,24167,64,363231
9470,0.000107,172.31.40.0-255,66,24233,64,363231
9471,0.000133,74.125.24.0-255,6797,31030,64,363231
9472,0.000135,172.31.40.0-255,66,31096,64,363231
9473,0.000191,74.125.24.0-255,1484,32580,64,363231
9474,0.000194,172.31.40.0-255,66,32646,64,363231
9475,0.00021,74.125.24.0-255,2902,35548,64,363231
9476,0.000212,172.31.40.0-255,66,35614,64,363231
9477,0.000217,74.125.24.0-255,2902,38516,64,363231
9478,0.000219,172.31.40.0-255,66,38582,64,363231
9479,0.000239,74.125.24.0-255,2902,41484,64,363231
9480,0.000242,172.31.40.0-255,66,41550,64,363231
9481,0.000244,74.125.24.0-255,1484,43034,64,363231
9482,0.000246,172.31.40.0-255,66,43100,64,363231
9483,0.000251,74.125.24.0-255,2902,46002,64,363231
9484,0.000253,172.31.40.0-255,66,46068,64,363231
9485,0.000256,74.125.24.0-255,1484,47552,64,363231
9486,0.000258,172.31.40.0-255,66,47618,64,363231
9487,0.00029,74.125.24.0-255,5379,52997,64,363231
9488,0.000292,172.31.40.0-255,66,53063,64,363231
9489,0.000297,74.125.24.0-255,4320,57383,64,363231
9490,0.0003,172.31.40.0-255,66,57449,64,363231
9491,0.000335,74.125.24.0-255,4320,61769,64,363231
9492,0.000339,172.31.40.0-255,66,61835,64,363231
9493,0.000356,74.125.24.0-255,4232,66067,64,363231
9494,0.000359,172.31.40.0-255,66,66133,64,363231
9495,0.000362,74.125.24.0-255,132,66265,64,363231
9496,0.000472,74.125.24.0-255,1484,67749,64,363231
9497,0.000477,172.31.40.0-255,66,67815,64,363231
9498,0.000482,74.125.24.0-255,2902,70717,64,363231
9499,0.000484,172.31.40.0-255,66,70783,64,363231
9500,0.000491,74.125.24.0-255,5738,76521,64,363231
9501,0.000493,172.31.40.0-255,66,76587,64,363231
9502,0.000532,74.125.24.0-255,4320,80907,64,363231
9503,0.000535,172.31.40.0-255,66,80973,64,363231
9504,0.000554,74.125.24.0-255,4320,85293,64,363231
9505,0.000557,172.31.40.0-255,66,85359,64,363231
9506,0.000586,74.125.24.0-255,5379,90738,64,363231
9507,0.000589,172.31.40.0-255,66,90804,64,363231
9508,0.000596,74.125.24.0-255,7156,97960,64,363231
9509,0.000598,172.31.40.0-255,66,98026,64,363231
9510,0.000613,74.125.24.0-255,2543,100569,64,363231
9511,0.000615,172.31.40.0-255,66,100635,64,363231
9512,0.000839,74.125.24.0-255,1484,102119,64,363231
9513,0.000859,74.125.24.0-255,2902,105021,64,363231
9514,0.000864,172.31.40.0-255,66,105087,64,363231
9515,0.000882,74.125.24.0-255,4320,109407,64,363231
9516,0.000885,172.31.40.0-255,66,109473,64,363231
9517,0.000906,74.125.24.0-255,1484,110957,64,363231
9518,0.000912,74.125.24.0-255,4320,115277,64,363231
9519,0.000914,172.31.40.0-255,66,115343,64,363231
9520,0.000932,74.125.24.0-255,7156,122499,64,363231
9521,0.000934,172.31.40.0-255,66,122565,64,363231
9522,0.000966,74.125.24.0-255,4320,126885,64,363231
9523,0.00097,172.31.40.0-255,66,126951,64,363231
9524,0.00098,172.31.40.0-255,66,127017,64,363231
9525,0.001059,74.125.24.0-255,1484,128501,64,363231
9526,0.001063,74.125.24.0-255,1484,129985,64,363231
9527,0.001066,172.31.40.0-255,66,130051,64,363231
9528,0.001084,74.125.24.0-255,1484,131535,64,363231
9529,0.001102,74.125.24.0-255,4320,135855,64,363231
9530,0.001105,172.31.40.0-255,66,135921,64,363231
9531,0.001142,74.125.24.0-255,5738,141659,64,363231
9532,0.001146,172.31.40.0-255,66,141725,64,363231
9533,0.001162,74.125.24.0-255,2902,144627,64,363231
9534,0.001164,172.31.40.0-255,66,144693,64,363231
9535,0.001188,74.125.24.0-255,1484,146177,64,363231
9536,0.001195,74.125.24.0-255,5738,151915,64,363231
9537,0.001198,172.31.40.0-255,66,151981,64,363231
9538,0.001214,74.125.24.0-255,1484,153465,64,363231
9539,0.001233,74.125.24.0-255,5738,159203,64,363231
9540,0.001236,172.31.40.0-255,66,159269,64,363231
9541,0.001259,74.125.24.0-255,2184,161453,64,363231
9542,0.001262,172.31.40.0-255,66,161519,64,363231
9543,0.001441,74.125.24.0-255,1484,163003,64,363231
9544,0.001446,74.125.24.0-255,1484,164487,64,363231
9545,0.001449,172.31.40.0-255,66,164553,64,363231
9546,0.001468,74.125.24.0-255,1484,166037,64,363231
9547,0.001475,74.125.24.0-255,5738,171775,64,363231
9548,0.001478,172.31.40.0-255,66,171841,64,363231
9549,0.001544,172.31.40.0-255,66,171907,64,363231
9550,0.00155,74.125.24.0-255,5738,177645,64,363231
9551,0.001553,172.31.40.0-255,66,177711,64,363231
9552,0.001575,74.125.24.0-255,2902,180613,64,363231
9553,0.001578,172.31.40.0-255,66,180679,64,363231
9554,0.001601,74.125.24.0-255,2184,182863,64,363231
9555,0.001604,172.31.40.0-255,66,182929,64,363231
9556,0.001715,74.125.24.0-255,1484,184413,64,363231
9557,0.001739,74.125.24.0-255,2902,187315,64,363231
9558,0.001742,172.31.40.0-255,66,187381,64,363231
9559,0.001748,74.125.24.0-255,4320,191701,64,363231
9560,0.001751,172.31.40.0-255,66,191767,64,363231
9561,0.001775,74.125.24.0-255,1484,193251,64,363231
9562,0.001788,172.31.40.0-255,66,193317,64,363231
9563,0.001837,74.125.24.0-255,5738,199055,64,363231
9564,0.00184,172.31.40.0-255,66,199121,64,363231
9565,0.001867,172.31.40.0-255,66,199187,64,363231
9566,0.00187,74.125.24.0-255,1484,200671,64,363231
9567,0.001896,74.125.24.0-255,2902,203573,64,363231
9568,0.001902,74.125.24.0-255,5738,209311,64,363231
9569,0.001905,172.31.40.0-255,66,209377,64,363231
9570,0.001908,172.31.40.0-255,66,209443,64,363231
9571,0.001928,74.125.24.0-255,4320,213763,64,363231
9572,0.001931,172.31.40.0-255,66,213829,64,363231
9573,0.001949,74.125.24.0-255,5738,219567,64,363231
9574,0.001951,172.31.40.0-255,66,219633,64,363231
9575,0.001964,172.31.40.0-255,66,219699,64,363231
9576,0.001968,74.125.24.0-255,2184,221883,64,363231
9577,0.001971,172.31.40.0-255,66,221949,64,363231
9578,0.002012,74.125.24.0-255,5738,227687,64,363231
9579,0.002017,172.31.40.0-255,66,227753,64,363231
9580,0.002045,172.31.40.0-255,66,227819,64,363231
9581,0.002051,74.125.24.0-255,5738,233557,64,363231
9582,0.002054,172.31.40.0-255,66,233623,64,363231
9583,0.002057,74.125.24.0-255,1484,235107,64,363231
9584,0.004085,74.125.24.0-255,4320,239427,64,363231
9585,0.004092,172.31.40.0-255,66,239493,64,363231
9586,0.00611,74.125.24.0-255,5738,245231,64,363231
9587,0.006117,172.31.40.0-255,66,245297,64,363231
9588,0.008122,74.125.24.0-255,5738,251035,64,363231
9589,0.008126,172.31.40.0-255,66,251101,64,363231
9590,0.01013,74.125.24.0-255,5738,256839,64,363231
9591,0.010136,172.31.40.0-255,66,256905,64,363231
9592,0.012151,74.125.24.0-255,5738,262643,64,363231
9593,0.01216,172.31.40.0-255,66,262709,64,363231
9594,0.014157,74.125.24.0-255,5738,268447,64,363231
9595,0.014165,172.31.40.0-255,66,268513,64,363231
9596,0.016189,74.125.24.0-255,5738,274251,64,363231
9597,0.016198,172.31.40.0-255,66,274317,64,363231
9598,0.018183,74.125.24.0-255,4320,278637,64,363231
9599,0.018189,172.31.40.0-255,66,278703,64,363231
9600,0.018208,74.125.24.0-255,1484,280187,64,363231
9601,0.020214,74.125.24.0-255,4320,284507,64,363231
9602,0.020221,172.31.40.0-255,66,284573,64,363231
9603,0.022225,74.125.24.0-255,5738,290311,64,363231
9604,0.022229,172.31.40.0-255,66,290377,64,363231
9605,0.024226,74.125.24.0-255,5738,296115,64,363231
9606,0.024233,172.31.40.0-255,66,296181,64,363231
9607,0.026237,74.125.24.0-255,5738,301919,64,363231
9608,0.026245,172.31.40.0-255,66,301985,64,363231
9609,0.028299,74.125.24.0-255,5738,307723,64,363231
9610,0.028306,172.31.40.0-255,66,307789,64,363231
9611,0.030323,74.125.24.0-255,5738,313527,64,363231
9612,0.03033,172.31.40.0-255,66,313593,64,363231
9613,0.032337,74.125.24.0-255,2902,316495,64,363231
9614,0.032345,172.31.40.0-255,66,316561,64,363231
9615,0.032367,74.125.24.0-255,2902,319463,64,363231
9616,0.03237,172.31.40.0-255,66,319529,64,363231
9617,0.034358,74.125.24.0-255,5738,325267,64,363231
9618,0.034365,172.31.40.0-255,66,325333,64,363231
9619,0.03499,172.31.40.0-255,182,325515,64,363231
9620,0.035024,172.31.40.0-255,1111,326626,64,363231
9621,0.035082,172.31.40.0-255,1514,328140,64,363231
9622,0.035084,172.31.40.0-255,1514,329654,64,363231
9623,0.035109,172.31.40.0-255,694,330348,64,363231
9624,0.0364,74.125.24.0-255,5738,336086,64,363231
9625,0.036406,172.31.40.0-255,66,336152,64,363231
9626,0.036485,104.244.42.0-255,66,336218,64,363231
9627,0.036547,104.244.42.0-255,66,336284,64,363231
9628,0.036646,104.244.42.0-255,66,336350,64,363231
9629,0.036652,104.244.42.0-255,66,336416,64,363231
9630,0.038388,104.244.42.0-255,108,336524,64,363231
9631,0.038396,172.31.40.0-255,66,336590,64,363231
9632,0.038453,74.125.24.0-255,5738,342328,64,363231
9633,0.038457,172.31.40.0-255,66,342394,64,363231
9634,0.040471,74.125.24.0-255,5738,348132,64,363231
9635,0.040477,172.31.40.0-255,66,348198,64,363231
9636,0.0425,74.125.24.0-255,5738,353936,64,363231
9637,0.042508,172.31.40.0-255,66,354002,64,363231
9638,0.044527,74.125.24.0-255,5738,359740,64,363231
9639,0.044534,172.31.40.0-255,66,359806,64,363231
9640,0.046549,74.125.24.0-255,3188,362994,64,363231
9641,0.046555,172.31.40.0-255,66,363060,64,363231
9642,0.046709,172.31.40.0-255,105,363165,64,363231
9643,0.048686,74.125.24.0-255,66,363231,64,363231
9644,0.0,172.31.40.0-255,105,105,64,459
9645,0.000148,172.31.40.0-255,90,195,64,459
9646,0.00016,172.31.40.0-255,66,261,64,459
9647,0.002495,172.217.194.0-255,66,327,64,459
9648,0.002523,172.217.194.0-255,66,393,64,459
9649,0.002545,172.31.40.0-255,66,459,64,459
9650,0.0,74.125.24.0-255,150,150,64,229307
9651,2.3e-05,172.31.40.0-255,66,216,64,229307
9652,3.1e-05,74.125.24.0-255,1484,1700,64,229307
9653,3.7e-05,172.31.40.0-255,66,1766,64,229307
9654,5e-05,74.125.24.0-255,2902,4668,64,229307
9655,5.3e-05,172.31.40.0-255,66,4734,64,229307
9656,6.1e-05,74.125.24.0-255,7156,11890,64,229307
9657,6.4e-05,172.31.40.0-255,66,11956,64,229307
9658,6.9e-05,74.125.24.0-255,3517,15473,64,229307
9659,7.1e-05,172.31.40.0-255,66,15539,64,229307
9660,8.2e-05,172.31.40.0-255,66,15605,64,229307
9661,0.000115,74.125.24.0-255,4320,19925,64,229307
9662,0.000118,172.31.40.0-255,66,19991,64,229307
9663,0.000121,74.125.24.0-255,2543,22534,64,229307
9664,0.000123,172.31.40.0-255,66,22600,64,229307
9665,0.000528,74.125.24.0-255,1484,24084,64,229307
9666,0.000536,172.31.40.0-255,66,24150,64,229307
9667,0.000542,74.125.24.0-255,2902,27052,64,229307
9668,0.000544,172.31.40.0-255,66,27118,64,229307
9669,0.00058,74.125.24.0-255,5738,32856,64,229307
9670,0.000583,172.31.40.0-255,66,32922,64,229307
9671,0.000589,74.125.24.0-255,2902,35824,64,229307
9672,0.000591,172.31.40.0-255,66,35890,64,229307
9673,0.000636,172.31.40.0-255,66,35956,64,229307
9674,0.000647,172.31.40.0-255,66,36022,64,229307
9675,0.000655,74.125.24.0-255,2868,38890,64,229307
9676,0.000657,172.31.40.0-255,66,38956,64,229307
9677,0.000706,74.125.24.0-255,1484,40440,64,229307
9678,0.000709,172.31.40.0-255,66,40506,64,229307
9679,0.000754,74.125.24.0-255,2902,43408,64,229307
9680,0.000757,172.31.40.0-255,66,43474,64,229307
9681,0.000763,74.125.24.0-255,5738,49212,64,229307
9682,0.000766,172.31.40.0-255,66,49278,64,229307
9683,0.000778,74.125.24.0-255,6797,56075,64,229307
9684,0.00078,172.31.40.0-255,66,56141,64,229307
9685,0.000784,74.125.24.0-255,2902,59043,64,229307
9686,0.000786,172.31.40.0-255,66,59109,64,229307
9687,0.000818,74.125.24.0-255,4320,63429,64,229307
9688,0.000821,172.31.40.0-255,66,63495,64,229307
9689,0.000833,172.31.40.0-255,66,63561,64,229307
9690,0.001736,74.125.24.0-255,1484,65045,64,229307
9691,0.001743,74.125.24.0-255,2902,67947,64,229307
9692,0.001747,172.31.40.0-255,66,68013,64,229307
9693,0.001753,74.125.24.0-255,4320,72333,64,229307
9694,0.001754,172.31.40.0-255,66,72399,64,229307
9695,0.001773,74.125.24.0-255,1484,73883,64,229307
9696,0.001778,74.125.24.0-255,4320,78203,64,229307
9697,0.00178,172.31.40.0-255,66,78269,64,229307
9698,0.001819,172.31.40.0-255,66,78335,64,229307
9699,0.001879,74.125.24.0-255,2902,81237,64,229307
9700,0.001882,172.31.40.0-255,66,81303,64,229307
9701,0.001913,172.31.40.0-255,66,81369,64,229307
9702,0.002125,74.125.24.0-255,1484,82853,64,229307
9703,0.002129,74.125.24.0-255,1484,84337,64,229307
9704,0.002131,172.31.40.0-255,66,84403,64,229307
9705,0.002154,74.125.24.0-255,1484,85887,64,229307
9706,0.00216,74.125.24.0-255,5738,91625,64,229307
9707,0.002162,172.31.40.0-255,66,91691,64,229307
9708,0.002171,172.31.40.0-255,66,91757,64,229307
9709,0.002193,74.125.24.0-255,4320,96077,64,229307
9710,0.002195,172.31.40.0-255,66,96143,64,229307
9711,0.002207,172.31.40.0-255,66,96209,64,229307
9712,0.002233,74.125.24.0-255,2902,99111,64,229307
9713,0.002236,172.31.40.0-255,66,99177,64,229307
9714,0.002267,172.31.40.0-255,66,99243,64,229307
9715,0.002291,172.31.40.0-255,66,99309,64,229307
9716,0.002296,74.125.24.0-255,5738,105047,64,229307
9717,0.002298,172.31.40.0-255,66,105113,64,229307
9718,0.002327,74.125.24.0-255,2184,107297,64,229307
9719,0.002329,172.31.40.0-255,66,107363,64,229307
9720,0.002331,74.125.24.0-255,1484,108847,64,229307
9721,0.002335,74.125.24.0-255,2902,111749,64,229307
9722,0.002337,172.31.40.0-255,66,111815,64,229307
9723,0.002372,74.125.24.0-255,5738,117553,64,229307
9724,0.002374,172.31.40.0-255,66,117619,64,229307
9725,0.002384,172.31.40.0-255,66,117685,64,229307
9726,0.002406,74.125.24.0-255,1484,119169,64,229307
9727,0.002411,74.125.24.0-255,5738,124907,64,229307
9728,0.002413,172.31.40.0-255,66,124973,64,229307
9729,0.002441,172.31.40.0-255,66,125039,64,229307
9730,0.00245,172.31.40.0-255,66,125105,64,229307
9731,0.002505,172.31.40.0-255,66,125171,64,229307
9732,0.002511,74.125.24.0-255,5020,130191,64,229307
9733,0.002513,172.31.40.0-255,66,130257,64,229307
9734,0.002547,74.125.24.0-255,4320,134577,64,229307
9735,0.00255,172.31.40.0-255,66,134643,64,229307
9736,0.002606,172.31.40.0-255,66,134709,64,229307
9737,0.002613,74.125.24.0-255,6438,141147,64,229307
9738,0.002615,172.31.40.0-255,66,141213,64,229307
9739,0.002627,172.31.40.0-255,66,141279,64,229307
9740,0.002647,74.125.24.0-255,4320,145599,64,229307
9741,0.002649,172.31.40.0-255,66,145665,64,229307
9742,0.002655,74.125.24.0-255,5738,151403,64,229307
9743,0.002657,172.31.40.0-255,66,151469,64,229307
9744,0.002699,172.31.40.0-255,66,151535,64,229307
9745,0.005352,74.125.24.0-255,5738,157273,64,229307
9746,0.005363,172.31.40.0-255,66,157339,64,229307
9747,0.008047,74.125.24.0-255,5738,163077,64,229307
9748,0.008063,172.31.40.0-255,66,163143,64,229307
9749,0.010713,74.125.24.0-255,5738,168881,64,229307
9750,0.010724,172.31.40.0-255,66,168947,64,229307
9751,0.013346,74.125.24.0-255,5738,174685,64,229307
9752,0.013355,172.31.40.0-255,66,174751,64,229307
9753,0.016014,74.125.24.0-255,5738,180489,64,229307
9754,0.016022,172.31.40.0-255,66,180555,64,229307
9755,0.01868,74.125.24.0-255,5738,186293,64,229307
9756,0.018699,172.31.40.0-255,66,186359,64,229307
9757,0.021335,74.125.24.0-255,5738,192097,64,229307
9758,0.021344,172.31.40.0-255,66,192163,64,229307
9759,0.024003,74.125.24.0-255,5738,197901,64,229307
9760,0.024013,172.31.40.0-255,66,197967,64,229307
9761,0.026692,74.125.24.0-255,5738,203705,64,229307
9762,0.026706,172.31.40.0-255,66,203771,64,229307
9763,0.029353,74.125.24.0-255,5738,209509,64,229307
9764,0.029361,172.31.40.0-255,66,209575,64,229307
9765,0.031994,74.125.24.0-255,5738,215313,64,229307
9766,0.032003,172.31.40.0-255,66,215379,64,229307
9767,0.034683,74.125.24.0-255,5738,221117,64,229307
9768,0.034699,172.31.40.0-255,66,221183,64,229307
9769,0.037333,74.125.24.0-255,3591,224774,64,229307
9770,0.037357,172.31.40.0-255,66,224840,64,229307
9771,0.037643,172.31.40.0-255,105,224945,64,229307
9772,0.04025,74.125.24.0-255,66,225011,64,229307
9773,0.059071,172.31.40.0-255,176,225187,64,229307
9774,0.059106,172.31.40.0-255,1113,226300,64,229307
9775,0.059168,172.31.40.0-255,1514,227814,64,229307
9776,0.05917,172.31.40.0-255,1295,229109,64,229307
9777,0.060643,104.244.42.0-255,66,229175,64,229307
9778,0.060656,104.244.42.0-255,66,229241,64,229307
9779,0.060718,104.244.42.0-255,66,229307,64,229307
9780,0.0,172.217.194.0-255,147,147,64,241592
9781,3.3e-05,172.31.40.0-255,66,213,64,241592
9782,4e-05,172.217.194.0-255,1484,1697,64,241592
9783,4.4e-05,172.31.40.0-255,66,1763,64,241592
9784,4.9e-05,172.217.194.0-255,2902,4665,64,241592
9785,5.2e-05,172.31.40.0-255,66,4731,64,241592
9786,6e-05,172.217.194.0-255,7156,11887,64,241592
9787,6.4e-05,172.31.40.0-255,66,11953,64,241592
9788,6.8e-05,172.217.194.0-255,2902,14855,64,241592
9789,7e-05,172.31.40.0-255,66,14921,64,241592
9790,0.000106,172.217.194.0-255,6266,21187,64,241592
9791,0.000109,172.31.40.0-255,66,21253,64,241592
9792,0.00012,172.31.40.0-255,66,21319,64,241592
9793,0.000332,172.217.194.0-255,1484,22803,64,241592
9794,0.000337,172.31.40.0-255,66,22869,64,241592
9795,0.000341,172.217.194.0-255,1484,24353,64,241592
9796,0.000343,172.31.40.0-255,66,24419,64,241592
9797,0.000358,172.217.194.0-255,1484,25903,64,241592
9798,0.000361,172.31.40.0-255,66,25969,64,241592
9799,0.000368,172.217.194.0-255,5738,31707,64,241592
9800,0.000371,172.31.40.0-255,66,31773,64,241592
9801,0.000374,172.217.194.0-255,1484,33257,64,241592
9802,0.000378,172.31.40.0-255,66,33323,64,241592
9803,0.00039,172.217.194.0-255,2902,36225,64,241592
9804,0.000393,172.31.40.0-255,66,36291,64,241592
9805,0.000413,172.217.194.0-255,2902,39193,64,241592
9806,0.000416,172.31.40.0-255,66,39259,64,241592
9807,0.000462,172.217.194.0-255,7156,46415,64,241592
9808,0.000465,172.31.40.0-255,66,46481,64,241592
9809,0.000488,172.217.194.0-255,2543,49024,64,241592
9810,0.000491,172.31.40.0-255,66,49090,64,241592
9811,0.000497,172.217.194.0-255,5738,54828,64,241592
9812,0.0005,172.217.194.0-255,1415,56243,64,241592
9813,0.000504,172.31.40.0-255,66,56309,64,241592
9814,0.000519,172.217.194.0-255,1484,57793,64,241592
9815,0.000525,172.217.194.0-255,4320,62113,64,241592
9816,0.000531,172.31.40.0-255,66,62179,64,241592
9817,0.000543,172.217.194.0-255,2902,65081,64,241592
9818,0.000563,172.31.40.0-255,66,65147,64,241592
9819,0.000582,172.217.194.0-255,1484,66631,64,241592
9820,0.000599,172.217.194.0-255,6797,73428,64,241592
9821,0.000608,172.31.40.0-255,66,73494,64,241592
9822,0.000711,172.217.194.0-255,1484,74978,64,241592
9823,0.000724,172.217.194.0-255,2902,77880,64,241592
9824,0.000728,172.31.40.0-255,66,77946,64,241592
9825,0.000751,172.217.194.0-255,5738,83684,64,241592
9826,0.000755,172.31.40.0-255,66,83750,64,241592
9827,0.000771,172.217.194.0-255,2902,86652,64,241592
9828,0.000781,172.31.40.0-255,66,86718,64,241592
9829,0.000788,172.217.194.0-255,5738,92456,64,241592
9830,0.000795,172.31.40.0-255,66,92522,64,241592
9831,0.000806,172.217.194.0-255,4320,96842,64,241592
9832,0.000811,172.31.40.0-255,66,96908,64,241592
9833,0.000826,172.31.40.0-255,66,96974,64,241592
9834,0.000914,172.217.194.0-255,1484,98458,64,241592
9835,0.000919,172.217.194.0-255,2902,101360,64,241592
9836,0.000922,172.31.40.0-255,66,101426,64,241592
9837,0.000945,172.217.194.0-255,5738,107164,64,241592
9838,0.000956,172.31.40.0-255,66,107230,64,241592
9839,0.000975,172.217.194.0-255,2902,110132,64,241592
9840,0.000982,172.31.40.0-255,66,110198,64,241592
9841,0.001015,172.217.194.0-255,5738,115936,64,241592
9842,0.00102,172.31.40.0-255,66,116002,64,241592
9843,0.001034,172.217.194.0-255,2902,118904,64,241592
9844,0.001037,172.31.40.0-255,66,118970,64,241592
9845,0.001072,172.31.40.0-255,66,119036,64,241592
9846,0.001097,172.217.194.0-255,1484,120520,64,241592
9847,0.0011,172.31.40.0-255,66,120586,64,241592
9848,0.001126,172.31.40.0-255,66,120652,64,241592
9849,0.001144,172.217.194.0-255,6438,127090,64,241592
9850,0.001152,172.31.40.0-255,66,127156,64,241592
9851,0.001184,172.217.194.0-255,4320,131476,64,241592
9852,0.001201,172.31.40.0-255,66,131542,64,241592
9853,0.001216,172.31.40.0-255,66,131608,64,241592
9854,0.001301,172.217.194.0-255,1484,133092,64,241592
9855,0.001321,172.217.194.0-255,2902,135994,64,241592
9856,0.001327,172.217.194.0-255,5738,141732,64,241592
9857,0.001328,172.31.40.0-255,66,141798,64,241592
9858,0.001332,172.31.40.0-255,66,141864,64,241592
9859,0.00138,172.31.40.0-255,66,141930,64,241592
9860,0.001386,172.217.194.0-255,1484,143414,64,241592
9861,0.001417,172.31.40.0-255,66,143480,64,241592
9862,0.001433,172.217.194.0-255,766,144246,64,241592
9863,0.001571,172.217.194.0-255,1484,145730,64,241592
9864,0.001575,172.31.40.0-255,66,145796,64,241592
9865,0.00158,172.217.194.0-255,2902,148698,64,241592
9866,0.00159,172.31.40.0-255,66,148764,64,241592
9867,0.001639,172.217.194.0-255,5738,154502,64,241592
9868,0.001645,172.31.40.0-255,66,154568,64,241592
9869,0.001659,172.31.40.0-255,66,154634,64,241592
9870,0.00167,172.31.40.0-255,66,154700,64,241592
9871,0.001726,172.31.40.0-255,66,154766,64,241592
9872,0.001728,172.217.194.0-255,5738,160504,64,241592
9873,0.001731,172.31.40.0-255,66,160570,64,241592
9874,0.001744,172.31.40.0-255,66,160636,64,241592
9875,0.002126,172.217.194.0-255,1484,162120,64,241592
9876,0.002133,172.217.194.0-255,2902,165022,64,241592
9877,0.002138,172.31.40.0-255,66,165088,64,241592
9878,0.002144,172.217.194.0-255,5738,170826,64,241592
9879,0.002149,172.217.194.0-255,4320,175146,64,241592
9880,0.002153,172.31.40.0-255,66,175212,64,241592
9881,0.002162,172.217.194.0-255,1484,176696,64,241592
9882,0.002177,172.217.194.0-255,4320,181016,64,241592
9883,0.002184,172.31.40.0-255,66,181082,64,241592
9884,0.002205,172.217.194.0-255,5020,186102,64,241592
9885,0.002207,172.31.40.0-255,66,186168,64,241592
9886,0.002211,172.31.40.0-255,66,186234,64,241592
9887,0.002252,172.217.194.0-255,1484,187718,64,241592
9888,0.002288,172.217.194.0-255,2902,190620,64,241592
9889,0.002299,172.217.194.0-255,5738,196358,64,241592
9890,0.002342,172.217.194.0-255,5020,201378,64,241592
9891,0.01162,172.31.40.0-255,66,201444,64,241592
9892,0.011674,172.217.194.0-255,1484,202928,64,241592
9893,0.013922,172.217.194.0-255,4320,207248,64,241592
9894,0.013929,172.31.40.0-255,66,207314,64,241592
9895,0.016229,172.217.194.0-255,5738,213052,64,241592
9896,0.016337,172.31.40.0-255,66,213118,64,241592
9897,0.018669,172.217.194.0-255,5738,218856,64,241592
9898,0.018679,172.31.40.0-255,66,218922,64,241592
9899,0.021004,172.217.194.0-255,5738,224660,64,241592
9900,0.021014,172.31.40.0-255,66,224726,64,241592
9901,0.02332,172.217.194.0-255,5738,230464,64,241592
9902,0.023327,172.31.40.0-255,66,230530,64,241592
9903,0.025628,172.217.194.0-255,5738,236268,64,241592
9904,0.025649,172.31.40.0-255,66,236334,64,241592
9905,0.027945,172.217.194.0-255,1523,237857,64,241592
9906,0.027959,172.31.40.0-255,66,237923,64,241592
9907,0.028204,172.31.40.0-255,105,238028,64,241592
9908,0.030512,172.217.194.0-255,66,238094,64,241592
9909,0.041488,172.31.40.0-255,167,238261,64,241592
9910,0.041531,172.31.40.0-255,1108,239369,64,241592
9911,0.041577,172.31.40.0-255,1514,240883,64,241592
9912,0.041579,172.31.40.0-255,337,241220,64,241592
9913,0.04309,104.244.42.0-255,66,241286,64,241592
9914,0.04312,104.244.42.0-255,66,241352,64,241592
9915,0.04319,104.244.42.0-255,66,241418,64,241592
9916,0.044022,104.244.42.0-255,108,241526,64,241592
9917,0.044045,172.31.40.0-255,66,241592,64,241592
9918,0.0,74.125.24.0-255,152,152,64,328531
9919,2e-05,172.31.40.0-255,66,218,64,328531
9920,2.7e-05,74.125.24.0-255,1484,1702,64,328531
9921,3.2e-05,172.31.40.0-255,66,1768,64,328531
9922,3.8e-05,74.125.24.0-255,2902,4670,64,328531
9923,4.8e-05,172.31.40.0-255,66,4736,64,328531
9924,5.2e-05,74.125.24.0-255,1484,6220,64,328531
9925,5.4e-05,172.31.40.0-255,66,6286,64,328531
9926,9.7e-05,172.31.40.0-255,66,6352,64,328531
9927,0.00014,172.31.40.0-255,66,6418,64,328531
9928,0.000148,74.125.24.0-255,7156,13574,64,328531
9929,0.00015,172.31.40.0-255,66,13640,64,328531
9930,0.000179,74.125.24.0-255,1125,14765,64,328531
9931,0.000181,172.31.40.0-255,66,14831,64,328531
9932,0.000282,74.125.24.0-255,1484,16315,64,328531
9933,0.000286,172.31.40.0-255,66,16381,64,328531
9934,0.000291,74.125.24.0-255,2902,19283,64,328531
9935,0.000293,172.31.40.0-255,66,19349,64,328531
9936,0.000296,74.125.24.0-255,1484,20833,64,328531
9937,0.0003,172.31.40.0-255,66,20899,64,328531
9938,0.00032,74.125.24.0-255,4320,25219,64,328531
9939,0.000323,172.31.40.0-255,66,25285,64,328531
9940,0.000334,74.125.24.0-255,6797,32082,64,328531
9941,0.000337,172.31.40.0-255,66,32148,64,328531
9942,0.000342,74.125.24.0-255,2902,35050,64,328531
9943,0.000344,172.31.40.0-255,66,35116,64,328531
9944,0.000369,74.125.24.0-255,4320,39436,64,328531
9945,0.000372,172.31.40.0-255,66,39502,64,328531
9946,0.000413,172.31.40.0-255,66,39568,64,328531
9947,0.000416,74.125.24.0-255,393,39961,64,328531
9948,0.000469,74.125.24.0-255,383,40344,64,328531
9949,0.000748,74.125.24.0-255,1484,41828,64,328531
9950,0.000752,172.31.40.0-255,66,41894,64,328531
9951,0.000757,74.125.24.0-255,2902,44796,64,328531
9952,0.000759,172.31.40.0-255,66,44862,64,328531
9953,0.000761,74.125.24.0-255,1484,46346,64,328531
9954,0.000795,74.125.24.0-255,4320,50666,64,328531
9955,0.000797,172.31.40.0-255,66,50732,64,328531
9956,0.0008,74.125.24.0-255,1484,52216,64,328531
9957,0.000811,172.31.40.0-255,66,52282,64,328531
9958,0.000833,74.125.24.0-255,1484,53766,64,328531
9959,0.000845,172.31.40.0-255,66,53832,64,328531
9960,0.00134,74.125.24.0-255,1484,55316,64,328531
9961,0.001347,74.125.24.0-255,2902,58218,64,328531
9962,0.001351,172.31.40.0-255,66,58284,64,328531
9963,0.001356,74.125.24.0-255,4320,62604,64,328531
9964,0.001359,172.31.40.0-255,66,62670,64,328531
9965,0.00138,74.125.24.0-255,1484,64154,64,328531
9966,0.001416,74.125.24.0-255,5738,69892,64,328531
9967,0.001421,172.31.40.0-255,66,69958,64,328531
9968,0.001437,74.125.24.0-255,5738,75696,64,328531
9969,0.001444,172.31.40.0-255,66,75762,64,328531
9970,0.001454,172.31.40.0-255,66,75828,64,328531
9971,0.001479,74.125.24.0-255,3602,79430,64,328531
9972,0.001482,172.31.40.0-255,66,79496,64,328531
9973,0.003734,74.125.24.0-255,5738,85234,64,328531
9974,0.003741,172.31.40.0-255,66,85300,64,328531
9975,0.005999,74.125.24.0-255,5738,91038,64,328531
9976,0.006004,172.31.40.0-255,66,91104,64,328531
9977,0.008269,74.125.24.0-255,5738,96842,64,328531
9978,0.00828,172.31.40.0-255,66,96908,64,328531
9979,0.010556,74.125.24.0-255,5738,102646,64,328531
9980,0.010571,172.31.40.0-255,66,102712,64,328531
9981,0.012848,74.125.24.0-255,5738,108450,64,328531
9982,0.012858,172.31.40.0-255,66,108516,64,328531
9983,0.01513,74.125.24.0-255,5738,114254,64,328531
9984,0.015137,172.31.40.0-255,66,114320,64,328531
9985,0.017429,74.125.24.0-255,5738,120058,64,328531
9986,0.017438,172.31.40.0-255,66,120124,64,328531
9987,0.019698,74.125.24.0-255,5738,125862,64,328531
9988,0.019706,172.31.40.0-255,66,125928,64,328531
9989,0.021978,74.125.24.0-255,5738,131666,64,328531
9990,0.021986,172.31.40.0-255,66,131732,64,328531
9991,0.024253,74.125.24.0-255,5738,137470,64,328531
9992,0.024259,172.31.40.0-255,66,137536,64,328531
9993,0.025118,172.31.40.0-255,167,137703,64,328531
9994,0.025147,172.31.40.0-255,1111,138814,64,328531
9995,0.025205,172.31.40.0-255,1514,140328,64,328531
9996,0.025207,172.31.40.0-255,1514,141842,64,328531
9997,0.02523,172.31.40.0-255,697,142539,64,328531
9998,0.026546,74.125.24.0-255,5738,148277,64,328531
9999,0.026552,172.31.40.0-255,66,148343,64,328531
10000,0.026671,104.244.42.0-255,66,148409,64,328531
10001,0.026677,104.244.42.0-255,66,148475,64,328531
10002,0.026778,104.244.42.0-255,66,148541,64,328531
10003,0.026783,104.244.42.0-255,66,148607,64,328531
10004,0.028836,74.125.24.0-255,5738,154345,64,328531
10005,0.028843,172.31.40.0-255,66,154411,64,328531
10006,0.031101,74.125.24.0-255,5738,160149,64,328531
10007,0.031107,172.31.40.0-255,66,160215,64,328531
10008,0.033443,74.125.24.0-255,5738,165953,64,328531
10009,0.033448,172.31.40.0-255,66,166019,64,328531
10010,0.035724,74.125.24.0-255,5738,171757,64,328531
10011,0.03573,172.31.40.0-255,66,171823,64,328531
10012,0.037997,74.125.24.0-255,5738,177561,64,328531
10013,0.038003,172.31.40.0-255,66,177627,64,328531
10014,0.040253,74.125.24.0-255,5738,183365,64,328531
10015,0.040259,172.31.40.0-255,66,183431,64,328531
10016,0.042547,74.125.24.0-255,5738,189169,64,328531
10017,0.042557,172.31.40.0-255,66,189235,64,328531
10018,0.04483,74.125.24.0-255,5738,194973,64,328531
10019,0.044836,172.31.40.0-255,66,195039,64,328531
10020,0.047134,74.125.24.0-255,5738,200777,64,328531
10021,0.04714,172.31.40.0-255,66,200843,64,328531
10022,0.049403,74.125.24.0-255,5738,206581,64,328531
10023,0.04942,172.31.40.0-255,66,206647,64,328531
10024,0.051677,74.125.24.0-255,5738,212385,64,328531
10025,0.051695,172.31.40.0-255,66,212451,64,328531
10026,0.053983,74.125.24.0-255,5738,218189,64,328531
10027,0.053997,172.31.40.0-255,66,218255,64,328531
10028,0.056303,74.125.24.0-255,5738,223993,64,328531
10029,0.056321,172.31.40.0-255,66,224059,64,328531
10030,0.058598,74.125.24.0-255,5738,229797,64,328531
10031,0.058615,172.31.40.0-255,66,229863,64,328531
10032,0.060949,74.125.24.0-255,5738,235601,64,328531
10033,0.060967,172.31.40.0-255,66,235667,64,328531
10034,0.063258,74.125.24.0-255,5738,241405,64,328531
10035,0.063271,172.31.40.0-255,66,241471,64,328531
10036,0.065597,74.125.24.0-255,5738,247209,64,328531
10037,0.065615,172.31.40.0-255,66,247275,64,328531
10038,0.067917,74.125.24.0-255,5738,253013,64,328531
10039,0.067935,172.31.40.0-255,66,253079,64,328531
10040,0.070224,74.125.24.0-255,5738,258817,64,328531
10041,0.070242,172.31.40.0-255,66,258883,64,328531
10042,0.072567,74.125.24.0-255,5738,264621,64,328531
10043,0.072584,172.31.40.0-255,66,264687,64,328531
10044,0.074852,74.125.24.0-255,5738,270425,64,328531
10045,0.074869,172.31.40.0-255,66,270491,64,328531
10046,0.077163,74.125.24.0-255,5738,276229,64,328531
10047,0.07718,172.31.40.0-255,66,276295,64,328531
10048,0.079464,74.125.24.0-255,5738,282033,64,328531
10049,0.079477,172.31.40.0-255,66,282099,64,328531
10050,0.081752,74.125.24.0-255,5738,287837,64,328531
10051,0.081768,172.31.40.0-255,66,287903,64,328531
10052,0.084065,74.125.24.0-255,5738,293641,64,328531
10053,0.084082,172.31.40.0-255,66,293707,64,328531
10054,0.086352,74.125.24.0-255,5738,299445,64,328531
10055,0.086369,172.31.40.0-255,66,299511,64,328531
10056,0.088673,74.125.24.0-255,5738,305249,64,328531
10057,0.088691,172.31.40.0-255,66,305315,64,328531
10058,0.090997,74.125.24.0-255,5738,311053,64,328531
10059,0.091014,172.31.40.0-255,66,311119,64,328531
10060,0.093295,74.125.24.0-255,5738,316857,64,328531
10061,0.093312,172.31.40.0-255,66,316923,64,328531
10062,0.095593,74.125.24.0-255,5738,322661,64,328531
10063,0.095608,172.31.40.0-255,66,322727,64,328531
10064,0.097887,74.125.24.0-255,5738,328465,64,328531
10065,0.097901,172.31.40.0-255,66,328531,64,328531
10066,0.0,74.125.200.0-255,153,153,64,343448
10067,1.5e-05,172.31.40.0-255,66,219,64,343448
10068,2.3e-05,74.125.200.0-255,1484,1703,64,343448
10069,2.7e-05,172.31.40.0-255,66,1769,64,343448
10070,3e-05,74.125.200.0-255,1484,3253,64,343448
10071,3.3e-05,172.31.40.0-255,66,3319,64,343448
10072,5.8e-05,74.125.200.0-255,1484,4803,64,343448
10073,6.1e-05,172.31.40.0-255,66,4869,64,343448
10074,6.9e-05,74.125.200.0-255,1484,6353,64,343448
10075,7.1e-05,172.31.40.0-255,66,6419,64,343448
10076,7.6e-05,74.125.200.0-255,2902,9321,64,343448
10077,7.9e-05,172.31.40.0-255,66,9387,64,343448
10078,0.00012,74.125.200.0-255,4984,14371,64,343448
10079,0.000124,172.31.40.0-255,66,14437,64,343448
10080,0.000198,74.125.200.0-255,1484,15921,64,343448
10081,0.000201,172.31.40.0-255,66,15987,64,343448
10082,0.000206,74.125.200.0-255,2902,18889,64,343448
10083,0.000209,172.31.40.0-255,66,18955,64,343448
10084,0.000245,74.125.200.0-255,5738,24693,64,343448
10085,0.000248,172.31.40.0-255,66,24759,64,343448
10086,0.000254,74.125.200.0-255,5738,30497,64,343448
10087,0.000257,172.31.40.0-255,66,30563,64,343448
10088,0.000282,74.125.200.0-255,6797,37360,64,343448
10089,0.000288,172.31.40.0-255,66,37426,64,343448
10090,0.000296,74.125.200.0-255,5738,43164,64,343448
10091,0.000298,172.31.40.0-255,66,43230,64,343448
10092,0.000336,74.125.200.0-255,2902,46132,64,343448
10093,0.000339,172.31.40.0-255,66,46198,64,343448
10094,0.000352,172.31.40.0-255,66,46264,64,343448
10095,0.000364,172.31.40.0-255,66,46330,64,343448
10096,0.000394,74.125.200.0-255,361,46691,64,343448
10097,0.000408,74.125.200.0-255,132,46823,64,343448
10098,0.000519,74.125.200.0-255,1484,48307,64,343448
10099,0.000525,172.31.40.0-255,66,48373,64,343448
10100,0.00053,74.125.200.0-255,2902,51275,64,343448
10101,0.000533,172.31.40.0-255,66,51341,64,343448
10102,0.000538,74.125.200.0-255,2902,54243,64,343448
10103,0.00054,172.31.40.0-255,66,54309,64,343448
10104,0.000543,74.125.200.0-255,1484,55793,64,343448
10105,0.00057,74.125.200.0-255,2902,58695,64,343448
10106,0.000573,172.31.40.0-255,66,58761,64,343448
10107,0.000584,172.31.40.0-255,66,58827,64,343448
10108,0.000587,74.125.200.0-255,1484,60311,64,343448
10109,0.000622,74.125.200.0-255,7156,67467,64,343448
10110,0.000625,172.31.40.0-255,66,67533,64,343448
10111,0.000656,74.125.200.0-255,5302,72835,64,343448
10112,0.000659,172.31.40.0-255,66,72901,64,343448
10113,0.000878,74.125.200.0-255,1484,74385,64,343448
10114,0.000884,74.125.200.0-255,2902,77287,64,343448
10115,0.000887,172.31.40.0-255,66,77353,64,343448
10116,0.000891,74.125.200.0-255,1484,78837,64,343448
10117,0.000915,74.125.200.0-255,2902,81739,64,343448
10118,0.000918,172.31.40.0-255,66,81805,64,343448
10119,0.000925,74.125.200.0-255,5738,87543,64,343448
10120,0.000928,172.31.40.0-255,66,87609,64,343448
10121,0.000954,74.125.200.0-255,2902,90511,64,343448
10122,0.000957,172.31.40.0-255,66,90577,64,343448
10123,0.000987,172.31.40.0-255,66,90643,64,343448
10124,0.001014,74.125.200.0-255,6438,97081,64,343448
10125,0.001017,172.31.40.0-255,66,97147,64,343448
10126,0.001241,74.125.200.0-255,1484,98631,64,343448
10127,0.001262,74.125.200.0-255,2902,101533,64,343448
10128,0.001266,172.31.40.0-255,66,101599,64,343448
10129,0.001273,74.125.200.0-255,5738,107337,64,343448
10130,0.001275,172.31.40.0-255,66,107403,64,343448
10131,0.001304,74.125.200.0-255,4320,111723,64,343448
10132,0.001306,172.31.40.0-255,66,111789,64,343448
10133,0.001335,74.125.200.0-255,7156,118945,64,343448
10134,0.001337,172.31.40.0-255,66,119011,64,343448
10135,0.001352,172.31.40.0-255,66,119077,64,343448
10136,0.001394,74.125.200.0-255,1484,120561,64,343448
10137,0.001399,74.125.200.0-255,2902,123463,64,343448
10138,0.001402,172.31.40.0-255,66,123529,64,343448
10139,0.001432,74.125.200.0-255,4320,127849,64,343448
10140,0.001435,172.31.40.0-255,66,127915,64,343448
10141,0.001441,74.125.200.0-255,4320,132235,64,343448
10142,0.001443,172.31.40.0-255,66,132301,64,343448
10143,0.001471,74.125.200.0-255,4320,136621,64,343448
10144,0.001474,172.31.40.0-255,66,136687,64,343448
10145,0.001485,172.31.40.0-255,66,136753,64,343448
10146,0.001548,172.31.40.0-255,66,136819,64,343448
10147,0.001563,74.125.200.0-255,2902,139721,64,343448
10148,0.001571,172.31.40.0-255,66,139787,64,343448
10149,0.001577,74.125.200.0-255,4320,144107,64,343448
10150,0.001579,172.31.40.0-255,66,144173,64,343448
10151,0.001586,74.125.200.0-255,5738,149911,64,343448
10152,0.001589,172.31.40.0-255,66,149977,64,343448
10153,0.001629,74.125.200.0-255,2902,152879,64,343448
10154,0.001632,172.31.40.0-255,66,152945,64,343448
10155,0.001639,74.125.200.0-255,7156,160101,64,343448
10156,0.001642,172.31.40.0-255,66,160167,64,343448
10157,0.001652,172.31.40.0-255,66,160233,64,343448
10158,0.001656,74.125.200.0-255,2184,162417,64,343448
10159,0.001659,172.31.40.0-255,66,162483,64,343448
10160,0.001719,74.125.200.0-255,1484,163967,64,343448
10161,0.001739,74.125.200.0-255,2902,166869,64,343448
10162,0.001743,172.31.40.0-255,66,166935,64,343448
10163,0.001746,74.125.200.0-255,1484,168419,64,343448
10164,0.001773,74.125.200.0-255,2902,171321,64,343448
10165,0.001776,172.31.40.0-255,66,171387,64,343448
10166,0.001808,74.125.200.0-255,5738,177125,64,343448
10167,0.001812,172.31.40.0-255,66,177191,64,343448
10168,0.001818,74.125.200.0-255,1484,178675,64,343448
10169,0.001823,74.125.200.0-255,2902,181577,64,343448
10170,0.001825,172.31.40.0-255,66,181643,64,343448
10171,0.001855,74.125.200.0-255,5738,187381,64,343448
10172,0.001858,172.31.40.0-255,66,187447,64,343448
10173,0.001862,74.125.200.0-255,2902,190349,64,343448
10174,0.001864,172.31.40.0-255,66,190415,64,343448
10175,0.001867,74.125.200.0-255,1484,191899,64,343448
10176,0.001896,74.125.200.0-255,2902,194801,64,343448
10177,0.001898,172.31.40.0-255,66,194867,64,343448
10178,0.001917,74.125.200.0-255,2184,197051,64,343448
10179,0.00192,172.31.40.0-255,66,197117,64,343448
10180,0.002077,74.125.200.0-255,1484,198601,64,343448
10181,0.002082,74.125.200.0-255,1484,200085,64,343448
10182,0.002085,172.31.40.0-255,66,200151,64,343448
10183,0.002112,74.125.200.0-255,1484,201635,64,343448
10184,0.002117,74.125.200.0-255,2902,204537,64,343448
10185,0.00212,172.31.40.0-255,66,204603,64,343448
10186,0.002125,74.125.200.0-255,4320,208923,64,343448
10187,0.002128,172.31.40.0-255,66,208989,64,343448
10188,0.002133,74.125.200.0-255,2902,211891,64,343448
10189,0.002135,172.31.40.0-255,66,211957,64,343448
10190,0.002163,74.125.200.0-255,5738,217695,64,343448
10191,0.002167,172.31.40.0-255,66,217761,64,343448
10192,0.002172,74.125.200.0-255,4320,222081,64,343448
10193,0.002175,172.31.40.0-255,66,222147,64,343448
10194,0.002181,74.125.200.0-255,5738,227885,64,343448
10195,0.002185,172.31.40.0-255,66,227951,64,343448
10196,0.002216,74.125.200.0-255,3602,231553,64,343448
10197,0.002219,172.31.40.0-255,66,231619,64,343448
10198,0.004437,74.125.200.0-255,1484,233103,64,343448
10199,0.004459,74.125.200.0-255,2902,236005,64,343448
10200,0.004463,172.31.40.0-255,66,236071,64,343448
10201,0.004489,74.125.200.0-255,1484,237555,64,343448
10202,0.006735,74.125.200.0-255,4320,241875,64,343448
10203,0.006746,172.31.40.0-255,66,241941,64,343448
10204,0.009071,74.125.200.0-255,5738,247679,64,343448
10205,0.009087,172.31.40.0-255,66,247745,64,343448
10206,0.011371,74.125.200.0-255,5738,253483,64,343448
10207,0.01138,172.31.40.0-255,66,253549,64,343448
10208,0.013645,74.125.200.0-255,5738,259287,64,343448
10209,0.013663,172.31.40.0-255,66,259353,64,343448
10210,0.015955,74.125.200.0-255,5738,265091,64,343448
10211,0.01597,172.31.40.0-255,66,265157,64,343448
10212,0.01825,74.125.200.0-255,5738,270895,64,343448
10213,0.018267,172.31.40.0-255,66,270961,64,343448
10214,0.020532,74.125.200.0-255,5738,276699,64,343448
10215,0.02054,172.31.40.0-255,66,276765,64,343448
10216,0.022812,74.125.200.0-255,5738,282503,64,343448
10217,0.02282,172.31.40.0-255,66,282569,64,343448
10218,0.025092,74.125.200.0-255,5738,288307,64,343448
10219,0.0251,172.31.40.0-255,66,288373,64,343448
10220,0.027359,74.125.200.0-255,5738,294111,64,343448
10221,0.027367,172.31.40.0-255,66,294177,64,343448
10222,0.029643,74.125.200.0-255,5738,299915,64,343448
10223,0.02965,172.31.40.0-255,66,299981,64,343448
10224,0.031926,74.125.200.0-255,5738,305719,64,343448
10225,0.031944,172.31.40.0-255,66,305785,64,343448
10226,0.034224,74.125.200.0-255,5738,311523,64,343448
10227,0.034241,172.31.40.0-255,66,311589,64,343448
10228,0.036522,74.125.200.0-255,5738,317327,64,343448
10229,0.036532,172.31.40.0-255,66,317393,64,343448
10230,0.038805,74.125.200.0-255,5738,323131,64,343448
10231,0.038821,172.31.40.0-255,66,323197,64,343448
10232,0.041084,74.125.200.0-255,5738,328935,64,343448
10233,0.041093,172.31.40.0-255,66,329001,64,343448
10234,0.043361,74.125.200.0-255,5738,334739,64,343448
10235,0.04337,172.31.40.0-255,66,334805,64,343448
10236,0.045793,74.125.200.0-255,4114,338919,64,343448
10237,0.045811,172.31.40.0-255,66,338985,64,343448
10238,0.046103,172.31.40.0-255,105,339090,64,343448
10239,0.048316,74.125.200.0-255,66,339156,64,343448
10240,0.059417,172.31.40.0-255,172,339328,64,343448
10241,0.059456,172.31.40.0-255,1112,340440,64,343448
10242,0.059519,172.31.40.0-255,1514,341954,64,343448
10243,0.059521,172.31.40.0-255,1296,343250,64,343448
10244,0.060964,104.244.42.0-255,66,343316,64,343448
10245,0.06099,104.244.42.0-255,66,343382,64,343448
10246,0.061108,104.244.42.0-255,66,343448,64,343448
10247,0.0,172.217.194.0-255,150,150,64,171903
10248,1.4e-05,172.31.40.0-255,66,216,64,171903
10249,2.1e-05,172.217.194.0-255,1484,1700,64,171903
10250,2.6e-05,172.31.40.0-255,66,1766,64,171903
10251,3.2e-05,172.217.194.0-255,2902,4668,64,171903
10252,3.5e-05,172.31.40.0-255,66,4734,64,171903
10253,6.2e-05,172.217.194.0-255,7156,11890,64,171903
10254,6.5e-05,172.31.40.0-255,66,11956,64,171903
10255,8.1e-05,172.217.194.0-255,4320,16276,64,171903
10256,8.3e-05,172.31.40.0-255,66,16342,64,171903
10257,0.000119,172.31.40.0-255,66,16408,64,171903
10258,0.000123,172.217.194.0-255,2543,18951,64,171903
10259,0.000126,172.31.40.0-255,66,19017,64,171903
10260,0.000153,172.217.194.0-255,1484,20501,64,171903
10261,0.000156,172.31.40.0-255,66,20567,64,171903
10262,0.000159,172.217.194.0-255,1484,22051,64,171903
10263,0.000161,172.31.40.0-255,66,22117,64,171903
10264,0.000179,172.217.194.0-255,1484,23601,64,171903
10265,0.000181,172.31.40.0-255,66,23667,64,171903
10266,0.000188,172.217.194.0-255,5738,29405,64,171903
10267,0.00019,172.31.40.0-255,66,29471,64,171903
10268,0.000221,172.217.194.0-255,5738,35209,64,171903
10269,0.000224,172.31.40.0-255,66,35275,64,171903
10270,0.000227,172.217.194.0-255,1484,36759,64,171903
10271,0.000229,172.31.40.0-255,66,36825,64,171903
10272,0.000249,172.217.194.0-255,5738,42563,64,171903
10273,0.000252,172.31.40.0-255,66,42629,64,171903
10274,0.000257,172.217.194.0-255,4320,46949,64,171903
10275,0.000259,172.31.40.0-255,66,47015,64,171903
10276,0.000293,172.217.194.0-255,2902,49917,64,171903
10277,0.000296,172.31.40.0-255,66,49983,64,171903
10278,0.000318,172.217.194.0-255,3602,53585,64,171903
10279,0.000321,172.31.40.0-255,66,53651,64,171903
10280,0.000324,172.217.194.0-255,410,54061,64,171903
10281,0.000345,172.217.194.0-255,1484,55545,64,171903
10282,0.000347,172.31.40.0-255,66,55611,64,171903
10283,0.00035,172.217.194.0-255,1484,57095,64,171903
10284,0.000369,172.217.194.0-255,2902,59997,64,171903
10285,0.000371,172.31.40.0-255,66,60063,64,171903
10286,0.000374,172.217.194.0-255,1484,61547,64,171903
10287,0.000401,172.31.40.0-255,66,61613,64,171903
10288,0.000404,172.217.194.0-255,1484,63097,64,171903
10289,0.000418,172.217.194.0-255,1484,64581,64,171903
10290,0.000421,172.31.40.0-255,66,64647,64,171903
10291,0.000449,172.217.194.0-255,7156,71803,64,171903
10292,0.000452,172.31.40.0-255,66,71869,64,171903
10293,0.000455,172.217.194.0-255,1484,73353,64,171903
10294,0.00048,172.217.194.0-255,6156,79509,64,171903
10295,0.000483,172.31.40.0-255,66,79575,64,171903
10296,0.000584,172.217.194.0-255,1484,81059,64,171903
10297,0.000589,172.217.194.0-255,2902,83961,64,171903
10298,0.000593,172.31.40.0-255,66,84027,64,171903
10299,0.000599,172.217.194.0-255,4320,88347,64,171903
10300,0.000601,172.31.40.0-255,66,88413,64,171903
10301,0.000613,172.217.194.0-255,1484,89897,64,171903
10302,0.000645,172.31.40.0-255,66,89963,64,171903
10303,0.00068,172.31.40.0-255,66,90029,64,171903
10304,0.000757,172.217.194.0-255,1484,91513,64,171903
10305,0.000763,172.217.194.0-255,2902,94415,64,171903
10306,0.000765,172.31.40.0-255,66,94481,64,171903
10307,0.000769,172.217.194.0-255,1484,95965,64,171903
10308,0.000791,172.217.194.0-255,4320,100285,64,171903
10309,0.000794,172.31.40.0-255,66,100351,64,171903
10310,0.000797,172.217.194.0-255,1484,101835,64,171903
10311,0.000836,172.31.40.0-255,66,101901,64,171903
10312,0.000847,172.31.40.0-255,66,101967,64,171903
10313,0.000902,172.217.194.0-255,2184,104151,64,171903
10314,0.000906,172.31.40.0-255,66,104217,64,171903
10315,0.001093,172.217.194.0-255,1484,105701,64,171903
10316,0.001117,172.217.194.0-255,2902,108603,64,171903
10317,0.00112,172.31.40.0-255,66,108669,64,171903
10318,0.001142,172.217.194.0-255,4320,112989,64,171903
10319,0.001144,172.31.40.0-255,66,113055,64,171903
10320,0.001182,172.31.40.0-255,66,113121,64,171903
10321,0.001187,172.217.194.0-255,4320,117441,64,171903
10322,0.00119,172.31.40.0-255,66,117507,64,171903
10323,0.001223,172.217.194.0-255,1484,118991,64,171903
10324,0.001237,172.217.194.0-255,4320,123311,64,171903
10325,0.00124,172.31.40.0-255,66,123377,64,171903
10326,0.001255,172.217.194.0-255,4320,127697,64,171903
10327,0.001258,172.31.40.0-255,66,127763,64,171903
10328,0.001279,172.217.194.0-255,2184,129947,64,171903
10329,0.001281,172.31.40.0-255,66,130013,64,171903
10330,0.001295,172.31.40.0-255,66,130079,64,171903
10331,0.001305,172.31.40.0-255,66,130145,64,171903
10332,0.001339,172.217.194.0-255,2902,133047,64,171903
10333,0.001342,172.31.40.0-255,66,133113,64,171903
10334,0.001378,172.31.40.0-255,66,133179,64,171903
10335,0.001817,172.217.194.0-255,1484,134663,64,171903
10336,0.001823,172.217.194.0-255,2902,137565,64,171903
10337,0.001829,172.31.40.0-255,66,137631,64,171903
10338,0.001846,172.217.194.0-255,5738,143369,64,171903
10339,0.001848,172.31.40.0-255,66,143435,64,171903
10340,0.001853,172.217.194.0-255,2902,146337,64,171903
10341,0.001855,172.31.40.0-255,66,146403,64,171903
10342,0.001892,172.31.40.0-255,66,146469,64,171903
10343,0.001903,172.31.40.0-255,66,146535,64,171903
10344,0.001918,172.217.194.0-255,766,147301,64,171903
10345,0.001925,172.217.194.0-255,7156,154457,64,171903
10346,0.001928,172.31.40.0-255,66,154523,64,171903
10347,0.001949,172.217.194.0-255,4320,158843,64,171903
10348,0.001952,172.31.40.0-255,66,158909,64,171903
10349,0.001992,172.31.40.0-255,66,158975,64,171903
10350,0.001997,172.217.194.0-255,2902,161877,64,171903
10351,0.001999,172.31.40.0-255,66,161943,64,171903
10352,0.002054,172.217.194.0-255,5020,166963,64,171903
10353,0.002078,172.31.40.0-255,66,167029,64,171903
10354,0.00215,172.31.40.0-255,66,167095,64,171903
10355,0.002217,172.217.194.0-255,105,167200,64,171903
10356,0.002232,172.31.40.0-255,66,167266,64,171903
10357,0.004546,172.31.40.0-255,105,167371,64,171903
10358,0.006824,172.217.194.0-255,66,167437,64,171903
10359,0.035477,172.31.40.0-255,172,167609,64,171903
10360,0.035508,172.31.40.0-255,1111,168720,64,171903
10361,0.035573,172.31.40.0-255,1514,170234,64,171903
10362,0.035575,172.31.40.0-255,1297,171531,64,171903
10363,0.037075,104.244.42.0-255,66,171597,64,171903
10364,0.037115,104.244.42.0-255,66,171663,64,171903
10365,0.037166,104.244.42.0-255,66,171729,64,171903
10366,0.038239,104.244.42.0-255,108,171837,64,171903
10367,0.038245,172.31.40.0-255,66,171903,64,171903
10368,0.0,172.217.27.0-255,160,160,64,385435
10369,1.5e-05,172.31.40.0-255,66,226,64,385435
10370,2.2e-05,172.217.27.0-255,1484,1710,64,385435
10371,2.5e-05,172.31.40.0-255,66,1776,64,385435
10372,2.9e-05,172.217.27.0-255,1484,3260,64,385435
10373,3.2e-05,172.31.40.0-255,66,3326,64,385435
10374,4.8e-05,172.217.27.0-255,1484,4810,64,385435
10375,5e-05,172.31.40.0-255,66,4876,64,385435
10376,5.8e-05,172.217.27.0-255,4320,9196,64,385435
10377,6e-05,172.31.40.0-255,66,9262,64,385435
10378,8e-05,172.217.27.0-255,2902,12164,64,385435
10379,8.3e-05,172.31.40.0-255,66,12230,64,385435
10380,8.6e-05,172.217.27.0-255,1484,13714,64,385435
10381,8.8e-05,172.31.40.0-255,66,13780,64,385435
10382,9.3e-05,172.217.27.0-255,2034,15814,64,385435
10383,9.5e-05,172.31.40.0-255,66,15880,64,385435
10384,0.000102,172.217.27.0-255,5738,21618,64,385435
10385,0.000105,172.31.40.0-255,66,21684,64,385435
10386,0.000127,172.217.27.0-255,1484,23168,64,385435
10387,0.000129,172.31.40.0-255,66,23234,64,385435
10388,0.000158,172.31.40.0-255,66,23300,64,385435
10389,0.000223,172.217.27.0-255,1484,24784,64,385435
10390,0.000225,172.31.40.0-255,66,24850,64,385435
10391,0.000229,172.217.27.0-255,1484,26334,64,385435
10392,0.000231,172.31.40.0-255,66,26400,64,385435
10393,0.000243,172.217.27.0-255,1484,27884,64,385435
10394,0.000245,172.31.40.0-255,66,27950,64,385435
10395,0.000252,172.217.27.0-255,5738,33688,64,385435
10396,0.000255,172.31.40.0-255,66,33754,64,385435
10397,0.000261,172.217.27.0-255,4320,38074,64,385435
10398,0.000263,172.31.40.0-255,66,38140,64,385435
10399,0.000301,172.31.40.0-255,66,38206,64,385435
10400,0.000307,172.217.27.0-255,5738,43944,64,385435
10401,0.00031,172.31.40.0-255,66,44010,64,385435
10402,0.000327,172.217.27.0-255,5315,49325,64,385435
10403,0.00033,172.31.40.0-255,66,49391,64,385435
10404,0.000738,172.217.27.0-255,132,49523,64,385435
10405,0.001004,172.217.27.0-255,1484,51007,64,385435
10406,0.00101,172.31.40.0-255,66,51073,64,385435
10407,0.001016,172.217.27.0-255,2902,53975,64,385435
10408,0.001018,172.31.40.0-255,66,54041,64,385435
10409,0.001024,172.217.27.0-255,5738,59779,64,385435
10410,0.001027,172.31.40.0-255,66,59845,64,385435
10411,0.001041,172.31.40.0-255,66,59911,64,385435
10412,0.001069,172.217.27.0-255,2902,62813,64,385435
10413,0.001071,172.31.40.0-255,66,62879,64,385435
10414,0.001096,172.31.40.0-255,66,62945,64,385435
10415,0.002722,172.217.27.0-255,5738,68683,64,385435
10416,0.002729,172.31.40.0-255,66,68749,64,385435
10417,0.004344,172.217.27.0-255,2902,71651,64,385435
10418,0.004349,172.31.40.0-255,66,71717,64,385435
10419,0.004368,172.217.27.0-255,2902,74619,64,385435
10420,0.00437,172.31.40.0-255,66,74685,64,385435
10421,0.005973,172.217.27.0-255,2902,77587,64,385435
10422,0.005978,172.31.40.0-255,66,77653,64,385435
10423,0.005997,172.217.27.0-255,2902,80555,64,385435
10424,0.005999,172.31.40.0-255,66,80621,64,385435
10425,0.00759,172.217.27.0-255,2902,83523,64,385435
10426,0.007594,172.31.40.0-255,66,83589,64,385435
10427,0.007614,172.217.27.0-255,2902,86491,64,385435
10428,0.007616,172.31.40.0-255,66,86557,64,385435
10429,0.009205,172.217.27.0-255,2902,89459,64,385435
10430,0.009212,172.31.40.0-255,66,89525,64,385435
10431,0.009233,172.217.27.0-255,2902,92427,64,385435
10432,0.009236,172.31.40.0-255,66,92493,64,385435
10433,0.010836,172.217.27.0-255,5738,98231,64,385435
10434,0.010842,172.31.40.0-255,66,98297,64,385435
10435,0.01246,172.217.27.0-255,5738,104035,64,385435
10436,0.012469,172.31.40.0-255,66,104101,64,385435
10437,0.014083,172.217.27.0-255,5738,109839,64,385435
10438,0.01409,172.31.40.0-255,66,109905,64,385435
10439,0.015711,172.217.27.0-255,5738,115643,64,385435
10440,0.015719,172.31.40.0-255,66,115709,64,385435
10441,0.017332,172.217.27.0-255,5738,121447,64,385435
10442,0.017339,172.31.40.0-255,66,121513,64,385435
10443,0.018963,172.217.27.0-255,5738,127251,64,385435
10444,0.018971,172.31.40.0-255,66,127317,64,385435
10445,0.02059,172.217.27.0-255,5738,133055,64,385435
10446,0.020597,172.31.40.0-255,66,133121,64,385435
10447,0.022211,172.217.27.0-255,2902,136023,64,385435
10448,0.022218,172.31.40.0-255,66,136089,64,385435
10449,0.022238,172.217.27.0-255,2902,138991,64,385435
10450,0.022241,172.31.40.0-255,66,139057,64,385435
10451,0.023897,172.217.27.0-255,5738,144795,64,385435
10452,0.023904,172.31.40.0-255,66,144861,64,385435
10453,0.025521,172.217.27.0-255,5738,150599,64,385435
10454,0.025527,172.31.40.0-255,66,150665,64,385435
10455,0.027218,172.217.27.0-255,5738,156403,64,385435
10456,0.027226,172.31.40.0-255,66,156469,64,385435
10457,0.028478,172.31.40.0-255,171,156640,64,385435
10458,0.028505,172.31.40.0-255,1135,157775,64,385435
10459,0.028555,172.31.40.0-255,1514,159289,64,385435
10460,0.028556,172.31.40.0-255,1273,160562,64,385435
10461,0.028837,172.217.27.0-255,5738,166300,64,385435
10462,0.028844,172.31.40.0-255,66,166366,64,385435
10463,0.030025,104.244.42.0-255,66,166432,64,385435
10464,0.030056,104.244.42.0-255,66,166498,64,385435
10465,0.030107,104.244.42.0-255,66,166564,64,385435
10466,0.030464,172.217.27.0-255,5738,172302,64,385435
10467,0.030469,172.31.40.0-255,66,172368,64,385435
10468,0.032116,172.217.27.0-255,5738,178106,64,385435
10469,0.032122,172.31.40.0-255,66,178172,64,385435
10470,0.033761,172.217.27.0-255,5738,183910,64,385435
10471,0.033767,172.31.40.0-255,66,183976,64,385435
10472,0.035415,172.217.27.0-255,5738,189714,64,385435
10473,0.035423,172.31.40.0-255,66,189780,64,385435
10474,0.037033,172.217.27.0-255,5738,195518,64,385435
10475,0.037042,172.31.40.0-255,66,195584,64,385435
10476,0.038734,172.217.27.0-255,5738,201322,64,385435
10477,0.038741,172.31.40.0-255,66,201388,64,385435
10478,0.040359,172.217.27.0-255,5738,207126,64,385435
10479,0.040365,172.31.40.0-255,66,207192,64,385435
10480,0.041985,172.217.27.0-255,5738,212930,64,385435
10481,0.041991,172.31.40.0-255,66,212996,64,385435
10482,0.043622,172.217.27.0-255,5738,218734,64,385435
10483,0.043628,172.31.40.0-255,66,218800,64,385435
10484,0.045257,172.217.27.0-255,5738,224538,64,385435
10485,0.045263,172.31.40.0-255,66,224604,64,385435
10486,0.04689,172.217.27.0-255,5738,230342,64,385435
10487,0.046897,172.31.40.0-255,66,230408,64,385435
10488,0.048514,172.217.27.0-255,5738,236146,64,385435
10489,0.048521,172.31.40.0-255,66,236212,64,385435
10490,0.050148,172.217.27.0-255,5738,241950,64,385435
10491,0.050154,172.31.40.0-255,66,242016,64,385435
10492,0.051835,172.217.27.0-255,5738,247754,64,385435
10493,0.051842,172.31.40.0-255,66,247820,64,385435
10494,0.053461,172.217.27.0-255,5738,253558,64,385435
10495,0.053467,172.31.40.0-255,66,253624,64,385435
10496,0.05509,172.217.27.0-255,5738,259362,64,385435
10497,0.055097,172.31.40.0-255,66,259428,64,385435
10498,0.056721,172.217.27.0-255,5738,265166,64,385435
10499,0.056727,172.31.40.0-255,66,265232,64,385435
10500,0.058354,172.217.27.0-255,5738,270970,64,385435
10501,0.05836,172.31.40.0-255,66,271036,64,385435
10502,0.059985,172.217.27.0-255,5738,276774,64,385435
10503,0.059991,172.31.40.0-255,66,276840,64,385435
10504,0.061614,172.217.27.0-255,5738,282578,64,385435
10505,0.06162,172.31.40.0-255,66,282644,64,385435
10506,0.063232,172.217.27.0-255,5738,288382,64,385435
10507,0.063239,172.31.40.0-255,66,288448,64,385435
10508,0.064868,172.217.27.0-255,5738,294186,64,385435
10509,0.064875,172.31.40.0-255,66,294252,64,385435
10510,0.066508,172.217.27.0-255,4320,298572,64,385435
10511,0.066515,172.31.40.0-255,66,298638,64,385435
10512,0.06653,172.217.27.0-255,1484,300122,64,385435
10513,0.068202,172.217.27.0-255,4320,304442,64,385435
10514,0.068209,172.31.40.0-255,66,304508,64,385435
10515,0.069923,172.217.27.0-255,5738,310246,64,385435
10516,0.06993,172.31.40.0-255,66,310312,64,385435
10517,0.071549,172.217.27.0-255,5738,316050,64,385435
10518,0.071556,172.31.40.0-255,66,316116,64,385435
10519,0.073187,172.217.27.0-255,5738,321854,64,385435
10520,0.073193,172.31.40.0-255,66,321920,64,385435
10521,0.074811,172.217.27.0-255,2902,324822,64,385435
10522,0.074816,172.31.40.0-255,66,324888,64,385435
10523,0.074833,172.217.27.0-255,2902,327790,64,385435
10524,0.074835,172.31.40.0-255,66,327856,64,385435
10525,0.076442,172.217.27.0-255,5738,333594,64,385435
10526,0.076449,172.31.40.0-255,66,333660,64,385435
10527,0.07808,172.217.27.0-255,5738,339398,64,385435
10528,0.078087,172.31.40.0-255,66,339464,64,385435
10529,0.079707,172.217.27.0-255,5738,345202,64,385435
10530,0.079712,172.31.40.0-255,66,345268,64,385435
10531,0.081337,172.217.27.0-255,5738,351006,64,385435
10532,0.081344,172.31.40.0-255,66,351072,64,385435
10533,0.082982,172.217.27.0-255,5738,356810,64,385435
10534,0.082991,172.31.40.0-255,66,356876,64,385435
10535,0.084613,172.217.27.0-255,5738,362614,64,385435
10536,0.084622,172.31.40.0-255,66,362680,64,385435
10537,0.086266,172.217.27.0-255,5738,368418,64,385435
10538,0.086274,172.31.40.0-255,66,368484,64,385435
10539,0.087894,172.217.27.0-255,5738,374222,64,385435
10540,0.087901,172.31.40.0-255,66,374288,64,385435
10541,0.089516,172.217.27.0-255,5738,380026,64,385435
10542,0.089523,172.31.40.0-255,66,380092,64,385435
10543,0.091147,172.217.27.0-255,5106,385198,64,385435
10544,0.091154,172.31.40.0-255,66,385264,64,385435
10545,0.09136,172.31.40.0-255,105,385369,64,385435
10546,0.092951,172.217.27.0-255,66,385435,64,385435
10547,0.0,172.31.40.0-255,233,233,64,299
10548,0.007379,74.125.24.0-255,66,299,64,299
10549,0.0,74.125.24.0-255,306,306,64,334603
10550,1.6e-05,172.31.40.0-255,66,372,64,334603
10551,2.2e-05,74.125.24.0-255,1484,1856,64,334603
10552,2.6e-05,172.31.40.0-255,66,1922,64,334603
10553,3.2e-05,74.125.24.0-255,2902,4824,64,334603
10554,3.5e-05,172.31.40.0-255,66,4890,64,334603
10555,5.9e-05,74.125.24.0-255,1484,6374,64,334603
10556,6.1e-05,172.31.40.0-255,66,6440,64,334603
10557,7.5e-05,172.31.40.0-255,66,6506,64,334603
10558,9.9e-05,172.31.40.0-255,66,6572,64,334603
10559,0.000124,74.125.24.0-255,5379,11951,64,334603
10560,0.000127,172.31.40.0-255,66,12017,64,334603
10561,0.000231,74.125.24.0-255,1484,13501,64,334603
10562,0.000235,172.31.40.0-255,66,13567,64,334603
10563,0.000241,74.125.24.0-255,2902,16469,64,334603
10564,0.000243,172.31.40.0-255,66,16535,64,334603
10565,0.000247,74.125.24.0-255,2902,19437,64,334603
10566,0.00025,172.31.40.0-255,66,19503,64,334603
10567,0.00027,74.125.24.0-255,2902,22405,64,334603
10568,0.000272,172.31.40.0-255,66,22471,64,334603
10569,0.000275,74.125.24.0-255,1484,23955,64,334603
10570,0.000278,172.31.40.0-255,66,24021,64,334603
10571,0.0003,74.125.24.0-255,5379,29400,64,334603
10572,0.000304,172.31.40.0-255,66,29466,64,334603
10573,0.000623,74.125.24.0-255,1484,30950,64,334603
10574,0.00063,172.31.40.0-255,66,31016,64,334603
10575,0.000636,74.125.24.0-255,2902,33918,64,334603
10576,0.000639,172.31.40.0-255,66,33984,64,334603
10577,0.000646,74.125.24.0-255,5738,39722,64,334603
10578,0.000649,172.31.40.0-255,66,39788,64,334603
10579,0.000702,172.31.40.0-255,66,39854,64,334603
10580,0.000713,172.31.40.0-255,66,39920,64,334603
10581,0.000737,74.125.24.0-255,1484,41404,64,334603
10582,0.000766,74.125.24.0-255,5379,46783,64,334603
10583,0.00077,172.31.40.0-255,66,46849,64,334603
10584,0.000777,74.125.24.0-255,7156,54005,64,334603
10585,0.00078,172.31.40.0-255,66,54071,64,334603
10586,0.000784,74.125.24.0-255,2902,56973,64,334603
10587,0.000786,172.31.40.0-255,66,57039,64,334603
10588,0.000832,172.31.40.0-255,66,57105,64,334603
10589,0.000838,74.125.24.0-255,4906,62011,64,334603
10590,0.00084,172.31.40.0-255,66,62077,64,334603
10591,0.000885,74.125.24.0-255,1484,63561,64,334603
10592,0.000891,74.125.24.0-255,2902,66463,64,334603
10593,0.000893,172.31.40.0-255,66,66529,64,334603
10594,0.0009,74.125.24.0-255,5738,72267,64,334603
10595,0.000902,172.31.40.0-255,66,72333,64,334603
10596,0.000916,172.31.40.0-255,66,72399,64,334603
10597,0.000922,74.125.24.0-255,5738,78137,64,334603
10598,0.000925,172.31.40.0-255,66,78203,64,334603
10599,0.000957,74.125.24.0-255,5165,83368,64,334603
10600,0.00096,172.31.40.0-255,66,83434,64,334603
10601,0.001259,74.125.24.0-255,1484,84918,64,334603
10602,0.001265,74.125.24.0-255,1484,86402,64,334603
10603,0.001269,172.31.40.0-255,66,86468,64,334603
10604,0.001289,74.125.24.0-255,1484,87952,64,334603
10605,0.001296,74.125.24.0-255,5738,93690,64,334603
10606,0.001298,172.31.40.0-255,66,93756,64,334603
10607,0.001304,74.125.24.0-255,5738,99494,64,334603
10608,0.001306,172.31.40.0-255,66,99560,64,334603
10609,0.001335,74.125.24.0-255,5738,105298,64,334603
10610,0.001337,172.31.40.0-255,66,105364,64,334603
10611,0.001355,74.125.24.0-255,7156,112520,64,334603
10612,0.001358,172.31.40.0-255,66,112586,64,334603
10613,0.001363,74.125.24.0-255,5020,117606,64,334603
10614,0.001364,172.31.40.0-255,66,117672,64,334603
10615,0.001486,74.125.24.0-255,1484,119156,64,334603
10616,0.001505,74.125.24.0-255,2902,122058,64,334603
10617,0.001507,172.31.40.0-255,66,122124,64,334603
10618,0.001514,74.125.24.0-255,5738,127862,64,334603
10619,0.001516,172.31.40.0-255,66,127928,64,334603
10620,0.001559,74.125.24.0-255,4320,132248,64,334603
10621,0.001562,172.31.40.0-255,66,132314,64,334603
10622,0.001582,172.31.40.0-255,66,132380,64,334603
10623,0.001618,74.125.24.0-255,4320,136700,64,334603
10624,0.00162,172.31.40.0-255,66,136766,64,334603
10625,0.001641,74.125.24.0-255,6438,143204,64,334603
10626,0.001644,172.31.40.0-255,66,143270,64,334603
10627,0.001689,74.125.24.0-255,1484,144754,64,334603
10628,0.001693,74.125.24.0-255,1484,146238,64,334603
10629,0.001695,172.31.40.0-255,66,146304,64,334603
10630,0.001712,74.125.24.0-255,1484,147788,64,334603
10631,0.001716,74.125.24.0-255,2902,150690,64,334603
10632,0.001718,172.31.40.0-255,66,150756,64,334603
10633,0.001724,74.125.24.0-255,5738,156494,64,334603
10634,0.001728,172.31.40.0-255,66,156560,64,334603
10635,0.001747,74.125.24.0-255,1484,158044,64,334603
10636,0.001754,74.125.24.0-255,7156,165200,64,334603
10637,0.001786,74.125.24.0-255,3602,168802,64,334603
10638,0.00179,172.31.40.0-255,66,168868,64,334603
10639,0.001795,172.31.40.0-255,66,168934,64,334603
10640,0.001817,74.125.24.0-255,1484,170418,64,334603
10641,0.001821,74.125.24.0-255,2902,173320,64,334603
10642,0.001824,74.125.24.0-255,1484,174804,64,334603
10643,0.001835,172.31.40.0-255,66,174870,64,334603
10644,0.001841,74.125.24.0-255,4320,179190,64,334603
10645,0.00185,172.31.40.0-255,66,179256,64,334603
10646,0.001853,74.125.24.0-255,1484,180740,64,334603
10647,0.00187,74.125.24.0-255,5738,186478,64,334603
10648,0.001877,172.31.40.0-255,66,186544,64,334603
10649,0.00189,74.125.24.0-255,5738,192282,64,334603
10650,0.001895,74.125.24.0-255,4320,196602,64,334603
10651,0.001907,74.125.24.0-255,2902,199504,64,334603
10652,0.001917,172.31.40.0-255,66,199570,64,334603
10653,0.001932,74.125.24.0-255,3602,203172,64,334603
10654,0.001939,172.31.40.0-255,66,203238,64,334603
10655,0.004301,74.125.24.0-255,1484,204722,64,334603
10656,0.004376,74.125.24.0-255,4320,209042,64,334603
10657,0.004381,172.31.40.0-255,66,209108,64,334603
10658,0.006873,74.125.24.0-255,5738,214846,64,334603
10659,0.006881,172.31.40.0-255,66,214912,64,334603
10660,0.009346,74.125.24.0-255,5738,220650,64,334603
10661,0.009356,172.31.40.0-255,66,220716,64,334603
10662,0.011772,74.125.24.0-255,5738,226454,64,334603
10663,0.011785,172.31.40.0-255,66,226520,64,334603
10664,0.014238,74.125.24.0-255,5738,232258,64,334603
10665,0.014245,172.31.40.0-255,66,232324,64,334603
10666,0.016749,74.125.24.0-255,5738,238062,64,334603
10667,0.016767,172.31.40.0-255,66,238128,64,334603
10668,0.019189,74.125.24.0-255,5738,243866,64,334603
10669,0.019197,172.31.40.0-255,66,243932,64,334603
10670,0.0216,74.125.24.0-255,5738,249670,64,334603
10671,0.021609,172.31.40.0-255,66,249736,64,334603
10672,0.024052,74.125.24.0-255,5738,255474,64,334603
10673,0.024059,172.31.40.0-255,66,255540,64,334603
10674,0.02649,74.125.24.0-255,5738,261278,64,334603
10675,0.0265,172.31.40.0-255,66,261344,64,334603
10676,0.028964,74.125.24.0-255,5738,267082,64,334603
10677,0.028973,172.31.40.0-255,66,267148,64,334603
10678,0.03144,74.125.24.0-255,5738,272886,64,334603
10679,0.031457,172.31.40.0-255,66,272952,64,334603
10680,0.033878,74.125.24.0-255,5738,278690,64,334603
10681,0.033885,172.31.40.0-255,66,278756,64,334603
10682,0.036261,74.125.24.0-255,5738,284494,64,334603
10683,0.036269,172.31.40.0-255,66,284560,64,334603
10684,0.038688,74.125.24.0-255,5738,290298,64,334603
10685,0.038696,172.31.40.0-255,66,290364,64,334603
10686,0.041087,74.125.24.0-255,5738,296102,64,334603
10687,0.041106,172.31.40.0-255,66,296168,64,334603
10688,0.043486,74.125.24.0-255,5738,301906,64,334603
10689,0.043492,172.31.40.0-255,66,301972,64,334603
10690,0.045966,74.125.24.0-255,5738,307710,64,334603
10691,0.045985,172.31.40.0-255,66,307776,64,334603
10692,0.048435,74.125.24.0-255,5738,313514,64,334603
10693,0.048443,172.31.40.0-255,66,313580,64,334603
10694,0.050832,74.125.24.0-255,5738,319318,64,334603
10695,0.050846,172.31.40.0-255,66,319384,64,334603
10696,0.053088,172.31.40.0-255,175,319559,64,334603
10697,0.053118,172.31.40.0-255,1137,320696,64,334603
10698,0.053177,172.31.40.0-255,1514,322210,64,334603
10699,0.053179,172.31.40.0-255,1271,323481,64,334603
10700,0.053292,74.125.24.0-255,5738,329219,64,334603
10701,0.053298,172.31.40.0-255,66,329285,64,334603
10702,0.05466,104.244.42.0-255,66,329351,64,334603
10703,0.054696,104.244.42.0-255,66,329417,64,334603
10704,0.054753,104.244.42.0-255,66,329483,64,334603
10705,0.055742,74.125.24.0-255,4883,334366,64,334603
10706,0.055754,172.31.40.0-255,66,334432,64,334603
10707,0.056031,172.31.40.0-255,105,334537,64,334603
10708,0.0584,74.125.24.0-255,66,334603,64,334603
10709,0.0,74.125.68.0-255,153,153,64,390695
10710,2.1e-05,172.31.40.0-255,66,219,64,390695
10711,2.8e-05,74.125.68.0-255,1484,1703,64,390695
10712,3.3e-05,172.31.40.0-255,66,1769,64,390695
10713,3.6e-05,74.125.68.0-255,1484,3253,64,390695
10714,3.9e-05,172.31.40.0-255,66,3319,64,390695
10715,4.5e-05,74.125.68.0-255,2902,6221,64,390695
10716,4.8e-05,172.31.40.0-255,66,6287,64,390695
10717,7.8e-05,74.125.68.0-255,5738,12025,64,390695
10718,8.2e-05,172.31.40.0-255,66,12091,64,390695
10719,8.7e-05,74.125.68.0-255,2099,14190,64,390695
10720,8.9e-05,172.31.40.0-255,66,14256,64,390695
10721,0.000165,74.125.68.0-255,1484,15740,64,390695
10722,0.000168,172.31.40.0-255,66,15806,64,390695
10723,0.000173,74.125.68.0-255,2902,18708,64,390695
10724,0.000175,172.31.40.0-255,66,18774,64,390695
10725,0.00019,74.125.68.0-255,1484,20258,64,390695
10726,0.000192,172.31.40.0-255,66,20324,64,390695
10727,0.000213,74.125.68.0-255,2902,23226,64,390695
10728,0.000216,172.31.40.0-255,66,23292,64,390695
10729,0.000253,74.125.68.0-255,7156,30448,64,390695
10730,0.000256,172.31.40.0-255,66,30514,64,390695
10731,0.000276,74.125.68.0-255,1125,31639,64,390695
10732,0.000278,172.31.40.0-255,66,31705,64,390695
10733,0.00029,172.31.40.0-255,66,31771,64,390695
10734,0.000296,74.125.68.0-255,5738,37509,64,390695
10735,0.000298,172.31.40.0-255,66,37575,64,390695
10736,0.000345,74.125.68.0-255,2543,40118,64,390695
10737,0.000348,172.31.40.0-255,66,40184,64,390695
10738,0.000363,74.125.68.0-255,1484,41668,64,390695
10739,0.000365,172.31.40.0-255,66,41734,64,390695
10740,0.000377,74.125.68.0-255,1484,43218,64,390695
10741,0.000402,74.125.68.0-255,4320,47538,64,390695
10742,0.000405,172.31.40.0-255,66,47604,64,390695
10743,0.000412,74.125.68.0-255,5738,53342,64,390695
10744,0.000414,172.31.40.0-255,66,53408,64,390695
10745,0.00044,74.125.68.0-255,3961,57369,64,390695
10746,0.000443,172.31.40.0-255,66,57435,64,390695
10747,0.00048,74.125.68.0-255,678,58113,64,390695
10748,0.000562,74.125.68.0-255,1484,59597,64,390695
10749,0.000566,172.31.40.0-255,66,59663,64,390695
10750,0.00057,74.125.68.0-255,1484,61147,64,390695
10751,0.000582,74.125.68.0-255,1484,62631,64,390695
10752,0.000585,172.31.40.0-255,66,62697,64,390695
10753,0.000588,74.125.68.0-255,1484,64181,64,390695
10754,0.000593,74.125.68.0-255,2902,67083,64,390695
10755,0.000596,172.31.40.0-255,66,67149,64,390695
10756,0.000625,74.125.68.0-255,5738,72887,64,390695
10757,0.000628,172.31.40.0-255,66,72953,64,390695
10758,0.000631,74.125.68.0-255,1484,74437,64,390695
10759,0.000652,74.125.68.0-255,3961,78398,64,390695
10760,0.000655,172.31.40.0-255,66,78464,64,390695
10761,0.000659,74.125.68.0-255,4320,82784,64,390695
10762,0.000661,172.31.40.0-255,66,82850,64,390695
10763,0.000672,74.125.68.0-255,1484,84334,64,390695
10764,0.000686,74.125.68.0-255,1484,85818,64,390695
10765,0.000688,172.31.40.0-255,66,85884,64,390695
10766,0.000713,74.125.68.0-255,6797,92681,64,390695
10767,0.000716,172.31.40.0-255,66,92747,64,390695
10768,0.001044,74.125.68.0-255,1484,94231,64,390695
10769,0.001048,74.125.68.0-255,1484,95715,64,390695
10770,0.001054,172.31.40.0-255,66,95781,64,390695
10771,0.001063,74.125.68.0-255,1484,97265,64,390695
10772,0.001066,74.125.68.0-255,1484,98749,64,390695
10773,0.001068,172.31.40.0-255,66,98815,64,390695
10774,0.001089,74.125.68.0-255,4320,103135,64,390695
10775,0.001092,172.31.40.0-255,66,103201,64,390695
10776,0.001106,74.125.68.0-255,2902,106103,64,390695
10777,0.001109,172.31.40.0-255,66,106169,64,390695
10778,0.001142,74.125.68.0-255,5738,111907,64,390695
10779,0.001155,74.125.68.0-255,5020,116927,64,390695
10780,0.001159,172.31.40.0-255,66,116993,64,390695
10781,0.001167,172.31.40.0-255,66,117059,64,390695
10782,0.001171,172.31.40.0-255,66,117125,64,390695
10783,0.001368,74.125.68.0-255,1484,118609,64,390695
10784,0.001375,74.125.68.0-255,2902,121511,64,390695
10785,0.001379,172.31.40.0-255,66,121577,64,390695
10786,0.001405,74.125.68.0-255,5738,127315,64,390695
10787,0.001408,172.31.40.0-255,66,127381,64,390695
10788,0.001413,74.125.68.0-255,2902,130283,64,390695
10789,0.001415,172.31.40.0-255,66,130349,64,390695
10790,0.00142,74.125.68.0-255,4320,134669,64,390695
10791,0.001422,172.31.40.0-255,66,134735,64,390695
10792,0.00146,74.125.68.0-255,4320,139055,64,390695
10793,0.001498,172.31.40.0-255,66,139121,64,390695
10794,0.001506,172.31.40.0-255,66,139187,64,390695
10795,0.001511,74.125.68.0-255,3602,142789,64,390695
10796,0.001513,172.31.40.0-255,66,142855,64,390695
10797,0.001841,74.125.68.0-255,1484,144339,64,390695
10798,0.001848,74.125.68.0-255,2902,147241,64,390695
10799,0.001851,172.31.40.0-255,66,147307,64,390695
10800,0.001873,74.125.68.0-255,5738,153045,64,390695
10801,0.001876,172.31.40.0-255,66,153111,64,390695
10802,0.001898,74.125.68.0-255,2902,156013,64,390695
10803,0.001902,172.31.40.0-255,66,156079,64,390695
10804,0.001907,74.125.68.0-255,4320,160399,64,390695
10805,0.001909,172.31.40.0-255,66,160465,64,390695
10806,0.001931,74.125.68.0-255,7156,167621,64,390695
10807,0.001934,172.31.40.0-255,66,167687,64,390695
10808,0.001957,74.125.68.0-255,1484,169171,64,390695
10809,0.001963,74.125.68.0-255,4320,173491,64,390695
10810,0.001965,172.31.40.0-255,66,173557,64,390695
10811,0.001987,74.125.68.0-255,3602,177159,64,390695
10812,0.001989,172.31.40.0-255,66,177225,64,390695
10813,0.004486,74.125.68.0-255,1484,178709,64,390695
10814,0.004508,74.125.68.0-255,4320,183029,64,390695
10815,0.004513,172.31.40.0-255,66,183095,64,390695
10816,0.00702,74.125.68.0-255,2902,185997,64,390695
10817,0.007023,172.31.40.0-255,66,186063,64,390695
10818,0.007037,74.125.68.0-255,2902,188965,64,390695
10819,0.00704,172.31.40.0-255,66,189031,64,390695
10820,0.009543,74.125.68.0-255,5738,194769,64,390695
10821,0.009551,172.31.40.0-255,66,194835,64,390695
10822,0.012068,74.125.68.0-255,5738,200573,64,390695
10823,0.012078,172.31.40.0-255,66,200639,64,390695
10824,0.014606,74.125.68.0-255,5738,206377,64,390695
10825,0.014618,172.31.40.0-255,66,206443,64,390695
10826,0.017135,74.125.68.0-255,5738,212181,64,390695
10827,0.017145,172.31.40.0-255,66,212247,64,390695
10828,0.019666,74.125.68.0-255,5738,217985,64,390695
10829,0.019675,172.31.40.0-255,66,218051,64,390695
10830,0.022189,74.125.68.0-255,5738,223789,64,390695
10831,0.022197,172.31.40.0-255,66,223855,64,390695
10832,0.024711,74.125.68.0-255,5738,229593,64,390695
10833,0.024719,172.31.40.0-255,66,229659,64,390695
10834,0.027252,74.125.68.0-255,5738,235397,64,390695
10835,0.027271,172.31.40.0-255,66,235463,64,390695
10836,0.029828,74.125.68.0-255,5738,241201,64,390695
10837,0.02984,172.31.40.0-255,66,241267,64,390695
10838,0.032374,74.125.68.0-255,5738,247005,64,390695
10839,0.032392,172.31.40.0-255,66,247071,64,390695
10840,0.034905,74.125.68.0-255,5738,252809,64,390695
10841,0.034912,172.31.40.0-255,66,252875,64,390695
10842,0.037214,172.31.40.0-255,172,253047,64,390695
10843,0.037249,172.31.40.0-255,1113,254160,64,390695
10844,0.037311,172.31.40.0-255,1514,255674,64,390695
10845,0.037313,172.31.40.0-255,1295,256969,64,390695
10846,0.03742,74.125.68.0-255,5738,262707,64,390695
10847,0.037427,172.31.40.0-255,66,262773,64,390695
10848,0.038786,104.244.42.0-255,66,262839,64,390695
10849,0.038794,104.244.42.0-255,66,262905,64,390695
10850,0.038867,104.244.42.0-255,66,262971,64,390695
10851,0.039955,74.125.68.0-255,5738,268709,64,390695
10852,0.039966,172.31.40.0-255,66,268775,64,390695
10853,0.042498,74.125.68.0-255,5738,274513,64,390695
10854,0.042512,172.31.40.0-255,66,274579,64,390695
10855,0.045037,74.125.68.0-255,5738,280317,64,390695
10856,0.045066,172.31.40.0-255,66,280383,64,390695
10857,0.047611,74.125.68.0-255,5738,286121,64,390695
10858,0.04763,172.31.40.0-255,66,286187,64,390695
10859,0.05016,74.125.68.0-255,5738,291925,64,390695
10860,0.050179,172.31.40.0-255,66,291991,64,390695
10861,0.052705,74.125.68.0-255,5738,297729,64,390695
10862,0.052722,172.31.40.0-255,66,297795,64,390695
10863,0.055263,74.125.68.0-255,5738,303533,64,390695
10864,0.05528,172.31.40.0-255,66,303599,64,390695
10865,0.057826,74.125.68.0-255,5738,309337,64,390695
10866,0.057843,172.31.40.0-255,66,309403,64,390695
10867,0.060405,74.125.68.0-255,5738,315141,64,390695
10868,0.060414,172.31.40.0-255,66,315207,64,390695
10869,0.062942,74.125.68.0-255,5738,320945,64,390695
10870,0.062949,172.31.40.0-255,66,321011,64,390695
10871,0.065505,74.125.68.0-255,5738,326749,64,390695
10872,0.065512,172.31.40.0-255,66,326815,64,390695
10873,0.068031,74.125.68.0-255,5738,332553,64,390695
10874,0.068038,172.31.40.0-255,66,332619,64,390695
10875,0.070569,74.125.68.0-255,5738,338357,64,390695
10876,0.070576,172.31.40.0-255,66,338423,64,390695
10877,0.073096,74.125.68.0-255,5738,344161,64,390695
10878,0.073103,172.31.40.0-255,66,344227,64,390695
10879,0.075619,74.125.68.0-255,5738,349965,64,390695
10880,0.075626,172.31.40.0-255,66,350031,64,390695
10881,0.078138,74.125.68.0-255,5738,355769,64,390695
10882,0.078145,172.31.40.0-255,66,355835,64,390695
10883,0.080668,74.125.68.0-255,5738,361573,64,390695
10884,0.080674,172.31.40.0-255,66,361639,64,390695
10885,0.083191,74.125.68.0-255,5738,367377,64,390695
10886,0.083198,172.31.40.0-255,66,367443,64,390695
10887,0.085753,74.125.68.0-255,5738,373181,64,390695
10888,0.085759,172.31.40.0-255,66,373247,64,390695
10889,0.088294,74.125.68.0-255,5738,378985,64,390695
10890,0.088301,172.31.40.0-255,66,379051,64,390695
10891,0.090819,74.125.68.0-255,5738,384789,64,390695
10892,0.090825,172.31.40.0-255,66,384855,64,390695
10893,0.093344,74.125.68.0-255,5603,390458,64,390695
10894,0.093351,172.31.40.0-255,66,390524,64,390695
10895,0.093541,172.31.40.0-255,105,390629,64,390695
10896,0.096024,74.125.68.0-255,66,390695,64,390695
10897,0.0,172.217.194.0-255,153,153,64,211454
10898,2.3e-05,172.31.40.0-255,66,219,64,211454
10899,3e-05,172.217.194.0-255,1484,1703,64,211454
10900,3.5e-05,172.31.40.0-255,66,1769,64,211454
10901,4.6e-05,172.217.194.0-255,2902,4671,64,211454
10902,5e-05,172.31.40.0-255,66,4737,64,211454
10903,5.5e-05,172.217.194.0-255,4320,9057,64,211454
10904,5.8e-05,172.31.40.0-255,66,9123,64,211454
10905,6.4e-05,172.217.194.0-255,5738,14861,64,211454
10906,6.7e-05,172.31.40.0-255,66,14927,64,211454
10907,0.000105,172.217.194.0-255,3579,18506,64,211454
10908,0.000108,172.31.40.0-255,66,18572,64,211454
10909,0.000119,172.31.40.0-255,66,18638,64,211454
10910,0.000136,172.31.40.0-255,66,18704,64,211454
10911,0.000167,172.217.194.0-255,1484,20188,64,211454
10912,0.000169,172.31.40.0-255,66,20254,64,211454
10913,0.00018,172.31.40.0-255,66,20320,64,211454
10914,0.000185,172.217.194.0-255,2902,23222,64,211454
10915,0.000187,172.31.40.0-255,66,23288,64,211454
10916,0.000205,172.217.194.0-255,7052,30340,64,211454
10917,0.000208,172.31.40.0-255,66,30406,64,211454
10918,0.000264,172.217.194.0-255,119,30525,64,211454
10919,0.000267,172.31.40.0-255,66,30591,64,211454
10920,0.000371,172.217.194.0-255,1484,32075,64,211454
10921,0.000375,172.31.40.0-255,66,32141,64,211454
10922,0.000379,172.217.194.0-255,1484,33625,64,211454
10923,0.000382,172.31.40.0-255,66,33691,64,211454
10924,0.000404,172.217.194.0-255,1484,35175,64,211454
10925,0.000407,172.31.40.0-255,66,35241,64,211454
10926,0.000413,172.217.194.0-255,5738,40979,64,211454
10927,0.000416,172.31.40.0-255,66,41045,64,211454
10928,0.000424,172.217.194.0-255,1484,42529,64,211454
10929,0.000496,172.31.40.0-255,66,42595,64,211454
10930,0.000513,172.31.40.0-255,66,42661,64,211454
10931,0.000515,172.217.194.0-255,766,43427,64,211454
10932,0.000805,172.217.194.0-255,1484,44911,64,211454
10933,0.000811,172.31.40.0-255,66,44977,64,211454
10934,0.000817,172.217.194.0-255,2902,47879,64,211454
10935,0.00082,172.31.40.0-255,66,47945,64,211454
10936,0.000831,172.217.194.0-255,5738,53683,64,211454
10937,0.000833,172.31.40.0-255,66,53749,64,211454
10938,0.000878,172.31.40.0-255,66,53815,64,211454
10939,0.000894,172.217.194.0-255,2902,56717,64,211454
10940,0.000896,172.31.40.0-255,66,56783,64,211454
10941,0.00093,172.31.40.0-255,66,56849,64,211454
10942,0.001081,172.217.194.0-255,1484,58333,64,211454
10943,0.001087,172.217.194.0-255,2902,61235,64,211454
10944,0.001089,172.31.40.0-255,66,61301,64,211454
10945,0.001119,172.217.194.0-255,5738,67039,64,211454
10946,0.001136,172.31.40.0-255,66,67105,64,211454
10947,0.001148,172.31.40.0-255,66,67171,64,211454
10948,0.001176,172.217.194.0-255,4320,71491,64,211454
10949,0.001179,172.31.40.0-255,66,71557,64,211454
10950,0.001192,172.31.40.0-255,66,71623,64,211454
10951,0.001683,172.217.194.0-255,1484,73107,64,211454
10952,0.001689,172.217.194.0-255,2902,76009,64,211454
10953,0.001692,172.31.40.0-255,66,76075,64,211454
10954,0.001697,172.217.194.0-255,2902,78977,64,211454
10955,0.001699,172.31.40.0-255,66,79043,64,211454
10956,0.001735,172.217.194.0-255,2902,81945,64,211454
10957,0.001738,172.31.40.0-255,66,82011,64,211454
10958,0.001742,172.217.194.0-255,1484,83495,64,211454
10959,0.001758,172.31.40.0-255,66,83561,64,211454
10960,0.001764,172.217.194.0-255,5738,89299,64,211454
10961,0.001766,172.31.40.0-255,66,89365,64,211454
10962,0.001813,172.217.194.0-255,3602,92967,64,211454
10963,0.001816,172.31.40.0-255,66,93033,64,211454
10964,0.001827,172.31.40.0-255,66,93099,64,211454
10965,0.001842,172.31.40.0-255,66,93165,64,211454
10966,0.001849,172.217.194.0-255,7156,100321,64,211454
10967,0.001851,172.31.40.0-255,66,100387,64,211454
10968,0.001877,172.217.194.0-255,4320,104707,64,211454
10969,0.001883,172.31.40.0-255,66,104773,64,211454
10970,0.001887,172.217.194.0-255,2184,106957,64,211454
10971,0.001889,172.31.40.0-255,66,107023,64,211454
10972,0.002217,172.217.194.0-255,1484,108507,64,211454
10973,0.002222,172.217.194.0-255,1484,109991,64,211454
10974,0.002225,172.31.40.0-255,66,110057,64,211454
10975,0.002256,172.217.194.0-255,1484,111541,64,211454
10976,0.002263,172.217.194.0-255,5738,117279,64,211454
10977,0.002266,172.31.40.0-255,66,117345,64,211454
10978,0.002288,172.217.194.0-255,5738,123083,64,211454
10979,0.002323,172.217.194.0-255,1484,124567,64,211454
10980,0.002334,172.31.40.0-255,66,124633,64,211454
10981,0.002363,172.217.194.0-255,5738,130371,64,211454
10982,0.002368,172.217.194.0-255,5738,136109,64,211454
10983,0.002373,172.217.194.0-255,5020,141129,64,211454
10984,0.002399,172.217.194.0-255,5738,146867,64,211454
10985,0.00241,172.217.194.0-255,1484,148351,64,211454
10986,0.002424,172.217.194.0-255,4320,152671,64,211454
10987,0.002447,172.217.194.0-255,1484,154155,64,211454
10988,0.002469,172.217.194.0-255,2902,157057,64,211454
10989,0.002527,172.217.194.0-255,5738,162795,64,211454
10990,0.002553,172.217.194.0-255,1484,164279,64,211454
10991,0.002564,172.217.194.0-255,1484,165763,64,211454
10992,0.002604,172.217.194.0-255,1484,167247,64,211454
10993,0.002619,172.217.194.0-255,2902,170149,64,211454
10994,0.002622,172.217.194.0-255,1484,171633,64,211454
10995,0.002624,172.217.194.0-255,1484,173117,64,211454
10996,0.002627,172.217.194.0-255,2184,175301,64,211454
10997,0.002629,172.217.194.0-255,1484,176785,64,211454
10998,0.002653,172.217.194.0-255,2902,179687,64,211454
10999,0.002671,172.217.194.0-255,7156,186843,64,211454
11000,0.0027,172.217.194.0-255,4320,191163,64,211454
11001,0.002702,172.217.194.0-255,1484,192647,64,211454
11002,0.002704,172.217.194.0-255,1484,194131,64,211454
11003,0.002709,172.217.194.0-255,5020,199151,64,211454
11004,0.002711,172.217.194.0-255,1484,200635,64,211454
11005,0.002727,172.217.194.0-255,5285,205920,64,211454
11006,0.002761,172.217.194.0-255,105,206025,64,211454
11007,0.012753,172.217.194.0-255,105,206130,64,211454
11008,0.013265,172.31.40.0-255,66,206196,64,211454
11009,0.013271,172.31.40.0-255,66,206262,64,211454
11010,0.013275,172.31.40.0-255,66,206328,64,211454
11011,0.013278,172.31.40.0-255,66,206394,64,211454
11012,0.013293,172.31.40.0-255,66,206460,64,211454
11013,0.013299,172.31.40.0-255,66,206526,64,211454
11014,0.013302,172.31.40.0-255,66,206592,64,211454
11015,0.013306,172.31.40.0-255,66,206658,64,211454
11016,0.013309,172.31.40.0-255,66,206724,64,211454
11017,0.013312,172.31.40.0-255,66,206790,64,211454
11018,0.013315,172.31.40.0-255,66,206856,64,211454
11019,0.013319,172.31.40.0-255,66,206922,64,211454
11020,0.013322,172.31.40.0-255,66,206988,64,211454
11021,0.013325,172.31.40.0-255,66,207054,64,211454
11022,0.013329,172.31.40.0-255,66,207120,64,211454
11023,0.013333,172.31.40.0-255,66,207186,64,211454
11024,0.013337,172.31.40.0-255,66,207252,64,211454
11025,0.01334,172.31.40.0-255,66,207318,64,211454
11026,0.013343,172.31.40.0-255,66,207384,64,211454
11027,0.013345,172.31.40.0-255,66,207450,64,211454
11028,0.013349,172.31.40.0-255,66,207516,64,211454
11029,0.013353,172.31.40.0-255,66,207582,64,211454
11030,0.013356,172.31.40.0-255,66,207648,64,211454
11031,0.013359,172.31.40.0-255,66,207714,64,211454
11032,0.013363,172.31.40.0-255,78,207792,64,211454
11033,0.014745,172.31.40.0-255,101,207893,64,211454
11034,0.015676,172.31.40.0-255,105,207998,64,211454
11035,0.017258,172.217.194.0-255,66,208064,64,211454
11036,0.018171,172.217.194.0-255,66,208130,64,211454
11037,0.036853,172.31.40.0-255,167,208297,64,211454
11038,0.036885,172.31.40.0-255,1107,209404,64,211454
11039,0.036945,172.31.40.0-255,1514,210918,64,211454
11040,0.036947,172.31.40.0-255,338,211256,64,211454
11041,0.038427,104.244.42.0-255,66,211322,64,211454
11042,0.038457,104.244.42.0-255,66,211388,64,211454
11043,0.038497,104.244.42.0-255,66,211454,64,211454
11044,0.0,74.125.24.0-255,152,152,64,179993
11045,1.3e-05,172.31.40.0-255,66,218,64,179993
11046,1.9e-05,74.125.24.0-255,1484,1702,64,179993
11047,2.3e-05,172.31.40.0-255,66,1768,64,179993
11048,2.8e-05,74.125.24.0-255,2902,4670,64,179993
11049,3.1e-05,172.31.40.0-255,66,4736,64,179993
11050,8.2e-05,74.125.24.0-255,4320,9056,64,179993
11051,8.6e-05,172.31.40.0-255,66,9122,64,179993
11052,0.000123,74.125.24.0-255,2902,12024,64,179993
11053,0.000126,172.31.40.0-255,66,12090,64,179993
11054,0.000129,74.125.24.0-255,1976,14066,64,179993
11055,0.000131,172.31.40.0-255,66,14132,64,179993
11056,0.000143,172.31.40.0-255,66,14198,64,179993
11057,0.000156,172.31.40.0-255,66,14264,64,179993
11058,0.000165,172.31.40.0-255,66,14330,64,179993
11059,0.000185,74.125.24.0-255,5020,19350,64,179993
11060,0.000187,172.31.40.0-255,66,19416,64,179993
11061,0.000219,172.31.40.0-255,66,19482,64,179993
11062,0.000244,74.125.24.0-255,298,19780,64,179993
11063,0.000246,172.31.40.0-255,66,19846,64,179993
11064,0.000271,74.125.24.0-255,1484,21330,64,179993
11065,0.000273,172.31.40.0-255,66,21396,64,179993
11066,0.000277,74.125.24.0-255,2902,24298,64,179993
11067,0.000279,172.31.40.0-255,66,24364,64,179993
11068,0.000312,74.125.24.0-255,5738,30102,64,179993
11069,0.000314,172.31.40.0-255,66,30168,64,179993
11070,0.000324,172.31.40.0-255,66,30234,64,179993
11071,0.000348,74.125.24.0-255,1484,31718,64,179993
11072,0.000352,74.125.24.0-255,1484,33202,64,179993
11073,0.000354,172.31.40.0-255,66,33268,64,179993
11074,0.000395,172.31.40.0-255,66,33334,64,179993
11075,0.000441,74.125.24.0-255,1484,34818,64,179993
11076,0.000444,74.125.24.0-255,1484,36302,64,179993
11077,0.000446,172.31.40.0-255,66,36368,64,179993
11078,0.000469,74.125.24.0-255,1484,37852,64,179993
11079,0.000474,74.125.24.0-255,5738,43590,64,179993
11080,0.000477,172.31.40.0-255,66,43656,64,179993
11081,0.000507,172.31.40.0-255,66,43722,64,179993
11082,0.000527,74.125.24.0-255,1484,45206,64,179993
11083,0.000531,74.125.24.0-255,2902,48108,64,179993
11084,0.000533,172.31.40.0-255,66,48174,64,179993
11085,0.000544,74.125.24.0-255,1484,49658,64,179993
11086,0.000552,74.125.24.0-255,5738,55396,64,179993
11087,0.000554,172.31.40.0-255,66,55462,64,179993
11088,0.000557,74.125.24.0-255,766,56228,64,179993
11089,0.000584,74.125.24.0-255,1484,57712,64,179993
11090,0.000586,172.31.40.0-255,66,57778,64,179993
11091,0.000589,74.125.24.0-255,1484,59262,64,179993
11092,0.000607,74.125.24.0-255,2902,62164,64,179993
11093,0.00061,172.31.40.0-255,66,62230,64,179993
11094,0.000615,74.125.24.0-255,5738,67968,64,179993
11095,0.000617,172.31.40.0-255,66,68034,64,179993
11096,0.000622,74.125.24.0-255,5738,73772,64,179993
11097,0.000624,172.31.40.0-255,66,73838,64,179993
11098,0.000645,74.125.24.0-255,1484,75322,64,179993
11099,0.000658,172.31.40.0-255,66,75388,64,179993
11100,0.000681,74.125.24.0-255,1484,76872,64,179993
11101,0.000684,74.125.24.0-255,766,77638,64,179993
11102,0.000686,172.31.40.0-255,66,77704,64,179993
11103,0.000786,74.125.24.0-255,1484,79188,64,179993
11104,0.000791,74.125.24.0-255,2902,82090,64,179993
11105,0.000794,172.31.40.0-255,66,82156,64,179993
11106,0.000799,74.125.24.0-255,4320,86476,64,179993
11107,0.000801,172.31.40.0-255,66,86542,64,179993
11108,0.000825,74.125.24.0-255,1484,88026,64,179993
11109,0.000831,74.125.24.0-255,4320,92346,64,179993
11110,0.000834,172.31.40.0-255,66,92412,64,179993
11111,0.000846,172.31.40.0-255,66,92478,64,179993
11112,0.000907,172.31.40.0-255,66,92544,64,179993
11113,0.00092,74.125.24.0-255,1484,94028,64,179993
11114,0.000928,74.125.24.0-255,2902,96930,64,179993
11115,0.00093,172.31.40.0-255,66,96996,64,179993
11116,0.000958,74.125.24.0-255,5738,102734,64,179993
11117,0.000961,172.31.40.0-255,66,102800,64,179993
11118,0.000971,172.31.40.0-255,66,102866,64,179993
11119,0.000995,74.125.24.0-255,4320,107186,64,179993
11120,0.000998,172.31.40.0-255,66,107252,64,179993
11121,0.001003,74.125.24.0-255,5738,112990,64,179993
11122,0.001004,172.31.40.0-255,66,113056,64,179993
11123,0.001047,172.31.40.0-255,66,113122,64,179993
11124,0.001074,74.125.24.0-255,2184,115306,64,179993
11125,0.001076,172.31.40.0-255,66,115372,64,179993
11126,0.001092,172.31.40.0-255,66,115438,64,179993
11127,0.001101,172.31.40.0-255,66,115504,64,179993
11128,0.001122,74.125.24.0-255,1484,116988,64,179993
11129,0.001145,74.125.24.0-255,2902,119890,64,179993
11130,0.001147,172.31.40.0-255,66,119956,64,179993
11131,0.001152,74.125.24.0-255,5738,125694,64,179993
11132,0.001154,172.31.40.0-255,66,125760,64,179993
11133,0.001202,172.31.40.0-255,66,125826,64,179993
11134,0.001207,74.125.24.0-255,5738,131564,64,179993
11135,0.00121,172.31.40.0-255,66,131630,64,179993
11136,0.001243,74.125.24.0-255,5020,136650,64,179993
11137,0.001245,172.31.40.0-255,66,136716,64,179993
11138,0.001281,74.125.24.0-255,2902,139618,64,179993
11139,0.001283,172.31.40.0-255,66,139684,64,179993
11140,0.001289,74.125.24.0-255,4320,144004,64,179993
11141,0.00129,172.31.40.0-255,66,144070,64,179993
11142,0.001331,172.31.40.0-255,66,144136,64,179993
11143,0.001336,74.125.24.0-255,4320,148456,64,179993
11144,0.001338,172.31.40.0-255,66,148522,64,179993
11145,0.001389,172.31.40.0-255,66,148588,64,179993
11146,0.001404,172.31.40.0-255,66,148654,64,179993
11147,0.001423,74.125.24.0-255,1484,150138,64,179993
11148,0.001436,172.31.40.0-255,66,150204,64,179993
11149,0.001442,74.125.24.0-255,6438,156642,64,179993
11150,0.001444,172.31.40.0-255,66,156708,64,179993
11151,0.001465,74.125.24.0-255,1484,158192,64,179993
11152,0.001492,74.125.24.0-255,5738,163930,64,179993
11153,0.001494,172.31.40.0-255,66,163996,64,179993
11154,0.001499,74.125.24.0-255,4320,168316,64,179993
11155,0.001501,172.31.40.0-255,66,168382,64,179993
11156,0.001561,172.31.40.0-255,66,168448,64,179993
11157,0.001565,74.125.24.0-255,4320,172768,64,179993
11158,0.001567,172.31.40.0-255,66,172834,64,179993
11159,0.001616,172.31.40.0-255,66,172900,64,179993
11160,0.001628,74.125.24.0-255,1194,174094,64,179993
11161,0.001664,74.125.24.0-255,105,174199,64,179993
11162,0.010858,74.125.24.0-255,105,174304,64,179993
11163,0.010878,172.31.40.0-255,78,174382,64,179993
11164,0.013201,172.31.40.0-255,105,174487,64,179993
11165,0.015185,74.125.24.0-255,66,174553,64,179993
11166,0.046395,172.31.40.0-255,166,174719,64,179993
11167,0.046428,172.31.40.0-255,1135,175854,64,179993
11168,0.046493,172.31.40.0-255,1514,177368,64,179993
11169,0.046495,172.31.40.0-255,1514,178882,64,179993
11170,0.046496,172.31.40.0-255,673,179555,64,179993
11171,0.047919,104.244.42.0-255,66,179621,64,179993
11172,0.047949,104.244.42.0-255,66,179687,64,179993
11173,0.048028,104.244.42.0-255,66,179753,64,179993
11174,0.048031,104.244.42.0-255,66,179819,64,179993
11175,0.048934,104.244.42.0-255,108,179927,64,179993
11176,0.048946,172.31.40.0-255,66,179993,64,179993
11177,0.0,74.125.24.0-255,154,154,64,179968
11178,2.1e-05,172.31.40.0-255,66,220,64,179968
11179,2.8e-05,74.125.24.0-255,1484,1704,64,179968
11180,3.3e-05,172.31.40.0-255,66,1770,64,179968
11181,3.8e-05,74.125.24.0-255,2902,4672,64,179968
11182,4.1e-05,172.31.40.0-255,66,4738,64,179968
11183,5.8e-05,74.125.24.0-255,7156,11894,64,179968
11184,6.1e-05,172.31.40.0-255,66,11960,64,179968
11185,8.2e-05,74.125.24.0-255,2129,14089,64,179968
11186,8.4e-05,172.31.40.0-255,66,14155,64,179968
11187,0.000108,74.125.24.0-255,2902,17057,64,179968
11188,0.000111,172.31.40.0-255,66,17123,64,179968
11189,0.000118,74.125.24.0-255,7156,24279,64,179968
11190,0.00012,172.31.40.0-255,66,24345,64,179968
11191,0.000131,74.125.24.0-255,5738,30083,64,179968
11192,0.000134,172.31.40.0-255,66,30149,64,179968
11193,0.00016,74.125.24.0-255,1125,31274,64,179968
11194,0.000163,172.31.40.0-255,66,31340,64,179968
11195,0.000362,74.125.24.0-255,1484,32824,64,179968
11196,0.000367,172.31.40.0-255,66,32890,64,179968
11197,0.000373,74.125.24.0-255,2902,35792,64,179968
11198,0.000375,172.31.40.0-255,66,35858,64,179968
11199,0.000381,74.125.24.0-255,4320,40178,64,179968
11200,0.000389,172.31.40.0-255,66,40244,64,179968
11201,0.000416,74.125.24.0-255,1484,41728,64,179968
11202,0.000418,172.31.40.0-255,66,41794,64,179968
11203,0.000433,172.31.40.0-255,66,41860,64,179968
11204,0.000452,172.31.40.0-255,66,41926,64,179968
11205,0.000454,74.125.24.0-255,362,42288,64,179968
11206,0.000456,172.31.40.0-255,66,42354,64,179968
11207,0.000715,74.125.24.0-255,127,42481,64,179968
11208,0.00074,74.125.24.0-255,352,42833,64,179968
11209,0.000965,74.125.24.0-255,1484,44317,64,179968
11210,0.000969,172.31.40.0-255,66,44383,64,179968
11211,0.000975,74.125.24.0-255,2902,47285,64,179968
11212,0.000977,172.31.40.0-255,66,47351,64,179968
11213,0.000989,74.125.24.0-255,5738,53089,64,179968
11214,0.000992,172.31.40.0-255,66,53155,64,179968
11215,0.001032,172.31.40.0-255,66,53221,64,179968
11216,0.001041,74.125.24.0-255,7156,60377,64,179968
11217,0.001043,172.31.40.0-255,66,60443,64,179968
11218,0.001062,74.125.24.0-255,3602,64045,64,179968
11219,0.001069,172.31.40.0-255,66,64111,64,179968
11220,0.001195,74.125.24.0-255,1484,65595,64,179968
11221,0.001201,74.125.24.0-255,2902,68497,64,179968
11222,0.001205,172.31.40.0-255,66,68563,64,179968
11223,0.001237,74.125.24.0-255,5738,74301,64,179968
11224,0.00124,172.31.40.0-255,66,74367,64,179968
11225,0.001251,172.31.40.0-255,66,74433,64,179968
11226,0.001313,74.125.24.0-255,4320,78753,64,179968
11227,0.001316,172.31.40.0-255,66,78819,64,179968
11228,0.001351,172.31.40.0-255,66,78885,64,179968
11229,0.001414,74.125.24.0-255,1484,80369,64,179968
11230,0.00142,74.125.24.0-255,2902,83271,64,179968
11231,0.001422,172.31.40.0-255,66,83337,64,179968
11232,0.001446,74.125.24.0-255,5738,89075,64,179968
11233,0.00145,172.31.40.0-255,66,89141,64,179968
11234,0.001453,74.125.24.0-255,1484,90625,64,179968
11235,0.001459,74.125.24.0-255,5738,96363,64,179968
11236,0.001461,172.31.40.0-255,66,96429,64,179968
11237,0.001491,74.125.24.0-255,2902,99331,64,179968
11238,0.001497,74.125.24.0-255,5738,105069,64,179968
11239,0.001502,172.31.40.0-255,66,105135,64,179968
11240,0.001505,172.31.40.0-255,66,105201,64,179968
11241,0.001543,172.31.40.0-255,66,105267,64,179968
11242,0.001576,74.125.24.0-255,1484,106751,64,179968
11243,0.001593,74.125.24.0-255,2902,109653,64,179968
11244,0.001596,172.31.40.0-255,66,109719,64,179968
11245,0.001603,74.125.24.0-255,5738,115457,64,179968
11246,0.001605,172.31.40.0-255,66,115523,64,179968
11247,0.001628,74.125.24.0-255,7156,122679,64,179968
11248,0.001649,172.31.40.0-255,66,122745,64,179968
11249,0.001678,74.125.24.0-255,5738,128483,64,179968
11250,0.001681,172.31.40.0-255,66,128549,64,179968
11251,0.001691,172.31.40.0-255,66,128615,64,179968
11252,0.001701,74.125.24.0-255,2184,130799,64,179968
11253,0.001704,172.31.40.0-255,66,130865,64,179968
11254,0.00174,74.125.24.0-255,1484,132349,64,179968
11255,0.001756,74.125.24.0-255,2902,135251,64,179968
11256,0.001759,172.31.40.0-255,66,135317,64,179968
11257,0.001765,74.125.24.0-255,4320,139637,64,179968
11258,0.001767,172.31.40.0-255,66,139703,64,179968
11259,0.001783,74.125.24.0-255,1484,141187,64,179968
11260,0.001788,74.125.24.0-255,2902,144089,64,179968
11261,0.001794,172.31.40.0-255,66,144155,64,179968
11262,0.001819,74.125.24.0-255,5738,149893,64,179968
11263,0.001822,172.31.40.0-255,66,149959,64,179968
11264,0.001834,172.31.40.0-255,66,150025,64,179968
11265,0.00187,74.125.24.0-255,5020,155045,64,179968
11266,0.001877,172.31.40.0-255,66,155111,64,179968
11267,0.00214,74.125.24.0-255,1484,156595,64,179968
11268,0.002147,74.125.24.0-255,2902,159497,64,179968
11269,0.002151,172.31.40.0-255,66,159563,64,179968
11270,0.002158,74.125.24.0-255,5738,165301,64,179968
11271,0.002161,172.31.40.0-255,66,165367,64,179968
11272,0.002243,172.31.40.0-255,66,165433,64,179968
11273,0.00225,74.125.24.0-255,7156,172589,64,179968
11274,0.002253,172.31.40.0-255,66,172655,64,179968
11275,0.002268,172.31.40.0-255,66,172721,64,179968
11276,0.002312,172.31.40.0-255,66,172787,64,179968
11277,0.002337,172.31.40.0-255,66,172853,64,179968
11278,0.002349,172.31.40.0-255,66,172919,64,179968
11279,0.002389,172.31.40.0-255,66,172985,64,179968
11280,0.002421,172.31.40.0-255,66,173051,64,179968
11281,0.002439,172.31.40.0-255,66,173117,64,179968
11282,0.002471,172.31.40.0-255,66,173183,64,179968
11283,0.002488,172.31.40.0-255,66,173249,64,179968
11284,0.002529,172.31.40.0-255,66,173315,64,179968
11285,0.002531,74.125.24.0-255,1484,174799,64,179968
11286,0.002535,74.125.24.0-255,467,175266,64,179968
11287,0.002538,172.31.40.0-255,66,175332,64,179968
11288,0.002547,74.125.24.0-255,105,175437,64,179968
11289,0.012941,172.31.40.0-255,66,175503,64,179968
11290,0.012992,172.31.40.0-255,105,175608,64,179968
11291,0.015496,74.125.24.0-255,66,175674,64,179968
11292,0.045879,172.31.40.0-255,172,175846,64,179968
11293,0.045912,172.31.40.0-255,1112,176958,64,179968
11294,0.045972,172.31.40.0-255,1514,178472,64,179968
11295,0.045974,172.31.40.0-255,1298,179770,64,179968
11296,0.047419,104.244.42.0-255,66,179836,64,179968
11297,0.047448,104.244.42.0-255,66,179902,64,179968
11298,0.047501,104.244.42.0-255,66,179968,64,179968
11299,0.0,172.217.194.0-255,161,161,64,221669
11300,2.1e-05,172.31.40.0-255,66,227,64,221669
11301,2.9e-05,172.217.194.0-255,1484,1711,64,221669
11302,3.3e-05,172.31.40.0-255,66,1777,64,221669
11303,3.9e-05,172.217.194.0-255,2902,4679,64,221669
11304,4.1e-05,172.31.40.0-255,66,4745,64,221669
11305,4.9e-05,172.217.194.0-255,7156,11901,64,221669
11306,5.2e-05,172.31.40.0-255,66,11967,64,221669
11307,5.6e-05,172.217.194.0-255,1984,13951,64,221669
11308,5.9e-05,172.31.40.0-255,66,14017,64,221669
11309,0.000192,172.217.194.0-255,1484,15501,64,221669
11310,0.000197,172.31.40.0-255,66,15567,64,221669
11311,0.000203,172.217.194.0-255,2902,18469,64,221669
11312,0.000206,172.31.40.0-255,66,18535,64,221669
11313,0.000213,172.217.194.0-255,5738,24273,64,221669
11314,0.000216,172.31.40.0-255,66,24339,64,221669
11315,0.000232,172.217.194.0-255,1484,25823,64,221669
11316,0.000234,172.31.40.0-255,66,25889,64,221669
11317,0.000252,172.217.194.0-255,5379,31268,64,221669
11318,0.000254,172.31.40.0-255,66,31334,64,221669
11319,0.000291,172.217.194.0-255,1484,32818,64,221669
11320,0.000293,172.31.40.0-255,66,32884,64,221669
11321,0.000308,172.217.194.0-255,2902,35786,64,221669
11322,0.00031,172.31.40.0-255,66,35852,64,221669
11323,0.000317,172.217.194.0-255,5738,41590,64,221669
11324,0.000319,172.31.40.0-255,66,41656,64,221669
11325,0.000344,172.217.194.0-255,4320,45976,64,221669
11326,0.000346,172.31.40.0-255,66,46042,64,221669
11327,0.000366,172.217.194.0-255,2543,48585,64,221669
11328,0.000369,172.31.40.0-255,66,48651,64,221669
11329,0.000384,172.217.194.0-255,1484,50135,64,221669
11330,0.000386,172.31.40.0-255,66,50201,64,221669
11331,0.000392,172.217.194.0-255,2902,53103,64,221669
11332,0.000395,172.31.40.0-255,66,53169,64,221669
11333,0.000398,172.217.194.0-255,1484,54653,64,221669
11334,0.000414,172.217.194.0-255,4320,58973,64,221669
11335,0.000417,172.31.40.0-255,66,59039,64,221669
11336,0.000453,172.31.40.0-255,66,59105,64,221669
11337,0.000635,172.217.194.0-255,1484,60589,64,221669
11338,0.000642,172.217.194.0-255,2902,63491,64,221669
11339,0.000645,172.31.40.0-255,66,63557,64,221669
11340,0.000648,172.217.194.0-255,1484,65041,64,221669
11341,0.000668,172.217.194.0-255,4320,69361,64,221669
11342,0.000671,172.31.40.0-255,66,69427,64,221669
11343,0.000677,172.217.194.0-255,5738,75165,64,221669
11344,0.00068,172.31.40.0-255,66,75231,64,221669
11345,0.000695,172.217.194.0-255,7156,82387,64,221669
11346,0.000698,172.31.40.0-255,66,82453,64,221669
11347,0.000736,172.217.194.0-255,7156,89609,64,221669
11348,0.000739,172.31.40.0-255,66,89675,64,221669
11349,0.000762,172.217.194.0-255,3602,93277,64,221669
11350,0.000765,172.31.40.0-255,66,93343,64,221669
11351,0.000932,172.217.194.0-255,1484,94827,64,221669
11352,0.000939,172.217.194.0-255,2902,97729,64,221669
11353,0.000942,172.31.40.0-255,66,97795,64,221669
11354,0.000966,172.217.194.0-255,5738,103533,64,221669
11355,0.000968,172.31.40.0-255,66,103599,64,221669
11356,0.00098,172.31.40.0-255,66,103665,64,221669
11357,0.000997,172.217.194.0-255,2902,106567,64,221669
11358,0.000999,172.31.40.0-255,66,106633,64,221669
11359,0.001012,172.31.40.0-255,66,106699,64,221669
11360,0.001031,172.217.194.0-255,1484,108183,64,221669
11361,0.001055,172.31.40.0-255,66,108249,64,221669
11362,0.001068,172.31.40.0-255,66,108315,64,221669
11363,0.001107,172.217.194.0-255,5738,114053,64,221669
11364,0.00111,172.31.40.0-255,66,114119,64,221669
11365,0.001132,172.217.194.0-255,5020,119139,64,221669
11366,0.001135,172.31.40.0-255,66,119205,64,221669
11367,0.00117,172.217.194.0-255,1484,120689,64,221669
11368,0.001174,172.217.194.0-255,1484,122173,64,221669
11369,0.001177,172.31.40.0-255,66,122239,64,221669
11370,0.001188,172.217.194.0-255,1484,123723,64,221669
11371,0.001195,172.217.194.0-255,5738,129461,64,221669
11372,0.0012,172.31.40.0-255,66,129527,64,221669
11373,0.001224,172.217.194.0-255,7156,136683,64,221669
11374,0.001227,172.31.40.0-255,66,136749,64,221669
11375,0.001231,172.217.194.0-255,2902,139651,64,221669
11376,0.001233,172.31.40.0-255,66,139717,64,221669
11377,0.001274,172.31.40.0-255,66,139783,64,221669
11378,0.001278,172.217.194.0-255,2184,141967,64,221669
11379,0.00128,172.31.40.0-255,66,142033,64,221669
11380,0.001356,172.217.194.0-255,1484,143517,64,221669
11381,0.001361,172.217.194.0-255,2902,146419,64,221669
11382,0.001364,172.31.40.0-255,66,146485,64,221669
11383,0.001368,172.217.194.0-255,2902,149387,64,221669
11384,0.001371,172.31.40.0-255,66,149453,64,221669
11385,0.001387,172.217.194.0-255,2902,152355,64,221669
11386,0.001389,172.31.40.0-255,66,152421,64,221669
11387,0.001396,172.217.194.0-255,7156,159577,64,221669
11388,0.001398,172.31.40.0-255,66,159643,64,221669
11389,0.001419,172.217.194.0-255,5738,165381,64,221669
11390,0.001421,172.31.40.0-255,66,165447,64,221669
11391,0.001433,172.31.40.0-255,66,165513,64,221669
11392,0.00145,172.217.194.0-255,1484,166997,64,221669
11393,0.001485,172.31.40.0-255,66,167063,64,221669
11394,0.001506,172.217.194.0-255,7156,174219,64,221669
11395,0.001525,172.31.40.0-255,66,174285,64,221669
11396,0.001602,172.217.194.0-255,1484,175769,64,221669
11397,0.001606,172.217.194.0-255,1484,177253,64,221669
11398,0.001617,172.31.40.0-255,66,177319,64,221669
11399,0.001629,172.217.194.0-255,1484,178803,64,221669
11400,0.001635,172.217.194.0-255,5738,184541,64,221669
11401,0.001669,172.217.194.0-255,1484,186025,64,221669
11402,0.001716,172.31.40.0-255,66,186091,64,221669
11403,0.001722,172.31.40.0-255,66,186157,64,221669
11404,0.001735,172.217.194.0-255,1484,187641,64,221669
11405,0.001739,172.217.194.0-255,2902,190543,64,221669
11406,0.001744,172.217.194.0-255,4320,194863,64,221669
11407,0.001753,172.31.40.0-255,66,194929,64,221669
11408,0.001761,172.217.194.0-255,1484,196413,64,221669
11409,0.001785,172.217.194.0-255,2902,199315,64,221669
11410,0.001801,172.217.194.0-255,7156,206471,64,221669
11411,0.001828,172.31.40.0-255,66,206537,64,221669
11412,0.001838,172.217.194.0-255,4320,210857,64,221669
11413,0.001845,172.31.40.0-255,66,210923,64,221669
11414,0.001875,172.31.40.0-255,66,210989,64,221669
11415,0.001909,172.217.194.0-255,5738,216727,64,221669
11416,0.001923,172.31.40.0-255,66,216793,64,221669
11417,0.001973,172.31.40.0-255,66,216859,64,221669
11418,0.003928,172.217.194.0-255,105,216964,64,221669
11419,0.010835,172.31.40.0-255,66,217030,64,221669
11420,0.010875,172.31.40.0-255,105,217135,64,221669
11421,0.012811,172.217.194.0-255,66,217201,64,221669
11422,0.030256,172.31.40.0-255,172,217373,64,221669
11423,0.030284,172.31.40.0-255,1112,218485,64,221669
11424,0.030334,172.31.40.0-255,1514,219999,64,221669
11425,0.030335,172.31.40.0-255,1298,221297,64,221669
11426,0.031804,104.244.42.0-255,66,221363,64,221669
11427,0.031969,104.244.42.0-255,66,221429,64,221669
11428,0.031986,104.244.42.0-255,66,221495,64,221669
11429,0.03253,104.244.42.0-255,108,221603,64,221669
11430,0.03254,172.31.40.0-255,66,221669,64,221669
11431,0.0,172.217.194.0-255,146,146,64,187570
11432,2.2e-05,172.31.40.0-255,66,212,64,187570
11433,2.9e-05,172.217.194.0-255,1484,1696,64,187570
11434,3.4e-05,172.31.40.0-255,66,1762,64,187570
11435,4e-05,172.217.194.0-255,2902,4664,64,187570
11436,4.5e-05,172.31.40.0-255,66,4730,64,187570
11437,5.2e-05,172.217.194.0-255,5738,10468,64,187570
11438,5.5e-05,172.31.40.0-255,66,10534,64,187570
11439,6.1e-05,172.217.194.0-255,4320,14854,64,187570
11440,6.4e-05,172.31.40.0-255,66,14920,64,187570
11441,0.000103,172.31.40.0-255,66,14986,64,187570
11442,0.00011,172.217.194.0-255,6797,21783,64,187570
11443,0.000113,172.31.40.0-255,66,21849,64,187570
11444,0.000186,172.217.194.0-255,1484,23333,64,187570
11445,0.000189,172.31.40.0-255,66,23399,64,187570
11446,0.000194,172.217.194.0-255,2902,26301,64,187570
11447,0.000196,172.31.40.0-255,66,26367,64,187570
11448,0.000213,172.217.194.0-255,5738,32105,64,187570
11449,0.000216,172.31.40.0-255,66,32171,64,187570
11450,0.000219,172.217.194.0-255,1484,33655,64,187570
11451,0.000221,172.31.40.0-255,66,33721,64,187570
11452,0.000274,172.217.194.0-255,2902,36623,64,187570
11453,0.000277,172.31.40.0-255,66,36689,64,187570
11454,0.000298,172.217.194.0-255,2543,39232,64,187570
11455,0.000301,172.31.40.0-255,66,39298,64,187570
11456,0.000319,172.217.194.0-255,1484,40782,64,187570
11457,0.000321,172.31.40.0-255,66,40848,64,187570
11458,0.000324,172.217.194.0-255,1484,42332,64,187570
11459,0.000326,172.31.40.0-255,66,42398,64,187570
11460,0.000337,172.217.194.0-255,1484,43882,64,187570
11461,0.00034,172.31.40.0-255,66,43948,64,187570
11462,0.000343,172.217.194.0-255,1484,45432,64,187570
11463,0.000345,172.31.40.0-255,66,45498,64,187570
11464,0.000376,172.217.194.0-255,4320,49818,64,187570
11465,0.000379,172.31.40.0-255,66,49884,64,187570
11466,0.000386,172.217.194.0-255,7101,56985,64,187570
11467,0.000388,172.31.40.0-255,66,57051,64,187570
11468,0.000403,172.217.194.0-255,373,57424,64,187570
11469,0.000405,172.31.40.0-255,66,57490,64,187570
11470,0.000528,172.217.194.0-255,1484,58974,64,187570
11471,0.000533,172.217.194.0-255,2902,61876,64,187570
11472,0.000538,172.31.40.0-255,66,61942,64,187570
11473,0.000553,172.217.194.0-255,5738,67680,64,187570
11474,0.00059,172.217.194.0-255,2902,70582,64,187570
11475,0.0006,172.31.40.0-255,66,70648,64,187570
11476,0.000607,172.217.194.0-255,5738,76386,64,187570
11477,0.000616,172.31.40.0-255,66,76452,64,187570
11478,0.000634,172.217.194.0-255,2184,78636,64,187570
11479,0.000652,172.31.40.0-255,66,78702,64,187570
11480,0.000979,172.217.194.0-255,1484,80186,64,187570
11481,0.000986,172.217.194.0-255,2902,83088,64,187570
11482,0.000989,172.217.194.0-255,1484,84572,64,187570
11483,0.000994,172.31.40.0-255,66,84638,64,187570
11484,0.001013,172.217.194.0-255,4320,88958,64,187570
11485,0.001038,172.217.194.0-255,4320,93278,64,187570
11486,0.001043,172.217.194.0-255,4320,97598,64,187570
11487,0.001048,172.31.40.0-255,66,97664,64,187570
11488,0.001063,172.217.194.0-255,5738,103402,64,187570
11489,0.001066,172.217.194.0-255,766,104168,64,187570
11490,0.001118,172.31.40.0-255,66,104234,64,187570
11491,0.001263,172.217.194.0-255,1484,105718,64,187570
11492,0.001269,172.217.194.0-255,2902,108620,64,187570
11493,0.001273,172.31.40.0-255,66,108686,64,187570
11494,0.001278,172.217.194.0-255,2902,111588,64,187570
11495,0.001296,172.217.194.0-255,2902,114490,64,187570
11496,0.001302,172.217.194.0-255,5738,120228,64,187570
11497,0.001305,172.217.194.0-255,1484,121712,64,187570
11498,0.001315,172.31.40.0-255,66,121778,64,187570
11499,0.001342,172.217.194.0-255,5020,126798,64,187570
11500,0.00136,172.217.194.0-255,1484,128282,64,187570
11501,0.001368,172.31.40.0-255,66,128348,64,187570
11502,0.001374,172.217.194.0-255,4320,132668,64,187570
11503,0.001379,172.31.40.0-255,66,132734,64,187570
11504,0.001389,172.217.194.0-255,4320,137054,64,187570
11505,0.001436,172.31.40.0-255,66,137120,64,187570
11506,0.001465,172.217.194.0-255,1484,138604,64,187570
11507,0.001491,172.217.194.0-255,5020,143624,64,187570
11508,0.001496,172.217.194.0-255,2902,146526,64,187570
11509,0.001517,172.217.194.0-255,4320,150846,64,187570
11510,0.001522,172.31.40.0-255,66,150912,64,187570
11511,0.001543,172.217.194.0-255,5738,156650,64,187570
11512,0.001575,172.31.40.0-255,66,156716,64,187570
11513,0.001588,172.217.194.0-255,1484,158200,64,187570
11514,0.001617,172.31.40.0-255,66,158266,64,187570
11515,0.00163,172.217.194.0-255,2184,160450,64,187570
11516,0.001645,172.217.194.0-255,2902,163352,64,187570
11517,0.001652,172.217.194.0-255,7156,170508,64,187570
11518,0.001679,172.31.40.0-255,66,170574,64,187570
11519,0.001691,172.217.194.0-255,2902,173476,64,187570
11520,0.001778,172.217.194.0-255,3602,177078,64,187570
11521,0.001832,172.31.40.0-255,66,177144,64,187570
11522,0.001843,172.31.40.0-255,66,177210,64,187570
11523,0.001878,172.217.194.0-255,2902,180112,64,187570
11524,0.001894,172.31.40.0-255,66,180178,64,187570
11525,0.001953,172.31.40.0-255,66,180244,64,187570
11526,0.001982,172.217.194.0-255,1484,181728,64,187570
11527,0.002014,172.217.194.0-255,97,181825,64,187570
11528,0.002017,172.31.40.0-255,66,181891,64,187570
11529,0.002022,172.31.40.0-255,66,181957,64,187570
11530,0.002028,172.217.194.0-255,105,182062,64,187570
11531,0.004225,172.31.40.0-255,66,182128,64,187570
11532,0.004257,172.31.40.0-255,105,182233,64,187570
11533,0.006299,172.217.194.0-255,66,182299,64,187570
11534,0.035742,172.31.40.0-255,172,182471,64,187570
11535,0.035775,172.31.40.0-255,1111,183582,64,187570
11536,0.035844,172.31.40.0-255,1514,185096,64,187570
11537,0.035846,172.31.40.0-255,1514,186610,64,187570
11538,0.035871,172.31.40.0-255,696,187306,64,187570
11539,0.037263,104.244.42.0-255,66,187372,64,187570
11540,0.037294,104.244.42.0-255,66,187438,64,187570
11541,0.037392,104.244.42.0-255,66,187504,64,187570
11542,0.037406,104.244.42.0-255,66,187570,64,187570
11543,0.0,74.125.24.0-255,296,296,64,358366
11544,2.3e-05,172.31.40.0-255,66,362,64,358366
11545,3e-05,74.125.24.0-255,1484,1846,64,358366
11546,3.4e-05,172.31.40.0-255,66,1912,64,358366
11547,4.1e-05,74.125.24.0-255,4320,6232,64,358366
11548,4.5e-05,172.31.40.0-255,66,6298,64,358366
11549,5.8e-05,74.125.24.0-255,4320,10618,64,358366
11550,6.2e-05,172.31.40.0-255,66,10684,64,358366
11551,6.9e-05,74.125.24.0-255,4673,15357,64,358366
11552,7.2e-05,172.31.40.0-255,66,15423,64,358366
11553,7.5e-05,74.125.24.0-255,1484,16907,64,358366
11554,7.7e-05,172.31.40.0-255,66,16973,64,358366
11555,0.00012,172.31.40.0-255,66,17039,64,358366
11556,0.000125,74.125.24.0-255,3961,21000,64,358366
11557,0.000128,172.31.40.0-255,66,21066,64,358366
11558,0.000189,74.125.24.0-255,1484,22550,64,358366
11559,0.000191,172.31.40.0-255,66,22616,64,358366
11560,0.000211,74.125.24.0-255,2902,25518,64,358366
11561,0.000214,172.31.40.0-255,66,25584,64,358366
11562,0.000219,74.125.24.0-255,4320,29904,64,358366
11563,0.000222,172.31.40.0-255,66,29970,64,358366
11564,0.000251,74.125.24.0-255,1484,31454,64,358366
11565,0.000253,172.31.40.0-255,66,31520,64,358366
11566,0.00026,74.125.24.0-255,6797,38317,64,358366
11567,0.000262,172.31.40.0-255,66,38383,64,358366
11568,0.000771,74.125.24.0-255,1484,39867,64,358366
11569,0.000776,172.31.40.0-255,66,39933,64,358366
11570,0.000782,74.125.24.0-255,2902,42835,64,358366
11571,0.000783,172.31.40.0-255,66,42901,64,358366
11572,0.000786,74.125.24.0-255,1484,44385,64,358366
11573,0.000788,172.31.40.0-255,66,44451,64,358366
11574,0.000812,74.125.24.0-255,4320,48771,64,358366
11575,0.000814,172.31.40.0-255,66,48837,64,358366
11576,0.00082,74.125.24.0-255,5738,54575,64,358366
11577,0.000822,172.31.40.0-255,66,54641,64,358366
11578,0.000858,74.125.24.0-255,1705,56346,64,358366
11579,0.000861,172.31.40.0-255,66,56412,64,358366
11580,0.001451,74.125.24.0-255,1484,57896,64,358366
11581,0.001463,74.125.24.0-255,2902,60798,64,358366
11582,0.001467,172.31.40.0-255,66,60864,64,358366
11583,0.001473,74.125.24.0-255,1484,62348,64,358366
11584,0.001521,74.125.24.0-255,4320,66668,64,358366
11585,0.001524,172.31.40.0-255,66,66734,64,358366
11586,0.001532,74.125.24.0-255,6797,73531,64,358366
11587,0.001534,172.31.40.0-255,66,73597,64,358366
11588,0.001665,74.125.24.0-255,1484,75081,64,358366
11589,0.001688,74.125.24.0-255,2902,77983,64,358366
11590,0.001692,172.31.40.0-255,66,78049,64,358366
11591,0.001699,74.125.24.0-255,5738,83787,64,358366
11592,0.001701,172.31.40.0-255,66,83853,64,358366
11593,0.001704,74.125.24.0-255,1484,85337,64,358366
11594,0.00175,172.31.40.0-255,66,85403,64,358366
11595,0.001764,172.31.40.0-255,66,85469,64,358366
11596,0.001871,74.125.24.0-255,1484,86953,64,358366
11597,0.001888,74.125.24.0-255,1484,88437,64,358366
11598,0.001893,172.31.40.0-255,66,88503,64,358366
11599,0.001923,74.125.24.0-255,1484,89987,64,358366
11600,0.00193,74.125.24.0-255,5738,95725,64,358366
11601,0.001933,172.31.40.0-255,66,95791,64,358366
11602,0.001946,172.31.40.0-255,66,95857,64,358366
11603,0.001971,74.125.24.0-255,4320,100177,64,358366
11604,0.001974,172.31.40.0-255,66,100243,64,358366
11605,0.002011,172.31.40.0-255,66,100309,64,358366
11606,0.002041,74.125.24.0-255,1484,101793,64,358366
11607,0.002046,74.125.24.0-255,2902,104695,64,358366
11608,0.002049,172.31.40.0-255,66,104761,64,358366
11609,0.002068,74.125.24.0-255,2902,107663,64,358366
11610,0.002071,172.31.40.0-255,66,107729,64,358366
11611,0.0021,74.125.24.0-255,2902,110631,64,358366
11612,0.002103,172.31.40.0-255,66,110697,64,358366
11613,0.00211,74.125.24.0-255,5738,116435,64,358366
11614,0.002113,172.31.40.0-255,66,116501,64,358366
11615,0.002127,172.31.40.0-255,66,116567,64,358366
11616,0.002133,74.125.24.0-255,5020,121587,64,358366
11617,0.002136,172.31.40.0-255,66,121653,64,358366
11618,0.004441,74.125.24.0-255,5738,127391,64,358366
11619,0.004453,172.31.40.0-255,66,127457,64,358366
11620,0.006716,74.125.24.0-255,5738,133195,64,358366
11621,0.006723,172.31.40.0-255,66,133261,64,358366
11622,0.008976,74.125.24.0-255,4320,137581,64,358366
11623,0.00898,172.31.40.0-255,66,137647,64,358366
11624,0.008997,74.125.24.0-255,1484,139131,64,358366
11625,0.011263,74.125.24.0-255,4320,143451,64,358366
11626,0.011275,172.31.40.0-255,66,143517,64,358366
11627,0.013545,74.125.24.0-255,5738,149255,64,358366
11628,0.013556,172.31.40.0-255,66,149321,64,358366
11629,0.015852,74.125.24.0-255,5738,155059,64,358366
11630,0.01586,172.31.40.0-255,66,155125,64,358366
11631,0.01816,74.125.24.0-255,5738,160863,64,358366
11632,0.018177,172.31.40.0-255,66,160929,64,358366
11633,0.020442,74.125.24.0-255,5738,166667,64,358366
11634,0.02045,172.31.40.0-255,66,166733,64,358366
11635,0.02273,74.125.24.0-255,5738,172471,64,358366
11636,0.022738,172.31.40.0-255,66,172537,64,358366
11637,0.025026,74.125.24.0-255,5738,178275,64,358366
11638,0.025034,172.31.40.0-255,66,178341,64,358366
11639,0.027322,74.125.24.0-255,5738,184079,64,358366
11640,0.027332,172.31.40.0-255,66,184145,64,358366
11641,0.029637,74.125.24.0-255,5738,189883,64,358366
11642,0.029644,172.31.40.0-255,66,189949,64,358366
11643,0.031946,74.125.24.0-255,5738,195687,64,358366
11644,0.031954,172.31.40.0-255,66,195753,64,358366
11645,0.034243,74.125.24.0-255,5738,201491,64,358366
11646,0.034251,172.31.40.0-255,66,201557,64,358366
11647,0.03662,74.125.24.0-255,4320,205877,64,358366
11648,0.036627,172.31.40.0-255,66,205943,64,358366
11649,0.036654,74.125.24.0-255,1484,207427,64,358366
11650,0.038779,172.31.40.0-255,171,207598,64,358366
11651,0.038805,172.31.40.0-255,1135,208733,64,358366
11652,0.038853,172.31.40.0-255,1514,210247,64,358366
11653,0.038855,172.31.40.0-255,1274,211521,64,358366
11654,0.038925,74.125.24.0-255,4320,215841,64,358366
11655,0.03893,172.31.40.0-255,66,215907,64,358366
11656,0.04038,104.244.42.0-255,66,215973,64,358366
11657,0.040417,104.244.42.0-255,66,216039,64,358366
11658,0.040453,104.244.42.0-255,66,216105,64,358366
11659,0.041249,74.125.24.0-255,5738,221843,64,358366
11660,0.041255,172.31.40.0-255,66,221909,64,358366
11661,0.043613,74.125.24.0-255,5738,227647,64,358366
11662,0.043622,172.31.40.0-255,66,227713,64,358366
11663,0.045915,74.125.24.0-255,5738,233451,64,358366
11664,0.045923,172.31.40.0-255,66,233517,64,358366
11665,0.048197,74.125.24.0-255,5738,239255,64,358366
11666,0.048204,172.31.40.0-255,66,239321,64,358366
11667,0.050539,74.125.24.0-255,5738,245059,64,358366
11668,0.050545,172.31.40.0-255,66,245125,64,358366
11669,0.052838,74.125.24.0-255,5738,250863,64,358366
11670,0.052845,172.31.40.0-255,66,250929,64,358366
11671,0.055162,74.125.24.0-255,5738,256667,64,358366
11672,0.055169,172.31.40.0-255,66,256733,64,358366
11673,0.057472,74.125.24.0-255,5738,262471,64,358366
11674,0.05748,172.31.40.0-255,66,262537,64,358366
11675,0.059812,74.125.24.0-255,5738,268275,64,358366
11676,0.059819,172.31.40.0-255,66,268341,64,358366
11677,0.062133,74.125.24.0-255,5738,274079,64,358366
11678,0.062141,172.31.40.0-255,66,274145,64,358366
11679,0.064438,74.125.24.0-255,5738,279883,64,358366
11680,0.064446,172.31.40.0-255,66,279949,64,358366
11681,0.066743,74.125.24.0-255,5738,285687,64,358366
11682,0.06675,172.31.40.0-255,66,285753,64,358366
11683,0.069027,74.125.24.0-255,5738,291491,64,358366
11684,0.069034,172.31.40.0-255,66,291557,64,358366
11685,0.07135,74.125.24.0-255,5738,297295,64,358366
11686,0.071358,172.31.40.0-255,66,297361,64,358366
11687,0.073634,74.125.24.0-255,5738,303099,64,358366
11688,0.073642,172.31.40.0-255,66,303165,64,358366
11689,0.075929,74.125.24.0-255,5738,308903,64,358366
11690,0.07594,172.31.40.0-255,66,308969,64,358366
11691,0.07822,74.125.24.0-255,5738,314707,64,358366
11692,0.078227,172.31.40.0-255,66,314773,64,358366
11693,0.080505,74.125.24.0-255,5738,320511,64,358366
11694,0.080512,172.31.40.0-255,66,320577,64,358366
11695,0.082901,74.125.24.0-255,2902,323479,64,358366
11696,0.082908,172.31.40.0-255,66,323545,64,358366
11697,0.082937,74.125.24.0-255,2902,326447,64,358366
11698,0.082941,172.31.40.0-255,66,326513,64,358366
11699,0.085228,74.125.24.0-255,2902,329415,64,358366
11700,0.085236,172.31.40.0-255,66,329481,64,358366
11701,0.085266,74.125.24.0-255,2902,332383,64,358366
11702,0.085269,172.31.40.0-255,66,332449,64,358366
11703,0.087533,74.125.24.0-255,2902,335351,64,358366
11704,0.08754,172.31.40.0-255,66,335417,64,358366
11705,0.087571,74.125.24.0-255,2902,338319,64,358366
11706,0.087575,172.31.40.0-255,66,338385,64,358366
11707,0.089857,74.125.24.0-255,2902,341287,64,358366
11708,0.089865,172.31.40.0-255,66,341353,64,358366
11709,0.089894,74.125.24.0-255,2902,344255,64,358366
11710,0.089897,172.31.40.0-255,66,344321,64,358366
11711,0.092162,74.125.24.0-255,2902,347223,64,358366
11712,0.09217,172.31.40.0-255,66,347289,64,358366
11713,0.092197,74.125.24.0-255,2902,350191,64,358366
11714,0.0922,172.31.40.0-255,66,350257,64,358366
11715,0.094489,74.125.24.0-255,2902,353159,64,358366
11716,0.094496,172.31.40.0-255,66,353225,64,358366
11717,0.094524,74.125.24.0-255,2902,356127,64,358366
11718,0.094526,172.31.40.0-255,66,356193,64,358366
11719,0.096767,74.125.24.0-255,1936,358129,64,358366
11720,0.096772,172.31.40.0-255,66,358195,64,358366
11721,0.096916,172.31.40.0-255,105,358300,64,358366
11722,0.099172,74.125.24.0-255,66,358366,64,358366
11723,0.0,172.217.194.0-255,153,153,64,290295
11724,1.7e-05,172.31.40.0-255,66,219,64,290295
11725,2.4e-05,172.217.194.0-255,1484,1703,64,290295
11726,2.9e-05,172.31.40.0-255,66,1769,64,290295
11727,4.3e-05,172.217.194.0-255,2902,4671,64,290295
11728,4.6e-05,172.31.40.0-255,66,4737,64,290295
11729,5.4e-05,172.217.194.0-255,7156,11893,64,290295
11730,5.8e-05,172.31.40.0-255,66,11959,64,290295
11731,6.2e-05,172.217.194.0-255,2109,14068,64,290295
11732,6.5e-05,172.31.40.0-255,66,14134,64,290295
11733,9.7e-05,172.217.194.0-255,2902,17036,64,290295
11734,0.0001,172.31.40.0-255,66,17102,64,290295
11735,0.000108,172.217.194.0-255,7156,24258,64,290295
11736,0.00011,172.31.40.0-255,66,24324,64,290295
11737,0.000113,172.217.194.0-255,1484,25808,64,290295
11738,0.000115,172.31.40.0-255,66,25874,64,290295
11739,0.000162,172.217.194.0-255,5738,31612,64,290295
11740,0.000165,172.31.40.0-255,66,31678,64,290295
11741,0.000203,172.31.40.0-255,66,31744,64,290295
11742,0.000211,172.217.194.0-255,6797,38541,64,290295
11743,0.000213,172.31.40.0-255,66,38607,64,290295
11744,0.000269,172.31.40.0-255,66,38673,64,290295
11745,0.000271,172.217.194.0-255,376,39049,64,290295
11746,0.000273,172.31.40.0-255,66,39115,64,290295
11747,0.000295,172.217.194.0-255,98,39213,64,290295
11748,0.000297,172.31.40.0-255,66,39279,64,290295
11749,0.000325,172.217.194.0-255,366,39645,64,290295
11750,0.000327,172.31.40.0-255,66,39711,64,290295
11751,0.000471,172.217.194.0-255,1484,41195,64,290295
11752,0.000476,172.31.40.0-255,66,41261,64,290295
11753,0.000486,172.217.194.0-255,2902,44163,64,290295
11754,0.000488,172.31.40.0-255,66,44229,64,290295
11755,0.000501,172.217.194.0-255,5738,49967,64,290295
11756,0.000504,172.31.40.0-255,66,50033,64,290295
11757,0.000538,172.217.194.0-255,6797,56830,64,290295
11758,0.000542,172.31.40.0-255,66,56896,64,290295
11759,0.000549,172.217.194.0-255,7156,64052,64,290295
11760,0.000552,172.31.40.0-255,66,64118,64,290295
11761,0.000589,172.31.40.0-255,66,64184,64,290295
11762,0.001641,172.217.194.0-255,1484,65668,64,290295
11763,0.001653,172.217.194.0-255,2902,68570,64,290295
11764,0.001657,172.31.40.0-255,66,68636,64,290295
11765,0.001666,172.217.194.0-255,5738,74374,64,290295
11766,0.001668,172.31.40.0-255,66,74440,64,290295
11767,0.001712,172.31.40.0-255,66,74506,64,290295
11768,0.001724,172.31.40.0-255,66,74572,64,290295
11769,0.001763,172.217.194.0-255,1484,76056,64,290295
11770,0.001783,172.217.194.0-255,2902,78958,64,290295
11771,0.001786,172.31.40.0-255,66,79024,64,290295
11772,0.001792,172.217.194.0-255,4320,83344,64,290295
11773,0.001794,172.31.40.0-255,66,83410,64,290295
11774,0.001824,172.217.194.0-255,1484,84894,64,290295
11775,0.001838,172.31.40.0-255,66,84960,64,290295
11776,0.001878,172.31.40.0-255,66,85026,64,290295
11777,0.001884,172.217.194.0-255,4320,89346,64,290295
11778,0.001886,172.31.40.0-255,66,89412,64,290295
11779,0.001913,172.217.194.0-255,7156,96568,64,290295
11780,0.001916,172.31.40.0-255,66,96634,64,290295
11781,0.001924,172.217.194.0-255,7156,103790,64,290295
11782,0.001926,172.31.40.0-255,66,103856,64,290295
11783,0.001966,172.217.194.0-255,2902,106758,64,290295
11784,0.001969,172.31.40.0-255,66,106824,64,290295
11785,0.002015,172.31.40.0-255,66,106890,64,290295
11786,0.002031,172.31.40.0-255,66,106956,64,290295
11787,0.002052,172.31.40.0-255,66,107022,64,290295
11788,0.002085,172.217.194.0-255,766,107788,64,290295
11789,0.004153,172.217.194.0-255,4320,112108,64,290295
11790,0.004161,172.31.40.0-255,66,112174,64,290295
11791,0.006294,172.217.194.0-255,4320,116494,64,290295
11792,0.006299,172.31.40.0-255,66,116560,64,290295
11793,0.006317,172.217.194.0-255,1484,118044,64,290295
11794,0.008394,172.217.194.0-255,4320,122364,64,290295
11795,0.008402,172.31.40.0-255,66,122430,64,290295
11796,0.010545,172.217.194.0-255,5738,128168,64,290295
11797,0.010553,172.31.40.0-255,66,128234,64,290295
11798,0.012671,172.217.194.0-255,5738,133972,64,290295
11799,0.012688,172.31.40.0-255,66,134038,64,290295
11800,0.01479,172.217.194.0-255,5738,139776,64,290295
11801,0.014803,172.31.40.0-255,66,139842,64,290295
11802,0.01693,172.217.194.0-255,5738,145580,64,290295
11803,0.016945,172.31.40.0-255,66,145646,64,290295
11804,0.019049,172.217.194.0-255,5738,151384,64,290295
11805,0.019061,172.31.40.0-255,66,151450,64,290295
11806,0.021225,172.217.194.0-255,5738,157188,64,290295
11807,0.021243,172.31.40.0-255,66,157254,64,290295
11808,0.023345,172.217.194.0-255,5738,162992,64,290295
11809,0.023353,172.31.40.0-255,66,163058,64,290295
11810,0.02546,172.217.194.0-255,5738,168796,64,290295
11811,0.025469,172.31.40.0-255,66,168862,64,290295
11812,0.02761,172.217.194.0-255,5738,174600,64,290295
11813,0.027627,172.31.40.0-255,66,174666,64,290295
11814,0.029727,172.217.194.0-255,5738,180404,64,290295
11815,0.029736,172.31.40.0-255,66,180470,64,290295
11816,0.031857,172.217.194.0-255,5738,186208,64,290295
11817,0.031869,172.31.40.0-255,66,186274,64,290295
11818,0.034008,172.217.194.0-255,5738,192012,64,290295
11819,0.034027,172.31.40.0-255,66,192078,64,290295
11820,0.036116,172.217.194.0-255,5738,197816,64,290295
11821,0.036125,172.31.40.0-255,66,197882,64,290295
11822,0.038233,172.217.194.0-255,5738,203620,64,290295
11823,0.038242,172.31.40.0-255,66,203686,64,290295
11824,0.040356,172.217.194.0-255,5738,209424,64,290295
11825,0.040374,172.31.40.0-255,66,209490,64,290295
11826,0.042498,172.217.194.0-255,5738,215228,64,290295
11827,0.042511,172.31.40.0-255,66,215294,64,290295
11828,0.044593,172.217.194.0-255,5738,221032,64,290295
11829,0.044604,172.31.40.0-255,66,221098,64,290295
11830,0.046658,172.31.40.0-255,172,221270,64,290295
11831,0.04669,172.31.40.0-255,1112,222382,64,290295
11832,0.046709,172.217.194.0-255,5738,228120,64,290295
11833,0.046715,172.31.40.0-255,66,228186,64,290295
11834,0.046828,172.31.40.0-255,1514,229700,64,290295
11835,0.04683,172.31.40.0-255,1296,230996,64,290295
11836,0.048229,104.244.42.0-255,66,231062,64,290295
11837,0.048243,104.244.42.0-255,66,231128,64,290295
11838,0.048379,104.244.42.0-255,66,231194,64,290295
11839,0.048816,172.217.194.0-255,5738,236932,64,290295
11840,0.048828,172.31.40.0-255,66,236998,64,290295
11841,0.048968,104.244.42.0-255,108,237106,64,290295
11842,0.048972,172.31.40.0-255,66,237172,64,290295
11843,0.050937,172.217.194.0-255,5738,242910,64,290295
11844,0.050944,172.31.40.0-255,66,242976,64,290295
11845,0.05303,172.217.194.0-255,5738,248714,64,290295
11846,0.053047,172.31.40.0-255,66,248780,64,290295
11847,0.055194,172.217.194.0-255,5738,254518,64,290295
11848,0.055212,172.31.40.0-255,66,254584,64,290295
11849,0.057332,172.217.194.0-255,5738,260322,64,290295
11850,0.057352,172.31.40.0-255,66,260388,64,290295
11851,0.059509,172.217.194.0-255,5738,266126,64,290295
11852,0.059525,172.31.40.0-255,66,266192,64,290295
11853,0.061671,172.217.194.0-255,5738,271930,64,290295
11854,0.061688,172.31.40.0-255,66,271996,64,290295
11855,0.063812,172.217.194.0-255,5738,277734,64,290295
11856,0.063829,172.31.40.0-255,66,277800,64,290295
11857,0.065943,172.217.194.0-255,5738,283538,64,290295
11858,0.065956,172.31.40.0-255,66,283604,64,290295
11859,0.068064,172.217.194.0-255,5738,289342,64,290295
11860,0.06808,172.31.40.0-255,66,289408,64,290295
11861,0.070246,172.217.194.0-255,650,290058,64,290295
11862,0.07047,172.31.40.0-255,66,290124,64,290295
11863,0.070514,172.31.40.0-255,105,290229,64,290295
11864,0.072594,172.217.194.0-255,66,290295,64,290295
11865,0.0,74.125.130.0-255,154,154,64,358302
11866,1.7e-05,172.31.40.0-255,66,220,64,358302
11867,2.3e-05,74.125.130.0-255,1484,1704,64,358302
11868,2.8e-05,172.31.40.0-255,66,1770,64,358302
11869,4.6e-05,74.125.130.0-255,2902,4672,64,358302
11870,4.9e-05,172.31.40.0-255,66,4738,64,358302
11871,8.2e-05,74.125.130.0-255,7156,11894,64,358302
11872,8.6e-05,172.31.40.0-255,66,11960,64,358302
11873,9e-05,74.125.130.0-255,2039,13999,64,358302
11874,9.3e-05,172.31.40.0-255,66,14065,64,358302
11875,0.000148,74.125.130.0-255,1484,15549,64,358302
11876,0.000151,172.31.40.0-255,66,15615,64,358302
11877,0.000163,74.125.130.0-255,2902,18517,64,358302
11878,0.000166,172.31.40.0-255,66,18583,64,358302
11879,0.000186,74.125.130.0-255,1484,20067,64,358302
11880,0.000188,172.31.40.0-255,66,20133,64,358302
11881,0.000193,74.125.130.0-255,2902,23035,64,358302
11882,0.000195,172.31.40.0-255,66,23101,64,358302
11883,0.000225,74.125.130.0-255,1484,24585,64,358302
11884,0.000228,172.31.40.0-255,66,24651,64,358302
11885,0.000253,74.125.130.0-255,4320,28971,64,358302
11886,0.000256,172.31.40.0-255,66,29037,64,358302
11887,0.000261,74.125.130.0-255,2543,31580,64,358302
11888,0.000263,172.31.40.0-255,66,31646,64,358302
11889,0.000423,74.125.130.0-255,1484,33130,64,358302
11890,0.000428,172.31.40.0-255,66,33196,64,358302
11891,0.000432,74.125.130.0-255,1484,34680,64,358302
11892,0.000434,172.31.40.0-255,66,34746,64,358302
11893,0.000439,74.125.130.0-255,2902,37648,64,358302
11894,0.000444,172.31.40.0-255,66,37714,64,358302
11895,0.000468,74.125.130.0-255,5738,43452,64,358302
11896,0.00047,172.31.40.0-255,66,43518,64,358302
11897,0.000496,74.125.130.0-255,5379,48897,64,358302
11898,0.000541,172.31.40.0-255,66,48963,64,358302
11899,0.000549,74.125.130.0-255,4320,53283,64,358302
11900,0.000562,74.125.130.0-255,1484,54767,64,358302
11901,0.000569,172.31.40.0-255,66,54833,64,358302
11902,0.000583,74.125.130.0-255,1411,56244,64,358302
11903,0.000588,172.31.40.0-255,66,56310,64,358302
11904,0.000714,74.125.130.0-255,99,56409,64,358302
11905,0.000923,74.125.130.0-255,1484,57893,64,358302
11906,0.000927,172.31.40.0-255,66,57959,64,358302
11907,0.000933,74.125.130.0-255,2902,60861,64,358302
11908,0.000937,74.125.130.0-255,2902,63763,64,358302
11909,0.000943,172.31.40.0-255,66,63829,64,358302
11910,0.000967,74.125.130.0-255,4320,68149,64,358302
11911,0.00097,172.31.40.0-255,66,68215,64,358302
11912,0.000987,74.125.130.0-255,4320,72535,64,358302
11913,0.001003,172.31.40.0-255,66,72601,64,358302
11914,0.001006,74.125.130.0-255,5379,77980,64,358302
11915,0.001018,172.31.40.0-255,66,78046,64,358302
11916,0.001048,74.125.130.0-255,2902,80948,64,358302
11917,0.001052,172.31.40.0-255,66,81014,64,358302
11918,0.001068,74.125.130.0-255,1484,82498,64,358302
11919,0.001097,172.31.40.0-255,66,82564,64,358302
11920,0.001432,74.125.130.0-255,1484,84048,64,358302
11921,0.001442,74.125.130.0-255,2902,86950,64,358302
11922,0.001445,172.31.40.0-255,66,87016,64,358302
11923,0.00145,74.125.130.0-255,1484,88500,64,358302
11924,0.001466,74.125.130.0-255,2902,91402,64,358302
11925,0.001468,172.31.40.0-255,66,91468,64,358302
11926,0.001474,74.125.130.0-255,4320,95788,64,358302
11927,0.001476,172.31.40.0-255,66,95854,64,358302
11928,0.001487,74.125.130.0-255,1484,97338,64,358302
11929,0.001521,74.125.130.0-255,5738,103076,64,358302
11930,0.001539,74.125.130.0-255,2902,105978,64,358302
11931,0.001576,74.125.130.0-255,2902,108880,64,358302
11932,0.001601,74.125.130.0-255,7156,116036,64,358302
11933,0.001623,74.125.130.0-255,766,116802,64,358302
11934,0.003584,172.31.40.0-255,66,116868,64,358302
11935,0.005914,74.125.130.0-255,5738,122606,64,358302
11936,0.00592,172.31.40.0-255,66,122672,64,358302
11937,0.008234,74.125.130.0-255,1484,124156,64,358302
11938,0.008272,74.125.130.0-255,4320,128476,64,358302
11939,0.008277,172.31.40.0-255,66,128542,64,358302
11940,0.010605,74.125.130.0-255,5738,134280,64,358302
11941,0.010612,172.31.40.0-255,66,134346,64,358302
11942,0.012965,74.125.130.0-255,5738,140084,64,358302
11943,0.012971,172.31.40.0-255,66,140150,64,358302
11944,0.015293,74.125.130.0-255,5738,145888,64,358302
11945,0.015299,172.31.40.0-255,66,145954,64,358302
11946,0.017647,74.125.130.0-255,5738,151692,64,358302
11947,0.017659,172.31.40.0-255,66,151758,64,358302
11948,0.019989,74.125.130.0-255,5738,157496,64,358302
11949,0.019998,172.31.40.0-255,66,157562,64,358302
11950,0.022328,74.125.130.0-255,5738,163300,64,358302
11951,0.022335,172.31.40.0-255,66,163366,64,358302
11952,0.024656,74.125.130.0-255,4320,167686,64,358302
11953,0.024663,172.31.40.0-255,66,167752,64,358302
11954,0.024684,74.125.130.0-255,1484,169236,64,358302
11955,0.026987,74.125.130.0-255,4320,173556,64,358302
11956,0.026994,172.31.40.0-255,66,173622,64,358302
11957,0.029326,74.125.130.0-255,4320,177942,64,358302
11958,0.029332,172.31.40.0-255,66,178008,64,358302
11959,0.029354,74.125.130.0-255,1484,179492,64,358302
11960,0.029692,172.31.40.0-255,172,179664,64,358302
11961,0.029735,172.31.40.0-255,1112,180776,64,358302
11962,0.029945,172.31.40.0-255,1514,182290,64,358302
11963,0.029948,172.31.40.0-255,1296,183586,64,358302
11964,0.031247,104.244.42.0-255,66,183652,64,358302
11965,0.031387,104.244.42.0-255,66,183718,64,358302
11966,0.031491,104.244.42.0-255,66,183784,64,358302
11967,0.031647,74.125.130.0-255,1484,185268,64,358302
11968,0.031651,172.31.40.0-255,66,185334,64,358302
11969,0.031713,74.125.130.0-255,2902,188236,64,358302
11970,0.031718,172.31.40.0-255,66,188302,64,358302
11971,0.033986,74.125.130.0-255,2902,191204,64,358302
11972,0.033992,172.31.40.0-255,66,191270,64,358302
11973,0.03404,74.125.130.0-255,2902,194172,64,358302
11974,0.034043,172.31.40.0-255,66,194238,64,358302
11975,0.036317,74.125.130.0-255,2902,197140,64,358302
11976,0.036322,172.31.40.0-255,66,197206,64,358302
11977,0.036375,74.125.130.0-255,2902,200108,64,358302
11978,0.036378,172.31.40.0-255,66,200174,64,358302
11979,0.038658,74.125.130.0-255,2902,203076,64,358302
11980,0.038663,172.31.40.0-255,66,203142,64,358302
11981,0.038698,74.125.130.0-255,2902,206044,64,358302
11982,0.038701,172.31.40.0-255,66,206110,64,358302
11983,0.040988,74.125.130.0-255,2902,209012,64,358302
11984,0.040994,172.31.40.0-255,66,209078,64,358302
11985,0.041031,74.125.130.0-255,2902,211980,64,358302
11986,0.041035,172.31.40.0-255,66,212046,64,358302
11987,0.043321,74.125.130.0-255,2902,214948,64,358302
11988,0.043326,172.31.40.0-255,66,215014,64,358302
11989,0.043354,74.125.130.0-255,1484,216498,64,358302
11990,0.043371,74.125.130.0-255,1484,217982,64,358302
11991,0.043374,172.31.40.0-255,66,218048,64,358302
11992,0.045651,74.125.130.0-255,2902,220950,64,358302
11993,0.045656,172.31.40.0-255,66,221016,64,358302
11994,0.04569,74.125.130.0-255,2902,223918,64,358302
11995,0.045693,172.31.40.0-255,66,223984,64,358302
11996,0.047984,74.125.130.0-255,2902,226886,64,358302
11997,0.047989,172.31.40.0-255,66,226952,64,358302
11998,0.048019,74.125.130.0-255,2902,229854,64,358302
11999,0.048022,172.31.40.0-255,66,229920,64,358302
12000,0.050315,74.125.130.0-255,2902,232822,64,358302
12001,0.050321,172.31.40.0-255,66,232888,64,358302
12002,0.050338,74.125.130.0-255,2902,235790,64,358302
12003,0.050341,172.31.40.0-255,66,235856,64,358302
12004,0.052637,74.125.130.0-255,2902,238758,64,358302
12005,0.052643,172.31.40.0-255,66,238824,64,358302
12006,0.052671,74.125.130.0-255,2902,241726,64,358302
12007,0.052675,172.31.40.0-255,66,241792,64,358302
12008,0.054959,74.125.130.0-255,2902,244694,64,358302
12009,0.054965,172.31.40.0-255,66,244760,64,358302
12010,0.055,74.125.130.0-255,2902,247662,64,358302
12011,0.055003,172.31.40.0-255,66,247728,64,358302
12012,0.057287,74.125.130.0-255,2902,250630,64,358302
12013,0.057292,172.31.40.0-255,66,250696,64,358302
12014,0.057323,74.125.130.0-255,2902,253598,64,358302
12015,0.057326,172.31.40.0-255,66,253664,64,358302
12016,0.059621,74.125.130.0-255,2902,256566,64,358302
12017,0.059625,172.31.40.0-255,66,256632,64,358302
12018,0.059653,74.125.130.0-255,2902,259534,64,358302
12019,0.059655,172.31.40.0-255,66,259600,64,358302
12020,0.061948,74.125.130.0-255,2902,262502,64,358302
12021,0.061953,172.31.40.0-255,66,262568,64,358302
12022,0.061986,74.125.130.0-255,2902,265470,64,358302
12023,0.061989,172.31.40.0-255,66,265536,64,358302
12024,0.064284,74.125.130.0-255,2902,268438,64,358302
12025,0.064289,172.31.40.0-255,66,268504,64,358302
12026,0.064319,74.125.130.0-255,2902,271406,64,358302
12027,0.064322,172.31.40.0-255,66,271472,64,358302
12028,0.066616,74.125.130.0-255,2902,274374,64,358302
12029,0.066623,172.31.40.0-255,66,274440,64,358302
12030,0.066643,74.125.130.0-255,2902,277342,64,358302
12031,0.066646,172.31.40.0-255,66,277408,64,358302
12032,0.068954,74.125.130.0-255,5738,283146,64,358302
12033,0.068959,172.31.40.0-255,66,283212,64,358302
12034,0.071291,74.125.130.0-255,5738,288950,64,358302
12035,0.071298,172.31.40.0-255,66,289016,64,358302
12036,0.07364,74.125.130.0-255,5738,294754,64,358302
12037,0.073645,172.31.40.0-255,66,294820,64,358302
12038,0.07597,74.125.130.0-255,4320,299140,64,358302
12039,0.075975,172.31.40.0-255,66,299206,64,358302
12040,0.076,74.125.130.0-255,1484,300690,64,358302
12041,0.078302,74.125.130.0-255,4320,305010,64,358302
12042,0.078307,172.31.40.0-255,66,305076,64,358302
12043,0.080638,74.125.130.0-255,5738,310814,64,358302
12044,0.080643,172.31.40.0-255,66,310880,64,358302
12045,0.08297,74.125.130.0-255,5738,316618,64,358302
12046,0.082976,172.31.40.0-255,66,316684,64,358302
12047,0.085297,74.125.130.0-255,2902,319586,64,358302
12048,0.085301,172.31.40.0-255,66,319652,64,358302
12049,0.085329,74.125.130.0-255,2902,322554,64,358302
12050,0.085331,172.31.40.0-255,66,322620,64,358302
12051,0.087616,74.125.130.0-255,2902,325522,64,358302
12052,0.08762,172.31.40.0-255,66,325588,64,358302
12053,0.087645,74.125.130.0-255,2902,328490,64,358302
12054,0.087647,172.31.40.0-255,66,328556,64,358302
12055,0.08994,74.125.130.0-255,2902,331458,64,358302
12056,0.089945,172.31.40.0-255,66,331524,64,358302
12057,0.089973,74.125.130.0-255,2902,334426,64,358302
12058,0.089976,172.31.40.0-255,66,334492,64,358302
12059,0.092261,74.125.130.0-255,2902,337394,64,358302
12060,0.092265,172.31.40.0-255,66,337460,64,358302
12061,0.092281,74.125.130.0-255,1484,338944,64,358302
12062,0.092293,74.125.130.0-255,1484,340428,64,358302
12063,0.092295,172.31.40.0-255,66,340494,64,358302
12064,0.094591,74.125.130.0-255,2902,343396,64,358302
12065,0.094593,172.31.40.0-255,66,343462,64,358302
12066,0.094611,74.125.130.0-255,2902,346364,64,358302
12067,0.094613,172.31.40.0-255,66,346430,64,358302
12068,0.096907,74.125.130.0-255,2902,349332,64,358302
12069,0.096913,172.31.40.0-255,66,349398,64,358302
12070,0.096941,74.125.130.0-255,2902,352300,64,358302
12071,0.096943,172.31.40.0-255,66,352366,64,358302
12072,0.099239,74.125.130.0-255,2902,355268,64,358302
12073,0.099245,172.31.40.0-255,66,355334,64,358302
12074,0.099272,74.125.130.0-255,2902,358236,64,358302
12075,0.099275,172.31.40.0-255,66,358302,64,358302
12076,0.0,74.125.68.0-255,301,301,64,360421
12077,2.4e-05,172.31.40.0-255,66,367,64,360421
12078,3.2e-05,74.125.68.0-255,1484,1851,64,360421
12079,3.7e-05,172.31.40.0-255,66,1917,64,360421
12080,4.4e-05,74.125.68.0-255,4320,6237,64,360421
12081,4.7e-05,172.31.40.0-255,66,6303,64,360421
12082,5.5e-05,74.125.68.0-255,5738,12041,64,360421
12083,5.9e-05,172.31.40.0-255,66,12107,64,360421
12084,8.4e-05,74.125.68.0-255,1894,14001,64,360421
12085,8.7e-05,172.31.40.0-255,66,14067,64,360421
12086,9.9e-05,172.31.40.0-255,66,14133,64,360421
12087,0.000103,74.125.68.0-255,2902,17035,64,360421
12088,0.000105,172.31.40.0-255,66,17101,64,360421
12089,0.000133,74.125.68.0-255,4320,21421,64,360421
12090,0.000136,172.31.40.0-255,66,21487,64,360421
12091,0.000139,74.125.68.0-255,1125,22612,64,360421
12092,0.000141,172.31.40.0-255,66,22678,64,360421
12093,0.000273,74.125.68.0-255,1484,24162,64,360421
12094,0.000278,172.31.40.0-255,66,24228,64,360421
12095,0.000283,74.125.68.0-255,2902,27130,64,360421
12096,0.000286,172.31.40.0-255,66,27196,64,360421
12097,0.000299,74.125.68.0-255,2902,30098,64,360421
12098,0.000301,172.31.40.0-255,66,30164,64,360421
12099,0.000316,74.125.68.0-255,2902,33066,64,360421
12100,0.000319,172.31.40.0-255,66,33132,64,360421
12101,0.000337,74.125.68.0-255,1484,34616,64,360421
12102,0.00034,172.31.40.0-255,66,34682,64,360421
12103,0.000355,74.125.68.0-255,5379,40061,64,360421
12104,0.000358,172.31.40.0-255,66,40127,64,360421
12105,0.000391,74.125.68.0-255,5738,45865,64,360421
12106,0.000394,172.31.40.0-255,66,45931,64,360421
12107,0.000397,74.125.68.0-255,1484,47415,64,360421
12108,0.000414,74.125.68.0-255,2902,50317,64,360421
12109,0.000417,172.31.40.0-255,66,50383,64,360421
12110,0.00042,74.125.68.0-255,1484,51867,64,360421
12111,0.00044,74.125.68.0-255,4320,56187,64,360421
12112,0.000443,172.31.40.0-255,66,56253,64,360421
12113,0.000456,74.125.68.0-255,1437,57690,64,360421
12114,0.000515,74.125.68.0-255,111,57801,64,360421
12115,0.000624,74.125.68.0-255,331,58132,64,360421
12116,0.000629,172.31.40.0-255,66,58198,64,360421
12117,0.000762,74.125.68.0-255,1484,59682,64,360421
12118,0.000788,74.125.68.0-255,2902,62584,64,360421
12119,0.000791,172.31.40.0-255,66,62650,64,360421
12120,0.000795,74.125.68.0-255,1484,64134,64,360421
12121,0.000811,74.125.68.0-255,2902,67036,64,360421
12122,0.000813,172.31.40.0-255,66,67102,64,360421
12123,0.000818,74.125.68.0-255,2902,70004,64,360421
12124,0.00082,172.31.40.0-255,66,70070,64,360421
12125,0.000845,74.125.68.0-255,2902,72972,64,360421
12126,0.000847,172.31.40.0-255,66,73038,64,360421
12127,0.000851,74.125.68.0-255,1484,74522,64,360421
12128,0.000872,74.125.68.0-255,7156,81678,64,360421
12129,0.000876,172.31.40.0-255,66,81744,64,360421
12130,0.000889,74.125.68.0-255,5738,87482,64,360421
12131,0.000892,172.31.40.0-255,66,87548,64,360421
12132,0.000913,74.125.68.0-255,4320,91868,64,360421
12133,0.000916,172.31.40.0-255,66,91934,64,360421
12134,0.000919,74.125.68.0-255,766,92700,64,360421
12135,0.00106,74.125.68.0-255,1484,94184,64,360421
12136,0.001064,172.31.40.0-255,66,94250,64,360421
12137,0.001069,74.125.68.0-255,2902,97152,64,360421
12138,0.001071,172.31.40.0-255,66,97218,64,360421
12139,0.001103,74.125.68.0-255,1484,98702,64,360421
12140,0.00112,74.125.68.0-255,2902,101604,64,360421
12141,0.001124,172.31.40.0-255,66,101670,64,360421
12142,0.001145,74.125.68.0-255,5738,107408,64,360421
12143,0.001148,172.31.40.0-255,66,107474,64,360421
12144,0.001166,74.125.68.0-255,7156,114630,64,360421
12145,0.001169,172.31.40.0-255,66,114696,64,360421
12146,0.001202,172.31.40.0-255,66,114762,64,360421
12147,0.001206,74.125.68.0-255,2902,117664,64,360421
12148,0.001209,172.31.40.0-255,66,117730,64,360421
12149,0.001221,74.125.68.0-255,766,118496,64,360421
12150,0.001295,74.125.68.0-255,1484,119980,64,360421
12151,0.001298,172.31.40.0-255,66,120046,64,360421
12152,0.001303,74.125.68.0-255,1484,121530,64,360421
12153,0.001315,74.125.68.0-255,1484,123014,64,360421
12154,0.001318,172.31.40.0-255,66,123080,64,360421
12155,0.001323,74.125.68.0-255,2902,125982,64,360421
12156,0.001325,172.31.40.0-255,66,126048,64,360421
12157,0.001342,74.125.68.0-255,1484,127532,64,360421
12158,0.001346,74.125.68.0-255,2902,130434,64,360421
12159,0.001349,172.31.40.0-255,66,130500,64,360421
12160,0.001373,74.125.68.0-255,5738,136238,64,360421
12161,0.001376,172.31.40.0-255,66,136304,64,360421
12162,0.00138,74.125.68.0-255,2902,139206,64,360421
12163,0.001383,172.31.40.0-255,66,139272,64,360421
12164,0.001388,74.125.68.0-255,4320,143592,64,360421
12165,0.00139,172.31.40.0-255,66,143658,64,360421
12166,0.001445,172.31.40.0-255,66,143724,64,360421
12167,0.001459,74.125.68.0-255,766,144490,64,360421
12168,0.001668,74.125.68.0-255,1484,145974,64,360421
12169,0.001672,172.31.40.0-255,66,146040,64,360421
12170,0.001676,74.125.68.0-255,1484,147524,64,360421
12171,0.001691,74.125.68.0-255,1484,149008,64,360421
12172,0.001693,172.31.40.0-255,66,149074,64,360421
12173,0.0017,74.125.68.0-255,5738,154812,64,360421
12174,0.001702,172.31.40.0-255,66,154878,64,360421
12175,0.001705,74.125.68.0-255,1484,156362,64,360421
12176,0.001723,74.125.68.0-255,4320,160682,64,360421
12177,0.001725,172.31.40.0-255,66,160748,64,360421
12178,0.001751,74.125.68.0-255,7156,167904,64,360421
12179,0.001754,172.31.40.0-255,66,167970,64,360421
12180,0.001776,74.125.68.0-255,7156,175126,64,360421
12181,0.001779,172.31.40.0-255,66,175192,64,360421
12182,0.001801,74.125.68.0-255,3602,178794,64,360421
12183,0.001803,172.31.40.0-255,66,178860,64,360421
12184,0.001822,74.125.68.0-255,7156,186016,64,360421
12185,0.001825,172.31.40.0-255,66,186082,64,360421
12186,0.001847,74.125.68.0-255,4320,190402,64,360421
12187,0.00185,172.31.40.0-255,66,190468,64,360421
12188,0.001858,74.125.68.0-255,7156,197624,64,360421
12189,0.001861,172.31.40.0-255,66,197690,64,360421
12190,0.001884,74.125.68.0-255,5738,203428,64,360421
12191,0.001887,172.31.40.0-255,66,203494,64,360421
12192,0.001894,74.125.68.0-255,7156,210650,64,360421
12193,0.001897,172.31.40.0-255,66,210716,64,360421
12194,0.001921,74.125.68.0-255,2184,212900,64,360421
12195,0.001923,172.31.40.0-255,66,212966,64,360421
12196,0.001986,74.125.68.0-255,1484,214450,64,360421
12197,0.001999,74.125.68.0-255,2902,217352,64,360421
12198,0.002002,172.31.40.0-255,66,217418,64,360421
12199,0.002035,74.125.68.0-255,5738,223156,64,360421
12200,0.002039,172.31.40.0-255,66,223222,64,360421
12201,0.002052,74.125.68.0-255,7156,230378,64,360421
12202,0.002055,172.31.40.0-255,66,230444,64,360421
12203,0.002096,172.31.40.0-255,66,230510,64,360421
12204,0.002134,74.125.68.0-255,5020,235530,64,360421
12205,0.002137,172.31.40.0-255,66,235596,64,360421
12206,0.002153,74.125.68.0-255,2902,238498,64,360421
12207,0.002155,172.31.40.0-255,66,238564,64,360421
12208,0.002168,74.125.68.0-255,2902,241466,64,360421
12209,0.002171,172.31.40.0-255,66,241532,64,360421
12210,0.002176,74.125.68.0-255,4320,245852,64,360421
12211,0.002179,172.31.40.0-255,66,245918,64,360421
12212,0.002185,74.125.68.0-255,5738,251656,64,360421
12213,0.002188,172.31.40.0-255,66,251722,64,360421
12214,0.002208,74.125.68.0-255,1484,253206,64,360421
12215,0.002241,172.31.40.0-255,66,253272,64,360421
12216,0.002245,74.125.68.0-255,2902,256174,64,360421
12217,0.002247,172.31.40.0-255,66,256240,64,360421
12218,0.002292,74.125.68.0-255,3602,259842,64,360421
12219,0.002295,172.31.40.0-255,66,259908,64,360421
12220,0.002337,74.125.68.0-255,1484,261392,64,360421
12221,0.002355,74.125.68.0-255,2902,264294,64,360421
12222,0.002358,172.31.40.0-255,66,264360,64,360421
12223,0.002365,74.125.68.0-255,4320,268680,64,360421
12224,0.002367,172.31.40.0-255,66,268746,64,360421
12225,0.002381,74.125.68.0-255,1484,270230,64,360421
12226,0.002387,74.125.68.0-255,4320,274550,64,360421
12227,0.00239,172.31.40.0-255,66,274616,64,360421
12228,0.002395,74.125.68.0-255,2902,277518,64,360421
12229,0.002398,172.31.40.0-255,66,277584,64,360421
12230,0.002425,74.125.68.0-255,2902,280486,64,360421
12231,0.002428,172.31.40.0-255,66,280552,64,360421
12232,0.002441,172.31.40.0-255,66,280618,64,360421
12233,0.002445,74.125.68.0-255,2184,282802,64,360421
12234,0.002447,172.31.40.0-255,66,282868,64,360421
12235,0.002553,74.125.68.0-255,1484,284352,64,360421
12236,0.002574,74.125.68.0-255,2902,287254,64,360421
12237,0.002578,172.31.40.0-255,66,287320,64,360421
12238,0.002583,74.125.68.0-255,2902,290222,64,360421
12239,0.002585,172.31.40.0-255,66,290288,64,360421
12240,0.005142,74.125.68.0-255,5738,296026,64,360421
12241,0.00515,172.31.40.0-255,66,296092,64,360421
12242,0.007725,74.125.68.0-255,5738,301830,64,360421
12243,0.007748,172.31.40.0-255,66,301896,64,360421
12244,0.010323,74.125.68.0-255,5738,307634,64,360421
12245,0.010338,172.31.40.0-255,66,307700,64,360421
12246,0.012905,74.125.68.0-255,5738,313438,64,360421
12247,0.012919,172.31.40.0-255,66,313504,64,360421
12248,0.015471,74.125.68.0-255,5738,319242,64,360421
12249,0.015476,172.31.40.0-255,66,319308,64,360421
12250,0.018027,74.125.68.0-255,5738,325046,64,360421
12251,0.018034,172.31.40.0-255,66,325112,64,360421
12252,0.020595,74.125.68.0-255,5738,330850,64,360421
12253,0.020606,172.31.40.0-255,66,330916,64,360421
12254,0.02317,74.125.68.0-255,5738,336654,64,360421
12255,0.023179,172.31.40.0-255,66,336720,64,360421
12256,0.025738,74.125.68.0-255,5738,342458,64,360421
12257,0.025749,172.31.40.0-255,66,342524,64,360421
12258,0.028316,74.125.68.0-255,5738,348262,64,360421
12259,0.028326,172.31.40.0-255,66,348328,64,360421
12260,0.030883,74.125.68.0-255,5738,354066,64,360421
12261,0.030891,172.31.40.0-255,66,354132,64,360421
12262,0.033451,74.125.68.0-255,1760,355892,64,360421
12263,0.033462,172.31.40.0-255,66,355958,64,360421
12264,0.03368,172.31.40.0-255,105,356063,64,360421
12265,0.036227,74.125.68.0-255,66,356129,64,360421
12266,0.050425,172.31.40.0-255,172,356301,64,360421
12267,0.050459,172.31.40.0-255,1112,357413,64,360421
12268,0.050522,172.31.40.0-255,1514,358927,64,360421
12269,0.050524,172.31.40.0-255,1296,360223,64,360421
12270,0.051981,104.244.42.0-255,66,360289,64,360421
12271,0.052016,104.244.42.0-255,66,360355,64,360421
12272,0.052059,104.244.42.0-255,66,360421,64,360421
12273,0.0,172.217.194.0-255,146,146,64,241309
12274,1.7e-05,172.31.40.0-255,66,212,64,241309
12275,2.4e-05,172.217.194.0-255,1484,1696,64,241309
12276,2.8e-05,172.31.40.0-255,66,1762,64,241309
12277,3.4e-05,172.217.194.0-255,2902,4664,64,241309
12278,4.6e-05,172.31.40.0-255,66,4730,64,241309
12279,5.2e-05,172.217.194.0-255,4320,9050,64,241309
12280,5.5e-05,172.31.40.0-255,66,9116,64,241309
12281,6.7e-05,172.31.40.0-255,66,9182,64,241309
12282,8.1e-05,172.31.40.0-255,66,9248,64,241309
12283,0.0002,172.217.194.0-255,1484,10732,64,241309
12284,0.000204,172.31.40.0-255,66,10798,64,241309
12285,0.00021,172.217.194.0-255,2902,13700,64,241309
12286,0.000213,172.31.40.0-255,66,13766,64,241309
12287,0.000225,172.217.194.0-255,5738,19504,64,241309
12288,0.000227,172.31.40.0-255,66,19570,64,241309
12289,0.000254,172.217.194.0-255,6797,26367,64,241309
12290,0.000257,172.31.40.0-255,66,26433,64,241309
12291,0.000291,172.217.194.0-255,7156,33589,64,241309
12292,0.000294,172.31.40.0-255,66,33655,64,241309
12293,0.000306,172.31.40.0-255,66,33721,64,241309
12294,0.000329,172.217.194.0-255,378,34099,64,241309
12295,0.000331,172.31.40.0-255,66,34165,64,241309
12296,0.000415,172.217.194.0-255,365,34530,64,241309
12297,0.000419,172.31.40.0-255,66,34596,64,241309
12298,0.000763,172.217.194.0-255,1484,36080,64,241309
12299,0.000768,172.31.40.0-255,66,36146,64,241309
12300,0.000773,172.217.194.0-255,2902,39048,64,241309
12301,0.000776,172.31.40.0-255,66,39114,64,241309
12302,0.000787,172.217.194.0-255,5738,44852,64,241309
12303,0.000789,172.31.40.0-255,66,44918,64,241309
12304,0.000837,172.31.40.0-255,66,44984,64,241309
12305,0.000841,172.217.194.0-255,1484,46468,64,241309
12306,0.000878,172.31.40.0-255,66,46534,64,241309
12307,0.001182,172.217.194.0-255,1484,48018,64,241309
12308,0.001188,172.217.194.0-255,2902,50920,64,241309
12309,0.001192,172.31.40.0-255,66,50986,64,241309
12310,0.001196,172.217.194.0-255,1484,52470,64,241309
12311,0.00122,172.217.194.0-255,4320,56790,64,241309
12312,0.001223,172.31.40.0-255,66,56856,64,241309
12313,0.00123,172.217.194.0-255,7156,64012,64,241309
12314,0.001232,172.31.40.0-255,66,64078,64,241309
12315,0.001262,172.217.194.0-255,5738,69816,64,241309
12316,0.001265,172.31.40.0-255,66,69882,64,241309
12317,0.001276,172.31.40.0-255,66,69948,64,241309
12318,0.00164,172.217.194.0-255,1484,71432,64,241309
12319,0.001645,172.217.194.0-255,1484,72916,64,241309
12320,0.001648,172.31.40.0-255,66,72982,64,241309
12321,0.001678,172.217.194.0-255,1484,74466,64,241309
12322,0.001684,172.217.194.0-255,5738,80204,64,241309
12323,0.001687,172.31.40.0-255,66,80270,64,241309
12324,0.001705,172.31.40.0-255,66,80336,64,241309
12325,0.00171,172.217.194.0-255,4320,84656,64,241309
12326,0.001713,172.31.40.0-255,66,84722,64,241309
12327,0.001745,172.217.194.0-255,6438,91160,64,241309
12328,0.001747,172.31.40.0-255,66,91226,64,241309
12329,0.001822,172.217.194.0-255,1484,92710,64,241309
12330,0.001827,172.217.194.0-255,2902,95612,64,241309
12331,0.00183,172.31.40.0-255,66,95678,64,241309
12332,0.001834,172.217.194.0-255,1484,97162,64,241309
12333,0.001862,172.217.194.0-255,4320,101482,64,241309
12334,0.001865,172.31.40.0-255,66,101548,64,241309
12335,0.001876,172.31.40.0-255,66,101614,64,241309
12336,0.0019,172.217.194.0-255,1484,103098,64,241309
12337,0.001917,172.217.194.0-255,5738,108836,64,241309
12338,0.00192,172.31.40.0-255,66,108902,64,241309
12339,0.001957,172.31.40.0-255,66,108968,64,241309
12340,0.002007,172.217.194.0-255,1484,110452,64,241309
12341,0.002011,172.217.194.0-255,1484,111936,64,241309
12342,0.002014,172.31.40.0-255,66,112002,64,241309
12343,0.002044,172.217.194.0-255,1484,113486,64,241309
12344,0.002051,172.217.194.0-255,5738,119224,64,241309
12345,0.002054,172.31.40.0-255,66,119290,64,241309
12346,0.002069,172.31.40.0-255,66,119356,64,241309
12347,0.002087,172.31.40.0-255,66,119422,64,241309
12348,0.002118,172.217.194.0-255,7156,126578,64,241309
12349,0.002121,172.31.40.0-255,66,126644,64,241309
12350,0.002132,172.31.40.0-255,66,126710,64,241309
12351,0.002176,172.31.40.0-255,66,126776,64,241309
12352,0.002201,172.217.194.0-255,1484,128260,64,241309
12353,0.00221,172.217.194.0-255,6438,134698,64,241309
12354,0.002212,172.31.40.0-255,66,134764,64,241309
12355,0.002225,172.31.40.0-255,66,134830,64,241309
12356,0.002271,172.31.40.0-255,66,134896,64,241309
12357,0.002291,172.31.40.0-255,66,134962,64,241309
12358,0.002293,172.217.194.0-255,1484,136446,64,241309
12359,0.004564,172.217.194.0-255,4320,140766,64,241309
12360,0.004582,172.31.40.0-255,66,140832,64,241309
12361,0.006783,172.217.194.0-255,5738,146570,64,241309
12362,0.0068,172.31.40.0-255,66,146636,64,241309
12363,0.009018,172.217.194.0-255,5738,152374,64,241309
12364,0.009034,172.31.40.0-255,66,152440,64,241309
12365,0.011255,172.217.194.0-255,5738,158178,64,241309
12366,0.011797,172.31.40.0-255,66,158244,64,241309
12367,0.014006,172.217.194.0-255,5738,163982,64,241309
12368,0.014013,172.31.40.0-255,66,164048,64,241309
12369,0.016223,172.217.194.0-255,5738,169786,64,241309
12370,0.016228,172.31.40.0-255,66,169852,64,241309
12371,0.018425,172.217.194.0-255,5738,175590,64,241309
12372,0.018433,172.31.40.0-255,66,175656,64,241309
12373,0.020622,172.217.194.0-255,5738,181394,64,241309
12374,0.020631,172.31.40.0-255,66,181460,64,241309
12375,0.02284,172.217.194.0-255,5738,187198,64,241309
12376,0.022849,172.31.40.0-255,66,187264,64,241309
12377,0.025035,172.217.194.0-255,5738,193002,64,241309
12378,0.025042,172.31.40.0-255,66,193068,64,241309
12379,0.027251,172.217.194.0-255,5738,198806,64,241309
12380,0.027258,172.31.40.0-255,66,198872,64,241309
12381,0.029462,172.217.194.0-255,5738,204610,64,241309
12382,0.029472,172.31.40.0-255,66,204676,64,241309
12383,0.031703,172.217.194.0-255,5738,210414,64,241309
12384,0.031719,172.31.40.0-255,66,210480,64,241309
12385,0.033909,172.217.194.0-255,5738,216218,64,241309
12386,0.033917,172.31.40.0-255,66,216284,64,241309
12387,0.036123,172.217.194.0-255,5738,222022,64,241309
12388,0.036131,172.31.40.0-255,66,222088,64,241309
12389,0.038348,172.217.194.0-255,5738,227826,64,241309
12390,0.038363,172.31.40.0-255,66,227892,64,241309
12391,0.040575,172.217.194.0-255,5738,233630,64,241309
12392,0.040586,172.31.40.0-255,66,233696,64,241309
12393,0.042776,172.217.194.0-255,3012,236708,64,241309
12394,0.042784,172.31.40.0-255,66,236774,64,241309
12395,0.042982,172.31.40.0-255,105,236879,64,241309
12396,0.045136,172.217.194.0-255,66,236945,64,241309
12397,0.046322,172.31.40.0-255,242,237187,64,241309
12398,0.046359,172.31.40.0-255,1112,238299,64,241309
12399,0.046426,172.31.40.0-255,1514,239813,64,241309
12400,0.046428,172.31.40.0-255,1298,241111,64,241309
12401,0.047856,104.244.42.0-255,66,241177,64,241309
12402,0.047887,104.244.42.0-255,66,241243,64,241309
12403,0.047985,104.244.42.0-255,66,241309,64,241309
12404,0.0,74.125.24.0-255,153,153,64,197720
12405,1.9e-05,172.31.40.0-255,66,219,64,197720
12406,2.7e-05,74.125.24.0-255,1484,1703,64,197720
12407,3.2e-05,172.31.40.0-255,66,1769,64,197720
12408,4.6e-05,74.125.24.0-255,2902,4671,64,197720
12409,5e-05,172.31.40.0-255,66,4737,64,197720
12410,5.5e-05,74.125.24.0-255,2902,7639,64,197720
12411,5.8e-05,172.31.40.0-255,66,7705,64,197720
12412,6.4e-05,74.125.24.0-255,4320,12025,64,197720
12413,6.7e-05,172.31.40.0-255,66,12091,64,197720
12414,7.2e-05,74.125.24.0-255,2902,14993,64,197720
12415,7.4e-05,172.31.40.0-255,66,15059,64,197720
12416,0.000104,74.125.24.0-255,6410,21469,64,197720
12417,0.000108,172.31.40.0-255,66,21535,64,197720
12418,0.00012,172.31.40.0-255,66,21601,64,197720
12419,0.000585,74.125.24.0-255,1484,23085,64,197720
12420,0.000591,172.31.40.0-255,66,23151,64,197720
12421,0.000597,74.125.24.0-255,2902,26053,64,197720
12422,0.000599,172.31.40.0-255,66,26119,64,197720
12423,0.000606,74.125.24.0-255,5738,31857,64,197720
12424,0.000613,172.31.40.0-255,66,31923,64,197720
12425,0.000656,74.125.24.0-255,6797,38720,64,197720
12426,0.000659,172.31.40.0-255,66,38786,64,197720
12427,0.000717,74.125.24.0-255,1484,40270,64,197720
12428,0.00072,172.31.40.0-255,66,40336,64,197720
12429,0.000724,74.125.24.0-255,1484,41820,64,197720
12430,0.000726,172.31.40.0-255,66,41886,64,197720
12431,0.000753,74.125.24.0-255,1484,43370,64,197720
12432,0.000755,172.31.40.0-255,66,43436,64,197720
12433,0.000763,74.125.24.0-255,5738,49174,64,197720
12434,0.000765,172.31.40.0-255,66,49240,64,197720
12435,0.000785,74.125.24.0-255,1484,50724,64,197720
12436,0.000808,74.125.24.0-255,5379,56103,64,197720
12437,0.000812,172.31.40.0-255,66,56169,64,197720
12438,0.001033,74.125.24.0-255,646,56815,64,197720
12439,0.001083,172.31.40.0-255,66,56881,64,197720
12440,0.00158,74.125.24.0-255,1484,58365,64,197720
12441,0.001592,74.125.24.0-255,2902,61267,64,197720
12442,0.001597,172.31.40.0-255,66,61333,64,197720
12443,0.001606,74.125.24.0-255,5738,67071,64,197720
12444,0.001609,172.31.40.0-255,66,67137,64,197720
12445,0.00162,74.125.24.0-255,4320,71457,64,197720
12446,0.001623,172.31.40.0-255,66,71523,64,197720
12447,0.001656,74.125.24.0-255,2902,74425,64,197720
12448,0.001659,172.31.40.0-255,66,74491,64,197720
12449,0.001678,172.31.40.0-255,66,74557,64,197720
12450,0.001682,74.125.24.0-255,2184,76741,64,197720
12451,0.001684,172.31.40.0-255,66,76807,64,197720
12452,0.002686,74.125.24.0-255,1484,78291,64,197720
12453,0.002718,74.125.24.0-255,2902,81193,64,197720
12454,0.002723,172.31.40.0-255,66,81259,64,197720
12455,0.002731,74.125.24.0-255,5738,86997,64,197720
12456,0.002733,172.31.40.0-255,66,87063,64,197720
12457,0.002752,172.31.40.0-255,66,87129,64,197720
12458,0.002763,172.31.40.0-255,66,87195,64,197720
12459,0.002786,74.125.24.0-255,1484,88679,64,197720
12460,0.002793,74.125.24.0-255,766,89445,64,197720
12461,0.002796,172.31.40.0-255,66,89511,64,197720
12462,0.00292,74.125.24.0-255,1484,90995,64,197720
12463,0.002926,74.125.24.0-255,2902,93897,64,197720
12464,0.002929,172.31.40.0-255,66,93963,64,197720
12465,0.002933,74.125.24.0-255,1484,95447,64,197720
12466,0.002955,74.125.24.0-255,1484,96931,64,197720
12467,0.002958,172.31.40.0-255,66,96997,64,197720
12468,0.002962,74.125.24.0-255,2902,99899,64,197720
12469,0.002964,172.31.40.0-255,66,99965,64,197720
12470,0.002975,74.125.24.0-255,4320,104285,64,197720
12471,0.002978,172.31.40.0-255,66,104351,64,197720
12472,0.003012,74.125.24.0-255,7156,111507,64,197720
12473,0.003014,74.125.24.0-255,1484,112991,64,197720
12474,0.003018,172.31.40.0-255,66,113057,64,197720
12475,0.003049,172.31.40.0-255,66,113123,64,197720
12476,0.003509,74.125.24.0-255,1484,114607,64,197720
12477,0.003532,74.125.24.0-255,2902,117509,64,197720
12478,0.003538,74.125.24.0-255,5738,123247,64,197720
12479,0.003546,172.31.40.0-255,66,123313,64,197720
12480,0.003554,172.31.40.0-255,66,123379,64,197720
12481,0.00357,172.31.40.0-255,66,123445,64,197720
12482,0.003612,74.125.24.0-255,5738,129183,64,197720
12483,0.003615,172.31.40.0-255,66,129249,64,197720
12484,0.003644,172.31.40.0-255,66,129315,64,197720
12485,0.00372,74.125.24.0-255,1484,130799,64,197720
12486,0.003739,74.125.24.0-255,2902,133701,64,197720
12487,0.003742,172.31.40.0-255,66,133767,64,197720
12488,0.003747,74.125.24.0-255,2902,136669,64,197720
12489,0.003749,172.31.40.0-255,66,136735,64,197720
12490,0.00379,74.125.24.0-255,7156,143891,64,197720
12491,0.003793,172.31.40.0-255,66,143957,64,197720
12492,0.003798,74.125.24.0-255,2902,146859,64,197720
12493,0.0038,172.31.40.0-255,66,146925,64,197720
12494,0.003845,172.31.40.0-255,66,146991,64,197720
12495,0.003852,74.125.24.0-255,5020,152011,64,197720
12496,0.003854,172.31.40.0-255,66,152077,64,197720
12497,0.004011,74.125.24.0-255,1484,153561,64,197720
12498,0.004017,74.125.24.0-255,2902,156463,64,197720
12499,0.00402,172.31.40.0-255,66,156529,64,197720
12500,0.004057,74.125.24.0-255,5738,162267,64,197720
12501,0.00406,172.31.40.0-255,66,162333,64,197720
12502,0.004066,74.125.24.0-255,4320,166653,64,197720
12503,0.004068,172.31.40.0-255,66,166719,64,197720
12504,0.004077,74.125.24.0-255,1484,168203,64,197720
12505,0.004117,172.31.40.0-255,66,168269,64,197720
12506,0.004132,172.31.40.0-255,66,168335,64,197720
12507,0.004336,74.125.24.0-255,1484,169819,64,197720
12508,0.004341,74.125.24.0-255,1484,171303,64,197720
12509,0.004344,172.31.40.0-255,66,171369,64,197720
12510,0.004375,74.125.24.0-255,2902,174271,64,197720
12511,0.004378,172.31.40.0-255,66,174337,64,197720
12512,0.004384,74.125.24.0-255,5738,180075,64,197720
12513,0.004387,172.31.40.0-255,66,180141,64,197720
12514,0.004391,74.125.24.0-255,2902,183043,64,197720
12515,0.004393,172.31.40.0-255,66,183109,64,197720
12516,0.004439,172.31.40.0-255,66,183175,64,197720
12517,0.004455,172.31.40.0-255,66,183241,64,197720
12518,0.00446,74.125.24.0-255,4320,187561,64,197720
12519,0.004463,172.31.40.0-255,66,187627,64,197720
12520,0.004508,172.31.40.0-255,66,187693,64,197720
12521,0.004528,172.31.40.0-255,66,187759,64,197720
12522,0.00454,172.31.40.0-255,66,187825,64,197720
12523,0.004589,172.31.40.0-255,66,187891,64,197720
12524,0.004601,172.31.40.0-255,66,187957,64,197720
12525,0.004697,172.31.40.0-255,66,188023,64,197720
12526,0.004704,74.125.24.0-255,5965,193988,64,197720
12527,0.004707,172.31.40.0-255,66,194054,64,197720
12528,0.004743,74.125.24.0-255,105,194159,64,197720
12529,0.013349,172.31.40.0-255,66,194225,64,197720
12530,0.013397,172.31.40.0-255,105,194330,64,197720
12531,0.015689,74.125.24.0-255,66,194396,64,197720
12532,0.034315,172.31.40.0-255,167,194563,64,197720
12533,0.034346,172.31.40.0-255,1107,195670,64,197720
12534,0.034507,172.31.40.0-255,1514,197184,64,197720
12535,0.034509,172.31.40.0-255,338,197522,64,197720
12536,0.035863,104.244.42.0-255,66,197588,64,197720
12537,0.035886,104.244.42.0-255,66,197654,64,197720
12538,0.036032,104.244.42.0-255,66,197720,64,197720
12539,0.0,172.217.194.0-255,153,153,64,298720
12540,2.3e-05,172.31.40.0-255,66,219,64,298720
12541,3e-05,172.217.194.0-255,1484,1703,64,298720
12542,3.4e-05,172.31.40.0-255,66,1769,64,298720
12543,3.9e-05,172.217.194.0-255,2902,4671,64,298720
12544,4.2e-05,172.31.40.0-255,66,4737,64,298720
12545,5e-05,172.217.194.0-255,7156,11893,64,298720
12546,5.4e-05,172.31.40.0-255,66,11959,64,298720
12547,8.1e-05,172.217.194.0-255,1978,13937,64,298720
12548,8.5e-05,172.31.40.0-255,66,14003,64,298720
12549,0.000183,172.217.194.0-255,1484,15487,64,298720
12550,0.000186,172.31.40.0-255,66,15553,64,298720
12551,0.000206,172.217.194.0-255,2902,18455,64,298720
12552,0.000209,172.31.40.0-255,66,18521,64,298720
12553,0.000213,172.217.194.0-255,2902,21423,64,298720
12554,0.000216,172.31.40.0-255,66,21489,64,298720
12555,0.000239,172.217.194.0-255,2902,24391,64,298720
12556,0.000242,172.31.40.0-255,66,24457,64,298720
12557,0.000246,172.217.194.0-255,2902,27359,64,298720
12558,0.000248,172.31.40.0-255,66,27425,64,298720
12559,0.00028,172.217.194.0-255,3961,31386,64,298720
12560,0.000283,172.31.40.0-255,66,31452,64,298720
12561,0.000828,172.217.194.0-255,1484,32936,64,298720
12562,0.000835,172.31.40.0-255,66,33002,64,298720
12563,0.000842,172.217.194.0-255,2902,35904,64,298720
12564,0.000845,172.31.40.0-255,66,35970,64,298720
12565,0.000852,172.217.194.0-255,5738,41708,64,298720
12566,0.000854,172.31.40.0-255,66,41774,64,298720
12567,0.000879,172.217.194.0-255,4320,46094,64,298720
12568,0.000882,172.31.40.0-255,66,46160,64,298720
12569,0.000918,172.31.40.0-255,66,46226,64,298720
12570,0.00093,172.31.40.0-255,66,46292,64,298720
12571,0.000932,172.217.194.0-255,1125,47417,64,298720
12572,0.001102,172.217.194.0-255,360,47777,64,298720
12573,0.001287,172.217.194.0-255,383,48160,64,298720
12574,0.00131,172.31.40.0-255,66,48226,64,298720
12575,0.001511,172.217.194.0-255,1484,49710,64,298720
12576,0.001519,172.217.194.0-255,2902,52612,64,298720
12577,0.001522,172.31.40.0-255,66,52678,64,298720
12578,0.001545,172.217.194.0-255,5738,58416,64,298720
12579,0.001548,172.31.40.0-255,66,58482,64,298720
12580,0.001554,172.217.194.0-255,4320,62802,64,298720
12581,0.001556,172.31.40.0-255,66,62868,64,298720
12582,0.001589,172.31.40.0-255,66,62934,64,298720
12583,0.001619,172.31.40.0-255,66,63000,64,298720
12584,0.001904,172.217.194.0-255,1484,64484,64,298720
12585,0.001922,172.217.194.0-255,2902,67386,64,298720
12586,0.001925,172.31.40.0-255,66,67452,64,298720
12587,0.001932,172.217.194.0-255,5738,73190,64,298720
12588,0.001934,172.31.40.0-255,66,73256,64,298720
12589,0.001939,172.217.194.0-255,2902,76158,64,298720
12590,0.001941,172.31.40.0-255,66,76224,64,298720
12591,0.001969,172.31.40.0-255,66,76290,64,298720
12592,0.00198,172.31.40.0-255,66,76356,64,298720
12593,0.002008,172.217.194.0-255,2184,78540,64,298720
12594,0.00201,172.31.40.0-255,66,78606,64,298720
12595,0.002238,172.217.194.0-255,1484,80090,64,298720
12596,0.002244,172.217.194.0-255,2902,82992,64,298720
12597,0.002248,172.31.40.0-255,66,83058,64,298720
12598,0.002275,172.217.194.0-255,5738,88796,64,298720
12599,0.002278,172.31.40.0-255,66,88862,64,298720
12600,0.002286,172.217.194.0-255,7156,96018,64,298720
12601,0.002287,172.31.40.0-255,66,96084,64,298720
12602,0.002312,172.217.194.0-255,5738,101822,64,298720
12603,0.002315,172.31.40.0-255,66,101888,64,298720
12604,0.002321,172.217.194.0-255,5738,107626,64,298720
12605,0.002323,172.31.40.0-255,66,107692,64,298720
12606,0.002341,172.217.194.0-255,5020,112712,64,298720
12607,0.002343,172.31.40.0-255,66,112778,64,298720
12608,0.002517,172.217.194.0-255,1484,114262,64,298720
12609,0.002521,172.217.194.0-255,1484,115746,64,298720
12610,0.002524,172.31.40.0-255,66,115812,64,298720
12611,0.002546,172.217.194.0-255,1484,117296,64,298720
12612,0.002551,172.217.194.0-255,5738,123034,64,298720
12613,0.002553,172.31.40.0-255,66,123100,64,298720
12614,0.002556,172.217.194.0-255,1484,124584,64,298720
12615,0.002584,172.31.40.0-255,66,124650,64,298720
12616,0.002588,172.217.194.0-255,4320,128970,64,298720
12617,0.00259,172.31.40.0-255,66,129036,64,298720
12618,0.002612,172.217.194.0-255,5738,134774,64,298720
12619,0.002614,172.31.40.0-255,66,134840,64,298720
12620,0.002617,172.217.194.0-255,766,135606,64,298720
12621,0.002719,172.217.194.0-255,1484,137090,64,298720
12622,0.002722,172.31.40.0-255,66,137156,64,298720
12623,0.002726,172.217.194.0-255,1484,138640,64,298720
12624,0.002742,172.217.194.0-255,1484,140124,64,298720
12625,0.002744,172.31.40.0-255,66,140190,64,298720
12626,0.002751,172.217.194.0-255,5738,145928,64,298720
12627,0.002753,172.31.40.0-255,66,145994,64,298720
12628,0.002779,172.217.194.0-255,7156,153150,64,298720
12629,0.002782,172.31.40.0-255,66,153216,64,298720
12630,0.002806,172.217.194.0-255,1484,154700,64,298720
12631,0.002835,172.217.194.0-255,4320,159020,64,298720
12632,0.002839,172.31.40.0-255,66,159086,64,298720
12633,0.002863,172.217.194.0-255,7156,166242,64,298720
12634,0.002866,172.31.40.0-255,66,166308,64,298720
12635,0.00287,172.217.194.0-255,2902,169210,64,298720
12636,0.002873,172.31.40.0-255,66,169276,64,298720
12637,0.0029,172.31.40.0-255,66,169342,64,298720
12638,0.002907,172.217.194.0-255,5738,175080,64,298720
12639,0.00291,172.31.40.0-255,66,175146,64,298720
12640,0.002943,172.217.194.0-255,7156,182302,64,298720
12641,0.002946,172.31.40.0-255,66,182368,64,298720
12642,0.002954,172.217.194.0-255,7156,189524,64,298720
12643,0.002956,172.31.40.0-255,66,189590,64,298720
12644,0.002982,172.217.194.0-255,5020,194610,64,298720
12645,0.002984,172.31.40.0-255,66,194676,64,298720
12646,0.003024,172.217.194.0-255,5738,200414,64,298720
12647,0.003027,172.31.40.0-255,66,200480,64,298720
12648,0.003064,172.217.194.0-255,7156,207636,64,298720
12649,0.003067,172.31.40.0-255,66,207702,64,298720
12650,0.003125,172.31.40.0-255,66,207768,64,298720
12651,0.003131,172.217.194.0-255,5738,213506,64,298720
12652,0.003133,172.31.40.0-255,66,213572,64,298720
12653,0.003136,172.217.194.0-255,766,214338,64,298720
12654,0.003152,172.217.194.0-255,1484,215822,64,298720
12655,0.003154,172.31.40.0-255,66,215888,64,298720
12656,0.00316,172.217.194.0-255,4320,220208,64,298720
12657,0.003162,172.31.40.0-255,66,220274,64,298720
12658,0.003181,172.217.194.0-255,2902,223176,64,298720
12659,0.003184,172.31.40.0-255,66,223242,64,298720
12660,0.003212,172.217.194.0-255,7156,230398,64,298720
12661,0.003215,172.31.40.0-255,66,230464,64,298720
12662,0.003225,172.31.40.0-255,66,230530,64,298720
12663,0.003249,172.217.194.0-255,5738,236268,64,298720
12664,0.003252,172.31.40.0-255,66,236334,64,298720
12665,0.003284,172.217.194.0-255,3602,239936,64,298720
12666,0.003287,172.31.40.0-255,66,240002,64,298720
12667,0.003405,172.217.194.0-255,1484,241486,64,298720
12668,0.00342,172.217.194.0-255,2902,244388,64,298720
12669,0.003423,172.31.40.0-255,66,244454,64,298720
12670,0.003448,172.217.194.0-255,5738,250192,64,298720
12671,0.003451,172.31.40.0-255,66,250258,64,298720
12672,0.003456,172.217.194.0-255,2902,253160,64,298720
12673,0.003458,172.31.40.0-255,66,253226,64,298720
12674,0.00349,172.217.194.0-255,4320,257546,64,298720
12675,0.003493,172.31.40.0-255,66,257612,64,298720
12676,0.003504,172.31.40.0-255,66,257678,64,298720
12677,0.003532,172.217.194.0-255,5738,263416,64,298720
12678,0.003536,172.31.40.0-255,66,263482,64,298720
12679,0.00354,172.217.194.0-255,2184,265666,64,298720
12680,0.003542,172.31.40.0-255,66,265732,64,298720
12681,0.003584,172.217.194.0-255,2902,268634,64,298720
12682,0.003588,172.31.40.0-255,66,268700,64,298720
12683,0.003593,172.217.194.0-255,2902,271602,64,298720
12684,0.003595,172.31.40.0-255,66,271668,64,298720
12685,0.003628,172.217.194.0-255,7156,278824,64,298720
12686,0.003632,172.31.40.0-255,66,278890,64,298720
12687,0.003642,172.217.194.0-255,1484,280374,64,298720
12688,0.003674,172.31.40.0-255,66,280440,64,298720
12689,0.003679,172.217.194.0-255,2902,283342,64,298720
12690,0.003681,172.31.40.0-255,66,283408,64,298720
12691,0.003685,172.217.194.0-255,1484,284892,64,298720
12692,0.003709,172.217.194.0-255,2184,287076,64,298720
12693,0.003713,172.31.40.0-255,66,287142,64,298720
12694,0.003779,172.217.194.0-255,1484,288626,64,298720
12695,0.003814,172.217.194.0-255,1484,290110,64,298720
12696,0.003818,172.31.40.0-255,66,290176,64,298720
12697,0.003823,172.217.194.0-255,2488,292664,64,298720
12698,0.003825,172.31.40.0-255,66,292730,64,298720
12699,0.003829,172.217.194.0-255,97,292827,64,298720
12700,0.003928,172.217.194.0-255,105,292932,64,298720
12701,0.013626,172.31.40.0-255,101,293033,64,298720
12702,0.013665,172.217.194.0-255,105,293138,64,298720
12703,0.013685,172.31.40.0-255,78,293216,64,298720
12704,0.014086,172.31.40.0-255,105,293321,64,298720
12705,0.015959,172.217.194.0-255,66,293387,64,298720
12706,0.016376,172.217.194.0-255,66,293453,64,298720
12707,0.050733,172.31.40.0-255,167,293620,64,298720
12708,0.050771,172.31.40.0-255,1111,294731,64,298720
12709,0.050834,172.31.40.0-255,1514,296245,64,298720
12710,0.050836,172.31.40.0-255,1514,297759,64,298720
12711,0.050861,172.31.40.0-255,697,298456,64,298720
12712,0.052292,104.244.42.0-255,66,298522,64,298720
12713,0.052343,104.244.42.0-255,66,298588,64,298720
12714,0.052403,104.244.42.0-255,66,298654,64,298720
12715,0.052408,104.244.42.0-255,66,298720,64,298720
12716,0.0,74.125.130.0-255,143,143,64,340776
12717,1.7e-05,172.31.40.0-255,66,209,64,340776
12718,2.5e-05,74.125.130.0-255,1484,1693,64,340776
12719,2.9e-05,172.31.40.0-255,66,1759,64,340776
12720,3.5e-05,74.125.130.0-255,2902,4661,64,340776
12721,3.8e-05,172.31.40.0-255,66,4727,64,340776
12722,4.7e-05,74.125.130.0-255,7156,11883,64,340776
12723,5.1e-05,172.31.40.0-255,66,11949,64,340776
12724,5.5e-05,74.125.130.0-255,2062,14011,64,340776
12725,5.8e-05,172.31.40.0-255,66,14077,64,340776
12726,0.00064,74.125.130.0-255,1484,15561,64,340776
12727,0.000647,172.31.40.0-255,66,15627,64,340776
12728,0.000655,74.125.130.0-255,2902,18529,64,340776
12729,0.000658,172.31.40.0-255,66,18595,64,340776
12730,0.000692,74.125.130.0-255,5738,24333,64,340776
12731,0.000695,172.31.40.0-255,66,24399,64,340776
12732,0.000703,74.125.130.0-255,6797,31196,64,340776
12733,0.000706,172.31.40.0-255,66,31262,64,340776
12734,0.000719,74.125.130.0-255,1484,32746,64,340776
12735,0.000721,172.31.40.0-255,66,32812,64,340776
12736,0.000726,74.125.130.0-255,2902,35714,64,340776
12737,0.000728,172.31.40.0-255,66,35780,64,340776
12738,0.000758,74.125.130.0-255,5738,41518,64,340776
12739,0.000761,172.31.40.0-255,66,41584,64,340776
12740,0.000765,74.125.130.0-255,1484,43068,64,340776
12741,0.000767,172.31.40.0-255,66,43134,64,340776
12742,0.000784,74.125.130.0-255,5379,48513,64,340776
12743,0.000787,172.31.40.0-255,66,48579,64,340776
12744,0.003455,74.125.130.0-255,1484,50063,64,340776
12745,0.003463,172.31.40.0-255,66,50129,64,340776
12746,0.00347,74.125.130.0-255,2902,53031,64,340776
12747,0.003473,172.31.40.0-255,66,53097,64,340776
12748,0.003476,74.125.130.0-255,1484,54581,64,340776
12749,0.005395,74.125.130.0-255,4320,58901,64,340776
12750,0.005402,172.31.40.0-255,66,58967,64,340776
12751,0.007349,74.125.130.0-255,5738,64705,64,340776
12752,0.007357,172.31.40.0-255,66,64771,64,340776
12753,0.009325,74.125.130.0-255,5738,70509,64,340776
12754,0.009332,172.31.40.0-255,66,70575,64,340776
12755,0.011281,74.125.130.0-255,5738,76313,64,340776
12756,0.01129,172.31.40.0-255,66,76379,64,340776
12757,0.01324,74.125.130.0-255,5738,82117,64,340776
12758,0.013249,172.31.40.0-255,66,82183,64,340776
12759,0.015184,74.125.130.0-255,5738,87921,64,340776
12760,0.015191,172.31.40.0-255,66,87987,64,340776
12761,0.017139,74.125.130.0-255,5738,93725,64,340776
12762,0.017147,172.31.40.0-255,66,93791,64,340776
12763,0.019092,74.125.130.0-255,4320,98111,64,340776
12764,0.019099,172.31.40.0-255,66,98177,64,340776
12765,0.01912,74.125.130.0-255,1484,99661,64,340776
12766,0.021033,74.125.130.0-255,4320,103981,64,340776
12767,0.021041,172.31.40.0-255,66,104047,64,340776
12768,0.022987,74.125.130.0-255,5738,109785,64,340776
12769,0.022994,172.31.40.0-255,66,109851,64,340776
12770,0.023167,172.31.40.0-255,172,110023,64,340776
12771,0.023196,172.31.40.0-255,1112,111135,64,340776
12772,0.023327,172.31.40.0-255,1514,112649,64,340776
12773,0.023329,172.31.40.0-255,1297,113946,64,340776
12774,0.024695,104.244.42.0-255,66,114012,64,340776
12775,0.024731,104.244.42.0-255,66,114078,64,340776
12776,0.02488,104.244.42.0-255,66,114144,64,340776
12777,0.024932,74.125.130.0-255,5738,119882,64,340776
12778,0.024938,172.31.40.0-255,66,119948,64,340776
12779,0.0269,74.125.130.0-255,5738,125686,64,340776
12780,0.026906,172.31.40.0-255,66,125752,64,340776
12781,0.028843,74.125.130.0-255,5738,131490,64,340776
12782,0.02885,172.31.40.0-255,66,131556,64,340776
12783,0.030804,74.125.130.0-255,5738,137294,64,340776
12784,0.03081,172.31.40.0-255,66,137360,64,340776
12785,0.032759,74.125.130.0-255,5738,143098,64,340776
12786,0.032766,172.31.40.0-255,66,143164,64,340776
12787,0.033907,172.31.40.0-255,105,143269,64,340776
12788,0.034716,74.125.130.0-255,5738,149007,64,340776
12789,0.034722,172.31.40.0-255,66,149073,64,340776
12790,0.035671,157.240.7.0-255,105,149178,64,340776
12791,0.03568,172.31.40.0-255,66,149244,64,340776
12792,0.036666,74.125.130.0-255,5738,154982,64,340776
12793,0.036671,172.31.40.0-255,66,155048,64,340776
12794,0.038624,74.125.130.0-255,5738,160786,64,340776
12795,0.038631,172.31.40.0-255,66,160852,64,340776
12796,0.040584,74.125.130.0-255,5738,166590,64,340776
12797,0.04059,172.31.40.0-255,66,166656,64,340776
12798,0.042544,74.125.130.0-255,5738,172394,64,340776
12799,0.04255,172.31.40.0-255,66,172460,64,340776
12800,0.0445,74.125.130.0-255,5738,178198,64,340776
12801,0.044507,172.31.40.0-255,66,178264,64,340776
12802,0.046446,74.125.130.0-255,5738,184002,64,340776
12803,0.046453,172.31.40.0-255,66,184068,64,340776
12804,0.048392,74.125.130.0-255,5738,189806,64,340776
12805,0.048398,172.31.40.0-255,66,189872,64,340776
12806,0.05034,74.125.130.0-255,5738,195610,64,340776
12807,0.050348,172.31.40.0-255,66,195676,64,340776
12808,0.052294,74.125.130.0-255,5738,201414,64,340776
12809,0.052301,172.31.40.0-255,66,201480,64,340776
12810,0.054258,74.125.130.0-255,5738,207218,64,340776
12811,0.054267,172.31.40.0-255,66,207284,64,340776
12812,0.056269,74.125.130.0-255,5738,213022,64,340776
12813,0.056275,172.31.40.0-255,66,213088,64,340776
12814,0.058224,74.125.130.0-255,5738,218826,64,340776
12815,0.058234,172.31.40.0-255,66,218892,64,340776
12816,0.060188,74.125.130.0-255,5738,224630,64,340776
12817,0.060196,172.31.40.0-255,66,224696,64,340776
12818,0.062149,74.125.130.0-255,5738,230434,64,340776
12819,0.062155,172.31.40.0-255,66,230500,64,340776
12820,0.064114,74.125.130.0-255,5738,236238,64,340776
12821,0.064121,172.31.40.0-255,66,236304,64,340776
12822,0.066069,74.125.130.0-255,5738,242042,64,340776
12823,0.066076,172.31.40.0-255,66,242108,64,340776
12824,0.068017,74.125.130.0-255,5738,247846,64,340776
12825,0.068023,172.31.40.0-255,66,247912,64,340776
12826,0.069969,74.125.130.0-255,5738,253650,64,340776
12827,0.069976,172.31.40.0-255,66,253716,64,340776
12828,0.071958,74.125.130.0-255,5738,259454,64,340776
12829,0.071977,172.31.40.0-255,66,259520,64,340776
12830,0.07392,74.125.130.0-255,5738,265258,64,340776
12831,0.073932,172.31.40.0-255,66,265324,64,340776
12832,0.075888,74.125.130.0-255,5738,271062,64,340776
12833,0.075899,172.31.40.0-255,66,271128,64,340776
12834,0.077853,74.125.130.0-255,5738,276866,64,340776
12835,0.077869,172.31.40.0-255,66,276932,64,340776
12836,0.079811,74.125.130.0-255,5738,282670,64,340776
12837,0.079825,172.31.40.0-255,66,282736,64,340776
12838,0.081771,74.125.130.0-255,5738,288474,64,340776
12839,0.081781,172.31.40.0-255,66,288540,64,340776
12840,0.083717,74.125.130.0-255,5738,294278,64,340776
12841,0.083724,172.31.40.0-255,66,294344,64,340776
12842,0.085665,74.125.130.0-255,5738,300082,64,340776
12843,0.085672,172.31.40.0-255,66,300148,64,340776
12844,0.087625,74.125.130.0-255,5738,305886,64,340776
12845,0.087637,172.31.40.0-255,66,305952,64,340776
12846,0.089591,74.125.130.0-255,5738,311690,64,340776
12847,0.089607,172.31.40.0-255,66,311756,64,340776
12848,0.091571,74.125.130.0-255,5738,317494,64,340776
12849,0.091586,172.31.40.0-255,66,317560,64,340776
12850,0.093537,74.125.130.0-255,5738,323298,64,340776
12851,0.093551,172.31.40.0-255,66,323364,64,340776
12852,0.09551,74.125.130.0-255,5738,329102,64,340776
12853,0.095524,172.31.40.0-255,66,329168,64,340776
12854,0.09747,74.125.130.0-255,5738,334906,64,340776
12855,0.097485,172.31.40.0-255,66,334972,64,340776
12856,0.099432,74.125.130.0-255,5738,340710,64,340776
12857,0.099444,172.31.40.0-255,66,340776,64,340776
12858,0.0,172.217.194.0-255,152,152,64,311745
12859,2.3e-05,172.31.40.0-255,66,218,64,311745
12860,3.1e-05,172.217.194.0-255,1484,1702,64,311745
12861,3.5e-05,172.31.40.0-255,66,1768,64,311745
12862,4.1e-05,172.217.194.0-255,2902,4670,64,311745
12863,4.4e-05,172.31.40.0-255,66,4736,64,311745
12864,7e-05,172.217.194.0-255,2902,7638,64,311745
12865,7.2e-05,172.31.40.0-255,66,7704,64,311745
12866,9e-05,172.217.194.0-255,2902,10606,64,311745
12867,9.3e-05,172.31.40.0-255,66,10672,64,311745
12868,0.000196,172.217.194.0-255,3456,14128,64,311745
12869,0.000201,172.31.40.0-255,66,14194,64,311745
12870,0.000406,172.217.194.0-255,1484,15678,64,311745
12871,0.00041,172.31.40.0-255,66,15744,64,311745
12872,0.000416,172.217.194.0-255,2902,18646,64,311745
12873,0.000419,172.31.40.0-255,66,18712,64,311745
12874,0.000482,172.217.194.0-255,5738,24450,64,311745
12875,0.000486,172.31.40.0-255,66,24516,64,311745
12876,0.000599,172.217.194.0-255,4320,28836,64,311745
12877,0.000603,172.31.40.0-255,66,28902,64,311745
12878,0.000621,172.217.194.0-255,2543,31445,64,311745
12879,0.000624,172.31.40.0-255,66,31511,64,311745
12880,0.00093,172.217.194.0-255,1484,32995,64,311745
12881,0.000936,172.31.40.0-255,66,33061,64,311745
12882,0.000945,172.217.194.0-255,2902,35963,64,311745
12883,0.000947,172.31.40.0-255,66,36029,64,311745
12884,0.00099,172.217.194.0-255,5738,41767,64,311745
12885,0.000993,172.31.40.0-255,66,41833,64,311745
12886,0.001115,172.217.194.0-255,4320,46153,64,311745
12887,0.00112,172.31.40.0-255,66,46219,64,311745
12888,0.001206,172.217.194.0-255,7156,53375,64,311745
12889,0.00121,172.31.40.0-255,66,53441,64,311745
12890,0.001225,172.217.194.0-255,5379,58820,64,311745
12891,0.001478,172.217.194.0-255,6797,65617,64,311745
12892,0.001654,172.217.194.0-255,647,66264,64,311745
12893,0.001778,172.217.194.0-255,1484,67748,64,311745
12894,0.001792,172.217.194.0-255,2902,70650,64,311745
12895,0.001842,172.217.194.0-255,1484,72134,64,311745
12896,0.001861,172.217.194.0-255,4320,76454,64,311745
12897,0.001973,172.217.194.0-255,4320,80774,64,311745
12898,0.001986,172.217.194.0-255,2902,83676,64,311745
12899,0.002132,172.217.194.0-255,7156,90832,64,311745
12900,0.002156,172.217.194.0-255,7156,97988,64,311745
12901,0.002435,172.217.194.0-255,2184,100172,64,311745
12902,0.006104,172.31.40.0-255,66,100238,64,311745
12903,0.008706,172.217.194.0-255,5738,105976,64,311745
12904,0.008714,172.31.40.0-255,66,106042,64,311745
12905,0.011321,172.217.194.0-255,5738,111780,64,311745
12906,0.011332,172.31.40.0-255,66,111846,64,311745
12907,0.013865,172.217.194.0-255,5738,117584,64,311745
12908,0.013876,172.31.40.0-255,66,117650,64,311745
12909,0.016443,172.217.194.0-255,5738,123388,64,311745
12910,0.016453,172.31.40.0-255,66,123454,64,311745
12911,0.019001,172.217.194.0-255,5738,129192,64,311745
12912,0.019009,172.31.40.0-255,66,129258,64,311745
12913,0.021563,172.217.194.0-255,5738,134996,64,311745
12914,0.021571,172.31.40.0-255,66,135062,64,311745
12915,0.02415,172.217.194.0-255,5738,140800,64,311745
12916,0.024158,172.31.40.0-255,66,140866,64,311745
12917,0.024294,172.31.40.0-255,167,141033,64,311745
12918,0.024321,172.31.40.0-255,1112,142145,64,311745
12919,0.024461,172.31.40.0-255,1514,143659,64,311745
12920,0.024463,172.31.40.0-255,1514,145173,64,311745
12921,0.024464,172.31.40.0-255,696,145869,64,311745
12922,0.025849,104.244.42.0-255,66,145935,64,311745
12923,0.02587,104.244.42.0-255,66,146001,64,311745
12924,0.026053,104.244.42.0-255,66,146067,64,311745
12925,0.026058,104.244.42.0-255,66,146133,64,311745
12926,0.026723,172.217.194.0-255,4320,150453,64,311745
12927,0.02673,172.31.40.0-255,66,150519,64,311745
12928,0.026752,172.217.194.0-255,1484,152003,64,311745
12929,0.02933,172.217.194.0-255,4320,156323,64,311745
12930,0.029336,172.31.40.0-255,66,156389,64,311745
12931,0.03191,172.217.194.0-255,5738,162127,64,311745
12932,0.031961,172.31.40.0-255,66,162193,64,311745
12933,0.034526,172.217.194.0-255,5738,167931,64,311745
12934,0.034533,172.31.40.0-255,66,167997,64,311745
12935,0.037099,172.217.194.0-255,4320,172317,64,311745
12936,0.037105,172.31.40.0-255,66,172383,64,311745
12937,0.037124,172.217.194.0-255,1484,173867,64,311745
12938,0.039674,172.217.194.0-255,4320,178187,64,311745
12939,0.03968,172.31.40.0-255,66,178253,64,311745
12940,0.042226,172.217.194.0-255,5738,183991,64,311745
12941,0.042275,172.31.40.0-255,66,184057,64,311745
12942,0.044833,172.217.194.0-255,5738,189795,64,311745
12943,0.044839,172.31.40.0-255,66,189861,64,311745
12944,0.047358,172.217.194.0-255,5738,195599,64,311745
12945,0.047364,172.31.40.0-255,66,195665,64,311745
12946,0.049921,172.217.194.0-255,5738,201403,64,311745
12947,0.04993,172.31.40.0-255,66,201469,64,311745
12948,0.052487,172.217.194.0-255,5738,207207,64,311745
12949,0.052493,172.31.40.0-255,66,207273,64,311745
12950,0.055071,172.217.194.0-255,5738,213011,64,311745
12951,0.055078,172.31.40.0-255,66,213077,64,311745
12952,0.057648,172.217.194.0-255,5738,218815,64,311745
12953,0.057655,172.31.40.0-255,66,218881,64,311745
12954,0.060209,172.217.194.0-255,5738,224619,64,311745
12955,0.060215,172.31.40.0-255,66,224685,64,311745
12956,0.062746,172.217.194.0-255,5738,230423,64,311745
12957,0.062753,172.31.40.0-255,66,230489,64,311745
12958,0.065338,172.217.194.0-255,5738,236227,64,311745
12959,0.065345,172.31.40.0-255,66,236293,64,311745
12960,0.067899,172.217.194.0-255,5738,242031,64,311745
12961,0.067905,172.31.40.0-255,66,242097,64,311745
12962,0.070439,172.217.194.0-255,5738,247835,64,311745
12963,0.070445,172.31.40.0-255,66,247901,64,311745
12964,0.072997,172.217.194.0-255,5738,253639,64,311745
12965,0.073003,172.31.40.0-255,66,253705,64,311745
12966,0.075573,172.217.194.0-255,5738,259443,64,311745
12967,0.075591,172.31.40.0-255,66,259509,64,311745
12968,0.078165,172.217.194.0-255,5738,265247,64,311745
12969,0.078983,172.31.40.0-255,66,265313,64,311745
12970,0.081611,172.217.194.0-255,5738,271051,64,311745
12971,0.08162,172.31.40.0-255,66,271117,64,311745
12972,0.084181,172.217.194.0-255,5738,276855,64,311745
12973,0.0842,172.31.40.0-255,66,276921,64,311745
12974,0.086764,172.217.194.0-255,5738,282659,64,311745
12975,0.086783,172.31.40.0-255,66,282725,64,311745
12976,0.089354,172.217.194.0-255,5738,288463,64,311745
12977,0.089372,172.31.40.0-255,66,288529,64,311745
12978,0.091944,172.217.194.0-255,5738,294267,64,311745
12979,0.091961,172.31.40.0-255,66,294333,64,311745
12980,0.094516,172.217.194.0-255,5738,300071,64,311745
12981,0.094526,172.31.40.0-255,66,300137,64,311745
12982,0.097137,172.217.194.0-255,5738,305875,64,311745
12983,0.097155,172.31.40.0-255,66,305941,64,311745
12984,0.099707,172.217.194.0-255,5738,311679,64,311745
12985,0.099724,172.31.40.0-255,66,311745,64,311745
12986,0.0,172.217.194.0-255,153,153,64,283713
12987,1.8e-05,172.31.40.0-255,66,219,64,283713
12988,2.5e-05,172.217.194.0-255,1484,1703,64,283713
12989,2.9e-05,172.31.40.0-255,66,1769,64,283713
12990,3.4e-05,172.217.194.0-255,2902,4671,64,283713
12991,3.8e-05,172.31.40.0-255,66,4737,64,283713
12992,4.5e-05,172.217.194.0-255,4320,9057,64,283713
12993,4.9e-05,172.31.40.0-255,66,9123,64,283713
12994,7.7e-05,172.217.194.0-255,4876,13999,64,283713
12995,8.1e-05,172.31.40.0-255,66,14065,64,283713
12996,0.000323,172.217.194.0-255,1484,15549,64,283713
12997,0.000329,172.31.40.0-255,66,15615,64,283713
12998,0.000335,172.217.194.0-255,2902,18517,64,283713
12999,0.000337,172.31.40.0-255,66,18583,64,283713
13000,0.000344,172.217.194.0-255,5738,24321,64,283713
13001,0.000348,172.31.40.0-255,66,24387,64,283713
13002,0.000395,172.217.194.0-255,6797,31184,64,283713
13003,0.000398,172.31.40.0-255,66,31250,64,283713
13004,0.000451,172.217.194.0-255,1484,32734,64,283713
13005,0.000454,172.31.40.0-255,66,32800,64,283713
13006,0.000459,172.217.194.0-255,2902,35702,64,283713
13007,0.000462,172.31.40.0-255,66,35768,64,283713
13008,0.000465,172.217.194.0-255,1484,37252,64,283713
13009,0.000467,172.31.40.0-255,66,37318,64,283713
13010,0.000487,172.217.194.0-255,4320,41638,64,283713
13011,0.00049,172.31.40.0-255,66,41704,64,283713
13012,0.000493,172.217.194.0-255,1484,43188,64,283713
13013,0.000495,172.31.40.0-255,66,43254,64,283713
13014,0.000502,172.217.194.0-255,5738,48992,64,283713
13015,0.000504,172.31.40.0-255,66,49058,64,283713
13016,0.000526,172.217.194.0-255,3961,53019,64,283713
13017,0.000529,172.31.40.0-255,66,53085,64,283713
13018,0.000547,172.217.194.0-255,5738,58823,64,283713
13019,0.00055,172.31.40.0-255,66,58889,64,283713
13020,0.000577,172.217.194.0-255,7050,65939,64,283713
13021,0.00058,172.31.40.0-255,66,66005,64,283713
13022,0.000583,172.217.194.0-255,118,66123,64,283713
13023,0.000624,172.217.194.0-255,382,66505,64,283713
13024,0.001104,172.217.194.0-255,1484,67989,64,283713
13025,0.001109,172.31.40.0-255,66,68055,64,283713
13026,0.001113,172.217.194.0-255,1484,69539,64,283713
13027,0.001126,172.217.194.0-255,1484,71023,64,283713
13028,0.001128,172.31.40.0-255,66,71089,64,283713
13029,0.001135,172.217.194.0-255,5738,76827,64,283713
13030,0.001138,172.31.40.0-255,66,76893,64,283713
13031,0.00117,172.217.194.0-255,7156,84049,64,283713
13032,0.001173,172.31.40.0-255,66,84115,64,283713
13033,0.001184,172.31.40.0-255,66,84181,64,283713
13034,0.001211,172.217.194.0-255,5738,89919,64,283713
13035,0.001214,172.31.40.0-255,66,89985,64,283713
13036,0.001218,172.217.194.0-255,2184,92169,64,283713
13037,0.00122,172.31.40.0-255,66,92235,64,283713
13038,0.001319,172.217.194.0-255,1484,93719,64,283713
13039,0.001323,172.217.194.0-255,1484,95203,64,283713
13040,0.001327,172.31.40.0-255,66,95269,64,283713
13041,0.001338,172.217.194.0-255,1484,96753,64,283713
13042,0.001344,172.217.194.0-255,5738,102491,64,283713
13043,0.001346,172.31.40.0-255,66,102557,64,283713
13044,0.00137,172.217.194.0-255,2902,105459,64,283713
13045,0.001372,172.31.40.0-255,66,105525,64,283713
13046,0.001388,172.217.194.0-255,7156,112681,64,283713
13047,0.00139,172.31.40.0-255,66,112747,64,283713
13048,0.001395,172.217.194.0-255,4320,117067,64,283713
13049,0.001397,172.31.40.0-255,66,117133,64,283713
13050,0.001421,172.217.194.0-255,4320,121453,64,283713
13051,0.001424,172.31.40.0-255,66,121519,64,283713
13052,0.001444,172.217.194.0-255,5020,126539,64,283713
13053,0.001447,172.31.40.0-255,66,126605,64,283713
13054,0.00154,172.217.194.0-255,1484,128089,64,283713
13055,0.001557,172.217.194.0-255,2902,130991,64,283713
13056,0.001562,172.217.194.0-255,4320,135311,64,283713
13057,0.001571,172.31.40.0-255,66,135377,64,283713
13058,0.001575,172.31.40.0-255,66,135443,64,283713
13059,0.001579,172.217.194.0-255,1484,136927,64,283713
13060,0.001585,172.217.194.0-255,5738,142665,64,283713
13061,0.001587,172.31.40.0-255,66,142731,64,283713
13062,0.001618,172.217.194.0-255,7156,149887,64,283713
13063,0.00162,172.31.40.0-255,66,149953,64,283713
13064,0.001634,172.31.40.0-255,66,150019,64,283713
13065,0.002001,172.217.194.0-255,1484,151503,64,283713
13066,0.002009,172.217.194.0-255,2902,154405,64,283713
13067,0.002013,172.31.40.0-255,66,154471,64,283713
13068,0.002018,172.217.194.0-255,2902,157373,64,283713
13069,0.00202,172.31.40.0-255,66,157439,64,283713
13070,0.002033,172.217.194.0-255,2902,160341,64,283713
13071,0.002036,172.31.40.0-255,66,160407,64,283713
13072,0.002039,172.217.194.0-255,1484,161891,64,283713
13073,0.002073,172.31.40.0-255,66,161957,64,283713
13074,0.002086,172.31.40.0-255,66,162023,64,283713
13075,0.002176,172.217.194.0-255,1484,163507,64,283713
13076,0.002182,172.217.194.0-255,2902,166409,64,283713
13077,0.002186,172.31.40.0-255,66,166475,64,283713
13078,0.002238,172.217.194.0-255,5738,172213,64,283713
13079,0.002242,172.31.40.0-255,66,172279,64,283713
13080,0.00225,172.217.194.0-255,7156,179435,64,283713
13081,0.002253,172.31.40.0-255,66,179501,64,283713
13082,0.002267,172.31.40.0-255,66,179567,64,283713
13083,0.00227,172.217.194.0-255,2184,181751,64,283713
13084,0.002273,172.31.40.0-255,66,181817,64,283713
13085,0.002371,172.217.194.0-255,1484,183301,64,283713
13086,0.002393,172.217.194.0-255,2902,186203,64,283713
13087,0.002397,172.31.40.0-255,66,186269,64,283713
13088,0.002401,172.217.194.0-255,1484,187753,64,283713
13089,0.002418,172.217.194.0-255,4320,192073,64,283713
13090,0.002421,172.31.40.0-255,66,192139,64,283713
13091,0.002424,172.217.194.0-255,1484,193623,64,283713
13092,0.002434,172.217.194.0-255,4320,197943,64,283713
13093,0.002436,172.31.40.0-255,66,198009,64,283713
13094,0.002455,172.217.194.0-255,4320,202329,64,283713
13095,0.002458,172.31.40.0-255,66,202395,64,283713
13096,0.002479,172.217.194.0-255,1484,203879,64,283713
13097,0.002514,172.31.40.0-255,66,203945,64,283713
13098,0.002517,172.217.194.0-255,1484,205429,64,283713
13099,0.002523,172.217.194.0-255,4320,209749,64,283713
13100,0.002525,172.31.40.0-255,66,209815,64,283713
13101,0.002527,172.217.194.0-255,1484,211299,64,283713
13102,0.00253,172.31.40.0-255,78,211377,64,283713
13103,0.002537,172.217.194.0-255,7156,218533,64,283713
13104,0.00254,172.31.40.0-255,66,218599,64,283713
13105,0.002555,172.31.40.0-255,66,218665,64,283713
13106,0.003093,172.217.194.0-255,1484,220149,64,283713
13107,0.003101,172.217.194.0-255,2902,223051,64,283713
13108,0.003106,172.31.40.0-255,66,223117,64,283713
13109,0.003113,172.217.194.0-255,5738,228855,64,283713
13110,0.003116,172.31.40.0-255,66,228921,64,283713
13111,0.003119,172.217.194.0-255,1484,230405,64,283713
13112,0.003148,172.31.40.0-255,66,230471,64,283713
13113,0.003171,172.217.194.0-255,1484,231955,64,283713
13114,0.003194,172.31.40.0-255,66,232021,64,283713
13115,0.003213,172.217.194.0-255,3602,235623,64,283713
13116,0.003216,172.31.40.0-255,66,235689,64,283713
13117,0.003226,172.217.194.0-255,1484,237173,64,283713
13118,0.003229,172.217.194.0-255,1484,238657,64,283713
13119,0.003231,172.31.40.0-255,66,238723,64,283713
13120,0.003242,172.217.194.0-255,1484,240207,64,283713
13121,0.003261,172.217.194.0-255,5738,245945,64,283713
13122,0.003264,172.31.40.0-255,66,246011,64,283713
13123,0.003267,172.217.194.0-255,1484,247495,64,283713
13124,0.003294,172.31.40.0-255,66,247561,64,283713
13125,0.003306,172.31.40.0-255,66,247627,64,283713
13126,0.003324,172.217.194.0-255,766,248393,64,283713
13127,0.003374,172.217.194.0-255,1484,249877,64,283713
13128,0.003376,172.31.40.0-255,66,249943,64,283713
13129,0.003394,172.217.194.0-255,2902,252845,64,283713
13130,0.003396,172.31.40.0-255,66,252911,64,283713
13131,0.003399,172.217.194.0-255,1484,254395,64,283713
13132,0.003422,172.217.194.0-255,4320,258715,64,283713
13133,0.003425,172.31.40.0-255,66,258781,64,283713
13134,0.003431,172.217.194.0-255,5738,264519,64,283713
13135,0.003433,172.31.40.0-255,66,264585,64,283713
13136,0.003452,172.217.194.0-255,7156,271741,64,283713
13137,0.003454,172.31.40.0-255,66,271807,64,283713
13138,0.003464,172.31.40.0-255,66,271873,64,283713
13139,0.003523,172.217.194.0-255,2184,274057,64,283713
13140,0.003525,172.31.40.0-255,66,274123,64,283713
13141,0.00434,172.217.194.0-255,1484,275607,64,283713
13142,0.004357,172.217.194.0-255,2902,278509,64,283713
13143,0.004359,172.31.40.0-255,66,278575,64,283713
13144,0.004363,172.217.194.0-255,1538,280113,64,283713
13145,0.004365,172.31.40.0-255,66,280179,64,283713
13146,0.004421,172.217.194.0-255,105,280284,64,283713
13147,0.012354,172.31.40.0-255,66,280350,64,283713
13148,0.012407,172.31.40.0-255,105,280455,64,283713
13149,0.01478,172.217.194.0-255,66,280521,64,283713
13150,0.056818,172.31.40.0-255,167,280688,64,283713
13151,0.056855,172.31.40.0-255,1108,281796,64,283713
13152,0.056918,172.31.40.0-255,1514,283310,64,283713
13153,0.05692,172.31.40.0-255,337,283647,64,283713
13154,0.058552,104.244.42.0-255,66,283713,64,283713
13155,0.0,172.217.194.0-255,297,297,64,169736
13156,1.6e-05,172.31.40.0-255,66,363,64,169736
13157,2.3e-05,172.217.194.0-255,1484,1847,64,169736
13158,2.8e-05,172.31.40.0-255,66,1913,64,169736
13159,3.5e-05,172.217.194.0-255,4320,6233,64,169736
13160,4.5e-05,172.31.40.0-255,66,6299,64,169736
13161,6.2e-05,172.217.194.0-255,1484,7783,64,169736
13162,6.4e-05,172.31.40.0-255,66,7849,64,169736
13163,9.3e-05,172.31.40.0-255,66,7915,64,169736
13164,0.000104,172.31.40.0-255,66,7981,64,169736
13165,0.000143,172.217.194.0-255,5738,13719,64,169736
13166,0.000146,172.31.40.0-255,66,13785,64,169736
13167,0.000149,172.217.194.0-255,1125,14910,64,169736
13168,0.00015,172.31.40.0-255,66,14976,64,169736
13169,0.000462,172.217.194.0-255,1484,16460,64,169736
13170,0.000467,172.31.40.0-255,66,16526,64,169736
13171,0.000474,172.217.194.0-255,2902,19428,64,169736
13172,0.000477,172.31.40.0-255,66,19494,64,169736
13173,0.000488,172.217.194.0-255,4320,23814,64,169736
13174,0.00049,172.31.40.0-255,66,23880,64,169736
13175,0.000516,172.217.194.0-255,1484,25364,64,169736
13176,0.000519,172.31.40.0-255,66,25430,64,169736
13177,0.000535,172.31.40.0-255,66,25496,64,169736
13178,0.000548,172.31.40.0-255,66,25562,64,169736
13179,0.000582,172.217.194.0-255,7049,32611,64,169736
13180,0.000591,172.31.40.0-255,66,32677,64,169736
13181,0.000594,172.217.194.0-255,119,32796,64,169736
13182,0.000596,172.31.40.0-255,66,32862,64,169736
13183,0.000684,172.217.194.0-255,1484,34346,64,169736
13184,0.000689,172.217.194.0-255,1484,35830,64,169736
13185,0.000692,172.31.40.0-255,66,35896,64,169736
13186,0.000711,172.217.194.0-255,1484,37380,64,169736
13187,0.000718,172.217.194.0-255,5738,43118,64,169736
13188,0.00072,172.31.40.0-255,66,43184,64,169736
13189,0.000749,172.217.194.0-255,1484,44668,64,169736
13190,0.000782,172.31.40.0-255,66,44734,64,169736
13191,0.000799,172.31.40.0-255,66,44800,64,169736
13192,0.000802,172.217.194.0-255,381,45181,64,169736
13193,0.001033,172.217.194.0-255,1484,46665,64,169736
13194,0.001037,172.31.40.0-255,66,46731,64,169736
13195,0.001042,172.217.194.0-255,2902,49633,64,169736
13196,0.001045,172.31.40.0-255,66,49699,64,169736
13197,0.001051,172.217.194.0-255,5738,55437,64,169736
13198,0.001061,172.31.40.0-255,66,55503,64,169736
13199,0.001066,172.217.194.0-255,2902,58405,64,169736
13200,0.001068,172.31.40.0-255,66,58471,64,169736
13201,0.001103,172.217.194.0-255,5738,64209,64,169736
13202,0.001106,172.31.40.0-255,66,64275,64,169736
13203,0.001151,172.31.40.0-255,66,64341,64,169736
13204,0.001578,172.217.194.0-255,1484,65825,64,169736
13205,0.001582,172.217.194.0-255,1484,67309,64,169736
13206,0.001585,172.31.40.0-255,66,67375,64,169736
13207,0.001618,172.217.194.0-255,1484,68859,64,169736
13208,0.001625,172.217.194.0-255,5738,74597,64,169736
13209,0.001627,172.31.40.0-255,66,74663,64,169736
13210,0.001638,172.31.40.0-255,66,74729,64,169736
13211,0.001675,172.217.194.0-255,5738,80467,64,169736
13212,0.001678,172.31.40.0-255,66,80533,64,169736
13213,0.001717,172.31.40.0-255,66,80599,64,169736
13214,0.001756,172.31.40.0-255,66,80665,64,169736
13215,0.001799,172.31.40.0-255,66,80731,64,169736
13216,0.001825,172.217.194.0-255,7156,87887,64,169736
13217,0.001828,172.31.40.0-255,66,87953,64,169736
13218,0.001834,172.217.194.0-255,5020,92973,64,169736
13219,0.001836,172.31.40.0-255,66,93039,64,169736
13220,0.001863,172.31.40.0-255,66,93105,64,169736
13221,0.001869,172.217.194.0-255,5020,98125,64,169736
13222,0.001871,172.31.40.0-255,66,98191,64,169736
13223,0.00191,172.31.40.0-255,66,98257,64,169736
13224,0.001954,172.31.40.0-255,66,98323,64,169736
13225,0.001968,172.31.40.0-255,66,98389,64,169736
13226,0.002023,172.217.194.0-255,1484,99873,64,169736
13227,0.002029,172.217.194.0-255,2902,102775,64,169736
13228,0.002032,172.31.40.0-255,66,102841,64,169736
13229,0.002053,172.217.194.0-255,5738,108579,64,169736
13230,0.002056,172.31.40.0-255,66,108645,64,169736
13231,0.002068,172.217.194.0-255,1484,110129,64,169736
13232,0.002098,172.31.40.0-255,66,110195,64,169736
13233,0.002104,172.217.194.0-255,5738,115933,64,169736
13234,0.002107,172.31.40.0-255,66,115999,64,169736
13235,0.002144,172.217.194.0-255,5020,121019,64,169736
13236,0.002149,172.31.40.0-255,66,121085,64,169736
13237,0.002244,172.217.194.0-255,1484,122569,64,169736
13238,0.00226,172.217.194.0-255,2902,125471,64,169736
13239,0.002264,172.31.40.0-255,66,125537,64,169736
13240,0.002297,172.217.194.0-255,5738,131275,64,169736
13241,0.002301,172.31.40.0-255,66,131341,64,169736
13242,0.002307,172.217.194.0-255,5738,137079,64,169736
13243,0.00231,172.31.40.0-255,66,137145,64,169736
13244,0.00233,172.217.194.0-255,7156,144301,64,169736
13245,0.002334,172.31.40.0-255,66,144367,64,169736
13246,0.002345,172.31.40.0-255,66,144433,64,169736
13247,0.00237,172.217.194.0-255,2184,146617,64,169736
13248,0.002372,172.31.40.0-255,66,146683,64,169736
13249,0.002375,172.217.194.0-255,1484,148167,64,169736
13250,0.002385,172.217.194.0-255,2902,151069,64,169736
13251,0.002387,172.31.40.0-255,66,151135,64,169736
13252,0.002393,172.217.194.0-255,5738,156873,64,169736
13253,0.002396,172.31.40.0-255,66,156939,64,169736
13254,0.002425,172.217.194.0-255,4320,161259,64,169736
13255,0.002429,172.31.40.0-255,66,161325,64,169736
13256,0.002469,172.31.40.0-255,66,161391,64,169736
13257,0.002482,172.31.40.0-255,66,161457,64,169736
13258,0.002532,172.31.40.0-255,66,161523,64,169736
13259,0.002571,172.31.40.0-255,66,161589,64,169736
13260,0.002589,172.31.40.0-255,66,161655,64,169736
13261,0.002594,172.217.194.0-255,3315,164970,64,169736
13262,0.002597,172.31.40.0-255,66,165036,64,169736
13263,0.002599,172.217.194.0-255,105,165141,64,169736
13264,0.021995,172.31.40.0-255,66,165207,64,169736
13265,0.022069,172.31.40.0-255,105,165312,64,169736
13266,0.024614,172.217.194.0-255,66,165378,64,169736
13267,0.050606,172.31.40.0-255,172,165550,64,169736
13268,0.050643,172.31.40.0-255,1112,166662,64,169736
13269,0.050706,172.31.40.0-255,1514,168176,64,169736
13270,0.05073,172.31.40.0-255,1296,169472,64,169736
13271,0.052112,104.244.42.0-255,66,169538,64,169736
13272,0.052195,104.244.42.0-255,66,169604,64,169736
13273,0.05229,104.244.42.0-255,66,169670,64,169736
13274,0.052332,104.244.42.0-255,66,169736,64,169736
13275,0.0,74.125.68.0-255,152,152,64,357188
13276,2.3e-05,172.31.40.0-255,66,218,64,357188
13277,3.1e-05,74.125.68.0-255,1484,1702,64,357188
13278,3.5e-05,172.31.40.0-255,66,1768,64,357188
13279,4.1e-05,74.125.68.0-255,2902,4670,64,357188
13280,4.5e-05,172.31.40.0-255,66,4736,64,357188
13281,5.3e-05,74.125.68.0-255,5738,10474,64,357188
13282,5.6e-05,172.31.40.0-255,66,10540,64,357188
13283,6.2e-05,74.125.68.0-255,3528,14068,64,357188
13284,6.5e-05,172.31.40.0-255,66,14134,64,357188
13285,0.000234,74.125.68.0-255,1484,15618,64,357188
13286,0.000241,172.31.40.0-255,66,15684,64,357188
13287,0.000247,74.125.68.0-255,2902,18586,64,357188
13288,0.000249,172.31.40.0-255,66,18652,64,357188
13289,0.000264,74.125.68.0-255,2902,21554,64,357188
13290,0.000266,172.31.40.0-255,66,21620,64,357188
13291,0.000288,74.125.68.0-255,2902,24522,64,357188
13292,0.000291,172.31.40.0-255,66,24588,64,357188
13293,0.000297,74.125.68.0-255,4320,28908,64,357188
13294,0.0003,172.31.40.0-255,66,28974,64,357188
13295,0.000327,74.125.68.0-255,2543,31517,64,357188
13296,0.00033,172.31.40.0-255,66,31583,64,357188
13297,0.000449,74.125.68.0-255,1484,33067,64,357188
13298,0.000454,172.31.40.0-255,66,33133,64,357188
13299,0.000483,74.125.68.0-255,2902,36035,64,357188
13300,0.000486,172.31.40.0-255,66,36101,64,357188
13301,0.000491,74.125.68.0-255,2902,39003,64,357188
13302,0.000493,172.31.40.0-255,66,39069,64,357188
13303,0.000499,74.125.68.0-255,4320,43389,64,357188
13304,0.000502,172.31.40.0-255,66,43455,64,357188
13305,0.000545,74.125.68.0-255,4320,47775,64,357188
13306,0.000549,172.31.40.0-255,66,47841,64,357188
13307,0.000571,74.125.68.0-255,5379,53220,64,357188
13308,0.000575,172.31.40.0-255,66,53286,64,357188
13309,0.000599,74.125.68.0-255,1484,54770,64,357188
13310,0.000627,172.31.40.0-255,66,54836,64,357188
13311,0.000646,74.125.68.0-255,2855,57691,64,357188
13312,0.000649,172.31.40.0-255,66,57757,64,357188
13313,0.000667,74.125.68.0-255,109,57866,64,357188
13314,0.000697,74.125.68.0-255,331,58197,64,357188
13315,0.000913,74.125.68.0-255,1484,59681,64,357188
13316,0.000919,172.31.40.0-255,66,59747,64,357188
13317,0.000926,74.125.68.0-255,2902,62649,64,357188
13318,0.000928,172.31.40.0-255,66,62715,64,357188
13319,0.000957,74.125.68.0-255,4320,67035,64,357188
13320,0.000959,172.31.40.0-255,66,67101,64,357188
13321,0.000964,74.125.68.0-255,2902,70003,64,357188
13322,0.000967,172.31.40.0-255,66,70069,64,357188
13323,0.001002,74.125.68.0-255,2902,72971,64,357188
13324,0.001005,172.31.40.0-255,66,73037,64,357188
13325,0.001018,172.31.40.0-255,66,73103,64,357188
13326,0.001077,172.31.40.0-255,66,73169,64,357188
13327,0.001188,74.125.68.0-255,1484,74653,64,357188
13328,0.001206,74.125.68.0-255,2902,77555,64,357188
13329,0.00121,172.31.40.0-255,66,77621,64,357188
13330,0.001234,74.125.68.0-255,5738,83359,64,357188
13331,0.001236,172.31.40.0-255,66,83425,64,357188
13332,0.00126,74.125.68.0-255,4320,87745,64,357188
13333,0.001262,172.31.40.0-255,66,87811,64,357188
13334,0.001281,74.125.68.0-255,4320,92131,64,357188
13335,0.001283,172.31.40.0-255,66,92197,64,357188
13336,0.001313,74.125.68.0-255,7156,99353,64,357188
13337,0.001317,172.31.40.0-255,66,99419,64,357188
13338,0.001321,74.125.68.0-255,2902,102321,64,357188
13339,0.001324,172.31.40.0-255,66,102387,64,357188
13340,0.001337,74.125.68.0-255,4320,106707,64,357188
13341,0.00134,172.31.40.0-255,66,106773,64,357188
13342,0.001363,74.125.68.0-255,766,107539,64,357188
13343,0.001884,172.31.40.0-255,66,107605,64,357188
13344,0.003644,74.125.68.0-255,4320,111925,64,357188
13345,0.003652,172.31.40.0-255,66,111991,64,357188
13346,0.004182,74.125.68.0-255,1484,113475,64,357188
13347,0.005969,74.125.68.0-255,4320,117795,64,357188
13348,0.005974,172.31.40.0-255,66,117861,64,357188
13349,0.008287,74.125.68.0-255,5738,123599,64,357188
13350,0.008295,172.31.40.0-255,66,123665,64,357188
13351,0.010621,74.125.68.0-255,5738,129403,64,357188
13352,0.010631,172.31.40.0-255,66,129469,64,357188
13353,0.012966,74.125.68.0-255,5738,135207,64,357188
13354,0.01298,172.31.40.0-255,66,135273,64,357188
13355,0.015323,74.125.68.0-255,5738,141011,64,357188
13356,0.015336,172.31.40.0-255,66,141077,64,357188
13357,0.017665,74.125.68.0-255,5738,146815,64,357188
13358,0.017674,172.31.40.0-255,66,146881,64,357188
13359,0.019994,74.125.68.0-255,5738,152619,64,357188
13360,0.020004,172.31.40.0-255,66,152685,64,357188
13361,0.02234,74.125.68.0-255,5738,158423,64,357188
13362,0.02235,172.31.40.0-255,66,158489,64,357188
13363,0.024679,74.125.68.0-255,5738,164227,64,357188
13364,0.024687,172.31.40.0-255,66,164293,64,357188
13365,0.027009,74.125.68.0-255,5738,170031,64,357188
13366,0.02702,172.31.40.0-255,66,170097,64,357188
13367,0.02934,74.125.68.0-255,5738,175835,64,357188
13368,0.029347,172.31.40.0-255,66,175901,64,357188
13369,0.030589,172.31.40.0-255,172,176073,64,357188
13370,0.030628,172.31.40.0-255,1112,177185,64,357188
13371,0.030686,172.31.40.0-255,1514,178699,64,357188
13372,0.030688,172.31.40.0-255,1514,180213,64,357188
13373,0.030689,172.31.40.0-255,1514,181727,64,357188
13374,0.03069,172.31.40.0-255,1077,182804,64,357188
13375,0.031667,74.125.68.0-255,5738,188542,64,357188
13376,0.031677,172.31.40.0-255,66,188608,64,357188
13377,0.032143,104.244.42.0-255,66,188674,64,357188
13378,0.032186,104.244.42.0-255,66,188740,64,357188
13379,0.03228,104.244.42.0-255,66,188806,64,357188
13380,0.032284,104.244.42.0-255,66,188872,64,357188
13381,0.033995,74.125.68.0-255,5738,194610,64,357188
13382,0.034001,172.31.40.0-255,66,194676,64,357188
13383,0.036318,74.125.68.0-255,5738,200414,64,357188
13384,0.036325,172.31.40.0-255,66,200480,64,357188
13385,0.038642,74.125.68.0-255,5738,206218,64,357188
13386,0.038655,172.31.40.0-255,66,206284,64,357188
13387,0.040973,74.125.68.0-255,5738,212022,64,357188
13388,0.04098,172.31.40.0-255,66,212088,64,357188
13389,0.043289,74.125.68.0-255,5738,217826,64,357188
13390,0.0433,172.31.40.0-255,66,217892,64,357188
13391,0.045616,74.125.68.0-255,5738,223630,64,357188
13392,0.04563,172.31.40.0-255,66,223696,64,357188
13393,0.048002,74.125.68.0-255,5738,229434,64,357188
13394,0.048025,172.31.40.0-255,66,229500,64,357188
13395,0.050357,74.125.68.0-255,5738,235238,64,357188
13396,0.050374,172.31.40.0-255,66,235304,64,357188
13397,0.052712,74.125.68.0-255,5738,241042,64,357188
13398,0.052728,172.31.40.0-255,66,241108,64,357188
13399,0.055073,74.125.68.0-255,5738,246846,64,357188
13400,0.055093,172.31.40.0-255,66,246912,64,357188
13401,0.057484,74.125.68.0-255,5738,252650,64,357188
13402,0.057503,172.31.40.0-255,66,252716,64,357188
13403,0.059845,74.125.68.0-255,5738,258454,64,357188
13404,0.059864,172.31.40.0-255,66,258520,64,357188
13405,0.062188,74.125.68.0-255,5738,264258,64,357188
13406,0.062208,172.31.40.0-255,66,264324,64,357188
13407,0.064555,74.125.68.0-255,5738,270062,64,357188
13408,0.064573,172.31.40.0-255,66,270128,64,357188
13409,0.066899,74.125.68.0-255,5738,275866,64,357188
13410,0.066918,172.31.40.0-255,66,275932,64,357188
13411,0.069242,74.125.68.0-255,5738,281670,64,357188
13412,0.069259,172.31.40.0-255,66,281736,64,357188
13413,0.071602,74.125.68.0-255,5738,287474,64,357188
13414,0.071621,172.31.40.0-255,66,287540,64,357188
13415,0.073995,74.125.68.0-255,5738,293278,64,357188
13416,0.074013,172.31.40.0-255,66,293344,64,357188
13417,0.076353,74.125.68.0-255,5738,299082,64,357188
13418,0.076365,172.31.40.0-255,66,299148,64,357188
13419,0.078691,74.125.68.0-255,5738,304886,64,357188
13420,0.07871,172.31.40.0-255,66,304952,64,357188
13421,0.08104,74.125.68.0-255,5738,310690,64,357188
13422,0.081057,172.31.40.0-255,66,310756,64,357188
13423,0.083396,74.125.68.0-255,5738,316494,64,357188
13424,0.083416,172.31.40.0-255,66,316560,64,357188
13425,0.085753,74.125.68.0-255,5738,322298,64,357188
13426,0.085773,172.31.40.0-255,66,322364,64,357188
13427,0.088124,74.125.68.0-255,5738,328102,64,357188
13428,0.088144,172.31.40.0-255,66,328168,64,357188
13429,0.090473,74.125.68.0-255,5738,333906,64,357188
13430,0.090492,172.31.40.0-255,66,333972,64,357188
13431,0.092814,74.125.68.0-255,5738,339710,64,357188
13432,0.092831,172.31.40.0-255,66,339776,64,357188
13433,0.095158,74.125.68.0-255,5738,345514,64,357188
13434,0.095168,172.31.40.0-255,66,345580,64,357188
13435,0.097492,74.125.68.0-255,5738,351318,64,357188
13436,0.097501,172.31.40.0-255,66,351384,64,357188
13437,0.099834,74.125.68.0-255,5738,357122,64,357188
13438,0.099846,172.31.40.0-255,66,357188,64,357188
13439,0.0,172.31.40.0-255,105,105,64,459
13440,0.000334,172.31.40.0-255,90,195,64,459
13441,0.000345,172.31.40.0-255,66,261,64,459
13442,0.002332,74.125.24.0-255,66,327,64,459
13443,0.002352,74.125.24.0-255,66,393,64,459
13444,0.002367,172.31.40.0-255,66,459,64,459
13445,0.0,74.125.24.0-255,153,153,64,365298
13446,2.5e-05,172.31.40.0-255,66,219,64,365298
13447,3.2e-05,74.125.24.0-255,1484,1703,64,365298
13448,3.6e-05,172.31.40.0-255,66,1769,64,365298
13449,4.2e-05,74.125.24.0-255,2902,4671,64,365298
13450,4.5e-05,172.31.40.0-255,66,4737,64,365298
13451,6.1e-05,74.125.24.0-255,7156,11893,64,365298
13452,6.5e-05,172.31.40.0-255,66,11959,64,365298
13453,8.8e-05,74.125.24.0-255,7156,19115,64,365298
13454,9.1e-05,172.31.40.0-255,66,19181,64,365298
13455,0.000107,74.125.24.0-255,582,19763,64,365298
13456,0.000115,172.31.40.0-255,66,19829,64,365298
13457,0.000121,74.125.24.0-255,4320,24149,64,365298
13458,0.000123,172.31.40.0-255,66,24215,64,365298
13459,0.000174,74.125.24.0-255,6797,31012,64,365298
13460,0.000178,172.31.40.0-255,66,31078,64,365298
13461,0.000204,74.125.24.0-255,1484,32562,64,365298
13462,0.000206,172.31.40.0-255,66,32628,64,365298
13463,0.000211,74.125.24.0-255,2902,35530,64,365298
13464,0.000214,172.31.40.0-255,66,35596,64,365298
13465,0.00025,74.125.24.0-255,5738,41334,64,365298
13466,0.000253,172.31.40.0-255,66,41400,64,365298
13467,0.000256,74.125.24.0-255,1484,42884,64,365298
13468,0.000258,172.31.40.0-255,66,42950,64,365298
13469,0.000301,172.31.40.0-255,66,43016,64,365298
13470,0.000314,172.31.40.0-255,66,43082,64,365298
13471,0.000343,74.125.24.0-255,4275,47357,64,365298
13472,0.000345,172.31.40.0-255,66,47423,64,365298
13473,0.000349,74.125.24.0-255,108,47531,64,365298
13474,0.000351,172.31.40.0-255,66,47597,64,365298
13475,0.00082,74.125.24.0-255,330,47927,64,365298
13476,0.00106,172.31.40.0-255,66,47993,64,365298
13477,0.00115,74.125.24.0-255,1484,49477,64,365298
13478,0.001157,74.125.24.0-255,1484,50961,64,365298
13479,0.00116,172.31.40.0-255,66,51027,64,365298
13480,0.001193,74.125.24.0-255,1484,52511,64,365298
13481,0.0012,74.125.24.0-255,5738,58249,64,365298
13482,0.001202,172.31.40.0-255,66,58315,64,365298
13483,0.001222,172.31.40.0-255,66,58381,64,365298
13484,0.001228,74.125.24.0-255,5738,64119,64,365298
13485,0.00123,172.31.40.0-255,66,64185,64,365298
13486,0.001264,74.125.24.0-255,5020,69205,64,365298
13487,0.001266,172.31.40.0-255,66,69271,64,365298
13488,0.001467,74.125.24.0-255,1484,70755,64,365298
13489,0.001472,74.125.24.0-255,1484,72239,64,365298
13490,0.001475,172.31.40.0-255,66,72305,64,365298
13491,0.001501,74.125.24.0-255,1484,73789,64,365298
13492,0.001508,74.125.24.0-255,5738,79527,64,365298
13493,0.001511,172.31.40.0-255,66,79593,64,365298
13494,0.001515,74.125.24.0-255,2902,82495,64,365298
13495,0.001517,172.31.40.0-255,66,82561,64,365298
13496,0.001561,172.31.40.0-255,66,82627,64,365298
13497,0.001568,74.125.24.0-255,5738,88365,64,365298
13498,0.00157,172.31.40.0-255,66,88431,64,365298
13499,0.001595,74.125.24.0-255,5020,93451,64,365298
13500,0.001599,172.31.40.0-255,66,93517,64,365298
13501,0.001635,74.125.24.0-255,1484,95001,64,365298
13502,0.001651,74.125.24.0-255,2902,97903,64,365298
13503,0.001653,172.31.40.0-255,66,97969,64,365298
13504,0.001659,74.125.24.0-255,4320,102289,64,365298
13505,0.001661,172.31.40.0-255,66,102355,64,365298
13506,0.001683,74.125.24.0-255,1484,103839,64,365298
13507,0.001712,74.125.24.0-255,7156,110995,64,365298
13508,0.001714,172.31.40.0-255,66,111061,64,365298
13509,0.001722,74.125.24.0-255,7156,118217,64,365298
13510,0.001725,172.31.40.0-255,66,118283,64,365298
13511,0.001746,74.125.24.0-255,1484,119767,64,365298
13512,0.001765,74.125.24.0-255,2902,122669,64,365298
13513,0.001767,172.31.40.0-255,66,122735,64,365298
13514,0.001793,74.125.24.0-255,5020,127755,64,365298
13515,0.001796,172.31.40.0-255,66,127821,64,365298
13516,0.002254,74.125.24.0-255,1484,129305,64,365298
13517,0.002263,74.125.24.0-255,2902,132207,64,365298
13518,0.002268,172.31.40.0-255,66,132273,64,365298
13519,0.002276,74.125.24.0-255,5738,138011,64,365298
13520,0.002279,172.31.40.0-255,66,138077,64,365298
13521,0.002293,74.125.24.0-255,7156,145233,64,365298
13522,0.002296,172.31.40.0-255,66,145299,64,365298
13523,0.002324,74.125.24.0-255,5738,151037,64,365298
13524,0.002327,172.31.40.0-255,66,151103,64,365298
13525,0.002341,172.31.40.0-255,66,151169,64,365298
13526,0.004641,74.125.24.0-255,5738,156907,64,365298
13527,0.004647,172.31.40.0-255,66,156973,64,365298
13528,0.007013,74.125.24.0-255,5738,162711,64,365298
13529,0.007019,172.31.40.0-255,66,162777,64,365298
13530,0.009345,74.125.24.0-255,5738,168515,64,365298
13531,0.009353,172.31.40.0-255,66,168581,64,365298
13532,0.011691,74.125.24.0-255,5738,174319,64,365298
13533,0.011705,172.31.40.0-255,66,174385,64,365298
13534,0.014031,74.125.24.0-255,5738,180123,64,365298
13535,0.014043,172.31.40.0-255,66,180189,64,365298
13536,0.016384,74.125.24.0-255,5738,185927,64,365298
13537,0.016393,172.31.40.0-255,66,185993,64,365298
13538,0.018723,74.125.24.0-255,5738,191731,64,365298
13539,0.018736,172.31.40.0-255,66,191797,64,365298
13540,0.021099,74.125.24.0-255,5738,197535,64,365298
13541,0.021112,172.31.40.0-255,66,197601,64,365298
13542,0.023427,74.125.24.0-255,5738,203339,64,365298
13543,0.023435,172.31.40.0-255,66,203405,64,365298
13544,0.02579,74.125.24.0-255,5738,209143,64,365298
13545,0.025811,172.31.40.0-255,66,209209,64,365298
13546,0.02815,74.125.24.0-255,5738,214947,64,365298
13547,0.028192,172.31.40.0-255,66,215013,64,365298
13548,0.030515,74.125.24.0-255,5738,220751,64,365298
13549,0.030533,172.31.40.0-255,66,220817,64,365298
13550,0.032871,74.125.24.0-255,5738,226555,64,365298
13551,0.03289,172.31.40.0-255,66,226621,64,365298
13552,0.035247,74.125.24.0-255,5738,232359,64,365298
13553,0.035262,172.31.40.0-255,66,232425,64,365298
13554,0.037594,74.125.24.0-255,5738,238163,64,365298
13555,0.037612,172.31.40.0-255,66,238229,64,365298
13556,0.039949,74.125.24.0-255,5738,243967,64,365298
13557,0.039967,172.31.40.0-255,66,244033,64,365298
13558,0.042284,74.125.24.0-255,5738,249771,64,365298
13559,0.042296,172.31.40.0-255,66,249837,64,365298
13560,0.043076,172.31.40.0-255,171,250008,64,365298
13561,0.043112,172.31.40.0-255,1132,251140,64,365298
13562,0.043173,172.31.40.0-255,1514,252654,64,365298
13563,0.043176,172.31.40.0-255,1276,253930,64,365298
13564,0.044644,74.125.24.0-255,5738,259668,64,365298
13565,0.044654,172.31.40.0-255,66,259734,64,365298
13566,0.044663,104.244.42.0-255,66,259800,64,365298
13567,0.044668,104.244.42.0-255,66,259866,64,365298
13568,0.044714,104.244.42.0-255,66,259932,64,365298
13569,0.047,74.125.24.0-255,5738,265670,64,365298
13570,0.047016,172.31.40.0-255,66,265736,64,365298
13571,0.04936,74.125.24.0-255,5738,271474,64,365298
13572,0.049374,172.31.40.0-255,66,271540,64,365298
13573,0.051721,74.125.24.0-255,5738,277278,64,365298
13574,0.051737,172.31.40.0-255,66,277344,64,365298
13575,0.054111,74.125.24.0-255,5738,283082,64,365298
13576,0.05413,172.31.40.0-255,66,283148,64,365298
13577,0.056442,74.125.24.0-255,5738,288886,64,365298
13578,0.056453,172.31.40.0-255,66,288952,64,365298
13579,0.058801,74.125.24.0-255,5738,294690,64,365298
13580,0.058808,172.31.40.0-255,66,294756,64,365298
13581,0.061192,74.125.24.0-255,5738,300494,64,365298
13582,0.061199,172.31.40.0-255,66,300560,64,365298
13583,0.063512,74.125.24.0-255,5738,306298,64,365298
13584,0.063519,172.31.40.0-255,66,306364,64,365298
13585,0.065833,74.125.24.0-255,5738,312102,64,365298
13586,0.06584,172.31.40.0-255,66,312168,64,365298
13587,0.068175,74.125.24.0-255,5738,317906,64,365298
13588,0.068182,172.31.40.0-255,66,317972,64,365298
13589,0.070509,74.125.24.0-255,5738,323710,64,365298
13590,0.070516,172.31.40.0-255,66,323776,64,365298
13591,0.072849,74.125.24.0-255,5738,329514,64,365298
13592,0.072856,172.31.40.0-255,66,329580,64,365298
13593,0.075208,74.125.24.0-255,5738,335318,64,365298
13594,0.075214,172.31.40.0-255,66,335384,64,365298
13595,0.077575,74.125.24.0-255,5738,341122,64,365298
13596,0.077582,172.31.40.0-255,66,341188,64,365298
13597,0.079975,74.125.24.0-255,5738,346926,64,365298
13598,0.079982,172.31.40.0-255,66,346992,64,365298
13599,0.082322,74.125.24.0-255,5738,352730,64,365298
13600,0.082329,172.31.40.0-255,66,352796,64,365298
13601,0.084663,74.125.24.0-255,5738,358534,64,365298
13602,0.084671,172.31.40.0-255,66,358600,64,365298
13603,0.087035,74.125.24.0-255,5738,364338,64,365298
13604,0.087041,172.31.40.0-255,66,364404,64,365298
13605,0.089343,74.125.24.0-255,657,365061,64,365298
13606,0.089474,172.31.40.0-255,66,365127,64,365298
13607,0.08951,172.31.40.0-255,105,365232,64,365298
13608,0.091792,74.125.24.0-255,66,365298,64,365298
13609,0.0,172.217.194.0-255,153,153,64,111809
13610,1.5e-05,172.31.40.0-255,66,219,64,111809
13611,2.2e-05,172.217.194.0-255,1484,1703,64,111809
13612,2.6e-05,172.31.40.0-255,66,1769,64,111809
13613,3.2e-05,172.217.194.0-255,2902,4671,64,111809
13614,4.6e-05,172.31.40.0-255,66,4737,64,111809
13615,9.5e-05,172.217.194.0-255,4320,9057,64,111809
13616,9.8e-05,172.31.40.0-255,66,9123,64,111809
13617,0.000127,172.217.194.0-255,2902,12025,64,111809
13618,0.000129,172.31.40.0-255,66,12091,64,111809
13619,0.000298,172.31.40.0-255,66,12157,64,111809
13620,0.000553,172.31.40.0-255,66,12223,64,111809
13621,0.001006,172.217.194.0-255,5379,17602,64,111809
13622,0.001013,172.31.40.0-255,66,17668,64,111809
13623,0.001133,172.217.194.0-255,5738,23406,64,111809
13624,0.001137,172.31.40.0-255,66,23472,64,111809
13625,0.001269,172.217.194.0-255,7156,30628,64,111809
13626,0.001273,172.31.40.0-255,66,30694,64,111809
13627,0.001302,172.217.194.0-255,5379,36073,64,111809
13628,0.001304,172.31.40.0-255,66,36139,64,111809
13629,0.001585,172.217.194.0-255,5738,41877,64,111809
13630,0.001591,172.31.40.0-255,66,41943,64,111809
13631,0.001639,172.31.40.0-255,66,42009,64,111809
13632,0.002277,172.31.40.0-255,66,42075,64,111809
13633,0.002334,172.31.40.0-255,66,42141,64,111809
13634,0.003218,172.217.194.0-255,7156,49297,64,111809
13635,0.003221,172.31.40.0-255,66,49363,64,111809
13636,0.003285,172.217.194.0-255,5738,55101,64,111809
13637,0.004145,172.217.194.0-255,1484,56585,64,111809
13638,0.004197,172.217.194.0-255,4320,60905,64,111809
13639,0.004852,172.217.194.0-255,5738,66643,64,111809
13640,0.00558,172.217.194.0-255,2902,69545,64,111809
13641,0.005593,172.217.194.0-255,2902,72447,64,111809
13642,0.005603,172.217.194.0-255,1484,73931,64,111809
13643,0.005733,172.31.40.0-255,66,73997,64,111809
13644,0.005755,172.217.194.0-255,7156,81153,64,111809
13645,0.005817,172.31.40.0-255,66,81219,64,111809
13646,0.005826,172.217.194.0-255,1484,82703,64,111809
13647,0.006728,172.217.194.0-255,7156,89859,64,111809
13648,0.006733,172.31.40.0-255,66,89925,64,111809
13649,0.006795,172.31.40.0-255,66,89991,64,111809
13650,0.007358,172.217.194.0-255,7156,97147,64,111809
13651,0.007364,172.31.40.0-255,66,97213,64,111809
13652,0.007424,172.31.40.0-255,66,97279,64,111809
13653,0.008375,172.217.194.0-255,7156,104435,64,111809
13654,0.010045,172.217.194.0-255,3813,108248,64,111809
13655,0.013813,172.31.40.0-255,66,108314,64,111809
13656,0.014818,172.31.40.0-255,105,108419,64,111809
13657,0.01683,172.217.194.0-255,66,108485,64,111809
13658,0.043943,172.31.40.0-255,167,108652,64,111809
13659,0.043977,172.31.40.0-255,1108,109760,64,111809
13660,0.04404,172.31.40.0-255,1514,111274,64,111809
13661,0.044042,172.31.40.0-255,337,111611,64,111809
13662,0.045501,104.244.42.0-255,66,111677,64,111809
13663,0.045635,104.244.42.0-255,66,111743,64,111809
13664,0.045638,104.244.42.0-255,66,111809,64,111809
13665,0.0,172.217.26.0-255,147,147,64,372199
13666,2e-05,172.31.40.0-255,66,213,64,372199
13667,2.7e-05,172.217.26.0-255,1484,1697,64,372199
13668,3.2e-05,172.31.40.0-255,66,1763,64,372199
13669,3.8e-05,172.217.26.0-255,2902,4665,64,372199
13670,4.2e-05,172.31.40.0-255,66,4731,64,372199
13671,4.9e-05,172.217.26.0-255,7156,11887,64,372199
13672,5.3e-05,172.31.40.0-255,66,11953,64,372199
13673,5.8e-05,172.217.26.0-255,3402,15355,64,372199
13674,6e-05,172.31.40.0-255,66,15421,64,372199
13675,6.6e-05,172.217.26.0-255,4320,19741,64,372199
13676,6.9e-05,172.31.40.0-255,66,19807,64,372199
13677,8.2e-05,172.31.40.0-255,66,19873,64,372199
13678,8.5e-05,172.217.26.0-255,1125,20998,64,372199
13679,8.7e-05,172.31.40.0-255,66,21064,64,372199
13680,0.000143,172.217.26.0-255,1484,22548,64,372199
13681,0.000146,172.31.40.0-255,66,22614,64,372199
13682,0.000151,172.217.26.0-255,2902,25516,64,372199
13683,0.000153,172.31.40.0-255,66,25582,64,372199
13684,0.000174,172.217.26.0-255,5738,31320,64,372199
13685,0.000177,172.31.40.0-255,66,31386,64,372199
13686,0.000195,172.217.26.0-255,6797,38183,64,372199
13687,0.000197,172.31.40.0-255,66,38249,64,372199
13688,0.000284,172.217.26.0-255,1484,39733,64,372199
13689,0.000287,172.31.40.0-255,66,39799,64,372199
13690,0.000291,172.217.26.0-255,1484,41283,64,372199
13691,0.000293,172.31.40.0-255,66,41349,64,372199
13692,0.000312,172.217.26.0-255,1484,42833,64,372199
13693,0.000314,172.31.40.0-255,66,42899,64,372199
13694,0.00032,172.217.26.0-255,5738,48637,64,372199
13695,0.000323,172.31.40.0-255,66,48703,64,372199
13696,0.000363,172.217.26.0-255,7123,55826,64,372199
13697,0.000366,172.31.40.0-255,66,55892,64,372199
13698,0.000527,172.31.40.0-255,101,55993,64,372199
13699,0.000805,172.217.26.0-255,120,56113,64,372199
13700,0.001082,172.217.26.0-255,1484,57597,64,372199
13701,0.001087,172.31.40.0-255,66,57663,64,372199
13702,0.001092,172.217.26.0-255,2902,60565,64,372199
13703,0.001094,172.31.40.0-255,66,60631,64,372199
13704,0.001115,172.217.26.0-255,5738,66369,64,372199
13705,0.001117,172.31.40.0-255,66,66435,64,372199
13706,0.001134,172.217.26.0-255,2902,69337,64,372199
13707,0.001137,172.31.40.0-255,66,69403,64,372199
13708,0.001163,172.31.40.0-255,66,69469,64,372199
13709,0.001176,172.31.40.0-255,66,69535,64,372199
13710,0.001211,172.217.26.0-255,1484,71019,64,372199
13711,0.001215,172.217.26.0-255,1484,72503,64,372199
13712,0.001217,172.31.40.0-255,66,72569,64,372199
13713,0.001237,172.217.26.0-255,1484,74053,64,372199
13714,0.001244,172.217.26.0-255,5738,79791,64,372199
13715,0.001246,172.31.40.0-255,66,79857,64,372199
13716,0.001253,172.217.26.0-255,5738,85595,64,372199
13717,0.001255,172.31.40.0-255,66,85661,64,372199
13718,0.00127,172.217.26.0-255,807,86468,64,372199
13719,0.001491,172.217.26.0-255,1484,87952,64,372199
13720,0.001494,172.31.40.0-255,66,88018,64,372199
13721,0.001499,172.217.26.0-255,2902,90920,64,372199
13722,0.001501,172.31.40.0-255,66,90986,64,372199
13723,0.001505,172.217.26.0-255,2902,93888,64,372199
13724,0.001507,172.31.40.0-255,66,93954,64,372199
13725,0.001511,172.217.26.0-255,2902,96856,64,372199
13726,0.001512,172.31.40.0-255,66,96922,64,372199
13727,0.001547,172.217.26.0-255,1484,98406,64,372199
13728,0.001558,172.31.40.0-255,66,98472,64,372199
13729,0.001563,172.217.26.0-255,5738,104210,64,372199
13730,0.001565,172.31.40.0-255,66,104276,64,372199
13731,0.00159,172.31.40.0-255,66,104342,64,372199
13732,0.002472,172.217.26.0-255,66,104408,64,372199
13733,0.00363,172.217.26.0-255,5738,110146,64,372199
13734,0.003634,172.31.40.0-255,66,110212,64,372199
13735,0.005627,172.217.26.0-255,5738,115950,64,372199
13736,0.005634,172.31.40.0-255,66,116016,64,372199
13737,0.007624,172.217.26.0-255,5738,121754,64,372199
13738,0.00763,172.31.40.0-255,66,121820,64,372199
13739,0.009617,172.217.26.0-255,5738,127558,64,372199
13740,0.009624,172.31.40.0-255,66,127624,64,372199
13741,0.011622,172.217.26.0-255,5738,133362,64,372199
13742,0.01163,172.31.40.0-255,66,133428,64,372199
13743,0.013623,172.217.26.0-255,4320,137748,64,372199
13744,0.013629,172.31.40.0-255,66,137814,64,372199
13745,0.013649,172.217.26.0-255,1484,139298,64,372199
13746,0.015622,172.217.26.0-255,4320,143618,64,372199
13747,0.01563,172.31.40.0-255,66,143684,64,372199
13748,0.017633,172.217.26.0-255,5738,149422,64,372199
13749,0.017641,172.31.40.0-255,66,149488,64,372199
13750,0.01963,172.217.26.0-255,5738,155226,64,372199
13751,0.019638,172.31.40.0-255,66,155292,64,372199
13752,0.021626,172.217.26.0-255,4320,159612,64,372199
13753,0.021632,172.31.40.0-255,66,159678,64,372199
13754,0.02165,172.217.26.0-255,1484,161162,64,372199
13755,0.02362,172.217.26.0-255,4320,165482,64,372199
13756,0.023627,172.31.40.0-255,66,165548,64,372199
13757,0.025608,172.217.26.0-255,5738,171286,64,372199
13758,0.025614,172.31.40.0-255,66,171352,64,372199
13759,0.026664,172.31.40.0-255,172,171524,64,372199
13760,0.026688,172.31.40.0-255,1111,172635,64,372199
13761,0.026736,172.31.40.0-255,1514,174149,64,372199
13762,0.026737,172.31.40.0-255,1297,175446,64,372199
13763,0.027609,172.217.26.0-255,5738,181184,64,372199
13764,0.027616,172.31.40.0-255,66,181250,64,372199
13765,0.028183,104.244.42.0-255,66,181316,64,372199
13766,0.028219,104.244.42.0-255,66,181382,64,372199
13767,0.02828,104.244.42.0-255,66,181448,64,372199
13768,0.029602,172.217.26.0-255,5738,187186,64,372199
13769,0.029607,172.31.40.0-255,66,187252,64,372199
13770,0.031599,172.217.26.0-255,5738,192990,64,372199
13771,0.031606,172.31.40.0-255,66,193056,64,372199
13772,0.033637,172.217.26.0-255,5738,198794,64,372199
13773,0.033644,172.31.40.0-255,66,198860,64,372199
13774,0.035646,172.217.26.0-255,5738,204598,64,372199
13775,0.035653,172.31.40.0-255,66,204664,64,372199
13776,0.037658,172.217.26.0-255,5738,210402,64,372199
13777,0.037664,172.31.40.0-255,66,210468,64,372199
13778,0.039648,172.217.26.0-255,5738,216206,64,372199
13779,0.039656,172.31.40.0-255,66,216272,64,372199
13780,0.04167,172.217.26.0-255,5738,222010,64,372199
13781,0.041677,172.31.40.0-255,66,222076,64,372199
13782,0.043691,172.217.26.0-255,5738,227814,64,372199
13783,0.043697,172.31.40.0-255,66,227880,64,372199
13784,0.045681,172.217.26.0-255,5738,233618,64,372199
13785,0.045687,172.31.40.0-255,66,233684,64,372199
13786,0.047679,172.217.26.0-255,5738,239422,64,372199
13787,0.047685,172.31.40.0-255,66,239488,64,372199
13788,0.049671,172.217.26.0-255,5738,245226,64,372199
13789,0.049678,172.31.40.0-255,66,245292,64,372199
13790,0.051667,172.217.26.0-255,5738,251030,64,372199
13791,0.051672,172.31.40.0-255,66,251096,64,372199
13792,0.053659,172.217.26.0-255,5738,256834,64,372199
13793,0.053665,172.31.40.0-255,66,256900,64,372199
13794,0.055658,172.217.26.0-255,5738,262638,64,372199
13795,0.055665,172.31.40.0-255,66,262704,64,372199
13796,0.057659,172.217.26.0-255,5738,268442,64,372199
13797,0.057666,172.31.40.0-255,66,268508,64,372199
13798,0.05965,172.217.26.0-255,5738,274246,64,372199
13799,0.05966,172.31.40.0-255,66,274312,64,372199
13800,0.061661,172.217.26.0-255,5738,280050,64,372199
13801,0.061667,172.31.40.0-255,66,280116,64,372199
13802,0.063658,172.217.26.0-255,5738,285854,64,372199
13803,0.063665,172.31.40.0-255,66,285920,64,372199
13804,0.065655,172.217.26.0-255,5738,291658,64,372199
13805,0.065661,172.31.40.0-255,66,291724,64,372199
13806,0.067654,172.217.26.0-255,5738,297462,64,372199
13807,0.06766,172.31.40.0-255,66,297528,64,372199
13808,0.069659,172.217.26.0-255,5738,303266,64,372199
13809,0.069665,172.31.40.0-255,66,303332,64,372199
13810,0.071661,172.217.26.0-255,5738,309070,64,372199
13811,0.071667,172.31.40.0-255,66,309136,64,372199
13812,0.073658,172.217.26.0-255,5738,314874,64,372199
13813,0.073665,172.31.40.0-255,66,314940,64,372199
13814,0.075652,172.217.26.0-255,5738,320678,64,372199
13815,0.075658,172.31.40.0-255,66,320744,64,372199
13816,0.077649,172.217.26.0-255,5738,326482,64,372199
13817,0.077654,172.31.40.0-255,66,326548,64,372199
13818,0.079666,172.217.26.0-255,5738,332286,64,372199
13819,0.079672,172.31.40.0-255,66,332352,64,372199
13820,0.081673,172.217.26.0-255,5738,338090,64,372199
13821,0.08168,172.31.40.0-255,66,338156,64,372199
13822,0.083671,172.217.26.0-255,5738,343894,64,372199
13823,0.083676,172.31.40.0-255,66,343960,64,372199
13824,0.085671,172.217.26.0-255,5738,349698,64,372199
13825,0.085676,172.31.40.0-255,66,349764,64,372199
13826,0.087669,172.217.26.0-255,5738,355502,64,372199
13827,0.087675,172.31.40.0-255,66,355568,64,372199
13828,0.089672,172.217.26.0-255,5738,361306,64,372199
13829,0.089679,172.31.40.0-255,66,361372,64,372199
13830,0.091673,172.217.26.0-255,5738,367110,64,372199
13831,0.091679,172.31.40.0-255,66,367176,64,372199
13832,0.093677,172.217.26.0-255,4786,371962,64,372199
13833,0.093683,172.31.40.0-255,66,372028,64,372199
13834,0.09384,172.31.40.0-255,105,372133,64,372199
13835,0.099859,172.217.26.0-255,66,372199,64,372199
13836,0.0,172.217.194.0-255,146,146,64,238576
13837,2.1e-05,172.31.40.0-255,66,212,64,238576
13838,2.8e-05,172.217.194.0-255,1484,1696,64,238576
13839,3.2e-05,172.31.40.0-255,66,1762,64,238576
13840,3.7e-05,172.217.194.0-255,2902,4664,64,238576
13841,4.7e-05,172.31.40.0-255,66,4730,64,238576
13842,5.1e-05,172.217.194.0-255,2902,7632,64,238576
13843,5.4e-05,172.31.40.0-255,66,7698,64,238576
13844,5.9e-05,172.217.194.0-255,4320,12018,64,238576
13845,6.1e-05,172.31.40.0-255,66,12084,64,238576
13846,8.6e-05,172.217.194.0-255,2902,14986,64,238576
13847,8.9e-05,172.31.40.0-255,66,15052,64,238576
13848,0.000115,172.217.194.0-255,6256,21308,64,238576
13849,0.000117,172.31.40.0-255,66,21374,64,238576
13850,0.000123,172.217.194.0-255,7156,28530,64,238576
13851,0.000125,172.31.40.0-255,66,28596,64,238576
13852,0.000154,172.217.194.0-255,1484,30080,64,238576
13853,0.000156,172.31.40.0-255,66,30146,64,238576
13854,0.000177,172.217.194.0-255,1125,31271,64,238576
13855,0.000179,172.31.40.0-255,66,31337,64,238576
13856,0.000315,172.217.194.0-255,1484,32821,64,238576
13857,0.000319,172.31.40.0-255,66,32887,64,238576
13858,0.000323,172.217.194.0-255,1484,34371,64,238576
13859,0.000325,172.31.40.0-255,66,34437,64,238576
13860,0.000345,172.217.194.0-255,1484,35921,64,238576
13861,0.000348,172.31.40.0-255,66,35987,64,238576
13862,0.000358,172.217.194.0-255,5738,41725,64,238576
13863,0.00036,172.31.40.0-255,66,41791,64,238576
13864,0.000365,172.217.194.0-255,5738,47529,64,238576
13865,0.000367,172.31.40.0-255,66,47595,64,238576
13866,0.000419,172.31.40.0-255,66,47661,64,238576
13867,0.000454,172.217.194.0-255,2902,50563,64,238576
13868,0.000457,172.31.40.0-255,66,50629,64,238576
13869,0.000466,172.217.194.0-255,1415,52044,64,238576
13870,0.000468,172.31.40.0-255,66,52110,64,238576
13871,0.000651,172.217.194.0-255,364,52474,64,238576
13872,0.000655,172.31.40.0-255,66,52540,64,238576
13873,0.000693,172.217.194.0-255,1484,54024,64,238576
13874,0.000696,172.31.40.0-255,66,54090,64,238576
13875,0.000719,172.217.194.0-255,2902,56992,64,238576
13876,0.000729,172.217.194.0-255,1484,58476,64,238576
13877,0.000745,172.217.194.0-255,4320,62796,64,238576
13878,0.000757,172.31.40.0-255,66,62862,64,238576
13879,0.000782,172.217.194.0-255,6797,69659,64,238576
13880,0.000789,172.31.40.0-255,66,69725,64,238576
13881,0.000845,172.217.194.0-255,1484,71209,64,238576
13882,0.000862,172.217.194.0-255,2902,74111,64,238576
13883,0.000867,172.217.194.0-255,4320,78431,64,238576
13884,0.000872,172.31.40.0-255,66,78497,64,238576
13885,0.000881,172.217.194.0-255,1484,79981,64,238576
13886,0.000909,172.217.194.0-255,2902,82883,64,238576
13887,0.000928,172.217.194.0-255,3961,86844,64,238576
13888,0.000933,172.31.40.0-255,66,86910,64,238576
13889,0.001959,172.217.194.0-255,1484,88394,64,238576
13890,0.001966,172.31.40.0-255,66,88460,64,238576
13891,0.001976,172.217.194.0-255,2902,91362,64,238576
13892,0.001979,172.31.40.0-255,66,91428,64,238576
13893,0.001988,172.217.194.0-255,2902,94330,64,238576
13894,0.00199,172.31.40.0-255,66,94396,64,238576
13895,0.002014,172.217.194.0-255,2902,97298,64,238576
13896,0.002017,172.217.194.0-255,1484,98782,64,238576
13897,0.002078,172.217.194.0-255,2902,101684,64,238576
13898,0.002118,172.217.194.0-255,4320,106004,64,238576
13899,0.002136,172.217.194.0-255,3602,109606,64,238576
13900,0.002139,172.217.194.0-255,1484,111090,64,238576
13901,0.002143,172.217.194.0-255,2902,113992,64,238576
13902,0.002163,172.217.194.0-255,5738,119730,64,238576
13903,0.002187,172.217.194.0-255,7156,126886,64,238576
13904,0.002213,172.217.194.0-255,5738,132624,64,238576
13905,0.002333,172.217.194.0-255,2184,134808,64,238576
13906,0.002407,172.217.194.0-255,2184,136992,64,238576
13907,0.002411,172.217.194.0-255,2902,139894,64,238576
13908,0.002414,172.217.194.0-255,1484,141378,64,238576
13909,0.002438,172.217.194.0-255,5738,147116,64,238576
13910,0.002452,172.217.194.0-255,5738,152854,64,238576
13911,0.002489,172.217.194.0-255,4320,157174,64,238576
13912,0.002521,172.217.194.0-255,4320,161494,64,238576
13913,0.002587,172.217.194.0-255,5738,167232,64,238576
13914,0.003475,172.31.40.0-255,66,167298,64,238576
13915,0.006108,172.217.194.0-255,5738,173036,64,238576
13916,0.006115,172.31.40.0-255,66,173102,64,238576
13917,0.008734,172.217.194.0-255,5738,178840,64,238576
13918,0.008741,172.31.40.0-255,66,178906,64,238576
13919,0.011361,172.217.194.0-255,5738,184644,64,238576
13920,0.011367,172.31.40.0-255,66,184710,64,238576
13921,0.013974,172.217.194.0-255,5738,190448,64,238576
13922,0.013986,172.31.40.0-255,66,190514,64,238576
13923,0.016626,172.217.194.0-255,5738,196252,64,238576
13924,0.016643,172.31.40.0-255,66,196318,64,238576
13925,0.019286,172.217.194.0-255,5738,202056,64,238576
13926,0.019305,172.31.40.0-255,66,202122,64,238576
13927,0.021912,172.217.194.0-255,5738,207860,64,238576
13928,0.02192,172.31.40.0-255,66,207926,64,238576
13929,0.024511,172.217.194.0-255,5738,213664,64,238576
13930,0.024521,172.31.40.0-255,66,213730,64,238576
13931,0.027127,172.217.194.0-255,5738,219468,64,238576
13932,0.027135,172.31.40.0-255,66,219534,64,238576
13933,0.029756,172.217.194.0-255,5738,225272,64,238576
13934,0.029764,172.31.40.0-255,66,225338,64,238576
13935,0.032401,172.217.194.0-255,5738,231076,64,238576
13936,0.032417,172.31.40.0-255,66,231142,64,238576
13937,0.035063,172.217.194.0-255,2905,234047,64,238576
13938,0.035082,172.31.40.0-255,66,234113,64,238576
13939,0.03532,172.31.40.0-255,105,234218,64,238576
13940,0.037909,172.217.194.0-255,66,234284,64,238576
13941,0.038549,172.31.40.0-255,172,234456,64,238576
13942,0.038581,172.31.40.0-255,1111,235567,64,238576
13943,0.038642,172.31.40.0-255,1514,237081,64,238576
13944,0.038644,172.31.40.0-255,1297,238378,64,238576
13945,0.040129,104.244.42.0-255,66,238444,64,238576
13946,0.040137,104.244.42.0-255,66,238510,64,238576
13947,0.040224,104.244.42.0-255,66,238576,64,238576
13948,0.0,172.217.194.0-255,152,152,64,180177
13949,2.4e-05,172.31.40.0-255,66,218,64,180177
13950,3.1e-05,172.217.194.0-255,1484,1702,64,180177
13951,3.6e-05,172.31.40.0-255,66,1768,64,180177
13952,5.3e-05,172.217.194.0-255,2902,4670,64,180177
13953,5.7e-05,172.31.40.0-255,66,4736,64,180177
13954,6.5e-05,172.217.194.0-255,7156,11892,64,180177
13955,6.8e-05,172.31.40.0-255,66,11958,64,180177
13956,8.6e-05,172.31.40.0-255,66,12024,64,180177
13957,0.000109,172.217.194.0-255,3961,15985,64,180177
13958,0.000112,172.31.40.0-255,66,16051,64,180177
13959,0.000154,172.217.194.0-255,1484,17535,64,180177
13960,0.000157,172.31.40.0-255,66,17601,64,180177
13961,0.000184,172.217.194.0-255,1484,19085,64,180177
13962,0.000187,172.31.40.0-255,66,19151,64,180177
13963,0.000192,172.217.194.0-255,4320,23471,64,180177
13964,0.000194,172.31.40.0-255,66,23537,64,180177
13965,0.000206,172.31.40.0-255,66,23603,64,180177
13966,0.000244,172.31.40.0-255,66,23669,64,180177
13967,0.000247,172.217.194.0-255,378,24047,64,180177
13968,0.000249,172.31.40.0-255,66,24113,64,180177
13969,0.000287,172.217.194.0-255,99,24212,64,180177
13970,0.00029,172.31.40.0-255,66,24278,64,180177
13971,0.000431,172.217.194.0-255,1484,25762,64,180177
13972,0.000435,172.31.40.0-255,66,25828,64,180177
13973,0.000441,172.217.194.0-255,2902,28730,64,180177
13974,0.000444,172.31.40.0-255,66,28796,64,180177
13975,0.000454,172.217.194.0-255,4320,33116,64,180177
13976,0.000457,172.31.40.0-255,66,33182,64,180177
13977,0.000491,172.217.194.0-255,1484,34666,64,180177
13978,0.000499,172.217.194.0-255,5738,40404,64,180177
13979,0.000501,172.31.40.0-255,66,40470,64,180177
13980,0.000515,172.31.40.0-255,66,40536,64,180177
13981,0.000518,172.217.194.0-255,1484,42020,64,180177
13982,0.000549,172.217.194.0-255,3602,45622,64,180177
13983,0.000551,172.31.40.0-255,66,45688,64,180177
13984,0.000555,172.217.194.0-255,1484,47172,64,180177
13985,0.000579,172.217.194.0-255,2902,50074,64,180177
13986,0.000581,172.31.40.0-255,66,50140,64,180177
13987,0.000585,172.217.194.0-255,1484,51624,64,180177
13988,0.000615,172.217.194.0-255,4320,55944,64,180177
13989,0.000618,172.31.40.0-255,66,56010,64,180177
13990,0.000632,172.31.40.0-255,66,56076,64,180177
13991,0.000648,172.31.40.0-255,66,56142,64,180177
13992,0.000704,172.217.194.0-255,2184,58326,64,180177
13993,0.000706,172.31.40.0-255,66,58392,64,180177
13994,0.000711,172.217.194.0-255,2902,61294,64,180177
13995,0.000714,172.31.40.0-255,66,61360,64,180177
13996,0.000746,172.217.194.0-255,4320,65680,64,180177
13997,0.000749,172.31.40.0-255,66,65746,64,180177
13998,0.000761,172.31.40.0-255,66,65812,64,180177
13999,0.000773,172.217.194.0-255,2902,68714,64,180177
14000,0.000776,172.31.40.0-255,66,68780,64,180177
14001,0.000817,172.31.40.0-255,66,68846,64,180177
14002,0.000822,172.217.194.0-255,2902,71748,64,180177
14003,0.000824,172.31.40.0-255,66,71814,64,180177
14004,0.000855,172.217.194.0-255,3602,75416,64,180177
14005,0.000858,172.31.40.0-255,66,75482,64,180177
14006,0.000866,172.217.194.0-255,7156,82638,64,180177
14007,0.000868,172.31.40.0-255,66,82704,64,180177
14008,0.000888,172.31.40.0-255,66,82770,64,180177
14009,0.000894,172.217.194.0-255,6438,89208,64,180177
14010,0.0009,172.31.40.0-255,66,89274,64,180177
14011,0.000935,172.217.194.0-255,1484,90758,64,180177
14012,0.00094,172.217.194.0-255,2902,93660,64,180177
14013,0.000942,172.31.40.0-255,66,93726,64,180177
14014,0.000949,172.217.194.0-255,5738,99464,64,180177
14015,0.000952,172.31.40.0-255,66,99530,64,180177
14016,0.00098,172.31.40.0-255,66,99596,64,180177
14017,0.001013,172.217.194.0-255,4320,103916,64,180177
14018,0.001016,172.31.40.0-255,66,103982,64,180177
14019,0.001027,172.31.40.0-255,66,104048,64,180177
14020,0.001031,172.217.194.0-255,2902,106950,64,180177
14021,0.001034,172.31.40.0-255,66,107016,64,180177
14022,0.001104,172.31.40.0-255,66,107082,64,180177
14023,0.001115,172.31.40.0-255,66,107148,64,180177
14024,0.001253,172.217.194.0-255,1484,108632,64,180177
14025,0.001258,172.217.194.0-255,2902,111534,64,180177
14026,0.001262,172.31.40.0-255,66,111600,64,180177
14027,0.001269,172.217.194.0-255,5738,117338,64,180177
14028,0.001271,172.31.40.0-255,66,117404,64,180177
14029,0.00131,172.31.40.0-255,66,117470,64,180177
14030,0.001322,172.31.40.0-255,66,117536,64,180177
14031,0.001346,172.217.194.0-255,766,118302,64,180177
14032,0.001453,172.217.194.0-255,1484,119786,64,180177
14033,0.001457,172.31.40.0-255,66,119852,64,180177
14034,0.00146,172.217.194.0-255,1484,121336,64,180177
14035,0.001482,172.217.194.0-255,1484,122820,64,180177
14036,0.001488,172.217.194.0-255,5738,128558,64,180177
14037,0.001524,172.217.194.0-255,1484,130042,64,180177
14038,0.001528,172.31.40.0-255,66,130108,64,180177
14039,0.001531,172.31.40.0-255,66,130174,64,180177
14040,0.001561,172.217.194.0-255,4320,134494,64,180177
14041,0.001563,172.31.40.0-255,66,134560,64,180177
14042,0.001577,172.31.40.0-255,66,134626,64,180177
14043,0.001583,172.217.194.0-255,5020,139646,64,180177
14044,0.001587,172.31.40.0-255,66,139712,64,180177
14045,0.001591,172.217.194.0-255,2902,142614,64,180177
14046,0.001594,172.31.40.0-255,66,142680,64,180177
14047,0.001628,172.217.194.0-255,4320,147000,64,180177
14048,0.001631,172.31.40.0-255,66,147066,64,180177
14049,0.001643,172.31.40.0-255,66,147132,64,180177
14050,0.001648,172.217.194.0-255,4320,151452,64,180177
14051,0.001651,172.31.40.0-255,66,151518,64,180177
14052,0.001691,172.217.194.0-255,5738,157256,64,180177
14053,0.001695,172.31.40.0-255,66,157322,64,180177
14054,0.001698,172.217.194.0-255,1484,158806,64,180177
14055,0.001738,172.31.40.0-255,66,158872,64,180177
14056,0.001745,172.217.194.0-255,5738,164610,64,180177
14057,0.001747,172.31.40.0-255,66,164676,64,180177
14058,0.001792,172.31.40.0-255,66,164742,64,180177
14059,0.001797,172.217.194.0-255,3602,168344,64,180177
14060,0.001799,172.31.40.0-255,66,168410,64,180177
14061,0.001803,172.217.194.0-255,2158,170568,64,180177
14062,0.001805,172.31.40.0-255,66,170634,64,180177
14063,0.00184,172.217.194.0-255,105,170739,64,180177
14064,0.004613,172.31.40.0-255,66,170805,64,180177
14065,0.004652,172.31.40.0-255,105,170910,64,180177
14066,0.00694,172.217.194.0-255,66,170976,64,180177
14067,0.050528,172.31.40.0-255,172,171148,64,180177
14068,0.050564,172.31.40.0-255,1112,172260,64,180177
14069,0.050632,172.31.40.0-255,1514,173774,64,180177
14070,0.050634,172.31.40.0-255,1514,175288,64,180177
14071,0.05064,172.31.40.0-255,1514,176802,64,180177
14072,0.050642,172.31.40.0-255,1514,178316,64,180177
14073,0.05066,172.31.40.0-255,1514,179830,64,180177
14074,0.050662,172.31.40.0-255,83,179913,64,180177
14075,0.052102,104.244.42.0-255,66,179979,64,180177
14076,0.052114,104.244.42.0-255,66,180045,64,180177
14077,0.052239,104.244.42.0-255,66,180111,64,180177
14078,0.052296,104.244.42.0-255,66,180177,64,180177
14079,0.0,172.217.194.0-255,288,288,64,325585
14080,2.5e-05,172.31.40.0-255,66,354,64,325585
14081,3.2e-05,172.217.194.0-255,1484,1838,64,325585
14082,3.6e-05,172.31.40.0-255,66,1904,64,325585
14083,4.3e-05,172.217.194.0-255,4320,6224,64,325585
14084,4.7e-05,172.31.40.0-255,66,6290,64,325585
14085,6.7e-05,172.31.40.0-255,66,6356,64,325585
14086,7.2e-05,172.217.194.0-255,2902,9258,64,325585
14087,7.4e-05,172.31.40.0-255,66,9324,64,325585
14088,0.000121,172.31.40.0-255,66,9390,64,325585
14089,0.000124,172.217.194.0-255,1484,10874,64,325585
14090,0.000126,172.31.40.0-255,66,10940,64,325585
14091,0.000131,172.217.194.0-255,2902,13842,64,325585
14092,0.000134,172.31.40.0-255,66,13908,64,325585
14093,0.000141,172.217.194.0-255,5738,19646,64,325585
14094,0.000143,172.31.40.0-255,66,19712,64,325585
14095,0.000196,172.217.194.0-255,6797,26509,64,325585
14096,0.000199,172.31.40.0-255,66,26575,64,325585
14097,0.000835,172.217.194.0-255,1484,28059,64,325585
14098,0.000841,172.31.40.0-255,66,28125,64,325585
14099,0.000848,172.217.194.0-255,2902,31027,64,325585
14100,0.00085,172.31.40.0-255,66,31093,64,325585
14101,0.000862,172.217.194.0-255,5738,36831,64,325585
14102,0.000864,172.31.40.0-255,66,36897,64,325585
14103,0.000903,172.31.40.0-255,66,36963,64,325585
14104,0.000936,172.217.194.0-255,3961,40924,64,325585
14105,0.000939,172.31.40.0-255,66,40990,64,325585
14106,0.000953,172.31.40.0-255,66,41056,64,325585
14107,0.000995,172.31.40.0-255,66,41122,64,325585
14108,0.001028,172.217.194.0-255,1484,42606,64,325585
14109,0.001046,172.217.194.0-255,2902,45508,64,325585
14110,0.001063,172.31.40.0-255,66,45574,64,325585
14111,0.00107,172.217.194.0-255,5738,51312,64,325585
14112,0.001076,172.31.40.0-255,66,51378,64,325585
14113,0.001107,172.217.194.0-255,6133,57511,64,325585
14114,0.001116,172.31.40.0-255,66,57577,64,325585
14115,0.00179,172.217.194.0-255,1484,59061,64,325585
14116,0.001801,172.217.194.0-255,2902,61963,64,325585
14117,0.001806,172.31.40.0-255,66,62029,64,325585
14118,0.001814,172.217.194.0-255,5738,67767,64,325585
14119,0.001816,172.31.40.0-255,66,67833,64,325585
14120,0.001848,172.217.194.0-255,1484,69317,64,325585
14121,0.001865,172.217.194.0-255,6074,75391,64,325585
14122,0.001867,172.31.40.0-255,66,75457,64,325585
14123,0.001896,172.217.194.0-255,7156,82613,64,325585
14124,0.001898,172.31.40.0-255,66,82679,64,325585
14125,0.001925,172.217.194.0-255,1484,84163,64,325585
14126,0.001932,172.217.194.0-255,4320,88483,64,325585
14127,0.001935,172.31.40.0-255,66,88549,64,325585
14128,0.001981,172.217.194.0-255,6438,94987,64,325585
14129,0.004863,172.31.40.0-255,66,95053,64,325585
14130,0.007238,172.217.194.0-255,5738,100791,64,325585
14131,0.007246,172.31.40.0-255,66,100857,64,325585
14132,0.009631,172.217.194.0-255,5738,106595,64,325585
14133,0.009638,172.31.40.0-255,66,106661,64,325585
14134,0.011998,172.217.194.0-255,5738,112399,64,325585
14135,0.012007,172.31.40.0-255,66,112465,64,325585
14136,0.014415,172.217.194.0-255,5738,118203,64,325585
14137,0.014424,172.31.40.0-255,66,118269,64,325585
14138,0.016799,172.217.194.0-255,5738,124007,64,325585
14139,0.016808,172.31.40.0-255,66,124073,64,325585
14140,0.019206,172.217.194.0-255,5738,129811,64,325585
14141,0.019218,172.31.40.0-255,66,129877,64,325585
14142,0.021592,172.217.194.0-255,5738,135615,64,325585
14143,0.021602,172.31.40.0-255,66,135681,64,325585
14144,0.024,172.217.194.0-255,5738,141419,64,325585
14145,0.024009,172.31.40.0-255,66,141485,64,325585
14146,0.026387,172.217.194.0-255,5738,147223,64,325585
14147,0.026395,172.31.40.0-255,66,147289,64,325585
14148,0.028233,172.31.40.0-255,172,147461,64,325585
14149,0.028265,172.31.40.0-255,1112,148573,64,325585
14150,0.028325,172.31.40.0-255,1514,150087,64,325585
14151,0.028327,172.31.40.0-255,1180,151267,64,325585
14152,0.028802,172.217.194.0-255,5738,157005,64,325585
14153,0.028809,172.31.40.0-255,66,157071,64,325585
14154,0.029796,104.244.42.0-255,66,157137,64,325585
14155,0.029804,104.244.42.0-255,66,157203,64,325585
14156,0.029909,104.244.42.0-255,66,157269,64,325585
14157,0.031164,172.217.194.0-255,5738,163007,64,325585
14158,0.03117,172.31.40.0-255,66,163073,64,325585
14159,0.033551,172.217.194.0-255,5738,168811,64,325585
14160,0.033558,172.31.40.0-255,66,168877,64,325585
14161,0.035923,172.217.194.0-255,5738,174615,64,325585
14162,0.035932,172.31.40.0-255,66,174681,64,325585
14163,0.038306,172.217.194.0-255,5738,180419,64,325585
14164,0.038313,172.31.40.0-255,66,180485,64,325585
14165,0.040711,172.217.194.0-255,5738,186223,64,325585
14166,0.040725,172.31.40.0-255,66,186289,64,325585
14167,0.043129,172.217.194.0-255,5738,192027,64,325585
14168,0.04314,172.31.40.0-255,66,192093,64,325585
14169,0.045529,172.217.194.0-255,5738,197831,64,325585
14170,0.045536,172.31.40.0-255,66,197897,64,325585
14171,0.047926,172.217.194.0-255,5738,203635,64,325585
14172,0.047932,172.31.40.0-255,66,203701,64,325585
14173,0.050292,172.217.194.0-255,5738,209439,64,325585
14174,0.0503,172.31.40.0-255,66,209505,64,325585
14175,0.052686,172.217.194.0-255,5738,215243,64,325585
14176,0.052693,172.31.40.0-255,66,215309,64,325585
14177,0.05506,172.217.194.0-255,5738,221047,64,325585
14178,0.055067,172.31.40.0-255,66,221113,64,325585
14179,0.057475,172.217.194.0-255,5738,226851,64,325585
14180,0.057482,172.31.40.0-255,66,226917,64,325585
14181,0.059886,172.217.194.0-255,5738,232655,64,325585
14182,0.059892,172.31.40.0-255,66,232721,64,325585
14183,0.062275,172.217.194.0-255,5738,238459,64,325585
14184,0.062282,172.31.40.0-255,66,238525,64,325585
14185,0.064669,172.217.194.0-255,5738,244263,64,325585
14186,0.064679,172.31.40.0-255,66,244329,64,325585
14187,0.06708,172.217.194.0-255,5738,250067,64,325585
14188,0.067093,172.31.40.0-255,66,250133,64,325585
14189,0.069465,172.217.194.0-255,5738,255871,64,325585
14190,0.069473,172.31.40.0-255,66,255937,64,325585
14191,0.07187,172.217.194.0-255,5738,261675,64,325585
14192,0.071877,172.31.40.0-255,66,261741,64,325585
14193,0.074284,172.217.194.0-255,5738,267479,64,325585
14194,0.074291,172.31.40.0-255,66,267545,64,325585
14195,0.076669,172.217.194.0-255,5738,273283,64,325585
14196,0.076678,172.31.40.0-255,66,273349,64,325585
14197,0.079054,172.217.194.0-255,5738,279087,64,325585
14198,0.079061,172.31.40.0-255,66,279153,64,325585
14199,0.081447,172.217.194.0-255,5738,284891,64,325585
14200,0.081454,172.31.40.0-255,66,284957,64,325585
14201,0.083834,172.217.194.0-255,5738,290695,64,325585
14202,0.083841,172.31.40.0-255,66,290761,64,325585
14203,0.086225,172.217.194.0-255,5738,296499,64,325585
14204,0.086232,172.31.40.0-255,66,296565,64,325585
14205,0.088631,172.217.194.0-255,5738,302303,64,325585
14206,0.088641,172.31.40.0-255,66,302369,64,325585
14207,0.091036,172.217.194.0-255,5738,308107,64,325585
14208,0.091043,172.31.40.0-255,66,308173,64,325585
14209,0.093419,172.217.194.0-255,5738,313911,64,325585
14210,0.093428,172.31.40.0-255,66,313977,64,325585
14211,0.095841,172.217.194.0-255,5738,319715,64,325585
14212,0.095848,172.31.40.0-255,66,319781,64,325585
14213,0.098248,172.217.194.0-255,5738,325519,64,325585
14214,0.098256,172.31.40.0-255,66,325585,64,325585
14215,0.0,172.217.194.0-255,152,152,64,178750
14216,1.4e-05,172.31.40.0-255,66,218,64,178750
14217,2.1e-05,172.217.194.0-255,1484,1702,64,178750
14218,2.5e-05,172.31.40.0-255,66,1768,64,178750
14219,3.8e-05,172.217.194.0-255,2902,4670,64,178750
14220,4.1e-05,172.31.40.0-255,66,4736,64,178750
14221,4.7e-05,172.217.194.0-255,2902,7638,64,178750
14222,5e-05,172.31.40.0-255,66,7704,64,178750
14223,7.7e-05,172.217.194.0-255,4320,12024,64,178750
14224,8.1e-05,172.31.40.0-255,66,12090,64,178750
14225,0.000127,172.217.194.0-255,2134,14224,64,178750
14226,0.00013,172.31.40.0-255,66,14290,64,178750
14227,0.000158,172.217.194.0-255,2902,17192,64,178750
14228,0.00016,172.31.40.0-255,66,17258,64,178750
14229,0.000204,172.217.194.0-255,7156,24414,64,178750
14230,0.000207,172.31.40.0-255,66,24480,64,178750
14231,0.000279,172.217.194.0-255,4320,28800,64,178750
14232,0.000284,172.31.40.0-255,66,28866,64,178750
14233,0.000316,172.217.194.0-255,6797,35663,64,178750
14234,0.000319,172.31.40.0-255,66,35729,64,178750
14235,0.00042,172.217.194.0-255,5738,41467,64,178750
14236,0.000424,172.31.40.0-255,66,41533,64,178750
14237,0.000467,172.31.40.0-255,66,41599,64,178750
14238,0.000672,172.217.194.0-255,7156,48755,64,178750
14239,0.000677,172.31.40.0-255,66,48821,64,178750
14240,0.000704,172.217.194.0-255,2184,51005,64,178750
14241,0.000709,172.31.40.0-255,66,51071,64,178750
14242,0.000751,172.217.194.0-255,709,51780,64,178750
14243,0.000755,172.31.40.0-255,66,51846,64,178750
14244,0.000793,172.31.40.0-255,66,51912,64,178750
14245,0.000921,172.217.194.0-255,7156,59068,64,178750
14246,0.000925,172.31.40.0-255,66,59134,64,178750
14247,0.000966,172.31.40.0-255,66,59200,64,178750
14248,0.001184,172.217.194.0-255,1484,60684,64,178750
14249,0.0012,172.217.194.0-255,1484,62168,64,178750
14250,0.001204,172.31.40.0-255,66,62234,64,178750
14251,0.001227,172.217.194.0-255,1484,63718,64,178750
14252,0.001246,172.217.194.0-255,4320,68038,64,178750
14253,0.001249,172.31.40.0-255,66,68104,64,178750
14254,0.001272,172.217.194.0-255,1484,69588,64,178750
14255,0.001321,172.31.40.0-255,66,69654,64,178750
14256,0.001468,172.217.194.0-255,7156,76810,64,178750
14257,0.001474,172.31.40.0-255,66,76876,64,178750
14258,0.001483,172.217.194.0-255,3602,80478,64,178750
14259,0.001489,172.31.40.0-255,66,80544,64,178750
14260,0.001609,172.31.40.0-255,66,80610,64,178750
14261,0.001734,172.217.194.0-255,2902,83512,64,178750
14262,0.001738,172.31.40.0-255,66,83578,64,178750
14263,0.001765,172.217.194.0-255,4320,87898,64,178750
14264,0.001768,172.31.40.0-255,66,87964,64,178750
14265,0.001831,172.217.194.0-255,5738,93702,64,178750
14266,0.001835,172.31.40.0-255,66,93768,64,178750
14267,0.001878,172.31.40.0-255,66,93834,64,178750
14268,0.002092,172.31.40.0-255,66,93900,64,178750
14269,0.002142,172.31.40.0-255,66,93966,64,178750
14270,0.002422,172.217.194.0-255,5738,99704,64,178750
14271,0.002427,172.31.40.0-255,66,99770,64,178750
14272,0.002477,172.31.40.0-255,66,99836,64,178750
14273,0.002858,172.31.40.0-255,66,99902,64,178750
14274,0.002908,172.31.40.0-255,66,99968,64,178750
14275,0.003252,172.31.40.0-255,66,100034,64,178750
14276,0.006701,172.31.40.0-255,66,100100,64,178750
14277,0.008974,172.217.194.0-255,5738,105838,64,178750
14278,0.008986,172.31.40.0-255,66,105904,64,178750
14279,0.011225,172.217.194.0-255,5738,111642,64,178750
14280,0.011232,172.31.40.0-255,66,111708,64,178750
14281,0.013489,172.217.194.0-255,5738,117446,64,178750
14282,0.013507,172.31.40.0-255,66,117512,64,178750
14283,0.015737,172.217.194.0-255,5738,123250,64,178750
14284,0.015754,172.31.40.0-255,66,123316,64,178750
14285,0.017991,172.217.194.0-255,5738,129054,64,178750
14286,0.018004,172.31.40.0-255,66,129120,64,178750
14287,0.020252,172.217.194.0-255,5738,134858,64,178750
14288,0.02026,172.31.40.0-255,66,134924,64,178750
14289,0.022505,172.217.194.0-255,5738,140662,64,178750
14290,0.022516,172.31.40.0-255,66,140728,64,178750
14291,0.024744,172.217.194.0-255,5738,146466,64,178750
14292,0.024753,172.31.40.0-255,66,146532,64,178750
14293,0.026981,172.217.194.0-255,5738,152270,64,178750
14294,0.026993,172.31.40.0-255,66,152336,64,178750
14295,0.029228,172.217.194.0-255,5738,158074,64,178750
14296,0.029236,172.31.40.0-255,66,158140,64,178750
14297,0.031458,172.217.194.0-255,5738,163878,64,178750
14298,0.031466,172.31.40.0-255,66,163944,64,178750
14299,0.033714,172.217.194.0-255,5738,169682,64,178750
14300,0.033731,172.31.40.0-255,66,169748,64,178750
14301,0.035978,172.217.194.0-255,4467,174215,64,178750
14302,0.035987,172.31.40.0-255,66,174281,64,178750
14303,0.036218,172.31.40.0-255,105,174386,64,178750
14304,0.038414,172.217.194.0-255,66,174452,64,178750
14305,0.051988,172.31.40.0-255,176,174628,64,178750
14306,0.052019,172.31.40.0-255,1113,175741,64,178750
14307,0.052077,172.31.40.0-255,1514,177255,64,178750
14308,0.052078,172.31.40.0-255,1297,178552,64,178750
14309,0.053537,104.244.42.0-255,66,178618,64,178750
14310,0.053548,104.244.42.0-255,66,178684,64,178750
14311,0.053629,104.244.42.0-255,66,178750,64,178750
14312,0.0,216.58.221.0-255,146,146,64,369144
14313,2.2e-05,172.31.40.0-255,66,212,64,369144
14314,2.9e-05,216.58.221.0-255,1484,1696,64,369144
14315,3.3e-05,172.31.40.0-255,66,1762,64,369144
14316,3.9e-05,216.58.221.0-255,2902,4664,64,369144
14317,4.2e-05,172.31.40.0-255,66,4730,64,369144
14318,5.1e-05,216.58.221.0-255,7156,11886,64,369144
14319,5.4e-05,172.31.40.0-255,66,11952,64,369144
14320,6.6e-05,172.31.40.0-255,66,12018,64,369144
14321,0.000103,172.31.40.0-255,66,12084,64,369144
14322,0.000119,216.58.221.0-255,2543,14627,64,369144
14323,0.000121,172.31.40.0-255,66,14693,64,369144
14324,0.000156,216.58.221.0-255,1484,16177,64,369144
14325,0.000159,172.31.40.0-255,66,16243,64,369144
14326,0.000162,216.58.221.0-255,1484,17727,64,369144
14327,0.000164,172.31.40.0-255,66,17793,64,369144
14328,0.000179,216.58.221.0-255,1484,19277,64,369144
14329,0.000181,172.31.40.0-255,66,19343,64,369144
14330,0.000188,216.58.221.0-255,5738,25081,64,369144
14331,0.000191,172.31.40.0-255,66,25147,64,369144
14332,0.000196,216.58.221.0-255,4320,29467,64,369144
14333,0.000198,172.31.40.0-255,66,29533,64,369144
14334,0.000237,216.58.221.0-255,2543,32076,64,369144
14335,0.00024,172.31.40.0-255,66,32142,64,369144
14336,0.000295,216.58.221.0-255,1484,33626,64,369144
14337,0.000299,172.31.40.0-255,66,33692,64,369144
14338,0.000304,216.58.221.0-255,2902,36594,64,369144
14339,0.000306,172.31.40.0-255,66,36660,64,369144
14340,0.000311,216.58.221.0-255,4320,40980,64,369144
14341,0.000314,172.31.40.0-255,66,41046,64,369144
14342,0.000331,216.58.221.0-255,1484,42530,64,369144
14343,0.000357,216.58.221.0-255,7094,49624,64,369144
14344,0.000501,172.31.40.0-255,66,49690,64,369144
14345,0.000861,216.58.221.0-255,137,49827,64,369144
14346,0.001005,216.58.221.0-255,1484,51311,64,369144
14347,0.00101,172.31.40.0-255,66,51377,64,369144
14348,0.001017,216.58.221.0-255,2902,54279,64,369144
14349,0.00102,216.58.221.0-255,1484,55763,64,369144
14350,0.001035,216.58.221.0-255,4320,60083,64,369144
14351,0.001045,172.31.40.0-255,66,60149,64,369144
14352,0.001055,216.58.221.0-255,2902,63051,64,369144
14353,0.001059,216.58.221.0-255,2902,65953,64,369144
14354,0.001078,172.31.40.0-255,66,66019,64,369144
14355,0.001108,216.58.221.0-255,3961,69980,64,369144
14356,0.001115,172.31.40.0-255,66,70046,64,369144
14357,0.001131,216.58.221.0-255,4320,74366,64,369144
14358,0.001143,172.31.40.0-255,66,74432,64,369144
14359,0.001173,172.31.40.0-255,66,74498,64,369144
14360,0.001565,216.58.221.0-255,1484,75982,64,369144
14361,0.001574,216.58.221.0-255,2902,78884,64,369144
14362,0.001578,172.31.40.0-255,66,78950,64,369144
14363,0.001583,216.58.221.0-255,1484,80434,64,369144
14364,0.001597,216.58.221.0-255,4320,84754,64,369144
14365,0.001626,216.58.221.0-255,5738,90492,64,369144
14366,0.00164,216.58.221.0-255,5738,96230,64,369144
14367,0.001645,216.58.221.0-255,2902,99132,64,369144
14368,0.001705,216.58.221.0-255,1484,100616,64,369144
14369,0.001725,216.58.221.0-255,2902,103518,64,369144
14370,0.001732,216.58.221.0-255,5738,109256,64,369144
14371,0.001755,216.58.221.0-255,2902,112158,64,369144
14372,0.001793,216.58.221.0-255,5738,117896,64,369144
14373,0.001827,216.58.221.0-255,5020,122916,64,369144
14374,0.001865,216.58.221.0-255,2902,125818,64,369144
14375,0.001878,216.58.221.0-255,2902,128720,64,369144
14376,0.001883,216.58.221.0-255,4320,133040,64,369144
14377,0.001899,216.58.221.0-255,2902,135942,64,369144
14378,0.001925,216.58.221.0-255,7156,143098,64,369144
14379,0.001952,216.58.221.0-255,7156,150254,64,369144
14380,0.00196,216.58.221.0-255,6438,156692,64,369144
14381,0.007244,172.31.40.0-255,66,156758,64,369144
14382,0.009194,216.58.221.0-255,5738,162496,64,369144
14383,0.009202,172.31.40.0-255,66,162562,64,369144
14384,0.01114,216.58.221.0-255,5738,168300,64,369144
14385,0.015544,172.31.40.0-255,66,168366,64,369144
14386,0.0175,216.58.221.0-255,5738,174104,64,369144
14387,0.017511,172.31.40.0-255,66,174170,64,369144
14388,0.01946,216.58.221.0-255,5738,179908,64,369144
14389,0.019467,172.31.40.0-255,66,179974,64,369144
14390,0.021409,216.58.221.0-255,5738,185712,64,369144
14391,0.021417,172.31.40.0-255,66,185778,64,369144
14392,0.023356,216.58.221.0-255,5738,191516,64,369144
14393,0.023362,172.31.40.0-255,66,191582,64,369144
14394,0.024004,172.31.40.0-255,167,191749,64,369144
14395,0.024037,172.31.40.0-255,1107,192856,64,369144
14396,0.024093,172.31.40.0-255,1514,194370,64,369144
14397,0.024094,172.31.40.0-255,338,194708,64,369144
14398,0.025321,216.58.221.0-255,5738,200446,64,369144
14399,0.025328,172.31.40.0-255,66,200512,64,369144
14400,0.025507,104.244.42.0-255,66,200578,64,369144
14401,0.025571,104.244.42.0-255,66,200644,64,369144
14402,0.025645,104.244.42.0-255,66,200710,64,369144
14403,0.027273,216.58.221.0-255,5738,206448,64,369144
14404,0.02728,172.31.40.0-255,66,206514,64,369144
14405,0.029235,216.58.221.0-255,5738,212252,64,369144
14406,0.029242,172.31.40.0-255,66,212318,64,369144
14407,0.031187,216.58.221.0-255,5738,218056,64,369144
14408,0.0312,172.31.40.0-255,66,218122,64,369144
14409,0.03315,216.58.221.0-255,5738,223860,64,369144
14410,0.033163,172.31.40.0-255,66,223926,64,369144
14411,0.035094,216.58.221.0-255,5738,229664,64,369144
14412,0.0351,172.31.40.0-255,66,229730,64,369144
14413,0.037037,216.58.221.0-255,5738,235468,64,369144
14414,0.037044,172.31.40.0-255,66,235534,64,369144
14415,0.038986,216.58.221.0-255,5738,241272,64,369144
14416,0.038992,172.31.40.0-255,66,241338,64,369144
14417,0.040934,216.58.221.0-255,5738,247076,64,369144
14418,0.04094,172.31.40.0-255,66,247142,64,369144
14419,0.042885,216.58.221.0-255,5738,252880,64,369144
14420,0.042893,172.31.40.0-255,66,252946,64,369144
14421,0.044837,216.58.221.0-255,5738,258684,64,369144
14422,0.044845,172.31.40.0-255,66,258750,64,369144
14423,0.046803,216.58.221.0-255,5738,264488,64,369144
14424,0.04681,172.31.40.0-255,66,264554,64,369144
14425,0.048744,216.58.221.0-255,5738,270292,64,369144
14426,0.048755,172.31.40.0-255,66,270358,64,369144
14427,0.050701,216.58.221.0-255,5738,276096,64,369144
14428,0.050707,172.31.40.0-255,66,276162,64,369144
14429,0.05265,216.58.221.0-255,5738,281900,64,369144
14430,0.052657,172.31.40.0-255,66,281966,64,369144
14431,0.054607,216.58.221.0-255,5738,287704,64,369144
14432,0.054613,172.31.40.0-255,66,287770,64,369144
14433,0.056572,216.58.221.0-255,5738,293508,64,369144
14434,0.056578,172.31.40.0-255,66,293574,64,369144
14435,0.058522,216.58.221.0-255,5738,299312,64,369144
14436,0.058529,172.31.40.0-255,66,299378,64,369144
14437,0.060478,216.58.221.0-255,5738,305116,64,369144
14438,0.060484,172.31.40.0-255,66,305182,64,369144
14439,0.062437,216.58.221.0-255,5738,310920,64,369144
14440,0.062444,172.31.40.0-255,66,310986,64,369144
14441,0.064401,216.58.221.0-255,5738,316724,64,369144
14442,0.064408,172.31.40.0-255,66,316790,64,369144
14443,0.066358,216.58.221.0-255,5738,322528,64,369144
14444,0.066364,172.31.40.0-255,66,322594,64,369144
14445,0.068308,216.58.221.0-255,5738,328332,64,369144
14446,0.068314,172.31.40.0-255,66,328398,64,369144
14447,0.070258,216.58.221.0-255,5738,334136,64,369144
14448,0.070264,172.31.40.0-255,66,334202,64,369144
14449,0.072205,216.58.221.0-255,5738,339940,64,369144
14450,0.072211,172.31.40.0-255,66,340006,64,369144
14451,0.074185,216.58.221.0-255,5738,345744,64,369144
14452,0.074191,172.31.40.0-255,66,345810,64,369144
14453,0.076138,216.58.221.0-255,5738,351548,64,369144
14454,0.076144,172.31.40.0-255,66,351614,64,369144
14455,0.078091,216.58.221.0-255,5738,357352,64,369144
14456,0.078097,172.31.40.0-255,66,357418,64,369144
14457,0.080064,216.58.221.0-255,5738,363156,64,369144
14458,0.080072,172.31.40.0-255,66,363222,64,369144
14459,0.082007,216.58.221.0-255,5685,368907,64,369144
14460,0.082013,172.31.40.0-255,66,368973,64,369144
14461,0.082208,172.31.40.0-255,105,369078,64,369144
14462,0.084125,216.58.221.0-255,66,369144,64,369144
14463,0.0,172.217.27.0-255,297,297,64,375526
14464,1.6e-05,172.31.40.0-255,66,363,64,375526
14465,2.3e-05,172.217.27.0-255,1484,1847,64,375526
14466,2.8e-05,172.31.40.0-255,66,1913,64,375526
14467,4.4e-05,172.217.27.0-255,4320,6233,64,375526
14468,4.6e-05,172.31.40.0-255,66,6299,64,375526
14469,5.3e-05,172.217.27.0-255,5738,12037,64,375526
14470,5.6e-05,172.31.40.0-255,66,12103,64,375526
14471,8.4e-05,172.217.27.0-255,1840,13943,64,375526
14472,8.6e-05,172.31.40.0-255,66,14009,64,375526
14473,0.000124,172.217.27.0-255,1484,15493,64,375526
14474,0.000127,172.31.40.0-255,66,15559,64,375526
14475,0.000146,172.217.27.0-255,2902,18461,64,375526
14476,0.000148,172.31.40.0-255,66,18527,64,375526
14477,0.000151,172.217.27.0-255,1484,20011,64,375526
14478,0.000153,172.31.40.0-255,66,20077,64,375526
14479,0.000177,172.217.27.0-255,4320,24397,64,375526
14480,0.000179,172.31.40.0-255,66,24463,64,375526
14481,0.000185,172.217.27.0-255,4320,28783,64,375526
14482,0.000187,172.31.40.0-255,66,28849,64,375526
14483,0.000226,172.217.27.0-255,2543,31392,64,375526
14484,0.000228,172.31.40.0-255,66,31458,64,375526
14485,0.000235,172.217.27.0-255,7156,38614,64,375526
14486,0.000238,172.31.40.0-255,66,38680,64,375526
14487,0.00025,172.31.40.0-255,66,38746,64,375526
14488,0.000379,172.217.27.0-255,1484,40230,64,375526
14489,0.000383,172.31.40.0-255,66,40296,64,375526
14490,0.000389,172.217.27.0-255,2902,43198,64,375526
14491,0.000392,172.31.40.0-255,66,43264,64,375526
14492,0.000441,172.217.27.0-255,4320,47584,64,375526
14493,0.000443,172.31.40.0-255,66,47650,64,375526
14494,0.000471,172.217.27.0-255,1484,49134,64,375526
14495,0.000479,172.217.27.0-255,7091,56225,64,375526
14496,0.000482,172.31.40.0-255,66,56291,64,375526
14497,0.000893,172.217.27.0-255,383,56674,64,375526
14498,0.001033,172.217.27.0-255,1484,58158,64,375526
14499,0.001038,172.31.40.0-255,66,58224,64,375526
14500,0.001076,172.217.27.0-255,2902,61126,64,375526
14501,0.001082,172.217.27.0-255,5738,66864,64,375526
14502,0.001084,172.217.27.0-255,1484,68348,64,375526
14503,0.001095,172.31.40.0-255,66,68414,64,375526
14504,0.001098,172.31.40.0-255,66,68480,64,375526
14505,0.001116,172.31.40.0-255,66,68546,64,375526
14506,0.001146,172.217.27.0-255,1125,69671,64,375526
14507,0.001158,172.31.40.0-255,66,69737,64,375526
14508,0.001161,172.217.27.0-255,1125,70862,64,375526
14509,0.001481,172.217.27.0-255,1484,72346,64,375526
14510,0.001486,172.31.40.0-255,66,72412,64,375526
14511,0.001492,172.217.27.0-255,2902,75314,64,375526
14512,0.001494,172.31.40.0-255,66,75380,64,375526
14513,0.0015,172.217.27.0-255,5738,81118,64,375526
14514,0.001507,172.31.40.0-255,66,81184,64,375526
14515,0.001513,172.217.27.0-255,4320,85504,64,375526
14516,0.001515,172.31.40.0-255,66,85570,64,375526
14517,0.001522,172.217.27.0-255,5738,91308,64,375526
14518,0.001524,172.31.40.0-255,66,91374,64,375526
14519,0.00157,172.31.40.0-255,66,91440,64,375526
14520,0.001579,172.217.27.0-255,5889,97329,64,375526
14521,0.001581,172.31.40.0-255,66,97395,64,375526
14522,0.001588,172.217.27.0-255,7156,104551,64,375526
14523,0.00159,172.31.40.0-255,66,104617,64,375526
14524,0.001601,172.31.40.0-255,66,104683,64,375526
14525,0.001634,172.217.27.0-255,7156,111839,64,375526
14526,0.001637,172.31.40.0-255,66,111905,64,375526
14527,0.001644,172.217.27.0-255,6438,118343,64,375526
14528,0.001646,172.31.40.0-255,66,118409,64,375526
14529,0.003291,172.217.27.0-255,5738,124147,64,375526
14530,0.003298,172.31.40.0-255,66,124213,64,375526
14531,0.00499,172.217.27.0-255,5738,129951,64,375526
14532,0.004997,172.31.40.0-255,66,130017,64,375526
14533,0.006623,172.217.27.0-255,2902,132919,64,375526
14534,0.006627,172.31.40.0-255,66,132985,64,375526
14535,0.006653,172.217.27.0-255,2902,135887,64,375526
14536,0.006655,172.31.40.0-255,66,135953,64,375526
14537,0.008256,172.217.27.0-255,2902,138855,64,375526
14538,0.008262,172.31.40.0-255,66,138921,64,375526
14539,0.008296,172.217.27.0-255,2902,141823,64,375526
14540,0.008299,172.31.40.0-255,66,141889,64,375526
14541,0.009902,172.217.27.0-255,2902,144791,64,375526
14542,0.009909,172.31.40.0-255,66,144857,64,375526
14543,0.009937,172.217.27.0-255,2902,147759,64,375526
14544,0.009939,172.31.40.0-255,66,147825,64,375526
14545,0.01155,172.217.27.0-255,2902,150727,64,375526
14546,0.011558,172.31.40.0-255,66,150793,64,375526
14547,0.011593,172.217.27.0-255,2902,153695,64,375526
14548,0.011596,172.31.40.0-255,66,153761,64,375526
14549,0.013198,172.217.27.0-255,2902,156663,64,375526
14550,0.013206,172.31.40.0-255,66,156729,64,375526
14551,0.013234,172.217.27.0-255,2902,159631,64,375526
14552,0.013238,172.31.40.0-255,66,159697,64,375526
14553,0.014857,172.217.27.0-255,2902,162599,64,375526
14554,0.014864,172.31.40.0-255,66,162665,64,375526
14555,0.014894,172.217.27.0-255,2902,165567,64,375526
14556,0.014897,172.31.40.0-255,66,165633,64,375526
14557,0.0165,172.217.27.0-255,2902,168535,64,375526
14558,0.016509,172.31.40.0-255,66,168601,64,375526
14559,0.016538,172.217.27.0-255,2902,171503,64,375526
14560,0.016541,172.31.40.0-255,66,171569,64,375526
14561,0.018152,172.217.27.0-255,2902,174471,64,375526
14562,0.018159,172.31.40.0-255,66,174537,64,375526
14563,0.01818,172.217.27.0-255,2902,177439,64,375526
14564,0.018183,172.31.40.0-255,66,177505,64,375526
14565,0.019827,172.217.27.0-255,5738,183243,64,375526
14566,0.019834,172.31.40.0-255,66,183309,64,375526
14567,0.021476,172.217.27.0-255,5738,189047,64,375526
14568,0.021484,172.31.40.0-255,66,189113,64,375526
14569,0.02318,172.217.27.0-255,5738,194851,64,375526
14570,0.023187,172.31.40.0-255,66,194917,64,375526
14571,0.024825,172.217.27.0-255,5738,200655,64,375526
14572,0.024833,172.31.40.0-255,66,200721,64,375526
14573,0.026486,172.217.27.0-255,5738,206459,64,375526
14574,0.026493,172.31.40.0-255,66,206525,64,375526
14575,0.02815,172.217.27.0-255,5738,212263,64,375526
14576,0.028163,172.31.40.0-255,66,212329,64,375526
14577,0.029805,172.217.27.0-255,5738,218067,64,375526
14578,0.029815,172.31.40.0-255,66,218133,64,375526
14579,0.031469,172.217.27.0-255,5738,223871,64,375526
14580,0.031479,172.31.40.0-255,66,223937,64,375526
14581,0.03313,172.217.27.0-255,5738,229675,64,375526
14582,0.033143,172.31.40.0-255,66,229741,64,375526
14583,0.034798,172.217.27.0-255,4320,234061,64,375526
14584,0.03481,172.31.40.0-255,66,234127,64,375526
14585,0.034842,172.217.27.0-255,1484,235611,64,375526
14586,0.036449,172.217.27.0-255,4320,239931,64,375526
14587,0.036457,172.31.40.0-255,66,239997,64,375526
14588,0.03812,172.217.27.0-255,5738,245735,64,375526
14589,0.038133,172.31.40.0-255,66,245801,64,375526
14590,0.039769,172.217.27.0-255,1484,247285,64,375526
14591,0.039798,172.217.27.0-255,4320,251605,64,375526
14592,0.039804,172.31.40.0-255,66,251671,64,375526
14593,0.041448,172.217.27.0-255,5738,257409,64,375526
14594,0.041456,172.31.40.0-255,66,257475,64,375526
14595,0.043108,172.217.27.0-255,5738,263213,64,375526
14596,0.043116,172.31.40.0-255,66,263279,64,375526
14597,0.043944,172.31.40.0-255,205,263484,64,375526
14598,0.043977,172.31.40.0-255,1112,264596,64,375526
14599,0.044036,172.31.40.0-255,1514,266110,64,375526
14600,0.044038,172.31.40.0-255,1514,267624,64,375526
14601,0.044039,172.31.40.0-255,696,268320,64,375526
14602,0.044781,172.217.27.0-255,5738,274058,64,375526
14603,0.044788,172.31.40.0-255,66,274124,64,375526
14604,0.045482,104.244.42.0-255,66,274190,64,375526
14605,0.045529,104.244.42.0-255,66,274256,64,375526
14606,0.045623,104.244.42.0-255,66,274322,64,375526
14607,0.045627,104.244.42.0-255,66,274388,64,375526
14608,0.046431,172.217.27.0-255,5738,280126,64,375526
14609,0.04644,172.31.40.0-255,66,280192,64,375526
14610,0.048094,172.217.27.0-255,5738,285930,64,375526
14611,0.048104,172.31.40.0-255,66,285996,64,375526
14612,0.049775,172.217.27.0-255,5738,291734,64,375526
14613,0.049789,172.31.40.0-255,66,291800,64,375526
14614,0.051466,172.217.27.0-255,5738,297538,64,375526
14615,0.051477,172.31.40.0-255,66,297604,64,375526
14616,0.053131,172.217.27.0-255,5738,303342,64,375526
14617,0.053143,172.31.40.0-255,66,303408,64,375526
14618,0.054789,172.217.27.0-255,5738,309146,64,375526
14619,0.054799,172.31.40.0-255,66,309212,64,375526
14620,0.05645,172.217.27.0-255,5738,314950,64,375526
14621,0.05646,172.31.40.0-255,66,315016,64,375526
14622,0.058114,172.217.27.0-255,5738,320754,64,375526
14623,0.058126,172.31.40.0-255,66,320820,64,375526
14624,0.059772,172.217.27.0-255,5738,326558,64,375526
14625,0.059786,172.31.40.0-255,66,326624,64,375526
14626,0.061446,172.217.27.0-255,5738,332362,64,375526
14627,0.061456,172.31.40.0-255,66,332428,64,375526
14628,0.063109,172.217.27.0-255,5738,338166,64,375526
14629,0.063121,172.31.40.0-255,66,338232,64,375526
14630,0.064767,172.217.27.0-255,5738,343970,64,375526
14631,0.064774,172.31.40.0-255,66,344036,64,375526
14632,0.066447,172.217.27.0-255,5738,349774,64,375526
14633,0.06646,172.31.40.0-255,66,349840,64,375526
14634,0.068194,172.217.27.0-255,5738,355578,64,375526
14635,0.068207,172.31.40.0-255,66,355644,64,375526
14636,0.069862,172.217.27.0-255,5738,361382,64,375526
14637,0.069874,172.31.40.0-255,66,361448,64,375526
14638,0.071527,172.217.27.0-255,5738,367186,64,375526
14639,0.071539,172.31.40.0-255,66,367252,64,375526
14640,0.073185,172.217.27.0-255,5738,372990,64,375526
14641,0.073196,172.31.40.0-255,66,373056,64,375526
14642,0.074856,172.217.27.0-255,2233,375289,64,375526
14643,0.074869,172.31.40.0-255,66,375355,64,375526
14644,0.075096,172.31.40.0-255,105,375460,64,375526
14645,0.076708,172.217.27.0-255,66,375526,64,375526
14646,0.0,172.217.27.0-255,146,146,64,415282
14647,1.8e-05,172.31.40.0-255,66,212,64,415282
14648,2.5e-05,172.217.27.0-255,1484,1696,64,415282
14649,3e-05,172.31.40.0-255,66,1762,64,415282
14650,3.5e-05,172.217.27.0-255,2902,4664,64,415282
14651,3.9e-05,172.31.40.0-255,66,4730,64,415282
14652,6.5e-05,172.217.27.0-255,7156,11886,64,415282
14653,7e-05,172.31.40.0-255,66,11952,64,415282
14654,7.3e-05,172.217.27.0-255,2128,14080,64,415282
14655,7.6e-05,172.31.40.0-255,66,14146,64,415282
14656,8e-05,172.217.27.0-255,2902,17048,64,415282
14657,8.3e-05,172.31.40.0-255,66,17114,64,415282
14658,0.000142,172.217.27.0-255,7156,24270,64,415282
14659,0.000147,172.31.40.0-255,66,24336,64,415282
14660,0.000154,172.217.27.0-255,6797,31133,64,415282
14661,0.000157,172.31.40.0-255,66,31199,64,415282
14662,0.000197,172.217.27.0-255,1484,32683,64,415282
14663,0.000201,172.31.40.0-255,66,32749,64,415282
14664,0.000203,172.217.27.0-255,1484,34233,64,415282
14665,0.000205,172.31.40.0-255,66,34299,64,415282
14666,0.000218,172.217.27.0-255,2902,37201,64,415282
14667,0.00022,172.31.40.0-255,66,37267,64,415282
14668,0.000247,172.217.27.0-255,5738,43005,64,415282
14669,0.00025,172.31.40.0-255,66,43071,64,415282
14670,0.000271,172.217.27.0-255,5379,48450,64,415282
14671,0.000274,172.31.40.0-255,66,48516,64,415282
14672,0.000369,172.217.27.0-255,1484,50000,64,415282
14673,0.000373,172.31.40.0-255,66,50066,64,415282
14674,0.000378,172.217.27.0-255,2902,52968,64,415282
14675,0.000381,172.31.40.0-255,66,53034,64,415282
14676,0.00041,172.217.27.0-255,5738,58772,64,415282
14677,0.000413,172.31.40.0-255,66,58838,64,415282
14678,0.000417,172.217.27.0-255,4320,63158,64,415282
14679,0.00042,172.31.40.0-255,66,63224,64,415282
14680,0.000463,172.217.27.0-255,2872,66096,64,415282
14681,0.000467,172.31.40.0-255,66,66162,64,415282
14682,0.000825,172.217.27.0-255,114,66276,64,415282
14683,0.00099,172.217.27.0-255,1484,67760,64,415282
14684,0.000995,172.31.40.0-255,66,67826,64,415282
14685,0.001001,172.217.27.0-255,2902,70728,64,415282
14686,0.001004,172.217.27.0-255,1484,72212,64,415282
14687,0.001021,172.217.27.0-255,4320,76532,64,415282
14688,0.001025,172.217.27.0-255,2902,79434,64,415282
14689,0.00103,172.217.27.0-255,3961,83395,64,415282
14690,0.001045,172.31.40.0-255,66,83461,64,415282
14691,0.001064,172.217.27.0-255,1484,84945,64,415282
14692,0.001081,172.217.27.0-255,7156,92101,64,415282
14693,0.001086,172.217.27.0-255,2902,95003,64,415282
14694,0.001113,172.217.27.0-255,5379,100382,64,415282
14695,0.001118,172.31.40.0-255,66,100448,64,415282
14696,0.001128,172.31.40.0-255,66,100514,64,415282
14697,0.002747,172.217.27.0-255,5738,106252,64,415282
14698,0.002756,172.31.40.0-255,66,106318,64,415282
14699,0.004386,172.217.27.0-255,5738,112056,64,415282
14700,0.004687,172.31.40.0-255,66,112122,64,415282
14701,0.006311,172.217.27.0-255,5738,117860,64,415282
14702,0.006317,172.31.40.0-255,66,117926,64,415282
14703,0.00796,172.217.27.0-255,5738,123664,64,415282
14704,0.007968,172.31.40.0-255,66,123730,64,415282
14705,0.009598,172.217.27.0-255,5738,129468,64,415282
14706,0.009607,172.31.40.0-255,66,129534,64,415282
14707,0.011235,172.217.27.0-255,5738,135272,64,415282
14708,0.012213,172.31.40.0-255,66,135338,64,415282
14709,0.013841,172.217.27.0-255,5738,141076,64,415282
14710,0.013849,172.31.40.0-255,66,141142,64,415282
14711,0.01548,172.217.27.0-255,5738,146880,64,415282
14712,0.015489,172.31.40.0-255,66,146946,64,415282
14713,0.01712,172.217.27.0-255,5738,152684,64,415282
14714,0.017131,172.31.40.0-255,66,152750,64,415282
14715,0.018762,172.217.27.0-255,5738,158488,64,415282
14716,0.018771,172.31.40.0-255,66,158554,64,415282
14717,0.020443,172.217.27.0-255,5738,164292,64,415282
14718,0.020452,172.31.40.0-255,66,164358,64,415282
14719,0.022078,172.217.27.0-255,5738,170096,64,415282
14720,0.022087,172.31.40.0-255,66,170162,64,415282
14721,0.02375,172.217.27.0-255,5738,175900,64,415282
14722,0.023759,172.31.40.0-255,66,175966,64,415282
14723,0.025397,172.217.27.0-255,5738,181704,64,415282
14724,0.025405,172.31.40.0-255,66,181770,64,415282
14725,0.026431,172.31.40.0-255,167,181937,64,415282
14726,0.026462,172.31.40.0-255,1107,183044,64,415282
14727,0.026521,172.31.40.0-255,1514,184558,64,415282
14728,0.026523,172.31.40.0-255,338,184896,64,415282
14729,0.027031,172.217.27.0-255,5738,190634,64,415282
14730,0.027039,172.31.40.0-255,66,190700,64,415282
14731,0.028011,104.244.42.0-255,66,190766,64,415282
14732,0.028187,104.244.42.0-255,66,190832,64,415282
14733,0.028217,104.244.42.0-255,66,190898,64,415282
14734,0.028667,172.217.27.0-255,5738,196636,64,415282
14735,0.028673,172.31.40.0-255,66,196702,64,415282
14736,0.030315,172.217.27.0-255,5738,202440,64,415282
14737,0.030323,172.31.40.0-255,66,202506,64,415282
14738,0.031958,172.217.27.0-255,5738,208244,64,415282
14739,0.031966,172.31.40.0-255,66,208310,64,415282
14740,0.033599,172.217.27.0-255,5738,214048,64,415282
14741,0.033607,172.31.40.0-255,66,214114,64,415282
14742,0.035282,172.217.27.0-255,5738,219852,64,415282
14743,0.03529,172.31.40.0-255,66,219918,64,415282
14744,0.036923,172.217.27.0-255,5738,225656,64,415282
14745,0.036931,172.31.40.0-255,66,225722,64,415282
14746,0.038565,172.217.27.0-255,5738,231460,64,415282
14747,0.038573,172.31.40.0-255,66,231526,64,415282
14748,0.040204,172.217.27.0-255,5738,237264,64,415282
14749,0.040212,172.31.40.0-255,66,237330,64,415282
14750,0.041852,172.217.27.0-255,5738,243068,64,415282
14751,0.04186,172.31.40.0-255,66,243134,64,415282
14752,0.043493,172.217.27.0-255,5738,248872,64,415282
14753,0.043501,172.31.40.0-255,66,248938,64,415282
14754,0.045129,172.217.27.0-255,5738,254676,64,415282
14755,0.04514,172.31.40.0-255,66,254742,64,415282
14756,0.046774,172.217.27.0-255,5738,260480,64,415282
14757,0.046783,172.31.40.0-255,66,260546,64,415282
14758,0.048411,172.217.27.0-255,5738,266284,64,415282
14759,0.048422,172.31.40.0-255,66,266350,64,415282
14760,0.050087,172.217.27.0-255,5738,272088,64,415282
14761,0.050095,172.31.40.0-255,66,272154,64,415282
14762,0.051723,172.217.27.0-255,5738,277892,64,415282
14763,0.051731,172.31.40.0-255,66,277958,64,415282
14764,0.053361,172.217.27.0-255,5738,283696,64,415282
14765,0.05337,172.31.40.0-255,66,283762,64,415282
14766,0.055005,172.217.27.0-255,5738,289500,64,415282
14767,0.055015,172.31.40.0-255,66,289566,64,415282
14768,0.056635,172.217.27.0-255,5738,295304,64,415282
14769,0.056642,172.31.40.0-255,66,295370,64,415282
14770,0.058282,172.217.27.0-255,5738,301108,64,415282
14771,0.05829,172.31.40.0-255,66,301174,64,415282
14772,0.059939,172.217.27.0-255,5738,306912,64,415282
14773,0.059947,172.31.40.0-255,66,306978,64,415282
14774,0.061582,172.217.27.0-255,5738,312716,64,415282
14775,0.06159,172.31.40.0-255,66,312782,64,415282
14776,0.063229,172.217.27.0-255,5738,318520,64,415282
14777,0.063237,172.31.40.0-255,66,318586,64,415282
14778,0.064884,172.217.27.0-255,5738,324324,64,415282
14779,0.064892,172.31.40.0-255,66,324390,64,415282
14780,0.066547,172.217.27.0-255,5738,330128,64,415282
14781,0.066555,172.31.40.0-255,66,330194,64,415282
14782,0.068197,172.217.27.0-255,5738,335932,64,415282
14783,0.068204,172.31.40.0-255,66,335998,64,415282
14784,0.069831,172.217.27.0-255,5738,341736,64,415282
14785,0.06984,172.31.40.0-255,66,341802,64,415282
14786,0.071477,172.217.27.0-255,5738,347540,64,415282
14787,0.071486,172.31.40.0-255,66,347606,64,415282
14788,0.073118,172.217.27.0-255,5738,353344,64,415282
14789,0.073126,172.31.40.0-255,66,353410,64,415282
14790,0.074759,172.217.27.0-255,5738,359148,64,415282
14791,0.074767,172.31.40.0-255,66,359214,64,415282
14792,0.076396,172.217.27.0-255,5738,364952,64,415282
14793,0.076405,172.31.40.0-255,66,365018,64,415282
14794,0.07807,172.217.27.0-255,5738,370756,64,415282
14795,0.078078,172.31.40.0-255,66,370822,64,415282
14796,0.079708,172.217.27.0-255,5738,376560,64,415282
14797,0.079716,172.31.40.0-255,66,376626,64,415282
14798,0.081355,172.217.27.0-255,5738,382364,64,415282
14799,0.081363,172.31.40.0-255,66,382430,64,415282
14800,0.083004,172.217.27.0-255,5738,388168,64,415282
14801,0.083011,172.31.40.0-255,66,388234,64,415282
14802,0.084654,172.217.27.0-255,5738,393972,64,415282
14803,0.084662,172.31.40.0-255,66,394038,64,415282
14804,0.086291,172.217.27.0-255,5738,399776,64,415282
14805,0.086299,172.31.40.0-255,66,399842,64,415282
14806,0.087939,172.217.27.0-255,5738,405580,64,415282
14807,0.087947,172.31.40.0-255,66,405646,64,415282
14808,0.089611,172.217.27.0-255,5738,411384,64,415282
14809,0.089619,172.31.40.0-255,66,411450,64,415282
14810,0.091252,172.217.27.0-255,3595,415045,64,415282
14811,0.09126,172.31.40.0-255,66,415111,64,415282
14812,0.091421,172.31.40.0-255,105,415216,64,415282
14813,0.093011,172.217.27.0-255,66,415282,64,415282
14814,0.0,172.31.40.0-255,105,105,64,459
14815,0.000145,172.31.40.0-255,90,195,64,459
14816,0.000154,172.31.40.0-255,66,261,64,459
14817,0.002465,74.125.68.0-255,66,327,64,459
14818,0.002483,74.125.68.0-255,66,393,64,459
14819,0.002495,172.31.40.0-255,66,459,64,459
14820,0.0,74.125.130.0-255,152,152,64,261589
14821,1.7e-05,172.31.40.0-255,66,218,64,261589
14822,2.4e-05,74.125.130.0-255,1484,1702,64,261589
14823,2.9e-05,172.31.40.0-255,66,1768,64,261589
14824,5.2e-05,74.125.130.0-255,2902,4670,64,261589
14825,5.5e-05,172.31.40.0-255,66,4736,64,261589
14826,9.1e-05,74.125.130.0-255,4320,9056,64,261589
14827,9.4e-05,172.31.40.0-255,66,9122,64,261589
14828,0.000166,74.125.130.0-255,4955,14077,64,261589
14829,0.00017,172.31.40.0-255,66,14143,64,261589
14830,0.000318,74.125.130.0-255,1484,15627,64,261589
14831,0.000322,172.31.40.0-255,66,15693,64,261589
14832,0.000327,74.125.130.0-255,2902,18595,64,261589
14833,0.00033,172.31.40.0-255,66,18661,64,261589
14834,0.000374,74.125.130.0-255,1484,20145,64,261589
14835,0.000378,172.31.40.0-255,66,20211,64,261589
14836,0.000397,74.125.130.0-255,4320,24531,64,261589
14837,0.0004,172.31.40.0-255,66,24597,64,261589
14838,0.000485,74.125.130.0-255,4320,28917,64,261589
14839,0.000488,172.31.40.0-255,66,28983,64,261589
14840,0.000506,74.125.130.0-255,2543,31526,64,261589
14841,0.000508,172.31.40.0-255,66,31592,64,261589
14842,0.000613,74.125.130.0-255,1484,33076,64,261589
14843,0.000616,172.31.40.0-255,66,33142,64,261589
14844,0.000656,172.31.40.0-255,66,33208,64,261589
14845,0.000902,74.125.130.0-255,5738,38946,64,261589
14846,0.000906,172.31.40.0-255,66,39012,64,261589
14847,0.000939,172.31.40.0-255,66,39078,64,261589
14848,0.001258,74.125.130.0-255,646,39724,64,261589
14849,0.001264,172.31.40.0-255,66,39790,64,261589
14850,0.001315,74.125.130.0-255,5738,45528,64,261589
14851,0.001347,172.31.40.0-255,66,45594,64,261589
14852,0.001696,74.125.130.0-255,5738,51332,64,261589
14853,0.001706,172.31.40.0-255,66,51398,64,261589
14854,0.001752,172.31.40.0-255,66,51464,64,261589
14855,0.002064,74.125.130.0-255,5738,57202,64,261589
14856,0.002068,172.31.40.0-255,66,57268,64,261589
14857,0.002128,172.31.40.0-255,66,57334,64,261589
14858,0.002144,172.31.40.0-255,66,57400,64,261589
14859,0.002944,172.31.40.0-255,66,57466,64,261589
14860,0.002963,74.125.130.0-255,2184,59650,64,261589
14861,0.008029,172.31.40.0-255,66,59716,64,261589
14862,0.010074,74.125.130.0-255,5738,65454,64,261589
14863,0.010083,172.31.40.0-255,66,65520,64,261589
14864,0.012127,74.125.130.0-255,5738,71258,64,261589
14865,0.012136,172.31.40.0-255,66,71324,64,261589
14866,0.01418,74.125.130.0-255,5738,77062,64,261589
14867,0.016099,172.31.40.0-255,66,77128,64,261589
14868,0.018146,74.125.130.0-255,5738,82866,64,261589
14869,0.018157,172.31.40.0-255,66,82932,64,261589
14870,0.020197,74.125.130.0-255,5738,88670,64,261589
14871,0.020204,172.31.40.0-255,66,88736,64,261589
14872,0.022254,74.125.130.0-255,5738,94474,64,261589
14873,0.022261,172.31.40.0-255,66,94540,64,261589
14874,0.024306,74.125.130.0-255,5738,100278,64,261589
14875,0.024314,172.31.40.0-255,66,100344,64,261589
14876,0.026375,74.125.130.0-255,5738,106082,64,261589
14877,0.026387,172.31.40.0-255,66,106148,64,261589
14878,0.028452,74.125.130.0-255,5738,111886,64,261589
14879,0.030064,172.31.40.0-255,66,111952,64,261589
14880,0.032158,74.125.130.0-255,5738,117690,64,261589
14881,0.032169,172.31.40.0-255,66,117756,64,261589
14882,0.033413,172.31.40.0-255,167,117923,64,261589
14883,0.033443,172.31.40.0-255,1107,119030,64,261589
14884,0.033497,172.31.40.0-255,1514,120544,64,261589
14885,0.033499,172.31.40.0-255,338,120882,64,261589
14886,0.034223,74.125.130.0-255,5738,126620,64,261589
14887,0.034229,172.31.40.0-255,66,126686,64,261589
14888,0.035041,104.244.42.0-255,66,126752,64,261589
14889,0.03628,74.125.130.0-255,5738,132490,64,261589
14890,0.036288,172.31.40.0-255,66,132556,64,261589
14891,0.03835,74.125.130.0-255,5738,138294,64,261589
14892,0.038356,172.31.40.0-255,66,138360,64,261589
14893,0.040407,74.125.130.0-255,5738,144098,64,261589
14894,0.040425,172.31.40.0-255,66,144164,64,261589
14895,0.042458,74.125.130.0-255,5738,149902,64,261589
14896,0.042464,172.31.40.0-255,66,149968,64,261589
14897,0.044505,74.125.130.0-255,5738,155706,64,261589
14898,0.044513,172.31.40.0-255,66,155772,64,261589
14899,0.046556,74.125.130.0-255,5738,161510,64,261589
14900,0.046565,172.31.40.0-255,66,161576,64,261589
14901,0.048621,74.125.130.0-255,5738,167314,64,261589
14902,0.048628,172.31.40.0-255,66,167380,64,261589
14903,0.05068,74.125.130.0-255,5738,173118,64,261589
14904,0.050687,172.31.40.0-255,66,173184,64,261589
14905,0.052739,74.125.130.0-255,5738,178922,64,261589
14906,0.052747,172.31.40.0-255,66,178988,64,261589
14907,0.054814,74.125.130.0-255,5738,184726,64,261589
14908,0.05482,172.31.40.0-255,66,184792,64,261589
14909,0.056866,74.125.130.0-255,5738,190530,64,261589
14910,0.056872,172.31.40.0-255,66,190596,64,261589
14911,0.058926,74.125.130.0-255,2902,193498,64,261589
14912,0.058932,172.31.40.0-255,66,193564,64,261589
14913,0.058952,74.125.130.0-255,2902,196466,64,261589
14914,0.058975,172.31.40.0-255,66,196532,64,261589
14915,0.060978,74.125.130.0-255,2902,199434,64,261589
14916,0.060986,172.31.40.0-255,66,199500,64,261589
14917,0.061009,74.125.130.0-255,2902,202402,64,261589
14918,0.061323,172.31.40.0-255,66,202468,64,261589
14919,0.063034,74.125.130.0-255,2902,205370,64,261589
14920,0.063041,172.31.40.0-255,66,205436,64,261589
14921,0.063357,74.125.130.0-255,2902,208338,64,261589
14922,0.063591,172.31.40.0-255,66,208404,64,261589
14923,0.065096,74.125.130.0-255,2902,211306,64,261589
14924,0.065103,172.31.40.0-255,66,211372,64,261589
14925,0.065631,74.125.130.0-255,2902,214274,64,261589
14926,0.065638,172.31.40.0-255,66,214340,64,261589
14927,0.067155,74.125.130.0-255,2902,217242,64,261589
14928,0.067162,172.31.40.0-255,66,217308,64,261589
14929,0.067695,74.125.130.0-255,2902,220210,64,261589
14930,0.067701,172.31.40.0-255,66,220276,64,261589
14931,0.069203,74.125.130.0-255,2902,223178,64,261589
14932,0.069209,172.31.40.0-255,66,223244,64,261589
14933,0.069755,74.125.130.0-255,2902,226146,64,261589
14934,0.069761,172.31.40.0-255,66,226212,64,261589
14935,0.071266,74.125.130.0-255,2902,229114,64,261589
14936,0.071273,172.31.40.0-255,66,229180,64,261589
14937,0.071833,74.125.130.0-255,2902,232082,64,261589
14938,0.071839,172.31.40.0-255,66,232148,64,261589
14939,0.073312,74.125.130.0-255,2902,235050,64,261589
14940,0.073318,172.31.40.0-255,66,235116,64,261589
14941,0.073888,74.125.130.0-255,2902,238018,64,261589
14942,0.073895,172.31.40.0-255,66,238084,64,261589
14943,0.075362,74.125.130.0-255,2902,240986,64,261589
14944,0.075368,172.31.40.0-255,66,241052,64,261589
14945,0.075944,74.125.130.0-255,2902,243954,64,261589
14946,0.07595,172.31.40.0-255,66,244020,64,261589
14947,0.077414,74.125.130.0-255,2902,246922,64,261589
14948,0.07742,172.31.40.0-255,66,246988,64,261589
14949,0.077998,74.125.130.0-255,2902,249890,64,261589
14950,0.078004,172.31.40.0-255,66,249956,64,261589
14951,0.079456,74.125.130.0-255,2902,252858,64,261589
14952,0.079462,172.31.40.0-255,66,252924,64,261589
14953,0.080046,74.125.130.0-255,2902,255826,64,261589
14954,0.080053,172.31.40.0-255,66,255892,64,261589
14955,0.081523,74.125.130.0-255,1484,257376,64,261589
14956,0.082114,74.125.130.0-255,3976,261352,64,261589
14957,0.08216,172.31.40.0-255,66,261418,64,261589
14958,0.082322,172.31.40.0-255,105,261523,64,261589
14959,0.084336,74.125.130.0-255,66,261589,64,261589
14960,0.0,172.217.194.0-255,153,153,64,215276
14961,2.2e-05,172.31.40.0-255,66,219,64,215276
14962,3e-05,172.217.194.0-255,1484,1703,64,215276
14963,3.3e-05,172.31.40.0-255,66,1769,64,215276
14964,3.9e-05,172.217.194.0-255,2902,4671,64,215276
14965,4.2e-05,172.31.40.0-255,66,4737,64,215276
14966,5.1e-05,172.217.194.0-255,7156,11893,64,215276
14967,5.4e-05,172.31.40.0-255,66,11959,64,215276
14968,7.3e-05,172.217.194.0-255,2067,14026,64,215276
14969,7.6e-05,172.31.40.0-255,66,14092,64,215276
14970,0.000116,172.217.194.0-255,1484,15576,64,215276
14971,0.000118,172.31.40.0-255,66,15642,64,215276
14972,0.000123,172.217.194.0-255,2902,18544,64,215276
14973,0.000125,172.31.40.0-255,66,18610,64,215276
14974,0.000128,172.217.194.0-255,1484,20094,64,215276
14975,0.00013,172.31.40.0-255,66,20160,64,215276
14976,0.000158,172.217.194.0-255,4320,24480,64,215276
14977,0.000161,172.31.40.0-255,66,24546,64,215276
14978,0.000169,172.217.194.0-255,6797,31343,64,215276
14979,0.000171,172.31.40.0-255,66,31409,64,215276
14980,0.000223,172.217.194.0-255,1484,32893,64,215276
14981,0.000226,172.31.40.0-255,66,32959,64,215276
14982,0.00023,172.217.194.0-255,2902,35861,64,215276
14983,0.000232,172.31.40.0-255,66,35927,64,215276
14984,0.000252,172.217.194.0-255,5738,41665,64,215276
14985,0.000255,172.31.40.0-255,66,41731,64,215276
14986,0.000283,172.31.40.0-255,66,41797,64,215276
14987,0.000303,172.217.194.0-255,2543,44340,64,215276
14988,0.000305,172.31.40.0-255,66,44406,64,215276
14989,0.000332,172.31.40.0-255,66,44472,64,215276
14990,0.000355,172.217.194.0-255,2796,47268,64,215276
14991,0.000357,172.31.40.0-255,66,47334,64,215276
14992,0.00036,172.217.194.0-255,122,47456,64,215276
14993,0.000364,172.217.194.0-255,379,47835,64,215276
14994,0.000547,172.217.194.0-255,1484,49319,64,215276
14995,0.000551,172.31.40.0-255,66,49385,64,215276
14996,0.000556,172.217.194.0-255,2902,52287,64,215276
14997,0.000559,172.31.40.0-255,66,52353,64,215276
14998,0.000563,172.217.194.0-255,2902,55255,64,215276
14999,0.000566,172.31.40.0-255,66,55321,64,215276
15000,0.00059,172.217.194.0-255,2902,58223,64,215276
15001,0.000593,172.31.40.0-255,66,58289,64,215276
15002,0.000605,172.31.40.0-255,66,58355,64,215276
15003,0.000655,172.31.40.0-255,66,58421,64,215276
15004,0.000789,172.217.194.0-255,1484,59905,64,215276
15005,0.000804,172.217.194.0-255,2902,62807,64,215276
15006,0.000807,172.31.40.0-255,66,62873,64,215276
15007,0.000813,172.217.194.0-255,4320,67193,64,215276
15008,0.000815,172.31.40.0-255,66,67259,64,215276
15009,0.000832,172.217.194.0-255,1484,68743,64,215276
15010,0.000839,172.217.194.0-255,6783,75526,64,215276
15011,0.000841,172.31.40.0-255,66,75592,64,215276
15012,0.001166,172.217.194.0-255,1484,77076,64,215276
15013,0.001172,172.217.194.0-255,2902,79978,64,215276
15014,0.001176,172.31.40.0-255,66,80044,64,215276
15015,0.001181,172.217.194.0-255,2902,82946,64,215276
15016,0.001183,172.31.40.0-255,66,83012,64,215276
15017,0.001204,172.217.194.0-255,2902,85914,64,215276
15018,0.001206,172.31.40.0-255,66,85980,64,215276
15019,0.001218,172.31.40.0-255,66,86046,64,215276
15020,0.001237,172.217.194.0-255,1484,87530,64,215276
15021,0.001249,172.31.40.0-255,66,87596,64,215276
15022,0.001655,172.217.194.0-255,1484,89080,64,215276
15023,0.001661,172.217.194.0-255,2902,91982,64,215276
15024,0.001664,172.31.40.0-255,66,92048,64,215276
15025,0.001671,172.217.194.0-255,5738,97786,64,215276
15026,0.001673,172.31.40.0-255,66,97852,64,215276
15027,0.001684,172.217.194.0-255,1484,99336,64,215276
15028,0.0017,172.217.194.0-255,4320,103656,64,215276
15029,0.001702,172.31.40.0-255,66,103722,64,215276
15030,0.001715,172.31.40.0-255,66,103788,64,215276
15031,0.001734,172.217.194.0-255,1484,105272,64,215276
15032,0.00174,172.217.194.0-255,5020,110292,64,215276
15033,0.001742,172.31.40.0-255,66,110358,64,215276
15034,0.00196,172.217.194.0-255,1484,111842,64,215276
15035,0.001966,172.217.194.0-255,2902,114744,64,215276
15036,0.001969,172.31.40.0-255,66,114810,64,215276
15037,0.00201,172.217.194.0-255,5738,120548,64,215276
15038,0.002013,172.31.40.0-255,66,120614,64,215276
15039,0.002019,172.217.194.0-255,5738,126352,64,215276
15040,0.002021,172.31.40.0-255,66,126418,64,215276
15041,0.002034,172.31.40.0-255,66,126484,64,215276
15042,0.002039,172.217.194.0-255,2902,129386,64,215276
15043,0.002042,172.31.40.0-255,66,129452,64,215276
15044,0.002064,172.217.194.0-255,2184,131636,64,215276
15045,0.002066,172.31.40.0-255,66,131702,64,215276
15046,0.002482,172.217.194.0-255,1484,133186,64,215276
15047,0.002489,172.217.194.0-255,2902,136088,64,215276
15048,0.002493,172.31.40.0-255,66,136154,64,215276
15049,0.002516,172.217.194.0-255,5738,141892,64,215276
15050,0.002518,172.31.40.0-255,66,141958,64,215276
15051,0.002535,172.217.194.0-255,2902,144860,64,215276
15052,0.002536,172.31.40.0-255,66,144926,64,215276
15053,0.002569,172.31.40.0-255,66,144992,64,215276
15054,0.002573,172.217.194.0-255,2902,147894,64,215276
15055,0.002575,172.31.40.0-255,66,147960,64,215276
15056,0.002597,172.217.194.0-255,7156,155116,64,215276
15057,0.002599,172.31.40.0-255,66,155182,64,215276
15058,0.002612,172.217.194.0-255,766,155948,64,215276
15059,0.002654,172.217.194.0-255,1484,157432,64,215276
15060,0.002658,172.31.40.0-255,66,157498,64,215276
15061,0.002663,172.217.194.0-255,2902,160400,64,215276
15062,0.002665,172.31.40.0-255,66,160466,64,215276
15063,0.00268,172.217.194.0-255,4320,164786,64,215276
15064,0.002683,172.31.40.0-255,66,164852,64,215276
15065,0.002697,172.217.194.0-255,1484,166336,64,215276
15066,0.002732,172.217.194.0-255,7156,173492,64,215276
15067,0.002735,172.31.40.0-255,66,173558,64,215276
15068,0.002753,172.217.194.0-255,2902,176460,64,215276
15069,0.002755,172.31.40.0-255,66,176526,64,215276
15070,0.00277,172.31.40.0-255,66,176592,64,215276
15071,0.00281,172.217.194.0-255,1484,178076,64,215276
15072,0.002814,172.217.194.0-255,1484,179560,64,215276
15073,0.002816,172.31.40.0-255,66,179626,64,215276
15074,0.002839,172.217.194.0-255,1484,181110,64,215276
15075,0.002847,172.217.194.0-255,5738,186848,64,215276
15076,0.002849,172.31.40.0-255,66,186914,64,215276
15077,0.002879,172.31.40.0-255,66,186980,64,215276
15078,0.002892,172.31.40.0-255,66,187046,64,215276
15079,0.00292,172.217.194.0-255,5020,192066,64,215276
15080,0.002923,172.31.40.0-255,66,192132,64,215276
15081,0.002929,172.217.194.0-255,5738,197870,64,215276
15082,0.002931,172.31.40.0-255,66,197936,64,215276
15083,0.002949,172.217.194.0-255,2902,200838,64,215276
15084,0.002952,172.31.40.0-255,66,200904,64,215276
15085,0.002979,172.31.40.0-255,66,200970,64,215276
15086,0.002993,172.31.40.0-255,66,201036,64,215276
15087,0.003014,172.217.194.0-255,2902,203938,64,215276
15088,0.003016,172.31.40.0-255,66,204004,64,215276
15089,0.003047,172.31.40.0-255,66,204070,64,215276
15090,0.003078,172.217.194.0-255,2184,206254,64,215276
15091,0.00308,172.31.40.0-255,66,206320,64,215276
15092,0.003093,172.31.40.0-255,66,206386,64,215276
15093,0.00311,172.31.40.0-255,66,206452,64,215276
15094,0.003113,172.217.194.0-255,1484,207936,64,215276
15095,0.003118,172.217.194.0-255,2440,210376,64,215276
15096,0.00312,172.31.40.0-255,66,210442,64,215276
15097,0.003124,172.217.194.0-255,97,210539,64,215276
15098,0.003126,172.217.194.0-255,105,210644,64,215276
15099,0.009907,172.31.40.0-255,101,210745,64,215276
15100,0.0104,172.31.40.0-255,105,210850,64,215276
15101,0.012387,172.217.194.0-255,66,210916,64,215276
15102,0.01286,172.217.194.0-255,66,210982,64,215276
15103,0.049657,172.31.40.0-255,172,211154,64,215276
15104,0.049695,172.31.40.0-255,1112,212266,64,215276
15105,0.04976,172.31.40.0-255,1514,213780,64,215276
15106,0.049762,172.31.40.0-255,1298,215078,64,215276
15107,0.051165,104.244.42.0-255,66,215144,64,215276
15108,0.051186,104.244.42.0-255,66,215210,64,215276
15109,0.051275,104.244.42.0-255,66,215276,64,215276
15110,0.0,172.217.194.0-255,146,146,64,313652
15111,2.3e-05,172.31.40.0-255,66,212,64,313652
15112,3e-05,172.217.194.0-255,1484,1696,64,313652
15113,3.4e-05,172.31.40.0-255,66,1762,64,313652
15114,4.1e-05,172.217.194.0-255,2902,4664,64,313652
15115,4.5e-05,172.31.40.0-255,66,4730,64,313652
15116,6.1e-05,172.217.194.0-255,7156,11886,64,313652
15117,6.4e-05,172.31.40.0-255,66,11952,64,313652
15118,7.7e-05,172.31.40.0-255,66,12018,64,313652
15119,0.000126,172.31.40.0-255,66,12084,64,313652
15120,0.000288,172.217.194.0-255,1484,13568,64,313652
15121,0.000293,172.31.40.0-255,66,13634,64,313652
15122,0.0003,172.217.194.0-255,2902,16536,64,313652
15123,0.000302,172.31.40.0-255,66,16602,64,313652
15124,0.000329,172.217.194.0-255,4320,20922,64,313652
15125,0.000332,172.31.40.0-255,66,20988,64,313652
15126,0.000372,172.217.194.0-255,5738,26726,64,313652
15127,0.000376,172.31.40.0-255,66,26792,64,313652
15128,0.000387,172.217.194.0-255,2543,29335,64,313652
15129,0.00039,172.31.40.0-255,66,29401,64,313652
15130,0.000405,172.31.40.0-255,66,29467,64,313652
15131,0.000408,172.217.194.0-255,1484,30951,64,313652
15132,0.00041,172.31.40.0-255,66,31017,64,313652
15133,0.00045,172.217.194.0-255,7086,38103,64,313652
15134,0.000454,172.31.40.0-255,66,38169,64,313652
15135,0.000772,172.217.194.0-255,367,38536,64,313652
15136,0.000777,172.31.40.0-255,66,38602,64,313652
15137,0.000836,172.217.194.0-255,1484,40086,64,313652
15138,0.00084,172.31.40.0-255,66,40152,64,313652
15139,0.000843,172.217.194.0-255,1484,41636,64,313652
15140,0.000869,172.217.194.0-255,2902,44538,64,313652
15141,0.000899,172.217.194.0-255,5738,50276,64,313652
15142,0.000907,172.31.40.0-255,66,50342,64,313652
15143,0.000939,172.217.194.0-255,4320,54662,64,313652
15144,0.000956,172.217.194.0-255,2184,56846,64,313652
15145,0.000966,172.31.40.0-255,66,56912,64,313652
15146,0.001421,172.217.194.0-255,1484,58396,64,313652
15147,0.001437,172.217.194.0-255,2902,61298,64,313652
15148,0.001441,172.31.40.0-255,66,61364,64,313652
15149,0.001446,172.217.194.0-255,4320,65684,64,313652
15150,0.00145,172.31.40.0-255,66,65750,64,313652
15151,0.001468,172.217.194.0-255,1484,67234,64,313652
15152,0.001473,172.217.194.0-255,4320,71554,64,313652
15153,0.001508,172.217.194.0-255,5738,77292,64,313652
15154,0.001522,172.31.40.0-255,66,77358,64,313652
15155,0.00154,172.217.194.0-255,5020,82378,64,313652
15156,0.001565,172.31.40.0-255,66,82444,64,313652
15157,0.001578,172.217.194.0-255,5738,88182,64,313652
15158,0.001589,172.217.194.0-255,4320,92502,64,313652
15159,0.001607,172.217.194.0-255,4320,96822,64,313652
15160,0.001615,172.31.40.0-255,66,96888,64,313652
15161,0.001631,172.217.194.0-255,7156,104044,64,313652
15162,0.001635,172.217.194.0-255,2902,106946,64,313652
15163,0.001642,172.31.40.0-255,66,107012,64,313652
15164,0.001665,172.217.194.0-255,1484,108496,64,313652
15165,0.001683,172.31.40.0-255,66,108562,64,313652
15166,0.001687,172.217.194.0-255,1484,110046,64,313652
15167,0.001737,172.217.194.0-255,4320,114366,64,313652
15168,0.001749,172.31.40.0-255,66,114432,64,313652
15169,0.001765,172.217.194.0-255,5020,119452,64,313652
15170,0.00177,172.31.40.0-255,66,119518,64,313652
15171,0.001982,172.217.194.0-255,1484,121002,64,313652
15172,0.001988,172.217.194.0-255,2902,123904,64,313652
15173,0.002009,172.217.194.0-255,2902,126806,64,313652
15174,0.002021,172.217.194.0-255,2902,129708,64,313652
15175,0.002024,172.31.40.0-255,66,129774,64,313652
15176,0.002029,172.31.40.0-255,66,129840,64,313652
15177,0.002075,172.217.194.0-255,7156,136996,64,313652
15178,0.002086,172.31.40.0-255,66,137062,64,313652
15179,0.002116,172.217.194.0-255,3602,140664,64,313652
15180,0.002126,172.31.40.0-255,66,140730,64,313652
15181,0.002286,172.217.194.0-255,1484,142214,64,313652
15182,0.002303,172.217.194.0-255,2902,145116,64,313652
15183,0.002306,172.217.194.0-255,1484,146600,64,313652
15184,0.002321,172.217.194.0-255,4320,150920,64,313652
15185,0.002328,172.31.40.0-255,66,150986,64,313652
15186,0.002341,172.217.194.0-255,4320,155306,64,313652
15187,0.002359,172.31.40.0-255,66,155372,64,313652
15188,0.002393,172.31.40.0-255,66,155438,64,313652
15189,0.0024,172.217.194.0-255,5738,161176,64,313652
15190,0.011932,172.217.194.0-255,1484,162660,64,313652
15191,0.012726,172.31.40.0-255,66,162726,64,313652
15192,0.015107,172.217.194.0-255,5738,168464,64,313652
15193,0.015123,172.31.40.0-255,66,168530,64,313652
15194,0.017492,172.217.194.0-255,5738,174268,64,313652
15195,0.017505,172.31.40.0-255,66,174334,64,313652
15196,0.019838,172.217.194.0-255,5738,180072,64,313652
15197,0.019845,172.31.40.0-255,66,180138,64,313652
15198,0.022183,172.217.194.0-255,5738,185876,64,313652
15199,0.024445,172.31.40.0-255,66,185942,64,313652
15200,0.026785,172.217.194.0-255,5738,191680,64,313652
15201,0.026803,172.31.40.0-255,66,191746,64,313652
15202,0.02917,172.217.194.0-255,5738,197484,64,313652
15203,0.029178,172.31.40.0-255,66,197550,64,313652
15204,0.031523,172.217.194.0-255,5738,203288,64,313652
15205,0.031532,172.31.40.0-255,66,203354,64,313652
15206,0.033847,172.217.194.0-255,5738,209092,64,313652
15207,0.033862,172.31.40.0-255,66,209158,64,313652
15208,0.036207,172.217.194.0-255,5738,214896,64,313652
15209,0.036215,172.31.40.0-255,66,214962,64,313652
15210,0.038562,172.217.194.0-255,5738,220700,64,313652
15211,0.038578,172.31.40.0-255,66,220766,64,313652
15212,0.040967,172.217.194.0-255,5738,226504,64,313652
15213,0.040985,172.31.40.0-255,66,226570,64,313652
15214,0.04335,172.217.194.0-255,5738,232308,64,313652
15215,0.043358,172.31.40.0-255,66,232374,64,313652
15216,0.045698,172.217.194.0-255,5738,238112,64,313652
15217,0.045716,172.31.40.0-255,66,238178,64,313652
15218,0.047592,172.31.40.0-255,167,238345,64,313652
15219,0.047623,172.31.40.0-255,1111,239456,64,313652
15220,0.047676,172.31.40.0-255,1514,240970,64,313652
15221,0.047678,172.31.40.0-255,1514,242484,64,313652
15222,0.047718,172.31.40.0-255,697,243181,64,313652
15223,0.048057,172.217.194.0-255,5738,248919,64,313652
15224,0.048065,172.31.40.0-255,66,248985,64,313652
15225,0.049118,104.244.42.0-255,66,249051,64,313652
15226,0.04919,104.244.42.0-255,66,249117,64,313652
15227,0.049417,104.244.42.0-255,66,249183,64,313652
15228,0.049422,104.244.42.0-255,66,249249,64,313652
15229,0.050398,172.217.194.0-255,5738,254987,64,313652
15230,0.050408,172.31.40.0-255,66,255053,64,313652
15231,0.052751,172.217.194.0-255,5738,260791,64,313652
15232,0.052782,172.31.40.0-255,66,260857,64,313652
15233,0.055116,172.217.194.0-255,5738,266595,64,313652
15234,0.055135,172.31.40.0-255,66,266661,64,313652
15235,0.057487,172.217.194.0-255,5738,272399,64,313652
15236,0.057502,172.31.40.0-255,66,272465,64,313652
15237,0.059867,172.217.194.0-255,5738,278203,64,313652
15238,0.059885,172.31.40.0-255,66,278269,64,313652
15239,0.062332,172.217.194.0-255,5738,284007,64,313652
15240,0.062356,172.31.40.0-255,66,284073,64,313652
15241,0.064707,172.217.194.0-255,5738,289811,64,313652
15242,0.064725,172.31.40.0-255,66,289877,64,313652
15243,0.067053,172.217.194.0-255,5738,295615,64,313652
15244,0.067072,172.31.40.0-255,66,295681,64,313652
15245,0.06942,172.217.194.0-255,5738,301419,64,313652
15246,0.069433,172.31.40.0-255,66,301485,64,313652
15247,0.071798,172.217.194.0-255,5738,307223,64,313652
15248,0.071816,172.31.40.0-255,66,307289,64,313652
15249,0.074168,172.217.194.0-255,5738,313027,64,313652
15250,0.074188,172.31.40.0-255,66,313093,64,313652
15251,0.076493,172.217.194.0-255,322,313415,64,313652
15252,0.076714,172.31.40.0-255,66,313481,64,313652
15253,0.076757,172.31.40.0-255,105,313586,64,313652
15254,0.079086,172.217.194.0-255,66,313652,64,313652
15255,0.0,74.125.24.0-255,156,156,64,272194
15256,3.4e-05,172.31.40.0-255,66,222,64,272194
15257,4.1e-05,74.125.24.0-255,1484,1706,64,272194
15258,4.5e-05,172.31.40.0-255,66,1772,64,272194
15259,4.9e-05,74.125.24.0-255,2902,4674,64,272194
15260,5.2e-05,172.31.40.0-255,66,4740,64,272194
15261,5.6e-05,74.125.24.0-255,2902,7642,64,272194
15262,5.8e-05,172.31.40.0-255,66,7708,64,272194
15263,9.4e-05,74.125.24.0-255,6354,14062,64,272194
15264,9.7e-05,172.31.40.0-255,66,14128,64,272194
15265,0.000201,74.125.24.0-255,1484,15612,64,272194
15266,0.000206,172.31.40.0-255,66,15678,64,272194
15267,0.000211,74.125.24.0-255,2902,18580,64,272194
15268,0.000213,172.31.40.0-255,66,18646,64,272194
15269,0.000218,74.125.24.0-255,2902,21548,64,272194
15270,0.00022,172.31.40.0-255,66,21614,64,272194
15271,0.000244,74.125.24.0-255,2902,24516,64,272194
15272,0.000247,172.31.40.0-255,66,24582,64,272194
15273,0.000253,74.125.24.0-255,5738,30320,64,272194
15274,0.000255,172.31.40.0-255,66,30386,64,272194
15275,0.000279,74.125.24.0-255,1125,31511,64,272194
15276,0.000282,172.31.40.0-255,66,31577,64,272194
15277,0.000414,74.125.24.0-255,1484,33061,64,272194
15278,0.000418,172.31.40.0-255,66,33127,64,272194
15279,0.000422,74.125.24.0-255,1484,34611,64,272194
15280,0.000425,172.31.40.0-255,66,34677,64,272194
15281,0.000437,74.125.24.0-255,1484,36161,64,272194
15282,0.00044,172.31.40.0-255,66,36227,64,272194
15283,0.000447,74.125.24.0-255,5738,41965,64,272194
15284,0.00045,172.31.40.0-255,66,42031,64,272194
15285,0.000496,172.31.40.0-255,66,42097,64,272194
15286,0.000509,172.31.40.0-255,66,42163,64,272194
15287,0.000512,74.125.24.0-255,111,42274,64,272194
15288,0.000679,74.125.24.0-255,333,42607,64,272194
15289,0.000841,172.31.40.0-255,66,42673,64,272194
15290,0.000974,74.125.24.0-255,1484,44157,64,272194
15291,0.000983,74.125.24.0-255,2902,47059,64,272194
15292,0.000987,172.31.40.0-255,66,47125,64,272194
15293,0.000995,74.125.24.0-255,5738,52863,64,272194
15294,0.000997,172.31.40.0-255,66,52929,64,272194
15295,0.001034,172.31.40.0-255,66,52995,64,272194
15296,0.001039,74.125.24.0-255,2902,55897,64,272194
15297,0.001041,172.31.40.0-255,66,55963,64,272194
15298,0.001059,74.125.24.0-255,7156,63119,64,272194
15299,0.001063,172.31.40.0-255,66,63185,64,272194
15300,0.001075,74.125.24.0-255,766,63951,64,272194
15301,0.001238,74.125.24.0-255,1484,65435,64,272194
15302,0.001243,172.31.40.0-255,66,65501,64,272194
15303,0.001249,74.125.24.0-255,2902,68403,64,272194
15304,0.001251,172.31.40.0-255,66,68469,64,272194
15305,0.001257,74.125.24.0-255,5738,74207,64,272194
15306,0.001259,172.31.40.0-255,66,74273,64,272194
15307,0.001282,172.31.40.0-255,66,74339,64,272194
15308,0.00131,74.125.24.0-255,4320,78659,64,272194
15309,0.001313,172.31.40.0-255,66,78725,64,272194
15310,0.001326,172.31.40.0-255,66,78791,64,272194
15311,0.001552,74.125.24.0-255,1484,80275,64,272194
15312,0.001557,74.125.24.0-255,1484,81759,64,272194
15313,0.00156,172.31.40.0-255,66,81825,64,272194
15314,0.001577,74.125.24.0-255,1484,83309,64,272194
15315,0.001584,74.125.24.0-255,5738,89047,64,272194
15316,0.001586,172.31.40.0-255,66,89113,64,272194
15317,0.001591,74.125.24.0-255,4320,93433,64,272194
15318,0.001593,172.31.40.0-255,66,93499,64,272194
15319,0.001618,172.31.40.0-255,66,93565,64,272194
15320,0.001627,172.31.40.0-255,66,93631,64,272194
15321,0.001643,74.125.24.0-255,766,94397,64,272194
15322,0.001733,74.125.24.0-255,1484,95881,64,272194
15323,0.001735,172.31.40.0-255,66,95947,64,272194
15324,0.00174,74.125.24.0-255,2902,98849,64,272194
15325,0.001741,172.31.40.0-255,66,98915,64,272194
15326,0.001753,74.125.24.0-255,1484,100399,64,272194
15327,0.001767,74.125.24.0-255,4320,104719,64,272194
15328,0.00177,172.31.40.0-255,66,104785,64,272194
15329,0.001777,74.125.24.0-255,7156,111941,64,272194
15330,0.001779,172.31.40.0-255,66,112007,64,272194
15331,0.001794,74.125.24.0-255,5738,117745,64,272194
15332,0.001796,172.31.40.0-255,66,117811,64,272194
15333,0.001807,74.125.24.0-255,2902,120713,64,272194
15334,0.001809,172.31.40.0-255,66,120779,64,272194
15335,0.001845,172.31.40.0-255,66,120845,64,272194
15336,0.001857,172.31.40.0-255,66,120911,64,272194
15337,0.001864,74.125.24.0-255,5738,126649,64,272194
15338,0.001866,172.31.40.0-255,66,126715,64,272194
15339,0.001886,172.31.40.0-255,66,126781,64,272194
15340,0.001951,74.125.24.0-255,1484,128265,64,272194
15341,0.001954,74.125.24.0-255,1484,129749,64,272194
15342,0.001956,172.31.40.0-255,66,129815,64,272194
15343,0.001973,74.125.24.0-255,1484,131299,64,272194
15344,0.001979,74.125.24.0-255,5738,137037,64,272194
15345,0.001981,172.31.40.0-255,66,137103,64,272194
15346,0.002015,172.31.40.0-255,66,137169,64,272194
15347,0.002025,172.31.40.0-255,66,137235,64,272194
15348,0.002078,74.125.24.0-255,2184,139419,64,272194
15349,0.00208,172.31.40.0-255,66,139485,64,272194
15350,0.002105,74.125.24.0-255,2902,142387,64,272194
15351,0.002107,172.31.40.0-255,66,142453,64,272194
15352,0.002112,74.125.24.0-255,4320,146773,64,272194
15353,0.002114,172.31.40.0-255,66,146839,64,272194
15354,0.002118,74.125.24.0-255,2902,149741,64,272194
15355,0.00212,172.31.40.0-255,66,149807,64,272194
15356,0.00214,74.125.24.0-255,5738,155545,64,272194
15357,0.002142,172.31.40.0-255,66,155611,64,272194
15358,0.002167,74.125.24.0-255,4320,159931,64,272194
15359,0.002169,172.31.40.0-255,66,159997,64,272194
15360,0.002202,172.31.40.0-255,66,160063,64,272194
15361,0.00446,74.125.24.0-255,4320,164383,64,272194
15362,0.004466,172.31.40.0-255,66,164449,64,272194
15363,0.004483,74.125.24.0-255,1484,165933,64,272194
15364,0.006743,74.125.24.0-255,4320,170253,64,272194
15365,0.006767,172.31.40.0-255,66,170319,64,272194
15366,0.009035,74.125.24.0-255,5738,176057,64,272194
15367,0.009044,172.31.40.0-255,66,176123,64,272194
15368,0.011299,74.125.24.0-255,5738,181861,64,272194
15369,0.011313,172.31.40.0-255,66,181927,64,272194
15370,0.013605,74.125.24.0-255,5738,187665,64,272194
15371,0.013621,172.31.40.0-255,66,187731,64,272194
15372,0.015892,74.125.24.0-255,5738,193469,64,272194
15373,0.015905,172.31.40.0-255,66,193535,64,272194
15374,0.01815,74.125.24.0-255,5738,199273,64,272194
15375,0.018157,172.31.40.0-255,66,199339,64,272194
15376,0.02042,74.125.24.0-255,5738,205077,64,272194
15377,0.020428,172.31.40.0-255,66,205143,64,272194
15378,0.022712,74.125.24.0-255,5738,210881,64,272194
15379,0.022721,172.31.40.0-255,66,210947,64,272194
15380,0.025021,74.125.24.0-255,5738,216685,64,272194
15381,0.025029,172.31.40.0-255,66,216751,64,272194
15382,0.0273,74.125.24.0-255,5738,222489,64,272194
15383,0.027309,172.31.40.0-255,66,222555,64,272194
15384,0.029561,74.125.24.0-255,5738,228293,64,272194
15385,0.029567,172.31.40.0-255,66,228359,64,272194
15386,0.031825,74.125.24.0-255,5738,234097,64,272194
15387,0.031832,172.31.40.0-255,66,234163,64,272194
15388,0.034081,74.125.24.0-255,5738,239901,64,272194
15389,0.034088,172.31.40.0-255,66,239967,64,272194
15390,0.036359,74.125.24.0-255,5738,245705,64,272194
15391,0.036378,172.31.40.0-255,66,245771,64,272194
15392,0.038653,74.125.24.0-255,5738,251509,64,272194
15393,0.038667,172.31.40.0-255,66,251575,64,272194
15394,0.039611,172.31.40.0-255,101,251676,64,272194
15395,0.040943,74.125.24.0-255,5738,257414,64,272194
15396,0.04095,172.31.40.0-255,66,257480,64,272194
15397,0.041839,74.125.24.0-255,66,257546,64,272194
15398,0.043232,74.125.24.0-255,5738,263284,64,272194
15399,0.043239,172.31.40.0-255,66,263350,64,272194
15400,0.045524,74.125.24.0-255,4315,267665,64,272194
15401,0.045531,172.31.40.0-255,66,267731,64,272194
15402,0.04571,172.31.40.0-255,105,267836,64,272194
15403,0.047742,172.31.40.0-255,172,268008,64,272194
15404,0.04778,172.31.40.0-255,1113,269121,64,272194
15405,0.047807,172.31.40.0-255,1514,270635,64,272194
15406,0.047809,172.31.40.0-255,1295,271930,64,272194
15407,0.049332,104.244.42.0-255,66,271996,64,272194
15408,0.049356,104.244.42.0-255,66,272062,64,272194
15409,0.049413,104.244.42.0-255,66,272128,64,272194
15410,0.051538,74.125.24.0-255,66,272194,64,272194
15411,0.0,74.125.24.0-255,150,150,64,316206
15412,1.1e-05,172.31.40.0-255,66,216,64,316206
15413,1.7e-05,74.125.24.0-255,1484,1700,64,316206
15414,2.1e-05,172.31.40.0-255,66,1766,64,316206
15415,2.6e-05,74.125.24.0-255,2902,4668,64,316206
15416,2.8e-05,172.31.40.0-255,66,4734,64,316206
15417,5.9e-05,74.125.24.0-255,7156,11890,64,316206
15418,6.1e-05,172.31.40.0-255,66,11956,64,316206
15419,6.4e-05,74.125.24.0-255,1484,13440,64,316206
15420,6.5e-05,172.31.40.0-255,66,13506,64,316206
15421,8.2e-05,74.125.24.0-255,5738,19244,64,316206
15422,8.4e-05,172.31.40.0-255,66,19310,64,316206
15423,0.000114,172.31.40.0-255,66,19376,64,316206
15424,0.000118,74.125.24.0-255,2543,21919,64,316206
15425,0.000119,172.31.40.0-255,66,21985,64,316206
15426,0.000173,172.31.40.0-255,66,22051,64,316206
15427,0.000188,74.125.24.0-255,6797,28848,64,316206
15428,0.00019,172.31.40.0-255,66,28914,64,316206
15429,0.000646,74.125.24.0-255,1484,30398,64,316206
15430,0.000651,172.31.40.0-255,66,30464,64,316206
15431,0.000666,74.125.24.0-255,2902,33366,64,316206
15432,0.000668,172.31.40.0-255,66,33432,64,316206
15433,0.000671,74.125.24.0-255,1484,34916,64,316206
15434,0.000672,172.31.40.0-255,66,34982,64,316206
15435,0.000698,74.125.24.0-255,4320,39302,64,316206
15436,0.0007,172.31.40.0-255,66,39368,64,316206
15437,0.000707,74.125.24.0-255,6797,46165,64,316206
15438,0.000708,172.31.40.0-255,66,46231,64,316206
15439,0.000746,172.31.40.0-255,66,46297,64,316206
15440,0.000752,74.125.24.0-255,1484,47781,64,316206
15441,0.000756,74.125.24.0-255,2543,50324,64,316206
15442,0.000758,172.31.40.0-255,66,50390,64,316206
15443,0.000798,74.125.24.0-255,5738,56128,64,316206
15444,0.000801,172.31.40.0-255,66,56194,64,316206
15445,0.000812,74.125.24.0-255,1484,57678,64,316206
15446,0.000814,74.125.24.0-255,1484,59162,64,316206
15447,0.000816,172.31.40.0-255,66,59228,64,316206
15448,0.000835,74.125.24.0-255,7156,66384,64,316206
15449,0.000838,172.31.40.0-255,66,66450,64,316206
15450,0.000894,74.125.24.0-255,1704,68154,64,316206
15451,0.000897,172.31.40.0-255,66,68220,64,316206
15452,0.001018,74.125.24.0-255,1484,69704,64,316206
15453,0.001033,74.125.24.0-255,2902,72606,64,316206
15454,0.001036,172.31.40.0-255,66,72672,64,316206
15455,0.001057,74.125.24.0-255,4320,76992,64,316206
15456,0.001059,172.31.40.0-255,66,77058,64,316206
15457,0.001071,74.125.24.0-255,4320,81378,64,316206
15458,0.001073,172.31.40.0-255,66,81444,64,316206
15459,0.001084,74.125.24.0-255,4320,85764,64,316206
15460,0.001086,172.31.40.0-255,66,85830,64,316206
15461,0.001118,74.125.24.0-255,2902,88732,64,316206
15462,0.001121,172.31.40.0-255,66,88798,64,316206
15463,0.001152,172.31.40.0-255,66,88864,64,316206
15464,0.001155,74.125.24.0-255,766,89630,64,316206
15465,0.001219,74.125.24.0-255,1484,91114,64,316206
15466,0.001222,172.31.40.0-255,66,91180,64,316206
15467,0.001226,74.125.24.0-255,2902,94082,64,316206
15468,0.001227,172.31.40.0-255,66,94148,64,316206
15469,0.001238,74.125.24.0-255,1484,95632,64,316206
15470,0.00126,74.125.24.0-255,4320,99952,64,316206
15471,0.001262,172.31.40.0-255,66,100018,64,316206
15472,0.001276,74.125.24.0-255,7156,107174,64,316206
15473,0.001278,172.31.40.0-255,66,107240,64,316206
15474,0.001298,74.125.24.0-255,4320,111560,64,316206
15475,0.0013,172.31.40.0-255,66,111626,64,316206
15476,0.00133,172.31.40.0-255,66,111692,64,316206
15477,0.001334,74.125.24.0-255,2184,113876,64,316206
15478,0.001336,172.31.40.0-255,66,113942,64,316206
15479,0.001368,74.125.24.0-255,1484,115426,64,316206
15480,0.001387,74.125.24.0-255,2902,118328,64,316206
15481,0.001389,172.31.40.0-255,66,118394,64,316206
15482,0.001395,74.125.24.0-255,5738,124132,64,316206
15483,0.001397,172.31.40.0-255,66,124198,64,316206
15484,0.001417,74.125.24.0-255,2902,127100,64,316206
15485,0.001419,172.31.40.0-255,66,127166,64,316206
15486,0.00144,74.125.24.0-255,5738,132904,64,316206
15487,0.001443,172.31.40.0-255,66,132970,64,316206
15488,0.001516,172.31.40.0-255,66,133036,64,316206
15489,0.001531,74.125.24.0-255,5020,138056,64,316206
15490,0.001534,172.31.40.0-255,66,138122,64,316206
15491,0.00199,74.125.24.0-255,1484,139606,64,316206
15492,0.002002,74.125.24.0-255,2902,142508,64,316206
15493,0.002006,172.31.40.0-255,66,142574,64,316206
15494,0.002025,74.125.24.0-255,5738,148312,64,316206
15495,0.002028,172.31.40.0-255,66,148378,64,316206
15496,0.002045,74.125.24.0-255,4320,152698,64,316206
15497,0.002047,172.31.40.0-255,66,152764,64,316206
15498,0.00207,172.31.40.0-255,66,152830,64,316206
15499,0.002073,74.125.24.0-255,1484,154314,64,316206
15500,0.002116,172.31.40.0-255,66,154380,64,316206
15501,0.002194,74.125.24.0-255,1484,155864,64,316206
15502,0.002206,74.125.24.0-255,1484,157348,64,316206
15503,0.002208,172.31.40.0-255,66,157414,64,316206
15504,0.002232,74.125.24.0-255,1484,158898,64,316206
15505,0.002237,74.125.24.0-255,5738,164636,64,316206
15506,0.002244,172.31.40.0-255,66,164702,64,316206
15507,0.002247,74.125.24.0-255,1484,166186,64,316206
15508,0.002277,172.31.40.0-255,66,166252,64,316206
15509,0.003957,172.31.40.0-255,66,166318,64,316206
15510,0.006331,74.125.24.0-255,5738,172056,64,316206
15511,0.006337,172.31.40.0-255,66,172122,64,316206
15512,0.008643,74.125.24.0-255,5738,177860,64,316206
15513,0.008648,172.31.40.0-255,66,177926,64,316206
15514,0.011036,74.125.24.0-255,5738,183664,64,316206
15515,0.011043,172.31.40.0-255,66,183730,64,316206
15516,0.013357,74.125.24.0-255,5738,189468,64,316206
15517,0.013365,172.31.40.0-255,66,189534,64,316206
15518,0.015696,74.125.24.0-255,5738,195272,64,316206
15519,0.015702,172.31.40.0-255,66,195338,64,316206
15520,0.018012,74.125.24.0-255,5738,201076,64,316206
15521,0.018019,172.31.40.0-255,66,201142,64,316206
15522,0.020367,74.125.24.0-255,5738,206880,64,316206
15523,0.020376,172.31.40.0-255,66,206946,64,316206
15524,0.022732,74.125.24.0-255,5738,212684,64,316206
15525,0.022739,172.31.40.0-255,66,212750,64,316206
15526,0.025104,74.125.24.0-255,5738,218488,64,316206
15527,0.025111,172.31.40.0-255,66,218554,64,316206
15528,0.027468,74.125.24.0-255,5738,224292,64,316206
15529,0.027475,172.31.40.0-255,66,224358,64,316206
15530,0.029828,74.125.24.0-255,5738,230096,64,316206
15531,0.029836,172.31.40.0-255,66,230162,64,316206
15532,0.031457,172.31.40.0-255,172,230334,64,316206
15533,0.03149,172.31.40.0-255,1111,231445,64,316206
15534,0.031547,172.31.40.0-255,1514,232959,64,316206
15535,0.031549,172.31.40.0-255,1297,234256,64,316206
15536,0.03217,74.125.24.0-255,4320,238576,64,316206
15537,0.032176,172.31.40.0-255,66,238642,64,316206
15538,0.032194,74.125.24.0-255,1484,240126,64,316206
15539,0.032983,104.244.42.0-255,66,240192,64,316206
15540,0.033043,104.244.42.0-255,66,240258,64,316206
15541,0.033082,104.244.42.0-255,66,240324,64,316206
15542,0.034481,74.125.24.0-255,4320,244644,64,316206
15543,0.034487,172.31.40.0-255,66,244710,64,316206
15544,0.036818,74.125.24.0-255,5738,250448,64,316206
15545,0.036825,172.31.40.0-255,66,250514,64,316206
15546,0.039142,74.125.24.0-255,5738,256252,64,316206
15547,0.039147,172.31.40.0-255,66,256318,64,316206
15548,0.041483,74.125.24.0-255,5738,262056,64,316206
15549,0.041489,172.31.40.0-255,66,262122,64,316206
15550,0.043839,74.125.24.0-255,5738,267860,64,316206
15551,0.043845,172.31.40.0-255,66,267926,64,316206
15552,0.046205,74.125.24.0-255,5738,273664,64,316206
15553,0.046211,172.31.40.0-255,66,273730,64,316206
15554,0.048504,74.125.24.0-255,5738,279468,64,316206
15555,0.048509,172.31.40.0-255,66,279534,64,316206
15556,0.05086,74.125.24.0-255,5738,285272,64,316206
15557,0.050865,172.31.40.0-255,66,285338,64,316206
15558,0.053187,74.125.24.0-255,5738,291076,64,316206
15559,0.053193,172.31.40.0-255,66,291142,64,316206
15560,0.055496,74.125.24.0-255,5738,296880,64,316206
15561,0.055501,172.31.40.0-255,66,296946,64,316206
15562,0.057908,74.125.24.0-255,5738,302684,64,316206
15563,0.057915,172.31.40.0-255,66,302750,64,316206
15564,0.060289,74.125.24.0-255,5738,308488,64,316206
15565,0.060296,172.31.40.0-255,66,308554,64,316206
15566,0.062584,74.125.24.0-255,5738,314292,64,316206
15567,0.06259,172.31.40.0-255,66,314358,64,316206
15568,0.064921,74.125.24.0-255,1611,315969,64,316206
15569,0.064926,172.31.40.0-255,66,316035,64,316206
15570,0.065066,172.31.40.0-255,105,316140,64,316206
15571,0.067363,74.125.24.0-255,66,316206,64,316206
15572,0.0,172.217.194.0-255,153,153,64,311356
15573,1.7e-05,172.31.40.0-255,66,219,64,311356
15574,2.5e-05,172.217.194.0-255,1484,1703,64,311356
15575,2.9e-05,172.31.40.0-255,66,1769,64,311356
15576,3.6e-05,172.217.194.0-255,2902,4671,64,311356
15577,3.9e-05,172.31.40.0-255,66,4737,64,311356
15578,5.3e-05,172.217.194.0-255,5738,10475,64,311356
15579,5.7e-05,172.31.40.0-255,66,10541,64,311356
15580,7.6e-05,172.217.194.0-255,4320,14861,64,311356
15581,8.3e-05,172.31.40.0-255,66,14927,64,311356
15582,0.000126,172.31.40.0-255,66,14993,64,311356
15583,0.000133,172.217.194.0-255,6797,21790,64,311356
15584,0.000136,172.31.40.0-255,66,21856,64,311356
15585,0.000186,172.217.194.0-255,1484,23340,64,311356
15586,0.000188,172.31.40.0-255,66,23406,64,311356
15587,0.000192,172.217.194.0-255,1484,24890,64,311356
15588,0.000194,172.31.40.0-255,66,24956,64,311356
15589,0.00022,172.217.194.0-255,1484,26440,64,311356
15590,0.000224,172.31.40.0-255,66,26506,64,311356
15591,0.000231,172.217.194.0-255,5738,32244,64,311356
15592,0.000233,172.31.40.0-255,66,32310,64,311356
15593,0.00026,172.217.194.0-255,6797,39107,64,311356
15594,0.000262,172.31.40.0-255,66,39173,64,311356
15595,0.000269,172.217.194.0-255,7156,46329,64,311356
15596,0.000271,172.31.40.0-255,66,46395,64,311356
15597,0.000315,172.31.40.0-255,66,46461,64,311356
15598,0.000334,172.217.194.0-255,1414,47875,64,311356
15599,0.000337,172.31.40.0-255,66,47941,64,311356
15600,0.000429,172.217.194.0-255,366,48307,64,311356
15601,0.000433,172.31.40.0-255,66,48373,64,311356
15602,0.000553,172.217.194.0-255,1484,49857,64,311356
15603,0.000573,172.217.194.0-255,2902,52759,64,311356
15604,0.000576,172.31.40.0-255,66,52825,64,311356
15605,0.000596,172.217.194.0-255,5738,58563,64,311356
15606,0.000605,172.31.40.0-255,66,58629,64,311356
15607,0.00061,172.217.194.0-255,4320,62949,64,311356
15608,0.000613,172.31.40.0-255,66,63015,64,311356
15609,0.000667,172.31.40.0-255,66,63081,64,311356
15610,0.000674,172.31.40.0-255,66,63147,64,311356
15611,0.000741,172.217.194.0-255,1484,64631,64,311356
15612,0.000782,172.217.194.0-255,2902,67533,64,311356
15613,0.000786,172.31.40.0-255,66,67599,64,311356
15614,0.000793,172.217.194.0-255,5738,73337,64,311356
15615,0.000795,172.31.40.0-255,66,73403,64,311356
15616,0.00083,172.31.40.0-255,66,73469,64,311356
15617,0.000855,172.217.194.0-255,1484,74953,64,311356
15618,0.00087,172.31.40.0-255,66,75019,64,311356
15619,0.000931,172.217.194.0-255,7156,82175,64,311356
15620,0.000934,172.31.40.0-255,66,82241,64,311356
15621,0.000961,172.217.194.0-255,5738,87979,64,311356
15622,0.000964,172.31.40.0-255,66,88045,64,311356
15623,0.000975,172.31.40.0-255,66,88111,64,311356
15624,0.000992,172.31.40.0-255,66,88177,64,311356
15625,0.001014,172.217.194.0-255,2184,90361,64,311356
15626,0.001022,172.31.40.0-255,66,90427,64,311356
15627,0.001581,172.217.194.0-255,1484,91911,64,311356
15628,0.001589,172.217.194.0-255,2902,94813,64,311356
15629,0.001593,172.31.40.0-255,66,94879,64,311356
15630,0.0016,172.217.194.0-255,5738,100617,64,311356
15631,0.001602,172.31.40.0-255,66,100683,64,311356
15632,0.001606,172.217.194.0-255,1484,102167,64,311356
15633,0.001646,172.31.40.0-255,66,102233,64,311356
15634,0.001653,172.217.194.0-255,7156,109389,64,311356
15635,0.001655,172.31.40.0-255,66,109455,64,311356
15636,0.001682,172.217.194.0-255,3602,113057,64,311356
15637,0.001685,172.31.40.0-255,66,113123,64,311356
15638,0.001773,172.217.194.0-255,1484,114607,64,311356
15639,0.001786,172.217.194.0-255,2902,117509,64,311356
15640,0.00179,172.31.40.0-255,66,117575,64,311356
15641,0.001827,172.217.194.0-255,5738,123313,64,311356
15642,0.001829,172.31.40.0-255,66,123379,64,311356
15643,0.00184,172.31.40.0-255,66,123445,64,311356
15644,0.001884,172.31.40.0-255,66,123511,64,311356
15645,0.00189,172.217.194.0-255,5020,128531,64,311356
15646,0.001892,172.31.40.0-255,66,128597,64,311356
15647,0.00196,172.217.194.0-255,1484,130081,64,311356
15648,0.003836,172.217.194.0-255,4320,134401,64,311356
15649,0.003843,172.31.40.0-255,66,134467,64,311356
15650,0.005785,172.217.194.0-255,4320,138787,64,311356
15651,0.005791,172.31.40.0-255,66,138853,64,311356
15652,0.005823,172.217.194.0-255,1484,140337,64,311356
15653,0.007747,172.217.194.0-255,4320,144657,64,311356
15654,0.007754,172.31.40.0-255,66,144723,64,311356
15655,0.009705,172.217.194.0-255,5738,150461,64,311356
15656,0.009712,172.31.40.0-255,66,150527,64,311356
15657,0.011682,172.217.194.0-255,5738,156265,64,311356
15658,0.0117,172.31.40.0-255,66,156331,64,311356
15659,0.013624,172.217.194.0-255,5738,162069,64,311356
15660,0.013637,172.31.40.0-255,66,162135,64,311356
15661,0.015566,172.217.194.0-255,5738,167873,64,311356
15662,0.01558,172.31.40.0-255,66,167939,64,311356
15663,0.017527,172.217.194.0-255,5738,173677,64,311356
15664,0.017543,172.31.40.0-255,66,173743,64,311356
15665,0.019479,172.217.194.0-255,5738,179481,64,311356
15666,0.019488,172.31.40.0-255,66,179547,64,311356
15667,0.021415,172.217.194.0-255,5738,185285,64,311356
15668,0.021425,172.31.40.0-255,66,185351,64,311356
15669,0.023392,172.217.194.0-255,5738,191089,64,311356
15670,0.023404,172.31.40.0-255,66,191155,64,311356
15671,0.025408,172.217.194.0-255,5738,196893,64,311356
15672,0.025422,172.31.40.0-255,66,196959,64,311356
15673,0.027379,172.217.194.0-255,5738,202697,64,311356
15674,0.027388,172.31.40.0-255,66,202763,64,311356
15675,0.029334,172.217.194.0-255,5738,208501,64,311356
15676,0.029341,172.31.40.0-255,66,208567,64,311356
15677,0.03131,172.217.194.0-255,5738,214305,64,311356
15678,0.031327,172.31.40.0-255,66,214371,64,311356
15679,0.033309,172.217.194.0-255,5738,220109,64,311356
15680,0.03332,172.31.40.0-255,66,220175,64,311356
15681,0.035279,172.217.194.0-255,5738,225913,64,311356
15682,0.035289,172.31.40.0-255,66,225979,64,311356
15683,0.037246,172.217.194.0-255,5738,231717,64,311356
15684,0.037263,172.31.40.0-255,66,231783,64,311356
15685,0.039208,172.217.194.0-255,5738,237521,64,311356
15686,0.039217,172.31.40.0-255,66,237587,64,311356
15687,0.041168,172.217.194.0-255,5738,243325,64,311356
15688,0.04118,172.31.40.0-255,66,243391,64,311356
15689,0.043163,172.217.194.0-255,5738,249129,64,311356
15690,0.043174,172.31.40.0-255,66,249195,64,311356
15691,0.045158,172.217.194.0-255,5738,254933,64,311356
15692,0.045174,172.31.40.0-255,66,254999,64,311356
15693,0.047098,172.217.194.0-255,5738,260737,64,311356
15694,0.047105,172.31.40.0-255,66,260803,64,311356
15695,0.049079,172.217.194.0-255,5738,266541,64,311356
15696,0.049098,172.31.40.0-255,66,266607,64,311356
15697,0.051043,172.217.194.0-255,5738,272345,64,311356
15698,0.051051,172.31.40.0-255,66,272411,64,311356
15699,0.05111,172.31.40.0-255,172,272583,64,311356
15700,0.051139,172.31.40.0-255,1112,273695,64,311356
15701,0.051252,172.31.40.0-255,1514,275209,64,311356
15702,0.051276,172.31.40.0-255,1296,276505,64,311356
15703,0.052665,104.244.42.0-255,66,276571,64,311356
15704,0.052762,104.244.42.0-255,66,276637,64,311356
15705,0.052811,104.244.42.0-255,66,276703,64,311356
15706,0.052985,172.217.194.0-255,5738,282441,64,311356
15707,0.052992,172.31.40.0-255,66,282507,64,311356
15708,0.054968,172.217.194.0-255,5738,288245,64,311356
15709,0.054986,172.31.40.0-255,66,288311,64,311356
15710,0.056944,172.217.194.0-255,5738,294049,64,311356
15711,0.056959,172.31.40.0-255,66,294115,64,311356
15712,0.058925,172.217.194.0-255,5738,299853,64,311356
15713,0.058944,172.31.40.0-255,66,299919,64,311356
15714,0.060913,172.217.194.0-255,5738,305657,64,311356
15715,0.06093,172.31.40.0-255,66,305723,64,311356
15716,0.062878,172.217.194.0-255,5396,311119,64,311356
15717,0.062893,172.31.40.0-255,66,311185,64,311356
15718,0.063179,172.31.40.0-255,105,311290,64,311356
15719,0.065091,172.217.194.0-255,66,311356,64,311356
15720,0.0,172.217.24.0-255,153,153,64,365758
15721,1.7e-05,172.31.40.0-255,66,219,64,365758
15722,2.4e-05,172.217.24.0-255,1484,1703,64,365758
15723,2.9e-05,172.31.40.0-255,66,1769,64,365758
15724,3.4e-05,172.217.24.0-255,2902,4671,64,365758
15725,3.6e-05,172.31.40.0-255,66,4737,64,365758
15726,4.2e-05,172.217.24.0-255,4320,9057,64,365758
15727,4.5e-05,172.31.40.0-255,66,9123,64,365758
15728,7.9e-05,172.217.24.0-255,2902,12025,64,365758
15729,8.2e-05,172.31.40.0-255,66,12091,64,365758
15730,9.5e-05,172.217.24.0-255,2126,14217,64,365758
15731,9.8e-05,172.31.40.0-255,66,14283,64,365758
15732,0.000137,172.217.24.0-255,2902,17185,64,365758
15733,0.000139,172.31.40.0-255,66,17251,64,365758
15734,0.000145,172.217.24.0-255,4320,21571,64,365758
15735,0.000147,172.31.40.0-255,66,21637,64,365758
15736,0.000177,172.217.24.0-255,7156,28793,64,365758
15737,0.00018,172.31.40.0-255,66,28859,64,365758
15738,0.000242,172.217.24.0-255,2543,31402,64,365758
15739,0.000246,172.31.40.0-255,66,31468,64,365758
15740,0.000249,172.217.24.0-255,1484,32952,64,365758
15741,0.000252,172.31.40.0-255,66,33018,64,365758
15742,0.000265,172.217.24.0-255,1484,34502,64,365758
15743,0.000267,172.31.40.0-255,66,34568,64,365758
15744,0.000274,172.217.24.0-255,7156,41724,64,365758
15745,0.000277,172.31.40.0-255,66,41790,64,365758
15746,0.000292,172.217.24.0-255,6797,48587,64,365758
15747,0.000295,172.31.40.0-255,66,48653,64,365758
15748,0.000429,172.217.24.0-255,1484,50137,64,365758
15749,0.000434,172.31.40.0-255,66,50203,64,365758
15750,0.000439,172.217.24.0-255,2902,53105,64,365758
15751,0.000441,172.31.40.0-255,66,53171,64,365758
15752,0.000459,172.217.24.0-255,4320,57491,64,365758
15753,0.000462,172.31.40.0-255,66,57557,64,365758
15754,0.000487,172.217.24.0-255,4320,61877,64,365758
15755,0.00049,172.31.40.0-255,66,61943,64,365758
15756,0.00051,172.217.24.0-255,4291,66234,64,365758
15757,0.000513,172.31.40.0-255,66,66300,64,365758
15758,0.002436,172.217.24.0-255,1484,67784,64,365758
15759,0.002459,172.217.24.0-255,4320,72104,64,365758
15760,0.002465,172.31.40.0-255,66,72170,64,365758
15761,0.004411,172.217.24.0-255,5738,77908,64,365758
15762,0.004417,172.31.40.0-255,66,77974,64,365758
15763,0.006352,172.217.24.0-255,5738,83712,64,365758
15764,0.006357,172.31.40.0-255,66,83778,64,365758
15765,0.008296,172.217.24.0-255,5738,89516,64,365758
15766,0.008303,172.31.40.0-255,66,89582,64,365758
15767,0.010244,172.217.24.0-255,5738,95320,64,365758
15768,0.010251,172.31.40.0-255,66,95386,64,365758
15769,0.012196,172.217.24.0-255,5738,101124,64,365758
15770,0.012204,172.31.40.0-255,66,101190,64,365758
15771,0.014146,172.217.24.0-255,5738,106928,64,365758
15772,0.014154,172.31.40.0-255,66,106994,64,365758
15773,0.016095,172.217.24.0-255,5738,112732,64,365758
15774,0.016102,172.31.40.0-255,66,112798,64,365758
15775,0.01806,172.217.24.0-255,5738,118536,64,365758
15776,0.018068,172.31.40.0-255,66,118602,64,365758
15777,0.02004,172.217.24.0-255,5738,124340,64,365758
15778,0.020047,172.31.40.0-255,66,124406,64,365758
15779,0.022012,172.217.24.0-255,5738,130144,64,365758
15780,0.022028,172.31.40.0-255,66,130210,64,365758
15781,0.02402,172.217.24.0-255,5738,135948,64,365758
15782,0.024037,172.31.40.0-255,66,136014,64,365758
15783,0.026004,172.217.24.0-255,5738,141752,64,365758
15784,0.026021,172.31.40.0-255,66,141818,64,365758
15785,0.02802,172.217.24.0-255,5738,147556,64,365758
15786,0.028037,172.31.40.0-255,66,147622,64,365758
15787,0.029992,172.217.24.0-255,5738,153360,64,365758
15788,0.030007,172.31.40.0-255,66,153426,64,365758
15789,0.032014,172.217.24.0-255,5738,159164,64,365758
15790,0.032027,172.31.40.0-255,66,159230,64,365758
15791,0.033984,172.217.24.0-255,5738,164968,64,365758
15792,0.034,172.31.40.0-255,66,165034,64,365758
15793,0.035973,172.217.24.0-255,5738,170772,64,365758
15794,0.035983,172.31.40.0-255,66,170838,64,365758
15795,0.037934,172.217.24.0-255,5738,176576,64,365758
15796,0.037948,172.31.40.0-255,66,176642,64,365758
15797,0.03989,172.217.24.0-255,5738,182380,64,365758
15798,0.039898,172.31.40.0-255,66,182446,64,365758
15799,0.041835,172.217.24.0-255,5738,188184,64,365758
15800,0.041842,172.31.40.0-255,66,188250,64,365758
15801,0.043789,172.217.24.0-255,5738,193988,64,365758
15802,0.043797,172.31.40.0-255,66,194054,64,365758
15803,0.045746,172.217.24.0-255,5738,199792,64,365758
15804,0.045756,172.31.40.0-255,66,199858,64,365758
15805,0.04772,172.217.24.0-255,5738,205596,64,365758
15806,0.047735,172.31.40.0-255,66,205662,64,365758
15807,0.04969,172.217.24.0-255,5738,211400,64,365758
15808,0.049704,172.31.40.0-255,66,211466,64,365758
15809,0.051649,172.217.24.0-255,5738,217204,64,365758
15810,0.051657,172.31.40.0-255,66,217270,64,365758
15811,0.053608,172.217.24.0-255,5738,223008,64,365758
15812,0.053615,172.31.40.0-255,66,223074,64,365758
15813,0.055562,172.217.24.0-255,5738,228812,64,365758
15814,0.055569,172.31.40.0-255,66,228878,64,365758
15815,0.057513,172.217.24.0-255,5738,234616,64,365758
15816,0.05752,172.31.40.0-255,66,234682,64,365758
15817,0.059461,172.217.24.0-255,5738,240420,64,365758
15818,0.059468,172.31.40.0-255,66,240486,64,365758
15819,0.061423,172.217.24.0-255,5738,246224,64,365758
15820,0.061435,172.31.40.0-255,66,246290,64,365758
15821,0.063413,172.217.24.0-255,5738,252028,64,365758
15822,0.063427,172.31.40.0-255,66,252094,64,365758
15823,0.065388,172.217.24.0-255,5738,257832,64,365758
15824,0.065397,172.31.40.0-255,66,257898,64,365758
15825,0.066785,172.31.40.0-255,172,258070,64,365758
15826,0.066821,172.31.40.0-255,1107,259177,64,365758
15827,0.066897,172.31.40.0-255,1514,260691,64,365758
15828,0.066899,172.31.40.0-255,1514,262205,64,365758
15829,0.066904,172.31.40.0-255,1514,263719,64,365758
15830,0.066905,172.31.40.0-255,1514,265233,64,365758
15831,0.066925,172.31.40.0-255,1514,266747,64,365758
15832,0.066926,172.31.40.0-255,79,266826,64,365758
15833,0.067337,172.217.24.0-255,5738,272564,64,365758
15834,0.067344,172.31.40.0-255,66,272630,64,365758
15835,0.068326,104.244.42.0-255,66,272696,64,365758
15836,0.068434,104.244.42.0-255,66,272762,64,365758
15837,0.068484,104.244.42.0-255,66,272828,64,365758
15838,0.06849,104.244.42.0-255,66,272894,64,365758
15839,0.069302,172.217.24.0-255,5738,278632,64,365758
15840,0.069312,172.31.40.0-255,66,278698,64,365758
15841,0.071268,172.217.24.0-255,5738,284436,64,365758
15842,0.071275,172.31.40.0-255,66,284502,64,365758
15843,0.073294,172.217.24.0-255,5738,290240,64,365758
15844,0.073302,172.31.40.0-255,66,290306,64,365758
15845,0.075259,172.217.24.0-255,5738,296044,64,365758
15846,0.075268,172.31.40.0-255,66,296110,64,365758
15847,0.077226,172.217.24.0-255,5738,301848,64,365758
15848,0.077233,172.31.40.0-255,66,301914,64,365758
15849,0.079194,172.217.24.0-255,5738,307652,64,365758
15850,0.0792,172.31.40.0-255,66,307718,64,365758
15851,0.081192,172.217.24.0-255,5738,313456,64,365758
15852,0.081201,172.31.40.0-255,66,313522,64,365758
15853,0.083153,172.217.24.0-255,5738,319260,64,365758
15854,0.08316,172.31.40.0-255,66,319326,64,365758
15855,0.085111,172.217.24.0-255,5738,325064,64,365758
15856,0.085117,172.31.40.0-255,66,325130,64,365758
15857,0.087075,172.217.24.0-255,5738,330868,64,365758
15858,0.087082,172.31.40.0-255,66,330934,64,365758
15859,0.089035,172.217.24.0-255,5738,336672,64,365758
15860,0.089042,172.31.40.0-255,66,336738,64,365758
15861,0.090995,172.217.24.0-255,5738,342476,64,365758
15862,0.091002,172.31.40.0-255,66,342542,64,365758
15863,0.092954,172.217.24.0-255,5738,348280,64,365758
15864,0.09296,172.31.40.0-255,66,348346,64,365758
15865,0.094909,172.217.24.0-255,5738,354084,64,365758
15866,0.094915,172.31.40.0-255,66,354150,64,365758
15867,0.09687,172.217.24.0-255,5738,359888,64,365758
15868,0.096876,172.31.40.0-255,66,359954,64,365758
15869,0.098837,172.217.24.0-255,5738,365692,64,365758
15870,0.098845,172.31.40.0-255,66,365758,64,365758
15871,0.0,172.217.160.0-255,150,150,64,375077
15872,2.2e-05,172.31.40.0-255,66,216,64,375077
15873,2.9e-05,172.217.160.0-255,1484,1700,64,375077
15874,3.3e-05,172.31.40.0-255,66,1766,64,375077
15875,4e-05,172.217.160.0-255,2902,4668,64,375077
15876,4.3e-05,172.31.40.0-255,66,4734,64,375077
15877,5.1e-05,172.217.160.0-255,7156,11890,64,375077
15878,5.4e-05,172.31.40.0-255,66,11956,64,375077
15879,5.8e-05,172.217.160.0-255,1983,13939,64,375077
15880,6.1e-05,172.31.40.0-255,66,14005,64,375077
15881,8.9e-05,172.217.160.0-255,2902,16907,64,375077
15882,9.2e-05,172.31.40.0-255,66,16973,64,375077
15883,0.0001,172.217.160.0-255,7156,24129,64,375077
15884,0.000102,172.31.40.0-255,66,24195,64,375077
15885,0.000108,172.217.160.0-255,6797,30992,64,375077
15886,0.00011,172.31.40.0-255,66,31058,64,375077
15887,0.00033,172.217.160.0-255,1484,32542,64,375077
15888,0.000335,172.31.40.0-255,66,32608,64,375077
15889,0.000345,172.217.160.0-255,2902,35510,64,375077
15890,0.000347,172.31.40.0-255,66,35576,64,375077
15891,0.000352,172.217.160.0-255,4320,39896,64,375077
15892,0.000354,172.31.40.0-255,66,39962,64,375077
15893,0.000398,172.217.160.0-255,4320,44282,64,375077
15894,0.000402,172.31.40.0-255,66,44348,64,375077
15895,0.000418,172.217.160.0-255,3961,48309,64,375077
15896,0.00042,172.31.40.0-255,66,48375,64,375077
15897,0.000576,172.217.160.0-255,1484,49859,64,375077
15898,0.00058,172.217.160.0-255,2902,52761,64,375077
15899,0.000584,172.31.40.0-255,66,52827,64,375077
15900,0.000587,172.31.40.0-255,66,52893,64,375077
15901,0.000603,172.217.160.0-255,5738,58631,64,375077
15902,0.000605,172.31.40.0-255,66,58697,64,375077
15903,0.000612,172.217.160.0-255,6797,65494,64,375077
15904,0.000627,172.31.40.0-255,66,65560,64,375077
15905,0.000631,172.217.160.0-255,374,65934,64,375077
15906,0.000906,172.31.40.0-255,66,66000,64,375077
15907,0.001082,172.217.160.0-255,101,66101,64,375077
15908,0.001213,172.217.160.0-255,1484,67585,64,375077
15909,0.001219,172.31.40.0-255,66,67651,64,375077
15910,0.001226,172.217.160.0-255,2902,70553,64,375077
15911,0.001233,172.217.160.0-255,5738,76291,64,375077
15912,0.001237,172.217.160.0-255,2902,79193,64,375077
15913,0.00128,172.217.160.0-255,4320,83513,64,375077
15914,0.001301,172.217.160.0-255,6797,90310,64,375077
15915,0.001332,172.217.160.0-255,4320,94630,64,375077
15916,0.001353,172.217.160.0-255,5379,100009,64,375077
15917,0.001517,172.217.160.0-255,1484,101493,64,375077
15918,0.001525,172.217.160.0-255,2902,104395,64,375077
15919,0.001548,172.217.160.0-255,5738,110133,64,375077
15920,0.001577,172.217.160.0-255,1484,111617,64,375077
15921,0.001633,172.217.160.0-255,1484,113101,64,375077
15922,0.001649,172.217.160.0-255,2902,116003,64,375077
15923,0.001673,172.217.160.0-255,5738,121741,64,375077
15924,0.001678,172.217.160.0-255,2902,124643,64,375077
15925,0.001714,172.217.160.0-255,7156,131799,64,375077
15926,0.00174,172.217.160.0-255,3602,135401,64,375077
15927,0.001862,172.217.160.0-255,1484,136885,64,375077
15928,0.001869,172.217.160.0-255,2902,139787,64,375077
15929,0.001877,172.217.160.0-255,5738,145525,64,375077
15930,0.00188,172.217.160.0-255,1484,147009,64,375077
15931,0.001897,172.217.160.0-255,2902,149911,64,375077
15932,0.001901,172.217.160.0-255,1484,151395,64,375077
15933,0.00194,172.217.160.0-255,2902,154297,64,375077
15934,0.001963,172.217.160.0-255,5020,159317,64,375077
15935,0.003197,172.31.40.0-255,66,159383,64,375077
15936,0.005167,172.217.160.0-255,5738,165121,64,375077
15937,0.005173,172.31.40.0-255,66,165187,64,375077
15938,0.007103,172.217.160.0-255,5738,170925,64,375077
15939,0.007108,172.31.40.0-255,66,170991,64,375077
15940,0.009036,172.217.160.0-255,5738,176729,64,375077
15941,0.009042,172.31.40.0-255,66,176795,64,375077
15942,0.010967,172.217.160.0-255,5738,182533,64,375077
15943,0.010973,172.31.40.0-255,66,182599,64,375077
15944,0.012912,172.217.160.0-255,5738,188337,64,375077
15945,0.013263,172.31.40.0-255,66,188403,64,375077
15946,0.015195,172.217.160.0-255,5738,194141,64,375077
15947,0.015202,172.31.40.0-255,66,194207,64,375077
15948,0.017133,172.217.160.0-255,5738,199945,64,375077
15949,0.01714,172.31.40.0-255,66,200011,64,375077
15950,0.019078,172.217.160.0-255,5738,205749,64,375077
15951,0.019086,172.31.40.0-255,66,205815,64,375077
15952,0.021034,172.217.160.0-255,5738,211553,64,375077
15953,0.021041,172.31.40.0-255,66,211619,64,375077
15954,0.02298,172.217.160.0-255,5738,217357,64,375077
15955,0.022988,172.31.40.0-255,66,217423,64,375077
15956,0.024932,172.217.160.0-255,5738,223161,64,375077
15957,0.024939,172.31.40.0-255,66,223227,64,375077
15958,0.026862,172.217.160.0-255,5738,228965,64,375077
15959,0.026869,172.31.40.0-255,66,229031,64,375077
15960,0.028164,172.31.40.0-255,172,229203,64,375077
15961,0.02821,172.31.40.0-255,1112,230315,64,375077
15962,0.028273,172.31.40.0-255,1514,231829,64,375077
15963,0.028275,172.31.40.0-255,1180,233009,64,375077
15964,0.028805,172.217.160.0-255,5738,238747,64,375077
15965,0.028813,172.31.40.0-255,66,238813,64,375077
15966,0.0297,104.244.42.0-255,66,238879,64,375077
15967,0.029754,104.244.42.0-255,66,238945,64,375077
15968,0.02984,104.244.42.0-255,66,239011,64,375077
15969,0.030752,172.217.160.0-255,5738,244749,64,375077
15970,0.030758,172.31.40.0-255,66,244815,64,375077
15971,0.032692,172.217.160.0-255,5738,250553,64,375077
15972,0.032698,172.31.40.0-255,66,250619,64,375077
15973,0.034665,172.217.160.0-255,5738,256357,64,375077
15974,0.03467,172.31.40.0-255,66,256423,64,375077
15975,0.036601,172.217.160.0-255,5738,262161,64,375077
15976,0.036607,172.31.40.0-255,66,262227,64,375077
15977,0.038536,172.217.160.0-255,5738,267965,64,375077
15978,0.038543,172.31.40.0-255,66,268031,64,375077
15979,0.040478,172.217.160.0-255,5738,273769,64,375077
15980,0.040484,172.31.40.0-255,66,273835,64,375077
15981,0.042418,172.217.160.0-255,5738,279573,64,375077
15982,0.042425,172.31.40.0-255,66,279639,64,375077
15983,0.044364,172.217.160.0-255,5738,285377,64,375077
15984,0.04437,172.31.40.0-255,66,285443,64,375077
15985,0.046304,172.217.160.0-255,5738,291181,64,375077
15986,0.04631,172.31.40.0-255,66,291247,64,375077
15987,0.048294,172.217.160.0-255,5738,296985,64,375077
15988,0.0483,172.31.40.0-255,66,297051,64,375077
15989,0.05023,172.217.160.0-255,5738,302789,64,375077
15990,0.050239,172.31.40.0-255,66,302855,64,375077
15991,0.052176,172.217.160.0-255,5738,308593,64,375077
15992,0.052185,172.31.40.0-255,66,308659,64,375077
15993,0.054123,172.217.160.0-255,5738,314397,64,375077
15994,0.05413,172.31.40.0-255,66,314463,64,375077
15995,0.056072,172.217.160.0-255,5738,320201,64,375077
15996,0.056081,172.31.40.0-255,66,320267,64,375077
15997,0.05802,172.217.160.0-255,5738,326005,64,375077
15998,0.058026,172.31.40.0-255,66,326071,64,375077
15999,0.059971,172.217.160.0-255,5738,331809,64,375077
16000,0.059978,172.31.40.0-255,66,331875,64,375077
16001,0.061909,172.217.160.0-255,5738,337613,64,375077
16002,0.061916,172.31.40.0-255,66,337679,64,375077
16003,0.063863,172.217.160.0-255,5738,343417,64,375077
16004,0.06387,172.31.40.0-255,66,343483,64,375077
16005,0.065803,172.217.160.0-255,5738,349221,64,375077
16006,0.065809,172.31.40.0-255,66,349287,64,375077
16007,0.067752,172.217.160.0-255,5738,355025,64,375077
16008,0.06776,172.31.40.0-255,66,355091,64,375077
16009,0.069691,172.217.160.0-255,5738,360829,64,375077
16010,0.069697,172.31.40.0-255,66,360895,64,375077
16011,0.071632,172.217.160.0-255,5738,366633,64,375077
16012,0.071639,172.31.40.0-255,66,366699,64,375077
16013,0.073577,172.217.160.0-255,5738,372437,64,375077
16014,0.073583,172.31.40.0-255,66,372503,64,375077
16015,0.075508,172.217.160.0-255,2337,374840,64,375077
16016,0.075516,172.31.40.0-255,66,374906,64,375077
16017,0.075689,172.31.40.0-255,105,375011,64,375077
16018,0.077585,172.217.160.0-255,66,375077,64,375077
16019,0.0,74.125.130.0-255,150,150,64,323370
16020,2.5e-05,172.31.40.0-255,66,216,64,323370
16021,3.2e-05,74.125.130.0-255,1484,1700,64,323370
16022,3.6e-05,172.31.40.0-255,66,1766,64,323370
16023,4.2e-05,74.125.130.0-255,2902,4668,64,323370
16024,4.5e-05,172.31.40.0-255,66,4734,64,323370
16025,7.9e-05,74.125.130.0-255,5738,10472,64,323370
16026,8.3e-05,172.31.40.0-255,66,10538,64,323370
16027,8.6e-05,74.125.130.0-255,1484,12022,64,323370
16028,8.8e-05,172.31.40.0-255,66,12088,64,323370
16029,9.2e-05,74.125.130.0-255,2064,14152,64,323370
16030,9.5e-05,172.31.40.0-255,66,14218,64,323370
16031,0.000116,74.125.130.0-255,5738,19956,64,323370
16032,0.000119,172.31.40.0-255,66,20022,64,323370
16033,0.000152,74.125.130.0-255,7156,27178,64,323370
16034,0.000155,172.31.40.0-255,66,27244,64,323370
16035,0.000197,74.125.130.0-255,3961,31205,64,323370
16036,0.0002,172.31.40.0-255,66,31271,64,323370
16037,0.000285,74.125.130.0-255,1484,32755,64,323370
16038,0.000289,172.31.40.0-255,66,32821,64,323370
16039,0.000301,74.125.130.0-255,1484,34305,64,323370
16040,0.000303,172.31.40.0-255,66,34371,64,323370
16041,0.000315,74.125.130.0-255,1484,35855,64,323370
16042,0.000317,172.31.40.0-255,66,35921,64,323370
16043,0.00032,74.125.130.0-255,1484,37405,64,323370
16044,0.000322,172.31.40.0-255,66,37471,64,323370
16045,0.000328,74.125.130.0-255,2902,40373,64,323370
16046,0.000331,172.31.40.0-255,66,40439,64,323370
16047,0.000349,74.125.130.0-255,4320,44759,64,323370
16048,0.000352,172.31.40.0-255,66,44825,64,323370
16049,0.000375,74.125.130.0-255,1484,46309,64,323370
16050,0.000377,172.31.40.0-255,66,46375,64,323370
16051,0.000383,74.125.130.0-255,4320,50695,64,323370
16052,0.000385,172.31.40.0-255,66,50761,64,323370
16053,0.00039,74.125.130.0-255,4320,55081,64,323370
16054,0.000392,172.31.40.0-255,66,55147,64,323370
16055,0.000408,74.125.130.0-255,1484,56631,64,323370
16056,0.000426,74.125.130.0-255,7156,63787,64,323370
16057,0.000429,172.31.40.0-255,66,63853,64,323370
16058,0.000449,74.125.130.0-255,2184,66037,64,323370
16059,0.000452,172.31.40.0-255,66,66103,64,323370
16060,0.000455,74.125.130.0-255,343,66446,64,323370
16061,0.000797,74.125.130.0-255,120,66566,64,323370
16062,0.001095,74.125.130.0-255,1484,68050,64,323370
16063,0.001101,172.31.40.0-255,66,68116,64,323370
16064,0.001107,74.125.130.0-255,2902,71018,64,323370
16065,0.001111,172.31.40.0-255,66,71084,64,323370
16066,0.001118,74.125.130.0-255,5738,76822,64,323370
16067,0.001121,172.31.40.0-255,66,76888,64,323370
16068,0.001165,74.125.130.0-255,7156,84044,64,323370
16069,0.001169,172.31.40.0-255,66,84110,64,323370
16070,0.001175,74.125.130.0-255,5738,89848,64,323370
16071,0.001178,172.31.40.0-255,66,89914,64,323370
16072,0.001207,74.125.130.0-255,7156,97070,64,323370
16073,0.00121,172.31.40.0-255,66,97136,64,323370
16074,0.00123,74.125.130.0-255,3602,100738,64,323370
16075,0.001232,172.31.40.0-255,66,100804,64,323370
16076,0.002473,74.125.130.0-255,1484,102288,64,323370
16077,0.002483,74.125.130.0-255,2902,105190,64,323370
16078,0.002488,172.31.40.0-255,66,105256,64,323370
16079,0.002506,74.125.130.0-255,1484,106740,64,323370
16080,0.002529,74.125.130.0-255,4320,111060,64,323370
16081,0.002532,172.31.40.0-255,66,111126,64,323370
16082,0.002545,74.125.130.0-255,2902,114028,64,323370
16083,0.002547,172.31.40.0-255,66,114094,64,323370
16084,0.002564,74.125.130.0-255,4320,118414,64,323370
16085,0.002566,172.31.40.0-255,66,118480,64,323370
16086,0.002571,74.125.130.0-255,2902,121382,64,323370
16087,0.002572,172.31.40.0-255,66,121448,64,323370
16088,0.00259,74.125.130.0-255,4320,125768,64,323370
16089,0.002593,172.31.40.0-255,66,125834,64,323370
16090,0.002612,74.125.130.0-255,1484,127318,64,323370
16091,0.002638,74.125.130.0-255,4320,131638,64,323370
16092,0.002641,172.31.40.0-255,66,131704,64,323370
16093,0.002644,74.125.130.0-255,1484,133188,64,323370
16094,0.002666,74.125.130.0-255,2184,135372,64,323370
16095,0.002669,172.31.40.0-255,66,135438,64,323370
16096,0.003391,74.125.130.0-255,1484,136922,64,323370
16097,0.003407,74.125.130.0-255,2902,139824,64,323370
16098,0.003411,172.31.40.0-255,66,139890,64,323370
16099,0.00343,74.125.130.0-255,2902,142792,64,323370
16100,0.003432,172.31.40.0-255,66,142858,64,323370
16101,0.003437,74.125.130.0-255,2902,145760,64,323370
16102,0.003439,172.31.40.0-255,66,145826,64,323370
16103,0.003464,74.125.130.0-255,1484,147310,64,323370
16104,0.003475,172.31.40.0-255,66,147376,64,323370
16105,0.00348,74.125.130.0-255,2902,150278,64,323370
16106,0.003482,172.31.40.0-255,66,150344,64,323370
16107,0.003535,74.125.130.0-255,2902,153246,64,323370
16108,0.003537,172.31.40.0-255,66,153312,64,323370
16109,0.003565,172.31.40.0-255,66,153378,64,323370
16110,0.003576,172.31.40.0-255,66,153444,64,323370
16111,0.003592,74.125.130.0-255,2902,156346,64,323370
16112,0.003594,172.31.40.0-255,66,156412,64,323370
16113,0.003599,74.125.130.0-255,4320,160732,64,323370
16114,0.003601,172.31.40.0-255,66,160798,64,323370
16115,0.003625,74.125.130.0-255,1484,162282,64,323370
16116,0.003628,172.31.40.0-255,78,162360,64,323370
16117,0.003636,74.125.130.0-255,7156,169516,64,323370
16118,0.003639,172.31.40.0-255,78,169594,64,323370
16119,0.003656,74.125.130.0-255,7156,176750,64,323370
16120,0.00366,172.31.40.0-255,66,176816,64,323370
16121,0.003662,74.125.130.0-255,1484,178300,64,323370
16122,0.003665,74.125.130.0-255,766,179066,64,323370
16123,0.003667,172.31.40.0-255,66,179132,64,323370
16124,0.003829,74.125.130.0-255,1484,180616,64,323370
16125,0.003844,74.125.130.0-255,2902,183518,64,323370
16126,0.003847,172.31.40.0-255,66,183584,64,323370
16127,0.003873,74.125.130.0-255,5738,189322,64,323370
16128,0.003876,172.31.40.0-255,66,189388,64,323370
16129,0.003914,74.125.130.0-255,4320,193708,64,323370
16130,0.003916,172.31.40.0-255,66,193774,64,323370
16131,0.003932,74.125.130.0-255,1484,195258,64,323370
16132,0.00394,74.125.130.0-255,7156,202414,64,323370
16133,0.003943,172.31.40.0-255,66,202480,64,323370
16134,0.003954,172.31.40.0-255,66,202546,64,323370
16135,0.003967,74.125.130.0-255,766,203312,64,323370
16136,0.003994,74.125.130.0-255,1484,204796,64,323370
16137,0.003996,172.31.40.0-255,66,204862,64,323370
16138,0.004023,74.125.130.0-255,2902,207764,64,323370
16139,0.004025,172.31.40.0-255,66,207830,64,323370
16140,0.004044,74.125.130.0-255,1484,209314,64,323370
16141,0.004049,74.125.130.0-255,2902,212216,64,323370
16142,0.004051,172.31.40.0-255,66,212282,64,323370
16143,0.004063,74.125.130.0-255,1484,213766,64,323370
16144,0.00409,74.125.130.0-255,4320,218086,64,323370
16145,0.004093,172.31.40.0-255,66,218152,64,323370
16146,0.004099,74.125.130.0-255,5738,223890,64,323370
16147,0.004102,172.31.40.0-255,66,223956,64,323370
16148,0.004109,74.125.130.0-255,7156,231112,64,323370
16149,0.004111,172.31.40.0-255,66,231178,64,323370
16150,0.004129,74.125.130.0-255,1484,232662,64,323370
16151,0.004145,74.125.130.0-255,5020,237682,64,323370
16152,0.004148,172.31.40.0-255,66,237748,64,323370
16153,0.004151,74.125.130.0-255,1484,239232,64,323370
16154,0.004171,74.125.130.0-255,5738,244970,64,323370
16155,0.004174,172.31.40.0-255,66,245036,64,323370
16156,0.004187,74.125.130.0-255,1484,246520,64,323370
16157,0.004215,172.31.40.0-255,66,246586,64,323370
16158,0.004221,74.125.130.0-255,4320,250906,64,323370
16159,0.004223,172.31.40.0-255,66,250972,64,323370
16160,0.00425,172.31.40.0-255,66,251038,64,323370
16161,0.004254,74.125.130.0-255,2184,253222,64,323370
16162,0.004256,172.31.40.0-255,66,253288,64,323370
16163,0.00426,74.125.130.0-255,2902,256190,64,323370
16164,0.004262,172.31.40.0-255,66,256256,64,323370
16165,0.004288,74.125.130.0-255,5738,261994,64,323370
16166,0.00429,172.31.40.0-255,66,262060,64,323370
16167,0.004293,74.125.130.0-255,1484,263544,64,323370
16168,0.004315,74.125.130.0-255,5738,269282,64,323370
16169,0.004317,172.31.40.0-255,66,269348,64,323370
16170,0.004342,74.125.130.0-255,5738,275086,64,323370
16171,0.004344,172.31.40.0-255,66,275152,64,323370
16172,0.004371,172.31.40.0-255,66,275218,64,323370
16173,0.004399,74.125.130.0-255,6438,281656,64,323370
16174,0.004402,172.31.40.0-255,66,281722,64,323370
16175,0.004408,74.125.130.0-255,7156,288878,64,323370
16176,0.004411,172.31.40.0-255,66,288944,64,323370
16177,0.004439,74.125.130.0-255,4320,293264,64,323370
16178,0.004441,172.31.40.0-255,66,293330,64,323370
16179,0.004485,74.125.130.0-255,2902,296232,64,323370
16180,0.004513,74.125.130.0-255,3602,299834,64,323370
16181,0.004543,74.125.130.0-255,5738,305572,64,323370
16182,0.00459,74.125.130.0-255,2902,308474,64,323370
16183,0.004673,74.125.130.0-255,6438,314912,64,323370
16184,0.004684,74.125.130.0-255,1484,316396,64,323370
16185,0.004697,74.125.130.0-255,2340,318736,64,323370
16186,0.004749,74.125.130.0-255,105,318841,64,323370
16187,0.010587,172.31.40.0-255,66,318907,64,323370
16188,0.013006,172.31.40.0-255,105,319012,64,323370
16189,0.01551,74.125.130.0-255,66,319078,64,323370
16190,0.051496,172.31.40.0-255,172,319250,64,323370
16191,0.051529,172.31.40.0-255,1112,320362,64,323370
16192,0.051587,172.31.40.0-255,1514,321876,64,323370
16193,0.051589,172.31.40.0-255,1296,323172,64,323370
16194,0.053067,104.244.42.0-255,66,323238,64,323370
16195,0.053093,104.244.42.0-255,66,323304,64,323370
16196,0.053139,104.244.42.0-255,66,323370,64,323370
16197,0.0,74.125.130.0-255,151,151,64,336455
16198,2.3e-05,172.31.40.0-255,66,217,64,336455
16199,3.1e-05,74.125.130.0-255,1484,1701,64,336455
16200,3.6e-05,172.31.40.0-255,66,1767,64,336455
16201,4.1e-05,74.125.130.0-255,2902,4669,64,336455
16202,5.1e-05,172.31.40.0-255,66,4735,64,336455
16203,5.5e-05,74.125.130.0-255,1484,6219,64,336455
16204,5.7e-05,172.31.40.0-255,66,6285,64,336455
16205,6.3e-05,74.125.130.0-255,2902,9187,64,336455
16206,6.6e-05,172.31.40.0-255,66,9253,64,336455
16207,8.5e-05,74.125.130.0-255,4906,14159,64,336455
16208,9.2e-05,172.31.40.0-255,66,14225,64,336455
16209,0.000193,74.125.130.0-255,1484,15709,64,336455
16210,0.000196,172.31.40.0-255,66,15775,64,336455
16211,0.000204,74.125.130.0-255,2902,18677,64,336455
16212,0.000206,172.31.40.0-255,66,18743,64,336455
16213,0.000218,74.125.130.0-255,5738,24481,64,336455
16214,0.000221,172.31.40.0-255,66,24547,64,336455
16215,0.000255,74.125.130.0-255,4320,28867,64,336455
16216,0.000258,172.31.40.0-255,66,28933,64,336455
16217,0.000279,74.125.130.0-255,5379,34312,64,336455
16218,0.000282,172.31.40.0-255,66,34378,64,336455
16219,0.000286,74.125.130.0-255,2902,37280,64,336455
16220,0.000301,172.31.40.0-255,66,37346,64,336455
16221,0.000307,74.125.130.0-255,4320,41666,64,336455
16222,0.00031,172.31.40.0-255,66,41732,64,336455
16223,0.000357,74.125.130.0-255,6797,48529,64,336455
16224,0.00036,172.31.40.0-255,66,48595,64,336455
16225,0.000406,74.125.130.0-255,1484,50079,64,336455
16226,0.000409,172.31.40.0-255,66,50145,64,336455
16227,0.00044,74.125.130.0-255,2902,53047,64,336455
16228,0.000443,172.31.40.0-255,66,53113,64,336455
16229,0.000448,74.125.130.0-255,2902,56015,64,336455
16230,0.00045,172.31.40.0-255,66,56081,64,336455
16231,0.00046,74.125.130.0-255,4320,60401,64,336455
16232,0.000462,172.31.40.0-255,66,60467,64,336455
16233,0.000484,74.125.130.0-255,2902,63369,64,336455
16234,0.000486,172.31.40.0-255,66,63435,64,336455
16235,0.000508,74.125.130.0-255,2816,66251,64,336455
16236,0.000511,172.31.40.0-255,66,66317,64,336455
16237,0.000568,74.125.130.0-255,1484,67801,64,336455
16238,0.000584,74.125.130.0-255,2902,70703,64,336455
16239,0.000587,172.31.40.0-255,66,70769,64,336455
16240,0.000592,74.125.130.0-255,4320,75089,64,336455
16241,0.000595,172.31.40.0-255,66,75155,64,336455
16242,0.000642,74.125.130.0-255,5738,80893,64,336455
16243,0.000645,172.31.40.0-255,66,80959,64,336455
16244,0.000659,74.125.130.0-255,3961,84920,64,336455
16245,0.000665,172.31.40.0-255,66,84986,64,336455
16246,0.000677,172.31.40.0-255,66,85052,64,336455
16247,0.000714,74.125.130.0-255,5674,90726,64,336455
16248,0.000717,172.31.40.0-255,66,90792,64,336455
16249,0.000802,74.125.130.0-255,1484,92276,64,336455
16250,0.000823,74.125.130.0-255,2902,95178,64,336455
16251,0.000826,172.31.40.0-255,66,95244,64,336455
16252,0.000832,74.125.130.0-255,5738,100982,64,336455
16253,0.000835,172.31.40.0-255,66,101048,64,336455
16254,0.000844,74.125.130.0-255,2902,103950,64,336455
16255,0.000846,172.31.40.0-255,66,104016,64,336455
16256,0.000851,74.125.130.0-255,2902,106918,64,336455
16257,0.000853,172.31.40.0-255,66,106984,64,336455
16258,0.000878,74.125.130.0-255,1484,108468,64,336455
16259,0.000893,172.31.40.0-255,66,108534,64,336455
16260,0.0009,74.125.130.0-255,7156,115690,64,336455
16261,0.000902,172.31.40.0-255,66,115756,64,336455
16262,0.000953,74.125.130.0-255,766,116522,64,336455
16263,0.000977,74.125.130.0-255,1484,118006,64,336455
16264,0.00098,172.31.40.0-255,66,118072,64,336455
16265,0.000983,74.125.130.0-255,1484,119556,64,336455
16266,0.001007,74.125.130.0-255,2902,122458,64,336455
16267,0.00101,172.31.40.0-255,66,122524,64,336455
16268,0.001016,74.125.130.0-255,5738,128262,64,336455
16269,0.001019,172.31.40.0-255,66,128328,64,336455
16270,0.001047,74.125.130.0-255,4320,132648,64,336455
16271,0.00105,172.31.40.0-255,66,132714,64,336455
16272,0.001078,74.125.130.0-255,7156,139870,64,336455
16273,0.001081,172.31.40.0-255,66,139936,64,336455
16274,0.00111,172.31.40.0-255,66,140002,64,336455
16275,0.001144,74.125.130.0-255,1484,141486,64,336455
16276,0.001158,74.125.130.0-255,2902,144388,64,336455
16277,0.00116,172.31.40.0-255,66,144454,64,336455
16278,0.001192,74.125.130.0-255,5738,150192,64,336455
16279,0.001195,172.31.40.0-255,66,150258,64,336455
16280,0.0012,74.125.130.0-255,5738,155996,64,336455
16281,0.001202,172.31.40.0-255,66,156062,64,336455
16282,0.001236,74.125.130.0-255,7156,163218,64,336455
16283,0.001239,172.31.40.0-255,66,163284,64,336455
16284,0.001242,74.125.130.0-255,1484,164768,64,336455
16285,0.001275,172.31.40.0-255,66,164834,64,336455
16286,0.001641,74.125.130.0-255,1484,166318,64,336455
16287,0.001647,74.125.130.0-255,2902,169220,64,336455
16288,0.00165,172.31.40.0-255,66,169286,64,336455
16289,0.001678,74.125.130.0-255,5738,175024,64,336455
16290,0.001681,172.31.40.0-255,66,175090,64,336455
16291,0.001713,172.31.40.0-255,66,175156,64,336455
16292,0.001717,74.125.130.0-255,1484,176640,64,336455
16293,0.001748,172.31.40.0-255,66,176706,64,336455
16294,0.001752,74.125.130.0-255,2184,178890,64,336455
16295,0.001754,172.31.40.0-255,66,178956,64,336455
16296,0.001901,74.125.130.0-255,1484,180440,64,336455
16297,0.001915,74.125.130.0-255,2902,183342,64,336455
16298,0.001918,172.31.40.0-255,66,183408,64,336455
16299,0.001924,74.125.130.0-255,2902,186310,64,336455
16300,0.001926,172.31.40.0-255,66,186376,64,336455
16301,0.001949,74.125.130.0-255,2902,189278,64,336455
16302,0.001951,172.31.40.0-255,66,189344,64,336455
16303,0.001968,74.125.130.0-255,7156,196500,64,336455
16304,0.001971,172.31.40.0-255,66,196566,64,336455
16305,0.001979,74.125.130.0-255,7156,203722,64,336455
16306,0.001981,172.31.40.0-255,66,203788,64,336455
16307,0.002014,74.125.130.0-255,1484,205272,64,336455
16308,0.002026,172.31.40.0-255,66,205338,64,336455
16309,0.002098,74.125.130.0-255,1484,206822,64,336455
16310,0.002102,74.125.130.0-255,1484,208306,64,336455
16311,0.002105,172.31.40.0-255,66,208372,64,336455
16312,0.002128,74.125.130.0-255,1484,209856,64,336455
16313,0.002135,74.125.130.0-255,5738,215594,64,336455
16314,0.002137,172.31.40.0-255,66,215660,64,336455
16315,0.002172,172.31.40.0-255,66,215726,64,336455
16316,0.00219,74.125.130.0-255,4320,220046,64,336455
16317,0.002193,172.31.40.0-255,66,220112,64,336455
16318,0.002218,172.31.40.0-255,66,220178,64,336455
16319,0.00348,172.31.40.0-255,101,220279,64,336455
16320,0.004474,74.125.130.0-255,5738,226017,64,336455
16321,0.004496,172.31.40.0-255,66,226083,64,336455
16322,0.005705,74.125.130.0-255,66,226149,64,336455
16323,0.006778,74.125.130.0-255,5738,231887,64,336455
16324,0.006785,172.31.40.0-255,66,231953,64,336455
16325,0.009039,74.125.130.0-255,5738,237691,64,336455
16326,0.009046,172.31.40.0-255,66,237757,64,336455
16327,0.011296,74.125.130.0-255,5738,243495,64,336455
16328,0.011299,172.31.40.0-255,66,243561,64,336455
16329,0.013567,74.125.130.0-255,5738,249299,64,336455
16330,0.013582,172.31.40.0-255,66,249365,64,336455
16331,0.015849,74.125.130.0-255,5738,255103,64,336455
16332,0.015864,172.31.40.0-255,66,255169,64,336455
16333,0.018131,74.125.130.0-255,5738,260907,64,336455
16334,0.018138,172.31.40.0-255,66,260973,64,336455
16335,0.0204,74.125.130.0-255,5738,266711,64,336455
16336,0.020409,172.31.40.0-255,66,266777,64,336455
16337,0.022677,74.125.130.0-255,5738,272515,64,336455
16338,0.022685,172.31.40.0-255,66,272581,64,336455
16339,0.024952,74.125.130.0-255,5738,278319,64,336455
16340,0.02496,172.31.40.0-255,66,278385,64,336455
16341,0.027221,74.125.130.0-255,5738,284123,64,336455
16342,0.02723,172.31.40.0-255,66,284189,64,336455
16343,0.029491,74.125.130.0-255,5738,289927,64,336455
16344,0.029501,172.31.40.0-255,66,289993,64,336455
16345,0.031764,74.125.130.0-255,5738,295731,64,336455
16346,0.031777,172.31.40.0-255,66,295797,64,336455
16347,0.034036,74.125.130.0-255,5738,301535,64,336455
16348,0.034043,172.31.40.0-255,66,301601,64,336455
16349,0.036315,74.125.130.0-255,5738,307339,64,336455
16350,0.036323,172.31.40.0-255,66,307405,64,336455
16351,0.038598,74.125.130.0-255,5738,313143,64,336455
16352,0.038613,172.31.40.0-255,66,313209,64,336455
16353,0.040877,74.125.130.0-255,5738,318947,64,336455
16354,0.040889,172.31.40.0-255,66,319013,64,336455
16355,0.043165,74.125.130.0-255,5738,324751,64,336455
16356,0.043182,172.31.40.0-255,66,324817,64,336455
16357,0.045453,74.125.130.0-255,5738,330555,64,336455
16358,0.045461,172.31.40.0-255,66,330621,64,336455
16359,0.047725,74.125.130.0-255,1369,331990,64,336455
16360,0.048015,172.31.40.0-255,105,332095,64,336455
16361,0.051195,172.31.40.0-255,172,332267,64,336455
16362,0.051227,172.31.40.0-255,1112,333379,64,336455
16363,0.051285,172.31.40.0-255,1514,334893,64,336455
16364,0.051287,172.31.40.0-255,1298,336191,64,336455
16365,0.05268,104.244.42.0-255,66,336257,64,336455
16366,0.052729,104.244.42.0-255,66,336323,64,336455
16367,0.052794,104.244.42.0-255,66,336389,64,336455
16368,0.053983,74.125.130.0-255,66,336455,64,336455
16369,0.0,172.217.194.0-255,146,146,64,236106
16370,2.2e-05,172.31.40.0-255,66,212,64,236106
16371,2.9e-05,172.217.194.0-255,1484,1696,64,236106
16372,3.3e-05,172.31.40.0-255,66,1762,64,236106
16373,3.9e-05,172.217.194.0-255,2902,4664,64,236106
16374,4.2e-05,172.31.40.0-255,66,4730,64,236106
16375,5e-05,172.217.194.0-255,7156,11886,64,236106
16376,5.2e-05,172.31.40.0-255,66,11952,64,236106
16377,5.7e-05,172.217.194.0-255,2001,13953,64,236106
16378,5.9e-05,172.31.40.0-255,66,14019,64,236106
16379,6.3e-05,172.217.194.0-255,2902,16921,64,236106
16380,6.6e-05,172.31.40.0-255,66,16987,64,236106
16381,9.4e-05,172.217.194.0-255,7156,24143,64,236106
16382,9.7e-05,172.31.40.0-255,66,24209,64,236106
16383,0.000142,172.31.40.0-255,66,24275,64,236106
16384,0.000168,172.31.40.0-255,66,24341,64,236106
16385,0.000262,172.217.194.0-255,1484,25825,64,236106
16386,0.000266,172.31.40.0-255,66,25891,64,236106
16387,0.000279,172.217.194.0-255,2902,28793,64,236106
16388,0.000281,172.31.40.0-255,66,28859,64,236106
16389,0.000297,172.217.194.0-255,5738,34597,64,236106
16390,0.0003,172.31.40.0-255,66,34663,64,236106
16391,0.000303,172.217.194.0-255,1484,36147,64,236106
16392,0.000305,172.31.40.0-255,66,36213,64,236106
16393,0.000328,172.217.194.0-255,1484,37697,64,236106
16394,0.00033,172.31.40.0-255,66,37763,64,236106
16395,0.000367,172.217.194.0-255,4542,42305,64,236106
16396,0.00037,172.31.40.0-255,66,42371,64,236106
16397,0.000411,172.217.194.0-255,1484,43855,64,236106
16398,0.000413,172.31.40.0-255,66,43921,64,236106
16399,0.000426,172.217.194.0-255,2902,46823,64,236106
16400,0.000428,172.31.40.0-255,66,46889,64,236106
16401,0.000455,172.217.194.0-255,5738,52627,64,236106
16402,0.000458,172.31.40.0-255,66,52693,64,236106
16403,0.000461,172.217.194.0-255,1484,54177,64,236106
16404,0.000463,172.31.40.0-255,66,54243,64,236106
16405,0.00049,172.217.194.0-255,1484,55727,64,236106
16406,0.000492,172.31.40.0-255,66,55793,64,236106
16407,0.000514,172.31.40.0-255,66,55859,64,236106
16408,0.00052,172.217.194.0-255,5738,61597,64,236106
16409,0.000522,172.31.40.0-255,66,61663,64,236106
16410,0.00057,172.217.194.0-255,4320,65983,64,236106
16411,0.000579,172.31.40.0-255,66,66049,64,236106
16412,0.000583,172.217.194.0-255,2543,68592,64,236106
16413,0.000586,172.31.40.0-255,66,68658,64,236106
16414,0.000778,172.217.194.0-255,1484,70142,64,236106
16415,0.000786,172.217.194.0-255,2902,73044,64,236106
16416,0.00079,172.31.40.0-255,66,73110,64,236106
16417,0.000815,172.217.194.0-255,5738,78848,64,236106
16418,0.000819,172.31.40.0-255,66,78914,64,236106
16419,0.000823,172.217.194.0-255,2902,81816,64,236106
16420,0.000825,172.31.40.0-255,66,81882,64,236106
16421,0.000864,172.31.40.0-255,66,81948,64,236106
16422,0.000878,172.217.194.0-255,1484,83432,64,236106
16423,0.00089,172.217.194.0-255,2902,86334,64,236106
16424,0.000893,172.31.40.0-255,66,86400,64,236106
16425,0.000919,172.217.194.0-255,6438,92838,64,236106
16426,0.000922,172.31.40.0-255,66,92904,64,236106
16427,0.000964,172.217.194.0-255,1484,94388,64,236106
16428,0.000968,172.217.194.0-255,1484,95872,64,236106
16429,0.00097,172.31.40.0-255,66,95938,64,236106
16430,0.000985,172.217.194.0-255,1484,97422,64,236106
16431,0.000992,172.217.194.0-255,5738,103160,64,236106
16432,0.000995,172.31.40.0-255,66,103226,64,236106
16433,0.001025,172.217.194.0-255,7156,110382,64,236106
16434,0.001028,172.31.40.0-255,66,110448,64,236106
16435,0.001051,172.217.194.0-255,5738,116186,64,236106
16436,0.001054,172.31.40.0-255,66,116252,64,236106
16437,0.001104,172.31.40.0-255,66,116318,64,236106
16438,0.001164,172.217.194.0-255,1484,117802,64,236106
16439,0.001186,172.217.194.0-255,2902,120704,64,236106
16440,0.001188,172.31.40.0-255,66,120770,64,236106
16441,0.001196,172.217.194.0-255,5738,126508,64,236106
16442,0.001207,172.217.194.0-255,1484,127992,64,236106
16443,0.001222,172.217.194.0-255,5738,133730,64,236106
16444,0.001227,172.31.40.0-255,66,133796,64,236106
16445,0.001256,172.217.194.0-255,5738,139534,64,236106
16446,0.001268,172.217.194.0-255,766,140300,64,236106
16447,0.001286,172.31.40.0-255,66,140366,64,236106
16448,0.001332,172.217.194.0-255,1484,141850,64,236106
16449,0.001336,172.217.194.0-255,1484,143334,64,236106
16450,0.001348,172.217.194.0-255,1484,144818,64,236106
16451,0.001355,172.217.194.0-255,5738,150556,64,236106
16452,0.001358,172.31.40.0-255,66,150622,64,236106
16453,0.001371,172.217.194.0-255,4320,154942,64,236106
16454,0.001377,172.31.40.0-255,66,155008,64,236106
16455,0.001397,172.217.194.0-255,7156,162164,64,236106
16456,0.001416,172.217.194.0-255,2902,165066,64,236106
16457,0.001424,172.31.40.0-255,66,165132,64,236106
16458,0.001435,172.217.194.0-255,5738,170870,64,236106
16459,0.00144,172.31.40.0-255,66,170936,64,236106
16460,0.0015,172.31.40.0-255,66,171002,64,236106
16461,0.001549,172.217.194.0-255,5738,176740,64,236106
16462,0.001588,172.217.194.0-255,2184,178924,64,236106
16463,0.001592,172.31.40.0-255,66,178990,64,236106
16464,0.001602,172.217.194.0-255,2902,181892,64,236106
16465,0.001623,172.217.194.0-255,4320,186212,64,236106
16466,0.001628,172.217.194.0-255,2902,189114,64,236106
16467,0.001647,172.217.194.0-255,5738,194852,64,236106
16468,0.001652,172.31.40.0-255,66,194918,64,236106
16469,0.0017,172.217.194.0-255,6438,201356,64,236106
16470,0.001712,172.31.40.0-255,66,201422,64,236106
16471,0.001724,172.217.194.0-255,1484,202906,64,236106
16472,0.001729,172.217.194.0-255,2902,205808,64,236106
16473,0.001747,172.31.40.0-255,66,205874,64,236106
16474,0.001754,172.217.194.0-255,5738,211612,64,236106
16475,0.001759,172.217.194.0-255,4320,215932,64,236106
16476,0.001764,172.31.40.0-255,66,215998,64,236106
16477,0.001803,172.217.194.0-255,2902,218900,64,236106
16478,0.00181,172.31.40.0-255,66,218966,64,236106
16479,0.001832,172.217.194.0-255,2902,221868,64,236106
16480,0.001847,172.31.40.0-255,66,221934,64,236106
16481,0.001899,172.31.40.0-255,66,222000,64,236106
16482,0.001907,172.217.194.0-255,1484,223484,64,236106
16483,0.001921,172.217.194.0-255,4320,227804,64,236106
16484,0.001933,172.31.40.0-255,66,227870,64,236106
16485,0.001943,172.217.194.0-255,3541,231411,64,236106
16486,0.00195,172.31.40.0-255,66,231477,64,236106
16487,0.001961,172.217.194.0-255,105,231582,64,236106
16488,0.011073,172.31.40.0-255,66,231648,64,236106
16489,0.011112,172.31.40.0-255,105,231753,64,236106
16490,0.013056,172.217.194.0-255,66,231819,64,236106
16491,0.037255,172.31.40.0-255,167,231986,64,236106
16492,0.037289,172.31.40.0-255,1111,233097,64,236106
16493,0.037349,172.31.40.0-255,1514,234611,64,236106
16494,0.03735,172.31.40.0-255,1297,235908,64,236106
16495,0.038782,104.244.42.0-255,66,235974,64,236106
16496,0.038823,104.244.42.0-255,66,236040,64,236106
16497,0.038867,104.244.42.0-255,66,236106,64,236106
16498,0.0,172.217.194.0-255,153,153,64,314725
16499,1.1e-05,172.31.40.0-255,66,219,64,314725
16500,4.8e-05,172.217.194.0-255,1484,1703,64,314725
16501,5.3e-05,172.31.40.0-255,66,1769,64,314725
16502,5.9e-05,172.217.194.0-255,2902,4671,64,314725
16503,6.1e-05,172.31.40.0-255,66,4737,64,314725
16504,9.8e-05,172.217.194.0-255,5738,10475,64,314725
16505,0.000101,172.31.40.0-255,66,10541,64,314725
16506,0.000104,172.217.194.0-255,1484,12025,64,314725
16507,0.000106,172.31.40.0-255,66,12091,64,314725
16508,0.00014,172.217.194.0-255,2030,14121,64,314725
16509,0.000143,172.31.40.0-255,66,14187,64,314725
16510,0.000233,172.217.194.0-255,1484,15671,64,314725
16511,0.000238,172.31.40.0-255,66,15737,64,314725
16512,0.000264,172.217.194.0-255,2902,18639,64,314725
16513,0.000267,172.31.40.0-255,66,18705,64,314725
16514,0.00027,172.217.194.0-255,1484,20189,64,314725
16515,0.000272,172.31.40.0-255,66,20255,64,314725
16516,0.000311,172.217.194.0-255,4320,24575,64,314725
16517,0.000313,172.31.40.0-255,66,24641,64,314725
16518,0.00032,172.217.194.0-255,6797,31438,64,314725
16519,0.000323,172.31.40.0-255,66,31504,64,314725
16520,0.000329,172.217.194.0-255,7156,38660,64,314725
16521,0.000334,172.31.40.0-255,66,38726,64,314725
16522,0.000385,172.31.40.0-255,66,38792,64,314725
16523,0.000392,172.217.194.0-255,7156,45948,64,314725
16524,0.000396,172.31.40.0-255,66,46014,64,314725
16525,0.000415,172.217.194.0-255,3602,49616,64,314725
16526,0.000417,172.31.40.0-255,66,49682,64,314725
16527,0.000462,172.217.194.0-255,646,50328,64,314725
16528,0.000465,172.31.40.0-255,66,50394,64,314725
16529,0.000597,172.217.194.0-255,1484,51878,64,314725
16530,0.000603,172.217.194.0-255,2902,54780,64,314725
16531,0.000607,172.31.40.0-255,66,54846,64,314725
16532,0.00064,172.217.194.0-255,4320,59166,64,314725
16533,0.000643,172.31.40.0-255,66,59232,64,314725
16534,0.000689,172.217.194.0-255,2902,62134,64,314725
16535,0.000692,172.31.40.0-255,66,62200,64,314725
16536,0.000724,172.217.194.0-255,4320,66520,64,314725
16537,0.000727,172.31.40.0-255,66,66586,64,314725
16538,0.000741,172.31.40.0-255,66,66652,64,314725
16539,0.000747,172.217.194.0-255,5020,71672,64,314725
16540,0.000749,172.31.40.0-255,66,71738,64,314725
16541,0.00085,172.217.194.0-255,1484,73222,64,314725
16542,0.000855,172.217.194.0-255,1484,74706,64,314725
16543,0.000858,172.31.40.0-255,66,74772,64,314725
16544,0.000884,172.217.194.0-255,1484,76256,64,314725
16545,0.000889,172.217.194.0-255,2902,79158,64,314725
16546,0.000892,172.31.40.0-255,66,79224,64,314725
16547,0.00093,172.217.194.0-255,2902,82126,64,314725
16548,0.000934,172.31.40.0-255,66,82192,64,314725
16549,0.000947,172.31.40.0-255,66,82258,64,314725
16550,0.000958,172.31.40.0-255,66,82324,64,314725
16551,0.00098,172.217.194.0-255,2184,84508,64,314725
16552,0.000983,172.31.40.0-255,66,84574,64,314725
16553,0.001009,172.217.194.0-255,2902,87476,64,314725
16554,0.001011,172.31.40.0-255,66,87542,64,314725
16555,0.001017,172.217.194.0-255,4320,91862,64,314725
16556,0.001019,172.31.40.0-255,66,91928,64,314725
16557,0.001065,172.217.194.0-255,2902,94830,64,314725
16558,0.001068,172.31.40.0-255,66,94896,64,314725
16559,0.00108,172.31.40.0-255,66,94962,64,314725
16560,0.001092,172.31.40.0-255,66,95028,64,314725
16561,0.001098,172.217.194.0-255,5020,100048,64,314725
16562,0.001105,172.217.194.0-255,5738,105786,64,314725
16563,0.00111,172.31.40.0-255,66,105852,64,314725
16564,0.001112,172.31.40.0-255,66,105918,64,314725
16565,0.001139,172.31.40.0-255,66,105984,64,314725
16566,0.001172,172.217.194.0-255,4320,110304,64,314725
16567,0.001175,172.31.40.0-255,66,110370,64,314725
16568,0.001186,172.31.40.0-255,66,110436,64,314725
16569,0.001216,172.217.194.0-255,6438,116874,64,314725
16570,0.00122,172.31.40.0-255,66,116940,64,314725
16571,0.001585,172.217.194.0-255,1484,118424,64,314725
16572,0.0016,172.217.194.0-255,2902,121326,64,314725
16573,0.001604,172.31.40.0-255,66,121392,64,314725
16574,0.001608,172.217.194.0-255,1484,122876,64,314725
16575,0.001636,172.217.194.0-255,4320,127196,64,314725
16576,0.001638,172.31.40.0-255,66,127262,64,314725
16577,0.001645,172.217.194.0-255,5738,133000,64,314725
16578,0.001648,172.31.40.0-255,66,133066,64,314725
16579,0.001668,172.217.194.0-255,2902,135968,64,314725
16580,0.001675,172.31.40.0-255,66,136034,64,314725
16581,0.001686,172.31.40.0-255,66,136100,64,314725
16582,0.001718,172.217.194.0-255,5020,141120,64,314725
16583,0.001721,172.31.40.0-255,66,141186,64,314725
16584,0.001759,172.217.194.0-255,1484,142670,64,314725
16585,0.001772,172.217.194.0-255,2902,145572,64,314725
16586,0.001775,172.31.40.0-255,66,145638,64,314725
16587,0.001801,172.217.194.0-255,1484,147122,64,314725
16588,0.001808,172.217.194.0-255,5738,152860,64,314725
16589,0.001811,172.31.40.0-255,66,152926,64,314725
16590,0.001841,172.217.194.0-255,2902,155828,64,314725
16591,0.001844,172.31.40.0-255,66,155894,64,314725
16592,0.001878,172.31.40.0-255,66,155960,64,314725
16593,0.001885,172.217.194.0-255,5738,161698,64,314725
16594,0.001887,172.31.40.0-255,66,161764,64,314725
16595,0.001954,172.217.194.0-255,3602,165366,64,314725
16596,0.001957,172.31.40.0-255,66,165432,64,314725
16597,0.002189,172.217.194.0-255,1484,166916,64,314725
16598,0.002194,172.217.194.0-255,1484,168400,64,314725
16599,0.002197,172.31.40.0-255,66,168466,64,314725
16600,0.002224,172.217.194.0-255,1484,169950,64,314725
16601,0.002254,172.217.194.0-255,2902,172852,64,314725
16602,0.002257,172.31.40.0-255,66,172918,64,314725
16603,0.002287,172.217.194.0-255,2902,175820,64,314725
16604,0.002289,172.31.40.0-255,66,175886,64,314725
16605,0.002297,172.217.194.0-255,7156,183042,64,314725
16606,0.002299,172.31.40.0-255,66,183108,64,314725
16607,0.004567,172.217.194.0-255,5738,188846,64,314725
16608,0.004574,172.31.40.0-255,66,188912,64,314725
16609,0.006843,172.217.194.0-255,5738,194650,64,314725
16610,0.006857,172.31.40.0-255,66,194716,64,314725
16611,0.00912,172.217.194.0-255,5738,200454,64,314725
16612,0.009133,172.31.40.0-255,66,200520,64,314725
16613,0.01137,172.217.194.0-255,5738,206258,64,314725
16614,0.011377,172.31.40.0-255,66,206324,64,314725
16615,0.013626,172.217.194.0-255,2902,209226,64,314725
16616,0.013633,172.31.40.0-255,66,209292,64,314725
16617,0.013659,172.217.194.0-255,2902,212194,64,314725
16618,0.013662,172.31.40.0-255,66,212260,64,314725
16619,0.015877,172.217.194.0-255,2902,215162,64,314725
16620,0.015883,172.31.40.0-255,66,215228,64,314725
16621,0.015941,172.217.194.0-255,2902,218130,64,314725
16622,0.015944,172.31.40.0-255,66,218196,64,314725
16623,0.018159,172.217.194.0-255,2902,221098,64,314725
16624,0.018175,172.31.40.0-255,66,221164,64,314725
16625,0.018207,172.217.194.0-255,2902,224066,64,314725
16626,0.01821,172.31.40.0-255,66,224132,64,314725
16627,0.020452,172.217.194.0-255,2902,227034,64,314725
16628,0.020471,172.31.40.0-255,66,227100,64,314725
16629,0.020511,172.217.194.0-255,2902,230002,64,314725
16630,0.020515,172.31.40.0-255,66,230068,64,314725
16631,0.022717,172.217.194.0-255,2902,232970,64,314725
16632,0.022725,172.31.40.0-255,66,233036,64,314725
16633,0.022754,172.217.194.0-255,2902,235938,64,314725
16634,0.022757,172.31.40.0-255,66,236004,64,314725
16635,0.02498,172.217.194.0-255,2902,238906,64,314725
16636,0.024987,172.31.40.0-255,66,238972,64,314725
16637,0.025021,172.217.194.0-255,2902,241874,64,314725
16638,0.025025,172.31.40.0-255,66,241940,64,314725
16639,0.027223,172.217.194.0-255,2902,244842,64,314725
16640,0.02723,172.31.40.0-255,66,244908,64,314725
16641,0.027262,172.217.194.0-255,2902,247810,64,314725
16642,0.027266,172.31.40.0-255,66,247876,64,314725
16643,0.029463,172.217.194.0-255,2902,250778,64,314725
16644,0.02948,172.31.40.0-255,66,250844,64,314725
16645,0.029517,172.217.194.0-255,2902,253746,64,314725
16646,0.02952,172.31.40.0-255,66,253812,64,314725
16647,0.031754,172.217.194.0-255,2902,256714,64,314725
16648,0.031762,172.31.40.0-255,66,256780,64,314725
16649,0.031784,172.217.194.0-255,2902,259682,64,314725
16650,0.031787,172.31.40.0-255,66,259748,64,314725
16651,0.033985,172.217.194.0-255,2902,262650,64,314725
16652,0.033992,172.31.40.0-255,66,262716,64,314725
16653,0.034031,172.217.194.0-255,2902,265618,64,314725
16654,0.034033,172.31.40.0-255,66,265684,64,314725
16655,0.036276,172.217.194.0-255,5738,271422,64,314725
16656,0.036292,172.31.40.0-255,66,271488,64,314725
16657,0.038541,172.217.194.0-255,5738,277226,64,314725
16658,0.03855,172.31.40.0-255,66,277292,64,314725
16659,0.040797,172.217.194.0-255,5738,283030,64,314725
16660,0.040807,172.31.40.0-255,66,283096,64,314725
16661,0.04305,172.217.194.0-255,5738,288834,64,314725
16662,0.043072,172.31.40.0-255,66,288900,64,314725
16663,0.045338,172.217.194.0-255,5738,294638,64,314725
16664,0.045346,172.31.40.0-255,66,294704,64,314725
16665,0.047598,172.217.194.0-255,5738,300442,64,314725
16666,0.047613,172.31.40.0-255,66,300508,64,314725
16667,0.049885,172.217.194.0-255,5738,306246,64,314725
16668,0.049894,172.31.40.0-255,66,306312,64,314725
16669,0.052181,172.217.194.0-255,3885,310197,64,314725
16670,0.052207,172.31.40.0-255,66,310263,64,314725
16671,0.052539,172.31.40.0-255,105,310368,64,314725
16672,0.054742,172.217.194.0-255,66,310434,64,314725
16673,0.05537,172.31.40.0-255,171,310605,64,314725
16674,0.055399,172.31.40.0-255,1136,311741,64,314725
16675,0.05545,172.31.40.0-255,1514,313255,64,314725
16676,0.055453,172.31.40.0-255,1272,314527,64,314725
16677,0.056908,104.244.42.0-255,66,314593,64,314725
16678,0.056973,104.244.42.0-255,66,314659,64,314725
16679,0.057002,104.244.42.0-255,66,314725,64,314725
16680,0.0,172.31.40.0-255,105,105,64,459
16681,0.000264,172.31.40.0-255,90,195,64,459
16682,0.000275,172.31.40.0-255,66,261,64,459
16683,0.00248,74.125.68.0-255,66,327,64,459
16684,0.002501,74.125.68.0-255,66,393,64,459
16685,0.002516,172.31.40.0-255,66,459,64,459
16686,0.0,172.217.194.0-255,297,297,64,302427
16687,2.3e-05,172.31.40.0-255,66,363,64,302427
16688,3e-05,172.217.194.0-255,1484,1847,64,302427
16689,3.4e-05,172.31.40.0-255,66,1913,64,302427
16690,4.9e-05,172.217.194.0-255,4320,6233,64,302427
16691,5.2e-05,172.31.40.0-255,66,6299,64,302427
16692,9.8e-05,172.31.40.0-255,66,6365,64,302427
16693,0.000215,172.217.194.0-255,1484,7849,64,302427
16694,0.000218,172.31.40.0-255,66,7915,64,302427
16695,0.000242,172.217.194.0-255,2902,10817,64,302427
16696,0.000244,172.31.40.0-255,66,10883,64,302427
16697,0.000249,172.217.194.0-255,2902,13785,64,302427
16698,0.000252,172.31.40.0-255,66,13851,64,302427
16699,0.00028,172.217.194.0-255,2902,16753,64,302427
16700,0.000283,172.31.40.0-255,66,16819,64,302427
16701,0.000286,172.217.194.0-255,1484,18303,64,302427
16702,0.000288,172.31.40.0-255,66,18369,64,302427
16703,0.000293,172.217.194.0-255,2902,21271,64,302427
16704,0.000298,172.31.40.0-255,66,21337,64,302427
16705,0.000334,172.217.194.0-255,4320,25657,64,302427
16706,0.000341,172.31.40.0-255,66,25723,64,302427
16707,0.000342,172.31.40.0-255,66,25789,64,302427
16708,0.000361,172.217.194.0-255,3961,29750,64,302427
16709,0.000364,172.31.40.0-255,66,29816,64,302427
16710,0.00133,172.217.194.0-255,1484,31300,64,302427
16711,0.001336,172.31.40.0-255,66,31366,64,302427
16712,0.001345,172.217.194.0-255,2902,34268,64,302427
16713,0.001346,172.31.40.0-255,66,34334,64,302427
16714,0.001357,172.217.194.0-255,5738,40072,64,302427
16715,0.001358,172.31.40.0-255,66,40138,64,302427
16716,0.001403,172.31.40.0-255,66,40204,64,302427
16717,0.001443,172.217.194.0-255,2902,43106,64,302427
16718,0.001446,172.31.40.0-255,66,43172,64,302427
16719,0.001483,172.31.40.0-255,66,43238,64,302427
16720,0.001495,172.31.40.0-255,66,43304,64,302427
16721,0.001547,172.217.194.0-255,4540,47844,64,302427
16722,0.00155,172.31.40.0-255,66,47910,64,302427
16723,0.001556,172.217.194.0-255,5738,53648,64,302427
16724,0.001558,172.31.40.0-255,66,53714,64,302427
16725,0.001581,172.217.194.0-255,4320,58034,64,302427
16726,0.001583,172.31.40.0-255,66,58100,64,302427
16727,0.00161,172.217.194.0-255,4817,62917,64,302427
16728,0.001613,172.31.40.0-255,66,62983,64,302427
16729,0.001705,172.217.194.0-255,1484,64467,64,302427
16730,0.001723,172.217.194.0-255,2902,67369,64,302427
16731,0.001727,172.31.40.0-255,66,67435,64,302427
16732,0.001733,172.217.194.0-255,5738,73173,64,302427
16733,0.001735,172.31.40.0-255,66,73239,64,302427
16734,0.00174,172.217.194.0-255,4320,77559,64,302427
16735,0.001746,172.31.40.0-255,66,77625,64,302427
16736,0.00179,172.31.40.0-255,66,77691,64,302427
16737,0.001801,172.217.194.0-255,1484,79175,64,302427
16738,0.001821,172.217.194.0-255,3602,82777,64,302427
16739,0.001823,172.31.40.0-255,66,82843,64,302427
16740,0.00202,172.217.194.0-255,1484,84327,64,302427
16741,0.002027,172.217.194.0-255,2902,87229,64,302427
16742,0.002031,172.31.40.0-255,66,87295,64,302427
16743,0.002035,172.217.194.0-255,1484,88779,64,302427
16744,0.002067,172.217.194.0-255,4320,93099,64,302427
16745,0.00207,172.31.40.0-255,66,93165,64,302427
16746,0.002083,172.31.40.0-255,66,93231,64,302427
16747,0.002091,172.217.194.0-255,2902,96133,64,302427
16748,0.002093,172.31.40.0-255,66,96199,64,302427
16749,0.002128,172.31.40.0-255,66,96265,64,302427
16750,0.002164,172.217.194.0-255,1484,97749,64,302427
16751,0.002179,172.217.194.0-255,2902,100651,64,302427
16752,0.002182,172.31.40.0-255,66,100717,64,302427
16753,0.002187,172.217.194.0-255,4320,105037,64,302427
16754,0.002189,172.31.40.0-255,66,105103,64,302427
16755,0.002206,172.217.194.0-255,1484,106587,64,302427
16756,0.002211,172.217.194.0-255,4320,110907,64,302427
16757,0.002213,172.31.40.0-255,66,110973,64,302427
16758,0.002246,172.31.40.0-255,66,111039,64,302427
16759,0.002252,172.217.194.0-255,7156,118195,64,302427
16760,0.002254,172.31.40.0-255,66,118261,64,302427
16761,0.002283,172.217.194.0-255,3602,121863,64,302427
16762,0.002286,172.31.40.0-255,66,121929,64,302427
16763,0.002293,172.217.194.0-255,7156,129085,64,302427
16764,0.002295,172.31.40.0-255,66,129151,64,302427
16765,0.002307,172.217.194.0-255,4320,133471,64,302427
16766,0.002309,172.31.40.0-255,66,133537,64,302427
16767,0.002322,172.31.40.0-255,66,133603,64,302427
16768,0.002329,172.217.194.0-255,1484,135087,64,302427
16769,0.002365,172.31.40.0-255,66,135153,64,302427
16770,0.00475,172.217.194.0-255,5738,140891,64,302427
16771,0.004756,172.31.40.0-255,66,140957,64,302427
16772,0.007155,172.217.194.0-255,5738,146695,64,302427
16773,0.007161,172.31.40.0-255,66,146761,64,302427
16774,0.009533,172.217.194.0-255,5738,152499,64,302427
16775,0.00954,172.31.40.0-255,66,152565,64,302427
16776,0.011919,172.217.194.0-255,5738,158303,64,302427
16777,0.011926,172.31.40.0-255,66,158369,64,302427
16778,0.014319,172.217.194.0-255,5738,164107,64,302427
16779,0.014327,172.31.40.0-255,66,164173,64,302427
16780,0.016683,172.217.194.0-255,5738,169911,64,302427
16781,0.016693,172.31.40.0-255,66,169977,64,302427
16782,0.019092,172.217.194.0-255,5738,175715,64,302427
16783,0.0191,172.31.40.0-255,66,175781,64,302427
16784,0.021487,172.217.194.0-255,5738,181519,64,302427
16785,0.021495,172.31.40.0-255,66,181585,64,302427
16786,0.023885,172.217.194.0-255,5738,187323,64,302427
16787,0.023891,172.31.40.0-255,66,187389,64,302427
16788,0.026267,172.217.194.0-255,5738,193127,64,302427
16789,0.026274,172.31.40.0-255,66,193193,64,302427
16790,0.028622,172.217.194.0-255,5738,198931,64,302427
16791,0.02863,172.31.40.0-255,66,198997,64,302427
16792,0.031012,172.217.194.0-255,5738,204735,64,302427
16793,0.031021,172.31.40.0-255,66,204801,64,302427
16794,0.033417,172.217.194.0-255,5738,210539,64,302427
16795,0.033429,172.31.40.0-255,66,210605,64,302427
16796,0.035797,172.217.194.0-255,5738,216343,64,302427
16797,0.035803,172.31.40.0-255,66,216409,64,302427
16798,0.035951,172.31.40.0-255,172,216581,64,302427
16799,0.035976,172.31.40.0-255,1112,217693,64,302427
16800,0.036014,172.31.40.0-255,1514,219207,64,302427
16801,0.036015,172.31.40.0-255,1296,220503,64,302427
16802,0.037555,104.244.42.0-255,66,220569,64,302427
16803,0.037561,104.244.42.0-255,66,220635,64,302427
16804,0.037585,104.244.42.0-255,66,220701,64,302427
16805,0.038167,172.217.194.0-255,2902,223603,64,302427
16806,0.03817,172.31.40.0-255,66,223669,64,302427
16807,0.038208,172.217.194.0-255,2902,226571,64,302427
16808,0.038211,172.31.40.0-255,66,226637,64,302427
16809,0.040531,172.217.194.0-255,2902,229539,64,302427
16810,0.040552,172.31.40.0-255,66,229605,64,302427
16811,0.040587,172.217.194.0-255,2902,232507,64,302427
16812,0.040592,172.31.40.0-255,66,232573,64,302427
16813,0.042933,172.217.194.0-255,2902,235475,64,302427
16814,0.042939,172.31.40.0-255,66,235541,64,302427
16815,0.042968,172.217.194.0-255,2902,238443,64,302427
16816,0.042971,172.31.40.0-255,66,238509,64,302427
16817,0.045301,172.217.194.0-255,2902,241411,64,302427
16818,0.045307,172.31.40.0-255,66,241477,64,302427
16819,0.045348,172.217.194.0-255,2902,244379,64,302427
16820,0.045351,172.31.40.0-255,66,244445,64,302427
16821,0.047656,172.217.194.0-255,2902,247347,64,302427
16822,0.047664,172.31.40.0-255,66,247413,64,302427
16823,0.047722,172.217.194.0-255,2902,250315,64,302427
16824,0.047726,172.31.40.0-255,66,250381,64,302427
16825,0.050027,172.217.194.0-255,2902,253283,64,302427
16826,0.050031,172.31.40.0-255,66,253349,64,302427
16827,0.050084,172.217.194.0-255,2902,256251,64,302427
16828,0.050089,172.31.40.0-255,66,256317,64,302427
16829,0.052383,172.217.194.0-255,1484,257801,64,302427
16830,0.052415,172.217.194.0-255,1484,259285,64,302427
16831,0.052419,172.31.40.0-255,66,259351,64,302427
16832,0.052471,172.217.194.0-255,2902,262253,64,302427
16833,0.052474,172.31.40.0-255,66,262319,64,302427
16834,0.054815,172.217.194.0-255,2902,265221,64,302427
16835,0.054819,172.31.40.0-255,66,265287,64,302427
16836,0.054856,172.217.194.0-255,1484,266771,64,302427
16837,0.054869,172.217.194.0-255,1484,268255,64,302427
16838,0.054874,172.31.40.0-255,66,268321,64,302427
16839,0.057211,172.217.194.0-255,2902,271223,64,302427
16840,0.057217,172.31.40.0-255,66,271289,64,302427
16841,0.057249,172.217.194.0-255,2902,274191,64,302427
16842,0.057251,172.31.40.0-255,66,274257,64,302427
16843,0.059612,172.217.194.0-255,5738,279995,64,302427
16844,0.059621,172.31.40.0-255,66,280061,64,302427
16845,0.061994,172.217.194.0-255,5738,285799,64,302427
16846,0.062001,172.31.40.0-255,66,285865,64,302427
16847,0.064392,172.217.194.0-255,5738,291603,64,302427
16848,0.064398,172.31.40.0-255,66,291669,64,302427
16849,0.066796,172.217.194.0-255,5738,297407,64,302427
16850,0.066802,172.31.40.0-255,66,297473,64,302427
16851,0.069169,172.217.194.0-255,4717,302190,64,302427
16852,0.069176,172.31.40.0-255,66,302256,64,302427
16853,0.069366,172.31.40.0-255,105,302361,64,302427
16854,0.071678,172.217.194.0-255,66,302427,64,302427
16855,0.0,172.217.194.0-255,153,153,64,225336
16856,2.2e-05,172.31.40.0-255,66,219,64,225336
16857,3e-05,172.217.194.0-255,1484,1703,64,225336
16858,3.4e-05,172.31.40.0-255,66,1769,64,225336
16859,4e-05,172.217.194.0-255,2902,4671,64,225336
16860,5.1e-05,172.31.40.0-255,66,4737,64,225336
16861,5.8e-05,172.217.194.0-255,7156,11893,64,225336
16862,6.1e-05,172.31.40.0-255,66,11959,64,225336
16863,9.9e-05,172.217.194.0-255,2041,14000,64,225336
16864,0.000102,172.31.40.0-255,66,14066,64,225336
16865,0.000107,172.217.194.0-255,2902,16968,64,225336
16866,0.000109,172.31.40.0-255,66,17034,64,225336
16867,0.000135,172.217.194.0-255,7156,24190,64,225336
16868,0.000137,172.31.40.0-255,66,24256,64,225336
16869,0.000141,172.217.194.0-255,2902,27158,64,225336
16870,0.000143,172.31.40.0-255,66,27224,64,225336
16871,0.000167,172.217.194.0-255,3961,31185,64,225336
16872,0.000173,172.31.40.0-255,66,31251,64,225336
16873,0.000242,172.217.194.0-255,1484,32735,64,225336
16874,0.000244,172.31.40.0-255,66,32801,64,225336
16875,0.000264,172.217.194.0-255,2902,35703,64,225336
16876,0.000266,172.31.40.0-255,66,35769,64,225336
16877,0.000272,172.217.194.0-255,5738,41507,64,225336
16878,0.000274,172.31.40.0-255,66,41573,64,225336
16879,0.00029,172.217.194.0-255,1484,43057,64,225336
16880,0.000291,172.31.40.0-255,66,43123,64,225336
16881,0.00032,172.217.194.0-255,5379,48502,64,225336
16882,0.000322,172.31.40.0-255,66,48568,64,225336
16883,0.000369,172.31.40.0-255,66,48634,64,225336
16884,0.000373,172.217.194.0-255,2795,51429,64,225336
16885,0.000375,172.31.40.0-255,66,51495,64,225336
16886,0.000378,172.217.194.0-255,119,51614,64,225336
16887,0.000428,172.217.194.0-255,1484,53098,64,225336
16888,0.000431,172.31.40.0-255,66,53164,64,225336
16889,0.000436,172.217.194.0-255,2902,56066,64,225336
16890,0.000438,172.31.40.0-255,66,56132,64,225336
16891,0.000441,172.217.194.0-255,1484,57616,64,225336
16892,0.000454,172.217.194.0-255,1484,59100,64,225336
16893,0.000456,172.31.40.0-255,66,59166,64,225336
16894,0.000483,172.217.194.0-255,7156,66322,64,225336
16895,0.000486,172.31.40.0-255,66,66388,64,225336
16896,0.000488,172.217.194.0-255,1484,67872,64,225336
16897,0.000536,172.31.40.0-255,66,67938,64,225336
16898,0.000539,172.217.194.0-255,860,68798,64,225336
16899,0.000559,172.217.194.0-255,2902,71700,64,225336
16900,0.000565,172.31.40.0-255,66,71766,64,225336
16901,0.000611,172.31.40.0-255,66,71832,64,225336
16902,0.000614,172.217.194.0-255,1484,73316,64,225336
16903,0.000618,172.217.194.0-255,2902,76218,64,225336
16904,0.00062,172.31.40.0-255,66,76284,64,225336
16905,0.000625,172.217.194.0-255,2902,79186,64,225336
16906,0.000627,172.31.40.0-255,66,79252,64,225336
16907,0.000641,172.217.194.0-255,2902,82154,64,225336
16908,0.000647,172.31.40.0-255,66,82220,64,225336
16909,0.00068,172.217.194.0-255,1484,83704,64,225336
16910,0.000703,172.217.194.0-255,5379,89083,64,225336
16911,0.000706,172.31.40.0-255,66,89149,64,225336
16912,0.000712,172.217.194.0-255,5738,94887,64,225336
16913,0.000715,172.31.40.0-255,66,94953,64,225336
16914,0.000722,172.217.194.0-255,5738,100691,64,225336
16915,0.000724,172.31.40.0-255,66,100757,64,225336
16916,0.000751,172.217.194.0-255,1484,102241,64,225336
16917,0.000767,172.31.40.0-255,66,102307,64,225336
16918,0.000774,172.217.194.0-255,6438,108745,64,225336
16919,0.000777,172.31.40.0-255,66,108811,64,225336
16920,0.000828,172.217.194.0-255,1484,110295,64,225336
16921,0.000846,172.217.194.0-255,2902,113197,64,225336
16922,0.000849,172.31.40.0-255,66,113263,64,225336
16923,0.000884,172.217.194.0-255,5738,119001,64,225336
16924,0.000887,172.31.40.0-255,66,119067,64,225336
16925,0.000894,172.217.194.0-255,5738,124805,64,225336
16926,0.000896,172.31.40.0-255,66,124871,64,225336
16927,0.000934,172.217.194.0-255,3961,128832,64,225336
16928,0.000937,172.31.40.0-255,66,128898,64,225336
16929,0.000943,172.217.194.0-255,4320,133218,64,225336
16930,0.000945,172.31.40.0-255,66,133284,64,225336
16931,0.000958,172.31.40.0-255,66,133350,64,225336
16932,0.00101,172.31.40.0-255,66,133416,64,225336
16933,0.001066,172.217.194.0-255,1484,134900,64,225336
16934,0.001071,172.217.194.0-255,2902,137802,64,225336
16935,0.001074,172.31.40.0-255,66,137868,64,225336
16936,0.001077,172.217.194.0-255,1484,139352,64,225336
16937,0.001106,172.217.194.0-255,4320,143672,64,225336
16938,0.001109,172.31.40.0-255,66,143738,64,225336
16939,0.001133,172.217.194.0-255,1484,145222,64,225336
16940,0.001157,172.217.194.0-255,5379,150601,64,225336
16941,0.001161,172.31.40.0-255,66,150667,64,225336
16942,0.00121,172.217.194.0-255,1484,152151,64,225336
16943,0.001225,172.217.194.0-255,2902,155053,64,225336
16944,0.001228,172.31.40.0-255,66,155119,64,225336
16945,0.001231,172.217.194.0-255,1484,156603,64,225336
16946,0.001262,172.217.194.0-255,4320,160923,64,225336
16947,0.001265,172.31.40.0-255,66,160989,64,225336
16948,0.001283,172.31.40.0-255,66,161055,64,225336
16949,0.001312,172.217.194.0-255,1484,162539,64,225336
16950,0.001324,172.31.40.0-255,66,162605,64,225336
16951,0.001328,172.217.194.0-255,2184,164789,64,225336
16952,0.00133,172.31.40.0-255,66,164855,64,225336
16953,0.001334,172.217.194.0-255,2902,167757,64,225336
16954,0.001336,172.31.40.0-255,66,167823,64,225336
16955,0.001339,172.217.194.0-255,1484,169307,64,225336
16956,0.001362,172.217.194.0-255,5738,175045,64,225336
16957,0.001365,172.31.40.0-255,66,175111,64,225336
16958,0.001371,172.217.194.0-255,4320,179431,64,225336
16959,0.001374,172.31.40.0-255,66,179497,64,225336
16960,0.001419,172.31.40.0-255,66,179563,64,225336
16961,0.001429,172.31.40.0-255,66,179629,64,225336
16962,0.001434,172.217.194.0-255,4320,183949,64,225336
16963,0.001437,172.31.40.0-255,66,184015,64,225336
16964,0.001471,172.217.194.0-255,7156,191171,64,225336
16965,0.001474,172.31.40.0-255,66,191237,64,225336
16966,0.00149,172.31.40.0-255,66,191303,64,225336
16967,0.001501,172.31.40.0-255,66,191369,64,225336
16968,0.001564,172.31.40.0-255,66,191435,64,225336
16969,0.001572,172.217.194.0-255,7156,198591,64,225336
16970,0.001574,172.31.40.0-255,66,198657,64,225336
16971,0.001604,172.31.40.0-255,66,198723,64,225336
16972,0.001628,172.217.194.0-255,6438,205161,64,225336
16973,0.00163,172.31.40.0-255,66,205227,64,225336
16974,0.001634,172.217.194.0-255,1484,206711,64,225336
16975,0.001689,172.31.40.0-255,66,206777,64,225336
16976,0.0017,172.31.40.0-255,66,206843,64,225336
16977,0.001708,172.217.194.0-255,7156,213999,64,225336
16978,0.00171,172.31.40.0-255,66,214065,64,225336
16979,0.001742,172.217.194.0-255,6468,220533,64,225336
16980,0.001745,172.31.40.0-255,66,220599,64,225336
16981,0.001748,172.217.194.0-255,105,220704,64,225336
16982,0.004431,172.31.40.0-255,101,220805,64,225336
16983,0.006673,172.217.194.0-255,66,220871,64,225336
16984,0.016876,172.31.40.0-255,105,220976,64,225336
16985,0.019136,172.217.194.0-255,66,221042,64,225336
16986,0.048549,172.31.40.0-255,172,221214,64,225336
16987,0.048582,172.31.40.0-255,1112,222326,64,225336
16988,0.048759,172.31.40.0-255,1514,223840,64,225336
16989,0.048761,172.31.40.0-255,1298,225138,64,225336
16990,0.050048,104.244.42.0-255,66,225204,64,225336
16991,0.050068,104.244.42.0-255,66,225270,64,225336
16992,0.050279,104.244.42.0-255,66,225336,64,225336
16993,0.0,172.217.194.0-255,146,146,64,365148
16994,2.3e-05,172.31.40.0-255,66,212,64,365148
16995,3.1e-05,172.217.194.0-255,1484,1696,64,365148
16996,3.5e-05,172.31.40.0-255,66,1762,64,365148
16997,4.9e-05,172.217.194.0-255,2902,4664,64,365148
16998,5.3e-05,172.31.40.0-255,66,4730,64,365148
16999,6.1e-05,172.217.194.0-255,7156,11886,64,365148
17000,6.4e-05,172.31.40.0-255,66,11952,64,365148
17001,0.000146,172.217.194.0-255,2144,14096,64,365148
17002,0.00015,172.31.40.0-255,66,14162,64,365148
17003,0.000175,172.217.194.0-255,2902,17064,64,365148
17004,0.000178,172.31.40.0-255,66,17130,64,365148
17005,0.000216,172.217.194.0-255,4320,21450,64,365148
17006,0.000219,172.31.40.0-255,66,21516,64,365148
17007,0.000231,172.217.194.0-255,2902,24418,64,365148
17008,0.000238,172.31.40.0-255,66,24484,64,365148
17009,0.000324,172.217.194.0-255,4320,28804,64,365148
17010,0.000329,172.31.40.0-255,66,28870,64,365148
17011,0.000369,172.31.40.0-255,66,28936,64,365148
17012,0.000532,172.217.194.0-255,1484,30420,64,365148
17013,0.000536,172.31.40.0-255,66,30486,64,365148
17014,0.000566,172.217.194.0-255,6797,37283,64,365148
17015,0.00057,172.31.40.0-255,66,37349,64,365148
17016,0.00065,172.217.194.0-255,4320,41669,64,365148
17017,0.000654,172.31.40.0-255,66,41735,64,365148
17018,0.000684,172.217.194.0-255,5738,47473,64,365148
17019,0.000688,172.31.40.0-255,66,47539,64,365148
17020,0.000788,172.217.194.0-255,4320,51859,64,365148
17021,0.000791,172.31.40.0-255,66,51925,64,365148
17022,0.00082,172.217.194.0-255,2844,54769,64,365148
17023,0.000823,172.31.40.0-255,66,54835,64,365148
17024,0.000874,172.217.194.0-255,376,55211,64,365148
17025,0.000877,172.31.40.0-255,66,55277,64,365148
17026,0.00091,172.31.40.0-255,66,55343,64,365148
17027,0.001034,172.217.194.0-255,5738,61081,64,365148
17028,0.001038,172.31.40.0-255,66,61147,64,365148
17029,0.001085,172.31.40.0-255,66,61213,64,365148
17030,0.001334,172.217.194.0-255,2543,63756,64,365148
17031,0.00134,172.31.40.0-255,66,63822,64,365148
17032,0.001626,172.217.194.0-255,1484,65306,64,365148
17033,0.001637,172.217.194.0-255,2902,68208,64,365148
17034,0.001641,172.31.40.0-255,66,68274,64,365148
17035,0.001675,172.217.194.0-255,5738,74012,64,365148
17036,0.001678,172.31.40.0-255,66,74078,64,365148
17037,0.001751,172.31.40.0-255,66,74144,64,365148
17038,0.00177,172.217.194.0-255,4320,78464,64,365148
17039,0.001773,172.31.40.0-255,66,78530,64,365148
17040,0.001923,172.217.194.0-255,5738,84268,64,365148
17041,0.001928,172.31.40.0-255,66,84334,64,365148
17042,0.00196,172.217.194.0-255,5020,89354,64,365148
17043,0.001963,172.31.40.0-255,66,89420,64,365148
17044,0.003986,172.217.194.0-255,5738,95158,64,365148
17045,0.003994,172.31.40.0-255,66,95224,64,365148
17046,0.006028,172.217.194.0-255,5738,100962,64,365148
17047,0.006033,172.31.40.0-255,66,101028,64,365148
17048,0.00807,172.217.194.0-255,5738,106766,64,365148
17049,0.008076,172.31.40.0-255,66,106832,64,365148
17050,0.010102,172.217.194.0-255,5738,112570,64,365148
17051,0.010109,172.31.40.0-255,66,112636,64,365148
17052,0.012181,172.217.194.0-255,5738,118374,64,365148
17053,0.01219,172.31.40.0-255,66,118440,64,365148
17054,0.014211,172.217.194.0-255,5738,124178,64,365148
17055,0.014223,172.31.40.0-255,66,124244,64,365148
17056,0.016233,172.217.194.0-255,5738,129982,64,365148
17057,0.016241,172.31.40.0-255,66,130048,64,365148
17058,0.018296,172.217.194.0-255,5738,135786,64,365148
17059,0.018307,172.31.40.0-255,66,135852,64,365148
17060,0.02035,172.217.194.0-255,5738,141590,64,365148
17061,0.020359,172.31.40.0-255,66,141656,64,365148
17062,0.02237,172.217.194.0-255,5738,147394,64,365148
17063,0.022377,172.31.40.0-255,66,147460,64,365148
17064,0.024414,172.217.194.0-255,5738,153198,64,365148
17065,0.024421,172.31.40.0-255,66,153264,64,365148
17066,0.026459,172.217.194.0-255,5738,159002,64,365148
17067,0.026467,172.31.40.0-255,66,159068,64,365148
17068,0.028494,172.217.194.0-255,5738,164806,64,365148
17069,0.0285,172.31.40.0-255,66,164872,64,365148
17070,0.029388,172.31.40.0-255,172,165044,64,365148
17071,0.029421,172.31.40.0-255,1112,166156,64,365148
17072,0.029478,172.31.40.0-255,1514,167670,64,365148
17073,0.029479,172.31.40.0-255,1296,168966,64,365148
17074,0.030534,172.217.194.0-255,5738,174704,64,365148
17075,0.030542,172.31.40.0-255,66,174770,64,365148
17076,0.030956,104.244.42.0-255,66,174836,64,365148
17077,0.030993,104.244.42.0-255,66,174902,64,365148
17078,0.031067,104.244.42.0-255,66,174968,64,365148
17079,0.032596,172.217.194.0-255,5738,180706,64,365148
17080,0.032603,172.31.40.0-255,66,180772,64,365148
17081,0.034684,172.217.194.0-255,5738,186510,64,365148
17082,0.034691,172.31.40.0-255,66,186576,64,365148
17083,0.036755,172.217.194.0-255,5738,192314,64,365148
17084,0.036762,172.31.40.0-255,66,192380,64,365148
17085,0.038783,172.217.194.0-255,5738,198118,64,365148
17086,0.038792,172.31.40.0-255,66,198184,64,365148
17087,0.040818,172.217.194.0-255,5738,203922,64,365148
17088,0.040825,172.31.40.0-255,66,203988,64,365148
17089,0.042842,172.217.194.0-255,5738,209726,64,365148
17090,0.042849,172.31.40.0-255,66,209792,64,365148
17091,0.044892,172.217.194.0-255,5738,215530,64,365148
17092,0.044907,172.31.40.0-255,66,215596,64,365148
17093,0.046985,172.217.194.0-255,5738,221334,64,365148
17094,0.046998,172.31.40.0-255,66,221400,64,365148
17095,0.049039,172.217.194.0-255,5738,227138,64,365148
17096,0.049053,172.31.40.0-255,66,227204,64,365148
17097,0.051105,172.217.194.0-255,5738,232942,64,365148
17098,0.051121,172.31.40.0-255,66,233008,64,365148
17099,0.05315,172.217.194.0-255,5738,238746,64,365148
17100,0.053163,172.31.40.0-255,66,238812,64,365148
17101,0.055209,172.217.194.0-255,5738,244550,64,365148
17102,0.055224,172.31.40.0-255,66,244616,64,365148
17103,0.057277,172.217.194.0-255,5738,250354,64,365148
17104,0.057293,172.31.40.0-255,66,250420,64,365148
17105,0.059353,172.217.194.0-255,5738,256158,64,365148
17106,0.059367,172.31.40.0-255,66,256224,64,365148
17107,0.061411,172.217.194.0-255,5738,261962,64,365148
17108,0.061424,172.31.40.0-255,66,262028,64,365148
17109,0.06346,172.217.194.0-255,5738,267766,64,365148
17110,0.063476,172.31.40.0-255,66,267832,64,365148
17111,0.065512,172.217.194.0-255,4320,272152,64,365148
17112,0.065521,172.31.40.0-255,66,272218,64,365148
17113,0.065557,172.217.194.0-255,1484,273702,64,365148
17114,0.067547,172.217.194.0-255,4320,278022,64,365148
17115,0.067561,172.31.40.0-255,66,278088,64,365148
17116,0.069583,172.217.194.0-255,5738,283826,64,365148
17117,0.069599,172.31.40.0-255,66,283892,64,365148
17118,0.071625,172.217.194.0-255,5738,289630,64,365148
17119,0.071639,172.31.40.0-255,66,289696,64,365148
17120,0.07369,172.217.194.0-255,5738,295434,64,365148
17121,0.073705,172.31.40.0-255,66,295500,64,365148
17122,0.075761,172.217.194.0-255,5738,301238,64,365148
17123,0.075777,172.31.40.0-255,66,301304,64,365148
17124,0.077829,172.217.194.0-255,5738,307042,64,365148
17125,0.077839,172.31.40.0-255,66,307108,64,365148
17126,0.079903,172.217.194.0-255,5738,312846,64,365148
17127,0.079921,172.31.40.0-255,66,312912,64,365148
17128,0.081959,172.217.194.0-255,5738,318650,64,365148
17129,0.081973,172.31.40.0-255,66,318716,64,365148
17130,0.083999,172.217.194.0-255,5738,324454,64,365148
17131,0.084013,172.31.40.0-255,66,324520,64,365148
17132,0.086075,172.217.194.0-255,5738,330258,64,365148
17133,0.086088,172.31.40.0-255,66,330324,64,365148
17134,0.088147,172.217.194.0-255,5738,336062,64,365148
17135,0.088165,172.31.40.0-255,66,336128,64,365148
17136,0.090214,172.217.194.0-255,5738,341866,64,365148
17137,0.090228,172.31.40.0-255,66,341932,64,365148
17138,0.092289,172.217.194.0-255,5738,347670,64,365148
17139,0.092296,172.31.40.0-255,66,347736,64,365148
17140,0.094318,172.217.194.0-255,5738,353474,64,365148
17141,0.094325,172.31.40.0-255,66,353540,64,365148
17142,0.096375,172.217.194.0-255,5738,359278,64,365148
17143,0.096383,172.31.40.0-255,66,359344,64,365148
17144,0.098412,172.217.194.0-255,5738,365082,64,365148
17145,0.098418,172.31.40.0-255,66,365148,64,365148
17146,0.0,74.125.24.0-255,147,147,64,358086
17147,2.3e-05,172.31.40.0-255,66,213,64,358086
17148,3e-05,74.125.24.0-255,1484,1697,64,358086
17149,3.4e-05,172.31.40.0-255,66,1763,64,358086
17150,4e-05,74.125.24.0-255,2902,4665,64,358086
17151,4.3e-05,172.31.40.0-255,66,4731,64,358086
17152,5.8e-05,74.125.24.0-255,7156,11887,64,358086
17153,6.2e-05,172.31.40.0-255,66,11953,64,358086
17154,9.6e-05,74.125.24.0-255,2074,14027,64,358086
17155,9.9e-05,172.31.40.0-255,66,14093,64,358086
17156,0.000185,74.125.24.0-255,1484,15577,64,358086
17157,0.000188,172.31.40.0-255,66,15643,64,358086
17158,0.000193,74.125.24.0-255,2902,18545,64,358086
17159,0.000196,172.31.40.0-255,66,18611,64,358086
17160,0.000204,74.125.24.0-255,2902,21513,64,358086
17161,0.000207,172.31.40.0-255,66,21579,64,358086
17162,0.000219,74.125.24.0-255,2902,24481,64,358086
17163,0.000222,172.31.40.0-255,66,24547,64,358086
17164,0.000229,74.125.24.0-255,1484,26031,64,358086
17165,0.000232,172.31.40.0-255,66,26097,64,358086
17166,0.000265,74.125.24.0-255,5379,31476,64,358086
17167,0.000268,172.31.40.0-255,66,31542,64,358086
17168,0.00029,74.125.24.0-255,1484,33026,64,358086
17169,0.000293,172.31.40.0-255,66,33092,64,358086
17170,0.000319,74.125.24.0-255,2902,35994,64,358086
17171,0.000322,172.31.40.0-255,66,36060,64,358086
17172,0.000328,74.125.24.0-255,5738,41798,64,358086
17173,0.000331,172.31.40.0-255,66,41864,64,358086
17174,0.000341,74.125.24.0-255,4320,46184,64,358086
17175,0.000343,172.31.40.0-255,66,46250,64,358086
17176,0.000372,74.125.24.0-255,2543,48793,64,358086
17177,0.000375,172.31.40.0-255,66,48859,64,358086
17178,0.001455,74.125.24.0-255,1484,50343,64,358086
17179,0.001468,74.125.24.0-255,2902,53245,64,358086
17180,0.001473,172.31.40.0-255,66,53311,64,358086
17181,0.001481,74.125.24.0-255,5738,59049,64,358086
17182,0.001485,74.125.24.0-255,1484,60533,64,358086
17183,0.00151,74.125.24.0-255,6797,67330,64,358086
17184,0.001517,74.125.24.0-255,7156,74486,64,358086
17185,0.001528,74.125.24.0-255,1484,75970,64,358086
17186,0.001541,74.125.24.0-255,2902,78872,64,358086
17187,0.001557,74.125.24.0-255,3961,82833,64,358086
17188,0.001581,74.125.24.0-255,7156,89989,64,358086
17189,0.001601,74.125.24.0-255,4320,94309,64,358086
17190,0.001625,74.125.24.0-255,5960,100269,64,358086
17191,0.006231,172.31.40.0-255,66,100335,64,358086
17192,0.008317,74.125.24.0-255,5738,106073,64,358086
17193,0.008325,172.31.40.0-255,66,106139,64,358086
17194,0.010428,74.125.24.0-255,5738,111877,64,358086
17195,0.010436,172.31.40.0-255,66,111943,64,358086
17196,0.012504,74.125.24.0-255,5738,117681,64,358086
17197,0.012954,172.31.40.0-255,66,117747,64,358086
17198,0.014995,74.125.24.0-255,5738,123485,64,358086
17199,0.015007,172.31.40.0-255,66,123551,64,358086
17200,0.017049,74.125.24.0-255,5738,129289,64,358086
17201,0.017058,172.31.40.0-255,66,129355,64,358086
17202,0.019121,74.125.24.0-255,5738,135093,64,358086
17203,0.019129,172.31.40.0-255,66,135159,64,358086
17204,0.021193,74.125.24.0-255,5738,140897,64,358086
17205,0.021201,172.31.40.0-255,66,140963,64,358086
17206,0.023258,74.125.24.0-255,5738,146701,64,358086
17207,0.023266,172.31.40.0-255,66,146767,64,358086
17208,0.025308,74.125.24.0-255,5738,152505,64,358086
17209,0.025321,172.31.40.0-255,66,152571,64,358086
17210,0.027354,74.125.24.0-255,5738,158309,64,358086
17211,0.027362,172.31.40.0-255,66,158375,64,358086
17212,0.029425,74.125.24.0-255,5738,164113,64,358086
17213,0.029433,172.31.40.0-255,66,164179,64,358086
17214,0.031505,74.125.24.0-255,5738,169917,64,358086
17215,0.031515,172.31.40.0-255,66,169983,64,358086
17216,0.033238,172.31.40.0-255,172,170155,64,358086
17217,0.033268,172.31.40.0-255,1112,171267,64,358086
17218,0.033326,172.31.40.0-255,1514,172781,64,358086
17219,0.033328,172.31.40.0-255,1514,174295,64,358086
17220,0.033329,172.31.40.0-255,1514,175809,64,358086
17221,0.03333,172.31.40.0-255,1514,177323,64,358086
17222,0.033356,172.31.40.0-255,1514,178837,64,358086
17223,0.033357,172.31.40.0-255,83,178920,64,358086
17224,0.033532,74.125.24.0-255,4320,183240,64,358086
17225,0.033536,172.31.40.0-255,66,183306,64,358086
17226,0.033561,74.125.24.0-255,1484,184790,64,358086
17227,0.034751,104.244.42.0-255,66,184856,64,358086
17228,0.034854,104.244.42.0-255,66,184922,64,358086
17229,0.034913,104.244.42.0-255,66,184988,64,358086
17230,0.034919,104.244.42.0-255,66,185054,64,358086
17231,0.035596,74.125.24.0-255,4320,189374,64,358086
17232,0.035604,172.31.40.0-255,66,189440,64,358086
17233,0.037686,74.125.24.0-255,5738,195178,64,358086
17234,0.037969,172.31.40.0-255,66,195244,64,358086
17235,0.040001,74.125.24.0-255,5738,200982,64,358086
17236,0.040008,172.31.40.0-255,66,201048,64,358086
17237,0.042046,74.125.24.0-255,5738,206786,64,358086
17238,0.042054,172.31.40.0-255,66,206852,64,358086
17239,0.044105,74.125.24.0-255,5738,212590,64,358086
17240,0.044111,172.31.40.0-255,66,212656,64,358086
17241,0.046176,74.125.24.0-255,5738,218394,64,358086
17242,0.046182,172.31.40.0-255,66,218460,64,358086
17243,0.048238,74.125.24.0-255,5738,224198,64,358086
17244,0.048245,172.31.40.0-255,66,224264,64,358086
17245,0.050307,74.125.24.0-255,5738,230002,64,358086
17246,0.050314,172.31.40.0-255,66,230068,64,358086
17247,0.052403,74.125.24.0-255,5738,235806,64,358086
17248,0.052409,172.31.40.0-255,66,235872,64,358086
17249,0.054462,74.125.24.0-255,5738,241610,64,358086
17250,0.054471,172.31.40.0-255,66,241676,64,358086
17251,0.056513,74.125.24.0-255,2902,244578,64,358086
17252,0.05652,172.31.40.0-255,66,244644,64,358086
17253,0.056547,74.125.24.0-255,2902,247546,64,358086
17254,0.057168,172.31.40.0-255,66,247612,64,358086
17255,0.058549,74.125.24.0-255,2902,250514,64,358086
17256,0.058559,172.31.40.0-255,66,250580,64,358086
17257,0.05925,74.125.24.0-255,2902,253482,64,358086
17258,0.059257,172.31.40.0-255,66,253548,64,358086
17259,0.060632,74.125.24.0-255,2902,256450,64,358086
17260,0.061309,74.125.24.0-255,2902,259352,64,358086
17261,0.064203,172.31.40.0-255,66,259418,64,358086
17262,0.066293,74.125.24.0-255,5738,265156,64,358086
17263,0.066311,172.31.40.0-255,66,265222,64,358086
17264,0.068352,74.125.24.0-255,5738,270960,64,358086
17265,0.068369,172.31.40.0-255,66,271026,64,358086
17266,0.070386,74.125.24.0-255,5738,276764,64,358086
17267,0.070394,172.31.40.0-255,66,276830,64,358086
17268,0.072465,74.125.24.0-255,5738,282568,64,358086
17269,0.072479,172.31.40.0-255,66,282634,64,358086
17270,0.074547,74.125.24.0-255,5738,288372,64,358086
17271,0.074559,172.31.40.0-255,66,288438,64,358086
17272,0.076616,74.125.24.0-255,5738,294176,64,358086
17273,0.076626,172.31.40.0-255,66,294242,64,358086
17274,0.078646,74.125.24.0-255,5738,299980,64,358086
17275,0.078657,172.31.40.0-255,66,300046,64,358086
17276,0.080732,74.125.24.0-255,5738,305784,64,358086
17277,0.080746,172.31.40.0-255,66,305850,64,358086
17278,0.08283,74.125.24.0-255,5738,311588,64,358086
17279,0.08284,172.31.40.0-255,66,311654,64,358086
17280,0.084879,74.125.24.0-255,5738,317392,64,358086
17281,0.084887,172.31.40.0-255,66,317458,64,358086
17282,0.086949,74.125.24.0-255,5738,323196,64,358086
17283,0.086956,172.31.40.0-255,66,323262,64,358086
17284,0.089025,74.125.24.0-255,5738,329000,64,358086
17285,0.089032,172.31.40.0-255,66,329066,64,358086
17286,0.09109,74.125.24.0-255,5738,334804,64,358086
17287,0.091097,172.31.40.0-255,66,334870,64,358086
17288,0.093139,74.125.24.0-255,5738,340608,64,358086
17289,0.093147,172.31.40.0-255,66,340674,64,358086
17290,0.095173,74.125.24.0-255,5738,346412,64,358086
17291,0.09518,172.31.40.0-255,66,346478,64,358086
17292,0.09727,74.125.24.0-255,5738,352216,64,358086
17293,0.097279,172.31.40.0-255,66,352282,64,358086
17294,0.099365,74.125.24.0-255,5738,358020,64,358086
17295,0.099376,172.31.40.0-255,66,358086,64,358086
17296,0.0,74.125.24.0-255,153,153,64,337593
17297,1.4e-05,172.31.40.0-255,66,219,64,337593
17298,2.1e-05,74.125.24.0-255,1484,1703,64,337593
17299,2.4e-05,172.31.40.0-255,66,1769,64,337593
17300,3e-05,74.125.24.0-255,2902,4671,64,337593
17301,4e-05,172.31.40.0-255,66,4737,64,337593
17302,6.3e-05,74.125.24.0-255,7156,11893,64,337593
17303,6.6e-05,172.31.40.0-255,66,11959,64,337593
17304,7.3e-05,74.125.24.0-255,2029,13988,64,337593
17305,7.5e-05,172.31.40.0-255,66,14054,64,337593
17306,8e-05,74.125.24.0-255,2902,16956,64,337593
17307,8.2e-05,172.31.40.0-255,66,17022,64,337593
17308,8.9e-05,74.125.24.0-255,7156,24178,64,337593
17309,9.1e-05,172.31.40.0-255,66,24244,64,337593
17310,0.000123,74.125.24.0-255,6797,31041,64,337593
17311,0.000126,172.31.40.0-255,66,31107,64,337593
17312,0.000208,74.125.24.0-255,1484,32591,64,337593
17313,0.000211,172.31.40.0-255,66,32657,64,337593
17314,0.000215,74.125.24.0-255,2902,35559,64,337593
17315,0.000217,172.31.40.0-255,66,35625,64,337593
17316,0.000244,74.125.24.0-255,5738,41363,64,337593
17317,0.000247,172.31.40.0-255,66,41429,64,337593
17318,0.000289,172.31.40.0-255,66,41495,64,337593
17319,0.0003,172.31.40.0-255,66,41561,64,337593
17320,0.000736,74.125.24.0-255,647,42208,64,337593
17321,0.000741,172.31.40.0-255,66,42274,64,337593
17322,0.000857,74.125.24.0-255,1484,43758,64,337593
17323,0.000862,172.31.40.0-255,66,43824,64,337593
17324,0.000874,74.125.24.0-255,2902,46726,64,337593
17325,0.000879,172.31.40.0-255,66,46792,64,337593
17326,0.000907,74.125.24.0-255,4320,51112,64,337593
17327,0.00091,172.31.40.0-255,66,51178,64,337593
17328,0.001072,172.31.40.0-255,66,51244,64,337593
17329,0.001963,74.125.24.0-255,1484,52728,64,337593
17330,0.001987,74.125.24.0-255,2902,55630,64,337593
17331,0.001991,172.31.40.0-255,66,55696,64,337593
17332,0.002,74.125.24.0-255,5738,61434,64,337593
17333,0.002002,172.31.40.0-255,66,61500,64,337593
17334,0.002021,172.31.40.0-255,66,61566,64,337593
17335,0.002077,172.31.40.0-255,66,61632,64,337593
17336,0.004097,74.125.24.0-255,4320,65952,64,337593
17337,0.0041,172.31.40.0-255,66,66018,64,337593
17338,0.004127,74.125.24.0-255,1484,67502,64,337593
17339,0.006144,74.125.24.0-255,4320,71822,64,337593
17340,0.006149,172.31.40.0-255,66,71888,64,337593
17341,0.008167,74.125.24.0-255,5738,77626,64,337593
17342,0.008174,172.31.40.0-255,66,77692,64,337593
17343,0.010239,74.125.24.0-255,5738,83430,64,337593
17344,0.010247,172.31.40.0-255,66,83496,64,337593
17345,0.012273,74.125.24.0-255,5738,89234,64,337593
17346,0.012282,172.31.40.0-255,66,89300,64,337593
17347,0.014305,74.125.24.0-255,5738,95038,64,337593
17348,0.014314,172.31.40.0-255,66,95104,64,337593
17349,0.016361,74.125.24.0-255,5738,100842,64,337593
17350,0.01637,172.31.40.0-255,66,100908,64,337593
17351,0.018422,74.125.24.0-255,5738,106646,64,337593
17352,0.018429,172.31.40.0-255,66,106712,64,337593
17353,0.020463,74.125.24.0-255,5738,112450,64,337593
17354,0.02047,172.31.40.0-255,66,112516,64,337593
17355,0.022488,74.125.24.0-255,5738,118254,64,337593
17356,0.022496,172.31.40.0-255,66,118320,64,337593
17357,0.024523,74.125.24.0-255,1484,119804,64,337593
17358,0.02456,74.125.24.0-255,4320,124124,64,337593
17359,0.024564,172.31.40.0-255,66,124190,64,337593
17360,0.02526,172.31.40.0-255,172,124362,64,337593
17361,0.025289,172.31.40.0-255,1112,125474,64,337593
17362,0.025339,172.31.40.0-255,1514,126988,64,337593
17363,0.02534,172.31.40.0-255,1296,128284,64,337593
17364,0.026612,74.125.24.0-255,5738,134022,64,337593
17365,0.026618,172.31.40.0-255,66,134088,64,337593
17366,0.026816,104.244.42.0-255,66,134154,64,337593
17367,0.026851,104.244.42.0-255,66,134220,64,337593
17368,0.026904,104.244.42.0-255,66,134286,64,337593
17369,0.028668,74.125.24.0-255,5738,140024,64,337593
17370,0.028676,172.31.40.0-255,66,140090,64,337593
17371,0.030722,74.125.24.0-255,5738,145828,64,337593
17372,0.03073,172.31.40.0-255,66,145894,64,337593
17373,0.032771,74.125.24.0-255,5738,151632,64,337593
17374,0.032779,172.31.40.0-255,66,151698,64,337593
17375,0.03479,74.125.24.0-255,5738,157436,64,337593
17376,0.034796,172.31.40.0-255,66,157502,64,337593
17377,0.036848,74.125.24.0-255,5738,163240,64,337593
17378,0.036854,172.31.40.0-255,66,163306,64,337593
17379,0.038913,74.125.24.0-255,5738,169044,64,337593
17380,0.038919,172.31.40.0-255,66,169110,64,337593
17381,0.04099,74.125.24.0-255,5738,174848,64,337593
17382,0.040996,172.31.40.0-255,66,174914,64,337593
17383,0.043016,74.125.24.0-255,5738,180652,64,337593
17384,0.043023,172.31.40.0-255,66,180718,64,337593
17385,0.045044,74.125.24.0-255,5738,186456,64,337593
17386,0.045053,172.31.40.0-255,66,186522,64,337593
17387,0.04709,74.125.24.0-255,5738,192260,64,337593
17388,0.047097,172.31.40.0-255,66,192326,64,337593
17389,0.049176,74.125.24.0-255,5738,198064,64,337593
17390,0.049184,172.31.40.0-255,66,198130,64,337593
17391,0.051241,74.125.24.0-255,5738,203868,64,337593
17392,0.05125,172.31.40.0-255,66,203934,64,337593
17393,0.053283,74.125.24.0-255,5738,209672,64,337593
17394,0.0533,172.31.40.0-255,66,209738,64,337593
17395,0.055336,74.125.24.0-255,5738,215476,64,337593
17396,0.055352,172.31.40.0-255,66,215542,64,337593
17397,0.057408,74.125.24.0-255,5738,221280,64,337593
17398,0.057421,172.31.40.0-255,66,221346,64,337593
17399,0.059481,74.125.24.0-255,5738,227084,64,337593
17400,0.059493,172.31.40.0-255,66,227150,64,337593
17401,0.06152,74.125.24.0-255,5738,232888,64,337593
17402,0.061528,172.31.40.0-255,66,232954,64,337593
17403,0.063587,74.125.24.0-255,5738,238692,64,337593
17404,0.063611,172.31.40.0-255,66,238758,64,337593
17405,0.065679,74.125.24.0-255,5738,244496,64,337593
17406,0.065694,172.31.40.0-255,66,244562,64,337593
17407,0.067754,74.125.24.0-255,5738,250300,64,337593
17408,0.06777,172.31.40.0-255,66,250366,64,337593
17409,0.069812,74.125.24.0-255,5738,256104,64,337593
17410,0.069819,172.31.40.0-255,66,256170,64,337593
17411,0.071906,74.125.24.0-255,5738,261908,64,337593
17412,0.071922,172.31.40.0-255,66,261974,64,337593
17413,0.073972,74.125.24.0-255,5738,267712,64,337593
17414,0.073986,172.31.40.0-255,66,267778,64,337593
17415,0.076056,74.125.24.0-255,5738,273516,64,337593
17416,0.076072,172.31.40.0-255,66,273582,64,337593
17417,0.078093,74.125.24.0-255,5738,279320,64,337593
17418,0.078104,172.31.40.0-255,66,279386,64,337593
17419,0.080141,74.125.24.0-255,5738,285124,64,337593
17420,0.080154,172.31.40.0-255,66,285190,64,337593
17421,0.082205,74.125.24.0-255,5738,290928,64,337593
17422,0.082221,172.31.40.0-255,66,290994,64,337593
17423,0.084285,74.125.24.0-255,5738,296732,64,337593
17424,0.084299,172.31.40.0-255,66,296798,64,337593
17425,0.086355,74.125.24.0-255,5738,302536,64,337593
17426,0.086373,172.31.40.0-255,66,302602,64,337593
17427,0.08844,74.125.24.0-255,5738,308340,64,337593
17428,0.088455,172.31.40.0-255,66,308406,64,337593
17429,0.090478,74.125.24.0-255,5738,314144,64,337593
17430,0.090491,172.31.40.0-255,66,314210,64,337593
17431,0.092513,74.125.24.0-255,5738,319948,64,337593
17432,0.092521,172.31.40.0-255,66,320014,64,337593
17433,0.094568,74.125.24.0-255,5738,325752,64,337593
17434,0.094582,172.31.40.0-255,66,325818,64,337593
17435,0.094723,172.31.40.0-255,101,325919,64,337593
17436,0.096646,74.125.24.0-255,5738,331657,64,337593
17437,0.09666,172.31.40.0-255,66,331723,64,337593
17438,0.096708,74.125.24.0-255,66,331789,64,337593
17439,0.098711,74.125.24.0-255,5738,337527,64,337593
17440,0.098727,172.31.40.0-255,66,337593,64,337593
17441,0.0,172.217.194.0-255,152,152,64,221493
17442,2.1e-05,172.31.40.0-255,66,218,64,221493
17443,2.8e-05,172.217.194.0-255,1484,1702,64,221493
17444,3.2e-05,172.31.40.0-255,66,1768,64,221493
17445,3.7e-05,172.217.194.0-255,2902,4670,64,221493
17446,4e-05,172.31.40.0-255,66,4736,64,221493
17447,4.7e-05,172.217.194.0-255,7156,11892,64,221493
17448,5e-05,172.31.40.0-255,66,11958,64,221493
17449,7.5e-05,172.217.194.0-255,2020,13978,64,221493
17450,7.8e-05,172.31.40.0-255,66,14044,64,221493
17451,0.000336,172.217.194.0-255,1484,15528,64,221493
17452,0.000341,172.31.40.0-255,66,15594,64,221493
17453,0.000347,172.217.194.0-255,2902,18496,64,221493
17454,0.000349,172.31.40.0-255,66,18562,64,221493
17455,0.000354,172.217.194.0-255,4320,22882,64,221493
17456,0.000356,172.31.40.0-255,66,22948,64,221493
17457,0.000369,172.217.194.0-255,1484,24432,64,221493
17458,0.000371,172.31.40.0-255,66,24498,64,221493
17459,0.000376,172.217.194.0-255,4320,28818,64,221493
17460,0.000378,172.31.40.0-255,66,28884,64,221493
17461,0.000401,172.217.194.0-255,2543,31427,64,221493
17462,0.000403,172.31.40.0-255,66,31493,64,221493
17463,0.000524,172.217.194.0-255,1484,32977,64,221493
17464,0.000528,172.31.40.0-255,66,33043,64,221493
17465,0.000532,172.217.194.0-255,2902,35945,64,221493
17466,0.000534,172.31.40.0-255,66,36011,64,221493
17467,0.000552,172.217.194.0-255,5738,41749,64,221493
17468,0.000555,172.31.40.0-255,66,41815,64,221493
17469,0.000575,172.217.194.0-255,2902,44717,64,221493
17470,0.000577,172.31.40.0-255,66,44783,64,221493
17471,0.000609,172.31.40.0-255,66,44849,64,221493
17472,0.000627,172.217.194.0-255,1484,46333,64,221493
17473,0.000643,172.217.194.0-255,4320,50653,64,221493
17474,0.000646,172.31.40.0-255,66,50719,64,221493
17475,0.000669,172.217.194.0-255,4234,54953,64,221493
17476,0.000672,172.31.40.0-255,66,55019,64,221493
17477,0.000859,172.217.194.0-255,120,55139,64,221493
17478,0.000881,172.217.194.0-255,380,55519,64,221493
17479,0.001006,172.31.40.0-255,66,55585,64,221493
17480,0.001023,172.217.194.0-255,1484,57069,64,221493
17481,0.001028,172.217.194.0-255,2902,59971,64,221493
17482,0.00103,172.31.40.0-255,66,60037,64,221493
17483,0.001071,172.217.194.0-255,5738,65775,64,221493
17484,0.001074,172.31.40.0-255,66,65841,64,221493
17485,0.001079,172.217.194.0-255,4320,70161,64,221493
17486,0.001081,172.31.40.0-255,66,70227,64,221493
17487,0.001104,172.31.40.0-255,66,70293,64,221493
17488,0.001138,172.31.40.0-255,66,70359,64,221493
17489,0.001153,172.217.194.0-255,766,71125,64,221493
17490,0.001156,172.217.194.0-255,1484,72609,64,221493
17491,0.001158,172.31.40.0-255,66,72675,64,221493
17492,0.001163,172.217.194.0-255,2902,75577,64,221493
17493,0.001165,172.31.40.0-255,66,75643,64,221493
17494,0.001169,172.217.194.0-255,1484,77127,64,221493
17495,0.001185,172.217.194.0-255,4320,81447,64,221493
17496,0.001188,172.31.40.0-255,66,81513,64,221493
17497,0.001223,172.31.40.0-255,66,81579,64,221493
17498,0.001268,172.31.40.0-255,66,81645,64,221493
17499,0.001307,172.31.40.0-255,66,81711,64,221493
17500,0.001329,172.217.194.0-255,4320,86031,64,221493
17501,0.001332,172.31.40.0-255,66,86097,64,221493
17502,0.001337,172.217.194.0-255,4320,90417,64,221493
17503,0.001341,172.31.40.0-255,66,90483,64,221493
17504,0.001347,172.217.194.0-255,5738,96221,64,221493
17505,0.001349,172.31.40.0-255,66,96287,64,221493
17506,0.001387,172.217.194.0-255,5738,102025,64,221493
17507,0.00139,172.31.40.0-255,66,102091,64,221493
17508,0.001411,172.217.194.0-255,3602,105693,64,221493
17509,0.001414,172.31.40.0-255,66,105759,64,221493
17510,0.001435,172.217.194.0-255,1484,107243,64,221493
17511,0.00144,172.217.194.0-255,2902,110145,64,221493
17512,0.001442,172.31.40.0-255,66,110211,64,221493
17513,0.001449,172.217.194.0-255,5738,115949,64,221493
17514,0.001451,172.31.40.0-255,66,116015,64,221493
17515,0.001458,172.217.194.0-255,5738,121753,64,221493
17516,0.00146,172.31.40.0-255,66,121819,64,221493
17517,0.001487,172.217.194.0-255,5738,127557,64,221493
17518,0.00149,172.31.40.0-255,66,127623,64,221493
17519,0.001514,172.217.194.0-255,5738,133361,64,221493
17520,0.001517,172.31.40.0-255,66,133427,64,221493
17521,0.001551,172.31.40.0-255,66,133493,64,221493
17522,0.001562,172.31.40.0-255,66,133559,64,221493
17523,0.001583,172.217.194.0-255,7156,140715,64,221493
17524,0.001586,172.31.40.0-255,66,140781,64,221493
17525,0.001616,172.31.40.0-255,66,140847,64,221493
17526,0.001652,172.217.194.0-255,1484,142331,64,221493
17527,0.001666,172.217.194.0-255,2902,145233,64,221493
17528,0.001668,172.31.40.0-255,66,145299,64,221493
17529,0.001673,172.217.194.0-255,2902,148201,64,221493
17530,0.001675,172.31.40.0-255,66,148267,64,221493
17531,0.00169,172.217.194.0-255,2902,151169,64,221493
17532,0.001692,172.31.40.0-255,66,151235,64,221493
17533,0.001697,172.217.194.0-255,4320,155555,64,221493
17534,0.0017,172.31.40.0-255,66,155621,64,221493
17535,0.001747,172.31.40.0-255,66,155687,64,221493
17536,0.00176,172.31.40.0-255,66,155753,64,221493
17537,0.00178,172.217.194.0-255,7156,162909,64,221493
17538,0.001783,172.31.40.0-255,66,162975,64,221493
17539,0.001814,172.31.40.0-255,66,163041,64,221493
17540,0.001863,172.217.194.0-255,7156,170197,64,221493
17541,0.001866,172.31.40.0-255,66,170263,64,221493
17542,0.001892,172.217.194.0-255,766,171029,64,221493
17543,0.001905,172.31.40.0-255,66,171095,64,221493
17544,0.001923,172.31.40.0-255,66,171161,64,221493
17545,0.001929,172.217.194.0-255,6438,177599,64,221493
17546,0.001931,172.31.40.0-255,66,177665,64,221493
17547,0.001955,172.217.194.0-255,1484,179149,64,221493
17548,0.00197,172.217.194.0-255,5738,184887,64,221493
17549,0.001973,172.31.40.0-255,66,184953,64,221493
17550,0.001976,172.217.194.0-255,1484,186437,64,221493
17551,0.001996,172.217.194.0-255,7156,193593,64,221493
17552,0.001999,172.31.40.0-255,66,193659,64,221493
17553,0.002015,172.217.194.0-255,5738,199397,64,221493
17554,0.002017,172.31.40.0-255,66,199463,64,221493
17555,0.002046,172.217.194.0-255,766,200229,64,221493
17556,0.00207,172.217.194.0-255,4320,204549,64,221493
17557,0.002079,172.31.40.0-255,66,204615,64,221493
17558,0.002114,172.217.194.0-255,4320,208935,64,221493
17559,0.002148,172.217.194.0-255,6877,215812,64,221493
17560,0.002154,172.31.40.0-255,66,215878,64,221493
17561,0.002166,172.217.194.0-255,105,215983,64,221493
17562,0.010151,172.31.40.0-255,66,216049,64,221493
17563,0.010196,172.31.40.0-255,105,216154,64,221493
17564,0.012453,172.217.194.0-255,66,216220,64,221493
17565,0.033416,172.31.40.0-255,176,216396,64,221493
17566,0.033449,172.31.40.0-255,1111,217507,64,221493
17567,0.033514,172.31.40.0-255,1514,219021,64,221493
17568,0.033515,172.31.40.0-255,1514,220535,64,221493
17569,0.033539,172.31.40.0-255,694,221229,64,221493
17570,0.03495,104.244.42.0-255,66,221295,64,221493
17571,0.034981,104.244.42.0-255,66,221361,64,221493
17572,0.035093,104.244.42.0-255,66,221427,64,221493
17573,0.035106,104.244.42.0-255,66,221493,64,221493
17574,0.0,74.125.68.0-255,153,153,64,252792
17575,2.2e-05,172.31.40.0-255,66,219,64,252792
17576,3e-05,74.125.68.0-255,1484,1703,64,252792
17577,3.5e-05,172.31.40.0-255,66,1769,64,252792
17578,4.9e-05,74.125.68.0-255,2902,4671,64,252792
17579,5.1e-05,172.31.40.0-255,66,4737,64,252792
17580,0.000101,74.125.68.0-255,4320,9057,64,252792
17581,0.000104,172.31.40.0-255,66,9123,64,252792
17582,0.000224,74.125.68.0-255,5738,14861,64,252792
17583,0.000229,172.31.40.0-255,66,14927,64,252792
17584,0.000255,74.125.68.0-255,3556,18483,64,252792
17585,0.000259,172.31.40.0-255,66,18549,64,252792
17586,0.000509,172.31.40.0-255,66,18615,64,252792
17587,0.000842,172.31.40.0-255,66,18681,64,252792
17588,0.00087,74.125.68.0-255,2902,21583,64,252792
17589,0.000873,172.31.40.0-255,66,21649,64,252792
17590,0.001219,172.31.40.0-255,66,21715,64,252792
17591,0.001258,172.31.40.0-255,66,21781,64,252792
17592,0.001927,74.125.68.0-255,7156,28937,64,252792
17593,0.001935,172.31.40.0-255,66,29003,64,252792
17594,0.001994,172.31.40.0-255,66,29069,64,252792
17595,0.002739,74.125.68.0-255,4320,33389,64,252792
17596,0.002742,172.31.40.0-255,66,33455,64,252792
17597,0.002793,172.31.40.0-255,66,33521,64,252792
17598,0.003756,74.125.68.0-255,7156,40677,64,252792
17599,0.00376,172.31.40.0-255,66,40743,64,252792
17600,0.00638,172.31.40.0-255,66,40809,64,252792
17601,0.00889,74.125.68.0-255,5738,46547,64,252792
17602,0.008899,172.31.40.0-255,66,46613,64,252792
17603,0.011407,74.125.68.0-255,5738,52351,64,252792
17604,0.011859,172.31.40.0-255,66,52417,64,252792
17605,0.014373,74.125.68.0-255,2902,55319,64,252792
17606,0.014382,172.31.40.0-255,66,55385,64,252792
17607,0.014408,74.125.68.0-255,2902,58287,64,252792
17608,0.014436,172.31.40.0-255,66,58353,64,252792
17609,0.016894,74.125.68.0-255,2902,61255,64,252792
17610,0.016902,172.31.40.0-255,66,61321,64,252792
17611,0.016946,74.125.68.0-255,2902,64223,64,252792
17612,0.016972,172.31.40.0-255,66,64289,64,252792
17613,0.01942,74.125.68.0-255,2902,67191,64,252792
17614,0.019428,172.31.40.0-255,66,67257,64,252792
17615,0.019473,74.125.68.0-255,2902,70159,64,252792
17616,0.019497,172.31.40.0-255,66,70225,64,252792
17617,0.021923,74.125.68.0-255,2902,73127,64,252792
17618,0.021931,172.31.40.0-255,66,73193,64,252792
17619,0.021993,74.125.68.0-255,2902,76095,64,252792
17620,0.022036,172.31.40.0-255,66,76161,64,252792
17621,0.024459,74.125.68.0-255,2902,79063,64,252792
17622,0.024471,172.31.40.0-255,66,79129,64,252792
17623,0.024533,74.125.68.0-255,2902,82031,64,252792
17624,0.024541,172.31.40.0-255,66,82097,64,252792
17625,0.026983,74.125.68.0-255,2902,84999,64,252792
17626,0.026991,172.31.40.0-255,66,85065,64,252792
17627,0.027031,74.125.68.0-255,2902,87967,64,252792
17628,0.027058,172.31.40.0-255,66,88033,64,252792
17629,0.02766,172.31.40.0-255,171,88204,64,252792
17630,0.027687,172.31.40.0-255,1137,89341,64,252792
17631,0.027734,172.31.40.0-255,1514,90855,64,252792
17632,0.027735,172.31.40.0-255,1271,92126,64,252792
17633,0.029216,104.244.42.0-255,66,92192,64,252792
17634,0.029259,104.244.42.0-255,66,92258,64,252792
17635,0.029298,104.244.42.0-255,66,92324,64,252792
17636,0.029487,74.125.68.0-255,2902,95226,64,252792
17637,0.029492,172.31.40.0-255,66,95292,64,252792
17638,0.029533,74.125.68.0-255,1484,96776,64,252792
17639,0.029544,74.125.68.0-255,1484,98260,64,252792
17640,0.029569,172.31.40.0-255,66,98326,64,252792
17641,0.032005,74.125.68.0-255,2902,101228,64,252792
17642,0.032017,172.31.40.0-255,66,101294,64,252792
17643,0.032064,74.125.68.0-255,2902,104196,64,252792
17644,0.032096,172.31.40.0-255,66,104262,64,252792
17645,0.034534,74.125.68.0-255,2902,107164,64,252792
17646,0.034544,172.31.40.0-255,66,107230,64,252792
17647,0.034592,74.125.68.0-255,2902,110132,64,252792
17648,0.034618,172.31.40.0-255,66,110198,64,252792
17649,0.037058,74.125.68.0-255,2902,113100,64,252792
17650,0.037071,172.31.40.0-255,66,113166,64,252792
17651,0.03712,74.125.68.0-255,2902,116068,64,252792
17652,0.037151,172.31.40.0-255,66,116134,64,252792
17653,0.039606,74.125.68.0-255,2902,119036,64,252792
17654,0.039616,172.31.40.0-255,66,119102,64,252792
17655,0.039665,74.125.68.0-255,2902,122004,64,252792
17656,0.039688,172.31.40.0-255,66,122070,64,252792
17657,0.042132,74.125.68.0-255,2902,124972,64,252792
17658,0.042139,172.31.40.0-255,66,125038,64,252792
17659,0.042183,74.125.68.0-255,2902,127940,64,252792
17660,0.04466,74.125.68.0-255,2902,130842,64,252792
17661,0.04621,172.31.40.0-255,66,130908,64,252792
17662,0.048731,74.125.68.0-255,5738,136646,64,252792
17663,0.048748,172.31.40.0-255,66,136712,64,252792
17664,0.051274,74.125.68.0-255,5738,142450,64,252792
17665,0.05129,172.31.40.0-255,66,142516,64,252792
17666,0.053828,74.125.68.0-255,5738,148254,64,252792
17667,0.053842,172.31.40.0-255,66,148320,64,252792
17668,0.056372,74.125.68.0-255,5738,154058,64,252792
17669,0.05639,172.31.40.0-255,66,154124,64,252792
17670,0.058905,74.125.68.0-255,5738,159862,64,252792
17671,0.058922,172.31.40.0-255,66,159928,64,252792
17672,0.061451,74.125.68.0-255,5738,165666,64,252792
17673,0.06147,172.31.40.0-255,66,165732,64,252792
17674,0.063988,74.125.68.0-255,5738,171470,64,252792
17675,0.064006,172.31.40.0-255,66,171536,64,252792
17676,0.066529,74.125.68.0-255,5738,177274,64,252792
17677,0.066547,172.31.40.0-255,66,177340,64,252792
17678,0.069096,74.125.68.0-255,5738,183078,64,252792
17679,0.069106,172.31.40.0-255,66,183144,64,252792
17680,0.071629,74.125.68.0-255,5738,188882,64,252792
17681,0.071648,172.31.40.0-255,66,188948,64,252792
17682,0.074157,74.125.68.0-255,5738,194686,64,252792
17683,0.074174,172.31.40.0-255,66,194752,64,252792
17684,0.076691,74.125.68.0-255,5738,200490,64,252792
17685,0.076709,172.31.40.0-255,66,200556,64,252792
17686,0.079324,74.125.68.0-255,5738,206294,64,252792
17687,0.079337,172.31.40.0-255,66,206360,64,252792
17688,0.081857,74.125.68.0-255,5738,212098,64,252792
17689,0.081863,172.31.40.0-255,66,212164,64,252792
17690,0.084385,74.125.68.0-255,5738,217902,64,252792
17691,0.084395,172.31.40.0-255,66,217968,64,252792
17692,0.086913,74.125.68.0-255,5738,223706,64,252792
17693,0.08692,172.31.40.0-255,66,223772,64,252792
17694,0.089435,74.125.68.0-255,5738,229510,64,252792
17695,0.089442,172.31.40.0-255,66,229576,64,252792
17696,0.091957,74.125.68.0-255,5738,235314,64,252792
17697,0.091963,172.31.40.0-255,66,235380,64,252792
17698,0.094479,74.125.68.0-255,5738,241118,64,252792
17699,0.094486,172.31.40.0-255,66,241184,64,252792
17700,0.096993,74.125.68.0-255,5738,246922,64,252792
17701,0.096999,172.31.40.0-255,66,246988,64,252792
17702,0.099516,74.125.68.0-255,5738,252726,64,252792
17703,0.099523,172.31.40.0-255,66,252792,64,252792
17704,0.0,74.125.24.0-255,150,150,64,343139
17705,3.7e-05,172.31.40.0-255,66,216,64,343139
17706,4.4e-05,74.125.24.0-255,1484,1700,64,343139
17707,4.9e-05,172.31.40.0-255,66,1766,64,343139
17708,5.4e-05,74.125.24.0-255,2902,4668,64,343139
17709,5.8e-05,172.31.40.0-255,66,4734,64,343139
17710,6.2e-05,74.125.24.0-255,2902,7636,64,343139
17711,6.5e-05,172.31.40.0-255,66,7702,64,343139
17712,7.7e-05,172.31.40.0-255,66,7768,64,343139
17713,9.1e-05,172.31.40.0-255,66,7834,64,343139
17714,9.5e-05,74.125.24.0-255,2543,10377,64,343139
17715,9.7e-05,172.31.40.0-255,66,10443,64,343139
17716,0.000212,74.125.24.0-255,1484,11927,64,343139
17717,0.000217,172.31.40.0-255,66,11993,64,343139
17718,0.000235,74.125.24.0-255,1484,13477,64,343139
17719,0.000237,172.31.40.0-255,66,13543,64,343139
17720,0.000249,74.125.24.0-255,1484,15027,64,343139
17721,0.000252,172.31.40.0-255,66,15093,64,343139
17722,0.000263,74.125.24.0-255,1484,16577,64,343139
17723,0.000265,172.31.40.0-255,66,16643,64,343139
17724,0.000285,74.125.24.0-255,4320,20963,64,343139
17725,0.000288,172.31.40.0-255,66,21029,64,343139
17726,0.000292,74.125.24.0-255,2902,23931,64,343139
17727,0.000295,172.31.40.0-255,66,23997,64,343139
17728,0.000308,172.31.40.0-255,66,24063,64,343139
17729,0.000342,172.31.40.0-255,66,24129,64,343139
17730,0.000361,74.125.24.0-255,1431,25560,64,343139
17731,0.000363,172.31.40.0-255,66,25626,64,343139
17732,0.000366,74.125.24.0-255,115,25741,64,343139
17733,0.000474,74.125.24.0-255,1484,27225,64,343139
17734,0.000478,172.31.40.0-255,66,27291,64,343139
17735,0.000482,74.125.24.0-255,2902,30193,64,343139
17736,0.000485,172.31.40.0-255,66,30259,64,343139
17737,0.000503,74.125.24.0-255,4320,34579,64,343139
17738,0.000506,172.31.40.0-255,66,34645,64,343139
17739,0.000523,74.125.24.0-255,1484,36129,64,343139
17740,0.00053,74.125.24.0-255,6797,42926,64,343139
17741,0.000532,172.31.40.0-255,66,42992,64,343139
17742,0.000548,74.125.24.0-255,4320,47312,64,343139
17743,0.000551,172.31.40.0-255,66,47378,64,343139
17744,0.000567,74.125.24.0-255,2902,50280,64,343139
17745,0.00057,172.31.40.0-255,66,50346,64,343139
17746,0.000595,74.125.24.0-255,5738,56084,64,343139
17747,0.000598,172.31.40.0-255,66,56150,64,343139
17748,0.000612,74.125.24.0-255,1484,57634,64,343139
17749,0.000615,74.125.24.0-255,1484,59118,64,343139
17750,0.000617,172.31.40.0-255,66,59184,64,343139
17751,0.000634,74.125.24.0-255,1367,60551,64,343139
17752,0.000878,74.125.24.0-255,1484,62035,64,343139
17753,0.000883,172.31.40.0-255,66,62101,64,343139
17754,0.000888,74.125.24.0-255,2902,65003,64,343139
17755,0.00089,172.31.40.0-255,66,65069,64,343139
17756,0.000923,74.125.24.0-255,1484,66553,64,343139
17757,0.000945,74.125.24.0-255,4320,70873,64,343139
17758,0.000959,172.31.40.0-255,66,70939,64,343139
17759,0.000969,172.31.40.0-255,66,71005,64,343139
17760,0.000975,74.125.24.0-255,5738,76743,64,343139
17761,0.000977,172.31.40.0-255,66,76809,64,343139
17762,0.001007,74.125.24.0-255,5020,81829,64,343139
17763,0.00101,172.31.40.0-255,66,81895,64,343139
17764,0.001942,74.125.24.0-255,1484,83379,64,343139
17765,0.001953,74.125.24.0-255,2902,86281,64,343139
17766,0.001957,172.31.40.0-255,66,86347,64,343139
17767,0.001965,74.125.24.0-255,5738,92085,64,343139
17768,0.001968,172.31.40.0-255,66,92151,64,343139
17769,0.001973,74.125.24.0-255,2902,95053,64,343139
17770,0.001975,172.31.40.0-255,66,95119,64,343139
17771,0.002007,74.125.24.0-255,4320,99439,64,343139
17772,0.00201,172.31.40.0-255,66,99505,64,343139
17773,0.002022,172.31.40.0-255,66,99571,64,343139
17774,0.002037,74.125.24.0-255,5738,105309,64,343139
17775,0.00204,172.31.40.0-255,66,105375,64,343139
17776,0.002044,74.125.24.0-255,2184,107559,64,343139
17777,0.002045,172.31.40.0-255,66,107625,64,343139
17778,0.002077,74.125.24.0-255,4320,111945,64,343139
17779,0.00208,172.31.40.0-255,66,112011,64,343139
17780,0.002113,172.31.40.0-255,66,112077,64,343139
17781,0.002119,74.125.24.0-255,4320,116397,64,343139
17782,0.002121,172.31.40.0-255,66,116463,64,343139
17783,0.002143,74.125.24.0-255,7156,123619,64,343139
17784,0.002146,172.31.40.0-255,66,123685,64,343139
17785,0.002151,74.125.24.0-255,3602,127287,64,343139
17786,0.002153,172.31.40.0-255,66,127353,64,343139
17787,0.004195,74.125.24.0-255,5738,133091,64,343139
17788,0.004202,172.31.40.0-255,66,133157,64,343139
17789,0.00622,74.125.24.0-255,5738,138895,64,343139
17790,0.006223,172.31.40.0-255,66,138961,64,343139
17791,0.008273,74.125.24.0-255,5738,144699,64,343139
17792,0.00828,172.31.40.0-255,66,144765,64,343139
17793,0.010312,74.125.24.0-255,5738,150503,64,343139
17794,0.010319,172.31.40.0-255,66,150569,64,343139
17795,0.01237,74.125.24.0-255,5738,156307,64,343139
17796,0.012378,172.31.40.0-255,66,156373,64,343139
17797,0.014428,74.125.24.0-255,5738,162111,64,343139
17798,0.014439,172.31.40.0-255,66,162177,64,343139
17799,0.016479,74.125.24.0-255,5738,167915,64,343139
17800,0.016488,172.31.40.0-255,66,167981,64,343139
17801,0.018538,74.125.24.0-255,5738,173719,64,343139
17802,0.018546,172.31.40.0-255,66,173785,64,343139
17803,0.020604,74.125.24.0-255,5738,179523,64,343139
17804,0.020612,172.31.40.0-255,66,179589,64,343139
17805,0.022678,74.125.24.0-255,5738,185327,64,343139
17806,0.022694,172.31.40.0-255,66,185393,64,343139
17807,0.024751,74.125.24.0-255,5738,191131,64,343139
17808,0.024761,172.31.40.0-255,66,191197,64,343139
17809,0.026835,74.125.24.0-255,5738,196935,64,343139
17810,0.026849,172.31.40.0-255,66,197001,64,343139
17811,0.028892,74.125.24.0-255,5738,202739,64,343139
17812,0.02891,172.31.40.0-255,66,202805,64,343139
17813,0.030968,74.125.24.0-255,5738,208543,64,343139
17814,0.030983,172.31.40.0-255,66,208609,64,343139
17815,0.033039,74.125.24.0-255,5738,214347,64,343139
17816,0.033047,172.31.40.0-255,66,214413,64,343139
17817,0.035137,74.125.24.0-255,5738,220151,64,343139
17818,0.035149,172.31.40.0-255,66,220217,64,343139
17819,0.037167,74.125.24.0-255,5738,225955,64,343139
17820,0.037181,172.31.40.0-255,66,226021,64,343139
17821,0.039239,74.125.24.0-255,5738,231759,64,343139
17822,0.039246,172.31.40.0-255,66,231825,64,343139
17823,0.041275,74.125.24.0-255,5738,237563,64,343139
17824,0.041288,172.31.40.0-255,66,237629,64,343139
17825,0.043338,74.125.24.0-255,5738,243367,64,343139
17826,0.043347,172.31.40.0-255,66,243433,64,343139
17827,0.045389,74.125.24.0-255,5738,249171,64,343139
17828,0.045399,172.31.40.0-255,66,249237,64,343139
17829,0.047495,74.125.24.0-255,5738,254975,64,343139
17830,0.047511,172.31.40.0-255,66,255041,64,343139
17831,0.048792,172.31.40.0-255,172,255213,64,343139
17832,0.048823,172.31.40.0-255,1113,256326,64,343139
17833,0.048879,172.31.40.0-255,1514,257840,64,343139
17834,0.048881,172.31.40.0-255,1295,259135,64,343139
17835,0.04955,74.125.24.0-255,5738,264873,64,343139
17836,0.049557,172.31.40.0-255,66,264939,64,343139
17837,0.050303,104.244.42.0-255,66,265005,64,343139
17838,0.050352,104.244.42.0-255,66,265071,64,343139
17839,0.050418,104.244.42.0-255,66,265137,64,343139
17840,0.051603,74.125.24.0-255,5738,270875,64,343139
17841,0.051612,172.31.40.0-255,66,270941,64,343139
17842,0.053705,74.125.24.0-255,5738,276679,64,343139
17843,0.05372,172.31.40.0-255,66,276745,64,343139
17844,0.055769,74.125.24.0-255,5738,282483,64,343139
17845,0.055785,172.31.40.0-255,66,282549,64,343139
17846,0.057837,74.125.24.0-255,5738,288287,64,343139
17847,0.057843,172.31.40.0-255,66,288353,64,343139
17848,0.059887,74.125.24.0-255,5738,294091,64,343139
17849,0.059898,172.31.40.0-255,66,294157,64,343139
17850,0.061983,74.125.24.0-255,5738,299895,64,343139
17851,0.062,172.31.40.0-255,66,299961,64,343139
17852,0.064096,74.125.24.0-255,5738,305699,64,343139
17853,0.064114,172.31.40.0-255,66,305765,64,343139
17854,0.066185,74.125.24.0-255,5738,311503,64,343139
17855,0.066204,172.31.40.0-255,66,311569,64,343139
17856,0.068263,74.125.24.0-255,5738,317307,64,343139
17857,0.068281,172.31.40.0-255,66,317373,64,343139
17858,0.070363,74.125.24.0-255,5738,323111,64,343139
17859,0.070381,172.31.40.0-255,66,323177,64,343139
17860,0.072448,74.125.24.0-255,5738,328915,64,343139
17861,0.072464,172.31.40.0-255,66,328981,64,343139
17862,0.074553,74.125.24.0-255,5738,334719,64,343139
17863,0.07457,172.31.40.0-255,66,334785,64,343139
17864,0.07662,74.125.24.0-255,5738,340523,64,343139
17865,0.076627,172.31.40.0-255,66,340589,64,343139
17866,0.078707,74.125.24.0-255,2313,342902,64,343139
17867,0.078716,172.31.40.0-255,66,342968,64,343139
17868,0.078941,172.31.40.0-255,105,343073,64,343139
17869,0.08098,74.125.24.0-255,66,343139,64,343139
17870,0.0,172.217.160.0-255,152,152,64,376365
17871,2.1e-05,172.31.40.0-255,66,218,64,376365
17872,2.8e-05,172.217.160.0-255,1484,1702,64,376365
17873,3.3e-05,172.31.40.0-255,66,1768,64,376365
17874,4e-05,172.217.160.0-255,2902,4670,64,376365
17875,4.4e-05,172.31.40.0-255,66,4736,64,376365
17876,5.1e-05,172.217.160.0-255,7156,11892,64,376365
17877,5.4e-05,172.31.40.0-255,66,11958,64,376365
17878,5.8e-05,172.217.160.0-255,2023,13981,64,376365
17879,6.2e-05,172.31.40.0-255,66,14047,64,376365
17880,8.8e-05,172.31.40.0-255,66,14113,64,376365
17881,0.000106,172.217.160.0-255,2902,17015,64,376365
17882,0.000109,172.31.40.0-255,66,17081,64,376365
17883,0.000127,172.217.160.0-255,4320,21401,64,376365
17884,0.00013,172.31.40.0-255,66,21467,64,376365
17885,0.000144,172.217.160.0-255,1125,22592,64,376365
17886,0.000146,172.31.40.0-255,66,22658,64,376365
17887,0.000357,172.217.160.0-255,1484,24142,64,376365
17888,0.000362,172.31.40.0-255,66,24208,64,376365
17889,0.000367,172.217.160.0-255,2902,27110,64,376365
17890,0.000369,172.31.40.0-255,66,27176,64,376365
17891,0.000375,172.217.160.0-255,5738,32914,64,376365
17892,0.000377,172.31.40.0-255,66,32980,64,376365
17893,0.00038,172.217.160.0-255,1484,34464,64,376365
17894,0.000382,172.31.40.0-255,66,34530,64,376365
17895,0.000404,172.217.160.0-255,2902,37432,64,376365
17896,0.000406,172.31.40.0-255,66,37498,64,376365
17897,0.000426,172.217.160.0-255,1484,38982,64,376365
17898,0.000429,172.31.40.0-255,66,39048,64,376365
17899,0.000461,172.31.40.0-255,66,39114,64,376365
17900,0.000479,172.217.160.0-255,2902,42016,64,376365
17901,0.000498,172.217.160.0-255,6797,48813,64,376365
17902,0.000503,172.31.40.0-255,66,48879,64,376365
17903,0.000522,172.217.160.0-255,333,49212,64,376365
17904,0.00086,172.31.40.0-255,66,49278,64,376365
17905,0.001543,172.217.160.0-255,409,49687,64,376365
17906,0.001664,172.217.160.0-255,1484,51171,64,376365
17907,0.002497,172.217.160.0-255,2902,54073,64,376365
17908,0.006425,172.31.40.0-255,66,54139,64,376365
17909,0.008076,172.217.160.0-255,5738,59877,64,376365
17910,0.010013,172.31.40.0-255,66,59943,64,376365
17911,0.011667,172.217.160.0-255,5738,65681,64,376365
17912,0.011677,172.31.40.0-255,66,65747,64,376365
17913,0.013326,172.217.160.0-255,5738,71485,64,376365
17914,0.013337,172.31.40.0-255,66,71551,64,376365
17915,0.01499,172.217.160.0-255,5738,77289,64,376365
17916,0.014998,172.31.40.0-255,66,77355,64,376365
17917,0.016653,172.217.160.0-255,5738,83093,64,376365
17918,0.016659,172.31.40.0-255,66,83159,64,376365
17919,0.018304,172.217.160.0-255,5738,88897,64,376365
17920,0.018311,172.31.40.0-255,66,88963,64,376365
17921,0.01996,172.217.160.0-255,5738,94701,64,376365
17922,0.019967,172.31.40.0-255,66,94767,64,376365
17923,0.021615,172.217.160.0-255,5738,100505,64,376365
17924,0.021621,172.31.40.0-255,66,100571,64,376365
17925,0.023267,172.217.160.0-255,5738,106309,64,376365
17926,0.023272,172.31.40.0-255,66,106375,64,376365
17927,0.02406,172.31.40.0-255,172,106547,64,376365
17928,0.024086,172.31.40.0-255,1112,107659,64,376365
17929,0.024139,172.31.40.0-255,1514,109173,64,376365
17930,0.02414,172.31.40.0-255,1296,110469,64,376365
17931,0.024928,172.217.160.0-255,5738,116207,64,376365
17932,0.024935,172.31.40.0-255,66,116273,64,376365
17933,0.025622,104.244.42.0-255,66,116339,64,376365
17934,0.025661,104.244.42.0-255,66,116405,64,376365
17935,0.025699,104.244.42.0-255,66,116471,64,376365
17936,0.02658,172.217.160.0-255,5738,122209,64,376365
17937,0.026587,172.31.40.0-255,66,122275,64,376365
17938,0.028229,172.217.160.0-255,5738,128013,64,376365
17939,0.028236,172.31.40.0-255,66,128079,64,376365
17940,0.029885,172.217.160.0-255,5738,133817,64,376365
17941,0.029892,172.31.40.0-255,66,133883,64,376365
17942,0.031533,172.217.160.0-255,4320,138203,64,376365
17943,0.031539,172.31.40.0-255,66,138269,64,376365
17944,0.031563,172.217.160.0-255,1484,139753,64,376365
17945,0.033201,172.217.160.0-255,4320,144073,64,376365
17946,0.033207,172.31.40.0-255,66,144139,64,376365
17947,0.03486,172.217.160.0-255,5738,149877,64,376365
17948,0.034907,172.31.40.0-255,66,149943,64,376365
17949,0.036589,172.217.160.0-255,5738,155681,64,376365
17950,0.036594,172.31.40.0-255,66,155747,64,376365
17951,0.038264,172.217.160.0-255,5738,161485,64,376365
17952,0.03827,172.31.40.0-255,66,161551,64,376365
17953,0.039932,172.217.160.0-255,5738,167289,64,376365
17954,0.039939,172.31.40.0-255,66,167355,64,376365
17955,0.041595,172.217.160.0-255,5738,173093,64,376365
17956,0.041601,172.31.40.0-255,66,173159,64,376365
17957,0.043245,172.217.160.0-255,5738,178897,64,376365
17958,0.043251,172.31.40.0-255,66,178963,64,376365
17959,0.044899,172.217.160.0-255,5738,184701,64,376365
17960,0.044905,172.31.40.0-255,66,184767,64,376365
17961,0.046553,172.217.160.0-255,5738,190505,64,376365
17962,0.046559,172.31.40.0-255,66,190571,64,376365
17963,0.048196,172.217.160.0-255,5738,196309,64,376365
17964,0.048202,172.31.40.0-255,66,196375,64,376365
17965,0.049854,172.217.160.0-255,5738,202113,64,376365
17966,0.04986,172.31.40.0-255,66,202179,64,376365
17967,0.051517,172.217.160.0-255,5738,207917,64,376365
17968,0.051522,172.31.40.0-255,66,207983,64,376365
17969,0.053179,172.217.160.0-255,5738,213721,64,376365
17970,0.053183,172.31.40.0-255,66,213787,64,376365
17971,0.054845,172.217.160.0-255,5738,219525,64,376365
17972,0.054851,172.31.40.0-255,66,219591,64,376365
17973,0.056501,172.217.160.0-255,5738,225329,64,376365
17974,0.056507,172.31.40.0-255,66,225395,64,376365
17975,0.058158,172.217.160.0-255,5738,231133,64,376365
17976,0.058164,172.31.40.0-255,66,231199,64,376365
17977,0.059823,172.217.160.0-255,5738,236937,64,376365
17978,0.059829,172.31.40.0-255,66,237003,64,376365
17979,0.061496,172.217.160.0-255,5738,242741,64,376365
17980,0.061503,172.31.40.0-255,66,242807,64,376365
17981,0.063174,172.217.160.0-255,5738,248545,64,376365
17982,0.06318,172.31.40.0-255,66,248611,64,376365
17983,0.064837,172.217.160.0-255,5738,254349,64,376365
17984,0.064843,172.31.40.0-255,66,254415,64,376365
17985,0.066507,172.217.160.0-255,5738,260153,64,376365
17986,0.066515,172.31.40.0-255,66,260219,64,376365
17987,0.068192,172.217.160.0-255,5738,265957,64,376365
17988,0.068198,172.31.40.0-255,66,266023,64,376365
17989,0.069856,172.217.160.0-255,5738,271761,64,376365
17990,0.069863,172.31.40.0-255,66,271827,64,376365
17991,0.071511,172.217.160.0-255,5738,277565,64,376365
17992,0.071517,172.31.40.0-255,66,277631,64,376365
17993,0.073169,172.217.160.0-255,5738,283369,64,376365
17994,0.073179,172.31.40.0-255,66,283435,64,376365
17995,0.07483,172.217.160.0-255,5738,289173,64,376365
17996,0.074837,172.31.40.0-255,66,289239,64,376365
17997,0.076495,172.217.160.0-255,5738,294977,64,376365
17998,0.076502,172.31.40.0-255,66,295043,64,376365
17999,0.078148,172.217.160.0-255,5738,300781,64,376365
18000,0.078155,172.31.40.0-255,66,300847,64,376365
18001,0.079808,172.217.160.0-255,5738,306585,64,376365
18002,0.079815,172.31.40.0-255,66,306651,64,376365
18003,0.081475,172.217.160.0-255,5738,312389,64,376365
18004,0.08148,172.31.40.0-255,66,312455,64,376365
18005,0.083125,172.217.160.0-255,5738,318193,64,376365
18006,0.08313,172.31.40.0-255,66,318259,64,376365
18007,0.084765,172.217.160.0-255,5738,323997,64,376365
18008,0.084769,172.31.40.0-255,66,324063,64,376365
18009,0.0864,172.217.160.0-255,1484,325547,64,376365
18010,0.08643,172.217.160.0-255,4320,329867,64,376365
18011,0.086434,172.31.40.0-255,66,329933,64,376365
18012,0.088072,172.217.160.0-255,5738,335671,64,376365
18013,0.088079,172.31.40.0-255,66,335737,64,376365
18014,0.089754,172.217.160.0-255,5738,341475,64,376365
18015,0.08976,172.31.40.0-255,66,341541,64,376365
18016,0.091407,172.217.160.0-255,5738,347279,64,376365
18017,0.091413,172.31.40.0-255,66,347345,64,376365
18018,0.093057,172.217.160.0-255,5738,353083,64,376365
18019,0.093065,172.31.40.0-255,66,353149,64,376365
18020,0.094727,172.217.160.0-255,5738,358887,64,376365
18021,0.094734,172.31.40.0-255,66,358953,64,376365
18022,0.096408,172.217.160.0-255,5738,364691,64,376365
18023,0.096415,172.31.40.0-255,66,364757,64,376365
18024,0.098065,172.217.160.0-255,5738,370495,64,376365
18025,0.098072,172.31.40.0-255,66,370561,64,376365
18026,0.099721,172.217.160.0-255,5738,376299,64,376365
18027,0.099728,172.31.40.0-255,66,376365,64,376365
18028,0.0,172.217.194.0-255,143,143,64,179863
18029,2.4e-05,172.31.40.0-255,66,209,64,179863
18030,3.2e-05,172.217.194.0-255,1484,1693,64,179863
18031,3.7e-05,172.31.40.0-255,66,1759,64,179863
18032,4.2e-05,172.217.194.0-255,2902,4661,64,179863
18033,5.4e-05,172.31.40.0-255,66,4727,64,179863
18034,6.2e-05,172.217.194.0-255,7156,11883,64,179863
18035,6.6e-05,172.31.40.0-255,66,11949,64,179863
18036,7e-05,172.217.194.0-255,2137,14086,64,179863
18037,7.3e-05,172.31.40.0-255,66,14152,64,179863
18038,0.000113,172.217.194.0-255,1484,15636,64,179863
18039,0.000117,172.31.40.0-255,66,15702,64,179863
18040,0.000122,172.217.194.0-255,2902,18604,64,179863
18041,0.000125,172.31.40.0-255,66,18670,64,179863
18042,0.000132,172.217.194.0-255,5738,24408,64,179863
18043,0.000135,172.31.40.0-255,66,24474,64,179863
18044,0.000165,172.217.194.0-255,7156,31630,64,179863
18045,0.000169,172.31.40.0-255,66,31696,64,179863
18046,0.000191,172.217.194.0-255,2543,34239,64,179863
18047,0.000194,172.31.40.0-255,66,34305,64,179863
18048,0.000207,172.31.40.0-255,66,34371,64,179863
18049,0.000212,172.217.194.0-255,3961,38332,64,179863
18050,0.000215,172.31.40.0-255,66,38398,64,179863
18051,0.00022,172.217.194.0-255,4320,42718,64,179863
18052,0.000222,172.31.40.0-255,66,42784,64,179863
18053,0.000225,172.217.194.0-255,1484,44268,64,179863
18054,0.000227,172.31.40.0-255,66,44334,64,179863
18055,0.000272,172.31.40.0-255,66,44400,64,179863
18056,0.000277,172.217.194.0-255,2853,47253,64,179863
18057,0.000279,172.31.40.0-255,66,47319,64,179863
18058,0.000396,172.217.194.0-255,367,47686,64,179863
18059,0.00049,172.217.194.0-255,1484,49170,64,179863
18060,0.000493,172.31.40.0-255,66,49236,64,179863
18061,0.000499,172.217.194.0-255,2902,52138,64,179863
18062,0.000501,172.31.40.0-255,66,52204,64,179863
18063,0.000507,172.217.194.0-255,5738,57942,64,179863
18064,0.00051,172.31.40.0-255,66,58008,64,179863
18065,0.000555,172.217.194.0-255,5738,63746,64,179863
18066,0.000558,172.31.40.0-255,66,63812,64,179863
18067,0.000607,172.31.40.0-255,66,63878,64,179863
18068,0.000623,172.31.40.0-255,66,63944,64,179863
18069,0.000995,172.217.194.0-255,1484,65428,64,179863
18070,0.001002,172.217.194.0-255,2902,68330,64,179863
18071,0.001004,172.31.40.0-255,66,68396,64,179863
18072,0.001011,172.217.194.0-255,4320,72716,64,179863
18073,0.001014,172.31.40.0-255,66,72782,64,179863
18074,0.001029,172.217.194.0-255,1484,74266,64,179863
18075,0.001046,172.31.40.0-255,66,74332,64,179863
18076,0.001087,172.217.194.0-255,5738,80070,64,179863
18077,0.00109,172.31.40.0-255,66,80136,64,179863
18078,0.001124,172.31.40.0-255,66,80202,64,179863
18079,0.001139,172.31.40.0-255,66,80268,64,179863
18080,0.001147,172.217.194.0-255,7156,87424,64,179863
18081,0.00115,172.31.40.0-255,66,87490,64,179863
18082,0.001178,172.217.194.0-255,2902,90392,64,179863
18083,0.001181,172.31.40.0-255,66,90458,64,179863
18084,0.001193,172.31.40.0-255,66,90524,64,179863
18085,0.001267,172.217.194.0-255,1484,92008,64,179863
18086,0.00131,172.217.194.0-255,1484,93492,64,179863
18087,0.001313,172.31.40.0-255,66,93558,64,179863
18088,0.00134,172.217.194.0-255,1484,95042,64,179863
18089,0.001347,172.217.194.0-255,5738,100780,64,179863
18090,0.001349,172.31.40.0-255,66,100846,64,179863
18091,0.001364,172.31.40.0-255,66,100912,64,179863
18092,0.001378,172.217.194.0-255,1484,102396,64,179863
18093,0.001382,172.31.40.0-255,66,102462,64,179863
18094,0.001412,172.217.194.0-255,7156,109618,64,179863
18095,0.001416,172.31.40.0-255,66,109684,64,179863
18096,0.001428,172.31.40.0-255,66,109750,64,179863
18097,0.001485,172.31.40.0-255,66,109816,64,179863
18098,0.001488,172.217.194.0-255,1484,111300,64,179863
18099,0.001513,172.217.194.0-255,2902,114202,64,179863
18100,0.001516,172.31.40.0-255,66,114268,64,179863
18101,0.001522,172.217.194.0-255,5738,120006,64,179863
18102,0.001526,172.31.40.0-255,66,120072,64,179863
18103,0.001532,172.217.194.0-255,5738,125810,64,179863
18104,0.001534,172.31.40.0-255,66,125876,64,179863
18105,0.001574,172.217.194.0-255,7156,133032,64,179863
18106,0.001578,172.31.40.0-255,66,133098,64,179863
18107,0.001584,172.217.194.0-255,5738,138836,64,179863
18108,0.001586,172.31.40.0-255,66,138902,64,179863
18109,0.001619,172.217.194.0-255,5020,143922,64,179863
18110,0.001622,172.31.40.0-255,66,143988,64,179863
18111,0.001652,172.217.194.0-255,5738,149726,64,179863
18112,0.001655,172.31.40.0-255,66,149792,64,179863
18113,0.001661,172.217.194.0-255,5738,155530,64,179863
18114,0.001663,172.31.40.0-255,66,155596,64,179863
18115,0.00171,172.31.40.0-255,66,155662,64,179863
18116,0.001722,172.31.40.0-255,66,155728,64,179863
18117,0.001727,172.217.194.0-255,4320,160048,64,179863
18118,0.00173,172.31.40.0-255,66,160114,64,179863
18119,0.001761,172.217.194.0-255,5738,165852,64,179863
18120,0.001765,172.31.40.0-255,66,165918,64,179863
18121,0.001777,172.31.40.0-255,66,165984,64,179863
18122,0.001814,172.31.40.0-255,66,166050,64,179863
18123,0.00183,172.31.40.0-255,66,166116,64,179863
18124,0.001864,172.217.194.0-255,6438,172554,64,179863
18125,0.001867,172.31.40.0-255,66,172620,64,179863
18126,0.001882,172.31.40.0-255,66,172686,64,179863
18127,0.001931,172.31.40.0-255,66,172752,64,179863
18128,0.001973,172.31.40.0-255,66,172818,64,179863
18129,0.001978,172.217.194.0-255,3306,176124,64,179863
18130,0.001981,172.31.40.0-255,66,176190,64,179863
18131,0.001984,172.217.194.0-255,105,176295,64,179863
18132,0.005068,172.31.40.0-255,66,176361,64,179863
18133,0.005112,172.31.40.0-255,105,176466,64,179863
18134,0.007611,172.217.194.0-255,66,176532,64,179863
18135,0.048746,172.31.40.0-255,172,176704,64,179863
18136,0.048784,172.31.40.0-255,1113,177817,64,179863
18137,0.048846,172.31.40.0-255,1514,179331,64,179863
18138,0.048848,172.31.40.0-255,334,179665,64,179863
18139,0.050281,104.244.42.0-255,66,179731,64,179863
18140,0.050303,104.244.42.0-255,66,179797,64,179863
18141,0.050397,104.244.42.0-255,66,179863,64,179863
18142,0.0,74.125.24.0-255,297,297,64,115656
18143,2.2e-05,172.31.40.0-255,66,363,64,115656
18144,2.9e-05,74.125.24.0-255,1484,1847,64,115656
18145,3.3e-05,172.31.40.0-255,66,1913,64,115656
18146,3.9e-05,74.125.24.0-255,2902,4815,64,115656
18147,4.3e-05,172.31.40.0-255,66,4881,64,115656
18148,4.9e-05,74.125.24.0-255,5738,10619,64,115656
18149,5.2e-05,172.31.40.0-255,66,10685,64,115656
18150,8.5e-05,74.125.24.0-255,1484,12169,64,115656
18151,8.8e-05,172.31.40.0-255,66,12235,64,115656
18152,0.000122,172.31.40.0-255,66,12301,64,115656
18153,0.000223,74.125.24.0-255,2902,15203,64,115656
18154,0.000227,172.31.40.0-255,66,15269,64,115656
18155,0.000261,172.31.40.0-255,66,15335,64,115656
18156,0.000359,74.125.24.0-255,2902,18237,64,115656
18157,0.000363,172.31.40.0-255,66,18303,64,115656
18158,0.000392,172.31.40.0-255,66,18369,64,115656
18159,0.00051,74.125.24.0-255,5738,24107,64,115656
18160,0.000515,172.31.40.0-255,66,24173,64,115656
18161,0.000547,172.31.40.0-255,66,24239,64,115656
18162,0.000698,74.125.24.0-255,2902,27141,64,115656
18163,0.000702,172.31.40.0-255,66,27207,64,115656
18164,0.000754,74.125.24.0-255,7156,34363,64,115656
18165,0.000757,172.31.40.0-255,66,34429,64,115656
18166,0.000786,172.31.40.0-255,66,34495,64,115656
18167,0.000996,74.125.24.0-255,4320,38815,64,115656
18168,0.001,172.31.40.0-255,66,38881,64,115656
18169,0.001029,172.31.40.0-255,66,38947,64,115656
18170,0.00122,172.31.40.0-255,66,39013,64,115656
18171,0.001247,172.31.40.0-255,66,39079,64,115656
18172,0.0015,74.125.24.0-255,5738,44817,64,115656
18173,0.001506,172.31.40.0-255,66,44883,64,115656
18174,0.001546,172.31.40.0-255,66,44949,64,115656
18175,0.001568,74.125.24.0-255,3602,48551,64,115656
18176,0.00157,172.31.40.0-255,66,48617,64,115656
18177,0.001837,172.31.40.0-255,66,48683,64,115656
18178,0.001905,172.31.40.0-255,66,48749,64,115656
18179,0.001922,74.125.24.0-255,4320,53069,64,115656
18180,0.001924,172.31.40.0-255,66,53135,64,115656
18181,0.00259,172.31.40.0-255,66,53201,64,115656
18182,0.002652,172.31.40.0-255,66,53267,64,115656
18183,0.002676,74.125.24.0-255,5738,59005,64,115656
18184,0.00268,172.31.40.0-255,66,59071,64,115656
18185,0.003337,74.125.24.0-255,5738,64809,64,115656
18186,0.003345,172.31.40.0-255,66,64875,64,115656
18187,0.014077,172.31.40.0-255,66,64941,64,115656
18188,0.015053,74.125.24.0-255,1484,66425,64,115656
18189,0.016438,74.125.24.0-255,4320,70745,64,115656
18190,0.016445,172.31.40.0-255,66,70811,64,115656
18191,0.01876,74.125.24.0-255,5738,76549,64,115656
18192,0.018766,172.31.40.0-255,66,76615,64,115656
18193,0.021144,74.125.24.0-255,5738,82353,64,115656
18194,0.021161,172.31.40.0-255,66,82419,64,115656
18195,0.023498,74.125.24.0-255,5738,88157,64,115656
18196,0.023505,172.31.40.0-255,66,88223,64,115656
18197,0.025667,172.31.40.0-255,101,88324,64,115656
18198,0.025884,74.125.24.0-255,5738,94062,64,115656
18199,0.025891,172.31.40.0-255,66,94128,64,115656
18200,0.027973,74.125.24.0-255,66,94194,64,115656
18201,0.028243,74.125.24.0-255,4320,98514,64,115656
18202,0.02825,172.31.40.0-255,66,98580,64,115656
18203,0.028268,74.125.24.0-255,1484,100064,64,115656
18204,0.030617,74.125.24.0-255,4320,104384,64,115656
18205,0.030626,172.31.40.0-255,66,104450,64,115656
18206,0.033011,74.125.24.0-255,5738,110188,64,115656
18207,0.033019,172.31.40.0-255,66,110254,64,115656
18208,0.035398,74.125.24.0-255,939,111193,64,115656
18209,0.035619,172.31.40.0-255,105,111298,64,115656
18210,0.043026,74.125.24.0-255,66,111364,64,115656
18211,0.053114,172.31.40.0-255,172,111536,64,115656
18212,0.05315,172.31.40.0-255,1112,112648,64,115656
18213,0.053212,172.31.40.0-255,1514,114162,64,115656
18214,0.053214,172.31.40.0-255,1296,115458,64,115656
18215,0.054665,104.244.42.0-255,66,115524,64,115656
18216,0.054727,104.244.42.0-255,66,115590,64,115656
18217,0.054778,104.244.42.0-255,66,115656,64,115656
18218,0.0,74.125.24.0-255,153,153,64,332887
18219,1.5e-05,172.31.40.0-255,66,219,64,332887
18220,2.1e-05,74.125.24.0-255,1484,1703,64,332887
18221,2.6e-05,172.31.40.0-255,66,1769,64,332887
18222,3.1e-05,74.125.24.0-255,2902,4671,64,332887
18223,3.5e-05,172.31.40.0-255,66,4737,64,332887
18224,4e-05,74.125.24.0-255,2902,7639,64,332887
18225,4.3e-05,172.31.40.0-255,66,7705,64,332887
18226,7.7e-05,74.125.24.0-255,2902,10607,64,332887
18227,8e-05,172.31.40.0-255,66,10673,64,332887
18228,8.7e-05,74.125.24.0-255,6157,16830,64,332887
18229,8.9e-05,172.31.40.0-255,66,16896,64,332887
18230,0.000104,172.31.40.0-255,66,16962,64,332887
18231,0.000142,74.125.24.0-255,4320,21282,64,332887
18232,0.000144,172.31.40.0-255,66,21348,64,332887
18233,0.00018,74.125.24.0-255,2543,23891,64,332887
18234,0.000184,172.31.40.0-255,66,23957,64,332887
18235,0.000187,172.31.40.0-255,66,24023,64,332887
18236,0.000682,74.125.24.0-255,1484,25507,64,332887
18237,0.000689,172.31.40.0-255,66,25573,64,332887
18238,0.000695,74.125.24.0-255,2902,28475,64,332887
18239,0.000697,172.31.40.0-255,66,28541,64,332887
18240,0.000703,74.125.24.0-255,4320,32861,64,332887
18241,0.000705,172.31.40.0-255,66,32927,64,332887
18242,0.000727,74.125.24.0-255,1484,34411,64,332887
18243,0.00073,172.31.40.0-255,66,34477,64,332887
18244,0.000735,74.125.24.0-255,4320,38797,64,332887
18245,0.000737,172.31.40.0-255,66,38863,64,332887
18246,0.000756,74.125.24.0-255,3123,41986,64,332887
18247,0.000759,172.31.40.0-255,66,42052,64,332887
18248,0.00079,74.125.24.0-255,4320,46372,64,332887
18249,0.000802,172.31.40.0-255,66,46438,64,332887
18250,0.000814,74.125.24.0-255,7156,53594,64,332887
18251,0.000824,74.125.24.0-255,1484,55078,64,332887
18252,0.000826,172.31.40.0-255,66,55144,64,332887
18253,0.000847,74.125.24.0-255,5738,60882,64,332887
18254,0.000857,172.31.40.0-255,66,60948,64,332887
18255,0.000868,74.125.24.0-255,3961,64909,64,332887
18256,0.000873,74.125.24.0-255,5738,70647,64,332887
18257,0.000879,172.31.40.0-255,66,70713,64,332887
18258,0.000917,74.125.24.0-255,5379,76092,64,332887
18259,0.000943,172.31.40.0-255,66,76158,64,332887
18260,0.00214,74.125.24.0-255,1484,77642,64,332887
18261,0.002152,74.125.24.0-255,2902,80544,64,332887
18262,0.002156,172.31.40.0-255,66,80610,64,332887
18263,0.002163,74.125.24.0-255,2902,83512,64,332887
18264,0.002182,74.125.24.0-255,2902,86414,64,332887
18265,0.002215,74.125.24.0-255,7156,93570,64,332887
18266,0.002236,74.125.24.0-255,5738,99308,64,332887
18267,0.00224,74.125.24.0-255,2902,102210,64,332887
18268,0.003876,172.31.40.0-255,66,102276,64,332887
18269,0.006217,74.125.24.0-255,5738,108014,64,332887
18270,0.006223,172.31.40.0-255,66,108080,64,332887
18271,0.008551,74.125.24.0-255,5738,113818,64,332887
18272,0.008559,172.31.40.0-255,66,113884,64,332887
18273,0.010921,74.125.24.0-255,5738,119622,64,332887
18274,0.012317,172.31.40.0-255,66,119688,64,332887
18275,0.014653,74.125.24.0-255,5738,125426,64,332887
18276,0.014667,172.31.40.0-255,66,125492,64,332887
18277,0.017002,74.125.24.0-255,5738,131230,64,332887
18278,0.017018,172.31.40.0-255,66,131296,64,332887
18279,0.0194,74.125.24.0-255,5738,137034,64,332887
18280,0.019414,172.31.40.0-255,66,137100,64,332887
18281,0.021828,74.125.24.0-255,5738,142838,64,332887
18282,0.021844,172.31.40.0-255,66,142904,64,332887
18283,0.024229,74.125.24.0-255,5738,148642,64,332887
18284,0.024249,172.31.40.0-255,66,148708,64,332887
18285,0.026615,74.125.24.0-255,5738,154446,64,332887
18286,0.026631,172.31.40.0-255,66,154512,64,332887
18287,0.028674,172.31.40.0-255,166,154678,64,332887
18288,0.02871,172.31.40.0-255,1135,155813,64,332887
18289,0.028776,172.31.40.0-255,1514,157327,64,332887
18290,0.028777,172.31.40.0-255,1514,158841,64,332887
18291,0.028779,172.31.40.0-255,673,159514,64,332887
18292,0.028979,74.125.24.0-255,5738,165252,64,332887
18293,0.028989,172.31.40.0-255,66,165318,64,332887
18294,0.030232,104.244.42.0-255,66,165384,64,332887
18295,0.030274,104.244.42.0-255,66,165450,64,332887
18296,0.030359,104.244.42.0-255,66,165516,64,332887
18297,0.030364,104.244.42.0-255,66,165582,64,332887
18298,0.031348,74.125.24.0-255,5738,171320,64,332887
18299,0.031358,172.31.40.0-255,66,171386,64,332887
18300,0.031791,104.244.42.0-255,108,171494,64,332887
18301,0.031796,172.31.40.0-255,66,171560,64,332887
18302,0.033736,74.125.24.0-255,5738,177298,64,332887
18303,0.033748,172.31.40.0-255,66,177364,64,332887
18304,0.036105,74.125.24.0-255,5738,183102,64,332887
18305,0.036116,172.31.40.0-255,66,183168,64,332887
18306,0.038585,74.125.24.0-255,4320,187488,64,332887
18307,0.038593,172.31.40.0-255,66,187554,64,332887
18308,0.038613,74.125.24.0-255,1484,189038,64,332887
18309,0.040975,74.125.24.0-255,4320,193358,64,332887
18310,0.040996,172.31.40.0-255,66,193424,64,332887
18311,0.043394,74.125.24.0-255,5738,199162,64,332887
18312,0.043864,172.31.40.0-255,66,199228,64,332887
18313,0.046227,74.125.24.0-255,5738,204966,64,332887
18314,0.046248,172.31.40.0-255,66,205032,64,332887
18315,0.048608,74.125.24.0-255,5738,210770,64,332887
18316,0.048625,172.31.40.0-255,66,210836,64,332887
18317,0.050989,74.125.24.0-255,5738,216574,64,332887
18318,0.051009,172.31.40.0-255,66,216640,64,332887
18319,0.053411,74.125.24.0-255,5738,222378,64,332887
18320,0.053428,172.31.40.0-255,66,222444,64,332887
18321,0.055817,74.125.24.0-255,5738,228182,64,332887
18322,0.055863,172.31.40.0-255,66,228248,64,332887
18323,0.058238,74.125.24.0-255,5738,233986,64,332887
18324,0.058256,172.31.40.0-255,66,234052,64,332887
18325,0.060617,74.125.24.0-255,5738,239790,64,332887
18326,0.060633,172.31.40.0-255,66,239856,64,332887
18327,0.06302,74.125.24.0-255,5738,245594,64,332887
18328,0.063039,172.31.40.0-255,66,245660,64,332887
18329,0.065402,74.125.24.0-255,5738,251398,64,332887
18330,0.06542,172.31.40.0-255,66,251464,64,332887
18331,0.06777,74.125.24.0-255,5738,257202,64,332887
18332,0.067778,172.31.40.0-255,66,257268,64,332887
18333,0.070162,74.125.24.0-255,5738,263006,64,332887
18334,0.070183,172.31.40.0-255,66,263072,64,332887
18335,0.072577,74.125.24.0-255,5738,268810,64,332887
18336,0.072596,172.31.40.0-255,66,268876,64,332887
18337,0.074974,74.125.24.0-255,5738,274614,64,332887
18338,0.074993,172.31.40.0-255,66,274680,64,332887
18339,0.077352,74.125.24.0-255,5738,280418,64,332887
18340,0.077371,172.31.40.0-255,66,280484,64,332887
18341,0.079786,74.125.24.0-255,5738,286222,64,332887
18342,0.079807,172.31.40.0-255,66,286288,64,332887
18343,0.082174,74.125.24.0-255,5738,292026,64,332887
18344,0.082198,172.31.40.0-255,66,292092,64,332887
18345,0.084573,74.125.24.0-255,5738,297830,64,332887
18346,0.084594,172.31.40.0-255,66,297896,64,332887
18347,0.086975,74.125.24.0-255,5738,303634,64,332887
18348,0.086997,172.31.40.0-255,66,303700,64,332887
18349,0.089386,74.125.24.0-255,5738,309438,64,332887
18350,0.089408,172.31.40.0-255,66,309504,64,332887
18351,0.091745,74.125.24.0-255,5738,315242,64,332887
18352,0.091763,172.31.40.0-255,66,315308,64,332887
18353,0.092012,172.31.40.0-255,101,315409,64,332887
18354,0.094142,74.125.24.0-255,5738,321147,64,332887
18355,0.09416,172.31.40.0-255,66,321213,64,332887
18356,0.094291,74.125.24.0-255,66,321279,64,332887
18357,0.096534,74.125.24.0-255,5738,327017,64,332887
18358,0.096556,172.31.40.0-255,66,327083,64,332887
18359,0.098956,74.125.24.0-255,5738,332821,64,332887
18360,0.098975,172.31.40.0-255,66,332887,64,332887
18361,0.0,172.217.194.0-255,298,298,64,302464
18362,1.9e-05,172.31.40.0-255,66,364,64,302464
18363,2.6e-05,172.217.194.0-255,1484,1848,64,302464
18364,3e-05,172.31.40.0-255,66,1914,64,302464
18365,3.4e-05,172.217.194.0-255,1484,3398,64,302464
18366,3.7e-05,172.31.40.0-255,66,3464,64,302464
18367,6.2e-05,172.217.194.0-255,2902,6366,64,302464
18368,6.5e-05,172.31.40.0-255,66,6432,64,302464
18369,8.2e-05,172.31.40.0-255,66,6498,64,302464
18370,0.000111,172.217.194.0-255,1484,7982,64,302464
18371,0.000114,172.31.40.0-255,66,8048,64,302464
18372,0.000119,172.217.194.0-255,2902,10950,64,302464
18373,0.000122,172.31.40.0-255,66,11016,64,302464
18374,0.000162,172.217.194.0-255,5738,16754,64,302464
18375,0.000165,172.31.40.0-255,66,16820,64,302464
18376,0.000172,172.217.194.0-255,6797,23617,64,302464
18377,0.000175,172.31.40.0-255,66,23683,64,302464
18378,0.000646,172.217.194.0-255,1484,25167,64,302464
18379,0.000653,172.31.40.0-255,66,25233,64,302464
18380,0.000659,172.217.194.0-255,2902,28135,64,302464
18381,0.000662,172.31.40.0-255,66,28201,64,302464
18382,0.000687,172.217.194.0-255,5738,33939,64,302464
18383,0.00069,172.31.40.0-255,66,34005,64,302464
18384,0.000701,172.217.194.0-255,6797,40802,64,302464
18385,0.000703,172.31.40.0-255,66,40868,64,302464
18386,0.000754,172.31.40.0-255,66,40934,64,302464
18387,0.000758,172.217.194.0-255,2543,43477,64,302464
18388,0.00076,172.31.40.0-255,66,43543,64,302464
18389,0.001928,172.217.194.0-255,647,44190,64,302464
18390,0.001936,172.31.40.0-255,66,44256,64,302464
18391,0.002019,172.217.194.0-255,1484,45740,64,302464
18392,0.002036,172.217.194.0-255,2902,48642,64,302464
18393,0.002039,172.31.40.0-255,66,48708,64,302464
18394,0.002045,172.217.194.0-255,4320,53028,64,302464
18395,0.002048,172.31.40.0-255,66,53094,64,302464
18396,0.002065,172.217.194.0-255,1484,54578,64,302464
18397,0.00209,172.217.194.0-255,4320,58898,64,302464
18398,0.002093,172.31.40.0-255,66,58964,64,302464
18399,0.00213,172.31.40.0-255,66,59030,64,302464
18400,0.002133,172.217.194.0-255,1484,60514,64,302464
18401,0.002145,172.31.40.0-255,66,60580,64,302464
18402,0.004458,172.217.194.0-255,5738,66318,64,302464
18403,0.004466,172.31.40.0-255,66,66384,64,302464
18404,0.006874,172.217.194.0-255,5738,72122,64,302464
18405,0.006885,172.31.40.0-255,66,72188,64,302464
18406,0.00918,172.217.194.0-255,5738,77926,64,302464
18407,0.009191,172.31.40.0-255,66,77992,64,302464
18408,0.011513,172.217.194.0-255,5738,83730,64,302464
18409,0.011522,172.31.40.0-255,66,83796,64,302464
18410,0.013861,172.217.194.0-255,5738,89534,64,302464
18411,0.013868,172.31.40.0-255,66,89600,64,302464
18412,0.016179,172.217.194.0-255,5738,95338,64,302464
18413,0.016187,172.31.40.0-255,66,95404,64,302464
18414,0.01852,172.217.194.0-255,5738,101142,64,302464
18415,0.018526,172.31.40.0-255,66,101208,64,302464
18416,0.020884,172.217.194.0-255,5738,106946,64,302464
18417,0.020892,172.31.40.0-255,66,107012,64,302464
18418,0.023212,172.217.194.0-255,5738,112750,64,302464
18419,0.02322,172.31.40.0-255,66,112816,64,302464
18420,0.025534,172.217.194.0-255,5738,118554,64,302464
18421,0.025541,172.31.40.0-255,66,118620,64,302464
18422,0.027864,172.217.194.0-255,5738,124358,64,302464
18423,0.02787,172.31.40.0-255,66,124424,64,302464
18424,0.030162,172.217.194.0-255,5738,130162,64,302464
18425,0.03017,172.31.40.0-255,66,130228,64,302464
18426,0.032212,172.31.40.0-255,172,130400,64,302464
18427,0.03224,172.31.40.0-255,1111,131511,64,302464
18428,0.032293,172.31.40.0-255,1514,133025,64,302464
18429,0.032295,172.31.40.0-255,1514,134539,64,302464
18430,0.032296,172.31.40.0-255,697,135236,64,302464
18431,0.032472,172.217.194.0-255,5738,140974,64,302464
18432,0.032478,172.31.40.0-255,66,141040,64,302464
18433,0.033765,104.244.42.0-255,66,141106,64,302464
18434,0.033772,104.244.42.0-255,66,141172,64,302464
18435,0.033847,104.244.42.0-255,66,141238,64,302464
18436,0.033851,104.244.42.0-255,66,141304,64,302464
18437,0.034778,172.217.194.0-255,5738,147042,64,302464
18438,0.034785,172.31.40.0-255,66,147108,64,302464
18439,0.037111,172.217.194.0-255,5738,152846,64,302464
18440,0.037117,172.31.40.0-255,66,152912,64,302464
18441,0.039445,172.217.194.0-255,5738,158650,64,302464
18442,0.039451,172.31.40.0-255,66,158716,64,302464
18443,0.041769,172.217.194.0-255,5738,164454,64,302464
18444,0.041779,172.31.40.0-255,66,164520,64,302464
18445,0.044146,172.217.194.0-255,5738,170258,64,302464
18446,0.044153,172.31.40.0-255,66,170324,64,302464
18447,0.046455,172.217.194.0-255,5738,176062,64,302464
18448,0.046462,172.31.40.0-255,66,176128,64,302464
18449,0.048783,172.217.194.0-255,5738,181866,64,302464
18450,0.048789,172.31.40.0-255,66,181932,64,302464
18451,0.051097,172.217.194.0-255,5738,187670,64,302464
18452,0.051104,172.31.40.0-255,66,187736,64,302464
18453,0.053441,172.217.194.0-255,5738,193474,64,302464
18454,0.053447,172.31.40.0-255,66,193540,64,302464
18455,0.055763,172.217.194.0-255,5738,199278,64,302464
18456,0.055769,172.31.40.0-255,66,199344,64,302464
18457,0.058097,172.217.194.0-255,5738,205082,64,302464
18458,0.058104,172.31.40.0-255,66,205148,64,302464
18459,0.060424,172.217.194.0-255,5738,210886,64,302464
18460,0.060431,172.31.40.0-255,66,210952,64,302464
18461,0.062723,172.217.194.0-255,5738,216690,64,302464
18462,0.062728,172.31.40.0-255,66,216756,64,302464
18463,0.065066,172.217.194.0-255,5738,222494,64,302464
18464,0.065082,172.31.40.0-255,66,222560,64,302464
18465,0.067448,172.217.194.0-255,5738,228298,64,302464
18466,0.067464,172.31.40.0-255,66,228364,64,302464
18467,0.069816,172.217.194.0-255,5738,234102,64,302464
18468,0.069834,172.31.40.0-255,66,234168,64,302464
18469,0.07219,172.217.194.0-255,5738,239906,64,302464
18470,0.072206,172.31.40.0-255,66,239972,64,302464
18471,0.074556,172.217.194.0-255,4320,244292,64,302464
18472,0.074562,172.31.40.0-255,66,244358,64,302464
18473,0.074586,172.217.194.0-255,1484,245842,64,302464
18474,0.076854,172.217.194.0-255,4320,250162,64,302464
18475,0.076872,172.31.40.0-255,66,250228,64,302464
18476,0.079221,172.217.194.0-255,5738,255966,64,302464
18477,0.079238,172.31.40.0-255,66,256032,64,302464
18478,0.081548,172.217.194.0-255,5738,261770,64,302464
18479,0.081565,172.31.40.0-255,66,261836,64,302464
18480,0.083903,172.217.194.0-255,5738,267574,64,302464
18481,0.08392,172.31.40.0-255,66,267640,64,302464
18482,0.086264,172.217.194.0-255,5738,273378,64,302464
18483,0.086281,172.31.40.0-255,66,273444,64,302464
18484,0.088623,172.217.194.0-255,5738,279182,64,302464
18485,0.088637,172.31.40.0-255,66,279248,64,302464
18486,0.090979,172.217.194.0-255,5738,284986,64,302464
18487,0.090996,172.31.40.0-255,66,285052,64,302464
18488,0.093331,172.217.194.0-255,5738,290790,64,302464
18489,0.093345,172.31.40.0-255,66,290856,64,302464
18490,0.095693,172.217.194.0-255,5738,296594,64,302464
18491,0.09571,172.31.40.0-255,66,296660,64,302464
18492,0.098017,172.217.194.0-255,5738,302398,64,302464
18493,0.098034,172.31.40.0-255,66,302464,64,302464
18494,0.0,74.125.24.0-255,152,152,64,335658
18495,2.3e-05,172.31.40.0-255,66,218,64,335658
18496,3e-05,74.125.24.0-255,1484,1702,64,335658
18497,3.4e-05,172.31.40.0-255,66,1768,64,335658
18498,4.1e-05,74.125.24.0-255,2902,4670,64,335658
18499,4.5e-05,172.31.40.0-255,66,4736,64,335658
18500,4.8e-05,74.125.24.0-255,1484,6220,64,335658
18501,5e-05,172.31.40.0-255,66,6286,64,335658
18502,5.6e-05,74.125.24.0-255,2902,9188,64,335658
18503,5.8e-05,172.31.40.0-255,66,9254,64,335658
18504,9.8e-05,74.125.24.0-255,4776,14030,64,335658
18505,0.000101,172.31.40.0-255,66,14096,64,335658
18506,0.000134,74.125.24.0-255,1484,15580,64,335658
18507,0.000137,172.31.40.0-255,66,15646,64,335658
18508,0.000155,74.125.24.0-255,2902,18548,64,335658
18509,0.000157,172.31.40.0-255,66,18614,64,335658
18510,0.000163,74.125.24.0-255,4320,22934,64,335658
18511,0.000165,172.31.40.0-255,66,23000,64,335658
18512,0.000189,74.125.24.0-255,1484,24484,64,335658
18513,0.000191,172.31.40.0-255,66,24550,64,335658
18514,0.000199,74.125.24.0-255,6797,31347,64,335658
18515,0.000201,172.31.40.0-255,66,31413,64,335658
18516,0.000306,74.125.24.0-255,1484,32897,64,335658
18517,0.00031,172.31.40.0-255,66,32963,64,335658
18518,0.000315,74.125.24.0-255,2902,35865,64,335658
18519,0.000318,172.31.40.0-255,66,35931,64,335658
18520,0.000324,74.125.24.0-255,5738,41669,64,335658
18521,0.000327,172.31.40.0-255,66,41735,64,335658
18522,0.000332,74.125.24.0-255,4320,46055,64,335658
18523,0.000335,172.31.40.0-255,66,46121,64,335658
18524,0.000357,74.125.24.0-255,1484,47605,64,335658
18525,0.000359,172.31.40.0-255,66,47671,64,335658
18526,0.000372,172.31.40.0-255,66,47737,64,335658
18527,0.000386,74.125.24.0-255,2543,50280,64,335658
18528,0.000388,172.31.40.0-255,66,50346,64,335658
18529,0.000394,74.125.24.0-255,4296,54642,64,335658
18530,0.000488,172.31.40.0-255,66,54708,64,335658
18531,0.001371,74.125.24.0-255,110,54818,64,335658
18532,0.001404,74.125.24.0-255,1484,56302,64,335658
18533,0.001408,172.31.40.0-255,66,56368,64,335658
18534,0.001415,74.125.24.0-255,2902,59270,64,335658
18535,0.001417,172.31.40.0-255,66,59336,64,335658
18536,0.001443,74.125.24.0-255,7156,66492,64,335658
18537,0.001446,172.31.40.0-255,66,66558,64,335658
18538,0.001453,74.125.24.0-255,5379,71937,64,335658
18539,0.001455,172.31.40.0-255,66,72003,64,335658
18540,0.001484,74.125.24.0-255,5738,77741,64,335658
18541,0.001487,172.31.40.0-255,66,77807,64,335658
18542,0.00152,172.31.40.0-255,66,77873,64,335658
18543,0.00154,74.125.24.0-255,2543,80416,64,335658
18544,0.001543,172.31.40.0-255,66,80482,64,335658
18545,0.002184,74.125.24.0-255,1484,81966,64,335658
18546,0.002191,74.125.24.0-255,2902,84868,64,335658
18547,0.002196,172.31.40.0-255,66,84934,64,335658
18548,0.002218,74.125.24.0-255,4320,89254,64,335658
18549,0.002221,172.31.40.0-255,66,89320,64,335658
18550,0.002228,74.125.24.0-255,5738,95058,64,335658
18551,0.00223,172.31.40.0-255,66,95124,64,335658
18552,0.002251,74.125.24.0-255,1484,96608,64,335658
18553,0.002273,172.31.40.0-255,66,96674,64,335658
18554,0.002295,74.125.24.0-255,1484,98158,64,335658
18555,0.006644,172.31.40.0-255,66,98224,64,335658
18556,0.008926,74.125.24.0-255,5738,103962,64,335658
18557,0.008934,172.31.40.0-255,66,104028,64,335658
18558,0.011222,74.125.24.0-255,5738,109766,64,335658
18559,0.011229,172.31.40.0-255,66,109832,64,335658
18560,0.013494,74.125.24.0-255,5738,115570,64,335658
18561,0.013507,172.31.40.0-255,66,115636,64,335658
18562,0.015829,74.125.24.0-255,5738,121374,64,335658
18563,0.015838,172.31.40.0-255,66,121440,64,335658
18564,0.018131,74.125.24.0-255,5738,127178,64,335658
18565,0.018143,172.31.40.0-255,66,127244,64,335658
18566,0.020456,74.125.24.0-255,5738,132982,64,335658
18567,0.020465,172.31.40.0-255,66,133048,64,335658
18568,0.022782,74.125.24.0-255,5738,138786,64,335658
18569,0.022792,172.31.40.0-255,66,138852,64,335658
18570,0.025102,74.125.24.0-255,5738,144590,64,335658
18571,0.025109,172.31.40.0-255,66,144656,64,335658
18572,0.0266,172.31.40.0-255,172,144828,64,335658
18573,0.026627,172.31.40.0-255,1111,145939,64,335658
18574,0.026679,172.31.40.0-255,1514,147453,64,335658
18575,0.02668,172.31.40.0-255,1514,148967,64,335658
18576,0.026702,172.31.40.0-255,699,149666,64,335658
18577,0.027406,74.125.24.0-255,5738,155404,64,335658
18578,0.027412,172.31.40.0-255,66,155470,64,335658
18579,0.028153,104.244.42.0-255,66,155536,64,335658
18580,0.02816,104.244.42.0-255,66,155602,64,335658
18581,0.028202,104.244.42.0-255,66,155668,64,335658
18582,0.028206,104.244.42.0-255,66,155734,64,335658
18583,0.029708,74.125.24.0-255,5738,161472,64,335658
18584,0.029714,172.31.40.0-255,66,161538,64,335658
18585,0.031992,74.125.24.0-255,5738,167276,64,335658
18586,0.031998,172.31.40.0-255,66,167342,64,335658
18587,0.034298,74.125.24.0-255,5738,173080,64,335658
18588,0.034305,172.31.40.0-255,66,173146,64,335658
18589,0.036585,74.125.24.0-255,5738,178884,64,335658
18590,0.03659,172.31.40.0-255,66,178950,64,335658
18591,0.038901,74.125.24.0-255,5738,184688,64,335658
18592,0.03891,172.31.40.0-255,66,184754,64,335658
18593,0.041224,74.125.24.0-255,5738,190492,64,335658
18594,0.04123,172.31.40.0-255,66,190558,64,335658
18595,0.043524,74.125.24.0-255,5738,196296,64,335658
18596,0.04353,172.31.40.0-255,66,196362,64,335658
18597,0.045793,74.125.24.0-255,5738,202100,64,335658
18598,0.0458,172.31.40.0-255,66,202166,64,335658
18599,0.048083,74.125.24.0-255,5738,207904,64,335658
18600,0.048089,172.31.40.0-255,66,207970,64,335658
18601,0.050381,74.125.24.0-255,5738,213708,64,335658
18602,0.050388,172.31.40.0-255,66,213774,64,335658
18603,0.052678,74.125.24.0-255,5738,219512,64,335658
18604,0.052687,172.31.40.0-255,66,219578,64,335658
18605,0.054992,74.125.24.0-255,5738,225316,64,335658
18606,0.055008,172.31.40.0-255,66,225382,64,335658
18607,0.057311,74.125.24.0-255,5738,231120,64,335658
18608,0.057329,172.31.40.0-255,66,231186,64,335658
18609,0.059658,74.125.24.0-255,5738,236924,64,335658
18610,0.059673,172.31.40.0-255,66,236990,64,335658
18611,0.061948,74.125.24.0-255,5738,242728,64,335658
18612,0.061963,172.31.40.0-255,66,242794,64,335658
18613,0.064241,74.125.24.0-255,5738,248532,64,335658
18614,0.064257,172.31.40.0-255,66,248598,64,335658
18615,0.066577,74.125.24.0-255,5738,254336,64,335658
18616,0.066593,172.31.40.0-255,66,254402,64,335658
18617,0.068893,74.125.24.0-255,5738,260140,64,335658
18618,0.06891,172.31.40.0-255,66,260206,64,335658
18619,0.071235,74.125.24.0-255,5738,265944,64,335658
18620,0.071252,172.31.40.0-255,66,266010,64,335658
18621,0.073559,74.125.24.0-255,5738,271748,64,335658
18622,0.073575,172.31.40.0-255,66,271814,64,335658
18623,0.075851,74.125.24.0-255,5738,277552,64,335658
18624,0.075866,172.31.40.0-255,66,277618,64,335658
18625,0.078207,74.125.24.0-255,5738,283356,64,335658
18626,0.078223,172.31.40.0-255,66,283422,64,335658
18627,0.080511,74.125.24.0-255,5738,289160,64,335658
18628,0.080526,172.31.40.0-255,66,289226,64,335658
18629,0.082838,74.125.24.0-255,5738,294964,64,335658
18630,0.082856,172.31.40.0-255,66,295030,64,335658
18631,0.085188,74.125.24.0-255,5738,300768,64,335658
18632,0.085202,172.31.40.0-255,66,300834,64,335658
18633,0.087508,74.125.24.0-255,5738,306572,64,335658
18634,0.087525,172.31.40.0-255,66,306638,64,335658
18635,0.089864,74.125.24.0-255,5738,312376,64,335658
18636,0.089881,172.31.40.0-255,66,312442,64,335658
18637,0.09221,74.125.24.0-255,5738,318180,64,335658
18638,0.092228,172.31.40.0-255,66,318246,64,335658
18639,0.094546,74.125.24.0-255,5738,323984,64,335658
18640,0.094563,172.31.40.0-255,66,324050,64,335658
18641,0.096853,74.125.24.0-255,5738,329788,64,335658
18642,0.096868,172.31.40.0-255,66,329854,64,335658
18643,0.099198,74.125.24.0-255,5738,335592,64,335658
18644,0.099216,172.31.40.0-255,66,335658,64,335658
18645,0.0,74.125.24.0-255,150,150,64,159805
18646,2.1e-05,172.31.40.0-255,66,216,64,159805
18647,2.8e-05,74.125.24.0-255,1484,1700,64,159805
18648,3.2e-05,172.31.40.0-255,66,1766,64,159805
18649,3.8e-05,74.125.24.0-255,2902,4668,64,159805
18650,4.9e-05,172.31.40.0-255,66,4734,64,159805
18651,5.7e-05,74.125.24.0-255,7156,11890,64,159805
18652,6e-05,172.31.40.0-255,66,11956,64,159805
18653,8.1e-05,74.125.24.0-255,1484,13440,64,159805
18654,8.3e-05,172.31.40.0-255,66,13506,64,159805
18655,0.000108,74.125.24.0-255,567,14073,64,159805
18656,0.000111,172.31.40.0-255,66,14139,64,159805
18657,0.000152,74.125.24.0-255,1484,15623,64,159805
18658,0.000155,172.31.40.0-255,66,15689,64,159805
18659,0.000158,74.125.24.0-255,1484,17173,64,159805
18660,0.000161,172.31.40.0-255,66,17239,64,159805
18661,0.000186,74.125.24.0-255,1484,18723,64,159805
18662,0.000188,172.31.40.0-255,66,18789,64,159805
18663,0.000199,74.125.24.0-255,5738,24527,64,159805
18664,0.000202,172.31.40.0-255,66,24593,64,159805
18665,0.000207,74.125.24.0-255,4320,28913,64,159805
18666,0.000209,172.31.40.0-255,66,28979,64,159805
18667,0.000246,74.125.24.0-255,2543,31522,64,159805
18668,0.000252,74.125.24.0-255,7156,38678,64,159805
18669,0.000265,172.31.40.0-255,66,38744,64,159805
18670,0.000268,172.31.40.0-255,66,38810,64,159805
18671,0.000276,172.31.40.0-255,66,38876,64,159805
18672,0.000312,172.31.40.0-255,66,38942,64,159805
18673,0.000316,74.125.24.0-255,2902,41844,64,159805
18674,0.000319,172.31.40.0-255,66,41910,64,159805
18675,0.000359,74.125.24.0-255,4296,46206,64,159805
18676,0.000362,172.31.40.0-255,66,46272,64,159805
18677,0.000387,74.125.24.0-255,110,46382,64,159805
18678,0.000499,74.125.24.0-255,1484,47866,64,159805
18679,0.000504,172.31.40.0-255,66,47932,64,159805
18680,0.00051,74.125.24.0-255,2902,50834,64,159805
18681,0.000513,172.31.40.0-255,66,50900,64,159805
18682,0.000516,74.125.24.0-255,1484,52384,64,159805
18683,0.000546,74.125.24.0-255,4320,56704,64,159805
18684,0.000549,172.31.40.0-255,66,56770,64,159805
18685,0.000559,172.31.40.0-255,66,56836,64,159805
18686,0.000589,74.125.24.0-255,5379,62215,64,159805
18687,0.000592,172.31.40.0-255,66,62281,64,159805
18688,0.000609,172.31.40.0-255,66,62347,64,159805
18689,0.000611,74.125.24.0-255,330,62677,64,159805
18690,0.000746,74.125.24.0-255,1484,64161,64,159805
18691,0.000751,172.31.40.0-255,66,64227,64,159805
18692,0.000755,74.125.24.0-255,1484,65711,64,159805
18693,0.000781,74.125.24.0-255,1484,67195,64,159805
18694,0.000787,74.125.24.0-255,5738,72933,64,159805
18695,0.00079,74.125.24.0-255,2902,75835,64,159805
18696,0.000794,172.31.40.0-255,66,75901,64,159805
18697,0.000802,172.31.40.0-255,66,75967,64,159805
18698,0.000805,172.31.40.0-255,66,76033,64,159805
18699,0.000816,172.31.40.0-255,66,76099,64,159805
18700,0.000864,172.31.40.0-255,66,76165,64,159805
18701,0.00126,74.125.24.0-255,1484,77649,64,159805
18702,0.001275,74.125.24.0-255,2902,80551,64,159805
18703,0.001278,172.31.40.0-255,66,80617,64,159805
18704,0.001307,74.125.24.0-255,5738,86355,64,159805
18705,0.00131,172.31.40.0-255,66,86421,64,159805
18706,0.001318,74.125.24.0-255,7156,93577,64,159805
18707,0.00132,172.31.40.0-255,66,93643,64,159805
18708,0.001342,74.125.24.0-255,5738,99381,64,159805
18709,0.001345,172.31.40.0-255,66,99447,64,159805
18710,0.001356,172.31.40.0-255,66,99513,64,159805
18711,0.001387,74.125.24.0-255,766,100279,64,159805
18712,0.001505,74.125.24.0-255,1484,101763,64,159805
18713,0.001508,74.125.24.0-255,1484,103247,64,159805
18714,0.001515,172.31.40.0-255,66,103313,64,159805
18715,0.001526,74.125.24.0-255,1484,104797,64,159805
18716,0.001532,172.31.40.0-255,66,104863,64,159805
18717,0.00154,74.125.24.0-255,5738,110601,64,159805
18718,0.001542,172.31.40.0-255,66,110667,64,159805
18719,0.001581,74.125.24.0-255,7156,117823,64,159805
18720,0.001584,172.31.40.0-255,66,117889,64,159805
18721,0.00159,74.125.24.0-255,5738,123627,64,159805
18722,0.001593,172.31.40.0-255,66,123693,64,159805
18723,0.001631,172.31.40.0-255,66,123759,64,159805
18724,0.001635,74.125.24.0-255,2184,125943,64,159805
18725,0.001637,172.31.40.0-255,66,126009,64,159805
18726,0.001748,74.125.24.0-255,1484,127493,64,159805
18727,0.001754,74.125.24.0-255,2902,130395,64,159805
18728,0.001758,172.31.40.0-255,66,130461,64,159805
18729,0.001786,74.125.24.0-255,5738,136199,64,159805
18730,0.001789,172.31.40.0-255,66,136265,64,159805
18731,0.001792,74.125.24.0-255,1484,137749,64,159805
18732,0.001826,172.31.40.0-255,66,137815,64,159805
18733,0.001858,74.125.24.0-255,5738,143553,64,159805
18734,0.001861,172.31.40.0-255,66,143619,64,159805
18735,0.001898,172.31.40.0-255,66,143685,64,159805
18736,0.001917,172.31.40.0-255,66,143751,64,159805
18737,0.001934,172.31.40.0-255,66,143817,64,159805
18738,0.001972,74.125.24.0-255,7156,150973,64,159805
18739,0.001975,172.31.40.0-255,66,151039,64,159805
18740,0.001997,172.31.40.0-255,66,151105,64,159805
18741,0.002014,172.31.40.0-255,66,151171,64,159805
18742,0.002026,172.31.40.0-255,66,151237,64,159805
18743,0.002131,172.31.40.0-255,66,151303,64,159805
18744,0.002164,74.125.24.0-255,3602,154905,64,159805
18745,0.002219,74.125.24.0-255,105,155010,64,159805
18746,0.002224,172.31.40.0-255,66,155076,64,159805
18747,0.002227,172.31.40.0-255,66,155142,64,159805
18748,0.00223,172.31.40.0-255,66,155208,64,159805
18749,0.002245,172.31.40.0-255,66,155274,64,159805
18750,0.011027,172.31.40.0-255,66,155340,64,159805
18751,0.011067,172.31.40.0-255,105,155445,64,159805
18752,0.013532,74.125.24.0-255,66,155511,64,159805
18753,0.031574,172.31.40.0-255,172,155683,64,159805
18754,0.03161,172.31.40.0-255,1111,156794,64,159805
18755,0.031673,172.31.40.0-255,1514,158308,64,159805
18756,0.031675,172.31.40.0-255,1299,159607,64,159805
18757,0.033102,104.244.42.0-255,66,159673,64,159805
18758,0.03314,104.244.42.0-255,66,159739,64,159805
18759,0.033224,104.244.42.0-255,66,159805,64,159805
18760,0.0,172.217.194.0-255,146,146,64,341778
18761,2.1e-05,172.31.40.0-255,66,212,64,341778
18762,2.8e-05,172.217.194.0-255,1484,1696,64,341778
18763,3.3e-05,172.31.40.0-255,66,1762,64,341778
18764,3.9e-05,172.217.194.0-255,2902,4664,64,341778
18765,5e-05,172.31.40.0-255,66,4730,64,341778
18766,5.8e-05,172.217.194.0-255,7156,11886,64,341778
18767,6.2e-05,172.31.40.0-255,66,11952,64,341778
18768,6.6e-05,172.217.194.0-255,2065,14017,64,341778
18769,6.9e-05,172.31.40.0-255,66,14083,64,341778
18770,0.00011,172.217.194.0-255,1484,15567,64,341778
18771,0.000113,172.31.40.0-255,66,15633,64,341778
18772,0.000118,172.217.194.0-255,2902,18535,64,341778
18773,0.00012,172.31.40.0-255,66,18601,64,341778
18774,0.000131,172.217.194.0-255,5738,24339,64,341778
18775,0.000134,172.31.40.0-255,66,24405,64,341778
18776,0.000198,172.217.194.0-255,6797,31202,64,341778
18777,0.000201,172.31.40.0-255,66,31268,64,341778
18778,0.000209,172.217.194.0-255,7156,38424,64,341778
18779,0.000216,172.31.40.0-255,66,38490,64,341778
18780,0.000227,172.31.40.0-255,66,38556,64,341778
18781,0.000383,172.217.194.0-255,1484,40040,64,341778
18782,0.000387,172.31.40.0-255,66,40106,64,341778
18783,0.000393,172.217.194.0-255,2902,43008,64,341778
18784,0.000396,172.31.40.0-255,66,43074,64,341778
18785,0.000408,172.217.194.0-255,5738,48812,64,341778
18786,0.000411,172.31.40.0-255,66,48878,64,341778
18787,0.00046,172.217.194.0-255,7072,55950,64,341778
18788,0.000463,172.31.40.0-255,66,56016,64,341778
18789,0.000547,172.217.194.0-255,403,56419,64,341778
18790,0.00055,172.31.40.0-255,66,56485,64,341778
18791,0.00064,172.217.194.0-255,1484,57969,64,341778
18792,0.000656,172.217.194.0-255,2902,60871,64,341778
18793,0.000659,172.31.40.0-255,66,60937,64,341778
18794,0.000663,172.217.194.0-255,1484,62421,64,341778
18795,0.00069,172.217.194.0-255,4320,66741,64,341778
18796,0.000694,172.31.40.0-255,66,66807,64,341778
18797,0.000724,172.31.40.0-255,66,66873,64,341778
18798,0.000761,172.217.194.0-255,1484,68357,64,341778
18799,0.000793,172.31.40.0-255,66,68423,64,341778
18800,0.000979,172.217.194.0-255,1484,69907,64,341778
18801,0.000986,172.217.194.0-255,2902,72809,64,341778
18802,0.000989,172.31.40.0-255,66,72875,64,341778
18803,0.000992,172.217.194.0-255,1484,74359,64,341778
18804,0.00102,172.217.194.0-255,4320,78679,64,341778
18805,0.001023,172.31.40.0-255,66,78745,64,341778
18806,0.001038,172.31.40.0-255,66,78811,64,341778
18807,0.001063,172.217.194.0-255,2902,81713,64,341778
18808,0.001066,172.31.40.0-255,66,81779,64,341778
18809,0.001107,172.31.40.0-255,66,81845,64,341778
18810,0.002003,172.217.194.0-255,1484,83329,64,341778
18811,0.002012,172.217.194.0-255,2902,86231,64,341778
18812,0.002016,172.31.40.0-255,66,86297,64,341778
18813,0.002022,172.217.194.0-255,4320,90617,64,341778
18814,0.002024,172.31.40.0-255,66,90683,64,341778
18815,0.002048,172.217.194.0-255,1484,92167,64,341778
18816,0.002067,172.31.40.0-255,66,92233,64,341778
18817,0.002071,172.217.194.0-255,2902,95135,64,341778
18818,0.002073,172.31.40.0-255,66,95201,64,341778
18819,0.002118,172.31.40.0-255,66,95267,64,341778
18820,0.00422,172.217.194.0-255,5738,101005,64,341778
18821,0.004227,172.31.40.0-255,66,101071,64,341778
18822,0.006292,172.217.194.0-255,5738,106809,64,341778
18823,0.006296,172.31.40.0-255,66,106875,64,341778
18824,0.008368,172.217.194.0-255,5738,112613,64,341778
18825,0.008375,172.31.40.0-255,66,112679,64,341778
18826,0.010457,172.217.194.0-255,5738,118417,64,341778
18827,0.010464,172.31.40.0-255,66,118483,64,341778
18828,0.012573,172.217.194.0-255,5738,124221,64,341778
18829,0.012582,172.31.40.0-255,66,124287,64,341778
18830,0.01468,172.217.194.0-255,5738,130025,64,341778
18831,0.014688,172.31.40.0-255,66,130091,64,341778
18832,0.016806,172.217.194.0-255,5738,135829,64,341778
18833,0.016815,172.31.40.0-255,66,135895,64,341778
18834,0.018937,172.217.194.0-255,5738,141633,64,341778
18835,0.018946,172.31.40.0-255,66,141699,64,341778
18836,0.021037,172.217.194.0-255,5738,147437,64,341778
18837,0.021045,172.31.40.0-255,66,147503,64,341778
18838,0.023156,172.217.194.0-255,5738,153241,64,341778
18839,0.023164,172.31.40.0-255,66,153307,64,341778
18840,0.025258,172.217.194.0-255,5738,159045,64,341778
18841,0.025266,172.31.40.0-255,66,159111,64,341778
18842,0.026926,172.31.40.0-255,171,159282,64,341778
18843,0.026959,172.31.40.0-255,1132,160414,64,341778
18844,0.027019,172.31.40.0-255,1514,161928,64,341778
18845,0.027021,172.31.40.0-255,313,162241,64,341778
18846,0.027364,172.217.194.0-255,5738,167979,64,341778
18847,0.027371,172.31.40.0-255,66,168045,64,341778
18848,0.02849,104.244.42.0-255,66,168111,64,341778
18849,0.028526,104.244.42.0-255,66,168177,64,341778
18850,0.028573,104.244.42.0-255,66,168243,64,341778
18851,0.029466,172.217.194.0-255,5738,173981,64,341778
18852,0.029472,172.31.40.0-255,66,174047,64,341778
18853,0.031568,172.217.194.0-255,5738,179785,64,341778
18854,0.031575,172.31.40.0-255,66,179851,64,341778
18855,0.033687,172.217.194.0-255,5738,185589,64,341778
18856,0.033694,172.31.40.0-255,66,185655,64,341778
18857,0.035769,172.217.194.0-255,5738,191393,64,341778
18858,0.035786,172.31.40.0-255,66,191459,64,341778
18859,0.037893,172.217.194.0-255,5738,197197,64,341778
18860,0.037908,172.31.40.0-255,66,197263,64,341778
18861,0.03999,172.217.194.0-255,5738,203001,64,341778
18862,0.040005,172.31.40.0-255,66,203067,64,341778
18863,0.042114,172.217.194.0-255,5738,208805,64,341778
18864,0.04213,172.31.40.0-255,66,208871,64,341778
18865,0.044244,172.217.194.0-255,5738,214609,64,341778
18866,0.044257,172.31.40.0-255,66,214675,64,341778
18867,0.046365,172.217.194.0-255,5738,220413,64,341778
18868,0.046381,172.31.40.0-255,66,220479,64,341778
18869,0.048467,172.217.194.0-255,5738,226217,64,341778
18870,0.048478,172.31.40.0-255,66,226283,64,341778
18871,0.050562,172.217.194.0-255,5738,232021,64,341778
18872,0.050577,172.31.40.0-255,66,232087,64,341778
18873,0.052691,172.217.194.0-255,5738,237825,64,341778
18874,0.052706,172.31.40.0-255,66,237891,64,341778
18875,0.054819,172.217.194.0-255,5738,243629,64,341778
18876,0.054835,172.31.40.0-255,66,243695,64,341778
18877,0.056935,172.217.194.0-255,5738,249433,64,341778
18878,0.056952,172.31.40.0-255,66,249499,64,341778
18879,0.059075,172.217.194.0-255,5738,255237,64,341778
18880,0.059087,172.31.40.0-255,66,255303,64,341778
18881,0.061159,172.217.194.0-255,5738,261041,64,341778
18882,0.061166,172.31.40.0-255,66,261107,64,341778
18883,0.063231,172.217.194.0-255,5738,266845,64,341778
18884,0.063237,172.31.40.0-255,66,266911,64,341778
18885,0.065338,172.217.194.0-255,5738,272649,64,341778
18886,0.065345,172.31.40.0-255,66,272715,64,341778
18887,0.06744,172.217.194.0-255,5738,278453,64,341778
18888,0.067447,172.31.40.0-255,66,278519,64,341778
18889,0.069535,172.217.194.0-255,5738,284257,64,341778
18890,0.069541,172.31.40.0-255,66,284323,64,341778
18891,0.07164,172.217.194.0-255,5738,290061,64,341778
18892,0.071646,172.31.40.0-255,66,290127,64,341778
18893,0.07373,172.217.194.0-255,5738,295865,64,341778
18894,0.073736,172.31.40.0-255,66,295931,64,341778
18895,0.075848,172.217.194.0-255,5738,301669,64,341778
18896,0.075856,172.31.40.0-255,66,301735,64,341778
18897,0.077938,172.217.194.0-255,5738,307473,64,341778
18898,0.077945,172.31.40.0-255,66,307539,64,341778
18899,0.080006,172.217.194.0-255,5738,313277,64,341778
18900,0.080013,172.31.40.0-255,66,313343,64,341778
18901,0.082142,172.217.194.0-255,5738,319081,64,341778
18902,0.082149,172.31.40.0-255,66,319147,64,341778
18903,0.084235,172.217.194.0-255,5738,324885,64,341778
18904,0.084242,172.31.40.0-255,66,324951,64,341778
18905,0.086334,172.217.194.0-255,5738,330689,64,341778
18906,0.086342,172.31.40.0-255,66,330755,64,341778
18907,0.088446,172.217.194.0-255,5738,336493,64,341778
18908,0.088452,172.31.40.0-255,66,336559,64,341778
18909,0.090544,172.217.194.0-255,4982,341541,64,341778
18910,0.090551,172.31.40.0-255,66,341607,64,341778
18911,0.090762,172.31.40.0-255,105,341712,64,341778
18912,0.09282,172.217.194.0-255,66,341778,64,341778
18913,0.0,74.125.24.0-255,153,153,64,316348
18914,1.9e-05,172.31.40.0-255,66,219,64,316348
18915,2.7e-05,74.125.24.0-255,1484,1703,64,316348
18916,3.2e-05,172.31.40.0-255,66,1769,64,316348
18917,3.8e-05,74.125.24.0-255,2902,4671,64,316348
18918,4.2e-05,172.31.40.0-255,66,4737,64,316348
18919,5.5e-05,74.125.24.0-255,4320,9057,64,316348
18920,5.9e-05,172.31.40.0-255,66,9123,64,316348
18921,7.6e-05,74.125.24.0-255,2902,12025,64,316348
18922,7.9e-05,172.31.40.0-255,66,12091,64,316348
18923,9.5e-05,172.31.40.0-255,66,12157,64,316348
18924,0.000142,172.31.40.0-255,66,12223,64,316348
18925,0.000185,74.125.24.0-255,1484,13707,64,316348
18926,0.000187,172.31.40.0-255,66,13773,64,316348
18927,0.000192,74.125.24.0-255,2902,16675,64,316348
18928,0.000194,172.31.40.0-255,66,16741,64,316348
18929,0.000205,74.125.24.0-255,5738,22479,64,316348
18930,0.000207,172.31.40.0-255,66,22545,64,316348
18931,0.000229,74.125.24.0-255,5738,28283,64,316348
18932,0.000232,172.31.40.0-255,66,28349,64,316348
18933,0.000265,74.125.24.0-255,1125,29474,64,316348
18934,0.000268,172.31.40.0-255,66,29540,64,316348
18935,0.000287,172.31.40.0-255,66,29606,64,316348
18936,0.00029,74.125.24.0-255,1484,31090,64,316348
18937,0.000292,172.31.40.0-255,66,31156,64,316348
18938,0.000323,74.125.24.0-255,1430,32586,64,316348
18939,0.000326,172.31.40.0-255,66,32652,64,316348
18940,0.000681,74.125.24.0-255,116,32768,64,316348
18941,0.000686,172.31.40.0-255,66,32834,64,316348
18942,0.000722,74.125.24.0-255,1484,34318,64,316348
18943,0.000728,74.125.24.0-255,2902,37220,64,316348
18944,0.000731,172.31.40.0-255,66,37286,64,316348
18945,0.000736,74.125.24.0-255,2902,40188,64,316348
18946,0.000738,172.31.40.0-255,66,40254,64,316348
18947,0.000773,74.125.24.0-255,4320,44574,64,316348
18948,0.000775,172.31.40.0-255,66,44640,64,316348
18949,0.000782,74.125.24.0-255,5379,50019,64,316348
18950,0.000784,172.31.40.0-255,66,50085,64,316348
18951,0.00087,74.125.24.0-255,1484,51569,64,316348
18952,0.000876,74.125.24.0-255,2902,54471,64,316348
18953,0.00088,172.31.40.0-255,66,54537,64,316348
18954,0.000885,74.125.24.0-255,2902,57439,64,316348
18955,0.000886,172.31.40.0-255,66,57505,64,316348
18956,0.000907,74.125.24.0-255,2902,60407,64,316348
18957,0.000914,172.31.40.0-255,66,60473,64,316348
18958,0.000947,74.125.24.0-255,6797,67270,64,316348
18959,0.00095,172.31.40.0-255,66,67336,64,316348
18960,0.001586,74.125.24.0-255,1484,68820,64,316348
18961,0.001594,74.125.24.0-255,2902,71722,64,316348
18962,0.001598,172.31.40.0-255,66,71788,64,316348
18963,0.001627,74.125.24.0-255,5738,77526,64,316348
18964,0.00163,172.31.40.0-255,66,77592,64,316348
18965,0.00166,74.125.24.0-255,7156,84748,64,316348
18966,0.001662,172.31.40.0-255,66,84814,64,316348
18967,0.001687,74.125.24.0-255,1484,86298,64,316348
18968,0.001699,172.31.40.0-255,66,86364,64,316348
18969,0.001705,74.125.24.0-255,4320,90684,64,316348
18970,0.001707,172.31.40.0-255,66,90750,64,316348
18971,0.001736,74.125.24.0-255,766,91516,64,316348
18972,0.001777,74.125.24.0-255,1484,93000,64,316348
18973,0.00178,172.31.40.0-255,66,93066,64,316348
18974,0.001784,74.125.24.0-255,2902,95968,64,316348
18975,0.001786,172.31.40.0-255,66,96034,64,316348
18976,0.001821,74.125.24.0-255,5738,101772,64,316348
18977,0.001824,172.31.40.0-255,66,101838,64,316348
18978,0.00183,74.125.24.0-255,5738,107576,64,316348
18979,0.001832,172.31.40.0-255,66,107642,64,316348
18980,0.00185,172.31.40.0-255,66,107708,64,316348
18981,0.001856,74.125.24.0-255,5020,112728,64,316348
18982,0.001861,172.31.40.0-255,66,112794,64,316348
18983,0.001883,74.125.24.0-255,2902,115696,64,316348
18984,0.001885,172.31.40.0-255,66,115762,64,316348
18985,0.001911,74.125.24.0-255,2902,118664,64,316348
18986,0.001914,172.31.40.0-255,66,118730,64,316348
18987,0.001927,172.31.40.0-255,66,118796,64,316348
18988,0.001951,74.125.24.0-255,5738,124534,64,316348
18989,0.001953,172.31.40.0-255,66,124600,64,316348
18990,0.002006,172.31.40.0-255,66,124666,64,316348
18991,0.002024,172.31.40.0-255,66,124732,64,316348
18992,0.002032,74.125.24.0-255,7156,131888,64,316348
18993,0.002035,172.31.40.0-255,66,131954,64,316348
18994,0.002078,172.31.40.0-255,66,132020,64,316348
18995,0.004421,74.125.24.0-255,5738,137758,64,316348
18996,0.004434,172.31.40.0-255,66,137824,64,316348
18997,0.006755,74.125.24.0-255,5738,143562,64,316348
18998,0.006764,172.31.40.0-255,66,143628,64,316348
18999,0.009134,74.125.24.0-255,5738,149366,64,316348
19000,0.009149,172.31.40.0-255,66,149432,64,316348
19001,0.011493,74.125.24.0-255,5738,155170,64,316348
19002,0.011512,172.31.40.0-255,66,155236,64,316348
19003,0.013868,74.125.24.0-255,5738,160974,64,316348
19004,0.013882,172.31.40.0-255,66,161040,64,316348
19005,0.016231,74.125.24.0-255,5738,166778,64,316348
19006,0.016244,172.31.40.0-255,66,166844,64,316348
19007,0.018615,74.125.24.0-255,5738,172582,64,316348
19008,0.018635,172.31.40.0-255,66,172648,64,316348
19009,0.020962,74.125.24.0-255,5738,178386,64,316348
19010,0.020977,172.31.40.0-255,66,178452,64,316348
19011,0.023326,74.125.24.0-255,5738,184190,64,316348
19012,0.023339,172.31.40.0-255,66,184256,64,316348
19013,0.025677,74.125.24.0-255,5738,189994,64,316348
19014,0.025695,172.31.40.0-255,66,190060,64,316348
19015,0.028032,74.125.24.0-255,5738,195798,64,316348
19016,0.028046,172.31.40.0-255,66,195864,64,316348
19017,0.030378,74.125.24.0-255,5738,201602,64,316348
19018,0.03039,172.31.40.0-255,66,201668,64,316348
19019,0.032701,74.125.24.0-255,5738,207406,64,316348
19020,0.032718,172.31.40.0-255,66,207472,64,316348
19021,0.035096,74.125.24.0-255,5738,213210,64,316348
19022,0.035114,172.31.40.0-255,66,213276,64,316348
19023,0.037469,74.125.24.0-255,5738,219014,64,316348
19024,0.037479,172.31.40.0-255,66,219080,64,316348
19025,0.039822,74.125.24.0-255,5738,224818,64,316348
19026,0.039846,172.31.40.0-255,66,224884,64,316348
19027,0.042208,74.125.24.0-255,5738,230622,64,316348
19028,0.042226,172.31.40.0-255,66,230688,64,316348
19029,0.044605,74.125.24.0-255,5738,236426,64,316348
19030,0.044622,172.31.40.0-255,66,236492,64,316348
19031,0.046953,74.125.24.0-255,5738,242230,64,316348
19032,0.046967,172.31.40.0-255,66,242296,64,316348
19033,0.049287,74.125.24.0-255,5738,248034,64,316348
19034,0.049301,172.31.40.0-255,66,248100,64,316348
19035,0.051644,74.125.24.0-255,5738,253838,64,316348
19036,0.051661,172.31.40.0-255,66,253904,64,316348
19037,0.052141,172.31.40.0-255,176,254080,64,316348
19038,0.052175,172.31.40.0-255,1112,255192,64,316348
19039,0.052238,172.31.40.0-255,1514,256706,64,316348
19040,0.052259,172.31.40.0-255,1296,258002,64,316348
19041,0.053671,104.244.42.0-255,66,258068,64,316348
19042,0.053707,104.244.42.0-255,66,258134,64,316348
19043,0.053803,104.244.42.0-255,66,258200,64,316348
19044,0.053981,74.125.24.0-255,5738,263938,64,316348
19045,0.053988,172.31.40.0-255,66,264004,64,316348
19046,0.056334,74.125.24.0-255,5738,269742,64,316348
19047,0.056346,172.31.40.0-255,66,269808,64,316348
19048,0.058687,74.125.24.0-255,5738,275546,64,316348
19049,0.058705,172.31.40.0-255,66,275612,64,316348
19050,0.061061,74.125.24.0-255,5738,281350,64,316348
19051,0.06108,172.31.40.0-255,66,281416,64,316348
19052,0.063411,74.125.24.0-255,5738,287154,64,316348
19053,0.06343,172.31.40.0-255,66,287220,64,316348
19054,0.065769,74.125.24.0-255,5738,292958,64,316348
19055,0.065785,172.31.40.0-255,66,293024,64,316348
19056,0.06812,74.125.24.0-255,5738,298762,64,316348
19057,0.068141,172.31.40.0-255,66,298828,64,316348
19058,0.070504,74.125.24.0-255,5738,304566,64,316348
19059,0.070516,172.31.40.0-255,66,304632,64,316348
19060,0.072896,74.125.24.0-255,5738,310370,64,316348
19061,0.072918,172.31.40.0-255,66,310436,64,316348
19062,0.075308,74.125.24.0-255,5675,316111,64,316348
19063,0.075328,172.31.40.0-255,66,316177,64,316348
19064,0.075652,172.31.40.0-255,105,316282,64,316348
19065,0.077944,74.125.24.0-255,66,316348,64,316348
19066,0.0,74.125.130.0-255,156,156,64,350423
19067,2.7e-05,172.31.40.0-255,66,222,64,350423
19068,3.4e-05,74.125.130.0-255,1484,1706,64,350423
19069,4e-05,172.31.40.0-255,66,1772,64,350423
19070,4.4e-05,74.125.130.0-255,2902,4674,64,350423
19071,4.7e-05,172.31.40.0-255,66,4740,64,350423
19072,5.9e-05,74.125.130.0-255,5738,10478,64,350423
19073,6.2e-05,172.31.40.0-255,66,10544,64,350423
19074,9.4e-05,74.125.130.0-255,3484,14028,64,350423
19075,9.7e-05,172.31.40.0-255,66,14094,64,350423
19076,0.000336,74.125.130.0-255,1484,15578,64,350423
19077,0.000343,172.31.40.0-255,66,15644,64,350423
19078,0.000348,74.125.130.0-255,2902,18546,64,350423
19079,0.00035,172.31.40.0-255,66,18612,64,350423
19080,0.000381,74.125.130.0-255,4320,22932,64,350423
19081,0.000385,172.31.40.0-255,66,22998,64,350423
19082,0.000398,74.125.130.0-255,1484,24482,64,350423
19083,0.000405,172.31.40.0-255,66,24548,64,350423
19084,0.000412,74.125.130.0-255,6797,31345,64,350423
19085,0.000415,172.31.40.0-255,66,31411,64,350423
19086,0.000438,74.125.130.0-255,4320,35731,64,350423
19087,0.000442,172.31.40.0-255,66,35797,64,350423
19088,0.000445,74.125.130.0-255,1484,37281,64,350423
19089,0.000448,172.31.40.0-255,66,37347,64,350423
19090,0.000479,74.125.130.0-255,4320,41667,64,350423
19091,0.000483,172.31.40.0-255,66,41733,64,350423
19092,0.000495,172.31.40.0-255,66,41799,64,350423
19093,0.000539,74.125.130.0-255,2902,44701,64,350423
19094,0.000544,172.31.40.0-255,66,44767,64,350423
19095,0.000575,74.125.130.0-255,5738,50505,64,350423
19096,0.000578,172.31.40.0-255,66,50571,64,350423
19097,0.000584,74.125.130.0-255,3602,54173,64,350423
19098,0.000587,172.31.40.0-255,66,54239,64,350423
19099,0.000623,74.125.130.0-255,339,54578,64,350423
19100,0.000649,74.125.130.0-255,118,54696,64,350423
19101,0.000806,74.125.130.0-255,1484,56180,64,350423
19102,0.000809,172.31.40.0-255,66,56246,64,350423
19103,0.000815,74.125.130.0-255,2902,59148,64,350423
19104,0.000817,172.31.40.0-255,66,59214,64,350423
19105,0.000822,74.125.130.0-255,2902,62116,64,350423
19106,0.000824,172.31.40.0-255,66,62182,64,350423
19107,0.000862,74.125.130.0-255,2902,65084,64,350423
19108,0.000865,172.31.40.0-255,66,65150,64,350423
19109,0.000875,172.31.40.0-255,66,65216,64,350423
19110,0.000886,172.31.40.0-255,66,65282,64,350423
19111,0.00089,74.125.130.0-255,2902,68184,64,350423
19112,0.000893,172.31.40.0-255,66,68250,64,350423
19113,0.00092,74.125.130.0-255,2184,70434,64,350423
19114,0.000923,172.31.40.0-255,66,70500,64,350423
19115,0.000925,74.125.130.0-255,384,70884,64,350423
19116,0.001039,74.125.130.0-255,1484,72368,64,350423
19117,0.001043,172.31.40.0-255,66,72434,64,350423
19118,0.001065,74.125.130.0-255,2902,75336,64,350423
19119,0.001069,172.31.40.0-255,66,75402,64,350423
19120,0.001076,74.125.130.0-255,4320,79722,64,350423
19121,0.001079,172.31.40.0-255,66,79788,64,350423
19122,0.001102,74.125.130.0-255,1484,81272,64,350423
19123,0.001109,74.125.130.0-255,7156,88428,64,350423
19124,0.001112,172.31.40.0-255,66,88494,64,350423
19125,0.001122,172.31.40.0-255,66,88560,64,350423
19126,0.001156,172.31.40.0-255,66,88626,64,350423
19127,0.001361,74.125.130.0-255,1484,90110,64,350423
19128,0.001366,74.125.130.0-255,2902,93012,64,350423
19129,0.001369,172.31.40.0-255,66,93078,64,350423
19130,0.001373,74.125.130.0-255,1484,94562,64,350423
19131,0.001392,74.125.130.0-255,4320,98882,64,350423
19132,0.001395,172.31.40.0-255,66,98948,64,350423
19133,0.0014,74.125.130.0-255,4320,103268,64,350423
19134,0.001402,172.31.40.0-255,66,103334,64,350423
19135,0.00143,74.125.130.0-255,5738,109072,64,350423
19136,0.001434,172.31.40.0-255,66,109138,64,350423
19137,0.001474,74.125.130.0-255,5738,114876,64,350423
19138,0.001477,172.31.40.0-255,66,114942,64,350423
19139,0.001506,74.125.130.0-255,5738,120680,64,350423
19140,0.001509,172.31.40.0-255,66,120746,64,350423
19141,0.001513,74.125.130.0-255,2184,122930,64,350423
19142,0.001515,172.31.40.0-255,66,122996,64,350423
19143,0.001839,74.125.130.0-255,1484,124480,64,350423
19144,0.001849,74.125.130.0-255,2902,127382,64,350423
19145,0.001853,172.31.40.0-255,66,127448,64,350423
19146,0.001859,74.125.130.0-255,2902,130350,64,350423
19147,0.001861,172.31.40.0-255,66,130416,64,350423
19148,0.001892,74.125.130.0-255,2902,133318,64,350423
19149,0.001896,172.31.40.0-255,66,133384,64,350423
19150,0.00191,172.31.40.0-255,66,133450,64,350423
19151,0.00192,172.31.40.0-255,66,133516,64,350423
19152,0.001942,74.125.130.0-255,2184,135700,64,350423
19153,0.001945,172.31.40.0-255,66,135766,64,350423
19154,0.004525,74.125.130.0-255,2902,138668,64,350423
19155,0.004532,172.31.40.0-255,66,138734,64,350423
19156,0.004557,74.125.130.0-255,2902,141636,64,350423
19157,0.004559,172.31.40.0-255,66,141702,64,350423
19158,0.007156,74.125.130.0-255,2902,144604,64,350423
19159,0.007162,172.31.40.0-255,66,144670,64,350423
19160,0.0072,74.125.130.0-255,2902,147572,64,350423
19161,0.007203,172.31.40.0-255,66,147638,64,350423
19162,0.009782,74.125.130.0-255,2902,150540,64,350423
19163,0.009789,172.31.40.0-255,66,150606,64,350423
19164,0.009818,74.125.130.0-255,2902,153508,64,350423
19165,0.009821,172.31.40.0-255,66,153574,64,350423
19166,0.012395,74.125.130.0-255,2902,156476,64,350423
19167,0.012402,172.31.40.0-255,66,156542,64,350423
19168,0.012442,74.125.130.0-255,2902,159444,64,350423
19169,0.012445,172.31.40.0-255,66,159510,64,350423
19170,0.01502,74.125.130.0-255,2902,162412,64,350423
19171,0.015027,172.31.40.0-255,66,162478,64,350423
19172,0.015063,74.125.130.0-255,2902,165380,64,350423
19173,0.015067,172.31.40.0-255,66,165446,64,350423
19174,0.017647,74.125.130.0-255,2902,168348,64,350423
19175,0.017656,172.31.40.0-255,66,168414,64,350423
19176,0.017692,74.125.130.0-255,2902,171316,64,350423
19177,0.017696,172.31.40.0-255,66,171382,64,350423
19178,0.020269,74.125.130.0-255,2902,174284,64,350423
19179,0.020279,172.31.40.0-255,66,174350,64,350423
19180,0.020316,74.125.130.0-255,2902,177252,64,350423
19181,0.02032,172.31.40.0-255,66,177318,64,350423
19182,0.022904,74.125.130.0-255,2902,180220,64,350423
19183,0.022911,172.31.40.0-255,66,180286,64,350423
19184,0.022943,74.125.130.0-255,2902,183188,64,350423
19185,0.022951,172.31.40.0-255,66,183254,64,350423
19186,0.025343,172.31.40.0-255,172,183426,64,350423
19187,0.025376,172.31.40.0-255,1112,184538,64,350423
19188,0.025415,172.31.40.0-255,1514,186052,64,350423
19189,0.025416,172.31.40.0-255,1296,187348,64,350423
19190,0.025535,74.125.130.0-255,2902,190250,64,350423
19191,0.025545,172.31.40.0-255,66,190316,64,350423
19192,0.025578,74.125.130.0-255,2902,193218,64,350423
19193,0.025582,172.31.40.0-255,66,193284,64,350423
19194,0.026926,104.244.42.0-255,66,193350,64,350423
19195,0.02695,104.244.42.0-255,66,193416,64,350423
19196,0.026993,104.244.42.0-255,66,193482,64,350423
19197,0.028164,74.125.130.0-255,2902,196384,64,350423
19198,0.028179,172.31.40.0-255,66,196450,64,350423
19199,0.02821,74.125.130.0-255,2902,199352,64,350423
19200,0.028215,172.31.40.0-255,66,199418,64,350423
19201,0.030822,74.125.130.0-255,5738,205156,64,350423
19202,0.03084,172.31.40.0-255,66,205222,64,350423
19203,0.033493,74.125.130.0-255,5738,210960,64,350423
19204,0.033512,172.31.40.0-255,66,211026,64,350423
19205,0.036158,74.125.130.0-255,5738,216764,64,350423
19206,0.036177,172.31.40.0-255,66,216830,64,350423
19207,0.038859,74.125.130.0-255,5738,222568,64,350423
19208,0.038877,172.31.40.0-255,66,222634,64,350423
19209,0.041525,74.125.130.0-255,5738,228372,64,350423
19210,0.041549,172.31.40.0-255,66,228438,64,350423
19211,0.044191,74.125.130.0-255,5738,234176,64,350423
19212,0.044211,172.31.40.0-255,66,234242,64,350423
19213,0.046867,74.125.130.0-255,5738,239980,64,350423
19214,0.046889,172.31.40.0-255,66,240046,64,350423
19215,0.049545,74.125.130.0-255,5738,245784,64,350423
19216,0.049556,172.31.40.0-255,66,245850,64,350423
19217,0.052201,74.125.130.0-255,5738,251588,64,350423
19218,0.05222,172.31.40.0-255,66,251654,64,350423
19219,0.054851,74.125.130.0-255,5738,257392,64,350423
19220,0.05487,172.31.40.0-255,66,257458,64,350423
19221,0.057509,74.125.130.0-255,5738,263196,64,350423
19222,0.057529,172.31.40.0-255,66,263262,64,350423
19223,0.060163,74.125.130.0-255,5738,269000,64,350423
19224,0.060182,172.31.40.0-255,66,269066,64,350423
19225,0.062829,74.125.130.0-255,5738,274804,64,350423
19226,0.06285,172.31.40.0-255,66,274870,64,350423
19227,0.065536,74.125.130.0-255,5738,280608,64,350423
19228,0.065553,172.31.40.0-255,66,280674,64,350423
19229,0.0682,74.125.130.0-255,5738,286412,64,350423
19230,0.06822,172.31.40.0-255,66,286478,64,350423
19231,0.0709,74.125.130.0-255,5738,292216,64,350423
19232,0.07092,172.31.40.0-255,66,292282,64,350423
19233,0.073647,74.125.130.0-255,5738,298020,64,350423
19234,0.073659,172.31.40.0-255,66,298086,64,350423
19235,0.076286,74.125.130.0-255,5738,303824,64,350423
19236,0.076293,172.31.40.0-255,66,303890,64,350423
19237,0.07892,74.125.130.0-255,5738,309628,64,350423
19238,0.078926,172.31.40.0-255,66,309694,64,350423
19239,0.081548,74.125.130.0-255,5738,315432,64,350423
19240,0.081554,172.31.40.0-255,66,315498,64,350423
19241,0.084176,74.125.130.0-255,5738,321236,64,350423
19242,0.084182,172.31.40.0-255,66,321302,64,350423
19243,0.086819,74.125.130.0-255,5738,327040,64,350423
19244,0.086825,172.31.40.0-255,66,327106,64,350423
19245,0.089465,74.125.130.0-255,5738,332844,64,350423
19246,0.089473,172.31.40.0-255,66,332910,64,350423
19247,0.092093,74.125.130.0-255,5738,338648,64,350423
19248,0.092103,172.31.40.0-255,66,338714,64,350423
19249,0.094732,74.125.130.0-255,5738,344452,64,350423
19250,0.09474,172.31.40.0-255,66,344518,64,350423
19251,0.097364,74.125.130.0-255,5738,350256,64,350423
19252,0.097371,172.31.40.0-255,66,350322,64,350423
19253,0.09751,172.31.40.0-255,101,350423,64,350423
19254,0.0,172.253.118.0-255,146,146,64,333615
19255,2.3e-05,172.31.40.0-255,66,212,64,333615
19256,3e-05,172.253.118.0-255,1484,1696,64,333615
19257,3.5e-05,172.31.40.0-255,66,1762,64,333615
19258,4.1e-05,172.253.118.0-255,2902,4664,64,333615
19259,4.5e-05,172.31.40.0-255,66,4730,64,333615
19260,5.2e-05,172.253.118.0-255,5738,10468,64,333615
19261,5.5e-05,172.31.40.0-255,66,10534,64,333615
19262,8e-05,172.253.118.0-255,3494,14028,64,333615
19263,8.2e-05,172.31.40.0-255,66,14094,64,333615
19264,8.9e-05,172.253.118.0-255,4320,18414,64,333615
19265,9.1e-05,172.31.40.0-255,66,18480,64,333615
19266,0.000121,172.31.40.0-255,66,18546,64,333615
19267,0.000128,172.253.118.0-255,7156,25702,64,333615
19268,0.000131,172.31.40.0-255,66,25768,64,333615
19269,0.000188,172.31.40.0-255,66,25834,64,333615
19270,0.000208,172.253.118.0-255,3602,29436,64,333615
19271,0.00021,172.31.40.0-255,66,29502,64,333615
19272,0.000236,172.31.40.0-255,66,29568,64,333615
19273,0.000296,172.253.118.0-255,2902,32470,64,333615
19274,0.000299,172.31.40.0-255,66,32536,64,333615
19275,0.000321,172.253.118.0-255,5686,38222,64,333615
19276,0.000324,172.31.40.0-255,66,38288,64,333615
19277,0.000333,172.31.40.0-255,66,38354,64,333615
19278,0.000357,172.253.118.0-255,7156,45510,64,333615
19279,0.00036,172.31.40.0-255,66,45576,64,333615
19280,0.000375,172.253.118.0-255,827,46403,64,333615
19281,0.000377,172.31.40.0-255,66,46469,64,333615
19282,0.000424,172.253.118.0-255,1484,47953,64,333615
19283,0.000429,172.253.118.0-255,2902,50855,64,333615
19284,0.000432,172.31.40.0-255,66,50921,64,333615
19285,0.000453,172.253.118.0-255,4320,55241,64,333615
19286,0.000456,172.31.40.0-255,66,55307,64,333615
19287,0.000473,172.253.118.0-255,1484,56791,64,333615
19288,0.000478,172.253.118.0-255,4320,61111,64,333615
19289,0.000481,172.31.40.0-255,66,61177,64,333615
19290,0.000504,172.253.118.0-255,6797,67974,64,333615
19291,0.000506,172.31.40.0-255,66,68040,64,333615
19292,0.000519,172.31.40.0-255,66,68106,64,333615
19293,0.000521,172.253.118.0-255,1125,69231,64,333615
19294,0.001271,172.31.40.0-255,66,69297,64,333615
19295,0.002239,172.253.118.0-255,1484,70781,64,333615
19296,0.002249,172.253.118.0-255,2902,73683,64,333615
19297,0.002253,172.31.40.0-255,66,73749,64,333615
19298,0.00226,172.253.118.0-255,5738,79487,64,333615
19299,0.002262,172.31.40.0-255,66,79553,64,333615
19300,0.002281,172.253.118.0-255,1484,81037,64,333615
19301,0.002305,172.31.40.0-255,66,81103,64,333615
19302,0.004561,172.253.118.0-255,5738,86841,64,333615
19303,0.004565,172.31.40.0-255,66,86907,64,333615
19304,0.006795,172.253.118.0-255,5738,92645,64,333615
19305,0.006802,172.31.40.0-255,66,92711,64,333615
19306,0.009033,172.253.118.0-255,5738,98449,64,333615
19307,0.009042,172.31.40.0-255,66,98515,64,333615
19308,0.011301,172.253.118.0-255,5738,104253,64,333615
19309,0.01131,172.31.40.0-255,66,104319,64,333615
19310,0.013571,172.253.118.0-255,5738,110057,64,333615
19311,0.013583,172.31.40.0-255,66,110123,64,333615
19312,0.015833,172.253.118.0-255,5738,115861,64,333615
19313,0.015841,172.31.40.0-255,66,115927,64,333615
19314,0.018104,172.253.118.0-255,5738,121665,64,333615
19315,0.018111,172.31.40.0-255,66,121731,64,333615
19316,0.020349,172.253.118.0-255,4320,126051,64,333615
19317,0.020357,172.31.40.0-255,66,126117,64,333615
19318,0.020377,172.253.118.0-255,1484,127601,64,333615
19319,0.022617,172.253.118.0-255,4320,131921,64,333615
19320,0.022625,172.31.40.0-255,66,131987,64,333615
19321,0.024867,172.253.118.0-255,5738,137725,64,333615
19322,0.024873,172.31.40.0-255,66,137791,64,333615
19323,0.026032,172.31.40.0-255,172,137963,64,333615
19324,0.026065,172.31.40.0-255,1112,139075,64,333615
19325,0.026125,172.31.40.0-255,1514,140589,64,333615
19326,0.026127,172.31.40.0-255,1296,141885,64,333615
19327,0.027125,172.253.118.0-255,5738,147623,64,333615
19328,0.027132,172.31.40.0-255,66,147689,64,333615
19329,0.027558,104.244.42.0-255,66,147755,64,333615
19330,0.027603,104.244.42.0-255,66,147821,64,333615
19331,0.02771,104.244.42.0-255,66,147887,64,333615
19332,0.029396,172.253.118.0-255,5738,153625,64,333615
19333,0.029403,172.31.40.0-255,66,153691,64,333615
19334,0.031659,172.253.118.0-255,5738,159429,64,333615
19335,0.031666,172.31.40.0-255,66,159495,64,333615
19336,0.033911,172.253.118.0-255,5738,165233,64,333615
19337,0.033916,172.31.40.0-255,66,165299,64,333615
19338,0.03618,172.253.118.0-255,5738,171037,64,333615
19339,0.036186,172.31.40.0-255,66,171103,64,333615
19340,0.038441,172.253.118.0-255,5738,176841,64,333615
19341,0.038448,172.31.40.0-255,66,176907,64,333615
19342,0.04071,172.253.118.0-255,5738,182645,64,333615
19343,0.040717,172.31.40.0-255,66,182711,64,333615
19344,0.042968,172.253.118.0-255,5738,188449,64,333615
19345,0.042975,172.31.40.0-255,66,188515,64,333615
19346,0.045259,172.253.118.0-255,5738,194253,64,333615
19347,0.045265,172.31.40.0-255,66,194319,64,333615
19348,0.047536,172.253.118.0-255,5738,200057,64,333615
19349,0.047543,172.31.40.0-255,66,200123,64,333615
19350,0.049794,172.253.118.0-255,5738,205861,64,333615
19351,0.049801,172.31.40.0-255,66,205927,64,333615
19352,0.052065,172.253.118.0-255,5738,211665,64,333615
19353,0.052071,172.31.40.0-255,66,211731,64,333615
19354,0.054321,172.253.118.0-255,5738,217469,64,333615
19355,0.054327,172.31.40.0-255,66,217535,64,333615
19356,0.056591,172.253.118.0-255,5738,223273,64,333615
19357,0.056597,172.31.40.0-255,66,223339,64,333615
19358,0.058837,172.253.118.0-255,5738,229077,64,333615
19359,0.058844,172.31.40.0-255,66,229143,64,333615
19360,0.061106,172.253.118.0-255,5738,234881,64,333615
19361,0.061116,172.31.40.0-255,66,234947,64,333615
19362,0.06337,172.253.118.0-255,5738,240685,64,333615
19363,0.063376,172.31.40.0-255,66,240751,64,333615
19364,0.065635,172.253.118.0-255,5738,246489,64,333615
19365,0.065641,172.31.40.0-255,66,246555,64,333615
19366,0.067917,172.253.118.0-255,5738,252293,64,333615
19367,0.067924,172.31.40.0-255,66,252359,64,333615
19368,0.070174,172.253.118.0-255,5738,258097,64,333615
19369,0.070181,172.31.40.0-255,66,258163,64,333615
19370,0.072412,172.253.118.0-255,5738,263901,64,333615
19371,0.072419,172.31.40.0-255,66,263967,64,333615
19372,0.074675,172.253.118.0-255,5738,269705,64,333615
19373,0.074682,172.31.40.0-255,66,269771,64,333615
19374,0.076921,172.253.118.0-255,5738,275509,64,333615
19375,0.076928,172.31.40.0-255,66,275575,64,333615
19376,0.079165,172.253.118.0-255,5738,281313,64,333615
19377,0.079172,172.31.40.0-255,66,281379,64,333615
19378,0.081426,172.253.118.0-255,5738,287117,64,333615
19379,0.081433,172.31.40.0-255,66,287183,64,333615
19380,0.083689,172.253.118.0-255,5738,292921,64,333615
19381,0.083695,172.31.40.0-255,66,292987,64,333615
19382,0.085941,172.253.118.0-255,5738,298725,64,333615
19383,0.085947,172.31.40.0-255,66,298791,64,333615
19384,0.088196,172.253.118.0-255,5738,304529,64,333615
19385,0.088202,172.31.40.0-255,66,304595,64,333615
19386,0.090463,172.253.118.0-255,5738,310333,64,333615
19387,0.09047,172.31.40.0-255,66,310399,64,333615
19388,0.09274,172.253.118.0-255,5738,316137,64,333615
19389,0.092747,172.31.40.0-255,66,316203,64,333615
19390,0.095004,172.253.118.0-255,5738,321941,64,333615
19391,0.095011,172.31.40.0-255,66,322007,64,333615
19392,0.097264,172.253.118.0-255,5738,327745,64,333615
19393,0.097271,172.31.40.0-255,66,327811,64,333615
19394,0.099556,172.253.118.0-255,5738,333549,64,333615
19395,0.099562,172.31.40.0-255,66,333615,64,333615
19396,0.0,74.125.24.0-255,152,152,64,274466
19397,2.5e-05,172.31.40.0-255,66,218,64,274466
19398,3.3e-05,74.125.24.0-255,1484,1702,64,274466
19399,3.7e-05,172.31.40.0-255,66,1768,64,274466
19400,4.2e-05,74.125.24.0-255,2902,4670,64,274466
19401,4.4e-05,172.31.40.0-255,66,4736,64,274466
19402,5.8e-05,74.125.24.0-255,7156,11892,64,274466
19403,6e-05,172.31.40.0-255,66,11958,64,274466
19404,7.1e-05,172.31.40.0-255,66,12024,64,274466
19405,8.9e-05,74.125.24.0-255,610,12634,64,274466
19406,9.2e-05,172.31.40.0-255,66,12700,64,274466
19407,0.000107,172.31.40.0-255,66,12766,64,274466
19408,0.000192,74.125.24.0-255,1484,14250,64,274466
19409,0.000195,172.31.40.0-255,66,14316,64,274466
19410,0.000222,74.125.24.0-255,2902,17218,64,274466
19411,0.000224,172.31.40.0-255,66,17284,64,274466
19412,0.000229,74.125.24.0-255,5738,23022,64,274466
19413,0.000232,172.31.40.0-255,66,23088,64,274466
19414,0.000266,74.125.24.0-255,1484,24572,64,274466
19415,0.000268,172.31.40.0-255,66,24638,64,274466
19416,0.000301,172.31.40.0-255,66,24704,64,274466
19417,0.000312,172.31.40.0-255,66,24770,64,274466
19418,0.00032,74.125.24.0-255,4275,29045,64,274466
19419,0.000322,172.31.40.0-255,66,29111,64,274466
19420,0.000345,74.125.24.0-255,109,29220,64,274466
19421,0.000347,172.31.40.0-255,66,29286,64,274466
19422,0.000552,74.125.24.0-255,330,29616,64,274466
19423,0.000557,172.31.40.0-255,66,29682,64,274466
19424,0.000728,74.125.24.0-255,1484,31166,64,274466
19425,0.000733,74.125.24.0-255,1484,32650,64,274466
19426,0.000735,172.31.40.0-255,66,32716,64,274466
19427,0.000757,74.125.24.0-255,1484,34200,64,274466
19428,0.000764,74.125.24.0-255,5738,39938,64,274466
19429,0.000766,172.31.40.0-255,66,40004,64,274466
19430,0.000793,74.125.24.0-255,2902,42906,64,274466
19431,0.000795,172.31.40.0-255,66,42972,64,274466
19432,0.000818,74.125.24.0-255,4320,47292,64,274466
19433,0.000852,172.31.40.0-255,66,47358,64,274466
19434,0.000859,172.31.40.0-255,66,47424,64,274466
19435,0.000867,74.125.24.0-255,4320,51744,64,274466
19436,0.00087,172.31.40.0-255,66,51810,64,274466
19437,0.000874,74.125.24.0-255,2184,53994,64,274466
19438,0.000876,172.31.40.0-255,66,54060,64,274466
19439,0.000906,74.125.24.0-255,1484,55544,64,274466
19440,0.00091,74.125.24.0-255,2902,58446,64,274466
19441,0.000913,172.31.40.0-255,66,58512,64,274466
19442,0.000916,74.125.24.0-255,1484,59996,64,274466
19443,0.000942,74.125.24.0-255,2902,62898,64,274466
19444,0.000945,172.31.40.0-255,66,62964,64,274466
19445,0.000953,172.31.40.0-255,66,63030,64,274466
19446,0.000988,74.125.24.0-255,5738,68768,64,274466
19447,0.000991,172.31.40.0-255,66,68834,64,274466
19448,0.001011,74.125.24.0-255,7156,75990,64,274466
19449,0.001014,172.31.40.0-255,66,76056,64,274466
19450,0.00104,74.125.24.0-255,3602,79658,64,274466
19451,0.001042,172.31.40.0-255,66,79724,64,274466
19452,0.001045,74.125.24.0-255,1484,81208,64,274466
19453,0.001049,74.125.24.0-255,2902,84110,64,274466
19454,0.001051,172.31.40.0-255,66,84176,64,274466
19455,0.001055,74.125.24.0-255,2902,87078,64,274466
19456,0.001061,172.31.40.0-255,66,87144,64,274466
19457,0.001092,74.125.24.0-255,2902,90046,64,274466
19458,0.001095,172.31.40.0-255,66,90112,64,274466
19459,0.001107,172.31.40.0-255,66,90178,64,274466
19460,0.00113,74.125.24.0-255,5738,95916,64,274466
19461,0.001134,172.31.40.0-255,66,95982,64,274466
19462,0.001163,172.31.40.0-255,66,96048,64,274466
19463,0.001185,74.125.24.0-255,1484,97532,64,274466
19464,0.001187,74.125.24.0-255,1484,99016,64,274466
19465,0.001189,172.31.40.0-255,66,99082,64,274466
19466,0.001214,74.125.24.0-255,1484,100566,64,274466
19467,0.00122,74.125.24.0-255,5738,106304,64,274466
19468,0.001222,74.125.24.0-255,1484,107788,64,274466
19469,0.001225,172.31.40.0-255,66,107854,64,274466
19470,0.001252,172.31.40.0-255,66,107920,64,274466
19471,0.001255,74.125.24.0-255,1484,109404,64,274466
19472,0.001291,172.31.40.0-255,66,109470,64,274466
19473,0.001322,74.125.24.0-255,5020,114490,64,274466
19474,0.001337,172.31.40.0-255,66,114556,64,274466
19475,0.00134,172.31.40.0-255,66,114622,64,274466
19476,0.001367,74.125.24.0-255,5738,120360,64,274466
19477,0.00137,172.31.40.0-255,66,120426,64,274466
19478,0.001413,172.31.40.0-255,66,120492,64,274466
19479,0.001432,172.31.40.0-255,66,120558,64,274466
19480,0.001456,74.125.24.0-255,2902,123460,64,274466
19481,0.00147,172.31.40.0-255,66,123526,64,274466
19482,0.001473,172.31.40.0-255,66,123592,64,274466
19483,0.004067,74.125.24.0-255,5738,129330,64,274466
19484,0.004074,172.31.40.0-255,66,129396,64,274466
19485,0.006653,74.125.24.0-255,5738,135134,64,274466
19486,0.006656,172.31.40.0-255,66,135200,64,274466
19487,0.009251,74.125.24.0-255,5738,140938,64,274466
19488,0.009259,172.31.40.0-255,66,141004,64,274466
19489,0.01184,74.125.24.0-255,5738,146742,64,274466
19490,0.011849,172.31.40.0-255,66,146808,64,274466
19491,0.014436,74.125.24.0-255,5738,152546,64,274466
19492,0.014445,172.31.40.0-255,66,152612,64,274466
19493,0.017059,74.125.24.0-255,5738,158350,64,274466
19494,0.017073,172.31.40.0-255,66,158416,64,274466
19495,0.019662,74.125.24.0-255,5738,164154,64,274466
19496,0.01968,172.31.40.0-255,66,164220,64,274466
19497,0.022262,74.125.24.0-255,5738,169958,64,274466
19498,0.02227,172.31.40.0-255,66,170024,64,274466
19499,0.024853,74.125.24.0-255,5738,175762,64,274466
19500,0.02486,172.31.40.0-255,66,175828,64,274466
19501,0.027444,74.125.24.0-255,5738,181566,64,274466
19502,0.027459,172.31.40.0-255,66,181632,64,274466
19503,0.030048,74.125.24.0-255,5738,187370,64,274466
19504,0.030056,172.31.40.0-255,66,187436,64,274466
19505,0.032649,74.125.24.0-255,5738,193174,64,274466
19506,0.032665,172.31.40.0-255,66,193240,64,274466
19507,0.035265,74.125.24.0-255,5738,198978,64,274466
19508,0.035282,172.31.40.0-255,66,199044,64,274466
19509,0.037862,74.125.24.0-255,5738,204782,64,274466
19510,0.037871,172.31.40.0-255,66,204848,64,274466
19511,0.03844,172.31.40.0-255,172,205020,64,274466
19512,0.038472,172.31.40.0-255,1112,206132,64,274466
19513,0.038531,172.31.40.0-255,1514,207646,64,274466
19514,0.038553,172.31.40.0-255,1296,208942,64,274466
19515,0.040008,104.244.42.0-255,66,209008,64,274466
19516,0.04008,104.244.42.0-255,66,209074,64,274466
19517,0.040116,104.244.42.0-255,66,209140,64,274466
19518,0.040431,74.125.24.0-255,5738,214878,64,274466
19519,0.040446,172.31.40.0-255,66,214944,64,274466
19520,0.043022,74.125.24.0-255,5738,220682,64,274466
19521,0.043036,172.31.40.0-255,66,220748,64,274466
19522,0.04563,74.125.24.0-255,5738,226486,64,274466
19523,0.045647,172.31.40.0-255,66,226552,64,274466
19524,0.048234,74.125.24.0-255,5738,232290,64,274466
19525,0.048252,172.31.40.0-255,66,232356,64,274466
19526,0.050837,74.125.24.0-255,5738,238094,64,274466
19527,0.050855,172.31.40.0-255,66,238160,64,274466
19528,0.053459,74.125.24.0-255,5738,243898,64,274466
19529,0.053471,172.31.40.0-255,66,243964,64,274466
19530,0.056053,74.125.24.0-255,5738,249702,64,274466
19531,0.056071,172.31.40.0-255,66,249768,64,274466
19532,0.058668,74.125.24.0-255,5738,255506,64,274466
19533,0.058686,172.31.40.0-255,66,255572,64,274466
19534,0.061292,74.125.24.0-255,5738,261310,64,274466
19535,0.061307,172.31.40.0-255,66,261376,64,274466
19536,0.063906,74.125.24.0-255,5738,267114,64,274466
19537,0.063924,172.31.40.0-255,66,267180,64,274466
19538,0.066543,74.125.24.0-255,5738,272918,64,274466
19539,0.066561,172.31.40.0-255,66,272984,64,274466
19540,0.069144,74.125.24.0-255,1245,274229,64,274466
19541,0.069345,172.31.40.0-255,66,274295,64,274466
19542,0.069389,172.31.40.0-255,105,274400,64,274466
19543,0.071946,74.125.24.0-255,66,274466,64,274466
19544,0.0,172.217.194.0-255,152,152,64,200137
19545,2.3e-05,172.31.40.0-255,66,218,64,200137
19546,3e-05,172.217.194.0-255,1484,1702,64,200137
19547,3.5e-05,172.31.40.0-255,66,1768,64,200137
19548,4e-05,172.217.194.0-255,2902,4670,64,200137
19549,4.4e-05,172.31.40.0-255,66,4736,64,200137
19550,5.2e-05,172.217.194.0-255,7156,11892,64,200137
19551,5.4e-05,172.31.40.0-255,66,11958,64,200137
19552,5.8e-05,172.217.194.0-255,2071,14029,64,200137
19553,6.2e-05,172.31.40.0-255,66,14095,64,200137
19554,8.3e-05,172.217.194.0-255,4320,18415,64,200137
19555,8.7e-05,172.31.40.0-255,66,18481,64,200137
19556,0.000116,172.217.194.0-255,7156,25637,64,200137
19557,0.000119,172.31.40.0-255,66,25703,64,200137
19558,0.000125,172.217.194.0-255,5379,31082,64,200137
19559,0.000127,172.31.40.0-255,66,31148,64,200137
19560,0.000277,172.217.194.0-255,1484,32632,64,200137
19561,0.000282,172.31.40.0-255,66,32698,64,200137
19562,0.000287,172.217.194.0-255,2902,35600,64,200137
19563,0.000289,172.31.40.0-255,66,35666,64,200137
19564,0.000293,172.217.194.0-255,1484,37150,64,200137
19565,0.000294,172.31.40.0-255,66,37216,64,200137
19566,0.000319,172.217.194.0-255,4320,41536,64,200137
19567,0.000322,172.31.40.0-255,66,41602,64,200137
19568,0.000325,172.217.194.0-255,1484,43086,64,200137
19569,0.000327,172.31.40.0-255,66,43152,64,200137
19570,0.000338,172.31.40.0-255,66,43218,64,200137
19571,0.000351,172.217.194.0-255,1125,44343,64,200137
19572,0.000353,172.31.40.0-255,66,44409,64,200137
19573,0.000356,172.217.194.0-255,1484,45893,64,200137
19574,0.000359,172.31.40.0-255,66,45959,64,200137
19575,0.000394,172.31.40.0-255,66,46025,64,200137
19576,0.000397,172.217.194.0-255,120,46145,64,200137
19577,0.000445,172.217.194.0-255,1484,47629,64,200137
19578,0.000447,172.31.40.0-255,66,47695,64,200137
19579,0.000453,172.217.194.0-255,2902,50597,64,200137
19580,0.000456,172.31.40.0-255,66,50663,64,200137
19581,0.000463,172.217.194.0-255,7156,57819,64,200137
19582,0.000466,172.31.40.0-255,66,57885,64,200137
19583,0.000469,172.217.194.0-255,1484,59369,64,200137
19584,0.000472,172.217.194.0-255,1484,60853,64,200137
19585,0.000474,172.31.40.0-255,66,60919,64,200137
19586,0.000505,172.31.40.0-255,66,60985,64,200137
19587,0.00051,172.217.194.0-255,2902,63887,64,200137
19588,0.000512,172.31.40.0-255,66,63953,64,200137
19589,0.000547,172.31.40.0-255,66,64019,64,200137
19590,0.000587,172.217.194.0-255,1484,65503,64,200137
19591,0.00059,172.217.194.0-255,1484,66987,64,200137
19592,0.000592,172.31.40.0-255,66,67053,64,200137
19593,0.000611,172.217.194.0-255,1484,68537,64,200137
19594,0.000614,172.217.194.0-255,2902,71439,64,200137
19595,0.000616,172.31.40.0-255,66,71505,64,200137
19596,0.00062,172.217.194.0-255,2902,74407,64,200137
19597,0.000622,172.31.40.0-255,66,74473,64,200137
19598,0.000636,172.217.194.0-255,1484,75957,64,200137
19599,0.000643,172.217.194.0-255,5738,81695,64,200137
19600,0.000645,172.31.40.0-255,66,81761,64,200137
19601,0.00066,172.217.194.0-255,2902,84663,64,200137
19602,0.000662,172.31.40.0-255,66,84729,64,200137
19603,0.000708,172.31.40.0-255,66,84795,64,200137
19604,0.000737,172.217.194.0-255,3602,88397,64,200137
19605,0.000739,172.31.40.0-255,66,88463,64,200137
19606,0.000752,172.31.40.0-255,66,88529,64,200137
19607,0.000763,172.31.40.0-255,66,88595,64,200137
19608,0.0008,172.31.40.0-255,66,88661,64,200137
19609,0.000831,172.217.194.0-255,4320,92981,64,200137
19610,0.000861,172.217.194.0-255,6438,99419,64,200137
19611,0.000908,172.217.194.0-255,2902,102321,64,200137
19612,0.000912,172.217.194.0-255,4320,106641,64,200137
19613,0.000936,172.217.194.0-255,5738,112379,64,200137
19614,0.000957,172.217.194.0-255,766,113145,64,200137
19615,0.001049,172.217.194.0-255,1484,114629,64,200137
19616,0.001055,172.217.194.0-255,2902,117531,64,200137
19617,0.001075,172.217.194.0-255,1484,119015,64,200137
19618,0.001094,172.217.194.0-255,4320,123335,64,200137
19619,0.001114,172.217.194.0-255,5738,129073,64,200137
19620,0.001154,172.217.194.0-255,3602,132675,64,200137
19621,0.001188,172.217.194.0-255,4320,136995,64,200137
19622,0.001277,172.217.194.0-255,1484,138479,64,200137
19623,0.001297,172.217.194.0-255,2902,141381,64,200137
19624,0.001301,172.217.194.0-255,2902,144283,64,200137
19625,0.001318,172.217.194.0-255,2902,147185,64,200137
19626,0.001338,172.217.194.0-255,2902,150087,64,200137
19627,0.001386,172.217.194.0-255,5738,155825,64,200137
19628,0.0014,172.217.194.0-255,5020,160845,64,200137
19629,0.001629,172.217.194.0-255,1484,162329,64,200137
19630,0.001634,172.31.40.0-255,66,162395,64,200137
19631,0.001651,172.217.194.0-255,2902,165297,64,200137
19632,0.001654,172.217.194.0-255,1484,166781,64,200137
19633,0.001666,172.217.194.0-255,4320,171101,64,200137
19634,0.001681,172.217.194.0-255,1484,172585,64,200137
19635,0.001695,172.217.194.0-255,4320,176905,64,200137
19636,0.001711,172.217.194.0-255,4320,181225,64,200137
19637,0.001741,172.217.194.0-255,4320,185545,64,200137
19638,0.00177,172.217.194.0-255,2902,188447,64,200137
19639,0.001874,172.217.194.0-255,7054,195501,64,200137
19640,0.001876,172.217.194.0-255,105,195606,64,200137
19641,0.001982,172.31.40.0-255,66,195672,64,200137
19642,0.004784,172.31.40.0-255,105,195777,64,200137
19643,0.007019,172.217.194.0-255,66,195843,64,200137
19644,0.031673,172.31.40.0-255,172,196015,64,200137
19645,0.031706,172.31.40.0-255,1112,197127,64,200137
19646,0.031756,172.31.40.0-255,1514,198641,64,200137
19647,0.031757,172.31.40.0-255,1298,199939,64,200137
19648,0.033233,104.244.42.0-255,66,200005,64,200137
19649,0.033259,104.244.42.0-255,66,200071,64,200137
19650,0.033306,104.244.42.0-255,66,200137,64,200137
19651,0.0,74.125.68.0-255,153,153,64,394383
19652,1.9e-05,172.31.40.0-255,66,219,64,394383
19653,2.6e-05,74.125.68.0-255,1484,1703,64,394383
19654,3e-05,172.31.40.0-255,66,1769,64,394383
19655,3.5e-05,74.125.68.0-255,2902,4671,64,394383
19656,3.8e-05,172.31.40.0-255,66,4737,64,394383
19657,4.1e-05,74.125.68.0-255,1484,6221,64,394383
19658,4.3e-05,172.31.40.0-255,66,6287,64,394383
19659,7.3e-05,74.125.68.0-255,5738,12025,64,394383
19660,7.6e-05,172.31.40.0-255,66,12091,64,394383
19661,9.4e-05,74.125.68.0-255,5738,17829,64,394383
19662,9.6e-05,172.31.40.0-255,66,17895,64,394383
19663,0.000116,74.125.68.0-255,3531,21426,64,394383
19664,0.000118,172.31.40.0-255,66,21492,64,394383
19665,0.000128,172.31.40.0-255,66,21558,64,394383
19666,0.000232,74.125.68.0-255,1484,23042,64,394383
19667,0.000236,172.31.40.0-255,66,23108,64,394383
19668,0.00024,74.125.68.0-255,1484,24592,64,394383
19669,0.000242,172.31.40.0-255,66,24658,64,394383
19670,0.000246,74.125.68.0-255,2902,27560,64,394383
19671,0.000248,172.31.40.0-255,66,27626,64,394383
19672,0.000266,74.125.68.0-255,2902,30528,64,394383
19673,0.000268,172.31.40.0-255,66,30594,64,394383
19674,0.000279,74.125.68.0-255,2902,33496,64,394383
19675,0.000281,172.31.40.0-255,66,33562,64,394383
19676,0.000293,74.125.68.0-255,2902,36464,64,394383
19677,0.000295,172.31.40.0-255,66,36530,64,394383
19678,0.000312,74.125.68.0-255,3961,40491,64,394383
19679,0.000314,172.31.40.0-255,66,40557,64,394383
19680,0.000321,74.125.68.0-255,7156,47713,64,394383
19681,0.000323,172.31.40.0-255,66,47779,64,394383
19682,0.000345,74.125.68.0-255,2902,50681,64,394383
19683,0.000347,172.31.40.0-255,66,50747,64,394383
19684,0.000367,74.125.68.0-255,5646,56393,64,394383
19685,0.000369,172.31.40.0-255,66,56459,64,394383
19686,0.000371,74.125.68.0-255,134,56593,64,394383
19687,0.000455,74.125.68.0-255,1484,58077,64,394383
19688,0.000459,74.125.68.0-255,2902,60979,64,394383
19689,0.000463,172.31.40.0-255,66,61045,64,394383
19690,0.000471,172.31.40.0-255,66,61111,64,394383
19691,0.000475,74.125.68.0-255,2902,64013,64,394383
19692,0.000477,172.31.40.0-255,66,64079,64,394383
19693,0.000493,74.125.68.0-255,2902,66981,64,394383
19694,0.000496,172.31.40.0-255,66,67047,64,394383
19695,0.000501,74.125.68.0-255,5738,72785,64,394383
19696,0.000503,172.31.40.0-255,66,72851,64,394383
19697,0.000526,74.125.68.0-255,5738,78589,64,394383
19698,0.000529,172.31.40.0-255,66,78655,64,394383
19699,0.000543,74.125.68.0-255,1484,80139,64,394383
19700,0.000549,74.125.68.0-255,4320,84459,64,394383
19701,0.000551,172.31.40.0-255,66,84525,64,394383
19702,0.000572,74.125.68.0-255,2902,87427,64,394383
19703,0.000574,172.31.40.0-255,66,87493,64,394383
19704,0.000608,74.125.68.0-255,3602,91095,64,394383
19705,0.000611,172.31.40.0-255,66,91161,64,394383
19706,0.000693,74.125.68.0-255,1484,92645,64,394383
19707,0.000708,74.125.68.0-255,2902,95547,64,394383
19708,0.000711,172.31.40.0-255,66,95613,64,394383
19709,0.000735,74.125.68.0-255,5738,101351,64,394383
19710,0.000737,172.31.40.0-255,66,101417,64,394383
19711,0.000751,74.125.68.0-255,2902,104319,64,394383
19712,0.000753,172.31.40.0-255,66,104385,64,394383
19713,0.000771,74.125.68.0-255,4320,108705,64,394383
19714,0.000773,172.31.40.0-255,66,108771,64,394383
19715,0.000777,74.125.68.0-255,4320,113091,64,394383
19716,0.000779,172.31.40.0-255,66,113157,64,394383
19717,0.000808,74.125.68.0-255,4320,117477,64,394383
19718,0.000811,172.31.40.0-255,66,117543,64,394383
19719,0.000817,74.125.68.0-255,7156,124699,64,394383
19720,0.000819,172.31.40.0-255,66,124765,64,394383
19721,0.000836,74.125.68.0-255,766,125531,64,394383
19722,0.000884,74.125.68.0-255,1484,127015,64,394383
19723,0.000886,172.31.40.0-255,66,127081,64,394383
19724,0.000891,74.125.68.0-255,4320,131401,64,394383
19725,0.000893,172.31.40.0-255,66,131467,64,394383
19726,0.000897,74.125.68.0-255,2902,134369,64,394383
19727,0.000899,172.31.40.0-255,66,134435,64,394383
19728,0.000925,74.125.68.0-255,4320,138755,64,394383
19729,0.000928,172.31.40.0-255,66,138821,64,394383
19730,0.000942,74.125.68.0-255,2902,141723,64,394383
19731,0.000944,172.31.40.0-255,66,141789,64,394383
19732,0.000976,74.125.68.0-255,5738,147527,64,394383
19733,0.000978,74.125.68.0-255,1484,149011,64,394383
19734,0.000982,172.31.40.0-255,66,149077,64,394383
19735,0.001021,172.31.40.0-255,66,149143,64,394383
19736,0.001038,74.125.68.0-255,2184,151327,64,394383
19737,0.001041,172.31.40.0-255,66,151393,64,394383
19738,0.001081,74.125.68.0-255,352,151745,64,394383
19739,0.001175,74.125.68.0-255,1484,153229,64,394383
19740,0.001178,172.31.40.0-255,66,153295,64,394383
19741,0.001183,74.125.68.0-255,2902,156197,64,394383
19742,0.001185,172.31.40.0-255,66,156263,64,394383
19743,0.001207,74.125.68.0-255,5738,162001,64,394383
19744,0.001209,172.31.40.0-255,66,162067,64,394383
19745,0.00123,74.125.68.0-255,7156,169223,64,394383
19746,0.001233,172.31.40.0-255,66,169289,64,394383
19747,0.00126,74.125.68.0-255,4320,173609,64,394383
19748,0.001262,172.31.40.0-255,66,173675,64,394383
19749,0.001292,172.31.40.0-255,66,173741,64,394383
19750,0.001307,74.125.68.0-255,2184,175925,64,394383
19751,0.00131,172.31.40.0-255,66,175991,64,394383
19752,0.002027,74.125.68.0-255,1484,177475,64,394383
19753,0.002032,74.125.68.0-255,1484,178959,64,394383
19754,0.002036,172.31.40.0-255,66,179025,64,394383
19755,0.002042,74.125.68.0-255,2902,181927,64,394383
19756,0.002044,172.31.40.0-255,66,181993,64,394383
19757,0.002051,74.125.68.0-255,5738,187731,64,394383
19758,0.002053,172.31.40.0-255,66,187797,64,394383
19759,0.002079,74.125.68.0-255,7156,194953,64,394383
19760,0.002082,172.31.40.0-255,66,195019,64,394383
19761,0.002103,74.125.68.0-255,2902,197921,64,394383
19762,0.002106,172.31.40.0-255,66,197987,64,394383
19763,0.00413,74.125.68.0-255,2902,200889,64,394383
19764,0.004137,172.31.40.0-255,66,200955,64,394383
19765,0.00416,74.125.68.0-255,2902,203857,64,394383
19766,0.004163,172.31.40.0-255,66,203923,64,394383
19767,0.006206,74.125.68.0-255,2902,206825,64,394383
19768,0.006211,172.31.40.0-255,66,206891,64,394383
19769,0.00623,74.125.68.0-255,2902,209793,64,394383
19770,0.006232,172.31.40.0-255,66,209859,64,394383
19771,0.00827,74.125.68.0-255,5738,215597,64,394383
19772,0.008273,172.31.40.0-255,66,215663,64,394383
19773,0.010332,74.125.68.0-255,4320,219983,64,394383
19774,0.010339,172.31.40.0-255,66,220049,64,394383
19775,0.010357,74.125.68.0-255,1484,221533,64,394383
19776,0.012418,74.125.68.0-255,4320,225853,64,394383
19777,0.012426,172.31.40.0-255,66,225919,64,394383
19778,0.014489,74.125.68.0-255,5738,231657,64,394383
19779,0.014498,172.31.40.0-255,66,231723,64,394383
19780,0.016568,74.125.68.0-255,5738,237461,64,394383
19781,0.016582,172.31.40.0-255,66,237527,64,394383
19782,0.018653,74.125.68.0-255,5738,243265,64,394383
19783,0.018669,172.31.40.0-255,66,243331,64,394383
19784,0.020773,74.125.68.0-255,5738,249069,64,394383
19785,0.020787,172.31.40.0-255,66,249135,64,394383
19786,0.02288,74.125.68.0-255,5738,254873,64,394383
19787,0.022895,172.31.40.0-255,66,254939,64,394383
19788,0.024975,74.125.68.0-255,5738,260677,64,394383
19789,0.024988,172.31.40.0-255,66,260743,64,394383
19790,0.027073,74.125.68.0-255,5738,266481,64,394383
19791,0.027087,172.31.40.0-255,66,266547,64,394383
19792,0.027214,172.31.40.0-255,101,266648,64,394383
19793,0.029161,74.125.68.0-255,5738,272386,64,394383
19794,0.029172,172.31.40.0-255,66,272452,64,394383
19795,0.029233,74.125.68.0-255,66,272518,64,394383
19796,0.031251,74.125.68.0-255,5738,278256,64,394383
19797,0.031268,172.31.40.0-255,66,278322,64,394383
19798,0.033335,74.125.68.0-255,5738,284060,64,394383
19799,0.033342,172.31.40.0-255,66,284126,64,394383
19800,0.03541,74.125.68.0-255,5738,289864,64,394383
19801,0.035418,172.31.40.0-255,66,289930,64,394383
19802,0.037528,74.125.68.0-255,5738,295668,64,394383
19803,0.037539,172.31.40.0-255,66,295734,64,394383
19804,0.039618,74.125.68.0-255,5738,301472,64,394383
19805,0.039628,172.31.40.0-255,66,301538,64,394383
19806,0.041709,74.125.68.0-255,5738,307276,64,394383
19807,0.041726,172.31.40.0-255,66,307342,64,394383
19808,0.043804,74.125.68.0-255,5738,313080,64,394383
19809,0.043818,172.31.40.0-255,66,313146,64,394383
19810,0.045897,74.125.68.0-255,5738,318884,64,394383
19811,0.045905,172.31.40.0-255,66,318950,64,394383
19812,0.047981,74.125.68.0-255,5738,324688,64,394383
19813,0.04799,172.31.40.0-255,66,324754,64,394383
19814,0.050061,74.125.68.0-255,5738,330492,64,394383
19815,0.050069,172.31.40.0-255,66,330558,64,394383
19816,0.051694,172.31.40.0-255,172,330730,64,394383
19817,0.051729,172.31.40.0-255,1112,331842,64,394383
19818,0.051795,172.31.40.0-255,1514,333356,64,394383
19819,0.051797,172.31.40.0-255,1514,334870,64,394383
19820,0.051802,172.31.40.0-255,1514,336384,64,394383
19821,0.051803,172.31.40.0-255,1514,337898,64,394383
19822,0.051821,172.31.40.0-255,1514,339412,64,394383
19823,0.051822,172.31.40.0-255,83,339495,64,394383
19824,0.052134,74.125.68.0-255,5738,345233,64,394383
19825,0.052141,172.31.40.0-255,66,345299,64,394383
19826,0.053294,104.244.42.0-255,66,345365,64,394383
19827,0.053303,104.244.42.0-255,66,345431,64,394383
19828,0.053377,104.244.42.0-255,66,345497,64,394383
19829,0.053383,104.244.42.0-255,66,345563,64,394383
19830,0.054196,74.125.68.0-255,5738,351301,64,394383
19831,0.054204,172.31.40.0-255,66,351367,64,394383
19832,0.056271,74.125.68.0-255,5738,357105,64,394383
19833,0.056278,172.31.40.0-255,66,357171,64,394383
19834,0.058358,74.125.68.0-255,5738,362909,64,394383
19835,0.058365,172.31.40.0-255,66,362975,64,394383
19836,0.060444,74.125.68.0-255,5738,368713,64,394383
19837,0.060452,172.31.40.0-255,66,368779,64,394383
19838,0.062524,74.125.68.0-255,5738,374517,64,394383
19839,0.062531,172.31.40.0-255,66,374583,64,394383
19840,0.064609,74.125.68.0-255,5738,380321,64,394383
19841,0.064616,172.31.40.0-255,66,380387,64,394383
19842,0.066689,74.125.68.0-255,5738,386125,64,394383
19843,0.066697,172.31.40.0-255,66,386191,64,394383
19844,0.068757,74.125.68.0-255,5738,391929,64,394383
19845,0.068764,172.31.40.0-255,66,391995,64,394383
19846,0.070815,74.125.68.0-255,2151,394146,64,394383
19847,0.070822,172.31.40.0-255,66,394212,64,394383
19848,0.070988,172.31.40.0-255,105,394317,64,394383
19849,0.077376,74.125.68.0-255,66,394383,64,394383
19850,0.0,74.125.24.0-255,290,290,64,127771
19851,2.4e-05,172.31.40.0-255,66,356,64,127771
19852,3.1e-05,74.125.24.0-255,1484,1840,64,127771
19853,3.6e-05,172.31.40.0-255,66,1906,64,127771
19854,5e-05,74.125.24.0-255,4320,6226,64,127771
19855,5.4e-05,172.31.40.0-255,66,6292,64,127771
19856,6.7e-05,172.31.40.0-255,66,6358,64,127771
19857,7.2e-05,74.125.24.0-255,4320,10678,64,127771
19858,7.5e-05,172.31.40.0-255,66,10744,64,127771
19859,0.000129,172.31.40.0-255,66,10810,64,127771
19860,0.000218,74.125.24.0-255,1484,12294,64,127771
19861,0.000221,172.31.40.0-255,66,12360,64,127771
19862,0.000239,74.125.24.0-255,2902,15262,64,127771
19863,0.000242,172.31.40.0-255,66,15328,64,127771
19864,0.000271,74.125.24.0-255,5738,21066,64,127771
19865,0.000274,172.31.40.0-255,66,21132,64,127771
19866,0.000278,74.125.24.0-255,2902,24034,64,127771
19867,0.00028,172.31.40.0-255,66,24100,64,127771
19868,0.000314,172.31.40.0-255,66,24166,64,127771
19869,0.000322,74.125.24.0-255,7156,31322,64,127771
19870,0.000324,172.31.40.0-255,66,31388,64,127771
19871,0.000366,74.125.24.0-255,2854,34242,64,127771
19872,0.000368,172.31.40.0-255,66,34308,64,127771
19873,0.000393,74.125.24.0-255,110,34418,64,127771
19874,0.000395,172.31.40.0-255,66,34484,64,127771
19875,0.000492,74.125.24.0-255,1484,35968,64,127771
19876,0.000497,172.31.40.0-255,66,36034,64,127771
19877,0.000502,74.125.24.0-255,2902,38936,64,127771
19878,0.000505,172.31.40.0-255,66,39002,64,127771
19879,0.000515,74.125.24.0-255,5738,44740,64,127771
19880,0.000518,172.31.40.0-255,66,44806,64,127771
19881,0.000561,172.31.40.0-255,66,44872,64,127771
19882,0.000598,172.31.40.0-255,66,44938,64,127771
19883,0.000725,74.125.24.0-255,1484,46422,64,127771
19884,0.00073,172.31.40.0-255,66,46488,64,127771
19885,0.000736,74.125.24.0-255,2902,49390,64,127771
19886,0.000738,172.31.40.0-255,66,49456,64,127771
19887,0.000746,74.125.24.0-255,1484,50940,64,127771
19888,0.000748,172.31.40.0-255,66,51006,64,127771
19889,0.000781,74.125.24.0-255,4320,55326,64,127771
19890,0.000785,172.31.40.0-255,66,55392,64,127771
19891,0.000803,172.31.40.0-255,66,55458,64,127771
19892,0.00084,172.31.40.0-255,66,55524,64,127771
19893,0.000879,172.31.40.0-255,66,55590,64,127771
19894,0.000895,172.31.40.0-255,66,55656,64,127771
19895,0.000931,172.31.40.0-255,66,55722,64,127771
19896,0.000987,74.125.24.0-255,1484,57206,64,127771
19897,0.00099,172.31.40.0-255,66,57272,64,127771
19898,0.000994,74.125.24.0-255,2902,60174,64,127771
19899,0.000997,172.31.40.0-255,66,60240,64,127771
19900,0.001009,74.125.24.0-255,5738,65978,64,127771
19901,0.001012,172.31.40.0-255,66,66044,64,127771
19902,0.001017,74.125.24.0-255,4320,70364,64,127771
19903,0.001019,172.31.40.0-255,66,70430,64,127771
19904,0.001063,172.31.40.0-255,66,70496,64,127771
19905,0.001102,172.31.40.0-255,66,70562,64,127771
19906,0.001136,74.125.24.0-255,1484,72046,64,127771
19907,0.001151,74.125.24.0-255,2902,74948,64,127771
19908,0.001154,172.31.40.0-255,66,75014,64,127771
19909,0.00116,74.125.24.0-255,4320,79334,64,127771
19910,0.001162,172.31.40.0-255,66,79400,64,127771
19911,0.001194,74.125.24.0-255,1484,80884,64,127771
19912,0.001202,74.125.24.0-255,7156,88040,64,127771
19913,0.001205,172.31.40.0-255,66,88106,64,127771
19914,0.001226,74.125.24.0-255,2184,90290,64,127771
19915,0.001251,172.31.40.0-255,66,90356,64,127771
19916,0.00171,74.125.24.0-255,1484,91840,64,127771
19917,0.001717,74.125.24.0-255,2902,94742,64,127771
19918,0.001721,172.31.40.0-255,66,94808,64,127771
19919,0.001726,74.125.24.0-255,2902,97710,64,127771
19920,0.001728,172.31.40.0-255,66,97776,64,127771
19921,0.001756,74.125.24.0-255,2902,100678,64,127771
19922,0.001759,172.31.40.0-255,66,100744,64,127771
19923,0.001782,172.31.40.0-255,66,100810,64,127771
19924,0.001809,172.31.40.0-255,66,100876,64,127771
19925,0.001843,74.125.24.0-255,1484,102360,64,127771
19926,0.001848,74.125.24.0-255,2902,105262,64,127771
19927,0.001851,172.31.40.0-255,66,105328,64,127771
19928,0.001857,74.125.24.0-255,5738,111066,64,127771
19929,0.001859,172.31.40.0-255,66,111132,64,127771
19930,0.001878,172.31.40.0-255,66,111198,64,127771
19931,0.001913,172.31.40.0-255,66,111264,64,127771
19932,0.001952,172.31.40.0-255,66,111330,64,127771
19933,0.002001,74.125.24.0-255,4320,115650,64,127771
19934,0.002011,172.31.40.0-255,66,115716,64,127771
19935,0.002126,74.125.24.0-255,4320,120036,64,127771
19936,0.002134,172.31.40.0-255,66,120102,64,127771
19937,0.002146,74.125.24.0-255,1484,121586,64,127771
19938,0.002162,74.125.24.0-255,1484,123070,64,127771
19939,0.002175,172.31.40.0-255,66,123136,64,127771
19940,0.002198,74.125.24.0-255,105,123241,64,127771
19941,0.002203,172.31.40.0-255,66,123307,64,127771
19942,0.00467,172.31.40.0-255,105,123412,64,127771
19943,0.006662,74.125.24.0-255,66,123478,64,127771
19944,0.054036,172.31.40.0-255,171,123649,64,127771
19945,0.054069,172.31.40.0-255,1137,124786,64,127771
19946,0.054128,172.31.40.0-255,1514,126300,64,127771
19947,0.054129,172.31.40.0-255,1273,127573,64,127771
19948,0.055536,104.244.42.0-255,66,127639,64,127771
19949,0.055564,104.244.42.0-255,66,127705,64,127771
19950,0.055629,104.244.42.0-255,66,127771,64,127771
19951,0.0,74.125.68.0-255,153,153,64,382838
19952,2.3e-05,172.31.40.0-255,66,219,64,382838
19953,2.9e-05,74.125.68.0-255,1484,1703,64,382838
19954,3.4e-05,172.31.40.0-255,66,1769,64,382838
19955,4e-05,74.125.68.0-255,2902,4671,64,382838
19956,4.4e-05,172.31.40.0-255,66,4737,64,382838
19957,5.2e-05,74.125.68.0-255,7156,11893,64,382838
19958,5.5e-05,172.31.40.0-255,66,11959,64,382838
19959,5.9e-05,74.125.68.0-255,2151,14110,64,382838
19960,6.2e-05,172.31.40.0-255,66,14176,64,382838
19961,0.000109,74.125.68.0-255,1484,15660,64,382838
19962,0.000112,172.31.40.0-255,66,15726,64,382838
19963,0.000118,74.125.68.0-255,2902,18628,64,382838
19964,0.000121,172.31.40.0-255,66,18694,64,382838
19965,0.000158,74.125.68.0-255,5738,24432,64,382838
19966,0.000161,172.31.40.0-255,66,24498,64,382838
19967,0.000183,74.125.68.0-255,6797,31295,64,382838
19968,0.000185,172.31.40.0-255,66,31361,64,382838
19969,0.000271,74.125.68.0-255,1484,32845,64,382838
19970,0.000275,172.31.40.0-255,66,32911,64,382838
19971,0.000281,74.125.68.0-255,2902,35813,64,382838
19972,0.000283,172.31.40.0-255,66,35879,64,382838
19973,0.000308,74.125.68.0-255,5738,41617,64,382838
19974,0.000312,172.31.40.0-255,66,41683,64,382838
19975,0.000316,74.125.68.0-255,2902,44585,64,382838
19976,0.000318,172.31.40.0-255,66,44651,64,382838
19977,0.00034,74.125.68.0-255,3961,48612,64,382838
19978,0.000343,172.31.40.0-255,66,48678,64,382838
19979,0.000358,74.125.68.0-255,2902,51580,64,382838
19980,0.00036,172.31.40.0-255,66,51646,64,382838
19981,0.000381,74.125.68.0-255,2902,54548,64,382838
19982,0.000384,172.31.40.0-255,66,54614,64,382838
19983,0.000391,74.125.68.0-255,5738,60352,64,382838
19984,0.000394,172.31.40.0-255,66,60418,64,382838
19985,0.000419,74.125.68.0-255,1484,61902,64,382838
19986,0.000426,74.125.68.0-255,3961,65863,64,382838
19987,0.000429,172.31.40.0-255,66,65929,64,382838
19988,0.000431,74.125.68.0-255,366,66295,64,382838
19989,0.000463,74.125.68.0-255,378,66673,64,382838
19990,0.000589,74.125.68.0-255,1484,68157,64,382838
19991,0.000593,172.31.40.0-255,66,68223,64,382838
19992,0.000598,74.125.68.0-255,1484,69707,64,382838
19993,0.000611,74.125.68.0-255,1484,71191,64,382838
19994,0.000613,172.31.40.0-255,66,71257,64,382838
19995,0.000618,74.125.68.0-255,2902,74159,64,382838
19996,0.000621,172.31.40.0-255,66,74225,64,382838
19997,0.000626,74.125.68.0-255,4320,78545,64,382838
19998,0.000628,172.31.40.0-255,66,78611,64,382838
19999,0.000669,172.31.40.0-255,66,78677,64,382838
20000,0.000673,74.125.68.0-255,2902,81579,64,382838
20001,0.000675,172.31.40.0-255,66,81645,64,382838
20002,0.00072,74.125.68.0-255,7156,88801,64,382838
20003,0.000724,172.31.40.0-255,66,88867,64,382838
20004,0.000743,74.125.68.0-255,2543,91410,64,382838
20005,0.000745,172.31.40.0-255,66,91476,64,382838
20006,0.000898,74.125.68.0-255,1484,92960,64,382838
20007,0.000918,74.125.68.0-255,2902,95862,64,382838
20008,0.000921,172.31.40.0-255,66,95928,64,382838
20009,0.000929,74.125.68.0-255,4320,100248,64,382838
20010,0.000931,172.31.40.0-255,66,100314,64,382838
20011,0.00098,172.31.40.0-255,66,100380,64,382838
20012,0.000987,74.125.68.0-255,5738,106118,64,382838
20013,0.000989,172.31.40.0-255,66,106184,64,382838
20014,0.000996,74.125.68.0-255,7156,113340,64,382838
20015,0.000999,172.31.40.0-255,66,113406,64,382838
20016,0.001021,74.125.68.0-255,3602,117008,64,382838
20017,0.001023,172.31.40.0-255,66,117074,64,382838
20018,0.001574,74.125.68.0-255,1484,118558,64,382838
20019,0.00159,74.125.68.0-255,2902,121460,64,382838
20020,0.001595,172.31.40.0-255,66,121526,64,382838
20021,0.001614,74.125.68.0-255,1484,123010,64,382838
20022,0.001631,74.125.68.0-255,4320,127330,64,382838
20023,0.001634,172.31.40.0-255,66,127396,64,382838
20024,0.001637,74.125.68.0-255,1484,128880,64,382838
20025,0.001642,74.125.68.0-255,2902,131782,64,382838
20026,0.001644,172.31.40.0-255,66,131848,64,382838
20027,0.001677,74.125.68.0-255,5738,137586,64,382838
20028,0.00168,172.31.40.0-255,66,137652,64,382838
20029,0.001692,172.31.40.0-255,66,137718,64,382838
20030,0.001727,74.125.68.0-255,1484,139202,64,382838
20031,0.001744,74.125.68.0-255,2902,142104,64,382838
20032,0.001747,172.31.40.0-255,66,142170,64,382838
20033,0.001763,74.125.68.0-255,766,142936,64,382838
20034,0.002061,74.125.68.0-255,1484,144420,64,382838
20035,0.002067,172.31.40.0-255,66,144486,64,382838
20036,0.002074,74.125.68.0-255,2902,147388,64,382838
20037,0.002077,172.31.40.0-255,66,147454,64,382838
20038,0.002083,74.125.68.0-255,4320,151774,64,382838
20039,0.002086,172.31.40.0-255,66,151840,64,382838
20040,0.002113,74.125.68.0-255,5738,157578,64,382838
20041,0.002115,172.31.40.0-255,66,157644,64,382838
20042,0.002148,74.125.68.0-255,5738,163382,64,382838
20043,0.002151,172.31.40.0-255,66,163448,64,382838
20044,0.00217,74.125.68.0-255,4320,167768,64,382838
20045,0.002172,172.31.40.0-255,66,167834,64,382838
20046,0.002187,74.125.68.0-255,1484,169318,64,382838
20047,0.002208,172.31.40.0-255,66,169384,64,382838
20048,0.002262,74.125.68.0-255,7156,176540,64,382838
20049,0.002265,172.31.40.0-255,66,176606,64,382838
20050,0.004466,74.125.68.0-255,5738,182344,64,382838
20051,0.004475,172.31.40.0-255,66,182410,64,382838
20052,0.006661,74.125.68.0-255,5738,188148,64,382838
20053,0.006665,172.31.40.0-255,66,188214,64,382838
20054,0.008861,74.125.68.0-255,5738,193952,64,382838
20055,0.008868,172.31.40.0-255,66,194018,64,382838
20056,0.01107,74.125.68.0-255,5738,199756,64,382838
20057,0.011078,172.31.40.0-255,66,199822,64,382838
20058,0.013279,74.125.68.0-255,5738,205560,64,382838
20059,0.013287,172.31.40.0-255,66,205626,64,382838
20060,0.015486,74.125.68.0-255,5738,211364,64,382838
20061,0.015494,172.31.40.0-255,66,211430,64,382838
20062,0.017698,74.125.68.0-255,5738,217168,64,382838
20063,0.017712,172.31.40.0-255,66,217234,64,382838
20064,0.019924,74.125.68.0-255,5738,222972,64,382838
20065,0.019938,172.31.40.0-255,66,223038,64,382838
20066,0.022147,74.125.68.0-255,5738,228776,64,382838
20067,0.022161,172.31.40.0-255,66,228842,64,382838
20068,0.024365,74.125.68.0-255,5738,234580,64,382838
20069,0.024372,172.31.40.0-255,66,234646,64,382838
20070,0.026576,74.125.68.0-255,5738,240384,64,382838
20071,0.026584,172.31.40.0-255,66,240450,64,382838
20072,0.028785,74.125.68.0-255,5738,246188,64,382838
20073,0.028791,172.31.40.0-255,66,246254,64,382838
20074,0.029361,172.31.40.0-255,172,246426,64,382838
20075,0.029392,172.31.40.0-255,1107,247533,64,382838
20076,0.029473,172.31.40.0-255,1514,249047,64,382838
20077,0.029475,172.31.40.0-255,340,249387,64,382838
20078,0.030993,74.125.68.0-255,5738,255125,64,382838
20079,0.031,172.31.40.0-255,66,255191,64,382838
20080,0.031007,104.244.42.0-255,66,255257,64,382838
20081,0.033206,74.125.68.0-255,5738,260995,64,382838
20082,0.033212,172.31.40.0-255,66,261061,64,382838
20083,0.035426,74.125.68.0-255,5738,266799,64,382838
20084,0.035432,172.31.40.0-255,66,266865,64,382838
20085,0.037629,74.125.68.0-255,5738,272603,64,382838
20086,0.037636,172.31.40.0-255,66,272669,64,382838
20087,0.03984,74.125.68.0-255,5738,278407,64,382838
20088,0.039846,172.31.40.0-255,66,278473,64,382838
20089,0.039942,172.31.40.0-255,101,278574,64,382838
20090,0.042049,74.125.68.0-255,5738,284312,64,382838
20091,0.042058,172.31.40.0-255,66,284378,64,382838
20092,0.042082,74.125.68.0-255,66,284444,64,382838
20093,0.044261,74.125.68.0-255,5738,290182,64,382838
20094,0.044268,172.31.40.0-255,66,290248,64,382838
20095,0.046487,74.125.68.0-255,5738,295986,64,382838
20096,0.046493,172.31.40.0-255,66,296052,64,382838
20097,0.048693,74.125.68.0-255,5738,301790,64,382838
20098,0.048699,172.31.40.0-255,66,301856,64,382838
20099,0.050904,74.125.68.0-255,5738,307594,64,382838
20100,0.050911,172.31.40.0-255,66,307660,64,382838
20101,0.053111,74.125.68.0-255,5738,313398,64,382838
20102,0.053117,172.31.40.0-255,66,313464,64,382838
20103,0.055333,74.125.68.0-255,5738,319202,64,382838
20104,0.05534,172.31.40.0-255,66,319268,64,382838
20105,0.05755,74.125.68.0-255,5738,325006,64,382838
20106,0.057557,172.31.40.0-255,66,325072,64,382838
20107,0.059764,74.125.68.0-255,5738,330810,64,382838
20108,0.059771,172.31.40.0-255,66,330876,64,382838
20109,0.06199,74.125.68.0-255,5738,336614,64,382838
20110,0.061998,172.31.40.0-255,66,336680,64,382838
20111,0.06421,74.125.68.0-255,5738,342418,64,382838
20112,0.064216,172.31.40.0-255,66,342484,64,382838
20113,0.066423,74.125.68.0-255,5738,348222,64,382838
20114,0.06643,172.31.40.0-255,66,348288,64,382838
20115,0.068632,74.125.68.0-255,5738,354026,64,382838
20116,0.06864,172.31.40.0-255,66,354092,64,382838
20117,0.070871,74.125.68.0-255,5738,359830,64,382838
20118,0.070878,172.31.40.0-255,66,359896,64,382838
20119,0.073083,74.125.68.0-255,5738,365634,64,382838
20120,0.07309,172.31.40.0-255,66,365700,64,382838
20121,0.075293,74.125.68.0-255,5738,371438,64,382838
20122,0.0753,172.31.40.0-255,66,371504,64,382838
20123,0.077504,74.125.68.0-255,5738,377242,64,382838
20124,0.077512,172.31.40.0-255,66,377308,64,382838
20125,0.079709,74.125.68.0-255,5293,382601,64,382838
20126,0.079716,172.31.40.0-255,66,382667,64,382838
20127,0.07989,172.31.40.0-255,105,382772,64,382838
20128,0.085262,74.125.68.0-255,66,382838,64,382838
20129,0.0,74.125.24.0-255,153,153,64,302428
20130,2.1e-05,172.31.40.0-255,66,219,64,302428
20131,2.8e-05,74.125.24.0-255,1484,1703,64,302428
20132,3.2e-05,172.31.40.0-255,66,1769,64,302428
20133,3.7e-05,74.125.24.0-255,2902,4671,64,302428
20134,3.9e-05,172.31.40.0-255,66,4737,64,302428
20135,6.6e-05,74.125.24.0-255,2902,7639,64,302428
20136,6.9e-05,172.31.40.0-255,66,7705,64,302428
20137,7.9e-05,74.125.24.0-255,4320,12025,64,302428
20138,8.1e-05,172.31.40.0-255,66,12091,64,302428
20139,9.3e-05,74.125.24.0-255,1978,14069,64,302428
20140,9.6e-05,172.31.40.0-255,66,14135,64,302428
20141,0.000383,74.125.24.0-255,1484,15619,64,302428
20142,0.000388,172.31.40.0-255,66,15685,64,302428
20143,0.000393,74.125.24.0-255,2902,18587,64,302428
20144,0.000396,172.31.40.0-255,66,18653,64,302428
20145,0.000421,74.125.24.0-255,5738,24391,64,302428
20146,0.000423,172.31.40.0-255,66,24457,64,302428
20147,0.000445,74.125.24.0-255,1484,25941,64,302428
20148,0.000448,172.31.40.0-255,66,26007,64,302428
20149,0.000473,74.125.24.0-255,4320,30327,64,302428
20150,0.000476,172.31.40.0-255,66,30393,64,302428
20151,0.000489,74.125.24.0-255,1125,31518,64,302428
20152,0.000494,172.31.40.0-255,66,31584,64,302428
20153,0.000906,74.125.24.0-255,1484,33068,64,302428
20154,0.000911,172.31.40.0-255,66,33134,64,302428
20155,0.000919,74.125.24.0-255,2902,36036,64,302428
20156,0.000921,172.31.40.0-255,66,36102,64,302428
20157,0.000953,74.125.24.0-255,5738,41840,64,302428
20158,0.000956,172.31.40.0-255,66,41906,64,302428
20159,0.000958,74.125.24.0-255,1484,43390,64,302428
20160,0.00096,172.31.40.0-255,66,43456,64,302428
20161,0.001002,74.125.24.0-255,4320,47776,64,302428
20162,0.001004,172.31.40.0-255,66,47842,64,302428
20163,0.001024,74.125.24.0-255,5379,53221,64,302428
20164,0.001026,172.31.40.0-255,66,53287,64,302428
20165,0.001035,172.31.40.0-255,66,53353,64,302428
20166,0.001057,74.125.24.0-255,1484,54837,64,302428
20167,0.001062,74.125.24.0-255,2543,57380,64,302428
20168,0.001064,172.31.40.0-255,66,57446,64,302428
20169,0.003346,74.125.24.0-255,4320,61766,64,302428
20170,0.003355,172.31.40.0-255,66,61832,64,302428
20171,0.003382,74.125.24.0-255,1484,63316,64,302428
20172,0.005639,74.125.24.0-255,4320,67636,64,302428
20173,0.005644,172.31.40.0-255,66,67702,64,302428
20174,0.007947,74.125.24.0-255,4320,72022,64,302428
20175,0.007954,172.31.40.0-255,66,72088,64,302428
20176,0.007986,74.125.24.0-255,1484,73572,64,302428
20177,0.010295,74.125.24.0-255,4320,77892,64,302428
20178,0.010304,172.31.40.0-255,66,77958,64,302428
20179,0.012615,74.125.24.0-255,5738,83696,64,302428
20180,0.012626,172.31.40.0-255,66,83762,64,302428
20181,0.014949,74.125.24.0-255,5738,89500,64,302428
20182,0.014959,172.31.40.0-255,66,89566,64,302428
20183,0.017278,74.125.24.0-255,4320,93886,64,302428
20184,0.017286,172.31.40.0-255,66,93952,64,302428
20185,0.017315,74.125.24.0-255,1484,95436,64,302428
20186,0.01961,74.125.24.0-255,4320,99756,64,302428
20187,0.019618,172.31.40.0-255,66,99822,64,302428
20188,0.021991,74.125.24.0-255,5738,105560,64,302428
20189,0.021997,172.31.40.0-255,66,105626,64,302428
20190,0.023222,172.31.40.0-255,170,105796,64,302428
20191,0.023254,172.31.40.0-255,1173,106969,64,302428
20192,0.023316,172.31.40.0-255,1514,108483,64,302428
20193,0.023318,172.31.40.0-255,1514,109997,64,302428
20194,0.023342,172.31.40.0-255,635,110632,64,302428
20195,0.024348,74.125.24.0-255,5738,116370,64,302428
20196,0.024356,172.31.40.0-255,66,116436,64,302428
20197,0.02477,104.244.42.0-255,66,116502,64,302428
20198,0.024793,104.244.42.0-255,66,116568,64,302428
20199,0.024865,104.244.42.0-255,66,116634,64,302428
20200,0.02487,104.244.42.0-255,66,116700,64,302428
20201,0.026682,74.125.24.0-255,5738,122438,64,302428
20202,0.026689,172.31.40.0-255,66,122504,64,302428
20203,0.029026,74.125.24.0-255,5738,128242,64,302428
20204,0.029032,172.31.40.0-255,66,128308,64,302428
20205,0.031324,74.125.24.0-255,5738,134046,64,302428
20206,0.031331,172.31.40.0-255,66,134112,64,302428
20207,0.033648,74.125.24.0-255,5738,139850,64,302428
20208,0.033655,172.31.40.0-255,66,139916,64,302428
20209,0.036009,74.125.24.0-255,5738,145654,64,302428
20210,0.036014,172.31.40.0-255,66,145720,64,302428
20211,0.038336,74.125.24.0-255,5738,151458,64,302428
20212,0.038343,172.31.40.0-255,66,151524,64,302428
20213,0.040646,74.125.24.0-255,5738,157262,64,302428
20214,0.040654,172.31.40.0-255,66,157328,64,302428
20215,0.042998,74.125.24.0-255,5738,163066,64,302428
20216,0.043006,172.31.40.0-255,66,163132,64,302428
20217,0.045343,74.125.24.0-255,5738,168870,64,302428
20218,0.045353,172.31.40.0-255,66,168936,64,302428
20219,0.047707,74.125.24.0-255,5738,174674,64,302428
20220,0.047714,172.31.40.0-255,66,174740,64,302428
20221,0.050023,74.125.24.0-255,5738,180478,64,302428
20222,0.050029,172.31.40.0-255,66,180544,64,302428
20223,0.052337,74.125.24.0-255,5738,186282,64,302428
20224,0.052343,172.31.40.0-255,66,186348,64,302428
20225,0.054648,74.125.24.0-255,5738,192086,64,302428
20226,0.054656,172.31.40.0-255,66,192152,64,302428
20227,0.056991,74.125.24.0-255,5738,197890,64,302428
20228,0.056997,172.31.40.0-255,66,197956,64,302428
20229,0.059323,74.125.24.0-255,5738,203694,64,302428
20230,0.05933,172.31.40.0-255,66,203760,64,302428
20231,0.061643,74.125.24.0-255,5738,209498,64,302428
20232,0.061651,172.31.40.0-255,66,209564,64,302428
20233,0.064043,74.125.24.0-255,5738,215302,64,302428
20234,0.06405,172.31.40.0-255,66,215368,64,302428
20235,0.066427,74.125.24.0-255,5738,221106,64,302428
20236,0.066433,172.31.40.0-255,66,221172,64,302428
20237,0.068747,74.125.24.0-255,5738,226910,64,302428
20238,0.068754,172.31.40.0-255,66,226976,64,302428
20239,0.071089,74.125.24.0-255,5738,232714,64,302428
20240,0.071095,172.31.40.0-255,66,232780,64,302428
20241,0.073433,74.125.24.0-255,5738,238518,64,302428
20242,0.07344,172.31.40.0-255,66,238584,64,302428
20243,0.075778,74.125.24.0-255,5738,244322,64,302428
20244,0.075785,172.31.40.0-255,66,244388,64,302428
20245,0.07816,74.125.24.0-255,5738,250126,64,302428
20246,0.078181,172.31.40.0-255,66,250192,64,302428
20247,0.080497,74.125.24.0-255,5738,255930,64,302428
20248,0.080512,172.31.40.0-255,66,255996,64,302428
20249,0.082846,74.125.24.0-255,5738,261734,64,302428
20250,0.082862,172.31.40.0-255,66,261800,64,302428
20251,0.085186,74.125.24.0-255,5738,267538,64,302428
20252,0.085201,172.31.40.0-255,66,267604,64,302428
20253,0.087576,74.125.24.0-255,5738,273342,64,302428
20254,0.087591,172.31.40.0-255,66,273408,64,302428
20255,0.089929,74.125.24.0-255,5738,279146,64,302428
20256,0.089947,172.31.40.0-255,66,279212,64,302428
20257,0.092326,74.125.24.0-255,5738,284950,64,302428
20258,0.092344,172.31.40.0-255,66,285016,64,302428
20259,0.094635,74.125.24.0-255,5738,290754,64,302428
20260,0.094648,172.31.40.0-255,66,290820,64,302428
20261,0.097047,74.125.24.0-255,5738,296558,64,302428
20262,0.097064,172.31.40.0-255,66,296624,64,302428
20263,0.099367,74.125.24.0-255,5738,302362,64,302428
20264,0.099383,172.31.40.0-255,66,302428,64,302428
20265,0.0,172.217.194.0-255,153,153,64,250080
20266,2.1e-05,172.31.40.0-255,66,219,64,250080
20267,2.9e-05,172.217.194.0-255,1484,1703,64,250080
20268,3.3e-05,172.31.40.0-255,66,1769,64,250080
20269,3.9e-05,172.217.194.0-255,2902,4671,64,250080
20270,4.3e-05,172.31.40.0-255,66,4737,64,250080
20271,5.1e-05,172.217.194.0-255,7156,11893,64,250080
20272,5.5e-05,172.31.40.0-255,66,11959,64,250080
20273,9.8e-05,172.217.194.0-255,2133,14092,64,250080
20274,0.000101,172.31.40.0-255,66,14158,64,250080
20275,0.000126,172.217.194.0-255,2902,17060,64,250080
20276,0.000129,172.31.40.0-255,66,17126,64,250080
20277,0.000153,172.217.194.0-255,5738,22864,64,250080
20278,0.000156,172.31.40.0-255,66,22930,64,250080
20279,0.000173,172.217.194.0-255,1484,24414,64,250080
20280,0.000175,172.31.40.0-255,66,24480,64,250080
20281,0.000225,172.31.40.0-255,66,24546,64,250080
20282,0.000269,172.217.194.0-255,7156,31702,64,250080
20283,0.000273,172.31.40.0-255,66,31768,64,250080
20284,0.000354,172.217.194.0-255,5738,37506,64,250080
20285,0.000358,172.31.40.0-255,66,37572,64,250080
20286,0.000374,172.217.194.0-255,2184,39756,64,250080
20287,0.000376,172.31.40.0-255,66,39822,64,250080
20288,0.000578,172.217.194.0-255,1484,41306,64,250080
20289,0.000582,172.31.40.0-255,66,41372,64,250080
20290,0.000588,172.217.194.0-255,2902,44274,64,250080
20291,0.000591,172.31.40.0-255,66,44340,64,250080
20292,0.000616,172.217.194.0-255,2902,47242,64,250080
20293,0.000619,172.31.40.0-255,66,47308,64,250080
20294,0.000635,172.217.194.0-255,2902,50210,64,250080
20295,0.000637,172.31.40.0-255,66,50276,64,250080
20296,0.00066,172.217.194.0-255,5738,56014,64,250080
20297,0.000673,172.217.194.0-255,1125,57139,64,250080
20298,0.000686,172.31.40.0-255,66,57205,64,250080
20299,0.000716,172.217.194.0-255,1484,58689,64,250080
20300,0.00072,172.217.194.0-255,1484,60173,64,250080
20301,0.000724,172.31.40.0-255,66,60239,64,250080
20302,0.000732,172.217.194.0-255,1484,61723,64,250080
20303,0.000759,172.217.194.0-255,5738,67461,64,250080
20304,0.000767,172.31.40.0-255,66,67527,64,250080
20305,0.000817,172.217.194.0-255,4320,71847,64,250080
20306,0.00085,172.31.40.0-255,66,71913,64,250080
20307,0.000855,172.31.40.0-255,66,71979,64,250080
20308,0.00093,172.217.194.0-255,7156,79135,64,250080
20309,0.000945,172.217.194.0-255,2902,82037,64,250080
20310,0.000957,172.31.40.0-255,66,82103,64,250080
20311,0.001015,172.217.194.0-255,766,82869,64,250080
20312,0.001021,172.217.194.0-255,2902,85771,64,250080
20313,0.001037,172.31.40.0-255,66,85837,64,250080
20314,0.001065,172.31.40.0-255,66,85903,64,250080
20315,0.001228,172.217.194.0-255,1484,87387,64,250080
20316,0.001246,172.217.194.0-255,7156,94543,64,250080
20317,0.001265,172.31.40.0-255,66,94609,64,250080
20318,0.001287,172.31.40.0-255,66,94675,64,250080
20319,0.001309,172.217.194.0-255,6438,101113,64,250080
20320,0.001323,172.31.40.0-255,66,101179,64,250080
20321,0.001562,172.217.194.0-255,7156,108335,64,250080
20322,0.001567,172.31.40.0-255,66,108401,64,250080
20323,0.00159,172.217.194.0-255,4182,112583,64,250080
20324,0.0016,172.31.40.0-255,66,112649,64,250080
20325,0.001653,172.217.194.0-255,1484,114133,64,250080
20326,0.001668,172.217.194.0-255,1484,115617,64,250080
20327,0.001672,172.31.40.0-255,66,115683,64,250080
20328,0.001684,172.217.194.0-255,1484,117167,64,250080
20329,0.0017,172.217.194.0-255,5738,122905,64,250080
20330,0.001704,172.31.40.0-255,66,122971,64,250080
20331,0.001752,172.217.194.0-255,1484,124455,64,250080
20332,0.001802,172.31.40.0-255,66,124521,64,250080
20333,0.001854,172.217.194.0-255,7156,131677,64,250080
20334,0.001858,172.31.40.0-255,66,131743,64,250080
20335,0.001881,172.217.194.0-255,6438,138181,64,250080
20336,0.001895,172.31.40.0-255,66,138247,64,250080
20337,0.001987,172.31.40.0-255,66,138313,64,250080
20338,0.002029,172.31.40.0-255,66,138379,64,250080
20339,0.010698,172.31.40.0-255,66,138445,64,250080
20340,0.012435,172.217.194.0-255,1484,139929,64,250080
20341,0.01332,172.217.194.0-255,4320,144249,64,250080
20342,0.01333,172.31.40.0-255,66,144315,64,250080
20343,0.015964,172.217.194.0-255,5738,150053,64,250080
20344,0.015978,172.31.40.0-255,66,150119,64,250080
20345,0.01861,172.217.194.0-255,5738,155857,64,250080
20346,0.01862,172.31.40.0-255,66,155923,64,250080
20347,0.021256,172.217.194.0-255,5738,161661,64,250080
20348,0.021274,172.31.40.0-255,66,161727,64,250080
20349,0.023892,172.217.194.0-255,5738,167465,64,250080
20350,0.023901,172.31.40.0-255,66,167531,64,250080
20351,0.02656,172.217.194.0-255,5738,173269,64,250080
20352,0.02657,172.31.40.0-255,66,173335,64,250080
20353,0.029179,172.217.194.0-255,5738,179073,64,250080
20354,0.02919,172.31.40.0-255,66,179139,64,250080
20355,0.031823,172.217.194.0-255,5738,184877,64,250080
20356,0.031839,172.31.40.0-255,66,184943,64,250080
20357,0.034481,172.217.194.0-255,5738,190681,64,250080
20358,0.034489,172.31.40.0-255,66,190747,64,250080
20359,0.037146,172.217.194.0-255,5738,196485,64,250080
20360,0.037168,172.31.40.0-255,66,196551,64,250080
20361,0.039815,172.217.194.0-255,5738,202289,64,250080
20362,0.039828,172.31.40.0-255,66,202355,64,250080
20363,0.042463,172.217.194.0-255,5738,208093,64,250080
20364,0.04248,172.31.40.0-255,66,208159,64,250080
20365,0.04513,172.217.194.0-255,5738,213897,64,250080
20366,0.045149,172.31.40.0-255,66,213963,64,250080
20367,0.047763,172.217.194.0-255,5738,219701,64,250080
20368,0.047772,172.31.40.0-255,66,219767,64,250080
20369,0.050427,172.217.194.0-255,5738,225505,64,250080
20370,0.050449,172.31.40.0-255,66,225571,64,250080
20371,0.053101,172.217.194.0-255,5738,231309,64,250080
20372,0.053111,172.31.40.0-255,66,231375,64,250080
20373,0.055741,172.217.194.0-255,5738,237113,64,250080
20374,0.055748,172.31.40.0-255,66,237179,64,250080
20375,0.056408,172.31.40.0-255,172,237351,64,250080
20376,0.056436,172.31.40.0-255,1113,238464,64,250080
20377,0.056494,172.31.40.0-255,1514,239978,64,250080
20378,0.056496,172.31.40.0-255,1295,241273,64,250080
20379,0.058019,104.244.42.0-255,66,241339,64,250080
20380,0.058028,104.244.42.0-255,66,241405,64,250080
20381,0.058041,104.244.42.0-255,66,241471,64,250080
20382,0.058381,172.217.194.0-255,5738,247209,64,250080
20383,0.058389,172.31.40.0-255,66,247275,64,250080
20384,0.06104,172.217.194.0-255,2568,249843,64,250080
20385,0.061059,172.31.40.0-255,66,249909,64,250080
20386,0.061364,172.31.40.0-255,105,250014,64,250080
20387,0.06397,172.217.194.0-255,66,250080,64,250080
20388,0.0,74.125.68.0-255,153,153,64,335869
20389,2.6e-05,172.31.40.0-255,66,219,64,335869
20390,3.4e-05,74.125.68.0-255,1484,1703,64,335869
20391,3.8e-05,172.31.40.0-255,66,1769,64,335869
20392,4.4e-05,74.125.68.0-255,2902,4671,64,335869
20393,4.8e-05,172.31.40.0-255,66,4737,64,335869
20394,5.9e-05,74.125.68.0-255,1484,6221,64,335869
20395,6.2e-05,172.31.40.0-255,66,6287,64,335869
20396,6.8e-05,74.125.68.0-255,2902,9189,64,335869
20397,7.1e-05,172.31.40.0-255,66,9255,64,335869
20398,0.000106,74.125.68.0-255,6195,15450,64,335869
20399,0.000109,172.31.40.0-255,66,15516,64,335869
20400,0.000112,74.125.68.0-255,1484,17000,64,335869
20401,0.000115,172.31.40.0-255,66,17066,64,335869
20402,0.000158,74.125.68.0-255,5738,22804,64,335869
20403,0.000161,172.31.40.0-255,66,22870,64,335869
20404,0.000172,172.31.40.0-255,66,22936,64,335869
20405,0.000329,74.125.68.0-255,1484,24420,64,335869
20406,0.000334,172.31.40.0-255,66,24486,64,335869
20407,0.000361,74.125.68.0-255,1484,25970,64,335869
20408,0.000363,172.31.40.0-255,66,26036,64,335869
20409,0.000369,74.125.68.0-255,2902,28938,64,335869
20410,0.000371,172.31.40.0-255,66,29004,64,335869
20411,0.000405,74.125.68.0-255,5738,34742,64,335869
20412,0.000409,172.31.40.0-255,66,34808,64,335869
20413,0.00046,74.125.68.0-255,2902,37710,64,335869
20414,0.000463,172.31.40.0-255,66,37776,64,335869
20415,0.000498,74.125.68.0-255,3961,41737,64,335869
20416,0.000501,172.31.40.0-255,66,41803,64,335869
20417,0.000509,74.125.68.0-255,7156,48959,64,335869
20418,0.000512,172.31.40.0-255,66,49025,64,335869
20419,0.00052,74.125.68.0-255,2902,51927,64,335869
20420,0.000522,172.31.40.0-255,66,51993,64,335869
20421,0.000528,74.125.68.0-255,4320,56313,64,335869
20422,0.00053,172.31.40.0-255,66,56379,64,335869
20423,0.000553,74.125.68.0-255,1400,57779,64,335869
20424,0.000608,74.125.68.0-255,130,57909,64,335869
20425,0.000721,74.125.68.0-255,1484,59393,64,335869
20426,0.000726,172.31.40.0-255,66,59459,64,335869
20427,0.000754,74.125.68.0-255,2902,62361,64,335869
20428,0.000757,172.31.40.0-255,66,62427,64,335869
20429,0.000763,74.125.68.0-255,4320,66747,64,335869
20430,0.000766,172.31.40.0-255,66,66813,64,335869
20431,0.000807,74.125.68.0-255,1484,68297,64,335869
20432,0.000815,74.125.68.0-255,7156,75453,64,335869
20433,0.000818,172.31.40.0-255,66,75519,64,335869
20434,0.000823,74.125.68.0-255,2902,78421,64,335869
20435,0.000825,172.31.40.0-255,66,78487,64,335869
20436,0.00086,74.125.68.0-255,7156,85643,64,335869
20437,0.000864,172.31.40.0-255,66,85709,64,335869
20438,0.00087,74.125.68.0-255,5738,91447,64,335869
20439,0.000872,172.31.40.0-255,66,91513,64,335869
20440,0.000902,74.125.68.0-255,766,92279,64,335869
20441,0.000951,74.125.68.0-255,1484,93763,64,335869
20442,0.000955,172.31.40.0-255,66,93829,64,335869
20443,0.000961,74.125.68.0-255,2902,96731,64,335869
20444,0.000964,172.31.40.0-255,66,96797,64,335869
20445,0.000997,74.125.68.0-255,5738,102535,64,335869
20446,0.001,172.31.40.0-255,66,102601,64,335869
20447,0.00103,74.125.68.0-255,7156,109757,64,335869
20448,0.001032,172.31.40.0-255,66,109823,64,335869
20449,0.001061,74.125.68.0-255,4320,114143,64,335869
20450,0.001063,172.31.40.0-255,66,114209,64,335869
20451,0.001076,172.31.40.0-255,66,114275,64,335869
20452,0.001107,74.125.68.0-255,2184,116459,64,335869
20453,0.00111,172.31.40.0-255,66,116525,64,335869
20454,0.001199,74.125.68.0-255,1484,118009,64,335869
20455,0.001219,74.125.68.0-255,2902,120911,64,335869
20456,0.001222,172.31.40.0-255,66,120977,64,335869
20457,0.00125,74.125.68.0-255,5738,126715,64,335869
20458,0.001253,172.31.40.0-255,66,126781,64,335869
20459,0.001258,74.125.68.0-255,2902,129683,64,335869
20460,0.00126,172.31.40.0-255,66,129749,64,335869
20461,0.00129,74.125.68.0-255,4320,134069,64,335869
20462,0.001293,172.31.40.0-255,66,134135,64,335869
20463,0.001318,74.125.68.0-255,2902,137037,64,335869
20464,0.001321,172.31.40.0-255,66,137103,64,335869
20465,0.001352,74.125.68.0-255,4320,141423,64,335869
20466,0.001355,172.31.40.0-255,66,141489,64,335869
20467,0.001358,74.125.68.0-255,1484,142973,64,335869
20468,0.001385,74.125.68.0-255,5738,148711,64,335869
20469,0.001388,172.31.40.0-255,66,148777,64,335869
20470,0.001417,74.125.68.0-255,2184,150961,64,335869
20471,0.001419,172.31.40.0-255,66,151027,64,335869
20472,0.001486,74.125.68.0-255,1484,152511,64,335869
20473,0.001505,74.125.68.0-255,2902,155413,64,335869
20474,0.001508,172.31.40.0-255,66,155479,64,335869
20475,0.001511,74.125.68.0-255,1484,156963,64,335869
20476,0.001539,74.125.68.0-255,2902,159865,64,335869
20477,0.001542,172.31.40.0-255,66,159931,64,335869
20478,0.001548,74.125.68.0-255,4320,164251,64,335869
20479,0.00155,172.31.40.0-255,66,164317,64,335869
20480,0.001586,74.125.68.0-255,1484,165801,64,335869
20481,0.001595,74.125.68.0-255,7156,172957,64,335869
20482,0.001598,172.31.40.0-255,66,173023,64,335869
20483,0.001604,74.125.68.0-255,4320,177343,64,335869
20484,0.001609,172.31.40.0-255,66,177409,64,335869
20485,0.001623,74.125.68.0-255,4320,181729,64,335869
20486,0.001633,172.31.40.0-255,66,181795,64,335869
20487,0.001662,74.125.68.0-255,3602,185397,64,335869
20488,0.001665,172.31.40.0-255,66,185463,64,335869
20489,0.001691,74.125.68.0-255,4320,189783,64,335869
20490,0.001694,172.31.40.0-255,66,189849,64,335869
20491,0.001737,172.31.40.0-255,66,189915,64,335869
20492,0.001778,172.31.40.0-255,66,189981,64,335869
20493,0.00184,74.125.68.0-255,7156,197137,64,335869
20494,0.001843,172.31.40.0-255,66,197203,64,335869
20495,0.00187,74.125.68.0-255,3602,200805,64,335869
20496,0.001873,172.31.40.0-255,66,200871,64,335869
20497,0.001897,74.125.68.0-255,1484,202355,64,335869
20498,0.001928,172.31.40.0-255,66,202421,64,335869
20499,0.001955,74.125.68.0-255,3662,206083,64,335869
20500,0.001964,172.31.40.0-255,66,206149,64,335869
20501,0.00199,74.125.68.0-255,2902,209051,64,335869
20502,0.001992,172.31.40.0-255,66,209117,64,335869
20503,0.002035,172.31.40.0-255,66,209183,64,335869
20504,0.002089,74.125.68.0-255,4320,213503,64,335869
20505,0.002093,172.31.40.0-255,66,213569,64,335869
20506,0.002106,74.125.68.0-255,1484,215053,64,335869
20507,0.002115,74.125.68.0-255,2902,217955,64,335869
20508,0.002118,172.31.40.0-255,66,218021,64,335869
20509,0.00215,74.125.68.0-255,6438,224459,64,335869
20510,0.002156,172.31.40.0-255,66,224525,64,335869
20511,0.002166,74.125.68.0-255,4320,228845,64,335869
20512,0.002169,172.31.40.0-255,66,228911,64,335869
20513,0.0022,172.31.40.0-255,66,228977,64,335869
20514,0.002279,74.125.68.0-255,2902,231879,64,335869
20515,0.002284,172.31.40.0-255,66,231945,64,335869
20516,0.002303,74.125.68.0-255,2902,234847,64,335869
20517,0.002306,172.31.40.0-255,66,234913,64,335869
20518,0.002319,172.31.40.0-255,66,234979,64,335869
20519,0.002401,74.125.68.0-255,4320,239299,64,335869
20520,0.002404,172.31.40.0-255,66,239365,64,335869
20521,0.004614,74.125.68.0-255,1484,240849,64,335869
20522,0.0047,74.125.68.0-255,4320,245169,64,335869
20523,0.004706,172.31.40.0-255,66,245235,64,335869
20524,0.007019,74.125.68.0-255,5738,250973,64,335869
20525,0.007031,172.31.40.0-255,66,251039,64,335869
20526,0.009356,74.125.68.0-255,5738,256777,64,335869
20527,0.009377,172.31.40.0-255,66,256843,64,335869
20528,0.011684,74.125.68.0-255,5738,262581,64,335869
20529,0.011693,172.31.40.0-255,66,262647,64,335869
20530,0.014005,74.125.68.0-255,5738,268385,64,335869
20531,0.014022,172.31.40.0-255,66,268451,64,335869
20532,0.016322,74.125.68.0-255,5738,274189,64,335869
20533,0.016329,172.31.40.0-255,66,274255,64,335869
20534,0.016596,172.31.40.0-255,101,274356,64,335869
20535,0.018633,74.125.68.0-255,5738,280094,64,335869
20536,0.018648,172.31.40.0-255,66,280160,64,335869
20537,0.01885,74.125.68.0-255,66,280226,64,335869
20538,0.020963,74.125.68.0-255,5738,285964,64,335869
20539,0.020976,172.31.40.0-255,66,286030,64,335869
20540,0.023285,74.125.68.0-255,5738,291768,64,335869
20541,0.023295,172.31.40.0-255,66,291834,64,335869
20542,0.025595,74.125.68.0-255,5738,297572,64,335869
20543,0.025603,172.31.40.0-255,66,297638,64,335869
20544,0.027908,74.125.68.0-255,5738,303376,64,335869
20545,0.027919,172.31.40.0-255,66,303442,64,335869
20546,0.030235,74.125.68.0-255,5738,309180,64,335869
20547,0.03025,172.31.40.0-255,66,309246,64,335869
20548,0.032544,74.125.68.0-255,5738,314984,64,335869
20549,0.032552,172.31.40.0-255,66,315050,64,335869
20550,0.034858,74.125.68.0-255,5738,320788,64,335869
20551,0.034867,172.31.40.0-255,66,320854,64,335869
20552,0.037203,74.125.68.0-255,4320,325174,64,335869
20553,0.03721,172.31.40.0-255,66,325240,64,335869
20554,0.037236,74.125.68.0-255,1484,326724,64,335869
20555,0.039536,74.125.68.0-255,3641,330365,64,335869
20556,0.039552,172.31.40.0-255,66,330431,64,335869
20557,0.03982,172.31.40.0-255,105,330536,64,335869
20558,0.046243,74.125.68.0-255,66,330602,64,335869
20559,0.050051,172.31.40.0-255,167,330769,64,335869
20560,0.050085,172.31.40.0-255,1111,331880,64,335869
20561,0.050147,172.31.40.0-255,1514,333394,64,335869
20562,0.050149,172.31.40.0-255,1514,334908,64,335869
20563,0.05015,172.31.40.0-255,697,335605,64,335869
20564,0.051596,104.244.42.0-255,66,335671,64,335869
20565,0.051663,104.244.42.0-255,66,335737,64,335869
20566,0.051752,104.244.42.0-255,66,335803,64,335869
20567,0.051756,104.244.42.0-255,66,335869,64,335869
20568,0.0,74.125.24.0-255,152,152,64,359600
20569,2.2e-05,172.31.40.0-255,66,218,64,359600
20570,2.9e-05,74.125.24.0-255,1484,1702,64,359600
20571,3.4e-05,172.31.40.0-255,66,1768,64,359600
20572,3.9e-05,74.125.24.0-255,2902,4670,64,359600
20573,5e-05,172.31.40.0-255,66,4736,64,359600
20574,5.7e-05,74.125.24.0-255,7156,11892,64,359600
20575,6.1e-05,172.31.40.0-255,66,11958,64,359600
20576,6.8e-05,74.125.24.0-255,5738,17696,64,359600
20577,7.1e-05,172.31.40.0-255,66,17762,64,359600
20578,0.000102,74.125.24.0-255,6271,24033,64,359600
20579,0.000105,172.31.40.0-255,66,24099,64,359600
20580,0.000112,74.125.24.0-255,6797,30896,64,359600
20581,0.000114,172.31.40.0-255,66,30962,64,359600
20582,0.000259,74.125.24.0-255,1484,32446,64,359600
20583,0.000265,172.31.40.0-255,66,32512,64,359600
20584,0.00027,74.125.24.0-255,2902,35414,64,359600
20585,0.000273,172.31.40.0-255,66,35480,64,359600
20586,0.000278,74.125.24.0-255,5738,41218,64,359600
20587,0.000286,172.31.40.0-255,66,41284,64,359600
20588,0.000346,74.125.24.0-255,6797,48081,64,359600
20589,0.00035,172.31.40.0-255,66,48147,64,359600
20590,0.000416,74.125.24.0-255,4320,52467,64,359600
20591,0.000419,172.31.40.0-255,66,52533,64,359600
20592,0.000447,74.125.24.0-255,2902,55435,64,359600
20593,0.00045,172.31.40.0-255,66,55501,64,359600
20594,0.00046,172.31.40.0-255,66,55567,64,359600
20595,0.000488,74.125.24.0-255,1424,56991,64,359600
20596,0.00049,172.31.40.0-255,66,57057,64,359600
20597,0.000516,74.125.24.0-255,409,57466,64,359600
20598,0.000518,172.31.40.0-255,66,57532,64,359600
20599,0.000627,74.125.24.0-255,1484,59016,64,359600
20600,0.000633,74.125.24.0-255,2902,61918,64,359600
20601,0.000637,172.31.40.0-255,66,61984,64,359600
20602,0.000643,74.125.24.0-255,5738,67722,64,359600
20603,0.000646,172.31.40.0-255,66,67788,64,359600
20604,0.000734,74.125.24.0-255,5738,73526,64,359600
20605,0.000738,172.31.40.0-255,66,73592,64,359600
20606,0.000765,74.125.24.0-255,7156,80748,64,359600
20607,0.000768,172.31.40.0-255,66,80814,64,359600
20608,0.000774,74.125.24.0-255,7156,87970,64,359600
20609,0.000776,172.31.40.0-255,66,88036,64,359600
20610,0.000784,74.125.24.0-255,3602,91638,64,359600
20611,0.000787,172.31.40.0-255,66,91704,64,359600
20612,0.001609,74.125.24.0-255,1484,93188,64,359600
20613,0.00162,74.125.24.0-255,2902,96090,64,359600
20614,0.001625,172.31.40.0-255,66,96156,64,359600
20615,0.001632,74.125.24.0-255,5738,101894,64,359600
20616,0.001635,172.31.40.0-255,66,101960,64,359600
20617,0.001638,74.125.24.0-255,1484,103444,64,359600
20618,0.001675,172.31.40.0-255,66,103510,64,359600
20619,0.001685,172.31.40.0-255,66,103576,64,359600
20620,0.001706,74.125.24.0-255,766,104342,64,359600
20621,0.001744,74.125.24.0-255,1484,105826,64,359600
20622,0.001748,172.31.40.0-255,66,105892,64,359600
20623,0.001774,74.125.24.0-255,2902,108794,64,359600
20624,0.001777,172.31.40.0-255,66,108860,64,359600
20625,0.001783,74.125.24.0-255,5738,114598,64,359600
20626,0.001785,172.31.40.0-255,66,114664,64,359600
20627,0.001818,172.31.40.0-255,66,114730,64,359600
20628,0.001863,74.125.24.0-255,7156,121886,64,359600
20629,0.001866,172.31.40.0-255,66,121952,64,359600
20630,0.001895,74.125.24.0-255,5020,126972,64,359600
20631,0.001898,172.31.40.0-255,66,127038,64,359600
20632,0.001919,74.125.24.0-255,1484,128522,64,359600
20633,0.001923,74.125.24.0-255,2902,131424,64,359600
20634,0.001925,172.31.40.0-255,66,131490,64,359600
20635,0.001929,74.125.24.0-255,1484,132974,64,359600
20636,0.001956,74.125.24.0-255,4320,137294,64,359600
20637,0.001958,172.31.40.0-255,66,137360,64,359600
20638,0.001968,172.31.40.0-255,66,137426,64,359600
20639,0.002017,74.125.24.0-255,4320,141746,64,359600
20640,0.00202,172.31.40.0-255,66,141812,64,359600
20641,0.002057,172.31.40.0-255,66,141878,64,359600
20642,0.004344,74.125.24.0-255,5738,147616,64,359600
20643,0.004352,172.31.40.0-255,66,147682,64,359600
20644,0.006644,74.125.24.0-255,5738,153420,64,359600
20645,0.00665,172.31.40.0-255,66,153486,64,359600
20646,0.008964,74.125.24.0-255,5738,159224,64,359600
20647,0.008969,172.31.40.0-255,66,159290,64,359600
20648,0.011263,74.125.24.0-255,5738,165028,64,359600
20649,0.011271,172.31.40.0-255,66,165094,64,359600
20650,0.013566,74.125.24.0-255,5738,170832,64,359600
20651,0.013575,172.31.40.0-255,66,170898,64,359600
20652,0.015862,74.125.24.0-255,5738,176636,64,359600
20653,0.015872,172.31.40.0-255,66,176702,64,359600
20654,0.018148,74.125.24.0-255,5738,182440,64,359600
20655,0.018157,172.31.40.0-255,66,182506,64,359600
20656,0.020446,74.125.24.0-255,5738,188244,64,359600
20657,0.020454,172.31.40.0-255,66,188310,64,359600
20658,0.022754,74.125.24.0-255,5738,194048,64,359600
20659,0.022761,172.31.40.0-255,66,194114,64,359600
20660,0.025061,74.125.24.0-255,5738,199852,64,359600
20661,0.025069,172.31.40.0-255,66,199918,64,359600
20662,0.027406,74.125.24.0-255,5738,205656,64,359600
20663,0.027414,172.31.40.0-255,66,205722,64,359600
20664,0.02969,74.125.24.0-255,2902,208624,64,359600
20665,0.029696,172.31.40.0-255,66,208690,64,359600
20666,0.029733,74.125.24.0-255,2902,211592,64,359600
20667,0.029736,172.31.40.0-255,66,211658,64,359600
20668,0.030997,172.31.40.0-255,172,211830,64,359600
20669,0.031029,172.31.40.0-255,1111,212941,64,359600
20670,0.031089,172.31.40.0-255,1514,214455,64,359600
20671,0.031091,172.31.40.0-255,1514,215969,64,359600
20672,0.031092,172.31.40.0-255,694,216663,64,359600
20673,0.031972,74.125.24.0-255,2902,219565,64,359600
20674,0.031978,172.31.40.0-255,66,219631,64,359600
20675,0.032018,74.125.24.0-255,2902,222533,64,359600
20676,0.032021,172.31.40.0-255,66,222599,64,359600
20677,0.032542,104.244.42.0-255,66,222665,64,359600
20678,0.032585,104.244.42.0-255,66,222731,64,359600
20679,0.032634,104.244.42.0-255,66,222797,64,359600
20680,0.032651,104.244.42.0-255,66,222863,64,359600
20681,0.034268,74.125.24.0-255,2902,225765,64,359600
20682,0.034273,172.31.40.0-255,66,225831,64,359600
20683,0.034308,74.125.24.0-255,2902,228733,64,359600
20684,0.034311,172.31.40.0-255,66,228799,64,359600
20685,0.036567,74.125.24.0-255,2902,231701,64,359600
20686,0.036572,172.31.40.0-255,66,231767,64,359600
20687,0.0366,74.125.24.0-255,2902,234669,64,359600
20688,0.036603,172.31.40.0-255,66,234735,64,359600
20689,0.03885,74.125.24.0-255,2902,237637,64,359600
20690,0.038857,172.31.40.0-255,66,237703,64,359600
20691,0.038888,74.125.24.0-255,2902,240605,64,359600
20692,0.03889,172.31.40.0-255,66,240671,64,359600
20693,0.041139,74.125.24.0-255,2902,243573,64,359600
20694,0.041148,172.31.40.0-255,66,243639,64,359600
20695,0.04118,74.125.24.0-255,2902,246541,64,359600
20696,0.041184,172.31.40.0-255,66,246607,64,359600
20697,0.04346,74.125.24.0-255,5738,252345,64,359600
20698,0.043466,172.31.40.0-255,66,252411,64,359600
20699,0.045756,74.125.24.0-255,5738,258149,64,359600
20700,0.045763,172.31.40.0-255,66,258215,64,359600
20701,0.048056,74.125.24.0-255,5738,263953,64,359600
20702,0.048062,172.31.40.0-255,66,264019,64,359600
20703,0.050369,74.125.24.0-255,5738,269757,64,359600
20704,0.050374,172.31.40.0-255,66,269823,64,359600
20705,0.052662,74.125.24.0-255,5738,275561,64,359600
20706,0.05267,172.31.40.0-255,66,275627,64,359600
20707,0.054974,74.125.24.0-255,5738,281365,64,359600
20708,0.054979,172.31.40.0-255,66,281431,64,359600
20709,0.057275,74.125.24.0-255,5738,287169,64,359600
20710,0.057282,172.31.40.0-255,66,287235,64,359600
20711,0.059581,74.125.24.0-255,5738,292973,64,359600
20712,0.059587,172.31.40.0-255,66,293039,64,359600
20713,0.061871,74.125.24.0-255,5738,298777,64,359600
20714,0.061877,172.31.40.0-255,66,298843,64,359600
20715,0.064188,74.125.24.0-255,5738,304581,64,359600
20716,0.064195,172.31.40.0-255,66,304647,64,359600
20717,0.066508,74.125.24.0-255,5738,310385,64,359600
20718,0.066514,172.31.40.0-255,66,310451,64,359600
20719,0.068798,74.125.24.0-255,5738,316189,64,359600
20720,0.068804,172.31.40.0-255,66,316255,64,359600
20721,0.071094,74.125.24.0-255,5738,321993,64,359600
20722,0.071101,172.31.40.0-255,66,322059,64,359600
20723,0.073392,74.125.24.0-255,5738,327797,64,359600
20724,0.0734,172.31.40.0-255,66,327863,64,359600
20725,0.075691,74.125.24.0-255,5738,333601,64,359600
20726,0.075697,172.31.40.0-255,66,333667,64,359600
20727,0.077976,74.125.24.0-255,5738,339405,64,359600
20728,0.077983,172.31.40.0-255,66,339471,64,359600
20729,0.080288,74.125.24.0-255,5738,345209,64,359600
20730,0.080296,172.31.40.0-255,66,345275,64,359600
20731,0.082603,74.125.24.0-255,5738,351013,64,359600
20732,0.08261,172.31.40.0-255,66,351079,64,359600
20733,0.084902,74.125.24.0-255,5738,356817,64,359600
20734,0.084908,172.31.40.0-255,66,356883,64,359600
20735,0.087192,74.125.24.0-255,2480,359363,64,359600
20736,0.087198,172.31.40.0-255,66,359429,64,359600
20737,0.08737,172.31.40.0-255,105,359534,64,359600
20738,0.089627,74.125.24.0-255,66,359600,64,359600
20739,0.0,74.125.130.0-255,146,146,64,359407
20740,2.3e-05,172.31.40.0-255,66,212,64,359407
20741,3.1e-05,74.125.130.0-255,1484,1696,64,359407
20742,3.5e-05,172.31.40.0-255,66,1762,64,359407
20743,3.8e-05,74.125.130.0-255,1484,3246,64,359407
20744,4e-05,172.31.40.0-255,66,3312,64,359407
20745,6.6e-05,74.125.130.0-255,2902,6214,64,359407
20746,6.9e-05,172.31.40.0-255,66,6280,64,359407
20747,9.3e-05,74.125.130.0-255,5738,12018,64,359407
20748,9.6e-05,172.31.40.0-255,66,12084,64,359407
20749,0.000148,74.125.130.0-255,2039,14123,64,359407
20750,0.000151,172.31.40.0-255,66,14189,64,359407
20751,0.000318,74.125.130.0-255,1484,15673,64,359407
20752,0.000322,172.31.40.0-255,66,15739,64,359407
20753,0.000335,74.125.130.0-255,2902,18641,64,359407
20754,0.000338,172.31.40.0-255,66,18707,64,359407
20755,0.000341,74.125.130.0-255,1484,20191,64,359407
20756,0.000344,172.31.40.0-255,66,20257,64,359407
20757,0.000368,74.125.130.0-255,2902,23159,64,359407
20758,0.000371,172.31.40.0-255,66,23225,64,359407
20759,0.00039,74.125.130.0-255,2902,26127,64,359407
20760,0.000393,172.31.40.0-255,66,26193,64,359407
20761,0.000412,74.125.130.0-255,2902,29095,64,359407
20762,0.000414,172.31.40.0-255,66,29161,64,359407
20763,0.000419,74.125.130.0-255,2543,31704,64,359407
20764,0.000421,172.31.40.0-255,66,31770,64,359407
20765,0.000455,74.125.130.0-255,2902,34672,64,359407
20766,0.000457,172.31.40.0-255,66,34738,64,359407
20767,0.000484,74.125.130.0-255,4320,39058,64,359407
20768,0.000486,172.31.40.0-255,66,39124,64,359407
20769,0.0005,74.125.130.0-255,2902,42026,64,359407
20770,0.000502,172.31.40.0-255,66,42092,64,359407
20771,0.00052,74.125.130.0-255,2902,44994,64,359407
20772,0.000522,172.31.40.0-255,66,45060,64,359407
20773,0.000563,74.125.130.0-255,3961,49021,64,359407
20774,0.000566,172.31.40.0-255,66,49087,64,359407
20775,0.001255,74.125.130.0-255,1484,50571,64,359407
20776,0.00126,172.31.40.0-255,66,50637,64,359407
20777,0.001268,74.125.130.0-255,2902,53539,64,359407
20778,0.00127,172.31.40.0-255,66,53605,64,359407
20779,0.001296,74.125.130.0-255,4320,57925,64,359407
20780,0.001298,172.31.40.0-255,66,57991,64,359407
20781,0.001307,74.125.130.0-255,1484,59475,64,359407
20782,0.001309,172.31.40.0-255,66,59541,64,359407
20783,0.001313,74.125.130.0-255,2902,62443,64,359407
20784,0.001314,172.31.40.0-255,66,62509,64,359407
20785,0.001342,74.125.130.0-255,3961,66470,64,359407
20786,0.001344,172.31.40.0-255,66,66536,64,359407
20787,0.00136,74.125.130.0-255,1484,68020,64,359407
20788,0.001362,172.31.40.0-255,66,68086,64,359407
20789,0.001381,74.125.130.0-255,2902,70988,64,359407
20790,0.001383,172.31.40.0-255,66,71054,64,359407
20791,0.001397,74.125.130.0-255,1484,72538,64,359407
20792,0.001399,172.31.40.0-255,66,72604,64,359407
20793,0.001414,74.125.130.0-255,4320,76924,64,359407
20794,0.001416,172.31.40.0-255,66,76990,64,359407
20795,0.001419,74.125.130.0-255,1484,78474,64,359407
20796,0.001421,172.31.40.0-255,66,78540,64,359407
20797,0.001443,74.125.130.0-255,2902,81442,64,359407
20798,0.001445,172.31.40.0-255,66,81508,64,359407
20799,0.001462,74.125.130.0-255,1484,82992,64,359407
20800,0.001464,172.31.40.0-255,66,83058,64,359407
20801,0.001484,74.125.130.0-255,1704,84762,64,359407
20802,0.001486,172.31.40.0-255,66,84828,64,359407
20803,0.001552,74.125.130.0-255,1484,86312,64,359407
20804,0.001555,172.31.40.0-255,66,86378,64,359407
20805,0.00157,74.125.130.0-255,1484,87862,64,359407
20806,0.001573,172.31.40.0-255,66,87928,64,359407
20807,0.00159,74.125.130.0-255,1484,89412,64,359407
20808,0.001592,172.31.40.0-255,66,89478,64,359407
20809,0.001597,74.125.130.0-255,2902,92380,64,359407
20810,0.001599,172.31.40.0-255,66,92446,64,359407
20811,0.001622,74.125.130.0-255,2902,95348,64,359407
20812,0.001624,172.31.40.0-255,66,95414,64,359407
20813,0.001628,74.125.130.0-255,2902,98316,64,359407
20814,0.00163,172.31.40.0-255,66,98382,64,359407
20815,0.001663,74.125.130.0-255,3961,102343,64,359407
20816,0.001666,172.31.40.0-255,66,102409,64,359407
20817,0.001724,74.125.130.0-255,1484,103893,64,359407
20818,0.001728,172.31.40.0-255,66,103959,64,359407
20819,0.001731,74.125.130.0-255,1484,105443,64,359407
20820,0.001733,172.31.40.0-255,66,105509,64,359407
20821,0.001745,74.125.130.0-255,1484,106993,64,359407
20822,0.001747,172.31.40.0-255,66,107059,64,359407
20823,0.001769,74.125.130.0-255,4320,111379,64,359407
20824,0.001772,172.31.40.0-255,66,111445,64,359407
20825,0.001788,74.125.130.0-255,1484,112929,64,359407
20826,0.00179,172.31.40.0-255,66,112995,64,359407
20827,0.001793,74.125.130.0-255,1484,114479,64,359407
20828,0.001794,172.31.40.0-255,66,114545,64,359407
20829,0.001809,74.125.130.0-255,4320,118865,64,359407
20830,0.001825,74.125.130.0-255,462,119327,64,359407
20831,0.002221,74.125.130.0-255,198,119525,64,359407
20832,0.006794,172.31.40.0-255,66,119591,64,359407
20833,0.00904,74.125.130.0-255,2902,122493,64,359407
20834,0.009051,172.31.40.0-255,66,122559,64,359407
20835,0.009074,74.125.130.0-255,2902,125461,64,359407
20836,0.009077,172.31.40.0-255,66,125527,64,359407
20837,0.01129,74.125.130.0-255,2902,128429,64,359407
20838,0.011297,172.31.40.0-255,66,128495,64,359407
20839,0.011319,74.125.130.0-255,2902,131397,64,359407
20840,0.011322,172.31.40.0-255,66,131463,64,359407
20841,0.013561,74.125.130.0-255,5738,137201,64,359407
20842,0.013569,172.31.40.0-255,66,137267,64,359407
20843,0.015818,74.125.130.0-255,5738,143005,64,359407
20844,0.015826,172.31.40.0-255,66,143071,64,359407
20845,0.018083,74.125.130.0-255,5738,148809,64,359407
20846,0.018091,172.31.40.0-255,66,148875,64,359407
20847,0.020349,74.125.130.0-255,5738,154613,64,359407
20848,0.020358,172.31.40.0-255,66,154679,64,359407
20849,0.022625,74.125.130.0-255,5738,160417,64,359407
20850,0.022634,172.31.40.0-255,66,160483,64,359407
20851,0.024882,74.125.130.0-255,5738,166221,64,359407
20852,0.024889,172.31.40.0-255,66,166287,64,359407
20853,0.027163,74.125.130.0-255,5738,172025,64,359407
20854,0.027171,172.31.40.0-255,66,172091,64,359407
20855,0.029418,74.125.130.0-255,5738,177829,64,359407
20856,0.029428,172.31.40.0-255,66,177895,64,359407
20857,0.031677,74.125.130.0-255,5738,183633,64,359407
20858,0.031684,172.31.40.0-255,66,183699,64,359407
20859,0.033932,74.125.130.0-255,5738,189437,64,359407
20860,0.03394,172.31.40.0-255,66,189503,64,359407
20861,0.036183,74.125.130.0-255,5738,195241,64,359407
20862,0.03619,172.31.40.0-255,66,195307,64,359407
20863,0.038438,74.125.130.0-255,5738,201045,64,359407
20864,0.038445,172.31.40.0-255,66,201111,64,359407
20865,0.038714,172.31.40.0-255,172,201283,64,359407
20866,0.038859,172.31.40.0-255,1112,202395,64,359407
20867,0.038923,172.31.40.0-255,1514,203909,64,359407
20868,0.038924,172.31.40.0-255,1296,205205,64,359407
20869,0.040276,104.244.42.0-255,66,205271,64,359407
20870,0.040409,104.244.42.0-255,66,205337,64,359407
20871,0.040452,104.244.42.0-255,66,205403,64,359407
20872,0.040687,74.125.130.0-255,5738,211141,64,359407
20873,0.040693,172.31.40.0-255,66,211207,64,359407
20874,0.042953,74.125.130.0-255,5738,216945,64,359407
20875,0.042966,172.31.40.0-255,66,217011,64,359407
20876,0.045222,74.125.130.0-255,5738,222749,64,359407
20877,0.045228,172.31.40.0-255,66,222815,64,359407
20878,0.047487,74.125.130.0-255,5738,228553,64,359407
20879,0.047494,172.31.40.0-255,66,228619,64,359407
20880,0.049731,74.125.130.0-255,5738,234357,64,359407
20881,0.049736,172.31.40.0-255,66,234423,64,359407
20882,0.05199,74.125.130.0-255,5738,240161,64,359407
20883,0.051997,172.31.40.0-255,66,240227,64,359407
20884,0.054243,74.125.130.0-255,5738,245965,64,359407
20885,0.05425,172.31.40.0-255,66,246031,64,359407
20886,0.056526,74.125.130.0-255,4320,250351,64,359407
20887,0.056533,172.31.40.0-255,66,250417,64,359407
20888,0.056554,74.125.130.0-255,1484,251901,64,359407
20889,0.058803,74.125.130.0-255,4320,256221,64,359407
20890,0.058814,172.31.40.0-255,66,256287,64,359407
20891,0.061076,74.125.130.0-255,5738,262025,64,359407
20892,0.061131,172.31.40.0-255,66,262091,64,359407
20893,0.063393,74.125.130.0-255,5738,267829,64,359407
20894,0.063399,172.31.40.0-255,66,267895,64,359407
20895,0.065647,74.125.130.0-255,5738,273633,64,359407
20896,0.065653,172.31.40.0-255,66,273699,64,359407
20897,0.06791,74.125.130.0-255,5738,279437,64,359407
20898,0.067916,172.31.40.0-255,66,279503,64,359407
20899,0.070192,74.125.130.0-255,5738,285241,64,359407
20900,0.070199,172.31.40.0-255,66,285307,64,359407
20901,0.072573,74.125.130.0-255,5738,291045,64,359407
20902,0.072579,172.31.40.0-255,66,291111,64,359407
20903,0.074825,74.125.130.0-255,5738,296849,64,359407
20904,0.074833,172.31.40.0-255,66,296915,64,359407
20905,0.077089,74.125.130.0-255,5738,302653,64,359407
20906,0.077097,172.31.40.0-255,66,302719,64,359407
20907,0.079343,74.125.130.0-255,5738,308457,64,359407
20908,0.079349,172.31.40.0-255,66,308523,64,359407
20909,0.081604,74.125.130.0-255,5738,314261,64,359407
20910,0.08161,172.31.40.0-255,66,314327,64,359407
20911,0.083865,74.125.130.0-255,5738,320065,64,359407
20912,0.083871,172.31.40.0-255,66,320131,64,359407
20913,0.086131,74.125.130.0-255,4320,324451,64,359407
20914,0.086138,172.31.40.0-255,66,324517,64,359407
20915,0.086157,74.125.130.0-255,1484,326001,64,359407
20916,0.088389,74.125.130.0-255,4320,330321,64,359407
20917,0.088395,172.31.40.0-255,66,330387,64,359407
20918,0.090636,74.125.130.0-255,5738,336125,64,359407
20919,0.090785,172.31.40.0-255,66,336191,64,359407
20920,0.093037,74.125.130.0-255,5738,341929,64,359407
20921,0.093046,172.31.40.0-255,66,341995,64,359407
20922,0.095311,74.125.130.0-255,5738,347733,64,359407
20923,0.095318,172.31.40.0-255,66,347799,64,359407
20924,0.097581,74.125.130.0-255,5738,353537,64,359407
20925,0.097588,172.31.40.0-255,66,353603,64,359407
20926,0.099827,74.125.130.0-255,5738,359341,64,359407
20927,0.099833,172.31.40.0-255,66,359407,64,359407
20928,0.0,172.31.40.0-255,105,105,64,459
20929,0.000151,172.31.40.0-255,90,195,64,459
20930,0.00016,172.31.40.0-255,66,261,64,459
20931,0.002168,172.217.194.0-255,66,327,64,459
20932,0.002196,172.217.194.0-255,66,393,64,459
20933,0.002218,172.31.40.0-255,66,459,64,459
20934,0.0,172.217.194.0-255,152,152,64,150827
20935,2.2e-05,172.31.40.0-255,66,218,64,150827
20936,2.8e-05,172.217.194.0-255,1484,1702,64,150827
20937,3.2e-05,172.31.40.0-255,66,1768,64,150827
20938,3.8e-05,172.217.194.0-255,2902,4670,64,150827
20939,4.9e-05,172.31.40.0-255,66,4736,64,150827
20940,5.5e-05,172.217.194.0-255,5738,10474,64,150827
20941,5.7e-05,172.31.40.0-255,66,10540,64,150827
20942,0.000101,172.31.40.0-255,66,10606,64,150827
20943,0.000108,172.217.194.0-255,6797,17403,64,150827
20944,0.00011,172.31.40.0-255,66,17469,64,150827
20945,0.000155,172.217.194.0-255,1484,18953,64,150827
20946,0.000157,172.31.40.0-255,66,19019,64,150827
20947,0.000161,172.217.194.0-255,2902,21921,64,150827
20948,0.000163,172.31.40.0-255,66,21987,64,150827
20949,0.000169,172.217.194.0-255,5738,27725,64,150827
20950,0.000175,172.31.40.0-255,66,27791,64,150827
20951,0.00018,172.217.194.0-255,4320,32111,64,150827
20952,0.000182,172.31.40.0-255,66,32177,64,150827
20953,0.000219,172.31.40.0-255,66,32243,64,150827
20954,0.000247,172.31.40.0-255,66,32309,64,150827
20955,0.000273,172.217.194.0-255,679,32988,64,150827
20956,0.000275,172.31.40.0-255,66,33054,64,150827
20957,0.000304,172.217.194.0-255,1484,34538,64,150827
20958,0.000306,172.31.40.0-255,66,34604,64,150827
20959,0.00031,172.217.194.0-255,1484,36088,64,150827
20960,0.000312,172.31.40.0-255,66,36154,64,150827
20961,0.000345,172.217.194.0-255,2902,39056,64,150827
20962,0.000348,172.31.40.0-255,66,39122,64,150827
20963,0.00036,172.217.194.0-255,5738,44860,64,150827
20964,0.000362,172.31.40.0-255,66,44926,64,150827
20965,0.000369,172.217.194.0-255,7156,52082,64,150827
20966,0.000371,172.31.40.0-255,66,52148,64,150827
20967,0.000423,172.31.40.0-255,66,52214,64,150827
20968,0.000427,172.217.194.0-255,1633,53847,64,150827
20969,0.000431,172.31.40.0-255,66,53913,64,150827
20970,0.00046,172.217.194.0-255,2902,56815,64,150827
20971,0.000462,172.31.40.0-255,66,56881,64,150827
20972,0.00047,172.217.194.0-255,7156,64037,64,150827
20973,0.000472,172.31.40.0-255,66,64103,64,150827
20974,0.000482,172.217.194.0-255,4320,68423,64,150827
20975,0.000484,172.31.40.0-255,66,68489,64,150827
20976,0.000515,172.31.40.0-255,66,68555,64,150827
20977,0.000547,172.217.194.0-255,7156,75711,64,150827
20978,0.00055,172.31.40.0-255,66,75777,64,150827
20979,0.000569,172.217.194.0-255,3602,79379,64,150827
20980,0.000572,172.31.40.0-255,66,79445,64,150827
20981,0.000687,172.217.194.0-255,1484,80929,64,150827
20982,0.000694,172.217.194.0-255,2902,83831,64,150827
20983,0.000697,172.31.40.0-255,66,83897,64,150827
20984,0.000715,172.217.194.0-255,4320,88217,64,150827
20985,0.000722,172.31.40.0-255,66,88283,64,150827
20986,0.000739,172.217.194.0-255,1484,89767,64,150827
20987,0.000759,172.31.40.0-255,66,89833,64,150827
20988,0.000788,172.217.194.0-255,5738,95571,64,150827
20989,0.000791,172.31.40.0-255,66,95637,64,150827
20990,0.000824,172.31.40.0-255,66,95703,64,150827
20991,0.000941,172.217.194.0-255,1484,97187,64,150827
20992,0.000947,172.217.194.0-255,2902,100089,64,150827
20993,0.000951,172.31.40.0-255,66,100155,64,150827
20994,0.000957,172.217.194.0-255,2902,103057,64,150827
20995,0.000959,172.31.40.0-255,66,103123,64,150827
20996,0.000991,172.217.194.0-255,2902,106025,64,150827
20997,0.000993,172.31.40.0-255,66,106091,64,150827
20998,0.001,172.217.194.0-255,5738,111829,64,150827
20999,0.001003,172.31.40.0-255,66,111895,64,150827
21000,0.001017,172.217.194.0-255,7156,119051,64,150827
21001,0.001019,172.31.40.0-255,66,119117,64,150827
21002,0.001081,172.31.40.0-255,66,119183,64,150827
21003,0.001187,172.217.194.0-255,1484,120667,64,150827
21004,0.001204,172.217.194.0-255,2902,123569,64,150827
21005,0.001207,172.31.40.0-255,66,123635,64,150827
21006,0.001214,172.217.194.0-255,5738,129373,64,150827
21007,0.001217,172.31.40.0-255,66,129439,64,150827
21008,0.001283,172.217.194.0-255,4320,133759,64,150827
21009,0.001286,172.31.40.0-255,66,133825,64,150827
21010,0.001324,172.31.40.0-255,66,133891,64,150827
21011,0.001337,172.31.40.0-255,66,133957,64,150827
21012,0.001355,172.31.40.0-255,66,134023,64,150827
21013,0.001382,172.31.40.0-255,66,134089,64,150827
21014,0.001403,172.31.40.0-255,66,134155,64,150827
21015,0.001451,172.31.40.0-255,66,134221,64,150827
21016,0.001465,172.31.40.0-255,66,134287,64,150827
21017,0.001582,172.217.194.0-255,4320,138607,64,150827
21018,0.001734,172.217.194.0-255,2902,141509,64,150827
21019,0.00174,172.217.194.0-255,3602,145111,64,150827
21020,0.001751,172.217.194.0-255,105,145216,64,150827
21021,0.00187,172.31.40.0-255,66,145282,64,150827
21022,0.010673,172.31.40.0-255,105,145387,64,150827
21023,0.013265,172.217.194.0-255,66,145453,64,150827
21024,0.032504,172.31.40.0-255,167,145620,64,150827
21025,0.032531,172.31.40.0-255,1111,146731,64,150827
21026,0.032588,172.31.40.0-255,1514,148245,64,150827
21027,0.032609,172.31.40.0-255,1514,149759,64,150827
21028,0.03261,172.31.40.0-255,696,150455,64,150827
21029,0.033976,104.244.42.0-255,66,150521,64,150827
21030,0.034006,104.244.42.0-255,66,150587,64,150827
21031,0.034099,104.244.42.0-255,66,150653,64,150827
21032,0.034771,104.244.42.0-255,108,150761,64,150827
21033,0.034778,172.31.40.0-255,66,150827,64,150827
21034,0.0,74.125.68.0-255,153,153,64,349456
21035,2.2e-05,172.31.40.0-255,66,219,64,349456
21036,2.9e-05,74.125.68.0-255,1484,1703,64,349456
21037,3.5e-05,172.31.40.0-255,66,1769,64,349456
21038,4e-05,74.125.68.0-255,2902,4671,64,349456
21039,4.4e-05,172.31.40.0-255,66,4737,64,349456
21040,4.8e-05,74.125.68.0-255,2902,7639,64,349456
21041,5.1e-05,172.31.40.0-255,66,7705,64,349456
21042,7.1e-05,74.125.68.0-255,1484,9189,64,349456
21043,7.4e-05,172.31.40.0-255,66,9255,64,349456
21044,9e-05,74.125.68.0-255,1484,10739,64,349456
21045,9.2e-05,172.31.40.0-255,66,10805,64,349456
21046,0.000111,74.125.68.0-255,3419,14224,64,349456
21047,0.000113,172.31.40.0-255,66,14290,64,349456
21048,0.000193,74.125.68.0-255,1484,15774,64,349456
21049,0.000196,172.31.40.0-255,66,15840,64,349456
21050,0.00022,74.125.68.0-255,2902,18742,64,349456
21051,0.000222,172.31.40.0-255,66,18808,64,349456
21052,0.000229,74.125.68.0-255,5738,24546,64,349456
21053,0.000231,172.31.40.0-255,66,24612,64,349456
21054,0.000258,74.125.68.0-255,6797,31409,64,349456
21055,0.000261,172.31.40.0-255,66,31475,64,349456
21056,0.00031,74.125.68.0-255,1484,32959,64,349456
21057,0.000312,172.31.40.0-255,66,33025,64,349456
21058,0.000317,74.125.68.0-255,2902,35927,64,349456
21059,0.000319,172.31.40.0-255,66,35993,64,349456
21060,0.000339,74.125.68.0-255,2902,38895,64,349456
21061,0.000341,172.31.40.0-255,66,38961,64,349456
21062,0.000357,74.125.68.0-255,1484,40445,64,349456
21063,0.000359,172.31.40.0-255,66,40511,64,349456
21064,0.000396,172.31.40.0-255,66,40577,64,349456
21065,0.000988,74.125.68.0-255,1484,42061,64,349456
21066,0.000999,74.125.68.0-255,2902,44963,64,349456
21067,0.001003,172.31.40.0-255,66,45029,64,349456
21068,0.001063,74.125.68.0-255,1484,46513,64,349456
21069,0.00107,74.125.68.0-255,2902,49415,64,349456
21070,0.001095,74.125.68.0-255,5738,55153,64,349456
21071,0.001156,74.125.68.0-255,2543,57696,64,349456
21072,0.001348,74.125.68.0-255,1484,59180,64,349456
21073,0.001369,74.125.68.0-255,2902,62082,64,349456
21074,0.001398,74.125.68.0-255,5738,67820,64,349456
21075,0.001401,74.125.68.0-255,1484,69304,64,349456
21076,0.001405,74.125.68.0-255,1484,70788,64,349456
21077,0.001421,74.125.68.0-255,1484,72272,64,349456
21078,0.001446,74.125.68.0-255,1484,73756,64,349456
21079,0.001467,74.125.68.0-255,3961,77717,64,349456
21080,0.001507,74.125.68.0-255,5738,83455,64,349456
21081,0.001551,74.125.68.0-255,2902,86357,64,349456
21082,0.001589,74.125.68.0-255,7156,93513,64,349456
21083,0.001613,74.125.68.0-255,5738,99251,64,349456
21084,0.001618,74.125.68.0-255,4320,103571,64,349456
21085,0.001624,74.125.68.0-255,5738,109309,64,349456
21086,0.001715,74.125.68.0-255,5379,114688,64,349456
21087,0.001972,74.125.68.0-255,1484,116172,64,349456
21088,0.001992,74.125.68.0-255,2902,119074,64,349456
21089,0.002018,74.125.68.0-255,5738,124812,64,349456
21090,0.002045,74.125.68.0-255,2902,127714,64,349456
21091,0.002095,74.125.68.0-255,2902,130616,64,349456
21092,0.002153,74.125.68.0-255,1484,132100,64,349456
21093,0.002174,74.125.68.0-255,2902,135002,64,349456
21094,0.002186,74.125.68.0-255,1484,136486,64,349456
21095,0.002201,74.125.68.0-255,4320,140806,64,349456
21096,0.002207,74.125.68.0-255,4320,145126,64,349456
21097,0.002227,74.125.68.0-255,5738,150864,64,349456
21098,0.00226,74.125.68.0-255,4320,155184,64,349456
21099,0.002284,74.125.68.0-255,5738,160922,64,349456
21100,0.002304,74.125.68.0-255,2902,163824,64,349456
21101,0.002345,74.125.68.0-255,766,164590,64,349456
21102,0.00248,74.125.68.0-255,1484,166074,64,349456
21103,0.002485,74.125.68.0-255,2902,168976,64,349456
21104,0.0025,74.125.68.0-255,1484,170460,64,349456
21105,0.007221,172.31.40.0-255,66,170526,64,349456
21106,0.009762,74.125.68.0-255,5738,176264,64,349456
21107,0.00977,172.31.40.0-255,66,176330,64,349456
21108,0.012281,74.125.68.0-255,5738,182068,64,349456
21109,0.012289,172.31.40.0-255,66,182134,64,349456
21110,0.014807,74.125.68.0-255,5738,187872,64,349456
21111,0.014817,172.31.40.0-255,66,187938,64,349456
21112,0.017345,74.125.68.0-255,5738,193676,64,349456
21113,0.018904,172.31.40.0-255,66,193742,64,349456
21114,0.021417,74.125.68.0-255,5738,199480,64,349456
21115,0.021434,172.31.40.0-255,66,199546,64,349456
21116,0.023944,74.125.68.0-255,5738,205284,64,349456
21117,0.023952,172.31.40.0-255,66,205350,64,349456
21118,0.026498,74.125.68.0-255,5738,211088,64,349456
21119,0.026517,172.31.40.0-255,66,211154,64,349456
21120,0.02902,74.125.68.0-255,5738,216892,64,349456
21121,0.029028,172.31.40.0-255,66,216958,64,349456
21122,0.031525,74.125.68.0-255,5738,222696,64,349456
21123,0.031532,172.31.40.0-255,66,222762,64,349456
21124,0.034036,74.125.68.0-255,5738,228500,64,349456
21125,0.034043,172.31.40.0-255,66,228566,64,349456
21126,0.036574,74.125.68.0-255,5738,234304,64,349456
21127,0.036592,172.31.40.0-255,66,234370,64,349456
21128,0.0391,74.125.68.0-255,5738,240108,64,349456
21129,0.039116,172.31.40.0-255,66,240174,64,349456
21130,0.041612,74.125.68.0-255,5738,245912,64,349456
21131,0.041619,172.31.40.0-255,66,245978,64,349456
21132,0.044131,74.125.68.0-255,5738,251716,64,349456
21133,0.044146,172.31.40.0-255,66,251782,64,349456
21134,0.046267,172.31.40.0-255,167,251949,64,349456
21135,0.046302,172.31.40.0-255,1112,253061,64,349456
21136,0.04636,172.31.40.0-255,1514,254575,64,349456
21137,0.046362,172.31.40.0-255,1514,256089,64,349456
21138,0.046363,172.31.40.0-255,696,256785,64,349456
21139,0.04668,74.125.68.0-255,5738,262523,64,349456
21140,0.046687,172.31.40.0-255,66,262589,64,349456
21141,0.047831,104.244.42.0-255,66,262655,64,349456
21142,0.047852,104.244.42.0-255,66,262721,64,349456
21143,0.047924,104.244.42.0-255,66,262787,64,349456
21144,0.047928,104.244.42.0-255,66,262853,64,349456
21145,0.049185,74.125.68.0-255,5738,268591,64,349456
21146,0.049196,172.31.40.0-255,66,268657,64,349456
21147,0.051726,74.125.68.0-255,5738,274395,64,349456
21148,0.051744,172.31.40.0-255,66,274461,64,349456
21149,0.054259,74.125.68.0-255,5738,280199,64,349456
21150,0.054274,172.31.40.0-255,66,280265,64,349456
21151,0.056781,74.125.68.0-255,5738,286003,64,349456
21152,0.056805,172.31.40.0-255,66,286069,64,349456
21153,0.059318,74.125.68.0-255,5738,291807,64,349456
21154,0.059336,172.31.40.0-255,66,291873,64,349456
21155,0.061851,74.125.68.0-255,5738,297611,64,349456
21156,0.061868,172.31.40.0-255,66,297677,64,349456
21157,0.064383,74.125.68.0-255,5738,303415,64,349456
21158,0.064401,172.31.40.0-255,66,303481,64,349456
21159,0.066921,74.125.68.0-255,5738,309219,64,349456
21160,0.066939,172.31.40.0-255,66,309285,64,349456
21161,0.069466,74.125.68.0-255,5738,315023,64,349456
21162,0.069481,172.31.40.0-255,66,315089,64,349456
21163,0.072009,74.125.68.0-255,5738,320827,64,349456
21164,0.072027,172.31.40.0-255,66,320893,64,349456
21165,0.074545,74.125.68.0-255,5738,326631,64,349456
21166,0.074563,172.31.40.0-255,66,326697,64,349456
21167,0.074748,172.31.40.0-255,101,326798,64,349456
21168,0.077116,74.125.68.0-255,5738,332536,64,349456
21169,0.077132,172.31.40.0-255,66,332602,64,349456
21170,0.077202,74.125.68.0-255,66,332668,64,349456
21171,0.079646,74.125.68.0-255,5738,338406,64,349456
21172,0.079664,172.31.40.0-255,66,338472,64,349456
21173,0.082186,74.125.68.0-255,5738,344210,64,349456
21174,0.082203,172.31.40.0-255,66,344276,64,349456
21175,0.084728,74.125.68.0-255,4943,349219,64,349456
21176,0.084746,172.31.40.0-255,66,349285,64,349456
21177,0.085033,172.31.40.0-255,105,349390,64,349456
21178,0.092671,74.125.68.0-255,66,349456,64,349456
21179,0.0,74.125.68.0-255,182,182,64,404442
21180,2.2e-05,172.31.40.0-255,66,248,64,404442
21181,2.9e-05,74.125.68.0-255,1484,1732,64,404442
21182,3.3e-05,172.31.40.0-255,66,1798,64,404442
21183,4e-05,74.125.68.0-255,2902,4700,64,404442
21184,4.4e-05,172.31.40.0-255,66,4766,64,404442
21185,4.7e-05,74.125.68.0-255,1484,6250,64,404442
21186,5e-05,172.31.40.0-255,66,6316,64,404442
21187,5.5e-05,74.125.68.0-255,2902,9218,64,404442
21188,5.8e-05,172.31.40.0-255,66,9284,64,404442
21189,8.5e-05,74.125.68.0-255,4823,14107,64,404442
21190,8.9e-05,172.31.40.0-255,66,14173,64,404442
21191,0.000132,74.125.68.0-255,2902,17075,64,404442
21192,0.000134,172.31.40.0-255,66,17141,64,404442
21193,0.000148,74.125.68.0-255,2902,20043,64,404442
21194,0.000151,172.31.40.0-255,66,20109,64,404442
21195,0.000173,74.125.68.0-255,1484,21593,64,404442
21196,0.000176,172.31.40.0-255,66,21659,64,404442
21197,0.000187,172.31.40.0-255,66,21725,64,404442
21198,0.00019,74.125.68.0-255,1125,22850,64,404442
21199,0.000192,172.31.40.0-255,66,22916,64,404442
21200,0.000318,74.125.68.0-255,1484,24400,64,404442
21201,0.000323,172.31.40.0-255,66,24466,64,404442
21202,0.000345,74.125.68.0-255,2902,27368,64,404442
21203,0.000349,172.31.40.0-255,66,27434,64,404442
21204,0.000354,74.125.68.0-255,4320,31754,64,404442
21205,0.000356,172.31.40.0-255,66,31820,64,404442
21206,0.000391,74.125.68.0-255,5738,37558,64,404442
21207,0.000394,172.31.40.0-255,66,37624,64,404442
21208,0.00041,74.125.68.0-255,2543,40167,64,404442
21209,0.000413,172.31.40.0-255,66,40233,64,404442
21210,0.000415,74.125.68.0-255,1484,41717,64,404442
21211,0.000441,74.125.68.0-255,7156,48873,64,404442
21212,0.000444,172.31.40.0-255,66,48939,64,404442
21213,0.000452,74.125.68.0-255,7156,56095,64,404442
21214,0.000454,172.31.40.0-255,66,56161,64,404442
21215,0.000487,74.125.68.0-255,1480,57641,64,404442
21216,0.000516,74.125.68.0-255,332,57973,64,404442
21217,0.000519,172.31.40.0-255,66,58039,64,404442
21218,0.000736,74.125.68.0-255,1484,59523,64,404442
21219,0.000741,74.125.68.0-255,2902,62425,64,404442
21220,0.000747,172.31.40.0-255,66,62491,64,404442
21221,0.000771,74.125.68.0-255,4320,66811,64,404442
21222,0.000774,172.31.40.0-255,66,66877,64,404442
21223,0.00079,74.125.68.0-255,1484,68361,64,404442
21224,0.000796,74.125.68.0-255,4320,72681,64,404442
21225,0.000799,172.31.40.0-255,66,72747,64,404442
21226,0.000828,74.125.68.0-255,2902,75649,64,404442
21227,0.00083,172.31.40.0-255,66,75715,64,404442
21228,0.000841,172.31.40.0-255,66,75781,64,404442
21229,0.000844,74.125.68.0-255,1484,77265,64,404442
21230,0.000865,74.125.68.0-255,6438,83703,64,404442
21231,0.000868,172.31.40.0-255,66,83769,64,404442
21232,0.001066,74.125.68.0-255,1484,85253,64,404442
21233,0.001081,74.125.68.0-255,2902,88155,64,404442
21234,0.001084,172.31.40.0-255,66,88221,64,404442
21235,0.001089,74.125.68.0-255,2902,91123,64,404442
21236,0.001091,172.31.40.0-255,66,91189,64,404442
21237,0.001107,74.125.68.0-255,4320,95509,64,404442
21238,0.001109,172.31.40.0-255,66,95575,64,404442
21239,0.001144,74.125.68.0-255,5738,101313,64,404442
21240,0.001147,172.31.40.0-255,66,101379,64,404442
21241,0.001169,74.125.68.0-255,2902,104281,64,404442
21242,0.001171,172.31.40.0-255,66,104347,64,404442
21243,0.001177,74.125.68.0-255,4320,108667,64,404442
21244,0.001179,172.31.40.0-255,66,108733,64,404442
21245,0.001185,74.125.68.0-255,5738,114471,64,404442
21246,0.001187,172.31.40.0-255,66,114537,64,404442
21247,0.001191,74.125.68.0-255,1484,116021,64,404442
21248,0.001212,74.125.68.0-255,2184,118205,64,404442
21249,0.001216,172.31.40.0-255,66,118271,64,404442
21250,0.002018,74.125.68.0-255,1484,119755,64,404442
21251,0.002069,74.125.68.0-255,1484,121239,64,404442
21252,0.002074,172.31.40.0-255,66,121305,64,404442
21253,0.00208,74.125.68.0-255,2902,124207,64,404442
21254,0.002082,172.31.40.0-255,66,124273,64,404442
21255,0.002102,74.125.68.0-255,1484,125757,64,404442
21256,0.002125,74.125.68.0-255,2902,128659,64,404442
21257,0.002128,172.31.40.0-255,66,128725,64,404442
21258,0.002133,74.125.68.0-255,2902,131627,64,404442
21259,0.002134,172.31.40.0-255,66,131693,64,404442
21260,0.002149,74.125.68.0-255,2902,134595,64,404442
21261,0.002151,172.31.40.0-255,66,134661,64,404442
21262,0.002155,74.125.68.0-255,2902,137563,64,404442
21263,0.002157,172.31.40.0-255,66,137629,64,404442
21264,0.002161,74.125.68.0-255,2902,140531,64,404442
21265,0.002163,172.31.40.0-255,66,140597,64,404442
21266,0.002175,74.125.68.0-255,1484,142081,64,404442
21267,0.002202,74.125.68.0-255,2902,144983,64,404442
21268,0.002204,172.31.40.0-255,66,145049,64,404442
21269,0.002222,74.125.68.0-255,4320,149369,64,404442
21270,0.002224,172.31.40.0-255,66,149435,64,404442
21271,0.002261,74.125.68.0-255,3602,153037,64,404442
21272,0.002263,172.31.40.0-255,66,153103,64,404442
21273,0.004468,74.125.68.0-255,1484,154587,64,404442
21274,0.004514,74.125.68.0-255,4320,158907,64,404442
21275,0.004518,172.31.40.0-255,66,158973,64,404442
21276,0.006768,74.125.68.0-255,5738,164711,64,404442
21277,0.006774,172.31.40.0-255,66,164777,64,404442
21278,0.009024,74.125.68.0-255,5738,170515,64,404442
21279,0.009031,172.31.40.0-255,66,170581,64,404442
21280,0.011289,74.125.68.0-255,5738,176319,64,404442
21281,0.011297,172.31.40.0-255,66,176385,64,404442
21282,0.01356,74.125.68.0-255,5738,182123,64,404442
21283,0.013568,172.31.40.0-255,66,182189,64,404442
21284,0.015823,74.125.68.0-255,5738,187927,64,404442
21285,0.015833,172.31.40.0-255,66,187993,64,404442
21286,0.018104,74.125.68.0-255,5738,193731,64,404442
21287,0.018116,172.31.40.0-255,66,193797,64,404442
21288,0.020365,74.125.68.0-255,5738,199535,64,404442
21289,0.020374,172.31.40.0-255,66,199601,64,404442
21290,0.022623,74.125.68.0-255,5738,205339,64,404442
21291,0.022631,172.31.40.0-255,66,205405,64,404442
21292,0.024891,74.125.68.0-255,5738,211143,64,404442
21293,0.024901,172.31.40.0-255,66,211209,64,404442
21294,0.027157,74.125.68.0-255,4320,215529,64,404442
21295,0.027164,172.31.40.0-255,66,215595,64,404442
21296,0.027181,74.125.68.0-255,1484,217079,64,404442
21297,0.028967,172.31.40.0-255,167,217246,64,404442
21298,0.029,172.31.40.0-255,1112,218358,64,404442
21299,0.029057,172.31.40.0-255,1514,219872,64,404442
21300,0.029059,172.31.40.0-255,1514,221386,64,404442
21301,0.02906,172.31.40.0-255,698,222084,64,404442
21302,0.029425,74.125.68.0-255,4320,226404,64,404442
21303,0.029433,172.31.40.0-255,66,226470,64,404442
21304,0.030508,104.244.42.0-255,66,226536,64,404442
21305,0.030538,104.244.42.0-255,66,226602,64,404442
21306,0.030594,104.244.42.0-255,66,226668,64,404442
21307,0.030612,104.244.42.0-255,66,226734,64,404442
21308,0.03169,74.125.68.0-255,5738,232472,64,404442
21309,0.031695,172.31.40.0-255,66,232538,64,404442
21310,0.033988,74.125.68.0-255,5738,238276,64,404442
21311,0.033994,172.31.40.0-255,66,238342,64,404442
21312,0.036247,74.125.68.0-255,5738,244080,64,404442
21313,0.036254,172.31.40.0-255,66,244146,64,404442
21314,0.038515,74.125.68.0-255,5738,249884,64,404442
21315,0.038522,172.31.40.0-255,66,249950,64,404442
21316,0.040768,74.125.68.0-255,5738,255688,64,404442
21317,0.040774,172.31.40.0-255,66,255754,64,404442
21318,0.043039,74.125.68.0-255,5738,261492,64,404442
21319,0.043049,172.31.40.0-255,66,261558,64,404442
21320,0.045308,74.125.68.0-255,5738,267296,64,404442
21321,0.045315,172.31.40.0-255,66,267362,64,404442
21322,0.047581,74.125.68.0-255,5738,273100,64,404442
21323,0.047587,172.31.40.0-255,66,273166,64,404442
21324,0.049848,74.125.68.0-255,5738,278904,64,404442
21325,0.049854,172.31.40.0-255,66,278970,64,404442
21326,0.052122,74.125.68.0-255,5738,284708,64,404442
21327,0.05213,172.31.40.0-255,66,284774,64,404442
21328,0.05439,74.125.68.0-255,5738,290512,64,404442
21329,0.054397,172.31.40.0-255,66,290578,64,404442
21330,0.056654,74.125.68.0-255,5738,296316,64,404442
21331,0.056661,172.31.40.0-255,66,296382,64,404442
21332,0.058926,74.125.68.0-255,5738,302120,64,404442
21333,0.058933,172.31.40.0-255,66,302186,64,404442
21334,0.061203,74.125.68.0-255,5738,307924,64,404442
21335,0.06121,172.31.40.0-255,66,307990,64,404442
21336,0.063481,74.125.68.0-255,5738,313728,64,404442
21337,0.063488,172.31.40.0-255,66,313794,64,404442
21338,0.065753,74.125.68.0-255,5738,319532,64,404442
21339,0.06576,172.31.40.0-255,66,319598,64,404442
21340,0.06803,74.125.68.0-255,5738,325336,64,404442
21341,0.068039,172.31.40.0-255,66,325402,64,404442
21342,0.070305,74.125.68.0-255,5738,331140,64,404442
21343,0.070313,172.31.40.0-255,66,331206,64,404442
21344,0.072579,74.125.68.0-255,5738,336944,64,404442
21345,0.072587,172.31.40.0-255,66,337010,64,404442
21346,0.074879,74.125.68.0-255,5738,342748,64,404442
21347,0.074886,172.31.40.0-255,66,342814,64,404442
21348,0.077142,74.125.68.0-255,5738,348552,64,404442
21349,0.077149,172.31.40.0-255,66,348618,64,404442
21350,0.079414,74.125.68.0-255,5738,354356,64,404442
21351,0.07942,172.31.40.0-255,66,354422,64,404442
21352,0.081682,74.125.68.0-255,5738,360160,64,404442
21353,0.081688,172.31.40.0-255,66,360226,64,404442
21354,0.083945,74.125.68.0-255,5738,365964,64,404442
21355,0.08395,172.31.40.0-255,66,366030,64,404442
21356,0.086211,74.125.68.0-255,5738,371768,64,404442
21357,0.086218,172.31.40.0-255,66,371834,64,404442
21358,0.088483,74.125.68.0-255,5738,377572,64,404442
21359,0.08849,172.31.40.0-255,66,377638,64,404442
21360,0.090752,74.125.68.0-255,5738,383376,64,404442
21361,0.090759,172.31.40.0-255,66,383442,64,404442
21362,0.09303,74.125.68.0-255,5738,389180,64,404442
21363,0.093036,172.31.40.0-255,66,389246,64,404442
21364,0.095285,74.125.68.0-255,5738,394984,64,404442
21365,0.095291,172.31.40.0-255,66,395050,64,404442
21366,0.097542,74.125.68.0-255,5738,400788,64,404442
21367,0.097548,172.31.40.0-255,66,400854,64,404442
21368,0.099799,74.125.68.0-255,3417,404271,64,404442
21369,0.099805,172.31.40.0-255,66,404337,64,404442
21370,0.09997,172.31.40.0-255,105,404442,64,404442
21371,0.0,74.125.68.0-255,153,153,64,394430
21372,2.1e-05,172.31.40.0-255,66,219,64,394430
21373,2.8e-05,74.125.68.0-255,1484,1703,64,394430
21374,3.2e-05,172.31.40.0-255,66,1769,64,394430
21375,3.8e-05,74.125.68.0-255,2902,4671,64,394430
21376,4e-05,172.31.40.0-255,66,4737,64,394430
21377,5.3e-05,74.125.68.0-255,1484,6221,64,394430
21378,5.5e-05,172.31.40.0-255,66,6287,64,394430
21379,6e-05,74.125.68.0-255,2902,9189,64,394430
21380,6.4e-05,172.31.40.0-255,66,9255,64,394430
21381,9.5e-05,74.125.68.0-255,4838,14093,64,394430
21382,9.9e-05,172.31.40.0-255,66,14159,64,394430
21383,0.000204,74.125.68.0-255,1484,15643,64,394430
21384,0.000209,172.31.40.0-255,66,15709,64,394430
21385,0.000214,74.125.68.0-255,2902,18611,64,394430
21386,0.000216,172.31.40.0-255,66,18677,64,394430
21387,0.000223,74.125.68.0-255,5738,24415,64,394430
21388,0.000229,172.31.40.0-255,66,24481,64,394430
21389,0.000258,74.125.68.0-255,4320,28801,64,394430
21390,0.00026,172.31.40.0-255,66,28867,64,394430
21391,0.000293,74.125.68.0-255,2543,31410,64,394430
21392,0.000296,172.31.40.0-255,66,31476,64,394430
21393,0.00062,74.125.68.0-255,1484,32960,64,394430
21394,0.000625,172.31.40.0-255,66,33026,64,394430
21395,0.000631,74.125.68.0-255,2902,35928,64,394430
21396,0.000633,172.31.40.0-255,66,35994,64,394430
21397,0.000657,74.125.68.0-255,4320,40314,64,394430
21398,0.000664,172.31.40.0-255,66,40380,64,394430
21399,0.000697,172.31.40.0-255,66,40446,64,394430
21400,0.001508,74.125.68.0-255,1484,41930,64,394430
21401,0.001515,172.31.40.0-255,66,41996,64,394430
21402,0.001525,74.125.68.0-255,2902,44898,64,394430
21403,0.001527,172.31.40.0-255,66,44964,64,394430
21404,0.00154,74.125.68.0-255,5738,50702,64,394430
21405,0.001542,172.31.40.0-255,66,50768,64,394430
21406,0.001546,74.125.68.0-255,2902,53670,64,394430
21407,0.001548,172.31.40.0-255,66,53736,64,394430
21408,0.001554,74.125.68.0-255,3961,57697,64,394430
21409,0.001557,172.31.40.0-255,66,57763,64,394430
21410,0.0016,74.125.68.0-255,5738,63501,64,394430
21411,0.001602,172.31.40.0-255,66,63567,64,394430
21412,0.001629,74.125.68.0-255,2902,66469,64,394430
21413,0.001631,172.31.40.0-255,66,66535,64,394430
21414,0.001669,172.31.40.0-255,66,66601,64,394430
21415,0.001694,74.125.68.0-255,1484,68085,64,394430
21416,0.001717,74.125.68.0-255,2902,70987,64,394430
21417,0.001719,172.31.40.0-255,66,71053,64,394430
21418,0.001726,74.125.68.0-255,5738,76791,64,394430
21419,0.001729,172.31.40.0-255,66,76857,64,394430
21420,0.001749,74.125.68.0-255,5738,82595,64,394430
21421,0.001751,172.31.40.0-255,66,82661,64,394430
21422,0.001773,74.125.68.0-255,1484,84145,64,394430
21423,0.001776,74.125.68.0-255,288,84433,64,394430
21424,0.001778,172.31.40.0-255,66,84499,64,394430
21425,0.001905,74.125.68.0-255,1484,85983,64,394430
21426,0.001921,74.125.68.0-255,2902,88885,64,394430
21427,0.001924,172.31.40.0-255,66,88951,64,394430
21428,0.001944,74.125.68.0-255,5738,94689,64,394430
21429,0.001946,172.31.40.0-255,66,94755,64,394430
21430,0.001951,74.125.68.0-255,2902,97657,64,394430
21431,0.001953,172.31.40.0-255,66,97723,64,394430
21432,0.001981,74.125.68.0-255,4320,102043,64,394430
21433,0.001984,172.31.40.0-255,66,102109,64,394430
21434,0.001987,74.125.68.0-255,1484,103593,64,394430
21435,0.002014,74.125.68.0-255,7156,110749,64,394430
21436,0.002017,172.31.40.0-255,66,110815,64,394430
21437,0.002023,74.125.68.0-255,5738,116553,64,394430
21438,0.002025,172.31.40.0-255,66,116619,64,394430
21439,0.002052,74.125.68.0-255,2184,118803,64,394430
21440,0.002055,172.31.40.0-255,66,118869,64,394430
21441,0.004087,74.125.68.0-255,2902,121771,64,394430
21442,0.004092,172.31.40.0-255,66,121837,64,394430
21443,0.004118,74.125.68.0-255,2902,124739,64,394430
21444,0.00412,172.31.40.0-255,66,124805,64,394430
21445,0.006153,74.125.68.0-255,2902,127707,64,394430
21446,0.006157,172.31.40.0-255,66,127773,64,394430
21447,0.006215,74.125.68.0-255,2902,130675,64,394430
21448,0.006219,172.31.40.0-255,66,130741,64,394430
21449,0.008225,74.125.68.0-255,2902,133643,64,394430
21450,0.008232,172.31.40.0-255,66,133709,64,394430
21451,0.008269,74.125.68.0-255,2902,136611,64,394430
21452,0.008272,172.31.40.0-255,66,136677,64,394430
21453,0.010299,74.125.68.0-255,2902,139579,64,394430
21454,0.010306,172.31.40.0-255,66,139645,64,394430
21455,0.010334,74.125.68.0-255,2902,142547,64,394430
21456,0.010337,172.31.40.0-255,66,142613,64,394430
21457,0.012373,74.125.68.0-255,2902,145515,64,394430
21458,0.01238,172.31.40.0-255,66,145581,64,394430
21459,0.012402,74.125.68.0-255,2902,148483,64,394430
21460,0.012405,172.31.40.0-255,66,148549,64,394430
21461,0.014445,74.125.68.0-255,2902,151451,64,394430
21462,0.014455,172.31.40.0-255,66,151517,64,394430
21463,0.014487,74.125.68.0-255,2902,154419,64,394430
21464,0.01449,172.31.40.0-255,66,154485,64,394430
21465,0.016529,74.125.68.0-255,2902,157387,64,394430
21466,0.016536,172.31.40.0-255,66,157453,64,394430
21467,0.016574,74.125.68.0-255,2902,160355,64,394430
21468,0.016577,172.31.40.0-255,66,160421,64,394430
21469,0.018613,74.125.68.0-255,2902,163323,64,394430
21470,0.018621,172.31.40.0-255,66,163389,64,394430
21471,0.018653,74.125.68.0-255,2902,166291,64,394430
21472,0.018656,172.31.40.0-255,66,166357,64,394430
21473,0.02069,74.125.68.0-255,2902,169259,64,394430
21474,0.0207,172.31.40.0-255,66,169325,64,394430
21475,0.020732,74.125.68.0-255,2902,172227,64,394430
21476,0.020735,172.31.40.0-255,66,172293,64,394430
21477,0.022766,74.125.68.0-255,2902,175195,64,394430
21478,0.022774,172.31.40.0-255,66,175261,64,394430
21479,0.022809,74.125.68.0-255,2902,178163,64,394430
21480,0.022812,172.31.40.0-255,66,178229,64,394430
21481,0.024838,74.125.68.0-255,2902,181131,64,394430
21482,0.024843,172.31.40.0-255,66,181197,64,394430
21483,0.02488,74.125.68.0-255,2902,184099,64,394430
21484,0.024884,172.31.40.0-255,66,184165,64,394430
21485,0.025695,172.31.40.0-255,172,184337,64,394430
21486,0.025728,172.31.40.0-255,1112,185449,64,394430
21487,0.025784,172.31.40.0-255,1514,186963,64,394430
21488,0.025785,172.31.40.0-255,1514,188477,64,394430
21489,0.025789,172.31.40.0-255,1514,189991,64,394430
21490,0.025791,172.31.40.0-255,1514,191505,64,394430
21491,0.025811,172.31.40.0-255,477,191982,64,394430
21492,0.026909,74.125.68.0-255,2902,194884,64,394430
21493,0.026917,172.31.40.0-255,66,194950,64,394430
21494,0.02695,74.125.68.0-255,2902,197852,64,394430
21495,0.026953,172.31.40.0-255,66,197918,64,394430
21496,0.027258,104.244.42.0-255,66,197984,64,394430
21497,0.0273,104.244.42.0-255,66,198050,64,394430
21498,0.027367,104.244.42.0-255,66,198116,64,394430
21499,0.027373,104.244.42.0-255,66,198182,64,394430
21500,0.02898,74.125.68.0-255,2902,201084,64,394430
21501,0.028986,172.31.40.0-255,66,201150,64,394430
21502,0.029012,74.125.68.0-255,2902,204052,64,394430
21503,0.029015,172.31.40.0-255,66,204118,64,394430
21504,0.031041,74.125.68.0-255,2902,207020,64,394430
21505,0.031048,172.31.40.0-255,66,207086,64,394430
21506,0.031076,74.125.68.0-255,2902,209988,64,394430
21507,0.031079,172.31.40.0-255,66,210054,64,394430
21508,0.033129,74.125.68.0-255,4320,214374,64,394430
21509,0.033135,172.31.40.0-255,66,214440,64,394430
21510,0.033161,74.125.68.0-255,1484,215924,64,394430
21511,0.035208,74.125.68.0-255,4320,220244,64,394430
21512,0.035215,172.31.40.0-255,66,220310,64,394430
21513,0.03729,74.125.68.0-255,5738,226048,64,394430
21514,0.037297,172.31.40.0-255,66,226114,64,394430
21515,0.039371,74.125.68.0-255,5738,231852,64,394430
21516,0.039377,172.31.40.0-255,66,231918,64,394430
21517,0.041456,74.125.68.0-255,5738,237656,64,394430
21518,0.041463,172.31.40.0-255,66,237722,64,394430
21519,0.043541,74.125.68.0-255,5738,243460,64,394430
21520,0.043558,172.31.40.0-255,66,243526,64,394430
21521,0.045668,74.125.68.0-255,5738,249264,64,394430
21522,0.045683,172.31.40.0-255,66,249330,64,394430
21523,0.047761,74.125.68.0-255,5738,255068,64,394430
21524,0.047775,172.31.40.0-255,66,255134,64,394430
21525,0.049876,74.125.68.0-255,5738,260872,64,394430
21526,0.04989,172.31.40.0-255,66,260938,64,394430
21527,0.051983,74.125.68.0-255,5738,266676,64,394430
21528,0.051995,172.31.40.0-255,66,266742,64,394430
21529,0.054086,74.125.68.0-255,5738,272480,64,394430
21530,0.054103,172.31.40.0-255,66,272546,64,394430
21531,0.056172,74.125.68.0-255,5738,278284,64,394430
21532,0.056188,172.31.40.0-255,66,278350,64,394430
21533,0.058276,74.125.68.0-255,5738,284088,64,394430
21534,0.058291,172.31.40.0-255,66,284154,64,394430
21535,0.060363,74.125.68.0-255,5738,289892,64,394430
21536,0.06037,172.31.40.0-255,66,289958,64,394430
21537,0.062454,74.125.68.0-255,5738,295696,64,394430
21538,0.062469,172.31.40.0-255,66,295762,64,394430
21539,0.064556,74.125.68.0-255,5738,301500,64,394430
21540,0.064566,172.31.40.0-255,66,301566,64,394430
21541,0.06666,74.125.68.0-255,5738,307304,64,394430
21542,0.066675,172.31.40.0-255,66,307370,64,394430
21543,0.068763,74.125.68.0-255,5738,313108,64,394430
21544,0.068779,172.31.40.0-255,66,313174,64,394430
21545,0.070872,74.125.68.0-255,5738,318912,64,394430
21546,0.070891,172.31.40.0-255,66,318978,64,394430
21547,0.073004,74.125.68.0-255,5738,324716,64,394430
21548,0.073027,172.31.40.0-255,66,324782,64,394430
21549,0.075207,74.125.68.0-255,5738,330520,64,394430
21550,0.075226,172.31.40.0-255,66,330586,64,394430
21551,0.077326,74.125.68.0-255,5738,336324,64,394430
21552,0.077343,172.31.40.0-255,66,336390,64,394430
21553,0.079423,74.125.68.0-255,5738,342128,64,394430
21554,0.079441,172.31.40.0-255,66,342194,64,394430
21555,0.081534,74.125.68.0-255,5738,347932,64,394430
21556,0.081552,172.31.40.0-255,66,347998,64,394430
21557,0.083652,74.125.68.0-255,5738,353736,64,394430
21558,0.08367,172.31.40.0-255,66,353802,64,394430
21559,0.085745,74.125.68.0-255,5738,359540,64,394430
21560,0.085764,172.31.40.0-255,66,359606,64,394430
21561,0.087839,74.125.68.0-255,5738,365344,64,394430
21562,0.087855,172.31.40.0-255,66,365410,64,394430
21563,0.089935,74.125.68.0-255,5738,371148,64,394430
21564,0.089949,172.31.40.0-255,66,371214,64,394430
21565,0.092027,74.125.68.0-255,5738,376952,64,394430
21566,0.092044,172.31.40.0-255,66,377018,64,394430
21567,0.094134,74.125.68.0-255,5738,382756,64,394430
21568,0.09415,172.31.40.0-255,66,382822,64,394430
21569,0.096231,74.125.68.0-255,5738,388560,64,394430
21570,0.096249,172.31.40.0-255,66,388626,64,394430
21571,0.098339,74.125.68.0-255,5738,394364,64,394430
21572,0.098348,172.31.40.0-255,66,394430,64,394430
21573,0.0,172.31.40.0-255,105,105,64,459
21574,0.000152,172.31.40.0-255,90,195,64,459
21575,0.000163,172.31.40.0-255,66,261,64,459
21576,0.002221,172.217.194.0-255,66,327,64,459
21577,0.002282,172.217.194.0-255,66,393,64,459
21578,0.002307,172.31.40.0-255,66,459,64,459
21579,0.0,74.125.200.0-255,152,152,64,340929
21580,1.6e-05,172.31.40.0-255,66,218,64,340929
21581,2.3e-05,74.125.200.0-255,1484,1702,64,340929
21582,2.7e-05,172.31.40.0-255,66,1768,64,340929
21583,3.3e-05,74.125.200.0-255,2902,4670,64,340929
21584,3.8e-05,172.31.40.0-255,66,4736,64,340929
21585,4.1e-05,74.125.200.0-255,1484,6220,64,340929
21586,4.4e-05,172.31.40.0-255,66,6286,64,340929
21587,6.9e-05,74.125.200.0-255,4320,10606,64,340929
21588,7.2e-05,172.31.40.0-255,66,10672,64,340929
21589,7.7e-05,74.125.200.0-255,3556,14228,64,340929
21590,7.9e-05,172.31.40.0-255,66,14294,64,340929
21591,0.000162,74.125.200.0-255,1484,15778,64,340929
21592,0.000165,172.31.40.0-255,66,15844,64,340929
21593,0.000186,74.125.200.0-255,2902,18746,64,340929
21594,0.000189,172.31.40.0-255,66,18812,64,340929
21595,0.00021,74.125.200.0-255,5738,24550,64,340929
21596,0.000213,172.31.40.0-255,66,24616,64,340929
21597,0.000216,74.125.200.0-255,1484,26100,64,340929
21598,0.000218,172.31.40.0-255,66,26166,64,340929
21599,0.000241,74.125.200.0-255,1484,27650,64,340929
21600,0.000244,172.31.40.0-255,66,27716,64,340929
21601,0.00025,74.125.200.0-255,3961,31677,64,340929
21602,0.000261,172.31.40.0-255,66,31743,64,340929
21603,0.000376,74.125.200.0-255,1484,33227,64,340929
21604,0.00038,172.31.40.0-255,66,33293,64,340929
21605,0.000401,74.125.200.0-255,2902,36195,64,340929
21606,0.000404,172.31.40.0-255,66,36261,64,340929
21607,0.000431,74.125.200.0-255,5738,41999,64,340929
21608,0.000433,172.31.40.0-255,66,42065,64,340929
21609,0.000436,74.125.200.0-255,1484,43549,64,340929
21610,0.000438,172.31.40.0-255,66,43615,64,340929
21611,0.00048,74.125.200.0-255,4320,47935,64,340929
21612,0.000484,172.31.40.0-255,66,48001,64,340929
21613,0.000504,74.125.200.0-255,3961,51962,64,340929
21614,0.000507,172.31.40.0-255,66,52028,64,340929
21615,0.000521,74.125.200.0-255,1484,53512,64,340929
21616,0.000541,74.125.200.0-255,7156,60668,64,340929
21617,0.000544,172.31.40.0-255,66,60734,64,340929
21618,0.000548,74.125.200.0-255,1484,62218,64,340929
21619,0.000587,74.125.200.0-255,4542,66760,64,340929
21620,0.00059,172.31.40.0-255,66,66826,64,340929
21621,0.000817,74.125.200.0-255,1484,68310,64,340929
21622,0.000822,74.125.200.0-255,1484,69794,64,340929
21623,0.000825,172.31.40.0-255,66,69860,64,340929
21624,0.000843,74.125.200.0-255,1484,71344,64,340929
21625,0.000846,74.125.200.0-255,1484,72828,64,340929
21626,0.000848,172.31.40.0-255,66,72894,64,340929
21627,0.000868,74.125.200.0-255,2902,75796,64,340929
21628,0.000871,172.31.40.0-255,66,75862,64,340929
21629,0.000882,74.125.200.0-255,1484,77346,64,340929
21630,0.0009,74.125.200.0-255,7156,84502,64,340929
21631,0.000903,172.31.40.0-255,66,84568,64,340929
21632,0.00093,74.125.200.0-255,2902,87470,64,340929
21633,0.000932,172.31.40.0-255,66,87536,64,340929
21634,0.000958,74.125.200.0-255,7156,94692,64,340929
21635,0.000961,172.31.40.0-255,66,94758,64,340929
21636,0.000964,74.125.200.0-255,1484,96242,64,340929
21637,0.001007,74.125.200.0-255,5020,101262,64,340929
21638,0.00101,172.31.40.0-255,66,101328,64,340929
21639,0.001094,74.125.200.0-255,1484,102812,64,340929
21640,0.001112,74.125.200.0-255,2902,105714,64,340929
21641,0.001116,172.31.40.0-255,66,105780,64,340929
21642,0.001148,74.125.200.0-255,5738,111518,64,340929
21643,0.001151,172.31.40.0-255,66,111584,64,340929
21644,0.001166,74.125.200.0-255,1484,113068,64,340929
21645,0.001185,74.125.200.0-255,5738,118806,64,340929
21646,0.001188,172.31.40.0-255,66,118872,64,340929
21647,0.001194,74.125.200.0-255,4320,123192,64,340929
21648,0.001196,172.31.40.0-255,66,123258,64,340929
21649,0.00122,74.125.200.0-255,5738,128996,64,340929
21650,0.001224,172.31.40.0-255,66,129062,64,340929
21651,0.001243,74.125.200.0-255,4320,133382,64,340929
21652,0.001246,172.31.40.0-255,66,133448,64,340929
21653,0.001258,74.125.200.0-255,1484,134932,64,340929
21654,0.001269,74.125.200.0-255,766,135698,64,340929
21655,0.001272,172.31.40.0-255,66,135764,64,340929
21656,0.001436,74.125.200.0-255,1484,137248,64,340929
21657,0.001459,74.125.200.0-255,2902,140150,64,340929
21658,0.001463,172.31.40.0-255,66,140216,64,340929
21659,0.001488,74.125.200.0-255,5738,145954,64,340929
21660,0.001491,172.31.40.0-255,66,146020,64,340929
21661,0.001494,74.125.200.0-255,1484,147504,64,340929
21662,0.001512,74.125.200.0-255,2902,150406,64,340929
21663,0.001517,172.31.40.0-255,66,150472,64,340929
21664,0.001529,74.125.200.0-255,4320,154792,64,340929
21665,0.001532,172.31.40.0-255,66,154858,64,340929
21666,0.001557,74.125.200.0-255,1484,156342,64,340929
21667,0.001562,74.125.200.0-255,2902,159244,64,340929
21668,0.001564,172.31.40.0-255,66,159310,64,340929
21669,0.001569,74.125.200.0-255,4320,163630,64,340929
21670,0.001571,172.31.40.0-255,66,163696,64,340929
21671,0.001599,74.125.200.0-255,4320,168016,64,340929
21672,0.001603,172.31.40.0-255,66,168082,64,340929
21673,0.001623,74.125.200.0-255,2184,170266,64,340929
21674,0.001626,172.31.40.0-255,66,170332,64,340929
21675,0.001854,74.125.200.0-255,1484,171816,64,340929
21676,0.00187,74.125.200.0-255,2902,174718,64,340929
21677,0.001873,172.31.40.0-255,66,174784,64,340929
21678,0.001906,74.125.200.0-255,5738,180522,64,340929
21679,0.001909,172.31.40.0-255,66,180588,64,340929
21680,0.001933,74.125.200.0-255,5738,186326,64,340929
21681,0.001935,172.31.40.0-255,66,186392,64,340929
21682,0.00195,74.125.200.0-255,1484,187876,64,340929
21683,0.001957,74.125.200.0-255,5738,193614,64,340929
21684,0.001959,172.31.40.0-255,66,193680,64,340929
21685,0.001963,74.125.200.0-255,2902,196582,64,340929
21686,0.001966,172.31.40.0-255,66,196648,64,340929
21687,0.00199,74.125.200.0-255,4320,200968,64,340929
21688,0.001993,172.31.40.0-255,66,201034,64,340929
21689,0.001998,74.125.200.0-255,2902,203936,64,340929
21690,0.002,172.31.40.0-255,66,204002,64,340929
21691,0.002014,74.125.200.0-255,766,204768,64,340929
21692,0.002077,74.125.200.0-255,1484,206252,64,340929
21693,0.002081,172.31.40.0-255,66,206318,64,340929
21694,0.002098,74.125.200.0-255,2902,209220,64,340929
21695,0.002101,172.31.40.0-255,66,209286,64,340929
21696,0.002123,74.125.200.0-255,4320,213606,64,340929
21697,0.002126,172.31.40.0-255,66,213672,64,340929
21698,0.002148,74.125.200.0-255,7156,220828,64,340929
21699,0.002151,172.31.40.0-255,66,220894,64,340929
21700,0.002172,74.125.200.0-255,1484,222378,64,340929
21701,0.002176,74.125.200.0-255,2902,225280,64,340929
21702,0.002178,172.31.40.0-255,66,225346,64,340929
21703,0.002187,74.125.200.0-255,7156,232502,64,340929
21704,0.002189,172.31.40.0-255,66,232568,64,340929
21705,0.002206,74.125.200.0-255,5738,238306,64,340929
21706,0.002209,172.31.40.0-255,66,238372,64,340929
21707,0.002211,74.125.200.0-255,766,239138,64,340929
21708,0.002214,74.125.200.0-255,1484,240622,64,340929
21709,0.002217,172.31.40.0-255,66,240688,64,340929
21710,0.002222,74.125.200.0-255,4320,245008,64,340929
21711,0.002224,172.31.40.0-255,66,245074,64,340929
21712,0.002271,172.31.40.0-255,66,245140,64,340929
21713,0.002275,74.125.200.0-255,2902,248042,64,340929
21714,0.002278,172.31.40.0-255,66,248108,64,340929
21715,0.002292,74.125.200.0-255,1484,249592,64,340929
21716,0.002325,74.125.200.0-255,766,250358,64,340929
21717,0.002423,74.125.200.0-255,2902,253260,64,340929
21718,0.002441,74.125.200.0-255,6438,259698,64,340929
21719,0.002469,74.125.200.0-255,5738,265436,64,340929
21720,0.002484,74.125.200.0-255,2902,268338,64,340929
21721,0.0025,74.125.200.0-255,4320,272658,64,340929
21722,0.002564,74.125.200.0-255,3602,276260,64,340929
21723,0.002567,74.125.200.0-255,1484,277744,64,340929
21724,0.002583,74.125.200.0-255,1484,279228,64,340929
21725,0.002601,74.125.200.0-255,4320,283548,64,340929
21726,0.002604,74.125.200.0-255,1484,285032,64,340929
21727,0.002606,74.125.200.0-255,1484,286516,64,340929
21728,0.00262,74.125.200.0-255,2902,289418,64,340929
21729,0.00263,74.125.200.0-255,1484,290902,64,340929
21730,0.002652,74.125.200.0-255,2902,293804,64,340929
21731,0.00268,74.125.200.0-255,7156,300960,64,340929
21732,0.002683,74.125.200.0-255,1484,302444,64,340929
21733,0.002685,74.125.200.0-255,1484,303928,64,340929
21734,0.002703,74.125.200.0-255,5020,308948,64,340929
21735,0.002706,74.125.200.0-255,1484,310432,64,340929
21736,0.002709,74.125.200.0-255,1484,311916,64,340929
21737,0.002772,74.125.200.0-255,2902,314818,64,340929
21738,0.002775,74.125.200.0-255,1484,316302,64,340929
21739,0.002778,74.125.200.0-255,1484,317786,64,340929
21740,0.00278,74.125.200.0-255,1484,319270,64,340929
21741,0.002783,74.125.200.0-255,1484,320754,64,340929
21742,0.002795,74.125.200.0-255,2902,323656,64,340929
21743,0.002798,74.125.200.0-255,1484,325140,64,340929
21744,0.00281,74.125.200.0-255,1484,326624,64,340929
21745,0.002815,74.125.200.0-255,4320,330944,64,340929
21746,0.002842,74.125.200.0-255,5020,335964,64,340929
21747,0.002855,74.125.200.0-255,1431,337395,64,340929
21748,0.00291,74.125.200.0-255,105,337500,64,340929
21749,0.009971,172.31.40.0-255,66,337566,64,340929
21750,0.021302,172.31.40.0-255,105,337671,64,340929
21751,0.023826,74.125.200.0-255,66,337737,64,340929
21752,0.041142,172.31.40.0-255,167,337904,64,340929
21753,0.041177,172.31.40.0-255,1107,339011,64,340929
21754,0.04124,172.31.40.0-255,1514,340525,64,340929
21755,0.041242,172.31.40.0-255,338,340863,64,340929
21756,0.043229,104.244.42.0-255,66,340929,64,340929
21757,0.0,74.125.24.0-255,152,152,64,357950
21758,2.2e-05,172.31.40.0-255,66,218,64,357950
21759,2.9e-05,74.125.24.0-255,1484,1702,64,357950
21760,3.4e-05,172.31.40.0-255,66,1768,64,357950
21761,4e-05,74.125.24.0-255,2902,4670,64,357950
21762,4.2e-05,172.31.40.0-255,66,4736,64,357950
21763,8e-05,74.125.24.0-255,5738,10474,64,357950
21764,8.3e-05,172.31.40.0-255,66,10540,64,357950
21765,0.000103,74.125.24.0-255,1484,12024,64,357950
21766,0.000105,172.31.40.0-255,66,12090,64,357950
21767,0.00011,74.125.24.0-255,2128,14218,64,357950
21768,0.000112,172.31.40.0-255,66,14284,64,357950
21769,0.000124,172.31.40.0-255,66,14350,64,357950
21770,0.00013,74.125.24.0-255,5379,19729,64,357950
21771,0.000133,172.31.40.0-255,66,19795,64,357950
21772,0.000249,74.125.24.0-255,1484,21279,64,357950
21773,0.000253,172.31.40.0-255,66,21345,64,357950
21774,0.000258,74.125.24.0-255,2902,24247,64,357950
21775,0.000261,172.31.40.0-255,66,24313,64,357950
21776,0.000267,74.125.24.0-255,5738,30051,64,357950
21777,0.000269,172.31.40.0-255,66,30117,64,357950
21778,0.000274,74.125.24.0-255,4320,34437,64,357950
21779,0.000276,172.31.40.0-255,66,34503,64,357950
21780,0.000294,74.125.24.0-255,2543,37046,64,357950
21781,0.000297,172.31.40.0-255,66,37112,64,357950
21782,0.000329,172.31.40.0-255,66,37178,64,357950
21783,0.000332,74.125.24.0-255,1484,38662,64,357950
21784,0.000334,172.31.40.0-255,66,38728,64,357950
21785,0.000371,74.125.24.0-255,1125,39853,64,357950
21786,0.000374,172.31.40.0-255,66,39919,64,357950
21787,0.000508,74.125.24.0-255,397,40316,64,357950
21788,0.000546,74.125.24.0-255,112,40428,64,357950
21789,0.000606,74.125.24.0-255,1484,41912,64,357950
21790,0.000611,172.31.40.0-255,66,41978,64,357950
21791,0.000617,74.125.24.0-255,2902,44880,64,357950
21792,0.000619,172.31.40.0-255,66,44946,64,357950
21793,0.000622,74.125.24.0-255,1484,46430,64,357950
21794,0.000644,74.125.24.0-255,4320,50750,64,357950
21795,0.000647,172.31.40.0-255,66,50816,64,357950
21796,0.000668,74.125.24.0-255,2902,53718,64,357950
21797,0.000671,172.31.40.0-255,66,53784,64,357950
21798,0.000692,74.125.24.0-255,4225,58009,64,357950
21799,0.000695,172.31.40.0-255,66,58075,64,357950
21800,0.000804,74.125.24.0-255,1484,59559,64,357950
21801,0.000818,74.125.24.0-255,2902,62461,64,357950
21802,0.000821,172.31.40.0-255,66,62527,64,357950
21803,0.000845,74.125.24.0-255,5738,68265,64,357950
21804,0.000848,172.31.40.0-255,66,68331,64,357950
21805,0.000873,74.125.24.0-255,2902,71233,64,357950
21806,0.000876,172.31.40.0-255,66,71299,64,357950
21807,0.000896,74.125.24.0-255,3961,75260,64,357950
21808,0.000899,172.31.40.0-255,66,75326,64,357950
21809,0.001326,74.125.24.0-255,1484,76810,64,357950
21810,0.001343,74.125.24.0-255,2902,79712,64,357950
21811,0.001347,172.31.40.0-255,66,79778,64,357950
21812,0.001368,74.125.24.0-255,4320,84098,64,357950
21813,0.00137,172.31.40.0-255,66,84164,64,357950
21814,0.001381,74.125.24.0-255,1484,85648,64,357950
21815,0.001391,172.31.40.0-255,66,85714,64,357950
21816,0.001404,74.125.24.0-255,4320,90034,64,357950
21817,0.001406,172.31.40.0-255,66,90100,64,357950
21818,0.001435,74.125.24.0-255,7156,97256,64,357950
21819,0.001437,172.31.40.0-255,66,97322,64,357950
21820,0.001463,74.125.24.0-255,3602,100924,64,357950
21821,0.001465,172.31.40.0-255,66,100990,64,357950
21822,0.001583,74.125.24.0-255,1484,102474,64,357950
21823,0.001587,74.125.24.0-255,1484,103958,64,357950
21824,0.001589,172.31.40.0-255,66,104024,64,357950
21825,0.001606,74.125.24.0-255,1484,105508,64,357950
21826,0.00161,74.125.24.0-255,2902,108410,64,357950
21827,0.001612,172.31.40.0-255,66,108476,64,357950
21828,0.001632,74.125.24.0-255,2902,111378,64,357950
21829,0.001634,172.31.40.0-255,66,111444,64,357950
21830,0.001642,74.125.24.0-255,7156,118600,64,357950
21831,0.001645,172.31.40.0-255,66,118666,64,357950
21832,0.00167,74.125.24.0-255,5738,124404,64,357950
21833,0.001674,172.31.40.0-255,66,124470,64,357950
21834,0.001681,74.125.24.0-255,7156,131626,64,357950
21835,0.001684,172.31.40.0-255,66,131692,64,357950
21836,0.001711,74.125.24.0-255,3602,135294,64,357950
21837,0.001714,172.31.40.0-255,66,135360,64,357950
21838,0.004219,74.125.24.0-255,1484,136844,64,357950
21839,0.004272,74.125.24.0-255,2902,139746,64,357950
21840,0.004276,172.31.40.0-255,66,139812,64,357950
21841,0.004295,74.125.24.0-255,1484,141296,64,357950
21842,0.00685,74.125.24.0-255,4320,145616,64,357950
21843,0.006854,172.31.40.0-255,66,145682,64,357950
21844,0.009421,74.125.24.0-255,5738,151420,64,357950
21845,0.009429,172.31.40.0-255,66,151486,64,357950
21846,0.011989,74.125.24.0-255,5738,157224,64,357950
21847,0.011997,172.31.40.0-255,66,157290,64,357950
21848,0.014623,74.125.24.0-255,5738,163028,64,357950
21849,0.01463,172.31.40.0-255,66,163094,64,357950
21850,0.01717,74.125.24.0-255,5738,168832,64,357950
21851,0.017183,172.31.40.0-255,66,168898,64,357950
21852,0.019741,74.125.24.0-255,5738,174636,64,357950
21853,0.019749,172.31.40.0-255,66,174702,64,357950
21854,0.022292,74.125.24.0-255,5738,180440,64,357950
21855,0.0223,172.31.40.0-255,66,180506,64,357950
21856,0.024885,74.125.24.0-255,5738,186244,64,357950
21857,0.024892,172.31.40.0-255,66,186310,64,357950
21858,0.025164,172.31.40.0-255,167,186477,64,357950
21859,0.025193,172.31.40.0-255,1107,187584,64,357950
21860,0.025248,172.31.40.0-255,1514,189098,64,357950
21861,0.025249,172.31.40.0-255,338,189436,64,357950
21862,0.026742,104.244.42.0-255,66,189502,64,357950
21863,0.026771,104.244.42.0-255,66,189568,64,357950
21864,0.026823,104.244.42.0-255,66,189634,64,357950
21865,0.027453,74.125.24.0-255,5738,195372,64,357950
21866,0.027459,172.31.40.0-255,66,195438,64,357950
21867,0.030027,74.125.24.0-255,5738,201176,64,357950
21868,0.030034,172.31.40.0-255,66,201242,64,357950
21869,0.032592,74.125.24.0-255,5738,206980,64,357950
21870,0.032599,172.31.40.0-255,66,207046,64,357950
21871,0.035162,74.125.24.0-255,5738,212784,64,357950
21872,0.035169,172.31.40.0-255,66,212850,64,357950
21873,0.037706,74.125.24.0-255,5738,218588,64,357950
21874,0.037713,172.31.40.0-255,66,218654,64,357950
21875,0.040284,74.125.24.0-255,5738,224392,64,357950
21876,0.0403,172.31.40.0-255,66,224458,64,357950
21877,0.042856,74.125.24.0-255,5738,230196,64,357950
21878,0.042874,172.31.40.0-255,66,230262,64,357950
21879,0.04545,74.125.24.0-255,5738,236000,64,357950
21880,0.045472,172.31.40.0-255,66,236066,64,357950
21881,0.048068,74.125.24.0-255,5738,241804,64,357950
21882,0.048074,172.31.40.0-255,66,241870,64,357950
21883,0.050636,74.125.24.0-255,5738,247608,64,357950
21884,0.050642,172.31.40.0-255,66,247674,64,357950
21885,0.053246,74.125.24.0-255,5738,253412,64,357950
21886,0.053254,172.31.40.0-255,66,253478,64,357950
21887,0.055791,74.125.24.0-255,5738,259216,64,357950
21888,0.055797,172.31.40.0-255,66,259282,64,357950
21889,0.058337,74.125.24.0-255,5738,265020,64,357950
21890,0.058343,172.31.40.0-255,66,265086,64,357950
21891,0.060913,74.125.24.0-255,5738,270824,64,357950
21892,0.060919,172.31.40.0-255,66,270890,64,357950
21893,0.063454,74.125.24.0-255,5738,276628,64,357950
21894,0.063461,172.31.40.0-255,66,276694,64,357950
21895,0.066055,74.125.24.0-255,5738,282432,64,357950
21896,0.06606,172.31.40.0-255,66,282498,64,357950
21897,0.068619,74.125.24.0-255,5738,288236,64,357950
21898,0.068627,172.31.40.0-255,66,288302,64,357950
21899,0.071263,74.125.24.0-255,5738,294040,64,357950
21900,0.07127,172.31.40.0-255,66,294106,64,357950
21901,0.073819,74.125.24.0-255,5738,299844,64,357950
21902,0.073829,172.31.40.0-255,66,299910,64,357950
21903,0.07637,74.125.24.0-255,5738,305648,64,357950
21904,0.076377,172.31.40.0-255,66,305714,64,357950
21905,0.078955,74.125.24.0-255,5738,311452,64,357950
21906,0.078962,172.31.40.0-255,66,311518,64,357950
21907,0.081615,74.125.24.0-255,5738,317256,64,357950
21908,0.081622,172.31.40.0-255,66,317322,64,357950
21909,0.084244,74.125.24.0-255,5738,323060,64,357950
21910,0.084251,172.31.40.0-255,66,323126,64,357950
21911,0.086824,74.125.24.0-255,5738,328864,64,357950
21912,0.086831,172.31.40.0-255,66,328930,64,357950
21913,0.089374,74.125.24.0-255,5738,334668,64,357950
21914,0.08938,172.31.40.0-255,66,334734,64,357950
21915,0.091929,74.125.24.0-255,5738,340472,64,357950
21916,0.091935,172.31.40.0-255,66,340538,64,357950
21917,0.094491,74.125.24.0-255,5738,346276,64,357950
21918,0.094498,172.31.40.0-255,66,346342,64,357950
21919,0.097042,74.125.24.0-255,5738,352080,64,357950
21920,0.097049,172.31.40.0-255,66,352146,64,357950
21921,0.099645,74.125.24.0-255,5738,357884,64,357950
21922,0.099652,172.31.40.0-255,66,357950,64,357950
21923,0.0,74.125.24.0-255,152,152,64,384465
21924,2.5e-05,172.31.40.0-255,66,218,64,384465
21925,3.1e-05,74.125.24.0-255,1484,1702,64,384465
21926,3.6e-05,172.31.40.0-255,66,1768,64,384465
21927,4e-05,74.125.24.0-255,1484,3252,64,384465
21928,5.1e-05,172.31.40.0-255,66,3318,64,384465
21929,5.7e-05,74.125.24.0-255,2902,6220,64,384465
21930,6.2e-05,172.31.40.0-255,66,6286,64,384465
21931,9.7e-05,74.125.24.0-255,5738,12024,64,384465
21932,0.0001,172.31.40.0-255,66,12090,64,384465
21933,0.000105,74.125.24.0-255,2000,14090,64,384465
21934,0.000107,172.31.40.0-255,66,14156,64,384465
21935,0.000147,74.125.24.0-255,2902,17058,64,384465
21936,0.00015,172.31.40.0-255,66,17124,64,384465
21937,0.000182,74.125.24.0-255,7156,24280,64,384465
21938,0.000185,172.31.40.0-255,66,24346,64,384465
21939,0.00019,74.125.24.0-255,4320,28666,64,384465
21940,0.000193,172.31.40.0-255,66,28732,64,384465
21941,0.000235,74.125.24.0-255,2543,31275,64,384465
21942,0.000238,172.31.40.0-255,66,31341,64,384465
21943,0.000341,74.125.24.0-255,1484,32825,64,384465
21944,0.000345,172.31.40.0-255,66,32891,64,384465
21945,0.00035,74.125.24.0-255,2902,35793,64,384465
21946,0.000353,172.31.40.0-255,66,35859,64,384465
21947,0.000381,74.125.24.0-255,4320,40179,64,384465
21948,0.000384,172.31.40.0-255,66,40245,64,384465
21949,0.000391,74.125.24.0-255,5738,45983,64,384465
21950,0.000394,172.31.40.0-255,66,46049,64,384465
21951,0.000429,172.31.40.0-255,66,46115,64,384465
21952,0.000436,74.125.24.0-255,6797,52912,64,384465
21953,0.000439,172.31.40.0-255,66,52978,64,384465
21954,0.000465,74.125.24.0-255,401,53379,64,384465
21955,0.000654,74.125.24.0-255,110,53489,64,384465
21956,0.000707,74.125.24.0-255,331,53820,64,384465
21957,0.001045,74.125.24.0-255,1484,55304,64,384465
21958,0.00105,172.31.40.0-255,66,55370,64,384465
21959,0.001056,74.125.24.0-255,2902,58272,64,384465
21960,0.001058,172.31.40.0-255,66,58338,64,384465
21961,0.001071,74.125.24.0-255,5738,64076,64,384465
21962,0.001074,172.31.40.0-255,66,64142,64,384465
21963,0.00108,74.125.24.0-255,5738,69880,64,384465
21964,0.001083,172.31.40.0-255,66,69946,64,384465
21965,0.001119,74.125.24.0-255,4320,74266,64,384465
21966,0.001122,172.31.40.0-255,66,74332,64,384465
21967,0.001148,74.125.24.0-255,5738,80070,64,384465
21968,0.001151,172.31.40.0-255,66,80136,64,384465
21969,0.001176,172.31.40.0-255,66,80202,64,384465
21970,0.001601,74.125.24.0-255,1484,81686,64,384465
21971,0.001608,74.125.24.0-255,2902,84588,64,384465
21972,0.001612,172.31.40.0-255,66,84654,64,384465
21973,0.001643,74.125.24.0-255,5738,90392,64,384465
21974,0.001645,172.31.40.0-255,66,90458,64,384465
21975,0.001657,172.31.40.0-255,66,90524,64,384465
21976,0.001712,74.125.24.0-255,7156,97680,64,384465
21977,0.001715,172.31.40.0-255,66,97746,64,384465
21978,0.001743,74.125.24.0-255,6438,104184,64,384465
21979,0.001746,172.31.40.0-255,66,104250,64,384465
21980,0.003739,74.125.24.0-255,5738,109988,64,384465
21981,0.003746,172.31.40.0-255,66,110054,64,384465
21982,0.005747,74.125.24.0-255,5738,115792,64,384465
21983,0.005751,172.31.40.0-255,66,115858,64,384465
21984,0.007748,74.125.24.0-255,5738,121596,64,384465
21985,0.007755,172.31.40.0-255,66,121662,64,384465
21986,0.009785,74.125.24.0-255,5738,127400,64,384465
21987,0.009795,172.31.40.0-255,66,127466,64,384465
21988,0.011812,74.125.24.0-255,5738,133204,64,384465
21989,0.01182,172.31.40.0-255,66,133270,64,384465
21990,0.013838,74.125.24.0-255,5738,139008,64,384465
21991,0.013846,172.31.40.0-255,66,139074,64,384465
21992,0.01587,74.125.24.0-255,5738,144812,64,384465
21993,0.015878,172.31.40.0-255,66,144878,64,384465
21994,0.017936,74.125.24.0-255,5738,150616,64,384465
21995,0.017943,172.31.40.0-255,66,150682,64,384465
21996,0.019938,74.125.24.0-255,5738,156420,64,384465
21997,0.019944,172.31.40.0-255,66,156486,64,384465
21998,0.020099,172.31.40.0-255,101,156587,64,384465
21999,0.02197,74.125.24.0-255,5738,162325,64,384465
22000,0.021977,172.31.40.0-255,66,162391,64,384465
22001,0.022066,74.125.24.0-255,66,162457,64,384465
22002,0.022641,172.31.40.0-255,187,162644,64,384465
22003,0.022673,172.31.40.0-255,1108,163752,64,384465
22004,0.022734,172.31.40.0-255,1514,165266,64,384465
22005,0.022736,172.31.40.0-255,337,165603,64,384465
22006,0.024002,74.125.24.0-255,5738,171341,64,384465
22007,0.024009,172.31.40.0-255,66,171407,64,384465
22008,0.024182,104.244.42.0-255,66,171473,64,384465
22009,0.024231,104.244.42.0-255,66,171539,64,384465
22010,0.024267,104.244.42.0-255,66,171605,64,384465
22011,0.026005,74.125.24.0-255,5738,177343,64,384465
22012,0.026011,172.31.40.0-255,66,177409,64,384465
22013,0.028042,74.125.24.0-255,5738,183147,64,384465
22014,0.028056,172.31.40.0-255,66,183213,64,384465
22015,0.030068,74.125.24.0-255,5738,188951,64,384465
22016,0.030074,172.31.40.0-255,66,189017,64,384465
22017,0.032106,74.125.24.0-255,5738,194755,64,384465
22018,0.032114,172.31.40.0-255,66,194821,64,384465
22019,0.034121,74.125.24.0-255,5738,200559,64,384465
22020,0.034128,172.31.40.0-255,66,200625,64,384465
22021,0.036127,74.125.24.0-255,5738,206363,64,384465
22022,0.036133,172.31.40.0-255,66,206429,64,384465
22023,0.038131,74.125.24.0-255,5738,212167,64,384465
22024,0.03814,172.31.40.0-255,66,212233,64,384465
22025,0.040165,74.125.24.0-255,5738,217971,64,384465
22026,0.040172,172.31.40.0-255,66,218037,64,384465
22027,0.042268,74.125.24.0-255,5738,223775,64,384465
22028,0.042274,172.31.40.0-255,66,223841,64,384465
22029,0.044366,74.125.24.0-255,5738,229579,64,384465
22030,0.044384,172.31.40.0-255,66,229645,64,384465
22031,0.046409,74.125.24.0-255,5738,235383,64,384465
22032,0.046428,172.31.40.0-255,66,235449,64,384465
22033,0.048458,74.125.24.0-255,5738,241187,64,384465
22034,0.048474,172.31.40.0-255,66,241253,64,384465
22035,0.050496,74.125.24.0-255,5738,246991,64,384465
22036,0.050513,172.31.40.0-255,66,247057,64,384465
22037,0.05254,74.125.24.0-255,5738,252795,64,384465
22038,0.052552,172.31.40.0-255,66,252861,64,384465
22039,0.054565,74.125.24.0-255,5738,258599,64,384465
22040,0.054583,172.31.40.0-255,66,258665,64,384465
22041,0.056596,74.125.24.0-255,5738,264403,64,384465
22042,0.056615,172.31.40.0-255,66,264469,64,384465
22043,0.058629,74.125.24.0-255,5738,270207,64,384465
22044,0.058645,172.31.40.0-255,66,270273,64,384465
22045,0.060661,74.125.24.0-255,5738,276011,64,384465
22046,0.060675,172.31.40.0-255,66,276077,64,384465
22047,0.062703,74.125.24.0-255,5738,281815,64,384465
22048,0.062719,172.31.40.0-255,66,281881,64,384465
22049,0.064802,74.125.24.0-255,5738,287619,64,384465
22050,0.064821,172.31.40.0-255,66,287685,64,384465
22051,0.066861,74.125.24.0-255,5738,293423,64,384465
22052,0.066875,172.31.40.0-255,66,293489,64,384465
22053,0.0689,74.125.24.0-255,5738,299227,64,384465
22054,0.068906,172.31.40.0-255,66,299293,64,384465
22055,0.070922,74.125.24.0-255,5738,305031,64,384465
22056,0.07093,172.31.40.0-255,66,305097,64,384465
22057,0.072973,74.125.24.0-255,5738,310835,64,384465
22058,0.07298,172.31.40.0-255,66,310901,64,384465
22059,0.074984,74.125.24.0-255,5738,316639,64,384465
22060,0.074991,172.31.40.0-255,66,316705,64,384465
22061,0.077015,74.125.24.0-255,5738,322443,64,384465
22062,0.077022,172.31.40.0-255,66,322509,64,384465
22063,0.079011,74.125.24.0-255,5738,328247,64,384465
22064,0.079018,172.31.40.0-255,66,328313,64,384465
22065,0.081043,74.125.24.0-255,5738,334051,64,384465
22066,0.08105,172.31.40.0-255,66,334117,64,384465
22067,0.083081,74.125.24.0-255,5738,339855,64,384465
22068,0.083088,172.31.40.0-255,66,339921,64,384465
22069,0.085131,74.125.24.0-255,5738,345659,64,384465
22070,0.085139,172.31.40.0-255,66,345725,64,384465
22071,0.087159,74.125.24.0-255,5738,351463,64,384465
22072,0.087166,172.31.40.0-255,66,351529,64,384465
22073,0.089171,74.125.24.0-255,5738,357267,64,384465
22074,0.089178,172.31.40.0-255,66,357333,64,384465
22075,0.091194,74.125.24.0-255,5738,363071,64,384465
22076,0.0912,172.31.40.0-255,66,363137,64,384465
22077,0.093249,74.125.24.0-255,5738,368875,64,384465
22078,0.093262,172.31.40.0-255,66,368941,64,384465
22079,0.095279,74.125.24.0-255,5738,374679,64,384465
22080,0.095286,172.31.40.0-255,66,374745,64,384465
22081,0.097318,74.125.24.0-255,5738,380483,64,384465
22082,0.097324,172.31.40.0-255,66,380549,64,384465
22083,0.099339,74.125.24.0-255,3745,384294,64,384465
22084,0.099346,172.31.40.0-255,66,384360,64,384465
22085,0.099529,172.31.40.0-255,105,384465,64,384465
22086,0.0,74.125.130.0-255,143,143,64,406003
22087,2.2e-05,172.31.40.0-255,66,209,64,406003
22088,2.9e-05,74.125.130.0-255,1484,1693,64,406003
22089,3.3e-05,172.31.40.0-255,66,1759,64,406003
22090,4.1e-05,74.125.130.0-255,2902,4661,64,406003
22091,4.6e-05,172.31.40.0-255,66,4727,64,406003
22092,7.3e-05,74.125.130.0-255,5738,10465,64,406003
22093,7.7e-05,172.31.40.0-255,66,10531,64,406003
22094,8e-05,74.125.130.0-255,1484,12015,64,406003
22095,8.2e-05,172.31.40.0-255,66,12081,64,406003
22096,8.7e-05,74.125.130.0-255,2068,14149,64,406003
22097,8.9e-05,172.31.40.0-255,66,14215,64,406003
22098,0.000194,74.125.130.0-255,1484,15699,64,406003
22099,0.000198,172.31.40.0-255,66,15765,64,406003
22100,0.000203,74.125.130.0-255,2902,18667,64,406003
22101,0.000206,172.31.40.0-255,66,18733,64,406003
22102,0.000211,74.125.130.0-255,2902,21635,64,406003
22103,0.000213,172.31.40.0-255,66,21701,64,406003
22104,0.000238,74.125.130.0-255,2902,24603,64,406003
22105,0.000241,172.31.40.0-255,66,24669,64,406003
22106,0.000245,74.125.130.0-255,2902,27571,64,406003
22107,0.000247,172.31.40.0-255,66,27637,64,406003
22108,0.000271,74.125.130.0-255,1484,29121,64,406003
22109,0.000273,172.31.40.0-255,66,29187,64,406003
22110,0.000288,74.125.130.0-255,2543,31730,64,406003
22111,0.00029,172.31.40.0-255,66,31796,64,406003
22112,0.000671,74.125.130.0-255,1484,33280,64,406003
22113,0.000676,172.31.40.0-255,66,33346,64,406003
22114,0.000682,74.125.130.0-255,2902,36248,64,406003
22115,0.000684,172.31.40.0-255,66,36314,64,406003
22116,0.000687,74.125.130.0-255,1484,37798,64,406003
22117,0.000688,172.31.40.0-255,66,37864,64,406003
22118,0.000692,74.125.130.0-255,1484,39348,64,406003
22119,0.000715,74.125.130.0-255,1484,40832,64,406003
22120,0.000717,172.31.40.0-255,66,40898,64,406003
22121,0.000724,74.125.130.0-255,5738,46636,64,406003
22122,0.000726,172.31.40.0-255,66,46702,64,406003
22123,0.000739,74.125.130.0-255,1484,48186,64,406003
22124,0.000755,74.125.130.0-255,2543,50729,64,406003
22125,0.000757,172.31.40.0-255,66,50795,64,406003
22126,0.000763,74.125.130.0-255,4320,55115,64,406003
22127,0.000765,172.31.40.0-255,66,55181,64,406003
22128,0.000772,74.125.130.0-255,7156,62337,64,406003
22129,0.000774,172.31.40.0-255,66,62403,64,406003
22130,0.000794,74.125.130.0-255,2902,65305,64,406003
22131,0.000796,172.31.40.0-255,66,65371,64,406003
22132,0.000799,74.125.130.0-255,1125,66496,64,406003
22133,0.000821,74.125.130.0-255,645,67141,64,406003
22134,0.000824,172.31.40.0-255,66,67207,64,406003
22135,0.00101,74.125.130.0-255,1484,68691,64,406003
22136,0.001015,74.125.130.0-255,2902,71593,64,406003
22137,0.001019,172.31.40.0-255,66,71659,64,406003
22138,0.001041,74.125.130.0-255,5738,77397,64,406003
22139,0.001044,172.31.40.0-255,66,77463,64,406003
22140,0.001072,74.125.130.0-255,1484,78947,64,406003
22141,0.001098,74.125.130.0-255,5738,84685,64,406003
22142,0.0011,172.31.40.0-255,66,84751,64,406003
22143,0.001113,172.31.40.0-255,66,84817,64,406003
22144,0.001144,74.125.130.0-255,4320,89137,64,406003
22145,0.001147,172.31.40.0-255,66,89203,64,406003
22146,0.001167,74.125.130.0-255,766,89969,64,406003
22147,0.001494,172.31.40.0-255,66,90035,64,406003
22148,0.001776,74.125.130.0-255,1484,91519,64,406003
22149,0.001786,74.125.130.0-255,1484,93003,64,406003
22150,0.00179,172.31.40.0-255,66,93069,64,406003
22151,0.001814,74.125.130.0-255,2902,95971,64,406003
22152,0.001816,172.31.40.0-255,66,96037,64,406003
22153,0.001848,74.125.130.0-255,4320,100357,64,406003
22154,0.001851,172.31.40.0-255,66,100423,64,406003
22155,0.001871,74.125.130.0-255,1484,101907,64,406003
22156,0.001879,74.125.130.0-255,7156,109063,64,406003
22157,0.001881,172.31.40.0-255,66,109129,64,406003
22158,0.001896,74.125.130.0-255,5738,114867,64,406003
22159,0.001899,172.31.40.0-255,66,114933,64,406003
22160,0.001923,74.125.130.0-255,2902,117835,64,406003
22161,0.001926,172.31.40.0-255,66,117901,64,406003
22162,0.001946,74.125.130.0-255,1484,119385,64,406003
22163,0.001964,74.125.130.0-255,5020,124405,64,406003
22164,0.001967,172.31.40.0-255,66,124471,64,406003
22165,0.003973,74.125.130.0-255,5738,130209,64,406003
22166,0.003981,172.31.40.0-255,66,130275,64,406003
22167,0.005985,74.125.130.0-255,5738,136013,64,406003
22168,0.005989,172.31.40.0-255,66,136079,64,406003
22169,0.007986,74.125.130.0-255,5738,141817,64,406003
22170,0.007992,172.31.40.0-255,66,141883,64,406003
22171,0.009989,74.125.130.0-255,5738,147621,64,406003
22172,0.009997,172.31.40.0-255,66,147687,64,406003
22173,0.012005,74.125.130.0-255,5738,153425,64,406003
22174,0.012013,172.31.40.0-255,66,153491,64,406003
22175,0.014,74.125.130.0-255,4320,157811,64,406003
22176,0.014008,172.31.40.0-255,66,157877,64,406003
22177,0.014031,74.125.130.0-255,1484,159361,64,406003
22178,0.01601,74.125.130.0-255,4320,163681,64,406003
22179,0.01602,172.31.40.0-255,66,163747,64,406003
22180,0.018018,74.125.130.0-255,5738,169485,64,406003
22181,0.018028,172.31.40.0-255,66,169551,64,406003
22182,0.020027,74.125.130.0-255,5738,175289,64,406003
22183,0.020034,172.31.40.0-255,66,175355,64,406003
22184,0.022031,74.125.130.0-255,5738,181093,64,406003
22185,0.02204,172.31.40.0-255,66,181159,64,406003
22186,0.024046,74.125.130.0-255,5738,186897,64,406003
22187,0.024054,172.31.40.0-255,66,186963,64,406003
22188,0.026046,74.125.130.0-255,5738,192701,64,406003
22189,0.026055,172.31.40.0-255,66,192767,64,406003
22190,0.028057,74.125.130.0-255,5738,198505,64,406003
22191,0.028065,172.31.40.0-255,66,198571,64,406003
22192,0.029257,172.31.40.0-255,172,198743,64,406003
22193,0.029292,172.31.40.0-255,1112,199855,64,406003
22194,0.029352,172.31.40.0-255,1514,201369,64,406003
22195,0.029354,172.31.40.0-255,1296,202665,64,406003
22196,0.030068,74.125.130.0-255,5738,208403,64,406003
22197,0.030075,172.31.40.0-255,66,208469,64,406003
22198,0.030789,104.244.42.0-255,66,208535,64,406003
22199,0.030834,104.244.42.0-255,66,208601,64,406003
22200,0.030941,104.244.42.0-255,66,208667,64,406003
22201,0.032078,74.125.130.0-255,5738,214405,64,406003
22202,0.032086,172.31.40.0-255,66,214471,64,406003
22203,0.034083,74.125.130.0-255,5738,220209,64,406003
22204,0.03409,172.31.40.0-255,66,220275,64,406003
22205,0.03609,74.125.130.0-255,5738,226013,64,406003
22206,0.036096,172.31.40.0-255,66,226079,64,406003
22207,0.038092,74.125.130.0-255,5738,231817,64,406003
22208,0.038098,172.31.40.0-255,66,231883,64,406003
22209,0.040098,74.125.130.0-255,5738,237621,64,406003
22210,0.040105,172.31.40.0-255,66,237687,64,406003
22211,0.042136,74.125.130.0-255,5738,243425,64,406003
22212,0.042143,172.31.40.0-255,66,243491,64,406003
22213,0.04416,74.125.130.0-255,5738,249229,64,406003
22214,0.044176,172.31.40.0-255,66,249295,64,406003
22215,0.046221,74.125.130.0-255,5738,255033,64,406003
22216,0.046234,172.31.40.0-255,66,255099,64,406003
22217,0.048239,74.125.130.0-255,5738,260837,64,406003
22218,0.048253,172.31.40.0-255,66,260903,64,406003
22219,0.050251,74.125.130.0-255,5738,266641,64,406003
22220,0.050259,172.31.40.0-255,66,266707,64,406003
22221,0.052272,74.125.130.0-255,5738,272445,64,406003
22222,0.052287,172.31.40.0-255,66,272511,64,406003
22223,0.054295,74.125.130.0-255,5738,278249,64,406003
22224,0.054312,172.31.40.0-255,66,278315,64,406003
22225,0.056325,74.125.130.0-255,5738,284053,64,406003
22226,0.056341,172.31.40.0-255,66,284119,64,406003
22227,0.058344,74.125.130.0-255,5738,289857,64,406003
22228,0.058359,172.31.40.0-255,66,289923,64,406003
22229,0.060366,74.125.130.0-255,5738,295661,64,406003
22230,0.06038,172.31.40.0-255,66,295727,64,406003
22231,0.062389,74.125.130.0-255,5738,301465,64,406003
22232,0.062405,172.31.40.0-255,66,301531,64,406003
22233,0.064454,74.125.130.0-255,5738,307269,64,406003
22234,0.06447,172.31.40.0-255,66,307335,64,406003
22235,0.066477,74.125.130.0-255,5738,313073,64,406003
22236,0.066489,172.31.40.0-255,66,313139,64,406003
22237,0.068512,74.125.130.0-255,5738,318877,64,406003
22238,0.068526,172.31.40.0-255,66,318943,64,406003
22239,0.070537,74.125.130.0-255,5738,324681,64,406003
22240,0.070546,172.31.40.0-255,66,324747,64,406003
22241,0.072557,74.125.130.0-255,5738,330485,64,406003
22242,0.072572,172.31.40.0-255,66,330551,64,406003
22243,0.074591,74.125.130.0-255,5738,336289,64,406003
22244,0.07462,172.31.40.0-255,66,336355,64,406003
22245,0.076639,74.125.130.0-255,5738,342093,64,406003
22246,0.076651,172.31.40.0-255,66,342159,64,406003
22247,0.078664,74.125.130.0-255,5738,347897,64,406003
22248,0.078679,172.31.40.0-255,66,347963,64,406003
22249,0.080693,74.125.130.0-255,5738,353701,64,406003
22250,0.080707,172.31.40.0-255,66,353767,64,406003
22251,0.082708,74.125.130.0-255,5738,359505,64,406003
22252,0.082718,172.31.40.0-255,66,359571,64,406003
22253,0.084728,74.125.130.0-255,5738,365309,64,406003
22254,0.084743,172.31.40.0-255,66,365375,64,406003
22255,0.086756,74.125.130.0-255,5738,371113,64,406003
22256,0.086769,172.31.40.0-255,66,371179,64,406003
22257,0.088786,74.125.130.0-255,5738,376917,64,406003
22258,0.088801,172.31.40.0-255,66,376983,64,406003
22259,0.090814,74.125.130.0-255,5738,382721,64,406003
22260,0.090827,172.31.40.0-255,66,382787,64,406003
22261,0.092826,74.125.130.0-255,5738,388525,64,406003
22262,0.092842,172.31.40.0-255,66,388591,64,406003
22263,0.094853,74.125.130.0-255,5738,394329,64,406003
22264,0.094866,172.31.40.0-255,66,394395,64,406003
22265,0.096874,74.125.130.0-255,5738,400133,64,406003
22266,0.096888,172.31.40.0-255,66,400199,64,406003
22267,0.098895,74.125.130.0-255,5738,405937,64,406003
22268,0.098907,172.31.40.0-255,66,406003,64,406003
22269,0.0,172.217.26.0-255,153,153,64,385056
22270,2.4e-05,172.31.40.0-255,66,219,64,385056
22271,3.2e-05,172.217.26.0-255,1484,1703,64,385056
22272,3.6e-05,172.31.40.0-255,66,1769,64,385056
22273,5e-05,172.217.26.0-255,2902,4671,64,385056
22274,5.4e-05,172.31.40.0-255,66,4737,64,385056
22275,6e-05,172.217.26.0-255,4320,9057,64,385056
22276,6.3e-05,172.31.40.0-255,66,9123,64,385056
22277,9e-05,172.217.26.0-255,5738,14861,64,385056
22278,9.3e-05,172.31.40.0-255,66,14927,64,385056
22279,0.000126,172.217.26.0-255,3485,18412,64,385056
22280,0.000128,172.31.40.0-255,66,18478,64,385056
22281,0.00014,172.31.40.0-255,66,18544,64,385056
22282,0.000145,172.217.26.0-255,2902,21446,64,385056
22283,0.000147,172.31.40.0-255,66,21512,64,385056
22284,0.000178,172.217.26.0-255,1125,22637,64,385056
22285,0.000181,172.31.40.0-255,66,22703,64,385056
22286,0.000211,172.217.26.0-255,1484,24187,64,385056
22287,0.000213,172.31.40.0-255,66,24253,64,385056
22288,0.000218,172.217.26.0-255,2902,27155,64,385056
22289,0.000221,172.31.40.0-255,66,27221,64,385056
22290,0.000257,172.217.26.0-255,5738,32959,64,385056
22291,0.00026,172.31.40.0-255,66,33025,64,385056
22292,0.000266,172.217.26.0-255,5738,38763,64,385056
22293,0.000268,172.31.40.0-255,66,38829,64,385056
22294,0.000278,172.217.26.0-255,4320,43149,64,385056
22295,0.00028,172.31.40.0-255,66,43215,64,385056
22296,0.000303,172.217.26.0-255,2543,45758,64,385056
22297,0.000306,172.31.40.0-255,66,45824,64,385056
22298,0.000313,172.217.26.0-255,7156,52980,64,385056
22299,0.000315,172.31.40.0-255,66,53046,64,385056
22300,0.000345,172.217.26.0-255,4231,57277,64,385056
22301,0.000348,172.31.40.0-255,66,57343,64,385056
22302,0.000896,172.217.26.0-255,385,57728,64,385056
22303,0.001039,172.31.40.0-255,66,57794,64,385056
22304,0.001096,172.217.26.0-255,1484,59278,64,385056
22305,0.001145,172.217.26.0-255,1484,60762,64,385056
22306,0.001149,172.31.40.0-255,66,60828,64,385056
22307,0.001154,172.217.26.0-255,2902,63730,64,385056
22308,0.001156,172.31.40.0-255,66,63796,64,385056
22309,0.001159,172.217.26.0-255,1484,65280,64,385056
22310,0.001185,172.217.26.0-255,1484,66764,64,385056
22311,0.001188,172.31.40.0-255,66,66830,64,385056
22312,0.001211,172.217.26.0-255,2902,69732,64,385056
22313,0.001214,172.31.40.0-255,66,69798,64,385056
22314,0.001217,172.217.26.0-255,1484,71282,64,385056
22315,0.00122,172.217.26.0-255,1484,72766,64,385056
22316,0.001222,172.31.40.0-255,66,72832,64,385056
22317,0.00124,172.217.26.0-255,1484,74316,64,385056
22318,0.001279,172.217.26.0-255,2543,76859,64,385056
22319,0.001283,172.31.40.0-255,66,76925,64,385056
22320,0.001309,172.217.26.0-255,1484,78409,64,385056
22321,0.001321,172.217.26.0-255,1484,79893,64,385056
22322,0.001324,172.31.40.0-255,66,79959,64,385056
22323,0.001357,172.217.26.0-255,1484,81443,64,385056
22324,0.001375,172.217.26.0-255,2902,84345,64,385056
22325,0.001377,172.31.40.0-255,66,84411,64,385056
22326,0.001381,172.217.26.0-255,1484,85895,64,385056
22327,0.001408,172.217.26.0-255,4320,90215,64,385056
22328,0.001411,172.31.40.0-255,66,90281,64,385056
22329,0.001446,172.217.26.0-255,2543,92824,64,385056
22330,0.00145,172.31.40.0-255,66,92890,64,385056
22331,0.00161,172.217.26.0-255,1484,94374,64,385056
22332,0.001617,172.217.26.0-255,2902,97276,64,385056
22333,0.00162,172.31.40.0-255,66,97342,64,385056
22334,0.001677,172.217.26.0-255,5738,103080,64,385056
22335,0.001681,172.31.40.0-255,66,103146,64,385056
22336,0.001692,172.31.40.0-255,66,103212,64,385056
22337,0.001708,172.31.40.0-255,66,103278,64,385056
22338,0.001752,172.217.26.0-255,5020,108298,64,385056
22339,0.001754,172.31.40.0-255,66,108364,64,385056
22340,0.00194,172.217.26.0-255,1484,109848,64,385056
22341,0.001947,172.217.26.0-255,2902,112750,64,385056
22342,0.00195,172.31.40.0-255,66,112816,64,385056
22343,0.001955,172.217.26.0-255,2902,115718,64,385056
22344,0.001957,172.31.40.0-255,66,115784,64,385056
22345,0.001981,172.217.26.0-255,2902,118686,64,385056
22346,0.001983,172.31.40.0-255,66,118752,64,385056
22347,0.002,172.31.40.0-255,66,118818,64,385056
22348,0.002007,172.217.26.0-255,5738,124556,64,385056
22349,0.002009,172.31.40.0-255,66,124622,64,385056
22350,0.003978,172.217.26.0-255,5738,130360,64,385056
22351,0.003986,172.31.40.0-255,66,130426,64,385056
22352,0.006032,172.217.26.0-255,5738,136164,64,385056
22353,0.006036,172.31.40.0-255,66,136230,64,385056
22354,0.008002,172.217.26.0-255,5738,141968,64,385056
22355,0.008008,172.31.40.0-255,66,142034,64,385056
22356,0.009985,172.217.26.0-255,5738,147772,64,385056
22357,0.009991,172.31.40.0-255,66,147838,64,385056
22358,0.01197,172.217.26.0-255,5738,153576,64,385056
22359,0.011979,172.31.40.0-255,66,153642,64,385056
22360,0.013957,172.217.26.0-255,5738,159380,64,385056
22361,0.013966,172.31.40.0-255,66,159446,64,385056
22362,0.015942,172.217.26.0-255,5738,165184,64,385056
22363,0.01595,172.31.40.0-255,66,165250,64,385056
22364,0.01794,172.217.26.0-255,5738,170988,64,385056
22365,0.017947,172.31.40.0-255,66,171054,64,385056
22366,0.019919,172.217.26.0-255,5738,176792,64,385056
22367,0.019926,172.31.40.0-255,66,176858,64,385056
22368,0.021905,172.217.26.0-255,4320,181178,64,385056
22369,0.021912,172.31.40.0-255,66,181244,64,385056
22370,0.021939,172.217.26.0-255,1484,182728,64,385056
22371,0.023884,172.217.26.0-255,4320,187048,64,385056
22372,0.023892,172.31.40.0-255,66,187114,64,385056
22373,0.025865,172.217.26.0-255,5738,192852,64,385056
22374,0.025872,172.31.40.0-255,66,192918,64,385056
22375,0.027846,172.217.26.0-255,5738,198656,64,385056
22376,0.027854,172.31.40.0-255,66,198722,64,385056
22377,0.028831,172.31.40.0-255,172,198894,64,385056
22378,0.028865,172.31.40.0-255,1112,200006,64,385056
22379,0.028943,172.31.40.0-255,1514,201520,64,385056
22380,0.028945,172.31.40.0-255,1514,203034,64,385056
22381,0.028946,172.31.40.0-255,1514,204548,64,385056
22382,0.028973,172.31.40.0-255,1077,205625,64,385056
22383,0.029825,172.217.26.0-255,5738,211363,64,385056
22384,0.029832,172.31.40.0-255,66,211429,64,385056
22385,0.030395,104.244.42.0-255,66,211495,64,385056
22386,0.030446,104.244.42.0-255,66,211561,64,385056
22387,0.030495,104.244.42.0-255,66,211627,64,385056
22388,0.03055,104.244.42.0-255,66,211693,64,385056
22389,0.031812,172.217.26.0-255,5738,217431,64,385056
22390,0.031817,172.31.40.0-255,66,217497,64,385056
22391,0.0338,172.217.26.0-255,5738,223235,64,385056
22392,0.033817,172.31.40.0-255,66,223301,64,385056
22393,0.035806,172.217.26.0-255,5738,229039,64,385056
22394,0.035819,172.31.40.0-255,66,229105,64,385056
22395,0.037803,172.217.26.0-255,5738,234843,64,385056
22396,0.037818,172.31.40.0-255,66,234909,64,385056
22397,0.039806,172.217.26.0-255,5738,240647,64,385056
22398,0.039821,172.31.40.0-255,66,240713,64,385056
22399,0.041799,172.217.26.0-255,5738,246451,64,385056
22400,0.041811,172.31.40.0-255,66,246517,64,385056
22401,0.043784,172.217.26.0-255,5738,252255,64,385056
22402,0.043797,172.31.40.0-255,66,252321,64,385056
22403,0.045813,172.217.26.0-255,5738,258059,64,385056
22404,0.045823,172.31.40.0-255,66,258125,64,385056
22405,0.047806,172.217.26.0-255,5738,263863,64,385056
22406,0.047821,172.31.40.0-255,66,263929,64,385056
22407,0.0498,172.217.26.0-255,5738,269667,64,385056
22408,0.049816,172.31.40.0-255,66,269733,64,385056
22409,0.051809,172.217.26.0-255,5738,275471,64,385056
22410,0.051824,172.31.40.0-255,66,275537,64,385056
22411,0.0538,172.217.26.0-255,5738,281275,64,385056
22412,0.053808,172.31.40.0-255,66,281341,64,385056
22413,0.055801,172.217.26.0-255,5738,287079,64,385056
22414,0.055816,172.31.40.0-255,66,287145,64,385056
22415,0.057798,172.217.26.0-255,5738,292883,64,385056
22416,0.057813,172.31.40.0-255,66,292949,64,385056
22417,0.059804,172.217.26.0-255,5738,298687,64,385056
22418,0.059817,172.31.40.0-255,66,298753,64,385056
22419,0.061794,172.217.26.0-255,5738,304491,64,385056
22420,0.06181,172.31.40.0-255,66,304557,64,385056
22421,0.063801,172.217.26.0-255,5738,310295,64,385056
22422,0.063819,172.31.40.0-255,66,310361,64,385056
22423,0.065809,172.217.26.0-255,5738,316099,64,385056
22424,0.065823,172.31.40.0-255,66,316165,64,385056
22425,0.067804,172.217.26.0-255,5738,321903,64,385056
22426,0.067815,172.31.40.0-255,66,321969,64,385056
22427,0.069802,172.217.26.0-255,5738,327707,64,385056
22428,0.069817,172.31.40.0-255,66,327773,64,385056
22429,0.071813,172.217.26.0-255,5738,333511,64,385056
22430,0.071828,172.31.40.0-255,66,333577,64,385056
22431,0.073807,172.217.26.0-255,5738,339315,64,385056
22432,0.073824,172.31.40.0-255,66,339381,64,385056
22433,0.0758,172.217.26.0-255,5738,345119,64,385056
22434,0.075808,172.31.40.0-255,66,345185,64,385056
22435,0.077793,172.217.26.0-255,5738,350923,64,385056
22436,0.077806,172.31.40.0-255,66,350989,64,385056
22437,0.079795,172.217.26.0-255,5738,356727,64,385056
22438,0.079812,172.31.40.0-255,66,356793,64,385056
22439,0.081793,172.217.26.0-255,5738,362531,64,385056
22440,0.081808,172.31.40.0-255,66,362597,64,385056
22441,0.083807,172.217.26.0-255,5738,368335,64,385056
22442,0.083823,172.31.40.0-255,66,368401,64,385056
22443,0.085807,172.217.26.0-255,5738,374139,64,385056
22444,0.085822,172.31.40.0-255,66,374205,64,385056
22445,0.087803,172.217.26.0-255,5738,379943,64,385056
22446,0.087812,172.31.40.0-255,66,380009,64,385056
22447,0.089791,172.217.26.0-255,4810,384819,64,385056
22448,0.089805,172.31.40.0-255,66,384885,64,385056
22449,0.090047,172.31.40.0-255,105,384990,64,385056
22450,0.091996,172.217.26.0-255,66,385056,64,385056
22451,0.0,74.125.130.0-255,152,152,64,352081
22452,2.2e-05,172.31.40.0-255,66,218,64,352081
22453,2.9e-05,74.125.130.0-255,1484,1702,64,352081
22454,3.2e-05,172.31.40.0-255,66,1768,64,352081
22455,3.7e-05,74.125.130.0-255,2902,4670,64,352081
22456,4e-05,172.31.40.0-255,66,4736,64,352081
22457,6e-05,74.125.130.0-255,4320,9056,64,352081
22458,6.3e-05,172.31.40.0-255,66,9122,64,352081
22459,8.3e-05,74.125.130.0-255,2902,12024,64,352081
22460,8.5e-05,172.31.40.0-255,66,12090,64,352081
22461,8.9e-05,74.125.130.0-255,2902,14992,64,352081
22462,9.1e-05,172.31.40.0-255,66,15058,64,352081
22463,0.000109,74.125.130.0-255,1938,16996,64,352081
22464,0.000111,172.31.40.0-255,66,17062,64,352081
22465,0.000124,74.125.130.0-255,1484,18546,64,352081
22466,0.000126,172.31.40.0-255,66,18612,64,352081
22467,0.000147,74.125.130.0-255,4320,22932,64,352081
22468,0.000149,172.31.40.0-255,66,22998,64,352081
22469,0.000153,74.125.130.0-255,2902,25900,64,352081
22470,0.000155,172.31.40.0-255,66,25966,64,352081
22471,0.000178,74.125.130.0-255,5379,31345,64,352081
22472,0.00018,172.31.40.0-255,66,31411,64,352081
22473,0.000244,74.125.130.0-255,1484,32895,64,352081
22474,0.000248,172.31.40.0-255,66,32961,64,352081
22475,0.000252,74.125.130.0-255,2902,35863,64,352081
22476,0.000254,172.31.40.0-255,66,35929,64,352081
22477,0.00028,74.125.130.0-255,4320,40249,64,352081
22478,0.000282,172.31.40.0-255,66,40315,64,352081
22479,0.000302,74.125.130.0-255,1484,41799,64,352081
22480,0.000304,172.31.40.0-255,66,41865,64,352081
22481,0.000318,172.31.40.0-255,66,41931,64,352081
22482,0.00043,172.31.40.0-255,66,41997,64,352081
22483,0.001301,74.125.130.0-255,646,42643,64,352081
22484,0.001418,74.125.130.0-255,1484,44127,64,352081
22485,0.001423,172.31.40.0-255,66,44193,64,352081
22486,0.001429,74.125.130.0-255,2902,47095,64,352081
22487,0.001449,74.125.130.0-255,5738,52833,64,352081
22488,0.001455,74.125.130.0-255,7156,59989,64,352081
22489,0.001484,74.125.130.0-255,5738,65727,64,352081
22490,0.001505,74.125.130.0-255,2184,67911,64,352081
22491,0.001665,74.125.130.0-255,1484,69395,64,352081
22492,0.001681,74.125.130.0-255,1484,70879,64,352081
22493,0.001697,74.125.130.0-255,1484,72363,64,352081
22494,0.001701,74.125.130.0-255,2902,75265,64,352081
22495,0.001713,74.125.130.0-255,2902,78167,64,352081
22496,0.00173,74.125.130.0-255,7156,85323,64,352081
22497,0.001747,74.125.130.0-255,4320,89643,64,352081
22498,0.001774,74.125.130.0-255,2184,91827,64,352081
22499,0.001848,74.125.130.0-255,1484,93311,64,352081
22500,0.001853,74.125.130.0-255,2902,96213,64,352081
22501,0.001874,74.125.130.0-255,5738,101951,64,352081
22502,0.001917,74.125.130.0-255,1484,103435,64,352081
22503,0.001932,74.125.130.0-255,7156,110591,64,352081
22504,0.001958,74.125.130.0-255,2184,112775,64,352081
22505,0.003704,172.31.40.0-255,66,112841,64,352081
22506,0.005745,74.125.130.0-255,5738,118579,64,352081
22507,0.005751,172.31.40.0-255,66,118645,64,352081
22508,0.007765,74.125.130.0-255,5738,124383,64,352081
22509,0.007773,172.31.40.0-255,66,124449,64,352081
22510,0.009798,74.125.130.0-255,5738,130187,64,352081
22511,0.009806,172.31.40.0-255,66,130253,64,352081
22512,0.011808,74.125.130.0-255,5738,135991,64,352081
22513,0.011816,172.31.40.0-255,66,136057,64,352081
22514,0.013837,74.125.130.0-255,5738,141795,64,352081
22515,0.013846,172.31.40.0-255,66,141861,64,352081
22516,0.01589,74.125.130.0-255,5738,147599,64,352081
22517,0.015898,172.31.40.0-255,66,147665,64,352081
22518,0.017908,74.125.130.0-255,5738,153403,64,352081
22519,0.017915,172.31.40.0-255,66,153469,64,352081
22520,0.019926,74.125.130.0-255,5738,159207,64,352081
22521,0.019932,172.31.40.0-255,66,159273,64,352081
22522,0.021952,74.125.130.0-255,5738,165011,64,352081
22523,0.02196,172.31.40.0-255,66,165077,64,352081
22524,0.024012,74.125.130.0-255,5738,170815,64,352081
22525,0.02402,172.31.40.0-255,66,170881,64,352081
22526,0.026048,74.125.130.0-255,4320,175201,64,352081
22527,0.026057,172.31.40.0-255,66,175267,64,352081
22528,0.026078,74.125.130.0-255,1484,176751,64,352081
22529,0.028071,74.125.130.0-255,2902,179653,64,352081
22530,0.028078,172.31.40.0-255,66,179719,64,352081
22531,0.0281,74.125.130.0-255,1484,181203,64,352081
22532,0.030095,74.125.130.0-255,4320,185523,64,352081
22533,0.03032,172.31.40.0-255,166,185689,64,352081
22534,0.03035,172.31.40.0-255,1135,186824,64,352081
22535,0.030401,172.31.40.0-255,66,186890,64,352081
22536,0.030473,172.31.40.0-255,1514,188404,64,352081
22537,0.030475,172.31.40.0-255,1514,189918,64,352081
22538,0.030505,172.31.40.0-255,673,190591,64,352081
22539,0.031864,104.244.42.0-255,66,190657,64,352081
22540,0.03191,104.244.42.0-255,66,190723,64,352081
22541,0.032059,104.244.42.0-255,66,190789,64,352081
22542,0.032064,104.244.42.0-255,66,190855,64,352081
22543,0.032422,74.125.130.0-255,4320,195175,64,352081
22544,0.032428,172.31.40.0-255,66,195241,64,352081
22545,0.032455,74.125.130.0-255,1484,196725,64,352081
22546,0.034458,74.125.130.0-255,4320,201045,64,352081
22547,0.034464,172.31.40.0-255,66,201111,64,352081
22548,0.036482,74.125.130.0-255,5738,206849,64,352081
22549,0.043797,172.31.40.0-255,66,206915,64,352081
22550,0.04503,74.125.130.0-255,1484,208399,64,352081
22551,0.045816,74.125.130.0-255,4320,212719,64,352081
22552,0.045824,172.31.40.0-255,66,212785,64,352081
22553,0.04784,74.125.130.0-255,5738,218523,64,352081
22554,0.047883,172.31.40.0-255,66,218589,64,352081
22555,0.0499,74.125.130.0-255,5738,224327,64,352081
22556,0.049906,172.31.40.0-255,66,224393,64,352081
22557,0.051938,74.125.130.0-255,5738,230131,64,352081
22558,0.051953,172.31.40.0-255,66,230197,64,352081
22559,0.053981,74.125.130.0-255,5738,235935,64,352081
22560,0.053993,172.31.40.0-255,66,236001,64,352081
22561,0.056008,74.125.130.0-255,5738,241739,64,352081
22562,0.056017,172.31.40.0-255,66,241805,64,352081
22563,0.058068,74.125.130.0-255,5738,247543,64,352081
22564,0.061283,172.31.40.0-255,66,247609,64,352081
22565,0.063324,74.125.130.0-255,5738,253347,64,352081
22566,0.063336,172.31.40.0-255,66,253413,64,352081
22567,0.065403,74.125.130.0-255,5738,259151,64,352081
22568,0.065411,172.31.40.0-255,66,259217,64,352081
22569,0.067429,74.125.130.0-255,5738,264955,64,352081
22570,0.067434,172.31.40.0-255,66,265021,64,352081
22571,0.069468,74.125.130.0-255,5738,270759,64,352081
22572,0.069484,172.31.40.0-255,66,270825,64,352081
22573,0.071509,74.125.130.0-255,5738,276563,64,352081
22574,0.071516,172.31.40.0-255,66,276629,64,352081
22575,0.073532,74.125.130.0-255,5738,282367,64,352081
22576,0.073547,172.31.40.0-255,66,282433,64,352081
22577,0.075579,74.125.130.0-255,5738,288171,64,352081
22578,0.075589,172.31.40.0-255,66,288237,64,352081
22579,0.077622,74.125.130.0-255,5738,293975,64,352081
22580,0.077635,172.31.40.0-255,66,294041,64,352081
22581,0.079681,74.125.130.0-255,5738,299779,64,352081
22582,0.079689,172.31.40.0-255,66,299845,64,352081
22583,0.081711,74.125.130.0-255,5738,305583,64,352081
22584,0.08172,172.31.40.0-255,66,305649,64,352081
22585,0.083744,74.125.130.0-255,5738,311387,64,352081
22586,0.083757,172.31.40.0-255,66,311453,64,352081
22587,0.08581,74.125.130.0-255,5738,317191,64,352081
22588,0.085824,172.31.40.0-255,66,317257,64,352081
22589,0.087845,74.125.130.0-255,5738,322995,64,352081
22590,0.08786,172.31.40.0-255,66,323061,64,352081
22591,0.089892,74.125.130.0-255,5738,328799,64,352081
22592,0.089908,172.31.40.0-255,66,328865,64,352081
22593,0.091927,74.125.130.0-255,5738,334603,64,352081
22594,0.091934,172.31.40.0-255,66,334669,64,352081
22595,0.093963,74.125.130.0-255,5738,340407,64,352081
22596,0.093979,172.31.40.0-255,66,340473,64,352081
22597,0.095993,74.125.130.0-255,5738,346211,64,352081
22598,0.096008,172.31.40.0-255,66,346277,64,352081
22599,0.098049,74.125.130.0-255,5738,352015,64,352081
22600,0.098064,172.31.40.0-255,66,352081,64,352081
22601,0.0,172.217.194.0-255,150,150,64,349104
22602,1.4e-05,172.31.40.0-255,66,216,64,349104
22603,1.9e-05,172.217.194.0-255,1484,1700,64,349104
22604,2.3e-05,172.31.40.0-255,66,1766,64,349104
22605,4.3e-05,172.217.194.0-255,2902,4668,64,349104
22606,4.6e-05,172.31.40.0-255,66,4734,64,349104
22607,5e-05,172.217.194.0-255,2902,7636,64,349104
22608,5.2e-05,172.31.40.0-255,66,7702,64,349104
22609,7.2e-05,172.217.194.0-255,4320,12022,64,349104
22610,7.5e-05,172.31.40.0-255,66,12088,64,349104
22611,7.9e-05,172.217.194.0-255,2127,14215,64,349104
22612,8.2e-05,172.31.40.0-255,66,14281,64,349104
22613,8.6e-05,172.217.194.0-255,2902,17183,64,349104
22614,8.8e-05,172.31.40.0-255,66,17249,64,349104
22615,9.5e-05,172.217.194.0-255,5738,22987,64,349104
22616,9.8e-05,172.31.40.0-255,66,23053,64,349104
22617,0.000117,172.217.194.0-255,1484,24537,64,349104
22618,0.00012,172.31.40.0-255,66,24603,64,349104
22619,0.000128,172.217.194.0-255,6797,31400,64,349104
22620,0.000131,172.31.40.0-255,66,31466,64,349104
22621,0.000423,172.217.194.0-255,1484,32950,64,349104
22622,0.00043,172.31.40.0-255,66,33016,64,349104
22623,0.000436,172.217.194.0-255,2902,35918,64,349104
22624,0.000439,172.31.40.0-255,66,35984,64,349104
22625,0.000441,172.217.194.0-255,1484,37468,64,349104
22626,0.000443,172.31.40.0-255,66,37534,64,349104
22627,0.000464,172.217.194.0-255,4320,41854,64,349104
22628,0.000467,172.31.40.0-255,66,41920,64,349104
22629,0.000471,172.217.194.0-255,2902,44822,64,349104
22630,0.000473,172.31.40.0-255,66,44888,64,349104
22631,0.000494,172.217.194.0-255,5379,50267,64,349104
22632,0.000497,172.31.40.0-255,66,50333,64,349104
22633,0.000508,172.31.40.0-255,66,50399,64,349104
22634,0.000538,172.217.194.0-255,7086,57485,64,349104
22635,0.000542,172.31.40.0-255,66,57551,64,349104
22636,0.000806,172.217.194.0-255,98,57649,64,349104
22637,0.000964,172.217.194.0-255,1484,59133,64,349104
22638,0.000969,172.31.40.0-255,66,59199,64,349104
22639,0.000975,172.217.194.0-255,2902,62101,64,349104
22640,0.000978,172.31.40.0-255,66,62167,64,349104
22641,0.000981,172.217.194.0-255,1484,63651,64,349104
22642,0.001007,172.217.194.0-255,4320,67971,64,349104
22643,0.00101,172.31.40.0-255,66,68037,64,349104
22644,0.001023,172.31.40.0-255,66,68103,64,349104
22645,0.001045,172.217.194.0-255,4320,72423,64,349104
22646,0.001047,172.31.40.0-255,66,72489,64,349104
22647,0.001075,172.217.194.0-255,5738,78227,64,349104
22648,0.001079,172.31.40.0-255,66,78293,64,349104
22649,0.001083,172.217.194.0-255,2543,80836,64,349104
22650,0.001085,172.31.40.0-255,66,80902,64,349104
22651,0.00155,172.217.194.0-255,1484,82386,64,349104
22652,0.001556,172.217.194.0-255,2902,85288,64,349104
22653,0.001561,172.31.40.0-255,66,85354,64,349104
22654,0.001568,172.217.194.0-255,5738,91092,64,349104
22655,0.00157,172.31.40.0-255,66,91158,64,349104
22656,0.001581,172.31.40.0-255,66,91224,64,349104
22657,0.001591,172.31.40.0-255,66,91290,64,349104
22658,0.001736,172.217.194.0-255,1484,92774,64,349104
22659,0.001754,172.217.194.0-255,2902,95676,64,349104
22660,0.001758,172.31.40.0-255,66,95742,64,349104
22661,0.001764,172.217.194.0-255,5738,101480,64,349104
22662,0.001766,172.31.40.0-255,66,101546,64,349104
22663,0.001789,172.217.194.0-255,1484,103030,64,349104
22664,0.001808,172.31.40.0-255,66,103096,64,349104
22665,0.001825,172.217.194.0-255,1484,104580,64,349104
22666,0.001838,172.217.194.0-255,2902,107482,64,349104
22667,0.001841,172.31.40.0-255,66,107548,64,349104
22668,0.001869,172.31.40.0-255,66,107614,64,349104
22669,0.001904,172.217.194.0-255,1484,109098,64,349104
22670,0.001908,172.217.194.0-255,1484,110582,64,349104
22671,0.00191,172.31.40.0-255,66,110648,64,349104
22672,0.001927,172.217.194.0-255,1484,112132,64,349104
22673,0.001933,172.217.194.0-255,4320,116452,64,349104
22674,0.001936,172.31.40.0-255,66,116518,64,349104
22675,0.00195,172.217.194.0-255,1484,118002,64,349104
22676,0.001956,172.217.194.0-255,5738,123740,64,349104
22677,0.001958,172.31.40.0-255,66,123806,64,349104
22678,0.001964,172.217.194.0-255,4320,128126,64,349104
22679,0.001966,172.31.40.0-255,66,128192,64,349104
22680,0.002001,172.31.40.0-255,66,128258,64,349104
22681,0.002006,172.217.194.0-255,5020,133278,64,349104
22682,0.002008,172.31.40.0-255,66,133344,64,349104
22683,0.004026,172.217.194.0-255,5738,139082,64,349104
22684,0.004031,172.31.40.0-255,66,139148,64,349104
22685,0.006076,172.217.194.0-255,5738,144886,64,349104
22686,0.006082,172.31.40.0-255,66,144952,64,349104
22687,0.0081,172.217.194.0-255,5738,150690,64,349104
22688,0.00811,172.31.40.0-255,66,150756,64,349104
22689,0.010123,172.217.194.0-255,5738,156494,64,349104
22690,0.010129,172.31.40.0-255,66,156560,64,349104
22691,0.012147,172.217.194.0-255,5738,162298,64,349104
22692,0.012155,172.31.40.0-255,66,162364,64,349104
22693,0.014171,172.217.194.0-255,5738,168102,64,349104
22694,0.014179,172.31.40.0-255,66,168168,64,349104
22695,0.016226,172.217.194.0-255,5738,173906,64,349104
22696,0.016233,172.31.40.0-255,66,173972,64,349104
22697,0.018234,172.217.194.0-255,5738,179710,64,349104
22698,0.018242,172.31.40.0-255,66,179776,64,349104
22699,0.01843,172.31.40.0-255,172,179948,64,349104
22700,0.018458,172.31.40.0-255,1107,181055,64,349104
22701,0.018498,172.31.40.0-255,1514,182569,64,349104
22702,0.018499,172.31.40.0-255,339,182908,64,349104
22703,0.019994,104.244.42.0-255,66,182974,64,349104
22704,0.020001,104.244.42.0-255,66,183040,64,349104
22705,0.020035,104.244.42.0-255,66,183106,64,349104
22706,0.020256,172.217.194.0-255,5738,188844,64,349104
22707,0.020262,172.31.40.0-255,66,188910,64,349104
22708,0.022288,172.217.194.0-255,5738,194648,64,349104
22709,0.022298,172.31.40.0-255,66,194714,64,349104
22710,0.02432,172.217.194.0-255,5738,200452,64,349104
22711,0.02433,172.31.40.0-255,66,200518,64,349104
22712,0.026332,172.217.194.0-255,5738,206256,64,349104
22713,0.026339,172.31.40.0-255,66,206322,64,349104
22714,0.028395,172.217.194.0-255,5738,212060,64,349104
22715,0.028402,172.31.40.0-255,66,212126,64,349104
22716,0.030411,172.217.194.0-255,5738,217864,64,349104
22717,0.030419,172.31.40.0-255,66,217930,64,349104
22718,0.032453,172.217.194.0-255,5738,223668,64,349104
22719,0.032459,172.31.40.0-255,66,223734,64,349104
22720,0.034477,172.217.194.0-255,5738,229472,64,349104
22721,0.034483,172.31.40.0-255,66,229538,64,349104
22722,0.036486,172.217.194.0-255,5738,235276,64,349104
22723,0.036492,172.31.40.0-255,66,235342,64,349104
22724,0.038517,172.217.194.0-255,5738,241080,64,349104
22725,0.038522,172.31.40.0-255,66,241146,64,349104
22726,0.040537,172.217.194.0-255,5738,246884,64,349104
22727,0.040543,172.31.40.0-255,66,246950,64,349104
22728,0.042529,172.217.194.0-255,5738,252688,64,349104
22729,0.042535,172.31.40.0-255,66,252754,64,349104
22730,0.044567,172.217.194.0-255,5738,258492,64,349104
22731,0.044573,172.31.40.0-255,66,258558,64,349104
22732,0.046619,172.217.194.0-255,5738,264296,64,349104
22733,0.046624,172.31.40.0-255,66,264362,64,349104
22734,0.048623,172.217.194.0-255,5738,270100,64,349104
22735,0.048629,172.31.40.0-255,66,270166,64,349104
22736,0.050627,172.217.194.0-255,5738,275904,64,349104
22737,0.050634,172.31.40.0-255,66,275970,64,349104
22738,0.052635,172.217.194.0-255,5738,281708,64,349104
22739,0.05264,172.31.40.0-255,66,281774,64,349104
22740,0.054655,172.217.194.0-255,5738,287512,64,349104
22741,0.05466,172.31.40.0-255,66,287578,64,349104
22742,0.056664,172.217.194.0-255,5738,293316,64,349104
22743,0.056669,172.31.40.0-255,66,293382,64,349104
22744,0.058684,172.217.194.0-255,4320,297702,64,349104
22745,0.058689,172.31.40.0-255,66,297768,64,349104
22746,0.058718,172.217.194.0-255,1484,299252,64,349104
22747,0.060697,172.217.194.0-255,4320,303572,64,349104
22748,0.060702,172.31.40.0-255,66,303638,64,349104
22749,0.062733,172.217.194.0-255,5738,309376,64,349104
22750,0.062739,172.31.40.0-255,66,309442,64,349104
22751,0.064759,172.217.194.0-255,4320,313762,64,349104
22752,0.064764,172.31.40.0-255,66,313828,64,349104
22753,0.064795,172.217.194.0-255,1484,315312,64,349104
22754,0.066748,172.217.194.0-255,4320,319632,64,349104
22755,0.066754,172.31.40.0-255,66,319698,64,349104
22756,0.068773,172.217.194.0-255,5738,325436,64,349104
22757,0.068779,172.31.40.0-255,66,325502,64,349104
22758,0.070796,172.217.194.0-255,5738,331240,64,349104
22759,0.070801,172.31.40.0-255,66,331306,64,349104
22760,0.072782,172.217.194.0-255,2902,334208,64,349104
22761,0.072788,172.31.40.0-255,66,334274,64,349104
22762,0.07282,172.217.194.0-255,2902,337176,64,349104
22763,0.072823,172.31.40.0-255,66,337242,64,349104
22764,0.074792,172.217.194.0-255,2902,340144,64,349104
22765,0.074798,172.31.40.0-255,66,340210,64,349104
22766,0.074829,172.217.194.0-255,2902,343112,64,349104
22767,0.074833,172.31.40.0-255,66,343178,64,349104
22768,0.076799,172.217.194.0-255,2902,346080,64,349104
22769,0.076804,172.31.40.0-255,66,346146,64,349104
22770,0.07684,172.217.194.0-255,2721,348867,64,349104
22771,0.076843,172.31.40.0-255,66,348933,64,349104
22772,0.076992,172.31.40.0-255,105,349038,64,349104
22773,0.078972,172.217.194.0-255,66,349104,64,349104
22774,0.0,216.58.221.0-255,152,152,64,390734
22775,2.5e-05,172.31.40.0-255,66,218,64,390734
22776,3.1e-05,216.58.221.0-255,1484,1702,64,390734
22777,3.6e-05,172.31.40.0-255,66,1768,64,390734
22778,5e-05,216.58.221.0-255,2902,4670,64,390734
22779,5.4e-05,172.31.40.0-255,66,4736,64,390734
22780,5.9e-05,216.58.221.0-255,4320,9056,64,390734
22781,6.2e-05,172.31.40.0-255,66,9122,64,390734
22782,7.5e-05,172.31.40.0-255,66,9188,64,390734
22783,8.7e-05,172.31.40.0-255,66,9254,64,390734
22784,0.000141,216.58.221.0-255,3961,13215,64,390734
22785,0.000144,172.31.40.0-255,66,13281,64,390734
22786,0.00023,216.58.221.0-255,1484,14765,64,390734
22787,0.000234,172.31.40.0-255,66,14831,64,390734
22788,0.00024,216.58.221.0-255,2902,17733,64,390734
22789,0.000243,172.31.40.0-255,66,17799,64,390734
22790,0.000255,216.58.221.0-255,5738,23537,64,390734
22791,0.000257,172.31.40.0-255,66,23603,64,390734
22792,0.000285,216.58.221.0-255,2902,26505,64,390734
22793,0.000288,172.31.40.0-255,66,26571,64,390734
22794,0.000316,216.58.221.0-255,3961,30532,64,390734
22795,0.000319,172.31.40.0-255,66,30598,64,390734
22796,0.000792,216.58.221.0-255,1484,32082,64,390734
22797,0.000798,172.31.40.0-255,66,32148,64,390734
22798,0.000804,216.58.221.0-255,2902,35050,64,390734
22799,0.000807,172.31.40.0-255,66,35116,64,390734
22800,0.00082,216.58.221.0-255,5738,40854,64,390734
22801,0.000823,172.31.40.0-255,66,40920,64,390734
22802,0.000852,216.58.221.0-255,1484,42404,64,390734
22803,0.000855,172.31.40.0-255,66,42470,64,390734
22804,0.000878,216.58.221.0-255,5670,48140,64,390734
22805,0.000881,172.31.40.0-255,66,48206,64,390734
22806,0.001335,216.58.221.0-255,1484,49690,64,390734
22807,0.001355,216.58.221.0-255,1484,51174,64,390734
22808,0.001359,172.31.40.0-255,66,51240,64,390734
22809,0.001365,216.58.221.0-255,2902,54142,64,390734
22810,0.001367,172.31.40.0-255,66,54208,64,390734
22811,0.001378,216.58.221.0-255,5738,59946,64,390734
22812,0.00138,172.31.40.0-255,66,60012,64,390734
22813,0.001414,216.58.221.0-255,5379,65391,64,390734
22814,0.001417,172.31.40.0-255,66,65457,64,390734
22815,0.001444,216.58.221.0-255,4320,69777,64,390734
22816,0.001447,172.31.40.0-255,66,69843,64,390734
22817,0.00145,216.58.221.0-255,1484,71327,64,390734
22818,0.001454,216.58.221.0-255,2902,74229,64,390734
22819,0.001455,172.31.40.0-255,66,74295,64,390734
22820,0.001459,216.58.221.0-255,2902,77197,64,390734
22821,0.001461,172.31.40.0-255,66,77263,64,390734
22822,0.001491,216.58.221.0-255,2902,80165,64,390734
22823,0.001494,172.31.40.0-255,66,80231,64,390734
22824,0.001498,216.58.221.0-255,2283,82514,64,390734
22825,0.001499,172.31.40.0-255,66,82580,64,390734
22826,0.001527,216.58.221.0-255,2902,85482,64,390734
22827,0.001529,172.31.40.0-255,66,85548,64,390734
22828,0.001536,216.58.221.0-255,7156,92704,64,390734
22829,0.001538,172.31.40.0-255,66,92770,64,390734
22830,0.001566,216.58.221.0-255,4320,97090,64,390734
22831,0.001568,172.31.40.0-255,66,97156,64,390734
22832,0.001592,216.58.221.0-255,2429,99585,64,390734
22833,0.001594,172.31.40.0-255,66,99651,64,390734
22834,0.00351,216.58.221.0-255,2902,102553,64,390734
22835,0.003515,172.31.40.0-255,66,102619,64,390734
22836,0.003539,216.58.221.0-255,2902,105521,64,390734
22837,0.003541,172.31.40.0-255,66,105587,64,390734
22838,0.005458,216.58.221.0-255,2902,108489,64,390734
22839,0.005462,172.31.40.0-255,66,108555,64,390734
22840,0.00548,216.58.221.0-255,2902,111457,64,390734
22841,0.005483,172.31.40.0-255,66,111523,64,390734
22842,0.007417,216.58.221.0-255,4320,115843,64,390734
22843,0.007429,172.31.40.0-255,66,115909,64,390734
22844,0.007492,216.58.221.0-255,1484,117393,64,390734
22845,0.009388,216.58.221.0-255,4320,121713,64,390734
22846,0.009403,172.31.40.0-255,66,121779,64,390734
22847,0.011367,216.58.221.0-255,5738,127517,64,390734
22848,0.011377,172.31.40.0-255,66,127583,64,390734
22849,0.013343,216.58.221.0-255,5738,133321,64,390734
22850,0.013356,172.31.40.0-255,66,133387,64,390734
22851,0.015309,216.58.221.0-255,5738,139125,64,390734
22852,0.015322,172.31.40.0-255,66,139191,64,390734
22853,0.017275,216.58.221.0-255,5738,144929,64,390734
22854,0.017286,172.31.40.0-255,66,144995,64,390734
22855,0.019234,216.58.221.0-255,5738,150733,64,390734
22856,0.019241,172.31.40.0-255,66,150799,64,390734
22857,0.019589,172.31.40.0-255,166,150965,64,390734
22858,0.019631,172.31.40.0-255,1131,152096,64,390734
22859,0.019703,172.31.40.0-255,1514,153610,64,390734
22860,0.019705,172.31.40.0-255,314,153924,64,390734
22861,0.021182,216.58.221.0-255,5738,159662,64,390734
22862,0.021189,172.31.40.0-255,66,159728,64,390734
22863,0.02122,104.244.42.0-255,66,159794,64,390734
22864,0.021225,104.244.42.0-255,66,159860,64,390734
22865,0.021262,104.244.42.0-255,66,159926,64,390734
22866,0.023134,216.58.221.0-255,5738,165664,64,390734
22867,0.02314,172.31.40.0-255,66,165730,64,390734
22868,0.025081,216.58.221.0-255,5738,171468,64,390734
22869,0.025091,172.31.40.0-255,66,171534,64,390734
22870,0.02703,216.58.221.0-255,5738,177272,64,390734
22871,0.027036,172.31.40.0-255,66,177338,64,390734
22872,0.02898,216.58.221.0-255,5738,183076,64,390734
22873,0.028987,172.31.40.0-255,66,183142,64,390734
22874,0.030943,216.58.221.0-255,5738,188880,64,390734
22875,0.030953,172.31.40.0-255,66,188946,64,390734
22876,0.032889,216.58.221.0-255,5738,194684,64,390734
22877,0.032895,172.31.40.0-255,66,194750,64,390734
22878,0.03484,216.58.221.0-255,4320,199070,64,390734
22879,0.034846,172.31.40.0-255,66,199136,64,390734
22880,0.034941,216.58.221.0-255,1484,200620,64,390734
22881,0.036793,216.58.221.0-255,4320,204940,64,390734
22882,0.036798,172.31.40.0-255,66,205006,64,390734
22883,0.038755,216.58.221.0-255,5738,210744,64,390734
22884,0.038762,172.31.40.0-255,66,210810,64,390734
22885,0.040712,216.58.221.0-255,5738,216548,64,390734
22886,0.040725,172.31.40.0-255,66,216614,64,390734
22887,0.042756,216.58.221.0-255,5738,222352,64,390734
22888,0.042763,172.31.40.0-255,66,222418,64,390734
22889,0.044718,216.58.221.0-255,5738,228156,64,390734
22890,0.044729,172.31.40.0-255,66,228222,64,390734
22891,0.046692,216.58.221.0-255,5738,233960,64,390734
22892,0.046699,172.31.40.0-255,66,234026,64,390734
22893,0.048689,216.58.221.0-255,5738,239764,64,390734
22894,0.048707,172.31.40.0-255,66,239830,64,390734
22895,0.050678,216.58.221.0-255,5738,245568,64,390734
22896,0.050694,172.31.40.0-255,66,245634,64,390734
22897,0.052661,216.58.221.0-255,5738,251372,64,390734
22898,0.052677,172.31.40.0-255,66,251438,64,390734
22899,0.054648,216.58.221.0-255,5738,257176,64,390734
22900,0.054666,172.31.40.0-255,66,257242,64,390734
22901,0.05665,216.58.221.0-255,5738,262980,64,390734
22902,0.056659,172.31.40.0-255,66,263046,64,390734
22903,0.058604,216.58.221.0-255,5738,268784,64,390734
22904,0.058612,172.31.40.0-255,66,268850,64,390734
22905,0.06059,216.58.221.0-255,5738,274588,64,390734
22906,0.060604,172.31.40.0-255,66,274654,64,390734
22907,0.062584,216.58.221.0-255,5738,280392,64,390734
22908,0.062593,172.31.40.0-255,66,280458,64,390734
22909,0.06455,216.58.221.0-255,5738,286196,64,390734
22910,0.064556,172.31.40.0-255,66,286262,64,390734
22911,0.066517,216.58.221.0-255,5738,292000,64,390734
22912,0.066524,172.31.40.0-255,66,292066,64,390734
22913,0.068482,216.58.221.0-255,5738,297804,64,390734
22914,0.068489,172.31.40.0-255,66,297870,64,390734
22915,0.070442,216.58.221.0-255,5738,303608,64,390734
22916,0.070449,172.31.40.0-255,66,303674,64,390734
22917,0.072435,216.58.221.0-255,5738,309412,64,390734
22918,0.072442,172.31.40.0-255,66,309478,64,390734
22919,0.074385,216.58.221.0-255,5738,315216,64,390734
22920,0.074391,172.31.40.0-255,66,315282,64,390734
22921,0.076338,216.58.221.0-255,5738,321020,64,390734
22922,0.076348,172.31.40.0-255,66,321086,64,390734
22923,0.078311,216.58.221.0-255,5738,326824,64,390734
22924,0.07832,172.31.40.0-255,66,326890,64,390734
22925,0.08027,216.58.221.0-255,5738,332628,64,390734
22926,0.080276,172.31.40.0-255,66,332694,64,390734
22927,0.082235,216.58.221.0-255,5738,338432,64,390734
22928,0.082241,172.31.40.0-255,66,338498,64,390734
22929,0.084188,216.58.221.0-255,5738,344236,64,390734
22930,0.084195,172.31.40.0-255,66,344302,64,390734
22931,0.086148,216.58.221.0-255,5738,350040,64,390734
22932,0.086154,172.31.40.0-255,66,350106,64,390734
22933,0.088099,216.58.221.0-255,5738,355844,64,390734
22934,0.088107,172.31.40.0-255,66,355910,64,390734
22935,0.09006,216.58.221.0-255,5738,361648,64,390734
22936,0.090068,172.31.40.0-255,66,361714,64,390734
22937,0.09203,216.58.221.0-255,5738,367452,64,390734
22938,0.092037,172.31.40.0-255,66,367518,64,390734
22939,0.09401,216.58.221.0-255,5738,373256,64,390734
22940,0.094017,172.31.40.0-255,66,373322,64,390734
22941,0.096011,216.58.221.0-255,5738,379060,64,390734
22942,0.096018,172.31.40.0-255,66,379126,64,390734
22943,0.097996,216.58.221.0-255,5738,384864,64,390734
22944,0.098003,172.31.40.0-255,66,384930,64,390734
22945,0.09996,216.58.221.0-255,5738,390668,64,390734
22946,0.099967,172.31.40.0-255,66,390734,64,390734
22947,0.0,172.31.40.0-255,105,105,64,459
22948,0.000262,172.31.40.0-255,90,195,64,459
22949,0.000272,172.31.40.0-255,66,261,64,459
22950,0.003301,74.125.24.0-255,66,327,64,459
22951,0.00342,74.125.24.0-255,66,393,64,459
22952,0.003444,172.31.40.0-255,66,459,64,459
22953,0.0,172.217.194.0-255,152,152,64,138934
22954,1.3e-05,172.31.40.0-255,66,218,64,138934
22955,2e-05,172.217.194.0-255,1484,1702,64,138934
22956,2.4e-05,172.31.40.0-255,66,1768,64,138934
22957,2.9e-05,172.217.194.0-255,2902,4670,64,138934
22958,3.1e-05,172.31.40.0-255,66,4736,64,138934
22959,3.8e-05,172.217.194.0-255,7156,11892,64,138934
22960,4e-05,172.31.40.0-255,66,11958,64,138934
22961,8.2e-05,172.217.194.0-255,2017,13975,64,138934
22962,8.4e-05,172.31.40.0-255,66,14041,64,138934
22963,0.000138,172.217.194.0-255,1484,15525,64,138934
22964,0.000141,172.31.40.0-255,66,15591,64,138934
22965,0.000145,172.217.194.0-255,2902,18493,64,138934
22966,0.000147,172.31.40.0-255,66,18559,64,138934
22967,0.00015,172.217.194.0-255,1484,20043,64,138934
22968,0.000151,172.31.40.0-255,66,20109,64,138934
22969,0.000178,172.217.194.0-255,4320,24429,64,138934
22970,0.00018,172.31.40.0-255,66,24495,64,138934
22971,0.000194,172.217.194.0-255,4320,28815,64,138934
22972,0.000196,172.31.40.0-255,66,28881,64,138934
22973,0.000221,172.31.40.0-255,66,28947,64,138934
22974,0.000233,172.31.40.0-255,66,29013,64,138934
22975,0.000272,172.31.40.0-255,66,29079,64,138934
22976,0.000275,172.217.194.0-255,400,29479,64,138934
22977,0.000276,172.31.40.0-255,66,29545,64,138934
22978,0.000368,172.217.194.0-255,376,29921,64,138934
22979,0.000371,172.31.40.0-255,66,29987,64,138934
22980,0.000664,172.217.194.0-255,1484,31471,64,138934
22981,0.000668,172.31.40.0-255,66,31537,64,138934
22982,0.000673,172.217.194.0-255,2902,34439,64,138934
22983,0.000675,172.31.40.0-255,66,34505,64,138934
22984,0.000687,172.217.194.0-255,1484,35989,64,138934
22985,0.000701,172.217.194.0-255,4320,40309,64,138934
22986,0.000703,172.31.40.0-255,66,40375,64,138934
22987,0.000706,172.217.194.0-255,1484,41859,64,138934
22988,0.000748,172.31.40.0-255,66,41925,64,138934
22989,0.000775,172.217.194.0-255,4320,46245,64,138934
22990,0.000787,172.31.40.0-255,66,46311,64,138934
22991,0.00079,172.31.40.0-255,66,46377,64,138934
22992,0.001329,172.217.194.0-255,1484,47861,64,138934
22993,0.001346,172.217.194.0-255,2902,50763,64,138934
22994,0.00135,172.31.40.0-255,66,50829,64,138934
22995,0.001358,172.217.194.0-255,5738,56567,64,138934
22996,0.00136,172.31.40.0-255,66,56633,64,138934
22997,0.001394,172.217.194.0-255,7156,63789,64,138934
22998,0.001397,172.31.40.0-255,66,63855,64,138934
22999,0.001407,172.31.40.0-255,66,63921,64,138934
23000,0.001455,172.31.40.0-255,66,63987,64,138934
23001,0.001486,172.217.194.0-255,1484,65471,64,138934
23002,0.00149,172.217.194.0-255,1484,66955,64,138934
23003,0.001492,172.31.40.0-255,66,67021,64,138934
23004,0.001511,172.217.194.0-255,1484,68505,64,138934
23005,0.001517,172.217.194.0-255,5738,74243,64,138934
23006,0.001519,172.31.40.0-255,66,74309,64,138934
23007,0.001523,172.217.194.0-255,2902,77211,64,138934
23008,0.001525,172.31.40.0-255,66,77277,64,138934
23009,0.001552,172.217.194.0-255,5738,83015,64,138934
23010,0.001554,172.31.40.0-255,66,83081,64,138934
23011,0.001593,172.217.194.0-255,2902,85983,64,138934
23012,0.001596,172.31.40.0-255,66,86049,64,138934
23013,0.001619,172.217.194.0-255,5738,91787,64,138934
23014,0.001621,172.31.40.0-255,66,91853,64,138934
23015,0.001649,172.217.194.0-255,6438,98291,64,138934
23016,0.001652,172.31.40.0-255,66,98357,64,138934
23017,0.001667,172.31.40.0-255,66,98423,64,138934
23018,0.001682,172.31.40.0-255,66,98489,64,138934
23019,0.001687,172.217.194.0-255,3602,102091,64,138934
23020,0.001688,172.31.40.0-255,66,102157,64,138934
23021,0.001732,172.217.194.0-255,4320,106477,64,138934
23022,0.001736,172.31.40.0-255,66,106543,64,138934
23023,0.001767,172.31.40.0-255,66,106609,64,138934
23024,0.001782,172.31.40.0-255,66,106675,64,138934
23025,0.001787,172.217.194.0-255,4320,110995,64,138934
23026,0.001789,172.31.40.0-255,66,111061,64,138934
23027,0.001817,172.31.40.0-255,66,111127,64,138934
23028,0.001835,172.31.40.0-255,66,111193,64,138934
23029,0.001866,172.31.40.0-255,66,111259,64,138934
23030,0.001869,172.217.194.0-255,766,112025,64,138934
23031,0.001887,172.217.194.0-255,7156,119181,64,138934
23032,0.00189,172.31.40.0-255,66,119247,64,138934
23033,0.001928,172.31.40.0-255,66,119313,64,138934
23034,0.00194,172.31.40.0-255,66,119379,64,138934
23035,0.001996,172.217.194.0-255,4320,123699,64,138934
23036,0.001999,172.31.40.0-255,66,123765,64,138934
23037,0.00203,172.217.194.0-255,7156,130921,64,138934
23038,0.002165,172.217.194.0-255,4473,135394,64,138934
23039,0.002193,172.217.194.0-255,105,135499,64,138934
23040,0.006637,172.31.40.0-255,66,135565,64,138934
23041,0.009147,172.31.40.0-255,105,135670,64,138934
23042,0.011666,172.217.194.0-255,66,135736,64,138934
23043,0.048891,172.31.40.0-255,172,135908,64,138934
23044,0.048923,172.31.40.0-255,1108,137016,64,138934
23045,0.048982,172.31.40.0-255,1514,138530,64,138934
23046,0.048984,172.31.40.0-255,338,138868,64,138934
23047,0.051109,104.244.42.0-255,66,138934,64,138934
23048,0.0,74.125.200.0-255,153,153,64,389030
23049,3.6e-05,172.31.40.0-255,66,219,64,389030
23050,4.4e-05,74.125.200.0-255,1484,1703,64,389030
23051,4.9e-05,172.31.40.0-255,66,1769,64,389030
23052,5.5e-05,74.125.200.0-255,2902,4671,64,389030
23053,5.9e-05,172.31.40.0-255,66,4737,64,389030
23054,6.4e-05,74.125.200.0-255,4320,9057,64,389030
23055,6.7e-05,172.31.40.0-255,66,9123,64,389030
23056,7.1e-05,74.125.200.0-255,2902,12025,64,389030
23057,7.4e-05,172.31.40.0-255,66,12091,64,389030
23058,0.000104,74.125.200.0-255,6275,18366,64,389030
23059,0.000108,172.31.40.0-255,66,18432,64,389030
23060,0.000118,172.31.40.0-255,66,18498,64,389030
23061,0.000134,74.125.200.0-255,1484,19982,64,389030
23062,0.000137,172.31.40.0-255,66,20048,64,389030
23063,0.000141,74.125.200.0-255,2543,22591,64,389030
23064,0.000143,172.31.40.0-255,66,22657,64,389030
23065,0.000164,74.125.200.0-255,1484,24141,64,389030
23066,0.000167,172.31.40.0-255,66,24207,64,389030
23067,0.000188,74.125.200.0-255,2902,27109,64,389030
23068,0.000192,172.31.40.0-255,66,27175,64,389030
23069,0.000196,74.125.200.0-255,2902,30077,64,389030
23070,0.000198,172.31.40.0-255,66,30143,64,389030
23071,0.000212,74.125.200.0-255,2902,33045,64,389030
23072,0.000215,172.31.40.0-255,66,33111,64,389030
23073,0.00022,74.125.200.0-255,2902,36013,64,389030
23074,0.000222,172.31.40.0-255,66,36079,64,389030
23075,0.000246,74.125.200.0-255,3961,40040,64,389030
23076,0.000249,172.31.40.0-255,66,40106,64,389030
23077,0.000409,74.125.200.0-255,1484,41590,64,389030
23078,0.000415,172.31.40.0-255,66,41656,64,389030
23079,0.000438,74.125.200.0-255,2902,44558,64,389030
23080,0.00044,172.31.40.0-255,66,44624,64,389030
23081,0.000448,74.125.200.0-255,5738,50362,64,389030
23082,0.00045,172.31.40.0-255,66,50428,64,389030
23083,0.000454,74.125.200.0-255,2902,53330,64,389030
23084,0.000456,172.31.40.0-255,66,53396,64,389030
23085,0.000523,74.125.200.0-255,4543,57939,64,389030
23086,0.00054,172.31.40.0-255,66,58005,64,389030
23087,0.000868,74.125.200.0-255,1484,59489,64,389030
23088,0.000877,74.125.200.0-255,2902,62391,64,389030
23089,0.000882,172.31.40.0-255,66,62457,64,389030
23090,0.000887,74.125.200.0-255,2902,65359,64,389030
23091,0.000889,172.31.40.0-255,66,65425,64,389030
23092,0.000906,74.125.200.0-255,2902,68327,64,389030
23093,0.000908,172.31.40.0-255,66,68393,64,389030
23094,0.000922,74.125.200.0-255,4320,72713,64,389030
23095,0.000924,172.31.40.0-255,66,72779,64,389030
23096,0.000958,172.31.40.0-255,66,72845,64,389030
23097,0.000964,74.125.200.0-255,5738,78583,64,389030
23098,0.000966,172.31.40.0-255,66,78649,64,389030
23099,0.000988,74.125.200.0-255,2902,81551,64,389030
23100,0.000991,172.31.40.0-255,66,81617,64,389030
23101,0.001007,74.125.200.0-255,2184,83801,64,389030
23102,0.00101,172.31.40.0-255,66,83867,64,389030
23103,0.001109,74.125.200.0-255,1484,85351,64,389030
23104,0.001152,74.125.200.0-255,1484,86835,64,389030
23105,0.001156,172.31.40.0-255,66,86901,64,389030
23106,0.001173,74.125.200.0-255,1484,88385,64,389030
23107,0.001179,74.125.200.0-255,4320,92705,64,389030
23108,0.001182,172.31.40.0-255,66,92771,64,389030
23109,0.001187,74.125.200.0-255,5738,98509,64,389030
23110,0.00119,172.31.40.0-255,66,98575,64,389030
23111,0.001202,172.31.40.0-255,66,98641,64,389030
23112,0.001207,74.125.200.0-255,4320,102961,64,389030
23113,0.001209,172.31.40.0-255,66,103027,64,389030
23114,0.001251,74.125.200.0-255,3602,106629,64,389030
23115,0.001254,172.31.40.0-255,66,106695,64,389030
23116,0.001294,74.125.200.0-255,1484,108179,64,389030
23117,0.001312,74.125.200.0-255,2902,111081,64,389030
23118,0.001315,172.31.40.0-255,66,111147,64,389030
23119,0.001337,74.125.200.0-255,5738,116885,64,389030
23120,0.00134,172.31.40.0-255,66,116951,64,389030
23121,0.001343,74.125.200.0-255,2902,119853,64,389030
23122,0.001345,172.31.40.0-255,66,119919,64,389030
23123,0.001366,74.125.200.0-255,4320,124239,64,389030
23124,0.001369,172.31.40.0-255,66,124305,64,389030
23125,0.001372,74.125.200.0-255,1484,125789,64,389030
23126,0.001388,74.125.200.0-255,7156,132945,64,389030
23127,0.001391,172.31.40.0-255,66,133011,64,389030
23128,0.001397,74.125.200.0-255,5738,138749,64,389030
23129,0.0014,172.31.40.0-255,66,138815,64,389030
23130,0.001447,74.125.200.0-255,2184,140999,64,389030
23131,0.00145,172.31.40.0-255,66,141065,64,389030
23132,0.001659,74.125.200.0-255,1484,142549,64,389030
23133,0.001666,74.125.200.0-255,2902,145451,64,389030
23134,0.00167,172.31.40.0-255,66,145517,64,389030
23135,0.001674,74.125.200.0-255,1484,147001,64,389030
23136,0.001696,74.125.200.0-255,4320,151321,64,389030
23137,0.001699,172.31.40.0-255,66,151387,64,389030
23138,0.001704,74.125.200.0-255,4320,155707,64,389030
23139,0.001706,172.31.40.0-255,66,155773,64,389030
23140,0.001712,74.125.200.0-255,5738,161511,64,389030
23141,0.001715,172.31.40.0-255,66,161577,64,389030
23142,0.001742,74.125.200.0-255,7156,168733,64,389030
23143,0.001746,172.31.40.0-255,66,168799,64,389030
23144,0.00177,74.125.200.0-255,4320,173119,64,389030
23145,0.001773,172.31.40.0-255,66,173185,64,389030
23146,0.001777,74.125.200.0-255,2184,175369,64,389030
23147,0.00178,172.31.40.0-255,66,175435,64,389030
23148,0.001798,74.125.200.0-255,2902,178337,64,389030
23149,0.0018,172.31.40.0-255,66,178403,64,389030
23150,0.001828,74.125.200.0-255,4320,182723,64,389030
23151,0.001832,172.31.40.0-255,66,182789,64,389030
23152,0.001836,74.125.200.0-255,2902,185691,64,389030
23153,0.001838,172.31.40.0-255,66,185757,64,389030
23154,0.001861,74.125.200.0-255,5738,191495,64,389030
23155,0.001864,172.31.40.0-255,66,191561,64,389030
23156,0.00187,74.125.200.0-255,7156,198717,64,389030
23157,0.001873,172.31.40.0-255,66,198783,64,389030
23158,0.001878,74.125.200.0-255,4320,203103,64,389030
23159,0.00188,172.31.40.0-255,66,203169,64,389030
23160,0.001912,74.125.200.0-255,4320,207489,64,389030
23161,0.001915,172.31.40.0-255,66,207555,64,389030
23162,0.001919,74.125.200.0-255,2184,209739,64,389030
23163,0.001922,172.31.40.0-255,66,209805,64,389030
23164,0.001958,74.125.200.0-255,1484,211289,64,389030
23165,0.001976,74.125.200.0-255,2902,214191,64,389030
23166,0.00198,172.31.40.0-255,66,214257,64,389030
23167,0.002001,74.125.200.0-255,5738,219995,64,389030
23168,0.002004,172.31.40.0-255,66,220061,64,389030
23169,0.00396,74.125.200.0-255,5738,225799,64,389030
23170,0.003967,172.31.40.0-255,66,225865,64,389030
23171,0.005923,74.125.200.0-255,5738,231603,64,389030
23172,0.00593,172.31.40.0-255,66,231669,64,389030
23173,0.007877,74.125.200.0-255,4320,235989,64,389030
23174,0.00788,172.31.40.0-255,66,236055,64,389030
23175,0.0079,74.125.200.0-255,1484,237539,64,389030
23176,0.009854,74.125.200.0-255,4320,241859,64,389030
23177,0.009868,172.31.40.0-255,66,241925,64,389030
23178,0.011838,74.125.200.0-255,5738,247663,64,389030
23179,0.011851,172.31.40.0-255,66,247729,64,389030
23180,0.013833,74.125.200.0-255,5738,253467,64,389030
23181,0.013848,172.31.40.0-255,66,253533,64,389030
23182,0.015822,74.125.200.0-255,5738,259271,64,389030
23183,0.015835,172.31.40.0-255,66,259337,64,389030
23184,0.017833,74.125.200.0-255,5738,265075,64,389030
23185,0.017841,172.31.40.0-255,66,265141,64,389030
23186,0.019799,74.125.200.0-255,5738,270879,64,389030
23187,0.019811,172.31.40.0-255,66,270945,64,389030
23188,0.021774,74.125.200.0-255,5738,276683,64,389030
23189,0.021783,172.31.40.0-255,66,276749,64,389030
23190,0.023748,74.125.200.0-255,5738,282487,64,389030
23191,0.023756,172.31.40.0-255,66,282553,64,389030
23192,0.025711,74.125.200.0-255,5738,288291,64,389030
23193,0.02572,172.31.40.0-255,66,288357,64,389030
23194,0.027669,74.125.200.0-255,1484,289841,64,389030
23195,0.027691,74.125.200.0-255,4320,294161,64,389030
23196,0.027697,172.31.40.0-255,66,294227,64,389030
23197,0.029645,74.125.200.0-255,5738,299965,64,389030
23198,0.029652,172.31.40.0-255,66,300031,64,389030
23199,0.029737,172.31.40.0-255,101,300132,64,389030
23200,0.03161,74.125.200.0-255,5738,305870,64,389030
23201,0.031617,172.31.40.0-255,66,305936,64,389030
23202,0.031647,74.125.200.0-255,66,306002,64,389030
23203,0.033603,74.125.200.0-255,5738,311740,64,389030
23204,0.033618,172.31.40.0-255,66,311806,64,389030
23205,0.035576,74.125.200.0-255,5738,317544,64,389030
23206,0.035583,172.31.40.0-255,66,317610,64,389030
23207,0.037548,74.125.200.0-255,5738,323348,64,389030
23208,0.03758,172.31.40.0-255,66,323414,64,389030
23209,0.039534,74.125.200.0-255,5738,329152,64,389030
23210,0.039541,172.31.40.0-255,66,329218,64,389030
23211,0.041496,74.125.200.0-255,5738,334956,64,389030
23212,0.041509,172.31.40.0-255,66,335022,64,389030
23213,0.043194,172.31.40.0-255,172,335194,64,389030
23214,0.04323,172.31.40.0-255,1108,336302,64,389030
23215,0.043289,172.31.40.0-255,1514,337816,64,389030
23216,0.043291,172.31.40.0-255,337,338153,64,389030
23217,0.043463,74.125.200.0-255,5738,343891,64,389030
23218,0.04347,172.31.40.0-255,66,343957,64,389030
23219,0.045445,74.125.200.0-255,5738,349695,64,389030
23220,0.045459,172.31.40.0-255,66,349761,64,389030
23221,0.045612,104.244.42.0-255,66,349827,64,389030
23222,0.047418,74.125.200.0-255,5738,355565,64,389030
23223,0.04743,172.31.40.0-255,66,355631,64,389030
23224,0.049392,74.125.200.0-255,5738,361369,64,389030
23225,0.049408,172.31.40.0-255,66,361435,64,389030
23226,0.051372,74.125.200.0-255,5738,367173,64,389030
23227,0.051387,172.31.40.0-255,66,367239,64,389030
23228,0.053352,74.125.200.0-255,5738,372977,64,389030
23229,0.053367,172.31.40.0-255,66,373043,64,389030
23230,0.055342,74.125.200.0-255,5738,378781,64,389030
23231,0.055357,172.31.40.0-255,66,378847,64,389030
23232,0.05732,74.125.200.0-255,5738,384585,64,389030
23233,0.057328,172.31.40.0-255,66,384651,64,389030
23234,0.059295,74.125.200.0-255,3683,388334,64,389030
23235,0.059302,172.31.40.0-255,66,388400,64,389030
23236,0.059494,172.31.40.0-255,105,388505,64,389030
23237,0.065266,74.125.200.0-255,66,388571,64,389030
23238,0.093747,172.31.40.0-255,105,388676,64,389030
23239,0.093893,172.31.40.0-255,90,388766,64,389030
23240,0.093901,172.31.40.0-255,66,388832,64,389030
23241,0.096531,74.125.24.0-255,66,388898,64,389030
23242,0.096556,74.125.24.0-255,66,388964,64,389030
23243,0.096576,172.31.40.0-255,66,389030,64,389030
23244,0.0,74.125.68.0-255,153,153,64,338888
23245,1.5e-05,172.31.40.0-255,66,219,64,338888
23246,3.9e-05,74.125.68.0-255,1484,1703,64,338888
23247,4.4e-05,172.31.40.0-255,66,1769,64,338888
23248,4.8e-05,74.125.68.0-255,1484,3253,64,338888
23249,5.1e-05,172.31.40.0-255,66,3319,64,338888
23250,5.6e-05,74.125.68.0-255,2902,6221,64,338888
23251,5.9e-05,172.31.40.0-255,66,6287,64,338888
23252,8.8e-05,74.125.68.0-255,5738,12025,64,338888
23253,9e-05,172.31.40.0-255,66,12091,64,338888
23254,0.000111,74.125.68.0-255,1910,14001,64,338888
23255,0.000113,172.31.40.0-255,66,14067,64,338888
23256,0.000285,74.125.68.0-255,1484,15551,64,338888
23257,0.000291,172.31.40.0-255,66,15617,64,338888
23258,0.000295,74.125.68.0-255,1484,17101,64,338888
23259,0.000297,172.31.40.0-255,66,17167,64,338888
23260,0.000302,74.125.68.0-255,2902,20069,64,338888
23261,0.000304,172.31.40.0-255,66,20135,64,338888
23262,0.000331,74.125.68.0-255,4320,24455,64,338888
23263,0.000335,172.31.40.0-255,66,24521,64,338888
23264,0.000355,74.125.68.0-255,1484,26005,64,338888
23265,0.000357,172.31.40.0-255,66,26071,64,338888
23266,0.000363,74.125.68.0-255,4320,30391,64,338888
23267,0.000365,172.31.40.0-255,66,30457,64,338888
23268,0.000399,74.125.68.0-255,5379,35836,64,338888
23269,0.000402,172.31.40.0-255,66,35902,64,338888
23270,0.000419,74.125.68.0-255,2902,38804,64,338888
23271,0.000421,172.31.40.0-255,66,38870,64,338888
23272,0.000428,74.125.68.0-255,5738,44608,64,338888
23273,0.00043,172.31.40.0-255,66,44674,64,338888
23274,0.000453,74.125.68.0-255,3961,48635,64,338888
23275,0.000455,172.31.40.0-255,66,48701,64,338888
23276,0.000488,74.125.68.0-255,1484,50185,64,338888
23277,0.000495,74.125.68.0-255,2902,53087,64,338888
23278,0.000497,172.31.40.0-255,66,53153,64,338888
23279,0.000501,74.125.68.0-255,1484,54637,64,338888
23280,0.000516,74.125.68.0-255,2902,57539,64,338888
23281,0.000519,172.31.40.0-255,66,57605,64,338888
23282,0.000539,74.125.68.0-255,1484,59089,64,338888
23283,0.000563,74.125.68.0-255,4320,63409,64,338888
23284,0.000566,172.31.40.0-255,66,63475,64,338888
23285,0.00057,74.125.68.0-255,2543,66018,64,338888
23286,0.000573,172.31.40.0-255,66,66084,64,338888
23287,0.001046,74.125.68.0-255,413,66497,64,338888
23288,0.001081,74.125.68.0-255,330,66827,64,338888
23289,0.001141,172.31.40.0-255,66,66893,64,338888
23290,0.002039,74.125.68.0-255,1484,68377,64,338888
23291,0.002052,74.125.68.0-255,2902,71279,64,338888
23292,0.002057,172.31.40.0-255,66,71345,64,338888
23293,0.002065,74.125.68.0-255,4320,75665,64,338888
23294,0.002067,172.31.40.0-255,66,75731,64,338888
23295,0.002071,74.125.68.0-255,1484,77215,64,338888
23296,0.002092,74.125.68.0-255,4320,81535,64,338888
23297,0.002095,172.31.40.0-255,66,81601,64,338888
23298,0.002137,172.31.40.0-255,66,81667,64,338888
23299,0.002144,74.125.68.0-255,5738,87405,64,338888
23300,0.002146,172.31.40.0-255,66,87471,64,338888
23301,0.002167,74.125.68.0-255,2184,89655,64,338888
23302,0.002169,172.31.40.0-255,66,89721,64,338888
23303,0.00438,74.125.68.0-255,2902,92623,64,338888
23304,0.004388,172.31.40.0-255,66,92689,64,338888
23305,0.004411,74.125.68.0-255,2902,95591,64,338888
23306,0.004414,172.31.40.0-255,66,95657,64,338888
23307,0.006644,74.125.68.0-255,5738,101395,64,338888
23308,0.006655,172.31.40.0-255,66,101461,64,338888
23309,0.008911,74.125.68.0-255,5738,107199,64,338888
23310,0.008921,172.31.40.0-255,66,107265,64,338888
23311,0.011181,74.125.68.0-255,5738,113003,64,338888
23312,0.011194,172.31.40.0-255,66,113069,64,338888
23313,0.01346,74.125.68.0-255,5738,118807,64,338888
23314,0.013478,172.31.40.0-255,66,118873,64,338888
23315,0.015754,74.125.68.0-255,5738,124611,64,338888
23316,0.015765,172.31.40.0-255,66,124677,64,338888
23317,0.018035,74.125.68.0-255,5738,130415,64,338888
23318,0.018058,172.31.40.0-255,66,130481,64,338888
23319,0.02033,74.125.68.0-255,5738,136219,64,338888
23320,0.02035,172.31.40.0-255,66,136285,64,338888
23321,0.022614,74.125.68.0-255,5738,142023,64,338888
23322,0.022632,172.31.40.0-255,66,142089,64,338888
23323,0.024908,74.125.68.0-255,5738,147827,64,338888
23324,0.024923,172.31.40.0-255,66,147893,64,338888
23325,0.027182,74.125.68.0-255,5738,153631,64,338888
23326,0.027199,172.31.40.0-255,66,153697,64,338888
23327,0.029387,172.31.40.0-255,167,153864,64,338888
23328,0.029422,172.31.40.0-255,1111,154975,64,338888
23329,0.029455,74.125.68.0-255,5738,160713,64,338888
23330,0.029462,172.31.40.0-255,66,160779,64,338888
23331,0.029592,172.31.40.0-255,1514,162293,64,338888
23332,0.029594,172.31.40.0-255,1514,163807,64,338888
23333,0.029619,172.31.40.0-255,697,164504,64,338888
23334,0.030951,104.244.42.0-255,66,164570,64,338888
23335,0.030993,104.244.42.0-255,66,164636,64,338888
23336,0.031172,104.244.42.0-255,66,164702,64,338888
23337,0.031179,104.244.42.0-255,66,164768,64,338888
23338,0.031732,74.125.68.0-255,5738,170506,64,338888
23339,0.03174,172.31.40.0-255,66,170572,64,338888
23340,0.034008,74.125.68.0-255,5738,176310,64,338888
23341,0.034017,172.31.40.0-255,66,176376,64,338888
23342,0.036267,74.125.68.0-255,5738,182114,64,338888
23343,0.036276,172.31.40.0-255,66,182180,64,338888
23344,0.038533,74.125.68.0-255,5738,187918,64,338888
23345,0.038541,172.31.40.0-255,66,187984,64,338888
23346,0.040797,74.125.68.0-255,5738,193722,64,338888
23347,0.040805,172.31.40.0-255,66,193788,64,338888
23348,0.043059,74.125.68.0-255,5738,199526,64,338888
23349,0.043065,172.31.40.0-255,66,199592,64,338888
23350,0.045317,74.125.68.0-255,5738,205330,64,338888
23351,0.045323,172.31.40.0-255,66,205396,64,338888
23352,0.047572,74.125.68.0-255,5738,211134,64,338888
23353,0.04758,172.31.40.0-255,66,211200,64,338888
23354,0.049827,74.125.68.0-255,5738,216938,64,338888
23355,0.049833,172.31.40.0-255,66,217004,64,338888
23356,0.052095,74.125.68.0-255,5738,222742,64,338888
23357,0.052101,172.31.40.0-255,66,222808,64,338888
23358,0.054365,74.125.68.0-255,5738,228546,64,338888
23359,0.054372,172.31.40.0-255,66,228612,64,338888
23360,0.056631,74.125.68.0-255,5738,234350,64,338888
23361,0.056639,172.31.40.0-255,66,234416,64,338888
23362,0.058904,74.125.68.0-255,5738,240154,64,338888
23363,0.058916,172.31.40.0-255,66,240220,64,338888
23364,0.061178,74.125.68.0-255,5738,245958,64,338888
23365,0.061197,172.31.40.0-255,66,246024,64,338888
23366,0.063463,74.125.68.0-255,5738,251762,64,338888
23367,0.063483,172.31.40.0-255,66,251828,64,338888
23368,0.065786,74.125.68.0-255,5738,257566,64,338888
23369,0.065802,172.31.40.0-255,66,257632,64,338888
23370,0.068067,74.125.68.0-255,5738,263370,64,338888
23371,0.068083,172.31.40.0-255,66,263436,64,338888
23372,0.07036,74.125.68.0-255,5738,269174,64,338888
23373,0.070379,172.31.40.0-255,66,269240,64,338888
23374,0.072652,74.125.68.0-255,5738,274978,64,338888
23375,0.072671,172.31.40.0-255,66,275044,64,338888
23376,0.074934,74.125.68.0-255,5738,280782,64,338888
23377,0.074952,172.31.40.0-255,66,280848,64,338888
23378,0.077223,74.125.68.0-255,5738,286586,64,338888
23379,0.077241,172.31.40.0-255,66,286652,64,338888
23380,0.079519,74.125.68.0-255,5738,292390,64,338888
23381,0.079539,172.31.40.0-255,66,292456,64,338888
23382,0.081809,74.125.68.0-255,5738,298194,64,338888
23383,0.081827,172.31.40.0-255,66,298260,64,338888
23384,0.084081,74.125.68.0-255,5738,303998,64,338888
23385,0.084099,172.31.40.0-255,66,304064,64,338888
23386,0.086357,74.125.68.0-255,5738,309802,64,338888
23387,0.086373,172.31.40.0-255,66,309868,64,338888
23388,0.08864,74.125.68.0-255,5738,315606,64,338888
23389,0.088656,172.31.40.0-255,66,315672,64,338888
23390,0.090928,74.125.68.0-255,5738,321410,64,338888
23391,0.090946,172.31.40.0-255,66,321476,64,338888
23392,0.09322,74.125.68.0-255,5738,327214,64,338888
23393,0.093239,172.31.40.0-255,66,327280,64,338888
23394,0.095541,74.125.68.0-255,5738,333018,64,338888
23395,0.095563,172.31.40.0-255,66,333084,64,338888
23396,0.097892,74.125.68.0-255,5738,338822,64,338888
23397,0.097911,172.31.40.0-255,66,338888,64,338888
23398,0.0,74.125.200.0-255,146,146,64,320457
23399,1.5e-05,172.31.40.0-255,66,212,64,320457
23400,4.6e-05,74.125.200.0-255,1484,1696,64,320457
23401,5.2e-05,172.31.40.0-255,66,1762,64,320457
23402,5.8e-05,74.125.200.0-255,2902,4664,64,320457
23403,6.1e-05,172.31.40.0-255,66,4730,64,320457
23404,9.1e-05,74.125.200.0-255,7156,11886,64,320457
23405,9.4e-05,172.31.40.0-255,66,11952,64,320457
23406,0.000125,74.125.200.0-255,2065,14017,64,320457
23407,0.000128,172.31.40.0-255,66,14083,64,320457
23408,0.000167,74.125.200.0-255,2902,16985,64,320457
23409,0.000171,172.31.40.0-255,66,17051,64,320457
23410,0.000198,74.125.200.0-255,4320,21371,64,320457
23411,0.000201,172.31.40.0-255,66,21437,64,320457
23412,0.000234,172.31.40.0-255,66,21503,64,320457
23413,0.000237,74.125.200.0-255,1125,22628,64,320457
23414,0.000239,172.31.40.0-255,66,22694,64,320457
23415,0.000357,74.125.200.0-255,1484,24178,64,320457
23416,0.000362,172.31.40.0-255,66,24244,64,320457
23417,0.000367,74.125.200.0-255,2902,27146,64,320457
23418,0.000369,172.31.40.0-255,66,27212,64,320457
23419,0.000392,74.125.200.0-255,4320,31532,64,320457
23420,0.000395,172.31.40.0-255,66,31598,64,320457
23421,0.000401,74.125.200.0-255,5738,37336,64,320457
23422,0.000404,172.31.40.0-255,66,37402,64,320457
23423,0.000447,74.125.200.0-255,7156,44558,64,320457
23424,0.000449,172.31.40.0-255,66,44624,64,320457
23425,0.00048,74.125.200.0-255,5379,50003,64,320457
23426,0.000483,172.31.40.0-255,66,50069,64,320457
23427,0.000516,74.125.200.0-255,4320,54389,64,320457
23428,0.000518,172.31.40.0-255,66,54455,64,320457
23429,0.000536,74.125.200.0-255,2817,57272,64,320457
23430,0.000539,172.31.40.0-255,66,57338,64,320457
23431,0.000541,74.125.200.0-255,131,57469,64,320457
23432,0.000606,74.125.200.0-255,1484,58953,64,320457
23433,0.000609,172.31.40.0-255,66,59019,64,320457
23434,0.000635,74.125.200.0-255,2902,61921,64,320457
23435,0.000638,172.31.40.0-255,66,61987,64,320457
23436,0.00064,74.125.200.0-255,1484,63471,64,320457
23437,0.000643,74.125.200.0-255,1484,64955,64,320457
23438,0.000644,172.31.40.0-255,66,65021,64,320457
23439,0.000672,74.125.200.0-255,1484,66505,64,320457
23440,0.000678,74.125.200.0-255,5738,72243,64,320457
23441,0.00068,172.31.40.0-255,66,72309,64,320457
23442,0.000685,74.125.200.0-255,4320,76629,64,320457
23443,0.000687,172.31.40.0-255,66,76695,64,320457
23444,0.000708,74.125.200.0-255,4320,81015,64,320457
23445,0.00071,172.31.40.0-255,66,81081,64,320457
23446,0.000722,74.125.200.0-255,766,81847,64,320457
23447,0.000725,172.31.40.0-255,66,81913,64,320457
23448,0.000756,74.125.200.0-255,347,82260,64,320457
23449,0.000787,74.125.200.0-255,1484,83744,64,320457
23450,0.000789,172.31.40.0-255,66,83810,64,320457
23451,0.000802,74.125.200.0-255,4320,88130,64,320457
23452,0.000808,172.31.40.0-255,66,88196,64,320457
23453,0.000849,74.125.200.0-255,7156,95352,64,320457
23454,0.000852,172.31.40.0-255,66,95418,64,320457
23455,0.000878,74.125.200.0-255,5738,101156,64,320457
23456,0.00088,172.31.40.0-255,66,101222,64,320457
23457,0.000905,74.125.200.0-255,2902,104124,64,320457
23458,0.000908,172.31.40.0-255,66,104190,64,320457
23459,0.000913,74.125.200.0-255,4320,108510,64,320457
23460,0.000915,172.31.40.0-255,66,108576,64,320457
23461,0.000924,74.125.200.0-255,5738,114314,64,320457
23462,0.000926,172.31.40.0-255,66,114380,64,320457
23463,0.00093,74.125.200.0-255,2184,116564,64,320457
23464,0.000932,172.31.40.0-255,66,116630,64,320457
23465,0.001007,74.125.200.0-255,1484,118114,64,320457
23466,0.00101,74.125.200.0-255,1484,119598,64,320457
23467,0.001018,172.31.40.0-255,66,119664,64,320457
23468,0.001022,74.125.200.0-255,1484,121148,64,320457
23469,0.001046,74.125.200.0-255,5738,126886,64,320457
23470,0.001049,172.31.40.0-255,66,126952,64,320457
23471,0.001054,74.125.200.0-255,4320,131272,64,320457
23472,0.001056,172.31.40.0-255,66,131338,64,320457
23473,0.001078,74.125.200.0-255,2902,134240,64,320457
23474,0.001081,172.31.40.0-255,66,134306,64,320457
23475,0.001094,74.125.200.0-255,5738,140044,64,320457
23476,0.0011,172.31.40.0-255,66,140110,64,320457
23477,0.001119,74.125.200.0-255,7156,147266,64,320457
23478,0.001122,172.31.40.0-255,66,147332,64,320457
23479,0.001147,74.125.200.0-255,3602,150934,64,320457
23480,0.001149,172.31.40.0-255,66,151000,64,320457
23481,0.001192,74.125.200.0-255,1484,152484,64,320457
23482,0.00121,74.125.200.0-255,2902,155386,64,320457
23483,0.001213,172.31.40.0-255,66,155452,64,320457
23484,0.001216,74.125.200.0-255,1484,156936,64,320457
23485,0.001239,74.125.200.0-255,4320,161256,64,320457
23486,0.001242,172.31.40.0-255,66,161322,64,320457
23487,0.001247,74.125.200.0-255,5738,167060,64,320457
23488,0.001249,172.31.40.0-255,66,167126,64,320457
23489,0.001291,74.125.200.0-255,7156,174282,64,320457
23490,0.001294,172.31.40.0-255,66,174348,64,320457
23491,0.001301,74.125.200.0-255,7156,181504,64,320457
23492,0.001302,172.31.40.0-255,66,181570,64,320457
23493,0.001343,74.125.200.0-255,3602,185172,64,320457
23494,0.001346,172.31.40.0-255,66,185238,64,320457
23495,0.001448,74.125.200.0-255,1484,186722,64,320457
23496,0.001459,74.125.200.0-255,1484,188206,64,320457
23497,0.001462,172.31.40.0-255,66,188272,64,320457
23498,0.001484,74.125.200.0-255,1484,189756,64,320457
23499,0.001487,74.125.200.0-255,1484,191240,64,320457
23500,0.001489,172.31.40.0-255,66,191306,64,320457
23501,0.001502,74.125.200.0-255,4320,195626,64,320457
23502,0.001508,172.31.40.0-255,66,195692,64,320457
23503,0.001511,74.125.200.0-255,1484,197176,64,320457
23504,0.001515,74.125.200.0-255,2902,200078,64,320457
23505,0.001516,172.31.40.0-255,66,200144,64,320457
23506,0.00155,74.125.200.0-255,5738,205882,64,320457
23507,0.001553,172.31.40.0-255,66,205948,64,320457
23508,0.00156,74.125.200.0-255,7156,213104,64,320457
23509,0.001562,172.31.40.0-255,66,213170,64,320457
23510,0.001598,74.125.200.0-255,1484,214654,64,320457
23511,0.001615,74.125.200.0-255,5020,219674,64,320457
23512,0.001618,172.31.40.0-255,66,219740,64,320457
23513,0.001744,74.125.200.0-255,1484,221224,64,320457
23514,0.001749,74.125.200.0-255,2902,224126,64,320457
23515,0.001752,172.31.40.0-255,66,224192,64,320457
23516,0.001757,74.125.200.0-255,4320,228512,64,320457
23517,0.00176,172.31.40.0-255,66,228578,64,320457
23518,0.001823,172.31.40.0-255,66,228644,64,320457
23519,0.001829,74.125.200.0-255,7156,235800,64,320457
23520,0.001831,172.31.40.0-255,66,235866,64,320457
23521,0.00184,172.31.40.0-255,66,235932,64,320457
23522,0.001842,74.125.200.0-255,766,236698,64,320457
23523,0.001906,74.125.200.0-255,1484,238182,64,320457
23524,0.00191,172.31.40.0-255,66,238248,64,320457
23525,0.001927,74.125.200.0-255,2902,241150,64,320457
23526,0.001929,172.31.40.0-255,66,241216,64,320457
23527,0.001931,74.125.200.0-255,1484,242700,64,320457
23528,0.001957,74.125.200.0-255,4320,247020,64,320457
23529,0.001959,172.31.40.0-255,66,247086,64,320457
23530,0.001964,74.125.200.0-255,2902,249988,64,320457
23531,0.001965,172.31.40.0-255,66,250054,64,320457
23532,0.00197,74.125.200.0-255,4320,254374,64,320457
23533,0.001971,172.31.40.0-255,66,254440,64,320457
23534,0.001996,172.31.40.0-255,66,254506,64,320457
23535,0.002001,74.125.200.0-255,4320,258826,64,320457
23536,0.002003,172.31.40.0-255,66,258892,64,320457
23537,0.002031,74.125.200.0-255,3602,262494,64,320457
23538,0.002034,172.31.40.0-255,66,262560,64,320457
23539,0.002044,172.31.40.0-255,66,262626,64,320457
23540,0.002049,74.125.200.0-255,4320,266946,64,320457
23541,0.002061,172.31.40.0-255,66,267012,64,320457
23542,0.002073,74.125.200.0-255,1484,268496,64,320457
23543,0.002078,74.125.200.0-255,4320,272816,64,320457
23544,0.002084,172.31.40.0-255,66,272882,64,320457
23545,0.002106,74.125.200.0-255,2902,275784,64,320457
23546,0.002131,74.125.200.0-255,1484,277268,64,320457
23547,0.002136,172.31.40.0-255,66,277334,64,320457
23548,0.002161,74.125.200.0-255,4320,281654,64,320457
23549,0.002167,172.31.40.0-255,66,281720,64,320457
23550,0.002204,74.125.200.0-255,4320,286040,64,320457
23551,0.002211,172.31.40.0-255,66,286106,64,320457
23552,0.002237,74.125.200.0-255,5020,291126,64,320457
23553,0.002242,74.125.200.0-255,2902,294028,64,320457
23554,0.002246,172.31.40.0-255,66,294094,64,320457
23555,0.002265,74.125.200.0-255,7156,301250,64,320457
23556,0.002268,74.125.200.0-255,1484,302734,64,320457
23557,0.00228,172.31.40.0-255,66,302800,64,320457
23558,0.002298,74.125.200.0-255,4320,307120,64,320457
23559,0.002347,74.125.200.0-255,4320,311440,64,320457
23560,0.002367,74.125.200.0-255,4320,315760,64,320457
23561,0.010361,172.31.40.0-255,66,315826,64,320457
23562,0.012696,74.125.200.0-255,105,315931,64,320457
23563,0.01766,172.31.40.0-255,66,315997,64,320457
23564,0.017737,172.31.40.0-255,105,316102,64,320457
23565,0.020066,74.125.200.0-255,66,316168,64,320457
23566,0.053072,172.31.40.0-255,167,316335,64,320457
23567,0.053105,172.31.40.0-255,1112,317447,64,320457
23568,0.053173,172.31.40.0-255,1514,318961,64,320457
23569,0.053174,172.31.40.0-255,1298,320259,64,320457
23570,0.054626,104.244.42.0-255,66,320325,64,320457
23571,0.054711,104.244.42.0-255,66,320391,64,320457
23572,0.054714,104.244.42.0-255,66,320457,64,320457
23573,0.0,172.217.194.0-255,146,146,64,316954
23574,1.3e-05,172.31.40.0-255,66,212,64,316954
23575,2e-05,172.217.194.0-255,1484,1696,64,316954
23576,2.4e-05,172.31.40.0-255,66,1762,64,316954
23577,3e-05,172.217.194.0-255,2902,4664,64,316954
23578,4e-05,172.31.40.0-255,66,4730,64,316954
23579,4.6e-05,172.217.194.0-255,4320,9050,64,316954
23580,4.9e-05,172.31.40.0-255,66,9116,64,316954
23581,0.000105,172.31.40.0-255,66,9182,64,316954
23582,0.000117,172.31.40.0-255,66,9248,64,316954
23583,0.000246,172.217.194.0-255,1484,10732,64,316954
23584,0.000251,172.31.40.0-255,66,10798,64,316954
23585,0.000257,172.217.194.0-255,2902,13700,64,316954
23586,0.000259,172.31.40.0-255,66,13766,64,316954
23587,0.00027,172.217.194.0-255,5738,19504,64,316954
23588,0.000273,172.31.40.0-255,66,19570,64,316954
23589,0.000276,172.217.194.0-255,1484,21054,64,316954
23590,0.000278,172.31.40.0-255,66,21120,64,316954
23591,0.000302,172.217.194.0-255,2902,24022,64,316954
23592,0.000309,172.31.40.0-255,66,24088,64,316954
23593,0.000338,172.217.194.0-255,2543,26631,64,316954
23594,0.000341,172.31.40.0-255,66,26697,64,316954
23595,0.000384,172.217.194.0-255,1484,28181,64,316954
23596,0.000387,172.31.40.0-255,66,28247,64,316954
23597,0.00039,172.217.194.0-255,1484,29731,64,316954
23598,0.000393,172.31.40.0-255,66,29797,64,316954
23599,0.000415,172.217.194.0-255,1484,31281,64,316954
23600,0.000422,172.31.40.0-255,66,31347,64,316954
23601,0.000428,172.217.194.0-255,5738,37085,64,316954
23602,0.000431,172.31.40.0-255,66,37151,64,316954
23603,0.000459,172.217.194.0-255,6797,43948,64,316954
23604,0.000467,172.31.40.0-255,66,44014,64,316954
23605,0.000635,172.217.194.0-255,364,44378,64,316954
23606,0.000639,172.31.40.0-255,66,44444,64,316954
23607,0.000809,172.217.194.0-255,378,44822,64,316954
23608,0.000812,172.31.40.0-255,66,44888,64,316954
23609,0.001047,172.217.194.0-255,1484,46372,64,316954
23610,0.001051,172.31.40.0-255,66,46438,64,316954
23611,0.001054,172.217.194.0-255,1484,47922,64,316954
23612,0.001055,172.31.40.0-255,66,47988,64,316954
23613,0.001075,172.217.194.0-255,1484,49472,64,316954
23614,0.001078,172.31.40.0-255,66,49538,64,316954
23615,0.001102,172.217.194.0-255,5738,55276,64,316954
23616,0.001105,172.31.40.0-255,66,55342,64,316954
23617,0.001115,172.217.194.0-255,6797,62139,64,316954
23618,0.001117,172.31.40.0-255,66,62205,64,316954
23619,0.001137,172.217.194.0-255,2902,65107,64,316954
23620,0.001139,172.31.40.0-255,66,65173,64,316954
23621,0.001163,172.217.194.0-255,4320,69493,64,316954
23622,0.001165,172.31.40.0-255,66,69559,64,316954
23623,0.001178,172.31.40.0-255,66,69625,64,316954
23624,0.001435,172.217.194.0-255,1484,71109,64,316954
23625,0.001438,172.31.40.0-255,66,71175,64,316954
23626,0.001443,172.217.194.0-255,2902,74077,64,316954
23627,0.001445,172.31.40.0-255,66,74143,64,316954
23628,0.001472,172.217.194.0-255,5738,79881,64,316954
23629,0.001474,172.31.40.0-255,66,79947,64,316954
23630,0.001478,172.217.194.0-255,2902,82849,64,316954
23631,0.00148,172.31.40.0-255,66,82915,64,316954
23632,0.001531,172.31.40.0-255,66,82981,64,316954
23633,0.001534,172.31.40.0-255,66,83047,64,316954
23634,0.001554,172.217.194.0-255,2184,85231,64,316954
23635,0.001556,172.31.40.0-255,66,85297,64,316954
23636,0.001561,172.217.194.0-255,4320,89617,64,316954
23637,0.001563,172.31.40.0-255,66,89683,64,316954
23638,0.001587,172.217.194.0-255,7156,96839,64,316954
23639,0.001648,172.31.40.0-255,66,96905,64,316954
23640,0.001748,172.217.194.0-255,1484,98389,64,316954
23641,0.001755,172.217.194.0-255,2902,101291,64,316954
23642,0.001772,172.31.40.0-255,66,101357,64,316954
23643,0.001779,172.217.194.0-255,5738,107095,64,316954
23644,0.001785,172.31.40.0-255,66,107161,64,316954
23645,0.001824,172.217.194.0-255,2902,110063,64,316954
23646,0.001845,172.217.194.0-255,4320,114383,64,316954
23647,0.001852,172.31.40.0-255,66,114449,64,316954
23648,0.001862,172.217.194.0-255,3602,118051,64,316954
23649,0.001867,172.31.40.0-255,66,118117,64,316954
23650,0.002172,172.217.194.0-255,1484,119601,64,316954
23651,0.002185,172.217.194.0-255,2902,122503,64,316954
23652,0.002189,172.31.40.0-255,66,122569,64,316954
23653,0.002194,172.217.194.0-255,2902,125471,64,316954
23654,0.002218,172.217.194.0-255,2902,128373,64,316954
23655,0.002244,172.31.40.0-255,66,128439,64,316954
23656,0.002271,172.217.194.0-255,5738,134177,64,316954
23657,0.002277,172.31.40.0-255,66,134243,64,316954
23658,0.002331,172.31.40.0-255,66,134309,64,316954
23659,0.004618,172.217.194.0-255,5738,140047,64,316954
23660,0.004625,172.31.40.0-255,66,140113,64,316954
23661,0.006869,172.217.194.0-255,1484,141597,64,316954
23662,0.006872,172.31.40.0-255,66,141663,64,316954
23663,0.006903,172.217.194.0-255,4320,145983,64,316954
23664,0.007841,172.31.40.0-255,66,146049,64,316954
23665,0.009116,172.217.194.0-255,1484,147533,64,316954
23666,0.009122,172.31.40.0-255,66,147599,64,316954
23667,0.010113,172.217.194.0-255,4320,151919,64,316954
23668,0.010119,172.31.40.0-255,66,151985,64,316954
23669,0.011362,172.217.194.0-255,1484,153469,64,316954
23670,0.012368,172.217.194.0-255,4320,157789,64,316954
23671,0.014401,172.31.40.0-255,66,157855,64,316954
23672,0.016676,172.217.194.0-255,5738,163593,64,316954
23673,0.016688,172.31.40.0-255,66,163659,64,316954
23674,0.018968,172.217.194.0-255,5738,169397,64,316954
23675,0.018975,172.31.40.0-255,66,169463,64,316954
23676,0.021253,172.217.194.0-255,5738,175201,64,316954
23677,0.021261,172.31.40.0-255,66,175267,64,316954
23678,0.023504,172.217.194.0-255,5738,181005,64,316954
23679,0.023511,172.31.40.0-255,66,181071,64,316954
23680,0.025768,172.217.194.0-255,5738,186809,64,316954
23681,0.025774,172.31.40.0-255,66,186875,64,316954
23682,0.028044,172.217.194.0-255,5738,192613,64,316954
23683,0.028048,172.31.40.0-255,66,192679,64,316954
23684,0.028927,172.31.40.0-255,172,192851,64,316954
23685,0.028954,172.31.40.0-255,1111,193962,64,316954
23686,0.029003,172.31.40.0-255,1514,195476,64,316954
23687,0.029004,172.31.40.0-255,1297,196773,64,316954
23688,0.030317,172.217.194.0-255,5738,202511,64,316954
23689,0.030323,172.31.40.0-255,66,202577,64,316954
23690,0.030481,104.244.42.0-255,66,202643,64,316954
23691,0.030538,104.244.42.0-255,66,202709,64,316954
23692,0.030584,104.244.42.0-255,66,202775,64,316954
23693,0.032615,172.217.194.0-255,5738,208513,64,316954
23694,0.032622,172.31.40.0-255,66,208579,64,316954
23695,0.034893,172.217.194.0-255,5738,214317,64,316954
23696,0.034899,172.31.40.0-255,66,214383,64,316954
23697,0.037184,172.217.194.0-255,5738,220121,64,316954
23698,0.03719,172.31.40.0-255,66,220187,64,316954
23699,0.039476,172.217.194.0-255,5738,225925,64,316954
23700,0.039482,172.31.40.0-255,66,225991,64,316954
23701,0.041771,172.217.194.0-255,5738,231729,64,316954
23702,0.041778,172.31.40.0-255,66,231795,64,316954
23703,0.044031,172.217.194.0-255,5738,237533,64,316954
23704,0.044038,172.31.40.0-255,66,237599,64,316954
23705,0.046315,172.217.194.0-255,5738,243337,64,316954
23706,0.046322,172.31.40.0-255,66,243403,64,316954
23707,0.048632,172.217.194.0-255,5738,249141,64,316954
23708,0.048641,172.31.40.0-255,66,249207,64,316954
23709,0.050907,172.217.194.0-255,5738,254945,64,316954
23710,0.050912,172.31.40.0-255,66,255011,64,316954
23711,0.053181,172.217.194.0-255,5738,260749,64,316954
23712,0.053187,172.31.40.0-255,66,260815,64,316954
23713,0.055473,172.217.194.0-255,5738,266553,64,316954
23714,0.055479,172.31.40.0-255,66,266619,64,316954
23715,0.057741,172.217.194.0-255,5738,272357,64,316954
23716,0.057746,172.31.40.0-255,66,272423,64,316954
23717,0.060034,172.217.194.0-255,5738,278161,64,316954
23718,0.060041,172.31.40.0-255,66,278227,64,316954
23719,0.06233,172.217.194.0-255,5738,283965,64,316954
23720,0.062337,172.31.40.0-255,66,284031,64,316954
23721,0.064614,172.217.194.0-255,5738,289769,64,316954
23722,0.064619,172.31.40.0-255,66,289835,64,316954
23723,0.066905,172.217.194.0-255,5738,295573,64,316954
23724,0.066911,172.31.40.0-255,66,295639,64,316954
23725,0.069172,172.217.194.0-255,5738,301377,64,316954
23726,0.071502,172.31.40.0-255,66,301443,64,316954
23727,0.073758,172.217.194.0-255,5738,307181,64,316954
23728,0.073766,172.31.40.0-255,66,307247,64,316954
23729,0.07603,172.217.194.0-255,5738,312985,64,316954
23730,0.076037,172.31.40.0-255,66,313051,64,316954
23731,0.078307,172.217.194.0-255,3666,316717,64,316954
23732,0.078313,172.31.40.0-255,66,316783,64,316954
23733,0.078485,172.31.40.0-255,105,316888,64,316954
23734,0.08071,172.217.194.0-255,66,316954,64,316954
23735,0.0,172.217.194.0-255,150,150,64,313763
23736,2.4e-05,172.31.40.0-255,66,216,64,313763
23737,3.1e-05,172.217.194.0-255,1484,1700,64,313763
23738,3.6e-05,172.31.40.0-255,66,1766,64,313763
23739,5e-05,172.217.194.0-255,2902,4668,64,313763
23740,5.4e-05,172.31.40.0-255,66,4734,64,313763
23741,7.5e-05,172.217.194.0-255,7156,11890,64,313763
23742,7.8e-05,172.31.40.0-255,66,11956,64,313763
23743,9.1e-05,172.31.40.0-255,66,12022,64,313763
23744,0.000137,172.31.40.0-255,66,12088,64,313763
23745,0.000144,172.217.194.0-255,7156,19244,64,313763
23746,0.000146,172.31.40.0-255,66,19310,64,313763
23747,0.000171,172.217.194.0-255,5738,25048,64,313763
23748,0.000174,172.31.40.0-255,66,25114,64,313763
23749,0.000177,172.217.194.0-255,1125,26239,64,313763
23750,0.000178,172.31.40.0-255,66,26305,64,313763
23751,0.000748,172.217.194.0-255,1484,27789,64,313763
23752,0.000754,172.31.40.0-255,66,27855,64,313763
23753,0.000761,172.217.194.0-255,2902,30757,64,313763
23754,0.000763,172.31.40.0-255,66,30823,64,313763
23755,0.000773,172.217.194.0-255,2902,33725,64,313763
23756,0.000775,172.31.40.0-255,66,33791,64,313763
23757,0.000802,172.217.194.0-255,2902,36693,64,313763
23758,0.000809,172.31.40.0-255,66,36759,64,313763
23759,0.000815,172.217.194.0-255,4320,41079,64,313763
23760,0.000817,172.31.40.0-255,66,41145,64,313763
23761,0.000848,172.217.194.0-255,2543,43688,64,313763
23762,0.000851,172.31.40.0-255,66,43754,64,313763
23763,0.001878,172.217.194.0-255,645,44399,64,313763
23764,0.001885,172.31.40.0-255,66,44465,64,313763
23765,0.002911,172.217.194.0-255,1484,45949,64,313763
23766,0.002934,172.217.194.0-255,2902,48851,64,313763
23767,0.002939,172.31.40.0-255,66,48917,64,313763
23768,0.003964,172.217.194.0-255,1484,50401,64,313763
23769,0.005048,172.217.194.0-255,4320,54721,64,313763
23770,0.005054,172.31.40.0-255,66,54787,64,313763
23771,0.007132,172.217.194.0-255,2902,57689,64,313763
23772,0.007136,172.31.40.0-255,66,57755,64,313763
23773,0.007182,172.217.194.0-255,2902,60657,64,313763
23774,0.007185,172.31.40.0-255,66,60723,64,313763
23775,0.009319,172.217.194.0-255,2902,63625,64,313763
23776,0.009328,172.31.40.0-255,66,63691,64,313763
23777,0.00936,172.217.194.0-255,2902,66593,64,313763
23778,0.009363,172.31.40.0-255,66,66659,64,313763
23779,0.011399,172.217.194.0-255,2902,69561,64,313763
23780,0.011407,172.31.40.0-255,66,69627,64,313763
23781,0.011435,172.217.194.0-255,2902,72529,64,313763
23782,0.011438,172.31.40.0-255,66,72595,64,313763
23783,0.013501,172.217.194.0-255,2902,75497,64,313763
23784,0.013509,172.31.40.0-255,66,75563,64,313763
23785,0.013536,172.217.194.0-255,2902,78465,64,313763
23786,0.013538,172.31.40.0-255,66,78531,64,313763
23787,0.015613,172.217.194.0-255,2902,81433,64,313763
23788,0.015622,172.31.40.0-255,66,81499,64,313763
23789,0.015652,172.217.194.0-255,2902,84401,64,313763
23790,0.015655,172.31.40.0-255,66,84467,64,313763
23791,0.017731,172.217.194.0-255,5738,90205,64,313763
23792,0.017742,172.31.40.0-255,66,90271,64,313763
23793,0.019835,172.217.194.0-255,5738,96009,64,313763
23794,0.019846,172.31.40.0-255,66,96075,64,313763
23795,0.021954,172.217.194.0-255,5738,101813,64,313763
23796,0.021964,172.31.40.0-255,66,101879,64,313763
23797,0.024085,172.217.194.0-255,5738,107617,64,313763
23798,0.024096,172.31.40.0-255,66,107683,64,313763
23799,0.025886,172.31.40.0-255,172,107855,64,313763
23800,0.02592,172.31.40.0-255,1111,108966,64,313763
23801,0.025977,172.31.40.0-255,1514,110480,64,313763
23802,0.025979,172.31.40.0-255,1297,111777,64,313763
23803,0.026185,172.217.194.0-255,5738,117515,64,313763
23804,0.026192,172.31.40.0-255,66,117581,64,313763
23805,0.027429,104.244.42.0-255,66,117647,64,313763
23806,0.027471,104.244.42.0-255,66,117713,64,313763
23807,0.027515,104.244.42.0-255,66,117779,64,313763
23808,0.028305,172.217.194.0-255,5738,123517,64,313763
23809,0.028312,172.31.40.0-255,66,123583,64,313763
23810,0.030433,172.217.194.0-255,5738,129321,64,313763
23811,0.030439,172.31.40.0-255,66,129387,64,313763
23812,0.032511,172.217.194.0-255,5738,135125,64,313763
23813,0.032519,172.31.40.0-255,66,135191,64,313763
23814,0.034623,172.217.194.0-255,5738,140929,64,313763
23815,0.034632,172.31.40.0-255,66,140995,64,313763
23816,0.036751,172.217.194.0-255,5738,146733,64,313763
23817,0.036758,172.31.40.0-255,66,146799,64,313763
23818,0.038892,172.217.194.0-255,5738,152537,64,313763
23819,0.0389,172.31.40.0-255,66,152603,64,313763
23820,0.040993,172.217.194.0-255,5738,158341,64,313763
23821,0.041,172.31.40.0-255,66,158407,64,313763
23822,0.043099,172.217.194.0-255,5738,164145,64,313763
23823,0.043107,172.31.40.0-255,66,164211,64,313763
23824,0.045212,172.217.194.0-255,5738,169949,64,313763
23825,0.04522,172.31.40.0-255,66,170015,64,313763
23826,0.047305,172.217.194.0-255,5738,175753,64,313763
23827,0.047312,172.31.40.0-255,66,175819,64,313763
23828,0.049407,172.217.194.0-255,5738,181557,64,313763
23829,0.049414,172.31.40.0-255,66,181623,64,313763
23830,0.051501,172.217.194.0-255,5738,187361,64,313763
23831,0.051508,172.31.40.0-255,66,187427,64,313763
23832,0.05361,172.217.194.0-255,5738,193165,64,313763
23833,0.053617,172.31.40.0-255,66,193231,64,313763
23834,0.055787,172.217.194.0-255,5738,198969,64,313763
23835,0.055794,172.31.40.0-255,66,199035,64,313763
23836,0.057905,172.217.194.0-255,5738,204773,64,313763
23837,0.057912,172.31.40.0-255,66,204839,64,313763
23838,0.060034,172.217.194.0-255,5738,210577,64,313763
23839,0.060042,172.31.40.0-255,66,210643,64,313763
23840,0.062162,172.217.194.0-255,5738,216381,64,313763
23841,0.062169,172.31.40.0-255,66,216447,64,313763
23842,0.064299,172.217.194.0-255,5738,222185,64,313763
23843,0.064306,172.31.40.0-255,66,222251,64,313763
23844,0.066391,172.217.194.0-255,5738,227989,64,313763
23845,0.066398,172.31.40.0-255,66,228055,64,313763
23846,0.0685,172.217.194.0-255,5738,233793,64,313763
23847,0.068508,172.31.40.0-255,66,233859,64,313763
23848,0.07064,172.217.194.0-255,5738,239597,64,313763
23849,0.070647,172.31.40.0-255,66,239663,64,313763
23850,0.072756,172.217.194.0-255,5738,245401,64,313763
23851,0.072761,172.31.40.0-255,66,245467,64,313763
23852,0.074851,172.217.194.0-255,5738,251205,64,313763
23853,0.074857,172.31.40.0-255,66,251271,64,313763
23854,0.076941,172.217.194.0-255,5738,257009,64,313763
23855,0.076948,172.31.40.0-255,66,257075,64,313763
23856,0.079081,172.217.194.0-255,5738,262813,64,313763
23857,0.079088,172.31.40.0-255,66,262879,64,313763
23858,0.081179,172.217.194.0-255,5738,268617,64,313763
23859,0.081185,172.31.40.0-255,66,268683,64,313763
23860,0.083288,172.217.194.0-255,5738,274421,64,313763
23861,0.083294,172.31.40.0-255,66,274487,64,313763
23862,0.085389,172.217.194.0-255,5738,280225,64,313763
23863,0.085397,172.31.40.0-255,66,280291,64,313763
23864,0.087494,172.217.194.0-255,4320,284611,64,313763
23865,0.087501,172.31.40.0-255,66,284677,64,313763
23866,0.087527,172.217.194.0-255,1484,286161,64,313763
23867,0.089596,172.217.194.0-255,4320,290481,64,313763
23868,0.089603,172.31.40.0-255,66,290547,64,313763
23869,0.091687,172.217.194.0-255,5738,296285,64,313763
23870,0.091692,172.31.40.0-255,66,296351,64,313763
23871,0.093804,172.217.194.0-255,5738,302089,64,313763
23872,0.09381,172.31.40.0-255,66,302155,64,313763
23873,0.095926,172.217.194.0-255,5738,307893,64,313763
23874,0.095932,172.31.40.0-255,66,307959,64,313763
23875,0.098025,172.217.194.0-255,5738,313697,64,313763
23876,0.098032,172.31.40.0-255,66,313763,64,313763
23877,0.0,172.217.194.0-255,148,148,64,229910
23878,2.2e-05,172.31.40.0-255,66,214,64,229910
23879,2.9e-05,172.217.194.0-255,1484,1698,64,229910
23880,3.3e-05,172.31.40.0-255,66,1764,64,229910
23881,4.7e-05,172.217.194.0-255,2902,4666,64,229910
23882,5.1e-05,172.31.40.0-255,66,4732,64,229910
23883,5.9e-05,172.217.194.0-255,7156,11888,64,229910
23884,6.3e-05,172.31.40.0-255,66,11954,64,229910
23885,0.000121,172.31.40.0-255,66,12020,64,229910
23886,0.000125,172.217.194.0-255,2543,14563,64,229910
23887,0.000128,172.31.40.0-255,66,14629,64,229910
23888,0.000165,172.217.194.0-255,1484,16113,64,229910
23889,0.000168,172.31.40.0-255,66,16179,64,229910
23890,0.000173,172.217.194.0-255,2902,19081,64,229910
23891,0.000176,172.31.40.0-255,66,19147,64,229910
23892,0.000186,172.217.194.0-255,5738,24885,64,229910
23893,0.000189,172.31.40.0-255,66,24951,64,229910
23894,0.000196,172.217.194.0-255,6797,31748,64,229910
23895,0.000199,172.31.40.0-255,66,31814,64,229910
23896,0.000206,172.217.194.0-255,5738,37552,64,229910
23897,0.000209,172.31.40.0-255,66,37618,64,229910
23898,0.000257,172.31.40.0-255,66,37684,64,229910
23899,0.000262,172.217.194.0-255,2831,40515,64,229910
23900,0.000264,172.31.40.0-255,66,40581,64,229910
23901,0.000267,172.217.194.0-255,367,40948,64,229910
23902,0.000269,172.31.40.0-255,66,41014,64,229910
23903,0.000301,172.217.194.0-255,1484,42498,64,229910
23904,0.000303,172.31.40.0-255,66,42564,64,229910
23905,0.000309,172.217.194.0-255,4320,46884,64,229910
23906,0.000311,172.31.40.0-255,66,46950,64,229910
23907,0.000354,172.217.194.0-255,5738,52688,64,229910
23908,0.000359,172.31.40.0-255,66,52754,64,229910
23909,0.000383,172.217.194.0-255,5379,58133,64,229910
23910,0.00039,172.217.194.0-255,6248,64381,64,229910
23911,0.000424,172.217.194.0-255,4320,68701,64,229910
23912,0.000437,172.217.194.0-255,2902,71603,64,229910
23913,0.000442,172.217.194.0-255,4320,75923,64,229910
23914,0.000462,172.217.194.0-255,4320,80243,64,229910
23915,0.000482,172.217.194.0-255,2902,83145,64,229910
23916,0.000497,172.217.194.0-255,5738,88883,64,229910
23917,0.000516,172.217.194.0-255,4320,93203,64,229910
23918,0.000539,172.217.194.0-255,4320,97523,64,229910
23919,0.000541,172.217.194.0-255,766,98289,64,229910
23920,0.000561,172.217.194.0-255,4320,102609,64,229910
23921,0.000566,172.217.194.0-255,5738,108347,64,229910
23922,0.000596,172.217.194.0-255,6797,115144,64,229910
23923,0.000689,172.217.194.0-255,1484,116628,64,229910
23924,0.000694,172.217.194.0-255,2902,119530,64,229910
23925,0.000721,172.217.194.0-255,5738,125268,64,229910
23926,0.000727,172.31.40.0-255,66,125334,64,229910
23927,0.000746,172.217.194.0-255,7156,132490,64,229910
23928,0.00075,172.31.40.0-255,66,132556,64,229910
23929,0.000763,172.217.194.0-255,5738,138294,64,229910
23930,0.000818,172.217.194.0-255,6438,144732,64,229910
23931,0.000825,172.217.194.0-255,7156,151888,64,229910
23932,0.000871,172.31.40.0-255,66,151954,64,229910
23933,0.000877,172.31.40.0-255,66,152020,64,229910
23934,0.000913,172.217.194.0-255,1484,153504,64,229910
23935,0.000958,172.217.194.0-255,1484,154988,64,229910
23936,0.000964,172.31.40.0-255,66,155054,64,229910
23937,0.000974,172.217.194.0-255,2902,157956,64,229910
23938,0.00099,172.31.40.0-255,66,158022,64,229910
23939,0.000996,172.217.194.0-255,5738,163760,64,229910
23940,0.000999,172.217.194.0-255,1484,165244,64,229910
23941,0.001059,172.217.194.0-255,5738,170982,64,229910
23942,0.001067,172.31.40.0-255,66,171048,64,229910
23943,0.001078,172.217.194.0-255,6438,177486,64,229910
23944,0.00109,172.31.40.0-255,66,177552,64,229910
23945,0.001101,172.217.194.0-255,1484,179036,64,229910
23946,0.001118,172.217.194.0-255,2902,181938,64,229910
23947,0.001138,172.217.194.0-255,1484,183422,64,229910
23948,0.00114,172.31.40.0-255,66,183488,64,229910
23949,0.001152,172.217.194.0-255,2902,186390,64,229910
23950,0.001173,172.217.194.0-255,1484,187874,64,229910
23951,0.00119,172.217.194.0-255,5738,193612,64,229910
23952,0.001203,172.217.194.0-255,2902,196514,64,229910
23953,0.001215,172.31.40.0-255,66,196580,64,229910
23954,0.001219,172.217.194.0-255,2184,198764,64,229910
23955,0.001224,172.31.40.0-255,66,198830,64,229910
23956,0.001242,172.217.194.0-255,2902,201732,64,229910
23957,0.001256,172.217.194.0-255,2902,204634,64,229910
23958,0.001277,172.217.194.0-255,4320,208954,64,229910
23959,0.001297,172.31.40.0-255,66,209020,64,229910
23960,0.001314,172.217.194.0-255,4320,213340,64,229910
23961,0.001344,172.31.40.0-255,66,213406,64,229910
23962,0.00136,172.217.194.0-255,5738,219144,64,229910
23963,0.001379,172.31.40.0-255,66,219210,64,229910
23964,0.001475,172.217.194.0-255,5738,224948,64,229910
23965,0.001498,172.217.194.0-255,1298,226246,64,229910
23966,0.0015,172.217.194.0-255,105,226351,64,229910
23967,0.001521,172.31.40.0-255,66,226417,64,229910
23968,0.004514,172.31.40.0-255,105,226522,64,229910
23969,0.007066,172.217.194.0-255,66,226588,64,229910
23970,0.04414,172.31.40.0-255,166,226754,64,229910
23971,0.044176,172.31.40.0-255,1137,227891,64,229910
23972,0.044237,172.31.40.0-255,1514,229405,64,229910
23973,0.044239,172.31.40.0-255,307,229712,64,229910
23974,0.045742,104.244.42.0-255,66,229778,64,229910
23975,0.045752,104.244.42.0-255,66,229844,64,229910
23976,0.045821,104.244.42.0-255,66,229910,64,229910
23977,0.0,74.125.24.0-255,150,150,64,343211
23978,2e-05,172.31.40.0-255,66,216,64,343211
23979,2.7e-05,74.125.24.0-255,1484,1700,64,343211
23980,3.1e-05,172.31.40.0-255,66,1766,64,343211
23981,3.7e-05,74.125.24.0-255,2902,4668,64,343211
23982,4.1e-05,172.31.40.0-255,66,4734,64,343211
23983,4.8e-05,74.125.24.0-255,7156,11890,64,343211
23984,5.1e-05,172.31.40.0-255,66,11956,64,343211
23985,5.8e-05,74.125.24.0-255,4908,16864,64,343211
23986,6.1e-05,172.31.40.0-255,66,16930,64,343211
23987,9.1e-05,74.125.24.0-255,5738,22668,64,343211
23988,9.4e-05,172.31.40.0-255,66,22734,64,343211
23989,0.000122,172.31.40.0-255,66,22800,64,343211
23990,0.000238,74.125.24.0-255,1484,24284,64,343211
23991,0.000242,172.31.40.0-255,66,24350,64,343211
23992,0.000248,74.125.24.0-255,2902,27252,64,343211
23993,0.000251,172.31.40.0-255,66,27318,64,343211
23994,0.000264,74.125.24.0-255,2902,30220,64,343211
23995,0.000267,172.31.40.0-255,66,30286,64,343211
23996,0.000287,74.125.24.0-255,2902,33188,64,343211
23997,0.000289,172.31.40.0-255,66,33254,64,343211
23998,0.000295,74.125.24.0-255,4320,37574,64,343211
23999,0.000297,172.31.40.0-255,66,37640,64,343211
24000,0.000319,74.125.24.0-255,2543,40183,64,343211
24001,0.000322,172.31.40.0-255,66,40249,64,343211
24002,0.000406,74.125.24.0-255,1484,41733,64,343211
24003,0.000408,172.31.40.0-255,66,41799,64,343211
24004,0.000412,74.125.24.0-255,1484,43283,64,343211
24005,0.000414,172.31.40.0-255,66,43349,64,343211
24006,0.000434,74.125.24.0-255,1484,44833,64,343211
24007,0.000436,172.31.40.0-255,66,44899,64,343211
24008,0.000443,74.125.24.0-255,5738,50637,64,343211
24009,0.000445,172.31.40.0-255,66,50703,64,343211
24010,0.000452,74.125.24.0-255,5738,56441,64,343211
24011,0.000454,172.31.40.0-255,66,56507,64,343211
24012,0.00048,74.125.24.0-255,1125,57632,64,343211
24013,0.000957,74.125.24.0-255,1484,59116,64,343211
24014,0.000962,172.31.40.0-255,66,59182,64,343211
24015,0.000968,74.125.24.0-255,2902,62084,64,343211
24016,0.00097,172.31.40.0-255,66,62150,64,343211
24017,0.000977,74.125.24.0-255,5738,67888,64,343211
24018,0.000979,172.31.40.0-255,66,67954,64,343211
24019,0.001011,172.31.40.0-255,66,68020,64,343211
24020,0.001032,74.125.24.0-255,1484,69504,64,343211
24021,0.001046,172.31.40.0-255,66,69570,64,343211
24022,0.001071,74.125.24.0-255,2902,72472,64,343211
24023,0.001074,172.31.40.0-255,66,72538,64,343211
24024,0.001093,74.125.24.0-255,4320,76858,64,343211
24025,0.001095,172.31.40.0-255,66,76924,64,343211
24026,0.001102,74.125.24.0-255,5738,82662,64,343211
24027,0.001104,172.31.40.0-255,66,82728,64,343211
24028,0.001129,74.125.24.0-255,2902,85630,64,343211
24029,0.001132,172.31.40.0-255,66,85696,64,343211
24030,0.001161,172.31.40.0-255,66,85762,64,343211
24031,0.001183,74.125.24.0-255,2902,88664,64,343211
24032,0.001186,172.31.40.0-255,66,88730,64,343211
24033,0.001189,74.125.24.0-255,766,89496,64,343211
24034,0.001726,172.31.40.0-255,66,89562,64,343211
24035,0.001908,74.125.24.0-255,1484,91046,64,343211
24036,0.001917,74.125.24.0-255,2902,93948,64,343211
24037,0.00192,172.31.40.0-255,66,94014,64,343211
24038,0.001924,74.125.24.0-255,1484,95498,64,343211
24039,0.001944,74.125.24.0-255,4320,99818,64,343211
24040,0.001947,172.31.40.0-255,66,99884,64,343211
24041,0.001954,74.125.24.0-255,7156,107040,64,343211
24042,0.001956,172.31.40.0-255,66,107106,64,343211
24043,0.001965,172.31.40.0-255,66,107172,64,343211
24044,0.002006,172.31.40.0-255,66,107238,64,343211
24045,0.002195,74.125.24.0-255,1484,108722,64,343211
24046,0.002204,74.125.24.0-255,2902,111624,64,343211
24047,0.002207,172.31.40.0-255,66,111690,64,343211
24048,0.002233,74.125.24.0-255,5738,117428,64,343211
24049,0.002235,172.31.40.0-255,66,117494,64,343211
24050,0.00224,74.125.24.0-255,4320,121814,64,343211
24051,0.002242,172.31.40.0-255,66,121880,64,343211
24052,0.002271,172.31.40.0-255,66,121946,64,343211
24053,0.00228,172.31.40.0-255,66,122012,64,343211
24054,0.002285,74.125.24.0-255,2184,124196,64,343211
24055,0.002286,172.31.40.0-255,66,124262,64,343211
24056,0.004541,74.125.24.0-255,5738,130000,64,343211
24057,0.004547,172.31.40.0-255,66,130066,64,343211
24058,0.006804,74.125.24.0-255,5738,135804,64,343211
24059,0.006812,172.31.40.0-255,66,135870,64,343211
24060,0.00907,74.125.24.0-255,5738,141608,64,343211
24061,0.009074,172.31.40.0-255,66,141674,64,343211
24062,0.011337,74.125.24.0-255,5738,147412,64,343211
24063,0.011345,172.31.40.0-255,66,147478,64,343211
24064,0.013599,74.125.24.0-255,5738,153216,64,343211
24065,0.013608,172.31.40.0-255,66,153282,64,343211
24066,0.015881,74.125.24.0-255,5738,159020,64,343211
24067,0.015892,172.31.40.0-255,66,159086,64,343211
24068,0.018147,74.125.24.0-255,5738,164824,64,343211
24069,0.018153,172.31.40.0-255,66,164890,64,343211
24070,0.020405,74.125.24.0-255,5738,170628,64,343211
24071,0.020413,172.31.40.0-255,66,170694,64,343211
24072,0.022694,74.125.24.0-255,5738,176432,64,343211
24073,0.022701,172.31.40.0-255,66,176498,64,343211
24074,0.024956,74.125.24.0-255,5738,182236,64,343211
24075,0.024964,172.31.40.0-255,66,182302,64,343211
24076,0.027229,74.125.24.0-255,5738,188040,64,343211
24077,0.027236,172.31.40.0-255,66,188106,64,343211
24078,0.028705,172.31.40.0-255,172,188278,64,343211
24079,0.028732,172.31.40.0-255,1112,189390,64,343211
24080,0.028791,172.31.40.0-255,1514,190904,64,343211
24081,0.028793,172.31.40.0-255,1298,192202,64,343211
24082,0.029497,74.125.24.0-255,5738,197940,64,343211
24083,0.029504,172.31.40.0-255,66,198006,64,343211
24084,0.030237,104.244.42.0-255,66,198072,64,343211
24085,0.030294,104.244.42.0-255,66,198138,64,343211
24086,0.030315,104.244.42.0-255,66,198204,64,343211
24087,0.031766,74.125.24.0-255,5738,203942,64,343211
24088,0.03177,172.31.40.0-255,66,204008,64,343211
24089,0.03403,74.125.24.0-255,5738,209746,64,343211
24090,0.034036,172.31.40.0-255,66,209812,64,343211
24091,0.036292,74.125.24.0-255,5738,215550,64,343211
24092,0.036298,172.31.40.0-255,66,215616,64,343211
24093,0.038534,74.125.24.0-255,5738,221354,64,343211
24094,0.038539,172.31.40.0-255,66,221420,64,343211
24095,0.040768,74.125.24.0-255,5738,227158,64,343211
24096,0.040777,172.31.40.0-255,66,227224,64,343211
24097,0.043021,74.125.24.0-255,5738,232962,64,343211
24098,0.043027,172.31.40.0-255,66,233028,64,343211
24099,0.045282,74.125.24.0-255,5738,238766,64,343211
24100,0.045288,172.31.40.0-255,66,238832,64,343211
24101,0.047532,74.125.24.0-255,5738,244570,64,343211
24102,0.047538,172.31.40.0-255,66,244636,64,343211
24103,0.049827,74.125.24.0-255,5738,250374,64,343211
24104,0.049834,172.31.40.0-255,66,250440,64,343211
24105,0.052106,74.125.24.0-255,5738,256178,64,343211
24106,0.052111,172.31.40.0-255,66,256244,64,343211
24107,0.054377,74.125.24.0-255,5738,261982,64,343211
24108,0.054383,172.31.40.0-255,66,262048,64,343211
24109,0.056653,74.125.24.0-255,5738,267786,64,343211
24110,0.05666,172.31.40.0-255,66,267852,64,343211
24111,0.058909,74.125.24.0-255,5738,273590,64,343211
24112,0.058916,172.31.40.0-255,66,273656,64,343211
24113,0.061182,74.125.24.0-255,5738,279394,64,343211
24114,0.061188,172.31.40.0-255,66,279460,64,343211
24115,0.063486,74.125.24.0-255,5738,285198,64,343211
24116,0.063493,172.31.40.0-255,66,285264,64,343211
24117,0.065759,74.125.24.0-255,5738,291002,64,343211
24118,0.065764,172.31.40.0-255,66,291068,64,343211
24119,0.068048,74.125.24.0-255,5738,296806,64,343211
24120,0.068055,172.31.40.0-255,66,296872,64,343211
24121,0.070316,74.125.24.0-255,5738,302610,64,343211
24122,0.070324,172.31.40.0-255,66,302676,64,343211
24123,0.072588,74.125.24.0-255,5738,308414,64,343211
24124,0.072595,172.31.40.0-255,66,308480,64,343211
24125,0.074858,74.125.24.0-255,5738,314218,64,343211
24126,0.074863,172.31.40.0-255,66,314284,64,343211
24127,0.077144,74.125.24.0-255,5738,320022,64,343211
24128,0.077152,172.31.40.0-255,66,320088,64,343211
24129,0.079387,74.125.24.0-255,5738,325826,64,343211
24130,0.079392,172.31.40.0-255,66,325892,64,343211
24131,0.081637,74.125.24.0-255,5738,331630,64,343211
24132,0.081644,172.31.40.0-255,66,331696,64,343211
24133,0.083887,74.125.24.0-255,5738,337434,64,343211
24134,0.083893,172.31.40.0-255,66,337500,64,343211
24135,0.086152,74.125.24.0-255,5474,342974,64,343211
24136,0.086157,172.31.40.0-255,66,343040,64,343211
24137,0.086307,172.31.40.0-255,105,343145,64,343211
24138,0.088542,74.125.24.0-255,66,343211,64,343211
24139,0.0,74.125.200.0-255,147,147,64,353852
24140,2.4e-05,172.31.40.0-255,66,213,64,353852
24141,3.1e-05,74.125.200.0-255,1484,1697,64,353852
24142,3.6e-05,172.31.40.0-255,66,1763,64,353852
24143,4.9e-05,74.125.200.0-255,2902,4665,64,353852
24144,5.3e-05,172.31.40.0-255,66,4731,64,353852
24145,6e-05,74.125.200.0-255,5738,10469,64,353852
24146,6.3e-05,172.31.40.0-255,66,10535,64,353852
24147,0.000107,74.125.200.0-255,3491,14026,64,353852
24148,0.00011,172.31.40.0-255,66,14092,64,353852
24149,0.000149,74.125.200.0-255,4320,18412,64,353852
24150,0.000152,172.31.40.0-255,66,18478,64,353852
24151,0.000157,74.125.200.0-255,2902,21380,64,353852
24152,0.000159,172.31.40.0-255,66,21446,64,353852
24153,0.000163,74.125.200.0-255,1484,22930,64,353852
24154,0.000165,172.31.40.0-255,66,22996,64,353852
24155,0.0002,74.125.200.0-255,2902,25898,64,353852
24156,0.000202,172.31.40.0-255,66,25964,64,353852
24157,0.000207,74.125.200.0-255,2902,28866,64,353852
24158,0.000209,172.31.40.0-255,66,28932,64,353852
24159,0.000229,74.125.200.0-255,2543,31475,64,353852
24160,0.000236,172.31.40.0-255,66,31541,64,353852
24161,0.00029,74.125.200.0-255,1484,33025,64,353852
24162,0.000293,172.31.40.0-255,66,33091,64,353852
24163,0.000298,74.125.200.0-255,2902,35993,64,353852
24164,0.000301,172.31.40.0-255,66,36059,64,353852
24165,0.000304,74.125.200.0-255,1484,37543,64,353852
24166,0.000306,172.31.40.0-255,66,37609,64,353852
24167,0.00031,74.125.200.0-255,1484,39093,64,353852
24168,0.000312,172.31.40.0-255,66,39159,64,353852
24169,0.000344,74.125.200.0-255,1484,40643,64,353852
24170,0.000346,172.31.40.0-255,66,40709,64,353852
24171,0.000352,74.125.200.0-255,5738,46447,64,353852
24172,0.000355,172.31.40.0-255,66,46513,64,353852
24173,0.000366,74.125.200.0-255,2543,49056,64,353852
24174,0.000368,172.31.40.0-255,66,49122,64,353852
24175,0.00105,74.125.200.0-255,1484,50606,64,353852
24176,0.001061,74.125.200.0-255,2902,53508,64,353852
24177,0.001065,172.31.40.0-255,66,53574,64,353852
24178,0.00107,74.125.200.0-255,1484,55058,64,353852
24179,0.001102,74.125.200.0-255,2902,57960,64,353852
24180,0.001104,172.31.40.0-255,66,58026,64,353852
24181,0.001137,172.31.40.0-255,66,58092,64,353852
24182,0.001201,74.125.200.0-255,1484,59576,64,353852
24183,0.001215,74.125.200.0-255,2902,62478,64,353852
24184,0.001218,172.31.40.0-255,66,62544,64,353852
24185,0.001222,74.125.200.0-255,1484,64028,64,353852
24186,0.001248,74.125.200.0-255,2902,66930,64,353852
24187,0.001251,172.31.40.0-255,66,66996,64,353852
24188,0.001258,74.125.200.0-255,5738,72734,64,353852
24189,0.00126,172.31.40.0-255,66,72800,64,353852
24190,0.001287,74.125.200.0-255,3961,76761,64,353852
24191,0.00129,172.31.40.0-255,66,76827,64,353852
24192,0.001293,74.125.200.0-255,1484,78311,64,353852
24193,0.001298,74.125.200.0-255,2902,81213,64,353852
24194,0.0013,172.31.40.0-255,66,81279,64,353852
24195,0.001306,74.125.200.0-255,4320,85599,64,353852
24196,0.001308,172.31.40.0-255,66,85665,64,353852
24197,0.001347,74.125.200.0-255,1484,87149,64,353852
24198,0.001354,74.125.200.0-255,5379,92528,64,353852
24199,0.001357,172.31.40.0-255,66,92594,64,353852
24200,0.001539,74.125.200.0-255,1484,94078,64,353852
24201,0.001547,74.125.200.0-255,2902,96980,64,353852
24202,0.001551,172.31.40.0-255,66,97046,64,353852
24203,0.001576,74.125.200.0-255,5738,102784,64,353852
24204,0.00158,172.31.40.0-255,66,102850,64,353852
24205,0.001584,74.125.200.0-255,2902,105752,64,353852
24206,0.001586,172.31.40.0-255,66,105818,64,353852
24207,0.001589,74.125.200.0-255,1484,107302,64,353852
24208,0.00163,172.31.40.0-255,66,107368,64,353852
24209,0.001642,172.31.40.0-255,66,107434,64,353852
24210,0.001664,74.125.200.0-255,766,108200,64,353852
24211,0.001669,74.125.200.0-255,2902,111102,64,353852
24212,0.001672,172.31.40.0-255,66,111168,64,353852
24213,0.001709,172.31.40.0-255,66,111234,64,353852
24214,0.001714,74.125.200.0-255,4320,115554,64,353852
24215,0.001717,172.31.40.0-255,66,115620,64,353852
24216,0.001721,74.125.200.0-255,2902,118522,64,353852
24217,0.001728,172.31.40.0-255,66,118588,64,353852
24218,0.001774,172.31.40.0-255,66,118654,64,353852
24219,0.001777,74.125.200.0-255,1346,120000,64,353852
24220,0.001801,74.125.200.0-255,1484,121484,64,353852
24221,0.001803,172.31.40.0-255,66,121550,64,353852
24222,0.001808,74.125.200.0-255,2902,124452,64,353852
24223,0.00181,172.31.40.0-255,66,124518,64,353852
24224,0.001828,74.125.200.0-255,1484,126002,64,353852
24225,0.001887,74.125.200.0-255,2902,128904,64,353852
24226,0.001891,172.31.40.0-255,66,128970,64,353852
24227,0.001898,74.125.200.0-255,5738,134708,64,353852
24228,0.0019,172.31.40.0-255,66,134774,64,353852
24229,0.001936,74.125.200.0-255,4320,139094,64,353852
24230,0.001956,74.125.200.0-255,3602,142696,64,353852
24231,0.002178,74.125.200.0-255,1484,144180,64,353852
24232,0.002186,74.125.200.0-255,2902,147082,64,353852
24233,0.002199,74.125.200.0-255,1484,148566,64,353852
24234,0.002219,74.125.200.0-255,2902,151468,64,353852
24235,0.002244,74.125.200.0-255,2902,154370,64,353852
24236,0.002271,74.125.200.0-255,5738,160108,64,353852
24237,0.002295,74.125.200.0-255,7156,167264,64,353852
24238,0.002298,74.125.200.0-255,766,168030,64,353852
24239,0.00489,172.31.40.0-255,66,168096,64,353852
24240,0.007208,74.125.200.0-255,5738,173834,64,353852
24241,0.007215,172.31.40.0-255,66,173900,64,353852
24242,0.009521,74.125.200.0-255,4320,178220,64,353852
24243,0.009528,172.31.40.0-255,66,178286,64,353852
24244,0.009547,74.125.200.0-255,1484,179770,64,353852
24245,0.011852,74.125.200.0-255,4320,184090,64,353852
24246,0.01186,172.31.40.0-255,66,184156,64,353852
24247,0.014183,74.125.200.0-255,5738,189894,64,353852
24248,0.014193,172.31.40.0-255,66,189960,64,353852
24249,0.016518,74.125.200.0-255,5738,195698,64,353852
24250,0.016532,172.31.40.0-255,66,195764,64,353852
24251,0.01885,74.125.200.0-255,5738,201502,64,353852
24252,0.018866,172.31.40.0-255,66,201568,64,353852
24253,0.021181,74.125.200.0-255,5738,207306,64,353852
24254,0.021195,172.31.40.0-255,66,207372,64,353852
24255,0.02352,74.125.200.0-255,5738,213110,64,353852
24256,0.02353,172.31.40.0-255,66,213176,64,353852
24257,0.025924,74.125.200.0-255,5738,218914,64,353852
24258,0.025942,172.31.40.0-255,66,218980,64,353852
24259,0.028253,74.125.200.0-255,5738,224718,64,353852
24260,0.028261,172.31.40.0-255,66,224784,64,353852
24261,0.030579,74.125.200.0-255,5738,230522,64,353852
24262,0.030587,172.31.40.0-255,66,230588,64,353852
24263,0.032881,74.125.200.0-255,5738,236326,64,353852
24264,0.032888,172.31.40.0-255,66,236392,64,353852
24265,0.035209,74.125.200.0-255,5738,242130,64,353852
24266,0.035228,172.31.40.0-255,66,242196,64,353852
24267,0.037537,74.125.200.0-255,5738,247934,64,353852
24268,0.037545,172.31.40.0-255,66,248000,64,353852
24269,0.039861,74.125.200.0-255,5738,253738,64,353852
24270,0.039878,172.31.40.0-255,66,253804,64,353852
24271,0.042206,74.125.200.0-255,5738,259542,64,353852
24272,0.042215,172.31.40.0-255,66,259608,64,353852
24273,0.044584,74.125.200.0-255,5738,265346,64,353852
24274,0.044596,172.31.40.0-255,66,265412,64,353852
24275,0.046904,74.125.200.0-255,5738,271150,64,353852
24276,0.046915,172.31.40.0-255,66,271216,64,353852
24277,0.049224,74.125.200.0-255,5738,276954,64,353852
24278,0.049232,172.31.40.0-255,66,277020,64,353852
24279,0.051526,74.125.200.0-255,5738,282758,64,353852
24280,0.051535,172.31.40.0-255,66,282824,64,353852
24281,0.052775,172.31.40.0-255,172,282996,64,353852
24282,0.052807,172.31.40.0-255,1112,284108,64,353852
24283,0.05287,172.31.40.0-255,1514,285622,64,353852
24284,0.052872,172.31.40.0-255,1514,287136,64,353852
24285,0.052877,172.31.40.0-255,1514,288650,64,353852
24286,0.052879,172.31.40.0-255,1514,290164,64,353852
24287,0.052918,172.31.40.0-255,1514,291678,64,353852
24288,0.052923,172.31.40.0-255,83,291761,64,353852
24289,0.053876,74.125.200.0-255,5738,297499,64,353852
24290,0.053884,172.31.40.0-255,66,297565,64,353852
24291,0.054312,104.244.42.0-255,66,297631,64,353852
24292,0.054358,104.244.42.0-255,66,297697,64,353852
24293,0.054467,104.244.42.0-255,66,297763,64,353852
24294,0.054513,104.244.42.0-255,66,297829,64,353852
24295,0.056187,74.125.200.0-255,5738,303567,64,353852
24296,0.056194,172.31.40.0-255,66,303633,64,353852
24297,0.058514,74.125.200.0-255,4320,307953,64,353852
24298,0.058521,172.31.40.0-255,66,308019,64,353852
24299,0.058549,74.125.200.0-255,1484,309503,64,353852
24300,0.060837,74.125.200.0-255,4320,313823,64,353852
24301,0.060846,172.31.40.0-255,66,313889,64,353852
24302,0.063166,74.125.200.0-255,5738,319627,64,353852
24303,0.063172,172.31.40.0-255,66,319693,64,353852
24304,0.065482,74.125.200.0-255,5738,325431,64,353852
24305,0.065489,172.31.40.0-255,66,325497,64,353852
24306,0.06781,74.125.200.0-255,5738,331235,64,353852
24307,0.067816,172.31.40.0-255,66,331301,64,353852
24308,0.07012,74.125.200.0-255,5738,337039,64,353852
24309,0.070126,172.31.40.0-255,66,337105,64,353852
24310,0.072443,74.125.200.0-255,2902,340007,64,353852
24311,0.07245,172.31.40.0-255,66,340073,64,353852
24312,0.072486,74.125.200.0-255,2902,342975,64,353852
24313,0.072489,172.31.40.0-255,66,343041,64,353852
24314,0.074753,74.125.200.0-255,2902,345943,64,353852
24315,0.07476,172.31.40.0-255,66,346009,64,353852
24316,0.074788,74.125.200.0-255,2902,348911,64,353852
24317,0.074791,172.31.40.0-255,66,348977,64,353852
24318,0.077078,74.125.200.0-255,4638,353615,64,353852
24319,0.07709,172.31.40.0-255,66,353681,64,353852
24320,0.077329,172.31.40.0-255,105,353786,64,353852
24321,0.079611,74.125.200.0-255,66,353852,64,353852
24322,0.0,172.217.194.0-255,153,153,64,235021
24323,1.5e-05,172.31.40.0-255,66,219,64,235021
24324,2.1e-05,172.217.194.0-255,1484,1703,64,235021
24325,2.6e-05,172.31.40.0-255,66,1769,64,235021
24326,3.1e-05,172.217.194.0-255,2902,4671,64,235021
24327,3.3e-05,172.31.40.0-255,66,4737,64,235021
24328,5.9e-05,172.217.194.0-255,5738,10475,64,235021
24329,6.2e-05,172.31.40.0-255,66,10541,64,235021
24330,7.7e-05,172.217.194.0-255,5738,16279,64,235021
24331,7.9e-05,172.31.40.0-255,66,16345,64,235021
24332,0.000114,172.31.40.0-255,66,16411,64,235021
24333,0.00012,172.217.194.0-255,6797,23208,64,235021
24334,0.000122,172.31.40.0-255,66,23274,64,235021
24335,0.00015,172.217.194.0-255,1484,24758,64,235021
24336,0.000153,172.31.40.0-255,66,24824,64,235021
24337,0.000157,172.217.194.0-255,2902,27726,64,235021
24338,0.000159,172.31.40.0-255,66,27792,64,235021
24339,0.000163,172.217.194.0-255,2902,30694,64,235021
24340,0.000166,172.31.40.0-255,66,30760,64,235021
24341,0.000189,172.217.194.0-255,2902,33662,64,235021
24342,0.000191,172.31.40.0-255,66,33728,64,235021
24343,0.0002,172.31.40.0-255,66,33794,64,235021
24344,0.000234,172.31.40.0-255,66,33860,64,235021
24345,0.000236,172.217.194.0-255,115,33975,64,235021
24346,0.000237,172.31.40.0-255,66,34041,64,235021
24347,0.00024,172.217.194.0-255,380,34421,64,235021
24348,0.000241,172.31.40.0-255,66,34487,64,235021
24349,0.000512,172.217.194.0-255,1484,35971,64,235021
24350,0.000517,172.31.40.0-255,66,36037,64,235021
24351,0.000522,172.217.194.0-255,2902,38939,64,235021
24352,0.000525,172.31.40.0-255,66,39005,64,235021
24353,0.000542,172.217.194.0-255,5738,44743,64,235021
24354,0.000544,172.31.40.0-255,66,44809,64,235021
24355,0.000582,172.31.40.0-255,66,44875,64,235021
24356,0.000601,172.217.194.0-255,5738,50613,64,235021
24357,0.000603,172.31.40.0-255,66,50679,64,235021
24358,0.000623,172.217.194.0-255,6438,57117,64,235021
24359,0.000625,172.31.40.0-255,66,57183,64,235021
24360,0.000708,172.217.194.0-255,1484,58667,64,235021
24361,0.000712,172.217.194.0-255,2902,61569,64,235021
24362,0.000715,172.31.40.0-255,66,61635,64,235021
24363,0.000736,172.217.194.0-255,5738,67373,64,235021
24364,0.000738,172.31.40.0-255,66,67439,64,235021
24365,0.000757,172.217.194.0-255,7156,74595,64,235021
24366,0.00076,172.31.40.0-255,66,74661,64,235021
24367,0.00078,172.217.194.0-255,5738,80399,64,235021
24368,0.000783,172.31.40.0-255,66,80465,64,235021
24369,0.000785,172.217.194.0-255,1484,81949,64,235021
24370,0.000802,172.217.194.0-255,4320,86269,64,235021
24371,0.000804,172.31.40.0-255,66,86335,64,235021
24372,0.000824,172.217.194.0-255,5020,91355,64,235021
24373,0.000827,172.31.40.0-255,66,91421,64,235021
24374,0.00085,172.217.194.0-255,2902,94323,64,235021
24375,0.000852,172.31.40.0-255,66,94389,64,235021
24376,0.000857,172.217.194.0-255,4320,98709,64,235021
24377,0.000859,172.31.40.0-255,66,98775,64,235021
24378,0.000873,172.217.194.0-255,5738,104513,64,235021
24379,0.000875,172.31.40.0-255,66,104579,64,235021
24380,0.000896,172.217.194.0-255,2902,107481,64,235021
24381,0.000898,172.31.40.0-255,66,107547,64,235021
24382,0.000955,172.31.40.0-255,66,107613,64,235021
24383,0.000961,172.217.194.0-255,5738,113351,64,235021
24384,0.000963,172.31.40.0-255,66,113417,64,235021
24385,0.000967,172.217.194.0-255,2902,116319,64,235021
24386,0.000969,172.31.40.0-255,66,116385,64,235021
24387,0.000986,172.217.194.0-255,4320,120705,64,235021
24388,0.000988,172.31.40.0-255,66,120771,64,235021
24389,0.001,172.31.40.0-255,66,120837,64,235021
24390,0.001023,172.217.194.0-255,6438,127275,64,235021
24391,0.001109,172.217.194.0-255,1484,128759,64,235021
24392,0.001115,172.217.194.0-255,2902,131661,64,235021
24393,0.001133,172.217.194.0-255,5738,137399,64,235021
24394,0.001151,172.217.194.0-255,4320,141719,64,235021
24395,0.001215,172.217.194.0-255,5020,146739,64,235021
24396,0.001221,172.217.194.0-255,4320,151059,64,235021
24397,0.001232,172.217.194.0-255,1484,152543,64,235021
24398,0.001274,172.217.194.0-255,5738,158281,64,235021
24399,0.001299,172.217.194.0-255,7156,165437,64,235021
24400,0.001364,172.217.194.0-255,5020,170457,64,235021
24401,0.001415,172.217.194.0-255,1484,171941,64,235021
24402,0.00142,172.217.194.0-255,2902,174843,64,235021
24403,0.001429,172.217.194.0-255,1484,176327,64,235021
24404,0.001444,172.217.194.0-255,4320,180647,64,235021
24405,0.001497,172.217.194.0-255,2184,182831,64,235021
24406,0.001532,172.217.194.0-255,5738,188569,64,235021
24407,0.001537,172.217.194.0-255,4320,192889,64,235021
24408,0.001549,172.217.194.0-255,2902,195791,64,235021
24409,0.001568,172.217.194.0-255,7156,202947,64,235021
24410,0.001597,172.217.194.0-255,7156,210103,64,235021
24411,0.001606,172.217.194.0-255,6438,216541,64,235021
24412,0.001624,172.217.194.0-255,4320,220861,64,235021
24413,0.001689,172.217.194.0-255,4320,225181,64,235021
24414,0.001705,172.217.194.0-255,5037,230218,64,235021
24415,0.00174,172.217.194.0-255,105,230323,64,235021
24416,0.00533,172.31.40.0-255,66,230389,64,235021
24417,0.007155,172.31.40.0-255,101,230490,64,235021
24418,0.008127,172.31.40.0-255,105,230595,64,235021
24419,0.009191,172.217.194.0-255,66,230661,64,235021
24420,0.010118,172.217.194.0-255,66,230727,64,235021
24421,0.029256,172.31.40.0-255,172,230899,64,235021
24422,0.029291,172.31.40.0-255,1111,232010,64,235021
24423,0.029352,172.31.40.0-255,1514,233524,64,235021
24424,0.029354,172.31.40.0-255,1299,234823,64,235021
24425,0.030749,104.244.42.0-255,66,234889,64,235021
24426,0.030771,104.244.42.0-255,66,234955,64,235021
24427,0.03085,104.244.42.0-255,66,235021,64,235021
24428,0.0,74.125.68.0-255,153,153,64,380792
24429,2.6e-05,172.31.40.0-255,66,219,64,380792
24430,3.3e-05,74.125.68.0-255,1484,1703,64,380792
24431,3.8e-05,172.31.40.0-255,66,1769,64,380792
24432,4.5e-05,74.125.68.0-255,2902,4671,64,380792
24433,4.9e-05,172.31.40.0-255,66,4737,64,380792
24434,5.7e-05,74.125.68.0-255,7156,11893,64,380792
24435,6e-05,172.31.40.0-255,66,11959,64,380792
24436,6.4e-05,74.125.68.0-255,2109,14068,64,380792
24437,6.9e-05,172.31.40.0-255,66,14134,64,380792
24438,0.000101,74.125.68.0-255,2902,17036,64,380792
24439,0.000104,172.31.40.0-255,66,17102,64,380792
24440,0.00011,74.125.68.0-255,5738,22840,64,380792
24441,0.000113,172.31.40.0-255,66,22906,64,380792
24442,0.000116,74.125.68.0-255,1484,24390,64,380792
24443,0.000118,172.31.40.0-255,66,24456,64,380792
24444,0.000143,74.125.68.0-255,5738,30194,64,380792
24445,0.000145,172.31.40.0-255,66,30260,64,380792
24446,0.000152,74.125.68.0-255,5738,35998,64,380792
24447,0.000155,172.31.40.0-255,66,36064,64,380792
24448,0.000185,74.125.68.0-255,7156,43220,64,380792
24449,0.000188,172.31.40.0-255,66,43286,64,380792
24450,0.000215,74.125.68.0-255,5020,48306,64,380792
24451,0.000218,172.31.40.0-255,66,48372,64,380792
24452,0.000259,74.125.68.0-255,5738,54110,64,380792
24453,0.000263,172.31.40.0-255,66,54176,64,380792
24454,0.000267,74.125.68.0-255,2902,57078,64,380792
24455,0.000269,172.31.40.0-255,66,57144,64,380792
24456,0.000276,74.125.68.0-255,4320,61464,64,380792
24457,0.000278,172.31.40.0-255,66,61530,64,380792
24458,0.000301,74.125.68.0-255,2902,64432,64,380792
24459,0.000303,172.31.40.0-255,66,64498,64,380792
24460,0.000321,74.125.68.0-255,1125,65623,64,380792
24461,0.000425,74.125.68.0-255,646,66269,64,380792
24462,0.000429,172.31.40.0-255,66,66335,64,380792
24463,0.000461,74.125.68.0-255,1484,67819,64,380792
24464,0.000486,74.125.68.0-255,4320,72139,64,380792
24465,0.000489,172.31.40.0-255,66,72205,64,380792
24466,0.000497,74.125.68.0-255,7156,79361,64,380792
24467,0.0005,172.31.40.0-255,66,79427,64,380792
24468,0.000513,74.125.68.0-255,2902,82329,64,380792
24469,0.000515,172.31.40.0-255,66,82395,64,380792
24470,0.000518,74.125.68.0-255,576,82971,64,380792
24471,0.00093,74.125.68.0-255,1484,84455,64,380792
24472,0.000936,172.31.40.0-255,66,84521,64,380792
24473,0.00094,74.125.68.0-255,1484,86005,64,380792
24474,0.000957,74.125.68.0-255,2902,88907,64,380792
24475,0.00096,172.31.40.0-255,66,88973,64,380792
24476,0.000966,74.125.68.0-255,4320,93293,64,380792
24477,0.000968,172.31.40.0-255,66,93359,64,380792
24478,0.000985,74.125.68.0-255,1484,94843,64,380792
24479,0.001005,74.125.68.0-255,4320,99163,64,380792
24480,0.001008,172.31.40.0-255,66,99229,64,380792
24481,0.001027,74.125.68.0-255,7156,106385,64,380792
24482,0.00103,172.31.40.0-255,66,106451,64,380792
24483,0.001057,74.125.68.0-255,4320,110771,64,380792
24484,0.00106,172.31.40.0-255,66,110837,64,380792
24485,0.001086,74.125.68.0-255,6438,117275,64,380792
24486,0.001089,172.31.40.0-255,66,117341,64,380792
24487,0.002012,74.125.68.0-255,1484,118825,64,380792
24488,0.002023,74.125.68.0-255,2902,121727,64,380792
24489,0.002028,172.31.40.0-255,66,121793,64,380792
24490,0.002033,74.125.68.0-255,1484,123277,64,380792
24491,0.002052,74.125.68.0-255,1484,124761,64,380792
24492,0.002055,172.31.40.0-255,66,124827,64,380792
24493,0.002061,74.125.68.0-255,4320,129147,64,380792
24494,0.002063,172.31.40.0-255,66,129213,64,380792
24495,0.002073,172.31.40.0-255,66,129279,64,380792
24496,0.002079,74.125.68.0-255,4320,133599,64,380792
24497,0.002081,172.31.40.0-255,66,133665,64,380792
24498,0.002109,74.125.68.0-255,2902,136567,64,380792
24499,0.002112,172.31.40.0-255,66,136633,64,380792
24500,0.002151,74.125.68.0-255,2902,139535,64,380792
24501,0.002154,172.31.40.0-255,66,139601,64,380792
24502,0.002194,74.125.68.0-255,6438,146039,64,380792
24503,0.002197,172.31.40.0-255,66,146105,64,380792
24504,0.002209,172.31.40.0-255,66,146171,64,380792
24505,0.002224,172.31.40.0-255,66,146237,64,380792
24506,0.002238,74.125.68.0-255,4320,150557,64,380792
24507,0.002241,172.31.40.0-255,66,150623,64,380792
24508,0.002257,74.125.68.0-255,3602,154225,64,380792
24509,0.002259,172.31.40.0-255,66,154291,64,380792
24510,0.004744,74.125.68.0-255,1484,155775,64,380792
24511,0.004761,74.125.68.0-255,4320,160095,64,380792
24512,0.004766,172.31.40.0-255,66,160161,64,380792
24513,0.007263,74.125.68.0-255,4320,164481,64,380792
24514,0.00727,172.31.40.0-255,66,164547,64,380792
24515,0.007285,74.125.68.0-255,1484,166031,64,380792
24516,0.009794,74.125.68.0-255,4320,170351,64,380792
24517,0.009802,172.31.40.0-255,66,170417,64,380792
24518,0.012322,74.125.68.0-255,5738,176155,64,380792
24519,0.012343,172.31.40.0-255,66,176221,64,380792
24520,0.014853,74.125.68.0-255,5738,181959,64,380792
24521,0.014872,172.31.40.0-255,66,182025,64,380792
24522,0.01737,74.125.68.0-255,5738,187763,64,380792
24523,0.017381,172.31.40.0-255,66,187829,64,380792
24524,0.019906,74.125.68.0-255,5738,193567,64,380792
24525,0.019914,172.31.40.0-255,66,193633,64,380792
24526,0.022412,74.125.68.0-255,5738,199371,64,380792
24527,0.02242,172.31.40.0-255,66,199437,64,380792
24528,0.024951,74.125.68.0-255,5738,205175,64,380792
24529,0.024959,172.31.40.0-255,66,205241,64,380792
24530,0.027456,74.125.68.0-255,5738,210979,64,380792
24531,0.027464,172.31.40.0-255,66,211045,64,380792
24532,0.029962,74.125.68.0-255,5738,216783,64,380792
24533,0.029969,172.31.40.0-255,66,216849,64,380792
24534,0.030593,172.31.40.0-255,172,217021,64,380792
24535,0.030627,172.31.40.0-255,1112,218133,64,380792
24536,0.030688,172.31.40.0-255,1514,219647,64,380792
24537,0.030694,172.31.40.0-255,1514,221161,64,380792
24538,0.0307,172.31.40.0-255,1514,222675,64,380792
24539,0.030701,172.31.40.0-255,1079,223754,64,380792
24540,0.032179,104.244.42.0-255,66,223820,64,380792
24541,0.032206,104.244.42.0-255,66,223886,64,380792
24542,0.032252,104.244.42.0-255,66,223952,64,380792
24543,0.032257,104.244.42.0-255,66,224018,64,380792
24544,0.03245,74.125.68.0-255,1484,225502,64,380792
24545,0.032477,74.125.68.0-255,4320,229822,64,380792
24546,0.032485,172.31.40.0-255,66,229888,64,380792
24547,0.035,74.125.68.0-255,5738,235626,64,380792
24548,0.035015,172.31.40.0-255,66,235692,64,380792
24549,0.037538,74.125.68.0-255,5738,241430,64,380792
24550,0.037555,172.31.40.0-255,66,241496,64,380792
24551,0.040071,74.125.68.0-255,5738,247234,64,380792
24552,0.040087,172.31.40.0-255,66,247300,64,380792
24553,0.042592,74.125.68.0-255,5738,253038,64,380792
24554,0.042604,172.31.40.0-255,66,253104,64,380792
24555,0.045149,74.125.68.0-255,5738,258842,64,380792
24556,0.045168,172.31.40.0-255,66,258908,64,380792
24557,0.047679,74.125.68.0-255,5738,264646,64,380792
24558,0.047698,172.31.40.0-255,66,264712,64,380792
24559,0.050214,74.125.68.0-255,5738,270450,64,380792
24560,0.050233,172.31.40.0-255,66,270516,64,380792
24561,0.052799,74.125.68.0-255,5738,276254,64,380792
24562,0.052816,172.31.40.0-255,66,276320,64,380792
24563,0.055331,74.125.68.0-255,5738,282058,64,380792
24564,0.05535,172.31.40.0-255,66,282124,64,380792
24565,0.057872,74.125.68.0-255,5738,287862,64,380792
24566,0.057886,172.31.40.0-255,66,287928,64,380792
24567,0.060416,74.125.68.0-255,5738,293666,64,380792
24568,0.060436,172.31.40.0-255,66,293732,64,380792
24569,0.062973,74.125.68.0-255,5738,299470,64,380792
24570,0.06299,172.31.40.0-255,66,299536,64,380792
24571,0.065518,74.125.68.0-255,5738,305274,64,380792
24572,0.065537,172.31.40.0-255,66,305340,64,380792
24573,0.068069,74.125.68.0-255,5738,311078,64,380792
24574,0.068089,172.31.40.0-255,66,311144,64,380792
24575,0.070615,74.125.68.0-255,5738,316882,64,380792
24576,0.070641,172.31.40.0-255,66,316948,64,380792
24577,0.073157,74.125.68.0-255,5738,322686,64,380792
24578,0.073174,172.31.40.0-255,66,322752,64,380792
24579,0.075699,74.125.68.0-255,5738,328490,64,380792
24580,0.075715,172.31.40.0-255,66,328556,64,380792
24581,0.078233,74.125.68.0-255,5738,334294,64,380792
24582,0.078241,172.31.40.0-255,66,334360,64,380792
24583,0.080765,74.125.68.0-255,5738,340098,64,380792
24584,0.080772,172.31.40.0-255,66,340164,64,380792
24585,0.083283,74.125.68.0-255,5738,345902,64,380792
24586,0.083292,172.31.40.0-255,66,345968,64,380792
24587,0.085803,74.125.68.0-255,5738,351706,64,380792
24588,0.085811,172.31.40.0-255,66,351772,64,380792
24589,0.088323,74.125.68.0-255,5738,357510,64,380792
24590,0.088332,172.31.40.0-255,66,357576,64,380792
24591,0.090833,74.125.68.0-255,5738,363314,64,380792
24592,0.09084,172.31.40.0-255,66,363380,64,380792
24593,0.09335,74.125.68.0-255,5738,369118,64,380792
24594,0.093358,172.31.40.0-255,66,369184,64,380792
24595,0.095866,74.125.68.0-255,5738,374922,64,380792
24596,0.095872,172.31.40.0-255,66,374988,64,380792
24597,0.098378,74.125.68.0-255,5738,380726,64,380792
24598,0.098384,172.31.40.0-255,66,380792,64,380792
24599,0.0,216.58.221.0-255,146,146,64,352172
24600,2.5e-05,172.31.40.0-255,66,212,64,352172
24601,3.2e-05,216.58.221.0-255,1484,1696,64,352172
24602,3.7e-05,172.31.40.0-255,66,1762,64,352172
24603,4.3e-05,216.58.221.0-255,2902,4664,64,352172
24604,4.7e-05,172.31.40.0-255,66,4730,64,352172
24605,5.3e-05,216.58.221.0-255,4320,9050,64,352172
24606,5.7e-05,172.31.40.0-255,66,9116,64,352172
24607,8.3e-05,216.58.221.0-255,2902,12018,64,352172
24608,8.7e-05,172.31.40.0-255,66,12084,64,352172
24609,0.000155,216.58.221.0-255,1484,13568,64,352172
24610,0.000158,172.31.40.0-255,66,13634,64,352172
24611,0.000178,216.58.221.0-255,5738,19372,64,352172
24612,0.000181,172.31.40.0-255,66,19438,64,352172
24613,0.000205,216.58.221.0-255,4857,24295,64,352172
24614,0.000208,172.31.40.0-255,66,24361,64,352172
24615,0.000345,216.58.221.0-255,5738,30099,64,352172
24616,0.00035,172.31.40.0-255,66,30165,64,352172
24617,0.000368,216.58.221.0-255,1125,31290,64,352172
24618,0.00037,172.31.40.0-255,66,31356,64,352172
24619,0.000442,216.58.221.0-255,7156,38512,64,352172
24620,0.000445,172.31.40.0-255,66,38578,64,352172
24621,0.000548,216.58.221.0-255,2902,41480,64,352172
24622,0.000552,172.31.40.0-255,66,41546,64,352172
24623,0.000577,216.58.221.0-255,6797,48343,64,352172
24624,0.00058,172.31.40.0-255,66,48409,64,352172
24625,0.000686,216.58.221.0-255,5738,54147,64,352172
24626,0.00069,172.31.40.0-255,66,54213,64,352172
24627,0.000709,216.58.221.0-255,4320,58533,64,352172
24628,0.000712,172.31.40.0-255,66,58599,64,352172
24629,0.000853,216.58.221.0-255,7088,65687,64,352172
24630,0.00086,172.31.40.0-255,66,65753,64,352172
24631,0.000902,172.31.40.0-255,101,65854,64,352172
24632,0.000955,216.58.221.0-255,132,65986,64,352172
24633,0.001104,216.58.221.0-255,1484,67470,64,352172
24634,0.001109,172.31.40.0-255,66,67536,64,352172
24635,0.00112,216.58.221.0-255,2902,70438,64,352172
24636,0.001144,172.31.40.0-255,66,70504,64,352172
24637,0.001151,216.58.221.0-255,5738,76242,64,352172
24638,0.001156,172.31.40.0-255,66,76308,64,352172
24639,0.00123,216.58.221.0-255,4320,80628,64,352172
24640,0.001246,172.31.40.0-255,66,80694,64,352172
24641,0.001252,216.58.221.0-255,5379,86073,64,352172
24642,0.001262,172.31.40.0-255,66,86139,64,352172
24643,0.001381,216.58.221.0-255,4320,90459,64,352172
24644,0.001384,172.31.40.0-255,66,90525,64,352172
24645,0.001405,216.58.221.0-255,5738,96263,64,352172
24646,0.001424,172.31.40.0-255,66,96329,64,352172
24647,0.001527,216.58.221.0-255,4246,100575,64,352172
24648,0.001544,172.31.40.0-255,66,100641,64,352172
24649,0.001597,216.58.221.0-255,4320,104961,64,352172
24650,0.001602,172.31.40.0-255,66,105027,64,352172
24651,0.001678,216.58.221.0-255,4320,109347,64,352172
24652,0.001682,172.31.40.0-255,66,109413,64,352172
24653,0.001696,216.58.221.0-255,5738,115151,64,352172
24654,0.001712,172.31.40.0-255,66,115217,64,352172
24655,0.001807,216.58.221.0-255,1484,116701,64,352172
24656,0.001843,172.31.40.0-255,66,116767,64,352172
24657,0.001861,172.31.40.0-255,66,116833,64,352172
24658,0.002099,216.58.221.0-255,5738,122571,64,352172
24659,0.002103,172.31.40.0-255,66,122637,64,352172
24660,0.00215,216.58.221.0-255,5738,128375,64,352172
24661,0.002191,172.31.40.0-255,66,128441,64,352172
24662,0.002573,216.58.221.0-255,2184,130625,64,352172
24663,0.002579,172.31.40.0-255,66,130691,64,352172
24664,0.002651,216.58.221.0-255,5738,136429,64,352172
24665,0.003049,216.58.221.0-255,66,136495,64,352172
24666,0.008714,172.31.40.0-255,66,136561,64,352172
24667,0.010621,216.58.221.0-255,5738,142299,64,352172
24668,0.01063,172.31.40.0-255,66,142365,64,352172
24669,0.012539,216.58.221.0-255,5738,148103,64,352172
24670,0.012547,172.31.40.0-255,66,148169,64,352172
24671,0.01445,216.58.221.0-255,5738,153907,64,352172
24672,0.014458,172.31.40.0-255,66,153973,64,352172
24673,0.016361,216.58.221.0-255,5738,159711,64,352172
24674,0.016368,172.31.40.0-255,66,159777,64,352172
24675,0.018269,216.58.221.0-255,5738,165515,64,352172
24676,0.018275,172.31.40.0-255,66,165581,64,352172
24677,0.020184,216.58.221.0-255,5738,171319,64,352172
24678,0.020191,172.31.40.0-255,66,171385,64,352172
24679,0.022099,216.58.221.0-255,5738,177123,64,352172
24680,0.022107,172.31.40.0-255,66,177189,64,352172
24681,0.024014,216.58.221.0-255,5738,182927,64,352172
24682,0.024022,172.31.40.0-255,66,182993,64,352172
24683,0.025922,216.58.221.0-255,5738,188731,64,352172
24684,0.02593,172.31.40.0-255,66,188797,64,352172
24685,0.027834,216.58.221.0-255,5738,194535,64,352172
24686,0.027841,172.31.40.0-255,66,194601,64,352172
24687,0.029754,216.58.221.0-255,5738,200339,64,352172
24688,0.029767,172.31.40.0-255,66,200405,64,352172
24689,0.031683,216.58.221.0-255,5738,206143,64,352172
24690,0.0317,172.31.40.0-255,66,206209,64,352172
24691,0.033604,216.58.221.0-255,5738,211947,64,352172
24692,0.033616,172.31.40.0-255,66,212013,64,352172
24693,0.035518,216.58.221.0-255,5738,217751,64,352172
24694,0.035525,172.31.40.0-255,66,217817,64,352172
24695,0.03744,216.58.221.0-255,5738,223555,64,352172
24696,0.037455,172.31.40.0-255,66,223621,64,352172
24697,0.039267,172.31.40.0-255,167,223788,64,352172
24698,0.039301,172.31.40.0-255,1108,224896,64,352172
24699,0.039351,216.58.221.0-255,4320,229216,64,352172
24700,0.039357,172.31.40.0-255,66,229282,64,352172
24701,0.039377,216.58.221.0-255,1484,230766,64,352172
24702,0.039396,172.31.40.0-255,1514,232280,64,352172
24703,0.039398,172.31.40.0-255,337,232617,64,352172
24704,0.040804,104.244.42.0-255,66,232683,64,352172
24705,0.040847,104.244.42.0-255,66,232749,64,352172
24706,0.040946,104.244.42.0-255,66,232815,64,352172
24707,0.041252,216.58.221.0-255,4320,237135,64,352172
24708,0.041258,172.31.40.0-255,66,237201,64,352172
24709,0.043167,216.58.221.0-255,5738,242939,64,352172
24710,0.043175,172.31.40.0-255,66,243005,64,352172
24711,0.045074,216.58.221.0-255,5738,248743,64,352172
24712,0.045084,172.31.40.0-255,66,248809,64,352172
24713,0.046991,216.58.221.0-255,5738,254547,64,352172
24714,0.046999,172.31.40.0-255,66,254613,64,352172
24715,0.048907,216.58.221.0-255,5738,260351,64,352172
24716,0.048921,172.31.40.0-255,66,260417,64,352172
24717,0.050817,216.58.221.0-255,5738,266155,64,352172
24718,0.050824,172.31.40.0-255,66,266221,64,352172
24719,0.052728,216.58.221.0-255,5738,271959,64,352172
24720,0.052741,172.31.40.0-255,66,272025,64,352172
24721,0.054732,216.58.221.0-255,5738,277763,64,352172
24722,0.05474,172.31.40.0-255,66,277829,64,352172
24723,0.056661,216.58.221.0-255,5738,283567,64,352172
24724,0.056678,172.31.40.0-255,66,283633,64,352172
24725,0.058578,216.58.221.0-255,5738,289371,64,352172
24726,0.058585,172.31.40.0-255,66,289437,64,352172
24727,0.060516,216.58.221.0-255,5738,295175,64,352172
24728,0.060523,172.31.40.0-255,66,295241,64,352172
24729,0.062434,216.58.221.0-255,5738,300979,64,352172
24730,0.062444,172.31.40.0-255,66,301045,64,352172
24731,0.064363,216.58.221.0-255,5738,306783,64,352172
24732,0.064379,172.31.40.0-255,66,306849,64,352172
24733,0.066289,216.58.221.0-255,5738,312587,64,352172
24734,0.066298,172.31.40.0-255,66,312653,64,352172
24735,0.068213,216.58.221.0-255,5738,318391,64,352172
24736,0.068229,172.31.40.0-255,66,318457,64,352172
24737,0.070133,216.58.221.0-255,5738,324195,64,352172
24738,0.070144,172.31.40.0-255,66,324261,64,352172
24739,0.072064,216.58.221.0-255,5738,329999,64,352172
24740,0.07208,172.31.40.0-255,66,330065,64,352172
24741,0.073986,216.58.221.0-255,5738,335803,64,352172
24742,0.073996,172.31.40.0-255,66,335869,64,352172
24743,0.075915,216.58.221.0-255,5738,341607,64,352172
24744,0.075922,172.31.40.0-255,66,341673,64,352172
24745,0.077823,216.58.221.0-255,5738,347411,64,352172
24746,0.077834,172.31.40.0-255,66,347477,64,352172
24747,0.079728,216.58.221.0-255,4458,351935,64,352172
24748,0.079735,172.31.40.0-255,66,352001,64,352172
24749,0.079922,172.31.40.0-255,105,352106,64,352172
24750,0.086126,216.58.221.0-255,66,352172,64,352172
24751,0.0,52.27.36.0-255,97,97,64,260
24752,0.000146,172.31.40.0-255,97,194,64,260
24753,0.000159,172.31.40.0-255,66,260,64,260
24754,0.0,74.125.24.0-255,152,152,64,312915
24755,2.3e-05,172.31.40.0-255,66,218,64,312915
24756,3.1e-05,74.125.24.0-255,1484,1702,64,312915
24757,3.5e-05,172.31.40.0-255,66,1768,64,312915
24758,5.8e-05,74.125.24.0-255,2902,4670,64,312915
24759,6.2e-05,172.31.40.0-255,66,4736,64,312915
24760,7e-05,74.125.24.0-255,7156,11892,64,312915
24761,7.3e-05,172.31.40.0-255,66,11958,64,312915
24762,7.7e-05,74.125.24.0-255,1968,13926,64,312915
24763,7.9e-05,172.31.40.0-255,66,13992,64,312915
24764,0.000323,74.125.24.0-255,1484,15476,64,312915
24765,0.000328,172.31.40.0-255,66,15542,64,312915
24766,0.000348,74.125.24.0-255,2902,18444,64,312915
24767,0.000351,172.31.40.0-255,66,18510,64,312915
24768,0.000358,74.125.24.0-255,4320,22830,64,312915
24769,0.00036,172.31.40.0-255,66,22896,64,312915
24770,0.00039,74.125.24.0-255,1484,24380,64,312915
24771,0.000393,172.31.40.0-255,66,24446,64,312915
24772,0.000396,74.125.24.0-255,1484,25930,64,312915
24773,0.000398,172.31.40.0-255,66,25996,64,312915
24774,0.000437,74.125.24.0-255,5379,31375,64,312915
24775,0.00044,172.31.40.0-255,66,31441,64,312915
24776,0.000479,74.125.24.0-255,5738,37179,64,312915
24777,0.000483,172.31.40.0-255,66,37245,64,312915
24778,0.000494,172.31.40.0-255,66,37311,64,312915
24779,0.000533,172.31.40.0-255,66,37377,64,312915
24780,0.000536,74.125.24.0-255,1484,38861,64,312915
24781,0.000538,172.31.40.0-255,66,38927,64,312915
24782,0.000593,74.125.24.0-255,2902,41829,64,312915
24783,0.000596,172.31.40.0-255,66,41895,64,312915
24784,0.000623,74.125.24.0-255,5020,46915,64,312915
24785,0.000627,172.31.40.0-255,66,46981,64,312915
24786,0.000629,74.125.24.0-255,428,47409,64,312915
24787,0.00091,74.125.24.0-255,1484,48893,64,312915
24788,0.000915,172.31.40.0-255,66,48959,64,312915
24789,0.000921,74.125.24.0-255,2902,51861,64,312915
24790,0.000923,172.31.40.0-255,66,51927,64,312915
24791,0.000926,74.125.24.0-255,1484,53411,64,312915
24792,0.000946,74.125.24.0-255,1484,54895,64,312915
24793,0.000949,172.31.40.0-255,66,54961,64,312915
24794,0.000959,74.125.24.0-255,4320,59281,64,312915
24795,0.000961,172.31.40.0-255,66,59347,64,312915
24796,0.000971,172.31.40.0-255,66,59413,64,312915
24797,0.001018,172.31.40.0-255,66,59479,64,312915
24798,0.001021,74.125.24.0-255,766,60245,64,312915
24799,0.001057,74.125.24.0-255,347,60592,64,312915
24800,0.001079,74.125.24.0-255,1484,62076,64,312915
24801,0.001082,172.31.40.0-255,66,62142,64,312915
24802,0.001117,74.125.24.0-255,4320,66462,64,312915
24803,0.00112,172.31.40.0-255,66,66528,64,312915
24804,0.001155,74.125.24.0-255,5738,72266,64,312915
24805,0.001159,172.31.40.0-255,66,72332,64,312915
24806,0.001163,74.125.24.0-255,2902,75234,64,312915
24807,0.001165,172.31.40.0-255,66,75300,64,312915
24808,0.001204,172.31.40.0-255,66,75366,64,312915
24809,0.001218,172.31.40.0-255,66,75432,64,312915
24810,0.001267,74.125.24.0-255,1484,76916,64,312915
24811,0.001283,74.125.24.0-255,2902,79818,64,312915
24812,0.001286,172.31.40.0-255,66,79884,64,312915
24813,0.001301,74.125.24.0-255,4320,84204,64,312915
24814,0.001308,172.31.40.0-255,66,84270,64,312915
24815,0.001329,74.125.24.0-255,1484,85754,64,312915
24816,0.001348,172.31.40.0-255,66,85820,64,312915
24817,0.001362,172.31.40.0-255,66,85886,64,312915
24818,0.00145,74.125.24.0-255,1484,87370,64,312915
24819,0.001455,74.125.24.0-255,2902,90272,64,312915
24820,0.001458,172.31.40.0-255,66,90338,64,312915
24821,0.001461,74.125.24.0-255,1484,91822,64,312915
24822,0.001489,74.125.24.0-255,4320,96142,64,312915
24823,0.001492,172.31.40.0-255,66,96208,64,312915
24824,0.001504,172.31.40.0-255,66,96274,64,312915
24825,0.001532,74.125.24.0-255,2902,99176,64,312915
24826,0.001544,74.125.24.0-255,7156,106332,64,312915
24827,0.001548,74.125.24.0-255,3602,109934,64,312915
24828,0.001553,172.31.40.0-255,66,110000,64,312915
24829,0.001563,172.31.40.0-255,66,110066,64,312915
24830,0.001566,172.31.40.0-255,66,110132,64,312915
24831,0.001913,74.125.24.0-255,1484,111616,64,312915
24832,0.001918,74.125.24.0-255,1484,113100,64,312915
24833,0.00192,172.31.40.0-255,66,113166,64,312915
24834,0.001946,74.125.24.0-255,1484,114650,64,312915
24835,0.001952,74.125.24.0-255,5738,120388,64,312915
24836,0.001954,172.31.40.0-255,66,120454,64,312915
24837,0.001974,74.125.24.0-255,2902,123356,64,312915
24838,0.001976,172.31.40.0-255,66,123422,64,312915
24839,0.002001,74.125.24.0-255,4320,127742,64,312915
24840,0.002003,172.31.40.0-255,66,127808,64,312915
24841,0.002016,172.31.40.0-255,66,127874,64,312915
24842,0.002062,74.125.24.0-255,3602,131476,64,312915
24843,0.002064,172.31.40.0-255,66,131542,64,312915
24844,0.004051,74.125.24.0-255,1484,133026,64,312915
24845,0.004152,74.125.24.0-255,2902,135928,64,312915
24846,0.004156,172.31.40.0-255,66,135994,64,312915
24847,0.004183,74.125.24.0-255,1484,137478,64,312915
24848,0.006213,74.125.24.0-255,4320,141798,64,312915
24849,0.006217,172.31.40.0-255,66,141864,64,312915
24850,0.008268,74.125.24.0-255,5738,147602,64,312915
24851,0.008273,172.31.40.0-255,66,147668,64,312915
24852,0.010352,74.125.24.0-255,5738,153406,64,312915
24853,0.010367,172.31.40.0-255,66,153472,64,312915
24854,0.012423,74.125.24.0-255,5738,159210,64,312915
24855,0.012437,172.31.40.0-255,66,159276,64,312915
24856,0.014504,74.125.24.0-255,5738,165014,64,312915
24857,0.014518,172.31.40.0-255,66,165080,64,312915
24858,0.016592,74.125.24.0-255,5738,170818,64,312915
24859,0.016605,172.31.40.0-255,66,170884,64,312915
24860,0.018651,74.125.24.0-255,5738,176622,64,312915
24861,0.018659,172.31.40.0-255,66,176688,64,312915
24862,0.020729,74.125.24.0-255,5738,182426,64,312915
24863,0.020738,172.31.40.0-255,66,182492,64,312915
24864,0.022796,74.125.24.0-255,5738,188230,64,312915
24865,0.022805,172.31.40.0-255,66,188296,64,312915
24866,0.024858,74.125.24.0-255,5738,194034,64,312915
24867,0.024867,172.31.40.0-255,66,194100,64,312915
24868,0.026921,74.125.24.0-255,5738,199838,64,312915
24869,0.02693,172.31.40.0-255,66,199904,64,312915
24870,0.029019,74.125.24.0-255,5738,205642,64,312915
24871,0.029025,172.31.40.0-255,66,205708,64,312915
24872,0.031093,74.125.24.0-255,5738,211446,64,312915
24873,0.0311,172.31.40.0-255,66,211512,64,312915
24874,0.033153,74.125.24.0-255,5738,217250,64,312915
24875,0.03316,172.31.40.0-255,66,217316,64,312915
24876,0.035243,74.125.24.0-255,5738,223054,64,312915
24877,0.035253,172.31.40.0-255,66,223120,64,312915
24878,0.03732,74.125.24.0-255,5738,228858,64,312915
24879,0.037329,172.31.40.0-255,66,228924,64,312915
24880,0.039403,74.125.24.0-255,5738,234662,64,312915
24881,0.039415,172.31.40.0-255,66,234728,64,312915
24882,0.041477,74.125.24.0-255,5738,240466,64,312915
24883,0.041488,172.31.40.0-255,66,240532,64,312915
24884,0.043572,74.125.24.0-255,5738,246270,64,312915
24885,0.043589,172.31.40.0-255,66,246336,64,312915
24886,0.045635,74.125.24.0-255,5738,252074,64,312915
24887,0.045642,172.31.40.0-255,66,252140,64,312915
24888,0.047543,172.31.40.0-255,167,252307,64,312915
24889,0.047576,172.31.40.0-255,1111,253418,64,312915
24890,0.047642,172.31.40.0-255,1514,254932,64,312915
24891,0.047664,172.31.40.0-255,1514,256446,64,312915
24892,0.047667,172.31.40.0-255,697,257143,64,312915
24893,0.047708,74.125.24.0-255,5738,262881,64,312915
24894,0.047713,172.31.40.0-255,66,262947,64,312915
24895,0.049096,104.244.42.0-255,66,263013,64,312915
24896,0.049128,104.244.42.0-255,66,263079,64,312915
24897,0.049192,104.244.42.0-255,66,263145,64,312915
24898,0.049236,104.244.42.0-255,66,263211,64,312915
24899,0.049765,74.125.24.0-255,5738,268949,64,312915
24900,0.049774,172.31.40.0-255,66,269015,64,312915
24901,0.051819,74.125.24.0-255,5738,274753,64,312915
24902,0.051833,172.31.40.0-255,66,274819,64,312915
24903,0.053912,74.125.24.0-255,5738,280557,64,312915
24904,0.053928,172.31.40.0-255,66,280623,64,312915
24905,0.055983,74.125.24.0-255,5738,286361,64,312915
24906,0.056004,172.31.40.0-255,66,286427,64,312915
24907,0.058076,74.125.24.0-255,5738,292165,64,312915
24908,0.058093,172.31.40.0-255,66,292231,64,312915
24909,0.060168,74.125.24.0-255,5738,297969,64,312915
24910,0.060181,172.31.40.0-255,66,298035,64,312915
24911,0.062251,74.125.24.0-255,5738,303773,64,312915
24912,0.062261,172.31.40.0-255,66,303839,64,312915
24913,0.064335,74.125.24.0-255,5738,309577,64,312915
24914,0.064349,172.31.40.0-255,66,309643,64,312915
24915,0.066428,74.125.24.0-255,3035,312678,64,312915
24916,0.066445,172.31.40.0-255,66,312744,64,312915
24917,0.066727,172.31.40.0-255,105,312849,64,312915
24918,0.068724,74.125.24.0-255,66,312915,64,312915
24919,0.0,172.217.194.0-255,153,153,64,159491
24920,2.1e-05,172.31.40.0-255,66,219,64,159491
24921,2.7e-05,172.217.194.0-255,1484,1703,64,159491
24922,3.1e-05,172.31.40.0-255,66,1769,64,159491
24923,3.6e-05,172.217.194.0-255,2902,4671,64,159491
24924,3.8e-05,172.31.40.0-255,66,4737,64,159491
24925,4.5e-05,172.217.194.0-255,7156,11893,64,159491
24926,4.8e-05,172.31.40.0-255,66,11959,64,159491
24927,7.2e-05,172.217.194.0-255,1484,13443,64,159491
24928,7.5e-05,172.31.40.0-255,66,13509,64,159491
24929,0.000114,172.31.40.0-255,66,13575,64,159491
24930,0.000125,172.31.40.0-255,66,13641,64,159491
24931,0.000146,172.217.194.0-255,1484,15125,64,159491
24932,0.000147,172.31.40.0-255,66,15191,64,159491
24933,0.000164,172.217.194.0-255,7156,22347,64,159491
24934,0.000166,172.31.40.0-255,66,22413,64,159491
24935,0.000195,172.31.40.0-255,66,22479,64,159491
24936,0.000505,172.217.194.0-255,119,22598,64,159491
24937,0.00051,172.31.40.0-255,66,22664,64,159491
24938,0.000638,172.217.194.0-255,1484,24148,64,159491
24939,0.000642,172.31.40.0-255,66,24214,64,159491
24940,0.000655,172.217.194.0-255,2902,27116,64,159491
24941,0.000657,172.31.40.0-255,66,27182,64,159491
24942,0.000671,172.217.194.0-255,4320,31502,64,159491
24943,0.000673,172.31.40.0-255,66,31568,64,159491
24944,0.000685,172.217.194.0-255,1484,33052,64,159491
24945,0.000687,172.31.40.0-255,66,33118,64,159491
24946,0.000726,172.31.40.0-255,66,33184,64,159491
24947,0.000736,172.31.40.0-255,66,33250,64,159491
24948,0.000739,172.217.194.0-255,766,34016,64,159491
24949,0.001199,172.31.40.0-255,66,34082,64,159491
24950,0.001969,172.217.194.0-255,1484,35566,64,159491
24951,0.00198,172.217.194.0-255,2902,38468,64,159491
24952,0.001984,172.31.40.0-255,66,38534,64,159491
24953,0.001993,172.217.194.0-255,5738,44272,64,159491
24954,0.001995,172.31.40.0-255,66,44338,64,159491
24955,0.002041,172.31.40.0-255,66,44404,64,159491
24956,0.002051,172.31.40.0-255,66,44470,64,159491
24957,0.00207,172.217.194.0-255,2184,46654,64,159491
24958,0.002072,172.31.40.0-255,66,46720,64,159491
24959,0.002208,172.217.194.0-255,1484,48204,64,159491
24960,0.002223,172.217.194.0-255,2902,51106,64,159491
24961,0.002225,172.31.40.0-255,66,51172,64,159491
24962,0.002246,172.217.194.0-255,5738,56910,64,159491
24963,0.002249,172.31.40.0-255,66,56976,64,159491
24964,0.002255,172.217.194.0-255,4320,61296,64,159491
24965,0.002257,172.31.40.0-255,66,61362,64,159491
24966,0.002277,172.217.194.0-255,5738,67100,64,159491
24967,0.002279,172.31.40.0-255,66,67166,64,159491
24968,0.002293,172.217.194.0-255,1484,68650,64,159491
24969,0.002318,172.31.40.0-255,66,68716,64,159491
24970,0.002432,172.217.194.0-255,1484,70200,64,159491
24971,0.002435,172.217.194.0-255,1484,71684,64,159491
24972,0.002438,172.31.40.0-255,66,71750,64,159491
24973,0.002458,172.217.194.0-255,1484,73234,64,159491
24974,0.002465,172.217.194.0-255,5738,78972,64,159491
24975,0.002467,172.31.40.0-255,66,79038,64,159491
24976,0.00247,172.217.194.0-255,1484,80522,64,159491
24977,0.002491,172.31.40.0-255,66,80588,64,159491
24978,0.002517,172.217.194.0-255,1484,82072,64,159491
24979,0.002529,172.31.40.0-255,66,82138,64,159491
24980,0.002553,172.217.194.0-255,1484,83622,64,159491
24981,0.002557,172.217.194.0-255,2902,86524,64,159491
24982,0.00256,172.31.40.0-255,66,86590,64,159491
24983,0.002563,172.217.194.0-255,1484,88074,64,159491
24984,0.002584,172.217.194.0-255,2902,90976,64,159491
24985,0.002587,172.31.40.0-255,66,91042,64,159491
24986,0.002612,172.217.194.0-255,5738,96780,64,159491
24987,0.002615,172.31.40.0-255,66,96846,64,159491
24988,0.002622,172.217.194.0-255,7156,104002,64,159491
24989,0.002625,172.31.40.0-255,66,104068,64,159491
24990,0.002637,172.31.40.0-255,66,104134,64,159491
24991,0.002665,172.217.194.0-255,5738,109872,64,159491
24992,0.002668,172.31.40.0-255,66,109938,64,159491
24993,0.002702,172.31.40.0-255,66,110004,64,159491
24994,0.002717,172.31.40.0-255,66,110070,64,159491
24995,0.00272,172.217.194.0-255,1484,111554,64,159491
24996,0.002722,172.31.40.0-255,78,111632,64,159491
24997,0.002738,172.31.40.0-255,66,111698,64,159491
24998,0.002744,172.217.194.0-255,5738,117436,64,159491
24999,0.002747,172.31.40.0-255,66,117502,64,159491
25000,0.002754,172.217.194.0-255,7156,124658,64,159491
25001,0.002758,172.31.40.0-255,66,124724,64,159491
25002,0.00276,172.217.194.0-255,1484,126208,64,159491
25003,0.002765,172.217.194.0-255,2902,129110,64,159491
25004,0.002768,172.31.40.0-255,66,129176,64,159491
25005,0.002837,172.31.40.0-255,66,129242,64,159491
25006,0.002842,172.217.194.0-255,4320,133562,64,159491
25007,0.002844,172.31.40.0-255,66,133628,64,159491
25008,0.002847,172.217.194.0-255,1484,135112,64,159491
25009,0.002852,172.217.194.0-255,4320,139432,64,159491
25010,0.002855,172.31.40.0-255,66,139498,64,159491
25011,0.002875,172.31.40.0-255,66,139564,64,159491
25012,0.002888,172.31.40.0-255,66,139630,64,159491
25013,0.002938,172.31.40.0-255,66,139696,64,159491
25014,0.002967,172.31.40.0-255,66,139762,64,159491
25015,0.002974,172.217.194.0-255,7156,146918,64,159491
25016,0.002976,172.31.40.0-255,66,146984,64,159491
25017,0.003025,172.217.194.0-255,4320,151304,64,159491
25018,0.003042,172.217.194.0-255,3386,154690,64,159491
25019,0.003045,172.217.194.0-255,105,154795,64,159491
25020,0.007768,172.31.40.0-255,66,154861,64,159491
25021,0.00923,172.31.40.0-255,101,154962,64,159491
25022,0.010175,172.31.40.0-255,105,155067,64,159491
25023,0.011245,172.217.194.0-255,66,155133,64,159491
25024,0.012195,172.217.194.0-255,66,155199,64,159491
25025,0.031955,172.31.40.0-255,172,155371,64,159491
25026,0.031989,172.31.40.0-255,1111,156482,64,159491
25027,0.03205,172.31.40.0-255,1514,157996,64,159491
25028,0.032052,172.31.40.0-255,1297,159293,64,159491
25029,0.033542,104.244.42.0-255,66,159359,64,159491
25030,0.033584,104.244.42.0-255,66,159425,64,159491
25031,0.03361,104.244.42.0-255,66,159491,64,159491
25032,0.0,172.217.194.0-255,153,153,64,150349
25033,2.6e-05,172.31.40.0-255,66,219,64,150349
25034,3.4e-05,172.217.194.0-255,1484,1703,64,150349
25035,3.8e-05,172.31.40.0-255,66,1769,64,150349
25036,5.2e-05,172.217.194.0-255,2902,4671,64,150349
25037,5.5e-05,172.31.40.0-255,66,4737,64,150349
25038,6.3e-05,172.217.194.0-255,7156,11893,64,150349
25039,6.6e-05,172.31.40.0-255,66,11959,64,150349
25040,6.8e-05,172.217.194.0-255,1484,13443,64,150349
25041,7.1e-05,172.31.40.0-255,66,13509,64,150349
25042,8.6e-05,172.31.40.0-255,66,13575,64,150349
25043,0.000121,172.217.194.0-255,6797,20372,64,150349
25044,0.000124,172.31.40.0-255,66,20438,64,150349
25045,0.000169,172.217.194.0-255,1484,21922,64,150349
25046,0.000171,172.31.40.0-255,66,21988,64,150349
25047,0.000176,172.217.194.0-255,2902,24890,64,150349
25048,0.000178,172.31.40.0-255,66,24956,64,150349
25049,0.000181,172.217.194.0-255,1484,26440,64,150349
25050,0.000183,172.31.40.0-255,66,26506,64,150349
25051,0.000216,172.217.194.0-255,4320,30826,64,150349
25052,0.000219,172.31.40.0-255,66,30892,64,150349
25053,0.000226,172.217.194.0-255,5738,36630,64,150349
25054,0.000228,172.31.40.0-255,66,36696,64,150349
25055,0.000235,172.217.194.0-255,7156,43852,64,150349
25056,0.000238,172.31.40.0-255,66,43918,64,150349
25057,0.00027,172.217.194.0-255,6797,50715,64,150349
25058,0.000274,172.31.40.0-255,66,50781,64,150349
25059,0.000279,172.217.194.0-255,4250,55031,64,150349
25060,0.000281,172.31.40.0-255,66,55097,64,150349
25061,0.000284,172.217.194.0-255,398,55495,64,150349
25062,0.000286,172.31.40.0-255,66,55561,64,150349
25063,0.000413,172.217.194.0-255,1484,57045,64,150349
25064,0.00042,172.217.194.0-255,2902,59947,64,150349
25065,0.000423,172.31.40.0-255,66,60013,64,150349
25066,0.000456,172.217.194.0-255,5738,65751,64,150349
25067,0.000459,172.31.40.0-255,66,65817,64,150349
25068,0.000467,172.217.194.0-255,7156,72973,64,150349
25069,0.00047,172.31.40.0-255,66,73039,64,150349
25070,0.00048,172.217.194.0-255,1484,74523,64,150349
25071,0.000518,172.31.40.0-255,66,74589,64,150349
25072,0.000523,172.217.194.0-255,2184,76773,64,150349
25073,0.000525,172.31.40.0-255,66,76839,64,150349
25074,0.000896,172.217.194.0-255,1484,78323,64,150349
25075,0.000903,172.217.194.0-255,2902,81225,64,150349
25076,0.000906,172.31.40.0-255,66,81291,64,150349
25077,0.000912,172.217.194.0-255,2902,84193,64,150349
25078,0.000913,172.31.40.0-255,66,84259,64,150349
25079,0.000956,172.217.194.0-255,2902,87161,64,150349
25080,0.000959,172.31.40.0-255,66,87227,64,150349
25081,0.000973,172.31.40.0-255,66,87293,64,150349
25082,0.000997,172.217.194.0-255,2902,90195,64,150349
25083,0.000999,172.31.40.0-255,66,90261,64,150349
25084,0.001035,172.31.40.0-255,66,90327,64,150349
25085,0.001111,172.217.194.0-255,1484,91811,64,150349
25086,0.001117,172.217.194.0-255,2902,94713,64,150349
25087,0.00112,172.31.40.0-255,66,94779,64,150349
25088,0.001133,172.217.194.0-255,4320,99099,64,150349
25089,0.001139,172.31.40.0-255,66,99165,64,150349
25090,0.001167,172.217.194.0-255,1484,100649,64,150349
25091,0.001182,172.31.40.0-255,66,100715,64,150349
25092,0.0012,172.31.40.0-255,66,100781,64,150349
25093,0.001226,172.217.194.0-255,4320,105101,64,150349
25094,0.00123,172.31.40.0-255,66,105167,64,150349
25095,0.001259,172.31.40.0-255,66,105233,64,150349
25096,0.001317,172.31.40.0-255,66,105299,64,150349
25097,0.001345,172.217.194.0-255,5738,111037,64,150349
25098,0.001348,172.31.40.0-255,66,111103,64,150349
25099,0.001351,172.217.194.0-255,766,111869,64,150349
25100,0.001364,172.31.40.0-255,66,111935,64,150349
25101,0.001378,172.31.40.0-255,66,112001,64,150349
25102,0.001385,172.217.194.0-255,7156,119157,64,150349
25103,0.001388,172.31.40.0-255,66,119223,64,150349
25104,0.001409,172.217.194.0-255,2184,121407,64,150349
25105,0.001411,172.31.40.0-255,66,121473,64,150349
25106,0.001422,172.217.194.0-255,1484,122957,64,150349
25107,0.001426,172.217.194.0-255,1484,124441,64,150349
25108,0.001428,172.31.40.0-255,66,124507,64,150349
25109,0.001455,172.217.194.0-255,1484,125991,64,150349
25110,0.001461,172.217.194.0-255,5738,131729,64,150349
25111,0.001463,172.31.40.0-255,66,131795,64,150349
25112,0.001466,172.217.194.0-255,1484,133279,64,150349
25113,0.001497,172.31.40.0-255,66,133345,64,150349
25114,0.001509,172.31.40.0-255,66,133411,64,150349
25115,0.001537,172.217.194.0-255,766,134177,64,150349
25116,0.001571,172.217.194.0-255,1484,135661,64,150349
25117,0.001574,172.217.194.0-255,1484,137145,64,150349
25118,0.001578,172.31.40.0-255,66,137211,64,150349
25119,0.001604,172.217.194.0-255,1484,138695,64,150349
25120,0.001607,172.31.40.0-255,66,138761,64,150349
25121,0.001613,172.217.194.0-255,5738,144499,64,150349
25122,0.001616,172.31.40.0-255,66,144565,64,150349
25123,0.00163,172.31.40.0-255,66,144631,64,150349
25124,0.001632,172.217.194.0-255,1484,146115,64,150349
25125,0.001682,172.31.40.0-255,66,146181,64,150349
25126,0.001738,172.31.40.0-255,66,146247,64,150349
25127,0.001754,172.31.40.0-255,66,146313,64,150349
25128,0.001785,172.31.40.0-255,66,146379,64,150349
25129,0.001833,172.31.40.0-255,66,146445,64,150349
25130,0.001885,172.31.40.0-255,66,146511,64,150349
25131,0.001928,172.31.40.0-255,66,146577,64,150349
25132,0.001931,172.217.194.0-255,105,146682,64,150349
25133,0.003904,172.31.40.0-255,101,146783,64,150349
25134,0.004869,172.31.40.0-255,105,146888,64,150349
25135,0.006184,172.217.194.0-255,66,146954,64,150349
25136,0.007104,172.217.194.0-255,66,147020,64,150349
25137,0.046263,172.31.40.0-255,172,147192,64,150349
25138,0.046301,172.31.40.0-255,1108,148300,64,150349
25139,0.046366,172.31.40.0-255,1514,149814,64,150349
25140,0.046367,172.31.40.0-255,337,150151,64,150349
25141,0.047805,104.244.42.0-255,66,150217,64,150349
25142,0.047832,104.244.42.0-255,66,150283,64,150349
25143,0.047926,104.244.42.0-255,66,150349,64,150349
25144,0.0,172.31.40.0-255,105,105,64,459
25145,0.000137,172.31.40.0-255,90,195,64,459
25146,0.000147,172.31.40.0-255,66,261,64,459
25147,0.002483,74.125.24.0-255,66,327,64,459
25148,0.002505,74.125.24.0-255,66,393,64,459
25149,0.002515,172.31.40.0-255,66,459,64,459
25150,0.0,172.31.40.0-255,105,105,64,459
25151,0.000165,172.31.40.0-255,90,195,64,459
25152,0.000176,172.31.40.0-255,66,261,64,459
25153,0.002174,172.217.194.0-255,66,327,64,459
25154,0.002187,172.217.194.0-255,66,393,64,459
25155,0.002193,172.31.40.0-255,66,459,64,459
25156,0.0,74.125.68.0-255,299,299,64,412070
25157,2.3e-05,172.31.40.0-255,66,365,64,412070
25158,3e-05,74.125.68.0-255,1484,1849,64,412070
25159,3.4e-05,172.31.40.0-255,66,1915,64,412070
25160,3.9e-05,74.125.68.0-255,2902,4817,64,412070
25161,4.2e-05,172.31.40.0-255,66,4883,64,412070
25162,4.9e-05,74.125.68.0-255,5738,10621,64,412070
25163,5.2e-05,172.31.40.0-255,66,10687,64,412070
25164,5.8e-05,74.125.68.0-255,3258,13945,64,412070
25165,6e-05,172.31.40.0-255,66,14011,64,412070
25166,9e-05,74.125.68.0-255,4320,18331,64,412070
25167,9.2e-05,172.31.40.0-255,66,18397,64,412070
25168,0.00013,172.31.40.0-255,66,18463,64,412070
25169,0.000151,74.125.68.0-255,3961,22424,64,412070
25170,0.000154,172.31.40.0-255,66,22490,64,412070
25171,0.00047,74.125.68.0-255,1484,23974,64,412070
25172,0.000475,172.31.40.0-255,66,24040,64,412070
25173,0.00048,74.125.68.0-255,1484,25524,64,412070
25174,0.000482,172.31.40.0-255,66,25590,64,412070
25175,0.000497,74.125.68.0-255,1484,27074,64,412070
25176,0.000499,172.31.40.0-255,66,27140,64,412070
25177,0.000519,74.125.68.0-255,4320,31460,64,412070
25178,0.000522,172.31.40.0-255,66,31526,64,412070
25179,0.000546,74.125.68.0-255,5738,37264,64,412070
25180,0.000549,172.31.40.0-255,66,37330,64,412070
25181,0.000568,74.125.68.0-255,2543,39873,64,412070
25182,0.00057,172.31.40.0-255,66,39939,64,412070
25183,0.000584,74.125.68.0-255,2902,42841,64,412070
25184,0.000587,172.31.40.0-255,66,42907,64,412070
25185,0.000614,74.125.68.0-255,2902,45809,64,412070
25186,0.000617,172.31.40.0-255,66,45875,64,412070
25187,0.00062,74.125.68.0-255,1484,47359,64,412070
25188,0.000635,74.125.68.0-255,2902,50261,64,412070
25189,0.000653,172.31.40.0-255,66,50327,64,412070
25190,0.000667,74.125.68.0-255,4320,54647,64,412070
25191,0.000684,74.125.68.0-255,2543,57190,64,412070
25192,0.000695,172.31.40.0-255,66,57256,64,412070
25193,0.000933,74.125.68.0-255,646,57902,64,412070
25194,0.001119,172.31.40.0-255,66,57968,64,412070
25195,0.001166,74.125.68.0-255,1484,59452,64,412070
25196,0.001193,74.125.68.0-255,1484,60936,64,412070
25197,0.001204,74.125.68.0-255,1484,62420,64,412070
25198,0.001208,172.31.40.0-255,66,62486,64,412070
25199,0.00123,74.125.68.0-255,5738,68224,64,412070
25200,0.001245,172.31.40.0-255,66,68290,64,412070
25201,0.001264,74.125.68.0-255,1484,69774,64,412070
25202,0.001287,74.125.68.0-255,5738,75512,64,412070
25203,0.001291,74.125.68.0-255,2902,78414,64,412070
25204,0.001297,74.125.68.0-255,4320,82734,64,412070
25205,0.001317,172.31.40.0-255,66,82800,64,412070
25206,0.001331,74.125.68.0-255,2902,85702,64,412070
25207,0.001345,74.125.68.0-255,4320,90022,64,412070
25208,0.001353,172.31.40.0-255,66,90088,64,412070
25209,0.001381,74.125.68.0-255,2184,92272,64,412070
25210,0.0014,172.31.40.0-255,66,92338,64,412070
25211,0.001521,74.125.68.0-255,1484,93822,64,412070
25212,0.001542,74.125.68.0-255,2902,96724,64,412070
25213,0.001545,172.31.40.0-255,66,96790,64,412070
25214,0.001564,74.125.68.0-255,4320,101110,64,412070
25215,0.001569,172.31.40.0-255,66,101176,64,412070
25216,0.001582,74.125.68.0-255,1484,102660,64,412070
25217,0.001585,74.125.68.0-255,1484,104144,64,412070
25218,0.001589,74.125.68.0-255,2902,107046,64,412070
25219,0.001604,172.31.40.0-255,66,107112,64,412070
25220,0.001612,74.125.68.0-255,1484,108596,64,412070
25221,0.001627,74.125.68.0-255,4320,112916,64,412070
25222,0.00163,74.125.68.0-255,1484,114400,64,412070
25223,0.001642,74.125.68.0-255,1484,115884,64,412070
25224,0.001653,74.125.68.0-255,1484,117368,64,412070
25225,0.001655,172.31.40.0-255,66,117434,64,412070
25226,0.001672,74.125.68.0-255,4320,121754,64,412070
25227,0.001684,74.125.68.0-255,1484,123238,64,412070
25228,0.001686,74.125.68.0-255,1484,124722,64,412070
25229,0.001694,172.31.40.0-255,66,124788,64,412070
25230,0.001709,74.125.68.0-255,2184,126972,64,412070
25231,0.001723,172.31.40.0-255,66,127038,64,412070
25232,0.001874,74.125.68.0-255,1484,128522,64,412070
25233,0.001892,74.125.68.0-255,2902,131424,64,412070
25234,0.001895,172.31.40.0-255,66,131490,64,412070
25235,0.001919,74.125.68.0-255,5738,137228,64,412070
25236,0.001952,74.125.68.0-255,7156,144384,64,412070
25237,0.001958,74.125.68.0-255,5738,150122,64,412070
25238,0.001969,172.31.40.0-255,66,150188,64,412070
25239,0.001973,74.125.68.0-255,2902,153090,64,412070
25240,0.001982,172.31.40.0-255,66,153156,64,412070
25241,0.001989,74.125.68.0-255,5738,158894,64,412070
25242,0.00201,74.125.68.0-255,2184,161078,64,412070
25243,0.002014,172.31.40.0-255,66,161144,64,412070
25244,0.002151,74.125.68.0-255,1484,162628,64,412070
25245,0.002166,74.125.68.0-255,2902,165530,64,412070
25246,0.002169,172.31.40.0-255,66,165596,64,412070
25247,0.002189,74.125.68.0-255,5738,171334,64,412070
25248,0.002201,74.125.68.0-255,2902,174236,64,412070
25249,0.002222,74.125.68.0-255,4320,178556,64,412070
25250,0.002225,172.31.40.0-255,66,178622,64,412070
25251,0.00223,172.31.40.0-255,66,178688,64,412070
25252,0.002251,74.125.68.0-255,2902,181590,64,412070
25253,0.002264,74.125.68.0-255,2902,184492,64,412070
25254,0.002271,172.31.40.0-255,66,184558,64,412070
25255,0.002286,74.125.68.0-255,4320,188878,64,412070
25256,0.002297,172.31.40.0-255,66,188944,64,412070
25257,0.002306,74.125.68.0-255,2902,191846,64,412070
25258,0.002309,74.125.68.0-255,1484,193330,64,412070
25259,0.002312,172.31.40.0-255,66,193396,64,412070
25260,0.002324,74.125.68.0-255,6438,199834,64,412070
25261,0.002343,172.31.40.0-255,66,199900,64,412070
25262,0.004619,74.125.68.0-255,5738,205638,64,412070
25263,0.004626,172.31.40.0-255,66,205704,64,412070
25264,0.006939,74.125.68.0-255,4320,210024,64,412070
25265,0.006955,74.125.68.0-255,1484,211508,64,412070
25266,0.007834,172.31.40.0-255,66,211574,64,412070
25267,0.010115,74.125.68.0-255,5738,217312,64,412070
25268,0.010123,172.31.40.0-255,66,217378,64,412070
25269,0.012401,74.125.68.0-255,5738,223116,64,412070
25270,0.012409,172.31.40.0-255,66,223182,64,412070
25271,0.014699,74.125.68.0-255,5738,228920,64,412070
25272,0.015135,172.31.40.0-255,66,228986,64,412070
25273,0.017417,74.125.68.0-255,5738,234724,64,412070
25274,0.017427,172.31.40.0-255,66,234790,64,412070
25275,0.019713,74.125.68.0-255,5738,240528,64,412070
25276,0.019727,172.31.40.0-255,66,240594,64,412070
25277,0.02208,74.125.68.0-255,5738,246332,64,412070
25278,0.022093,172.31.40.0-255,66,246398,64,412070
25279,0.024393,74.125.68.0-255,5738,252136,64,412070
25280,0.024401,172.31.40.0-255,66,252202,64,412070
25281,0.026687,74.125.68.0-255,5738,257940,64,412070
25282,0.026695,172.31.40.0-255,66,258006,64,412070
25283,0.028986,74.125.68.0-255,5738,263744,64,412070
25284,0.028994,172.31.40.0-255,66,263810,64,412070
25285,0.031272,74.125.68.0-255,5738,269548,64,412070
25286,0.031278,172.31.40.0-255,66,269614,64,412070
25287,0.033027,172.31.40.0-255,229,269843,64,412070
25288,0.033057,172.31.40.0-255,1111,270954,64,412070
25289,0.033115,172.31.40.0-255,1514,272468,64,412070
25290,0.033117,172.31.40.0-255,1297,273765,64,412070
25291,0.033559,74.125.68.0-255,5738,279503,64,412070
25292,0.033565,172.31.40.0-255,66,279569,64,412070
25293,0.034567,104.244.42.0-255,66,279635,64,412070
25294,0.034611,104.244.42.0-255,66,279701,64,412070
25295,0.034672,104.244.42.0-255,66,279767,64,412070
25296,0.035843,74.125.68.0-255,5738,285505,64,412070
25297,0.035849,172.31.40.0-255,66,285571,64,412070
25298,0.03814,74.125.68.0-255,5738,291309,64,412070
25299,0.038147,172.31.40.0-255,66,291375,64,412070
25300,0.040446,74.125.68.0-255,5738,297113,64,412070
25301,0.040452,172.31.40.0-255,66,297179,64,412070
25302,0.042734,74.125.68.0-255,5738,302917,64,412070
25303,0.042741,172.31.40.0-255,66,302983,64,412070
25304,0.045031,74.125.68.0-255,5738,308721,64,412070
25305,0.045038,172.31.40.0-255,66,308787,64,412070
25306,0.047337,74.125.68.0-255,5738,314525,64,412070
25307,0.047343,172.31.40.0-255,66,314591,64,412070
25308,0.049636,74.125.68.0-255,5738,320329,64,412070
25309,0.049644,172.31.40.0-255,66,320395,64,412070
25310,0.051925,74.125.68.0-255,5738,326133,64,412070
25311,0.051937,172.31.40.0-255,66,326199,64,412070
25312,0.054225,74.125.68.0-255,5738,331937,64,412070
25313,0.054232,172.31.40.0-255,66,332003,64,412070
25314,0.056523,74.125.68.0-255,5738,337741,64,412070
25315,0.05653,172.31.40.0-255,66,337807,64,412070
25316,0.058814,74.125.68.0-255,5738,343545,64,412070
25317,0.058821,172.31.40.0-255,66,343611,64,412070
25318,0.061122,74.125.68.0-255,5738,349349,64,412070
25319,0.061128,172.31.40.0-255,66,349415,64,412070
25320,0.063411,74.125.68.0-255,5738,355153,64,412070
25321,0.063418,172.31.40.0-255,66,355219,64,412070
25322,0.065762,74.125.68.0-255,5738,360957,64,412070
25323,0.06577,172.31.40.0-255,66,361023,64,412070
25324,0.068056,74.125.68.0-255,5738,366761,64,412070
25325,0.068063,172.31.40.0-255,66,366827,64,412070
25326,0.070372,74.125.68.0-255,5738,372565,64,412070
25327,0.070379,172.31.40.0-255,66,372631,64,412070
25328,0.072666,74.125.68.0-255,5738,378369,64,412070
25329,0.072673,172.31.40.0-255,66,378435,64,412070
25330,0.074967,74.125.68.0-255,5738,384173,64,412070
25331,0.074973,172.31.40.0-255,66,384239,64,412070
25332,0.077273,74.125.68.0-255,5738,389977,64,412070
25333,0.077279,172.31.40.0-255,66,390043,64,412070
25334,0.0796,74.125.68.0-255,5738,395781,64,412070
25335,0.079606,172.31.40.0-255,66,395847,64,412070
25336,0.081891,74.125.68.0-255,5738,401585,64,412070
25337,0.081896,172.31.40.0-255,66,401651,64,412070
25338,0.084197,74.125.68.0-255,5738,407389,64,412070
25339,0.08421,172.31.40.0-255,66,407455,64,412070
25340,0.086512,74.125.68.0-255,4378,411833,64,412070
25341,0.086518,172.31.40.0-255,66,411899,64,412070
25342,0.086704,172.31.40.0-255,105,412004,64,412070
25343,0.08896,74.125.68.0-255,66,412070,64,412070
25344,0.0,172.217.26.0-255,297,297,64,344872
25345,1.3e-05,172.31.40.0-255,66,363,64,344872
25346,2e-05,172.217.26.0-255,1484,1847,64,344872
25347,2.4e-05,172.31.40.0-255,66,1913,64,344872
25348,3.1e-05,172.217.26.0-255,4320,6233,64,344872
25349,3.3e-05,172.31.40.0-255,66,6299,64,344872
25350,3.9e-05,172.217.26.0-255,4320,10619,64,344872
25351,4.2e-05,172.31.40.0-255,66,10685,64,344872
25352,7.1e-05,172.217.26.0-255,4701,15386,64,344872
25353,7.4e-05,172.31.40.0-255,66,15452,64,344872
25354,8.8e-05,172.31.40.0-255,66,15518,64,344872
25355,9.3e-05,172.217.26.0-255,3961,19479,64,344872
25356,9.6e-05,172.31.40.0-255,66,19545,64,344872
25357,0.000198,172.217.26.0-255,1484,21029,64,344872
25358,0.000202,172.31.40.0-255,66,21095,64,344872
25359,0.000207,172.217.26.0-255,2902,23997,64,344872
25360,0.00021,172.31.40.0-255,66,24063,64,344872
25361,0.000221,172.217.26.0-255,4320,28383,64,344872
25362,0.000223,172.31.40.0-255,66,28449,64,344872
25363,0.000261,172.217.26.0-255,1484,29933,64,344872
25364,0.000264,172.31.40.0-255,66,29999,64,344872
25365,0.000272,172.217.26.0-255,6797,36796,64,344872
25366,0.000275,172.31.40.0-255,66,36862,64,344872
25367,0.000282,172.217.26.0-255,7156,44018,64,344872
25368,0.000284,172.31.40.0-255,66,44084,64,344872
25369,0.000333,172.31.40.0-255,66,44150,64,344872
25370,0.00089,172.217.26.0-255,386,44536,64,344872
25371,0.000896,172.31.40.0-255,66,44602,64,344872
25372,0.000986,172.217.26.0-255,1484,46086,64,344872
25373,0.00099,172.31.40.0-255,66,46152,64,344872
25374,0.001004,172.217.26.0-255,1484,47636,64,344872
25375,0.001012,172.217.26.0-255,2902,50538,64,344872
25376,0.001018,172.217.26.0-255,5738,56276,64,344872
25377,0.001023,172.31.40.0-255,66,56342,64,344872
25378,0.001032,172.31.40.0-255,66,56408,64,344872
25379,0.001047,172.217.26.0-255,1484,57892,64,344872
25380,0.00107,172.217.26.0-255,3961,61853,64,344872
25381,0.001073,172.31.40.0-255,66,61919,64,344872
25382,0.001076,172.217.26.0-255,1484,63403,64,344872
25383,0.001111,172.217.26.0-255,4320,67723,64,344872
25384,0.001114,172.31.40.0-255,66,67789,64,344872
25385,0.001121,172.217.26.0-255,7156,74945,64,344872
25386,0.001124,172.31.40.0-255,66,75011,64,344872
25387,0.00115,172.217.26.0-255,1484,76495,64,344872
25388,0.001165,172.217.26.0-255,2543,79038,64,344872
25389,0.001168,172.31.40.0-255,66,79104,64,344872
25390,0.001199,172.217.26.0-255,4320,83424,64,344872
25391,0.001202,172.31.40.0-255,66,83490,64,344872
25392,0.001205,172.217.26.0-255,1484,84974,64,344872
25393,0.001227,172.217.26.0-255,1484,86458,64,344872
25394,0.001229,172.31.40.0-255,66,86524,64,344872
25395,0.001232,172.217.26.0-255,1484,88008,64,344872
25396,0.001249,172.217.26.0-255,2902,90910,64,344872
25397,0.001252,172.31.40.0-255,66,90976,64,344872
25398,0.001263,172.31.40.0-255,66,91042,64,344872
25399,0.001294,172.217.26.0-255,2902,93944,64,344872
25400,0.001296,172.31.40.0-255,66,94010,64,344872
25401,0.001326,172.31.40.0-255,66,94076,64,344872
25402,0.001363,172.217.26.0-255,1484,95560,64,344872
25403,0.001368,172.217.26.0-255,2902,98462,64,344872
25404,0.00137,172.31.40.0-255,66,98528,64,344872
25405,0.001376,172.217.26.0-255,5738,104266,64,344872
25406,0.001379,172.31.40.0-255,66,104332,64,344872
25407,0.001382,172.217.26.0-255,1484,105816,64,344872
25408,0.001386,172.217.26.0-255,2902,108718,64,344872
25409,0.001389,172.31.40.0-255,66,108784,64,344872
25410,0.001422,172.217.26.0-255,5738,114522,64,344872
25411,0.001425,172.31.40.0-255,66,114588,64,344872
25412,0.00144,172.31.40.0-255,66,114654,64,344872
25413,0.00162,172.217.26.0-255,1484,116138,64,344872
25414,0.001626,172.217.26.0-255,2902,119040,64,344872
25415,0.001629,172.31.40.0-255,66,119106,64,344872
25416,0.001636,172.217.26.0-255,5738,124844,64,344872
25417,0.001638,172.31.40.0-255,66,124910,64,344872
25418,0.001641,172.217.26.0-255,1484,126394,64,344872
25419,0.001662,172.217.26.0-255,2902,129296,64,344872
25420,0.001664,172.31.40.0-255,66,129362,64,344872
25421,0.001666,172.217.26.0-255,1484,130846,64,344872
25422,0.00167,172.217.26.0-255,2902,133748,64,344872
25423,0.001672,172.31.40.0-255,66,133814,64,344872
25424,0.001677,172.217.26.0-255,2902,136716,64,344872
25425,0.001678,172.31.40.0-255,66,136782,64,344872
25426,0.001699,172.217.26.0-255,2902,139684,64,344872
25427,0.001703,172.31.40.0-255,66,139750,64,344872
25428,0.001719,172.217.26.0-255,1484,141234,64,344872
25429,0.001757,172.31.40.0-255,66,141300,64,344872
25430,0.001801,172.217.26.0-255,1484,142784,64,344872
25431,0.001806,172.217.26.0-255,2902,145686,64,344872
25432,0.001808,172.31.40.0-255,66,145752,64,344872
25433,0.001812,172.217.26.0-255,1484,147236,64,344872
25434,0.001836,172.217.26.0-255,2902,150138,64,344872
25435,0.001839,172.31.40.0-255,66,150204,64,344872
25436,0.001846,172.217.26.0-255,5738,155942,64,344872
25437,0.001848,172.31.40.0-255,66,156008,64,344872
25438,0.001869,172.217.26.0-255,2902,158910,64,344872
25439,0.001876,172.31.40.0-255,66,158976,64,344872
25440,0.001879,172.217.26.0-255,1484,160460,64,344872
25441,0.001926,172.31.40.0-255,66,160526,64,344872
25442,0.003811,172.217.26.0-255,5738,166264,64,344872
25443,0.003818,172.31.40.0-255,66,166330,64,344872
25444,0.005712,172.217.26.0-255,5738,172068,64,344872
25445,0.00572,172.31.40.0-255,66,172134,64,344872
25446,0.007614,172.217.26.0-255,5738,177872,64,344872
25447,0.007617,172.31.40.0-255,66,177938,64,344872
25448,0.009511,172.217.26.0-255,2902,180840,64,344872
25449,0.009518,172.31.40.0-255,66,180906,64,344872
25450,0.009537,172.217.26.0-255,2902,183808,64,344872
25451,0.00954,172.31.40.0-255,66,183874,64,344872
25452,0.01141,172.217.26.0-255,2902,186776,64,344872
25453,0.011418,172.31.40.0-255,66,186842,64,344872
25454,0.011444,172.217.26.0-255,2902,189744,64,344872
25455,0.011447,172.31.40.0-255,66,189810,64,344872
25456,0.013312,172.217.26.0-255,2902,192712,64,344872
25457,0.01332,172.31.40.0-255,66,192778,64,344872
25458,0.013347,172.217.26.0-255,2902,195680,64,344872
25459,0.01335,172.31.40.0-255,66,195746,64,344872
25460,0.015212,172.217.26.0-255,2902,198648,64,344872
25461,0.01522,172.31.40.0-255,66,198714,64,344872
25462,0.015235,172.217.26.0-255,2902,201616,64,344872
25463,0.015242,172.31.40.0-255,66,201682,64,344872
25464,0.017118,172.217.26.0-255,2902,204584,64,344872
25465,0.017128,172.31.40.0-255,66,204650,64,344872
25466,0.01716,172.217.26.0-255,2902,207552,64,344872
25467,0.017163,172.31.40.0-255,66,207618,64,344872
25468,0.019027,172.217.26.0-255,2902,210520,64,344872
25469,0.019034,172.31.40.0-255,66,210586,64,344872
25470,0.019069,172.217.26.0-255,2902,213488,64,344872
25471,0.019072,172.31.40.0-255,66,213554,64,344872
25472,0.020931,172.217.26.0-255,2902,216456,64,344872
25473,0.020938,172.31.40.0-255,66,216522,64,344872
25474,0.020969,172.217.26.0-255,2902,219424,64,344872
25475,0.020972,172.31.40.0-255,66,219490,64,344872
25476,0.022832,172.217.26.0-255,2902,222392,64,344872
25477,0.02284,172.31.40.0-255,66,222458,64,344872
25478,0.022874,172.217.26.0-255,2902,225360,64,344872
25479,0.022877,172.31.40.0-255,66,225426,64,344872
25480,0.024723,172.217.26.0-255,2902,228328,64,344872
25481,0.02473,172.31.40.0-255,66,228394,64,344872
25482,0.024761,172.217.26.0-255,2902,231296,64,344872
25483,0.024763,172.31.40.0-255,66,231362,64,344872
25484,0.026663,172.217.26.0-255,2902,234264,64,344872
25485,0.026671,172.31.40.0-255,66,234330,64,344872
25486,0.026702,172.217.26.0-255,2902,237232,64,344872
25487,0.026705,172.31.40.0-255,66,237298,64,344872
25488,0.028563,172.217.26.0-255,2902,240200,64,344872
25489,0.02857,172.31.40.0-255,66,240266,64,344872
25490,0.028601,172.217.26.0-255,2902,243168,64,344872
25491,0.028604,172.31.40.0-255,66,243234,64,344872
25492,0.030461,172.217.26.0-255,2902,246136,64,344872
25493,0.030468,172.31.40.0-255,66,246202,64,344872
25494,0.030506,172.217.26.0-255,2902,249104,64,344872
25495,0.030508,172.31.40.0-255,66,249170,64,344872
25496,0.032364,172.217.26.0-255,2902,252072,64,344872
25497,0.032371,172.31.40.0-255,66,252138,64,344872
25498,0.032397,172.217.26.0-255,2902,255040,64,344872
25499,0.0324,172.31.40.0-255,66,255106,64,344872
25500,0.033442,172.31.40.0-255,172,255278,64,344872
25501,0.033473,172.31.40.0-255,1112,256390,64,344872
25502,0.033528,172.31.40.0-255,1514,257904,64,344872
25503,0.03353,172.31.40.0-255,1296,259200,64,344872
25504,0.034257,172.217.26.0-255,2902,262102,64,344872
25505,0.034263,172.31.40.0-255,66,262168,64,344872
25506,0.034297,172.217.26.0-255,2902,265070,64,344872
25507,0.0343,172.31.40.0-255,66,265136,64,344872
25508,0.034987,104.244.42.0-255,66,265202,64,344872
25509,0.035035,104.244.42.0-255,66,265268,64,344872
25510,0.035135,104.244.42.0-255,66,265334,64,344872
25511,0.036157,172.217.26.0-255,2902,268236,64,344872
25512,0.036162,172.31.40.0-255,66,268302,64,344872
25513,0.036193,172.217.26.0-255,2902,271204,64,344872
25514,0.036195,172.31.40.0-255,66,271270,64,344872
25515,0.038061,172.217.26.0-255,2902,274172,64,344872
25516,0.038067,172.31.40.0-255,66,274238,64,344872
25517,0.038098,172.217.26.0-255,2902,277140,64,344872
25518,0.038102,172.31.40.0-255,66,277206,64,344872
25519,0.039959,172.217.26.0-255,1484,278690,64,344872
25520,0.039984,172.217.26.0-255,4320,283010,64,344872
25521,0.03999,172.31.40.0-255,66,283076,64,344872
25522,0.041878,172.217.26.0-255,5738,288814,64,344872
25523,0.041884,172.31.40.0-255,66,288880,64,344872
25524,0.043811,172.217.26.0-255,5738,294618,64,344872
25525,0.043817,172.31.40.0-255,66,294684,64,344872
25526,0.045726,172.217.26.0-255,5738,300422,64,344872
25527,0.045733,172.31.40.0-255,66,300488,64,344872
25528,0.047629,172.217.26.0-255,5738,306226,64,344872
25529,0.047635,172.31.40.0-255,66,306292,64,344872
25530,0.049534,172.217.26.0-255,5738,312030,64,344872
25531,0.049541,172.31.40.0-255,66,312096,64,344872
25532,0.051447,172.217.26.0-255,5738,317834,64,344872
25533,0.051453,172.31.40.0-255,66,317900,64,344872
25534,0.053349,172.217.26.0-255,5738,323638,64,344872
25535,0.053355,172.31.40.0-255,66,323704,64,344872
25536,0.055242,172.217.26.0-255,5738,329442,64,344872
25537,0.055248,172.31.40.0-255,66,329508,64,344872
25538,0.057134,172.217.26.0-255,5738,335246,64,344872
25539,0.057141,172.31.40.0-255,66,335312,64,344872
25540,0.059028,172.217.26.0-255,5738,341050,64,344872
25541,0.059034,172.31.40.0-255,66,341116,64,344872
25542,0.060934,172.217.26.0-255,3519,344635,64,344872
25543,0.06094,172.31.40.0-255,66,344701,64,344872
25544,0.061105,172.31.40.0-255,105,344806,64,344872
25545,0.062971,172.217.26.0-255,66,344872,64,344872
25546,0.0,172.217.194.0-255,150,150,64,332817
25547,1.6e-05,172.31.40.0-255,66,216,64,332817
25548,2.3e-05,172.217.194.0-255,1484,1700,64,332817
25549,2.8e-05,172.31.40.0-255,66,1766,64,332817
25550,3.3e-05,172.217.194.0-255,2902,4668,64,332817
25551,3.6e-05,172.31.40.0-255,66,4734,64,332817
25552,4.3e-05,172.217.194.0-255,7156,11890,64,332817
25553,4.7e-05,172.31.40.0-255,66,11956,64,332817
25554,7.5e-05,172.217.194.0-255,4320,16276,64,332817
25555,7.7e-05,172.31.40.0-255,66,16342,64,332817
25556,0.000108,172.31.40.0-255,66,16408,64,332817
25557,0.000111,172.217.194.0-255,1484,17892,64,332817
25558,0.000113,172.31.40.0-255,66,17958,64,332817
25559,0.000117,172.217.194.0-255,1125,19083,64,332817
25560,0.000119,172.31.40.0-255,66,19149,64,332817
25561,0.000145,172.217.194.0-255,1484,20633,64,332817
25562,0.000147,172.31.40.0-255,66,20699,64,332817
25563,0.000153,172.217.194.0-255,4320,25019,64,332817
25564,0.000155,172.31.40.0-255,66,25085,64,332817
25565,0.000158,172.217.194.0-255,1484,26569,64,332817
25566,0.00016,172.31.40.0-255,66,26635,64,332817
25567,0.000199,172.31.40.0-255,66,26701,64,332817
25568,0.000207,172.217.194.0-255,5379,32080,64,332817
25569,0.000209,172.31.40.0-255,66,32146,64,332817
25570,0.000227,172.217.194.0-255,2902,35048,64,332817
25571,0.000229,172.31.40.0-255,66,35114,64,332817
25572,0.000257,172.31.40.0-255,66,35180,64,332817
25573,0.00026,172.217.194.0-255,117,35297,64,332817
25574,0.000263,172.31.40.0-255,66,35363,64,332817
25575,0.000411,172.217.194.0-255,377,35740,64,332817
25576,0.000722,172.217.194.0-255,1484,37224,64,332817
25577,0.000727,172.31.40.0-255,66,37290,64,332817
25578,0.000733,172.217.194.0-255,2902,40192,64,332817
25579,0.000735,172.31.40.0-255,66,40258,64,332817
25580,0.000773,172.217.194.0-255,4320,44578,64,332817
25581,0.000775,172.31.40.0-255,66,44644,64,332817
25582,0.000801,172.217.194.0-255,1484,46128,64,332817
25583,0.000815,172.31.40.0-255,66,46194,64,332817
25584,0.000829,172.31.40.0-255,66,46260,64,332817
25585,0.001322,172.217.194.0-255,1484,47744,64,332817
25586,0.001328,172.217.194.0-255,2902,50646,64,332817
25587,0.001332,172.31.40.0-255,66,50712,64,332817
25588,0.001336,172.217.194.0-255,1484,52196,64,332817
25589,0.00136,172.217.194.0-255,4320,56516,64,332817
25590,0.001362,172.31.40.0-255,66,56582,64,332817
25591,0.00137,172.217.194.0-255,7156,63738,64,332817
25592,0.001372,172.31.40.0-255,66,63804,64,332817
25593,0.001399,172.31.40.0-255,66,63870,64,332817
25594,0.001426,172.217.194.0-255,4320,68190,64,332817
25595,0.001428,172.31.40.0-255,66,68256,64,332817
25596,0.001432,172.217.194.0-255,2184,70440,64,332817
25597,0.001434,172.31.40.0-255,66,70506,64,332817
25598,0.002226,172.217.194.0-255,1484,71990,64,332817
25599,0.002236,172.217.194.0-255,2902,74892,64,332817
25600,0.002241,172.31.40.0-255,66,74958,64,332817
25601,0.00225,172.217.194.0-255,5738,80696,64,332817
25602,0.002252,172.31.40.0-255,66,80762,64,332817
25603,0.002292,172.31.40.0-255,66,80828,64,332817
25604,0.002332,172.31.40.0-255,66,80894,64,332817
25605,0.00235,172.217.194.0-255,2184,83078,64,332817
25606,0.002353,172.31.40.0-255,66,83144,64,332817
25607,0.004594,172.217.194.0-255,2902,86046,64,332817
25608,0.004598,172.31.40.0-255,66,86112,64,332817
25609,0.004642,172.217.194.0-255,2902,89014,64,332817
25610,0.004644,172.31.40.0-255,66,89080,64,332817
25611,0.00687,172.217.194.0-255,2902,91982,64,332817
25612,0.006876,172.31.40.0-255,66,92048,64,332817
25613,0.006905,172.217.194.0-255,2902,94950,64,332817
25614,0.006908,172.31.40.0-255,66,95016,64,332817
25615,0.00916,172.217.194.0-255,2902,97918,64,332817
25616,0.009167,172.31.40.0-255,66,97984,64,332817
25617,0.009187,172.217.194.0-255,2902,100886,64,332817
25618,0.009189,172.31.40.0-255,66,100952,64,332817
25619,0.011481,172.217.194.0-255,5738,106690,64,332817
25620,0.01149,172.31.40.0-255,66,106756,64,332817
25621,0.013796,172.217.194.0-255,5738,112494,64,332817
25622,0.013807,172.31.40.0-255,66,112560,64,332817
25623,0.016096,172.217.194.0-255,5738,118298,64,332817
25624,0.016104,172.31.40.0-255,66,118364,64,332817
25625,0.018379,172.217.194.0-255,5738,124102,64,332817
25626,0.018386,172.31.40.0-255,66,124168,64,332817
25627,0.02066,172.217.194.0-255,5738,129906,64,332817
25628,0.020668,172.31.40.0-255,66,129972,64,332817
25629,0.02297,172.217.194.0-255,5738,135710,64,332817
25630,0.022977,172.31.40.0-255,66,135776,64,332817
25631,0.025262,172.217.194.0-255,5738,141514,64,332817
25632,0.025269,172.31.40.0-255,66,141580,64,332817
25633,0.027556,172.217.194.0-255,5738,147318,64,332817
25634,0.027563,172.31.40.0-255,66,147384,64,332817
25635,0.029238,172.31.40.0-255,172,147556,64,332817
25636,0.029268,172.31.40.0-255,1111,148667,64,332817
25637,0.029324,172.31.40.0-255,1514,150181,64,332817
25638,0.029326,172.31.40.0-255,1514,151695,64,332817
25639,0.029327,172.31.40.0-255,694,152389,64,332817
25640,0.029836,172.217.194.0-255,5738,158127,64,332817
25641,0.029843,172.31.40.0-255,66,158193,64,332817
25642,0.030763,104.244.42.0-255,66,158259,64,332817
25643,0.030851,104.244.42.0-255,66,158325,64,332817
25644,0.030946,104.244.42.0-255,66,158391,64,332817
25645,0.030953,104.244.42.0-255,66,158457,64,332817
25646,0.031563,104.244.42.0-255,108,158565,64,332817
25647,0.031574,172.31.40.0-255,66,158631,64,332817
25648,0.032131,172.217.194.0-255,5738,164369,64,332817
25649,0.032136,172.31.40.0-255,66,164435,64,332817
25650,0.034452,172.217.194.0-255,5738,170173,64,332817
25651,0.034459,172.31.40.0-255,66,170239,64,332817
25652,0.036766,172.217.194.0-255,5738,175977,64,332817
25653,0.036772,172.31.40.0-255,66,176043,64,332817
25654,0.039086,172.217.194.0-255,5738,181781,64,332817
25655,0.039095,172.31.40.0-255,66,181847,64,332817
25656,0.041383,172.217.194.0-255,5738,187585,64,332817
25657,0.04139,172.31.40.0-255,66,187651,64,332817
25658,0.043683,172.217.194.0-255,5738,193389,64,332817
25659,0.04369,172.31.40.0-255,66,193455,64,332817
25660,0.045994,172.217.194.0-255,5738,199193,64,332817
25661,0.046001,172.31.40.0-255,66,199259,64,332817
25662,0.048296,172.217.194.0-255,5738,204997,64,332817
25663,0.048303,172.31.40.0-255,66,205063,64,332817
25664,0.050603,172.217.194.0-255,5738,210801,64,332817
25665,0.050609,172.31.40.0-255,66,210867,64,332817
25666,0.052893,172.217.194.0-255,1484,212351,64,332817
25667,0.052915,172.217.194.0-255,4320,216671,64,332817
25668,0.05292,172.31.40.0-255,66,216737,64,332817
25669,0.055189,172.217.194.0-255,5738,222475,64,332817
25670,0.055197,172.31.40.0-255,66,222541,64,332817
25671,0.057488,172.217.194.0-255,5738,228279,64,332817
25672,0.057495,172.31.40.0-255,66,228345,64,332817
25673,0.059796,172.217.194.0-255,5738,234083,64,332817
25674,0.059803,172.31.40.0-255,66,234149,64,332817
25675,0.062081,172.217.194.0-255,5738,239887,64,332817
25676,0.062087,172.31.40.0-255,66,239953,64,332817
25677,0.064393,172.217.194.0-255,5738,245691,64,332817
25678,0.0644,172.31.40.0-255,66,245757,64,332817
25679,0.066722,172.217.194.0-255,5738,251495,64,332817
25680,0.066728,172.31.40.0-255,66,251561,64,332817
25681,0.06901,172.217.194.0-255,5738,257299,64,332817
25682,0.069016,172.31.40.0-255,66,257365,64,332817
25683,0.071305,172.217.194.0-255,5738,263103,64,332817
25684,0.071311,172.31.40.0-255,66,263169,64,332817
25685,0.07361,172.217.194.0-255,5738,268907,64,332817
25686,0.073617,172.31.40.0-255,66,268973,64,332817
25687,0.0759,172.217.194.0-255,5738,274711,64,332817
25688,0.075908,172.31.40.0-255,66,274777,64,332817
25689,0.07822,172.217.194.0-255,5738,280515,64,332817
25690,0.078228,172.31.40.0-255,66,280581,64,332817
25691,0.080531,172.217.194.0-255,5738,286319,64,332817
25692,0.080537,172.31.40.0-255,66,286385,64,332817
25693,0.082833,172.217.194.0-255,5738,292123,64,332817
25694,0.082848,172.31.40.0-255,66,292189,64,332817
25695,0.085163,172.217.194.0-255,5738,297927,64,332817
25696,0.085169,172.31.40.0-255,66,297993,64,332817
25697,0.087486,172.217.194.0-255,5738,303731,64,332817
25698,0.087492,172.31.40.0-255,66,303797,64,332817
25699,0.089782,172.217.194.0-255,5738,309535,64,332817
25700,0.089789,172.31.40.0-255,66,309601,64,332817
25701,0.09207,172.217.194.0-255,5738,315339,64,332817
25702,0.092079,172.31.40.0-255,66,315405,64,332817
25703,0.094363,172.217.194.0-255,5738,321143,64,332817
25704,0.09437,172.31.40.0-255,66,321209,64,332817
25705,0.096653,172.217.194.0-255,5738,326947,64,332817
25706,0.09666,172.31.40.0-255,66,327013,64,332817
25707,0.098957,172.217.194.0-255,5738,332751,64,332817
25708,0.098963,172.31.40.0-255,66,332817,64,332817
25709,0.0,172.217.194.0-255,153,153,64,256640
25710,3.6e-05,172.31.40.0-255,66,219,64,256640
25711,4.4e-05,172.217.194.0-255,1484,1703,64,256640
25712,4.9e-05,172.31.40.0-255,66,1769,64,256640
25713,5.4e-05,172.217.194.0-255,2902,4671,64,256640
25714,6.4e-05,172.31.40.0-255,66,4737,64,256640
25715,7.3e-05,172.217.194.0-255,7156,11893,64,256640
25716,7.6e-05,172.31.40.0-255,66,11959,64,256640
25717,8.7e-05,172.31.40.0-255,66,12025,64,256640
25718,0.000145,172.31.40.0-255,66,12091,64,256640
25719,0.000148,172.217.194.0-255,1484,13575,64,256640
25720,0.000151,172.31.40.0-255,66,13641,64,256640
25721,0.000176,172.217.194.0-255,4320,17961,64,256640
25722,0.000183,172.31.40.0-255,66,18027,64,256640
25723,0.000191,172.217.194.0-255,7156,25183,64,256640
25724,0.000194,172.31.40.0-255,66,25249,64,256640
25725,0.000199,172.217.194.0-255,4320,29569,64,256640
25726,0.000201,172.31.40.0-255,66,29635,64,256640
25727,0.000249,172.31.40.0-255,66,29701,64,256640
25728,0.000255,172.217.194.0-255,5700,35401,64,256640
25729,0.000257,172.31.40.0-255,66,35467,64,256640
25730,0.000648,172.217.194.0-255,365,35832,64,256640
25731,0.000655,172.31.40.0-255,66,35898,64,256640
25732,0.000853,172.217.194.0-255,1484,37382,64,256640
25733,0.000859,172.31.40.0-255,66,37448,64,256640
25734,0.000872,172.217.194.0-255,2902,40350,64,256640
25735,0.000879,172.31.40.0-255,66,40416,64,256640
25736,0.000886,172.217.194.0-255,5738,46154,64,256640
25737,0.000889,172.31.40.0-255,66,46220,64,256640
25738,0.000895,172.217.194.0-255,4320,50540,64,256640
25739,0.000902,172.31.40.0-255,66,50606,64,256640
25740,0.000964,172.31.40.0-255,66,50672,64,256640
25741,0.001316,172.217.194.0-255,1484,52156,64,256640
25742,0.001322,172.217.194.0-255,2902,55058,64,256640
25743,0.001326,172.31.40.0-255,66,55124,64,256640
25744,0.001333,172.217.194.0-255,5738,60862,64,256640
25745,0.001351,172.31.40.0-255,66,60928,64,256640
25746,0.001364,172.217.194.0-255,4320,65248,64,256640
25747,0.001409,172.31.40.0-255,66,65314,64,256640
25748,0.001414,172.31.40.0-255,66,65380,64,256640
25749,0.001435,172.217.194.0-255,2184,67564,64,256640
25750,0.001442,172.217.194.0-255,2902,70466,64,256640
25751,0.001446,172.217.194.0-255,2902,73368,64,256640
25752,0.001465,172.217.194.0-255,4320,77688,64,256640
25753,0.001468,172.217.194.0-255,1484,79172,64,256640
25754,0.001476,172.31.40.0-255,66,79238,64,256640
25755,0.0015,172.217.194.0-255,1484,80722,64,256640
25756,0.001512,172.31.40.0-255,66,80788,64,256640
25757,0.001526,172.217.194.0-255,5020,85808,64,256640
25758,0.001549,172.31.40.0-255,66,85874,64,256640
25759,0.001689,172.217.194.0-255,1484,87358,64,256640
25760,0.00171,172.217.194.0-255,2902,90260,64,256640
25761,0.001728,172.31.40.0-255,66,90326,64,256640
25762,0.001739,172.217.194.0-255,4320,94646,64,256640
25763,0.001756,172.31.40.0-255,66,94712,64,256640
25764,0.001784,172.217.194.0-255,4320,99032,64,256640
25765,0.001845,172.31.40.0-255,66,99098,64,256640
25766,0.00189,172.217.194.0-255,1484,100582,64,256640
25767,0.001896,172.217.194.0-255,2902,103484,64,256640
25768,0.001899,172.217.194.0-255,1484,104968,64,256640
25769,0.001911,172.31.40.0-255,66,105034,64,256640
25770,0.001922,172.217.194.0-255,4320,109354,64,256640
25771,0.001924,172.217.194.0-255,1484,110838,64,256640
25772,0.001951,172.31.40.0-255,66,110904,64,256640
25773,0.001982,172.31.40.0-255,66,110970,64,256640
25774,0.001996,172.31.40.0-255,66,111036,64,256640
25775,0.002026,172.217.194.0-255,3602,114638,64,256640
25776,0.002031,172.217.194.0-255,2902,117540,64,256640
25777,0.002036,172.217.194.0-255,4320,121860,64,256640
25778,0.002075,172.31.40.0-255,66,121926,64,256640
25779,0.002128,172.217.194.0-255,6438,128364,64,256640
25780,0.002134,172.31.40.0-255,66,128430,64,256640
25781,0.002143,172.217.194.0-255,1484,129914,64,256640
25782,0.002153,172.217.194.0-255,2902,132816,64,256640
25783,0.002159,172.217.194.0-255,5738,138554,64,256640
25784,0.002185,172.31.40.0-255,66,138620,64,256640
25785,0.002205,172.31.40.0-255,66,138686,64,256640
25786,0.002212,172.217.194.0-255,2902,141588,64,256640
25787,0.002239,172.217.194.0-255,2902,144490,64,256640
25788,0.002247,172.31.40.0-255,66,144556,64,256640
25789,0.002269,172.31.40.0-255,66,144622,64,256640
25790,0.004552,172.217.194.0-255,5738,150360,64,256640
25791,0.004559,172.31.40.0-255,66,150426,64,256640
25792,0.006869,172.217.194.0-255,5738,156164,64,256640
25793,0.013074,172.31.40.0-255,66,156230,64,256640
25794,0.014239,172.217.194.0-255,1484,157714,64,256640
25795,0.015375,172.217.194.0-255,4320,162034,64,256640
25796,0.015385,172.31.40.0-255,66,162100,64,256640
25797,0.0177,172.217.194.0-255,5738,167838,64,256640
25798,0.024074,172.31.40.0-255,66,167904,64,256640
25799,0.026386,172.217.194.0-255,5738,173642,64,256640
25800,0.026403,172.31.40.0-255,66,173708,64,256640
25801,0.028667,172.217.194.0-255,5738,179446,64,256640
25802,0.028675,172.31.40.0-255,66,179512,64,256640
25803,0.030952,172.217.194.0-255,5738,185250,64,256640
25804,0.030961,172.31.40.0-255,66,185316,64,256640
25805,0.033219,172.217.194.0-255,5738,191054,64,256640
25806,0.033231,172.31.40.0-255,66,191120,64,256640
25807,0.035546,172.217.194.0-255,5738,196858,64,256640
25808,0.035559,172.31.40.0-255,66,196924,64,256640
25809,0.037832,172.217.194.0-255,5738,202662,64,256640
25810,0.037842,172.31.40.0-255,66,202728,64,256640
25811,0.040107,172.217.194.0-255,5738,208466,64,256640
25812,0.040122,172.31.40.0-255,66,208532,64,256640
25813,0.042375,172.217.194.0-255,5738,214270,64,256640
25814,0.042383,172.31.40.0-255,66,214336,64,256640
25815,0.044544,172.31.40.0-255,172,214508,64,256640
25816,0.044577,172.31.40.0-255,1113,215621,64,256640
25817,0.044634,172.31.40.0-255,1514,217135,64,256640
25818,0.044636,172.31.40.0-255,1178,218313,64,256640
25819,0.044651,172.217.194.0-255,5738,224051,64,256640
25820,0.04466,172.31.40.0-255,66,224117,64,256640
25821,0.046096,104.244.42.0-255,66,224183,64,256640
25822,0.046224,104.244.42.0-255,66,224249,64,256640
25823,0.046274,104.244.42.0-255,66,224315,64,256640
25824,0.046962,172.217.194.0-255,5738,230053,64,256640
25825,0.046972,172.31.40.0-255,66,230119,64,256640
25826,0.047536,104.244.42.0-255,108,230227,64,256640
25827,0.047541,172.31.40.0-255,66,230293,64,256640
25828,0.049298,172.217.194.0-255,5738,236031,64,256640
25829,0.049311,172.31.40.0-255,66,236097,64,256640
25830,0.051604,172.217.194.0-255,5738,241835,64,256640
25831,0.051622,172.31.40.0-255,66,241901,64,256640
25832,0.053903,172.217.194.0-255,5738,247639,64,256640
25833,0.053922,172.31.40.0-255,66,247705,64,256640
25834,0.05623,172.217.194.0-255,5738,253443,64,256640
25835,0.056246,172.31.40.0-255,66,253509,64,256640
25836,0.058509,172.217.194.0-255,2894,256403,64,256640
25837,0.058526,172.31.40.0-255,66,256469,64,256640
25838,0.05881,172.31.40.0-255,105,256574,64,256640
25839,0.061023,172.217.194.0-255,66,256640,64,256640
25840,0.0,172.253.118.0-255,153,153,64,340911
25841,2.3e-05,172.31.40.0-255,66,219,64,340911
25842,3e-05,172.253.118.0-255,1484,1703,64,340911
25843,3.5e-05,172.31.40.0-255,66,1769,64,340911
25844,3.8e-05,172.253.118.0-255,1484,3253,64,340911
25845,4.2e-05,172.31.40.0-255,66,3319,64,340911
25846,6.2e-05,172.253.118.0-255,1484,4803,64,340911
25847,6.5e-05,172.31.40.0-255,66,4869,64,340911
25848,7.7e-05,172.253.118.0-255,1484,6353,64,340911
25849,8e-05,172.31.40.0-255,66,6419,64,340911
25850,0.000109,172.253.118.0-255,5738,12157,64,340911
25851,0.000111,172.31.40.0-255,66,12223,64,340911
25852,0.000131,172.253.118.0-255,2093,14316,64,340911
25853,0.000133,172.31.40.0-255,66,14382,64,340911
25854,0.000336,172.253.118.0-255,1484,15866,64,340911
25855,0.000341,172.31.40.0-255,66,15932,64,340911
25856,0.000363,172.253.118.0-255,1484,17416,64,340911
25857,0.000365,172.31.40.0-255,66,17482,64,340911
25858,0.000371,172.253.118.0-255,2902,20384,64,340911
25859,0.000373,172.31.40.0-255,66,20450,64,340911
25860,0.000399,172.253.118.0-255,1484,21934,64,340911
25861,0.000401,172.31.40.0-255,66,22000,64,340911
25862,0.000434,172.253.118.0-255,4320,26320,64,340911
25863,0.000438,172.31.40.0-255,66,26386,64,340911
25864,0.000444,172.253.118.0-255,5379,31765,64,340911
25865,0.000447,172.31.40.0-255,66,31831,64,340911
25866,0.000454,172.253.118.0-255,5738,37569,64,340911
25867,0.000457,172.31.40.0-255,66,37635,64,340911
25868,0.000468,172.31.40.0-255,66,37701,64,340911
25869,0.000472,172.253.118.0-255,2902,40603,64,340911
25870,0.000474,172.31.40.0-255,66,40669,64,340911
25871,0.000505,172.253.118.0-255,7156,47825,64,340911
25872,0.000508,172.31.40.0-255,66,47891,64,340911
25873,0.000514,172.253.118.0-255,4320,52211,64,340911
25874,0.000516,172.31.40.0-255,66,52277,64,340911
25875,0.000522,172.253.118.0-255,5020,57297,64,340911
25876,0.000525,172.31.40.0-255,66,57363,64,340911
25877,0.000528,172.253.118.0-255,394,57757,64,340911
25878,0.000569,172.253.118.0-255,112,57869,64,340911
25879,0.000676,172.253.118.0-255,1484,59353,64,340911
25880,0.00068,172.31.40.0-255,66,59419,64,340911
25881,0.000685,172.253.118.0-255,2902,62321,64,340911
25882,0.000688,172.31.40.0-255,66,62387,64,340911
25883,0.000701,172.253.118.0-255,2902,65289,64,340911
25884,0.000704,172.31.40.0-255,66,65355,64,340911
25885,0.000723,172.253.118.0-255,2902,68257,64,340911
25886,0.000725,172.31.40.0-255,66,68323,64,340911
25887,0.000762,172.31.40.0-255,66,68389,64,340911
25888,0.000768,172.253.118.0-255,4320,72709,64,340911
25889,0.00077,172.31.40.0-255,66,72775,64,340911
25890,0.000801,172.253.118.0-255,2902,75677,64,340911
25891,0.000804,172.31.40.0-255,66,75743,64,340911
25892,0.000823,172.253.118.0-255,3602,79345,64,340911
25893,0.000826,172.31.40.0-255,66,79411,64,340911
25894,0.001184,172.253.118.0-255,1484,80895,64,340911
25895,0.001216,172.253.118.0-255,2902,83797,64,340911
25896,0.00122,172.31.40.0-255,66,83863,64,340911
25897,0.001244,172.253.118.0-255,5738,89601,64,340911
25898,0.001246,172.31.40.0-255,66,89667,64,340911
25899,0.001263,172.253.118.0-255,1484,91151,64,340911
25900,0.001291,172.253.118.0-255,5738,96889,64,340911
25901,0.001295,172.31.40.0-255,66,96955,64,340911
25902,0.001305,172.31.40.0-255,66,97021,64,340911
25903,0.00131,172.253.118.0-255,4320,101341,64,340911
25904,0.001312,172.31.40.0-255,66,101407,64,340911
25905,0.001334,172.253.118.0-255,3602,105009,64,340911
25906,0.001337,172.31.40.0-255,66,105075,64,340911
25907,0.001389,172.253.118.0-255,1484,106559,64,340911
25908,0.001393,172.253.118.0-255,1484,108043,64,340911
25909,0.001396,172.31.40.0-255,66,108109,64,340911
25910,0.001412,172.253.118.0-255,1484,109593,64,340911
25911,0.001418,172.253.118.0-255,4320,113913,64,340911
25912,0.00142,172.31.40.0-255,66,113979,64,340911
25913,0.001437,172.253.118.0-255,1484,115463,64,340911
25914,0.00146,172.253.118.0-255,5738,121201,64,340911
25915,0.001463,172.31.40.0-255,66,121267,64,340911
25916,0.001489,172.253.118.0-255,7156,128423,64,340911
25917,0.001492,172.31.40.0-255,66,128489,64,340911
25918,0.001497,172.253.118.0-255,2902,131391,64,340911
25919,0.001499,172.31.40.0-255,66,131457,64,340911
25920,0.001545,172.31.40.0-255,66,131523,64,340911
25921,0.001571,172.253.118.0-255,1484,133007,64,340911
25922,0.001583,172.253.118.0-255,2902,135909,64,340911
25923,0.001587,172.31.40.0-255,66,135975,64,340911
25924,0.001609,172.253.118.0-255,5738,141713,64,340911
25925,0.001614,172.253.118.0-255,4320,146033,64,340911
25926,0.001619,172.31.40.0-255,66,146099,64,340911
25927,0.001626,172.31.40.0-255,66,146165,64,340911
25928,0.001664,172.31.40.0-255,66,146231,64,340911
25929,0.001689,172.31.40.0-255,66,146297,64,340911
25930,0.001786,172.253.118.0-255,1484,147781,64,340911
25931,0.001807,172.253.118.0-255,2902,150683,64,340911
25932,0.001811,172.31.40.0-255,66,150749,64,340911
25933,0.001814,172.253.118.0-255,1484,152233,64,340911
25934,0.001831,172.253.118.0-255,1484,153717,64,340911
25935,0.001834,172.31.40.0-255,66,153783,64,340911
25936,0.001839,172.253.118.0-255,4320,158103,64,340911
25937,0.001842,172.31.40.0-255,66,158169,64,340911
25938,0.00188,172.31.40.0-255,66,158235,64,340911
25939,0.001886,172.253.118.0-255,4320,162555,64,340911
25940,0.001888,172.31.40.0-255,66,162621,64,340911
25941,0.001922,172.253.118.0-255,2902,165523,64,340911
25942,0.001925,172.31.40.0-255,66,165589,64,340911
25943,0.001951,172.253.118.0-255,6438,172027,64,340911
25944,0.001954,172.31.40.0-255,66,172093,64,340911
25945,0.002168,172.253.118.0-255,1484,173577,64,340911
25946,0.002184,172.253.118.0-255,1484,175061,64,340911
25947,0.002188,172.31.40.0-255,66,175127,64,340911
25948,0.002212,172.253.118.0-255,1484,176611,64,340911
25949,0.002218,172.253.118.0-255,5738,182349,64,340911
25950,0.002221,172.31.40.0-255,66,182415,64,340911
25951,0.002238,172.253.118.0-255,1484,183899,64,340911
25952,0.002279,172.31.40.0-255,66,183965,64,340911
25953,0.004473,172.253.118.0-255,4320,188285,64,340911
25954,0.004484,172.31.40.0-255,66,188351,64,340911
25955,0.004505,172.253.118.0-255,1484,189835,64,340911
25956,0.006744,172.253.118.0-255,1484,191319,64,340911
25957,0.006747,172.31.40.0-255,66,191385,64,340911
25958,0.006768,172.253.118.0-255,2902,194287,64,340911
25959,0.006771,172.31.40.0-255,66,194353,64,340911
25960,0.008957,172.253.118.0-255,5738,200091,64,340911
25961,0.00897,172.31.40.0-255,66,200157,64,340911
25962,0.011226,172.253.118.0-255,5738,205895,64,340911
25963,0.011241,172.31.40.0-255,66,205961,64,340911
25964,0.013484,172.253.118.0-255,5738,211699,64,340911
25965,0.013496,172.31.40.0-255,66,211765,64,340911
25966,0.015733,172.253.118.0-255,5738,217503,64,340911
25967,0.015752,172.31.40.0-255,66,217569,64,340911
25968,0.017983,172.253.118.0-255,5738,223307,64,340911
25969,0.017999,172.31.40.0-255,66,223373,64,340911
25970,0.020223,172.253.118.0-255,5738,229111,64,340911
25971,0.020233,172.31.40.0-255,66,229177,64,340911
25972,0.022482,172.253.118.0-255,5738,234915,64,340911
25973,0.022492,172.31.40.0-255,66,234981,64,340911
25974,0.024729,172.253.118.0-255,2902,237883,64,340911
25975,0.024738,172.31.40.0-255,66,237949,64,340911
25976,0.02476,172.253.118.0-255,2902,240851,64,340911
25977,0.024762,172.31.40.0-255,66,240917,64,340911
25978,0.027049,172.253.118.0-255,2902,243819,64,340911
25979,0.027056,172.31.40.0-255,66,243885,64,340911
25980,0.027077,172.253.118.0-255,2902,246787,64,340911
25981,0.027079,172.31.40.0-255,66,246853,64,340911
25982,0.029261,172.253.118.0-255,2902,249755,64,340911
25983,0.029269,172.31.40.0-255,66,249821,64,340911
25984,0.0293,172.253.118.0-255,2902,252723,64,340911
25985,0.029304,172.31.40.0-255,66,252789,64,340911
25986,0.031572,172.253.118.0-255,2902,255691,64,340911
25987,0.031582,172.31.40.0-255,66,255757,64,340911
25988,0.031607,172.253.118.0-255,2902,258659,64,340911
25989,0.03161,172.31.40.0-255,66,258725,64,340911
25990,0.033779,172.253.118.0-255,2902,261627,64,340911
25991,0.033786,172.31.40.0-255,66,261693,64,340911
25992,0.033806,172.253.118.0-255,2902,264595,64,340911
25993,0.033809,172.31.40.0-255,66,264661,64,340911
25994,0.036005,172.253.118.0-255,2902,267563,64,340911
25995,0.036016,172.31.40.0-255,66,267629,64,340911
25996,0.036037,172.253.118.0-255,2902,270531,64,340911
25997,0.03604,172.31.40.0-255,66,270597,64,340911
25998,0.038238,172.253.118.0-255,5738,276335,64,340911
25999,0.038248,172.31.40.0-255,66,276401,64,340911
26000,0.040453,172.253.118.0-255,5738,282139,64,340911
26001,0.040461,172.31.40.0-255,66,282205,64,340911
26002,0.042687,172.253.118.0-255,5738,287943,64,340911
26003,0.042701,172.31.40.0-255,66,288009,64,340911
26004,0.044906,172.253.118.0-255,5738,293747,64,340911
26005,0.04492,172.31.40.0-255,66,293813,64,340911
26006,0.04714,172.253.118.0-255,5738,299551,64,340911
26007,0.047158,172.31.40.0-255,66,299617,64,340911
26008,0.049378,172.253.118.0-255,5738,305355,64,340911
26009,0.049386,172.31.40.0-255,66,305421,64,340911
26010,0.051602,172.253.118.0-255,5738,311159,64,340911
26011,0.051612,172.31.40.0-255,66,311225,64,340911
26012,0.053816,172.253.118.0-255,5738,316963,64,340911
26013,0.053822,172.31.40.0-255,66,317029,64,340911
26014,0.055593,172.31.40.0-255,172,317201,64,340911
26015,0.055636,172.31.40.0-255,1112,318313,64,340911
26016,0.055706,172.31.40.0-255,1514,319827,64,340911
26017,0.055708,172.31.40.0-255,1296,321123,64,340911
26018,0.056025,172.253.118.0-255,5738,326861,64,340911
26019,0.056034,172.31.40.0-255,66,326927,64,340911
26020,0.057141,104.244.42.0-255,66,326993,64,340911
26021,0.057192,104.244.42.0-255,66,327059,64,340911
26022,0.057293,104.244.42.0-255,66,327125,64,340911
26023,0.058243,172.253.118.0-255,4320,331445,64,340911
26024,0.058248,172.31.40.0-255,66,331511,64,340911
26025,0.058272,172.253.118.0-255,1484,332995,64,340911
26026,0.060461,172.253.118.0-255,4320,337315,64,340911
26027,0.060468,172.31.40.0-255,66,337381,64,340911
26028,0.062671,172.253.118.0-255,3293,340674,64,340911
26029,0.062678,172.31.40.0-255,66,340740,64,340911
26030,0.062837,172.31.40.0-255,105,340845,64,340911
26031,0.065021,172.253.118.0-255,66,340911,64,340911
26032,0.0,74.125.24.0-255,150,150,64,239442
26033,2.1e-05,172.31.40.0-255,66,216,64,239442
26034,2.8e-05,74.125.24.0-255,1484,1700,64,239442
26035,3.4e-05,172.31.40.0-255,66,1766,64,239442
26036,3.9e-05,74.125.24.0-255,2902,4668,64,239442
26037,4.3e-05,172.31.40.0-255,66,4734,64,239442
26038,5.1e-05,74.125.24.0-255,7156,11890,64,239442
26039,5.4e-05,172.31.40.0-255,66,11956,64,239442
26040,6.9e-05,172.31.40.0-255,66,12022,64,239442
26041,9.7e-05,74.125.24.0-255,6797,18819,64,239442
26042,0.000101,172.31.40.0-255,66,18885,64,239442
26043,0.00013,74.125.24.0-255,2902,21787,64,239442
26044,0.000132,172.31.40.0-255,66,21853,64,239442
26045,0.000138,74.125.24.0-255,4320,26173,64,239442
26046,0.00014,172.31.40.0-255,66,26239,64,239442
26047,0.000174,172.31.40.0-255,66,26305,64,239442
26048,0.000214,172.31.40.0-255,66,26371,64,239442
26049,0.000259,172.31.40.0-255,66,26437,64,239442
26050,0.000262,74.125.24.0-255,129,26566,64,239442
26051,0.000264,172.31.40.0-255,66,26632,64,239442
26052,0.000351,74.125.24.0-255,1484,28116,64,239442
26053,0.000355,172.31.40.0-255,66,28182,64,239442
26054,0.000361,74.125.24.0-255,2902,31084,64,239442
26055,0.000363,172.31.40.0-255,66,31150,64,239442
26056,0.000366,74.125.24.0-255,1484,32634,64,239442
26057,0.000368,172.31.40.0-255,66,32700,64,239442
26058,0.000388,74.125.24.0-255,4320,37020,64,239442
26059,0.000391,172.31.40.0-255,66,37086,64,239442
26060,0.000396,74.125.24.0-255,5738,42824,64,239442
26061,0.000399,172.31.40.0-255,66,42890,64,239442
26062,0.000424,74.125.24.0-255,7156,50046,64,239442
26063,0.000427,172.31.40.0-255,66,50112,64,239442
26064,0.000451,74.125.24.0-255,7156,57268,64,239442
26065,0.000454,172.31.40.0-255,66,57334,64,239442
26066,0.000472,74.125.24.0-255,3602,60936,64,239442
26067,0.000474,172.31.40.0-255,66,61002,64,239442
26068,0.00051,74.125.24.0-255,1484,62486,64,239442
26069,0.000516,74.125.24.0-255,2902,65388,64,239442
26070,0.000518,172.31.40.0-255,66,65454,64,239442
26071,0.000522,74.125.24.0-255,1484,66938,64,239442
26072,0.000544,74.125.24.0-255,4320,71258,64,239442
26073,0.000547,172.31.40.0-255,66,71324,64,239442
26074,0.000559,172.31.40.0-255,66,71390,64,239442
26075,0.000583,74.125.24.0-255,1484,72874,64,239442
26076,0.000596,172.31.40.0-255,66,72940,64,239442
26077,0.000603,74.125.24.0-255,5738,78678,64,239442
26078,0.000606,172.31.40.0-255,66,78744,64,239442
26079,0.000647,74.125.24.0-255,4320,83064,64,239442
26080,0.00065,172.31.40.0-255,66,83130,64,239442
26081,0.000676,74.125.24.0-255,2902,86032,64,239442
26082,0.000679,172.31.40.0-255,66,86098,64,239442
26083,0.000693,172.31.40.0-255,66,86164,64,239442
26084,0.0007,74.125.24.0-255,6438,92602,64,239442
26085,0.000702,172.31.40.0-255,66,92668,64,239442
26086,0.000779,74.125.24.0-255,1484,94152,64,239442
26087,0.000801,74.125.24.0-255,2902,97054,64,239442
26088,0.000804,172.31.40.0-255,66,97120,64,239442
26089,0.000807,74.125.24.0-255,1484,98604,64,239442
26090,0.000811,74.125.24.0-255,1484,100088,64,239442
26091,0.000813,172.31.40.0-255,66,100154,64,239442
26092,0.000829,74.125.24.0-255,4320,104474,64,239442
26093,0.000832,172.31.40.0-255,66,104540,64,239442
26094,0.000848,74.125.24.0-255,4320,108860,64,239442
26095,0.000851,172.31.40.0-255,66,108926,64,239442
26096,0.000884,172.31.40.0-255,66,108992,64,239442
26097,0.000891,74.125.24.0-255,7156,116148,64,239442
26098,0.000893,172.31.40.0-255,66,116214,64,239442
26099,0.00094,172.31.40.0-255,66,116280,64,239442
26100,0.000972,74.125.24.0-255,766,117046,64,239442
26101,0.00099,172.31.40.0-255,66,117112,64,239442
26102,0.001472,74.125.24.0-255,1484,118596,64,239442
26103,0.001488,74.125.24.0-255,2902,121498,64,239442
26104,0.001494,172.31.40.0-255,66,121564,64,239442
26105,0.001504,74.125.24.0-255,5738,127302,64,239442
26106,0.001507,172.31.40.0-255,66,127368,64,239442
26107,0.001532,74.125.24.0-255,2902,130270,64,239442
26108,0.001535,172.31.40.0-255,66,130336,64,239442
26109,0.001541,74.125.24.0-255,4320,134656,64,239442
26110,0.001543,172.31.40.0-255,66,134722,64,239442
26111,0.001559,74.125.24.0-255,1484,136206,64,239442
26112,0.001586,74.125.24.0-255,7156,143362,64,239442
26113,0.001589,172.31.40.0-255,66,143428,64,239442
26114,0.001612,172.31.40.0-255,66,143494,64,239442
26115,0.001639,74.125.24.0-255,1484,144978,64,239442
26116,0.001673,74.125.24.0-255,2902,147880,64,239442
26117,0.001677,74.125.24.0-255,1484,149364,64,239442
26118,0.001689,74.125.24.0-255,2902,152266,64,239442
26119,0.001694,172.31.40.0-255,66,152332,64,239442
26120,0.001705,74.125.24.0-255,5738,158070,64,239442
26121,0.001714,172.31.40.0-255,66,158136,64,239442
26122,0.001719,74.125.24.0-255,2902,161038,64,239442
26123,0.001736,74.125.24.0-255,4320,165358,64,239442
26124,0.001749,74.125.24.0-255,2902,168260,64,239442
26125,0.001757,172.31.40.0-255,66,168326,64,239442
26126,0.001799,172.31.40.0-255,66,168392,64,239442
26127,0.00181,74.125.24.0-255,1484,169876,64,239442
26128,0.001814,74.125.24.0-255,2902,172778,64,239442
26129,0.001826,172.31.40.0-255,66,172844,64,239442
26130,0.001844,74.125.24.0-255,5738,178582,64,239442
26131,0.001859,172.31.40.0-255,66,178648,64,239442
26132,0.001863,74.125.24.0-255,2902,181550,64,239442
26133,0.001869,172.31.40.0-255,66,181616,64,239442
26134,0.001879,74.125.24.0-255,4320,185936,64,239442
26135,0.001898,74.125.24.0-255,4320,190256,64,239442
26136,0.001908,74.125.24.0-255,1484,191740,64,239442
26137,0.001943,74.125.24.0-255,2902,194642,64,239442
26138,0.001964,74.125.24.0-255,2902,197544,64,239442
26139,0.001968,172.31.40.0-255,66,197610,64,239442
26140,0.00198,74.125.24.0-255,5738,203348,64,239442
26141,0.001985,172.31.40.0-255,66,203414,64,239442
26142,0.001992,74.125.24.0-255,1484,204898,64,239442
26143,0.001994,74.125.24.0-255,1484,206382,64,239442
26144,0.002035,172.31.40.0-255,66,206448,64,239442
26145,0.002048,74.125.24.0-255,4320,210768,64,239442
26146,0.00206,74.125.24.0-255,2902,213670,64,239442
26147,0.002073,172.31.40.0-255,66,213736,64,239442
26148,0.002106,172.31.40.0-255,66,213802,64,239442
26149,0.00211,74.125.24.0-255,2184,215986,64,239442
26150,0.002136,74.125.24.0-255,7156,223142,64,239442
26151,0.002159,74.125.24.0-255,5738,228880,64,239442
26152,0.002162,74.125.24.0-255,766,229646,64,239442
26153,0.002168,74.125.24.0-255,5162,234808,64,239442
26154,0.002171,74.125.24.0-255,105,234913,64,239442
26155,0.002188,172.31.40.0-255,66,234979,64,239442
26156,0.016704,172.31.40.0-255,105,235084,64,239442
26157,0.019219,74.125.24.0-255,66,235150,64,239442
26158,0.049693,172.31.40.0-255,172,235322,64,239442
26159,0.04973,172.31.40.0-255,1113,236435,64,239442
26160,0.049791,172.31.40.0-255,1514,237949,64,239442
26161,0.049793,172.31.40.0-255,1295,239244,64,239442
26162,0.051309,104.244.42.0-255,66,239310,64,239442
26163,0.051322,104.244.42.0-255,66,239376,64,239442
26164,0.051342,104.244.42.0-255,66,239442,64,239442
26165,0.0,172.217.194.0-255,295,295,64,287624
26166,2.7e-05,172.31.40.0-255,66,361,64,287624
26167,3.5e-05,172.217.194.0-255,1484,1845,64,287624
26168,3.9e-05,172.31.40.0-255,66,1911,64,287624
26169,5.5e-05,172.217.194.0-255,4320,6231,64,287624
26170,5.8e-05,172.31.40.0-255,66,6297,64,287624
26171,7.5e-05,172.31.40.0-255,66,6363,64,287624
26172,8.7e-05,172.31.40.0-255,66,6429,64,287624
26173,0.000125,172.217.194.0-255,7156,13585,64,287624
26174,0.000128,172.31.40.0-255,66,13651,64,287624
26175,0.000156,172.217.194.0-255,1125,14776,64,287624
26176,0.000158,172.31.40.0-255,66,14842,64,287624
26177,0.000193,172.217.194.0-255,1484,16326,64,287624
26178,0.000195,172.31.40.0-255,66,16392,64,287624
26179,0.0002,172.217.194.0-255,2902,19294,64,287624
26180,0.000202,172.31.40.0-255,66,19360,64,287624
26181,0.000205,172.217.194.0-255,1484,20844,64,287624
26182,0.000207,172.31.40.0-255,66,20910,64,287624
26183,0.00025,172.217.194.0-255,4320,25230,64,287624
26184,0.000253,172.31.40.0-255,66,25296,64,287624
26185,0.000261,172.217.194.0-255,6797,32093,64,287624
26186,0.000263,172.31.40.0-255,66,32159,64,287624
26187,0.000297,172.217.194.0-255,1484,33643,64,287624
26188,0.000301,172.31.40.0-255,66,33709,64,287624
26189,0.000318,172.217.194.0-255,2902,36611,64,287624
26190,0.000321,172.31.40.0-255,66,36677,64,287624
26191,0.000327,172.217.194.0-255,5738,42415,64,287624
26192,0.000329,172.31.40.0-255,66,42481,64,287624
26193,0.000333,172.217.194.0-255,2902,45383,64,287624
26194,0.000335,172.31.40.0-255,66,45449,64,287624
26195,0.000364,172.217.194.0-255,3961,49410,64,287624
26196,0.000367,172.31.40.0-255,66,49476,64,287624
26197,0.00037,172.217.194.0-255,395,49871,64,287624
26198,0.000664,172.217.194.0-255,379,50250,64,287624
26199,0.000873,172.217.194.0-255,1484,51734,64,287624
26200,0.000879,172.31.40.0-255,66,51800,64,287624
26201,0.000886,172.217.194.0-255,2902,54702,64,287624
26202,0.00089,172.31.40.0-255,66,54768,64,287624
26203,0.000902,172.217.194.0-255,5738,60506,64,287624
26204,0.000904,172.31.40.0-255,66,60572,64,287624
26205,0.000939,172.217.194.0-255,4320,64892,64,287624
26206,0.000942,172.31.40.0-255,66,64958,64,287624
26207,0.000969,172.217.194.0-255,1994,66952,64,287624
26208,0.000972,172.31.40.0-255,66,67018,64,287624
26209,0.001866,172.217.194.0-255,1484,68502,64,287624
26210,0.001886,172.217.194.0-255,2902,71404,64,287624
26211,0.001892,172.31.40.0-255,66,71470,64,287624
26212,0.001902,172.217.194.0-255,5738,77208,64,287624
26213,0.001904,172.31.40.0-255,66,77274,64,287624
26214,0.001915,172.217.194.0-255,1484,78758,64,287624
26215,0.001942,172.217.194.0-255,5738,84496,64,287624
26216,0.001945,172.31.40.0-255,66,84562,64,287624
26217,0.00196,172.31.40.0-255,66,84628,64,287624
26218,0.001992,172.217.194.0-255,2902,87530,64,287624
26219,0.001994,172.31.40.0-255,66,87596,64,287624
26220,0.001999,172.217.194.0-255,2184,89780,64,287624
26221,0.002001,172.31.40.0-255,66,89846,64,287624
26222,0.00203,172.217.194.0-255,1484,91330,64,287624
26223,0.002036,172.217.194.0-255,2902,94232,64,287624
26224,0.002039,172.31.40.0-255,66,94298,64,287624
26225,0.002042,172.217.194.0-255,1484,95782,64,287624
26226,0.002067,172.217.194.0-255,4320,100102,64,287624
26227,0.002069,172.31.40.0-255,66,100168,64,287624
26228,0.002072,172.217.194.0-255,1484,101652,64,287624
26229,0.002111,172.31.40.0-255,66,101718,64,287624
26230,0.002128,172.31.40.0-255,66,101784,64,287624
26231,0.002193,172.217.194.0-255,7156,108940,64,287624
26232,0.002196,172.31.40.0-255,66,109006,64,287624
26233,0.002207,172.31.40.0-255,66,109072,64,287624
26234,0.002226,172.31.40.0-255,66,109138,64,287624
26235,0.002232,172.217.194.0-255,5020,114158,64,287624
26236,0.002235,172.31.40.0-255,66,114224,64,287624
26237,0.002269,172.31.40.0-255,66,114290,64,287624
26238,0.002306,172.31.40.0-255,66,114356,64,287624
26239,0.002313,172.217.194.0-255,5020,119376,64,287624
26240,0.002315,172.31.40.0-255,66,119442,64,287624
26241,0.002364,172.31.40.0-255,66,119508,64,287624
26242,0.002384,172.31.40.0-255,66,119574,64,287624
26243,0.002387,172.217.194.0-255,766,120340,64,287624
26244,0.004806,172.217.194.0-255,4320,124660,64,287624
26245,0.004826,172.31.40.0-255,66,124726,64,287624
26246,0.007221,172.217.194.0-255,5738,130464,64,287624
26247,0.007246,172.31.40.0-255,66,130530,64,287624
26248,0.009634,172.217.194.0-255,5738,136268,64,287624
26249,0.009651,172.31.40.0-255,66,136334,64,287624
26250,0.012008,172.217.194.0-255,5738,142072,64,287624
26251,0.012015,172.31.40.0-255,66,142138,64,287624
26252,0.0144,172.217.194.0-255,5738,147876,64,287624
26253,0.014415,172.31.40.0-255,66,147942,64,287624
26254,0.016832,172.217.194.0-255,5738,153680,64,287624
26255,0.016849,172.31.40.0-255,66,153746,64,287624
26256,0.019194,172.217.194.0-255,5738,159484,64,287624
26257,0.0192,172.31.40.0-255,66,159550,64,287624
26258,0.021579,172.217.194.0-255,5738,165288,64,287624
26259,0.021606,172.31.40.0-255,66,165354,64,287624
26260,0.024012,172.217.194.0-255,5738,171092,64,287624
26261,0.024032,172.31.40.0-255,66,171158,64,287624
26262,0.026382,172.217.194.0-255,5738,176896,64,287624
26263,0.026403,172.31.40.0-255,66,176962,64,287624
26264,0.028782,172.217.194.0-255,5738,182700,64,287624
26265,0.028804,172.31.40.0-255,66,182766,64,287624
26266,0.031159,172.217.194.0-255,5738,188504,64,287624
26267,0.031179,172.31.40.0-255,66,188570,64,287624
26268,0.033516,172.217.194.0-255,5738,194308,64,287624
26269,0.033534,172.31.40.0-255,66,194374,64,287624
26270,0.035915,172.217.194.0-255,5738,200112,64,287624
26271,0.035938,172.31.40.0-255,66,200178,64,287624
26272,0.038394,172.217.194.0-255,5738,205916,64,287624
26273,0.038414,172.31.40.0-255,66,205982,64,287624
26274,0.040829,172.217.194.0-255,5738,211720,64,287624
26275,0.040852,172.31.40.0-255,66,211786,64,287624
26276,0.043225,172.217.194.0-255,5738,217524,64,287624
26277,0.043245,172.31.40.0-255,66,217590,64,287624
26278,0.045647,172.217.194.0-255,5738,223328,64,287624
26279,0.045668,172.31.40.0-255,66,223394,64,287624
26280,0.048057,172.217.194.0-255,5738,229132,64,287624
26281,0.048078,172.31.40.0-255,66,229198,64,287624
26282,0.050443,172.217.194.0-255,5738,234936,64,287624
26283,0.050466,172.31.40.0-255,66,235002,64,287624
26284,0.052895,172.217.194.0-255,5738,240740,64,287624
26285,0.052918,172.31.40.0-255,66,240806,64,287624
26286,0.05526,172.217.194.0-255,5738,246544,64,287624
26287,0.055272,172.31.40.0-255,66,246610,64,287624
26288,0.057664,172.217.194.0-255,5738,252348,64,287624
26289,0.057684,172.31.40.0-255,66,252414,64,287624
26290,0.060054,172.217.194.0-255,5738,258152,64,287624
26291,0.060075,172.31.40.0-255,66,258218,64,287624
26292,0.061303,172.31.40.0-255,166,258384,64,287624
26293,0.061386,172.31.40.0-255,1135,259519,64,287624
26294,0.061492,172.31.40.0-255,1514,261033,64,287624
26295,0.061494,172.31.40.0-255,1514,262547,64,287624
26296,0.061495,172.31.40.0-255,673,263220,64,287624
26297,0.062454,172.217.194.0-255,5738,268958,64,287624
26298,0.06247,172.31.40.0-255,66,269024,64,287624
26299,0.062871,104.244.42.0-255,66,269090,64,287624
26300,0.062963,104.244.42.0-255,66,269156,64,287624
26301,0.06306,104.244.42.0-255,66,269222,64,287624
26302,0.063067,104.244.42.0-255,66,269288,64,287624
26303,0.063655,104.244.42.0-255,108,269396,64,287624
26304,0.063668,172.31.40.0-255,66,269462,64,287624
26305,0.064865,172.217.194.0-255,5738,275200,64,287624
26306,0.064883,172.31.40.0-255,66,275266,64,287624
26307,0.067293,172.217.194.0-255,5738,281004,64,287624
26308,0.067314,172.31.40.0-255,66,281070,64,287624
26309,0.069741,172.217.194.0-255,5738,286808,64,287624
26310,0.069763,172.31.40.0-255,66,286874,64,287624
26311,0.072111,172.217.194.0-255,513,287387,64,287624
26312,0.072369,172.31.40.0-255,66,287453,64,287624
26313,0.072413,172.31.40.0-255,105,287558,64,287624
26314,0.074717,172.217.194.0-255,66,287624,64,287624
26315,0.0,172.31.40.0-255,105,105,64,459
26316,0.000174,172.31.40.0-255,90,195,64,459
26317,0.000185,172.31.40.0-255,66,261,64,459
26318,0.002486,74.125.68.0-255,66,327,64,459
26319,0.002518,74.125.68.0-255,66,393,64,459
26320,0.002541,172.31.40.0-255,66,459,64,459
26321,0.0,172.217.194.0-255,153,153,64,352907
26322,1.6e-05,172.31.40.0-255,66,219,64,352907
26323,2.3e-05,172.217.194.0-255,1484,1703,64,352907
26324,2.8e-05,172.31.40.0-255,66,1769,64,352907
26325,3.4e-05,172.217.194.0-255,2902,4671,64,352907
26326,3.8e-05,172.31.40.0-255,66,4737,64,352907
26327,7.2e-05,172.217.194.0-255,7156,11893,64,352907
26328,7.6e-05,172.31.40.0-255,66,11959,64,352907
26329,8.8e-05,172.31.40.0-255,66,12025,64,352907
26330,0.000111,172.217.194.0-255,5738,17763,64,352907
26331,0.000114,172.31.40.0-255,66,17829,64,352907
26332,0.000133,172.217.194.0-255,4320,22149,64,352907
26333,0.000135,172.31.40.0-255,66,22215,64,352907
26334,0.000138,172.217.194.0-255,1125,23340,64,352907
26335,0.00014,172.31.40.0-255,66,23406,64,352907
26336,0.000272,172.217.194.0-255,1484,24890,64,352907
26337,0.000277,172.31.40.0-255,66,24956,64,352907
26338,0.000284,172.217.194.0-255,2902,27858,64,352907
26339,0.000286,172.31.40.0-255,66,27924,64,352907
26340,0.000308,172.217.194.0-255,5738,33662,64,352907
26341,0.000311,172.31.40.0-255,66,33728,64,352907
26342,0.000314,172.217.194.0-255,1484,35212,64,352907
26343,0.000316,172.31.40.0-255,66,35278,64,352907
26344,0.000343,172.217.194.0-255,5738,41016,64,352907
26345,0.000346,172.31.40.0-255,66,41082,64,352907
26346,0.000366,172.217.194.0-255,2902,43984,64,352907
26347,0.000369,172.31.40.0-255,66,44050,64,352907
26348,0.000377,172.217.194.0-255,7156,51206,64,352907
26349,0.00038,172.31.40.0-255,66,51272,64,352907
26350,0.000392,172.217.194.0-255,2902,54174,64,352907
26351,0.000394,172.31.40.0-255,66,54240,64,352907
26352,0.000399,172.217.194.0-255,3602,57842,64,352907
26353,0.000402,172.31.40.0-255,66,57908,64,352907
26354,0.000459,172.217.194.0-255,379,58287,64,352907
26355,0.000483,172.217.194.0-255,366,58653,64,352907
26356,0.000634,172.217.194.0-255,1484,60137,64,352907
26357,0.000639,172.31.40.0-255,66,60203,64,352907
26358,0.000644,172.217.194.0-255,2902,63105,64,352907
26359,0.000646,172.31.40.0-255,66,63171,64,352907
26360,0.000651,172.217.194.0-255,2902,66073,64,352907
26361,0.000653,172.31.40.0-255,66,66139,64,352907
26362,0.000697,172.217.194.0-255,5738,71877,64,352907
26363,0.000701,172.31.40.0-255,66,71943,64,352907
26364,0.000718,172.217.194.0-255,1484,73427,64,352907
26365,0.000723,172.217.194.0-255,4320,77747,64,352907
26366,0.000735,172.31.40.0-255,66,77813,64,352907
26367,0.000748,172.217.194.0-255,7156,84969,64,352907
26368,0.00075,172.31.40.0-255,66,85035,64,352907
26369,0.000779,172.217.194.0-255,5738,90773,64,352907
26370,0.000782,172.31.40.0-255,66,90839,64,352907
26371,0.000786,172.217.194.0-255,2184,93023,64,352907
26372,0.000788,172.31.40.0-255,66,93089,64,352907
26373,0.000859,172.217.194.0-255,1484,94573,64,352907
26374,0.000872,172.217.194.0-255,2902,97475,64,352907
26375,0.000875,172.31.40.0-255,66,97541,64,352907
26376,0.000882,172.217.194.0-255,5738,103279,64,352907
26377,0.000884,172.31.40.0-255,66,103345,64,352907
26378,0.000924,172.217.194.0-255,1484,104829,64,352907
26379,0.000928,172.31.40.0-255,66,104895,64,352907
26380,0.000936,172.217.194.0-255,1484,106379,64,352907
26381,0.000939,172.31.40.0-255,66,106445,64,352907
26382,0.000984,172.217.194.0-255,5738,112183,64,352907
26383,0.000987,172.31.40.0-255,66,112249,64,352907
26384,0.001007,172.217.194.0-255,2184,114433,64,352907
26385,0.001009,172.31.40.0-255,66,114499,64,352907
26386,0.001014,172.217.194.0-255,2902,117401,64,352907
26387,0.001016,172.31.40.0-255,66,117467,64,352907
26388,0.001034,172.217.194.0-255,5738,123205,64,352907
26389,0.001037,172.31.40.0-255,66,123271,64,352907
26390,0.001042,172.217.194.0-255,4320,127591,64,352907
26391,0.001044,172.31.40.0-255,66,127657,64,352907
26392,0.001108,172.31.40.0-255,66,127723,64,352907
26393,0.001115,172.217.194.0-255,6438,134161,64,352907
26394,0.001118,172.31.40.0-255,66,134227,64,352907
26395,0.001281,172.217.194.0-255,1484,135711,64,352907
26396,0.001287,172.217.194.0-255,2902,138613,64,352907
26397,0.00129,172.31.40.0-255,66,138679,64,352907
26398,0.001367,172.217.194.0-255,1484,140163,64,352907
26399,0.001372,172.217.194.0-255,2902,143065,64,352907
26400,0.001376,172.217.194.0-255,2902,145967,64,352907
26401,0.001381,172.31.40.0-255,66,146033,64,352907
26402,0.001389,172.31.40.0-255,66,146099,64,352907
26403,0.001394,172.217.194.0-255,2902,149001,64,352907
26404,0.001397,172.31.40.0-255,66,149067,64,352907
26405,0.001404,172.217.194.0-255,5738,154805,64,352907
26406,0.001407,172.31.40.0-255,66,154871,64,352907
26407,0.001433,172.217.194.0-255,5738,160609,64,352907
26408,0.001436,172.31.40.0-255,66,160675,64,352907
26409,0.001441,172.217.194.0-255,2902,163577,64,352907
26410,0.001444,172.31.40.0-255,66,163643,64,352907
26411,0.001461,172.217.194.0-255,5020,168663,64,352907
26412,0.001464,172.31.40.0-255,66,168729,64,352907
26413,0.00151,172.217.194.0-255,1484,170213,64,352907
26414,0.001515,172.217.194.0-255,2902,173115,64,352907
26415,0.001519,172.31.40.0-255,66,173181,64,352907
26416,0.001525,172.217.194.0-255,5738,178919,64,352907
26417,0.001527,172.31.40.0-255,66,178985,64,352907
26418,0.001548,172.217.194.0-255,5738,184723,64,352907
26419,0.001565,172.217.194.0-255,7156,191879,64,352907
26420,0.001583,172.31.40.0-255,66,191945,64,352907
26421,0.001593,172.217.194.0-255,766,192711,64,352907
26422,0.001745,172.217.194.0-255,1484,194195,64,352907
26423,0.001749,172.31.40.0-255,66,194261,64,352907
26424,0.00177,172.217.194.0-255,2902,197163,64,352907
26425,0.001777,172.217.194.0-255,5738,202901,64,352907
26426,0.001818,172.31.40.0-255,66,202967,64,352907
26427,0.001852,172.31.40.0-255,66,203033,64,352907
26428,0.001877,172.31.40.0-255,66,203099,64,352907
26429,0.004195,172.217.194.0-255,5738,208837,64,352907
26430,0.004204,172.31.40.0-255,66,208903,64,352907
26431,0.006542,172.217.194.0-255,5738,214641,64,352907
26432,0.006556,172.31.40.0-255,66,214707,64,352907
26433,0.008884,172.217.194.0-255,5738,220445,64,352907
26434,0.008899,172.31.40.0-255,66,220511,64,352907
26435,0.011222,172.217.194.0-255,5738,226249,64,352907
26436,0.011236,172.31.40.0-255,66,226315,64,352907
26437,0.013608,172.217.194.0-255,5738,232053,64,352907
26438,0.013615,172.31.40.0-255,66,232119,64,352907
26439,0.015962,172.217.194.0-255,5738,237857,64,352907
26440,0.015968,172.31.40.0-255,66,237923,64,352907
26441,0.01826,172.217.194.0-255,5738,243661,64,352907
26442,0.018266,172.31.40.0-255,66,243727,64,352907
26443,0.020571,172.217.194.0-255,5738,249465,64,352907
26444,0.020589,172.31.40.0-255,66,249531,64,352907
26445,0.022928,172.217.194.0-255,5738,255269,64,352907
26446,0.022937,172.31.40.0-255,66,255335,64,352907
26447,0.025224,172.217.194.0-255,5738,261073,64,352907
26448,0.02523,172.31.40.0-255,66,261139,64,352907
26449,0.027585,172.217.194.0-255,5738,266877,64,352907
26450,0.027593,172.31.40.0-255,66,266943,64,352907
26451,0.029893,172.217.194.0-255,5738,272681,64,352907
26452,0.0299,172.31.40.0-255,66,272747,64,352907
26453,0.032189,172.217.194.0-255,5738,278485,64,352907
26454,0.032199,172.31.40.0-255,66,278551,64,352907
26455,0.034507,172.217.194.0-255,5738,284289,64,352907
26456,0.034517,172.31.40.0-255,66,284355,64,352907
26457,0.036852,172.217.194.0-255,5738,290093,64,352907
26458,0.03687,172.31.40.0-255,66,290159,64,352907
26459,0.039185,172.217.194.0-255,5738,295897,64,352907
26460,0.039193,172.31.40.0-255,66,295963,64,352907
26461,0.04152,172.217.194.0-255,5738,301701,64,352907
26462,0.041527,172.31.40.0-255,66,301767,64,352907
26463,0.043839,172.217.194.0-255,5738,307505,64,352907
26464,0.043854,172.31.40.0-255,66,307571,64,352907
26465,0.046164,172.217.194.0-255,5738,313309,64,352907
26466,0.046185,172.31.40.0-255,66,313375,64,352907
26467,0.048476,172.217.194.0-255,5738,319113,64,352907
26468,0.048484,172.31.40.0-255,66,319179,64,352907
26469,0.050791,172.217.194.0-255,5738,324917,64,352907
26470,0.0508,172.31.40.0-255,66,324983,64,352907
26471,0.052064,172.31.40.0-255,167,325150,64,352907
26472,0.05209,172.31.40.0-255,1111,326261,64,352907
26473,0.05214,172.31.40.0-255,1514,327775,64,352907
26474,0.052142,172.31.40.0-255,1514,329289,64,352907
26475,0.052143,172.31.40.0-255,697,329986,64,352907
26476,0.053113,172.217.194.0-255,5738,335724,64,352907
26477,0.05312,172.31.40.0-255,66,335790,64,352907
26478,0.053608,104.244.42.0-255,66,335856,64,352907
26479,0.053645,104.244.42.0-255,66,335922,64,352907
26480,0.053693,104.244.42.0-255,66,335988,64,352907
26481,0.053698,104.244.42.0-255,66,336054,64,352907
26482,0.055449,172.217.194.0-255,5738,341792,64,352907
26483,0.055464,172.31.40.0-255,66,341858,64,352907
26484,0.057835,172.217.194.0-255,5738,347596,64,352907
26485,0.057853,172.31.40.0-255,66,347662,64,352907
26486,0.060178,172.217.194.0-255,5008,352670,64,352907
26487,0.060197,172.31.40.0-255,66,352736,64,352907
26488,0.060512,172.31.40.0-255,105,352841,64,352907
26489,0.062816,172.217.194.0-255,66,352907,64,352907
26490,0.0,74.125.24.0-255,150,150,64,376891
26491,2.5e-05,172.31.40.0-255,66,216,64,376891
26492,3.3e-05,74.125.24.0-255,1484,1700,64,376891
26493,3.7e-05,172.31.40.0-255,66,1766,64,376891
26494,4.4e-05,74.125.24.0-255,2902,4668,64,376891
26495,4.7e-05,172.31.40.0-255,66,4734,64,376891
26496,5.6e-05,74.125.24.0-255,7156,11890,64,376891
26497,5.8e-05,172.31.40.0-255,66,11956,64,376891
26498,6.2e-05,74.125.24.0-255,2135,14091,64,376891
26499,6.5e-05,172.31.40.0-255,66,14157,64,376891
26500,0.000108,74.125.24.0-255,1484,15641,64,376891
26501,0.00011,172.31.40.0-255,66,15707,64,376891
26502,0.000116,74.125.24.0-255,2902,18609,64,376891
26503,0.000118,172.31.40.0-255,66,18675,64,376891
26504,0.000123,74.125.24.0-255,2902,21577,64,376891
26505,0.000126,172.31.40.0-255,66,21643,64,376891
26506,0.000139,74.125.24.0-255,2902,24545,64,376891
26507,0.000141,172.31.40.0-255,66,24611,64,376891
26508,0.000156,74.125.24.0-255,1484,26095,64,376891
26509,0.000159,172.31.40.0-255,66,26161,64,376891
26510,0.000175,74.125.24.0-255,5379,31540,64,376891
26511,0.000178,172.31.40.0-255,66,31606,64,376891
26512,0.000312,74.125.24.0-255,1484,33090,64,376891
26513,0.000316,172.31.40.0-255,66,33156,64,376891
26514,0.000322,74.125.24.0-255,2902,36058,64,376891
26515,0.000324,172.31.40.0-255,66,36124,64,376891
26516,0.000339,74.125.24.0-255,4320,40444,64,376891
26517,0.000342,172.31.40.0-255,66,40510,64,376891
26518,0.00036,74.125.24.0-255,1484,41994,64,376891
26519,0.000362,172.31.40.0-255,66,42060,64,376891
26520,0.000369,74.125.24.0-255,6797,48857,64,376891
26521,0.000372,172.31.40.0-255,66,48923,64,376891
26522,0.000375,74.125.24.0-255,1484,50407,64,376891
26523,0.000392,74.125.24.0-255,7156,57563,64,376891
26524,0.000412,74.125.24.0-255,5738,63301,64,376891
26525,0.000416,74.125.24.0-255,2840,66141,64,376891
26526,0.000483,74.125.24.0-255,135,66276,64,376891
26527,0.000534,172.31.40.0-255,66,66342,64,376891
26528,0.000586,74.125.24.0-255,1484,67826,64,376891
26529,0.000606,74.125.24.0-255,1484,69310,64,376891
26530,0.000613,172.31.40.0-255,66,69376,64,376891
26531,0.00063,74.125.24.0-255,1484,70860,64,376891
26532,0.000637,74.125.24.0-255,5738,76598,64,376891
26533,0.000651,74.125.24.0-255,2902,79500,64,376891
26534,0.000654,172.31.40.0-255,66,79566,64,376891
26535,0.000659,172.31.40.0-255,66,79632,64,376891
26536,0.000675,74.125.24.0-255,3961,83593,64,376891
26537,0.000683,74.125.24.0-255,7156,90749,64,376891
26538,0.000707,74.125.24.0-255,4320,95069,64,376891
26539,0.000711,172.31.40.0-255,66,95135,64,376891
26540,0.000722,74.125.24.0-255,5379,100514,64,376891
26541,0.000733,172.31.40.0-255,66,100580,64,376891
26542,0.00084,74.125.24.0-255,1484,102064,64,376891
26543,0.000846,74.125.24.0-255,2902,104966,64,376891
26544,0.000852,172.31.40.0-255,66,105032,64,376891
26545,0.000872,74.125.24.0-255,5738,110770,64,376891
26546,0.000876,74.125.24.0-255,1484,112254,64,376891
26547,0.000892,172.31.40.0-255,66,112320,64,376891
26548,0.000909,74.125.24.0-255,1484,113804,64,376891
26549,0.000938,172.31.40.0-255,66,113870,64,376891
26550,0.000959,74.125.24.0-255,2460,116330,64,376891
26551,0.000976,172.31.40.0-255,66,116396,64,376891
26552,0.001212,74.125.24.0-255,1484,117880,64,376891
26553,0.001218,74.125.24.0-255,2902,120782,64,376891
26554,0.00123,172.31.40.0-255,66,120848,64,376891
26555,0.001244,74.125.24.0-255,5738,126586,64,376891
26556,0.00126,74.125.24.0-255,2902,129488,64,376891
26557,0.00127,172.31.40.0-255,66,129554,64,376891
26558,0.001289,74.125.24.0-255,4320,133874,64,376891
26559,0.001294,172.31.40.0-255,66,133940,64,376891
26560,0.001316,74.125.24.0-255,6438,140378,64,376891
26561,0.001327,172.31.40.0-255,66,140444,64,376891
26562,0.003674,74.125.24.0-255,5738,146182,64,376891
26563,0.003683,172.31.40.0-255,66,146248,64,376891
26564,0.006021,74.125.24.0-255,5738,151986,64,376891
26565,0.007854,172.31.40.0-255,66,152052,64,376891
26566,0.010178,74.125.24.0-255,5738,157790,64,376891
26567,0.010193,172.31.40.0-255,66,157856,64,376891
26568,0.012495,74.125.24.0-255,5738,163594,64,376891
26569,0.014963,172.31.40.0-255,66,163660,64,376891
26570,0.017278,74.125.24.0-255,5738,169398,64,376891
26571,0.017296,172.31.40.0-255,66,169464,64,376891
26572,0.019613,74.125.24.0-255,5738,175202,64,376891
26573,0.019627,172.31.40.0-255,66,175268,64,376891
26574,0.021941,74.125.24.0-255,5738,181006,64,376891
26575,0.021951,172.31.40.0-255,66,181072,64,376891
26576,0.024274,74.125.24.0-255,5738,186810,64,376891
26577,0.024286,172.31.40.0-255,66,186876,64,376891
26578,0.026602,74.125.24.0-255,5738,192614,64,376891
26579,0.026617,172.31.40.0-255,66,192680,64,376891
26580,0.028961,74.125.24.0-255,5738,198418,64,376891
26581,0.028975,172.31.40.0-255,66,198484,64,376891
26582,0.031274,74.125.24.0-255,5738,204222,64,376891
26583,0.031283,172.31.40.0-255,66,204288,64,376891
26584,0.031694,172.31.40.0-255,167,204455,64,376891
26585,0.031728,172.31.40.0-255,1113,205568,64,376891
26586,0.031787,172.31.40.0-255,1514,207082,64,376891
26587,0.031789,172.31.40.0-255,1295,208377,64,376891
26588,0.033263,104.244.42.0-255,66,208443,64,376891
26589,0.033293,104.244.42.0-255,66,208509,64,376891
26590,0.033351,104.244.42.0-255,66,208575,64,376891
26591,0.033568,74.125.24.0-255,5738,214313,64,376891
26592,0.033574,172.31.40.0-255,66,214379,64,376891
26593,0.035888,74.125.24.0-255,5738,220117,64,376891
26594,0.035896,172.31.40.0-255,66,220183,64,376891
26595,0.038219,74.125.24.0-255,5738,225921,64,376891
26596,0.038228,172.31.40.0-255,66,225987,64,376891
26597,0.040549,74.125.24.0-255,5738,231725,64,376891
26598,0.040572,172.31.40.0-255,66,231791,64,376891
26599,0.042893,74.125.24.0-255,5738,237529,64,376891
26600,0.042909,172.31.40.0-255,66,237595,64,376891
26601,0.045256,74.125.24.0-255,5738,243333,64,376891
26602,0.045275,172.31.40.0-255,66,243399,64,376891
26603,0.047595,74.125.24.0-255,5738,249137,64,376891
26604,0.047612,172.31.40.0-255,66,249203,64,376891
26605,0.049958,74.125.24.0-255,5738,254941,64,376891
26606,0.049977,172.31.40.0-255,66,255007,64,376891
26607,0.052355,74.125.24.0-255,5738,260745,64,376891
26608,0.05238,172.31.40.0-255,66,260811,64,376891
26609,0.054704,74.125.24.0-255,5738,266549,64,376891
26610,0.054722,172.31.40.0-255,66,266615,64,376891
26611,0.057041,74.125.24.0-255,5738,272353,64,376891
26612,0.05706,172.31.40.0-255,66,272419,64,376891
26613,0.059369,74.125.24.0-255,5738,278157,64,376891
26614,0.059388,172.31.40.0-255,66,278223,64,376891
26615,0.061714,74.125.24.0-255,5738,283961,64,376891
26616,0.061728,172.31.40.0-255,66,284027,64,376891
26617,0.064088,74.125.24.0-255,5738,289765,64,376891
26618,0.064107,172.31.40.0-255,66,289831,64,376891
26619,0.066442,74.125.24.0-255,5738,295569,64,376891
26620,0.06646,172.31.40.0-255,66,295635,64,376891
26621,0.068842,74.125.24.0-255,5738,301373,64,376891
26622,0.068862,172.31.40.0-255,66,301439,64,376891
26623,0.071202,74.125.24.0-255,5738,307177,64,376891
26624,0.07122,172.31.40.0-255,66,307243,64,376891
26625,0.073543,74.125.24.0-255,5738,312981,64,376891
26626,0.073561,172.31.40.0-255,66,313047,64,376891
26627,0.075918,74.125.24.0-255,5738,318785,64,376891
26628,0.075937,172.31.40.0-255,66,318851,64,376891
26629,0.078255,74.125.24.0-255,5738,324589,64,376891
26630,0.078273,172.31.40.0-255,66,324655,64,376891
26631,0.080615,74.125.24.0-255,5738,330393,64,376891
26632,0.080635,172.31.40.0-255,66,330459,64,376891
26633,0.082958,74.125.24.0-255,5738,336197,64,376891
26634,0.082975,172.31.40.0-255,66,336263,64,376891
26635,0.085351,74.125.24.0-255,5738,342001,64,376891
26636,0.085358,172.31.40.0-255,66,342067,64,376891
26637,0.087667,74.125.24.0-255,5738,347805,64,376891
26638,0.087674,172.31.40.0-255,66,347871,64,376891
26639,0.089998,74.125.24.0-255,5738,353609,64,376891
26640,0.090006,172.31.40.0-255,66,353675,64,376891
26641,0.092314,74.125.24.0-255,5738,359413,64,376891
26642,0.092321,172.31.40.0-255,66,359479,64,376891
26643,0.094657,74.125.24.0-255,5738,365217,64,376891
26644,0.094665,172.31.40.0-255,66,365283,64,376891
26645,0.096973,74.125.24.0-255,5738,371021,64,376891
26646,0.096981,172.31.40.0-255,66,371087,64,376891
26647,0.099306,74.125.24.0-255,5738,376825,64,376891
26648,0.099315,172.31.40.0-255,66,376891,64,376891
26649,0.0,74.125.130.0-255,153,153,64,348141
26650,1.2e-05,172.31.40.0-255,66,219,64,348141
26651,1.8e-05,74.125.130.0-255,1484,1703,64,348141
26652,2.3e-05,172.31.40.0-255,66,1769,64,348141
26653,2.8e-05,74.125.130.0-255,2902,4671,64,348141
26654,3.7e-05,172.31.40.0-255,66,4737,64,348141
26655,7.7e-05,74.125.130.0-255,7156,11893,64,348141
26656,8e-05,172.31.40.0-255,66,11959,64,348141
26657,8.3e-05,74.125.130.0-255,2030,13989,64,348141
26658,8.5e-05,172.31.40.0-255,66,14055,64,348141
26659,8.9e-05,74.125.130.0-255,2902,16957,64,348141
26660,9.1e-05,172.31.40.0-255,66,17023,64,348141
26661,9.4e-05,74.125.130.0-255,1484,18507,64,348141
26662,9.6e-05,172.31.40.0-255,66,18573,64,348141
26663,0.000128,74.125.130.0-255,5738,24311,64,348141
26664,0.00013,172.31.40.0-255,66,24377,64,348141
26665,0.000134,74.125.130.0-255,2902,27279,64,348141
26666,0.000136,172.31.40.0-255,66,27345,64,348141
26667,0.000162,74.125.130.0-255,3961,31306,64,348141
26668,0.000165,172.31.40.0-255,66,31372,64,348141
26669,0.000262,74.125.130.0-255,1484,32856,64,348141
26670,0.000266,172.31.40.0-255,66,32922,64,348141
26671,0.000283,74.125.130.0-255,2902,35824,64,348141
26672,0.000285,172.31.40.0-255,66,35890,64,348141
26673,0.00029,74.125.130.0-255,2902,38792,64,348141
26674,0.000291,172.31.40.0-255,66,38858,64,348141
26675,0.000308,74.125.130.0-255,2902,41760,64,348141
26676,0.00031,172.31.40.0-255,66,41826,64,348141
26677,0.000315,74.125.130.0-255,4320,46146,64,348141
26678,0.000317,172.31.40.0-255,66,46212,64,348141
26679,0.000344,74.125.130.0-255,5379,51591,64,348141
26680,0.000346,172.31.40.0-255,66,51657,64,348141
26681,0.00038,172.31.40.0-255,66,51723,64,348141
26682,0.000411,74.125.130.0-255,5631,57354,64,348141
26683,0.000416,172.31.40.0-255,66,57420,64,348141
26684,0.000453,74.125.130.0-255,120,57540,64,348141
26685,0.000512,74.125.130.0-255,1484,59024,64,348141
26686,0.000516,172.31.40.0-255,66,59090,64,348141
26687,0.000519,74.125.130.0-255,1484,60574,64,348141
26688,0.000541,74.125.130.0-255,1484,62058,64,348141
26689,0.000543,172.31.40.0-255,66,62124,64,348141
26690,0.00055,74.125.130.0-255,5738,67862,64,348141
26691,0.000552,172.31.40.0-255,66,67928,64,348141
26692,0.000574,74.125.130.0-255,7156,75084,64,348141
26693,0.000577,172.31.40.0-255,66,75150,64,348141
26694,0.000581,74.125.130.0-255,2902,78052,64,348141
26695,0.000583,172.31.40.0-255,66,78118,64,348141
26696,0.000606,74.125.130.0-255,5738,83856,64,348141
26697,0.000608,172.31.40.0-255,66,83922,64,348141
26698,0.000633,172.31.40.0-255,66,83988,64,348141
26699,0.000652,74.125.130.0-255,380,84368,64,348141
26700,0.001038,74.125.130.0-255,1484,85852,64,348141
26701,0.001043,172.31.40.0-255,66,85918,64,348141
26702,0.001049,74.125.130.0-255,2902,88820,64,348141
26703,0.001051,172.31.40.0-255,66,88886,64,348141
26704,0.001056,74.125.130.0-255,5738,94624,64,348141
26705,0.001058,172.31.40.0-255,66,94690,64,348141
26706,0.00112,74.125.130.0-255,5738,100428,64,348141
26707,0.001123,172.31.40.0-255,66,100494,64,348141
26708,0.001129,74.125.130.0-255,7156,107650,64,348141
26709,0.001131,172.31.40.0-255,66,107716,64,348141
26710,0.001143,172.31.40.0-255,66,107782,64,348141
26711,0.001259,74.125.130.0-255,1484,109266,64,348141
26712,0.001263,74.125.130.0-255,1484,110750,64,348141
26713,0.001266,172.31.40.0-255,66,110816,64,348141
26714,0.001291,74.125.130.0-255,1484,112300,64,348141
26715,0.001297,74.125.130.0-255,5738,118038,64,348141
26716,0.001299,172.31.40.0-255,66,118104,64,348141
26717,0.001328,74.125.130.0-255,1484,119588,64,348141
26718,0.001345,74.125.130.0-255,5738,125326,64,348141
26719,0.001347,172.31.40.0-255,66,125392,64,348141
26720,0.001375,74.125.130.0-255,5738,131130,64,348141
26721,0.001377,172.31.40.0-255,66,131196,64,348141
26722,0.001411,172.31.40.0-255,66,131262,64,348141
26723,0.001545,74.125.130.0-255,1484,132746,64,348141
26724,0.001558,74.125.130.0-255,2902,135648,64,348141
26725,0.001561,172.31.40.0-255,66,135714,64,348141
26726,0.001564,74.125.130.0-255,1484,137198,64,348141
26727,0.001594,74.125.130.0-255,4320,141518,64,348141
26728,0.001597,172.31.40.0-255,66,141584,64,348141
26729,0.001603,74.125.130.0-255,7156,148740,64,348141
26730,0.001605,172.31.40.0-255,66,148806,64,348141
26731,0.001654,172.31.40.0-255,66,148872,64,348141
26732,0.001681,74.125.130.0-255,3602,152474,64,348141
26733,0.001683,172.31.40.0-255,66,152540,64,348141
26734,0.001743,74.125.130.0-255,1484,154024,64,348141
26735,0.001759,74.125.130.0-255,2902,156926,64,348141
26736,0.001762,172.31.40.0-255,66,156992,64,348141
26737,0.001773,74.125.130.0-255,1484,158476,64,348141
26738,0.001796,74.125.130.0-255,2902,161378,64,348141
26739,0.001798,172.31.40.0-255,66,161444,64,348141
26740,0.001804,74.125.130.0-255,5738,167182,64,348141
26741,0.001805,172.31.40.0-255,66,167248,64,348141
26742,0.001832,74.125.130.0-255,7156,174404,64,348141
26743,0.001834,172.31.40.0-255,66,174470,64,348141
26744,0.001858,74.125.130.0-255,4320,178790,64,348141
26745,0.00186,172.31.40.0-255,66,178856,64,348141
26746,0.001865,74.125.130.0-255,2902,181758,64,348141
26747,0.001866,172.31.40.0-255,66,181824,64,348141
26748,0.001906,172.31.40.0-255,66,181890,64,348141
26749,0.001911,74.125.130.0-255,4320,186210,64,348141
26750,0.001912,172.31.40.0-255,66,186276,64,348141
26751,0.001936,74.125.130.0-255,4320,190596,64,348141
26752,0.001939,172.31.40.0-255,66,190662,64,348141
26753,0.001973,172.31.40.0-255,66,190728,64,348141
26754,0.001978,74.125.130.0-255,5738,196466,64,348141
26755,0.00198,172.31.40.0-255,66,196532,64,348141
26756,0.001982,74.125.130.0-255,766,197298,64,348141
26757,0.003039,172.31.40.0-255,66,197364,64,348141
26758,0.003995,74.125.130.0-255,4320,201684,64,348141
26759,0.004002,172.31.40.0-255,66,201750,64,348141
26760,0.005058,74.125.130.0-255,1484,203234,64,348141
26761,0.006016,74.125.130.0-255,4320,207554,64,348141
26762,0.00602,172.31.40.0-255,66,207620,64,348141
26763,0.008028,74.125.130.0-255,5738,213358,64,348141
26764,0.00803,172.31.40.0-255,66,213424,64,348141
26765,0.010044,74.125.130.0-255,5738,219162,64,348141
26766,0.01005,172.31.40.0-255,66,219228,64,348141
26767,0.012115,74.125.130.0-255,5738,224966,64,348141
26768,0.012123,172.31.40.0-255,66,225032,64,348141
26769,0.014144,74.125.130.0-255,5738,230770,64,348141
26770,0.014154,172.31.40.0-255,66,230836,64,348141
26771,0.016172,74.125.130.0-255,5738,236574,64,348141
26772,0.016179,172.31.40.0-255,66,236640,64,348141
26773,0.018194,74.125.130.0-255,5738,242378,64,348141
26774,0.0182,172.31.40.0-255,66,242444,64,348141
26775,0.020225,74.125.130.0-255,5738,248182,64,348141
26776,0.020231,172.31.40.0-255,66,248248,64,348141
26777,0.022268,74.125.130.0-255,5738,253986,64,348141
26778,0.022275,172.31.40.0-255,66,254052,64,348141
26779,0.024294,74.125.130.0-255,5738,259790,64,348141
26780,0.024302,172.31.40.0-255,66,259856,64,348141
26781,0.026306,74.125.130.0-255,2902,262758,64,348141
26782,0.026314,172.31.40.0-255,66,262824,64,348141
26783,0.026346,74.125.130.0-255,2902,265726,64,348141
26784,0.026349,172.31.40.0-255,66,265792,64,348141
26785,0.027734,172.31.40.0-255,171,265963,64,348141
26786,0.027761,172.31.40.0-255,1136,267099,64,348141
26787,0.02781,172.31.40.0-255,1514,268613,64,348141
26788,0.027811,172.31.40.0-255,1272,269885,64,348141
26789,0.028331,74.125.130.0-255,2902,272787,64,348141
26790,0.028337,172.31.40.0-255,66,272853,64,348141
26791,0.028367,74.125.130.0-255,2902,275755,64,348141
26792,0.02837,172.31.40.0-255,66,275821,64,348141
26793,0.029319,104.244.42.0-255,66,275887,64,348141
26794,0.029353,104.244.42.0-255,66,275953,64,348141
26795,0.029399,104.244.42.0-255,66,276019,64,348141
26796,0.030118,104.244.42.0-255,108,276127,64,348141
26797,0.030128,172.31.40.0-255,66,276193,64,348141
26798,0.030363,74.125.130.0-255,2902,279095,64,348141
26799,0.030367,172.31.40.0-255,66,279161,64,348141
26800,0.030387,74.125.130.0-255,2902,282063,64,348141
26801,0.03039,172.31.40.0-255,66,282129,64,348141
26802,0.032392,74.125.130.0-255,4320,286449,64,348141
26803,0.032398,172.31.40.0-255,66,286515,64,348141
26804,0.032424,74.125.130.0-255,1484,287999,64,348141
26805,0.034417,74.125.130.0-255,4320,292319,64,348141
26806,0.034424,172.31.40.0-255,66,292385,64,348141
26807,0.036489,74.125.130.0-255,5738,298123,64,348141
26808,0.036495,172.31.40.0-255,66,298189,64,348141
26809,0.038532,74.125.130.0-255,5738,303927,64,348141
26810,0.038538,172.31.40.0-255,66,303993,64,348141
26811,0.040563,74.125.130.0-255,5738,309731,64,348141
26812,0.04057,172.31.40.0-255,66,309797,64,348141
26813,0.042594,74.125.130.0-255,5738,315535,64,348141
26814,0.042601,172.31.40.0-255,66,315601,64,348141
26815,0.044615,74.125.130.0-255,5738,321339,64,348141
26816,0.044622,172.31.40.0-255,66,321405,64,348141
26817,0.04665,74.125.130.0-255,5738,327143,64,348141
26818,0.046656,172.31.40.0-255,66,327209,64,348141
26819,0.048682,74.125.130.0-255,5738,332947,64,348141
26820,0.048688,172.31.40.0-255,66,333013,64,348141
26821,0.050721,74.125.130.0-255,5738,338751,64,348141
26822,0.050727,172.31.40.0-255,66,338817,64,348141
26823,0.052753,74.125.130.0-255,5738,344555,64,348141
26824,0.05276,172.31.40.0-255,66,344621,64,348141
26825,0.054785,74.125.130.0-255,3283,347904,64,348141
26826,0.054793,172.31.40.0-255,66,347970,64,348141
26827,0.05496,172.31.40.0-255,105,348075,64,348141
26828,0.056942,74.125.130.0-255,66,348141,64,348141
26829,0.0,172.217.194.0-255,152,152,64,215641
26830,1.8e-05,172.31.40.0-255,66,218,64,215641
26831,2.5e-05,172.217.194.0-255,1484,1702,64,215641
26832,2.9e-05,172.31.40.0-255,66,1768,64,215641
26833,3.4e-05,172.217.194.0-255,2902,4670,64,215641
26834,4.7e-05,172.31.40.0-255,66,4736,64,215641
26835,5.5e-05,172.217.194.0-255,7156,11892,64,215641
26836,5.8e-05,172.31.40.0-255,66,11958,64,215641
26837,6.2e-05,172.217.194.0-255,2030,13988,64,215641
26838,6.6e-05,172.31.40.0-255,66,14054,64,215641
26839,7e-05,172.217.194.0-255,2902,16956,64,215641
26840,7.3e-05,172.31.40.0-255,66,17022,64,215641
26841,0.000114,172.217.194.0-255,7156,24178,64,215641
26842,0.000117,172.31.40.0-255,66,24244,64,215641
26843,0.000125,172.217.194.0-255,6797,31041,64,215641
26844,0.000127,172.31.40.0-255,66,31107,64,215641
26845,0.000179,172.217.194.0-255,7156,38263,64,215641
26846,0.000182,172.31.40.0-255,66,38329,64,215641
26847,0.000187,172.217.194.0-255,4320,42649,64,215641
26848,0.000189,172.31.40.0-255,66,42715,64,215641
26849,0.000209,172.217.194.0-255,4320,47035,64,215641
26850,0.000216,172.31.40.0-255,66,47101,64,215641
26851,0.000219,172.217.194.0-255,1125,48226,64,215641
26852,0.000221,172.31.40.0-255,66,48292,64,215641
26853,0.000625,172.217.194.0-255,1484,49776,64,215641
26854,0.00063,172.31.40.0-255,66,49842,64,215641
26855,0.000637,172.217.194.0-255,2902,52744,64,215641
26856,0.00064,172.31.40.0-255,66,52810,64,215641
26857,0.000652,172.217.194.0-255,5738,58548,64,215641
26858,0.000654,172.31.40.0-255,66,58614,64,215641
26859,0.00066,172.217.194.0-255,4320,62934,64,215641
26860,0.000663,172.31.40.0-255,66,63000,64,215641
26861,0.000695,172.217.194.0-255,2543,65543,64,215641
26862,0.000698,172.31.40.0-255,66,65609,64,215641
26863,0.000721,172.217.194.0-255,1484,67093,64,215641
26864,0.000726,172.217.194.0-255,2902,69995,64,215641
26865,0.000729,172.31.40.0-255,66,70061,64,215641
26866,0.000732,172.217.194.0-255,1484,71545,64,215641
26867,0.00076,172.217.194.0-255,4320,75865,64,215641
26868,0.000763,172.31.40.0-255,66,75931,64,215641
26869,0.000768,172.217.194.0-255,4320,80251,64,215641
26870,0.000771,172.31.40.0-255,66,80317,64,215641
26871,0.000796,172.217.194.0-255,2543,82860,64,215641
26872,0.000803,172.217.194.0-255,7156,90016,64,215641
26873,0.000829,172.31.40.0-255,66,90082,64,215641
26874,0.000837,172.31.40.0-255,66,90148,64,215641
26875,0.000839,172.31.40.0-255,66,90214,64,215641
26876,0.000856,172.31.40.0-255,66,90280,64,215641
26877,0.000864,172.217.194.0-255,6783,97063,64,215641
26878,0.000866,172.31.40.0-255,66,97129,64,215641
26879,0.000914,172.217.194.0-255,4320,101449,64,215641
26880,0.000919,172.31.40.0-255,66,101515,64,215641
26881,0.000946,172.217.194.0-255,1484,102999,64,215641
26882,0.000954,172.217.194.0-255,7156,110155,64,215641
26883,0.000957,172.31.40.0-255,66,110221,64,215641
26884,0.000962,172.217.194.0-255,2902,113123,64,215641
26885,0.000964,172.31.40.0-255,66,113189,64,215641
26886,0.000997,172.31.40.0-255,66,113255,64,215641
26887,0.001004,172.217.194.0-255,6438,119693,64,215641
26888,0.001006,172.31.40.0-255,66,119759,64,215641
26889,0.001044,172.31.40.0-255,66,119825,64,215641
26890,0.001055,172.31.40.0-255,66,119891,64,215641
26891,0.00108,172.217.194.0-255,2902,122793,64,215641
26892,0.001086,172.31.40.0-255,66,122859,64,215641
26893,0.001101,172.31.40.0-255,66,122925,64,215641
26894,0.001126,172.217.194.0-255,2902,125827,64,215641
26895,0.001132,172.31.40.0-255,66,125893,64,215641
26896,0.001137,172.217.194.0-255,4320,130213,64,215641
26897,0.00114,172.31.40.0-255,66,130279,64,215641
26898,0.001163,172.217.194.0-255,2902,133181,64,215641
26899,0.001165,172.31.40.0-255,66,133247,64,215641
26900,0.001196,172.217.194.0-255,5738,138985,64,215641
26901,0.001203,172.31.40.0-255,66,139051,64,215641
26902,0.001211,172.217.194.0-255,7156,146207,64,215641
26903,0.001213,172.31.40.0-255,66,146273,64,215641
26904,0.001262,172.31.40.0-255,66,146339,64,215641
26905,0.001314,172.217.194.0-255,1484,147823,64,215641
26906,0.001318,172.217.194.0-255,2902,150725,64,215641
26907,0.001321,172.31.40.0-255,66,150791,64,215641
26908,0.001328,172.217.194.0-255,5738,156529,64,215641
26909,0.00133,172.31.40.0-255,66,156595,64,215641
26910,0.001363,172.31.40.0-255,66,156661,64,215641
26911,0.001402,172.31.40.0-255,66,156727,64,215641
26912,0.00148,172.217.194.0-255,1484,158211,64,215641
26913,0.001486,172.217.194.0-255,2902,161113,64,215641
26914,0.001489,172.31.40.0-255,66,161179,64,215641
26915,0.001493,172.217.194.0-255,1484,162663,64,215641
26916,0.001527,172.217.194.0-255,4320,166983,64,215641
26917,0.00153,172.31.40.0-255,66,167049,64,215641
26918,0.001544,172.31.40.0-255,66,167115,64,215641
26919,0.001559,172.31.40.0-255,66,167181,64,215641
26920,0.001586,172.217.194.0-255,5738,172919,64,215641
26921,0.001589,172.31.40.0-255,66,172985,64,215641
26922,0.001638,172.31.40.0-255,66,173051,64,215641
26923,0.001652,172.31.40.0-255,66,173117,64,215641
26924,0.001659,172.217.194.0-255,7156,180273,64,215641
26925,0.001662,172.31.40.0-255,66,180339,64,215641
26926,0.001673,172.31.40.0-255,66,180405,64,215641
26927,0.001713,172.31.40.0-255,66,180471,64,215641
26928,0.001716,172.217.194.0-255,766,181237,64,215641
26929,0.001819,172.217.194.0-255,1484,182721,64,215641
26930,0.001823,172.31.40.0-255,66,182787,64,215641
26931,0.001828,172.217.194.0-255,2902,185689,64,215641
26932,0.00183,172.31.40.0-255,66,185755,64,215641
26933,0.001833,172.217.194.0-255,1484,187239,64,215641
26934,0.00185,172.217.194.0-255,4320,191559,64,215641
26935,0.001852,172.31.40.0-255,66,191625,64,215641
26936,0.001863,172.217.194.0-255,7156,198781,64,215641
26937,0.001866,172.31.40.0-255,66,198847,64,215641
26938,0.001886,172.217.194.0-255,1484,200331,64,215641
26939,0.001919,172.217.194.0-255,5738,206069,64,215641
26940,0.001922,172.31.40.0-255,66,206135,64,215641
26941,0.001958,172.31.40.0-255,66,206201,64,215641
26942,0.001961,172.217.194.0-255,1484,207685,64,215641
26943,0.001997,172.31.40.0-255,66,207751,64,215641
26944,0.002015,172.31.40.0-255,66,207817,64,215641
26945,0.002018,172.217.194.0-255,194,208011,64,215641
26946,0.002076,172.217.194.0-255,105,208116,64,215641
26947,0.011266,172.217.194.0-255,105,208221,64,215641
26948,0.011289,172.31.40.0-255,78,208299,64,215641
26949,0.01463,172.31.40.0-255,105,208404,64,215641
26950,0.016882,172.217.194.0-255,66,208470,64,215641
26951,0.05357,172.31.40.0-255,172,208642,64,215641
26952,0.053604,172.31.40.0-255,1112,209754,64,215641
26953,0.05368,172.31.40.0-255,1514,211268,64,215641
26954,0.053682,172.31.40.0-255,1514,212782,64,215641
26955,0.053683,172.31.40.0-255,1514,214296,64,215641
26956,0.053711,172.31.40.0-255,1081,215377,64,215641
26957,0.055077,104.244.42.0-255,66,215443,64,215641
26958,0.055088,104.244.42.0-255,66,215509,64,215641
26959,0.055204,104.244.42.0-255,66,215575,64,215641
26960,0.055211,104.244.42.0-255,66,215641,64,215641
26961,0.0,172.217.24.0-255,154,154,64,315214
26962,1.4e-05,172.31.40.0-255,66,220,64,315214
26963,5.5e-05,172.217.24.0-255,1484,1704,64,315214
26964,5.9e-05,172.31.40.0-255,66,1770,64,315214
26965,6.4e-05,172.217.24.0-255,2902,4672,64,315214
26966,6.6e-05,172.31.40.0-255,66,4738,64,315214
26967,7.2e-05,172.217.24.0-255,5738,10476,64,315214
26968,7.5e-05,172.31.40.0-255,66,10542,64,315214
26969,8.4e-05,172.217.24.0-255,3410,13952,64,315214
26970,8.7e-05,172.31.40.0-255,66,14018,64,315214
26971,0.000149,172.217.24.0-255,1484,15502,64,315214
26972,0.000153,172.31.40.0-255,66,15568,64,315214
26973,0.000157,172.217.24.0-255,2902,18470,64,315214
26974,0.000159,172.31.40.0-255,66,18536,64,315214
26975,0.000165,172.217.24.0-255,5738,24274,64,315214
26976,0.000167,172.31.40.0-255,66,24340,64,315214
26977,0.000179,172.217.24.0-255,6797,31137,64,315214
26978,0.00018,172.31.40.0-255,66,31203,64,315214
26979,0.000294,172.217.24.0-255,1484,32687,64,315214
26980,0.000297,172.31.40.0-255,66,32753,64,315214
26981,0.000313,172.217.24.0-255,2902,35655,64,315214
26982,0.000319,172.31.40.0-255,66,35721,64,315214
26983,0.000326,172.217.24.0-255,4320,40041,64,315214
26984,0.000329,172.31.40.0-255,66,40107,64,315214
26985,0.000375,172.217.24.0-255,2902,43009,64,315214
26986,0.000377,172.31.40.0-255,66,43075,64,315214
26987,0.000399,172.217.24.0-255,6797,49872,64,315214
26988,0.000402,172.31.40.0-255,66,49938,64,315214
26989,0.000407,172.217.24.0-255,4320,54258,64,315214
26990,0.000409,172.31.40.0-255,66,54324,64,315214
26991,0.000445,172.217.24.0-255,5738,60062,64,315214
26992,0.000448,172.31.40.0-255,66,60128,64,315214
26993,0.000452,172.217.24.0-255,2902,63030,64,315214
26994,0.000454,172.31.40.0-255,66,63096,64,315214
26995,0.000475,172.217.24.0-255,2870,65966,64,315214
26996,0.000478,172.31.40.0-255,66,66032,64,315214
26997,0.001082,172.217.24.0-255,115,66147,64,315214
26998,0.001086,172.217.24.0-255,332,66479,64,315214
26999,0.001149,172.31.40.0-255,66,66545,64,315214
27000,0.001391,172.217.24.0-255,1484,68029,64,315214
27001,0.001401,172.217.24.0-255,2902,70931,64,315214
27002,0.001405,172.31.40.0-255,66,70997,64,315214
27003,0.001412,172.217.24.0-255,4320,75317,64,315214
27004,0.001414,172.31.40.0-255,66,75383,64,315214
27005,0.00145,172.217.24.0-255,1484,76867,64,315214
27006,0.001456,172.217.24.0-255,5738,82605,64,315214
27007,0.001459,172.31.40.0-255,66,82671,64,315214
27008,0.001467,172.217.24.0-255,7156,89827,64,315214
27009,0.001469,172.31.40.0-255,66,89893,64,315214
27010,0.001481,172.217.24.0-255,5738,95631,64,315214
27011,0.001483,172.31.40.0-255,66,95697,64,315214
27012,0.001515,172.217.24.0-255,5020,100717,64,315214
27013,0.001517,172.31.40.0-255,66,100783,64,315214
27014,0.002416,172.217.24.0-255,1484,102267,64,315214
27015,0.002423,172.217.24.0-255,2902,105169,64,315214
27016,0.002427,172.31.40.0-255,66,105235,64,315214
27017,0.002456,172.217.24.0-255,1484,106719,64,315214
27018,0.002504,172.217.24.0-255,2902,109621,64,315214
27019,0.002507,172.31.40.0-255,66,109687,64,315214
27020,0.002513,172.217.24.0-255,5738,115425,64,315214
27021,0.002514,172.31.40.0-255,66,115491,64,315214
27022,0.002525,172.217.24.0-255,7156,122647,64,315214
27023,0.002528,172.31.40.0-255,66,122713,64,315214
27024,0.002537,172.31.40.0-255,66,122779,64,315214
27025,0.002542,172.217.24.0-255,3602,126381,64,315214
27026,0.002547,172.31.40.0-255,66,126447,64,315214
27027,0.002577,172.217.24.0-255,2902,129349,64,315214
27028,0.00258,172.31.40.0-255,66,129415,64,315214
27029,0.002598,172.217.24.0-255,1484,130899,64,315214
27030,0.002603,172.217.24.0-255,2902,133801,64,315214
27031,0.002605,172.31.40.0-255,66,133867,64,315214
27032,0.00261,172.217.24.0-255,4320,138187,64,315214
27033,0.002612,172.31.40.0-255,66,138253,64,315214
27034,0.002616,172.217.24.0-255,4320,142573,64,315214
27035,0.002618,172.31.40.0-255,66,142639,64,315214
27036,0.002649,172.217.24.0-255,4320,146959,64,315214
27037,0.002651,172.31.40.0-255,66,147025,64,315214
27038,0.002666,172.31.40.0-255,66,147091,64,315214
27039,0.002685,172.217.24.0-255,766,147857,64,315214
27040,0.002817,172.217.24.0-255,1484,149341,64,315214
27041,0.002818,172.31.40.0-255,66,149407,64,315214
27042,0.002822,172.217.24.0-255,1484,150891,64,315214
27043,0.00284,172.217.24.0-255,1484,152375,64,315214
27044,0.002842,172.31.40.0-255,66,152441,64,315214
27045,0.002848,172.217.24.0-255,5738,158179,64,315214
27046,0.002851,172.31.40.0-255,66,158245,64,315214
27047,0.00286,172.217.24.0-255,5738,163983,64,315214
27048,0.002862,172.31.40.0-255,66,164049,64,315214
27049,0.002892,172.217.24.0-255,1484,165533,64,315214
27050,0.002905,172.31.40.0-255,66,165599,64,315214
27051,0.002908,172.217.24.0-255,2184,167783,64,315214
27052,0.00291,172.31.40.0-255,66,167849,64,315214
27053,0.003104,172.217.24.0-255,1484,169333,64,315214
27054,0.003123,172.217.24.0-255,1484,170817,64,315214
27055,0.003126,172.31.40.0-255,66,170883,64,315214
27056,0.00315,172.217.24.0-255,1484,172367,64,315214
27057,0.003156,172.217.24.0-255,5738,178105,64,315214
27058,0.003159,172.31.40.0-255,66,178171,64,315214
27059,0.003189,172.31.40.0-255,66,178237,64,315214
27060,0.003195,172.217.24.0-255,5738,183975,64,315214
27061,0.003198,172.31.40.0-255,66,184041,64,315214
27062,0.003233,172.217.24.0-255,6438,190479,64,315214
27063,0.003236,172.31.40.0-255,66,190545,64,315214
27064,0.003397,172.217.24.0-255,1484,192029,64,315214
27065,0.003403,172.217.24.0-255,2902,194931,64,315214
27066,0.003406,172.31.40.0-255,66,194997,64,315214
27067,0.003434,172.217.24.0-255,5738,200735,64,315214
27068,0.003437,172.31.40.0-255,66,200801,64,315214
27069,0.003465,172.217.24.0-255,5738,206539,64,315214
27070,0.003468,172.31.40.0-255,66,206605,64,315214
27071,0.003501,172.217.24.0-255,7156,213761,64,315214
27072,0.003505,172.31.40.0-255,66,213827,64,315214
27073,0.003508,172.217.24.0-255,1484,215311,64,315214
27074,0.003512,172.217.24.0-255,2902,218213,64,315214
27075,0.003514,172.31.40.0-255,66,218279,64,315214
27076,0.003526,172.217.24.0-255,6438,224717,64,315214
27077,0.003529,172.31.40.0-255,66,224783,64,315214
27078,0.003765,172.217.24.0-255,1484,226267,64,315214
27079,0.003771,172.217.24.0-255,2902,229169,64,315214
27080,0.003775,172.31.40.0-255,66,229235,64,315214
27081,0.003779,172.217.24.0-255,2902,232137,64,315214
27082,0.003782,172.31.40.0-255,66,232203,64,315214
27083,0.003816,172.217.24.0-255,2902,235105,64,315214
27084,0.003818,172.31.40.0-255,66,235171,64,315214
27085,0.003837,172.31.40.0-255,66,235237,64,315214
27086,0.003921,172.31.40.0-255,66,235303,64,315214
27087,0.003924,172.217.24.0-255,1484,236787,64,315214
27088,0.003956,172.217.24.0-255,1484,238271,64,315214
27089,0.003959,172.31.40.0-255,66,238337,64,315214
27090,0.003988,172.217.24.0-255,2902,241239,64,315214
27091,0.00399,172.31.40.0-255,66,241305,64,315214
27092,0.003996,172.217.24.0-255,5738,247043,64,315214
27093,0.003999,172.31.40.0-255,66,247109,64,315214
27094,0.004005,172.217.24.0-255,4320,251429,64,315214
27095,0.004007,172.31.40.0-255,66,251495,64,315214
27096,0.004052,172.31.40.0-255,66,251561,64,315214
27097,0.004057,172.217.24.0-255,4320,255881,64,315214
27098,0.00406,172.31.40.0-255,66,255947,64,315214
27099,0.004064,172.217.24.0-255,4320,260267,64,315214
27100,0.004067,172.31.40.0-255,66,260333,64,315214
27101,0.004069,172.217.24.0-255,766,261099,64,315214
27102,0.004154,172.217.24.0-255,1484,262583,64,315214
27103,0.004158,172.31.40.0-255,66,262649,64,315214
27104,0.004164,172.217.24.0-255,2902,265551,64,315214
27105,0.004167,172.31.40.0-255,66,265617,64,315214
27106,0.004198,172.217.24.0-255,5738,271355,64,315214
27107,0.004201,172.31.40.0-255,66,271421,64,315214
27108,0.004208,172.217.24.0-255,5738,277159,64,315214
27109,0.004211,172.31.40.0-255,66,277225,64,315214
27110,0.004237,172.217.24.0-255,7156,284381,64,315214
27111,0.00424,172.31.40.0-255,66,284447,64,315214
27112,0.004253,172.31.40.0-255,66,284513,64,315214
27113,0.004286,172.217.24.0-255,1484,285997,64,315214
27114,0.004294,172.217.24.0-255,1484,287481,64,315214
27115,0.004296,172.31.40.0-255,66,287547,64,315214
27116,0.004328,172.217.24.0-255,1484,289031,64,315214
27117,0.004335,172.217.24.0-255,5738,294769,64,315214
27118,0.004338,172.31.40.0-255,66,294835,64,315214
27119,0.004345,172.217.24.0-255,7156,301991,64,315214
27120,0.004347,172.31.40.0-255,66,302057,64,315214
27121,0.004362,172.31.40.0-255,66,302123,64,315214
27122,0.004364,172.217.24.0-255,1484,303607,64,315214
27123,0.004367,172.217.24.0-255,1484,305091,64,315214
27124,0.004369,172.31.40.0-255,66,305157,64,315214
27125,0.004402,172.217.24.0-255,5020,310177,64,315214
27126,0.004405,172.31.40.0-255,66,310243,64,315214
27127,0.004415,172.31.40.0-255,66,310309,64,315214
27128,0.004422,172.217.24.0-255,97,310406,64,315214
27129,0.004463,172.217.24.0-255,105,310511,64,315214
27130,0.006737,172.31.40.0-255,66,310577,64,315214
27131,0.006769,172.31.40.0-255,105,310682,64,315214
27132,0.008666,172.217.24.0-255,66,310748,64,315214
27133,0.033145,172.31.40.0-255,172,310920,64,315214
27134,0.033179,172.31.40.0-255,1112,312032,64,315214
27135,0.033229,172.31.40.0-255,1514,313546,64,315214
27136,0.033268,172.31.40.0-255,1296,314842,64,315214
27137,0.034738,104.244.42.0-255,66,314908,64,315214
27138,0.034777,104.244.42.0-255,66,314974,64,315214
27139,0.034817,104.244.42.0-255,66,315040,64,315214
27140,0.035438,104.244.42.0-255,108,315148,64,315214
27141,0.035444,172.31.40.0-255,66,315214,64,315214
27142,0.0,172.217.194.0-255,147,147,64,277366
27143,2.4e-05,172.31.40.0-255,66,213,64,277366
27144,3.1e-05,172.217.194.0-255,1484,1697,64,277366
27145,3.6e-05,172.31.40.0-255,66,1763,64,277366
27146,4.3e-05,172.217.194.0-255,2902,4665,64,277366
27147,4.7e-05,172.31.40.0-255,66,4731,64,277366
27148,5.2e-05,172.217.194.0-255,2902,7633,64,277366
27149,5.5e-05,172.31.40.0-255,66,7699,64,277366
27150,6.2e-05,172.217.194.0-255,4320,12019,64,277366
27151,6.5e-05,172.31.40.0-255,66,12085,64,277366
27152,0.000101,172.31.40.0-255,66,12151,64,277366
27153,0.000112,172.31.40.0-255,66,12217,64,277366
27154,0.000157,172.217.194.0-255,7156,19373,64,277366
27155,0.00016,172.31.40.0-255,66,19439,64,277366
27156,0.000182,172.217.194.0-255,4320,23759,64,277366
27157,0.000184,172.31.40.0-255,66,23825,64,277366
27158,0.00019,172.217.194.0-255,5020,28845,64,277366
27159,0.000192,172.31.40.0-255,66,28911,64,277366
27160,0.003231,172.217.194.0-255,1484,30395,64,277366
27161,0.003248,172.31.40.0-255,66,30461,64,277366
27162,0.003262,172.217.194.0-255,2902,33363,64,277366
27163,0.003264,172.31.40.0-255,66,33429,64,277366
27164,0.003268,172.217.194.0-255,1484,34913,64,277366
27165,0.00327,172.31.40.0-255,66,34979,64,277366
27166,0.005602,172.217.194.0-255,2902,37881,64,277366
27167,0.005607,172.31.40.0-255,66,37947,64,277366
27168,0.005624,172.217.194.0-255,2902,40849,64,277366
27169,0.005626,172.31.40.0-255,66,40915,64,277366
27170,0.007928,172.217.194.0-255,5738,46653,64,277366
27171,0.007944,172.31.40.0-255,66,46719,64,277366
27172,0.010282,172.217.194.0-255,5738,52457,64,277366
27173,0.010301,172.31.40.0-255,66,52523,64,277366
27174,0.01265,172.217.194.0-255,5738,58261,64,277366
27175,0.01267,172.31.40.0-255,66,58327,64,277366
27176,0.01499,172.217.194.0-255,5738,64065,64,277366
27177,0.015007,172.31.40.0-255,66,64131,64,277366
27178,0.017369,172.217.194.0-255,5738,69869,64,277366
27179,0.017383,172.31.40.0-255,66,69935,64,277366
27180,0.019724,172.217.194.0-255,5738,75673,64,277366
27181,0.019742,172.31.40.0-255,66,75739,64,277366
27182,0.022093,172.217.194.0-255,5738,81477,64,277366
27183,0.02211,172.31.40.0-255,66,81543,64,277366
27184,0.024429,172.217.194.0-255,5738,87281,64,277366
27185,0.024438,172.31.40.0-255,66,87347,64,277366
27186,0.025192,172.31.40.0-255,171,87518,64,277366
27187,0.025224,172.31.40.0-255,1136,88654,64,277366
27188,0.025286,172.31.40.0-255,1514,90168,64,277366
27189,0.025288,172.31.40.0-255,1272,91440,64,277366
27190,0.026746,172.217.194.0-255,5738,97178,64,277366
27191,0.02676,172.31.40.0-255,66,97244,64,277366
27192,0.026781,104.244.42.0-255,66,97310,64,277366
27193,0.02679,104.244.42.0-255,66,97376,64,277366
27194,0.026837,104.244.42.0-255,66,97442,64,277366
27195,0.029106,172.217.194.0-255,5738,103180,64,277366
27196,0.029119,172.31.40.0-255,66,103246,64,277366
27197,0.031475,172.217.194.0-255,5738,108984,64,277366
27198,0.031493,172.31.40.0-255,66,109050,64,277366
27199,0.033823,172.217.194.0-255,5738,114788,64,277366
27200,0.033836,172.31.40.0-255,66,114854,64,277366
27201,0.036161,172.217.194.0-255,5738,120592,64,277366
27202,0.036172,172.31.40.0-255,66,120658,64,277366
27203,0.038494,172.217.194.0-255,5738,126396,64,277366
27204,0.038506,172.31.40.0-255,66,126462,64,277366
27205,0.040822,172.217.194.0-255,5738,132200,64,277366
27206,0.040837,172.31.40.0-255,66,132266,64,277366
27207,0.043178,172.217.194.0-255,5738,138004,64,277366
27208,0.043194,172.31.40.0-255,66,138070,64,277366
27209,0.045524,172.217.194.0-255,5738,143808,64,277366
27210,0.045539,172.31.40.0-255,66,143874,64,277366
27211,0.04789,172.217.194.0-255,5738,149612,64,277366
27212,0.047906,172.31.40.0-255,66,149678,64,277366
27213,0.050253,172.217.194.0-255,5738,155416,64,277366
27214,0.050269,172.31.40.0-255,66,155482,64,277366
27215,0.052603,172.217.194.0-255,5738,161220,64,277366
27216,0.052615,172.31.40.0-255,66,161286,64,277366
27217,0.054949,172.217.194.0-255,5738,167024,64,277366
27218,0.054956,172.31.40.0-255,66,167090,64,277366
27219,0.057297,172.217.194.0-255,5738,172828,64,277366
27220,0.057312,172.31.40.0-255,66,172894,64,277366
27221,0.05962,172.217.194.0-255,5738,178632,64,277366
27222,0.059631,172.31.40.0-255,66,178698,64,277366
27223,0.061959,172.217.194.0-255,5738,184436,64,277366
27224,0.06197,172.31.40.0-255,66,184502,64,277366
27225,0.064287,172.217.194.0-255,5738,190240,64,277366
27226,0.064298,172.31.40.0-255,66,190306,64,277366
27227,0.066608,172.217.194.0-255,5738,196044,64,277366
27228,0.066618,172.31.40.0-255,66,196110,64,277366
27229,0.06899,172.217.194.0-255,5738,201848,64,277366
27230,0.069006,172.31.40.0-255,66,201914,64,277366
27231,0.071343,172.217.194.0-255,5738,207652,64,277366
27232,0.071357,172.31.40.0-255,66,207718,64,277366
27233,0.073705,172.217.194.0-255,5738,213456,64,277366
27234,0.073717,172.31.40.0-255,66,213522,64,277366
27235,0.076065,172.217.194.0-255,5738,219260,64,277366
27236,0.076073,172.31.40.0-255,66,219326,64,277366
27237,0.078405,172.217.194.0-255,5738,225064,64,277366
27238,0.07842,172.31.40.0-255,66,225130,64,277366
27239,0.080776,172.217.194.0-255,5738,230868,64,277366
27240,0.080791,172.31.40.0-255,66,230934,64,277366
27241,0.08314,172.217.194.0-255,5738,236672,64,277366
27242,0.083152,172.31.40.0-255,66,236738,64,277366
27243,0.085552,172.217.194.0-255,5738,242476,64,277366
27244,0.085573,172.31.40.0-255,66,242542,64,277366
27245,0.087901,172.217.194.0-255,5738,248280,64,277366
27246,0.087921,172.31.40.0-255,66,248346,64,277366
27247,0.090278,172.217.194.0-255,5738,254084,64,277366
27248,0.090297,172.31.40.0-255,66,254150,64,277366
27249,0.092673,172.217.194.0-255,5738,259888,64,277366
27250,0.092691,172.31.40.0-255,66,259954,64,277366
27251,0.095029,172.217.194.0-255,5738,265692,64,277366
27252,0.09505,172.31.40.0-255,66,265758,64,277366
27253,0.097397,172.217.194.0-255,5738,271496,64,277366
27254,0.097415,172.31.40.0-255,66,271562,64,277366
27255,0.099743,172.217.194.0-255,5738,277300,64,277366
27256,0.099763,172.31.40.0-255,66,277366,64,277366
27257,0.0,74.125.68.0-255,146,146,64,405085
27258,2.3e-05,172.31.40.0-255,66,212,64,405085
27259,3.2e-05,74.125.68.0-255,1484,1696,64,405085
27260,3.6e-05,172.31.40.0-255,66,1762,64,405085
27261,5e-05,74.125.68.0-255,2902,4664,64,405085
27262,6.8e-05,172.31.40.0-255,66,4730,64,405085
27263,7.6e-05,74.125.68.0-255,7156,11886,64,405085
27264,7.8e-05,172.31.40.0-255,66,11952,64,405085
27265,8.3e-05,74.125.68.0-255,2031,13983,64,405085
27266,8.6e-05,172.31.40.0-255,66,14049,64,405085
27267,0.000191,74.125.68.0-255,1484,15533,64,405085
27268,0.000195,172.31.40.0-255,66,15599,64,405085
27269,0.000199,74.125.68.0-255,1484,17083,64,405085
27270,0.000201,172.31.40.0-255,66,17149,64,405085
27271,0.00022,74.125.68.0-255,1484,18633,64,405085
27272,0.000222,172.31.40.0-255,66,18699,64,405085
27273,0.000229,74.125.68.0-255,5738,24437,64,405085
27274,0.000231,172.31.40.0-255,66,24503,64,405085
27275,0.000268,74.125.68.0-255,6797,31300,64,405085
27276,0.00027,172.31.40.0-255,66,31366,64,405085
27277,0.000335,74.125.68.0-255,1484,32850,64,405085
27278,0.000339,172.31.40.0-255,66,32916,64,405085
27279,0.000365,74.125.68.0-255,2902,35818,64,405085
27280,0.000368,172.31.40.0-255,66,35884,64,405085
27281,0.000375,74.125.68.0-255,5738,41622,64,405085
27282,0.000377,172.31.40.0-255,66,41688,64,405085
27283,0.000382,74.125.68.0-255,2902,44590,64,405085
27284,0.000389,172.31.40.0-255,66,44656,64,405085
27285,0.000429,74.125.68.0-255,3961,48617,64,405085
27286,0.000431,172.31.40.0-255,66,48683,64,405085
27287,0.000494,74.125.68.0-255,1484,50167,64,405085
27288,0.000497,172.31.40.0-255,66,50233,64,405085
27289,0.0005,74.125.68.0-255,1484,51717,64,405085
27290,0.00052,74.125.68.0-255,1484,53201,64,405085
27291,0.000523,172.31.40.0-255,66,53267,64,405085
27292,0.00053,74.125.68.0-255,5738,59005,64,405085
27293,0.000532,172.31.40.0-255,66,59071,64,405085
27294,0.000536,74.125.68.0-255,2902,61973,64,405085
27295,0.000538,172.31.40.0-255,66,62039,64,405085
27296,0.00058,74.125.68.0-255,1484,63523,64,405085
27297,0.000598,74.125.68.0-255,2888,66411,64,405085
27298,0.000601,172.31.40.0-255,66,66477,64,405085
27299,0.000604,74.125.68.0-255,332,66809,64,405085
27300,0.000889,74.125.68.0-255,1484,68293,64,405085
27301,0.000894,172.31.40.0-255,66,68359,64,405085
27302,0.0009,74.125.68.0-255,2902,71261,64,405085
27303,0.000902,172.31.40.0-255,66,71327,64,405085
27304,0.000925,74.125.68.0-255,5738,77065,64,405085
27305,0.000928,172.31.40.0-255,66,77131,64,405085
27306,0.000955,74.125.68.0-255,6797,83928,64,405085
27307,0.000958,172.31.40.0-255,66,83994,64,405085
27308,0.000988,74.125.68.0-255,1484,85478,64,405085
27309,0.001009,74.125.68.0-255,2902,88380,64,405085
27310,0.001012,172.31.40.0-255,66,88446,64,405085
27311,0.001019,74.125.68.0-255,5738,94184,64,405085
27312,0.001021,172.31.40.0-255,66,94250,64,405085
27313,0.001058,74.125.68.0-255,6797,101047,64,405085
27314,0.001062,172.31.40.0-255,66,101113,64,405085
27315,0.001762,74.125.68.0-255,1484,102597,64,405085
27316,0.001772,74.125.68.0-255,2902,105499,64,405085
27317,0.001776,172.31.40.0-255,66,105565,64,405085
27318,0.001811,74.125.68.0-255,5738,111303,64,405085
27319,0.001814,172.31.40.0-255,66,111369,64,405085
27320,0.00182,74.125.68.0-255,4320,115689,64,405085
27321,0.001822,172.31.40.0-255,66,115755,64,405085
27322,0.001828,74.125.68.0-255,5738,121493,64,405085
27323,0.001831,172.31.40.0-255,66,121559,64,405085
27324,0.001869,172.31.40.0-255,66,121625,64,405085
27325,0.001892,74.125.68.0-255,2184,123809,64,405085
27326,0.001894,172.31.40.0-255,66,123875,64,405085
27327,0.002098,74.125.68.0-255,1484,125359,64,405085
27328,0.002119,74.125.68.0-255,2902,128261,64,405085
27329,0.002123,172.31.40.0-255,66,128327,64,405085
27330,0.002131,74.125.68.0-255,5738,134065,64,405085
27331,0.002133,172.31.40.0-255,66,134131,64,405085
27332,0.002164,74.125.68.0-255,2902,137033,64,405085
27333,0.002167,172.31.40.0-255,66,137099,64,405085
27334,0.002172,74.125.68.0-255,4320,141419,64,405085
27335,0.002174,172.31.40.0-255,66,141485,64,405085
27336,0.00218,74.125.68.0-255,4320,145805,64,405085
27337,0.002182,172.31.40.0-255,66,145871,64,405085
27338,0.002219,74.125.68.0-255,4320,150191,64,405085
27339,0.002222,172.31.40.0-255,66,150257,64,405085
27340,0.002227,74.125.68.0-255,4320,154577,64,405085
27341,0.002229,172.31.40.0-255,66,154643,64,405085
27342,0.002254,74.125.68.0-255,3602,158245,64,405085
27343,0.002257,172.31.40.0-255,66,158311,64,405085
27344,0.004501,74.125.68.0-255,1484,159795,64,405085
27345,0.004536,74.125.68.0-255,4320,164115,64,405085
27346,0.004541,172.31.40.0-255,66,164181,64,405085
27347,0.006829,74.125.68.0-255,5738,169919,64,405085
27348,0.006833,172.31.40.0-255,66,169985,64,405085
27349,0.009112,74.125.68.0-255,5738,175723,64,405085
27350,0.009119,172.31.40.0-255,66,175789,64,405085
27351,0.011421,74.125.68.0-255,5738,181527,64,405085
27352,0.011431,172.31.40.0-255,66,181593,64,405085
27353,0.013722,74.125.68.0-255,5738,187331,64,405085
27354,0.013732,172.31.40.0-255,66,187397,64,405085
27355,0.016015,74.125.68.0-255,5738,193135,64,405085
27356,0.016024,172.31.40.0-255,66,193201,64,405085
27357,0.018309,74.125.68.0-255,5738,198939,64,405085
27358,0.018318,172.31.40.0-255,66,199005,64,405085
27359,0.020608,74.125.68.0-255,5738,204743,64,405085
27360,0.020617,172.31.40.0-255,66,204809,64,405085
27361,0.022908,74.125.68.0-255,5738,210547,64,405085
27362,0.022915,172.31.40.0-255,66,210613,64,405085
27363,0.025203,74.125.68.0-255,5738,216351,64,405085
27364,0.025227,172.31.40.0-255,66,216417,64,405085
27365,0.027547,74.125.68.0-255,5738,222155,64,405085
27366,0.027554,172.31.40.0-255,66,222221,64,405085
27367,0.029562,172.31.40.0-255,172,222393,64,405085
27368,0.029595,172.31.40.0-255,1112,223505,64,405085
27369,0.02965,172.31.40.0-255,1514,225019,64,405085
27370,0.029652,172.31.40.0-255,1296,226315,64,405085
27371,0.029839,74.125.68.0-255,5738,232053,64,405085
27372,0.029845,172.31.40.0-255,66,232119,64,405085
27373,0.031096,104.244.42.0-255,66,232185,64,405085
27374,0.031139,104.244.42.0-255,66,232251,64,405085
27375,0.031186,104.244.42.0-255,66,232317,64,405085
27376,0.032128,74.125.68.0-255,5738,238055,64,405085
27377,0.032134,172.31.40.0-255,66,238121,64,405085
27378,0.034427,74.125.68.0-255,5738,243859,64,405085
27379,0.034436,172.31.40.0-255,66,243925,64,405085
27380,0.036735,74.125.68.0-255,5738,249663,64,405085
27381,0.036743,172.31.40.0-255,66,249729,64,405085
27382,0.039043,74.125.68.0-255,5738,255467,64,405085
27383,0.03905,172.31.40.0-255,66,255533,64,405085
27384,0.041343,74.125.68.0-255,5738,261271,64,405085
27385,0.041352,172.31.40.0-255,66,261337,64,405085
27386,0.04365,74.125.68.0-255,5738,267075,64,405085
27387,0.043657,172.31.40.0-255,66,267141,64,405085
27388,0.045941,74.125.68.0-255,4320,271461,64,405085
27389,0.045947,172.31.40.0-255,66,271527,64,405085
27390,0.045971,74.125.68.0-255,1484,273011,64,405085
27391,0.048237,74.125.68.0-255,4320,277331,64,405085
27392,0.048244,172.31.40.0-255,66,277397,64,405085
27393,0.050522,74.125.68.0-255,5738,283135,64,405085
27394,0.050529,172.31.40.0-255,66,283201,64,405085
27395,0.052829,74.125.68.0-255,5738,288939,64,405085
27396,0.052836,172.31.40.0-255,66,289005,64,405085
27397,0.055154,74.125.68.0-255,5738,294743,64,405085
27398,0.055165,172.31.40.0-255,66,294809,64,405085
27399,0.057455,74.125.68.0-255,5738,300547,64,405085
27400,0.057462,172.31.40.0-255,66,300613,64,405085
27401,0.059751,74.125.68.0-255,5738,306351,64,405085
27402,0.059758,172.31.40.0-255,66,306417,64,405085
27403,0.062056,74.125.68.0-255,5738,312155,64,405085
27404,0.062064,172.31.40.0-255,66,312221,64,405085
27405,0.064368,74.125.68.0-255,5738,317959,64,405085
27406,0.064374,172.31.40.0-255,66,318025,64,405085
27407,0.066669,74.125.68.0-255,5738,323763,64,405085
27408,0.066677,172.31.40.0-255,66,323829,64,405085
27409,0.068962,74.125.68.0-255,5738,329567,64,405085
27410,0.068969,172.31.40.0-255,66,329633,64,405085
27411,0.071254,74.125.68.0-255,5738,335371,64,405085
27412,0.071261,172.31.40.0-255,66,335437,64,405085
27413,0.073552,74.125.68.0-255,5738,341175,64,405085
27414,0.073559,172.31.40.0-255,66,341241,64,405085
27415,0.07585,74.125.68.0-255,5738,346979,64,405085
27416,0.075861,172.31.40.0-255,66,347045,64,405085
27417,0.07815,74.125.68.0-255,5738,352783,64,405085
27418,0.078157,172.31.40.0-255,66,352849,64,405085
27419,0.080453,74.125.68.0-255,5738,358587,64,405085
27420,0.080461,172.31.40.0-255,66,358653,64,405085
27421,0.082769,74.125.68.0-255,5738,364391,64,405085
27422,0.082776,172.31.40.0-255,66,364457,64,405085
27423,0.085056,74.125.68.0-255,5738,370195,64,405085
27424,0.085062,172.31.40.0-255,66,370261,64,405085
27425,0.087345,74.125.68.0-255,5738,375999,64,405085
27426,0.087356,172.31.40.0-255,66,376065,64,405085
27427,0.089646,74.125.68.0-255,5738,381803,64,405085
27428,0.089653,172.31.40.0-255,66,381869,64,405085
27429,0.09193,74.125.68.0-255,5738,387607,64,405085
27430,0.091938,172.31.40.0-255,66,387673,64,405085
27431,0.09422,74.125.68.0-255,5738,393411,64,405085
27432,0.094227,172.31.40.0-255,66,393477,64,405085
27433,0.096524,74.125.68.0-255,5738,399215,64,405085
27434,0.096535,172.31.40.0-255,66,399281,64,405085
27435,0.098837,74.125.68.0-255,5738,405019,64,405085
27436,0.098844,172.31.40.0-255,66,405085,64,405085
27437,0.0,172.31.40.0-255,105,105,64,459
27438,0.000247,172.31.40.0-255,90,195,64,459
27439,0.000258,172.31.40.0-255,66,261,64,459
27440,0.002604,74.125.68.0-255,66,327,64,459
27441,0.002636,74.125.68.0-255,66,393,64,459
27442,0.00266,172.31.40.0-255,66,459,64,459
27443,0.0,74.125.24.0-255,153,153,64,206431
27444,2.4e-05,172.31.40.0-255,66,219,64,206431
27445,3.2e-05,74.125.24.0-255,1484,1703,64,206431
27446,3.7e-05,172.31.40.0-255,66,1769,64,206431
27447,4.4e-05,74.125.24.0-255,2902,4671,64,206431
27448,4.6e-05,172.31.40.0-255,66,4737,64,206431
27449,5.5e-05,74.125.24.0-255,7156,11893,64,206431
27450,5.8e-05,172.31.40.0-255,66,11959,64,206431
27451,8.1e-05,74.125.24.0-255,2158,14117,64,206431
27452,8.5e-05,172.31.40.0-255,66,14183,64,206431
27453,0.00011,74.125.24.0-255,7156,21339,64,206431
27454,0.000114,172.31.40.0-255,66,21405,64,206431
27455,0.000134,74.125.24.0-255,4320,25725,64,206431
27456,0.000136,172.31.40.0-255,66,25791,64,206431
27457,0.000222,74.125.24.0-255,2902,28693,64,206431
27458,0.000226,172.31.40.0-255,66,28759,64,206431
27459,0.00024,74.125.24.0-255,2543,31302,64,206431
27460,0.000243,172.31.40.0-255,66,31368,64,206431
27461,0.000295,74.125.24.0-255,1484,32852,64,206431
27462,0.000297,172.31.40.0-255,66,32918,64,206431
27463,0.000302,74.125.24.0-255,2902,35820,64,206431
27464,0.000304,172.31.40.0-255,66,35886,64,206431
27465,0.000327,74.125.24.0-255,2902,38788,64,206431
27466,0.000329,172.31.40.0-255,66,38854,64,206431
27467,0.000351,74.125.24.0-255,2902,41756,64,206431
27468,0.000354,172.31.40.0-255,66,41822,64,206431
27469,0.000389,74.125.24.0-255,4320,46142,64,206431
27470,0.000392,172.31.40.0-255,66,46208,64,206431
27471,0.000419,172.31.40.0-255,66,46274,64,206431
27472,0.000548,172.31.40.0-255,66,46340,64,206431
27473,0.000651,74.125.24.0-255,352,46692,64,206431
27474,0.001065,74.125.24.0-255,1484,48176,64,206431
27475,0.00107,172.31.40.0-255,66,48242,64,206431
27476,0.001075,74.125.24.0-255,2902,51144,64,206431
27477,0.001077,172.31.40.0-255,66,51210,64,206431
27478,0.0011,74.125.24.0-255,5738,56948,64,206431
27479,0.001102,172.31.40.0-255,66,57014,64,206431
27480,0.001136,74.125.24.0-255,2902,59916,64,206431
27481,0.001139,172.31.40.0-255,66,59982,64,206431
27482,0.00117,172.31.40.0-255,66,60048,64,206431
27483,0.001286,74.125.24.0-255,5738,65786,64,206431
27484,0.00129,172.31.40.0-255,66,65852,64,206431
27485,0.001305,74.125.24.0-255,5020,70872,64,206431
27486,0.001308,172.31.40.0-255,66,70938,64,206431
27487,0.00173,74.125.24.0-255,1484,72422,64,206431
27488,0.001741,74.125.24.0-255,2902,75324,64,206431
27489,0.001746,172.31.40.0-255,66,75390,64,206431
27490,0.001751,74.125.24.0-255,1484,76874,64,206431
27491,0.001769,74.125.24.0-255,4320,81194,64,206431
27492,0.001771,172.31.40.0-255,66,81260,64,206431
27493,0.001812,74.125.24.0-255,5738,86998,64,206431
27494,0.001815,172.31.40.0-255,66,87064,64,206431
27495,0.001832,74.125.24.0-255,1484,88548,64,206431
27496,0.001901,172.31.40.0-255,66,88614,64,206431
27497,0.001911,74.125.24.0-255,1484,90098,64,206431
27498,0.002011,74.125.24.0-255,2902,93000,64,206431
27499,0.002015,172.31.40.0-255,66,93066,64,206431
27500,0.002033,74.125.24.0-255,2184,95250,64,206431
27501,0.002035,172.31.40.0-255,66,95316,64,206431
27502,0.002206,74.125.24.0-255,1484,96800,64,206431
27503,0.002213,74.125.24.0-255,2902,99702,64,206431
27504,0.002217,172.31.40.0-255,66,99768,64,206431
27505,0.00224,74.125.24.0-255,5738,105506,64,206431
27506,0.002243,172.31.40.0-255,66,105572,64,206431
27507,0.002294,74.125.24.0-255,2902,108474,64,206431
27508,0.002297,172.31.40.0-255,66,108540,64,206431
27509,0.002326,74.125.24.0-255,4320,112860,64,206431
27510,0.002329,172.31.40.0-255,66,112926,64,206431
27511,0.002344,74.125.24.0-255,5738,118664,64,206431
27512,0.002347,172.31.40.0-255,66,118730,64,206431
27513,0.002424,74.125.24.0-255,1484,120214,64,206431
27514,0.002449,74.125.24.0-255,4320,124534,64,206431
27515,0.002452,172.31.40.0-255,66,124600,64,206431
27516,0.002489,74.125.24.0-255,1484,126084,64,206431
27517,0.002504,74.125.24.0-255,1484,127568,64,206431
27518,0.002507,172.31.40.0-255,66,127634,64,206431
27519,0.002511,74.125.24.0-255,1484,129118,64,206431
27520,0.002523,74.125.24.0-255,766,129884,64,206431
27521,0.002526,172.31.40.0-255,66,129950,64,206431
27522,0.002648,74.125.24.0-255,1484,131434,64,206431
27523,0.002669,74.125.24.0-255,1484,132918,64,206431
27524,0.002674,172.31.40.0-255,66,132984,64,206431
27525,0.002681,74.125.24.0-255,4320,137304,64,206431
27526,0.002683,172.31.40.0-255,66,137370,64,206431
27527,0.002748,74.125.24.0-255,2902,140272,64,206431
27528,0.00275,172.31.40.0-255,66,140338,64,206431
27529,0.002756,74.125.24.0-255,4320,144658,64,206431
27530,0.002759,172.31.40.0-255,66,144724,64,206431
27531,0.002804,172.31.40.0-255,66,144790,64,206431
27532,0.002882,74.125.24.0-255,2902,147692,64,206431
27533,0.002885,172.31.40.0-255,66,147758,64,206431
27534,0.002902,74.125.24.0-255,1484,149242,64,206431
27535,0.002962,74.125.24.0-255,6438,155680,64,206431
27536,0.002965,172.31.40.0-255,66,155746,64,206431
27537,0.002989,74.125.24.0-255,1484,157230,64,206431
27538,0.003004,74.125.24.0-255,5738,162968,64,206431
27539,0.003007,172.31.40.0-255,66,163034,64,206431
27540,0.003073,74.125.24.0-255,2902,165936,64,206431
27541,0.003076,172.31.40.0-255,66,166002,64,206431
27542,0.0031,74.125.24.0-255,5738,171740,64,206431
27543,0.003103,172.31.40.0-255,66,171806,64,206431
27544,0.003167,74.125.24.0-255,1484,173290,64,206431
27545,0.003208,172.31.40.0-255,66,173356,64,206431
27546,0.003348,74.125.24.0-255,766,174122,64,206431
27547,0.003363,74.125.24.0-255,2902,177024,64,206431
27548,0.003366,172.31.40.0-255,66,177090,64,206431
27549,0.003387,74.125.24.0-255,4320,181410,64,206431
27550,0.003389,172.31.40.0-255,66,181476,64,206431
27551,0.003426,74.125.24.0-255,2902,184378,64,206431
27552,0.003429,172.31.40.0-255,66,184444,64,206431
27553,0.003463,172.31.40.0-255,66,184510,64,206431
27554,0.003488,172.31.40.0-255,66,184576,64,206431
27555,0.003728,172.31.40.0-255,66,184642,64,206431
27556,0.00377,172.31.40.0-255,66,184708,64,206431
27557,0.004113,74.125.24.0-255,5738,190446,64,206431
27558,0.004118,172.31.40.0-255,66,190512,64,206431
27559,0.00416,172.31.40.0-255,66,190578,64,206431
27560,0.004174,74.125.24.0-255,2184,192762,64,206431
27561,0.004176,172.31.40.0-255,66,192828,64,206431
27562,0.004429,74.125.24.0-255,4320,197148,64,206431
27563,0.004434,172.31.40.0-255,66,197214,64,206431
27564,0.004508,172.31.40.0-255,66,197280,64,206431
27565,0.004551,172.31.40.0-255,66,197346,64,206431
27566,0.00513,74.125.24.0-255,5524,202870,64,206431
27567,0.005136,172.31.40.0-255,66,202936,64,206431
27568,0.016159,172.31.40.0-255,105,203041,64,206431
27569,0.018481,74.125.24.0-255,66,203107,64,206431
27570,0.036267,172.31.40.0-255,167,203274,64,206431
27571,0.036315,172.31.40.0-255,1107,204381,64,206431
27572,0.03638,172.31.40.0-255,1514,205895,64,206431
27573,0.036382,172.31.40.0-255,338,206233,64,206431
27574,0.037838,104.244.42.0-255,66,206299,64,206431
27575,0.037877,104.244.42.0-255,66,206365,64,206431
27576,0.037925,104.244.42.0-255,66,206431,64,206431
27577,0.0,172.217.194.0-255,153,153,64,192594
27578,1.6e-05,172.31.40.0-255,66,219,64,192594
27579,2.2e-05,172.217.194.0-255,1484,1703,64,192594
27580,2.6e-05,172.31.40.0-255,66,1769,64,192594
27581,3.8e-05,172.217.194.0-255,2902,4671,64,192594
27582,4.2e-05,172.31.40.0-255,66,4737,64,192594
27583,8.6e-05,172.217.194.0-255,7156,11893,64,192594
27584,9e-05,172.31.40.0-255,66,11959,64,192594
27585,9.4e-05,172.217.194.0-255,2021,13980,64,192594
27586,9.7e-05,172.31.40.0-255,66,14046,64,192594
27587,0.000135,172.31.40.0-255,66,14112,64,192594
27588,0.000166,172.217.194.0-255,2902,17014,64,192594
27589,0.000168,172.31.40.0-255,66,17080,64,192594
27590,0.00018,172.31.40.0-255,66,17146,64,192594
27591,0.000199,172.31.40.0-255,66,17212,64,192594
27592,0.000205,172.217.194.0-255,4320,21532,64,192594
27593,0.000208,172.31.40.0-255,66,21598,64,192594
27594,0.000251,172.31.40.0-255,66,21664,64,192594
27595,0.000255,172.217.194.0-255,2543,24207,64,192594
27596,0.000258,172.31.40.0-255,66,24273,64,192594
27597,0.00026,172.217.194.0-255,676,24949,64,192594
27598,0.000262,172.31.40.0-255,66,25015,64,192594
27599,0.000593,172.217.194.0-255,1484,26499,64,192594
27600,0.000597,172.31.40.0-255,66,26565,64,192594
27601,0.000612,172.217.194.0-255,2902,29467,64,192594
27602,0.000619,172.31.40.0-255,66,29533,64,192594
27603,0.000626,172.217.194.0-255,5738,35271,64,192594
27604,0.000628,172.31.40.0-255,66,35337,64,192594
27605,0.000634,172.217.194.0-255,4320,39657,64,192594
27606,0.000637,172.31.40.0-255,66,39723,64,192594
27607,0.000682,172.31.40.0-255,66,39789,64,192594
27608,0.000685,172.217.194.0-255,1484,41273,64,192594
27609,0.000723,172.217.194.0-255,6438,47711,64,192594
27610,0.000726,172.31.40.0-255,66,47777,64,192594
27611,0.001347,172.217.194.0-255,1484,49261,64,192594
27612,0.001361,172.217.194.0-255,2902,52163,64,192594
27613,0.001364,172.31.40.0-255,66,52229,64,192594
27614,0.001371,172.217.194.0-255,5738,57967,64,192594
27615,0.001373,172.31.40.0-255,66,58033,64,192594
27616,0.001443,172.31.40.0-255,66,58099,64,192594
27617,0.001446,172.217.194.0-255,1484,59583,64,192594
27618,0.00147,172.217.194.0-255,7156,66739,64,192594
27619,0.001473,172.31.40.0-255,66,66805,64,192594
27620,0.001501,172.217.194.0-255,2184,68989,64,192594
27621,0.001503,172.31.40.0-255,66,69055,64,192594
27622,0.001788,172.217.194.0-255,1484,70539,64,192594
27623,0.001795,172.217.194.0-255,2902,73441,64,192594
27624,0.001798,172.31.40.0-255,66,73507,64,192594
27625,0.001805,172.217.194.0-255,5738,79245,64,192594
27626,0.001808,172.31.40.0-255,66,79311,64,192594
27627,0.001828,172.31.40.0-255,66,79377,64,192594
27628,0.001865,172.217.194.0-255,2902,82279,64,192594
27629,0.001867,172.31.40.0-255,66,82345,64,192594
27630,0.001911,172.31.40.0-255,66,82411,64,192594
27631,0.002326,172.217.194.0-255,1484,83895,64,192594
27632,0.00233,172.217.194.0-255,1484,85379,64,192594
27633,0.002333,172.31.40.0-255,66,85445,64,192594
27634,0.002362,172.217.194.0-255,1484,86929,64,192594
27635,0.002368,172.217.194.0-255,5738,92667,64,192594
27636,0.002371,172.31.40.0-255,66,92733,64,192594
27637,0.002379,172.217.194.0-255,7156,99889,64,192594
27638,0.002382,172.31.40.0-255,66,99955,64,192594
27639,0.002416,172.217.194.0-255,5738,105693,64,192594
27640,0.002419,172.31.40.0-255,66,105759,64,192594
27641,0.002425,172.217.194.0-255,5738,111497,64,192594
27642,0.002428,172.31.40.0-255,66,111563,64,192594
27643,0.002435,172.217.194.0-255,1484,113047,64,192594
27644,0.002441,172.217.194.0-255,3602,116649,64,192594
27645,0.002444,172.31.40.0-255,66,116715,64,192594
27646,0.002568,172.217.194.0-255,1484,118199,64,192594
27647,0.002584,172.217.194.0-255,2902,121101,64,192594
27648,0.002588,172.31.40.0-255,66,121167,64,192594
27649,0.002617,172.217.194.0-255,5738,126905,64,192594
27650,0.00262,172.31.40.0-255,66,126971,64,192594
27651,0.002623,172.217.194.0-255,1484,128455,64,192594
27652,0.002626,172.217.194.0-255,1484,129939,64,192594
27653,0.002628,172.31.40.0-255,66,130005,64,192594
27654,0.002652,172.217.194.0-255,2902,132907,64,192594
27655,0.002654,172.31.40.0-255,66,132973,64,192594
27656,0.0027,172.31.40.0-255,66,133039,64,192594
27657,0.002711,172.31.40.0-255,66,133105,64,192594
27658,0.002714,172.217.194.0-255,766,133871,64,192594
27659,0.002731,172.31.40.0-255,66,133937,64,192594
27660,0.002742,172.217.194.0-255,7156,141093,64,192594
27661,0.002746,172.31.40.0-255,66,141159,64,192594
27662,0.002774,172.217.194.0-255,2902,144061,64,192594
27663,0.002776,172.31.40.0-255,66,144127,64,192594
27664,0.002779,172.217.194.0-255,1484,145611,64,192594
27665,0.002816,172.31.40.0-255,66,145677,64,192594
27666,0.002951,172.217.194.0-255,1484,147161,64,192594
27667,0.002974,172.217.194.0-255,1484,148645,64,192594
27668,0.002978,172.31.40.0-255,66,148711,64,192594
27669,0.002992,172.217.194.0-255,1484,150195,64,192594
27670,0.003,172.217.194.0-255,1484,151679,64,192594
27671,0.003003,172.31.40.0-255,66,151745,64,192594
27672,0.003033,172.217.194.0-255,2902,154647,64,192594
27673,0.003036,172.31.40.0-255,66,154713,64,192594
27674,0.003043,172.217.194.0-255,4320,159033,64,192594
27675,0.003045,172.31.40.0-255,66,159099,64,192594
27676,0.003059,172.31.40.0-255,66,159165,64,192594
27677,0.003063,172.217.194.0-255,2902,162067,64,192594
27678,0.003065,172.31.40.0-255,66,162133,64,192594
27679,0.003068,172.217.194.0-255,1484,163617,64,192594
27680,0.003073,172.217.194.0-255,4320,167937,64,192594
27681,0.003076,172.31.40.0-255,66,168003,64,192594
27682,0.003079,172.217.194.0-255,2184,170187,64,192594
27683,0.003082,172.31.40.0-255,66,170253,64,192594
27684,0.003151,172.217.194.0-255,1484,171737,64,192594
27685,0.003156,172.217.194.0-255,2902,174639,64,192594
27686,0.003158,172.31.40.0-255,66,174705,64,192594
27687,0.003165,172.217.194.0-255,5738,180443,64,192594
27688,0.003168,172.31.40.0-255,66,180509,64,192594
27689,0.003222,172.31.40.0-255,66,180575,64,192594
27690,0.003294,172.31.40.0-255,66,180641,64,192594
27691,0.003307,172.217.194.0-255,7156,187797,64,192594
27692,0.003354,172.217.194.0-255,97,187894,64,192594
27693,0.003373,172.31.40.0-255,66,187960,64,192594
27694,0.003382,172.217.194.0-255,105,188065,64,192594
27695,0.006854,172.31.40.0-255,66,188131,64,192594
27696,0.006892,172.31.40.0-255,105,188236,64,192594
27697,0.009229,172.217.194.0-255,66,188302,64,192594
27698,0.041246,172.31.40.0-255,172,188474,64,192594
27699,0.041273,172.31.40.0-255,1112,189586,64,192594
27700,0.041326,172.31.40.0-255,1514,191100,64,192594
27701,0.041328,172.31.40.0-255,1296,192396,64,192594
27702,0.042794,104.244.42.0-255,66,192462,64,192594
27703,0.042843,104.244.42.0-255,66,192528,64,192594
27704,0.042889,104.244.42.0-255,66,192594,64,192594
27705,0.0,172.217.194.0-255,167,167,64,348109
27706,1.8e-05,172.31.40.0-255,66,233,64,348109
27707,2.5e-05,172.217.194.0-255,1484,1717,64,348109
27708,2.9e-05,172.31.40.0-255,66,1783,64,348109
27709,3.5e-05,172.217.194.0-255,2902,4685,64,348109
27710,3.8e-05,172.31.40.0-255,66,4751,64,348109
27711,4.6e-05,172.217.194.0-255,7156,11907,64,348109
27712,5e-05,172.31.40.0-255,66,11973,64,348109
27713,5.6e-05,172.217.194.0-255,4966,16939,64,348109
27714,5.9e-05,172.31.40.0-255,66,17005,64,348109
27715,0.00011,172.31.40.0-255,66,17071,64,348109
27716,0.000323,172.217.194.0-255,1484,18555,64,348109
27717,0.000328,172.31.40.0-255,66,18621,64,348109
27718,0.000335,172.217.194.0-255,2902,21523,64,348109
27719,0.000337,172.31.40.0-255,66,21589,64,348109
27720,0.00036,172.217.194.0-255,5738,27327,64,348109
27721,0.000364,172.31.40.0-255,66,27393,64,348109
27722,0.000398,172.217.194.0-255,7156,34549,64,348109
27723,0.000401,172.31.40.0-255,66,34615,64,348109
27724,0.000408,172.217.194.0-255,7156,41771,64,348109
27725,0.00041,172.31.40.0-255,66,41837,64,348109
27726,0.000428,172.217.194.0-255,7156,48993,64,348109
27727,0.000432,172.31.40.0-255,66,49059,64,348109
27728,0.000485,172.217.194.0-255,2456,51515,64,348109
27729,0.000489,172.31.40.0-255,66,51581,64,348109
27730,0.00053,172.217.194.0-255,436,52017,64,348109
27731,0.000533,172.31.40.0-255,66,52083,64,348109
27732,0.000761,172.217.194.0-255,1484,53567,64,348109
27733,0.000766,172.217.194.0-255,2902,56469,64,348109
27734,0.000806,172.31.40.0-255,66,56535,64,348109
27735,0.000809,172.31.40.0-255,66,56601,64,348109
27736,0.000816,172.217.194.0-255,5738,62339,64,348109
27737,0.000818,172.31.40.0-255,66,62405,64,348109
27738,0.000842,172.31.40.0-255,66,62471,64,348109
27739,0.000864,172.217.194.0-255,1484,63955,64,348109
27740,0.000877,172.31.40.0-255,66,64021,64,348109
27741,0.000894,172.217.194.0-255,2184,66205,64,348109
27742,0.000896,172.31.40.0-255,66,66271,64,348109
27743,0.00286,172.217.194.0-255,2902,69173,64,348109
27744,0.002868,172.31.40.0-255,66,69239,64,348109
27745,0.00289,172.217.194.0-255,2902,72141,64,348109
27746,0.002892,172.31.40.0-255,66,72207,64,348109
27747,0.004887,172.217.194.0-255,4320,76527,64,348109
27748,0.004892,172.31.40.0-255,66,76593,64,348109
27749,0.00491,172.217.194.0-255,1484,78077,64,348109
27750,0.006927,172.217.194.0-255,4320,82397,64,348109
27751,0.006933,172.31.40.0-255,66,82463,64,348109
27752,0.008939,172.217.194.0-255,5738,88201,64,348109
27753,0.008946,172.31.40.0-255,66,88267,64,348109
27754,0.010946,172.217.194.0-255,5738,94005,64,348109
27755,0.010955,172.31.40.0-255,66,94071,64,348109
27756,0.012978,172.217.194.0-255,5738,99809,64,348109
27757,0.012987,172.31.40.0-255,66,99875,64,348109
27758,0.014997,172.217.194.0-255,5738,105613,64,348109
27759,0.015005,172.31.40.0-255,66,105679,64,348109
27760,0.016991,172.217.194.0-255,5738,111417,64,348109
27761,0.017,172.31.40.0-255,66,111483,64,348109
27762,0.019018,172.217.194.0-255,5738,117221,64,348109
27763,0.01903,172.31.40.0-255,66,117287,64,348109
27764,0.021028,172.217.194.0-255,5738,123025,64,348109
27765,0.021036,172.31.40.0-255,66,123091,64,348109
27766,0.02302,172.217.194.0-255,5738,128829,64,348109
27767,0.023031,172.31.40.0-255,66,128895,64,348109
27768,0.025023,172.217.194.0-255,5738,134633,64,348109
27769,0.02503,172.31.40.0-255,66,134699,64,348109
27770,0.025712,172.31.40.0-255,172,134871,64,348109
27771,0.025743,172.31.40.0-255,1112,135983,64,348109
27772,0.025814,172.31.40.0-255,1514,137497,64,348109
27773,0.025817,172.31.40.0-255,1296,138793,64,348109
27774,0.027023,172.217.194.0-255,5738,144531,64,348109
27775,0.027031,172.31.40.0-255,66,144597,64,348109
27776,0.027289,104.244.42.0-255,66,144663,64,348109
27777,0.027297,104.244.42.0-255,66,144729,64,348109
27778,0.027362,104.244.42.0-255,66,144795,64,348109
27779,0.028406,104.244.42.0-255,108,144903,64,348109
27780,0.028414,172.31.40.0-255,66,144969,64,348109
27781,0.029063,172.217.194.0-255,5738,150707,64,348109
27782,0.02907,172.31.40.0-255,66,150773,64,348109
27783,0.031084,172.217.194.0-255,5738,156511,64,348109
27784,0.03109,172.31.40.0-255,66,156577,64,348109
27785,0.033074,172.217.194.0-255,5738,162315,64,348109
27786,0.03308,172.31.40.0-255,66,162381,64,348109
27787,0.035142,172.217.194.0-255,5738,168119,64,348109
27788,0.035148,172.31.40.0-255,66,168185,64,348109
27789,0.037145,172.217.194.0-255,5738,173923,64,348109
27790,0.037152,172.31.40.0-255,66,173989,64,348109
27791,0.039162,172.217.194.0-255,5738,179727,64,348109
27792,0.039169,172.31.40.0-255,66,179793,64,348109
27793,0.041189,172.217.194.0-255,5738,185531,64,348109
27794,0.041195,172.31.40.0-255,66,185597,64,348109
27795,0.043174,172.217.194.0-255,5738,191335,64,348109
27796,0.043184,172.31.40.0-255,66,191401,64,348109
27797,0.04516,172.217.194.0-255,5738,197139,64,348109
27798,0.045167,172.31.40.0-255,66,197205,64,348109
27799,0.04718,172.217.194.0-255,5738,202943,64,348109
27800,0.047186,172.31.40.0-255,66,203009,64,348109
27801,0.049203,172.217.194.0-255,5738,208747,64,348109
27802,0.04921,172.31.40.0-255,66,208813,64,348109
27803,0.051201,172.217.194.0-255,5738,214551,64,348109
27804,0.051208,172.31.40.0-255,66,214617,64,348109
27805,0.053209,172.217.194.0-255,5738,220355,64,348109
27806,0.053216,172.31.40.0-255,66,220421,64,348109
27807,0.055259,172.217.194.0-255,5738,226159,64,348109
27808,0.055282,172.31.40.0-255,66,226225,64,348109
27809,0.057344,172.217.194.0-255,5738,231963,64,348109
27810,0.057362,172.31.40.0-255,66,232029,64,348109
27811,0.059367,172.217.194.0-255,5738,237767,64,348109
27812,0.059382,172.31.40.0-255,66,237833,64,348109
27813,0.061398,172.217.194.0-255,5738,243571,64,348109
27814,0.061414,172.31.40.0-255,66,243637,64,348109
27815,0.063423,172.217.194.0-255,5738,249375,64,348109
27816,0.063439,172.31.40.0-255,66,249441,64,348109
27817,0.065469,172.217.194.0-255,5738,255179,64,348109
27818,0.065486,172.31.40.0-255,66,255245,64,348109
27819,0.067509,172.217.194.0-255,5738,260983,64,348109
27820,0.067526,172.31.40.0-255,66,261049,64,348109
27821,0.069558,172.217.194.0-255,5738,266787,64,348109
27822,0.069574,172.31.40.0-255,66,266853,64,348109
27823,0.071618,172.217.194.0-255,5738,272591,64,348109
27824,0.071633,172.31.40.0-255,66,272657,64,348109
27825,0.073664,172.217.194.0-255,5738,278395,64,348109
27826,0.073683,172.31.40.0-255,66,278461,64,348109
27827,0.075673,172.217.194.0-255,5738,284199,64,348109
27828,0.075691,172.31.40.0-255,66,284265,64,348109
27829,0.077687,172.217.194.0-255,5738,290003,64,348109
27830,0.077706,172.31.40.0-255,66,290069,64,348109
27831,0.079739,172.217.194.0-255,5738,295807,64,348109
27832,0.079756,172.31.40.0-255,66,295873,64,348109
27833,0.081781,172.217.194.0-255,5738,301611,64,348109
27834,0.081797,172.31.40.0-255,66,301677,64,348109
27835,0.083802,172.217.194.0-255,5738,307415,64,348109
27836,0.083816,172.31.40.0-255,66,307481,64,348109
27837,0.08582,172.217.194.0-255,5738,313219,64,348109
27838,0.085834,172.31.40.0-255,66,313285,64,348109
27839,0.087847,172.217.194.0-255,5738,319023,64,348109
27840,0.087865,172.31.40.0-255,66,319089,64,348109
27841,0.089888,172.217.194.0-255,5738,324827,64,348109
27842,0.089904,172.31.40.0-255,66,324893,64,348109
27843,0.091949,172.217.194.0-255,5738,330631,64,348109
27844,0.091966,172.31.40.0-255,66,330697,64,348109
27845,0.094001,172.217.194.0-255,5738,336435,64,348109
27846,0.094014,172.31.40.0-255,66,336501,64,348109
27847,0.096039,172.217.194.0-255,5738,342239,64,348109
27848,0.096054,172.31.40.0-255,66,342305,64,348109
27849,0.098072,172.217.194.0-255,5738,348043,64,348109
27850,0.098089,172.31.40.0-255,66,348109,64,348109
27851,0.0,172.217.194.0-255,150,150,64,293813
27852,2e-05,172.31.40.0-255,66,216,64,293813
27853,2.7e-05,172.217.194.0-255,1484,1700,64,293813
27854,3.2e-05,172.31.40.0-255,66,1766,64,293813
27855,3.8e-05,172.217.194.0-255,2902,4668,64,293813
27856,4.2e-05,172.31.40.0-255,66,4734,64,293813
27857,5e-05,172.217.194.0-255,7156,11890,64,293813
27858,5.3e-05,172.31.40.0-255,66,11956,64,293813
27859,7.6e-05,172.217.194.0-255,1484,13440,64,293813
27860,7.9e-05,172.31.40.0-255,66,13506,64,293813
27861,0.000112,172.31.40.0-255,66,13572,64,293813
27862,0.000118,172.217.194.0-255,3961,17533,64,293813
27863,0.00012,172.31.40.0-255,66,17599,64,293813
27864,0.000263,172.217.194.0-255,1484,19083,64,293813
27865,0.000269,172.31.40.0-255,66,19149,64,293813
27866,0.000275,172.217.194.0-255,2902,22051,64,293813
27867,0.000277,172.31.40.0-255,66,22117,64,293813
27868,0.00028,172.217.194.0-255,1484,23601,64,293813
27869,0.000282,172.31.40.0-255,66,23667,64,293813
27870,0.000313,172.217.194.0-255,4320,27987,64,293813
27871,0.000316,172.31.40.0-255,66,28053,64,293813
27872,0.000324,172.217.194.0-255,7156,35209,64,293813
27873,0.000326,172.31.40.0-255,66,35275,64,293813
27874,0.000342,172.217.194.0-255,6797,42072,64,293813
27875,0.000344,172.31.40.0-255,66,42138,64,293813
27876,0.000363,172.217.194.0-255,2902,45040,64,293813
27877,0.000365,172.31.40.0-255,66,45106,64,293813
27878,0.000398,172.217.194.0-255,7085,52191,64,293813
27879,0.000401,172.31.40.0-255,66,52257,64,293813
27880,0.000404,172.217.194.0-255,100,52357,64,293813
27881,0.000406,172.31.40.0-255,66,52423,64,293813
27882,0.000476,172.217.194.0-255,1484,53907,64,293813
27883,0.000499,172.217.194.0-255,2902,56809,64,293813
27884,0.000504,172.217.194.0-255,5738,62547,64,293813
27885,0.000509,172.31.40.0-255,66,62613,64,293813
27886,0.000517,172.31.40.0-255,66,62679,64,293813
27887,0.000524,172.217.194.0-255,7156,69835,64,293813
27888,0.000527,172.31.40.0-255,66,69901,64,293813
27889,0.000544,172.217.194.0-255,5738,75639,64,293813
27890,0.000546,172.31.40.0-255,66,75705,64,293813
27891,0.000558,172.31.40.0-255,66,75771,64,293813
27892,0.00058,172.217.194.0-255,3320,79091,64,293813
27893,0.000582,172.31.40.0-255,66,79157,64,293813
27894,0.000597,172.31.40.0-255,66,79223,64,293813
27895,0.000757,172.217.194.0-255,1484,80707,64,293813
27896,0.000763,172.217.194.0-255,2902,83609,64,293813
27897,0.000766,172.31.40.0-255,66,83675,64,293813
27898,0.000772,172.217.194.0-255,4320,87995,64,293813
27899,0.000775,172.31.40.0-255,66,88061,64,293813
27900,0.000788,172.217.194.0-255,1484,89545,64,293813
27901,0.000794,172.217.194.0-255,5738,95283,64,293813
27902,0.000796,172.31.40.0-255,66,95349,64,293813
27903,0.000817,172.217.194.0-255,7156,102505,64,293813
27904,0.00082,172.31.40.0-255,66,102571,64,293813
27905,0.000823,172.217.194.0-255,1484,104055,64,293813
27906,0.000862,172.31.40.0-255,66,104121,64,293813
27907,0.001515,172.217.194.0-255,1484,105605,64,293813
27908,0.001522,172.217.194.0-255,2902,108507,64,293813
27909,0.001525,172.31.40.0-255,66,108573,64,293813
27910,0.001532,172.217.194.0-255,4320,112893,64,293813
27911,0.001534,172.31.40.0-255,66,112959,64,293813
27912,0.001546,172.217.194.0-255,1484,114443,64,293813
27913,0.001572,172.31.40.0-255,66,114509,64,293813
27914,0.001592,172.217.194.0-255,4320,118829,64,293813
27915,0.001595,172.31.40.0-255,66,118895,64,293813
27916,0.001623,172.217.194.0-255,6438,125333,64,293813
27917,0.001625,172.31.40.0-255,66,125399,64,293813
27918,0.001786,172.217.194.0-255,1484,126883,64,293813
27919,0.001792,172.217.194.0-255,2902,129785,64,293813
27920,0.001795,172.31.40.0-255,66,129851,64,293813
27921,0.001802,172.217.194.0-255,5738,135589,64,293813
27922,0.001804,172.31.40.0-255,66,135655,64,293813
27923,0.001825,172.217.194.0-255,5738,141393,64,293813
27924,0.001828,172.31.40.0-255,66,141459,64,293813
27925,0.001865,172.217.194.0-255,7156,148615,64,293813
27926,0.001868,172.31.40.0-255,66,148681,64,293813
27927,0.00188,172.31.40.0-255,66,148747,64,293813
27928,0.001883,172.217.194.0-255,766,149513,64,293813
27929,0.002053,172.217.194.0-255,1484,150997,64,293813
27930,0.002058,172.31.40.0-255,66,151063,64,293813
27931,0.002063,172.217.194.0-255,2902,153965,64,293813
27932,0.002065,172.31.40.0-255,66,154031,64,293813
27933,0.002068,172.217.194.0-255,1484,155515,64,293813
27934,0.002087,172.217.194.0-255,4320,159835,64,293813
27935,0.002089,172.31.40.0-255,66,159901,64,293813
27936,0.002101,172.31.40.0-255,66,159967,64,293813
27937,0.00213,172.217.194.0-255,2902,162869,64,293813
27938,0.002133,172.31.40.0-255,66,162935,64,293813
27939,0.002144,172.31.40.0-255,66,163001,64,293813
27940,0.002147,172.217.194.0-255,766,163767,64,293813
27941,0.002217,172.217.194.0-255,1484,165251,64,293813
27942,0.00222,172.31.40.0-255,66,165317,64,293813
27943,0.002225,172.217.194.0-255,2902,168219,64,293813
27944,0.002228,172.31.40.0-255,66,168285,64,293813
27945,0.002234,172.217.194.0-255,5738,174023,64,293813
27946,0.002236,172.31.40.0-255,66,174089,64,293813
27947,0.002271,172.31.40.0-255,66,174155,64,293813
27948,0.002284,172.31.40.0-255,66,174221,64,293813
27949,0.002316,172.217.194.0-255,1484,175705,64,293813
27950,0.002331,172.217.194.0-255,2902,178607,64,293813
27951,0.002334,172.31.40.0-255,66,178673,64,293813
27952,0.002341,172.217.194.0-255,5738,184411,64,293813
27953,0.002344,172.31.40.0-255,66,184477,64,293813
27954,0.002366,172.217.194.0-255,1484,185961,64,293813
27955,0.002403,172.31.40.0-255,66,186027,64,293813
27956,0.00241,172.217.194.0-255,7156,193183,64,293813
27957,0.002412,172.31.40.0-255,66,193249,64,293813
27958,0.004766,172.217.194.0-255,5738,198987,64,293813
27959,0.004783,172.31.40.0-255,66,199053,64,293813
27960,0.007155,172.217.194.0-255,5738,204791,64,293813
27961,0.007173,172.31.40.0-255,66,204857,64,293813
27962,0.009524,172.217.194.0-255,5738,210595,64,293813
27963,0.009531,172.31.40.0-255,66,210661,64,293813
27964,0.011869,172.217.194.0-255,5738,216399,64,293813
27965,0.011876,172.31.40.0-255,66,216465,64,293813
27966,0.014239,172.217.194.0-255,5738,222203,64,293813
27967,0.014257,172.31.40.0-255,66,222269,64,293813
27968,0.016626,172.217.194.0-255,5738,228007,64,293813
27969,0.01664,172.31.40.0-255,66,228073,64,293813
27970,0.018989,172.217.194.0-255,5738,233811,64,293813
27971,0.019007,172.31.40.0-255,66,233877,64,293813
27972,0.021355,172.217.194.0-255,5738,239615,64,293813
27973,0.021363,172.31.40.0-255,66,239681,64,293813
27974,0.023724,172.217.194.0-255,5738,245419,64,293813
27975,0.023733,172.31.40.0-255,66,245485,64,293813
27976,0.026075,172.217.194.0-255,5738,251223,64,293813
27977,0.026083,172.31.40.0-255,66,251289,64,293813
27978,0.028428,172.217.194.0-255,5738,257027,64,293813
27979,0.028436,172.31.40.0-255,66,257093,64,293813
27980,0.030757,172.217.194.0-255,5738,262831,64,293813
27981,0.030766,172.31.40.0-255,66,262897,64,293813
27982,0.033142,172.217.194.0-255,5738,268635,64,293813
27983,0.033151,172.31.40.0-255,66,268701,64,293813
27984,0.035472,172.217.194.0-255,5738,274439,64,293813
27985,0.03548,172.31.40.0-255,66,274505,64,293813
27986,0.037812,172.217.194.0-255,5738,280243,64,293813
27987,0.03782,172.31.40.0-255,66,280309,64,293813
27988,0.040156,172.217.194.0-255,5738,286047,64,293813
27989,0.040167,172.31.40.0-255,66,286113,64,293813
27990,0.042536,172.217.194.0-255,3169,289282,64,293813
27991,0.042544,172.31.40.0-255,66,289348,64,293813
27992,0.042731,172.31.40.0-255,105,289453,64,293813
27993,0.045074,172.217.194.0-255,66,289519,64,293813
27994,0.056048,172.31.40.0-255,172,289691,64,293813
27995,0.056077,172.31.40.0-255,1112,290803,64,293813
27996,0.056125,172.31.40.0-255,1514,292317,64,293813
27997,0.056127,172.31.40.0-255,1298,293615,64,293813
27998,0.057557,104.244.42.0-255,66,293681,64,293813
27999,0.057568,104.244.42.0-255,66,293747,64,293813
28000,0.057624,104.244.42.0-255,66,293813,64,293813
28001,0.0,172.217.194.0-255,152,152,64,328167
28002,3.6e-05,172.31.40.0-255,66,218,64,328167
28003,4.3e-05,172.217.194.0-255,1484,1702,64,328167
28004,4.7e-05,172.31.40.0-255,66,1768,64,328167
28005,5.3e-05,172.217.194.0-255,2902,4670,64,328167
28006,5.7e-05,172.31.40.0-255,66,4736,64,328167
28007,6.5e-05,172.217.194.0-255,7156,11892,64,328167
28008,6.7e-05,172.31.40.0-255,66,11958,64,328167
28009,0.000108,172.31.40.0-255,66,12024,64,328167
28010,0.000131,172.31.40.0-255,66,12090,64,328167
28011,0.000135,172.217.194.0-255,2543,14633,64,328167
28012,0.000137,172.31.40.0-255,66,14699,64,328167
28013,0.000152,172.31.40.0-255,66,14765,64,328167
28014,0.00018,172.217.194.0-255,5738,20503,64,328167
28015,0.000185,172.31.40.0-255,66,20569,64,328167
28016,0.000211,172.217.194.0-255,6797,27366,64,328167
28017,0.000214,172.31.40.0-255,66,27432,64,328167
28018,0.000235,172.217.194.0-255,4320,31752,64,328167
28019,0.000238,172.31.40.0-255,66,31818,64,328167
28020,0.000257,172.217.194.0-255,2543,34361,64,328167
28021,0.00026,172.31.40.0-255,66,34427,64,328167
28022,0.000334,172.217.194.0-255,380,34807,64,328167
28023,0.000338,172.31.40.0-255,66,34873,64,328167
28024,0.000491,172.217.194.0-255,1484,36357,64,328167
28025,0.000497,172.31.40.0-255,66,36423,64,328167
28026,0.000502,172.217.194.0-255,2902,39325,64,328167
28027,0.000507,172.31.40.0-255,66,39391,64,328167
28028,0.000522,172.217.194.0-255,5738,45129,64,328167
28029,0.000526,172.31.40.0-255,66,45195,64,328167
28030,0.000548,172.217.194.0-255,7156,52351,64,328167
28031,0.000552,172.31.40.0-255,66,52417,64,328167
28032,0.000555,172.217.194.0-255,1484,53901,64,328167
28033,0.000585,172.217.194.0-255,7156,61057,64,328167
28034,0.000589,172.31.40.0-255,66,61123,64,328167
28035,0.000616,172.31.40.0-255,66,61189,64,328167
28036,0.001028,172.217.194.0-255,1484,62673,64,328167
28037,0.001037,172.217.194.0-255,2902,65575,64,328167
28038,0.001042,172.31.40.0-255,66,65641,64,328167
28039,0.001049,172.217.194.0-255,5738,71379,64,328167
28040,0.001053,172.31.40.0-255,66,71445,64,328167
28041,0.001066,172.217.194.0-255,1484,72929,64,328167
28042,0.001084,172.217.194.0-255,5738,78667,64,328167
28043,0.001087,172.31.40.0-255,66,78733,64,328167
28044,0.001114,172.217.194.0-255,5738,84471,64,328167
28045,0.001117,172.31.40.0-255,66,84537,64,328167
28046,0.001675,172.217.194.0-255,1484,86021,64,328167
28047,0.001683,172.217.194.0-255,2902,88923,64,328167
28048,0.001706,172.217.194.0-255,5738,94661,64,328167
28049,0.001711,172.217.194.0-255,1484,96145,64,328167
28050,0.001725,172.217.194.0-255,7156,103301,64,328167
28051,0.001739,172.217.194.0-255,4320,107621,64,328167
28052,0.001746,172.217.194.0-255,7156,114777,64,328167
28053,0.001759,172.217.194.0-255,3602,118379,64,328167
28054,0.001826,172.217.194.0-255,1484,119863,64,328167
28055,0.001831,172.217.194.0-255,2902,122765,64,328167
28056,0.001858,172.217.194.0-255,5738,128503,64,328167
28057,0.001902,172.217.194.0-255,2902,131405,64,328167
28058,0.001968,172.217.194.0-255,1484,132889,64,328167
28059,0.001972,172.217.194.0-255,2902,135791,64,328167
28060,0.001986,172.217.194.0-255,1484,137275,64,328167
28061,0.002004,172.217.194.0-255,4320,141595,64,328167
28062,0.002007,172.217.194.0-255,1484,143079,64,328167
28063,0.002067,172.217.194.0-255,2184,145263,64,328167
28064,0.004459,172.31.40.0-255,66,145329,64,328167
28065,0.006778,172.217.194.0-255,5738,151067,64,328167
28066,0.006788,172.31.40.0-255,66,151133,64,328167
28067,0.009035,172.217.194.0-255,5738,156871,64,328167
28068,0.009045,172.31.40.0-255,66,156937,64,328167
28069,0.011281,172.217.194.0-255,5738,162675,64,328167
28070,0.01129,172.31.40.0-255,66,162741,64,328167
28071,0.013553,172.217.194.0-255,5738,168479,64,328167
28072,0.013566,172.31.40.0-255,66,168545,64,328167
28073,0.015876,172.217.194.0-255,5738,174283,64,328167
28074,0.015887,172.31.40.0-255,66,174349,64,328167
28075,0.01818,172.217.194.0-255,5738,180087,64,328167
28076,0.018198,172.31.40.0-255,66,180153,64,328167
28077,0.02048,172.217.194.0-255,5738,185891,64,328167
28078,0.020496,172.31.40.0-255,66,185957,64,328167
28079,0.022791,172.217.194.0-255,5738,191695,64,328167
28080,0.022808,172.31.40.0-255,66,191761,64,328167
28081,0.025117,172.217.194.0-255,5738,197499,64,328167
28082,0.025132,172.31.40.0-255,66,197565,64,328167
28083,0.02745,172.217.194.0-255,5738,203303,64,328167
28084,0.02746,172.31.40.0-255,66,203369,64,328167
28085,0.029772,172.217.194.0-255,5738,209107,64,328167
28086,0.029785,172.31.40.0-255,66,209173,64,328167
28087,0.032069,172.217.194.0-255,5738,214911,64,328167
28088,0.032088,172.31.40.0-255,66,214977,64,328167
28089,0.034359,172.217.194.0-255,5738,220715,64,328167
28090,0.034367,172.31.40.0-255,66,220781,64,328167
28091,0.036629,172.217.194.0-255,5738,226519,64,328167
28092,0.036638,172.31.40.0-255,66,226585,64,328167
28093,0.038884,172.217.194.0-255,5738,232323,64,328167
28094,0.038902,172.31.40.0-255,66,232389,64,328167
28095,0.041145,172.217.194.0-255,5738,238127,64,328167
28096,0.041158,172.31.40.0-255,66,238193,64,328167
28097,0.043445,172.217.194.0-255,5738,243931,64,328167
28098,0.043462,172.31.40.0-255,66,243997,64,328167
28099,0.045744,172.217.194.0-255,5738,249735,64,328167
28100,0.045758,172.31.40.0-255,66,249801,64,328167
28101,0.048035,172.217.194.0-255,5738,255539,64,328167
28102,0.048053,172.31.40.0-255,66,255605,64,328167
28103,0.050337,172.217.194.0-255,5738,261343,64,328167
28104,0.050346,172.31.40.0-255,66,261409,64,328167
28105,0.052627,172.217.194.0-255,5738,267147,64,328167
28106,0.052636,172.31.40.0-255,66,267213,64,328167
28107,0.053666,172.31.40.0-255,187,267400,64,328167
28108,0.053702,172.31.40.0-255,979,268379,64,328167
28109,0.053774,172.31.40.0-255,1514,269893,64,328167
28110,0.053776,172.31.40.0-255,1514,271407,64,328167
28111,0.053778,172.31.40.0-255,1514,272921,64,328167
28112,0.053779,172.31.40.0-255,1210,274131,64,328167
28113,0.054934,172.217.194.0-255,5738,279869,64,328167
28114,0.054942,172.31.40.0-255,66,279935,64,328167
28115,0.055199,104.244.42.0-255,66,280001,64,328167
28116,0.055258,104.244.42.0-255,66,280067,64,328167
28117,0.055327,104.244.42.0-255,66,280133,64,328167
28118,0.055346,104.244.42.0-255,66,280199,64,328167
28119,0.056658,104.244.42.0-255,108,280307,64,328167
28120,0.056673,172.31.40.0-255,66,280373,64,328167
28121,0.057206,172.217.194.0-255,5738,286111,64,328167
28122,0.057211,172.31.40.0-255,66,286177,64,328167
28123,0.059471,172.217.194.0-255,5738,291915,64,328167
28124,0.059479,172.31.40.0-255,66,291981,64,328167
28125,0.061795,172.217.194.0-255,5738,297719,64,328167
28126,0.061802,172.31.40.0-255,66,297785,64,328167
28127,0.064093,172.217.194.0-255,5738,303523,64,328167
28128,0.06411,172.31.40.0-255,66,303589,64,328167
28129,0.066441,172.217.194.0-255,5738,309327,64,328167
28130,0.066452,172.31.40.0-255,66,309393,64,328167
28131,0.068705,172.217.194.0-255,5738,315131,64,328167
28132,0.068721,172.31.40.0-255,66,315197,64,328167
28133,0.071012,172.217.194.0-255,5738,320935,64,328167
28134,0.071027,172.31.40.0-255,66,321001,64,328167
28135,0.073316,172.217.194.0-255,5738,326739,64,328167
28136,0.073334,172.31.40.0-255,66,326805,64,328167
28137,0.07562,172.217.194.0-255,1125,327930,64,328167
28138,0.075856,172.31.40.0-255,66,327996,64,328167
28139,0.075898,172.31.40.0-255,105,328101,64,328167
28140,0.078117,172.217.194.0-255,66,328167,64,328167
28141,0.0,74.125.24.0-255,153,153,64,275967
28142,2e-05,172.31.40.0-255,66,219,64,275967
28143,2.7e-05,74.125.24.0-255,1484,1703,64,275967
28144,3.1e-05,172.31.40.0-255,66,1769,64,275967
28145,3.8e-05,74.125.24.0-255,2902,4671,64,275967
28146,4.1e-05,172.31.40.0-255,66,4737,64,275967
28147,4.6e-05,74.125.24.0-255,2902,7639,64,275967
28148,5.7e-05,172.31.40.0-255,66,7705,64,275967
28149,6.3e-05,74.125.24.0-255,4320,12025,64,275967
28150,6.6e-05,172.31.40.0-255,66,12091,64,275967
28151,7.1e-05,74.125.24.0-255,4320,16411,64,275967
28152,7.4e-05,172.31.40.0-255,66,16477,64,275967
28153,0.000104,74.125.24.0-255,4872,21349,64,275967
28154,0.000112,172.31.40.0-255,66,21415,64,275967
28155,0.000123,172.31.40.0-255,66,21481,64,275967
28156,0.000126,74.125.24.0-255,1125,22606,64,275967
28157,0.000127,172.31.40.0-255,66,22672,64,275967
28158,0.000211,74.125.24.0-255,1484,24156,64,275967
28159,0.000214,172.31.40.0-255,66,24222,64,275967
28160,0.000219,74.125.24.0-255,2902,27124,64,275967
28161,0.000222,172.31.40.0-255,66,27190,64,275967
28162,0.000228,74.125.24.0-255,5738,32928,64,275967
28163,0.00023,172.31.40.0-255,66,32994,64,275967
28164,0.000244,74.125.24.0-255,6797,39791,64,275967
28165,0.000246,172.31.40.0-255,66,39857,64,275967
28166,0.000286,172.31.40.0-255,66,39923,64,275967
28167,0.00029,74.125.24.0-255,2817,42740,64,275967
28168,0.000292,172.31.40.0-255,66,42806,64,275967
28169,0.000414,74.125.24.0-255,380,43186,64,275967
28170,0.000418,172.31.40.0-255,66,43252,64,275967
28171,0.000509,74.125.24.0-255,1484,44736,64,275967
28172,0.000516,74.125.24.0-255,2902,47638,64,275967
28173,0.000519,172.31.40.0-255,66,47704,64,275967
28174,0.000542,74.125.24.0-255,5738,53442,64,275967
28175,0.000546,172.31.40.0-255,66,53508,64,275967
28176,0.000551,74.125.24.0-255,4320,57828,64,275967
28177,0.000554,172.31.40.0-255,66,57894,64,275967
28178,0.000605,74.125.24.0-255,1995,59889,64,275967
28179,0.000609,172.31.40.0-255,66,59955,64,275967
28180,0.000725,74.125.24.0-255,1484,61439,64,275967
28181,0.000731,74.125.24.0-255,2902,64341,64,275967
28182,0.000735,172.31.40.0-255,66,64407,64,275967
28183,0.000769,74.125.24.0-255,5738,70145,64,275967
28184,0.000772,172.31.40.0-255,66,70211,64,275967
28185,0.000788,172.31.40.0-255,66,70277,64,275967
28186,0.00085,172.31.40.0-255,66,70343,64,275967
28187,0.000878,74.125.24.0-255,1484,71827,64,275967
28188,0.000882,74.125.24.0-255,1484,73311,64,275967
28189,0.000884,172.31.40.0-255,66,73377,64,275967
28190,0.000913,74.125.24.0-255,1484,74861,64,275967
28191,0.00092,74.125.24.0-255,5738,80599,64,275967
28192,0.000923,172.31.40.0-255,66,80665,64,275967
28193,0.000942,74.125.24.0-255,5738,86403,64,275967
28194,0.000947,172.31.40.0-255,66,86469,64,275967
28195,0.000969,74.125.24.0-255,7156,93625,64,275967
28196,0.000972,172.31.40.0-255,66,93691,64,275967
28197,0.000983,172.31.40.0-255,66,93757,64,275967
28198,0.001006,74.125.24.0-255,1484,95241,64,275967
28199,0.001048,172.31.40.0-255,66,95307,64,275967
28200,0.001053,74.125.24.0-255,3961,99268,64,275967
28201,0.001056,172.31.40.0-255,66,99334,64,275967
28202,0.001255,74.125.24.0-255,1484,100818,64,275967
28203,0.001271,74.125.24.0-255,1484,102302,64,275967
28204,0.001274,172.31.40.0-255,66,102368,64,275967
28205,0.001303,74.125.24.0-255,1484,103852,64,275967
28206,0.001311,74.125.24.0-255,5738,109590,64,275967
28207,0.001314,172.31.40.0-255,66,109656,64,275967
28208,0.00132,74.125.24.0-255,7156,116812,64,275967
28209,0.001322,172.31.40.0-255,66,116878,64,275967
28210,0.001367,172.31.40.0-255,66,116944,64,275967
28211,0.001395,74.125.24.0-255,2184,119128,64,275967
28212,0.001398,172.31.40.0-255,66,119194,64,275967
28213,0.00158,74.125.24.0-255,1484,120678,64,275967
28214,0.001629,74.125.24.0-255,2902,123580,64,275967
28215,0.001632,172.31.40.0-255,66,123646,64,275967
28216,0.001639,74.125.24.0-255,5738,129384,64,275967
28217,0.001642,172.31.40.0-255,66,129450,64,275967
28218,0.001644,74.125.24.0-255,1484,130934,64,275967
28219,0.001666,74.125.24.0-255,7156,138090,64,275967
28220,0.001668,172.31.40.0-255,66,138156,64,275967
28221,0.001702,74.125.24.0-255,5738,143894,64,275967
28222,0.001705,172.31.40.0-255,66,143960,64,275967
28223,0.001711,74.125.24.0-255,5738,149698,64,275967
28224,0.001714,172.31.40.0-255,66,149764,64,275967
28225,0.001719,74.125.24.0-255,3602,153366,64,275967
28226,0.001722,172.31.40.0-255,66,153432,64,275967
28227,0.001764,74.125.24.0-255,4320,157752,64,275967
28228,0.001767,172.31.40.0-255,66,157818,64,275967
28229,0.00178,172.31.40.0-255,66,157884,64,275967
28230,0.001795,172.31.40.0-255,66,157950,64,275967
28231,0.00183,74.125.24.0-255,7156,165106,64,275967
28232,0.001833,172.31.40.0-255,66,165172,64,275967
28233,0.001861,74.125.24.0-255,3602,168774,64,275967
28234,0.001864,172.31.40.0-255,66,168840,64,275967
28235,0.001903,74.125.24.0-255,1484,170324,64,275967
28236,0.001915,74.125.24.0-255,1484,171808,64,275967
28237,0.001918,172.31.40.0-255,66,171874,64,275967
28238,0.001943,74.125.24.0-255,1484,173358,64,275967
28239,0.001951,74.125.24.0-255,5738,179096,64,275967
28240,0.001954,172.31.40.0-255,66,179162,64,275967
28241,0.001961,74.125.24.0-255,7156,186318,64,275967
28242,0.001964,172.31.40.0-255,66,186384,64,275967
28243,0.001984,74.125.24.0-255,5738,192122,64,275967
28244,0.001991,172.31.40.0-255,66,192188,64,275967
28245,0.002027,74.125.24.0-255,4320,196508,64,275967
28246,0.002029,172.31.40.0-255,66,196574,64,275967
28247,0.002058,74.125.24.0-255,6438,203012,64,275967
28248,0.002061,172.31.40.0-255,66,203078,64,275967
28249,0.002064,74.125.24.0-255,1484,204562,64,275967
28250,0.002069,74.125.24.0-255,2902,207464,64,275967
28251,0.002071,172.31.40.0-255,66,207530,64,275967
28252,0.002122,74.125.24.0-255,4320,211850,64,275967
28253,0.002126,172.31.40.0-255,66,211916,64,275967
28254,0.00215,74.125.24.0-255,1484,213400,64,275967
28255,0.002157,74.125.24.0-255,7156,220556,64,275967
28256,0.002163,172.31.40.0-255,66,220622,64,275967
28257,0.0022,172.31.40.0-255,66,220688,64,275967
28258,0.002204,74.125.24.0-255,2184,222872,64,275967
28259,0.002206,172.31.40.0-255,66,222938,64,275967
28260,0.002255,74.125.24.0-255,1484,224422,64,275967
28261,0.002269,74.125.24.0-255,2902,227324,64,275967
28262,0.002272,172.31.40.0-255,66,227390,64,275967
28263,0.002306,74.125.24.0-255,5738,233128,64,275967
28264,0.002309,172.31.40.0-255,66,233194,64,275967
28265,0.002324,172.31.40.0-255,66,233260,64,275967
28266,0.002363,74.125.24.0-255,5738,238998,64,275967
28267,0.002368,172.31.40.0-255,66,239064,64,275967
28268,0.002378,74.125.24.0-255,2902,241966,64,275967
28269,0.00238,172.31.40.0-255,66,242032,64,275967
28270,0.002403,74.125.24.0-255,5020,247052,64,275967
28271,0.002405,172.31.40.0-255,66,247118,64,275967
28272,0.00242,172.31.40.0-255,66,247184,64,275967
28273,0.002426,74.125.24.0-255,4320,251504,64,275967
28274,0.002431,172.31.40.0-255,66,251570,64,275967
28275,0.002459,74.125.24.0-255,7156,258726,64,275967
28276,0.002462,172.31.40.0-255,66,258792,64,275967
28277,0.004817,74.125.24.0-255,5738,264530,64,275967
28278,0.004825,172.31.40.0-255,66,264596,64,275967
28279,0.0072,74.125.24.0-255,5738,270334,64,275967
28280,0.007203,172.31.40.0-255,66,270400,64,275967
28281,0.009552,74.125.24.0-255,1038,271438,64,275967
28282,0.009717,172.31.40.0-255,66,271504,64,275967
28283,0.009747,172.31.40.0-255,105,271609,64,275967
28284,0.012074,74.125.24.0-255,66,271675,64,275967
28285,0.030694,172.31.40.0-255,172,271847,64,275967
28286,0.030726,172.31.40.0-255,1111,272958,64,275967
28287,0.030787,172.31.40.0-255,1514,274472,64,275967
28288,0.030809,172.31.40.0-255,1297,275769,64,275967
28289,0.032231,104.244.42.0-255,66,275835,64,275967
28290,0.032292,104.244.42.0-255,66,275901,64,275967
28291,0.032347,104.244.42.0-255,66,275967,64,275967
28292,0.0,74.125.24.0-255,153,153,64,292561
28293,2e-05,172.31.40.0-255,66,219,64,292561
28294,2.7e-05,74.125.24.0-255,1484,1703,64,292561
28295,3.1e-05,172.31.40.0-255,66,1769,64,292561
28296,3.7e-05,74.125.24.0-255,2902,4671,64,292561
28297,4.7e-05,172.31.40.0-255,66,4737,64,292561
28298,5.3e-05,74.125.24.0-255,4320,9057,64,292561
28299,5.5e-05,172.31.40.0-255,66,9123,64,292561
28300,7.3e-05,74.125.24.0-255,1484,10607,64,292561
28301,7.6e-05,172.31.40.0-255,66,10673,64,292561
28302,0.000106,74.125.24.0-255,3411,14084,64,292561
28303,0.000109,172.31.40.0-255,66,14150,64,292561
28304,0.000129,74.125.24.0-255,1484,15634,64,292561
28305,0.000131,172.31.40.0-255,66,15700,64,292561
28306,0.000135,74.125.24.0-255,2902,18602,64,292561
28307,0.000137,172.31.40.0-255,66,18668,64,292561
28308,0.00014,74.125.24.0-255,1484,20152,64,292561
28309,0.000142,172.31.40.0-255,66,20218,64,292561
28310,0.000174,74.125.24.0-255,4320,24538,64,292561
28311,0.000177,172.31.40.0-255,66,24604,64,292561
28312,0.000182,74.125.24.0-255,4320,28924,64,292561
28313,0.000184,172.31.40.0-255,66,28990,64,292561
28314,0.000214,74.125.24.0-255,2543,31533,64,292561
28315,0.000221,74.125.24.0-255,7156,38689,64,292561
28316,0.00025,172.31.40.0-255,66,38755,64,292561
28317,0.000252,172.31.40.0-255,66,38821,64,292561
28318,0.000284,172.31.40.0-255,66,38887,64,292561
28319,0.000594,74.125.24.0-255,1484,40371,64,292561
28320,0.000599,172.31.40.0-255,66,40437,64,292561
28321,0.000605,74.125.24.0-255,2902,43339,64,292561
28322,0.000607,172.31.40.0-255,66,43405,64,292561
28323,0.000612,74.125.24.0-255,4320,47725,64,292561
28324,0.000614,172.31.40.0-255,66,47791,64,292561
28325,0.000635,74.125.24.0-255,1484,49275,64,292561
28326,0.000663,172.31.40.0-255,66,49341,64,292561
28327,0.00069,74.125.24.0-255,1125,50466,64,292561
28328,0.000704,172.31.40.0-255,66,50532,64,292561
28329,0.000711,74.125.24.0-255,7156,57688,64,292561
28330,0.000712,172.31.40.0-255,66,57754,64,292561
28331,0.000749,172.31.40.0-255,66,57820,64,292561
28332,0.000752,74.125.24.0-255,645,58465,64,292561
28333,0.001091,74.125.24.0-255,1484,59949,64,292561
28334,0.001095,172.31.40.0-255,66,60015,64,292561
28335,0.001101,74.125.24.0-255,2902,62917,64,292561
28336,0.001103,172.31.40.0-255,66,62983,64,292561
28337,0.001106,74.125.24.0-255,1484,64467,64,292561
28338,0.001135,74.125.24.0-255,4320,68787,64,292561
28339,0.001138,172.31.40.0-255,66,68853,64,292561
28340,0.001145,74.125.24.0-255,7156,76009,64,292561
28341,0.001148,172.31.40.0-255,66,76075,64,292561
28342,0.001153,74.125.24.0-255,2902,78977,64,292561
28343,0.001154,172.31.40.0-255,66,79043,64,292561
28344,0.001202,172.31.40.0-255,66,79109,64,292561
28345,0.001207,74.125.24.0-255,2184,81293,64,292561
28346,0.001209,172.31.40.0-255,66,81359,64,292561
28347,0.001239,74.125.24.0-255,5738,87097,64,292561
28348,0.001242,172.31.40.0-255,66,87163,64,292561
28349,0.001248,74.125.24.0-255,5738,92901,64,292561
28350,0.001251,172.31.40.0-255,66,92967,64,292561
28351,0.001282,74.125.24.0-255,1484,94451,64,292561
28352,0.001295,172.31.40.0-255,66,94517,64,292561
28353,0.001328,74.125.24.0-255,5738,100255,64,292561
28354,0.001332,172.31.40.0-255,66,100321,64,292561
28355,0.001339,74.125.24.0-255,6438,106759,64,292561
28356,0.001341,172.31.40.0-255,66,106825,64,292561
28357,0.001796,74.125.24.0-255,1484,108309,64,292561
28358,0.001803,74.125.24.0-255,2902,111211,64,292561
28359,0.001807,172.31.40.0-255,66,111277,64,292561
28360,0.001813,74.125.24.0-255,2902,114179,64,292561
28361,0.001814,172.31.40.0-255,66,114245,64,292561
28362,0.001837,74.125.24.0-255,2902,117147,64,292561
28363,0.00184,172.31.40.0-255,66,117213,64,292561
28364,0.001847,74.125.24.0-255,7156,124369,64,292561
28365,0.001849,172.31.40.0-255,66,124435,64,292561
28366,0.00189,74.125.24.0-255,2184,126619,64,292561
28367,0.001895,172.31.40.0-255,66,126685,64,292561
28368,0.001898,172.31.40.0-255,66,126751,64,292561
28369,0.001967,74.125.24.0-255,1484,128235,64,292561
28370,0.001972,74.125.24.0-255,2902,131137,64,292561
28371,0.001975,172.31.40.0-255,66,131203,64,292561
28372,0.001983,74.125.24.0-255,5738,136941,64,292561
28373,0.001985,172.31.40.0-255,66,137007,64,292561
28374,0.002007,74.125.24.0-255,4320,141327,64,292561
28375,0.002009,172.31.40.0-255,66,141393,64,292561
28376,0.002041,172.31.40.0-255,66,141459,64,292561
28377,0.002054,172.31.40.0-255,66,141525,64,292561
28378,0.002131,74.125.24.0-255,1484,143009,64,292561
28379,0.002136,74.125.24.0-255,2902,145911,64,292561
28380,0.00214,172.31.40.0-255,66,145977,64,292561
28381,0.002143,74.125.24.0-255,1484,147461,64,292561
28382,0.002166,74.125.24.0-255,4320,151781,64,292561
28383,0.002169,172.31.40.0-255,66,151847,64,292561
28384,0.002172,74.125.24.0-255,1484,153331,64,292561
28385,0.002177,74.125.24.0-255,2902,156233,64,292561
28386,0.002179,172.31.40.0-255,66,156299,64,292561
28387,0.002224,74.125.24.0-255,5738,162037,64,292561
28388,0.002237,74.125.24.0-255,766,162803,64,292561
28389,0.002245,172.31.40.0-255,66,162869,64,292561
28390,0.002333,74.125.24.0-255,1484,164353,64,292561
28391,0.002337,74.125.24.0-255,1484,165837,64,292561
28392,0.002347,74.125.24.0-255,1484,167321,64,292561
28393,0.002352,74.125.24.0-255,4320,171641,64,292561
28394,0.002367,74.125.24.0-255,1484,173125,64,292561
28395,0.002371,74.125.24.0-255,2902,176027,64,292561
28396,0.002404,74.125.24.0-255,4320,180347,64,292561
28397,0.002432,74.125.24.0-255,6438,186785,64,292561
28398,0.002496,74.125.24.0-255,1484,188269,64,292561
28399,0.002517,74.125.24.0-255,2902,191171,64,292561
28400,0.002522,74.125.24.0-255,2902,194073,64,292561
28401,0.002541,74.125.24.0-255,2902,196975,64,292561
28402,0.002556,74.125.24.0-255,5738,202713,64,292561
28403,0.002572,74.125.24.0-255,7156,209869,64,292561
28404,0.005808,172.31.40.0-255,66,209935,64,292561
28405,0.005814,172.31.40.0-255,66,210001,64,292561
28406,0.005817,172.31.40.0-255,66,210067,64,292561
28407,0.005819,172.31.40.0-255,66,210133,64,292561
28408,0.005822,172.31.40.0-255,66,210199,64,292561
28409,0.005824,172.31.40.0-255,66,210265,64,292561
28410,0.005833,172.31.40.0-255,66,210331,64,292561
28411,0.005836,172.31.40.0-255,66,210397,64,292561
28412,0.005839,172.31.40.0-255,66,210463,64,292561
28413,0.005841,172.31.40.0-255,66,210529,64,292561
28414,0.005844,172.31.40.0-255,66,210595,64,292561
28415,0.005846,172.31.40.0-255,66,210661,64,292561
28416,0.005849,172.31.40.0-255,66,210727,64,292561
28417,0.005851,172.31.40.0-255,66,210793,64,292561
28418,0.008442,74.125.24.0-255,5738,216531,64,292561
28419,0.008449,172.31.40.0-255,66,216597,64,292561
28420,0.011047,74.125.24.0-255,5738,222335,64,292561
28421,0.011055,172.31.40.0-255,66,222401,64,292561
28422,0.01367,74.125.24.0-255,5738,228139,64,292561
28423,0.013678,172.31.40.0-255,66,228205,64,292561
28424,0.016266,74.125.24.0-255,5738,233943,64,292561
28425,0.016272,172.31.40.0-255,66,234009,64,292561
28426,0.018861,74.125.24.0-255,5738,239747,64,292561
28427,0.018872,172.31.40.0-255,66,239813,64,292561
28428,0.021472,74.125.24.0-255,5738,245551,64,292561
28429,0.021485,172.31.40.0-255,66,245617,64,292561
28430,0.024061,74.125.24.0-255,5738,251355,64,292561
28431,0.024071,172.31.40.0-255,66,251421,64,292561
28432,0.026661,74.125.24.0-255,5738,257159,64,292561
28433,0.026671,172.31.40.0-255,66,257225,64,292561
28434,0.028211,172.31.40.0-255,171,257396,64,292561
28435,0.028245,172.31.40.0-255,1136,258532,64,292561
28436,0.0283,172.31.40.0-255,1514,260046,64,292561
28437,0.028302,172.31.40.0-255,1273,261319,64,292561
28438,0.029223,74.125.24.0-255,5738,267057,64,292561
28439,0.029231,172.31.40.0-255,66,267123,64,292561
28440,0.029793,104.244.42.0-255,66,267189,64,292561
28441,0.029802,104.244.42.0-255,66,267255,64,292561
28442,0.029905,104.244.42.0-255,66,267321,64,292561
28443,0.031815,74.125.24.0-255,5738,273059,64,292561
28444,0.031822,172.31.40.0-255,66,273125,64,292561
28445,0.034383,74.125.24.0-255,5738,278863,64,292561
28446,0.034391,172.31.40.0-255,66,278929,64,292561
28447,0.036987,74.125.24.0-255,5738,284667,64,292561
28448,0.036993,172.31.40.0-255,66,284733,64,292561
28449,0.039561,74.125.24.0-255,5738,290471,64,292561
28450,0.039569,172.31.40.0-255,66,290537,64,292561
28451,0.042126,74.125.24.0-255,1787,292324,64,292561
28452,0.042131,172.31.40.0-255,66,292390,64,292561
28453,0.042286,172.31.40.0-255,105,292495,64,292561
28454,0.044838,74.125.24.0-255,66,292561,64,292561
28455,0.0,74.125.200.0-255,146,146,64,335845
28456,2.1e-05,172.31.40.0-255,66,212,64,335845
28457,2.8e-05,74.125.200.0-255,1484,1696,64,335845
28458,3.3e-05,172.31.40.0-255,66,1762,64,335845
28459,5.6e-05,74.125.200.0-255,2902,4664,64,335845
28460,6e-05,172.31.40.0-255,66,4730,64,335845
28461,6.3e-05,74.125.200.0-255,1484,6214,64,335845
28462,6.6e-05,172.31.40.0-255,66,6280,64,335845
28463,7e-05,74.125.200.0-255,2902,9182,64,335845
28464,7.3e-05,172.31.40.0-255,66,9248,64,335845
28465,0.000117,74.125.200.0-255,6372,15620,64,335845
28466,0.000121,172.31.40.0-255,66,15686,64,335845
28467,0.000143,74.125.200.0-255,7156,22842,64,335845
28468,0.000146,172.31.40.0-255,66,22908,64,335845
28469,0.000174,74.125.200.0-255,5738,28646,64,335845
28470,0.000177,172.31.40.0-255,66,28712,64,335845
28471,0.000211,74.125.200.0-255,2543,31255,64,335845
28472,0.000214,172.31.40.0-255,66,31321,64,335845
28473,0.000319,74.125.200.0-255,1484,32805,64,335845
28474,0.000324,172.31.40.0-255,66,32871,64,335845
28475,0.00033,74.125.200.0-255,2902,35773,64,335845
28476,0.000333,172.31.40.0-255,66,35839,64,335845
28477,0.000348,74.125.200.0-255,1484,37323,64,335845
28478,0.000351,172.31.40.0-255,66,37389,64,335845
28479,0.000374,74.125.200.0-255,4320,41709,64,335845
28480,0.000378,172.31.40.0-255,66,41775,64,335845
28481,0.00038,74.125.200.0-255,1484,43259,64,335845
28482,0.000382,172.31.40.0-255,66,43325,64,335845
28483,0.000386,74.125.200.0-255,2902,46227,64,335845
28484,0.000388,172.31.40.0-255,66,46293,64,335845
28485,0.000426,74.125.200.0-255,2543,48836,64,335845
28486,0.00043,172.31.40.0-255,66,48902,64,335845
28487,0.001042,74.125.200.0-255,1484,50386,64,335845
28488,0.001049,172.31.40.0-255,66,50452,64,335845
28489,0.001057,74.125.200.0-255,2902,53354,64,335845
28490,0.00106,172.31.40.0-255,66,53420,64,335845
28491,0.001063,74.125.200.0-255,1484,54904,64,335845
28492,0.001065,172.31.40.0-255,66,54970,64,335845
28493,0.001092,74.125.200.0-255,4320,59290,64,335845
28494,0.001095,172.31.40.0-255,66,59356,64,335845
28495,0.001104,74.125.200.0-255,6797,66153,64,335845
28496,0.001106,172.31.40.0-255,66,66219,64,335845
28497,0.001817,74.125.200.0-255,1484,67703,64,335845
28498,0.001821,172.31.40.0-255,66,67769,64,335845
28499,0.001827,74.125.200.0-255,1484,69253,64,335845
28500,0.001829,172.31.40.0-255,66,69319,64,335845
28501,0.00185,74.125.200.0-255,2902,72221,64,335845
28502,0.001852,172.31.40.0-255,66,72287,64,335845
28503,0.001869,74.125.200.0-255,4320,76607,64,335845
28504,0.001871,172.31.40.0-255,66,76673,64,335845
28505,0.001885,74.125.200.0-255,1484,78157,64,335845
28506,0.001887,172.31.40.0-255,66,78223,64,335845
28507,0.001889,74.125.200.0-255,1484,79707,64,335845
28508,0.001891,172.31.40.0-255,66,79773,64,335845
28509,0.001948,74.125.200.0-255,2902,82675,64,335845
28510,0.001951,172.31.40.0-255,66,82741,64,335845
28511,0.001974,74.125.200.0-255,1484,84225,64,335845
28512,0.001976,172.31.40.0-255,66,84291,64,335845
28513,0.001989,74.125.200.0-255,2902,87193,64,335845
28514,0.00199,172.31.40.0-255,66,87259,64,335845
28515,0.002003,74.125.200.0-255,2902,90161,64,335845
28516,0.002018,74.125.200.0-255,2902,93063,64,335845
28517,0.002031,74.125.200.0-255,4320,97383,64,335845
28518,0.002035,172.31.40.0-255,66,97449,64,335845
28519,0.002053,74.125.200.0-255,3602,101051,64,335845
28520,0.002062,172.31.40.0-255,66,101117,64,335845
28521,0.004376,74.125.200.0-255,1484,102601,64,335845
28522,0.004381,172.31.40.0-255,66,102667,64,335845
28523,0.004405,74.125.200.0-255,4320,106987,64,335845
28524,0.004407,172.31.40.0-255,66,107053,64,335845
28525,0.006721,74.125.200.0-255,1484,108537,64,335845
28526,0.006725,172.31.40.0-255,66,108603,64,335845
28527,0.006751,74.125.200.0-255,4320,112923,64,335845
28528,0.006774,172.31.40.0-255,66,112989,64,335845
28529,0.009071,74.125.200.0-255,1484,114473,64,335845
28530,0.009078,172.31.40.0-255,66,114539,64,335845
28531,0.009101,74.125.200.0-255,1484,116023,64,335845
28532,0.00912,74.125.200.0-255,2902,118925,64,335845
28533,0.00913,172.31.40.0-255,66,118991,64,335845
28534,0.011421,74.125.200.0-255,1484,120475,64,335845
28535,0.011426,172.31.40.0-255,66,120541,64,335845
28536,0.011446,74.125.200.0-255,1484,122025,64,335845
28537,0.011459,74.125.200.0-255,2902,124927,64,335845
28538,0.011477,172.31.40.0-255,66,124993,64,335845
28539,0.013762,74.125.200.0-255,1484,126477,64,335845
28540,0.013816,74.125.200.0-255,4320,130797,64,335845
28541,0.013821,172.31.40.0-255,66,130863,64,335845
28542,0.016168,74.125.200.0-255,5738,136601,64,335845
28543,0.016218,172.31.40.0-255,66,136667,64,335845
28544,0.018595,74.125.200.0-255,5738,142405,64,335845
28545,0.018603,172.31.40.0-255,66,142471,64,335845
28546,0.020952,74.125.200.0-255,5738,148209,64,335845
28547,0.020959,172.31.40.0-255,66,148275,64,335845
28548,0.023008,172.31.40.0-255,167,148442,64,335845
28549,0.023068,172.31.40.0-255,1107,149549,64,335845
28550,0.023142,172.31.40.0-255,1514,151063,64,335845
28551,0.023149,172.31.40.0-255,338,151401,64,335845
28552,0.023312,74.125.200.0-255,5738,157139,64,335845
28553,0.023319,172.31.40.0-255,66,157205,64,335845
28554,0.024549,104.244.42.0-255,66,157271,64,335845
28555,0.02464,104.244.42.0-255,66,157337,64,335845
28556,0.024686,104.244.42.0-255,66,157403,64,335845
28557,0.02566,74.125.200.0-255,2902,160305,64,335845
28558,0.025664,172.31.40.0-255,66,160371,64,335845
28559,0.025683,74.125.200.0-255,2902,163273,64,335845
28560,0.025702,172.31.40.0-255,66,163339,64,335845
28561,0.028012,74.125.200.0-255,2902,166241,64,335845
28562,0.028017,172.31.40.0-255,66,166307,64,335845
28563,0.028051,74.125.200.0-255,2902,169209,64,335845
28564,0.028069,172.31.40.0-255,66,169275,64,335845
28565,0.030357,74.125.200.0-255,2902,172177,64,335845
28566,0.030362,172.31.40.0-255,66,172243,64,335845
28567,0.030394,74.125.200.0-255,2902,175145,64,335845
28568,0.030412,172.31.40.0-255,66,175211,64,335845
28569,0.0327,74.125.200.0-255,2902,178113,64,335845
28570,0.032705,172.31.40.0-255,66,178179,64,335845
28571,0.03274,74.125.200.0-255,2902,181081,64,335845
28572,0.032753,172.31.40.0-255,66,181147,64,335845
28573,0.035046,74.125.200.0-255,2902,184049,64,335845
28574,0.035051,172.31.40.0-255,66,184115,64,335845
28575,0.035084,74.125.200.0-255,2902,187017,64,335845
28576,0.035103,172.31.40.0-255,66,187083,64,335845
28577,0.037402,74.125.200.0-255,2902,189985,64,335845
28578,0.037408,172.31.40.0-255,66,190051,64,335845
28579,0.037463,74.125.200.0-255,2902,192953,64,335845
28580,0.037474,172.31.40.0-255,66,193019,64,335845
28581,0.039756,74.125.200.0-255,2902,195921,64,335845
28582,0.039761,172.31.40.0-255,66,195987,64,335845
28583,0.039822,74.125.200.0-255,2902,198889,64,335845
28584,0.039828,172.31.40.0-255,66,198955,64,335845
28585,0.042115,74.125.200.0-255,2902,201857,64,335845
28586,0.04212,172.31.40.0-255,66,201923,64,335845
28587,0.042188,74.125.200.0-255,2902,204825,64,335845
28588,0.0422,172.31.40.0-255,66,204891,64,335845
28589,0.044457,74.125.200.0-255,2902,207793,64,335845
28590,0.044462,172.31.40.0-255,66,207859,64,335845
28591,0.044555,74.125.200.0-255,2902,210761,64,335845
28592,0.044559,172.31.40.0-255,66,210827,64,335845
28593,0.046816,74.125.200.0-255,2902,213729,64,335845
28594,0.046822,172.31.40.0-255,66,213795,64,335845
28595,0.046889,74.125.200.0-255,2902,216697,64,335845
28596,0.046901,172.31.40.0-255,66,216763,64,335845
28597,0.049161,74.125.200.0-255,2902,219665,64,335845
28598,0.049166,172.31.40.0-255,66,219731,64,335845
28599,0.049239,74.125.200.0-255,2902,222633,64,335845
28600,0.049245,172.31.40.0-255,66,222699,64,335845
28601,0.051612,74.125.200.0-255,2902,225601,64,335845
28602,0.051617,172.31.40.0-255,66,225667,64,335845
28603,0.051691,74.125.200.0-255,2902,228569,64,335845
28604,0.051706,172.31.40.0-255,66,228635,64,335845
28605,0.053958,74.125.200.0-255,2902,231537,64,335845
28606,0.053963,172.31.40.0-255,66,231603,64,335845
28607,0.054055,74.125.200.0-255,2902,234505,64,335845
28608,0.05406,172.31.40.0-255,66,234571,64,335845
28609,0.056368,74.125.200.0-255,2902,237473,64,335845
28610,0.056373,172.31.40.0-255,66,237539,64,335845
28611,0.056404,74.125.200.0-255,2902,240441,64,335845
28612,0.056425,172.31.40.0-255,66,240507,64,335845
28613,0.058722,74.125.200.0-255,2902,243409,64,335845
28614,0.058728,172.31.40.0-255,66,243475,64,335845
28615,0.058762,74.125.200.0-255,2902,246377,64,335845
28616,0.058769,172.31.40.0-255,66,246443,64,335845
28617,0.06108,74.125.200.0-255,2902,249345,64,335845
28618,0.061087,172.31.40.0-255,66,249411,64,335845
28619,0.061114,74.125.200.0-255,2902,252313,64,335845
28620,0.061508,172.31.40.0-255,66,252379,64,335845
28621,0.063455,74.125.200.0-255,2902,255281,64,335845
28622,0.063471,172.31.40.0-255,66,255347,64,335845
28623,0.063849,74.125.200.0-255,2902,258249,64,335845
28624,0.065835,74.125.200.0-255,2902,261151,64,335845
28625,0.067227,172.31.40.0-255,66,261217,64,335845
28626,0.069566,74.125.200.0-255,5738,266955,64,335845
28627,0.069573,172.31.40.0-255,66,267021,64,335845
28628,0.071917,74.125.200.0-255,4320,271341,64,335845
28629,0.071921,172.31.40.0-255,66,271407,64,335845
28630,0.071946,74.125.200.0-255,1484,272891,64,335845
28631,0.074271,74.125.200.0-255,4320,277211,64,335845
28632,0.074279,172.31.40.0-255,66,277277,64,335845
28633,0.076628,74.125.200.0-255,5738,283015,64,335845
28634,0.076683,172.31.40.0-255,66,283081,64,335845
28635,0.079033,74.125.200.0-255,5738,288819,64,335845
28636,0.079038,172.31.40.0-255,66,288885,64,335845
28637,0.081369,74.125.200.0-255,1484,290369,64,335845
28638,0.081395,74.125.200.0-255,4320,294689,64,335845
28639,0.081399,172.31.40.0-255,66,294755,64,335845
28640,0.083742,74.125.200.0-255,5738,300493,64,335845
28641,0.083748,172.31.40.0-255,66,300559,64,335845
28642,0.086101,74.125.200.0-255,5738,306297,64,335845
28643,0.086107,172.31.40.0-255,66,306363,64,335845
28644,0.088603,74.125.200.0-255,5738,312101,64,335845
28645,0.088609,172.31.40.0-255,66,312167,64,335845
28646,0.090951,74.125.200.0-255,5738,317905,64,335845
28647,0.090957,172.31.40.0-255,66,317971,64,335845
28648,0.0933,74.125.200.0-255,2902,320873,64,335845
28649,0.093305,172.31.40.0-255,66,320939,64,335845
28650,0.093332,74.125.200.0-255,2902,323841,64,335845
28651,0.093349,172.31.40.0-255,66,323907,64,335845
28652,0.095644,74.125.200.0-255,2902,326809,64,335845
28653,0.095649,172.31.40.0-255,66,326875,64,335845
28654,0.09568,74.125.200.0-255,2902,329777,64,335845
28655,0.095707,172.31.40.0-255,66,329843,64,335845
28656,0.098039,74.125.200.0-255,2902,332745,64,335845
28657,0.098044,172.31.40.0-255,66,332811,64,335845
28658,0.098104,74.125.200.0-255,1484,334295,64,335845
28659,0.098116,74.125.200.0-255,1484,335779,64,335845
28660,0.098125,172.31.40.0-255,66,335845,64,335845
28661,0.0,172.217.194.0-255,153,153,64,172671
28662,1.6e-05,172.31.40.0-255,66,219,64,172671
28663,2.3e-05,172.217.194.0-255,1484,1703,64,172671
28664,2.8e-05,172.31.40.0-255,66,1769,64,172671
28665,3.4e-05,172.217.194.0-255,2902,4671,64,172671
28666,3.7e-05,172.31.40.0-255,66,4737,64,172671
28667,4.5e-05,172.217.194.0-255,5738,10475,64,172671
28668,4.8e-05,172.31.40.0-255,66,10541,64,172671
28669,6.8e-05,172.217.194.0-255,1484,12025,64,172671
28670,7.1e-05,172.31.40.0-255,66,12091,64,172671
28671,9.3e-05,172.217.194.0-255,2101,14192,64,172671
28672,9.5e-05,172.31.40.0-255,66,14258,64,172671
28673,0.000127,172.217.194.0-255,1484,15742,64,172671
28674,0.000131,172.31.40.0-255,66,15808,64,172671
28675,0.000135,172.217.194.0-255,2902,18710,64,172671
28676,0.000138,172.31.40.0-255,66,18776,64,172671
28677,0.00015,172.217.194.0-255,1484,20260,64,172671
28678,0.000152,172.31.40.0-255,66,20326,64,172671
28679,0.000187,172.217.194.0-255,4320,24646,64,172671
28680,0.00019,172.31.40.0-255,66,24712,64,172671
28681,0.000198,172.217.194.0-255,6797,31509,64,172671
28682,0.0002,172.31.40.0-255,66,31575,64,172671
28683,0.000205,172.217.194.0-255,4320,35895,64,172671
28684,0.000208,172.31.40.0-255,66,35961,64,172671
28685,0.000237,172.31.40.0-255,66,36027,64,172671
28686,0.000241,172.217.194.0-255,2543,38570,64,172671
28687,0.000243,172.31.40.0-255,66,38636,64,172671
28688,0.000286,172.217.194.0-255,4320,42956,64,172671
28689,0.000289,172.31.40.0-255,66,43022,64,172671
28690,0.000322,172.31.40.0-255,66,43088,64,172671
28691,0.000353,172.217.194.0-255,99,43187,64,172671
28692,0.000414,172.217.194.0-255,1484,44671,64,172671
28693,0.000417,172.31.40.0-255,66,44737,64,172671
28694,0.00042,172.217.194.0-255,1484,46221,64,172671
28695,0.00044,172.217.194.0-255,4320,50541,64,172671
28696,0.000443,172.31.40.0-255,66,50607,64,172671
28697,0.000493,172.217.194.0-255,4320,54927,64,172671
28698,0.000497,172.31.40.0-255,66,54993,64,172671
28699,0.000511,172.217.194.0-255,5379,60372,64,172671
28700,0.000514,172.31.40.0-255,66,60438,64,172671
28701,0.000518,172.217.194.0-255,2902,63340,64,172671
28702,0.00052,172.31.40.0-255,66,63406,64,172671
28703,0.00055,172.217.194.0-255,7156,70562,64,172671
28704,0.000553,172.31.40.0-255,66,70628,64,172671
28705,0.00056,172.217.194.0-255,6797,77425,64,172671
28706,0.000563,172.31.40.0-255,66,77491,64,172671
28707,0.000813,172.217.194.0-255,1484,78975,64,172671
28708,0.000836,172.217.194.0-255,2902,81877,64,172671
28709,0.00084,172.31.40.0-255,66,81943,64,172671
28710,0.000848,172.217.194.0-255,5738,87681,64,172671
28711,0.00085,172.31.40.0-255,66,87747,64,172671
28712,0.000871,172.217.194.0-255,1484,89231,64,172671
28713,0.000909,172.31.40.0-255,66,89297,64,172671
28714,0.000915,172.217.194.0-255,4320,93617,64,172671
28715,0.000917,172.31.40.0-255,66,93683,64,172671
28716,0.000947,172.217.194.0-255,6438,100121,64,172671
28717,0.000951,172.31.40.0-255,66,100187,64,172671
28718,0.001171,172.217.194.0-255,1484,101671,64,172671
28719,0.001191,172.217.194.0-255,2902,104573,64,172671
28720,0.001194,172.31.40.0-255,66,104639,64,172671
28721,0.001207,172.217.194.0-255,2902,107541,64,172671
28722,0.00121,172.31.40.0-255,66,107607,64,172671
28723,0.001229,172.217.194.0-255,2902,110509,64,172671
28724,0.001231,172.31.40.0-255,66,110575,64,172671
28725,0.001236,172.217.194.0-255,2902,113477,64,172671
28726,0.001238,172.31.40.0-255,66,113543,64,172671
28727,0.001271,172.31.40.0-255,66,113609,64,172671
28728,0.001274,172.217.194.0-255,1484,115093,64,172671
28729,0.001312,172.31.40.0-255,66,115159,64,172671
28730,0.001319,172.217.194.0-255,7156,122315,64,172671
28731,0.001322,172.31.40.0-255,66,122381,64,172671
28732,0.001353,172.217.194.0-255,1484,123865,64,172671
28733,0.00138,172.31.40.0-255,66,123931,64,172671
28734,0.001402,172.217.194.0-255,2184,126115,64,172671
28735,0.001405,172.31.40.0-255,66,126181,64,172671
28736,0.001425,172.31.40.0-255,66,126247,64,172671
28737,0.001437,172.31.40.0-255,66,126313,64,172671
28738,0.001532,172.31.40.0-255,66,126379,64,172671
28739,0.001553,172.31.40.0-255,66,126445,64,172671
28740,0.001568,172.31.40.0-255,66,126511,64,172671
28741,0.001579,172.31.40.0-255,66,126577,64,172671
28742,0.001616,172.217.194.0-255,1484,128061,64,172671
28743,0.001641,172.31.40.0-255,66,128127,64,172671
28744,0.001647,172.31.40.0-255,66,128193,64,172671
28745,0.00169,172.217.194.0-255,7156,135349,64,172671
28746,0.001693,172.31.40.0-255,66,135415,64,172671
28747,0.001715,172.217.194.0-255,6438,141853,64,172671
28748,0.00172,172.31.40.0-255,66,141919,64,172671
28749,0.001731,172.217.194.0-255,7156,149075,64,172671
28750,0.001763,172.217.194.0-255,7156,156231,64,172671
28751,0.001767,172.217.194.0-255,1484,157715,64,172671
28752,0.001775,172.31.40.0-255,66,157781,64,172671
28753,0.0018,172.31.40.0-255,66,157847,64,172671
28754,0.001832,172.217.194.0-255,2902,160749,64,172671
28755,0.001859,172.31.40.0-255,66,160815,64,172671
28756,0.001864,172.31.40.0-255,66,160881,64,172671
28757,0.001884,172.217.194.0-255,7156,168037,64,172671
28758,0.001911,172.217.194.0-255,105,168142,64,172671
28759,0.001931,172.31.40.0-255,66,168208,64,172671
28760,0.012778,172.31.40.0-255,105,168313,64,172671
28761,0.015033,172.217.194.0-255,66,168379,64,172671
28762,0.049802,172.31.40.0-255,172,168551,64,172671
28763,0.049838,172.31.40.0-255,1113,169664,64,172671
28764,0.049906,172.31.40.0-255,1514,171178,64,172671
28765,0.049908,172.31.40.0-255,1295,172473,64,172671
28766,0.051362,104.244.42.0-255,66,172539,64,172671
28767,0.05141,104.244.42.0-255,66,172605,64,172671
28768,0.05144,104.244.42.0-255,66,172671,64,172671
28769,0.0,172.31.40.0-255,105,105,64,459
28770,0.000236,172.31.40.0-255,90,195,64,459
28771,0.000245,172.31.40.0-255,66,261,64,459
28772,0.002596,172.217.194.0-255,66,327,64,459
28773,0.002625,172.217.194.0-255,66,393,64,459
28774,0.002645,172.31.40.0-255,66,459,64,459
28775,0.0,172.217.194.0-255,153,153,64,361382
28776,2.2e-05,172.31.40.0-255,66,219,64,361382
28777,2.9e-05,172.217.194.0-255,1484,1703,64,361382
28778,3.4e-05,172.31.40.0-255,66,1769,64,361382
28779,4e-05,172.217.194.0-255,2902,4671,64,361382
28780,5.2e-05,172.31.40.0-255,66,4737,64,361382
28781,6e-05,172.217.194.0-255,7156,11893,64,361382
28782,6.4e-05,172.31.40.0-255,66,11959,64,361382
28783,0.000111,172.31.40.0-255,66,12025,64,361382
28784,0.000132,172.217.194.0-255,3447,15472,64,361382
28785,0.00014,172.31.40.0-255,66,15538,64,361382
28786,0.000144,172.217.194.0-255,2543,18081,64,361382
28787,0.000147,172.31.40.0-255,66,18147,64,361382
28788,0.000244,172.217.194.0-255,1484,19631,64,361382
28789,0.000247,172.31.40.0-255,66,19697,64,361382
28790,0.000252,172.217.194.0-255,2902,22599,64,361382
28791,0.000255,172.31.40.0-255,66,22665,64,361382
28792,0.000294,172.217.194.0-255,5738,28403,64,361382
28793,0.000298,172.31.40.0-255,66,28469,64,361382
28794,0.000304,172.217.194.0-255,5738,34207,64,361382
28795,0.000306,172.31.40.0-255,66,34273,64,361382
28796,0.000338,172.31.40.0-255,66,34339,64,361382
28797,0.000353,172.31.40.0-255,66,34405,64,361382
28798,0.000356,172.217.194.0-255,1439,35844,64,361382
28799,0.000358,172.31.40.0-255,66,35910,64,361382
28800,0.000403,172.217.194.0-255,1484,37394,64,361382
28801,0.000406,172.31.40.0-255,66,37460,64,361382
28802,0.00043,172.217.194.0-255,1484,38944,64,361382
28803,0.000432,172.31.40.0-255,66,39010,64,361382
28804,0.000437,172.217.194.0-255,2902,41912,64,361382
28805,0.000439,172.31.40.0-255,66,41978,64,361382
28806,0.000445,172.217.194.0-255,5738,47716,64,361382
28807,0.000447,172.31.40.0-255,66,47782,64,361382
28808,0.00047,172.217.194.0-255,1484,49266,64,361382
28809,0.000504,172.31.40.0-255,66,49332,64,361382
28810,0.00053,172.217.194.0-255,5738,55070,64,361382
28811,0.000532,172.31.40.0-255,66,55136,64,361382
28812,0.00056,172.217.194.0-255,4830,59966,64,361382
28813,0.000564,172.31.40.0-255,66,60032,64,361382
28814,0.000642,172.217.194.0-255,1484,61516,64,361382
28815,0.000647,172.217.194.0-255,2902,64418,64,361382
28816,0.000649,172.31.40.0-255,66,64484,64,361382
28817,0.000683,172.217.194.0-255,5738,70222,64,361382
28818,0.000686,172.31.40.0-255,66,70288,64,361382
28819,0.000692,172.217.194.0-255,5738,76026,64,361382
28820,0.000695,172.31.40.0-255,66,76092,64,361382
28821,0.000701,172.217.194.0-255,5738,81830,64,361382
28822,0.000708,172.31.40.0-255,66,81896,64,361382
28823,0.000762,172.217.194.0-255,7156,89052,64,361382
28824,0.000766,172.31.40.0-255,66,89118,64,361382
28825,0.000772,172.217.194.0-255,5020,94138,64,361382
28826,0.000775,172.31.40.0-255,66,94204,64,361382
28827,0.00121,172.217.194.0-255,1484,95688,64,361382
28828,0.001216,172.217.194.0-255,2902,98590,64,361382
28829,0.001227,172.31.40.0-255,66,98656,64,361382
28830,0.001233,172.217.194.0-255,4320,102976,64,361382
28831,0.001235,172.31.40.0-255,66,103042,64,361382
28832,0.001264,172.217.194.0-255,1484,104526,64,361382
28833,0.001269,172.217.194.0-255,2902,107428,64,361382
28834,0.001271,172.31.40.0-255,66,107494,64,361382
28835,0.001317,172.31.40.0-255,66,107560,64,361382
28836,0.001328,172.31.40.0-255,66,107626,64,361382
28837,0.001331,172.217.194.0-255,766,108392,64,361382
28838,0.001472,172.217.194.0-255,1484,109876,64,361382
28839,0.001476,172.31.40.0-255,66,109942,64,361382
28840,0.00149,172.217.194.0-255,2902,112844,64,361382
28841,0.001496,172.31.40.0-255,66,112910,64,361382
28842,0.001499,172.217.194.0-255,1484,114394,64,361382
28843,0.001525,172.217.194.0-255,4320,118714,64,361382
28844,0.001527,172.31.40.0-255,66,118780,64,361382
28845,0.001556,172.217.194.0-255,7156,125936,64,361382
28846,0.00156,172.31.40.0-255,66,126002,64,361382
28847,0.001563,172.217.194.0-255,1484,127486,64,361382
28848,0.001592,172.217.194.0-255,7156,134642,64,361382
28849,0.001595,172.31.40.0-255,66,134708,64,361382
28850,0.001599,172.217.194.0-255,4320,139028,64,361382
28851,0.001601,172.31.40.0-255,66,139094,64,361382
28852,0.00164,172.217.194.0-255,3602,142696,64,361382
28853,0.001642,172.31.40.0-255,66,142762,64,361382
28854,0.00365,172.217.194.0-255,1484,144246,64,361382
28855,0.003716,172.217.194.0-255,4320,148566,64,361382
28856,0.003721,172.31.40.0-255,66,148632,64,361382
28857,0.005775,172.217.194.0-255,5738,154370,64,361382
28858,0.005778,172.31.40.0-255,66,154436,64,361382
28859,0.007827,172.217.194.0-255,5738,160174,64,361382
28860,0.00783,172.31.40.0-255,66,160240,64,361382
28861,0.009874,172.217.194.0-255,5738,165978,64,361382
28862,0.009881,172.31.40.0-255,66,166044,64,361382
28863,0.011955,172.217.194.0-255,5738,171782,64,361382
28864,0.011963,172.31.40.0-255,66,171848,64,361382
28865,0.014019,172.217.194.0-255,5738,177586,64,361382
28866,0.014025,172.31.40.0-255,66,177652,64,361382
28867,0.016115,172.217.194.0-255,5738,183390,64,361382
28868,0.016125,172.31.40.0-255,66,183456,64,361382
28869,0.018229,172.217.194.0-255,5738,189194,64,361382
28870,0.018238,172.31.40.0-255,66,189260,64,361382
28871,0.020345,172.217.194.0-255,5738,194998,64,361382
28872,0.020356,172.31.40.0-255,66,195064,64,361382
28873,0.022415,172.217.194.0-255,5738,200802,64,361382
28874,0.022431,172.31.40.0-255,66,200868,64,361382
28875,0.024525,172.217.194.0-255,5738,206606,64,361382
28876,0.024538,172.31.40.0-255,66,206672,64,361382
28877,0.026658,172.217.194.0-255,5738,212410,64,361382
28878,0.026672,172.31.40.0-255,66,212476,64,361382
28879,0.028773,172.217.194.0-255,5738,218214,64,361382
28880,0.028787,172.31.40.0-255,66,218280,64,361382
28881,0.030849,172.217.194.0-255,5738,224018,64,361382
28882,0.030857,172.31.40.0-255,66,224084,64,361382
28883,0.032916,172.217.194.0-255,5738,229822,64,361382
28884,0.032922,172.31.40.0-255,66,229888,64,361382
28885,0.03501,172.217.194.0-255,5738,235626,64,361382
28886,0.035025,172.31.40.0-255,66,235692,64,361382
28887,0.037099,172.217.194.0-255,5738,241430,64,361382
28888,0.037107,172.31.40.0-255,66,241496,64,361382
28889,0.039183,172.217.194.0-255,5738,247234,64,361382
28890,0.039197,172.31.40.0-255,66,247300,64,361382
28891,0.041303,172.217.194.0-255,5738,253038,64,361382
28892,0.041315,172.31.40.0-255,66,253104,64,361382
28893,0.043387,172.217.194.0-255,5738,258842,64,361382
28894,0.043399,172.31.40.0-255,66,258908,64,361382
28895,0.045473,172.217.194.0-255,5738,264646,64,361382
28896,0.045492,172.31.40.0-255,66,264712,64,361382
28897,0.047594,172.217.194.0-255,5738,270450,64,361382
28898,0.047607,172.31.40.0-255,66,270516,64,361382
28899,0.047811,172.31.40.0-255,172,270688,64,361382
28900,0.04784,172.31.40.0-255,1112,271800,64,361382
28901,0.047957,172.31.40.0-255,1514,273314,64,361382
28902,0.047959,172.31.40.0-255,1296,274610,64,361382
28903,0.049382,104.244.42.0-255,66,274676,64,361382
28904,0.049426,104.244.42.0-255,66,274742,64,361382
28905,0.04958,104.244.42.0-255,66,274808,64,361382
28906,0.049664,172.217.194.0-255,5738,280546,64,361382
28907,0.04967,172.31.40.0-255,66,280612,64,361382
28908,0.051735,172.217.194.0-255,5738,286350,64,361382
28909,0.051748,172.31.40.0-255,66,286416,64,361382
28910,0.053844,172.217.194.0-255,5738,292154,64,361382
28911,0.053862,172.31.40.0-255,66,292220,64,361382
28912,0.055928,172.217.194.0-255,5738,297958,64,361382
28913,0.055944,172.31.40.0-255,66,298024,64,361382
28914,0.058013,172.217.194.0-255,5738,303762,64,361382
28915,0.058023,172.31.40.0-255,66,303828,64,361382
28916,0.060119,172.217.194.0-255,5738,309566,64,361382
28917,0.060135,172.31.40.0-255,66,309632,64,361382
28918,0.062219,172.217.194.0-255,5738,315370,64,361382
28919,0.062233,172.31.40.0-255,66,315436,64,361382
28920,0.064335,172.217.194.0-255,5738,321174,64,361382
28921,0.064346,172.31.40.0-255,66,321240,64,361382
28922,0.066416,172.217.194.0-255,5738,326978,64,361382
28923,0.066431,172.31.40.0-255,66,327044,64,361382
28924,0.068542,172.217.194.0-255,5738,332782,64,361382
28925,0.068555,172.31.40.0-255,66,332848,64,361382
28926,0.070681,172.217.194.0-255,5738,338586,64,361382
28927,0.070695,172.31.40.0-255,66,338652,64,361382
28928,0.072786,172.217.194.0-255,5738,344390,64,361382
28929,0.072802,172.31.40.0-255,66,344456,64,361382
28930,0.07487,172.217.194.0-255,5738,350194,64,361382
28931,0.074883,172.31.40.0-255,66,350260,64,361382
28932,0.076992,172.217.194.0-255,5738,355998,64,361382
28933,0.077008,172.31.40.0-255,66,356064,64,361382
28934,0.079079,172.217.194.0-255,5081,361145,64,361382
28935,0.079094,172.31.40.0-255,66,361211,64,361382
28936,0.079361,172.31.40.0-255,105,361316,64,361382
28937,0.081373,172.217.194.0-255,66,361382,64,361382
28938,0.0,74.125.130.0-255,146,146,64,359208
28939,2.6e-05,172.31.40.0-255,66,212,64,359208
28940,3.4e-05,74.125.130.0-255,1484,1696,64,359208
28941,3.8e-05,172.31.40.0-255,66,1762,64,359208
28942,4.4e-05,74.125.130.0-255,2902,4664,64,359208
28943,4.8e-05,172.31.40.0-255,66,4730,64,359208
28944,5.1e-05,74.125.130.0-255,1484,6214,64,359208
28945,5.4e-05,172.31.40.0-255,66,6280,64,359208
28946,5.8e-05,74.125.130.0-255,1484,7764,64,359208
28947,6.1e-05,172.31.40.0-255,66,7830,64,359208
28948,8e-05,74.125.130.0-255,1484,9314,64,359208
28949,8.3e-05,172.31.40.0-255,66,9380,64,359208
28950,0.000108,74.125.130.0-255,5011,14391,64,359208
28951,0.000111,172.31.40.0-255,66,14457,64,359208
28952,0.000242,74.125.130.0-255,1484,15941,64,359208
28953,0.000246,172.31.40.0-255,66,16007,64,359208
28954,0.00026,74.125.130.0-255,1484,17491,64,359208
28955,0.000263,172.31.40.0-255,66,17557,64,359208
28956,0.000268,74.125.130.0-255,2902,20459,64,359208
28957,0.00027,172.31.40.0-255,66,20525,64,359208
28958,0.000273,74.125.130.0-255,1484,22009,64,359208
28959,0.000275,172.31.40.0-255,66,22075,64,359208
28960,0.000302,74.125.130.0-255,4320,26395,64,359208
28961,0.000304,172.31.40.0-255,66,26461,64,359208
28962,0.000311,74.125.130.0-255,5379,31840,64,359208
28963,0.000314,172.31.40.0-255,66,31906,64,359208
28964,0.000343,74.125.130.0-255,5738,37644,64,359208
28965,0.000346,172.31.40.0-255,66,37710,64,359208
28966,0.000363,74.125.130.0-255,4320,42030,64,359208
28967,0.000366,172.31.40.0-255,66,42096,64,359208
28968,0.000392,74.125.130.0-255,7156,49252,64,359208
28969,0.000395,172.31.40.0-255,66,49318,64,359208
28970,0.000433,172.31.40.0-255,66,49384,64,359208
28971,0.000447,74.125.130.0-255,1484,50868,64,359208
28972,0.000454,74.125.130.0-255,3602,54470,64,359208
28973,0.000456,172.31.40.0-255,66,54536,64,359208
28974,0.000482,74.125.130.0-255,390,54926,64,359208
28975,0.0006,74.125.130.0-255,1484,56410,64,359208
28976,0.000605,172.31.40.0-255,66,56476,64,359208
28977,0.00061,74.125.130.0-255,2902,59378,64,359208
28978,0.000613,172.31.40.0-255,66,59444,64,359208
28979,0.000643,74.125.130.0-255,5738,65182,64,359208
28980,0.000646,172.31.40.0-255,66,65248,64,359208
28981,0.000653,74.125.130.0-255,5738,70986,64,359208
28982,0.000655,172.31.40.0-255,66,71052,64,359208
28983,0.000669,74.125.130.0-255,1484,72536,64,359208
28984,0.000688,74.125.130.0-255,4320,76856,64,359208
28985,0.00069,172.31.40.0-255,66,76922,64,359208
28986,0.000722,172.31.40.0-255,66,76988,64,359208
28987,0.000734,74.125.130.0-255,2184,79172,64,359208
28988,0.000737,172.31.40.0-255,66,79238,64,359208
28989,0.00081,74.125.130.0-255,385,79623,64,359208
28990,0.000945,74.125.130.0-255,1484,81107,64,359208
28991,0.000949,172.31.40.0-255,66,81173,64,359208
28992,0.000954,74.125.130.0-255,2902,84075,64,359208
28993,0.000956,172.31.40.0-255,66,84141,64,359208
28994,0.000971,74.125.130.0-255,1484,85625,64,359208
28995,0.000987,74.125.130.0-255,4320,89945,64,359208
28996,0.000989,172.31.40.0-255,66,90011,64,359208
28997,0.000995,74.125.130.0-255,4320,94331,64,359208
28998,0.000997,172.31.40.0-255,66,94397,64,359208
28999,0.001004,74.125.130.0-255,5738,100135,64,359208
29000,0.001006,172.31.40.0-255,66,100201,64,359208
29001,0.001041,172.31.40.0-255,66,100267,64,359208
29002,0.001062,74.125.130.0-255,2902,103169,64,359208
29003,0.001064,172.31.40.0-255,66,103235,64,359208
29004,0.001068,74.125.130.0-255,2184,105419,64,359208
29005,0.001071,172.31.40.0-255,66,105485,64,359208
29006,0.001118,74.125.130.0-255,1484,106969,64,359208
29007,0.001146,74.125.130.0-255,1484,108453,64,359208
29008,0.00115,172.31.40.0-255,66,108519,64,359208
29009,0.001162,74.125.130.0-255,2902,111421,64,359208
29010,0.001166,172.31.40.0-255,66,111487,64,359208
29011,0.001169,74.125.130.0-255,1484,112971,64,359208
29012,0.001188,74.125.130.0-255,4320,117291,64,359208
29013,0.001191,172.31.40.0-255,66,117357,64,359208
29014,0.001198,74.125.130.0-255,5738,123095,64,359208
29015,0.0012,172.31.40.0-255,66,123161,64,359208
29016,0.001218,74.125.130.0-255,4320,127481,64,359208
29017,0.001221,172.31.40.0-255,66,127547,64,359208
29018,0.001233,172.31.40.0-255,66,127613,64,359208
29019,0.001249,74.125.130.0-255,1484,129097,64,359208
29020,0.001252,74.125.130.0-255,766,129863,64,359208
29021,0.001255,172.31.40.0-255,66,129929,64,359208
29022,0.001301,74.125.130.0-255,1484,131413,64,359208
29023,0.001316,74.125.130.0-255,2902,134315,64,359208
29024,0.00132,172.31.40.0-255,66,134381,64,359208
29025,0.001358,74.125.130.0-255,5738,140119,64,359208
29026,0.001361,172.31.40.0-255,66,140185,64,359208
29027,0.001382,74.125.130.0-255,7156,147341,64,359208
29028,0.001384,172.31.40.0-255,66,147407,64,359208
29029,0.001388,74.125.130.0-255,1484,148891,64,359208
29030,0.001407,74.125.130.0-255,4320,153211,64,359208
29031,0.001411,172.31.40.0-255,66,153277,64,359208
29032,0.00143,74.125.130.0-255,7156,160433,64,359208
29033,0.001433,172.31.40.0-255,66,160499,64,359208
29034,0.001451,74.125.130.0-255,3602,164101,64,359208
29035,0.001454,172.31.40.0-255,66,164167,64,359208
29036,0.001547,74.125.130.0-255,1484,165651,64,359208
29037,0.001566,74.125.130.0-255,2902,168553,64,359208
29038,0.00157,172.31.40.0-255,66,168619,64,359208
29039,0.001574,74.125.130.0-255,1484,170103,64,359208
29040,0.001587,74.125.130.0-255,4320,174423,64,359208
29041,0.00159,172.31.40.0-255,66,174489,64,359208
29042,0.001594,74.125.130.0-255,2902,177391,64,359208
29043,0.001597,172.31.40.0-255,66,177457,64,359208
29044,0.001623,74.125.130.0-255,1484,178941,64,359208
29045,0.001631,74.125.130.0-255,5738,184679,64,359208
29046,0.001633,172.31.40.0-255,66,184745,64,359208
29047,0.001681,74.125.130.0-255,4320,189065,64,359208
29048,0.001686,172.31.40.0-255,66,189131,64,359208
29049,0.001701,74.125.130.0-255,4320,193451,64,359208
29050,0.001705,172.31.40.0-255,66,193517,64,359208
29051,0.001733,74.125.130.0-255,4320,197837,64,359208
29052,0.001737,172.31.40.0-255,66,197903,64,359208
29053,0.001754,74.125.130.0-255,766,198669,64,359208
29054,0.001771,74.125.130.0-255,1484,200153,64,359208
29055,0.001774,172.31.40.0-255,66,200219,64,359208
29056,0.001797,74.125.130.0-255,2902,203121,64,359208
29057,0.001799,172.31.40.0-255,66,203187,64,359208
29058,0.001802,74.125.130.0-255,1484,204671,64,359208
29059,0.001807,74.125.130.0-255,2902,207573,64,359208
29060,0.001809,172.31.40.0-255,66,207639,64,359208
29061,0.001866,74.125.130.0-255,5738,213377,64,359208
29062,0.001869,172.31.40.0-255,66,213443,64,359208
29063,0.001882,172.31.40.0-255,66,213509,64,359208
29064,0.001916,172.31.40.0-255,66,213575,64,359208
29065,0.001969,74.125.130.0-255,1484,215059,64,359208
29066,0.001974,74.125.130.0-255,2902,217961,64,359208
29067,0.001977,172.31.40.0-255,66,218027,64,359208
29068,0.00198,74.125.130.0-255,1484,219511,64,359208
29069,0.002009,74.125.130.0-255,4320,223831,64,359208
29070,0.002012,172.31.40.0-255,66,223897,64,359208
29071,0.002017,74.125.130.0-255,4320,228217,64,359208
29072,0.00202,172.31.40.0-255,66,228283,64,359208
29073,0.002026,74.125.130.0-255,5738,234021,64,359208
29074,0.002028,172.31.40.0-255,66,234087,64,359208
29075,0.002048,74.125.130.0-255,2902,236989,64,359208
29076,0.002051,172.31.40.0-255,66,237055,64,359208
29077,0.002066,74.125.130.0-255,7156,244211,64,359208
29078,0.002069,172.31.40.0-255,66,244277,64,359208
29079,0.002103,74.125.130.0-255,3602,247879,64,359208
29080,0.002106,172.31.40.0-255,66,247945,64,359208
29081,0.002213,74.125.130.0-255,1484,249429,64,359208
29082,0.002225,74.125.130.0-255,1484,250913,64,359208
29083,0.002228,172.31.40.0-255,66,250979,64,359208
29084,0.002246,74.125.130.0-255,1484,252463,64,359208
29085,0.002252,74.125.130.0-255,5738,258201,64,359208
29086,0.002256,74.125.130.0-255,2902,261103,64,359208
29087,0.00226,172.31.40.0-255,66,261169,64,359208
29088,0.002268,172.31.40.0-255,66,261235,64,359208
29089,0.002273,74.125.130.0-255,4320,265555,64,359208
29090,0.002276,172.31.40.0-255,66,265621,64,359208
29091,0.002289,74.125.130.0-255,2902,268523,64,359208
29092,0.002292,172.31.40.0-255,66,268589,64,359208
29093,0.00232,74.125.130.0-255,5738,274327,64,359208
29094,0.002323,172.31.40.0-255,66,274393,64,359208
29095,0.002329,74.125.130.0-255,5738,280131,64,359208
29096,0.002331,172.31.40.0-255,66,280197,64,359208
29097,0.002357,74.125.130.0-255,2184,282381,64,359208
29098,0.002359,172.31.40.0-255,66,282447,64,359208
29099,0.004708,74.125.130.0-255,4320,286767,64,359208
29100,0.004715,172.31.40.0-255,66,286833,64,359208
29101,0.004735,74.125.130.0-255,1484,288317,64,359208
29102,0.007082,74.125.130.0-255,4320,292637,64,359208
29103,0.007085,172.31.40.0-255,66,292703,64,359208
29104,0.009463,74.125.130.0-255,5738,298441,64,359208
29105,0.00947,172.31.40.0-255,66,298507,64,359208
29106,0.011848,74.125.130.0-255,5738,304245,64,359208
29107,0.011855,172.31.40.0-255,66,304311,64,359208
29108,0.014242,74.125.130.0-255,5738,310049,64,359208
29109,0.014251,172.31.40.0-255,66,310115,64,359208
29110,0.016623,74.125.130.0-255,5738,315853,64,359208
29111,0.016632,172.31.40.0-255,66,315919,64,359208
29112,0.019005,74.125.130.0-255,5738,321657,64,359208
29113,0.019014,172.31.40.0-255,66,321723,64,359208
29114,0.021407,74.125.130.0-255,5738,327461,64,359208
29115,0.021425,172.31.40.0-255,66,327527,64,359208
29116,0.023822,74.125.130.0-255,5738,333265,64,359208
29117,0.02383,172.31.40.0-255,66,333331,64,359208
29118,0.0262,74.125.130.0-255,5738,339069,64,359208
29119,0.026208,172.31.40.0-255,66,339135,64,359208
29120,0.028592,74.125.130.0-255,5738,344873,64,359208
29121,0.028603,172.31.40.0-255,66,344939,64,359208
29122,0.030988,74.125.130.0-255,5738,350677,64,359208
29123,0.031003,172.31.40.0-255,66,350743,64,359208
29124,0.033379,74.125.130.0-255,4439,355182,64,359208
29125,0.033387,172.31.40.0-255,66,355248,64,359208
29126,0.033584,172.31.40.0-255,105,355353,64,359208
29127,0.035917,74.125.130.0-255,66,355419,64,359208
29128,0.040053,172.31.40.0-255,172,355591,64,359208
29129,0.040089,172.31.40.0-255,1113,356704,64,359208
29130,0.040153,172.31.40.0-255,1514,358218,64,359208
29131,0.040154,172.31.40.0-255,333,358551,64,359208
29132,0.041656,104.244.42.0-255,66,358617,64,359208
29133,0.041672,104.244.42.0-255,66,358683,64,359208
29134,0.041726,104.244.42.0-255,66,358749,64,359208
29135,0.082061,172.31.40.0-255,105,358854,64,359208
29136,0.082302,172.31.40.0-255,90,358944,64,359208
29137,0.082314,172.31.40.0-255,66,359010,64,359208
29138,0.084622,74.125.24.0-255,66,359076,64,359208
29139,0.084653,74.125.24.0-255,66,359142,64,359208
29140,0.084676,172.31.40.0-255,66,359208,64,359208
29141,0.0,74.125.200.0-255,152,152,64,356918
29142,2.5e-05,172.31.40.0-255,66,218,64,356918
29143,3.3e-05,74.125.200.0-255,1484,1702,64,356918
29144,3.7e-05,172.31.40.0-255,66,1768,64,356918
29145,4e-05,74.125.200.0-255,1484,3252,64,356918
29146,4.3e-05,172.31.40.0-255,66,3318,64,356918
29147,4.8e-05,74.125.200.0-255,2902,6220,64,356918
29148,5.2e-05,172.31.40.0-255,66,6286,64,356918
29149,7.5e-05,74.125.200.0-255,5738,12024,64,356918
29150,7.8e-05,172.31.40.0-255,66,12090,64,356918
29151,8.2e-05,74.125.200.0-255,2125,14215,64,356918
29152,8.4e-05,172.31.40.0-255,66,14281,64,356918
29153,0.000341,74.125.200.0-255,1484,15765,64,356918
29154,0.000347,74.125.200.0-255,2902,18667,64,356918
29155,0.000357,172.31.40.0-255,66,18733,64,356918
29156,0.000361,172.31.40.0-255,66,18799,64,356918
29157,0.000368,74.125.200.0-255,5738,24537,64,356918
29158,0.00037,172.31.40.0-255,66,24603,64,356918
29159,0.000406,74.125.200.0-255,6797,31400,64,356918
29160,0.000409,172.31.40.0-255,66,31466,64,356918
29161,0.000571,74.125.200.0-255,1484,32950,64,356918
29162,0.000575,172.31.40.0-255,66,33016,64,356918
29163,0.000581,74.125.200.0-255,2902,35918,64,356918
29164,0.000583,172.31.40.0-255,66,35984,64,356918
29165,0.000603,74.125.200.0-255,5738,41722,64,356918
29166,0.000606,172.31.40.0-255,66,41788,64,356918
29167,0.000637,74.125.200.0-255,6797,48585,64,356918
29168,0.000641,172.31.40.0-255,66,48651,64,356918
29169,0.000697,172.31.40.0-255,66,48717,64,356918
29170,0.000725,172.31.40.0-255,66,48783,64,356918
29171,0.000784,74.125.200.0-255,127,48910,64,356918
29172,0.000803,74.125.200.0-255,347,49257,64,356918
29173,0.00106,74.125.200.0-255,1484,50741,64,356918
29174,0.001065,172.31.40.0-255,66,50807,64,356918
29175,0.001092,74.125.200.0-255,1484,52291,64,356918
29176,0.001104,74.125.200.0-255,1484,53775,64,356918
29177,0.001106,172.31.40.0-255,66,53841,64,356918
29178,0.001113,74.125.200.0-255,5738,59579,64,356918
29179,0.001116,172.31.40.0-255,66,59645,64,356918
29180,0.001121,74.125.200.0-255,4320,63965,64,356918
29181,0.001124,172.31.40.0-255,66,64031,64,356918
29182,0.001146,74.125.200.0-255,2902,66933,64,356918
29183,0.001148,172.31.40.0-255,66,66999,64,356918
29184,0.001159,74.125.200.0-255,2902,69901,64,356918
29185,0.001161,172.31.40.0-255,66,69967,64,356918
29186,0.00119,74.125.200.0-255,2902,72869,64,356918
29187,0.001193,172.31.40.0-255,66,72935,64,356918
29188,0.001213,74.125.200.0-255,4320,77255,64,356918
29189,0.001216,172.31.40.0-255,66,77321,64,356918
29190,0.001222,74.125.200.0-255,6438,83759,64,356918
29191,0.001224,172.31.40.0-255,66,83825,64,356918
29192,0.001263,74.125.200.0-255,2902,86727,64,356918
29193,0.001266,172.31.40.0-255,66,86793,64,356918
29194,0.001279,74.125.200.0-255,1484,88277,64,356918
29195,0.001286,74.125.200.0-255,5738,94015,64,356918
29196,0.001288,172.31.40.0-255,66,94081,64,356918
29197,0.001292,74.125.200.0-255,1484,95565,64,356918
29198,0.001313,172.31.40.0-255,66,95631,64,356918
29199,0.001338,74.125.200.0-255,1484,97115,64,356918
29200,0.001342,74.125.200.0-255,1484,98599,64,356918
29201,0.001344,172.31.40.0-255,66,98665,64,356918
29202,0.001385,172.31.40.0-255,66,98731,64,356918
29203,0.001525,74.125.200.0-255,1484,100215,64,356918
29204,0.001532,74.125.200.0-255,2902,103117,64,356918
29205,0.001536,172.31.40.0-255,66,103183,64,356918
29206,0.001554,74.125.200.0-255,5738,108921,64,356918
29207,0.001557,172.31.40.0-255,66,108987,64,356918
29208,0.001562,74.125.200.0-255,4320,113307,64,356918
29209,0.001564,172.31.40.0-255,66,113373,64,356918
29210,0.001581,74.125.200.0-255,4320,117693,64,356918
29211,0.001584,172.31.40.0-255,66,117759,64,356918
29212,0.001603,74.125.200.0-255,1484,119243,64,356918
29213,0.001606,74.125.200.0-255,1484,120727,64,356918
29214,0.001608,172.31.40.0-255,66,120793,64,356918
29215,0.001646,172.31.40.0-255,66,120859,64,356918
29216,0.00165,74.125.200.0-255,2184,123043,64,356918
29217,0.001653,172.31.40.0-255,66,123109,64,356918
29218,0.001864,74.125.200.0-255,1484,124593,64,356918
29219,0.001881,74.125.200.0-255,1484,126077,64,356918
29220,0.001883,172.31.40.0-255,66,126143,64,356918
29221,0.001888,74.125.200.0-255,2902,129045,64,356918
29222,0.00189,172.31.40.0-255,66,129111,64,356918
29223,0.001893,74.125.200.0-255,1484,130595,64,356918
29224,0.001917,74.125.200.0-255,4320,134915,64,356918
29225,0.001919,172.31.40.0-255,66,134981,64,356918
29226,0.001946,172.31.40.0-255,66,135047,64,356918
29227,0.001971,74.125.200.0-255,1484,136531,64,356918
29228,0.001982,74.125.200.0-255,2902,139433,64,356918
29229,0.001984,172.31.40.0-255,66,139499,64,356918
29230,0.002002,74.125.200.0-255,6438,145937,64,356918
29231,0.002005,172.31.40.0-255,66,146003,64,356918
29232,0.004024,74.125.200.0-255,5738,151741,64,356918
29233,0.004031,172.31.40.0-255,66,151807,64,356918
29234,0.006063,74.125.200.0-255,5738,157545,64,356918
29235,0.00607,172.31.40.0-255,66,157611,64,356918
29236,0.008111,74.125.200.0-255,5738,163349,64,356918
29237,0.008119,172.31.40.0-255,66,163415,64,356918
29238,0.010166,74.125.200.0-255,5738,169153,64,356918
29239,0.010176,172.31.40.0-255,66,169219,64,356918
29240,0.01222,74.125.200.0-255,5738,174957,64,356918
29241,0.012227,172.31.40.0-255,66,175023,64,356918
29242,0.014267,74.125.200.0-255,5738,180761,64,356918
29243,0.014274,172.31.40.0-255,66,180827,64,356918
29244,0.016305,74.125.200.0-255,5738,186565,64,356918
29245,0.016313,172.31.40.0-255,66,186631,64,356918
29246,0.018349,74.125.200.0-255,5738,192369,64,356918
29247,0.018355,172.31.40.0-255,66,192435,64,356918
29248,0.020442,74.125.200.0-255,5738,198173,64,356918
29249,0.020452,172.31.40.0-255,66,198239,64,356918
29250,0.022507,74.125.200.0-255,5738,203977,64,356918
29251,0.022525,172.31.40.0-255,66,204043,64,356918
29252,0.024589,74.125.200.0-255,5738,209781,64,356918
29253,0.024603,172.31.40.0-255,66,209847,64,356918
29254,0.026665,74.125.200.0-255,5738,215585,64,356918
29255,0.02668,172.31.40.0-255,66,215651,64,356918
29256,0.02874,74.125.200.0-255,5738,221389,64,356918
29257,0.028754,172.31.40.0-255,66,221455,64,356918
29258,0.030807,74.125.200.0-255,5738,227193,64,356918
29259,0.030815,172.31.40.0-255,66,227259,64,356918
29260,0.032861,74.125.200.0-255,5738,232997,64,356918
29261,0.032868,172.31.40.0-255,66,233063,64,356918
29262,0.034927,74.125.200.0-255,5738,238801,64,356918
29263,0.034944,172.31.40.0-255,66,238867,64,356918
29264,0.036981,74.125.200.0-255,5738,244605,64,356918
29265,0.036989,172.31.40.0-255,66,244671,64,356918
29266,0.039033,74.125.200.0-255,5738,250409,64,356918
29267,0.039054,172.31.40.0-255,66,250475,64,356918
29268,0.041097,74.125.200.0-255,5738,256213,64,356918
29269,0.04112,172.31.40.0-255,66,256279,64,356918
29270,0.043164,74.125.200.0-255,5738,262017,64,356918
29271,0.043172,172.31.40.0-255,66,262083,64,356918
29272,0.04522,74.125.200.0-255,5738,267821,64,356918
29273,0.045238,172.31.40.0-255,66,267887,64,356918
29274,0.047275,74.125.200.0-255,5738,273625,64,356918
29275,0.047283,172.31.40.0-255,66,273691,64,356918
29276,0.049315,74.125.200.0-255,5738,279429,64,356918
29277,0.049326,172.31.40.0-255,66,279495,64,356918
29278,0.051378,74.125.200.0-255,5738,285233,64,356918
29279,0.05139,172.31.40.0-255,66,285299,64,356918
29280,0.053449,74.125.200.0-255,5738,291037,64,356918
29281,0.053457,172.31.40.0-255,66,291103,64,356918
29282,0.055488,74.125.200.0-255,5738,296841,64,356918
29283,0.055493,172.31.40.0-255,66,296907,64,356918
29284,0.055721,172.31.40.0-255,172,297079,64,356918
29285,0.055752,172.31.40.0-255,1112,298191,64,356918
29286,0.055861,172.31.40.0-255,570,298761,64,356918
29287,0.057284,104.244.42.0-255,66,298827,64,356918
29288,0.057293,104.244.42.0-255,66,298893,64,356918
29289,0.057395,104.244.42.0-255,66,298959,64,356918
29290,0.057549,74.125.200.0-255,5738,304697,64,356918
29291,0.057556,172.31.40.0-255,66,304763,64,356918
29292,0.059593,74.125.200.0-255,5738,310501,64,356918
29293,0.059601,172.31.40.0-255,66,310567,64,356918
29294,0.061642,74.125.200.0-255,5738,316305,64,356918
29295,0.061649,172.31.40.0-255,66,316371,64,356918
29296,0.063692,74.125.200.0-255,5738,322109,64,356918
29297,0.063699,172.31.40.0-255,66,322175,64,356918
29298,0.065747,74.125.200.0-255,4320,326495,64,356918
29299,0.065754,172.31.40.0-255,66,326561,64,356918
29300,0.065773,74.125.200.0-255,1484,328045,64,356918
29301,0.067795,74.125.200.0-255,4320,332365,64,356918
29302,0.067804,172.31.40.0-255,66,332431,64,356918
29303,0.069853,74.125.200.0-255,5738,338169,64,356918
29304,0.06986,172.31.40.0-255,66,338235,64,356918
29305,0.071901,74.125.200.0-255,5738,343973,64,356918
29306,0.071907,172.31.40.0-255,66,344039,64,356918
29307,0.073948,74.125.200.0-255,5738,349777,64,356918
29308,0.073955,172.31.40.0-255,66,349843,64,356918
29309,0.076,74.125.200.0-255,5738,355581,64,356918
29310,0.076007,172.31.40.0-255,66,355647,64,356918
29311,0.078021,74.125.200.0-255,1034,356681,64,356918
29312,0.078138,172.31.40.0-255,66,356747,64,356918
29313,0.07818,172.31.40.0-255,105,356852,64,356918
29314,0.080154,74.125.200.0-255,66,356918,64,356918
29315,0.0,74.125.200.0-255,153,153,64,306532
29316,2.5e-05,172.31.40.0-255,66,219,64,306532
29317,3.3e-05,74.125.200.0-255,1484,1703,64,306532
29318,3.8e-05,172.31.40.0-255,66,1769,64,306532
29319,5.3e-05,74.125.200.0-255,2902,4671,64,306532
29320,5.7e-05,172.31.40.0-255,66,4737,64,306532
29321,6.5e-05,74.125.200.0-255,7156,11893,64,306532
29322,6.9e-05,172.31.40.0-255,66,11959,64,306532
29323,8e-05,172.31.40.0-255,66,12025,64,306532
29324,8.7e-05,74.125.200.0-255,7156,19181,64,306532
29325,9e-05,172.31.40.0-255,66,19247,64,306532
29326,0.000116,74.125.200.0-255,3961,23208,64,306532
29327,0.000119,172.31.40.0-255,66,23274,64,306532
29328,0.000559,74.125.200.0-255,1484,24758,64,306532
29329,0.000566,172.31.40.0-255,66,24824,64,306532
29330,0.000571,74.125.200.0-255,1484,26308,64,306532
29331,0.000574,172.31.40.0-255,66,26374,64,306532
29332,0.000585,74.125.200.0-255,2902,29276,64,306532
29333,0.000588,172.31.40.0-255,66,29342,64,306532
29334,0.000593,74.125.200.0-255,4320,33662,64,306532
29335,0.000596,172.31.40.0-255,66,33728,64,306532
29336,0.000626,74.125.200.0-255,1484,35212,64,306532
29337,0.000629,172.31.40.0-255,66,35278,64,306532
29338,0.000642,172.31.40.0-255,66,35344,64,306532
29339,0.000666,74.125.200.0-255,2902,38246,64,306532
29340,0.000668,172.31.40.0-255,66,38312,64,306532
29341,0.000706,172.31.40.0-255,66,38378,64,306532
29342,0.000721,74.125.200.0-255,766,39144,64,306532
29343,0.000724,172.31.40.0-255,66,39210,64,306532
29344,0.000942,74.125.200.0-255,364,39574,64,306532
29345,0.001011,74.125.200.0-255,126,39700,64,306532
29346,0.001125,172.31.40.0-255,66,39766,64,306532
29347,0.001673,74.125.200.0-255,1484,41250,64,306532
29348,0.001695,74.125.200.0-255,1484,42734,64,306532
29349,0.001701,172.31.40.0-255,66,42800,64,306532
29350,0.001721,74.125.200.0-255,1484,44284,64,306532
29351,0.001725,74.125.200.0-255,1484,45768,64,306532
29352,0.001727,172.31.40.0-255,66,45834,64,306532
29353,0.001732,74.125.200.0-255,2902,48736,64,306532
29354,0.001734,172.31.40.0-255,66,48802,64,306532
29355,0.00174,74.125.200.0-255,5738,54540,64,306532
29356,0.001742,172.31.40.0-255,66,54606,64,306532
29357,0.001754,172.31.40.0-255,66,54672,64,306532
29358,0.001767,74.125.200.0-255,2902,57574,64,306532
29359,0.001769,172.31.40.0-255,66,57640,64,306532
29360,0.001791,74.125.200.0-255,1484,59124,64,306532
29361,0.001816,74.125.200.0-255,5020,64144,64,306532
29362,0.001819,172.31.40.0-255,66,64210,64,306532
29363,0.004136,74.125.200.0-255,1484,65694,64,306532
29364,0.00418,74.125.200.0-255,4320,70014,64,306532
29365,0.004184,172.31.40.0-255,66,70080,64,306532
29366,0.006525,74.125.200.0-255,5738,75818,64,306532
29367,0.006536,172.31.40.0-255,66,75884,64,306532
29368,0.008878,74.125.200.0-255,5738,81622,64,306532
29369,0.008886,172.31.40.0-255,66,81688,64,306532
29370,0.011231,74.125.200.0-255,5738,87426,64,306532
29371,0.011242,172.31.40.0-255,66,87492,64,306532
29372,0.013589,74.125.200.0-255,5738,93230,64,306532
29373,0.013602,172.31.40.0-255,66,93296,64,306532
29374,0.015937,74.125.200.0-255,5738,99034,64,306532
29375,0.01595,172.31.40.0-255,66,99100,64,306532
29376,0.018311,74.125.200.0-255,5738,104838,64,306532
29377,0.018329,172.31.40.0-255,66,104904,64,306532
29378,0.020683,74.125.200.0-255,5738,110642,64,306532
29379,0.020701,172.31.40.0-255,66,110708,64,306532
29380,0.023052,74.125.200.0-255,5738,116446,64,306532
29381,0.023064,172.31.40.0-255,66,116512,64,306532
29382,0.025415,74.125.200.0-255,5738,122250,64,306532
29383,0.025433,172.31.40.0-255,66,122316,64,306532
29384,0.027789,74.125.200.0-255,5738,128054,64,306532
29385,0.027807,172.31.40.0-255,66,128120,64,306532
29386,0.028436,172.31.40.0-255,172,128292,64,306532
29387,0.028472,172.31.40.0-255,1112,129404,64,306532
29388,0.02855,172.31.40.0-255,1514,130918,64,306532
29389,0.028552,172.31.40.0-255,1296,132214,64,306532
29390,0.029977,104.244.42.0-255,66,132280,64,306532
29391,0.03006,104.244.42.0-255,66,132346,64,306532
29392,0.030105,104.244.42.0-255,66,132412,64,306532
29393,0.030149,74.125.200.0-255,5738,138150,64,306532
29394,0.030158,172.31.40.0-255,66,138216,64,306532
29395,0.032511,74.125.200.0-255,5738,143954,64,306532
29396,0.032525,172.31.40.0-255,66,144020,64,306532
29397,0.034866,74.125.200.0-255,5738,149758,64,306532
29398,0.034875,172.31.40.0-255,66,149824,64,306532
29399,0.037224,74.125.200.0-255,5738,155562,64,306532
29400,0.037232,172.31.40.0-255,66,155628,64,306532
29401,0.039571,74.125.200.0-255,5738,161366,64,306532
29402,0.03958,172.31.40.0-255,66,161432,64,306532
29403,0.041931,74.125.200.0-255,5738,167170,64,306532
29404,0.041939,172.31.40.0-255,66,167236,64,306532
29405,0.044272,74.125.200.0-255,5738,172974,64,306532
29406,0.044284,172.31.40.0-255,66,173040,64,306532
29407,0.046626,74.125.200.0-255,5738,178778,64,306532
29408,0.046632,172.31.40.0-255,66,178844,64,306532
29409,0.048993,74.125.200.0-255,5738,184582,64,306532
29410,0.049004,172.31.40.0-255,66,184648,64,306532
29411,0.051344,74.125.200.0-255,5738,190386,64,306532
29412,0.051351,172.31.40.0-255,66,190452,64,306532
29413,0.053725,74.125.200.0-255,5738,196190,64,306532
29414,0.053732,172.31.40.0-255,66,196256,64,306532
29415,0.056079,74.125.200.0-255,5738,201994,64,306532
29416,0.056088,172.31.40.0-255,66,202060,64,306532
29417,0.058432,74.125.200.0-255,5738,207798,64,306532
29418,0.058439,172.31.40.0-255,66,207864,64,306532
29419,0.060785,74.125.200.0-255,5738,213602,64,306532
29420,0.060793,172.31.40.0-255,66,213668,64,306532
29421,0.063186,74.125.200.0-255,5738,219406,64,306532
29422,0.063195,172.31.40.0-255,66,219472,64,306532
29423,0.065571,74.125.200.0-255,5738,225210,64,306532
29424,0.065594,172.31.40.0-255,66,225276,64,306532
29425,0.067936,74.125.200.0-255,5738,231014,64,306532
29426,0.067954,172.31.40.0-255,66,231080,64,306532
29427,0.070317,74.125.200.0-255,5738,236818,64,306532
29428,0.070335,172.31.40.0-255,66,236884,64,306532
29429,0.072685,74.125.200.0-255,5738,242622,64,306532
29430,0.072697,172.31.40.0-255,66,242688,64,306532
29431,0.075049,74.125.200.0-255,5738,248426,64,306532
29432,0.075068,172.31.40.0-255,66,248492,64,306532
29433,0.077431,74.125.200.0-255,5738,254230,64,306532
29434,0.07745,172.31.40.0-255,66,254296,64,306532
29435,0.079841,74.125.200.0-255,5738,260034,64,306532
29436,0.07986,172.31.40.0-255,66,260100,64,306532
29437,0.082227,74.125.200.0-255,5738,265838,64,306532
29438,0.082246,172.31.40.0-255,66,265904,64,306532
29439,0.084612,74.125.200.0-255,5738,271642,64,306532
29440,0.084633,172.31.40.0-255,66,271708,64,306532
29441,0.087014,74.125.200.0-255,5738,277446,64,306532
29442,0.087034,172.31.40.0-255,66,277512,64,306532
29443,0.089389,74.125.200.0-255,5738,283250,64,306532
29444,0.089408,172.31.40.0-255,66,283316,64,306532
29445,0.091761,74.125.200.0-255,5738,289054,64,306532
29446,0.091781,172.31.40.0-255,66,289120,64,306532
29447,0.094132,74.125.200.0-255,5738,294858,64,306532
29448,0.094151,172.31.40.0-255,66,294924,64,306532
29449,0.096525,74.125.200.0-255,5738,300662,64,306532
29450,0.096544,172.31.40.0-255,66,300728,64,306532
29451,0.098904,74.125.200.0-255,5738,306466,64,306532
29452,0.098923,172.31.40.0-255,66,306532,64,306532
29453,0.0,172.217.194.0-255,153,153,64,262992
29454,2.5e-05,172.31.40.0-255,66,219,64,262992
29455,3.2e-05,172.217.194.0-255,1484,1703,64,262992
29456,3.7e-05,172.31.40.0-255,66,1769,64,262992
29457,5.2e-05,172.217.194.0-255,2902,4671,64,262992
29458,5.6e-05,172.31.40.0-255,66,4737,64,262992
29459,6.4e-05,172.217.194.0-255,5738,10475,64,262992
29460,6.6e-05,172.31.40.0-255,66,10541,64,262992
29461,8.2e-05,172.31.40.0-255,66,10607,64,262992
29462,8.7e-05,172.217.194.0-255,2902,13509,64,262992
29463,8.9e-05,172.31.40.0-255,66,13575,64,262992
29464,0.000109,172.217.194.0-255,3961,17536,64,262992
29465,0.000112,172.31.40.0-255,66,17602,64,262992
29466,0.00016,172.217.194.0-255,1484,19086,64,262992
29467,0.000163,172.31.40.0-255,66,19152,64,262992
29468,0.000166,172.217.194.0-255,1484,20636,64,262992
29469,0.000169,172.31.40.0-255,66,20702,64,262992
29470,0.000208,172.217.194.0-255,1484,22186,64,262992
29471,0.00021,172.31.40.0-255,66,22252,64,262992
29472,0.000218,172.217.194.0-255,5738,27990,64,262992
29473,0.00022,172.31.40.0-255,66,28056,64,262992
29474,0.000239,172.31.40.0-255,66,28122,64,262992
29475,0.00025,172.31.40.0-255,66,28188,64,262992
29476,0.000279,172.217.194.0-255,2797,30985,64,262992
29477,0.000281,172.31.40.0-255,66,31051,64,262992
29478,0.00042,172.217.194.0-255,1484,32535,64,262992
29479,0.000424,172.31.40.0-255,66,32601,64,262992
29480,0.000429,172.217.194.0-255,2902,35503,64,262992
29481,0.000432,172.31.40.0-255,66,35569,64,262992
29482,0.000455,172.217.194.0-255,5738,41307,64,262992
29483,0.000462,172.31.40.0-255,66,41373,64,262992
29484,0.000468,172.217.194.0-255,4320,45693,64,262992
29485,0.000471,172.31.40.0-255,66,45759,64,262992
29486,0.000511,172.31.40.0-255,66,45825,64,262992
29487,0.000524,172.31.40.0-255,66,45891,64,262992
29488,0.000691,172.217.194.0-255,1484,47375,64,262992
29489,0.000699,172.217.194.0-255,2902,50277,64,262992
29490,0.000702,172.31.40.0-255,66,50343,64,262992
29491,0.000709,172.217.194.0-255,5738,56081,64,262992
29492,0.000712,172.31.40.0-255,66,56147,64,262992
29493,0.000719,172.217.194.0-255,1484,57631,64,262992
29494,0.000756,172.31.40.0-255,66,57697,64,262992
29495,0.000772,172.31.40.0-255,66,57763,64,262992
29496,0.000775,172.217.194.0-255,766,58529,64,262992
29497,0.001322,172.217.194.0-255,1484,60013,64,262992
29498,0.001331,172.31.40.0-255,66,60079,64,262992
29499,0.001352,172.217.194.0-255,2902,62981,64,262992
29500,0.001354,172.31.40.0-255,66,63047,64,262992
29501,0.001361,172.217.194.0-255,5738,68785,64,262992
29502,0.001363,172.31.40.0-255,66,68851,64,262992
29503,0.001368,172.217.194.0-255,2902,71753,64,262992
29504,0.00137,172.31.40.0-255,66,71819,64,262992
29505,0.001383,172.217.194.0-255,2902,74721,64,262992
29506,0.001385,172.31.40.0-255,66,74787,64,262992
29507,0.001419,172.217.194.0-255,7156,81943,64,262992
29508,0.001422,172.31.40.0-255,66,82009,64,262992
29509,0.001433,172.217.194.0-255,5738,87747,64,262992
29510,0.001435,172.31.40.0-255,66,87813,64,262992
29511,0.001441,172.217.194.0-255,5020,92833,64,262992
29512,0.001443,172.31.40.0-255,66,92899,64,262992
29513,0.001521,172.217.194.0-255,1484,94383,64,262992
29514,0.001541,172.217.194.0-255,2902,97285,64,262992
29515,0.001545,172.31.40.0-255,66,97351,64,262992
29516,0.001552,172.217.194.0-255,5738,103089,64,262992
29517,0.001554,172.31.40.0-255,66,103155,64,262992
29518,0.001596,172.31.40.0-255,66,103221,64,262992
29519,0.001611,172.31.40.0-255,66,103287,64,262992
29520,0.001614,172.217.194.0-255,766,104053,64,262992
29521,0.001815,172.217.194.0-255,1484,105537,64,262992
29522,0.00182,172.217.194.0-255,2902,108439,64,262992
29523,0.001825,172.31.40.0-255,66,108505,64,262992
29524,0.001828,172.31.40.0-255,66,108571,64,262992
29525,0.00185,172.217.194.0-255,5738,114309,64,262992
29526,0.001853,172.31.40.0-255,66,114375,64,262992
29527,0.001858,172.217.194.0-255,4320,118695,64,262992
29528,0.00186,172.31.40.0-255,66,118761,64,262992
29529,0.001905,172.31.40.0-255,66,118827,64,262992
29530,0.001924,172.31.40.0-255,66,118893,64,262992
29531,0.002204,172.217.194.0-255,1484,120377,64,262992
29532,0.002211,172.217.194.0-255,2902,123279,64,262992
29533,0.002215,172.31.40.0-255,66,123345,64,262992
29534,0.002248,172.217.194.0-255,5738,129083,64,262992
29535,0.002251,172.31.40.0-255,66,129149,64,262992
29536,0.002276,172.31.40.0-255,66,129215,64,262992
29537,0.002348,172.31.40.0-255,66,129281,64,262992
29538,0.002365,172.31.40.0-255,66,129347,64,262992
29539,0.00466,172.217.194.0-255,5738,135085,64,262992
29540,0.00467,172.31.40.0-255,66,135151,64,262992
29541,0.006972,172.217.194.0-255,5738,140889,64,262992
29542,0.006982,172.31.40.0-255,66,140955,64,262992
29543,0.009299,172.217.194.0-255,5738,146693,64,262992
29544,0.009318,172.31.40.0-255,66,146759,64,262992
29545,0.011612,172.217.194.0-255,5738,152497,64,262992
29546,0.011629,172.31.40.0-255,66,152563,64,262992
29547,0.013919,172.217.194.0-255,5738,158301,64,262992
29548,0.013926,172.31.40.0-255,66,158367,64,262992
29549,0.016242,172.217.194.0-255,5738,164105,64,262992
29550,0.016249,172.31.40.0-255,66,164171,64,262992
29551,0.018553,172.217.194.0-255,5738,169909,64,262992
29552,0.018571,172.31.40.0-255,66,169975,64,262992
29553,0.020872,172.217.194.0-255,5738,175713,64,262992
29554,0.02088,172.31.40.0-255,66,175779,64,262992
29555,0.023176,172.217.194.0-255,5738,181517,64,262992
29556,0.02319,172.31.40.0-255,66,181583,64,262992
29557,0.025507,172.217.194.0-255,5738,187321,64,262992
29558,0.025523,172.31.40.0-255,66,187387,64,262992
29559,0.027808,172.217.194.0-255,5738,193125,64,262992
29560,0.02782,172.31.40.0-255,66,193191,64,262992
29561,0.030097,172.217.194.0-255,5738,198929,64,262992
29562,0.030107,172.31.40.0-255,66,198995,64,262992
29563,0.032402,172.217.194.0-255,5738,204733,64,262992
29564,0.03242,172.31.40.0-255,66,204799,64,262992
29565,0.034725,172.217.194.0-255,5738,210537,64,262992
29566,0.034732,172.31.40.0-255,66,210603,64,262992
29567,0.037019,172.217.194.0-255,5738,216341,64,262992
29568,0.037027,172.31.40.0-255,66,216407,64,262992
29569,0.039328,172.217.194.0-255,5738,222145,64,262992
29570,0.039338,172.31.40.0-255,66,222211,64,262992
29571,0.041662,172.217.194.0-255,5738,227949,64,262992
29572,0.041679,172.31.40.0-255,66,228015,64,262992
29573,0.043983,172.217.194.0-255,5738,233753,64,262992
29574,0.043993,172.31.40.0-255,66,233819,64,262992
29575,0.046301,172.217.194.0-255,5738,239557,64,262992
29576,0.046312,172.31.40.0-255,66,239623,64,262992
29577,0.048608,172.217.194.0-255,5738,245361,64,262992
29578,0.048615,172.31.40.0-255,66,245427,64,262992
29579,0.050947,172.217.194.0-255,5738,251165,64,262992
29580,0.050957,172.31.40.0-255,66,251231,64,262992
29581,0.05324,172.217.194.0-255,4337,255568,64,262992
29582,0.053248,172.31.40.0-255,66,255634,64,262992
29583,0.053433,172.31.40.0-255,105,255739,64,262992
29584,0.055695,172.217.194.0-255,66,255805,64,262992
29585,0.062097,172.31.40.0-255,192,255997,64,262992
29586,0.062132,172.31.40.0-255,1113,257110,64,262992
29587,0.062198,172.31.40.0-255,1514,258624,64,262992
29588,0.0622,172.31.40.0-255,1514,260138,64,262992
29589,0.062205,172.31.40.0-255,1514,261652,64,262992
29590,0.062206,172.31.40.0-255,1076,262728,64,262992
29591,0.063643,104.244.42.0-255,66,262794,64,262992
29592,0.063746,104.244.42.0-255,66,262860,64,262992
29593,0.063854,104.244.42.0-255,66,262926,64,262992
29594,0.063861,104.244.42.0-255,66,262992,64,262992
29595,0.0,74.125.24.0-255,153,153,64,157571
29596,1.6e-05,172.31.40.0-255,66,219,64,157571
29597,2.2e-05,74.125.24.0-255,1484,1703,64,157571
29598,2.6e-05,172.31.40.0-255,66,1769,64,157571
29599,3.1e-05,74.125.24.0-255,2902,4671,64,157571
29600,3.3e-05,172.31.40.0-255,66,4737,64,157571
29601,4e-05,74.125.24.0-255,7156,11893,64,157571
29602,4.2e-05,172.31.40.0-255,66,11959,64,157571
29603,4.6e-05,74.125.24.0-255,2061,14020,64,157571
29604,4.9e-05,172.31.40.0-255,66,14086,64,157571
29605,0.000126,74.125.24.0-255,1484,15570,64,157571
29606,0.000129,172.31.40.0-255,66,15636,64,157571
29607,0.000134,74.125.24.0-255,2902,18538,64,157571
29608,0.000136,172.31.40.0-255,66,18604,64,157571
29609,0.00015,74.125.24.0-255,5738,24342,64,157571
29610,0.000153,172.31.40.0-255,66,24408,64,157571
29611,0.000155,74.125.24.0-255,1484,25892,64,157571
29612,0.000157,172.31.40.0-255,66,25958,64,157571
29613,0.000179,74.125.24.0-255,1484,27442,64,157571
29614,0.000181,172.31.40.0-255,66,27508,64,157571
29615,0.000209,172.31.40.0-255,66,27574,64,157571
29616,0.000221,172.31.40.0-255,66,27640,64,157571
29617,0.000236,74.125.24.0-255,4320,31960,64,157571
29618,0.000239,172.31.40.0-255,66,32026,64,157571
29619,0.000276,172.31.40.0-255,66,32092,64,157571
29620,0.000278,74.125.24.0-255,136,32228,64,157571
29621,0.00028,172.31.40.0-255,66,32294,64,157571
29622,0.00039,74.125.24.0-255,1484,33778,64,157571
29623,0.000393,172.31.40.0-255,66,33844,64,157571
29624,0.000398,74.125.24.0-255,2902,36746,64,157571
29625,0.000409,74.125.24.0-255,1484,38230,64,157571
29626,0.000426,74.125.24.0-255,4320,42550,64,157571
29627,0.00044,172.31.40.0-255,66,42616,64,157571
29628,0.000511,74.125.24.0-255,1484,44100,64,157571
29629,0.000517,172.31.40.0-255,66,44166,64,157571
29630,0.000535,74.125.24.0-255,2902,47068,64,157571
29631,0.000541,74.125.24.0-255,5738,52806,64,157571
29632,0.000547,172.31.40.0-255,66,52872,64,157571
29633,0.000562,74.125.24.0-255,7156,60028,64,157571
29634,0.000579,74.125.24.0-255,1484,61512,64,157571
29635,0.000585,172.31.40.0-255,66,61578,64,157571
29636,0.000602,74.125.24.0-255,1879,63457,64,157571
29637,0.000607,172.31.40.0-255,66,63523,64,157571
29638,0.000659,74.125.24.0-255,1484,65007,64,157571
29639,0.000664,74.125.24.0-255,2902,67909,64,157571
29640,0.000681,74.125.24.0-255,5738,73647,64,157571
29641,0.000688,172.31.40.0-255,66,73713,64,157571
29642,0.000708,74.125.24.0-255,2902,76615,64,157571
29643,0.000715,172.31.40.0-255,66,76681,64,157571
29644,0.000734,74.125.24.0-255,7156,83837,64,157571
29645,0.000751,172.31.40.0-255,66,83903,64,157571
29646,0.000765,74.125.24.0-255,2184,86087,64,157571
29647,0.000783,172.31.40.0-255,66,86153,64,157571
29648,0.000815,74.125.24.0-255,1484,87637,64,157571
29649,0.000818,74.125.24.0-255,1484,89121,64,157571
29650,0.000822,172.31.40.0-255,66,89187,64,157571
29651,0.00083,74.125.24.0-255,1484,90671,64,157571
29652,0.000834,74.125.24.0-255,2902,93573,64,157571
29653,0.000838,172.31.40.0-255,66,93639,64,157571
29654,0.00085,74.125.24.0-255,2902,96541,64,157571
29655,0.000855,74.125.24.0-255,5738,102279,64,157571
29656,0.000868,172.31.40.0-255,66,102345,64,157571
29657,0.000898,74.125.24.0-255,1125,103470,64,157571
29658,0.000992,74.125.24.0-255,1484,104954,64,157571
29659,0.001006,172.31.40.0-255,66,105020,64,157571
29660,0.001013,74.125.24.0-255,1484,106504,64,157571
29661,0.001023,74.125.24.0-255,1484,107988,64,157571
29662,0.001028,74.125.24.0-255,4320,112308,64,157571
29663,0.00106,172.31.40.0-255,66,112374,64,157571
29664,0.001087,172.31.40.0-255,66,112440,64,157571
29665,0.001126,74.125.24.0-255,6438,118878,64,157571
29666,0.00114,172.31.40.0-255,66,118944,64,157571
29667,0.00116,74.125.24.0-255,2902,121846,64,157571
29668,0.00117,172.31.40.0-255,66,121912,64,157571
29669,0.00118,74.125.24.0-255,4320,126232,64,157571
29670,0.001196,74.125.24.0-255,2902,129134,64,157571
29671,0.001209,172.31.40.0-255,66,129200,64,157571
29672,0.001215,74.125.24.0-255,5738,134938,64,157571
29673,0.001219,172.31.40.0-255,66,135004,64,157571
29674,0.001227,74.125.24.0-255,4320,139324,64,157571
29675,0.001257,74.125.24.0-255,766,140090,64,157571
29676,0.001279,74.125.24.0-255,5738,145828,64,157571
29677,0.001282,172.31.40.0-255,66,145894,64,157571
29678,0.001288,172.31.40.0-255,66,145960,64,157571
29679,0.001345,172.31.40.0-255,66,146026,64,157571
29680,0.001389,74.125.24.0-255,1484,147510,64,157571
29681,0.001397,172.31.40.0-255,66,147576,64,157571
29682,0.001466,172.31.40.0-255,66,147642,64,157571
29683,0.001492,172.31.40.0-255,66,147708,64,157571
29684,0.001524,74.125.24.0-255,1484,149192,64,157571
29685,0.001526,172.31.40.0-255,66,149258,64,157571
29686,0.001569,172.31.40.0-255,66,149324,64,157571
29687,0.001582,172.31.40.0-255,66,149390,64,157571
29688,0.001591,74.125.24.0-255,3479,152869,64,157571
29689,0.001608,172.31.40.0-255,66,152935,64,157571
29690,0.001629,74.125.24.0-255,105,153040,64,157571
29691,0.004148,172.31.40.0-255,66,153106,64,157571
29692,0.004185,172.31.40.0-255,105,153211,64,157571
29693,0.006455,74.125.24.0-255,66,153277,64,157571
29694,0.046469,172.31.40.0-255,172,153449,64,157571
29695,0.046501,172.31.40.0-255,1112,154561,64,157571
29696,0.046564,172.31.40.0-255,1514,156075,64,157571
29697,0.046566,172.31.40.0-255,1298,157373,64,157571
29698,0.048021,104.244.42.0-255,66,157439,64,157571
29699,0.048049,104.244.42.0-255,66,157505,64,157571
29700,0.048107,104.244.42.0-255,66,157571,64,157571
29701,0.0,172.217.194.0-255,152,152,64,210941
29702,2.3e-05,172.31.40.0-255,66,218,64,210941
29703,3e-05,172.217.194.0-255,1484,1702,64,210941
29704,3.5e-05,172.31.40.0-255,66,1768,64,210941
29705,4.1e-05,172.217.194.0-255,2902,4670,64,210941
29706,4.4e-05,172.31.40.0-255,66,4736,64,210941
29707,5.2e-05,172.217.194.0-255,7156,11892,64,210941
29708,5.5e-05,172.31.40.0-255,66,11958,64,210941
29709,5.9e-05,172.217.194.0-255,1976,13934,64,210941
29710,6.2e-05,172.31.40.0-255,66,14000,64,210941
29711,7.5e-05,172.31.40.0-255,66,14066,64,210941
29712,0.000107,172.217.194.0-255,5379,19445,64,210941
29713,0.000111,172.31.40.0-255,66,19511,64,210941
29714,0.000161,172.217.194.0-255,1484,20995,64,210941
29715,0.000164,172.31.40.0-255,66,21061,64,210941
29716,0.000169,172.217.194.0-255,2902,23963,64,210941
29717,0.000171,172.31.40.0-255,66,24029,64,210941
29718,0.000194,172.217.194.0-255,5738,29767,64,210941
29719,0.000196,172.31.40.0-255,66,29833,64,210941
29720,0.000201,172.217.194.0-255,2902,32735,64,210941
29721,0.000203,172.31.40.0-255,66,32801,64,210941
29722,0.000225,172.217.194.0-255,3961,36762,64,210941
29723,0.000227,172.31.40.0-255,66,36828,64,210941
29724,0.000242,172.217.194.0-255,4320,41148,64,210941
29725,0.000245,172.31.40.0-255,66,41214,64,210941
29726,0.000259,172.217.194.0-255,7156,48370,64,210941
29727,0.000262,172.31.40.0-255,66,48436,64,210941
29728,0.000283,172.217.194.0-255,2902,51338,64,210941
29729,0.000285,172.31.40.0-255,66,51404,64,210941
29730,0.000304,172.217.194.0-255,2836,54240,64,210941
29731,0.000306,172.31.40.0-255,66,54306,64,210941
29732,0.000309,172.217.194.0-255,365,54671,64,210941
29733,0.000357,172.217.194.0-255,1484,56155,64,210941
29734,0.00036,172.31.40.0-255,66,56221,64,210941
29735,0.000366,172.217.194.0-255,4320,60541,64,210941
29736,0.000368,172.31.40.0-255,66,60607,64,210941
29737,0.000397,172.31.40.0-255,66,60673,64,210941
29738,0.000413,172.217.194.0-255,1484,62157,64,210941
29739,0.000416,172.217.194.0-255,573,62730,64,210941
29740,0.000418,172.31.40.0-255,66,62796,64,210941
29741,0.000421,172.217.194.0-255,1484,64280,64,210941
29742,0.000424,172.217.194.0-255,1484,65764,64,210941
29743,0.000425,172.31.40.0-255,66,65830,64,210941
29744,0.000442,172.217.194.0-255,2902,68732,64,210941
29745,0.000444,172.31.40.0-255,66,68798,64,210941
29746,0.00045,172.217.194.0-255,4320,73118,64,210941
29747,0.000452,172.31.40.0-255,66,73184,64,210941
29748,0.00048,172.217.194.0-255,4320,77504,64,210941
29749,0.000482,172.31.40.0-255,66,77570,64,210941
29750,0.000486,172.217.194.0-255,2543,80113,64,210941
29751,0.000489,172.31.40.0-255,66,80179,64,210941
29752,0.000522,172.217.194.0-255,1484,81663,64,210941
29753,0.000527,172.217.194.0-255,2902,84565,64,210941
29754,0.00053,172.31.40.0-255,66,84631,64,210941
29755,0.000533,172.217.194.0-255,1484,86115,64,210941
29756,0.000556,172.217.194.0-255,4320,90435,64,210941
29757,0.000558,172.31.40.0-255,66,90501,64,210941
29758,0.00057,172.31.40.0-255,66,90567,64,210941
29759,0.000597,172.217.194.0-255,4320,94887,64,210941
29760,0.0006,172.31.40.0-255,66,94953,64,210941
29761,0.000612,172.31.40.0-255,66,95019,64,210941
29762,0.000614,172.217.194.0-255,766,95785,64,210941
29763,0.000675,172.217.194.0-255,1484,97269,64,210941
29764,0.000678,172.31.40.0-255,66,97335,64,210941
29765,0.00072,172.217.194.0-255,2902,100237,64,210941
29766,0.000722,172.31.40.0-255,66,100303,64,210941
29767,0.000744,172.217.194.0-255,2902,103205,64,210941
29768,0.000746,172.31.40.0-255,66,103271,64,210941
29769,0.000779,172.217.194.0-255,2902,106173,64,210941
29770,0.000782,172.31.40.0-255,66,106239,64,210941
29771,0.000786,172.217.194.0-255,2902,109141,64,210941
29772,0.000789,172.31.40.0-255,66,109207,64,210941
29773,0.000811,172.31.40.0-255,66,109273,64,210941
29774,0.000819,172.217.194.0-255,1484,110757,64,210941
29775,0.000859,172.217.194.0-255,4320,115077,64,210941
29776,0.000863,172.31.40.0-255,66,115143,64,210941
29777,0.000885,172.217.194.0-255,6438,121581,64,210941
29778,0.000888,172.31.40.0-255,66,121647,64,210941
29779,0.000893,172.217.194.0-255,4320,125967,64,210941
29780,0.000895,172.31.40.0-255,66,126033,64,210941
29781,0.000945,172.31.40.0-255,66,126099,64,210941
29782,0.000962,172.217.194.0-255,4320,130419,64,210941
29783,0.000965,172.31.40.0-255,66,130485,64,210941
29784,0.000976,172.31.40.0-255,66,130551,64,210941
29785,0.001017,172.31.40.0-255,66,130617,64,210941
29786,0.001029,172.31.40.0-255,66,130683,64,210941
29787,0.001042,172.31.40.0-255,66,130749,64,210941
29788,0.001055,172.31.40.0-255,66,130815,64,210941
29789,0.001077,172.217.194.0-255,766,131581,64,210941
29790,0.001133,172.217.194.0-255,1484,133065,64,210941
29791,0.001136,172.31.40.0-255,66,133131,64,210941
29792,0.001141,172.217.194.0-255,2902,136033,64,210941
29793,0.001143,172.31.40.0-255,66,136099,64,210941
29794,0.001148,172.217.194.0-255,2902,139001,64,210941
29795,0.00115,172.31.40.0-255,66,139067,64,210941
29796,0.001171,172.217.194.0-255,2902,141969,64,210941
29797,0.001173,172.31.40.0-255,66,142035,64,210941
29798,0.00118,172.217.194.0-255,5738,147773,64,210941
29799,0.001182,172.31.40.0-255,66,147839,64,210941
29800,0.001212,172.217.194.0-255,7156,154995,64,210941
29801,0.001215,172.31.40.0-255,66,155061,64,210941
29802,0.001225,172.31.40.0-255,66,155127,64,210941
29803,0.001263,172.217.194.0-255,2184,157311,64,210941
29804,0.001266,172.31.40.0-255,66,157377,64,210941
29805,0.001498,172.217.194.0-255,1484,158861,64,210941
29806,0.001504,172.217.194.0-255,2902,161763,64,210941
29807,0.001507,172.31.40.0-255,66,161829,64,210941
29808,0.001534,172.217.194.0-255,5738,167567,64,210941
29809,0.001537,172.31.40.0-255,66,167633,64,210941
29810,0.001578,172.31.40.0-255,66,167699,64,210941
29811,0.00159,172.31.40.0-255,66,167765,64,210941
29812,0.001652,172.217.194.0-255,1484,169249,64,210941
29813,0.00167,172.217.194.0-255,2902,172151,64,210941
29814,0.001673,172.31.40.0-255,66,172217,64,210941
29815,0.00168,172.217.194.0-255,5738,177955,64,210941
29816,0.001683,172.31.40.0-255,66,178021,64,210941
29817,0.001695,172.31.40.0-255,66,178087,64,210941
29818,0.001717,172.217.194.0-255,1484,179571,64,210941
29819,0.001731,172.217.194.0-255,2902,182473,64,210941
29820,0.001734,172.31.40.0-255,66,182539,64,210941
29821,0.001765,172.31.40.0-255,66,182605,64,210941
29822,0.001768,172.217.194.0-255,1484,184089,64,210941
29823,0.00179,172.217.194.0-255,2902,186991,64,210941
29824,0.001793,172.31.40.0-255,66,187057,64,210941
29825,0.001812,172.217.194.0-255,2902,189959,64,210941
29826,0.001815,172.31.40.0-255,66,190025,64,210941
29827,0.001826,172.31.40.0-255,66,190091,64,210941
29828,0.001843,172.31.40.0-255,66,190157,64,210941
29829,0.001846,172.217.194.0-255,766,190923,64,210941
29830,0.001879,172.217.194.0-255,7156,198079,64,210941
29831,0.001884,172.31.40.0-255,66,198145,64,210941
29832,0.001917,172.31.40.0-255,66,198211,64,210941
29833,0.001923,172.217.194.0-255,4067,202278,64,210941
29834,0.001925,172.31.40.0-255,66,202344,64,210941
29835,0.001948,172.217.194.0-255,105,202449,64,210941
29836,0.014663,172.31.40.0-255,66,202515,64,210941
29837,0.014718,172.31.40.0-255,105,202620,64,210941
29838,0.017002,172.217.194.0-255,66,202686,64,210941
29839,0.048126,172.31.40.0-255,172,202858,64,210941
29840,0.048172,172.31.40.0-255,1111,203969,64,210941
29841,0.048241,172.31.40.0-255,1514,205483,64,210941
29842,0.048243,172.31.40.0-255,1514,206997,64,210941
29843,0.048245,172.31.40.0-255,1514,208511,64,210941
29844,0.048247,172.31.40.0-255,1514,210025,64,210941
29845,0.048276,172.31.40.0-255,478,210503,64,210941
29846,0.049683,104.244.42.0-255,66,210569,64,210941
29847,0.049739,104.244.42.0-255,66,210635,64,210941
29848,0.049812,104.244.42.0-255,66,210701,64,210941
29849,0.049817,104.244.42.0-255,66,210767,64,210941
29850,0.050532,104.244.42.0-255,108,210875,64,210941
29851,0.050548,172.31.40.0-255,66,210941,64,210941
29852,0.0,74.125.68.0-255,153,153,64,375588
29853,2.9e-05,172.31.40.0-255,66,219,64,375588
29854,3.5e-05,74.125.68.0-255,1484,1703,64,375588
29855,4e-05,172.31.40.0-255,66,1769,64,375588
29856,4.5e-05,74.125.68.0-255,2902,4671,64,375588
29857,4.7e-05,172.31.40.0-255,66,4737,64,375588
29858,6.1e-05,74.125.68.0-255,1484,6221,64,375588
29859,6.3e-05,172.31.40.0-255,66,6287,64,375588
29860,7.7e-05,74.125.68.0-255,4320,10607,64,375588
29861,8e-05,172.31.40.0-255,66,10673,64,375588
29862,8.3e-05,74.125.68.0-255,1484,12157,64,375588
29863,8.4e-05,172.31.40.0-255,66,12223,64,375588
29864,0.000108,74.125.68.0-255,2000,14223,64,375588
29865,0.000111,172.31.40.0-255,66,14289,64,375588
29866,0.000115,74.125.68.0-255,4320,18609,64,375588
29867,0.000117,172.31.40.0-255,66,18675,64,375588
29868,0.00012,74.125.68.0-255,1484,20159,64,375588
29869,0.000122,172.31.40.0-255,66,20225,64,375588
29870,0.000155,172.31.40.0-255,66,20291,64,375588
29871,0.00017,74.125.68.0-255,2543,22834,64,375588
29872,0.000172,172.31.40.0-255,66,22900,64,375588
29873,0.000274,74.125.68.0-255,1484,24384,64,375588
29874,0.000278,172.31.40.0-255,66,24450,64,375588
29875,0.000283,74.125.68.0-255,2902,27352,64,375588
29876,0.000286,172.31.40.0-255,66,27418,64,375588
29877,0.000305,74.125.68.0-255,1484,28902,64,375588
29878,0.00031,172.31.40.0-255,66,28968,64,375588
29879,0.000317,74.125.68.0-255,4320,33288,64,375588
29880,0.00032,172.31.40.0-255,66,33354,64,375588
29881,0.000325,74.125.68.0-255,2902,36256,64,375588
29882,0.000328,172.31.40.0-255,66,36322,64,375588
29883,0.000352,74.125.68.0-255,3961,40283,64,375588
29884,0.000356,172.31.40.0-255,66,40349,64,375588
29885,0.000362,74.125.68.0-255,7156,47505,64,375588
29886,0.000365,172.31.40.0-255,66,47571,64,375588
29887,0.000407,172.31.40.0-255,66,47637,64,375588
29888,0.000426,74.125.68.0-255,1435,49072,64,375588
29889,0.000522,74.125.68.0-255,344,49416,64,375588
29890,0.000525,172.31.40.0-255,66,49482,64,375588
29891,0.00068,74.125.68.0-255,1484,50966,64,375588
29892,0.0007,74.125.68.0-255,2902,53868,64,375588
29893,0.000703,172.31.40.0-255,66,53934,64,375588
29894,0.000708,74.125.68.0-255,2902,56836,64,375588
29895,0.00071,172.31.40.0-255,66,56902,64,375588
29896,0.000724,74.125.68.0-255,2902,59804,64,375588
29897,0.000727,172.31.40.0-255,66,59870,64,375588
29898,0.000757,74.125.68.0-255,5738,65608,64,375588
29899,0.000759,172.31.40.0-255,66,65674,64,375588
29900,0.000798,74.125.68.0-255,1125,66799,64,375588
29901,0.000814,74.125.68.0-255,1484,68283,64,375588
29902,0.000817,172.31.40.0-255,66,68349,64,375588
29903,0.000841,74.125.68.0-255,1484,69833,64,375588
29904,0.00088,74.125.68.0-255,2902,72735,64,375588
29905,0.000883,172.31.40.0-255,66,72801,64,375588
29906,0.000907,74.125.68.0-255,4320,77121,64,375588
29907,0.000911,172.31.40.0-255,66,77187,64,375588
29908,0.000912,74.125.68.0-255,4320,81507,64,375588
29909,0.000915,172.31.40.0-255,66,81573,64,375588
29910,0.000929,74.125.68.0-255,1484,83057,64,375588
29911,0.000932,74.125.68.0-255,1125,84182,64,375588
29912,0.000935,172.31.40.0-255,66,84248,64,375588
29913,0.001096,74.125.68.0-255,1484,85732,64,375588
29914,0.001138,74.125.68.0-255,2902,88634,64,375588
29915,0.001143,172.31.40.0-255,66,88700,64,375588
29916,0.001148,74.125.68.0-255,4320,93020,64,375588
29917,0.00115,172.31.40.0-255,66,93086,64,375588
29918,0.001162,74.125.68.0-255,1484,94570,64,375588
29919,0.001166,74.125.68.0-255,2902,97472,64,375588
29920,0.001168,172.31.40.0-255,66,97538,64,375588
29921,0.001188,74.125.68.0-255,2902,100440,64,375588
29922,0.001191,172.31.40.0-255,66,100506,64,375588
29923,0.001195,74.125.68.0-255,2902,103408,64,375588
29924,0.001197,172.31.40.0-255,66,103474,64,375588
29925,0.001213,74.125.68.0-255,4320,107794,64,375588
29926,0.001216,172.31.40.0-255,66,107860,64,375588
29927,0.001226,172.31.40.0-255,66,107926,64,375588
29928,0.001312,74.125.68.0-255,1484,109410,64,375588
29929,0.001326,74.125.68.0-255,2902,112312,64,375588
29930,0.001329,172.31.40.0-255,66,112378,64,375588
29931,0.001346,74.125.68.0-255,1484,113862,64,375588
29932,0.001365,74.125.68.0-255,4320,118182,64,375588
29933,0.001367,172.31.40.0-255,66,118248,64,375588
29934,0.001371,74.125.68.0-255,2902,121150,64,375588
29935,0.001373,172.31.40.0-255,66,121216,64,375588
29936,0.0014,74.125.68.0-255,4320,125536,64,375588
29937,0.001402,172.31.40.0-255,66,125602,64,375588
29938,0.001412,74.125.68.0-255,1484,127086,64,375588
29939,0.001427,74.125.68.0-255,2902,129988,64,375588
29940,0.00143,172.31.40.0-255,66,130054,64,375588
29941,0.001459,74.125.68.0-255,2902,132956,64,375588
29942,0.001462,172.31.40.0-255,66,133022,64,375588
29943,0.00148,74.125.68.0-255,2902,135924,64,375588
29944,0.001482,172.31.40.0-255,66,135990,64,375588
29945,0.001485,74.125.68.0-255,1484,137474,64,375588
29946,0.001508,74.125.68.0-255,5020,142494,64,375588
29947,0.00151,172.31.40.0-255,66,142560,64,375588
29948,0.001553,74.125.68.0-255,1484,144044,64,375588
29949,0.001565,74.125.68.0-255,2902,146946,64,375588
29950,0.001568,172.31.40.0-255,66,147012,64,375588
29951,0.001588,74.125.68.0-255,5738,152750,64,375588
29952,0.001591,172.31.40.0-255,66,152816,64,375588
29953,0.001608,74.125.68.0-255,4320,157136,64,375588
29954,0.001611,172.31.40.0-255,66,157202,64,375588
29955,0.00163,74.125.68.0-255,1484,158686,64,375588
29956,0.001636,74.125.68.0-255,5738,164424,64,375588
29957,0.001639,172.31.40.0-255,66,164490,64,375588
29958,0.001655,74.125.68.0-255,1484,165974,64,375588
29959,0.00166,74.125.68.0-255,4320,170294,64,375588
29960,0.001662,172.31.40.0-255,66,170360,64,375588
29961,0.001677,74.125.68.0-255,1484,171844,64,375588
29962,0.00171,74.125.68.0-255,5020,176864,64,375588
29963,0.001715,172.31.40.0-255,66,176930,64,375588
29964,0.001718,74.125.68.0-255,1484,178414,64,375588
29965,0.001736,74.125.68.0-255,4320,182734,64,375588
29966,0.001738,172.31.40.0-255,66,182800,64,375588
29967,0.001751,74.125.68.0-255,1484,184284,64,375588
29968,0.001777,172.31.40.0-255,66,184350,64,375588
29969,0.001802,172.31.40.0-255,66,184416,64,375588
29970,0.001824,74.125.68.0-255,5738,190154,64,375588
29971,0.001826,172.31.40.0-255,66,190220,64,375588
29972,0.001828,74.125.68.0-255,766,190986,64,375588
29973,0.001858,74.125.68.0-255,1484,192470,64,375588
29974,0.001859,172.31.40.0-255,66,192536,64,375588
29975,0.001878,74.125.68.0-255,2902,195438,64,375588
29976,0.00188,172.31.40.0-255,66,195504,64,375588
29977,0.001911,74.125.68.0-255,2902,198406,64,375588
29978,0.001913,172.31.40.0-255,66,198472,64,375588
29979,0.001927,74.125.68.0-255,1484,199956,64,375588
29980,0.001929,74.125.68.0-255,1484,201440,64,375588
29981,0.001931,172.31.40.0-255,66,201506,64,375588
29982,0.001958,74.125.68.0-255,4320,205826,64,375588
29983,0.00196,172.31.40.0-255,66,205892,64,375588
29984,0.001963,74.125.68.0-255,1484,207376,64,375588
29985,0.001979,74.125.68.0-255,1484,208860,64,375588
29986,0.001981,172.31.40.0-255,66,208926,64,375588
29987,0.001985,74.125.68.0-255,4320,213246,64,375588
29988,0.001987,172.31.40.0-255,66,213312,64,375588
29989,0.002012,74.125.68.0-255,1484,214796,64,375588
29990,0.002064,74.125.68.0-255,2902,217698,64,375588
29991,0.002066,172.31.40.0-255,66,217764,64,375588
29992,0.002087,74.125.68.0-255,4320,222084,64,375588
29993,0.002089,172.31.40.0-255,66,222150,64,375588
29994,0.002106,74.125.68.0-255,1484,223634,64,375588
29995,0.002123,74.125.68.0-255,2184,225818,64,375588
29996,0.002124,172.31.40.0-255,66,225884,64,375588
29997,0.002267,74.125.68.0-255,1484,227368,64,375588
29998,0.00227,74.125.68.0-255,1484,228852,64,375588
29999,0.002271,172.31.40.0-255,66,228918,64,375588
30000,0.002283,74.125.68.0-255,1484,230402,64,375588
30001,0.002292,74.125.68.0-255,2902,233304,64,375588
30002,0.002294,172.31.40.0-255,66,233370,64,375588
30003,0.002308,74.125.68.0-255,2902,236272,64,375588
30004,0.002309,172.31.40.0-255,66,236338,64,375588
30005,0.002318,74.125.68.0-255,1484,237822,64,375588
30006,0.002332,74.125.68.0-255,2902,240724,64,375588
30007,0.002334,172.31.40.0-255,66,240790,64,375588
30008,0.002352,74.125.68.0-255,4320,245110,64,375588
30009,0.002354,172.31.40.0-255,66,245176,64,375588
30010,0.002361,74.125.68.0-255,1484,246660,64,375588
30011,0.002373,74.125.68.0-255,4320,250980,64,375588
30012,0.002375,172.31.40.0-255,66,251046,64,375588
30013,0.002397,74.125.68.0-255,7156,258202,64,375588
30014,0.002399,172.31.40.0-255,66,258268,64,375588
30015,0.002401,74.125.68.0-255,1484,259752,64,375588
30016,0.004728,74.125.68.0-255,1484,261236,64,375588
30017,0.004731,172.31.40.0-255,66,261302,64,375588
30018,0.004745,74.125.68.0-255,2902,264204,64,375588
30019,0.004747,172.31.40.0-255,66,264270,64,375588
30020,0.007064,74.125.68.0-255,2902,267172,64,375588
30021,0.007069,172.31.40.0-255,66,267238,64,375588
30022,0.007101,74.125.68.0-255,2902,270140,64,375588
30023,0.007105,172.31.40.0-255,66,270206,64,375588
30024,0.009401,74.125.68.0-255,2902,273108,64,375588
30025,0.009407,172.31.40.0-255,66,273174,64,375588
30026,0.009434,74.125.68.0-255,2902,276076,64,375588
30027,0.009437,172.31.40.0-255,66,276142,64,375588
30028,0.01174,74.125.68.0-255,2902,279044,64,375588
30029,0.011747,172.31.40.0-255,66,279110,64,375588
30030,0.011773,74.125.68.0-255,2902,282012,64,375588
30031,0.011775,172.31.40.0-255,66,282078,64,375588
30032,0.014102,74.125.68.0-255,5738,287816,64,375588
30033,0.014111,172.31.40.0-255,66,287882,64,375588
30034,0.016458,74.125.68.0-255,5738,293620,64,375588
30035,0.016466,172.31.40.0-255,66,293686,64,375588
30036,0.018799,74.125.68.0-255,5738,299424,64,375588
30037,0.018806,172.31.40.0-255,66,299490,64,375588
30038,0.021144,74.125.68.0-255,5738,305228,64,375588
30039,0.021151,172.31.40.0-255,66,305294,64,375588
30040,0.023524,74.125.68.0-255,5738,311032,64,375588
30041,0.023531,172.31.40.0-255,66,311098,64,375588
30042,0.025868,74.125.68.0-255,5738,316836,64,375588
30043,0.025877,172.31.40.0-255,66,316902,64,375588
30044,0.02821,74.125.68.0-255,5738,322640,64,375588
30045,0.028217,172.31.40.0-255,66,322706,64,375588
30046,0.030345,172.31.40.0-255,172,322878,64,375588
30047,0.03037,172.31.40.0-255,1111,323989,64,375588
30048,0.030418,172.31.40.0-255,1514,325503,64,375588
30049,0.03042,172.31.40.0-255,1297,326800,64,375588
30050,0.030539,74.125.68.0-255,4320,331120,64,375588
30051,0.030544,172.31.40.0-255,66,331186,64,375588
30052,0.030575,74.125.68.0-255,1484,332670,64,375588
30053,0.031874,104.244.42.0-255,66,332736,64,375588
30054,0.031922,104.244.42.0-255,66,332802,64,375588
30055,0.031981,104.244.42.0-255,66,332868,64,375588
30056,0.032878,74.125.68.0-255,1484,334352,64,375588
30057,0.032883,172.31.40.0-255,66,334418,64,375588
30058,0.032903,74.125.68.0-255,2902,337320,64,375588
30059,0.032906,172.31.40.0-255,66,337386,64,375588
30060,0.035212,74.125.68.0-255,2902,340288,64,375588
30061,0.035218,172.31.40.0-255,66,340354,64,375588
30062,0.035249,74.125.68.0-255,2902,343256,64,375588
30063,0.035252,172.31.40.0-255,66,343322,64,375588
30064,0.037544,74.125.68.0-255,2902,346224,64,375588
30065,0.037549,172.31.40.0-255,66,346290,64,375588
30066,0.037581,74.125.68.0-255,2902,349192,64,375588
30067,0.037584,172.31.40.0-255,66,349258,64,375588
30068,0.039884,74.125.68.0-255,2902,352160,64,375588
30069,0.039889,172.31.40.0-255,66,352226,64,375588
30070,0.03992,74.125.68.0-255,2902,355128,64,375588
30071,0.039923,172.31.40.0-255,66,355194,64,375588
30072,0.042211,74.125.68.0-255,1484,356678,64,375588
30073,0.04224,74.125.68.0-255,4320,360998,64,375588
30074,0.042244,172.31.40.0-255,66,361064,64,375588
30075,0.044577,74.125.68.0-255,5738,366802,64,375588
30076,0.044583,172.31.40.0-255,66,366868,64,375588
30077,0.046929,74.125.68.0-255,5738,372606,64,375588
30078,0.046935,172.31.40.0-255,66,372672,64,375588
30079,0.049258,74.125.68.0-255,2679,375351,64,375588
30080,0.049263,172.31.40.0-255,66,375417,64,375588
30081,0.049427,172.31.40.0-255,105,375522,64,375588
30082,0.051719,74.125.68.0-255,66,375588,64,375588
30083,0.0,172.217.194.0-255,153,153,64,234272
30084,1.9e-05,172.31.40.0-255,66,219,64,234272
30085,2.6e-05,172.217.194.0-255,1484,1703,64,234272
30086,3.2e-05,172.31.40.0-255,66,1769,64,234272
30087,3.7e-05,172.217.194.0-255,2902,4671,64,234272
30088,4e-05,172.31.40.0-255,66,4737,64,234272
30089,4.7e-05,172.217.194.0-255,7156,11893,64,234272
30090,5.1e-05,172.31.40.0-255,66,11959,64,234272
30091,8.4e-05,172.31.40.0-255,66,12025,64,234272
30092,9.1e-05,172.217.194.0-255,6797,18822,64,234272
30093,9.4e-05,172.31.40.0-255,66,18888,64,234272
30094,0.00018,172.217.194.0-255,1484,20372,64,234272
30095,0.000183,172.31.40.0-255,66,20438,64,234272
30096,0.000188,172.217.194.0-255,2902,23340,64,234272
30097,0.00019,172.31.40.0-255,66,23406,64,234272
30098,0.000218,172.217.194.0-255,5738,29144,64,234272
30099,0.000222,172.31.40.0-255,66,29210,64,234272
30100,0.00024,172.217.194.0-255,2902,32112,64,234272
30101,0.000243,172.31.40.0-255,66,32178,64,234272
30102,0.000268,172.217.194.0-255,3961,36139,64,234272
30103,0.000271,172.31.40.0-255,66,36205,64,234272
30104,0.000278,172.217.194.0-255,7156,43361,64,234272
30105,0.000281,172.31.40.0-255,66,43427,64,234272
30106,0.000284,172.217.194.0-255,1484,44911,64,234272
30107,0.000285,172.31.40.0-255,66,44977,64,234272
30108,0.000315,172.31.40.0-255,66,45043,64,234272
30109,0.000318,172.217.194.0-255,113,45156,64,234272
30110,0.00032,172.31.40.0-255,66,45222,64,234272
30111,0.000347,172.217.194.0-255,1484,46706,64,234272
30112,0.00035,172.31.40.0-255,66,46772,64,234272
30113,0.000371,172.217.194.0-255,2902,49674,64,234272
30114,0.000373,172.31.40.0-255,66,49740,64,234272
30115,0.000378,172.217.194.0-255,2902,52642,64,234272
30116,0.00038,172.31.40.0-255,66,52708,64,234272
30117,0.000405,172.217.194.0-255,4320,57028,64,234272
30118,0.000408,172.31.40.0-255,66,57094,64,234272
30119,0.000414,172.217.194.0-255,5672,62766,64,234272
30120,0.000416,172.31.40.0-255,66,62832,64,234272
30121,0.00044,172.217.194.0-255,2902,65734,64,234272
30122,0.000442,172.31.40.0-255,66,65800,64,234272
30123,0.000467,172.31.40.0-255,66,65866,64,234272
30124,0.000492,172.217.194.0-255,2543,68409,64,234272
30125,0.000494,172.31.40.0-255,66,68475,64,234272
30126,0.00141,172.217.194.0-255,1484,69959,64,234272
30127,0.001419,172.217.194.0-255,2902,72861,64,234272
30128,0.001424,172.31.40.0-255,66,72927,64,234272
30129,0.001429,172.217.194.0-255,1484,74411,64,234272
30130,0.001448,172.217.194.0-255,4320,78731,64,234272
30131,0.001451,172.31.40.0-255,66,78797,64,234272
30132,0.001463,172.31.40.0-255,66,78863,64,234272
30133,0.001494,172.217.194.0-255,4320,83183,64,234272
30134,0.001497,172.31.40.0-255,66,83249,64,234272
30135,0.001508,172.31.40.0-255,66,83315,64,234272
30136,0.001534,172.217.194.0-255,5738,89053,64,234272
30137,0.001537,172.31.40.0-255,66,89119,64,234272
30138,0.001561,172.31.40.0-255,66,89185,64,234272
30139,0.001572,172.31.40.0-255,66,89251,64,234272
30140,0.001607,172.31.40.0-255,66,89317,64,234272
30141,0.001613,172.217.194.0-255,5020,94337,64,234272
30142,0.001615,172.31.40.0-255,66,94403,64,234272
30143,0.001648,172.217.194.0-255,1484,95887,64,234272
30144,0.001686,172.31.40.0-255,66,95953,64,234272
30145,0.001692,172.217.194.0-255,5020,100973,64,234272
30146,0.001695,172.31.40.0-255,66,101039,64,234272
30147,0.001707,172.31.40.0-255,66,101105,64,234272
30148,0.001712,172.217.194.0-255,2902,104007,64,234272
30149,0.001714,172.31.40.0-255,66,104073,64,234272
30150,0.001757,172.31.40.0-255,66,104139,64,234272
30151,0.00177,172.31.40.0-255,66,104205,64,234272
30152,0.001784,172.31.40.0-255,66,104271,64,234272
30153,0.001799,172.31.40.0-255,66,104337,64,234272
30154,0.001828,172.31.40.0-255,66,104403,64,234272
30155,0.002092,172.217.194.0-255,1484,105887,64,234272
30156,0.0021,172.217.194.0-255,2902,108789,64,234272
30157,0.002104,172.31.40.0-255,66,108855,64,234272
30158,0.002112,172.217.194.0-255,5738,114593,64,234272
30159,0.002115,172.31.40.0-255,66,114659,64,234272
30160,0.002151,172.31.40.0-255,66,114725,64,234272
30161,0.002173,172.217.194.0-255,4320,119045,64,234272
30162,0.002176,172.31.40.0-255,66,119111,64,234272
30163,0.002187,172.31.40.0-255,66,119177,64,234272
30164,0.002202,172.217.194.0-255,2184,121361,64,234272
30165,0.002204,172.31.40.0-255,66,121427,64,234272
30166,0.002248,172.217.194.0-255,1484,122911,64,234272
30167,0.002252,172.217.194.0-255,1484,124395,64,234272
30168,0.002256,172.31.40.0-255,66,124461,64,234272
30169,0.002272,172.217.194.0-255,1484,125945,64,234272
30170,0.00228,172.217.194.0-255,5738,131683,64,234272
30171,0.002283,172.31.40.0-255,66,131749,64,234272
30172,0.002299,172.217.194.0-255,7156,138905,64,234272
30173,0.002302,172.31.40.0-255,66,138971,64,234272
30174,0.002318,172.217.194.0-255,5738,144709,64,234272
30175,0.002321,172.31.40.0-255,66,144775,64,234272
30176,0.002354,172.217.194.0-255,7156,151931,64,234272
30177,0.002357,172.31.40.0-255,66,151997,64,234272
30178,0.002375,172.217.194.0-255,3602,155599,64,234272
30179,0.002377,172.31.40.0-255,66,155665,64,234272
30180,0.004972,172.217.194.0-255,1484,157149,64,234272
30181,0.005003,172.217.194.0-255,4320,161469,64,234272
30182,0.005009,172.31.40.0-255,66,161535,64,234272
30183,0.007689,172.217.194.0-255,5738,167273,64,234272
30184,0.007715,172.31.40.0-255,66,167339,64,234272
30185,0.010335,172.217.194.0-255,5738,173077,64,234272
30186,0.010346,172.31.40.0-255,66,173143,64,234272
30187,0.013019,172.217.194.0-255,5738,178881,64,234272
30188,0.013025,172.31.40.0-255,66,178947,64,234272
30189,0.015689,172.217.194.0-255,5738,184685,64,234272
30190,0.015702,172.31.40.0-255,66,184751,64,234272
30191,0.01833,172.217.194.0-255,5738,190489,64,234272
30192,0.018348,172.31.40.0-255,66,190555,64,234272
30193,0.02102,172.217.194.0-255,5738,196293,64,234272
30194,0.02104,172.31.40.0-255,66,196359,64,234272
30195,0.023693,172.217.194.0-255,5738,202097,64,234272
30196,0.023701,172.31.40.0-255,66,202163,64,234272
30197,0.026374,172.217.194.0-255,5738,207901,64,234272
30198,0.026383,172.31.40.0-255,66,207967,64,234272
30199,0.029011,172.217.194.0-255,5738,213705,64,234272
30200,0.029019,172.31.40.0-255,66,213771,64,234272
30201,0.031673,172.217.194.0-255,5738,219509,64,234272
30202,0.031681,172.31.40.0-255,66,219575,64,234272
30203,0.034323,172.217.194.0-255,5738,225313,64,234272
30204,0.03433,172.31.40.0-255,66,225379,64,234272
30205,0.036986,172.217.194.0-255,5333,230712,64,234272
30206,0.037005,172.31.40.0-255,66,230778,64,234272
30207,0.03732,172.31.40.0-255,105,230883,64,234272
30208,0.039943,172.217.194.0-255,66,230949,64,234272
30209,0.047962,172.31.40.0-255,167,231116,64,234272
30210,0.047996,172.31.40.0-255,1113,232229,64,234272
30211,0.048059,172.31.40.0-255,1514,233743,64,234272
30212,0.048061,172.31.40.0-255,331,234074,64,234272
30213,0.04949,104.244.42.0-255,66,234140,64,234272
30214,0.04952,104.244.42.0-255,66,234206,64,234272
30215,0.049618,104.244.42.0-255,66,234272,64,234272
30216,0.0,74.125.130.0-255,147,147,64,393591
30217,2.4e-05,172.31.40.0-255,66,213,64,393591
30218,3.1e-05,74.125.130.0-255,1484,1697,64,393591
30219,3.6e-05,172.31.40.0-255,66,1763,64,393591
30220,6.5e-05,74.125.130.0-255,2902,4665,64,393591
30221,6.8e-05,172.31.40.0-255,66,4731,64,393591
30222,0.000102,74.125.130.0-255,5738,10469,64,393591
30223,0.000105,172.31.40.0-255,66,10535,64,393591
30224,0.000134,74.125.130.0-255,2902,13437,64,393591
30225,0.000137,172.31.40.0-255,66,13503,64,393591
30226,0.000159,74.125.130.0-255,3448,16951,64,393591
30227,0.000162,172.31.40.0-255,66,17017,64,393591
30228,0.000164,74.125.130.0-255,1484,18501,64,393591
30229,0.000167,172.31.40.0-255,66,18567,64,393591
30230,0.000172,74.125.130.0-255,2902,21469,64,393591
30231,0.000175,172.31.40.0-255,66,21535,64,393591
30232,0.000177,74.125.130.0-255,1484,23019,64,393591
30233,0.00018,172.31.40.0-255,66,23085,64,393591
30234,0.000213,74.125.130.0-255,4320,27405,64,393591
30235,0.000216,172.31.40.0-255,66,27471,64,393591
30236,0.000219,74.125.130.0-255,1484,28955,64,393591
30237,0.000221,172.31.40.0-255,66,29021,64,393591
30238,0.000226,74.125.130.0-255,2543,31564,64,393591
30239,0.000228,172.31.40.0-255,66,31630,64,393591
30240,0.000299,74.125.130.0-255,1484,33114,64,393591
30241,0.000303,172.31.40.0-255,66,33180,64,393591
30242,0.000322,74.125.130.0-255,1484,34664,64,393591
30243,0.000324,172.31.40.0-255,66,34730,64,393591
30244,0.00035,74.125.130.0-255,1484,36214,64,393591
30245,0.000353,172.31.40.0-255,66,36280,64,393591
30246,0.00036,74.125.130.0-255,5738,42018,64,393591
30247,0.000362,172.31.40.0-255,66,42084,64,393591
30248,0.000368,74.125.130.0-255,5738,47822,64,393591
30249,0.00037,172.31.40.0-255,66,47888,64,393591
30250,0.000408,74.125.130.0-255,1125,49013,64,393591
30251,0.000717,74.125.130.0-255,1484,50497,64,393591
30252,0.000721,172.31.40.0-255,66,50563,64,393591
30253,0.000726,74.125.130.0-255,2902,53465,64,393591
30254,0.000728,172.31.40.0-255,66,53531,64,393591
30255,0.000759,74.125.130.0-255,5738,59269,64,393591
30256,0.000761,172.31.40.0-255,66,59335,64,393591
30257,0.000765,74.125.130.0-255,2902,62237,64,393591
30258,0.000767,172.31.40.0-255,66,62303,64,393591
30259,0.000772,74.125.130.0-255,3961,66264,64,393591
30260,0.000773,172.31.40.0-255,66,66330,64,393591
30261,0.000794,74.125.130.0-255,646,66976,64,393591
30262,0.000914,74.125.130.0-255,1484,68460,64,393591
30263,0.000917,172.31.40.0-255,66,68526,64,393591
30264,0.000961,74.125.130.0-255,2902,71428,64,393591
30265,0.000963,172.31.40.0-255,66,71494,64,393591
30266,0.000969,74.125.130.0-255,5738,77232,64,393591
30267,0.000971,172.31.40.0-255,66,77298,64,393591
30268,0.001003,74.125.130.0-255,2902,80200,64,393591
30269,0.001006,172.31.40.0-255,66,80266,64,393591
30270,0.001025,74.125.130.0-255,4320,84586,64,393591
30271,0.001028,172.31.40.0-255,66,84652,64,393591
30272,0.001067,74.125.130.0-255,7156,91808,64,393591
30273,0.001071,172.31.40.0-255,66,91874,64,393591
30274,0.001108,74.125.130.0-255,2902,94776,64,393591
30275,0.001111,172.31.40.0-255,66,94842,64,393591
30276,0.00114,74.125.130.0-255,4320,99162,64,393591
30277,0.001142,172.31.40.0-255,66,99228,64,393591
30278,0.001166,74.125.130.0-255,2184,101412,64,393591
30279,0.001168,172.31.40.0-255,66,101478,64,393591
30280,0.001363,74.125.130.0-255,1484,102962,64,393591
30281,0.001386,74.125.130.0-255,2902,105864,64,393591
30282,0.001389,172.31.40.0-255,66,105930,64,393591
30283,0.001416,74.125.130.0-255,4320,110250,64,393591
30284,0.001419,172.31.40.0-255,66,110316,64,393591
30285,0.00144,74.125.130.0-255,1484,111800,64,393591
30286,0.00148,74.125.130.0-255,1484,113284,64,393591
30287,0.001482,172.31.40.0-255,66,113350,64,393591
30288,0.001512,74.125.130.0-255,5738,119088,64,393591
30289,0.001515,172.31.40.0-255,66,119154,64,393591
30290,0.001519,74.125.130.0-255,2902,122056,64,393591
30291,0.00152,172.31.40.0-255,66,122122,64,393591
30292,0.001569,74.125.130.0-255,4320,126442,64,393591
30293,0.001572,172.31.40.0-255,66,126508,64,393591
30294,0.001575,74.125.130.0-255,1484,127992,64,393591
30295,0.0016,74.125.130.0-255,2902,130894,64,393591
30296,0.001602,172.31.40.0-255,66,130960,64,393591
30297,0.001626,74.125.130.0-255,1484,132444,64,393591
30298,0.00163,74.125.130.0-255,2902,135346,64,393591
30299,0.001632,172.31.40.0-255,66,135412,64,393591
30300,0.001654,74.125.130.0-255,217,135629,64,393591
30301,0.001887,74.125.130.0-255,1484,137113,64,393591
30302,0.00189,172.31.40.0-255,66,137179,64,393591
30303,0.001908,74.125.130.0-255,1484,138663,64,393591
30304,0.001919,74.125.130.0-255,1484,140147,64,393591
30305,0.001921,172.31.40.0-255,66,140213,64,393591
30306,0.001924,74.125.130.0-255,1484,141697,64,393591
30307,0.001927,74.125.130.0-255,1484,143181,64,393591
30308,0.001928,172.31.40.0-255,66,143247,64,393591
30309,0.001952,74.125.130.0-255,1484,144731,64,393591
30310,0.001958,74.125.130.0-255,5738,150469,64,393591
30311,0.001961,172.31.40.0-255,66,150535,64,393591
30312,0.001995,74.125.130.0-255,1484,152019,64,393591
30313,0.002022,74.125.130.0-255,1484,153503,64,393591
30314,0.002024,172.31.40.0-255,66,153569,64,393591
30315,0.002049,74.125.130.0-255,2902,156471,64,393591
30316,0.002051,172.31.40.0-255,66,156537,64,393591
30317,0.002074,74.125.130.0-255,1484,158021,64,393591
30318,0.00212,74.125.130.0-255,1484,159505,64,393591
30319,0.002123,172.31.40.0-255,66,159571,64,393591
30320,0.002173,74.125.130.0-255,2902,162473,64,393591
30321,0.002176,172.31.40.0-255,66,162539,64,393591
30322,0.002224,74.125.130.0-255,1484,164023,64,393591
30323,0.00228,74.125.130.0-255,2902,166925,64,393591
30324,0.002284,172.31.40.0-255,66,166991,64,393591
30325,0.002312,74.125.130.0-255,2902,169893,64,393591
30326,0.002314,172.31.40.0-255,66,169959,64,393591
30327,0.002334,74.125.130.0-255,766,170725,64,393591
30328,0.00239,172.31.40.0-255,66,170791,64,393591
30329,0.004777,74.125.130.0-255,1484,172275,64,393591
30330,0.004797,74.125.130.0-255,1484,173759,64,393591
30331,0.004801,172.31.40.0-255,66,173825,64,393591
30332,0.004827,74.125.130.0-255,1484,175309,64,393591
30333,0.004869,74.125.130.0-255,1484,176793,64,393591
30334,0.004871,172.31.40.0-255,66,176859,64,393591
30335,0.007307,74.125.130.0-255,2902,179761,64,393591
30336,0.007315,172.31.40.0-255,66,179827,64,393591
30337,0.007361,74.125.130.0-255,2902,182729,64,393591
30338,0.007364,172.31.40.0-255,66,182795,64,393591
30339,0.009814,74.125.130.0-255,2902,185697,64,393591
30340,0.00982,172.31.40.0-255,66,185763,64,393591
30341,0.009856,74.125.130.0-255,2902,188665,64,393591
30342,0.009859,172.31.40.0-255,66,188731,64,393591
30343,0.012324,74.125.130.0-255,2902,191633,64,393591
30344,0.012331,172.31.40.0-255,66,191699,64,393591
30345,0.012359,74.125.130.0-255,2902,194601,64,393591
30346,0.012362,172.31.40.0-255,66,194667,64,393591
30347,0.014846,74.125.130.0-255,4320,198987,64,393591
30348,0.014855,172.31.40.0-255,66,199053,64,393591
30349,0.014886,74.125.130.0-255,1484,200537,64,393591
30350,0.017371,74.125.130.0-255,4320,204857,64,393591
30351,0.01738,172.31.40.0-255,66,204923,64,393591
30352,0.019906,74.125.130.0-255,5738,210661,64,393591
30353,0.019913,172.31.40.0-255,66,210727,64,393591
30354,0.022417,74.125.130.0-255,5738,216465,64,393591
30355,0.022423,172.31.40.0-255,66,216531,64,393591
30356,0.024924,74.125.130.0-255,5738,222269,64,393591
30357,0.024933,172.31.40.0-255,66,222335,64,393591
30358,0.027444,74.125.130.0-255,5738,228073,64,393591
30359,0.027452,172.31.40.0-255,66,228139,64,393591
30360,0.028929,172.31.40.0-255,172,228311,64,393591
30361,0.028958,172.31.40.0-255,1112,229423,64,393591
30362,0.029009,172.31.40.0-255,1514,230937,64,393591
30363,0.029011,172.31.40.0-255,1296,232233,64,393591
30364,0.029962,74.125.130.0-255,5738,237971,64,393591
30365,0.029969,172.31.40.0-255,66,238037,64,393591
30366,0.030464,104.244.42.0-255,66,238103,64,393591
30367,0.03065,104.244.42.0-255,66,238169,64,393591
30368,0.030658,104.244.42.0-255,66,238235,64,393591
30369,0.03247,74.125.130.0-255,5738,243973,64,393591
30370,0.032481,172.31.40.0-255,66,244039,64,393591
30371,0.035003,74.125.130.0-255,5738,249777,64,393591
30372,0.035013,172.31.40.0-255,66,249843,64,393591
30373,0.037581,74.125.130.0-255,5738,255581,64,393591
30374,0.037599,172.31.40.0-255,66,255647,64,393591
30375,0.040125,74.125.130.0-255,5738,261385,64,393591
30376,0.040144,172.31.40.0-255,66,261451,64,393591
30377,0.042669,74.125.130.0-255,5738,267189,64,393591
30378,0.042686,172.31.40.0-255,66,267255,64,393591
30379,0.045212,74.125.130.0-255,5738,272993,64,393591
30380,0.045229,172.31.40.0-255,66,273059,64,393591
30381,0.047736,74.125.130.0-255,4320,277379,64,393591
30382,0.047742,172.31.40.0-255,66,277445,64,393591
30383,0.047766,74.125.130.0-255,1484,278929,64,393591
30384,0.050275,74.125.130.0-255,4320,283249,64,393591
30385,0.050293,172.31.40.0-255,66,283315,64,393591
30386,0.052815,74.125.130.0-255,5738,289053,64,393591
30387,0.052833,172.31.40.0-255,66,289119,64,393591
30388,0.05535,74.125.130.0-255,5738,294857,64,393591
30389,0.05536,172.31.40.0-255,66,294923,64,393591
30390,0.057895,74.125.130.0-255,5738,300661,64,393591
30391,0.057909,172.31.40.0-255,66,300727,64,393591
30392,0.060423,74.125.130.0-255,5738,306465,64,393591
30393,0.060442,172.31.40.0-255,66,306531,64,393591
30394,0.062998,74.125.130.0-255,5738,312269,64,393591
30395,0.063015,172.31.40.0-255,66,312335,64,393591
30396,0.065522,74.125.130.0-255,5738,318073,64,393591
30397,0.065528,172.31.40.0-255,66,318139,64,393591
30398,0.068041,74.125.130.0-255,5738,323877,64,393591
30399,0.068059,172.31.40.0-255,66,323943,64,393591
30400,0.07059,74.125.130.0-255,5738,329681,64,393591
30401,0.070608,172.31.40.0-255,66,329747,64,393591
30402,0.07313,74.125.130.0-255,5738,335485,64,393591
30403,0.073143,172.31.40.0-255,66,335551,64,393591
30404,0.075674,74.125.130.0-255,5738,341289,64,393591
30405,0.07569,172.31.40.0-255,66,341355,64,393591
30406,0.078218,74.125.130.0-255,5738,347093,64,393591
30407,0.078237,172.31.40.0-255,66,347159,64,393591
30408,0.080764,74.125.130.0-255,5738,352897,64,393591
30409,0.080779,172.31.40.0-255,66,352963,64,393591
30410,0.083304,74.125.130.0-255,5738,358701,64,393591
30411,0.083322,172.31.40.0-255,66,358767,64,393591
30412,0.085824,74.125.130.0-255,5738,364505,64,393591
30413,0.085835,172.31.40.0-255,66,364571,64,393591
30414,0.088361,74.125.130.0-255,5738,370309,64,393591
30415,0.08838,172.31.40.0-255,66,370375,64,393591
30416,0.090899,74.125.130.0-255,5738,376113,64,393591
30417,0.090917,172.31.40.0-255,66,376179,64,393591
30418,0.093448,74.125.130.0-255,5738,381917,64,393591
30419,0.093467,172.31.40.0-255,66,381983,64,393591
30420,0.096042,74.125.130.0-255,5738,387721,64,393591
30421,0.096061,172.31.40.0-255,66,387787,64,393591
30422,0.098583,74.125.130.0-255,5738,393525,64,393591
30423,0.0986,172.31.40.0-255,66,393591,64,393591
30424,0.0,74.125.24.0-255,153,153,64,200912
30425,2.3e-05,172.31.40.0-255,66,219,64,200912
30426,3.1e-05,74.125.24.0-255,1484,1703,64,200912
30427,3.6e-05,172.31.40.0-255,66,1769,64,200912
30428,4.1e-05,74.125.24.0-255,2902,4671,64,200912
30429,5.4e-05,172.31.40.0-255,66,4737,64,200912
30430,6.2e-05,74.125.24.0-255,7156,11893,64,200912
30431,6.5e-05,172.31.40.0-255,66,11959,64,200912
30432,7e-05,74.125.24.0-255,2038,13997,64,200912
30433,7.3e-05,172.31.40.0-255,66,14063,64,200912
30434,0.000181,74.125.24.0-255,1484,15547,64,200912
30435,0.000185,172.31.40.0-255,66,15613,64,200912
30436,0.000191,74.125.24.0-255,2902,18515,64,200912
30437,0.000193,172.31.40.0-255,66,18581,64,200912
30438,0.000215,74.125.24.0-255,5738,24319,64,200912
30439,0.000222,172.31.40.0-255,66,24385,64,200912
30440,0.000251,74.125.24.0-255,5738,30123,64,200912
30441,0.000254,172.31.40.0-255,66,30189,64,200912
30442,0.000266,74.125.24.0-255,1125,31314,64,200912
30443,0.000268,172.31.40.0-255,66,31380,64,200912
30444,0.00028,74.125.24.0-255,7156,38536,64,200912
30445,0.000283,172.31.40.0-255,66,38602,64,200912
30446,0.000348,172.31.40.0-255,66,38668,64,200912
30447,0.000613,74.125.24.0-255,1484,40152,64,200912
30448,0.000618,172.31.40.0-255,66,40218,64,200912
30449,0.000625,74.125.24.0-255,2902,43120,64,200912
30450,0.000627,172.31.40.0-255,66,43186,64,200912
30451,0.000634,74.125.24.0-255,4320,47506,64,200912
30452,0.000637,172.31.40.0-255,66,47572,64,200912
30453,0.000653,74.125.24.0-255,1484,49056,64,200912
30454,0.000655,172.31.40.0-255,66,49122,64,200912
30455,0.000668,74.125.24.0-255,6797,55919,64,200912
30456,0.00067,172.31.40.0-255,66,55985,64,200912
30457,0.000673,74.125.24.0-255,645,56630,64,200912
30458,0.000715,74.125.24.0-255,1484,58114,64,200912
30459,0.000719,172.31.40.0-255,66,58180,64,200912
30460,0.000733,74.125.24.0-255,4320,62500,64,200912
30461,0.00074,172.31.40.0-255,66,62566,64,200912
30462,0.000743,74.125.24.0-255,1484,64050,64,200912
30463,0.000772,74.125.24.0-255,5738,69788,64,200912
30464,0.000775,172.31.40.0-255,66,69854,64,200912
30465,0.000778,74.125.24.0-255,1484,71338,64,200912
30466,0.000828,172.31.40.0-255,66,71404,64,200912
30467,0.000835,74.125.24.0-255,6797,78201,64,200912
30468,0.000838,172.31.40.0-255,66,78267,64,200912
30469,0.001035,74.125.24.0-255,1484,79751,64,200912
30470,0.001042,74.125.24.0-255,2902,82653,64,200912
30471,0.001045,172.31.40.0-255,66,82719,64,200912
30472,0.001049,74.125.24.0-255,1484,84203,64,200912
30473,0.001081,74.125.24.0-255,4320,88523,64,200912
30474,0.001084,172.31.40.0-255,66,88589,64,200912
30475,0.001092,74.125.24.0-255,7156,95745,64,200912
30476,0.001094,172.31.40.0-255,66,95811,64,200912
30477,0.001122,74.125.24.0-255,5738,101549,64,200912
30478,0.001125,172.31.40.0-255,66,101615,64,200912
30479,0.001138,172.31.40.0-255,66,101681,64,200912
30480,0.00114,74.125.24.0-255,766,102447,64,200912
30481,0.001181,74.125.24.0-255,1484,103931,64,200912
30482,0.001184,172.31.40.0-255,66,103997,64,200912
30483,0.001191,74.125.24.0-255,4320,108317,64,200912
30484,0.001193,172.31.40.0-255,66,108383,64,200912
30485,0.00123,172.31.40.0-255,66,108449,64,200912
30486,0.001233,74.125.24.0-255,1484,109933,64,200912
30487,0.001244,172.31.40.0-255,66,109999,64,200912
30488,0.001274,74.125.24.0-255,4320,114319,64,200912
30489,0.001282,74.125.24.0-255,3602,117921,64,200912
30490,0.001287,172.31.40.0-255,66,117987,64,200912
30491,0.00129,172.31.40.0-255,66,118053,64,200912
30492,0.001339,74.125.24.0-255,1484,119537,64,200912
30493,0.001345,74.125.24.0-255,2902,122439,64,200912
30494,0.001348,172.31.40.0-255,66,122505,64,200912
30495,0.001351,74.125.24.0-255,1484,123989,64,200912
30496,0.001379,74.125.24.0-255,4320,128309,64,200912
30497,0.001382,172.31.40.0-255,66,128375,64,200912
30498,0.001387,74.125.24.0-255,4320,132695,64,200912
30499,0.001404,172.31.40.0-255,66,132761,64,200912
30500,0.00145,172.31.40.0-255,66,132827,64,200912
30501,0.001467,172.31.40.0-255,66,132893,64,200912
30502,0.001606,74.125.24.0-255,1484,134377,64,200912
30503,0.001611,74.125.24.0-255,1484,135861,64,200912
30504,0.001614,172.31.40.0-255,66,135927,64,200912
30505,0.001632,74.125.24.0-255,1484,137411,64,200912
30506,0.001643,74.125.24.0-255,5738,143149,64,200912
30507,0.001645,172.31.40.0-255,66,143215,64,200912
30508,0.001648,74.125.24.0-255,1484,144699,64,200912
30509,0.001703,74.125.24.0-255,7156,151855,64,200912
30510,0.001706,172.31.40.0-255,66,151921,64,200912
30511,0.001733,74.125.24.0-255,4320,156241,64,200912
30512,0.001735,172.31.40.0-255,66,156307,64,200912
30513,0.001746,172.31.40.0-255,66,156373,64,200912
30514,0.00178,172.31.40.0-255,66,156439,64,200912
30515,0.001795,172.31.40.0-255,66,156505,64,200912
30516,0.001831,74.125.24.0-255,1484,157989,64,200912
30517,0.001858,74.125.24.0-255,2902,160891,64,200912
30518,0.001861,172.31.40.0-255,66,160957,64,200912
30519,0.001868,74.125.24.0-255,5738,166695,64,200912
30520,0.00187,172.31.40.0-255,66,166761,64,200912
30521,0.001874,74.125.24.0-255,1484,168245,64,200912
30522,0.001902,172.31.40.0-255,66,168311,64,200912
30523,0.001951,172.31.40.0-255,66,168377,64,200912
30524,0.001975,74.125.24.0-255,7156,175533,64,200912
30525,0.001978,172.31.40.0-255,66,175599,64,200912
30526,0.002012,74.125.24.0-255,4320,179919,64,200912
30527,0.002016,172.31.40.0-255,66,179985,64,200912
30528,0.00203,172.31.40.0-255,66,180051,64,200912
30529,0.002048,172.31.40.0-255,66,180117,64,200912
30530,0.002055,74.125.24.0-255,7156,187273,64,200912
30531,0.002058,172.31.40.0-255,66,187339,64,200912
30532,0.002081,74.125.24.0-255,5738,193077,64,200912
30533,0.002118,172.31.40.0-255,66,193143,64,200912
30534,0.002136,74.125.24.0-255,2902,196045,64,200912
30535,0.002169,172.31.40.0-255,66,196111,64,200912
30536,0.002223,74.125.24.0-255,105,196216,64,200912
30537,0.002284,172.31.40.0-255,66,196282,64,200912
30538,0.010688,172.31.40.0-255,101,196383,64,200912
30539,0.011716,172.31.40.0-255,105,196488,64,200912
30540,0.01304,74.125.24.0-255,66,196554,64,200912
30541,0.014027,74.125.24.0-255,66,196620,64,200912
30542,0.036836,172.31.40.0-255,172,196792,64,200912
30543,0.036865,172.31.40.0-255,1111,197903,64,200912
30544,0.036919,172.31.40.0-255,1514,199417,64,200912
30545,0.03692,172.31.40.0-255,1297,200714,64,200912
30546,0.038398,104.244.42.0-255,66,200780,64,200912
30547,0.038408,104.244.42.0-255,66,200846,64,200912
30548,0.038501,104.244.42.0-255,66,200912,64,200912
30549,0.0,172.217.194.0-255,153,153,64,250622
30550,1.7e-05,172.31.40.0-255,66,219,64,250622
30551,2.4e-05,172.217.194.0-255,1484,1703,64,250622
30552,2.8e-05,172.31.40.0-255,66,1769,64,250622
30553,3.4e-05,172.217.194.0-255,2902,4671,64,250622
30554,3.7e-05,172.31.40.0-255,66,4737,64,250622
30555,5.2e-05,172.217.194.0-255,7156,11893,64,250622
30556,5.6e-05,172.31.40.0-255,66,11959,64,250622
30557,6.1e-05,172.217.194.0-255,2139,14098,64,250622
30558,6.4e-05,172.31.40.0-255,66,14164,64,250622
30559,9.9e-05,172.217.194.0-255,2902,17066,64,250622
30560,0.000102,172.31.40.0-255,66,17132,64,250622
30561,0.00011,172.217.194.0-255,7156,24288,64,250622
30562,0.000113,172.31.40.0-255,66,24354,64,250622
30563,0.00012,172.217.194.0-255,6797,31151,64,250622
30564,0.000122,172.31.40.0-255,66,31217,64,250622
30565,0.000188,172.217.194.0-255,1484,32701,64,250622
30566,0.000192,172.31.40.0-255,66,32767,64,250622
30567,0.000204,172.217.194.0-255,2902,35669,64,250622
30568,0.00021,172.31.40.0-255,66,35735,64,250622
30569,0.000217,172.217.194.0-255,4320,40055,64,250622
30570,0.000219,172.31.40.0-255,66,40121,64,250622
30571,0.00024,172.217.194.0-255,1484,41605,64,250622
30572,0.000243,172.31.40.0-255,66,41671,64,250622
30573,0.000276,172.217.194.0-255,6797,48468,64,250622
30574,0.000279,172.31.40.0-255,66,48534,64,250622
30575,0.000282,172.217.194.0-255,1484,50018,64,250622
30576,0.000284,172.31.40.0-255,66,50084,64,250622
30577,0.000317,172.217.194.0-255,5738,55822,64,250622
30578,0.00032,172.31.40.0-255,66,55888,64,250622
30579,0.000354,172.217.194.0-255,4320,60208,64,250622
30580,0.000357,172.31.40.0-255,66,60274,64,250622
30581,0.00039,172.217.194.0-255,5706,65980,64,250622
30582,0.000393,172.31.40.0-255,66,66046,64,250622
30583,0.000395,172.217.194.0-255,382,66428,64,250622
30584,0.000614,172.217.194.0-255,1484,67912,64,250622
30585,0.000619,172.31.40.0-255,66,67978,64,250622
30586,0.000625,172.217.194.0-255,2902,70880,64,250622
30587,0.000627,172.31.40.0-255,66,70946,64,250622
30588,0.00066,172.217.194.0-255,5738,76684,64,250622
30589,0.000663,172.31.40.0-255,66,76750,64,250622
30590,0.000676,172.31.40.0-255,66,76816,64,250622
30591,0.000712,172.217.194.0-255,4320,81136,64,250622
30592,0.000715,172.31.40.0-255,66,81202,64,250622
30593,0.000738,172.217.194.0-255,6438,87640,64,250622
30594,0.000741,172.31.40.0-255,66,87706,64,250622
30595,0.000871,172.217.194.0-255,1484,89190,64,250622
30596,0.000889,172.217.194.0-255,2902,92092,64,250622
30597,0.000892,172.31.40.0-255,66,92158,64,250622
30598,0.000899,172.217.194.0-255,5738,97896,64,250622
30599,0.000901,172.31.40.0-255,66,97962,64,250622
30600,0.000904,172.217.194.0-255,1484,99446,64,250622
30601,0.000921,172.217.194.0-255,2902,102348,64,250622
30602,0.000923,172.31.40.0-255,66,102414,64,250622
30603,0.000955,172.31.40.0-255,66,102480,64,250622
30604,0.000992,172.31.40.0-255,66,102546,64,250622
30605,0.001013,172.217.194.0-255,2902,105448,64,250622
30606,0.001016,172.31.40.0-255,66,105514,64,250622
30607,0.001043,172.217.194.0-255,2902,108416,64,250622
30608,0.001046,172.31.40.0-255,66,108482,64,250622
30609,0.001053,172.217.194.0-255,7156,115638,64,250622
30610,0.001055,172.31.40.0-255,66,115704,64,250622
30611,0.001061,172.217.194.0-255,5738,121442,64,250622
30612,0.001064,172.31.40.0-255,66,121508,64,250622
30613,0.001103,172.217.194.0-255,6438,127946,64,250622
30614,0.001109,172.31.40.0-255,66,128012,64,250622
30615,0.001112,172.31.40.0-255,66,128078,64,250622
30616,0.001149,172.217.194.0-255,2902,130980,64,250622
30617,0.001152,172.31.40.0-255,66,131046,64,250622
30618,0.001168,172.217.194.0-255,5738,136784,64,250622
30619,0.001171,172.31.40.0-255,66,136850,64,250622
30620,0.001199,172.31.40.0-255,66,136916,64,250622
30621,0.001211,172.31.40.0-255,66,136982,64,250622
30622,0.001224,172.31.40.0-255,66,137048,64,250622
30623,0.001255,172.217.194.0-255,1484,138532,64,250622
30624,0.001272,172.31.40.0-255,66,138598,64,250622
30625,0.001277,172.217.194.0-255,3602,142200,64,250622
30626,0.001279,172.31.40.0-255,66,142266,64,250622
30627,0.001334,172.217.194.0-255,1484,143750,64,250622
30628,0.001339,172.217.194.0-255,2902,146652,64,250622
30629,0.001342,172.31.40.0-255,66,146718,64,250622
30630,0.001346,172.217.194.0-255,1484,148202,64,250622
30631,0.001391,172.217.194.0-255,4320,152522,64,250622
30632,0.001395,172.31.40.0-255,66,152588,64,250622
30633,0.001401,172.217.194.0-255,5738,158326,64,250622
30634,0.001403,172.31.40.0-255,66,158392,64,250622
30635,0.001427,172.31.40.0-255,66,158458,64,250622
30636,0.001433,172.217.194.0-255,5020,163478,64,250622
30637,0.001436,172.31.40.0-255,66,163544,64,250622
30638,0.001467,172.217.194.0-255,5738,169282,64,250622
30639,0.00147,172.31.40.0-255,66,169348,64,250622
30640,0.001475,172.217.194.0-255,4320,173668,64,250622
30641,0.001478,172.31.40.0-255,66,173734,64,250622
30642,0.001518,172.217.194.0-255,1484,175218,64,250622
30643,0.001546,172.217.194.0-255,4320,179538,64,250622
30644,0.001549,172.31.40.0-255,66,179604,64,250622
30645,0.001561,172.31.40.0-255,66,179670,64,250622
30646,0.001568,172.217.194.0-255,6438,186108,64,250622
30647,0.00157,172.31.40.0-255,66,186174,64,250622
30648,0.001611,172.31.40.0-255,66,186240,64,250622
30649,0.001623,172.31.40.0-255,66,186306,64,250622
30650,0.001626,172.217.194.0-255,2902,189208,64,250622
30651,0.001628,172.31.40.0-255,66,189274,64,250622
30652,0.001669,172.31.40.0-255,66,189340,64,250622
30653,0.00175,172.217.194.0-255,1484,190824,64,250622
30654,0.001756,172.217.194.0-255,2902,193726,64,250622
30655,0.001759,172.31.40.0-255,66,193792,64,250622
30656,0.001763,172.217.194.0-255,1484,195276,64,250622
30657,0.001786,172.217.194.0-255,4320,199596,64,250622
30658,0.001789,172.31.40.0-255,66,199662,64,250622
30659,0.001797,172.217.194.0-255,7156,206818,64,250622
30660,0.001799,172.31.40.0-255,66,206884,64,250622
30661,0.001806,172.217.194.0-255,7156,214040,64,250622
30662,0.001809,172.31.40.0-255,66,214106,64,250622
30663,0.00182,172.217.194.0-255,1484,215590,64,250622
30664,0.001846,172.217.194.0-255,4320,219910,64,250622
30665,0.001849,172.31.40.0-255,66,219976,64,250622
30666,0.001869,172.217.194.0-255,3602,223578,64,250622
30667,0.001873,172.31.40.0-255,66,223644,64,250622
30668,0.001894,172.217.194.0-255,1484,225128,64,250622
30669,0.00191,172.217.194.0-255,2902,228030,64,250622
30670,0.001913,172.31.40.0-255,66,228096,64,250622
30671,0.001919,172.217.194.0-255,5738,233834,64,250622
30672,0.001922,172.31.40.0-255,66,233900,64,250622
30673,0.00193,172.217.194.0-255,1484,235384,64,250622
30674,0.001953,172.217.194.0-255,7156,242540,64,250622
30675,0.001956,172.31.40.0-255,66,242606,64,250622
30676,0.00198,172.217.194.0-255,2902,245508,64,250622
30677,0.001983,172.31.40.0-255,66,245574,64,250622
30678,0.002016,172.31.40.0-255,66,245640,64,250622
30679,0.002057,172.31.40.0-255,66,245706,64,250622
30680,0.00206,172.217.194.0-255,97,245803,64,250622
30681,0.002063,172.217.194.0-255,105,245908,64,250622
30682,0.012307,172.31.40.0-255,66,245974,64,250622
30683,0.012359,172.31.40.0-255,105,246079,64,250622
30684,0.013248,172.217.194.0-255,105,246184,64,250622
30685,0.013262,172.31.40.0-255,78,246262,64,250622
30686,0.014826,172.217.194.0-255,66,246328,64,250622
30687,0.051497,172.31.40.0-255,172,246500,64,250622
30688,0.051532,172.31.40.0-255,1113,247613,64,250622
30689,0.051588,172.31.40.0-255,1514,249127,64,250622
30690,0.05159,172.31.40.0-255,1297,250424,64,250622
30691,0.053032,104.244.42.0-255,66,250490,64,250622
30692,0.053055,104.244.42.0-255,66,250556,64,250622
30693,0.053149,104.244.42.0-255,66,250622,64,250622
30694,0.0,74.125.24.0-255,153,153,64,302082
30695,2.2e-05,172.31.40.0-255,66,219,64,302082
30696,3e-05,74.125.24.0-255,1484,1703,64,302082
30697,3.5e-05,172.31.40.0-255,66,1769,64,302082
30698,3.8e-05,74.125.24.0-255,1484,3253,64,302082
30699,4.2e-05,172.31.40.0-255,66,3319,64,302082
30700,6.4e-05,74.125.24.0-255,1484,4803,64,302082
30701,6.6e-05,172.31.40.0-255,66,4869,64,302082
30702,7.2e-05,74.125.24.0-255,2902,7771,64,302082
30703,7.5e-05,172.31.40.0-255,66,7837,64,302082
30704,0.000127,172.31.40.0-255,66,7903,64,302082
30705,0.000131,74.125.24.0-255,2902,10805,64,302082
30706,0.000134,172.31.40.0-255,66,10871,64,302082
30707,0.000147,74.125.24.0-255,2902,13773,64,302082
30708,0.00015,172.31.40.0-255,66,13839,64,302082
30709,0.000178,172.31.40.0-255,66,13905,64,302082
30710,0.000191,172.31.40.0-255,66,13971,64,302082
30711,0.000221,74.125.24.0-255,5020,18991,64,302082
30712,0.000223,172.31.40.0-255,66,19057,64,302082
30713,0.000246,74.125.24.0-255,5738,24795,64,302082
30714,0.000249,172.31.40.0-255,66,24861,64,302082
30715,0.000268,74.125.24.0-255,2902,27763,64,302082
30716,0.00027,172.31.40.0-255,66,27829,64,302082
30717,0.000302,172.31.40.0-255,66,27895,64,302082
30718,0.000516,74.125.24.0-255,1484,29379,64,302082
30719,0.000522,172.31.40.0-255,66,29445,64,302082
30720,0.000536,74.125.24.0-255,2902,32347,64,302082
30721,0.000539,172.31.40.0-255,66,32413,64,302082
30722,0.000558,74.125.24.0-255,1484,33897,64,302082
30723,0.000573,74.125.24.0-255,4320,38217,64,302082
30724,0.000576,172.31.40.0-255,66,38283,64,302082
30725,0.000581,74.125.24.0-255,4320,42603,64,302082
30726,0.000584,172.31.40.0-255,66,42669,64,302082
30727,0.000599,74.125.24.0-255,2902,45571,64,302082
30728,0.000601,172.31.40.0-255,66,45637,64,302082
30729,0.000607,74.125.24.0-255,4320,49957,64,302082
30730,0.000609,172.31.40.0-255,66,50023,64,302082
30731,0.000641,172.31.40.0-255,66,50089,64,302082
30732,0.000645,74.125.24.0-255,2184,52273,64,302082
30733,0.000649,172.31.40.0-255,66,52339,64,302082
30734,0.001182,74.125.24.0-255,1484,53823,64,302082
30735,0.001189,74.125.24.0-255,2902,56725,64,302082
30736,0.001193,172.31.40.0-255,66,56791,64,302082
30737,0.001217,74.125.24.0-255,5738,62529,64,302082
30738,0.00122,172.31.40.0-255,66,62595,64,302082
30739,0.001233,74.125.24.0-255,1484,64079,64,302082
30740,0.001246,74.125.24.0-255,4320,68399,64,302082
30741,0.001249,172.31.40.0-255,66,68465,64,302082
30742,0.001269,74.125.24.0-255,2902,71367,64,302082
30743,0.001271,172.31.40.0-255,66,71433,64,302082
30744,0.001291,74.125.24.0-255,4320,75753,64,302082
30745,0.001294,172.31.40.0-255,66,75819,64,302082
30746,0.001317,74.125.24.0-255,5738,81557,64,302082
30747,0.00132,172.31.40.0-255,66,81623,64,302082
30748,0.001352,172.31.40.0-255,66,81689,64,302082
30749,0.001355,74.125.24.0-255,1484,83173,64,302082
30750,0.001374,74.125.24.0-255,5738,88911,64,302082
30751,0.001376,172.31.40.0-255,66,88977,64,302082
30752,0.001408,172.31.40.0-255,66,89043,64,302082
30753,0.001419,172.31.40.0-255,66,89109,64,302082
30754,0.001447,74.125.24.0-255,3602,92711,64,302082
30755,0.00145,172.31.40.0-255,66,92777,64,302082
30756,0.001516,74.125.24.0-255,1484,94261,64,302082
30757,0.001537,74.125.24.0-255,2902,97163,64,302082
30758,0.001541,172.31.40.0-255,66,97229,64,302082
30759,0.001545,74.125.24.0-255,1484,98713,64,302082
30760,0.001566,74.125.24.0-255,4320,103033,64,302082
30761,0.001568,172.31.40.0-255,66,103099,64,302082
30762,0.001583,74.125.24.0-255,4320,107419,64,302082
30763,0.001586,172.31.40.0-255,66,107485,64,302082
30764,0.001608,172.31.40.0-255,66,107551,64,302082
30765,0.001612,74.125.24.0-255,1484,109035,64,302082
30766,0.001631,74.125.24.0-255,4320,113355,64,302082
30767,0.001634,172.31.40.0-255,66,113421,64,302082
30768,0.001653,74.125.24.0-255,5020,118441,64,302082
30769,0.001656,172.31.40.0-255,66,118507,64,302082
30770,0.001958,74.125.24.0-255,1484,119991,64,302082
30771,0.001974,74.125.24.0-255,2902,122893,64,302082
30772,0.001977,172.31.40.0-255,66,122959,64,302082
30773,0.001985,74.125.24.0-255,5738,128697,64,302082
30774,0.001987,172.31.40.0-255,66,128763,64,302082
30775,0.002025,74.125.24.0-255,7156,135919,64,302082
30776,0.002028,172.31.40.0-255,66,135985,64,302082
30777,0.002053,74.125.24.0-255,5738,141723,64,302082
30778,0.002055,172.31.40.0-255,66,141789,64,302082
30779,0.002067,172.31.40.0-255,66,141855,64,302082
30780,0.002096,172.31.40.0-255,66,141921,64,302082
30781,0.002099,74.125.24.0-255,1484,143405,64,302082
30782,0.002107,74.125.24.0-255,6438,149843,64,302082
30783,0.002109,172.31.40.0-255,66,149909,64,302082
30784,0.002134,74.125.24.0-255,2902,152811,64,302082
30785,0.002137,172.31.40.0-255,66,152877,64,302082
30786,0.004266,74.125.24.0-255,5738,158615,64,302082
30787,0.004273,172.31.40.0-255,66,158681,64,302082
30788,0.006382,74.125.24.0-255,5738,164419,64,302082
30789,0.006387,172.31.40.0-255,66,164485,64,302082
30790,0.008485,74.125.24.0-255,5738,170223,64,302082
30791,0.008491,172.31.40.0-255,66,170289,64,302082
30792,0.010665,74.125.24.0-255,5738,176027,64,302082
30793,0.010673,172.31.40.0-255,66,176093,64,302082
30794,0.012764,74.125.24.0-255,5738,181831,64,302082
30795,0.012772,172.31.40.0-255,66,181897,64,302082
30796,0.014884,74.125.24.0-255,5738,187635,64,302082
30797,0.014898,172.31.40.0-255,66,187701,64,302082
30798,0.017039,74.125.24.0-255,5738,193439,64,302082
30799,0.017045,172.31.40.0-255,66,193505,64,302082
30800,0.01921,74.125.24.0-255,5738,199243,64,302082
30801,0.019218,172.31.40.0-255,66,199309,64,302082
30802,0.021393,74.125.24.0-255,5738,205047,64,302082
30803,0.021399,172.31.40.0-255,66,205113,64,302082
30804,0.023519,74.125.24.0-255,5738,210851,64,302082
30805,0.023528,172.31.40.0-255,66,210917,64,302082
30806,0.025642,74.125.24.0-255,5738,216655,64,302082
30807,0.025652,172.31.40.0-255,66,216721,64,302082
30808,0.027747,74.125.24.0-255,5738,222459,64,302082
30809,0.027754,172.31.40.0-255,66,222525,64,302082
30810,0.028869,172.31.40.0-255,172,222697,64,302082
30811,0.028899,172.31.40.0-255,1111,223808,64,302082
30812,0.02896,172.31.40.0-255,1514,225322,64,302082
30813,0.028962,172.31.40.0-255,1514,226836,64,302082
30814,0.028968,172.31.40.0-255,1514,228350,64,302082
30815,0.028969,172.31.40.0-255,1078,229428,64,302082
30816,0.029843,74.125.24.0-255,5738,235166,64,302082
30817,0.029851,172.31.40.0-255,66,235232,64,302082
30818,0.030395,104.244.42.0-255,66,235298,64,302082
30819,0.030463,104.244.42.0-255,66,235364,64,302082
30820,0.03052,104.244.42.0-255,66,235430,64,302082
30821,0.030525,104.244.42.0-255,66,235496,64,302082
30822,0.031981,74.125.24.0-255,5738,241234,64,302082
30823,0.031988,172.31.40.0-255,66,241300,64,302082
30824,0.03409,74.125.24.0-255,5738,247038,64,302082
30825,0.034097,172.31.40.0-255,66,247104,64,302082
30826,0.036251,74.125.24.0-255,5738,252842,64,302082
30827,0.036258,172.31.40.0-255,66,252908,64,302082
30828,0.038343,74.125.24.0-255,5738,258646,64,302082
30829,0.03835,172.31.40.0-255,66,258712,64,302082
30830,0.04044,74.125.24.0-255,5738,264450,64,302082
30831,0.040447,172.31.40.0-255,66,264516,64,302082
30832,0.042562,74.125.24.0-255,5738,270254,64,302082
30833,0.042571,172.31.40.0-255,66,270320,64,302082
30834,0.044725,74.125.24.0-255,5738,276058,64,302082
30835,0.044731,172.31.40.0-255,66,276124,64,302082
30836,0.046817,74.125.24.0-255,5738,281862,64,302082
30837,0.046824,172.31.40.0-255,66,281928,64,302082
30838,0.048966,74.125.24.0-255,5738,287666,64,302082
30839,0.048972,172.31.40.0-255,66,287732,64,302082
30840,0.051076,74.125.24.0-255,5738,293470,64,302082
30841,0.051082,172.31.40.0-255,66,293536,64,302082
30842,0.053177,74.125.24.0-255,5738,299274,64,302082
30843,0.053183,172.31.40.0-255,66,299340,64,302082
30844,0.055321,74.125.24.0-255,2505,301845,64,302082
30845,0.055328,172.31.40.0-255,66,301911,64,302082
30846,0.055492,172.31.40.0-255,105,302016,64,302082
30847,0.057612,74.125.24.0-255,66,302082,64,302082
30848,0.0,74.125.68.0-255,150,150,64,375885
30849,2.2e-05,172.31.40.0-255,66,216,64,375885
30850,2.9e-05,74.125.68.0-255,1484,1700,64,375885
30851,3.4e-05,172.31.40.0-255,66,1766,64,375885
30852,4e-05,74.125.68.0-255,2902,4668,64,375885
30853,4.4e-05,172.31.40.0-255,66,4734,64,375885
30854,7.1e-05,74.125.68.0-255,1484,6218,64,375885
30855,7.4e-05,172.31.40.0-255,66,6284,64,375885
30856,0.0001,74.125.68.0-255,4320,10604,64,375885
30857,0.000103,172.31.40.0-255,66,10670,64,375885
30858,0.000109,74.125.68.0-255,3582,14252,64,375885
30859,0.000111,172.31.40.0-255,66,14318,64,375885
30860,0.000511,74.125.68.0-255,1484,15802,64,375885
30861,0.000516,172.31.40.0-255,66,15868,64,375885
30862,0.000535,74.125.68.0-255,1484,17352,64,375885
30863,0.000538,172.31.40.0-255,66,17418,64,375885
30864,0.000563,74.125.68.0-255,2902,20320,64,375885
30865,0.000565,172.31.40.0-255,66,20386,64,375885
30866,0.000589,74.125.68.0-255,5738,26124,64,375885
30867,0.000591,172.31.40.0-255,66,26190,64,375885
30868,0.000622,74.125.68.0-255,1484,27674,64,375885
30869,0.000625,172.31.40.0-255,66,27740,64,375885
30870,0.000646,74.125.68.0-255,5379,33119,64,375885
30871,0.000649,172.31.40.0-255,66,33185,64,375885
30872,0.000654,74.125.68.0-255,2902,36087,64,375885
30873,0.000656,172.31.40.0-255,66,36153,64,375885
30874,0.000659,74.125.68.0-255,1484,37637,64,375885
30875,0.000661,172.31.40.0-255,66,37703,64,375885
30876,0.000694,172.31.40.0-255,66,37769,64,375885
30877,0.000697,74.125.68.0-255,1125,38894,64,375885
30878,0.000699,172.31.40.0-255,66,38960,64,375885
30879,0.000863,74.125.68.0-255,1484,40444,64,375885
30880,0.000887,74.125.68.0-255,2902,43346,64,375885
30881,0.00089,74.125.68.0-255,1484,44830,64,375885
30882,0.000896,172.31.40.0-255,66,44896,64,375885
30883,0.000906,74.125.68.0-255,2902,47798,64,375885
30884,0.000908,172.31.40.0-255,66,47864,64,375885
30885,0.00095,74.125.68.0-255,5738,53602,64,375885
30886,0.000953,172.31.40.0-255,66,53668,64,375885
30887,0.000956,74.125.68.0-255,1484,55152,64,375885
30888,0.000991,74.125.68.0-255,1398,56550,64,375885
30889,0.000994,172.31.40.0-255,66,56616,64,375885
30890,0.001337,74.125.68.0-255,1484,58100,64,375885
30891,0.001345,74.125.68.0-255,1484,59584,64,375885
30892,0.00135,172.31.40.0-255,66,59650,64,375885
30893,0.001369,74.125.68.0-255,2902,62552,64,375885
30894,0.001372,172.31.40.0-255,66,62618,64,375885
30895,0.001389,74.125.68.0-255,2902,65520,64,375885
30896,0.001391,172.31.40.0-255,66,65586,64,375885
30897,0.001414,74.125.68.0-255,2902,68488,64,375885
30898,0.001417,172.31.40.0-255,66,68554,64,375885
30899,0.001428,172.31.40.0-255,66,68620,64,375885
30900,0.001439,74.125.68.0-255,1484,70104,64,375885
30901,0.001466,172.31.40.0-255,66,70170,64,375885
30902,0.001471,74.125.68.0-255,2902,73072,64,375885
30903,0.001473,172.31.40.0-255,66,73138,64,375885
30904,0.001509,74.125.68.0-255,766,73904,64,375885
30905,0.001575,74.125.68.0-255,1484,75388,64,375885
30906,0.001578,172.31.40.0-255,66,75454,64,375885
30907,0.001584,74.125.68.0-255,2902,78356,64,375885
30908,0.001587,172.31.40.0-255,66,78422,64,375885
30909,0.001604,74.125.68.0-255,1484,79906,64,375885
30910,0.001619,74.125.68.0-255,1484,81390,64,375885
30911,0.001622,172.31.40.0-255,66,81456,64,375885
30912,0.001639,74.125.68.0-255,1484,82940,64,375885
30913,0.001658,74.125.68.0-255,1484,84424,64,375885
30914,0.00166,172.31.40.0-255,66,84490,64,375885
30915,0.001695,74.125.68.0-255,2902,87392,64,375885
30916,0.001698,172.31.40.0-255,66,87458,64,375885
30917,0.001701,74.125.68.0-255,1484,88942,64,375885
30918,0.001718,74.125.68.0-255,1484,90426,64,375885
30919,0.001721,172.31.40.0-255,66,90492,64,375885
30920,0.001727,74.125.68.0-255,4320,94812,64,375885
30921,0.001729,172.31.40.0-255,66,94878,64,375885
30922,0.001742,74.125.68.0-255,1484,96362,64,375885
30923,0.001762,74.125.68.0-255,7156,103518,64,375885
30924,0.001765,172.31.40.0-255,66,103584,64,375885
30925,0.00177,74.125.68.0-255,4320,107904,64,375885
30926,0.001773,172.31.40.0-255,66,107970,64,375885
30927,0.001814,74.125.68.0-255,4320,112290,64,375885
30928,0.001817,172.31.40.0-255,66,112356,64,375885
30929,0.001833,74.125.68.0-255,7156,119512,64,375885
30930,0.001837,172.31.40.0-255,66,119578,64,375885
30931,0.001853,74.125.68.0-255,2184,121762,64,375885
30932,0.001856,172.31.40.0-255,66,121828,64,375885
30933,0.001862,74.125.68.0-255,5738,127566,64,375885
30934,0.001865,172.31.40.0-255,66,127632,64,375885
30935,0.001894,172.31.40.0-255,66,127698,64,375885
30936,0.001899,74.125.68.0-255,4320,132018,64,375885
30937,0.001901,172.31.40.0-255,66,132084,64,375885
30938,0.001924,74.125.68.0-255,2184,134268,64,375885
30939,0.001927,172.31.40.0-255,66,134334,64,375885
30940,0.001956,74.125.68.0-255,381,134715,64,375885
30941,0.00204,74.125.68.0-255,1484,136199,64,375885
30942,0.002045,172.31.40.0-255,66,136265,64,375885
30943,0.002051,74.125.68.0-255,2902,139167,64,375885
30944,0.002054,172.31.40.0-255,66,139233,64,375885
30945,0.002059,74.125.68.0-255,4320,143553,64,375885
30946,0.002061,172.31.40.0-255,66,143619,64,375885
30947,0.002085,74.125.68.0-255,5738,149357,64,375885
30948,0.002088,172.31.40.0-255,66,149423,64,375885
30949,0.002148,172.31.40.0-255,66,149489,64,375885
30950,0.002165,74.125.68.0-255,2902,152391,64,375885
30951,0.002167,172.31.40.0-255,66,152457,64,375885
30952,0.002172,74.125.68.0-255,4320,156777,64,375885
30953,0.002174,172.31.40.0-255,66,156843,64,375885
30954,0.002179,74.125.68.0-255,3602,160445,64,375885
30955,0.002181,172.31.40.0-255,66,160511,64,375885
30956,0.002216,74.125.68.0-255,1484,161995,64,375885
30957,0.002266,74.125.68.0-255,2902,164897,64,375885
30958,0.00227,172.31.40.0-255,66,164963,64,375885
30959,0.002312,74.125.68.0-255,2902,167865,64,375885
30960,0.002315,172.31.40.0-255,66,167931,64,375885
30961,0.002329,74.125.68.0-255,1484,169415,64,375885
30962,0.002333,74.125.68.0-255,1484,170899,64,375885
30963,0.002335,172.31.40.0-255,66,170965,64,375885
30964,0.002377,74.125.68.0-255,2902,173867,64,375885
30965,0.002385,74.125.68.0-255,5738,179605,64,375885
30966,0.00239,74.125.68.0-255,2902,182507,64,375885
30967,0.002429,74.125.68.0-255,1484,183991,64,375885
30968,0.002442,74.125.68.0-255,2902,186893,64,375885
30969,0.002481,74.125.68.0-255,4320,191213,64,375885
30970,0.002535,74.125.68.0-255,3602,194815,64,375885
30971,0.007417,172.31.40.0-255,66,194881,64,375885
30972,0.009941,74.125.68.0-255,5738,200619,64,375885
30973,0.009948,172.31.40.0-255,66,200685,64,375885
30974,0.012465,74.125.68.0-255,5738,206423,64,375885
30975,0.012473,172.31.40.0-255,66,206489,64,375885
30976,0.015029,74.125.68.0-255,5738,212227,64,375885
30977,0.015046,172.31.40.0-255,66,212293,64,375885
30978,0.017583,74.125.68.0-255,5738,218031,64,375885
30979,0.0176,172.31.40.0-255,66,218097,64,375885
30980,0.020131,74.125.68.0-255,5738,223835,64,375885
30981,0.020144,172.31.40.0-255,66,223901,64,375885
30982,0.022671,74.125.68.0-255,5738,229639,64,375885
30983,0.022679,172.31.40.0-255,66,229705,64,375885
30984,0.025218,74.125.68.0-255,5738,235443,64,375885
30985,0.025234,172.31.40.0-255,66,235509,64,375885
30986,0.027757,74.125.68.0-255,5738,241247,64,375885
30987,0.027766,172.31.40.0-255,66,241313,64,375885
30988,0.03029,74.125.68.0-255,5738,247051,64,375885
30989,0.030297,172.31.40.0-255,66,247117,64,375885
30990,0.03283,74.125.68.0-255,5738,252855,64,375885
30991,0.032835,172.31.40.0-255,66,252921,64,375885
30992,0.033707,172.31.40.0-255,167,253088,64,375885
30993,0.033734,172.31.40.0-255,1107,254195,64,375885
30994,0.033785,172.31.40.0-255,1514,255709,64,375885
30995,0.033787,172.31.40.0-255,338,256047,64,375885
30996,0.035266,104.244.42.0-255,66,256113,64,375885
30997,0.0353,104.244.42.0-255,66,256179,64,375885
30998,0.035347,104.244.42.0-255,66,256245,64,375885
30999,0.035391,74.125.68.0-255,5738,261983,64,375885
31000,0.035397,172.31.40.0-255,66,262049,64,375885
31001,0.037925,74.125.68.0-255,5738,267787,64,375885
31002,0.037931,172.31.40.0-255,66,267853,64,375885
31003,0.040489,74.125.68.0-255,5738,273591,64,375885
31004,0.040499,172.31.40.0-255,66,273657,64,375885
31005,0.043021,74.125.68.0-255,5738,279395,64,375885
31006,0.043028,172.31.40.0-255,66,279461,64,375885
31007,0.045556,74.125.68.0-255,5738,285199,64,375885
31008,0.045564,172.31.40.0-255,66,285265,64,375885
31009,0.048091,74.125.68.0-255,5738,291003,64,375885
31010,0.048098,172.31.40.0-255,66,291069,64,375885
31011,0.050632,74.125.68.0-255,5738,296807,64,375885
31012,0.050638,172.31.40.0-255,66,296873,64,375885
31013,0.053156,74.125.68.0-255,5738,302611,64,375885
31014,0.053162,172.31.40.0-255,66,302677,64,375885
31015,0.055697,74.125.68.0-255,5738,308415,64,375885
31016,0.055711,172.31.40.0-255,66,308481,64,375885
31017,0.058245,74.125.68.0-255,5738,314219,64,375885
31018,0.058253,172.31.40.0-255,66,314285,64,375885
31019,0.060781,74.125.68.0-255,5738,320023,64,375885
31020,0.060787,172.31.40.0-255,66,320089,64,375885
31021,0.063313,74.125.68.0-255,5738,325827,64,375885
31022,0.063319,172.31.40.0-255,66,325893,64,375885
31023,0.065895,74.125.68.0-255,5738,331631,64,375885
31024,0.065901,172.31.40.0-255,66,331697,64,375885
31025,0.068448,74.125.68.0-255,5738,337435,64,375885
31026,0.068454,172.31.40.0-255,66,337501,64,375885
31027,0.070982,74.125.68.0-255,5738,343239,64,375885
31028,0.070989,172.31.40.0-255,66,343305,64,375885
31029,0.073531,74.125.68.0-255,5738,349043,64,375885
31030,0.073537,172.31.40.0-255,66,349109,64,375885
31031,0.076071,74.125.68.0-255,5738,354847,64,375885
31032,0.076077,172.31.40.0-255,66,354913,64,375885
31033,0.078609,74.125.68.0-255,5738,360651,64,375885
31034,0.078616,172.31.40.0-255,66,360717,64,375885
31035,0.081143,74.125.68.0-255,5738,366455,64,375885
31036,0.08115,172.31.40.0-255,66,366521,64,375885
31037,0.083681,74.125.68.0-255,5738,372259,64,375885
31038,0.083687,172.31.40.0-255,66,372325,64,375885
31039,0.086204,74.125.68.0-255,3323,375648,64,375885
31040,0.086211,172.31.40.0-255,66,375714,64,375885
31041,0.087199,172.31.40.0-255,105,375819,64,375885
31042,0.089691,74.125.68.0-255,66,375885,64,375885
31043,0.0,172.217.194.0-255,143,143,64,229070
31044,1.7e-05,172.31.40.0-255,66,209,64,229070
31045,2.4e-05,172.217.194.0-255,1484,1693,64,229070
31046,2.8e-05,172.31.40.0-255,66,1759,64,229070
31047,3.3e-05,172.217.194.0-255,2902,4661,64,229070
31048,4.2e-05,172.31.40.0-255,66,4727,64,229070
31049,4.8e-05,172.217.194.0-255,4320,9047,64,229070
31050,5.1e-05,172.31.40.0-255,66,9113,64,229070
31051,8.2e-05,172.217.194.0-255,2902,12015,64,229070
31052,8.4e-05,172.31.40.0-255,66,12081,64,229070
31053,0.000119,172.217.194.0-255,2074,14155,64,229070
31054,0.000121,172.31.40.0-255,66,14221,64,229070
31055,0.000187,172.217.194.0-255,1484,15705,64,229070
31056,0.000191,172.31.40.0-255,66,15771,64,229070
31057,0.000195,172.217.194.0-255,1484,17255,64,229070
31058,0.000196,172.31.40.0-255,66,17321,64,229070
31059,0.000219,172.217.194.0-255,1484,18805,64,229070
31060,0.000221,172.31.40.0-255,66,18871,64,229070
31061,0.000229,172.217.194.0-255,1484,20355,64,229070
31062,0.000231,172.31.40.0-255,66,20421,64,229070
31063,0.000265,172.217.194.0-255,1484,21905,64,229070
31064,0.000267,172.31.40.0-255,66,21971,64,229070
31065,0.000273,172.217.194.0-255,4320,26291,64,229070
31066,0.000275,172.31.40.0-255,66,26357,64,229070
31067,0.000316,172.217.194.0-255,5738,32095,64,229070
31068,0.000319,172.31.40.0-255,66,32161,64,229070
31069,0.000355,172.217.194.0-255,2543,34704,64,229070
31070,0.000357,172.31.40.0-255,66,34770,64,229070
31071,0.000374,172.31.40.0-255,66,34836,64,229070
31072,0.00038,172.217.194.0-255,5379,40215,64,229070
31073,0.000382,172.31.40.0-255,66,40281,64,229070
31074,0.000564,172.217.194.0-255,1484,41765,64,229070
31075,0.00057,172.217.194.0-255,1484,43249,64,229070
31076,0.000581,172.217.194.0-255,1484,44733,64,229070
31077,0.000588,172.217.194.0-255,5738,50471,64,229070
31078,0.000618,172.217.194.0-255,6797,57268,64,229070
31079,0.000629,172.217.194.0-255,365,57633,64,229070
31080,0.000649,172.31.40.0-255,66,57699,64,229070
31081,0.000748,172.217.194.0-255,377,58076,64,229070
31082,0.001118,172.217.194.0-255,1484,59560,64,229070
31083,0.001122,172.31.40.0-255,66,59626,64,229070
31084,0.001129,172.217.194.0-255,2902,62528,64,229070
31085,0.001131,172.31.40.0-255,66,62594,64,229070
31086,0.001136,172.217.194.0-255,4320,66914,64,229070
31087,0.001159,172.217.194.0-255,1484,68398,64,229070
31088,0.001189,172.217.194.0-255,2902,71300,64,229070
31089,0.001192,172.217.194.0-255,1484,72784,64,229070
31090,0.001199,172.31.40.0-255,66,72850,64,229070
31091,0.001209,172.217.194.0-255,1484,74334,64,229070
31092,0.001257,172.31.40.0-255,66,74400,64,229070
31093,0.001654,172.217.194.0-255,1484,75884,64,229070
31094,0.00166,172.217.194.0-255,2902,78786,64,229070
31095,0.001664,172.31.40.0-255,66,78852,64,229070
31096,0.001668,172.217.194.0-255,1484,80336,64,229070
31097,0.001698,172.217.194.0-255,4320,84656,64,229070
31098,0.0017,172.31.40.0-255,66,84722,64,229070
31099,0.001708,172.217.194.0-255,7156,91878,64,229070
31100,0.00171,172.31.40.0-255,66,91944,64,229070
31101,0.001736,172.217.194.0-255,5738,97682,64,229070
31102,0.00174,172.31.40.0-255,66,97748,64,229070
31103,0.001769,172.217.194.0-255,1484,99232,64,229070
31104,0.0018,172.31.40.0-255,66,99298,64,229070
31105,0.001852,172.217.194.0-255,2902,102200,64,229070
31106,0.001859,172.31.40.0-255,66,102266,64,229070
31107,0.001895,172.217.194.0-255,7156,109422,64,229070
31108,0.001905,172.31.40.0-255,66,109488,64,229070
31109,0.001919,172.217.194.0-255,1484,110972,64,229070
31110,0.001957,172.217.194.0-255,2902,113874,64,229070
31111,0.001963,172.217.194.0-255,4320,118194,64,229070
31112,0.001969,172.217.194.0-255,5738,123932,64,229070
31113,0.001974,172.31.40.0-255,66,123998,64,229070
31114,0.00199,172.217.194.0-255,2902,126900,64,229070
31115,0.002027,172.31.40.0-255,66,126966,64,229070
31116,0.002123,172.217.194.0-255,1484,128450,64,229070
31117,0.002127,172.217.194.0-255,1484,129934,64,229070
31118,0.00214,172.217.194.0-255,1484,131418,64,229070
31119,0.002143,172.31.40.0-255,66,131484,64,229070
31120,0.002174,172.217.194.0-255,5738,137222,64,229070
31121,0.002181,172.217.194.0-255,5738,142960,64,229070
31122,0.002219,172.217.194.0-255,4320,147280,64,229070
31123,0.002238,172.217.194.0-255,2902,150182,64,229070
31124,0.002252,172.31.40.0-255,66,150248,64,229070
31125,0.002261,172.31.40.0-255,66,150314,64,229070
31126,0.002649,172.217.194.0-255,1484,151798,64,229070
31127,0.002655,172.217.194.0-255,2902,154700,64,229070
31128,0.002659,172.31.40.0-255,66,154766,64,229070
31129,0.002667,172.217.194.0-255,5738,160504,64,229070
31130,0.002721,172.217.194.0-255,2902,163406,64,229070
31131,0.003345,172.217.194.0-255,1484,164890,64,229070
31132,0.003353,172.217.194.0-255,2902,167792,64,229070
31133,0.003358,172.217.194.0-255,2902,170694,64,229070
31134,0.003371,172.217.194.0-255,1484,172178,64,229070
31135,0.003375,172.217.194.0-255,1484,173662,64,229070
31136,0.003401,172.217.194.0-255,7156,180818,64,229070
31137,0.003423,172.217.194.0-255,5738,186556,64,229070
31138,0.003471,172.217.194.0-255,5738,192294,64,229070
31139,0.003494,172.217.194.0-255,1484,193778,64,229070
31140,0.003541,172.217.194.0-255,766,194544,64,229070
31141,0.003579,172.217.194.0-255,5738,200282,64,229070
31142,0.003597,172.217.194.0-255,2902,203184,64,229070
31143,0.003662,172.217.194.0-255,6438,209622,64,229070
31144,0.003665,172.217.194.0-255,1484,211106,64,229070
31145,0.003716,172.217.194.0-255,2902,214008,64,229070
31146,0.003731,172.217.194.0-255,1484,215492,64,229070
31147,0.003778,172.217.194.0-255,5738,221230,64,229070
31148,0.003795,172.217.194.0-255,3206,224436,64,229070
31149,0.003798,172.217.194.0-255,105,224541,64,229070
31150,0.009509,172.31.40.0-255,66,224607,64,229070
31151,0.011448,172.31.40.0-255,105,224712,64,229070
31152,0.013503,172.217.194.0-255,66,224778,64,229070
31153,0.029798,172.31.40.0-255,172,224950,64,229070
31154,0.029835,172.31.40.0-255,1112,226062,64,229070
31155,0.029898,172.31.40.0-255,1514,227576,64,229070
31156,0.0299,172.31.40.0-255,1296,228872,64,229070
31157,0.031363,104.244.42.0-255,66,228938,64,229070
31158,0.031394,104.244.42.0-255,66,229004,64,229070
31159,0.03145,104.244.42.0-255,66,229070,64,229070
31160,0.0,172.31.40.0-255,105,105,64,459
31161,0.000169,172.31.40.0-255,90,195,64,459
31162,0.00018,172.31.40.0-255,66,261,64,459
31163,0.002688,172.217.194.0-255,66,327,64,459
31164,0.00272,172.217.194.0-255,66,393,64,459
31165,0.002743,172.31.40.0-255,66,459,64,459
31166,0.0,74.125.200.0-255,153,153,64,371832
31167,2.4e-05,172.31.40.0-255,66,219,64,371832
31168,3.1e-05,74.125.200.0-255,1484,1703,64,371832
31169,3.7e-05,172.31.40.0-255,66,1769,64,371832
31170,5e-05,74.125.200.0-255,2902,4671,64,371832
31171,5.4e-05,172.31.40.0-255,66,4737,64,371832
31172,7.4e-05,74.125.200.0-255,2902,7639,64,371832
31173,8.2e-05,172.31.40.0-255,66,7705,64,371832
31174,0.000112,74.125.200.0-255,4320,12025,64,371832
31175,0.000116,172.31.40.0-255,66,12091,64,371832
31176,0.00012,74.125.200.0-255,2100,14191,64,371832
31177,0.000122,172.31.40.0-255,66,14257,64,371832
31178,0.000258,74.125.200.0-255,1484,15741,64,371832
31179,0.000262,172.31.40.0-255,66,15807,64,371832
31180,0.000291,74.125.200.0-255,2902,18709,64,371832
31181,0.000294,172.31.40.0-255,66,18775,64,371832
31182,0.000298,74.125.200.0-255,2902,21677,64,371832
31183,0.0003,172.31.40.0-255,66,21743,64,371832
31184,0.000311,74.125.200.0-255,4320,26063,64,371832
31185,0.000314,172.31.40.0-255,66,26129,64,371832
31186,0.000336,74.125.200.0-255,2902,29031,64,371832
31187,0.000339,172.31.40.0-255,66,29097,64,371832
31188,0.00036,74.125.200.0-255,2543,31640,64,371832
31189,0.000363,172.31.40.0-255,66,31706,64,371832
31190,0.000391,74.125.200.0-255,1484,33190,64,371832
31191,0.000394,172.31.40.0-255,66,33256,64,371832
31192,0.000399,74.125.200.0-255,2902,36158,64,371832
31193,0.000401,172.31.40.0-255,66,36224,64,371832
31194,0.000429,74.125.200.0-255,5738,41962,64,371832
31195,0.000432,172.31.40.0-255,66,42028,64,371832
31196,0.000444,74.125.200.0-255,6797,48825,64,371832
31197,0.000446,172.31.40.0-255,66,48891,64,371832
31198,0.00113,74.125.200.0-255,1484,50375,64,371832
31199,0.00114,74.125.200.0-255,1484,51859,64,371832
31200,0.001145,172.31.40.0-255,66,51925,64,371832
31201,0.001166,74.125.200.0-255,1484,53409,64,371832
31202,0.001174,74.125.200.0-255,5738,59147,64,371832
31203,0.001176,172.31.40.0-255,66,59213,64,371832
31204,0.001216,74.125.200.0-255,6797,66010,64,371832
31205,0.001219,172.31.40.0-255,66,66076,64,371832
31206,0.001227,74.125.200.0-255,7156,73232,64,371832
31207,0.001234,172.31.40.0-255,66,73298,64,371832
31208,0.00127,172.31.40.0-255,66,73364,64,371832
31209,0.001282,74.125.200.0-255,1484,74848,64,371832
31210,0.001303,74.125.200.0-255,2902,77750,64,371832
31211,0.001305,172.31.40.0-255,66,77816,64,371832
31212,0.001332,74.125.200.0-255,5738,83554,64,371832
31213,0.001335,172.31.40.0-255,66,83620,64,371832
31214,0.001339,74.125.200.0-255,1484,85104,64,371832
31215,0.001371,74.125.200.0-255,2902,88006,64,371832
31216,0.001374,172.31.40.0-255,66,88072,64,371832
31217,0.001408,74.125.200.0-255,2543,90615,64,371832
31218,0.001411,172.31.40.0-255,66,90681,64,371832
31219,0.00147,74.125.200.0-255,1484,92165,64,371832
31220,0.001475,74.125.200.0-255,1484,93649,64,371832
31221,0.001478,172.31.40.0-255,66,93715,64,371832
31222,0.00151,74.125.200.0-255,2902,96617,64,371832
31223,0.001514,172.31.40.0-255,66,96683,64,371832
31224,0.00152,74.125.200.0-255,5738,102421,64,371832
31225,0.00157,74.125.200.0-255,7156,109577,64,371832
31226,0.001584,74.125.200.0-255,1484,111061,64,371832
31227,0.001599,74.125.200.0-255,4182,115243,64,371832
31228,0.001709,74.125.200.0-255,1484,116727,64,371832
31229,0.001732,74.125.200.0-255,2902,119629,64,371832
31230,0.001735,74.125.200.0-255,1484,121113,64,371832
31231,0.001748,74.125.200.0-255,1484,122597,64,371832
31232,0.001769,74.125.200.0-255,4320,126917,64,371832
31233,0.001801,74.125.200.0-255,2902,129819,64,371832
31234,0.001857,74.125.200.0-255,5738,135557,64,371832
31235,0.001876,74.125.200.0-255,5020,140577,64,371832
31236,0.001978,74.125.200.0-255,1484,142061,64,371832
31237,0.002006,74.125.200.0-255,2902,144963,64,371832
31238,0.002013,74.125.200.0-255,4320,149283,64,371832
31239,0.002037,74.125.200.0-255,7156,156439,64,371832
31240,0.002048,74.125.200.0-255,1484,157923,64,371832
31241,0.002053,74.125.200.0-255,4320,162243,64,371832
31242,0.002056,74.125.200.0-255,1484,163727,64,371832
31243,0.002072,74.125.200.0-255,4320,168047,64,371832
31244,0.002094,74.125.200.0-255,1484,169531,64,371832
31245,0.002119,74.125.200.0-255,5020,174551,64,371832
31246,0.00213,74.125.200.0-255,1484,176035,64,371832
31247,0.00215,74.125.200.0-255,5738,181773,64,371832
31248,0.002154,74.125.200.0-255,2902,184675,64,371832
31249,0.002169,74.125.200.0-255,1484,186159,64,371832
31250,0.002182,74.125.200.0-255,4320,190479,64,371832
31251,0.00221,74.125.200.0-255,5738,196217,64,371832
31252,0.002228,74.125.200.0-255,1484,197701,64,371832
31253,0.002252,74.125.200.0-255,2184,199885,64,371832
31254,0.002337,74.125.200.0-255,1484,201369,64,371832
31255,0.00234,74.125.200.0-255,1484,202853,64,371832
31256,0.002352,74.125.200.0-255,1484,204337,64,371832
31257,0.002373,74.125.200.0-255,4320,208657,64,371832
31258,0.00238,74.125.200.0-255,4320,212977,64,371832
31259,0.002405,74.125.200.0-255,4320,217297,64,371832
31260,0.002411,74.125.200.0-255,5738,223035,64,371832
31261,0.00243,74.125.200.0-255,2902,225937,64,371832
31262,0.002454,74.125.200.0-255,2902,228839,64,371832
31263,0.002476,74.125.200.0-255,5020,233859,64,371832
31264,0.003608,74.125.200.0-255,1484,235343,64,371832
31265,0.003616,74.125.200.0-255,1484,236827,64,371832
31266,0.003633,74.125.200.0-255,1484,238311,64,371832
31267,0.00364,74.125.200.0-255,4320,242631,64,371832
31268,0.003676,74.125.200.0-255,5738,248369,64,371832
31269,0.003698,74.125.200.0-255,5738,254107,64,371832
31270,0.003724,74.125.200.0-255,1484,255591,64,371832
31271,0.003727,74.125.200.0-255,1484,257075,64,371832
31272,0.00373,74.125.200.0-255,1484,258559,64,371832
31273,0.003732,74.125.200.0-255,766,259325,64,371832
31274,0.003784,74.125.200.0-255,2902,262227,64,371832
31275,0.003787,74.125.200.0-255,1484,263711,64,371832
31276,0.003795,74.125.200.0-255,7156,270867,64,371832
31277,0.003803,74.125.200.0-255,7156,278023,64,371832
31278,0.003806,74.125.200.0-255,1484,279507,64,371832
31279,0.003833,74.125.200.0-255,5738,285245,64,371832
31280,0.003838,74.125.200.0-255,4320,289565,64,371832
31281,0.003862,74.125.200.0-255,1484,291049,64,371832
31282,0.003876,74.125.200.0-255,3602,294651,64,371832
31283,0.003882,74.125.200.0-255,5738,300389,64,371832
31284,0.003894,74.125.200.0-255,1484,301873,64,371832
31285,0.0039,74.125.200.0-255,5738,307611,64,371832
31286,0.003923,74.125.200.0-255,2902,310513,64,371832
31287,0.003939,74.125.200.0-255,7156,317669,64,371832
31288,0.003967,74.125.200.0-255,7156,324825,64,371832
31289,0.003971,74.125.200.0-255,2184,327009,64,371832
31290,0.00416,74.125.200.0-255,1484,328493,64,371832
31291,0.004164,74.125.200.0-255,1484,329977,64,371832
31292,0.00418,74.125.200.0-255,1484,331461,64,371832
31293,0.004185,74.125.200.0-255,4320,335781,64,371832
31294,0.004204,74.125.200.0-255,4320,340101,64,371832
31295,0.004226,74.125.200.0-255,4320,344421,64,371832
31296,0.00423,74.125.200.0-255,2902,347323,64,371832
31297,0.004248,74.125.200.0-255,4320,351643,64,371832
31298,0.004254,74.125.200.0-255,4320,355963,64,371832
31299,0.004278,74.125.200.0-255,4320,360283,64,371832
31300,0.004282,74.125.200.0-255,2184,362467,64,371832
31301,0.004286,74.125.200.0-255,2902,365369,64,371832
31302,0.004318,74.125.200.0-255,1830,367199,64,371832
31303,0.00435,74.125.200.0-255,105,367304,64,371832
31304,0.009952,172.31.40.0-255,66,367370,64,371832
31305,0.012925,172.31.40.0-255,105,367475,64,371832
31306,0.015417,74.125.200.0-255,66,367541,64,371832
31307,0.0489,172.31.40.0-255,171,367712,64,371832
31308,0.048928,172.31.40.0-255,1137,368849,64,371832
31309,0.048981,172.31.40.0-255,1514,370363,64,371832
31310,0.048982,172.31.40.0-255,1271,371634,64,371832
31311,0.050454,104.244.42.0-255,66,371700,64,371832
31312,0.050502,104.244.42.0-255,66,371766,64,371832
31313,0.05053,104.244.42.0-255,66,371832,64,371832
31314,0.0,74.125.130.0-255,150,150,64,370148
31315,2.1e-05,172.31.40.0-255,66,216,64,370148
31316,2.8e-05,74.125.130.0-255,1484,1700,64,370148
31317,3.4e-05,172.31.40.0-255,66,1766,64,370148
31318,4.7e-05,74.125.130.0-255,2902,4668,64,370148
31319,5.1e-05,172.31.40.0-255,66,4734,64,370148
31320,5.4e-05,74.125.130.0-255,1484,6218,64,370148
31321,5.7e-05,172.31.40.0-255,66,6284,64,370148
31322,6.3e-05,74.125.130.0-255,2902,9186,64,370148
31323,6.5e-05,172.31.40.0-255,66,9252,64,370148
31324,6.9e-05,74.125.130.0-255,2902,12154,64,370148
31325,7.1e-05,172.31.40.0-255,66,12220,64,370148
31326,0.000108,74.125.130.0-255,3544,15764,64,370148
31327,0.000111,172.31.40.0-255,66,15830,64,370148
31328,0.000115,74.125.130.0-255,2902,18732,64,370148
31329,0.000118,172.31.40.0-255,66,18798,64,370148
31330,0.000123,74.125.130.0-255,4320,23118,64,370148
31331,0.000125,172.31.40.0-255,66,23184,64,370148
31332,0.000164,172.31.40.0-255,66,23250,64,370148
31333,0.000293,74.125.130.0-255,1484,24734,64,370148
31334,0.000297,172.31.40.0-255,66,24800,64,370148
31335,0.000303,74.125.130.0-255,2902,27702,64,370148
31336,0.000305,172.31.40.0-255,66,27768,64,370148
31337,0.000326,74.125.130.0-255,4320,32088,64,370148
31338,0.000329,172.31.40.0-255,66,32154,64,370148
31339,0.000353,74.125.130.0-255,1484,33638,64,370148
31340,0.000355,172.31.40.0-255,66,33704,64,370148
31341,0.00036,74.125.130.0-255,2902,36606,64,370148
31342,0.000362,172.31.40.0-255,66,36672,64,370148
31343,0.000367,74.125.130.0-255,3961,40633,64,370148
31344,0.000369,172.31.40.0-255,66,40699,64,370148
31345,0.000391,74.125.130.0-255,1484,42183,64,370148
31346,0.000415,74.125.130.0-255,2902,45085,64,370148
31347,0.000417,172.31.40.0-255,66,45151,64,370148
31348,0.000422,74.125.130.0-255,4320,49471,64,370148
31349,0.000425,172.31.40.0-255,66,49537,64,370148
31350,0.000444,74.125.130.0-255,1484,51021,64,370148
31351,0.000455,74.125.130.0-255,5738,56759,64,370148
31352,0.000458,172.31.40.0-255,66,56825,64,370148
31353,0.000484,74.125.130.0-255,1417,58242,64,370148
31354,0.000862,74.125.130.0-255,98,58340,64,370148
31355,0.001084,172.31.40.0-255,66,58406,64,370148
31356,0.001328,74.125.130.0-255,1484,59890,64,370148
31357,0.001344,74.125.130.0-255,1484,61374,64,370148
31358,0.001348,172.31.40.0-255,66,61440,64,370148
31359,0.001375,74.125.130.0-255,2902,64342,64,370148
31360,0.001378,172.31.40.0-255,66,64408,64,370148
31361,0.001384,74.125.130.0-255,2902,67310,64,370148
31362,0.001385,172.31.40.0-255,66,67376,64,370148
31363,0.001408,74.125.130.0-255,2902,70278,64,370148
31364,0.00141,172.31.40.0-255,66,70344,64,370148
31365,0.001413,74.125.130.0-255,1484,71828,64,370148
31366,0.001417,74.125.130.0-255,2902,74730,64,370148
31367,0.00142,172.31.40.0-255,66,74796,64,370148
31368,0.001457,74.125.130.0-255,3961,78757,64,370148
31369,0.001459,172.31.40.0-255,66,78823,64,370148
31370,0.001462,74.125.130.0-255,1484,80307,64,370148
31371,0.001485,74.125.130.0-255,2902,83209,64,370148
31372,0.001487,172.31.40.0-255,66,83275,64,370148
31373,0.001506,172.31.40.0-255,66,83341,64,370148
31374,0.001513,74.125.130.0-255,5738,89079,64,370148
31375,0.001515,172.31.40.0-255,66,89145,64,370148
31376,0.00152,74.125.130.0-255,2902,92047,64,370148
31377,0.001521,172.31.40.0-255,66,92113,64,370148
31378,0.001551,74.125.130.0-255,4320,96433,64,370148
31379,0.001554,172.31.40.0-255,66,96499,64,370148
31380,0.001559,74.125.130.0-255,3602,100101,64,370148
31381,0.001561,172.31.40.0-255,66,100167,64,370148
31382,0.001974,74.125.130.0-255,1484,101651,64,370148
31383,0.001983,74.125.130.0-255,2902,104553,64,370148
31384,0.001987,172.31.40.0-255,66,104619,64,370148
31385,0.002008,74.125.130.0-255,4320,108939,64,370148
31386,0.002011,172.31.40.0-255,66,109005,64,370148
31387,0.002035,74.125.130.0-255,1484,110489,64,370148
31388,0.002041,74.125.130.0-255,7156,117645,64,370148
31389,0.002045,172.31.40.0-255,66,117711,64,370148
31390,0.002059,74.125.130.0-255,2902,120613,64,370148
31391,0.002061,172.31.40.0-255,66,120679,64,370148
31392,0.002085,74.125.130.0-255,7156,127835,64,370148
31393,0.002092,172.31.40.0-255,66,127901,64,370148
31394,0.002128,172.31.40.0-255,66,127967,64,370148
31395,0.002133,74.125.130.0-255,4320,132287,64,370148
31396,0.002135,172.31.40.0-255,66,132353,64,370148
31397,0.002219,172.31.40.0-255,66,132419,64,370148
31398,0.002226,74.125.130.0-255,7156,139575,64,370148
31399,0.002228,172.31.40.0-255,66,139641,64,370148
31400,0.002231,74.125.130.0-255,766,140407,64,370148
31401,0.00449,74.125.130.0-255,4320,144727,64,370148
31402,0.004498,172.31.40.0-255,66,144793,64,370148
31403,0.006753,74.125.130.0-255,5738,150531,64,370148
31404,0.006757,172.31.40.0-255,66,150597,64,370148
31405,0.009009,74.125.130.0-255,5738,156335,64,370148
31406,0.009016,172.31.40.0-255,66,156401,64,370148
31407,0.01127,74.125.130.0-255,5738,162139,64,370148
31408,0.011277,172.31.40.0-255,66,162205,64,370148
31409,0.013532,74.125.130.0-255,5738,167943,64,370148
31410,0.01354,172.31.40.0-255,66,168009,64,370148
31411,0.015799,74.125.130.0-255,5738,173747,64,370148
31412,0.015807,172.31.40.0-255,66,173813,64,370148
31413,0.018072,74.125.130.0-255,5738,179551,64,370148
31414,0.018081,172.31.40.0-255,66,179617,64,370148
31415,0.020343,74.125.130.0-255,5738,185355,64,370148
31416,0.020355,172.31.40.0-255,66,185421,64,370148
31417,0.022611,74.125.130.0-255,5738,191159,64,370148
31418,0.022619,172.31.40.0-255,66,191225,64,370148
31419,0.024874,74.125.130.0-255,5738,196963,64,370148
31420,0.024881,172.31.40.0-255,66,197029,64,370148
31421,0.027139,74.125.130.0-255,4320,201349,64,370148
31422,0.027145,172.31.40.0-255,66,201415,64,370148
31423,0.02717,74.125.130.0-255,1484,202899,64,370148
31424,0.027188,172.31.40.0-255,166,203065,64,370148
31425,0.027214,172.31.40.0-255,1131,204196,64,370148
31426,0.027263,172.31.40.0-255,1514,205710,64,370148
31427,0.027269,172.31.40.0-255,314,206024,64,370148
31428,0.028727,104.244.42.0-255,66,206090,64,370148
31429,0.028774,104.244.42.0-255,66,206156,64,370148
31430,0.028821,104.244.42.0-255,66,206222,64,370148
31431,0.029401,74.125.130.0-255,4320,210542,64,370148
31432,0.029409,172.31.40.0-255,66,210608,64,370148
31433,0.031693,74.125.130.0-255,5738,216346,64,370148
31434,0.031699,172.31.40.0-255,66,216412,64,370148
31435,0.033965,74.125.130.0-255,5738,222150,64,370148
31436,0.033977,172.31.40.0-255,66,222216,64,370148
31437,0.036232,74.125.130.0-255,5738,227954,64,370148
31438,0.036239,172.31.40.0-255,66,228020,64,370148
31439,0.038495,74.125.130.0-255,5738,233758,64,370148
31440,0.038502,172.31.40.0-255,66,233824,64,370148
31441,0.040771,74.125.130.0-255,5738,239562,64,370148
31442,0.040777,172.31.40.0-255,66,239628,64,370148
31443,0.043032,74.125.130.0-255,5738,245366,64,370148
31444,0.043038,172.31.40.0-255,66,245432,64,370148
31445,0.045311,74.125.130.0-255,5738,251170,64,370148
31446,0.045317,172.31.40.0-255,66,251236,64,370148
31447,0.047573,74.125.130.0-255,5738,256974,64,370148
31448,0.047579,172.31.40.0-255,66,257040,64,370148
31449,0.049837,74.125.130.0-255,5738,262778,64,370148
31450,0.049844,172.31.40.0-255,66,262844,64,370148
31451,0.052112,74.125.130.0-255,5738,268582,64,370148
31452,0.05212,172.31.40.0-255,66,268648,64,370148
31453,0.054392,74.125.130.0-255,5738,274386,64,370148
31454,0.0544,172.31.40.0-255,66,274452,64,370148
31455,0.056665,74.125.130.0-255,5738,280190,64,370148
31456,0.05667,172.31.40.0-255,66,280256,64,370148
31457,0.058936,74.125.130.0-255,5738,285994,64,370148
31458,0.058943,172.31.40.0-255,66,286060,64,370148
31459,0.061206,74.125.130.0-255,5738,291798,64,370148
31460,0.061212,172.31.40.0-255,66,291864,64,370148
31461,0.063473,74.125.130.0-255,5738,297602,64,370148
31462,0.063479,172.31.40.0-255,66,297668,64,370148
31463,0.065791,74.125.130.0-255,5738,303406,64,370148
31464,0.065797,172.31.40.0-255,66,303472,64,370148
31465,0.068069,74.125.130.0-255,5738,309210,64,370148
31466,0.06808,172.31.40.0-255,66,309276,64,370148
31467,0.07035,74.125.130.0-255,5738,315014,64,370148
31468,0.070358,172.31.40.0-255,66,315080,64,370148
31469,0.072637,74.125.130.0-255,5738,320818,64,370148
31470,0.072644,172.31.40.0-255,66,320884,64,370148
31471,0.074913,74.125.130.0-255,5738,326622,64,370148
31472,0.07492,172.31.40.0-255,66,326688,64,370148
31473,0.077184,74.125.130.0-255,5738,332426,64,370148
31474,0.077191,172.31.40.0-255,66,332492,64,370148
31475,0.079449,74.125.130.0-255,5738,338230,64,370148
31476,0.079455,172.31.40.0-255,66,338296,64,370148
31477,0.081715,74.125.130.0-255,5738,344034,64,370148
31478,0.081723,172.31.40.0-255,66,344100,64,370148
31479,0.084002,74.125.130.0-255,5738,349838,64,370148
31480,0.08401,172.31.40.0-255,66,349904,64,370148
31481,0.086272,74.125.130.0-255,5738,355642,64,370148
31482,0.086279,172.31.40.0-255,66,355708,64,370148
31483,0.088543,74.125.130.0-255,5738,361446,64,370148
31484,0.08855,172.31.40.0-255,66,361512,64,370148
31485,0.090802,74.125.130.0-255,5738,367250,64,370148
31486,0.090808,172.31.40.0-255,66,367316,64,370148
31487,0.093076,74.125.130.0-255,2595,369911,64,370148
31488,0.093083,172.31.40.0-255,66,369977,64,370148
31489,0.093259,172.31.40.0-255,105,370082,64,370148
31490,0.095482,74.125.130.0-255,66,370148,64,370148
31491,0.0,172.253.118.0-255,146,146,64,357432
31492,2.1e-05,172.31.40.0-255,66,212,64,357432
31493,2.8e-05,172.253.118.0-255,1484,1696,64,357432
31494,3.2e-05,172.31.40.0-255,66,1762,64,357432
31495,3.7e-05,172.253.118.0-255,2902,4664,64,357432
31496,4.1e-05,172.31.40.0-255,66,4730,64,357432
31497,5.2e-05,172.253.118.0-255,4320,9050,64,357432
31498,5.5e-05,172.31.40.0-255,66,9116,64,357432
31499,6e-05,172.253.118.0-255,4858,13974,64,357432
31500,6.3e-05,172.31.40.0-255,66,14040,64,357432
31501,0.000127,172.253.118.0-255,1484,15524,64,357432
31502,0.00013,172.31.40.0-255,66,15590,64,357432
31503,0.000144,172.253.118.0-255,2902,18492,64,357432
31504,0.000156,172.31.40.0-255,66,18558,64,357432
31505,0.00016,172.253.118.0-255,2902,21460,64,357432
31506,0.000162,172.31.40.0-255,66,21526,64,357432
31507,0.000195,172.253.118.0-255,2902,24428,64,357432
31508,0.000197,172.31.40.0-255,66,24494,64,357432
31509,0.000204,172.253.118.0-255,6797,31291,64,357432
31510,0.000206,172.31.40.0-255,66,31357,64,357432
31511,0.000368,172.253.118.0-255,1484,32841,64,357432
31512,0.000373,172.31.40.0-255,66,32907,64,357432
31513,0.000378,172.253.118.0-255,2902,35809,64,357432
31514,0.00038,172.31.40.0-255,66,35875,64,357432
31515,0.000383,172.253.118.0-255,1484,37359,64,357432
31516,0.000385,172.31.40.0-255,66,37425,64,357432
31517,0.000412,172.253.118.0-255,4320,41745,64,357432
31518,0.000415,172.31.40.0-255,66,41811,64,357432
31519,0.00042,172.253.118.0-255,4320,46131,64,357432
31520,0.000421,172.31.40.0-255,66,46197,64,357432
31521,0.000455,172.253.118.0-255,2543,48740,64,357432
31522,0.000463,172.31.40.0-255,66,48806,64,357432
31523,0.00047,172.253.118.0-255,7156,55962,64,357432
31524,0.000473,172.31.40.0-255,66,56028,64,357432
31525,0.000479,172.253.118.0-255,5738,61766,64,357432
31526,0.000481,172.31.40.0-255,66,61832,64,357432
31527,0.000505,172.253.118.0-255,3961,65793,64,357432
31528,0.000508,172.31.40.0-255,66,65859,64,357432
31529,0.000689,172.253.118.0-255,396,66255,64,357432
31530,0.000919,172.31.40.0-255,66,66321,64,357432
31531,0.001134,172.253.118.0-255,1484,67805,64,357432
31532,0.001143,172.253.118.0-255,2902,70707,64,357432
31533,0.001147,172.31.40.0-255,66,70773,64,357432
31534,0.001156,172.253.118.0-255,5738,76511,64,357432
31535,0.001158,172.31.40.0-255,66,76577,64,357432
31536,0.001174,172.253.118.0-255,1484,78061,64,357432
31537,0.001211,172.31.40.0-255,66,78127,64,357432
31538,0.001225,172.253.118.0-255,1484,79611,64,357432
31539,0.001255,172.31.40.0-255,66,79677,64,357432
31540,0.001258,172.253.118.0-255,346,80023,64,357432
31541,0.001297,172.253.118.0-255,1484,81507,64,357432
31542,0.001301,172.31.40.0-255,66,81573,64,357432
31543,0.001306,172.253.118.0-255,4320,85893,64,357432
31544,0.001308,172.31.40.0-255,66,85959,64,357432
31545,0.00134,172.31.40.0-255,66,86025,64,357432
31546,0.001345,172.253.118.0-255,4320,90345,64,357432
31547,0.001348,172.31.40.0-255,66,90411,64,357432
31548,0.001372,172.253.118.0-255,2902,93313,64,357432
31549,0.001379,172.31.40.0-255,66,93379,64,357432
31550,0.001425,172.31.40.0-255,66,93445,64,357432
31551,0.001513,172.253.118.0-255,1484,94929,64,357432
31552,0.00152,172.253.118.0-255,2902,97831,64,357432
31553,0.001524,172.31.40.0-255,66,97897,64,357432
31554,0.001531,172.253.118.0-255,4320,102217,64,357432
31555,0.001533,172.31.40.0-255,66,102283,64,357432
31556,0.001557,172.253.118.0-255,1484,103767,64,357432
31557,0.001575,172.31.40.0-255,66,103833,64,357432
31558,0.001638,172.31.40.0-255,66,103899,64,357432
31559,0.003673,172.253.118.0-255,5738,109637,64,357432
31560,0.003679,172.31.40.0-255,66,109703,64,357432
31561,0.005699,172.253.118.0-255,5738,115441,64,357432
31562,0.005706,172.31.40.0-255,66,115507,64,357432
31563,0.007756,172.253.118.0-255,5738,121245,64,357432
31564,0.007766,172.31.40.0-255,66,121311,64,357432
31565,0.009806,172.253.118.0-255,5738,127049,64,357432
31566,0.009823,172.31.40.0-255,66,127115,64,357432
31567,0.011867,172.253.118.0-255,5738,132853,64,357432
31568,0.011881,172.31.40.0-255,66,132919,64,357432
31569,0.013899,172.253.118.0-255,5738,138657,64,357432
31570,0.01391,172.31.40.0-255,66,138723,64,357432
31571,0.015934,172.253.118.0-255,5738,144461,64,357432
31572,0.015946,172.31.40.0-255,66,144527,64,357432
31573,0.017973,172.253.118.0-255,5738,150265,64,357432
31574,0.017987,172.31.40.0-255,66,150331,64,357432
31575,0.019977,172.253.118.0-255,5738,156069,64,357432
31576,0.019989,172.31.40.0-255,66,156135,64,357432
31577,0.022064,172.253.118.0-255,5738,161873,64,357432
31578,0.022075,172.31.40.0-255,66,161939,64,357432
31579,0.024143,172.253.118.0-255,5738,167677,64,357432
31580,0.024151,172.31.40.0-255,66,167743,64,357432
31581,0.026174,172.253.118.0-255,5738,173481,64,357432
31582,0.026186,172.31.40.0-255,66,173547,64,357432
31583,0.028224,172.253.118.0-255,5738,179285,64,357432
31584,0.028237,172.31.40.0-255,66,179351,64,357432
31585,0.030248,172.253.118.0-255,5738,185089,64,357432
31586,0.030256,172.31.40.0-255,66,185155,64,357432
31587,0.030808,172.31.40.0-255,172,185327,64,357432
31588,0.030839,172.31.40.0-255,1111,186438,64,357432
31589,0.030897,172.31.40.0-255,1514,187952,64,357432
31590,0.030923,172.31.40.0-255,1514,189466,64,357432
31591,0.030927,172.31.40.0-255,694,190160,64,357432
31592,0.032236,172.253.118.0-255,5738,195898,64,357432
31593,0.032244,172.31.40.0-255,66,195964,64,357432
31594,0.032342,104.244.42.0-255,66,196030,64,357432
31595,0.032374,104.244.42.0-255,66,196096,64,357432
31596,0.032448,104.244.42.0-255,66,196162,64,357432
31597,0.034235,172.253.118.0-255,5738,201900,64,357432
31598,0.034245,172.31.40.0-255,66,201966,64,357432
31599,0.036268,172.253.118.0-255,5738,207704,64,357432
31600,0.036276,172.31.40.0-255,66,207770,64,357432
31601,0.038334,172.253.118.0-255,5738,213508,64,357432
31602,0.038341,172.31.40.0-255,66,213574,64,357432
31603,0.040339,172.253.118.0-255,5738,219312,64,357432
31604,0.040348,172.31.40.0-255,66,219378,64,357432
31605,0.042337,172.253.118.0-255,5738,225116,64,357432
31606,0.042344,172.31.40.0-255,66,225182,64,357432
31607,0.044359,172.253.118.0-255,5738,230920,64,357432
31608,0.044366,172.31.40.0-255,66,230986,64,357432
31609,0.046508,172.253.118.0-255,5738,236724,64,357432
31610,0.046515,172.31.40.0-255,66,236790,64,357432
31611,0.048552,172.253.118.0-255,5738,242528,64,357432
31612,0.048562,172.31.40.0-255,66,242594,64,357432
31613,0.050586,172.253.118.0-255,5738,248332,64,357432
31614,0.0506,172.31.40.0-255,66,248398,64,357432
31615,0.052632,172.253.118.0-255,5738,254136,64,357432
31616,0.052639,172.31.40.0-255,66,254202,64,357432
31617,0.05465,172.253.118.0-255,5738,259940,64,357432
31618,0.054656,172.31.40.0-255,66,260006,64,357432
31619,0.056712,172.253.118.0-255,5738,265744,64,357432
31620,0.056719,172.31.40.0-255,66,265810,64,357432
31621,0.058753,172.253.118.0-255,5738,271548,64,357432
31622,0.058759,172.31.40.0-255,66,271614,64,357432
31623,0.060768,172.253.118.0-255,5738,277352,64,357432
31624,0.060774,172.31.40.0-255,66,277418,64,357432
31625,0.06282,172.253.118.0-255,5738,283156,64,357432
31626,0.062827,172.31.40.0-255,66,283222,64,357432
31627,0.06486,172.253.118.0-255,5738,288960,64,357432
31628,0.06487,172.31.40.0-255,66,289026,64,357432
31629,0.066913,172.253.118.0-255,5738,294764,64,357432
31630,0.066924,172.31.40.0-255,66,294830,64,357432
31631,0.068949,172.253.118.0-255,5738,300568,64,357432
31632,0.068957,172.31.40.0-255,66,300634,64,357432
31633,0.070982,172.253.118.0-255,5738,306372,64,357432
31634,0.070989,172.31.40.0-255,66,306438,64,357432
31635,0.072995,172.253.118.0-255,5738,312176,64,357432
31636,0.073002,172.31.40.0-255,66,312242,64,357432
31637,0.075046,172.253.118.0-255,5738,317980,64,357432
31638,0.075053,172.31.40.0-255,66,318046,64,357432
31639,0.077083,172.253.118.0-255,5738,323784,64,357432
31640,0.077092,172.31.40.0-255,66,323850,64,357432
31641,0.079117,172.253.118.0-255,5738,329588,64,357432
31642,0.079124,172.31.40.0-255,66,329654,64,357432
31643,0.081146,172.253.118.0-255,5738,335392,64,357432
31644,0.081153,172.31.40.0-255,66,335458,64,357432
31645,0.083176,172.253.118.0-255,5738,341196,64,357432
31646,0.083185,172.31.40.0-255,66,341262,64,357432
31647,0.085198,172.253.118.0-255,5738,347000,64,357432
31648,0.085207,172.31.40.0-255,66,347066,64,357432
31649,0.087261,172.253.118.0-255,5738,352804,64,357432
31650,0.087268,172.31.40.0-255,66,352870,64,357432
31651,0.089309,172.253.118.0-255,4325,357195,64,357432
31652,0.089317,172.31.40.0-255,66,357261,64,357432
31653,0.089519,172.31.40.0-255,105,357366,64,357432
31654,0.091511,172.253.118.0-255,66,357432,64,357432
31655,0.0,74.125.68.0-255,298,298,64,363759
31656,2.3e-05,172.31.40.0-255,66,364,64,363759
31657,3e-05,74.125.68.0-255,1484,1848,64,363759
31658,3.4e-05,172.31.40.0-255,66,1914,64,363759
31659,6.4e-05,74.125.68.0-255,4320,6234,64,363759
31660,6.7e-05,172.31.40.0-255,66,6300,64,363759
31661,7e-05,74.125.68.0-255,1484,7784,64,363759
31662,7.2e-05,172.31.40.0-255,66,7850,64,363759
31663,0.000118,74.125.68.0-255,2902,10752,64,363759
31664,0.000121,172.31.40.0-255,66,10818,64,363759
31665,0.000127,74.125.68.0-255,3243,14061,64,363759
31666,0.000129,172.31.40.0-255,66,14127,64,363759
31667,0.000239,74.125.68.0-255,1484,15611,64,363759
31668,0.000244,172.31.40.0-255,66,15677,64,363759
31669,0.00025,74.125.68.0-255,2902,18579,64,363759
31670,0.000252,172.31.40.0-255,66,18645,64,363759
31671,0.000286,74.125.68.0-255,4320,22965,64,363759
31672,0.000289,172.31.40.0-255,66,23031,64,363759
31673,0.000328,172.31.40.0-255,66,23097,64,363759
31674,0.000368,172.31.40.0-255,66,23163,64,363759
31675,0.000372,74.125.68.0-255,2902,26065,64,363759
31676,0.000374,172.31.40.0-255,66,26131,64,363759
31677,0.000412,172.31.40.0-255,66,26197,64,363759
31678,0.000418,74.125.68.0-255,4320,30517,64,363759
31679,0.000421,172.31.40.0-255,66,30583,64,363759
31680,0.000427,74.125.68.0-255,5020,35603,64,363759
31681,0.00043,172.31.40.0-255,66,35669,64,363759
31682,0.000433,74.125.68.0-255,359,36028,64,363759
31683,0.000436,172.31.40.0-255,66,36094,64,363759
31684,0.000479,74.125.68.0-255,414,36508,64,363759
31685,0.000815,74.125.68.0-255,1484,37992,64,363759
31686,0.000821,172.31.40.0-255,66,38058,64,363759
31687,0.000828,74.125.68.0-255,2902,40960,64,363759
31688,0.000831,172.31.40.0-255,66,41026,64,363759
31689,0.000866,74.125.68.0-255,2902,43928,64,363759
31690,0.000869,172.31.40.0-255,66,43994,64,363759
31691,0.000891,74.125.68.0-255,2902,46896,64,363759
31692,0.000894,172.31.40.0-255,66,46962,64,363759
31693,0.000916,74.125.68.0-255,7156,54118,64,363759
31694,0.000919,172.31.40.0-255,66,54184,64,363759
31695,0.000948,74.125.68.0-255,1484,55668,64,363759
31696,0.000954,74.125.68.0-255,2902,58570,64,363759
31697,0.000956,172.31.40.0-255,66,58636,64,363759
31698,0.000981,74.125.68.0-255,2902,61538,64,363759
31699,0.000984,172.31.40.0-255,66,61604,64,363759
31700,0.001011,74.125.68.0-255,4320,65924,64,363759
31701,0.001014,172.31.40.0-255,66,65990,64,363759
31702,0.001017,74.125.68.0-255,1484,67474,64,363759
31703,0.001063,74.125.68.0-255,2902,70376,64,363759
31704,0.001066,172.31.40.0-255,66,70442,64,363759
31705,0.001069,74.125.68.0-255,766,71208,64,363759
31706,0.001584,74.125.68.0-255,1484,72692,64,363759
31707,0.001591,172.31.40.0-255,66,72758,64,363759
31708,0.001598,74.125.68.0-255,2902,75660,64,363759
31709,0.0016,172.31.40.0-255,66,75726,64,363759
31710,0.001641,74.125.68.0-255,4320,80046,64,363759
31711,0.001644,172.31.40.0-255,66,80112,64,363759
31712,0.001649,74.125.68.0-255,2902,83014,64,363759
31713,0.001651,172.31.40.0-255,66,83080,64,363759
31714,0.00167,74.125.68.0-255,2902,85982,64,363759
31715,0.001676,172.31.40.0-255,66,86048,64,363759
31716,0.001681,74.125.68.0-255,2902,88950,64,363759
31717,0.001683,172.31.40.0-255,66,89016,64,363759
31718,0.00172,172.31.40.0-255,66,89082,64,363759
31719,0.001726,74.125.68.0-255,5738,94820,64,363759
31720,0.001729,172.31.40.0-255,66,94886,64,363759
31721,0.001737,74.125.68.0-255,2184,97070,64,363759
31722,0.00174,172.31.40.0-255,66,97136,64,363759
31723,0.001868,74.125.68.0-255,1484,98620,64,363759
31724,0.001875,74.125.68.0-255,2902,101522,64,363759
31725,0.001879,172.31.40.0-255,66,101588,64,363759
31726,0.001883,74.125.68.0-255,1484,103072,64,363759
31727,0.001913,74.125.68.0-255,2902,105974,64,363759
31728,0.001916,172.31.40.0-255,66,106040,64,363759
31729,0.001922,74.125.68.0-255,5738,111778,64,363759
31730,0.001924,172.31.40.0-255,66,111844,64,363759
31731,0.002001,172.31.40.0-255,66,111910,64,363759
31732,0.002013,172.31.40.0-255,66,111976,64,363759
31733,0.004081,74.125.68.0-255,5738,117714,64,363759
31734,0.004088,172.31.40.0-255,66,117780,64,363759
31735,0.006157,74.125.68.0-255,5738,123518,64,363759
31736,0.006163,172.31.40.0-255,66,123584,64,363759
31737,0.00823,74.125.68.0-255,2902,126486,64,363759
31738,0.008235,172.31.40.0-255,66,126552,64,363759
31739,0.00826,74.125.68.0-255,2902,129454,64,363759
31740,0.008262,172.31.40.0-255,66,129520,64,363759
31741,0.010293,74.125.68.0-255,2902,132422,64,363759
31742,0.010299,172.31.40.0-255,66,132488,64,363759
31743,0.010326,74.125.68.0-255,2902,135390,64,363759
31744,0.010328,172.31.40.0-255,66,135456,64,363759
31745,0.012366,74.125.68.0-255,2902,138358,64,363759
31746,0.012375,172.31.40.0-255,66,138424,64,363759
31747,0.012404,74.125.68.0-255,2902,141326,64,363759
31748,0.012406,172.31.40.0-255,66,141392,64,363759
31749,0.014431,74.125.68.0-255,2902,144294,64,363759
31750,0.014438,172.31.40.0-255,66,144360,64,363759
31751,0.014468,74.125.68.0-255,2902,147262,64,363759
31752,0.01447,172.31.40.0-255,66,147328,64,363759
31753,0.016497,74.125.68.0-255,2902,150230,64,363759
31754,0.016507,172.31.40.0-255,66,150296,64,363759
31755,0.016534,74.125.68.0-255,2902,153198,64,363759
31756,0.016537,172.31.40.0-255,66,153264,64,363759
31757,0.018575,74.125.68.0-255,4320,157584,64,363759
31758,0.018581,172.31.40.0-255,66,157650,64,363759
31759,0.018609,74.125.68.0-255,1484,159134,64,363759
31760,0.020639,74.125.68.0-255,4320,163454,64,363759
31761,0.020645,172.31.40.0-255,66,163520,64,363759
31762,0.02271,74.125.68.0-255,5738,169258,64,363759
31763,0.022718,172.31.40.0-255,66,169324,64,363759
31764,0.024774,74.125.68.0-255,5738,175062,64,363759
31765,0.024781,172.31.40.0-255,66,175128,64,363759
31766,0.026848,74.125.68.0-255,5738,180866,64,363759
31767,0.026856,172.31.40.0-255,66,180932,64,363759
31768,0.028932,74.125.68.0-255,5738,186670,64,363759
31769,0.028939,172.31.40.0-255,66,186736,64,363759
31770,0.031006,74.125.68.0-255,5738,192474,64,363759
31771,0.031013,172.31.40.0-255,66,192540,64,363759
31772,0.033118,74.125.68.0-255,5738,198278,64,363759
31773,0.033129,172.31.40.0-255,66,198344,64,363759
31774,0.035205,74.125.68.0-255,5738,204082,64,363759
31775,0.035211,172.31.40.0-255,66,204148,64,363759
31776,0.036458,172.31.40.0-255,172,204320,64,363759
31777,0.036493,172.31.40.0-255,1111,205431,64,363759
31778,0.036556,172.31.40.0-255,1514,206945,64,363759
31779,0.036557,172.31.40.0-255,1297,208242,64,363759
31780,0.037275,74.125.68.0-255,5738,213980,64,363759
31781,0.037282,172.31.40.0-255,66,214046,64,363759
31782,0.037978,104.244.42.0-255,66,214112,64,363759
31783,0.038006,104.244.42.0-255,66,214178,64,363759
31784,0.038119,104.244.42.0-255,66,214244,64,363759
31785,0.039355,74.125.68.0-255,5738,219982,64,363759
31786,0.03936,172.31.40.0-255,66,220048,64,363759
31787,0.041435,74.125.68.0-255,5738,225786,64,363759
31788,0.041442,172.31.40.0-255,66,225852,64,363759
31789,0.043508,74.125.68.0-255,5738,231590,64,363759
31790,0.043515,172.31.40.0-255,66,231656,64,363759
31791,0.045653,74.125.68.0-255,5738,237394,64,363759
31792,0.04566,172.31.40.0-255,66,237460,64,363759
31793,0.04772,74.125.68.0-255,5738,243198,64,363759
31794,0.047727,172.31.40.0-255,66,243264,64,363759
31795,0.049779,74.125.68.0-255,5738,249002,64,363759
31796,0.049785,172.31.40.0-255,66,249068,64,363759
31797,0.05189,74.125.68.0-255,5738,254806,64,363759
31798,0.051901,172.31.40.0-255,66,254872,64,363759
31799,0.053982,74.125.68.0-255,5738,260610,64,363759
31800,0.053989,172.31.40.0-255,66,260676,64,363759
31801,0.056059,74.125.68.0-255,5738,266414,64,363759
31802,0.056067,172.31.40.0-255,66,266480,64,363759
31803,0.058146,74.125.68.0-255,5738,272218,64,363759
31804,0.058155,172.31.40.0-255,66,272284,64,363759
31805,0.060226,74.125.68.0-255,5738,278022,64,363759
31806,0.060231,172.31.40.0-255,66,278088,64,363759
31807,0.062292,74.125.68.0-255,5738,283826,64,363759
31808,0.0623,172.31.40.0-255,66,283892,64,363759
31809,0.064344,74.125.68.0-255,2902,286794,64,363759
31810,0.064351,172.31.40.0-255,66,286860,64,363759
31811,0.064379,74.125.68.0-255,2902,289762,64,363759
31812,0.064383,172.31.40.0-255,66,289828,64,363759
31813,0.066402,74.125.68.0-255,2902,292730,64,363759
31814,0.066411,172.31.40.0-255,66,292796,64,363759
31815,0.066438,74.125.68.0-255,2902,295698,64,363759
31816,0.066441,172.31.40.0-255,66,295764,64,363759
31817,0.06848,74.125.68.0-255,5738,301502,64,363759
31818,0.068487,172.31.40.0-255,66,301568,64,363759
31819,0.070554,74.125.68.0-255,5738,307306,64,363759
31820,0.070561,172.31.40.0-255,66,307372,64,363759
31821,0.072617,74.125.68.0-255,5738,313110,64,363759
31822,0.072625,172.31.40.0-255,66,313176,64,363759
31823,0.074717,74.125.68.0-255,5738,318914,64,363759
31824,0.074724,172.31.40.0-255,66,318980,64,363759
31825,0.076793,74.125.68.0-255,5738,324718,64,363759
31826,0.076799,172.31.40.0-255,66,324784,64,363759
31827,0.076945,172.31.40.0-255,101,324885,64,363759
31828,0.078855,74.125.68.0-255,5738,330623,64,363759
31829,0.078862,172.31.40.0-255,66,330689,64,363759
31830,0.07895,74.125.68.0-255,66,330755,64,363759
31831,0.080927,74.125.68.0-255,5738,336493,64,363759
31832,0.080933,172.31.40.0-255,66,336559,64,363759
31833,0.08299,74.125.68.0-255,5738,342297,64,363759
31834,0.083001,172.31.40.0-255,66,342363,64,363759
31835,0.085074,74.125.68.0-255,5738,348101,64,363759
31836,0.085081,172.31.40.0-255,66,348167,64,363759
31837,0.087147,74.125.68.0-255,5738,353905,64,363759
31838,0.087154,172.31.40.0-255,66,353971,64,363759
31839,0.089222,74.125.68.0-255,5738,359709,64,363759
31840,0.089227,172.31.40.0-255,66,359775,64,363759
31841,0.091296,74.125.68.0-255,3747,363522,64,363759
31842,0.091302,172.31.40.0-255,66,363588,64,363759
31843,0.091493,172.31.40.0-255,105,363693,64,363759
31844,0.098983,74.125.68.0-255,66,363759,64,363759
31845,0.0,172.217.194.0-255,143,143,64,126474
31846,2.1e-05,172.31.40.0-255,66,209,64,126474
31847,2.9e-05,172.217.194.0-255,1484,1693,64,126474
31848,3.4e-05,172.31.40.0-255,66,1759,64,126474
31849,4.6e-05,172.217.194.0-255,2902,4661,64,126474
31850,5.1e-05,172.31.40.0-255,66,4727,64,126474
31851,6e-05,172.217.194.0-255,7156,11883,64,126474
31852,6.3e-05,172.31.40.0-255,66,11949,64,126474
31853,7.6e-05,172.31.40.0-255,66,12015,64,126474
31854,8.8e-05,172.31.40.0-255,66,12081,64,126474
31855,0.000142,172.217.194.0-255,1484,13565,64,126474
31856,0.000145,172.31.40.0-255,66,13631,64,126474
31857,0.00015,172.217.194.0-255,2902,16533,64,126474
31858,0.000153,172.31.40.0-255,66,16599,64,126474
31859,0.000162,172.217.194.0-255,2902,19501,64,126474
31860,0.000164,172.31.40.0-255,66,19567,64,126474
31861,0.000194,172.217.194.0-255,2902,22469,64,126474
31862,0.000197,172.31.40.0-255,66,22535,64,126474
31863,0.000212,172.31.40.0-255,66,22601,64,126474
31864,0.000225,172.31.40.0-255,66,22667,64,126474
31865,0.000227,172.217.194.0-255,376,23043,64,126474
31866,0.000229,172.31.40.0-255,66,23109,64,126474
31867,0.000346,172.217.194.0-255,368,23477,64,126474
31868,0.000351,172.31.40.0-255,66,23543,64,126474
31869,0.000459,172.217.194.0-255,1484,25027,64,126474
31870,0.000464,172.31.40.0-255,66,25093,64,126474
31871,0.000469,172.217.194.0-255,2902,27995,64,126474
31872,0.000471,172.31.40.0-255,66,28061,64,126474
31873,0.000482,172.217.194.0-255,5738,33799,64,126474
31874,0.000485,172.31.40.0-255,66,33865,64,126474
31875,0.000516,172.217.194.0-255,4320,38185,64,126474
31876,0.000519,172.31.40.0-255,66,38251,64,126474
31877,0.000542,172.217.194.0-255,2543,40794,64,126474
31878,0.000545,172.31.40.0-255,66,40860,64,126474
31879,0.000552,172.217.194.0-255,7156,48016,64,126474
31880,0.000554,172.31.40.0-255,66,48082,64,126474
31881,0.000613,172.31.40.0-255,66,48148,64,126474
31882,0.000967,172.217.194.0-255,1484,49632,64,126474
31883,0.000972,172.217.194.0-255,2902,52534,64,126474
31884,0.000979,172.31.40.0-255,66,52600,64,126474
31885,0.000991,172.217.194.0-255,5738,58338,64,126474
31886,0.000998,172.31.40.0-255,66,58404,64,126474
31887,0.001038,172.31.40.0-255,66,58470,64,126474
31888,0.001043,172.217.194.0-255,2902,61372,64,126474
31889,0.001045,172.31.40.0-255,66,61438,64,126474
31890,0.001085,172.31.40.0-255,66,61504,64,126474
31891,0.001119,172.217.194.0-255,4320,65824,64,126474
31892,0.001121,172.31.40.0-255,66,65890,64,126474
31893,0.001159,172.217.194.0-255,4320,70210,64,126474
31894,0.001162,172.31.40.0-255,66,70276,64,126474
31895,0.00118,172.31.40.0-255,66,70342,64,126474
31896,0.001187,172.217.194.0-255,6438,76780,64,126474
31897,0.001192,172.31.40.0-255,66,76846,64,126474
31898,0.001221,172.217.194.0-255,1484,78330,64,126474
31899,0.001226,172.217.194.0-255,2902,81232,64,126474
31900,0.001229,172.31.40.0-255,66,81298,64,126474
31901,0.001232,172.217.194.0-255,1484,82782,64,126474
31902,0.001257,172.217.194.0-255,4320,87102,64,126474
31903,0.00126,172.31.40.0-255,66,87168,64,126474
31904,0.001274,172.31.40.0-255,66,87234,64,126474
31905,0.001277,172.217.194.0-255,1484,88718,64,126474
31906,0.001328,172.31.40.0-255,66,88784,64,126474
31907,0.001332,172.217.194.0-255,1484,90268,64,126474
31908,0.001376,172.31.40.0-255,66,90334,64,126474
31909,0.001413,172.31.40.0-255,66,90400,64,126474
31910,0.001426,172.31.40.0-255,66,90466,64,126474
31911,0.001463,172.217.194.0-255,5738,96204,64,126474
31912,0.001467,172.31.40.0-255,66,96270,64,126474
31913,0.001487,172.31.40.0-255,66,96336,64,126474
31914,0.001497,172.31.40.0-255,66,96402,64,126474
31915,0.001521,172.31.40.0-255,66,96468,64,126474
31916,0.001581,172.31.40.0-255,66,96534,64,126474
31917,0.00159,172.217.194.0-255,7156,103690,64,126474
31918,0.001592,172.31.40.0-255,66,103756,64,126474
31919,0.001637,172.31.40.0-255,66,103822,64,126474
31920,0.001653,172.31.40.0-255,66,103888,64,126474
31921,0.001656,172.217.194.0-255,1484,105372,64,126474
31922,0.001731,172.217.194.0-255,2902,108274,64,126474
31923,0.001734,172.31.40.0-255,66,108340,64,126474
31924,0.00174,172.217.194.0-255,5738,114078,64,126474
31925,0.001742,172.31.40.0-255,66,114144,64,126474
31926,0.001755,172.31.40.0-255,66,114210,64,126474
31927,0.00176,172.217.194.0-255,4320,118530,64,126474
31928,0.001762,172.31.40.0-255,66,118596,64,126474
31929,0.001821,172.31.40.0-255,66,118662,64,126474
31930,0.001838,172.31.40.0-255,66,118728,64,126474
31931,0.001853,172.31.40.0-255,66,118794,64,126474
31932,0.001864,172.31.40.0-255,66,118860,64,126474
31933,0.001866,172.217.194.0-255,105,118965,64,126474
31934,0.008484,172.31.40.0-255,101,119066,64,126474
31935,0.008761,172.31.40.0-255,105,119171,64,126474
31936,0.011013,172.217.194.0-255,66,119237,64,126474
31937,0.011276,172.217.194.0-255,66,119303,64,126474
31938,0.030094,172.31.40.0-255,172,119475,64,126474
31939,0.030126,172.31.40.0-255,1112,120587,64,126474
31940,0.030178,172.31.40.0-255,1514,122101,64,126474
31941,0.030179,172.31.40.0-255,1514,123615,64,126474
31942,0.030184,172.31.40.0-255,1514,125129,64,126474
31943,0.030185,172.31.40.0-255,1081,126210,64,126474
31944,0.031579,104.244.42.0-255,66,126276,64,126474
31945,0.031604,104.244.42.0-255,66,126342,64,126474
31946,0.031678,104.244.42.0-255,66,126408,64,126474
31947,0.031699,104.244.42.0-255,66,126474,64,126474
31948,0.0,172.217.194.0-255,150,150,64,336205
31949,2.5e-05,172.31.40.0-255,66,216,64,336205
31950,3.2e-05,172.217.194.0-255,1484,1700,64,336205
31951,3.6e-05,172.31.40.0-255,66,1766,64,336205
31952,4.1e-05,172.217.194.0-255,2902,4668,64,336205
31953,4.4e-05,172.31.40.0-255,66,4734,64,336205
31954,5e-05,172.217.194.0-255,5738,10472,64,336205
31955,5.3e-05,172.31.40.0-255,66,10538,64,336205
31956,9.4e-05,172.217.194.0-255,6286,16824,64,336205
31957,9.7e-05,172.31.40.0-255,66,16890,64,336205
31958,0.000104,172.217.194.0-255,7156,24046,64,336205
31959,0.000106,172.31.40.0-255,66,24112,64,336205
31960,0.000123,172.217.194.0-255,1484,25596,64,336205
31961,0.000125,172.31.40.0-255,66,25662,64,336205
31962,0.00015,172.217.194.0-255,5379,31041,64,336205
31963,0.000152,172.31.40.0-255,66,31107,64,336205
31964,0.00017,172.217.194.0-255,5738,36845,64,336205
31965,0.000172,172.31.40.0-255,66,36911,64,336205
31966,0.0002,172.217.194.0-255,1484,38395,64,336205
31967,0.000202,172.31.40.0-255,66,38461,64,336205
31968,0.000213,172.217.194.0-255,7156,45617,64,336205
31969,0.000215,172.31.40.0-255,66,45683,64,336205
31970,0.00023,172.217.194.0-255,2543,48226,64,336205
31971,0.000232,172.31.40.0-255,66,48292,64,336205
31972,0.000627,172.217.194.0-255,1484,49776,64,336205
31973,0.000633,172.31.40.0-255,66,49842,64,336205
31974,0.000638,172.217.194.0-255,2902,52744,64,336205
31975,0.00064,172.31.40.0-255,66,52810,64,336205
31976,0.000672,172.217.194.0-255,2902,55712,64,336205
31977,0.000675,172.31.40.0-255,66,55778,64,336205
31978,0.00068,172.217.194.0-255,4320,60098,64,336205
31979,0.000682,172.31.40.0-255,66,60164,64,336205
31980,0.000702,172.217.194.0-255,4320,64484,64,336205
31981,0.000705,172.31.40.0-255,66,64550,64,336205
31982,0.000728,172.217.194.0-255,5379,69929,64,336205
31983,0.00073,172.31.40.0-255,66,69995,64,336205
31984,0.000736,172.217.194.0-255,5738,75733,64,336205
31985,0.000738,172.31.40.0-255,66,75799,64,336205
31986,0.000756,172.217.194.0-255,6797,82596,64,336205
31987,0.000759,172.31.40.0-255,66,82662,64,336205
31988,0.000785,172.217.194.0-255,2902,85564,64,336205
31989,0.000787,172.31.40.0-255,66,85630,64,336205
31990,0.000808,172.217.194.0-255,4320,89950,64,336205
31991,0.00081,172.31.40.0-255,66,90016,64,336205
31992,0.000816,172.217.194.0-255,5738,95754,64,336205
31993,0.000819,172.31.40.0-255,66,95820,64,336205
31994,0.000839,172.217.194.0-255,4541,100361,64,336205
31995,0.000842,172.31.40.0-255,66,100427,64,336205
31996,0.00087,172.31.40.0-255,66,100493,64,336205
31997,0.000876,172.217.194.0-255,4715,105208,64,336205
31998,0.000877,172.31.40.0-255,66,105274,64,336205
31999,0.000946,172.217.194.0-255,198,105472,64,336205
32000,0.001271,172.217.194.0-255,1484,106956,64,336205
32001,0.001276,172.31.40.0-255,66,107022,64,336205
32002,0.001281,172.217.194.0-255,2902,109924,64,336205
32003,0.001283,172.31.40.0-255,66,109990,64,336205
32004,0.001289,172.217.194.0-255,4320,114310,64,336205
32005,0.001292,172.31.40.0-255,66,114376,64,336205
32006,0.001315,172.217.194.0-255,1484,115860,64,336205
32007,0.001327,172.31.40.0-255,66,115926,64,336205
32008,0.001352,172.217.194.0-255,4320,120246,64,336205
32009,0.001355,172.31.40.0-255,66,120312,64,336205
32010,0.001367,172.31.40.0-255,66,120378,64,336205
32011,0.001593,172.217.194.0-255,1484,121862,64,336205
32012,0.0016,172.217.194.0-255,2902,124764,64,336205
32013,0.001603,172.31.40.0-255,66,124830,64,336205
32014,0.00161,172.217.194.0-255,5738,130568,64,336205
32015,0.001612,172.31.40.0-255,66,130634,64,336205
32016,0.001626,172.217.194.0-255,1484,132118,64,336205
32017,0.001661,172.31.40.0-255,66,132184,64,336205
32018,0.001682,172.217.194.0-255,4320,136504,64,336205
32019,0.001686,172.31.40.0-255,66,136570,64,336205
32020,0.001705,172.31.40.0-255,66,136636,64,336205
32021,0.001939,172.217.194.0-255,1484,138120,64,336205
32022,0.001945,172.217.194.0-255,2902,141022,64,336205
32023,0.001949,172.31.40.0-255,66,141088,64,336205
32024,0.001956,172.217.194.0-255,4320,145408,64,336205
32025,0.001958,172.31.40.0-255,66,145474,64,336205
32026,0.001971,172.217.194.0-255,1484,146958,64,336205
32027,0.001984,172.217.194.0-255,1484,148442,64,336205
32028,0.001987,172.31.40.0-255,66,148508,64,336205
32029,0.00202,172.31.40.0-255,66,148574,64,336205
32030,0.002033,172.31.40.0-255,66,148640,64,336205
32031,0.002057,172.217.194.0-255,1484,150124,64,336205
32032,0.002062,172.217.194.0-255,2902,153026,64,336205
32033,0.002064,172.31.40.0-255,66,153092,64,336205
32034,0.002067,172.217.194.0-255,1484,154576,64,336205
32035,0.002083,172.217.194.0-255,2902,157478,64,336205
32036,0.002085,172.31.40.0-255,66,157544,64,336205
32037,0.002088,172.217.194.0-255,1484,159028,64,336205
32038,0.002112,172.217.194.0-255,7156,166184,64,336205
32039,0.002115,172.31.40.0-255,66,166250,64,336205
32040,0.002136,172.217.194.0-255,4320,170570,64,336205
32041,0.002139,172.31.40.0-255,66,170636,64,336205
32042,0.00218,172.31.40.0-255,66,170702,64,336205
32043,0.004422,172.217.194.0-255,5738,176440,64,336205
32044,0.004446,172.31.40.0-255,66,176506,64,336205
32045,0.006697,172.217.194.0-255,5738,182244,64,336205
32046,0.00672,172.31.40.0-255,66,182310,64,336205
32047,0.008931,172.217.194.0-255,5738,188048,64,336205
32048,0.008946,172.31.40.0-255,66,188114,64,336205
32049,0.011147,172.217.194.0-255,5738,193852,64,336205
32050,0.011155,172.31.40.0-255,66,193918,64,336205
32051,0.013392,172.217.194.0-255,5738,199656,64,336205
32052,0.013412,172.31.40.0-255,66,199722,64,336205
32053,0.015646,172.217.194.0-255,5738,205460,64,336205
32054,0.015663,172.31.40.0-255,66,205526,64,336205
32055,0.017889,172.217.194.0-255,5738,211264,64,336205
32056,0.017902,172.31.40.0-255,66,211330,64,336205
32057,0.020133,172.217.194.0-255,5738,217068,64,336205
32058,0.020146,172.31.40.0-255,66,217134,64,336205
32059,0.022357,172.217.194.0-255,5738,222872,64,336205
32060,0.022366,172.31.40.0-255,66,222938,64,336205
32061,0.024593,172.217.194.0-255,5738,228676,64,336205
32062,0.024611,172.31.40.0-255,66,228742,64,336205
32063,0.026827,172.217.194.0-255,5738,234480,64,336205
32064,0.026844,172.31.40.0-255,66,234546,64,336205
32065,0.029083,172.217.194.0-255,5738,240284,64,336205
32066,0.029101,172.31.40.0-255,66,240350,64,336205
32067,0.031349,172.217.194.0-255,5738,246088,64,336205
32068,0.031369,172.31.40.0-255,66,246154,64,336205
32069,0.033561,172.217.194.0-255,5738,251892,64,336205
32070,0.033569,172.31.40.0-255,66,251958,64,336205
32071,0.035825,172.217.194.0-255,5738,257696,64,336205
32072,0.035839,172.31.40.0-255,66,257762,64,336205
32073,0.038105,172.217.194.0-255,5738,263500,64,336205
32074,0.038124,172.31.40.0-255,66,263566,64,336205
32075,0.040372,172.217.194.0-255,5738,269304,64,336205
32076,0.040396,172.31.40.0-255,66,269370,64,336205
32077,0.042652,172.217.194.0-255,5738,275108,64,336205
32078,0.042672,172.31.40.0-255,66,275174,64,336205
32079,0.044909,172.217.194.0-255,5738,280912,64,336205
32080,0.044929,172.31.40.0-255,66,280978,64,336205
32081,0.047153,172.217.194.0-255,5738,286716,64,336205
32082,0.047174,172.31.40.0-255,66,286782,64,336205
32083,0.049397,172.217.194.0-255,5738,292520,64,336205
32084,0.049411,172.31.40.0-255,66,292586,64,336205
32085,0.051407,172.31.40.0-255,172,292758,64,336205
32086,0.051441,172.31.40.0-255,1112,293870,64,336205
32087,0.051514,172.31.40.0-255,1514,295384,64,336205
32088,0.051516,172.31.40.0-255,1296,296680,64,336205
32089,0.051629,172.217.194.0-255,5738,302418,64,336205
32090,0.051636,172.31.40.0-255,66,302484,64,336205
32091,0.052944,104.244.42.0-255,66,302550,64,336205
32092,0.053,104.244.42.0-255,66,302616,64,336205
32093,0.053123,104.244.42.0-255,66,302682,64,336205
32094,0.053863,172.217.194.0-255,5738,308420,64,336205
32095,0.053876,172.31.40.0-255,66,308486,64,336205
32096,0.056121,172.217.194.0-255,5738,314224,64,336205
32097,0.056141,172.31.40.0-255,66,314290,64,336205
32098,0.058399,172.217.194.0-255,5738,320028,64,336205
32099,0.058419,172.31.40.0-255,66,320094,64,336205
32100,0.060679,172.217.194.0-255,5738,325832,64,336205
32101,0.060699,172.31.40.0-255,66,325898,64,336205
32102,0.062928,172.217.194.0-255,5738,331636,64,336205
32103,0.062949,172.31.40.0-255,66,331702,64,336205
32104,0.065214,172.217.194.0-255,4266,335968,64,336205
32105,0.065238,172.31.40.0-255,66,336034,64,336205
32106,0.065565,172.31.40.0-255,105,336139,64,336205
32107,0.067771,172.217.194.0-255,66,336205,64,336205
32108,0.0,172.31.40.0-255,105,105,64,276
32109,0.070288,31.13.82.0-255,105,210,64,276
32110,0.07031,172.31.40.0-255,66,276,64,276
32111,0.0,74.125.130.0-255,152,152,64,422140
32112,2.3e-05,172.31.40.0-255,66,218,64,422140
32113,3e-05,74.125.130.0-255,1484,1702,64,422140
32114,3.4e-05,172.31.40.0-255,66,1768,64,422140
32115,4e-05,74.125.130.0-255,2902,4670,64,422140
32116,4.5e-05,172.31.40.0-255,66,4736,64,422140
32117,4.8e-05,74.125.130.0-255,1484,6220,64,422140
32118,5e-05,172.31.40.0-255,66,6286,64,422140
32119,5.5e-05,74.125.130.0-255,2902,9188,64,422140
32120,5.7e-05,172.31.40.0-255,66,9254,64,422140
32121,9.7e-05,74.125.130.0-255,2902,12156,64,422140
32122,0.0001,172.31.40.0-255,66,12222,64,422140
32123,0.000117,74.125.130.0-255,2038,14260,64,422140
32124,0.00012,172.31.40.0-255,66,14326,64,422140
32125,0.000345,74.125.130.0-255,1484,15810,64,422140
32126,0.000351,172.31.40.0-255,66,15876,64,422140
32127,0.000369,74.125.130.0-255,2902,18778,64,422140
32128,0.000373,172.31.40.0-255,66,18844,64,422140
32129,0.000378,74.125.130.0-255,4320,23164,64,422140
32130,0.00038,172.31.40.0-255,66,23230,64,422140
32131,0.000395,74.125.130.0-255,1484,24714,64,422140
32132,0.000397,172.31.40.0-255,66,24780,64,422140
32133,0.000403,74.125.130.0-255,5738,30518,64,422140
32134,0.000406,172.31.40.0-255,66,30584,64,422140
32135,0.000463,74.125.130.0-255,2543,33127,64,422140
32136,0.000466,172.31.40.0-255,66,33193,64,422140
32137,0.000487,74.125.130.0-255,2902,36095,64,422140
32138,0.000491,172.31.40.0-255,66,36161,64,422140
32139,0.000506,74.125.130.0-255,5738,41899,64,422140
32140,0.000509,172.31.40.0-255,66,41965,64,422140
32141,0.000521,74.125.130.0-255,1484,43449,64,422140
32142,0.000523,172.31.40.0-255,66,43515,64,422140
32143,0.000527,74.125.130.0-255,1484,44999,64,422140
32144,0.000531,74.125.130.0-255,2902,47901,64,422140
32145,0.000534,172.31.40.0-255,66,47967,64,422140
32146,0.000536,74.125.130.0-255,1125,49092,64,422140
32147,0.000639,74.125.130.0-255,1484,50576,64,422140
32148,0.000643,172.31.40.0-255,66,50642,64,422140
32149,0.000647,74.125.130.0-255,1484,52126,64,422140
32150,0.000663,74.125.130.0-255,2902,55028,64,422140
32151,0.000666,172.31.40.0-255,66,55094,64,422140
32152,0.000668,74.125.130.0-255,1484,56578,64,422140
32153,0.000688,74.125.130.0-255,4320,60898,64,422140
32154,0.000691,172.31.40.0-255,66,60964,64,422140
32155,0.000707,74.125.130.0-255,5379,66343,64,422140
32156,0.00071,172.31.40.0-255,66,66409,64,422140
32157,0.000739,74.125.130.0-255,645,67054,64,422140
32158,0.000897,74.125.130.0-255,1484,68538,64,422140
32159,0.000902,172.31.40.0-255,66,68604,64,422140
32160,0.000908,74.125.130.0-255,2902,71506,64,422140
32161,0.00091,172.31.40.0-255,66,71572,64,422140
32162,0.000936,74.125.130.0-255,1484,73056,64,422140
32163,0.000952,74.125.130.0-255,4320,77376,64,422140
32164,0.000955,172.31.40.0-255,66,77442,64,422140
32165,0.000959,74.125.130.0-255,2902,80344,64,422140
32166,0.000961,172.31.40.0-255,66,80410,64,422140
32167,0.000986,74.125.130.0-255,3961,84371,64,422140
32168,0.00099,172.31.40.0-255,66,84437,64,422140
32169,0.001,74.125.130.0-255,1484,85921,64,422140
32170,0.001012,74.125.130.0-255,1484,87405,64,422140
32171,0.001014,172.31.40.0-255,66,87471,64,422140
32172,0.001033,74.125.130.0-255,4320,91791,64,422140
32173,0.001035,172.31.40.0-255,66,91857,64,422140
32174,0.001061,74.125.130.0-255,4320,96177,64,422140
32175,0.001064,172.31.40.0-255,66,96243,64,422140
32176,0.00109,74.125.130.0-255,5379,101622,64,422140
32177,0.001093,172.31.40.0-255,66,101688,64,422140
32178,0.001532,74.125.130.0-255,1484,103172,64,422140
32179,0.001565,74.125.130.0-255,2902,106074,64,422140
32180,0.001569,172.31.40.0-255,66,106140,64,422140
32181,0.001572,74.125.130.0-255,1484,107624,64,422140
32182,0.001576,74.125.130.0-255,2902,110526,64,422140
32183,0.001578,172.31.40.0-255,66,110592,64,422140
32184,0.001616,74.125.130.0-255,5738,116330,64,422140
32185,0.001617,172.31.40.0-255,66,116396,64,422140
32186,0.001644,74.125.130.0-255,5738,122134,64,422140
32187,0.001646,172.31.40.0-255,66,122200,64,422140
32188,0.001668,74.125.130.0-255,1484,123684,64,422140
32189,0.001673,74.125.130.0-255,4320,128004,64,422140
32190,0.001674,172.31.40.0-255,66,128070,64,422140
32191,0.001703,74.125.130.0-255,4320,132390,64,422140
32192,0.001706,172.31.40.0-255,66,132456,64,422140
32193,0.001718,74.125.130.0-255,1484,133940,64,422140
32194,0.001721,74.125.130.0-255,1484,135424,64,422140
32195,0.001723,172.31.40.0-255,66,135490,64,422140
32196,0.001756,74.125.130.0-255,766,136256,64,422140
32197,0.001897,74.125.130.0-255,1484,137740,64,422140
32198,0.0019,172.31.40.0-255,66,137806,64,422140
32199,0.001921,74.125.130.0-255,1484,139290,64,422140
32200,0.001932,74.125.130.0-255,1484,140774,64,422140
32201,0.001934,172.31.40.0-255,66,140840,64,422140
32202,0.001945,74.125.130.0-255,1484,142324,64,422140
32203,0.001966,74.125.130.0-255,4320,146644,64,422140
32204,0.001969,172.31.40.0-255,66,146710,64,422140
32205,0.001986,74.125.130.0-255,1484,148194,64,422140
32206,0.001989,74.125.130.0-255,1484,149678,64,422140
32207,0.001991,172.31.40.0-255,66,149744,64,422140
32208,0.001995,74.125.130.0-255,2902,152646,64,422140
32209,0.001997,172.31.40.0-255,66,152712,64,422140
32210,0.002021,74.125.130.0-255,5738,158450,64,422140
32211,0.002023,172.31.40.0-255,66,158516,64,422140
32212,0.002027,74.125.130.0-255,2902,161418,64,422140
32213,0.002028,172.31.40.0-255,66,161484,64,422140
32214,0.004049,74.125.130.0-255,5738,167222,64,422140
32215,0.004056,172.31.40.0-255,66,167288,64,422140
32216,0.006088,74.125.130.0-255,4320,171608,64,422140
32217,0.006091,172.31.40.0-255,66,171674,64,422140
32218,0.006103,74.125.130.0-255,1484,173158,64,422140
32219,0.008116,74.125.130.0-255,4320,177478,64,422140
32220,0.008122,172.31.40.0-255,66,177544,64,422140
32221,0.010146,74.125.130.0-255,5738,183282,64,422140
32222,0.010153,172.31.40.0-255,66,183348,64,422140
32223,0.012188,74.125.130.0-255,5738,189086,64,422140
32224,0.012197,172.31.40.0-255,66,189152,64,422140
32225,0.01422,74.125.130.0-255,5738,194890,64,422140
32226,0.014229,172.31.40.0-255,66,194956,64,422140
32227,0.016258,74.125.130.0-255,5738,200694,64,422140
32228,0.016266,172.31.40.0-255,66,200760,64,422140
32229,0.018296,74.125.130.0-255,5738,206498,64,422140
32230,0.018304,172.31.40.0-255,66,206564,64,422140
32231,0.020336,74.125.130.0-255,5738,212302,64,422140
32232,0.020344,172.31.40.0-255,66,212368,64,422140
32233,0.022366,74.125.130.0-255,5738,218106,64,422140
32234,0.022372,172.31.40.0-255,66,218172,64,422140
32235,0.024396,74.125.130.0-255,5738,223910,64,422140
32236,0.024403,172.31.40.0-255,66,223976,64,422140
32237,0.026422,74.125.130.0-255,5738,229714,64,422140
32238,0.02643,172.31.40.0-255,66,229780,64,422140
32239,0.028462,74.125.130.0-255,5738,235518,64,422140
32240,0.028468,172.31.40.0-255,66,235584,64,422140
32241,0.030488,74.125.130.0-255,5738,241322,64,422140
32242,0.030492,172.31.40.0-255,66,241388,64,422140
32243,0.03112,172.31.40.0-255,171,241559,64,422140
32244,0.031147,172.31.40.0-255,1135,242694,64,422140
32245,0.031284,172.31.40.0-255,1514,244208,64,422140
32246,0.031286,172.31.40.0-255,1273,245481,64,422140
32247,0.03252,74.125.130.0-255,4320,249801,64,422140
32248,0.032526,172.31.40.0-255,66,249867,64,422140
32249,0.032551,74.125.130.0-255,1484,251351,64,422140
32250,0.032658,104.244.42.0-255,66,251417,64,422140
32251,0.032762,104.244.42.0-255,66,251483,64,422140
32252,0.032862,104.244.42.0-255,66,251549,64,422140
32253,0.034563,74.125.130.0-255,4320,255869,64,422140
32254,0.034575,172.31.40.0-255,66,255935,64,422140
32255,0.036598,74.125.130.0-255,5738,261673,64,422140
32256,0.036604,172.31.40.0-255,66,261739,64,422140
32257,0.03865,74.125.130.0-255,5738,267477,64,422140
32258,0.038662,172.31.40.0-255,66,267543,64,422140
32259,0.040712,74.125.130.0-255,5738,273281,64,422140
32260,0.040718,172.31.40.0-255,66,273347,64,422140
32261,0.042756,74.125.130.0-255,5738,279085,64,422140
32262,0.042762,172.31.40.0-255,66,279151,64,422140
32263,0.044795,74.125.130.0-255,5738,284889,64,422140
32264,0.044802,172.31.40.0-255,66,284955,64,422140
32265,0.046835,74.125.130.0-255,5738,290693,64,422140
32266,0.046841,172.31.40.0-255,66,290759,64,422140
32267,0.04886,74.125.130.0-255,2902,293661,64,422140
32268,0.048866,172.31.40.0-255,66,293727,64,422140
32269,0.048924,74.125.130.0-255,2902,296629,64,422140
32270,0.048927,172.31.40.0-255,66,296695,64,422140
32271,0.050884,74.125.130.0-255,2902,299597,64,422140
32272,0.05089,172.31.40.0-255,66,299663,64,422140
32273,0.050928,74.125.130.0-255,1484,301147,64,422140
32274,0.050943,74.125.130.0-255,1484,302631,64,422140
32275,0.050946,172.31.40.0-255,66,302697,64,422140
32276,0.052912,74.125.130.0-255,2902,305599,64,422140
32277,0.052919,172.31.40.0-255,66,305665,64,422140
32278,0.052944,74.125.130.0-255,2902,308567,64,422140
32279,0.052947,172.31.40.0-255,66,308633,64,422140
32280,0.054944,74.125.130.0-255,2902,311535,64,422140
32281,0.054951,172.31.40.0-255,66,311601,64,422140
32282,0.054973,74.125.130.0-255,2902,314503,64,422140
32283,0.054976,172.31.40.0-255,66,314569,64,422140
32284,0.056982,74.125.130.0-255,4320,318889,64,422140
32285,0.056987,172.31.40.0-255,66,318955,64,422140
32286,0.057008,74.125.130.0-255,1484,320439,64,422140
32287,0.059013,74.125.130.0-255,4320,324759,64,422140
32288,0.059025,172.31.40.0-255,66,324825,64,422140
32289,0.061064,74.125.130.0-255,5738,330563,64,422140
32290,0.061071,172.31.40.0-255,66,330629,64,422140
32291,0.063101,74.125.130.0-255,5738,336367,64,422140
32292,0.063108,172.31.40.0-255,66,336433,64,422140
32293,0.065137,74.125.130.0-255,5738,342171,64,422140
32294,0.065143,172.31.40.0-255,66,342237,64,422140
32295,0.067174,74.125.130.0-255,5738,347975,64,422140
32296,0.067181,172.31.40.0-255,66,348041,64,422140
32297,0.069205,74.125.130.0-255,5738,353779,64,422140
32298,0.069211,172.31.40.0-255,66,353845,64,422140
32299,0.071248,74.125.130.0-255,5738,359583,64,422140
32300,0.071254,172.31.40.0-255,66,359649,64,422140
32301,0.073286,74.125.130.0-255,5738,365387,64,422140
32302,0.073297,172.31.40.0-255,66,365453,64,422140
32303,0.075324,74.125.130.0-255,5738,371191,64,422140
32304,0.075332,172.31.40.0-255,66,371257,64,422140
32305,0.077354,74.125.130.0-255,5738,376995,64,422140
32306,0.077361,172.31.40.0-255,66,377061,64,422140
32307,0.079385,74.125.130.0-255,5738,382799,64,422140
32308,0.079394,172.31.40.0-255,66,382865,64,422140
32309,0.081435,74.125.130.0-255,5738,388603,64,422140
32310,0.081441,172.31.40.0-255,66,388669,64,422140
32311,0.08349,74.125.130.0-255,5738,394407,64,422140
32312,0.083496,172.31.40.0-255,66,394473,64,422140
32313,0.085541,74.125.130.0-255,5738,400211,64,422140
32314,0.085547,172.31.40.0-255,66,400277,64,422140
32315,0.087573,74.125.130.0-255,5738,406015,64,422140
32316,0.087579,172.31.40.0-255,66,406081,64,422140
32317,0.089614,74.125.130.0-255,5738,411819,64,422140
32318,0.08962,172.31.40.0-255,66,411885,64,422140
32319,0.091631,74.125.130.0-255,5738,417623,64,422140
32320,0.091637,172.31.40.0-255,66,417689,64,422140
32321,0.093653,74.125.130.0-255,4214,421903,64,422140
32322,0.093659,172.31.40.0-255,66,421969,64,422140
32323,0.09383,172.31.40.0-255,105,422074,64,422140
32324,0.095818,74.125.130.0-255,66,422140,64,422140
32325,0.0,172.217.194.0-255,146,146,64,315740
32326,2.2e-05,172.31.40.0-255,66,212,64,315740
32327,3e-05,172.217.194.0-255,1484,1696,64,315740
32328,3.4e-05,172.31.40.0-255,66,1762,64,315740
32329,4e-05,172.217.194.0-255,2902,4664,64,315740
32330,5.2e-05,172.31.40.0-255,66,4730,64,315740
32331,6e-05,172.217.194.0-255,7156,11886,64,315740
32332,6.3e-05,172.31.40.0-255,66,11952,64,315740
32333,6.9e-05,172.217.194.0-255,5738,17690,64,315740
32334,7.2e-05,172.31.40.0-255,66,17756,64,315740
32335,0.00012,172.31.40.0-255,66,17822,64,315740
32336,0.000135,172.31.40.0-255,66,17888,64,315740
32337,0.000141,172.217.194.0-255,5020,22908,64,315740
32338,0.000144,172.31.40.0-255,66,22974,64,315740
32339,0.001372,172.217.194.0-255,1484,24458,64,315740
32340,0.001379,172.31.40.0-255,66,24524,64,315740
32341,0.001391,172.217.194.0-255,2902,27426,64,315740
32342,0.001394,172.31.40.0-255,66,27492,64,315740
32343,0.001406,172.217.194.0-255,5738,33230,64,315740
32344,0.001408,172.31.40.0-255,66,33296,64,315740
32345,0.001416,172.217.194.0-255,7049,40345,64,315740
32346,0.001418,172.31.40.0-255,66,40411,64,315740
32347,0.001451,172.217.194.0-255,122,40533,64,315740
32348,0.001454,172.31.40.0-255,66,40599,64,315740
32349,0.001997,172.217.194.0-255,1484,42083,64,315740
32350,0.001999,172.31.40.0-255,66,42149,64,315740
32351,0.002013,172.217.194.0-255,2902,45051,64,315740
32352,0.002015,172.31.40.0-255,66,45117,64,315740
32353,0.00202,172.217.194.0-255,2902,48019,64,315740
32354,0.002026,172.31.40.0-255,66,48085,64,315740
32355,0.002064,172.217.194.0-255,2902,50987,64,315740
32356,0.002093,172.217.194.0-255,2902,53889,64,315740
32357,0.002108,172.217.194.0-255,7156,61045,64,315740
32358,0.002125,172.217.194.0-255,766,61811,64,315740
32359,0.004151,172.31.40.0-255,66,61877,64,315740
32360,0.006251,172.217.194.0-255,5738,67615,64,315740
32361,0.006258,172.31.40.0-255,66,67681,64,315740
32362,0.008364,172.217.194.0-255,5738,73419,64,315740
32363,0.008372,172.31.40.0-255,66,73485,64,315740
32364,0.010479,172.217.194.0-255,5738,79223,64,315740
32365,0.013165,172.31.40.0-255,66,79289,64,315740
32366,0.015311,172.217.194.0-255,5738,85027,64,315740
32367,0.015327,172.31.40.0-255,66,85093,64,315740
32368,0.01743,172.217.194.0-255,5738,90831,64,315740
32369,0.017437,172.31.40.0-255,66,90897,64,315740
32370,0.019557,172.217.194.0-255,5738,96635,64,315740
32371,0.019568,172.31.40.0-255,66,96701,64,315740
32372,0.021665,172.217.194.0-255,5738,102439,64,315740
32373,0.021673,172.31.40.0-255,66,102505,64,315740
32374,0.023761,172.217.194.0-255,5738,108243,64,315740
32375,0.023769,172.31.40.0-255,66,108309,64,315740
32376,0.025856,172.217.194.0-255,5738,114047,64,315740
32377,0.025865,172.31.40.0-255,66,114113,64,315740
32378,0.027961,172.217.194.0-255,5738,119851,64,315740
32379,0.027969,172.31.40.0-255,66,119917,64,315740
32380,0.028615,172.31.40.0-255,171,120088,64,315740
32381,0.028647,172.31.40.0-255,1136,121224,64,315740
32382,0.028763,172.31.40.0-255,1514,122738,64,315740
32383,0.028766,172.31.40.0-255,1272,124010,64,315740
32384,0.03009,172.217.194.0-255,5738,129748,64,315740
32385,0.030098,172.31.40.0-255,66,129814,64,315740
32386,0.030158,104.244.42.0-255,66,129880,64,315740
32387,0.030207,104.244.42.0-255,66,129946,64,315740
32388,0.03032,104.244.42.0-255,66,130012,64,315740
32389,0.032226,172.217.194.0-255,5738,135750,64,315740
32390,0.032232,172.31.40.0-255,66,135816,64,315740
32391,0.034323,172.217.194.0-255,5738,141554,64,315740
32392,0.03433,172.31.40.0-255,66,141620,64,315740
32393,0.036446,172.217.194.0-255,5738,147358,64,315740
32394,0.036454,172.31.40.0-255,66,147424,64,315740
32395,0.038566,172.217.194.0-255,5738,153162,64,315740
32396,0.038573,172.31.40.0-255,66,153228,64,315740
32397,0.040693,172.217.194.0-255,5738,158966,64,315740
32398,0.040701,172.31.40.0-255,66,159032,64,315740
32399,0.042838,172.217.194.0-255,5738,164770,64,315740
32400,0.042851,172.31.40.0-255,66,164836,64,315740
32401,0.04498,172.217.194.0-255,5738,170574,64,315740
32402,0.044988,172.31.40.0-255,66,170640,64,315740
32403,0.047112,172.217.194.0-255,5738,176378,64,315740
32404,0.047121,172.31.40.0-255,66,176444,64,315740
32405,0.049261,172.217.194.0-255,5738,182182,64,315740
32406,0.049272,172.31.40.0-255,66,182248,64,315740
32407,0.051409,172.217.194.0-255,5738,187986,64,315740
32408,0.051415,172.31.40.0-255,66,188052,64,315740
32409,0.053511,172.217.194.0-255,5738,193790,64,315740
32410,0.053518,172.31.40.0-255,66,193856,64,315740
32411,0.055645,172.217.194.0-255,5738,199594,64,315740
32412,0.055651,172.31.40.0-255,66,199660,64,315740
32413,0.057762,172.217.194.0-255,5738,205398,64,315740
32414,0.057768,172.31.40.0-255,66,205464,64,315740
32415,0.059908,172.217.194.0-255,5738,211202,64,315740
32416,0.059915,172.31.40.0-255,66,211268,64,315740
32417,0.062017,172.217.194.0-255,5738,217006,64,315740
32418,0.062023,172.31.40.0-255,66,217072,64,315740
32419,0.064142,172.217.194.0-255,5738,222810,64,315740
32420,0.06416,172.31.40.0-255,66,222876,64,315740
32421,0.0663,172.217.194.0-255,5738,228614,64,315740
32422,0.066315,172.31.40.0-255,66,228680,64,315740
32423,0.068432,172.217.194.0-255,5738,234418,64,315740
32424,0.068448,172.31.40.0-255,66,234484,64,315740
32425,0.07059,172.217.194.0-255,5738,240222,64,315740
32426,0.070606,172.31.40.0-255,66,240288,64,315740
32427,0.072738,172.217.194.0-255,5738,246026,64,315740
32428,0.072752,172.31.40.0-255,66,246092,64,315740
32429,0.074855,172.217.194.0-255,5738,251830,64,315740
32430,0.074873,172.31.40.0-255,66,251896,64,315740
32431,0.077001,172.217.194.0-255,5738,257634,64,315740
32432,0.07702,172.31.40.0-255,66,257700,64,315740
32433,0.079157,172.217.194.0-255,5738,263438,64,315740
32434,0.079175,172.31.40.0-255,66,263504,64,315740
32435,0.081285,172.217.194.0-255,5738,269242,64,315740
32436,0.081304,172.31.40.0-255,66,269308,64,315740
32437,0.083465,172.217.194.0-255,5738,275046,64,315740
32438,0.083482,172.31.40.0-255,66,275112,64,315740
32439,0.085588,172.217.194.0-255,5738,280850,64,315740
32440,0.085608,172.31.40.0-255,66,280916,64,315740
32441,0.087743,172.217.194.0-255,5738,286654,64,315740
32442,0.087761,172.31.40.0-255,66,286720,64,315740
32443,0.089868,172.217.194.0-255,5738,292458,64,315740
32444,0.089887,172.31.40.0-255,66,292524,64,315740
32445,0.092034,172.217.194.0-255,5738,298262,64,315740
32446,0.092052,172.31.40.0-255,66,298328,64,315740
32447,0.094173,172.217.194.0-255,5738,304066,64,315740
32448,0.094192,172.31.40.0-255,66,304132,64,315740
32449,0.096385,172.217.194.0-255,5738,309870,64,315740
32450,0.096402,172.31.40.0-255,66,309936,64,315740
32451,0.098534,172.217.194.0-255,5738,315674,64,315740
32452,0.098552,172.31.40.0-255,66,315740,64,315740
32453,0.0,74.125.24.0-255,153,153,64,137497
32454,4.4e-05,172.31.40.0-255,66,219,64,137497
32455,5.2e-05,74.125.24.0-255,1484,1703,64,137497
32456,5.8e-05,172.31.40.0-255,66,1769,64,137497
32457,6.4e-05,74.125.24.0-255,2902,4671,64,137497
32458,7.4e-05,172.31.40.0-255,66,4737,64,137497
32459,8.2e-05,74.125.24.0-255,7156,11893,64,137497
32460,8.5e-05,172.31.40.0-255,66,11959,64,137497
32461,9e-05,74.125.24.0-255,1983,13942,64,137497
32462,9.3e-05,172.31.40.0-255,66,14008,64,137497
32463,9.8e-05,74.125.24.0-255,2902,16910,64,137497
32464,0.000101,172.31.40.0-255,66,16976,64,137497
32465,0.000108,74.125.24.0-255,7156,24132,64,137497
32466,0.000112,172.31.40.0-255,66,24198,64,137497
32467,0.000128,172.31.40.0-255,66,24264,64,137497
32468,0.000138,172.31.40.0-255,66,24330,64,137497
32469,0.000185,74.125.24.0-255,1484,25814,64,137497
32470,0.000187,172.31.40.0-255,66,25880,64,137497
32471,0.000193,74.125.24.0-255,2902,28782,64,137497
32472,0.000195,172.31.40.0-255,66,28848,64,137497
32473,0.000206,74.125.24.0-255,4320,33168,64,137497
32474,0.000208,172.31.40.0-255,66,33234,64,137497
32475,0.000239,74.125.24.0-255,1484,34718,64,137497
32476,0.000242,172.31.40.0-255,66,34784,64,137497
32477,0.000254,74.125.24.0-255,5738,40522,64,137497
32478,0.000256,172.31.40.0-255,66,40588,64,137497
32479,0.000286,74.125.24.0-255,1714,42302,64,137497
32480,0.000288,172.31.40.0-255,66,42368,64,137497
32481,0.00085,74.125.24.0-255,1484,43852,64,137497
32482,0.000856,172.31.40.0-255,66,43918,64,137497
32483,0.000862,74.125.24.0-255,2902,46820,64,137497
32484,0.000865,172.31.40.0-255,66,46886,64,137497
32485,0.000869,74.125.24.0-255,1484,48370,64,137497
32486,0.000902,74.125.24.0-255,4320,52690,64,137497
32487,0.000904,74.125.24.0-255,1484,54174,64,137497
32488,0.000916,172.31.40.0-255,66,54240,64,137497
32489,0.00092,172.31.40.0-255,66,54306,64,137497
32490,0.000965,172.31.40.0-255,66,54372,64,137497
32491,0.001083,74.125.24.0-255,1484,55856,64,137497
32492,0.001088,74.125.24.0-255,1484,57340,64,137497
32493,0.001091,172.31.40.0-255,66,57406,64,137497
32494,0.001115,74.125.24.0-255,1484,58890,64,137497
32495,0.001122,74.125.24.0-255,5738,64628,64,137497
32496,0.001125,172.31.40.0-255,66,64694,64,137497
32497,0.001167,74.125.24.0-255,7156,71850,64,137497
32498,0.001169,172.31.40.0-255,66,71916,64,137497
32499,0.001198,74.125.24.0-255,5738,77654,64,137497
32500,0.0012,172.31.40.0-255,66,77720,64,137497
32501,0.00122,172.31.40.0-255,66,77786,64,137497
32502,0.001226,74.125.24.0-255,7156,84942,64,137497
32503,0.001229,172.31.40.0-255,66,85008,64,137497
32504,0.001235,74.125.24.0-255,5738,90746,64,137497
32505,0.001237,172.31.40.0-255,66,90812,64,137497
32506,0.001261,172.31.40.0-255,66,90878,64,137497
32507,0.001293,74.125.24.0-255,4320,95198,64,137497
32508,0.001296,172.31.40.0-255,66,95264,64,137497
32509,0.001299,74.125.24.0-255,766,96030,64,137497
32510,0.001318,172.31.40.0-255,66,96096,64,137497
32511,0.001346,74.125.24.0-255,7156,103252,64,137497
32512,0.001349,172.31.40.0-255,66,103318,64,137497
32513,0.001369,172.31.40.0-255,66,103384,64,137497
32514,0.001405,172.31.40.0-255,66,103450,64,137497
32515,0.001417,172.31.40.0-255,66,103516,64,137497
32516,0.001477,172.31.40.0-255,66,103582,64,137497
32517,0.001504,74.125.24.0-255,2902,106484,64,137497
32518,0.001507,172.31.40.0-255,66,106550,64,137497
32519,0.001555,172.31.40.0-255,66,106616,64,137497
32520,0.001577,172.31.40.0-255,66,106682,64,137497
32521,0.001603,74.125.24.0-255,4320,111002,64,137497
32522,0.001606,172.31.40.0-255,66,111068,64,137497
32523,0.001705,74.125.24.0-255,1484,112552,64,137497
32524,0.001747,74.125.24.0-255,7156,119708,64,137497
32525,0.00175,172.31.40.0-255,66,119774,64,137497
32526,0.001757,172.31.40.0-255,66,119840,64,137497
32527,0.001806,74.125.24.0-255,5020,124860,64,137497
32528,0.001812,74.125.24.0-255,5738,130598,64,137497
32529,0.001831,172.31.40.0-255,66,130664,64,137497
32530,0.001856,74.125.24.0-255,1121,131785,64,137497
32531,0.001909,74.125.24.0-255,105,131890,64,137497
32532,0.003389,172.31.40.0-255,101,131991,64,137497
32533,0.005631,74.125.24.0-255,66,132057,64,137497
32534,0.012444,172.31.40.0-255,105,132162,64,137497
32535,0.014689,74.125.24.0-255,66,132228,64,137497
32536,0.032174,172.31.40.0-255,172,132400,64,137497
32537,0.032209,172.31.40.0-255,1111,133511,64,137497
32538,0.032272,172.31.40.0-255,1514,135025,64,137497
32539,0.032274,172.31.40.0-255,1514,136539,64,137497
32540,0.032298,172.31.40.0-255,694,137233,64,137497
32541,0.03375,104.244.42.0-255,66,137299,64,137497
32542,0.033783,104.244.42.0-255,66,137365,64,137497
32543,0.033832,104.244.42.0-255,66,137431,64,137497
32544,0.033845,104.244.42.0-255,66,137497,64,137497
32545,0.0,74.125.68.0-255,152,152,64,399870
32546,2.3e-05,172.31.40.0-255,66,218,64,399870
32547,3e-05,74.125.68.0-255,1484,1702,64,399870
32548,3.4e-05,172.31.40.0-255,66,1768,64,399870
32549,4e-05,74.125.68.0-255,2902,4670,64,399870
32550,4.4e-05,172.31.40.0-255,66,4736,64,399870
32551,5e-05,74.125.68.0-255,5738,10474,64,399870
32552,5.3e-05,172.31.40.0-255,66,10540,64,399870
32553,5.7e-05,74.125.68.0-255,2902,13442,64,399870
32554,6.1e-05,172.31.40.0-255,66,13508,64,399870
32555,8.8e-05,74.125.68.0-255,2099,15607,64,399870
32556,9.1e-05,172.31.40.0-255,66,15673,64,399870
32557,9.8e-05,74.125.68.0-255,5738,21411,64,399870
32558,0.0001,172.31.40.0-255,66,21477,64,399870
32559,0.000103,74.125.68.0-255,1484,22961,64,399870
32560,0.000105,172.31.40.0-255,66,23027,64,399870
32561,0.000123,74.125.68.0-255,7156,30183,64,399870
32562,0.000125,172.31.40.0-255,66,30249,64,399870
32563,0.000148,74.125.68.0-255,1125,31374,64,399870
32564,0.000151,172.31.40.0-255,66,31440,64,399870
32565,0.000197,74.125.68.0-255,1484,32924,64,399870
32566,0.0002,172.31.40.0-255,66,32990,64,399870
32567,0.000203,74.125.68.0-255,1484,34474,64,399870
32568,0.000205,172.31.40.0-255,66,34540,64,399870
32569,0.000218,74.125.68.0-255,2902,37442,64,399870
32570,0.00022,172.31.40.0-255,66,37508,64,399870
32571,0.000245,74.125.68.0-255,5738,43246,64,399870
32572,0.000248,172.31.40.0-255,66,43312,64,399870
32573,0.000267,74.125.68.0-255,5379,48691,64,399870
32574,0.00027,172.31.40.0-255,66,48757,64,399870
32575,0.000274,74.125.68.0-255,2902,51659,64,399870
32576,0.000276,172.31.40.0-255,66,51725,64,399870
32577,0.000297,74.125.68.0-255,2902,54627,64,399870
32578,0.0003,172.31.40.0-255,66,54693,64,399870
32579,0.00032,74.125.68.0-255,1484,56177,64,399870
32580,0.000346,172.31.40.0-255,66,56243,64,399870
32581,0.000349,74.125.68.0-255,111,56354,64,399870
32582,0.000425,74.125.68.0-255,1484,57838,64,399870
32583,0.000429,172.31.40.0-255,66,57904,64,399870
32584,0.000444,74.125.68.0-255,2902,60806,64,399870
32585,0.000447,172.31.40.0-255,66,60872,64,399870
32586,0.000469,74.125.68.0-255,5738,66610,64,399870
32587,0.000472,172.31.40.0-255,66,66676,64,399870
32588,0.000476,74.125.68.0-255,2902,69578,64,399870
32589,0.000478,172.31.40.0-255,66,69644,64,399870
32590,0.000505,74.125.68.0-255,3961,73605,64,399870
32591,0.000508,172.31.40.0-255,66,73671,64,399870
32592,0.000515,74.125.68.0-255,5738,79409,64,399870
32593,0.000517,172.31.40.0-255,66,79475,64,399870
32594,0.000549,74.125.68.0-255,1484,80959,64,399870
32595,0.00056,172.31.40.0-255,66,81025,64,399870
32596,0.000563,74.125.68.0-255,1369,82394,64,399870
32597,0.00066,172.31.40.0-255,101,82495,64,399870
32598,0.000698,74.125.68.0-255,1484,83979,64,399870
32599,0.000716,74.125.68.0-255,2902,86881,64,399870
32600,0.000734,74.125.68.0-255,4320,91201,64,399870
32601,0.000753,172.31.40.0-255,66,91267,64,399870
32602,0.000765,74.125.68.0-255,5738,97005,64,399870
32603,0.000781,74.125.68.0-255,2902,99907,64,399870
32604,0.000792,172.31.40.0-255,66,99973,64,399870
32605,0.000804,74.125.68.0-255,2902,102875,64,399870
32606,0.000828,74.125.68.0-255,7156,110031,64,399870
32607,0.000831,74.125.68.0-255,2902,112933,64,399870
32608,0.000866,172.31.40.0-255,66,112999,64,399870
32609,0.000873,172.31.40.0-255,66,113065,64,399870
32610,0.000886,74.125.68.0-255,3602,116667,64,399870
32611,0.00091,172.31.40.0-255,66,116733,64,399870
32612,0.001157,74.125.68.0-255,1484,118217,64,399870
32613,0.001174,74.125.68.0-255,1484,119701,64,399870
32614,0.001177,172.31.40.0-255,66,119767,64,399870
32615,0.001181,74.125.68.0-255,1484,121251,64,399870
32616,0.001195,74.125.68.0-255,1484,122735,64,399870
32617,0.001213,172.31.40.0-255,66,122801,64,399870
32618,0.001224,74.125.68.0-255,2902,125703,64,399870
32619,0.001244,74.125.68.0-255,2902,128605,64,399870
32620,0.001247,74.125.68.0-255,1484,130089,64,399870
32621,0.001252,172.31.40.0-255,66,130155,64,399870
32622,0.00136,74.125.68.0-255,1484,131639,64,399870
32623,0.001428,74.125.68.0-255,1484,133123,64,399870
32624,0.001432,172.31.40.0-255,66,133189,64,399870
32625,0.001456,74.125.68.0-255,2902,136091,64,399870
32626,0.001461,172.31.40.0-255,66,136157,64,399870
32627,0.00148,74.125.68.0-255,5738,141895,64,399870
32628,0.001493,74.125.68.0-255,1484,143379,64,399870
32629,0.001509,74.125.68.0-255,5738,149117,64,399870
32630,0.001512,172.31.40.0-255,66,149183,64,399870
32631,0.001516,172.31.40.0-255,66,149249,64,399870
32632,0.001525,74.125.68.0-255,2184,151433,64,399870
32633,0.00155,172.31.40.0-255,66,151499,64,399870
32634,0.001806,74.125.68.0-255,1484,152983,64,399870
32635,0.001825,74.125.68.0-255,2902,155885,64,399870
32636,0.001828,172.31.40.0-255,66,155951,64,399870
32637,0.00185,74.125.68.0-255,4320,160271,64,399870
32638,0.001852,172.31.40.0-255,66,160337,64,399870
32639,0.001886,74.125.68.0-255,4320,164657,64,399870
32640,0.001889,172.31.40.0-255,66,164723,64,399870
32641,0.00194,74.125.68.0-255,1484,166207,64,399870
32642,0.001964,74.125.68.0-255,2902,169109,64,399870
32643,0.001967,172.31.40.0-255,66,169175,64,399870
32644,0.001983,74.125.68.0-255,1484,170659,64,399870
32645,0.002009,74.125.68.0-255,2902,173561,64,399870
32646,0.002012,172.31.40.0-255,66,173627,64,399870
32647,0.002034,74.125.68.0-255,2902,176529,64,399870
32648,0.002042,172.31.40.0-255,66,176595,64,399870
32649,0.00205,74.125.68.0-255,2902,179497,64,399870
32650,0.002054,172.31.40.0-255,66,179563,64,399870
32651,0.00266,74.125.68.0-255,66,179629,64,399870
32652,0.004069,74.125.68.0-255,5738,185367,64,399870
32653,0.004077,172.31.40.0-255,66,185433,64,399870
32654,0.006102,74.125.68.0-255,5738,191171,64,399870
32655,0.006106,172.31.40.0-255,66,191237,64,399870
32656,0.008127,74.125.68.0-255,5738,196975,64,399870
32657,0.008132,172.31.40.0-255,66,197041,64,399870
32658,0.010151,74.125.68.0-255,5738,202779,64,399870
32659,0.010161,172.31.40.0-255,66,202845,64,399870
32660,0.012192,74.125.68.0-255,5738,208583,64,399870
32661,0.012202,172.31.40.0-255,66,208649,64,399870
32662,0.014228,74.125.68.0-255,5738,214387,64,399870
32663,0.014237,172.31.40.0-255,66,214453,64,399870
32664,0.016265,74.125.68.0-255,5738,220191,64,399870
32665,0.016272,172.31.40.0-255,66,220257,64,399870
32666,0.018309,74.125.68.0-255,5738,225995,64,399870
32667,0.018316,172.31.40.0-255,66,226061,64,399870
32668,0.020351,74.125.68.0-255,5738,231799,64,399870
32669,0.020358,172.31.40.0-255,66,231865,64,399870
32670,0.022401,74.125.68.0-255,5738,237603,64,399870
32671,0.022414,172.31.40.0-255,66,237669,64,399870
32672,0.024462,74.125.68.0-255,5738,243407,64,399870
32673,0.024481,172.31.40.0-255,66,243473,64,399870
32674,0.026526,74.125.68.0-255,5738,249211,64,399870
32675,0.026541,172.31.40.0-255,66,249277,64,399870
32676,0.028584,74.125.68.0-255,5738,255015,64,399870
32677,0.028597,172.31.40.0-255,66,255081,64,399870
32678,0.030646,74.125.68.0-255,5738,260819,64,399870
32679,0.030661,172.31.40.0-255,66,260885,64,399870
32680,0.032699,74.125.68.0-255,5738,266623,64,399870
32681,0.03271,172.31.40.0-255,66,266689,64,399870
32682,0.034747,74.125.68.0-255,5738,272427,64,399870
32683,0.034764,172.31.40.0-255,66,272493,64,399870
32684,0.036793,74.125.68.0-255,5738,278231,64,399870
32685,0.036801,172.31.40.0-255,66,278297,64,399870
32686,0.038835,74.125.68.0-255,5738,284035,64,399870
32687,0.038843,172.31.40.0-255,66,284101,64,399870
32688,0.040884,74.125.68.0-255,5738,289839,64,399870
32689,0.0409,172.31.40.0-255,66,289905,64,399870
32690,0.042936,74.125.68.0-255,5738,295643,64,399870
32691,0.042951,172.31.40.0-255,66,295709,64,399870
32692,0.045019,74.125.68.0-255,5738,301447,64,399870
32693,0.04503,172.31.40.0-255,66,301513,64,399870
32694,0.04705,74.125.68.0-255,5738,307251,64,399870
32695,0.047057,172.31.40.0-255,66,307317,64,399870
32696,0.047103,172.31.40.0-255,167,307484,64,399870
32697,0.047147,172.31.40.0-255,1113,308597,64,399870
32698,0.047254,172.31.40.0-255,1514,310111,64,399870
32699,0.047257,172.31.40.0-255,1297,311408,64,399870
32700,0.048629,104.244.42.0-255,66,311474,64,399870
32701,0.048676,104.244.42.0-255,66,311540,64,399870
32702,0.048804,104.244.42.0-255,66,311606,64,399870
32703,0.049079,74.125.68.0-255,5738,317344,64,399870
32704,0.049086,172.31.40.0-255,66,317410,64,399870
32705,0.051118,74.125.68.0-255,5738,323148,64,399870
32706,0.051134,172.31.40.0-255,66,323214,64,399870
32707,0.053177,74.125.68.0-255,5738,328952,64,399870
32708,0.053193,172.31.40.0-255,66,329018,64,399870
32709,0.055239,74.125.68.0-255,5738,334756,64,399870
32710,0.055254,172.31.40.0-255,66,334822,64,399870
32711,0.057297,74.125.68.0-255,5738,340560,64,399870
32712,0.057311,172.31.40.0-255,66,340626,64,399870
32713,0.059346,74.125.68.0-255,5738,346364,64,399870
32714,0.05936,172.31.40.0-255,66,346430,64,399870
32715,0.061388,74.125.68.0-255,5738,352168,64,399870
32716,0.0614,172.31.40.0-255,66,352234,64,399870
32717,0.063443,74.125.68.0-255,5738,357972,64,399870
32718,0.063459,172.31.40.0-255,66,358038,64,399870
32719,0.065491,74.125.68.0-255,5738,363776,64,399870
32720,0.065499,172.31.40.0-255,66,363842,64,399870
32721,0.067548,74.125.68.0-255,5738,369580,64,399870
32722,0.067561,172.31.40.0-255,66,369646,64,399870
32723,0.069593,74.125.68.0-255,5738,375384,64,399870
32724,0.069603,172.31.40.0-255,66,375450,64,399870
32725,0.07165,74.125.68.0-255,5738,381188,64,399870
32726,0.071657,172.31.40.0-255,66,381254,64,399870
32727,0.073688,74.125.68.0-255,5738,386992,64,399870
32728,0.073694,172.31.40.0-255,66,387058,64,399870
32729,0.075731,74.125.68.0-255,5738,392796,64,399870
32730,0.075737,172.31.40.0-255,66,392862,64,399870
32731,0.077775,74.125.68.0-255,5738,398600,64,399870
32732,0.077782,172.31.40.0-255,66,398666,64,399870
32733,0.0798,74.125.68.0-255,1033,399699,64,399870
32734,0.079961,172.31.40.0-255,105,399804,64,399870
32735,0.086655,74.125.68.0-255,66,399870,64,399870
32736,0.0,74.125.24.0-255,146,146,64,327367
32737,2e-05,172.31.40.0-255,66,212,64,327367
32738,2.7e-05,74.125.24.0-255,1484,1696,64,327367
32739,3.2e-05,172.31.40.0-255,66,1762,64,327367
32740,3.7e-05,74.125.24.0-255,2902,4664,64,327367
32741,4.1e-05,172.31.40.0-255,66,4730,64,327367
32742,5e-05,74.125.24.0-255,7156,11886,64,327367
32743,5.3e-05,172.31.40.0-255,66,11952,64,327367
32744,7.7e-05,74.125.24.0-255,1484,13436,64,327367
32745,7.9e-05,172.31.40.0-255,66,13502,64,327367
32746,9.6e-05,74.125.24.0-255,4320,17822,64,327367
32747,9.8e-05,172.31.40.0-255,66,17888,64,327367
32748,0.000114,74.125.24.0-255,6253,24141,64,327367
32749,0.000117,172.31.40.0-255,66,24207,64,327367
32750,0.000123,74.125.24.0-255,6797,31004,64,327367
32751,0.000125,172.31.40.0-255,66,31070,64,327367
32752,0.000194,74.125.24.0-255,1484,32554,64,327367
32753,0.000197,172.31.40.0-255,66,32620,64,327367
32754,0.000201,74.125.24.0-255,2902,35522,64,327367
32755,0.000203,172.31.40.0-255,66,35588,64,327367
32756,0.000216,74.125.24.0-255,4320,39908,64,327367
32757,0.000218,172.31.40.0-255,66,39974,64,327367
32758,0.000236,74.125.24.0-255,1484,41458,64,327367
32759,0.000238,172.31.40.0-255,66,41524,64,327367
32760,0.000241,74.125.24.0-255,1484,43008,64,327367
32761,0.000243,172.31.40.0-255,66,43074,64,327367
32762,0.000264,172.31.40.0-255,66,43140,64,327367
32763,0.000271,74.125.24.0-255,7156,50296,64,327367
32764,0.000273,172.31.40.0-255,66,50362,64,327367
32765,0.000291,74.125.24.0-255,4320,54682,64,327367
32766,0.000293,172.31.40.0-255,66,54748,64,327367
32767,0.000314,74.125.24.0-255,1436,56184,64,327367
32768,0.000316,172.31.40.0-255,66,56250,64,327367
32769,0.000318,74.125.24.0-255,374,56624,64,327367
32770,0.00032,172.31.40.0-255,66,56690,64,327367
32771,0.000619,74.125.24.0-255,1484,58174,64,327367
32772,0.000623,172.31.40.0-255,66,58240,64,327367
32773,0.000628,74.125.24.0-255,2902,61142,64,327367
32774,0.00063,172.31.40.0-255,66,61208,64,327367
32775,0.000635,74.125.24.0-255,2902,64110,64,327367
32776,0.000637,172.31.40.0-255,66,64176,64,327367
32777,0.00065,74.125.24.0-255,2902,67078,64,327367
32778,0.000669,74.125.24.0-255,2902,69980,64,327367
32779,0.00069,74.125.24.0-255,1484,71464,64,327367
32780,0.000706,74.125.24.0-255,7156,78620,64,327367
32781,0.000722,74.125.24.0-255,2184,80804,64,327367
32782,0.000847,172.31.40.0-255,66,80870,64,327367
32783,0.000934,74.125.24.0-255,1484,82354,64,327367
32784,0.00095,74.125.24.0-255,2902,85256,64,327367
32785,0.000958,172.31.40.0-255,66,85322,64,327367
32786,0.000965,74.125.24.0-255,1484,86806,64,327367
32787,0.000982,74.125.24.0-255,4320,91126,64,327367
32788,0.000994,74.125.24.0-255,1484,92610,64,327367
32789,0.000996,172.31.40.0-255,66,92676,64,327367
32790,0.001022,74.125.24.0-255,1484,94160,64,327367
32791,0.00103,172.31.40.0-255,66,94226,64,327367
32792,0.001047,172.31.40.0-255,66,94292,64,327367
32793,0.001071,74.125.24.0-255,2184,96476,64,327367
32794,0.001079,172.31.40.0-255,66,96542,64,327367
32795,0.001171,74.125.24.0-255,1484,98026,64,327367
32796,0.001175,74.125.24.0-255,1484,99510,64,327367
32797,0.001185,74.125.24.0-255,1484,100994,64,327367
32798,0.00119,74.125.24.0-255,5738,106732,64,327367
32799,0.001224,172.31.40.0-255,66,106798,64,327367
32800,0.001245,172.31.40.0-255,66,106864,64,327367
32801,0.001249,74.125.24.0-255,2902,109766,64,327367
32802,0.001285,74.125.24.0-255,2184,111950,64,327367
32803,0.001288,172.31.40.0-255,66,112016,64,327367
32804,0.001292,172.31.40.0-255,66,112082,64,327367
32805,0.001327,74.125.24.0-255,2902,114984,64,327367
32806,0.001332,74.125.24.0-255,2902,117886,64,327367
32807,0.00134,172.31.40.0-255,66,117952,64,327367
32808,0.001349,74.125.24.0-255,2902,120854,64,327367
32809,0.001352,172.31.40.0-255,66,120920,64,327367
32810,0.001363,74.125.24.0-255,4320,125240,64,327367
32811,0.001386,74.125.24.0-255,2902,128142,64,327367
32812,0.001393,172.31.40.0-255,66,128208,64,327367
32813,0.001428,74.125.24.0-255,5020,133228,64,327367
32814,0.001436,172.31.40.0-255,66,133294,64,327367
32815,0.001525,74.125.24.0-255,1484,134778,64,327367
32816,0.001531,74.125.24.0-255,2902,137680,64,327367
32817,0.001554,74.125.24.0-255,2902,140582,64,327367
32818,0.001557,172.31.40.0-255,66,140648,64,327367
32819,0.001561,172.31.40.0-255,66,140714,64,327367
32820,0.001574,74.125.24.0-255,2902,143616,64,327367
32821,0.00158,74.125.24.0-255,5738,149354,64,327367
32822,0.001594,172.31.40.0-255,66,149420,64,327367
32823,0.001599,74.125.24.0-255,4320,153740,64,327367
32824,0.001603,172.31.40.0-255,66,153806,64,327367
32825,0.001615,74.125.24.0-255,5738,159544,64,327367
32826,0.001626,172.31.40.0-255,66,159610,64,327367
32827,0.001637,74.125.24.0-255,7156,166766,64,327367
32828,0.001641,172.31.40.0-255,66,166832,64,327367
32829,0.001655,74.125.24.0-255,1484,168316,64,327367
32830,0.001693,172.31.40.0-255,66,168382,64,327367
32831,0.001725,172.31.40.0-255,66,168448,64,327367
32832,0.001737,74.125.24.0-255,4320,172768,64,327367
32833,0.001743,74.125.24.0-255,6438,179206,64,327367
32834,0.001764,172.31.40.0-255,66,179272,64,327367
32835,0.001856,74.125.24.0-255,1484,180756,64,327367
32836,0.001872,74.125.24.0-255,2902,183658,64,327367
32837,0.001877,74.125.24.0-255,5738,189396,64,327367
32838,0.001882,172.31.40.0-255,66,189462,64,327367
32839,0.001894,74.125.24.0-255,7156,196618,64,327367
32840,0.001914,74.125.24.0-255,5738,202356,64,327367
32841,0.00192,74.125.24.0-255,5738,208094,64,327367
32842,0.001926,172.31.40.0-255,66,208160,64,327367
32843,0.001936,74.125.24.0-255,4320,212480,64,327367
32844,0.001938,74.125.24.0-255,766,213246,64,327367
32845,0.001961,172.31.40.0-255,66,213312,64,327367
32846,0.002354,74.125.24.0-255,1484,214796,64,327367
32847,0.0043,74.125.24.0-255,4320,219116,64,327367
32848,0.004306,172.31.40.0-255,66,219182,64,327367
32849,0.006661,74.125.24.0-255,5738,224920,64,327367
32850,0.006665,172.31.40.0-255,66,224986,64,327367
32851,0.008964,74.125.24.0-255,5738,230724,64,327367
32852,0.009121,172.31.40.0-255,66,230790,64,327367
32853,0.01152,74.125.24.0-255,5738,236528,64,327367
32854,0.011528,172.31.40.0-255,66,236594,64,327367
32855,0.013837,74.125.24.0-255,5738,242332,64,327367
32856,0.013843,172.31.40.0-255,66,242398,64,327367
32857,0.016173,74.125.24.0-255,5738,248136,64,327367
32858,0.018541,172.31.40.0-255,66,248202,64,327367
32859,0.020894,74.125.24.0-255,5738,253940,64,327367
32860,0.020904,172.31.40.0-255,66,254006,64,327367
32861,0.023303,74.125.24.0-255,5738,259744,64,327367
32862,0.023309,172.31.40.0-255,66,259810,64,327367
32863,0.025622,74.125.24.0-255,5738,265548,64,327367
32864,0.025628,172.31.40.0-255,66,265614,64,327367
32865,0.027989,74.125.24.0-255,5738,271352,64,327367
32866,0.027996,172.31.40.0-255,66,271418,64,327367
32867,0.029129,172.31.40.0-255,172,271590,64,327367
32868,0.029159,172.31.40.0-255,1111,272701,64,327367
32869,0.02922,172.31.40.0-255,1514,274215,64,327367
32870,0.029222,172.31.40.0-255,1297,275512,64,327367
32871,0.03033,74.125.24.0-255,5738,281250,64,327367
32872,0.030338,172.31.40.0-255,66,281316,64,327367
32873,0.030673,104.244.42.0-255,66,281382,64,327367
32874,0.030716,104.244.42.0-255,66,281448,64,327367
32875,0.030761,104.244.42.0-255,66,281514,64,327367
32876,0.032668,74.125.24.0-255,5738,287252,64,327367
32877,0.032673,172.31.40.0-255,66,287318,64,327367
32878,0.035028,74.125.24.0-255,5738,293056,64,327367
32879,0.035035,172.31.40.0-255,66,293122,64,327367
32880,0.03737,74.125.24.0-255,5738,298860,64,327367
32881,0.037376,172.31.40.0-255,66,298926,64,327367
32882,0.039705,74.125.24.0-255,5738,304664,64,327367
32883,0.039712,172.31.40.0-255,66,304730,64,327367
32884,0.04209,74.125.24.0-255,5738,310468,64,327367
32885,0.042097,172.31.40.0-255,66,310534,64,327367
32886,0.044504,74.125.24.0-255,5738,316272,64,327367
32887,0.044511,172.31.40.0-255,66,316338,64,327367
32888,0.046834,74.125.24.0-255,5738,322076,64,327367
32889,0.046841,172.31.40.0-255,66,322142,64,327367
32890,0.049169,74.125.24.0-255,4988,327130,64,327367
32891,0.049176,172.31.40.0-255,66,327196,64,327367
32892,0.049357,172.31.40.0-255,105,327301,64,327367
32893,0.051651,74.125.24.0-255,66,327367,64,327367
32894,0.0,172.31.40.0-255,105,105,64,459
32895,0.000245,172.31.40.0-255,90,195,64,459
32896,0.000253,172.31.40.0-255,66,261,64,459
32897,0.002522,74.125.68.0-255,66,327,64,459
32898,0.002536,74.125.68.0-255,66,393,64,459
32899,0.002548,172.31.40.0-255,66,459,64,459
32900,0.0,172.217.194.0-255,153,153,64,340308
32901,2.3e-05,172.31.40.0-255,66,219,64,340308
32902,3.1e-05,172.217.194.0-255,1484,1703,64,340308
32903,3.6e-05,172.31.40.0-255,66,1769,64,340308
32904,4.1e-05,172.217.194.0-255,2902,4671,64,340308
32905,5.3e-05,172.31.40.0-255,66,4737,64,340308
32906,6.1e-05,172.217.194.0-255,7156,11893,64,340308
32907,6.4e-05,172.31.40.0-255,66,11959,64,340308
32908,9.1e-05,172.31.40.0-255,66,12025,64,340308
32909,0.000104,172.217.194.0-255,6797,18822,64,340308
32910,0.000106,172.31.40.0-255,66,18888,64,340308
32911,0.000201,172.217.194.0-255,1484,20372,64,340308
32912,0.000205,172.31.40.0-255,66,20438,64,340308
32913,0.00021,172.217.194.0-255,2902,23340,64,340308
32914,0.000212,172.31.40.0-255,66,23406,64,340308
32915,0.000219,172.217.194.0-255,5738,29144,64,340308
32916,0.000226,172.31.40.0-255,66,29210,64,340308
32917,0.000247,172.217.194.0-255,6797,36007,64,340308
32918,0.00025,172.31.40.0-255,66,36073,64,340308
32919,0.000279,172.217.194.0-255,5738,41811,64,340308
32920,0.000281,172.31.40.0-255,66,41877,64,340308
32921,0.000316,172.31.40.0-255,66,41943,64,340308
32922,0.00032,172.217.194.0-255,2797,44740,64,340308
32923,0.000322,172.31.40.0-255,66,44806,64,340308
32924,0.000325,172.217.194.0-255,432,45238,64,340308
32925,0.000332,172.31.40.0-255,66,45304,64,340308
32926,0.000778,172.217.194.0-255,1484,46788,64,340308
32927,0.000784,172.31.40.0-255,66,46854,64,340308
32928,0.000791,172.217.194.0-255,2902,49756,64,340308
32929,0.000793,172.31.40.0-255,66,49822,64,340308
32930,0.00082,172.217.194.0-255,5738,55560,64,340308
32931,0.000823,172.31.40.0-255,66,55626,64,340308
32932,0.000829,172.217.194.0-255,5738,61364,64,340308
32933,0.000832,172.31.40.0-255,66,61430,64,340308
32934,0.000865,172.217.194.0-255,7156,68586,64,340308
32935,0.000881,172.31.40.0-255,66,68652,64,340308
32936,0.000885,172.31.40.0-255,66,68718,64,340308
32937,0.001316,172.217.194.0-255,1484,70202,64,340308
32938,0.001322,172.217.194.0-255,1484,71686,64,340308
32939,0.001325,172.31.40.0-255,66,71752,64,340308
32940,0.00135,172.217.194.0-255,1484,73236,64,340308
32941,0.001355,172.217.194.0-255,5738,78974,64,340308
32942,0.001361,172.217.194.0-255,7156,86130,64,340308
32943,0.001385,172.31.40.0-255,66,86196,64,340308
32944,0.001387,172.31.40.0-255,66,86262,64,340308
32945,0.001428,172.217.194.0-255,2184,88446,64,340308
32946,0.001432,172.31.40.0-255,66,88512,64,340308
32947,0.001438,172.31.40.0-255,66,88578,64,340308
32948,0.002074,172.217.194.0-255,1484,90062,64,340308
32949,0.002084,172.217.194.0-255,2902,92964,64,340308
32950,0.002088,172.31.40.0-255,66,93030,64,340308
32951,0.002115,172.217.194.0-255,1484,94514,64,340308
32952,0.002119,172.217.194.0-255,2902,97416,64,340308
32953,0.002121,172.31.40.0-255,66,97482,64,340308
32954,0.002127,172.217.194.0-255,5738,103220,64,340308
32955,0.002129,172.31.40.0-255,66,103286,64,340308
32956,0.002167,172.217.194.0-255,2902,106188,64,340308
32957,0.00217,172.31.40.0-255,66,106254,64,340308
32958,0.002186,172.217.194.0-255,4320,110574,64,340308
32959,0.002188,172.31.40.0-255,66,110640,64,340308
32960,0.002191,172.217.194.0-255,1484,112124,64,340308
32961,0.002214,172.217.194.0-255,7156,119280,64,340308
32962,0.002216,172.31.40.0-255,66,119346,64,340308
32963,0.002221,172.217.194.0-255,3602,122948,64,340308
32964,0.002223,172.31.40.0-255,66,123014,64,340308
32965,0.002504,172.217.194.0-255,1484,124498,64,340308
32966,0.00251,172.217.194.0-255,1484,125982,64,340308
32967,0.002513,172.31.40.0-255,66,126048,64,340308
32968,0.002535,172.217.194.0-255,1484,127532,64,340308
32969,0.002542,172.217.194.0-255,5738,133270,64,340308
32970,0.002544,172.31.40.0-255,66,133336,64,340308
32971,0.002576,172.31.40.0-255,66,133402,64,340308
32972,0.002586,172.31.40.0-255,66,133468,64,340308
32973,0.002633,172.31.40.0-255,66,133534,64,340308
32974,0.005217,172.217.194.0-255,5738,139272,64,340308
32975,0.005221,172.31.40.0-255,66,139338,64,340308
32976,0.007786,172.217.194.0-255,5738,145076,64,340308
32977,0.007793,172.31.40.0-255,66,145142,64,340308
32978,0.010391,172.217.194.0-255,5738,150880,64,340308
32979,0.010399,172.31.40.0-255,66,150946,64,340308
32980,0.012958,172.217.194.0-255,5738,156684,64,340308
32981,0.012967,172.31.40.0-255,66,156750,64,340308
32982,0.01555,172.217.194.0-255,5738,162488,64,340308
32983,0.01556,172.31.40.0-255,66,162554,64,340308
32984,0.018128,172.217.194.0-255,5738,168292,64,340308
32985,0.018137,172.31.40.0-255,66,168358,64,340308
32986,0.020721,172.217.194.0-255,5738,174096,64,340308
32987,0.020729,172.31.40.0-255,66,174162,64,340308
32988,0.023294,172.217.194.0-255,5738,179900,64,340308
32989,0.023301,172.31.40.0-255,66,179966,64,340308
32990,0.025899,172.217.194.0-255,5738,185704,64,340308
32991,0.025918,172.31.40.0-255,66,185770,64,340308
32992,0.028485,172.217.194.0-255,5738,191508,64,340308
32993,0.0285,172.31.40.0-255,66,191574,64,340308
32994,0.031076,172.217.194.0-255,5738,197312,64,340308
32995,0.031091,172.31.40.0-255,66,197378,64,340308
32996,0.033673,172.217.194.0-255,5738,203116,64,340308
32997,0.033689,172.31.40.0-255,66,203182,64,340308
32998,0.036285,172.217.194.0-255,5738,208920,64,340308
32999,0.036293,172.31.40.0-255,66,208986,64,340308
33000,0.038155,172.31.40.0-255,172,209158,64,340308
33001,0.038187,172.31.40.0-255,1113,210271,64,340308
33002,0.038245,172.31.40.0-255,1514,211785,64,340308
33003,0.038247,172.31.40.0-255,1514,213299,64,340308
33004,0.038248,172.31.40.0-255,1514,214813,64,340308
33005,0.038249,172.31.40.0-255,114,214927,64,340308
33006,0.03885,172.217.194.0-255,5738,220665,64,340308
33007,0.038868,172.31.40.0-255,66,220731,64,340308
33008,0.040673,104.244.42.0-255,66,220797,64,340308
33009,0.041435,172.217.194.0-255,5738,226535,64,340308
33010,0.041445,172.31.40.0-255,66,226601,64,340308
33011,0.04405,172.217.194.0-255,5738,232339,64,340308
33012,0.04406,172.31.40.0-255,66,232405,64,340308
33013,0.046661,172.217.194.0-255,5738,238143,64,340308
33014,0.04668,172.31.40.0-255,66,238209,64,340308
33015,0.049276,172.217.194.0-255,5738,243947,64,340308
33016,0.049296,172.31.40.0-255,66,244013,64,340308
33017,0.051903,172.217.194.0-255,5738,249751,64,340308
33018,0.051921,172.31.40.0-255,66,249817,64,340308
33019,0.054534,172.217.194.0-255,5738,255555,64,340308
33020,0.054553,172.31.40.0-255,66,255621,64,340308
33021,0.057163,172.217.194.0-255,5738,261359,64,340308
33022,0.057182,172.31.40.0-255,66,261425,64,340308
33023,0.059738,172.217.194.0-255,5738,267163,64,340308
33024,0.059746,172.31.40.0-255,66,267229,64,340308
33025,0.062381,172.217.194.0-255,5738,272967,64,340308
33026,0.062396,172.31.40.0-255,66,273033,64,340308
33027,0.064974,172.217.194.0-255,5738,278771,64,340308
33028,0.064992,172.31.40.0-255,66,278837,64,340308
33029,0.067569,172.217.194.0-255,5738,284575,64,340308
33030,0.067576,172.31.40.0-255,66,284641,64,340308
33031,0.070147,172.217.194.0-255,5738,290379,64,340308
33032,0.070155,172.31.40.0-255,66,290445,64,340308
33033,0.072715,172.217.194.0-255,5738,296183,64,340308
33034,0.072721,172.31.40.0-255,66,296249,64,340308
33035,0.075314,172.217.194.0-255,5738,301987,64,340308
33036,0.075321,172.31.40.0-255,66,302053,64,340308
33037,0.077916,172.217.194.0-255,5738,307791,64,340308
33038,0.077924,172.31.40.0-255,66,307857,64,340308
33039,0.080504,172.217.194.0-255,5738,313595,64,340308
33040,0.080511,172.31.40.0-255,66,313661,64,340308
33041,0.083101,172.217.194.0-255,5738,319399,64,340308
33042,0.083108,172.31.40.0-255,66,319465,64,340308
33043,0.085666,172.217.194.0-255,5738,325203,64,340308
33044,0.085673,172.31.40.0-255,66,325269,64,340308
33045,0.088244,172.217.194.0-255,5738,331007,64,340308
33046,0.088251,172.31.40.0-255,66,331073,64,340308
33047,0.090821,172.217.194.0-255,5738,336811,64,340308
33048,0.090826,172.31.40.0-255,66,336877,64,340308
33049,0.093397,172.217.194.0-255,3194,340071,64,340308
33050,0.093403,172.31.40.0-255,66,340137,64,340308
33051,0.093557,172.31.40.0-255,105,340242,64,340308
33052,0.096094,172.217.194.0-255,66,340308,64,340308
33053,0.0,172.217.160.0-255,153,153,64,386683
33054,2.4e-05,172.31.40.0-255,66,219,64,386683
33055,3.2e-05,172.217.160.0-255,1484,1703,64,386683
33056,3.7e-05,172.31.40.0-255,66,1769,64,386683
33057,5.2e-05,172.217.160.0-255,2902,4671,64,386683
33058,5.6e-05,172.31.40.0-255,66,4737,64,386683
33059,6.5e-05,172.217.160.0-255,7156,11893,64,386683
33060,6.8e-05,172.31.40.0-255,66,11959,64,386683
33061,0.000127,172.217.160.0-255,2011,13970,64,386683
33062,0.00013,172.31.40.0-255,66,14036,64,386683
33063,0.000163,172.31.40.0-255,66,14102,64,386683
33064,0.000187,172.217.160.0-255,1484,15586,64,386683
33065,0.000189,172.31.40.0-255,66,15652,64,386683
33066,0.000278,172.217.160.0-255,6797,22449,64,386683
33067,0.000282,172.31.40.0-255,66,22515,64,386683
33068,0.000388,172.217.160.0-255,1484,23999,64,386683
33069,0.000391,172.31.40.0-255,66,24065,64,386683
33070,0.000396,172.217.160.0-255,1484,25549,64,386683
33071,0.000398,172.31.40.0-255,66,25615,64,386683
33072,0.000417,172.217.160.0-255,1484,27099,64,386683
33073,0.00042,172.31.40.0-255,66,27165,64,386683
33074,0.000429,172.217.160.0-255,2902,30067,64,386683
33075,0.000431,172.31.40.0-255,66,30133,64,386683
33076,0.000462,172.217.160.0-255,1484,31617,64,386683
33077,0.000464,172.31.40.0-255,66,31683,64,386683
33078,0.000491,172.217.160.0-255,2902,34585,64,386683
33079,0.000494,172.31.40.0-255,66,34651,64,386683
33080,0.00052,172.31.40.0-255,66,34717,64,386683
33081,0.000628,172.217.160.0-255,5738,40455,64,386683
33082,0.000633,172.31.40.0-255,66,40521,64,386683
33083,0.000666,172.217.160.0-255,6797,47318,64,386683
33084,0.000673,172.31.40.0-255,66,47384,64,386683
33085,0.000753,172.217.160.0-255,376,47760,64,386683
33086,0.000832,172.217.160.0-255,101,47861,64,386683
33087,0.000983,172.217.160.0-255,1484,49345,64,386683
33088,0.000989,172.217.160.0-255,2902,52247,64,386683
33089,0.001,172.31.40.0-255,66,52313,64,386683
33090,0.00102,172.217.160.0-255,5738,58051,64,386683
33091,0.001062,172.31.40.0-255,66,58117,64,386683
33092,0.001089,172.217.160.0-255,2902,61019,64,386683
33093,0.001092,172.31.40.0-255,66,61085,64,386683
33094,0.001144,172.31.40.0-255,66,61151,64,386683
33095,0.001255,172.217.160.0-255,5738,66889,64,386683
33096,0.001271,172.217.160.0-255,3961,70850,64,386683
33097,0.001276,172.31.40.0-255,66,70916,64,386683
33098,0.002925,172.217.160.0-255,5738,76654,64,386683
33099,0.002934,172.31.40.0-255,66,76720,64,386683
33100,0.004583,172.217.160.0-255,5738,82458,64,386683
33101,0.007535,172.31.40.0-255,66,82524,64,386683
33102,0.009188,172.217.160.0-255,5738,88262,64,386683
33103,0.009197,172.31.40.0-255,66,88328,64,386683
33104,0.010843,172.217.160.0-255,5738,94066,64,386683
33105,0.012764,172.31.40.0-255,66,94132,64,386683
33106,0.014418,172.217.160.0-255,5738,99870,64,386683
33107,0.014427,172.31.40.0-255,66,99936,64,386683
33108,0.016114,172.217.160.0-255,5738,105674,64,386683
33109,0.016127,172.31.40.0-255,66,105740,64,386683
33110,0.017785,172.217.160.0-255,5738,111478,64,386683
33111,0.017792,172.31.40.0-255,66,111544,64,386683
33112,0.019444,172.217.160.0-255,5738,117282,64,386683
33113,0.019455,172.31.40.0-255,66,117348,64,386683
33114,0.021099,172.217.160.0-255,5738,123086,64,386683
33115,0.021108,172.31.40.0-255,66,123152,64,386683
33116,0.022762,172.217.160.0-255,5738,128890,64,386683
33117,0.022771,172.31.40.0-255,66,128956,64,386683
33118,0.024422,172.217.160.0-255,5738,134694,64,386683
33119,0.024429,172.31.40.0-255,66,134760,64,386683
33120,0.024857,172.31.40.0-255,167,134927,64,386683
33121,0.02489,172.31.40.0-255,1108,136035,64,386683
33122,0.024944,172.31.40.0-255,1514,137549,64,386683
33123,0.024946,172.31.40.0-255,338,137887,64,386683
33124,0.026077,172.217.160.0-255,5738,143625,64,386683
33125,0.026084,172.31.40.0-255,66,143691,64,386683
33126,0.026393,104.244.42.0-255,66,143757,64,386683
33127,0.026438,104.244.42.0-255,66,143823,64,386683
33128,0.026458,104.244.42.0-255,66,143889,64,386683
33129,0.027366,104.244.42.0-255,108,143997,64,386683
33130,0.027374,172.31.40.0-255,66,144063,64,386683
33131,0.027731,172.217.160.0-255,5738,149801,64,386683
33132,0.027736,172.31.40.0-255,66,149867,64,386683
33133,0.029386,172.217.160.0-255,5738,155605,64,386683
33134,0.029394,172.31.40.0-255,66,155671,64,386683
33135,0.031052,172.217.160.0-255,5738,161409,64,386683
33136,0.031059,172.31.40.0-255,66,161475,64,386683
33137,0.032727,172.217.160.0-255,5738,167213,64,386683
33138,0.032735,172.31.40.0-255,66,167279,64,386683
33139,0.034392,172.217.160.0-255,5738,173017,64,386683
33140,0.034398,172.31.40.0-255,66,173083,64,386683
33141,0.036048,172.217.160.0-255,5738,178821,64,386683
33142,0.036055,172.31.40.0-255,66,178887,64,386683
33143,0.037709,172.217.160.0-255,5738,184625,64,386683
33144,0.037716,172.31.40.0-255,66,184691,64,386683
33145,0.039373,172.217.160.0-255,5738,190429,64,386683
33146,0.03938,172.31.40.0-255,66,190495,64,386683
33147,0.041033,172.217.160.0-255,5738,196233,64,386683
33148,0.041041,172.31.40.0-255,66,196299,64,386683
33149,0.042692,172.217.160.0-255,5738,202037,64,386683
33150,0.0427,172.31.40.0-255,66,202103,64,386683
33151,0.044354,172.217.160.0-255,5738,207841,64,386683
33152,0.044361,172.31.40.0-255,66,207907,64,386683
33153,0.046015,172.217.160.0-255,5738,213645,64,386683
33154,0.046023,172.31.40.0-255,66,213711,64,386683
33155,0.047686,172.217.160.0-255,5738,219449,64,386683
33156,0.047693,172.31.40.0-255,66,219515,64,386683
33157,0.049363,172.217.160.0-255,5738,225253,64,386683
33158,0.049369,172.31.40.0-255,66,225319,64,386683
33159,0.051061,172.217.160.0-255,5738,231057,64,386683
33160,0.051079,172.31.40.0-255,66,231123,64,386683
33161,0.052731,172.217.160.0-255,5738,236861,64,386683
33162,0.053807,172.31.40.0-255,66,236927,64,386683
33163,0.05546,172.217.160.0-255,5738,242665,64,386683
33164,0.055472,172.31.40.0-255,66,242731,64,386683
33165,0.057132,172.217.160.0-255,5738,248469,64,386683
33166,0.057145,172.31.40.0-255,66,248535,64,386683
33167,0.058803,172.217.160.0-255,5738,254273,64,386683
33168,0.05884,172.31.40.0-255,66,254339,64,386683
33169,0.06049,172.217.160.0-255,5738,260077,64,386683
33170,0.0605,172.31.40.0-255,66,260143,64,386683
33171,0.062162,172.217.160.0-255,5738,265881,64,386683
33172,0.062175,172.31.40.0-255,66,265947,64,386683
33173,0.062319,172.31.40.0-255,101,266048,64,386683
33174,0.063828,172.217.160.0-255,5738,271786,64,386683
33175,0.063838,172.31.40.0-255,66,271852,64,386683
33176,0.063931,172.217.160.0-255,66,271918,64,386683
33177,0.06549,172.217.160.0-255,5738,277656,64,386683
33178,0.065501,172.31.40.0-255,66,277722,64,386683
33179,0.06717,172.217.160.0-255,5738,283460,64,386683
33180,0.067183,172.31.40.0-255,66,283526,64,386683
33181,0.068846,172.217.160.0-255,5738,289264,64,386683
33182,0.068859,172.31.40.0-255,66,289330,64,386683
33183,0.070517,172.217.160.0-255,5738,295068,64,386683
33184,0.070529,172.31.40.0-255,66,295134,64,386683
33185,0.072184,172.217.160.0-255,5738,300872,64,386683
33186,0.072197,172.31.40.0-255,66,300938,64,386683
33187,0.073852,172.217.160.0-255,5738,306676,64,386683
33188,0.073864,172.31.40.0-255,66,306742,64,386683
33189,0.075513,172.217.160.0-255,5738,312480,64,386683
33190,0.075524,172.31.40.0-255,66,312546,64,386683
33191,0.077194,172.217.160.0-255,5738,318284,64,386683
33192,0.077207,172.31.40.0-255,66,318350,64,386683
33193,0.078872,172.217.160.0-255,5738,324088,64,386683
33194,0.078885,172.31.40.0-255,66,324154,64,386683
33195,0.080549,172.217.160.0-255,5738,329892,64,386683
33196,0.080561,172.31.40.0-255,66,329958,64,386683
33197,0.082218,172.217.160.0-255,5738,335696,64,386683
33198,0.082225,172.31.40.0-255,66,335762,64,386683
33199,0.08388,172.217.160.0-255,5738,341500,64,386683
33200,0.083888,172.31.40.0-255,66,341566,64,386683
33201,0.085535,172.217.160.0-255,5738,347304,64,386683
33202,0.085542,172.31.40.0-255,66,347370,64,386683
33203,0.087196,172.217.160.0-255,5738,353108,64,386683
33204,0.087208,172.31.40.0-255,66,353174,64,386683
33205,0.088868,172.217.160.0-255,5738,358912,64,386683
33206,0.088875,172.31.40.0-255,66,358978,64,386683
33207,0.090522,172.217.160.0-255,5738,364716,64,386683
33208,0.090529,172.31.40.0-255,66,364782,64,386683
33209,0.092185,172.217.160.0-255,5738,370520,64,386683
33210,0.092195,172.31.40.0-255,66,370586,64,386683
33211,0.093853,172.217.160.0-255,5738,376324,64,386683
33212,0.09386,172.31.40.0-255,66,376390,64,386683
33213,0.095505,172.217.160.0-255,5738,382128,64,386683
33214,0.095512,172.31.40.0-255,66,382194,64,386683
33215,0.097165,172.217.160.0-255,4318,386512,64,386683
33216,0.097173,172.31.40.0-255,66,386578,64,386683
33217,0.097372,172.31.40.0-255,105,386683,64,386683
33218,0.0,74.125.68.0-255,152,152,64,369696
33219,1.4e-05,172.31.40.0-255,66,218,64,369696
33220,2.1e-05,74.125.68.0-255,1484,1702,64,369696
33221,2.5e-05,172.31.40.0-255,66,1768,64,369696
33222,3.1e-05,74.125.68.0-255,2902,4670,64,369696
33223,3.5e-05,172.31.40.0-255,66,4736,64,369696
33224,3.8e-05,74.125.68.0-255,1484,6220,64,369696
33225,4.1e-05,172.31.40.0-255,66,6286,64,369696
33226,6.7e-05,74.125.68.0-255,2902,9188,64,369696
33227,6.9e-05,172.31.40.0-255,66,9254,64,369696
33228,8.7e-05,74.125.68.0-255,4320,13574,64,369696
33229,9e-05,172.31.40.0-255,66,13640,64,369696
33230,0.000106,74.125.68.0-255,593,14233,64,369696
33231,0.000108,172.31.40.0-255,66,14299,64,369696
33232,0.000174,74.125.68.0-255,1484,15783,64,369696
33233,0.000176,172.31.40.0-255,66,15849,64,369696
33234,0.000191,74.125.68.0-255,2902,18751,64,369696
33235,0.000194,172.31.40.0-255,66,18817,64,369696
33236,0.000212,74.125.68.0-255,5738,24555,64,369696
33237,0.000215,172.31.40.0-255,66,24621,64,369696
33238,0.000232,74.125.68.0-255,1484,26105,64,369696
33239,0.000235,172.31.40.0-255,66,26171,64,369696
33240,0.000251,74.125.68.0-255,5379,31550,64,369696
33241,0.000254,172.31.40.0-255,66,31616,64,369696
33242,0.000321,74.125.68.0-255,1484,33100,64,369696
33243,0.000324,172.31.40.0-255,66,33166,64,369696
33244,0.000328,74.125.68.0-255,1484,34650,64,369696
33245,0.00033,172.31.40.0-255,66,34716,64,369696
33246,0.000342,74.125.68.0-255,1484,36200,64,369696
33247,0.000344,172.31.40.0-255,66,36266,64,369696
33248,0.000368,74.125.68.0-255,1484,37750,64,369696
33249,0.000371,172.31.40.0-255,66,37816,64,369696
33250,0.000377,74.125.68.0-255,5738,43554,64,369696
33251,0.00038,172.31.40.0-255,66,43620,64,369696
33252,0.000384,74.125.68.0-255,2902,46522,64,369696
33253,0.000386,172.31.40.0-255,66,46588,64,369696
33254,0.00041,74.125.68.0-255,2543,49131,64,369696
33255,0.000413,172.31.40.0-255,66,49197,64,369696
33256,0.000611,74.125.68.0-255,1484,50681,64,369696
33257,0.000616,74.125.68.0-255,1484,52165,64,369696
33258,0.000621,172.31.40.0-255,66,52231,64,369696
33259,0.000635,74.125.68.0-255,1484,53715,64,369696
33260,0.000641,74.125.68.0-255,4320,58035,64,369696
33261,0.000644,172.31.40.0-255,66,58101,64,369696
33262,0.000662,74.125.68.0-255,5738,63839,64,369696
33263,0.00067,172.31.40.0-255,66,63905,64,369696
33264,0.00069,74.125.68.0-255,2888,66793,64,369696
33265,0.000693,172.31.40.0-255,66,66859,64,369696
33266,0.000967,74.125.68.0-255,334,67193,64,369696
33267,0.001153,172.31.40.0-255,66,67259,64,369696
33268,0.001202,74.125.68.0-255,1484,68743,64,369696
33269,0.001216,74.125.68.0-255,2902,71645,64,369696
33270,0.00122,172.31.40.0-255,66,71711,64,369696
33271,0.001264,74.125.68.0-255,5738,77449,64,369696
33272,0.001266,172.31.40.0-255,66,77515,64,369696
33273,0.001272,74.125.68.0-255,5738,83253,64,369696
33274,0.001274,172.31.40.0-255,66,83319,64,369696
33275,0.001285,74.125.68.0-255,1125,84444,64,369696
33276,0.001327,74.125.68.0-255,1484,85928,64,369696
33277,0.00133,172.31.40.0-255,66,85994,64,369696
33278,0.001336,74.125.68.0-255,2902,88896,64,369696
33279,0.001338,172.31.40.0-255,66,88962,64,369696
33280,0.001373,74.125.68.0-255,1484,90446,64,369696
33281,0.001399,74.125.68.0-255,4320,94766,64,369696
33282,0.001404,74.125.68.0-255,5738,100504,64,369696
33283,0.001407,74.125.68.0-255,1125,101629,64,369696
33284,0.00141,172.31.40.0-255,66,101695,64,369696
33285,0.001417,172.31.40.0-255,66,101761,64,369696
33286,0.001626,172.31.40.0-255,66,101827,64,369696
33287,0.002214,74.125.68.0-255,1484,103311,64,369696
33288,0.002226,74.125.68.0-255,2902,106213,64,369696
33289,0.00223,172.31.40.0-255,66,106279,64,369696
33290,0.002236,74.125.68.0-255,2902,109181,64,369696
33291,0.002238,172.31.40.0-255,66,109247,64,369696
33292,0.002243,74.125.68.0-255,4320,113567,64,369696
33293,0.002245,172.31.40.0-255,66,113633,64,369696
33294,0.002289,74.125.68.0-255,5738,119371,64,369696
33295,0.002292,172.31.40.0-255,66,119437,64,369696
33296,0.002309,74.125.68.0-255,2902,122339,64,369696
33297,0.002311,172.31.40.0-255,66,122405,64,369696
33298,0.002314,74.125.68.0-255,1484,123889,64,369696
33299,0.004573,74.125.68.0-255,1484,125373,64,369696
33300,0.004579,172.31.40.0-255,66,125439,64,369696
33301,0.004599,74.125.68.0-255,2902,128341,64,369696
33302,0.004602,172.31.40.0-255,66,128407,64,369696
33303,0.006867,74.125.68.0-255,5738,134145,64,369696
33304,0.006871,172.31.40.0-255,66,134211,64,369696
33305,0.009155,74.125.68.0-255,5738,139949,64,369696
33306,0.009161,172.31.40.0-255,66,140015,64,369696
33307,0.011452,74.125.68.0-255,5738,145753,64,369696
33308,0.01146,172.31.40.0-255,66,145819,64,369696
33309,0.013774,74.125.68.0-255,5738,151557,64,369696
33310,0.013783,172.31.40.0-255,66,151623,64,369696
33311,0.016073,74.125.68.0-255,5738,157361,64,369696
33312,0.016082,172.31.40.0-255,66,157427,64,369696
33313,0.018378,74.125.68.0-255,5738,163165,64,369696
33314,0.018387,172.31.40.0-255,66,163231,64,369696
33315,0.020679,74.125.68.0-255,5738,168969,64,369696
33316,0.020686,172.31.40.0-255,66,169035,64,369696
33317,0.021237,172.31.40.0-255,167,169202,64,369696
33318,0.021272,172.31.40.0-255,1108,170310,64,369696
33319,0.021337,172.31.40.0-255,1514,171824,64,369696
33320,0.021339,172.31.40.0-255,338,172162,64,369696
33321,0.022782,104.244.42.0-255,66,172228,64,369696
33322,0.022812,104.244.42.0-255,66,172294,64,369696
33323,0.022869,104.244.42.0-255,66,172360,64,369696
33324,0.022994,74.125.68.0-255,5738,178098,64,369696
33325,0.022999,172.31.40.0-255,66,178164,64,369696
33326,0.025287,74.125.68.0-255,5738,183902,64,369696
33327,0.025294,172.31.40.0-255,66,183968,64,369696
33328,0.027587,74.125.68.0-255,5738,189706,64,369696
33329,0.027592,172.31.40.0-255,66,189772,64,369696
33330,0.02989,74.125.68.0-255,5738,195510,64,369696
33331,0.029897,172.31.40.0-255,66,195576,64,369696
33332,0.032183,74.125.68.0-255,5738,201314,64,369696
33333,0.032189,172.31.40.0-255,66,201380,64,369696
33334,0.034485,74.125.68.0-255,5738,207118,64,369696
33335,0.034492,172.31.40.0-255,66,207184,64,369696
33336,0.036806,74.125.68.0-255,5738,212922,64,369696
33337,0.036814,172.31.40.0-255,66,212988,64,369696
33338,0.039114,74.125.68.0-255,5738,218726,64,369696
33339,0.039121,172.31.40.0-255,66,218792,64,369696
33340,0.04142,74.125.68.0-255,5738,224530,64,369696
33341,0.041429,172.31.40.0-255,66,224596,64,369696
33342,0.04372,74.125.68.0-255,5738,230334,64,369696
33343,0.043726,172.31.40.0-255,66,230400,64,369696
33344,0.04603,74.125.68.0-255,5738,236138,64,369696
33345,0.046037,172.31.40.0-255,66,236204,64,369696
33346,0.048335,74.125.68.0-255,5738,241942,64,369696
33347,0.048341,172.31.40.0-255,66,242008,64,369696
33348,0.050637,74.125.68.0-255,5738,247746,64,369696
33349,0.050643,172.31.40.0-255,66,247812,64,369696
33350,0.052943,74.125.68.0-255,5738,253550,64,369696
33351,0.05295,172.31.40.0-255,66,253616,64,369696
33352,0.055261,74.125.68.0-255,5738,259354,64,369696
33353,0.05528,172.31.40.0-255,66,259420,64,369696
33354,0.057575,74.125.68.0-255,5738,265158,64,369696
33355,0.05759,172.31.40.0-255,66,265224,64,369696
33356,0.0599,74.125.68.0-255,5738,270962,64,369696
33357,0.059917,172.31.40.0-255,66,271028,64,369696
33358,0.062226,74.125.68.0-255,5738,276766,64,369696
33359,0.062244,172.31.40.0-255,66,276832,64,369696
33360,0.064575,74.125.68.0-255,5738,282570,64,369696
33361,0.064589,172.31.40.0-255,66,282636,64,369696
33362,0.066893,74.125.68.0-255,5738,288374,64,369696
33363,0.06691,172.31.40.0-255,66,288440,64,369696
33364,0.069222,74.125.68.0-255,5738,294178,64,369696
33365,0.06924,172.31.40.0-255,66,294244,64,369696
33366,0.071546,74.125.68.0-255,5738,299982,64,369696
33367,0.071562,172.31.40.0-255,66,300048,64,369696
33368,0.073855,74.125.68.0-255,5738,305786,64,369696
33369,0.073873,172.31.40.0-255,66,305852,64,369696
33370,0.076186,74.125.68.0-255,5738,311590,64,369696
33371,0.076203,172.31.40.0-255,66,311656,64,369696
33372,0.07851,74.125.68.0-255,5738,317394,64,369696
33373,0.078529,172.31.40.0-255,66,317460,64,369696
33374,0.080827,74.125.68.0-255,5738,323198,64,369696
33375,0.080842,172.31.40.0-255,66,323264,64,369696
33376,0.083138,74.125.68.0-255,5738,329002,64,369696
33377,0.083145,172.31.40.0-255,66,329068,64,369696
33378,0.085439,74.125.68.0-255,5738,334806,64,369696
33379,0.085446,172.31.40.0-255,66,334872,64,369696
33380,0.087751,74.125.68.0-255,5738,340610,64,369696
33381,0.087757,172.31.40.0-255,66,340676,64,369696
33382,0.090095,74.125.68.0-255,5738,346414,64,369696
33383,0.090101,172.31.40.0-255,66,346480,64,369696
33384,0.092433,74.125.68.0-255,5738,352218,64,369696
33385,0.09244,172.31.40.0-255,66,352284,64,369696
33386,0.094739,74.125.68.0-255,5738,358022,64,369696
33387,0.094746,172.31.40.0-255,66,358088,64,369696
33388,0.097038,74.125.68.0-255,5738,363826,64,369696
33389,0.097043,172.31.40.0-255,66,363892,64,369696
33390,0.099332,74.125.68.0-255,5738,369630,64,369696
33391,0.09934,172.31.40.0-255,66,369696,64,369696
33392,0.0,172.217.194.0-255,143,143,64,328408
33393,2.6e-05,172.31.40.0-255,66,209,64,328408
33394,3.3e-05,172.217.194.0-255,1484,1693,64,328408
33395,3.8e-05,172.31.40.0-255,66,1759,64,328408
33396,4.3e-05,172.217.194.0-255,2902,4661,64,328408
33397,4.6e-05,172.31.40.0-255,66,4727,64,328408
33398,5.3e-05,172.217.194.0-255,7156,11883,64,328408
33399,5.6e-05,172.31.40.0-255,66,11949,64,328408
33400,6e-05,172.217.194.0-255,2110,14059,64,328408
33401,6.1e-05,172.31.40.0-255,66,14125,64,328408
33402,0.000111,172.217.194.0-255,2902,17027,64,328408
33403,0.000114,172.31.40.0-255,66,17093,64,328408
33404,0.000119,172.217.194.0-255,2902,19995,64,328408
33405,0.000121,172.31.40.0-255,66,20061,64,328408
33406,0.000133,172.217.194.0-255,1484,21545,64,328408
33407,0.000135,172.31.40.0-255,66,21611,64,328408
33408,0.000138,172.217.194.0-255,1484,23095,64,328408
33409,0.00014,172.31.40.0-255,66,23161,64,328408
33410,0.000172,172.217.194.0-255,7156,30317,64,328408
33411,0.000174,172.31.40.0-255,66,30383,64,328408
33412,0.000177,172.217.194.0-255,1125,31508,64,328408
33413,0.000179,172.31.40.0-255,66,31574,64,328408
33414,0.000182,172.217.194.0-255,1484,33058,64,328408
33415,0.000184,172.31.40.0-255,66,33124,64,328408
33416,0.000205,172.217.194.0-255,4320,37444,64,328408
33417,0.000208,172.31.40.0-255,66,37510,64,328408
33418,0.000211,172.217.194.0-255,1484,38994,64,328408
33419,0.000213,172.31.40.0-255,66,39060,64,328408
33420,0.000229,172.217.194.0-255,1484,40544,64,328408
33421,0.000231,172.31.40.0-255,66,40610,64,328408
33422,0.000279,172.31.40.0-255,66,40676,64,328408
33423,0.000305,172.217.194.0-255,1484,42160,64,328408
33424,0.000327,172.217.194.0-255,2902,45062,64,328408
33425,0.00033,172.31.40.0-255,66,45128,64,328408
33426,0.000336,172.217.194.0-255,5738,50866,64,328408
33427,0.000338,172.31.40.0-255,66,50932,64,328408
33428,0.000372,172.217.194.0-255,5738,56670,64,328408
33429,0.000374,172.31.40.0-255,66,56736,64,328408
33430,0.000403,172.217.194.0-255,1706,58442,64,328408
33431,0.000406,172.31.40.0-255,66,58508,64,328408
33432,0.000409,172.217.194.0-255,1484,59992,64,328408
33433,0.000423,172.217.194.0-255,1484,61476,64,328408
33434,0.000425,172.31.40.0-255,66,61542,64,328408
33435,0.000431,172.217.194.0-255,4320,65862,64,328408
33436,0.000433,172.31.40.0-255,66,65928,64,328408
33437,0.000465,172.31.40.0-255,66,65994,64,328408
33438,0.000468,172.217.194.0-255,1125,67119,64,328408
33439,0.000505,172.217.194.0-255,4320,71439,64,328408
33440,0.000508,172.31.40.0-255,66,71505,64,328408
33441,0.000535,172.217.194.0-255,7156,78661,64,328408
33442,0.000538,172.31.40.0-255,66,78727,64,328408
33443,0.000544,172.217.194.0-255,5379,84106,64,328408
33444,0.000546,172.31.40.0-255,66,84172,64,328408
33445,0.001222,172.217.194.0-255,1484,85656,64,328408
33446,0.001247,172.217.194.0-255,2902,88558,64,328408
33447,0.001251,172.31.40.0-255,66,88624,64,328408
33448,0.001259,172.217.194.0-255,5738,94362,64,328408
33449,0.001261,172.31.40.0-255,66,94428,64,328408
33450,0.001298,172.31.40.0-255,66,94494,64,328408
33451,0.001349,172.31.40.0-255,66,94560,64,328408
33452,0.001357,172.217.194.0-255,766,95326,64,328408
33453,0.001671,172.217.194.0-255,1484,96810,64,328408
33454,0.001676,172.31.40.0-255,66,96876,64,328408
33455,0.001681,172.217.194.0-255,2902,99778,64,328408
33456,0.001684,172.31.40.0-255,66,99844,64,328408
33457,0.001689,172.217.194.0-255,4320,104164,64,328408
33458,0.001691,172.31.40.0-255,66,104230,64,328408
33459,0.001705,172.217.194.0-255,1484,105714,64,328408
33460,0.001713,172.217.194.0-255,7156,112870,64,328408
33461,0.001715,172.31.40.0-255,66,112936,64,328408
33462,0.001735,172.217.194.0-255,5738,118674,64,328408
33463,0.001737,172.31.40.0-255,66,118740,64,328408
33464,0.001741,172.217.194.0-255,2902,121642,64,328408
33465,0.001743,172.31.40.0-255,66,121708,64,328408
33466,0.001767,172.31.40.0-255,66,121774,64,328408
33467,0.001863,172.217.194.0-255,1484,123258,64,328408
33468,0.001876,172.217.194.0-255,1484,124742,64,328408
33469,0.001879,172.31.40.0-255,66,124808,64,328408
33470,0.001902,172.217.194.0-255,1484,126292,64,328408
33471,0.001908,172.217.194.0-255,5738,132030,64,328408
33472,0.001911,172.31.40.0-255,66,132096,64,328408
33473,0.001917,172.217.194.0-255,5738,137834,64,328408
33474,0.001919,172.31.40.0-255,66,137900,64,328408
33475,0.001955,172.217.194.0-255,7156,145056,64,328408
33476,0.001958,172.31.40.0-255,66,145122,64,328408
33477,0.001971,172.31.40.0-255,66,145188,64,328408
33478,0.001986,172.31.40.0-255,66,145254,64,328408
33479,0.001989,172.217.194.0-255,1484,146738,64,328408
33480,0.002035,172.31.40.0-255,66,146804,64,328408
33481,0.004066,172.217.194.0-255,5738,152542,64,328408
33482,0.004075,172.31.40.0-255,66,152608,64,328408
33483,0.006079,172.217.194.0-255,4320,156928,64,328408
33484,0.006083,172.31.40.0-255,66,156994,64,328408
33485,0.006108,172.217.194.0-255,1484,158478,64,328408
33486,0.008092,172.217.194.0-255,4320,162798,64,328408
33487,0.008099,172.31.40.0-255,66,162864,64,328408
33488,0.010146,172.217.194.0-255,5738,168602,64,328408
33489,0.010164,172.31.40.0-255,66,168668,64,328408
33490,0.01219,172.217.194.0-255,5738,174406,64,328408
33491,0.012204,172.31.40.0-255,66,174472,64,328408
33492,0.01424,172.217.194.0-255,5738,180210,64,328408
33493,0.014258,172.31.40.0-255,66,180276,64,328408
33494,0.016312,172.217.194.0-255,5738,186014,64,328408
33495,0.016326,172.31.40.0-255,66,186080,64,328408
33496,0.018329,172.217.194.0-255,5738,191818,64,328408
33497,0.01834,172.31.40.0-255,66,191884,64,328408
33498,0.020415,172.217.194.0-255,5738,197622,64,328408
33499,0.020424,172.31.40.0-255,66,197688,64,328408
33500,0.022458,172.217.194.0-255,5738,203426,64,328408
33501,0.022467,172.31.40.0-255,66,203492,64,328408
33502,0.024496,172.217.194.0-255,5738,209230,64,328408
33503,0.024508,172.31.40.0-255,66,209296,64,328408
33504,0.026528,172.217.194.0-255,5738,215034,64,328408
33505,0.026537,172.31.40.0-255,66,215100,64,328408
33506,0.028566,172.217.194.0-255,5738,220838,64,328408
33507,0.028574,172.31.40.0-255,66,220904,64,328408
33508,0.030618,172.217.194.0-255,5738,226642,64,328408
33509,0.030627,172.31.40.0-255,66,226708,64,328408
33510,0.032695,172.217.194.0-255,5738,232446,64,328408
33511,0.032712,172.31.40.0-255,66,232512,64,328408
33512,0.034733,172.217.194.0-255,5738,238250,64,328408
33513,0.034741,172.31.40.0-255,66,238316,64,328408
33514,0.03676,172.217.194.0-255,5738,244054,64,328408
33515,0.036768,172.31.40.0-255,66,244120,64,328408
33516,0.038791,172.217.194.0-255,5738,249858,64,328408
33517,0.038808,172.31.40.0-255,66,249924,64,328408
33518,0.040816,172.217.194.0-255,5738,255662,64,328408
33519,0.040824,172.31.40.0-255,66,255728,64,328408
33520,0.042846,172.217.194.0-255,5738,261466,64,328408
33521,0.042858,172.31.40.0-255,66,261532,64,328408
33522,0.04491,172.217.194.0-255,5738,267270,64,328408
33523,0.04492,172.31.40.0-255,66,267336,64,328408
33524,0.046788,172.31.40.0-255,172,267508,64,328408
33525,0.046824,172.31.40.0-255,1112,268620,64,328408
33526,0.046882,172.31.40.0-255,1514,270134,64,328408
33527,0.046884,172.31.40.0-255,1296,271430,64,328408
33528,0.046966,172.217.194.0-255,5738,277168,64,328408
33529,0.046973,172.31.40.0-255,66,277234,64,328408
33530,0.048326,104.244.42.0-255,66,277300,64,328408
33531,0.048371,104.244.42.0-255,66,277366,64,328408
33532,0.048466,104.244.42.0-255,66,277432,64,328408
33533,0.048964,172.217.194.0-255,5738,283170,64,328408
33534,0.048972,172.31.40.0-255,66,283236,64,328408
33535,0.051028,172.217.194.0-255,5738,288974,64,328408
33536,0.051043,172.31.40.0-255,66,289040,64,328408
33537,0.053079,172.217.194.0-255,5738,294778,64,328408
33538,0.053094,172.31.40.0-255,66,294844,64,328408
33539,0.055096,172.217.194.0-255,5738,300582,64,328408
33540,0.055108,172.31.40.0-255,66,300648,64,328408
33541,0.057159,172.217.194.0-255,5738,306386,64,328408
33542,0.057171,172.31.40.0-255,66,306452,64,328408
33543,0.059186,172.217.194.0-255,5738,312190,64,328408
33544,0.059201,172.31.40.0-255,66,312256,64,328408
33545,0.061224,172.217.194.0-255,5738,317994,64,328408
33546,0.061238,172.31.40.0-255,66,318060,64,328408
33547,0.063263,172.217.194.0-255,5738,323798,64,328408
33548,0.063279,172.31.40.0-255,66,323864,64,328408
33549,0.065293,172.217.194.0-255,4307,328171,64,328408
33550,0.065309,172.31.40.0-255,66,328237,64,328408
33551,0.06557,172.31.40.0-255,105,328342,64,328408
33552,0.067579,172.217.194.0-255,66,328408,64,328408
33553,0.0,74.125.130.0-255,143,143,64,369116
33554,1.3e-05,172.31.40.0-255,66,209,64,369116
33555,2e-05,74.125.130.0-255,1484,1693,64,369116
33556,2.4e-05,172.31.40.0-255,66,1759,64,369116
33557,3e-05,74.125.130.0-255,2902,4661,64,369116
33558,3.2e-05,172.31.40.0-255,66,4727,64,369116
33559,4.6e-05,74.125.130.0-255,4320,9047,64,369116
33560,4.8e-05,172.31.40.0-255,66,9113,64,369116
33561,8.9e-05,74.125.130.0-255,2902,12015,64,369116
33562,9.1e-05,172.31.40.0-255,66,12081,64,369116
33563,0.000128,74.125.130.0-255,6291,18372,64,369116
33564,0.000131,172.31.40.0-255,66,18438,64,369116
33565,0.000138,74.125.130.0-255,5738,24176,64,369116
33566,0.00014,172.31.40.0-255,66,24242,64,369116
33567,0.00018,74.125.130.0-255,6797,31039,64,369116
33568,0.000182,172.31.40.0-255,66,31105,64,369116
33569,0.000264,74.125.130.0-255,1484,32589,64,369116
33570,0.000267,172.31.40.0-255,66,32655,64,369116
33571,0.000293,74.125.130.0-255,2902,35557,64,369116
33572,0.000295,172.31.40.0-255,66,35623,64,369116
33573,0.000298,74.125.130.0-255,1484,37107,64,369116
33574,0.0003,172.31.40.0-255,66,37173,64,369116
33575,0.000304,74.125.130.0-255,2902,40075,64,369116
33576,0.000314,74.125.130.0-255,4320,44395,64,369116
33577,0.000319,172.31.40.0-255,66,44461,64,369116
33578,0.000321,172.31.40.0-255,66,44527,64,369116
33579,0.000345,74.125.130.0-255,1484,46011,64,369116
33580,0.000348,172.31.40.0-255,66,46077,64,369116
33581,0.000353,74.125.130.0-255,2902,48979,64,369116
33582,0.000355,172.31.40.0-255,66,49045,64,369116
33583,0.000389,172.31.40.0-255,66,49111,64,369116
33584,0.000395,74.125.130.0-255,4320,53431,64,369116
33585,0.000397,172.31.40.0-255,66,53497,64,369116
33586,0.00042,74.125.130.0-255,1440,54937,64,369116
33587,0.000452,74.125.130.0-255,362,55299,64,369116
33588,0.000455,172.31.40.0-255,66,55365,64,369116
33589,0.000807,74.125.130.0-255,1484,56849,64,369116
33590,0.000815,74.125.130.0-255,2902,59751,64,369116
33591,0.00082,172.31.40.0-255,66,59817,64,369116
33592,0.000856,74.125.130.0-255,5738,65555,64,369116
33593,0.00086,172.31.40.0-255,66,65621,64,369116
33594,0.000871,172.31.40.0-255,66,65687,64,369116
33595,0.0009,172.31.40.0-255,66,65753,64,369116
33596,0.000914,74.125.130.0-255,4320,70073,64,369116
33597,0.000917,172.31.40.0-255,66,70139,64,369116
33598,0.000939,74.125.130.0-255,766,70905,64,369116
33599,0.001094,74.125.130.0-255,1484,72389,64,369116
33600,0.001099,172.31.40.0-255,66,72455,64,369116
33601,0.001105,74.125.130.0-255,2902,75357,64,369116
33602,0.001107,172.31.40.0-255,66,75423,64,369116
33603,0.001119,74.125.130.0-255,5738,81161,64,369116
33604,0.001121,172.31.40.0-255,66,81227,64,369116
33605,0.001125,74.125.130.0-255,2902,84129,64,369116
33606,0.001128,172.31.40.0-255,66,84195,64,369116
33607,0.001156,172.31.40.0-255,66,84261,64,369116
33608,0.001199,74.125.130.0-255,5738,89999,64,369116
33609,0.001203,172.31.40.0-255,66,90065,64,369116
33610,0.001227,74.125.130.0-255,2902,92967,64,369116
33611,0.00123,172.31.40.0-255,66,93033,64,369116
33612,0.001235,74.125.130.0-255,2184,95217,64,369116
33613,0.001238,172.31.40.0-255,66,95283,64,369116
33614,0.001999,74.125.130.0-255,1484,96767,64,369116
33615,0.002003,74.125.130.0-255,1484,98251,64,369116
33616,0.002006,172.31.40.0-255,66,98317,64,369116
33617,0.002025,74.125.130.0-255,1484,99801,64,369116
33618,0.002035,74.125.130.0-255,5738,105539,64,369116
33619,0.002037,172.31.40.0-255,66,105605,64,369116
33620,0.002062,74.125.130.0-255,1484,107089,64,369116
33621,0.002096,172.31.40.0-255,66,107155,64,369116
33622,0.002101,74.125.130.0-255,4320,111475,64,369116
33623,0.002102,172.31.40.0-255,66,111541,64,369116
33624,0.002132,74.125.130.0-255,5738,117279,64,369116
33625,0.002135,172.31.40.0-255,66,117345,64,369116
33626,0.002137,74.125.130.0-255,766,118111,64,369116
33627,0.002394,172.31.40.0-255,66,118177,64,369116
33628,0.004224,74.125.130.0-255,4320,122497,64,369116
33629,0.00423,172.31.40.0-255,66,122563,64,369116
33630,0.00447,74.125.130.0-255,1484,124047,64,369116
33631,0.006336,74.125.130.0-255,4320,128367,64,369116
33632,0.006341,172.31.40.0-255,66,128433,64,369116
33633,0.00846,74.125.130.0-255,5738,134171,64,369116
33634,0.008467,172.31.40.0-255,66,134237,64,369116
33635,0.010588,74.125.130.0-255,5738,139975,64,369116
33636,0.010595,172.31.40.0-255,66,140041,64,369116
33637,0.012689,74.125.130.0-255,5738,145779,64,369116
33638,0.0127,172.31.40.0-255,66,145845,64,369116
33639,0.014807,74.125.130.0-255,5738,151583,64,369116
33640,0.014814,172.31.40.0-255,66,151649,64,369116
33641,0.01691,74.125.130.0-255,5738,157387,64,369116
33642,0.016917,172.31.40.0-255,66,157453,64,369116
33643,0.019013,74.125.130.0-255,5738,163191,64,369116
33644,0.01902,172.31.40.0-255,66,163257,64,369116
33645,0.021109,74.125.130.0-255,5738,168995,64,369116
33646,0.021116,172.31.40.0-255,66,169061,64,369116
33647,0.023226,74.125.130.0-255,5738,174799,64,369116
33648,0.023233,172.31.40.0-255,66,174865,64,369116
33649,0.025328,74.125.130.0-255,5738,180603,64,369116
33650,0.025337,172.31.40.0-255,66,180669,64,369116
33651,0.027435,74.125.130.0-255,5738,186407,64,369116
33652,0.027442,172.31.40.0-255,66,186473,64,369116
33653,0.029332,172.31.40.0-255,172,186645,64,369116
33654,0.029364,172.31.40.0-255,1112,187757,64,369116
33655,0.02942,172.31.40.0-255,1514,189271,64,369116
33656,0.029422,172.31.40.0-255,1297,190568,64,369116
33657,0.029541,74.125.130.0-255,5738,196306,64,369116
33658,0.029547,172.31.40.0-255,66,196372,64,369116
33659,0.030863,104.244.42.0-255,66,196438,64,369116
33660,0.030936,104.244.42.0-255,66,196504,64,369116
33661,0.03094,104.244.42.0-255,66,196570,64,369116
33662,0.031646,74.125.130.0-255,5738,202308,64,369116
33663,0.031653,172.31.40.0-255,66,202374,64,369116
33664,0.033759,74.125.130.0-255,5738,208112,64,369116
33665,0.033766,172.31.40.0-255,66,208178,64,369116
33666,0.035868,74.125.130.0-255,5738,213916,64,369116
33667,0.035877,172.31.40.0-255,66,213982,64,369116
33668,0.037964,74.125.130.0-255,5738,219720,64,369116
33669,0.037971,172.31.40.0-255,66,219786,64,369116
33670,0.040087,74.125.130.0-255,5738,225524,64,369116
33671,0.040097,172.31.40.0-255,66,225590,64,369116
33672,0.042236,74.125.130.0-255,5738,231328,64,369116
33673,0.042246,172.31.40.0-255,66,231394,64,369116
33674,0.044365,74.125.130.0-255,5738,237132,64,369116
33675,0.044371,172.31.40.0-255,66,237198,64,369116
33676,0.046481,74.125.130.0-255,5738,242936,64,369116
33677,0.046488,172.31.40.0-255,66,243002,64,369116
33678,0.048591,74.125.130.0-255,5738,248740,64,369116
33679,0.048596,172.31.40.0-255,66,248806,64,369116
33680,0.050681,74.125.130.0-255,1484,250290,64,369116
33681,0.05071,74.125.130.0-255,4320,254610,64,369116
33682,0.050714,172.31.40.0-255,66,254676,64,369116
33683,0.052821,74.125.130.0-255,5738,260414,64,369116
33684,0.052827,172.31.40.0-255,66,260480,64,369116
33685,0.054932,74.125.130.0-255,5738,266218,64,369116
33686,0.054938,172.31.40.0-255,66,266284,64,369116
33687,0.057033,74.125.130.0-255,5738,272022,64,369116
33688,0.057039,172.31.40.0-255,66,272088,64,369116
33689,0.05914,74.125.130.0-255,5738,277826,64,369116
33690,0.059148,172.31.40.0-255,66,277892,64,369116
33691,0.061275,74.125.130.0-255,5738,283630,64,369116
33692,0.061282,172.31.40.0-255,66,283696,64,369116
33693,0.063425,74.125.130.0-255,5738,289434,64,369116
33694,0.063431,172.31.40.0-255,66,289500,64,369116
33695,0.065601,74.125.130.0-255,5738,295238,64,369116
33696,0.065607,172.31.40.0-255,66,295304,64,369116
33697,0.06772,74.125.130.0-255,5738,301042,64,369116
33698,0.067725,172.31.40.0-255,66,301108,64,369116
33699,0.069822,74.125.130.0-255,5738,306846,64,369116
33700,0.069828,172.31.40.0-255,66,306912,64,369116
33701,0.071945,74.125.130.0-255,5738,312650,64,369116
33702,0.07195,172.31.40.0-255,66,312716,64,369116
33703,0.074039,74.125.130.0-255,5738,318454,64,369116
33704,0.074046,172.31.40.0-255,66,318520,64,369116
33705,0.076157,74.125.130.0-255,5738,324258,64,369116
33706,0.076164,172.31.40.0-255,66,324324,64,369116
33707,0.07826,74.125.130.0-255,5738,330062,64,369116
33708,0.078266,172.31.40.0-255,66,330128,64,369116
33709,0.080375,74.125.130.0-255,5738,335866,64,369116
33710,0.080384,172.31.40.0-255,66,335932,64,369116
33711,0.0825,74.125.130.0-255,5738,341670,64,369116
33712,0.082505,172.31.40.0-255,66,341736,64,369116
33713,0.084607,74.125.130.0-255,5738,347474,64,369116
33714,0.084614,172.31.40.0-255,66,347540,64,369116
33715,0.086721,74.125.130.0-255,5738,353278,64,369116
33716,0.086728,172.31.40.0-255,66,353344,64,369116
33717,0.088817,74.125.130.0-255,5738,359082,64,369116
33718,0.088827,172.31.40.0-255,66,359148,64,369116
33719,0.090926,74.125.130.0-255,5738,364886,64,369116
33720,0.090933,172.31.40.0-255,66,364952,64,369116
33721,0.093028,74.125.130.0-255,3402,368354,64,369116
33722,0.093035,172.31.40.0-255,66,368420,64,369116
33723,0.093211,172.31.40.0-255,105,368525,64,369116
33724,0.093247,172.31.40.0-255,105,368630,64,369116
33725,0.093525,172.31.40.0-255,90,368720,64,369116
33726,0.093536,172.31.40.0-255,66,368786,64,369116
33727,0.095277,74.125.130.0-255,66,368852,64,369116
33728,0.095295,74.125.130.0-255,66,368918,64,369116
33729,0.095578,74.125.130.0-255,66,368984,64,369116
33730,0.095606,74.125.130.0-255,66,369050,64,369116
33731,0.095612,172.31.40.0-255,66,369116,64,369116
33732,0.0,172.217.194.0-255,153,153,64,312535
33733,2e-05,172.31.40.0-255,66,219,64,312535
33734,2.7e-05,172.217.194.0-255,1484,1703,64,312535
33735,3.1e-05,172.31.40.0-255,66,1769,64,312535
33736,3.7e-05,172.217.194.0-255,2902,4671,64,312535
33737,3.9e-05,172.31.40.0-255,66,4737,64,312535
33738,8.3e-05,172.217.194.0-255,2902,7639,64,312535
33739,8.7e-05,172.31.40.0-255,66,7705,64,312535
33740,0.000111,172.217.194.0-255,4320,12025,64,312535
33741,0.000114,172.31.40.0-255,66,12091,64,312535
33742,0.000226,172.217.194.0-255,2029,14120,64,312535
33743,0.000231,172.31.40.0-255,66,14186,64,312535
33744,0.000247,172.217.194.0-255,2902,17088,64,312535
33745,0.000249,172.31.40.0-255,66,17154,64,312535
33746,0.000302,172.217.194.0-255,4320,21474,64,312535
33747,0.000305,172.31.40.0-255,66,21540,64,312535
33748,0.000325,172.217.194.0-255,2902,24442,64,312535
33749,0.000328,172.31.40.0-255,66,24508,64,312535
33750,0.000426,172.217.194.0-255,2902,27410,64,312535
33751,0.000429,172.31.40.0-255,66,27476,64,312535
33752,0.000454,172.31.40.0-255,66,27542,64,312535
33753,0.000724,172.31.40.0-255,66,27608,64,312535
33754,0.000748,172.217.194.0-255,7156,34764,64,312535
33755,0.000751,172.31.40.0-255,66,34830,64,312535
33756,0.001069,172.217.194.0-255,5330,40160,64,312535
33757,0.001074,172.31.40.0-255,66,40226,64,312535
33758,0.001132,172.217.194.0-255,100,40326,64,312535
33759,0.001135,172.31.40.0-255,66,40392,64,312535
33760,0.001175,172.31.40.0-255,66,40458,64,312535
33761,0.001685,172.217.194.0-255,5020,45478,64,312535
33762,0.001768,172.217.194.0-255,1484,46962,64,312535
33763,0.001787,172.217.194.0-255,2902,49864,64,312535
33764,0.001858,172.217.194.0-255,4320,54184,64,312535
33765,0.001877,172.217.194.0-255,1484,55668,64,312535
33766,0.001955,172.217.194.0-255,5738,61406,64,312535
33767,0.001973,172.217.194.0-255,4320,65726,64,312535
33768,0.002127,172.217.194.0-255,4320,70046,64,312535
33769,0.002377,172.217.194.0-255,1484,71530,64,312535
33770,0.002632,172.217.194.0-255,4320,75850,64,312535
33771,0.003866,172.31.40.0-255,66,75916,64,312535
33772,0.006136,172.217.194.0-255,5738,81654,64,312535
33773,0.006142,172.31.40.0-255,66,81720,64,312535
33774,0.008412,172.217.194.0-255,5738,87458,64,312535
33775,0.008901,172.31.40.0-255,66,87524,64,312535
33776,0.011183,172.217.194.0-255,5738,93262,64,312535
33777,0.011191,172.31.40.0-255,66,93328,64,312535
33778,0.013446,172.217.194.0-255,5738,99066,64,312535
33779,0.015247,172.31.40.0-255,66,99132,64,312535
33780,0.017505,172.217.194.0-255,5738,104870,64,312535
33781,0.017517,172.31.40.0-255,66,104936,64,312535
33782,0.019757,172.217.194.0-255,5738,110674,64,312535
33783,0.019764,172.31.40.0-255,66,110740,64,312535
33784,0.022033,172.217.194.0-255,5738,116478,64,312535
33785,0.022041,172.31.40.0-255,66,116544,64,312535
33786,0.024323,172.217.194.0-255,5738,122282,64,312535
33787,0.024331,172.31.40.0-255,66,122348,64,312535
33788,0.026633,172.217.194.0-255,5738,128086,64,312535
33789,0.026639,172.31.40.0-255,66,128152,64,312535
33790,0.027808,172.31.40.0-255,172,128324,64,312535
33791,0.02784,172.31.40.0-255,1112,129436,64,312535
33792,0.027897,172.31.40.0-255,1514,130950,64,312535
33793,0.027899,172.31.40.0-255,1296,132246,64,312535
33794,0.028927,172.217.194.0-255,5738,137984,64,312535
33795,0.028934,172.31.40.0-255,66,138050,64,312535
33796,0.029323,104.244.42.0-255,66,138116,64,312535
33797,0.029407,104.244.42.0-255,66,138182,64,312535
33798,0.029457,104.244.42.0-255,66,138248,64,312535
33799,0.031185,172.217.194.0-255,5738,143986,64,312535
33800,0.03119,172.31.40.0-255,66,144052,64,312535
33801,0.033472,172.217.194.0-255,5738,149790,64,312535
33802,0.033478,172.31.40.0-255,66,149856,64,312535
33803,0.035752,172.217.194.0-255,5738,155594,64,312535
33804,0.035759,172.31.40.0-255,66,155660,64,312535
33805,0.038037,172.217.194.0-255,5738,161398,64,312535
33806,0.038045,172.31.40.0-255,66,161464,64,312535
33807,0.040307,172.217.194.0-255,5738,167202,64,312535
33808,0.040313,172.31.40.0-255,66,167268,64,312535
33809,0.042621,172.217.194.0-255,5738,173006,64,312535
33810,0.042639,172.31.40.0-255,66,173072,64,312535
33811,0.044919,172.217.194.0-255,5738,178810,64,312535
33812,0.044934,172.31.40.0-255,66,178876,64,312535
33813,0.047204,172.217.194.0-255,5738,184614,64,312535
33814,0.047218,172.31.40.0-255,66,184680,64,312535
33815,0.0495,172.217.194.0-255,5738,190418,64,312535
33816,0.049514,172.31.40.0-255,66,190484,64,312535
33817,0.051805,172.217.194.0-255,5738,196222,64,312535
33818,0.051827,172.31.40.0-255,66,196288,64,312535
33819,0.054112,172.217.194.0-255,5738,202026,64,312535
33820,0.054125,172.31.40.0-255,66,202092,64,312535
33821,0.056399,172.217.194.0-255,5738,207830,64,312535
33822,0.056415,172.31.40.0-255,66,207896,64,312535
33823,0.058739,172.217.194.0-255,5738,213634,64,312535
33824,0.058757,172.31.40.0-255,66,213700,64,312535
33825,0.061067,172.217.194.0-255,5738,219438,64,312535
33826,0.061082,172.31.40.0-255,66,219504,64,312535
33827,0.063357,172.217.194.0-255,5738,225242,64,312535
33828,0.063372,172.31.40.0-255,66,225308,64,312535
33829,0.065644,172.217.194.0-255,5738,231046,64,312535
33830,0.065661,172.31.40.0-255,66,231112,64,312535
33831,0.06793,172.217.194.0-255,5738,236850,64,312535
33832,0.067947,172.31.40.0-255,66,236916,64,312535
33833,0.070219,172.217.194.0-255,5738,242654,64,312535
33834,0.070236,172.31.40.0-255,66,242720,64,312535
33835,0.072501,172.217.194.0-255,5738,248458,64,312535
33836,0.072514,172.31.40.0-255,66,248524,64,312535
33837,0.074804,172.217.194.0-255,5738,254262,64,312535
33838,0.074821,172.31.40.0-255,66,254328,64,312535
33839,0.077127,172.217.194.0-255,5738,260066,64,312535
33840,0.077142,172.31.40.0-255,66,260132,64,312535
33841,0.07942,172.217.194.0-255,5738,265870,64,312535
33842,0.079429,172.31.40.0-255,66,265936,64,312535
33843,0.081689,172.217.194.0-255,5738,271674,64,312535
33844,0.081704,172.31.40.0-255,66,271740,64,312535
33845,0.084024,172.217.194.0-255,5738,277478,64,312535
33846,0.084041,172.31.40.0-255,66,277544,64,312535
33847,0.086317,172.217.194.0-255,5738,283282,64,312535
33848,0.086336,172.31.40.0-255,66,283348,64,312535
33849,0.088597,172.217.194.0-255,5738,289086,64,312535
33850,0.08861,172.31.40.0-255,66,289152,64,312535
33851,0.088752,172.31.40.0-255,101,289253,64,312535
33852,0.090896,172.217.194.0-255,5738,294991,64,312535
33853,0.090913,172.31.40.0-255,66,295057,64,312535
33854,0.09098,172.217.194.0-255,66,295123,64,312535
33855,0.093172,172.217.194.0-255,5738,300861,64,312535
33856,0.093186,172.31.40.0-255,66,300927,64,312535
33857,0.095462,172.217.194.0-255,5738,306665,64,312535
33858,0.095478,172.31.40.0-255,66,306731,64,312535
33859,0.097757,172.217.194.0-255,5738,312469,64,312535
33860,0.097775,172.31.40.0-255,66,312535,64,312535
33861,0.0,172.217.194.0-255,153,153,64,348380
33862,2.4e-05,172.31.40.0-255,66,219,64,348380
33863,3.2e-05,172.217.194.0-255,1484,1703,64,348380
33864,3.7e-05,172.31.40.0-255,66,1769,64,348380
33865,4.4e-05,172.217.194.0-255,2902,4671,64,348380
33866,4.7e-05,172.31.40.0-255,66,4737,64,348380
33867,5.5e-05,172.217.194.0-255,7156,11893,64,348380
33868,5.8e-05,172.31.40.0-255,66,11959,64,348380
33869,6.2e-05,172.217.194.0-255,2157,14116,64,348380
33870,6.5e-05,172.31.40.0-255,66,14182,64,348380
33871,0.000167,172.217.194.0-255,1484,15666,64,348380
33872,0.000171,172.31.40.0-255,66,15732,64,348380
33873,0.000177,172.217.194.0-255,2902,18634,64,348380
33874,0.000179,172.31.40.0-255,66,18700,64,348380
33875,0.000185,172.217.194.0-255,4320,23020,64,348380
33876,0.000187,172.31.40.0-255,66,23086,64,348380
33877,0.000202,172.217.194.0-255,1484,24570,64,348380
33878,0.000204,172.31.40.0-255,66,24636,64,348380
33879,0.000208,172.217.194.0-255,2902,27538,64,348380
33880,0.00021,172.31.40.0-255,66,27604,64,348380
33881,0.000235,172.217.194.0-255,1484,29088,64,348380
33882,0.000237,172.31.40.0-255,66,29154,64,348380
33883,0.000268,172.31.40.0-255,66,29220,64,348380
33884,0.000297,172.217.194.0-255,5738,34958,64,348380
33885,0.0003,172.31.40.0-255,66,35024,64,348380
33886,0.000323,172.217.194.0-255,3961,38985,64,348380
33887,0.000325,172.31.40.0-255,66,39051,64,348380
33888,0.000337,172.31.40.0-255,66,39117,64,348380
33889,0.00034,172.217.194.0-255,1484,40601,64,348380
33890,0.000342,172.31.40.0-255,66,40667,64,348380
33891,0.000374,172.217.194.0-255,5629,46296,64,348380
33892,0.000379,172.217.194.0-255,435,46731,64,348380
33893,0.000519,172.31.40.0-255,66,46797,64,348380
33894,0.000591,172.217.194.0-255,1484,48281,64,348380
33895,0.000596,172.217.194.0-255,1484,49765,64,348380
33896,0.000609,172.217.194.0-255,1484,51249,64,348380
33897,0.000616,172.217.194.0-255,5738,56987,64,348380
33898,0.00062,172.31.40.0-255,66,57053,64,348380
33899,0.000633,172.217.194.0-255,4320,61373,64,348380
33900,0.000638,172.31.40.0-255,66,61439,64,348380
33901,0.000675,172.31.40.0-255,66,61505,64,348380
33902,0.000736,172.31.40.0-255,66,61571,64,348380
33903,0.000751,172.217.194.0-255,1484,63055,64,348380
33904,0.000761,172.217.194.0-255,1484,64539,64,348380
33905,0.00077,172.31.40.0-255,66,64605,64,348380
33906,0.000778,172.217.194.0-255,1484,66089,64,348380
33907,0.000791,172.217.194.0-255,1484,67573,64,348380
33908,0.000805,172.217.194.0-255,4320,71893,64,348380
33909,0.000808,172.217.194.0-255,1484,73377,64,348380
33910,0.000824,172.217.194.0-255,7156,80533,64,348380
33911,0.00086,172.217.194.0-255,2902,83435,64,348380
33912,0.000878,172.217.194.0-255,7156,90591,64,348380
33913,0.000884,172.217.194.0-255,4320,94911,64,348380
33914,0.00089,172.31.40.0-255,66,94977,64,348380
33915,0.00093,172.31.40.0-255,66,95043,64,348380
33916,0.000942,172.217.194.0-255,5379,100422,64,348380
33917,0.000946,172.31.40.0-255,66,100488,64,348380
33918,0.001002,172.217.194.0-255,1484,101972,64,348380
33919,0.001008,172.217.194.0-255,2902,104874,64,348380
33920,0.001014,172.217.194.0-255,4320,109194,64,348380
33921,0.001027,172.31.40.0-255,66,109260,64,348380
33922,0.00103,172.217.194.0-255,1484,110744,64,348380
33923,0.001034,172.217.194.0-255,2902,113646,64,348380
33924,0.001039,172.31.40.0-255,66,113712,64,348380
33925,0.001058,172.217.194.0-255,2902,116614,64,348380
33926,0.001096,172.31.40.0-255,66,116680,64,348380
33927,0.001127,172.217.194.0-255,1484,118164,64,348380
33928,0.001132,172.217.194.0-255,2902,121066,64,348380
33929,0.001145,172.31.40.0-255,66,121132,64,348380
33930,0.001155,172.217.194.0-255,5738,126870,64,348380
33931,0.001158,172.217.194.0-255,1484,128354,64,348380
33932,0.001166,172.31.40.0-255,66,128420,64,348380
33933,0.001178,172.217.194.0-255,5738,134158,64,348380
33934,0.001193,172.217.194.0-255,2902,137060,64,348380
33935,0.001221,172.217.194.0-255,7156,144216,64,348380
33936,0.001225,172.31.40.0-255,66,144282,64,348380
33937,0.001236,172.31.40.0-255,66,144348,64,348380
33938,0.001258,172.217.194.0-255,4320,148668,64,348380
33939,0.001272,172.217.194.0-255,2184,150852,64,348380
33940,0.001277,172.31.40.0-255,66,150918,64,348380
33941,0.001305,172.217.194.0-255,2902,153820,64,348380
33942,0.001313,172.31.40.0-255,66,153886,64,348380
33943,0.001326,172.217.194.0-255,4320,158206,64,348380
33944,0.001344,172.31.40.0-255,66,158272,64,348380
33945,0.001356,172.217.194.0-255,2902,161174,64,348380
33946,0.00137,172.217.194.0-255,4320,165494,64,348380
33947,0.001376,172.217.194.0-255,4320,169814,64,348380
33948,0.001394,172.217.194.0-255,4320,174134,64,348380
33949,0.001398,172.31.40.0-255,66,174200,64,348380
33950,0.001422,172.217.194.0-255,7156,181356,64,348380
33951,0.001437,172.217.194.0-255,3602,184958,64,348380
33952,0.001448,172.31.40.0-255,66,185024,64,348380
33953,0.002136,172.217.194.0-255,1484,186508,64,348380
33954,0.002142,172.217.194.0-255,2902,189410,64,348380
33955,0.002145,172.217.194.0-255,2902,192312,64,348380
33956,0.002163,172.217.194.0-255,2902,195214,64,348380
33957,0.002166,172.217.194.0-255,1484,196698,64,348380
33958,0.002181,172.217.194.0-255,5379,202077,64,348380
33959,0.008207,172.31.40.0-255,66,202143,64,348380
33960,0.008284,172.31.40.0-255,66,202209,64,348380
33961,0.010773,172.217.194.0-255,5738,207947,64,348380
33962,0.010782,172.31.40.0-255,66,208013,64,348380
33963,0.013261,172.217.194.0-255,5738,213751,64,348380
33964,0.01327,172.31.40.0-255,66,213817,64,348380
33965,0.015774,172.217.194.0-255,5738,219555,64,348380
33966,0.0173,172.31.40.0-255,66,219621,64,348380
33967,0.019821,172.217.194.0-255,5738,225359,64,348380
33968,0.01984,172.31.40.0-255,66,225425,64,348380
33969,0.022354,172.217.194.0-255,5738,231163,64,348380
33970,0.022367,172.31.40.0-255,66,231229,64,348380
33971,0.024909,172.217.194.0-255,5738,236967,64,348380
33972,0.024922,172.31.40.0-255,66,237033,64,348380
33973,0.027406,172.217.194.0-255,5738,242771,64,348380
33974,0.027417,172.31.40.0-255,66,242837,64,348380
33975,0.029922,172.217.194.0-255,5738,248575,64,348380
33976,0.029939,172.31.40.0-255,66,248641,64,348380
33977,0.032431,172.217.194.0-255,5738,254379,64,348380
33978,0.032447,172.31.40.0-255,66,254445,64,348380
33979,0.034951,172.217.194.0-255,5738,260183,64,348380
33980,0.034961,172.31.40.0-255,66,260249,64,348380
33981,0.035623,172.31.40.0-255,167,260416,64,348380
33982,0.035662,172.31.40.0-255,1107,261523,64,348380
33983,0.035725,172.31.40.0-255,1514,263037,64,348380
33984,0.035727,172.31.40.0-255,338,263375,64,348380
33985,0.037239,104.244.42.0-255,66,263441,64,348380
33986,0.037249,104.244.42.0-255,66,263507,64,348380
33987,0.037298,104.244.42.0-255,66,263573,64,348380
33988,0.037483,172.217.194.0-255,5738,269311,64,348380
33989,0.037489,172.31.40.0-255,66,269377,64,348380
33990,0.039993,172.217.194.0-255,5738,275115,64,348380
33991,0.040001,172.31.40.0-255,66,275181,64,348380
33992,0.042509,172.217.194.0-255,5738,280919,64,348380
33993,0.042517,172.31.40.0-255,66,280985,64,348380
33994,0.045022,172.217.194.0-255,5738,286723,64,348380
33995,0.045031,172.31.40.0-255,66,286789,64,348380
33996,0.047537,172.217.194.0-255,5738,292527,64,348380
33997,0.047547,172.31.40.0-255,66,292593,64,348380
33998,0.050069,172.217.194.0-255,5738,298331,64,348380
33999,0.050079,172.31.40.0-255,66,298397,64,348380
34000,0.052574,172.217.194.0-255,5738,304135,64,348380
34001,0.052587,172.31.40.0-255,66,304201,64,348380
34002,0.055102,172.217.194.0-255,5738,309939,64,348380
34003,0.055112,172.31.40.0-255,66,310005,64,348380
34004,0.05762,172.217.194.0-255,5738,315743,64,348380
34005,0.057629,172.31.40.0-255,66,315809,64,348380
34006,0.0601,172.217.194.0-255,5738,321547,64,348380
34007,0.060108,172.31.40.0-255,66,321613,64,348380
34008,0.062585,172.217.194.0-255,4320,325933,64,348380
34009,0.062593,172.31.40.0-255,66,325999,64,348380
34010,0.062612,172.217.194.0-255,1484,327483,64,348380
34011,0.065082,172.217.194.0-255,4320,331803,64,348380
34012,0.065089,172.31.40.0-255,66,331869,64,348380
34013,0.067613,172.217.194.0-255,5738,337607,64,348380
34014,0.067662,172.31.40.0-255,66,337673,64,348380
34015,0.070152,172.217.194.0-255,5738,343411,64,348380
34016,0.070159,172.31.40.0-255,66,343477,64,348380
34017,0.072662,172.217.194.0-255,4666,348143,64,348380
34018,0.072668,172.31.40.0-255,66,348209,64,348380
34019,0.072849,172.31.40.0-255,105,348314,64,348380
34020,0.075295,172.217.194.0-255,66,348380,64,348380
34021,0.0,74.125.200.0-255,291,291,64,391591
34022,2.4e-05,172.31.40.0-255,66,357,64,391591
34023,3e-05,74.125.200.0-255,1484,1841,64,391591
34024,3.5e-05,172.31.40.0-255,66,1907,64,391591
34025,5e-05,74.125.200.0-255,4320,6227,64,391591
34026,5.4e-05,172.31.40.0-255,66,6293,64,391591
34027,6.1e-05,74.125.200.0-255,5738,12031,64,391591
34028,6.4e-05,172.31.40.0-255,66,12097,64,391591
34029,6.8e-05,74.125.200.0-255,1943,14040,64,391591
34030,7.1e-05,172.31.40.0-255,66,14106,64,391591
34031,0.000124,74.125.200.0-255,1484,15590,64,391591
34032,0.000127,172.31.40.0-255,66,15656,64,391591
34033,0.000132,74.125.200.0-255,2902,18558,64,391591
34034,0.000135,172.31.40.0-255,66,18624,64,391591
34035,0.000147,74.125.200.0-255,5738,24362,64,391591
34036,0.000149,172.31.40.0-255,66,24428,64,391591
34037,0.000153,74.125.200.0-255,1484,25912,64,391591
34038,0.000155,172.31.40.0-255,66,25978,64,391591
34039,0.00019,74.125.200.0-255,5379,31357,64,391591
34040,0.000193,172.31.40.0-255,66,31423,64,391591
34041,0.000201,74.125.200.0-255,7156,38579,64,391591
34042,0.000203,172.31.40.0-255,66,38645,64,391591
34043,0.000207,74.125.200.0-255,2902,41547,64,391591
34044,0.00021,172.31.40.0-255,66,41613,64,391591
34045,0.00024,74.125.200.0-255,2902,44515,64,391591
34046,0.000243,172.31.40.0-255,66,44581,64,391591
34047,0.000265,74.125.200.0-255,1484,46065,64,391591
34048,0.000267,172.31.40.0-255,66,46131,64,391591
34049,0.000272,74.125.200.0-255,2543,48674,64,391591
34050,0.000274,172.31.40.0-255,66,48740,64,391591
34051,0.000278,74.125.200.0-255,2902,51642,64,391591
34052,0.00028,172.31.40.0-255,66,51708,64,391591
34053,0.000313,74.125.200.0-255,4320,56028,64,391591
34054,0.000316,172.31.40.0-255,66,56094,64,391591
34055,0.000343,74.125.200.0-255,1484,57578,64,391591
34056,0.000345,172.31.40.0-255,66,57644,64,391591
34057,0.000353,74.125.200.0-255,7156,64800,64,391591
34058,0.000356,172.31.40.0-255,66,64866,64,391591
34059,0.000359,74.125.200.0-255,1125,65991,64,391591
34060,0.000361,172.31.40.0-255,66,66057,64,391591
34061,0.000388,74.125.200.0-255,397,66454,64,391591
34062,0.000391,172.31.40.0-255,66,66520,64,391591
34063,0.000441,74.125.200.0-255,1484,68004,64,391591
34064,0.000445,172.31.40.0-255,66,68070,64,391591
34065,0.000449,74.125.200.0-255,1484,69554,64,391591
34066,0.000451,172.31.40.0-255,66,69620,64,391591
34067,0.000485,74.125.200.0-255,2902,72522,64,391591
34068,0.000488,172.31.40.0-255,66,72588,64,391591
34069,0.000491,74.125.200.0-255,1484,74072,64,391591
34070,0.000493,172.31.40.0-255,66,74138,64,391591
34071,0.000515,74.125.200.0-255,4320,78458,64,391591
34072,0.000518,172.31.40.0-255,66,78524,64,391591
34073,0.000521,74.125.200.0-255,1484,80008,64,391591
34074,0.000523,172.31.40.0-255,66,80074,64,391591
34075,0.000528,74.125.200.0-255,2902,82976,64,391591
34076,0.000531,172.31.40.0-255,66,83042,64,391591
34077,0.000558,74.125.200.0-255,5738,88780,64,391591
34078,0.000561,172.31.40.0-255,66,88846,64,391591
34079,0.000584,74.125.200.0-255,1484,90330,64,391591
34080,0.000587,172.31.40.0-255,66,90396,64,391591
34081,0.000591,74.125.200.0-255,2902,93298,64,391591
34082,0.000594,172.31.40.0-255,66,93364,64,391591
34083,0.000597,74.125.200.0-255,1484,94848,64,391591
34084,0.000599,172.31.40.0-255,66,94914,64,391591
34085,0.000622,74.125.200.0-255,4320,99234,64,391591
34086,0.000625,172.31.40.0-255,66,99300,64,391591
34087,0.000662,74.125.200.0-255,2184,101484,64,391591
34088,0.000665,172.31.40.0-255,66,101550,64,391591
34089,0.002594,74.125.200.0-255,2902,104452,64,391591
34090,0.002602,172.31.40.0-255,66,104518,64,391591
34091,0.002633,74.125.200.0-255,2902,107420,64,391591
34092,0.002636,172.31.40.0-255,66,107486,64,391591
34093,0.004601,74.125.200.0-255,2902,110388,64,391591
34094,0.004606,172.31.40.0-255,66,110454,64,391591
34095,0.004632,74.125.200.0-255,2902,113356,64,391591
34096,0.004634,172.31.40.0-255,66,113422,64,391591
34097,0.006603,74.125.200.0-255,2902,116324,64,391591
34098,0.00661,172.31.40.0-255,66,116390,64,391591
34099,0.006642,74.125.200.0-255,2902,119292,64,391591
34100,0.006645,172.31.40.0-255,66,119358,64,391591
34101,0.008601,74.125.200.0-255,2902,122260,64,391591
34102,0.008609,172.31.40.0-255,66,122326,64,391591
34103,0.008636,74.125.200.0-255,2902,125228,64,391591
34104,0.008639,172.31.40.0-255,66,125294,64,391591
34105,0.010579,74.125.200.0-255,2902,128196,64,391591
34106,0.010587,172.31.40.0-255,66,128262,64,391591
34107,0.010619,74.125.200.0-255,2902,131164,64,391591
34108,0.010622,172.31.40.0-255,66,131230,64,391591
34109,0.012602,74.125.200.0-255,5738,136968,64,391591
34110,0.01262,172.31.40.0-255,66,137034,64,391591
34111,0.014612,74.125.200.0-255,5738,142772,64,391591
34112,0.014621,172.31.40.0-255,66,142838,64,391591
34113,0.016629,74.125.200.0-255,1484,144322,64,391591
34114,0.016657,74.125.200.0-255,4320,148642,64,391591
34115,0.016665,172.31.40.0-255,66,148708,64,391591
34116,0.018641,74.125.200.0-255,5738,154446,64,391591
34117,0.018648,172.31.40.0-255,66,154512,64,391591
34118,0.020662,74.125.200.0-255,2902,157414,64,391591
34119,0.020671,172.31.40.0-255,66,157480,64,391591
34120,0.020701,74.125.200.0-255,2902,160382,64,391591
34121,0.020705,172.31.40.0-255,66,160448,64,391591
34122,0.022644,74.125.200.0-255,2902,163350,64,391591
34123,0.022651,172.31.40.0-255,66,163416,64,391591
34124,0.022682,74.125.200.0-255,2902,166318,64,391591
34125,0.022685,172.31.40.0-255,66,166384,64,391591
34126,0.024633,74.125.200.0-255,2902,169286,64,391591
34127,0.024641,172.31.40.0-255,66,169352,64,391591
34128,0.024672,74.125.200.0-255,2902,172254,64,391591
34129,0.024675,172.31.40.0-255,66,172320,64,391591
34130,0.026616,74.125.200.0-255,2902,175222,64,391591
34131,0.026624,172.31.40.0-255,66,175288,64,391591
34132,0.026655,74.125.200.0-255,2902,178190,64,391591
34133,0.026658,172.31.40.0-255,66,178256,64,391591
34134,0.028603,74.125.200.0-255,2902,181158,64,391591
34135,0.028611,172.31.40.0-255,66,181224,64,391591
34136,0.028641,74.125.200.0-255,2902,184126,64,391591
34137,0.028644,172.31.40.0-255,66,184192,64,391591
34138,0.030599,74.125.200.0-255,2902,187094,64,391591
34139,0.030607,172.31.40.0-255,66,187160,64,391591
34140,0.030637,74.125.200.0-255,2902,190062,64,391591
34141,0.030642,172.31.40.0-255,66,190128,64,391591
34142,0.031024,172.31.40.0-255,171,190299,64,391591
34143,0.031059,172.31.40.0-255,1137,191436,64,391591
34144,0.031179,172.31.40.0-255,1514,192950,64,391591
34145,0.031181,172.31.40.0-255,1271,194221,64,391591
34146,0.032566,104.244.42.0-255,66,194287,64,391591
34147,0.032578,74.125.200.0-255,2902,197189,64,391591
34148,0.032583,172.31.40.0-255,66,197255,64,391591
34149,0.032611,74.125.200.0-255,1484,198739,64,391591
34150,0.032625,74.125.200.0-255,1484,200223,64,391591
34151,0.032628,172.31.40.0-255,66,200289,64,391591
34152,0.032656,104.244.42.0-255,66,200355,64,391591
34153,0.032746,104.244.42.0-255,66,200421,64,391591
34154,0.034558,74.125.200.0-255,2902,203323,64,391591
34155,0.034565,172.31.40.0-255,66,203389,64,391591
34156,0.034599,74.125.200.0-255,2902,206291,64,391591
34157,0.034602,172.31.40.0-255,66,206357,64,391591
34158,0.036544,74.125.200.0-255,2902,209259,64,391591
34159,0.036551,172.31.40.0-255,66,209325,64,391591
34160,0.036581,74.125.200.0-255,2902,212227,64,391591
34161,0.036584,172.31.40.0-255,66,212293,64,391591
34162,0.038523,74.125.200.0-255,2902,215195,64,391591
34163,0.03853,172.31.40.0-255,66,215261,64,391591
34164,0.038562,74.125.200.0-255,2902,218163,64,391591
34165,0.038565,172.31.40.0-255,66,218229,64,391591
34166,0.040517,74.125.200.0-255,2902,221131,64,391591
34167,0.040527,172.31.40.0-255,66,221197,64,391591
34168,0.040562,74.125.200.0-255,2902,224099,64,391591
34169,0.040565,172.31.40.0-255,66,224165,64,391591
34170,0.042509,74.125.200.0-255,2902,227067,64,391591
34171,0.042516,172.31.40.0-255,66,227133,64,391591
34172,0.042551,74.125.200.0-255,2902,230035,64,391591
34173,0.042554,172.31.40.0-255,66,230101,64,391591
34174,0.044559,74.125.200.0-255,2902,233003,64,391591
34175,0.044566,172.31.40.0-255,66,233069,64,391591
34176,0.044593,74.125.200.0-255,2902,235971,64,391591
34177,0.044596,172.31.40.0-255,66,236037,64,391591
34178,0.046542,74.125.200.0-255,2902,238939,64,391591
34179,0.04655,172.31.40.0-255,66,239005,64,391591
34180,0.046576,74.125.200.0-255,2902,241907,64,391591
34181,0.046579,172.31.40.0-255,66,241973,64,391591
34182,0.048546,74.125.200.0-255,5738,247711,64,391591
34183,0.048557,172.31.40.0-255,66,247777,64,391591
34184,0.05059,74.125.200.0-255,5738,253515,64,391591
34185,0.050604,172.31.40.0-255,66,253581,64,391591
34186,0.052605,74.125.200.0-255,5738,259319,64,391591
34187,0.052619,172.31.40.0-255,66,259385,64,391591
34188,0.054616,74.125.200.0-255,5738,265123,64,391591
34189,0.054631,172.31.40.0-255,66,265189,64,391591
34190,0.056631,74.125.200.0-255,5738,270927,64,391591
34191,0.056646,172.31.40.0-255,66,270993,64,391591
34192,0.05862,74.125.200.0-255,5738,276731,64,391591
34193,0.058635,172.31.40.0-255,66,276797,64,391591
34194,0.060628,74.125.200.0-255,5738,282535,64,391591
34195,0.060645,172.31.40.0-255,66,282601,64,391591
34196,0.062634,74.125.200.0-255,5738,288339,64,391591
34197,0.06265,172.31.40.0-255,66,288405,64,391591
34198,0.064648,74.125.200.0-255,5738,294143,64,391591
34199,0.064663,172.31.40.0-255,66,294209,64,391591
34200,0.066643,74.125.200.0-255,5738,299947,64,391591
34201,0.066659,172.31.40.0-255,66,300013,64,391591
34202,0.068635,74.125.200.0-255,5738,305751,64,391591
34203,0.068648,172.31.40.0-255,66,305817,64,391591
34204,0.070626,74.125.200.0-255,5738,311555,64,391591
34205,0.070646,172.31.40.0-255,66,311621,64,391591
34206,0.072656,74.125.200.0-255,5738,317359,64,391591
34207,0.072672,172.31.40.0-255,66,317425,64,391591
34208,0.074664,74.125.200.0-255,5738,323163,64,391591
34209,0.074679,172.31.40.0-255,66,323229,64,391591
34210,0.07667,74.125.200.0-255,5738,328967,64,391591
34211,0.076684,172.31.40.0-255,66,329033,64,391591
34212,0.078689,74.125.200.0-255,5738,334771,64,391591
34213,0.078706,172.31.40.0-255,66,334837,64,391591
34214,0.08071,74.125.200.0-255,5738,340575,64,391591
34215,0.080726,172.31.40.0-255,66,340641,64,391591
34216,0.082711,74.125.200.0-255,5738,346379,64,391591
34217,0.082728,172.31.40.0-255,66,346445,64,391591
34218,0.084723,74.125.200.0-255,5738,352183,64,391591
34219,0.084738,172.31.40.0-255,66,352249,64,391591
34220,0.086715,74.125.200.0-255,5738,357987,64,391591
34221,0.086727,172.31.40.0-255,66,358053,64,391591
34222,0.088729,74.125.200.0-255,5738,363791,64,391591
34223,0.088744,172.31.40.0-255,66,363857,64,391591
34224,0.090739,74.125.200.0-255,5738,369595,64,391591
34225,0.090752,172.31.40.0-255,66,369661,64,391591
34226,0.092749,74.125.200.0-255,5738,375399,64,391591
34227,0.092756,172.31.40.0-255,66,375465,64,391591
34228,0.094725,74.125.200.0-255,4320,379785,64,391591
34229,0.094732,172.31.40.0-255,66,379851,64,391591
34230,0.094758,74.125.200.0-255,1484,381335,64,391591
34231,0.096708,74.125.200.0-255,4320,385655,64,391591
34232,0.096714,172.31.40.0-255,66,385721,64,391591
34233,0.098684,74.125.200.0-255,4320,390041,64,391591
34234,0.098692,172.31.40.0-255,66,390107,64,391591
34235,0.098716,74.125.200.0-255,1484,391591,64,391591
34236,0.0,172.217.194.0-255,152,152,64,180647
34237,1.6e-05,172.31.40.0-255,66,218,64,180647
34238,3.5e-05,172.217.194.0-255,1484,1702,64,180647
34239,3.9e-05,172.31.40.0-255,66,1768,64,180647
34240,5.6e-05,172.217.194.0-255,2902,4670,64,180647
34241,6e-05,172.31.40.0-255,66,4736,64,180647
34242,8.5e-05,172.217.194.0-255,5738,10474,64,180647
34243,8.8e-05,172.31.40.0-255,66,10540,64,180647
34244,0.000109,172.217.194.0-255,2902,13442,64,180647
34245,0.000112,172.31.40.0-255,66,13508,64,180647
34246,0.000144,172.31.40.0-255,66,13574,64,180647
34247,0.000163,172.217.194.0-255,5738,19312,64,180647
34248,0.000166,172.31.40.0-255,66,19378,64,180647
34249,0.000187,172.217.194.0-255,2543,21921,64,180647
34250,0.000189,172.31.40.0-255,66,21987,64,180647
34251,0.000253,172.217.194.0-255,1484,23471,64,180647
34252,0.000257,172.31.40.0-255,66,23537,64,180647
34253,0.000273,172.217.194.0-255,2902,26439,64,180647
34254,0.000275,172.31.40.0-255,66,26505,64,180647
34255,0.000297,172.217.194.0-255,1484,27989,64,180647
34256,0.000299,172.31.40.0-255,66,28055,64,180647
34257,0.000321,172.217.194.0-255,4320,32375,64,180647
34258,0.000324,172.31.40.0-255,66,32441,64,180647
34259,0.000328,172.217.194.0-255,2902,35343,64,180647
34260,0.00033,172.31.40.0-255,66,35409,64,180647
34261,0.000362,172.217.194.0-255,5738,41147,64,180647
34262,0.000364,172.31.40.0-255,66,41213,64,180647
34263,0.000385,172.217.194.0-255,5379,46592,64,180647
34264,0.000388,172.31.40.0-255,66,46658,64,180647
34265,0.000394,172.217.194.0-255,5738,52396,64,180647
34266,0.000396,172.31.40.0-255,66,52462,64,180647
34267,0.000432,172.217.194.0-255,4253,56715,64,180647
34268,0.000448,172.217.194.0-255,99,56814,64,180647
34269,0.000606,172.217.194.0-255,361,57175,64,180647
34270,0.000688,172.217.194.0-255,1484,58659,64,180647
34271,0.000691,172.217.194.0-255,1484,60143,64,180647
34272,0.000704,172.217.194.0-255,1484,61627,64,180647
34273,0.000711,172.217.194.0-255,5738,67365,64,180647
34274,0.00073,172.217.194.0-255,5738,73103,64,180647
34275,0.000754,172.217.194.0-255,576,73679,64,180647
34276,0.001049,172.217.194.0-255,1484,75163,64,180647
34277,0.001061,172.217.194.0-255,2902,78065,64,180647
34278,0.001075,172.217.194.0-255,4320,82385,64,180647
34279,0.001088,172.217.194.0-255,1484,83869,64,180647
34280,0.001102,172.217.194.0-255,4320,88189,64,180647
34281,0.001128,172.217.194.0-255,5738,93927,64,180647
34282,0.001159,172.217.194.0-255,5020,98947,64,180647
34283,0.001604,172.217.194.0-255,1484,100431,64,180647
34284,0.001618,172.217.194.0-255,2902,103333,64,180647
34285,0.001639,172.217.194.0-255,5738,109071,64,180647
34286,0.001651,172.217.194.0-255,2902,111973,64,180647
34287,0.001666,172.217.194.0-255,5738,117711,64,180647
34288,0.001679,172.217.194.0-255,4320,122031,64,180647
34289,0.002135,172.31.40.0-255,66,122097,64,180647
34290,0.002846,172.217.194.0-255,1484,123581,64,180647
34291,0.002855,172.217.194.0-255,2902,126483,64,180647
34292,0.00288,172.31.40.0-255,66,126549,64,180647
34293,0.002888,172.217.194.0-255,5738,132287,64,180647
34294,0.002904,172.31.40.0-255,66,132353,64,180647
34295,0.002943,172.31.40.0-255,66,132419,64,180647
34296,0.00311,172.217.194.0-255,1484,133903,64,180647
34297,0.003115,172.217.194.0-255,2902,136805,64,180647
34298,0.003125,172.31.40.0-255,66,136871,64,180647
34299,0.003137,172.217.194.0-255,5738,142609,64,180647
34300,0.003142,172.31.40.0-255,66,142675,64,180647
34301,0.003149,172.217.194.0-255,1484,144159,64,180647
34302,0.003199,172.31.40.0-255,66,144225,64,180647
34303,0.003217,172.217.194.0-255,1484,145709,64,180647
34304,0.003258,172.31.40.0-255,66,145775,64,180647
34305,0.003277,172.217.194.0-255,7156,152931,64,180647
34306,0.003334,172.217.194.0-255,5738,158669,64,180647
34307,0.003338,172.31.40.0-255,66,158735,64,180647
34308,0.003343,172.31.40.0-255,66,158801,64,180647
34309,0.003392,172.31.40.0-255,66,158867,64,180647
34310,0.003417,172.217.194.0-255,5738,164605,64,180647
34311,0.003464,172.217.194.0-255,2902,167507,64,180647
34312,0.003485,172.31.40.0-255,66,167573,64,180647
34313,0.003546,172.31.40.0-255,66,167639,64,180647
34314,0.003592,172.217.194.0-255,5259,172898,64,180647
34315,0.003601,172.31.40.0-255,66,172964,64,180647
34316,0.003636,172.217.194.0-255,105,173069,64,180647
34317,0.006175,172.31.40.0-255,66,173135,64,180647
34318,0.006211,172.31.40.0-255,105,173240,64,180647
34319,0.008513,172.217.194.0-255,66,173306,64,180647
34320,0.037472,172.31.40.0-255,172,173478,64,180647
34321,0.037507,172.31.40.0-255,1111,174589,64,180647
34322,0.037572,172.31.40.0-255,1514,176103,64,180647
34323,0.037574,172.31.40.0-255,1514,177617,64,180647
34324,0.037578,172.31.40.0-255,1514,179131,64,180647
34325,0.037579,172.31.40.0-255,1078,180209,64,180647
34326,0.039031,104.244.42.0-255,66,180275,64,180647
34327,0.039079,104.244.42.0-255,66,180341,64,180647
34328,0.03914,104.244.42.0-255,66,180407,64,180647
34329,0.039145,104.244.42.0-255,66,180473,64,180647
34330,0.039776,104.244.42.0-255,108,180581,64,180647
34331,0.039781,172.31.40.0-255,66,180647,64,180647
34332,0.0,74.125.24.0-255,146,146,64,214346
34333,2.2e-05,172.31.40.0-255,66,212,64,214346
34334,2.8e-05,74.125.24.0-255,1484,1696,64,214346
34335,3.4e-05,172.31.40.0-255,66,1762,64,214346
34336,4e-05,74.125.24.0-255,2902,4664,64,214346
34337,5.1e-05,172.31.40.0-255,66,4730,64,214346
34338,5.7e-05,74.125.24.0-255,4320,9050,64,214346
34339,6.1e-05,172.31.40.0-255,66,9116,64,214346
34340,6.7e-05,74.125.24.0-255,4799,13915,64,214346
34341,6.9e-05,172.31.40.0-255,66,13981,64,214346
34342,0.000106,74.125.24.0-255,1484,15465,64,214346
34343,0.000109,172.31.40.0-255,66,15531,64,214346
34344,0.000115,74.125.24.0-255,2902,18433,64,214346
34345,0.000117,172.31.40.0-255,66,18499,64,214346
34346,0.000129,74.125.24.0-255,5738,24237,64,214346
34347,0.000132,172.31.40.0-255,66,24303,64,214346
34348,0.000135,74.125.24.0-255,2902,27205,64,214346
34349,0.000137,172.31.40.0-255,66,27271,64,214346
34350,0.00017,74.125.24.0-255,3961,31232,64,214346
34351,0.000173,172.31.40.0-255,66,31298,64,214346
34352,0.000266,74.125.24.0-255,1484,32782,64,214346
34353,0.00027,172.31.40.0-255,66,32848,64,214346
34354,0.000276,74.125.24.0-255,2902,35750,64,214346
34355,0.000279,172.31.40.0-255,66,35816,64,214346
34356,0.000283,74.125.24.0-255,2902,38718,64,214346
34357,0.000291,172.31.40.0-255,66,38784,64,214346
34358,0.000294,74.125.24.0-255,1484,40268,64,214346
34359,0.000296,172.31.40.0-255,66,40334,64,214346
34360,0.000325,74.125.24.0-255,2902,43236,64,214346
34361,0.000328,172.31.40.0-255,66,43302,64,214346
34362,0.000343,172.31.40.0-255,66,43368,64,214346
34363,0.000346,74.125.24.0-255,1484,44852,64,214346
34364,0.000384,74.125.24.0-255,7156,52008,64,214346
34365,0.000386,172.31.40.0-255,66,52074,64,214346
34366,0.000425,74.125.24.0-255,4238,56312,64,214346
34367,0.000428,172.31.40.0-255,66,56378,64,214346
34368,0.000453,74.125.24.0-255,380,56758,64,214346
34369,0.000602,74.125.24.0-255,1484,58242,64,214346
34370,0.000607,172.31.40.0-255,66,58308,64,214346
34371,0.000621,74.125.24.0-255,2902,61210,64,214346
34372,0.000628,172.31.40.0-255,66,61276,64,214346
34373,0.000635,74.125.24.0-255,5738,67014,64,214346
34374,0.000637,172.31.40.0-255,66,67080,64,214346
34375,0.000677,172.31.40.0-255,66,67146,64,214346
34376,0.000685,74.125.24.0-255,7156,74302,64,214346
34377,0.000687,172.31.40.0-255,66,74368,64,214346
34378,0.000718,74.125.24.0-255,2543,76911,64,214346
34379,0.000721,172.31.40.0-255,66,76977,64,214346
34380,0.000844,74.125.24.0-255,1484,78461,64,214346
34381,0.000865,74.125.24.0-255,2902,81363,64,214346
34382,0.000868,172.31.40.0-255,66,81429,64,214346
34383,0.000874,74.125.24.0-255,2902,84331,64,214346
34384,0.000876,172.31.40.0-255,66,84397,64,214346
34385,0.000881,74.125.24.0-255,4320,88717,64,214346
34386,0.000888,172.31.40.0-255,66,88783,64,214346
34387,0.000893,74.125.24.0-255,4320,93103,64,214346
34388,0.000895,172.31.40.0-255,66,93169,64,214346
34389,0.000923,74.125.24.0-255,4320,97489,64,214346
34390,0.000925,172.31.40.0-255,66,97555,64,214346
34391,0.000945,172.31.40.0-255,66,97621,64,214346
34392,0.000994,74.125.24.0-255,1484,99105,64,214346
34393,0.001,74.125.24.0-255,2902,102007,64,214346
34394,0.001002,172.31.40.0-255,66,102073,64,214346
34395,0.001032,74.125.24.0-255,5738,107811,64,214346
34396,0.001036,172.31.40.0-255,66,107877,64,214346
34397,0.001042,74.125.24.0-255,5738,113615,64,214346
34398,0.001044,172.31.40.0-255,66,113681,64,214346
34399,0.001091,172.31.40.0-255,66,113747,64,214346
34400,0.001122,74.125.24.0-255,4320,118067,64,214346
34401,0.001124,172.31.40.0-255,66,118133,64,214346
34402,0.00113,74.125.24.0-255,5020,123153,64,214346
34403,0.001133,172.31.40.0-255,66,123219,64,214346
34404,0.001209,74.125.24.0-255,1484,124703,64,214346
34405,0.001215,74.125.24.0-255,2902,127605,64,214346
34406,0.001218,172.31.40.0-255,66,127671,64,214346
34407,0.001251,74.125.24.0-255,5738,133409,64,214346
34408,0.001254,172.31.40.0-255,66,133475,64,214346
34409,0.001273,172.31.40.0-255,66,133541,64,214346
34410,0.001308,74.125.24.0-255,1484,135025,64,214346
34411,0.001322,172.31.40.0-255,66,135091,64,214346
34412,0.001346,74.125.24.0-255,1484,136575,64,214346
34413,0.001351,74.125.24.0-255,2902,139477,64,214346
34414,0.001353,172.31.40.0-255,66,139543,64,214346
34415,0.001359,74.125.24.0-255,4320,143863,64,214346
34416,0.001362,172.31.40.0-255,66,143929,64,214346
34417,0.001395,74.125.24.0-255,1484,145413,64,214346
34418,0.001403,74.125.24.0-255,7156,152569,64,214346
34419,0.001406,172.31.40.0-255,66,152635,64,214346
34420,0.001409,74.125.24.0-255,1484,154119,64,214346
34421,0.00145,172.31.40.0-255,66,154185,64,214346
34422,0.001454,74.125.24.0-255,2184,156369,64,214346
34423,0.001456,172.31.40.0-255,66,156435,64,214346
34424,0.001645,74.125.24.0-255,1484,157919,64,214346
34425,0.001651,74.125.24.0-255,2902,160821,64,214346
34426,0.001655,172.31.40.0-255,66,160887,64,214346
34427,0.001688,74.125.24.0-255,5738,166625,64,214346
34428,0.001692,172.31.40.0-255,66,166691,64,214346
34429,0.001718,172.31.40.0-255,66,166757,64,214346
34430,0.001748,74.125.24.0-255,4320,171077,64,214346
34431,0.001751,172.31.40.0-255,66,171143,64,214346
34432,0.001784,172.31.40.0-255,66,171209,64,214346
34433,0.001843,74.125.24.0-255,1484,172693,64,214346
34434,0.001857,74.125.24.0-255,2902,175595,64,214346
34435,0.00186,172.31.40.0-255,66,175661,64,214346
34436,0.001892,74.125.24.0-255,5738,181399,64,214346
34437,0.001896,172.31.40.0-255,66,181465,64,214346
34438,0.001907,172.31.40.0-255,66,181531,64,214346
34439,0.001933,74.125.24.0-255,1484,183015,64,214346
34440,0.001966,172.31.40.0-255,66,183081,64,214346
34441,0.001988,74.125.24.0-255,5738,188819,64,214346
34442,0.001991,172.31.40.0-255,66,188885,64,214346
34443,0.002015,74.125.24.0-255,2902,191787,64,214346
34444,0.002018,172.31.40.0-255,66,191853,64,214346
34445,0.002034,172.31.40.0-255,66,191919,64,214346
34446,0.002038,74.125.24.0-255,2902,194821,64,214346
34447,0.002041,172.31.40.0-255,66,194887,64,214346
34448,0.002073,74.125.24.0-255,7156,202043,64,214346
34449,0.002075,172.31.40.0-255,66,202109,64,214346
34450,0.002091,172.31.40.0-255,66,202175,64,214346
34451,0.002128,74.125.24.0-255,1484,203659,64,214346
34452,0.002178,172.31.40.0-255,66,203725,64,214346
34453,0.002204,172.31.40.0-255,66,203791,64,214346
34454,0.002215,172.31.40.0-255,66,203857,64,214346
34455,0.002232,172.31.40.0-255,66,203923,64,214346
34456,0.002256,74.125.24.0-255,4748,208671,64,214346
34457,0.002262,172.31.40.0-255,66,208737,64,214346
34458,0.002265,74.125.24.0-255,105,208842,64,214346
34459,0.004529,172.31.40.0-255,66,208908,64,214346
34460,0.004566,172.31.40.0-255,105,209013,64,214346
34461,0.006804,74.125.24.0-255,66,209079,64,214346
34462,0.044823,172.31.40.0-255,167,209246,64,214346
34463,0.044861,172.31.40.0-255,1111,210357,64,214346
34464,0.04492,172.31.40.0-255,1514,211871,64,214346
34465,0.04494,172.31.40.0-255,1514,213385,64,214346
34466,0.044943,172.31.40.0-255,697,214082,64,214346
34467,0.046347,104.244.42.0-255,66,214148,64,214346
34468,0.04636,104.244.42.0-255,66,214214,64,214346
34469,0.04648,104.244.42.0-255,66,214280,64,214346
34470,0.046484,104.244.42.0-255,66,214346,64,214346
34471,0.0,74.125.200.0-255,150,150,64,404973
34472,1.5e-05,172.31.40.0-255,66,216,64,404973
34473,2.2e-05,74.125.200.0-255,1484,1700,64,404973
34474,2.7e-05,172.31.40.0-255,66,1766,64,404973
34475,3.3e-05,74.125.200.0-255,2902,4668,64,404973
34476,3.7e-05,172.31.40.0-255,66,4734,64,404973
34477,6e-05,74.125.200.0-255,4320,9054,64,404973
34478,6.3e-05,172.31.40.0-255,66,9120,64,404973
34479,6.6e-05,74.125.200.0-255,1484,10604,64,404973
34480,6.9e-05,172.31.40.0-255,66,10670,64,404973
34481,8.5e-05,74.125.200.0-255,3456,14126,64,404973
34482,8.8e-05,172.31.40.0-255,66,14192,64,404973
34483,0.000492,74.125.200.0-255,1484,15676,64,404973
34484,0.000498,172.31.40.0-255,66,15742,64,404973
34485,0.000507,74.125.200.0-255,2902,18644,64,404973
34486,0.000509,172.31.40.0-255,66,18710,64,404973
34487,0.000515,74.125.200.0-255,4320,23030,64,404973
34488,0.000518,172.31.40.0-255,66,23096,64,404973
34489,0.000543,74.125.200.0-255,1484,24580,64,404973
34490,0.000545,172.31.40.0-255,66,24646,64,404973
34491,0.000575,172.31.40.0-255,66,24712,64,404973
34492,0.000607,74.125.200.0-255,7156,31868,64,404973
34493,0.000611,172.31.40.0-255,66,31934,64,404973
34494,0.000625,74.125.200.0-255,2902,34836,64,404973
34495,0.000628,172.31.40.0-255,66,34902,64,404973
34496,0.000632,74.125.200.0-255,1484,36386,64,404973
34497,0.000634,172.31.40.0-255,66,36452,64,404973
34498,0.000638,74.125.200.0-255,2902,39354,64,404973
34499,0.00064,172.31.40.0-255,66,39420,64,404973
34500,0.000657,74.125.200.0-255,1484,40904,64,404973
34501,0.00066,172.31.40.0-255,66,40970,64,404973
34502,0.000684,74.125.200.0-255,4320,45290,64,404973
34503,0.000688,172.31.40.0-255,66,45356,64,404973
34504,0.000694,74.125.200.0-255,5738,51094,64,404973
34505,0.000696,172.31.40.0-255,66,51160,64,404973
34506,0.000723,74.125.200.0-255,6438,57598,64,404973
34507,0.000727,172.31.40.0-255,66,57664,64,404973
34508,0.000902,74.125.200.0-255,400,58064,64,404973
34509,0.001011,74.125.200.0-255,1484,59548,64,404973
34510,0.001016,172.31.40.0-255,66,59614,64,404973
34511,0.001039,74.125.200.0-255,2902,62516,64,404973
34512,0.001041,172.31.40.0-255,66,62582,64,404973
34513,0.001048,74.125.200.0-255,5738,68320,64,404973
34514,0.001051,172.31.40.0-255,66,68386,64,404973
34515,0.001078,74.125.200.0-255,4320,72706,64,404973
34516,0.001081,172.31.40.0-255,66,72772,64,404973
34517,0.001107,74.125.200.0-255,7156,79928,64,404973
34518,0.00111,172.31.40.0-255,66,79994,64,404973
34519,0.001128,74.125.200.0-255,5738,85732,64,404973
34520,0.001132,172.31.40.0-255,66,85798,64,404973
34521,0.001156,74.125.200.0-255,6438,92236,64,404973
34522,0.001159,172.31.40.0-255,66,92302,64,404973
34523,0.001195,74.125.200.0-255,5738,98040,64,404973
34524,0.001198,172.31.40.0-255,66,98106,64,404973
34525,0.001219,74.125.200.0-255,5738,103844,64,404973
34526,0.001222,172.31.40.0-255,66,103910,64,404973
34527,0.001241,74.125.200.0-255,1484,105394,64,404973
34528,0.001256,74.125.200.0-255,3658,109052,64,404973
34529,0.001259,172.31.40.0-255,66,109118,64,404973
34530,0.00165,74.125.200.0-255,1484,110602,64,404973
34531,0.001659,74.125.200.0-255,2902,113504,64,404973
34532,0.001664,172.31.40.0-255,66,113570,64,404973
34533,0.00169,74.125.200.0-255,5738,119308,64,404973
34534,0.001693,172.31.40.0-255,66,119374,64,404973
34535,0.0017,74.125.200.0-255,5738,125112,64,404973
34536,0.001703,172.31.40.0-255,66,125178,64,404973
34537,0.001726,74.125.200.0-255,2902,128080,64,404973
34538,0.001728,172.31.40.0-255,66,128146,64,404973
34539,0.00175,74.125.200.0-255,4320,132466,64,404973
34540,0.001753,172.31.40.0-255,66,132532,64,404973
34541,0.001785,74.125.200.0-255,2902,135434,64,404973
34542,0.001787,172.31.40.0-255,66,135500,64,404973
34543,0.00181,172.31.40.0-255,66,135566,64,404973
34544,0.00206,74.125.200.0-255,1484,137050,64,404973
34545,0.002073,74.125.200.0-255,2902,139952,64,404973
34546,0.002076,172.31.40.0-255,66,140018,64,404973
34547,0.002103,74.125.200.0-255,5738,145756,64,404973
34548,0.002106,172.31.40.0-255,66,145822,64,404973
34549,0.002124,74.125.200.0-255,2902,148724,64,404973
34550,0.002127,172.31.40.0-255,66,148790,64,404973
34551,0.002134,74.125.200.0-255,1484,150274,64,404973
34552,0.002152,74.125.200.0-255,2902,153176,64,404973
34553,0.002154,172.31.40.0-255,66,153242,64,404973
34554,0.002157,74.125.200.0-255,1484,154726,64,404973
34555,0.002177,74.125.200.0-255,5738,160464,64,404973
34556,0.00218,172.31.40.0-255,66,160530,64,404973
34557,0.002224,74.125.200.0-255,4320,164850,64,404973
34558,0.002227,172.31.40.0-255,66,164916,64,404973
34559,0.002232,74.125.200.0-255,2902,167818,64,404973
34560,0.002233,172.31.40.0-255,66,167884,64,404973
34561,0.002249,74.125.200.0-255,2184,170068,64,404973
34562,0.002251,172.31.40.0-255,66,170134,64,404973
34563,0.004493,74.125.200.0-255,2902,173036,64,404973
34564,0.004499,172.31.40.0-255,66,173102,64,404973
34565,0.004521,74.125.200.0-255,2902,176004,64,404973
34566,0.004524,172.31.40.0-255,66,176070,64,404973
34567,0.006756,74.125.200.0-255,2902,178972,64,404973
34568,0.006763,172.31.40.0-255,66,179038,64,404973
34569,0.006785,74.125.200.0-255,2902,181940,64,404973
34570,0.006787,172.31.40.0-255,66,182006,64,404973
34571,0.009034,74.125.200.0-255,2902,184908,64,404973
34572,0.009042,172.31.40.0-255,66,184974,64,404973
34573,0.009063,74.125.200.0-255,2902,187876,64,404973
34574,0.009065,172.31.40.0-255,66,187942,64,404973
34575,0.011307,74.125.200.0-255,2902,190844,64,404973
34576,0.011317,172.31.40.0-255,66,190910,64,404973
34577,0.011337,74.125.200.0-255,2902,193812,64,404973
34578,0.011339,172.31.40.0-255,66,193878,64,404973
34579,0.013602,74.125.200.0-255,5738,199616,64,404973
34580,0.013612,172.31.40.0-255,66,199682,64,404973
34581,0.015918,74.125.200.0-255,5738,205420,64,404973
34582,0.015925,172.31.40.0-255,66,205486,64,404973
34583,0.018197,74.125.200.0-255,5738,211224,64,404973
34584,0.018205,172.31.40.0-255,66,211290,64,404973
34585,0.020482,74.125.200.0-255,5738,217028,64,404973
34586,0.02049,172.31.40.0-255,66,217094,64,404973
34587,0.022772,74.125.200.0-255,5738,222832,64,404973
34588,0.022778,172.31.40.0-255,66,222898,64,404973
34589,0.023612,172.31.40.0-255,167,223065,64,404973
34590,0.023644,172.31.40.0-255,1112,224177,64,404973
34591,0.023702,172.31.40.0-255,1514,225691,64,404973
34592,0.023705,172.31.40.0-255,1514,227205,64,404973
34593,0.023729,172.31.40.0-255,696,227901,64,404973
34594,0.025059,74.125.200.0-255,5738,233639,64,404973
34595,0.025067,172.31.40.0-255,66,233705,64,404973
34596,0.025155,104.244.42.0-255,66,233771,64,404973
34597,0.025178,104.244.42.0-255,66,233837,64,404973
34598,0.025273,104.244.42.0-255,66,233903,64,404973
34599,0.025279,104.244.42.0-255,66,233969,64,404973
34600,0.027347,74.125.200.0-255,5738,239707,64,404973
34601,0.027353,172.31.40.0-255,66,239773,64,404973
34602,0.029673,74.125.200.0-255,5738,245511,64,404973
34603,0.029692,172.31.40.0-255,66,245577,64,404973
34604,0.031986,74.125.200.0-255,5738,251315,64,404973
34605,0.032003,172.31.40.0-255,66,251381,64,404973
34606,0.034283,74.125.200.0-255,5738,257119,64,404973
34607,0.034296,172.31.40.0-255,66,257185,64,404973
34608,0.036591,74.125.200.0-255,5738,262923,64,404973
34609,0.036608,172.31.40.0-255,66,262989,64,404973
34610,0.038898,74.125.200.0-255,5738,268727,64,404973
34611,0.038918,172.31.40.0-255,66,268793,64,404973
34612,0.041202,74.125.200.0-255,5738,274531,64,404973
34613,0.041218,172.31.40.0-255,66,274597,64,404973
34614,0.043535,74.125.200.0-255,5738,280335,64,404973
34615,0.043558,172.31.40.0-255,66,280401,64,404973
34616,0.045841,74.125.200.0-255,5738,286139,64,404973
34617,0.045857,172.31.40.0-255,66,286205,64,404973
34618,0.048155,74.125.200.0-255,5738,291943,64,404973
34619,0.048171,172.31.40.0-255,66,292009,64,404973
34620,0.050464,74.125.200.0-255,5738,297747,64,404973
34621,0.05048,172.31.40.0-255,66,297813,64,404973
34622,0.05277,74.125.200.0-255,5738,303551,64,404973
34623,0.052788,172.31.40.0-255,66,303617,64,404973
34624,0.055077,74.125.200.0-255,5738,309355,64,404973
34625,0.055097,172.31.40.0-255,66,309421,64,404973
34626,0.057394,74.125.200.0-255,5738,315159,64,404973
34627,0.057411,172.31.40.0-255,66,315225,64,404973
34628,0.059726,74.125.200.0-255,5738,320963,64,404973
34629,0.05974,172.31.40.0-255,66,321029,64,404973
34630,0.062025,74.125.200.0-255,5738,326767,64,404973
34631,0.062042,172.31.40.0-255,66,326833,64,404973
34632,0.064323,74.125.200.0-255,5738,332571,64,404973
34633,0.06434,172.31.40.0-255,66,332637,64,404973
34634,0.066628,74.125.200.0-255,5738,338375,64,404973
34635,0.066645,172.31.40.0-255,66,338441,64,404973
34636,0.068943,74.125.200.0-255,5738,344179,64,404973
34637,0.068959,172.31.40.0-255,66,344245,64,404973
34638,0.071251,74.125.200.0-255,5738,349983,64,404973
34639,0.07127,172.31.40.0-255,66,350049,64,404973
34640,0.073556,74.125.200.0-255,5738,355787,64,404973
34641,0.073572,172.31.40.0-255,66,355853,64,404973
34642,0.075864,74.125.200.0-255,5738,361591,64,404973
34643,0.075879,172.31.40.0-255,66,361657,64,404973
34644,0.078164,74.125.200.0-255,5738,367395,64,404973
34645,0.078181,172.31.40.0-255,66,367461,64,404973
34646,0.080478,74.125.200.0-255,5738,373199,64,404973
34647,0.080494,172.31.40.0-255,66,373265,64,404973
34648,0.082789,74.125.200.0-255,5738,379003,64,404973
34649,0.082807,172.31.40.0-255,66,379069,64,404973
34650,0.085089,74.125.200.0-255,5738,384807,64,404973
34651,0.085103,172.31.40.0-255,66,384873,64,404973
34652,0.08739,74.125.200.0-255,5738,390611,64,404973
34653,0.087397,172.31.40.0-255,66,390677,64,404973
34654,0.089681,74.125.200.0-255,5738,396415,64,404973
34655,0.089688,172.31.40.0-255,66,396481,64,404973
34656,0.09197,74.125.200.0-255,5738,402219,64,404973
34657,0.091978,172.31.40.0-255,66,402285,64,404973
34658,0.094266,74.125.200.0-255,2451,404736,64,404973
34659,0.094271,172.31.40.0-255,66,404802,64,404973
34660,0.094407,172.31.40.0-255,105,404907,64,404973
34661,0.096643,74.125.200.0-255,66,404973,64,404973
34662,0.0,172.217.194.0-255,152,152,64,343067
34663,2.2e-05,172.31.40.0-255,66,218,64,343067
34664,3e-05,172.217.194.0-255,1484,1702,64,343067
34665,3.4e-05,172.31.40.0-255,66,1768,64,343067
34666,4e-05,172.217.194.0-255,2902,4670,64,343067
34667,5.1e-05,172.31.40.0-255,66,4736,64,343067
34668,5.6e-05,172.217.194.0-255,2902,7638,64,343067
34669,5.9e-05,172.31.40.0-255,66,7704,64,343067
34670,9.9e-05,172.217.194.0-255,6258,13962,64,343067
34671,0.000102,172.31.40.0-255,66,14028,64,343067
34672,0.000388,172.217.194.0-255,1484,15512,64,343067
34673,0.000394,172.31.40.0-255,66,15578,64,343067
34674,0.000401,172.217.194.0-255,2902,18480,64,343067
34675,0.000404,172.31.40.0-255,66,18546,64,343067
34676,0.000408,172.217.194.0-255,2902,21448,64,343067
34677,0.000416,172.31.40.0-255,66,21514,64,343067
34678,0.000434,172.217.194.0-255,2902,24416,64,343067
34679,0.000437,172.31.40.0-255,66,24482,64,343067
34680,0.000449,172.217.194.0-255,6797,31279,64,343067
34681,0.000452,172.31.40.0-255,66,31345,64,343067
34682,0.000497,172.31.40.0-255,66,31411,64,343067
34683,0.000502,172.217.194.0-255,2543,33954,64,343067
34684,0.000505,172.31.40.0-255,66,34020,64,343067
34685,0.000539,172.217.194.0-255,1484,35504,64,343067
34686,0.000542,172.31.40.0-255,66,35570,64,343067
34687,0.000547,172.217.194.0-255,2902,38472,64,343067
34688,0.000554,172.31.40.0-255,66,38538,64,343067
34689,0.00056,172.217.194.0-255,4320,42858,64,343067
34690,0.000562,172.31.40.0-255,66,42924,64,343067
34691,0.000591,172.217.194.0-255,1484,44408,64,343067
34692,0.000594,172.31.40.0-255,66,44474,64,343067
34693,0.000606,172.217.194.0-255,6797,51271,64,343067
34694,0.000633,172.31.40.0-255,66,51337,64,343067
34695,0.00097,172.217.194.0-255,646,51983,64,343067
34696,0.001074,172.217.194.0-255,1484,53467,64,343067
34697,0.001078,172.31.40.0-255,66,53533,64,343067
34698,0.001085,172.217.194.0-255,2902,56435,64,343067
34699,0.001087,172.31.40.0-255,66,56501,64,343067
34700,0.001092,172.217.194.0-255,2902,59403,64,343067
34701,0.001094,172.31.40.0-255,66,59469,64,343067
34702,0.001124,172.217.194.0-255,2902,62371,64,343067
34703,0.001127,172.31.40.0-255,66,62437,64,343067
34704,0.001134,172.217.194.0-255,6248,68685,64,343067
34705,0.001136,172.31.40.0-255,66,68751,64,343067
34706,0.001311,172.217.194.0-255,1484,70235,64,343067
34707,0.001316,172.217.194.0-255,1484,71719,64,343067
34708,0.001319,172.31.40.0-255,66,71785,64,343067
34709,0.001346,172.217.194.0-255,1484,73269,64,343067
34710,0.001353,172.217.194.0-255,5738,79007,64,343067
34711,0.001356,172.31.40.0-255,66,79073,64,343067
34712,0.001372,172.217.194.0-255,5738,84811,64,343067
34713,0.001374,172.31.40.0-255,66,84877,64,343067
34714,0.00141,172.217.194.0-255,7156,92033,64,343067
34715,0.001413,172.31.40.0-255,66,92099,64,343067
34716,0.001426,172.217.194.0-255,2184,94283,64,343067
34717,0.001431,172.31.40.0-255,66,94349,64,343067
34718,0.002059,172.217.194.0-255,1484,95833,64,343067
34719,0.00207,172.217.194.0-255,2902,98735,64,343067
34720,0.002074,172.31.40.0-255,66,98801,64,343067
34721,0.00208,172.217.194.0-255,1484,100285,64,343067
34722,0.002109,172.217.194.0-255,1484,101769,64,343067
34723,0.002111,172.31.40.0-255,66,101835,64,343067
34724,0.00212,172.217.194.0-255,7156,108991,64,343067
34725,0.002122,172.31.40.0-255,66,109057,64,343067
34726,0.002128,172.217.194.0-255,5738,114795,64,343067
34727,0.00213,172.31.40.0-255,66,114861,64,343067
34728,0.002174,172.31.40.0-255,66,114927,64,343067
34729,0.002179,172.217.194.0-255,3602,118529,64,343067
34730,0.002181,172.31.40.0-255,66,118595,64,343067
34731,0.004684,172.217.194.0-255,4320,122915,64,343067
34732,0.00469,172.31.40.0-255,66,122981,64,343067
34733,0.004711,172.217.194.0-255,1484,124465,64,343067
34734,0.007358,172.217.194.0-255,4320,128785,64,343067
34735,0.007363,172.31.40.0-255,66,128851,64,343067
34736,0.009896,172.217.194.0-255,5738,134589,64,343067
34737,0.009905,172.31.40.0-255,66,134655,64,343067
34738,0.012439,172.217.194.0-255,5738,140393,64,343067
34739,0.012447,172.31.40.0-255,66,140459,64,343067
34740,0.015017,172.217.194.0-255,5738,146197,64,343067
34741,0.015027,172.31.40.0-255,66,146263,64,343067
34742,0.017592,172.217.194.0-255,5738,152001,64,343067
34743,0.017601,172.31.40.0-255,66,152067,64,343067
34744,0.020123,172.217.194.0-255,5738,157805,64,343067
34745,0.02013,172.31.40.0-255,66,157871,64,343067
34746,0.022637,172.217.194.0-255,5738,163609,64,343067
34747,0.022644,172.31.40.0-255,66,163675,64,343067
34748,0.025161,172.217.194.0-255,5738,169413,64,343067
34749,0.02517,172.31.40.0-255,66,169479,64,343067
34750,0.027678,172.217.194.0-255,5738,175217,64,343067
34751,0.027684,172.31.40.0-255,66,175283,64,343067
34752,0.028527,172.31.40.0-255,172,175455,64,343067
34753,0.028558,172.31.40.0-255,1112,176567,64,343067
34754,0.028616,172.31.40.0-255,1514,178081,64,343067
34755,0.028618,172.31.40.0-255,1514,179595,64,343067
34756,0.028619,172.31.40.0-255,696,180291,64,343067
34757,0.030082,104.244.42.0-255,66,180357,64,343067
34758,0.030136,104.244.42.0-255,66,180423,64,343067
34759,0.030194,104.244.42.0-255,66,180489,64,343067
34760,0.0302,104.244.42.0-255,66,180555,64,343067
34761,0.030206,172.217.194.0-255,5738,186293,64,343067
34762,0.030211,172.31.40.0-255,66,186359,64,343067
34763,0.032767,172.217.194.0-255,5738,192097,64,343067
34764,0.032772,172.31.40.0-255,66,192163,64,343067
34765,0.035271,172.217.194.0-255,5738,197901,64,343067
34766,0.035276,172.31.40.0-255,66,197967,64,343067
34767,0.037836,172.217.194.0-255,5738,203705,64,343067
34768,0.037843,172.31.40.0-255,66,203771,64,343067
34769,0.040383,172.217.194.0-255,5738,209509,64,343067
34770,0.040389,172.31.40.0-255,66,209575,64,343067
34771,0.042936,172.217.194.0-255,5738,215313,64,343067
34772,0.042944,172.31.40.0-255,66,215379,64,343067
34773,0.04551,172.217.194.0-255,5738,221117,64,343067
34774,0.045516,172.31.40.0-255,66,221183,64,343067
34775,0.048035,172.217.194.0-255,5738,226921,64,343067
34776,0.048053,172.31.40.0-255,66,226987,64,343067
34777,0.050603,172.217.194.0-255,5738,232725,64,343067
34778,0.050617,172.31.40.0-255,66,232791,64,343067
34779,0.053184,172.217.194.0-255,5738,238529,64,343067
34780,0.053203,172.31.40.0-255,66,238595,64,343067
34781,0.055771,172.217.194.0-255,5738,244333,64,343067
34782,0.05579,172.31.40.0-255,66,244399,64,343067
34783,0.05832,172.217.194.0-255,5738,250137,64,343067
34784,0.058327,172.31.40.0-255,66,250203,64,343067
34785,0.060898,172.217.194.0-255,5738,255941,64,343067
34786,0.060915,172.31.40.0-255,66,256007,64,343067
34787,0.063465,172.217.194.0-255,5738,261745,64,343067
34788,0.063482,172.31.40.0-255,66,261811,64,343067
34789,0.066023,172.217.194.0-255,5738,267549,64,343067
34790,0.06604,172.31.40.0-255,66,267615,64,343067
34791,0.068603,172.217.194.0-255,5738,273353,64,343067
34792,0.06862,172.31.40.0-255,66,273419,64,343067
34793,0.071176,172.217.194.0-255,5738,279157,64,343067
34794,0.071193,172.31.40.0-255,66,279223,64,343067
34795,0.073752,172.217.194.0-255,5738,284961,64,343067
34796,0.073773,172.31.40.0-255,66,285027,64,343067
34797,0.076336,172.217.194.0-255,5738,290765,64,343067
34798,0.076354,172.31.40.0-255,66,290831,64,343067
34799,0.078909,172.217.194.0-255,5738,296569,64,343067
34800,0.078926,172.31.40.0-255,66,296635,64,343067
34801,0.081526,172.217.194.0-255,5738,302373,64,343067
34802,0.081544,172.31.40.0-255,66,302439,64,343067
34803,0.08411,172.217.194.0-255,5738,308177,64,343067
34804,0.084128,172.31.40.0-255,66,308243,64,343067
34805,0.086652,172.217.194.0-255,5738,313981,64,343067
34806,0.08667,172.31.40.0-255,66,314047,64,343067
34807,0.089228,172.217.194.0-255,5738,319785,64,343067
34808,0.089246,172.31.40.0-255,66,319851,64,343067
34809,0.091774,172.217.194.0-255,5738,325589,64,343067
34810,0.091781,172.31.40.0-255,66,325655,64,343067
34811,0.094342,172.217.194.0-255,5738,331393,64,343067
34812,0.09436,172.31.40.0-255,66,331459,64,343067
34813,0.096905,172.217.194.0-255,5738,337197,64,343067
34814,0.096922,172.31.40.0-255,66,337263,64,343067
34815,0.099457,172.217.194.0-255,5738,343001,64,343067
34816,0.099473,172.31.40.0-255,66,343067,64,343067
34817,0.0,172.217.194.0-255,290,290,64,262447
34818,2.1e-05,172.31.40.0-255,66,356,64,262447
34819,2.6e-05,172.217.194.0-255,1484,1840,64,262447
34820,3e-05,172.31.40.0-255,66,1906,64,262447
34821,3.7e-05,172.217.194.0-255,4320,6226,64,262447
34822,4e-05,172.31.40.0-255,66,6292,64,262447
34823,4.6e-05,172.217.194.0-255,5738,12030,64,262447
34824,4.8e-05,172.31.40.0-255,66,12096,64,262447
34825,5.9e-05,172.31.40.0-255,66,12162,64,262447
34826,9.1e-05,172.217.194.0-255,3249,15411,64,262447
34827,9.3e-05,172.31.40.0-255,66,15477,64,262447
34828,0.0001,172.217.194.0-255,6797,22274,64,262447
34829,0.000103,172.31.40.0-255,66,22340,64,262447
34830,0.000171,172.217.194.0-255,1484,23824,64,262447
34831,0.000174,172.31.40.0-255,66,23890,64,262447
34832,0.000178,172.217.194.0-255,2902,26792,64,262447
34833,0.000181,172.31.40.0-255,66,26858,64,262447
34834,0.000186,172.217.194.0-255,4320,31178,64,262447
34835,0.000187,172.31.40.0-255,66,31244,64,262447
34836,0.000205,172.217.194.0-255,1484,32728,64,262447
34837,0.000207,172.31.40.0-255,66,32794,64,262447
34838,0.000247,172.31.40.0-255,66,32860,64,262447
34839,0.000257,172.31.40.0-255,66,32926,64,262447
34840,0.000275,172.217.194.0-255,364,33290,64,262447
34841,0.000277,172.31.40.0-255,66,33356,64,262447
34842,0.000339,172.217.194.0-255,1484,34840,64,262447
34843,0.000342,172.31.40.0-255,66,34906,64,262447
34844,0.000346,172.217.194.0-255,2902,37808,64,262447
34845,0.000349,172.31.40.0-255,66,37874,64,262447
34846,0.000358,172.217.194.0-255,1484,39358,64,262447
34847,0.000374,172.217.194.0-255,4320,43678,64,262447
34848,0.00039,172.217.194.0-255,4320,47998,64,262447
34849,0.000406,172.217.194.0-255,2543,50541,64,262447
34850,0.000426,172.217.194.0-255,1484,52025,64,262447
34851,0.000428,172.217.194.0-255,1484,53509,64,262447
34852,0.000439,172.217.194.0-255,1484,54993,64,262447
34853,0.000444,172.217.194.0-255,4320,59313,64,262447
34854,0.00046,172.217.194.0-255,1484,60797,64,262447
34855,0.000474,172.217.194.0-255,4320,65117,64,262447
34856,0.000525,172.217.194.0-255,7156,72273,64,262447
34857,0.000539,172.217.194.0-255,2543,74816,64,262447
34858,0.00057,172.31.40.0-255,66,74882,64,262447
34859,0.00066,172.217.194.0-255,1484,76366,64,262447
34860,0.000665,172.217.194.0-255,2902,79268,64,262447
34861,0.000678,172.31.40.0-255,66,79334,64,262447
34862,0.000701,172.217.194.0-255,5738,85072,64,262447
34863,0.000707,172.217.194.0-255,4320,89392,64,262447
34864,0.00072,172.31.40.0-255,66,89458,64,262447
34865,0.00074,172.217.194.0-255,4320,93778,64,262447
34866,0.000761,172.217.194.0-255,6438,100216,64,262447
34867,0.000769,172.31.40.0-255,66,100282,64,262447
34868,0.000775,172.217.194.0-255,5738,106020,64,262447
34869,0.00078,172.31.40.0-255,66,106086,64,262447
34870,0.000795,172.217.194.0-255,5738,111824,64,262447
34871,0.000801,172.217.194.0-255,5379,117203,64,262447
34872,0.000819,172.31.40.0-255,66,117269,64,262447
34873,0.000836,172.217.194.0-255,1484,118753,64,262447
34874,0.000852,172.217.194.0-255,1484,120237,64,262447
34875,0.000861,172.31.40.0-255,66,120303,64,262447
34876,0.000868,172.217.194.0-255,1484,121787,64,262447
34877,0.000872,172.217.194.0-255,2902,124689,64,262447
34878,0.000877,172.31.40.0-255,66,124755,64,262447
34879,0.000884,172.217.194.0-255,2902,127657,64,262447
34880,0.000901,172.217.194.0-255,5738,133395,64,262447
34881,0.000915,172.217.194.0-255,5738,139133,64,262447
34882,0.000919,172.31.40.0-255,66,139199,64,262447
34883,0.000975,172.31.40.0-255,66,139265,64,262447
34884,0.001006,172.217.194.0-255,1484,140749,64,262447
34885,0.00101,172.217.194.0-255,1484,142233,64,262447
34886,0.001021,172.217.194.0-255,1484,143717,64,262447
34887,0.001027,172.217.194.0-255,4320,148037,64,262447
34888,0.001036,172.31.40.0-255,66,148103,64,262447
34889,0.001055,172.217.194.0-255,1484,149587,64,262447
34890,0.001074,172.217.194.0-255,6797,156384,64,262447
34891,0.001087,172.217.194.0-255,1484,157868,64,262447
34892,0.001106,172.217.194.0-255,1484,159352,64,262447
34893,0.001111,172.217.194.0-255,4320,163672,64,262447
34894,0.001115,172.217.194.0-255,4320,167992,64,262447
34895,0.00113,172.217.194.0-255,4320,172312,64,262447
34896,0.00115,172.217.194.0-255,5738,178050,64,262447
34897,0.001152,172.31.40.0-255,66,178116,64,262447
34898,0.001157,172.31.40.0-255,66,178182,64,262447
34899,0.00119,172.31.40.0-255,66,178248,64,262447
34900,0.00133,172.217.194.0-255,1484,179732,64,262447
34901,0.001336,172.217.194.0-255,1484,181216,64,262447
34902,0.001347,172.217.194.0-255,1484,182700,64,262447
34903,0.00136,172.31.40.0-255,66,182766,64,262447
34904,0.001365,172.217.194.0-255,5738,188504,64,262447
34905,0.00137,172.31.40.0-255,66,188570,64,262447
34906,0.001405,172.217.194.0-255,7156,195726,64,262447
34907,0.001414,172.31.40.0-255,66,195792,64,262447
34908,0.001425,172.217.194.0-255,3602,199394,64,262447
34909,0.001442,172.31.40.0-255,66,199460,64,262447
34910,0.001649,172.217.194.0-255,1484,200944,64,262447
34911,0.001654,172.217.194.0-255,1484,202428,64,262447
34912,0.00166,172.31.40.0-255,66,202494,64,262447
34913,0.001668,172.217.194.0-255,1484,203978,64,262447
34914,0.001673,172.217.194.0-255,4320,208298,64,262447
34915,0.001682,172.217.194.0-255,1484,209782,64,262447
34916,0.001712,172.31.40.0-255,66,209848,64,262447
34917,0.001752,172.217.194.0-255,766,210614,64,262447
34918,0.001763,172.31.40.0-255,66,210680,64,262447
34919,0.001775,172.217.194.0-255,1484,212164,64,262447
34920,0.001788,172.217.194.0-255,4320,216484,64,262447
34921,0.001793,172.31.40.0-255,66,216550,64,262447
34922,0.001827,172.31.40.0-255,66,216616,64,262447
34923,0.00183,172.217.194.0-255,1484,218100,64,262447
34924,0.001832,172.217.194.0-255,1484,219584,64,262447
34925,0.00185,172.217.194.0-255,2902,222486,64,262447
34926,0.001853,172.31.40.0-255,66,222552,64,262447
34927,0.00187,172.217.194.0-255,3602,226154,64,262447
34928,0.001876,172.31.40.0-255,66,226220,64,262447
34929,0.001893,172.217.194.0-255,4320,230540,64,262447
34930,0.001908,172.31.40.0-255,66,230606,64,262447
34931,0.001915,172.217.194.0-255,7156,237762,64,262447
34932,0.001919,172.31.40.0-255,66,237828,64,262447
34933,0.001927,172.217.194.0-255,1484,239312,64,262447
34934,0.001931,172.217.194.0-255,2902,242214,64,262447
34935,0.001942,172.31.40.0-255,66,242280,64,262447
34936,0.001963,172.31.40.0-255,66,242346,64,262447
34937,0.001969,172.217.194.0-255,5738,248084,64,262447
34938,0.001983,172.217.194.0-255,766,248850,64,262447
34939,0.00199,172.217.194.0-255,7156,256006,64,262447
34940,0.001997,172.31.40.0-255,66,256072,64,262447
34941,0.002044,172.31.40.0-255,66,256138,64,262447
34942,0.00205,172.217.194.0-255,1484,257622,64,262447
34943,0.002053,172.217.194.0-255,123,257745,64,262447
34944,0.002057,172.31.40.0-255,66,257811,64,262447
34945,0.002088,172.217.194.0-255,105,257916,64,262447
34946,0.004048,172.31.40.0-255,66,257982,64,262447
34947,0.004085,172.31.40.0-255,105,258087,64,262447
34948,0.006306,172.217.194.0-255,66,258153,64,262447
34949,0.047306,172.31.40.0-255,172,258325,64,262447
34950,0.04734,172.31.40.0-255,1112,259437,64,262447
34951,0.047396,172.31.40.0-255,1514,260951,64,262447
34952,0.047398,172.31.40.0-255,1298,262249,64,262447
34953,0.04884,104.244.42.0-255,66,262315,64,262447
34954,0.04888,104.244.42.0-255,66,262381,64,262447
34955,0.048908,104.244.42.0-255,66,262447,64,262447
34956,0.0,172.217.194.0-255,146,146,64,245638
34957,2.3e-05,172.31.40.0-255,66,212,64,245638
34958,3e-05,172.217.194.0-255,1484,1696,64,245638
34959,3.4e-05,172.31.40.0-255,66,1762,64,245638
34960,4e-05,172.217.194.0-255,2902,4664,64,245638
34961,4.4e-05,172.31.40.0-255,66,4730,64,245638
34962,5e-05,172.217.194.0-255,4320,9050,64,245638
34963,5.3e-05,172.31.40.0-255,66,9116,64,245638
34964,5.9e-05,172.217.194.0-255,4901,14017,64,245638
34965,6.2e-05,172.31.40.0-255,66,14083,64,245638
34966,0.000112,172.217.194.0-255,1484,15567,64,245638
34967,0.000114,172.31.40.0-255,66,15633,64,245638
34968,0.00012,172.217.194.0-255,2902,18535,64,245638
34969,0.000122,172.31.40.0-255,66,18601,64,245638
34970,0.000151,172.217.194.0-255,4320,22921,64,245638
34971,0.000154,172.31.40.0-255,66,22987,64,245638
34972,0.000161,172.217.194.0-255,5738,28725,64,245638
34973,0.000163,172.31.40.0-255,66,28791,64,245638
34974,0.000189,172.217.194.0-255,2543,31334,64,245638
34975,0.000191,172.31.40.0-255,66,31400,64,245638
34976,0.000269,172.217.194.0-255,1484,32884,64,245638
34977,0.000273,172.31.40.0-255,66,32950,64,245638
34978,0.000279,172.217.194.0-255,2902,35852,64,245638
34979,0.000281,172.31.40.0-255,66,35918,64,245638
34980,0.000288,172.217.194.0-255,5738,41656,64,245638
34981,0.00029,172.31.40.0-255,66,41722,64,245638
34982,0.000295,172.217.194.0-255,2902,44624,64,245638
34983,0.000297,172.31.40.0-255,66,44690,64,245638
34984,0.000321,172.217.194.0-255,2902,47592,64,245638
34985,0.000324,172.31.40.0-255,66,47658,64,245638
34986,0.000341,172.31.40.0-255,66,47724,64,245638
34987,0.000385,172.217.194.0-255,3961,51685,64,245638
34988,0.000388,172.31.40.0-255,66,51751,64,245638
34989,0.000391,172.217.194.0-255,395,52146,64,245638
34990,0.000438,172.217.194.0-255,379,52525,64,245638
34991,0.00063,172.217.194.0-255,1484,54009,64,245638
34992,0.000635,172.31.40.0-255,66,54075,64,245638
34993,0.000641,172.217.194.0-255,2902,56977,64,245638
34994,0.000644,172.31.40.0-255,66,57043,64,245638
34995,0.000664,172.217.194.0-255,5738,62781,64,245638
34996,0.000667,172.31.40.0-255,66,62847,64,245638
34997,0.000732,172.31.40.0-255,66,62913,64,245638
34998,0.000749,172.217.194.0-255,1484,64397,64,245638
34999,0.00076,172.31.40.0-255,66,64463,64,245638
35000,0.000765,172.217.194.0-255,2184,66647,64,245638
35001,0.000767,172.31.40.0-255,66,66713,64,245638
35002,0.001187,172.217.194.0-255,1484,68197,64,245638
35003,0.001194,172.217.194.0-255,2902,71099,64,245638
35004,0.001197,172.31.40.0-255,66,71165,64,245638
35005,0.001205,172.217.194.0-255,5738,76903,64,245638
35006,0.001207,172.31.40.0-255,66,76969,64,245638
35007,0.00121,172.217.194.0-255,1484,78453,64,245638
35008,0.00123,172.217.194.0-255,5738,84191,64,245638
35009,0.001233,172.31.40.0-255,66,84257,64,245638
35010,0.001276,172.31.40.0-255,66,84323,64,245638
35011,0.001291,172.217.194.0-255,1484,85807,64,245638
35012,0.00132,172.217.194.0-255,2184,87991,64,245638
35013,0.001323,172.31.40.0-255,66,88057,64,245638
35014,0.001654,172.217.194.0-255,1484,89541,64,245638
35015,0.001662,172.217.194.0-255,2902,92443,64,245638
35016,0.001665,172.31.40.0-255,66,92509,64,245638
35017,0.00167,172.217.194.0-255,2902,95411,64,245638
35018,0.001672,172.31.40.0-255,66,95477,64,245638
35019,0.001685,172.217.194.0-255,1484,96961,64,245638
35020,0.001705,172.217.194.0-255,5738,102699,64,245638
35021,0.001707,172.31.40.0-255,66,102765,64,245638
35022,0.001711,172.217.194.0-255,1484,104249,64,245638
35023,0.001744,172.31.40.0-255,66,104315,64,245638
35024,0.001781,172.217.194.0-255,3602,107917,64,245638
35025,0.001784,172.31.40.0-255,66,107983,64,245638
35026,0.001894,172.217.194.0-255,1484,109467,64,245638
35027,0.0019,172.217.194.0-255,2902,112369,64,245638
35028,0.001902,172.31.40.0-255,66,112435,64,245638
35029,0.001937,172.217.194.0-255,4320,116755,64,245638
35030,0.001941,172.31.40.0-255,66,116821,64,245638
35031,0.001947,172.217.194.0-255,5738,122559,64,245638
35032,0.001949,172.31.40.0-255,66,122625,64,245638
35033,0.001987,172.31.40.0-255,66,122691,64,245638
35034,0.002005,172.217.194.0-255,1484,124175,64,245638
35035,0.002024,172.217.194.0-255,6438,130613,64,245638
35036,0.002027,172.31.40.0-255,66,130679,64,245638
35037,0.002059,172.217.194.0-255,7156,137835,64,245638
35038,0.002062,172.31.40.0-255,66,137901,64,245638
35039,0.002081,172.217.194.0-255,4320,142221,64,245638
35040,0.002084,172.31.40.0-255,66,142287,64,245638
35041,0.002108,172.217.194.0-255,7156,149443,64,245638
35042,0.002111,172.31.40.0-255,66,149509,64,245638
35043,0.002129,172.217.194.0-255,5738,155247,64,245638
35044,0.002132,172.31.40.0-255,66,155313,64,245638
35045,0.002169,172.217.194.0-255,5738,161051,64,245638
35046,0.002172,172.31.40.0-255,66,161117,64,245638
35047,0.002192,172.217.194.0-255,3602,164719,64,245638
35048,0.002195,172.31.40.0-255,66,164785,64,245638
35049,0.002281,172.217.194.0-255,1484,166269,64,245638
35050,0.002298,172.217.194.0-255,2902,169171,64,245638
35051,0.002301,172.31.40.0-255,66,169237,64,245638
35052,0.002309,172.217.194.0-255,5738,174975,64,245638
35053,0.002311,172.31.40.0-255,66,175041,64,245638
35054,0.002341,172.217.194.0-255,5738,180779,64,245638
35055,0.002344,172.31.40.0-255,66,180845,64,245638
35056,0.002366,172.217.194.0-255,7156,188001,64,245638
35057,0.00237,172.31.40.0-255,66,188067,64,245638
35058,0.002386,172.217.194.0-255,1484,189551,64,245638
35059,0.002412,172.31.40.0-255,66,189617,64,245638
35060,0.002451,172.217.194.0-255,1484,191101,64,245638
35061,0.002454,172.217.194.0-255,1484,192585,64,245638
35062,0.002456,172.31.40.0-255,66,192651,64,245638
35063,0.002475,172.217.194.0-255,1484,194135,64,245638
35064,0.002481,172.217.194.0-255,5738,199873,64,245638
35065,0.002484,172.31.40.0-255,66,199939,64,245638
35066,0.002487,172.217.194.0-255,1484,201423,64,245638
35067,0.002509,172.217.194.0-255,4320,205743,64,245638
35068,0.002511,172.31.40.0-255,66,205809,64,245638
35069,0.002522,172.31.40.0-255,66,205875,64,245638
35070,0.002548,172.217.194.0-255,4320,210195,64,245638
35071,0.002551,172.31.40.0-255,66,210261,64,245638
35072,0.002602,172.31.40.0-255,66,210327,64,245638
35073,0.002616,172.217.194.0-255,766,211093,64,245638
35074,0.002628,172.217.194.0-255,2902,213995,64,245638
35075,0.002631,172.31.40.0-255,66,214061,64,245638
35076,0.002665,172.31.40.0-255,66,214127,64,245638
35077,0.002684,172.217.194.0-255,5738,219865,64,245638
35078,0.002686,172.31.40.0-255,66,219931,64,245638
35079,0.002706,172.217.194.0-255,3602,223533,64,245638
35080,0.002708,172.31.40.0-255,66,223599,64,245638
35081,0.002754,172.217.194.0-255,5738,229337,64,245638
35082,0.002757,172.31.40.0-255,66,229403,64,245638
35083,0.002773,172.217.194.0-255,2902,232305,64,245638
35084,0.002776,172.31.40.0-255,66,232371,64,245638
35085,0.002817,172.31.40.0-255,66,232437,64,245638
35086,0.002848,172.31.40.0-255,66,232503,64,245638
35087,0.002919,172.217.194.0-255,4320,236823,64,245638
35088,0.002922,172.31.40.0-255,66,236889,64,245638
35089,0.002964,172.31.40.0-255,66,236955,64,245638
35090,0.003048,172.217.194.0-255,1484,238439,64,245638
35091,0.003052,172.217.194.0-255,1484,239923,64,245638
35092,0.003055,172.31.40.0-255,66,239989,64,245638
35093,0.012943,172.217.194.0-255,1106,241095,64,245638
35094,0.012958,172.31.40.0-255,78,241173,64,245638
35095,0.015504,172.31.40.0-255,105,241278,64,245638
35096,0.017799,172.217.194.0-255,66,241344,64,245638
35097,0.04417,172.31.40.0-255,172,241516,64,245638
35098,0.044202,172.31.40.0-255,1112,242628,64,245638
35099,0.044264,172.31.40.0-255,1514,244142,64,245638
35100,0.044265,172.31.40.0-255,1298,245440,64,245638
35101,0.045687,104.244.42.0-255,66,245506,64,245638
35102,0.045722,104.244.42.0-255,66,245572,64,245638
35103,0.045814,104.244.42.0-255,66,245638,64,245638
35104,0.0,74.125.24.0-255,290,290,64,192510
35105,2.2e-05,172.31.40.0-255,66,356,64,192510
35106,2.8e-05,74.125.24.0-255,1484,1840,64,192510
35107,3.3e-05,172.31.40.0-255,66,1906,64,192510
35108,4e-05,74.125.24.0-255,4320,6226,64,192510
35109,4.3e-05,172.31.40.0-255,66,6292,64,192510
35110,5.6e-05,172.31.40.0-255,66,6358,64,192510
35111,6.2e-05,74.125.24.0-255,5738,12096,64,192510
35112,6.6e-05,172.31.40.0-255,66,12162,64,192510
35113,0.0001,172.31.40.0-255,66,12228,64,192510
35114,0.000131,74.125.24.0-255,1484,13712,64,192510
35115,0.000134,172.31.40.0-255,66,13778,64,192510
35116,0.000138,74.125.24.0-255,2902,16680,64,192510
35117,0.000141,172.31.40.0-255,66,16746,64,192510
35118,0.000167,74.125.24.0-255,5738,22484,64,192510
35119,0.000171,172.31.40.0-255,66,22550,64,192510
35120,0.000174,74.125.24.0-255,1484,24034,64,192510
35121,0.000176,172.31.40.0-255,66,24100,64,192510
35122,0.000205,172.31.40.0-255,66,24166,64,192510
35123,0.000217,172.31.40.0-255,66,24232,64,192510
35124,0.000261,74.125.24.0-255,133,24365,64,192510
35125,0.000264,172.31.40.0-255,66,24431,64,192510
35126,0.000267,74.125.24.0-255,343,24774,64,192510
35127,0.000269,172.31.40.0-255,66,24840,64,192510
35128,0.000483,74.125.24.0-255,1484,26324,64,192510
35129,0.000489,172.31.40.0-255,66,26390,64,192510
35130,0.000495,74.125.24.0-255,2902,29292,64,192510
35131,0.000498,172.31.40.0-255,66,29358,64,192510
35132,0.000504,74.125.24.0-255,5738,35096,64,192510
35133,0.00051,74.125.24.0-255,4320,39416,64,192510
35134,0.000528,74.125.24.0-255,4320,43736,64,192510
35135,0.000539,172.31.40.0-255,66,43802,64,192510
35136,0.000555,74.125.24.0-255,7156,50958,64,192510
35137,0.000561,74.125.24.0-255,4320,55278,64,192510
35138,0.000578,74.125.24.0-255,3602,58880,64,192510
35139,0.000586,172.31.40.0-255,66,58946,64,192510
35140,0.000937,74.125.24.0-255,1484,60430,64,192510
35141,0.000942,74.125.24.0-255,2902,63332,64,192510
35142,0.000948,172.31.40.0-255,66,63398,64,192510
35143,0.00096,74.125.24.0-255,5738,69136,64,192510
35144,0.00099,74.125.24.0-255,1484,70620,64,192510
35145,0.001012,74.125.24.0-255,4320,74940,64,192510
35146,0.001019,74.125.24.0-255,7156,82096,64,192510
35147,0.001037,172.31.40.0-255,66,82162,64,192510
35148,0.001291,74.125.24.0-255,1484,83646,64,192510
35149,0.001298,74.125.24.0-255,2902,86548,64,192510
35150,0.001301,172.31.40.0-255,66,86614,64,192510
35151,0.001306,74.125.24.0-255,2902,89516,64,192510
35152,0.001327,74.125.24.0-255,2902,92418,64,192510
35153,0.001333,74.125.24.0-255,7156,99574,64,192510
35154,0.001338,74.125.24.0-255,4320,103894,64,192510
35155,0.001362,172.31.40.0-255,66,103960,64,192510
35156,0.001376,74.125.24.0-255,2184,106144,64,192510
35157,0.001388,74.125.24.0-255,2902,109046,64,192510
35158,0.001393,172.31.40.0-255,66,109112,64,192510
35159,0.001407,74.125.24.0-255,7156,116268,64,192510
35160,0.001456,172.31.40.0-255,66,116334,64,192510
35161,0.001488,172.31.40.0-255,66,116400,64,192510
35162,0.001498,74.125.24.0-255,2184,118584,64,192510
35163,0.001518,172.31.40.0-255,66,118650,64,192510
35164,0.001533,74.125.24.0-255,2902,121552,64,192510
35165,0.001547,172.31.40.0-255,66,121618,64,192510
35166,0.001579,172.31.40.0-255,66,121684,64,192510
35167,0.001593,74.125.24.0-255,1484,123168,64,192510
35168,0.001598,74.125.24.0-255,2902,126070,64,192510
35169,0.001618,74.125.24.0-255,5738,131808,64,192510
35170,0.001623,74.125.24.0-255,5738,137546,64,192510
35171,0.001626,172.31.40.0-255,66,137612,64,192510
35172,0.001637,172.31.40.0-255,66,137678,64,192510
35173,0.001668,74.125.24.0-255,4320,141998,64,192510
35174,0.001679,172.31.40.0-255,66,142064,64,192510
35175,0.0017,74.125.24.0-255,766,142830,64,192510
35176,0.001722,74.125.24.0-255,1484,144314,64,192510
35177,0.001727,74.125.24.0-255,2902,147216,64,192510
35178,0.00174,74.125.24.0-255,2902,150118,64,192510
35179,0.001745,172.31.40.0-255,66,150184,64,192510
35180,0.001753,74.125.24.0-255,2902,153086,64,192510
35181,0.001758,172.31.40.0-255,66,153152,64,192510
35182,0.001793,74.125.24.0-255,4320,157472,64,192510
35183,0.001847,172.31.40.0-255,66,157538,64,192510
35184,0.001906,172.31.40.0-255,66,157604,64,192510
35185,0.001942,74.125.24.0-255,5738,163342,64,192510
35186,0.001949,74.125.24.0-255,4320,167662,64,192510
35187,0.001956,172.31.40.0-255,66,167728,64,192510
35188,0.001967,74.125.24.0-255,2902,170630,64,192510
35189,0.00197,74.125.24.0-255,1484,172114,64,192510
35190,0.002,74.125.24.0-255,6438,178552,64,192510
35191,0.00201,172.31.40.0-255,66,178618,64,192510
35192,0.002046,74.125.24.0-255,1484,180102,64,192510
35193,0.002056,172.31.40.0-255,66,180168,64,192510
35194,0.002107,172.31.40.0-255,66,180234,64,192510
35195,0.002112,172.31.40.0-255,66,180300,64,192510
35196,0.002127,74.125.24.0-255,3602,183902,64,192510
35197,0.002149,74.125.24.0-255,5002,188904,64,192510
35198,0.002151,74.125.24.0-255,105,189009,64,192510
35199,0.002154,172.31.40.0-255,66,189075,64,192510
35200,0.002169,172.31.40.0-255,66,189141,64,192510
35201,0.014844,172.31.40.0-255,105,189246,64,192510
35202,0.017145,74.125.24.0-255,66,189312,64,192510
35203,0.044866,172.31.40.0-255,171,189483,64,192510
35204,0.044901,172.31.40.0-255,1132,190615,64,192510
35205,0.044964,172.31.40.0-255,1514,192129,64,192510
35206,0.044966,172.31.40.0-255,315,192444,64,192510
35207,0.04706,104.244.42.0-255,66,192510,64,192510
35208,0.0,172.217.194.0-255,153,153,64,241952
35209,1.4e-05,172.31.40.0-255,66,219,64,241952
35210,2.1e-05,172.217.194.0-255,1484,1703,64,241952
35211,2.5e-05,172.31.40.0-255,66,1769,64,241952
35212,3.1e-05,172.217.194.0-255,2902,4671,64,241952
35213,3.5e-05,172.31.40.0-255,66,4737,64,241952
35214,3.8e-05,172.217.194.0-255,1484,6221,64,241952
35215,4.1e-05,172.31.40.0-255,66,6287,64,241952
35216,6.4e-05,172.217.194.0-255,5738,12025,64,241952
35217,6.7e-05,172.31.40.0-255,66,12091,64,241952
35218,8.5e-05,172.217.194.0-255,7156,19247,64,241952
35219,8.8e-05,172.31.40.0-255,66,19313,64,241952
35220,0.00012,172.31.40.0-255,66,19379,64,241952
35221,0.000124,172.217.194.0-255,2543,21922,64,241952
35222,0.000126,172.31.40.0-255,66,21988,64,241952
35223,0.00017,172.217.194.0-255,2902,24890,64,241952
35224,0.000173,172.31.40.0-255,66,24956,64,241952
35225,0.000193,172.217.194.0-255,4320,29276,64,241952
35226,0.000196,172.31.40.0-255,66,29342,64,241952
35227,0.000222,172.31.40.0-255,66,29408,64,241952
35228,0.000225,172.217.194.0-255,1484,30892,64,241952
35229,0.000227,172.31.40.0-255,66,30958,64,241952
35230,0.00026,172.31.40.0-255,66,31024,64,241952
35231,0.000288,172.217.194.0-255,5633,36657,64,241952
35232,0.00029,172.31.40.0-255,66,36723,64,241952
35233,0.000322,172.217.194.0-255,118,36841,64,241952
35234,0.000326,172.31.40.0-255,66,36907,64,241952
35235,0.000623,172.217.194.0-255,1484,38391,64,241952
35236,0.000629,172.31.40.0-255,66,38457,64,241952
35237,0.000635,172.217.194.0-255,2902,41359,64,241952
35238,0.000638,172.31.40.0-255,66,41425,64,241952
35239,0.000645,172.217.194.0-255,5738,47163,64,241952
35240,0.000647,172.31.40.0-255,66,47229,64,241952
35241,0.000696,172.31.40.0-255,66,47295,64,241952
35242,0.000706,172.31.40.0-255,66,47361,64,241952
35243,0.00072,172.217.194.0-255,1125,48486,64,241952
35244,0.000779,172.217.194.0-255,1484,49970,64,241952
35245,0.000782,172.31.40.0-255,66,50036,64,241952
35246,0.000786,172.217.194.0-255,1484,51520,64,241952
35247,0.000819,172.217.194.0-255,1484,53004,64,241952
35248,0.000826,172.217.194.0-255,5738,58742,64,241952
35249,0.000839,172.31.40.0-255,66,58808,64,241952
35250,0.000848,172.31.40.0-255,66,58874,64,241952
35251,0.00085,172.31.40.0-255,66,58940,64,241952
35252,0.000855,172.217.194.0-255,2902,61842,64,241952
35253,0.000857,172.31.40.0-255,66,61908,64,241952
35254,0.00087,172.31.40.0-255,66,61974,64,241952
35255,0.000872,172.217.194.0-255,500,62474,64,241952
35256,0.000992,172.217.194.0-255,1484,63958,64,241952
35257,0.000997,172.31.40.0-255,66,64024,64,241952
35258,0.001002,172.217.194.0-255,2902,66926,64,241952
35259,0.001004,172.31.40.0-255,66,66992,64,241952
35260,0.001064,172.217.194.0-255,5738,72730,64,241952
35261,0.00109,172.31.40.0-255,66,72796,64,241952
35262,0.001098,172.31.40.0-255,66,72862,64,241952
35263,0.001101,172.31.40.0-255,66,72928,64,241952
35264,0.001464,172.217.194.0-255,1484,74412,64,241952
35265,0.001479,172.217.194.0-255,2902,77314,64,241952
35266,0.001483,172.31.40.0-255,66,77380,64,241952
35267,0.001488,172.217.194.0-255,2902,80282,64,241952
35268,0.00149,172.31.40.0-255,66,80348,64,241952
35269,0.001505,172.217.194.0-255,2902,83250,64,241952
35270,0.001507,172.31.40.0-255,66,83316,64,241952
35271,0.001511,172.217.194.0-255,2902,86218,64,241952
35272,0.001513,172.31.40.0-255,66,86284,64,241952
35273,0.001542,172.31.40.0-255,66,86350,64,241952
35274,0.001569,172.31.40.0-255,66,86416,64,241952
35275,0.001592,172.217.194.0-255,2184,88600,64,241952
35276,0.001595,172.31.40.0-255,66,88666,64,241952
35277,0.001624,172.217.194.0-255,1484,90150,64,241952
35278,0.001627,172.217.194.0-255,1484,91634,64,241952
35279,0.001629,172.31.40.0-255,66,91700,64,241952
35280,0.001647,172.217.194.0-255,1484,93184,64,241952
35281,0.001651,172.217.194.0-255,1484,94668,64,241952
35282,0.001653,172.31.40.0-255,66,94734,64,241952
35283,0.001672,172.217.194.0-255,4320,99054,64,241952
35284,0.001681,172.217.194.0-255,7156,106210,64,241952
35285,0.001695,172.217.194.0-255,2902,109112,64,241952
35286,0.001713,172.217.194.0-255,7156,116268,64,241952
35287,0.001715,172.31.40.0-255,66,116334,64,241952
35288,0.001721,172.31.40.0-255,66,116400,64,241952
35289,0.001737,172.217.194.0-255,6438,122838,64,241952
35290,0.001753,172.31.40.0-255,66,122904,64,241952
35291,0.001853,172.217.194.0-255,1484,124388,64,241952
35292,0.001859,172.217.194.0-255,2902,127290,64,241952
35293,0.001862,172.31.40.0-255,66,127356,64,241952
35294,0.001889,172.217.194.0-255,5738,133094,64,241952
35295,0.001895,172.217.194.0-255,4320,137414,64,241952
35296,0.001903,172.31.40.0-255,66,137480,64,241952
35297,0.001936,172.31.40.0-255,66,137546,64,241952
35298,0.001948,172.217.194.0-255,766,138312,64,241952
35299,0.001986,172.217.194.0-255,1484,139796,64,241952
35300,0.002,172.217.194.0-255,4320,144116,64,241952
35301,0.002007,172.31.40.0-255,66,144182,64,241952
35302,0.002022,172.217.194.0-255,7156,151338,64,241952
35303,0.002025,172.217.194.0-255,1484,152822,64,241952
35304,0.002041,172.217.194.0-255,7156,159978,64,241952
35305,0.002056,172.31.40.0-255,66,160044,64,241952
35306,0.002063,172.217.194.0-255,1484,161528,64,241952
35307,0.002103,172.31.40.0-255,66,161594,64,241952
35308,0.002115,172.217.194.0-255,1484,163078,64,241952
35309,0.002129,172.217.194.0-255,2902,165980,64,241952
35310,0.002132,172.217.194.0-255,1484,167464,64,241952
35311,0.002138,172.31.40.0-255,66,167530,64,241952
35312,0.002152,172.217.194.0-255,4320,171850,64,241952
35313,0.002166,172.217.194.0-255,2902,174752,64,241952
35314,0.002173,172.31.40.0-255,66,174818,64,241952
35315,0.002223,172.217.194.0-255,2902,177720,64,241952
35316,0.002263,172.31.40.0-255,66,177786,64,241952
35317,0.002278,172.217.194.0-255,5738,183524,64,241952
35318,0.0023,172.217.194.0-255,5738,189262,64,241952
35319,0.002313,172.31.40.0-255,66,189328,64,241952
35320,0.002342,172.217.194.0-255,4320,193648,64,241952
35321,0.002348,172.217.194.0-255,5738,199386,64,241952
35322,0.002363,172.217.194.0-255,2902,202288,64,241952
35323,0.002373,172.217.194.0-255,766,203054,64,241952
35324,0.002384,172.31.40.0-255,66,203120,64,241952
35325,0.002449,172.217.194.0-255,1484,204604,64,241952
35326,0.002469,172.217.194.0-255,2902,207506,64,241952
35327,0.002477,172.31.40.0-255,66,207572,64,241952
35328,0.002487,172.217.194.0-255,4320,211892,64,241952
35329,0.002492,172.31.40.0-255,66,211958,64,241952
35330,0.002501,172.217.194.0-255,2902,214860,64,241952
35331,0.002523,172.217.194.0-255,5738,220598,64,241952
35332,0.002526,172.217.194.0-255,1484,222082,64,241952
35333,0.002528,172.217.194.0-255,1484,223566,64,241952
35334,0.002537,172.31.40.0-255,66,223632,64,241952
35335,0.00255,172.217.194.0-255,1484,225116,64,241952
35336,0.002566,172.217.194.0-255,4320,229436,64,241952
35337,0.002579,172.31.40.0-255,66,229502,64,241952
35338,0.002596,172.217.194.0-255,1484,230986,64,241952
35339,0.0026,172.217.194.0-255,2902,233888,64,241952
35340,0.002619,172.217.194.0-255,3262,237150,64,241952
35341,0.002628,172.31.40.0-255,66,237216,64,241952
35342,0.002647,172.217.194.0-255,105,237321,64,241952
35343,0.015475,172.31.40.0-255,101,237422,64,241952
35344,0.017728,172.217.194.0-255,66,237488,64,241952
35345,0.020042,172.31.40.0-255,105,237593,64,241952
35346,0.022291,172.217.194.0-255,66,237659,64,241952
35347,0.046005,172.31.40.0-255,172,237831,64,241952
35348,0.046039,172.31.40.0-255,1112,238943,64,241952
35349,0.0461,172.31.40.0-255,1514,240457,64,241952
35350,0.046102,172.31.40.0-255,1297,241754,64,241952
35351,0.047568,104.244.42.0-255,66,241820,64,241952
35352,0.04758,104.244.42.0-255,66,241886,64,241952
35353,0.047671,104.244.42.0-255,66,241952,64,241952
35354,0.0,172.217.194.0-255,153,153,64,210721
35355,2.2e-05,172.31.40.0-255,66,219,64,210721
35356,2.9e-05,172.217.194.0-255,1484,1703,64,210721
35357,3.5e-05,172.31.40.0-255,66,1769,64,210721
35358,4e-05,172.217.194.0-255,2902,4671,64,210721
35359,4.4e-05,172.31.40.0-255,66,4737,64,210721
35360,4.9e-05,172.217.194.0-255,4320,9057,64,210721
35361,5.3e-05,172.31.40.0-255,66,9123,64,210721
35362,8.3e-05,172.217.194.0-255,4784,13907,64,210721
35363,8.7e-05,172.31.40.0-255,66,13973,64,210721
35364,0.000124,172.217.194.0-255,1484,15457,64,210721
35365,0.000127,172.31.40.0-255,66,15523,64,210721
35366,0.00013,172.217.194.0-255,1484,17007,64,210721
35367,0.000133,172.31.40.0-255,66,17073,64,210721
35368,0.000147,172.217.194.0-255,1484,18557,64,210721
35369,0.00015,172.31.40.0-255,66,18623,64,210721
35370,0.000157,172.217.194.0-255,5738,24361,64,210721
35371,0.000159,172.31.40.0-255,66,24427,64,210721
35372,0.00018,172.217.194.0-255,4320,28747,64,210721
35373,0.000183,172.31.40.0-255,66,28813,64,210721
35374,0.000198,172.217.194.0-255,5738,34551,64,210721
35375,0.000203,172.31.40.0-255,66,34617,64,210721
35376,0.000222,172.217.194.0-255,6797,41414,64,210721
35377,0.000225,172.31.40.0-255,66,41480,64,210721
35378,0.000239,172.31.40.0-255,66,41546,64,210721
35379,0.000299,172.31.40.0-255,66,41612,64,210721
35380,0.000302,172.217.194.0-255,364,41976,64,210721
35381,0.000304,172.31.40.0-255,66,42042,64,210721
35382,0.000372,172.217.194.0-255,1484,43526,64,210721
35383,0.000376,172.31.40.0-255,66,43592,64,210721
35384,0.000381,172.217.194.0-255,2902,46494,64,210721
35385,0.000383,172.31.40.0-255,66,46560,64,210721
35386,0.00039,172.217.194.0-255,5738,52298,64,210721
35387,0.000393,172.31.40.0-255,66,52364,64,210721
35388,0.000422,172.217.194.0-255,7156,59520,64,210721
35389,0.000425,172.31.40.0-255,66,59586,64,210721
35390,0.000444,172.217.194.0-255,5738,65324,64,210721
35391,0.000447,172.31.40.0-255,66,65390,64,210721
35392,0.00047,172.217.194.0-255,2902,68292,64,210721
35393,0.000473,172.31.40.0-255,66,68358,64,210721
35394,0.000497,172.31.40.0-255,66,68424,64,210721
35395,0.000522,172.217.194.0-255,4320,72744,64,210721
35396,0.000525,172.31.40.0-255,66,72810,64,210721
35397,0.00053,172.217.194.0-255,2902,75712,64,210721
35398,0.000532,172.31.40.0-255,66,75778,64,210721
35399,0.000546,172.217.194.0-255,2902,78680,64,210721
35400,0.000549,172.31.40.0-255,66,78746,64,210721
35401,0.000597,172.31.40.0-255,66,78812,64,210721
35402,0.000618,172.217.194.0-255,7156,85968,64,210721
35403,0.000621,172.31.40.0-255,66,86034,64,210721
35404,0.000627,172.217.194.0-255,5020,91054,64,210721
35405,0.000629,172.31.40.0-255,66,91120,64,210721
35406,0.000676,172.217.194.0-255,1484,92604,64,210721
35407,0.000696,172.217.194.0-255,2902,95506,64,210721
35408,0.000699,172.31.40.0-255,66,95572,64,210721
35409,0.000705,172.217.194.0-255,5738,101310,64,210721
35410,0.000708,172.31.40.0-255,66,101376,64,210721
35411,0.000738,172.31.40.0-255,66,101442,64,210721
35412,0.000741,172.217.194.0-255,1484,102926,64,210721
35413,0.000781,172.217.194.0-255,5738,108664,64,210721
35414,0.000784,172.31.40.0-255,66,108730,64,210721
35415,0.000804,172.217.194.0-255,3602,112332,64,210721
35416,0.000807,172.31.40.0-255,66,112398,64,210721
35417,0.000865,172.217.194.0-255,1484,113882,64,210721
35418,0.000889,172.217.194.0-255,2902,116784,64,210721
35419,0.000898,172.31.40.0-255,66,116850,64,210721
35420,0.000904,172.217.194.0-255,4320,121170,64,210721
35421,0.000907,172.31.40.0-255,66,121236,64,210721
35422,0.000933,172.217.194.0-255,1484,122720,64,210721
35423,0.000949,172.31.40.0-255,66,122786,64,210721
35424,0.000959,172.31.40.0-255,66,122852,64,210721
35425,0.000994,172.217.194.0-255,2902,125754,64,210721
35426,0.000997,172.31.40.0-255,66,125820,64,210721
35427,0.001018,172.31.40.0-255,66,125886,64,210721
35428,0.00103,172.31.40.0-255,66,125952,64,210721
35429,0.001061,172.217.194.0-255,7156,133108,64,210721
35430,0.001064,172.31.40.0-255,66,133174,64,210721
35431,0.00107,172.217.194.0-255,4320,137494,64,210721
35432,0.001072,172.31.40.0-255,66,137560,64,210721
35433,0.001074,172.217.194.0-255,766,138326,64,210721
35434,0.001144,172.217.194.0-255,1484,139810,64,210721
35435,0.001148,172.31.40.0-255,66,139876,64,210721
35436,0.001153,172.217.194.0-255,2902,142778,64,210721
35437,0.001155,172.31.40.0-255,66,142844,64,210721
35438,0.001209,172.217.194.0-255,5738,148582,64,210721
35439,0.001212,172.31.40.0-255,66,148648,64,210721
35440,0.001224,172.217.194.0-255,7156,155804,64,210721
35441,0.001226,172.31.40.0-255,66,155870,64,210721
35442,0.001241,172.31.40.0-255,66,155936,64,210721
35443,0.001245,172.217.194.0-255,2184,158120,64,210721
35444,0.001247,172.31.40.0-255,66,158186,64,210721
35445,0.001275,172.217.194.0-255,2902,161088,64,210721
35446,0.001279,172.31.40.0-255,66,161154,64,210721
35447,0.001283,172.217.194.0-255,2902,164056,64,210721
35448,0.001285,172.31.40.0-255,66,164122,64,210721
35449,0.001298,172.217.194.0-255,4320,168442,64,210721
35450,0.001301,172.31.40.0-255,66,168508,64,210721
35451,0.001319,172.217.194.0-255,2902,171410,64,210721
35452,0.001321,172.31.40.0-255,66,171476,64,210721
35453,0.001363,172.217.194.0-255,5020,176496,64,210721
35454,0.001383,172.31.40.0-255,66,176562,64,210721
35455,0.001386,172.31.40.0-255,66,176628,64,210721
35456,0.001437,172.31.40.0-255,66,176694,64,210721
35457,0.001445,172.31.40.0-255,66,176760,64,210721
35458,0.001458,172.217.194.0-255,1484,178244,64,210721
35459,0.00147,172.217.194.0-255,2902,181146,64,210721
35460,0.001473,172.31.40.0-255,66,181212,64,210721
35461,0.001497,172.217.194.0-255,5738,186950,64,210721
35462,0.0015,172.31.40.0-255,66,187016,64,210721
35463,0.001503,172.217.194.0-255,1484,188500,64,210721
35464,0.001508,172.217.194.0-255,4320,192820,64,210721
35465,0.00151,172.31.40.0-255,66,192886,64,210721
35466,0.001525,172.217.194.0-255,4320,197206,64,210721
35467,0.001529,172.31.40.0-255,66,197272,64,210721
35468,0.001579,172.31.40.0-255,66,197338,64,210721
35469,0.001582,172.217.194.0-255,1484,198822,64,210721
35470,0.00161,172.31.40.0-255,66,198888,64,210721
35471,0.001622,172.31.40.0-255,66,198954,64,210721
35472,0.001646,172.217.194.0-255,2902,201856,64,210721
35473,0.001649,172.31.40.0-255,66,201922,64,210721
35474,0.001653,172.217.194.0-255,2902,204824,64,210721
35475,0.001656,172.31.40.0-255,66,204890,64,210721
35476,0.001685,172.31.40.0-255,66,204956,64,210721
35477,0.001688,172.217.194.0-255,97,205053,64,210721
35478,0.00172,172.217.194.0-255,105,205158,64,210721
35479,0.004491,172.31.40.0-255,66,205224,64,210721
35480,0.004528,172.31.40.0-255,105,205329,64,210721
35481,0.006751,172.217.194.0-255,66,205395,64,210721
35482,0.050458,172.31.40.0-255,224,205619,64,210721
35483,0.050488,172.31.40.0-255,1111,206730,64,210721
35484,0.050553,172.31.40.0-255,1514,208244,64,210721
35485,0.050555,172.31.40.0-255,1514,209758,64,210721
35486,0.050556,172.31.40.0-255,699,210457,64,210721
35487,0.051966,104.244.42.0-255,66,210523,64,210721
35488,0.051977,104.244.42.0-255,66,210589,64,210721
35489,0.052063,104.244.42.0-255,66,210655,64,210721
35490,0.052069,104.244.42.0-255,66,210721,64,210721
35491,0.0,74.125.24.0-255,153,153,64,393268
35492,2.5e-05,172.31.40.0-255,66,219,64,393268
35493,3.3e-05,74.125.24.0-255,1484,1703,64,393268
35494,3.8e-05,172.31.40.0-255,66,1769,64,393268
35495,4.3e-05,74.125.24.0-255,2902,4671,64,393268
35496,4.6e-05,172.31.40.0-255,66,4737,64,393268
35497,5.4e-05,74.125.24.0-255,7156,11893,64,393268
35498,5.7e-05,172.31.40.0-255,66,11959,64,393268
35499,9.9e-05,74.125.24.0-255,2037,13996,64,393268
35500,0.000102,172.31.40.0-255,66,14062,64,393268
35501,0.000465,74.125.24.0-255,1484,15546,64,393268
35502,0.00047,172.31.40.0-255,66,15612,64,393268
35503,0.000478,74.125.24.0-255,2902,18514,64,393268
35504,0.000481,172.31.40.0-255,66,18580,64,393268
35505,0.000487,74.125.24.0-255,2902,21482,64,393268
35506,0.000489,172.31.40.0-255,66,21548,64,393268
35507,0.000512,74.125.24.0-255,2902,24450,64,393268
35508,0.000514,172.31.40.0-255,66,24516,64,393268
35509,0.000553,74.125.24.0-255,6797,31313,64,393268
35510,0.000557,172.31.40.0-255,66,31379,64,393268
35511,0.000607,74.125.24.0-255,7156,38535,64,393268
35512,0.00061,172.31.40.0-255,66,38601,64,393268
35513,0.000637,74.125.24.0-255,2902,41503,64,393268
35514,0.000639,172.31.40.0-255,66,41569,64,393268
35515,0.000667,74.125.24.0-255,6797,48366,64,393268
35516,0.00067,172.31.40.0-255,66,48432,64,393268
35517,0.000723,74.125.24.0-255,2902,51334,64,393268
35518,0.000726,172.31.40.0-255,66,51400,64,393268
35519,0.000756,172.31.40.0-255,66,51466,64,393268
35520,0.000825,74.125.24.0-255,5379,56845,64,393268
35521,0.00083,172.31.40.0-255,66,56911,64,393268
35522,0.000851,74.125.24.0-255,398,57309,64,393268
35523,0.000857,74.125.24.0-255,346,57655,64,393268
35524,0.001091,74.125.24.0-255,1484,59139,64,393268
35525,0.001098,172.31.40.0-255,66,59205,64,393268
35526,0.001104,74.125.24.0-255,2902,62107,64,393268
35527,0.001107,172.31.40.0-255,66,62173,64,393268
35528,0.001113,74.125.24.0-255,5738,67911,64,393268
35529,0.001116,172.31.40.0-255,66,67977,64,393268
35530,0.00116,74.125.24.0-255,2902,70879,64,393268
35531,0.001163,172.31.40.0-255,66,70945,64,393268
35532,0.001181,74.125.24.0-255,5738,76683,64,393268
35533,0.001184,172.31.40.0-255,66,76749,64,393268
35534,0.001228,74.125.24.0-255,1484,78233,64,393268
35535,0.001314,74.125.24.0-255,5020,83253,64,393268
35536,0.001381,74.125.24.0-255,1484,84737,64,393268
35537,0.00142,74.125.24.0-255,4320,89057,64,393268
35538,0.001424,74.125.24.0-255,1484,90541,64,393268
35539,0.001431,74.125.24.0-255,7156,97697,64,393268
35540,0.001453,74.125.24.0-255,1484,99181,64,393268
35541,0.001494,74.125.24.0-255,1484,100665,64,393268
35542,0.00153,74.125.24.0-255,1484,102149,64,393268
35543,0.001594,74.125.24.0-255,2902,105051,64,393268
35544,0.001615,74.125.24.0-255,3602,108653,64,393268
35545,0.001709,74.125.24.0-255,1484,110137,64,393268
35546,0.001712,74.125.24.0-255,1484,111621,64,393268
35547,0.001723,74.125.24.0-255,1484,113105,64,393268
35548,0.001726,74.125.24.0-255,1484,114589,64,393268
35549,0.001746,74.125.24.0-255,4320,118909,64,393268
35550,0.001776,74.125.24.0-255,5738,124647,64,393268
35551,0.001793,74.125.24.0-255,7156,131803,64,393268
35552,0.001886,74.125.24.0-255,4320,136123,64,393268
35553,0.001945,74.125.24.0-255,6438,142561,64,393268
35554,0.003768,172.31.40.0-255,66,142627,64,393268
35555,0.005856,74.125.24.0-255,5738,148365,64,393268
35556,0.005863,172.31.40.0-255,66,148431,64,393268
35557,0.007945,74.125.24.0-255,5738,154169,64,393268
35558,0.007953,172.31.40.0-255,66,154235,64,393268
35559,0.010014,74.125.24.0-255,5738,159973,64,393268
35560,0.010022,172.31.40.0-255,66,160039,64,393268
35561,0.012106,74.125.24.0-255,5738,165777,64,393268
35562,0.012117,172.31.40.0-255,66,165843,64,393268
35563,0.014175,74.125.24.0-255,5738,171581,64,393268
35564,0.014183,172.31.40.0-255,66,171647,64,393268
35565,0.01626,74.125.24.0-255,5738,177385,64,393268
35566,0.016268,172.31.40.0-255,66,177451,64,393268
35567,0.018349,74.125.24.0-255,5738,183189,64,393268
35568,0.018356,172.31.40.0-255,66,183255,64,393268
35569,0.020483,74.125.24.0-255,5738,188993,64,393268
35570,0.020491,172.31.40.0-255,66,189059,64,393268
35571,0.02256,74.125.24.0-255,5738,194797,64,393268
35572,0.022568,172.31.40.0-255,66,194863,64,393268
35573,0.023597,172.31.40.0-255,167,195030,64,393268
35574,0.023633,172.31.40.0-255,1112,196142,64,393268
35575,0.02369,172.31.40.0-255,1514,197656,64,393268
35576,0.023691,172.31.40.0-255,1514,199170,64,393268
35577,0.02372,172.31.40.0-255,696,199866,64,393268
35578,0.024636,74.125.24.0-255,5738,205604,64,393268
35579,0.024643,172.31.40.0-255,66,205670,64,393268
35580,0.025122,104.244.42.0-255,66,205736,64,393268
35581,0.025191,104.244.42.0-255,66,205802,64,393268
35582,0.025195,104.244.42.0-255,66,205868,64,393268
35583,0.025213,104.244.42.0-255,66,205934,64,393268
35584,0.026703,74.125.24.0-255,5738,211672,64,393268
35585,0.02671,172.31.40.0-255,66,211738,64,393268
35586,0.028794,74.125.24.0-255,5738,217476,64,393268
35587,0.028801,172.31.40.0-255,66,217542,64,393268
35588,0.030864,74.125.24.0-255,5738,223280,64,393268
35589,0.030874,172.31.40.0-255,66,223346,64,393268
35590,0.032969,74.125.24.0-255,5738,229084,64,393268
35591,0.032975,172.31.40.0-255,66,229150,64,393268
35592,0.035047,74.125.24.0-255,5738,234888,64,393268
35593,0.035065,172.31.40.0-255,66,234954,64,393268
35594,0.037154,74.125.24.0-255,5738,240692,64,393268
35595,0.037168,172.31.40.0-255,66,240758,64,393268
35596,0.039245,74.125.24.0-255,5738,246496,64,393268
35597,0.039258,172.31.40.0-255,66,246562,64,393268
35598,0.041361,74.125.24.0-255,5738,252300,64,393268
35599,0.041376,172.31.40.0-255,66,252366,64,393268
35600,0.043444,74.125.24.0-255,5738,258104,64,393268
35601,0.04346,172.31.40.0-255,66,258170,64,393268
35602,0.045559,74.125.24.0-255,5738,263908,64,393268
35603,0.04557,172.31.40.0-255,66,263974,64,393268
35604,0.047656,74.125.24.0-255,5738,269712,64,393268
35605,0.047672,172.31.40.0-255,66,269778,64,393268
35606,0.049765,74.125.24.0-255,5738,275516,64,393268
35607,0.049781,172.31.40.0-255,66,275582,64,393268
35608,0.051895,74.125.24.0-255,5738,281320,64,393268
35609,0.051912,172.31.40.0-255,66,281386,64,393268
35610,0.053988,74.125.24.0-255,5738,287124,64,393268
35611,0.053994,172.31.40.0-255,66,287190,64,393268
35612,0.056091,74.125.24.0-255,5738,292928,64,393268
35613,0.056107,172.31.40.0-255,66,292994,64,393268
35614,0.058196,74.125.24.0-255,5738,298732,64,393268
35615,0.058209,172.31.40.0-255,66,298798,64,393268
35616,0.060332,74.125.24.0-255,5738,304536,64,393268
35617,0.060351,172.31.40.0-255,66,304602,64,393268
35618,0.062438,74.125.24.0-255,5738,310340,64,393268
35619,0.062454,172.31.40.0-255,66,310406,64,393268
35620,0.064581,74.125.24.0-255,5738,316144,64,393268
35621,0.064597,172.31.40.0-255,66,316210,64,393268
35622,0.066681,74.125.24.0-255,5738,321948,64,393268
35623,0.066698,172.31.40.0-255,66,322014,64,393268
35624,0.068786,74.125.24.0-255,5738,327752,64,393268
35625,0.068803,172.31.40.0-255,66,327818,64,393268
35626,0.07089,74.125.24.0-255,5738,333556,64,393268
35627,0.070905,172.31.40.0-255,66,333622,64,393268
35628,0.072995,74.125.24.0-255,5738,339360,64,393268
35629,0.073011,172.31.40.0-255,66,339426,64,393268
35630,0.075079,74.125.24.0-255,5738,345164,64,393268
35631,0.075089,172.31.40.0-255,66,345230,64,393268
35632,0.07717,74.125.24.0-255,5738,350968,64,393268
35633,0.077184,172.31.40.0-255,66,351034,64,393268
35634,0.079267,74.125.24.0-255,5738,356772,64,393268
35635,0.079274,172.31.40.0-255,66,356838,64,393268
35636,0.081382,74.125.24.0-255,5738,362576,64,393268
35637,0.081397,172.31.40.0-255,66,362642,64,393268
35638,0.083487,74.125.24.0-255,5738,368380,64,393268
35639,0.083504,172.31.40.0-255,66,368446,64,393268
35640,0.08562,74.125.24.0-255,5738,374184,64,393268
35641,0.085634,172.31.40.0-255,66,374250,64,393268
35642,0.08772,74.125.24.0-255,5738,379988,64,393268
35643,0.087735,172.31.40.0-255,66,380054,64,393268
35644,0.089891,74.125.24.0-255,5738,385792,64,393268
35645,0.089907,172.31.40.0-255,66,385858,64,393268
35646,0.092005,74.125.24.0-255,5738,391596,64,393268
35647,0.092017,172.31.40.0-255,66,391662,64,393268
35648,0.094082,74.125.24.0-255,1369,393031,64,393268
35649,0.0943,172.31.40.0-255,66,393097,64,393268
35650,0.09434,172.31.40.0-255,105,393202,64,393268
35651,0.096394,74.125.24.0-255,66,393268,64,393268
35652,0.0,172.217.194.0-255,153,153,64,262740
35653,2.6e-05,172.31.40.0-255,66,219,64,262740
35654,3.4e-05,172.217.194.0-255,1484,1703,64,262740
35655,3.8e-05,172.31.40.0-255,66,1769,64,262740
35656,4.3e-05,172.217.194.0-255,2902,4671,64,262740
35657,4.6e-05,172.31.40.0-255,66,4737,64,262740
35658,5.3e-05,172.217.194.0-255,7156,11893,64,262740
35659,6.4e-05,172.31.40.0-255,66,11959,64,262740
35660,6.8e-05,172.217.194.0-255,2038,13997,64,262740
35661,7.1e-05,172.31.40.0-255,66,14063,64,262740
35662,0.000129,172.217.194.0-255,1484,15547,64,262740
35663,0.000132,172.31.40.0-255,66,15613,64,262740
35664,0.000138,172.217.194.0-255,2902,18515,64,262740
35665,0.00014,172.31.40.0-255,66,18581,64,262740
35666,0.000145,172.217.194.0-255,4320,22901,64,262740
35667,0.000153,172.31.40.0-255,66,22967,64,262740
35668,0.00019,172.217.194.0-255,1484,24451,64,262740
35669,0.000193,172.31.40.0-255,66,24517,64,262740
35670,0.0002,172.217.194.0-255,6797,31314,64,262740
35671,0.000203,172.31.40.0-255,66,31380,64,262740
35672,0.000401,172.217.194.0-255,1484,32864,64,262740
35673,0.000406,172.31.40.0-255,66,32930,64,262740
35674,0.000412,172.217.194.0-255,2902,35832,64,262740
35675,0.000414,172.31.40.0-255,66,35898,64,262740
35676,0.000419,172.217.194.0-255,4320,40218,64,262740
35677,0.000428,172.31.40.0-255,66,40284,64,262740
35678,0.000472,172.217.194.0-255,5738,46022,64,262740
35679,0.000476,172.31.40.0-255,66,46088,64,262740
35680,0.000507,172.217.194.0-255,3961,50049,64,262740
35681,0.000511,172.31.40.0-255,66,50115,64,262740
35682,0.000521,172.31.40.0-255,66,50181,64,262740
35683,0.000535,172.217.194.0-255,6797,56978,64,262740
35684,0.000538,172.31.40.0-255,66,57044,64,262740
35685,0.000641,172.217.194.0-255,378,57422,64,262740
35686,0.000785,172.31.40.0-255,66,57488,64,262740
35687,0.000796,172.217.194.0-255,365,57853,64,262740
35688,0.000803,172.31.40.0-255,66,57919,64,262740
35689,0.000964,172.217.194.0-255,1484,59403,64,262740
35690,0.000974,172.217.194.0-255,2902,62305,64,262740
35691,0.000978,172.31.40.0-255,66,62371,64,262740
35692,0.000986,172.217.194.0-255,5738,68109,64,262740
35693,0.000989,172.31.40.0-255,66,68175,64,262740
35694,0.000999,172.217.194.0-255,1484,69659,64,262740
35695,0.001031,172.217.194.0-255,7156,76815,64,262740
35696,0.001035,172.31.40.0-255,66,76881,64,262740
35697,0.001068,172.31.40.0-255,66,76947,64,262740
35698,0.001094,172.217.194.0-255,3602,80549,64,262740
35699,0.001097,172.31.40.0-255,66,80615,64,262740
35700,0.0014,172.217.194.0-255,1484,82099,64,262740
35701,0.001406,172.217.194.0-255,2902,85001,64,262740
35702,0.001409,172.31.40.0-255,66,85067,64,262740
35703,0.001413,172.217.194.0-255,1484,86551,64,262740
35704,0.001441,172.217.194.0-255,4320,90871,64,262740
35705,0.001444,172.31.40.0-255,66,90937,64,262740
35706,0.001457,172.31.40.0-255,66,91003,64,262740
35707,0.001477,172.217.194.0-255,1484,92487,64,262740
35708,0.001489,172.31.40.0-255,66,92553,64,262740
35709,0.001523,172.31.40.0-255,66,92619,64,262740
35710,0.001528,172.217.194.0-255,2902,95521,64,262740
35711,0.00153,172.31.40.0-255,66,95587,64,262740
35712,0.001561,172.31.40.0-255,66,95653,64,262740
35713,0.001563,172.217.194.0-255,766,96419,64,262740
35714,0.001612,172.217.194.0-255,1484,97903,64,262740
35715,0.001614,172.31.40.0-255,66,97969,64,262740
35716,0.001618,172.217.194.0-255,2902,100871,64,262740
35717,0.00162,172.31.40.0-255,66,100937,64,262740
35718,0.001646,172.217.194.0-255,5738,106675,64,262740
35719,0.001648,172.31.40.0-255,66,106741,64,262740
35720,0.001653,172.217.194.0-255,4320,111061,64,262740
35721,0.001655,172.31.40.0-255,66,111127,64,262740
35722,0.001694,172.31.40.0-255,66,111193,64,262740
35723,0.001697,172.217.194.0-255,1484,112677,64,262740
35724,0.001715,172.217.194.0-255,1484,114161,64,262740
35725,0.001717,172.31.40.0-255,66,114227,64,262740
35726,0.001744,172.31.40.0-255,66,114293,64,262740
35727,0.00188,172.217.194.0-255,1484,115777,64,262740
35728,0.001884,172.217.194.0-255,1484,117261,64,262740
35729,0.001886,172.31.40.0-255,66,117327,64,262740
35730,0.001918,172.217.194.0-255,1484,118811,64,262740
35731,0.001923,172.217.194.0-255,5738,124549,64,262740
35732,0.001925,172.31.40.0-255,66,124615,64,262740
35733,0.001964,172.217.194.0-255,4320,128935,64,262740
35734,0.001966,172.31.40.0-255,66,129001,64,262740
35735,0.001986,172.31.40.0-255,66,129067,64,262740
35736,0.001996,172.31.40.0-255,66,129133,64,262740
35737,0.002018,172.217.194.0-255,1484,130617,64,262740
35738,0.002022,172.217.194.0-255,2902,133519,64,262740
35739,0.002023,172.31.40.0-255,66,133585,64,262740
35740,0.002028,172.217.194.0-255,4320,137905,64,262740
35741,0.00203,172.31.40.0-255,66,137971,64,262740
35742,0.002061,172.217.194.0-255,1484,139455,64,262740
35743,0.002076,172.31.40.0-255,66,139521,64,262740
35744,0.002086,172.31.40.0-255,66,139587,64,262740
35745,0.002127,172.217.194.0-255,1484,141071,64,262740
35746,0.002145,172.217.194.0-255,2902,143973,64,262740
35747,0.002147,172.31.40.0-255,66,144039,64,262740
35748,0.00215,172.217.194.0-255,1484,145523,64,262740
35749,0.002174,172.217.194.0-255,4320,149843,64,262740
35750,0.002176,172.31.40.0-255,66,149909,64,262740
35751,0.002184,172.31.40.0-255,66,149975,64,262740
35752,0.002224,172.217.194.0-255,4320,154295,64,262740
35753,0.002226,172.31.40.0-255,66,154361,64,262740
35754,0.002249,172.31.40.0-255,66,154427,64,262740
35755,0.002275,172.31.40.0-255,66,154493,64,262740
35756,0.002293,172.217.194.0-255,5738,160231,64,262740
35757,0.002294,172.31.40.0-255,66,160297,64,262740
35758,0.004511,172.217.194.0-255,5738,166035,64,262740
35759,0.004515,172.31.40.0-255,66,166101,64,262740
35760,0.006748,172.217.194.0-255,5738,171839,64,262740
35761,0.006754,172.31.40.0-255,66,171905,64,262740
35762,0.008992,172.217.194.0-255,5738,177643,64,262740
35763,0.008997,172.31.40.0-255,66,177709,64,262740
35764,0.011201,172.217.194.0-255,5738,183447,64,262740
35765,0.011207,172.31.40.0-255,66,183513,64,262740
35766,0.013442,172.217.194.0-255,5738,189251,64,262740
35767,0.01345,172.31.40.0-255,66,189317,64,262740
35768,0.01567,172.217.194.0-255,5738,195055,64,262740
35769,0.015681,172.31.40.0-255,66,195121,64,262740
35770,0.017886,172.217.194.0-255,5738,200859,64,262740
35771,0.017893,172.31.40.0-255,66,200925,64,262740
35772,0.020125,172.217.194.0-255,5738,206663,64,262740
35773,0.020133,172.31.40.0-255,66,206729,64,262740
35774,0.022373,172.217.194.0-255,5738,212467,64,262740
35775,0.02238,172.31.40.0-255,66,212533,64,262740
35776,0.024625,172.217.194.0-255,5738,218271,64,262740
35777,0.024633,172.31.40.0-255,66,218337,64,262740
35778,0.026857,172.217.194.0-255,5738,224075,64,262740
35779,0.026862,172.31.40.0-255,66,224141,64,262740
35780,0.027619,172.31.40.0-255,171,224312,64,262740
35781,0.027658,172.31.40.0-255,1136,225448,64,262740
35782,0.02773,172.31.40.0-255,1514,226962,64,262740
35783,0.027732,172.31.40.0-255,1514,228476,64,262740
35784,0.027736,172.31.40.0-255,1514,229990,64,262740
35785,0.027737,172.31.40.0-255,1053,231043,64,262740
35786,0.029082,172.217.194.0-255,5738,236781,64,262740
35787,0.029088,172.31.40.0-255,66,236847,64,262740
35788,0.029174,104.244.42.0-255,66,236913,64,262740
35789,0.02918,104.244.42.0-255,66,236979,64,262740
35790,0.029282,104.244.42.0-255,66,237045,64,262740
35791,0.029287,104.244.42.0-255,66,237111,64,262740
35792,0.031285,172.217.194.0-255,4320,241431,64,262740
35793,0.031291,172.31.40.0-255,66,241497,64,262740
35794,0.031327,172.217.194.0-255,1484,242981,64,262740
35795,0.033487,172.217.194.0-255,4320,247301,64,262740
35796,0.033491,172.31.40.0-255,66,247367,64,262740
35797,0.035757,172.217.194.0-255,4320,251687,64,262740
35798,0.035762,172.31.40.0-255,66,251753,64,262740
35799,0.03579,172.217.194.0-255,1484,253237,64,262740
35800,0.037984,172.217.194.0-255,4320,257557,64,262740
35801,0.037989,172.31.40.0-255,66,257623,64,262740
35802,0.040214,172.217.194.0-255,2902,260525,64,262740
35803,0.040218,172.31.40.0-255,66,260591,64,262740
35804,0.040252,172.217.194.0-255,1912,262503,64,262740
35805,0.040255,172.31.40.0-255,66,262569,64,262740
35806,0.040375,172.31.40.0-255,105,262674,64,262740
35807,0.042581,172.217.194.0-255,66,262740,64,262740
35808,0.0,74.125.24.0-255,150,150,64,232517
35809,2.3e-05,172.31.40.0-255,66,216,64,232517
35810,3e-05,74.125.24.0-255,1484,1700,64,232517
35811,3.5e-05,172.31.40.0-255,66,1766,64,232517
35812,4e-05,74.125.24.0-255,2902,4668,64,232517
35813,4.3e-05,172.31.40.0-255,66,4734,64,232517
35814,5.1e-05,74.125.24.0-255,7156,11890,64,232517
35815,5.6e-05,172.31.40.0-255,66,11956,64,232517
35816,6e-05,74.125.24.0-255,2152,14108,64,232517
35817,6.2e-05,172.31.40.0-255,66,14174,64,232517
35818,8.8e-05,74.125.24.0-255,2902,17076,64,232517
35819,9.1e-05,172.31.40.0-255,66,17142,64,232517
35820,9.8e-05,74.125.24.0-255,7156,24298,64,232517
35821,0.000101,172.31.40.0-255,66,24364,64,232517
35822,0.000144,74.125.24.0-255,6797,31161,64,232517
35823,0.000147,172.31.40.0-255,66,31227,64,232517
35824,0.000301,74.125.24.0-255,1484,32711,64,232517
35825,0.000306,172.31.40.0-255,66,32777,64,232517
35826,0.000312,74.125.24.0-255,2902,35679,64,232517
35827,0.000314,172.31.40.0-255,66,35745,64,232517
35828,0.000321,74.125.24.0-255,4320,40065,64,232517
35829,0.000323,172.31.40.0-255,66,40131,64,232517
35830,0.000373,172.31.40.0-255,66,40197,64,232517
35831,0.000404,74.125.24.0-255,4320,44517,64,232517
35832,0.000407,172.31.40.0-255,66,44583,64,232517
35833,0.00043,74.125.24.0-255,5738,50321,64,232517
35834,0.000433,172.31.40.0-255,66,50387,64,232517
35835,0.000439,74.125.24.0-255,5653,56040,64,232517
35836,0.000441,172.31.40.0-255,66,56106,64,232517
35837,0.000443,74.125.24.0-255,132,56238,64,232517
35838,0.000446,172.31.40.0-255,66,56304,64,232517
35839,0.000592,74.125.24.0-255,1484,57788,64,232517
35840,0.000599,74.125.24.0-255,2902,60690,64,232517
35841,0.000603,172.31.40.0-255,66,60756,64,232517
35842,0.000626,74.125.24.0-255,5738,66494,64,232517
35843,0.000629,172.31.40.0-255,66,66560,64,232517
35844,0.000633,74.125.24.0-255,2902,69462,64,232517
35845,0.000634,172.31.40.0-255,66,69528,64,232517
35846,0.000664,74.125.24.0-255,2902,72430,64,232517
35847,0.000667,172.31.40.0-255,66,72496,64,232517
35848,0.000695,172.31.40.0-255,66,72562,64,232517
35849,0.000703,74.125.24.0-255,7156,79718,64,232517
35850,0.000705,172.31.40.0-255,66,79784,64,232517
35851,0.000727,74.125.24.0-255,2543,82327,64,232517
35852,0.00073,172.31.40.0-255,66,82393,64,232517
35853,0.000752,74.125.24.0-255,345,82738,64,232517
35854,0.000915,74.125.24.0-255,1484,84222,64,232517
35855,0.000919,172.31.40.0-255,66,84288,64,232517
35856,0.000924,74.125.24.0-255,2902,87190,64,232517
35857,0.000926,172.31.40.0-255,66,87256,64,232517
35858,0.000929,74.125.24.0-255,1484,88740,64,232517
35859,0.000947,74.125.24.0-255,4320,93060,64,232517
35860,0.00095,172.31.40.0-255,66,93126,64,232517
35861,0.000953,74.125.24.0-255,1484,94610,64,232517
35862,0.000971,74.125.24.0-255,7156,101766,64,232517
35863,0.000975,172.31.40.0-255,66,101832,64,232517
35864,0.000985,74.125.24.0-255,4320,106152,64,232517
35865,0.000987,172.31.40.0-255,66,106218,64,232517
35866,0.000992,74.125.24.0-255,4320,110538,64,232517
35867,0.000994,172.31.40.0-255,66,110604,64,232517
35868,0.001027,74.125.24.0-255,6438,117042,64,232517
35869,0.00103,172.31.40.0-255,66,117108,64,232517
35870,0.001195,74.125.24.0-255,1484,118592,64,232517
35871,0.001212,74.125.24.0-255,2902,121494,64,232517
35872,0.001216,172.31.40.0-255,66,121560,64,232517
35873,0.001223,74.125.24.0-255,5738,127298,64,232517
35874,0.001225,172.31.40.0-255,66,127364,64,232517
35875,0.00123,74.125.24.0-255,2902,130266,64,232517
35876,0.001232,172.31.40.0-255,66,130332,64,232517
35877,0.001256,74.125.24.0-255,1484,131816,64,232517
35878,0.001263,74.125.24.0-255,5738,137554,64,232517
35879,0.001265,172.31.40.0-255,66,137620,64,232517
35880,0.001279,172.31.40.0-255,66,137686,64,232517
35881,0.001282,74.125.24.0-255,1484,139170,64,232517
35882,0.00132,172.31.40.0-255,66,139236,64,232517
35883,0.001331,172.31.40.0-255,66,139302,64,232517
35884,0.001335,74.125.24.0-255,1484,140786,64,232517
35885,0.001379,172.31.40.0-255,66,140852,64,232517
35886,0.001417,74.125.24.0-255,2902,143754,64,232517
35887,0.00142,172.31.40.0-255,66,143820,64,232517
35888,0.001445,74.125.24.0-255,4320,148140,64,232517
35889,0.001448,172.31.40.0-255,66,148206,64,232517
35890,0.001454,74.125.24.0-255,4320,152526,64,232517
35891,0.001457,172.31.40.0-255,66,152592,64,232517
35892,0.001463,74.125.24.0-255,5738,158330,64,232517
35893,0.001465,172.31.40.0-255,66,158396,64,232517
35894,0.001477,172.31.40.0-255,66,158462,64,232517
35895,0.001507,74.125.24.0-255,1484,159946,64,232517
35896,0.001515,74.125.24.0-255,5020,164966,64,232517
35897,0.001517,172.31.40.0-255,66,165032,64,232517
35898,0.001524,74.125.24.0-255,5738,170770,64,232517
35899,0.001527,172.31.40.0-255,66,170836,64,232517
35900,0.001565,172.31.40.0-255,66,170902,64,232517
35901,0.001582,172.31.40.0-255,66,170968,64,232517
35902,0.001604,74.125.24.0-255,7156,178124,64,232517
35903,0.001607,172.31.40.0-255,66,178190,64,232517
35904,0.00161,74.125.24.0-255,766,178956,64,232517
35905,0.001716,74.125.24.0-255,1484,180440,64,232517
35906,0.00172,172.31.40.0-255,66,180506,64,232517
35907,0.001725,74.125.24.0-255,2902,183408,64,232517
35908,0.001727,172.31.40.0-255,66,183474,64,232517
35909,0.00173,74.125.24.0-255,1484,184958,64,232517
35910,0.00175,74.125.24.0-255,4320,189278,64,232517
35911,0.001756,74.125.24.0-255,5738,195016,64,232517
35912,0.001761,172.31.40.0-255,66,195082,64,232517
35913,0.001768,172.31.40.0-255,66,195148,64,232517
35914,0.001774,74.125.24.0-255,4320,199468,64,232517
35915,0.001776,172.31.40.0-255,66,199534,64,232517
35916,0.001802,172.31.40.0-255,66,199600,64,232517
35917,0.001808,74.125.24.0-255,5020,204620,64,232517
35918,0.00181,172.31.40.0-255,66,204686,64,232517
35919,0.001853,74.125.24.0-255,1484,206170,64,232517
35920,0.001864,74.125.24.0-255,2902,209072,64,232517
35921,0.001867,172.31.40.0-255,66,209138,64,232517
35922,0.001892,74.125.24.0-255,5738,214876,64,232517
35923,0.001895,172.31.40.0-255,66,214942,64,232517
35924,0.001898,74.125.24.0-255,1484,216426,64,232517
35925,0.001919,172.31.40.0-255,66,216492,64,232517
35926,0.001922,74.125.24.0-255,1484,217976,64,232517
35927,0.001948,172.31.40.0-255,66,218042,64,232517
35928,0.001958,172.31.40.0-255,66,218108,64,232517
35929,0.002019,74.125.24.0-255,6438,224546,64,232517
35930,0.002033,172.31.40.0-255,66,224612,64,232517
35931,0.002079,172.31.40.0-255,66,224678,64,232517
35932,0.00214,172.31.40.0-255,66,224744,64,232517
35933,0.002173,172.31.40.0-255,66,224810,64,232517
35934,0.002337,74.125.24.0-255,1484,226294,64,232517
35935,0.004483,74.125.24.0-255,2657,228951,64,232517
35936,0.004496,172.31.40.0-255,66,229017,64,232517
35937,0.013306,172.31.40.0-255,105,229122,64,232517
35938,0.015574,74.125.24.0-255,66,229188,64,232517
35939,0.031478,172.31.40.0-255,172,229360,64,232517
35940,0.031512,172.31.40.0-255,1107,230467,64,232517
35941,0.03157,172.31.40.0-255,1514,231981,64,232517
35942,0.031572,172.31.40.0-255,338,232319,64,232517
35943,0.03309,104.244.42.0-255,66,232385,64,232517
35944,0.033128,104.244.42.0-255,66,232451,64,232517
35945,0.033175,104.244.42.0-255,66,232517,64,232517
35946,0.0,74.125.24.0-255,153,153,64,309566
35947,1.8e-05,172.31.40.0-255,66,219,64,309566
35948,2.6e-05,74.125.24.0-255,1484,1703,64,309566
35949,3e-05,172.31.40.0-255,66,1769,64,309566
35950,3.5e-05,74.125.24.0-255,2902,4671,64,309566
35951,4.5e-05,172.31.40.0-255,66,4737,64,309566
35952,0.000104,74.125.24.0-255,5738,10475,64,309566
35953,0.000107,172.31.40.0-255,66,10541,64,309566
35954,0.000132,74.125.24.0-255,1484,12025,64,309566
35955,0.000135,172.31.40.0-255,66,12091,64,309566
35956,0.00028,74.125.24.0-255,2030,14121,64,309566
35957,0.000284,172.31.40.0-255,66,14187,64,309566
35958,0.000334,74.125.24.0-255,1484,15671,64,309566
35959,0.000338,172.31.40.0-255,66,15737,64,309566
35960,0.000365,74.125.24.0-255,1484,17221,64,309566
35961,0.000367,172.31.40.0-255,66,17287,64,309566
35962,0.000407,74.125.24.0-255,1484,18771,64,309566
35963,0.00041,172.31.40.0-255,66,18837,64,309566
35964,0.000441,74.125.24.0-255,5738,24575,64,309566
35965,0.000444,172.31.40.0-255,66,24641,64,309566
35966,0.00059,74.125.24.0-255,6797,31438,64,309566
35967,0.000595,172.31.40.0-255,66,31504,64,309566
35968,0.000764,74.125.24.0-255,2902,34406,64,309566
35969,0.000769,172.31.40.0-255,66,34472,64,309566
35970,0.000795,74.125.24.0-255,7156,41628,64,309566
35971,0.000797,172.31.40.0-255,66,41694,64,309566
35972,0.001034,74.125.24.0-255,7156,48850,64,309566
35973,0.00104,172.31.40.0-255,66,48916,64,309566
35974,0.001081,172.31.40.0-255,66,48982,64,309566
35975,0.001499,74.125.24.0-255,4320,53302,64,309566
35976,0.001506,172.31.40.0-255,66,53368,64,309566
35977,0.001534,74.125.24.0-255,1735,55103,64,309566
35978,0.001656,74.125.24.0-255,5738,60841,64,309566
35979,0.002341,74.125.24.0-255,4320,65161,64,309566
35980,0.002362,74.125.24.0-255,2543,67704,64,309566
35981,0.00251,74.125.24.0-255,5738,73442,64,309566
35982,0.003252,172.31.40.0-255,66,73508,64,309566
35983,0.003371,74.125.24.0-255,5738,79246,64,309566
35984,0.003384,172.31.40.0-255,66,79312,64,309566
35985,0.003448,172.31.40.0-255,66,79378,64,309566
35986,0.00348,172.31.40.0-255,66,79444,64,309566
35987,0.005841,74.125.24.0-255,4320,83764,64,309566
35988,0.005846,172.31.40.0-255,66,83830,64,309566
35989,0.005865,74.125.24.0-255,1484,85314,64,309566
35990,0.008212,74.125.24.0-255,4320,89634,64,309566
35991,0.008335,172.31.40.0-255,66,89700,64,309566
35992,0.010719,74.125.24.0-255,5738,95438,64,309566
35993,0.010727,172.31.40.0-255,66,95504,64,309566
35994,0.013154,74.125.24.0-255,5738,101242,64,309566
35995,0.013163,172.31.40.0-255,66,101308,64,309566
35996,0.01555,74.125.24.0-255,5738,107046,64,309566
35997,0.016814,172.31.40.0-255,66,107112,64,309566
35998,0.019188,74.125.24.0-255,5738,112850,64,309566
35999,0.019198,172.31.40.0-255,66,112916,64,309566
36000,0.021598,74.125.24.0-255,5738,118654,64,309566
36001,0.021605,172.31.40.0-255,66,118720,64,309566
36002,0.023996,74.125.24.0-255,5738,124458,64,309566
36003,0.024004,172.31.40.0-255,66,124524,64,309566
36004,0.026368,74.125.24.0-255,5738,130262,64,309566
36005,0.026374,172.31.40.0-255,66,130328,64,309566
36006,0.027223,172.31.40.0-255,172,130500,64,309566
36007,0.027271,172.31.40.0-255,1112,131612,64,309566
36008,0.02733,172.31.40.0-255,1514,133126,64,309566
36009,0.027332,172.31.40.0-255,1296,134422,64,309566
36010,0.028751,74.125.24.0-255,5738,140160,64,309566
36011,0.028759,172.31.40.0-255,66,140226,64,309566
36012,0.028777,104.244.42.0-255,66,140292,64,309566
36013,0.028944,104.244.42.0-255,66,140358,64,309566
36014,0.028991,104.244.42.0-255,66,140424,64,309566
36015,0.031172,74.125.24.0-255,5738,146162,64,309566
36016,0.031178,172.31.40.0-255,66,146228,64,309566
36017,0.033586,74.125.24.0-255,4320,150548,64,309566
36018,0.033593,172.31.40.0-255,66,150614,64,309566
36019,0.033622,74.125.24.0-255,1484,152098,64,309566
36020,0.035999,74.125.24.0-255,4320,156418,64,309566
36021,0.036006,172.31.40.0-255,66,156484,64,309566
36022,0.038391,74.125.24.0-255,5738,162222,64,309566
36023,0.038807,172.31.40.0-255,66,162288,64,309566
36024,0.041221,74.125.24.0-255,5738,168026,64,309566
36025,0.041238,172.31.40.0-255,66,168092,64,309566
36026,0.043646,74.125.24.0-255,5738,173830,64,309566
36027,0.043662,172.31.40.0-255,66,173896,64,309566
36028,0.046057,74.125.24.0-255,5738,179634,64,309566
36029,0.046073,172.31.40.0-255,66,179700,64,309566
36030,0.048486,74.125.24.0-255,5738,185438,64,309566
36031,0.048502,172.31.40.0-255,66,185504,64,309566
36032,0.050892,74.125.24.0-255,5738,191242,64,309566
36033,0.05091,172.31.40.0-255,66,191308,64,309566
36034,0.053306,74.125.24.0-255,5738,197046,64,309566
36035,0.053323,172.31.40.0-255,66,197112,64,309566
36036,0.055733,74.125.24.0-255,5738,202850,64,309566
36037,0.055748,172.31.40.0-255,66,202916,64,309566
36038,0.058191,74.125.24.0-255,5738,208654,64,309566
36039,0.058209,172.31.40.0-255,66,208720,64,309566
36040,0.060599,74.125.24.0-255,5738,214458,64,309566
36041,0.060616,172.31.40.0-255,66,214524,64,309566
36042,0.063012,74.125.24.0-255,2902,217426,64,309566
36043,0.063029,172.31.40.0-255,66,217492,64,309566
36044,0.063065,74.125.24.0-255,2902,220394,64,309566
36045,0.063129,172.31.40.0-255,66,220460,64,309566
36046,0.065411,74.125.24.0-255,2902,223362,64,309566
36047,0.065426,172.31.40.0-255,66,223428,64,309566
36048,0.065475,74.125.24.0-255,2902,226330,64,309566
36049,0.06552,172.31.40.0-255,66,226396,64,309566
36050,0.067846,74.125.24.0-255,2902,229298,64,309566
36051,0.067864,172.31.40.0-255,66,229364,64,309566
36052,0.067909,74.125.24.0-255,2902,232266,64,309566
36053,0.067972,172.31.40.0-255,66,232332,64,309566
36054,0.070249,74.125.24.0-255,2902,235234,64,309566
36055,0.070259,172.31.40.0-255,66,235300,64,309566
36056,0.070365,74.125.24.0-255,2902,238202,64,309566
36057,0.070391,172.31.40.0-255,66,238268,64,309566
36058,0.072674,74.125.24.0-255,2902,241170,64,309566
36059,0.072692,172.31.40.0-255,66,241236,64,309566
36060,0.072746,74.125.24.0-255,2902,244138,64,309566
36061,0.072805,172.31.40.0-255,66,244204,64,309566
36062,0.0751,74.125.24.0-255,2902,247106,64,309566
36063,0.075117,172.31.40.0-255,66,247172,64,309566
36064,0.07517,74.125.24.0-255,2902,250074,64,309566
36065,0.075224,172.31.40.0-255,66,250140,64,309566
36066,0.077519,74.125.24.0-255,2902,253042,64,309566
36067,0.077534,172.31.40.0-255,66,253108,64,309566
36068,0.077587,74.125.24.0-255,2902,256010,64,309566
36069,0.077638,172.31.40.0-255,66,256076,64,309566
36070,0.079903,74.125.24.0-255,2902,258978,64,309566
36071,0.07992,172.31.40.0-255,66,259044,64,309566
36072,0.079998,74.125.24.0-255,2902,261946,64,309566
36073,0.080023,172.31.40.0-255,66,262012,64,309566
36074,0.082299,74.125.24.0-255,2902,264914,64,309566
36075,0.082307,172.31.40.0-255,66,264980,64,309566
36076,0.082392,74.125.24.0-255,2902,267882,64,309566
36077,0.082406,172.31.40.0-255,66,267948,64,309566
36078,0.084697,74.125.24.0-255,2902,270850,64,309566
36079,0.084715,172.31.40.0-255,66,270916,64,309566
36080,0.084753,74.125.24.0-255,1484,272400,64,309566
36081,0.084776,74.125.24.0-255,1484,273884,64,309566
36082,0.084843,172.31.40.0-255,66,273950,64,309566
36083,0.087082,74.125.24.0-255,2902,276852,64,309566
36084,0.087095,172.31.40.0-255,66,276918,64,309566
36085,0.087221,74.125.24.0-255,2902,279820,64,309566
36086,0.08737,172.31.40.0-255,66,279886,64,309566
36087,0.089485,74.125.24.0-255,2902,282788,64,309566
36088,0.089503,172.31.40.0-255,66,282854,64,309566
36089,0.089741,74.125.24.0-255,2902,285756,64,309566
36090,0.089747,172.31.40.0-255,66,285822,64,309566
36091,0.091908,74.125.24.0-255,2902,288724,64,309566
36092,0.091918,172.31.40.0-255,66,288790,64,309566
36093,0.092119,74.125.24.0-255,2902,291692,64,309566
36094,0.092124,172.31.40.0-255,66,291758,64,309566
36095,0.094315,74.125.24.0-255,2902,294660,64,309566
36096,0.09433,172.31.40.0-255,66,294726,64,309566
36097,0.094513,74.125.24.0-255,2902,297628,64,309566
36098,0.094517,172.31.40.0-255,66,297694,64,309566
36099,0.096712,74.125.24.0-255,2902,300596,64,309566
36100,0.096726,172.31.40.0-255,66,300662,64,309566
36101,0.096886,74.125.24.0-255,2902,303564,64,309566
36102,0.096892,172.31.40.0-255,66,303630,64,309566
36103,0.099151,74.125.24.0-255,2902,306532,64,309566
36104,0.099166,172.31.40.0-255,66,306598,64,309566
36105,0.099271,74.125.24.0-255,2902,309500,64,309566
36106,0.099318,172.31.40.0-255,66,309566,64,309566
36107,0.0,74.125.24.0-255,153,153,64,340819
36108,2.1e-05,172.31.40.0-255,66,219,64,340819
36109,2.7e-05,74.125.24.0-255,1484,1703,64,340819
36110,3.2e-05,172.31.40.0-255,66,1769,64,340819
36111,3.8e-05,74.125.24.0-255,2902,4671,64,340819
36112,4.1e-05,172.31.40.0-255,66,4737,64,340819
36113,4.9e-05,74.125.24.0-255,7156,11893,64,340819
36114,5.2e-05,172.31.40.0-255,66,11959,64,340819
36115,7.8e-05,74.125.24.0-255,1929,13888,64,340819
36116,8.1e-05,172.31.40.0-255,66,13954,64,340819
36117,0.000185,74.125.24.0-255,1484,15438,64,340819
36118,0.000189,172.31.40.0-255,66,15504,64,340819
36119,0.000194,74.125.24.0-255,2902,18406,64,340819
36120,0.000197,172.31.40.0-255,66,18472,64,340819
36121,0.000212,74.125.24.0-255,5738,24210,64,340819
36122,0.000215,172.31.40.0-255,66,24276,64,340819
36123,0.000243,74.125.24.0-255,6797,31073,64,340819
36124,0.000246,172.31.40.0-255,66,31139,64,340819
36125,0.00042,74.125.24.0-255,1484,32623,64,340819
36126,0.000425,172.31.40.0-255,66,32689,64,340819
36127,0.00043,74.125.24.0-255,2902,35591,64,340819
36128,0.000433,172.31.40.0-255,66,35657,64,340819
36129,0.00044,74.125.24.0-255,5738,41395,64,340819
36130,0.000442,172.31.40.0-255,66,41461,64,340819
36131,0.000483,74.125.24.0-255,6797,48258,64,340819
36132,0.000486,172.31.40.0-255,66,48324,64,340819
36133,0.000512,74.125.24.0-255,7156,55480,64,340819
36134,0.000515,172.31.40.0-255,66,55546,64,340819
36135,0.000547,172.31.40.0-255,66,55612,64,340819
36136,0.000723,74.125.24.0-255,347,55959,64,340819
36137,0.000727,172.31.40.0-255,66,56025,64,340819
36138,0.000893,74.125.24.0-255,1484,57509,64,340819
36139,0.000916,74.125.24.0-255,2902,60411,64,340819
36140,0.000919,172.31.40.0-255,66,60477,64,340819
36141,0.000926,74.125.24.0-255,5738,66215,64,340819
36142,0.000942,74.125.24.0-255,6797,73012,64,340819
36143,0.000958,172.31.40.0-255,66,73078,64,340819
36144,0.000987,74.125.24.0-255,1484,74562,64,340819
36145,0.001007,74.125.24.0-255,2902,77464,64,340819
36146,0.001013,74.125.24.0-255,5738,83202,64,340819
36147,0.001042,74.125.24.0-255,6797,89999,64,340819
36148,0.001055,172.31.40.0-255,66,90065,64,340819
36149,0.002115,74.125.24.0-255,1484,91549,64,340819
36150,0.002127,74.125.24.0-255,2902,94451,64,340819
36151,0.002131,172.31.40.0-255,66,94517,64,340819
36152,0.00214,74.125.24.0-255,5738,100255,64,340819
36153,0.002144,74.125.24.0-255,2902,103157,64,340819
36154,0.007131,172.31.40.0-255,66,103223,64,340819
36155,0.009373,74.125.24.0-255,5738,108961,64,340819
36156,0.009381,172.31.40.0-255,66,109027,64,340819
36157,0.01163,74.125.24.0-255,5738,114765,64,340819
36158,0.011637,172.31.40.0-255,66,114831,64,340819
36159,0.013907,74.125.24.0-255,5738,120569,64,340819
36160,0.014341,172.31.40.0-255,66,120635,64,340819
36161,0.016587,74.125.24.0-255,5738,126373,64,340819
36162,0.016594,172.31.40.0-255,66,126439,64,340819
36163,0.018824,74.125.24.0-255,5738,132177,64,340819
36164,0.018831,172.31.40.0-255,66,132243,64,340819
36165,0.021086,74.125.24.0-255,5738,137981,64,340819
36166,0.021092,172.31.40.0-255,66,138047,64,340819
36167,0.023339,74.125.24.0-255,5738,143785,64,340819
36168,0.023347,172.31.40.0-255,66,143851,64,340819
36169,0.025597,74.125.24.0-255,5738,149589,64,340819
36170,0.025603,172.31.40.0-255,66,149655,64,340819
36171,0.027443,172.31.40.0-255,167,149822,64,340819
36172,0.027474,172.31.40.0-255,1111,150933,64,340819
36173,0.027534,172.31.40.0-255,1514,152447,64,340819
36174,0.027536,172.31.40.0-255,1514,153961,64,340819
36175,0.027559,172.31.40.0-255,699,154660,64,340819
36176,0.027862,74.125.24.0-255,5738,160398,64,340819
36177,0.027869,172.31.40.0-255,66,160464,64,340819
36178,0.028971,104.244.42.0-255,66,160530,64,340819
36179,0.029009,104.244.42.0-255,66,160596,64,340819
36180,0.029045,104.244.42.0-255,66,160662,64,340819
36181,0.029059,104.244.42.0-255,66,160728,64,340819
36182,0.030126,74.125.24.0-255,5738,166466,64,340819
36183,0.030131,172.31.40.0-255,66,166532,64,340819
36184,0.032437,74.125.24.0-255,5738,172270,64,340819
36185,0.032444,172.31.40.0-255,66,172336,64,340819
36186,0.03468,74.125.24.0-255,5738,178074,64,340819
36187,0.034686,172.31.40.0-255,66,178140,64,340819
36188,0.03695,74.125.24.0-255,5738,183878,64,340819
36189,0.036954,172.31.40.0-255,66,183944,64,340819
36190,0.039206,74.125.24.0-255,5738,189682,64,340819
36191,0.039211,172.31.40.0-255,66,189748,64,340819
36192,0.041448,74.125.24.0-255,5738,195486,64,340819
36193,0.041453,172.31.40.0-255,66,195552,64,340819
36194,0.043764,74.125.24.0-255,5738,201290,64,340819
36195,0.043771,172.31.40.0-255,66,201356,64,340819
36196,0.046031,74.125.24.0-255,5738,207094,64,340819
36197,0.046037,172.31.40.0-255,66,207160,64,340819
36198,0.048293,74.125.24.0-255,5738,212898,64,340819
36199,0.048299,172.31.40.0-255,66,212964,64,340819
36200,0.050561,74.125.24.0-255,5738,218702,64,340819
36201,0.050567,172.31.40.0-255,66,218768,64,340819
36202,0.052812,74.125.24.0-255,5738,224506,64,340819
36203,0.052821,172.31.40.0-255,66,224572,64,340819
36204,0.055149,74.125.24.0-255,5738,230310,64,340819
36205,0.055167,172.31.40.0-255,66,230376,64,340819
36206,0.057415,74.125.24.0-255,5738,236114,64,340819
36207,0.057431,172.31.40.0-255,66,236180,64,340819
36208,0.059676,74.125.24.0-255,5738,241918,64,340819
36209,0.059684,172.31.40.0-255,66,241984,64,340819
36210,0.061933,74.125.24.0-255,5738,247722,64,340819
36211,0.061947,172.31.40.0-255,66,247788,64,340819
36212,0.064215,74.125.24.0-255,5738,253526,64,340819
36213,0.064231,172.31.40.0-255,66,253592,64,340819
36214,0.066475,74.125.24.0-255,5738,259330,64,340819
36215,0.066483,172.31.40.0-255,66,259396,64,340819
36216,0.068741,74.125.24.0-255,5738,265134,64,340819
36217,0.068761,172.31.40.0-255,66,265200,64,340819
36218,0.068936,172.31.40.0-255,101,265301,64,340819
36219,0.071002,74.125.24.0-255,5738,271039,64,340819
36220,0.071019,172.31.40.0-255,66,271105,64,340819
36221,0.071121,74.125.24.0-255,66,271171,64,340819
36222,0.073284,74.125.24.0-255,5738,276909,64,340819
36223,0.073299,172.31.40.0-255,66,276975,64,340819
36224,0.07557,74.125.24.0-255,5738,282713,64,340819
36225,0.075592,172.31.40.0-255,66,282779,64,340819
36226,0.077883,74.125.24.0-255,5738,288517,64,340819
36227,0.0779,172.31.40.0-255,66,288583,64,340819
36228,0.080165,74.125.24.0-255,5738,294321,64,340819
36229,0.080182,172.31.40.0-255,66,294387,64,340819
36230,0.082448,74.125.24.0-255,5738,300125,64,340819
36231,0.082464,172.31.40.0-255,66,300191,64,340819
36232,0.08474,74.125.24.0-255,5738,305929,64,340819
36233,0.084758,172.31.40.0-255,66,305995,64,340819
36234,0.087021,74.125.24.0-255,5738,311733,64,340819
36235,0.087039,172.31.40.0-255,66,311799,64,340819
36236,0.089285,74.125.24.0-255,5738,317537,64,340819
36237,0.089301,172.31.40.0-255,66,317603,64,340819
36238,0.091597,74.125.24.0-255,5738,323341,64,340819
36239,0.091616,172.31.40.0-255,66,323407,64,340819
36240,0.093891,74.125.24.0-255,5738,329145,64,340819
36241,0.093908,172.31.40.0-255,66,329211,64,340819
36242,0.096199,74.125.24.0-255,5738,334949,64,340819
36243,0.096215,172.31.40.0-255,66,335015,64,340819
36244,0.098461,74.125.24.0-255,5738,340753,64,340819
36245,0.098468,172.31.40.0-255,66,340819,64,340819
36246,0.0,74.125.68.0-255,151,151,64,392484
36247,2.2e-05,172.31.40.0-255,66,217,64,392484
36248,2.9e-05,74.125.68.0-255,1484,1701,64,392484
36249,3.4e-05,172.31.40.0-255,66,1767,64,392484
36250,4e-05,74.125.68.0-255,2902,4669,64,392484
36251,5.1e-05,172.31.40.0-255,66,4735,64,392484
36252,5.8e-05,74.125.68.0-255,5738,10473,64,392484
36253,6.1e-05,172.31.40.0-255,66,10539,64,392484
36254,9.9e-05,74.125.68.0-255,3447,13986,64,392484
36255,0.000101,172.31.40.0-255,66,14052,64,392484
36256,0.000246,74.125.68.0-255,1484,15536,64,392484
36257,0.000251,172.31.40.0-255,66,15602,64,392484
36258,0.000256,74.125.68.0-255,2902,18504,64,392484
36259,0.000258,172.31.40.0-255,66,18570,64,392484
36260,0.00028,74.125.68.0-255,5738,24308,64,392484
36261,0.000283,172.31.40.0-255,66,24374,64,392484
36262,0.000327,74.125.68.0-255,6797,31171,64,392484
36263,0.00033,172.31.40.0-255,66,31237,64,392484
36264,0.000454,74.125.68.0-255,1484,32721,64,392484
36265,0.000458,172.31.40.0-255,66,32787,64,392484
36266,0.000462,74.125.68.0-255,1484,34271,64,392484
36267,0.000463,172.31.40.0-255,66,34337,64,392484
36268,0.000484,74.125.68.0-255,1484,35821,64,392484
36269,0.00049,172.31.40.0-255,66,35887,64,392484
36270,0.000493,74.125.68.0-255,1484,37371,64,392484
36271,0.000495,172.31.40.0-255,66,37437,64,392484
36272,0.000529,74.125.68.0-255,2902,40339,64,392484
36273,0.000535,74.125.68.0-255,5738,46077,64,392484
36274,0.000538,74.125.68.0-255,2543,48620,64,392484
36275,0.000542,74.125.68.0-255,2902,51522,64,392484
36276,0.000547,172.31.40.0-255,66,51588,64,392484
36277,0.00055,172.31.40.0-255,66,51654,64,392484
36278,0.000552,172.31.40.0-255,66,51720,64,392484
36279,0.000555,172.31.40.0-255,66,51786,64,392484
36280,0.000579,74.125.68.0-255,7156,58942,64,392484
36281,0.000582,172.31.40.0-255,66,59008,64,392484
36282,0.000589,74.125.68.0-255,7104,66112,64,392484
36283,0.000591,172.31.40.0-255,66,66178,64,392484
36284,0.000998,74.125.68.0-255,113,66291,64,392484
36285,0.001125,172.31.40.0-255,66,66357,64,392484
36286,0.001143,74.125.68.0-255,1484,67841,64,392484
36287,0.001148,74.125.68.0-255,2902,70743,64,392484
36288,0.001151,172.31.40.0-255,66,70809,64,392484
36289,0.001158,74.125.68.0-255,5738,76547,64,392484
36290,0.001161,172.31.40.0-255,66,76613,64,392484
36291,0.001167,74.125.68.0-255,5738,82351,64,392484
36292,0.001169,172.31.40.0-255,66,82417,64,392484
36293,0.001193,74.125.68.0-255,1484,83901,64,392484
36294,0.001201,74.125.68.0-255,7156,91057,64,392484
36295,0.001203,172.31.40.0-255,66,91123,64,392484
36296,0.00125,172.31.40.0-255,66,91189,64,392484
36297,0.001275,74.125.68.0-255,766,91955,64,392484
36298,0.001313,74.125.68.0-255,331,92286,64,392484
36299,0.001526,172.31.40.0-255,66,92352,64,392484
36300,0.001724,74.125.68.0-255,1484,93836,64,392484
36301,0.001772,74.125.68.0-255,2902,96738,64,392484
36302,0.001776,172.31.40.0-255,66,96804,64,392484
36303,0.001783,74.125.68.0-255,4320,101124,64,392484
36304,0.001785,172.31.40.0-255,66,101190,64,392484
36305,0.001797,74.125.68.0-255,7156,108346,64,392484
36306,0.001799,172.31.40.0-255,66,108412,64,392484
36307,0.001829,74.125.68.0-255,1484,109896,64,392484
36308,0.001835,74.125.68.0-255,4320,114216,64,392484
36309,0.001838,172.31.40.0-255,66,114282,64,392484
36310,0.001862,74.125.68.0-255,2902,117184,64,392484
36311,0.001864,172.31.40.0-255,66,117250,64,392484
36312,0.0019,172.31.40.0-255,66,117316,64,392484
36313,0.003891,74.125.68.0-255,5738,123054,64,392484
36314,0.003898,172.31.40.0-255,66,123120,64,392484
36315,0.005897,74.125.68.0-255,4320,127440,64,392484
36316,0.005903,172.31.40.0-255,66,127506,64,392484
36317,0.00593,74.125.68.0-255,1484,128990,64,392484
36318,0.007886,74.125.68.0-255,4320,133310,64,392484
36319,0.00789,172.31.40.0-255,66,133376,64,392484
36320,0.009883,74.125.68.0-255,5738,139114,64,392484
36321,0.009889,172.31.40.0-255,66,139180,64,392484
36322,0.011884,74.125.68.0-255,5738,144918,64,392484
36323,0.011891,172.31.40.0-255,66,144984,64,392484
36324,0.013892,74.125.68.0-255,5738,150722,64,392484
36325,0.013899,172.31.40.0-255,66,150788,64,392484
36326,0.015889,74.125.68.0-255,5738,156526,64,392484
36327,0.015897,172.31.40.0-255,66,156592,64,392484
36328,0.01789,74.125.68.0-255,5738,162330,64,392484
36329,0.017898,172.31.40.0-255,66,162396,64,392484
36330,0.019896,74.125.68.0-255,5738,168134,64,392484
36331,0.019903,172.31.40.0-255,66,168200,64,392484
36332,0.021898,74.125.68.0-255,5738,173938,64,392484
36333,0.021906,172.31.40.0-255,66,174004,64,392484
36334,0.023906,74.125.68.0-255,5738,179742,64,392484
36335,0.023914,172.31.40.0-255,66,179808,64,392484
36336,0.02591,74.125.68.0-255,1484,181292,64,392484
36337,0.025933,74.125.68.0-255,4320,185612,64,392484
36338,0.025938,172.31.40.0-255,66,185678,64,392484
36339,0.027981,74.125.68.0-255,5738,191416,64,392484
36340,0.027989,172.31.40.0-255,66,191482,64,392484
36341,0.029664,172.31.40.0-255,172,191654,64,392484
36342,0.029698,172.31.40.0-255,1112,192766,64,392484
36343,0.029755,172.31.40.0-255,1514,194280,64,392484
36344,0.029757,172.31.40.0-255,1296,195576,64,392484
36345,0.029984,74.125.68.0-255,5738,201314,64,392484
36346,0.029991,172.31.40.0-255,66,201380,64,392484
36347,0.031204,104.244.42.0-255,66,201446,64,392484
36348,0.031275,104.244.42.0-255,66,201512,64,392484
36349,0.031317,104.244.42.0-255,66,201578,64,392484
36350,0.031997,74.125.68.0-255,5738,207316,64,392484
36351,0.032004,172.31.40.0-255,66,207382,64,392484
36352,0.034013,74.125.68.0-255,5738,213120,64,392484
36353,0.03402,172.31.40.0-255,66,213186,64,392484
36354,0.036024,74.125.68.0-255,5738,218924,64,392484
36355,0.036031,172.31.40.0-255,66,218990,64,392484
36356,0.038043,74.125.68.0-255,5738,224728,64,392484
36357,0.038049,172.31.40.0-255,66,224794,64,392484
36358,0.040056,74.125.68.0-255,5738,230532,64,392484
36359,0.040063,172.31.40.0-255,66,230598,64,392484
36360,0.042069,74.125.68.0-255,5738,236336,64,392484
36361,0.042075,172.31.40.0-255,66,236402,64,392484
36362,0.044077,74.125.68.0-255,5738,242140,64,392484
36363,0.044084,172.31.40.0-255,66,242206,64,392484
36364,0.046105,74.125.68.0-255,5738,247944,64,392484
36365,0.046111,172.31.40.0-255,66,248010,64,392484
36366,0.048101,74.125.68.0-255,4320,252330,64,392484
36367,0.048107,172.31.40.0-255,66,252396,64,392484
36368,0.048136,74.125.68.0-255,1484,253880,64,392484
36369,0.050106,74.125.68.0-255,4320,258200,64,392484
36370,0.050113,172.31.40.0-255,66,258266,64,392484
36371,0.052095,74.125.68.0-255,5738,264004,64,392484
36372,0.052102,172.31.40.0-255,66,264070,64,392484
36373,0.054096,74.125.68.0-255,5738,269808,64,392484
36374,0.054102,172.31.40.0-255,66,269874,64,392484
36375,0.05615,74.125.68.0-255,5738,275612,64,392484
36376,0.056157,172.31.40.0-255,66,275678,64,392484
36377,0.058171,74.125.68.0-255,5738,281416,64,392484
36378,0.058176,172.31.40.0-255,66,281482,64,392484
36379,0.060174,74.125.68.0-255,5738,287220,64,392484
36380,0.060181,172.31.40.0-255,66,287286,64,392484
36381,0.062198,74.125.68.0-255,5738,293024,64,392484
36382,0.062204,172.31.40.0-255,66,293090,64,392484
36383,0.064198,74.125.68.0-255,5738,298828,64,392484
36384,0.064204,172.31.40.0-255,66,298894,64,392484
36385,0.066196,74.125.68.0-255,5738,304632,64,392484
36386,0.066203,172.31.40.0-255,66,304698,64,392484
36387,0.068182,74.125.68.0-255,4320,309018,64,392484
36388,0.068187,172.31.40.0-255,66,309084,64,392484
36389,0.068209,74.125.68.0-255,1484,310568,64,392484
36390,0.070174,74.125.68.0-255,2902,313470,64,392484
36391,0.07018,172.31.40.0-255,66,313536,64,392484
36392,0.072168,74.125.68.0-255,4320,317856,64,392484
36393,0.072174,172.31.40.0-255,66,317922,64,392484
36394,0.072198,74.125.68.0-255,1484,319406,64,392484
36395,0.074161,74.125.68.0-255,4320,323726,64,392484
36396,0.074169,172.31.40.0-255,66,323792,64,392484
36397,0.076169,74.125.68.0-255,2902,326694,64,392484
36398,0.076175,172.31.40.0-255,66,326760,64,392484
36399,0.076206,74.125.68.0-255,2902,329662,64,392484
36400,0.076208,172.31.40.0-255,66,329728,64,392484
36401,0.078155,74.125.68.0-255,2902,332630,64,392484
36402,0.078161,172.31.40.0-255,66,332696,64,392484
36403,0.078192,74.125.68.0-255,2902,335598,64,392484
36404,0.078194,172.31.40.0-255,66,335664,64,392484
36405,0.080159,74.125.68.0-255,2902,338566,64,392484
36406,0.080166,172.31.40.0-255,66,338632,64,392484
36407,0.080196,74.125.68.0-255,2902,341534,64,392484
36408,0.080199,172.31.40.0-255,66,341600,64,392484
36409,0.082167,74.125.68.0-255,4320,345920,64,392484
36410,0.082174,172.31.40.0-255,66,345986,64,392484
36411,0.082199,74.125.68.0-255,1484,347470,64,392484
36412,0.084191,74.125.68.0-255,4320,351790,64,392484
36413,0.084198,172.31.40.0-255,66,351856,64,392484
36414,0.086198,74.125.68.0-255,5738,357594,64,392484
36415,0.086204,172.31.40.0-255,66,357660,64,392484
36416,0.088204,74.125.68.0-255,5738,363398,64,392484
36417,0.088209,172.31.40.0-255,66,363464,64,392484
36418,0.090217,74.125.68.0-255,5738,369202,64,392484
36419,0.090223,172.31.40.0-255,66,369268,64,392484
36420,0.092258,74.125.68.0-255,5738,375006,64,392484
36421,0.092264,172.31.40.0-255,66,375072,64,392484
36422,0.094261,74.125.68.0-255,5738,380810,64,392484
36423,0.094268,172.31.40.0-255,66,380876,64,392484
36424,0.096266,74.125.68.0-255,5738,386614,64,392484
36425,0.096272,172.31.40.0-255,66,386680,64,392484
36426,0.098261,74.125.68.0-255,5738,392418,64,392484
36427,0.098267,172.31.40.0-255,66,392484,64,392484
36428,0.0,74.125.200.0-255,146,146,64,337747
36429,2.7e-05,172.31.40.0-255,66,212,64,337747
36430,3.5e-05,74.125.200.0-255,1484,1696,64,337747
36431,4.1e-05,172.31.40.0-255,66,1762,64,337747
36432,4.4e-05,74.125.200.0-255,1484,3246,64,337747
36433,5.6e-05,172.31.40.0-255,66,3312,64,337747
36434,6.2e-05,74.125.200.0-255,2902,6214,64,337747
36435,6.5e-05,172.31.40.0-255,66,6280,64,337747
36436,9.6e-05,74.125.200.0-255,1484,7764,64,337747
36437,9.9e-05,172.31.40.0-255,66,7830,64,337747
36438,0.000105,74.125.200.0-255,2902,10732,64,337747
36439,0.000107,172.31.40.0-255,66,10798,64,337747
36440,0.000159,74.125.200.0-255,3517,14315,64,337747
36441,0.000162,172.31.40.0-255,66,14381,64,337747
36442,0.000167,74.125.200.0-255,4320,18701,64,337747
36443,0.00017,172.31.40.0-255,66,18767,64,337747
36444,0.000181,172.31.40.0-255,66,18833,64,337747
36445,0.000185,74.125.200.0-255,2543,21376,64,337747
36446,0.000188,172.31.40.0-255,66,21442,64,337747
36447,0.000336,74.125.200.0-255,1484,22926,64,337747
36448,0.00034,172.31.40.0-255,66,22992,64,337747
36449,0.00036,74.125.200.0-255,2902,25894,64,337747
36450,0.000363,172.31.40.0-255,66,25960,64,337747
36451,0.000366,74.125.200.0-255,1484,27444,64,337747
36452,0.000368,172.31.40.0-255,66,27510,64,337747
36453,0.000398,74.125.200.0-255,4320,31830,64,337747
36454,0.000401,172.31.40.0-255,66,31896,64,337747
36455,0.000409,74.125.200.0-255,6797,38693,64,337747
36456,0.000411,172.31.40.0-255,66,38759,64,337747
36457,0.00045,74.125.200.0-255,4320,43079,64,337747
36458,0.000452,172.31.40.0-255,66,43145,64,337747
36459,0.000483,74.125.200.0-255,7156,50301,64,337747
36460,0.000486,172.31.40.0-255,66,50367,64,337747
36461,0.000492,74.125.200.0-255,5691,56058,64,337747
36462,0.000495,172.31.40.0-255,66,56124,64,337747
36463,0.000497,74.125.200.0-255,111,56235,64,337747
36464,0.0005,172.31.40.0-255,66,56301,64,337747
36465,0.000612,74.125.200.0-255,1484,57785,64,337747
36466,0.000616,172.31.40.0-255,66,57851,64,337747
36467,0.00062,74.125.200.0-255,1484,59335,64,337747
36468,0.000622,172.31.40.0-255,66,59401,64,337747
36469,0.000626,74.125.200.0-255,1484,60885,64,337747
36470,0.000633,172.31.40.0-255,66,60951,64,337747
36471,0.000667,74.125.200.0-255,1484,62435,64,337747
36472,0.00067,172.31.40.0-255,66,62501,64,337747
36473,0.000676,74.125.200.0-255,5738,68239,64,337747
36474,0.000679,172.31.40.0-255,66,68305,64,337747
36475,0.000684,74.125.200.0-255,4320,72625,64,337747
36476,0.000686,172.31.40.0-255,66,72691,64,337747
36477,0.000716,74.125.200.0-255,3961,76652,64,337747
36478,0.000718,172.31.40.0-255,66,76718,64,337747
36479,0.000752,172.31.40.0-255,66,76784,64,337747
36480,0.000785,74.125.200.0-255,2902,79686,64,337747
36481,0.000789,172.31.40.0-255,66,79752,64,337747
36482,0.000801,74.125.200.0-255,2543,82295,64,337747
36483,0.000807,172.31.40.0-255,66,82361,64,337747
36484,0.00087,74.125.200.0-255,1484,83845,64,337747
36485,0.000874,172.31.40.0-255,66,83911,64,337747
36486,0.000878,74.125.200.0-255,1484,85395,64,337747
36487,0.00088,172.31.40.0-255,66,85461,64,337747
36488,0.000914,74.125.200.0-255,1484,86945,64,337747
36489,0.000917,172.31.40.0-255,66,87011,64,337747
36490,0.000923,74.125.200.0-255,5738,92749,64,337747
36491,0.000925,172.31.40.0-255,66,92815,64,337747
36492,0.000955,74.125.200.0-255,1484,94299,64,337747
36493,0.000957,172.31.40.0-255,66,94365,64,337747
36494,0.000983,74.125.200.0-255,2902,97267,64,337747
36495,0.000986,172.31.40.0-255,66,97333,64,337747
36496,0.001012,74.125.200.0-255,4320,101653,64,337747
36497,0.001015,172.31.40.0-255,66,101719,64,337747
36498,0.001021,74.125.200.0-255,4320,106039,64,337747
36499,0.001028,172.31.40.0-255,66,106105,64,337747
36500,0.001043,74.125.200.0-255,4320,110425,64,337747
36501,0.001053,74.125.200.0-255,5738,116163,64,337747
36502,0.001058,172.31.40.0-255,66,116229,64,337747
36503,0.001088,74.125.200.0-255,766,116995,64,337747
36504,0.001249,74.125.200.0-255,1484,118479,64,337747
36505,0.001254,74.125.200.0-255,1484,119963,64,337747
36506,0.001264,172.31.40.0-255,66,120029,64,337747
36507,0.001271,74.125.200.0-255,1484,121513,64,337747
36508,0.001273,74.125.200.0-255,1484,122997,64,337747
36509,0.001291,74.125.200.0-255,4320,127317,64,337747
36510,0.001295,74.125.200.0-255,2902,130219,64,337747
36511,0.0013,74.125.200.0-255,4320,134539,64,337747
36512,0.001309,172.31.40.0-255,66,134605,64,337747
36513,0.001354,172.31.40.0-255,66,134671,64,337747
36514,0.001608,74.125.200.0-255,1484,136155,64,337747
36515,0.001613,74.125.200.0-255,1484,137639,64,337747
36516,0.001616,172.31.40.0-255,66,137705,64,337747
36517,0.001639,74.125.200.0-255,1484,139189,64,337747
36518,0.001645,74.125.200.0-255,5738,144927,64,337747
36519,0.001648,172.31.40.0-255,66,144993,64,337747
36520,0.001652,74.125.200.0-255,2902,147895,64,337747
36521,0.001759,172.31.40.0-255,66,147961,64,337747
36522,0.001788,74.125.200.0-255,5738,153699,64,337747
36523,0.001813,74.125.200.0-255,5738,159437,64,337747
36524,0.00182,74.125.200.0-255,7156,166593,64,337747
36525,0.001831,172.31.40.0-255,66,166659,64,337747
36526,0.001855,74.125.200.0-255,5020,171679,64,337747
36527,0.001868,172.31.40.0-255,66,171745,64,337747
36528,0.00187,74.125.200.0-255,1484,173229,64,337747
36529,0.001884,74.125.200.0-255,1484,174713,64,337747
36530,0.001904,74.125.200.0-255,2902,177615,64,337747
36531,0.00191,74.125.200.0-255,5738,183353,64,337747
36532,0.001912,172.31.40.0-255,66,183419,64,337747
36533,0.001917,172.31.40.0-255,66,183485,64,337747
36534,0.001946,74.125.200.0-255,5738,189223,64,337747
36535,0.00197,74.125.200.0-255,5738,194961,64,337747
36536,0.001983,74.125.200.0-255,1484,196445,64,337747
36537,0.001998,74.125.200.0-255,1484,197929,64,337747
36538,0.002003,172.31.40.0-255,66,197995,64,337747
36539,0.00202,74.125.200.0-255,7156,205151,64,337747
36540,0.002033,74.125.200.0-255,766,205917,64,337747
36541,0.002044,172.31.40.0-255,66,205983,64,337747
36542,0.002067,74.125.200.0-255,1484,207467,64,337747
36543,0.002082,74.125.200.0-255,2902,210369,64,337747
36544,0.002087,172.31.40.0-255,66,210435,64,337747
36545,0.002094,74.125.200.0-255,1484,211919,64,337747
36546,0.002097,74.125.200.0-255,1484,213403,64,337747
36547,0.002124,74.125.200.0-255,5738,219141,64,337747
36548,0.002131,74.125.200.0-255,5738,224879,64,337747
36549,0.002143,74.125.200.0-255,2902,227781,64,337747
36550,0.002155,74.125.200.0-255,2902,230683,64,337747
36551,0.002161,172.31.40.0-255,66,230749,64,337747
36552,0.002199,172.31.40.0-255,66,230815,64,337747
36553,0.002217,74.125.200.0-255,4320,235135,64,337747
36554,0.002247,74.125.200.0-255,5738,240873,64,337747
36555,0.002251,74.125.200.0-255,2902,243775,64,337747
36556,0.002259,172.31.40.0-255,66,243841,64,337747
36557,0.002277,74.125.200.0-255,4320,248161,64,337747
36558,0.00229,172.31.40.0-255,66,248227,64,337747
36559,0.004459,74.125.200.0-255,1484,249711,64,337747
36560,0.004478,74.125.200.0-255,4320,254031,64,337747
36561,0.004483,172.31.40.0-255,66,254097,64,337747
36562,0.006674,74.125.200.0-255,2902,256999,64,337747
36563,0.006688,74.125.200.0-255,2902,259901,64,337747
36564,0.008356,172.31.40.0-255,66,259967,64,337747
36565,0.010553,74.125.200.0-255,1484,261451,64,337747
36566,0.010559,172.31.40.0-255,66,261517,64,337747
36567,0.010589,74.125.200.0-255,4320,265837,64,337747
36568,0.010592,172.31.40.0-255,66,265903,64,337747
36569,0.012763,74.125.200.0-255,1484,267387,64,337747
36570,0.012772,172.31.40.0-255,66,267453,64,337747
36571,0.012807,74.125.200.0-255,4320,271773,64,337747
36572,0.012811,172.31.40.0-255,66,271839,64,337747
36573,0.014965,74.125.200.0-255,1484,273323,64,337747
36574,0.014992,74.125.200.0-255,1484,274807,64,337747
36575,0.014997,172.31.40.0-255,66,274873,64,337747
36576,0.015018,74.125.200.0-255,2902,277775,64,337747
36577,0.015022,172.31.40.0-255,66,277841,64,337747
36578,0.017218,74.125.200.0-255,5738,283579,64,337747
36579,0.017232,172.31.40.0-255,66,283645,64,337747
36580,0.019437,74.125.200.0-255,5738,289383,64,337747
36581,0.019445,172.31.40.0-255,66,289449,64,337747
36582,0.021658,74.125.200.0-255,5738,295187,64,337747
36583,0.021673,172.31.40.0-255,66,295253,64,337747
36584,0.023887,74.125.200.0-255,5738,300991,64,337747
36585,0.023895,172.31.40.0-255,66,301057,64,337747
36586,0.026138,74.125.200.0-255,5738,306795,64,337747
36587,0.026146,172.31.40.0-255,66,306861,64,337747
36588,0.028353,74.125.200.0-255,5738,312599,64,337747
36589,0.028362,172.31.40.0-255,66,312665,64,337747
36590,0.030581,74.125.200.0-255,5738,318403,64,337747
36591,0.030598,172.31.40.0-255,66,318469,64,337747
36592,0.032807,74.125.200.0-255,5738,324207,64,337747
36593,0.032817,172.31.40.0-255,66,324273,64,337747
36594,0.035044,74.125.200.0-255,5738,330011,64,337747
36595,0.035062,172.31.40.0-255,66,330077,64,337747
36596,0.037283,74.125.200.0-255,3141,333218,64,337747
36597,0.037295,172.31.40.0-255,66,333284,64,337747
36598,0.037871,172.31.40.0-255,105,333389,64,337747
36599,0.040055,74.125.200.0-255,66,333455,64,337747
36600,0.049498,172.31.40.0-255,172,333627,64,337747
36601,0.049536,172.31.40.0-255,1113,334740,64,337747
36602,0.049595,172.31.40.0-255,1514,336254,64,337747
36603,0.049616,172.31.40.0-255,1295,337549,64,337747
36604,0.051035,104.244.42.0-255,66,337615,64,337747
36605,0.051167,104.244.42.0-255,66,337681,64,337747
36606,0.051172,104.244.42.0-255,66,337747,64,337747
36607,0.0,172.253.118.0-255,146,146,64,192413
36608,2.3e-05,172.31.40.0-255,66,212,64,192413
36609,3.1e-05,172.253.118.0-255,1484,1696,64,192413
36610,3.5e-05,172.31.40.0-255,66,1762,64,192413
36611,4e-05,172.253.118.0-255,2902,4664,64,192413
36612,4.3e-05,172.31.40.0-255,66,4730,64,192413
36613,5.1e-05,172.253.118.0-255,7156,11886,64,192413
36614,5.5e-05,172.31.40.0-255,66,11952,64,192413
36615,5.9e-05,172.253.118.0-255,2018,13970,64,192413
36616,6.2e-05,172.31.40.0-255,66,14036,64,192413
36617,9.3e-05,172.31.40.0-255,66,14102,64,192413
36618,0.0001,172.253.118.0-255,5738,19840,64,192413
36619,0.000102,172.31.40.0-255,66,19906,64,192413
36620,0.000117,172.253.118.0-255,5738,25644,64,192413
36621,0.00012,172.31.40.0-255,66,25710,64,192413
36622,0.000162,172.253.118.0-255,5738,31448,64,192413
36623,0.000165,172.31.40.0-255,66,31514,64,192413
36624,0.000203,172.31.40.0-255,66,31580,64,192413
36625,0.000208,172.253.118.0-255,2823,34403,64,192413
36626,0.00021,172.31.40.0-255,66,34469,64,192413
36627,0.000229,172.253.118.0-255,127,34596,64,192413
36628,0.000231,172.31.40.0-255,66,34662,64,192413
36629,0.000336,172.253.118.0-255,1484,36146,64,192413
36630,0.000339,172.31.40.0-255,66,36212,64,192413
36631,0.000353,172.253.118.0-255,2902,39114,64,192413
36632,0.000356,172.31.40.0-255,66,39180,64,192413
36633,0.000385,172.253.118.0-255,5738,44918,64,192413
36634,0.000388,172.31.40.0-255,66,44984,64,192413
36635,0.000445,172.31.40.0-255,66,45050,64,192413
36636,0.000453,172.253.118.0-255,7156,52206,64,192413
36637,0.000455,172.31.40.0-255,66,52272,64,192413
36638,0.00046,172.253.118.0-255,3602,55874,64,192413
36639,0.000462,172.31.40.0-255,66,55940,64,192413
36640,0.000738,172.253.118.0-255,1484,57424,64,192413
36641,0.000745,172.253.118.0-255,2902,60326,64,192413
36642,0.00075,172.31.40.0-255,66,60392,64,192413
36643,0.000756,172.253.118.0-255,4320,64712,64,192413
36644,0.000758,172.31.40.0-255,66,64778,64,192413
36645,0.000775,172.253.118.0-255,1484,66262,64,192413
36646,0.000782,172.253.118.0-255,7156,73418,64,192413
36647,0.000785,172.31.40.0-255,66,73484,64,192413
36648,0.000834,172.31.40.0-255,66,73550,64,192413
36649,0.000837,172.253.118.0-255,2184,75734,64,192413
36650,0.000839,172.31.40.0-255,66,75800,64,192413
36651,0.000896,172.253.118.0-255,1484,77284,64,192413
36652,0.000901,172.253.118.0-255,2902,80186,64,192413
36653,0.000904,172.31.40.0-255,66,80252,64,192413
36654,0.000924,172.253.118.0-255,5738,85990,64,192413
36655,0.000945,172.253.118.0-255,5738,91728,64,192413
36656,0.000972,172.253.118.0-255,7156,98884,64,192413
36657,0.001038,172.31.40.0-255,66,98950,64,192413
36658,0.001277,172.253.118.0-255,1484,100434,64,192413
36659,0.001283,172.253.118.0-255,2902,103336,64,192413
36660,0.00129,172.31.40.0-255,66,103402,64,192413
36661,0.001303,172.253.118.0-255,5738,109140,64,192413
36662,0.001323,172.31.40.0-255,66,109206,64,192413
36663,0.001362,172.31.40.0-255,66,109272,64,192413
36664,0.001383,172.253.118.0-255,5738,115010,64,192413
36665,0.001403,172.253.118.0-255,5020,120030,64,192413
36666,0.001414,172.31.40.0-255,66,120096,64,192413
36667,0.001589,172.253.118.0-255,1484,121580,64,192413
36668,0.001594,172.253.118.0-255,2902,124482,64,192413
36669,0.001597,172.31.40.0-255,66,124548,64,192413
36670,0.001624,172.253.118.0-255,5738,130286,64,192413
36671,0.001632,172.253.118.0-255,7156,137442,64,192413
36672,0.001646,172.31.40.0-255,66,137508,64,192413
36673,0.001665,172.253.118.0-255,5738,143246,64,192413
36674,0.001673,172.31.40.0-255,66,143312,64,192413
36675,0.001702,172.253.118.0-255,2184,145496,64,192413
36676,0.001712,172.31.40.0-255,66,145562,64,192413
36677,0.001752,172.253.118.0-255,4320,149882,64,192413
36678,0.001768,172.31.40.0-255,66,149948,64,192413
36679,0.001783,172.253.118.0-255,5738,155686,64,192413
36680,0.00179,172.253.118.0-255,6438,162124,64,192413
36681,0.001826,172.31.40.0-255,66,162190,64,192413
36682,0.001884,172.31.40.0-255,66,162256,64,192413
36683,0.001924,172.253.118.0-255,7156,169412,64,192413
36684,0.001928,172.31.40.0-255,66,169478,64,192413
36685,0.001933,172.31.40.0-255,66,169544,64,192413
36686,0.001941,172.253.118.0-255,2902,172446,64,192413
36687,0.00197,172.253.118.0-255,4320,176766,64,192413
36688,0.001985,172.31.40.0-255,66,176832,64,192413
36689,0.002041,172.31.40.0-255,66,176898,64,192413
36690,0.00205,172.253.118.0-255,4320,181218,64,192413
36691,0.002055,172.31.40.0-255,66,181284,64,192413
36692,0.002116,172.253.118.0-255,2184,183468,64,192413
36693,0.002118,172.31.40.0-255,66,183534,64,192413
36694,0.002123,172.31.40.0-255,66,183600,64,192413
36695,0.002137,172.253.118.0-255,1484,185084,64,192413
36696,0.002149,172.253.118.0-255,2693,187777,64,192413
36697,0.002164,172.253.118.0-255,105,187882,64,192413
36698,0.002173,172.31.40.0-255,66,187948,64,192413
36699,0.004779,172.31.40.0-255,105,188053,64,192413
36700,0.007299,172.253.118.0-255,66,188119,64,192413
36701,0.033654,172.31.40.0-255,172,188291,64,192413
36702,0.033681,172.31.40.0-255,1112,189403,64,192413
36703,0.033732,172.31.40.0-255,1514,190917,64,192413
36704,0.033733,172.31.40.0-255,1298,192215,64,192413
36705,0.035156,104.244.42.0-255,66,192281,64,192413
36706,0.035193,104.244.42.0-255,66,192347,64,192413
36707,0.035261,104.244.42.0-255,66,192413,64,192413
36708,0.0,172.31.40.0-255,105,105,64,459
36709,0.000209,172.31.40.0-255,90,195,64,459
36710,0.000219,172.31.40.0-255,66,261,64,459
36711,0.002762,74.125.130.0-255,66,327,64,459
36712,0.002793,74.125.130.0-255,66,393,64,459
36713,0.002816,172.31.40.0-255,66,459,64,459
36714,0.0,74.125.200.0-255,297,297,64,380026
36715,2.3e-05,172.31.40.0-255,66,363,64,380026
36716,3e-05,74.125.200.0-255,1484,1847,64,380026
36717,3.5e-05,172.31.40.0-255,66,1913,64,380026
36718,4.2e-05,74.125.200.0-255,4320,6233,64,380026
36719,4.5e-05,172.31.40.0-255,66,6299,64,380026
36720,7.2e-05,74.125.200.0-255,5738,12037,64,380026
36721,7.5e-05,172.31.40.0-255,66,12103,64,380026
36722,9.2e-05,74.125.200.0-255,3220,15323,64,380026
36723,9.4e-05,172.31.40.0-255,66,15389,64,380026
36724,0.00012,74.125.200.0-255,4320,19709,64,380026
36725,0.000122,172.31.40.0-255,66,19775,64,380026
36726,0.000139,74.125.200.0-255,4320,24095,64,380026
36727,0.000142,172.31.40.0-255,66,24161,64,380026
36728,0.000163,74.125.200.0-255,2902,27063,64,380026
36729,0.000165,172.31.40.0-255,66,27129,64,380026
36730,0.000194,74.125.200.0-255,3961,31090,64,380026
36731,0.000197,172.31.40.0-255,66,31156,64,380026
36732,0.001346,74.125.200.0-255,1484,32640,64,380026
36733,0.001353,172.31.40.0-255,66,32706,64,380026
36734,0.001363,74.125.200.0-255,2902,35608,64,380026
36735,0.001365,172.31.40.0-255,66,35674,64,380026
36736,0.00137,74.125.200.0-255,2902,38576,64,380026
36737,0.001373,172.31.40.0-255,66,38642,64,380026
36738,0.001392,74.125.200.0-255,2902,41544,64,380026
36739,0.001394,172.31.40.0-255,66,41610,64,380026
36740,0.001431,74.125.200.0-255,4320,45930,64,380026
36741,0.001433,172.31.40.0-255,66,45996,64,380026
36742,0.001451,74.125.200.0-255,2543,48539,64,380026
36743,0.001453,172.31.40.0-255,66,48605,64,380026
36744,0.001476,74.125.200.0-255,2902,51507,64,380026
36745,0.001479,172.31.40.0-255,66,51573,64,380026
36746,0.001498,74.125.200.0-255,4320,55893,64,380026
36747,0.0015,172.31.40.0-255,66,55959,64,380026
36748,0.001536,74.125.200.0-255,5738,61697,64,380026
36749,0.001538,172.31.40.0-255,66,61763,64,380026
36750,0.001554,74.125.200.0-255,4272,66035,64,380026
36751,0.001556,172.31.40.0-255,66,66101,64,380026
36752,0.001645,74.125.200.0-255,111,66212,64,380026
36753,0.001765,74.125.200.0-255,1484,67696,64,380026
36754,0.001771,172.31.40.0-255,66,67762,64,380026
36755,0.001787,74.125.200.0-255,2902,70664,64,380026
36756,0.001789,172.31.40.0-255,66,70730,64,380026
36757,0.001808,74.125.200.0-255,2902,73632,64,380026
36758,0.00181,172.31.40.0-255,66,73698,64,380026
36759,0.001825,74.125.200.0-255,2902,76600,64,380026
36760,0.001828,172.31.40.0-255,66,76666,64,380026
36761,0.001851,74.125.200.0-255,1484,78150,64,380026
36762,0.001862,172.31.40.0-255,66,78216,64,380026
36763,0.001866,74.125.200.0-255,2902,81118,64,380026
36764,0.001868,172.31.40.0-255,66,81184,64,380026
36765,0.00192,74.125.200.0-255,7156,88340,64,380026
36766,0.001922,172.31.40.0-255,66,88406,64,380026
36767,0.00194,74.125.200.0-255,3602,92008,64,380026
36768,0.001942,172.31.40.0-255,66,92074,64,380026
36769,0.003077,172.31.40.0-255,101,92175,64,380026
36770,0.003852,74.125.200.0-255,1484,93659,64,380026
36771,0.003872,74.125.200.0-255,4320,97979,64,380026
36772,0.003877,172.31.40.0-255,66,98045,64,380026
36773,0.004978,74.125.200.0-255,66,98111,64,380026
36774,0.005841,74.125.200.0-255,5738,103849,64,380026
36775,0.005844,172.31.40.0-255,66,103915,64,380026
36776,0.007794,74.125.200.0-255,5738,109653,64,380026
36777,0.007801,172.31.40.0-255,66,109719,64,380026
36778,0.009761,74.125.200.0-255,5738,115457,64,380026
36779,0.00977,172.31.40.0-255,66,115523,64,380026
36780,0.011721,74.125.200.0-255,5738,121261,64,380026
36781,0.01173,172.31.40.0-255,66,121327,64,380026
36782,0.013688,74.125.200.0-255,5738,127065,64,380026
36783,0.013698,172.31.40.0-255,66,127131,64,380026
36784,0.015647,74.125.200.0-255,5738,132869,64,380026
36785,0.015657,172.31.40.0-255,66,132935,64,380026
36786,0.017611,74.125.200.0-255,5738,138673,64,380026
36787,0.017625,172.31.40.0-255,66,138739,64,380026
36788,0.019564,74.125.200.0-255,5738,144477,64,380026
36789,0.019574,172.31.40.0-255,66,144543,64,380026
36790,0.021524,74.125.200.0-255,5738,150281,64,380026
36791,0.021533,172.31.40.0-255,66,150347,64,380026
36792,0.023476,74.125.200.0-255,5738,156085,64,380026
36793,0.023483,172.31.40.0-255,66,156151,64,380026
36794,0.024435,172.31.40.0-255,166,156317,64,380026
36795,0.024474,172.31.40.0-255,1146,157463,64,380026
36796,0.024535,172.31.40.0-255,1514,158977,64,380026
36797,0.024537,172.31.40.0-255,299,159276,64,380026
36798,0.025433,74.125.200.0-255,5738,165014,64,380026
36799,0.025441,172.31.40.0-255,66,165080,64,380026
36800,0.026009,104.244.42.0-255,66,165146,64,380026
36801,0.026018,104.244.42.0-255,66,165212,64,380026
36802,0.026058,104.244.42.0-255,66,165278,64,380026
36803,0.027404,74.125.200.0-255,5738,171016,64,380026
36804,0.027415,172.31.40.0-255,66,171082,64,380026
36805,0.029368,74.125.200.0-255,5738,176820,64,380026
36806,0.029377,172.31.40.0-255,66,176886,64,380026
36807,0.031334,74.125.200.0-255,5738,182624,64,380026
36808,0.031341,172.31.40.0-255,66,182690,64,380026
36809,0.033297,74.125.200.0-255,5738,188428,64,380026
36810,0.033303,172.31.40.0-255,66,188494,64,380026
36811,0.035263,74.125.200.0-255,5738,194232,64,380026
36812,0.03527,172.31.40.0-255,66,194298,64,380026
36813,0.037223,74.125.200.0-255,5738,200036,64,380026
36814,0.037229,172.31.40.0-255,66,200102,64,380026
36815,0.03919,74.125.200.0-255,5738,205840,64,380026
36816,0.039197,172.31.40.0-255,66,205906,64,380026
36817,0.041154,74.125.200.0-255,5738,211644,64,380026
36818,0.04116,172.31.40.0-255,66,211710,64,380026
36819,0.043115,74.125.200.0-255,5738,217448,64,380026
36820,0.043124,172.31.40.0-255,66,217514,64,380026
36821,0.045074,74.125.200.0-255,5738,223252,64,380026
36822,0.04508,172.31.40.0-255,66,223318,64,380026
36823,0.047025,74.125.200.0-255,5738,229056,64,380026
36824,0.047032,172.31.40.0-255,66,229122,64,380026
36825,0.048976,74.125.200.0-255,5738,234860,64,380026
36826,0.048984,172.31.40.0-255,66,234926,64,380026
36827,0.050929,74.125.200.0-255,5738,240664,64,380026
36828,0.050935,172.31.40.0-255,66,240730,64,380026
36829,0.0529,74.125.200.0-255,5738,246468,64,380026
36830,0.052907,172.31.40.0-255,66,246534,64,380026
36831,0.05486,74.125.200.0-255,5738,252272,64,380026
36832,0.054874,172.31.40.0-255,66,252338,64,380026
36833,0.056831,74.125.200.0-255,5738,258076,64,380026
36834,0.056846,172.31.40.0-255,66,258142,64,380026
36835,0.058799,74.125.200.0-255,5738,263880,64,380026
36836,0.058812,172.31.40.0-255,66,263946,64,380026
36837,0.060769,74.125.200.0-255,5738,269684,64,380026
36838,0.060782,172.31.40.0-255,66,269750,64,380026
36839,0.062734,74.125.200.0-255,5738,275488,64,380026
36840,0.062746,172.31.40.0-255,66,275554,64,380026
36841,0.06471,74.125.200.0-255,5738,281292,64,380026
36842,0.064725,172.31.40.0-255,66,281358,64,380026
36843,0.066684,74.125.200.0-255,5738,287096,64,380026
36844,0.066698,172.31.40.0-255,66,287162,64,380026
36845,0.068657,74.125.200.0-255,5738,292900,64,380026
36846,0.068672,172.31.40.0-255,66,292966,64,380026
36847,0.070661,74.125.200.0-255,5738,298704,64,380026
36848,0.070676,172.31.40.0-255,66,298770,64,380026
36849,0.072631,74.125.200.0-255,5738,304508,64,380026
36850,0.072639,172.31.40.0-255,66,304574,64,380026
36851,0.074591,74.125.200.0-255,5738,310312,64,380026
36852,0.074599,172.31.40.0-255,66,310378,64,380026
36853,0.076555,74.125.200.0-255,5738,316116,64,380026
36854,0.076568,172.31.40.0-255,66,316182,64,380026
36855,0.078513,74.125.200.0-255,5738,321920,64,380026
36856,0.078527,172.31.40.0-255,66,321986,64,380026
36857,0.080487,74.125.200.0-255,5738,327724,64,380026
36858,0.0805,172.31.40.0-255,66,327790,64,380026
36859,0.082462,74.125.200.0-255,5738,333528,64,380026
36860,0.082477,172.31.40.0-255,66,333594,64,380026
36861,0.084434,74.125.200.0-255,5738,339332,64,380026
36862,0.084442,172.31.40.0-255,66,339398,64,380026
36863,0.086392,74.125.200.0-255,5738,345136,64,380026
36864,0.086398,172.31.40.0-255,66,345202,64,380026
36865,0.088365,74.125.200.0-255,5738,350940,64,380026
36866,0.088372,172.31.40.0-255,66,351006,64,380026
36867,0.090322,74.125.200.0-255,5738,356744,64,380026
36868,0.090328,172.31.40.0-255,66,356810,64,380026
36869,0.092294,74.125.200.0-255,5738,362548,64,380026
36870,0.092301,172.31.40.0-255,66,362614,64,380026
36871,0.094253,74.125.200.0-255,5738,368352,64,380026
36872,0.094259,172.31.40.0-255,66,368418,64,380026
36873,0.096206,74.125.200.0-255,5738,374156,64,380026
36874,0.096213,172.31.40.0-255,66,374222,64,380026
36875,0.098155,74.125.200.0-255,5738,379960,64,380026
36876,0.098164,172.31.40.0-255,66,380026,64,380026
36877,0.0,216.58.221.0-255,298,298,64,318036
36878,1.9e-05,172.31.40.0-255,66,364,64,318036
36879,2.4e-05,216.58.221.0-255,1484,1848,64,318036
36880,2.8e-05,172.31.40.0-255,66,1914,64,318036
36881,3.6e-05,216.58.221.0-255,2902,4816,64,318036
36882,3.9e-05,172.31.40.0-255,66,4882,64,318036
36883,7.5e-05,216.58.221.0-255,1484,6366,64,318036
36884,7.8e-05,172.31.40.0-255,66,6432,64,318036
36885,9e-05,172.31.40.0-255,66,6498,64,318036
36886,0.000106,172.31.40.0-255,66,6564,64,318036
36887,0.000109,216.58.221.0-255,1484,8048,64,318036
36888,0.000111,172.31.40.0-255,66,8114,64,318036
36889,0.000144,216.58.221.0-255,5738,13852,64,318036
36890,0.000148,172.31.40.0-255,66,13918,64,318036
36891,0.000172,216.58.221.0-255,1125,15043,64,318036
36892,0.000175,172.31.40.0-255,66,15109,64,318036
36893,0.000284,216.58.221.0-255,1484,16593,64,318036
36894,0.000288,172.31.40.0-255,66,16659,64,318036
36895,0.000293,216.58.221.0-255,2902,19561,64,318036
36896,0.000296,172.31.40.0-255,66,19627,64,318036
36897,0.000299,216.58.221.0-255,1484,21111,64,318036
36898,0.000301,172.31.40.0-255,66,21177,64,318036
36899,0.000341,216.58.221.0-255,4320,25497,64,318036
36900,0.000345,172.31.40.0-255,66,25563,64,318036
36901,0.000351,216.58.221.0-255,5738,31301,64,318036
36902,0.000353,172.31.40.0-255,66,31367,64,318036
36903,0.000364,216.58.221.0-255,6797,38164,64,318036
36904,0.000367,172.31.40.0-255,66,38230,64,318036
36905,0.000419,172.31.40.0-255,66,38296,64,318036
36906,0.000999,216.58.221.0-255,136,38432,64,318036
36907,0.001104,216.58.221.0-255,1484,39916,64,318036
36908,0.001109,216.58.221.0-255,2902,42818,64,318036
36909,0.001114,172.31.40.0-255,66,42884,64,318036
36910,0.001119,172.31.40.0-255,66,42950,64,318036
36911,0.001145,216.58.221.0-255,2902,45852,64,318036
36912,0.001152,172.31.40.0-255,66,45918,64,318036
36913,0.001158,216.58.221.0-255,4320,50238,64,318036
36914,0.001159,172.31.40.0-255,66,50304,64,318036
36915,0.001193,216.58.221.0-255,5379,55683,64,318036
36916,0.001196,172.31.40.0-255,66,55749,64,318036
36917,0.001203,216.58.221.0-255,5738,61487,64,318036
36918,0.001205,172.31.40.0-255,66,61553,64,318036
36919,0.001231,216.58.221.0-255,4320,65873,64,318036
36920,0.001233,172.31.40.0-255,66,65939,64,318036
36921,0.001267,216.58.221.0-255,6797,72736,64,318036
36922,0.001269,172.31.40.0-255,66,72802,64,318036
36923,0.001409,216.58.221.0-255,1484,74286,64,318036
36924,0.001425,216.58.221.0-255,2902,77188,64,318036
36925,0.001428,172.31.40.0-255,66,77254,64,318036
36926,0.001434,216.58.221.0-255,5738,82992,64,318036
36927,0.001436,172.31.40.0-255,66,83058,64,318036
36928,0.001439,216.58.221.0-255,1484,84542,64,318036
36929,0.001469,216.58.221.0-255,5738,90280,64,318036
36930,0.001472,172.31.40.0-255,66,90346,64,318036
36931,0.001486,172.31.40.0-255,66,90412,64,318036
36932,0.001494,216.58.221.0-255,2184,92596,64,318036
36933,0.001497,172.31.40.0-255,66,92662,64,318036
36934,0.001529,216.58.221.0-255,2902,95564,64,318036
36935,0.001532,216.58.221.0-255,1484,97048,64,318036
36936,0.001535,172.31.40.0-255,66,97114,64,318036
36937,0.001566,216.58.221.0-255,2902,100016,64,318036
36938,0.00157,172.31.40.0-255,66,100082,64,318036
36939,0.001581,172.31.40.0-255,66,100148,64,318036
36940,0.001587,216.58.221.0-255,1484,101632,64,318036
36941,0.001649,172.31.40.0-255,66,101698,64,318036
36942,0.001676,216.58.221.0-255,2184,103882,64,318036
36943,0.001678,216.58.221.0-255,1484,105366,64,318036
36944,0.001682,172.31.40.0-255,66,105432,64,318036
36945,0.001716,216.58.221.0-255,2902,108334,64,318036
36946,0.001719,172.31.40.0-255,66,108400,64,318036
36947,0.001725,216.58.221.0-255,5738,114138,64,318036
36948,0.001727,172.31.40.0-255,66,114204,64,318036
36949,0.001744,172.31.40.0-255,66,114270,64,318036
36950,0.001778,216.58.221.0-255,1484,115754,64,318036
36951,0.001791,172.31.40.0-255,66,115820,64,318036
36952,0.00186,216.58.221.0-255,1484,117304,64,318036
36953,0.001866,216.58.221.0-255,2902,120206,64,318036
36954,0.001869,172.31.40.0-255,66,120272,64,318036
36955,0.001873,216.58.221.0-255,2902,123174,64,318036
36956,0.001875,172.31.40.0-255,66,123240,64,318036
36957,0.001911,216.58.221.0-255,2902,126142,64,318036
36958,0.001914,172.31.40.0-255,66,126208,64,318036
36959,0.00192,216.58.221.0-255,4320,130528,64,318036
36960,0.001923,172.31.40.0-255,66,130594,64,318036
36961,0.001928,216.58.221.0-255,5738,136332,64,318036
36962,0.001935,172.31.40.0-255,66,136398,64,318036
36963,0.001948,172.31.40.0-255,66,136464,64,318036
36964,0.001952,216.58.221.0-255,2184,138648,64,318036
36965,0.001955,172.31.40.0-255,66,138714,64,318036
36966,0.003885,216.58.221.0-255,5738,144452,64,318036
36967,0.003891,172.31.40.0-255,66,144518,64,318036
36968,0.005831,216.58.221.0-255,5738,150256,64,318036
36969,0.005838,172.31.40.0-255,66,150322,64,318036
36970,0.007781,216.58.221.0-255,5738,156060,64,318036
36971,0.007788,172.31.40.0-255,66,156126,64,318036
36972,0.009744,216.58.221.0-255,5738,161864,64,318036
36973,0.00976,172.31.40.0-255,66,161930,64,318036
36974,0.01171,216.58.221.0-255,5738,167668,64,318036
36975,0.011724,172.31.40.0-255,66,167734,64,318036
36976,0.013663,216.58.221.0-255,5738,173472,64,318036
36977,0.01367,172.31.40.0-255,66,173538,64,318036
36978,0.015613,216.58.221.0-255,5738,179276,64,318036
36979,0.015621,172.31.40.0-255,66,179342,64,318036
36980,0.017567,216.58.221.0-255,5738,185080,64,318036
36981,0.017581,172.31.40.0-255,66,185146,64,318036
36982,0.019524,216.58.221.0-255,5738,190884,64,318036
36983,0.019531,172.31.40.0-255,66,190950,64,318036
36984,0.021471,216.58.221.0-255,5738,196688,64,318036
36985,0.021479,172.31.40.0-255,66,196754,64,318036
36986,0.023422,216.58.221.0-255,5738,202492,64,318036
36987,0.02343,172.31.40.0-255,66,202558,64,318036
36988,0.025398,216.58.221.0-255,5738,208296,64,318036
36989,0.025405,172.31.40.0-255,66,208362,64,318036
36990,0.027362,216.58.221.0-255,5738,214100,64,318036
36991,0.027376,172.31.40.0-255,66,214166,64,318036
36992,0.029314,216.58.221.0-255,5738,219904,64,318036
36993,0.029321,172.31.40.0-255,66,219970,64,318036
36994,0.031264,216.58.221.0-255,5738,225708,64,318036
36995,0.031272,172.31.40.0-255,66,225774,64,318036
36996,0.033211,216.58.221.0-255,5738,231512,64,318036
36997,0.033218,172.31.40.0-255,66,231578,64,318036
36998,0.035184,216.58.221.0-255,5738,237316,64,318036
36999,0.0352,172.31.40.0-255,66,237382,64,318036
37000,0.037142,216.58.221.0-255,5738,243120,64,318036
37001,0.037149,172.31.40.0-255,66,243186,64,318036
37002,0.039102,216.58.221.0-255,5738,248924,64,318036
37003,0.039117,172.31.40.0-255,66,248990,64,318036
37004,0.041112,216.58.221.0-255,5738,254728,64,318036
37005,0.041127,172.31.40.0-255,66,254794,64,318036
37006,0.043086,216.58.221.0-255,5738,260532,64,318036
37007,0.043098,172.31.40.0-255,66,260598,64,318036
37008,0.045066,216.58.221.0-255,5738,266336,64,318036
37009,0.045072,172.31.40.0-255,66,266402,64,318036
37010,0.047027,216.58.221.0-255,5738,272140,64,318036
37011,0.04704,172.31.40.0-255,66,272206,64,318036
37012,0.048803,172.31.40.0-255,172,272378,64,318036
37013,0.048836,172.31.40.0-255,1113,273491,64,318036
37014,0.048894,172.31.40.0-255,1514,275005,64,318036
37015,0.048895,172.31.40.0-255,331,275336,64,318036
37016,0.048977,216.58.221.0-255,5738,281074,64,318036
37017,0.048982,172.31.40.0-255,66,281140,64,318036
37018,0.050373,104.244.42.0-255,66,281206,64,318036
37019,0.05041,104.244.42.0-255,66,281272,64,318036
37020,0.050456,104.244.42.0-255,66,281338,64,318036
37021,0.050918,216.58.221.0-255,5738,287076,64,318036
37022,0.050924,172.31.40.0-255,66,287142,64,318036
37023,0.052881,216.58.221.0-255,5738,292880,64,318036
37024,0.052897,172.31.40.0-255,66,292946,64,318036
37025,0.05486,216.58.221.0-255,5738,298684,64,318036
37026,0.054874,172.31.40.0-255,66,298750,64,318036
37027,0.056813,216.58.221.0-255,5738,304488,64,318036
37028,0.056822,172.31.40.0-255,66,304554,64,318036
37029,0.058774,216.58.221.0-255,5738,310292,64,318036
37030,0.058788,172.31.40.0-255,66,310358,64,318036
37031,0.06073,216.58.221.0-255,5738,316096,64,318036
37032,0.060741,172.31.40.0-255,66,316162,64,318036
37033,0.062702,216.58.221.0-255,1637,317799,64,318036
37034,0.062716,172.31.40.0-255,66,317865,64,318036
37035,0.062968,172.31.40.0-255,105,317970,64,318036
37036,0.06487,216.58.221.0-255,66,318036,64,318036
37037,0.0,74.125.200.0-255,154,154,64,399778
37038,2.3e-05,172.31.40.0-255,66,220,64,399778
37039,3e-05,74.125.200.0-255,1484,1704,64,399778
37040,3.4e-05,172.31.40.0-255,66,1770,64,399778
37041,4e-05,74.125.200.0-255,2902,4672,64,399778
37042,4.3e-05,172.31.40.0-255,66,4738,64,399778
37043,7.3e-05,74.125.200.0-255,4320,9058,64,399778
37044,7.7e-05,172.31.40.0-255,66,9124,64,399778
37045,8.3e-05,74.125.200.0-255,4986,14110,64,399778
37046,8.5e-05,172.31.40.0-255,66,14176,64,399778
37047,0.000128,74.125.200.0-255,7156,21332,64,399778
37048,0.00013,172.31.40.0-255,66,21398,64,399778
37049,0.000153,74.125.200.0-255,7156,28554,64,399778
37050,0.000156,172.31.40.0-255,66,28620,64,399778
37051,0.000176,74.125.200.0-255,1484,30104,64,399778
37052,0.000179,172.31.40.0-255,66,30170,64,399778
37053,0.000181,74.125.200.0-255,1125,31295,64,399778
37054,0.000184,172.31.40.0-255,66,31361,64,399778
37055,0.000251,74.125.200.0-255,1484,32845,64,399778
37056,0.000255,172.31.40.0-255,66,32911,64,399778
37057,0.000259,74.125.200.0-255,1484,34395,64,399778
37058,0.000261,172.31.40.0-255,66,34461,64,399778
37059,0.000264,74.125.200.0-255,1484,35945,64,399778
37060,0.000266,172.31.40.0-255,66,36011,64,399778
37061,0.000286,74.125.200.0-255,1484,37495,64,399778
37062,0.000289,172.31.40.0-255,66,37561,64,399778
37063,0.000295,74.125.200.0-255,5738,43299,64,399778
37064,0.000298,172.31.40.0-255,66,43365,64,399778
37065,0.000311,74.125.200.0-255,1484,44849,64,399778
37066,0.000313,172.31.40.0-255,66,44915,64,399778
37067,0.000332,74.125.200.0-255,6797,51712,64,399778
37068,0.000335,172.31.40.0-255,66,51778,64,399778
37069,0.000346,172.31.40.0-255,66,51844,64,399778
37070,0.000372,74.125.200.0-255,5659,57503,64,399778
37071,0.000375,172.31.40.0-255,66,57569,64,399778
37072,0.00039,74.125.200.0-255,129,57698,64,399778
37073,0.000576,74.125.200.0-255,1484,59182,64,399778
37074,0.00058,172.31.40.0-255,66,59248,64,399778
37075,0.000586,74.125.200.0-255,2902,62150,64,399778
37076,0.000589,172.31.40.0-255,66,62216,64,399778
37077,0.000614,74.125.200.0-255,5738,67954,64,399778
37078,0.000617,172.31.40.0-255,66,68020,64,399778
37079,0.000621,74.125.200.0-255,1484,69504,64,399778
37080,0.000655,74.125.200.0-255,5738,75242,64,399778
37081,0.000659,172.31.40.0-255,66,75308,64,399778
37082,0.000677,74.125.200.0-255,3961,79269,64,399778
37083,0.00068,172.31.40.0-255,66,79335,64,399778
37084,0.000685,74.125.200.0-255,4320,83655,64,399778
37085,0.000687,172.31.40.0-255,66,83721,64,399778
37086,0.00069,74.125.200.0-255,1484,85205,64,399778
37087,0.000715,74.125.200.0-255,4320,89525,64,399778
37088,0.000719,172.31.40.0-255,66,89591,64,399778
37089,0.00077,74.125.200.0-255,2543,92134,64,399778
37090,0.000773,172.31.40.0-255,66,92200,64,399778
37091,0.000965,74.125.200.0-255,1484,93684,64,399778
37092,0.000971,74.125.200.0-255,2902,96586,64,399778
37093,0.000974,172.31.40.0-255,66,96652,64,399778
37094,0.001002,74.125.200.0-255,5738,102390,64,399778
37095,0.001004,172.31.40.0-255,66,102456,64,399778
37096,0.001031,172.31.40.0-255,66,102522,64,399778
37097,0.001048,74.125.200.0-255,4320,106842,64,399778
37098,0.001051,172.31.40.0-255,66,106908,64,399778
37099,0.001056,74.125.200.0-255,4320,111228,64,399778
37100,0.001059,172.31.40.0-255,66,111294,64,399778
37101,0.001086,74.125.200.0-255,2902,114196,64,399778
37102,0.001091,172.31.40.0-255,66,114262,64,399778
37103,0.001115,74.125.200.0-255,3602,117864,64,399778
37104,0.001118,74.125.200.0-255,1484,119348,64,399778
37105,0.001135,74.125.200.0-255,5738,125086,64,399778
37106,0.001139,74.125.200.0-255,2902,127988,64,399778
37107,0.001141,172.31.40.0-255,66,128054,64,399778
37108,0.001147,172.31.40.0-255,66,128120,64,399778
37109,0.001166,74.125.200.0-255,1484,129604,64,399778
37110,0.001174,74.125.200.0-255,5738,135342,64,399778
37111,0.001179,74.125.200.0-255,4320,139662,64,399778
37112,0.001184,172.31.40.0-255,66,139728,64,399778
37113,0.001197,74.125.200.0-255,7156,146884,64,399778
37114,0.001202,74.125.200.0-255,4320,151204,64,399778
37115,0.001223,74.125.200.0-255,766,151970,64,399778
37116,0.001234,172.31.40.0-255,66,152036,64,399778
37117,0.001553,74.125.200.0-255,1484,153520,64,399778
37118,0.001591,74.125.200.0-255,1484,155004,64,399778
37119,0.001596,172.31.40.0-255,66,155070,64,399778
37120,0.001601,74.125.200.0-255,2902,157972,64,399778
37121,0.001603,172.31.40.0-255,66,158038,64,399778
37122,0.001636,74.125.200.0-255,5738,163776,64,399778
37123,0.001643,172.31.40.0-255,66,163842,64,399778
37124,0.001651,74.125.200.0-255,1484,165326,64,399778
37125,0.001676,74.125.200.0-255,2902,168228,64,399778
37126,0.001679,172.31.40.0-255,66,168294,64,399778
37127,0.001695,74.125.200.0-255,1484,169778,64,399778
37128,0.001711,74.125.200.0-255,2902,172680,64,399778
37129,0.001713,172.31.40.0-255,66,172746,64,399778
37130,0.001746,74.125.200.0-255,1484,174230,64,399778
37131,0.001765,74.125.200.0-255,2902,177132,64,399778
37132,0.001768,172.31.40.0-255,66,177198,64,399778
37133,0.001785,74.125.200.0-255,1484,178682,64,399778
37134,0.001805,74.125.200.0-255,4320,183002,64,399778
37135,0.001808,172.31.40.0-255,66,183068,64,399778
37136,0.001848,74.125.200.0-255,3602,186670,64,399778
37137,0.001854,172.31.40.0-255,66,186736,64,399778
37138,0.002113,74.125.200.0-255,1484,188220,64,399778
37139,0.002118,74.125.200.0-255,2902,191122,64,399778
37140,0.002123,74.125.200.0-255,4320,195442,64,399778
37141,0.002128,172.31.40.0-255,66,195508,64,399778
37142,0.002136,172.31.40.0-255,66,195574,64,399778
37143,0.002139,74.125.200.0-255,1484,197058,64,399778
37144,0.002155,74.125.200.0-255,5738,202796,64,399778
37145,0.002174,74.125.200.0-255,4320,207116,64,399778
37146,0.00218,74.125.200.0-255,4320,211436,64,399778
37147,0.002198,74.125.200.0-255,5738,217174,64,399778
37148,0.002201,172.31.40.0-255,66,217240,64,399778
37149,0.002207,172.31.40.0-255,66,217306,64,399778
37150,0.002218,74.125.200.0-255,1484,218790,64,399778
37151,0.002222,74.125.200.0-255,2184,220974,64,399778
37152,0.002224,172.31.40.0-255,66,221040,64,399778
37153,0.002229,74.125.200.0-255,2902,223942,64,399778
37154,0.00223,172.31.40.0-255,66,224008,64,399778
37155,0.002238,74.125.200.0-255,7156,231164,64,399778
37156,0.002261,74.125.200.0-255,7156,238320,64,399778
37157,0.00228,74.125.200.0-255,2902,241222,64,399778
37158,0.002283,74.125.200.0-255,1484,242706,64,399778
37159,0.011079,74.125.200.0-255,1484,244190,64,399778
37160,0.011348,172.31.40.0-255,66,244256,64,399778
37161,0.01359,74.125.200.0-255,5738,249994,64,399778
37162,0.013597,172.31.40.0-255,66,250060,64,399778
37163,0.015836,74.125.200.0-255,5738,255798,64,399778
37164,0.015843,172.31.40.0-255,66,255864,64,399778
37165,0.018084,74.125.200.0-255,5738,261602,64,399778
37166,0.018092,172.31.40.0-255,66,261668,64,399778
37167,0.020363,74.125.200.0-255,5738,267406,64,399778
37168,0.02037,172.31.40.0-255,66,267472,64,399778
37169,0.022623,74.125.200.0-255,5738,273210,64,399778
37170,0.022632,172.31.40.0-255,66,273276,64,399778
37171,0.024872,74.125.200.0-255,5738,279014,64,399778
37172,0.024878,172.31.40.0-255,66,279080,64,399778
37173,0.027113,74.125.200.0-255,5738,284818,64,399778
37174,0.027121,172.31.40.0-255,66,284884,64,399778
37175,0.02936,74.125.200.0-255,5738,290622,64,399778
37176,0.029367,172.31.40.0-255,66,290688,64,399778
37177,0.031604,74.125.200.0-255,5738,296426,64,399778
37178,0.031611,172.31.40.0-255,66,296492,64,399778
37179,0.03212,172.31.40.0-255,172,296664,64,399778
37180,0.032151,172.31.40.0-255,1107,297771,64,399778
37181,0.032215,172.31.40.0-255,1514,299285,64,399778
37182,0.032217,172.31.40.0-255,339,299624,64,399778
37183,0.033636,104.244.42.0-255,66,299690,64,399778
37184,0.033681,104.244.42.0-255,66,299756,64,399778
37185,0.033772,104.244.42.0-255,66,299822,64,399778
37186,0.033846,74.125.200.0-255,5738,305560,64,399778
37187,0.033851,172.31.40.0-255,66,305626,64,399778
37188,0.036078,74.125.200.0-255,5738,311364,64,399778
37189,0.036085,172.31.40.0-255,66,311430,64,399778
37190,0.038325,74.125.200.0-255,5738,317168,64,399778
37191,0.038332,172.31.40.0-255,66,317234,64,399778
37192,0.040572,74.125.200.0-255,5738,322972,64,399778
37193,0.040581,172.31.40.0-255,66,323038,64,399778
37194,0.042828,74.125.200.0-255,5738,328776,64,399778
37195,0.042835,172.31.40.0-255,66,328842,64,399778
37196,0.045077,74.125.200.0-255,5738,334580,64,399778
37197,0.045084,172.31.40.0-255,66,334646,64,399778
37198,0.04733,74.125.200.0-255,5738,340384,64,399778
37199,0.047337,172.31.40.0-255,66,340450,64,399778
37200,0.049588,74.125.200.0-255,5738,346188,64,399778
37201,0.049595,172.31.40.0-255,66,346254,64,399778
37202,0.051841,74.125.200.0-255,5738,351992,64,399778
37203,0.051847,172.31.40.0-255,66,352058,64,399778
37204,0.054094,74.125.200.0-255,5738,357796,64,399778
37205,0.054101,172.31.40.0-255,66,357862,64,399778
37206,0.056356,74.125.200.0-255,5738,363600,64,399778
37207,0.056362,172.31.40.0-255,66,363666,64,399778
37208,0.058606,74.125.200.0-255,5738,369404,64,399778
37209,0.058613,172.31.40.0-255,66,369470,64,399778
37210,0.060859,74.125.200.0-255,5738,375208,64,399778
37211,0.060865,172.31.40.0-255,66,375274,64,399778
37212,0.063122,74.125.200.0-255,5738,381012,64,399778
37213,0.063128,172.31.40.0-255,66,381078,64,399778
37214,0.065368,74.125.200.0-255,5738,386816,64,399778
37215,0.065376,172.31.40.0-255,66,386882,64,399778
37216,0.067618,74.125.200.0-255,5738,392620,64,399778
37217,0.067624,172.31.40.0-255,66,392686,64,399778
37218,0.069875,74.125.200.0-255,5738,398424,64,399778
37219,0.069882,172.31.40.0-255,66,398490,64,399778
37220,0.072118,74.125.200.0-255,1051,399541,64,399778
37221,0.072264,172.31.40.0-255,66,399607,64,399778
37222,0.0723,172.31.40.0-255,105,399712,64,399778
37223,0.074509,74.125.200.0-255,66,399778,64,399778
37224,0.0,216.58.203.0-255,295,295,64,396355
37225,2.2e-05,172.31.40.0-255,66,361,64,396355
37226,2.9e-05,216.58.203.0-255,1484,1845,64,396355
37227,3.5e-05,172.31.40.0-255,66,1911,64,396355
37228,4.2e-05,216.58.203.0-255,4320,6231,64,396355
37229,4.6e-05,172.31.40.0-255,66,6297,64,396355
37230,5.7e-05,172.31.40.0-255,66,6363,64,396355
37231,0.000449,216.58.203.0-255,1484,7847,64,396355
37232,0.000455,172.31.40.0-255,66,7913,64,396355
37233,0.000461,216.58.203.0-255,2902,10815,64,396355
37234,0.000464,172.31.40.0-255,66,10881,64,396355
37235,0.000481,216.58.203.0-255,4320,15201,64,396355
37236,0.000485,172.31.40.0-255,66,15267,64,396355
37237,0.000504,216.58.203.0-255,1484,16751,64,396355
37238,0.000506,172.31.40.0-255,66,16817,64,396355
37239,0.000528,216.58.203.0-255,4320,21137,64,396355
37240,0.000531,172.31.40.0-255,66,21203,64,396355
37241,0.000535,216.58.203.0-255,2543,23746,64,396355
37242,0.000537,172.31.40.0-255,66,23812,64,396355
37243,0.000697,216.58.203.0-255,1484,25296,64,396355
37244,0.000701,172.31.40.0-255,66,25362,64,396355
37245,0.000707,216.58.203.0-255,2902,28264,64,396355
37246,0.000709,172.31.40.0-255,66,28330,64,396355
37247,0.000716,216.58.203.0-255,5738,34068,64,396355
37248,0.000719,172.31.40.0-255,66,34134,64,396355
37249,0.000739,216.58.203.0-255,4320,38454,64,396355
37250,0.000741,172.31.40.0-255,66,38520,64,396355
37251,0.000775,216.58.203.0-255,5379,43899,64,396355
37252,0.000777,172.31.40.0-255,66,43965,64,396355
37253,0.000789,172.31.40.0-255,66,44031,64,396355
37254,0.000795,216.58.203.0-255,3961,47992,64,396355
37255,0.000797,172.31.40.0-255,66,48058,64,396355
37256,0.001276,216.58.203.0-255,646,48704,64,396355
37257,0.001463,216.58.203.0-255,1484,50188,64,396355
37258,0.001469,172.31.40.0-255,66,50254,64,396355
37259,0.001475,216.58.203.0-255,2902,53156,64,396355
37260,0.001477,172.31.40.0-255,66,53222,64,396355
37261,0.001481,216.58.203.0-255,2902,56124,64,396355
37262,0.001483,172.31.40.0-255,66,56190,64,396355
37263,0.001505,216.58.203.0-255,2902,59092,64,396355
37264,0.001507,172.31.40.0-255,66,59158,64,396355
37265,0.001512,216.58.203.0-255,4320,63478,64,396355
37266,0.001514,172.31.40.0-255,66,63544,64,396355
37267,0.00152,216.58.203.0-255,5379,68923,64,396355
37268,0.001522,172.31.40.0-255,66,68989,64,396355
37269,0.00156,172.31.40.0-255,66,69055,64,396355
37270,0.001601,216.58.203.0-255,5379,74434,64,396355
37271,0.001604,172.31.40.0-255,66,74500,64,396355
37272,0.003256,216.58.203.0-255,5738,80238,64,396355
37273,0.003263,172.31.40.0-255,66,80304,64,396355
37274,0.004912,216.58.203.0-255,5738,86042,64,396355
37275,0.004919,172.31.40.0-255,66,86108,64,396355
37276,0.006571,216.58.203.0-255,4320,90428,64,396355
37277,0.006575,172.31.40.0-255,66,90494,64,396355
37278,0.006593,216.58.203.0-255,1484,91978,64,396355
37279,0.00822,216.58.203.0-255,4320,96298,64,396355
37280,0.008228,172.31.40.0-255,66,96364,64,396355
37281,0.009874,216.58.203.0-255,5738,102102,64,396355
37282,0.009881,172.31.40.0-255,66,102168,64,396355
37283,0.011532,216.58.203.0-255,5738,107906,64,396355
37284,0.01154,172.31.40.0-255,66,107972,64,396355
37285,0.01319,216.58.203.0-255,5738,113710,64,396355
37286,0.013198,172.31.40.0-255,66,113776,64,396355
37287,0.014855,216.58.203.0-255,5738,119514,64,396355
37288,0.014864,172.31.40.0-255,66,119580,64,396355
37289,0.016522,216.58.203.0-255,5738,125318,64,396355
37290,0.01653,172.31.40.0-255,66,125384,64,396355
37291,0.018182,216.58.203.0-255,5738,131122,64,396355
37292,0.018189,172.31.40.0-255,66,131188,64,396355
37293,0.019842,216.58.203.0-255,5738,136926,64,396355
37294,0.019848,172.31.40.0-255,66,136992,64,396355
37295,0.021497,216.58.203.0-255,5738,142730,64,396355
37296,0.021504,172.31.40.0-255,66,142796,64,396355
37297,0.023161,216.58.203.0-255,5738,148534,64,396355
37298,0.023169,172.31.40.0-255,66,148600,64,396355
37299,0.024816,216.58.203.0-255,5738,154338,64,396355
37300,0.024823,172.31.40.0-255,66,154404,64,396355
37301,0.025948,172.31.40.0-255,172,154576,64,396355
37302,0.025983,172.31.40.0-255,1112,155688,64,396355
37303,0.02604,172.31.40.0-255,1514,157202,64,396355
37304,0.026042,172.31.40.0-255,1514,158716,64,396355
37305,0.026065,172.31.40.0-255,693,159409,64,396355
37306,0.026479,216.58.203.0-255,5738,165147,64,396355
37307,0.026486,172.31.40.0-255,66,165213,64,396355
37308,0.027486,104.244.42.0-255,66,165279,64,396355
37309,0.027527,104.244.42.0-255,66,165345,64,396355
37310,0.027641,104.244.42.0-255,66,165411,64,396355
37311,0.027647,104.244.42.0-255,66,165477,64,396355
37312,0.028133,216.58.203.0-255,4320,169797,64,396355
37313,0.028139,172.31.40.0-255,66,169863,64,396355
37314,0.028157,216.58.203.0-255,1484,171347,64,396355
37315,0.029803,216.58.203.0-255,4320,175667,64,396355
37316,0.029809,172.31.40.0-255,66,175733,64,396355
37317,0.031577,216.58.203.0-255,5738,181471,64,396355
37318,0.031584,172.31.40.0-255,66,181537,64,396355
37319,0.033255,216.58.203.0-255,5738,187275,64,396355
37320,0.033263,172.31.40.0-255,66,187341,64,396355
37321,0.034921,216.58.203.0-255,5738,193079,64,396355
37322,0.034927,172.31.40.0-255,66,193145,64,396355
37323,0.036591,216.58.203.0-255,5738,198883,64,396355
37324,0.036598,172.31.40.0-255,66,198949,64,396355
37325,0.038256,216.58.203.0-255,5738,204687,64,396355
37326,0.038263,172.31.40.0-255,66,204753,64,396355
37327,0.039921,216.58.203.0-255,5738,210491,64,396355
37328,0.039927,172.31.40.0-255,66,210557,64,396355
37329,0.041589,216.58.203.0-255,5738,216295,64,396355
37330,0.041595,172.31.40.0-255,66,216361,64,396355
37331,0.043251,216.58.203.0-255,5738,222099,64,396355
37332,0.043258,172.31.40.0-255,66,222165,64,396355
37333,0.044923,216.58.203.0-255,5738,227903,64,396355
37334,0.044928,172.31.40.0-255,66,227969,64,396355
37335,0.046591,216.58.203.0-255,5738,233707,64,396355
37336,0.046598,172.31.40.0-255,66,233773,64,396355
37337,0.048252,216.58.203.0-255,5738,239511,64,396355
37338,0.048258,172.31.40.0-255,66,239577,64,396355
37339,0.049921,216.58.203.0-255,5738,245315,64,396355
37340,0.049928,172.31.40.0-255,66,245381,64,396355
37341,0.051587,216.58.203.0-255,5738,251119,64,396355
37342,0.051594,172.31.40.0-255,66,251185,64,396355
37343,0.053253,216.58.203.0-255,5738,256923,64,396355
37344,0.05326,172.31.40.0-255,66,256989,64,396355
37345,0.054956,216.58.203.0-255,5738,262727,64,396355
37346,0.054962,172.31.40.0-255,66,262793,64,396355
37347,0.056615,216.58.203.0-255,5738,268531,64,396355
37348,0.056621,172.31.40.0-255,66,268597,64,396355
37349,0.058264,216.58.203.0-255,5738,274335,64,396355
37350,0.05827,172.31.40.0-255,66,274401,64,396355
37351,0.059918,216.58.203.0-255,5738,280139,64,396355
37352,0.059925,172.31.40.0-255,66,280205,64,396355
37353,0.061585,216.58.203.0-255,5738,285943,64,396355
37354,0.061592,172.31.40.0-255,66,286009,64,396355
37355,0.063248,216.58.203.0-255,5738,291747,64,396355
37356,0.063254,172.31.40.0-255,66,291813,64,396355
37357,0.064918,216.58.203.0-255,5738,297551,64,396355
37358,0.064924,172.31.40.0-255,66,297617,64,396355
37359,0.066577,216.58.203.0-255,5738,303355,64,396355
37360,0.066583,172.31.40.0-255,66,303421,64,396355
37361,0.068242,216.58.203.0-255,5738,309159,64,396355
37362,0.068252,172.31.40.0-255,66,309225,64,396355
37363,0.069906,216.58.203.0-255,5738,314963,64,396355
37364,0.069912,172.31.40.0-255,66,315029,64,396355
37365,0.071553,216.58.203.0-255,5738,320767,64,396355
37366,0.071559,172.31.40.0-255,66,320833,64,396355
37367,0.073217,216.58.203.0-255,5738,326571,64,396355
37368,0.073223,172.31.40.0-255,66,326637,64,396355
37369,0.074884,216.58.203.0-255,5738,332375,64,396355
37370,0.07489,172.31.40.0-255,66,332441,64,396355
37371,0.076544,216.58.203.0-255,5738,338179,64,396355
37372,0.07655,172.31.40.0-255,66,338245,64,396355
37373,0.078201,216.58.203.0-255,5738,343983,64,396355
37374,0.078206,172.31.40.0-255,66,344049,64,396355
37375,0.079867,216.58.203.0-255,5738,349787,64,396355
37376,0.079874,172.31.40.0-255,66,349853,64,396355
37377,0.081535,216.58.203.0-255,4320,354173,64,396355
37378,0.08154,172.31.40.0-255,66,354239,64,396355
37379,0.081559,216.58.203.0-255,1484,355723,64,396355
37380,0.083194,216.58.203.0-255,4320,360043,64,396355
37381,0.083201,172.31.40.0-255,66,360109,64,396355
37382,0.084859,216.58.203.0-255,5738,365847,64,396355
37383,0.084866,172.31.40.0-255,66,365913,64,396355
37384,0.086526,216.58.203.0-255,5738,371651,64,396355
37385,0.086531,172.31.40.0-255,66,371717,64,396355
37386,0.088183,216.58.203.0-255,5738,377455,64,396355
37387,0.088189,172.31.40.0-255,66,377521,64,396355
37388,0.089835,216.58.203.0-255,5738,383259,64,396355
37389,0.089842,172.31.40.0-255,66,383325,64,396355
37390,0.091485,216.58.203.0-255,5738,389063,64,396355
37391,0.091491,172.31.40.0-255,66,389129,64,396355
37392,0.093136,216.58.203.0-255,5738,394867,64,396355
37393,0.093141,172.31.40.0-255,66,394933,64,396355
37394,0.094782,216.58.203.0-255,1185,396118,64,396355
37395,0.094903,172.31.40.0-255,66,396184,64,396355
37396,0.094933,172.31.40.0-255,105,396289,64,396355
37397,0.096548,216.58.203.0-255,66,396355,64,396355
37398,0.0,172.31.40.0-255,105,105,64,459
37399,0.000159,172.31.40.0-255,90,195,64,459
37400,0.00017,172.31.40.0-255,66,261,64,459
37401,0.002432,74.125.68.0-255,66,327,64,459
37402,0.002464,74.125.68.0-255,66,393,64,459
37403,0.00249,172.31.40.0-255,66,459,64,459
37404,0.0,74.125.24.0-255,150,150,64,163221
37405,2.4e-05,172.31.40.0-255,66,216,64,163221
37406,3.2e-05,74.125.24.0-255,1484,1700,64,163221
37407,3.7e-05,172.31.40.0-255,66,1766,64,163221
37408,4.3e-05,74.125.24.0-255,2902,4668,64,163221
37409,5.4e-05,172.31.40.0-255,66,4734,64,163221
37410,7.7e-05,74.125.24.0-255,7156,11890,64,163221
37411,8.1e-05,172.31.40.0-255,66,11956,64,163221
37412,9.6e-05,172.31.40.0-255,66,12022,64,163221
37413,0.000133,74.125.24.0-255,5379,17401,64,163221
37414,0.000136,172.31.40.0-255,66,17467,64,163221
37415,0.000175,74.125.24.0-255,1484,18951,64,163221
37416,0.000177,172.31.40.0-255,66,19017,64,163221
37417,0.000181,74.125.24.0-255,1484,20501,64,163221
37418,0.000183,172.31.40.0-255,66,20567,64,163221
37419,0.000209,74.125.24.0-255,1484,22051,64,163221
37420,0.000212,172.31.40.0-255,66,22117,64,163221
37421,0.000219,74.125.24.0-255,5738,27855,64,163221
37422,0.000225,172.31.40.0-255,66,27921,64,163221
37423,0.000238,172.31.40.0-255,66,27987,64,163221
37424,0.000294,172.31.40.0-255,66,28053,64,163221
37425,0.000445,74.125.24.0-255,137,28190,64,163221
37426,0.00045,172.31.40.0-255,66,28256,64,163221
37427,0.000563,74.125.24.0-255,1484,29740,64,163221
37428,0.000567,172.31.40.0-255,66,29806,64,163221
37429,0.000572,74.125.24.0-255,2902,32708,64,163221
37430,0.000574,172.31.40.0-255,66,32774,64,163221
37431,0.000602,74.125.24.0-255,5738,38512,64,163221
37432,0.000605,172.31.40.0-255,66,38578,64,163221
37433,0.000643,172.31.40.0-255,66,38644,64,163221
37434,0.000655,172.31.40.0-255,66,38710,64,163221
37435,0.000684,74.125.24.0-255,1125,39835,64,163221
37436,0.000806,74.125.24.0-255,1484,41319,64,163221
37437,0.00081,172.31.40.0-255,66,41385,64,163221
37438,0.000815,74.125.24.0-255,2902,44287,64,163221
37439,0.000817,172.31.40.0-255,66,44353,64,163221
37440,0.000872,74.125.24.0-255,5738,50091,64,163221
37441,0.000875,172.31.40.0-255,66,50157,64,163221
37442,0.000894,172.31.40.0-255,66,50223,64,163221
37443,0.000905,172.31.40.0-255,66,50289,64,163221
37444,0.000908,74.125.24.0-255,766,51055,64,163221
37445,0.001242,74.125.24.0-255,1484,52539,64,163221
37446,0.001246,172.31.40.0-255,66,52605,64,163221
37447,0.001252,74.125.24.0-255,2902,55507,64,163221
37448,0.001254,172.31.40.0-255,66,55573,64,163221
37449,0.001266,74.125.24.0-255,5738,61311,64,163221
37450,0.001268,172.31.40.0-255,66,61377,64,163221
37451,0.00131,172.31.40.0-255,66,61443,64,163221
37452,0.001315,74.125.24.0-255,4320,65763,64,163221
37453,0.001317,172.31.40.0-255,66,65829,64,163221
37454,0.001358,74.125.24.0-255,6438,72267,64,163221
37455,0.00136,172.31.40.0-255,66,72333,64,163221
37456,0.001453,74.125.24.0-255,1484,73817,64,163221
37457,0.001458,74.125.24.0-255,2902,76719,64,163221
37458,0.001461,172.31.40.0-255,66,76785,64,163221
37459,0.001465,74.125.24.0-255,1484,78269,64,163221
37460,0.001494,74.125.24.0-255,4320,82589,64,163221
37461,0.001497,172.31.40.0-255,66,82655,64,163221
37462,0.001512,172.31.40.0-255,66,82721,64,163221
37463,0.001547,74.125.24.0-255,2902,85623,64,163221
37464,0.00155,172.31.40.0-255,66,85689,64,163221
37465,0.001588,172.31.40.0-255,66,85755,64,163221
37466,0.001712,74.125.24.0-255,1484,87239,64,163221
37467,0.001718,74.125.24.0-255,2902,90141,64,163221
37468,0.00172,172.31.40.0-255,66,90207,64,163221
37469,0.001724,74.125.24.0-255,1484,91691,64,163221
37470,0.00175,74.125.24.0-255,4320,96011,64,163221
37471,0.001753,172.31.40.0-255,66,96077,64,163221
37472,0.001759,74.125.24.0-255,5738,101815,64,163221
37473,0.001761,172.31.40.0-255,66,101881,64,163221
37474,0.001766,74.125.24.0-255,2902,104783,64,163221
37475,0.001773,172.31.40.0-255,66,104849,64,163221
37476,0.001813,172.31.40.0-255,66,104915,64,163221
37477,0.001819,74.125.24.0-255,5020,109935,64,163221
37478,0.001821,172.31.40.0-255,66,110001,64,163221
37479,0.00202,74.125.24.0-255,1484,111485,64,163221
37480,0.002025,74.125.24.0-255,2902,114387,64,163221
37481,0.002028,172.31.40.0-255,66,114453,64,163221
37482,0.002036,74.125.24.0-255,5738,120191,64,163221
37483,0.002039,172.31.40.0-255,66,120257,64,163221
37484,0.002049,74.125.24.0-255,4320,124577,64,163221
37485,0.002051,172.31.40.0-255,66,124643,64,163221
37486,0.00215,172.31.40.0-255,66,124709,64,163221
37487,0.002255,74.125.24.0-255,7156,131865,64,163221
37488,0.00226,74.125.24.0-255,3602,135467,64,163221
37489,0.002264,74.125.24.0-255,2902,138369,64,163221
37490,0.002279,74.125.24.0-255,1484,139853,64,163221
37491,0.002281,74.125.24.0-255,1484,141337,64,163221
37492,0.002321,74.125.24.0-255,5738,147075,64,163221
37493,0.002361,74.125.24.0-255,5738,152813,64,163221
37494,0.002401,74.125.24.0-255,1484,154297,64,163221
37495,0.002454,74.125.24.0-255,3407,157704,64,163221
37496,0.00248,74.125.24.0-255,105,157809,64,163221
37497,0.002509,74.125.24.0-255,129,157938,64,163221
37498,0.010814,172.31.40.0-255,66,158004,64,163221
37499,0.010822,172.31.40.0-255,66,158070,64,163221
37500,0.010826,172.31.40.0-255,66,158136,64,163221
37501,0.010849,172.31.40.0-255,66,158202,64,163221
37502,0.010853,172.31.40.0-255,66,158268,64,163221
37503,0.010856,172.31.40.0-255,66,158334,64,163221
37504,0.01086,172.31.40.0-255,66,158400,64,163221
37505,0.010863,172.31.40.0-255,66,158466,64,163221
37506,0.010869,172.31.40.0-255,66,158532,64,163221
37507,0.010872,172.31.40.0-255,66,158598,64,163221
37508,0.010875,172.31.40.0-255,66,158664,64,163221
37509,0.010878,172.31.40.0-255,66,158730,64,163221
37510,0.010881,172.31.40.0-255,66,158796,64,163221
37511,0.010885,172.31.40.0-255,66,158862,64,163221
37512,0.010888,172.31.40.0-255,66,158928,64,163221
37513,0.010891,172.31.40.0-255,66,158994,64,163221
37514,0.012979,74.125.24.0-255,129,159123,64,163221
37515,0.012988,172.31.40.0-255,78,159201,64,163221
37516,0.013413,172.31.40.0-255,105,159306,64,163221
37517,0.01345,172.31.40.0-255,105,159411,64,163221
37518,0.013698,172.31.40.0-255,90,159501,64,163221
37519,0.013708,172.31.40.0-255,66,159567,64,163221
37520,0.015989,74.125.24.0-255,66,159633,64,163221
37521,0.016022,74.125.24.0-255,66,159699,64,163221
37522,0.01627,74.125.24.0-255,66,159765,64,163221
37523,0.016293,74.125.24.0-255,66,159831,64,163221
37524,0.016301,172.31.40.0-255,66,159897,64,163221
37525,0.030746,172.31.40.0-255,167,160064,64,163221
37526,0.030779,172.31.40.0-255,1107,161171,64,163221
37527,0.03084,172.31.40.0-255,1514,162685,64,163221
37528,0.030842,172.31.40.0-255,338,163023,64,163221
37529,0.032333,104.244.42.0-255,66,163089,64,163221
37530,0.032381,104.244.42.0-255,66,163155,64,163221
37531,0.032402,104.244.42.0-255,66,163221,64,163221
37532,0.0,74.125.24.0-255,153,153,64,262174
37533,1.8e-05,172.31.40.0-255,66,219,64,262174
37534,2.5e-05,74.125.24.0-255,1484,1703,64,262174
37535,3e-05,172.31.40.0-255,66,1769,64,262174
37536,3.5e-05,74.125.24.0-255,2902,4671,64,262174
37537,3.9e-05,172.31.40.0-255,66,4737,64,262174
37538,4.6e-05,74.125.24.0-255,7156,11893,64,262174
37539,5e-05,172.31.40.0-255,66,11959,64,262174
37540,5.4e-05,74.125.24.0-255,2038,13997,64,262174
37541,5.7e-05,172.31.40.0-255,66,14063,64,262174
37542,0.000284,74.125.24.0-255,1484,15547,64,262174
37543,0.00029,172.31.40.0-255,66,15613,64,262174
37544,0.000296,74.125.24.0-255,2902,18515,64,262174
37545,0.000299,172.31.40.0-255,66,18581,64,262174
37546,0.000301,74.125.24.0-255,1484,20065,64,262174
37547,0.000304,172.31.40.0-255,66,20131,64,262174
37548,0.000333,74.125.24.0-255,4320,24451,64,262174
37549,0.000337,172.31.40.0-255,66,24517,64,262174
37550,0.000351,74.125.24.0-255,5738,30255,64,262174
37551,0.000354,172.31.40.0-255,66,30321,64,262174
37552,0.000374,172.31.40.0-255,66,30387,64,262174
37553,0.000385,172.31.40.0-255,66,30453,64,262174
37554,0.000407,74.125.24.0-255,1125,31578,64,262174
37555,0.000409,172.31.40.0-255,66,31644,64,262174
37556,0.000413,74.125.24.0-255,1484,33128,64,262174
37557,0.000414,172.31.40.0-255,66,33194,64,262174
37558,0.000418,74.125.24.0-255,1484,34678,64,262174
37559,0.00042,172.31.40.0-255,66,34744,64,262174
37560,0.000447,74.125.24.0-255,1484,36228,64,262174
37561,0.000449,172.31.40.0-255,66,36294,64,262174
37562,0.000456,74.125.24.0-255,5738,42032,64,262174
37563,0.000459,172.31.40.0-255,66,42098,64,262174
37564,0.000464,74.125.24.0-255,4320,46418,64,262174
37565,0.000466,172.31.40.0-255,66,46484,64,262174
37566,0.00049,74.125.24.0-255,2854,49338,64,262174
37567,0.000492,172.31.40.0-255,66,49404,64,262174
37568,0.000522,74.125.24.0-255,375,49779,64,262174
37569,0.000754,74.125.24.0-255,1484,51263,64,262174
37570,0.000758,172.31.40.0-255,66,51329,64,262174
37571,0.000772,74.125.24.0-255,2902,54231,64,262174
37572,0.000774,74.125.24.0-255,1484,55715,64,262174
37573,0.000777,172.31.40.0-255,66,55781,64,262174
37574,0.000787,74.125.24.0-255,4320,60101,64,262174
37575,0.000789,172.31.40.0-255,66,60167,64,262174
37576,0.000822,172.31.40.0-255,66,60233,64,262174
37577,0.000828,74.125.24.0-255,5738,65971,64,262174
37578,0.00083,172.31.40.0-255,66,66037,64,262174
37579,0.000842,74.125.24.0-255,2902,68939,64,262174
37580,0.000844,172.31.40.0-255,66,69005,64,262174
37581,0.000884,74.125.24.0-255,2184,71189,64,262174
37582,0.000887,172.31.40.0-255,66,71255,64,262174
37583,0.00115,74.125.24.0-255,1484,72739,64,262174
37584,0.001154,74.125.24.0-255,2902,75641,64,262174
37585,0.001159,172.31.40.0-255,66,75707,64,262174
37586,0.001173,74.125.24.0-255,5738,81445,64,262174
37587,0.001176,172.31.40.0-255,66,81511,64,262174
37588,0.001227,172.31.40.0-255,66,81577,64,262174
37589,0.001238,172.31.40.0-255,66,81643,64,262174
37590,0.001258,74.125.24.0-255,766,82409,64,262174
37591,0.001546,172.31.40.0-255,66,82475,64,262174
37592,0.002013,74.125.24.0-255,1484,83959,64,262174
37593,0.002023,74.125.24.0-255,2902,86861,64,262174
37594,0.002026,172.31.40.0-255,66,86927,64,262174
37595,0.002033,74.125.24.0-255,5738,92665,64,262174
37596,0.002035,172.31.40.0-255,66,92731,64,262174
37597,0.002072,172.31.40.0-255,66,92797,64,262174
37598,0.002101,172.31.40.0-255,66,92863,64,262174
37599,0.002127,74.125.24.0-255,1484,94347,64,262174
37600,0.002149,74.125.24.0-255,2902,97249,64,262174
37601,0.002151,172.31.40.0-255,66,97315,64,262174
37602,0.002156,74.125.24.0-255,4320,101635,64,262174
37603,0.002158,172.31.40.0-255,66,101701,64,262174
37604,0.002173,74.125.24.0-255,1484,103185,64,262174
37605,0.002178,74.125.24.0-255,4320,107505,64,262174
37606,0.00218,172.31.40.0-255,66,107571,64,262174
37607,0.002206,172.31.40.0-255,66,107637,64,262174
37608,0.002216,172.31.40.0-255,66,107703,64,262174
37609,0.002227,74.125.24.0-255,766,108469,64,262174
37610,0.002273,74.125.24.0-255,1484,109953,64,262174
37611,0.002276,172.31.40.0-255,66,110019,64,262174
37612,0.002279,74.125.24.0-255,1484,111503,64,262174
37613,0.002295,74.125.24.0-255,1484,112987,64,262174
37614,0.002297,172.31.40.0-255,66,113053,64,262174
37615,0.002303,74.125.24.0-255,5738,118791,64,262174
37616,0.002304,172.31.40.0-255,66,118857,64,262174
37617,0.002333,172.31.40.0-255,66,118923,64,262174
37618,0.002345,74.125.24.0-255,1484,120407,64,262174
37619,0.002354,172.31.40.0-255,66,120473,64,262174
37620,0.002387,74.125.24.0-255,2184,122657,64,262174
37621,0.00239,172.31.40.0-255,66,122723,64,262174
37622,0.002417,74.125.24.0-255,2902,125625,64,262174
37623,0.002419,172.31.40.0-255,66,125691,64,262174
37624,0.002449,74.125.24.0-255,7156,132847,64,262174
37625,0.002451,172.31.40.0-255,66,132913,64,262174
37626,0.002461,74.125.24.0-255,5738,138651,64,262174
37627,0.002463,172.31.40.0-255,66,138717,64,262174
37628,0.002468,74.125.24.0-255,5738,144455,64,262174
37629,0.00247,172.31.40.0-255,66,144521,64,262174
37630,0.002499,172.31.40.0-255,66,144587,64,262174
37631,0.002509,172.31.40.0-255,66,144653,64,262174
37632,0.00253,74.125.24.0-255,766,145419,64,262174
37633,0.00254,172.31.40.0-255,66,145485,64,262174
37634,0.002571,74.125.24.0-255,1484,146969,64,262174
37635,0.002592,172.31.40.0-255,66,147035,64,262174
37636,0.005167,74.125.24.0-255,5738,152773,64,262174
37637,0.005172,172.31.40.0-255,66,152839,64,262174
37638,0.006912,172.31.40.0-255,101,152940,64,262174
37639,0.007746,74.125.24.0-255,2902,155842,64,262174
37640,0.007752,172.31.40.0-255,66,155908,64,262174
37641,0.007773,74.125.24.0-255,2902,158810,64,262174
37642,0.007775,172.31.40.0-255,66,158876,64,262174
37643,0.009436,74.125.24.0-255,66,158942,64,262174
37644,0.01033,74.125.24.0-255,2902,161844,64,262174
37645,0.010336,172.31.40.0-255,66,161910,64,262174
37646,0.010379,74.125.24.0-255,2902,164812,64,262174
37647,0.010382,172.31.40.0-255,66,164878,64,262174
37648,0.012913,74.125.24.0-255,2902,167780,64,262174
37649,0.012919,172.31.40.0-255,66,167846,64,262174
37650,0.012942,74.125.24.0-255,2902,170748,64,262174
37651,0.012945,172.31.40.0-255,66,170814,64,262174
37652,0.0155,74.125.24.0-255,2902,173716,64,262174
37653,0.01551,172.31.40.0-255,66,173782,64,262174
37654,0.015537,74.125.24.0-255,2902,176684,64,262174
37655,0.01554,172.31.40.0-255,66,176750,64,262174
37656,0.018088,74.125.24.0-255,2902,179652,64,262174
37657,0.018096,172.31.40.0-255,66,179718,64,262174
37658,0.018118,74.125.24.0-255,2902,182620,64,262174
37659,0.018122,172.31.40.0-255,66,182686,64,262174
37660,0.020709,74.125.24.0-255,5738,188424,64,262174
37661,0.020717,172.31.40.0-255,66,188490,64,262174
37662,0.023303,74.125.24.0-255,5738,194228,64,262174
37663,0.023309,172.31.40.0-255,66,194294,64,262174
37664,0.025894,74.125.24.0-255,5738,200032,64,262174
37665,0.025903,172.31.40.0-255,66,200098,64,262174
37666,0.027833,172.31.40.0-255,172,200270,64,262174
37667,0.027862,172.31.40.0-255,1112,201382,64,262174
37668,0.02791,172.31.40.0-255,1514,202896,64,262174
37669,0.027912,172.31.40.0-255,1514,204410,64,262174
37670,0.027935,172.31.40.0-255,693,205103,64,262174
37671,0.028498,74.125.24.0-255,5738,210841,64,262174
37672,0.028505,172.31.40.0-255,66,210907,64,262174
37673,0.029363,104.244.42.0-255,66,210973,64,262174
37674,0.029406,104.244.42.0-255,66,211039,64,262174
37675,0.029493,104.244.42.0-255,66,211105,64,262174
37676,0.029507,104.244.42.0-255,66,211171,64,262174
37677,0.031084,74.125.24.0-255,5738,216909,64,262174
37678,0.031091,172.31.40.0-255,66,216975,64,262174
37679,0.033694,74.125.24.0-255,5738,222713,64,262174
37680,0.033699,172.31.40.0-255,66,222779,64,262174
37681,0.036302,74.125.24.0-255,5738,228517,64,262174
37682,0.036309,172.31.40.0-255,66,228583,64,262174
37683,0.038879,74.125.24.0-255,5738,234321,64,262174
37684,0.038888,172.31.40.0-255,66,234387,64,262174
37685,0.041459,74.125.24.0-255,5738,240125,64,262174
37686,0.041465,172.31.40.0-255,66,240191,64,262174
37687,0.044058,74.125.24.0-255,5738,245929,64,262174
37688,0.044064,172.31.40.0-255,66,245995,64,262174
37689,0.0467,74.125.24.0-255,5738,251733,64,262174
37690,0.046706,172.31.40.0-255,66,251799,64,262174
37691,0.049287,74.125.24.0-255,5738,257537,64,262174
37692,0.049293,172.31.40.0-255,66,257603,64,262174
37693,0.051873,74.125.24.0-255,4334,261937,64,262174
37694,0.051879,172.31.40.0-255,66,262003,64,262174
37695,0.052033,172.31.40.0-255,105,262108,64,262174
37696,0.059861,74.125.24.0-255,66,262174,64,262174
37697,0.0,74.125.24.0-255,153,153,64,189878
37698,2.3e-05,172.31.40.0-255,66,219,64,189878
37699,3e-05,74.125.24.0-255,1484,1703,64,189878
37700,3.5e-05,172.31.40.0-255,66,1769,64,189878
37701,4.1e-05,74.125.24.0-255,2902,4671,64,189878
37702,4.3e-05,172.31.40.0-255,66,4737,64,189878
37703,5.9e-05,74.125.24.0-255,7156,11893,64,189878
37704,6.3e-05,172.31.40.0-255,66,11959,64,189878
37705,8.1e-05,172.31.40.0-255,66,12025,64,189878
37706,0.000109,74.125.24.0-255,2543,14568,64,189878
37707,0.000112,172.31.40.0-255,66,14634,64,189878
37708,0.000139,74.125.24.0-255,2902,17536,64,189878
37709,0.000141,172.31.40.0-255,66,17602,64,189878
37710,0.000144,74.125.24.0-255,1484,19086,64,189878
37711,0.000147,172.31.40.0-255,66,19152,64,189878
37712,0.000168,74.125.24.0-255,4320,23472,64,189878
37713,0.000171,172.31.40.0-255,66,23538,64,189878
37714,0.000187,172.31.40.0-255,66,23604,64,189878
37715,0.000216,74.125.24.0-255,1484,25088,64,189878
37716,0.000218,172.31.40.0-255,66,25154,64,189878
37717,0.000253,172.31.40.0-255,66,25220,64,189878
37718,0.000278,74.125.24.0-255,342,25562,64,189878
37719,0.00028,172.31.40.0-255,66,25628,64,189878
37720,0.000382,74.125.24.0-255,1484,27112,64,189878
37721,0.000386,172.31.40.0-255,66,27178,64,189878
37722,0.00039,74.125.24.0-255,1484,28662,64,189878
37723,0.000392,172.31.40.0-255,66,28728,64,189878
37724,0.000416,74.125.24.0-255,1484,30212,64,189878
37725,0.000418,172.31.40.0-255,66,30278,64,189878
37726,0.000425,74.125.24.0-255,5738,36016,64,189878
37727,0.000428,172.31.40.0-255,66,36082,64,189878
37728,0.000436,74.125.24.0-255,7156,43238,64,189878
37729,0.000443,172.31.40.0-255,66,43304,64,189878
37730,0.000476,74.125.24.0-255,5738,49042,64,189878
37731,0.00048,172.31.40.0-255,66,49108,64,189878
37732,0.000484,74.125.24.0-255,2902,52010,64,189878
37733,0.000486,172.31.40.0-255,66,52076,64,189878
37734,0.000517,172.31.40.0-255,66,52142,64,189878
37735,0.000595,74.125.24.0-255,1484,53626,64,189878
37736,0.0006,74.125.24.0-255,1484,55110,64,189878
37737,0.000603,172.31.40.0-255,66,55176,64,189878
37738,0.000625,74.125.24.0-255,1484,56660,64,189878
37739,0.000659,74.125.24.0-255,1484,58144,64,189878
37740,0.000661,172.31.40.0-255,66,58210,64,189878
37741,0.000692,74.125.24.0-255,4320,62530,64,189878
37742,0.000695,172.31.40.0-255,66,62596,64,189878
37743,0.000708,172.31.40.0-255,66,62662,64,189878
37744,0.000714,74.125.24.0-255,4320,66982,64,189878
37745,0.000716,172.31.40.0-255,66,67048,64,189878
37746,0.000747,74.125.24.0-255,4320,71368,64,189878
37747,0.00075,172.31.40.0-255,66,71434,64,189878
37748,0.000754,74.125.24.0-255,2184,73618,64,189878
37749,0.000756,172.31.40.0-255,66,73684,64,189878
37750,0.000761,74.125.24.0-255,2902,76586,64,189878
37751,0.000763,172.31.40.0-255,66,76652,64,189878
37752,0.00077,74.125.24.0-255,7156,83808,64,189878
37753,0.000778,172.31.40.0-255,66,83874,64,189878
37754,0.000781,74.125.24.0-255,1484,85358,64,189878
37755,0.000795,172.31.40.0-255,66,85424,64,189878
37756,0.000806,172.31.40.0-255,66,85490,64,189878
37757,0.001347,74.125.24.0-255,1484,86974,64,189878
37758,0.001354,74.125.24.0-255,2902,89876,64,189878
37759,0.001357,172.31.40.0-255,66,89942,64,189878
37760,0.001361,74.125.24.0-255,1484,91426,64,189878
37761,0.001392,74.125.24.0-255,4320,95746,64,189878
37762,0.001395,172.31.40.0-255,66,95812,64,189878
37763,0.001429,172.31.40.0-255,66,95878,64,189878
37764,0.001432,74.125.24.0-255,1484,97362,64,189878
37765,0.001455,74.125.24.0-255,4320,101682,64,189878
37766,0.001458,172.31.40.0-255,66,101748,64,189878
37767,0.001485,74.125.24.0-255,5020,106768,64,189878
37768,0.001487,172.31.40.0-255,66,106834,64,189878
37769,0.001587,74.125.24.0-255,1484,108318,64,189878
37770,0.001602,74.125.24.0-255,2902,111220,64,189878
37771,0.001605,172.31.40.0-255,66,111286,64,189878
37772,0.001609,74.125.24.0-255,1484,112770,64,189878
37773,0.001634,74.125.24.0-255,4320,117090,64,189878
37774,0.001637,172.31.40.0-255,66,117156,64,189878
37775,0.001643,74.125.24.0-255,5738,122894,64,189878
37776,0.001645,172.31.40.0-255,66,122960,64,189878
37777,0.001684,172.31.40.0-255,66,123026,64,189878
37778,0.001689,74.125.24.0-255,2902,125928,64,189878
37779,0.001691,172.31.40.0-255,66,125994,64,189878
37780,0.00171,74.125.24.0-255,2184,128178,64,189878
37781,0.001713,172.31.40.0-255,66,128244,64,189878
37782,0.001781,74.125.24.0-255,1484,129728,64,189878
37783,0.001787,74.125.24.0-255,2902,132630,64,189878
37784,0.00179,172.31.40.0-255,66,132696,64,189878
37785,0.001796,74.125.24.0-255,4320,137016,64,189878
37786,0.001799,172.31.40.0-255,66,137082,64,189878
37787,0.00183,74.125.24.0-255,1484,138566,64,189878
37788,0.001836,74.125.24.0-255,5738,144304,64,189878
37789,0.001839,172.31.40.0-255,66,144370,64,189878
37790,0.001864,74.125.24.0-255,5738,150108,64,189878
37791,0.001867,172.31.40.0-255,66,150174,64,189878
37792,0.001893,74.125.24.0-255,7156,157330,64,189878
37793,0.001896,172.31.40.0-255,66,157396,64,189878
37794,0.001903,74.125.24.0-255,5020,162416,64,189878
37795,0.001905,172.31.40.0-255,66,162482,64,189878
37796,0.001926,74.125.24.0-255,5738,168220,64,189878
37797,0.001929,172.31.40.0-255,66,168286,64,189878
37798,0.001962,74.125.24.0-255,7156,175442,64,189878
37799,0.001965,172.31.40.0-255,66,175508,64,189878
37800,0.001985,172.31.40.0-255,66,175574,64,189878
37801,0.002026,74.125.24.0-255,4320,179894,64,189878
37802,0.002028,172.31.40.0-255,66,179960,64,189878
37803,0.002059,74.125.24.0-255,3602,183562,64,189878
37804,0.002062,172.31.40.0-255,66,183628,64,189878
37805,0.002083,172.31.40.0-255,66,183694,64,189878
37806,0.002103,74.125.24.0-255,1484,185178,64,189878
37807,0.002118,172.31.40.0-255,66,185244,64,189878
37808,0.00224,74.125.24.0-255,105,185349,64,189878
37809,0.006136,172.31.40.0-255,66,185415,64,189878
37810,0.009634,172.31.40.0-255,105,185520,64,189878
37811,0.011901,74.125.24.0-255,66,185586,64,189878
37812,0.032876,172.31.40.0-255,172,185758,64,189878
37813,0.032908,172.31.40.0-255,1112,186870,64,189878
37814,0.032968,172.31.40.0-255,1514,188384,64,189878
37815,0.03297,172.31.40.0-255,1296,189680,64,189878
37816,0.034448,104.244.42.0-255,66,189746,64,189878
37817,0.03449,104.244.42.0-255,66,189812,64,189878
37818,0.034542,104.244.42.0-255,66,189878,64,189878
37819,0.0,172.217.194.0-255,150,150,64,259269
37820,2.7e-05,172.31.40.0-255,66,216,64,259269
37821,3.5e-05,172.217.194.0-255,1484,1700,64,259269
37822,4e-05,172.31.40.0-255,66,1766,64,259269
37823,4.6e-05,172.217.194.0-255,2902,4668,64,259269
37824,4.8e-05,172.31.40.0-255,66,4734,64,259269
37825,5.6e-05,172.217.194.0-255,7156,11890,64,259269
37826,5.8e-05,172.31.40.0-255,66,11956,64,259269
37827,6.3e-05,172.217.194.0-255,2148,14104,64,259269
37828,6.6e-05,172.31.40.0-255,66,14170,64,259269
37829,0.000243,172.217.194.0-255,1484,15654,64,259269
37830,0.000248,172.31.40.0-255,66,15720,64,259269
37831,0.000255,172.217.194.0-255,2902,18622,64,259269
37832,0.000258,172.31.40.0-255,66,18688,64,259269
37833,0.000262,172.217.194.0-255,2902,21590,64,259269
37834,0.000264,172.31.40.0-255,66,21656,64,259269
37835,0.000285,172.217.194.0-255,2902,24558,64,259269
37836,0.000287,172.31.40.0-255,66,24624,64,259269
37837,0.000318,172.217.194.0-255,6797,31421,64,259269
37838,0.000321,172.31.40.0-255,66,31487,64,259269
37839,0.000661,172.217.194.0-255,1484,32971,64,259269
37840,0.000667,172.31.40.0-255,66,33037,64,259269
37841,0.000673,172.217.194.0-255,2902,35939,64,259269
37842,0.000675,172.31.40.0-255,66,36005,64,259269
37843,0.00069,172.217.194.0-255,4320,40325,64,259269
37844,0.000692,172.31.40.0-255,66,40391,64,259269
37845,0.00074,172.217.194.0-255,4320,44711,64,259269
37846,0.000743,172.31.40.0-255,66,44777,64,259269
37847,0.000762,172.217.194.0-255,3961,48738,64,259269
37848,0.000764,172.31.40.0-255,66,48804,64,259269
37849,0.000939,172.217.194.0-255,1484,50288,64,259269
37850,0.000946,172.31.40.0-255,66,50354,64,259269
37851,0.000968,172.217.194.0-255,2902,53256,64,259269
37852,0.000971,172.31.40.0-255,66,53322,64,259269
37853,0.000977,172.217.194.0-255,5738,59060,64,259269
37854,0.000979,172.31.40.0-255,66,59126,64,259269
37855,0.000999,172.217.194.0-255,5738,64864,64,259269
37856,0.001002,172.31.40.0-255,66,64930,64,259269
37857,0.001025,172.217.194.0-255,1418,66348,64,259269
37858,0.00103,172.217.194.0-255,385,66733,64,259269
37859,0.001032,172.31.40.0-255,66,66799,64,259269
37860,0.001196,172.217.194.0-255,1484,68283,64,259269
37861,0.001203,172.217.194.0-255,2902,71185,64,259269
37862,0.001206,172.31.40.0-255,66,71251,64,259269
37863,0.00121,172.217.194.0-255,1484,72735,64,259269
37864,0.001228,172.217.194.0-255,4320,77055,64,259269
37865,0.00123,172.31.40.0-255,66,77121,64,259269
37866,0.001233,172.217.194.0-255,1484,78605,64,259269
37867,0.001253,172.217.194.0-255,2902,81507,64,259269
37868,0.001255,172.31.40.0-255,66,81573,64,259269
37869,0.001288,172.217.194.0-255,5379,86952,64,259269
37870,0.001291,172.31.40.0-255,66,87018,64,259269
37871,0.001342,172.217.194.0-255,5738,92756,64,259269
37872,0.001356,172.31.40.0-255,66,92822,64,259269
37873,0.001493,172.217.194.0-255,1484,94306,64,259269
37874,0.00151,172.217.194.0-255,2902,97208,64,259269
37875,0.001521,172.31.40.0-255,66,97274,64,259269
37876,0.001538,172.217.194.0-255,5738,103012,64,259269
37877,0.001541,172.31.40.0-255,66,103078,64,259269
37878,0.001545,172.217.194.0-255,2902,105980,64,259269
37879,0.001562,172.31.40.0-255,66,106046,64,259269
37880,0.001617,172.217.194.0-255,5738,111784,64,259269
37881,0.001623,172.217.194.0-255,5020,116804,64,259269
37882,0.001636,172.31.40.0-255,66,116870,64,259269
37883,0.001649,172.217.194.0-255,5738,122608,64,259269
37884,0.001684,172.217.194.0-255,7156,129764,64,259269
37885,0.001689,172.31.40.0-255,66,129830,64,259269
37886,0.001708,172.217.194.0-255,5738,135568,64,259269
37887,0.001716,172.31.40.0-255,66,135634,64,259269
37888,0.00177,172.31.40.0-255,66,135700,64,259269
37889,0.001976,172.217.194.0-255,1484,137184,64,259269
37890,0.001982,172.217.194.0-255,2902,140086,64,259269
37891,0.001985,172.31.40.0-255,66,140152,64,259269
37892,0.001989,172.217.194.0-255,1484,141636,64,259269
37893,0.002009,172.217.194.0-255,4320,145956,64,259269
37894,0.002012,172.217.194.0-255,1484,147440,64,259269
37895,0.002025,172.31.40.0-255,66,147506,64,259269
37896,0.002038,172.217.194.0-255,4320,151826,64,259269
37897,0.002052,172.217.194.0-255,4320,156146,64,259269
37898,0.002066,172.31.40.0-255,66,156212,64,259269
37899,0.002078,172.217.194.0-255,5738,161950,64,259269
37900,0.002116,172.31.40.0-255,66,162016,64,259269
37901,0.003321,172.217.194.0-255,1484,163500,64,259269
37902,0.003335,172.217.194.0-255,2902,166402,64,259269
37903,0.003341,172.31.40.0-255,66,166468,64,259269
37904,0.00335,172.217.194.0-255,5738,172206,64,259269
37905,0.003352,172.31.40.0-255,66,172272,64,259269
37906,0.003356,172.217.194.0-255,1484,173756,64,259269
37907,0.003375,172.217.194.0-255,5738,179494,64,259269
37908,0.003377,172.31.40.0-255,66,179560,64,259269
37909,0.003383,172.217.194.0-255,4320,183880,64,259269
37910,0.003385,172.31.40.0-255,66,183946,64,259269
37911,0.003414,172.217.194.0-255,4320,188266,64,259269
37912,0.003872,172.217.194.0-255,1484,189750,64,259269
37913,0.003877,172.217.194.0-255,2902,192652,64,259269
37914,0.003899,172.217.194.0-255,5738,198390,64,259269
37915,0.003916,172.217.194.0-255,2902,201292,64,259269
37916,0.00405,172.217.194.0-255,2902,204194,64,259269
37917,0.004227,172.217.194.0-255,1484,205678,64,259269
37918,0.004231,172.217.194.0-255,2902,208580,64,259269
37919,0.004256,172.217.194.0-255,5738,214318,64,259269
37920,0.004276,172.217.194.0-255,2902,217220,64,259269
37921,0.004307,172.217.194.0-255,7156,224376,64,259269
37922,0.004347,172.217.194.0-255,4320,228696,64,259269
37923,0.00443,172.217.194.0-255,2902,231598,64,259269
37924,0.004458,172.217.194.0-255,5738,237336,64,259269
37925,0.004511,172.217.194.0-255,7156,244492,64,259269
37926,0.004523,172.217.194.0-255,2184,246676,64,259269
37927,0.004561,172.217.194.0-255,4320,250996,64,259269
37928,0.004579,172.217.194.0-255,647,251643,64,259269
37929,0.004582,172.217.194.0-255,105,251748,64,259269
37930,0.012449,172.217.194.0-255,105,251853,64,259269
37931,0.012461,172.31.40.0-255,78,251931,64,259269
37932,0.015411,172.31.40.0-255,105,252036,64,259269
37933,0.017492,172.217.194.0-255,66,252102,64,259269
37934,0.053003,172.31.40.0-255,172,252274,64,259269
37935,0.053035,172.31.40.0-255,1112,253386,64,259269
37936,0.0531,172.31.40.0-255,1514,254900,64,259269
37937,0.053102,172.31.40.0-255,1514,256414,64,259269
37938,0.053107,172.31.40.0-255,1514,257928,64,259269
37939,0.053109,172.31.40.0-255,1077,259005,64,259269
37940,0.05453,104.244.42.0-255,66,259071,64,259269
37941,0.054656,104.244.42.0-255,66,259137,64,259269
37942,0.054707,104.244.42.0-255,66,259203,64,259269
37943,0.054713,104.244.42.0-255,66,259269,64,259269
37944,0.0,74.125.24.0-255,152,152,64,182970
37945,1.8e-05,172.31.40.0-255,66,218,64,182970
37946,2.6e-05,74.125.24.0-255,1484,1702,64,182970
37947,3.2e-05,172.31.40.0-255,66,1768,64,182970
37948,3.8e-05,74.125.24.0-255,2902,4670,64,182970
37949,4.1e-05,172.31.40.0-255,66,4736,64,182970
37950,8.4e-05,74.125.24.0-255,4320,9056,64,182970
37951,8.8e-05,172.31.40.0-255,66,9122,64,182970
37952,0.000132,74.125.24.0-255,4947,14069,64,182970
37953,0.000135,172.31.40.0-255,66,14135,64,182970
37954,0.00021,74.125.24.0-255,1484,15619,64,182970
37955,0.000214,172.31.40.0-255,66,15685,64,182970
37956,0.000219,74.125.24.0-255,2902,18587,64,182970
37957,0.000221,172.31.40.0-255,66,18653,64,182970
37958,0.000261,74.125.24.0-255,2902,21555,64,182970
37959,0.000264,172.31.40.0-255,66,21621,64,182970
37960,0.000282,74.125.24.0-255,2902,24523,64,182970
37961,0.000285,172.31.40.0-255,66,24589,64,182970
37962,0.000345,74.125.24.0-255,2902,27491,64,182970
37963,0.000349,172.31.40.0-255,66,27557,64,182970
37964,0.000367,74.125.24.0-255,3961,31518,64,182970
37965,0.00037,172.31.40.0-255,66,31584,64,182970
37966,0.000597,74.125.24.0-255,1484,33068,64,182970
37967,0.000602,172.31.40.0-255,66,33134,64,182970
37968,0.000608,74.125.24.0-255,2902,36036,64,182970
37969,0.00061,172.31.40.0-255,66,36102,64,182970
37970,0.000638,74.125.24.0-255,4320,40422,64,182970
37971,0.000641,172.31.40.0-255,66,40488,64,182970
37972,0.00066,74.125.24.0-255,1484,41972,64,182970
37973,0.000662,172.31.40.0-255,66,42038,64,182970
37974,0.000743,74.125.24.0-255,5738,47776,64,182970
37975,0.000746,172.31.40.0-255,66,47842,64,182970
37976,0.000788,172.31.40.0-255,66,47908,64,182970
37977,0.000928,74.125.24.0-255,5738,53646,64,182970
37978,0.000933,172.31.40.0-255,66,53712,64,182970
37979,0.000962,172.31.40.0-255,101,53813,64,182970
37980,0.001024,74.125.24.0-255,3961,57774,64,182970
37981,0.001031,172.31.40.0-255,66,57840,64,182970
37982,0.001577,74.125.24.0-255,394,58234,64,182970
37983,0.001606,74.125.24.0-255,350,58584,64,182970
37984,0.002194,74.125.24.0-255,1484,60068,64,182970
37985,0.002201,172.31.40.0-255,66,60134,64,182970
37986,0.002208,74.125.24.0-255,2902,63036,64,182970
37987,0.002234,74.125.24.0-255,2902,65938,64,182970
37988,0.002253,74.125.24.0-255,2902,68840,64,182970
37989,0.002322,74.125.24.0-255,5738,74578,64,182970
37990,0.002339,74.125.24.0-255,7156,81734,64,182970
37991,0.002501,74.125.24.0-255,1484,83218,64,182970
37992,0.002521,74.125.24.0-255,1484,84702,64,182970
37993,0.002538,74.125.24.0-255,4320,89022,64,182970
37994,0.002558,74.125.24.0-255,3602,92624,64,182970
37995,0.002659,74.125.24.0-255,1484,94108,64,182970
37996,0.002682,74.125.24.0-255,2902,97010,64,182970
37997,0.00272,74.125.24.0-255,5738,102748,64,182970
37998,0.002803,74.125.24.0-255,5738,108486,64,182970
37999,0.00283,74.125.24.0-255,7156,115642,64,182970
38000,0.002988,74.125.24.0-255,1484,117126,64,182970
38001,0.003009,74.125.24.0-255,7156,124282,64,182970
38002,0.003115,74.125.24.0-255,2184,126466,64,182970
38003,0.003155,74.125.24.0-255,1484,127950,64,182970
38004,0.003547,74.125.24.0-255,2902,130852,64,182970
38005,0.003561,74.125.24.0-255,3602,134454,64,182970
38006,0.003644,74.125.24.0-255,2902,137356,64,182970
38007,0.003655,74.125.24.0-255,2902,140258,64,182970
38008,0.003728,74.125.24.0-255,1484,141742,64,182970
38009,0.003877,74.125.24.0-255,7156,148898,64,182970
38010,0.004133,74.125.24.0-255,5738,154636,64,182970
38011,0.004195,74.125.24.0-255,4320,158956,64,182970
38012,0.004208,74.125.24.0-255,5738,164694,64,182970
38013,0.004951,74.125.24.0-255,66,164760,64,182970
38014,0.00572,74.125.24.0-255,5738,170498,64,182970
38015,0.00584,74.125.24.0-255,2902,173400,64,182970
38016,0.010346,172.31.40.0-255,66,173466,64,182970
38017,0.012722,172.31.40.0-255,66,173532,64,182970
38018,0.012761,172.31.40.0-255,66,173598,64,182970
38019,0.014124,172.31.40.0-255,105,173703,64,182970
38020,0.020147,74.125.24.0-255,66,173769,64,182970
38021,0.052135,172.31.40.0-255,172,173941,64,182970
38022,0.052172,172.31.40.0-255,1112,175053,64,182970
38023,0.052239,172.31.40.0-255,1514,176567,64,182970
38024,0.052241,172.31.40.0-255,1514,178081,64,182970
38025,0.052247,172.31.40.0-255,1514,179595,64,182970
38026,0.052248,172.31.40.0-255,1514,181109,64,182970
38027,0.052271,172.31.40.0-255,1514,182623,64,182970
38028,0.052272,172.31.40.0-255,83,182706,64,182970
38029,0.053667,104.244.42.0-255,66,182772,64,182970
38030,0.053718,104.244.42.0-255,66,182838,64,182970
38031,0.053818,104.244.42.0-255,66,182904,64,182970
38032,0.053825,104.244.42.0-255,66,182970,64,182970
38033,0.0,74.125.24.0-255,150,150,64,262350
38034,2.2e-05,172.31.40.0-255,66,216,64,262350
38035,3e-05,74.125.24.0-255,1484,1700,64,262350
38036,3.4e-05,172.31.40.0-255,66,1766,64,262350
38037,3.9e-05,74.125.24.0-255,2902,4668,64,262350
38038,4.3e-05,172.31.40.0-255,66,4734,64,262350
38039,5.1e-05,74.125.24.0-255,7156,11890,64,262350
38040,5.4e-05,172.31.40.0-255,66,11956,64,262350
38041,8.7e-05,172.31.40.0-255,66,12022,64,262350
38042,0.000122,74.125.24.0-255,5379,17401,64,262350
38043,0.000125,172.31.40.0-255,66,17467,64,262350
38044,0.000178,74.125.24.0-255,1484,18951,64,262350
38045,0.000181,172.31.40.0-255,66,19017,64,262350
38046,0.000186,74.125.24.0-255,2902,21919,64,262350
38047,0.000188,172.31.40.0-255,66,21985,64,262350
38048,0.000193,74.125.24.0-255,2902,24887,64,262350
38049,0.000195,172.31.40.0-255,66,24953,64,262350
38050,0.000223,74.125.24.0-255,2902,27855,64,262350
38051,0.000225,172.31.40.0-255,66,27921,64,262350
38052,0.000232,74.125.24.0-255,7156,35077,64,262350
38053,0.000234,172.31.40.0-255,66,35143,64,262350
38054,0.00027,172.31.40.0-255,66,35209,64,262350
38055,0.000274,74.125.24.0-255,2483,37692,64,262350
38056,0.000277,172.31.40.0-255,66,37758,64,262350
38057,0.000294,74.125.24.0-255,130,37888,64,262350
38058,0.000296,172.31.40.0-255,66,37954,64,262350
38059,0.000369,74.125.24.0-255,1484,39438,64,262350
38060,0.000373,172.31.40.0-255,66,39504,64,262350
38061,0.000391,74.125.24.0-255,2902,42406,64,262350
38062,0.000394,172.31.40.0-255,66,42472,64,262350
38063,0.000399,74.125.24.0-255,5738,48210,64,262350
38064,0.000402,172.31.40.0-255,66,48276,64,262350
38065,0.000421,74.125.24.0-255,5738,54014,64,262350
38066,0.000423,172.31.40.0-255,66,54080,64,262350
38067,0.000442,74.125.24.0-255,824,54904,64,262350
38068,0.000567,74.125.24.0-255,1484,56388,64,262350
38069,0.000572,172.31.40.0-255,66,56454,64,262350
38070,0.000577,74.125.24.0-255,2902,59356,64,262350
38071,0.000579,172.31.40.0-255,66,59422,64,262350
38072,0.000585,74.125.24.0-255,5738,65160,64,262350
38073,0.000588,172.31.40.0-255,66,65226,64,262350
38074,0.000605,74.125.24.0-255,2902,68128,64,262350
38075,0.000608,172.31.40.0-255,66,68194,64,262350
38076,0.00065,172.31.40.0-255,66,68260,64,262350
38077,0.00066,172.31.40.0-255,66,68326,64,262350
38078,0.000662,74.125.24.0-255,766,69092,64,262350
38079,0.000804,74.125.24.0-255,1484,70576,64,262350
38080,0.000808,172.31.40.0-255,66,70642,64,262350
38081,0.000813,74.125.24.0-255,2902,73544,64,262350
38082,0.000816,172.31.40.0-255,66,73610,64,262350
38083,0.000837,74.125.24.0-255,5738,79348,64,262350
38084,0.00084,172.31.40.0-255,66,79414,64,262350
38085,0.000879,74.125.24.0-255,7156,86570,64,262350
38086,0.000882,172.31.40.0-255,66,86636,64,262350
38087,0.000899,74.125.24.0-255,5738,92374,64,262350
38088,0.000902,172.31.40.0-255,66,92440,64,262350
38089,0.000914,172.31.40.0-255,66,92506,64,262350
38090,0.000949,74.125.24.0-255,1484,93990,64,262350
38091,0.000961,74.125.24.0-255,1484,95474,64,262350
38092,0.000964,172.31.40.0-255,66,95540,64,262350
38093,0.000983,74.125.24.0-255,1484,97024,64,262350
38094,0.000987,74.125.24.0-255,2902,99926,64,262350
38095,0.00099,172.31.40.0-255,66,99992,64,262350
38096,0.000997,74.125.24.0-255,7156,107148,64,262350
38097,0.000999,172.31.40.0-255,66,107214,64,262350
38098,0.001027,172.31.40.0-255,66,107280,64,262350
38099,0.001055,74.125.24.0-255,5738,113018,64,262350
38100,0.001058,172.31.40.0-255,66,113084,64,262350
38101,0.001063,74.125.24.0-255,3602,116686,64,262350
38102,0.001065,172.31.40.0-255,66,116752,64,262350
38103,0.001208,74.125.24.0-255,1484,118236,64,262350
38104,0.001222,74.125.24.0-255,2902,121138,64,262350
38105,0.001226,172.31.40.0-255,66,121204,64,262350
38106,0.001232,74.125.24.0-255,5738,126942,64,262350
38107,0.001234,172.31.40.0-255,66,127008,64,262350
38108,0.001238,74.125.24.0-255,2902,129910,64,262350
38109,0.001241,172.31.40.0-255,66,129976,64,262350
38110,0.001268,172.31.40.0-255,66,130042,64,262350
38111,0.001285,74.125.24.0-255,7156,137198,64,262350
38112,0.001288,172.31.40.0-255,66,137264,64,262350
38113,0.001308,74.125.24.0-255,3602,140866,64,262350
38114,0.001313,172.31.40.0-255,66,140932,64,262350
38115,0.001357,74.125.24.0-255,1484,142416,64,262350
38116,0.001361,74.125.24.0-255,1484,143900,64,262350
38117,0.001364,172.31.40.0-255,66,143966,64,262350
38118,0.001381,74.125.24.0-255,1484,145450,64,262350
38119,0.001388,74.125.24.0-255,5738,151188,64,262350
38120,0.00139,172.31.40.0-255,66,151254,64,262350
38121,0.001392,74.125.24.0-255,1484,152738,64,262350
38122,0.001409,74.125.24.0-255,5738,158476,64,262350
38123,0.001411,172.31.40.0-255,66,158542,64,262350
38124,0.001437,74.125.24.0-255,5738,164280,64,262350
38125,0.00144,172.31.40.0-255,66,164346,64,262350
38126,0.001457,172.31.40.0-255,66,164412,64,262350
38127,0.001645,74.125.24.0-255,1484,165896,64,262350
38128,0.001651,74.125.24.0-255,2902,168798,64,262350
38129,0.001654,172.31.40.0-255,66,168864,64,262350
38130,0.001676,74.125.24.0-255,5738,174602,64,262350
38131,0.001678,172.31.40.0-255,66,174668,64,262350
38132,0.001681,74.125.24.0-255,1484,176152,64,262350
38133,0.001709,172.31.40.0-255,66,176218,64,262350
38134,0.001751,172.31.40.0-255,66,176284,64,262350
38135,0.001769,74.125.24.0-255,2184,178468,64,262350
38136,0.001772,172.31.40.0-255,66,178534,64,262350
38137,0.001792,74.125.24.0-255,7156,185690,64,262350
38138,0.001795,172.31.40.0-255,66,185756,64,262350
38139,0.001801,74.125.24.0-255,5738,191494,64,262350
38140,0.001803,172.31.40.0-255,66,191560,64,262350
38141,0.00182,74.125.24.0-255,2902,194462,64,262350
38142,0.001823,172.31.40.0-255,66,194528,64,262350
38143,0.001825,74.125.24.0-255,1484,196012,64,262350
38144,0.001865,172.31.40.0-255,66,196078,64,262350
38145,0.001868,74.125.24.0-255,766,196844,64,262350
38146,0.001915,74.125.24.0-255,1484,198328,64,262350
38147,0.001919,74.125.24.0-255,2902,201230,64,262350
38148,0.001923,172.31.40.0-255,66,201296,64,262350
38149,0.001927,172.31.40.0-255,66,201362,64,262350
38150,0.001947,74.125.24.0-255,5738,207100,64,262350
38151,0.001951,172.31.40.0-255,66,207166,64,262350
38152,0.001955,74.125.24.0-255,2902,210068,64,262350
38153,0.001957,172.31.40.0-255,66,210134,64,262350
38154,0.001968,172.31.40.0-255,66,210200,64,262350
38155,0.001987,74.125.24.0-255,1484,211684,64,262350
38156,0.001992,74.125.24.0-255,2902,214586,64,262350
38157,0.001995,172.31.40.0-255,66,214652,64,262350
38158,0.002021,172.31.40.0-255,66,214718,64,262350
38159,0.002208,74.125.24.0-255,1484,216202,64,262350
38160,0.002214,74.125.24.0-255,2902,219104,64,262350
38161,0.002217,172.31.40.0-255,66,219170,64,262350
38162,0.002222,74.125.24.0-255,2902,222072,64,262350
38163,0.002224,172.31.40.0-255,66,222138,64,262350
38164,0.002238,74.125.24.0-255,2902,225040,64,262350
38165,0.00224,172.31.40.0-255,66,225106,64,262350
38166,0.002247,74.125.24.0-255,5738,230844,64,262350
38167,0.002249,172.31.40.0-255,66,230910,64,262350
38168,0.00228,74.125.24.0-255,7156,238066,64,262350
38169,0.002283,172.31.40.0-255,66,238132,64,262350
38170,0.002297,172.31.40.0-255,66,238198,64,262350
38171,0.002303,74.125.24.0-255,7156,245354,64,262350
38172,0.002306,172.31.40.0-255,66,245420,64,262350
38173,0.002333,74.125.24.0-255,7156,252576,64,262350
38174,0.002336,172.31.40.0-255,66,252642,64,262350
38175,0.00235,74.125.24.0-255,5014,257656,64,262350
38176,0.002353,172.31.40.0-255,66,257722,64,262350
38177,0.002374,74.125.24.0-255,105,257827,64,262350
38178,0.004656,172.31.40.0-255,66,257893,64,262350
38179,0.004694,172.31.40.0-255,105,257998,64,262350
38180,0.007178,74.125.24.0-255,66,258064,64,262350
38181,0.049097,172.31.40.0-255,166,258230,64,262350
38182,0.049147,172.31.40.0-255,1137,259367,64,262350
38183,0.049244,172.31.40.0-255,1514,260881,64,262350
38184,0.049246,172.31.40.0-255,1271,262152,64,262350
38185,0.050615,104.244.42.0-255,66,262218,64,262350
38186,0.050639,104.244.42.0-255,66,262284,64,262350
38187,0.050748,104.244.42.0-255,66,262350,64,262350
38188,0.0,172.217.194.0-255,146,146,64,188468
38189,2.1e-05,172.31.40.0-255,66,212,64,188468
38190,2.8e-05,172.217.194.0-255,1484,1696,64,188468
38191,3.3e-05,172.31.40.0-255,66,1762,64,188468
38192,3.9e-05,172.217.194.0-255,2902,4664,64,188468
38193,4.2e-05,172.31.40.0-255,66,4730,64,188468
38194,5e-05,172.217.194.0-255,7156,11886,64,188468
38195,5.2e-05,172.31.40.0-255,66,11952,64,188468
38196,7.8e-05,172.217.194.0-255,1910,13862,64,188468
38197,8e-05,172.31.40.0-255,66,13928,64,188468
38198,0.000215,172.217.194.0-255,1484,15412,64,188468
38199,0.00022,172.31.40.0-255,66,15478,64,188468
38200,0.000226,172.217.194.0-255,2902,18380,64,188468
38201,0.000228,172.31.40.0-255,66,18446,64,188468
38202,0.000232,172.217.194.0-255,2902,21348,64,188468
38203,0.000235,172.31.40.0-255,66,21414,64,188468
38204,0.000251,172.217.194.0-255,1484,22898,64,188468
38205,0.000253,172.31.40.0-255,66,22964,64,188468
38206,0.00027,172.217.194.0-255,7156,30120,64,188468
38207,0.000272,172.31.40.0-255,66,30186,64,188468
38208,0.0003,172.217.194.0-255,2543,32729,64,188468
38209,0.000303,172.31.40.0-255,66,32795,64,188468
38210,0.000316,172.31.40.0-255,66,32861,64,188468
38211,0.000339,172.217.194.0-255,5738,38599,64,188468
38212,0.000342,172.31.40.0-255,66,38665,64,188468
38213,0.000362,172.217.194.0-255,5379,44044,64,188468
38214,0.000364,172.31.40.0-255,66,44110,64,188468
38215,0.000389,172.217.194.0-255,7156,51266,64,188468
38216,0.000392,172.31.40.0-255,66,51332,64,188468
38217,0.000409,172.217.194.0-255,1441,52773,64,188468
38218,0.000411,172.31.40.0-255,66,52839,64,188468
38219,0.000532,172.217.194.0-255,362,53201,64,188468
38220,0.000536,172.31.40.0-255,66,53267,64,188468
38221,0.000749,172.217.194.0-255,1484,54751,64,188468
38222,0.000765,172.217.194.0-255,2902,57653,64,188468
38223,0.000771,172.217.194.0-255,5738,63391,64,188468
38224,0.000778,172.31.40.0-255,66,63457,64,188468
38225,0.000796,172.217.194.0-255,7156,70613,64,188468
38226,0.000815,172.31.40.0-255,66,70679,64,188468
38227,0.000833,172.217.194.0-255,1484,72163,64,188468
38228,0.00089,172.31.40.0-255,66,72229,64,188468
38229,0.001074,172.217.194.0-255,1484,73713,64,188468
38230,0.001082,172.217.194.0-255,2902,76615,64,188468
38231,0.001086,172.31.40.0-255,66,76681,64,188468
38232,0.001092,172.217.194.0-255,5738,82419,64,188468
38233,0.001163,172.217.194.0-255,1484,83903,64,188468
38234,0.001168,172.217.194.0-255,2902,86805,64,188468
38235,0.001193,172.217.194.0-255,5738,92543,64,188468
38236,0.001207,172.217.194.0-255,1484,94027,64,188468
38237,0.001264,172.217.194.0-255,2902,96929,64,188468
38238,0.001354,172.217.194.0-255,1484,98413,64,188468
38239,0.001372,172.217.194.0-255,2902,101315,64,188468
38240,0.001395,172.217.194.0-255,5738,107053,64,188468
38241,0.001429,172.217.194.0-255,1484,108537,64,188468
38242,0.001464,172.217.194.0-255,5738,114275,64,188468
38243,0.001485,172.217.194.0-255,5020,119295,64,188468
38244,0.001579,172.217.194.0-255,1484,120779,64,188468
38245,0.001584,172.217.194.0-255,2902,123681,64,188468
38246,0.001588,172.217.194.0-255,1484,125165,64,188468
38247,0.001612,172.217.194.0-255,4320,129485,64,188468
38248,0.001617,172.217.194.0-255,5738,135223,64,188468
38249,0.001626,172.217.194.0-255,1484,136707,64,188468
38250,0.001672,172.217.194.0-255,5738,142445,64,188468
38251,0.001736,172.217.194.0-255,2902,145347,64,188468
38252,0.001757,172.217.194.0-255,5738,151085,64,188468
38253,0.001782,172.217.194.0-255,5738,156823,64,188468
38254,0.001795,172.217.194.0-255,2902,159725,64,188468
38255,0.001837,172.217.194.0-255,1484,161209,64,188468
38256,0.001849,172.217.194.0-255,2902,164111,64,188468
38257,0.001861,172.217.194.0-255,1484,165595,64,188468
38258,0.001877,172.217.194.0-255,5738,171333,64,188468
38259,0.001896,172.217.194.0-255,2184,173517,64,188468
38260,0.002026,172.217.194.0-255,3602,177119,64,188468
38261,0.002074,172.217.194.0-255,5738,182857,64,188468
38262,0.0023,172.217.194.0-255,105,182962,64,188468
38263,0.008779,172.31.40.0-255,66,183028,64,188468
38264,0.011673,172.31.40.0-255,105,183133,64,188468
38265,0.014018,172.217.194.0-255,66,183199,64,188468
38266,0.048829,172.31.40.0-255,167,183366,64,188468
38267,0.048856,172.31.40.0-255,1111,184477,64,188468
38268,0.048906,172.31.40.0-255,1514,185991,64,188468
38269,0.048907,172.31.40.0-255,1514,187505,64,188468
38270,0.048928,172.31.40.0-255,699,188204,64,188468
38271,0.050341,104.244.42.0-255,66,188270,64,188468
38272,0.050373,104.244.42.0-255,66,188336,64,188468
38273,0.050432,104.244.42.0-255,66,188402,64,188468
38274,0.050436,104.244.42.0-255,66,188468,64,188468
38275,0.0,74.125.68.0-255,156,156,64,339897
38276,1.8e-05,172.31.40.0-255,66,222,64,339897
38277,2.4e-05,74.125.68.0-255,1484,1706,64,339897
38278,2.8e-05,172.31.40.0-255,66,1772,64,339897
38279,3.4e-05,74.125.68.0-255,2902,4674,64,339897
38280,3.8e-05,172.31.40.0-255,66,4740,64,339897
38281,7.2e-05,74.125.68.0-255,7156,11896,64,339897
38282,7.6e-05,172.31.40.0-255,66,11962,64,339897
38283,9.1e-05,74.125.68.0-255,2138,14100,64,339897
38284,9.4e-05,172.31.40.0-255,66,14166,64,339897
38285,0.000141,74.125.68.0-255,1484,15650,64,339897
38286,0.000143,172.31.40.0-255,66,15716,64,339897
38287,0.000149,74.125.68.0-255,2902,18618,64,339897
38288,0.000151,172.31.40.0-255,66,18684,64,339897
38289,0.000178,74.125.68.0-255,2902,21586,64,339897
38290,0.000181,172.31.40.0-255,66,21652,64,339897
38291,0.000186,74.125.68.0-255,4320,25972,64,339897
38292,0.000189,172.31.40.0-255,66,26038,64,339897
38293,0.000225,74.125.68.0-255,5379,31417,64,339897
38294,0.000228,172.31.40.0-255,66,31483,64,339897
38295,0.000427,74.125.68.0-255,1484,32967,64,339897
38296,0.000443,172.31.40.0-255,66,33033,64,339897
38297,0.000449,74.125.68.0-255,2902,35935,64,339897
38298,0.000451,172.31.40.0-255,66,36001,64,339897
38299,0.000477,74.125.68.0-255,5738,41739,64,339897
38300,0.000481,172.31.40.0-255,66,41805,64,339897
38301,0.000485,74.125.68.0-255,2902,44707,64,339897
38302,0.000487,172.31.40.0-255,66,44773,64,339897
38303,0.000493,74.125.68.0-255,3961,48734,64,339897
38304,0.000495,172.31.40.0-255,66,48800,64,339897
38305,0.000566,74.125.68.0-255,1484,50284,64,339897
38306,0.000569,172.31.40.0-255,66,50350,64,339897
38307,0.000574,74.125.68.0-255,2902,53252,64,339897
38308,0.000577,172.31.40.0-255,66,53318,64,339897
38309,0.000601,74.125.68.0-255,4320,57638,64,339897
38310,0.000605,172.31.40.0-255,66,57704,64,339897
38311,0.000615,74.125.68.0-255,2902,60606,64,339897
38312,0.000617,172.31.40.0-255,66,60672,64,339897
38313,0.000638,74.125.68.0-255,5709,66381,64,339897
38314,0.000641,172.31.40.0-255,66,66447,64,339897
38315,0.000679,74.125.68.0-255,348,66795,64,339897
38316,0.001136,172.31.40.0-255,66,66861,64,339897
38317,0.001288,74.125.68.0-255,1484,68345,64,339897
38318,0.001298,74.125.68.0-255,2902,71247,64,339897
38319,0.001302,172.31.40.0-255,66,71313,64,339897
38320,0.001306,74.125.68.0-255,1484,72797,64,339897
38321,0.001322,74.125.68.0-255,2902,75699,64,339897
38322,0.001325,172.31.40.0-255,66,75765,64,339897
38323,0.00134,74.125.68.0-255,2902,78667,64,339897
38324,0.001343,172.31.40.0-255,66,78733,64,339897
38325,0.00136,74.125.68.0-255,2902,81635,64,339897
38326,0.001362,172.31.40.0-255,66,81701,64,339897
38327,0.001401,172.31.40.0-255,66,81767,64,339897
38328,0.001409,74.125.68.0-255,5738,87505,64,339897
38329,0.001411,172.31.40.0-255,66,87571,64,339897
38330,0.001428,74.125.68.0-255,3602,91173,64,339897
38331,0.00143,172.31.40.0-255,66,91239,64,339897
38332,0.003651,74.125.68.0-255,1484,92723,64,339897
38333,0.003675,74.125.68.0-255,1484,94207,64,339897
38334,0.00368,172.31.40.0-255,66,94273,64,339897
38335,0.0037,74.125.68.0-255,2902,97175,64,339897
38336,0.003703,172.31.40.0-255,66,97241,64,339897
38337,0.005936,74.125.68.0-255,4320,101561,64,339897
38338,0.005941,172.31.40.0-255,66,101627,64,339897
38339,0.005957,74.125.68.0-255,1484,103111,64,339897
38340,0.0082,74.125.68.0-255,2902,106013,64,339897
38341,0.008207,172.31.40.0-255,66,106079,64,339897
38342,0.008227,74.125.68.0-255,1484,107563,64,339897
38343,0.010495,74.125.68.0-255,4320,111883,64,339897
38344,0.010504,172.31.40.0-255,66,111949,64,339897
38345,0.012768,74.125.68.0-255,5738,117687,64,339897
38346,0.012776,172.31.40.0-255,66,117753,64,339897
38347,0.015036,74.125.68.0-255,5738,123491,64,339897
38348,0.015044,172.31.40.0-255,66,123557,64,339897
38349,0.017326,74.125.68.0-255,5738,129295,64,339897
38350,0.017335,172.31.40.0-255,66,129361,64,339897
38351,0.019598,74.125.68.0-255,5738,135099,64,339897
38352,0.019607,172.31.40.0-255,66,135165,64,339897
38353,0.021881,74.125.68.0-255,4320,139485,64,339897
38354,0.021888,172.31.40.0-255,66,139551,64,339897
38355,0.021906,74.125.68.0-255,1484,141035,64,339897
38356,0.024155,74.125.68.0-255,4320,145355,64,339897
38357,0.024163,172.31.40.0-255,66,145421,64,339897
38358,0.025818,172.31.40.0-255,176,145597,64,339897
38359,0.025846,172.31.40.0-255,1113,146710,64,339897
38360,0.025894,172.31.40.0-255,1514,148224,64,339897
38361,0.025895,172.31.40.0-255,1295,149519,64,339897
38362,0.026432,74.125.68.0-255,5738,155257,64,339897
38363,0.026439,172.31.40.0-255,66,155323,64,339897
38364,0.027363,104.244.42.0-255,66,155389,64,339897
38365,0.027552,104.244.42.0-255,66,155455,64,339897
38366,0.027557,104.244.42.0-255,66,155521,64,339897
38367,0.028695,74.125.68.0-255,5738,161259,64,339897
38368,0.028701,172.31.40.0-255,66,161325,64,339897
38369,0.030972,74.125.68.0-255,5738,167063,64,339897
38370,0.030979,172.31.40.0-255,66,167129,64,339897
38371,0.03326,74.125.68.0-255,5738,172867,64,339897
38372,0.033267,172.31.40.0-255,66,172933,64,339897
38373,0.03553,74.125.68.0-255,5738,178671,64,339897
38374,0.035537,172.31.40.0-255,66,178737,64,339897
38375,0.037811,74.125.68.0-255,5738,184475,64,339897
38376,0.037818,172.31.40.0-255,66,184541,64,339897
38377,0.040097,74.125.68.0-255,5738,190279,64,339897
38378,0.040104,172.31.40.0-255,66,190345,64,339897
38379,0.042377,74.125.68.0-255,5738,196083,64,339897
38380,0.042383,172.31.40.0-255,66,196149,64,339897
38381,0.044644,74.125.68.0-255,5738,201887,64,339897
38382,0.044651,172.31.40.0-255,66,201953,64,339897
38383,0.046913,74.125.68.0-255,5738,207691,64,339897
38384,0.04692,172.31.40.0-255,66,207757,64,339897
38385,0.049187,74.125.68.0-255,5738,213495,64,339897
38386,0.049194,172.31.40.0-255,66,213561,64,339897
38387,0.051453,74.125.68.0-255,5738,219299,64,339897
38388,0.05146,172.31.40.0-255,66,219365,64,339897
38389,0.053755,74.125.68.0-255,5738,225103,64,339897
38390,0.053762,172.31.40.0-255,66,225169,64,339897
38391,0.056027,74.125.68.0-255,4320,229489,64,339897
38392,0.056033,172.31.40.0-255,66,229555,64,339897
38393,0.056053,74.125.68.0-255,1484,231039,64,339897
38394,0.058303,74.125.68.0-255,4320,235359,64,339897
38395,0.05831,172.31.40.0-255,66,235425,64,339897
38396,0.060581,74.125.68.0-255,5738,241163,64,339897
38397,0.060588,172.31.40.0-255,66,241229,64,339897
38398,0.06286,74.125.68.0-255,5738,246967,64,339897
38399,0.062866,172.31.40.0-255,66,247033,64,339897
38400,0.065151,74.125.68.0-255,5738,252771,64,339897
38401,0.06517,172.31.40.0-255,66,252837,64,339897
38402,0.067439,74.125.68.0-255,5738,258575,64,339897
38403,0.067453,172.31.40.0-255,66,258641,64,339897
38404,0.069719,74.125.68.0-255,5738,264379,64,339897
38405,0.069731,172.31.40.0-255,66,264445,64,339897
38406,0.072011,74.125.68.0-255,5738,270183,64,339897
38407,0.072029,172.31.40.0-255,66,270249,64,339897
38408,0.074307,74.125.68.0-255,5738,275987,64,339897
38409,0.074325,172.31.40.0-255,66,276053,64,339897
38410,0.0766,74.125.68.0-255,5738,281791,64,339897
38411,0.076616,172.31.40.0-255,66,281857,64,339897
38412,0.078922,74.125.68.0-255,5738,287595,64,339897
38413,0.07894,172.31.40.0-255,66,287661,64,339897
38414,0.081224,74.125.68.0-255,5738,293399,64,339897
38415,0.081243,172.31.40.0-255,66,293465,64,339897
38416,0.083525,74.125.68.0-255,5738,299203,64,339897
38417,0.083541,172.31.40.0-255,66,299269,64,339897
38418,0.085824,74.125.68.0-255,5738,305007,64,339897
38419,0.085836,172.31.40.0-255,66,305073,64,339897
38420,0.088128,74.125.68.0-255,5738,310811,64,339897
38421,0.088146,172.31.40.0-255,66,310877,64,339897
38422,0.090457,74.125.68.0-255,5738,316615,64,339897
38423,0.090475,172.31.40.0-255,66,316681,64,339897
38424,0.092769,74.125.68.0-255,5738,322419,64,339897
38425,0.092793,172.31.40.0-255,66,322485,64,339897
38426,0.095076,74.125.68.0-255,5738,328223,64,339897
38427,0.095088,172.31.40.0-255,66,328289,64,339897
38428,0.097406,74.125.68.0-255,5738,334027,64,339897
38429,0.097414,172.31.40.0-255,66,334093,64,339897
38430,0.09969,74.125.68.0-255,5738,339831,64,339897
38431,0.099697,172.31.40.0-255,66,339897,64,339897
38432,0.0,74.125.24.0-255,153,153,64,312124
38433,1.6e-05,172.31.40.0-255,66,219,64,312124
38434,2.3e-05,74.125.24.0-255,1484,1703,64,312124
38435,2.7e-05,172.31.40.0-255,66,1769,64,312124
38436,3.3e-05,74.125.24.0-255,2902,4671,64,312124
38437,3.6e-05,172.31.40.0-255,66,4737,64,312124
38438,4.2e-05,74.125.24.0-255,4320,9057,64,312124
38439,4.6e-05,172.31.40.0-255,66,9123,64,312124
38440,4.9e-05,74.125.24.0-255,1484,10607,64,312124
38441,5.2e-05,172.31.40.0-255,66,10673,64,312124
38442,8.5e-05,172.31.40.0-255,66,10739,64,312124
38443,9.7e-05,172.31.40.0-255,66,10805,64,312124
38444,0.000117,74.125.24.0-255,3961,14766,64,312124
38445,0.000119,172.31.40.0-255,66,14832,64,312124
38446,0.000168,74.125.24.0-255,1484,16316,64,312124
38447,0.00017,172.31.40.0-255,66,16382,64,312124
38448,0.000175,74.125.24.0-255,2902,19284,64,312124
38449,0.000177,172.31.40.0-255,66,19350,64,312124
38450,0.00018,74.125.24.0-255,1484,20834,64,312124
38451,0.000182,172.31.40.0-255,66,20900,64,312124
38452,0.000204,74.125.24.0-255,4320,25220,64,312124
38453,0.000207,172.31.40.0-255,66,25286,64,312124
38454,0.000218,172.31.40.0-255,66,25352,64,312124
38455,0.00023,172.31.40.0-255,66,25418,64,312124
38456,0.000253,74.125.24.0-255,1484,26902,64,312124
38457,0.000256,172.31.40.0-255,66,26968,64,312124
38458,0.000278,74.125.24.0-255,5651,32619,64,312124
38459,0.000281,172.31.40.0-255,66,32685,64,312124
38460,0.000343,74.125.24.0-255,129,32814,64,312124
38461,0.000524,74.125.24.0-255,1484,34298,64,312124
38462,0.00053,172.31.40.0-255,66,34364,64,312124
38463,0.000536,74.125.24.0-255,2902,37266,64,312124
38464,0.000539,172.31.40.0-255,66,37332,64,312124
38465,0.000546,74.125.24.0-255,5738,43070,64,312124
38466,0.000548,172.31.40.0-255,66,43136,64,312124
38467,0.000572,74.125.24.0-255,6797,49933,64,312124
38468,0.000575,172.31.40.0-255,66,49999,64,312124
38469,0.000615,172.31.40.0-255,66,50065,64,312124
38470,0.000619,74.125.24.0-255,2248,52313,64,312124
38471,0.000621,172.31.40.0-255,66,52379,64,312124
38472,0.00072,74.125.24.0-255,1484,53863,64,312124
38473,0.000727,74.125.24.0-255,2902,56765,64,312124
38474,0.000729,172.31.40.0-255,66,56831,64,312124
38475,0.000755,74.125.24.0-255,5738,62569,64,312124
38476,0.000758,172.31.40.0-255,66,62635,64,312124
38477,0.000772,172.31.40.0-255,66,62701,64,312124
38478,0.000818,74.125.24.0-255,5738,68439,64,312124
38479,0.000821,172.31.40.0-255,66,68505,64,312124
38480,0.000843,74.125.24.0-255,5020,73525,64,312124
38481,0.000845,172.31.40.0-255,66,73591,64,312124
38482,0.001288,74.125.24.0-255,1484,75075,64,312124
38483,0.001295,74.125.24.0-255,2902,77977,64,312124
38484,0.0013,74.125.24.0-255,4320,82297,64,312124
38485,0.001307,172.31.40.0-255,66,82363,64,312124
38486,0.001311,172.31.40.0-255,66,82429,64,312124
38487,0.001319,74.125.24.0-255,1484,83913,64,312124
38488,0.001326,74.125.24.0-255,5738,89651,64,312124
38489,0.001328,172.31.40.0-255,66,89717,64,312124
38490,0.001372,172.31.40.0-255,66,89783,64,312124
38491,0.001378,74.125.24.0-255,5020,94803,64,312124
38492,0.00138,172.31.40.0-255,66,94869,64,312124
38493,0.001449,74.125.24.0-255,1484,96353,64,312124
38494,0.001493,74.125.24.0-255,2902,99255,64,312124
38495,0.001497,172.31.40.0-255,66,99321,64,312124
38496,0.001504,74.125.24.0-255,5738,105059,64,312124
38497,0.001506,172.31.40.0-255,66,105125,64,312124
38498,0.001511,74.125.24.0-255,2902,108027,64,312124
38499,0.001513,172.31.40.0-255,66,108093,64,312124
38500,0.001545,74.125.24.0-255,1484,109577,64,312124
38501,0.001562,172.31.40.0-255,66,109643,64,312124
38502,0.001568,74.125.24.0-255,3602,113245,64,312124
38503,0.00157,172.31.40.0-255,66,113311,64,312124
38504,0.002074,74.125.24.0-255,1484,114795,64,312124
38505,0.002081,74.125.24.0-255,2902,117697,64,312124
38506,0.002085,172.31.40.0-255,66,117763,64,312124
38507,0.002109,74.125.24.0-255,4320,122083,64,312124
38508,0.002111,172.31.40.0-255,66,122149,64,312124
38509,0.002114,74.125.24.0-255,1484,123633,64,312124
38510,0.002135,74.125.24.0-255,4320,127953,64,312124
38511,0.002137,172.31.40.0-255,66,128019,64,312124
38512,0.002175,74.125.24.0-255,7156,135175,64,312124
38513,0.002177,172.31.40.0-255,66,135241,64,312124
38514,0.002196,74.125.24.0-255,4320,139561,64,312124
38515,0.002199,172.31.40.0-255,66,139627,64,312124
38516,0.002209,172.31.40.0-255,66,139693,64,312124
38517,0.002415,74.125.24.0-255,1484,141177,64,312124
38518,0.00242,74.125.24.0-255,2902,144079,64,312124
38519,0.002425,172.31.40.0-255,66,144145,64,312124
38520,0.002437,74.125.24.0-255,5738,149883,64,312124
38521,0.002439,172.31.40.0-255,66,149949,64,312124
38522,0.002445,74.125.24.0-255,4320,154269,64,312124
38523,0.002447,172.31.40.0-255,66,154335,64,312124
38524,0.002479,74.125.24.0-255,1484,155819,64,312124
38525,0.002499,172.31.40.0-255,66,155885,64,312124
38526,0.002505,74.125.24.0-255,5020,160905,64,312124
38527,0.002507,172.31.40.0-255,66,160971,64,312124
38528,0.005054,74.125.24.0-255,2902,163873,64,312124
38529,0.005059,172.31.40.0-255,66,163939,64,312124
38530,0.005081,74.125.24.0-255,2902,166841,64,312124
38531,0.005083,172.31.40.0-255,66,166907,64,312124
38532,0.007597,74.125.24.0-255,2902,169809,64,312124
38533,0.007601,172.31.40.0-255,66,169875,64,312124
38534,0.007627,74.125.24.0-255,2902,172777,64,312124
38535,0.007629,172.31.40.0-255,66,172843,64,312124
38536,0.010138,74.125.24.0-255,2902,175745,64,312124
38537,0.010145,172.31.40.0-255,66,175811,64,312124
38538,0.010215,74.125.24.0-255,2902,178713,64,312124
38539,0.010219,172.31.40.0-255,66,178779,64,312124
38540,0.012681,74.125.24.0-255,2902,181681,64,312124
38541,0.012703,172.31.40.0-255,66,181747,64,312124
38542,0.012771,74.125.24.0-255,2902,184649,64,312124
38543,0.012775,172.31.40.0-255,66,184715,64,312124
38544,0.015252,74.125.24.0-255,2902,187617,64,312124
38545,0.01526,172.31.40.0-255,66,187683,64,312124
38546,0.015312,74.125.24.0-255,2902,190585,64,312124
38547,0.015315,172.31.40.0-255,66,190651,64,312124
38548,0.017823,74.125.24.0-255,2902,193553,64,312124
38549,0.017831,172.31.40.0-255,66,193619,64,312124
38550,0.017852,74.125.24.0-255,2902,196521,64,312124
38551,0.017854,172.31.40.0-255,66,196587,64,312124
38552,0.020378,74.125.24.0-255,5738,202325,64,312124
38553,0.020387,172.31.40.0-255,66,202391,64,312124
38554,0.022928,74.125.24.0-255,5738,208129,64,312124
38555,0.022934,172.31.40.0-255,66,208195,64,312124
38556,0.025479,74.125.24.0-255,5738,213933,64,312124
38557,0.025485,172.31.40.0-255,66,213999,64,312124
38558,0.028031,74.125.24.0-255,5738,219737,64,312124
38559,0.028038,172.31.40.0-255,66,219803,64,312124
38560,0.030344,172.31.40.0-255,172,219975,64,312124
38561,0.030375,172.31.40.0-255,1112,221087,64,312124
38562,0.030432,172.31.40.0-255,1514,222601,64,312124
38563,0.030433,172.31.40.0-255,1296,223897,64,312124
38564,0.030589,74.125.24.0-255,5738,229635,64,312124
38565,0.030595,172.31.40.0-255,66,229701,64,312124
38566,0.031884,104.244.42.0-255,66,229767,64,312124
38567,0.031952,104.244.42.0-255,66,229833,64,312124
38568,0.031974,104.244.42.0-255,66,229899,64,312124
38569,0.032623,104.244.42.0-255,108,230007,64,312124
38570,0.03263,172.31.40.0-255,66,230073,64,312124
38571,0.033144,74.125.24.0-255,5738,235811,64,312124
38572,0.033149,172.31.40.0-255,66,235877,64,312124
38573,0.035716,74.125.24.0-255,5738,241615,64,312124
38574,0.035723,172.31.40.0-255,66,241681,64,312124
38575,0.038266,74.125.24.0-255,5738,247419,64,312124
38576,0.038275,172.31.40.0-255,66,247485,64,312124
38577,0.040839,74.125.24.0-255,5738,253223,64,312124
38578,0.040848,172.31.40.0-255,66,253289,64,312124
38579,0.043424,74.125.24.0-255,5738,259027,64,312124
38580,0.043431,172.31.40.0-255,66,259093,64,312124
38581,0.045994,74.125.24.0-255,5738,264831,64,312124
38582,0.046,172.31.40.0-255,66,264897,64,312124
38583,0.048531,74.125.24.0-255,5738,270635,64,312124
38584,0.048538,172.31.40.0-255,66,270701,64,312124
38585,0.051079,74.125.24.0-255,5738,276439,64,312124
38586,0.051087,172.31.40.0-255,66,276505,64,312124
38587,0.053629,74.125.24.0-255,5738,282243,64,312124
38588,0.053638,172.31.40.0-255,66,282309,64,312124
38589,0.056203,74.125.24.0-255,5738,288047,64,312124
38590,0.056209,172.31.40.0-255,66,288113,64,312124
38591,0.058748,74.125.24.0-255,5738,293851,64,312124
38592,0.058754,172.31.40.0-255,66,293917,64,312124
38593,0.06129,74.125.24.0-255,5738,299655,64,312124
38594,0.061296,172.31.40.0-255,66,299721,64,312124
38595,0.063879,74.125.24.0-255,5738,305459,64,312124
38596,0.063885,172.31.40.0-255,66,305525,64,312124
38597,0.066433,74.125.24.0-255,5738,311263,64,312124
38598,0.066439,172.31.40.0-255,66,311329,64,312124
38599,0.068977,74.125.24.0-255,558,311887,64,312124
38600,0.069548,172.31.40.0-255,66,311953,64,312124
38601,0.069588,172.31.40.0-255,105,312058,64,312124
38602,0.072127,74.125.24.0-255,66,312124,64,312124
38603,0.0,172.217.194.0-255,153,153,64,355049
38604,2.4e-05,172.31.40.0-255,66,219,64,355049
38605,3.1e-05,172.217.194.0-255,1484,1703,64,355049
38606,3.6e-05,172.31.40.0-255,66,1769,64,355049
38607,5e-05,172.217.194.0-255,2902,4671,64,355049
38608,5.3e-05,172.31.40.0-255,66,4737,64,355049
38609,6.1e-05,172.217.194.0-255,7156,11893,64,355049
38610,6.4e-05,172.31.40.0-255,66,11959,64,355049
38611,6.8e-05,172.217.194.0-255,1984,13943,64,355049
38612,7.1e-05,172.31.40.0-255,66,14009,64,355049
38613,0.000105,172.217.194.0-255,5738,19747,64,355049
38614,0.000108,172.31.40.0-255,66,19813,64,355049
38615,0.000141,172.217.194.0-255,5738,25551,64,355049
38616,0.000144,172.31.40.0-255,66,25617,64,355049
38617,0.00015,172.217.194.0-255,5379,30996,64,355049
38618,0.000152,172.31.40.0-255,66,31062,64,355049
38619,0.000257,172.217.194.0-255,1484,32546,64,355049
38620,0.000261,172.31.40.0-255,66,32612,64,355049
38621,0.000267,172.217.194.0-255,2902,35514,64,355049
38622,0.000269,172.31.40.0-255,66,35580,64,355049
38623,0.000284,172.217.194.0-255,1484,37064,64,355049
38624,0.000286,172.31.40.0-255,66,37130,64,355049
38625,0.00031,172.217.194.0-255,4320,41450,64,355049
38626,0.000314,172.31.40.0-255,66,41516,64,355049
38627,0.000322,172.217.194.0-255,6797,48313,64,355049
38628,0.000324,172.31.40.0-255,66,48379,64,355049
38629,0.00096,172.217.194.0-255,1484,49863,64,355049
38630,0.000966,172.31.40.0-255,66,49929,64,355049
38631,0.000976,172.217.194.0-255,2902,52831,64,355049
38632,0.000978,172.31.40.0-255,66,52897,64,355049
38633,0.00099,172.217.194.0-255,5738,58635,64,355049
38634,0.000992,172.31.40.0-255,66,58701,64,355049
38635,0.001024,172.217.194.0-255,5738,64439,64,355049
38636,0.001027,172.31.40.0-255,66,64505,64,355049
38637,0.001049,172.217.194.0-255,1125,65630,64,355049
38638,0.001076,172.217.194.0-255,4320,69950,64,355049
38639,0.001079,172.31.40.0-255,66,70016,64,355049
38640,0.001085,172.217.194.0-255,4320,74336,64,355049
38641,0.001087,172.31.40.0-255,66,74402,64,355049
38642,0.001112,172.217.194.0-255,1484,75886,64,355049
38643,0.001118,172.217.194.0-255,5738,81624,64,355049
38644,0.001121,172.31.40.0-255,66,81690,64,355049
38645,0.001144,172.217.194.0-255,1125,82815,64,355049
38646,0.001157,172.217.194.0-255,1484,84299,64,355049
38647,0.001159,172.31.40.0-255,66,84365,64,355049
38648,0.001191,172.217.194.0-255,6318,90683,64,355049
38649,0.001193,172.31.40.0-255,66,90749,64,355049
38650,0.001201,172.217.194.0-255,7156,97905,64,355049
38651,0.001203,172.31.40.0-255,66,97971,64,355049
38652,0.001234,172.217.194.0-255,2543,100514,64,355049
38653,0.001238,172.31.40.0-255,66,100580,64,355049
38654,0.001871,172.217.194.0-255,1484,102064,64,355049
38655,0.001879,172.217.194.0-255,2902,104966,64,355049
38656,0.001885,172.31.40.0-255,66,105032,64,355049
38657,0.001892,172.217.194.0-255,5738,110770,64,355049
38658,0.001895,172.31.40.0-255,66,110836,64,355049
38659,0.001907,172.217.194.0-255,5738,116574,64,355049
38660,0.001909,172.31.40.0-255,66,116640,64,355049
38661,0.001916,172.217.194.0-255,5738,122378,64,355049
38662,0.001918,172.31.40.0-255,66,122444,64,355049
38663,0.001969,172.31.40.0-255,66,122510,64,355049
38664,0.001972,172.217.194.0-255,766,123276,64,355049
38665,0.001975,172.217.194.0-255,1484,124760,64,355049
38666,0.001977,172.31.40.0-255,66,124826,64,355049
38667,0.001982,172.217.194.0-255,4320,129146,64,355049
38668,0.001985,172.31.40.0-255,66,129212,64,355049
38669,0.001996,172.31.40.0-255,66,129278,64,355049
38670,0.002037,172.217.194.0-255,7156,136434,64,355049
38671,0.00204,172.31.40.0-255,66,136500,64,355049
38672,0.002077,172.217.194.0-255,5738,142238,64,355049
38673,0.00208,172.31.40.0-255,66,142304,64,355049
38674,0.002086,172.217.194.0-255,5020,147324,64,355049
38675,0.002088,172.31.40.0-255,66,147390,64,355049
38676,0.002094,172.217.194.0-255,5738,153128,64,355049
38677,0.002096,172.31.40.0-255,66,153194,64,355049
38678,0.002107,172.31.40.0-255,66,153260,64,355049
38679,0.002158,172.31.40.0-255,66,153326,64,355049
38680,0.00216,172.217.194.0-255,766,154092,64,355049
38681,0.002261,172.217.194.0-255,1484,155576,64,355049
38682,0.002264,172.31.40.0-255,66,155642,64,355049
38683,0.002293,172.217.194.0-255,2902,158544,64,355049
38684,0.002296,172.31.40.0-255,66,158610,64,355049
38685,0.0023,172.217.194.0-255,2902,161512,64,355049
38686,0.002302,172.31.40.0-255,66,161578,64,355049
38687,0.002307,172.217.194.0-255,4320,165898,64,355049
38688,0.002315,172.31.40.0-255,66,165964,64,355049
38689,0.002345,172.217.194.0-255,2902,168866,64,355049
38690,0.002347,172.31.40.0-255,66,168932,64,355049
38691,0.002362,172.31.40.0-255,66,168998,64,355049
38692,0.002366,172.217.194.0-255,3602,172600,64,355049
38693,0.002368,172.31.40.0-255,66,172666,64,355049
38694,0.004708,172.217.194.0-255,1484,174150,64,355049
38695,0.004733,172.217.194.0-255,4320,178470,64,355049
38696,0.004738,172.31.40.0-255,66,178536,64,355049
38697,0.007128,172.217.194.0-255,5738,184274,64,355049
38698,0.007134,172.31.40.0-255,66,184340,64,355049
38699,0.00951,172.217.194.0-255,5738,190078,64,355049
38700,0.009517,172.31.40.0-255,66,190144,64,355049
38701,0.011936,172.217.194.0-255,5738,195882,64,355049
38702,0.011948,172.31.40.0-255,66,195948,64,355049
38703,0.014343,172.217.194.0-255,5738,201686,64,355049
38704,0.014352,172.31.40.0-255,66,201752,64,355049
38705,0.016706,172.217.194.0-255,5738,207490,64,355049
38706,0.016715,172.31.40.0-255,66,207556,64,355049
38707,0.019103,172.217.194.0-255,5738,213294,64,355049
38708,0.019112,172.31.40.0-255,66,213360,64,355049
38709,0.021446,172.217.194.0-255,1484,214844,64,355049
38710,0.021473,172.217.194.0-255,4320,219164,64,355049
38711,0.021479,172.31.40.0-255,66,219230,64,355049
38712,0.023806,172.217.194.0-255,5738,224968,64,355049
38713,0.023813,172.31.40.0-255,66,225034,64,355049
38714,0.026197,172.217.194.0-255,5738,230772,64,355049
38715,0.026206,172.31.40.0-255,66,230838,64,355049
38716,0.028558,172.217.194.0-255,5738,236576,64,355049
38717,0.028565,172.31.40.0-255,66,236642,64,355049
38718,0.030927,172.217.194.0-255,5738,242380,64,355049
38719,0.030935,172.31.40.0-255,66,242446,64,355049
38720,0.032124,172.31.40.0-255,172,242618,64,355049
38721,0.032157,172.31.40.0-255,1111,243729,64,355049
38722,0.032219,172.31.40.0-255,1514,245243,64,355049
38723,0.03222,172.31.40.0-255,1297,246540,64,355049
38724,0.033324,172.217.194.0-255,4320,250860,64,355049
38725,0.033332,172.31.40.0-255,66,250926,64,355049
38726,0.033357,172.217.194.0-255,1484,252410,64,355049
38727,0.033642,104.244.42.0-255,66,252476,64,355049
38728,0.033696,104.244.42.0-255,66,252542,64,355049
38729,0.033794,104.244.42.0-255,66,252608,64,355049
38730,0.035695,172.217.194.0-255,4320,256928,64,355049
38731,0.035701,172.31.40.0-255,66,256994,64,355049
38732,0.038108,172.217.194.0-255,5738,262732,64,355049
38733,0.038114,172.31.40.0-255,66,262798,64,355049
38734,0.040526,172.217.194.0-255,4320,267118,64,355049
38735,0.040532,172.31.40.0-255,66,267184,64,355049
38736,0.040558,172.217.194.0-255,1484,268668,64,355049
38737,0.042915,172.217.194.0-255,4320,272988,64,355049
38738,0.042921,172.31.40.0-255,66,273054,64,355049
38739,0.045303,172.217.194.0-255,5738,278792,64,355049
38740,0.04531,172.31.40.0-255,66,278858,64,355049
38741,0.0477,172.217.194.0-255,5738,284596,64,355049
38742,0.047705,172.31.40.0-255,66,284662,64,355049
38743,0.050112,172.217.194.0-255,5738,290400,64,355049
38744,0.050119,172.31.40.0-255,66,290466,64,355049
38745,0.052509,172.217.194.0-255,5738,296204,64,355049
38746,0.052515,172.31.40.0-255,66,296270,64,355049
38747,0.054896,172.217.194.0-255,5738,302008,64,355049
38748,0.054904,172.31.40.0-255,66,302074,64,355049
38749,0.057309,172.217.194.0-255,5738,307812,64,355049
38750,0.057316,172.31.40.0-255,66,307878,64,355049
38751,0.059728,172.217.194.0-255,5738,313616,64,355049
38752,0.059735,172.31.40.0-255,66,313682,64,355049
38753,0.062094,172.217.194.0-255,5738,319420,64,355049
38754,0.0621,172.31.40.0-255,66,319486,64,355049
38755,0.064463,172.217.194.0-255,5738,325224,64,355049
38756,0.064468,172.31.40.0-255,66,325290,64,355049
38757,0.066901,172.217.194.0-255,5738,331028,64,355049
38758,0.066908,172.31.40.0-255,66,331094,64,355049
38759,0.069295,172.217.194.0-255,5738,336832,64,355049
38760,0.069302,172.31.40.0-255,66,336898,64,355049
38761,0.071673,172.217.194.0-255,5738,342636,64,355049
38762,0.07168,172.31.40.0-255,66,342702,64,355049
38763,0.074109,172.217.194.0-255,5738,348440,64,355049
38764,0.074117,172.31.40.0-255,66,348506,64,355049
38765,0.076528,172.217.194.0-255,5738,354244,64,355049
38766,0.076535,172.31.40.0-255,66,354310,64,355049
38767,0.078923,172.217.194.0-255,502,354812,64,355049
38768,0.079047,172.31.40.0-255,66,354878,64,355049
38769,0.079084,172.31.40.0-255,105,354983,64,355049
38770,0.081426,172.217.194.0-255,66,355049,64,355049
38771,0.0,172.217.194.0-255,150,150,64,366345
38772,2.2e-05,172.31.40.0-255,66,216,64,366345
38773,3e-05,172.217.194.0-255,1484,1700,64,366345
38774,3.4e-05,172.31.40.0-255,66,1766,64,366345
38775,4.8e-05,172.217.194.0-255,2902,4668,64,366345
38776,5.2e-05,172.31.40.0-255,66,4734,64,366345
38777,5.9e-05,172.217.194.0-255,7156,11890,64,366345
38778,6.2e-05,172.31.40.0-255,66,11956,64,366345
38779,6.6e-05,172.217.194.0-255,2130,14086,64,366345
38780,7e-05,172.31.40.0-255,66,14152,64,366345
38781,7.6e-05,172.217.194.0-255,2902,17054,64,366345
38782,7.8e-05,172.31.40.0-255,66,17120,64,366345
38783,8.4e-05,172.217.194.0-255,4320,21440,64,366345
38784,8.7e-05,172.31.40.0-255,66,21506,64,366345
38785,0.000121,172.217.194.0-255,2902,24408,64,366345
38786,0.000125,172.31.40.0-255,66,24474,64,366345
38787,0.000148,172.217.194.0-255,6797,31271,64,366345
38788,0.000152,172.31.40.0-255,66,31337,64,366345
38789,0.000329,172.217.194.0-255,1484,32821,64,366345
38790,0.000333,172.31.40.0-255,66,32887,64,366345
38791,0.000339,172.217.194.0-255,2902,35789,64,366345
38792,0.000342,172.31.40.0-255,66,35855,64,366345
38793,0.000345,172.217.194.0-255,1484,37339,64,366345
38794,0.000352,172.31.40.0-255,66,37405,64,366345
38795,0.000389,172.217.194.0-255,4320,41725,64,366345
38796,0.000391,172.31.40.0-255,66,41791,64,366345
38797,0.000399,172.217.194.0-255,6797,48588,64,366345
38798,0.000401,172.31.40.0-255,66,48654,64,366345
38799,0.000427,172.217.194.0-255,7156,55810,64,366345
38800,0.00043,172.31.40.0-255,66,55876,64,366345
38801,0.000462,172.217.194.0-255,7156,63032,64,366345
38802,0.000465,172.31.40.0-255,66,63098,64,366345
38803,0.000468,172.217.194.0-255,2543,65641,64,366345
38804,0.00047,172.31.40.0-255,66,65707,64,366345
38805,0.000473,172.217.194.0-255,677,66384,64,366345
38806,0.001007,172.217.194.0-255,1484,67868,64,366345
38807,0.001013,172.31.40.0-255,66,67934,64,366345
38808,0.00102,172.217.194.0-255,2902,70836,64,366345
38809,0.001022,172.31.40.0-255,66,70902,64,366345
38810,0.001033,172.217.194.0-255,5738,76640,64,366345
38811,0.001035,172.31.40.0-255,66,76706,64,366345
38812,0.001038,172.217.194.0-255,1484,78190,64,366345
38813,0.001062,172.217.194.0-255,4320,82510,64,366345
38814,0.001065,172.31.40.0-255,66,82576,64,366345
38815,0.001082,172.31.40.0-255,66,82642,64,366345
38816,0.001089,172.217.194.0-255,5020,87662,64,366345
38817,0.001091,172.31.40.0-255,66,87728,64,366345
38818,0.001314,172.217.194.0-255,1484,89212,64,366345
38819,0.001321,172.217.194.0-255,2902,92114,64,366345
38820,0.001324,172.31.40.0-255,66,92180,64,366345
38821,0.001329,172.217.194.0-255,2902,95082,64,366345
38822,0.001331,172.31.40.0-255,66,95148,64,366345
38823,0.001357,172.217.194.0-255,2902,98050,64,366345
38824,0.001364,172.217.194.0-255,5738,103788,64,366345
38825,0.0014,172.217.194.0-255,5738,109526,64,366345
38826,0.001405,172.31.40.0-255,66,109592,64,366345
38827,0.001407,172.31.40.0-255,66,109658,64,366345
38828,0.001414,172.31.40.0-255,66,109724,64,366345
38829,0.001427,172.217.194.0-255,7156,116880,64,366345
38830,0.001429,172.31.40.0-255,66,116946,64,366345
38831,0.001435,172.217.194.0-255,5020,121966,64,366345
38832,0.001437,172.31.40.0-255,66,122032,64,366345
38833,0.001693,172.217.194.0-255,1484,123516,64,366345
38834,0.0017,172.217.194.0-255,2902,126418,64,366345
38835,0.001703,172.31.40.0-255,66,126484,64,366345
38836,0.00171,172.217.194.0-255,5738,132222,64,366345
38837,0.001712,172.31.40.0-255,66,132288,64,366345
38838,0.001748,172.31.40.0-255,66,132354,64,366345
38839,0.001777,172.217.194.0-255,4320,136674,64,366345
38840,0.001788,172.217.194.0-255,766,137440,64,366345
38841,0.001793,172.31.40.0-255,66,137506,64,366345
38842,0.001796,172.31.40.0-255,66,137572,64,366345
38843,0.002202,172.31.40.0-255,66,137638,64,366345
38844,0.002246,172.217.194.0-255,1484,139122,64,366345
38845,0.002252,172.217.194.0-255,2902,142024,64,366345
38846,0.002255,172.31.40.0-255,66,142090,64,366345
38847,0.002262,172.217.194.0-255,5738,147828,64,366345
38848,0.002264,172.31.40.0-255,66,147894,64,366345
38849,0.002279,172.217.194.0-255,1484,149378,64,366345
38850,0.002315,172.31.40.0-255,66,149444,64,366345
38851,0.002355,172.31.40.0-255,66,149510,64,366345
38852,0.004652,172.217.194.0-255,5738,155248,64,366345
38853,0.004658,172.31.40.0-255,66,155314,64,366345
38854,0.006965,172.217.194.0-255,5738,161052,64,366345
38855,0.006968,172.31.40.0-255,66,161118,64,366345
38856,0.009301,172.217.194.0-255,5738,166856,64,366345
38857,0.009308,172.31.40.0-255,66,166922,64,366345
38858,0.01162,172.217.194.0-255,5738,172660,64,366345
38859,0.011629,172.31.40.0-255,66,172726,64,366345
38860,0.01393,172.217.194.0-255,5738,178464,64,366345
38861,0.013939,172.31.40.0-255,66,178530,64,366345
38862,0.016261,172.217.194.0-255,5738,184268,64,366345
38863,0.016273,172.31.40.0-255,66,184334,64,366345
38864,0.018583,172.217.194.0-255,5738,190072,64,366345
38865,0.018592,172.31.40.0-255,66,190138,64,366345
38866,0.020905,172.217.194.0-255,5738,195876,64,366345
38867,0.020914,172.31.40.0-255,66,195942,64,366345
38868,0.023229,172.217.194.0-255,5738,201680,64,366345
38869,0.023238,172.31.40.0-255,66,201746,64,366345
38870,0.025566,172.217.194.0-255,5738,207484,64,366345
38871,0.025584,172.31.40.0-255,66,207550,64,366345
38872,0.027909,172.217.194.0-255,5738,213288,64,366345
38873,0.027923,172.31.40.0-255,66,213354,64,366345
38874,0.030237,172.217.194.0-255,5738,219092,64,366345
38875,0.030257,172.31.40.0-255,66,219158,64,366345
38876,0.032589,172.217.194.0-255,5738,224896,64,366345
38877,0.032597,172.31.40.0-255,66,224962,64,366345
38878,0.034927,172.217.194.0-255,5738,230700,64,366345
38879,0.034936,172.31.40.0-255,66,230766,64,366345
38880,0.037348,172.217.194.0-255,5738,236504,64,366345
38881,0.037364,172.31.40.0-255,66,236570,64,366345
38882,0.039733,172.217.194.0-255,5738,242308,64,366345
38883,0.03974,172.31.40.0-255,66,242374,64,366345
38884,0.042105,172.217.194.0-255,5738,248112,64,366345
38885,0.042122,172.31.40.0-255,66,248178,64,366345
38886,0.0445,172.217.194.0-255,5738,253916,64,366345
38887,0.044507,172.31.40.0-255,66,253982,64,366345
38888,0.046833,172.217.194.0-255,5738,259720,64,366345
38889,0.046852,172.31.40.0-255,66,259786,64,366345
38890,0.047505,172.31.40.0-255,198,259984,64,366345
38891,0.047538,172.31.40.0-255,955,260939,64,366345
38892,0.047598,172.31.40.0-255,1514,262453,64,366345
38893,0.0476,172.31.40.0-255,1453,263906,64,366345
38894,0.049039,104.244.42.0-255,66,263972,64,366345
38895,0.049081,104.244.42.0-255,66,264038,64,366345
38896,0.049149,172.217.194.0-255,4320,268358,64,366345
38897,0.049155,172.31.40.0-255,66,268424,64,366345
38898,0.049186,172.217.194.0-255,1484,269908,64,366345
38899,0.04922,104.244.42.0-255,66,269974,64,366345
38900,0.050186,104.244.42.0-255,108,270082,64,366345
38901,0.050194,172.31.40.0-255,66,270148,64,366345
38902,0.051484,172.217.194.0-255,4320,274468,64,366345
38903,0.051493,172.31.40.0-255,66,274534,64,366345
38904,0.053814,172.217.194.0-255,5738,280272,64,366345
38905,0.053832,172.31.40.0-255,66,280338,64,366345
38906,0.056159,172.217.194.0-255,5738,286076,64,366345
38907,0.056175,172.31.40.0-255,66,286142,64,366345
38908,0.058512,172.217.194.0-255,5738,291880,64,366345
38909,0.05853,172.31.40.0-255,66,291946,64,366345
38910,0.060883,172.217.194.0-255,5738,297684,64,366345
38911,0.060903,172.31.40.0-255,66,297750,64,366345
38912,0.063221,172.217.194.0-255,5738,303488,64,366345
38913,0.063241,172.31.40.0-255,66,303554,64,366345
38914,0.065607,172.217.194.0-255,5738,309292,64,366345
38915,0.06563,172.31.40.0-255,66,309358,64,366345
38916,0.068017,172.217.194.0-255,5738,315096,64,366345
38917,0.068035,172.31.40.0-255,66,315162,64,366345
38918,0.070371,172.217.194.0-255,5738,320900,64,366345
38919,0.07039,172.31.40.0-255,66,320966,64,366345
38920,0.072696,172.217.194.0-255,5738,326704,64,366345
38921,0.072705,172.31.40.0-255,66,326770,64,366345
38922,0.075035,172.217.194.0-255,5738,332508,64,366345
38923,0.075044,172.31.40.0-255,66,332574,64,366345
38924,0.07739,172.217.194.0-255,5738,338312,64,366345
38925,0.077409,172.31.40.0-255,66,338378,64,366345
38926,0.079711,172.217.194.0-255,5738,344116,64,366345
38927,0.079728,172.31.40.0-255,66,344182,64,366345
38928,0.082074,172.217.194.0-255,5738,349920,64,366345
38929,0.082092,172.31.40.0-255,66,349986,64,366345
38930,0.084435,172.217.194.0-255,5738,355724,64,366345
38931,0.084448,172.31.40.0-255,66,355790,64,366345
38932,0.086753,172.217.194.0-255,5738,361528,64,366345
38933,0.086759,172.31.40.0-255,66,361594,64,366345
38934,0.089071,172.217.194.0-255,4514,366108,64,366345
38935,0.089082,172.31.40.0-255,66,366174,64,366345
38936,0.089274,172.31.40.0-255,105,366279,64,366345
38937,0.091531,172.217.194.0-255,66,366345,64,366345
38938,0.0,74.125.130.0-255,153,153,64,386865
38939,2.2e-05,172.31.40.0-255,66,219,64,386865
38940,2.9e-05,74.125.130.0-255,1484,1703,64,386865
38941,3.4e-05,172.31.40.0-255,66,1769,64,386865
38942,3.9e-05,74.125.130.0-255,2902,4671,64,386865
38943,4.2e-05,172.31.40.0-255,66,4737,64,386865
38944,6.7e-05,74.125.130.0-255,7156,11893,64,386865
38945,7e-05,172.31.40.0-255,66,11959,64,386865
38946,7.4e-05,74.125.130.0-255,1911,13870,64,386865
38947,7.6e-05,172.31.40.0-255,66,13936,64,386865
38948,0.000193,74.125.130.0-255,1484,15420,64,386865
38949,0.000198,172.31.40.0-255,66,15486,64,386865
38950,0.000203,74.125.130.0-255,2902,18388,64,386865
38951,0.000206,172.31.40.0-255,66,18454,64,386865
38952,0.000209,74.125.130.0-255,1484,19938,64,386865
38953,0.000211,172.31.40.0-255,66,20004,64,386865
38954,0.000233,74.125.130.0-255,2902,22906,64,386865
38955,0.000237,172.31.40.0-255,66,22972,64,386865
38956,0.000242,74.125.130.0-255,4320,27292,64,386865
38957,0.000244,172.31.40.0-255,66,27358,64,386865
38958,0.000264,74.125.130.0-255,1484,28842,64,386865
38959,0.000266,172.31.40.0-255,66,28908,64,386865
38960,0.000282,74.125.130.0-255,2543,31451,64,386865
38961,0.000285,172.31.40.0-255,66,31517,64,386865
38962,0.00043,74.125.130.0-255,1484,33001,64,386865
38963,0.000435,172.31.40.0-255,66,33067,64,386865
38964,0.000439,74.125.130.0-255,2902,35969,64,386865
38965,0.000442,172.31.40.0-255,66,36035,64,386865
38966,0.000465,74.125.130.0-255,5738,41773,64,386865
38967,0.000468,172.31.40.0-255,66,41839,64,386865
38968,0.000473,74.125.130.0-255,4320,46159,64,386865
38969,0.000475,172.31.40.0-255,66,46225,64,386865
38970,0.000506,74.125.130.0-255,5379,51604,64,386865
38971,0.00051,172.31.40.0-255,66,51670,64,386865
38972,0.000513,74.125.130.0-255,1484,53154,64,386865
38973,0.000531,74.125.130.0-255,2902,56056,64,386865
38974,0.000534,172.31.40.0-255,66,56122,64,386865
38975,0.00054,74.125.130.0-255,5738,61860,64,386865
38976,0.000543,172.31.40.0-255,66,61926,64,386865
38977,0.000577,74.125.130.0-255,3961,65887,64,386865
38978,0.000581,172.31.40.0-255,66,65953,64,386865
38979,0.000869,74.125.130.0-255,646,66599,64,386865
38980,0.001061,74.125.130.0-255,1484,68083,64,386865
38981,0.001066,172.31.40.0-255,66,68149,64,386865
38982,0.001071,74.125.130.0-255,2902,71051,64,386865
38983,0.001073,172.31.40.0-255,66,71117,64,386865
38984,0.001097,74.125.130.0-255,4320,75437,64,386865
38985,0.0011,172.31.40.0-255,66,75503,64,386865
38986,0.001118,74.125.130.0-255,1484,76987,64,386865
38987,0.001122,74.125.130.0-255,1484,78471,64,386865
38988,0.001124,172.31.40.0-255,66,78537,64,386865
38989,0.001145,74.125.130.0-255,2902,81439,64,386865
38990,0.001148,172.31.40.0-255,66,81505,64,386865
38991,0.001168,74.125.130.0-255,1484,82989,64,386865
38992,0.001181,74.125.130.0-255,2543,85532,64,386865
38993,0.001183,172.31.40.0-255,66,85598,64,386865
38994,0.001187,74.125.130.0-255,2902,88500,64,386865
38995,0.001189,172.31.40.0-255,66,88566,64,386865
38996,0.001202,74.125.130.0-255,1484,90050,64,386865
38997,0.001234,74.125.130.0-255,1125,91175,64,386865
38998,0.001238,172.31.40.0-255,66,91241,64,386865
38999,0.001479,172.31.40.0-255,66,91307,64,386865
39000,0.001863,74.125.130.0-255,1484,92791,64,386865
39001,0.001873,74.125.130.0-255,2902,95693,64,386865
39002,0.001878,172.31.40.0-255,66,95759,64,386865
39003,0.001898,74.125.130.0-255,1484,97243,64,386865
39004,0.001922,74.125.130.0-255,2902,100145,64,386865
39005,0.001924,172.31.40.0-255,66,100211,64,386865
39006,0.001928,74.125.130.0-255,1484,101695,64,386865
39007,0.001942,74.125.130.0-255,2902,104597,64,386865
39008,0.001944,172.31.40.0-255,66,104663,64,386865
39009,0.001967,74.125.130.0-255,1484,106147,64,386865
39010,0.001975,74.125.130.0-255,7156,113303,64,386865
39011,0.001976,172.31.40.0-255,66,113369,64,386865
39012,0.001997,74.125.130.0-255,2902,116271,64,386865
39013,0.001999,172.31.40.0-255,66,116337,64,386865
39014,0.002021,74.125.130.0-255,7156,123493,64,386865
39015,0.002024,172.31.40.0-255,66,123559,64,386865
39016,0.002038,74.125.130.0-255,2184,125743,64,386865
39017,0.00204,172.31.40.0-255,66,125809,64,386865
39018,0.002117,74.125.130.0-255,1484,127293,64,386865
39019,0.002121,74.125.130.0-255,1484,128777,64,386865
39020,0.002124,172.31.40.0-255,66,128843,64,386865
39021,0.002137,74.125.130.0-255,1484,130327,64,386865
39022,0.002143,74.125.130.0-255,2902,133229,64,386865
39023,0.002144,172.31.40.0-255,66,133295,64,386865
39024,0.002148,74.125.130.0-255,1484,134779,64,386865
39025,0.002163,74.125.130.0-255,2902,137681,64,386865
39026,0.002165,172.31.40.0-255,66,137747,64,386865
39027,0.002185,74.125.130.0-255,2902,140649,64,386865
39028,0.002187,172.31.40.0-255,66,140715,64,386865
39029,0.002209,74.125.130.0-255,5738,146453,64,386865
39030,0.002211,172.31.40.0-255,66,146519,64,386865
39031,0.002222,172.31.40.0-255,66,146585,64,386865
39032,0.002237,74.125.130.0-255,1484,148069,64,386865
39033,0.002252,74.125.130.0-255,2184,150253,64,386865
39034,0.002254,172.31.40.0-255,66,150319,64,386865
39035,0.002496,74.125.130.0-255,1484,151803,64,386865
39036,0.002504,74.125.130.0-255,2902,154705,64,386865
39037,0.002508,172.31.40.0-255,66,154771,64,386865
39038,0.002525,74.125.130.0-255,2902,157673,64,386865
39039,0.002528,172.31.40.0-255,66,157739,64,386865
39040,0.002552,74.125.130.0-255,2902,160641,64,386865
39041,0.002555,172.31.40.0-255,66,160707,64,386865
39042,0.005024,74.125.130.0-255,1484,162191,64,386865
39043,0.005041,74.125.130.0-255,1484,163675,64,386865
39044,0.005044,172.31.40.0-255,66,163741,64,386865
39045,0.005064,74.125.130.0-255,2902,166643,64,386865
39046,0.005067,172.31.40.0-255,66,166709,64,386865
39047,0.007557,74.125.130.0-255,2902,169611,64,386865
39048,0.007566,172.31.40.0-255,66,169677,64,386865
39049,0.007581,74.125.130.0-255,2902,172579,64,386865
39050,0.007585,172.31.40.0-255,66,172645,64,386865
39051,0.010081,74.125.130.0-255,5738,178383,64,386865
39052,0.010089,172.31.40.0-255,66,178449,64,386865
39053,0.012626,74.125.130.0-255,5738,184187,64,386865
39054,0.012635,172.31.40.0-255,66,184253,64,386865
39055,0.015158,74.125.130.0-255,5738,189991,64,386865
39056,0.015189,172.31.40.0-255,66,190057,64,386865
39057,0.017709,74.125.130.0-255,5738,195795,64,386865
39058,0.017718,172.31.40.0-255,66,195861,64,386865
39059,0.020244,74.125.130.0-255,5738,201599,64,386865
39060,0.020255,172.31.40.0-255,66,201665,64,386865
39061,0.022767,74.125.130.0-255,5738,207403,64,386865
39062,0.022777,172.31.40.0-255,66,207469,64,386865
39063,0.025306,74.125.130.0-255,5738,213207,64,386865
39064,0.025317,172.31.40.0-255,66,213273,64,386865
39065,0.027828,74.125.130.0-255,5738,219011,64,386865
39066,0.027837,172.31.40.0-255,66,219077,64,386865
39067,0.029246,172.31.40.0-255,176,219253,64,386865
39068,0.02928,172.31.40.0-255,1111,220364,64,386865
39069,0.029359,172.31.40.0-255,1514,221878,64,386865
39070,0.029362,172.31.40.0-255,1514,223392,64,386865
39071,0.029363,172.31.40.0-255,697,224089,64,386865
39072,0.030351,74.125.130.0-255,5738,229827,64,386865
39073,0.03036,172.31.40.0-255,66,229893,64,386865
39074,0.030831,104.244.42.0-255,66,229959,64,386865
39075,0.030839,104.244.42.0-255,66,230025,64,386865
39076,0.03091,104.244.42.0-255,66,230091,64,386865
39077,0.030914,104.244.42.0-255,66,230157,64,386865
39078,0.03288,74.125.130.0-255,5738,235895,64,386865
39079,0.032894,172.31.40.0-255,66,235961,64,386865
39080,0.035417,74.125.130.0-255,5738,241699,64,386865
39081,0.035434,172.31.40.0-255,66,241765,64,386865
39082,0.037979,74.125.130.0-255,5738,247503,64,386865
39083,0.037997,172.31.40.0-255,66,247569,64,386865
39084,0.040522,74.125.130.0-255,5738,253307,64,386865
39085,0.040542,172.31.40.0-255,66,253373,64,386865
39086,0.043075,74.125.130.0-255,5738,259111,64,386865
39087,0.043096,172.31.40.0-255,66,259177,64,386865
39088,0.045636,74.125.130.0-255,5738,264915,64,386865
39089,0.045657,172.31.40.0-255,66,264981,64,386865
39090,0.048205,74.125.130.0-255,5738,270719,64,386865
39091,0.048226,172.31.40.0-255,66,270785,64,386865
39092,0.050769,74.125.130.0-255,5738,276523,64,386865
39093,0.050791,172.31.40.0-255,66,276589,64,386865
39094,0.053334,74.125.130.0-255,5738,282327,64,386865
39095,0.053355,172.31.40.0-255,66,282393,64,386865
39096,0.055891,74.125.130.0-255,5738,288131,64,386865
39097,0.05591,172.31.40.0-255,66,288197,64,386865
39098,0.058464,74.125.130.0-255,5738,293935,64,386865
39099,0.058489,172.31.40.0-255,66,294001,64,386865
39100,0.06107,74.125.130.0-255,5738,299739,64,386865
39101,0.061092,172.31.40.0-255,66,299805,64,386865
39102,0.063627,74.125.130.0-255,5738,305543,64,386865
39103,0.063647,172.31.40.0-255,66,305609,64,386865
39104,0.066203,74.125.130.0-255,5738,311347,64,386865
39105,0.066223,172.31.40.0-255,66,311413,64,386865
39106,0.068758,74.125.130.0-255,5738,317151,64,386865
39107,0.068778,172.31.40.0-255,66,317217,64,386865
39108,0.071306,74.125.130.0-255,5738,322955,64,386865
39109,0.071325,172.31.40.0-255,66,323021,64,386865
39110,0.073864,74.125.130.0-255,5738,328759,64,386865
39111,0.073881,172.31.40.0-255,66,328825,64,386865
39112,0.076416,74.125.130.0-255,5738,334563,64,386865
39113,0.076434,172.31.40.0-255,66,334629,64,386865
39114,0.078971,74.125.130.0-255,5738,340367,64,386865
39115,0.07899,172.31.40.0-255,66,340433,64,386865
39116,0.081543,74.125.130.0-255,5738,346171,64,386865
39117,0.081562,172.31.40.0-255,66,346237,64,386865
39118,0.084079,74.125.130.0-255,5738,351975,64,386865
39119,0.084098,172.31.40.0-255,66,352041,64,386865
39120,0.086635,74.125.130.0-255,5738,357779,64,386865
39121,0.086653,172.31.40.0-255,66,357845,64,386865
39122,0.089172,74.125.130.0-255,5738,363583,64,386865
39123,0.089178,172.31.40.0-255,66,363649,64,386865
39124,0.091706,74.125.130.0-255,5738,369387,64,386865
39125,0.091712,172.31.40.0-255,66,369453,64,386865
39126,0.094242,74.125.130.0-255,5738,375191,64,386865
39127,0.094249,172.31.40.0-255,66,375257,64,386865
39128,0.096793,74.125.130.0-255,5738,380995,64,386865
39129,0.0968,172.31.40.0-255,66,381061,64,386865
39130,0.099328,74.125.130.0-255,5738,386799,64,386865
39131,0.099337,172.31.40.0-255,66,386865,64,386865
39132,0.0,172.217.194.0-255,152,152,64,281642
39133,2.7e-05,172.31.40.0-255,66,218,64,281642
39134,3.5e-05,172.217.194.0-255,1484,1702,64,281642
39135,4e-05,172.31.40.0-255,66,1768,64,281642
39136,4.5e-05,172.217.194.0-255,2902,4670,64,281642
39137,4.7e-05,172.31.40.0-255,66,4736,64,281642
39138,6.1e-05,172.217.194.0-255,7156,11892,64,281642
39139,6.4e-05,172.31.40.0-255,66,11958,64,281642
39140,9.8e-05,172.217.194.0-255,2029,13987,64,281642
39141,0.000101,172.31.40.0-255,66,14053,64,281642
39142,0.00024,172.217.194.0-255,1484,15537,64,281642
39143,0.000244,172.31.40.0-255,66,15603,64,281642
39144,0.00025,172.217.194.0-255,2902,18505,64,281642
39145,0.000252,172.31.40.0-255,66,18571,64,281642
39146,0.000255,172.217.194.0-255,1484,20055,64,281642
39147,0.000257,172.31.40.0-255,66,20121,64,281642
39148,0.000298,172.217.194.0-255,4320,24441,64,281642
39149,0.0003,172.31.40.0-255,66,24507,64,281642
39150,0.000311,172.31.40.0-255,66,24573,64,281642
39151,0.00034,172.217.194.0-255,5379,29952,64,281642
39152,0.000343,172.31.40.0-255,66,30018,64,281642
39153,0.000398,172.217.194.0-255,4320,34338,64,281642
39154,0.0004,172.31.40.0-255,66,34404,64,281642
39155,0.000438,172.31.40.0-255,66,34470,64,281642
39156,0.000545,172.217.194.0-255,4320,38790,64,281642
39157,0.000549,172.31.40.0-255,66,38856,64,281642
39158,0.000578,172.217.194.0-255,3912,42768,64,281642
39159,0.000582,172.31.40.0-255,66,42834,64,281642
39160,0.000584,172.217.194.0-255,98,42932,64,281642
39161,0.000586,172.31.40.0-255,66,42998,64,281642
39162,0.000619,172.217.194.0-255,4320,47318,64,281642
39163,0.000623,172.31.40.0-255,66,47384,64,281642
39164,0.000635,172.217.194.0-255,5738,53122,64,281642
39165,0.000638,172.31.40.0-255,66,53188,64,281642
39166,0.000701,172.217.194.0-255,7156,60344,64,281642
39167,0.000705,172.31.40.0-255,66,60410,64,281642
39168,0.000745,172.31.40.0-255,66,60476,64,281642
39169,0.000863,172.217.194.0-255,3602,64078,64,281642
39170,0.000867,172.31.40.0-255,66,64144,64,281642
39171,0.001649,172.217.194.0-255,1484,65628,64,281642
39172,0.001658,172.217.194.0-255,1484,67112,64,281642
39173,0.001662,172.31.40.0-255,66,67178,64,281642
39174,0.001682,172.217.194.0-255,1484,68662,64,281642
39175,0.001688,172.217.194.0-255,5738,74400,64,281642
39176,0.00169,172.31.40.0-255,66,74466,64,281642
39177,0.00172,172.217.194.0-255,4320,78786,64,281642
39178,0.001723,172.31.40.0-255,66,78852,64,281642
39179,0.001753,172.217.194.0-255,7156,86008,64,281642
39180,0.001755,172.31.40.0-255,66,86074,64,281642
39181,0.001816,172.217.194.0-255,5738,91812,64,281642
39182,0.00182,172.31.40.0-255,66,91878,64,281642
39183,0.001847,172.217.194.0-255,6158,98036,64,281642
39184,0.00185,172.31.40.0-255,66,98102,64,281642
39185,0.001919,172.31.40.0-255,66,98168,64,281642
39186,0.001962,172.31.40.0-255,66,98234,64,281642
39187,0.00212,172.31.40.0-255,66,98300,64,281642
39188,0.002173,172.217.194.0-255,4320,102620,64,281642
39189,0.002176,172.31.40.0-255,66,102686,64,281642
39190,0.002195,172.217.194.0-255,4320,107006,64,281642
39191,0.002197,172.31.40.0-255,66,107072,64,281642
39192,0.00227,172.217.194.0-255,5738,112810,64,281642
39193,0.002274,172.31.40.0-255,66,112876,64,281642
39194,0.002312,172.31.40.0-255,66,112942,64,281642
39195,0.002395,172.217.194.0-255,5738,118680,64,281642
39196,0.002399,172.31.40.0-255,66,118746,64,281642
39197,0.002448,172.31.40.0-255,66,118812,64,281642
39198,0.002568,172.217.194.0-255,5738,124550,64,281642
39199,0.00272,172.217.194.0-255,4320,128870,64,281642
39200,0.002732,172.217.194.0-255,4320,133190,64,281642
39201,0.005514,172.31.40.0-255,66,133256,64,281642
39202,0.007902,172.217.194.0-255,5738,138994,64,281642
39203,0.007913,172.31.40.0-255,66,139060,64,281642
39204,0.010269,172.217.194.0-255,5738,144798,64,281642
39205,0.010278,172.31.40.0-255,66,144864,64,281642
39206,0.012655,172.217.194.0-255,5738,150602,64,281642
39207,0.012664,172.31.40.0-255,66,150668,64,281642
39208,0.015026,172.217.194.0-255,5738,156406,64,281642
39209,0.015035,172.31.40.0-255,66,156472,64,281642
39210,0.01746,172.217.194.0-255,5738,162210,64,281642
39211,0.017469,172.31.40.0-255,66,162276,64,281642
39212,0.019832,172.217.194.0-255,5738,168014,64,281642
39213,0.019849,172.31.40.0-255,66,168080,64,281642
39214,0.022219,172.217.194.0-255,5738,173818,64,281642
39215,0.022228,172.31.40.0-255,66,173884,64,281642
39216,0.024569,172.217.194.0-255,5738,179622,64,281642
39217,0.024577,172.31.40.0-255,66,179688,64,281642
39218,0.026915,172.217.194.0-255,5738,185426,64,281642
39219,0.026924,172.31.40.0-255,66,185492,64,281642
39220,0.029253,172.217.194.0-255,5738,191230,64,281642
39221,0.029267,172.31.40.0-255,66,191296,64,281642
39222,0.031628,172.217.194.0-255,5738,197034,64,281642
39223,0.031635,172.31.40.0-255,66,197100,64,281642
39224,0.03396,172.217.194.0-255,5738,202838,64,281642
39225,0.033975,172.31.40.0-255,66,202904,64,281642
39226,0.036292,172.217.194.0-255,5738,208642,64,281642
39227,0.036303,172.31.40.0-255,66,208708,64,281642
39228,0.03863,172.217.194.0-255,5738,214446,64,281642
39229,0.038645,172.31.40.0-255,66,214512,64,281642
39230,0.040645,172.31.40.0-255,172,214684,64,281642
39231,0.040676,172.31.40.0-255,1112,215796,64,281642
39232,0.040749,172.31.40.0-255,1514,217310,64,281642
39233,0.040751,172.31.40.0-255,1296,218606,64,281642
39234,0.04102,172.217.194.0-255,5738,224344,64,281642
39235,0.041031,172.31.40.0-255,66,224410,64,281642
39236,0.042237,104.244.42.0-255,66,224476,64,281642
39237,0.042247,104.244.42.0-255,66,224542,64,281642
39238,0.042294,104.244.42.0-255,66,224608,64,281642
39239,0.043344,172.217.194.0-255,5738,230346,64,281642
39240,0.043356,172.31.40.0-255,66,230412,64,281642
39241,0.04571,172.217.194.0-255,5738,236150,64,281642
39242,0.045723,172.31.40.0-255,66,236216,64,281642
39243,0.048116,172.217.194.0-255,5738,241954,64,281642
39244,0.048134,172.31.40.0-255,66,242020,64,281642
39245,0.050535,172.217.194.0-255,5738,247758,64,281642
39246,0.050551,172.31.40.0-255,66,247824,64,281642
39247,0.052896,172.217.194.0-255,5738,253562,64,281642
39248,0.052914,172.31.40.0-255,66,253628,64,281642
39249,0.055284,172.217.194.0-255,5738,259366,64,281642
39250,0.055298,172.31.40.0-255,66,259432,64,281642
39251,0.057635,172.217.194.0-255,5738,265170,64,281642
39252,0.057653,172.31.40.0-255,66,265236,64,281642
39253,0.060024,172.217.194.0-255,5738,270974,64,281642
39254,0.06004,172.31.40.0-255,66,271040,64,281642
39255,0.062435,172.217.194.0-255,5738,276778,64,281642
39256,0.062454,172.31.40.0-255,66,276844,64,281642
39257,0.064808,172.217.194.0-255,4561,281405,64,281642
39258,0.064824,172.31.40.0-255,66,281471,64,281642
39259,0.065109,172.31.40.0-255,105,281576,64,281642
39260,0.067461,172.217.194.0-255,66,281642,64,281642
39261,0.0,172.217.194.0-255,146,146,64,280261
39262,1.9e-05,172.31.40.0-255,66,212,64,280261
39263,2.5e-05,172.217.194.0-255,1484,1696,64,280261
39264,3e-05,172.31.40.0-255,66,1762,64,280261
39265,3.6e-05,172.217.194.0-255,2902,4664,64,280261
39266,4e-05,172.31.40.0-255,66,4730,64,280261
39267,4.8e-05,172.217.194.0-255,7156,11886,64,280261
39268,5.1e-05,172.31.40.0-255,66,11952,64,280261
39269,5.5e-05,172.217.194.0-255,1988,13940,64,280261
39270,5.8e-05,172.31.40.0-255,66,14006,64,280261
39271,8.6e-05,172.31.40.0-255,66,14072,64,280261
39272,9.8e-05,172.217.194.0-255,1484,15556,64,280261
39273,0.0001,172.31.40.0-255,66,15622,64,280261
39274,0.00012,172.217.194.0-255,3961,19583,64,280261
39275,0.000123,172.31.40.0-255,66,19649,64,280261
39276,0.00021,172.217.194.0-255,1484,21133,64,280261
39277,0.000213,172.31.40.0-255,66,21199,64,280261
39278,0.000234,172.217.194.0-255,2902,24101,64,280261
39279,0.000237,172.31.40.0-255,66,24167,64,280261
39280,0.000243,172.217.194.0-255,5738,29905,64,280261
39281,0.000245,172.31.40.0-255,66,29971,64,280261
39282,0.000248,172.217.194.0-255,1484,31455,64,280261
39283,0.000251,172.31.40.0-255,66,31521,64,280261
39284,0.000269,172.217.194.0-255,5379,36900,64,280261
39285,0.000272,172.31.40.0-255,66,36966,64,280261
39286,0.000288,172.217.194.0-255,4320,41286,64,280261
39287,0.00029,172.31.40.0-255,66,41352,64,280261
39288,0.000319,172.31.40.0-255,66,41418,64,280261
39289,0.000323,172.217.194.0-255,2833,44251,64,280261
39290,0.000326,172.31.40.0-255,66,44317,64,280261
39291,0.000459,172.217.194.0-255,100,44417,64,280261
39292,0.000463,172.31.40.0-255,66,44483,64,280261
39293,0.000467,172.217.194.0-255,364,44847,64,280261
39294,0.000469,172.31.40.0-255,66,44913,64,280261
39295,0.000631,172.217.194.0-255,1484,46397,64,280261
39296,0.000636,172.31.40.0-255,66,46463,64,280261
39297,0.000642,172.217.194.0-255,2902,49365,64,280261
39298,0.000644,172.31.40.0-255,66,49431,64,280261
39299,0.000667,172.217.194.0-255,5738,55169,64,280261
39300,0.00067,172.31.40.0-255,66,55235,64,280261
39301,0.000674,172.217.194.0-255,2902,58137,64,280261
39302,0.000676,172.31.40.0-255,66,58203,64,280261
39303,0.00069,172.217.194.0-255,1484,59687,64,280261
39304,0.000693,172.31.40.0-255,66,59753,64,280261
39305,0.000725,172.31.40.0-255,66,59819,64,280261
39306,0.000752,172.217.194.0-255,2902,62721,64,280261
39307,0.000755,172.31.40.0-255,66,62787,64,280261
39308,0.000766,172.31.40.0-255,66,62853,64,280261
39309,0.001027,172.217.194.0-255,1484,64337,64,280261
39310,0.001043,172.217.194.0-255,2902,67239,64,280261
39311,0.001046,172.31.40.0-255,66,67305,64,280261
39312,0.001052,172.217.194.0-255,2902,70207,64,280261
39313,0.001053,172.31.40.0-255,66,70273,64,280261
39314,0.001071,172.217.194.0-255,2902,73175,64,280261
39315,0.001073,172.31.40.0-255,66,73241,64,280261
39316,0.001081,172.217.194.0-255,7156,80397,64,280261
39317,0.001083,172.31.40.0-255,66,80463,64,280261
39318,0.001113,172.217.194.0-255,5738,86201,64,280261
39319,0.001116,172.31.40.0-255,66,86267,64,280261
39320,0.00113,172.31.40.0-255,66,86333,64,280261
39321,0.001653,172.217.194.0-255,1484,87817,64,280261
39322,0.001659,172.217.194.0-255,2902,90719,64,280261
39323,0.001663,172.31.40.0-255,66,90785,64,280261
39324,0.001669,172.217.194.0-255,4320,95105,64,280261
39325,0.001671,172.31.40.0-255,66,95171,64,280261
39326,0.001683,172.217.194.0-255,1484,96655,64,280261
39327,0.001703,172.31.40.0-255,66,96721,64,280261
39328,0.001717,172.217.194.0-255,1484,98205,64,280261
39329,0.001753,172.217.194.0-255,7156,105361,64,280261
39330,0.001756,172.31.40.0-255,66,105427,64,280261
39331,0.001776,172.217.194.0-255,6438,111865,64,280261
39332,0.001778,172.31.40.0-255,66,111931,64,280261
39333,0.001832,172.31.40.0-255,66,111997,64,280261
39334,0.001865,172.31.40.0-255,66,112063,64,280261
39335,0.001873,172.217.194.0-255,6438,118501,64,280261
39336,0.001875,172.31.40.0-255,66,118567,64,280261
39337,0.001903,172.217.194.0-255,2902,121469,64,280261
39338,0.001906,172.31.40.0-255,66,121535,64,280261
39339,0.00193,172.31.40.0-255,66,121601,64,280261
39340,0.001939,172.217.194.0-255,1484,123085,64,280261
39341,0.001951,172.31.40.0-255,66,123151,64,280261
39342,0.001981,172.31.40.0-255,66,123217,64,280261
39343,0.001984,172.217.194.0-255,766,123983,64,280261
39344,0.002004,172.217.194.0-255,7156,131139,64,280261
39345,0.002008,172.31.40.0-255,66,131205,64,280261
39346,0.002015,172.217.194.0-255,1484,132689,64,280261
39347,0.002023,172.217.194.0-255,7156,139845,64,280261
39348,0.002026,172.31.40.0-255,66,139911,64,280261
39349,0.002052,172.217.194.0-255,2902,142813,64,280261
39350,0.002082,172.217.194.0-255,5020,147833,64,280261
39351,0.002175,172.217.194.0-255,1484,149317,64,280261
39352,0.00221,172.217.194.0-255,1484,150801,64,280261
39353,0.002228,172.217.194.0-255,1484,152285,64,280261
39354,0.002235,172.217.194.0-255,5738,158023,64,280261
39355,0.002242,172.217.194.0-255,7156,165179,64,280261
39356,0.002272,172.217.194.0-255,4320,169499,64,280261
39357,0.002277,172.217.194.0-255,2184,171683,64,280261
39358,0.002302,172.217.194.0-255,4320,176003,64,280261
39359,0.002322,172.217.194.0-255,2902,178905,64,280261
39360,0.002334,172.217.194.0-255,2902,181807,64,280261
39361,0.00235,172.217.194.0-255,7156,188963,64,280261
39362,0.002376,172.217.194.0-255,7156,196119,64,280261
39363,0.002379,172.217.194.0-255,766,196885,64,280261
39364,0.006547,172.31.40.0-255,66,196951,64,280261
39365,0.00889,172.217.194.0-255,5738,202689,64,280261
39366,0.008896,172.31.40.0-255,66,202755,64,280261
39367,0.011235,172.217.194.0-255,5738,208493,64,280261
39368,0.011243,172.31.40.0-255,66,208559,64,280261
39369,0.013592,172.217.194.0-255,5738,214297,64,280261
39370,0.0136,172.31.40.0-255,66,214363,64,280261
39371,0.015942,172.217.194.0-255,5738,220101,64,280261
39372,0.015952,172.31.40.0-255,66,220167,64,280261
39373,0.018281,172.217.194.0-255,5738,225905,64,280261
39374,0.01829,172.31.40.0-255,66,225971,64,280261
39375,0.020661,172.217.194.0-255,5738,231709,64,280261
39376,0.020668,172.31.40.0-255,66,231775,64,280261
39377,0.023015,172.217.194.0-255,5738,237513,64,280261
39378,0.023022,172.31.40.0-255,66,237579,64,280261
39379,0.025375,172.217.194.0-255,5738,243317,64,280261
39380,0.025381,172.31.40.0-255,66,243383,64,280261
39381,0.027726,172.217.194.0-255,5738,249121,64,280261
39382,0.027742,172.31.40.0-255,66,249187,64,280261
39383,0.030089,172.217.194.0-255,5738,254925,64,280261
39384,0.030098,172.31.40.0-255,66,254991,64,280261
39385,0.032455,172.217.194.0-255,5738,260729,64,280261
39386,0.03246,172.31.40.0-255,66,260795,64,280261
39387,0.03258,172.31.40.0-255,172,260967,64,280261
39388,0.032604,172.31.40.0-255,1112,262079,64,280261
39389,0.032701,172.31.40.0-255,1514,263593,64,280261
39390,0.032702,172.31.40.0-255,1514,265107,64,280261
39391,0.032707,172.31.40.0-255,1514,266621,64,280261
39392,0.032708,172.31.40.0-255,1077,267698,64,280261
39393,0.034132,104.244.42.0-255,66,267764,64,280261
39394,0.034169,104.244.42.0-255,66,267830,64,280261
39395,0.034254,104.244.42.0-255,66,267896,64,280261
39396,0.034269,104.244.42.0-255,66,267962,64,280261
39397,0.034805,172.217.194.0-255,5738,273700,64,280261
39398,0.034812,172.31.40.0-255,66,273766,64,280261
39399,0.037186,172.217.194.0-255,5738,279504,64,280261
39400,0.037191,172.31.40.0-255,66,279570,64,280261
39401,0.039506,172.217.194.0-255,454,280024,64,280261
39402,0.039617,172.31.40.0-255,66,280090,64,280261
39403,0.03965,172.31.40.0-255,105,280195,64,280261
39404,0.041975,172.217.194.0-255,66,280261,64,280261
39405,0.0,172.217.194.0-255,155,155,64,350580
39406,2.4e-05,172.31.40.0-255,66,221,64,350580
39407,3.1e-05,172.217.194.0-255,1484,1705,64,350580
39408,3.7e-05,172.31.40.0-255,66,1771,64,350580
39409,5e-05,172.217.194.0-255,2902,4673,64,350580
39410,5.3e-05,172.31.40.0-255,66,4739,64,350580
39411,6.1e-05,172.217.194.0-255,7156,11895,64,350580
39412,6.4e-05,172.31.40.0-255,66,11961,64,350580
39413,6.8e-05,172.217.194.0-255,2023,13984,64,350580
39414,7.1e-05,172.31.40.0-255,66,14050,64,350580
39415,0.000441,172.217.194.0-255,1484,15534,64,350580
39416,0.000448,172.31.40.0-255,66,15600,64,350580
39417,0.000454,172.217.194.0-255,2902,18502,64,350580
39418,0.000456,172.31.40.0-255,66,18568,64,350580
39419,0.000462,172.217.194.0-255,4320,22888,64,350580
39420,0.000464,172.31.40.0-255,66,22954,64,350580
39421,0.000491,172.217.194.0-255,1484,24438,64,350580
39422,0.000499,172.217.194.0-255,6797,31235,64,350580
39423,0.000504,172.31.40.0-255,66,31301,64,350580
39424,0.000513,172.31.40.0-255,66,31367,64,350580
39425,0.000578,172.217.194.0-255,1484,32851,64,350580
39426,0.000582,172.31.40.0-255,66,32917,64,350580
39427,0.000587,172.217.194.0-255,2902,35819,64,350580
39428,0.000589,172.31.40.0-255,66,35885,64,350580
39429,0.000595,172.217.194.0-255,5738,41623,64,350580
39430,0.000598,172.31.40.0-255,66,41689,64,350580
39431,0.000642,172.217.194.0-255,7156,48845,64,350580
39432,0.000646,172.31.40.0-255,66,48911,64,350580
39433,0.000679,172.217.194.0-255,1125,50036,64,350580
39434,0.000682,172.31.40.0-255,66,50102,64,350580
39435,0.000693,172.31.40.0-255,66,50168,64,350580
39436,0.000701,172.217.194.0-255,7069,57237,64,350580
39437,0.000703,172.31.40.0-255,66,57303,64,350580
39438,0.000706,172.217.194.0-255,120,57423,64,350580
39439,0.001032,172.217.194.0-255,382,57805,64,350580
39440,0.001087,172.31.40.0-255,66,57871,64,350580
39441,0.001409,172.217.194.0-255,1484,59355,64,350580
39442,0.00142,172.217.194.0-255,2902,62257,64,350580
39443,0.001424,172.31.40.0-255,66,62323,64,350580
39444,0.001432,172.217.194.0-255,5738,68061,64,350580
39445,0.001435,172.31.40.0-255,66,68127,64,350580
39446,0.00144,172.217.194.0-255,4320,72447,64,350580
39447,0.001442,172.31.40.0-255,66,72513,64,350580
39448,0.001475,172.31.40.0-255,66,72579,64,350580
39449,0.001492,172.31.40.0-255,66,72645,64,350580
39450,0.001772,172.217.194.0-255,1484,74129,64,350580
39451,0.001778,172.217.194.0-255,1484,75613,64,350580
39452,0.001783,172.31.40.0-255,66,75679,64,350580
39453,0.001816,172.217.194.0-255,1484,77163,64,350580
39454,0.001823,172.217.194.0-255,5738,82901,64,350580
39455,0.001826,172.31.40.0-255,66,82967,64,350580
39456,0.00184,172.31.40.0-255,66,83033,64,350580
39457,0.001873,172.217.194.0-255,5738,88771,64,350580
39458,0.001876,172.31.40.0-255,66,88837,64,350580
39459,0.001902,172.217.194.0-255,5020,93857,64,350580
39460,0.001905,172.31.40.0-255,66,93923,64,350580
39461,0.002156,172.217.194.0-255,1484,95407,64,350580
39462,0.002161,172.217.194.0-255,1484,96891,64,350580
39463,0.002164,172.31.40.0-255,66,96957,64,350580
39464,0.002213,172.217.194.0-255,1484,98441,64,350580
39465,0.002219,172.217.194.0-255,4320,102761,64,350580
39466,0.002222,172.31.40.0-255,66,102827,64,350580
39467,0.002233,172.31.40.0-255,66,102893,64,350580
39468,0.002239,172.217.194.0-255,5738,108631,64,350580
39469,0.002241,172.31.40.0-255,66,108697,64,350580
39470,0.002271,172.31.40.0-255,66,108763,64,350580
39471,0.002366,172.217.194.0-255,1484,110247,64,350580
39472,0.002371,172.217.194.0-255,2902,113149,64,350580
39473,0.002373,172.31.40.0-255,66,113215,64,350580
39474,0.002402,172.217.194.0-255,5738,118953,64,350580
39475,0.002405,172.31.40.0-255,66,119019,64,350580
39476,0.002442,172.217.194.0-255,2902,121921,64,350580
39477,0.002444,172.31.40.0-255,66,121987,64,350580
39478,0.002485,172.31.40.0-255,66,122053,64,350580
39479,0.002492,172.217.194.0-255,7156,129209,64,350580
39480,0.002494,172.31.40.0-255,66,129275,64,350580
39481,0.002499,172.217.194.0-255,3602,132877,64,350580
39482,0.002501,172.31.40.0-255,66,132943,64,350580
39483,0.005045,172.217.194.0-255,2902,135845,64,350580
39484,0.00505,172.31.40.0-255,66,135911,64,350580
39485,0.005085,172.217.194.0-255,2902,138813,64,350580
39486,0.005088,172.31.40.0-255,66,138879,64,350580
39487,0.007636,172.217.194.0-255,2902,141781,64,350580
39488,0.007644,172.31.40.0-255,66,141847,64,350580
39489,0.007686,172.217.194.0-255,2902,144749,64,350580
39490,0.007689,172.31.40.0-255,66,144815,64,350580
39491,0.010201,172.217.194.0-255,2902,147717,64,350580
39492,0.010206,172.31.40.0-255,66,147783,64,350580
39493,0.010277,172.217.194.0-255,2902,150685,64,350580
39494,0.010281,172.31.40.0-255,66,150751,64,350580
39495,0.012742,172.217.194.0-255,2902,153653,64,350580
39496,0.012749,172.31.40.0-255,66,153719,64,350580
39497,0.012835,172.217.194.0-255,2902,156621,64,350580
39498,0.012839,172.31.40.0-255,66,156687,64,350580
39499,0.015337,172.217.194.0-255,2902,159589,64,350580
39500,0.015345,172.31.40.0-255,66,159655,64,350580
39501,0.015389,172.217.194.0-255,2902,162557,64,350580
39502,0.015393,172.31.40.0-255,66,162623,64,350580
39503,0.017921,172.217.194.0-255,2902,165525,64,350580
39504,0.017931,172.31.40.0-255,66,165591,64,350580
39505,0.01798,172.217.194.0-255,2902,168493,64,350580
39506,0.017984,172.31.40.0-255,66,168559,64,350580
39507,0.020535,172.217.194.0-255,5738,174297,64,350580
39508,0.020544,172.31.40.0-255,66,174363,64,350580
39509,0.023121,172.217.194.0-255,5738,180101,64,350580
39510,0.023129,172.31.40.0-255,66,180167,64,350580
39511,0.025703,172.217.194.0-255,5738,185905,64,350580
39512,0.025711,172.31.40.0-255,66,185971,64,350580
39513,0.028303,172.217.194.0-255,5738,191709,64,350580
39514,0.02831,172.31.40.0-255,66,191775,64,350580
39515,0.029911,172.31.40.0-255,172,191947,64,350580
39516,0.029944,172.31.40.0-255,1111,193058,64,350580
39517,0.030004,172.31.40.0-255,1514,194572,64,350580
39518,0.030006,172.31.40.0-255,1514,196086,64,350580
39519,0.030097,172.31.40.0-255,694,196780,64,350580
39520,0.030898,172.217.194.0-255,5738,202518,64,350580
39521,0.030905,172.31.40.0-255,66,202584,64,350580
39522,0.03147,104.244.42.0-255,66,202650,64,350580
39523,0.031518,104.244.42.0-255,66,202716,64,350580
39524,0.031643,104.244.42.0-255,66,202782,64,350580
39525,0.031647,104.244.42.0-255,66,202848,64,350580
39526,0.033459,172.217.194.0-255,5738,208586,64,350580
39527,0.033466,172.31.40.0-255,66,208652,64,350580
39528,0.036042,172.217.194.0-255,5738,214390,64,350580
39529,0.03605,172.31.40.0-255,66,214456,64,350580
39530,0.038626,172.217.194.0-255,5738,220194,64,350580
39531,0.038636,172.31.40.0-255,66,220260,64,350580
39532,0.0412,172.217.194.0-255,5738,225998,64,350580
39533,0.041209,172.31.40.0-255,66,226064,64,350580
39534,0.043784,172.217.194.0-255,4320,230384,64,350580
39535,0.043791,172.31.40.0-255,66,230450,64,350580
39536,0.043834,172.217.194.0-255,1484,231934,64,350580
39537,0.046379,172.217.194.0-255,4320,236254,64,350580
39538,0.046387,172.31.40.0-255,66,236320,64,350580
39539,0.048934,172.217.194.0-255,5738,242058,64,350580
39540,0.048939,172.31.40.0-255,66,242124,64,350580
39541,0.051539,172.217.194.0-255,4320,246444,64,350580
39542,0.051545,172.31.40.0-255,66,246510,64,350580
39543,0.051566,172.217.194.0-255,1484,247994,64,350580
39544,0.054089,172.217.194.0-255,4320,252314,64,350580
39545,0.054096,172.31.40.0-255,66,252380,64,350580
39546,0.056647,172.217.194.0-255,5738,258118,64,350580
39547,0.056654,172.31.40.0-255,66,258184,64,350580
39548,0.059216,172.217.194.0-255,5738,263922,64,350580
39549,0.059227,172.31.40.0-255,66,263988,64,350580
39550,0.061781,172.217.194.0-255,5738,269726,64,350580
39551,0.061788,172.31.40.0-255,66,269792,64,350580
39552,0.064333,172.217.194.0-255,5738,275530,64,350580
39553,0.064339,172.31.40.0-255,66,275596,64,350580
39554,0.066939,172.217.194.0-255,5738,281334,64,350580
39555,0.066945,172.31.40.0-255,66,281400,64,350580
39556,0.069536,172.217.194.0-255,5738,287138,64,350580
39557,0.069542,172.31.40.0-255,66,287204,64,350580
39558,0.072126,172.217.194.0-255,5738,292942,64,350580
39559,0.072133,172.31.40.0-255,66,293008,64,350580
39560,0.074716,172.217.194.0-255,5738,298746,64,350580
39561,0.074722,172.31.40.0-255,66,298812,64,350580
39562,0.077304,172.217.194.0-255,5738,304550,64,350580
39563,0.077315,172.31.40.0-255,66,304616,64,350580
39564,0.079862,172.217.194.0-255,5738,310354,64,350580
39565,0.079868,172.31.40.0-255,66,310420,64,350580
39566,0.082434,172.217.194.0-255,5738,316158,64,350580
39567,0.082441,172.31.40.0-255,66,316224,64,350580
39568,0.085029,172.217.194.0-255,5738,321962,64,350580
39569,0.085035,172.31.40.0-255,66,322028,64,350580
39570,0.087593,172.217.194.0-255,5738,327766,64,350580
39571,0.0876,172.31.40.0-255,66,327832,64,350580
39572,0.090165,172.217.194.0-255,5738,333570,64,350580
39573,0.090171,172.31.40.0-255,66,333636,64,350580
39574,0.092745,172.217.194.0-255,5738,339374,64,350580
39575,0.092755,172.31.40.0-255,66,339440,64,350580
39576,0.0953,172.217.194.0-255,5738,345178,64,350580
39577,0.095308,172.31.40.0-255,66,345244,64,350580
39578,0.097858,172.217.194.0-255,5165,350409,64,350580
39579,0.097868,172.31.40.0-255,66,350475,64,350580
39580,0.098103,172.31.40.0-255,105,350580,64,350580
39581,0.0,172.217.194.0-255,146,146,64,218532
39582,2.3e-05,172.31.40.0-255,66,212,64,218532
39583,3.1e-05,172.217.194.0-255,1484,1696,64,218532
39584,3.5e-05,172.31.40.0-255,66,1762,64,218532
39585,4e-05,172.217.194.0-255,2902,4664,64,218532
39586,4.3e-05,172.31.40.0-255,66,4730,64,218532
39587,5.1e-05,172.217.194.0-255,7156,11886,64,218532
39588,6.2e-05,172.31.40.0-255,66,11952,64,218532
39589,6.7e-05,172.217.194.0-255,3392,15344,64,218532
39590,7e-05,172.31.40.0-255,66,15410,64,218532
39591,9.8e-05,172.217.194.0-255,1484,16894,64,218532
39592,0.000101,172.31.40.0-255,66,16960,64,218532
39593,0.000145,172.31.40.0-255,66,17026,64,218532
39594,0.000149,172.217.194.0-255,2543,19569,64,218532
39595,0.000152,172.31.40.0-255,66,19635,64,218532
39596,0.000186,172.217.194.0-255,1484,21119,64,218532
39597,0.000189,172.31.40.0-255,66,21185,64,218532
39598,0.000214,172.217.194.0-255,2902,24087,64,218532
39599,0.000217,172.31.40.0-255,66,24153,64,218532
39600,0.000221,172.217.194.0-255,2902,27055,64,218532
39601,0.000223,172.31.40.0-255,66,27121,64,218532
39602,0.000229,172.217.194.0-255,4320,31441,64,218532
39603,0.000232,172.31.40.0-255,66,31507,64,218532
39604,0.000273,172.31.40.0-255,66,31573,64,218532
39605,0.000279,172.217.194.0-255,5738,37311,64,218532
39606,0.000282,172.31.40.0-255,66,37377,64,218532
39607,0.000303,172.217.194.0-255,2902,40279,64,218532
39608,0.000306,172.31.40.0-255,66,40345,64,218532
39609,0.00033,172.217.194.0-255,4217,44562,64,218532
39610,0.000333,172.31.40.0-255,66,44628,64,218532
39611,0.000336,172.217.194.0-255,118,44746,64,218532
39612,0.000339,172.31.40.0-255,66,44812,64,218532
39613,0.000435,172.217.194.0-255,1484,46296,64,218532
39614,0.000439,172.31.40.0-255,66,46362,64,218532
39615,0.000472,172.217.194.0-255,2902,49264,64,218532
39616,0.000475,172.31.40.0-255,66,49330,64,218532
39617,0.000482,172.217.194.0-255,5738,55068,64,218532
39618,0.000485,172.31.40.0-255,66,55134,64,218532
39619,0.000552,172.217.194.0-255,378,55512,64,218532
39620,0.000688,172.217.194.0-255,1484,56996,64,218532
39621,0.000693,172.217.194.0-255,1484,58480,64,218532
39622,0.000715,172.217.194.0-255,1484,59964,64,218532
39623,0.000721,172.217.194.0-255,5738,65702,64,218532
39624,0.000726,172.217.194.0-255,2902,68604,64,218532
39625,0.000756,172.217.194.0-255,1484,70088,64,218532
39626,0.000795,172.31.40.0-255,66,70154,64,218532
39627,0.000805,172.217.194.0-255,4320,74474,64,218532
39628,0.000811,172.31.40.0-255,66,74540,64,218532
39629,0.000834,172.217.194.0-255,7156,81696,64,218532
39630,0.000879,172.217.194.0-255,5738,87434,64,218532
39631,0.000894,172.217.194.0-255,6438,93872,64,218532
39632,0.000913,172.31.40.0-255,66,93938,64,218532
39633,0.001466,172.217.194.0-255,1484,95422,64,218532
39634,0.001473,172.217.194.0-255,2902,98324,64,218532
39635,0.001476,172.31.40.0-255,66,98390,64,218532
39636,0.00148,172.217.194.0-255,1484,99874,64,218532
39637,0.00152,172.217.194.0-255,4320,104194,64,218532
39638,0.001535,172.217.194.0-255,2902,107096,64,218532
39639,0.001606,172.31.40.0-255,66,107162,64,218532
39640,0.001634,172.31.40.0-255,66,107228,64,218532
39641,0.001678,172.217.194.0-255,3602,110830,64,218532
39642,0.001685,172.31.40.0-255,66,110896,64,218532
39643,0.001885,172.217.194.0-255,1484,112380,64,218532
39644,0.001889,172.217.194.0-255,1484,113864,64,218532
39645,0.001892,172.31.40.0-255,66,113930,64,218532
39646,0.001905,172.217.194.0-255,1484,115414,64,218532
39647,0.001915,172.217.194.0-255,5738,121152,64,218532
39648,0.001918,172.217.194.0-255,1484,122636,64,218532
39649,0.001924,172.31.40.0-255,66,122702,64,218532
39650,0.001954,172.31.40.0-255,66,122768,64,218532
39651,0.001969,172.217.194.0-255,1484,124252,64,218532
39652,0.001996,172.31.40.0-255,66,124318,64,218532
39653,0.002027,172.217.194.0-255,1484,125802,64,218532
39654,0.002031,172.217.194.0-255,1484,127286,64,218532
39655,0.002041,172.31.40.0-255,66,127352,64,218532
39656,0.00206,172.217.194.0-255,1484,128836,64,218532
39657,0.002067,172.217.194.0-255,5738,134574,64,218532
39658,0.002074,172.217.194.0-255,5738,140312,64,218532
39659,0.002093,172.217.194.0-255,4320,144632,64,218532
39660,0.002105,172.217.194.0-255,1484,146116,64,218532
39661,0.00211,172.31.40.0-255,66,146182,64,218532
39662,0.00214,172.31.40.0-255,66,146248,64,218532
39663,0.00216,172.217.194.0-255,2184,148432,64,218532
39664,0.002183,172.217.194.0-255,5738,154170,64,218532
39665,0.002189,172.31.40.0-255,66,154236,64,218532
39666,0.002222,172.217.194.0-255,3602,157838,64,218532
39667,0.002237,172.31.40.0-255,66,157904,64,218532
39668,0.002244,172.217.194.0-255,1484,159388,64,218532
39669,0.00227,172.217.194.0-255,2902,162290,64,218532
39670,0.002277,172.217.194.0-255,5738,168028,64,218532
39671,0.002279,172.217.194.0-255,1484,169512,64,218532
39672,0.002295,172.31.40.0-255,66,169578,64,218532
39673,0.002309,172.31.40.0-255,66,169644,64,218532
39674,0.002328,172.217.194.0-255,1484,171128,64,218532
39675,0.002368,172.31.40.0-255,66,171194,64,218532
39676,0.004683,172.217.194.0-255,5738,176932,64,218532
39677,0.00469,172.31.40.0-255,66,176998,64,218532
39678,0.00699,172.217.194.0-255,5738,182736,64,218532
39679,0.006997,172.31.40.0-255,66,182802,64,218532
39680,0.009332,172.217.194.0-255,4320,187122,64,218532
39681,0.009349,172.217.194.0-255,1484,188606,64,218532
39682,0.015115,172.31.40.0-255,66,188672,64,218532
39683,0.017052,172.217.194.0-255,1484,190156,64,218532
39684,0.017409,172.217.194.0-255,4320,194476,64,218532
39685,0.017415,172.31.40.0-255,66,194542,64,218532
39686,0.019746,172.217.194.0-255,5738,200280,64,218532
39687,0.019764,172.31.40.0-255,66,200346,64,218532
39688,0.022078,172.217.194.0-255,5738,206084,64,218532
39689,0.022085,172.31.40.0-255,66,206150,64,218532
39690,0.024405,172.217.194.0-255,5738,211888,64,218532
39691,0.024412,172.31.40.0-255,66,211954,64,218532
39692,0.026713,172.217.194.0-255,1074,213028,64,218532
39693,0.026903,172.31.40.0-255,66,213094,64,218532
39694,0.026944,172.31.40.0-255,105,213199,64,218532
39695,0.029239,172.217.194.0-255,66,213265,64,218532
39696,0.048805,172.31.40.0-255,167,213432,64,218532
39697,0.048837,172.31.40.0-255,1111,214543,64,218532
39698,0.048902,172.31.40.0-255,1514,216057,64,218532
39699,0.048904,172.31.40.0-255,1514,217571,64,218532
39700,0.04893,172.31.40.0-255,697,218268,64,218532
39701,0.050386,104.244.42.0-255,66,218334,64,218532
39702,0.0504,104.244.42.0-255,66,218400,64,218532
39703,0.05046,104.244.42.0-255,66,218466,64,218532
39704,0.050465,104.244.42.0-255,66,218532,64,218532
39705,0.0,172.217.194.0-255,152,152,64,277373
39706,2.4e-05,172.31.40.0-255,66,218,64,277373
39707,3.1e-05,172.217.194.0-255,1484,1702,64,277373
39708,3.6e-05,172.31.40.0-255,66,1768,64,277373
39709,4.2e-05,172.217.194.0-255,2902,4670,64,277373
39710,4.6e-05,172.31.40.0-255,66,4736,64,277373
39711,5.3e-05,172.217.194.0-255,7156,11892,64,277373
39712,5.7e-05,172.31.40.0-255,66,11958,64,277373
39713,6.1e-05,172.217.194.0-255,2902,14860,64,277373
39714,6.5e-05,172.31.40.0-255,66,14926,64,277373
39715,0.000104,172.31.40.0-255,66,14992,64,277373
39716,0.00011,172.217.194.0-255,5379,20371,64,277373
39717,0.000113,172.31.40.0-255,66,20437,64,277373
39718,0.00025,172.217.194.0-255,1484,21921,64,277373
39719,0.000254,172.31.40.0-255,66,21987,64,277373
39720,0.000283,172.217.194.0-255,2902,24889,64,277373
39721,0.000286,172.31.40.0-255,66,24955,64,277373
39722,0.000292,172.217.194.0-255,4320,29275,64,277373
39723,0.000294,172.31.40.0-255,66,29341,64,277373
39724,0.000325,172.217.194.0-255,7156,36497,64,277373
39725,0.000329,172.31.40.0-255,66,36563,64,277373
39726,0.000347,172.217.194.0-255,1125,37688,64,277373
39727,0.000349,172.31.40.0-255,66,37754,64,277373
39728,0.00036,172.31.40.0-255,66,37820,64,277373
39729,0.000365,172.217.194.0-255,2902,40722,64,277373
39730,0.000367,172.31.40.0-255,66,40788,64,277373
39731,0.000389,172.217.194.0-255,5379,46167,64,277373
39732,0.000391,172.31.40.0-255,66,46233,64,277373
39733,0.000394,172.217.194.0-255,380,46613,64,277373
39734,0.000396,172.31.40.0-255,66,46679,64,277373
39735,0.00044,172.217.194.0-255,362,47041,64,277373
39736,0.00068,172.217.194.0-255,1484,48525,64,277373
39737,0.000684,172.31.40.0-255,66,48591,64,277373
39738,0.00069,172.217.194.0-255,2902,51493,64,277373
39739,0.000692,172.31.40.0-255,66,51559,64,277373
39740,0.000736,172.217.194.0-255,5738,57297,64,277373
39741,0.000739,172.31.40.0-255,66,57363,64,277373
39742,0.000747,172.217.194.0-255,7156,64519,64,277373
39743,0.000749,172.31.40.0-255,66,64585,64,277373
39744,0.000752,172.217.194.0-255,1484,66069,64,277373
39745,0.000789,172.31.40.0-255,66,66135,64,277373
39746,0.000793,172.217.194.0-255,2184,68319,64,277373
39747,0.000795,172.31.40.0-255,66,68385,64,277373
39748,0.001211,172.217.194.0-255,1484,69869,64,277373
39749,0.001216,172.217.194.0-255,1484,71353,64,277373
39750,0.001219,172.31.40.0-255,66,71419,64,277373
39751,0.001241,172.217.194.0-255,1484,72903,64,277373
39752,0.001246,172.217.194.0-255,4320,77223,64,277373
39753,0.001248,172.31.40.0-255,66,77289,64,277373
39754,0.001258,172.31.40.0-255,66,77355,64,277373
39755,0.001272,172.217.194.0-255,1484,78839,64,277373
39756,0.001319,172.31.40.0-255,66,78905,64,277373
39757,0.001328,172.217.194.0-255,2902,81807,64,277373
39758,0.00133,172.31.40.0-255,66,81873,64,277373
39759,0.001359,172.217.194.0-255,3602,85475,64,277373
39760,0.001362,172.31.40.0-255,66,85541,64,277373
39761,0.001399,172.217.194.0-255,5738,91279,64,277373
39762,0.001402,172.31.40.0-255,66,91345,64,277373
39763,0.001409,172.217.194.0-255,7156,98501,64,277373
39764,0.00141,172.31.40.0-255,66,98567,64,277373
39765,0.001421,172.31.40.0-255,66,98633,64,277373
39766,0.001454,172.217.194.0-255,5738,104371,64,277373
39767,0.001456,172.31.40.0-255,66,104437,64,277373
39768,0.001463,172.217.194.0-255,5738,110175,64,277373
39769,0.001465,172.31.40.0-255,66,110241,64,277373
39770,0.001468,172.217.194.0-255,766,111007,64,277373
39771,0.001491,172.217.194.0-255,1484,112491,64,277373
39772,0.001495,172.31.40.0-255,66,112557,64,277373
39773,0.001519,172.217.194.0-255,4320,116877,64,277373
39774,0.001523,172.217.194.0-255,2902,119779,64,277373
39775,0.001527,172.31.40.0-255,66,119845,64,277373
39776,0.00153,172.31.40.0-255,66,119911,64,277373
39777,0.001552,172.217.194.0-255,5738,125649,64,277373
39778,0.001555,172.31.40.0-255,66,125715,64,277373
39779,0.001566,172.31.40.0-255,66,125781,64,277373
39780,0.001584,172.217.194.0-255,4320,130101,64,277373
39781,0.001589,172.217.194.0-255,5020,135121,64,277373
39782,0.001592,172.31.40.0-255,66,135187,64,277373
39783,0.001599,172.31.40.0-255,66,135253,64,277373
39784,0.001606,172.217.194.0-255,5738,140991,64,277373
39785,0.001608,172.31.40.0-255,66,141057,64,277373
39786,0.001624,172.217.194.0-255,1484,142541,64,277373
39787,0.001665,172.31.40.0-255,66,142607,64,277373
39788,0.001677,172.217.194.0-255,1484,144091,64,277373
39789,0.001708,172.31.40.0-255,66,144157,64,277373
39790,0.001895,172.217.194.0-255,1484,145641,64,277373
39791,0.0019,172.217.194.0-255,1484,147125,64,277373
39792,0.001903,172.31.40.0-255,66,147191,64,277373
39793,0.001924,172.217.194.0-255,1484,148675,64,277373
39794,0.001931,172.217.194.0-255,5738,154413,64,277373
39795,0.001933,172.31.40.0-255,66,154479,64,277373
39796,0.001938,172.217.194.0-255,4320,158799,64,277373
39797,0.00194,172.31.40.0-255,66,158865,64,277373
39798,0.001985,172.31.40.0-255,66,158931,64,277373
39799,0.001995,172.31.40.0-255,66,158997,64,277373
39800,0.002046,172.217.194.0-255,5738,164735,64,277373
39801,0.002049,172.31.40.0-255,66,164801,64,277373
39802,0.002055,172.217.194.0-255,7156,171957,64,277373
39803,0.002058,172.31.40.0-255,66,172023,64,277373
39804,0.002082,172.31.40.0-255,66,172089,64,277373
39805,0.0021,172.217.194.0-255,2902,174991,64,277373
39806,0.002102,172.31.40.0-255,66,175057,64,277373
39807,0.002109,172.217.194.0-255,6438,181495,64,277373
39808,0.002112,172.31.40.0-255,66,181561,64,277373
39809,0.002146,172.217.194.0-255,1484,183045,64,277373
39810,0.002151,172.217.194.0-255,2902,185947,64,277373
39811,0.002153,172.31.40.0-255,66,186013,64,277373
39812,0.002159,172.217.194.0-255,4320,190333,64,277373
39813,0.002162,172.31.40.0-255,66,190399,64,277373
39814,0.002197,172.217.194.0-255,1484,191883,64,277373
39815,0.002211,172.31.40.0-255,66,191949,64,277373
39816,0.002228,172.217.194.0-255,1484,193433,64,277373
39817,0.002234,172.217.194.0-255,4320,197753,64,277373
39818,0.002237,172.31.40.0-255,66,197819,64,277373
39819,0.002272,172.31.40.0-255,66,197885,64,277373
39820,0.004852,172.217.194.0-255,5738,203623,64,277373
39821,0.00486,172.31.40.0-255,66,203689,64,277373
39822,0.007432,172.217.194.0-255,5738,209427,64,277373
39823,0.007436,172.31.40.0-255,66,209493,64,277373
39824,0.009969,172.217.194.0-255,5738,215231,64,277373
39825,0.009979,172.31.40.0-255,66,215297,64,277373
39826,0.012542,172.217.194.0-255,5738,221035,64,277373
39827,0.012555,172.31.40.0-255,66,221101,64,277373
39828,0.015114,172.217.194.0-255,5738,226839,64,277373
39829,0.015127,172.31.40.0-255,66,226905,64,277373
39830,0.017667,172.217.194.0-255,5738,232643,64,277373
39831,0.017683,172.31.40.0-255,66,232709,64,277373
39832,0.020271,172.217.194.0-255,5738,238447,64,277373
39833,0.020284,172.31.40.0-255,66,238513,64,277373
39834,0.022819,172.217.194.0-255,5738,244251,64,277373
39835,0.022827,172.31.40.0-255,66,244317,64,277373
39836,0.025379,172.217.194.0-255,5738,250055,64,277373
39837,0.025387,172.31.40.0-255,66,250121,64,277373
39838,0.027924,172.217.194.0-255,5738,255859,64,277373
39839,0.027934,172.31.40.0-255,66,255925,64,277373
39840,0.030513,172.217.194.0-255,5738,261663,64,277373
39841,0.030526,172.31.40.0-255,66,261729,64,277373
39842,0.033058,172.217.194.0-255,5738,267467,64,277373
39843,0.033066,172.31.40.0-255,66,267533,64,277373
39844,0.034053,172.31.40.0-255,211,267744,64,277373
39845,0.034085,172.31.40.0-255,1112,268856,64,277373
39846,0.034144,172.31.40.0-255,1514,270370,64,277373
39847,0.034165,172.31.40.0-255,1296,271666,64,277373
39848,0.035582,104.244.42.0-255,66,271732,64,277373
39849,0.03562,172.217.194.0-255,5272,277004,64,277373
39850,0.035625,172.31.40.0-255,66,277070,64,277373
39851,0.035635,104.244.42.0-255,66,277136,64,277373
39852,0.035723,104.244.42.0-255,66,277202,64,277373
39853,0.035819,172.31.40.0-255,105,277307,64,277373
39854,0.038381,172.217.194.0-255,66,277373,64,277373
39855,0.0,74.125.68.0-255,150,150,64,311974
39856,2.3e-05,172.31.40.0-255,66,216,64,311974
39857,3.1e-05,74.125.68.0-255,1484,1700,64,311974
39858,3.6e-05,172.31.40.0-255,66,1766,64,311974
39859,6.1e-05,74.125.68.0-255,2902,4668,64,311974
39860,6.4e-05,172.31.40.0-255,66,4734,64,311974
39861,7.1e-05,74.125.68.0-255,5738,10472,64,311974
39862,7.4e-05,172.31.40.0-255,66,10538,64,311974
39863,0.000102,74.125.68.0-255,3555,14093,64,311974
39864,0.000106,172.31.40.0-255,66,14159,64,311974
39865,0.000228,74.125.68.0-255,1484,15643,64,311974
39866,0.000232,172.31.40.0-255,66,15709,64,311974
39867,0.000238,74.125.68.0-255,2902,18611,64,311974
39868,0.000241,172.31.40.0-255,66,18677,64,311974
39869,0.000257,74.125.68.0-255,4320,22997,64,311974
39870,0.00026,172.31.40.0-255,66,23063,64,311974
39871,0.000279,74.125.68.0-255,1484,24547,64,311974
39872,0.000282,172.31.40.0-255,66,24613,64,311974
39873,0.000314,74.125.68.0-255,2902,27515,64,311974
39874,0.000317,172.31.40.0-255,66,27581,64,311974
39875,0.000342,74.125.68.0-255,3961,31542,64,311974
39876,0.000345,172.31.40.0-255,66,31608,64,311974
39877,0.000352,74.125.68.0-255,7156,38764,64,311974
39878,0.000356,172.31.40.0-255,66,38830,64,311974
39879,0.000362,74.125.68.0-255,5738,44568,64,311974
39880,0.000364,172.31.40.0-255,66,44634,64,311974
39881,0.000381,74.125.68.0-255,1484,46118,64,311974
39882,0.000384,172.31.40.0-255,66,46184,64,311974
39883,0.000405,74.125.68.0-255,2543,48727,64,311974
39884,0.000407,172.31.40.0-255,66,48793,64,311974
39885,0.000412,74.125.68.0-255,2902,51695,64,311974
39886,0.000414,172.31.40.0-255,66,51761,64,311974
39887,0.000431,74.125.68.0-255,1484,53245,64,311974
39888,0.000449,74.125.68.0-255,7156,60401,64,311974
39889,0.000452,172.31.40.0-255,66,60467,64,311974
39890,0.000464,74.125.68.0-255,2902,63369,64,311974
39891,0.000467,172.31.40.0-255,66,63435,64,311974
39892,0.000485,74.125.68.0-255,2543,65978,64,311974
39893,0.000487,172.31.40.0-255,66,66044,64,311974
39894,0.002326,74.125.68.0-255,645,66689,64,311974
39895,0.002804,74.125.68.0-255,4320,71009,64,311974
39896,0.00281,172.31.40.0-255,66,71075,64,311974
39897,0.005123,74.125.68.0-255,4320,75395,64,311974
39898,0.005127,172.31.40.0-255,66,75461,64,311974
39899,0.005148,74.125.68.0-255,1484,76945,64,311974
39900,0.007462,74.125.68.0-255,4320,81265,64,311974
39901,0.007469,172.31.40.0-255,66,81331,64,311974
39902,0.009803,74.125.68.0-255,5738,87069,64,311974
39903,0.009819,172.31.40.0-255,66,87135,64,311974
39904,0.012177,74.125.68.0-255,5738,92873,64,311974
39905,0.01219,172.31.40.0-255,66,92939,64,311974
39906,0.014539,74.125.68.0-255,5738,98677,64,311974
39907,0.014552,172.31.40.0-255,66,98743,64,311974
39908,0.01689,74.125.68.0-255,5738,104481,64,311974
39909,0.0169,172.31.40.0-255,66,104547,64,311974
39910,0.019241,74.125.68.0-255,5738,110285,64,311974
39911,0.019249,172.31.40.0-255,66,110351,64,311974
39912,0.021584,74.125.68.0-255,5738,116089,64,311974
39913,0.021594,172.31.40.0-255,66,116155,64,311974
39914,0.02392,74.125.68.0-255,5738,121893,64,311974
39915,0.023928,172.31.40.0-255,66,121959,64,311974
39916,0.026386,172.31.40.0-255,167,122126,64,311974
39917,0.026417,172.31.40.0-255,1113,123239,64,311974
39918,0.026478,172.31.40.0-255,1514,124753,64,311974
39919,0.02648,172.31.40.0-255,1295,126048,64,311974
39920,0.026532,74.125.68.0-255,5738,131786,64,311974
39921,0.026538,172.31.40.0-255,66,131852,64,311974
39922,0.027935,104.244.42.0-255,66,131918,64,311974
39923,0.027998,104.244.42.0-255,66,131984,64,311974
39924,0.02806,104.244.42.0-255,66,132050,64,311974
39925,0.028862,74.125.68.0-255,5738,137788,64,311974
39926,0.02887,172.31.40.0-255,66,137854,64,311974
39927,0.031197,74.125.68.0-255,5738,143592,64,311974
39928,0.031205,172.31.40.0-255,66,143658,64,311974
39929,0.033561,74.125.68.0-255,5738,149396,64,311974
39930,0.033572,172.31.40.0-255,66,149462,64,311974
39931,0.035911,74.125.68.0-255,5738,155200,64,311974
39932,0.035918,172.31.40.0-255,66,155266,64,311974
39933,0.038251,74.125.68.0-255,5738,161004,64,311974
39934,0.038258,172.31.40.0-255,66,161070,64,311974
39935,0.040587,74.125.68.0-255,5738,166808,64,311974
39936,0.040594,172.31.40.0-255,66,166874,64,311974
39937,0.042917,74.125.68.0-255,5738,172612,64,311974
39938,0.042925,172.31.40.0-255,66,172678,64,311974
39939,0.045254,74.125.68.0-255,5738,178416,64,311974
39940,0.045269,172.31.40.0-255,66,178482,64,311974
39941,0.047605,74.125.68.0-255,5738,184220,64,311974
39942,0.047614,172.31.40.0-255,66,184286,64,311974
39943,0.049945,74.125.68.0-255,5738,190024,64,311974
39944,0.049953,172.31.40.0-255,66,190090,64,311974
39945,0.052298,74.125.68.0-255,5738,195828,64,311974
39946,0.052306,172.31.40.0-255,66,195894,64,311974
39947,0.054651,74.125.68.0-255,5738,201632,64,311974
39948,0.054659,172.31.40.0-255,66,201698,64,311974
39949,0.056996,74.125.68.0-255,5738,207436,64,311974
39950,0.057002,172.31.40.0-255,66,207502,64,311974
39951,0.059333,74.125.68.0-255,5738,213240,64,311974
39952,0.05934,172.31.40.0-255,66,213306,64,311974
39953,0.061667,74.125.68.0-255,5738,219044,64,311974
39954,0.061674,172.31.40.0-255,66,219110,64,311974
39955,0.063998,74.125.68.0-255,5738,224848,64,311974
39956,0.064005,172.31.40.0-255,66,224914,64,311974
39957,0.066329,74.125.68.0-255,5738,230652,64,311974
39958,0.066337,172.31.40.0-255,66,230718,64,311974
39959,0.068667,74.125.68.0-255,5738,236456,64,311974
39960,0.068677,172.31.40.0-255,66,236522,64,311974
39961,0.071,74.125.68.0-255,5738,242260,64,311974
39962,0.071008,172.31.40.0-255,66,242326,64,311974
39963,0.073342,74.125.68.0-255,5738,248064,64,311974
39964,0.073349,172.31.40.0-255,66,248130,64,311974
39965,0.075706,74.125.68.0-255,5738,253868,64,311974
39966,0.075712,172.31.40.0-255,66,253934,64,311974
39967,0.078045,74.125.68.0-255,5738,259672,64,311974
39968,0.078069,172.31.40.0-255,66,259738,64,311974
39969,0.080408,74.125.68.0-255,5738,265476,64,311974
39970,0.080432,172.31.40.0-255,66,265542,64,311974
39971,0.082764,74.125.68.0-255,5738,271280,64,311974
39972,0.082775,172.31.40.0-255,66,271346,64,311974
39973,0.085122,74.125.68.0-255,5738,277084,64,311974
39974,0.085142,172.31.40.0-255,66,277150,64,311974
39975,0.08751,74.125.68.0-255,5738,282888,64,311974
39976,0.087518,172.31.40.0-255,66,282954,64,311974
39977,0.089858,74.125.68.0-255,5738,288692,64,311974
39978,0.089876,172.31.40.0-255,66,288758,64,311974
39979,0.092221,74.125.68.0-255,5738,294496,64,311974
39980,0.09224,172.31.40.0-255,66,294562,64,311974
39981,0.094591,74.125.68.0-255,5738,300300,64,311974
39982,0.094609,172.31.40.0-255,66,300366,64,311974
39983,0.09694,74.125.68.0-255,5738,306104,64,311974
39984,0.096958,172.31.40.0-255,66,306170,64,311974
39985,0.099298,74.125.68.0-255,5738,311908,64,311974
39986,0.099317,172.31.40.0-255,66,311974,64,311974
39987,0.0,74.125.24.0-255,291,291,64,271970
39988,2.1e-05,172.31.40.0-255,66,357,64,271970
39989,2.7e-05,74.125.24.0-255,1484,1841,64,271970
39990,3.1e-05,172.31.40.0-255,66,1907,64,271970
39991,3.6e-05,74.125.24.0-255,2902,4809,64,271970
39992,3.9e-05,172.31.40.0-255,66,4875,64,271970
39993,4.6e-05,74.125.24.0-255,5738,10613,64,271970
39994,4.9e-05,172.31.40.0-255,66,10679,64,271970
39995,8.5e-05,172.31.40.0-255,66,10745,64,271970
39996,8.9e-05,74.125.24.0-255,2902,13647,64,271970
39997,9.1e-05,172.31.40.0-255,66,13713,64,271970
39998,0.000111,74.125.24.0-255,7156,20869,64,271970
39999,0.000114,172.31.40.0-255,66,20935,64,271970
40000,0.000125,74.125.24.0-255,1125,22060,64,271970
40001,0.000127,172.31.40.0-255,66,22126,64,271970
40002,0.000214,74.125.24.0-255,1484,23610,64,271970
40003,0.000217,172.31.40.0-255,66,23676,64,271970
40004,0.00023,74.125.24.0-255,1484,25160,64,271970
40005,0.000232,172.31.40.0-255,66,25226,64,271970
40006,0.000251,74.125.24.0-255,1484,26710,64,271970
40007,0.000254,172.31.40.0-255,66,26776,64,271970
40008,0.00026,74.125.24.0-255,5738,32514,64,271970
40009,0.000261,172.31.40.0-255,66,32580,64,271970
40010,0.000264,74.125.24.0-255,1484,34064,64,271970
40011,0.000266,172.31.40.0-255,66,34130,64,271970
40012,0.000287,74.125.24.0-255,2902,37032,64,271970
40013,0.00029,172.31.40.0-255,66,37098,64,271970
40014,0.000292,74.125.24.0-255,1484,38582,64,271970
40015,0.000294,172.31.40.0-255,66,38648,64,271970
40016,0.000338,172.31.40.0-255,66,38714,64,271970
40017,0.000345,74.125.24.0-255,7109,45823,64,271970
40018,0.000347,172.31.40.0-255,66,45889,64,271970
40019,0.00035,74.125.24.0-255,110,45999,64,271970
40020,0.000353,172.31.40.0-255,66,46065,64,271970
40021,0.000584,74.125.24.0-255,331,46396,64,271970
40022,0.000588,172.31.40.0-255,66,46462,64,271970
40023,0.001043,74.125.24.0-255,1484,47946,64,271970
40024,0.001049,172.31.40.0-255,66,48012,64,271970
40025,0.001059,74.125.24.0-255,2902,50914,64,271970
40026,0.001061,172.31.40.0-255,66,50980,64,271970
40027,0.001067,74.125.24.0-255,5738,56718,64,271970
40028,0.001069,172.31.40.0-255,66,56784,64,271970
40029,0.001074,74.125.24.0-255,2902,59686,64,271970
40030,0.001076,172.31.40.0-255,66,59752,64,271970
40031,0.001117,74.125.24.0-255,1484,61236,64,271970
40032,0.001134,74.125.24.0-255,4320,65556,64,271970
40033,0.001163,74.125.24.0-255,5020,70576,64,271970
40034,0.001274,74.125.24.0-255,1484,72060,64,271970
40035,0.001292,74.125.24.0-255,2902,74962,64,271970
40036,0.001317,74.125.24.0-255,4320,79282,64,271970
40037,0.001356,74.125.24.0-255,2902,82184,64,271970
40038,0.001371,74.125.24.0-255,2902,85086,64,271970
40039,0.001416,74.125.24.0-255,5738,90824,64,271970
40040,0.001436,74.125.24.0-255,2184,93008,64,271970
40041,0.001452,74.125.24.0-255,4320,97328,64,271970
40042,0.001468,74.125.24.0-255,4320,101648,64,271970
40043,0.001475,74.125.24.0-255,7156,108804,64,271970
40044,0.001492,74.125.24.0-255,2902,111706,64,271970
40045,0.001518,74.125.24.0-255,4320,116026,64,271970
40046,0.001802,74.125.24.0-255,1484,117510,64,271970
40047,0.001824,74.125.24.0-255,2902,120412,64,271970
40048,0.001851,74.125.24.0-255,2902,123314,64,271970
40049,0.001868,74.125.24.0-255,2902,126216,64,271970
40050,0.001872,74.125.24.0-255,2902,129118,64,271970
40051,0.001886,74.125.24.0-255,4320,133438,64,271970
40052,0.001903,74.125.24.0-255,5738,139176,64,271970
40053,0.00192,74.125.24.0-255,2902,142078,64,271970
40054,0.002585,74.125.24.0-255,1484,143562,64,271970
40055,0.002593,74.125.24.0-255,2902,146464,64,271970
40056,0.002622,74.125.24.0-255,5738,152202,64,271970
40057,0.002628,74.125.24.0-255,4320,156522,64,271970
40058,0.002642,74.125.24.0-255,1484,158006,64,271970
40059,0.002647,74.125.24.0-255,4320,162326,64,271970
40060,0.002664,74.125.24.0-255,2902,165228,64,271970
40061,0.002682,74.125.24.0-255,4320,169548,64,271970
40062,0.002696,74.125.24.0-255,6438,175986,64,271970
40063,0.002833,74.125.24.0-255,1484,177470,64,271970
40064,0.002851,74.125.24.0-255,2902,180372,64,271970
40065,0.002856,74.125.24.0-255,4320,184692,64,271970
40066,0.002873,74.125.24.0-255,1484,186176,64,271970
40067,0.002877,74.125.24.0-255,2902,189078,64,271970
40068,0.00296,74.125.24.0-255,2184,191262,64,271970
40069,0.003071,74.125.24.0-255,1484,192746,64,271970
40070,0.003084,74.125.24.0-255,1484,194230,64,271970
40071,0.003107,74.125.24.0-255,1484,195714,64,271970
40072,0.003115,74.125.24.0-255,5738,201452,64,271970
40073,0.003131,74.125.24.0-255,2902,204354,64,271970
40074,0.003212,74.125.24.0-255,4320,208674,64,271970
40075,0.003256,74.125.24.0-255,1484,210158,64,271970
40076,0.003269,74.125.24.0-255,2902,213060,64,271970
40077,0.003285,74.125.24.0-255,5738,218798,64,271970
40078,0.003288,74.125.24.0-255,1484,220282,64,271970
40079,0.003305,74.125.24.0-255,2902,223184,64,271970
40080,0.003328,74.125.24.0-255,1484,224668,64,271970
40081,0.003367,74.125.24.0-255,7156,231824,64,271970
40082,0.003429,74.125.24.0-255,4320,236144,64,271970
40083,0.003435,74.125.24.0-255,4320,240464,64,271970
40084,0.003458,74.125.24.0-255,6438,246902,64,271970
40085,0.003465,74.125.24.0-255,5738,252640,64,271970
40086,0.003506,74.125.24.0-255,4320,256960,64,271970
40087,0.003553,74.125.24.0-255,3602,260562,64,271970
40088,0.003587,74.125.24.0-255,6770,267332,64,271970
40089,0.003591,74.125.24.0-255,105,267437,64,271970
40090,0.009089,172.31.40.0-255,66,267503,64,271970
40091,0.014697,172.31.40.0-255,105,267608,64,271970
40092,0.016694,74.125.24.0-255,66,267674,64,271970
40093,0.047949,172.31.40.0-255,176,267850,64,271970
40094,0.048003,172.31.40.0-255,1112,268962,64,271970
40095,0.04807,172.31.40.0-255,1514,270476,64,271970
40096,0.048072,172.31.40.0-255,1296,271772,64,271970
40097,0.049514,104.244.42.0-255,66,271838,64,271970
40098,0.049612,104.244.42.0-255,66,271904,64,271970
40099,0.049655,104.244.42.0-255,66,271970,64,271970
40100,0.0,172.217.194.0-255,150,150,64,336894
40101,2.2e-05,172.31.40.0-255,66,216,64,336894
40102,2.9e-05,172.217.194.0-255,1484,1700,64,336894
40103,3.2e-05,172.31.40.0-255,66,1766,64,336894
40104,3.7e-05,172.217.194.0-255,2902,4668,64,336894
40105,4.1e-05,172.31.40.0-255,66,4734,64,336894
40106,5.3e-05,172.217.194.0-255,7156,11890,64,336894
40107,5.7e-05,172.31.40.0-255,66,11956,64,336894
40108,6.3e-05,172.217.194.0-255,6321,18277,64,336894
40109,6.6e-05,172.31.40.0-255,66,18343,64,336894
40110,0.000104,172.217.194.0-255,7156,25499,64,336894
40111,0.000107,172.31.40.0-255,66,25565,64,336894
40112,0.000137,172.217.194.0-255,5379,30944,64,336894
40113,0.00014,172.31.40.0-255,66,31010,64,336894
40114,0.000145,172.217.194.0-255,2902,33912,64,336894
40115,0.000147,172.31.40.0-255,66,33978,64,336894
40116,0.00015,172.217.194.0-255,1484,35462,64,336894
40117,0.000152,172.31.40.0-255,66,35528,64,336894
40118,0.000193,172.217.194.0-255,2902,38430,64,336894
40119,0.000196,172.31.40.0-255,66,38496,64,336894
40120,0.000206,172.31.40.0-255,66,38562,64,336894
40121,0.000229,172.31.40.0-255,66,38628,64,336894
40122,0.000232,172.217.194.0-255,121,38749,64,336894
40123,0.000235,172.31.40.0-255,66,38815,64,336894
40124,0.000679,172.217.194.0-255,381,39196,64,336894
40125,0.000686,172.31.40.0-255,66,39262,64,336894
40126,0.00097,172.217.194.0-255,1484,40746,64,336894
40127,0.000974,172.31.40.0-255,66,40812,64,336894
40128,0.000993,172.217.194.0-255,2902,43714,64,336894
40129,0.000996,172.31.40.0-255,66,43780,64,336894
40130,0.001002,172.217.194.0-255,5738,49518,64,336894
40131,0.001004,172.31.40.0-255,66,49584,64,336894
40132,0.00105,172.31.40.0-255,66,49650,64,336894
40133,0.001086,172.31.40.0-255,66,49716,64,336894
40134,0.001221,172.217.194.0-255,1484,51200,64,336894
40135,0.001227,172.217.194.0-255,2902,54102,64,336894
40136,0.00123,172.31.40.0-255,66,54168,64,336894
40137,0.001234,172.217.194.0-255,1484,55652,64,336894
40138,0.001263,172.217.194.0-255,4320,59972,64,336894
40139,0.001265,172.31.40.0-255,66,60038,64,336894
40140,0.001278,172.31.40.0-255,66,60104,64,336894
40141,0.001294,172.31.40.0-255,66,60170,64,336894
40142,0.001322,172.217.194.0-255,766,60936,64,336894
40143,0.001779,172.31.40.0-255,66,61002,64,336894
40144,0.001953,172.217.194.0-255,1484,62486,64,336894
40145,0.001961,172.217.194.0-255,2902,65388,64,336894
40146,0.001964,172.31.40.0-255,66,65454,64,336894
40147,0.001968,172.217.194.0-255,1484,66938,64,336894
40148,0.001993,172.217.194.0-255,4320,71258,64,336894
40149,0.001995,172.31.40.0-255,66,71324,64,336894
40150,0.002001,172.217.194.0-255,7156,78480,64,336894
40151,0.002003,172.31.40.0-255,66,78546,64,336894
40152,0.002008,172.217.194.0-255,5738,84284,64,336894
40153,0.002014,172.31.40.0-255,66,84350,64,336894
40154,0.002049,172.31.40.0-255,66,84416,64,336894
40155,0.002053,172.217.194.0-255,2184,86600,64,336894
40156,0.002054,172.31.40.0-255,66,86666,64,336894
40157,0.004254,172.217.194.0-255,5738,92404,64,336894
40158,0.004261,172.31.40.0-255,66,92470,64,336894
40159,0.006469,172.217.194.0-255,5738,98208,64,336894
40160,0.006474,172.31.40.0-255,66,98274,64,336894
40161,0.008658,172.217.194.0-255,5738,104012,64,336894
40162,0.008664,172.31.40.0-255,66,104078,64,336894
40163,0.010869,172.217.194.0-255,5738,109816,64,336894
40164,0.010877,172.31.40.0-255,66,109882,64,336894
40165,0.013109,172.217.194.0-255,5738,115620,64,336894
40166,0.013116,172.31.40.0-255,66,115686,64,336894
40167,0.01533,172.217.194.0-255,5738,121424,64,336894
40168,0.015341,172.31.40.0-255,66,121490,64,336894
40169,0.017538,172.217.194.0-255,5738,127228,64,336894
40170,0.017547,172.31.40.0-255,66,127294,64,336894
40171,0.01975,172.217.194.0-255,5738,133032,64,336894
40172,0.019757,172.31.40.0-255,66,133098,64,336894
40173,0.021966,172.217.194.0-255,5738,138836,64,336894
40174,0.021972,172.31.40.0-255,66,138902,64,336894
40175,0.024192,172.217.194.0-255,5738,144640,64,336894
40176,0.024201,172.31.40.0-255,66,144706,64,336894
40177,0.026408,172.217.194.0-255,5738,150444,64,336894
40178,0.026421,172.31.40.0-255,66,150510,64,336894
40179,0.028621,172.217.194.0-255,5738,156248,64,336894
40180,0.028629,172.31.40.0-255,66,156314,64,336894
40181,0.03084,172.217.194.0-255,5738,162052,64,336894
40182,0.030847,172.31.40.0-255,66,162118,64,336894
40183,0.031439,172.31.40.0-255,172,162290,64,336894
40184,0.031473,172.31.40.0-255,1112,163402,64,336894
40185,0.031534,172.31.40.0-255,1514,164916,64,336894
40186,0.031556,172.31.40.0-255,1298,166214,64,336894
40187,0.032984,104.244.42.0-255,66,166280,64,336894
40188,0.032993,104.244.42.0-255,66,166346,64,336894
40189,0.033046,172.217.194.0-255,5738,172084,64,336894
40190,0.033055,172.31.40.0-255,66,172150,64,336894
40191,0.033082,104.244.42.0-255,66,172216,64,336894
40192,0.03527,172.217.194.0-255,5738,177954,64,336894
40193,0.035288,172.31.40.0-255,66,178020,64,336894
40194,0.0375,172.217.194.0-255,5738,183758,64,336894
40195,0.037515,172.31.40.0-255,66,183824,64,336894
40196,0.039745,172.217.194.0-255,5738,189562,64,336894
40197,0.03976,172.31.40.0-255,66,189628,64,336894
40198,0.041964,172.217.194.0-255,5738,195366,64,336894
40199,0.041986,172.31.40.0-255,66,195432,64,336894
40200,0.04422,172.217.194.0-255,5738,201170,64,336894
40201,0.044237,172.31.40.0-255,66,201236,64,336894
40202,0.046472,172.217.194.0-255,5738,206974,64,336894
40203,0.046478,172.31.40.0-255,66,207040,64,336894
40204,0.048665,172.217.194.0-255,5738,212778,64,336894
40205,0.04867,172.31.40.0-255,66,212844,64,336894
40206,0.050906,172.217.194.0-255,5738,218582,64,336894
40207,0.050925,172.31.40.0-255,66,218648,64,336894
40208,0.053138,172.217.194.0-255,5738,224386,64,336894
40209,0.053153,172.31.40.0-255,66,224452,64,336894
40210,0.055376,172.217.194.0-255,5738,230190,64,336894
40211,0.055388,172.31.40.0-255,66,230256,64,336894
40212,0.057622,172.217.194.0-255,5738,235994,64,336894
40213,0.057639,172.31.40.0-255,66,236060,64,336894
40214,0.059877,172.217.194.0-255,5738,241798,64,336894
40215,0.059893,172.31.40.0-255,66,241864,64,336894
40216,0.062123,172.217.194.0-255,5738,247602,64,336894
40217,0.062138,172.31.40.0-255,66,247668,64,336894
40218,0.064343,172.217.194.0-255,5738,253406,64,336894
40219,0.064351,172.31.40.0-255,66,253472,64,336894
40220,0.066581,172.217.194.0-255,5738,259210,64,336894
40221,0.066598,172.31.40.0-255,66,259276,64,336894
40222,0.068818,172.217.194.0-255,5738,265014,64,336894
40223,0.068835,172.31.40.0-255,66,265080,64,336894
40224,0.071054,172.217.194.0-255,5738,270818,64,336894
40225,0.071067,172.31.40.0-255,66,270884,64,336894
40226,0.073307,172.217.194.0-255,5738,276622,64,336894
40227,0.073323,172.31.40.0-255,66,276688,64,336894
40228,0.075543,172.217.194.0-255,5738,282426,64,336894
40229,0.075558,172.31.40.0-255,66,282492,64,336894
40230,0.077782,172.217.194.0-255,5738,288230,64,336894
40231,0.077797,172.31.40.0-255,66,288296,64,336894
40232,0.080004,172.217.194.0-255,5738,294034,64,336894
40233,0.080021,172.31.40.0-255,66,294100,64,336894
40234,0.082238,172.217.194.0-255,5738,299838,64,336894
40235,0.082252,172.31.40.0-255,66,299904,64,336894
40236,0.084493,172.217.194.0-255,5738,305642,64,336894
40237,0.08451,172.31.40.0-255,66,305708,64,336894
40238,0.086723,172.217.194.0-255,5738,311446,64,336894
40239,0.08674,172.31.40.0-255,66,311512,64,336894
40240,0.088968,172.217.194.0-255,5738,317250,64,336894
40241,0.088981,172.31.40.0-255,66,317316,64,336894
40242,0.09119,172.217.194.0-255,5738,323054,64,336894
40243,0.091207,172.31.40.0-255,66,323120,64,336894
40244,0.093433,172.217.194.0-255,5738,328858,64,336894
40245,0.093449,172.31.40.0-255,66,328924,64,336894
40246,0.095651,172.217.194.0-255,5738,334662,64,336894
40247,0.095667,172.31.40.0-255,66,334728,64,336894
40248,0.097895,172.217.194.0-255,1995,336723,64,336894
40249,0.0979,172.31.40.0-255,66,336789,64,336894
40250,0.098048,172.31.40.0-255,105,336894,64,336894
40251,0.0,74.125.68.0-255,152,152,64,384693
40252,2.4e-05,172.31.40.0-255,66,218,64,384693
40253,4e-05,74.125.68.0-255,1484,1702,64,384693
40254,5.1e-05,172.31.40.0-255,66,1768,64,384693
40255,5.7e-05,74.125.68.0-255,2902,4670,64,384693
40256,6.1e-05,172.31.40.0-255,66,4736,64,384693
40257,6.6e-05,74.125.68.0-255,2902,7638,64,384693
40258,6.9e-05,172.31.40.0-255,66,7704,64,384693
40259,9.8e-05,74.125.68.0-255,1484,9188,64,384693
40260,0.000101,172.31.40.0-255,66,9254,64,384693
40261,0.000108,74.125.68.0-255,4904,14158,64,384693
40262,0.00011,172.31.40.0-255,66,14224,64,384693
40263,0.000249,74.125.68.0-255,1484,15708,64,384693
40264,0.000254,172.31.40.0-255,66,15774,64,384693
40265,0.000259,74.125.68.0-255,2902,18676,64,384693
40266,0.000262,172.31.40.0-255,66,18742,64,384693
40267,0.000318,74.125.68.0-255,1484,20226,64,384693
40268,0.000321,172.31.40.0-255,66,20292,64,384693
40269,0.000352,74.125.68.0-255,2902,23194,64,384693
40270,0.000355,172.31.40.0-255,66,23260,64,384693
40271,0.000359,74.125.68.0-255,2902,26162,64,384693
40272,0.000361,172.31.40.0-255,66,26228,64,384693
40273,0.000367,74.125.68.0-255,4320,30548,64,384693
40274,0.000374,172.31.40.0-255,66,30614,64,384693
40275,0.000414,74.125.68.0-255,1125,31739,64,384693
40276,0.000417,172.31.40.0-255,66,31805,64,384693
40277,0.000481,74.125.68.0-255,1484,33289,64,384693
40278,0.000485,172.31.40.0-255,66,33355,64,384693
40279,0.000488,74.125.68.0-255,1484,34839,64,384693
40280,0.00049,172.31.40.0-255,66,34905,64,384693
40281,0.000522,74.125.68.0-255,1484,36389,64,384693
40282,0.000525,172.31.40.0-255,66,36455,64,384693
40283,0.00053,74.125.68.0-255,2902,39357,64,384693
40284,0.000566,74.125.68.0-255,4320,43677,64,384693
40285,0.000572,74.125.68.0-255,4320,47997,64,384693
40286,0.000589,74.125.68.0-255,2902,50899,64,384693
40287,0.000601,74.125.68.0-255,2543,53442,64,384693
40288,0.000613,74.125.68.0-255,1484,54926,64,384693
40289,0.000629,74.125.68.0-255,4320,59246,64,384693
40290,0.000644,74.125.68.0-255,1484,60730,64,384693
40291,0.000649,172.31.40.0-255,66,60796,64,384693
40292,0.000677,74.125.68.0-255,5651,66447,64,384693
40293,0.000681,74.125.68.0-255,132,66579,64,384693
40294,0.000704,172.31.40.0-255,66,66645,64,384693
40295,0.000825,74.125.68.0-255,347,66992,64,384693
40296,0.000871,74.125.68.0-255,1484,68476,64,384693
40297,0.000875,74.125.68.0-255,1484,69960,64,384693
40298,0.000886,172.31.40.0-255,66,70026,64,384693
40299,0.00089,74.125.68.0-255,1484,71510,64,384693
40300,0.000921,74.125.68.0-255,4320,75830,64,384693
40301,0.000928,74.125.68.0-255,5738,81568,64,384693
40302,0.000936,172.31.40.0-255,66,81634,64,384693
40303,0.000989,74.125.68.0-255,1484,83118,64,384693
40304,0.000996,74.125.68.0-255,5738,88856,64,384693
40305,0.001002,172.31.40.0-255,66,88922,64,384693
40306,0.001031,74.125.68.0-255,2184,91106,64,384693
40307,0.001051,172.31.40.0-255,66,91172,64,384693
40308,0.001759,74.125.68.0-255,1484,92656,64,384693
40309,0.001764,74.125.68.0-255,1484,94140,64,384693
40310,0.001768,172.31.40.0-255,66,94206,64,384693
40311,0.001781,74.125.68.0-255,1484,95690,64,384693
40312,0.00179,74.125.68.0-255,2902,98592,64,384693
40313,0.001795,74.125.68.0-255,4320,102912,64,384693
40314,0.001829,74.125.68.0-255,2902,105814,64,384693
40315,0.001851,74.125.68.0-255,5738,111552,64,384693
40316,0.001867,74.125.68.0-255,4320,115872,64,384693
40317,0.001893,74.125.68.0-255,5738,121610,64,384693
40318,0.001897,74.125.68.0-255,3602,125212,64,384693
40319,0.001925,74.125.68.0-255,1484,126696,64,384693
40320,0.001943,74.125.68.0-255,2902,129598,64,384693
40321,0.001971,74.125.68.0-255,5738,135336,64,384693
40322,0.001973,74.125.68.0-255,1484,136820,64,384693
40323,0.001991,74.125.68.0-255,1484,138304,64,384693
40324,0.002011,74.125.68.0-255,5738,144042,64,384693
40325,0.002024,74.125.68.0-255,4320,148362,64,384693
40326,0.002083,74.125.68.0-255,4320,152682,64,384693
40327,0.002101,74.125.68.0-255,6438,159120,64,384693
40328,0.002106,74.125.68.0-255,2902,162022,64,384693
40329,0.00213,74.125.68.0-255,1484,163506,64,384693
40330,0.002133,74.125.68.0-255,1484,164990,64,384693
40331,0.002143,74.125.68.0-255,1484,166474,64,384693
40332,0.002163,74.125.68.0-255,5738,172212,64,384693
40333,0.00219,74.125.68.0-255,2184,174396,64,384693
40334,0.002378,74.125.68.0-255,1484,175880,64,384693
40335,0.002434,74.125.68.0-255,2902,178782,64,384693
40336,0.002471,74.125.68.0-255,4320,183102,64,384693
40337,0.002485,74.125.68.0-255,2902,186004,64,384693
40338,0.002546,74.125.68.0-255,2902,188906,64,384693
40339,0.00259,74.125.68.0-255,2902,191808,64,384693
40340,0.002606,74.125.68.0-255,1484,193292,64,384693
40341,0.006404,172.31.40.0-255,66,193358,64,384693
40342,0.009007,74.125.68.0-255,5738,199096,64,384693
40343,0.009014,172.31.40.0-255,66,199162,64,384693
40344,0.011604,74.125.68.0-255,5738,204900,64,384693
40345,0.011612,172.31.40.0-255,66,204966,64,384693
40346,0.014206,74.125.68.0-255,5738,210704,64,384693
40347,0.014215,172.31.40.0-255,66,210770,64,384693
40348,0.016811,74.125.68.0-255,5738,216508,64,384693
40349,0.016821,172.31.40.0-255,66,216574,64,384693
40350,0.019411,74.125.68.0-255,5738,222312,64,384693
40351,0.01942,172.31.40.0-255,66,222378,64,384693
40352,0.022026,74.125.68.0-255,5738,228116,64,384693
40353,0.022035,172.31.40.0-255,66,228182,64,384693
40354,0.024637,74.125.68.0-255,5738,233920,64,384693
40355,0.024646,172.31.40.0-255,66,233986,64,384693
40356,0.027239,74.125.68.0-255,5738,239724,64,384693
40357,0.027249,172.31.40.0-255,66,239790,64,384693
40358,0.029847,74.125.68.0-255,5738,245528,64,384693
40359,0.029854,172.31.40.0-255,66,245594,64,384693
40360,0.030446,172.31.40.0-255,172,245766,64,384693
40361,0.030478,172.31.40.0-255,1112,246878,64,384693
40362,0.030532,172.31.40.0-255,1514,248392,64,384693
40363,0.030534,172.31.40.0-255,1296,249688,64,384693
40364,0.032005,104.244.42.0-255,66,249754,64,384693
40365,0.032042,104.244.42.0-255,66,249820,64,384693
40366,0.032091,104.244.42.0-255,66,249886,64,384693
40367,0.032432,74.125.68.0-255,2902,252788,64,384693
40368,0.032437,172.31.40.0-255,66,252854,64,384693
40369,0.032467,74.125.68.0-255,2902,255756,64,384693
40370,0.032489,172.31.40.0-255,66,255822,64,384693
40371,0.035041,74.125.68.0-255,2902,258724,64,384693
40372,0.035048,172.31.40.0-255,66,258790,64,384693
40373,0.035077,74.125.68.0-255,2902,261692,64,384693
40374,0.035099,172.31.40.0-255,66,261758,64,384693
40375,0.037627,74.125.68.0-255,2902,264660,64,384693
40376,0.037634,172.31.40.0-255,66,264726,64,384693
40377,0.037679,74.125.68.0-255,2902,267628,64,384693
40378,0.037714,172.31.40.0-255,66,267694,64,384693
40379,0.040232,74.125.68.0-255,2902,270596,64,384693
40380,0.040241,172.31.40.0-255,66,270662,64,384693
40381,0.040278,74.125.68.0-255,2902,273564,64,384693
40382,0.04032,172.31.40.0-255,66,273630,64,384693
40383,0.042833,74.125.68.0-255,2902,276532,64,384693
40384,0.042839,172.31.40.0-255,66,276598,64,384693
40385,0.042895,74.125.68.0-255,2902,279500,64,384693
40386,0.042945,172.31.40.0-255,66,279566,64,384693
40387,0.045434,74.125.68.0-255,2902,282468,64,384693
40388,0.045439,172.31.40.0-255,66,282534,64,384693
40389,0.045516,74.125.68.0-255,2902,285436,64,384693
40390,0.045522,172.31.40.0-255,66,285502,64,384693
40391,0.04802,74.125.68.0-255,2902,288404,64,384693
40392,0.048026,172.31.40.0-255,66,288470,64,384693
40393,0.048093,74.125.68.0-255,2902,291372,64,384693
40394,0.048109,172.31.40.0-255,66,291438,64,384693
40395,0.050617,74.125.68.0-255,2902,294340,64,384693
40396,0.050623,172.31.40.0-255,66,294406,64,384693
40397,0.050685,74.125.68.0-255,2902,297308,64,384693
40398,0.050718,172.31.40.0-255,66,297374,64,384693
40399,0.053219,74.125.68.0-255,2902,300276,64,384693
40400,0.053226,172.31.40.0-255,66,300342,64,384693
40401,0.053292,74.125.68.0-255,2902,303244,64,384693
40402,0.053411,172.31.40.0-255,66,303310,64,384693
40403,0.055808,74.125.68.0-255,2902,306212,64,384693
40404,0.055814,172.31.40.0-255,66,306278,64,384693
40405,0.055981,74.125.68.0-255,2902,309180,64,384693
40406,0.056419,172.31.40.0-255,66,309246,64,384693
40407,0.058438,74.125.68.0-255,2902,312148,64,384693
40408,0.058445,172.31.40.0-255,66,312214,64,384693
40409,0.059011,74.125.68.0-255,2902,315116,64,384693
40410,0.059017,172.31.40.0-255,66,315182,64,384693
40411,0.061035,74.125.68.0-255,2902,318084,64,384693
40412,0.061041,172.31.40.0-255,66,318150,64,384693
40413,0.061611,74.125.68.0-255,2902,321052,64,384693
40414,0.061618,172.31.40.0-255,66,321118,64,384693
40415,0.063626,74.125.68.0-255,2902,324020,64,384693
40416,0.063632,172.31.40.0-255,66,324086,64,384693
40417,0.064203,74.125.68.0-255,2902,326988,64,384693
40418,0.064209,172.31.40.0-255,66,327054,64,384693
40419,0.066218,74.125.68.0-255,2902,329956,64,384693
40420,0.066224,172.31.40.0-255,66,330022,64,384693
40421,0.066798,74.125.68.0-255,2902,332924,64,384693
40422,0.066802,172.31.40.0-255,66,332990,64,384693
40423,0.068808,74.125.68.0-255,2902,335892,64,384693
40424,0.068814,172.31.40.0-255,66,335958,64,384693
40425,0.069388,74.125.68.0-255,2902,338860,64,384693
40426,0.069394,172.31.40.0-255,66,338926,64,384693
40427,0.071398,74.125.68.0-255,2902,341828,64,384693
40428,0.071404,172.31.40.0-255,66,341894,64,384693
40429,0.071982,74.125.68.0-255,2902,344796,64,384693
40430,0.071989,172.31.40.0-255,66,344862,64,384693
40431,0.074039,74.125.68.0-255,2902,347764,64,384693
40432,0.074048,172.31.40.0-255,66,347830,64,384693
40433,0.074591,74.125.68.0-255,2902,350732,64,384693
40434,0.074597,172.31.40.0-255,66,350798,64,384693
40435,0.076646,74.125.68.0-255,2902,353700,64,384693
40436,0.076652,172.31.40.0-255,66,353766,64,384693
40437,0.077186,74.125.68.0-255,2902,356668,64,384693
40438,0.077193,172.31.40.0-255,66,356734,64,384693
40439,0.079231,74.125.68.0-255,2902,359636,64,384693
40440,0.079238,172.31.40.0-255,66,359702,64,384693
40441,0.079777,74.125.68.0-255,2902,362604,64,384693
40442,0.079781,172.31.40.0-255,66,362670,64,384693
40443,0.081815,74.125.68.0-255,2902,365572,64,384693
40444,0.081822,172.31.40.0-255,66,365638,64,384693
40445,0.082367,74.125.68.0-255,2902,368540,64,384693
40446,0.082372,172.31.40.0-255,66,368606,64,384693
40447,0.084456,74.125.68.0-255,2902,371508,64,384693
40448,0.084463,172.31.40.0-255,66,371574,64,384693
40449,0.08495,74.125.68.0-255,2902,374476,64,384693
40450,0.084957,172.31.40.0-255,66,374542,64,384693
40451,0.087053,74.125.68.0-255,2902,377444,64,384693
40452,0.08706,172.31.40.0-255,66,377510,64,384693
40453,0.087541,74.125.68.0-255,2902,380412,64,384693
40454,0.087548,172.31.40.0-255,66,380478,64,384693
40455,0.089644,74.125.68.0-255,2902,383380,64,384693
40456,0.089651,172.31.40.0-255,66,383446,64,384693
40457,0.090122,74.125.68.0-255,1010,384456,64,384693
40458,0.090234,172.31.40.0-255,66,384522,64,384693
40459,0.090271,172.31.40.0-255,105,384627,64,384693
40460,0.092832,74.125.68.0-255,66,384693,64,384693
40461,0.0,172.217.194.0-255,153,153,64,245448
40462,3.3e-05,172.31.40.0-255,66,219,64,245448
40463,4.1e-05,172.217.194.0-255,1484,1703,64,245448
40464,4.5e-05,172.31.40.0-255,66,1769,64,245448
40465,5e-05,172.217.194.0-255,2902,4671,64,245448
40466,6e-05,172.31.40.0-255,66,4737,64,245448
40467,6.3e-05,172.217.194.0-255,1484,6221,64,245448
40468,6.6e-05,172.31.40.0-255,66,6287,64,245448
40469,0.000104,172.217.194.0-255,2902,9189,64,245448
40470,0.000107,172.31.40.0-255,66,9255,64,245448
40471,0.000122,172.217.194.0-255,4902,14157,64,245448
40472,0.000129,172.31.40.0-255,66,14223,64,245448
40473,0.000195,172.217.194.0-255,1484,15707,64,245448
40474,0.000198,172.31.40.0-255,66,15773,64,245448
40475,0.000204,172.217.194.0-255,2902,18675,64,245448
40476,0.000206,172.31.40.0-255,66,18741,64,245448
40477,0.000252,172.217.194.0-255,5738,24479,64,245448
40478,0.000255,172.31.40.0-255,66,24545,64,245448
40479,0.000262,172.217.194.0-255,6797,31342,64,245448
40480,0.000264,172.31.40.0-255,66,31408,64,245448
40481,0.000342,172.217.194.0-255,1484,32892,64,245448
40482,0.000345,172.31.40.0-255,66,32958,64,245448
40483,0.00035,172.217.194.0-255,2902,35860,64,245448
40484,0.000354,172.31.40.0-255,66,35926,64,245448
40485,0.000388,172.217.194.0-255,5738,41664,64,245448
40486,0.000393,172.31.40.0-255,66,41730,64,245448
40487,0.0004,172.217.194.0-255,4320,46050,64,245448
40488,0.000403,172.31.40.0-255,66,46116,64,245448
40489,0.000428,172.31.40.0-255,66,46182,64,245448
40490,0.000471,172.31.40.0-255,66,46248,64,245448
40491,0.000474,172.217.194.0-255,395,46643,64,245448
40492,0.000514,172.217.194.0-255,380,47023,64,245448
40493,0.000766,172.217.194.0-255,1484,48507,64,245448
40494,0.000771,172.31.40.0-255,66,48573,64,245448
40495,0.000776,172.217.194.0-255,2902,51475,64,245448
40496,0.000778,172.31.40.0-255,66,51541,64,245448
40497,0.000805,172.217.194.0-255,5738,57279,64,245448
40498,0.000814,172.31.40.0-255,66,57345,64,245448
40499,0.000828,172.31.40.0-255,66,57411,64,245448
40500,0.000863,172.31.40.0-255,66,57477,64,245448
40501,0.001105,172.217.194.0-255,1484,58961,64,245448
40502,0.001123,172.217.194.0-255,2902,61863,64,245448
40503,0.001126,172.31.40.0-255,66,61929,64,245448
40504,0.00113,172.217.194.0-255,1484,63413,64,245448
40505,0.001157,172.217.194.0-255,4320,67733,64,245448
40506,0.001161,172.31.40.0-255,66,67799,64,245448
40507,0.001167,172.217.194.0-255,5738,73537,64,245448
40508,0.001169,172.31.40.0-255,66,73603,64,245448
40509,0.001182,172.31.40.0-255,66,73669,64,245448
40510,0.001207,172.217.194.0-255,1484,75153,64,245448
40511,0.001214,172.217.194.0-255,5020,80173,64,245448
40512,0.001217,172.31.40.0-255,66,80239,64,245448
40513,0.001293,172.217.194.0-255,1484,81723,64,245448
40514,0.001316,172.217.194.0-255,2902,84625,64,245448
40515,0.00132,172.31.40.0-255,66,84691,64,245448
40516,0.001326,172.217.194.0-255,5738,90429,64,245448
40517,0.001328,172.31.40.0-255,66,90495,64,245448
40518,0.001348,172.217.194.0-255,4320,94815,64,245448
40519,0.001352,172.31.40.0-255,66,94881,64,245448
40520,0.001392,172.31.40.0-255,66,94947,64,245448
40521,0.001401,172.31.40.0-255,66,95013,64,245448
40522,0.001406,172.217.194.0-255,2184,97197,64,245448
40523,0.001408,172.31.40.0-255,66,97263,64,245448
40524,0.001453,172.217.194.0-255,1484,98747,64,245448
40525,0.001472,172.217.194.0-255,2902,101649,64,245448
40526,0.001475,172.31.40.0-255,66,101715,64,245448
40527,0.001481,172.217.194.0-255,4320,106035,64,245448
40528,0.001483,172.31.40.0-255,66,106101,64,245448
40529,0.00151,172.217.194.0-255,1484,107585,64,245448
40530,0.001524,172.31.40.0-255,66,107651,64,245448
40531,0.001529,172.217.194.0-255,4320,111971,64,245448
40532,0.001531,172.31.40.0-255,66,112037,64,245448
40533,0.001556,172.217.194.0-255,4320,116357,64,245448
40534,0.001564,172.31.40.0-255,66,116423,64,245448
40535,0.001568,172.217.194.0-255,2184,118607,64,245448
40536,0.00157,172.31.40.0-255,66,118673,64,245448
40537,0.001859,172.217.194.0-255,1484,120157,64,245448
40538,0.001865,172.217.194.0-255,2902,123059,64,245448
40539,0.001868,172.31.40.0-255,66,123125,64,245448
40540,0.001874,172.217.194.0-255,4320,127445,64,245448
40541,0.001876,172.31.40.0-255,66,127511,64,245448
40542,0.0019,172.217.194.0-255,1484,128995,64,245448
40543,0.001918,172.31.40.0-255,66,129061,64,245448
40544,0.001928,172.31.40.0-255,66,129127,64,245448
40545,0.001958,172.217.194.0-255,2184,131311,64,245448
40546,0.001963,172.31.40.0-255,66,131377,64,245448
40547,0.001988,172.217.194.0-255,1484,132861,64,245448
40548,0.002002,172.217.194.0-255,2902,135763,64,245448
40549,0.002005,172.31.40.0-255,66,135829,64,245448
40550,0.002039,172.217.194.0-255,5738,141567,64,245448
40551,0.002043,172.31.40.0-255,66,141633,64,245448
40552,0.002046,172.217.194.0-255,1484,143117,64,245448
40553,0.002072,172.31.40.0-255,66,143183,64,245448
40554,0.002077,172.217.194.0-255,2902,146085,64,245448
40555,0.002079,172.31.40.0-255,66,146151,64,245448
40556,0.002122,172.31.40.0-255,66,146217,64,245448
40557,0.002127,172.217.194.0-255,4320,150537,64,245448
40558,0.00213,172.31.40.0-255,66,150603,64,245448
40559,0.002134,172.217.194.0-255,2902,153505,64,245448
40560,0.002137,172.31.40.0-255,66,153571,64,245448
40561,0.002166,172.217.194.0-255,2902,156473,64,245448
40562,0.00217,172.31.40.0-255,66,156539,64,245448
40563,0.002183,172.31.40.0-255,66,156605,64,245448
40564,0.002193,172.31.40.0-255,66,156671,64,245448
40565,0.002216,172.217.194.0-255,3602,160273,64,245448
40566,0.002219,172.31.40.0-255,66,160339,64,245448
40567,0.002234,172.217.194.0-255,1484,161823,64,245448
40568,0.002242,172.217.194.0-255,1484,163307,64,245448
40569,0.002245,172.31.40.0-255,66,163373,64,245448
40570,0.002278,172.217.194.0-255,1484,164857,64,245448
40571,0.002285,172.217.194.0-255,5738,170595,64,245448
40572,0.002288,172.31.40.0-255,66,170661,64,245448
40573,0.002293,172.217.194.0-255,4320,174981,64,245448
40574,0.002296,172.31.40.0-255,66,175047,64,245448
40575,0.002315,172.31.40.0-255,66,175113,64,245448
40576,0.002319,172.217.194.0-255,2902,178015,64,245448
40577,0.002322,172.31.40.0-255,66,178081,64,245448
40578,0.002351,172.217.194.0-255,5020,183101,64,245448
40579,0.002354,172.31.40.0-255,66,183167,64,245448
40580,0.002379,172.31.40.0-255,66,183233,64,245448
40581,0.002385,172.217.194.0-255,4320,187553,64,245448
40582,0.002387,172.31.40.0-255,66,187619,64,245448
40583,0.002417,172.217.194.0-255,5738,193357,64,245448
40584,0.002421,172.31.40.0-255,66,193423,64,245448
40585,0.002432,172.31.40.0-255,66,193489,64,245448
40586,0.004796,172.217.194.0-255,5738,199227,64,245448
40587,0.004804,172.31.40.0-255,66,199293,64,245448
40588,0.007188,172.217.194.0-255,5738,205031,64,245448
40589,0.007196,172.31.40.0-255,66,205097,64,245448
40590,0.009593,172.217.194.0-255,5738,210835,64,245448
40591,0.009613,172.31.40.0-255,66,210901,64,245448
40592,0.012018,172.217.194.0-255,5738,216639,64,245448
40593,0.012028,172.31.40.0-255,66,216705,64,245448
40594,0.014419,172.217.194.0-255,5738,222443,64,245448
40595,0.01443,172.31.40.0-255,66,222509,64,245448
40596,0.015124,172.31.40.0-255,101,222610,64,245448
40597,0.016825,172.217.194.0-255,5738,228348,64,245448
40598,0.016839,172.31.40.0-255,66,228414,64,245448
40599,0.01747,172.217.194.0-255,66,228480,64,245448
40600,0.019228,172.217.194.0-255,5738,234218,64,245448
40601,0.019243,172.31.40.0-255,66,234284,64,245448
40602,0.021642,172.217.194.0-255,5738,240022,64,245448
40603,0.021661,172.31.40.0-255,66,240088,64,245448
40604,0.024025,172.217.194.0-255,900,240988,64,245448
40605,0.024212,172.31.40.0-255,105,241093,64,245448
40606,0.030476,172.217.194.0-255,66,241159,64,245448
40607,0.048556,172.31.40.0-255,167,241326,64,245448
40608,0.048584,172.31.40.0-255,1112,242438,64,245448
40609,0.048633,172.31.40.0-255,1514,243952,64,245448
40610,0.048634,172.31.40.0-255,1298,245250,64,245448
40611,0.050078,104.244.42.0-255,66,245316,64,245448
40612,0.050139,104.244.42.0-255,66,245382,64,245448
40613,0.050195,104.244.42.0-255,66,245448,64,245448
40614,0.0,74.125.68.0-255,167,167,64,338398
40615,1.8e-05,172.31.40.0-255,66,233,64,338398
40616,2.4e-05,74.125.68.0-255,1484,1717,64,338398
40617,2.9e-05,172.31.40.0-255,66,1783,64,338398
40618,3.4e-05,74.125.68.0-255,2902,4685,64,338398
40619,3.7e-05,172.31.40.0-255,66,4751,64,338398
40620,4.5e-05,74.125.68.0-255,7156,11907,64,338398
40621,4.9e-05,172.31.40.0-255,66,11973,64,338398
40622,5.2e-05,74.125.68.0-255,2039,14012,64,338398
40623,5.5e-05,172.31.40.0-255,66,14078,64,338398
40624,9.5e-05,74.125.68.0-255,1484,15562,64,338398
40625,9.7e-05,172.31.40.0-255,66,15628,64,338398
40626,0.00013,74.125.68.0-255,2902,18530,64,338398
40627,0.000133,172.31.40.0-255,66,18596,64,338398
40628,0.000152,74.125.68.0-255,5738,24334,64,338398
40629,0.000155,172.31.40.0-255,66,24400,64,338398
40630,0.000159,74.125.68.0-255,2902,27302,64,338398
40631,0.000161,172.31.40.0-255,66,27368,64,338398
40632,0.000187,74.125.68.0-255,3961,31329,64,338398
40633,0.00019,172.31.40.0-255,66,31395,64,338398
40634,0.000347,74.125.68.0-255,1484,32879,64,338398
40635,0.000353,172.31.40.0-255,66,32945,64,338398
40636,0.000364,74.125.68.0-255,1484,34429,64,338398
40637,0.000366,172.31.40.0-255,66,34495,64,338398
40638,0.000386,74.125.68.0-255,1484,35979,64,338398
40639,0.000388,172.31.40.0-255,66,36045,64,338398
40640,0.000404,74.125.68.0-255,5738,41783,64,338398
40641,0.000407,172.31.40.0-255,66,41849,64,338398
40642,0.000437,74.125.68.0-255,6797,48646,64,338398
40643,0.00044,172.31.40.0-255,66,48712,64,338398
40644,0.001025,74.125.68.0-255,1484,50196,64,338398
40645,0.001031,172.31.40.0-255,66,50262,64,338398
40646,0.001039,74.125.68.0-255,2902,53164,64,338398
40647,0.001041,172.31.40.0-255,66,53230,64,338398
40648,0.001061,74.125.68.0-255,2902,56132,64,338398
40649,0.001063,172.31.40.0-255,66,56198,64,338398
40650,0.001068,74.125.68.0-255,4320,60518,64,338398
40651,0.00107,172.31.40.0-255,66,60584,64,338398
40652,0.001119,74.125.68.0-255,2902,63486,64,338398
40653,0.001121,172.31.40.0-255,66,63552,64,338398
40654,0.001139,74.125.68.0-255,2543,66095,64,338398
40655,0.001141,172.31.40.0-255,66,66161,64,338398
40656,0.001677,74.125.68.0-255,1484,67645,64,338398
40657,0.001695,74.125.68.0-255,2902,70547,64,338398
40658,0.001699,172.31.40.0-255,66,70613,64,338398
40659,0.001703,74.125.68.0-255,1484,72097,64,338398
40660,0.001718,74.125.68.0-255,2902,74999,64,338398
40661,0.00172,172.31.40.0-255,66,75065,64,338398
40662,0.001742,74.125.68.0-255,5738,80803,64,338398
40663,0.001744,172.31.40.0-255,66,80869,64,338398
40664,0.001763,74.125.68.0-255,5738,86607,64,338398
40665,0.001765,172.31.40.0-255,66,86673,64,338398
40666,0.001779,74.125.68.0-255,2902,89575,64,338398
40667,0.00178,172.31.40.0-255,66,89641,64,338398
40668,0.001791,74.125.68.0-255,1484,91125,64,338398
40669,0.00181,172.31.40.0-255,66,91191,64,338398
40670,0.001812,74.125.68.0-255,766,91957,64,338398
40671,0.004085,74.125.68.0-255,4320,96277,64,338398
40672,0.00409,172.31.40.0-255,66,96343,64,338398
40673,0.006375,74.125.68.0-255,5738,102081,64,338398
40674,0.006384,172.31.40.0-255,66,102147,64,338398
40675,0.008658,74.125.68.0-255,5738,107885,64,338398
40676,0.008666,172.31.40.0-255,66,107951,64,338398
40677,0.010961,74.125.68.0-255,5738,113689,64,338398
40678,0.010973,172.31.40.0-255,66,113755,64,338398
40679,0.013266,74.125.68.0-255,5738,119493,64,338398
40680,0.013276,172.31.40.0-255,66,119559,64,338398
40681,0.015548,74.125.68.0-255,5738,125297,64,338398
40682,0.015557,172.31.40.0-255,66,125363,64,338398
40683,0.017843,74.125.68.0-255,5738,131101,64,338398
40684,0.01785,172.31.40.0-255,66,131167,64,338398
40685,0.020132,74.125.68.0-255,5738,136905,64,338398
40686,0.020139,172.31.40.0-255,66,136971,64,338398
40687,0.022417,74.125.68.0-255,5738,142709,64,338398
40688,0.022425,172.31.40.0-255,66,142775,64,338398
40689,0.024703,74.125.68.0-255,5738,148513,64,338398
40690,0.024711,172.31.40.0-255,66,148579,64,338398
40691,0.026984,74.125.68.0-255,5738,154317,64,338398
40692,0.02699,172.31.40.0-255,66,154383,64,338398
40693,0.027873,172.31.40.0-255,172,154555,64,338398
40694,0.027908,172.31.40.0-255,1111,155666,64,338398
40695,0.027965,172.31.40.0-255,1514,157180,64,338398
40696,0.027966,172.31.40.0-255,1514,158694,64,338398
40697,0.027991,172.31.40.0-255,694,159388,64,338398
40698,0.029259,74.125.68.0-255,5738,165126,64,338398
40699,0.029266,172.31.40.0-255,66,165192,64,338398
40700,0.029419,104.244.42.0-255,66,165258,64,338398
40701,0.029466,104.244.42.0-255,66,165324,64,338398
40702,0.029517,104.244.42.0-255,66,165390,64,338398
40703,0.029522,104.244.42.0-255,66,165456,64,338398
40704,0.030269,104.244.42.0-255,108,165564,64,338398
40705,0.030278,172.31.40.0-255,66,165630,64,338398
40706,0.031556,74.125.68.0-255,5738,171368,64,338398
40707,0.031561,172.31.40.0-255,66,171434,64,338398
40708,0.033865,74.125.68.0-255,5738,177172,64,338398
40709,0.033872,172.31.40.0-255,66,177238,64,338398
40710,0.03617,74.125.68.0-255,5738,182976,64,338398
40711,0.036177,172.31.40.0-255,66,183042,64,338398
40712,0.038475,74.125.68.0-255,5738,188780,64,338398
40713,0.038482,172.31.40.0-255,66,188846,64,338398
40714,0.04078,74.125.68.0-255,5738,194584,64,338398
40715,0.040786,172.31.40.0-255,66,194650,64,338398
40716,0.043078,74.125.68.0-255,5738,200388,64,338398
40717,0.043087,172.31.40.0-255,66,200454,64,338398
40718,0.045411,74.125.68.0-255,5738,206192,64,338398
40719,0.045417,172.31.40.0-255,66,206258,64,338398
40720,0.047706,74.125.68.0-255,5738,211996,64,338398
40721,0.047712,172.31.40.0-255,66,212062,64,338398
40722,0.050003,74.125.68.0-255,5738,217800,64,338398
40723,0.05001,172.31.40.0-255,66,217866,64,338398
40724,0.052278,74.125.68.0-255,4320,222186,64,338398
40725,0.052285,172.31.40.0-255,66,222252,64,338398
40726,0.052305,74.125.68.0-255,1484,223736,64,338398
40727,0.054566,74.125.68.0-255,4320,228056,64,338398
40728,0.054573,172.31.40.0-255,66,228122,64,338398
40729,0.056843,74.125.68.0-255,5738,233860,64,338398
40730,0.056849,172.31.40.0-255,66,233926,64,338398
40731,0.059168,74.125.68.0-255,5738,239664,64,338398
40732,0.059175,172.31.40.0-255,66,239730,64,338398
40733,0.061471,74.125.68.0-255,5738,245468,64,338398
40734,0.061478,172.31.40.0-255,66,245534,64,338398
40735,0.063757,74.125.68.0-255,5738,251272,64,338398
40736,0.063764,172.31.40.0-255,66,251338,64,338398
40737,0.066056,74.125.68.0-255,5738,257076,64,338398
40738,0.066062,172.31.40.0-255,66,257142,64,338398
40739,0.068335,74.125.68.0-255,5738,262880,64,338398
40740,0.068342,172.31.40.0-255,66,262946,64,338398
40741,0.070618,74.125.68.0-255,5738,268684,64,338398
40742,0.070625,172.31.40.0-255,66,268750,64,338398
40743,0.07291,74.125.68.0-255,5738,274488,64,338398
40744,0.072916,172.31.40.0-255,66,274554,64,338398
40745,0.075188,74.125.68.0-255,5738,280292,64,338398
40746,0.075195,172.31.40.0-255,66,280358,64,338398
40747,0.07747,74.125.68.0-255,5738,286096,64,338398
40748,0.077477,172.31.40.0-255,66,286162,64,338398
40749,0.079758,74.125.68.0-255,5738,291900,64,338398
40750,0.079763,172.31.40.0-255,66,291966,64,338398
40751,0.082042,74.125.68.0-255,5738,297704,64,338398
40752,0.082047,172.31.40.0-255,66,297770,64,338398
40753,0.084316,74.125.68.0-255,5738,303508,64,338398
40754,0.084323,172.31.40.0-255,66,303574,64,338398
40755,0.086618,74.125.68.0-255,5738,309312,64,338398
40756,0.086625,172.31.40.0-255,66,309378,64,338398
40757,0.0889,74.125.68.0-255,5738,315116,64,338398
40758,0.088907,172.31.40.0-255,66,315182,64,338398
40759,0.091193,74.125.68.0-255,5738,320920,64,338398
40760,0.091203,172.31.40.0-255,66,320986,64,338398
40761,0.093493,74.125.68.0-255,5738,326724,64,338398
40762,0.093499,172.31.40.0-255,66,326790,64,338398
40763,0.095784,74.125.68.0-255,5738,332528,64,338398
40764,0.095791,172.31.40.0-255,66,332594,64,338398
40765,0.098074,74.125.68.0-255,5738,338332,64,338398
40766,0.09808,172.31.40.0-255,66,338398,64,338398
40767,0.0,172.217.194.0-255,152,152,64,322674
40768,2.4e-05,172.31.40.0-255,66,218,64,322674
40769,3.1e-05,172.217.194.0-255,1484,1702,64,322674
40770,3.6e-05,172.31.40.0-255,66,1768,64,322674
40771,5.1e-05,172.217.194.0-255,2902,4670,64,322674
40772,5.5e-05,172.31.40.0-255,66,4736,64,322674
40773,6.2e-05,172.217.194.0-255,5738,10474,64,322674
40774,6.5e-05,172.31.40.0-255,66,10540,64,322674
40775,7.2e-05,172.217.194.0-255,5738,16278,64,322674
40776,7.4e-05,172.31.40.0-255,66,16344,64,322674
40777,0.000114,172.31.40.0-255,66,16410,64,322674
40778,0.000122,172.217.194.0-255,6797,23207,64,322674
40779,0.000124,172.31.40.0-255,66,23273,64,322674
40780,0.000129,172.217.194.0-255,2902,26175,64,322674
40781,0.000132,172.31.40.0-255,66,26241,64,322674
40782,0.000171,172.217.194.0-255,5738,31979,64,322674
40783,0.000175,172.31.40.0-255,66,32045,64,322674
40784,0.000179,172.217.194.0-255,4320,36365,64,322674
40785,0.000182,172.31.40.0-255,66,36431,64,322674
40786,0.000212,172.217.194.0-255,3961,40392,64,322674
40787,0.000214,172.31.40.0-255,66,40458,64,322674
40788,0.000251,172.31.40.0-255,66,40524,64,322674
40789,0.000277,172.217.194.0-255,2902,43426,64,322674
40790,0.00028,172.31.40.0-255,66,43492,64,322674
40791,0.000308,172.217.194.0-255,5379,48871,64,322674
40792,0.00031,172.31.40.0-255,66,48937,64,322674
40793,0.000353,172.217.194.0-255,646,49583,64,322674
40794,0.000356,172.31.40.0-255,66,49649,64,322674
40795,0.000797,172.217.194.0-255,1484,51133,64,322674
40796,0.000803,172.31.40.0-255,66,51199,64,322674
40797,0.000809,172.217.194.0-255,2902,54101,64,322674
40798,0.000811,172.31.40.0-255,66,54167,64,322674
40799,0.000817,172.217.194.0-255,4320,58487,64,322674
40800,0.000824,172.31.40.0-255,66,58553,64,322674
40801,0.000836,172.217.194.0-255,1484,60037,64,322674
40802,0.000843,172.217.194.0-255,4320,64357,64,322674
40803,0.000845,172.31.40.0-255,66,64423,64,322674
40804,0.000874,172.217.194.0-255,2543,66966,64,322674
40805,0.000877,172.31.40.0-255,66,67032,64,322674
40806,0.000882,172.217.194.0-255,4320,71352,64,322674
40807,0.000884,172.31.40.0-255,66,71418,64,322674
40808,0.000925,172.31.40.0-255,66,71484,64,322674
40809,0.000929,172.217.194.0-255,1994,73478,64,322674
40810,0.00093,172.31.40.0-255,66,73544,64,322674
40811,0.001184,172.217.194.0-255,1484,75028,64,322674
40812,0.001191,172.217.194.0-255,2902,77930,64,322674
40813,0.001194,172.31.40.0-255,66,77996,64,322674
40814,0.001255,172.217.194.0-255,5738,83734,64,322674
40815,0.001258,172.31.40.0-255,66,83800,64,322674
40816,0.001272,172.31.40.0-255,66,83866,64,322674
40817,0.001289,172.31.40.0-255,66,83932,64,322674
40818,0.001292,172.217.194.0-255,766,84698,64,322674
40819,0.001668,172.217.194.0-255,1484,86182,64,322674
40820,0.001672,172.31.40.0-255,66,86248,64,322674
40821,0.001676,172.217.194.0-255,1484,87732,64,322674
40822,0.001727,172.217.194.0-255,1484,89216,64,322674
40823,0.00173,172.31.40.0-255,66,89282,64,322674
40824,0.001737,172.217.194.0-255,5738,95020,64,322674
40825,0.00174,172.31.40.0-255,66,95086,64,322674
40826,0.001754,172.31.40.0-255,66,95152,64,322674
40827,0.001757,172.217.194.0-255,1484,96636,64,322674
40828,0.001806,172.31.40.0-255,66,96702,64,322674
40829,0.002263,172.217.194.0-255,1484,98186,64,322674
40830,0.00227,172.217.194.0-255,2902,101088,64,322674
40831,0.002274,172.31.40.0-255,66,101154,64,322674
40832,0.002281,172.217.194.0-255,5738,106892,64,322674
40833,0.002283,172.31.40.0-255,66,106958,64,322674
40834,0.00232,172.31.40.0-255,66,107024,64,322674
40835,0.002331,172.217.194.0-255,1484,108508,64,322674
40836,0.002348,172.31.40.0-255,66,108574,64,322674
40837,0.004932,172.217.194.0-255,5738,114312,64,322674
40838,0.004944,172.31.40.0-255,66,114378,64,322674
40839,0.007531,172.217.194.0-255,5738,120116,64,322674
40840,0.007538,172.31.40.0-255,66,120182,64,322674
40841,0.010151,172.217.194.0-255,5738,125920,64,322674
40842,0.010163,172.31.40.0-255,66,125986,64,322674
40843,0.012746,172.217.194.0-255,5738,131724,64,322674
40844,0.012761,172.31.40.0-255,66,131790,64,322674
40845,0.015357,172.217.194.0-255,5738,137528,64,322674
40846,0.015374,172.31.40.0-255,66,137594,64,322674
40847,0.017985,172.217.194.0-255,5738,143332,64,322674
40848,0.018032,172.31.40.0-255,66,143398,64,322674
40849,0.020641,172.217.194.0-255,5738,149136,64,322674
40850,0.020657,172.31.40.0-255,66,149202,64,322674
40851,0.023261,172.217.194.0-255,5738,154940,64,322674
40852,0.023273,172.31.40.0-255,66,155006,64,322674
40853,0.025897,172.217.194.0-255,5738,160744,64,322674
40854,0.025909,172.31.40.0-255,66,160810,64,322674
40855,0.028514,172.217.194.0-255,5738,166548,64,322674
40856,0.028534,172.31.40.0-255,66,166614,64,322674
40857,0.031153,172.217.194.0-255,5738,172352,64,322674
40858,0.031172,172.31.40.0-255,66,172418,64,322674
40859,0.033807,172.217.194.0-255,5738,178156,64,322674
40860,0.033824,172.31.40.0-255,66,178222,64,322674
40861,0.036423,172.217.194.0-255,5738,183960,64,322674
40862,0.036441,172.31.40.0-255,66,184026,64,322674
40863,0.039056,172.217.194.0-255,5738,189764,64,322674
40864,0.039082,172.31.40.0-255,66,189830,64,322674
40865,0.04172,172.217.194.0-255,5738,195568,64,322674
40866,0.04173,172.31.40.0-255,66,195634,64,322674
40867,0.044308,172.217.194.0-255,5738,201372,64,322674
40868,0.044323,172.31.40.0-255,66,201438,64,322674
40869,0.046947,172.217.194.0-255,5738,207176,64,322674
40870,0.046966,172.31.40.0-255,66,207242,64,322674
40871,0.048552,172.31.40.0-255,172,207414,64,322674
40872,0.048583,172.31.40.0-255,1113,208527,64,322674
40873,0.048646,172.31.40.0-255,1514,210041,64,322674
40874,0.048667,172.31.40.0-255,1295,211336,64,322674
40875,0.049585,172.217.194.0-255,5738,217074,64,322674
40876,0.049594,172.31.40.0-255,66,217140,64,322674
40877,0.050111,104.244.42.0-255,66,217206,64,322674
40878,0.050162,104.244.42.0-255,66,217272,64,322674
40879,0.050218,104.244.42.0-255,66,217338,64,322674
40880,0.052184,172.217.194.0-255,5738,223076,64,322674
40881,0.0522,172.31.40.0-255,66,223142,64,322674
40882,0.05485,172.217.194.0-255,5738,228880,64,322674
40883,0.05487,172.31.40.0-255,66,228946,64,322674
40884,0.057463,172.217.194.0-255,5738,234684,64,322674
40885,0.057481,172.31.40.0-255,66,234750,64,322674
40886,0.060068,172.217.194.0-255,5738,240488,64,322674
40887,0.060086,172.31.40.0-255,66,240554,64,322674
40888,0.062685,172.217.194.0-255,5738,246292,64,322674
40889,0.062704,172.31.40.0-255,66,246358,64,322674
40890,0.065328,172.217.194.0-255,5738,252096,64,322674
40891,0.065347,172.31.40.0-255,66,252162,64,322674
40892,0.067955,172.217.194.0-255,5738,257900,64,322674
40893,0.067974,172.31.40.0-255,66,257966,64,322674
40894,0.070597,172.217.194.0-255,5738,263704,64,322674
40895,0.070616,172.31.40.0-255,66,263770,64,322674
40896,0.073214,172.217.194.0-255,5738,269508,64,322674
40897,0.073228,172.31.40.0-255,66,269574,64,322674
40898,0.075818,172.217.194.0-255,5738,275312,64,322674
40899,0.075827,172.31.40.0-255,66,275378,64,322674
40900,0.078409,172.217.194.0-255,5738,281116,64,322674
40901,0.078418,172.31.40.0-255,66,281182,64,322674
40902,0.081033,172.217.194.0-255,5738,286920,64,322674
40903,0.081042,172.31.40.0-255,66,286986,64,322674
40904,0.083671,172.217.194.0-255,5738,292724,64,322674
40905,0.08368,172.31.40.0-255,66,292790,64,322674
40906,0.086267,172.217.194.0-255,5738,298528,64,322674
40907,0.086273,172.31.40.0-255,66,298594,64,322674
40908,0.088873,172.217.194.0-255,5738,304332,64,322674
40909,0.08888,172.31.40.0-255,66,304398,64,322674
40910,0.091497,172.217.194.0-255,5738,310136,64,322674
40911,0.091503,172.31.40.0-255,66,310202,64,322674
40912,0.094104,172.217.194.0-255,5738,315940,64,322674
40913,0.094111,172.31.40.0-255,66,316006,64,322674
40914,0.096692,172.217.194.0-255,5738,321744,64,322674
40915,0.096699,172.31.40.0-255,66,321810,64,322674
40916,0.099274,172.217.194.0-255,693,322503,64,322674
40917,0.099408,172.31.40.0-255,66,322569,64,322674
40918,0.099447,172.31.40.0-255,105,322674,64,322674
40919,0.0,74.125.200.0-255,152,152,64,377429
40920,2e-05,172.31.40.0-255,66,218,64,377429
40921,2.6e-05,74.125.200.0-255,1484,1702,64,377429
40922,3e-05,172.31.40.0-255,66,1768,64,377429
40923,4.5e-05,74.125.200.0-255,2902,4670,64,377429
40924,4.9e-05,172.31.40.0-255,66,4736,64,377429
40925,5.6e-05,74.125.200.0-255,7156,11892,64,377429
40926,6e-05,172.31.40.0-255,66,11958,64,377429
40927,6.5e-05,74.125.200.0-255,3429,15387,64,377429
40928,6.9e-05,172.31.40.0-255,66,15453,64,377429
40929,7.5e-05,74.125.200.0-255,4320,19773,64,377429
40930,7.8e-05,172.31.40.0-255,66,19839,64,377429
40931,0.000131,172.31.40.0-255,66,19905,64,377429
40932,0.000134,74.125.200.0-255,1125,21030,64,377429
40933,0.000136,172.31.40.0-255,66,21096,64,377429
40934,0.000248,74.125.200.0-255,1484,22580,64,377429
40935,0.000251,172.31.40.0-255,66,22646,64,377429
40936,0.000256,74.125.200.0-255,1484,24130,64,377429
40937,0.000258,172.31.40.0-255,66,24196,64,377429
40938,0.000287,74.125.200.0-255,2902,27098,64,377429
40939,0.000291,172.31.40.0-255,66,27164,64,377429
40940,0.000297,74.125.200.0-255,5738,32902,64,377429
40941,0.000299,172.31.40.0-255,66,32968,64,377429
40942,0.000327,74.125.200.0-255,6797,39765,64,377429
40943,0.00033,172.31.40.0-255,66,39831,64,377429
40944,0.000369,74.125.200.0-255,7156,46987,64,377429
40945,0.000372,172.31.40.0-255,66,47053,64,377429
40946,0.000379,74.125.200.0-255,5738,52791,64,377429
40947,0.000381,172.31.40.0-255,66,52857,64,377429
40948,0.000405,74.125.200.0-255,1484,54341,64,377429
40949,0.000407,172.31.40.0-255,66,54407,64,377429
40950,0.000438,74.125.200.0-255,1434,55841,64,377429
40951,0.000442,74.125.200.0-255,110,55951,64,377429
40952,0.000445,74.125.200.0-255,333,56284,64,377429
40953,0.000447,172.31.40.0-255,66,56350,64,377429
40954,0.000669,74.125.200.0-255,1484,57834,64,377429
40955,0.000673,74.125.200.0-255,1484,59318,64,377429
40956,0.000678,172.31.40.0-255,66,59384,64,377429
40957,0.000706,74.125.200.0-255,1484,60868,64,377429
40958,0.000714,74.125.200.0-255,5738,66606,64,377429
40959,0.000717,172.31.40.0-255,66,66672,64,377429
40960,0.00072,74.125.200.0-255,1484,68156,64,377429
40961,0.000751,172.31.40.0-255,66,68222,64,377429
40962,0.000783,74.125.200.0-255,4320,72542,64,377429
40963,0.000787,172.31.40.0-255,66,72608,64,377429
40964,0.000809,74.125.200.0-255,7156,79764,64,377429
40965,0.000812,172.31.40.0-255,66,79830,64,377429
40966,0.000816,74.125.200.0-255,2184,82014,64,377429
40967,0.000818,172.31.40.0-255,66,82080,64,377429
40968,0.000853,172.31.40.0-255,101,82181,64,377429
40969,0.001667,74.125.200.0-255,1484,83665,64,377429
40970,0.001677,74.125.200.0-255,2902,86567,64,377429
40971,0.001681,172.31.40.0-255,66,86633,64,377429
40972,0.001709,74.125.200.0-255,5738,92371,64,377429
40973,0.001712,172.31.40.0-255,66,92437,64,377429
40974,0.001717,74.125.200.0-255,2902,95339,64,377429
40975,0.001718,172.31.40.0-255,66,95405,64,377429
40976,0.001747,74.125.200.0-255,5738,101143,64,377429
40977,0.00175,172.31.40.0-255,66,101209,64,377429
40978,0.001765,172.31.40.0-255,66,101275,64,377429
40979,0.001771,74.125.200.0-255,5020,106295,64,377429
40980,0.001774,172.31.40.0-255,66,106361,64,377429
40981,0.001892,74.125.200.0-255,1484,107845,64,377429
40982,0.0019,74.125.200.0-255,2902,110747,64,377429
40983,0.001903,172.31.40.0-255,66,110813,64,377429
40984,0.001932,74.125.200.0-255,5738,116551,64,377429
40985,0.001935,172.31.40.0-255,66,116617,64,377429
40986,0.001942,74.125.200.0-255,7156,123773,64,377429
40987,0.001944,172.31.40.0-255,66,123839,64,377429
40988,0.001967,74.125.200.0-255,1484,125323,64,377429
40989,0.002,172.31.40.0-255,66,125389,64,377429
40990,0.002004,74.125.200.0-255,2184,127573,64,377429
40991,0.002006,172.31.40.0-255,66,127639,64,377429
40992,0.0028,74.125.200.0-255,66,127705,64,377429
40993,0.003972,74.125.200.0-255,2902,130607,64,377429
40994,0.003977,172.31.40.0-255,66,130673,64,377429
40995,0.004024,74.125.200.0-255,2902,133575,64,377429
40996,0.004026,172.31.40.0-255,66,133641,64,377429
40997,0.005958,74.125.200.0-255,2902,136543,64,377429
40998,0.005964,172.31.40.0-255,66,136609,64,377429
40999,0.006004,74.125.200.0-255,2902,139511,64,377429
41000,0.006007,172.31.40.0-255,66,139577,64,377429
41001,0.007947,74.125.200.0-255,2902,142479,64,377429
41002,0.007951,172.31.40.0-255,66,142545,64,377429
41003,0.007976,74.125.200.0-255,2902,145447,64,377429
41004,0.007979,172.31.40.0-255,66,145513,64,377429
41005,0.009928,74.125.200.0-255,2902,148415,64,377429
41006,0.009935,172.31.40.0-255,66,148481,64,377429
41007,0.009967,74.125.200.0-255,2902,151383,64,377429
41008,0.009969,172.31.40.0-255,66,151449,64,377429
41009,0.011911,74.125.200.0-255,2902,154351,64,377429
41010,0.011918,172.31.40.0-255,66,154417,64,377429
41011,0.011948,74.125.200.0-255,2902,157319,64,377429
41012,0.011951,172.31.40.0-255,66,157385,64,377429
41013,0.013902,74.125.200.0-255,2902,160287,64,377429
41014,0.013909,172.31.40.0-255,66,160353,64,377429
41015,0.01394,74.125.200.0-255,2902,163255,64,377429
41016,0.013944,172.31.40.0-255,66,163321,64,377429
41017,0.015803,172.31.40.0-255,105,163426,64,377429
41018,0.015896,74.125.200.0-255,2902,166328,64,377429
41019,0.015901,172.31.40.0-255,66,166394,64,377429
41020,0.015931,74.125.200.0-255,2902,169296,64,377429
41021,0.015934,172.31.40.0-255,66,169362,64,377429
41022,0.015987,172.31.40.0-255,90,169452,64,377429
41023,0.015996,172.31.40.0-255,66,169518,64,377429
41024,0.017888,74.125.200.0-255,2902,172420,64,377429
41025,0.017896,172.31.40.0-255,66,172486,64,377429
41026,0.017927,74.125.200.0-255,2902,175388,64,377429
41027,0.017929,172.31.40.0-255,66,175454,64,377429
41028,0.018312,74.125.68.0-255,66,175520,64,377429
41029,0.018332,74.125.68.0-255,66,175586,64,377429
41030,0.018337,172.31.40.0-255,66,175652,64,377429
41031,0.01989,74.125.200.0-255,2902,178554,64,377429
41032,0.019897,172.31.40.0-255,66,178620,64,377429
41033,0.019925,74.125.200.0-255,2902,181522,64,377429
41034,0.019928,172.31.40.0-255,66,181588,64,377429
41035,0.021897,74.125.200.0-255,2902,184490,64,377429
41036,0.021904,172.31.40.0-255,66,184556,64,377429
41037,0.021934,74.125.200.0-255,2902,187458,64,377429
41038,0.021937,172.31.40.0-255,66,187524,64,377429
41039,0.023889,74.125.200.0-255,2902,190426,64,377429
41040,0.023895,172.31.40.0-255,66,190492,64,377429
41041,0.023923,74.125.200.0-255,2902,193394,64,377429
41042,0.023927,172.31.40.0-255,66,193460,64,377429
41043,0.025351,172.31.40.0-255,172,193632,64,377429
41044,0.025383,172.31.40.0-255,1108,194740,64,377429
41045,0.025443,172.31.40.0-255,1514,196254,64,377429
41046,0.025445,172.31.40.0-255,337,196591,64,377429
41047,0.025876,74.125.200.0-255,2902,199493,64,377429
41048,0.025883,172.31.40.0-255,66,199559,64,377429
41049,0.025916,74.125.200.0-255,2902,202461,64,377429
41050,0.02592,172.31.40.0-255,66,202527,64,377429
41051,0.026952,104.244.42.0-255,66,202593,64,377429
41052,0.026981,104.244.42.0-255,66,202659,64,377429
41053,0.027024,104.244.42.0-255,66,202725,64,377429
41054,0.027879,74.125.200.0-255,2902,205627,64,377429
41055,0.027885,172.31.40.0-255,66,205693,64,377429
41056,0.027915,74.125.200.0-255,2902,208595,64,377429
41057,0.027918,172.31.40.0-255,66,208661,64,377429
41058,0.029863,74.125.200.0-255,2902,211563,64,377429
41059,0.029878,172.31.40.0-255,66,211629,64,377429
41060,0.029913,74.125.200.0-255,2902,214531,64,377429
41061,0.029918,172.31.40.0-255,66,214597,64,377429
41062,0.031879,74.125.200.0-255,2902,217499,64,377429
41063,0.031893,172.31.40.0-255,66,217565,64,377429
41064,0.031925,74.125.200.0-255,2902,220467,64,377429
41065,0.031928,172.31.40.0-255,66,220533,64,377429
41066,0.033886,74.125.200.0-255,2902,223435,64,377429
41067,0.0339,172.31.40.0-255,66,223501,64,377429
41068,0.03393,74.125.200.0-255,2902,226403,64,377429
41069,0.033934,172.31.40.0-255,66,226469,64,377429
41070,0.035908,74.125.200.0-255,4320,230789,64,377429
41071,0.035925,172.31.40.0-255,66,230855,64,377429
41072,0.035957,74.125.200.0-255,1484,232339,64,377429
41073,0.037942,74.125.200.0-255,4320,236659,64,377429
41074,0.037957,172.31.40.0-255,66,236725,64,377429
41075,0.039974,74.125.200.0-255,5738,242463,64,377429
41076,0.039988,172.31.40.0-255,66,242529,64,377429
41077,0.041993,74.125.200.0-255,5738,248267,64,377429
41078,0.042008,172.31.40.0-255,66,248333,64,377429
41079,0.044028,74.125.200.0-255,5738,254071,64,377429
41080,0.044045,172.31.40.0-255,66,254137,64,377429
41081,0.04605,74.125.200.0-255,5738,259875,64,377429
41082,0.046067,172.31.40.0-255,66,259941,64,377429
41083,0.048073,74.125.200.0-255,5738,265679,64,377429
41084,0.048089,172.31.40.0-255,66,265745,64,377429
41085,0.050085,74.125.200.0-255,5738,271483,64,377429
41086,0.0501,172.31.40.0-255,66,271549,64,377429
41087,0.052085,74.125.200.0-255,5738,277287,64,377429
41088,0.052095,172.31.40.0-255,66,277353,64,377429
41089,0.054112,74.125.200.0-255,5738,283091,64,377429
41090,0.054128,172.31.40.0-255,66,283157,64,377429
41091,0.056141,74.125.200.0-255,5738,288895,64,377429
41092,0.056156,172.31.40.0-255,66,288961,64,377429
41093,0.058158,74.125.200.0-255,5738,294699,64,377429
41094,0.058173,172.31.40.0-255,66,294765,64,377429
41095,0.060181,74.125.200.0-255,5738,300503,64,377429
41096,0.060191,172.31.40.0-255,66,300569,64,377429
41097,0.062205,74.125.200.0-255,5738,306307,64,377429
41098,0.062212,172.31.40.0-255,66,306373,64,377429
41099,0.064206,74.125.200.0-255,5738,312111,64,377429
41100,0.064212,172.31.40.0-255,66,312177,64,377429
41101,0.066209,74.125.200.0-255,5738,317915,64,377429
41102,0.066215,172.31.40.0-255,66,317981,64,377429
41103,0.068242,74.125.200.0-255,5738,323719,64,377429
41104,0.068249,172.31.40.0-255,66,323785,64,377429
41105,0.070241,74.125.200.0-255,5738,329523,64,377429
41106,0.070249,172.31.40.0-255,66,329589,64,377429
41107,0.072241,74.125.200.0-255,5738,335327,64,377429
41108,0.072247,172.31.40.0-255,66,335393,64,377429
41109,0.07424,74.125.200.0-255,5738,341131,64,377429
41110,0.07425,172.31.40.0-255,66,341197,64,377429
41111,0.076246,74.125.200.0-255,5738,346935,64,377429
41112,0.076252,172.31.40.0-255,66,347001,64,377429
41113,0.078243,74.125.200.0-255,5738,352739,64,377429
41114,0.07825,172.31.40.0-255,66,352805,64,377429
41115,0.08025,74.125.200.0-255,5738,358543,64,377429
41116,0.080257,172.31.40.0-255,66,358609,64,377429
41117,0.082234,74.125.200.0-255,5738,364347,64,377429
41118,0.082241,172.31.40.0-255,66,364413,64,377429
41119,0.084237,74.125.200.0-255,5738,370151,64,377429
41120,0.084244,172.31.40.0-255,66,370217,64,377429
41121,0.086242,74.125.200.0-255,5738,375955,64,377429
41122,0.08625,172.31.40.0-255,66,376021,64,377429
41123,0.088236,74.125.200.0-255,1237,377258,64,377429
41124,0.088396,172.31.40.0-255,105,377363,64,377429
41125,0.09419,74.125.200.0-255,66,377429,64,377429
41126,0.0,74.125.24.0-255,146,146,64,265048
41127,1.4e-05,172.31.40.0-255,66,212,64,265048
41128,2e-05,74.125.24.0-255,1484,1696,64,265048
41129,2.4e-05,172.31.40.0-255,66,1762,64,265048
41130,3e-05,74.125.24.0-255,2902,4664,64,265048
41131,3.3e-05,172.31.40.0-255,66,4730,64,265048
41132,3.9e-05,74.125.24.0-255,4320,9050,64,265048
41133,4.2e-05,172.31.40.0-255,66,9116,64,265048
41134,6.7e-05,74.125.24.0-255,2902,12018,64,265048
41135,6.9e-05,172.31.40.0-255,66,12084,64,265048
41136,8.1e-05,172.31.40.0-255,66,12150,64,265048
41137,0.000114,74.125.24.0-255,2902,15052,64,265048
41138,0.000116,172.31.40.0-255,66,15118,64,265048
41139,0.000129,74.125.24.0-255,5379,20497,64,265048
41140,0.000131,172.31.40.0-255,66,20563,64,265048
41141,0.000165,74.125.24.0-255,4320,24883,64,265048
41142,0.000168,172.31.40.0-255,66,24949,64,265048
41143,0.000189,74.125.24.0-255,5738,30687,64,265048
41144,0.000191,172.31.40.0-255,66,30753,64,265048
41145,0.0002,172.31.40.0-255,66,30819,64,265048
41146,0.000214,74.125.24.0-255,2902,33721,64,265048
41147,0.000216,172.31.40.0-255,66,33787,64,265048
41148,0.000239,74.125.24.0-255,4320,38107,64,265048
41149,0.000241,172.31.40.0-255,66,38173,64,265048
41150,0.000263,172.31.40.0-255,66,38239,64,265048
41151,0.000265,74.125.24.0-255,401,38640,64,265048
41152,0.000267,172.31.40.0-255,66,38706,64,265048
41153,0.000285,74.125.24.0-255,374,39080,64,265048
41154,0.000287,172.31.40.0-255,66,39146,64,265048
41155,0.000645,74.125.24.0-255,1484,40630,64,265048
41156,0.000661,74.125.24.0-255,2902,43532,64,265048
41157,0.000664,172.31.40.0-255,66,43598,64,265048
41158,0.000669,74.125.24.0-255,2902,46500,64,265048
41159,0.000671,172.31.40.0-255,66,46566,64,265048
41160,0.000682,74.125.24.0-255,1484,48050,64,265048
41161,0.000708,74.125.24.0-255,5738,53788,64,265048
41162,0.000711,172.31.40.0-255,66,53854,64,265048
41163,0.000715,74.125.24.0-255,2902,56756,64,265048
41164,0.000717,172.31.40.0-255,66,56822,64,265048
41165,0.000737,172.31.40.0-255,66,56888,64,265048
41166,0.000761,74.125.24.0-255,2902,59790,64,265048
41167,0.000764,172.31.40.0-255,66,59856,64,265048
41168,0.000768,74.125.24.0-255,3602,63458,64,265048
41169,0.000771,172.31.40.0-255,66,63524,64,265048
41170,0.000951,74.125.24.0-255,1484,65008,64,265048
41171,0.000964,74.125.24.0-255,2902,67910,64,265048
41172,0.000968,172.31.40.0-255,66,67976,64,265048
41173,0.00099,74.125.24.0-255,5738,73714,64,265048
41174,0.000992,172.31.40.0-255,66,73780,64,265048
41175,0.000996,74.125.24.0-255,2902,76682,64,265048
41176,0.000998,172.31.40.0-255,66,76748,64,265048
41177,0.001024,172.31.40.0-255,66,76814,64,265048
41178,0.001028,74.125.24.0-255,4320,81134,64,265048
41179,0.00103,172.31.40.0-255,66,81200,64,265048
41180,0.001052,74.125.24.0-255,6438,87638,64,265048
41181,0.001055,172.31.40.0-255,66,87704,64,265048
41182,0.00113,74.125.24.0-255,1484,89188,64,265048
41183,0.001134,74.125.24.0-255,1484,90672,64,265048
41184,0.001136,172.31.40.0-255,66,90738,64,265048
41185,0.001154,74.125.24.0-255,1484,92222,64,265048
41186,0.00116,74.125.24.0-255,5738,97960,64,265048
41187,0.001162,172.31.40.0-255,66,98026,64,265048
41188,0.001199,172.31.40.0-255,66,98092,64,265048
41189,0.001201,74.125.24.0-255,1484,99576,64,265048
41190,0.001232,74.125.24.0-255,2902,102478,64,265048
41191,0.001235,172.31.40.0-255,66,102544,64,265048
41192,0.001252,74.125.24.0-255,6438,108982,64,265048
41193,0.001256,172.31.40.0-255,66,109048,64,265048
41194,0.001294,74.125.24.0-255,1484,110532,64,265048
41195,0.001315,74.125.24.0-255,2902,113434,64,265048
41196,0.001319,172.31.40.0-255,66,113500,64,265048
41197,0.001326,74.125.24.0-255,5738,119238,64,265048
41198,0.001329,172.31.40.0-255,66,119304,64,265048
41199,0.001331,74.125.24.0-255,1484,120788,64,265048
41200,0.001357,74.125.24.0-255,4320,125108,64,265048
41201,0.00136,172.31.40.0-255,66,125174,64,265048
41202,0.001367,74.125.24.0-255,7156,132330,64,265048
41203,0.00137,172.31.40.0-255,66,132396,64,265048
41204,0.001384,74.125.24.0-255,1484,133880,64,265048
41205,0.001422,172.31.40.0-255,66,133946,64,265048
41206,0.001469,74.125.24.0-255,1484,135430,64,265048
41207,0.001473,74.125.24.0-255,1484,136914,64,265048
41208,0.001475,172.31.40.0-255,66,136980,64,265048
41209,0.001495,74.125.24.0-255,1484,138464,64,265048
41210,0.0015,74.125.24.0-255,5738,144202,64,265048
41211,0.001504,172.31.40.0-255,66,144268,64,265048
41212,0.001518,74.125.24.0-255,7156,151424,64,265048
41213,0.001522,172.31.40.0-255,66,151490,64,265048
41214,0.001542,74.125.24.0-255,5738,157228,64,265048
41215,0.001562,172.31.40.0-255,66,157294,64,265048
41216,0.001573,74.125.24.0-255,766,158060,64,265048
41217,0.001617,74.125.24.0-255,1484,159544,64,265048
41218,0.001656,172.31.40.0-255,66,159610,64,265048
41219,0.001679,74.125.24.0-255,4320,163930,64,265048
41220,0.00169,74.125.24.0-255,1484,165414,64,265048
41221,0.001719,172.31.40.0-255,66,165480,64,265048
41222,0.001737,74.125.24.0-255,1484,166964,64,265048
41223,0.001761,74.125.24.0-255,6438,173402,64,265048
41224,0.001767,172.31.40.0-255,66,173468,64,265048
41225,0.001876,74.125.24.0-255,1484,174952,64,265048
41226,0.001883,74.125.24.0-255,2902,177854,64,265048
41227,0.0019,74.125.24.0-255,2902,180756,64,265048
41228,0.001918,74.125.24.0-255,2902,183658,64,265048
41229,0.001924,74.125.24.0-255,5738,189396,64,265048
41230,0.001947,74.125.24.0-255,7156,196552,64,265048
41231,0.002053,74.125.24.0-255,1484,198036,64,265048
41232,0.002068,74.125.24.0-255,1484,199520,64,265048
41233,0.002094,74.125.24.0-255,1484,201004,64,265048
41234,0.002101,74.125.24.0-255,5738,206742,64,265048
41235,0.002104,74.125.24.0-255,1484,208226,64,265048
41236,0.002108,74.125.24.0-255,2902,211128,64,265048
41237,0.002133,74.125.24.0-255,5738,216866,64,265048
41238,0.002175,74.125.24.0-255,3602,220468,64,265048
41239,0.002177,74.125.24.0-255,1484,221952,64,265048
41240,0.002191,74.125.24.0-255,1484,223436,64,265048
41241,0.002194,74.125.24.0-255,1484,224920,64,265048
41242,0.002227,74.125.24.0-255,2902,227822,64,265048
41243,0.002229,74.125.24.0-255,1484,229306,64,265048
41244,0.002249,74.125.24.0-255,3602,232908,64,265048
41245,0.002267,74.125.24.0-255,2902,235810,64,265048
41246,0.002289,74.125.24.0-255,1484,237294,64,265048
41247,0.002302,74.125.24.0-255,1484,238778,64,265048
41248,0.002305,74.125.24.0-255,1484,240262,64,265048
41249,0.002326,74.125.24.0-255,7156,247418,64,265048
41250,0.002348,74.125.24.0-255,5738,253156,64,265048
41251,0.002355,74.125.24.0-255,5020,258176,64,265048
41252,0.002399,74.125.24.0-255,3206,261382,64,265048
41253,0.002451,74.125.24.0-255,105,261487,64,265048
41254,0.005435,172.31.40.0-255,66,261553,64,265048
41255,0.007947,172.31.40.0-255,105,261658,64,265048
41256,0.009984,74.125.24.0-255,66,261724,64,265048
41257,0.052391,172.31.40.0-255,167,261891,64,265048
41258,0.052426,172.31.40.0-255,1108,262999,64,265048
41259,0.052487,172.31.40.0-255,1514,264513,64,265048
41260,0.052489,172.31.40.0-255,337,264850,64,265048
41261,0.053988,104.244.42.0-255,66,264916,64,265048
41262,0.054024,104.244.42.0-255,66,264982,64,265048
41263,0.054091,104.244.42.0-255,66,265048,64,265048
41264,0.0,74.125.200.0-255,153,153,64,367724
41265,2.2e-05,172.31.40.0-255,66,219,64,367724
41266,2.8e-05,74.125.200.0-255,1484,1703,64,367724
41267,3.3e-05,172.31.40.0-255,66,1769,64,367724
41268,3.9e-05,74.125.200.0-255,2902,4671,64,367724
41269,4.2e-05,172.31.40.0-255,66,4737,64,367724
41270,5e-05,74.125.200.0-255,7156,11893,64,367724
41271,5.4e-05,172.31.40.0-255,66,11959,64,367724
41272,8.1e-05,74.125.200.0-255,1938,13897,64,367724
41273,8.4e-05,172.31.40.0-255,66,13963,64,367724
41274,9.7e-05,74.125.200.0-255,1484,15447,64,367724
41275,0.0001,172.31.40.0-255,66,15513,64,367724
41276,0.000126,74.125.200.0-255,2902,18415,64,367724
41277,0.000129,172.31.40.0-255,66,18481,64,367724
41278,0.000135,74.125.200.0-255,5738,24219,64,367724
41279,0.000137,172.31.40.0-255,66,24285,64,367724
41280,0.000142,74.125.200.0-255,2902,27187,64,367724
41281,0.000144,172.31.40.0-255,66,27253,64,367724
41282,0.000168,74.125.200.0-255,3961,31214,64,367724
41283,0.00017,172.31.40.0-255,66,31280,64,367724
41284,0.000413,74.125.200.0-255,1484,32764,64,367724
41285,0.000419,172.31.40.0-255,66,32830,64,367724
41286,0.00044,74.125.200.0-255,1484,34314,64,367724
41287,0.000443,172.31.40.0-255,66,34380,64,367724
41288,0.00046,74.125.200.0-255,1484,35864,64,367724
41289,0.000462,172.31.40.0-255,66,35930,64,367724
41290,0.000465,74.125.200.0-255,1484,37414,64,367724
41291,0.000468,172.31.40.0-255,66,37480,64,367724
41292,0.000472,74.125.200.0-255,2902,40382,64,367724
41293,0.000474,172.31.40.0-255,66,40448,64,367724
41294,0.000479,74.125.200.0-255,2902,43350,64,367724
41295,0.000482,172.31.40.0-255,66,43416,64,367724
41296,0.000516,74.125.200.0-255,2902,46318,64,367724
41297,0.00052,172.31.40.0-255,66,46384,64,367724
41298,0.000525,74.125.200.0-255,3961,50345,64,367724
41299,0.000527,172.31.40.0-255,66,50411,64,367724
41300,0.000532,74.125.200.0-255,4320,54731,64,367724
41301,0.000535,172.31.40.0-255,66,54797,64,367724
41302,0.000564,172.31.40.0-255,66,54863,64,367724
41303,0.000567,74.125.200.0-255,1125,55988,64,367724
41304,0.000603,74.125.200.0-255,414,56402,64,367724
41305,0.000639,74.125.200.0-255,329,56731,64,367724
41306,0.000642,172.31.40.0-255,66,56797,64,367724
41307,0.000995,74.125.200.0-255,1484,58281,64,367724
41308,0.001001,74.125.200.0-255,2902,61183,64,367724
41309,0.001004,172.31.40.0-255,66,61249,64,367724
41310,0.00103,74.125.200.0-255,4320,65569,64,367724
41311,0.001032,172.31.40.0-255,66,65635,64,367724
41312,0.001061,172.31.40.0-255,66,65701,64,367724
41313,0.001067,74.125.200.0-255,4320,70021,64,367724
41314,0.001069,172.31.40.0-255,66,70087,64,367724
41315,0.001096,74.125.200.0-255,4320,74407,64,367724
41316,0.001099,172.31.40.0-255,66,74473,64,367724
41317,0.001126,74.125.200.0-255,4320,78793,64,367724
41318,0.001129,172.31.40.0-255,66,78859,64,367724
41319,0.001155,74.125.200.0-255,3602,82461,64,367724
41320,0.001159,172.31.40.0-255,66,82527,64,367724
41321,0.00133,74.125.200.0-255,1484,84011,64,367724
41322,0.001345,74.125.200.0-255,2902,86913,64,367724
41323,0.001348,172.31.40.0-255,66,86979,64,367724
41324,0.001367,74.125.200.0-255,4320,91299,64,367724
41325,0.00137,172.31.40.0-255,66,91365,64,367724
41326,0.001393,74.125.200.0-255,1484,92849,64,367724
41327,0.001416,74.125.200.0-255,4320,97169,64,367724
41328,0.001419,172.31.40.0-255,66,97235,64,367724
41329,0.001423,74.125.200.0-255,1484,98719,64,367724
41330,0.001449,74.125.200.0-255,4320,103039,64,367724
41331,0.001452,172.31.40.0-255,66,103105,64,367724
41332,0.001459,74.125.200.0-255,7156,110261,64,367724
41333,0.001462,172.31.40.0-255,66,110327,64,367724
41334,0.001491,74.125.200.0-255,2902,113229,64,367724
41335,0.001494,172.31.40.0-255,66,113295,64,367724
41336,0.001507,74.125.200.0-255,3602,116897,64,367724
41337,0.00151,172.31.40.0-255,66,116963,64,367724
41338,0.003755,74.125.200.0-255,1484,118447,64,367724
41339,0.003781,74.125.200.0-255,4320,122767,64,367724
41340,0.003785,172.31.40.0-255,66,122833,64,367724
41341,0.006053,74.125.200.0-255,5738,128571,64,367724
41342,0.006057,172.31.40.0-255,66,128637,64,367724
41343,0.008334,74.125.200.0-255,5738,134375,64,367724
41344,0.008341,172.31.40.0-255,66,134441,64,367724
41345,0.010624,74.125.200.0-255,4320,138761,64,367724
41346,0.010632,172.31.40.0-255,66,138827,64,367724
41347,0.010654,74.125.200.0-255,1484,140311,64,367724
41348,0.012922,74.125.200.0-255,4320,144631,64,367724
41349,0.012934,172.31.40.0-255,66,144697,64,367724
41350,0.01521,74.125.200.0-255,5738,150435,64,367724
41351,0.015216,172.31.40.0-255,66,150501,64,367724
41352,0.017495,74.125.200.0-255,5738,156239,64,367724
41353,0.017504,172.31.40.0-255,66,156305,64,367724
41354,0.019785,74.125.200.0-255,5738,162043,64,367724
41355,0.019792,172.31.40.0-255,66,162109,64,367724
41356,0.022071,74.125.200.0-255,5738,167847,64,367724
41357,0.022081,172.31.40.0-255,66,167913,64,367724
41358,0.024364,74.125.200.0-255,5738,173651,64,367724
41359,0.02437,172.31.40.0-255,66,173717,64,367724
41360,0.025853,172.31.40.0-255,172,173889,64,367724
41361,0.025885,172.31.40.0-255,1111,175000,64,367724
41362,0.02595,172.31.40.0-255,1514,176514,64,367724
41363,0.025952,172.31.40.0-255,1514,178028,64,367724
41364,0.025959,172.31.40.0-255,1514,179542,64,367724
41365,0.02596,172.31.40.0-255,1514,181056,64,367724
41366,0.026082,172.31.40.0-255,478,181534,64,367724
41367,0.026641,74.125.200.0-255,2902,184436,64,367724
41368,0.026648,172.31.40.0-255,66,184502,64,367724
41369,0.026667,74.125.200.0-255,2902,187404,64,367724
41370,0.02667,172.31.40.0-255,66,187470,64,367724
41371,0.027451,104.244.42.0-255,66,187536,64,367724
41372,0.027475,104.244.42.0-255,66,187602,64,367724
41373,0.027611,104.244.42.0-255,66,187668,64,367724
41374,0.027623,104.244.42.0-255,66,187734,64,367724
41375,0.02892,74.125.200.0-255,1484,189218,64,367724
41376,0.028946,74.125.200.0-255,4320,193538,64,367724
41377,0.028951,172.31.40.0-255,66,193604,64,367724
41378,0.031243,74.125.200.0-255,5738,199342,64,367724
41379,0.031249,172.31.40.0-255,66,199408,64,367724
41380,0.033528,74.125.200.0-255,5738,205146,64,367724
41381,0.033534,172.31.40.0-255,66,205212,64,367724
41382,0.035808,74.125.200.0-255,5738,210950,64,367724
41383,0.035813,172.31.40.0-255,66,211016,64,367724
41384,0.038101,74.125.200.0-255,5738,216754,64,367724
41385,0.038107,172.31.40.0-255,66,216820,64,367724
41386,0.040388,74.125.200.0-255,5738,222558,64,367724
41387,0.040395,172.31.40.0-255,66,222624,64,367724
41388,0.042683,74.125.200.0-255,5738,228362,64,367724
41389,0.04269,172.31.40.0-255,66,228428,64,367724
41390,0.044981,74.125.200.0-255,5738,234166,64,367724
41391,0.044987,172.31.40.0-255,66,234232,64,367724
41392,0.047298,74.125.200.0-255,5738,239970,64,367724
41393,0.047316,172.31.40.0-255,66,240036,64,367724
41394,0.049623,74.125.200.0-255,5738,245774,64,367724
41395,0.049638,172.31.40.0-255,66,245840,64,367724
41396,0.051934,74.125.200.0-255,5738,251578,64,367724
41397,0.05195,172.31.40.0-255,66,251644,64,367724
41398,0.054239,74.125.200.0-255,5738,257382,64,367724
41399,0.054248,172.31.40.0-255,66,257448,64,367724
41400,0.056548,74.125.200.0-255,5738,263186,64,367724
41401,0.056564,172.31.40.0-255,66,263252,64,367724
41402,0.058866,74.125.200.0-255,5738,268990,64,367724
41403,0.058883,172.31.40.0-255,66,269056,64,367724
41404,0.061178,74.125.200.0-255,5738,274794,64,367724
41405,0.061195,172.31.40.0-255,66,274860,64,367724
41406,0.063502,74.125.200.0-255,5738,280598,64,367724
41407,0.063518,172.31.40.0-255,66,280664,64,367724
41408,0.065845,74.125.200.0-255,5738,286402,64,367724
41409,0.06586,172.31.40.0-255,66,286468,64,367724
41410,0.068154,74.125.200.0-255,5738,292206,64,367724
41411,0.068169,172.31.40.0-255,66,292272,64,367724
41412,0.070468,74.125.200.0-255,5738,298010,64,367724
41413,0.070484,172.31.40.0-255,66,298076,64,367724
41414,0.072785,74.125.200.0-255,5738,303814,64,367724
41415,0.072801,172.31.40.0-255,66,303880,64,367724
41416,0.07513,74.125.200.0-255,5738,309618,64,367724
41417,0.075146,172.31.40.0-255,66,309684,64,367724
41418,0.07745,74.125.200.0-255,5738,315422,64,367724
41419,0.077465,172.31.40.0-255,66,315488,64,367724
41420,0.079762,74.125.200.0-255,5738,321226,64,367724
41421,0.079778,172.31.40.0-255,66,321292,64,367724
41422,0.082061,74.125.200.0-255,5738,327030,64,367724
41423,0.082077,172.31.40.0-255,66,327096,64,367724
41424,0.084373,74.125.200.0-255,5738,332834,64,367724
41425,0.084385,172.31.40.0-255,66,332900,64,367724
41426,0.086686,74.125.200.0-255,5738,338638,64,367724
41427,0.086704,172.31.40.0-255,66,338704,64,367724
41428,0.089022,74.125.200.0-255,5738,344442,64,367724
41429,0.08904,172.31.40.0-255,66,344508,64,367724
41430,0.091328,74.125.200.0-255,5738,350246,64,367724
41431,0.091345,172.31.40.0-255,66,350312,64,367724
41432,0.093624,74.125.200.0-255,5738,356050,64,367724
41433,0.09364,172.31.40.0-255,66,356116,64,367724
41434,0.095964,74.125.200.0-255,5738,361854,64,367724
41435,0.09598,172.31.40.0-255,66,361920,64,367724
41436,0.09827,74.125.200.0-255,5738,367658,64,367724
41437,0.098286,172.31.40.0-255,66,367724,64,367724
41438,0.0,74.125.200.0-255,153,153,64,289127
41439,2.3e-05,172.31.40.0-255,66,219,64,289127
41440,3.1e-05,74.125.200.0-255,1484,1703,64,289127
41441,3.5e-05,172.31.40.0-255,66,1769,64,289127
41442,4.1e-05,74.125.200.0-255,2902,4671,64,289127
41443,4.3e-05,172.31.40.0-255,66,4737,64,289127
41444,4.9e-05,74.125.200.0-255,4320,9057,64,289127
41445,5.3e-05,172.31.40.0-255,66,9123,64,289127
41446,0.000127,74.125.200.0-255,1484,10607,64,289127
41447,0.00013,172.31.40.0-255,66,10673,64,289127
41448,0.000154,74.125.200.0-255,3485,14158,64,289127
41449,0.000157,172.31.40.0-255,66,14224,64,289127
41450,0.000163,74.125.200.0-255,5738,19962,64,289127
41451,0.000166,172.31.40.0-255,66,20028,64,289127
41452,0.000173,74.125.200.0-255,7156,27184,64,289127
41453,0.000175,172.31.40.0-255,66,27250,64,289127
41454,0.000193,74.125.200.0-255,3961,31211,64,289127
41455,0.000195,172.31.40.0-255,66,31277,64,289127
41456,0.000211,74.125.200.0-255,1484,32761,64,289127
41457,0.000213,172.31.40.0-255,66,32827,64,289127
41458,0.00023,74.125.200.0-255,2902,35729,64,289127
41459,0.000233,172.31.40.0-255,66,35795,64,289127
41460,0.000239,74.125.200.0-255,5738,41533,64,289127
41461,0.000241,172.31.40.0-255,66,41599,64,289127
41462,0.000246,74.125.200.0-255,4320,45919,64,289127
41463,0.000249,172.31.40.0-255,66,45985,64,289127
41464,0.000267,74.125.200.0-255,2543,48528,64,289127
41465,0.000269,172.31.40.0-255,66,48594,64,289127
41466,0.000327,74.125.200.0-255,1484,50078,64,289127
41467,0.00033,172.31.40.0-255,66,50144,64,289127
41468,0.000333,74.125.200.0-255,1484,51628,64,289127
41469,0.000335,172.31.40.0-255,66,51694,64,289127
41470,0.000349,74.125.200.0-255,1484,53178,64,289127
41471,0.000354,74.125.200.0-255,2902,56080,64,289127
41472,0.000357,172.31.40.0-255,66,56146,64,289127
41473,0.000371,74.125.200.0-255,1484,57630,64,289127
41474,0.000378,74.125.200.0-255,4320,61950,64,289127
41475,0.000381,172.31.40.0-255,66,62016,64,289127
41476,0.000402,74.125.200.0-255,4256,66272,64,289127
41477,0.000405,172.31.40.0-255,66,66338,64,289127
41478,0.001181,74.125.200.0-255,128,66466,64,289127
41479,0.001189,74.125.200.0-255,350,66816,64,289127
41480,0.002959,74.125.200.0-255,2902,69718,64,289127
41481,0.002966,172.31.40.0-255,66,69784,64,289127
41482,0.005532,74.125.200.0-255,4320,74104,64,289127
41483,0.005535,172.31.40.0-255,66,74170,64,289127
41484,0.00555,74.125.200.0-255,1484,75654,64,289127
41485,0.008103,74.125.200.0-255,4320,79974,64,289127
41486,0.008111,172.31.40.0-255,66,80040,64,289127
41487,0.010698,74.125.200.0-255,5738,85778,64,289127
41488,0.010706,172.31.40.0-255,66,85844,64,289127
41489,0.013281,74.125.200.0-255,5738,91582,64,289127
41490,0.013292,172.31.40.0-255,66,91648,64,289127
41491,0.015858,74.125.200.0-255,5738,97386,64,289127
41492,0.015866,172.31.40.0-255,66,97452,64,289127
41493,0.018447,74.125.200.0-255,5738,103190,64,289127
41494,0.018456,172.31.40.0-255,66,103256,64,289127
41495,0.021033,74.125.200.0-255,5738,108994,64,289127
41496,0.021042,172.31.40.0-255,66,109060,64,289127
41497,0.023615,74.125.200.0-255,5738,114798,64,289127
41498,0.023624,172.31.40.0-255,66,114864,64,289127
41499,0.024543,172.31.40.0-255,172,115036,64,289127
41500,0.024575,172.31.40.0-255,1112,116148,64,289127
41501,0.024638,172.31.40.0-255,1514,117662,64,289127
41502,0.02464,172.31.40.0-255,1514,119176,64,289127
41503,0.024641,172.31.40.0-255,1514,120690,64,289127
41504,0.024668,172.31.40.0-255,1077,121767,64,289127
41505,0.026107,104.244.42.0-255,66,121833,64,289127
41506,0.026149,104.244.42.0-255,66,121899,64,289127
41507,0.026171,74.125.200.0-255,1484,123383,64,289127
41508,0.026189,104.244.42.0-255,66,123449,64,289127
41509,0.026193,104.244.42.0-255,66,123515,64,289127
41510,0.026199,74.125.200.0-255,4320,127835,64,289127
41511,0.026205,172.31.40.0-255,66,127901,64,289127
41512,0.028771,74.125.200.0-255,5738,133639,64,289127
41513,0.028778,172.31.40.0-255,66,133705,64,289127
41514,0.031337,74.125.200.0-255,5738,139443,64,289127
41515,0.031342,172.31.40.0-255,66,139509,64,289127
41516,0.033903,74.125.200.0-255,1484,140993,64,289127
41517,0.033922,74.125.200.0-255,4320,145313,64,289127
41518,0.033927,172.31.40.0-255,66,145379,64,289127
41519,0.036486,74.125.200.0-255,5738,151117,64,289127
41520,0.036491,172.31.40.0-255,66,151183,64,289127
41521,0.039063,74.125.200.0-255,5738,156921,64,289127
41522,0.03907,172.31.40.0-255,66,156987,64,289127
41523,0.041639,74.125.200.0-255,5738,162725,64,289127
41524,0.041644,172.31.40.0-255,66,162791,64,289127
41525,0.044213,74.125.200.0-255,5738,168529,64,289127
41526,0.04422,172.31.40.0-255,66,168595,64,289127
41527,0.046794,74.125.200.0-255,5738,174333,64,289127
41528,0.0468,172.31.40.0-255,66,174399,64,289127
41529,0.049375,74.125.200.0-255,5738,180137,64,289127
41530,0.049381,172.31.40.0-255,66,180203,64,289127
41531,0.051948,74.125.200.0-255,5738,185941,64,289127
41532,0.051955,172.31.40.0-255,66,186007,64,289127
41533,0.054515,74.125.200.0-255,5738,191745,64,289127
41534,0.05452,172.31.40.0-255,66,191811,64,289127
41535,0.057122,74.125.200.0-255,5738,197549,64,289127
41536,0.057128,172.31.40.0-255,66,197615,64,289127
41537,0.059689,74.125.200.0-255,5738,203353,64,289127
41538,0.059696,172.31.40.0-255,66,203419,64,289127
41539,0.062265,74.125.200.0-255,5738,209157,64,289127
41540,0.062271,172.31.40.0-255,66,209223,64,289127
41541,0.06484,74.125.200.0-255,5738,214961,64,289127
41542,0.064846,172.31.40.0-255,66,215027,64,289127
41543,0.067413,74.125.200.0-255,5738,220765,64,289127
41544,0.067419,172.31.40.0-255,66,220831,64,289127
41545,0.069987,74.125.200.0-255,5738,226569,64,289127
41546,0.069994,172.31.40.0-255,66,226635,64,289127
41547,0.072562,74.125.200.0-255,5738,232373,64,289127
41548,0.07257,172.31.40.0-255,66,232439,64,289127
41549,0.075132,74.125.200.0-255,5738,238177,64,289127
41550,0.075138,172.31.40.0-255,66,238243,64,289127
41551,0.077694,74.125.200.0-255,5738,243981,64,289127
41552,0.0777,172.31.40.0-255,66,244047,64,289127
41553,0.080271,74.125.200.0-255,4320,248367,64,289127
41554,0.080278,172.31.40.0-255,66,248433,64,289127
41555,0.080296,74.125.200.0-255,1484,249917,64,289127
41556,0.08285,74.125.200.0-255,4320,254237,64,289127
41557,0.082857,172.31.40.0-255,66,254303,64,289127
41558,0.085426,74.125.200.0-255,5738,260041,64,289127
41559,0.085445,172.31.40.0-255,66,260107,64,289127
41560,0.088018,74.125.200.0-255,5738,265845,64,289127
41561,0.088037,172.31.40.0-255,66,265911,64,289127
41562,0.090613,74.125.200.0-255,5738,271649,64,289127
41563,0.09063,172.31.40.0-255,66,271715,64,289127
41564,0.093209,74.125.200.0-255,5738,277453,64,289127
41565,0.093227,172.31.40.0-255,66,277519,64,289127
41566,0.095802,74.125.200.0-255,5738,283257,64,289127
41567,0.095817,172.31.40.0-255,66,283323,64,289127
41568,0.09841,74.125.200.0-255,5738,289061,64,289127
41569,0.098428,172.31.40.0-255,66,289127,64,289127
41570,0.0,18.236.49.0-255,66,66,64,5144
41571,0.001893,18.236.49.0-255,3551,3617,64,5144
41572,0.001909,172.31.40.0-255,66,3683,64,5144
41573,0.005631,172.31.40.0-255,192,3875,64,5144
41574,0.011546,172.31.40.0-255,1269,5144,64,5144
41575,0.0,74.125.24.0-255,146,146,64,301253
41576,1.6e-05,172.31.40.0-255,66,212,64,301253
41577,2.2e-05,74.125.24.0-255,1484,1696,64,301253
41578,2.6e-05,172.31.40.0-255,66,1762,64,301253
41579,3.2e-05,74.125.24.0-255,2902,4664,64,301253
41580,3.4e-05,172.31.40.0-255,66,4730,64,301253
41581,3.8e-05,74.125.24.0-255,2902,7632,64,301253
41582,4.7e-05,172.31.40.0-255,66,7698,64,301253
41583,5.2e-05,74.125.24.0-255,4320,12018,64,301253
41584,5.5e-05,172.31.40.0-255,66,12084,64,301253
41585,0.000106,172.31.40.0-255,66,12150,64,301253
41586,0.00011,74.125.24.0-255,4320,16470,64,301253
41587,0.000113,172.31.40.0-255,66,16536,64,301253
41588,0.00014,74.125.24.0-255,5379,21915,64,301253
41589,0.000143,172.31.40.0-255,66,21981,64,301253
41590,0.0002,74.125.24.0-255,1484,23465,64,301253
41591,0.000202,172.31.40.0-255,66,23531,64,301253
41592,0.000206,74.125.24.0-255,1484,25015,64,301253
41593,0.000208,172.31.40.0-255,66,25081,64,301253
41594,0.000233,74.125.24.0-255,1484,26565,64,301253
41595,0.000236,172.31.40.0-255,66,26631,64,301253
41596,0.000242,74.125.24.0-255,5738,32369,64,301253
41597,0.000244,172.31.40.0-255,66,32435,64,301253
41598,0.000253,74.125.24.0-255,5738,38173,64,301253
41599,0.000255,172.31.40.0-255,66,38239,64,301253
41600,0.000299,172.31.40.0-255,66,38305,64,301253
41601,0.000305,74.125.24.0-255,4237,42542,64,301253
41602,0.000307,172.31.40.0-255,66,42608,64,301253
41603,0.000993,74.125.24.0-255,131,42739,64,301253
41604,0.000999,172.31.40.0-255,66,42805,64,301253
41605,0.001004,74.125.24.0-255,346,43151,64,301253
41606,0.001309,172.31.40.0-255,66,43217,64,301253
41607,0.001337,74.125.24.0-255,1484,44701,64,301253
41608,0.001341,74.125.24.0-255,1484,46185,64,301253
41609,0.001352,74.125.24.0-255,1484,47669,64,301253
41610,0.001357,172.31.40.0-255,66,47735,64,301253
41611,0.00139,74.125.24.0-255,5738,53473,64,301253
41612,0.001413,74.125.24.0-255,5738,59211,64,301253
41613,0.001419,172.31.40.0-255,66,59277,64,301253
41614,0.00143,74.125.24.0-255,4320,63597,64,301253
41615,0.001435,172.31.40.0-255,66,63663,64,301253
41616,0.00148,74.125.24.0-255,5020,68683,64,301253
41617,0.001494,172.31.40.0-255,66,68749,64,301253
41618,0.001512,74.125.24.0-255,5738,74487,64,301253
41619,0.001521,74.125.24.0-255,2902,77389,64,301253
41620,0.001543,172.31.40.0-255,66,77455,64,301253
41621,0.001606,74.125.24.0-255,2902,80357,64,301253
41622,0.001615,172.31.40.0-255,66,80423,64,301253
41623,0.001639,74.125.24.0-255,1484,81907,64,301253
41624,0.001683,172.31.40.0-255,66,81973,64,301253
41625,0.001719,74.125.24.0-255,7156,89129,64,301253
41626,0.001726,74.125.24.0-255,4320,93449,64,301253
41627,0.001746,74.125.24.0-255,4320,97769,64,301253
41628,0.001755,74.125.24.0-255,7156,104925,64,301253
41629,0.001767,172.31.40.0-255,66,104991,64,301253
41630,0.001774,74.125.24.0-255,7156,112147,64,301253
41631,0.00178,172.31.40.0-255,66,112213,64,301253
41632,0.001811,74.125.24.0-255,3602,115815,64,301253
41633,0.001817,74.125.24.0-255,4320,120135,64,301253
41634,0.001825,172.31.40.0-255,66,120201,64,301253
41635,0.001839,74.125.24.0-255,5738,125939,64,301253
41636,0.001863,74.125.24.0-255,4320,130259,64,301253
41637,0.001866,74.125.24.0-255,1484,131743,64,301253
41638,0.001869,172.31.40.0-255,66,131809,64,301253
41639,0.001875,172.31.40.0-255,66,131875,64,301253
41640,0.001884,74.125.24.0-255,1484,133359,64,301253
41641,0.001912,74.125.24.0-255,5020,138379,64,301253
41642,0.001939,172.31.40.0-255,66,138445,64,301253
41643,0.002282,74.125.24.0-255,1484,139929,64,301253
41644,0.002288,74.125.24.0-255,2902,142831,64,301253
41645,0.002313,74.125.24.0-255,5738,148569,64,301253
41646,0.002316,172.31.40.0-255,66,148635,64,301253
41647,0.002321,172.31.40.0-255,66,148701,64,301253
41648,0.002328,74.125.24.0-255,1484,150185,64,301253
41649,0.002405,172.31.40.0-255,66,150251,64,301253
41650,0.002476,74.125.24.0-255,1484,151735,64,301253
41651,0.002482,74.125.24.0-255,2902,154637,64,301253
41652,0.002501,74.125.24.0-255,5738,160375,64,301253
41653,0.002504,74.125.24.0-255,1484,161859,64,301253
41654,0.002507,172.31.40.0-255,66,161925,64,301253
41655,0.002512,172.31.40.0-255,66,161991,64,301253
41656,0.002537,74.125.24.0-255,4320,166311,64,301253
41657,0.002544,74.125.24.0-255,7156,173467,64,301253
41658,0.002554,172.31.40.0-255,66,173533,64,301253
41659,0.005065,74.125.24.0-255,5738,179271,64,301253
41660,0.005075,172.31.40.0-255,66,179337,64,301253
41661,0.007609,74.125.24.0-255,5738,185075,64,301253
41662,0.012043,172.31.40.0-255,66,185141,64,301253
41663,0.014587,74.125.24.0-255,5738,190879,64,301253
41664,0.014605,172.31.40.0-255,66,190945,64,301253
41665,0.017165,74.125.24.0-255,5738,196683,64,301253
41666,0.017172,172.31.40.0-255,66,196749,64,301253
41667,0.019684,74.125.24.0-255,5738,202487,64,301253
41668,0.019691,172.31.40.0-255,66,202553,64,301253
41669,0.02218,74.125.24.0-255,5738,208291,64,301253
41670,0.022189,172.31.40.0-255,66,208357,64,301253
41671,0.024682,74.125.24.0-255,5738,214095,64,301253
41672,0.024694,172.31.40.0-255,66,214161,64,301253
41673,0.027203,74.125.24.0-255,5738,219899,64,301253
41674,0.027211,172.31.40.0-255,66,219965,64,301253
41675,0.029743,74.125.24.0-255,5738,225703,64,301253
41676,0.029762,172.31.40.0-255,66,225769,64,301253
41677,0.03228,74.125.24.0-255,5738,231507,64,301253
41678,0.032289,172.31.40.0-255,66,231573,64,301253
41679,0.034822,74.125.24.0-255,5738,237311,64,301253
41680,0.034838,172.31.40.0-255,66,237377,64,301253
41681,0.037344,74.125.24.0-255,5738,243115,64,301253
41682,0.037352,172.31.40.0-255,66,243181,64,301253
41683,0.039865,74.125.24.0-255,5738,248919,64,301253
41684,0.039882,172.31.40.0-255,66,248985,64,301253
41685,0.042412,74.125.24.0-255,5738,254723,64,301253
41686,0.042423,172.31.40.0-255,66,254789,64,301253
41687,0.044934,74.125.24.0-255,5738,260527,64,301253
41688,0.04495,172.31.40.0-255,66,260593,64,301253
41689,0.046366,172.31.40.0-255,172,260765,64,301253
41690,0.046398,172.31.40.0-255,1112,261877,64,301253
41691,0.046471,172.31.40.0-255,1514,263391,64,301253
41692,0.046473,172.31.40.0-255,1514,264905,64,301253
41693,0.046474,172.31.40.0-255,696,265601,64,301253
41694,0.047472,74.125.24.0-255,5738,271339,64,301253
41695,0.047479,172.31.40.0-255,66,271405,64,301253
41696,0.047889,104.244.42.0-255,66,271471,64,301253
41697,0.048,104.244.42.0-255,66,271537,64,301253
41698,0.048053,104.244.42.0-255,66,271603,64,301253
41699,0.048057,104.244.42.0-255,66,271669,64,301253
41700,0.050017,74.125.24.0-255,5738,277407,64,301253
41701,0.050034,172.31.40.0-255,66,277473,64,301253
41702,0.052545,74.125.24.0-255,5738,283211,64,301253
41703,0.052558,172.31.40.0-255,66,283277,64,301253
41704,0.055148,74.125.24.0-255,5738,289015,64,301253
41705,0.055167,172.31.40.0-255,66,289081,64,301253
41706,0.057709,74.125.24.0-255,5738,294819,64,301253
41707,0.057727,172.31.40.0-255,66,294885,64,301253
41708,0.060281,74.125.24.0-255,5738,300623,64,301253
41709,0.0603,172.31.40.0-255,66,300689,64,301253
41710,0.062807,74.125.24.0-255,327,301016,64,301253
41711,0.063025,172.31.40.0-255,66,301082,64,301253
41712,0.063068,172.31.40.0-255,105,301187,64,301253
41713,0.065558,74.125.24.0-255,66,301253,64,301253
41714,0.0,172.217.27.0-255,146,146,64,370036
41715,2e-05,172.31.40.0-255,66,212,64,370036
41716,2.6e-05,172.217.27.0-255,1484,1696,64,370036
41717,3.2e-05,172.31.40.0-255,66,1762,64,370036
41718,4e-05,172.217.27.0-255,2902,4664,64,370036
41719,4.4e-05,172.31.40.0-255,66,4730,64,370036
41720,9.7e-05,172.217.27.0-255,5738,10468,64,370036
41721,0.000101,172.31.40.0-255,66,10534,64,370036
41722,0.000114,172.217.27.0-255,1484,12018,64,370036
41723,0.000117,172.31.40.0-255,66,12084,64,370036
41724,0.000279,172.217.27.0-255,1484,13568,64,370036
41725,0.000284,172.31.40.0-255,66,13634,64,370036
41726,0.000302,172.217.27.0-255,719,14353,64,370036
41727,0.000304,172.31.40.0-255,66,14419,64,370036
41728,0.000332,172.217.27.0-255,2902,17321,64,370036
41729,0.000336,172.31.40.0-255,66,17387,64,370036
41730,0.000365,172.31.40.0-255,66,17453,64,370036
41731,0.000659,172.217.27.0-255,3961,21414,64,370036
41732,0.000664,172.31.40.0-255,66,21480,64,370036
41733,0.000765,172.217.27.0-255,4320,25800,64,370036
41734,0.00077,172.31.40.0-255,66,25866,64,370036
41735,0.00089,172.31.40.0-255,66,25932,64,370036
41736,0.000908,172.217.27.0-255,1484,27416,64,370036
41737,0.000911,172.31.40.0-255,66,27482,64,370036
41738,0.00114,172.217.27.0-255,7156,34638,64,370036
41739,0.001147,172.31.40.0-255,66,34704,64,370036
41740,0.001175,172.31.40.0-255,66,34770,64,370036
41741,0.00165,172.217.27.0-255,7156,41926,64,370036
41742,0.001657,172.31.40.0-255,66,41992,64,370036
41743,0.001681,172.217.27.0-255,4396,46388,64,370036
41744,0.001685,172.31.40.0-255,66,46454,64,370036
41745,0.001948,172.217.27.0-255,5738,52192,64,370036
41746,0.001956,172.31.40.0-255,66,52258,64,370036
41747,0.001969,172.217.27.0-255,6797,59055,64,370036
41748,0.001972,172.31.40.0-255,66,59121,64,370036
41749,0.002266,172.217.27.0-255,4320,63441,64,370036
41750,0.002271,172.31.40.0-255,66,63507,64,370036
41751,0.002313,172.31.40.0-255,66,63573,64,370036
41752,0.003942,172.217.27.0-255,5738,69311,64,370036
41753,0.003947,172.31.40.0-255,66,69377,64,370036
41754,0.005579,172.217.27.0-255,4320,73697,64,370036
41755,0.005584,172.31.40.0-255,66,73763,64,370036
41756,0.005605,172.217.27.0-255,1484,75247,64,370036
41757,0.005608,172.31.40.0-255,66,75313,64,370036
41758,0.007218,172.217.27.0-255,4320,79633,64,370036
41759,0.007224,172.31.40.0-255,66,79699,64,370036
41760,0.007263,172.217.27.0-255,1484,81183,64,370036
41761,0.007266,172.31.40.0-255,66,81249,64,370036
41762,0.008859,172.217.27.0-255,4320,85569,64,370036
41763,0.008864,172.31.40.0-255,66,85635,64,370036
41764,0.008893,172.217.27.0-255,1484,87119,64,370036
41765,0.008896,172.31.40.0-255,66,87185,64,370036
41766,0.010502,172.217.27.0-255,4320,91505,64,370036
41767,0.01051,172.31.40.0-255,66,91571,64,370036
41768,0.010539,172.217.27.0-255,1484,93055,64,370036
41769,0.010542,172.31.40.0-255,66,93121,64,370036
41770,0.012148,172.217.27.0-255,4320,97441,64,370036
41771,0.012156,172.31.40.0-255,66,97507,64,370036
41772,0.012187,172.217.27.0-255,1484,98991,64,370036
41773,0.01219,172.31.40.0-255,66,99057,64,370036
41774,0.013802,172.217.27.0-255,4320,103377,64,370036
41775,0.013809,172.31.40.0-255,66,103443,64,370036
41776,0.013829,172.217.27.0-255,1484,104927,64,370036
41777,0.013832,172.31.40.0-255,66,104993,64,370036
41778,0.015453,172.217.27.0-255,4320,109313,64,370036
41779,0.015461,172.31.40.0-255,66,109379,64,370036
41780,0.015483,172.217.27.0-255,1484,110863,64,370036
41781,0.015486,172.31.40.0-255,66,110929,64,370036
41782,0.017153,172.217.27.0-255,4320,115249,64,370036
41783,0.017163,172.31.40.0-255,66,115315,64,370036
41784,0.01719,172.217.27.0-255,1484,116799,64,370036
41785,0.017193,172.31.40.0-255,66,116865,64,370036
41786,0.018827,172.217.27.0-255,4320,121185,64,370036
41787,0.018836,172.31.40.0-255,66,121251,64,370036
41788,0.01886,172.217.27.0-255,1484,122735,64,370036
41789,0.018863,172.31.40.0-255,66,122801,64,370036
41790,0.020478,172.217.27.0-255,4320,127121,64,370036
41791,0.020487,172.31.40.0-255,66,127187,64,370036
41792,0.020508,172.217.27.0-255,1484,128671,64,370036
41793,0.02051,172.31.40.0-255,66,128737,64,370036
41794,0.022124,172.217.27.0-255,4320,133057,64,370036
41795,0.022132,172.31.40.0-255,66,133123,64,370036
41796,0.022165,172.217.27.0-255,1484,134607,64,370036
41797,0.022168,172.31.40.0-255,66,134673,64,370036
41798,0.023776,172.217.27.0-255,4320,138993,64,370036
41799,0.023785,172.31.40.0-255,66,139059,64,370036
41800,0.023805,172.217.27.0-255,1484,140543,64,370036
41801,0.023808,172.31.40.0-255,66,140609,64,370036
41802,0.025415,172.217.27.0-255,4320,144929,64,370036
41803,0.025423,172.31.40.0-255,66,144995,64,370036
41804,0.025457,172.217.27.0-255,1484,146479,64,370036
41805,0.02546,172.31.40.0-255,66,146545,64,370036
41806,0.026528,172.31.40.0-255,172,146717,64,370036
41807,0.026561,172.31.40.0-255,1113,147830,64,370036
41808,0.026614,172.31.40.0-255,1514,149344,64,370036
41809,0.026616,172.31.40.0-255,1295,150639,64,370036
41810,0.027059,172.217.27.0-255,4320,154959,64,370036
41811,0.027066,172.31.40.0-255,66,155025,64,370036
41812,0.027084,172.217.27.0-255,1484,156509,64,370036
41813,0.027087,172.31.40.0-255,66,156575,64,370036
41814,0.0281,104.244.42.0-255,66,156641,64,370036
41815,0.028139,104.244.42.0-255,66,156707,64,370036
41816,0.0282,104.244.42.0-255,66,156773,64,370036
41817,0.028738,172.217.27.0-255,4320,161093,64,370036
41818,0.028746,172.31.40.0-255,66,161159,64,370036
41819,0.028771,172.217.27.0-255,1484,162643,64,370036
41820,0.028774,172.31.40.0-255,66,162709,64,370036
41821,0.030458,172.217.27.0-255,4320,167029,64,370036
41822,0.030465,172.31.40.0-255,66,167095,64,370036
41823,0.030487,172.217.27.0-255,1484,168579,64,370036
41824,0.030489,172.31.40.0-255,66,168645,64,370036
41825,0.032113,172.217.27.0-255,4320,172965,64,370036
41826,0.032121,172.31.40.0-255,66,173031,64,370036
41827,0.032143,172.217.27.0-255,1484,174515,64,370036
41828,0.032146,172.31.40.0-255,66,174581,64,370036
41829,0.033765,172.217.27.0-255,4320,178901,64,370036
41830,0.033772,172.31.40.0-255,66,178967,64,370036
41831,0.033792,172.217.27.0-255,1484,180451,64,370036
41832,0.033794,172.31.40.0-255,66,180517,64,370036
41833,0.035411,172.217.27.0-255,4320,184837,64,370036
41834,0.035418,172.31.40.0-255,66,184903,64,370036
41835,0.035439,172.217.27.0-255,1484,186387,64,370036
41836,0.035442,172.31.40.0-255,66,186453,64,370036
41837,0.037072,172.217.27.0-255,4320,190773,64,370036
41838,0.037078,172.31.40.0-255,66,190839,64,370036
41839,0.037101,172.217.27.0-255,1484,192323,64,370036
41840,0.037104,172.31.40.0-255,66,192389,64,370036
41841,0.038723,172.217.27.0-255,4320,196709,64,370036
41842,0.03873,172.31.40.0-255,66,196775,64,370036
41843,0.03875,172.217.27.0-255,1484,198259,64,370036
41844,0.038756,172.31.40.0-255,66,198325,64,370036
41845,0.040405,172.217.27.0-255,4320,202645,64,370036
41846,0.040419,172.31.40.0-255,66,202711,64,370036
41847,0.040442,172.217.27.0-255,1484,204195,64,370036
41848,0.040445,172.31.40.0-255,66,204261,64,370036
41849,0.042083,172.217.27.0-255,4320,208581,64,370036
41850,0.042096,172.31.40.0-255,66,208647,64,370036
41851,0.042116,172.217.27.0-255,1484,210131,64,370036
41852,0.042119,172.31.40.0-255,66,210197,64,370036
41853,0.043743,172.217.27.0-255,4320,214517,64,370036
41854,0.043753,172.31.40.0-255,66,214583,64,370036
41855,0.043768,172.217.27.0-255,1484,216067,64,370036
41856,0.043771,172.31.40.0-255,66,216133,64,370036
41857,0.045395,172.217.27.0-255,4320,220453,64,370036
41858,0.045405,172.31.40.0-255,66,220519,64,370036
41859,0.045442,172.217.27.0-255,1484,222003,64,370036
41860,0.045444,172.31.40.0-255,66,222069,64,370036
41861,0.047053,172.217.27.0-255,4320,226389,64,370036
41862,0.047065,172.31.40.0-255,66,226455,64,370036
41863,0.047086,172.217.27.0-255,1484,227939,64,370036
41864,0.047089,172.31.40.0-255,66,228005,64,370036
41865,0.048716,172.217.27.0-255,4320,232325,64,370036
41866,0.048728,172.31.40.0-255,66,232391,64,370036
41867,0.048748,172.217.27.0-255,1484,233875,64,370036
41868,0.04875,172.31.40.0-255,66,233941,64,370036
41869,0.050382,172.217.27.0-255,4320,238261,64,370036
41870,0.050394,172.31.40.0-255,66,238327,64,370036
41871,0.050416,172.217.27.0-255,1484,239811,64,370036
41872,0.050418,172.31.40.0-255,66,239877,64,370036
41873,0.052028,172.217.27.0-255,4320,244197,64,370036
41874,0.052036,172.31.40.0-255,66,244263,64,370036
41875,0.052056,172.217.27.0-255,1484,245747,64,370036
41876,0.052059,172.31.40.0-255,66,245813,64,370036
41877,0.053686,172.217.27.0-255,4320,250133,64,370036
41878,0.053698,172.31.40.0-255,66,250199,64,370036
41879,0.053721,172.217.27.0-255,1484,251683,64,370036
41880,0.053724,172.31.40.0-255,66,251749,64,370036
41881,0.055386,172.217.27.0-255,4320,256069,64,370036
41882,0.055398,172.31.40.0-255,66,256135,64,370036
41883,0.055418,172.217.27.0-255,1484,257619,64,370036
41884,0.057053,172.217.27.0-255,4320,261939,64,370036
41885,0.057065,172.31.40.0-255,66,262005,64,370036
41886,0.058726,172.217.27.0-255,5738,267743,64,370036
41887,0.058737,172.31.40.0-255,66,267809,64,370036
41888,0.060408,172.217.27.0-255,5738,273547,64,370036
41889,0.06042,172.31.40.0-255,66,273613,64,370036
41890,0.06207,172.217.27.0-255,5738,279351,64,370036
41891,0.062082,172.31.40.0-255,66,279417,64,370036
41892,0.063737,172.217.27.0-255,5738,285155,64,370036
41893,0.06375,172.31.40.0-255,66,285221,64,370036
41894,0.065406,172.217.27.0-255,5738,290959,64,370036
41895,0.06542,172.31.40.0-255,66,291025,64,370036
41896,0.067075,172.217.27.0-255,5738,296763,64,370036
41897,0.067087,172.31.40.0-255,66,296829,64,370036
41898,0.068738,172.217.27.0-255,2902,299731,64,370036
41899,0.068747,172.31.40.0-255,66,299797,64,370036
41900,0.068769,172.217.27.0-255,2902,302699,64,370036
41901,0.068772,172.31.40.0-255,66,302765,64,370036
41902,0.070432,172.217.27.0-255,2902,305667,64,370036
41903,0.07044,172.31.40.0-255,66,305733,64,370036
41904,0.070465,172.217.27.0-255,2902,308635,64,370036
41905,0.070468,172.31.40.0-255,66,308701,64,370036
41906,0.072079,172.217.27.0-255,2902,311603,64,370036
41907,0.072089,172.31.40.0-255,66,311669,64,370036
41908,0.072109,172.217.27.0-255,2902,314571,64,370036
41909,0.072112,172.31.40.0-255,66,314637,64,370036
41910,0.073734,172.217.27.0-255,2902,317539,64,370036
41911,0.073745,172.31.40.0-255,66,317605,64,370036
41912,0.073768,172.217.27.0-255,2902,320507,64,370036
41913,0.073771,172.31.40.0-255,66,320573,64,370036
41914,0.075388,172.217.27.0-255,2902,323475,64,370036
41915,0.075396,172.31.40.0-255,66,323541,64,370036
41916,0.075416,172.217.27.0-255,2902,326443,64,370036
41917,0.075419,172.31.40.0-255,66,326509,64,370036
41918,0.077042,172.217.27.0-255,2902,329411,64,370036
41919,0.077049,172.31.40.0-255,66,329477,64,370036
41920,0.077068,172.217.27.0-255,2902,332379,64,370036
41921,0.077071,172.31.40.0-255,66,332445,64,370036
41922,0.078685,172.217.27.0-255,2902,335347,64,370036
41923,0.078692,172.31.40.0-255,66,335413,64,370036
41924,0.078711,172.217.27.0-255,2902,338315,64,370036
41925,0.078714,172.31.40.0-255,66,338381,64,370036
41926,0.080327,172.217.27.0-255,2902,341283,64,370036
41927,0.080334,172.31.40.0-255,66,341349,64,370036
41928,0.080354,172.217.27.0-255,2902,344251,64,370036
41929,0.080357,172.31.40.0-255,66,344317,64,370036
41930,0.081994,172.217.27.0-255,5738,350055,64,370036
41931,0.082001,172.31.40.0-255,66,350121,64,370036
41932,0.083707,172.217.27.0-255,5738,355859,64,370036
41933,0.083714,172.31.40.0-255,66,355925,64,370036
41934,0.085366,172.217.27.0-255,5738,361663,64,370036
41935,0.085373,172.31.40.0-255,66,361729,64,370036
41936,0.087017,172.217.27.0-255,5738,367467,64,370036
41937,0.087025,172.31.40.0-255,66,367533,64,370036
41938,0.088663,172.217.27.0-255,2266,369799,64,370036
41939,0.08867,172.31.40.0-255,66,369865,64,370036
41940,0.08883,172.31.40.0-255,105,369970,64,370036
41941,0.090442,172.217.27.0-255,66,370036,64,370036
41942,0.0,172.31.40.0-255,105,105,64,459
41943,0.00016,172.31.40.0-255,90,195,64,459
41944,0.000171,172.31.40.0-255,66,261,64,459
41945,0.0022,172.217.194.0-255,66,327,64,459
41946,0.002232,172.217.194.0-255,66,393,64,459
41947,0.002255,172.31.40.0-255,66,459,64,459
41948,0.0,172.217.194.0-255,153,153,64,267144
41949,2.4e-05,172.31.40.0-255,66,219,64,267144
41950,3.1e-05,172.217.194.0-255,1484,1703,64,267144
41951,3.6e-05,172.31.40.0-255,66,1769,64,267144
41952,4.9e-05,172.217.194.0-255,2902,4671,64,267144
41953,5.2e-05,172.31.40.0-255,66,4737,64,267144
41954,6e-05,172.217.194.0-255,7156,11893,64,267144
41955,6.3e-05,172.31.40.0-255,66,11959,64,267144
41956,6.7e-05,172.217.194.0-255,2108,14067,64,267144
41957,6.9e-05,172.31.40.0-255,66,14133,64,267144
41958,0.000112,172.217.194.0-255,1484,15617,64,267144
41959,0.000114,172.31.40.0-255,66,15683,64,267144
41960,0.00012,172.217.194.0-255,2902,18585,64,267144
41961,0.000122,172.31.40.0-255,66,18651,64,267144
41962,0.000129,172.217.194.0-255,5738,24389,64,267144
41963,0.000131,172.31.40.0-255,66,24455,64,267144
41964,0.000165,172.217.194.0-255,6797,31252,64,267144
41965,0.000167,172.31.40.0-255,66,31318,64,267144
41966,0.000268,172.217.194.0-255,1484,32802,64,267144
41967,0.000272,172.31.40.0-255,66,32868,64,267144
41968,0.000292,172.217.194.0-255,2902,35770,64,267144
41969,0.000294,172.31.40.0-255,66,35836,64,267144
41970,0.0003,172.217.194.0-255,4320,40156,64,267144
41971,0.000302,172.31.40.0-255,66,40222,64,267144
41972,0.000324,172.217.194.0-255,1484,41706,64,267144
41973,0.000326,172.31.40.0-255,66,41772,64,267144
41974,0.000329,172.217.194.0-255,1484,43256,64,267144
41975,0.000331,172.31.40.0-255,66,43322,64,267144
41976,0.000371,172.31.40.0-255,66,43388,64,267144
41977,0.000415,172.217.194.0-255,7156,50544,64,267144
41978,0.000418,172.31.40.0-255,66,50610,64,267144
41979,0.000443,172.217.194.0-255,1125,51735,64,267144
41980,0.000739,172.217.194.0-255,647,52382,64,267144
41981,0.000744,172.31.40.0-255,66,52448,64,267144
41982,0.00098,172.217.194.0-255,1484,53932,64,267144
41983,0.000986,172.217.194.0-255,2902,56834,64,267144
41984,0.000989,172.31.40.0-255,66,56900,64,267144
41985,0.001019,172.217.194.0-255,5738,62638,64,267144
41986,0.001021,172.31.40.0-255,66,62704,64,267144
41987,0.001052,172.217.194.0-255,7156,69860,64,267144
41988,0.001055,172.31.40.0-255,66,69926,64,267144
41989,0.00106,172.217.194.0-255,2902,72828,64,267144
41990,0.001062,172.31.40.0-255,66,72894,64,267144
41991,0.001096,172.31.40.0-255,66,72960,64,267144
41992,0.0011,172.217.194.0-255,2184,75144,64,267144
41993,0.001102,172.31.40.0-255,66,75210,64,267144
41994,0.001501,172.217.194.0-255,1484,76694,64,267144
41995,0.001509,172.217.194.0-255,2902,79596,64,267144
41996,0.001513,172.31.40.0-255,66,79662,64,267144
41997,0.001518,172.217.194.0-255,2902,82564,64,267144
41998,0.00152,172.31.40.0-255,66,82630,64,267144
41999,0.001538,172.217.194.0-255,2902,85532,64,267144
42000,0.00154,172.31.40.0-255,66,85598,64,267144
42001,0.001552,172.217.194.0-255,7156,92754,64,267144
42002,0.001554,172.31.40.0-255,66,92820,64,267144
42003,0.001565,172.217.194.0-255,1484,94304,64,267144
42004,0.001601,172.31.40.0-255,66,94370,64,267144
42005,0.001605,172.217.194.0-255,2184,96554,64,267144
42006,0.001607,172.31.40.0-255,66,96620,64,267144
42007,0.001921,172.217.194.0-255,1484,98104,64,267144
42008,0.001929,172.217.194.0-255,2902,101006,64,267144
42009,0.001932,172.31.40.0-255,66,101072,64,267144
42010,0.001938,172.217.194.0-255,4320,105392,64,267144
42011,0.00194,172.31.40.0-255,66,105458,64,267144
42012,0.00196,172.217.194.0-255,1484,106942,64,267144
42013,0.001963,172.217.194.0-255,1484,108426,64,267144
42014,0.001969,172.31.40.0-255,66,108492,64,267144
42015,0.002007,172.31.40.0-255,66,108558,64,267144
42016,0.002012,172.217.194.0-255,2902,111460,64,267144
42017,0.002014,172.31.40.0-255,66,111526,64,267144
42018,0.002047,172.31.40.0-255,66,111592,64,267144
42019,0.002246,172.217.194.0-255,1484,113076,64,267144
42020,0.002255,172.217.194.0-255,2902,115978,64,267144
42021,0.002259,172.31.40.0-255,66,116044,64,267144
42022,0.002264,172.217.194.0-255,2902,118946,64,267144
42023,0.002266,172.31.40.0-255,66,119012,64,267144
42024,0.002306,172.31.40.0-255,66,119078,64,267144
42025,0.002318,172.31.40.0-255,66,119144,64,267144
42026,0.002322,172.217.194.0-255,2902,122046,64,267144
42027,0.002324,172.31.40.0-255,66,122112,64,267144
42028,0.002346,172.217.194.0-255,3602,125714,64,267144
42029,0.002349,172.31.40.0-255,66,125780,64,267144
42030,0.002354,172.217.194.0-255,5738,131518,64,267144
42031,0.002357,172.31.40.0-255,66,131584,64,267144
42032,0.002404,172.31.40.0-255,66,131650,64,267144
42033,0.002408,172.217.194.0-255,2902,134552,64,267144
42034,0.00241,172.31.40.0-255,66,134618,64,267144
42035,0.002417,172.217.194.0-255,5738,140356,64,267144
42036,0.00242,172.31.40.0-255,66,140422,64,267144
42037,0.002426,172.217.194.0-255,5020,145442,64,267144
42038,0.002428,172.31.40.0-255,66,145508,64,267144
42039,0.00259,172.217.194.0-255,1484,146992,64,267144
42040,0.002598,172.217.194.0-255,2902,149894,64,267144
42041,0.002601,172.31.40.0-255,66,149960,64,267144
42042,0.002608,172.217.194.0-255,4320,154280,64,267144
42043,0.002632,172.217.194.0-255,1484,155764,64,267144
42044,0.002636,172.217.194.0-255,2902,158666,64,267144
42045,0.002689,172.217.194.0-255,766,159432,64,267144
42046,0.00276,172.217.194.0-255,1484,160916,64,267144
42047,0.002778,172.217.194.0-255,2902,163818,64,267144
42048,0.002785,172.217.194.0-255,5738,169556,64,267144
42049,0.00281,172.217.194.0-255,5738,175294,64,267144
42050,0.002855,172.217.194.0-255,2902,178196,64,267144
42051,0.002861,172.217.194.0-255,5020,183216,64,267144
42052,0.002959,172.217.194.0-255,1484,184700,64,267144
42053,0.002963,172.217.194.0-255,1484,186184,64,267144
42054,0.002979,172.217.194.0-255,1484,187668,64,267144
42055,0.002985,172.217.194.0-255,5738,193406,64,267144
42056,0.002996,172.217.194.0-255,1484,194890,64,267144
42057,0.003018,172.217.194.0-255,1484,196374,64,267144
42058,0.003293,172.217.194.0-255,1484,197858,64,267144
42059,0.003298,172.217.194.0-255,1484,199342,64,267144
42060,0.003315,172.217.194.0-255,1484,200826,64,267144
42061,0.003322,172.217.194.0-255,5738,206564,64,267144
42062,0.003348,172.217.194.0-255,4320,210884,64,267144
42063,0.003364,172.217.194.0-255,2902,213786,64,267144
42064,0.003371,172.217.194.0-255,6438,220224,64,267144
42065,0.003412,172.217.194.0-255,2902,223126,64,267144
42066,0.003428,172.217.194.0-255,5738,228864,64,267144
42067,0.003452,172.217.194.0-255,7156,236020,64,267144
42068,0.003457,172.217.194.0-255,4320,240340,64,267144
42069,0.003473,172.217.194.0-255,5738,246078,64,267144
42070,0.00349,172.217.194.0-255,5738,251816,64,267144
42071,0.003506,172.217.194.0-255,5612,257428,64,267144
42072,0.003509,172.217.194.0-255,105,257533,64,267144
42073,0.00692,172.31.40.0-255,66,257599,64,267144
42074,0.01903,172.31.40.0-255,105,257704,64,267144
42075,0.021298,172.217.194.0-255,66,257770,64,267144
42076,0.047389,172.31.40.0-255,172,257942,64,267144
42077,0.047424,172.31.40.0-255,1112,259054,64,267144
42078,0.047505,172.31.40.0-255,1514,260568,64,267144
42079,0.047507,172.31.40.0-255,1514,262082,64,267144
42080,0.047508,172.31.40.0-255,1514,263596,64,267144
42081,0.047514,172.31.40.0-255,1514,265110,64,267144
42082,0.047515,172.31.40.0-255,1514,266624,64,267144
42083,0.047516,172.31.40.0-255,82,266706,64,267144
42084,0.048948,104.244.42.0-255,66,266772,64,267144
42085,0.049011,104.244.42.0-255,66,266838,64,267144
42086,0.049094,104.244.42.0-255,66,266904,64,267144
42087,0.049101,104.244.42.0-255,66,266970,64,267144
42088,0.05011,104.244.42.0-255,108,267078,64,267144
42089,0.050117,172.31.40.0-255,66,267144,64,267144
42090,0.0,74.125.24.0-255,150,150,64,324496
42091,1.8e-05,172.31.40.0-255,66,216,64,324496
42092,2.5e-05,74.125.24.0-255,1484,1700,64,324496
42093,3e-05,172.31.40.0-255,66,1766,64,324496
42094,3.6e-05,74.125.24.0-255,2902,4668,64,324496
42095,3.9e-05,172.31.40.0-255,66,4734,64,324496
42096,4.6e-05,74.125.24.0-255,7156,11890,64,324496
42097,4.9e-05,172.31.40.0-255,66,11956,64,324496
42098,5.2e-05,74.125.24.0-255,1484,13440,64,324496
42099,5.4e-05,172.31.40.0-255,66,13506,64,324496
42100,5.7e-05,74.125.24.0-255,602,14108,64,324496
42101,6e-05,172.31.40.0-255,66,14174,64,324496
42102,0.000699,74.125.24.0-255,1484,15658,64,324496
42103,0.000706,172.31.40.0-255,66,15724,64,324496
42104,0.000716,74.125.24.0-255,2902,18626,64,324496
42105,0.000718,172.31.40.0-255,66,18692,64,324496
42106,0.000726,74.125.24.0-255,5738,24430,64,324496
42107,0.000728,172.31.40.0-255,66,24496,64,324496
42108,0.000746,74.125.24.0-255,6797,31293,64,324496
42109,0.000749,172.31.40.0-255,66,31359,64,324496
42110,0.000861,74.125.24.0-255,1484,32843,64,324496
42111,0.000865,172.31.40.0-255,66,32909,64,324496
42112,0.000886,74.125.24.0-255,2902,35811,64,324496
42113,0.000889,172.31.40.0-255,66,35877,64,324496
42114,0.000894,74.125.24.0-255,4320,40197,64,324496
42115,0.000897,172.31.40.0-255,66,40263,64,324496
42116,0.000912,74.125.24.0-255,1484,41747,64,324496
42117,0.000914,172.31.40.0-255,66,41813,64,324496
42118,0.000917,74.125.24.0-255,1484,43297,64,324496
42119,0.000919,172.31.40.0-255,66,43363,64,324496
42120,0.000946,74.125.24.0-255,4320,47683,64,324496
42121,0.000948,172.31.40.0-255,66,47749,64,324496
42122,0.000965,74.125.24.0-255,1125,48874,64,324496
42123,0.001119,74.125.24.0-255,1484,50358,64,324496
42124,0.001124,172.31.40.0-255,66,50424,64,324496
42125,0.001129,74.125.24.0-255,2902,53326,64,324496
42126,0.001133,172.31.40.0-255,66,53392,64,324496
42127,0.001138,74.125.24.0-255,4320,57712,64,324496
42128,0.001141,172.31.40.0-255,66,57778,64,324496
42129,0.001164,74.125.24.0-255,1484,59262,64,324496
42130,0.001171,74.125.24.0-255,5738,65000,64,324496
42131,0.001174,172.31.40.0-255,66,65066,64,324496
42132,0.001199,74.125.24.0-255,1704,66770,64,324496
42133,0.001202,172.31.40.0-255,66,66836,64,324496
42134,0.001915,74.125.24.0-255,1484,68320,64,324496
42135,0.001936,74.125.24.0-255,2902,71222,64,324496
42136,0.001939,172.31.40.0-255,66,71288,64,324496
42137,0.001945,74.125.24.0-255,5738,77026,64,324496
42138,0.001947,172.31.40.0-255,66,77092,64,324496
42139,0.00196,74.125.24.0-255,1484,78576,64,324496
42140,0.001985,172.31.40.0-255,66,78642,64,324496
42141,0.001996,172.31.40.0-255,66,78708,64,324496
42142,0.002042,74.125.24.0-255,2184,80892,64,324496
42143,0.002045,172.31.40.0-255,66,80958,64,324496
42144,0.004349,74.125.24.0-255,2902,83860,64,324496
42145,0.004355,172.31.40.0-255,66,83926,64,324496
42146,0.004419,74.125.24.0-255,2902,86828,64,324496
42147,0.004423,172.31.40.0-255,66,86894,64,324496
42148,0.006751,74.125.24.0-255,5738,92632,64,324496
42149,0.006759,172.31.40.0-255,66,92698,64,324496
42150,0.009088,74.125.24.0-255,5738,98436,64,324496
42151,0.009096,172.31.40.0-255,66,98502,64,324496
42152,0.011435,74.125.24.0-255,5738,104240,64,324496
42153,0.011442,172.31.40.0-255,66,104306,64,324496
42154,0.013815,74.125.24.0-255,5738,110044,64,324496
42155,0.013822,172.31.40.0-255,66,110110,64,324496
42156,0.016156,74.125.24.0-255,5738,115848,64,324496
42157,0.016164,172.31.40.0-255,66,115914,64,324496
42158,0.018565,74.125.24.0-255,5738,121652,64,324496
42159,0.018573,172.31.40.0-255,66,121718,64,324496
42160,0.020905,74.125.24.0-255,5738,127456,64,324496
42161,0.020916,172.31.40.0-255,66,127522,64,324496
42162,0.023283,74.125.24.0-255,5738,133260,64,324496
42163,0.023292,172.31.40.0-255,66,133326,64,324496
42164,0.025388,172.31.40.0-255,171,133497,64,324496
42165,0.025421,172.31.40.0-255,1135,134632,64,324496
42166,0.025477,172.31.40.0-255,1514,136146,64,324496
42167,0.025479,172.31.40.0-255,1514,137660,64,324496
42168,0.02548,172.31.40.0-255,670,138330,64,324496
42169,0.025654,74.125.24.0-255,5738,144068,64,324496
42170,0.025661,172.31.40.0-255,66,144134,64,324496
42171,0.026907,104.244.42.0-255,66,144200,64,324496
42172,0.026992,104.244.42.0-255,66,144266,64,324496
42173,0.027029,104.244.42.0-255,66,144332,64,324496
42174,0.027034,104.244.42.0-255,66,144398,64,324496
42175,0.027642,104.244.42.0-255,108,144506,64,324496
42176,0.027651,172.31.40.0-255,66,144572,64,324496
42177,0.028007,74.125.24.0-255,5738,150310,64,324496
42178,0.028012,172.31.40.0-255,66,150376,64,324496
42179,0.030372,74.125.24.0-255,5738,156114,64,324496
42180,0.030379,172.31.40.0-255,66,156180,64,324496
42181,0.032706,74.125.24.0-255,5738,161918,64,324496
42182,0.032714,172.31.40.0-255,66,161984,64,324496
42183,0.035052,74.125.24.0-255,5738,167722,64,324496
42184,0.035059,172.31.40.0-255,66,167788,64,324496
42185,0.037411,74.125.24.0-255,5738,173526,64,324496
42186,0.037418,172.31.40.0-255,66,173592,64,324496
42187,0.039771,74.125.24.0-255,5738,179330,64,324496
42188,0.03978,172.31.40.0-255,66,179396,64,324496
42189,0.042167,74.125.24.0-255,5738,185134,64,324496
42190,0.042173,172.31.40.0-255,66,185200,64,324496
42191,0.044513,74.125.24.0-255,5738,190938,64,324496
42192,0.044518,172.31.40.0-255,66,191004,64,324496
42193,0.046853,74.125.24.0-255,5738,196742,64,324496
42194,0.04686,172.31.40.0-255,66,196808,64,324496
42195,0.049183,74.125.24.0-255,5738,202546,64,324496
42196,0.049191,172.31.40.0-255,66,202612,64,324496
42197,0.051573,74.125.24.0-255,5738,208350,64,324496
42198,0.05158,172.31.40.0-255,66,208416,64,324496
42199,0.053903,74.125.24.0-255,5738,214154,64,324496
42200,0.05391,172.31.40.0-255,66,214220,64,324496
42201,0.056289,74.125.24.0-255,5738,219958,64,324496
42202,0.056296,172.31.40.0-255,66,220024,64,324496
42203,0.0587,74.125.24.0-255,5738,225762,64,324496
42204,0.058707,172.31.40.0-255,66,225828,64,324496
42205,0.061058,74.125.24.0-255,5738,231566,64,324496
42206,0.061064,172.31.40.0-255,66,231632,64,324496
42207,0.063392,74.125.24.0-255,5738,237370,64,324496
42208,0.063399,172.31.40.0-255,66,237436,64,324496
42209,0.065769,74.125.24.0-255,5738,243174,64,324496
42210,0.065777,172.31.40.0-255,66,243240,64,324496
42211,0.068131,74.125.24.0-255,5738,248978,64,324496
42212,0.068138,172.31.40.0-255,66,249044,64,324496
42213,0.0705,74.125.24.0-255,5738,254782,64,324496
42214,0.070506,172.31.40.0-255,66,254848,64,324496
42215,0.072841,74.125.24.0-255,5738,260586,64,324496
42216,0.072848,172.31.40.0-255,66,260652,64,324496
42217,0.075215,74.125.24.0-255,5738,266390,64,324496
42218,0.075222,172.31.40.0-255,66,266456,64,324496
42219,0.077603,74.125.24.0-255,5738,272194,64,324496
42220,0.07761,172.31.40.0-255,66,272260,64,324496
42221,0.079954,74.125.24.0-255,5738,277998,64,324496
42222,0.079961,172.31.40.0-255,66,278064,64,324496
42223,0.082299,74.125.24.0-255,5738,283802,64,324496
42224,0.082306,172.31.40.0-255,66,283868,64,324496
42225,0.08464,74.125.24.0-255,5738,289606,64,324496
42226,0.084647,172.31.40.0-255,66,289672,64,324496
42227,0.086966,74.125.24.0-255,5738,295410,64,324496
42228,0.086973,172.31.40.0-255,66,295476,64,324496
42229,0.089324,74.125.24.0-255,5738,301214,64,324496
42230,0.089331,172.31.40.0-255,66,301280,64,324496
42231,0.091683,74.125.24.0-255,5738,307018,64,324496
42232,0.09169,172.31.40.0-255,66,307084,64,324496
42233,0.094044,74.125.24.0-255,5738,312822,64,324496
42234,0.094052,172.31.40.0-255,66,312888,64,324496
42235,0.096447,74.125.24.0-255,5738,318626,64,324496
42236,0.096454,172.31.40.0-255,66,318692,64,324496
42237,0.098778,74.125.24.0-255,5738,324430,64,324496
42238,0.098785,172.31.40.0-255,66,324496,64,324496
42239,0.0,74.125.24.0-255,146,146,64,196060
42240,2.3e-05,172.31.40.0-255,66,212,64,196060
42241,3e-05,74.125.24.0-255,1484,1696,64,196060
42242,3.6e-05,172.31.40.0-255,66,1762,64,196060
42243,4.2e-05,74.125.24.0-255,2902,4664,64,196060
42244,4.5e-05,172.31.40.0-255,66,4730,64,196060
42245,5.4e-05,74.125.24.0-255,7156,11886,64,196060
42246,5.6e-05,172.31.40.0-255,66,11952,64,196060
42247,6.1e-05,74.125.24.0-255,2902,14854,64,196060
42248,6.4e-05,172.31.40.0-255,66,14920,64,196060
42249,0.000104,172.31.40.0-255,66,14986,64,196060
42250,0.000109,74.125.24.0-255,2543,17529,64,196060
42251,0.000111,172.31.40.0-255,66,17595,64,196060
42252,0.000157,74.125.24.0-255,1484,19079,64,196060
42253,0.00016,172.31.40.0-255,66,19145,64,196060
42254,0.000165,74.125.24.0-255,2902,22047,64,196060
42255,0.000167,172.31.40.0-255,66,22113,64,196060
42256,0.000174,74.125.24.0-255,5738,27851,64,196060
42257,0.000176,172.31.40.0-255,66,27917,64,196060
42258,0.000228,172.31.40.0-255,66,27983,64,196060
42259,0.00024,172.31.40.0-255,66,28049,64,196060
42260,0.000255,74.125.24.0-255,112,28161,64,196060
42261,0.000258,172.31.40.0-255,66,28227,64,196060
42262,0.000282,74.125.24.0-255,329,28556,64,196060
42263,0.000285,172.31.40.0-255,66,28622,64,196060
42264,0.000489,74.125.24.0-255,1484,30106,64,196060
42265,0.000495,172.31.40.0-255,66,30172,64,196060
42266,0.000501,74.125.24.0-255,2902,33074,64,196060
42267,0.000503,172.31.40.0-255,66,33140,64,196060
42268,0.00051,74.125.24.0-255,5738,38878,64,196060
42269,0.000513,172.31.40.0-255,66,38944,64,196060
42270,0.000552,172.31.40.0-255,66,39010,64,196060
42271,0.000565,172.31.40.0-255,66,39076,64,196060
42272,0.000997,74.125.24.0-255,1484,40560,64,196060
42273,0.001004,74.125.24.0-255,2902,43462,64,196060
42274,0.001008,172.31.40.0-255,66,43528,64,196060
42275,0.001014,74.125.24.0-255,4320,47848,64,196060
42276,0.001016,172.31.40.0-255,66,47914,64,196060
42277,0.001043,74.125.24.0-255,1484,49398,64,196060
42278,0.001051,74.125.24.0-255,7156,56554,64,196060
42279,0.001054,172.31.40.0-255,66,56620,64,196060
42280,0.001061,74.125.24.0-255,7156,63776,64,196060
42281,0.001063,172.31.40.0-255,66,63842,64,196060
42282,0.001085,74.125.24.0-255,7156,70998,64,196060
42283,0.001088,172.31.40.0-255,66,71064,64,196060
42284,0.001092,74.125.24.0-255,2184,73248,64,196060
42285,0.001094,172.31.40.0-255,66,73314,64,196060
42286,0.001098,74.125.24.0-255,2902,76216,64,196060
42287,0.001101,172.31.40.0-255,66,76282,64,196060
42288,0.001128,74.125.24.0-255,7156,83438,64,196060
42289,0.001132,172.31.40.0-255,66,83504,64,196060
42290,0.001143,172.31.40.0-255,66,83570,64,196060
42291,0.001188,172.31.40.0-255,66,83636,64,196060
42292,0.001236,172.31.40.0-255,66,83702,64,196060
42293,0.001264,74.125.24.0-255,7156,90858,64,196060
42294,0.001281,74.125.24.0-255,4320,95178,64,196060
42295,0.00129,172.31.40.0-255,66,95244,64,196060
42296,0.001293,172.31.40.0-255,66,95310,64,196060
42297,0.001296,172.31.40.0-255,66,95376,64,196060
42298,0.0013,74.125.24.0-255,2902,98278,64,196060
42299,0.001303,172.31.40.0-255,66,98344,64,196060
42300,0.001313,172.31.40.0-255,66,98410,64,196060
42301,0.001353,172.31.40.0-255,66,98476,64,196060
42302,0.001355,74.125.24.0-255,766,99242,64,196060
42303,0.001387,74.125.24.0-255,5738,104980,64,196060
42304,0.00139,172.31.40.0-255,66,105046,64,196060
42305,0.001423,172.31.40.0-255,66,105112,64,196060
42306,0.001444,172.31.40.0-255,66,105178,64,196060
42307,0.001447,74.125.24.0-255,766,105944,64,196060
42308,0.00145,74.125.24.0-255,1484,107428,64,196060
42309,0.001451,172.31.40.0-255,66,107494,64,196060
42310,0.001473,74.125.24.0-255,4320,111814,64,196060
42311,0.001476,172.31.40.0-255,66,111880,64,196060
42312,0.001487,172.31.40.0-255,66,111946,64,196060
42313,0.001493,74.125.24.0-255,5738,117684,64,196060
42314,0.001496,172.31.40.0-255,66,117750,64,196060
42315,0.001544,74.125.24.0-255,7156,124906,64,196060
42316,0.001547,172.31.40.0-255,66,124972,64,196060
42317,0.001572,74.125.24.0-255,5020,129992,64,196060
42318,0.001574,172.31.40.0-255,66,130058,64,196060
42319,0.001588,172.31.40.0-255,66,130124,64,196060
42320,0.001592,74.125.24.0-255,2902,133026,64,196060
42321,0.001594,172.31.40.0-255,66,133092,64,196060
42322,0.001638,172.31.40.0-255,66,133158,64,196060
42323,0.001704,74.125.24.0-255,1484,134642,64,196060
42324,0.001708,74.125.24.0-255,2902,137544,64,196060
42325,0.001713,172.31.40.0-255,66,137610,64,196060
42326,0.001737,74.125.24.0-255,5738,143348,64,196060
42327,0.001739,172.31.40.0-255,66,143414,64,196060
42328,0.001746,74.125.24.0-255,5738,149152,64,196060
42329,0.001748,172.31.40.0-255,66,149218,64,196060
42330,0.001767,74.125.24.0-255,7156,156374,64,196060
42331,0.00177,172.31.40.0-255,66,156440,64,196060
42332,0.001824,74.125.24.0-255,4320,160760,64,196060
42333,0.001828,172.31.40.0-255,66,160826,64,196060
42334,0.00185,74.125.24.0-255,6438,167264,64,196060
42335,0.001857,74.125.24.0-255,7156,174420,64,196060
42336,0.001863,74.125.24.0-255,5738,180158,64,196060
42337,0.001867,172.31.40.0-255,66,180224,64,196060
42338,0.001875,172.31.40.0-255,66,180290,64,196060
42339,0.001878,172.31.40.0-255,66,180356,64,196060
42340,0.001882,74.125.24.0-255,2902,183258,64,196060
42341,0.001884,172.31.40.0-255,66,183324,64,196060
42342,0.001894,172.31.40.0-255,66,183390,64,196060
42343,0.001937,172.31.40.0-255,66,183456,64,196060
42344,0.00194,74.125.24.0-255,766,184222,64,196060
42345,0.001945,74.125.24.0-255,4320,188542,64,196060
42346,0.001948,172.31.40.0-255,66,188608,64,196060
42347,0.001968,74.125.24.0-255,1100,189708,64,196060
42348,0.001983,74.125.24.0-255,105,189813,64,196060
42349,0.004414,172.31.40.0-255,66,189879,64,196060
42350,0.004451,172.31.40.0-255,105,189984,64,196060
42351,0.006666,74.125.24.0-255,66,190050,64,196060
42352,0.037022,172.31.40.0-255,171,190221,64,196060
42353,0.037053,172.31.40.0-255,1131,191352,64,196060
42354,0.037111,172.31.40.0-255,1514,192866,64,196060
42355,0.037113,172.31.40.0-255,1514,194380,64,196060
42356,0.037114,172.31.40.0-255,1514,195894,64,196060
42357,0.037115,172.31.40.0-255,100,195994,64,196060
42358,0.039161,104.244.42.0-255,66,196060,64,196060
42359,0.0,172.217.27.0-255,150,150,64,372187
42360,1.9e-05,172.31.40.0-255,66,216,64,372187
42361,2.6e-05,172.217.27.0-255,1484,1700,64,372187
42362,3e-05,172.31.40.0-255,66,1766,64,372187
42363,3.4e-05,172.217.27.0-255,1484,3250,64,372187
42364,4.5e-05,172.31.40.0-255,66,3316,64,372187
42365,8.4e-05,172.217.27.0-255,1484,4800,64,372187
42366,8.7e-05,172.31.40.0-255,66,4866,64,372187
42367,9.4e-05,172.217.27.0-255,4320,9186,64,372187
42368,9.7e-05,172.31.40.0-255,66,9252,64,372187
42369,0.000107,172.217.27.0-255,4886,14138,64,372187
42370,0.00011,172.31.40.0-255,66,14204,64,372187
42371,0.000137,172.217.27.0-255,1484,15688,64,372187
42372,0.00014,172.31.40.0-255,66,15754,64,372187
42373,0.000144,172.217.27.0-255,2902,18656,64,372187
42374,0.000146,172.31.40.0-255,66,18722,64,372187
42375,0.00015,172.217.27.0-255,2902,21624,64,372187
42376,0.000156,172.31.40.0-255,66,21690,64,372187
42377,0.000162,172.217.27.0-255,4320,26010,64,372187
42378,0.000165,172.31.40.0-255,66,26076,64,372187
42379,0.000169,172.217.27.0-255,2902,28978,64,372187
42380,0.000172,172.31.40.0-255,66,29044,64,372187
42381,0.000184,172.31.40.0-255,66,29110,64,372187
42382,0.000191,172.217.27.0-255,5738,34848,64,372187
42383,0.000194,172.31.40.0-255,66,34914,64,372187
42384,0.000226,172.217.27.0-255,1484,36398,64,372187
42385,0.000228,172.31.40.0-255,66,36464,64,372187
42386,0.000231,172.217.27.0-255,1484,37948,64,372187
42387,0.000233,172.31.40.0-255,66,38014,64,372187
42388,0.000255,172.217.27.0-255,2184,40198,64,372187
42389,0.000258,172.31.40.0-255,66,40264,64,372187
42390,0.000267,172.217.27.0-255,4320,44584,64,372187
42391,0.00027,172.31.40.0-255,66,44650,64,372187
42392,0.000273,172.217.27.0-255,1484,46134,64,372187
42393,0.000315,172.31.40.0-255,66,46200,64,372187
42394,0.000317,172.217.27.0-255,1484,47684,64,372187
42395,0.00034,172.217.27.0-255,1415,49099,64,372187
42396,0.000342,172.31.40.0-255,66,49165,64,372187
42397,0.000734,172.217.27.0-255,136,49301,64,372187
42398,0.000962,172.217.27.0-255,1484,50785,64,372187
42399,0.000967,172.31.40.0-255,66,50851,64,372187
42400,0.000973,172.217.27.0-255,2902,53753,64,372187
42401,0.000975,172.31.40.0-255,66,53819,64,372187
42402,0.00101,172.217.27.0-255,4320,58139,64,372187
42403,0.001016,172.217.27.0-255,5738,63877,64,372187
42404,0.001018,172.217.27.0-255,1484,65361,64,372187
42405,0.001022,172.31.40.0-255,66,65427,64,372187
42406,0.001025,172.31.40.0-255,66,65493,64,372187
42407,0.001072,172.217.27.0-255,6797,72290,64,372187
42408,0.001073,172.217.27.0-255,349,72639,64,372187
42409,0.001078,172.31.40.0-255,66,72705,64,372187
42410,0.001081,172.31.40.0-255,66,72771,64,372187
42411,0.001205,172.217.27.0-255,1484,74255,64,372187
42412,0.00121,172.31.40.0-255,66,74321,64,372187
42413,0.001216,172.217.27.0-255,2902,77223,64,372187
42414,0.001218,172.31.40.0-255,66,77289,64,372187
42415,0.001222,172.217.27.0-255,2902,80191,64,372187
42416,0.001224,172.31.40.0-255,66,80257,64,372187
42417,0.001253,172.217.27.0-255,2902,83159,64,372187
42418,0.001256,172.31.40.0-255,66,83225,64,372187
42419,0.001267,172.217.27.0-255,7156,90381,64,372187
42420,0.001269,172.31.40.0-255,66,90447,64,372187
42421,0.00128,172.31.40.0-255,66,90513,64,372187
42422,0.001316,172.31.40.0-255,66,90579,64,372187
42423,0.00157,172.217.27.0-255,1484,92063,64,372187
42424,0.001576,172.217.27.0-255,1484,93547,64,372187
42425,0.00158,172.31.40.0-255,66,93613,64,372187
42426,0.001609,172.217.27.0-255,1484,95097,64,372187
42427,0.001616,172.217.27.0-255,5738,100835,64,372187
42428,0.001618,172.31.40.0-255,66,100901,64,372187
42429,0.001626,172.217.27.0-255,7156,108057,64,372187
42430,0.001628,172.31.40.0-255,66,108123,64,372187
42431,0.001691,172.217.27.0-255,7156,115279,64,372187
42432,0.001696,172.31.40.0-255,66,115345,64,372187
42433,0.001722,172.217.27.0-255,7156,122501,64,372187
42434,0.001726,172.31.40.0-255,66,122567,64,372187
42435,0.00173,172.217.27.0-255,2184,124751,64,372187
42436,0.001731,172.31.40.0-255,66,124817,64,372187
42437,0.003351,172.217.27.0-255,5738,130555,64,372187
42438,0.003359,172.31.40.0-255,66,130621,64,372187
42439,0.005014,172.217.27.0-255,5738,136359,64,372187
42440,0.005018,172.31.40.0-255,66,136425,64,372187
42441,0.006639,172.217.27.0-255,2902,139327,64,372187
42442,0.006643,172.31.40.0-255,66,139393,64,372187
42443,0.006668,172.217.27.0-255,2902,142295,64,372187
42444,0.00667,172.31.40.0-255,66,142361,64,372187
42445,0.008267,172.217.27.0-255,2902,145263,64,372187
42446,0.008274,172.31.40.0-255,66,145329,64,372187
42447,0.008294,172.217.27.0-255,2902,148231,64,372187
42448,0.008297,172.31.40.0-255,66,148297,64,372187
42449,0.009912,172.217.27.0-255,4320,152617,64,372187
42450,0.009919,172.31.40.0-255,66,152683,64,372187
42451,0.009964,172.217.27.0-255,1484,154167,64,372187
42452,0.011554,172.217.27.0-255,4320,158487,64,372187
42453,0.011562,172.31.40.0-255,66,158553,64,372187
42454,0.013199,172.217.27.0-255,5738,164291,64,372187
42455,0.013206,172.31.40.0-255,66,164357,64,372187
42456,0.014853,172.217.27.0-255,5738,170095,64,372187
42457,0.014861,172.31.40.0-255,66,170161,64,372187
42458,0.016493,172.217.27.0-255,5738,175899,64,372187
42459,0.0165,172.31.40.0-255,66,175965,64,372187
42460,0.018128,172.217.27.0-255,5738,181703,64,372187
42461,0.018134,172.31.40.0-255,66,181769,64,372187
42462,0.019774,172.217.27.0-255,5738,187507,64,372187
42463,0.01978,172.31.40.0-255,66,187573,64,372187
42464,0.021407,172.217.27.0-255,5738,193311,64,372187
42465,0.021413,172.31.40.0-255,66,193377,64,372187
42466,0.023048,172.217.27.0-255,5738,199115,64,372187
42467,0.023056,172.31.40.0-255,66,199181,64,372187
42468,0.02469,172.217.27.0-255,5738,204919,64,372187
42469,0.024697,172.31.40.0-255,66,204985,64,372187
42470,0.026346,172.217.27.0-255,5738,210723,64,372187
42471,0.026354,172.31.40.0-255,66,210789,64,372187
42472,0.028007,172.217.27.0-255,5738,216527,64,372187
42473,0.028022,172.31.40.0-255,66,216593,64,372187
42474,0.029666,172.217.27.0-255,5738,222331,64,372187
42475,0.029679,172.31.40.0-255,66,222397,64,372187
42476,0.031324,172.217.27.0-255,5738,228135,64,372187
42477,0.031335,172.31.40.0-255,66,228201,64,372187
42478,0.03298,172.217.27.0-255,5738,233939,64,372187
42479,0.032994,172.31.40.0-255,66,234005,64,372187
42480,0.03463,172.217.27.0-255,5738,239743,64,372187
42481,0.034641,172.31.40.0-255,66,239809,64,372187
42482,0.036298,172.217.27.0-255,5738,245547,64,372187
42483,0.036305,172.31.40.0-255,66,245613,64,372187
42484,0.037946,172.217.27.0-255,5738,251351,64,372187
42485,0.037959,172.31.40.0-255,66,251417,64,372187
42486,0.039594,172.217.27.0-255,5738,257155,64,372187
42487,0.039602,172.31.40.0-255,66,257221,64,372187
42488,0.041239,172.217.27.0-255,5738,262959,64,372187
42489,0.041247,172.31.40.0-255,66,263025,64,372187
42490,0.042889,172.217.27.0-255,5738,268763,64,372187
42491,0.042899,172.31.40.0-255,66,268829,64,372187
42492,0.044539,172.217.27.0-255,5738,274567,64,372187
42493,0.044549,172.31.40.0-255,66,274633,64,372187
42494,0.046189,172.217.27.0-255,5738,280371,64,372187
42495,0.046197,172.31.40.0-255,66,280437,64,372187
42496,0.047837,172.217.27.0-255,5738,286175,64,372187
42497,0.04785,172.31.40.0-255,66,286241,64,372187
42498,0.049482,172.217.27.0-255,5738,291979,64,372187
42499,0.049493,172.31.40.0-255,66,292045,64,372187
42500,0.051118,172.217.27.0-255,5738,297783,64,372187
42501,0.051125,172.31.40.0-255,66,297849,64,372187
42502,0.052795,172.217.27.0-255,5738,303587,64,372187
42503,0.052803,172.31.40.0-255,66,303653,64,372187
42504,0.054448,172.217.27.0-255,5738,309391,64,372187
42505,0.054455,172.31.40.0-255,66,309457,64,372187
42506,0.056099,172.217.27.0-255,5738,315195,64,372187
42507,0.05611,172.31.40.0-255,66,315261,64,372187
42508,0.05775,172.217.27.0-255,5738,320999,64,372187
42509,0.057762,172.31.40.0-255,66,321065,64,372187
42510,0.059401,172.217.27.0-255,5738,326803,64,372187
42511,0.059409,172.31.40.0-255,66,326869,64,372187
42512,0.061054,172.217.27.0-255,5738,332607,64,372187
42513,0.061061,172.31.40.0-255,66,332673,64,372187
42514,0.062691,172.217.27.0-255,5738,338411,64,372187
42515,0.062698,172.31.40.0-255,66,338477,64,372187
42516,0.063945,172.31.40.0-255,167,338644,64,372187
42517,0.063978,172.31.40.0-255,1108,339752,64,372187
42518,0.064035,172.31.40.0-255,1514,341266,64,372187
42519,0.064037,172.31.40.0-255,337,341603,64,372187
42520,0.064349,172.217.27.0-255,5738,347341,64,372187
42521,0.064357,172.31.40.0-255,66,347407,64,372187
42522,0.065474,104.244.42.0-255,66,347473,64,372187
42523,0.065547,104.244.42.0-255,66,347539,64,372187
42524,0.065637,104.244.42.0-255,66,347605,64,372187
42525,0.065987,172.217.27.0-255,4320,351925,64,372187
42526,0.065995,172.31.40.0-255,66,351991,64,372187
42527,0.066028,172.217.27.0-255,1484,353475,64,372187
42528,0.067665,172.217.27.0-255,4320,357795,64,372187
42529,0.067674,172.31.40.0-255,66,357861,64,372187
42530,0.069312,172.217.27.0-255,5738,363599,64,372187
42531,0.069323,172.31.40.0-255,66,363665,64,372187
42532,0.070973,172.217.27.0-255,5738,369403,64,372187
42533,0.070986,172.31.40.0-255,66,369469,64,372187
42534,0.072631,172.217.27.0-255,2481,371950,64,372187
42535,0.072644,172.31.40.0-255,66,372016,64,372187
42536,0.072878,172.31.40.0-255,105,372121,64,372187
42537,0.074488,172.217.27.0-255,66,372187,64,372187
42538,0.0,172.217.194.0-255,152,152,64,227821
42539,2.6e-05,172.31.40.0-255,66,218,64,227821
42540,3.3e-05,172.217.194.0-255,1484,1702,64,227821
42541,3.8e-05,172.31.40.0-255,66,1768,64,227821
42542,4.5e-05,172.217.194.0-255,2902,4670,64,227821
42543,4.8e-05,172.31.40.0-255,66,4736,64,227821
42544,5.7e-05,172.217.194.0-255,7156,11892,64,227821
42545,6e-05,172.31.40.0-255,66,11958,64,227821
42546,8.7e-05,172.217.194.0-255,2129,14087,64,227821
42547,8.9e-05,172.31.40.0-255,66,14153,64,227821
42548,9.4e-05,172.217.194.0-255,2902,17055,64,227821
42549,9.7e-05,172.31.40.0-255,66,17121,64,227821
42550,0.000103,172.217.194.0-255,7156,24277,64,227821
42551,0.000106,172.31.40.0-255,66,24343,64,227821
42552,0.00012,172.31.40.0-255,66,24409,64,227821
42553,0.000163,172.217.194.0-255,4320,28729,64,227821
42554,0.000165,172.31.40.0-255,66,28795,64,227821
42555,0.000189,172.217.194.0-255,6438,35233,64,227821
42556,0.000191,172.31.40.0-255,66,35299,64,227821
42557,0.000204,172.31.40.0-255,66,35365,64,227821
42558,0.000231,172.217.194.0-255,5738,41103,64,227821
42559,0.000234,172.31.40.0-255,66,41169,64,227821
42560,0.000248,172.217.194.0-255,296,41465,64,227821
42561,0.00025,172.31.40.0-255,66,41531,64,227821
42562,0.000378,172.217.194.0-255,1484,43015,64,227821
42563,0.000382,172.31.40.0-255,66,43081,64,227821
42564,0.000399,172.217.194.0-255,2902,45983,64,227821
42565,0.000401,172.31.40.0-255,66,46049,64,227821
42566,0.000407,172.217.194.0-255,5738,51787,64,227821
42567,0.00041,172.31.40.0-255,66,51853,64,227821
42568,0.000441,172.31.40.0-255,66,51919,64,227821
42569,0.000453,172.31.40.0-255,66,51985,64,227821
42570,0.000477,172.217.194.0-255,1484,53469,64,227821
42571,0.000484,172.217.194.0-255,5020,58489,64,227821
42572,0.000487,172.31.40.0-255,66,58555,64,227821
42573,0.000501,172.217.194.0-255,5738,64293,64,227821
42574,0.000504,172.31.40.0-255,66,64359,64,227821
42575,0.000529,172.217.194.0-255,2902,67261,64,227821
42576,0.000531,172.31.40.0-255,66,67327,64,227821
42577,0.000553,172.217.194.0-255,5738,73065,64,227821
42578,0.000556,172.31.40.0-255,66,73131,64,227821
42579,0.000571,172.31.40.0-255,66,73197,64,227821
42580,0.000577,172.217.194.0-255,3602,76799,64,227821
42581,0.000579,172.31.40.0-255,66,76865,64,227821
42582,0.000696,172.217.194.0-255,1484,78349,64,227821
42583,0.000704,172.217.194.0-255,2902,81251,64,227821
42584,0.000708,172.31.40.0-255,66,81317,64,227821
42585,0.000715,172.217.194.0-255,5738,87055,64,227821
42586,0.000718,172.31.40.0-255,66,87121,64,227821
42587,0.00072,172.217.194.0-255,1484,88605,64,227821
42588,0.000745,172.217.194.0-255,7156,95761,64,227821
42589,0.000748,172.31.40.0-255,66,95827,64,227821
42590,0.000771,172.217.194.0-255,5738,101565,64,227821
42591,0.000774,172.31.40.0-255,66,101631,64,227821
42592,0.00078,172.217.194.0-255,5738,107369,64,227821
42593,0.000782,172.31.40.0-255,66,107435,64,227821
42594,0.0008,172.217.194.0-255,3602,111037,64,227821
42595,0.000803,172.31.40.0-255,66,111103,64,227821
42596,0.001337,172.217.194.0-255,1484,112587,64,227821
42597,0.001342,172.217.194.0-255,2902,115489,64,227821
42598,0.001345,172.217.194.0-255,1484,116973,64,227821
42599,0.001351,172.31.40.0-255,66,117039,64,227821
42600,0.001368,172.217.194.0-255,4320,121359,64,227821
42601,0.001371,172.31.40.0-255,66,121425,64,227821
42602,0.001374,172.217.194.0-255,1484,122909,64,227821
42603,0.001399,172.31.40.0-255,66,122975,64,227821
42604,0.001402,172.217.194.0-255,1484,124459,64,227821
42605,0.001447,172.217.194.0-255,5738,130197,64,227821
42606,0.001451,172.31.40.0-255,66,130263,64,227821
42607,0.001467,172.217.194.0-255,3602,133865,64,227821
42608,0.001469,172.31.40.0-255,66,133931,64,227821
42609,0.001635,172.217.194.0-255,1484,135415,64,227821
42610,0.001653,172.217.194.0-255,2902,138317,64,227821
42611,0.001658,172.31.40.0-255,66,138383,64,227821
42612,0.001694,172.217.194.0-255,5738,144121,64,227821
42613,0.001697,172.31.40.0-255,66,144187,64,227821
42614,0.001701,172.217.194.0-255,1484,145671,64,227821
42615,0.001704,172.217.194.0-255,1484,147155,64,227821
42616,0.001705,172.31.40.0-255,66,147221,64,227821
42617,0.001723,172.217.194.0-255,7156,154377,64,227821
42618,0.001725,172.31.40.0-255,66,154443,64,227821
42619,0.001728,172.217.194.0-255,1484,155927,64,227821
42620,0.001754,172.31.40.0-255,66,155993,64,227821
42621,0.001783,172.217.194.0-255,2184,158177,64,227821
42622,0.001785,172.31.40.0-255,66,158243,64,227821
42623,0.001913,172.217.194.0-255,1484,159727,64,227821
42624,0.001918,172.217.194.0-255,2902,162629,64,227821
42625,0.001921,172.31.40.0-255,66,162695,64,227821
42626,0.001934,172.217.194.0-255,2902,165597,64,227821
42627,0.001936,172.31.40.0-255,66,165663,64,227821
42628,0.001962,172.217.194.0-255,2902,168565,64,227821
42629,0.001964,172.31.40.0-255,66,168631,64,227821
42630,0.001977,172.217.194.0-255,7156,175787,64,227821
42631,0.001979,172.31.40.0-255,66,175853,64,227821
42632,0.001994,172.31.40.0-255,66,175919,64,227821
42633,0.001998,172.217.194.0-255,2184,178103,64,227821
42634,0.002,172.31.40.0-255,66,178169,64,227821
42635,0.002049,172.217.194.0-255,1484,179653,64,227821
42636,0.002053,172.217.194.0-255,2902,182555,64,227821
42637,0.002055,172.31.40.0-255,66,182621,64,227821
42638,0.002073,172.217.194.0-255,5738,188359,64,227821
42639,0.002079,172.31.40.0-255,66,188425,64,227821
42640,0.002101,172.217.194.0-255,5738,194163,64,227821
42641,0.002104,172.31.40.0-255,66,194229,64,227821
42642,0.00211,172.217.194.0-255,4320,198549,64,227821
42643,0.002112,172.31.40.0-255,66,198615,64,227821
42644,0.002133,172.31.40.0-255,66,198681,64,227821
42645,0.002139,172.217.194.0-255,4320,203001,64,227821
42646,0.002142,172.31.40.0-255,66,203067,64,227821
42647,0.002169,172.217.194.0-255,3602,206669,64,227821
42648,0.002173,172.31.40.0-255,66,206735,64,227821
42649,0.002183,172.31.40.0-255,66,206801,64,227821
42650,0.002186,172.217.194.0-255,1484,208285,64,227821
42651,0.002207,172.31.40.0-255,66,208351,64,227821
42652,0.002227,172.31.40.0-255,66,208417,64,227821
42653,0.002237,172.31.40.0-255,66,208483,64,227821
42654,0.002253,172.217.194.0-255,4320,212803,64,227821
42655,0.002255,172.31.40.0-255,66,212869,64,227821
42656,0.002296,172.31.40.0-255,66,212935,64,227821
42657,0.002302,172.217.194.0-255,6438,219373,64,227821
42658,0.002305,172.31.40.0-255,66,219439,64,227821
42659,0.002342,172.217.194.0-255,4320,223759,64,227821
42660,0.002345,172.31.40.0-255,66,223825,64,227821
42661,0.002376,172.31.40.0-255,66,223891,64,227821
42662,0.002405,172.31.40.0-255,66,223957,64,227821
42663,0.002408,172.217.194.0-255,97,224054,64,227821
42664,0.002411,172.217.194.0-255,105,224159,64,227821
42665,0.003404,172.31.40.0-255,101,224260,64,227821
42666,0.005998,172.217.194.0-255,66,224326,64,227821
42667,0.013594,172.31.40.0-255,105,224431,64,227821
42668,0.016212,172.217.194.0-255,66,224497,64,227821
42669,0.033843,172.31.40.0-255,167,224664,64,227821
42670,0.033875,172.31.40.0-255,1107,225771,64,227821
42671,0.033935,172.31.40.0-255,1514,227285,64,227821
42672,0.033937,172.31.40.0-255,338,227623,64,227821
42673,0.03542,104.244.42.0-255,66,227689,64,227821
42674,0.035446,104.244.42.0-255,66,227755,64,227821
42675,0.035493,104.244.42.0-255,66,227821,64,227821
42676,0.0,74.125.24.0-255,152,152,64,223391
42677,2.2e-05,172.31.40.0-255,66,218,64,223391
42678,2.9e-05,74.125.24.0-255,1484,1702,64,223391
42679,3.3e-05,172.31.40.0-255,66,1768,64,223391
42680,4.9e-05,74.125.24.0-255,2902,4670,64,223391
42681,5.3e-05,172.31.40.0-255,66,4736,64,223391
42682,6.2e-05,74.125.24.0-255,7156,11892,64,223391
42683,6.6e-05,172.31.40.0-255,66,11958,64,223391
42684,8e-05,172.31.40.0-255,66,12024,64,223391
42685,8.7e-05,74.125.24.0-255,6797,18821,64,223391
42686,9.1e-05,172.31.40.0-255,66,18887,64,223391
42687,0.000158,74.125.24.0-255,1484,20371,64,223391
42688,0.000161,172.31.40.0-255,66,20437,64,223391
42689,0.000166,74.125.24.0-255,2902,23339,64,223391
42690,0.000168,172.31.40.0-255,66,23405,64,223391
42691,0.000205,74.125.24.0-255,5738,29143,64,223391
42692,0.000208,172.31.40.0-255,66,29209,64,223391
42693,0.000233,74.125.24.0-255,4320,33529,64,223391
42694,0.000235,172.31.40.0-255,66,33595,64,223391
42695,0.000273,172.31.40.0-255,66,33661,64,223391
42696,0.000286,172.31.40.0-255,66,33727,64,223391
42697,0.000289,74.125.24.0-255,646,34373,64,223391
42698,0.000291,172.31.40.0-255,66,34439,64,223391
42699,0.00036,74.125.24.0-255,1484,35923,64,223391
42700,0.000363,172.31.40.0-255,66,35989,64,223391
42701,0.000368,74.125.24.0-255,2902,38891,64,223391
42702,0.00037,172.31.40.0-255,66,38957,64,223391
42703,0.000373,74.125.24.0-255,1484,40441,64,223391
42704,0.00038,172.31.40.0-255,66,40507,64,223391
42705,0.000403,74.125.24.0-255,4320,44827,64,223391
42706,0.000406,172.31.40.0-255,66,44893,64,223391
42707,0.000444,74.125.24.0-255,6248,51141,64,223391
42708,0.000447,172.31.40.0-255,66,51207,64,223391
42709,0.00055,74.125.24.0-255,1484,52691,64,223391
42710,0.000557,74.125.24.0-255,2902,55593,64,223391
42711,0.00056,172.31.40.0-255,66,55659,64,223391
42712,0.000564,74.125.24.0-255,1484,57143,64,223391
42713,0.000587,74.125.24.0-255,4320,61463,64,223391
42714,0.000589,172.31.40.0-255,66,61529,64,223391
42715,0.000597,74.125.24.0-255,6797,68326,64,223391
42716,0.000599,172.31.40.0-255,66,68392,64,223391
42717,0.000635,172.31.40.0-255,66,68458,64,223391
42718,0.000639,74.125.24.0-255,2543,71001,64,223391
42719,0.000642,172.31.40.0-255,66,71067,64,223391
42720,0.000792,74.125.24.0-255,1484,72551,64,223391
42721,0.000798,74.125.24.0-255,1484,74035,64,223391
42722,0.000801,172.31.40.0-255,66,74101,64,223391
42723,0.000827,74.125.24.0-255,1484,75585,64,223391
42724,0.000834,74.125.24.0-255,5738,81323,64,223391
42725,0.000837,172.31.40.0-255,66,81389,64,223391
42726,0.000841,74.125.24.0-255,2902,84291,64,223391
42727,0.000843,172.31.40.0-255,66,84357,64,223391
42728,0.000887,172.31.40.0-255,66,84423,64,223391
42729,0.000925,172.31.40.0-255,66,84489,64,223391
42730,0.001197,74.125.24.0-255,1484,85973,64,223391
42731,0.001201,74.125.24.0-255,2902,88875,64,223391
42732,0.001212,172.31.40.0-255,66,88941,64,223391
42733,0.00122,74.125.24.0-255,5738,94679,64,223391
42734,0.001222,172.31.40.0-255,66,94745,64,223391
42735,0.00126,172.31.40.0-255,66,94811,64,223391
42736,0.001272,172.31.40.0-255,66,94877,64,223391
42737,0.001301,74.125.24.0-255,2184,97061,64,223391
42738,0.001303,172.31.40.0-255,66,97127,64,223391
42739,0.001376,74.125.24.0-255,1484,98611,64,223391
42740,0.001398,74.125.24.0-255,2902,101513,64,223391
42741,0.001402,172.31.40.0-255,66,101579,64,223391
42742,0.001408,74.125.24.0-255,4320,105899,64,223391
42743,0.001411,172.31.40.0-255,66,105965,64,223391
42744,0.001426,172.31.40.0-255,66,106031,64,223391
42745,0.001486,172.31.40.0-255,66,106097,64,223391
42746,0.001639,74.125.24.0-255,1484,107581,64,223391
42747,0.001644,74.125.24.0-255,1484,109065,64,223391
42748,0.001649,172.31.40.0-255,66,109131,64,223391
42749,0.001673,74.125.24.0-255,1484,110615,64,223391
42750,0.00168,74.125.24.0-255,5738,116353,64,223391
42751,0.001682,172.31.40.0-255,66,116419,64,223391
42752,0.001728,74.125.24.0-255,7156,123575,64,223391
42753,0.00173,172.31.40.0-255,66,123641,64,223391
42754,0.001754,74.125.24.0-255,5738,129379,64,223391
42755,0.001756,172.31.40.0-255,66,129445,64,223391
42756,0.00177,172.31.40.0-255,66,129511,64,223391
42757,0.001778,74.125.24.0-255,1484,130995,64,223391
42758,0.001783,74.125.24.0-255,2902,133897,64,223391
42759,0.001786,172.31.40.0-255,66,133963,64,223391
42760,0.001793,74.125.24.0-255,5738,139701,64,223391
42761,0.001796,172.31.40.0-255,66,139767,64,223391
42762,0.001835,172.31.40.0-255,66,139833,64,223391
42763,0.001846,172.31.40.0-255,66,139899,64,223391
42764,0.001871,74.125.24.0-255,3602,143501,64,223391
42765,0.001873,172.31.40.0-255,66,143567,64,223391
42766,0.001917,74.125.24.0-255,1484,145051,64,223391
42767,0.00193,74.125.24.0-255,2902,147953,64,223391
42768,0.001933,172.31.40.0-255,66,148019,64,223391
42769,0.001964,74.125.24.0-255,5738,153757,64,223391
42770,0.001967,172.31.40.0-255,66,153823,64,223391
42771,0.002003,172.31.40.0-255,66,153889,64,223391
42772,0.002006,74.125.24.0-255,1484,155373,64,223391
42773,0.002045,172.31.40.0-255,66,155439,64,223391
42774,0.002089,74.125.24.0-255,1484,156923,64,223391
42775,0.002106,74.125.24.0-255,2902,159825,64,223391
42776,0.002109,172.31.40.0-255,66,159891,64,223391
42777,0.002116,74.125.24.0-255,5738,165629,64,223391
42778,0.002119,172.31.40.0-255,66,165695,64,223391
42779,0.002131,74.125.24.0-255,7156,172851,64,223391
42780,0.002134,172.31.40.0-255,66,172917,64,223391
42781,0.002166,74.125.24.0-255,1484,174401,64,223391
42782,0.002181,172.31.40.0-255,66,174467,64,223391
42783,0.002187,74.125.24.0-255,5020,179487,64,223391
42784,0.002189,172.31.40.0-255,66,179553,64,223391
42785,0.002211,74.125.24.0-255,2902,182455,64,223391
42786,0.002213,172.31.40.0-255,66,182521,64,223391
42787,0.002244,74.125.24.0-255,7156,189677,64,223391
42788,0.002248,172.31.40.0-255,66,189743,64,223391
42789,0.002261,172.31.40.0-255,66,189809,64,223391
42790,0.002266,74.125.24.0-255,4320,194129,64,223391
42791,0.002268,172.31.40.0-255,66,194195,64,223391
42792,0.002295,172.31.40.0-255,66,194261,64,223391
42793,0.004547,74.125.24.0-255,5738,199999,64,223391
42794,0.004567,172.31.40.0-255,66,200065,64,223391
42795,0.006851,74.125.24.0-255,5738,205803,64,223391
42796,0.006869,172.31.40.0-255,66,205869,64,223391
42797,0.009112,74.125.24.0-255,5738,211607,64,223391
42798,0.009121,172.31.40.0-255,66,211673,64,223391
42799,0.011383,74.125.24.0-255,5738,217411,64,223391
42800,0.011389,172.31.40.0-255,66,217477,64,223391
42801,0.013637,74.125.24.0-255,1379,218856,64,223391
42802,0.017617,172.31.40.0-255,66,218922,64,223391
42803,0.017667,172.31.40.0-255,105,219027,64,223391
42804,0.019882,74.125.24.0-255,66,219093,64,223391
42805,0.047384,172.31.40.0-255,176,219269,64,223391
42806,0.047418,172.31.40.0-255,1112,220381,64,223391
42807,0.047474,172.31.40.0-255,1514,221895,64,223391
42808,0.047476,172.31.40.0-255,1298,223193,64,223391
42809,0.04888,104.244.42.0-255,66,223259,64,223391
42810,0.048905,104.244.42.0-255,66,223325,64,223391
42811,0.049,104.244.42.0-255,66,223391,64,223391
42812,0.0,172.217.194.0-255,297,297,64,207591
42813,1.8e-05,172.31.40.0-255,66,363,64,207591
42814,2.4e-05,172.217.194.0-255,1484,1847,64,207591
42815,2.9e-05,172.31.40.0-255,66,1913,64,207591
42816,3.5e-05,172.217.194.0-255,4320,6233,64,207591
42817,3.8e-05,172.31.40.0-255,66,6299,64,207591
42818,6.1e-05,172.31.40.0-255,66,6365,64,207591
42819,0.000111,172.217.194.0-255,1484,7849,64,207591
42820,0.000113,172.31.40.0-255,66,7915,64,207591
42821,0.000117,172.217.194.0-255,2902,10817,64,207591
42822,0.000119,172.31.40.0-255,66,10883,64,207591
42823,0.000131,172.217.194.0-255,2902,13785,64,207591
42824,0.000133,172.31.40.0-255,66,13851,64,207591
42825,0.000151,172.217.194.0-255,2902,16753,64,207591
42826,0.000153,172.31.40.0-255,66,16819,64,207591
42827,0.00018,172.217.194.0-255,6797,23616,64,207591
42828,0.000182,172.31.40.0-255,66,23682,64,207591
42829,0.00022,172.217.194.0-255,1484,25166,64,207591
42830,0.000223,172.31.40.0-255,66,25232,64,207591
42831,0.000226,172.217.194.0-255,1484,26716,64,207591
42832,0.000228,172.31.40.0-255,66,26782,64,207591
42833,0.000243,172.217.194.0-255,1484,28266,64,207591
42834,0.000245,172.31.40.0-255,66,28332,64,207591
42835,0.000251,172.217.194.0-255,5738,34070,64,207591
42836,0.000253,172.31.40.0-255,66,34136,64,207591
42837,0.000293,172.217.194.0-255,1484,35620,64,207591
42838,0.000295,172.31.40.0-255,66,35686,64,207591
42839,0.000308,172.217.194.0-255,1484,37170,64,207591
42840,0.00031,172.31.40.0-255,66,37236,64,207591
42841,0.000325,172.217.194.0-255,3961,41197,64,207591
42842,0.000327,172.31.40.0-255,66,41263,64,207591
42843,0.000342,172.217.194.0-255,1484,42747,64,207591
42844,0.000356,172.217.194.0-255,2902,45649,64,207591
42845,0.000378,172.217.194.0-255,2902,48551,64,207591
42846,0.000396,172.217.194.0-255,7156,55707,64,207591
42847,0.000421,172.217.194.0-255,2835,58542,64,207591
42848,0.000455,172.217.194.0-255,385,58927,64,207591
42849,0.000484,172.31.40.0-255,66,58993,64,207591
42850,0.000523,172.31.40.0-255,101,59094,64,207591
42851,0.000813,172.217.194.0-255,1484,60578,64,207591
42852,0.000849,172.217.194.0-255,2902,63480,64,207591
42853,0.000852,172.31.40.0-255,66,63546,64,207591
42854,0.000856,172.217.194.0-255,2902,66448,64,207591
42855,0.000864,172.31.40.0-255,66,66514,64,207591
42856,0.000876,172.217.194.0-255,2902,69416,64,207591
42857,0.000881,172.217.194.0-255,4320,73736,64,207591
42858,0.000888,172.217.194.0-255,7156,80892,64,207591
42859,0.000903,172.217.194.0-255,4320,85212,64,207591
42860,0.000908,172.31.40.0-255,66,85278,64,207591
42861,0.000982,172.217.194.0-255,4320,89598,64,207591
42862,0.000991,172.31.40.0-255,66,89664,64,207591
42863,0.001,172.217.194.0-255,3602,93266,64,207591
42864,0.001053,172.31.40.0-255,66,93332,64,207591
42865,0.001068,172.217.194.0-255,1484,94816,64,207591
42866,0.001075,172.217.194.0-255,5738,100554,64,207591
42867,0.00108,172.31.40.0-255,66,100620,64,207591
42868,0.0011,172.217.194.0-255,5738,106358,64,207591
42869,0.001108,172.31.40.0-255,66,106424,64,207591
42870,0.001152,172.217.194.0-255,4320,110744,64,207591
42871,0.001157,172.31.40.0-255,66,110810,64,207591
42872,0.001192,172.217.194.0-255,4471,115281,64,207591
42873,0.001196,172.31.40.0-255,66,115347,64,207591
42874,0.001281,172.217.194.0-255,2902,118249,64,207591
42875,0.001288,172.31.40.0-255,66,118315,64,207591
42876,0.001307,172.31.40.0-255,66,118381,64,207591
42877,0.001336,172.31.40.0-255,66,118447,64,207591
42878,0.001442,172.217.194.0-255,1484,119931,64,207591
42879,0.001456,172.217.194.0-255,2902,122833,64,207591
42880,0.001458,172.31.40.0-255,66,122899,64,207591
42881,0.001489,172.217.194.0-255,1484,124383,64,207591
42882,0.001503,172.217.194.0-255,4320,128703,64,207591
42883,0.001516,172.217.194.0-255,5738,134441,64,207591
42884,0.001521,172.31.40.0-255,66,134507,64,207591
42885,0.001539,172.217.194.0-255,7156,141663,64,207591
42886,0.001544,172.31.40.0-255,66,141729,64,207591
42887,0.001598,172.217.194.0-255,2902,144631,64,207591
42888,0.001613,172.31.40.0-255,66,144697,64,207591
42889,0.001674,172.217.194.0-255,3602,148299,64,207591
42890,0.0018,172.217.194.0-255,4320,152619,64,207591
42891,0.00194,172.217.194.0-255,4320,156939,64,207591
42892,0.002112,172.217.194.0-255,5738,162677,64,207591
42893,0.002245,172.217.194.0-255,7156,169833,64,207591
42894,0.002302,172.217.194.0-255,4320,174153,64,207591
42895,0.002566,172.217.194.0-255,7156,181309,64,207591
42896,0.00266,172.217.194.0-255,2902,184211,64,207591
42897,0.002904,172.217.194.0-255,66,184277,64,207591
42898,0.006771,172.31.40.0-255,66,184343,64,207591
42899,0.008731,172.217.194.0-255,5738,190081,64,207591
42900,0.008739,172.31.40.0-255,66,190147,64,207591
42901,0.010676,172.217.194.0-255,5738,195885,64,207591
42902,0.010683,172.31.40.0-255,66,195951,64,207591
42903,0.012632,172.217.194.0-255,3325,199276,64,207591
42904,0.012639,172.31.40.0-255,66,199342,64,207591
42905,0.012799,172.31.40.0-255,105,199447,64,207591
42906,0.018438,172.217.194.0-255,66,199513,64,207591
42907,0.035537,172.31.40.0-255,172,199685,64,207591
42908,0.03557,172.31.40.0-255,1111,200796,64,207591
42909,0.035636,172.31.40.0-255,1514,202310,64,207591
42910,0.035638,172.31.40.0-255,1514,203824,64,207591
42911,0.035644,172.31.40.0-255,1514,205338,64,207591
42912,0.035645,172.31.40.0-255,1514,206852,64,207591
42913,0.035669,172.31.40.0-255,475,207327,64,207591
42914,0.037091,104.244.42.0-255,66,207393,64,207591
42915,0.037122,104.244.42.0-255,66,207459,64,207591
42916,0.037223,104.244.42.0-255,66,207525,64,207591
42917,0.037236,104.244.42.0-255,66,207591,64,207591
42918,0.0,74.125.68.0-255,146,146,64,391894
42919,1.4e-05,172.31.40.0-255,66,212,64,391894
42920,3.5e-05,74.125.68.0-255,1484,1696,64,391894
42921,3.9e-05,172.31.40.0-255,66,1762,64,391894
42922,4.5e-05,74.125.68.0-255,2902,4664,64,391894
42923,4.7e-05,172.31.40.0-255,66,4730,64,391894
42924,7.2e-05,74.125.68.0-255,1484,6214,64,391894
42925,7.4e-05,172.31.40.0-255,66,6280,64,391894
42926,9.3e-05,74.125.68.0-255,5738,12018,64,391894
42927,9.6e-05,172.31.40.0-255,66,12084,64,391894
42928,0.0001,74.125.68.0-255,1983,14067,64,391894
42929,0.000101,172.31.40.0-255,66,14133,64,391894
42930,0.000117,74.125.68.0-255,1484,15617,64,391894
42931,0.00012,172.31.40.0-255,66,15683,64,391894
42932,0.000143,74.125.68.0-255,2902,18585,64,391894
42933,0.000145,172.31.40.0-255,66,18651,64,391894
42934,0.000151,74.125.68.0-255,5738,24389,64,391894
42935,0.000153,172.31.40.0-255,66,24455,64,391894
42936,0.000158,74.125.68.0-255,2902,27357,64,391894
42937,0.000159,172.31.40.0-255,66,27423,64,391894
42938,0.000173,74.125.68.0-255,1484,28907,64,391894
42939,0.000175,172.31.40.0-255,66,28973,64,391894
42940,0.000218,74.125.68.0-255,2543,31516,64,391894
42941,0.000221,172.31.40.0-255,66,31582,64,391894
42942,0.000265,74.125.68.0-255,1484,33066,64,391894
42943,0.000268,172.31.40.0-255,66,33132,64,391894
42944,0.000273,74.125.68.0-255,2902,36034,64,391894
42945,0.000275,172.31.40.0-255,66,36100,64,391894
42946,0.000288,74.125.68.0-255,1484,37584,64,391894
42947,0.00029,172.31.40.0-255,66,37650,64,391894
42948,0.000317,74.125.68.0-255,4320,41970,64,391894
42949,0.00032,172.31.40.0-255,66,42036,64,391894
42950,0.000327,74.125.68.0-255,6797,48833,64,391894
42951,0.000329,172.31.40.0-255,66,48899,64,391894
42952,0.000348,74.125.68.0-255,7156,56055,64,391894
42953,0.00035,172.31.40.0-255,66,56121,64,391894
42954,0.000363,74.125.68.0-255,2902,59023,64,391894
42955,0.000365,172.31.40.0-255,66,59089,64,391894
42956,0.000387,74.125.68.0-255,6797,65886,64,391894
42957,0.000389,172.31.40.0-255,66,65952,64,391894
42958,0.000433,74.125.68.0-255,413,66365,64,391894
42959,0.000477,74.125.68.0-255,330,66695,64,391894
42960,0.000706,74.125.68.0-255,1484,68179,64,391894
42961,0.000712,172.31.40.0-255,66,68245,64,391894
42962,0.000725,74.125.68.0-255,2902,71147,64,391894
42963,0.000727,172.31.40.0-255,66,71213,64,391894
42964,0.000758,74.125.68.0-255,5738,76951,64,391894
42965,0.000761,172.31.40.0-255,66,77017,64,391894
42966,0.000765,74.125.68.0-255,2902,79919,64,391894
42967,0.000767,172.31.40.0-255,66,79985,64,391894
42968,0.000817,74.125.68.0-255,5738,85723,64,391894
42969,0.00082,172.31.40.0-255,66,85789,64,391894
42970,0.000843,74.125.68.0-255,2902,88691,64,391894
42971,0.000845,172.31.40.0-255,66,88757,64,391894
42972,0.000857,172.31.40.0-255,66,88823,64,391894
42973,0.000861,74.125.68.0-255,2184,91007,64,391894
42974,0.000863,172.31.40.0-255,66,91073,64,391894
42975,0.001045,74.125.68.0-255,1484,92557,64,391894
42976,0.001074,74.125.68.0-255,2902,95459,64,391894
42977,0.001078,172.31.40.0-255,66,95525,64,391894
42978,0.001081,74.125.68.0-255,1484,97009,64,391894
42979,0.001101,74.125.68.0-255,4320,101329,64,391894
42980,0.001103,172.31.40.0-255,66,101395,64,391894
42981,0.001107,74.125.68.0-255,2902,104297,64,391894
42982,0.001109,172.31.40.0-255,66,104363,64,391894
42983,0.001125,74.125.68.0-255,2902,107265,64,391894
42984,0.001128,172.31.40.0-255,66,107331,64,391894
42985,0.001135,74.125.68.0-255,7156,114487,64,391894
42986,0.001137,172.31.40.0-255,66,114553,64,391894
42987,0.001179,74.125.68.0-255,4320,118873,64,391894
42988,0.001182,172.31.40.0-255,66,118939,64,391894
42989,0.001206,74.125.68.0-255,5738,124677,64,391894
42990,0.001208,74.125.68.0-255,766,125443,64,391894
42991,0.001213,172.31.40.0-255,66,125509,64,391894
42992,0.001638,74.125.68.0-255,1484,126993,64,391894
42993,0.001642,172.31.40.0-255,66,127059,64,391894
42994,0.001648,74.125.68.0-255,2902,129961,64,391894
42995,0.00165,172.31.40.0-255,66,130027,64,391894
42996,0.001673,74.125.68.0-255,4320,134347,64,391894
42997,0.001676,172.31.40.0-255,66,134413,64,391894
42998,0.001704,74.125.68.0-255,5738,140151,64,391894
42999,0.001707,172.31.40.0-255,66,140217,64,391894
43000,0.00174,172.31.40.0-255,66,140283,64,391894
43001,0.001766,74.125.68.0-255,1484,141767,64,391894
43002,0.001781,74.125.68.0-255,7156,148923,64,391894
43003,0.001784,172.31.40.0-255,66,148989,64,391894
43004,0.0018,74.125.68.0-255,766,149755,64,391894
43005,0.002006,74.125.68.0-255,1484,151239,64,391894
43006,0.002009,74.125.68.0-255,1484,152723,64,391894
43007,0.002014,172.31.40.0-255,66,152789,64,391894
43008,0.002025,74.125.68.0-255,1484,154273,64,391894
43009,0.002027,172.31.40.0-255,66,154339,64,391894
43010,0.002032,74.125.68.0-255,2902,157241,64,391894
43011,0.002034,172.31.40.0-255,66,157307,64,391894
43012,0.002057,74.125.68.0-255,2902,160209,64,391894
43013,0.002059,172.31.40.0-255,66,160275,64,391894
43014,0.002098,172.31.40.0-255,66,160341,64,391894
43015,0.002121,74.125.68.0-255,4320,164661,64,391894
43016,0.002127,74.125.68.0-255,4320,168981,64,391894
43017,0.002132,74.125.68.0-255,4320,173301,64,391894
43018,0.002135,172.31.40.0-255,66,173367,64,391894
43019,0.002138,172.31.40.0-255,66,173433,64,391894
43020,0.00214,172.31.40.0-255,66,173499,64,391894
43021,0.00215,74.125.68.0-255,2184,175683,64,391894
43022,0.002152,172.31.40.0-255,66,175749,64,391894
43023,0.004419,74.125.68.0-255,5738,181487,64,391894
43024,0.004427,172.31.40.0-255,66,181553,64,391894
43025,0.006696,74.125.68.0-255,5738,187291,64,391894
43026,0.0067,172.31.40.0-255,66,187357,64,391894
43027,0.008971,74.125.68.0-255,5738,193095,64,391894
43028,0.008977,172.31.40.0-255,66,193161,64,391894
43029,0.011258,74.125.68.0-255,5738,198899,64,391894
43030,0.011266,172.31.40.0-255,66,198965,64,391894
43031,0.013555,74.125.68.0-255,5738,204703,64,391894
43032,0.013563,172.31.40.0-255,66,204769,64,391894
43033,0.015831,74.125.68.0-255,5738,210507,64,391894
43034,0.015841,172.31.40.0-255,66,210573,64,391894
43035,0.018137,74.125.68.0-255,5738,216311,64,391894
43036,0.018146,172.31.40.0-255,66,216377,64,391894
43037,0.020425,74.125.68.0-255,5738,222115,64,391894
43038,0.020434,172.31.40.0-255,66,222181,64,391894
43039,0.022719,74.125.68.0-255,5738,227919,64,391894
43040,0.022727,172.31.40.0-255,66,227985,64,391894
43041,0.02502,74.125.68.0-255,5738,233723,64,391894
43042,0.025028,172.31.40.0-255,66,233789,64,391894
43043,0.02731,74.125.68.0-255,5738,239527,64,391894
43044,0.027319,172.31.40.0-255,66,239593,64,391894
43045,0.02961,74.125.68.0-255,5738,245331,64,391894
43046,0.029618,172.31.40.0-255,66,245397,64,391894
43047,0.031006,172.31.40.0-255,167,245564,64,391894
43048,0.031035,172.31.40.0-255,1111,246675,64,391894
43049,0.031095,172.31.40.0-255,1514,248189,64,391894
43050,0.031097,172.31.40.0-255,1297,249486,64,391894
43051,0.031911,74.125.68.0-255,5738,255224,64,391894
43052,0.031918,172.31.40.0-255,66,255290,64,391894
43053,0.032524,104.244.42.0-255,66,255356,64,391894
43054,0.032578,104.244.42.0-255,66,255422,64,391894
43055,0.032609,104.244.42.0-255,66,255488,64,391894
43056,0.034202,74.125.68.0-255,5738,261226,64,391894
43057,0.034209,172.31.40.0-255,66,261292,64,391894
43058,0.036499,74.125.68.0-255,5738,267030,64,391894
43059,0.036506,172.31.40.0-255,66,267096,64,391894
43060,0.038796,74.125.68.0-255,5738,272834,64,391894
43061,0.038803,172.31.40.0-255,66,272900,64,391894
43062,0.041075,74.125.68.0-255,5738,278638,64,391894
43063,0.041084,172.31.40.0-255,66,278704,64,391894
43064,0.04337,74.125.68.0-255,5738,284442,64,391894
43065,0.043377,172.31.40.0-255,66,284508,64,391894
43066,0.045658,74.125.68.0-255,5738,290246,64,391894
43067,0.045664,172.31.40.0-255,66,290312,64,391894
43068,0.047939,74.125.68.0-255,5738,296050,64,391894
43069,0.047945,172.31.40.0-255,66,296116,64,391894
43070,0.050231,74.125.68.0-255,5738,301854,64,391894
43071,0.050241,172.31.40.0-255,66,301920,64,391894
43072,0.05253,74.125.68.0-255,5738,307658,64,391894
43073,0.052537,172.31.40.0-255,66,307724,64,391894
43074,0.054815,74.125.68.0-255,5738,313462,64,391894
43075,0.054822,172.31.40.0-255,66,313528,64,391894
43076,0.057127,74.125.68.0-255,5738,319266,64,391894
43077,0.057133,172.31.40.0-255,66,319332,64,391894
43078,0.059407,74.125.68.0-255,4320,323652,64,391894
43079,0.059413,172.31.40.0-255,66,323718,64,391894
43080,0.059429,74.125.68.0-255,1484,325202,64,391894
43081,0.0617,74.125.68.0-255,4320,329522,64,391894
43082,0.061705,172.31.40.0-255,66,329588,64,391894
43083,0.063989,74.125.68.0-255,5738,335326,64,391894
43084,0.063995,172.31.40.0-255,66,335392,64,391894
43085,0.066288,74.125.68.0-255,5738,341130,64,391894
43086,0.066294,172.31.40.0-255,66,341196,64,391894
43087,0.068607,74.125.68.0-255,5738,346934,64,391894
43088,0.068615,172.31.40.0-255,66,347000,64,391894
43089,0.0709,74.125.68.0-255,5738,352738,64,391894
43090,0.070906,172.31.40.0-255,66,352804,64,391894
43091,0.07319,74.125.68.0-255,5738,358542,64,391894
43092,0.073196,172.31.40.0-255,66,358608,64,391894
43093,0.07548,74.125.68.0-255,5738,364346,64,391894
43094,0.075485,172.31.40.0-255,66,364412,64,391894
43095,0.077774,74.125.68.0-255,5738,370150,64,391894
43096,0.077781,172.31.40.0-255,66,370216,64,391894
43097,0.080055,74.125.68.0-255,4320,374536,64,391894
43098,0.080062,172.31.40.0-255,66,374602,64,391894
43099,0.080083,74.125.68.0-255,1484,376086,64,391894
43100,0.082342,74.125.68.0-255,4320,380406,64,391894
43101,0.082349,172.31.40.0-255,66,380472,64,391894
43102,0.084637,74.125.68.0-255,5738,386210,64,391894
43103,0.084643,172.31.40.0-255,66,386276,64,391894
43104,0.086927,74.125.68.0-255,5381,391657,64,391894
43105,0.086934,172.31.40.0-255,66,391723,64,391894
43106,0.087128,172.31.40.0-255,105,391828,64,391894
43107,0.089361,74.125.68.0-255,66,391894,64,391894
43108,0.0,172.217.24.0-255,153,153,64,396469
43109,2.2e-05,172.31.40.0-255,66,219,64,396469
43110,2.9e-05,172.217.24.0-255,1484,1703,64,396469
43111,3.4e-05,172.31.40.0-255,66,1769,64,396469
43112,4e-05,172.217.24.0-255,2902,4671,64,396469
43113,4.4e-05,172.31.40.0-255,66,4737,64,396469
43114,5.1e-05,172.217.24.0-255,7156,11893,64,396469
43115,5.5e-05,172.31.40.0-255,66,11959,64,396469
43116,5.8e-05,172.217.24.0-255,2073,14032,64,396469
43117,6.2e-05,172.31.40.0-255,66,14098,64,396469
43118,0.000176,172.217.24.0-255,1484,15582,64,396469
43119,0.00018,172.31.40.0-255,66,15648,64,396469
43120,0.000186,172.217.24.0-255,2902,18550,64,396469
43121,0.000188,172.31.40.0-255,66,18616,64,396469
43122,0.000195,172.217.24.0-255,5738,24354,64,396469
43123,0.000197,172.31.40.0-255,66,24420,64,396469
43124,0.000246,172.217.24.0-255,2902,27322,64,396469
43125,0.000248,172.31.40.0-255,66,27388,64,396469
43126,0.000267,172.217.24.0-255,3961,31349,64,396469
43127,0.000269,172.31.40.0-255,66,31415,64,396469
43128,0.000284,172.217.24.0-255,4320,35735,64,396469
43129,0.000287,172.31.40.0-255,66,35801,64,396469
43130,0.000322,172.217.24.0-255,2902,38703,64,396469
43131,0.000324,172.31.40.0-255,66,38769,64,396469
43132,0.000336,172.31.40.0-255,66,38835,64,396469
43133,0.000338,172.217.24.0-255,1125,39960,64,396469
43134,0.000341,172.31.40.0-255,66,40026,64,396469
43135,0.00077,172.217.24.0-255,1484,41510,64,396469
43136,0.000777,172.217.24.0-255,2902,44412,64,396469
43137,0.000782,172.31.40.0-255,66,44478,64,396469
43138,0.000785,172.31.40.0-255,66,44544,64,396469
43139,0.000799,172.217.24.0-255,5738,50282,64,396469
43140,0.000802,172.31.40.0-255,66,50348,64,396469
43141,0.000808,172.217.24.0-255,2902,53250,64,396469
43142,0.000811,172.31.40.0-255,66,53316,64,396469
43143,0.000829,172.217.24.0-255,3961,57277,64,396469
43144,0.000833,172.31.40.0-255,66,57343,64,396469
43145,0.000835,172.217.24.0-255,395,57738,64,396469
43146,0.000989,172.31.40.0-255,66,57804,64,396469
43147,0.001183,172.217.24.0-255,113,57917,64,396469
43148,0.001317,172.217.24.0-255,1484,59401,64,396469
43149,0.001321,172.31.40.0-255,66,59467,64,396469
43150,0.001328,172.217.24.0-255,2902,62369,64,396469
43151,0.00133,172.31.40.0-255,66,62435,64,396469
43152,0.001336,172.217.24.0-255,4320,66755,64,396469
43153,0.001339,172.31.40.0-255,66,66821,64,396469
43154,0.001357,172.217.24.0-255,1484,68305,64,396469
43155,0.001365,172.217.24.0-255,6797,75102,64,396469
43156,0.001368,172.31.40.0-255,66,75168,64,396469
43157,0.001402,172.217.24.0-255,2902,78070,64,396469
43158,0.001404,172.31.40.0-255,66,78136,64,396469
43159,0.001408,172.217.24.0-255,1484,79620,64,396469
43160,0.001426,172.217.24.0-255,2902,82522,64,396469
43161,0.001428,172.31.40.0-255,66,82588,64,396469
43162,0.001436,172.217.24.0-255,7156,89744,64,396469
43163,0.001438,172.31.40.0-255,66,89810,64,396469
43164,0.001453,172.217.24.0-255,1484,91294,64,396469
43165,0.001457,172.217.24.0-255,1125,92419,64,396469
43166,0.001459,172.31.40.0-255,66,92485,64,396469
43167,0.003462,172.217.24.0-255,1484,93969,64,396469
43168,0.003479,172.217.24.0-255,2902,96871,64,396469
43169,0.003483,172.31.40.0-255,66,96937,64,396469
43170,0.003488,172.217.24.0-255,1484,98421,64,396469
43171,0.00538,172.217.24.0-255,4320,102741,64,396469
43172,0.005385,172.31.40.0-255,66,102807,64,396469
43173,0.007278,172.217.24.0-255,5738,108545,64,396469
43174,0.007284,172.31.40.0-255,66,108611,64,396469
43175,0.009188,172.217.24.0-255,5738,114349,64,396469
43176,0.009196,172.31.40.0-255,66,114415,64,396469
43177,0.0111,172.217.24.0-255,5738,120153,64,396469
43178,0.011109,172.31.40.0-255,66,120219,64,396469
43179,0.013002,172.217.24.0-255,5738,125957,64,396469
43180,0.013009,172.31.40.0-255,66,126023,64,396469
43181,0.014893,172.217.24.0-255,1484,127507,64,396469
43182,0.014917,172.217.24.0-255,4320,131827,64,396469
43183,0.014922,172.31.40.0-255,66,131893,64,396469
43184,0.016816,172.217.24.0-255,5738,137631,64,396469
43185,0.016824,172.31.40.0-255,66,137697,64,396469
43186,0.018731,172.217.24.0-255,5738,143435,64,396469
43187,0.018744,172.31.40.0-255,66,143501,64,396469
43188,0.020674,172.217.24.0-255,5738,149239,64,396469
43189,0.020682,172.31.40.0-255,66,149305,64,396469
43190,0.022575,172.217.24.0-255,5738,155043,64,396469
43191,0.022582,172.31.40.0-255,66,155109,64,396469
43192,0.024476,172.217.24.0-255,5738,160847,64,396469
43193,0.024483,172.31.40.0-255,66,160913,64,396469
43194,0.026367,172.217.24.0-255,5738,166651,64,396469
43195,0.026376,172.31.40.0-255,66,166717,64,396469
43196,0.028274,172.217.24.0-255,5738,172455,64,396469
43197,0.028282,172.31.40.0-255,66,172521,64,396469
43198,0.030191,172.217.24.0-255,5738,178259,64,396469
43199,0.030199,172.31.40.0-255,66,178325,64,396469
43200,0.032099,172.217.24.0-255,5738,184063,64,396469
43201,0.032108,172.31.40.0-255,66,184129,64,396469
43202,0.034002,172.217.24.0-255,5738,189867,64,396469
43203,0.034011,172.31.40.0-255,66,189933,64,396469
43204,0.035326,172.31.40.0-255,172,190105,64,396469
43205,0.035358,172.31.40.0-255,1112,191217,64,396469
43206,0.035422,172.31.40.0-255,1514,192731,64,396469
43207,0.035425,172.31.40.0-255,1514,194245,64,396469
43208,0.035431,172.31.40.0-255,1514,195759,64,396469
43209,0.035432,172.31.40.0-255,1514,197273,64,396469
43210,0.035449,172.31.40.0-255,1514,198787,64,396469
43211,0.03545,172.31.40.0-255,82,198869,64,396469
43212,0.035904,172.217.24.0-255,5738,204607,64,396469
43213,0.035911,172.31.40.0-255,66,204673,64,396469
43214,0.036892,104.244.42.0-255,66,204739,64,396469
43215,0.036932,104.244.42.0-255,66,204805,64,396469
43216,0.037024,104.244.42.0-255,66,204871,64,396469
43217,0.03703,104.244.42.0-255,66,204937,64,396469
43218,0.037809,172.217.24.0-255,5738,210675,64,396469
43219,0.037817,172.31.40.0-255,66,210741,64,396469
43220,0.039715,172.217.24.0-255,5738,216479,64,396469
43221,0.039723,172.31.40.0-255,66,216545,64,396469
43222,0.041627,172.217.24.0-255,5738,222283,64,396469
43223,0.041633,172.31.40.0-255,66,222349,64,396469
43224,0.043532,172.217.24.0-255,5738,228087,64,396469
43225,0.043539,172.31.40.0-255,66,228153,64,396469
43226,0.04544,172.217.24.0-255,5738,233891,64,396469
43227,0.045447,172.31.40.0-255,66,233957,64,396469
43228,0.04735,172.217.24.0-255,5738,239695,64,396469
43229,0.047357,172.31.40.0-255,66,239761,64,396469
43230,0.049262,172.217.24.0-255,5738,245499,64,396469
43231,0.049268,172.31.40.0-255,66,245565,64,396469
43232,0.051182,172.217.24.0-255,5738,251303,64,396469
43233,0.051197,172.31.40.0-255,66,251369,64,396469
43234,0.05311,172.217.24.0-255,5738,257107,64,396469
43235,0.053123,172.31.40.0-255,66,257173,64,396469
43236,0.055028,172.217.24.0-255,5738,262911,64,396469
43237,0.055041,172.31.40.0-255,66,262977,64,396469
43238,0.056938,172.217.24.0-255,5738,268715,64,396469
43239,0.056948,172.31.40.0-255,66,268781,64,396469
43240,0.05885,172.217.24.0-255,5738,274519,64,396469
43241,0.058865,172.31.40.0-255,66,274585,64,396469
43242,0.060785,172.217.24.0-255,5738,280323,64,396469
43243,0.060803,172.31.40.0-255,66,280389,64,396469
43244,0.062702,172.217.24.0-255,5738,286127,64,396469
43245,0.062719,172.31.40.0-255,66,286193,64,396469
43246,0.06462,172.217.24.0-255,5738,291931,64,396469
43247,0.064636,172.31.40.0-255,66,291997,64,396469
43248,0.066543,172.217.24.0-255,5738,297735,64,396469
43249,0.066557,172.31.40.0-255,66,297801,64,396469
43250,0.068471,172.217.24.0-255,5738,303539,64,396469
43251,0.068478,172.31.40.0-255,66,303605,64,396469
43252,0.070375,172.217.24.0-255,5738,309343,64,396469
43253,0.070382,172.31.40.0-255,66,309409,64,396469
43254,0.072268,172.217.24.0-255,5738,315147,64,396469
43255,0.072274,172.31.40.0-255,66,315213,64,396469
43256,0.074179,172.217.24.0-255,5738,320951,64,396469
43257,0.074186,172.31.40.0-255,66,321017,64,396469
43258,0.076084,172.217.24.0-255,5738,326755,64,396469
43259,0.076091,172.31.40.0-255,66,326821,64,396469
43260,0.077993,172.217.24.0-255,5738,332559,64,396469
43261,0.077999,172.31.40.0-255,66,332625,64,396469
43262,0.079906,172.217.24.0-255,5738,338363,64,396469
43263,0.079913,172.31.40.0-255,66,338429,64,396469
43264,0.081851,172.217.24.0-255,5738,344167,64,396469
43265,0.081857,172.31.40.0-255,66,344233,64,396469
43266,0.083754,172.217.24.0-255,5738,349971,64,396469
43267,0.08376,172.31.40.0-255,66,350037,64,396469
43268,0.085669,172.217.24.0-255,5738,355775,64,396469
43269,0.085676,172.31.40.0-255,66,355841,64,396469
43270,0.087584,172.217.24.0-255,5738,361579,64,396469
43271,0.087591,172.31.40.0-255,66,361645,64,396469
43272,0.089474,172.217.24.0-255,5738,367383,64,396469
43273,0.08948,172.31.40.0-255,66,367449,64,396469
43274,0.09139,172.217.24.0-255,5738,373187,64,396469
43275,0.091397,172.31.40.0-255,66,373253,64,396469
43276,0.093297,172.217.24.0-255,5738,378991,64,396469
43277,0.093304,172.31.40.0-255,66,379057,64,396469
43278,0.095204,172.217.24.0-255,5738,384795,64,396469
43279,0.09521,172.31.40.0-255,66,384861,64,396469
43280,0.097107,172.217.24.0-255,5738,390599,64,396469
43281,0.097116,172.31.40.0-255,66,390665,64,396469
43282,0.099016,172.217.24.0-255,5738,396403,64,396469
43283,0.099024,172.31.40.0-255,66,396469,64,396469
43284,0.0,74.125.24.0-255,146,146,64,286027
43285,2.3e-05,172.31.40.0-255,66,212,64,286027
43286,3.1e-05,74.125.24.0-255,1484,1696,64,286027
43287,3.5e-05,172.31.40.0-255,66,1762,64,286027
43288,4.1e-05,74.125.24.0-255,2902,4664,64,286027
43289,4.5e-05,172.31.40.0-255,66,4730,64,286027
43290,5.2e-05,74.125.24.0-255,7156,11886,64,286027
43291,5.5e-05,172.31.40.0-255,66,11952,64,286027
43292,7.8e-05,74.125.24.0-255,2075,14027,64,286027
43293,8.1e-05,172.31.40.0-255,66,14093,64,286027
43294,8.6e-05,74.125.24.0-255,2902,16995,64,286027
43295,8.9e-05,172.31.40.0-255,66,17061,64,286027
43296,0.00012,74.125.24.0-255,7156,24217,64,286027
43297,0.000123,172.31.40.0-255,66,24283,64,286027
43298,0.000147,74.125.24.0-255,6797,31080,64,286027
43299,0.00015,172.31.40.0-255,66,31146,64,286027
43300,0.000213,74.125.24.0-255,1484,32630,64,286027
43301,0.000216,172.31.40.0-255,66,32696,64,286027
43302,0.000231,74.125.24.0-255,2902,35598,64,286027
43303,0.000233,172.31.40.0-255,66,35664,64,286027
43304,0.000238,74.125.24.0-255,2902,38566,64,286027
43305,0.000241,172.31.40.0-255,66,38632,64,286027
43306,0.000265,74.125.24.0-255,2902,41534,64,286027
43307,0.000268,172.31.40.0-255,66,41600,64,286027
43308,0.000271,74.125.24.0-255,1484,43084,64,286027
43309,0.000273,172.31.40.0-255,66,43150,64,286027
43310,0.000307,172.31.40.0-255,66,43216,64,286027
43311,0.000327,74.125.24.0-255,2902,46118,64,286027
43312,0.000329,172.31.40.0-255,66,46184,64,286027
43313,0.000354,74.125.24.0-255,7072,53256,64,286027
43314,0.000357,172.31.40.0-255,66,53322,64,286027
43315,0.000359,74.125.24.0-255,127,53449,64,286027
43316,0.000362,172.31.40.0-255,66,53515,64,286027
43317,0.000374,74.125.24.0-255,350,53865,64,286027
43318,0.000376,172.31.40.0-255,66,53931,64,286027
43319,0.000729,74.125.24.0-255,1484,55415,64,286027
43320,0.000734,172.31.40.0-255,66,55481,64,286027
43321,0.000757,74.125.24.0-255,2902,58383,64,286027
43322,0.00076,172.31.40.0-255,66,58449,64,286027
43323,0.000766,74.125.24.0-255,5738,64187,64,286027
43324,0.000769,172.31.40.0-255,66,64253,64,286027
43325,0.000804,172.31.40.0-255,66,64319,64,286027
43326,0.000808,74.125.24.0-255,2902,67221,64,286027
43327,0.00081,172.31.40.0-255,66,67287,64,286027
43328,0.000828,74.125.24.0-255,5738,73025,64,286027
43329,0.00083,172.31.40.0-255,66,73091,64,286027
43330,0.000846,74.125.24.0-255,2184,75275,64,286027
43331,0.000849,172.31.40.0-255,66,75341,64,286027
43332,0.001006,74.125.24.0-255,1484,76825,64,286027
43333,0.001011,172.31.40.0-255,66,76891,64,286027
43334,0.001016,74.125.24.0-255,2902,79793,64,286027
43335,0.001019,172.31.40.0-255,66,79859,64,286027
43336,0.001025,74.125.24.0-255,5738,85597,64,286027
43337,0.001028,172.31.40.0-255,66,85663,64,286027
43338,0.001065,172.31.40.0-255,66,85729,64,286027
43339,0.001136,172.31.40.0-255,66,85795,64,286027
43340,0.001551,74.125.24.0-255,1484,87279,64,286027
43341,0.001557,172.31.40.0-255,66,87345,64,286027
43342,0.001562,74.125.24.0-255,2902,90247,64,286027
43343,0.001564,172.31.40.0-255,66,90313,64,286027
43344,0.001571,74.125.24.0-255,5738,96051,64,286027
43345,0.001573,172.31.40.0-255,66,96117,64,286027
43346,0.001598,74.125.24.0-255,4320,100437,64,286027
43347,0.001603,172.31.40.0-255,66,100503,64,286027
43348,0.001612,74.125.24.0-255,4320,104823,64,286027
43349,0.001614,172.31.40.0-255,66,104889,64,286027
43350,0.00164,74.125.24.0-255,4320,109209,64,286027
43351,0.001643,172.31.40.0-255,66,109275,64,286027
43352,0.001653,172.31.40.0-255,66,109341,64,286027
43353,0.001657,74.125.24.0-255,2184,111525,64,286027
43354,0.001674,172.31.40.0-255,66,111591,64,286027
43355,0.001687,74.125.24.0-255,2902,114493,64,286027
43356,0.001704,172.31.40.0-255,66,114559,64,286027
43357,0.001721,74.125.24.0-255,7156,121715,64,286027
43358,0.001728,74.125.24.0-255,5738,127453,64,286027
43359,0.001735,74.125.24.0-255,7156,134609,64,286027
43360,0.001763,74.125.24.0-255,7156,141765,64,286027
43361,0.001768,74.125.24.0-255,3602,145367,64,286027
43362,0.00177,172.31.40.0-255,66,145433,64,286027
43363,0.001782,172.31.40.0-255,66,145499,64,286027
43364,0.001829,74.125.24.0-255,1484,146983,64,286027
43365,0.001834,74.125.24.0-255,2902,149885,64,286027
43366,0.001852,74.125.24.0-255,2902,152787,64,286027
43367,0.001855,172.31.40.0-255,66,152853,64,286027
43368,0.001865,172.31.40.0-255,66,152919,64,286027
43369,0.001875,74.125.24.0-255,1484,154403,64,286027
43370,0.001895,74.125.24.0-255,2902,157305,64,286027
43371,0.001908,74.125.24.0-255,2902,160207,64,286027
43372,0.001927,74.125.24.0-255,7156,167363,64,286027
43373,0.001943,172.31.40.0-255,66,167429,64,286027
43374,0.001959,74.125.24.0-255,1484,168913,64,286027
43375,0.001981,74.125.24.0-255,2184,171097,64,286027
43376,0.001987,172.31.40.0-255,66,171163,64,286027
43377,0.002059,74.125.24.0-255,1484,172647,64,286027
43378,0.002064,74.125.24.0-255,2902,175549,64,286027
43379,0.002067,74.125.24.0-255,1484,177033,64,286027
43380,0.002077,172.31.40.0-255,66,177099,64,286027
43381,0.002088,74.125.24.0-255,4320,181419,64,286027
43382,0.002106,172.31.40.0-255,66,181485,64,286027
43383,0.00216,74.125.24.0-255,1484,182969,64,286027
43384,0.002169,172.31.40.0-255,66,183035,64,286027
43385,0.002179,74.125.24.0-255,2902,185937,64,286027
43386,0.002195,74.125.24.0-255,5738,191675,64,286027
43387,0.002212,74.125.24.0-255,4320,195995,64,286027
43388,0.002242,172.31.40.0-255,66,196061,64,286027
43389,0.002302,74.125.24.0-255,2184,198245,64,286027
43390,0.002324,172.31.40.0-255,66,198311,64,286027
43391,0.002345,74.125.24.0-255,5738,204049,64,286027
43392,0.002354,172.31.40.0-255,66,204115,64,286027
43393,0.004611,74.125.24.0-255,5738,209853,64,286027
43394,0.004618,172.31.40.0-255,66,209919,64,286027
43395,0.006879,74.125.24.0-255,5738,215657,64,286027
43396,0.006886,172.31.40.0-255,66,215723,64,286027
43397,0.009146,74.125.24.0-255,5738,221461,64,286027
43398,0.009154,172.31.40.0-255,66,221527,64,286027
43399,0.011428,74.125.24.0-255,5738,227265,64,286027
43400,0.011435,172.31.40.0-255,66,227331,64,286027
43401,0.013702,74.125.24.0-255,5738,233069,64,286027
43402,0.013711,172.31.40.0-255,66,233135,64,286027
43403,0.015988,74.125.24.0-255,5738,238873,64,286027
43404,0.015998,172.31.40.0-255,66,238939,64,286027
43405,0.018277,74.125.24.0-255,5738,244677,64,286027
43406,0.018285,172.31.40.0-255,66,244743,64,286027
43407,0.020536,74.125.24.0-255,5738,250481,64,286027
43408,0.020544,172.31.40.0-255,66,250547,64,286027
43409,0.022827,74.125.24.0-255,5738,256285,64,286027
43410,0.022838,172.31.40.0-255,66,256351,64,286027
43411,0.025103,74.125.24.0-255,5738,262089,64,286027
43412,0.025114,172.31.40.0-255,66,262155,64,286027
43413,0.02739,74.125.24.0-255,5738,267893,64,286027
43414,0.027398,172.31.40.0-255,66,267959,64,286027
43415,0.029642,74.125.24.0-255,5738,273697,64,286027
43416,0.029649,172.31.40.0-255,66,273763,64,286027
43417,0.031938,74.125.24.0-255,5738,279501,64,286027
43418,0.031948,172.31.40.0-255,66,279567,64,286027
43419,0.034213,74.125.24.0-255,1929,281496,64,286027
43420,0.034223,172.31.40.0-255,66,281562,64,286027
43421,0.034446,172.31.40.0-255,105,281667,64,286027
43422,0.036683,74.125.24.0-255,66,281733,64,286027
43423,0.052391,172.31.40.0-255,172,281905,64,286027
43424,0.052424,172.31.40.0-255,1112,283017,64,286027
43425,0.052481,172.31.40.0-255,1514,284531,64,286027
43426,0.052483,172.31.40.0-255,1298,285829,64,286027
43427,0.053887,104.244.42.0-255,66,285895,64,286027
43428,0.053925,104.244.42.0-255,66,285961,64,286027
43429,0.05398,104.244.42.0-255,66,286027,64,286027
43430,0.0,172.217.194.0-255,146,146,64,324939
43431,2.5e-05,172.31.40.0-255,66,212,64,324939
43432,3.2e-05,172.217.194.0-255,1484,1696,64,324939
43433,3.7e-05,172.31.40.0-255,66,1762,64,324939
43434,5.9e-05,172.217.194.0-255,2902,4664,64,324939
43435,6.3e-05,172.31.40.0-255,66,4730,64,324939
43436,7.1e-05,172.217.194.0-255,7156,11886,64,324939
43437,7.5e-05,172.31.40.0-255,66,11952,64,324939
43438,7.9e-05,172.217.194.0-255,2100,14052,64,324939
43439,8.2e-05,172.31.40.0-255,66,14118,64,324939
43440,0.000164,172.217.194.0-255,1484,15602,64,324939
43441,0.000167,172.31.40.0-255,66,15668,64,324939
43442,0.000173,172.217.194.0-255,2902,18570,64,324939
43443,0.000175,172.31.40.0-255,66,18636,64,324939
43444,0.000198,172.217.194.0-255,5738,24374,64,324939
43445,0.000205,172.31.40.0-255,66,24440,64,324939
43446,0.000212,172.217.194.0-255,6797,31237,64,324939
43447,0.000214,172.31.40.0-255,66,31303,64,324939
43448,0.000596,172.217.194.0-255,1484,32787,64,324939
43449,0.000602,172.31.40.0-255,66,32853,64,324939
43450,0.000609,172.217.194.0-255,2902,35755,64,324939
43451,0.000611,172.31.40.0-255,66,35821,64,324939
43452,0.000622,172.217.194.0-255,5738,41559,64,324939
43453,0.000625,172.31.40.0-255,66,41625,64,324939
43454,0.000674,172.31.40.0-255,66,41691,64,324939
43455,0.000693,172.31.40.0-255,66,41757,64,324939
43456,0.000948,172.217.194.0-255,379,42136,64,324939
43457,0.000952,172.31.40.0-255,66,42202,64,324939
43458,0.000998,172.217.194.0-255,365,42567,64,324939
43459,0.001002,172.31.40.0-255,66,42633,64,324939
43460,0.001273,172.217.194.0-255,1484,44117,64,324939
43461,0.001278,172.31.40.0-255,66,44183,64,324939
43462,0.001286,172.217.194.0-255,2902,47085,64,324939
43463,0.001288,172.31.40.0-255,66,47151,64,324939
43464,0.0013,172.217.194.0-255,5738,52889,64,324939
43465,0.001302,172.31.40.0-255,66,52955,64,324939
43466,0.001341,172.31.40.0-255,66,53021,64,324939
43467,0.001357,172.31.40.0-255,66,53087,64,324939
43468,0.00136,172.217.194.0-255,766,53853,64,324939
43469,0.001362,172.31.40.0-255,66,53919,64,324939
43470,0.001844,172.217.194.0-255,1484,55403,64,324939
43471,0.00185,172.31.40.0-255,66,55469,64,324939
43472,0.001857,172.217.194.0-255,2902,58371,64,324939
43473,0.001859,172.31.40.0-255,66,58437,64,324939
43474,0.001863,172.217.194.0-255,1484,59921,64,324939
43475,0.00187,172.31.40.0-255,66,59987,64,324939
43476,0.001913,172.217.194.0-255,4320,64307,64,324939
43477,0.001916,172.31.40.0-255,66,64373,64,324939
43478,0.001927,172.31.40.0-255,66,64439,64,324939
43479,0.001935,172.217.194.0-255,1484,65923,64,324939
43480,0.001937,172.31.40.0-255,66,65989,64,324939
43481,0.002028,172.217.194.0-255,1484,67473,64,324939
43482,0.002034,172.217.194.0-255,2902,70375,64,324939
43483,0.002052,172.217.194.0-255,5738,76113,64,324939
43484,0.00207,172.217.194.0-255,2902,79015,64,324939
43485,0.002101,172.217.194.0-255,7156,86171,64,324939
43486,0.002122,172.217.194.0-255,3602,89773,64,324939
43487,0.002226,172.217.194.0-255,1484,91257,64,324939
43488,0.002244,172.217.194.0-255,2902,94159,64,324939
43489,0.002248,172.217.194.0-255,2902,97061,64,324939
43490,0.00226,172.217.194.0-255,2902,99963,64,324939
43491,0.002293,172.217.194.0-255,2902,102865,64,324939
43492,0.002312,172.217.194.0-255,4320,107185,64,324939
43493,0.005304,172.31.40.0-255,66,107251,64,324939
43494,0.007604,172.217.194.0-255,5738,112989,64,324939
43495,0.007611,172.31.40.0-255,66,113055,64,324939
43496,0.009834,172.217.194.0-255,4320,117375,64,324939
43497,0.009845,172.31.40.0-255,66,117441,64,324939
43498,0.009876,172.217.194.0-255,1484,118925,64,324939
43499,0.009879,172.31.40.0-255,66,118991,64,324939
43500,0.012111,172.217.194.0-255,4320,123311,64,324939
43501,0.01212,172.31.40.0-255,66,123377,64,324939
43502,0.012184,172.217.194.0-255,1484,124861,64,324939
43503,0.014375,172.217.194.0-255,4320,129181,64,324939
43504,0.014383,172.31.40.0-255,66,129247,64,324939
43505,0.016617,172.217.194.0-255,5738,134985,64,324939
43506,0.016674,172.31.40.0-255,66,135051,64,324939
43507,0.018924,172.217.194.0-255,5738,140789,64,324939
43508,0.01893,172.31.40.0-255,66,140855,64,324939
43509,0.021171,172.217.194.0-255,5738,146593,64,324939
43510,0.02118,172.31.40.0-255,66,146659,64,324939
43511,0.023412,172.217.194.0-255,5738,152397,64,324939
43512,0.023419,172.31.40.0-255,66,152463,64,324939
43513,0.025688,172.217.194.0-255,5738,158201,64,324939
43514,0.025698,172.31.40.0-255,66,158267,64,324939
43515,0.027945,172.217.194.0-255,5738,164005,64,324939
43516,0.027954,172.31.40.0-255,66,164071,64,324939
43517,0.030235,172.217.194.0-255,5738,169809,64,324939
43518,0.030252,172.31.40.0-255,66,169875,64,324939
43519,0.032545,172.217.194.0-255,5738,175613,64,324939
43520,0.033314,172.31.40.0-255,66,175679,64,324939
43521,0.035612,172.217.194.0-255,5738,181417,64,324939
43522,0.035629,172.31.40.0-255,66,181483,64,324939
43523,0.037855,172.217.194.0-255,5738,187221,64,324939
43524,0.037866,172.31.40.0-255,66,187287,64,324939
43525,0.040172,172.217.194.0-255,5738,193025,64,324939
43526,0.040191,172.31.40.0-255,66,193091,64,324939
43527,0.042152,172.31.40.0-255,172,193263,64,324939
43528,0.042181,172.31.40.0-255,1113,194376,64,324939
43529,0.042242,172.31.40.0-255,1514,195890,64,324939
43530,0.042244,172.31.40.0-255,1295,197185,64,324939
43531,0.042467,172.217.194.0-255,5738,202923,64,324939
43532,0.042474,172.31.40.0-255,66,202989,64,324939
43533,0.043733,104.244.42.0-255,66,203055,64,324939
43534,0.043778,104.244.42.0-255,66,203121,64,324939
43535,0.043841,104.244.42.0-255,66,203187,64,324939
43536,0.044724,172.217.194.0-255,5738,208925,64,324939
43537,0.044733,172.31.40.0-255,66,208991,64,324939
43538,0.047039,172.217.194.0-255,5738,214729,64,324939
43539,0.047056,172.31.40.0-255,66,214795,64,324939
43540,0.049351,172.217.194.0-255,5738,220533,64,324939
43541,0.049369,172.31.40.0-255,66,220599,64,324939
43542,0.051659,172.217.194.0-255,5738,226337,64,324939
43543,0.051676,172.31.40.0-255,66,226403,64,324939
43544,0.0539,172.217.194.0-255,5738,232141,64,324939
43545,0.053908,172.31.40.0-255,66,232207,64,324939
43546,0.056185,172.217.194.0-255,5738,237945,64,324939
43547,0.056203,172.31.40.0-255,66,238011,64,324939
43548,0.058492,172.217.194.0-255,5738,243749,64,324939
43549,0.058505,172.31.40.0-255,66,243815,64,324939
43550,0.060778,172.217.194.0-255,5738,249553,64,324939
43551,0.060793,172.31.40.0-255,66,249619,64,324939
43552,0.063097,172.217.194.0-255,5738,255357,64,324939
43553,0.063114,172.31.40.0-255,66,255423,64,324939
43554,0.06536,172.217.194.0-255,4320,259743,64,324939
43555,0.065367,172.31.40.0-255,66,259809,64,324939
43556,0.065395,172.217.194.0-255,1484,261293,64,324939
43557,0.067669,172.217.194.0-255,4320,265613,64,324939
43558,0.067687,172.31.40.0-255,66,265679,64,324939
43559,0.06994,172.217.194.0-255,5738,271417,64,324939
43560,0.069983,172.31.40.0-255,66,271483,64,324939
43561,0.072278,172.217.194.0-255,5738,277221,64,324939
43562,0.072295,172.31.40.0-255,66,277287,64,324939
43563,0.074557,172.217.194.0-255,5738,283025,64,324939
43564,0.074568,172.31.40.0-255,66,283091,64,324939
43565,0.07684,172.217.194.0-255,5738,288829,64,324939
43566,0.076851,172.31.40.0-255,66,288895,64,324939
43567,0.079105,172.217.194.0-255,5738,294633,64,324939
43568,0.079112,172.31.40.0-255,66,294699,64,324939
43569,0.081419,172.217.194.0-255,5738,300437,64,324939
43570,0.081426,172.31.40.0-255,66,300503,64,324939
43571,0.083677,172.217.194.0-255,5738,306241,64,324939
43572,0.083683,172.31.40.0-255,66,306307,64,324939
43573,0.085911,172.217.194.0-255,5738,312045,64,324939
43574,0.085917,172.31.40.0-255,66,312111,64,324939
43575,0.088162,172.217.194.0-255,5738,317849,64,324939
43576,0.08817,172.31.40.0-255,66,317915,64,324939
43577,0.090395,172.217.194.0-255,5738,323653,64,324939
43578,0.090402,172.31.40.0-255,66,323719,64,324939
43579,0.092619,172.217.194.0-255,983,324702,64,324939
43580,0.092996,172.31.40.0-255,66,324768,64,324939
43581,0.093039,172.31.40.0-255,105,324873,64,324939
43582,0.095253,172.217.194.0-255,66,324939,64,324939
43583,0.0,74.125.24.0-255,146,146,64,354665
43584,2.3e-05,172.31.40.0-255,66,212,64,354665
43585,3.2e-05,74.125.24.0-255,1484,1696,64,354665
43586,3.7e-05,172.31.40.0-255,66,1762,64,354665
43587,5e-05,74.125.24.0-255,2902,4664,64,354665
43588,5.4e-05,172.31.40.0-255,66,4730,64,354665
43589,6.1e-05,74.125.24.0-255,5738,10468,64,354665
43590,6.4e-05,172.31.40.0-255,66,10534,64,354665
43591,7.1e-05,74.125.24.0-255,6295,16829,64,354665
43592,7.5e-05,172.31.40.0-255,66,16895,64,354665
43593,8.8e-05,172.31.40.0-255,66,16961,64,354665
43594,0.00012,74.125.24.0-255,5379,22340,64,354665
43595,0.000123,172.31.40.0-255,66,22406,64,354665
43596,0.000393,74.125.24.0-255,1484,23890,64,354665
43597,0.000396,172.31.40.0-255,66,23956,64,354665
43598,0.00042,74.125.24.0-255,2902,26858,64,354665
43599,0.000423,172.31.40.0-255,66,26924,64,354665
43600,0.00043,74.125.24.0-255,5738,32662,64,354665
43601,0.000432,172.31.40.0-255,66,32728,64,354665
43602,0.000469,172.31.40.0-255,66,32794,64,354665
43603,0.000523,172.31.40.0-255,66,32860,64,354665
43604,0.000546,74.125.24.0-255,2816,35676,64,354665
43605,0.000549,172.31.40.0-255,66,35742,64,354665
43606,0.000552,74.125.24.0-255,382,36124,64,354665
43607,0.000553,172.31.40.0-255,66,36190,64,354665
43608,0.000735,74.125.24.0-255,1484,37674,64,354665
43609,0.000738,172.31.40.0-255,66,37740,64,354665
43610,0.000743,74.125.24.0-255,2902,40642,64,354665
43611,0.000745,172.31.40.0-255,66,40708,64,354665
43612,0.000753,74.125.24.0-255,2902,43610,64,354665
43613,0.000783,74.125.24.0-255,2902,46512,64,354665
43614,0.000791,74.125.24.0-255,6797,53309,64,354665
43615,0.000794,74.125.24.0-255,1484,54793,64,354665
43616,0.000826,74.125.24.0-255,2543,57336,64,354665
43617,0.001032,74.125.24.0-255,1484,58820,64,354665
43618,0.001047,74.125.24.0-255,2902,61722,64,354665
43619,0.001065,74.125.24.0-255,5738,67460,64,354665
43620,0.001093,74.125.24.0-255,4320,71780,64,354665
43621,0.001118,74.125.24.0-255,2902,74682,64,354665
43622,0.001131,74.125.24.0-255,1484,76166,64,354665
43623,0.001153,74.125.24.0-255,4320,80486,64,354665
43624,0.001167,74.125.24.0-255,2184,82670,64,354665
43625,0.001215,74.125.24.0-255,1484,84154,64,354665
43626,0.001234,74.125.24.0-255,2902,87056,64,354665
43627,0.001256,74.125.24.0-255,2902,89958,64,354665
43628,0.001267,74.125.24.0-255,1484,91442,64,354665
43629,0.001274,74.125.24.0-255,5738,97180,64,354665
43630,0.001307,74.125.24.0-255,4320,101500,64,354665
43631,0.001352,74.125.24.0-255,5738,107238,64,354665
43632,0.001391,74.125.24.0-255,1484,108722,64,354665
43633,0.001411,74.125.24.0-255,5738,114460,64,354665
43634,0.001415,74.125.24.0-255,2184,116644,64,354665
43635,0.001632,74.125.24.0-255,1484,118128,64,354665
43636,0.001655,74.125.24.0-255,2902,121030,64,354665
43637,0.001658,74.125.24.0-255,1484,122514,64,354665
43638,0.001683,74.125.24.0-255,1484,123998,64,354665
43639,0.001712,74.125.24.0-255,4320,128318,64,354665
43640,0.001729,74.125.24.0-255,4320,132638,64,354665
43641,0.001789,74.125.24.0-255,5020,137658,64,354665
43642,0.00186,172.31.40.0-255,66,137724,64,354665
43643,0.003934,74.125.24.0-255,5738,143462,64,354665
43644,0.003942,172.31.40.0-255,66,143528,64,354665
43645,0.005993,74.125.24.0-255,4320,147848,64,354665
43646,0.006015,74.125.24.0-255,1484,149332,64,354665
43647,0.009354,172.31.40.0-255,66,149398,64,354665
43648,0.01141,74.125.24.0-255,5738,155136,64,354665
43649,0.011418,172.31.40.0-255,66,155202,64,354665
43650,0.013467,74.125.24.0-255,5738,160940,64,354665
43651,0.013902,172.31.40.0-255,66,161006,64,354665
43652,0.015972,74.125.24.0-255,5738,166744,64,354665
43653,0.015983,172.31.40.0-255,66,166810,64,354665
43654,0.018051,74.125.24.0-255,5738,172548,64,354665
43655,0.018059,172.31.40.0-255,66,172614,64,354665
43656,0.020109,74.125.24.0-255,5738,178352,64,354665
43657,0.020116,172.31.40.0-255,66,178418,64,354665
43658,0.022183,74.125.24.0-255,5738,184156,64,354665
43659,0.02219,172.31.40.0-255,66,184222,64,354665
43660,0.024244,74.125.24.0-255,5738,189960,64,354665
43661,0.024252,172.31.40.0-255,66,190026,64,354665
43662,0.026294,74.125.24.0-255,5738,195764,64,354665
43663,0.026301,172.31.40.0-255,66,195830,64,354665
43664,0.028361,74.125.24.0-255,5738,201568,64,354665
43665,0.029886,172.31.40.0-255,66,201634,64,354665
43666,0.03196,74.125.24.0-255,5738,207372,64,354665
43667,0.031976,172.31.40.0-255,66,207438,64,354665
43668,0.034026,74.125.24.0-255,5738,213176,64,354665
43669,0.03404,172.31.40.0-255,66,213242,64,354665
43670,0.036107,74.125.24.0-255,5738,218980,64,354665
43671,0.036122,172.31.40.0-255,66,219046,64,354665
43672,0.038168,74.125.24.0-255,5738,224784,64,354665
43673,0.038175,172.31.40.0-255,66,224850,64,354665
43674,0.039337,172.31.40.0-255,167,225017,64,354665
43675,0.039369,172.31.40.0-255,1112,226129,64,354665
43676,0.039426,172.31.40.0-255,1514,227643,64,354665
43677,0.039428,172.31.40.0-255,1514,229157,64,354665
43678,0.039453,172.31.40.0-255,696,229853,64,354665
43679,0.040234,74.125.24.0-255,5738,235591,64,354665
43680,0.040242,172.31.40.0-255,66,235657,64,354665
43681,0.040875,104.244.42.0-255,66,235723,64,354665
43682,0.041053,104.244.42.0-255,66,235789,64,354665
43683,0.041092,104.244.42.0-255,66,235855,64,354665
43684,0.041096,104.244.42.0-255,66,235921,64,354665
43685,0.042272,74.125.24.0-255,5738,241659,64,354665
43686,0.042282,172.31.40.0-255,66,241725,64,354665
43687,0.044322,74.125.24.0-255,5738,247463,64,354665
43688,0.044338,172.31.40.0-255,66,247529,64,354665
43689,0.046399,74.125.24.0-255,5738,253267,64,354665
43690,0.046414,172.31.40.0-255,66,253333,64,354665
43691,0.048492,74.125.24.0-255,5738,259071,64,354665
43692,0.048505,172.31.40.0-255,66,259137,64,354665
43693,0.050581,74.125.24.0-255,5738,264875,64,354665
43694,0.05059,172.31.40.0-255,66,264941,64,354665
43695,0.052623,74.125.24.0-255,5738,270679,64,354665
43696,0.052637,172.31.40.0-255,66,270745,64,354665
43697,0.05465,74.125.24.0-255,5738,276483,64,354665
43698,0.054661,172.31.40.0-255,66,276549,64,354665
43699,0.05671,74.125.24.0-255,5738,282287,64,354665
43700,0.056718,172.31.40.0-255,66,282353,64,354665
43701,0.058833,74.125.24.0-255,5738,288091,64,354665
43702,0.058848,172.31.40.0-255,66,288157,64,354665
43703,0.060916,74.125.24.0-255,5738,293895,64,354665
43704,0.060929,172.31.40.0-255,66,293961,64,354665
43705,0.062971,74.125.24.0-255,5738,299699,64,354665
43706,0.062981,172.31.40.0-255,66,299765,64,354665
43707,0.065058,74.125.24.0-255,5738,305503,64,354665
43708,0.065073,172.31.40.0-255,66,305569,64,354665
43709,0.06711,74.125.24.0-255,5738,311307,64,354665
43710,0.06713,172.31.40.0-255,66,311373,64,354665
43711,0.069196,74.125.24.0-255,5738,317111,64,354665
43712,0.069205,172.31.40.0-255,66,317177,64,354665
43713,0.071263,74.125.24.0-255,5738,322915,64,354665
43714,0.071275,172.31.40.0-255,66,322981,64,354665
43715,0.073351,74.125.24.0-255,5738,328719,64,354665
43716,0.073366,172.31.40.0-255,66,328785,64,354665
43717,0.075447,74.125.24.0-255,5738,334523,64,354665
43718,0.075462,172.31.40.0-255,66,334589,64,354665
43719,0.077539,74.125.24.0-255,5738,340327,64,354665
43720,0.077554,172.31.40.0-255,66,340393,64,354665
43721,0.079581,74.125.24.0-255,5738,346131,64,354665
43722,0.079594,172.31.40.0-255,66,346197,64,354665
43723,0.081677,74.125.24.0-255,5738,351935,64,354665
43724,0.081691,172.31.40.0-255,66,352001,64,354665
43725,0.08381,74.125.24.0-255,2427,354428,64,354665
43726,0.083817,172.31.40.0-255,66,354494,64,354665
43727,0.083983,172.31.40.0-255,105,354599,64,354665
43728,0.085996,74.125.24.0-255,66,354665,64,354665
43729,0.0,172.217.194.0-255,153,153,64,219969
43730,2.1e-05,172.31.40.0-255,66,219,64,219969
43731,2.8e-05,172.217.194.0-255,1484,1703,64,219969
43732,3.2e-05,172.31.40.0-255,66,1769,64,219969
43733,3.7e-05,172.217.194.0-255,2902,4671,64,219969
43734,3.9e-05,172.31.40.0-255,66,4737,64,219969
43735,4.6e-05,172.217.194.0-255,7156,11893,64,219969
43736,4.8e-05,172.31.40.0-255,66,11959,64,219969
43737,5.2e-05,172.217.194.0-255,2028,13987,64,219969
43738,5.4e-05,172.31.40.0-255,66,14053,64,219969
43739,8e-05,172.217.194.0-255,2902,16955,64,219969
43740,8.3e-05,172.31.40.0-255,66,17021,64,219969
43741,8.5e-05,172.217.194.0-255,1484,18505,64,219969
43742,8.7e-05,172.31.40.0-255,66,18571,64,219969
43743,0.000107,172.217.194.0-255,5738,24309,64,219969
43744,0.00011,172.31.40.0-255,66,24375,64,219969
43745,0.000116,172.217.194.0-255,5738,30113,64,219969
43746,0.000118,172.31.40.0-255,66,30179,64,219969
43747,0.000164,172.217.194.0-255,1484,31663,64,219969
43748,0.000166,172.31.40.0-255,66,31729,64,219969
43749,0.000197,172.31.40.0-255,66,31795,64,219969
43750,0.000201,172.217.194.0-255,2543,34338,64,219969
43751,0.000203,172.31.40.0-255,66,34404,64,219969
43752,0.000493,172.217.194.0-255,1484,35888,64,219969
43753,0.000498,172.31.40.0-255,66,35954,64,219969
43754,0.000518,172.217.194.0-255,2902,38856,64,219969
43755,0.000521,172.31.40.0-255,66,38922,64,219969
43756,0.000527,172.217.194.0-255,5738,44660,64,219969
43757,0.000528,172.31.40.0-255,66,44726,64,219969
43758,0.000569,172.217.194.0-255,7156,51882,64,219969
43759,0.000573,172.31.40.0-255,66,51948,64,219969
43760,0.00059,172.217.194.0-255,286,52234,64,219969
43761,0.000632,172.217.194.0-255,5738,57972,64,219969
43762,0.000635,172.31.40.0-255,66,58038,64,219969
43763,0.000641,172.217.194.0-255,5738,63776,64,219969
43764,0.000643,172.31.40.0-255,66,63842,64,219969
43765,0.000654,172.217.194.0-255,1484,65326,64,219969
43766,0.000668,172.217.194.0-255,7156,72482,64,219969
43767,0.00067,172.31.40.0-255,66,72548,64,219969
43768,0.000705,172.31.40.0-255,66,72614,64,219969
43769,0.000711,172.217.194.0-255,5379,77993,64,219969
43770,0.000713,172.31.40.0-255,66,78059,64,219969
43771,0.000743,172.217.194.0-255,2902,80961,64,219969
43772,0.000745,172.31.40.0-255,66,81027,64,219969
43773,0.000766,172.31.40.0-255,66,81093,64,219969
43774,0.000793,172.217.194.0-255,4716,85809,64,219969
43775,0.000795,172.31.40.0-255,66,85875,64,219969
43776,0.000798,172.217.194.0-255,212,86087,64,219969
43777,0.001036,172.217.194.0-255,1484,87571,64,219969
43778,0.00104,172.31.40.0-255,66,87637,64,219969
43779,0.001045,172.217.194.0-255,2902,90539,64,219969
43780,0.001046,172.31.40.0-255,66,90605,64,219969
43781,0.001049,172.217.194.0-255,1484,92089,64,219969
43782,0.001066,172.217.194.0-255,4320,96409,64,219969
43783,0.001068,172.31.40.0-255,66,96475,64,219969
43784,0.00107,172.217.194.0-255,1484,97959,64,219969
43785,0.001092,172.31.40.0-255,66,98025,64,219969
43786,0.00111,172.217.194.0-255,2902,100927,64,219969
43787,0.001112,172.31.40.0-255,66,100993,64,219969
43788,0.001124,172.31.40.0-255,66,101059,64,219969
43789,0.001408,172.217.194.0-255,1484,102543,64,219969
43790,0.001413,172.217.194.0-255,2902,105445,64,219969
43791,0.001416,172.31.40.0-255,66,105511,64,219969
43792,0.001421,172.217.194.0-255,4320,109831,64,219969
43793,0.001423,172.31.40.0-255,66,109897,64,219969
43794,0.00145,172.217.194.0-255,1484,111381,64,219969
43795,0.001461,172.31.40.0-255,66,111447,64,219969
43796,0.001477,172.217.194.0-255,2902,114349,64,219969
43797,0.001479,172.31.40.0-255,66,114415,64,219969
43798,0.001481,172.217.194.0-255,1484,115899,64,219969
43799,0.001534,172.217.194.0-255,7156,123055,64,219969
43800,0.001537,172.31.40.0-255,66,123121,64,219969
43801,0.001556,172.217.194.0-255,2184,125305,64,219969
43802,0.001558,172.31.40.0-255,66,125371,64,219969
43803,0.00158,172.217.194.0-255,7156,132527,64,219969
43804,0.001582,172.31.40.0-255,66,132593,64,219969
43805,0.001594,172.217.194.0-255,2902,135495,64,219969
43806,0.001596,172.31.40.0-255,66,135561,64,219969
43807,0.001628,172.31.40.0-255,66,135627,64,219969
43808,0.001647,172.217.194.0-255,4320,139947,64,219969
43809,0.001649,172.31.40.0-255,66,140013,64,219969
43810,0.001699,172.217.194.0-255,4320,144333,64,219969
43811,0.001702,172.31.40.0-255,66,144399,64,219969
43812,0.001729,172.217.194.0-255,6438,150837,64,219969
43813,0.001732,172.31.40.0-255,66,150903,64,219969
43814,0.001776,172.217.194.0-255,1484,152387,64,219969
43815,0.001781,172.217.194.0-255,2902,155289,64,219969
43816,0.001784,172.31.40.0-255,66,155355,64,219969
43817,0.001791,172.217.194.0-255,5738,161093,64,219969
43818,0.001793,172.31.40.0-255,66,161159,64,219969
43819,0.00185,172.31.40.0-255,66,161225,64,219969
43820,0.001868,172.217.194.0-255,2902,164127,64,219969
43821,0.00187,172.31.40.0-255,66,164193,64,219969
43822,0.001887,172.31.40.0-255,66,164259,64,219969
43823,0.0019,172.31.40.0-255,66,164325,64,219969
43824,0.001919,172.31.40.0-255,66,164391,64,219969
43825,0.001923,172.217.194.0-255,2184,166575,64,219969
43826,0.001925,172.31.40.0-255,66,166641,64,219969
43827,0.001945,172.217.194.0-255,2902,169543,64,219969
43828,0.001948,172.31.40.0-255,66,169609,64,219969
43829,0.001951,172.217.194.0-255,1484,171093,64,219969
43830,0.001969,172.217.194.0-255,5738,176831,64,219969
43831,0.001972,172.31.40.0-255,66,176897,64,219969
43832,0.002001,172.31.40.0-255,66,176963,64,219969
43833,0.002026,172.217.194.0-255,4320,181283,64,219969
43834,0.002029,172.31.40.0-255,66,181349,64,219969
43835,0.002043,172.31.40.0-255,66,181415,64,219969
43836,0.002079,172.31.40.0-255,66,181481,64,219969
43837,0.002085,172.217.194.0-255,4320,185801,64,219969
43838,0.002087,172.31.40.0-255,66,185867,64,219969
43839,0.002105,172.217.194.0-255,5738,191605,64,219969
43840,0.002107,172.31.40.0-255,66,191671,64,219969
43841,0.002115,172.217.194.0-255,7156,198827,64,219969
43842,0.002117,172.31.40.0-255,66,198893,64,219969
43843,0.002151,172.31.40.0-255,66,198959,64,219969
43844,0.002171,172.217.194.0-255,4320,203279,64,219969
43845,0.00218,172.31.40.0-255,66,203345,64,219969
43846,0.002193,172.31.40.0-255,66,203411,64,219969
43847,0.0022,172.217.194.0-255,5738,209149,64,219969
43848,0.002202,172.31.40.0-255,66,209215,64,219969
43849,0.002236,172.31.40.0-255,66,209281,64,219969
43850,0.002246,172.31.40.0-255,66,209347,64,219969
43851,0.002258,172.31.40.0-255,66,209413,64,219969
43852,0.002263,172.217.194.0-255,4320,213733,64,219969
43853,0.002266,172.31.40.0-255,66,213799,64,219969
43854,0.002283,172.217.194.0-255,1419,215218,64,219969
43855,0.002298,172.217.194.0-255,105,215323,64,219969
43856,0.01297,172.217.194.0-255,105,215428,64,219969
43857,0.01299,172.31.40.0-255,78,215506,64,219969
43858,0.020451,172.31.40.0-255,105,215611,64,219969
43859,0.022993,172.217.194.0-255,66,215677,64,219969
43860,0.046623,172.31.40.0-255,172,215849,64,219969
43861,0.046652,172.31.40.0-255,1112,216961,64,219969
43862,0.046704,172.31.40.0-255,1514,218475,64,219969
43863,0.046706,172.31.40.0-255,1296,219771,64,219969
43864,0.048183,104.244.42.0-255,66,219837,64,219969
43865,0.048194,104.244.42.0-255,66,219903,64,219969
43866,0.048306,104.244.42.0-255,66,219969,64,219969
43867,0.0,172.31.40.0-255,105,105,64,459
43868,0.00015,172.31.40.0-255,90,195,64,459
43869,0.000159,172.31.40.0-255,66,261,64,459
43870,0.002303,74.125.68.0-255,66,327,64,459
43871,0.002313,74.125.68.0-255,66,393,64,459
43872,0.00232,172.31.40.0-255,66,459,64,459
43873,0.0,74.125.24.0-255,152,152,64,342360
43874,1.6e-05,172.31.40.0-255,66,218,64,342360
43875,2.3e-05,74.125.24.0-255,1484,1702,64,342360
43876,2.6e-05,172.31.40.0-255,66,1768,64,342360
43877,3.1e-05,74.125.24.0-255,2902,4670,64,342360
43878,4.2e-05,172.31.40.0-255,66,4736,64,342360
43879,4.9e-05,74.125.24.0-255,5738,10474,64,342360
43880,5.2e-05,172.31.40.0-255,66,10540,64,342360
43881,7.1e-05,74.125.24.0-255,1484,12024,64,342360
43882,7.4e-05,172.31.40.0-255,66,12090,64,342360
43883,8.8e-05,172.31.40.0-255,66,12156,64,342360
43884,0.000117,74.125.24.0-255,3400,15556,64,342360
43885,0.000119,172.31.40.0-255,66,15622,64,342360
43886,0.000127,74.125.24.0-255,6797,22419,64,342360
43887,0.00013,172.31.40.0-255,66,22485,64,342360
43888,0.000204,74.125.24.0-255,1484,23969,64,342360
43889,0.000207,172.31.40.0-255,66,24035,64,342360
43890,0.000211,74.125.24.0-255,1484,25519,64,342360
43891,0.000213,172.31.40.0-255,66,25585,64,342360
43892,0.000237,74.125.24.0-255,1484,27069,64,342360
43893,0.000239,172.31.40.0-255,66,27135,64,342360
43894,0.000247,74.125.24.0-255,5738,32873,64,342360
43895,0.000249,172.31.40.0-255,66,32939,64,342360
43896,0.000255,74.125.24.0-255,5738,38677,64,342360
43897,0.000258,172.31.40.0-255,66,38743,64,342360
43898,0.000304,172.31.40.0-255,66,38809,64,342360
43899,0.000337,74.125.24.0-255,5355,44164,64,342360
43900,0.00034,172.31.40.0-255,66,44230,64,342360
43901,0.000343,74.125.24.0-255,109,44339,64,342360
43902,0.000346,172.31.40.0-255,66,44405,64,342360
43903,0.00062,74.125.24.0-255,1484,45889,64,342360
43904,0.000628,74.125.24.0-255,2902,48791,64,342360
43905,0.000632,172.31.40.0-255,66,48857,64,342360
43906,0.000639,74.125.24.0-255,5738,54595,64,342360
43907,0.000642,172.31.40.0-255,66,54661,64,342360
43908,0.000674,172.31.40.0-255,66,54727,64,342360
43909,0.000703,74.125.24.0-255,1484,56211,64,342360
43910,0.000716,172.31.40.0-255,66,56277,64,342360
43911,0.000719,74.125.24.0-255,766,57043,64,342360
43912,0.001316,172.31.40.0-255,66,57109,64,342360
43913,0.001656,74.125.24.0-255,329,57438,64,342360
43914,0.001692,74.125.24.0-255,1484,58922,64,342360
43915,0.001696,172.31.40.0-255,66,58988,64,342360
43916,0.001702,74.125.24.0-255,4320,63308,64,342360
43917,0.001704,172.31.40.0-255,66,63374,64,342360
43918,0.001741,74.125.24.0-255,5738,69112,64,342360
43919,0.001744,172.31.40.0-255,66,69178,64,342360
43920,0.001747,74.125.24.0-255,1484,70662,64,342360
43921,0.001773,74.125.24.0-255,5738,76400,64,342360
43922,0.001775,172.31.40.0-255,66,76466,64,342360
43923,0.001787,74.125.24.0-255,4320,80786,64,342360
43924,0.001789,172.31.40.0-255,66,80852,64,342360
43925,0.001823,172.31.40.0-255,66,80918,64,342360
43926,0.001826,74.125.24.0-255,766,81684,64,342360
43927,0.002047,74.125.24.0-255,1484,83168,64,342360
43928,0.002052,172.31.40.0-255,66,83234,64,342360
43929,0.002058,74.125.24.0-255,2902,86136,64,342360
43930,0.002059,172.31.40.0-255,66,86202,64,342360
43931,0.002104,74.125.24.0-255,5738,91940,64,342360
43932,0.002107,172.31.40.0-255,66,92006,64,342360
43933,0.002133,74.125.24.0-255,7156,99162,64,342360
43934,0.002135,172.31.40.0-255,66,99228,64,342360
43935,0.00216,74.125.24.0-255,4320,103548,64,342360
43936,0.002162,172.31.40.0-255,66,103614,64,342360
43937,0.002199,172.31.40.0-255,66,103680,64,342360
43938,0.002219,74.125.24.0-255,2184,105864,64,342360
43939,0.002221,172.31.40.0-255,66,105930,64,342360
43940,0.002353,74.125.24.0-255,1484,107414,64,342360
43941,0.002358,74.125.24.0-255,2902,110316,64,342360
43942,0.00236,172.31.40.0-255,66,110382,64,342360
43943,0.002388,74.125.24.0-255,2902,113284,64,342360
43944,0.00239,172.31.40.0-255,66,113350,64,342360
43945,0.002413,74.125.24.0-255,4320,117670,64,342360
43946,0.002415,172.31.40.0-255,66,117736,64,342360
43947,0.00244,74.125.24.0-255,1484,119220,64,342360
43948,0.002445,74.125.24.0-255,2902,122122,64,342360
43949,0.002447,172.31.40.0-255,66,122188,64,342360
43950,0.002477,74.125.24.0-255,5738,127926,64,342360
43951,0.002479,172.31.40.0-255,66,127992,64,342360
43952,0.002502,74.125.24.0-255,4320,132312,64,342360
43953,0.002504,172.31.40.0-255,66,132378,64,342360
43954,0.002533,74.125.24.0-255,7156,139534,64,342360
43955,0.002536,172.31.40.0-255,66,139600,64,342360
43956,0.002543,74.125.24.0-255,6438,146038,64,342360
43957,0.002546,172.31.40.0-255,66,146104,64,342360
43958,0.002554,74.125.24.0-255,7156,153260,64,342360
43959,0.002556,172.31.40.0-255,66,153326,64,342360
43960,0.0026,172.31.40.0-255,66,153392,64,342360
43961,0.002604,74.125.24.0-255,2902,156294,64,342360
43962,0.002607,172.31.40.0-255,66,156360,64,342360
43963,0.002636,74.125.24.0-255,2184,158544,64,342360
43964,0.002639,172.31.40.0-255,66,158610,64,342360
43965,0.005202,74.125.24.0-255,2902,161512,64,342360
43966,0.005205,172.31.40.0-255,66,161578,64,342360
43967,0.005232,74.125.24.0-255,2902,164480,64,342360
43968,0.005234,172.31.40.0-255,66,164546,64,342360
43969,0.007809,74.125.24.0-255,2902,167448,64,342360
43970,0.007816,172.31.40.0-255,66,167514,64,342360
43971,0.007836,74.125.24.0-255,2902,170416,64,342360
43972,0.007841,172.31.40.0-255,66,170482,64,342360
43973,0.01041,74.125.24.0-255,2902,173384,64,342360
43974,0.010417,172.31.40.0-255,66,173450,64,342360
43975,0.010451,74.125.24.0-255,2902,176352,64,342360
43976,0.010454,172.31.40.0-255,66,176418,64,342360
43977,0.013001,74.125.24.0-255,2902,179320,64,342360
43978,0.013011,172.31.40.0-255,66,179386,64,342360
43979,0.013033,74.125.24.0-255,2902,182288,64,342360
43980,0.013036,172.31.40.0-255,66,182354,64,342360
43981,0.015636,74.125.24.0-255,5738,188092,64,342360
43982,0.015645,172.31.40.0-255,66,188158,64,342360
43983,0.018245,74.125.24.0-255,5738,193896,64,342360
43984,0.018252,172.31.40.0-255,66,193962,64,342360
43985,0.020848,74.125.24.0-255,5738,199700,64,342360
43986,0.020857,172.31.40.0-255,66,199766,64,342360
43987,0.023474,74.125.24.0-255,5738,205504,64,342360
43988,0.023483,172.31.40.0-255,66,205570,64,342360
43989,0.026093,74.125.24.0-255,5738,211308,64,342360
43990,0.026101,172.31.40.0-255,66,211374,64,342360
43991,0.02847,172.31.40.0-255,172,211546,64,342360
43992,0.0285,172.31.40.0-255,1111,212657,64,342360
43993,0.028555,172.31.40.0-255,1514,214171,64,342360
43994,0.028557,172.31.40.0-255,1514,215685,64,342360
43995,0.028558,172.31.40.0-255,694,216379,64,342360
43996,0.028685,74.125.24.0-255,5738,222117,64,342360
43997,0.028691,172.31.40.0-255,66,222183,64,342360
43998,0.030023,104.244.42.0-255,66,222249,64,342360
43999,0.030071,104.244.42.0-255,66,222315,64,342360
44000,0.030119,104.244.42.0-255,66,222381,64,342360
44001,0.030161,104.244.42.0-255,66,222447,64,342360
44002,0.031313,74.125.24.0-255,5738,228185,64,342360
44003,0.03132,172.31.40.0-255,66,228251,64,342360
44004,0.0339,74.125.24.0-255,5738,233989,64,342360
44005,0.033907,172.31.40.0-255,66,234055,64,342360
44006,0.036507,74.125.24.0-255,5738,239793,64,342360
44007,0.036515,172.31.40.0-255,66,239859,64,342360
44008,0.039091,74.125.24.0-255,5738,245597,64,342360
44009,0.039097,172.31.40.0-255,66,245663,64,342360
44010,0.041681,74.125.24.0-255,5738,251401,64,342360
44011,0.04169,172.31.40.0-255,66,251467,64,342360
44012,0.04427,74.125.24.0-255,4320,255787,64,342360
44013,0.044277,172.31.40.0-255,66,255853,64,342360
44014,0.044309,74.125.24.0-255,1484,257337,64,342360
44015,0.046855,74.125.24.0-255,4320,261657,64,342360
44016,0.046862,172.31.40.0-255,66,261723,64,342360
44017,0.049444,74.125.24.0-255,5738,267461,64,342360
44018,0.04945,172.31.40.0-255,66,267527,64,342360
44019,0.052068,74.125.24.0-255,5738,273265,64,342360
44020,0.052073,172.31.40.0-255,66,273331,64,342360
44021,0.054669,74.125.24.0-255,5738,279069,64,342360
44022,0.054675,172.31.40.0-255,66,279135,64,342360
44023,0.057298,74.125.24.0-255,5738,284873,64,342360
44024,0.057304,172.31.40.0-255,66,284939,64,342360
44025,0.059921,74.125.24.0-255,5738,290677,64,342360
44026,0.059926,172.31.40.0-255,66,290743,64,342360
44027,0.062499,74.125.24.0-255,4320,295063,64,342360
44028,0.062504,172.31.40.0-255,66,295129,64,342360
44029,0.062527,74.125.24.0-255,1484,296613,64,342360
44030,0.0651,74.125.24.0-255,4320,300933,64,342360
44031,0.065106,172.31.40.0-255,66,300999,64,342360
44032,0.067687,74.125.24.0-255,5738,306737,64,342360
44033,0.067694,172.31.40.0-255,66,306803,64,342360
44034,0.070286,74.125.24.0-255,5738,312541,64,342360
44035,0.070293,172.31.40.0-255,66,312607,64,342360
44036,0.072888,74.125.24.0-255,5738,318345,64,342360
44037,0.072893,172.31.40.0-255,66,318411,64,342360
44038,0.075495,74.125.24.0-255,5738,324149,64,342360
44039,0.075501,172.31.40.0-255,66,324215,64,342360
44040,0.078107,74.125.24.0-255,5738,329953,64,342360
44041,0.078114,172.31.40.0-255,66,330019,64,342360
44042,0.080706,74.125.24.0-255,5738,335757,64,342360
44043,0.080713,172.31.40.0-255,66,335823,64,342360
44044,0.083303,74.125.24.0-255,5738,341561,64,342360
44045,0.083309,172.31.40.0-255,66,341627,64,342360
44046,0.085869,74.125.24.0-255,496,342123,64,342360
44047,0.08599,172.31.40.0-255,66,342189,64,342360
44048,0.086026,172.31.40.0-255,105,342294,64,342360
44049,0.088572,74.125.24.0-255,66,342360,64,342360
44050,0.0,172.217.194.0-255,154,154,64,309142
44051,1.9e-05,172.31.40.0-255,66,220,64,309142
44052,2.6e-05,172.217.194.0-255,1484,1704,64,309142
44053,3e-05,172.31.40.0-255,66,1770,64,309142
44054,3.6e-05,172.217.194.0-255,2902,4672,64,309142
44055,4e-05,172.31.40.0-255,66,4738,64,309142
44056,4.8e-05,172.217.194.0-255,7156,11894,64,309142
44057,5.1e-05,172.31.40.0-255,66,11960,64,309142
44058,7.6e-05,172.217.194.0-255,7156,19116,64,309142
44059,7.9e-05,172.31.40.0-255,66,19182,64,309142
44060,0.000106,172.31.40.0-255,66,19248,64,309142
44061,0.000109,172.217.194.0-255,2543,21791,64,309142
44062,0.000112,172.31.40.0-255,66,21857,64,309142
44063,0.000115,172.217.194.0-255,1484,23341,64,309142
44064,0.000117,172.31.40.0-255,66,23407,64,309142
44065,0.000161,172.31.40.0-255,66,23473,64,309142
44066,0.001041,172.217.194.0-255,1484,24957,64,309142
44067,0.001047,172.31.40.0-255,66,25023,64,309142
44068,0.001058,172.217.194.0-255,2902,27925,64,309142
44069,0.001061,172.31.40.0-255,66,27991,64,309142
44070,0.001068,172.217.194.0-255,5738,33729,64,309142
44071,0.00107,172.31.40.0-255,66,33795,64,309142
44072,0.001134,172.31.40.0-255,66,33861,64,309142
44073,0.001146,172.31.40.0-255,66,33927,64,309142
44074,0.001159,172.31.40.0-255,66,33993,64,309142
44075,0.001204,172.217.194.0-255,6797,40790,64,309142
44076,0.001209,172.31.40.0-255,66,40856,64,309142
44077,0.001405,172.217.194.0-255,1484,42340,64,309142
44078,0.001424,172.217.194.0-255,2902,45242,64,309142
44079,0.001428,172.31.40.0-255,66,45308,64,309142
44080,0.001434,172.217.194.0-255,5738,51046,64,309142
44081,0.001436,172.31.40.0-255,66,51112,64,309142
44082,0.001493,172.217.194.0-255,6234,57346,64,309142
44083,0.001496,172.31.40.0-255,66,57412,64,309142
44084,0.002,172.217.194.0-255,1484,58896,64,309142
44085,0.00201,172.217.194.0-255,2902,61798,64,309142
44086,0.002027,172.31.40.0-255,66,61864,64,309142
44087,0.002035,172.217.194.0-255,5738,67602,64,309142
44088,0.002037,172.31.40.0-255,66,67668,64,309142
44089,0.002044,172.217.194.0-255,5738,73406,64,309142
44090,0.002046,172.31.40.0-255,66,73472,64,309142
44091,0.002077,172.217.194.0-255,7156,80628,64,309142
44092,0.00208,172.31.40.0-255,66,80694,64,309142
44093,0.002092,172.31.40.0-255,66,80760,64,309142
44094,0.002182,172.217.194.0-255,1484,82244,64,309142
44095,0.002188,172.217.194.0-255,2902,85146,64,309142
44096,0.002191,172.31.40.0-255,66,85212,64,309142
44097,0.002215,172.217.194.0-255,5738,90950,64,309142
44098,0.002217,172.31.40.0-255,66,91016,64,309142
44099,0.002221,172.217.194.0-255,1484,92500,64,309142
44100,0.002245,172.31.40.0-255,66,92566,64,309142
44101,0.002266,172.217.194.0-255,2902,95468,64,309142
44102,0.002268,172.31.40.0-255,66,95534,64,309142
44103,0.002281,172.31.40.0-255,66,95600,64,309142
44104,0.002485,172.217.194.0-255,1484,97084,64,309142
44105,0.002491,172.217.194.0-255,2902,99986,64,309142
44106,0.002494,172.31.40.0-255,66,100052,64,309142
44107,0.002514,172.217.194.0-255,2902,102954,64,309142
44108,0.002517,172.31.40.0-255,66,103020,64,309142
44109,0.002527,172.217.194.0-255,2902,105922,64,309142
44110,0.002529,172.31.40.0-255,66,105988,64,309142
44111,0.002534,172.217.194.0-255,2902,108890,64,309142
44112,0.002536,172.31.40.0-255,66,108956,64,309142
44113,0.00256,172.31.40.0-255,66,109022,64,309142
44114,0.002596,172.217.194.0-255,1484,110506,64,309142
44115,0.002622,172.31.40.0-255,66,110572,64,309142
44116,0.005227,172.217.194.0-255,5738,116310,64,309142
44117,0.005234,172.31.40.0-255,66,116376,64,309142
44118,0.007842,172.217.194.0-255,5738,122114,64,309142
44119,0.007848,172.31.40.0-255,66,122180,64,309142
44120,0.010457,172.217.194.0-255,5738,127918,64,309142
44121,0.010464,172.31.40.0-255,66,127984,64,309142
44122,0.013104,172.217.194.0-255,5738,133722,64,309142
44123,0.013112,172.31.40.0-255,66,133788,64,309142
44124,0.015717,172.217.194.0-255,5738,139526,64,309142
44125,0.015725,172.31.40.0-255,66,139592,64,309142
44126,0.018328,172.217.194.0-255,5738,145330,64,309142
44127,0.018335,172.31.40.0-255,66,145396,64,309142
44128,0.020961,172.217.194.0-255,5738,151134,64,309142
44129,0.02097,172.31.40.0-255,66,151200,64,309142
44130,0.023592,172.217.194.0-255,5738,156938,64,309142
44131,0.023609,172.31.40.0-255,66,157004,64,309142
44132,0.026216,172.217.194.0-255,5738,162742,64,309142
44133,0.02623,172.31.40.0-255,66,162808,64,309142
44134,0.028863,172.217.194.0-255,5738,168546,64,309142
44135,0.02888,172.31.40.0-255,66,168612,64,309142
44136,0.031484,172.217.194.0-255,5738,174350,64,309142
44137,0.031492,172.31.40.0-255,66,174416,64,309142
44138,0.034138,172.217.194.0-255,5738,180154,64,309142
44139,0.034158,172.31.40.0-255,66,180220,64,309142
44140,0.036751,172.217.194.0-255,5738,185958,64,309142
44141,0.036758,172.31.40.0-255,66,186024,64,309142
44142,0.037974,172.31.40.0-255,172,186196,64,309142
44143,0.038005,172.31.40.0-255,1113,187309,64,309142
44144,0.038061,172.31.40.0-255,1514,188823,64,309142
44145,0.038063,172.31.40.0-255,331,189154,64,309142
44146,0.039347,172.217.194.0-255,5738,194892,64,309142
44147,0.039358,172.31.40.0-255,66,194958,64,309142
44148,0.039536,104.244.42.0-255,66,195024,64,309142
44149,0.039572,104.244.42.0-255,66,195090,64,309142
44150,0.039617,104.244.42.0-255,66,195156,64,309142
44151,0.041974,172.217.194.0-255,5738,200894,64,309142
44152,0.041989,172.31.40.0-255,66,200960,64,309142
44153,0.044617,172.217.194.0-255,5738,206698,64,309142
44154,0.044635,172.31.40.0-255,66,206764,64,309142
44155,0.047228,172.217.194.0-255,5738,212502,64,309142
44156,0.047246,172.31.40.0-255,66,212568,64,309142
44157,0.049876,172.217.194.0-255,5738,218306,64,309142
44158,0.049895,172.31.40.0-255,66,218372,64,309142
44159,0.05251,172.217.194.0-255,5738,224110,64,309142
44160,0.052528,172.31.40.0-255,66,224176,64,309142
44161,0.055153,172.217.194.0-255,5738,229914,64,309142
44162,0.055172,172.31.40.0-255,66,229980,64,309142
44163,0.057802,172.217.194.0-255,5738,235718,64,309142
44164,0.057812,172.31.40.0-255,66,235784,64,309142
44165,0.060441,172.217.194.0-255,5738,241522,64,309142
44166,0.060448,172.31.40.0-255,66,241588,64,309142
44167,0.063064,172.217.194.0-255,5738,247326,64,309142
44168,0.063071,172.31.40.0-255,66,247392,64,309142
44169,0.065682,172.217.194.0-255,5738,253130,64,309142
44170,0.065688,172.31.40.0-255,66,253196,64,309142
44171,0.065796,172.31.40.0-255,101,253297,64,309142
44172,0.068292,172.217.194.0-255,5738,259035,64,309142
44173,0.068298,172.31.40.0-255,66,259101,64,309142
44174,0.068317,172.217.194.0-255,66,259167,64,309142
44175,0.070875,172.217.194.0-255,5738,264905,64,309142
44176,0.070881,172.31.40.0-255,66,264971,64,309142
44177,0.073469,172.217.194.0-255,5738,270709,64,309142
44178,0.073476,172.31.40.0-255,66,270775,64,309142
44179,0.076091,172.217.194.0-255,5738,276513,64,309142
44180,0.076098,172.31.40.0-255,66,276579,64,309142
44181,0.078711,172.217.194.0-255,5738,282317,64,309142
44182,0.078717,172.31.40.0-255,66,282383,64,309142
44183,0.081329,172.217.194.0-255,5738,288121,64,309142
44184,0.081336,172.31.40.0-255,66,288187,64,309142
44185,0.083938,172.217.194.0-255,5738,293925,64,309142
44186,0.083945,172.31.40.0-255,66,293991,64,309142
44187,0.086552,172.217.194.0-255,5738,299729,64,309142
44188,0.086559,172.31.40.0-255,66,299795,64,309142
44189,0.089166,172.217.194.0-255,5738,305533,64,309142
44190,0.089173,172.31.40.0-255,66,305599,64,309142
44191,0.09178,172.217.194.0-255,3306,308905,64,309142
44192,0.091786,172.31.40.0-255,66,308971,64,309142
44193,0.091936,172.31.40.0-255,105,309076,64,309142
44194,0.098399,172.217.194.0-255,66,309142,64,309142
44195,0.0,74.125.68.0-255,152,152,64,354317
44196,1.6e-05,172.31.40.0-255,66,218,64,354317
44197,2.3e-05,74.125.68.0-255,1484,1702,64,354317
44198,2.8e-05,172.31.40.0-255,66,1768,64,354317
44199,6.8e-05,74.125.68.0-255,2902,4670,64,354317
44200,7.6e-05,172.31.40.0-255,66,4736,64,354317
44201,8.4e-05,74.125.68.0-255,5738,10474,64,354317
44202,8.7e-05,172.31.40.0-255,66,10540,64,354317
44203,0.000123,74.125.68.0-255,3429,13969,64,354317
44204,0.000126,172.31.40.0-255,66,14035,64,354317
44205,0.000259,74.125.68.0-255,1484,15519,64,354317
44206,0.000264,172.31.40.0-255,66,15585,64,354317
44207,0.00027,74.125.68.0-255,2902,18487,64,354317
44208,0.000272,172.31.40.0-255,66,18553,64,354317
44209,0.000277,74.125.68.0-255,2902,21455,64,354317
44210,0.000285,172.31.40.0-255,66,21521,64,354317
44211,0.000291,74.125.68.0-255,4320,25841,64,354317
44212,0.000293,172.31.40.0-255,66,25907,64,354317
44213,0.000316,74.125.68.0-255,1484,27391,64,354317
44214,0.000318,172.31.40.0-255,66,27457,64,354317
44215,0.000352,172.31.40.0-255,66,27523,64,354317
44216,0.000358,74.125.68.0-255,4320,31843,64,354317
44217,0.00036,172.31.40.0-255,66,31909,64,354317
44218,0.000395,74.125.68.0-255,5738,37647,64,354317
44219,0.000397,172.31.40.0-255,66,37713,64,354317
44220,0.000402,74.125.68.0-255,2902,40615,64,354317
44221,0.000403,172.31.40.0-255,66,40681,64,354317
44222,0.000408,74.125.68.0-255,2902,43583,64,354317
44223,0.00041,172.31.40.0-255,66,43649,64,354317
44224,0.000454,172.31.40.0-255,66,43715,64,354317
44225,0.000458,74.125.68.0-255,2184,45899,64,354317
44226,0.000478,74.125.68.0-255,402,46301,64,354317
44227,0.00053,74.125.68.0-255,111,46412,64,354317
44228,0.000583,172.31.40.0-255,66,46478,64,354317
44229,0.000738,74.125.68.0-255,1484,47962,64,354317
44230,0.000755,74.125.68.0-255,2902,50864,64,354317
44231,0.000779,74.125.68.0-255,1484,52348,64,354317
44232,0.000783,172.31.40.0-255,66,52414,64,354317
44233,0.000794,74.125.68.0-255,2902,55316,64,354317
44234,0.000804,172.31.40.0-255,66,55382,64,354317
44235,0.000843,74.125.68.0-255,5738,61120,64,354317
44236,0.000847,74.125.68.0-255,1484,62604,64,354317
44237,0.00085,74.125.68.0-255,2902,65506,64,354317
44238,0.000863,172.31.40.0-255,66,65572,64,354317
44239,0.000873,74.125.68.0-255,5738,71310,64,354317
44240,0.000882,74.125.68.0-255,2902,74212,64,354317
44241,0.000887,172.31.40.0-255,66,74278,64,354317
44242,0.000915,74.125.68.0-255,4320,78598,64,354317
44243,0.000923,172.31.40.0-255,66,78664,64,354317
44244,0.000942,74.125.68.0-255,2184,80848,64,354317
44245,0.00096,172.31.40.0-255,66,80914,64,354317
44246,0.001006,74.125.68.0-255,1484,82398,64,354317
44247,0.00102,74.125.68.0-255,2902,85300,64,354317
44248,0.001023,74.125.68.0-255,1484,86784,64,354317
44249,0.001032,172.31.40.0-255,66,86850,64,354317
44250,0.001049,74.125.68.0-255,2902,89752,64,354317
44251,0.001056,74.125.68.0-255,5738,95490,64,354317
44252,0.001076,172.31.40.0-255,66,95556,64,354317
44253,0.001086,74.125.68.0-255,2902,98458,64,354317
44254,0.001171,172.31.40.0-255,66,98524,64,354317
44255,0.001199,74.125.68.0-255,2902,101426,64,354317
44256,0.001212,74.125.68.0-255,4320,105746,64,354317
44257,0.001216,172.31.40.0-255,66,105812,64,354317
44258,0.001256,74.125.68.0-255,2902,108714,64,354317
44259,0.001267,74.125.68.0-255,1484,110198,64,354317
44260,0.001291,172.31.40.0-255,66,110264,64,354317
44261,0.001296,172.31.40.0-255,66,110330,64,354317
44262,0.001303,74.125.68.0-255,1484,111814,64,354317
44263,0.001311,74.125.68.0-255,2184,113998,64,354317
44264,0.001341,172.31.40.0-255,66,114064,64,354317
44265,0.001498,74.125.68.0-255,1484,115548,64,354317
44266,0.001512,74.125.68.0-255,1484,117032,64,354317
44267,0.001523,172.31.40.0-255,66,117098,64,354317
44268,0.001527,74.125.68.0-255,1484,118582,64,354317
44269,0.001555,74.125.68.0-255,5738,124320,64,354317
44270,0.001566,172.31.40.0-255,66,124386,64,354317
44271,0.001601,74.125.68.0-255,7156,131542,64,354317
44272,0.001609,172.31.40.0-255,66,131608,64,354317
44273,0.001631,74.125.68.0-255,5738,137346,64,354317
44274,0.001643,74.125.68.0-255,2902,140248,64,354317
44275,0.001648,74.125.68.0-255,4320,144568,64,354317
44276,0.001662,74.125.68.0-255,1484,146052,64,354317
44277,0.001665,172.31.40.0-255,66,146118,64,354317
44278,0.001697,74.125.68.0-255,2184,148302,64,354317
44279,0.001707,172.31.40.0-255,66,148368,64,354317
44280,0.001783,74.125.68.0-255,1484,149852,64,354317
44281,0.001799,74.125.68.0-255,1484,151336,64,354317
44282,0.001816,172.31.40.0-255,66,151402,64,354317
44283,0.001821,74.125.68.0-255,2902,154304,64,354317
44284,0.001827,172.31.40.0-255,66,154370,64,354317
44285,0.001849,74.125.68.0-255,5738,160108,64,354317
44286,0.001868,172.31.40.0-255,66,160174,64,354317
44287,0.001897,74.125.68.0-255,7156,167330,64,354317
44288,0.001903,74.125.68.0-255,5738,173068,64,354317
44289,0.001915,74.125.68.0-255,1484,174552,64,354317
44290,0.001918,172.31.40.0-255,66,174618,64,354317
44291,0.001951,74.125.68.0-255,5738,180356,64,354317
44292,0.001954,74.125.68.0-255,2184,182540,64,354317
44293,0.001976,172.31.40.0-255,66,182606,64,354317
44294,0.002072,74.125.68.0-255,1484,184090,64,354317
44295,0.002078,74.125.68.0-255,2902,186992,64,354317
44296,0.002084,172.31.40.0-255,66,187058,64,354317
44297,0.002095,74.125.68.0-255,2902,189960,64,354317
44298,0.002111,74.125.68.0-255,2902,192862,64,354317
44299,0.002138,74.125.68.0-255,7156,200018,64,354317
44300,0.002141,172.31.40.0-255,66,200084,64,354317
44301,0.00221,74.125.68.0-255,6438,206522,64,354317
44302,0.002342,74.125.68.0-255,1484,208006,64,354317
44303,0.002358,74.125.68.0-255,1484,209490,64,354317
44304,0.002361,74.125.68.0-255,1484,210974,64,354317
44305,0.002377,74.125.68.0-255,1484,212458,64,354317
44306,0.002401,74.125.68.0-255,5738,218196,64,354317
44307,0.002404,74.125.68.0-255,1484,219680,64,354317
44308,0.002416,74.125.68.0-255,2902,222582,64,354317
44309,0.002435,74.125.68.0-255,2902,225484,64,354317
44310,0.002445,74.125.68.0-255,1484,226968,64,354317
44311,0.002461,74.125.68.0-255,7156,234124,64,354317
44312,0.002479,74.125.68.0-255,6438,240562,64,354317
44313,0.002496,74.125.68.0-255,2902,243464,64,354317
44314,0.011201,172.31.40.0-255,66,243530,64,354317
44315,0.01375,74.125.68.0-255,5738,249268,64,354317
44316,0.013762,172.31.40.0-255,66,249334,64,354317
44317,0.016255,74.125.68.0-255,5738,255072,64,354317
44318,0.019587,172.31.40.0-255,66,255138,64,354317
44319,0.022072,74.125.68.0-255,5738,260876,64,354317
44320,0.022086,172.31.40.0-255,66,260942,64,354317
44321,0.024574,74.125.68.0-255,5738,266680,64,354317
44322,0.026936,172.31.40.0-255,66,266746,64,354317
44323,0.029425,74.125.68.0-255,5738,272484,64,354317
44324,0.029437,172.31.40.0-255,66,272550,64,354317
44325,0.031924,74.125.68.0-255,5738,278288,64,354317
44326,0.031933,172.31.40.0-255,66,278354,64,354317
44327,0.034428,74.125.68.0-255,4320,282674,64,354317
44328,0.034437,172.31.40.0-255,66,282740,64,354317
44329,0.03447,74.125.68.0-255,1484,284224,64,354317
44330,0.036961,74.125.68.0-255,4320,288544,64,354317
44331,0.036982,172.31.40.0-255,66,288610,64,354317
44332,0.039462,74.125.68.0-255,5738,294348,64,354317
44333,0.039505,172.31.40.0-255,66,294414,64,354317
44334,0.040262,172.31.40.0-255,172,294586,64,354317
44335,0.040292,172.31.40.0-255,1108,295694,64,354317
44336,0.040354,172.31.40.0-255,1514,297208,64,354317
44337,0.040355,172.31.40.0-255,1514,298722,64,354317
44338,0.040356,172.31.40.0-255,1514,300236,64,354317
44339,0.040358,172.31.40.0-255,119,300355,64,354317
44340,0.041834,104.244.42.0-255,66,300421,64,354317
44341,0.041975,74.125.68.0-255,5738,306159,64,354317
44342,0.041983,172.31.40.0-255,66,306225,64,354317
44343,0.042035,104.244.42.0-255,66,306291,64,354317
44344,0.042039,104.244.42.0-255,66,306357,64,354317
44345,0.042042,104.244.42.0-255,66,306423,64,354317
44346,0.042752,104.244.42.0-255,108,306531,64,354317
44347,0.042763,172.31.40.0-255,66,306597,64,354317
44348,0.044462,74.125.68.0-255,5738,312335,64,354317
44349,0.044473,172.31.40.0-255,66,312401,64,354317
44350,0.046967,74.125.68.0-255,5738,318139,64,354317
44351,0.046985,172.31.40.0-255,66,318205,64,354317
44352,0.049487,74.125.68.0-255,5738,323943,64,354317
44353,0.049506,172.31.40.0-255,66,324009,64,354317
44354,0.052018,74.125.68.0-255,5738,329747,64,354317
44355,0.052037,172.31.40.0-255,66,329813,64,354317
44356,0.05454,74.125.68.0-255,5738,335551,64,354317
44357,0.054557,172.31.40.0-255,66,335617,64,354317
44358,0.057044,74.125.68.0-255,5738,341355,64,354317
44359,0.05705,172.31.40.0-255,66,341421,64,354317
44360,0.05953,74.125.68.0-255,5738,347159,64,354317
44361,0.059537,172.31.40.0-255,66,347225,64,354317
44362,0.06202,74.125.68.0-255,5738,352963,64,354317
44363,0.062029,172.31.40.0-255,66,353029,64,354317
44364,0.064495,74.125.68.0-255,1051,354080,64,354317
44365,0.064646,172.31.40.0-255,66,354146,64,354317
44366,0.064685,172.31.40.0-255,105,354251,64,354317
44367,0.067133,74.125.68.0-255,66,354317,64,354317
44368,0.0,172.253.118.0-255,152,152,64,362782
44369,2.8e-05,172.31.40.0-255,66,218,64,362782
44370,3.5e-05,172.253.118.0-255,1484,1702,64,362782
44371,4e-05,172.31.40.0-255,66,1768,64,362782
44372,5.4e-05,172.253.118.0-255,2902,4670,64,362782
44373,5.8e-05,172.31.40.0-255,66,4736,64,362782
44374,6.7e-05,172.253.118.0-255,7156,11892,64,362782
44375,6.9e-05,172.31.40.0-255,66,11958,64,362782
44376,9.6e-05,172.253.118.0-255,1484,13442,64,362782
44377,9.9e-05,172.31.40.0-255,66,13508,64,362782
44378,0.000135,172.253.118.0-255,6361,19869,64,362782
44379,0.000139,172.31.40.0-255,66,19935,64,362782
44380,0.000145,172.253.118.0-255,5738,25673,64,362782
44381,0.000148,172.31.40.0-255,66,25739,64,362782
44382,0.000154,172.253.118.0-255,5379,31118,64,362782
44383,0.000156,172.31.40.0-255,66,31184,64,362782
44384,0.000305,172.253.118.0-255,1484,32668,64,362782
44385,0.00031,172.31.40.0-255,66,32734,64,362782
44386,0.000329,172.253.118.0-255,2902,35636,64,362782
44387,0.000332,172.31.40.0-255,66,35702,64,362782
44388,0.000366,172.253.118.0-255,5738,41440,64,362782
44389,0.000369,172.31.40.0-255,66,41506,64,362782
44390,0.000385,172.253.118.0-255,1484,42990,64,362782
44391,0.000387,172.31.40.0-255,66,43056,64,362782
44392,0.00041,172.253.118.0-255,1484,44540,64,362782
44393,0.000412,172.31.40.0-255,66,44606,64,362782
44394,0.000453,172.31.40.0-255,66,44672,64,362782
44395,0.000461,172.253.118.0-255,7156,51828,64,362782
44396,0.000463,172.31.40.0-255,66,51894,64,362782
44397,0.000471,172.253.118.0-255,2883,54777,64,362782
44398,0.000473,172.31.40.0-255,66,54843,64,362782
44399,0.000584,172.253.118.0-255,1484,56327,64,362782
44400,0.000591,172.253.118.0-255,2902,59229,64,362782
44401,0.000595,172.31.40.0-255,66,59295,64,362782
44402,0.000599,172.253.118.0-255,1484,60779,64,362782
44403,0.000617,172.253.118.0-255,4320,65099,64,362782
44404,0.000619,172.31.40.0-255,66,65165,64,362782
44405,0.000677,172.31.40.0-255,66,65231,64,362782
44406,0.000708,172.253.118.0-255,4320,69551,64,362782
44407,0.000711,172.31.40.0-255,66,69617,64,362782
44408,0.000736,172.253.118.0-255,5637,75254,64,362782
44409,0.000745,172.31.40.0-255,66,75320,64,362782
44410,0.000873,172.253.118.0-255,1484,76804,64,362782
44411,0.000888,172.253.118.0-255,2902,79706,64,362782
44412,0.000892,172.31.40.0-255,66,79772,64,362782
44413,0.000922,172.253.118.0-255,5738,85510,64,362782
44414,0.000925,172.31.40.0-255,66,85576,64,362782
44415,0.000931,172.253.118.0-255,4320,89896,64,362782
44416,0.000933,172.31.40.0-255,66,89962,64,362782
44417,0.000961,172.253.118.0-255,2902,92864,64,362782
44418,0.000964,172.31.40.0-255,66,92930,64,362782
44419,0.000977,172.31.40.0-255,66,92996,64,362782
44420,0.001004,172.253.118.0-255,1484,94480,64,362782
44421,0.001026,172.253.118.0-255,5020,99500,64,362782
44422,0.001029,172.31.40.0-255,66,99566,64,362782
44423,0.001305,172.253.118.0-255,1484,101050,64,362782
44424,0.00132,172.253.118.0-255,2902,103952,64,362782
44425,0.001324,172.31.40.0-255,66,104018,64,362782
44426,0.001353,172.253.118.0-255,5738,109756,64,362782
44427,0.001355,172.31.40.0-255,66,109822,64,362782
44428,0.001374,172.253.118.0-255,4320,114142,64,362782
44429,0.001376,172.31.40.0-255,66,114208,64,362782
44430,0.001415,172.253.118.0-255,5738,119946,64,362782
44431,0.001418,172.31.40.0-255,66,120012,64,362782
44432,0.001431,172.31.40.0-255,66,120078,64,362782
44433,0.001435,172.253.118.0-255,2184,122262,64,362782
44434,0.001438,172.31.40.0-255,66,122328,64,362782
44435,0.001496,172.253.118.0-255,1484,123812,64,362782
44436,0.001512,172.253.118.0-255,2902,126714,64,362782
44437,0.001515,172.31.40.0-255,66,126780,64,362782
44438,0.001547,172.253.118.0-255,5738,132518,64,362782
44439,0.00155,172.31.40.0-255,66,132584,64,362782
44440,0.001553,172.253.118.0-255,1484,134068,64,362782
44441,0.001591,172.31.40.0-255,66,134134,64,362782
44442,0.001593,172.253.118.0-255,1484,135618,64,362782
44443,0.001664,172.253.118.0-255,5738,141356,64,362782
44444,0.001667,172.31.40.0-255,66,141422,64,362782
44445,0.001691,172.253.118.0-255,3602,145024,64,362782
44446,0.001694,172.31.40.0-255,66,145090,64,362782
44447,0.002508,172.253.118.0-255,1484,146574,64,362782
44448,0.002517,172.253.118.0-255,2902,149476,64,362782
44449,0.002523,172.31.40.0-255,66,149542,64,362782
44450,0.002527,172.253.118.0-255,1484,151026,64,362782
44451,0.002556,172.253.118.0-255,2902,153928,64,362782
44452,0.002559,172.31.40.0-255,66,153994,64,362782
44453,0.002563,172.253.118.0-255,2902,156896,64,362782
44454,0.002565,172.31.40.0-255,66,156962,64,362782
44455,0.005073,172.253.118.0-255,5738,162700,64,362782
44456,0.005079,172.31.40.0-255,66,162766,64,362782
44457,0.007597,172.253.118.0-255,5738,168504,64,362782
44458,0.007604,172.31.40.0-255,66,168570,64,362782
44459,0.010147,172.253.118.0-255,5738,174308,64,362782
44460,0.010156,172.31.40.0-255,66,174374,64,362782
44461,0.012681,172.253.118.0-255,5738,180112,64,362782
44462,0.012694,172.31.40.0-255,66,180178,64,362782
44463,0.015226,172.253.118.0-255,5738,185916,64,362782
44464,0.015257,172.31.40.0-255,66,185982,64,362782
44465,0.017808,172.253.118.0-255,5738,191720,64,362782
44466,0.017826,172.31.40.0-255,66,191786,64,362782
44467,0.020371,172.253.118.0-255,5738,197524,64,362782
44468,0.020389,172.31.40.0-255,66,197590,64,362782
44469,0.022935,172.253.118.0-255,5738,203328,64,362782
44470,0.022956,172.31.40.0-255,66,203394,64,362782
44471,0.025489,172.253.118.0-255,5738,209132,64,362782
44472,0.025509,172.31.40.0-255,66,209198,64,362782
44473,0.028056,172.253.118.0-255,5738,214936,64,362782
44474,0.028074,172.31.40.0-255,66,215002,64,362782
44475,0.0306,172.253.118.0-255,5738,220740,64,362782
44476,0.030609,172.31.40.0-255,66,220806,64,362782
44477,0.033184,172.253.118.0-255,5738,226544,64,362782
44478,0.033203,172.31.40.0-255,66,226610,64,362782
44479,0.03574,172.253.118.0-255,5738,232348,64,362782
44480,0.035747,172.31.40.0-255,66,232414,64,362782
44481,0.038283,172.253.118.0-255,5738,238152,64,362782
44482,0.038294,172.31.40.0-255,66,238218,64,362782
44483,0.040844,172.253.118.0-255,5738,243956,64,362782
44484,0.040863,172.31.40.0-255,66,244022,64,362782
44485,0.043387,172.253.118.0-255,5738,249760,64,362782
44486,0.0434,172.31.40.0-255,66,249826,64,362782
44487,0.045944,172.253.118.0-255,5738,255564,64,362782
44488,0.045964,172.31.40.0-255,66,255630,64,362782
44489,0.048495,172.253.118.0-255,5738,261368,64,362782
44490,0.04851,172.31.40.0-255,66,261434,64,362782
44491,0.051049,172.253.118.0-255,5738,267172,64,362782
44492,0.051065,172.31.40.0-255,66,267238,64,362782
44493,0.052718,172.31.40.0-255,172,267410,64,362782
44494,0.052752,172.31.40.0-255,1112,268522,64,362782
44495,0.052813,172.31.40.0-255,1514,270036,64,362782
44496,0.052815,172.31.40.0-255,1514,271550,64,362782
44497,0.05282,172.31.40.0-255,1514,273064,64,362782
44498,0.052821,172.31.40.0-255,1514,274578,64,362782
44499,0.052842,172.31.40.0-255,1514,276092,64,362782
44500,0.052843,172.31.40.0-255,82,276174,64,362782
44501,0.05359,172.253.118.0-255,5738,281912,64,362782
44502,0.053597,172.31.40.0-255,66,281978,64,362782
44503,0.054289,104.244.42.0-255,66,282044,64,362782
44504,0.054336,104.244.42.0-255,66,282110,64,362782
44505,0.054392,104.244.42.0-255,66,282176,64,362782
44506,0.054397,104.244.42.0-255,66,282242,64,362782
44507,0.056124,172.253.118.0-255,5738,287980,64,362782
44508,0.056134,172.31.40.0-255,66,288046,64,362782
44509,0.058648,172.253.118.0-255,5738,293784,64,362782
44510,0.058655,172.31.40.0-255,66,293850,64,362782
44511,0.061178,172.253.118.0-255,5738,299588,64,362782
44512,0.061194,172.31.40.0-255,66,299654,64,362782
44513,0.063722,172.253.118.0-255,5738,305392,64,362782
44514,0.063729,172.31.40.0-255,66,305458,64,362782
44515,0.066256,172.253.118.0-255,5738,311196,64,362782
44516,0.066263,172.31.40.0-255,66,311262,64,362782
44517,0.068793,172.253.118.0-255,5738,317000,64,362782
44518,0.068799,172.31.40.0-255,66,317066,64,362782
44519,0.071355,172.253.118.0-255,5738,322804,64,362782
44520,0.071361,172.31.40.0-255,66,322870,64,362782
44521,0.073878,172.253.118.0-255,5738,328608,64,362782
44522,0.073886,172.31.40.0-255,66,328674,64,362782
44523,0.076442,172.253.118.0-255,5738,334412,64,362782
44524,0.076451,172.31.40.0-255,66,334478,64,362782
44525,0.078981,172.253.118.0-255,5738,340216,64,362782
44526,0.07899,172.31.40.0-255,66,340282,64,362782
44527,0.081506,172.253.118.0-255,5738,346020,64,362782
44528,0.081517,172.31.40.0-255,66,346086,64,362782
44529,0.084077,172.253.118.0-255,5738,351824,64,362782
44530,0.084086,172.31.40.0-255,66,351890,64,362782
44531,0.086626,172.253.118.0-255,5738,357628,64,362782
44532,0.086633,172.31.40.0-255,66,357694,64,362782
44533,0.089157,172.253.118.0-255,4851,362545,64,362782
44534,0.089164,172.31.40.0-255,66,362611,64,362782
44535,0.089372,172.31.40.0-255,105,362716,64,362782
44536,0.091869,172.253.118.0-255,66,362782,64,362782
44537,0.0,172.31.40.0-255,66,66,64,66
44538,0.0,74.125.200.0-255,146,146,64,389123
44539,2.6e-05,172.31.40.0-255,66,212,64,389123
44540,3.4e-05,74.125.200.0-255,1484,1696,64,389123
44541,3.9e-05,172.31.40.0-255,66,1762,64,389123
44542,4.4e-05,74.125.200.0-255,2902,4664,64,389123
44543,4.7e-05,172.31.40.0-255,66,4730,64,389123
44544,5.3e-05,74.125.200.0-255,4320,9050,64,389123
44545,5.5e-05,172.31.40.0-255,66,9116,64,389123
44546,8e-05,74.125.200.0-255,2902,12018,64,389123
44547,8.2e-05,172.31.40.0-255,66,12084,64,389123
44548,0.0001,74.125.200.0-255,2117,14201,64,389123
44549,0.000103,172.31.40.0-255,66,14267,64,389123
44550,0.000135,74.125.200.0-255,1484,15751,64,389123
44551,0.000137,172.31.40.0-255,66,15817,64,389123
44552,0.000141,74.125.200.0-255,1484,17301,64,389123
44553,0.000143,172.31.40.0-255,66,17367,64,389123
44554,0.000157,74.125.200.0-255,1484,18851,64,389123
44555,0.000159,172.31.40.0-255,66,18917,64,389123
44556,0.000164,74.125.200.0-255,2902,21819,64,389123
44557,0.000166,172.31.40.0-255,66,21885,64,389123
44558,0.000192,74.125.200.0-255,2902,24787,64,389123
44559,0.000194,172.31.40.0-255,66,24853,64,389123
44560,0.000201,74.125.200.0-255,5738,30591,64,389123
44561,0.000204,172.31.40.0-255,66,30657,64,389123
44562,0.000222,74.125.200.0-255,6797,37454,64,389123
44563,0.000224,172.31.40.0-255,66,37520,64,389123
44564,0.000229,74.125.200.0-255,2902,40422,64,389123
44565,0.000231,172.31.40.0-255,66,40488,64,389123
44566,0.000236,74.125.200.0-255,1484,41972,64,389123
44567,0.000238,172.31.40.0-255,66,42038,64,389123
44568,0.000251,74.125.200.0-255,2902,44940,64,389123
44569,0.000253,172.31.40.0-255,66,45006,64,389123
44570,0.000285,74.125.200.0-255,3961,48967,64,389123
44571,0.000289,172.31.40.0-255,66,49033,64,389123
44572,0.00038,74.125.200.0-255,1484,50517,64,389123
44573,0.000404,74.125.200.0-255,2902,53419,64,389123
44574,0.000407,172.31.40.0-255,66,53485,64,389123
44575,0.00044,74.125.200.0-255,5738,59223,64,389123
44576,0.000443,172.31.40.0-255,66,59289,64,389123
44577,0.000447,74.125.200.0-255,2902,62191,64,389123
44578,0.00045,172.31.40.0-255,66,62257,64,389123
44579,0.000455,74.125.200.0-255,3961,66218,64,389123
44580,0.000457,172.31.40.0-255,66,66284,64,389123
44581,0.000488,74.125.200.0-255,647,66931,64,389123
44582,0.000627,74.125.200.0-255,1484,68415,64,389123
44583,0.000631,172.31.40.0-255,66,68481,64,389123
44584,0.000639,74.125.200.0-255,2902,71383,64,389123
44585,0.000642,172.31.40.0-255,66,71449,64,389123
44586,0.000672,74.125.200.0-255,5738,77187,64,389123
44587,0.000675,172.31.40.0-255,66,77253,64,389123
44588,0.000688,74.125.200.0-255,4320,81573,64,389123
44589,0.000691,172.31.40.0-255,66,81639,64,389123
44590,0.000722,172.31.40.0-255,66,81705,64,389123
44591,0.000741,74.125.200.0-255,4320,86025,64,389123
44592,0.000743,172.31.40.0-255,66,86091,64,389123
44593,0.000771,74.125.200.0-255,6438,92529,64,389123
44594,0.000774,172.31.40.0-255,66,92595,64,389123
44595,0.001257,74.125.200.0-255,1484,94079,64,389123
44596,0.001262,74.125.200.0-255,1484,95563,64,389123
44597,0.001266,172.31.40.0-255,66,95629,64,389123
44598,0.001284,74.125.200.0-255,1484,97113,64,389123
44599,0.001291,74.125.200.0-255,5738,102851,64,389123
44600,0.001293,172.31.40.0-255,66,102917,64,389123
44601,0.001297,74.125.200.0-255,2902,105819,64,389123
44602,0.0013,172.31.40.0-255,66,105885,64,389123
44603,0.001329,74.125.200.0-255,2902,108787,64,389123
44604,0.001332,172.31.40.0-255,66,108853,64,389123
44605,0.001357,74.125.200.0-255,7156,116009,64,389123
44606,0.001359,172.31.40.0-255,66,116075,64,389123
44607,0.001382,74.125.200.0-255,7156,123231,64,389123
44608,0.001385,172.31.40.0-255,66,123297,64,389123
44609,0.001406,74.125.200.0-255,3602,126899,64,389123
44610,0.001408,172.31.40.0-255,66,126965,64,389123
44611,0.001477,74.125.200.0-255,1484,128449,64,389123
44612,0.001482,74.125.200.0-255,2902,131351,64,389123
44613,0.001485,172.31.40.0-255,66,131417,64,389123
44614,0.001502,74.125.200.0-255,1484,132901,64,389123
44615,0.001513,74.125.200.0-255,1484,134385,64,389123
44616,0.001515,172.31.40.0-255,66,134451,64,389123
44617,0.001532,74.125.200.0-255,2902,137353,64,389123
44618,0.001535,172.31.40.0-255,66,137419,64,389123
44619,0.00154,74.125.200.0-255,4320,141739,64,389123
44620,0.001542,172.31.40.0-255,66,141805,64,389123
44621,0.001573,172.31.40.0-255,66,141871,64,389123
44622,0.001593,74.125.200.0-255,1484,143355,64,389123
44623,0.001611,74.125.200.0-255,4320,147675,64,389123
44624,0.001615,172.31.40.0-255,66,147741,64,389123
44625,0.001635,74.125.200.0-255,5020,152761,64,389123
44626,0.001638,172.31.40.0-255,66,152827,64,389123
44627,0.001641,74.125.200.0-255,1484,154311,64,389123
44628,0.001664,74.125.200.0-255,2902,157213,64,389123
44629,0.001669,172.31.40.0-255,66,157279,64,389123
44630,0.001693,74.125.200.0-255,5738,163017,64,389123
44631,0.001696,172.31.40.0-255,66,163083,64,389123
44632,0.001702,74.125.200.0-255,4320,167403,64,389123
44633,0.001704,172.31.40.0-255,66,167469,64,389123
44634,0.00171,74.125.200.0-255,5738,173207,64,389123
44635,0.001713,172.31.40.0-255,66,173273,64,389123
44636,0.001749,74.125.200.0-255,4320,177593,64,389123
44637,0.001759,172.31.40.0-255,66,177659,64,389123
44638,0.001765,74.125.200.0-255,4320,181979,64,389123
44639,0.001767,172.31.40.0-255,66,182045,64,389123
44640,0.001793,74.125.200.0-255,2902,184947,64,389123
44641,0.001795,172.31.40.0-255,66,185013,64,389123
44642,0.0018,74.125.200.0-255,2184,187197,64,389123
44643,0.001802,172.31.40.0-255,66,187263,64,389123
44644,0.001804,74.125.200.0-255,1484,188747,64,389123
44645,0.001808,74.125.200.0-255,1484,190231,64,389123
44646,0.00181,172.31.40.0-255,66,190297,64,389123
44647,0.001824,74.125.200.0-255,1484,191781,64,389123
44648,0.001831,74.125.200.0-255,5738,197519,64,389123
44649,0.001833,172.31.40.0-255,66,197585,64,389123
44650,0.001839,74.125.200.0-255,4320,201905,64,389123
44651,0.001841,172.31.40.0-255,66,201971,64,389123
44652,0.001847,74.125.200.0-255,5738,207709,64,389123
44653,0.001849,172.31.40.0-255,66,207775,64,389123
44654,0.001861,172.31.40.0-255,66,207841,64,389123
44655,0.001865,74.125.200.0-255,2184,210025,64,389123
44656,0.001869,172.31.40.0-255,66,210091,64,389123
44657,0.001994,74.125.200.0-255,1484,211575,64,389123
44658,0.002001,74.125.200.0-255,2902,214477,64,389123
44659,0.002005,172.31.40.0-255,66,214543,64,389123
44660,0.00201,74.125.200.0-255,2902,217445,64,389123
44661,0.002013,172.31.40.0-255,66,217511,64,389123
44662,0.002027,74.125.200.0-255,1484,218995,64,389123
44663,0.002032,74.125.200.0-255,2902,221897,64,389123
44664,0.002034,172.31.40.0-255,66,221963,64,389123
44665,0.004006,74.125.200.0-255,1484,223447,64,389123
44666,0.004028,74.125.200.0-255,4320,227767,64,389123
44667,0.004033,172.31.40.0-255,66,227833,64,389123
44668,0.006035,74.125.200.0-255,5738,233571,64,389123
44669,0.006042,172.31.40.0-255,66,233637,64,389123
44670,0.008048,74.125.200.0-255,5738,239375,64,389123
44671,0.008055,172.31.40.0-255,66,239441,64,389123
44672,0.010072,74.125.200.0-255,5738,245179,64,389123
44673,0.01009,172.31.40.0-255,66,245245,64,389123
44674,0.012101,74.125.200.0-255,5738,250983,64,389123
44675,0.012117,172.31.40.0-255,66,251049,64,389123
44676,0.014129,74.125.200.0-255,5738,256787,64,389123
44677,0.014142,172.31.40.0-255,66,256853,64,389123
44678,0.016194,74.125.200.0-255,5738,262591,64,389123
44679,0.016211,172.31.40.0-255,66,262657,64,389123
44680,0.01821,74.125.200.0-255,5738,268395,64,389123
44681,0.01822,172.31.40.0-255,66,268461,64,389123
44682,0.020232,74.125.200.0-255,5738,274199,64,389123
44683,0.02024,172.31.40.0-255,66,274265,64,389123
44684,0.022242,74.125.200.0-255,5738,280003,64,389123
44685,0.022253,172.31.40.0-255,66,280069,64,389123
44686,0.024254,74.125.200.0-255,5738,285807,64,389123
44687,0.024266,172.31.40.0-255,66,285873,64,389123
44688,0.026272,74.125.200.0-255,5738,291611,64,389123
44689,0.026282,172.31.40.0-255,66,291677,64,389123
44690,0.028286,74.125.200.0-255,5738,297415,64,389123
44691,0.028301,172.31.40.0-255,66,297481,64,389123
44692,0.030306,74.125.200.0-255,5738,303219,64,389123
44693,0.030315,172.31.40.0-255,66,303285,64,389123
44694,0.032322,74.125.200.0-255,5738,309023,64,389123
44695,0.032332,172.31.40.0-255,66,309089,64,389123
44696,0.034347,74.125.200.0-255,5738,314827,64,389123
44697,0.034366,172.31.40.0-255,66,314893,64,389123
44698,0.036367,74.125.200.0-255,5738,320631,64,389123
44699,0.036377,172.31.40.0-255,66,320697,64,389123
44700,0.03839,74.125.200.0-255,5738,326435,64,389123
44701,0.038406,172.31.40.0-255,66,326501,64,389123
44702,0.040412,74.125.200.0-255,5738,332239,64,389123
44703,0.04042,172.31.40.0-255,66,332305,64,389123
44704,0.042425,74.125.200.0-255,5738,338043,64,389123
44705,0.042434,172.31.40.0-255,66,338109,64,389123
44706,0.044456,74.125.200.0-255,5738,343847,64,389123
44707,0.044478,172.31.40.0-255,66,343913,64,389123
44708,0.046504,74.125.200.0-255,5738,349651,64,389123
44709,0.046517,172.31.40.0-255,66,349717,64,389123
44710,0.048524,74.125.200.0-255,5738,355455,64,389123
44711,0.048535,172.31.40.0-255,66,355521,64,389123
44712,0.050535,74.125.200.0-255,5738,361259,64,389123
44713,0.050544,172.31.40.0-255,66,361325,64,389123
44714,0.051608,172.31.40.0-255,172,361497,64,389123
44715,0.051646,172.31.40.0-255,1113,362610,64,389123
44716,0.051726,172.31.40.0-255,1514,364124,64,389123
44717,0.051728,172.31.40.0-255,334,364458,64,389123
44718,0.052544,74.125.200.0-255,5738,370196,64,389123
44719,0.052553,172.31.40.0-255,66,370262,64,389123
44720,0.053113,104.244.42.0-255,66,370328,64,389123
44721,0.053144,104.244.42.0-255,66,370394,64,389123
44722,0.053243,104.244.42.0-255,66,370460,64,389123
44723,0.054219,104.244.42.0-255,108,370568,64,389123
44724,0.054229,172.31.40.0-255,66,370634,64,389123
44725,0.054556,74.125.200.0-255,5738,376372,64,389123
44726,0.054563,172.31.40.0-255,66,376438,64,389123
44727,0.056574,74.125.200.0-255,5738,382176,64,389123
44728,0.056589,172.31.40.0-255,66,382242,64,389123
44729,0.05861,74.125.200.0-255,5738,387980,64,389123
44730,0.058627,172.31.40.0-255,66,388046,64,389123
44731,0.060623,74.125.200.0-255,840,388886,64,389123
44732,0.060787,172.31.40.0-255,66,388952,64,389123
44733,0.060826,172.31.40.0-255,105,389057,64,389123
44734,0.062787,74.125.200.0-255,66,389123,64,389123
44735,0.0,172.217.194.0-255,153,153,64,318252
44736,2.2e-05,172.31.40.0-255,66,219,64,318252
44737,2.9e-05,172.217.194.0-255,1484,1703,64,318252
44738,3.4e-05,172.31.40.0-255,66,1769,64,318252
44739,4.1e-05,172.217.194.0-255,2902,4671,64,318252
44740,4.5e-05,172.31.40.0-255,66,4737,64,318252
44741,5.3e-05,172.217.194.0-255,7156,11893,64,318252
44742,5.7e-05,172.31.40.0-255,66,11959,64,318252
44743,6.1e-05,172.217.194.0-255,2020,13979,64,318252
44744,6.4e-05,172.31.40.0-255,66,14045,64,318252
44745,8.7e-05,172.217.194.0-255,1484,15529,64,318252
44746,9e-05,172.31.40.0-255,66,15595,64,318252
44747,0.000114,172.217.194.0-255,2902,18497,64,318252
44748,0.000117,172.31.40.0-255,66,18563,64,318252
44749,0.000121,172.217.194.0-255,2902,21465,64,318252
44750,0.000123,172.31.40.0-255,66,21531,64,318252
44751,0.000138,172.217.194.0-255,2902,24433,64,318252
44752,0.00014,172.31.40.0-255,66,24499,64,318252
44753,0.000143,172.217.194.0-255,1484,25983,64,318252
44754,0.000145,172.31.40.0-255,66,26049,64,318252
44755,0.000175,172.217.194.0-255,5379,31428,64,318252
44756,0.000178,172.31.40.0-255,66,31494,64,318252
44757,0.000195,172.217.194.0-255,1484,32978,64,318252
44758,0.000197,172.31.40.0-255,66,33044,64,318252
44759,0.000202,172.217.194.0-255,2902,35946,64,318252
44760,0.000204,172.31.40.0-255,66,36012,64,318252
44761,0.000225,172.217.194.0-255,5738,41750,64,318252
44762,0.000228,172.31.40.0-255,66,41816,64,318252
44763,0.000242,172.217.194.0-255,1484,43300,64,318252
44764,0.000244,172.31.40.0-255,66,43366,64,318252
44765,0.000262,172.217.194.0-255,5379,48745,64,318252
44766,0.000265,172.31.40.0-255,66,48811,64,318252
44767,0.001578,172.217.194.0-255,1484,50295,64,318252
44768,0.00159,172.217.194.0-255,2902,53197,64,318252
44769,0.001595,172.31.40.0-255,66,53263,64,318252
44770,0.001604,172.217.194.0-255,5738,59001,64,318252
44771,0.001606,172.31.40.0-255,66,59067,64,318252
44772,0.001644,172.217.194.0-255,6797,65864,64,318252
44773,0.001646,172.31.40.0-255,66,65930,64,318252
44774,0.001661,172.217.194.0-255,2902,68832,64,318252
44775,0.001663,172.31.40.0-255,66,68898,64,318252
44776,0.001698,172.31.40.0-255,66,68964,64,318252
44777,0.001704,172.217.194.0-255,4320,73284,64,318252
44778,0.001706,172.31.40.0-255,66,73350,64,318252
44779,0.00172,172.217.194.0-255,4320,77670,64,318252
44780,0.001722,172.31.40.0-255,66,77736,64,318252
44781,0.001759,172.217.194.0-255,7156,84892,64,318252
44782,0.001762,172.31.40.0-255,66,84958,64,318252
44783,0.001782,172.217.194.0-255,3602,88560,64,318252
44784,0.001785,172.31.40.0-255,66,88626,64,318252
44785,0.002344,172.217.194.0-255,1484,90110,64,318252
44786,0.002358,172.217.194.0-255,2902,93012,64,318252
44787,0.002361,172.31.40.0-255,66,93078,64,318252
44788,0.002406,172.217.194.0-255,4320,97398,64,318252
44789,0.002409,172.31.40.0-255,66,97464,64,318252
44790,0.002423,172.217.194.0-255,1484,98948,64,318252
44791,0.002437,172.31.40.0-255,66,99014,64,318252
44792,0.00244,172.217.194.0-255,1484,100498,64,318252
44793,0.002474,172.31.40.0-255,66,100564,64,318252
44794,0.005062,172.217.194.0-255,4320,104884,64,318252
44795,0.005066,172.31.40.0-255,66,104950,64,318252
44796,0.005083,172.217.194.0-255,1484,106434,64,318252
44797,0.007682,172.217.194.0-255,4320,110754,64,318252
44798,0.007689,172.31.40.0-255,66,110820,64,318252
44799,0.010297,172.217.194.0-255,5738,116558,64,318252
44800,0.010305,172.31.40.0-255,66,116624,64,318252
44801,0.012907,172.217.194.0-255,5738,122362,64,318252
44802,0.012916,172.31.40.0-255,66,122428,64,318252
44803,0.015514,172.217.194.0-255,5738,128166,64,318252
44804,0.015526,172.31.40.0-255,66,128232,64,318252
44805,0.018125,172.217.194.0-255,5738,133970,64,318252
44806,0.018134,172.31.40.0-255,66,134036,64,318252
44807,0.020732,172.217.194.0-255,5738,139774,64,318252
44808,0.02074,172.31.40.0-255,66,139840,64,318252
44809,0.023335,172.217.194.0-255,5738,145578,64,318252
44810,0.023345,172.31.40.0-255,66,145644,64,318252
44811,0.025939,172.217.194.0-255,5738,151382,64,318252
44812,0.025946,172.31.40.0-255,66,151448,64,318252
44813,0.026958,172.31.40.0-255,172,151620,64,318252
44814,0.026997,172.31.40.0-255,1111,152731,64,318252
44815,0.027054,172.31.40.0-255,1514,154245,64,318252
44816,0.027056,172.31.40.0-255,1297,155542,64,318252
44817,0.028504,104.244.42.0-255,66,155608,64,318252
44818,0.02854,104.244.42.0-255,66,155674,64,318252
44819,0.028564,172.217.194.0-255,5738,161412,64,318252
44820,0.028568,172.31.40.0-255,66,161478,64,318252
44821,0.02859,104.244.42.0-255,66,161544,64,318252
44822,0.031178,172.217.194.0-255,5738,167282,64,318252
44823,0.031185,172.31.40.0-255,66,167348,64,318252
44824,0.033792,172.217.194.0-255,5738,173086,64,318252
44825,0.033799,172.31.40.0-255,66,173152,64,318252
44826,0.036451,172.217.194.0-255,5738,178890,64,318252
44827,0.036457,172.31.40.0-255,66,178956,64,318252
44828,0.039028,172.217.194.0-255,5738,184694,64,318252
44829,0.039035,172.31.40.0-255,66,184760,64,318252
44830,0.041662,172.217.194.0-255,5738,190498,64,318252
44831,0.041671,172.31.40.0-255,66,190564,64,318252
44832,0.044316,172.217.194.0-255,5738,196302,64,318252
44833,0.044323,172.31.40.0-255,66,196368,64,318252
44834,0.046952,172.217.194.0-255,5738,202106,64,318252
44835,0.046959,172.31.40.0-255,66,202172,64,318252
44836,0.049556,172.217.194.0-255,5738,207910,64,318252
44837,0.049563,172.31.40.0-255,66,207976,64,318252
44838,0.052177,172.217.194.0-255,5738,213714,64,318252
44839,0.052183,172.31.40.0-255,66,213780,64,318252
44840,0.054786,172.217.194.0-255,5738,219518,64,318252
44841,0.054792,172.31.40.0-255,66,219584,64,318252
44842,0.057442,172.217.194.0-255,5738,225322,64,318252
44843,0.057448,172.31.40.0-255,66,225388,64,318252
44844,0.060044,172.217.194.0-255,5738,231126,64,318252
44845,0.06005,172.31.40.0-255,66,231192,64,318252
44846,0.062661,172.217.194.0-255,5738,236930,64,318252
44847,0.062667,172.31.40.0-255,66,236996,64,318252
44848,0.065273,172.217.194.0-255,5738,242734,64,318252
44849,0.065279,172.31.40.0-255,66,242800,64,318252
44850,0.06789,172.217.194.0-255,5738,248538,64,318252
44851,0.067897,172.31.40.0-255,66,248604,64,318252
44852,0.070483,172.217.194.0-255,5738,254342,64,318252
44853,0.070489,172.31.40.0-255,66,254408,64,318252
44854,0.07313,172.217.194.0-255,5738,260146,64,318252
44855,0.073136,172.31.40.0-255,66,260212,64,318252
44856,0.075756,172.217.194.0-255,5738,265950,64,318252
44857,0.075762,172.31.40.0-255,66,266016,64,318252
44858,0.078381,172.217.194.0-255,5738,271754,64,318252
44859,0.078387,172.31.40.0-255,66,271820,64,318252
44860,0.081005,172.217.194.0-255,5738,277558,64,318252
44861,0.081013,172.31.40.0-255,66,277624,64,318252
44862,0.083618,172.217.194.0-255,5738,283362,64,318252
44863,0.083625,172.31.40.0-255,66,283428,64,318252
44864,0.086247,172.217.194.0-255,5738,289166,64,318252
44865,0.086253,172.31.40.0-255,66,289232,64,318252
44866,0.088884,172.217.194.0-255,5738,294970,64,318252
44867,0.08889,172.31.40.0-255,66,295036,64,318252
44868,0.09148,172.217.194.0-255,5738,300774,64,318252
44869,0.091487,172.31.40.0-255,66,300840,64,318252
44870,0.094086,172.217.194.0-255,5738,306578,64,318252
44871,0.094092,172.31.40.0-255,66,306644,64,318252
44872,0.096686,172.217.194.0-255,5738,312382,64,318252
44873,0.096693,172.31.40.0-255,66,312448,64,318252
44874,0.099318,172.217.194.0-255,5738,318186,64,318252
44875,0.099325,172.31.40.0-255,66,318252,64,318252
44876,0.0,74.125.24.0-255,146,146,64,248734
44877,2.1e-05,172.31.40.0-255,66,212,64,248734
44878,2.8e-05,74.125.24.0-255,1484,1696,64,248734
44879,3.2e-05,172.31.40.0-255,66,1762,64,248734
44880,3.7e-05,74.125.24.0-255,2902,4664,64,248734
44881,3.9e-05,172.31.40.0-255,66,4730,64,248734
44882,5.3e-05,74.125.24.0-255,7156,11886,64,248734
44883,5.6e-05,172.31.40.0-255,66,11952,64,248734
44884,6e-05,74.125.24.0-255,1984,13936,64,248734
44885,6.3e-05,172.31.40.0-255,66,14002,64,248734
44886,9.6e-05,172.31.40.0-255,66,14068,64,248734
44887,0.000114,74.125.24.0-255,1484,15552,64,248734
44888,0.000117,172.31.40.0-255,66,15618,64,248734
44889,0.000122,74.125.24.0-255,5379,20997,64,248734
44890,0.000124,172.31.40.0-255,66,21063,64,248734
44891,0.000158,74.125.24.0-255,1484,22547,64,248734
44892,0.00016,172.31.40.0-255,66,22613,64,248734
44893,0.000165,74.125.24.0-255,2902,25515,64,248734
44894,0.000167,172.31.40.0-255,66,25581,64,248734
44895,0.000202,74.125.24.0-255,5738,31319,64,248734
44896,0.000205,172.31.40.0-255,66,31385,64,248734
44897,0.000209,74.125.24.0-255,4320,35705,64,248734
44898,0.00021,172.31.40.0-255,66,35771,64,248734
44899,0.000213,74.125.24.0-255,1484,37255,64,248734
44900,0.000215,172.31.40.0-255,66,37321,64,248734
44901,0.000253,172.31.40.0-255,66,37387,64,248734
44902,0.00026,74.125.24.0-255,6797,44184,64,248734
44903,0.000262,172.31.40.0-255,66,44250,64,248734
44904,0.000264,74.125.24.0-255,435,44685,64,248734
44905,0.000266,172.31.40.0-255,66,44751,64,248734
44906,0.000368,74.125.24.0-255,1484,46235,64,248734
44907,0.000373,74.125.24.0-255,1484,47719,64,248734
44908,0.000375,172.31.40.0-255,66,47785,64,248734
44909,0.000401,74.125.24.0-255,1484,49269,64,248734
44910,0.000407,74.125.24.0-255,5738,55007,64,248734
44911,0.000409,172.31.40.0-255,66,55073,64,248734
44912,0.000411,74.125.24.0-255,1484,56557,64,248734
44913,0.000438,74.125.24.0-255,5072,61629,64,248734
44914,0.00044,172.31.40.0-255,66,61695,64,248734
44915,0.000559,74.125.24.0-255,1484,63179,64,248734
44916,0.000563,74.125.24.0-255,1484,64663,64,248734
44917,0.000566,172.31.40.0-255,66,64729,64,248734
44918,0.000592,74.125.24.0-255,1484,66213,64,248734
44919,0.000598,74.125.24.0-255,5738,71951,64,248734
44920,0.000601,172.31.40.0-255,66,72017,64,248734
44921,0.000603,74.125.24.0-255,1484,73501,64,248734
44922,0.000635,172.31.40.0-255,66,73567,64,248734
44923,0.000642,74.125.24.0-255,7156,80723,64,248734
44924,0.000644,172.31.40.0-255,66,80789,64,248734
44925,0.000665,74.125.24.0-255,2543,83332,64,248734
44926,0.000667,172.31.40.0-255,66,83398,64,248734
44927,0.000834,74.125.24.0-255,1484,84882,64,248734
44928,0.000856,74.125.24.0-255,2902,87784,64,248734
44929,0.00086,172.31.40.0-255,66,87850,64,248734
44930,0.000862,74.125.24.0-255,1484,89334,64,248734
44931,0.000886,74.125.24.0-255,1484,90818,64,248734
44932,0.000889,172.31.40.0-255,66,90884,64,248734
44933,0.000896,74.125.24.0-255,7156,98040,64,248734
44934,0.000898,172.31.40.0-255,66,98106,64,248734
44935,0.000936,74.125.24.0-255,2902,101008,64,248734
44936,0.000939,172.31.40.0-255,66,101074,64,248734
44937,0.000974,172.31.40.0-255,66,101140,64,248734
44938,0.000978,74.125.24.0-255,3602,104742,64,248734
44939,0.00098,172.31.40.0-255,66,104808,64,248734
44940,0.00104,74.125.24.0-255,1484,106292,64,248734
44941,0.001053,74.125.24.0-255,2902,109194,64,248734
44942,0.001056,172.31.40.0-255,66,109260,64,248734
44943,0.001088,74.125.24.0-255,5738,114998,64,248734
44944,0.001091,172.31.40.0-255,66,115064,64,248734
44945,0.001097,74.125.24.0-255,5738,120802,64,248734
44946,0.001098,172.31.40.0-255,66,120868,64,248734
44947,0.001133,74.125.24.0-255,7156,128024,64,248734
44948,0.001136,172.31.40.0-255,66,128090,64,248734
44949,0.00115,172.31.40.0-255,66,128156,64,248734
44950,0.001214,74.125.24.0-255,1484,129640,64,248734
44951,0.001218,74.125.24.0-255,1484,131124,64,248734
44952,0.00122,172.31.40.0-255,66,131190,64,248734
44953,0.00125,74.125.24.0-255,1484,132674,64,248734
44954,0.001256,74.125.24.0-255,5738,138412,64,248734
44955,0.001258,172.31.40.0-255,66,138478,64,248734
44956,0.001265,74.125.24.0-255,7156,145634,64,248734
44957,0.001267,172.31.40.0-255,66,145700,64,248734
44958,0.001284,74.125.24.0-255,5738,151438,64,248734
44959,0.001292,74.125.24.0-255,5738,157176,64,248734
44960,0.001329,172.31.40.0-255,66,157242,64,248734
44961,0.001333,172.31.40.0-255,66,157308,64,248734
44962,0.001366,74.125.24.0-255,5020,162328,64,248734
44963,0.001368,172.31.40.0-255,66,162394,64,248734
44964,0.001371,74.125.24.0-255,1484,163878,64,248734
44965,0.0014,74.125.24.0-255,2902,166780,64,248734
44966,0.001404,172.31.40.0-255,66,166846,64,248734
44967,0.00141,74.125.24.0-255,5738,172584,64,248734
44968,0.001412,172.31.40.0-255,66,172650,64,248734
44969,0.00145,172.31.40.0-255,66,172716,64,248734
44970,0.001457,74.125.24.0-255,5738,178454,64,248734
44971,0.001459,172.31.40.0-255,66,178520,64,248734
44972,0.001478,74.125.24.0-255,1484,180004,64,248734
44973,0.001519,74.125.24.0-255,6438,186442,64,248734
44974,0.001543,74.125.24.0-255,5020,191462,64,248734
44975,0.001546,172.31.40.0-255,66,191528,64,248734
44976,0.001551,172.31.40.0-255,66,191594,64,248734
44977,0.001558,74.125.24.0-255,1484,193078,64,248734
44978,0.001588,74.125.24.0-255,4320,197398,64,248734
44979,0.001606,74.125.24.0-255,5738,203136,64,248734
44980,0.001629,172.31.40.0-255,66,203202,64,248734
44981,0.001652,74.125.24.0-255,7156,210358,64,248734
44982,0.001663,172.31.40.0-255,66,210424,64,248734
44983,0.001673,74.125.24.0-255,2184,212608,64,248734
44984,0.001687,74.125.24.0-255,2902,215510,64,248734
44985,0.001702,172.31.40.0-255,66,215576,64,248734
44986,0.001714,74.125.24.0-255,7156,222732,64,248734
44987,0.001725,74.125.24.0-255,5738,228470,64,248734
44988,0.001741,172.31.40.0-255,66,228536,64,248734
44989,0.001772,74.125.24.0-255,7156,235692,64,248734
44990,0.001795,172.31.40.0-255,66,235758,64,248734
44991,0.001808,74.125.24.0-255,4320,240078,64,248734
44992,0.001826,172.31.40.0-255,66,240144,64,248734
44993,0.001889,74.125.24.0-255,97,240241,64,248734
44994,0.001933,172.31.40.0-255,66,240307,64,248734
44995,0.001944,74.125.24.0-255,105,240412,64,248734
44996,0.016257,172.31.40.0-255,66,240478,64,248734
44997,0.016305,172.31.40.0-255,105,240583,64,248734
44998,0.018537,74.125.24.0-255,66,240649,64,248734
44999,0.047751,172.31.40.0-255,172,240821,64,248734
45000,0.047786,172.31.40.0-255,1111,241932,64,248734
45001,0.047854,172.31.40.0-255,1514,243446,64,248734
45002,0.047856,172.31.40.0-255,1514,244960,64,248734
45003,0.047857,172.31.40.0-255,1514,246474,64,248734
45004,0.047884,172.31.40.0-255,1514,247988,64,248734
45005,0.047886,172.31.40.0-255,482,248470,64,248734
45006,0.049268,104.244.42.0-255,66,248536,64,248734
45007,0.049314,104.244.42.0-255,66,248602,64,248734
45008,0.049413,104.244.42.0-255,66,248668,64,248734
45009,0.049417,104.244.42.0-255,66,248734,64,248734
45010,0.0,172.217.194.0-255,291,291,64,255503
45011,1e-05,172.31.40.0-255,66,357,64,255503
45012,6.8e-05,172.217.194.0-255,1484,1841,64,255503
45013,7.4e-05,172.31.40.0-255,66,1907,64,255503
45014,0.000106,172.217.194.0-255,2902,4809,64,255503
45015,0.000109,172.31.40.0-255,66,4875,64,255503
45016,0.000116,172.217.194.0-255,5738,10613,64,255503
45017,0.000119,172.31.40.0-255,66,10679,64,255503
45018,0.000123,172.217.194.0-255,1484,12163,64,255503
45019,0.000125,172.31.40.0-255,66,12229,64,255503
45020,0.000154,172.217.194.0-255,1871,14100,64,255503
45021,0.000156,172.31.40.0-255,66,14166,64,255503
45022,0.000181,172.217.194.0-255,4320,18486,64,255503
45023,0.000184,172.31.40.0-255,66,18552,64,255503
45024,0.000199,172.217.194.0-255,7156,25708,64,255503
45025,0.000201,172.31.40.0-255,66,25774,64,255503
45026,0.000239,172.217.194.0-255,2902,28676,64,255503
45027,0.000242,172.31.40.0-255,66,28742,64,255503
45028,0.00027,172.217.194.0-255,2543,31285,64,255503
45029,0.000274,172.31.40.0-255,66,31351,64,255503
45030,0.004125,172.217.194.0-255,1484,32835,64,255503
45031,0.004134,172.31.40.0-255,66,32901,64,255503
45032,0.004142,172.217.194.0-255,2902,35803,64,255503
45033,0.004145,172.31.40.0-255,66,35869,64,255503
45034,0.004155,172.217.194.0-255,1484,37353,64,255503
45035,0.004158,172.31.40.0-255,66,37419,64,255503
45036,0.00667,172.217.194.0-255,2902,40321,64,255503
45037,0.006677,172.31.40.0-255,66,40387,64,255503
45038,0.006708,172.217.194.0-255,2902,43289,64,255503
45039,0.00671,172.31.40.0-255,66,43355,64,255503
45040,0.009219,172.217.194.0-255,2902,46257,64,255503
45041,0.009225,172.31.40.0-255,66,46323,64,255503
45042,0.009256,172.217.194.0-255,2902,49225,64,255503
45043,0.009259,172.31.40.0-255,66,49291,64,255503
45044,0.011795,172.217.194.0-255,2902,52193,64,255503
45045,0.011803,172.31.40.0-255,66,52259,64,255503
45046,0.011835,172.217.194.0-255,2902,55161,64,255503
45047,0.011854,172.31.40.0-255,66,55227,64,255503
45048,0.015412,172.217.194.0-255,4320,59547,64,255503
45049,0.015424,172.31.40.0-255,66,59613,64,255503
45050,0.015455,172.217.194.0-255,1484,61097,64,255503
45051,0.017975,172.217.194.0-255,4320,65417,64,255503
45052,0.017984,172.31.40.0-255,66,65483,64,255503
45053,0.020537,172.217.194.0-255,5738,71221,64,255503
45054,0.020577,172.31.40.0-255,66,71287,64,255503
45055,0.023027,172.31.40.0-255,172,71459,64,255503
45056,0.023055,172.31.40.0-255,1112,72571,64,255503
45057,0.023104,172.31.40.0-255,1514,74085,64,255503
45058,0.023105,172.31.40.0-255,1296,75381,64,255503
45059,0.023144,172.217.194.0-255,5738,81119,64,255503
45060,0.023148,172.31.40.0-255,66,81185,64,255503
45061,0.024606,104.244.42.0-255,66,81251,64,255503
45062,0.024614,104.244.42.0-255,66,81317,64,255503
45063,0.024674,104.244.42.0-255,66,81383,64,255503
45064,0.025697,172.217.194.0-255,5738,87121,64,255503
45065,0.025704,172.31.40.0-255,66,87187,64,255503
45066,0.028262,172.217.194.0-255,5738,92925,64,255503
45067,0.02827,172.31.40.0-255,66,92991,64,255503
45068,0.03083,172.217.194.0-255,5738,98729,64,255503
45069,0.030837,172.31.40.0-255,66,98795,64,255503
45070,0.033414,172.217.194.0-255,5738,104533,64,255503
45071,0.033421,172.31.40.0-255,66,104599,64,255503
45072,0.035971,172.217.194.0-255,5738,110337,64,255503
45073,0.035978,172.31.40.0-255,66,110403,64,255503
45074,0.038522,172.217.194.0-255,5738,116141,64,255503
45075,0.038528,172.31.40.0-255,66,116207,64,255503
45076,0.041082,172.217.194.0-255,5738,121945,64,255503
45077,0.041087,172.31.40.0-255,66,122011,64,255503
45078,0.043611,172.217.194.0-255,5738,127749,64,255503
45079,0.043617,172.31.40.0-255,66,127815,64,255503
45080,0.046178,172.217.194.0-255,5738,133553,64,255503
45081,0.046185,172.31.40.0-255,66,133619,64,255503
45082,0.048725,172.217.194.0-255,5738,139357,64,255503
45083,0.048729,172.31.40.0-255,66,139423,64,255503
45084,0.051277,172.217.194.0-255,5738,145161,64,255503
45085,0.051283,172.31.40.0-255,66,145227,64,255503
45086,0.053815,172.217.194.0-255,5738,150965,64,255503
45087,0.053821,172.31.40.0-255,66,151031,64,255503
45088,0.056405,172.217.194.0-255,5738,156769,64,255503
45089,0.056411,172.31.40.0-255,66,156835,64,255503
45090,0.058966,172.217.194.0-255,5738,162573,64,255503
45091,0.058975,172.31.40.0-255,66,162639,64,255503
45092,0.061515,172.217.194.0-255,5738,168377,64,255503
45093,0.061522,172.31.40.0-255,66,168443,64,255503
45094,0.064052,172.217.194.0-255,5738,174181,64,255503
45095,0.064058,172.31.40.0-255,66,174247,64,255503
45096,0.06661,172.217.194.0-255,5738,179985,64,255503
45097,0.066617,172.31.40.0-255,66,180051,64,255503
45098,0.069184,172.217.194.0-255,5738,185789,64,255503
45099,0.069191,172.31.40.0-255,66,185855,64,255503
45100,0.071743,172.217.194.0-255,5738,191593,64,255503
45101,0.071749,172.31.40.0-255,66,191659,64,255503
45102,0.074308,172.217.194.0-255,5738,197397,64,255503
45103,0.074314,172.31.40.0-255,66,197463,64,255503
45104,0.076864,172.217.194.0-255,5738,203201,64,255503
45105,0.07687,172.31.40.0-255,66,203267,64,255503
45106,0.079445,172.217.194.0-255,5738,209005,64,255503
45107,0.079452,172.31.40.0-255,66,209071,64,255503
45108,0.081986,172.217.194.0-255,5738,214809,64,255503
45109,0.081992,172.31.40.0-255,66,214875,64,255503
45110,0.084554,172.217.194.0-255,5738,220613,64,255503
45111,0.084561,172.31.40.0-255,66,220679,64,255503
45112,0.087119,172.217.194.0-255,5738,226417,64,255503
45113,0.087125,172.31.40.0-255,66,226483,64,255503
45114,0.089679,172.217.194.0-255,5738,232221,64,255503
45115,0.089686,172.31.40.0-255,66,232287,64,255503
45116,0.092216,172.217.194.0-255,5738,238025,64,255503
45117,0.092222,172.31.40.0-255,66,238091,64,255503
45118,0.094755,172.217.194.0-255,5738,243829,64,255503
45119,0.094762,172.31.40.0-255,66,243895,64,255503
45120,0.097298,172.217.194.0-255,5738,249633,64,255503
45121,0.097304,172.31.40.0-255,66,249699,64,255503
45122,0.099843,172.217.194.0-255,5738,255437,64,255503
45123,0.09985,172.31.40.0-255,66,255503,64,255503
45124,0.0,172.217.27.0-255,146,146,64,396563
45125,2e-05,172.31.40.0-255,66,212,64,396563
45126,2.7e-05,172.217.27.0-255,1484,1696,64,396563
45127,3.1e-05,172.31.40.0-255,66,1762,64,396563
45128,3.7e-05,172.217.27.0-255,2902,4664,64,396563
45129,4e-05,172.31.40.0-255,66,4730,64,396563
45130,4.7e-05,172.217.27.0-255,7156,11886,64,396563
45131,4.9e-05,172.31.40.0-255,66,11952,64,396563
45132,5.3e-05,172.217.27.0-255,1998,13950,64,396563
45133,5.6e-05,172.31.40.0-255,66,14016,64,396563
45134,9.2e-05,172.217.27.0-255,2902,16918,64,396563
45135,9.5e-05,172.31.40.0-255,66,16984,64,396563
45136,9.9e-05,172.217.27.0-255,2902,19886,64,396563
45137,0.000101,172.31.40.0-255,66,19952,64,396563
45138,0.000105,172.217.27.0-255,2902,22854,64,396563
45139,0.000108,172.31.40.0-255,66,22920,64,396563
45140,0.000124,172.217.27.0-255,1484,24404,64,396563
45141,0.000126,172.31.40.0-255,66,24470,64,396563
45142,0.000146,172.217.27.0-255,2902,27372,64,396563
45143,0.000148,172.31.40.0-255,66,27438,64,396563
45144,0.000161,172.217.27.0-255,3961,31399,64,396563
45145,0.000163,172.31.40.0-255,66,31465,64,396563
45146,0.000214,172.217.27.0-255,1484,32949,64,396563
45147,0.000217,172.31.40.0-255,66,33015,64,396563
45148,0.00022,172.217.27.0-255,1484,34499,64,396563
45149,0.000222,172.31.40.0-255,66,34565,64,396563
45150,0.000233,172.217.27.0-255,1484,36049,64,396563
45151,0.000235,172.31.40.0-255,66,36115,64,396563
45152,0.000241,172.217.27.0-255,5738,41853,64,396563
45153,0.000243,172.31.40.0-255,66,41919,64,396563
45154,0.000247,172.217.27.0-255,2902,44821,64,396563
45155,0.000249,172.31.40.0-255,66,44887,64,396563
45156,0.000274,172.217.27.0-255,2902,47789,64,396563
45157,0.000281,172.217.27.0-255,6797,54586,64,396563
45158,0.000331,172.217.27.0-255,395,54981,64,396563
45159,0.000434,172.31.40.0-255,66,55047,64,396563
45160,0.00062,172.217.27.0-255,116,55163,64,396563
45161,0.000625,172.217.27.0-255,329,55492,64,396563
45162,0.000856,172.217.27.0-255,1484,56976,64,396563
45163,0.00086,172.31.40.0-255,66,57042,64,396563
45164,0.000866,172.217.27.0-255,2902,59944,64,396563
45165,0.000878,172.31.40.0-255,66,60010,64,396563
45166,0.000885,172.217.27.0-255,5738,65748,64,396563
45167,0.000889,172.31.40.0-255,66,65814,64,396563
45168,0.000899,172.217.27.0-255,5738,71552,64,396563
45169,0.000913,172.217.27.0-255,7156,78708,64,396563
45170,0.00092,172.217.27.0-255,7156,85864,64,396563
45171,0.000936,172.31.40.0-255,66,85930,64,396563
45172,0.000957,172.217.27.0-255,3602,89532,64,396563
45173,0.000972,172.31.40.0-255,66,89598,64,396563
45174,0.001081,172.217.27.0-255,1484,91082,64,396563
45175,0.001098,172.217.27.0-255,2902,93984,64,396563
45176,0.001101,172.31.40.0-255,66,94050,64,396563
45177,0.001104,172.217.27.0-255,1484,95534,64,396563
45178,0.001125,172.217.27.0-255,4320,99854,64,396563
45179,0.00113,172.217.27.0-255,4320,104174,64,396563
45180,0.001134,172.217.27.0-255,5738,109912,64,396563
45181,0.001149,172.31.40.0-255,66,109978,64,396563
45182,0.001169,172.217.27.0-255,2184,112162,64,396563
45183,0.001184,172.31.40.0-255,66,112228,64,396563
45184,0.002801,172.217.27.0-255,5738,117966,64,396563
45185,0.002808,172.31.40.0-255,66,118032,64,396563
45186,0.004443,172.217.27.0-255,5738,123770,64,396563
45187,0.006809,172.31.40.0-255,66,123836,64,396563
45188,0.008429,172.217.27.0-255,5738,129574,64,396563
45189,0.008436,172.31.40.0-255,66,129640,64,396563
45190,0.010059,172.217.27.0-255,5738,135378,64,396563
45191,0.010067,172.31.40.0-255,66,135444,64,396563
45192,0.011711,172.217.27.0-255,5738,141182,64,396563
45193,0.012853,172.31.40.0-255,66,141248,64,396563
45194,0.014478,172.217.27.0-255,5738,146986,64,396563
45195,0.014486,172.31.40.0-255,66,147052,64,396563
45196,0.016112,172.217.27.0-255,5738,152790,64,396563
45197,0.016119,172.31.40.0-255,66,152856,64,396563
45198,0.017733,172.217.27.0-255,5738,158594,64,396563
45199,0.01774,172.31.40.0-255,66,158660,64,396563
45200,0.019364,172.217.27.0-255,5738,164398,64,396563
45201,0.019371,172.31.40.0-255,66,164464,64,396563
45202,0.020989,172.217.27.0-255,5738,170202,64,396563
45203,0.020996,172.31.40.0-255,66,170268,64,396563
45204,0.022617,172.217.27.0-255,5738,176006,64,396563
45205,0.022625,172.31.40.0-255,66,176072,64,396563
45206,0.024247,172.217.27.0-255,5738,181810,64,396563
45207,0.024253,172.31.40.0-255,66,181876,64,396563
45208,0.025872,172.217.27.0-255,5738,187614,64,396563
45209,0.025879,172.31.40.0-255,66,187680,64,396563
45210,0.027438,172.31.40.0-255,172,187852,64,396563
45211,0.02747,172.31.40.0-255,1111,188963,64,396563
45212,0.02749,172.217.27.0-255,5738,194701,64,396563
45213,0.027495,172.31.40.0-255,66,194767,64,396563
45214,0.027604,172.31.40.0-255,1514,196281,64,396563
45215,0.027606,172.31.40.0-255,1297,197578,64,396563
45216,0.028991,104.244.42.0-255,66,197644,64,396563
45217,0.029027,104.244.42.0-255,66,197710,64,396563
45218,0.029111,172.217.27.0-255,5738,203448,64,396563
45219,0.029116,172.31.40.0-255,66,203514,64,396563
45220,0.029163,104.244.42.0-255,66,203580,64,396563
45221,0.030755,172.217.27.0-255,5738,209318,64,396563
45222,0.030762,172.31.40.0-255,66,209384,64,396563
45223,0.032418,172.217.27.0-255,5738,215122,64,396563
45224,0.032423,172.31.40.0-255,66,215188,64,396563
45225,0.034067,172.217.27.0-255,5738,220926,64,396563
45226,0.034072,172.31.40.0-255,66,220992,64,396563
45227,0.035714,172.217.27.0-255,5738,226730,64,396563
45228,0.035721,172.31.40.0-255,66,226796,64,396563
45229,0.037343,172.217.27.0-255,5738,232534,64,396563
45230,0.037348,172.31.40.0-255,66,232600,64,396563
45231,0.038969,172.217.27.0-255,5738,238338,64,396563
45232,0.038975,172.31.40.0-255,66,238404,64,396563
45233,0.040597,172.217.27.0-255,5738,244142,64,396563
45234,0.040602,172.31.40.0-255,66,244208,64,396563
45235,0.04222,172.217.27.0-255,5738,249946,64,396563
45236,0.042225,172.31.40.0-255,66,250012,64,396563
45237,0.043866,172.217.27.0-255,5738,255750,64,396563
45238,0.043873,172.31.40.0-255,66,255816,64,396563
45239,0.045495,172.217.27.0-255,5738,261554,64,396563
45240,0.045502,172.31.40.0-255,66,261620,64,396563
45241,0.04712,172.217.27.0-255,5738,267358,64,396563
45242,0.047125,172.31.40.0-255,66,267424,64,396563
45243,0.048745,172.217.27.0-255,5738,273162,64,396563
45244,0.048751,172.31.40.0-255,66,273228,64,396563
45245,0.050382,172.217.27.0-255,5738,278966,64,396563
45246,0.050388,172.31.40.0-255,66,279032,64,396563
45247,0.052008,172.217.27.0-255,5738,284770,64,396563
45248,0.052017,172.31.40.0-255,66,284836,64,396563
45249,0.05364,172.217.27.0-255,5738,290574,64,396563
45250,0.053646,172.31.40.0-255,66,290640,64,396563
45251,0.055272,172.217.27.0-255,5738,296378,64,396563
45252,0.055279,172.31.40.0-255,66,296444,64,396563
45253,0.056898,172.217.27.0-255,5738,302182,64,396563
45254,0.056905,172.31.40.0-255,66,302248,64,396563
45255,0.058529,172.217.27.0-255,5738,307986,64,396563
45256,0.058536,172.31.40.0-255,66,308052,64,396563
45257,0.060167,172.217.27.0-255,5738,313790,64,396563
45258,0.060173,172.31.40.0-255,66,313856,64,396563
45259,0.061801,172.217.27.0-255,5738,319594,64,396563
45260,0.061807,172.31.40.0-255,66,319660,64,396563
45261,0.063439,172.217.27.0-255,5738,325398,64,396563
45262,0.063445,172.31.40.0-255,66,325464,64,396563
45263,0.065069,172.217.27.0-255,5738,331202,64,396563
45264,0.065075,172.31.40.0-255,66,331268,64,396563
45265,0.0667,172.217.27.0-255,5738,337006,64,396563
45266,0.066706,172.31.40.0-255,66,337072,64,396563
45267,0.068333,172.217.27.0-255,5738,342810,64,396563
45268,0.068339,172.31.40.0-255,66,342876,64,396563
45269,0.069968,172.217.27.0-255,5738,348614,64,396563
45270,0.069974,172.31.40.0-255,66,348680,64,396563
45271,0.071603,172.217.27.0-255,5738,354418,64,396563
45272,0.07161,172.31.40.0-255,66,354484,64,396563
45273,0.073238,172.217.27.0-255,5738,360222,64,396563
45274,0.073245,172.31.40.0-255,66,360288,64,396563
45275,0.074867,172.217.27.0-255,5738,366026,64,396563
45276,0.074874,172.31.40.0-255,66,366092,64,396563
45277,0.076495,172.217.27.0-255,5738,371830,64,396563
45278,0.076503,172.31.40.0-255,66,371896,64,396563
45279,0.078134,172.217.27.0-255,5738,377634,64,396563
45280,0.07814,172.31.40.0-255,66,377700,64,396563
45281,0.079803,172.217.27.0-255,5738,383438,64,396563
45282,0.079809,172.31.40.0-255,66,383504,64,396563
45283,0.081439,172.217.27.0-255,5738,389242,64,396563
45284,0.081446,172.31.40.0-255,66,389308,64,396563
45285,0.08307,172.217.27.0-255,5738,395046,64,396563
45286,0.083076,172.31.40.0-255,66,395112,64,396563
45287,0.084687,172.217.27.0-255,1214,396326,64,396563
45288,0.084791,172.31.40.0-255,66,396392,64,396563
45289,0.08482,172.31.40.0-255,105,396497,64,396563
45290,0.086404,172.217.27.0-255,66,396563,64,396563
45291,0.0,74.125.24.0-255,153,153,64,122479
45292,2.3e-05,172.31.40.0-255,66,219,64,122479
45293,3e-05,74.125.24.0-255,1484,1703,64,122479
45294,3.4e-05,172.31.40.0-255,66,1769,64,122479
45295,4e-05,74.125.24.0-255,2902,4671,64,122479
45296,5.1e-05,172.31.40.0-255,66,4737,64,122479
45297,5.7e-05,74.125.24.0-255,4320,9057,64,122479
45298,6e-05,172.31.40.0-255,66,9123,64,122479
45299,0.000104,74.125.24.0-255,4320,13443,64,122479
45300,0.000107,172.31.40.0-255,66,13509,64,122479
45301,0.000132,74.125.24.0-255,710,14219,64,122479
45302,0.000135,172.31.40.0-255,66,14285,64,122479
45303,0.000162,74.125.24.0-255,2902,17187,64,122479
45304,0.000164,172.31.40.0-255,66,17253,64,122479
45305,0.000188,74.125.24.0-255,2902,20155,64,122479
45306,0.00019,172.31.40.0-255,66,20221,64,122479
45307,0.000245,74.125.24.0-255,4320,24541,64,122479
45308,0.000248,172.31.40.0-255,66,24607,64,122479
45309,0.000278,74.125.24.0-255,6797,31404,64,122479
45310,0.00028,172.31.40.0-255,66,31470,64,122479
45311,0.00046,74.125.24.0-255,1484,32954,64,122479
45312,0.000466,172.31.40.0-255,66,33020,64,122479
45313,0.000472,74.125.24.0-255,2902,35922,64,122479
45314,0.000474,172.31.40.0-255,66,35988,64,122479
45315,0.000505,74.125.24.0-255,5738,41726,64,122479
45316,0.000508,172.31.40.0-255,66,41792,64,122479
45317,0.000578,74.125.24.0-255,4320,46112,64,122479
45318,0.000582,172.31.40.0-255,66,46178,64,122479
45319,0.00062,172.31.40.0-255,66,46244,64,122479
45320,0.000775,172.31.40.0-255,66,46310,64,122479
45321,0.000863,74.125.24.0-255,115,46425,64,122479
45322,0.0009,74.125.24.0-255,4320,50745,64,122479
45323,0.000915,172.31.40.0-255,66,50811,64,122479
45324,0.000927,74.125.24.0-255,7156,57967,64,122479
45325,0.000938,172.31.40.0-255,66,58033,64,122479
45326,0.001047,74.125.24.0-255,5379,63412,64,122479
45327,0.001051,172.31.40.0-255,66,63478,64,122479
45328,0.001121,74.125.24.0-255,5738,69216,64,122479
45329,0.001152,172.31.40.0-255,66,69282,64,122479
45330,0.001344,74.125.24.0-255,4320,73602,64,122479
45331,0.001349,172.31.40.0-255,66,73668,64,122479
45332,0.001393,172.31.40.0-255,66,73734,64,122479
45333,0.001594,74.125.24.0-255,7156,80890,64,122479
45334,0.001598,172.31.40.0-255,66,80956,64,122479
45335,0.001628,172.31.40.0-255,66,81022,64,122479
45336,0.001794,74.125.24.0-255,2902,83924,64,122479
45337,0.001797,172.31.40.0-255,66,83990,64,122479
45338,0.001905,172.31.40.0-255,66,84056,64,122479
45339,0.002241,172.31.40.0-255,66,84122,64,122479
45340,0.002308,172.31.40.0-255,66,84188,64,122479
45341,0.0027,172.31.40.0-255,66,84254,64,122479
45342,0.004043,74.125.24.0-255,4320,88574,64,122479
45343,0.004147,74.125.24.0-255,1484,90058,64,122479
45344,0.004722,74.125.24.0-255,1484,91542,64,122479
45345,0.004735,74.125.24.0-255,2902,94444,64,122479
45346,0.00477,74.125.24.0-255,4320,98764,64,122479
45347,0.004842,74.125.24.0-255,2902,101666,64,122479
45348,0.00505,74.125.24.0-255,2902,104568,64,122479
45349,0.005063,74.125.24.0-255,4320,108888,64,122479
45350,0.005088,74.125.24.0-255,6438,115326,64,122479
45351,0.005287,74.125.24.0-255,3619,118945,64,122479
45352,0.005316,74.125.24.0-255,105,119050,64,122479
45353,0.008695,172.31.40.0-255,66,119116,64,122479
45354,0.010374,172.31.40.0-255,105,119221,64,122479
45355,0.012677,74.125.24.0-255,66,119287,64,122479
45356,0.035521,172.31.40.0-255,167,119454,64,122479
45357,0.035556,172.31.40.0-255,1107,120561,64,122479
45358,0.035618,172.31.40.0-255,1514,122075,64,122479
45359,0.035619,172.31.40.0-255,338,122413,64,122479
45360,0.037266,104.244.42.0-255,66,122479,64,122479
45361,0.0,172.217.194.0-255,290,290,64,236958
45362,1.4e-05,172.31.40.0-255,66,356,64,236958
45363,2e-05,172.217.194.0-255,1484,1840,64,236958
45364,2.5e-05,172.31.40.0-255,66,1906,64,236958
45365,3.9e-05,172.217.194.0-255,4320,6226,64,236958
45366,4.2e-05,172.31.40.0-255,66,6292,64,236958
45367,4.9e-05,172.217.194.0-255,5738,12030,64,236958
45368,5.1e-05,172.31.40.0-255,66,12096,64,236958
45369,6.7e-05,172.217.194.0-255,2902,14998,64,236958
45370,7e-05,172.31.40.0-255,66,15064,64,236958
45371,0.000106,172.31.40.0-255,66,15130,64,236958
45372,0.000109,172.217.194.0-255,1484,16614,64,236958
45373,0.000111,172.31.40.0-255,66,16680,64,236958
45374,0.000115,172.217.194.0-255,1484,18164,64,236958
45375,0.000117,172.31.40.0-255,66,18230,64,236958
45376,0.000152,172.217.194.0-255,3961,22191,64,236958
45377,0.000155,172.31.40.0-255,66,22257,64,236958
45378,0.000412,172.217.194.0-255,1484,23741,64,236958
45379,0.000416,172.31.40.0-255,66,23807,64,236958
45380,0.000436,172.217.194.0-255,2902,26709,64,236958
45381,0.000439,172.31.40.0-255,66,26775,64,236958
45382,0.000446,172.217.194.0-255,5738,32513,64,236958
45383,0.000448,172.31.40.0-255,66,32579,64,236958
45384,0.000474,172.217.194.0-255,7156,39735,64,236958
45385,0.000477,172.31.40.0-255,66,39801,64,236958
45386,0.000506,172.217.194.0-255,6797,46598,64,236958
45387,0.000509,172.31.40.0-255,66,46664,64,236958
45388,0.00052,172.31.40.0-255,66,46730,64,236958
45389,0.000522,172.217.194.0-255,1379,48109,64,236958
45390,0.000524,172.31.40.0-255,66,48175,64,236958
45391,0.000596,172.217.194.0-255,118,48293,64,236958
45392,0.000684,172.217.194.0-255,1484,49777,64,236958
45393,0.000688,172.31.40.0-255,66,49843,64,236958
45394,0.000692,172.217.194.0-255,1484,51327,64,236958
45395,0.000713,172.217.194.0-255,1484,52811,64,236958
45396,0.000719,172.217.194.0-255,5738,58549,64,236958
45397,0.000723,172.31.40.0-255,66,58615,64,236958
45398,0.000727,172.31.40.0-255,66,58681,64,236958
45399,0.000757,172.31.40.0-255,66,58747,64,236958
45400,0.000767,172.31.40.0-255,66,58813,64,236958
45401,0.00081,172.217.194.0-255,1918,60731,64,236958
45402,0.000813,172.31.40.0-255,66,60797,64,236958
45403,0.000855,172.217.194.0-255,1484,62281,64,236958
45404,0.000873,172.217.194.0-255,2902,65183,64,236958
45405,0.000877,172.31.40.0-255,66,65249,64,236958
45406,0.000907,172.217.194.0-255,5738,70987,64,236958
45407,0.00091,172.31.40.0-255,66,71053,64,236958
45408,0.000915,172.217.194.0-255,4320,75373,64,236958
45409,0.000917,172.31.40.0-255,66,75439,64,236958
45410,0.000954,172.217.194.0-255,2543,77982,64,236958
45411,0.000957,172.31.40.0-255,66,78048,64,236958
45412,0.000961,172.217.194.0-255,2902,80950,64,236958
45413,0.000963,172.31.40.0-255,66,81016,64,236958
45414,0.000966,172.217.194.0-255,1484,82500,64,236958
45415,0.001002,172.217.194.0-255,5738,88238,64,236958
45416,0.001005,172.31.40.0-255,66,88304,64,236958
45417,0.001029,172.217.194.0-255,6797,95101,64,236958
45418,0.001032,172.31.40.0-255,66,95167,64,236958
45419,0.001167,172.217.194.0-255,1484,96651,64,236958
45420,0.001186,172.217.194.0-255,2902,99553,64,236958
45421,0.001189,172.31.40.0-255,66,99619,64,236958
45422,0.001193,172.217.194.0-255,2902,102521,64,236958
45423,0.001195,172.31.40.0-255,66,102587,64,236958
45424,0.001216,172.217.194.0-255,2902,105489,64,236958
45425,0.00122,172.217.194.0-255,4320,109809,64,236958
45426,0.001222,172.217.194.0-255,1484,111293,64,236958
45427,0.001226,172.31.40.0-255,66,111359,64,236958
45428,0.001228,172.31.40.0-255,66,111425,64,236958
45429,0.001258,172.31.40.0-255,66,111491,64,236958
45430,0.001267,172.31.40.0-255,66,111557,64,236958
45431,0.001299,172.217.194.0-255,1484,113041,64,236958
45432,0.001316,172.217.194.0-255,7156,120197,64,236958
45433,0.001319,172.31.40.0-255,66,120263,64,236958
45434,0.001325,172.217.194.0-255,5738,126001,64,236958
45435,0.001327,172.31.40.0-255,66,126067,64,236958
45436,0.001353,172.217.194.0-255,4320,130387,64,236958
45437,0.001355,172.31.40.0-255,66,130453,64,236958
45438,0.001359,172.217.194.0-255,2902,133355,64,236958
45439,0.001361,172.31.40.0-255,66,133421,64,236958
45440,0.001403,172.31.40.0-255,66,133487,64,236958
45441,0.00141,172.217.194.0-255,7156,140643,64,236958
45442,0.001411,172.31.40.0-255,66,140709,64,236958
45443,0.001446,172.31.40.0-255,66,140775,64,236958
45444,0.001449,172.217.194.0-255,1125,141900,64,236958
45445,0.001483,172.217.194.0-255,1484,143384,64,236958
45446,0.001485,172.31.40.0-255,66,143450,64,236958
45447,0.001489,172.217.194.0-255,1484,144934,64,236958
45448,0.001502,172.217.194.0-255,1484,146418,64,236958
45449,0.001504,172.217.194.0-255,1484,147902,64,236958
45450,0.001508,172.31.40.0-255,66,147968,64,236958
45451,0.001537,172.217.194.0-255,2902,150870,64,236958
45452,0.00154,172.31.40.0-255,66,150936,64,236958
45453,0.001546,172.217.194.0-255,5738,156674,64,236958
45454,0.001548,172.31.40.0-255,66,156740,64,236958
45455,0.001591,172.31.40.0-255,66,156806,64,236958
45456,0.001601,172.217.194.0-255,6438,163244,64,236958
45457,0.001603,172.31.40.0-255,66,163310,64,236958
45458,0.001633,172.217.194.0-255,5738,169048,64,236958
45459,0.001641,172.31.40.0-255,66,169114,64,236958
45460,0.001664,172.217.194.0-255,5738,174852,64,236958
45461,0.001667,172.31.40.0-255,66,174918,64,236958
45462,0.001679,172.31.40.0-255,66,174984,64,236958
45463,0.001689,172.31.40.0-255,66,175050,64,236958
45464,0.001757,172.31.40.0-255,66,175116,64,236958
45465,0.002022,172.217.194.0-255,1484,176600,64,236958
45466,0.002029,172.217.194.0-255,2902,179502,64,236958
45467,0.002033,172.31.40.0-255,66,179568,64,236958
45468,0.00204,172.217.194.0-255,5738,185306,64,236958
45469,0.002043,172.31.40.0-255,66,185372,64,236958
45470,0.002078,172.31.40.0-255,66,185438,64,236958
45471,0.002083,172.217.194.0-255,4320,189758,64,236958
45472,0.002085,172.31.40.0-255,66,189824,64,236958
45473,0.002107,172.217.194.0-255,4320,194144,64,236958
45474,0.00211,172.31.40.0-255,66,194210,64,236958
45475,0.002126,172.217.194.0-255,2184,196394,64,236958
45476,0.002133,172.31.40.0-255,66,196460,64,236958
45477,0.002138,172.217.194.0-255,2902,199362,64,236958
45478,0.00214,172.31.40.0-255,66,199428,64,236958
45479,0.002147,172.217.194.0-255,7156,206584,64,236958
45480,0.002149,172.31.40.0-255,66,206650,64,236958
45481,0.002198,172.31.40.0-255,66,206716,64,236958
45482,0.002204,172.217.194.0-255,7156,213872,64,236958
45483,0.002207,172.31.40.0-255,66,213938,64,236958
45484,0.00223,172.217.194.0-255,5020,218958,64,236958
45485,0.002233,172.31.40.0-255,66,219024,64,236958
45486,0.002239,172.217.194.0-255,5738,224762,64,236958
45487,0.002241,172.31.40.0-255,66,224828,64,236958
45488,0.002277,172.31.40.0-255,66,224894,64,236958
45489,0.002292,172.31.40.0-255,66,224960,64,236958
45490,0.002296,172.217.194.0-255,3602,228562,64,236958
45491,0.002298,172.31.40.0-255,66,228628,64,236958
45492,0.002342,172.217.194.0-255,4497,233125,64,236958
45493,0.002346,172.31.40.0-255,66,233191,64,236958
45494,0.004619,172.217.194.0-255,105,233296,64,236958
45495,0.011075,172.31.40.0-255,101,233397,64,236958
45496,0.013319,172.217.194.0-255,66,233463,64,236958
45497,0.013529,172.31.40.0-255,105,233568,64,236958
45498,0.015797,172.217.194.0-255,66,233634,64,236958
45499,0.032831,172.31.40.0-255,167,233801,64,236958
45500,0.032881,172.31.40.0-255,1107,234908,64,236958
45501,0.03294,172.31.40.0-255,1514,236422,64,236958
45502,0.032942,172.31.40.0-255,338,236760,64,236958
45503,0.03437,104.244.42.0-255,66,236826,64,236958
45504,0.034462,104.244.42.0-255,66,236892,64,236958
45505,0.03449,104.244.42.0-255,66,236958,64,236958
45506,0.0,172.217.194.0-255,153,153,64,352170
45507,2.5e-05,172.31.40.0-255,66,219,64,352170
45508,3.4e-05,172.217.194.0-255,1484,1703,64,352170
45509,3.8e-05,172.31.40.0-255,66,1769,64,352170
45510,4.3e-05,172.217.194.0-255,2902,4671,64,352170
45511,4.7e-05,172.31.40.0-255,66,4737,64,352170
45512,5.4e-05,172.217.194.0-255,5738,10475,64,352170
45513,5.8e-05,172.31.40.0-255,66,10541,64,352170
45514,9e-05,172.217.194.0-255,3464,14005,64,352170
45515,9.3e-05,172.31.40.0-255,66,14071,64,352170
45516,0.000139,172.217.194.0-255,1484,15555,64,352170
45517,0.000143,172.31.40.0-255,66,15621,64,352170
45518,0.000148,172.217.194.0-255,2902,18523,64,352170
45519,0.00015,172.31.40.0-255,66,18589,64,352170
45520,0.000173,172.217.194.0-255,5738,24327,64,352170
45521,0.000176,172.31.40.0-255,66,24393,64,352170
45522,0.000182,172.217.194.0-255,5738,30131,64,352170
45523,0.000185,172.31.40.0-255,66,30197,64,352170
45524,0.000239,172.217.194.0-255,5738,35935,64,352170
45525,0.000242,172.31.40.0-255,66,36001,64,352170
45526,0.000266,172.217.194.0-255,6797,42798,64,352170
45527,0.000269,172.31.40.0-255,66,42864,64,352170
45528,0.000276,172.217.194.0-255,5379,48243,64,352170
45529,0.000278,172.31.40.0-255,66,48309,64,352170
45530,0.001155,172.217.194.0-255,1484,49793,64,352170
45531,0.001162,172.31.40.0-255,66,49859,64,352170
45532,0.001171,172.217.194.0-255,2902,52761,64,352170
45533,0.001174,172.31.40.0-255,66,52827,64,352170
45534,0.001182,172.217.194.0-255,5738,58565,64,352170
45535,0.001184,172.31.40.0-255,66,58631,64,352170
45536,0.001188,172.217.194.0-255,1484,60115,64,352170
45537,0.00119,172.31.40.0-255,66,60181,64,352170
45538,0.00122,172.217.194.0-255,5379,65560,64,352170
45539,0.001223,172.31.40.0-255,66,65626,64,352170
45540,0.001226,172.217.194.0-255,647,66273,64,352170
45541,0.001577,172.217.194.0-255,1484,67757,64,352170
45542,0.001583,172.31.40.0-255,66,67823,64,352170
45543,0.001589,172.217.194.0-255,2902,70725,64,352170
45544,0.001591,172.31.40.0-255,66,70791,64,352170
45545,0.001598,172.217.194.0-255,5738,76529,64,352170
45546,0.001601,172.31.40.0-255,66,76595,64,352170
45547,0.001645,172.31.40.0-255,66,76661,64,352170
45548,0.001685,172.217.194.0-255,7156,83817,64,352170
45549,0.001687,172.31.40.0-255,66,83883,64,352170
45550,0.001705,172.217.194.0-255,1484,85367,64,352170
45551,0.001724,172.217.194.0-255,2184,87551,64,352170
45552,0.001727,172.31.40.0-255,66,87617,64,352170
45553,0.002242,172.217.194.0-255,1484,89101,64,352170
45554,0.00225,172.217.194.0-255,2902,92003,64,352170
45555,0.002255,172.31.40.0-255,66,92069,64,352170
45556,0.002263,172.217.194.0-255,5738,97807,64,352170
45557,0.002265,172.31.40.0-255,66,97873,64,352170
45558,0.002268,172.217.194.0-255,1484,99357,64,352170
45559,0.002303,172.31.40.0-255,66,99423,64,352170
45560,0.00231,172.217.194.0-255,5738,105161,64,352170
45561,0.002313,172.31.40.0-255,66,105227,64,352170
45562,0.002329,172.217.194.0-255,5020,110247,64,352170
45563,0.002332,172.31.40.0-255,66,110313,64,352170
45564,0.004652,172.217.194.0-255,5738,116051,64,352170
45565,0.004661,172.31.40.0-255,66,116117,64,352170
45566,0.007025,172.217.194.0-255,2902,119019,64,352170
45567,0.00703,172.31.40.0-255,66,119085,64,352170
45568,0.007051,172.217.194.0-255,2902,121987,64,352170
45569,0.007053,172.31.40.0-255,66,122053,64,352170
45570,0.009339,172.217.194.0-255,2902,124955,64,352170
45571,0.009351,172.31.40.0-255,66,125021,64,352170
45572,0.009382,172.217.194.0-255,2902,127923,64,352170
45573,0.009385,172.31.40.0-255,66,127989,64,352170
45574,0.011669,172.217.194.0-255,2902,130891,64,352170
45575,0.011682,172.31.40.0-255,66,130957,64,352170
45576,0.011704,172.217.194.0-255,2902,133859,64,352170
45577,0.011706,172.31.40.0-255,66,133925,64,352170
45578,0.014022,172.217.194.0-255,5738,139663,64,352170
45579,0.014033,172.31.40.0-255,66,139729,64,352170
45580,0.016381,172.217.194.0-255,5738,145467,64,352170
45581,0.016395,172.31.40.0-255,66,145533,64,352170
45582,0.018744,172.217.194.0-255,5738,151271,64,352170
45583,0.018761,172.31.40.0-255,66,151337,64,352170
45584,0.02112,172.217.194.0-255,5738,157075,64,352170
45585,0.021133,172.31.40.0-255,66,157141,64,352170
45586,0.023487,172.217.194.0-255,5738,162879,64,352170
45587,0.023497,172.31.40.0-255,66,162945,64,352170
45588,0.025869,172.217.194.0-255,5738,168683,64,352170
45589,0.02588,172.31.40.0-255,66,168749,64,352170
45590,0.026215,172.31.40.0-255,166,168915,64,352170
45591,0.026244,172.31.40.0-255,1132,170047,64,352170
45592,0.026304,172.31.40.0-255,1514,171561,64,352170
45593,0.026306,172.31.40.0-255,313,171874,64,352170
45594,0.027774,104.244.42.0-255,66,171940,64,352170
45595,0.027819,104.244.42.0-255,66,172006,64,352170
45596,0.027866,104.244.42.0-255,66,172072,64,352170
45597,0.0282,172.217.194.0-255,5738,177810,64,352170
45598,0.028206,172.31.40.0-255,66,177876,64,352170
45599,0.028597,104.244.42.0-255,108,177984,64,352170
45600,0.028606,172.31.40.0-255,66,178050,64,352170
45601,0.030531,172.217.194.0-255,5738,183788,64,352170
45602,0.030539,172.31.40.0-255,66,183854,64,352170
45603,0.032886,172.217.194.0-255,5738,189592,64,352170
45604,0.032893,172.31.40.0-255,66,189658,64,352170
45605,0.035216,172.217.194.0-255,5738,195396,64,352170
45606,0.035227,172.31.40.0-255,66,195462,64,352170
45607,0.037567,172.217.194.0-255,5738,201200,64,352170
45608,0.037585,172.31.40.0-255,66,201266,64,352170
45609,0.039959,172.217.194.0-255,5738,207004,64,352170
45610,0.039979,172.31.40.0-255,66,207070,64,352170
45611,0.042301,172.217.194.0-255,5738,212808,64,352170
45612,0.042325,172.31.40.0-255,66,212874,64,352170
45613,0.04468,172.217.194.0-255,5738,218612,64,352170
45614,0.044698,172.31.40.0-255,66,218678,64,352170
45615,0.047055,172.217.194.0-255,5738,224416,64,352170
45616,0.047071,172.31.40.0-255,66,224482,64,352170
45617,0.049431,172.217.194.0-255,5738,230220,64,352170
45618,0.049449,172.31.40.0-255,66,230286,64,352170
45619,0.051797,172.217.194.0-255,5738,236024,64,352170
45620,0.051813,172.31.40.0-255,66,236090,64,352170
45621,0.054175,172.217.194.0-255,5738,241828,64,352170
45622,0.054194,172.31.40.0-255,66,241894,64,352170
45623,0.056536,172.217.194.0-255,5738,247632,64,352170
45624,0.056555,172.31.40.0-255,66,247698,64,352170
45625,0.058883,172.217.194.0-255,5738,253436,64,352170
45626,0.058902,172.31.40.0-255,66,253502,64,352170
45627,0.061277,172.217.194.0-255,5738,259240,64,352170
45628,0.061297,172.31.40.0-255,66,259306,64,352170
45629,0.063632,172.217.194.0-255,5738,265044,64,352170
45630,0.063643,172.31.40.0-255,66,265110,64,352170
45631,0.065985,172.217.194.0-255,5738,270848,64,352170
45632,0.066003,172.31.40.0-255,66,270914,64,352170
45633,0.068379,172.217.194.0-255,5738,276652,64,352170
45634,0.068398,172.31.40.0-255,66,276718,64,352170
45635,0.070772,172.217.194.0-255,5738,282456,64,352170
45636,0.070792,172.31.40.0-255,66,282522,64,352170
45637,0.073165,172.217.194.0-255,5738,288260,64,352170
45638,0.073184,172.31.40.0-255,66,288326,64,352170
45639,0.075519,172.217.194.0-255,5738,294064,64,352170
45640,0.075537,172.31.40.0-255,66,294130,64,352170
45641,0.077865,172.217.194.0-255,5738,299868,64,352170
45642,0.077875,172.31.40.0-255,66,299934,64,352170
45643,0.080232,172.217.194.0-255,5738,305672,64,352170
45644,0.080252,172.31.40.0-255,66,305738,64,352170
45645,0.082589,172.217.194.0-255,5738,311476,64,352170
45646,0.082609,172.31.40.0-255,66,311542,64,352170
45647,0.084992,172.217.194.0-255,5738,317280,64,352170
45648,0.085009,172.31.40.0-255,66,317346,64,352170
45649,0.087363,172.217.194.0-255,5738,323084,64,352170
45650,0.087382,172.31.40.0-255,66,323150,64,352170
45651,0.089734,172.217.194.0-255,5738,328888,64,352170
45652,0.089755,172.31.40.0-255,66,328954,64,352170
45653,0.09211,172.217.194.0-255,5738,334692,64,352170
45654,0.092129,172.31.40.0-255,66,334758,64,352170
45655,0.094452,172.217.194.0-255,5738,340496,64,352170
45656,0.094467,172.31.40.0-255,66,340562,64,352170
45657,0.0968,172.217.194.0-255,5738,346300,64,352170
45658,0.096808,172.31.40.0-255,66,346366,64,352170
45659,0.099163,172.217.194.0-255,5738,352104,64,352170
45660,0.099175,172.31.40.0-255,66,352170,64,352170
45661,0.0,74.125.24.0-255,153,153,64,380182
45662,1.2e-05,172.31.40.0-255,66,219,64,380182
45663,4.1e-05,74.125.24.0-255,1484,1703,64,380182
45664,4.6e-05,172.31.40.0-255,66,1769,64,380182
45665,5.1e-05,74.125.24.0-255,2902,4671,64,380182
45666,5.3e-05,172.31.40.0-255,66,4737,64,380182
45667,6e-05,74.125.24.0-255,7156,11893,64,380182
45668,6.1e-05,172.31.40.0-255,66,11959,64,380182
45669,9.5e-05,74.125.24.0-255,2068,14027,64,380182
45670,9.7e-05,172.31.40.0-255,66,14093,64,380182
45671,0.000148,172.31.40.0-255,66,14159,64,380182
45672,0.000191,74.125.24.0-255,5379,19538,64,380182
45673,0.000194,172.31.40.0-255,66,19604,64,380182
45674,0.000341,74.125.24.0-255,1484,21088,64,380182
45675,0.000344,172.31.40.0-255,66,21154,64,380182
45676,0.000349,74.125.24.0-255,2902,24056,64,380182
45677,0.000351,172.31.40.0-255,66,24122,64,380182
45678,0.000383,74.125.24.0-255,5738,29860,64,380182
45679,0.000386,172.31.40.0-255,66,29926,64,380182
45680,0.000413,172.31.40.0-255,66,29992,64,380182
45681,0.000439,74.125.24.0-255,5379,35371,64,380182
45682,0.000441,172.31.40.0-255,66,35437,64,380182
45683,0.000515,74.125.24.0-255,7156,42593,64,380182
45684,0.000518,172.31.40.0-255,66,42659,64,380182
45685,0.000543,74.125.24.0-255,2818,45477,64,380182
45686,0.000546,172.31.40.0-255,66,45543,64,380182
45687,0.000689,74.125.24.0-255,131,45674,64,380182
45688,0.000692,172.31.40.0-255,66,45740,64,380182
45689,0.000839,74.125.24.0-255,1484,47224,64,380182
45690,0.000843,172.31.40.0-255,66,47290,64,380182
45691,0.000848,74.125.24.0-255,2902,50192,64,380182
45692,0.000849,172.31.40.0-255,66,50258,64,380182
45693,0.000881,74.125.24.0-255,5738,55996,64,380182
45694,0.000883,172.31.40.0-255,66,56062,64,380182
45695,0.000911,74.125.24.0-255,4320,60382,64,380182
45696,0.000913,172.31.40.0-255,66,60448,64,380182
45697,0.000937,74.125.24.0-255,5738,66186,64,380182
45698,0.000939,172.31.40.0-255,66,66252,64,380182
45699,0.000969,74.125.24.0-255,6797,73049,64,380182
45700,0.000971,172.31.40.0-255,66,73115,64,380182
45701,0.00103,74.125.24.0-255,6797,79912,64,380182
45702,0.001033,172.31.40.0-255,66,79978,64,380182
45703,0.001851,74.125.24.0-255,1484,81462,64,380182
45704,0.001863,74.125.24.0-255,2902,84364,64,380182
45705,0.001868,172.31.40.0-255,66,84430,64,380182
45706,0.001875,74.125.24.0-255,4320,88750,64,380182
45707,0.001878,172.31.40.0-255,66,88816,64,380182
45708,0.001896,74.125.24.0-255,1484,90300,64,380182
45709,0.001916,74.125.24.0-255,4320,94620,64,380182
45710,0.001919,172.31.40.0-255,66,94686,64,380182
45711,0.001956,172.31.40.0-255,66,94752,64,380182
45712,0.002021,74.125.24.0-255,4320,99072,64,380182
45713,0.002025,172.31.40.0-255,66,99138,64,380182
45714,0.00205,74.125.24.0-255,3602,102740,64,380182
45715,0.002053,172.31.40.0-255,66,102806,64,380182
45716,0.004058,74.125.24.0-255,1484,104290,64,380182
45717,0.004109,74.125.24.0-255,4320,108610,64,380182
45718,0.004113,172.31.40.0-255,66,108676,64,380182
45719,0.006146,74.125.24.0-255,5738,114414,64,380182
45720,0.006151,172.31.40.0-255,66,114480,64,380182
45721,0.008207,74.125.24.0-255,5738,120218,64,380182
45722,0.008213,172.31.40.0-255,66,120284,64,380182
45723,0.01028,74.125.24.0-255,5738,126022,64,380182
45724,0.010287,172.31.40.0-255,66,126088,64,380182
45725,0.012381,74.125.24.0-255,5738,131826,64,380182
45726,0.012389,172.31.40.0-255,66,131892,64,380182
45727,0.014457,74.125.24.0-255,5738,137630,64,380182
45728,0.014465,172.31.40.0-255,66,137696,64,380182
45729,0.01653,74.125.24.0-255,5738,143434,64,380182
45730,0.016536,172.31.40.0-255,66,143500,64,380182
45731,0.018599,74.125.24.0-255,5738,149238,64,380182
45732,0.018607,172.31.40.0-255,66,149304,64,380182
45733,0.020675,74.125.24.0-255,5738,155042,64,380182
45734,0.020682,172.31.40.0-255,66,155108,64,380182
45735,0.022756,74.125.24.0-255,5738,160846,64,380182
45736,0.022763,172.31.40.0-255,66,160912,64,380182
45737,0.024844,74.125.24.0-255,5738,166650,64,380182
45738,0.02485,172.31.40.0-255,66,166716,64,380182
45739,0.026909,74.125.24.0-255,2902,169618,64,380182
45740,0.026915,172.31.40.0-255,66,169684,64,380182
45741,0.02694,74.125.24.0-255,2902,172586,64,380182
45742,0.026943,172.31.40.0-255,66,172652,64,380182
45743,0.028097,172.31.40.0-255,167,172819,64,380182
45744,0.028129,172.31.40.0-255,1112,173931,64,380182
45745,0.02822,172.31.40.0-255,1514,175445,64,380182
45746,0.028222,172.31.40.0-255,1298,176743,64,380182
45747,0.028972,74.125.24.0-255,5738,182481,64,380182
45748,0.028978,172.31.40.0-255,66,182547,64,380182
45749,0.029653,104.244.42.0-255,66,182613,64,380182
45750,0.029689,104.244.42.0-255,66,182679,64,380182
45751,0.029782,104.244.42.0-255,66,182745,64,380182
45752,0.031023,74.125.24.0-255,5738,188483,64,380182
45753,0.031027,172.31.40.0-255,66,188549,64,380182
45754,0.033097,74.125.24.0-255,5738,194287,64,380182
45755,0.033104,172.31.40.0-255,66,194353,64,380182
45756,0.035178,74.125.24.0-255,5738,200091,64,380182
45757,0.035184,172.31.40.0-255,66,200157,64,380182
45758,0.037283,74.125.24.0-255,5738,205895,64,380182
45759,0.037288,172.31.40.0-255,66,205961,64,380182
45760,0.039338,74.125.24.0-255,5738,211699,64,380182
45761,0.039343,172.31.40.0-255,66,211765,64,380182
45762,0.041407,74.125.24.0-255,5738,217503,64,380182
45763,0.041416,172.31.40.0-255,66,217569,64,380182
45764,0.043524,74.125.24.0-255,5738,223307,64,380182
45765,0.043531,172.31.40.0-255,66,223373,64,380182
45766,0.045572,74.125.24.0-255,5738,229111,64,380182
45767,0.045591,172.31.40.0-255,66,229177,64,380182
45768,0.047651,74.125.24.0-255,5738,234915,64,380182
45769,0.047667,172.31.40.0-255,66,234981,64,380182
45770,0.049768,74.125.24.0-255,5738,240719,64,380182
45771,0.049783,172.31.40.0-255,66,240785,64,380182
45772,0.051852,74.125.24.0-255,5738,246523,64,380182
45773,0.051865,172.31.40.0-255,66,246589,64,380182
45774,0.053903,74.125.24.0-255,5738,252327,64,380182
45775,0.053911,172.31.40.0-255,66,252393,64,380182
45776,0.056018,74.125.24.0-255,5738,258131,64,380182
45777,0.056034,172.31.40.0-255,66,258197,64,380182
45778,0.058135,74.125.24.0-255,5738,263935,64,380182
45779,0.058148,172.31.40.0-255,66,264001,64,380182
45780,0.060209,74.125.24.0-255,5738,269739,64,380182
45781,0.060222,172.31.40.0-255,66,269805,64,380182
45782,0.062267,74.125.24.0-255,5738,275543,64,380182
45783,0.062274,172.31.40.0-255,66,275609,64,380182
45784,0.064369,74.125.24.0-255,5738,281347,64,380182
45785,0.064377,172.31.40.0-255,66,281413,64,380182
45786,0.066461,74.125.24.0-255,5738,287151,64,380182
45787,0.066476,172.31.40.0-255,66,287217,64,380182
45788,0.068553,74.125.24.0-255,5738,292955,64,380182
45789,0.068567,172.31.40.0-255,66,293021,64,380182
45790,0.070652,74.125.24.0-255,5738,298759,64,380182
45791,0.070668,172.31.40.0-255,66,298825,64,380182
45792,0.07277,74.125.24.0-255,5738,304563,64,380182
45793,0.072786,172.31.40.0-255,66,304629,64,380182
45794,0.074861,74.125.24.0-255,5738,310367,64,380182
45795,0.074876,172.31.40.0-255,66,310433,64,380182
45796,0.076974,74.125.24.0-255,5738,316171,64,380182
45797,0.076984,172.31.40.0-255,66,316237,64,380182
45798,0.079086,74.125.24.0-255,5738,321975,64,380182
45799,0.079102,172.31.40.0-255,66,322041,64,380182
45800,0.081182,74.125.24.0-255,5738,327779,64,380182
45801,0.081195,172.31.40.0-255,66,327845,64,380182
45802,0.083263,74.125.24.0-255,5738,333583,64,380182
45803,0.083278,172.31.40.0-255,66,333649,64,380182
45804,0.085344,74.125.24.0-255,5738,339387,64,380182
45805,0.085359,172.31.40.0-255,66,339453,64,380182
45806,0.087455,74.125.24.0-255,5738,345191,64,380182
45807,0.087469,172.31.40.0-255,66,345257,64,380182
45808,0.089561,74.125.24.0-255,5738,350995,64,380182
45809,0.089577,172.31.40.0-255,66,351061,64,380182
45810,0.089742,172.31.40.0-255,101,351162,64,380182
45811,0.091661,74.125.24.0-255,5738,356900,64,380182
45812,0.091677,172.31.40.0-255,66,356966,64,380182
45813,0.091816,74.125.24.0-255,66,357032,64,380182
45814,0.093755,74.125.24.0-255,5738,362770,64,380182
45815,0.093768,172.31.40.0-255,66,362836,64,380182
45816,0.095823,74.125.24.0-255,5738,368574,64,380182
45817,0.09584,172.31.40.0-255,66,368640,64,380182
45818,0.097941,74.125.24.0-255,5738,374378,64,380182
45819,0.097948,172.31.40.0-255,66,374444,64,380182
45820,0.099999,74.125.24.0-255,5738,380182,64,380182
45821,0.0,172.217.194.0-255,153,153,64,193120
45822,2.3e-05,172.31.40.0-255,66,219,64,193120
45823,3.1e-05,172.217.194.0-255,1484,1703,64,193120
45824,3.5e-05,172.31.40.0-255,66,1769,64,193120
45825,4e-05,172.217.194.0-255,2902,4671,64,193120
45826,4.4e-05,172.31.40.0-255,66,4737,64,193120
45827,5.2e-05,172.217.194.0-255,7156,11893,64,193120
45828,5.5e-05,172.31.40.0-255,66,11959,64,193120
45829,8.3e-05,172.217.194.0-255,2138,14097,64,193120
45830,8.6e-05,172.31.40.0-255,66,14163,64,193120
45831,0.000126,172.217.194.0-255,2902,17065,64,193120
45832,0.000128,172.31.40.0-255,66,17131,64,193120
45833,0.000134,172.217.194.0-255,4320,21451,64,193120
45834,0.000136,172.31.40.0-255,66,21517,64,193120
45835,0.000164,172.31.40.0-255,66,21583,64,193120
45836,0.000203,172.31.40.0-255,66,21649,64,193120
45837,0.000217,172.31.40.0-255,66,21715,64,193120
45838,0.000245,172.31.40.0-255,66,21781,64,193120
45839,0.000321,172.217.194.0-255,648,22429,64,193120
45840,0.000325,172.31.40.0-255,66,22495,64,193120
45841,0.000558,172.217.194.0-255,1484,23979,64,193120
45842,0.000563,172.31.40.0-255,66,24045,64,193120
45843,0.000569,172.217.194.0-255,2902,26947,64,193120
45844,0.000571,172.31.40.0-255,66,27013,64,193120
45845,0.000601,172.217.194.0-255,5738,32751,64,193120
45846,0.000607,172.31.40.0-255,66,32817,64,193120
45847,0.000622,172.217.194.0-255,5738,38555,64,193120
45848,0.000625,172.31.40.0-255,66,38621,64,193120
45849,0.000645,172.217.194.0-255,5379,44000,64,193120
45850,0.000653,172.217.194.0-255,5738,49738,64,193120
45851,0.000692,172.31.40.0-255,66,49804,64,193120
45852,0.000707,172.217.194.0-255,6797,56601,64,193120
45853,0.00073,172.31.40.0-255,66,56667,64,193120
45854,0.000748,172.217.194.0-255,1484,58151,64,193120
45855,0.000764,172.217.194.0-255,2902,61053,64,193120
45856,0.000806,172.217.194.0-255,4320,65373,64,193120
45857,0.00081,172.217.194.0-255,1484,66857,64,193120
45858,0.000816,172.31.40.0-255,66,66923,64,193120
45859,0.000827,172.217.194.0-255,4320,71243,64,193120
45860,0.000831,172.31.40.0-255,66,71309,64,193120
45861,0.000848,172.217.194.0-255,1992,73301,64,193120
45862,0.000865,172.31.40.0-255,66,73367,64,193120
45863,0.000936,172.217.194.0-255,1484,74851,64,193120
45864,0.000949,172.217.194.0-255,2902,77753,64,193120
45865,0.000965,172.31.40.0-255,66,77819,64,193120
45866,0.000972,172.217.194.0-255,5738,83557,64,193120
45867,0.000981,172.31.40.0-255,66,83623,64,193120
45868,0.000996,172.217.194.0-255,4320,87943,64,193120
45869,0.001008,172.31.40.0-255,66,88009,64,193120
45870,0.001026,172.31.40.0-255,66,88075,64,193120
45871,0.001045,172.217.194.0-255,4320,92395,64,193120
45872,0.001068,172.217.194.0-255,6438,98833,64,193120
45873,0.001073,172.31.40.0-255,66,98899,64,193120
45874,0.001167,172.217.194.0-255,1484,100383,64,193120
45875,0.001171,172.217.194.0-255,2902,103285,64,193120
45876,0.001188,172.217.194.0-255,5738,109023,64,193120
45877,0.001194,172.217.194.0-255,5738,114761,64,193120
45878,0.001217,172.217.194.0-255,1484,116245,64,193120
45879,0.00122,172.31.40.0-255,66,116311,64,193120
45880,0.001257,172.217.194.0-255,5020,121331,64,193120
45881,0.001263,172.31.40.0-255,66,121397,64,193120
45882,0.001457,172.217.194.0-255,1484,122881,64,193120
45883,0.001462,172.217.194.0-255,2902,125783,64,193120
45884,0.001464,172.217.194.0-255,1484,127267,64,193120
45885,0.00147,172.31.40.0-255,66,127333,64,193120
45886,0.001482,172.217.194.0-255,4320,131653,64,193120
45887,0.001497,172.217.194.0-255,4320,135973,64,193120
45888,0.00151,172.31.40.0-255,66,136039,64,193120
45889,0.001528,172.31.40.0-255,66,136105,64,193120
45890,0.00157,172.31.40.0-255,66,136171,64,193120
45891,0.001623,172.217.194.0-255,1484,137655,64,193120
45892,0.001629,172.31.40.0-255,66,137721,64,193120
45893,0.001663,172.31.40.0-255,66,137787,64,193120
45894,0.001694,172.31.40.0-255,66,137853,64,193120
45895,0.001786,172.217.194.0-255,1484,139337,64,193120
45896,0.00182,172.217.194.0-255,2902,142239,64,193120
45897,0.001826,172.217.194.0-255,4320,146559,64,193120
45898,0.001836,172.31.40.0-255,66,146625,64,193120
45899,0.001855,172.31.40.0-255,66,146691,64,193120
45900,0.001928,172.31.40.0-255,66,146757,64,193120
45901,0.001939,172.217.194.0-255,5738,152495,64,193120
45902,0.001941,172.217.194.0-255,766,153261,64,193120
45903,0.001953,172.31.40.0-255,66,153327,64,193120
45904,0.001956,172.217.194.0-255,1484,154811,64,193120
45905,0.001961,172.217.194.0-255,4320,159131,64,193120
45906,0.001978,172.217.194.0-255,5738,164869,64,193120
45907,0.00199,172.217.194.0-255,1484,166353,64,193120
45908,0.002018,172.31.40.0-255,66,166419,64,193120
45909,0.002041,172.217.194.0-255,5738,172157,64,193120
45910,0.002047,172.217.194.0-255,5020,177177,64,193120
45911,0.002079,172.31.40.0-255,66,177243,64,193120
45912,0.002084,172.31.40.0-255,66,177309,64,193120
45913,0.002126,172.31.40.0-255,66,177375,64,193120
45914,0.00216,172.217.194.0-255,4320,181695,64,193120
45915,0.002193,172.31.40.0-255,66,181761,64,193120
45916,0.002199,172.31.40.0-255,66,181827,64,193120
45917,0.002249,172.31.40.0-255,66,181893,64,193120
45918,0.002267,172.217.194.0-255,6591,188484,64,193120
45919,0.00227,172.217.194.0-255,105,188589,64,193120
45920,0.002284,172.31.40.0-255,66,188655,64,193120
45921,0.004646,172.31.40.0-255,105,188760,64,193120
45922,0.006849,172.217.194.0-255,66,188826,64,193120
45923,0.05154,172.31.40.0-255,172,188998,64,193120
45924,0.051571,172.31.40.0-255,1113,190111,64,193120
45925,0.051635,172.31.40.0-255,1514,191625,64,193120
45926,0.051637,172.31.40.0-255,1297,192922,64,193120
45927,0.053034,104.244.42.0-255,66,192988,64,193120
45928,0.053052,104.244.42.0-255,66,193054,64,193120
45929,0.053137,104.244.42.0-255,66,193120,64,193120
45930,0.0,74.125.24.0-255,152,152,64,190947
45931,2.3e-05,172.31.40.0-255,66,218,64,190947
45932,2.9e-05,74.125.24.0-255,1484,1702,64,190947
45933,3.3e-05,172.31.40.0-255,66,1768,64,190947
45934,3.9e-05,74.125.24.0-255,2902,4670,64,190947
45935,4.3e-05,172.31.40.0-255,66,4736,64,190947
45936,5.1e-05,74.125.24.0-255,7156,11892,64,190947
45937,5.5e-05,172.31.40.0-255,66,11958,64,190947
45938,5.8e-05,74.125.24.0-255,1484,13442,64,190947
45939,6e-05,172.31.40.0-255,66,13508,64,190947
45940,7.3e-05,172.31.40.0-255,66,13574,64,190947
45941,9.8e-05,74.125.24.0-255,6797,20371,64,190947
45942,0.0001,172.31.40.0-255,66,20437,64,190947
45943,0.000155,74.125.24.0-255,1484,21921,64,190947
45944,0.000158,172.31.40.0-255,66,21987,64,190947
45945,0.000163,74.125.24.0-255,2902,24889,64,190947
45946,0.000164,172.31.40.0-255,66,24955,64,190947
45947,0.000167,74.125.24.0-255,1484,26439,64,190947
45948,0.000169,172.31.40.0-255,66,26505,64,190947
45949,0.000191,74.125.24.0-255,4320,30825,64,190947
45950,0.000193,172.31.40.0-255,66,30891,64,190947
45951,0.0002,74.125.24.0-255,6797,37688,64,190947
45952,0.000203,172.31.40.0-255,66,37754,64,190947
45953,0.000227,74.125.24.0-255,1484,39238,64,190947
45954,0.000229,172.31.40.0-255,66,39304,64,190947
45955,0.000243,74.125.24.0-255,5738,45042,64,190947
45956,0.000246,172.31.40.0-255,66,45108,64,190947
45957,0.000263,74.125.24.0-255,7156,52264,64,190947
45958,0.000266,172.31.40.0-255,66,52330,64,190947
45959,0.00027,74.125.24.0-255,2817,55147,64,190947
45960,0.000273,172.31.40.0-255,66,55213,64,190947
45961,0.000275,74.125.24.0-255,127,55340,64,190947
45962,0.00041,74.125.24.0-255,1484,56824,64,190947
45963,0.000416,172.31.40.0-255,66,56890,64,190947
45964,0.000421,74.125.24.0-255,2902,59792,64,190947
45965,0.000423,172.31.40.0-255,66,59858,64,190947
45966,0.000429,74.125.24.0-255,4320,64178,64,190947
45967,0.000431,172.31.40.0-255,66,64244,64,190947
45968,0.000453,74.125.24.0-255,1484,65728,64,190947
45969,0.000457,74.125.24.0-255,1484,67212,64,190947
45970,0.000458,172.31.40.0-255,66,67278,64,190947
45971,0.000463,74.125.24.0-255,2902,70180,64,190947
45972,0.000465,172.31.40.0-255,66,70246,64,190947
45973,0.000485,74.125.24.0-255,6797,77043,64,190947
45974,0.000487,172.31.40.0-255,66,77109,64,190947
45975,0.000515,74.125.24.0-255,2902,80011,64,190947
45976,0.000517,172.31.40.0-255,66,80077,64,190947
45977,0.000544,172.31.40.0-255,66,80143,64,190947
45978,0.000547,74.125.24.0-255,1125,81268,64,190947
45979,0.000551,74.125.24.0-255,1484,82752,64,190947
45980,0.000553,172.31.40.0-255,66,82818,64,190947
45981,0.000558,74.125.24.0-255,2902,85720,64,190947
45982,0.00056,172.31.40.0-255,66,85786,64,190947
45983,0.000582,74.125.24.0-255,1484,87270,64,190947
45984,0.000598,74.125.24.0-255,4320,91590,64,190947
45985,0.000602,172.31.40.0-255,66,91656,64,190947
45986,0.000625,74.125.24.0-255,2902,94558,64,190947
45987,0.000628,172.31.40.0-255,66,94624,64,190947
45988,0.000638,172.31.40.0-255,66,94690,64,190947
45989,0.000651,74.125.24.0-255,2902,97592,64,190947
45990,0.000654,172.31.40.0-255,66,97658,64,190947
45991,0.000688,172.31.40.0-255,66,97724,64,190947
45992,0.000702,74.125.24.0-255,3187,100911,64,190947
45993,0.000707,74.125.24.0-255,4320,105231,64,190947
45994,0.000711,172.31.40.0-255,66,105297,64,190947
45995,0.000714,172.31.40.0-255,66,105363,64,190947
45996,0.000744,172.31.40.0-255,66,105429,64,190947
45997,0.000747,74.125.24.0-255,1484,106913,64,190947
45998,0.000796,172.31.40.0-255,66,106979,64,190947
45999,0.000804,74.125.24.0-255,7156,114135,64,190947
46000,0.000807,172.31.40.0-255,66,114201,64,190947
46001,0.000839,172.31.40.0-255,66,114267,64,190947
46002,0.000844,74.125.24.0-255,2902,117169,64,190947
46003,0.000847,172.31.40.0-255,66,117235,64,190947
46004,0.000874,172.31.40.0-255,66,117301,64,190947
46005,0.000932,172.31.40.0-255,66,117367,64,190947
46006,0.000946,172.31.40.0-255,66,117433,64,190947
46007,0.000971,74.125.24.0-255,7156,124589,64,190947
46008,0.000974,172.31.40.0-255,66,124655,64,190947
46009,0.000991,74.125.24.0-255,5020,129675,64,190947
46010,0.000996,172.31.40.0-255,66,129741,64,190947
46011,0.001053,74.125.24.0-255,1484,131225,64,190947
46012,0.001058,74.125.24.0-255,1484,132709,64,190947
46013,0.001061,172.31.40.0-255,66,132775,64,190947
46014,0.001074,74.125.24.0-255,1484,134259,64,190947
46015,0.001081,74.125.24.0-255,5738,139997,64,190947
46016,0.001084,172.31.40.0-255,66,140063,64,190947
46017,0.001098,74.125.24.0-255,1484,141547,64,190947
46018,0.001127,172.31.40.0-255,66,141613,64,190947
46019,0.001131,74.125.24.0-255,2902,144515,64,190947
46020,0.001134,172.31.40.0-255,66,144581,64,190947
46021,0.001168,74.125.24.0-255,5738,150319,64,190947
46022,0.001171,172.31.40.0-255,66,150385,64,190947
46023,0.00119,74.125.24.0-255,2184,152569,64,190947
46024,0.001193,172.31.40.0-255,66,152635,64,190947
46025,0.001229,172.31.40.0-255,66,152701,64,190947
46026,0.001301,172.31.40.0-255,66,152767,64,190947
46027,0.001316,172.31.40.0-255,66,152833,64,190947
46028,0.00134,74.125.24.0-255,1484,154317,64,190947
46029,0.001361,74.125.24.0-255,2902,157219,64,190947
46030,0.001364,172.31.40.0-255,66,157285,64,190947
46031,0.001369,74.125.24.0-255,2902,160187,64,190947
46032,0.001371,172.31.40.0-255,66,160253,64,190947
46033,0.001382,74.125.24.0-255,1484,161737,64,190947
46034,0.001411,172.31.40.0-255,66,161803,64,190947
46035,0.001437,172.31.40.0-255,66,161869,64,190947
46036,0.001475,74.125.24.0-255,3602,165471,64,190947
46037,0.001484,172.31.40.0-255,66,165537,64,190947
46038,0.001518,74.125.24.0-255,4320,169857,64,190947
46039,0.001521,172.31.40.0-255,66,169923,64,190947
46040,0.001529,74.125.24.0-255,5738,175661,64,190947
46041,0.001531,172.31.40.0-255,66,175727,64,190947
46042,0.001534,74.125.24.0-255,1484,177211,64,190947
46043,0.001569,172.31.40.0-255,66,177277,64,190947
46044,0.001574,74.125.24.0-255,4320,181597,64,190947
46045,0.001577,172.31.40.0-255,66,181663,64,190947
46046,0.00162,172.31.40.0-255,66,181729,64,190947
46047,0.001633,172.31.40.0-255,66,181795,64,190947
46048,0.001645,172.31.40.0-255,66,181861,64,190947
46049,0.001683,74.125.24.0-255,4320,186181,64,190947
46050,0.001686,172.31.40.0-255,66,186247,64,190947
46051,0.001717,172.31.40.0-255,66,186313,64,190947
46052,0.00172,74.125.24.0-255,105,186418,64,190947
46053,0.004477,172.31.40.0-255,66,186484,64,190947
46054,0.004514,172.31.40.0-255,105,186589,64,190947
46055,0.006496,74.125.24.0-255,66,186655,64,190947
46056,0.032606,172.31.40.0-255,172,186827,64,190947
46057,0.032635,172.31.40.0-255,1111,187938,64,190947
46058,0.032688,172.31.40.0-255,1514,189452,64,190947
46059,0.03269,172.31.40.0-255,1297,190749,64,190947
46060,0.034132,104.244.42.0-255,66,190815,64,190947
46061,0.034171,104.244.42.0-255,66,190881,64,190947
46062,0.034211,104.244.42.0-255,66,190947,64,190947
46063,0.0,172.217.194.0-255,291,291,64,309979
46064,2.2e-05,172.31.40.0-255,66,357,64,309979
46065,2.8e-05,172.217.194.0-255,1484,1841,64,309979
46066,3.2e-05,172.31.40.0-255,66,1907,64,309979
46067,3.9e-05,172.217.194.0-255,2902,4809,64,309979
46068,4.3e-05,172.31.40.0-255,66,4875,64,309979
46069,6.4e-05,172.217.194.0-255,5738,10613,64,309979
46070,6.8e-05,172.31.40.0-255,66,10679,64,309979
46071,8.2e-05,172.31.40.0-255,66,10745,64,309979
46072,0.000106,172.217.194.0-255,3355,14100,64,309979
46073,0.000109,172.31.40.0-255,66,14166,64,309979
46074,0.000117,172.217.194.0-255,6797,20963,64,309979
46075,0.00012,172.31.40.0-255,66,21029,64,309979
46076,0.000184,172.217.194.0-255,1484,22513,64,309979
46077,0.000186,172.31.40.0-255,66,22579,64,309979
46078,0.000192,172.217.194.0-255,2902,25481,64,309979
46079,0.000194,172.31.40.0-255,66,25547,64,309979
46080,0.0002,172.217.194.0-255,4320,29867,64,309979
46081,0.000202,172.31.40.0-255,66,29933,64,309979
46082,0.000219,172.217.194.0-255,1484,31417,64,309979
46083,0.000222,172.31.40.0-255,66,31483,64,309979
46084,0.000241,172.217.194.0-255,5738,37221,64,309979
46085,0.000244,172.31.40.0-255,66,37287,64,309979
46086,0.000265,172.31.40.0-255,66,37353,64,309979
46087,0.000303,172.31.40.0-255,66,37419,64,309979
46088,0.000306,172.217.194.0-255,431,37850,64,309979
46089,0.000308,172.31.40.0-255,66,37916,64,309979
46090,0.00056,172.217.194.0-255,1484,39400,64,309979
46091,0.000566,172.31.40.0-255,66,39466,64,309979
46092,0.000572,172.217.194.0-255,2902,42368,64,309979
46093,0.000586,172.31.40.0-255,66,42434,64,309979
46094,0.000591,172.217.194.0-255,2902,45336,64,309979
46095,0.000597,172.31.40.0-255,66,45402,64,309979
46096,0.000607,172.217.194.0-255,2902,48304,64,309979
46097,0.000619,172.217.194.0-255,1484,49788,64,309979
46098,0.000637,172.217.194.0-255,5738,55526,64,309979
46099,0.000652,172.31.40.0-255,66,55592,64,309979
46100,0.000659,172.217.194.0-255,5738,61330,64,309979
46101,0.000669,172.31.40.0-255,66,61396,64,309979
46102,0.000697,172.217.194.0-255,4320,65716,64,309979
46103,0.000702,172.31.40.0-255,66,65782,64,309979
46104,0.000736,172.217.194.0-255,2902,68684,64,309979
46105,0.000741,172.31.40.0-255,66,68750,64,309979
46106,0.000751,172.217.194.0-255,3602,72352,64,309979
46107,0.000773,172.31.40.0-255,66,72418,64,309979
46108,0.000909,172.217.194.0-255,1484,73902,64,309979
46109,0.000916,172.217.194.0-255,2902,76804,64,309979
46110,0.000919,172.217.194.0-255,1484,78288,64,309979
46111,0.00094,172.217.194.0-255,4320,82608,64,309979
46112,0.000947,172.217.194.0-255,5738,88346,64,309979
46113,0.000954,172.31.40.0-255,66,88412,64,309979
46114,0.000965,172.217.194.0-255,5738,94150,64,309979
46115,0.000969,172.217.194.0-255,4320,98470,64,309979
46116,0.000976,172.31.40.0-255,66,98536,64,309979
46117,0.001004,172.217.194.0-255,1484,100020,64,309979
46118,0.001008,172.217.194.0-255,2902,102922,64,309979
46119,0.001013,172.31.40.0-255,66,102988,64,309979
46120,0.001027,172.217.194.0-255,5738,108726,64,309979
46121,0.001043,172.31.40.0-255,66,108792,64,309979
46122,0.001067,172.217.194.0-255,7156,115948,64,309979
46123,0.001072,172.31.40.0-255,66,116014,64,309979
46124,0.001083,172.217.194.0-255,3602,119616,64,309979
46125,0.001112,172.31.40.0-255,66,119682,64,309979
46126,0.001729,172.217.194.0-255,1484,121166,64,309979
46127,0.001738,172.217.194.0-255,2902,124068,64,309979
46128,0.001741,172.31.40.0-255,66,124134,64,309979
46129,0.001747,172.217.194.0-255,2902,127036,64,309979
46130,0.001765,172.217.194.0-255,2902,129938,64,309979
46131,0.001769,172.217.194.0-255,4320,134258,64,309979
46132,0.001786,172.217.194.0-255,2902,137160,64,309979
46133,0.001791,172.31.40.0-255,66,137226,64,309979
46134,0.001824,172.31.40.0-255,66,137292,64,309979
46135,0.00184,172.31.40.0-255,66,137358,64,309979
46136,0.002054,172.217.194.0-255,1484,138842,64,309979
46137,0.002059,172.217.194.0-255,1484,140326,64,309979
46138,0.002062,172.31.40.0-255,66,140392,64,309979
46139,0.002082,172.217.194.0-255,1484,141876,64,309979
46140,0.002089,172.217.194.0-255,5738,147614,64,309979
46141,0.002092,172.217.194.0-255,1484,149098,64,309979
46142,0.002123,172.217.194.0-255,2902,152000,64,309979
46143,0.002151,172.31.40.0-255,66,152066,64,309979
46144,0.002166,172.217.194.0-255,1484,153550,64,309979
46145,0.00219,172.217.194.0-255,5738,159288,64,309979
46146,0.002206,172.217.194.0-255,1484,160772,64,309979
46147,0.002237,172.217.194.0-255,766,161538,64,309979
46148,0.012091,172.217.194.0-255,1484,163022,64,309979
46149,0.012648,172.31.40.0-255,66,163088,64,309979
46150,0.014925,172.217.194.0-255,5738,168826,64,309979
46151,0.014937,172.31.40.0-255,66,168892,64,309979
46152,0.017262,172.217.194.0-255,5738,174630,64,309979
46153,0.017272,172.31.40.0-255,66,174696,64,309979
46154,0.019602,172.217.194.0-255,5738,180434,64,309979
46155,0.01961,172.31.40.0-255,66,180500,64,309979
46156,0.021885,172.217.194.0-255,5738,186238,64,309979
46157,0.024152,172.31.40.0-255,66,186304,64,309979
46158,0.026424,172.217.194.0-255,5738,192042,64,309979
46159,0.02644,172.31.40.0-255,66,192108,64,309979
46160,0.028702,172.217.194.0-255,5738,197846,64,309979
46161,0.028709,172.31.40.0-255,66,197912,64,309979
46162,0.030972,172.217.194.0-255,5738,203650,64,309979
46163,0.03098,172.31.40.0-255,66,203716,64,309979
46164,0.033276,172.217.194.0-255,5738,209454,64,309979
46165,0.033285,172.31.40.0-255,66,209520,64,309979
46166,0.035558,172.217.194.0-255,5738,215258,64,309979
46167,0.035565,172.31.40.0-255,66,215324,64,309979
46168,0.037866,172.217.194.0-255,5738,221062,64,309979
46169,0.037885,172.31.40.0-255,66,221128,64,309979
46170,0.040134,172.217.194.0-255,4320,225448,64,309979
46171,0.040142,172.31.40.0-255,66,225514,64,309979
46172,0.040163,172.217.194.0-255,1484,226998,64,309979
46173,0.04241,172.217.194.0-255,4320,231318,64,309979
46174,0.042422,172.31.40.0-255,66,231384,64,309979
46175,0.044708,172.217.194.0-255,5738,237122,64,309979
46176,0.044781,172.31.40.0-255,66,237188,64,309979
46177,0.047034,172.217.194.0-255,5738,242926,64,309979
46178,0.047042,172.31.40.0-255,66,242992,64,309979
46179,0.049321,172.217.194.0-255,5738,248730,64,309979
46180,0.049332,172.31.40.0-255,66,248796,64,309979
46181,0.051588,172.217.194.0-255,5738,254534,64,309979
46182,0.051599,172.31.40.0-255,66,254600,64,309979
46183,0.052671,172.31.40.0-255,171,254771,64,309979
46184,0.052703,172.31.40.0-255,1137,255908,64,309979
46185,0.052767,172.31.40.0-255,1514,257422,64,309979
46186,0.052769,172.31.40.0-255,1514,258936,64,309979
46187,0.052771,172.31.40.0-255,1514,260450,64,309979
46188,0.052796,172.31.40.0-255,1052,261502,64,309979
46189,0.053915,172.217.194.0-255,5738,267240,64,309979
46190,0.053923,172.31.40.0-255,66,267306,64,309979
46191,0.054257,104.244.42.0-255,66,267372,64,309979
46192,0.054275,104.244.42.0-255,66,267438,64,309979
46193,0.054368,104.244.42.0-255,66,267504,64,309979
46194,0.054409,104.244.42.0-255,66,267570,64,309979
46195,0.055023,104.244.42.0-255,108,267678,64,309979
46196,0.055033,172.31.40.0-255,66,267744,64,309979
46197,0.056177,172.217.194.0-255,5738,273482,64,309979
46198,0.056186,172.31.40.0-255,66,273548,64,309979
46199,0.058477,172.217.194.0-255,5738,279286,64,309979
46200,0.058493,172.31.40.0-255,66,279352,64,309979
46201,0.060829,172.217.194.0-255,5738,285090,64,309979
46202,0.060843,172.31.40.0-255,66,285156,64,309979
46203,0.063116,172.217.194.0-255,5738,290894,64,309979
46204,0.063133,172.31.40.0-255,66,290960,64,309979
46205,0.065424,172.217.194.0-255,5738,296698,64,309979
46206,0.065439,172.31.40.0-255,66,296764,64,309979
46207,0.067722,172.217.194.0-255,5738,302502,64,309979
46208,0.06774,172.31.40.0-255,66,302568,64,309979
46209,0.070023,172.217.194.0-255,5738,308306,64,309979
46210,0.070039,172.31.40.0-255,66,308372,64,309979
46211,0.072306,172.217.194.0-255,1370,309742,64,309979
46212,0.072318,172.31.40.0-255,66,309808,64,309979
46213,0.072517,172.31.40.0-255,105,309913,64,309979
46214,0.074773,172.217.194.0-255,66,309979,64,309979
46215,0.0,74.125.68.0-255,146,146,64,391679
46216,1.1e-05,172.31.40.0-255,66,212,64,391679
46217,1.7e-05,74.125.68.0-255,1484,1696,64,391679
46218,2.2e-05,172.31.40.0-255,66,1762,64,391679
46219,2.5e-05,74.125.68.0-255,1484,3246,64,391679
46220,2.7e-05,172.31.40.0-255,66,3312,64,391679
46221,3e-05,74.125.68.0-255,1484,4796,64,391679
46222,3.3e-05,172.31.40.0-255,66,4862,64,391679
46223,5.6e-05,74.125.68.0-255,1484,6346,64,391679
46224,5.8e-05,172.31.40.0-255,66,6412,64,391679
46225,6.6e-05,74.125.68.0-255,5738,12150,64,391679
46226,6.8e-05,172.31.40.0-255,66,12216,64,391679
46227,7.1e-05,74.125.68.0-255,1484,13700,64,391679
46228,7.3e-05,172.31.40.0-255,66,13766,64,391679
46229,8.8e-05,74.125.68.0-255,3384,17150,64,391679
46230,9.1e-05,172.31.40.0-255,66,17216,64,391679
46231,0.000102,74.125.68.0-255,1484,18700,64,391679
46232,0.000104,172.31.40.0-255,66,18766,64,391679
46233,0.000123,74.125.68.0-255,4320,23086,64,391679
46234,0.000126,172.31.40.0-255,66,23152,64,391679
46235,0.000136,172.31.40.0-255,66,23218,64,391679
46236,0.000257,74.125.68.0-255,1484,24702,64,391679
46237,0.000261,172.31.40.0-255,66,24768,64,391679
46238,0.000266,74.125.68.0-255,2902,27670,64,391679
46239,0.000269,172.31.40.0-255,66,27736,64,391679
46240,0.000275,74.125.68.0-255,5738,33474,64,391679
46241,0.000277,172.31.40.0-255,66,33540,64,391679
46242,0.000281,74.125.68.0-255,2902,36442,64,391679
46243,0.000284,172.31.40.0-255,66,36508,64,391679
46244,0.000314,74.125.68.0-255,4320,40828,64,391679
46245,0.000317,172.31.40.0-255,66,40894,64,391679
46246,0.000322,74.125.68.0-255,4320,45214,64,391679
46247,0.000324,172.31.40.0-255,66,45280,64,391679
46248,0.000338,74.125.68.0-255,4320,49600,64,391679
46249,0.00034,172.31.40.0-255,66,49666,64,391679
46250,0.000345,74.125.68.0-255,4320,53986,64,391679
46251,0.000347,172.31.40.0-255,66,54052,64,391679
46252,0.000399,74.125.68.0-255,3900,57952,64,391679
46253,0.000402,172.31.40.0-255,66,58018,64,391679
46254,0.000761,74.125.68.0-255,130,58148,64,391679
46255,0.000944,74.125.68.0-255,1484,59632,64,391679
46256,0.00095,172.31.40.0-255,66,59698,64,391679
46257,0.000954,74.125.68.0-255,1484,61182,64,391679
46258,0.00097,74.125.68.0-255,1484,62666,64,391679
46259,0.000972,172.31.40.0-255,66,62732,64,391679
46260,0.000979,74.125.68.0-255,5738,68470,64,391679
46261,0.000981,172.31.40.0-255,66,68536,64,391679
46262,0.000986,74.125.68.0-255,2902,71438,64,391679
46263,0.000988,172.31.40.0-255,66,71504,64,391679
46264,0.001004,74.125.68.0-255,1484,72988,64,391679
46265,0.001007,74.125.68.0-255,1484,74472,64,391679
46266,0.001009,172.31.40.0-255,66,74538,64,391679
46267,0.001033,74.125.68.0-255,4320,78858,64,391679
46268,0.001036,172.31.40.0-255,66,78924,64,391679
46269,0.001039,74.125.68.0-255,1484,80408,64,391679
46270,0.001068,172.31.40.0-255,66,80474,64,391679
46271,0.001094,74.125.68.0-255,2184,82658,64,391679
46272,0.001097,172.31.40.0-255,66,82724,64,391679
46273,0.001934,74.125.68.0-255,1484,84208,64,391679
46274,0.001941,74.125.68.0-255,1484,85692,64,391679
46275,0.001945,172.31.40.0-255,66,85758,64,391679
46276,0.001963,74.125.68.0-255,1484,87242,64,391679
46277,0.001967,74.125.68.0-255,2902,90144,64,391679
46278,0.001969,172.31.40.0-255,66,90210,64,391679
46279,0.001973,74.125.68.0-255,4320,94530,64,391679
46280,0.001975,172.31.40.0-255,66,94596,64,391679
46281,0.001989,74.125.68.0-255,1484,96080,64,391679
46282,0.002009,74.125.68.0-255,7156,103236,64,391679
46283,0.002011,172.31.40.0-255,66,103302,64,391679
46284,0.002017,74.125.68.0-255,5738,109040,64,391679
46285,0.002019,172.31.40.0-255,66,109106,64,391679
46286,0.002022,74.125.68.0-255,1484,110590,64,391679
46287,0.004025,74.125.68.0-255,4320,114910,64,391679
46288,0.004028,172.31.40.0-255,66,114976,64,391679
46289,0.006046,74.125.68.0-255,5738,120714,64,391679
46290,0.006053,172.31.40.0-255,66,120780,64,391679
46291,0.008068,74.125.68.0-255,5738,126518,64,391679
46292,0.008076,172.31.40.0-255,66,126584,64,391679
46293,0.010092,74.125.68.0-255,5738,132322,64,391679
46294,0.0101,172.31.40.0-255,66,132388,64,391679
46295,0.012116,74.125.68.0-255,5738,138126,64,391679
46296,0.012123,172.31.40.0-255,66,138192,64,391679
46297,0.014149,74.125.68.0-255,5738,143930,64,391679
46298,0.014158,172.31.40.0-255,66,143996,64,391679
46299,0.016177,74.125.68.0-255,5738,149734,64,391679
46300,0.016185,172.31.40.0-255,66,149800,64,391679
46301,0.0182,74.125.68.0-255,5738,155538,64,391679
46302,0.018208,172.31.40.0-255,66,155604,64,391679
46303,0.020231,74.125.68.0-255,5738,161342,64,391679
46304,0.020238,172.31.40.0-255,66,161408,64,391679
46305,0.022256,74.125.68.0-255,5738,167146,64,391679
46306,0.022263,172.31.40.0-255,66,167212,64,391679
46307,0.02429,74.125.68.0-255,5738,172950,64,391679
46308,0.024297,172.31.40.0-255,66,173016,64,391679
46309,0.02573,172.31.40.0-255,167,173183,64,391679
46310,0.025763,172.31.40.0-255,1111,174294,64,391679
46311,0.02582,172.31.40.0-255,1514,175808,64,391679
46312,0.025821,172.31.40.0-255,1514,177322,64,391679
46313,0.025846,172.31.40.0-255,697,178019,64,391679
46314,0.026289,74.125.68.0-255,4320,182339,64,391679
46315,0.026295,172.31.40.0-255,66,182405,64,391679
46316,0.026318,74.125.68.0-255,1484,183889,64,391679
46317,0.027251,104.244.42.0-255,66,183955,64,391679
46318,0.027306,104.244.42.0-255,66,184021,64,391679
46319,0.027358,104.244.42.0-255,66,184087,64,391679
46320,0.02743,104.244.42.0-255,66,184153,64,391679
46321,0.028312,74.125.68.0-255,4320,188473,64,391679
46322,0.028318,172.31.40.0-255,66,188539,64,391679
46323,0.030339,74.125.68.0-255,5738,194277,64,391679
46324,0.030345,172.31.40.0-255,66,194343,64,391679
46325,0.032355,74.125.68.0-255,5738,200081,64,391679
46326,0.03236,172.31.40.0-255,66,200147,64,391679
46327,0.034386,74.125.68.0-255,5738,205885,64,391679
46328,0.034392,172.31.40.0-255,66,205951,64,391679
46329,0.036418,74.125.68.0-255,5738,211689,64,391679
46330,0.036426,172.31.40.0-255,66,211755,64,391679
46331,0.03844,74.125.68.0-255,5738,217493,64,391679
46332,0.038446,172.31.40.0-255,66,217559,64,391679
46333,0.040471,74.125.68.0-255,5738,223297,64,391679
46334,0.040476,172.31.40.0-255,66,223363,64,391679
46335,0.042511,74.125.68.0-255,5738,229101,64,391679
46336,0.042517,172.31.40.0-255,66,229167,64,391679
46337,0.04454,74.125.68.0-255,5738,234905,64,391679
46338,0.044545,172.31.40.0-255,66,234971,64,391679
46339,0.046627,74.125.68.0-255,5738,240709,64,391679
46340,0.046645,172.31.40.0-255,66,240775,64,391679
46341,0.048671,74.125.68.0-255,5738,246513,64,391679
46342,0.048684,172.31.40.0-255,66,246579,64,391679
46343,0.050719,74.125.68.0-255,5738,252317,64,391679
46344,0.050733,172.31.40.0-255,66,252383,64,391679
46345,0.052782,74.125.68.0-255,5738,258121,64,391679
46346,0.052796,172.31.40.0-255,66,258187,64,391679
46347,0.054829,74.125.68.0-255,5738,263925,64,391679
46348,0.05484,172.31.40.0-255,66,263991,64,391679
46349,0.056866,74.125.68.0-255,5738,269729,64,391679
46350,0.056883,172.31.40.0-255,66,269795,64,391679
46351,0.058916,74.125.68.0-255,5738,275533,64,391679
46352,0.058933,172.31.40.0-255,66,275599,64,391679
46353,0.060972,74.125.68.0-255,5738,281337,64,391679
46354,0.060989,172.31.40.0-255,66,281403,64,391679
46355,0.063047,74.125.68.0-255,5738,287141,64,391679
46356,0.063061,172.31.40.0-255,66,287207,64,391679
46357,0.065097,74.125.68.0-255,5738,292945,64,391679
46358,0.065116,172.31.40.0-255,66,293011,64,391679
46359,0.067142,74.125.68.0-255,5738,298749,64,391679
46360,0.067157,172.31.40.0-255,66,298815,64,391679
46361,0.06918,74.125.68.0-255,5738,304553,64,391679
46362,0.069193,172.31.40.0-255,66,304619,64,391679
46363,0.071241,74.125.68.0-255,5738,310357,64,391679
46364,0.071257,172.31.40.0-255,66,310423,64,391679
46365,0.073284,74.125.68.0-255,5738,316161,64,391679
46366,0.073301,172.31.40.0-255,66,316227,64,391679
46367,0.075338,74.125.68.0-255,5738,321965,64,391679
46368,0.075354,172.31.40.0-255,66,322031,64,391679
46369,0.077385,74.125.68.0-255,5738,327769,64,391679
46370,0.077398,172.31.40.0-255,66,327835,64,391679
46371,0.079421,74.125.68.0-255,5738,333573,64,391679
46372,0.079439,172.31.40.0-255,66,333639,64,391679
46373,0.081465,74.125.68.0-255,5738,339377,64,391679
46374,0.081481,172.31.40.0-255,66,339443,64,391679
46375,0.083517,74.125.68.0-255,5738,345181,64,391679
46376,0.083531,172.31.40.0-255,66,345247,64,391679
46377,0.085555,74.125.68.0-255,5738,350985,64,391679
46378,0.085569,172.31.40.0-255,66,351051,64,391679
46379,0.087597,74.125.68.0-255,5738,356789,64,391679
46380,0.087609,172.31.40.0-255,66,356855,64,391679
46381,0.089636,74.125.68.0-255,5738,362593,64,391679
46382,0.08965,172.31.40.0-255,66,362659,64,391679
46383,0.091677,74.125.68.0-255,5738,368397,64,391679
46384,0.091691,172.31.40.0-255,66,368463,64,391679
46385,0.093714,74.125.68.0-255,5738,374201,64,391679
46386,0.093728,172.31.40.0-255,66,374267,64,391679
46387,0.095769,74.125.68.0-255,5738,380005,64,391679
46388,0.095783,172.31.40.0-255,66,380071,64,391679
46389,0.097814,74.125.68.0-255,5738,385809,64,391679
46390,0.097824,172.31.40.0-255,66,385875,64,391679
46391,0.099856,74.125.68.0-255,5738,391613,64,391679
46392,0.099862,172.31.40.0-255,66,391679,64,391679
46393,0.0,74.125.68.0-255,155,155,64,379432
46394,1.6e-05,172.31.40.0-255,66,221,64,379432
46395,2.3e-05,74.125.68.0-255,1484,1705,64,379432
46396,2.8e-05,172.31.40.0-255,66,1771,64,379432
46397,5.9e-05,74.125.68.0-255,2902,4673,64,379432
46398,6.2e-05,172.31.40.0-255,66,4739,64,379432
46399,6.8e-05,74.125.68.0-255,5738,10477,64,379432
46400,7.5e-05,172.31.40.0-255,66,10543,64,379432
46401,8e-05,74.125.68.0-255,2902,13445,64,379432
46402,8.3e-05,172.31.40.0-255,66,13511,64,379432
46403,0.000115,74.125.68.0-255,682,14193,64,379432
46404,0.000118,172.31.40.0-255,66,14259,64,379432
46405,0.000218,74.125.68.0-255,1484,15743,64,379432
46406,0.000222,172.31.40.0-255,66,15809,64,379432
46407,0.000227,74.125.68.0-255,2902,18711,64,379432
46408,0.00023,172.31.40.0-255,66,18777,64,379432
46409,0.000267,74.125.68.0-255,5738,24515,64,379432
46410,0.00027,172.31.40.0-255,66,24581,64,379432
46411,0.000278,74.125.68.0-255,6797,31378,64,379432
46412,0.00028,172.31.40.0-255,66,31444,64,379432
46413,0.000309,74.125.68.0-255,7156,38600,64,379432
46414,0.000312,172.31.40.0-255,66,38666,64,379432
46415,0.000346,74.125.68.0-255,5738,44404,64,379432
46416,0.000349,172.31.40.0-255,66,44470,64,379432
46417,0.000375,74.125.68.0-255,3961,48431,64,379432
46418,0.000378,172.31.40.0-255,66,48497,64,379432
46419,0.000416,74.125.68.0-255,4320,52817,64,379432
46420,0.000419,172.31.40.0-255,66,52883,64,379432
46421,0.000422,74.125.68.0-255,1484,54367,64,379432
46422,0.000424,172.31.40.0-255,66,54433,64,379432
46423,0.000446,74.125.68.0-255,2902,57335,64,379432
46424,0.000449,172.31.40.0-255,66,57401,64,379432
46425,0.000483,74.125.68.0-255,5738,63139,64,379432
46426,0.000486,172.31.40.0-255,66,63205,64,379432
46427,0.00049,74.125.68.0-255,2869,66074,64,379432
46428,0.000492,172.31.40.0-255,66,66140,64,379432
46429,0.000519,74.125.68.0-255,330,66470,64,379432
46430,0.00076,74.125.68.0-255,1484,67954,64,379432
46431,0.000765,172.31.40.0-255,66,68020,64,379432
46432,0.00077,74.125.68.0-255,2902,70922,64,379432
46433,0.000773,172.31.40.0-255,66,70988,64,379432
46434,0.000785,74.125.68.0-255,5738,76726,64,379432
46435,0.000788,172.31.40.0-255,66,76792,64,379432
46436,0.000817,74.125.68.0-255,2902,79694,64,379432
46437,0.000824,172.31.40.0-255,66,79760,64,379432
46438,0.00083,74.125.68.0-255,4320,84080,64,379432
46439,0.000832,74.125.68.0-255,1484,85564,64,379432
46440,0.000851,172.31.40.0-255,66,85630,64,379432
46441,0.000857,74.125.68.0-255,2902,88532,64,379432
46442,0.000877,74.125.68.0-255,5738,94270,64,379432
46443,0.000882,74.125.68.0-255,4320,98590,64,379432
46444,0.000885,172.31.40.0-255,66,98656,64,379432
46445,0.000918,172.31.40.0-255,66,98722,64,379432
46446,0.000937,74.125.68.0-255,2184,100906,64,379432
46447,0.000954,172.31.40.0-255,66,100972,64,379432
46448,0.001001,74.125.68.0-255,1484,102456,64,379432
46449,0.001021,74.125.68.0-255,2902,105358,64,379432
46450,0.001024,172.31.40.0-255,66,105424,64,379432
46451,0.00105,74.125.68.0-255,1484,106908,64,379432
46452,0.001078,74.125.68.0-255,2902,109810,64,379432
46453,0.001096,172.31.40.0-255,66,109876,64,379432
46454,0.0011,74.125.68.0-255,1484,111360,64,379432
46455,0.001104,74.125.68.0-255,2902,114262,64,379432
46456,0.001108,74.125.68.0-255,4320,118582,64,379432
46457,0.001122,74.125.68.0-255,1484,120066,64,379432
46458,0.001127,172.31.40.0-255,66,120132,64,379432
46459,0.001167,172.31.40.0-255,66,120198,64,379432
46460,0.001192,74.125.68.0-255,2902,123100,64,379432
46461,0.001201,172.31.40.0-255,66,123166,64,379432
46462,0.00121,74.125.68.0-255,2184,125350,64,379432
46463,0.001214,172.31.40.0-255,66,125416,64,379432
46464,0.00128,74.125.68.0-255,1484,126900,64,379432
46465,0.001305,74.125.68.0-255,1484,128384,64,379432
46466,0.001324,74.125.68.0-255,2902,131286,64,379432
46467,0.001329,74.125.68.0-255,2902,134188,64,379432
46468,0.001351,74.125.68.0-255,2902,137090,64,379432
46469,0.001356,74.125.68.0-255,2902,139992,64,379432
46470,0.001361,172.31.40.0-255,66,140058,64,379432
46471,0.001379,74.125.68.0-255,4320,144378,64,379432
46472,0.001397,74.125.68.0-255,5738,150116,64,379432
46473,0.0014,74.125.68.0-255,1484,151600,64,379432
46474,0.001409,172.31.40.0-255,66,151666,64,379432
46475,0.001425,74.125.68.0-255,7156,158822,64,379432
46476,0.001427,74.125.68.0-255,766,159588,64,379432
46477,0.001434,172.31.40.0-255,66,159654,64,379432
46478,0.001615,74.125.68.0-255,1484,161138,64,379432
46479,0.001622,74.125.68.0-255,2902,164040,64,379432
46480,0.001673,74.125.68.0-255,2902,166942,64,379432
46481,0.001678,74.125.68.0-255,4320,171262,64,379432
46482,0.001682,172.31.40.0-255,66,171328,64,379432
46483,0.001697,172.31.40.0-255,66,171394,64,379432
46484,0.001706,74.125.68.0-255,2902,174296,64,379432
46485,0.001721,74.125.68.0-255,2902,177198,64,379432
46486,0.001726,74.125.68.0-255,4320,181518,64,379432
46487,0.00174,74.125.68.0-255,2902,184420,64,379432
46488,0.001758,74.125.68.0-255,2902,187322,64,379432
46489,0.001769,172.31.40.0-255,66,187388,64,379432
46490,0.001801,74.125.68.0-255,4320,191708,64,379432
46491,0.001805,74.125.68.0-255,1484,193192,64,379432
46492,0.001827,74.125.68.0-255,2184,195376,64,379432
46493,0.00183,172.31.40.0-255,66,195442,64,379432
46494,0.001835,172.31.40.0-255,66,195508,64,379432
46495,0.001873,74.125.68.0-255,5738,201246,64,379432
46496,0.001878,74.125.68.0-255,4320,205566,64,379432
46497,0.00189,74.125.68.0-255,2902,208468,64,379432
46498,0.001897,172.31.40.0-255,66,208534,64,379432
46499,0.001905,74.125.68.0-255,1484,210018,64,379432
46500,0.001956,74.125.68.0-255,6438,216456,64,379432
46501,0.001973,172.31.40.0-255,66,216522,64,379432
46502,0.002039,74.125.68.0-255,1484,218006,64,379432
46503,0.002046,74.125.68.0-255,2902,220908,64,379432
46504,0.002052,172.31.40.0-255,66,220974,64,379432
46505,0.00208,74.125.68.0-255,5738,226712,64,379432
46506,0.002088,172.31.40.0-255,66,226778,64,379432
46507,0.002131,74.125.68.0-255,4320,231098,64,379432
46508,0.002159,74.125.68.0-255,5738,236836,64,379432
46509,0.002175,74.125.68.0-255,5020,241856,64,379432
46510,0.002208,74.125.68.0-255,1484,243340,64,379432
46511,0.002224,74.125.68.0-255,2902,246242,64,379432
46512,0.002247,74.125.68.0-255,5738,251980,64,379432
46513,0.002251,74.125.68.0-255,2902,254882,64,379432
46514,0.00227,74.125.68.0-255,2902,257784,64,379432
46515,0.002279,74.125.68.0-255,1484,259268,64,379432
46516,0.002301,74.125.68.0-255,4320,263588,64,379432
46517,0.00232,74.125.68.0-255,4320,267908,64,379432
46518,0.002325,74.125.68.0-255,2902,270810,64,379432
46519,0.002366,74.125.68.0-255,5738,276548,64,379432
46520,0.0128,74.125.68.0-255,1484,278032,64,379432
46521,0.014081,172.31.40.0-255,66,278098,64,379432
46522,0.016441,74.125.68.0-255,5738,283836,64,379432
46523,0.016451,172.31.40.0-255,66,283902,64,379432
46524,0.018818,74.125.68.0-255,5738,289640,64,379432
46525,0.018836,172.31.40.0-255,66,289706,64,379432
46526,0.021197,74.125.68.0-255,5738,295444,64,379432
46527,0.021204,172.31.40.0-255,66,295510,64,379432
46528,0.023559,74.125.68.0-255,5738,301248,64,379432
46529,0.023567,172.31.40.0-255,66,301314,64,379432
46530,0.025945,74.125.68.0-255,5738,307052,64,379432
46531,0.025961,172.31.40.0-255,66,307118,64,379432
46532,0.028325,74.125.68.0-255,5738,312856,64,379432
46533,0.028332,172.31.40.0-255,66,312922,64,379432
46534,0.030704,74.125.68.0-255,5738,318660,64,379432
46535,0.030716,172.31.40.0-255,66,318726,64,379432
46536,0.033116,74.125.68.0-255,5738,324464,64,379432
46537,0.033132,172.31.40.0-255,66,324530,64,379432
46538,0.035491,74.125.68.0-255,5738,330268,64,379432
46539,0.035499,172.31.40.0-255,66,330334,64,379432
46540,0.037868,74.125.68.0-255,5738,336072,64,379432
46541,0.03788,172.31.40.0-255,66,336138,64,379432
46542,0.040254,74.125.68.0-255,5738,341876,64,379432
46543,0.040273,172.31.40.0-255,66,341942,64,379432
46544,0.042651,74.125.68.0-255,5738,347680,64,379432
46545,0.042677,172.31.40.0-255,66,347746,64,379432
46546,0.045025,74.125.68.0-255,5738,353484,64,379432
46547,0.045035,172.31.40.0-255,66,353550,64,379432
46548,0.047403,74.125.68.0-255,5738,359288,64,379432
46549,0.047421,172.31.40.0-255,66,359354,64,379432
46550,0.049778,74.125.68.0-255,5738,365092,64,379432
46551,0.049785,172.31.40.0-255,66,365158,64,379432
46552,0.051292,172.31.40.0-255,172,365330,64,379432
46553,0.051324,172.31.40.0-255,1113,366443,64,379432
46554,0.051377,172.31.40.0-255,1514,367957,64,379432
46555,0.051379,172.31.40.0-255,1297,369254,64,379432
46556,0.052137,74.125.68.0-255,5738,374992,64,379432
46557,0.052145,172.31.40.0-255,66,375058,64,379432
46558,0.052874,104.244.42.0-255,66,375124,64,379432
46559,0.052901,104.244.42.0-255,66,375190,64,379432
46560,0.052976,104.244.42.0-255,66,375256,64,379432
46561,0.054508,74.125.68.0-255,3939,379195,64,379432
46562,0.054521,172.31.40.0-255,66,379261,64,379432
46563,0.05476,172.31.40.0-255,105,379366,64,379432
46564,0.057099,74.125.68.0-255,66,379432,64,379432
46565,0.0,74.125.68.0-255,153,153,64,382414
46566,1.3e-05,172.31.40.0-255,66,219,64,382414
46567,2e-05,74.125.68.0-255,1484,1703,64,382414
46568,2.4e-05,172.31.40.0-255,66,1769,64,382414
46569,2.9e-05,74.125.68.0-255,2902,4671,64,382414
46570,3.1e-05,172.31.40.0-255,66,4737,64,382414
46571,3.6e-05,74.125.68.0-255,4320,9057,64,382414
46572,3.8e-05,172.31.40.0-255,66,9123,64,382414
46573,6.8e-05,74.125.68.0-255,1484,10607,64,382414
46574,7e-05,172.31.40.0-255,66,10673,64,382414
46575,7.8e-05,74.125.68.0-255,6284,16957,64,382414
46576,8.1e-05,172.31.40.0-255,66,17023,64,382414
46577,8.7e-05,74.125.68.0-255,7156,24179,64,382414
46578,8.9e-05,172.31.40.0-255,66,24245,64,382414
46579,0.000122,74.125.68.0-255,1484,25729,64,382414
46580,0.000124,172.31.40.0-255,66,25795,64,382414
46581,0.000143,74.125.68.0-255,5379,31174,64,382414
46582,0.000146,172.31.40.0-255,66,31240,64,382414
46583,0.000318,74.125.68.0-255,1484,32724,64,382414
46584,0.000322,172.31.40.0-255,66,32790,64,382414
46585,0.000327,74.125.68.0-255,2902,35692,64,382414
46586,0.000329,172.31.40.0-255,66,35758,64,382414
46587,0.000343,74.125.68.0-255,5738,41496,64,382414
46588,0.000345,172.31.40.0-255,66,41562,64,382414
46589,0.000377,74.125.68.0-255,7156,48718,64,382414
46590,0.00038,172.31.40.0-255,66,48784,64,382414
46591,0.000387,74.125.68.0-255,5738,54522,64,382414
46592,0.000389,172.31.40.0-255,66,54588,64,382414
46593,0.000405,74.125.68.0-255,2902,57490,64,382414
46594,0.000407,172.31.40.0-255,66,57556,64,382414
46595,0.000423,74.125.68.0-255,5738,63294,64,382414
46596,0.000426,172.31.40.0-255,66,63360,64,382414
46597,0.000445,74.125.68.0-255,2184,65544,64,382414
46598,0.000449,172.31.40.0-255,66,65610,64,382414
46599,0.000461,74.125.68.0-255,392,66002,64,382414
46600,0.000481,74.125.68.0-255,117,66119,64,382414
46601,0.000631,74.125.68.0-255,1484,67603,64,382414
46602,0.000636,172.31.40.0-255,66,67669,64,382414
46603,0.000641,74.125.68.0-255,2902,70571,64,382414
46604,0.000644,172.31.40.0-255,66,70637,64,382414
46605,0.000664,74.125.68.0-255,5738,76375,64,382414
46606,0.000667,172.31.40.0-255,66,76441,64,382414
46607,0.000672,74.125.68.0-255,2902,79343,64,382414
46608,0.000674,172.31.40.0-255,66,79409,64,382414
46609,0.000679,74.125.68.0-255,2902,82311,64,382414
46610,0.000682,172.31.40.0-255,66,82377,64,382414
46611,0.000694,74.125.68.0-255,1367,83744,64,382414
46612,0.000725,74.125.68.0-255,2902,86646,64,382414
46613,0.000735,172.31.40.0-255,66,86712,64,382414
46614,0.000738,172.31.40.0-255,66,86778,64,382414
46615,0.00078,74.125.68.0-255,1484,88262,64,382414
46616,0.000794,74.125.68.0-255,3961,92223,64,382414
46617,0.000797,172.31.40.0-255,66,92289,64,382414
46618,0.001158,74.125.68.0-255,1484,93773,64,382414
46619,0.001176,74.125.68.0-255,2902,96675,64,382414
46620,0.00118,172.31.40.0-255,66,96741,64,382414
46621,0.001186,74.125.68.0-255,4320,101061,64,382414
46622,0.001188,172.31.40.0-255,66,101127,64,382414
46623,0.00123,172.31.40.0-255,66,101193,64,382414
46624,0.001236,74.125.68.0-255,4320,105513,64,382414
46625,0.001238,172.31.40.0-255,66,105579,64,382414
46626,0.001251,74.125.68.0-255,1484,107063,64,382414
46627,0.001274,74.125.68.0-255,4320,111383,64,382414
46628,0.001277,172.31.40.0-255,66,111449,64,382414
46629,0.001282,74.125.68.0-255,4320,115769,64,382414
46630,0.001284,172.31.40.0-255,66,115835,64,382414
46631,0.001298,74.125.68.0-255,2184,118019,64,382414
46632,0.001301,172.31.40.0-255,66,118085,64,382414
46633,0.0014,74.125.68.0-255,1484,119569,64,382414
46634,0.001417,74.125.68.0-255,2902,122471,64,382414
46635,0.001421,172.31.40.0-255,66,122537,64,382414
46636,0.001428,74.125.68.0-255,5738,128275,64,382414
46637,0.00143,172.31.40.0-255,66,128341,64,382414
46638,0.00148,74.125.68.0-255,7156,135497,64,382414
46639,0.001483,172.31.40.0-255,66,135563,64,382414
46640,0.001497,172.31.40.0-255,66,135629,64,382414
46641,0.001522,74.125.68.0-255,2902,138531,64,382414
46642,0.001525,172.31.40.0-255,66,138597,64,382414
46643,0.001528,74.125.68.0-255,1484,140081,64,382414
46644,0.001545,74.125.68.0-255,766,140847,64,382414
46645,0.001548,172.31.40.0-255,66,140913,64,382414
46646,0.001644,74.125.68.0-255,1484,142397,64,382414
46647,0.001649,74.125.68.0-255,2902,145299,64,382414
46648,0.001652,172.31.40.0-255,66,145365,64,382414
46649,0.001672,74.125.68.0-255,2902,148267,64,382414
46650,0.001675,172.31.40.0-255,66,148333,64,382414
46651,0.001686,74.125.68.0-255,2902,151235,64,382414
46652,0.001689,172.31.40.0-255,66,151301,64,382414
46653,0.001696,74.125.68.0-255,7156,158457,64,382414
46654,0.001698,172.31.40.0-255,66,158523,64,382414
46655,0.001729,74.125.68.0-255,1484,160007,64,382414
46656,0.001767,172.31.40.0-255,66,160073,64,382414
46657,0.001772,74.125.68.0-255,3602,163675,64,382414
46658,0.001774,172.31.40.0-255,66,163741,64,382414
46659,0.002309,74.125.68.0-255,1484,165225,64,382414
46660,0.002326,74.125.68.0-255,2902,168127,64,382414
46661,0.00233,172.31.40.0-255,66,168193,64,382414
46662,0.002336,74.125.68.0-255,4320,172513,64,382414
46663,0.002338,172.31.40.0-255,66,172579,64,382414
46664,0.00236,74.125.68.0-255,1484,174063,64,382414
46665,0.002384,74.125.68.0-255,7156,181219,64,382414
46666,0.002386,172.31.40.0-255,66,181285,64,382414
46667,0.002392,74.125.68.0-255,5738,187023,64,382414
46668,0.002394,172.31.40.0-255,66,187089,64,382414
46669,0.004736,74.125.68.0-255,2902,189991,64,382414
46670,0.004742,172.31.40.0-255,66,190057,64,382414
46671,0.00476,74.125.68.0-255,2902,192959,64,382414
46672,0.004763,172.31.40.0-255,66,193025,64,382414
46673,0.007105,74.125.68.0-255,5738,198763,64,382414
46674,0.007112,172.31.40.0-255,66,198829,64,382414
46675,0.009464,74.125.68.0-255,5738,204567,64,382414
46676,0.00947,172.31.40.0-255,66,204633,64,382414
46677,0.011842,74.125.68.0-255,5738,210371,64,382414
46678,0.011849,172.31.40.0-255,66,210437,64,382414
46679,0.014234,74.125.68.0-255,5738,216175,64,382414
46680,0.014245,172.31.40.0-255,66,216241,64,382414
46681,0.016627,74.125.68.0-255,5738,221979,64,382414
46682,0.016646,172.31.40.0-255,66,222045,64,382414
46683,0.019024,74.125.68.0-255,5738,227783,64,382414
46684,0.019042,172.31.40.0-255,66,227849,64,382414
46685,0.021434,74.125.68.0-255,5738,233587,64,382414
46686,0.021452,172.31.40.0-255,66,233653,64,382414
46687,0.023817,74.125.68.0-255,4320,237973,64,382414
46688,0.023825,172.31.40.0-255,66,238039,64,382414
46689,0.023841,74.125.68.0-255,1484,239523,64,382414
46690,0.026176,74.125.68.0-255,4320,243843,64,382414
46691,0.026183,172.31.40.0-255,66,243909,64,382414
46692,0.02857,74.125.68.0-255,5738,249647,64,382414
46693,0.028588,172.31.40.0-255,66,249713,64,382414
46694,0.028788,172.31.40.0-255,101,249814,64,382414
46695,0.030961,74.125.68.0-255,5738,255552,64,382414
46696,0.030968,172.31.40.0-255,66,255618,64,382414
46697,0.031124,74.125.68.0-255,66,255684,64,382414
46698,0.033328,74.125.68.0-255,5738,261422,64,382414
46699,0.033336,172.31.40.0-255,66,261488,64,382414
46700,0.035702,74.125.68.0-255,5738,267226,64,382414
46701,0.035717,172.31.40.0-255,66,267292,64,382414
46702,0.038085,74.125.68.0-255,5738,273030,64,382414
46703,0.038101,172.31.40.0-255,66,273096,64,382414
46704,0.040509,74.125.68.0-255,5738,278834,64,382414
46705,0.040515,172.31.40.0-255,66,278900,64,382414
46706,0.042397,172.31.40.0-255,172,279072,64,382414
46707,0.042425,172.31.40.0-255,1112,280184,64,382414
46708,0.042469,172.31.40.0-255,1514,281698,64,382414
46709,0.04247,172.31.40.0-255,1296,282994,64,382414
46710,0.04287,74.125.68.0-255,5738,288732,64,382414
46711,0.042875,172.31.40.0-255,66,288798,64,382414
46712,0.043945,104.244.42.0-255,66,288864,64,382414
46713,0.043993,104.244.42.0-255,66,288930,64,382414
46714,0.044047,104.244.42.0-255,66,288996,64,382414
46715,0.045284,74.125.68.0-255,5738,294734,64,382414
46716,0.045298,172.31.40.0-255,66,294800,64,382414
46717,0.047673,74.125.68.0-255,5738,300538,64,382414
46718,0.04769,172.31.40.0-255,66,300604,64,382414
46719,0.050057,74.125.68.0-255,5738,306342,64,382414
46720,0.050073,172.31.40.0-255,66,306408,64,382414
46721,0.052457,74.125.68.0-255,5738,312146,64,382414
46722,0.052471,172.31.40.0-255,66,312212,64,382414
46723,0.054847,74.125.68.0-255,5738,317950,64,382414
46724,0.054863,172.31.40.0-255,66,318016,64,382414
46725,0.05724,74.125.68.0-255,5738,323754,64,382414
46726,0.057259,172.31.40.0-255,66,323820,64,382414
46727,0.059645,74.125.68.0-255,5738,329558,64,382414
46728,0.059663,172.31.40.0-255,66,329624,64,382414
46729,0.062041,74.125.68.0-255,5738,335362,64,382414
46730,0.062064,172.31.40.0-255,66,335428,64,382414
46731,0.064443,74.125.68.0-255,5738,341166,64,382414
46732,0.064461,172.31.40.0-255,66,341232,64,382414
46733,0.066841,74.125.68.0-255,5738,346970,64,382414
46734,0.066856,172.31.40.0-255,66,347036,64,382414
46735,0.069235,74.125.68.0-255,5738,352774,64,382414
46736,0.069254,172.31.40.0-255,66,352840,64,382414
46737,0.071635,74.125.68.0-255,5738,358578,64,382414
46738,0.07165,172.31.40.0-255,66,358644,64,382414
46739,0.074052,74.125.68.0-255,5738,364382,64,382414
46740,0.074071,172.31.40.0-255,66,364448,64,382414
46741,0.076449,74.125.68.0-255,5738,370186,64,382414
46742,0.076467,172.31.40.0-255,66,370252,64,382414
46743,0.078841,74.125.68.0-255,5738,375990,64,382414
46744,0.078859,172.31.40.0-255,66,376056,64,382414
46745,0.081241,74.125.68.0-255,5738,381794,64,382414
46746,0.081261,172.31.40.0-255,66,381860,64,382414
46747,0.083633,74.125.68.0-255,383,382243,64,382414
46748,0.083887,172.31.40.0-255,105,382348,64,382414
46749,0.091245,74.125.68.0-255,66,382414,64,382414
46750,0.0,172.217.194.0-255,153,153,64,347750
46751,3.4e-05,172.31.40.0-255,66,219,64,347750
46752,4.2e-05,172.217.194.0-255,1484,1703,64,347750
46753,4.6e-05,172.31.40.0-255,66,1769,64,347750
46754,5.1e-05,172.217.194.0-255,2902,4671,64,347750
46755,5.4e-05,172.31.40.0-255,66,4737,64,347750
46756,7.4e-05,172.217.194.0-255,7156,11893,64,347750
46757,7.8e-05,172.31.40.0-255,66,11959,64,347750
46758,8.1e-05,172.217.194.0-255,2011,13970,64,347750
46759,8.4e-05,172.31.40.0-255,66,14036,64,347750
46760,0.000121,172.217.194.0-255,5738,19774,64,347750
46761,0.000127,172.31.40.0-255,66,19840,64,347750
46762,0.000148,172.217.194.0-255,1484,21324,64,347750
46763,0.00015,172.31.40.0-255,66,21390,64,347750
46764,0.000161,172.31.40.0-255,66,21456,64,347750
46765,0.000163,172.217.194.0-255,1125,22581,64,347750
46766,0.000165,172.31.40.0-255,66,22647,64,347750
46767,0.000252,172.217.194.0-255,1484,24131,64,347750
46768,0.000257,172.31.40.0-255,66,24197,64,347750
46769,0.000261,172.217.194.0-255,2902,27099,64,347750
46770,0.000264,172.31.40.0-255,66,27165,64,347750
46771,0.000281,172.217.194.0-255,5738,32903,64,347750
46772,0.000284,172.31.40.0-255,66,32969,64,347750
46773,0.000321,172.31.40.0-255,66,33035,64,347750
46774,0.000342,172.217.194.0-255,1125,34160,64,347750
46775,0.000344,172.31.40.0-255,66,34226,64,347750
46776,0.000355,172.31.40.0-255,66,34292,64,347750
46777,0.000358,172.217.194.0-255,1125,35417,64,347750
46778,0.00036,172.31.40.0-255,66,35483,64,347750
46779,0.000726,172.217.194.0-255,377,35860,64,347750
46780,0.000774,172.217.194.0-255,1484,37344,64,347750
46781,0.000778,172.31.40.0-255,66,37410,64,347750
46782,0.000796,172.217.194.0-255,1484,38894,64,347750
46783,0.000816,172.217.194.0-255,1484,40378,64,347750
46784,0.000819,172.31.40.0-255,66,40444,64,347750
46785,0.000826,172.217.194.0-255,5738,46182,64,347750
46786,0.000829,172.217.194.0-255,1484,47666,64,347750
46787,0.000841,172.31.40.0-255,66,47732,64,347750
46788,0.000854,172.217.194.0-255,5379,53111,64,347750
46789,0.000858,172.31.40.0-255,66,53177,64,347750
46790,0.000885,172.217.194.0-255,5738,58915,64,347750
46791,0.000889,172.31.40.0-255,66,58981,64,347750
46792,0.000915,172.217.194.0-255,2844,61825,64,347750
46793,0.000916,172.31.40.0-255,66,61891,64,347750
46794,0.00092,172.31.40.0-255,66,61957,64,347750
46795,0.001055,172.217.194.0-255,1484,63441,64,347750
46796,0.001061,172.217.194.0-255,2902,66343,64,347750
46797,0.001064,172.31.40.0-255,66,66409,64,347750
46798,0.001085,172.217.194.0-255,5738,72147,64,347750
46799,0.00109,172.31.40.0-255,66,72213,64,347750
46800,0.001112,172.217.194.0-255,5738,77951,64,347750
46801,0.001115,172.217.194.0-255,1484,79435,64,347750
46802,0.001116,172.31.40.0-255,66,79501,64,347750
46803,0.001139,172.217.194.0-255,5738,85239,64,347750
46804,0.001145,172.31.40.0-255,66,85305,64,347750
46805,0.001146,172.217.194.0-255,5738,91043,64,347750
46806,0.001148,172.31.40.0-255,66,91109,64,347750
46807,0.00116,172.217.194.0-255,5020,96129,64,347750
46808,0.001166,172.31.40.0-255,66,96195,64,347750
46809,0.00137,172.217.194.0-255,1484,97679,64,347750
46810,0.001376,172.217.194.0-255,2902,100581,64,347750
46811,0.001379,172.31.40.0-255,66,100647,64,347750
46812,0.001385,172.217.194.0-255,2902,103549,64,347750
46813,0.001402,172.217.194.0-255,2902,106451,64,347750
46814,0.001408,172.217.194.0-255,5738,112189,64,347750
46815,0.001421,172.217.194.0-255,1484,113673,64,347750
46816,0.001422,172.31.40.0-255,66,113739,64,347750
46817,0.001436,172.217.194.0-255,4320,118059,64,347750
46818,0.001443,172.31.40.0-255,66,118125,64,347750
46819,0.001464,172.217.194.0-255,766,118891,64,347750
46820,0.001466,172.31.40.0-255,66,118957,64,347750
46821,0.001685,172.31.40.0-255,66,119023,64,347750
46822,0.001908,172.217.194.0-255,1484,120507,64,347750
46823,0.001919,172.217.194.0-255,2902,123409,64,347750
46824,0.001929,172.217.194.0-255,5738,129147,64,347750
46825,0.001957,172.217.194.0-255,4320,133467,64,347750
46826,0.006114,172.31.40.0-255,66,133533,64,347750
46827,0.008475,172.217.194.0-255,5738,139271,64,347750
46828,0.008486,172.31.40.0-255,66,139337,64,347750
46829,0.010859,172.217.194.0-255,5738,145075,64,347750
46830,0.010872,172.31.40.0-255,66,145141,64,347750
46831,0.013222,172.217.194.0-255,5738,150879,64,347750
46832,0.015742,172.31.40.0-255,66,150945,64,347750
46833,0.018089,172.217.194.0-255,5738,156683,64,347750
46834,0.018101,172.31.40.0-255,66,156749,64,347750
46835,0.020476,172.217.194.0-255,5738,162487,64,347750
46836,0.020488,172.31.40.0-255,66,162553,64,347750
46837,0.02286,172.217.194.0-255,5738,168291,64,347750
46838,0.022871,172.31.40.0-255,66,168357,64,347750
46839,0.024983,172.31.40.0-255,172,168529,64,347750
46840,0.025013,172.31.40.0-255,1108,169637,64,347750
46841,0.025054,172.31.40.0-255,1514,171151,64,347750
46842,0.025056,172.31.40.0-255,336,171487,64,347750
46843,0.025216,172.217.194.0-255,5738,177225,64,347750
46844,0.025224,172.31.40.0-255,66,177291,64,347750
46845,0.027192,104.244.42.0-255,66,177357,64,347750
46846,0.027606,172.217.194.0-255,5738,183095,64,347750
46847,0.027611,172.31.40.0-255,66,183161,64,347750
46848,0.029988,172.217.194.0-255,5738,188899,64,347750
46849,0.029996,172.31.40.0-255,66,188965,64,347750
46850,0.03237,172.217.194.0-255,5738,194703,64,347750
46851,0.032389,172.31.40.0-255,66,194769,64,347750
46852,0.034751,172.217.194.0-255,5738,200507,64,347750
46853,0.036204,172.31.40.0-255,66,200573,64,347750
46854,0.038584,172.217.194.0-255,5738,206311,64,347750
46855,0.038605,172.31.40.0-255,66,206377,64,347750
46856,0.040988,172.217.194.0-255,5738,212115,64,347750
46857,0.041006,172.31.40.0-255,66,212181,64,347750
46858,0.043407,172.217.194.0-255,5738,217919,64,347750
46859,0.043428,172.31.40.0-255,66,217985,64,347750
46860,0.04582,172.217.194.0-255,5738,223723,64,347750
46861,0.045843,172.31.40.0-255,66,223789,64,347750
46862,0.048222,172.217.194.0-255,5738,229527,64,347750
46863,0.048243,172.31.40.0-255,66,229593,64,347750
46864,0.050637,172.217.194.0-255,5738,235331,64,347750
46865,0.050657,172.31.40.0-255,66,235397,64,347750
46866,0.053188,172.217.194.0-255,5738,241135,64,347750
46867,0.053206,172.31.40.0-255,66,241201,64,347750
46868,0.055606,172.217.194.0-255,5738,246939,64,347750
46869,0.055628,172.31.40.0-255,66,247005,64,347750
46870,0.058005,172.217.194.0-255,5738,252743,64,347750
46871,0.058028,172.31.40.0-255,66,252809,64,347750
46872,0.060402,172.217.194.0-255,5738,258547,64,347750
46873,0.060417,172.31.40.0-255,66,258613,64,347750
46874,0.062771,172.217.194.0-255,5738,264351,64,347750
46875,0.06278,172.31.40.0-255,66,264417,64,347750
46876,0.065127,172.217.194.0-255,5738,270155,64,347750
46877,0.065135,172.31.40.0-255,66,270221,64,347750
46878,0.067503,172.217.194.0-255,5738,275959,64,347750
46879,0.06751,172.31.40.0-255,66,276025,64,347750
46880,0.069859,172.217.194.0-255,5738,281763,64,347750
46881,0.069865,172.31.40.0-255,66,281829,64,347750
46882,0.072209,172.217.194.0-255,5738,287567,64,347750
46883,0.07223,172.31.40.0-255,66,287633,64,347750
46884,0.074581,172.217.194.0-255,5738,293371,64,347750
46885,0.074587,172.31.40.0-255,66,293437,64,347750
46886,0.076922,172.217.194.0-255,5738,299175,64,347750
46887,0.076927,172.31.40.0-255,66,299241,64,347750
46888,0.079257,172.217.194.0-255,2902,302143,64,347750
46889,0.079262,172.31.40.0-255,66,302209,64,347750
46890,0.079295,172.217.194.0-255,2902,305111,64,347750
46891,0.079314,172.31.40.0-255,66,305177,64,347750
46892,0.081601,172.217.194.0-255,2902,308079,64,347750
46893,0.081606,172.31.40.0-255,66,308145,64,347750
46894,0.081653,172.217.194.0-255,2902,311047,64,347750
46895,0.081661,172.31.40.0-255,66,311113,64,347750
46896,0.083937,172.217.194.0-255,2902,314015,64,347750
46897,0.083942,172.31.40.0-255,66,314081,64,347750
46898,0.084043,172.217.194.0-255,2902,316983,64,347750
46899,0.084049,172.31.40.0-255,66,317049,64,347750
46900,0.086329,172.217.194.0-255,2902,319951,64,347750
46901,0.086335,172.31.40.0-255,66,320017,64,347750
46902,0.086443,172.217.194.0-255,2902,322919,64,347750
46903,0.086985,172.31.40.0-255,66,322985,64,347750
46904,0.088683,172.217.194.0-255,2902,325887,64,347750
46905,0.088688,172.31.40.0-255,66,325953,64,347750
46906,0.089347,172.217.194.0-255,2902,328855,64,347750
46907,0.089352,172.31.40.0-255,66,328921,64,347750
46908,0.091046,172.217.194.0-255,2902,331823,64,347750
46909,0.091051,172.31.40.0-255,66,331889,64,347750
46910,0.091704,172.217.194.0-255,2902,334791,64,347750
46911,0.091709,172.31.40.0-255,66,334857,64,347750
46912,0.093413,172.217.194.0-255,2902,337759,64,347750
46913,0.093418,172.31.40.0-255,66,337825,64,347750
46914,0.094074,172.217.194.0-255,2902,340727,64,347750
46915,0.094079,172.31.40.0-255,66,340793,64,347750
46916,0.095776,172.217.194.0-255,2902,343695,64,347750
46917,0.095781,172.31.40.0-255,66,343761,64,347750
46918,0.096431,172.217.194.0-255,2902,346663,64,347750
46919,0.096437,172.31.40.0-255,66,346729,64,347750
46920,0.098128,172.217.194.0-255,850,347579,64,347750
46921,0.098259,172.31.40.0-255,66,347645,64,347750
46922,0.098287,172.31.40.0-255,105,347750,64,347750
46923,0.0,74.125.200.0-255,299,299,64,379257
46924,2.1e-05,172.31.40.0-255,66,365,64,379257
46925,2.8e-05,74.125.200.0-255,1484,1849,64,379257
46926,3.2e-05,172.31.40.0-255,66,1915,64,379257
46927,3.8e-05,74.125.200.0-255,4320,6235,64,379257
46928,4.2e-05,172.31.40.0-255,66,6301,64,379257
46929,5.5e-05,74.125.200.0-255,2902,9203,64,379257
46930,5.8e-05,172.31.40.0-255,66,9269,64,379257
46931,6.4e-05,74.125.200.0-255,4320,13589,64,379257
46932,6.7e-05,172.31.40.0-255,66,13655,64,379257
46933,0.00011,172.31.40.0-255,66,13721,64,379257
46934,0.000135,74.125.200.0-255,360,14081,64,379257
46935,0.000137,172.31.40.0-255,66,14147,64,379257
46936,0.000143,74.125.200.0-255,4320,18467,64,379257
46937,0.000145,172.31.40.0-255,66,18533,64,379257
46938,0.000192,74.125.200.0-255,3961,22494,64,379257
46939,0.000195,172.31.40.0-255,66,22560,64,379257
46940,0.000233,74.125.200.0-255,1484,24044,64,379257
46941,0.000236,172.31.40.0-255,66,24110,64,379257
46942,0.000252,74.125.200.0-255,2902,27012,64,379257
46943,0.000254,172.31.40.0-255,66,27078,64,379257
46944,0.000258,74.125.200.0-255,1484,28562,64,379257
46945,0.00026,172.31.40.0-255,66,28628,64,379257
46946,0.000263,74.125.200.0-255,1484,30112,64,379257
46947,0.000265,172.31.40.0-255,66,30178,64,379257
46948,0.000295,74.125.200.0-255,1484,31662,64,379257
46949,0.000298,172.31.40.0-255,66,31728,64,379257
46950,0.000305,74.125.200.0-255,5738,37466,64,379257
46951,0.000307,172.31.40.0-255,66,37532,64,379257
46952,0.000311,74.125.200.0-255,2543,40075,64,379257
46953,0.000313,172.31.40.0-255,66,40141,64,379257
46954,0.000337,74.125.200.0-255,2902,43043,64,379257
46955,0.00034,172.31.40.0-255,66,43109,64,379257
46956,0.000377,74.125.200.0-255,7156,50265,64,379257
46957,0.00038,172.31.40.0-255,66,50331,64,379257
46958,0.000384,74.125.200.0-255,2902,53233,64,379257
46959,0.000386,172.31.40.0-255,66,53299,64,379257
46960,0.000421,74.125.200.0-255,4236,57535,64,379257
46961,0.000424,172.31.40.0-255,66,57601,64,379257
46962,0.000458,74.125.200.0-255,132,57733,64,379257
46963,0.000813,74.125.200.0-255,1484,59217,64,379257
46964,0.000818,74.125.200.0-255,2902,62119,64,379257
46965,0.000829,172.31.40.0-255,66,62185,64,379257
46966,0.000832,172.31.40.0-255,66,62251,64,379257
46967,0.000858,74.125.200.0-255,4320,66571,64,379257
46968,0.000861,172.31.40.0-255,66,66637,64,379257
46969,0.0009,172.31.40.0-255,66,66703,64,379257
46970,0.000905,74.125.200.0-255,4320,71023,64,379257
46971,0.000908,172.31.40.0-255,66,71089,64,379257
46972,0.000946,74.125.200.0-255,4320,75409,64,379257
46973,0.000949,172.31.40.0-255,66,75475,64,379257
46974,0.000969,74.125.200.0-255,6797,82272,64,379257
46975,0.000972,172.31.40.0-255,66,82338,64,379257
46976,0.001578,74.125.200.0-255,1484,83822,64,379257
46977,0.001586,74.125.200.0-255,2902,86724,64,379257
46978,0.001591,172.31.40.0-255,66,86790,64,379257
46979,0.001596,74.125.200.0-255,2902,89692,64,379257
46980,0.001599,172.31.40.0-255,66,89758,64,379257
46981,0.001603,74.125.200.0-255,2902,92660,64,379257
46982,0.001605,172.31.40.0-255,66,92726,64,379257
46983,0.001639,74.125.200.0-255,1484,94210,64,379257
46984,0.001651,172.31.40.0-255,66,94276,64,379257
46985,0.001658,74.125.200.0-255,7156,101432,64,379257
46986,0.00166,172.31.40.0-255,66,101498,64,379257
46987,0.001697,74.125.200.0-255,2902,104400,64,379257
46988,0.0017,172.31.40.0-255,66,104466,64,379257
46989,0.001717,74.125.200.0-255,3602,108068,64,379257
46990,0.001719,172.31.40.0-255,66,108134,64,379257
46991,0.001878,74.125.200.0-255,1484,109618,64,379257
46992,0.001884,74.125.200.0-255,2902,112520,64,379257
46993,0.001888,172.31.40.0-255,66,112586,64,379257
46994,0.001895,74.125.200.0-255,5738,118324,64,379257
46995,0.001898,172.31.40.0-255,66,118390,64,379257
46996,0.001931,74.125.200.0-255,7156,125546,64,379257
46997,0.001934,172.31.40.0-255,66,125612,64,379257
46998,0.001977,172.31.40.0-255,66,125678,64,379257
46999,0.002001,74.125.200.0-255,2184,127862,64,379257
47000,0.002005,172.31.40.0-255,66,127928,64,379257
47001,0.002196,74.125.200.0-255,1484,129412,64,379257
47002,0.002201,74.125.200.0-255,1484,130896,64,379257
47003,0.002205,172.31.40.0-255,66,130962,64,379257
47004,0.002219,74.125.200.0-255,1484,132446,64,379257
47005,0.00223,74.125.200.0-255,5738,138184,64,379257
47006,0.002232,172.31.40.0-255,66,138250,64,379257
47007,0.002272,74.125.200.0-255,4320,142570,64,379257
47008,0.002275,172.31.40.0-255,66,142636,64,379257
47009,0.002297,74.125.200.0-255,7156,149792,64,379257
47010,0.0023,172.31.40.0-255,66,149858,64,379257
47011,0.002303,74.125.200.0-255,1484,151342,64,379257
47012,0.004543,74.125.200.0-255,4320,155662,64,379257
47013,0.004551,172.31.40.0-255,66,155728,64,379257
47014,0.006801,74.125.200.0-255,5738,161466,64,379257
47015,0.006809,172.31.40.0-255,66,161532,64,379257
47016,0.009084,74.125.200.0-255,5738,167270,64,379257
47017,0.009093,172.31.40.0-255,66,167336,64,379257
47018,0.011374,74.125.200.0-255,5738,173074,64,379257
47019,0.011382,172.31.40.0-255,66,173140,64,379257
47020,0.013641,74.125.200.0-255,5738,178878,64,379257
47021,0.013653,172.31.40.0-255,66,178944,64,379257
47022,0.015905,74.125.200.0-255,5738,184682,64,379257
47023,0.015913,172.31.40.0-255,66,184748,64,379257
47024,0.018166,74.125.200.0-255,5738,190486,64,379257
47025,0.018174,172.31.40.0-255,66,190552,64,379257
47026,0.020436,74.125.200.0-255,5738,196290,64,379257
47027,0.020444,172.31.40.0-255,66,196356,64,379257
47028,0.022692,74.125.200.0-255,5738,202094,64,379257
47029,0.022699,172.31.40.0-255,66,202160,64,379257
47030,0.024946,74.125.200.0-255,5738,207898,64,379257
47031,0.024952,172.31.40.0-255,66,207964,64,379257
47032,0.025752,172.31.40.0-255,167,208131,64,379257
47033,0.025801,172.31.40.0-255,1111,209242,64,379257
47034,0.025864,172.31.40.0-255,1514,210756,64,379257
47035,0.025869,172.31.40.0-255,1514,212270,64,379257
47036,0.025894,172.31.40.0-255,697,212967,64,379257
47037,0.027216,74.125.200.0-255,5738,218705,64,379257
47038,0.027228,172.31.40.0-255,66,218771,64,379257
47039,0.027275,104.244.42.0-255,66,218837,64,379257
47040,0.027364,104.244.42.0-255,66,218903,64,379257
47041,0.027412,104.244.42.0-255,66,218969,64,379257
47042,0.027417,104.244.42.0-255,66,219035,64,379257
47043,0.029484,74.125.200.0-255,5738,224773,64,379257
47044,0.029498,172.31.40.0-255,66,224839,64,379257
47045,0.031767,74.125.200.0-255,5738,230577,64,379257
47046,0.031782,172.31.40.0-255,66,230643,64,379257
47047,0.034031,74.125.200.0-255,5738,236381,64,379257
47048,0.034044,172.31.40.0-255,66,236447,64,379257
47049,0.036318,74.125.200.0-255,5738,242185,64,379257
47050,0.036336,172.31.40.0-255,66,242251,64,379257
47051,0.03859,74.125.200.0-255,5738,247989,64,379257
47052,0.038598,172.31.40.0-255,66,248055,64,379257
47053,0.040877,74.125.200.0-255,5738,253793,64,379257
47054,0.040894,172.31.40.0-255,66,253859,64,379257
47055,0.04317,74.125.200.0-255,5738,259597,64,379257
47056,0.043188,172.31.40.0-255,66,259663,64,379257
47057,0.04545,74.125.200.0-255,5738,265401,64,379257
47058,0.045464,172.31.40.0-255,66,265467,64,379257
47059,0.047718,74.125.200.0-255,5738,271205,64,379257
47060,0.047733,172.31.40.0-255,66,271271,64,379257
47061,0.049996,74.125.200.0-255,5738,277009,64,379257
47062,0.050012,172.31.40.0-255,66,277075,64,379257
47063,0.052286,74.125.200.0-255,5738,282813,64,379257
47064,0.052302,172.31.40.0-255,66,282879,64,379257
47065,0.054565,74.125.200.0-255,5738,288617,64,379257
47066,0.054582,172.31.40.0-255,66,288683,64,379257
47067,0.056872,74.125.200.0-255,5738,294421,64,379257
47068,0.05689,172.31.40.0-255,66,294487,64,379257
47069,0.059153,74.125.200.0-255,5738,300225,64,379257
47070,0.059168,172.31.40.0-255,66,300291,64,379257
47071,0.061431,74.125.200.0-255,5738,306029,64,379257
47072,0.061447,172.31.40.0-255,66,306095,64,379257
47073,0.063722,74.125.200.0-255,5738,311833,64,379257
47074,0.063739,172.31.40.0-255,66,311899,64,379257
47075,0.065987,74.125.200.0-255,5738,317637,64,379257
47076,0.065996,172.31.40.0-255,66,317703,64,379257
47077,0.068285,74.125.200.0-255,5738,323441,64,379257
47078,0.068303,172.31.40.0-255,66,323507,64,379257
47079,0.070665,74.125.200.0-255,5738,329245,64,379257
47080,0.07068,172.31.40.0-255,66,329311,64,379257
47081,0.072939,74.125.200.0-255,5738,335049,64,379257
47082,0.072955,172.31.40.0-255,66,335115,64,379257
47083,0.075237,74.125.200.0-255,5738,340853,64,379257
47084,0.075253,172.31.40.0-255,66,340919,64,379257
47085,0.077523,74.125.200.0-255,5738,346657,64,379257
47086,0.077539,172.31.40.0-255,66,346723,64,379257
47087,0.079817,74.125.200.0-255,5738,352461,64,379257
47088,0.079834,172.31.40.0-255,66,352527,64,379257
47089,0.0821,74.125.200.0-255,5738,358265,64,379257
47090,0.082111,172.31.40.0-255,66,358331,64,379257
47091,0.084412,74.125.200.0-255,5738,364069,64,379257
47092,0.08443,172.31.40.0-255,66,364135,64,379257
47093,0.086707,74.125.200.0-255,5738,369873,64,379257
47094,0.086716,172.31.40.0-255,66,369939,64,379257
47095,0.088977,74.125.200.0-255,5738,375677,64,379257
47096,0.088984,172.31.40.0-255,66,375743,64,379257
47097,0.091235,74.125.200.0-255,3277,379020,64,379257
47098,0.091243,172.31.40.0-255,66,379086,64,379257
47099,0.09143,172.31.40.0-255,105,379191,64,379257
47100,0.093653,74.125.200.0-255,66,379257,64,379257
47101,0.0,172.217.27.0-255,153,153,64,402991
47102,2.3e-05,172.31.40.0-255,66,219,64,402991
47103,3e-05,172.217.27.0-255,1484,1703,64,402991
47104,3.5e-05,172.31.40.0-255,66,1769,64,402991
47105,3.8e-05,172.217.27.0-255,1484,3253,64,402991
47106,4.8e-05,172.31.40.0-255,66,3319,64,402991
47107,5.5e-05,172.217.27.0-255,2902,6221,64,402991
47108,5.8e-05,172.31.40.0-255,66,6287,64,402991
47109,6.4e-05,172.217.27.0-255,5738,12025,64,402991
47110,6.7e-05,172.31.40.0-255,66,12091,64,402991
47111,7.2e-05,172.217.27.0-255,2119,14210,64,402991
47112,7.5e-05,172.31.40.0-255,66,14276,64,402991
47113,0.000286,172.217.27.0-255,1484,15760,64,402991
47114,0.000293,172.31.40.0-255,66,15826,64,402991
47115,0.000299,172.217.27.0-255,2902,18728,64,402991
47116,0.000301,172.31.40.0-255,66,18794,64,402991
47117,0.000329,172.217.27.0-255,1484,20278,64,402991
47118,0.000331,172.31.40.0-255,66,20344,64,402991
47119,0.000336,172.217.27.0-255,2902,23246,64,402991
47120,0.000339,172.31.40.0-255,66,23312,64,402991
47121,0.000348,172.217.27.0-255,4320,27632,64,402991
47122,0.00035,172.31.40.0-255,66,27698,64,402991
47123,0.000382,172.217.27.0-255,3961,31659,64,402991
47124,0.000385,172.31.40.0-255,66,31725,64,402991
47125,0.000721,172.217.27.0-255,1484,33209,64,402991
47126,0.000726,172.31.40.0-255,66,33275,64,402991
47127,0.00073,172.217.27.0-255,1484,34759,64,402991
47128,0.000732,172.31.40.0-255,66,34825,64,402991
47129,0.000754,172.217.27.0-255,2902,37727,64,402991
47130,0.000756,172.31.40.0-255,66,37793,64,402991
47131,0.000767,172.217.27.0-255,5738,43531,64,402991
47132,0.000769,172.31.40.0-255,66,43597,64,402991
47133,0.000788,172.217.27.0-255,1484,45081,64,402991
47134,0.000819,172.217.27.0-255,3961,49042,64,402991
47135,0.000822,172.31.40.0-255,66,49108,64,402991
47136,0.000828,172.217.27.0-255,5738,54846,64,402991
47137,0.00083,172.31.40.0-255,66,54912,64,402991
47138,0.00084,172.217.27.0-255,2902,57814,64,402991
47139,0.000842,172.31.40.0-255,66,57880,64,402991
47140,0.000882,172.31.40.0-255,66,57946,64,402991
47141,0.000884,172.217.27.0-255,394,58340,64,402991
47142,0.001185,172.31.40.0-255,66,58406,64,402991
47143,0.002522,172.217.27.0-255,4320,62726,64,402991
47144,0.00253,172.31.40.0-255,66,62792,64,402991
47145,0.002816,172.217.27.0-255,1484,64276,64,402991
47146,0.004163,172.217.27.0-255,2902,67178,64,402991
47147,0.004166,172.31.40.0-255,66,67244,64,402991
47148,0.004192,172.217.27.0-255,1484,68728,64,402991
47149,0.00579,172.217.27.0-255,2902,71630,64,402991
47150,0.005793,172.31.40.0-255,66,71696,64,402991
47151,0.005817,172.217.27.0-255,1484,73180,64,402991
47152,0.00744,172.217.27.0-255,4320,77500,64,402991
47153,0.007447,172.31.40.0-255,66,77566,64,402991
47154,0.009096,172.217.27.0-255,5738,83304,64,402991
47155,0.009103,172.31.40.0-255,66,83370,64,402991
47156,0.010743,172.217.27.0-255,5738,89108,64,402991
47157,0.01075,172.31.40.0-255,66,89174,64,402991
47158,0.012413,172.217.27.0-255,5738,94912,64,402991
47159,0.01242,172.31.40.0-255,66,94978,64,402991
47160,0.014056,172.217.27.0-255,5738,100716,64,402991
47161,0.014064,172.31.40.0-255,66,100782,64,402991
47162,0.015714,172.217.27.0-255,5738,106520,64,402991
47163,0.01572,172.31.40.0-255,66,106586,64,402991
47164,0.017364,172.217.27.0-255,5738,112324,64,402991
47165,0.017371,172.31.40.0-255,66,112390,64,402991
47166,0.019015,172.217.27.0-255,5738,118128,64,402991
47167,0.019023,172.31.40.0-255,66,118194,64,402991
47168,0.020663,172.217.27.0-255,5738,123932,64,402991
47169,0.02067,172.31.40.0-255,66,123998,64,402991
47170,0.02231,172.217.27.0-255,5738,129736,64,402991
47171,0.022316,172.31.40.0-255,66,129802,64,402991
47172,0.023289,172.31.40.0-255,172,129974,64,402991
47173,0.023321,172.31.40.0-255,1107,131081,64,402991
47174,0.02338,172.31.40.0-255,1514,132595,64,402991
47175,0.023381,172.31.40.0-255,1514,134109,64,402991
47176,0.023383,172.31.40.0-255,1514,135623,64,402991
47177,0.023384,172.31.40.0-255,120,135743,64,402991
47178,0.023973,172.217.27.0-255,5738,141481,64,402991
47179,0.023979,172.31.40.0-255,66,141547,64,402991
47180,0.024838,104.244.42.0-255,66,141613,64,402991
47181,0.024879,104.244.42.0-255,66,141679,64,402991
47182,0.024992,104.244.42.0-255,66,141745,64,402991
47183,0.024996,104.244.42.0-255,66,141811,64,402991
47184,0.025625,172.217.27.0-255,5738,147549,64,402991
47185,0.02563,172.31.40.0-255,66,147615,64,402991
47186,0.027283,172.217.27.0-255,5738,153353,64,402991
47187,0.027289,172.31.40.0-255,66,153419,64,402991
47188,0.028956,172.217.27.0-255,5738,159157,64,402991
47189,0.028966,172.31.40.0-255,66,159223,64,402991
47190,0.03061,172.217.27.0-255,5738,164961,64,402991
47191,0.030616,172.31.40.0-255,66,165027,64,402991
47192,0.032266,172.217.27.0-255,5738,170765,64,402991
47193,0.032274,172.31.40.0-255,66,170831,64,402991
47194,0.033938,172.217.27.0-255,5738,176569,64,402991
47195,0.033946,172.31.40.0-255,66,176635,64,402991
47196,0.035611,172.217.27.0-255,5738,182373,64,402991
47197,0.035616,172.31.40.0-255,66,182439,64,402991
47198,0.03726,172.217.27.0-255,5738,188177,64,402991
47199,0.037267,172.31.40.0-255,66,188243,64,402991
47200,0.038937,172.217.27.0-255,5738,193981,64,402991
47201,0.038943,172.31.40.0-255,66,194047,64,402991
47202,0.040596,172.217.27.0-255,5738,199785,64,402991
47203,0.040603,172.31.40.0-255,66,199851,64,402991
47204,0.042259,172.217.27.0-255,5738,205589,64,402991
47205,0.042266,172.31.40.0-255,66,205655,64,402991
47206,0.043919,172.217.27.0-255,5738,211393,64,402991
47207,0.043926,172.31.40.0-255,66,211459,64,402991
47208,0.045572,172.217.27.0-255,5738,217197,64,402991
47209,0.045582,172.31.40.0-255,66,217263,64,402991
47210,0.04723,172.217.27.0-255,5738,223001,64,402991
47211,0.047236,172.31.40.0-255,66,223067,64,402991
47212,0.048922,172.217.27.0-255,5738,228805,64,402991
47213,0.048928,172.31.40.0-255,66,228871,64,402991
47214,0.050579,172.217.27.0-255,5738,234609,64,402991
47215,0.050586,172.31.40.0-255,66,234675,64,402991
47216,0.052232,172.217.27.0-255,5738,240413,64,402991
47217,0.052239,172.31.40.0-255,66,240479,64,402991
47218,0.053885,172.217.27.0-255,5738,246217,64,402991
47219,0.053891,172.31.40.0-255,66,246283,64,402991
47220,0.055539,172.217.27.0-255,5738,252021,64,402991
47221,0.055557,172.31.40.0-255,66,252087,64,402991
47222,0.057207,172.217.27.0-255,5738,257825,64,402991
47223,0.057222,172.31.40.0-255,66,257891,64,402991
47224,0.058882,172.217.27.0-255,5738,263629,64,402991
47225,0.058896,172.31.40.0-255,66,263695,64,402991
47226,0.060544,172.217.27.0-255,5738,269433,64,402991
47227,0.060553,172.31.40.0-255,66,269499,64,402991
47228,0.062204,172.217.27.0-255,5738,275237,64,402991
47229,0.062211,172.31.40.0-255,66,275303,64,402991
47230,0.063882,172.217.27.0-255,5738,281041,64,402991
47231,0.063888,172.31.40.0-255,66,281107,64,402991
47232,0.065534,172.217.27.0-255,5738,286845,64,402991
47233,0.06554,172.31.40.0-255,66,286911,64,402991
47234,0.06719,172.217.27.0-255,5738,292649,64,402991
47235,0.067197,172.31.40.0-255,66,292715,64,402991
47236,0.068844,172.217.27.0-255,5738,298453,64,402991
47237,0.06885,172.31.40.0-255,66,298519,64,402991
47238,0.070497,172.217.27.0-255,5738,304257,64,402991
47239,0.070504,172.31.40.0-255,66,304323,64,402991
47240,0.072159,172.217.27.0-255,5738,310061,64,402991
47241,0.072166,172.31.40.0-255,66,310127,64,402991
47242,0.073814,172.217.27.0-255,5738,315865,64,402991
47243,0.07382,172.31.40.0-255,66,315931,64,402991
47244,0.075455,172.217.27.0-255,5738,321669,64,402991
47245,0.075462,172.31.40.0-255,66,321735,64,402991
47246,0.077108,172.217.27.0-255,5738,327473,64,402991
47247,0.077114,172.31.40.0-255,66,327539,64,402991
47248,0.078764,172.217.27.0-255,5738,333277,64,402991
47249,0.078771,172.31.40.0-255,66,333343,64,402991
47250,0.080417,172.217.27.0-255,5738,339081,64,402991
47251,0.080424,172.31.40.0-255,66,339147,64,402991
47252,0.082073,172.217.27.0-255,5738,344885,64,402991
47253,0.082079,172.31.40.0-255,66,344951,64,402991
47254,0.083728,172.217.27.0-255,5738,350689,64,402991
47255,0.083735,172.31.40.0-255,66,350755,64,402991
47256,0.08537,172.217.27.0-255,5738,356493,64,402991
47257,0.085377,172.31.40.0-255,66,356559,64,402991
47258,0.087021,172.217.27.0-255,5738,362297,64,402991
47259,0.087028,172.31.40.0-255,66,362363,64,402991
47260,0.088668,172.217.27.0-255,5738,368101,64,402991
47261,0.088674,172.31.40.0-255,66,368167,64,402991
47262,0.090311,172.217.27.0-255,5738,373905,64,402991
47263,0.090318,172.31.40.0-255,66,373971,64,402991
47264,0.091975,172.217.27.0-255,5738,379709,64,402991
47265,0.091981,172.31.40.0-255,66,379775,64,402991
47266,0.09363,172.217.27.0-255,5738,385513,64,402991
47267,0.093637,172.31.40.0-255,66,385579,64,402991
47268,0.095289,172.217.27.0-255,5738,391317,64,402991
47269,0.095296,172.31.40.0-255,66,391383,64,402991
47270,0.096943,172.217.27.0-255,5738,397121,64,402991
47271,0.09695,172.31.40.0-255,66,397187,64,402991
47272,0.098594,172.217.27.0-255,5738,402925,64,402991
47273,0.0986,172.31.40.0-255,66,402991,64,402991
47274,0.0,172.217.194.0-255,152,152,64,222839
47275,2.4e-05,172.31.40.0-255,66,218,64,222839
47276,3.1e-05,172.217.194.0-255,1484,1702,64,222839
47277,3.6e-05,172.31.40.0-255,66,1768,64,222839
47278,4.2e-05,172.217.194.0-255,2902,4670,64,222839
47279,4.6e-05,172.31.40.0-255,66,4736,64,222839
47280,6.1e-05,172.217.194.0-255,7156,11892,64,222839
47281,6.4e-05,172.31.40.0-255,66,11958,64,222839
47282,7.7e-05,172.31.40.0-255,66,12024,64,222839
47283,0.000125,172.31.40.0-255,66,12090,64,222839
47284,0.000161,172.217.194.0-255,2902,14992,64,222839
47285,0.000164,172.31.40.0-255,66,15058,64,222839
47286,0.000169,172.217.194.0-255,4320,19378,64,222839
47287,0.000171,172.31.40.0-255,66,19444,64,222839
47288,0.000177,172.217.194.0-255,4320,23764,64,222839
47289,0.000186,172.31.40.0-255,66,23830,64,222839
47290,0.000218,172.217.194.0-255,4320,28150,64,222839
47291,0.000221,172.31.40.0-255,66,28216,64,222839
47292,0.000235,172.31.40.0-255,66,28282,64,222839
47293,0.00026,172.217.194.0-255,5379,33661,64,222839
47294,0.000263,172.31.40.0-255,66,33727,64,222839
47295,0.000267,172.217.194.0-255,1713,35440,64,222839
47296,0.000269,172.31.40.0-255,66,35506,64,222839
47297,0.00045,172.217.194.0-255,1484,36990,64,222839
47298,0.000454,172.31.40.0-255,66,37056,64,222839
47299,0.00046,172.217.194.0-255,2902,39958,64,222839
47300,0.000464,172.31.40.0-255,66,40024,64,222839
47301,0.000468,172.217.194.0-255,2902,42926,64,222839
47302,0.000475,172.31.40.0-255,66,42992,64,222839
47303,0.000506,172.217.194.0-255,2902,45894,64,222839
47304,0.000509,172.31.40.0-255,66,45960,64,222839
47305,0.00052,172.31.40.0-255,66,46026,64,222839
47306,0.000567,172.31.40.0-255,66,46092,64,222839
47307,0.000587,172.217.194.0-255,3602,49694,64,222839
47308,0.000591,172.31.40.0-255,66,49760,64,222839
47309,0.000647,172.217.194.0-255,1484,51244,64,222839
47310,0.000654,172.217.194.0-255,2902,54146,64,222839
47311,0.000657,172.31.40.0-255,66,54212,64,222839
47312,0.000661,172.217.194.0-255,1484,55696,64,222839
47313,0.000693,172.217.194.0-255,4320,60016,64,222839
47314,0.000696,172.31.40.0-255,66,60082,64,222839
47315,0.000708,172.31.40.0-255,66,60148,64,222839
47316,0.000717,172.217.194.0-255,2902,63050,64,222839
47317,0.000721,172.31.40.0-255,66,63116,64,222839
47318,0.000777,172.31.40.0-255,66,63182,64,222839
47319,0.000781,172.217.194.0-255,1636,64818,64,222839
47320,0.000784,172.31.40.0-255,66,64884,64,222839
47321,0.000789,172.217.194.0-255,2902,67786,64,222839
47322,0.000791,172.31.40.0-255,66,67852,64,222839
47323,0.000795,172.217.194.0-255,2902,70754,64,222839
47324,0.000798,172.31.40.0-255,66,70820,64,222839
47325,0.000816,172.31.40.0-255,101,70921,64,222839
47326,0.000836,172.217.194.0-255,7156,78077,64,222839
47327,0.000838,172.217.194.0-255,1484,79561,64,222839
47328,0.000845,172.31.40.0-255,66,79627,64,222839
47329,0.000888,172.31.40.0-255,66,79693,64,222839
47330,0.000895,172.217.194.0-255,5020,84713,64,222839
47331,0.000897,172.31.40.0-255,66,84779,64,222839
47332,0.000934,172.217.194.0-255,1484,86263,64,222839
47333,0.000939,172.217.194.0-255,2902,89165,64,222839
47334,0.000941,172.31.40.0-255,66,89231,64,222839
47335,0.000976,172.217.194.0-255,5738,94969,64,222839
47336,0.000981,172.31.40.0-255,66,95035,64,222839
47337,0.001024,172.217.194.0-255,2902,97937,64,222839
47338,0.001027,172.31.40.0-255,66,98003,64,222839
47339,0.001055,172.217.194.0-255,2902,100905,64,222839
47340,0.001057,172.31.40.0-255,66,100971,64,222839
47341,0.001071,172.31.40.0-255,66,101037,64,222839
47342,0.001077,172.217.194.0-255,5020,106057,64,222839
47343,0.00108,172.31.40.0-255,66,106123,64,222839
47344,0.001083,172.217.194.0-255,1484,107607,64,222839
47345,0.001087,172.217.194.0-255,2902,110509,64,222839
47346,0.00109,172.31.40.0-255,66,110575,64,222839
47347,0.001092,172.217.194.0-255,1484,112059,64,222839
47348,0.001107,172.217.194.0-255,4320,116379,64,222839
47349,0.00111,172.31.40.0-255,66,116445,64,222839
47350,0.001117,172.217.194.0-255,5738,122183,64,222839
47351,0.00112,172.31.40.0-255,66,122249,64,222839
47352,0.001126,172.217.194.0-255,1484,123733,64,222839
47353,0.001173,172.31.40.0-255,66,123799,64,222839
47354,0.001179,172.217.194.0-255,5020,128819,64,222839
47355,0.001182,172.31.40.0-255,66,128885,64,222839
47356,0.001217,172.217.194.0-255,1484,130369,64,222839
47357,0.001247,172.217.194.0-255,2902,133271,64,222839
47358,0.00125,172.31.40.0-255,66,133337,64,222839
47359,0.001257,172.217.194.0-255,5738,139075,64,222839
47360,0.00126,172.31.40.0-255,66,139141,64,222839
47361,0.001265,172.217.194.0-255,4320,143461,64,222839
47362,0.001296,172.217.194.0-255,2902,146363,64,222839
47363,0.0013,172.217.194.0-255,1484,147847,64,222839
47364,0.00131,172.31.40.0-255,66,147913,64,222839
47365,0.00134,172.217.194.0-255,2184,150097,64,222839
47366,0.001361,172.31.40.0-255,66,150163,64,222839
47367,0.001457,172.217.194.0-255,1484,151647,64,222839
47368,0.001463,172.217.194.0-255,2902,154549,64,222839
47369,0.001469,172.217.194.0-255,2902,157451,64,222839
47370,0.001478,172.31.40.0-255,66,157517,64,222839
47371,0.001488,172.217.194.0-255,2902,160419,64,222839
47372,0.001526,172.31.40.0-255,66,160485,64,222839
47373,0.001552,172.31.40.0-255,66,160551,64,222839
47374,0.001582,172.31.40.0-255,66,160617,64,222839
47375,0.001593,172.217.194.0-255,2902,163519,64,222839
47376,0.001668,172.217.194.0-255,6438,169957,64,222839
47377,0.001701,172.217.194.0-255,5738,175695,64,222839
47378,0.001756,172.217.194.0-255,7156,182851,64,222839
47379,0.001782,172.217.194.0-255,766,183617,64,222839
47380,0.00183,172.217.194.0-255,1484,185101,64,222839
47381,0.001834,172.217.194.0-255,2902,188003,64,222839
47382,0.00184,172.217.194.0-255,4320,192323,64,222839
47383,0.001852,172.217.194.0-255,1484,193807,64,222839
47384,0.001867,172.217.194.0-255,2902,196709,64,222839
47385,0.001883,172.217.194.0-255,4320,201029,64,222839
47386,0.001975,172.217.194.0-255,5738,206767,64,222839
47387,0.001979,172.217.194.0-255,2184,208951,64,222839
47388,0.001992,172.217.194.0-255,2902,211853,64,222839
47389,0.002016,172.217.194.0-255,6286,218139,64,222839
47390,0.002019,172.217.194.0-255,105,218244,64,222839
47391,0.002446,172.31.40.0-255,66,218310,64,222839
47392,0.00303,172.217.194.0-255,66,218376,64,222839
47393,0.004931,172.31.40.0-255,105,218481,64,222839
47394,0.007158,172.217.194.0-255,66,218547,64,222839
47395,0.030478,172.31.40.0-255,172,218719,64,222839
47396,0.030511,172.31.40.0-255,1112,219831,64,222839
47397,0.030572,172.31.40.0-255,1514,221345,64,222839
47398,0.030573,172.31.40.0-255,1296,222641,64,222839
47399,0.032059,104.244.42.0-255,66,222707,64,222839
47400,0.032097,104.244.42.0-255,66,222773,64,222839
47401,0.032165,104.244.42.0-255,66,222839,64,222839
47402,0.0,74.125.200.0-255,143,143,64,385742
47403,2.3e-05,172.31.40.0-255,66,209,64,385742
47404,3.1e-05,74.125.200.0-255,1484,1693,64,385742
47405,3.6e-05,172.31.40.0-255,66,1759,64,385742
47406,4.2e-05,74.125.200.0-255,2902,4661,64,385742
47407,4.6e-05,172.31.40.0-255,66,4727,64,385742
47408,5.3e-05,74.125.200.0-255,7156,11883,64,385742
47409,6.3e-05,172.31.40.0-255,66,11949,64,385742
47410,6.8e-05,74.125.200.0-255,1992,13941,64,385742
47411,7.1e-05,172.31.40.0-255,66,14007,64,385742
47412,0.000128,74.125.200.0-255,1484,15491,64,385742
47413,0.000131,172.31.40.0-255,66,15557,64,385742
47414,0.000136,74.125.200.0-255,2902,18459,64,385742
47415,0.000139,172.31.40.0-255,66,18525,64,385742
47416,0.000142,74.125.200.0-255,1484,20009,64,385742
47417,0.000144,172.31.40.0-255,66,20075,64,385742
47418,0.000179,74.125.200.0-255,4320,24395,64,385742
47419,0.000182,172.31.40.0-255,66,24461,64,385742
47420,0.000195,74.125.200.0-255,5738,30199,64,385742
47421,0.000197,172.31.40.0-255,66,30265,64,385742
47422,0.0002,74.125.200.0-255,1125,31390,64,385742
47423,0.000202,172.31.40.0-255,66,31456,64,385742
47424,0.000283,74.125.200.0-255,1484,32940,64,385742
47425,0.000286,172.31.40.0-255,66,33006,64,385742
47426,0.000308,74.125.200.0-255,2902,35908,64,385742
47427,0.000311,172.31.40.0-255,66,35974,64,385742
47428,0.000317,74.125.200.0-255,4320,40294,64,385742
47429,0.000319,172.31.40.0-255,66,40360,64,385742
47430,0.000322,74.125.200.0-255,1484,41844,64,385742
47431,0.000324,172.31.40.0-255,66,41910,64,385742
47432,0.00035,74.125.200.0-255,4320,46230,64,385742
47433,0.000353,172.31.40.0-255,66,46296,64,385742
47434,0.000356,74.125.200.0-255,1484,47780,64,385742
47435,0.000398,172.31.40.0-255,66,47846,64,385742
47436,0.000425,74.125.200.0-255,5738,53584,64,385742
47437,0.000429,172.31.40.0-255,66,53650,64,385742
47438,0.000457,74.125.200.0-255,1125,54775,64,385742
47439,0.00046,74.125.200.0-255,411,55186,64,385742
47440,0.000692,74.125.200.0-255,332,55518,64,385742
47441,0.000697,172.31.40.0-255,66,55584,64,385742
47442,0.001125,74.125.200.0-255,1484,57068,64,385742
47443,0.001132,74.125.200.0-255,2902,59970,64,385742
47444,0.001136,172.31.40.0-255,66,60036,64,385742
47445,0.001171,74.125.200.0-255,5738,65774,64,385742
47446,0.001174,172.31.40.0-255,66,65840,64,385742
47447,0.001177,74.125.200.0-255,1484,67324,64,385742
47448,0.001202,74.125.200.0-255,5738,73062,64,385742
47449,0.001205,172.31.40.0-255,66,73128,64,385742
47450,0.001208,74.125.200.0-255,1484,74612,64,385742
47451,0.00124,74.125.200.0-255,7156,81768,64,385742
47452,0.001243,172.31.40.0-255,66,81834,64,385742
47453,0.001249,74.125.200.0-255,7156,88990,64,385742
47454,0.001252,172.31.40.0-255,66,89056,64,385742
47455,0.001254,74.125.200.0-255,766,89822,64,385742
47456,0.001524,172.31.40.0-255,66,89888,64,385742
47457,0.001825,74.125.200.0-255,1484,91372,64,385742
47458,0.001834,74.125.200.0-255,1484,92856,64,385742
47459,0.001838,172.31.40.0-255,66,92922,64,385742
47460,0.001875,74.125.200.0-255,1484,94406,64,385742
47461,0.001881,74.125.200.0-255,4320,98726,64,385742
47462,0.001884,172.31.40.0-255,66,98792,64,385742
47463,0.001891,74.125.200.0-255,5738,104530,64,385742
47464,0.001893,172.31.40.0-255,66,104596,64,385742
47465,0.001912,74.125.200.0-255,2902,107498,64,385742
47466,0.001915,172.31.40.0-255,66,107564,64,385742
47467,0.001918,74.125.200.0-255,1484,109048,64,385742
47468,0.001932,74.125.200.0-255,2902,111950,64,385742
47469,0.001938,172.31.40.0-255,66,112016,64,385742
47470,0.001975,172.31.40.0-255,66,112082,64,385742
47471,0.001982,74.125.200.0-255,3602,115684,64,385742
47472,0.001984,172.31.40.0-255,66,115750,64,385742
47473,0.004038,74.125.200.0-255,1484,117234,64,385742
47474,0.004056,74.125.200.0-255,4320,121554,64,385742
47475,0.00406,172.31.40.0-255,66,121620,64,385742
47476,0.006142,74.125.200.0-255,5738,127358,64,385742
47477,0.006146,172.31.40.0-255,66,127424,64,385742
47478,0.008235,74.125.200.0-255,5738,133162,64,385742
47479,0.008244,172.31.40.0-255,66,133228,64,385742
47480,0.01033,74.125.200.0-255,5738,138966,64,385742
47481,0.010344,172.31.40.0-255,66,139032,64,385742
47482,0.012438,74.125.200.0-255,5738,144770,64,385742
47483,0.01245,172.31.40.0-255,66,144836,64,385742
47484,0.014533,74.125.200.0-255,5738,150574,64,385742
47485,0.014543,172.31.40.0-255,66,150640,64,385742
47486,0.016641,74.125.200.0-255,5738,156378,64,385742
47487,0.016653,172.31.40.0-255,66,156444,64,385742
47488,0.018731,74.125.200.0-255,5738,162182,64,385742
47489,0.01874,172.31.40.0-255,66,162248,64,385742
47490,0.020859,74.125.200.0-255,5738,167986,64,385742
47491,0.02087,172.31.40.0-255,66,168052,64,385742
47492,0.022944,74.125.200.0-255,5738,173790,64,385742
47493,0.022953,172.31.40.0-255,66,173856,64,385742
47494,0.02507,74.125.200.0-255,5738,179594,64,385742
47495,0.025078,172.31.40.0-255,66,179660,64,385742
47496,0.027163,74.125.200.0-255,5738,185398,64,385742
47497,0.02717,172.31.40.0-255,66,185464,64,385742
47498,0.027251,172.31.40.0-255,172,185636,64,385742
47499,0.027277,172.31.40.0-255,1112,186748,64,385742
47500,0.027326,172.31.40.0-255,1514,188262,64,385742
47501,0.027327,172.31.40.0-255,1298,189560,64,385742
47502,0.028785,104.244.42.0-255,66,189626,64,385742
47503,0.028836,104.244.42.0-255,66,189692,64,385742
47504,0.028885,104.244.42.0-255,66,189758,64,385742
47505,0.02925,74.125.200.0-255,5738,195496,64,385742
47506,0.029257,172.31.40.0-255,66,195562,64,385742
47507,0.031339,74.125.200.0-255,5738,201300,64,385742
47508,0.031347,172.31.40.0-255,66,201366,64,385742
47509,0.033436,74.125.200.0-255,5738,207104,64,385742
47510,0.033442,172.31.40.0-255,66,207170,64,385742
47511,0.035538,74.125.200.0-255,5738,212908,64,385742
47512,0.035545,172.31.40.0-255,66,212974,64,385742
47513,0.037627,74.125.200.0-255,5738,218712,64,385742
47514,0.037634,172.31.40.0-255,66,218778,64,385742
47515,0.039724,74.125.200.0-255,5738,224516,64,385742
47516,0.039731,172.31.40.0-255,66,224582,64,385742
47517,0.041817,74.125.200.0-255,5738,230320,64,385742
47518,0.041827,172.31.40.0-255,66,230386,64,385742
47519,0.043925,74.125.200.0-255,5738,236124,64,385742
47520,0.043932,172.31.40.0-255,66,236190,64,385742
47521,0.046002,74.125.200.0-255,4320,240510,64,385742
47522,0.046011,172.31.40.0-255,66,240576,64,385742
47523,0.046038,74.125.200.0-255,1484,242060,64,385742
47524,0.048102,74.125.200.0-255,4320,246380,64,385742
47525,0.04811,172.31.40.0-255,66,246446,64,385742
47526,0.050207,74.125.200.0-255,5738,252184,64,385742
47527,0.050214,172.31.40.0-255,66,252250,64,385742
47528,0.0523,74.125.200.0-255,5738,257988,64,385742
47529,0.052307,172.31.40.0-255,66,258054,64,385742
47530,0.054394,74.125.200.0-255,5738,263792,64,385742
47531,0.0544,172.31.40.0-255,66,263858,64,385742
47532,0.056497,74.125.200.0-255,5738,269596,64,385742
47533,0.056504,172.31.40.0-255,66,269662,64,385742
47534,0.058595,74.125.200.0-255,5738,275400,64,385742
47535,0.058602,172.31.40.0-255,66,275466,64,385742
47536,0.060687,74.125.200.0-255,5738,281204,64,385742
47537,0.060694,172.31.40.0-255,66,281270,64,385742
47538,0.062769,74.125.200.0-255,5738,287008,64,385742
47539,0.062776,172.31.40.0-255,66,287074,64,385742
47540,0.064855,74.125.200.0-255,5738,292812,64,385742
47541,0.064861,172.31.40.0-255,66,292878,64,385742
47542,0.066943,74.125.200.0-255,5738,298616,64,385742
47543,0.066948,172.31.40.0-255,66,298682,64,385742
47544,0.069036,74.125.200.0-255,5738,304420,64,385742
47545,0.069042,172.31.40.0-255,66,304486,64,385742
47546,0.07113,74.125.200.0-255,5738,310224,64,385742
47547,0.071137,172.31.40.0-255,66,310290,64,385742
47548,0.07323,74.125.200.0-255,5738,316028,64,385742
47549,0.073237,172.31.40.0-255,66,316094,64,385742
47550,0.075334,74.125.200.0-255,5738,321832,64,385742
47551,0.07534,172.31.40.0-255,66,321898,64,385742
47552,0.077426,74.125.200.0-255,5738,327636,64,385742
47553,0.077433,172.31.40.0-255,66,327702,64,385742
47554,0.079515,74.125.200.0-255,5738,333440,64,385742
47555,0.079527,172.31.40.0-255,66,333506,64,385742
47556,0.081616,74.125.200.0-255,5738,339244,64,385742
47557,0.081622,172.31.40.0-255,66,339310,64,385742
47558,0.083707,74.125.200.0-255,5738,345048,64,385742
47559,0.083714,172.31.40.0-255,66,345114,64,385742
47560,0.085805,74.125.200.0-255,5738,350852,64,385742
47561,0.085816,172.31.40.0-255,66,350918,64,385742
47562,0.087908,74.125.200.0-255,5738,356656,64,385742
47563,0.087915,172.31.40.0-255,66,356722,64,385742
47564,0.090007,74.125.200.0-255,5738,362460,64,385742
47565,0.090014,172.31.40.0-255,66,362526,64,385742
47566,0.092093,74.125.200.0-255,5738,368264,64,385742
47567,0.0921,172.31.40.0-255,66,368330,64,385742
47568,0.094229,74.125.200.0-255,5738,374068,64,385742
47569,0.094236,172.31.40.0-255,66,374134,64,385742
47570,0.096307,74.125.200.0-255,5738,379872,64,385742
47571,0.096316,172.31.40.0-255,66,379938,64,385742
47572,0.098402,74.125.200.0-255,5738,385676,64,385742
47573,0.09841,172.31.40.0-255,66,385742,64,385742
47574,0.0,172.217.24.0-255,153,153,64,406106
47575,2.2e-05,172.31.40.0-255,66,219,64,406106
47576,2.9e-05,172.217.24.0-255,1484,1703,64,406106
47577,3.4e-05,172.31.40.0-255,66,1769,64,406106
47578,3.9e-05,172.217.24.0-255,2902,4671,64,406106
47579,4.1e-05,172.31.40.0-255,66,4737,64,406106
47580,4.5e-05,172.217.24.0-255,2902,7639,64,406106
47581,4.7e-05,172.31.40.0-255,66,7705,64,406106
47582,8.1e-05,172.217.24.0-255,4320,12025,64,406106
47583,8.3e-05,172.31.40.0-255,66,12091,64,406106
47584,0.000105,172.217.24.0-255,2001,14092,64,406106
47585,0.000107,172.31.40.0-255,66,14158,64,406106
47586,0.000324,172.217.24.0-255,1484,15642,64,406106
47587,0.000329,172.31.40.0-255,66,15708,64,406106
47588,0.000335,172.217.24.0-255,2902,18610,64,406106
47589,0.000337,172.31.40.0-255,66,18676,64,406106
47590,0.000355,172.217.24.0-255,4320,22996,64,406106
47591,0.000358,172.31.40.0-255,66,23062,64,406106
47592,0.000387,172.217.24.0-255,4320,27382,64,406106
47593,0.00039,172.31.40.0-255,66,27448,64,406106
47594,0.000417,172.217.24.0-255,3961,31409,64,406106
47595,0.00042,172.31.40.0-255,66,31475,64,406106
47596,0.000502,172.217.24.0-255,1484,32959,64,406106
47597,0.000505,172.31.40.0-255,66,33025,64,406106
47598,0.00051,172.217.24.0-255,2902,35927,64,406106
47599,0.000512,172.31.40.0-255,66,35993,64,406106
47600,0.000543,172.217.24.0-255,5738,41731,64,406106
47601,0.000546,172.31.40.0-255,66,41797,64,406106
47602,0.000552,172.217.24.0-255,6797,48594,64,406106
47603,0.000554,172.31.40.0-255,66,48660,64,406106
47604,0.000902,172.217.24.0-255,1484,50144,64,406106
47605,0.000909,172.31.40.0-255,66,50210,64,406106
47606,0.000918,172.217.24.0-255,2902,53112,64,406106
47607,0.00093,172.217.24.0-255,5738,58850,64,406106
47608,0.000963,172.217.24.0-255,4320,63170,64,406106
47609,0.000976,172.217.24.0-255,2543,65713,64,406106
47610,0.000991,172.217.24.0-255,393,66106,64,406106
47611,0.001323,172.217.24.0-255,1484,67590,64,406106
47612,0.001331,172.217.24.0-255,2902,70492,64,406106
47613,0.001337,172.217.24.0-255,4320,74812,64,406106
47614,0.001352,172.217.24.0-255,1484,76296,64,406106
47615,0.001376,172.217.24.0-255,4320,80616,64,406106
47616,0.001392,172.217.24.0-255,3961,84577,64,406106
47617,0.00141,172.217.24.0-255,1484,86061,64,406106
47618,0.001425,172.217.24.0-255,5083,91144,64,406106
47619,0.00144,172.217.24.0-255,645,91789,64,406106
47620,0.001469,172.217.24.0-255,1484,93273,64,406106
47621,0.001487,172.217.24.0-255,4320,97593,64,406106
47622,0.001503,172.217.24.0-255,2902,100495,64,406106
47623,0.001519,172.217.24.0-255,7156,107651,64,406106
47624,0.001522,172.217.24.0-255,460,108111,64,406106
47625,0.001878,172.217.24.0-255,1484,109595,64,406106
47626,0.001887,172.217.24.0-255,2902,112497,64,406106
47627,0.001893,172.217.24.0-255,4320,116817,64,406106
47628,0.001909,172.217.24.0-255,1484,118301,64,406106
47629,0.001916,172.217.24.0-255,2902,121203,64,406106
47630,0.001928,172.217.24.0-255,4657,125860,64,406106
47631,0.003776,172.31.40.0-255,66,125926,64,406106
47632,0.005734,172.217.24.0-255,4320,130246,64,406106
47633,0.00574,172.31.40.0-255,66,130312,64,406106
47634,0.00577,172.217.24.0-255,1484,131796,64,406106
47635,0.007679,172.217.24.0-255,4320,136116,64,406106
47636,0.007686,172.31.40.0-255,66,136182,64,406106
47637,0.009629,172.217.24.0-255,5738,141920,64,406106
47638,0.010248,172.31.40.0-255,66,141986,64,406106
47639,0.012189,172.217.24.0-255,5738,147724,64,406106
47640,0.012197,172.31.40.0-255,66,147790,64,406106
47641,0.014143,172.217.24.0-255,5738,153528,64,406106
47642,0.014152,172.31.40.0-255,66,153594,64,406106
47643,0.016138,172.217.24.0-255,5738,159332,64,406106
47644,0.016146,172.31.40.0-255,66,159398,64,406106
47645,0.018086,172.217.24.0-255,5738,165136,64,406106
47646,0.018092,172.31.40.0-255,66,165202,64,406106
47647,0.020034,172.217.24.0-255,5738,170940,64,406106
47648,0.020041,172.31.40.0-255,66,171006,64,406106
47649,0.021987,172.217.24.0-255,5738,176744,64,406106
47650,0.021995,172.31.40.0-255,66,176810,64,406106
47651,0.023941,172.217.24.0-255,5738,182548,64,406106
47652,0.023949,172.31.40.0-255,66,182614,64,406106
47653,0.025897,172.217.24.0-255,5738,188352,64,406106
47654,0.025904,172.31.40.0-255,66,188418,64,406106
47655,0.027846,172.217.24.0-255,5738,194156,64,406106
47656,0.027853,172.31.40.0-255,66,194222,64,406106
47657,0.028419,172.31.40.0-255,172,194394,64,406106
47658,0.028451,172.31.40.0-255,1111,195505,64,406106
47659,0.02851,172.31.40.0-255,1514,197019,64,406106
47660,0.028512,172.31.40.0-255,1297,198316,64,406106
47661,0.029801,172.217.24.0-255,5738,204054,64,406106
47662,0.029807,172.31.40.0-255,66,204120,64,406106
47663,0.029942,104.244.42.0-255,66,204186,64,406106
47664,0.029994,104.244.42.0-255,66,204252,64,406106
47665,0.030046,104.244.42.0-255,66,204318,64,406106
47666,0.031762,172.217.24.0-255,5738,210056,64,406106
47667,0.031768,172.31.40.0-255,66,210122,64,406106
47668,0.033713,172.217.24.0-255,5738,215860,64,406106
47669,0.033722,172.31.40.0-255,66,215926,64,406106
47670,0.035692,172.217.24.0-255,5738,221664,64,406106
47671,0.035698,172.31.40.0-255,66,221730,64,406106
47672,0.03766,172.217.24.0-255,5738,227468,64,406106
47673,0.037666,172.31.40.0-255,66,227534,64,406106
47674,0.039611,172.217.24.0-255,5738,233272,64,406106
47675,0.039616,172.31.40.0-255,66,233338,64,406106
47676,0.041559,172.217.24.0-255,5738,239076,64,406106
47677,0.041566,172.31.40.0-255,66,239142,64,406106
47678,0.043522,172.217.24.0-255,5738,244880,64,406106
47679,0.043529,172.31.40.0-255,66,244946,64,406106
47680,0.045476,172.217.24.0-255,5738,250684,64,406106
47681,0.045481,172.31.40.0-255,66,250750,64,406106
47682,0.047423,172.217.24.0-255,5738,256488,64,406106
47683,0.04743,172.31.40.0-255,66,256554,64,406106
47684,0.049366,172.217.24.0-255,5738,262292,64,406106
47685,0.049373,172.31.40.0-255,66,262358,64,406106
47686,0.051354,172.217.24.0-255,5738,268096,64,406106
47687,0.051361,172.31.40.0-255,66,268162,64,406106
47688,0.053302,172.217.24.0-255,5738,273900,64,406106
47689,0.053309,172.31.40.0-255,66,273966,64,406106
47690,0.055278,172.217.24.0-255,5738,279704,64,406106
47691,0.055283,172.31.40.0-255,66,279770,64,406106
47692,0.057232,172.217.24.0-255,5738,285508,64,406106
47693,0.057238,172.31.40.0-255,66,285574,64,406106
47694,0.059192,172.217.24.0-255,5738,291312,64,406106
47695,0.059199,172.31.40.0-255,66,291378,64,406106
47696,0.061149,172.217.24.0-255,5738,297116,64,406106
47697,0.061155,172.31.40.0-255,66,297182,64,406106
47698,0.063112,172.217.24.0-255,5738,302920,64,406106
47699,0.063119,172.31.40.0-255,66,302986,64,406106
47700,0.065058,172.217.24.0-255,5738,308724,64,406106
47701,0.065065,172.31.40.0-255,66,308790,64,406106
47702,0.067019,172.217.24.0-255,5738,314528,64,406106
47703,0.067025,172.31.40.0-255,66,314594,64,406106
47704,0.06897,172.217.24.0-255,5738,320332,64,406106
47705,0.068976,172.31.40.0-255,66,320398,64,406106
47706,0.070909,172.217.24.0-255,5738,326136,64,406106
47707,0.070915,172.31.40.0-255,66,326202,64,406106
47708,0.072863,172.217.24.0-255,5738,331940,64,406106
47709,0.072871,172.31.40.0-255,66,332006,64,406106
47710,0.074815,172.217.24.0-255,4320,336326,64,406106
47711,0.074822,172.31.40.0-255,66,336392,64,406106
47712,0.07485,172.217.24.0-255,1484,337876,64,406106
47713,0.076775,172.217.24.0-255,4320,342196,64,406106
47714,0.076782,172.31.40.0-255,66,342262,64,406106
47715,0.078767,172.217.24.0-255,5738,348000,64,406106
47716,0.078821,172.31.40.0-255,66,348066,64,406106
47717,0.080774,172.217.24.0-255,5738,353804,64,406106
47718,0.080779,172.31.40.0-255,66,353870,64,406106
47719,0.082741,172.217.24.0-255,5738,359608,64,406106
47720,0.082748,172.31.40.0-255,66,359674,64,406106
47721,0.084686,172.217.24.0-255,5738,365412,64,406106
47722,0.084691,172.31.40.0-255,66,365478,64,406106
47723,0.086644,172.217.24.0-255,5738,371216,64,406106
47724,0.08665,172.31.40.0-255,66,371282,64,406106
47725,0.08859,172.217.24.0-255,5738,377020,64,406106
47726,0.088595,172.31.40.0-255,66,377086,64,406106
47727,0.090542,172.217.24.0-255,5738,382824,64,406106
47728,0.090547,172.31.40.0-255,66,382890,64,406106
47729,0.092506,172.217.24.0-255,5738,388628,64,406106
47730,0.092516,172.31.40.0-255,66,388694,64,406106
47731,0.094471,172.217.24.0-255,5738,394432,64,406106
47732,0.094477,172.31.40.0-255,66,394498,64,406106
47733,0.096426,172.217.24.0-255,5738,400236,64,406106
47734,0.096431,172.31.40.0-255,66,400302,64,406106
47735,0.098385,172.217.24.0-255,5738,406040,64,406106
47736,0.09839,172.31.40.0-255,66,406106,64,406106
47737,0.0,74.125.68.0-255,153,153,64,364688
47738,2.3e-05,172.31.40.0-255,66,219,64,364688
47739,9.3e-05,74.125.68.0-255,1484,1703,64,364688
47740,9.8e-05,172.31.40.0-255,66,1769,64,364688
47741,0.000104,74.125.68.0-255,2902,4671,64,364688
47742,0.000108,172.31.40.0-255,66,4737,64,364688
47743,0.00012,74.125.68.0-255,5738,10475,64,364688
47744,0.000123,172.31.40.0-255,66,10541,64,364688
47745,0.000159,74.125.68.0-255,4880,15421,64,364688
47746,0.000162,172.31.40.0-255,66,15487,64,364688
47747,0.000168,74.125.68.0-255,4320,19807,64,364688
47748,0.00017,172.31.40.0-255,66,19873,64,364688
47749,0.000195,74.125.68.0-255,1484,21357,64,364688
47750,0.000197,172.31.40.0-255,66,21423,64,364688
47751,0.000213,172.31.40.0-255,66,21489,64,364688
47752,0.000232,74.125.68.0-255,1125,22614,64,364688
47753,0.000234,172.31.40.0-255,66,22680,64,364688
47754,0.000385,74.125.68.0-255,1484,24164,64,364688
47755,0.000391,172.31.40.0-255,66,24230,64,364688
47756,0.000396,74.125.68.0-255,2902,27132,64,364688
47757,0.000399,172.31.40.0-255,66,27198,64,364688
47758,0.000401,74.125.68.0-255,1484,28682,64,364688
47759,0.000403,172.31.40.0-255,66,28748,64,364688
47760,0.000437,74.125.68.0-255,2902,31650,64,364688
47761,0.00044,172.31.40.0-255,66,31716,64,364688
47762,0.000447,74.125.68.0-255,5738,37454,64,364688
47763,0.000449,172.31.40.0-255,66,37520,64,364688
47764,0.000473,74.125.68.0-255,3961,41481,64,364688
47765,0.000476,172.31.40.0-255,66,41547,64,364688
47766,0.000487,172.31.40.0-255,66,41613,64,364688
47767,0.00049,74.125.68.0-255,1484,43097,64,364688
47768,0.000514,74.125.68.0-255,3961,47058,64,364688
47769,0.000517,172.31.40.0-255,66,47124,64,364688
47770,0.00052,74.125.68.0-255,647,47771,64,364688
47771,0.001051,172.31.40.0-255,66,47837,64,364688
47772,0.001098,74.125.68.0-255,1484,49321,64,364688
47773,0.001113,74.125.68.0-255,2902,52223,64,364688
47774,0.001115,172.31.40.0-255,66,52289,64,364688
47775,0.001119,74.125.68.0-255,1484,53773,64,364688
47776,0.001142,74.125.68.0-255,4320,58093,64,364688
47777,0.001144,172.31.40.0-255,66,58159,64,364688
47778,0.001149,74.125.68.0-255,2902,61061,64,364688
47779,0.00115,172.31.40.0-255,66,61127,64,364688
47780,0.001171,74.125.68.0-255,4320,65447,64,364688
47781,0.001173,172.31.40.0-255,66,65513,64,364688
47782,0.001184,74.125.68.0-255,5738,71251,64,364688
47783,0.001186,172.31.40.0-255,66,71317,64,364688
47784,0.001212,74.125.68.0-255,2902,74219,64,364688
47785,0.001214,172.31.40.0-255,66,74285,64,364688
47786,0.001225,172.31.40.0-255,66,74351,64,364688
47787,0.001907,74.125.68.0-255,1484,75835,64,364688
47788,0.001918,74.125.68.0-255,2902,78737,64,364688
47789,0.001922,172.31.40.0-255,66,78803,64,364688
47790,0.001927,74.125.68.0-255,1484,80287,64,364688
47791,0.00193,74.125.68.0-255,1484,81771,64,364688
47792,0.001932,172.31.40.0-255,66,81837,64,364688
47793,0.001948,74.125.68.0-255,1484,83321,64,364688
47794,0.001951,74.125.68.0-255,1484,84805,64,364688
47795,0.001953,172.31.40.0-255,66,84871,64,364688
47796,0.001983,74.125.68.0-255,4320,89191,64,364688
47797,0.001985,172.31.40.0-255,66,89257,64,364688
47798,0.00199,74.125.68.0-255,2902,92159,64,364688
47799,0.001991,172.31.40.0-255,66,92225,64,364688
47800,0.001997,74.125.68.0-255,4320,96545,64,364688
47801,0.002005,172.31.40.0-255,66,96611,64,364688
47802,0.00204,172.31.40.0-255,66,96677,64,364688
47803,0.002085,74.125.68.0-255,3602,100279,64,364688
47804,0.002088,172.31.40.0-255,66,100345,64,364688
47805,0.002313,74.125.68.0-255,1484,101829,64,364688
47806,0.002327,74.125.68.0-255,2902,104731,64,364688
47807,0.00233,172.31.40.0-255,66,104797,64,364688
47808,0.002335,74.125.68.0-255,2902,107699,64,364688
47809,0.002337,172.31.40.0-255,66,107765,64,364688
47810,0.002355,74.125.68.0-255,1484,109249,64,364688
47811,0.002391,74.125.68.0-255,5738,114987,64,364688
47812,0.002393,172.31.40.0-255,66,115053,64,364688
47813,0.002412,74.125.68.0-255,2902,117955,64,364688
47814,0.002415,172.31.40.0-255,66,118021,64,364688
47815,0.004669,74.125.68.0-255,2902,120923,64,364688
47816,0.004673,172.31.40.0-255,66,120989,64,364688
47817,0.004698,74.125.68.0-255,2902,123891,64,364688
47818,0.004701,172.31.40.0-255,66,123957,64,364688
47819,0.006956,74.125.68.0-255,2902,126859,64,364688
47820,0.006963,172.31.40.0-255,66,126925,64,364688
47821,0.006989,74.125.68.0-255,2902,129827,64,364688
47822,0.006992,172.31.40.0-255,66,129893,64,364688
47823,0.009246,74.125.68.0-255,2902,132795,64,364688
47824,0.009253,172.31.40.0-255,66,132861,64,364688
47825,0.009281,74.125.68.0-255,2902,135763,64,364688
47826,0.009284,172.31.40.0-255,66,135829,64,364688
47827,0.011536,74.125.68.0-255,2902,138731,64,364688
47828,0.011544,172.31.40.0-255,66,138797,64,364688
47829,0.01158,74.125.68.0-255,2902,141699,64,364688
47830,0.011582,172.31.40.0-255,66,141765,64,364688
47831,0.01382,74.125.68.0-255,2902,144667,64,364688
47832,0.013827,172.31.40.0-255,66,144733,64,364688
47833,0.013855,74.125.68.0-255,2902,147635,64,364688
47834,0.013858,172.31.40.0-255,66,147701,64,364688
47835,0.016107,74.125.68.0-255,2902,150603,64,364688
47836,0.016115,172.31.40.0-255,66,150669,64,364688
47837,0.016143,74.125.68.0-255,2902,153571,64,364688
47838,0.016146,172.31.40.0-255,66,153637,64,364688
47839,0.01839,74.125.68.0-255,2902,156539,64,364688
47840,0.018397,172.31.40.0-255,66,156605,64,364688
47841,0.018427,74.125.68.0-255,2902,159507,64,364688
47842,0.01843,172.31.40.0-255,66,159573,64,364688
47843,0.020682,74.125.68.0-255,2902,162475,64,364688
47844,0.020689,172.31.40.0-255,66,162541,64,364688
47845,0.020726,74.125.68.0-255,2902,165443,64,364688
47846,0.020729,172.31.40.0-255,66,165509,64,364688
47847,0.022979,74.125.68.0-255,2902,168411,64,364688
47848,0.022986,172.31.40.0-255,66,168477,64,364688
47849,0.023017,74.125.68.0-255,2902,171379,64,364688
47850,0.023019,172.31.40.0-255,66,171445,64,364688
47851,0.025265,74.125.68.0-255,2902,174347,64,364688
47852,0.025272,172.31.40.0-255,66,174413,64,364688
47853,0.0253,74.125.68.0-255,2902,177315,64,364688
47854,0.025303,172.31.40.0-255,66,177381,64,364688
47855,0.026477,172.31.40.0-255,167,177548,64,364688
47856,0.026507,172.31.40.0-255,1108,178656,64,364688
47857,0.026564,172.31.40.0-255,1514,180170,64,364688
47858,0.026565,172.31.40.0-255,337,180507,64,364688
47859,0.027555,74.125.68.0-255,2902,183409,64,364688
47860,0.027562,172.31.40.0-255,66,183475,64,364688
47861,0.027593,74.125.68.0-255,2902,186377,64,364688
47862,0.027596,172.31.40.0-255,66,186443,64,364688
47863,0.028042,104.244.42.0-255,66,186509,64,364688
47864,0.02805,104.244.42.0-255,66,186575,64,364688
47865,0.028152,104.244.42.0-255,66,186641,64,364688
47866,0.029835,74.125.68.0-255,2902,189543,64,364688
47867,0.029841,172.31.40.0-255,66,189609,64,364688
47868,0.029866,74.125.68.0-255,2902,192511,64,364688
47869,0.029869,172.31.40.0-255,66,192577,64,364688
47870,0.032116,74.125.68.0-255,2902,195479,64,364688
47871,0.032124,172.31.40.0-255,66,195545,64,364688
47872,0.032148,74.125.68.0-255,2902,198447,64,364688
47873,0.032151,172.31.40.0-255,66,198513,64,364688
47874,0.034408,74.125.68.0-255,2902,201415,64,364688
47875,0.034416,172.31.40.0-255,66,201481,64,364688
47876,0.034445,74.125.68.0-255,2902,204383,64,364688
47877,0.034448,172.31.40.0-255,66,204449,64,364688
47878,0.0367,74.125.68.0-255,2902,207351,64,364688
47879,0.036707,172.31.40.0-255,66,207417,64,364688
47880,0.036741,74.125.68.0-255,2902,210319,64,364688
47881,0.036744,172.31.40.0-255,66,210385,64,364688
47882,0.038994,74.125.68.0-255,2902,213287,64,364688
47883,0.039004,172.31.40.0-255,66,213353,64,364688
47884,0.039034,74.125.68.0-255,2902,216255,64,364688
47885,0.039038,172.31.40.0-255,66,216321,64,364688
47886,0.041306,74.125.68.0-255,4320,220641,64,364688
47887,0.041321,172.31.40.0-255,66,220707,64,364688
47888,0.041353,74.125.68.0-255,1484,222191,64,364688
47889,0.04362,74.125.68.0-255,4320,226511,64,364688
47890,0.043634,172.31.40.0-255,66,226577,64,364688
47891,0.045934,74.125.68.0-255,5738,232315,64,364688
47892,0.045952,172.31.40.0-255,66,232381,64,364688
47893,0.048251,74.125.68.0-255,5738,238119,64,364688
47894,0.048268,172.31.40.0-255,66,238185,64,364688
47895,0.050613,74.125.68.0-255,5738,243923,64,364688
47896,0.050621,172.31.40.0-255,66,243989,64,364688
47897,0.052918,74.125.68.0-255,5738,249727,64,364688
47898,0.052934,172.31.40.0-255,66,249793,64,364688
47899,0.055217,74.125.68.0-255,5738,255531,64,364688
47900,0.055234,172.31.40.0-255,66,255597,64,364688
47901,0.057537,74.125.68.0-255,5738,261335,64,364688
47902,0.057552,172.31.40.0-255,66,261401,64,364688
47903,0.059854,74.125.68.0-255,5738,267139,64,364688
47904,0.059871,172.31.40.0-255,66,267205,64,364688
47905,0.062173,74.125.68.0-255,5738,272943,64,364688
47906,0.06219,172.31.40.0-255,66,273009,64,364688
47907,0.064497,74.125.68.0-255,5738,278747,64,364688
47908,0.064514,172.31.40.0-255,66,278813,64,364688
47909,0.066826,74.125.68.0-255,5738,284551,64,364688
47910,0.066844,172.31.40.0-255,66,284617,64,364688
47911,0.069163,74.125.68.0-255,5738,290355,64,364688
47912,0.06918,172.31.40.0-255,66,290421,64,364688
47913,0.071489,74.125.68.0-255,5738,296159,64,364688
47914,0.071503,172.31.40.0-255,66,296225,64,364688
47915,0.071685,172.31.40.0-255,101,296326,64,364688
47916,0.073792,74.125.68.0-255,5738,302064,64,364688
47917,0.0738,172.31.40.0-255,66,302130,64,364688
47918,0.073923,74.125.68.0-255,66,302196,64,364688
47919,0.076129,74.125.68.0-255,5738,307934,64,364688
47920,0.076135,172.31.40.0-255,66,308000,64,364688
47921,0.078431,74.125.68.0-255,5738,313738,64,364688
47922,0.078438,172.31.40.0-255,66,313804,64,364688
47923,0.080738,74.125.68.0-255,5738,319542,64,364688
47924,0.080752,172.31.40.0-255,66,319608,64,364688
47925,0.083034,74.125.68.0-255,5738,325346,64,364688
47926,0.083041,172.31.40.0-255,66,325412,64,364688
47927,0.085337,74.125.68.0-255,5738,331150,64,364688
47928,0.085344,172.31.40.0-255,66,331216,64,364688
47929,0.087632,74.125.68.0-255,5738,336954,64,364688
47930,0.087639,172.31.40.0-255,66,337020,64,364688
47931,0.089917,74.125.68.0-255,4320,341340,64,364688
47932,0.089924,172.31.40.0-255,66,341406,64,364688
47933,0.089948,74.125.68.0-255,1484,342890,64,364688
47934,0.092201,74.125.68.0-255,4320,347210,64,364688
47935,0.092208,172.31.40.0-255,66,347276,64,364688
47936,0.094514,74.125.68.0-255,5738,353014,64,364688
47937,0.094521,172.31.40.0-255,66,353080,64,364688
47938,0.096803,74.125.68.0-255,5738,358818,64,364688
47939,0.096811,172.31.40.0-255,66,358884,64,364688
47940,0.099113,74.125.68.0-255,5738,364622,64,364688
47941,0.099124,172.31.40.0-255,66,364688,64,364688
47942,0.0,74.125.200.0-255,306,306,64,399324
47943,2.2e-05,172.31.40.0-255,66,372,64,399324
47944,2.8e-05,74.125.200.0-255,1484,1856,64,399324
47945,3.2e-05,172.31.40.0-255,66,1922,64,399324
47946,5.8e-05,74.125.200.0-255,4320,6242,64,399324
47947,6.6e-05,172.31.40.0-255,66,6308,64,399324
47948,7e-05,74.125.200.0-255,2902,9210,64,399324
47949,7.3e-05,172.31.40.0-255,66,9276,64,399324
47950,7.9e-05,74.125.200.0-255,4320,13596,64,399324
47951,8.1e-05,172.31.40.0-255,66,13662,64,399324
47952,8.4e-05,74.125.200.0-255,462,14124,64,399324
47953,8.6e-05,172.31.40.0-255,66,14190,64,399324
47954,0.000621,74.125.200.0-255,1484,15674,64,399324
47955,0.000629,172.31.40.0-255,66,15740,64,399324
47956,0.000635,74.125.200.0-255,2902,18642,64,399324
47957,0.000637,172.31.40.0-255,66,18708,64,399324
47958,0.000664,74.125.200.0-255,5738,24446,64,399324
47959,0.000667,172.31.40.0-255,66,24512,64,399324
47960,0.000675,74.125.200.0-255,1484,25996,64,399324
47961,0.000677,172.31.40.0-255,66,26062,64,399324
47962,0.000716,74.125.200.0-255,5379,31441,64,399324
47963,0.00072,172.31.40.0-255,66,31507,64,399324
47964,0.000839,74.125.200.0-255,1484,32991,64,399324
47965,0.000844,172.31.40.0-255,66,33057,64,399324
47966,0.00085,74.125.200.0-255,2902,35959,64,399324
47967,0.000852,172.31.40.0-255,66,36025,64,399324
47968,0.000876,74.125.200.0-255,4320,40345,64,399324
47969,0.000879,172.31.40.0-255,66,40411,64,399324
47970,0.000903,74.125.200.0-255,5738,46149,64,399324
47971,0.000906,172.31.40.0-255,66,46215,64,399324
47972,0.000914,74.125.200.0-255,1484,47699,64,399324
47973,0.000916,172.31.40.0-255,66,47765,64,399324
47974,0.000948,74.125.200.0-255,3961,51726,64,399324
47975,0.000951,172.31.40.0-255,66,51792,64,399324
47976,0.000958,74.125.200.0-255,5738,57530,64,399324
47977,0.00096,172.31.40.0-255,66,57596,64,399324
47978,0.000963,74.125.200.0-255,1484,59080,64,399324
47979,0.001001,74.125.200.0-255,5738,64818,64,399324
47980,0.001004,172.31.40.0-255,66,64884,64,399324
47981,0.001007,74.125.200.0-255,1125,66009,64,399324
47982,0.001739,74.125.200.0-255,645,66654,64,399324
47983,0.001746,172.31.40.0-255,66,66720,64,399324
47984,0.001834,74.125.200.0-255,1484,68204,64,399324
47985,0.001843,74.125.200.0-255,2902,71106,64,399324
47986,0.001846,172.31.40.0-255,66,71172,64,399324
47987,0.001881,74.125.200.0-255,1484,72656,64,399324
47988,0.001912,74.125.200.0-255,2902,75558,64,399324
47989,0.001916,172.31.40.0-255,66,75624,64,399324
47990,0.001946,74.125.200.0-255,5738,81362,64,399324
47991,0.001949,172.31.40.0-255,66,81428,64,399324
47992,0.001955,74.125.200.0-255,5738,87166,64,399324
47993,0.001957,172.31.40.0-255,66,87232,64,399324
47994,0.001961,74.125.200.0-255,1484,88716,64,399324
47995,0.001991,74.125.200.0-255,5738,94454,64,399324
47996,0.001994,172.31.40.0-255,66,94520,64,399324
47997,0.002002,74.125.200.0-255,6438,100958,64,399324
47998,0.002004,172.31.40.0-255,66,101024,64,399324
47999,0.002052,74.125.200.0-255,1484,102508,64,399324
48000,0.0021,74.125.200.0-255,2902,105410,64,399324
48001,0.002104,172.31.40.0-255,66,105476,64,399324
48002,0.002111,74.125.200.0-255,4320,109796,64,399324
48003,0.002114,172.31.40.0-255,66,109862,64,399324
48004,0.002117,74.125.200.0-255,1484,111346,64,399324
48005,0.002146,74.125.200.0-255,7156,118502,64,399324
48006,0.002149,172.31.40.0-255,66,118568,64,399324
48007,0.002156,74.125.200.0-255,7156,125724,64,399324
48008,0.002159,172.31.40.0-255,66,125790,64,399324
48009,0.002162,74.125.200.0-255,1484,127274,64,399324
48010,0.002196,74.125.200.0-255,7156,134430,64,399324
48011,0.0022,172.31.40.0-255,66,134496,64,399324
48012,0.002202,74.125.200.0-255,766,135262,64,399324
48013,0.002224,74.125.200.0-255,1484,136746,64,399324
48014,0.002226,172.31.40.0-255,66,136812,64,399324
48015,0.002247,74.125.200.0-255,4320,141132,64,399324
48016,0.00225,172.31.40.0-255,66,141198,64,399324
48017,0.002256,74.125.200.0-255,4320,145518,64,399324
48018,0.002258,172.31.40.0-255,66,145584,64,399324
48019,0.002281,74.125.200.0-255,1484,147068,64,399324
48020,0.002314,172.31.40.0-255,66,147134,64,399324
48021,0.00234,74.125.200.0-255,1484,148618,64,399324
48022,0.002346,74.125.200.0-255,5738,154356,64,399324
48023,0.002348,172.31.40.0-255,66,154422,64,399324
48024,0.002383,74.125.200.0-255,4320,158742,64,399324
48025,0.002385,172.31.40.0-255,66,158808,64,399324
48026,0.002413,74.125.200.0-255,766,159574,64,399324
48027,0.003821,172.31.40.0-255,66,159640,64,399324
48028,0.00471,74.125.200.0-255,4320,163960,64,399324
48029,0.004717,172.31.40.0-255,66,164026,64,399324
48030,0.006142,74.125.200.0-255,1484,165510,64,399324
48031,0.007045,74.125.200.0-255,4320,169830,64,399324
48032,0.007051,172.31.40.0-255,66,169896,64,399324
48033,0.009377,74.125.200.0-255,5738,175634,64,399324
48034,0.009381,172.31.40.0-255,66,175700,64,399324
48035,0.011708,74.125.200.0-255,5738,181438,64,399324
48036,0.011713,172.31.40.0-255,66,181504,64,399324
48037,0.01404,74.125.200.0-255,5738,187242,64,399324
48038,0.014046,172.31.40.0-255,66,187308,64,399324
48039,0.016373,74.125.200.0-255,5738,193046,64,399324
48040,0.01638,172.31.40.0-255,66,193112,64,399324
48041,0.018708,74.125.200.0-255,5738,198850,64,399324
48042,0.018715,172.31.40.0-255,66,198916,64,399324
48043,0.021049,74.125.200.0-255,5738,204654,64,399324
48044,0.021059,172.31.40.0-255,66,204720,64,399324
48045,0.023384,74.125.200.0-255,5738,210458,64,399324
48046,0.023393,172.31.40.0-255,66,210524,64,399324
48047,0.025737,74.125.200.0-255,5738,216262,64,399324
48048,0.025745,172.31.40.0-255,66,216328,64,399324
48049,0.028062,74.125.200.0-255,5738,222066,64,399324
48050,0.028068,172.31.40.0-255,66,222132,64,399324
48051,0.030394,74.125.200.0-255,5738,227870,64,399324
48052,0.030403,172.31.40.0-255,66,227936,64,399324
48053,0.032732,74.125.200.0-255,4320,232256,64,399324
48054,0.03274,172.31.40.0-255,66,232322,64,399324
48055,0.032772,74.125.200.0-255,1484,233806,64,399324
48056,0.035076,74.125.200.0-255,4320,238126,64,399324
48057,0.035084,172.31.40.0-255,66,238192,64,399324
48058,0.037461,74.125.200.0-255,5738,243930,64,399324
48059,0.037469,172.31.40.0-255,66,243996,64,399324
48060,0.03953,172.31.40.0-255,172,244168,64,399324
48061,0.039563,172.31.40.0-255,1112,245280,64,399324
48062,0.039621,172.31.40.0-255,1514,246794,64,399324
48063,0.039624,172.31.40.0-255,1296,248090,64,399324
48064,0.039788,74.125.200.0-255,5738,253828,64,399324
48065,0.039795,172.31.40.0-255,66,253894,64,399324
48066,0.041088,104.244.42.0-255,66,253960,64,399324
48067,0.041136,104.244.42.0-255,66,254026,64,399324
48068,0.041194,104.244.42.0-255,66,254092,64,399324
48069,0.042142,74.125.200.0-255,2902,256994,64,399324
48070,0.042148,172.31.40.0-255,66,257060,64,399324
48071,0.04218,74.125.200.0-255,2902,259962,64,399324
48072,0.042182,172.31.40.0-255,66,260028,64,399324
48073,0.044493,74.125.200.0-255,5738,265766,64,399324
48074,0.044502,172.31.40.0-255,66,265832,64,399324
48075,0.046838,74.125.200.0-255,5738,271570,64,399324
48076,0.046849,172.31.40.0-255,66,271636,64,399324
48077,0.04919,74.125.200.0-255,5738,277374,64,399324
48078,0.049197,172.31.40.0-255,66,277440,64,399324
48079,0.051531,74.125.200.0-255,5738,283178,64,399324
48080,0.051538,172.31.40.0-255,66,283244,64,399324
48081,0.053859,74.125.200.0-255,5738,288982,64,399324
48082,0.053865,172.31.40.0-255,66,289048,64,399324
48083,0.05621,74.125.200.0-255,5738,294786,64,399324
48084,0.056216,172.31.40.0-255,66,294852,64,399324
48085,0.058549,74.125.200.0-255,5738,300590,64,399324
48086,0.058558,172.31.40.0-255,66,300656,64,399324
48087,0.060888,74.125.200.0-255,5738,306394,64,399324
48088,0.060894,172.31.40.0-255,66,306460,64,399324
48089,0.063231,74.125.200.0-255,5738,312198,64,399324
48090,0.063237,172.31.40.0-255,66,312264,64,399324
48091,0.065585,74.125.200.0-255,5738,318002,64,399324
48092,0.065592,172.31.40.0-255,66,318068,64,399324
48093,0.067927,74.125.200.0-255,5738,323806,64,399324
48094,0.067932,172.31.40.0-255,66,323872,64,399324
48095,0.070262,74.125.200.0-255,5738,329610,64,399324
48096,0.070272,172.31.40.0-255,66,329676,64,399324
48097,0.072608,74.125.200.0-255,5738,335414,64,399324
48098,0.072615,172.31.40.0-255,66,335480,64,399324
48099,0.074961,74.125.200.0-255,5738,341218,64,399324
48100,0.074969,172.31.40.0-255,66,341284,64,399324
48101,0.077293,74.125.200.0-255,5738,347022,64,399324
48102,0.077299,172.31.40.0-255,66,347088,64,399324
48103,0.079645,74.125.200.0-255,5738,352826,64,399324
48104,0.079651,172.31.40.0-255,66,352892,64,399324
48105,0.081979,74.125.200.0-255,5738,358630,64,399324
48106,0.081986,172.31.40.0-255,66,358696,64,399324
48107,0.08434,74.125.200.0-255,5738,364434,64,399324
48108,0.084348,172.31.40.0-255,66,364500,64,399324
48109,0.08668,74.125.200.0-255,5738,370238,64,399324
48110,0.086686,172.31.40.0-255,66,370304,64,399324
48111,0.089024,74.125.200.0-255,5738,376042,64,399324
48112,0.089033,172.31.40.0-255,66,376108,64,399324
48113,0.091372,74.125.200.0-255,5738,381846,64,399324
48114,0.091378,172.31.40.0-255,66,381912,64,399324
48115,0.093728,74.125.200.0-255,5738,387650,64,399324
48116,0.093735,172.31.40.0-255,66,387716,64,399324
48117,0.09607,74.125.200.0-255,5738,393454,64,399324
48118,0.096077,172.31.40.0-255,66,393520,64,399324
48119,0.098418,74.125.200.0-255,5738,399258,64,399324
48120,0.098424,172.31.40.0-255,66,399324,64,399324
48121,0.0,172.217.194.0-255,152,152,64,345387
48122,3e-05,172.31.40.0-255,66,218,64,345387
48123,3.7e-05,172.217.194.0-255,1484,1702,64,345387
48124,4.1e-05,172.31.40.0-255,66,1768,64,345387
48125,6.5e-05,172.217.194.0-255,2902,4670,64,345387
48126,6.9e-05,172.31.40.0-255,66,4736,64,345387
48127,7.7e-05,172.217.194.0-255,7156,11892,64,345387
48128,8e-05,172.31.40.0-255,66,11958,64,345387
48129,9e-05,172.31.40.0-255,66,12024,64,345387
48130,0.000139,172.31.40.0-255,66,12090,64,345387
48131,0.000241,172.217.194.0-255,1484,13574,64,345387
48132,0.000244,172.31.40.0-255,66,13640,64,345387
48133,0.000251,172.217.194.0-255,2902,16542,64,345387
48134,0.000253,172.31.40.0-255,66,16608,64,345387
48135,0.000257,172.217.194.0-255,2902,19510,64,345387
48136,0.000265,172.31.40.0-255,66,19576,64,345387
48137,0.00029,172.217.194.0-255,2902,22478,64,345387
48138,0.000293,172.31.40.0-255,66,22544,64,345387
48139,0.000304,172.31.40.0-255,66,22610,64,345387
48140,0.000334,172.217.194.0-255,5379,27989,64,345387
48141,0.000338,172.31.40.0-255,66,28055,64,345387
48142,0.00035,172.31.40.0-255,66,28121,64,345387
48143,0.000352,172.217.194.0-255,367,28488,64,345387
48144,0.000354,172.31.40.0-255,66,28554,64,345387
48145,0.000562,172.217.194.0-255,376,28930,64,345387
48146,0.000566,172.31.40.0-255,66,28996,64,345387
48147,0.000774,172.217.194.0-255,1484,30480,64,345387
48148,0.000779,172.31.40.0-255,66,30546,64,345387
48149,0.000784,172.217.194.0-255,2902,33448,64,345387
48150,0.00079,172.217.194.0-255,5738,39186,64,345387
48151,0.000793,172.31.40.0-255,66,39252,64,345387
48152,0.0008,172.31.40.0-255,66,39318,64,345387
48153,0.00085,172.31.40.0-255,66,39384,64,345387
48154,0.00087,172.31.40.0-255,66,39450,64,345387
48155,0.001836,172.217.194.0-255,1484,40934,64,345387
48156,0.001847,172.217.194.0-255,2902,43836,64,345387
48157,0.001852,172.31.40.0-255,66,43902,64,345387
48158,0.001859,172.217.194.0-255,5738,49640,64,345387
48159,0.001886,172.217.194.0-255,2902,52542,64,345387
48160,0.001904,172.217.194.0-255,7156,59698,64,345387
48161,0.001921,172.217.194.0-255,2902,62600,64,345387
48162,0.001939,172.217.194.0-255,2902,65502,64,345387
48163,0.00201,172.217.194.0-255,4320,69822,64,345387
48164,0.002016,172.217.194.0-255,4320,74142,64,345387
48165,0.002028,172.217.194.0-255,1484,75626,64,345387
48166,0.002053,172.217.194.0-255,1484,77110,64,345387
48167,0.007353,172.31.40.0-255,66,77176,64,345387
48168,0.009363,172.217.194.0-255,5738,82914,64,345387
48169,0.009374,172.31.40.0-255,66,82980,64,345387
48170,0.011362,172.217.194.0-255,5738,88718,64,345387
48171,0.012208,172.31.40.0-255,66,88784,64,345387
48172,0.014214,172.217.194.0-255,5738,94522,64,345387
48173,0.014221,172.31.40.0-255,66,94588,64,345387
48174,0.01621,172.217.194.0-255,5738,100326,64,345387
48175,0.016218,172.31.40.0-255,66,100392,64,345387
48176,0.018226,172.217.194.0-255,5738,106130,64,345387
48177,0.018232,172.31.40.0-255,66,106196,64,345387
48178,0.020239,172.217.194.0-255,5738,111934,64,345387
48179,0.020246,172.31.40.0-255,66,112000,64,345387
48180,0.02223,172.217.194.0-255,5738,117738,64,345387
48181,0.022237,172.31.40.0-255,66,117804,64,345387
48182,0.024258,172.217.194.0-255,5738,123542,64,345387
48183,0.024267,172.31.40.0-255,66,123608,64,345387
48184,0.026268,172.217.194.0-255,5738,129346,64,345387
48185,0.026275,172.31.40.0-255,66,129412,64,345387
48186,0.028257,172.217.194.0-255,5738,135150,64,345387
48187,0.028264,172.31.40.0-255,66,135216,64,345387
48188,0.028418,172.31.40.0-255,176,135392,64,345387
48189,0.028445,172.31.40.0-255,1112,136504,64,345387
48190,0.028549,172.31.40.0-255,1514,138018,64,345387
48191,0.028552,172.31.40.0-255,1296,139314,64,345387
48192,0.029944,104.244.42.0-255,66,139380,64,345387
48193,0.029995,104.244.42.0-255,66,139446,64,345387
48194,0.030093,104.244.42.0-255,66,139512,64,345387
48195,0.03025,172.217.194.0-255,5738,145250,64,345387
48196,0.030256,172.31.40.0-255,66,145316,64,345387
48197,0.032252,172.217.194.0-255,5738,151054,64,345387
48198,0.032258,172.31.40.0-255,66,151120,64,345387
48199,0.034237,172.217.194.0-255,5738,156858,64,345387
48200,0.034243,172.31.40.0-255,66,156924,64,345387
48201,0.036241,172.217.194.0-255,5738,162662,64,345387
48202,0.036246,172.31.40.0-255,66,162728,64,345387
48203,0.038258,172.217.194.0-255,5738,168466,64,345387
48204,0.038263,172.31.40.0-255,66,168532,64,345387
48205,0.040291,172.217.194.0-255,2902,171434,64,345387
48206,0.040296,172.31.40.0-255,66,171500,64,345387
48207,0.040325,172.217.194.0-255,2902,174402,64,345387
48208,0.04034,172.31.40.0-255,66,174468,64,345387
48209,0.042307,172.217.194.0-255,2902,177370,64,345387
48210,0.042313,172.31.40.0-255,66,177436,64,345387
48211,0.042345,172.217.194.0-255,2902,180338,64,345387
48212,0.042689,172.31.40.0-255,66,180404,64,345387
48213,0.044308,172.217.194.0-255,2902,183306,64,345387
48214,0.044314,172.31.40.0-255,66,183372,64,345387
48215,0.044661,172.217.194.0-255,2902,186274,64,345387
48216,0.044667,172.31.40.0-255,66,186340,64,345387
48217,0.046311,172.217.194.0-255,2902,189242,64,345387
48218,0.046317,172.31.40.0-255,66,189308,64,345387
48219,0.046666,172.217.194.0-255,2902,192210,64,345387
48220,0.046672,172.31.40.0-255,66,192276,64,345387
48221,0.048307,172.217.194.0-255,2902,195178,64,345387
48222,0.048312,172.31.40.0-255,66,195244,64,345387
48223,0.048658,172.217.194.0-255,2902,198146,64,345387
48224,0.048663,172.31.40.0-255,66,198212,64,345387
48225,0.050307,172.217.194.0-255,2902,201114,64,345387
48226,0.050312,172.31.40.0-255,66,201180,64,345387
48227,0.050671,172.217.194.0-255,2902,204082,64,345387
48228,0.050677,172.31.40.0-255,66,204148,64,345387
48229,0.052302,172.217.194.0-255,2902,207050,64,345387
48230,0.052307,172.31.40.0-255,66,207116,64,345387
48231,0.052668,172.217.194.0-255,2902,210018,64,345387
48232,0.052673,172.31.40.0-255,66,210084,64,345387
48233,0.054314,172.217.194.0-255,2902,212986,64,345387
48234,0.054319,172.31.40.0-255,66,213052,64,345387
48235,0.054685,172.217.194.0-255,2902,215954,64,345387
48236,0.054689,172.31.40.0-255,66,216020,64,345387
48237,0.056313,172.217.194.0-255,2902,218922,64,345387
48238,0.056319,172.31.40.0-255,66,218988,64,345387
48239,0.056684,172.217.194.0-255,2902,221890,64,345387
48240,0.056689,172.31.40.0-255,66,221956,64,345387
48241,0.058307,172.217.194.0-255,2902,224858,64,345387
48242,0.058313,172.31.40.0-255,66,224924,64,345387
48243,0.058675,172.217.194.0-255,2902,227826,64,345387
48244,0.05868,172.31.40.0-255,66,227892,64,345387
48245,0.060313,172.217.194.0-255,2902,230794,64,345387
48246,0.060318,172.31.40.0-255,66,230860,64,345387
48247,0.06068,172.217.194.0-255,2902,233762,64,345387
48248,0.060685,172.31.40.0-255,66,233828,64,345387
48249,0.062319,172.217.194.0-255,2902,236730,64,345387
48250,0.062324,172.31.40.0-255,66,236796,64,345387
48251,0.062666,172.217.194.0-255,2902,239698,64,345387
48252,0.062964,172.31.40.0-255,66,239764,64,345387
48253,0.06431,172.217.194.0-255,2902,242666,64,345387
48254,0.064315,172.31.40.0-255,66,242732,64,345387
48255,0.064953,172.217.194.0-255,2902,245634,64,345387
48256,0.064958,172.31.40.0-255,66,245700,64,345387
48257,0.066304,172.217.194.0-255,2902,248602,64,345387
48258,0.066309,172.31.40.0-255,66,248668,64,345387
48259,0.066956,172.217.194.0-255,2902,251570,64,345387
48260,0.066961,172.31.40.0-255,66,251636,64,345387
48261,0.068299,172.217.194.0-255,2902,254538,64,345387
48262,0.068305,172.31.40.0-255,66,254604,64,345387
48263,0.068958,172.217.194.0-255,2902,257506,64,345387
48264,0.068963,172.31.40.0-255,66,257572,64,345387
48265,0.070292,172.217.194.0-255,2902,260474,64,345387
48266,0.070298,172.31.40.0-255,66,260540,64,345387
48267,0.070952,172.217.194.0-255,2902,263442,64,345387
48268,0.070957,172.31.40.0-255,66,263508,64,345387
48269,0.072283,172.217.194.0-255,2902,266410,64,345387
48270,0.072288,172.31.40.0-255,66,266476,64,345387
48271,0.072953,172.217.194.0-255,2902,269378,64,345387
48272,0.072958,172.31.40.0-255,66,269444,64,345387
48273,0.074271,172.217.194.0-255,2902,272346,64,345387
48274,0.074276,172.31.40.0-255,66,272412,64,345387
48275,0.074932,172.217.194.0-255,2902,275314,64,345387
48276,0.074937,172.31.40.0-255,66,275380,64,345387
48277,0.076286,172.217.194.0-255,2902,278282,64,345387
48278,0.076291,172.31.40.0-255,66,278348,64,345387
48279,0.076906,172.217.194.0-255,2902,281250,64,345387
48280,0.076911,172.31.40.0-255,66,281316,64,345387
48281,0.078264,172.217.194.0-255,2902,284218,64,345387
48282,0.07827,172.31.40.0-255,66,284284,64,345387
48283,0.078905,172.217.194.0-255,2902,287186,64,345387
48284,0.078911,172.31.40.0-255,66,287252,64,345387
48285,0.080259,172.217.194.0-255,2902,290154,64,345387
48286,0.080264,172.31.40.0-255,66,290220,64,345387
48287,0.080912,172.217.194.0-255,2902,293122,64,345387
48288,0.080917,172.31.40.0-255,66,293188,64,345387
48289,0.082249,172.217.194.0-255,2902,296090,64,345387
48290,0.082254,172.31.40.0-255,66,296156,64,345387
48291,0.082898,172.217.194.0-255,2902,299058,64,345387
48292,0.082904,172.31.40.0-255,66,299124,64,345387
48293,0.084246,172.217.194.0-255,2902,302026,64,345387
48294,0.084251,172.31.40.0-255,66,302092,64,345387
48295,0.084891,172.217.194.0-255,2902,304994,64,345387
48296,0.084896,172.31.40.0-255,66,305060,64,345387
48297,0.086236,172.217.194.0-255,2902,307962,64,345387
48298,0.086241,172.31.40.0-255,66,308028,64,345387
48299,0.086883,172.217.194.0-255,2902,310930,64,345387
48300,0.086889,172.31.40.0-255,66,310996,64,345387
48301,0.088257,172.217.194.0-255,2902,313898,64,345387
48302,0.088262,172.31.40.0-255,66,313964,64,345387
48303,0.088863,172.217.194.0-255,2902,316866,64,345387
48304,0.088868,172.31.40.0-255,66,316932,64,345387
48305,0.090242,172.217.194.0-255,2902,319834,64,345387
48306,0.090247,172.31.40.0-255,66,319900,64,345387
48307,0.090852,172.217.194.0-255,2902,322802,64,345387
48308,0.090857,172.31.40.0-255,66,322868,64,345387
48309,0.092235,172.217.194.0-255,2902,325770,64,345387
48310,0.09224,172.31.40.0-255,66,325836,64,345387
48311,0.092858,172.217.194.0-255,2902,328738,64,345387
48312,0.092863,172.31.40.0-255,66,328804,64,345387
48313,0.094236,172.217.194.0-255,2902,331706,64,345387
48314,0.094241,172.31.40.0-255,66,331772,64,345387
48315,0.094847,172.217.194.0-255,2902,334674,64,345387
48316,0.094851,172.31.40.0-255,66,334740,64,345387
48317,0.096215,172.217.194.0-255,2902,337642,64,345387
48318,0.09622,172.31.40.0-255,66,337708,64,345387
48319,0.096845,172.217.194.0-255,2902,340610,64,345387
48320,0.09685,172.31.40.0-255,66,340676,64,345387
48321,0.098207,172.217.194.0-255,2902,343578,64,345387
48322,0.098212,172.31.40.0-255,66,343644,64,345387
48323,0.098851,172.217.194.0-255,1572,345216,64,345387
48324,0.098856,172.31.40.0-255,66,345282,64,345387
48325,0.09902,172.31.40.0-255,105,345387,64,345387
48326,0.0,172.217.194.0-255,146,146,64,326296
48327,1.5e-05,172.31.40.0-255,66,212,64,326296
48328,2.2e-05,172.217.194.0-255,1484,1696,64,326296
48329,2.6e-05,172.31.40.0-255,66,1762,64,326296
48330,3.2e-05,172.217.194.0-255,2902,4664,64,326296
48331,4.3e-05,172.31.40.0-255,66,4730,64,326296
48332,4.8e-05,172.217.194.0-255,4320,9050,64,326296
48333,5.1e-05,172.31.40.0-255,66,9116,64,326296
48334,9.7e-05,172.31.40.0-255,66,9182,64,326296
48335,0.000102,172.217.194.0-255,4320,13502,64,326296
48336,0.000104,172.31.40.0-255,66,13568,64,326296
48337,0.000138,172.217.194.0-255,5738,19306,64,326296
48338,0.000145,172.31.40.0-255,66,19372,64,326296
48339,0.00015,172.217.194.0-255,2543,21915,64,326296
48340,0.000152,172.31.40.0-255,66,21981,64,326296
48341,0.000194,172.217.194.0-255,1484,23465,64,326296
48342,0.000197,172.31.40.0-255,66,23531,64,326296
48343,0.000201,172.217.194.0-255,2902,26433,64,326296
48344,0.000203,172.31.40.0-255,66,26499,64,326296
48345,0.000206,172.217.194.0-255,1484,27983,64,326296
48346,0.000213,172.31.40.0-255,66,28049,64,326296
48347,0.000235,172.217.194.0-255,4320,32369,64,326296
48348,0.000237,172.31.40.0-255,66,32435,64,326296
48349,0.00025,172.217.194.0-255,6797,39232,64,326296
48350,0.000252,172.31.40.0-255,66,39298,64,326296
48351,0.00038,172.217.194.0-255,1484,40782,64,326296
48352,0.000386,172.31.40.0-255,66,40848,64,326296
48353,0.000416,172.217.194.0-255,2902,43750,64,326296
48354,0.000418,172.31.40.0-255,66,43816,64,326296
48355,0.000425,172.217.194.0-255,5738,49554,64,326296
48356,0.000428,172.31.40.0-255,66,49620,64,326296
48357,0.000451,172.217.194.0-255,7073,56693,64,326296
48358,0.000457,172.31.40.0-255,66,56759,64,326296
48359,0.000553,172.217.194.0-255,1484,58243,64,326296
48360,0.000558,172.217.194.0-255,1484,59727,64,326296
48361,0.000561,172.31.40.0-255,66,59793,64,326296
48362,0.000589,172.217.194.0-255,1484,61277,64,326296
48363,0.000596,172.217.194.0-255,5738,67015,64,326296
48364,0.000598,172.31.40.0-255,66,67081,64,326296
48365,0.000606,172.217.194.0-255,6552,73633,64,326296
48366,0.000608,172.31.40.0-255,66,73699,64,326296
48367,0.000663,172.217.194.0-255,1484,75183,64,326296
48368,0.000698,172.31.40.0-255,66,75249,64,326296
48369,0.000705,172.217.194.0-255,5379,80628,64,326296
48370,0.000708,172.31.40.0-255,66,80694,64,326296
48371,0.000892,172.217.194.0-255,1484,82178,64,326296
48372,0.000907,172.217.194.0-255,2902,85080,64,326296
48373,0.00091,172.31.40.0-255,66,85146,64,326296
48374,0.000944,172.217.194.0-255,5738,90884,64,326296
48375,0.000947,172.31.40.0-255,66,90950,64,326296
48376,0.000953,172.217.194.0-255,5738,96688,64,326296
48377,0.000956,172.31.40.0-255,66,96754,64,326296
48378,0.000986,172.217.194.0-255,1125,97879,64,326296
48379,0.001322,172.217.194.0-255,1484,99363,64,326296
48380,0.001326,172.31.40.0-255,66,99429,64,326296
48381,0.001332,172.217.194.0-255,2902,102331,64,326296
48382,0.001334,172.31.40.0-255,66,102397,64,326296
48383,0.001365,172.217.194.0-255,5738,108135,64,326296
48384,0.001367,172.31.40.0-255,66,108201,64,326296
48385,0.001373,172.217.194.0-255,4320,112521,64,326296
48386,0.001375,172.31.40.0-255,66,112587,64,326296
48387,0.001378,172.217.194.0-255,1484,114071,64,326296
48388,0.001421,172.31.40.0-255,66,114137,64,326296
48389,0.001431,172.31.40.0-255,66,114203,64,326296
48390,0.001735,172.217.194.0-255,1484,115687,64,326296
48391,0.001739,172.217.194.0-255,1484,117171,64,326296
48392,0.001742,172.31.40.0-255,66,117237,64,326296
48393,0.001754,172.217.194.0-255,1484,118721,64,326296
48394,0.001764,172.217.194.0-255,5738,124459,64,326296
48395,0.001767,172.31.40.0-255,66,124525,64,326296
48396,0.001795,172.217.194.0-255,1484,126009,64,326296
48397,0.00181,172.217.194.0-255,5738,131747,64,326296
48398,0.001812,172.31.40.0-255,66,131813,64,326296
48399,0.001844,172.217.194.0-255,5738,137551,64,326296
48400,0.001847,172.31.40.0-255,66,137617,64,326296
48401,0.001863,172.31.40.0-255,66,137683,64,326296
48402,0.001977,172.217.194.0-255,1484,139167,64,326296
48403,0.001981,172.217.194.0-255,2902,142069,64,326296
48404,0.00199,172.31.40.0-255,66,142135,64,326296
48405,0.001996,172.217.194.0-255,2902,145037,64,326296
48406,0.001998,172.31.40.0-255,66,145103,64,326296
48407,0.002024,172.217.194.0-255,2902,148005,64,326296
48408,0.002026,172.31.40.0-255,66,148071,64,326296
48409,0.002033,172.217.194.0-255,7156,155227,64,326296
48410,0.002035,172.31.40.0-255,66,155293,64,326296
48411,0.002066,172.217.194.0-255,5738,161031,64,326296
48412,0.002068,172.31.40.0-255,66,161097,64,326296
48413,0.002081,172.31.40.0-255,66,161163,64,326296
48414,0.002135,172.217.194.0-255,1484,162647,64,326296
48415,0.002149,172.217.194.0-255,2902,165549,64,326296
48416,0.002153,172.31.40.0-255,66,165615,64,326296
48417,0.002156,172.217.194.0-255,1484,167099,64,326296
48418,0.002176,172.217.194.0-255,4320,171419,64,326296
48419,0.002178,172.31.40.0-255,66,171485,64,326296
48420,0.0022,172.217.194.0-255,5738,177223,64,326296
48421,0.002203,172.31.40.0-255,66,177289,64,326296
48422,0.00223,172.217.194.0-255,2902,180191,64,326296
48423,0.002233,172.31.40.0-255,66,180257,64,326296
48424,0.002257,172.217.194.0-255,5738,185995,64,326296
48425,0.00226,172.31.40.0-255,66,186061,64,326296
48426,0.002297,172.31.40.0-255,66,186127,64,326296
48427,0.002458,172.217.194.0-255,1484,187611,64,326296
48428,0.002464,172.217.194.0-255,2902,190513,64,326296
48429,0.002468,172.31.40.0-255,66,190579,64,326296
48430,0.002473,172.217.194.0-255,2902,193481,64,326296
48431,0.002476,172.31.40.0-255,66,193547,64,326296
48432,0.002507,172.217.194.0-255,2902,196449,64,326296
48433,0.00251,172.31.40.0-255,66,196515,64,326296
48434,0.002525,172.31.40.0-255,66,196581,64,326296
48435,0.002595,172.31.40.0-255,66,196647,64,326296
48436,0.002606,172.217.194.0-255,766,197413,64,326296
48437,0.00514,172.217.194.0-255,4320,201733,64,326296
48438,0.00516,172.31.40.0-255,66,201799,64,326296
48439,0.007756,172.217.194.0-255,5738,207537,64,326296
48440,0.007771,172.31.40.0-255,66,207603,64,326296
48441,0.010324,172.217.194.0-255,5738,213341,64,326296
48442,0.010332,172.31.40.0-255,66,213407,64,326296
48443,0.012897,172.217.194.0-255,5738,219145,64,326296
48444,0.012907,172.31.40.0-255,66,219211,64,326296
48445,0.015554,172.217.194.0-255,5738,224949,64,326296
48446,0.015569,172.31.40.0-255,66,225015,64,326296
48447,0.018144,172.217.194.0-255,5738,230753,64,326296
48448,0.018153,172.31.40.0-255,66,230819,64,326296
48449,0.020739,172.217.194.0-255,5738,236557,64,326296
48450,0.020756,172.31.40.0-255,66,236623,64,326296
48451,0.023311,172.217.194.0-255,5738,242361,64,326296
48452,0.02332,172.31.40.0-255,66,242427,64,326296
48453,0.025908,172.217.194.0-255,5738,248165,64,326296
48454,0.025916,172.31.40.0-255,66,248231,64,326296
48455,0.028509,172.217.194.0-255,5738,253969,64,326296
48456,0.028518,172.31.40.0-255,66,254035,64,326296
48457,0.031107,172.217.194.0-255,5738,259773,64,326296
48458,0.031116,172.31.40.0-255,66,259839,64,326296
48459,0.033684,172.217.194.0-255,5738,265577,64,326296
48460,0.033704,172.31.40.0-255,66,265643,64,326296
48461,0.036248,172.217.194.0-255,5738,271381,64,326296
48462,0.036257,172.31.40.0-255,66,271447,64,326296
48463,0.038834,172.217.194.0-255,5738,277185,64,326296
48464,0.038843,172.31.40.0-255,66,277251,64,326296
48465,0.041447,172.217.194.0-255,5738,282989,64,326296
48466,0.041471,172.31.40.0-255,66,283055,64,326296
48467,0.044063,172.217.194.0-255,5738,288793,64,326296
48468,0.044081,172.31.40.0-255,66,288859,64,326296
48469,0.046677,172.217.194.0-255,5738,294597,64,326296
48470,0.046684,172.31.40.0-255,66,294663,64,326296
48471,0.048586,172.31.40.0-255,172,294835,64,326296
48472,0.048617,172.31.40.0-255,1108,295943,64,326296
48473,0.048678,172.31.40.0-255,1514,297457,64,326296
48474,0.04868,172.31.40.0-255,337,297794,64,326296
48475,0.049235,172.217.194.0-255,2902,300696,64,326296
48476,0.049242,172.31.40.0-255,66,300762,64,326296
48477,0.049272,172.217.194.0-255,2902,303664,64,326296
48478,0.049275,172.31.40.0-255,66,303730,64,326296
48479,0.049407,172.31.40.0-255,105,303835,64,326296
48480,0.049579,172.31.40.0-255,90,303925,64,326296
48481,0.049588,172.31.40.0-255,66,303991,64,326296
48482,0.0501,104.244.42.0-255,66,304057,64,326296
48483,0.050142,104.244.42.0-255,66,304123,64,326296
48484,0.050251,104.244.42.0-255,66,304189,64,326296
48485,0.051529,74.125.68.0-255,66,304255,64,326296
48486,0.051549,74.125.68.0-255,66,304321,64,326296
48487,0.051568,172.31.40.0-255,66,304387,64,326296
48488,0.051814,172.217.194.0-255,4320,308707,64,326296
48489,0.051821,172.31.40.0-255,66,308773,64,326296
48490,0.051854,172.217.194.0-255,1484,310257,64,326296
48491,0.054401,172.217.194.0-255,4320,314577,64,326296
48492,0.054416,172.31.40.0-255,66,314643,64,326296
48493,0.056982,172.217.194.0-255,5738,320381,64,326296
48494,0.05699,172.31.40.0-255,66,320447,64,326296
48495,0.05955,172.217.194.0-255,5612,326059,64,326296
48496,0.059558,172.31.40.0-255,66,326125,64,326296
48497,0.059776,172.31.40.0-255,105,326230,64,326296
48498,0.062301,172.217.194.0-255,66,326296,64,326296
48499,0.0,74.125.130.0-255,152,152,64,379155
48500,1.6e-05,172.31.40.0-255,66,218,64,379155
48501,2.2e-05,74.125.130.0-255,1484,1702,64,379155
48502,2.7e-05,172.31.40.0-255,66,1768,64,379155
48503,5.7e-05,74.125.130.0-255,2902,4670,64,379155
48504,6e-05,172.31.40.0-255,66,4736,64,379155
48505,7.1e-05,74.125.130.0-255,4320,9056,64,379155
48506,7.4e-05,172.31.40.0-255,66,9122,64,379155
48507,0.000108,74.125.130.0-255,4865,13987,64,379155
48508,0.000111,172.31.40.0-255,66,14053,64,379155
48509,0.000275,74.125.130.0-255,1484,15537,64,379155
48510,0.00028,172.31.40.0-255,66,15603,64,379155
48511,0.000298,74.125.130.0-255,1484,17087,64,379155
48512,0.000301,172.31.40.0-255,66,17153,64,379155
48513,0.000306,74.125.130.0-255,2902,20055,64,379155
48514,0.000308,172.31.40.0-255,66,20121,64,379155
48515,0.000343,74.125.130.0-255,5738,25859,64,379155
48516,0.000346,172.31.40.0-255,66,25925,64,379155
48517,0.000372,74.125.130.0-255,1484,27409,64,379155
48518,0.000374,172.31.40.0-255,66,27475,64,379155
48519,0.000379,74.125.130.0-255,2902,30377,64,379155
48520,0.000382,172.31.40.0-255,66,30443,64,379155
48521,0.000403,74.125.130.0-255,1125,31568,64,379155
48522,0.000409,172.31.40.0-255,66,31634,64,379155
48523,0.000434,74.125.130.0-255,1484,33118,64,379155
48524,0.000437,172.31.40.0-255,66,33184,64,379155
48525,0.000456,74.125.130.0-255,4320,37504,64,379155
48526,0.000459,172.31.40.0-255,66,37570,64,379155
48527,0.000488,74.125.130.0-255,5738,43308,64,379155
48528,0.00049,172.31.40.0-255,66,43374,64,379155
48529,0.000504,74.125.130.0-255,4320,47694,64,379155
48530,0.00051,172.31.40.0-255,66,47760,64,379155
48531,0.000535,74.125.130.0-255,1125,48885,64,379155
48532,0.000848,74.125.130.0-255,1484,50369,64,379155
48533,0.000852,172.31.40.0-255,66,50435,64,379155
48534,0.000857,74.125.130.0-255,1484,51919,64,379155
48535,0.000861,74.125.130.0-255,2902,54821,64,379155
48536,0.000863,172.31.40.0-255,66,54887,64,379155
48537,0.000894,74.125.130.0-255,5738,60625,64,379155
48538,0.000898,172.31.40.0-255,66,60691,64,379155
48539,0.000918,74.125.130.0-255,5379,66070,64,379155
48540,0.000921,172.31.40.0-255,66,66136,64,379155
48541,0.000946,74.125.130.0-255,645,66781,64,379155
48542,0.001067,74.125.130.0-255,1484,68265,64,379155
48543,0.001071,172.31.40.0-255,66,68331,64,379155
48544,0.001089,74.125.130.0-255,2902,71233,64,379155
48545,0.001094,172.31.40.0-255,66,71299,64,379155
48546,0.001109,74.125.130.0-255,5738,77037,64,379155
48547,0.001115,172.31.40.0-255,66,77103,64,379155
48548,0.001119,74.125.130.0-255,2902,80005,64,379155
48549,0.00112,172.31.40.0-255,66,80071,64,379155
48550,0.001126,74.125.130.0-255,3961,84032,64,379155
48551,0.001128,172.31.40.0-255,66,84098,64,379155
48552,0.001151,74.125.130.0-255,5738,89836,64,379155
48553,0.001158,172.31.40.0-255,66,89902,64,379155
48554,0.001183,74.125.130.0-255,2902,92804,64,379155
48555,0.001185,172.31.40.0-255,66,92870,64,379155
48556,0.00119,74.125.130.0-255,2902,95772,64,379155
48557,0.001193,172.31.40.0-255,66,95838,64,379155
48558,0.001228,74.125.130.0-255,2902,98740,64,379155
48559,0.001233,172.31.40.0-255,66,98806,64,379155
48560,0.001252,74.125.130.0-255,2543,101349,64,379155
48561,0.001255,172.31.40.0-255,66,101415,64,379155
48562,0.003296,74.125.130.0-255,2902,104317,64,379155
48563,0.003303,172.31.40.0-255,66,104383,64,379155
48564,0.003333,74.125.130.0-255,2902,107285,64,379155
48565,0.003336,172.31.40.0-255,66,107351,64,379155
48566,0.005367,74.125.130.0-255,2902,110253,64,379155
48567,0.005373,172.31.40.0-255,66,110319,64,379155
48568,0.0054,74.125.130.0-255,2902,113221,64,379155
48569,0.005403,172.31.40.0-255,66,113287,64,379155
48570,0.007443,74.125.130.0-255,2902,116189,64,379155
48571,0.007448,172.31.40.0-255,66,116255,64,379155
48572,0.007479,74.125.130.0-255,2902,119157,64,379155
48573,0.007482,172.31.40.0-255,66,119223,64,379155
48574,0.009522,74.125.130.0-255,2902,122125,64,379155
48575,0.009529,172.31.40.0-255,66,122191,64,379155
48576,0.009565,74.125.130.0-255,2902,125093,64,379155
48577,0.009567,172.31.40.0-255,66,125159,64,379155
48578,0.011607,74.125.130.0-255,5738,130897,64,379155
48579,0.011617,172.31.40.0-255,66,130963,64,379155
48580,0.013688,74.125.130.0-255,5738,136701,64,379155
48581,0.013696,172.31.40.0-255,66,136767,64,379155
48582,0.01577,74.125.130.0-255,5738,142505,64,379155
48583,0.01578,172.31.40.0-255,66,142571,64,379155
48584,0.01789,74.125.130.0-255,5738,148309,64,379155
48585,0.017898,172.31.40.0-255,66,148375,64,379155
48586,0.019977,74.125.130.0-255,5738,154113,64,379155
48587,0.019984,172.31.40.0-255,66,154179,64,379155
48588,0.02206,74.125.130.0-255,5738,159917,64,379155
48589,0.022067,172.31.40.0-255,66,159983,64,379155
48590,0.024148,74.125.130.0-255,5738,165721,64,379155
48591,0.024157,172.31.40.0-255,66,165787,64,379155
48592,0.026219,74.125.130.0-255,5738,171525,64,379155
48593,0.026226,172.31.40.0-255,66,171591,64,379155
48594,0.0283,74.125.130.0-255,5738,177329,64,379155
48595,0.028308,172.31.40.0-255,66,177395,64,379155
48596,0.028519,172.31.40.0-255,172,177567,64,379155
48597,0.028548,172.31.40.0-255,1112,178679,64,379155
48598,0.028606,172.31.40.0-255,1514,180193,64,379155
48599,0.028608,172.31.40.0-255,1296,181489,64,379155
48600,0.030082,104.244.42.0-255,66,181555,64,379155
48601,0.030122,104.244.42.0-255,66,181621,64,379155
48602,0.030155,104.244.42.0-255,66,181687,64,379155
48603,0.030365,74.125.130.0-255,2902,184589,64,379155
48604,0.030371,172.31.40.0-255,66,184655,64,379155
48605,0.030385,74.125.130.0-255,2902,187557,64,379155
48606,0.030391,172.31.40.0-255,66,187623,64,379155
48607,0.032459,74.125.130.0-255,5738,193361,64,379155
48608,0.032466,172.31.40.0-255,66,193427,64,379155
48609,0.034538,74.125.130.0-255,5738,199165,64,379155
48610,0.034545,172.31.40.0-255,66,199231,64,379155
48611,0.03662,74.125.130.0-255,5738,204969,64,379155
48612,0.036627,172.31.40.0-255,66,205035,64,379155
48613,0.038695,74.125.130.0-255,5738,210773,64,379155
48614,0.038704,172.31.40.0-255,66,210839,64,379155
48615,0.040783,74.125.130.0-255,5738,216577,64,379155
48616,0.04079,172.31.40.0-255,66,216643,64,379155
48617,0.042894,74.125.130.0-255,5738,222381,64,379155
48618,0.042901,172.31.40.0-255,66,222447,64,379155
48619,0.044962,74.125.130.0-255,5738,228185,64,379155
48620,0.044969,172.31.40.0-255,66,228251,64,379155
48621,0.047047,74.125.130.0-255,5738,233989,64,379155
48622,0.047054,172.31.40.0-255,66,234055,64,379155
48623,0.049122,74.125.130.0-255,5738,239793,64,379155
48624,0.049128,172.31.40.0-255,66,239859,64,379155
48625,0.05121,74.125.130.0-255,5738,245597,64,379155
48626,0.051215,172.31.40.0-255,66,245663,64,379155
48627,0.053311,74.125.130.0-255,5738,251401,64,379155
48628,0.053318,172.31.40.0-255,66,251467,64,379155
48629,0.055396,74.125.130.0-255,5738,257205,64,379155
48630,0.055403,172.31.40.0-255,66,257271,64,379155
48631,0.057494,74.125.130.0-255,5738,263009,64,379155
48632,0.0575,172.31.40.0-255,66,263075,64,379155
48633,0.059566,74.125.130.0-255,5738,268813,64,379155
48634,0.059571,172.31.40.0-255,66,268879,64,379155
48635,0.061638,74.125.130.0-255,5738,274617,64,379155
48636,0.061643,172.31.40.0-255,66,274683,64,379155
48637,0.063714,74.125.130.0-255,5738,280421,64,379155
48638,0.063721,172.31.40.0-255,66,280487,64,379155
48639,0.065801,74.125.130.0-255,5738,286225,64,379155
48640,0.065807,172.31.40.0-255,66,286291,64,379155
48641,0.067885,74.125.130.0-255,5738,292029,64,379155
48642,0.067891,172.31.40.0-255,66,292095,64,379155
48643,0.069969,74.125.130.0-255,5738,297833,64,379155
48644,0.069975,172.31.40.0-255,66,297899,64,379155
48645,0.07205,74.125.130.0-255,5738,303637,64,379155
48646,0.072057,172.31.40.0-255,66,303703,64,379155
48647,0.074127,74.125.130.0-255,5738,309441,64,379155
48648,0.074134,172.31.40.0-255,66,309507,64,379155
48649,0.076209,74.125.130.0-255,5738,315245,64,379155
48650,0.076216,172.31.40.0-255,66,315311,64,379155
48651,0.078292,74.125.130.0-255,5738,321049,64,379155
48652,0.078299,172.31.40.0-255,66,321115,64,379155
48653,0.080375,74.125.130.0-255,5738,326853,64,379155
48654,0.080381,172.31.40.0-255,66,326919,64,379155
48655,0.082491,74.125.130.0-255,5738,332657,64,379155
48656,0.082497,172.31.40.0-255,66,332723,64,379155
48657,0.084574,74.125.130.0-255,5738,338461,64,379155
48658,0.08458,172.31.40.0-255,66,338527,64,379155
48659,0.086659,74.125.130.0-255,5738,344265,64,379155
48660,0.086665,172.31.40.0-255,66,344331,64,379155
48661,0.088737,74.125.130.0-255,5738,350069,64,379155
48662,0.088743,172.31.40.0-255,66,350135,64,379155
48663,0.090818,74.125.130.0-255,5738,355873,64,379155
48664,0.090824,172.31.40.0-255,66,355939,64,379155
48665,0.092902,74.125.130.0-255,5738,361677,64,379155
48666,0.092908,172.31.40.0-255,66,361743,64,379155
48667,0.094982,74.125.130.0-255,5738,367481,64,379155
48668,0.094989,172.31.40.0-255,66,367547,64,379155
48669,0.097085,74.125.130.0-255,5738,373285,64,379155
48670,0.097093,172.31.40.0-255,66,373351,64,379155
48671,0.099173,74.125.130.0-255,5738,379089,64,379155
48672,0.09918,172.31.40.0-255,66,379155,64,379155
48673,0.0,172.217.194.0-255,297,297,64,318069
48674,2.9e-05,172.31.40.0-255,66,363,64,318069
48675,3.6e-05,172.217.194.0-255,1484,1847,64,318069
48676,4e-05,172.31.40.0-255,66,1913,64,318069
48677,4.7e-05,172.217.194.0-255,4320,6233,64,318069
48678,4.9e-05,172.31.40.0-255,66,6299,64,318069
48679,6.1e-05,172.31.40.0-255,66,6365,64,318069
48680,0.000813,172.217.194.0-255,1484,7849,64,318069
48681,0.000819,172.31.40.0-255,66,7915,64,318069
48682,0.000828,172.217.194.0-255,2902,10817,64,318069
48683,0.00083,172.31.40.0-255,66,10883,64,318069
48684,0.000838,172.217.194.0-255,5738,16621,64,318069
48685,0.000841,172.31.40.0-255,66,16687,64,318069
48686,0.000882,172.31.40.0-255,66,16753,64,318069
48687,0.000893,172.31.40.0-255,66,16819,64,318069
48688,0.000932,172.217.194.0-255,2902,19721,64,318069
48689,0.000935,172.31.40.0-255,66,19787,64,318069
48690,0.000964,172.31.40.0-255,66,19853,64,318069
48691,0.000988,172.217.194.0-255,377,20230,64,318069
48692,0.000992,172.31.40.0-255,66,20296,64,318069
48693,0.001064,172.217.194.0-255,367,20663,64,318069
48694,0.001069,172.31.40.0-255,66,20729,64,318069
48695,0.001133,172.217.194.0-255,1484,22213,64,318069
48696,0.001136,172.31.40.0-255,66,22279,64,318069
48697,0.001142,172.217.194.0-255,2902,25181,64,318069
48698,0.001144,172.31.40.0-255,66,25247,64,318069
48699,0.001188,172.217.194.0-255,5738,30985,64,318069
48700,0.001191,172.31.40.0-255,66,31051,64,318069
48701,0.001205,172.31.40.0-255,66,31117,64,318069
48702,0.001218,172.31.40.0-255,66,31183,64,318069
48703,0.001305,172.217.194.0-255,1484,32667,64,318069
48704,0.001312,172.217.194.0-255,2902,35569,64,318069
48705,0.001315,172.31.40.0-255,66,35635,64,318069
48706,0.001321,172.217.194.0-255,4320,39955,64,318069
48707,0.001324,172.31.40.0-255,66,40021,64,318069
48708,0.001336,172.217.194.0-255,1484,41505,64,318069
48709,0.001353,172.217.194.0-255,5738,47243,64,318069
48710,0.001356,172.31.40.0-255,66,47309,64,318069
48711,0.001378,172.217.194.0-255,4320,51629,64,318069
48712,0.001381,172.31.40.0-255,66,51695,64,318069
48713,0.001394,172.31.40.0-255,66,51761,64,318069
48714,0.001398,172.217.194.0-255,2184,53945,64,318069
48715,0.0014,172.31.40.0-255,66,54011,64,318069
48716,0.001652,172.217.194.0-255,1484,55495,64,318069
48717,0.001659,172.217.194.0-255,2902,58397,64,318069
48718,0.001662,172.31.40.0-255,66,58463,64,318069
48719,0.001684,172.217.194.0-255,5738,64201,64,318069
48720,0.001686,172.31.40.0-255,66,64267,64,318069
48721,0.001717,172.31.40.0-255,66,64333,64,318069
48722,0.001738,172.217.194.0-255,1484,65817,64,318069
48723,0.001749,172.31.40.0-255,66,65883,64,318069
48724,0.001771,172.217.194.0-255,5020,70903,64,318069
48725,0.001774,172.31.40.0-255,66,70969,64,318069
48726,0.001897,172.217.194.0-255,1484,72453,64,318069
48727,0.001903,172.217.194.0-255,2902,75355,64,318069
48728,0.001906,172.31.40.0-255,66,75421,64,318069
48729,0.001913,172.217.194.0-255,4320,79741,64,318069
48730,0.001915,172.31.40.0-255,66,79807,64,318069
48731,0.001939,172.217.194.0-255,1484,81291,64,318069
48732,0.001944,172.217.194.0-255,4320,85611,64,318069
48733,0.001947,172.31.40.0-255,66,85677,64,318069
48734,0.001974,172.31.40.0-255,66,85743,64,318069
48735,0.001999,172.217.194.0-255,5738,91481,64,318069
48736,0.002002,172.31.40.0-255,66,91547,64,318069
48737,0.002025,172.217.194.0-255,5020,96567,64,318069
48738,0.002028,172.31.40.0-255,66,96633,64,318069
48739,0.00432,172.217.194.0-255,5738,102371,64,318069
48740,0.004327,172.31.40.0-255,66,102437,64,318069
48741,0.006614,172.217.194.0-255,5738,108175,64,318069
48742,0.006617,172.31.40.0-255,66,108241,64,318069
48743,0.008909,172.217.194.0-255,5738,113979,64,318069
48744,0.008915,172.31.40.0-255,66,114045,64,318069
48745,0.011251,172.217.194.0-255,5738,119783,64,318069
48746,0.011262,172.31.40.0-255,66,119849,64,318069
48747,0.013587,172.217.194.0-255,5738,125587,64,318069
48748,0.013597,172.31.40.0-255,66,125653,64,318069
48749,0.015907,172.217.194.0-255,5738,131391,64,318069
48750,0.015918,172.31.40.0-255,66,131457,64,318069
48751,0.018254,172.217.194.0-255,5738,137195,64,318069
48752,0.018265,172.31.40.0-255,66,137261,64,318069
48753,0.020549,172.217.194.0-255,5738,142999,64,318069
48754,0.020558,172.31.40.0-255,66,143065,64,318069
48755,0.022976,172.217.194.0-255,5738,148803,64,318069
48756,0.022983,172.31.40.0-255,66,148869,64,318069
48757,0.025322,172.217.194.0-255,5738,154607,64,318069
48758,0.02534,172.31.40.0-255,66,154673,64,318069
48759,0.027666,172.217.194.0-255,5738,160411,64,318069
48760,0.027677,172.31.40.0-255,66,160477,64,318069
48761,0.030012,172.217.194.0-255,5738,166215,64,318069
48762,0.030029,172.31.40.0-255,66,166281,64,318069
48763,0.032355,172.217.194.0-255,5738,172019,64,318069
48764,0.032369,172.31.40.0-255,66,172085,64,318069
48765,0.034691,172.217.194.0-255,5738,177823,64,318069
48766,0.034697,172.31.40.0-255,66,177889,64,318069
48767,0.037038,172.217.194.0-255,5738,183627,64,318069
48768,0.037049,172.31.40.0-255,66,183693,64,318069
48769,0.039374,172.217.194.0-255,5738,189431,64,318069
48770,0.039398,172.31.40.0-255,66,189497,64,318069
48771,0.041717,172.217.194.0-255,5738,195235,64,318069
48772,0.041726,172.31.40.0-255,66,195301,64,318069
48773,0.044064,172.217.194.0-255,5738,201039,64,318069
48774,0.044081,172.31.40.0-255,66,201105,64,318069
48775,0.046402,172.217.194.0-255,5738,206843,64,318069
48776,0.046411,172.31.40.0-255,66,206909,64,318069
48777,0.048753,172.217.194.0-255,5738,212647,64,318069
48778,0.048768,172.31.40.0-255,66,212713,64,318069
48779,0.051132,172.217.194.0-255,5738,218451,64,318069
48780,0.05114,172.31.40.0-255,66,218517,64,318069
48781,0.053465,172.217.194.0-255,5738,224255,64,318069
48782,0.053476,172.31.40.0-255,66,224321,64,318069
48783,0.055735,172.31.40.0-255,172,224493,64,318069
48784,0.055765,172.31.40.0-255,1112,225605,64,318069
48785,0.055788,172.217.194.0-255,2902,228507,64,318069
48786,0.055793,172.31.40.0-255,66,228573,64,318069
48787,0.055807,172.217.194.0-255,2902,231475,64,318069
48788,0.05581,172.31.40.0-255,66,231541,64,318069
48789,0.055919,172.31.40.0-255,1514,233055,64,318069
48790,0.055921,172.31.40.0-255,1514,234569,64,318069
48791,0.055926,172.31.40.0-255,1514,236083,64,318069
48792,0.055927,172.31.40.0-255,1514,237597,64,318069
48793,0.055946,172.31.40.0-255,1514,239111,64,318069
48794,0.055947,172.31.40.0-255,83,239194,64,318069
48795,0.057279,104.244.42.0-255,66,239260,64,318069
48796,0.057323,104.244.42.0-255,66,239326,64,318069
48797,0.057527,104.244.42.0-255,66,239392,64,318069
48798,0.057533,104.244.42.0-255,66,239458,64,318069
48799,0.057536,104.244.42.0-255,66,239524,64,318069
48800,0.058072,172.217.194.0-255,2902,242426,64,318069
48801,0.058079,172.31.40.0-255,66,242492,64,318069
48802,0.05811,172.217.194.0-255,2902,245394,64,318069
48803,0.058114,172.31.40.0-255,66,245460,64,318069
48804,0.060395,172.217.194.0-255,2902,248362,64,318069
48805,0.060401,172.31.40.0-255,66,248428,64,318069
48806,0.060427,172.217.194.0-255,2902,251330,64,318069
48807,0.06043,172.31.40.0-255,66,251396,64,318069
48808,0.062728,172.217.194.0-255,5738,257134,64,318069
48809,0.062743,172.31.40.0-255,66,257200,64,318069
48810,0.065049,172.217.194.0-255,5738,262938,64,318069
48811,0.065057,172.31.40.0-255,66,263004,64,318069
48812,0.067376,172.217.194.0-255,5738,268742,64,318069
48813,0.067382,172.31.40.0-255,66,268808,64,318069
48814,0.069682,172.217.194.0-255,4320,273128,64,318069
48815,0.06969,172.31.40.0-255,66,273194,64,318069
48816,0.069708,172.217.194.0-255,1484,274678,64,318069
48817,0.072033,172.217.194.0-255,4320,278998,64,318069
48818,0.072041,172.31.40.0-255,66,279064,64,318069
48819,0.074349,172.217.194.0-255,5738,284802,64,318069
48820,0.074356,172.31.40.0-255,66,284868,64,318069
48821,0.076711,172.217.194.0-255,5738,290606,64,318069
48822,0.076717,172.31.40.0-255,66,290672,64,318069
48823,0.079076,172.217.194.0-255,5738,296410,64,318069
48824,0.079087,172.31.40.0-255,66,296476,64,318069
48825,0.081393,172.217.194.0-255,5738,302214,64,318069
48826,0.081401,172.31.40.0-255,66,302280,64,318069
48827,0.083694,172.217.194.0-255,5738,308018,64,318069
48828,0.0837,172.31.40.0-255,66,308084,64,318069
48829,0.086065,172.217.194.0-255,5738,313822,64,318069
48830,0.086072,172.31.40.0-255,66,313888,64,318069
48831,0.088381,172.217.194.0-255,3944,317832,64,318069
48832,0.088388,172.31.40.0-255,66,317898,64,318069
48833,0.08856,172.31.40.0-255,105,318003,64,318069
48834,0.090844,172.217.194.0-255,66,318069,64,318069
48835,0.0,172.217.194.0-255,146,146,64,301189
48836,2.7e-05,172.31.40.0-255,66,212,64,301189
48837,3.2e-05,172.217.194.0-255,1484,1696,64,301189
48838,3.7e-05,172.31.40.0-255,66,1762,64,301189
48839,4.1e-05,172.217.194.0-255,1484,3246,64,301189
48840,4.3e-05,172.31.40.0-255,66,3312,64,301189
48841,5.4e-05,172.217.194.0-255,2902,6214,64,301189
48842,5.7e-05,172.31.40.0-255,66,6280,64,301189
48843,6.3e-05,172.217.194.0-255,5738,12018,64,301189
48844,6.6e-05,172.31.40.0-255,66,12084,64,301189
48845,0.000109,172.31.40.0-255,66,12150,64,301189
48846,0.000115,172.217.194.0-255,5379,17529,64,301189
48847,0.000117,172.31.40.0-255,66,17595,64,301189
48848,0.000156,172.217.194.0-255,1484,19079,64,301189
48849,0.000159,172.31.40.0-255,66,19145,64,301189
48850,0.000165,172.217.194.0-255,2902,22047,64,301189
48851,0.000169,172.31.40.0-255,66,22113,64,301189
48852,0.000172,172.217.194.0-255,1484,23597,64,301189
48853,0.000173,172.31.40.0-255,66,23663,64,301189
48854,0.000211,172.217.194.0-255,4320,27983,64,301189
48855,0.000215,172.31.40.0-255,66,28049,64,301189
48856,0.000233,172.31.40.0-255,66,28115,64,301189
48857,0.000261,172.217.194.0-255,4320,32435,64,301189
48858,0.000265,172.31.40.0-255,66,32501,64,301189
48859,0.000306,172.31.40.0-255,66,32567,64,301189
48860,0.000309,172.217.194.0-255,123,32690,64,301189
48861,0.000311,172.31.40.0-255,66,32756,64,301189
48862,0.000364,172.217.194.0-255,1484,34240,64,301189
48863,0.000368,172.31.40.0-255,66,34306,64,301189
48864,0.000373,172.217.194.0-255,2902,37208,64,301189
48865,0.000375,172.31.40.0-255,66,37274,64,301189
48866,0.000379,172.217.194.0-255,1484,38758,64,301189
48867,0.000412,172.217.194.0-255,4320,43078,64,301189
48868,0.000416,172.31.40.0-255,66,43144,64,301189
48869,0.000423,172.217.194.0-255,5738,48882,64,301189
48870,0.000425,172.31.40.0-255,66,48948,64,301189
48871,0.000453,172.217.194.0-255,1434,50382,64,301189
48872,0.000581,172.217.194.0-255,1484,51866,64,301189
48873,0.000586,172.31.40.0-255,66,51932,64,301189
48874,0.00059,172.217.194.0-255,1484,53416,64,301189
48875,0.000613,172.217.194.0-255,1484,54900,64,301189
48876,0.000616,172.31.40.0-255,66,54966,64,301189
48877,0.000623,172.217.194.0-255,5738,60704,64,301189
48878,0.000626,172.31.40.0-255,66,60770,64,301189
48879,0.000661,172.217.194.0-255,4320,65090,64,301189
48880,0.000664,172.31.40.0-255,66,65156,64,301189
48881,0.000697,172.217.194.0-255,2902,68058,64,301189
48882,0.0007,172.31.40.0-255,66,68124,64,301189
48883,0.000719,172.31.40.0-255,66,68190,64,301189
48884,0.000723,172.217.194.0-255,1634,69824,64,301189
48885,0.000725,172.31.40.0-255,66,69890,64,301189
48886,0.00073,172.217.194.0-255,2902,72792,64,301189
48887,0.000732,172.31.40.0-255,66,72858,64,301189
48888,0.000737,172.217.194.0-255,4320,77178,64,301189
48889,0.000739,172.31.40.0-255,66,77244,64,301189
48890,0.000744,172.217.194.0-255,4320,81564,64,301189
48891,0.000749,172.31.40.0-255,66,81630,64,301189
48892,0.000768,172.217.194.0-255,4320,85950,64,301189
48893,0.000775,172.31.40.0-255,66,86016,64,301189
48894,0.000788,172.31.40.0-255,66,86082,64,301189
48895,0.000824,172.217.194.0-255,6438,92520,64,301189
48896,0.000828,172.31.40.0-255,66,92586,64,301189
48897,0.000832,172.217.194.0-255,4320,96906,64,301189
48898,0.000835,172.31.40.0-255,66,96972,64,301189
48899,0.000847,172.217.194.0-255,5738,102710,64,301189
48900,0.00085,172.31.40.0-255,66,102776,64,301189
48901,0.000885,172.217.194.0-255,6797,109573,64,301189
48902,0.000889,172.31.40.0-255,66,109639,64,301189
48903,0.000893,172.217.194.0-255,2902,112541,64,301189
48904,0.000896,172.31.40.0-255,66,112607,64,301189
48905,0.000917,172.217.194.0-255,4320,116927,64,301189
48906,0.00092,172.31.40.0-255,66,116993,64,301189
48907,0.000933,172.217.194.0-255,7156,124149,64,301189
48908,0.000936,172.31.40.0-255,66,124215,64,301189
48909,0.000964,172.217.194.0-255,2902,127117,64,301189
48910,0.000968,172.31.40.0-255,66,127183,64,301189
48911,0.000986,172.217.194.0-255,2902,130085,64,301189
48912,0.000989,172.31.40.0-255,66,130151,64,301189
48913,0.001029,172.31.40.0-255,66,130217,64,301189
48914,0.001194,172.217.194.0-255,1484,131701,64,301189
48915,0.001219,172.217.194.0-255,2902,134603,64,301189
48916,0.001223,172.31.40.0-255,66,134669,64,301189
48917,0.001226,172.217.194.0-255,1484,136153,64,301189
48918,0.001258,172.217.194.0-255,4320,140473,64,301189
48919,0.001261,172.31.40.0-255,66,140539,64,301189
48920,0.001265,172.217.194.0-255,2902,143441,64,301189
48921,0.001267,172.31.40.0-255,66,143507,64,301189
48922,0.00131,172.31.40.0-255,66,143573,64,301189
48923,0.001324,172.217.194.0-255,4320,147893,64,301189
48924,0.001331,172.31.40.0-255,66,147959,64,301189
48925,0.001353,172.217.194.0-255,6438,154397,64,301189
48926,0.001356,172.31.40.0-255,66,154463,64,301189
48927,0.002005,172.217.194.0-255,1484,155947,64,301189
48928,0.002011,172.217.194.0-255,2902,158849,64,301189
48929,0.002016,172.217.194.0-255,5738,164587,64,301189
48930,0.002016,172.31.40.0-255,66,164653,64,301189
48931,0.00202,172.31.40.0-255,66,164719,64,301189
48932,0.002041,172.31.40.0-255,66,164785,64,301189
48933,0.002054,172.31.40.0-255,66,164851,64,301189
48934,0.002059,172.217.194.0-255,2902,167753,64,301189
48935,0.002061,172.31.40.0-255,66,167819,64,301189
48936,0.002107,172.31.40.0-255,66,167885,64,301189
48937,0.00413,172.217.194.0-255,5738,173623,64,301189
48938,0.00414,172.31.40.0-255,66,173689,64,301189
48939,0.006161,172.217.194.0-255,5738,179427,64,301189
48940,0.006165,172.31.40.0-255,66,179493,64,301189
48941,0.008193,172.217.194.0-255,5738,185231,64,301189
48942,0.0082,172.31.40.0-255,66,185297,64,301189
48943,0.010215,172.217.194.0-255,5738,191035,64,301189
48944,0.010222,172.31.40.0-255,66,191101,64,301189
48945,0.012243,172.217.194.0-255,5738,196839,64,301189
48946,0.012251,172.31.40.0-255,66,196905,64,301189
48947,0.014274,172.217.194.0-255,5738,202643,64,301189
48948,0.014281,172.31.40.0-255,66,202709,64,301189
48949,0.016288,172.217.194.0-255,5738,208447,64,301189
48950,0.016294,172.31.40.0-255,66,208513,64,301189
48951,0.018304,172.217.194.0-255,5738,214251,64,301189
48952,0.018312,172.31.40.0-255,66,214317,64,301189
48953,0.02031,172.217.194.0-255,5738,220055,64,301189
48954,0.020317,172.31.40.0-255,66,220121,64,301189
48955,0.022345,172.217.194.0-255,5738,225859,64,301189
48956,0.022357,172.31.40.0-255,66,225925,64,301189
48957,0.024367,172.217.194.0-255,5738,231663,64,301189
48958,0.024373,172.31.40.0-255,66,231729,64,301189
48959,0.025312,172.31.40.0-255,167,231896,64,301189
48960,0.025342,172.31.40.0-255,1107,233003,64,301189
48961,0.02538,172.31.40.0-255,1514,234517,64,301189
48962,0.025381,172.31.40.0-255,338,234855,64,301189
48963,0.026371,172.217.194.0-255,5738,240593,64,301189
48964,0.026376,172.31.40.0-255,66,240659,64,301189
48965,0.026869,104.244.42.0-255,66,240725,64,301189
48966,0.026914,104.244.42.0-255,66,240791,64,301189
48967,0.026956,104.244.42.0-255,66,240857,64,301189
48968,0.028384,172.217.194.0-255,5738,246595,64,301189
48969,0.028388,172.31.40.0-255,66,246661,64,301189
48970,0.030407,172.217.194.0-255,5738,252399,64,301189
48971,0.030412,172.31.40.0-255,66,252465,64,301189
48972,0.032449,172.217.194.0-255,5738,258203,64,301189
48973,0.032454,172.31.40.0-255,66,258269,64,301189
48974,0.034456,172.217.194.0-255,5738,264007,64,301189
48975,0.034462,172.31.40.0-255,66,264073,64,301189
48976,0.036514,172.217.194.0-255,5738,269811,64,301189
48977,0.03652,172.31.40.0-255,66,269877,64,301189
48978,0.038544,172.217.194.0-255,4320,274197,64,301189
48979,0.038549,172.31.40.0-255,66,274263,64,301189
48980,0.038582,172.217.194.0-255,1484,275747,64,301189
48981,0.040553,172.217.194.0-255,4320,280067,64,301189
48982,0.040558,172.31.40.0-255,66,280133,64,301189
48983,0.04258,172.217.194.0-255,5738,285871,64,301189
48984,0.042586,172.31.40.0-255,66,285937,64,301189
48985,0.044614,172.217.194.0-255,5738,291675,64,301189
48986,0.044619,172.31.40.0-255,66,291741,64,301189
48987,0.046631,172.217.194.0-255,4320,296061,64,301189
48988,0.046637,172.31.40.0-255,66,296127,64,301189
48989,0.046672,172.217.194.0-255,1484,297611,64,301189
48990,0.048669,172.217.194.0-255,3341,300952,64,301189
48991,0.048675,172.31.40.0-255,66,301018,64,301189
48992,0.049451,172.31.40.0-255,105,301123,64,301189
48993,0.051468,172.217.194.0-255,66,301189,64,301189
48994,0.0,74.125.68.0-255,153,153,64,348636
48995,2.1e-05,172.31.40.0-255,66,219,64,348636
48996,2.8e-05,74.125.68.0-255,1484,1703,64,348636
48997,3.2e-05,172.31.40.0-255,66,1769,64,348636
48998,3.9e-05,74.125.68.0-255,2902,4671,64,348636
48999,5e-05,172.31.40.0-255,66,4737,64,348636
49000,5.7e-05,74.125.68.0-255,5738,10475,64,348636
49001,6e-05,172.31.40.0-255,66,10541,64,348636
49002,6.5e-05,74.125.68.0-255,3420,13961,64,348636
49003,6.8e-05,172.31.40.0-255,66,14027,64,348636
49004,7.3e-05,74.125.68.0-255,2902,16929,64,348636
49005,7.6e-05,172.31.40.0-255,66,16995,64,348636
49006,9.4e-05,74.125.68.0-255,1484,18479,64,348636
49007,9.6e-05,172.31.40.0-255,66,18545,64,348636
49008,9.9e-05,74.125.68.0-255,1484,20029,64,348636
49009,0.000102,172.31.40.0-255,66,20095,64,348636
49010,0.000138,172.31.40.0-255,66,20161,64,348636
49011,0.000142,74.125.68.0-255,2543,22704,64,348636
49012,0.000144,172.31.40.0-255,66,22770,64,348636
49013,0.000211,74.125.68.0-255,1484,24254,64,348636
49014,0.000215,172.31.40.0-255,66,24320,64,348636
49015,0.000225,74.125.68.0-255,2902,27222,64,348636
49016,0.000228,172.31.40.0-255,66,27288,64,348636
49017,0.000237,74.125.68.0-255,4320,31608,64,348636
49018,0.000252,172.31.40.0-255,66,31674,64,348636
49019,0.000277,74.125.68.0-255,1484,33158,64,348636
49020,0.00028,172.31.40.0-255,66,33224,64,348636
49021,0.000291,172.31.40.0-255,66,33290,64,348636
49022,0.000297,74.125.68.0-255,5738,39028,64,348636
49023,0.0003,172.31.40.0-255,66,39094,64,348636
49024,0.000325,74.125.68.0-255,2902,41996,64,348636
49025,0.000327,172.31.40.0-255,66,42062,64,348636
49026,0.000334,74.125.68.0-255,6797,48859,64,348636
49027,0.000337,172.31.40.0-255,66,48925,64,348636
49028,0.000375,74.125.68.0-255,647,49572,64,348636
49029,0.000502,74.125.68.0-255,1484,51056,64,348636
49030,0.000506,172.31.40.0-255,66,51122,64,348636
49031,0.000531,74.125.68.0-255,2902,54024,64,348636
49032,0.000533,172.31.40.0-255,66,54090,64,348636
49033,0.000538,74.125.68.0-255,4320,58410,64,348636
49034,0.00054,172.31.40.0-255,66,58476,64,348636
49035,0.000572,74.125.68.0-255,2902,61378,64,348636
49036,0.000575,172.31.40.0-255,66,61444,64,348636
49037,0.000595,74.125.68.0-255,5379,66823,64,348636
49038,0.000597,172.31.40.0-255,66,66889,64,348636
49039,0.000638,74.125.68.0-255,1484,68373,64,348636
49040,0.000652,74.125.68.0-255,2902,71275,64,348636
49041,0.000655,172.31.40.0-255,66,71341,64,348636
49042,0.000701,74.125.68.0-255,5738,77079,64,348636
49043,0.000704,172.31.40.0-255,66,77145,64,348636
49044,0.00071,74.125.68.0-255,6247,83392,64,348636
49045,0.000712,172.31.40.0-255,66,83458,64,348636
49046,0.000896,74.125.68.0-255,1484,84942,64,348636
49047,0.000914,74.125.68.0-255,2902,87844,64,348636
49048,0.000917,172.31.40.0-255,66,87910,64,348636
49049,0.000923,74.125.68.0-255,4320,92230,64,348636
49050,0.000925,172.31.40.0-255,66,92296,64,348636
49051,0.000953,74.125.68.0-255,1484,93780,64,348636
49052,0.000959,74.125.68.0-255,7156,100936,64,348636
49053,0.000964,172.31.40.0-255,66,101002,64,348636
49054,0.000999,172.31.40.0-255,66,101068,64,348636
49055,0.001029,74.125.68.0-255,4320,105388,64,348636
49056,0.001033,172.31.40.0-255,66,105454,64,348636
49057,0.001058,74.125.68.0-255,2184,107638,64,348636
49058,0.001061,172.31.40.0-255,66,107704,64,348636
49059,0.001161,74.125.68.0-255,1484,109188,64,348636
49060,0.001165,74.125.68.0-255,1484,110672,64,348636
49061,0.001168,172.31.40.0-255,66,110738,64,348636
49062,0.001194,74.125.68.0-255,1484,112222,64,348636
49063,0.0012,74.125.68.0-255,4320,116542,64,348636
49064,0.001202,172.31.40.0-255,66,116608,64,348636
49065,0.001205,74.125.68.0-255,1484,118092,64,348636
49066,0.001231,74.125.68.0-255,7156,125248,64,348636
49067,0.001235,172.31.40.0-255,66,125314,64,348636
49068,0.001242,74.125.68.0-255,7156,132470,64,348636
49069,0.001245,172.31.40.0-255,66,132536,64,348636
49070,0.001269,74.125.68.0-255,1484,134020,64,348636
49071,0.001289,74.125.68.0-255,2902,136922,64,348636
49072,0.001292,172.31.40.0-255,66,136988,64,348636
49073,0.001312,74.125.68.0-255,5020,142008,64,348636
49074,0.001315,172.31.40.0-255,66,142074,64,348636
49075,0.001428,74.125.68.0-255,1484,143558,64,348636
49076,0.001435,74.125.68.0-255,2902,146460,64,348636
49077,0.001437,172.31.40.0-255,66,146526,64,348636
49078,0.001441,74.125.68.0-255,1484,148010,64,348636
49079,0.001469,74.125.68.0-255,4320,152330,64,348636
49080,0.001472,172.31.40.0-255,66,152396,64,348636
49081,0.001477,74.125.68.0-255,2902,155298,64,348636
49082,0.00148,172.31.40.0-255,66,155364,64,348636
49083,0.001541,172.31.40.0-255,66,155430,64,348636
49084,0.001547,74.125.68.0-255,5738,161168,64,348636
49085,0.00155,172.31.40.0-255,66,161234,64,348636
49086,0.001556,74.125.68.0-255,5020,166254,64,348636
49087,0.001566,172.31.40.0-255,66,166320,64,348636
49088,0.001668,74.125.68.0-255,1484,167804,64,348636
49089,0.001677,74.125.68.0-255,2902,170706,64,348636
49090,0.00168,172.31.40.0-255,66,170772,64,348636
49091,0.00171,74.125.68.0-255,5738,176510,64,348636
49092,0.001713,172.31.40.0-255,66,176576,64,348636
49093,0.001721,74.125.68.0-255,7156,183732,64,348636
49094,0.001723,172.31.40.0-255,66,183798,64,348636
49095,0.00178,172.31.40.0-255,66,183864,64,348636
49096,0.001799,74.125.68.0-255,2184,186048,64,348636
49097,0.001801,172.31.40.0-255,66,186114,64,348636
49098,0.00182,74.125.68.0-255,2902,189016,64,348636
49099,0.001823,172.31.40.0-255,66,189082,64,348636
49100,0.001851,74.125.68.0-255,7156,196238,64,348636
49101,0.001854,172.31.40.0-255,66,196304,64,348636
49102,0.001858,74.125.68.0-255,2902,199206,64,348636
49103,0.001861,172.31.40.0-255,66,199272,64,348636
49104,0.001906,172.31.40.0-255,66,199338,64,348636
49105,0.001917,172.31.40.0-255,66,199404,64,348636
49106,0.001945,74.125.68.0-255,766,200170,64,348636
49107,0.003986,74.125.68.0-255,4320,204490,64,348636
49108,0.003995,172.31.40.0-255,66,204556,64,348636
49109,0.006069,74.125.68.0-255,5738,210294,64,348636
49110,0.006081,172.31.40.0-255,66,210360,64,348636
49111,0.008153,74.125.68.0-255,5738,216098,64,348636
49112,0.008158,172.31.40.0-255,66,216164,64,348636
49113,0.010221,74.125.68.0-255,5738,221902,64,348636
49114,0.010228,172.31.40.0-255,66,221968,64,348636
49115,0.012294,74.125.68.0-255,5738,227706,64,348636
49116,0.012301,172.31.40.0-255,66,227772,64,348636
49117,0.01437,74.125.68.0-255,5738,233510,64,348636
49118,0.014378,172.31.40.0-255,66,233576,64,348636
49119,0.016464,74.125.68.0-255,5738,239314,64,348636
49120,0.016473,172.31.40.0-255,66,239380,64,348636
49121,0.018549,74.125.68.0-255,5738,245118,64,348636
49122,0.018558,172.31.40.0-255,66,245184,64,348636
49123,0.020642,74.125.68.0-255,5738,250922,64,348636
49124,0.020651,172.31.40.0-255,66,250988,64,348636
49125,0.022715,74.125.68.0-255,5738,256726,64,348636
49126,0.022721,172.31.40.0-255,66,256792,64,348636
49127,0.024789,74.125.68.0-255,5738,262530,64,348636
49128,0.024796,172.31.40.0-255,66,262596,64,348636
49129,0.026869,74.125.68.0-255,5738,268334,64,348636
49130,0.026877,172.31.40.0-255,66,268400,64,348636
49131,0.028953,74.125.68.0-255,5738,274138,64,348636
49132,0.02896,172.31.40.0-255,66,274204,64,348636
49133,0.031032,74.125.68.0-255,5738,279942,64,348636
49134,0.031038,172.31.40.0-255,66,280008,64,348636
49135,0.031929,172.31.40.0-255,172,280180,64,348636
49136,0.031956,172.31.40.0-255,1111,281291,64,348636
49137,0.032006,172.31.40.0-255,1514,282805,64,348636
49138,0.032026,172.31.40.0-255,1297,284102,64,348636
49139,0.033122,74.125.68.0-255,5738,289840,64,348636
49140,0.033128,172.31.40.0-255,66,289906,64,348636
49141,0.033466,104.244.42.0-255,66,289972,64,348636
49142,0.033509,104.244.42.0-255,66,290038,64,348636
49143,0.03356,104.244.42.0-255,66,290104,64,348636
49144,0.035205,74.125.68.0-255,5738,295842,64,348636
49145,0.035212,172.31.40.0-255,66,295908,64,348636
49146,0.037269,74.125.68.0-255,1484,297392,64,348636
49147,0.03729,74.125.68.0-255,4320,301712,64,348636
49148,0.037294,172.31.40.0-255,66,301778,64,348636
49149,0.039367,74.125.68.0-255,5738,307516,64,348636
49150,0.039374,172.31.40.0-255,66,307582,64,348636
49151,0.041444,74.125.68.0-255,5738,313320,64,348636
49152,0.04145,172.31.40.0-255,66,313386,64,348636
49153,0.041509,172.31.40.0-255,101,313487,64,348636
49154,0.04352,74.125.68.0-255,5738,319225,64,348636
49155,0.043526,172.31.40.0-255,66,319291,64,348636
49156,0.043543,74.125.68.0-255,66,319357,64,348636
49157,0.045596,74.125.68.0-255,5738,325095,64,348636
49158,0.045602,172.31.40.0-255,66,325161,64,348636
49159,0.047683,74.125.68.0-255,5738,330899,64,348636
49160,0.047689,172.31.40.0-255,66,330965,64,348636
49161,0.049759,74.125.68.0-255,5738,336703,64,348636
49162,0.049766,172.31.40.0-255,66,336769,64,348636
49163,0.051831,74.125.68.0-255,5738,342507,64,348636
49164,0.051837,172.31.40.0-255,66,342573,64,348636
49165,0.053899,74.125.68.0-255,5738,348311,64,348636
49166,0.053905,172.31.40.0-255,66,348377,64,348636
49167,0.055945,74.125.68.0-255,88,348465,64,348636
49168,0.056011,172.31.40.0-255,105,348570,64,348636
49169,0.063193,74.125.68.0-255,66,348636,64,348636
49170,0.0,172.217.27.0-255,147,147,64,355761
49171,2.3e-05,172.31.40.0-255,66,213,64,355761
49172,3.1e-05,172.217.27.0-255,1484,1697,64,355761
49173,3.5e-05,172.31.40.0-255,66,1763,64,355761
49174,4e-05,172.217.27.0-255,2902,4665,64,355761
49175,5.3e-05,172.31.40.0-255,66,4731,64,355761
49176,6.1e-05,172.217.27.0-255,5738,10469,64,355761
49177,6.4e-05,172.31.40.0-255,66,10535,64,355761
49178,7.8e-05,172.31.40.0-255,66,10601,64,355761
49179,0.000102,172.217.27.0-255,2151,12752,64,355761
49180,0.000106,172.31.40.0-255,66,12818,64,355761
49181,0.000118,172.217.27.0-255,5738,18556,64,355761
49182,0.00012,172.31.40.0-255,66,18622,64,355761
49183,0.000141,172.217.27.0-255,1125,19747,64,355761
49184,0.000143,172.31.40.0-255,66,19813,64,355761
49185,0.000165,172.217.27.0-255,4320,24133,64,355761
49186,0.000168,172.31.40.0-255,66,24199,64,355761
49187,0.00018,172.217.27.0-255,2902,27101,64,355761
49188,0.000182,172.31.40.0-255,66,27167,64,355761
49189,0.000197,172.31.40.0-255,66,27233,64,355761
49190,0.0002,172.217.27.0-255,1125,28358,64,355761
49191,0.000202,172.31.40.0-255,66,28424,64,355761
49192,0.000486,172.217.27.0-255,1484,29908,64,355761
49193,0.000491,172.217.27.0-255,2902,32810,64,355761
49194,0.000497,172.31.40.0-255,66,32876,64,355761
49195,0.000501,172.31.40.0-255,66,32942,64,355761
49196,0.000533,172.217.27.0-255,5738,38680,64,355761
49197,0.000536,172.31.40.0-255,66,38746,64,355761
49198,0.000548,172.217.27.0-255,6797,45543,64,355761
49199,0.000551,172.31.40.0-255,66,45609,64,355761
49200,0.000553,172.217.27.0-255,360,45969,64,355761
49201,0.000804,172.217.27.0-255,1484,47453,64,355761
49202,0.000808,172.31.40.0-255,66,47519,64,355761
49203,0.000814,172.217.27.0-255,2902,50421,64,355761
49204,0.000816,172.31.40.0-255,66,50487,64,355761
49205,0.000821,172.217.27.0-255,4320,54807,64,355761
49206,0.000827,172.31.40.0-255,66,54873,64,355761
49207,0.000878,172.31.40.0-255,66,54939,64,355761
49208,0.001219,172.217.27.0-255,1484,56423,64,355761
49209,0.001225,172.217.27.0-255,2902,59325,64,355761
49210,0.001229,172.31.40.0-255,66,59391,64,355761
49211,0.001232,172.217.27.0-255,1484,60875,64,355761
49212,0.001257,172.217.27.0-255,1484,62359,64,355761
49213,0.001259,172.31.40.0-255,66,62425,64,355761
49214,0.001265,172.217.27.0-255,4320,66745,64,355761
49215,0.001267,172.31.40.0-255,66,66811,64,355761
49216,0.001282,172.31.40.0-255,66,66877,64,355761
49217,0.001323,172.31.40.0-255,66,66943,64,355761
49218,0.001517,172.217.27.0-255,1484,68427,64,355761
49219,0.001521,172.217.27.0-255,1484,69911,64,355761
49220,0.001524,172.31.40.0-255,66,69977,64,355761
49221,0.001552,172.217.27.0-255,1484,71461,64,355761
49222,0.001559,172.217.27.0-255,5738,77199,64,355761
49223,0.001561,172.31.40.0-255,66,77265,64,355761
49224,0.001566,172.217.27.0-255,4320,81585,64,355761
49225,0.001568,172.31.40.0-255,66,81651,64,355761
49226,0.001579,172.217.27.0-255,5738,87389,64,355761
49227,0.001581,172.31.40.0-255,66,87455,64,355761
49228,0.001593,172.31.40.0-255,66,87521,64,355761
49229,0.001596,172.217.27.0-255,1138,88659,64,355761
49230,0.001936,172.31.40.0-255,66,88725,64,355761
49231,0.003258,172.217.27.0-255,4320,93045,64,355761
49232,0.003263,172.31.40.0-255,66,93111,64,355761
49233,0.003596,172.217.27.0-255,1484,94595,64,355761
49234,0.004919,172.217.27.0-255,1484,96079,64,355761
49235,0.004922,172.31.40.0-255,66,96145,64,355761
49236,0.004938,172.217.27.0-255,2902,99047,64,355761
49237,0.00494,172.31.40.0-255,66,99113,64,355761
49238,0.006586,172.217.27.0-255,5738,104851,64,355761
49239,0.006592,172.31.40.0-255,66,104917,64,355761
49240,0.008249,172.217.27.0-255,5738,110655,64,355761
49241,0.008257,172.31.40.0-255,66,110721,64,355761
49242,0.009916,172.217.27.0-255,5738,116459,64,355761
49243,0.009923,172.31.40.0-255,66,116525,64,355761
49244,0.011577,172.217.27.0-255,5738,122263,64,355761
49245,0.011584,172.31.40.0-255,66,122329,64,355761
49246,0.013271,172.217.27.0-255,5738,128067,64,355761
49247,0.013279,172.31.40.0-255,66,128133,64,355761
49248,0.014931,172.217.27.0-255,5738,133871,64,355761
49249,0.014939,172.31.40.0-255,66,133937,64,355761
49250,0.0166,172.217.27.0-255,5738,139675,64,355761
49251,0.016608,172.31.40.0-255,66,139741,64,355761
49252,0.018301,172.217.27.0-255,5738,145479,64,355761
49253,0.018308,172.31.40.0-255,66,145545,64,355761
49254,0.019962,172.217.27.0-255,5738,151283,64,355761
49255,0.019969,172.31.40.0-255,66,151349,64,355761
49256,0.021635,172.217.27.0-255,5738,157087,64,355761
49257,0.021645,172.31.40.0-255,66,157153,64,355761
49258,0.023298,172.217.27.0-255,5738,162891,64,355761
49259,0.023304,172.31.40.0-255,66,162957,64,355761
49260,0.024316,172.31.40.0-255,167,163124,64,355761
49261,0.024352,172.31.40.0-255,1107,164231,64,355761
49262,0.024409,172.31.40.0-255,1514,165745,64,355761
49263,0.02441,172.31.40.0-255,338,166083,64,355761
49264,0.024998,172.217.27.0-255,5738,171821,64,355761
49265,0.025005,172.31.40.0-255,66,171887,64,355761
49266,0.025866,104.244.42.0-255,66,171953,64,355761
49267,0.025874,104.244.42.0-255,66,172019,64,355761
49268,0.02598,104.244.42.0-255,66,172085,64,355761
49269,0.026657,172.217.27.0-255,5738,177823,64,355761
49270,0.026662,172.31.40.0-255,66,177889,64,355761
49271,0.02833,172.217.27.0-255,5738,183627,64,355761
49272,0.028336,172.31.40.0-255,66,183693,64,355761
49273,0.03001,172.217.27.0-255,5738,189431,64,355761
49274,0.030016,172.31.40.0-255,66,189497,64,355761
49275,0.031691,172.217.27.0-255,5738,195235,64,355761
49276,0.031698,172.31.40.0-255,66,195301,64,355761
49277,0.033363,172.217.27.0-255,5738,201039,64,355761
49278,0.033374,172.31.40.0-255,66,201105,64,355761
49279,0.035053,172.217.27.0-255,5738,206843,64,355761
49280,0.035062,172.31.40.0-255,66,206909,64,355761
49281,0.036726,172.217.27.0-255,5738,212647,64,355761
49282,0.036733,172.31.40.0-255,66,212713,64,355761
49283,0.038392,172.217.27.0-255,5738,218451,64,355761
49284,0.038399,172.31.40.0-255,66,218517,64,355761
49285,0.040063,172.217.27.0-255,5738,224255,64,355761
49286,0.04007,172.31.40.0-255,66,224321,64,355761
49287,0.041733,172.217.27.0-255,5738,230059,64,355761
49288,0.041742,172.31.40.0-255,66,230125,64,355761
49289,0.043412,172.217.27.0-255,5738,235863,64,355761
49290,0.043418,172.31.40.0-255,66,235929,64,355761
49291,0.045093,172.217.27.0-255,5738,241667,64,355761
49292,0.045099,172.31.40.0-255,66,241733,64,355761
49293,0.046863,172.217.27.0-255,5738,247471,64,355761
49294,0.046869,172.31.40.0-255,66,247537,64,355761
49295,0.048533,172.217.27.0-255,5738,253275,64,355761
49296,0.04854,172.31.40.0-255,66,253341,64,355761
49297,0.050208,172.217.27.0-255,5738,259079,64,355761
49298,0.050214,172.31.40.0-255,66,259145,64,355761
49299,0.05188,172.217.27.0-255,5738,264883,64,355761
49300,0.051887,172.31.40.0-255,66,264949,64,355761
49301,0.053551,172.217.27.0-255,5738,270687,64,355761
49302,0.053558,172.31.40.0-255,66,270753,64,355761
49303,0.055249,172.217.27.0-255,5738,276491,64,355761
49304,0.055256,172.31.40.0-255,66,276557,64,355761
49305,0.056952,172.217.27.0-255,5738,282295,64,355761
49306,0.056959,172.31.40.0-255,66,282361,64,355761
49307,0.058621,172.217.27.0-255,5738,288099,64,355761
49308,0.058627,172.31.40.0-255,66,288165,64,355761
49309,0.0603,172.217.27.0-255,5738,293903,64,355761
49310,0.060306,172.31.40.0-255,66,293969,64,355761
49311,0.061972,172.217.27.0-255,5738,299707,64,355761
49312,0.061978,172.31.40.0-255,66,299773,64,355761
49313,0.063648,172.217.27.0-255,4320,304093,64,355761
49314,0.063654,172.31.40.0-255,66,304159,64,355761
49315,0.063676,172.217.27.0-255,1484,305643,64,355761
49316,0.06532,172.217.27.0-255,4320,309963,64,355761
49317,0.065326,172.31.40.0-255,66,310029,64,355761
49318,0.066985,172.217.27.0-255,5738,315767,64,355761
49319,0.06699,172.31.40.0-255,66,315833,64,355761
49320,0.068666,172.217.27.0-255,5738,321571,64,355761
49321,0.068672,172.31.40.0-255,66,321637,64,355761
49322,0.070327,172.217.27.0-255,5738,327375,64,355761
49323,0.070334,172.31.40.0-255,66,327441,64,355761
49324,0.072001,172.217.27.0-255,5738,333179,64,355761
49325,0.072008,172.31.40.0-255,66,333245,64,355761
49326,0.073687,172.217.27.0-255,5738,338983,64,355761
49327,0.073694,172.31.40.0-255,66,339049,64,355761
49328,0.075384,172.217.27.0-255,5738,344787,64,355761
49329,0.075391,172.31.40.0-255,66,344853,64,355761
49330,0.077049,172.217.27.0-255,5738,350591,64,355761
49331,0.077055,172.31.40.0-255,66,350657,64,355761
49332,0.078714,172.217.27.0-255,4867,355524,64,355761
49333,0.07872,172.31.40.0-255,66,355590,64,355761
49334,0.079909,172.31.40.0-255,105,355695,64,355761
49335,0.081539,172.217.27.0-255,66,355761,64,355761
49336,0.0,74.125.130.0-255,150,150,64,397619
49337,1.5e-05,172.31.40.0-255,66,216,64,397619
49338,2.2e-05,74.125.130.0-255,1484,1700,64,397619
49339,2.7e-05,172.31.40.0-255,66,1766,64,397619
49340,3e-05,74.125.130.0-255,1484,3250,64,397619
49341,3.4e-05,172.31.40.0-255,66,3316,64,397619
49342,4.7e-05,74.125.130.0-255,2902,6218,64,397619
49343,5.1e-05,172.31.40.0-255,66,6284,64,397619
49344,5.8e-05,74.125.130.0-255,5738,12022,64,397619
49345,6e-05,172.31.40.0-255,66,12088,64,397619
49346,0.000111,74.125.130.0-255,2041,14129,64,397619
49347,0.000118,172.31.40.0-255,66,14195,64,397619
49348,0.000185,74.125.130.0-255,1484,15679,64,397619
49349,0.000189,172.31.40.0-255,66,15745,64,397619
49350,0.000207,74.125.130.0-255,2902,18647,64,397619
49351,0.00021,172.31.40.0-255,66,18713,64,397619
49352,0.000236,74.125.130.0-255,2902,21615,64,397619
49353,0.000238,172.31.40.0-255,66,21681,64,397619
49354,0.000262,74.125.130.0-255,1484,23165,64,397619
49355,0.000264,172.31.40.0-255,66,23231,64,397619
49356,0.000271,74.125.130.0-255,5738,28969,64,397619
49357,0.000273,172.31.40.0-255,66,29035,64,397619
49358,0.000304,74.125.130.0-255,2543,31578,64,397619
49359,0.000306,172.31.40.0-255,66,31644,64,397619
49360,0.000333,74.125.130.0-255,1484,33128,64,397619
49361,0.000336,172.31.40.0-255,66,33194,64,397619
49362,0.000339,74.125.130.0-255,1484,34678,64,397619
49363,0.000341,172.31.40.0-255,66,34744,64,397619
49364,0.000361,74.125.130.0-255,1484,36228,64,397619
49365,0.000364,172.31.40.0-255,66,36294,64,397619
49366,0.000371,74.125.130.0-255,5738,42032,64,397619
49367,0.000373,172.31.40.0-255,66,42098,64,397619
49368,0.000376,74.125.130.0-255,1484,43582,64,397619
49369,0.000406,74.125.130.0-255,2902,46484,64,397619
49370,0.000409,172.31.40.0-255,66,46550,64,397619
49371,0.000435,74.125.130.0-255,2543,49093,64,397619
49372,0.000438,172.31.40.0-255,66,49159,64,397619
49373,0.000587,74.125.130.0-255,1484,50643,64,397619
49374,0.000593,74.125.130.0-255,1484,52127,64,397619
49375,0.000596,172.31.40.0-255,66,52193,64,397619
49376,0.0006,74.125.130.0-255,1484,53677,64,397619
49377,0.000617,74.125.130.0-255,1484,55161,64,397619
49378,0.000619,172.31.40.0-255,66,55227,64,397619
49379,0.00065,74.125.130.0-255,5738,60965,64,397619
49380,0.000652,172.31.40.0-255,66,61031,64,397619
49381,0.000688,74.125.130.0-255,5379,66410,64,397619
49382,0.000691,172.31.40.0-255,66,66476,64,397619
49383,0.000837,74.125.130.0-255,648,67124,64,397619
49384,0.000881,74.125.130.0-255,1484,68608,64,397619
49385,0.000884,172.31.40.0-255,66,68674,64,397619
49386,0.000913,74.125.130.0-255,2902,71576,64,397619
49387,0.000916,172.31.40.0-255,66,71642,64,397619
49388,0.000935,74.125.130.0-255,5738,77380,64,397619
49389,0.000938,172.31.40.0-255,66,77446,64,397619
49390,0.000967,74.125.130.0-255,7156,84602,64,397619
49391,0.00097,172.31.40.0-255,66,84668,64,397619
49392,0.001001,172.31.40.0-255,66,84734,64,397619
49393,0.001024,74.125.130.0-255,1484,86218,64,397619
49394,0.001036,74.125.130.0-255,1484,87702,64,397619
49395,0.001039,172.31.40.0-255,66,87768,64,397619
49396,0.001068,74.125.130.0-255,3602,91370,64,397619
49397,0.00107,172.31.40.0-255,66,91436,64,397619
49398,0.001111,74.125.130.0-255,1484,92920,64,397619
49399,0.001127,74.125.130.0-255,2902,95822,64,397619
49400,0.001129,172.31.40.0-255,66,95888,64,397619
49401,0.001133,74.125.130.0-255,1484,97372,64,397619
49402,0.001138,74.125.130.0-255,2902,100274,64,397619
49403,0.00114,172.31.40.0-255,66,100340,64,397619
49404,0.001167,74.125.130.0-255,5738,106078,64,397619
49405,0.00117,172.31.40.0-255,66,106144,64,397619
49406,0.001198,74.125.130.0-255,7156,113300,64,397619
49407,0.001201,172.31.40.0-255,66,113366,64,397619
49408,0.001236,172.31.40.0-255,66,113432,64,397619
49409,0.001242,74.125.130.0-255,3602,117034,64,397619
49410,0.001244,172.31.40.0-255,66,117100,64,397619
49411,0.00144,74.125.130.0-255,1484,118584,64,397619
49412,0.001445,74.125.130.0-255,1484,120068,64,397619
49413,0.001448,172.31.40.0-255,66,120134,64,397619
49414,0.001478,74.125.130.0-255,1484,121618,64,397619
49415,0.001485,74.125.130.0-255,5738,127356,64,397619
49416,0.001487,172.31.40.0-255,66,127422,64,397619
49417,0.001492,74.125.130.0-255,2902,130324,64,397619
49418,0.001493,172.31.40.0-255,66,130390,64,397619
49419,0.001498,74.125.130.0-255,2902,133292,64,397619
49420,0.0015,172.31.40.0-255,66,133358,64,397619
49421,0.001525,74.125.130.0-255,1484,134842,64,397619
49422,0.001541,172.31.40.0-255,66,134908,64,397619
49423,0.001546,74.125.130.0-255,2902,137810,64,397619
49424,0.001548,172.31.40.0-255,66,137876,64,397619
49425,0.001577,74.125.130.0-255,4320,142196,64,397619
49426,0.00158,172.31.40.0-255,66,142262,64,397619
49427,0.001583,74.125.130.0-255,766,143028,64,397619
49428,0.00176,74.125.130.0-255,1484,144512,64,397619
49429,0.001764,172.31.40.0-255,66,144578,64,397619
49430,0.001784,74.125.130.0-255,2902,147480,64,397619
49431,0.001787,172.31.40.0-255,66,147546,64,397619
49432,0.001811,74.125.130.0-255,2902,150448,64,397619
49433,0.001813,172.31.40.0-255,66,150514,64,397619
49434,0.001838,74.125.130.0-255,4320,154834,64,397619
49435,0.00184,172.31.40.0-255,66,154900,64,397619
49436,0.001882,74.125.130.0-255,5738,160638,64,397619
49437,0.001886,172.31.40.0-255,66,160704,64,397619
49438,0.001914,74.125.130.0-255,2902,163606,64,397619
49439,0.001916,172.31.40.0-255,66,163672,64,397619
49440,0.001946,74.125.130.0-255,4320,167992,64,397619
49441,0.001949,172.31.40.0-255,66,168058,64,397619
49442,0.001954,74.125.130.0-255,2902,170960,64,397619
49443,0.001956,172.31.40.0-255,66,171026,64,397619
49444,0.001961,74.125.130.0-255,4320,175346,64,397619
49445,0.001968,172.31.40.0-255,66,175412,64,397619
49446,0.002022,74.125.130.0-255,2184,177596,64,397619
49447,0.002026,172.31.40.0-255,66,177662,64,397619
49448,0.004194,74.125.130.0-255,2902,180564,64,397619
49449,0.004201,172.31.40.0-255,66,180630,64,397619
49450,0.004247,74.125.130.0-255,2902,183532,64,397619
49451,0.004249,172.31.40.0-255,66,183598,64,397619
49452,0.006436,74.125.130.0-255,2902,186500,64,397619
49453,0.006443,172.31.40.0-255,66,186566,64,397619
49454,0.00647,74.125.130.0-255,2902,189468,64,397619
49455,0.006472,172.31.40.0-255,66,189534,64,397619
49456,0.008672,74.125.130.0-255,2902,192436,64,397619
49457,0.008679,172.31.40.0-255,66,192502,64,397619
49458,0.008708,74.125.130.0-255,2902,195404,64,397619
49459,0.008711,172.31.40.0-255,66,195470,64,397619
49460,0.010908,74.125.130.0-255,2902,198372,64,397619
49461,0.010914,172.31.40.0-255,66,198438,64,397619
49462,0.010944,74.125.130.0-255,2902,201340,64,397619
49463,0.010946,172.31.40.0-255,66,201406,64,397619
49464,0.013143,74.125.130.0-255,2902,204308,64,397619
49465,0.01315,172.31.40.0-255,66,204374,64,397619
49466,0.013176,74.125.130.0-255,2902,207276,64,397619
49467,0.01318,172.31.40.0-255,66,207342,64,397619
49468,0.015386,74.125.130.0-255,2902,210244,64,397619
49469,0.015392,172.31.40.0-255,66,210310,64,397619
49470,0.015419,74.125.130.0-255,2902,213212,64,397619
49471,0.015421,172.31.40.0-255,66,213278,64,397619
49472,0.017629,74.125.130.0-255,2902,216180,64,397619
49473,0.017636,172.31.40.0-255,66,216246,64,397619
49474,0.017667,74.125.130.0-255,2902,219148,64,397619
49475,0.017669,172.31.40.0-255,66,219214,64,397619
49476,0.019868,74.125.130.0-255,2902,222116,64,397619
49477,0.01988,172.31.40.0-255,66,222182,64,397619
49478,0.019918,74.125.130.0-255,2902,225084,64,397619
49479,0.019922,172.31.40.0-255,66,225150,64,397619
49480,0.022131,74.125.130.0-255,2902,228052,64,397619
49481,0.022147,172.31.40.0-255,66,228118,64,397619
49482,0.022187,74.125.130.0-255,2902,231020,64,397619
49483,0.022189,172.31.40.0-255,66,231086,64,397619
49484,0.024392,74.125.130.0-255,2902,233988,64,397619
49485,0.024408,172.31.40.0-255,66,234054,64,397619
49486,0.024439,74.125.130.0-255,2902,236956,64,397619
49487,0.024441,172.31.40.0-255,66,237022,64,397619
49488,0.02666,74.125.130.0-255,5738,242760,64,397619
49489,0.026676,172.31.40.0-255,66,242826,64,397619
49490,0.028927,74.125.130.0-255,5738,248564,64,397619
49491,0.02894,172.31.40.0-255,66,248630,64,397619
49492,0.031187,74.125.130.0-255,5738,254368,64,397619
49493,0.031195,172.31.40.0-255,66,254434,64,397619
49494,0.033436,74.125.130.0-255,5738,260172,64,397619
49495,0.033449,172.31.40.0-255,66,260238,64,397619
49496,0.035699,74.125.130.0-255,5738,265976,64,397619
49497,0.035707,172.31.40.0-255,66,266042,64,397619
49498,0.037964,74.125.130.0-255,5738,271780,64,397619
49499,0.037982,172.31.40.0-255,66,271846,64,397619
49500,0.040222,74.125.130.0-255,5738,277584,64,397619
49501,0.040231,172.31.40.0-255,66,277650,64,397619
49502,0.042484,74.125.130.0-255,5738,283388,64,397619
49503,0.042498,172.31.40.0-255,66,283454,64,397619
49504,0.044745,74.125.130.0-255,5738,289192,64,397619
49505,0.044762,172.31.40.0-255,66,289258,64,397619
49506,0.047021,74.125.130.0-255,5738,294996,64,397619
49507,0.047029,172.31.40.0-255,66,295062,64,397619
49508,0.049288,74.125.130.0-255,5738,300800,64,397619
49509,0.049305,172.31.40.0-255,66,300866,64,397619
49510,0.051547,74.125.130.0-255,5738,306604,64,397619
49511,0.051554,172.31.40.0-255,66,306670,64,397619
49512,0.053803,74.125.130.0-255,5738,312408,64,397619
49513,0.05381,172.31.40.0-255,66,312474,64,397619
49514,0.056047,74.125.130.0-255,5738,318212,64,397619
49515,0.056057,172.31.40.0-255,66,318278,64,397619
49516,0.058321,74.125.130.0-255,5738,324016,64,397619
49517,0.058338,172.31.40.0-255,66,324082,64,397619
49518,0.060599,74.125.130.0-255,5738,329820,64,397619
49519,0.060608,172.31.40.0-255,66,329886,64,397619
49520,0.062859,74.125.130.0-255,5738,335624,64,397619
49521,0.062875,172.31.40.0-255,66,335690,64,397619
49522,0.065124,74.125.130.0-255,5738,341428,64,397619
49523,0.06513,172.31.40.0-255,66,341494,64,397619
49524,0.065393,172.31.40.0-255,199,341693,64,397619
49525,0.065418,172.31.40.0-255,1112,342805,64,397619
49526,0.065467,172.31.40.0-255,1514,344319,64,397619
49527,0.065469,172.31.40.0-255,1296,345615,64,397619
49528,0.066932,104.244.42.0-255,66,345681,64,397619
49529,0.06694,104.244.42.0-255,66,345747,64,397619
49530,0.06701,104.244.42.0-255,66,345813,64,397619
49531,0.067352,74.125.130.0-255,5738,351551,64,397619
49532,0.067358,172.31.40.0-255,66,351617,64,397619
49533,0.069631,74.125.130.0-255,5738,357355,64,397619
49534,0.069649,172.31.40.0-255,66,357421,64,397619
49535,0.071966,74.125.130.0-255,5738,363159,64,397619
49536,0.071984,172.31.40.0-255,66,363225,64,397619
49537,0.074239,74.125.130.0-255,5738,368963,64,397619
49538,0.074256,172.31.40.0-255,66,369029,64,397619
49539,0.076517,74.125.130.0-255,5738,374767,64,397619
49540,0.076533,172.31.40.0-255,66,374833,64,397619
49541,0.078777,74.125.130.0-255,5738,380571,64,397619
49542,0.078787,172.31.40.0-255,66,380637,64,397619
49543,0.081035,74.125.130.0-255,5738,386375,64,397619
49544,0.081052,172.31.40.0-255,66,386441,64,397619
49545,0.083311,74.125.130.0-255,5738,392179,64,397619
49546,0.083328,172.31.40.0-255,66,392245,64,397619
49547,0.085582,74.125.130.0-255,5137,397382,64,397619
49548,0.085598,172.31.40.0-255,66,397448,64,397619
49549,0.085886,172.31.40.0-255,105,397553,64,397619
49550,0.088099,74.125.130.0-255,66,397619,64,397619
49551,0.0,74.125.68.0-255,290,290,64,359535
49552,2.3e-05,172.31.40.0-255,66,356,64,359535
49553,2.9e-05,74.125.68.0-255,1484,1840,64,359535
49554,3.3e-05,172.31.40.0-255,66,1906,64,359535
49555,3.9e-05,74.125.68.0-255,2902,4808,64,359535
49556,4.2e-05,172.31.40.0-255,66,4874,64,359535
49557,4.6e-05,74.125.68.0-255,1484,6358,64,359535
49558,4.8e-05,172.31.40.0-255,66,6424,64,359535
49559,7.4e-05,74.125.68.0-255,4320,10744,64,359535
49560,7.7e-05,172.31.40.0-255,66,10810,64,359535
49561,8e-05,74.125.68.0-255,1484,12294,64,359535
49562,8.2e-05,172.31.40.0-255,66,12360,64,359535
49563,0.000118,74.125.68.0-255,4320,16680,64,359535
49564,0.000121,172.31.40.0-255,66,16746,64,359535
49565,0.00014,74.125.68.0-255,3269,20015,64,359535
49566,0.000143,172.31.40.0-255,66,20081,64,359535
49567,0.000175,172.31.40.0-255,66,20147,64,359535
49568,0.00018,74.125.68.0-255,2543,22690,64,359535
49569,0.000182,172.31.40.0-255,66,22756,64,359535
49570,0.000313,74.125.68.0-255,1484,24240,64,359535
49571,0.000318,172.31.40.0-255,66,24306,64,359535
49572,0.000323,74.125.68.0-255,2902,27208,64,359535
49573,0.000326,172.31.40.0-255,66,27274,64,359535
49574,0.00036,74.125.68.0-255,5738,33012,64,359535
49575,0.000362,172.31.40.0-255,66,33078,64,359535
49576,0.000394,74.125.68.0-255,1484,34562,64,359535
49577,0.000396,172.31.40.0-255,66,34628,64,359535
49578,0.00042,74.125.68.0-255,6797,41425,64,359535
49579,0.000423,172.31.40.0-255,66,41491,64,359535
49580,0.000433,172.31.40.0-255,66,41557,64,359535
49581,0.00044,74.125.68.0-255,6797,48354,64,359535
49582,0.000443,172.31.40.0-255,66,48420,64,359535
49583,0.001208,74.125.68.0-255,648,49068,64,359535
49584,0.001215,172.31.40.0-255,66,49134,64,359535
49585,0.001436,74.125.68.0-255,1484,50618,64,359535
49586,0.001442,172.31.40.0-255,66,50684,64,359535
49587,0.001452,74.125.68.0-255,2902,53586,64,359535
49588,0.001454,172.31.40.0-255,66,53652,64,359535
49589,0.001457,74.125.68.0-255,1484,55136,64,359535
49590,0.001459,172.31.40.0-255,66,55202,64,359535
49591,0.001486,74.125.68.0-255,4320,59522,64,359535
49592,0.001489,172.31.40.0-255,66,59588,64,359535
49593,0.001492,74.125.68.0-255,1484,61072,64,359535
49594,0.001493,172.31.40.0-255,66,61138,64,359535
49595,0.001517,74.125.68.0-255,1484,62622,64,359535
49596,0.001519,172.31.40.0-255,66,62688,64,359535
49597,0.00154,74.125.68.0-255,3410,66098,64,359535
49598,0.001542,172.31.40.0-255,66,66164,64,359535
49599,0.001985,74.125.68.0-255,1484,67648,64,359535
49600,0.001991,172.31.40.0-255,66,67714,64,359535
49601,0.002001,74.125.68.0-255,2902,70616,64,359535
49602,0.002003,172.31.40.0-255,66,70682,64,359535
49603,0.002006,74.125.68.0-255,1484,72166,64,359535
49604,0.002008,172.31.40.0-255,66,72232,64,359535
49605,0.002037,74.125.68.0-255,4320,76552,64,359535
49606,0.002039,172.31.40.0-255,66,76618,64,359535
49607,0.002043,74.125.68.0-255,2902,79520,64,359535
49608,0.002045,172.31.40.0-255,66,79586,64,359535
49609,0.002051,74.125.68.0-255,3961,83547,64,359535
49610,0.002053,172.31.40.0-255,66,83613,64,359535
49611,0.002082,74.125.68.0-255,5738,89351,64,359535
49612,0.002085,172.31.40.0-255,66,89417,64,359535
49613,0.002103,74.125.68.0-255,2902,92319,64,359535
49614,0.002106,172.31.40.0-255,66,92385,64,359535
49615,0.002112,74.125.68.0-255,4320,96705,64,359535
49616,0.002114,172.31.40.0-255,66,96771,64,359535
49617,0.002134,74.125.68.0-255,5738,102509,64,359535
49618,0.002136,172.31.40.0-255,66,102575,64,359535
49619,0.002143,74.125.68.0-255,5738,108313,64,359535
49620,0.002145,172.31.40.0-255,66,108379,64,359535
49621,0.002153,74.125.68.0-255,7156,115535,64,359535
49622,0.002155,172.31.40.0-255,66,115601,64,359535
49623,0.002181,74.125.68.0-255,2184,117785,64,359535
49624,0.002183,172.31.40.0-255,66,117851,64,359535
49625,0.004465,74.125.68.0-255,2902,120753,64,359535
49626,0.004472,172.31.40.0-255,66,120819,64,359535
49627,0.004493,74.125.68.0-255,2902,123721,64,359535
49628,0.004496,172.31.40.0-255,66,123787,64,359535
49629,0.006773,74.125.68.0-255,2902,126689,64,359535
49630,0.006779,172.31.40.0-255,66,126755,64,359535
49631,0.006803,74.125.68.0-255,2902,129657,64,359535
49632,0.006806,172.31.40.0-255,66,129723,64,359535
49633,0.009089,74.125.68.0-255,2902,132625,64,359535
49634,0.009095,172.31.40.0-255,66,132691,64,359535
49635,0.009117,74.125.68.0-255,2902,135593,64,359535
49636,0.00912,172.31.40.0-255,66,135659,64,359535
49637,0.011409,74.125.68.0-255,4320,139979,64,359535
49638,0.011418,172.31.40.0-255,66,140045,64,359535
49639,0.011437,74.125.68.0-255,1484,141529,64,359535
49640,0.01144,172.31.40.0-255,66,141595,64,359535
49641,0.01374,74.125.68.0-255,5738,147333,64,359535
49642,0.013748,172.31.40.0-255,66,147399,64,359535
49643,0.016064,74.125.68.0-255,5738,153137,64,359535
49644,0.016072,172.31.40.0-255,66,153203,64,359535
49645,0.0184,74.125.68.0-255,5738,158941,64,359535
49646,0.01841,172.31.40.0-255,66,159007,64,359535
49647,0.020726,74.125.68.0-255,5738,164745,64,359535
49648,0.020733,172.31.40.0-255,66,164811,64,359535
49649,0.023051,74.125.68.0-255,5738,170549,64,359535
49650,0.023059,172.31.40.0-255,66,170615,64,359535
49651,0.02471,172.31.40.0-255,167,170782,64,359535
49652,0.024742,172.31.40.0-255,1108,171890,64,359535
49653,0.0248,172.31.40.0-255,1514,173404,64,359535
49654,0.024802,172.31.40.0-255,337,173741,64,359535
49655,0.025406,74.125.68.0-255,5738,179479,64,359535
49656,0.025413,172.31.40.0-255,66,179545,64,359535
49657,0.027289,104.244.42.0-255,66,179611,64,359535
49658,0.027716,74.125.68.0-255,5738,185349,64,359535
49659,0.027721,172.31.40.0-255,66,185415,64,359535
49660,0.030043,74.125.68.0-255,5738,191153,64,359535
49661,0.03005,172.31.40.0-255,66,191219,64,359535
49662,0.032356,74.125.68.0-255,5738,196957,64,359535
49663,0.032375,172.31.40.0-255,66,197023,64,359535
49664,0.034688,74.125.68.0-255,5738,202761,64,359535
49665,0.034694,172.31.40.0-255,66,202827,64,359535
49666,0.037011,74.125.68.0-255,5738,208565,64,359535
49667,0.037018,172.31.40.0-255,66,208631,64,359535
49668,0.039473,74.125.68.0-255,5738,214369,64,359535
49669,0.03948,172.31.40.0-255,66,214435,64,359535
49670,0.041846,74.125.68.0-255,5738,220173,64,359535
49671,0.041852,172.31.40.0-255,66,220239,64,359535
49672,0.044176,74.125.68.0-255,5738,225977,64,359535
49673,0.044182,172.31.40.0-255,66,226043,64,359535
49674,0.046532,74.125.68.0-255,5738,231781,64,359535
49675,0.046539,172.31.40.0-255,66,231847,64,359535
49676,0.048858,74.125.68.0-255,5738,237585,64,359535
49677,0.048866,172.31.40.0-255,66,237651,64,359535
49678,0.051208,74.125.68.0-255,5738,243389,64,359535
49679,0.051225,172.31.40.0-255,66,243455,64,359535
49680,0.053559,74.125.68.0-255,5738,249193,64,359535
49681,0.053573,172.31.40.0-255,66,249259,64,359535
49682,0.055894,74.125.68.0-255,5738,254997,64,359535
49683,0.055903,172.31.40.0-255,66,255063,64,359535
49684,0.058241,74.125.68.0-255,5738,260801,64,359535
49685,0.058258,172.31.40.0-255,66,260867,64,359535
49686,0.060604,74.125.68.0-255,5738,266605,64,359535
49687,0.060619,172.31.40.0-255,66,266671,64,359535
49688,0.062935,74.125.68.0-255,5738,272409,64,359535
49689,0.062952,172.31.40.0-255,66,272475,64,359535
49690,0.065293,74.125.68.0-255,5738,278213,64,359535
49691,0.065311,172.31.40.0-255,66,278279,64,359535
49692,0.067641,74.125.68.0-255,5738,284017,64,359535
49693,0.067657,172.31.40.0-255,66,284083,64,359535
49694,0.069986,74.125.68.0-255,5738,289821,64,359535
49695,0.070004,172.31.40.0-255,66,289887,64,359535
49696,0.072331,74.125.68.0-255,5738,295625,64,359535
49697,0.07235,172.31.40.0-255,66,295691,64,359535
49698,0.074695,74.125.68.0-255,5738,301429,64,359535
49699,0.074712,172.31.40.0-255,66,301495,64,359535
49700,0.077055,74.125.68.0-255,5738,307233,64,359535
49701,0.077072,172.31.40.0-255,66,307299,64,359535
49702,0.079394,74.125.68.0-255,5738,313037,64,359535
49703,0.0794,172.31.40.0-255,66,313103,64,359535
49704,0.081717,74.125.68.0-255,5738,318841,64,359535
49705,0.081725,172.31.40.0-255,66,318907,64,359535
49706,0.08404,74.125.68.0-255,5738,324645,64,359535
49707,0.084048,172.31.40.0-255,66,324711,64,359535
49708,0.086407,74.125.68.0-255,5738,330449,64,359535
49709,0.086414,172.31.40.0-255,66,330515,64,359535
49710,0.08874,74.125.68.0-255,5738,336253,64,359535
49711,0.088747,172.31.40.0-255,66,336319,64,359535
49712,0.091061,74.125.68.0-255,5738,342057,64,359535
49713,0.091068,172.31.40.0-255,66,342123,64,359535
49714,0.093382,74.125.68.0-255,5738,347861,64,359535
49715,0.093388,172.31.40.0-255,66,347927,64,359535
49716,0.095709,74.125.68.0-255,5738,353665,64,359535
49717,0.095715,172.31.40.0-255,66,353731,64,359535
49718,0.098029,74.125.68.0-255,5738,359469,64,359535
49719,0.098036,172.31.40.0-255,66,359535,64,359535
49720,0.0,74.125.24.0-255,146,146,64,322455
49721,1.8e-05,172.31.40.0-255,66,212,64,322455
49722,2.5e-05,74.125.24.0-255,1484,1696,64,322455
49723,3e-05,172.31.40.0-255,66,1762,64,322455
49724,3.6e-05,74.125.24.0-255,2902,4664,64,322455
49725,4e-05,172.31.40.0-255,66,4730,64,322455
49726,4.5e-05,74.125.24.0-255,2902,7632,64,322455
49727,4.8e-05,172.31.40.0-255,66,7698,64,322455
49728,8e-05,74.125.24.0-255,2902,10600,64,322455
49729,8.3e-05,172.31.40.0-255,66,10666,64,322455
49730,0.000103,74.125.24.0-255,3401,14067,64,322455
49731,0.000105,172.31.40.0-255,66,14133,64,322455
49732,0.000149,74.125.24.0-255,1484,15617,64,322455
49733,0.000153,172.31.40.0-255,66,15683,64,322455
49734,0.000157,74.125.24.0-255,2902,18585,64,322455
49735,0.00016,172.31.40.0-255,66,18651,64,322455
49736,0.000163,74.125.24.0-255,2902,21553,64,322455
49737,0.000165,172.31.40.0-255,66,21619,64,322455
49738,0.000192,74.125.24.0-255,2902,24521,64,322455
49739,0.000195,172.31.40.0-255,66,24587,64,322455
49740,0.0002,74.125.24.0-255,4320,28907,64,322455
49741,0.000202,172.31.40.0-255,66,28973,64,322455
49742,0.000217,74.125.24.0-255,2902,31875,64,322455
49743,0.000219,172.31.40.0-255,66,31941,64,322455
49744,0.000252,172.31.40.0-255,66,32007,64,322455
49745,0.000259,74.125.24.0-255,7156,39163,64,322455
49746,0.000262,172.31.40.0-255,66,39229,64,322455
49747,0.000285,74.125.24.0-255,2902,42131,64,322455
49748,0.000287,172.31.40.0-255,66,42197,64,322455
49749,0.000321,172.31.40.0-255,66,42263,64,322455
49750,0.000324,74.125.24.0-255,398,42661,64,322455
49751,0.000326,172.31.40.0-255,66,42727,64,322455
49752,0.000377,74.125.24.0-255,108,42835,64,322455
49753,0.00038,172.31.40.0-255,66,42901,64,322455
49754,0.000396,74.125.24.0-255,334,43235,64,322455
49755,0.000399,172.31.40.0-255,66,43301,64,322455
49756,0.000884,74.125.24.0-255,1484,44785,64,322455
49757,0.000889,172.31.40.0-255,66,44851,64,322455
49758,0.000895,74.125.24.0-255,2902,47753,64,322455
49759,0.000897,172.31.40.0-255,66,47819,64,322455
49760,0.000903,74.125.24.0-255,5738,53557,64,322455
49761,0.000905,172.31.40.0-255,66,53623,64,322455
49762,0.000941,172.31.40.0-255,66,53689,64,322455
49763,0.000946,74.125.24.0-255,4320,58009,64,322455
49764,0.000948,172.31.40.0-255,66,58075,64,322455
49765,0.000967,74.125.24.0-255,6438,64513,64,322455
49766,0.00097,172.31.40.0-255,66,64579,64,322455
49767,0.002049,74.125.24.0-255,1484,66063,64,322455
49768,0.002056,172.31.40.0-255,66,66129,64,322455
49769,0.002064,74.125.24.0-255,1484,67613,64,322455
49770,0.002067,172.31.40.0-255,66,67679,64,322455
49771,0.00209,74.125.24.0-255,1484,69163,64,322455
49772,0.002093,172.31.40.0-255,66,69229,64,322455
49773,0.0021,74.125.24.0-255,5738,74967,64,322455
49774,0.002102,172.31.40.0-255,66,75033,64,322455
49775,0.002113,172.31.40.0-255,66,75099,64,322455
49776,0.002135,74.125.24.0-255,4320,79419,64,322455
49777,0.002137,172.31.40.0-255,66,79485,64,322455
49778,0.002156,74.125.24.0-255,2902,82387,64,322455
49779,0.002158,172.31.40.0-255,66,82453,64,322455
49780,0.002186,172.31.40.0-255,66,82519,64,322455
49781,0.004474,74.125.24.0-255,5738,88257,64,322455
49782,0.004477,172.31.40.0-255,66,88323,64,322455
49783,0.006783,74.125.24.0-255,5738,94061,64,322455
49784,0.00679,172.31.40.0-255,66,94127,64,322455
49785,0.009093,74.125.24.0-255,5738,99865,64,322455
49786,0.009101,172.31.40.0-255,66,99931,64,322455
49787,0.011394,74.125.24.0-255,5738,105669,64,322455
49788,0.011404,172.31.40.0-255,66,105735,64,322455
49789,0.013703,74.125.24.0-255,5738,111473,64,322455
49790,0.013712,172.31.40.0-255,66,111539,64,322455
49791,0.016043,74.125.24.0-255,5738,117277,64,322455
49792,0.016055,172.31.40.0-255,66,117343,64,322455
49793,0.01836,74.125.24.0-255,5738,123081,64,322455
49794,0.018368,172.31.40.0-255,66,123147,64,322455
49795,0.020675,74.125.24.0-255,5738,128885,64,322455
49796,0.020682,172.31.40.0-255,66,128951,64,322455
49797,0.023001,74.125.24.0-255,5738,134689,64,322455
49798,0.023009,172.31.40.0-255,66,134755,64,322455
49799,0.024049,172.31.40.0-255,167,134922,64,322455
49800,0.02408,172.31.40.0-255,1108,136030,64,322455
49801,0.024141,172.31.40.0-255,1514,137544,64,322455
49802,0.024143,172.31.40.0-255,337,137881,64,322455
49803,0.025305,74.125.24.0-255,5738,143619,64,322455
49804,0.025313,172.31.40.0-255,66,143685,64,322455
49805,0.025564,104.244.42.0-255,66,143751,64,322455
49806,0.025613,104.244.42.0-255,66,143817,64,322455
49807,0.025715,104.244.42.0-255,66,143883,64,322455
49808,0.027615,74.125.24.0-255,5738,149621,64,322455
49809,0.02762,172.31.40.0-255,66,149687,64,322455
49810,0.029934,74.125.24.0-255,4320,154007,64,322455
49811,0.029941,172.31.40.0-255,66,154073,64,322455
49812,0.029961,74.125.24.0-255,1484,155557,64,322455
49813,0.032249,74.125.24.0-255,4320,159877,64,322455
49814,0.032255,172.31.40.0-255,66,159943,64,322455
49815,0.034564,74.125.24.0-255,5738,165681,64,322455
49816,0.034615,172.31.40.0-255,66,165747,64,322455
49817,0.036928,74.125.24.0-255,5738,171485,64,322455
49818,0.036935,172.31.40.0-255,66,171551,64,322455
49819,0.039249,74.125.24.0-255,5738,177289,64,322455
49820,0.039256,172.31.40.0-255,66,177355,64,322455
49821,0.041564,74.125.24.0-255,5738,183093,64,322455
49822,0.041571,172.31.40.0-255,66,183159,64,322455
49823,0.043868,74.125.24.0-255,5738,188897,64,322455
49824,0.043874,172.31.40.0-255,66,188963,64,322455
49825,0.046164,74.125.24.0-255,5738,194701,64,322455
49826,0.046171,172.31.40.0-255,66,194767,64,322455
49827,0.048488,74.125.24.0-255,5738,200505,64,322455
49828,0.048495,172.31.40.0-255,66,200571,64,322455
49829,0.050821,74.125.24.0-255,5738,206309,64,322455
49830,0.05084,172.31.40.0-255,66,206375,64,322455
49831,0.05316,74.125.24.0-255,5738,212113,64,322455
49832,0.054172,172.31.40.0-255,66,212179,64,322455
49833,0.056504,74.125.24.0-255,5738,217917,64,322455
49834,0.056522,172.31.40.0-255,66,217983,64,322455
49835,0.05884,74.125.24.0-255,5738,223721,64,322455
49836,0.058854,172.31.40.0-255,66,223787,64,322455
49837,0.061189,74.125.24.0-255,5738,229525,64,322455
49838,0.061207,172.31.40.0-255,66,229591,64,322455
49839,0.063539,74.125.24.0-255,5738,235329,64,322455
49840,0.063556,172.31.40.0-255,66,235395,64,322455
49841,0.065927,74.125.24.0-255,5738,241133,64,322455
49842,0.065934,172.31.40.0-255,66,241199,64,322455
49843,0.068272,74.125.24.0-255,5738,246937,64,322455
49844,0.068288,172.31.40.0-255,66,247003,64,322455
49845,0.070587,74.125.24.0-255,5738,252741,64,322455
49846,0.070605,172.31.40.0-255,66,252807,64,322455
49847,0.072909,74.125.24.0-255,5738,258545,64,322455
49848,0.072927,172.31.40.0-255,66,258611,64,322455
49849,0.075281,74.125.24.0-255,5738,264349,64,322455
49850,0.0753,172.31.40.0-255,66,264415,64,322455
49851,0.077646,74.125.24.0-255,5738,270153,64,322455
49852,0.077656,172.31.40.0-255,66,270219,64,322455
49853,0.079998,74.125.24.0-255,5738,275957,64,322455
49854,0.080005,172.31.40.0-255,66,276023,64,322455
49855,0.082315,74.125.24.0-255,5738,281761,64,322455
49856,0.082321,172.31.40.0-255,66,281827,64,322455
49857,0.084652,74.125.24.0-255,5738,287565,64,322455
49858,0.084658,172.31.40.0-255,66,287631,64,322455
49859,0.086967,74.125.24.0-255,5738,293369,64,322455
49860,0.086974,172.31.40.0-255,66,293435,64,322455
49861,0.089288,74.125.24.0-255,5738,299173,64,322455
49862,0.089295,172.31.40.0-255,66,299239,64,322455
49863,0.09161,74.125.24.0-255,5738,304977,64,322455
49864,0.091622,172.31.40.0-255,66,305043,64,322455
49865,0.093914,74.125.24.0-255,5738,310781,64,322455
49866,0.093921,172.31.40.0-255,66,310847,64,322455
49867,0.096211,74.125.24.0-255,5738,316585,64,322455
49868,0.096218,172.31.40.0-255,66,316651,64,322455
49869,0.098547,74.125.24.0-255,5738,322389,64,322455
49870,0.098553,172.31.40.0-255,66,322455,64,322455
49871,0.0,74.125.130.0-255,146,146,64,388692
49872,2e-05,172.31.40.0-255,66,212,64,388692
49873,2.7e-05,74.125.130.0-255,1484,1696,64,388692
49874,3.2e-05,172.31.40.0-255,66,1762,64,388692
49875,3.8e-05,74.125.130.0-255,2902,4664,64,388692
49876,4e-05,172.31.40.0-255,66,4730,64,388692
49877,6.1e-05,74.125.130.0-255,4320,9050,64,388692
49878,6.4e-05,172.31.40.0-255,66,9116,64,388692
49879,8.5e-05,74.125.130.0-255,2902,12018,64,388692
49880,8.8e-05,172.31.40.0-255,66,12084,64,388692
49881,0.000138,74.125.130.0-255,2038,14122,64,388692
49882,0.000141,172.31.40.0-255,66,14188,64,388692
49883,0.000344,74.125.130.0-255,1484,15672,64,388692
49884,0.000349,172.31.40.0-255,66,15738,64,388692
49885,0.000356,74.125.130.0-255,2902,18640,64,388692
49886,0.000359,172.31.40.0-255,66,18706,64,388692
49887,0.000396,74.125.130.0-255,5738,24444,64,388692
49888,0.000399,172.31.40.0-255,66,24510,64,388692
49889,0.000417,74.125.130.0-255,2902,27412,64,388692
49890,0.00042,172.31.40.0-255,66,27478,64,388692
49891,0.000438,74.125.130.0-255,3961,31439,64,388692
49892,0.000441,172.31.40.0-255,66,31505,64,388692
49893,0.000454,74.125.130.0-255,1484,32989,64,388692
49894,0.000456,172.31.40.0-255,66,33055,64,388692
49895,0.000459,74.125.130.0-255,1484,34539,64,388692
49896,0.000461,172.31.40.0-255,66,34605,64,388692
49897,0.000492,74.125.130.0-255,1484,36089,64,388692
49898,0.000495,172.31.40.0-255,66,36155,64,388692
49899,0.000501,74.125.130.0-255,5738,41893,64,388692
49900,0.000504,172.31.40.0-255,66,41959,64,388692
49901,0.000507,74.125.130.0-255,2902,44861,64,388692
49902,0.000509,172.31.40.0-255,66,44927,64,388692
49903,0.000514,74.125.130.0-255,4320,49247,64,388692
49904,0.000516,172.31.40.0-255,66,49313,64,388692
49905,0.000544,172.31.40.0-255,66,49379,64,388692
49906,0.000549,74.125.130.0-255,2902,52281,64,388692
49907,0.000551,172.31.40.0-255,66,52347,64,388692
49908,0.000614,74.125.130.0-255,5020,57367,64,388692
49909,0.000618,172.31.40.0-255,66,57433,64,388692
49910,0.000621,74.125.130.0-255,341,57774,64,388692
49911,0.000865,74.125.130.0-255,119,57893,64,388692
49912,0.000915,74.125.130.0-255,1484,59377,64,388692
49913,0.000918,172.31.40.0-255,66,59443,64,388692
49914,0.000936,74.125.130.0-255,2902,62345,64,388692
49915,0.000939,172.31.40.0-255,66,62411,64,388692
49916,0.000942,74.125.130.0-255,1484,63895,64,388692
49917,0.000966,74.125.130.0-255,2902,66797,64,388692
49918,0.000969,172.31.40.0-255,66,66863,64,388692
49919,0.000998,74.125.130.0-255,1484,68347,64,388692
49920,0.001023,74.125.130.0-255,2902,71249,64,388692
49921,0.001026,172.31.40.0-255,66,71315,64,388692
49922,0.001069,74.125.130.0-255,5738,77053,64,388692
49923,0.001071,172.31.40.0-255,66,77119,64,388692
49924,0.001079,74.125.130.0-255,7156,84275,64,388692
49925,0.001081,172.31.40.0-255,66,84341,64,388692
49926,0.001107,172.31.40.0-255,66,84407,64,388692
49927,0.001234,74.125.130.0-255,1484,85891,64,388692
49928,0.001253,74.125.130.0-255,1484,87375,64,388692
49929,0.001257,172.31.40.0-255,66,87441,64,388692
49930,0.001262,74.125.130.0-255,2902,90343,64,388692
49931,0.001264,172.31.40.0-255,66,90409,64,388692
49932,0.001267,74.125.130.0-255,1484,91893,64,388692
49933,0.001285,74.125.130.0-255,4320,96213,64,388692
49934,0.001288,172.31.40.0-255,66,96279,64,388692
49935,0.001291,74.125.130.0-255,1484,97763,64,388692
49936,0.001309,74.125.130.0-255,7156,104919,64,388692
49937,0.001312,172.31.40.0-255,66,104985,64,388692
49938,0.001342,172.31.40.0-255,66,105051,64,388692
49939,0.001348,74.125.130.0-255,3602,108653,64,388692
49940,0.00135,172.31.40.0-255,66,108719,64,388692
49941,0.001414,74.125.130.0-255,1484,110203,64,388692
49942,0.001432,74.125.130.0-255,2902,113105,64,388692
49943,0.001435,172.31.40.0-255,66,113171,64,388692
49944,0.001454,74.125.130.0-255,4320,117491,64,388692
49945,0.001457,172.31.40.0-255,66,117557,64,388692
49946,0.00148,74.125.130.0-255,2902,120459,64,388692
49947,0.001484,172.31.40.0-255,66,120525,64,388692
49948,0.001492,74.125.130.0-255,2902,123427,64,388692
49949,0.001495,172.31.40.0-255,66,123493,64,388692
49950,0.001498,74.125.130.0-255,1484,124977,64,388692
49951,0.001522,74.125.130.0-255,2902,127879,64,388692
49952,0.001525,172.31.40.0-255,66,127945,64,388692
49953,0.001566,74.125.130.0-255,5738,133683,64,388692
49954,0.001571,172.31.40.0-255,66,133749,64,388692
49955,0.001598,74.125.130.0-255,1484,135233,64,388692
49956,0.001645,74.125.130.0-255,2902,138135,64,388692
49957,0.001649,172.31.40.0-255,66,138201,64,388692
49958,0.001652,74.125.130.0-255,1484,139685,64,388692
49959,0.00167,74.125.130.0-255,2902,142587,64,388692
49960,0.001673,172.31.40.0-255,66,142653,64,388692
49961,0.001688,74.125.130.0-255,766,143419,64,388692
49962,0.001868,74.125.130.0-255,1484,144903,64,388692
49963,0.001874,172.31.40.0-255,66,144969,64,388692
49964,0.001904,74.125.130.0-255,2902,147871,64,388692
49965,0.001908,172.31.40.0-255,66,147937,64,388692
49966,0.001927,74.125.130.0-255,1484,149421,64,388692
49967,0.00194,74.125.130.0-255,2902,152323,64,388692
49968,0.001942,172.31.40.0-255,66,152389,64,388692
49969,0.001945,74.125.130.0-255,1484,153873,64,388692
49970,0.001965,74.125.130.0-255,4320,158193,64,388692
49971,0.001968,172.31.40.0-255,66,158259,64,388692
49972,0.002007,74.125.130.0-255,4320,162579,64,388692
49973,0.00201,172.31.40.0-255,66,162645,64,388692
49974,0.002028,74.125.130.0-255,2902,165547,64,388692
49975,0.002031,172.31.40.0-255,66,165613,64,388692
49976,0.002062,172.31.40.0-255,66,165679,64,388692
49977,0.00208,74.125.130.0-255,1484,167163,64,388692
49978,0.002096,74.125.130.0-255,2184,169347,64,388692
49979,0.002099,172.31.40.0-255,66,169413,64,388692
49980,0.004344,74.125.130.0-255,1484,170897,64,388692
49981,0.004379,74.125.130.0-255,4320,175217,64,388692
49982,0.004383,172.31.40.0-255,66,175283,64,388692
49983,0.006656,74.125.130.0-255,4320,179603,64,388692
49984,0.006659,172.31.40.0-255,66,179669,64,388692
49985,0.006676,74.125.130.0-255,1484,181153,64,388692
49986,0.00897,74.125.130.0-255,4320,185473,64,388692
49987,0.008978,172.31.40.0-255,66,185539,64,388692
49988,0.01128,74.125.130.0-255,5738,191277,64,388692
49989,0.011289,172.31.40.0-255,66,191343,64,388692
49990,0.013578,74.125.130.0-255,5738,197081,64,388692
49991,0.0136,172.31.40.0-255,66,197147,64,388692
49992,0.015896,74.125.130.0-255,5738,202885,64,388692
49993,0.015905,172.31.40.0-255,66,202951,64,388692
49994,0.018197,74.125.130.0-255,5738,208689,64,388692
49995,0.018208,172.31.40.0-255,66,208755,64,388692
49996,0.020499,74.125.130.0-255,5738,214493,64,388692
49997,0.020509,172.31.40.0-255,66,214559,64,388692
49998,0.022818,74.125.130.0-255,5738,220297,64,388692
49999,0.022826,172.31.40.0-255,66,220363,64,388692
50000,0.025125,74.125.130.0-255,5738,226101,64,388692
50001,0.025131,172.31.40.0-255,66,226167,64,388692
50002,0.027466,74.125.130.0-255,5738,231905,64,388692
50003,0.027474,172.31.40.0-255,66,231971,64,388692
50004,0.029764,74.125.130.0-255,5738,237709,64,388692
50005,0.029771,172.31.40.0-255,66,237775,64,388692
50006,0.031754,172.31.40.0-255,172,237947,64,388692
50007,0.031788,172.31.40.0-255,1111,239058,64,388692
50008,0.031849,172.31.40.0-255,1514,240572,64,388692
50009,0.03185,172.31.40.0-255,1514,242086,64,388692
50010,0.031852,172.31.40.0-255,1514,243600,64,388692
50011,0.031853,172.31.40.0-255,1082,244682,64,388692
50012,0.032064,74.125.130.0-255,5738,250420,64,388692
50013,0.03207,172.31.40.0-255,66,250486,64,388692
50014,0.033238,104.244.42.0-255,66,250552,64,388692
50015,0.033267,104.244.42.0-255,66,250618,64,388692
50016,0.033339,104.244.42.0-255,66,250684,64,388692
50017,0.033352,104.244.42.0-255,66,250750,64,388692
50018,0.034379,74.125.130.0-255,5738,256488,64,388692
50019,0.034384,172.31.40.0-255,66,256554,64,388692
50020,0.036667,74.125.130.0-255,5738,262292,64,388692
50021,0.036673,172.31.40.0-255,66,262358,64,388692
50022,0.038973,74.125.130.0-255,5738,268096,64,388692
50023,0.03898,172.31.40.0-255,66,268162,64,388692
50024,0.041269,74.125.130.0-255,5738,273900,64,388692
50025,0.041275,172.31.40.0-255,66,273966,64,388692
50026,0.043573,74.125.130.0-255,5738,279704,64,388692
50027,0.043578,172.31.40.0-255,66,279770,64,388692
50028,0.045861,74.125.130.0-255,5738,285508,64,388692
50029,0.04587,172.31.40.0-255,66,285574,64,388692
50030,0.048173,74.125.130.0-255,5738,291312,64,388692
50031,0.048179,172.31.40.0-255,66,291378,64,388692
50032,0.050483,74.125.130.0-255,5738,297116,64,388692
50033,0.050489,172.31.40.0-255,66,297182,64,388692
50034,0.052784,74.125.130.0-255,5738,302920,64,388692
50035,0.052789,172.31.40.0-255,66,302986,64,388692
50036,0.055087,74.125.130.0-255,5738,308724,64,388692
50037,0.055093,172.31.40.0-255,66,308790,64,388692
50038,0.057386,74.125.130.0-255,5738,314528,64,388692
50039,0.057392,172.31.40.0-255,66,314594,64,388692
50040,0.059682,74.125.130.0-255,5738,320332,64,388692
50041,0.059688,172.31.40.0-255,66,320398,64,388692
50042,0.061979,74.125.130.0-255,5738,326136,64,388692
50043,0.061984,172.31.40.0-255,66,326202,64,388692
50044,0.064311,74.125.130.0-255,5738,331940,64,388692
50045,0.064317,172.31.40.0-255,66,332006,64,388692
50046,0.06661,74.125.130.0-255,5738,337744,64,388692
50047,0.066616,172.31.40.0-255,66,337810,64,388692
50048,0.068905,74.125.130.0-255,5738,343548,64,388692
50049,0.068909,172.31.40.0-255,66,343614,64,388692
50050,0.071206,74.125.130.0-255,5738,349352,64,388692
50051,0.071213,172.31.40.0-255,66,349418,64,388692
50052,0.07351,74.125.130.0-255,5738,355156,64,388692
50053,0.073517,172.31.40.0-255,66,355222,64,388692
50054,0.075828,74.125.130.0-255,5738,360960,64,388692
50055,0.075835,172.31.40.0-255,66,361026,64,388692
50056,0.078128,74.125.130.0-255,5738,366764,64,388692
50057,0.078134,172.31.40.0-255,66,366830,64,388692
50058,0.080426,74.125.130.0-255,5738,372568,64,388692
50059,0.080433,172.31.40.0-255,66,372634,64,388692
50060,0.082722,74.125.130.0-255,5738,378372,64,388692
50061,0.082729,172.31.40.0-255,66,378438,64,388692
50062,0.08504,74.125.130.0-255,5738,384176,64,388692
50063,0.085044,172.31.40.0-255,66,384242,64,388692
50064,0.087334,74.125.130.0-255,4213,388455,64,388692
50065,0.087341,172.31.40.0-255,66,388521,64,388692
50066,0.087485,172.31.40.0-255,105,388626,64,388692
50067,0.089724,74.125.130.0-255,66,388692,64,388692
50068,0.0,74.125.130.0-255,153,153,64,261957
50069,1.3e-05,172.31.40.0-255,66,219,64,261957
50070,1.9e-05,74.125.130.0-255,1484,1703,64,261957
50071,2.2e-05,172.31.40.0-255,66,1769,64,261957
50072,2.9e-05,74.125.130.0-255,2902,4671,64,261957
50073,4.3e-05,172.31.40.0-255,66,4737,64,261957
50074,5.1e-05,74.125.130.0-255,7156,11893,64,261957
50075,5.4e-05,172.31.40.0-255,66,11959,64,261957
50076,5.8e-05,74.125.130.0-255,2001,13960,64,261957
50077,6e-05,172.31.40.0-255,66,14026,64,261957
50078,0.000131,74.125.130.0-255,1484,15510,64,261957
50079,0.000134,172.31.40.0-255,66,15576,64,261957
50080,0.000139,74.125.130.0-255,2902,18478,64,261957
50081,0.000142,172.31.40.0-255,66,18544,64,261957
50082,0.000145,74.125.130.0-255,1484,20028,64,261957
50083,0.000151,172.31.40.0-255,66,20094,64,261957
50084,0.000177,74.125.130.0-255,1484,21578,64,261957
50085,0.00018,172.31.40.0-255,66,21644,64,261957
50086,0.000186,74.125.130.0-255,4320,25964,64,261957
50087,0.000188,172.31.40.0-255,66,26030,64,261957
50088,0.000217,74.125.130.0-255,5379,31409,64,261957
50089,0.000219,172.31.40.0-255,66,31475,64,261957
50090,0.000258,74.125.130.0-255,1484,32959,64,261957
50091,0.000261,172.31.40.0-255,66,33025,64,261957
50092,0.000266,74.125.130.0-255,2902,35927,64,261957
50093,0.000268,172.31.40.0-255,66,35993,64,261957
50094,0.000299,74.125.130.0-255,5738,41731,64,261957
50095,0.000302,172.31.40.0-255,66,41797,64,261957
50096,0.000309,74.125.130.0-255,6797,48594,64,261957
50097,0.000312,172.31.40.0-255,66,48660,64,261957
50098,0.000369,74.125.130.0-255,1484,50144,64,261957
50099,0.000372,172.31.40.0-255,66,50210,64,261957
50100,0.000377,74.125.130.0-255,2902,53112,64,261957
50101,0.00038,172.31.40.0-255,66,53178,64,261957
50102,0.000383,74.125.130.0-255,1484,54662,64,261957
50103,0.000415,74.125.130.0-255,4320,58982,64,261957
50104,0.000418,172.31.40.0-255,66,59048,64,261957
50105,0.000424,74.125.130.0-255,4320,63368,64,261957
50106,0.000426,172.31.40.0-255,66,63434,64,261957
50107,0.000456,74.125.130.0-255,2543,65977,64,261957
50108,0.000459,172.31.40.0-255,66,66043,64,261957
50109,0.000514,74.125.130.0-255,645,66688,64,261957
50110,0.000777,74.125.130.0-255,1484,68172,64,261957
50111,0.000782,172.31.40.0-255,66,68238,64,261957
50112,0.000788,74.125.130.0-255,2902,71140,64,261957
50113,0.000791,172.31.40.0-255,66,71206,64,261957
50114,0.000798,74.125.130.0-255,5738,76944,64,261957
50115,0.000806,172.31.40.0-255,66,77010,64,261957
50116,0.000812,74.125.130.0-255,5738,82748,64,261957
50117,0.000814,172.31.40.0-255,66,82814,64,261957
50118,0.000817,74.125.130.0-255,1484,84298,64,261957
50119,0.000848,74.125.130.0-255,5738,90036,64,261957
50120,0.000852,172.31.40.0-255,66,90102,64,261957
50121,0.000878,172.31.40.0-255,66,90168,64,261957
50122,0.000906,74.125.130.0-255,2184,92352,64,261957
50123,0.000909,172.31.40.0-255,66,92418,64,261957
50124,0.000912,74.125.130.0-255,1484,93902,64,261957
50125,0.000937,74.125.130.0-255,2902,96804,64,261957
50126,0.00094,172.31.40.0-255,66,96870,64,261957
50127,0.000946,74.125.130.0-255,5738,102608,64,261957
50128,0.000948,172.31.40.0-255,66,102674,64,261957
50129,0.000988,172.31.40.0-255,66,102740,64,261957
50130,0.000991,74.125.130.0-255,1484,104224,64,261957
50131,0.001036,172.31.40.0-255,66,104290,64,261957
50132,0.001072,172.31.40.0-255,66,104356,64,261957
50133,0.001085,172.31.40.0-255,66,104422,64,261957
50134,0.001097,172.31.40.0-255,66,104488,64,261957
50135,0.001121,74.125.130.0-255,6438,110926,64,261957
50136,0.001125,172.31.40.0-255,66,110992,64,261957
50137,0.001145,74.125.130.0-255,1484,112476,64,261957
50138,0.00115,74.125.130.0-255,2902,115378,64,261957
50139,0.001152,172.31.40.0-255,66,115444,64,261957
50140,0.001155,74.125.130.0-255,1484,116928,64,261957
50141,0.001186,74.125.130.0-255,4320,121248,64,261957
50142,0.001189,172.31.40.0-255,66,121314,64,261957
50143,0.001196,74.125.130.0-255,5738,127052,64,261957
50144,0.001198,172.31.40.0-255,66,127118,64,261957
50145,0.001205,74.125.130.0-255,7156,134274,64,261957
50146,0.001208,172.31.40.0-255,66,134340,64,261957
50147,0.001245,172.31.40.0-255,66,134406,64,261957
50148,0.001271,74.125.130.0-255,2184,136590,64,261957
50149,0.001274,172.31.40.0-255,66,136656,64,261957
50150,0.001277,74.125.130.0-255,1484,138140,64,261957
50151,0.001299,74.125.130.0-255,2902,141042,64,261957
50152,0.001302,172.31.40.0-255,66,141108,64,261957
50153,0.001308,74.125.130.0-255,5738,146846,64,261957
50154,0.00131,172.31.40.0-255,66,146912,64,261957
50155,0.001344,172.31.40.0-255,66,146978,64,261957
50156,0.001393,74.125.130.0-255,4320,151298,64,261957
50157,0.001396,172.31.40.0-255,66,151364,64,261957
50158,0.001427,74.125.130.0-255,6438,157802,64,261957
50159,0.00143,172.31.40.0-255,66,157868,64,261957
50160,0.001433,74.125.130.0-255,1484,159352,64,261957
50161,0.001463,74.125.130.0-255,2902,162254,64,261957
50162,0.001466,172.31.40.0-255,66,162320,64,261957
50163,0.001472,74.125.130.0-255,5738,168058,64,261957
50164,0.001475,172.31.40.0-255,66,168124,64,261957
50165,0.001522,74.125.130.0-255,5738,173862,64,261957
50166,0.001525,172.31.40.0-255,66,173928,64,261957
50167,0.00155,74.125.130.0-255,5738,179666,64,261957
50168,0.001553,172.31.40.0-255,66,179732,64,261957
50169,0.001564,172.31.40.0-255,66,179798,64,261957
50170,0.001569,74.125.130.0-255,3602,183400,64,261957
50171,0.001572,172.31.40.0-255,66,183466,64,261957
50172,0.001598,74.125.130.0-255,1484,184950,64,261957
50173,0.001601,74.125.130.0-255,1484,186434,64,261957
50174,0.001604,172.31.40.0-255,66,186500,64,261957
50175,0.001629,74.125.130.0-255,1484,187984,64,261957
50176,0.001635,74.125.130.0-255,5738,193722,64,261957
50177,0.001638,172.31.40.0-255,66,193788,64,261957
50178,0.001644,74.125.130.0-255,5738,199526,64,261957
50179,0.001647,172.31.40.0-255,66,199592,64,261957
50180,0.001649,74.125.130.0-255,1484,201076,64,261957
50181,0.001676,74.125.130.0-255,5738,206814,64,261957
50182,0.001679,172.31.40.0-255,66,206880,64,261957
50183,0.001726,172.31.40.0-255,66,206946,64,261957
50184,0.001871,74.125.130.0-255,1484,208430,64,261957
50185,0.001893,74.125.130.0-255,2902,211332,64,261957
50186,0.001896,172.31.40.0-255,66,211398,64,261957
50187,0.001903,74.125.130.0-255,5738,217136,64,261957
50188,0.001905,172.31.40.0-255,66,217202,64,261957
50189,0.001932,74.125.130.0-255,4320,221522,64,261957
50190,0.001935,172.31.40.0-255,66,221588,64,261957
50191,0.00197,172.31.40.0-255,66,221654,64,261957
50192,0.001977,74.125.130.0-255,7156,228810,64,261957
50193,0.00198,172.31.40.0-255,66,228876,64,261957
50194,0.002015,74.125.130.0-255,3602,232478,64,261957
50195,0.002018,172.31.40.0-255,66,232544,64,261957
50196,0.002021,74.125.130.0-255,1484,234028,64,261957
50197,0.002039,74.125.130.0-255,2902,236930,64,261957
50198,0.002042,172.31.40.0-255,66,236996,64,261957
50199,0.002048,74.125.130.0-255,5738,242734,64,261957
50200,0.00205,172.31.40.0-255,66,242800,64,261957
50201,0.002064,172.31.40.0-255,66,242866,64,261957
50202,0.002115,172.31.40.0-255,66,242932,64,261957
50203,0.002152,74.125.130.0-255,4320,247252,64,261957
50204,0.002171,74.125.130.0-255,7156,254408,64,261957
50205,0.00218,172.31.40.0-255,66,254474,64,261957
50206,0.002221,74.125.130.0-255,2818,257292,64,261957
50207,0.002223,74.125.130.0-255,105,257397,64,261957
50208,0.002229,172.31.40.0-255,66,257463,64,261957
50209,0.009865,172.31.40.0-255,105,257568,64,261957
50210,0.012195,74.125.130.0-255,66,257634,64,261957
50211,0.031347,172.31.40.0-255,203,257837,64,261957
50212,0.031379,172.31.40.0-255,1111,258948,64,261957
50213,0.031572,172.31.40.0-255,1514,260462,64,261957
50214,0.031574,172.31.40.0-255,1297,261759,64,261957
50215,0.032904,104.244.42.0-255,66,261825,64,261957
50216,0.032934,104.244.42.0-255,66,261891,64,261957
50217,0.033129,104.244.42.0-255,66,261957,64,261957
50218,0.0,74.125.68.0-255,146,146,64,249730
50219,1.4e-05,172.31.40.0-255,66,212,64,249730
50220,3.4e-05,74.125.68.0-255,1484,1696,64,249730
50221,3.8e-05,172.31.40.0-255,66,1762,64,249730
50222,5.9e-05,74.125.68.0-255,2902,4664,64,249730
50223,6.2e-05,172.31.40.0-255,66,4730,64,249730
50224,0.000108,74.125.68.0-255,2902,7632,64,249730
50225,0.000112,172.31.40.0-255,66,7698,64,249730
50226,0.000131,74.125.68.0-255,2902,10600,64,249730
50227,0.000133,172.31.40.0-255,66,10666,64,249730
50228,0.000248,74.125.68.0-255,2902,13568,64,249730
50229,0.000253,172.31.40.0-255,66,13634,64,249730
50230,0.000324,74.125.68.0-255,4320,17954,64,249730
50231,0.00033,172.31.40.0-255,66,18020,64,249730
50232,0.000346,74.125.68.0-255,6282,24302,64,249730
50233,0.000349,172.31.40.0-255,66,24368,64,249730
50234,0.000581,74.125.68.0-255,4320,28688,64,249730
50235,0.000585,172.31.40.0-255,66,28754,64,249730
50236,0.000682,172.31.40.0-255,66,28820,64,249730
50237,0.000707,172.31.40.0-255,66,28886,64,249730
50238,0.001105,172.31.40.0-255,66,28952,64,249730
50239,0.00113,172.31.40.0-255,66,29018,64,249730
50240,0.001553,74.125.68.0-255,376,29394,64,249730
50241,0.001558,172.31.40.0-255,66,29460,64,249730
50242,0.001566,74.125.68.0-255,5738,35198,64,249730
50243,0.001569,172.31.40.0-255,66,35264,64,249730
50244,0.001595,172.31.40.0-255,66,35330,64,249730
50245,0.002377,74.125.68.0-255,2902,38232,64,249730
50246,0.002439,74.125.68.0-255,766,38998,64,249730
50247,0.003187,74.125.68.0-255,4320,43318,64,249730
50248,0.004027,74.125.68.0-255,1484,44802,64,249730
50249,0.004071,74.125.68.0-255,7156,51958,64,249730
50250,0.00463,172.31.40.0-255,66,52024,64,249730
50251,0.007183,74.125.68.0-255,4320,56344,64,249730
50252,0.00719,172.31.40.0-255,66,56410,64,249730
50253,0.007213,74.125.68.0-255,1484,57894,64,249730
50254,0.009736,74.125.68.0-255,4320,62214,64,249730
50255,0.009742,172.31.40.0-255,66,62280,64,249730
50256,0.012297,74.125.68.0-255,5738,68018,64,249730
50257,0.018649,172.31.40.0-255,66,68084,64,249730
50258,0.021199,74.125.68.0-255,5738,73822,64,249730
50259,0.021211,172.31.40.0-255,66,73888,64,249730
50260,0.023778,74.125.68.0-255,5738,79626,64,249730
50261,0.02379,172.31.40.0-255,66,79692,64,249730
50262,0.026162,172.31.40.0-255,172,79864,64,249730
50263,0.026191,172.31.40.0-255,1112,80976,64,249730
50264,0.026222,172.31.40.0-255,1514,82490,64,249730
50265,0.026224,172.31.40.0-255,1298,83788,64,249730
50266,0.026333,74.125.68.0-255,5738,89526,64,249730
50267,0.026338,172.31.40.0-255,66,89592,64,249730
50268,0.027744,104.244.42.0-255,66,89658,64,249730
50269,0.02775,104.244.42.0-255,66,89724,64,249730
50270,0.027778,104.244.42.0-255,66,89790,64,249730
50271,0.028881,74.125.68.0-255,4320,94110,64,249730
50272,0.028886,172.31.40.0-255,66,94176,64,249730
50273,0.028913,74.125.68.0-255,1484,95660,64,249730
50274,0.031435,74.125.68.0-255,4320,99980,64,249730
50275,0.03144,172.31.40.0-255,66,100046,64,249730
50276,0.033993,74.125.68.0-255,5738,105784,64,249730
50277,0.034086,172.31.40.0-255,66,105850,64,249730
50278,0.036648,74.125.68.0-255,5738,111588,64,249730
50279,0.036668,172.31.40.0-255,66,111654,64,249730
50280,0.039224,74.125.68.0-255,5738,117392,64,249730
50281,0.039243,172.31.40.0-255,66,117458,64,249730
50282,0.041803,74.125.68.0-255,5738,123196,64,249730
50283,0.041821,172.31.40.0-255,66,123262,64,249730
50284,0.04439,74.125.68.0-255,5738,129000,64,249730
50285,0.044408,172.31.40.0-255,66,129066,64,249730
50286,0.046972,74.125.68.0-255,5738,134804,64,249730
50287,0.046989,172.31.40.0-255,66,134870,64,249730
50288,0.04955,74.125.68.0-255,5738,140608,64,249730
50289,0.049569,172.31.40.0-255,66,140674,64,249730
50290,0.05214,74.125.68.0-255,5738,146412,64,249730
50291,0.052159,172.31.40.0-255,66,146478,64,249730
50292,0.054722,74.125.68.0-255,5738,152216,64,249730
50293,0.054739,172.31.40.0-255,66,152282,64,249730
50294,0.0573,74.125.68.0-255,5738,158020,64,249730
50295,0.05732,172.31.40.0-255,66,158086,64,249730
50296,0.059882,74.125.68.0-255,5738,163824,64,249730
50297,0.059904,172.31.40.0-255,66,163890,64,249730
50298,0.062471,74.125.68.0-255,5738,169628,64,249730
50299,0.062493,172.31.40.0-255,66,169694,64,249730
50300,0.065056,74.125.68.0-255,5738,175432,64,249730
50301,0.065078,172.31.40.0-255,66,175498,64,249730
50302,0.067647,74.125.68.0-255,5738,181236,64,249730
50303,0.067668,172.31.40.0-255,66,181302,64,249730
50304,0.070222,74.125.68.0-255,5738,187040,64,249730
50305,0.070232,172.31.40.0-255,66,187106,64,249730
50306,0.072789,74.125.68.0-255,2902,190008,64,249730
50307,0.072806,172.31.40.0-255,66,190074,64,249730
50308,0.072834,74.125.68.0-255,2902,192976,64,249730
50309,0.072875,172.31.40.0-255,66,193042,64,249730
50310,0.075452,74.125.68.0-255,4320,197362,64,249730
50311,0.075472,172.31.40.0-255,66,197428,64,249730
50312,0.075508,74.125.68.0-255,1484,198912,64,249730
50313,0.078031,74.125.68.0-255,4320,203232,64,249730
50314,0.078051,172.31.40.0-255,66,203298,64,249730
50315,0.080682,74.125.68.0-255,5738,209036,64,249730
50316,0.080787,172.31.40.0-255,66,209102,64,249730
50317,0.083341,74.125.68.0-255,5738,214840,64,249730
50318,0.083363,172.31.40.0-255,66,214906,64,249730
50319,0.085907,74.125.68.0-255,5738,220644,64,249730
50320,0.085915,172.31.40.0-255,66,220710,64,249730
50321,0.088464,74.125.68.0-255,5738,226448,64,249730
50322,0.088474,172.31.40.0-255,66,226514,64,249730
50323,0.091063,74.125.68.0-255,5738,232252,64,249730
50324,0.091083,172.31.40.0-255,66,232318,64,249730
50325,0.093646,74.125.68.0-255,5738,238056,64,249730
50326,0.093666,172.31.40.0-255,66,238122,64,249730
50327,0.096247,74.125.68.0-255,5738,243860,64,249730
50328,0.096269,172.31.40.0-255,66,243926,64,249730
50329,0.09883,74.125.68.0-255,5738,249664,64,249730
50330,0.098842,172.31.40.0-255,66,249730,64,249730
50331,0.0,74.125.200.0-255,146,146,64,345019
50332,1.6e-05,172.31.40.0-255,66,212,64,345019
50333,2.3e-05,74.125.200.0-255,1484,1696,64,345019
50334,2.8e-05,172.31.40.0-255,66,1762,64,345019
50335,3.1e-05,74.125.200.0-255,1484,3246,64,345019
50336,3.4e-05,172.31.40.0-255,66,3312,64,345019
50337,6.2e-05,74.125.200.0-255,2902,6214,64,345019
50338,6.5e-05,172.31.40.0-255,66,6280,64,345019
50339,8.4e-05,74.125.200.0-255,5738,12018,64,345019
50340,8.6e-05,172.31.40.0-255,66,12084,64,345019
50341,0.000116,74.125.200.0-255,2902,14986,64,345019
50342,0.000118,172.31.40.0-255,66,15052,64,345019
50343,0.000141,74.125.200.0-255,3447,18499,64,345019
50344,0.000144,172.31.40.0-255,66,18565,64,345019
50345,0.000146,74.125.200.0-255,1484,20049,64,345019
50346,0.000148,172.31.40.0-255,66,20115,64,345019
50347,0.000198,74.125.200.0-255,1484,21599,64,345019
50348,0.000202,172.31.40.0-255,66,21665,64,345019
50349,0.000225,74.125.200.0-255,7156,28821,64,345019
50350,0.000227,172.31.40.0-255,66,28887,64,345019
50351,0.000243,74.125.200.0-255,1484,30371,64,345019
50352,0.000246,172.31.40.0-255,66,30437,64,345019
50353,0.000249,74.125.200.0-255,1125,31562,64,345019
50354,0.000251,172.31.40.0-255,66,31628,64,345019
50355,0.000395,74.125.200.0-255,1484,33112,64,345019
50356,0.000399,172.31.40.0-255,66,33178,64,345019
50357,0.000413,74.125.200.0-255,2902,36080,64,345019
50358,0.000416,172.31.40.0-255,66,36146,64,345019
50359,0.000422,74.125.200.0-255,4320,40466,64,345019
50360,0.000424,172.31.40.0-255,66,40532,64,345019
50361,0.000456,74.125.200.0-255,1484,42016,64,345019
50362,0.000459,172.31.40.0-255,66,42082,64,345019
50363,0.000466,74.125.200.0-255,5738,47820,64,345019
50364,0.000468,172.31.40.0-255,66,47886,64,345019
50365,0.000475,74.125.200.0-255,7156,55042,64,345019
50366,0.000478,172.31.40.0-255,66,55108,64,345019
50367,0.000498,74.125.200.0-255,5738,60846,64,345019
50368,0.000502,172.31.40.0-255,66,60912,64,345019
50369,0.000528,74.125.200.0-255,5020,65932,64,345019
50370,0.000531,172.31.40.0-255,66,65998,64,345019
50371,0.000534,74.125.200.0-255,401,66399,64,345019
50372,0.000536,172.31.40.0-255,66,66465,64,345019
50373,0.00055,74.125.200.0-255,343,66808,64,345019
50374,0.000552,172.31.40.0-255,66,66874,64,345019
50375,0.000712,74.125.200.0-255,1484,68358,64,345019
50376,0.000715,74.125.200.0-255,1484,69842,64,345019
50377,0.000722,172.31.40.0-255,66,69908,64,345019
50378,0.00073,172.31.40.0-255,66,69974,64,345019
50379,0.000735,74.125.200.0-255,2902,72876,64,345019
50380,0.000738,172.31.40.0-255,66,72942,64,345019
50381,0.000761,74.125.200.0-255,5738,78680,64,345019
50382,0.000764,172.31.40.0-255,66,78746,64,345019
50383,0.000799,172.31.40.0-255,66,78812,64,345019
50384,0.000834,74.125.200.0-255,4320,83132,64,345019
50385,0.000837,172.31.40.0-255,66,83198,64,345019
50386,0.000875,172.31.40.0-255,66,83264,64,345019
50387,0.000889,172.31.40.0-255,66,83330,64,345019
50388,0.0009,172.31.40.0-255,66,83396,64,345019
50389,0.000905,74.125.200.0-255,4320,87716,64,345019
50390,0.000907,172.31.40.0-255,66,87782,64,345019
50391,0.000939,74.125.200.0-255,5738,93520,64,345019
50392,0.000942,172.31.40.0-255,66,93586,64,345019
50393,0.000949,74.125.200.0-255,5020,98606,64,345019
50394,0.000951,172.31.40.0-255,66,98672,64,345019
50395,0.000957,74.125.200.0-255,5738,104410,64,345019
50396,0.000959,172.31.40.0-255,66,104476,64,345019
50397,0.001013,74.125.200.0-255,6247,110723,64,345019
50398,0.001016,172.31.40.0-255,66,110789,64,345019
50399,0.001874,74.125.200.0-255,1484,112273,64,345019
50400,0.00188,172.31.40.0-255,66,112339,64,345019
50401,0.001886,74.125.200.0-255,2902,115241,64,345019
50402,0.001888,172.31.40.0-255,66,115307,64,345019
50403,0.001891,74.125.200.0-255,1484,116791,64,345019
50404,0.001893,172.31.40.0-255,66,116857,64,345019
50405,0.001898,74.125.200.0-255,2902,119759,64,345019
50406,0.0019,172.31.40.0-255,66,119825,64,345019
50407,0.00193,74.125.200.0-255,5738,125563,64,345019
50408,0.001933,172.31.40.0-255,66,125629,64,345019
50409,0.001938,74.125.200.0-255,2902,128531,64,345019
50410,0.00194,172.31.40.0-255,66,128597,64,345019
50411,0.001956,74.125.200.0-255,1484,130081,64,345019
50412,0.001959,172.31.40.0-255,66,130147,64,345019
50413,0.001965,74.125.200.0-255,4320,134467,64,345019
50414,0.001966,172.31.40.0-255,66,134533,64,345019
50415,0.001991,74.125.200.0-255,1484,136017,64,345019
50416,0.001995,74.125.200.0-255,1484,137501,64,345019
50417,0.001999,172.31.40.0-255,66,137567,64,345019
50418,0.002031,172.31.40.0-255,66,137633,64,345019
50419,0.002082,74.125.200.0-255,1484,139117,64,345019
50420,0.002099,74.125.200.0-255,2902,142019,64,345019
50421,0.002105,172.31.40.0-255,66,142085,64,345019
50422,0.002127,74.125.200.0-255,5738,147823,64,345019
50423,0.002141,74.125.200.0-255,4320,152143,64,345019
50424,0.002146,172.31.40.0-255,66,152209,64,345019
50425,0.002181,172.31.40.0-255,66,152275,64,345019
50426,0.002213,74.125.200.0-255,4320,156595,64,345019
50427,0.002235,74.125.200.0-255,5738,162333,64,345019
50428,0.00224,172.31.40.0-255,66,162399,64,345019
50429,0.002256,74.125.200.0-255,766,163165,64,345019
50430,0.002327,74.125.200.0-255,1484,164649,64,345019
50431,0.002331,74.125.200.0-255,1484,166133,64,345019
50432,0.002343,74.125.200.0-255,1484,167617,64,345019
50433,0.00235,172.31.40.0-255,66,167683,64,345019
50434,0.002368,74.125.200.0-255,4320,172003,64,345019
50435,0.002371,172.31.40.0-255,66,172069,64,345019
50436,0.0024,74.125.200.0-255,2902,174971,64,345019
50437,0.002416,172.31.40.0-255,66,175037,64,345019
50438,0.002425,74.125.200.0-255,2902,177939,64,345019
50439,0.002429,172.31.40.0-255,66,178005,64,345019
50440,0.002456,74.125.200.0-255,766,178771,64,345019
50441,0.012235,172.31.40.0-255,66,178837,64,345019
50442,0.013989,74.125.200.0-255,1484,180321,64,345019
50443,0.014001,172.31.40.0-255,66,180387,64,345019
50444,0.014849,74.125.200.0-255,4320,184707,64,345019
50445,0.014855,172.31.40.0-255,66,184773,64,345019
50446,0.016597,74.125.200.0-255,1484,186257,64,345019
50447,0.016609,172.31.40.0-255,66,186323,64,345019
50448,0.017459,74.125.200.0-255,4320,190643,64,345019
50449,0.017464,172.31.40.0-255,66,190709,64,345019
50450,0.019211,74.125.200.0-255,1484,192193,64,345019
50451,0.019219,172.31.40.0-255,66,192259,64,345019
50452,0.020073,74.125.200.0-255,4320,196579,64,345019
50453,0.020081,172.31.40.0-255,66,196645,64,345019
50454,0.021821,74.125.200.0-255,1484,198129,64,345019
50455,0.02271,74.125.200.0-255,4320,202449,64,345019
50456,0.023589,172.31.40.0-255,66,202515,64,345019
50457,0.026209,74.125.200.0-255,5738,208253,64,345019
50458,0.026222,172.31.40.0-255,66,208319,64,345019
50459,0.028837,74.125.200.0-255,5738,214057,64,345019
50460,0.028847,172.31.40.0-255,66,214123,64,345019
50461,0.031451,74.125.200.0-255,5738,219861,64,345019
50462,0.031459,172.31.40.0-255,66,219927,64,345019
50463,0.034078,74.125.200.0-255,5738,225665,64,345019
50464,0.034092,172.31.40.0-255,66,225731,64,345019
50465,0.0367,74.125.200.0-255,5738,231469,64,345019
50466,0.036708,172.31.40.0-255,66,231535,64,345019
50467,0.039335,74.125.200.0-255,5738,237273,64,345019
50468,0.039353,172.31.40.0-255,66,237339,64,345019
50469,0.041968,74.125.200.0-255,4320,241659,64,345019
50470,0.041974,172.31.40.0-255,66,241725,64,345019
50471,0.041993,74.125.200.0-255,1484,243209,64,345019
50472,0.044598,74.125.200.0-255,4320,247529,64,345019
50473,0.044606,172.31.40.0-255,66,247595,64,345019
50474,0.04722,74.125.200.0-255,5738,253333,64,345019
50475,0.047227,172.31.40.0-255,66,253399,64,345019
50476,0.049885,74.125.200.0-255,5738,259137,64,345019
50477,0.049893,172.31.40.0-255,66,259203,64,345019
50478,0.050888,172.31.40.0-255,172,259375,64,345019
50479,0.050922,172.31.40.0-255,1112,260487,64,345019
50480,0.05098,172.31.40.0-255,1514,262001,64,345019
50481,0.050982,172.31.40.0-255,1296,263297,64,345019
50482,0.052448,104.244.42.0-255,66,263363,64,345019
50483,0.052482,104.244.42.0-255,66,263429,64,345019
50484,0.052506,74.125.200.0-255,4320,267749,64,345019
50485,0.052511,172.31.40.0-255,66,267815,64,345019
50486,0.052538,74.125.200.0-255,1484,269299,64,345019
50487,0.052543,104.244.42.0-255,66,269365,64,345019
50488,0.055145,74.125.200.0-255,4320,273685,64,345019
50489,0.055163,172.31.40.0-255,66,273751,64,345019
50490,0.0578,74.125.200.0-255,5738,279489,64,345019
50491,0.057819,172.31.40.0-255,66,279555,64,345019
50492,0.060435,74.125.200.0-255,5738,285293,64,345019
50493,0.060451,172.31.40.0-255,66,285359,64,345019
50494,0.063071,74.125.200.0-255,5738,291097,64,345019
50495,0.063091,172.31.40.0-255,66,291163,64,345019
50496,0.065728,74.125.200.0-255,5738,296901,64,345019
50497,0.065747,172.31.40.0-255,66,296967,64,345019
50498,0.068375,74.125.200.0-255,5738,302705,64,345019
50499,0.068395,172.31.40.0-255,66,302771,64,345019
50500,0.071026,74.125.200.0-255,5738,308509,64,345019
50501,0.071043,172.31.40.0-255,66,308575,64,345019
50502,0.073681,74.125.200.0-255,5738,314313,64,345019
50503,0.073694,172.31.40.0-255,66,314379,64,345019
50504,0.076318,74.125.200.0-255,5738,320117,64,345019
50505,0.076336,172.31.40.0-255,66,320183,64,345019
50506,0.078959,74.125.200.0-255,5738,325921,64,345019
50507,0.078977,172.31.40.0-255,66,325987,64,345019
50508,0.081628,74.125.200.0-255,5738,331725,64,345019
50509,0.081646,172.31.40.0-255,66,331791,64,345019
50510,0.084265,74.125.200.0-255,5738,337529,64,345019
50511,0.084276,172.31.40.0-255,66,337595,64,345019
50512,0.086901,74.125.200.0-255,5738,343333,64,345019
50513,0.086916,172.31.40.0-255,66,343399,64,345019
50514,0.089538,74.125.200.0-255,1383,344782,64,345019
50515,0.089771,172.31.40.0-255,66,344848,64,345019
50516,0.089808,172.31.40.0-255,105,344953,64,345019
50517,0.092386,74.125.200.0-255,66,345019,64,345019
50518,0.0,74.125.24.0-255,153,153,64,297005
50519,2.5e-05,172.31.40.0-255,66,219,64,297005
50520,3.2e-05,74.125.24.0-255,1484,1703,64,297005
50521,3.6e-05,172.31.40.0-255,66,1769,64,297005
50522,4.9e-05,74.125.24.0-255,2902,4671,64,297005
50523,5.5e-05,172.31.40.0-255,66,4737,64,297005
50524,6e-05,74.125.24.0-255,2902,7639,64,297005
50525,6.3e-05,172.31.40.0-255,66,7705,64,297005
50526,7e-05,74.125.24.0-255,5738,13443,64,297005
50527,7.3e-05,172.31.40.0-255,66,13509,64,297005
50528,0.000113,74.125.24.0-255,4936,18445,64,297005
50529,0.000116,172.31.40.0-255,66,18511,64,297005
50530,0.000124,74.125.24.0-255,7156,25667,64,297005
50531,0.000126,172.31.40.0-255,66,25733,64,297005
50532,0.000157,74.125.24.0-255,5379,31112,64,297005
50533,0.00016,172.31.40.0-255,66,31178,64,297005
50534,0.000231,74.125.24.0-255,1484,32662,64,297005
50535,0.000234,172.31.40.0-255,66,32728,64,297005
50536,0.000241,74.125.24.0-255,2902,35630,64,297005
50537,0.000243,172.31.40.0-255,66,35696,64,297005
50538,0.000254,74.125.24.0-255,5738,41434,64,297005
50539,0.000257,172.31.40.0-255,66,41500,64,297005
50540,0.000263,74.125.24.0-255,6797,48297,64,297005
50541,0.000266,172.31.40.0-255,66,48363,64,297005
50542,0.0003,172.31.40.0-255,66,48429,64,297005
50543,0.000332,74.125.24.0-255,4320,52749,64,297005
50544,0.000334,172.31.40.0-255,66,52815,64,297005
50545,0.000339,74.125.24.0-255,2543,55358,64,297005
50546,0.000341,172.31.40.0-255,66,55424,64,297005
50547,0.000344,74.125.24.0-255,395,55819,64,297005
50548,0.00035,172.31.40.0-255,66,55885,64,297005
50549,0.00037,74.125.24.0-255,348,56233,64,297005
50550,0.000621,74.125.24.0-255,1484,57717,64,297005
50551,0.000627,172.31.40.0-255,66,57783,64,297005
50552,0.000633,74.125.24.0-255,2902,60685,64,297005
50553,0.000635,172.31.40.0-255,66,60751,64,297005
50554,0.00064,74.125.24.0-255,2902,63653,64,297005
50555,0.000647,172.31.40.0-255,66,63719,64,297005
50556,0.000678,74.125.24.0-255,2902,66621,64,297005
50557,0.000681,172.31.40.0-255,66,66687,64,297005
50558,0.000684,74.125.24.0-255,1484,68171,64,297005
50559,0.000698,172.31.40.0-255,66,68237,64,297005
50560,0.000705,74.125.24.0-255,5738,73975,64,297005
50561,0.000707,172.31.40.0-255,66,74041,64,297005
50562,0.00074,74.125.24.0-255,3602,77643,64,297005
50563,0.000743,172.31.40.0-255,66,77709,64,297005
50564,0.001263,74.125.24.0-255,1484,79193,64,297005
50565,0.001279,74.125.24.0-255,2902,82095,64,297005
50566,0.001283,172.31.40.0-255,66,82161,64,297005
50567,0.001303,74.125.24.0-255,2902,85063,64,297005
50568,0.001305,172.31.40.0-255,66,85129,64,297005
50569,0.001313,74.125.24.0-255,7156,92285,64,297005
50570,0.001315,172.31.40.0-255,66,92351,64,297005
50571,0.001344,74.125.24.0-255,2902,95253,64,297005
50572,0.001347,172.31.40.0-255,66,95319,64,297005
50573,0.00136,74.125.24.0-255,4320,99639,64,297005
50574,0.001366,172.31.40.0-255,66,99705,64,297005
50575,0.001396,172.31.40.0-255,66,99771,64,297005
50576,0.001421,74.125.24.0-255,3602,103373,64,297005
50577,0.001423,172.31.40.0-255,66,103439,64,297005
50578,0.001831,74.125.24.0-255,1484,104923,64,297005
50579,0.001836,74.125.24.0-255,1484,106407,64,297005
50580,0.001839,172.31.40.0-255,66,106473,64,297005
50581,0.001866,74.125.24.0-255,1484,107957,64,297005
50582,0.001873,74.125.24.0-255,5738,113695,64,297005
50583,0.001875,172.31.40.0-255,66,113761,64,297005
50584,0.00188,74.125.24.0-255,4320,118081,64,297005
50585,0.001882,172.31.40.0-255,66,118147,64,297005
50586,0.001918,172.31.40.0-255,66,118213,64,297005
50587,0.001926,74.125.24.0-255,7156,125369,64,297005
50588,0.001928,172.31.40.0-255,66,125435,64,297005
50589,0.00195,74.125.24.0-255,2902,128337,64,297005
50590,0.001953,172.31.40.0-255,66,128403,64,297005
50591,0.001978,74.125.24.0-255,766,129169,64,297005
50592,0.001994,74.125.24.0-255,1484,130653,64,297005
50593,0.001997,172.31.40.0-255,66,130719,64,297005
50594,0.002,74.125.24.0-255,1484,132203,64,297005
50595,0.002038,74.125.24.0-255,2902,135105,64,297005
50596,0.002041,172.31.40.0-255,66,135171,64,297005
50597,0.002048,74.125.24.0-255,7156,142327,64,297005
50598,0.00205,172.31.40.0-255,66,142393,64,297005
50599,0.002071,172.31.40.0-255,66,142459,64,297005
50600,0.002077,74.125.24.0-255,5020,147479,64,297005
50601,0.002116,172.31.40.0-255,66,147545,64,297005
50602,0.002142,74.125.24.0-255,1484,149029,64,297005
50603,0.002147,74.125.24.0-255,2902,151931,64,297005
50604,0.00215,172.31.40.0-255,66,151997,64,297005
50605,0.002157,74.125.24.0-255,5738,157735,64,297005
50606,0.002159,172.31.40.0-255,66,157801,64,297005
50607,0.002162,74.125.24.0-255,1484,159285,64,297005
50608,0.002169,74.125.24.0-255,7156,166441,64,297005
50609,0.002171,172.31.40.0-255,66,166507,64,297005
50610,0.002196,74.125.24.0-255,1484,167991,64,297005
50611,0.0022,74.125.24.0-255,1484,169475,64,297005
50612,0.002202,172.31.40.0-255,66,169541,64,297005
50613,0.002241,172.31.40.0-255,66,169607,64,297005
50614,0.002275,74.125.24.0-255,5738,175345,64,297005
50615,0.002278,172.31.40.0-255,66,175411,64,297005
50616,0.002285,74.125.24.0-255,7156,182567,64,297005
50617,0.002288,172.31.40.0-255,66,182633,64,297005
50618,0.002311,172.31.40.0-255,66,182699,64,297005
50619,0.002343,74.125.24.0-255,2902,185601,64,297005
50620,0.002346,172.31.40.0-255,66,185667,64,297005
50621,0.002357,172.31.40.0-255,66,185733,64,297005
50622,0.00237,172.31.40.0-255,66,185799,64,297005
50623,0.002409,172.31.40.0-255,66,185865,64,297005
50624,0.002419,172.31.40.0-255,66,185931,64,297005
50625,0.004816,74.125.24.0-255,5738,191669,64,297005
50626,0.004838,172.31.40.0-255,66,191735,64,297005
50627,0.007243,74.125.24.0-255,5738,197473,64,297005
50628,0.007261,172.31.40.0-255,66,197539,64,297005
50629,0.009646,74.125.24.0-255,5738,203277,64,297005
50630,0.009661,172.31.40.0-255,66,203343,64,297005
50631,0.012002,74.125.24.0-255,5738,209081,64,297005
50632,0.013501,172.31.40.0-255,66,209147,64,297005
50633,0.015881,74.125.24.0-255,5738,214885,64,297005
50634,0.015891,172.31.40.0-255,66,214951,64,297005
50635,0.018254,74.125.24.0-255,5738,220689,64,297005
50636,0.018267,172.31.40.0-255,66,220755,64,297005
50637,0.02061,74.125.24.0-255,5738,226493,64,297005
50638,0.02062,172.31.40.0-255,66,226559,64,297005
50639,0.023013,74.125.24.0-255,5738,232297,64,297005
50640,0.023022,172.31.40.0-255,66,232363,64,297005
50641,0.02538,74.125.24.0-255,5738,238101,64,297005
50642,0.025393,172.31.40.0-255,66,238167,64,297005
50643,0.027923,74.125.24.0-255,5738,243905,64,297005
50644,0.027933,172.31.40.0-255,66,243971,64,297005
50645,0.030387,74.125.24.0-255,5738,249709,64,297005
50646,0.030404,172.31.40.0-255,66,249775,64,297005
50647,0.032749,74.125.24.0-255,5738,255513,64,297005
50648,0.032761,172.31.40.0-255,66,255579,64,297005
50649,0.035095,74.125.24.0-255,5738,261317,64,297005
50650,0.035103,172.31.40.0-255,66,261383,64,297005
50651,0.037496,74.125.24.0-255,5738,267121,64,297005
50652,0.037504,172.31.40.0-255,66,267187,64,297005
50653,0.039943,74.125.24.0-255,5738,272925,64,297005
50654,0.039952,172.31.40.0-255,66,272991,64,297005
50655,0.042357,74.125.24.0-255,5738,278729,64,297005
50656,0.042375,172.31.40.0-255,66,278795,64,297005
50657,0.044728,74.125.24.0-255,5738,284533,64,297005
50658,0.044738,172.31.40.0-255,66,284599,64,297005
50659,0.047319,74.125.24.0-255,5738,290337,64,297005
50660,0.047359,172.31.40.0-255,66,290403,64,297005
50661,0.049449,172.31.40.0-255,171,290574,64,297005
50662,0.049483,172.31.40.0-255,1137,291711,64,297005
50663,0.049541,172.31.40.0-255,1514,293225,64,297005
50664,0.049562,172.31.40.0-255,1271,294496,64,297005
50665,0.04972,74.125.24.0-255,2074,296570,64,297005
50666,0.049727,172.31.40.0-255,66,296636,64,297005
50667,0.049877,172.31.40.0-255,105,296741,64,297005
50668,0.051003,104.244.42.0-255,66,296807,64,297005
50669,0.051041,104.244.42.0-255,66,296873,64,297005
50670,0.051099,104.244.42.0-255,66,296939,64,297005
50671,0.052193,74.125.24.0-255,66,297005,64,297005
50672,0.0,172.217.194.0-255,153,153,64,346064
50673,1.7e-05,172.31.40.0-255,66,219,64,346064
50674,2.3e-05,172.217.194.0-255,1484,1703,64,346064
50675,2.7e-05,172.31.40.0-255,66,1769,64,346064
50676,3.3e-05,172.217.194.0-255,2902,4671,64,346064
50677,3.6e-05,172.31.40.0-255,66,4737,64,346064
50678,4.2e-05,172.217.194.0-255,4320,9057,64,346064
50679,4.5e-05,172.31.40.0-255,66,9123,64,346064
50680,6.7e-05,172.217.194.0-255,2902,12025,64,346064
50681,7e-05,172.31.40.0-255,66,12091,64,346064
50682,7.4e-05,172.217.194.0-255,2039,14130,64,346064
50683,7.7e-05,172.31.40.0-255,66,14196,64,346064
50684,0.000154,172.217.194.0-255,1484,15680,64,346064
50685,0.000157,172.31.40.0-255,66,15746,64,346064
50686,0.000162,172.217.194.0-255,2902,18648,64,346064
50687,0.000165,172.31.40.0-255,66,18714,64,346064
50688,0.000207,172.217.194.0-255,5738,24452,64,346064
50689,0.000211,172.31.40.0-255,66,24518,64,346064
50690,0.000237,172.217.194.0-255,6797,31315,64,346064
50691,0.00024,172.31.40.0-255,66,31381,64,346064
50692,0.000403,172.217.194.0-255,1484,32865,64,346064
50693,0.000408,172.31.40.0-255,66,32931,64,346064
50694,0.000414,172.217.194.0-255,2902,35833,64,346064
50695,0.000416,172.31.40.0-255,66,35899,64,346064
50696,0.000421,172.217.194.0-255,2902,38801,64,346064
50697,0.000423,172.31.40.0-255,66,38867,64,346064
50698,0.000437,172.217.194.0-255,2902,41769,64,346064
50699,0.000439,172.31.40.0-255,66,41835,64,346064
50700,0.00046,172.217.194.0-255,4320,46155,64,346064
50701,0.000464,172.31.40.0-255,66,46221,64,346064
50702,0.000485,172.217.194.0-255,6797,53018,64,346064
50703,0.000489,172.31.40.0-255,66,53084,64,346064
50704,0.0005,172.31.40.0-255,66,53150,64,346064
50705,0.000517,172.217.194.0-255,2543,55693,64,346064
50706,0.000521,172.31.40.0-255,66,55759,64,346064
50707,0.00066,172.217.194.0-255,645,56404,64,346064
50708,0.000914,172.217.194.0-255,1484,57888,64,346064
50709,0.000919,172.31.40.0-255,66,57954,64,346064
50710,0.000923,172.217.194.0-255,1484,59438,64,346064
50711,0.00094,172.217.194.0-255,1484,60922,64,346064
50712,0.000942,172.31.40.0-255,66,60988,64,346064
50713,0.00095,172.217.194.0-255,5738,66726,64,346064
50714,0.000952,172.31.40.0-255,66,66792,64,346064
50715,0.000975,172.217.194.0-255,1484,68276,64,346064
50716,0.001008,172.31.40.0-255,66,68342,64,346064
50717,0.001015,172.217.194.0-255,5738,74080,64,346064
50718,0.001017,172.31.40.0-255,66,74146,64,346064
50719,0.001029,172.217.194.0-255,1484,75630,64,346064
50720,0.001042,172.217.194.0-255,3602,79232,64,346064
50721,0.001044,172.31.40.0-255,66,79298,64,346064
50722,0.001321,172.217.194.0-255,1484,80782,64,346064
50723,0.001327,172.217.194.0-255,2902,83684,64,346064
50724,0.00133,172.31.40.0-255,66,83750,64,346064
50725,0.001334,172.217.194.0-255,1484,85234,64,346064
50726,0.001348,172.217.194.0-255,4320,89554,64,346064
50727,0.00135,172.31.40.0-255,66,89620,64,346064
50728,0.001382,172.31.40.0-255,66,89686,64,346064
50729,0.001399,172.217.194.0-255,2902,92588,64,346064
50730,0.001401,172.31.40.0-255,66,92654,64,346064
50731,0.001406,172.217.194.0-255,4320,96974,64,346064
50732,0.001409,172.31.40.0-255,66,97040,64,346064
50733,0.001433,172.217.194.0-255,6438,103478,64,346064
50734,0.001436,172.31.40.0-255,66,103544,64,346064
50735,0.002281,172.217.194.0-255,1484,105028,64,346064
50736,0.002293,172.217.194.0-255,2902,107930,64,346064
50737,0.002298,172.31.40.0-255,66,107996,64,346064
50738,0.002306,172.217.194.0-255,5738,113734,64,346064
50739,0.002308,172.31.40.0-255,66,113800,64,346064
50740,0.002324,172.217.194.0-255,4320,118120,64,346064
50741,0.002327,172.31.40.0-255,66,118186,64,346064
50742,0.002353,172.217.194.0-255,4320,122506,64,346064
50743,0.002356,172.31.40.0-255,66,122572,64,346064
50744,0.002362,172.217.194.0-255,4320,126892,64,346064
50745,0.002364,172.31.40.0-255,66,126958,64,346064
50746,0.002387,172.31.40.0-255,66,127024,64,346064
50747,0.004973,172.217.194.0-255,5738,132762,64,346064
50748,0.004981,172.31.40.0-255,66,132828,64,346064
50749,0.007572,172.217.194.0-255,5738,138566,64,346064
50750,0.007578,172.31.40.0-255,66,138632,64,346064
50751,0.010156,172.217.194.0-255,5738,144370,64,346064
50752,0.010164,172.31.40.0-255,66,144436,64,346064
50753,0.012782,172.217.194.0-255,5738,150174,64,346064
50754,0.012789,172.31.40.0-255,66,150240,64,346064
50755,0.015404,172.217.194.0-255,5738,155978,64,346064
50756,0.015415,172.31.40.0-255,66,156044,64,346064
50757,0.018049,172.217.194.0-255,5738,161782,64,346064
50758,0.018058,172.31.40.0-255,66,161848,64,346064
50759,0.020671,172.217.194.0-255,5738,167586,64,346064
50760,0.02068,172.31.40.0-255,66,167652,64,346064
50761,0.023268,172.217.194.0-255,5738,173390,64,346064
50762,0.023277,172.31.40.0-255,66,173456,64,346064
50763,0.025878,172.217.194.0-255,5738,179194,64,346064
50764,0.025885,172.31.40.0-255,66,179260,64,346064
50765,0.026886,172.31.40.0-255,172,179432,64,346064
50766,0.026925,172.31.40.0-255,1111,180543,64,346064
50767,0.026984,172.31.40.0-255,1514,182057,64,346064
50768,0.026986,172.31.40.0-255,1297,183354,64,346064
50769,0.028451,104.244.42.0-255,66,183420,64,346064
50770,0.02849,172.217.194.0-255,5738,189158,64,346064
50771,0.028495,172.31.40.0-255,66,189224,64,346064
50772,0.02864,104.244.42.0-255,66,189290,64,346064
50773,0.028646,104.244.42.0-255,66,189356,64,346064
50774,0.031098,172.217.194.0-255,5738,195094,64,346064
50775,0.031105,172.31.40.0-255,66,195160,64,346064
50776,0.033703,172.217.194.0-255,5738,200898,64,346064
50777,0.03371,172.31.40.0-255,66,200964,64,346064
50778,0.036322,172.217.194.0-255,5738,206702,64,346064
50779,0.036329,172.31.40.0-255,66,206768,64,346064
50780,0.038923,172.217.194.0-255,5738,212506,64,346064
50781,0.03893,172.31.40.0-255,66,212572,64,346064
50782,0.041526,172.217.194.0-255,5738,218310,64,346064
50783,0.041533,172.31.40.0-255,66,218376,64,346064
50784,0.044195,172.217.194.0-255,5738,224114,64,346064
50785,0.044206,172.31.40.0-255,66,224180,64,346064
50786,0.046784,172.217.194.0-255,5738,229918,64,346064
50787,0.046791,172.31.40.0-255,66,229984,64,346064
50788,0.049383,172.217.194.0-255,5738,235722,64,346064
50789,0.049391,172.31.40.0-255,66,235788,64,346064
50790,0.051965,172.217.194.0-255,5738,241526,64,346064
50791,0.051971,172.31.40.0-255,66,241592,64,346064
50792,0.054556,172.217.194.0-255,5738,247330,64,346064
50793,0.054563,172.31.40.0-255,66,247396,64,346064
50794,0.057145,172.217.194.0-255,5738,253134,64,346064
50795,0.057152,172.31.40.0-255,66,253200,64,346064
50796,0.059778,172.217.194.0-255,5738,258938,64,346064
50797,0.059785,172.31.40.0-255,66,259004,64,346064
50798,0.062392,172.217.194.0-255,5738,264742,64,346064
50799,0.062397,172.31.40.0-255,66,264808,64,346064
50800,0.064982,172.217.194.0-255,5738,270546,64,346064
50801,0.064987,172.31.40.0-255,66,270612,64,346064
50802,0.067585,172.217.194.0-255,5738,276350,64,346064
50803,0.067592,172.31.40.0-255,66,276416,64,346064
50804,0.07017,172.217.194.0-255,5738,282154,64,346064
50805,0.070177,172.31.40.0-255,66,282220,64,346064
50806,0.072787,172.217.194.0-255,5738,287958,64,346064
50807,0.072793,172.31.40.0-255,66,288024,64,346064
50808,0.075395,172.217.194.0-255,5738,293762,64,346064
50809,0.0754,172.31.40.0-255,66,293828,64,346064
50810,0.077979,172.217.194.0-255,5738,299566,64,346064
50811,0.077986,172.31.40.0-255,66,299632,64,346064
50812,0.080593,172.217.194.0-255,5738,305370,64,346064
50813,0.080597,172.31.40.0-255,66,305436,64,346064
50814,0.083201,172.217.194.0-255,5738,311174,64,346064
50815,0.083208,172.31.40.0-255,66,311240,64,346064
50816,0.08578,172.217.194.0-255,5738,316978,64,346064
50817,0.085786,172.31.40.0-255,66,317044,64,346064
50818,0.088375,172.217.194.0-255,5738,322782,64,346064
50819,0.088381,172.31.40.0-255,66,322848,64,346064
50820,0.090981,172.217.194.0-255,5738,328586,64,346064
50821,0.090988,172.31.40.0-255,66,328652,64,346064
50822,0.093576,172.217.194.0-255,5738,334390,64,346064
50823,0.093583,172.31.40.0-255,66,334456,64,346064
50824,0.096174,172.217.194.0-255,5738,340194,64,346064
50825,0.09618,172.31.40.0-255,66,340260,64,346064
50826,0.098787,172.217.194.0-255,5738,345998,64,346064
50827,0.098793,172.31.40.0-255,66,346064,64,346064
50828,0.0,74.125.200.0-255,153,153,64,288644
50829,2.4e-05,172.31.40.0-255,66,219,64,288644
50830,3.1e-05,74.125.200.0-255,1484,1703,64,288644
50831,3.5e-05,172.31.40.0-255,66,1769,64,288644
50832,3.9e-05,74.125.200.0-255,1484,3253,64,288644
50833,5e-05,172.31.40.0-255,66,3319,64,288644
50834,5.8e-05,74.125.200.0-255,2902,6221,64,288644
50835,6e-05,172.31.40.0-255,66,6287,64,288644
50836,6.7e-05,74.125.200.0-255,5738,12025,64,288644
50837,6.9e-05,172.31.40.0-255,66,12091,64,288644
50838,0.000103,74.125.200.0-255,2102,14193,64,288644
50839,0.000107,172.31.40.0-255,66,14259,64,288644
50840,0.000245,74.125.200.0-255,1484,15743,64,288644
50841,0.00025,172.31.40.0-255,66,15809,64,288644
50842,0.000255,74.125.200.0-255,2902,18711,64,288644
50843,0.000257,172.31.40.0-255,66,18777,64,288644
50844,0.00029,74.125.200.0-255,5738,24515,64,288644
50845,0.000293,172.31.40.0-255,66,24581,64,288644
50846,0.000323,74.125.200.0-255,6797,31378,64,288644
50847,0.000326,172.31.40.0-255,66,31444,64,288644
50848,0.000369,74.125.200.0-255,7156,38600,64,288644
50849,0.000372,172.31.40.0-255,66,38666,64,288644
50850,0.000379,74.125.200.0-255,7156,45822,64,288644
50851,0.000381,172.31.40.0-255,66,45888,64,288644
50852,0.000397,172.31.40.0-255,66,45954,64,288644
50853,0.00041,172.31.40.0-255,66,46020,64,288644
50854,0.000481,74.125.200.0-255,395,46415,64,288644
50855,0.000484,172.31.40.0-255,66,46481,64,288644
50856,0.000505,74.125.200.0-255,111,46592,64,288644
50857,0.000508,172.31.40.0-255,66,46658,64,288644
50858,0.000631,74.125.200.0-255,1484,48142,64,288644
50859,0.000635,74.125.200.0-255,1484,49626,64,288644
50860,0.000646,172.31.40.0-255,66,49692,64,288644
50861,0.00065,74.125.200.0-255,1484,51176,64,288644
50862,0.000657,74.125.200.0-255,5738,56914,64,288644
50863,0.000663,172.31.40.0-255,66,56980,64,288644
50864,0.000692,74.125.200.0-255,7156,64136,64,288644
50865,0.000695,172.31.40.0-255,66,64202,64,288644
50866,0.000724,74.125.200.0-255,5738,69940,64,288644
50867,0.00073,74.125.200.0-255,5738,75678,64,288644
50868,0.000735,172.31.40.0-255,66,75744,64,288644
50869,0.000738,172.31.40.0-255,66,75810,64,288644
50870,0.000749,74.125.200.0-255,5020,80830,64,288644
50871,0.000756,172.31.40.0-255,66,80896,64,288644
50872,0.000783,74.125.200.0-255,334,81230,64,288644
50873,0.000917,74.125.200.0-255,1484,82714,64,288644
50874,0.000922,172.31.40.0-255,66,82780,64,288644
50875,0.000948,74.125.200.0-255,1484,84264,64,288644
50876,0.000959,74.125.200.0-255,1484,85748,64,288644
50877,0.000962,172.31.40.0-255,66,85814,64,288644
50878,0.000989,74.125.200.0-255,4320,90134,64,288644
50879,0.000991,172.31.40.0-255,66,90200,64,288644
50880,0.000995,74.125.200.0-255,1484,91684,64,288644
50881,0.001019,74.125.200.0-255,4320,96004,64,288644
50882,0.001022,172.31.40.0-255,66,96070,64,288644
50883,0.001026,74.125.200.0-255,2902,98972,64,288644
50884,0.001028,172.31.40.0-255,66,99038,64,288644
50885,0.001064,172.31.40.0-255,66,99104,64,288644
50886,0.001069,74.125.200.0-255,4320,103424,64,288644
50887,0.001071,172.31.40.0-255,66,103490,64,288644
50888,0.001133,74.125.200.0-255,3602,107092,64,288644
50889,0.001137,172.31.40.0-255,66,107158,64,288644
50890,0.001143,74.125.200.0-255,4320,111478,64,288644
50891,0.001145,172.31.40.0-255,66,111544,64,288644
50892,0.001198,74.125.200.0-255,2902,114446,64,288644
50893,0.001202,172.31.40.0-255,66,114512,64,288644
50894,0.001232,74.125.200.0-255,7156,121668,64,288644
50895,0.001235,172.31.40.0-255,66,121734,64,288644
50896,0.001238,74.125.200.0-255,1484,123218,64,288644
50897,0.001251,172.31.40.0-255,66,123284,64,288644
50898,0.00131,172.31.40.0-255,66,123350,64,288644
50899,0.001348,172.31.40.0-255,66,123416,64,288644
50900,0.001361,172.31.40.0-255,66,123482,64,288644
50901,0.001364,74.125.200.0-255,1484,124966,64,288644
50902,0.001369,74.125.200.0-255,2902,127868,64,288644
50903,0.001371,172.31.40.0-255,66,127934,64,288644
50904,0.001377,74.125.200.0-255,4320,132254,64,288644
50905,0.001379,172.31.40.0-255,66,132320,64,288644
50906,0.00139,172.31.40.0-255,66,132386,64,288644
50907,0.001427,74.125.200.0-255,5738,138124,64,288644
50908,0.001431,172.31.40.0-255,66,138190,64,288644
50909,0.001438,74.125.200.0-255,7156,145346,64,288644
50910,0.001441,172.31.40.0-255,66,145412,64,288644
50911,0.001446,74.125.200.0-255,2902,148314,64,288644
50912,0.001448,172.31.40.0-255,66,148380,64,288644
50913,0.001469,74.125.200.0-255,766,149146,64,288644
50914,0.001475,74.125.200.0-255,4320,153466,64,288644
50915,0.001478,172.31.40.0-255,66,153532,64,288644
50916,0.001506,74.125.200.0-255,7156,160688,64,288644
50917,0.001509,172.31.40.0-255,66,160754,64,288644
50918,0.001546,74.125.200.0-255,1484,162238,64,288644
50919,0.001564,172.31.40.0-255,66,162304,64,288644
50920,0.001576,172.31.40.0-255,66,162370,64,288644
50921,0.001707,74.125.200.0-255,1484,163854,64,288644
50922,0.001711,74.125.200.0-255,1484,165338,64,288644
50923,0.001714,172.31.40.0-255,66,165404,64,288644
50924,0.001741,74.125.200.0-255,1484,166888,64,288644
50925,0.001747,74.125.200.0-255,5738,172626,64,288644
50926,0.00175,172.31.40.0-255,66,172692,64,288644
50927,0.001775,74.125.200.0-255,7156,179848,64,288644
50928,0.001777,172.31.40.0-255,66,179914,64,288644
50929,0.001783,74.125.200.0-255,4320,184234,64,288644
50930,0.001785,172.31.40.0-255,66,184300,64,288644
50931,0.001819,74.125.200.0-255,4320,188620,64,288644
50932,0.001822,172.31.40.0-255,66,188686,64,288644
50933,0.00183,74.125.200.0-255,7156,195842,64,288644
50934,0.001832,172.31.40.0-255,66,195908,64,288644
50935,0.001858,74.125.200.0-255,766,196674,64,288644
50936,0.001949,74.125.200.0-255,1484,198158,64,288644
50937,0.001954,172.31.40.0-255,66,198224,64,288644
50938,0.00196,74.125.200.0-255,2902,201126,64,288644
50939,0.001963,172.31.40.0-255,66,201192,64,288644
50940,0.001997,74.125.200.0-255,5738,206930,64,288644
50941,0.002,172.31.40.0-255,66,206996,64,288644
50942,0.002012,74.125.200.0-255,2902,209898,64,288644
50943,0.002019,172.31.40.0-255,66,209964,64,288644
50944,0.002047,74.125.200.0-255,7156,217120,64,288644
50945,0.002053,74.125.200.0-255,5738,222858,64,288644
50946,0.002057,172.31.40.0-255,66,222924,64,288644
50947,0.00206,172.31.40.0-255,66,222990,64,288644
50948,0.002071,74.125.200.0-255,5738,228728,64,288644
50949,0.002074,172.31.40.0-255,66,228794,64,288644
50950,0.002078,74.125.200.0-255,2184,230978,64,288644
50951,0.00208,172.31.40.0-255,66,231044,64,288644
50952,0.002089,74.125.200.0-255,2902,233946,64,288644
50953,0.002092,172.31.40.0-255,66,234012,64,288644
50954,0.002099,74.125.200.0-255,7156,241168,64,288644
50955,0.002102,172.31.40.0-255,66,241234,64,288644
50956,0.002105,74.125.200.0-255,1484,242718,64,288644
50957,0.002148,172.31.40.0-255,66,242784,64,288644
50958,0.002161,172.31.40.0-255,66,242850,64,288644
50959,0.002165,74.125.200.0-255,2184,245034,64,288644
50960,0.002167,172.31.40.0-255,66,245100,64,288644
50961,0.002171,74.125.200.0-255,2902,248002,64,288644
50962,0.002173,172.31.40.0-255,66,248068,64,288644
50963,0.002235,74.125.200.0-255,7156,255224,64,288644
50964,0.002238,172.31.40.0-255,66,255290,64,288644
50965,0.002243,74.125.200.0-255,4320,259610,64,288644
50966,0.002246,172.31.40.0-255,66,259676,64,288644
50967,0.002252,74.125.200.0-255,5738,265414,64,288644
50968,0.002254,172.31.40.0-255,66,265480,64,288644
50969,0.002258,74.125.200.0-255,2902,268382,64,288644
50970,0.00226,172.31.40.0-255,66,268448,64,288644
50971,0.002294,74.125.200.0-255,4320,272768,64,288644
50972,0.002298,172.31.40.0-255,66,272834,64,288644
50973,0.004493,74.125.200.0-255,1484,274318,64,288644
50974,0.004536,74.125.200.0-255,4320,278638,64,288644
50975,0.004546,172.31.40.0-255,66,278704,64,288644
50976,0.006812,74.125.200.0-255,5411,284115,64,288644
50977,0.006819,172.31.40.0-255,66,284181,64,288644
50978,0.017847,172.31.40.0-255,105,284286,64,288644
50979,0.020065,74.125.200.0-255,66,284352,64,288644
50980,0.050692,172.31.40.0-255,172,284524,64,288644
50981,0.050726,172.31.40.0-255,1113,285637,64,288644
50982,0.050788,172.31.40.0-255,1514,287151,64,288644
50983,0.050789,172.31.40.0-255,1295,288446,64,288644
50984,0.052238,104.244.42.0-255,66,288512,64,288644
50985,0.052417,104.244.42.0-255,66,288578,64,288644
50986,0.052421,104.244.42.0-255,66,288644,64,288644
50987,0.0,172.217.194.0-255,153,153,64,199490
50988,1.9e-05,172.31.40.0-255,66,219,64,199490
50989,2.6e-05,172.217.194.0-255,1484,1703,64,199490
50990,3e-05,172.31.40.0-255,66,1769,64,199490
50991,3.5e-05,172.217.194.0-255,2902,4671,64,199490
50992,3.7e-05,172.31.40.0-255,66,4737,64,199490
50993,4.4e-05,172.217.194.0-255,7156,11893,64,199490
50994,4.8e-05,172.31.40.0-255,66,11959,64,199490
50995,5.4e-05,172.217.194.0-255,3400,15359,64,199490
50996,5.6e-05,172.31.40.0-255,66,15425,64,199490
50997,0.0001,172.31.40.0-255,66,15491,64,199490
50998,0.00011,172.31.40.0-255,66,15557,64,199490
50999,0.000139,172.31.40.0-255,66,15623,64,199490
51000,0.000142,172.217.194.0-255,1484,17107,64,199490
51001,0.000144,172.31.40.0-255,66,17173,64,199490
51002,0.000183,172.31.40.0-255,66,17239,64,199490
51003,0.000252,172.217.194.0-255,1484,18723,64,199490
51004,0.000255,172.31.40.0-255,66,18789,64,199490
51005,0.000258,172.217.194.0-255,1484,20273,64,199490
51006,0.00026,172.31.40.0-255,66,20339,64,199490
51007,0.000283,172.217.194.0-255,1484,21823,64,199490
51008,0.000287,172.31.40.0-255,66,21889,64,199490
51009,0.000293,172.217.194.0-255,5738,27627,64,199490
51010,0.000295,172.31.40.0-255,66,27693,64,199490
51011,0.00032,172.31.40.0-255,66,27759,64,199490
51012,0.000343,172.217.194.0-255,4320,32079,64,199490
51013,0.000345,172.31.40.0-255,66,32145,64,199490
51014,0.000351,172.217.194.0-255,5738,37883,64,199490
51015,0.000354,172.31.40.0-255,66,37949,64,199490
51016,0.000368,172.217.194.0-255,5020,42969,64,199490
51017,0.000371,172.31.40.0-255,66,43035,64,199490
51018,0.000395,172.217.194.0-255,1484,44519,64,199490
51019,0.0004,172.217.194.0-255,2902,47421,64,199490
51020,0.000403,172.31.40.0-255,66,47487,64,199490
51021,0.000417,172.217.194.0-255,2902,50389,64,199490
51022,0.00042,172.31.40.0-255,66,50455,64,199490
51023,0.000432,172.217.194.0-255,2902,53357,64,199490
51024,0.000435,172.31.40.0-255,66,53423,64,199490
51025,0.000438,172.217.194.0-255,1484,54907,64,199490
51026,0.000475,172.31.40.0-255,66,54973,64,199490
51027,0.000486,172.31.40.0-255,66,55039,64,199490
51028,0.000503,172.217.194.0-255,1484,56523,64,199490
51029,0.000506,172.217.194.0-255,1484,58007,64,199490
51030,0.000508,172.31.40.0-255,66,58073,64,199490
51031,0.000531,172.217.194.0-255,1484,59557,64,199490
51032,0.000536,172.217.194.0-255,5738,65295,64,199490
51033,0.000539,172.31.40.0-255,66,65361,64,199490
51034,0.000566,172.31.40.0-255,66,65427,64,199490
51035,0.000596,172.217.194.0-255,1994,67421,64,199490
51036,0.000598,172.31.40.0-255,66,67487,64,199490
51037,0.00061,172.31.40.0-255,66,67553,64,199490
51038,0.000655,172.217.194.0-255,5738,73291,64,199490
51039,0.000657,172.31.40.0-255,66,73357,64,199490
51040,0.000685,172.31.40.0-255,66,73423,64,199490
51041,0.000688,172.217.194.0-255,1484,74907,64,199490
51042,0.000692,172.217.194.0-255,2902,77809,64,199490
51043,0.000694,172.31.40.0-255,66,77875,64,199490
51044,0.0007,172.217.194.0-255,5738,83613,64,199490
51045,0.000702,172.31.40.0-255,66,83679,64,199490
51046,0.000706,172.217.194.0-255,2902,86581,64,199490
51047,0.000709,172.31.40.0-255,66,86647,64,199490
51048,0.000742,172.31.40.0-255,66,86713,64,199490
51049,0.000791,172.31.40.0-255,66,86779,64,199490
51050,0.001008,172.217.194.0-255,1484,88263,64,199490
51051,0.001014,172.217.194.0-255,2902,91165,64,199490
51052,0.001017,172.31.40.0-255,66,91231,64,199490
51053,0.001042,172.217.194.0-255,5738,96969,64,199490
51054,0.001046,172.31.40.0-255,66,97035,64,199490
51055,0.001065,172.217.194.0-255,2902,99937,64,199490
51056,0.001067,172.31.40.0-255,66,100003,64,199490
51057,0.001087,172.217.194.0-255,7156,107159,64,199490
51058,0.001089,172.31.40.0-255,66,107225,64,199490
51059,0.001117,172.217.194.0-255,2902,110127,64,199490
51060,0.00112,172.31.40.0-255,66,110193,64,199490
51061,0.00113,172.31.40.0-255,66,110259,64,199490
51062,0.001134,172.217.194.0-255,2184,112443,64,199490
51063,0.001136,172.31.40.0-255,66,112509,64,199490
51064,0.001145,172.217.194.0-255,2902,115411,64,199490
51065,0.001148,172.31.40.0-255,66,115477,64,199490
51066,0.001153,172.217.194.0-255,5738,121215,64,199490
51067,0.001156,172.31.40.0-255,66,121281,64,199490
51068,0.00117,172.217.194.0-255,1484,122765,64,199490
51069,0.001176,172.217.194.0-255,7156,129921,64,199490
51070,0.001181,172.31.40.0-255,66,129987,64,199490
51071,0.001192,172.217.194.0-255,5738,135725,64,199490
51072,0.001194,172.31.40.0-255,66,135791,64,199490
51073,0.001233,172.31.40.0-255,66,135857,64,199490
51074,0.001244,172.31.40.0-255,66,135923,64,199490
51075,0.001292,172.217.194.0-255,4320,140243,64,199490
51076,0.001295,172.31.40.0-255,66,140309,64,199490
51077,0.001319,172.31.40.0-255,66,140375,64,199490
51078,0.001331,172.217.194.0-255,5020,145395,64,199490
51079,0.001334,172.31.40.0-255,66,145461,64,199490
51080,0.001338,172.217.194.0-255,2902,148363,64,199490
51081,0.001341,172.31.40.0-255,66,148429,64,199490
51082,0.001346,172.217.194.0-255,4320,152749,64,199490
51083,0.001349,172.31.40.0-255,66,152815,64,199490
51084,0.001353,172.217.194.0-255,4320,157135,64,199490
51085,0.001356,172.31.40.0-255,66,157201,64,199490
51086,0.00138,172.217.194.0-255,4320,161521,64,199490
51087,0.001399,172.31.40.0-255,66,161587,64,199490
51088,0.001453,172.217.194.0-255,5020,166607,64,199490
51089,0.001456,172.31.40.0-255,66,166673,64,199490
51090,0.001568,172.217.194.0-255,1484,168157,64,199490
51091,0.001573,172.217.194.0-255,2902,171059,64,199490
51092,0.001582,172.31.40.0-255,66,171125,64,199490
51093,0.001586,172.217.194.0-255,2902,174027,64,199490
51094,0.001591,172.31.40.0-255,66,174093,64,199490
51095,0.001599,172.217.194.0-255,2902,176995,64,199490
51096,0.001601,172.217.194.0-255,1484,178479,64,199490
51097,0.001622,172.217.194.0-255,7156,185635,64,199490
51098,0.00163,172.31.40.0-255,66,185701,64,199490
51099,0.001647,172.217.194.0-255,4320,190021,64,199490
51100,0.001673,172.31.40.0-255,66,190087,64,199490
51101,0.001709,172.217.194.0-255,5738,195825,64,199490
51102,0.001737,172.217.194.0-255,105,195930,64,199490
51103,0.001743,172.31.40.0-255,66,195996,64,199490
51104,0.013234,172.31.40.0-255,105,196101,64,199490
51105,0.015529,172.217.194.0-255,66,196167,64,199490
51106,0.046948,172.31.40.0-255,166,196333,64,199490
51107,0.046986,172.31.40.0-255,1132,197465,64,199490
51108,0.047048,172.31.40.0-255,1514,198979,64,199490
51109,0.04705,172.31.40.0-255,313,199292,64,199490
51110,0.048504,104.244.42.0-255,66,199358,64,199490
51111,0.048546,104.244.42.0-255,66,199424,64,199490
51112,0.048582,104.244.42.0-255,66,199490,64,199490
51113,0.0,172.31.40.0-255,105,105,64,459
51114,0.000276,172.31.40.0-255,90,195,64,459
51115,0.000285,172.31.40.0-255,66,261,64,459
51116,0.002591,172.217.194.0-255,66,327,64,459
51117,0.002628,172.217.194.0-255,66,393,64,459
51118,0.002642,172.31.40.0-255,66,459,64,459
51119,0.0,172.217.160.0-255,155,155,64,250942
51120,2.3e-05,172.31.40.0-255,66,221,64,250942
51121,3e-05,172.217.160.0-255,1484,1705,64,250942
51122,3.6e-05,172.31.40.0-255,66,1771,64,250942
51123,4.1e-05,172.217.160.0-255,2902,4673,64,250942
51124,4.4e-05,172.31.40.0-255,66,4739,64,250942
51125,5.1e-05,172.217.160.0-255,7156,11895,64,250942
51126,5.4e-05,172.31.40.0-255,66,11961,64,250942
51127,5.9e-05,172.217.160.0-255,2902,14863,64,250942
51128,6.2e-05,172.31.40.0-255,66,14929,64,250942
51129,9.3e-05,172.31.40.0-255,66,14995,64,250942
51130,9.7e-05,172.217.160.0-255,2543,17538,64,250942
51131,9.9e-05,172.31.40.0-255,66,17604,64,250942
51132,0.000126,172.217.160.0-255,5738,23342,64,250942
51133,0.000128,172.31.40.0-255,66,23408,64,250942
51134,0.000157,172.31.40.0-255,66,23474,64,250942
51135,0.00039,172.217.160.0-255,1484,24958,64,250942
51136,0.000396,172.31.40.0-255,66,25024,64,250942
51137,0.000402,172.217.160.0-255,2902,27926,64,250942
51138,0.000405,172.31.40.0-255,66,27992,64,250942
51139,0.000411,172.217.160.0-255,5738,33730,64,250942
51140,0.000414,172.31.40.0-255,66,33796,64,250942
51141,0.00044,172.217.160.0-255,7104,40900,64,250942
51142,0.000443,172.31.40.0-255,66,40966,64,250942
51143,0.000479,172.217.160.0-255,369,41335,64,250942
51144,0.000482,172.31.40.0-255,66,41401,64,250942
51145,0.000553,172.217.160.0-255,1484,42885,64,250942
51146,0.000557,172.31.40.0-255,66,42951,64,250942
51147,0.000591,172.217.160.0-255,2902,45853,64,250942
51148,0.000594,172.31.40.0-255,66,45919,64,250942
51149,0.000599,172.217.160.0-255,4320,50239,64,250942
51150,0.000602,172.31.40.0-255,66,50305,64,250942
51151,0.000618,172.217.160.0-255,1484,51789,64,250942
51152,0.000641,172.31.40.0-255,66,51855,64,250942
51153,0.000646,172.217.160.0-255,5738,57593,64,250942
51154,0.000649,172.31.40.0-255,66,57659,64,250942
51155,0.000682,172.217.160.0-255,4320,61979,64,250942
51156,0.000684,172.31.40.0-255,66,62045,64,250942
51157,0.000706,172.217.160.0-255,5379,67424,64,250942
51158,0.000709,172.31.40.0-255,66,67490,64,250942
51159,0.000728,172.31.40.0-255,66,67556,64,250942
51160,0.000744,172.217.160.0-255,1484,69040,64,250942
51161,0.000751,172.217.160.0-255,6131,75171,64,250942
51162,0.000784,172.217.160.0-255,201,75372,64,250942
51163,0.000892,172.217.160.0-255,1484,76856,64,250942
51164,0.000899,172.217.160.0-255,2902,79758,64,250942
51165,0.000922,172.217.160.0-255,5738,85496,64,250942
51166,0.000938,172.217.160.0-255,2902,88398,64,250942
51167,0.000957,172.217.160.0-255,7156,95554,64,250942
51168,0.000981,172.217.160.0-255,2902,98456,64,250942
51169,0.000989,172.217.160.0-255,7156,105612,64,250942
51170,0.001041,172.217.160.0-255,2570,108182,64,250942
51171,0.001055,172.217.160.0-255,1484,109666,64,250942
51172,0.001058,172.217.160.0-255,1484,111150,64,250942
51173,0.001082,172.217.160.0-255,1484,112634,64,250942
51174,0.001089,172.217.160.0-255,5738,118372,64,250942
51175,0.001145,172.217.160.0-255,5738,124110,64,250942
51176,0.001188,172.31.40.0-255,66,124176,64,250942
51177,0.001242,172.217.160.0-255,1484,125660,64,250942
51178,0.001247,172.217.160.0-255,2902,128562,64,250942
51179,0.001268,172.217.160.0-255,5738,134300,64,250942
51180,0.001271,172.217.160.0-255,1484,135784,64,250942
51181,0.001349,172.217.160.0-255,5738,141522,64,250942
51182,0.001399,172.217.160.0-255,1484,143006,64,250942
51183,0.001402,172.217.160.0-255,766,143772,64,250942
51184,0.001472,172.217.160.0-255,1484,145256,64,250942
51185,0.001477,172.217.160.0-255,2902,148158,64,250942
51186,0.001487,172.217.160.0-255,5738,153896,64,250942
51187,0.001492,172.217.160.0-255,4320,158216,64,250942
51188,0.001513,172.217.160.0-255,2902,161118,64,250942
51189,0.001535,172.31.40.0-255,66,161184,64,250942
51190,0.001551,172.217.160.0-255,3602,164786,64,250942
51191,0.001562,172.31.40.0-255,66,164852,64,250942
51192,0.001652,172.217.160.0-255,1484,166336,64,250942
51193,0.001656,172.217.160.0-255,1484,167820,64,250942
51194,0.001669,172.217.160.0-255,1484,169304,64,250942
51195,0.001674,172.217.160.0-255,4320,173624,64,250942
51196,0.001676,172.31.40.0-255,66,173690,64,250942
51197,0.001682,172.31.40.0-255,66,173756,64,250942
51198,0.001689,172.217.160.0-255,1484,175240,64,250942
51199,0.001725,172.217.160.0-255,5738,180978,64,250942
51200,0.001727,172.217.160.0-255,1484,182462,64,250942
51201,0.00173,172.217.160.0-255,1484,183946,64,250942
51202,0.001751,172.217.160.0-255,2184,186130,64,250942
51203,0.001761,172.31.40.0-255,66,186196,64,250942
51204,0.001878,172.217.160.0-255,1484,187680,64,250942
51205,0.001903,172.217.160.0-255,2902,190582,64,250942
51206,0.001907,172.217.160.0-255,1484,192066,64,250942
51207,0.001959,172.217.160.0-255,4320,196386,64,250942
51208,0.001968,172.31.40.0-255,66,196452,64,250942
51209,0.001984,172.217.160.0-255,1484,197936,64,250942
51210,0.002001,172.217.160.0-255,5738,203674,64,250942
51211,0.002016,172.217.160.0-255,3602,207276,64,250942
51212,0.002023,172.31.40.0-255,66,207342,64,250942
51213,0.002062,172.217.160.0-255,4320,211662,64,250942
51214,0.002073,172.217.160.0-255,1484,213146,64,250942
51215,0.002078,172.31.40.0-255,66,213212,64,250942
51216,0.002089,172.217.160.0-255,4320,217532,64,250942
51217,0.002117,172.217.160.0-255,2902,220434,64,250942
51218,0.002121,172.31.40.0-255,66,220500,64,250942
51219,0.002126,172.31.40.0-255,66,220566,64,250942
51220,0.00214,172.217.160.0-255,2902,223468,64,250942
51221,0.002148,172.217.160.0-255,7156,230624,64,250942
51222,0.002157,172.31.40.0-255,66,230690,64,250942
51223,0.002165,172.217.160.0-255,1484,232174,64,250942
51224,0.002186,172.217.160.0-255,1484,233658,64,250942
51225,0.00222,172.217.160.0-255,4320,237978,64,250942
51226,0.002245,172.217.160.0-255,6483,244461,64,250942
51227,0.00225,172.31.40.0-255,66,244527,64,250942
51228,0.002263,172.217.160.0-255,105,244632,64,250942
51229,0.002265,172.31.40.0-255,66,244698,64,250942
51230,0.016293,172.31.40.0-255,66,244764,64,250942
51231,0.016342,172.31.40.0-255,105,244869,64,250942
51232,0.017954,172.217.160.0-255,66,244935,64,250942
51233,0.040771,172.31.40.0-255,172,245107,64,250942
51234,0.040806,172.31.40.0-255,1107,246214,64,250942
51235,0.04089,172.31.40.0-255,1514,247728,64,250942
51236,0.040892,172.31.40.0-255,1514,249242,64,250942
51237,0.040894,172.31.40.0-255,1514,250756,64,250942
51238,0.040894,172.31.40.0-255,120,250876,64,250942
51239,0.042973,104.244.42.0-255,66,250942,64,250942
51240,0.0,74.125.24.0-255,153,153,64,202123
51241,2.6e-05,172.31.40.0-255,66,219,64,202123
51242,3.4e-05,74.125.24.0-255,1484,1703,64,202123
51243,3.8e-05,172.31.40.0-255,66,1769,64,202123
51244,4.5e-05,74.125.24.0-255,2902,4671,64,202123
51245,4.9e-05,172.31.40.0-255,66,4737,64,202123
51246,5.6e-05,74.125.24.0-255,7156,11893,64,202123
51247,5.9e-05,172.31.40.0-255,66,11959,64,202123
51248,6.5e-05,74.125.24.0-255,3444,15403,64,202123
51249,6.8e-05,172.31.40.0-255,66,15469,64,202123
51250,9.1e-05,74.125.24.0-255,2902,18371,64,202123
51251,9.4e-05,172.31.40.0-255,66,18437,64,202123
51252,0.000116,172.31.40.0-255,66,18503,64,202123
51253,0.00012,74.125.24.0-255,2543,21046,64,202123
51254,0.000122,172.31.40.0-255,66,21112,64,202123
51255,0.000295,74.125.24.0-255,1484,22596,64,202123
51256,0.000301,172.31.40.0-255,66,22662,64,202123
51257,0.000314,74.125.24.0-255,2902,25564,64,202123
51258,0.000317,172.31.40.0-255,66,25630,64,202123
51259,0.000346,74.125.24.0-255,4320,29950,64,202123
51260,0.000348,172.31.40.0-255,66,30016,64,202123
51261,0.000367,74.125.24.0-255,5738,35754,64,202123
51262,0.00037,172.31.40.0-255,66,35820,64,202123
51263,0.000399,74.125.24.0-255,2543,38363,64,202123
51264,0.000402,172.31.40.0-255,66,38429,64,202123
51265,0.000414,172.31.40.0-255,66,38495,64,202123
51266,0.000424,172.31.40.0-255,66,38561,64,202123
51267,0.000452,74.125.24.0-255,132,38693,64,202123
51268,0.000455,172.31.40.0-255,66,38759,64,202123
51269,0.000548,74.125.24.0-255,1484,40243,64,202123
51270,0.000554,74.125.24.0-255,2902,43145,64,202123
51271,0.000557,172.31.40.0-255,66,43211,64,202123
51272,0.000563,74.125.24.0-255,4320,47531,64,202123
51273,0.000566,172.31.40.0-255,66,47597,64,202123
51274,0.000581,74.125.24.0-255,1484,49081,64,202123
51275,0.000593,74.125.24.0-255,1484,50565,64,202123
51276,0.000596,172.31.40.0-255,66,50631,64,202123
51277,0.000641,172.31.40.0-255,66,50697,64,202123
51278,0.000654,172.31.40.0-255,66,50763,64,202123
51279,0.00097,74.125.24.0-255,1484,52247,64,202123
51280,0.000977,74.125.24.0-255,2902,55149,64,202123
51281,0.00098,172.31.40.0-255,66,55215,64,202123
51282,0.000985,74.125.24.0-255,2902,58117,64,202123
51283,0.000987,172.31.40.0-255,66,58183,64,202123
51284,0.001003,74.125.24.0-255,2902,61085,64,202123
51285,0.001008,74.125.24.0-255,4320,65405,64,202123
51286,0.001011,172.31.40.0-255,66,65471,64,202123
51287,0.001014,172.31.40.0-255,66,65537,64,202123
51288,0.001044,172.31.40.0-255,66,65603,64,202123
51289,0.001058,172.31.40.0-255,66,65669,64,202123
51290,0.001532,74.125.24.0-255,1484,67153,64,202123
51291,0.001551,74.125.24.0-255,2902,70055,64,202123
51292,0.001555,172.31.40.0-255,66,70121,64,202123
51293,0.001559,74.125.24.0-255,1484,71605,64,202123
51294,0.001581,74.125.24.0-255,4320,75925,64,202123
51295,0.001584,172.31.40.0-255,66,75991,64,202123
51296,0.001587,74.125.24.0-255,1484,77475,64,202123
51297,0.00159,74.125.24.0-255,1484,78959,64,202123
51298,0.001591,172.31.40.0-255,66,79025,64,202123
51299,0.001615,74.125.24.0-255,1484,80509,64,202123
51300,0.001621,74.125.24.0-255,4320,84829,64,202123
51301,0.001623,172.31.40.0-255,66,84895,64,202123
51302,0.001642,74.125.24.0-255,1484,86379,64,202123
51303,0.001655,172.31.40.0-255,66,86445,64,202123
51304,0.001674,74.125.24.0-255,2902,89347,64,202123
51305,0.001676,172.31.40.0-255,66,89413,64,202123
51306,0.001679,74.125.24.0-255,766,90179,64,202123
51307,0.001871,74.125.24.0-255,1484,91663,64,202123
51308,0.001875,172.31.40.0-255,66,91729,64,202123
51309,0.001881,74.125.24.0-255,2902,94631,64,202123
51310,0.001884,172.31.40.0-255,66,94697,64,202123
51311,0.001887,74.125.24.0-255,1484,96181,64,202123
51312,0.001905,74.125.24.0-255,4320,100501,64,202123
51313,0.00191,172.31.40.0-255,66,100567,64,202123
51314,0.001946,172.31.40.0-255,66,100633,64,202123
51315,0.001953,74.125.24.0-255,7156,107789,64,202123
51316,0.001955,172.31.40.0-255,66,107855,64,202123
51317,0.001985,74.125.24.0-255,1484,109339,64,202123
51318,0.002002,74.125.24.0-255,2184,111523,64,202123
51319,0.002005,172.31.40.0-255,66,111589,64,202123
51320,0.00208,74.125.24.0-255,1484,113073,64,202123
51321,0.002084,74.125.24.0-255,1484,114557,64,202123
51322,0.002087,172.31.40.0-255,66,114623,64,202123
51323,0.002099,74.125.24.0-255,1484,116107,64,202123
51324,0.002105,74.125.24.0-255,5738,121845,64,202123
51325,0.002108,172.31.40.0-255,66,121911,64,202123
51326,0.002126,74.125.24.0-255,2902,124813,64,202123
51327,0.002128,172.31.40.0-255,66,124879,64,202123
51328,0.002154,172.31.40.0-255,66,124945,64,202123
51329,0.002158,74.125.24.0-255,2902,127847,64,202123
51330,0.00216,172.31.40.0-255,66,127913,64,202123
51331,0.002199,172.31.40.0-255,66,127979,64,202123
51332,0.002233,74.125.24.0-255,1484,129463,64,202123
51333,0.002238,74.125.24.0-255,2902,132365,64,202123
51334,0.002242,172.31.40.0-255,66,132431,64,202123
51335,0.002264,74.125.24.0-255,5738,138169,64,202123
51336,0.002267,172.31.40.0-255,66,138235,64,202123
51337,0.002301,172.31.40.0-255,66,138301,64,202123
51338,0.002321,74.125.24.0-255,2902,141203,64,202123
51339,0.002324,172.31.40.0-255,66,141269,64,202123
51340,0.002335,172.31.40.0-255,66,141335,64,202123
51341,0.002361,74.125.24.0-255,5020,146355,64,202123
51342,0.002364,172.31.40.0-255,66,146421,64,202123
51343,0.002367,74.125.24.0-255,1484,147905,64,202123
51344,0.002388,74.125.24.0-255,5738,153643,64,202123
51345,0.002391,172.31.40.0-255,66,153709,64,202123
51346,0.002398,74.125.24.0-255,7156,160865,64,202123
51347,0.0024,172.31.40.0-255,66,160931,64,202123
51348,0.002481,74.125.24.0-255,1484,162415,64,202123
51349,0.002487,74.125.24.0-255,4320,166735,64,202123
51350,0.002501,74.125.24.0-255,2902,169637,64,202123
51351,0.002515,74.125.24.0-255,4320,173957,64,202123
51352,0.002589,74.125.24.0-255,5738,179695,64,202123
51353,0.00262,74.125.24.0-255,4320,184015,64,202123
51354,0.002668,74.125.24.0-255,6438,190453,64,202123
51355,0.002944,74.125.24.0-255,1484,191937,64,202123
51356,0.002949,74.125.24.0-255,1484,193421,64,202123
51357,0.00297,74.125.24.0-255,1484,194905,64,202123
51358,0.002974,74.125.24.0-255,2584,197489,64,202123
51359,0.003013,74.125.24.0-255,105,197594,64,202123
51360,0.008663,172.31.40.0-255,66,197660,64,202123
51361,0.010828,172.31.40.0-255,105,197765,64,202123
51362,0.013074,74.125.24.0-255,66,197831,64,202123
51363,0.039285,172.31.40.0-255,172,198003,64,202123
51364,0.03933,172.31.40.0-255,1112,199115,64,202123
51365,0.039395,172.31.40.0-255,1514,200629,64,202123
51366,0.039397,172.31.40.0-255,1296,201925,64,202123
51367,0.040855,104.244.42.0-255,66,201991,64,202123
51368,0.04091,104.244.42.0-255,66,202057,64,202123
51369,0.041011,104.244.42.0-255,66,202123,64,202123
51370,0.0,172.217.194.0-255,153,153,64,200565
51371,2.2e-05,172.31.40.0-255,66,219,64,200565
51372,3e-05,172.217.194.0-255,1484,1703,64,200565
51373,3.4e-05,172.31.40.0-255,66,1769,64,200565
51374,3.9e-05,172.217.194.0-255,2902,4671,64,200565
51375,5e-05,172.31.40.0-255,66,4737,64,200565
51376,5.8e-05,172.217.194.0-255,7156,11893,64,200565
51377,6e-05,172.31.40.0-255,66,11959,64,200565
51378,7.9e-05,172.31.40.0-255,66,12025,64,200565
51379,8.3e-05,172.217.194.0-255,2543,14568,64,200565
51380,8.7e-05,172.31.40.0-255,66,14634,64,200565
51381,0.000122,172.217.194.0-255,1484,16118,64,200565
51382,0.000124,172.31.40.0-255,66,16184,64,200565
51383,0.000129,172.217.194.0-255,2902,19086,64,200565
51384,0.000132,172.31.40.0-255,66,19152,64,200565
51385,0.00014,172.217.194.0-255,5738,24890,64,200565
51386,0.000148,172.31.40.0-255,66,24956,64,200565
51387,0.000213,172.31.40.0-255,66,25022,64,200565
51388,0.00023,172.31.40.0-255,66,25088,64,200565
51389,0.000234,172.217.194.0-255,1715,26803,64,200565
51390,0.000236,172.31.40.0-255,66,26869,64,200565
51391,0.000347,172.217.194.0-255,1484,28353,64,200565
51392,0.000351,172.31.40.0-255,66,28419,64,200565
51393,0.000356,172.217.194.0-255,2902,31321,64,200565
51394,0.000359,172.31.40.0-255,66,31387,64,200565
51395,0.000371,172.217.194.0-255,5738,37125,64,200565
51396,0.000373,172.31.40.0-255,66,37191,64,200565
51397,0.000437,172.31.40.0-255,66,37257,64,200565
51398,0.000449,172.31.40.0-255,66,37323,64,200565
51399,0.000456,172.217.194.0-255,766,38089,64,200565
51400,0.000839,172.217.194.0-255,1484,39573,64,200565
51401,0.000845,172.31.40.0-255,66,39639,64,200565
51402,0.000851,172.217.194.0-255,2902,42541,64,200565
51403,0.000853,172.31.40.0-255,66,42607,64,200565
51404,0.00086,172.217.194.0-255,5738,48345,64,200565
51405,0.000867,172.31.40.0-255,66,48411,64,200565
51406,0.000871,172.217.194.0-255,1484,49895,64,200565
51407,0.000913,172.31.40.0-255,66,49961,64,200565
51408,0.00092,172.217.194.0-255,7156,57117,64,200565
51409,0.000922,172.31.40.0-255,66,57183,64,200565
51410,0.000948,172.217.194.0-255,3602,60785,64,200565
51411,0.000951,172.31.40.0-255,66,60851,64,200565
51412,0.000958,172.217.194.0-255,1484,62335,64,200565
51413,0.000986,172.217.194.0-255,2902,65237,64,200565
51414,0.000991,172.217.194.0-255,5738,70975,64,200565
51415,0.000998,172.217.194.0-255,7156,78131,64,200565
51416,0.001003,172.31.40.0-255,66,78197,64,200565
51417,0.001011,172.31.40.0-255,66,78263,64,200565
51418,0.001013,172.31.40.0-255,66,78329,64,200565
51419,0.001023,172.217.194.0-255,4320,82649,64,200565
51420,0.001026,172.31.40.0-255,66,82715,64,200565
51421,0.001039,172.31.40.0-255,66,82781,64,200565
51422,0.001089,172.217.194.0-255,1484,84265,64,200565
51423,0.001095,172.217.194.0-255,2902,87167,64,200565
51424,0.001098,172.31.40.0-255,66,87233,64,200565
51425,0.001125,172.217.194.0-255,4320,91553,64,200565
51426,0.001128,172.31.40.0-255,66,91619,64,200565
51427,0.001135,172.217.194.0-255,5738,97357,64,200565
51428,0.001137,172.31.40.0-255,66,97423,64,200565
51429,0.001147,172.217.194.0-255,5738,103161,64,200565
51430,0.001149,172.31.40.0-255,66,103227,64,200565
51431,0.001184,172.217.194.0-255,5738,108965,64,200565
51432,0.001188,172.31.40.0-255,66,109031,64,200565
51433,0.001199,172.31.40.0-255,66,109097,64,200565
51434,0.001228,172.217.194.0-255,1484,110581,64,200565
51435,0.001244,172.217.194.0-255,2902,113483,64,200565
51436,0.001247,172.31.40.0-255,66,113549,64,200565
51437,0.001253,172.217.194.0-255,4320,117869,64,200565
51438,0.001255,172.31.40.0-255,66,117935,64,200565
51439,0.001286,172.217.194.0-255,1484,119419,64,200565
51440,0.001294,172.217.194.0-255,7156,126575,64,200565
51441,0.001296,172.31.40.0-255,66,126641,64,200565
51442,0.00135,172.31.40.0-255,66,126707,64,200565
51443,0.00137,172.217.194.0-255,2902,129609,64,200565
51444,0.001372,172.31.40.0-255,66,129675,64,200565
51445,0.001376,172.217.194.0-255,2184,131859,64,200565
51446,0.001378,172.31.40.0-255,66,131925,64,200565
51447,0.001382,172.217.194.0-255,2902,134827,64,200565
51448,0.001385,172.31.40.0-255,66,134893,64,200565
51449,0.001392,172.217.194.0-255,7156,142049,64,200565
51450,0.001394,172.31.40.0-255,66,142115,64,200565
51451,0.001401,172.217.194.0-255,7156,149271,64,200565
51452,0.001403,172.31.40.0-255,66,149337,64,200565
51453,0.001423,172.31.40.0-255,66,149403,64,200565
51454,0.001426,172.217.194.0-255,766,150169,64,200565
51455,0.001466,172.217.194.0-255,1484,151653,64,200565
51456,0.001468,172.31.40.0-255,66,151719,64,200565
51457,0.001473,172.217.194.0-255,2902,154621,64,200565
51458,0.001476,172.31.40.0-255,66,154687,64,200565
51459,0.001486,172.217.194.0-255,5738,160425,64,200565
51460,0.001489,172.31.40.0-255,66,160491,64,200565
51461,0.001531,172.31.40.0-255,66,160557,64,200565
51462,0.001542,172.31.40.0-255,66,160623,64,200565
51463,0.001573,172.217.194.0-255,2184,162807,64,200565
51464,0.001575,172.31.40.0-255,66,162873,64,200565
51465,0.00158,172.217.194.0-255,2902,165775,64,200565
51466,0.001582,172.31.40.0-255,66,165841,64,200565
51467,0.001621,172.217.194.0-255,7156,172997,64,200565
51468,0.001624,172.31.40.0-255,66,173063,64,200565
51469,0.001631,172.217.194.0-255,5738,178801,64,200565
51470,0.001633,172.31.40.0-255,66,178867,64,200565
51471,0.001647,172.217.194.0-255,7156,186023,64,200565
51472,0.00165,172.31.40.0-255,66,186089,64,200565
51473,0.001695,172.31.40.0-255,66,186155,64,200565
51474,0.001711,172.31.40.0-255,66,186221,64,200565
51475,0.001822,172.31.40.0-255,66,186287,64,200565
51476,0.001846,172.217.194.0-255,5855,192142,64,200565
51477,0.001892,172.217.194.0-255,105,192247,64,200565
51478,0.001904,172.31.40.0-255,66,192313,64,200565
51479,0.004471,172.31.40.0-255,105,192418,64,200565
51480,0.006777,172.217.194.0-255,66,192484,64,200565
51481,0.052121,172.31.40.0-255,172,192656,64,200565
51482,0.052153,172.31.40.0-255,1111,193767,64,200565
51483,0.052215,172.31.40.0-255,1514,195281,64,200565
51484,0.052217,172.31.40.0-255,1514,196795,64,200565
51485,0.052222,172.31.40.0-255,1514,198309,64,200565
51486,0.052223,172.31.40.0-255,1514,199823,64,200565
51487,0.052258,172.31.40.0-255,478,200301,64,200565
51488,0.053661,104.244.42.0-255,66,200367,64,200565
51489,0.053703,104.244.42.0-255,66,200433,64,200565
51490,0.053786,104.244.42.0-255,66,200499,64,200565
51491,0.053805,104.244.42.0-255,66,200565,64,200565
51492,0.0,74.125.24.0-255,146,146,64,308705
51493,2.4e-05,172.31.40.0-255,66,212,64,308705
51494,3.1e-05,74.125.24.0-255,1484,1696,64,308705
51495,3.5e-05,172.31.40.0-255,66,1762,64,308705
51496,3.8e-05,74.125.24.0-255,1484,3246,64,308705
51497,5.5e-05,172.31.40.0-255,66,3312,64,308705
51498,6.2e-05,74.125.24.0-255,4320,7632,64,308705
51499,6.5e-05,172.31.40.0-255,66,7698,64,308705
51500,7.8e-05,172.31.40.0-255,66,7764,64,308705
51501,0.000116,172.31.40.0-255,66,7830,64,308705
51502,0.000137,74.125.24.0-255,5738,13568,64,308705
51503,0.000144,172.31.40.0-255,66,13634,64,308705
51504,0.000182,172.31.40.0-255,66,13700,64,308705
51505,0.000224,172.31.40.0-255,66,13766,64,308705
51506,0.000236,74.125.24.0-255,110,13876,64,308705
51507,0.000245,172.31.40.0-255,66,13942,64,308705
51508,0.000248,74.125.24.0-255,329,14271,64,308705
51509,0.00025,172.31.40.0-255,66,14337,64,308705
51510,0.000545,74.125.24.0-255,1484,15821,64,308705
51511,0.00055,172.31.40.0-255,66,15887,64,308705
51512,0.000557,74.125.24.0-255,2902,18789,64,308705
51513,0.00056,172.31.40.0-255,66,18855,64,308705
51514,0.000587,74.125.24.0-255,5738,24593,64,308705
51515,0.00059,172.31.40.0-255,66,24659,64,308705
51516,0.000597,74.125.24.0-255,5738,30397,64,308705
51517,0.000602,172.31.40.0-255,66,30463,64,308705
51518,0.000628,74.125.24.0-255,5738,36201,64,308705
51519,0.000631,172.31.40.0-255,66,36267,64,308705
51520,0.000636,74.125.24.0-255,2902,39169,64,308705
51521,0.000641,172.31.40.0-255,66,39235,64,308705
51522,0.000669,172.31.40.0-255,66,39301,64,308705
51523,0.001622,74.125.24.0-255,1484,40785,64,308705
51524,0.001633,74.125.24.0-255,2902,43687,64,308705
51525,0.001637,172.31.40.0-255,66,43753,64,308705
51526,0.001645,74.125.24.0-255,5738,49491,64,308705
51527,0.001647,172.31.40.0-255,66,49557,64,308705
51528,0.001652,74.125.24.0-255,4320,53877,64,308705
51529,0.00166,172.31.40.0-255,66,53943,64,308705
51530,0.001684,74.125.24.0-255,1484,55427,64,308705
51531,0.001698,172.31.40.0-255,66,55493,64,308705
51532,0.001705,74.125.24.0-255,5020,60513,64,308705
51533,0.001707,172.31.40.0-255,66,60579,64,308705
51534,0.002328,74.125.24.0-255,1484,62063,64,308705
51535,0.004036,74.125.24.0-255,4320,66383,64,308705
51536,0.004042,172.31.40.0-255,66,66449,64,308705
51537,0.00633,74.125.24.0-255,5738,72187,64,308705
51538,0.006334,172.31.40.0-255,66,72253,64,308705
51539,0.008634,74.125.24.0-255,5738,77991,64,308705
51540,0.008641,172.31.40.0-255,66,78057,64,308705
51541,0.010939,74.125.24.0-255,5738,83795,64,308705
51542,0.010947,172.31.40.0-255,66,83861,64,308705
51543,0.013242,74.125.24.0-255,5738,89599,64,308705
51544,0.013249,172.31.40.0-255,66,89665,64,308705
51545,0.015541,74.125.24.0-255,5738,95403,64,308705
51546,0.015549,172.31.40.0-255,66,95469,64,308705
51547,0.017846,74.125.24.0-255,5738,101207,64,308705
51548,0.017853,172.31.40.0-255,66,101273,64,308705
51549,0.020147,74.125.24.0-255,5738,107011,64,308705
51550,0.020157,172.31.40.0-255,66,107077,64,308705
51551,0.022468,74.125.24.0-255,5738,112815,64,308705
51552,0.022477,172.31.40.0-255,66,112881,64,308705
51553,0.024793,74.125.24.0-255,5738,118619,64,308705
51554,0.024801,172.31.40.0-255,66,118685,64,308705
51555,0.027101,74.125.24.0-255,5738,124423,64,308705
51556,0.027108,172.31.40.0-255,66,124489,64,308705
51557,0.029391,74.125.24.0-255,5738,130227,64,308705
51558,0.029397,172.31.40.0-255,66,130293,64,308705
51559,0.031686,74.125.24.0-255,5738,136031,64,308705
51560,0.031693,172.31.40.0-255,66,136097,64,308705
51561,0.033695,172.31.40.0-255,172,136269,64,308705
51562,0.033727,172.31.40.0-255,1112,137381,64,308705
51563,0.033779,172.31.40.0-255,1514,138895,64,308705
51564,0.033781,172.31.40.0-255,1296,140191,64,308705
51565,0.033989,74.125.24.0-255,5738,145929,64,308705
51566,0.033996,172.31.40.0-255,66,145995,64,308705
51567,0.035242,104.244.42.0-255,66,146061,64,308705
51568,0.03525,104.244.42.0-255,66,146127,64,308705
51569,0.035364,104.244.42.0-255,66,146193,64,308705
51570,0.036285,74.125.24.0-255,5738,151931,64,308705
51571,0.036291,172.31.40.0-255,66,151997,64,308705
51572,0.038601,74.125.24.0-255,5738,157735,64,308705
51573,0.03861,172.31.40.0-255,66,157801,64,308705
51574,0.040914,74.125.24.0-255,5738,163539,64,308705
51575,0.040924,172.31.40.0-255,66,163605,64,308705
51576,0.043217,74.125.24.0-255,5738,169343,64,308705
51577,0.043224,172.31.40.0-255,66,169409,64,308705
51578,0.045527,74.125.24.0-255,5738,175147,64,308705
51579,0.045534,172.31.40.0-255,66,175213,64,308705
51580,0.047825,74.125.24.0-255,5738,180951,64,308705
51581,0.047831,172.31.40.0-255,66,181017,64,308705
51582,0.050128,74.125.24.0-255,5738,186755,64,308705
51583,0.050135,172.31.40.0-255,66,186821,64,308705
51584,0.052454,74.125.24.0-255,5738,192559,64,308705
51585,0.05246,172.31.40.0-255,66,192625,64,308705
51586,0.054757,74.125.24.0-255,5738,198363,64,308705
51587,0.054766,172.31.40.0-255,66,198429,64,308705
51588,0.057051,74.125.24.0-255,5738,204167,64,308705
51589,0.057058,172.31.40.0-255,66,204233,64,308705
51590,0.059351,74.125.24.0-255,5738,209971,64,308705
51591,0.059357,172.31.40.0-255,66,210037,64,308705
51592,0.061654,74.125.24.0-255,5738,215775,64,308705
51593,0.061661,172.31.40.0-255,66,215841,64,308705
51594,0.064031,74.125.24.0-255,5738,221579,64,308705
51595,0.064037,172.31.40.0-255,66,221645,64,308705
51596,0.066322,74.125.24.0-255,5738,227383,64,308705
51597,0.066328,172.31.40.0-255,66,227449,64,308705
51598,0.06864,74.125.24.0-255,5738,233187,64,308705
51599,0.068646,172.31.40.0-255,66,233253,64,308705
51600,0.070955,74.125.24.0-255,5738,238991,64,308705
51601,0.070964,172.31.40.0-255,66,239057,64,308705
51602,0.073267,74.125.24.0-255,5738,244795,64,308705
51603,0.073274,172.31.40.0-255,66,244861,64,308705
51604,0.07558,74.125.24.0-255,5738,250599,64,308705
51605,0.075586,172.31.40.0-255,66,250665,64,308705
51606,0.077876,74.125.24.0-255,5738,256403,64,308705
51607,0.077883,172.31.40.0-255,66,256469,64,308705
51608,0.08018,74.125.24.0-255,5738,262207,64,308705
51609,0.080187,172.31.40.0-255,66,262273,64,308705
51610,0.08251,74.125.24.0-255,5738,268011,64,308705
51611,0.082517,172.31.40.0-255,66,268077,64,308705
51612,0.084834,74.125.24.0-255,5738,273815,64,308705
51613,0.084842,172.31.40.0-255,66,273881,64,308705
51614,0.087156,74.125.24.0-255,5738,279619,64,308705
51615,0.087169,172.31.40.0-255,66,279685,64,308705
51616,0.08948,74.125.24.0-255,5738,285423,64,308705
51617,0.089486,172.31.40.0-255,66,285489,64,308705
51618,0.09178,74.125.24.0-255,5738,291227,64,308705
51619,0.091787,172.31.40.0-255,66,291293,64,308705
51620,0.094067,74.125.24.0-255,5738,297031,64,308705
51621,0.094073,172.31.40.0-255,66,297097,64,308705
51622,0.096385,74.125.24.0-255,5738,302835,64,308705
51623,0.096391,172.31.40.0-255,66,302901,64,308705
51624,0.098668,74.125.24.0-255,5738,308639,64,308705
51625,0.098675,172.31.40.0-255,66,308705,64,308705
51626,0.0,172.31.40.0-255,105,105,64,459
51627,0.000235,172.31.40.0-255,90,195,64,459
51628,0.000246,172.31.40.0-255,66,261,64,459
51629,0.002276,172.217.194.0-255,66,327,64,459
51630,0.002306,172.217.194.0-255,66,393,64,459
51631,0.002332,172.31.40.0-255,66,459,64,459
51632,0.0,172.217.194.0-255,152,152,64,248075
51633,3.4e-05,172.31.40.0-255,66,218,64,248075
51634,4.2e-05,172.217.194.0-255,1484,1702,64,248075
51635,4.6e-05,172.31.40.0-255,66,1768,64,248075
51636,5.2e-05,172.217.194.0-255,2902,4670,64,248075
51637,5.4e-05,172.31.40.0-255,66,4736,64,248075
51638,6.1e-05,172.217.194.0-255,5738,10474,64,248075
51639,6.4e-05,172.31.40.0-255,66,10540,64,248075
51640,6.9e-05,172.217.194.0-255,3392,13932,64,248075
51641,7.1e-05,172.31.40.0-255,66,13998,64,248075
51642,0.000402,172.217.194.0-255,1484,15482,64,248075
51643,0.000409,172.31.40.0-255,66,15548,64,248075
51644,0.000414,172.217.194.0-255,2902,18450,64,248075
51645,0.000417,172.31.40.0-255,66,18516,64,248075
51646,0.000419,172.217.194.0-255,1484,20000,64,248075
51647,0.000421,172.31.40.0-255,66,20066,64,248075
51648,0.00044,172.217.194.0-255,4320,24386,64,248075
51649,0.000443,172.31.40.0-255,66,24452,64,248075
51650,0.000455,172.217.194.0-255,1484,25936,64,248075
51651,0.000458,172.31.40.0-255,66,26002,64,248075
51652,0.00048,172.217.194.0-255,5379,31381,64,248075
51653,0.000483,172.31.40.0-255,66,31447,64,248075
51654,0.000814,172.217.194.0-255,1484,32931,64,248075
51655,0.000819,172.31.40.0-255,66,32997,64,248075
51656,0.000827,172.217.194.0-255,2902,35899,64,248075
51657,0.000829,172.31.40.0-255,66,35965,64,248075
51658,0.000835,172.217.194.0-255,5738,41703,64,248075
51659,0.000837,172.31.40.0-255,66,41769,64,248075
51660,0.000889,172.31.40.0-255,66,41835,64,248075
51661,0.000899,172.31.40.0-255,66,41901,64,248075
51662,0.00092,172.217.194.0-255,1381,43282,64,248075
51663,0.001075,172.217.194.0-255,120,43402,64,248075
51664,0.00125,172.217.194.0-255,1484,44886,64,248075
51665,0.001257,172.31.40.0-255,66,44952,64,248075
51666,0.001262,172.217.194.0-255,2902,47854,64,248075
51667,0.001265,172.31.40.0-255,66,47920,64,248075
51668,0.001271,172.217.194.0-255,5738,53658,64,248075
51669,0.001274,172.31.40.0-255,66,53724,64,248075
51670,0.001317,172.31.40.0-255,66,53790,64,248075
51671,0.001375,172.31.40.0-255,66,53856,64,248075
51672,0.001829,172.217.194.0-255,1484,55340,64,248075
51673,0.001836,172.217.194.0-255,2902,58242,64,248075
51674,0.00184,172.31.40.0-255,66,58308,64,248075
51675,0.001847,172.217.194.0-255,5738,64046,64,248075
51676,0.00185,172.31.40.0-255,66,64112,64,248075
51677,0.001888,172.31.40.0-255,66,64178,64,248075
51678,0.00191,172.31.40.0-255,66,64244,64,248075
51679,0.00193,172.217.194.0-255,2184,66428,64,248075
51680,0.001932,172.31.40.0-255,66,66494,64,248075
51681,0.001993,172.217.194.0-255,1484,67978,64,248075
51682,0.001997,172.217.194.0-255,2902,70880,64,248075
51683,0.002,172.31.40.0-255,66,70946,64,248075
51684,0.002004,172.217.194.0-255,2902,73848,64,248075
51685,0.002006,172.31.40.0-255,66,73914,64,248075
51686,0.002022,172.217.194.0-255,2902,76816,64,248075
51687,0.002024,172.31.40.0-255,66,76882,64,248075
51688,0.002029,172.217.194.0-255,4320,81202,64,248075
51689,0.002031,172.31.40.0-255,66,81268,64,248075
51690,0.00206,172.31.40.0-255,66,81334,64,248075
51691,0.00207,172.31.40.0-255,66,81400,64,248075
51692,0.002097,172.217.194.0-255,2184,83584,64,248075
51693,0.0021,172.31.40.0-255,66,83650,64,248075
51694,0.00212,172.217.194.0-255,2902,86552,64,248075
51695,0.002122,172.31.40.0-255,66,86618,64,248075
51696,0.002127,172.217.194.0-255,2902,89520,64,248075
51697,0.002129,172.31.40.0-255,66,89586,64,248075
51698,0.002145,172.217.194.0-255,4320,93906,64,248075
51699,0.002147,172.31.40.0-255,66,93972,64,248075
51700,0.002163,172.31.40.0-255,66,94038,64,248075
51701,0.0022,172.217.194.0-255,1484,95522,64,248075
51702,0.002228,172.31.40.0-255,66,95588,64,248075
51703,0.002239,172.31.40.0-255,66,95654,64,248075
51704,0.002272,172.31.40.0-255,66,95720,64,248075
51705,0.002307,172.217.194.0-255,7156,102876,64,248075
51706,0.00231,172.31.40.0-255,66,102942,64,248075
51707,0.002329,172.217.194.0-255,3602,106544,64,248075
51708,0.002331,172.31.40.0-255,66,106610,64,248075
51709,0.00235,172.217.194.0-255,7156,113766,64,248075
51710,0.002352,172.31.40.0-255,66,113832,64,248075
51711,0.002372,172.217.194.0-255,4320,118152,64,248075
51712,0.002375,172.31.40.0-255,66,118218,64,248075
51713,0.002395,172.31.40.0-255,66,118284,64,248075
51714,0.002469,172.31.40.0-255,66,118350,64,248075
51715,0.002498,172.31.40.0-255,66,118416,64,248075
51716,0.002501,172.217.194.0-255,2902,121318,64,248075
51717,0.002503,172.31.40.0-255,66,121384,64,248075
51718,0.004839,172.217.194.0-255,5738,127122,64,248075
51719,0.004844,172.31.40.0-255,66,127188,64,248075
51720,0.007202,172.217.194.0-255,5738,132926,64,248075
51721,0.00721,172.31.40.0-255,66,132992,64,248075
51722,0.009576,172.217.194.0-255,5738,138730,64,248075
51723,0.009595,172.31.40.0-255,66,138796,64,248075
51724,0.011942,172.217.194.0-255,5738,144534,64,248075
51725,0.01195,172.31.40.0-255,66,144600,64,248075
51726,0.014293,172.217.194.0-255,5738,150338,64,248075
51727,0.014305,172.31.40.0-255,66,150404,64,248075
51728,0.016648,172.217.194.0-255,5738,156142,64,248075
51729,0.016664,172.31.40.0-255,66,156208,64,248075
51730,0.019017,172.217.194.0-255,5738,161946,64,248075
51731,0.019027,172.31.40.0-255,66,162012,64,248075
51732,0.021348,172.217.194.0-255,5738,167750,64,248075
51733,0.021357,172.31.40.0-255,66,167816,64,248075
51734,0.023705,172.217.194.0-255,5738,173554,64,248075
51735,0.023714,172.31.40.0-255,66,173620,64,248075
51736,0.026061,172.217.194.0-255,5738,179358,64,248075
51737,0.026069,172.31.40.0-255,66,179424,64,248075
51738,0.028419,172.217.194.0-255,5738,185162,64,248075
51739,0.028429,172.31.40.0-255,66,185228,64,248075
51740,0.030783,172.217.194.0-255,5738,190966,64,248075
51741,0.030791,172.31.40.0-255,66,191032,64,248075
51742,0.033122,172.217.194.0-255,5738,196770,64,248075
51743,0.033129,172.31.40.0-255,66,196836,64,248075
51744,0.035517,172.217.194.0-255,5738,202574,64,248075
51745,0.035526,172.31.40.0-255,66,202640,64,248075
51746,0.037874,172.217.194.0-255,5738,208378,64,248075
51747,0.037891,172.31.40.0-255,66,208444,64,248075
51748,0.04024,172.217.194.0-255,5738,214182,64,248075
51749,0.040252,172.31.40.0-255,66,214248,64,248075
51750,0.042625,172.217.194.0-255,5738,219986,64,248075
51751,0.042636,172.31.40.0-255,66,220052,64,248075
51752,0.045,172.217.194.0-255,5738,225790,64,248075
51753,0.045012,172.31.40.0-255,66,225856,64,248075
51754,0.047381,172.217.194.0-255,5738,231594,64,248075
51755,0.047396,172.31.40.0-255,66,231660,64,248075
51756,0.048984,172.31.40.0-255,167,231827,64,248075
51757,0.049018,172.31.40.0-255,1111,232938,64,248075
51758,0.049079,172.31.40.0-255,1514,234452,64,248075
51759,0.049082,172.31.40.0-255,1514,235966,64,248075
51760,0.049106,172.31.40.0-255,697,236663,64,248075
51761,0.049739,172.217.194.0-255,5738,242401,64,248075
51762,0.049745,172.31.40.0-255,66,242467,64,248075
51763,0.050529,104.244.42.0-255,66,242533,64,248075
51764,0.050627,104.244.42.0-255,66,242599,64,248075
51765,0.050678,104.244.42.0-255,66,242665,64,248075
51766,0.050723,104.244.42.0-255,66,242731,64,248075
51767,0.052079,172.217.194.0-255,5107,247838,64,248075
51768,0.052091,172.31.40.0-255,66,247904,64,248075
51769,0.052342,172.31.40.0-255,105,248009,64,248075
51770,0.054638,172.217.194.0-255,66,248075,64,248075
51771,0.0,74.125.24.0-255,152,152,64,236739
51772,2.4e-05,172.31.40.0-255,66,218,64,236739
51773,3.1e-05,74.125.24.0-255,1484,1702,64,236739
51774,3.5e-05,172.31.40.0-255,66,1768,64,236739
51775,4.1e-05,74.125.24.0-255,2902,4670,64,236739
51776,4.4e-05,172.31.40.0-255,66,4736,64,236739
51777,5.3e-05,74.125.24.0-255,7156,11892,64,236739
51778,5.6e-05,172.31.40.0-255,66,11958,64,236739
51779,6.2e-05,74.125.24.0-255,4320,16278,64,236739
51780,6.5e-05,172.31.40.0-255,66,16344,64,236739
51781,0.000111,172.31.40.0-255,66,16410,64,236739
51782,0.000117,74.125.24.0-255,5379,21789,64,236739
51783,0.000119,172.31.40.0-255,66,21855,64,236739
51784,0.000241,74.125.24.0-255,1484,23339,64,236739
51785,0.000245,172.31.40.0-255,66,23405,64,236739
51786,0.000252,74.125.24.0-255,2902,26307,64,236739
51787,0.000254,172.31.40.0-255,66,26373,64,236739
51788,0.00026,74.125.24.0-255,5738,32111,64,236739
51789,0.000263,172.31.40.0-255,66,32177,64,236739
51790,0.000311,74.125.24.0-255,4320,36497,64,236739
51791,0.000314,172.31.40.0-255,66,36563,64,236739
51792,0.000347,172.31.40.0-255,66,36629,64,236739
51793,0.000351,74.125.24.0-255,2902,39531,64,236739
51794,0.000354,172.31.40.0-255,66,39597,64,236739
51795,0.000379,74.125.24.0-255,4320,43917,64,236739
51796,0.000382,172.31.40.0-255,66,43983,64,236739
51797,0.000394,74.125.24.0-255,2543,46526,64,236739
51798,0.000396,172.31.40.0-255,66,46592,64,236739
51799,0.000399,74.125.24.0-255,413,47005,64,236739
51800,0.000401,172.31.40.0-255,66,47071,64,236739
51801,0.000422,74.125.24.0-255,1484,48555,64,236739
51802,0.000427,74.125.24.0-255,1484,50039,64,236739
51803,0.000429,172.31.40.0-255,66,50105,64,236739
51804,0.000453,74.125.24.0-255,2902,53007,64,236739
51805,0.000456,172.31.40.0-255,66,53073,64,236739
51806,0.00046,74.125.24.0-255,2902,55975,64,236739
51807,0.000462,172.31.40.0-255,66,56041,64,236739
51808,0.000485,74.125.24.0-255,7156,63197,64,236739
51809,0.000489,172.31.40.0-255,66,63263,64,236739
51810,0.0005,172.31.40.0-255,66,63329,64,236739
51811,0.000512,172.31.40.0-255,66,63395,64,236739
51812,0.000514,74.125.24.0-255,1484,64879,64,236739
51813,0.000518,74.125.24.0-255,1484,66363,64,236739
51814,0.00052,172.31.40.0-255,66,66429,64,236739
51815,0.000545,74.125.24.0-255,1484,67913,64,236739
51816,0.000553,74.125.24.0-255,5738,73651,64,236739
51817,0.000555,172.31.40.0-255,66,73717,64,236739
51818,0.000584,74.125.24.0-255,6783,80500,64,236739
51819,0.000587,172.31.40.0-255,66,80566,64,236739
51820,0.000898,74.125.24.0-255,1484,82050,64,236739
51821,0.000904,74.125.24.0-255,2902,84952,64,236739
51822,0.000908,172.31.40.0-255,66,85018,64,236739
51823,0.000938,74.125.24.0-255,5738,90756,64,236739
51824,0.000941,172.31.40.0-255,66,90822,64,236739
51825,0.000982,172.31.40.0-255,66,90888,64,236739
51826,0.001013,74.125.24.0-255,4320,95208,64,236739
51827,0.001016,172.31.40.0-255,66,95274,64,236739
51828,0.001028,172.31.40.0-255,66,95340,64,236739
51829,0.001299,74.125.24.0-255,1484,96824,64,236739
51830,0.001306,74.125.24.0-255,2902,99726,64,236739
51831,0.00131,172.31.40.0-255,66,99792,64,236739
51832,0.001316,74.125.24.0-255,4320,104112,64,236739
51833,0.001318,172.31.40.0-255,66,104178,64,236739
51834,0.001331,74.125.24.0-255,1484,105662,64,236739
51835,0.001352,172.31.40.0-255,66,105728,64,236739
51836,0.001376,74.125.24.0-255,4320,110048,64,236739
51837,0.001379,172.31.40.0-255,66,110114,64,236739
51838,0.0014,74.125.24.0-255,5738,115852,64,236739
51839,0.001403,172.31.40.0-255,66,115918,64,236739
51840,0.001432,74.125.24.0-255,5020,120938,64,236739
51841,0.001435,172.31.40.0-255,66,121004,64,236739
51842,0.001623,74.125.24.0-255,1484,122488,64,236739
51843,0.001678,74.125.24.0-255,2902,125390,64,236739
51844,0.001682,172.31.40.0-255,66,125456,64,236739
51845,0.001689,74.125.24.0-255,4320,129776,64,236739
51846,0.001691,172.31.40.0-255,66,129842,64,236739
51847,0.001703,74.125.24.0-255,1484,131326,64,236739
51848,0.001716,74.125.24.0-255,2902,134228,64,236739
51849,0.001718,172.31.40.0-255,66,134294,64,236739
51850,0.001744,74.125.24.0-255,7156,141450,64,236739
51851,0.001747,172.31.40.0-255,66,141516,64,236739
51852,0.001754,74.125.24.0-255,7156,148672,64,236739
51853,0.001756,172.31.40.0-255,66,148738,64,236739
51854,0.001774,74.125.24.0-255,5738,154476,64,236739
51855,0.001776,172.31.40.0-255,66,154542,64,236739
51856,0.001781,74.125.24.0-255,2902,157444,64,236739
51857,0.001783,172.31.40.0-255,66,157510,64,236739
51858,0.001824,172.31.40.0-255,66,157576,64,236739
51859,0.001836,172.31.40.0-255,66,157642,64,236739
51860,0.001861,74.125.24.0-255,2902,160544,64,236739
51861,0.001864,172.31.40.0-255,66,160610,64,236739
51862,0.001915,172.31.40.0-255,66,160676,64,236739
51863,0.001934,172.31.40.0-255,66,160742,64,236739
51864,0.001937,74.125.24.0-255,1484,162226,64,236739
51865,0.001955,74.125.24.0-255,1484,163710,64,236739
51866,0.001957,172.31.40.0-255,66,163776,64,236739
51867,0.001963,74.125.24.0-255,4320,168096,64,236739
51868,0.001965,172.31.40.0-255,66,168162,64,236739
51869,0.001969,74.125.24.0-255,2902,171064,64,236739
51870,0.001971,172.31.40.0-255,66,171130,64,236739
51871,0.001988,74.125.24.0-255,5738,176868,64,236739
51872,0.00199,172.31.40.0-255,66,176934,64,236739
51873,0.00202,172.31.40.0-255,66,177000,64,236739
51874,0.002052,172.31.40.0-255,66,177066,64,236739
51875,0.002055,74.125.24.0-255,766,177832,64,236739
51876,0.0021,74.125.24.0-255,1484,179316,64,236739
51877,0.002102,172.31.40.0-255,66,179382,64,236739
51878,0.002108,74.125.24.0-255,4320,183702,64,236739
51879,0.00211,172.31.40.0-255,66,183768,64,236739
51880,0.00212,172.31.40.0-255,66,183834,64,236739
51881,0.00213,172.31.40.0-255,66,183900,64,236739
51882,0.002145,74.125.24.0-255,1484,185384,64,236739
51883,0.00215,74.125.24.0-255,2902,188286,64,236739
51884,0.002152,172.31.40.0-255,66,188352,64,236739
51885,0.002172,74.125.24.0-255,6438,194790,64,236739
51886,0.002175,172.31.40.0-255,66,194856,64,236739
51887,0.002206,74.125.24.0-255,2902,197758,64,236739
51888,0.002209,172.31.40.0-255,66,197824,64,236739
51889,0.002215,74.125.24.0-255,4320,202144,64,236739
51890,0.002218,172.31.40.0-255,66,202210,64,236739
51891,0.002222,74.125.24.0-255,4320,206530,64,236739
51892,0.002225,172.31.40.0-255,66,206596,64,236739
51893,0.002251,74.125.24.0-255,4320,210916,64,236739
51894,0.002255,74.125.24.0-255,2902,213818,64,236739
51895,0.002259,172.31.40.0-255,66,213884,64,236739
51896,0.002266,172.31.40.0-255,66,213950,64,236739
51897,0.002271,74.125.24.0-255,4320,218270,64,236739
51898,0.002274,172.31.40.0-255,66,218336,64,236739
51899,0.002332,172.31.40.0-255,66,218402,64,236739
51900,0.002345,172.31.40.0-255,66,218468,64,236739
51901,0.002351,74.125.24.0-255,7156,225624,64,236739
51902,0.002353,172.31.40.0-255,66,225690,64,236739
51903,0.004683,74.125.24.0-255,5738,231428,64,236739
51904,0.00469,172.31.40.0-255,66,231494,64,236739
51905,0.006979,74.125.24.0-255,714,232208,64,236739
51906,0.014218,172.31.40.0-255,66,232274,64,236739
51907,0.014266,172.31.40.0-255,105,232379,64,236739
51908,0.016533,74.125.24.0-255,66,232445,64,236739
51909,0.060101,172.31.40.0-255,172,232617,64,236739
51910,0.060134,172.31.40.0-255,1112,233729,64,236739
51911,0.06019,172.31.40.0-255,1514,235243,64,236739
51912,0.060192,172.31.40.0-255,1298,236541,64,236739
51913,0.061654,104.244.42.0-255,66,236607,64,236739
51914,0.061706,104.244.42.0-255,66,236673,64,236739
51915,0.061737,104.244.42.0-255,66,236739,64,236739
51916,0.0,74.125.24.0-255,152,152,64,140434
51917,2.4e-05,172.31.40.0-255,66,218,64,140434
51918,3.1e-05,74.125.24.0-255,1484,1702,64,140434
51919,3.6e-05,172.31.40.0-255,66,1768,64,140434
51920,4.9e-05,74.125.24.0-255,2902,4670,64,140434
51921,5.3e-05,172.31.40.0-255,66,4736,64,140434
51922,5.6e-05,74.125.24.0-255,1484,6220,64,140434
51923,5.8e-05,172.31.40.0-255,66,6286,64,140434
51924,0.000101,172.31.40.0-255,66,6352,64,140434
51925,0.00013,172.31.40.0-255,66,6418,64,140434
51926,0.000136,74.125.24.0-255,5738,12156,64,140434
51927,0.000139,172.31.40.0-255,66,12222,64,140434
51928,0.000164,74.125.24.0-255,2543,14765,64,140434
51929,0.00017,172.31.40.0-255,66,14831,64,140434
51930,0.000221,74.125.24.0-255,1484,16315,64,140434
51931,0.000223,172.31.40.0-255,66,16381,64,140434
51932,0.000228,74.125.24.0-255,2902,19283,64,140434
51933,0.00023,172.31.40.0-255,66,19349,64,140434
51934,0.000234,74.125.24.0-255,2902,22251,64,140434
51935,0.000237,172.31.40.0-255,66,22317,64,140434
51936,0.000272,74.125.24.0-255,2902,25219,64,140434
51937,0.000275,172.31.40.0-255,66,25285,64,140434
51938,0.00029,172.31.40.0-255,66,25351,64,140434
51939,0.000306,172.31.40.0-255,66,25417,64,140434
51940,0.000346,74.125.24.0-255,1454,26871,64,140434
51941,0.000349,172.31.40.0-255,66,26937,64,140434
51942,0.000366,74.125.24.0-255,114,27051,64,140434
51943,0.000368,172.31.40.0-255,66,27117,64,140434
51944,0.000475,74.125.24.0-255,331,27448,64,140434
51945,0.000798,74.125.24.0-255,1484,28932,64,140434
51946,0.000803,172.31.40.0-255,66,28998,64,140434
51947,0.000809,74.125.24.0-255,2902,31900,64,140434
51948,0.000811,172.31.40.0-255,66,31966,64,140434
51949,0.000814,74.125.24.0-255,1484,33450,64,140434
51950,0.00084,74.125.24.0-255,4320,37770,64,140434
51951,0.000843,172.31.40.0-255,66,37836,64,140434
51952,0.000862,172.31.40.0-255,66,37902,64,140434
51953,0.000865,74.125.24.0-255,1484,39386,64,140434
51954,0.000896,74.125.24.0-255,4320,43706,64,140434
51955,0.000899,172.31.40.0-255,66,43772,64,140434
51956,0.000927,74.125.24.0-255,5020,48792,64,140434
51957,0.000929,172.31.40.0-255,66,48858,64,140434
51958,0.001285,74.125.24.0-255,1484,50342,64,140434
51959,0.00129,74.125.24.0-255,2902,53244,64,140434
51960,0.001293,172.31.40.0-255,66,53310,64,140434
51961,0.001324,74.125.24.0-255,5738,59048,64,140434
51962,0.001327,172.31.40.0-255,66,59114,64,140434
51963,0.001337,172.31.40.0-255,66,59180,64,140434
51964,0.001362,74.125.24.0-255,2902,62082,64,140434
51965,0.001364,172.31.40.0-255,66,62148,64,140434
51966,0.001378,172.31.40.0-255,66,62214,64,140434
51967,0.001514,74.125.24.0-255,1484,63698,64,140434
51968,0.001519,74.125.24.0-255,2902,66600,64,140434
51969,0.001522,172.31.40.0-255,66,66666,64,140434
51970,0.001525,74.125.24.0-255,1484,68150,64,140434
51971,0.001555,74.125.24.0-255,4320,72470,64,140434
51972,0.001558,172.31.40.0-255,66,72536,64,140434
51973,0.001567,172.31.40.0-255,66,72602,64,140434
51974,0.001601,74.125.24.0-255,2902,75504,64,140434
51975,0.001604,172.31.40.0-255,66,75570,64,140434
51976,0.00164,172.31.40.0-255,66,75636,64,140434
51977,0.001673,172.31.40.0-255,66,75702,64,140434
51978,0.00171,74.125.24.0-255,2902,78604,64,140434
51979,0.001713,172.31.40.0-255,66,78670,64,140434
51980,0.001732,172.31.40.0-255,66,78736,64,140434
51981,0.001735,74.125.24.0-255,766,79502,64,140434
51982,0.001765,172.31.40.0-255,66,79568,64,140434
51983,0.001769,74.125.24.0-255,2902,82470,64,140434
51984,0.001771,172.31.40.0-255,66,82536,64,140434
51985,0.001804,172.31.40.0-255,66,82602,64,140434
51986,0.001807,74.125.24.0-255,1484,84086,64,140434
51987,0.001841,172.31.40.0-255,66,84152,64,140434
51988,0.001843,74.125.24.0-255,1484,85636,64,140434
51989,0.001874,172.31.40.0-255,66,85702,64,140434
51990,0.001895,172.31.40.0-255,66,85768,64,140434
51991,0.001962,172.31.40.0-255,66,85834,64,140434
51992,0.001969,74.125.24.0-255,1484,87318,64,140434
51993,0.001973,74.125.24.0-255,2902,90220,64,140434
51994,0.001978,172.31.40.0-255,66,90286,64,140434
51995,0.001984,74.125.24.0-255,5738,96024,64,140434
51996,0.001987,172.31.40.0-255,66,96090,64,140434
51997,0.002024,172.31.40.0-255,66,96156,64,140434
51998,0.002052,172.31.40.0-255,66,96222,64,140434
51999,0.002056,74.125.24.0-255,2184,98406,64,140434
52000,0.002058,172.31.40.0-255,66,98472,64,140434
52001,0.002113,74.125.24.0-255,1484,99956,64,140434
52002,0.002119,74.125.24.0-255,2902,102858,64,140434
52003,0.002121,172.31.40.0-255,66,102924,64,140434
52004,0.002153,74.125.24.0-255,5738,108662,64,140434
52005,0.002156,172.31.40.0-255,66,108728,64,140434
52006,0.002165,172.31.40.0-255,66,108794,64,140434
52007,0.00219,74.125.24.0-255,2902,111696,64,140434
52008,0.002192,172.31.40.0-255,66,111762,64,140434
52009,0.002252,74.125.24.0-255,5738,117500,64,140434
52010,0.002284,74.125.24.0-255,7156,124656,64,140434
52011,0.002291,74.125.24.0-255,7156,131812,64,140434
52012,0.002301,74.125.24.0-255,1484,133296,64,140434
52013,0.002347,74.125.24.0-255,3602,136898,64,140434
52014,0.002406,74.125.24.0-255,105,137003,64,140434
52015,0.009652,172.31.40.0-255,66,137069,64,140434
52016,0.012137,172.31.40.0-255,105,137174,64,140434
52017,0.014706,74.125.24.0-255,66,137240,64,140434
52018,0.033463,172.31.40.0-255,167,137407,64,140434
52019,0.033497,172.31.40.0-255,1107,138514,64,140434
52020,0.033557,172.31.40.0-255,1514,140028,64,140434
52021,0.033559,172.31.40.0-255,340,140368,64,140434
52022,0.035077,104.244.42.0-255,66,140434,64,140434
52023,0.0,172.217.194.0-255,146,146,64,299268
52024,2.2e-05,172.31.40.0-255,66,212,64,299268
52025,3e-05,172.217.194.0-255,1484,1696,64,299268
52026,3.4e-05,172.31.40.0-255,66,1762,64,299268
52027,4.1e-05,172.217.194.0-255,2902,4664,64,299268
52028,4.5e-05,172.31.40.0-255,66,4730,64,299268
52029,6e-05,172.217.194.0-255,7156,11886,64,299268
52030,6.2e-05,172.31.40.0-255,66,11952,64,299268
52031,6.6e-05,172.217.194.0-255,1984,13936,64,299268
52032,6.8e-05,172.31.40.0-255,66,14002,64,299268
52033,0.000111,172.217.194.0-255,7156,21158,64,299268
52034,0.000114,172.31.40.0-255,66,21224,64,299268
52035,0.000116,172.217.194.0-255,1484,22708,64,299268
52036,0.000118,172.31.40.0-255,66,22774,64,299268
52037,0.000147,172.217.194.0-255,7156,29930,64,299268
52038,0.000149,172.31.40.0-255,66,29996,64,299268
52039,0.000163,172.217.194.0-255,4320,34316,64,299268
52040,0.000168,172.31.40.0-255,66,34382,64,299268
52041,0.000197,172.217.194.0-255,6797,41179,64,299268
52042,0.0002,172.31.40.0-255,66,41245,64,299268
52043,0.000202,172.217.194.0-255,1484,42729,64,299268
52044,0.000204,172.31.40.0-255,66,42795,64,299268
52045,0.000247,172.31.40.0-255,66,42861,64,299268
52046,0.000269,172.217.194.0-255,2902,45763,64,299268
52047,0.000271,172.31.40.0-255,66,45829,64,299268
52048,0.000308,172.31.40.0-255,66,45895,64,299268
52049,0.000311,172.217.194.0-255,362,46257,64,299268
52050,0.000313,172.31.40.0-255,66,46323,64,299268
52051,0.000403,172.217.194.0-255,1484,47807,64,299268
52052,0.000407,172.31.40.0-255,66,47873,64,299268
52053,0.000413,172.217.194.0-255,2902,50775,64,299268
52054,0.000415,172.31.40.0-255,66,50841,64,299268
52055,0.000421,172.217.194.0-255,5738,56579,64,299268
52056,0.000428,172.31.40.0-255,66,56645,64,299268
52057,0.000451,172.217.194.0-255,1484,58129,64,299268
52058,0.000493,172.31.40.0-255,66,58195,64,299268
52059,0.000505,172.31.40.0-255,66,58261,64,299268
52060,0.000622,172.217.194.0-255,1484,59745,64,299268
52061,0.000628,172.217.194.0-255,2902,62647,64,299268
52062,0.00063,172.31.40.0-255,66,62713,64,299268
52063,0.000637,172.217.194.0-255,5738,68451,64,299268
52064,0.000639,172.31.40.0-255,66,68517,64,299268
52065,0.000679,172.31.40.0-255,66,68583,64,299268
52066,0.000691,172.31.40.0-255,66,68649,64,299268
52067,0.001181,172.217.194.0-255,1484,70133,64,299268
52068,0.001188,172.217.194.0-255,2902,73035,64,299268
52069,0.001192,172.31.40.0-255,66,73101,64,299268
52070,0.0012,172.217.194.0-255,5738,78839,64,299268
52071,0.001202,172.31.40.0-255,66,78905,64,299268
52072,0.001241,172.31.40.0-255,66,78971,64,299268
52073,0.001253,172.31.40.0-255,66,79037,64,299268
52074,0.0021,172.217.194.0-255,1484,80521,64,299268
52075,0.002113,172.217.194.0-255,2902,83423,64,299268
52076,0.002116,172.31.40.0-255,66,83489,64,299268
52077,0.00212,172.217.194.0-255,1484,84973,64,299268
52078,0.002143,172.217.194.0-255,4320,89293,64,299268
52079,0.002145,172.31.40.0-255,66,89359,64,299268
52080,0.002156,172.31.40.0-255,66,89425,64,299268
52081,0.002175,172.217.194.0-255,1484,90909,64,299268
52082,0.002184,172.31.40.0-255,66,90975,64,299268
52083,0.002202,172.217.194.0-255,1484,92459,64,299268
52084,0.002206,172.217.194.0-255,766,93225,64,299268
52085,0.002208,172.31.40.0-255,66,93291,64,299268
52086,0.00226,172.217.194.0-255,1484,94775,64,299268
52087,0.002281,172.217.194.0-255,2902,97677,64,299268
52088,0.002283,172.31.40.0-255,66,97743,64,299268
52089,0.002289,172.217.194.0-255,5738,103481,64,299268
52090,0.002291,172.31.40.0-255,66,103547,64,299268
52091,0.002316,172.217.194.0-255,5738,109285,64,299268
52092,0.002319,172.31.40.0-255,66,109351,64,299268
52093,0.002358,172.31.40.0-255,66,109417,64,299268
52094,0.002361,172.217.194.0-255,1484,110901,64,299268
52095,0.002384,172.217.194.0-255,3602,114503,64,299268
52096,0.002386,172.31.40.0-255,66,114569,64,299268
52097,0.004767,172.217.194.0-255,5738,120307,64,299268
52098,0.004774,172.31.40.0-255,66,120373,64,299268
52099,0.007112,172.217.194.0-255,5738,126111,64,299268
52100,0.007116,172.31.40.0-255,66,126177,64,299268
52101,0.009478,172.217.194.0-255,5738,131915,64,299268
52102,0.009485,172.31.40.0-255,66,131981,64,299268
52103,0.011855,172.217.194.0-255,5738,137719,64,299268
52104,0.011864,172.31.40.0-255,66,137785,64,299268
52105,0.014233,172.217.194.0-255,5738,143523,64,299268
52106,0.014241,172.31.40.0-255,66,143589,64,299268
52107,0.016616,172.217.194.0-255,5738,149327,64,299268
52108,0.016627,172.31.40.0-255,66,149393,64,299268
52109,0.019033,172.217.194.0-255,5738,155131,64,299268
52110,0.01904,172.31.40.0-255,66,155197,64,299268
52111,0.021413,172.217.194.0-255,5738,160935,64,299268
52112,0.02142,172.31.40.0-255,66,161001,64,299268
52113,0.023796,172.217.194.0-255,5738,166739,64,299268
52114,0.023803,172.31.40.0-255,66,166805,64,299268
52115,0.02617,172.217.194.0-255,5738,172543,64,299268
52116,0.026184,172.31.40.0-255,66,172609,64,299268
52117,0.028596,172.217.194.0-255,5738,178347,64,299268
52118,0.028603,172.31.40.0-255,66,178413,64,299268
52119,0.030205,172.31.40.0-255,172,178585,64,299268
52120,0.030231,172.31.40.0-255,1112,179697,64,299268
52121,0.03028,172.31.40.0-255,1514,181211,64,299268
52122,0.030281,172.31.40.0-255,1296,182507,64,299268
52123,0.030956,172.217.194.0-255,5738,188245,64,299268
52124,0.030964,172.31.40.0-255,66,188311,64,299268
52125,0.031727,104.244.42.0-255,66,188377,64,299268
52126,0.031787,104.244.42.0-255,66,188443,64,299268
52127,0.031874,104.244.42.0-255,66,188509,64,299268
52128,0.03334,172.217.194.0-255,5738,194247,64,299268
52129,0.033348,172.31.40.0-255,66,194313,64,299268
52130,0.03575,172.217.194.0-255,5738,200051,64,299268
52131,0.035756,172.31.40.0-255,66,200117,64,299268
52132,0.03813,172.217.194.0-255,5738,205855,64,299268
52133,0.038135,172.31.40.0-255,66,205921,64,299268
52134,0.040516,172.217.194.0-255,5738,211659,64,299268
52135,0.040522,172.31.40.0-255,66,211725,64,299268
52136,0.042911,172.217.194.0-255,5738,217463,64,299268
52137,0.04292,172.31.40.0-255,66,217529,64,299268
52138,0.045294,172.217.194.0-255,5738,223267,64,299268
52139,0.045301,172.31.40.0-255,66,223333,64,299268
52140,0.047658,172.217.194.0-255,5738,229071,64,299268
52141,0.047665,172.31.40.0-255,66,229137,64,299268
52142,0.050018,172.217.194.0-255,5738,234875,64,299268
52143,0.050029,172.31.40.0-255,66,234941,64,299268
52144,0.052394,172.217.194.0-255,5738,240679,64,299268
52145,0.052401,172.31.40.0-255,66,240745,64,299268
52146,0.054796,172.217.194.0-255,5738,246483,64,299268
52147,0.054803,172.31.40.0-255,66,246549,64,299268
52148,0.057184,172.217.194.0-255,5738,252287,64,299268
52149,0.057195,172.31.40.0-255,66,252353,64,299268
52150,0.059579,172.217.194.0-255,5738,258091,64,299268
52151,0.059586,172.31.40.0-255,66,258157,64,299268
52152,0.061997,172.217.194.0-255,5738,263895,64,299268
52153,0.062004,172.31.40.0-255,66,263961,64,299268
52154,0.064363,172.217.194.0-255,5738,269699,64,299268
52155,0.064371,172.31.40.0-255,66,269765,64,299268
52156,0.066776,172.217.194.0-255,5738,275503,64,299268
52157,0.066783,172.31.40.0-255,66,275569,64,299268
52158,0.069148,172.217.194.0-255,5738,281307,64,299268
52159,0.069155,172.31.40.0-255,66,281373,64,299268
52160,0.071527,172.217.194.0-255,5738,287111,64,299268
52161,0.071534,172.31.40.0-255,66,287177,64,299268
52162,0.073897,172.217.194.0-255,5738,292915,64,299268
52163,0.073904,172.31.40.0-255,66,292981,64,299268
52164,0.076251,172.217.194.0-255,5738,298719,64,299268
52165,0.076259,172.31.40.0-255,66,298785,64,299268
52166,0.078617,172.217.194.0-255,246,299031,64,299268
52167,0.078743,172.31.40.0-255,66,299097,64,299268
52168,0.078779,172.31.40.0-255,105,299202,64,299268
52169,0.081139,172.217.194.0-255,66,299268,64,299268
52170,0.0,172.31.40.0-255,105,105,64,459
52171,0.000206,172.31.40.0-255,90,195,64,459
52172,0.000217,172.31.40.0-255,66,261,64,459
52173,0.002784,74.125.68.0-255,66,327,64,459
52174,0.002817,74.125.68.0-255,66,393,64,459
52175,0.002839,172.31.40.0-255,66,459,64,459
52176,0.0,74.125.24.0-255,153,153,64,263325
52177,2.4e-05,172.31.40.0-255,66,219,64,263325
52178,3.1e-05,74.125.24.0-255,1484,1703,64,263325
52179,3.5e-05,172.31.40.0-255,66,1769,64,263325
52180,4.1e-05,74.125.24.0-255,2902,4671,64,263325
52181,4.3e-05,172.31.40.0-255,66,4737,64,263325
52182,5.9e-05,74.125.24.0-255,5738,10475,64,263325
52183,6.1e-05,172.31.40.0-255,66,10541,64,263325
52184,6.7e-05,74.125.24.0-255,3419,13960,64,263325
52185,7.1e-05,172.31.40.0-255,66,14026,64,263325
52186,0.000112,74.125.24.0-255,4320,18346,64,263325
52187,0.000116,172.31.40.0-255,66,18412,64,263325
52188,0.000147,74.125.24.0-255,7156,25568,64,263325
52189,0.00015,172.31.40.0-255,66,25634,64,263325
52190,0.000164,172.31.40.0-255,66,25700,64,263325
52191,0.00017,74.125.24.0-255,4320,30020,64,263325
52192,0.000172,172.31.40.0-255,66,30086,64,263325
52193,0.0002,74.125.24.0-255,5020,35106,64,263325
52194,0.000202,172.31.40.0-255,66,35172,64,263325
52195,0.000631,74.125.24.0-255,1484,36656,64,263325
52196,0.000637,172.31.40.0-255,66,36722,64,263325
52197,0.000643,74.125.24.0-255,2902,39624,64,263325
52198,0.000645,172.31.40.0-255,66,39690,64,263325
52199,0.000653,74.125.24.0-255,5738,45428,64,263325
52200,0.000659,172.31.40.0-255,66,45494,64,263325
52201,0.000693,74.125.24.0-255,6797,52291,64,263325
52202,0.000696,172.31.40.0-255,66,52357,64,263325
52203,0.001072,74.125.24.0-255,1484,53841,64,263325
52204,0.001077,172.31.40.0-255,66,53907,64,263325
52205,0.001081,74.125.24.0-255,1484,55391,64,263325
52206,0.001083,172.31.40.0-255,66,55457,64,263325
52207,0.001115,74.125.24.0-255,1484,56941,64,263325
52208,0.001123,74.125.24.0-255,5738,62679,64,263325
52209,0.001125,172.31.40.0-255,66,62745,64,263325
52210,0.001131,74.125.24.0-255,4320,67065,64,263325
52211,0.001133,172.31.40.0-255,66,67131,64,263325
52212,0.001168,172.31.40.0-255,66,67197,64,263325
52213,0.001179,172.31.40.0-255,66,67263,64,263325
52214,0.001205,74.125.24.0-255,2184,69447,64,263325
52215,0.001207,172.31.40.0-255,66,69513,64,263325
52216,0.001241,172.31.40.0-255,66,69579,64,263325
52217,0.00129,172.31.40.0-255,66,69645,64,263325
52218,0.001303,172.31.40.0-255,66,69711,64,263325
52219,0.001318,172.31.40.0-255,66,69777,64,263325
52220,0.001419,74.125.24.0-255,1484,71261,64,263325
52221,0.001434,74.125.24.0-255,2902,74163,64,263325
52222,0.001437,172.31.40.0-255,66,74229,64,263325
52223,0.001443,74.125.24.0-255,4320,78549,64,263325
52224,0.001446,172.31.40.0-255,66,78615,64,263325
52225,0.001464,74.125.24.0-255,1484,80099,64,263325
52226,0.001467,74.125.24.0-255,1484,81583,64,263325
52227,0.001469,172.31.40.0-255,66,81649,64,263325
52228,0.001502,172.31.40.0-255,66,81715,64,263325
52229,0.001529,74.125.24.0-255,5738,87453,64,263325
52230,0.001532,172.31.40.0-255,66,87519,64,263325
52231,0.001555,74.125.24.0-255,5020,92539,64,263325
52232,0.001558,172.31.40.0-255,66,92605,64,263325
52233,0.001588,74.125.24.0-255,1484,94089,64,263325
52234,0.001601,74.125.24.0-255,2902,96991,64,263325
52235,0.001604,172.31.40.0-255,66,97057,64,263325
52236,0.001632,74.125.24.0-255,5738,102795,64,263325
52237,0.001635,172.31.40.0-255,66,102861,64,263325
52238,0.00164,74.125.24.0-255,2902,105763,64,263325
52239,0.001642,172.31.40.0-255,66,105829,64,263325
52240,0.001681,74.125.24.0-255,7156,112985,64,263325
52241,0.001689,172.31.40.0-255,66,113051,64,263325
52242,0.001703,172.31.40.0-255,66,113117,64,263325
52243,0.001705,74.125.24.0-255,766,113883,64,263325
52244,0.001782,74.125.24.0-255,1484,115367,64,263325
52245,0.001786,172.31.40.0-255,66,115433,64,263325
52246,0.001815,74.125.24.0-255,2902,118335,64,263325
52247,0.001819,172.31.40.0-255,66,118401,64,263325
52248,0.001823,74.125.24.0-255,2902,121303,64,263325
52249,0.001825,172.31.40.0-255,66,121369,64,263325
52250,0.001858,74.125.24.0-255,7156,128525,64,263325
52251,0.001864,172.31.40.0-255,66,128591,64,263325
52252,0.001878,74.125.24.0-255,1484,130075,64,263325
52253,0.001919,172.31.40.0-255,66,130141,64,263325
52254,0.001923,74.125.24.0-255,2902,133043,64,263325
52255,0.001925,172.31.40.0-255,66,133109,64,263325
52256,0.001951,74.125.24.0-255,2184,135293,64,263325
52257,0.001957,172.31.40.0-255,66,135359,64,263325
52258,0.002138,74.125.24.0-255,1484,136843,64,263325
52259,0.002142,74.125.24.0-255,1484,138327,64,263325
52260,0.002145,172.31.40.0-255,66,138393,64,263325
52261,0.002176,74.125.24.0-255,1484,139877,64,263325
52262,0.002183,74.125.24.0-255,5738,145615,64,263325
52263,0.002186,172.31.40.0-255,66,145681,64,263325
52264,0.00219,74.125.24.0-255,2902,148583,64,263325
52265,0.002192,172.31.40.0-255,66,148649,64,263325
52266,0.002198,74.125.24.0-255,4320,152969,64,263325
52267,0.0022,172.31.40.0-255,66,153035,64,263325
52268,0.002236,172.31.40.0-255,66,153101,64,263325
52269,0.002242,74.125.24.0-255,5738,158839,64,263325
52270,0.002244,172.31.40.0-255,66,158905,64,263325
52271,0.002266,74.125.24.0-255,4320,163225,64,263325
52272,0.002269,172.31.40.0-255,66,163291,64,263325
52273,0.00231,172.31.40.0-255,66,163357,64,263325
52274,0.002323,172.31.40.0-255,66,163423,64,263325
52275,0.002334,172.31.40.0-255,66,163489,64,263325
52276,0.004629,74.125.24.0-255,5738,169227,64,263325
52277,0.004637,172.31.40.0-255,66,169293,64,263325
52278,0.006935,74.125.24.0-255,5738,175031,64,263325
52279,0.006942,172.31.40.0-255,66,175097,64,263325
52280,0.008084,172.31.40.0-255,101,175198,64,263325
52281,0.009277,74.125.24.0-255,5738,180936,64,263325
52282,0.009282,172.31.40.0-255,66,181002,64,263325
52283,0.010352,74.125.24.0-255,66,181068,64,263325
52284,0.011578,74.125.24.0-255,5738,186806,64,263325
52285,0.011584,172.31.40.0-255,66,186872,64,263325
52286,0.013903,74.125.24.0-255,5738,192610,64,263325
52287,0.013912,172.31.40.0-255,66,192676,64,263325
52288,0.016234,74.125.24.0-255,5738,198414,64,263325
52289,0.016244,172.31.40.0-255,66,198480,64,263325
52290,0.018544,74.125.24.0-255,5738,204218,64,263325
52291,0.018553,172.31.40.0-255,66,204284,64,263325
52292,0.020854,74.125.24.0-255,5738,210022,64,263325
52293,0.020863,172.31.40.0-255,66,210088,64,263325
52294,0.023179,74.125.24.0-255,5738,215826,64,263325
52295,0.023186,172.31.40.0-255,66,215892,64,263325
52296,0.025471,74.125.24.0-255,5738,221630,64,263325
52297,0.025481,172.31.40.0-255,66,221696,64,263325
52298,0.027764,74.125.24.0-255,5738,227434,64,263325
52299,0.027771,172.31.40.0-255,66,227500,64,263325
52300,0.030059,74.125.24.0-255,5738,233238,64,263325
52301,0.030068,172.31.40.0-255,66,233304,64,263325
52302,0.032342,74.125.24.0-255,5738,239042,64,263325
52303,0.03235,172.31.40.0-255,66,239108,64,263325
52304,0.034626,74.125.24.0-255,5738,244846,64,263325
52305,0.034634,172.31.40.0-255,66,244912,64,263325
52306,0.035053,172.31.40.0-255,172,245084,64,263325
52307,0.035084,172.31.40.0-255,1111,246195,64,263325
52308,0.035141,172.31.40.0-255,1514,247709,64,263325
52309,0.035143,172.31.40.0-255,1514,249223,64,263325
52310,0.035167,172.31.40.0-255,694,249917,64,263325
52311,0.036625,104.244.42.0-255,66,249983,64,263325
52312,0.03666,104.244.42.0-255,66,250049,64,263325
52313,0.036717,104.244.42.0-255,66,250115,64,263325
52314,0.036721,104.244.42.0-255,66,250181,64,263325
52315,0.036935,74.125.24.0-255,5738,255919,64,263325
52316,0.036941,172.31.40.0-255,66,255985,64,263325
52317,0.039311,74.125.24.0-255,5738,261723,64,263325
52318,0.03932,172.31.40.0-255,66,261789,64,263325
52319,0.041644,74.125.24.0-255,1365,263154,64,263325
52320,0.041827,172.31.40.0-255,105,263259,64,263325
52321,0.049739,74.125.24.0-255,66,263325,64,263325
52322,0.0,172.31.40.0-255,105,105,64,459
52323,0.000175,172.31.40.0-255,90,195,64,459
52324,0.000187,172.31.40.0-255,66,261,64,459
52325,0.00276,172.217.194.0-255,66,327,64,459
52326,0.002781,172.217.194.0-255,66,393,64,459
52327,0.002797,172.31.40.0-255,66,459,64,459
52328,0.0,74.125.130.0-255,146,146,64,399233
52329,1.9e-05,172.31.40.0-255,66,212,64,399233
52330,2.6e-05,74.125.130.0-255,1484,1696,64,399233
52331,3.1e-05,172.31.40.0-255,66,1762,64,399233
52332,3.6e-05,74.125.130.0-255,2902,4664,64,399233
52333,4.6e-05,172.31.40.0-255,66,4730,64,399233
52334,5e-05,74.125.130.0-255,1484,6214,64,399233
52335,5.2e-05,172.31.40.0-255,66,6280,64,399233
52336,9e-05,74.125.130.0-255,4320,10600,64,399233
52337,9.4e-05,172.31.40.0-255,66,10666,64,399233
52338,0.0001,74.125.130.0-255,2902,13568,64,399233
52339,0.000102,172.31.40.0-255,66,13634,64,399233
52340,0.000123,74.125.130.0-255,3401,17035,64,399233
52341,0.000127,172.31.40.0-255,66,17101,64,399233
52342,0.000135,74.125.130.0-255,2902,20003,64,399233
52343,0.000138,172.31.40.0-255,66,20069,64,399233
52344,0.000151,172.31.40.0-255,66,20135,64,399233
52345,0.000261,74.125.130.0-255,1484,21619,64,399233
52346,0.000265,172.31.40.0-255,66,21685,64,399233
52347,0.000285,74.125.130.0-255,2902,24587,64,399233
52348,0.000287,172.31.40.0-255,66,24653,64,399233
52349,0.00029,74.125.130.0-255,1484,26137,64,399233
52350,0.000293,172.31.40.0-255,66,26203,64,399233
52351,0.000328,74.125.130.0-255,2902,29105,64,399233
52352,0.000331,172.31.40.0-255,66,29171,64,399233
52353,0.000337,74.125.130.0-255,5738,34909,64,399233
52354,0.000339,172.31.40.0-255,66,34975,64,399233
52355,0.000347,74.125.130.0-255,1484,36459,64,399233
52356,0.000349,172.31.40.0-255,66,36525,64,399233
52357,0.000393,74.125.130.0-255,4320,40845,64,399233
52358,0.000396,172.31.40.0-255,66,40911,64,399233
52359,0.000404,74.125.130.0-255,7156,48067,64,399233
52360,0.000418,74.125.130.0-255,6438,54505,64,399233
52361,0.000421,74.125.130.0-255,377,54882,64,399233
52362,0.000537,172.31.40.0-255,66,54948,64,399233
52363,0.000931,74.125.130.0-255,365,55313,64,399233
52364,0.000986,74.125.130.0-255,1484,56797,64,399233
52365,0.00099,172.31.40.0-255,66,56863,64,399233
52366,0.000996,74.125.130.0-255,2902,59765,64,399233
52367,0.00102,74.125.130.0-255,4320,64085,64,399233
52368,0.001028,172.31.40.0-255,66,64151,64,399233
52369,0.001048,74.125.130.0-255,1484,65635,64,399233
52370,0.001054,74.125.130.0-255,4320,69955,64,399233
52371,0.001068,172.31.40.0-255,66,70021,64,399233
52372,0.00109,74.125.130.0-255,2543,72564,64,399233
52373,0.001098,172.31.40.0-255,66,72630,64,399233
52374,0.001235,74.125.130.0-255,1484,74114,64,399233
52375,0.001251,74.125.130.0-255,2902,77016,64,399233
52376,0.001254,172.31.40.0-255,66,77082,64,399233
52377,0.001282,74.125.130.0-255,4320,81402,64,399233
52378,0.001285,74.125.130.0-255,1484,82886,64,399233
52379,0.001293,172.31.40.0-255,66,82952,64,399233
52380,0.001319,74.125.130.0-255,4320,87272,64,399233
52381,0.001323,74.125.130.0-255,1995,89267,64,399233
52382,0.001326,172.31.40.0-255,66,89333,64,399233
52383,0.001405,74.125.130.0-255,1484,90817,64,399233
52384,0.001417,74.125.130.0-255,1484,92301,64,399233
52385,0.001419,172.31.40.0-255,66,92367,64,399233
52386,0.001446,74.125.130.0-255,1484,93851,64,399233
52387,0.001451,74.125.130.0-255,4320,98171,64,399233
52388,0.001454,74.125.130.0-255,2902,101073,64,399233
52389,0.001461,172.31.40.0-255,66,101139,64,399233
52390,0.001492,74.125.130.0-255,5738,106877,64,399233
52391,0.0015,74.125.130.0-255,7156,114033,64,399233
52392,0.001506,74.125.130.0-255,7156,121189,64,399233
52393,0.001523,74.125.130.0-255,1484,122673,64,399233
52394,0.001526,74.125.130.0-255,766,123439,64,399233
52395,0.001561,172.31.40.0-255,66,123505,64,399233
52396,0.003597,74.125.130.0-255,5738,129243,64,399233
52397,0.003603,172.31.40.0-255,66,129309,64,399233
52398,0.005626,74.125.130.0-255,5738,135047,64,399233
52399,0.006971,172.31.40.0-255,66,135113,64,399233
52400,0.008999,74.125.130.0-255,5738,140851,64,399233
52401,0.009007,172.31.40.0-255,66,140917,64,399233
52402,0.011029,74.125.130.0-255,5738,146655,64,399233
52403,0.011036,172.31.40.0-255,66,146721,64,399233
52404,0.01306,74.125.130.0-255,5738,152459,64,399233
52405,0.013066,172.31.40.0-255,66,152525,64,399233
52406,0.015091,74.125.130.0-255,5738,158263,64,399233
52407,0.015098,172.31.40.0-255,66,158329,64,399233
52408,0.017124,74.125.130.0-255,5738,164067,64,399233
52409,0.017134,172.31.40.0-255,66,164133,64,399233
52410,0.019174,74.125.130.0-255,5738,169871,64,399233
52411,0.019186,172.31.40.0-255,66,169937,64,399233
52412,0.021237,74.125.130.0-255,5738,175675,64,399233
52413,0.021247,172.31.40.0-255,66,175741,64,399233
52414,0.023273,74.125.130.0-255,5738,181479,64,399233
52415,0.023281,172.31.40.0-255,66,181545,64,399233
52416,0.024762,172.31.40.0-255,172,181717,64,399233
52417,0.024793,172.31.40.0-255,1112,182829,64,399233
52418,0.02485,172.31.40.0-255,1514,184343,64,399233
52419,0.024852,172.31.40.0-255,1296,185639,64,399233
52420,0.025306,74.125.130.0-255,5738,191377,64,399233
52421,0.025313,172.31.40.0-255,66,191443,64,399233
52422,0.0263,104.244.42.0-255,66,191509,64,399233
52423,0.026371,104.244.42.0-255,66,191575,64,399233
52424,0.026418,104.244.42.0-255,66,191641,64,399233
52425,0.027342,74.125.130.0-255,5738,197379,64,399233
52426,0.02735,172.31.40.0-255,66,197445,64,399233
52427,0.029382,74.125.130.0-255,5738,203183,64,399233
52428,0.029389,172.31.40.0-255,66,203249,64,399233
52429,0.031417,74.125.130.0-255,5738,208987,64,399233
52430,0.031425,172.31.40.0-255,66,209053,64,399233
52431,0.033468,74.125.130.0-255,5738,214791,64,399233
52432,0.033476,172.31.40.0-255,66,214857,64,399233
52433,0.035514,74.125.130.0-255,5738,220595,64,399233
52434,0.035521,172.31.40.0-255,66,220661,64,399233
52435,0.037554,74.125.130.0-255,5738,226399,64,399233
52436,0.03756,172.31.40.0-255,66,226465,64,399233
52437,0.039597,74.125.130.0-255,5738,232203,64,399233
52438,0.039603,172.31.40.0-255,66,232269,64,399233
52439,0.041627,74.125.130.0-255,4320,236589,64,399233
52440,0.041633,172.31.40.0-255,66,236655,64,399233
52441,0.041663,74.125.130.0-255,1484,238139,64,399233
52442,0.043665,74.125.130.0-255,4320,242459,64,399233
52443,0.043671,172.31.40.0-255,66,242525,64,399233
52444,0.045698,74.125.130.0-255,5738,248263,64,399233
52445,0.045752,172.31.40.0-255,66,248329,64,399233
52446,0.047774,74.125.130.0-255,5738,254067,64,399233
52447,0.04778,172.31.40.0-255,66,254133,64,399233
52448,0.049795,74.125.130.0-255,5738,259871,64,399233
52449,0.049801,172.31.40.0-255,66,259937,64,399233
52450,0.051834,74.125.130.0-255,5738,265675,64,399233
52451,0.05184,172.31.40.0-255,66,265741,64,399233
52452,0.053879,74.125.130.0-255,5738,271479,64,399233
52453,0.053885,172.31.40.0-255,66,271545,64,399233
52454,0.055914,74.125.130.0-255,5738,277283,64,399233
52455,0.055919,172.31.40.0-255,66,277349,64,399233
52456,0.057956,74.125.130.0-255,5738,283087,64,399233
52457,0.057963,172.31.40.0-255,66,283153,64,399233
52458,0.059989,74.125.130.0-255,5738,288891,64,399233
52459,0.059995,172.31.40.0-255,66,288957,64,399233
52460,0.062034,74.125.130.0-255,5738,294695,64,399233
52461,0.062042,172.31.40.0-255,66,294761,64,399233
52462,0.064085,74.125.130.0-255,5738,300499,64,399233
52463,0.064091,172.31.40.0-255,66,300565,64,399233
52464,0.066132,74.125.130.0-255,5738,306303,64,399233
52465,0.066139,172.31.40.0-255,66,306369,64,399233
52466,0.068205,74.125.130.0-255,5738,312107,64,399233
52467,0.068211,172.31.40.0-255,66,312173,64,399233
52468,0.070244,74.125.130.0-255,5738,317911,64,399233
52469,0.070251,172.31.40.0-255,66,317977,64,399233
52470,0.07227,74.125.130.0-255,5738,323715,64,399233
52471,0.072276,172.31.40.0-255,66,323781,64,399233
52472,0.074312,74.125.130.0-255,5738,329519,64,399233
52473,0.074318,172.31.40.0-255,66,329585,64,399233
52474,0.076347,74.125.130.0-255,5738,335323,64,399233
52475,0.076353,172.31.40.0-255,66,335389,64,399233
52476,0.078401,74.125.130.0-255,5738,341127,64,399233
52477,0.078409,172.31.40.0-255,66,341193,64,399233
52478,0.080446,74.125.130.0-255,5738,346931,64,399233
52479,0.080452,172.31.40.0-255,66,346997,64,399233
52480,0.082472,74.125.130.0-255,5738,352735,64,399233
52481,0.082477,172.31.40.0-255,66,352801,64,399233
52482,0.084506,74.125.130.0-255,5738,358539,64,399233
52483,0.084513,172.31.40.0-255,66,358605,64,399233
52484,0.086552,74.125.130.0-255,5738,364343,64,399233
52485,0.086558,172.31.40.0-255,66,364409,64,399233
52486,0.088603,74.125.130.0-255,5738,370147,64,399233
52487,0.08861,172.31.40.0-255,66,370213,64,399233
52488,0.09064,74.125.130.0-255,5738,375951,64,399233
52489,0.090647,172.31.40.0-255,66,376017,64,399233
52490,0.092706,74.125.130.0-255,5738,381755,64,399233
52491,0.092713,172.31.40.0-255,66,381821,64,399233
52492,0.094745,74.125.130.0-255,5738,387559,64,399233
52493,0.094752,172.31.40.0-255,66,387625,64,399233
52494,0.096787,74.125.130.0-255,5738,393363,64,399233
52495,0.096793,172.31.40.0-255,66,393429,64,399233
52496,0.098821,74.125.130.0-255,5738,399167,64,399233
52497,0.098826,172.31.40.0-255,66,399233,64,399233
52498,0.0,172.217.194.0-255,153,153,64,337764
52499,2e-05,172.31.40.0-255,66,219,64,337764
52500,2.7e-05,172.217.194.0-255,1484,1703,64,337764
52501,3.3e-05,172.31.40.0-255,66,1769,64,337764
52502,3.8e-05,172.217.194.0-255,2902,4671,64,337764
52503,5e-05,172.31.40.0-255,66,4737,64,337764
52504,5.6e-05,172.217.194.0-255,4320,9057,64,337764
52505,5.9e-05,172.31.40.0-255,66,9123,64,337764
52506,6.5e-05,172.217.194.0-255,4974,14097,64,337764
52507,6.7e-05,172.31.40.0-255,66,14163,64,337764
52508,0.000124,172.31.40.0-255,66,14229,64,337764
52509,0.000158,172.217.194.0-255,5379,19608,64,337764
52510,0.000161,172.31.40.0-255,66,19674,64,337764
52511,0.00019,172.217.194.0-255,1484,21158,64,337764
52512,0.000193,172.31.40.0-255,66,21224,64,337764
52513,0.000197,172.217.194.0-255,1484,22708,64,337764
52514,0.000199,172.31.40.0-255,66,22774,64,337764
52515,0.000232,172.217.194.0-255,1484,24258,64,337764
52516,0.000235,172.31.40.0-255,66,24324,64,337764
52517,0.000241,172.217.194.0-255,5738,30062,64,337764
52518,0.000243,172.31.40.0-255,66,30128,64,337764
52519,0.000247,172.217.194.0-255,2902,33030,64,337764
52520,0.00025,172.31.40.0-255,66,33096,64,337764
52521,0.000295,172.31.40.0-255,66,33162,64,337764
52522,0.0003,172.217.194.0-255,2902,36064,64,337764
52523,0.000301,172.31.40.0-255,66,36130,64,337764
52524,0.000338,172.31.40.0-255,66,36196,64,337764
52525,0.000341,172.217.194.0-255,677,36873,64,337764
52526,0.000343,172.31.40.0-255,66,36939,64,337764
52527,0.000726,172.217.194.0-255,1484,38423,64,337764
52528,0.000734,172.217.194.0-255,2902,41325,64,337764
52529,0.000738,172.31.40.0-255,66,41391,64,337764
52530,0.000772,172.217.194.0-255,5738,47129,64,337764
52531,0.000775,172.31.40.0-255,66,47195,64,337764
52532,0.000778,172.217.194.0-255,1484,48679,64,337764
52533,0.000793,172.31.40.0-255,66,48745,64,337764
52534,0.000836,172.31.40.0-255,66,48811,64,337764
52535,0.001727,172.217.194.0-255,1484,50295,64,337764
52536,0.001737,172.217.194.0-255,2902,53197,64,337764
52537,0.001742,172.31.40.0-255,66,53263,64,337764
52538,0.001749,172.217.194.0-255,5738,59001,64,337764
52539,0.001752,172.31.40.0-255,66,59067,64,337764
52540,0.001795,172.31.40.0-255,66,59133,64,337764
52541,0.001801,172.217.194.0-255,4320,63453,64,337764
52542,0.001803,172.31.40.0-255,66,63519,64,337764
52543,0.001833,172.217.194.0-255,6438,69957,64,337764
52544,0.00184,172.31.40.0-255,66,70023,64,337764
52545,0.001871,172.217.194.0-255,1484,71507,64,337764
52546,0.001876,172.217.194.0-255,2902,74409,64,337764
52547,0.001878,172.31.40.0-255,66,74475,64,337764
52548,0.001884,172.217.194.0-255,5738,80213,64,337764
52549,0.001886,172.31.40.0-255,66,80279,64,337764
52550,0.001922,172.31.40.0-255,66,80345,64,337764
52551,0.001928,172.217.194.0-255,5738,86083,64,337764
52552,0.00193,172.31.40.0-255,66,86149,64,337764
52553,0.001949,172.217.194.0-255,2902,89051,64,337764
52554,0.001956,172.31.40.0-255,66,89117,64,337764
52555,0.00196,172.217.194.0-255,2184,91301,64,337764
52556,0.001962,172.31.40.0-255,66,91367,64,337764
52557,0.003983,172.217.194.0-255,5738,97105,64,337764
52558,0.00399,172.31.40.0-255,66,97171,64,337764
52559,0.006015,172.217.194.0-255,5738,102909,64,337764
52560,0.00602,172.31.40.0-255,66,102975,64,337764
52561,0.008017,172.217.194.0-255,4320,107295,64,337764
52562,0.008023,172.31.40.0-255,66,107361,64,337764
52563,0.008051,172.217.194.0-255,1484,108845,64,337764
52564,0.010045,172.217.194.0-255,4320,113165,64,337764
52565,0.010053,172.31.40.0-255,66,113231,64,337764
52566,0.012073,172.217.194.0-255,5738,118969,64,337764
52567,0.012081,172.31.40.0-255,66,119035,64,337764
52568,0.014105,172.217.194.0-255,5738,124773,64,337764
52569,0.014113,172.31.40.0-255,66,124839,64,337764
52570,0.01613,172.217.194.0-255,5738,130577,64,337764
52571,0.016139,172.31.40.0-255,66,130643,64,337764
52572,0.018147,172.217.194.0-255,5738,136381,64,337764
52573,0.018155,172.31.40.0-255,66,136447,64,337764
52574,0.020166,172.217.194.0-255,5738,142185,64,337764
52575,0.020173,172.31.40.0-255,66,142251,64,337764
52576,0.02225,172.217.194.0-255,5738,147989,64,337764
52577,0.022257,172.31.40.0-255,66,148055,64,337764
52578,0.024035,172.31.40.0-255,167,148222,64,337764
52579,0.024065,172.31.40.0-255,1107,149329,64,337764
52580,0.024127,172.31.40.0-255,1514,150843,64,337764
52581,0.024128,172.31.40.0-255,338,151181,64,337764
52582,0.024292,172.217.194.0-255,5738,156919,64,337764
52583,0.024298,172.31.40.0-255,66,156985,64,337764
52584,0.0263,104.244.42.0-255,66,157051,64,337764
52585,0.026323,172.217.194.0-255,5738,162789,64,337764
52586,0.026328,172.31.40.0-255,66,162855,64,337764
52587,0.028357,172.217.194.0-255,5738,168593,64,337764
52588,0.028364,172.31.40.0-255,66,168659,64,337764
52589,0.030353,172.217.194.0-255,5738,174397,64,337764
52590,0.030358,172.31.40.0-255,66,174463,64,337764
52591,0.032366,172.217.194.0-255,5738,180201,64,337764
52592,0.032373,172.31.40.0-255,66,180267,64,337764
52593,0.034412,172.217.194.0-255,5738,186005,64,337764
52594,0.034431,172.31.40.0-255,66,186071,64,337764
52595,0.036495,172.217.194.0-255,5738,191809,64,337764
52596,0.036511,172.31.40.0-255,66,191875,64,337764
52597,0.038505,172.217.194.0-255,5738,197613,64,337764
52598,0.038516,172.31.40.0-255,66,197679,64,337764
52599,0.040542,172.217.194.0-255,5738,203417,64,337764
52600,0.040559,172.31.40.0-255,66,203483,64,337764
52601,0.0426,172.217.194.0-255,5738,209221,64,337764
52602,0.042616,172.31.40.0-255,66,209287,64,337764
52603,0.044637,172.217.194.0-255,5738,215025,64,337764
52604,0.044654,172.31.40.0-255,66,215091,64,337764
52605,0.046693,172.217.194.0-255,5738,220829,64,337764
52606,0.0467,172.31.40.0-255,66,220895,64,337764
52607,0.048713,172.217.194.0-255,5738,226633,64,337764
52608,0.04872,172.31.40.0-255,66,226699,64,337764
52609,0.050718,172.217.194.0-255,5738,232437,64,337764
52610,0.050725,172.31.40.0-255,66,232503,64,337764
52611,0.052764,172.217.194.0-255,5738,238241,64,337764
52612,0.052771,172.31.40.0-255,66,238307,64,337764
52613,0.054774,172.217.194.0-255,5738,244045,64,337764
52614,0.054781,172.31.40.0-255,66,244111,64,337764
52615,0.056808,172.217.194.0-255,5738,249849,64,337764
52616,0.056814,172.31.40.0-255,66,249915,64,337764
52617,0.058853,172.217.194.0-255,5738,255653,64,337764
52618,0.05886,172.31.40.0-255,66,255719,64,337764
52619,0.06088,172.217.194.0-255,5738,261457,64,337764
52620,0.060886,172.31.40.0-255,66,261523,64,337764
52621,0.062972,172.217.194.0-255,5738,267261,64,337764
52622,0.06298,172.31.40.0-255,66,267327,64,337764
52623,0.065007,172.217.194.0-255,5738,273065,64,337764
52624,0.065013,172.31.40.0-255,66,273131,64,337764
52625,0.067021,172.217.194.0-255,5738,278869,64,337764
52626,0.067028,172.31.40.0-255,66,278935,64,337764
52627,0.069057,172.217.194.0-255,5738,284673,64,337764
52628,0.069064,172.31.40.0-255,66,284739,64,337764
52629,0.07109,172.217.194.0-255,5738,290477,64,337764
52630,0.071097,172.31.40.0-255,66,290543,64,337764
52631,0.073089,172.217.194.0-255,5738,296281,64,337764
52632,0.073096,172.31.40.0-255,66,296347,64,337764
52633,0.075114,172.217.194.0-255,5738,302085,64,337764
52634,0.075121,172.31.40.0-255,66,302151,64,337764
52635,0.077139,172.217.194.0-255,5738,307889,64,337764
52636,0.077145,172.31.40.0-255,66,307955,64,337764
52637,0.079209,172.217.194.0-255,5738,313693,64,337764
52638,0.079215,172.31.40.0-255,66,313759,64,337764
52639,0.08122,172.217.194.0-255,5738,319497,64,337764
52640,0.081227,172.31.40.0-255,66,319563,64,337764
52641,0.083248,172.217.194.0-255,5738,325301,64,337764
52642,0.083255,172.31.40.0-255,66,325367,64,337764
52643,0.08526,172.217.194.0-255,5738,331105,64,337764
52644,0.085266,172.31.40.0-255,66,331171,64,337764
52645,0.087276,172.217.194.0-255,5738,336909,64,337764
52646,0.087283,172.31.40.0-255,66,336975,64,337764
52647,0.089254,172.217.194.0-255,552,337527,64,337764
52648,0.089394,172.31.40.0-255,66,337593,64,337764
52649,0.08943,172.31.40.0-255,105,337698,64,337764
52650,0.091426,172.217.194.0-255,66,337764,64,337764
