,TIME,SRC,PACKET_SIZE,CUMULATIVE_PACKET_SIZE,PAGE_NUMBER,TOTAL_PACKET_SIZE
0,0.0,74.125.24.0-255,150,150,78,183806
1,1.4e-05,172.31.40.0-255,66,216,78,183806
2,2.1e-05,74.125.24.0-255,1484,1700,78,183806
3,2.6e-05,172.31.40.0-255,66,1766,78,183806
4,3.2e-05,74.125.24.0-255,2902,4668,78,183806
5,3.4e-05,172.31.40.0-255,66,4734,78,183806
6,4.1e-05,74.125.24.0-255,5738,10472,78,183806
7,4.4e-05,172.31.40.0-255,66,10538,78,183806
8,7.8e-05,172.31.40.0-255,66,10604,78,183806
9,0.000103,74.125.24.0-255,3516,14120,78,183806
10,0.000105,172.31.40.0-255,66,14186,78,183806
11,0.000113,74.125.24.0-255,6797,20983,78,183806
12,0.000116,172.31.40.0-255,66,21049,78,183806
13,0.000172,74.125.24.0-255,1484,22533,78,183806
14,0.000175,172.31.40.0-255,66,22599,78,183806
15,0.00018,74.125.24.0-255,2902,25501,78,183806
16,0.000182,172.31.40.0-255,66,25567,78,183806
17,0.000186,74.125.24.0-255,2902,28469,78,183806
18,0.000189,172.31.40.0-255,66,28535,78,183806
19,0.000213,74.125.24.0-255,2902,31437,78,183806
20,0.000217,172.31.40.0-255,66,31503,78,183806
21,0.000221,74.125.24.0-255,2902,34405,78,183806
22,0.000223,172.31.40.0-255,66,34471,78,183806
23,0.000245,172.31.40.0-255,66,34537,78,183806
24,0.000266,74.125.24.0-255,2543,37080,78,183806
25,0.000268,172.31.40.0-255,66,37146,78,183806
26,0.000275,74.125.24.0-255,7156,44302,78,183806
27,0.000277,172.31.40.0-255,66,44368,78,183806
28,0.000282,74.125.24.0-255,2543,46911,78,183806
29,0.000284,172.31.40.0-255,66,46977,78,183806
30,0.000307,74.125.24.0-255,416,47393,78,183806
31,0.000817,74.125.24.0-255,328,47721,78,183806
32,0.000997,172.31.40.0-255,66,47787,78,183806
33,0.001186,74.125.24.0-255,1484,49271,78,183806
34,0.001196,74.125.24.0-255,2902,52173,78,183806
35,0.0012,172.31.40.0-255,66,52239,78,183806
36,0.001208,74.125.24.0-255,5738,57977,78,183806
37,0.00121,172.31.40.0-255,66,58043,78,183806
38,0.001249,172.31.40.0-255,66,58109,78,183806
39,0.001257,74.125.24.0-255,7156,65265,78,183806
40,0.001259,172.31.40.0-255,66,65331,78,183806
41,0.001291,74.125.24.0-255,3602,68933,78,183806
42,0.001294,172.31.40.0-255,66,68999,78,183806
43,0.003773,74.125.24.0-255,1484,70483,78,183806
44,0.003796,74.125.24.0-255,4320,74803,78,183806
45,0.003801,172.31.40.0-255,66,74869,78,183806
46,0.006315,74.125.24.0-255,5738,80607,78,183806
47,0.006322,172.31.40.0-255,66,80673,78,183806
48,0.00884,74.125.24.0-255,5738,86411,78,183806
49,0.008849,172.31.40.0-255,66,86477,78,183806
50,0.011357,74.125.24.0-255,5738,92215,78,183806
51,0.011368,172.31.40.0-255,66,92281,78,183806
52,0.013895,74.125.24.0-255,5738,98019,78,183806
53,0.013905,172.31.40.0-255,66,98085,78,183806
54,0.01647,74.125.24.0-255,5738,103823,78,183806
55,0.016481,172.31.40.0-255,66,103889,78,183806
56,0.019012,74.125.24.0-255,5738,109627,78,183806
57,0.019019,172.31.40.0-255,66,109693,78,183806
58,0.021522,74.125.24.0-255,5738,115431,78,183806
59,0.02153,172.31.40.0-255,66,115497,78,183806
60,0.024047,74.125.24.0-255,5738,121235,78,183806
61,0.024055,172.31.40.0-255,66,121301,78,183806
62,0.026173,172.31.40.0-255,172,121473,78,183806
63,0.026205,172.31.40.0-255,1109,122582,78,183806
64,0.026267,172.31.40.0-255,1514,124096,78,183806
65,0.026269,172.31.40.0-255,1298,125394,78,183806
66,0.026603,74.125.24.0-255,5738,131132,78,183806
67,0.026609,172.31.40.0-255,66,131198,78,183806
68,0.027716,104.244.42.0-255,66,131264,78,183806
69,0.027768,104.244.42.0-255,66,131330,78,183806
70,0.027803,104.244.42.0-255,66,131396,78,183806
71,0.028496,104.244.42.0-255,108,131504,78,183806
72,0.028501,172.31.40.0-255,66,131570,78,183806
73,0.029152,74.125.24.0-255,5738,137308,78,183806
74,0.029156,172.31.40.0-255,66,137374,78,183806
75,0.03167,74.125.24.0-255,5738,143112,78,183806
76,0.031699,172.31.40.0-255,66,143178,78,183806
77,0.0342,74.125.24.0-255,5738,148916,78,183806
78,0.034206,172.31.40.0-255,66,148982,78,183806
79,0.03673,74.125.24.0-255,5738,154720,78,183806
80,0.036737,172.31.40.0-255,66,154786,78,183806
81,0.039262,74.125.24.0-255,5738,160524,78,183806
82,0.039268,172.31.40.0-255,66,160590,78,183806
83,0.041791,74.125.24.0-255,5738,166328,78,183806
84,0.041801,172.31.40.0-255,66,166394,78,183806
85,0.044304,74.125.24.0-255,5738,172132,78,183806
86,0.04431,172.31.40.0-255,66,172198,78,183806
87,0.04683,74.125.24.0-255,5738,177936,78,183806
88,0.046836,172.31.40.0-255,66,178002,78,183806
89,0.049353,74.125.24.0-255,5738,183740,78,183806
90,0.049359,172.31.40.0-255,66,183806,78,183806
91,0.0,74.125.24.0-255,152,152,78,212323
92,1.6e-05,172.31.40.0-255,66,218,78,212323
93,2.2e-05,74.125.24.0-255,1484,1702,78,212323
94,2.6e-05,172.31.40.0-255,66,1768,78,212323
95,3.2e-05,74.125.24.0-255,2902,4670,78,212323
96,4.1e-05,172.31.40.0-255,66,4736,78,212323
97,4.7e-05,74.125.24.0-255,4320,9056,78,212323
98,4.9e-05,172.31.40.0-255,66,9122,78,212323
99,7e-05,74.125.24.0-255,2902,12024,78,212323
100,7.3e-05,172.31.40.0-255,66,12090,78,212323
101,8.2e-05,74.125.24.0-255,1993,14083,78,212323
102,8.5e-05,172.31.40.0-255,66,14149,78,212323
103,0.000109,172.31.40.0-255,66,14215,78,212323
104,0.000136,74.125.24.0-255,2902,17117,78,212323
105,0.000139,172.31.40.0-255,66,17183,78,212323
106,0.000149,74.125.24.0-255,5379,22562,78,212323
107,0.000152,172.31.40.0-255,66,22628,78,212323
108,0.000174,74.125.24.0-255,1484,24112,78,212323
109,0.00018,172.31.40.0-255,66,24178,78,212323
110,0.000185,74.125.24.0-255,2902,27080,78,212323
111,0.000187,172.31.40.0-255,66,27146,78,212323
112,0.00019,74.125.24.0-255,1484,28630,78,212323
113,0.000192,172.31.40.0-255,66,28696,78,212323
114,0.000223,74.125.24.0-255,4320,33016,78,212323
115,0.000225,172.31.40.0-255,66,33082,78,212323
116,0.000232,74.125.24.0-255,5738,38820,78,212323
117,0.000234,172.31.40.0-255,66,38886,78,212323
118,0.000241,74.125.24.0-255,6797,45683,78,212323
119,0.000243,172.31.40.0-255,66,45749,78,212323
120,0.000275,172.31.40.0-255,66,45815,78,212323
121,0.000296,74.125.24.0-255,2855,48670,78,212323
122,0.000298,172.31.40.0-255,66,48736,78,212323
123,0.000301,74.125.24.0-255,109,48845,78,212323
124,0.000304,74.125.24.0-255,331,49176,78,212323
125,0.000996,172.31.40.0-255,66,49242,78,212323
126,0.001112,74.125.24.0-255,1484,50726,78,212323
127,0.00112,74.125.24.0-255,2902,53628,78,212323
128,0.001124,172.31.40.0-255,66,53694,78,212323
129,0.001155,74.125.24.0-255,2902,56596,78,212323
130,0.001158,172.31.40.0-255,66,56662,78,212323
131,0.001165,74.125.24.0-255,7156,63818,78,212323
132,0.001167,172.31.40.0-255,66,63884,78,212323
133,0.001218,172.31.40.0-255,66,63950,78,212323
134,0.001243,74.125.24.0-255,2543,66493,78,212323
135,0.001245,172.31.40.0-255,66,66559,78,212323
136,0.00125,74.125.24.0-255,3961,70520,78,212323
137,0.001252,172.31.40.0-255,66,70586,78,212323
138,0.001346,74.125.24.0-255,1484,72070,78,212323
139,0.001353,74.125.24.0-255,2902,74972,78,212323
140,0.001356,172.31.40.0-255,66,75038,78,212323
141,0.001363,74.125.24.0-255,4320,79358,78,212323
142,0.001365,172.31.40.0-255,66,79424,78,212323
143,0.001388,74.125.24.0-255,1484,80908,78,212323
144,0.001394,74.125.24.0-255,4320,85228,78,212323
145,0.001396,172.31.40.0-255,66,85294,78,212323
146,0.00143,172.31.40.0-255,66,85360,78,212323
147,0.00144,172.31.40.0-255,66,85426,78,212323
148,0.001449,74.125.24.0-255,2184,87610,78,212323
149,0.001451,172.31.40.0-255,66,87676,78,212323
150,0.001484,74.125.24.0-255,2902,90578,78,212323
151,0.001489,172.31.40.0-255,66,90644,78,212323
152,0.001496,74.125.24.0-255,7156,97800,78,212323
153,0.001498,172.31.40.0-255,66,97866,78,212323
154,0.001501,74.125.24.0-255,1484,99350,78,212323
155,0.001538,172.31.40.0-255,66,99416,78,212323
156,0.001574,172.31.40.0-255,66,99482,78,212323
157,0.001612,172.31.40.0-255,66,99548,78,212323
158,0.001634,74.125.24.0-255,1484,101032,78,212323
159,0.001641,74.125.24.0-255,5738,106770,78,212323
160,0.001644,172.31.40.0-255,66,106836,78,212323
161,0.001683,172.31.40.0-255,66,106902,78,212323
162,0.001707,74.125.24.0-255,1484,108386,78,212323
163,0.001754,74.125.24.0-255,2902,111288,78,212323
164,0.001757,172.31.40.0-255,66,111354,78,212323
165,0.001763,74.125.24.0-255,5738,117092,78,212323
166,0.001766,172.31.40.0-255,66,117158,78,212323
167,0.001784,172.31.40.0-255,66,117224,78,212323
168,0.001822,74.125.24.0-255,4320,121544,78,212323
169,0.001825,172.31.40.0-255,66,121610,78,212323
170,0.001862,172.31.40.0-255,66,121676,78,212323
171,0.001869,74.125.24.0-255,5738,127414,78,212323
172,0.001871,172.31.40.0-255,66,127480,78,212323
173,0.001913,74.125.24.0-255,7156,134636,78,212323
174,0.001917,172.31.40.0-255,66,134702,78,212323
175,0.001942,172.31.40.0-255,66,134768,78,212323
176,0.001949,74.125.24.0-255,6438,141206,78,212323
177,0.001953,172.31.40.0-255,66,141272,78,212323
178,0.001983,74.125.24.0-255,1484,142756,78,212323
179,0.001988,74.125.24.0-255,2902,145658,78,212323
180,0.00199,172.31.40.0-255,66,145724,78,212323
181,0.001997,74.125.24.0-255,5738,151462,78,212323
182,0.002,172.31.40.0-255,66,151528,78,212323
183,0.002045,172.31.40.0-255,66,151594,78,212323
184,0.00208,172.31.40.0-255,66,151660,78,212323
185,0.0021,74.125.24.0-255,2184,153844,78,212323
186,0.002102,172.31.40.0-255,66,153910,78,212323
187,0.002139,172.31.40.0-255,66,153976,78,212323
188,0.00215,172.31.40.0-255,66,154042,78,212323
189,0.002168,74.125.24.0-255,1484,155526,78,212323
190,0.002186,74.125.24.0-255,2902,158428,78,212323
191,0.002188,172.31.40.0-255,66,158494,78,212323
192,0.002225,172.31.40.0-255,66,158560,78,212323
193,0.00223,74.125.24.0-255,4320,162880,78,212323
194,0.002233,172.31.40.0-255,66,162946,78,212323
195,0.002243,74.125.24.0-255,5738,168684,78,212323
196,0.002245,172.31.40.0-255,66,168750,78,212323
197,0.002266,74.125.24.0-255,4320,173070,78,212323
198,0.002272,172.31.40.0-255,66,173136,78,212323
199,0.002303,74.125.24.0-255,7156,180292,78,212323
200,0.002306,172.31.40.0-255,66,180358,78,212323
201,0.002326,74.125.24.0-255,2902,183260,78,212323
202,0.002332,74.125.24.0-255,4320,187580,78,212323
203,0.002338,74.125.24.0-255,4320,191900,78,212323
204,0.00236,74.125.24.0-255,4320,196220,78,212323
205,0.002401,74.125.24.0-255,5738,201958,78,212323
206,0.002417,74.125.24.0-255,1484,203442,78,212323
207,0.002422,74.125.24.0-255,4151,207593,78,212323
208,0.002425,74.125.24.0-255,97,207690,78,212323
209,0.002427,74.125.24.0-255,105,207795,78,212323
210,0.00271,172.31.40.0-255,66,207861,78,212323
211,0.005051,172.31.40.0-255,105,207966,78,212323
212,0.007303,74.125.24.0-255,66,208032,78,212323
213,0.030073,172.31.40.0-255,172,208204,78,212323
214,0.030101,172.31.40.0-255,1108,209312,78,212323
215,0.030152,172.31.40.0-255,1514,210826,78,212323
216,0.030154,172.31.40.0-255,1299,212125,78,212323
217,0.03166,104.244.42.0-255,66,212191,78,212323
218,0.031694,104.244.42.0-255,66,212257,78,212323
219,0.031763,104.244.42.0-255,66,212323,78,212323
220,0.0,172.217.26.0-255,153,153,78,258358
221,2.4e-05,172.31.40.0-255,66,219,78,258358
222,3.2e-05,172.217.26.0-255,1484,1703,78,258358
223,3.6e-05,172.31.40.0-255,66,1769,78,258358
224,4e-05,172.217.26.0-255,1484,3253,78,258358
225,5e-05,172.31.40.0-255,66,3319,78,258358
226,5.7e-05,172.217.26.0-255,2902,6221,78,258358
227,6.1e-05,172.31.40.0-255,66,6287,78,258358
228,6.8e-05,172.217.26.0-255,5738,12025,78,258358
229,7.1e-05,172.31.40.0-255,66,12091,78,258358
230,7.5e-05,172.217.26.0-255,2062,14153,78,258358
231,7.7e-05,172.31.40.0-255,66,14219,78,258358
232,0.000461,172.217.26.0-255,1484,15703,78,258358
233,0.000469,172.31.40.0-255,66,15769,78,258358
234,0.000475,172.217.26.0-255,2902,18671,78,258358
235,0.000478,172.31.40.0-255,66,18737,78,258358
236,0.000489,172.217.26.0-255,5738,24475,78,258358
237,0.000493,172.31.40.0-255,66,24541,78,258358
238,0.000514,172.217.26.0-255,1484,26025,78,258358
239,0.000516,172.31.40.0-255,66,26091,78,258358
240,0.000546,172.217.26.0-255,5379,31470,78,258358
241,0.00055,172.31.40.0-255,66,31536,78,258358
242,0.000553,172.217.26.0-255,1484,33020,78,258358
243,0.000555,172.31.40.0-255,66,33086,78,258358
244,0.000559,172.217.26.0-255,2902,35988,78,258358
245,0.000561,172.31.40.0-255,66,36054,78,258358
246,0.000568,172.217.26.0-255,5738,41792,78,258358
247,0.00057,172.31.40.0-255,66,41858,78,258358
248,0.000577,172.217.26.0-255,6797,48655,78,258358
249,0.000579,172.31.40.0-255,66,48721,78,258358
250,0.000616,172.217.26.0-255,1484,50205,78,258358
251,0.000618,172.31.40.0-255,66,50271,78,258358
252,0.000623,172.217.26.0-255,2902,53173,78,258358
253,0.000626,172.31.40.0-255,66,53239,78,258358
254,0.00066,172.217.26.0-255,5738,58977,78,258358
255,0.000662,172.31.40.0-255,66,59043,78,258358
256,0.00067,172.217.26.0-255,6797,65840,78,258358
257,0.000672,172.31.40.0-255,66,65906,78,258358
258,0.00069,172.217.26.0-255,359,66265,78,258358
259,0.001101,172.31.40.0-255,66,66331,78,258358
260,0.001204,172.217.26.0-255,384,66715,78,258358
261,0.001359,172.217.26.0-255,1484,68199,78,258358
262,0.001365,172.31.40.0-255,66,68265,78,258358
263,0.001371,172.217.26.0-255,2902,71167,78,258358
264,0.001373,172.31.40.0-255,66,71233,78,258358
265,0.001385,172.217.26.0-255,5738,76971,78,258358
266,0.001388,172.31.40.0-255,66,77037,78,258358
267,0.001393,172.217.26.0-255,4320,81357,78,258358
268,0.001395,172.31.40.0-255,66,81423,78,258358
269,0.00142,172.217.26.0-255,1484,82907,78,258358
270,0.001424,172.217.26.0-255,1125,84032,78,258358
271,0.001426,172.31.40.0-255,66,84098,78,258358
272,0.00143,172.217.26.0-255,1484,85582,78,258358
273,0.001453,172.217.26.0-255,4320,89902,78,258358
274,0.001456,172.31.40.0-255,66,89968,78,258358
275,0.001459,172.217.26.0-255,1484,91452,78,258358
276,0.001496,172.31.40.0-255,66,91518,78,258358
277,0.001499,172.217.26.0-255,1125,92643,78,258358
278,0.001565,172.217.26.0-255,1484,94127,78,258358
279,0.001569,172.31.40.0-255,66,94193,78,258358
280,0.001575,172.217.26.0-255,2902,97095,78,258358
281,0.001578,172.31.40.0-255,66,97161,78,258358
282,0.001588,172.217.26.0-255,4320,101481,78,258358
283,0.00159,172.31.40.0-255,66,101547,78,258358
284,0.001601,172.217.26.0-255,1484,103031,78,258358
285,0.001632,172.217.26.0-255,7156,110187,78,258358
286,0.001635,172.31.40.0-255,66,110253,78,258358
287,0.001642,172.217.26.0-255,5738,115991,78,258358
288,0.001644,172.31.40.0-255,66,116057,78,258358
289,0.001692,172.31.40.0-255,66,116123,78,258358
290,0.003663,172.217.26.0-255,5738,121861,78,258358
291,0.003669,172.31.40.0-255,66,121927,78,258358
292,0.005631,172.217.26.0-255,4320,126247,78,258358
293,0.005636,172.31.40.0-255,66,126313,78,258358
294,0.005662,172.217.26.0-255,1484,127797,78,258358
295,0.007609,172.217.26.0-255,4320,132117,78,258358
296,0.007617,172.31.40.0-255,66,132183,78,258358
297,0.009598,172.217.26.0-255,5738,137921,78,258358
298,0.00961,172.31.40.0-255,66,137987,78,258358
299,0.011581,172.217.26.0-255,5738,143725,78,258358
300,0.01159,172.31.40.0-255,66,143791,78,258358
301,0.013565,172.217.26.0-255,5738,149529,78,258358
302,0.013573,172.31.40.0-255,66,149595,78,258358
303,0.01555,172.217.26.0-255,5738,155333,78,258358
304,0.01556,172.31.40.0-255,66,155399,78,258358
305,0.017536,172.217.26.0-255,5738,161137,78,258358
306,0.017551,172.31.40.0-255,66,161203,78,258358
307,0.019535,172.217.26.0-255,5738,166941,78,258358
308,0.019544,172.31.40.0-255,66,167007,78,258358
309,0.021518,172.217.26.0-255,5738,172745,78,258358
310,0.021525,172.31.40.0-255,66,172811,78,258358
311,0.023501,172.217.26.0-255,5738,178549,78,258358
312,0.023509,172.31.40.0-255,66,178615,78,258358
313,0.025482,172.217.26.0-255,5738,184353,78,258358
314,0.025491,172.31.40.0-255,66,184419,78,258358
315,0.027458,172.217.26.0-255,5738,190157,78,258358
316,0.027464,172.31.40.0-255,66,190223,78,258358
317,0.028468,172.31.40.0-255,172,190395,78,258358
318,0.028498,172.31.40.0-255,1108,191503,78,258358
319,0.028561,172.31.40.0-255,1514,193017,78,258358
320,0.028563,172.31.40.0-255,1299,194316,78,258358
321,0.029436,172.217.26.0-255,5738,200054,78,258358
322,0.029443,172.31.40.0-255,66,200120,78,258358
323,0.02999,104.244.42.0-255,66,200186,78,258358
324,0.030033,104.244.42.0-255,66,200252,78,258358
325,0.030132,104.244.42.0-255,66,200318,78,258358
326,0.031427,172.217.26.0-255,5738,206056,78,258358
327,0.031434,172.31.40.0-255,66,206122,78,258358
328,0.033418,172.217.26.0-255,5738,211860,78,258358
329,0.033425,172.31.40.0-255,66,211926,78,258358
330,0.035412,172.217.26.0-255,5738,217664,78,258358
331,0.035419,172.31.40.0-255,66,217730,78,258358
332,0.037408,172.217.26.0-255,5738,223468,78,258358
333,0.037417,172.31.40.0-255,66,223534,78,258358
334,0.039406,172.217.26.0-255,5738,229272,78,258358
335,0.039417,172.31.40.0-255,66,229338,78,258358
336,0.041401,172.217.26.0-255,5738,235076,78,258358
337,0.04142,172.31.40.0-255,66,235142,78,258358
338,0.043415,172.217.26.0-255,5738,240880,78,258358
339,0.043431,172.31.40.0-255,66,240946,78,258358
340,0.045411,172.217.26.0-255,5738,246684,78,258358
341,0.04543,172.31.40.0-255,66,246750,78,258358
342,0.047427,172.217.26.0-255,5738,252488,78,258358
343,0.047445,172.31.40.0-255,66,252554,78,258358
344,0.049439,172.217.26.0-255,5738,258292,78,258358
345,0.049452,172.31.40.0-255,66,258358,78,258358
346,0.0,74.125.24.0-255,162,162,78,304741
347,2.5e-05,172.31.40.0-255,66,228,78,304741
348,3.2e-05,74.125.24.0-255,1484,1712,78,304741
349,3.6e-05,172.31.40.0-255,66,1778,78,304741
350,4.2e-05,74.125.24.0-255,2902,4680,78,304741
351,4.4e-05,172.31.40.0-255,66,4746,78,304741
352,5.3e-05,74.125.24.0-255,7156,11902,78,304741
353,5.5e-05,172.31.40.0-255,66,11968,78,304741
354,5.9e-05,74.125.24.0-255,2134,14102,78,304741
355,6.3e-05,172.31.40.0-255,66,14168,78,304741
356,0.000121,74.125.24.0-255,7156,21324,78,304741
357,0.000124,172.31.40.0-255,66,21390,78,304741
358,0.000135,172.31.40.0-255,66,21456,78,304741
359,0.000139,74.125.24.0-255,1125,22581,78,304741
360,0.000141,172.31.40.0-255,66,22647,78,304741
361,0.000438,74.125.24.0-255,1484,24131,78,304741
362,0.000445,172.31.40.0-255,66,24197,78,304741
363,0.000455,74.125.24.0-255,2902,27099,78,304741
364,0.000458,172.31.40.0-255,66,27165,78,304741
365,0.000461,74.125.24.0-255,1484,28649,78,304741
366,0.000463,172.31.40.0-255,66,28715,78,304741
367,0.000478,74.125.24.0-255,4320,33035,78,304741
368,0.000481,172.31.40.0-255,66,33101,78,304741
369,0.000488,74.125.24.0-255,5738,38839,78,304741
370,0.00049,172.31.40.0-255,66,38905,78,304741
371,0.000541,74.125.24.0-255,2543,41448,78,304741
372,0.000557,74.125.24.0-255,399,41847,78,304741
373,0.000561,172.31.40.0-255,66,41913,78,304741
374,0.000565,172.31.40.0-255,66,41979,78,304741
375,0.000567,172.31.40.0-255,66,42045,78,304741
376,0.00058,74.125.24.0-255,1484,43529,78,304741
377,0.000586,74.125.24.0-255,2902,46431,78,304741
378,0.000588,172.31.40.0-255,66,46497,78,304741
379,0.000618,74.125.24.0-255,5738,52235,78,304741
380,0.000621,172.31.40.0-255,66,52301,78,304741
381,0.00064,74.125.24.0-255,4320,56621,78,304741
382,0.000642,172.31.40.0-255,66,56687,78,304741
383,0.000662,74.125.24.0-255,2543,59230,78,304741
384,0.000665,172.31.40.0-255,66,59296,78,304741
385,0.000672,74.125.24.0-255,7156,66452,78,304741
386,0.000675,172.31.40.0-255,66,66518,78,304741
387,0.000706,74.125.24.0-255,7156,73674,78,304741
388,0.000709,172.31.40.0-255,66,73740,78,304741
389,0.000726,74.125.24.0-255,2822,76562,78,304741
390,0.000728,172.31.40.0-255,66,76628,78,304741
391,0.001254,74.125.24.0-255,1484,78112,78,304741
392,0.00126,74.125.24.0-255,2902,81014,78,304741
393,0.001263,172.31.40.0-255,66,81080,78,304741
394,0.00127,74.125.24.0-255,5738,86818,78,304741
395,0.001272,172.31.40.0-255,66,86884,78,304741
396,0.00132,172.31.40.0-255,66,86950,78,304741
397,0.00133,172.31.40.0-255,66,87016,78,304741
398,0.001352,74.125.24.0-255,2184,89200,78,304741
399,0.001354,172.31.40.0-255,66,89266,78,304741
400,0.001446,74.125.24.0-255,1484,90750,78,304741
401,0.001452,74.125.24.0-255,2902,93652,78,304741
402,0.001455,172.31.40.0-255,66,93718,78,304741
403,0.001478,74.125.24.0-255,5738,99456,78,304741
404,0.001481,172.31.40.0-255,66,99522,78,304741
405,0.001499,74.125.24.0-255,2902,102424,78,304741
406,0.001502,172.31.40.0-255,66,102490,78,304741
407,0.001532,172.31.40.0-255,66,102556,78,304741
408,0.001563,74.125.24.0-255,5738,108294,78,304741
409,0.001565,172.31.40.0-255,66,108360,78,304741
410,0.001585,74.125.24.0-255,5020,113380,78,304741
411,0.001587,172.31.40.0-255,66,113446,78,304741
412,0.00172,74.125.24.0-255,1484,114930,78,304741
413,0.001726,74.125.24.0-255,2902,117832,78,304741
414,0.001729,172.31.40.0-255,66,117898,78,304741
415,0.001733,74.125.24.0-255,1484,119382,78,304741
416,0.001753,74.125.24.0-255,4320,123702,78,304741
417,0.001756,172.31.40.0-255,66,123768,78,304741
418,0.001763,74.125.24.0-255,5738,129506,78,304741
419,0.001765,172.31.40.0-255,66,129572,78,304741
420,0.001769,74.125.24.0-255,1484,131056,78,304741
421,0.001804,172.31.40.0-255,66,131122,78,304741
422,0.00181,74.125.24.0-255,5020,136142,78,304741
423,0.001812,172.31.40.0-255,66,136208,78,304741
424,0.002003,74.125.24.0-255,1484,137692,78,304741
425,0.002018,74.125.24.0-255,2902,140594,78,304741
426,0.00202,74.125.24.0-255,1484,142078,78,304741
427,0.002025,172.31.40.0-255,66,142144,78,304741
428,0.002045,74.125.24.0-255,4320,146464,78,304741
429,0.002047,172.31.40.0-255,66,146530,78,304741
430,0.002058,172.31.40.0-255,66,146596,78,304741
431,0.002077,74.125.24.0-255,4320,150916,78,304741
432,0.00208,172.31.40.0-255,66,150982,78,304741
433,0.002087,74.125.24.0-255,7156,158138,78,304741
434,0.00209,172.31.40.0-255,66,158204,78,304741
435,0.00211,74.125.24.0-255,3602,161806,78,304741
436,0.002113,172.31.40.0-255,66,161872,78,304741
437,0.002151,74.125.24.0-255,4320,166192,78,304741
438,0.002155,172.31.40.0-255,66,166258,78,304741
439,0.00218,74.125.24.0-255,4320,170578,78,304741
440,0.002184,74.125.24.0-255,2902,173480,78,304741
441,0.002188,172.31.40.0-255,66,173546,78,304741
442,0.002191,172.31.40.0-255,66,173612,78,304741
443,0.002217,74.125.24.0-255,7156,180768,78,304741
444,0.002221,172.31.40.0-255,66,180834,78,304741
445,0.002234,172.31.40.0-255,66,180900,78,304741
446,0.002251,74.125.24.0-255,3602,184502,78,304741
447,0.002254,172.31.40.0-255,66,184568,78,304741
448,0.004523,74.125.24.0-255,5738,190306,78,304741
449,0.004535,172.31.40.0-255,66,190372,78,304741
450,0.006841,74.125.24.0-255,5738,196110,78,304741
451,0.006857,172.31.40.0-255,66,196176,78,304741
452,0.009137,74.125.24.0-255,5738,201914,78,304741
453,0.009153,172.31.40.0-255,66,201980,78,304741
454,0.011423,74.125.24.0-255,5738,207718,78,304741
455,0.011426,172.31.40.0-255,66,207784,78,304741
456,0.013699,74.125.24.0-255,5738,213522,78,304741
457,0.013705,172.31.40.0-255,66,213588,78,304741
458,0.016003,74.125.24.0-255,5738,219326,78,304741
459,0.01604,172.31.40.0-255,66,219392,78,304741
460,0.018335,74.125.24.0-255,5738,225130,78,304741
461,0.018342,172.31.40.0-255,66,225196,78,304741
462,0.020612,74.125.24.0-255,5738,230934,78,304741
463,0.020621,172.31.40.0-255,66,231000,78,304741
464,0.022894,74.125.24.0-255,5738,236738,78,304741
465,0.022902,172.31.40.0-255,66,236804,78,304741
466,0.025159,74.125.24.0-255,5738,242542,78,304741
467,0.025168,172.31.40.0-255,66,242608,78,304741
468,0.027457,74.125.24.0-255,5738,248346,78,304741
469,0.027471,172.31.40.0-255,66,248412,78,304741
470,0.029748,74.125.24.0-255,5738,254150,78,304741
471,0.029755,172.31.40.0-255,66,254216,78,304741
472,0.032054,74.125.24.0-255,5738,259954,78,304741
473,0.032069,172.31.40.0-255,66,260020,78,304741
474,0.034364,74.125.24.0-255,5738,265758,78,304741
475,0.034373,172.31.40.0-255,66,265824,78,304741
476,0.036659,74.125.24.0-255,5738,271562,78,304741
477,0.036667,172.31.40.0-255,66,271628,78,304741
478,0.038956,74.125.24.0-255,5738,277366,78,304741
479,0.038964,172.31.40.0-255,66,277432,78,304741
480,0.041234,74.125.24.0-255,5738,283170,78,304741
481,0.041259,172.31.40.0-255,66,283236,78,304741
482,0.043539,74.125.24.0-255,5738,288974,78,304741
483,0.043547,172.31.40.0-255,66,289040,78,304741
484,0.045839,74.125.24.0-255,5738,294778,78,304741
485,0.045854,172.31.40.0-255,66,294844,78,304741
486,0.048135,74.125.24.0-255,5738,300582,78,304741
487,0.048142,172.31.40.0-255,66,300648,78,304741
488,0.048926,172.31.40.0-255,172,300820,78,304741
489,0.048957,172.31.40.0-255,1109,301929,78,304741
490,0.049016,172.31.40.0-255,1514,303443,78,304741
491,0.049018,172.31.40.0-255,1298,304741,78,304741
492,0.0,172.217.194.0-255,146,146,78,195597
493,2.3e-05,172.31.40.0-255,66,212,78,195597
494,3e-05,172.217.194.0-255,1484,1696,78,195597
495,3.4e-05,172.31.40.0-255,66,1762,78,195597
496,4.1e-05,172.217.194.0-255,2902,4664,78,195597
497,4.5e-05,172.31.40.0-255,66,4730,78,195597
498,5.9e-05,172.217.194.0-255,7156,11886,78,195597
499,6.3e-05,172.31.40.0-255,66,11952,78,195597
500,9.4e-05,172.217.194.0-255,1984,13936,78,195597
501,9.8e-05,172.31.40.0-255,66,14002,78,195597
502,0.000103,172.217.194.0-255,2902,16904,78,195597
503,0.000105,172.31.40.0-255,66,16970,78,195597
504,0.00014,172.217.194.0-255,7156,24126,78,195597
505,0.000144,172.31.40.0-255,66,24192,78,195597
506,0.000148,172.217.194.0-255,2902,27094,78,195597
507,0.000151,172.31.40.0-255,66,27160,78,195597
508,0.000187,172.217.194.0-255,3961,31121,78,195597
509,0.000192,172.31.40.0-255,66,31187,78,195597
510,0.000207,172.31.40.0-255,66,31253,78,195597
511,0.00021,172.217.194.0-255,1125,32378,78,195597
512,0.000212,172.31.40.0-255,66,32444,78,195597
513,0.001799,172.217.194.0-255,1484,33928,78,195597
514,0.001807,172.31.40.0-255,66,33994,78,195597
515,0.001815,172.217.194.0-255,2902,36896,78,195597
516,0.001817,172.31.40.0-255,66,36962,78,195597
517,0.00183,172.217.194.0-255,5738,42700,78,195597
518,0.001832,172.31.40.0-255,66,42766,78,195597
519,0.001867,172.217.194.0-255,5738,48504,78,195597
520,0.001869,172.31.40.0-255,66,48570,78,195597
521,0.001896,172.217.194.0-255,1704,50274,78,195597
522,0.001899,172.31.40.0-255,66,50340,78,195597
523,0.001909,172.31.40.0-255,66,50406,78,195597
524,0.001953,172.217.194.0-255,5738,56144,78,195597
525,0.001956,172.31.40.0-255,66,56210,78,195597
526,0.001964,172.217.194.0-255,7156,63366,78,195597
527,0.001966,172.31.40.0-255,66,63432,78,195597
528,0.001973,172.217.194.0-255,7156,70588,78,195597
529,0.001975,172.31.40.0-255,66,70654,78,195597
530,0.002006,172.217.194.0-255,5020,75674,78,195597
531,0.002009,172.31.40.0-255,66,75740,78,195597
532,0.00436,172.217.194.0-255,4320,80060,78,195597
533,0.004363,172.31.40.0-255,66,80126,78,195597
534,0.004385,172.217.194.0-255,1484,81610,78,195597
535,0.004388,172.31.40.0-255,66,81676,78,195597
536,0.006715,172.217.194.0-255,4320,85996,78,195597
537,0.006721,172.31.40.0-255,66,86062,78,195597
538,0.006751,172.217.194.0-255,1484,87546,78,195597
539,0.006753,172.31.40.0-255,66,87612,78,195597
540,0.009097,172.217.194.0-255,2902,90514,78,195597
541,0.009103,172.31.40.0-255,66,90580,78,195597
542,0.009134,172.217.194.0-255,2902,93482,78,195597
543,0.009136,172.31.40.0-255,66,93548,78,195597
544,0.011467,172.217.194.0-255,2902,96450,78,195597
545,0.011476,172.31.40.0-255,66,96516,78,195597
546,0.011514,172.217.194.0-255,2902,99418,78,195597
547,0.011517,172.31.40.0-255,66,99484,78,195597
548,0.013825,172.217.194.0-255,2902,102386,78,195597
549,0.013835,172.31.40.0-255,66,102452,78,195597
550,0.013858,172.217.194.0-255,2902,105354,78,195597
551,0.01386,172.31.40.0-255,66,105420,78,195597
552,0.016217,172.217.194.0-255,5738,111158,78,195597
553,0.016226,172.31.40.0-255,66,111224,78,195597
554,0.01862,172.217.194.0-255,5738,116962,78,195597
555,0.018629,172.31.40.0-255,66,117028,78,195597
556,0.021031,172.217.194.0-255,5738,122766,78,195597
557,0.021038,172.31.40.0-255,66,122832,78,195597
558,0.023398,172.217.194.0-255,5738,128570,78,195597
559,0.023406,172.31.40.0-255,66,128636,78,195597
560,0.025217,172.31.40.0-255,176,128812,78,195597
561,0.025252,172.31.40.0-255,1108,129920,78,195597
562,0.025317,172.31.40.0-255,1514,131434,78,195597
563,0.025319,172.31.40.0-255,1299,132733,78,195597
564,0.025769,172.217.194.0-255,4320,137053,78,195597
565,0.025793,172.31.40.0-255,66,137119,78,195597
566,0.025821,172.217.194.0-255,1484,138603,78,195597
567,0.026802,104.244.42.0-255,66,138669,78,195597
568,0.026834,104.244.42.0-255,66,138735,78,195597
569,0.026879,104.244.42.0-255,66,138801,78,195597
570,0.028147,172.217.194.0-255,4320,143121,78,195597
571,0.028152,172.31.40.0-255,66,143187,78,195597
572,0.029636,104.244.42.0-255,108,143295,78,195597
573,0.029645,172.31.40.0-255,66,143361,78,195597
574,0.030533,172.217.194.0-255,5738,149099,78,195597
575,0.030538,172.31.40.0-255,66,149165,78,195597
576,0.032903,172.217.194.0-255,5738,154903,78,195597
577,0.032908,172.31.40.0-255,66,154969,78,195597
578,0.035297,172.217.194.0-255,5738,160707,78,195597
579,0.035304,172.31.40.0-255,66,160773,78,195597
580,0.037678,172.217.194.0-255,5738,166511,78,195597
581,0.037685,172.31.40.0-255,66,166577,78,195597
582,0.04006,172.217.194.0-255,5738,172315,78,195597
583,0.040066,172.31.40.0-255,66,172381,78,195597
584,0.04249,172.217.194.0-255,5738,178119,78,195597
585,0.042496,172.31.40.0-255,66,178185,78,195597
586,0.044868,172.217.194.0-255,5738,183923,78,195597
587,0.044874,172.31.40.0-255,66,183989,78,195597
588,0.047232,172.217.194.0-255,5738,189727,78,195597
589,0.047238,172.31.40.0-255,66,189793,78,195597
590,0.049677,172.217.194.0-255,5738,195531,78,195597
591,0.049684,172.31.40.0-255,66,195597,78,195597
592,0.0,172.217.194.0-255,152,152,78,228962
593,2.3e-05,172.31.40.0-255,66,218,78,228962
594,3e-05,172.217.194.0-255,1484,1702,78,228962
595,3.4e-05,172.31.40.0-255,66,1768,78,228962
596,4e-05,172.217.194.0-255,2902,4670,78,228962
597,4.3e-05,172.31.40.0-255,66,4736,78,228962
598,5.4e-05,172.217.194.0-255,2902,7638,78,228962
599,5.8e-05,172.31.40.0-255,66,7704,78,228962
600,6.3e-05,172.217.194.0-255,2902,10606,78,228962
601,6.6e-05,172.31.40.0-255,66,10672,78,228962
602,0.000107,172.217.194.0-255,4828,15500,78,228962
603,0.000111,172.31.40.0-255,66,15566,78,228962
604,0.000127,172.31.40.0-255,66,15632,78,228962
605,0.000155,172.217.194.0-255,1484,17116,78,228962
606,0.000158,172.31.40.0-255,66,17182,78,228962
607,0.000185,172.217.194.0-255,3961,21143,78,228962
608,0.000188,172.31.40.0-255,66,21209,78,228962
609,0.000216,172.217.194.0-255,5738,26947,78,228962
610,0.000219,172.31.40.0-255,66,27013,78,228962
611,0.000226,172.217.194.0-255,7156,34169,78,228962
612,0.000229,172.31.40.0-255,66,34235,78,228962
613,0.000244,172.217.194.0-255,1484,35719,78,228962
614,0.000246,172.31.40.0-255,66,35785,78,228962
615,0.000266,172.217.194.0-255,2543,38328,78,228962
616,0.000268,172.31.40.0-255,66,38394,78,228962
617,0.000984,172.217.194.0-255,1484,39878,78,228962
618,0.001005,172.31.40.0-255,66,39944,78,228962
619,0.001014,172.217.194.0-255,2902,42846,78,228962
620,0.001017,172.31.40.0-255,66,42912,78,228962
621,0.001028,172.217.194.0-255,5738,48650,78,228962
622,0.001031,172.31.40.0-255,66,48716,78,228962
623,0.001039,172.217.194.0-255,6797,55513,78,228962
624,0.001041,172.31.40.0-255,66,55579,78,228962
625,0.001083,172.217.194.0-255,646,56225,78,228962
626,0.001092,172.217.194.0-255,1484,57709,78,228962
627,0.001094,172.31.40.0-255,66,57775,78,228962
628,0.0011,172.217.194.0-255,4320,62095,78,228962
629,0.001103,172.31.40.0-255,66,62161,78,228962
630,0.00111,172.217.194.0-255,7156,69317,78,228962
631,0.001112,172.31.40.0-255,66,69383,78,228962
632,0.00114,172.217.194.0-255,2902,72285,78,228962
633,0.001146,172.31.40.0-255,66,72351,78,228962
634,0.001153,172.217.194.0-255,5379,77730,78,228962
635,0.001155,172.31.40.0-255,66,77796,78,228962
636,0.00121,172.31.40.0-255,66,77862,78,228962
637,0.001642,172.217.194.0-255,1484,79346,78,228962
638,0.001663,172.217.194.0-255,2902,82248,78,228962
639,0.001669,172.31.40.0-255,66,82314,78,228962
640,0.001673,172.217.194.0-255,1484,83798,78,228962
641,0.001695,172.217.194.0-255,4320,88118,78,228962
642,0.001697,172.31.40.0-255,66,88184,78,228962
643,0.001702,172.217.194.0-255,4320,92504,78,228962
644,0.001705,172.31.40.0-255,66,92570,78,228962
645,0.00173,172.217.194.0-255,5738,98308,78,228962
646,0.001738,172.31.40.0-255,66,98374,78,228962
647,0.001745,172.217.194.0-255,7156,105530,78,228962
648,0.001747,172.31.40.0-255,66,105596,78,228962
649,0.001771,172.217.194.0-255,6438,112034,78,228962
650,0.001777,172.31.40.0-255,66,112100,78,228962
651,0.00178,172.217.194.0-255,1484,113584,78,228962
652,0.001804,172.217.194.0-255,2902,116486,78,228962
653,0.001806,172.31.40.0-255,66,116552,78,228962
654,0.001812,172.217.194.0-255,5738,122290,78,228962
655,0.001814,172.31.40.0-255,66,122356,78,228962
656,0.001837,172.217.194.0-255,5738,128094,78,228962
657,0.001844,172.31.40.0-255,66,128160,78,228962
658,0.001863,172.217.194.0-255,2902,131062,78,228962
659,0.001865,172.31.40.0-255,66,131128,78,228962
660,0.001911,172.31.40.0-255,66,131194,78,228962
661,0.002004,172.217.194.0-255,1484,132678,78,228962
662,0.00201,172.217.194.0-255,2902,135580,78,228962
663,0.002013,172.31.40.0-255,66,135646,78,228962
664,0.002045,172.217.194.0-255,5738,141384,78,228962
665,0.002048,172.31.40.0-255,66,141450,78,228962
666,0.002052,172.217.194.0-255,2902,144352,78,228962
667,0.002055,172.31.40.0-255,66,144418,78,228962
668,0.002085,172.31.40.0-255,66,144484,78,228962
669,0.002101,172.31.40.0-255,66,144550,78,228962
670,0.00216,172.217.194.0-255,1484,146034,78,228962
671,0.00219,172.217.194.0-255,2902,148936,78,228962
672,0.002193,172.31.40.0-255,66,149002,78,228962
673,0.002199,172.217.194.0-255,4320,153322,78,228962
674,0.002202,172.31.40.0-255,66,153388,78,228962
675,0.002229,172.217.194.0-255,1484,154872,78,228962
676,0.002243,172.31.40.0-255,66,154938,78,228962
677,0.002248,172.217.194.0-255,2902,157840,78,228962
678,0.00225,172.31.40.0-255,66,157906,78,228962
679,0.002291,172.31.40.0-255,66,157972,78,228962
680,0.002317,172.217.194.0-255,1484,159456,78,228962
681,0.00232,172.217.194.0-255,1484,160940,78,228962
682,0.002323,172.31.40.0-255,66,161006,78,228962
683,0.002347,172.217.194.0-255,1484,162490,78,228962
684,0.002353,172.217.194.0-255,5738,168228,78,228962
685,0.002355,172.31.40.0-255,66,168294,78,228962
686,0.002401,172.31.40.0-255,66,168360,78,228962
687,0.002456,172.217.194.0-255,7156,175516,78,228962
688,0.002458,172.31.40.0-255,66,175582,78,228962
689,0.002474,172.217.194.0-255,3602,179184,78,228962
690,0.002477,172.31.40.0-255,66,179250,78,228962
691,0.002794,172.217.194.0-255,1484,180734,78,228962
692,0.002813,172.217.194.0-255,2902,183636,78,228962
693,0.002818,172.31.40.0-255,66,183702,78,228962
694,0.002825,172.217.194.0-255,5738,189440,78,228962
695,0.002828,172.31.40.0-255,66,189506,78,228962
696,0.002858,172.217.194.0-255,2902,192408,78,228962
697,0.002861,172.31.40.0-255,66,192474,78,228962
698,0.002887,172.217.194.0-255,4320,196794,78,228962
699,0.00289,172.31.40.0-255,66,196860,78,228962
700,0.002901,172.31.40.0-255,66,196926,78,228962
701,0.002913,172.31.40.0-255,66,196992,78,228962
702,0.002959,172.217.194.0-255,1484,198476,78,228962
703,0.002964,172.217.194.0-255,2902,201378,78,228962
704,0.002966,172.31.40.0-255,66,201444,78,228962
705,0.002992,172.217.194.0-255,5738,207182,78,228962
706,0.002994,172.31.40.0-255,66,207248,78,228962
707,0.002997,172.217.194.0-255,1484,208732,78,228962
708,0.003033,172.31.40.0-255,66,208798,78,228962
709,0.003038,172.217.194.0-255,2902,211700,78,228962
710,0.00304,172.31.40.0-255,66,211766,78,228962
711,0.003046,172.217.194.0-255,7156,218922,78,228962
712,0.003049,172.31.40.0-255,66,218988,78,228962
713,0.003094,172.31.40.0-255,66,219054,78,228962
714,0.003107,172.31.40.0-255,66,219120,78,228962
715,0.003152,172.31.40.0-255,66,219186,78,228962
716,0.003169,172.31.40.0-255,66,219252,78,228962
717,0.003194,172.217.194.0-255,2902,222154,78,228962
718,0.003196,172.31.40.0-255,66,222220,78,228962
719,0.003205,172.217.194.0-255,1977,224197,78,228962
720,0.003207,172.31.40.0-255,66,224263,78,228962
721,0.00321,172.217.194.0-255,105,224368,78,228962
722,0.008244,172.31.40.0-255,66,224434,78,228962
723,0.008285,172.31.40.0-255,105,224539,78,228962
724,0.010892,172.217.194.0-255,66,224605,78,228962
725,0.028987,172.31.40.0-255,172,224777,78,228962
726,0.029044,172.31.40.0-255,1108,225885,78,228962
727,0.029102,172.31.40.0-255,1514,227399,78,228962
728,0.029122,172.31.40.0-255,1299,228698,78,228962
729,0.030556,104.244.42.0-255,66,228764,78,228962
730,0.030609,104.244.42.0-255,66,228830,78,228962
731,0.030663,104.244.42.0-255,66,228896,78,228962
732,0.030676,104.244.42.0-255,66,228962,78,228962
733,0.0,172.217.194.0-255,150,150,78,215547
734,2.9e-05,172.31.40.0-255,66,216,78,215547
735,3.5e-05,172.217.194.0-255,1484,1700,78,215547
736,3.9e-05,172.31.40.0-255,66,1766,78,215547
737,4.4e-05,172.217.194.0-255,2902,4668,78,215547
738,4.7e-05,172.31.40.0-255,66,4734,78,215547
739,5.1e-05,172.217.194.0-255,2902,7636,78,215547
740,5.3e-05,172.31.40.0-255,66,7702,78,215547
741,9e-05,172.217.194.0-255,6317,14019,78,215547
742,9.4e-05,172.31.40.0-255,66,14085,78,215547
743,0.0001,172.217.194.0-255,7156,21241,78,215547
744,0.000102,172.31.40.0-255,66,21307,78,215547
745,0.000152,172.31.40.0-255,66,21373,78,215547
746,0.00018,172.217.194.0-255,1484,22857,78,215547
747,0.000183,172.31.40.0-255,66,22923,78,215547
748,0.000187,172.217.194.0-255,2902,25825,78,215547
749,0.000189,172.31.40.0-255,66,25891,78,215547
750,0.000203,172.217.194.0-255,5738,31629,78,215547
751,0.000206,172.31.40.0-255,66,31695,78,215547
752,0.000242,172.31.40.0-255,66,31761,78,215547
753,0.000252,172.31.40.0-255,66,31827,78,215547
754,0.000279,172.217.194.0-255,4260,36087,78,215547
755,0.000281,172.31.40.0-255,66,36153,78,215547
756,0.00042,172.217.194.0-255,379,36532,78,215547
757,0.000425,172.31.40.0-255,66,36598,78,215547
758,0.000689,172.217.194.0-255,1484,38082,78,215547
759,0.000693,172.31.40.0-255,66,38148,78,215547
760,0.000698,172.217.194.0-255,2902,41050,78,215547
761,0.0007,172.31.40.0-255,66,41116,78,215547
762,0.000707,172.217.194.0-255,5738,46854,78,215547
763,0.000722,172.31.40.0-255,66,46920,78,215547
764,0.000733,172.217.194.0-255,7156,54076,78,215547
765,0.000737,172.31.40.0-255,66,54142,78,215547
766,0.000746,172.217.194.0-255,4320,58462,78,215547
767,0.000771,172.217.194.0-255,3602,62064,78,215547
768,0.000777,172.31.40.0-255,66,62130,78,215547
769,0.000922,172.217.194.0-255,1484,63614,78,215547
770,0.000927,172.217.194.0-255,2902,66516,78,215547
771,0.000929,172.31.40.0-255,66,66582,78,215547
772,0.000933,172.217.194.0-255,1484,68066,78,215547
773,0.000953,172.217.194.0-255,4320,72386,78,215547
774,0.000957,172.31.40.0-255,66,72452,78,215547
775,0.000965,172.217.194.0-255,2902,75354,78,215547
776,0.000979,172.217.194.0-255,7156,82510,78,215547
777,0.00099,172.31.40.0-255,66,82576,78,215547
778,0.000994,172.217.194.0-255,2902,85478,78,215547
779,0.001,172.217.194.0-255,7156,92634,78,215547
780,0.001005,172.31.40.0-255,66,92700,78,215547
781,0.001013,172.217.194.0-255,3602,96302,78,215547
782,0.001031,172.31.40.0-255,66,96368,78,215547
783,0.001252,172.217.194.0-255,1484,97852,78,215547
784,0.001275,172.217.194.0-255,2902,100754,78,215547
785,0.001278,172.31.40.0-255,66,100820,78,215547
786,0.001284,172.217.194.0-255,5738,106558,78,215547
787,0.00129,172.217.194.0-255,5738,112296,78,215547
788,0.001294,172.31.40.0-255,66,112362,78,215547
789,0.001301,172.217.194.0-255,1484,113846,78,215547
790,0.001318,172.217.194.0-255,7156,121002,78,215547
791,0.001328,172.31.40.0-255,66,121068,78,215547
792,0.001339,172.217.194.0-255,4320,125388,78,215547
793,0.001345,172.217.194.0-255,5020,130408,78,215547
794,0.001351,172.31.40.0-255,66,130474,78,215547
795,0.001441,172.217.194.0-255,1484,131958,78,215547
796,0.001446,172.217.194.0-255,2902,134860,78,215547
797,0.001452,172.31.40.0-255,66,134926,78,215547
798,0.001474,172.217.194.0-255,5738,140664,78,215547
799,0.001481,172.217.194.0-255,4320,144984,78,215547
800,0.001488,172.31.40.0-255,66,145050,78,215547
801,0.001531,172.217.194.0-255,766,145816,78,215547
802,0.001537,172.31.40.0-255,66,145882,78,215547
803,0.001556,172.217.194.0-255,1484,147366,78,215547
804,0.001619,172.217.194.0-255,4320,151686,78,215547
805,0.001636,172.217.194.0-255,7156,158842,78,215547
806,0.001644,172.31.40.0-255,66,158908,78,215547
807,0.001656,172.217.194.0-255,4320,163228,78,215547
808,0.001674,172.217.194.0-255,6438,169666,78,215547
809,0.001688,172.31.40.0-255,66,169732,78,215547
810,0.001744,172.217.194.0-255,1484,171216,78,215547
811,0.00176,172.217.194.0-255,2902,174118,78,215547
812,0.001765,172.217.194.0-255,2902,177020,78,215547
813,0.001779,172.217.194.0-255,2902,179922,78,215547
814,0.001805,172.31.40.0-255,66,179988,78,215547
815,0.001825,172.31.40.0-255,66,180054,78,215547
816,0.001857,172.217.194.0-255,1484,181538,78,215547
817,0.00186,172.217.194.0-255,1484,183022,78,215547
818,0.001876,172.217.194.0-255,1484,184506,78,215547
819,0.001882,172.217.194.0-255,5738,190244,78,215547
820,0.001885,172.31.40.0-255,66,190310,78,215547
821,0.00189,172.31.40.0-255,66,190376,78,215547
822,0.001902,172.217.194.0-255,5738,196114,78,215547
823,0.001918,172.31.40.0-255,66,196180,78,215547
824,0.001934,172.217.194.0-255,7156,203336,78,215547
825,0.001966,172.31.40.0-255,66,203402,78,215547
826,0.001973,172.217.194.0-255,5738,209140,78,215547
827,0.001997,172.31.40.0-255,66,209206,78,215547
828,0.002039,172.31.40.0-255,66,209272,78,215547
829,0.002044,172.31.40.0-255,66,209338,78,215547
830,0.002135,172.217.194.0-255,1334,210672,78,215547
831,0.002176,172.31.40.0-255,66,210738,78,215547
832,0.002187,172.217.194.0-255,105,210843,78,215547
833,0.004193,172.31.40.0-255,66,210909,78,215547
834,0.004224,172.31.40.0-255,105,211014,78,215547
835,0.006764,172.217.194.0-255,66,211080,78,215547
836,0.037278,172.31.40.0-255,172,211252,78,215547
837,0.037308,172.31.40.0-255,1108,212360,78,215547
838,0.037359,172.31.40.0-255,1514,213874,78,215547
839,0.037361,172.31.40.0-255,1301,215175,78,215547
840,0.038844,104.244.42.0-255,66,215241,78,215547
841,0.038982,104.244.42.0-255,66,215307,78,215547
842,0.038986,104.244.42.0-255,66,215373,78,215547
843,0.039526,104.244.42.0-255,108,215481,78,215547
844,0.039541,172.31.40.0-255,66,215547,78,215547
845,0.0,172.217.194.0-255,291,291,78,151209
846,2.5e-05,172.31.40.0-255,66,357,78,151209
847,3.2e-05,172.217.194.0-255,1484,1841,78,151209
848,3.6e-05,172.31.40.0-255,66,1907,78,151209
849,3.9e-05,172.217.194.0-255,1484,3391,78,151209
850,4.3e-05,172.31.40.0-255,66,3457,78,151209
851,5.8e-05,172.217.194.0-255,4320,7777,78,151209
852,6.1e-05,172.31.40.0-255,66,7843,78,151209
853,0.000108,172.217.194.0-255,2902,10745,78,151209
854,0.000111,172.31.40.0-255,66,10811,78,151209
855,0.000134,172.217.194.0-255,3170,13981,78,151209
856,0.000138,172.31.40.0-255,66,14047,78,151209
857,0.000145,172.217.194.0-255,7156,21203,78,151209
858,0.000147,172.31.40.0-255,66,21269,78,151209
859,0.000163,172.31.40.0-255,66,21335,78,151209
860,0.000167,172.217.194.0-255,1484,22819,78,151209
861,0.000169,172.31.40.0-255,66,22885,78,151209
862,0.000223,172.31.40.0-255,66,22951,78,151209
863,0.000225,172.217.194.0-255,766,23717,78,151209
864,0.000227,172.31.40.0-255,66,23783,78,151209
865,0.003289,172.217.194.0-255,1484,25267,78,151209
866,0.003296,172.31.40.0-255,66,25333,78,151209
867,0.003302,172.217.194.0-255,1484,26817,78,151209
868,0.003304,172.31.40.0-255,66,26883,78,151209
869,0.003327,172.217.194.0-255,1484,28367,78,151209
870,0.003329,172.31.40.0-255,66,28433,78,151209
871,0.003349,172.217.194.0-255,1484,29917,78,151209
872,0.003351,172.31.40.0-255,66,29983,78,151209
873,0.005369,172.217.194.0-255,1484,31467,78,151209
874,0.005372,172.31.40.0-255,66,31533,78,151209
875,0.005409,172.217.194.0-255,1484,33017,78,151209
876,0.005424,172.217.194.0-255,2902,35919,78,151209
877,0.005427,172.31.40.0-255,66,35985,78,151209
878,0.007447,172.217.194.0-255,1484,37469,78,151209
879,0.007475,172.217.194.0-255,4320,41789,78,151209
880,0.007479,172.31.40.0-255,66,41855,78,151209
881,0.009525,172.217.194.0-255,298,42153,78,151209
882,0.009564,172.31.40.0-255,66,42219,78,151209
883,0.011788,172.217.194.0-255,1484,43703,78,151209
884,0.011814,172.217.194.0-255,2902,46605,78,151209
885,0.011819,172.31.40.0-255,66,46671,78,151209
886,0.011825,172.217.194.0-255,1484,48155,78,151209
887,0.013881,172.217.194.0-255,4320,52475,78,151209
888,0.013888,172.31.40.0-255,66,52541,78,151209
889,0.015966,172.217.194.0-255,5738,58279,78,151209
890,0.015974,172.31.40.0-255,66,58345,78,151209
891,0.018038,172.217.194.0-255,5738,64083,78,151209
892,0.018044,172.31.40.0-255,66,64149,78,151209
893,0.020107,172.217.194.0-255,5738,69887,78,151209
894,0.020113,172.31.40.0-255,66,69953,78,151209
895,0.022165,172.217.194.0-255,5738,75691,78,151209
896,0.022172,172.31.40.0-255,66,75757,78,151209
897,0.024252,172.217.194.0-255,5738,81495,78,151209
898,0.02426,172.31.40.0-255,66,81561,78,151209
899,0.026337,172.217.194.0-255,5738,87299,78,151209
900,0.026344,172.31.40.0-255,66,87365,78,151209
901,0.028416,172.217.194.0-255,5738,93103,78,151209
902,0.028422,172.31.40.0-255,66,93169,78,151209
903,0.030499,172.217.194.0-255,5738,98907,78,151209
904,0.030505,172.31.40.0-255,66,98973,78,151209
905,0.032619,172.217.194.0-255,5738,104711,78,151209
906,0.032636,172.31.40.0-255,66,104777,78,151209
907,0.034733,172.217.194.0-255,5738,110515,78,151209
908,0.034746,172.31.40.0-255,66,110581,78,151209
909,0.03683,172.217.194.0-255,5738,116319,78,151209
910,0.036843,172.31.40.0-255,66,116385,78,151209
911,0.038926,172.217.194.0-255,5738,122123,78,151209
912,0.038962,172.31.40.0-255,66,122189,78,151209
913,0.041057,172.217.194.0-255,5738,127927,78,151209
914,0.041064,172.31.40.0-255,66,127993,78,151209
915,0.04314,172.217.194.0-255,5738,133731,78,151209
916,0.043147,172.31.40.0-255,66,133797,78,151209
917,0.045216,172.217.194.0-255,5738,139535,78,151209
918,0.045222,172.31.40.0-255,66,139601,78,151209
919,0.0473,172.217.194.0-255,5738,145339,78,151209
920,0.047317,172.31.40.0-255,66,145405,78,151209
921,0.049379,172.217.194.0-255,5738,151143,78,151209
922,0.049386,172.31.40.0-255,66,151209,78,151209
923,0.0,74.125.130.0-255,143,143,78,282346
924,1.5e-05,172.31.40.0-255,66,209,78,282346
925,2.1e-05,74.125.130.0-255,1484,1693,78,282346
926,2.5e-05,172.31.40.0-255,66,1759,78,282346
927,3e-05,74.125.130.0-255,2902,4661,78,282346
928,3.2e-05,172.31.40.0-255,66,4727,78,282346
929,4.3e-05,74.125.130.0-255,4320,9047,78,282346
930,4.6e-05,172.31.40.0-255,66,9113,78,282346
931,7.6e-05,74.125.130.0-255,4877,13990,78,282346
932,7.9e-05,172.31.40.0-255,66,14056,78,282346
933,0.00011,172.31.40.0-255,66,14122,78,282346
934,0.00014,74.125.130.0-255,4320,18442,78,282346
935,0.000146,172.31.40.0-255,66,18508,78,282346
936,0.000167,74.125.130.0-255,3961,22469,78,282346
937,0.00017,172.31.40.0-255,66,22535,78,282346
938,0.000253,74.125.130.0-255,1484,24019,78,282346
939,0.000256,172.31.40.0-255,66,24085,78,282346
940,0.00026,74.125.130.0-255,1484,25569,78,282346
941,0.000262,172.31.40.0-255,66,25635,78,282346
942,0.000283,74.125.130.0-255,1484,27119,78,282346
943,0.000285,172.31.40.0-255,66,27185,78,282346
944,0.000295,74.125.130.0-255,5738,32923,78,282346
945,0.000297,172.31.40.0-255,66,32989,78,282346
946,0.000301,74.125.130.0-255,2902,35891,78,282346
947,0.000303,172.31.40.0-255,66,35957,78,282346
948,0.000353,172.31.40.0-255,66,36023,78,282346
949,0.000358,74.125.130.0-255,4320,40343,78,282346
950,0.000359,172.31.40.0-255,66,40409,78,282346
951,0.0004,74.125.130.0-255,1484,41893,78,282346
952,0.000403,172.31.40.0-255,66,41959,78,282346
953,0.000427,74.125.130.0-255,4214,46173,78,282346
954,0.00043,74.125.130.0-255,121,46294,78,282346
955,0.000524,74.125.130.0-255,1484,47778,78,282346
956,0.000529,74.125.130.0-255,2902,50680,78,282346
957,0.000545,74.125.130.0-255,4320,55000,78,282346
958,0.000555,74.125.130.0-255,1484,56484,78,282346
959,0.000563,172.31.40.0-255,66,56550,78,282346
960,0.000573,74.125.130.0-255,4320,60870,78,282346
961,0.000578,172.31.40.0-255,66,60936,78,282346
962,0.000593,74.125.130.0-255,2902,63838,78,282346
963,0.000605,74.125.130.0-255,4320,68158,78,282346
964,0.000644,172.31.40.0-255,66,68224,78,282346
965,0.000655,74.125.130.0-255,3602,71826,78,282346
966,0.000686,172.31.40.0-255,66,71892,78,282346
967,0.000711,74.125.130.0-255,380,72272,78,282346
968,0.000743,74.125.130.0-255,1484,73756,78,282346
969,0.000745,74.125.130.0-255,1484,75240,78,282346
970,0.000764,74.125.130.0-255,2902,78142,78,282346
971,0.000776,74.125.130.0-255,2902,81044,78,282346
972,0.000781,172.31.40.0-255,66,81110,78,282346
973,0.000805,74.125.130.0-255,2902,84012,78,282346
974,0.000836,74.125.130.0-255,7156,91168,78,282346
975,0.000842,172.31.40.0-255,66,91234,78,282346
976,0.000866,74.125.130.0-255,2902,94136,78,282346
977,0.000872,74.125.130.0-255,3051,97187,78,282346
978,0.000889,172.31.40.0-255,66,97253,78,282346
979,0.000971,74.125.130.0-255,1484,98737,78,282346
980,0.000986,74.125.130.0-255,2902,101639,78,282346
981,0.001,74.125.130.0-255,4320,105959,78,282346
982,0.001015,74.125.130.0-255,1484,107443,78,282346
983,0.001019,74.125.130.0-255,2902,110345,78,282346
984,0.001024,74.125.130.0-255,4320,114665,78,282346
985,0.001037,172.31.40.0-255,66,114731,78,282346
986,0.001046,74.125.130.0-255,4320,119051,78,282346
987,0.001052,172.31.40.0-255,66,119117,78,282346
988,0.001067,74.125.130.0-255,4320,123437,78,282346
989,0.001073,74.125.130.0-255,4320,127757,78,282346
990,0.001105,172.31.40.0-255,66,127823,78,282346
991,0.001115,74.125.130.0-255,3602,131425,78,282346
992,0.001138,172.31.40.0-255,66,131491,78,282346
993,0.001425,74.125.130.0-255,1484,132975,78,282346
994,0.001443,74.125.130.0-255,2902,135877,78,282346
995,0.001446,172.31.40.0-255,66,135943,78,282346
996,0.001464,74.125.130.0-255,5738,141681,78,282346
997,0.001473,74.125.130.0-255,2902,144583,78,282346
998,0.001478,74.125.130.0-255,4320,148903,78,282346
999,0.001491,172.31.40.0-255,66,148969,78,282346
1000,0.001538,74.125.130.0-255,4320,153289,78,282346
1001,0.00154,74.125.130.0-255,1484,154773,78,282346
1002,0.001556,74.125.130.0-255,3602,158375,78,282346
1003,0.001564,172.31.40.0-255,66,158441,78,282346
1004,0.001575,74.125.130.0-255,4320,162761,78,282346
1005,0.001609,74.125.130.0-255,2902,165663,78,282346
1006,0.001622,74.125.130.0-255,4320,169983,78,282346
1007,0.001644,74.125.130.0-255,7156,177139,78,282346
1008,0.001691,74.125.130.0-255,5020,182159,78,282346
1009,0.001704,172.31.40.0-255,66,182225,78,282346
1010,0.001741,74.125.130.0-255,1484,183709,78,282346
1011,0.00176,74.125.130.0-255,2902,186611,78,282346
1012,0.001775,74.125.130.0-255,4320,190931,78,282346
1013,0.001788,74.125.130.0-255,2902,193833,78,282346
1014,0.001793,172.31.40.0-255,66,193899,78,282346
1015,0.001801,74.125.130.0-255,2902,196801,78,282346
1016,0.001811,172.31.40.0-255,66,196867,78,282346
1017,0.001839,74.125.130.0-255,7156,204023,78,282346
1018,0.001852,172.31.40.0-255,66,204089,78,282346
1019,0.001858,74.125.130.0-255,4320,208409,78,282346
1020,0.001863,172.31.40.0-255,66,208475,78,282346
1021,0.001924,172.31.40.0-255,66,208541,78,282346
1022,0.001932,74.125.130.0-255,1484,210025,78,282346
1023,0.001937,74.125.130.0-255,5738,215763,78,282346
1024,0.001949,74.125.130.0-255,7156,222919,78,282346
1025,0.001956,172.31.40.0-255,66,222985,78,282346
1026,0.001984,74.125.130.0-255,6438,229423,78,282346
1027,0.00199,74.125.130.0-255,4320,233743,78,282346
1028,0.001998,172.31.40.0-255,66,233809,78,282346
1029,0.002021,74.125.130.0-255,2902,236711,78,282346
1030,0.002047,74.125.130.0-255,1484,238195,78,282346
1031,0.002051,172.31.40.0-255,66,238261,78,282346
1032,0.002091,74.125.130.0-255,5020,243281,78,282346
1033,0.002095,74.125.130.0-255,2902,246183,78,282346
1034,0.002101,172.31.40.0-255,66,246249,78,282346
1035,0.002125,74.125.130.0-255,2902,249151,78,282346
1036,0.002132,74.125.130.0-255,5738,254889,78,282346
1037,0.00214,172.31.40.0-255,66,254955,78,282346
1038,0.002162,74.125.130.0-255,2902,257857,78,282346
1039,0.002178,74.125.130.0-255,5738,263595,78,282346
1040,0.002184,172.31.40.0-255,66,263661,78,282346
1041,0.002193,74.125.130.0-255,3602,267263,78,282346
1042,0.002203,172.31.40.0-255,66,267329,78,282346
1043,0.002237,172.31.40.0-255,66,267395,78,282346
1044,0.002244,74.125.130.0-255,1484,268879,78,282346
1045,0.002249,74.125.130.0-255,2902,271781,78,282346
1046,0.002258,172.31.40.0-255,66,271847,78,282346
1047,0.002268,74.125.130.0-255,4320,276167,78,282346
1048,0.002295,74.125.130.0-255,495,276662,78,282346
1049,0.002315,172.31.40.0-255,66,276728,78,282346
1050,0.004563,74.125.130.0-255,105,276833,78,282346
1051,0.011131,172.31.40.0-255,66,276899,78,282346
1052,0.011174,172.31.40.0-255,105,277004,78,282346
1053,0.013425,74.125.130.0-255,66,277070,78,282346
1054,0.033331,172.31.40.0-255,176,277246,78,282346
1055,0.033364,172.31.40.0-255,1107,278353,78,282346
1056,0.033429,172.31.40.0-255,1514,279867,78,282346
1057,0.033431,172.31.40.0-255,1514,281381,78,282346
1058,0.033456,172.31.40.0-255,701,282082,78,282346
1059,0.034835,104.244.42.0-255,66,282148,78,282346
1060,0.034853,104.244.42.0-255,66,282214,78,282346
1061,0.034925,104.244.42.0-255,66,282280,78,282346
1062,0.034928,104.244.42.0-255,66,282346,78,282346
1063,0.0,74.125.68.0-255,153,153,78,319247
1064,2e-05,172.31.40.0-255,66,219,78,319247
1065,2.7e-05,74.125.68.0-255,1484,1703,78,319247
1066,3.2e-05,172.31.40.0-255,66,1769,78,319247
1067,3.8e-05,74.125.68.0-255,2902,4671,78,319247
1068,5.2e-05,172.31.40.0-255,66,4737,78,319247
1069,5.8e-05,74.125.68.0-255,4320,9057,78,319247
1070,6.1e-05,172.31.40.0-255,66,9123,78,319247
1071,6.7e-05,74.125.68.0-255,4776,13899,78,319247
1072,7.1e-05,172.31.40.0-255,66,13965,78,319247
1073,0.000106,74.125.68.0-255,5738,19703,78,319247
1074,0.000109,172.31.40.0-255,66,19769,78,319247
1075,0.000114,74.125.68.0-255,2902,22671,78,319247
1076,0.000117,172.31.40.0-255,66,22737,78,319247
1077,0.000141,74.125.68.0-255,4320,27057,78,319247
1078,0.000144,172.31.40.0-255,66,27123,78,319247
1079,0.000149,74.125.68.0-255,2902,30025,78,319247
1080,0.000155,172.31.40.0-255,66,30091,78,319247
1081,0.000178,74.125.68.0-255,1125,31216,78,319247
1082,0.000181,172.31.40.0-255,66,31282,78,319247
1083,0.000249,74.125.68.0-255,1484,32766,78,319247
1084,0.000252,172.31.40.0-255,66,32832,78,319247
1085,0.000275,74.125.68.0-255,2902,35734,78,319247
1086,0.000277,172.31.40.0-255,66,35800,78,319247
1087,0.000303,74.125.68.0-255,2902,38702,78,319247
1088,0.000306,172.31.40.0-255,66,38768,78,319247
1089,0.000311,74.125.68.0-255,4320,43088,78,319247
1090,0.000314,172.31.40.0-255,66,43154,78,319247
1091,0.000349,172.31.40.0-255,66,43220,78,319247
1092,0.000352,74.125.68.0-255,1484,44704,78,319247
1093,0.000355,172.31.40.0-255,66,44770,78,319247
1094,0.000387,74.125.68.0-255,7156,51926,78,319247
1095,0.00039,172.31.40.0-255,66,51992,78,319247
1096,0.000417,74.125.68.0-255,5020,57012,78,319247
1097,0.00042,172.31.40.0-255,66,57078,78,319247
1098,0.000422,74.125.68.0-255,363,57441,78,319247
1099,0.000471,74.125.68.0-255,131,57572,78,319247
1100,0.000532,74.125.68.0-255,1484,59056,78,319247
1101,0.000536,172.31.40.0-255,66,59122,78,319247
1102,0.000542,74.125.68.0-255,2902,62024,78,319247
1103,0.000544,172.31.40.0-255,66,62090,78,319247
1104,0.000578,74.125.68.0-255,4320,66410,78,319247
1105,0.000581,172.31.40.0-255,66,66476,78,319247
1106,0.000604,74.125.68.0-255,1484,67960,78,319247
1107,0.000609,74.125.68.0-255,2902,70862,78,319247
1108,0.000611,172.31.40.0-255,66,70928,78,319247
1109,0.00067,74.125.68.0-255,1484,72412,78,319247
1110,0.000684,74.125.68.0-255,2902,75314,78,319247
1111,0.000688,172.31.40.0-255,66,75380,78,319247
1112,0.000692,74.125.68.0-255,2902,78282,78,319247
1113,0.000694,172.31.40.0-255,66,78348,78,319247
1114,0.000728,74.125.68.0-255,4320,82668,78,319247
1115,0.000731,172.31.40.0-255,66,82734,78,319247
1116,0.000763,74.125.68.0-255,4320,87054,78,319247
1117,0.000766,172.31.40.0-255,66,87120,78,319247
1118,0.00079,74.125.68.0-255,4320,91440,78,319247
1119,0.000794,172.31.40.0-255,66,91506,78,319247
1120,0.000797,74.125.68.0-255,766,92272,78,319247
1121,0.000799,74.125.68.0-255,347,92619,78,319247
1122,0.001169,74.125.68.0-255,1484,94103,78,319247
1123,0.001174,172.31.40.0-255,66,94169,78,319247
1124,0.001179,74.125.68.0-255,2902,97071,78,319247
1125,0.001181,172.31.40.0-255,66,97137,78,319247
1126,0.001184,74.125.68.0-255,1484,98621,78,319247
1127,0.001219,74.125.68.0-255,4320,102941,78,319247
1128,0.001221,172.31.40.0-255,66,103007,78,319247
1129,0.001226,74.125.68.0-255,4320,107327,78,319247
1130,0.001229,172.31.40.0-255,66,107393,78,319247
1131,0.001234,74.125.68.0-255,5738,113131,78,319247
1132,0.001237,172.31.40.0-255,66,113197,78,319247
1133,0.001262,74.125.68.0-255,5738,118935,78,319247
1134,0.001265,172.31.40.0-255,66,119001,78,319247
1135,0.001288,74.125.68.0-255,5738,124739,78,319247
1136,0.00129,172.31.40.0-255,66,124805,78,319247
1137,0.001325,74.125.68.0-255,1634,126439,78,319247
1138,0.001328,172.31.40.0-255,66,126505,78,319247
1139,0.001334,74.125.68.0-255,4320,130825,78,319247
1140,0.001336,172.31.40.0-255,66,130891,78,319247
1141,0.001388,172.31.40.0-255,66,130957,78,319247
1142,0.001427,172.31.40.0-255,66,131023,78,319247
1143,0.001453,74.125.68.0-255,2184,133207,78,319247
1144,0.001455,172.31.40.0-255,66,133273,78,319247
1145,0.001502,74.125.68.0-255,5738,139011,78,319247
1146,0.001505,172.31.40.0-255,66,139077,78,319247
1147,0.001538,74.125.68.0-255,4320,143397,78,319247
1148,0.001541,172.31.40.0-255,66,143463,78,319247
1149,0.001574,74.125.68.0-255,7156,150619,78,319247
1150,0.001577,172.31.40.0-255,66,150685,78,319247
1151,0.001609,74.125.68.0-255,4320,155005,78,319247
1152,0.001615,172.31.40.0-255,66,155071,78,319247
1153,0.00164,74.125.68.0-255,1484,156555,78,319247
1154,0.001662,74.125.68.0-255,7156,163711,78,319247
1155,0.001665,172.31.40.0-255,66,163777,78,319247
1156,0.001695,74.125.68.0-255,3602,167379,78,319247
1157,0.001698,172.31.40.0-255,66,167445,78,319247
1158,0.001705,74.125.68.0-255,5738,173183,78,319247
1159,0.001708,172.31.40.0-255,66,173249,78,319247
1160,0.001757,172.31.40.0-255,66,173315,78,319247
1161,0.001828,74.125.68.0-255,5738,179053,78,319247
1162,0.001833,172.31.40.0-255,66,179119,78,319247
1163,0.001852,74.125.68.0-255,2184,181303,78,319247
1164,0.001855,172.31.40.0-255,66,181369,78,319247
1165,0.001858,74.125.68.0-255,1484,182853,78,319247
1166,0.001889,74.125.68.0-255,7156,190009,78,319247
1167,0.001892,172.31.40.0-255,66,190075,78,319247
1168,0.001923,74.125.68.0-255,7156,197231,78,319247
1169,0.001927,172.31.40.0-255,66,197297,78,319247
1170,0.001957,74.125.68.0-255,5738,203035,78,319247
1171,0.001959,172.31.40.0-255,66,203101,78,319247
1172,0.001998,172.31.40.0-255,66,203167,78,319247
1173,0.004324,74.125.68.0-255,5738,208905,78,319247
1174,0.004332,172.31.40.0-255,66,208971,78,319247
1175,0.006635,74.125.68.0-255,5738,214709,78,319247
1176,0.006644,172.31.40.0-255,66,214775,78,319247
1177,0.008953,74.125.68.0-255,5738,220513,78,319247
1178,0.008968,172.31.40.0-255,66,220579,78,319247
1179,0.011287,74.125.68.0-255,5738,226317,78,319247
1180,0.011301,172.31.40.0-255,66,226383,78,319247
1181,0.013598,74.125.68.0-255,5738,232121,78,319247
1182,0.013606,172.31.40.0-255,66,232187,78,319247
1183,0.015895,74.125.68.0-255,5738,237925,78,319247
1184,0.015903,172.31.40.0-255,66,237991,78,319247
1185,0.018196,74.125.68.0-255,5738,243729,78,319247
1186,0.018204,172.31.40.0-255,66,243795,78,319247
1187,0.020498,74.125.68.0-255,5738,249533,78,319247
1188,0.020505,172.31.40.0-255,66,249599,78,319247
1189,0.02281,74.125.68.0-255,5738,255337,78,319247
1190,0.022818,172.31.40.0-255,66,255403,78,319247
1191,0.025149,74.125.68.0-255,5738,261141,78,319247
1192,0.025157,172.31.40.0-255,66,261207,78,319247
1193,0.027461,74.125.68.0-255,5738,266945,78,319247
1194,0.027471,172.31.40.0-255,66,267011,78,319247
1195,0.029766,74.125.68.0-255,5738,272749,78,319247
1196,0.029774,172.31.40.0-255,66,272815,78,319247
1197,0.032079,74.125.68.0-255,5738,278553,78,319247
1198,0.032095,172.31.40.0-255,66,278619,78,319247
1199,0.034395,74.125.68.0-255,5738,284357,78,319247
1200,0.034402,172.31.40.0-255,66,284423,78,319247
1201,0.036727,74.125.68.0-255,5738,290161,78,319247
1202,0.036735,172.31.40.0-255,66,290227,78,319247
1203,0.039045,74.125.68.0-255,5738,295965,78,319247
1204,0.039052,172.31.40.0-255,66,296031,78,319247
1205,0.041363,74.125.68.0-255,5738,301769,78,319247
1206,0.041395,172.31.40.0-255,66,301835,78,319247
1207,0.04372,74.125.68.0-255,5738,307573,78,319247
1208,0.043727,172.31.40.0-255,66,307639,78,319247
1209,0.046146,74.125.68.0-255,5738,313377,78,319247
1210,0.046154,172.31.40.0-255,66,313443,78,319247
1211,0.048464,74.125.68.0-255,5738,319181,78,319247
1212,0.048483,172.31.40.0-255,66,319247,78,319247
1213,0.0,74.125.24.0-255,153,153,78,253891
1214,1.4e-05,172.31.40.0-255,66,219,78,253891
1215,2.1e-05,74.125.24.0-255,1484,1703,78,253891
1216,2.5e-05,172.31.40.0-255,66,1769,78,253891
1217,3.1e-05,74.125.24.0-255,2902,4671,78,253891
1218,3.3e-05,172.31.40.0-255,66,4737,78,253891
1219,3.7e-05,74.125.24.0-255,1484,6221,78,253891
1220,3.9e-05,172.31.40.0-255,66,6287,78,253891
1221,6.2e-05,74.125.24.0-255,4320,10607,78,253891
1222,6.5e-05,172.31.40.0-255,66,10673,78,253891
1223,8.4e-05,74.125.24.0-255,4838,15511,78,253891
1224,8.7e-05,172.31.40.0-255,66,15577,78,253891
1225,8.9e-05,74.125.24.0-255,1484,17061,78,253891
1226,9.1e-05,172.31.40.0-255,66,17127,78,253891
1227,0.000123,172.31.40.0-255,66,17193,78,253891
1228,0.000143,74.125.24.0-255,4320,21513,78,253891
1229,0.000145,172.31.40.0-255,66,21579,78,253891
1230,0.000173,172.31.40.0-255,66,21645,78,253891
1231,0.000206,74.125.24.0-255,2902,24547,78,253891
1232,0.000209,172.31.40.0-255,66,24613,78,253891
1233,0.000229,74.125.24.0-255,7156,31769,78,253891
1234,0.000232,172.31.40.0-255,66,31835,78,253891
1235,0.000259,74.125.24.0-255,7149,38984,78,253891
1236,0.000261,172.31.40.0-255,66,39050,78,253891
1237,0.000461,74.125.24.0-255,1484,40534,78,253891
1238,0.000466,172.31.40.0-255,66,40600,78,253891
1239,0.000472,74.125.24.0-255,2902,43502,78,253891
1240,0.000474,172.31.40.0-255,66,43568,78,253891
1241,0.000503,74.125.24.0-255,5738,49306,78,253891
1242,0.000507,172.31.40.0-255,66,49372,78,253891
1243,0.00051,74.125.24.0-255,1484,50856,78,253891
1244,0.000516,74.125.24.0-255,2902,53758,78,253891
1245,0.000518,172.31.40.0-255,66,53824,78,253891
1246,0.000541,172.31.40.0-255,66,53890,78,253891
1247,0.000544,74.125.24.0-255,1484,55374,78,253891
1248,0.000563,74.125.24.0-255,5738,61112,78,253891
1249,0.000565,172.31.40.0-255,66,61178,78,253891
1250,0.000585,74.125.24.0-255,2184,63362,78,253891
1251,0.000587,172.31.40.0-255,66,63428,78,253891
1252,0.00059,74.125.24.0-255,333,63761,78,253891
1253,0.000804,74.125.24.0-255,1484,65245,78,253891
1254,0.000809,172.31.40.0-255,66,65311,78,253891
1255,0.000813,74.125.24.0-255,1484,66795,78,253891
1256,0.000825,74.125.24.0-255,1484,68279,78,253891
1257,0.000827,172.31.40.0-255,66,68345,78,253891
1258,0.00083,74.125.24.0-255,1484,69829,78,253891
1259,0.000852,74.125.24.0-255,4320,74149,78,253891
1260,0.000855,172.31.40.0-255,66,74215,78,253891
1261,0.000861,74.125.24.0-255,5738,79953,78,253891
1262,0.000863,172.31.40.0-255,66,80019,78,253891
1263,0.000895,74.125.24.0-255,7156,87175,78,253891
1264,0.000898,172.31.40.0-255,66,87241,78,253891
1265,0.000913,74.125.24.0-255,2902,90143,78,253891
1266,0.000915,172.31.40.0-255,66,90209,78,253891
1267,0.000943,172.31.40.0-255,66,90275,78,253891
1268,0.001087,74.125.24.0-255,1484,91759,78,253891
1269,0.001092,74.125.24.0-255,2902,94661,78,253891
1270,0.001098,172.31.40.0-255,66,94727,78,253891
1271,0.001115,74.125.24.0-255,5738,100465,78,253891
1272,0.001118,172.31.40.0-255,66,100531,78,253891
1273,0.001137,74.125.24.0-255,5738,106269,78,253891
1274,0.001139,172.31.40.0-255,66,106335,78,253891
1275,0.001164,74.125.24.0-255,7156,113491,78,253891
1276,0.001167,172.31.40.0-255,66,113557,78,253891
1277,0.001179,172.31.40.0-255,66,113623,78,253891
1278,0.001234,74.125.24.0-255,1484,115107,78,253891
1279,0.001239,74.125.24.0-255,2902,118009,78,253891
1280,0.001242,172.31.40.0-255,66,118075,78,253891
1281,0.001248,74.125.24.0-255,5738,123813,78,253891
1282,0.001251,172.31.40.0-255,66,123879,78,253891
1283,0.001254,74.125.24.0-255,1484,125363,78,253891
1284,0.001278,74.125.24.0-255,4320,129683,78,253891
1285,0.001281,172.31.40.0-255,66,129749,78,253891
1286,0.001295,172.31.40.0-255,66,129815,78,253891
1287,0.001325,74.125.24.0-255,5020,134835,78,253891
1288,0.001328,172.31.40.0-255,66,134901,78,253891
1289,0.001434,74.125.24.0-255,1484,136385,78,253891
1290,0.001439,74.125.24.0-255,1484,137869,78,253891
1291,0.001442,172.31.40.0-255,66,137935,78,253891
1292,0.001464,74.125.24.0-255,1484,139419,78,253891
1293,0.001471,74.125.24.0-255,5738,145157,78,253891
1294,0.001474,172.31.40.0-255,66,145223,78,253891
1295,0.001477,74.125.24.0-255,1484,146707,78,253891
1296,0.001516,172.31.40.0-255,66,146773,78,253891
1297,0.001519,74.125.24.0-255,1484,148257,78,253891
1298,0.001539,172.31.40.0-255,66,148323,78,253891
1299,0.001621,74.125.24.0-255,1484,149807,78,253891
1300,0.001628,74.125.24.0-255,2902,152709,78,253891
1301,0.001632,172.31.40.0-255,66,152775,78,253891
1302,0.001668,74.125.24.0-255,5738,158513,78,253891
1303,0.001671,172.31.40.0-255,66,158579,78,253891
1304,0.001674,74.125.24.0-255,1484,160063,78,253891
1305,0.001707,172.31.40.0-255,66,160129,78,253891
1306,0.001714,74.125.24.0-255,7156,167285,78,253891
1307,0.001717,172.31.40.0-255,66,167351,78,253891
1308,0.001734,74.125.24.0-255,3602,170953,78,253891
1309,0.001736,172.31.40.0-255,66,171019,78,253891
1310,0.001861,74.125.24.0-255,1484,172503,78,253891
1311,0.001867,74.125.24.0-255,2902,175405,78,253891
1312,0.001871,172.31.40.0-255,66,175471,78,253891
1313,0.001891,74.125.24.0-255,1484,176955,78,253891
1314,0.001906,74.125.24.0-255,4320,181275,78,253891
1315,0.001909,172.31.40.0-255,66,181341,78,253891
1316,0.001927,74.125.24.0-255,7156,188497,78,253891
1317,0.00193,172.31.40.0-255,66,188563,78,253891
1318,0.001947,74.125.24.0-255,5738,194301,78,253891
1319,0.00195,172.31.40.0-255,66,194367,78,253891
1320,0.001961,172.31.40.0-255,66,194433,78,253891
1321,0.00198,74.125.24.0-255,2184,196617,78,253891
1322,0.001982,172.31.40.0-255,66,196683,78,253891
1323,0.002064,74.125.24.0-255,1484,198167,78,253891
1324,0.002069,74.125.24.0-255,2902,201069,78,253891
1325,0.002082,172.31.40.0-255,66,201135,78,253891
1326,0.002089,74.125.24.0-255,5738,206873,78,253891
1327,0.002092,172.31.40.0-255,66,206939,78,253891
1328,0.002098,74.125.24.0-255,4320,211259,78,253891
1329,0.0021,172.31.40.0-255,66,211325,78,253891
1330,0.002103,74.125.24.0-255,1484,212809,78,253891
1331,0.002106,74.125.24.0-255,1484,214293,78,253891
1332,0.002108,172.31.40.0-255,66,214359,78,253891
1333,0.002152,74.125.24.0-255,5738,220097,78,253891
1334,0.002156,172.31.40.0-255,66,220163,78,253891
1335,0.002192,172.31.40.0-255,66,220229,78,253891
1336,0.002195,74.125.24.0-255,1484,221713,78,253891
1337,0.002213,74.125.24.0-255,2902,224615,78,253891
1338,0.002216,172.31.40.0-255,66,224681,78,253891
1339,0.002222,74.125.24.0-255,5738,230419,78,253891
1340,0.002225,172.31.40.0-255,66,230485,78,253891
1341,0.002228,74.125.24.0-255,1484,231969,78,253891
1342,0.002276,74.125.24.0-255,4320,236289,78,253891
1343,0.002278,172.31.40.0-255,66,236355,78,253891
1344,0.002306,74.125.24.0-255,5738,242093,78,253891
1345,0.002309,172.31.40.0-255,66,242159,78,253891
1346,0.002354,74.125.24.0-255,1484,243643,78,253891
1347,0.00236,74.125.24.0-255,5448,249091,78,253891
1348,0.002384,74.125.24.0-255,105,249196,78,253891
1349,0.006124,172.31.40.0-255,66,249262,78,253891
1350,0.007982,172.31.40.0-255,101,249363,78,253891
1351,0.008486,172.31.40.0-255,105,249468,78,253891
1352,0.010005,74.125.24.0-255,66,249534,78,253891
1353,0.010512,74.125.24.0-255,66,249600,78,253891
1354,0.028864,172.31.40.0-255,172,249772,78,253891
1355,0.028895,172.31.40.0-255,1107,250879,78,253891
1356,0.028956,172.31.40.0-255,1514,252393,78,253891
1357,0.028957,172.31.40.0-255,1300,253693,78,253891
1358,0.030403,104.244.42.0-255,66,253759,78,253891
1359,0.030439,104.244.42.0-255,66,253825,78,253891
1360,0.030493,104.244.42.0-255,66,253891,78,253891
1361,0.0,74.125.200.0-255,143,143,78,369746
1362,2.3e-05,172.31.40.0-255,66,209,78,369746
1363,3e-05,74.125.200.0-255,1484,1693,78,369746
1364,3.5e-05,172.31.40.0-255,66,1759,78,369746
1365,6.2e-05,74.125.200.0-255,2902,4661,78,369746
1366,6.6e-05,172.31.40.0-255,66,4727,78,369746
1367,7.3e-05,74.125.200.0-255,5738,10465,78,369746
1368,7.6e-05,172.31.40.0-255,66,10531,78,369746
1369,0.000101,74.125.200.0-255,6322,16853,78,369746
1370,0.000103,172.31.40.0-255,66,16919,78,369746
1371,0.000138,172.31.40.0-255,66,16985,78,369746
1372,0.000169,74.125.200.0-255,5379,22364,78,369746
1373,0.000171,172.31.40.0-255,66,22430,78,369746
1374,0.000244,74.125.200.0-255,1484,23914,78,369746
1375,0.000248,172.31.40.0-255,66,23980,78,369746
1376,0.000266,74.125.200.0-255,1484,25464,78,369746
1377,0.000269,172.31.40.0-255,66,25530,78,369746
1378,0.000289,74.125.200.0-255,2902,28432,78,369746
1379,0.000291,172.31.40.0-255,66,28498,78,369746
1380,0.000305,74.125.200.0-255,2902,31400,78,369746
1381,0.000307,172.31.40.0-255,66,31466,78,369746
1382,0.000324,74.125.200.0-255,2902,34368,78,369746
1383,0.000327,172.31.40.0-255,66,34434,78,369746
1384,0.00033,74.125.200.0-255,1484,35918,78,369746
1385,0.000333,172.31.40.0-255,66,35984,78,369746
1386,0.000337,74.125.200.0-255,2902,38886,78,369746
1387,0.00034,172.31.40.0-255,66,38952,78,369746
1388,0.000362,74.125.200.0-255,1484,40436,78,369746
1389,0.000365,172.31.40.0-255,66,40502,78,369746
1390,0.000387,74.125.200.0-255,5379,45881,78,369746
1391,0.00039,172.31.40.0-255,66,45947,78,369746
1392,0.000405,74.125.200.0-255,4320,50267,78,369746
1393,0.000408,172.31.40.0-255,66,50333,78,369746
1394,0.000426,74.125.200.0-255,2902,53235,78,369746
1395,0.000428,172.31.40.0-255,66,53301,78,369746
1396,0.000431,74.125.200.0-255,1484,54785,78,369746
1397,0.000445,74.125.200.0-255,2814,57599,78,369746
1398,0.000448,172.31.40.0-255,66,57665,78,369746
1399,0.000462,74.125.200.0-255,385,58050,78,369746
1400,0.000552,74.125.200.0-255,1484,59534,78,369746
1401,0.000557,172.31.40.0-255,66,59600,78,369746
1402,0.000561,74.125.200.0-255,2902,62502,78,369746
1403,0.000563,172.31.40.0-255,66,62568,78,369746
1404,0.000574,74.125.200.0-255,1484,64052,78,369746
1405,0.000591,74.125.200.0-255,2902,66954,78,369746
1406,0.000594,172.31.40.0-255,66,67020,78,369746
1407,0.000596,74.125.200.0-255,1484,68504,78,369746
1408,0.000617,74.125.200.0-255,7156,75660,78,369746
1409,0.000619,172.31.40.0-255,66,75726,78,369746
1410,0.000622,74.125.200.0-255,1484,77210,78,369746
1411,0.000648,74.125.200.0-255,2902,80112,78,369746
1412,0.000651,172.31.40.0-255,66,80178,78,369746
1413,0.000654,74.125.200.0-255,1484,81662,78,369746
1414,0.000673,74.125.200.0-255,4320,85982,78,369746
1415,0.000676,172.31.40.0-255,66,86048,78,369746
1416,0.000681,74.125.200.0-255,4320,90368,78,369746
1417,0.000684,172.31.40.0-255,66,90434,78,369746
1418,0.000699,74.125.200.0-255,2184,92618,78,369746
1419,0.0007,172.31.40.0-255,66,92684,78,369746
1420,0.000769,74.125.200.0-255,1484,94168,78,369746
1421,0.000774,74.125.200.0-255,2902,97070,78,369746
1422,0.000777,172.31.40.0-255,66,97136,78,369746
1423,0.000798,74.125.200.0-255,5738,102874,78,369746
1424,0.000801,172.31.40.0-255,66,102940,78,369746
1425,0.000842,172.31.40.0-255,66,103006,78,369746
1426,0.000852,172.31.40.0-255,66,103072,78,369746
1427,0.000877,74.125.200.0-255,5020,108092,78,369746
1428,0.000879,172.31.40.0-255,66,108158,78,369746
1429,0.000916,74.125.200.0-255,5738,113896,78,369746
1430,0.000919,172.31.40.0-255,66,113962,78,369746
1431,0.000922,74.125.200.0-255,1484,115446,78,369746
1432,0.000939,74.125.200.0-255,1484,116930,78,369746
1433,0.000941,172.31.40.0-255,66,116996,78,369746
1434,0.000982,74.125.200.0-255,2902,119898,78,369746
1435,0.000985,172.31.40.0-255,66,119964,78,369746
1436,0.001018,74.125.200.0-255,4320,124284,78,369746
1437,0.00102,172.31.40.0-255,66,124350,78,369746
1438,0.001039,74.125.200.0-255,4320,128670,78,369746
1439,0.001041,172.31.40.0-255,66,128736,78,369746
1440,0.001077,74.125.200.0-255,4320,133056,78,369746
1441,0.001079,172.31.40.0-255,66,133122,78,369746
1442,0.001104,74.125.200.0-255,1484,134606,78,369746
1443,0.001118,74.125.200.0-255,4320,138926,78,369746
1444,0.00112,172.31.40.0-255,66,138992,78,369746
1445,0.001124,74.125.200.0-255,3602,142594,78,369746
1446,0.001126,172.31.40.0-255,66,142660,78,369746
1447,0.001352,74.125.200.0-255,1484,144144,78,369746
1448,0.001368,74.125.200.0-255,2902,147046,78,369746
1449,0.00137,172.31.40.0-255,66,147112,78,369746
1450,0.001373,74.125.200.0-255,1484,148596,78,369746
1451,0.001389,74.125.200.0-255,2902,151498,78,369746
1452,0.001391,172.31.40.0-255,66,151564,78,369746
1453,0.001415,74.125.200.0-255,5738,157302,78,369746
1454,0.001417,172.31.40.0-255,66,157368,78,369746
1455,0.00144,74.125.200.0-255,7156,164524,78,369746
1456,0.001442,172.31.40.0-255,66,164590,78,369746
1457,0.001458,74.125.200.0-255,4320,168910,78,369746
1458,0.00146,172.31.40.0-255,66,168976,78,369746
1459,0.001482,74.125.200.0-255,4320,173296,78,369746
1460,0.001485,172.31.40.0-255,66,173362,78,369746
1461,0.00149,74.125.200.0-255,3602,176964,78,369746
1462,0.001492,172.31.40.0-255,66,177030,78,369746
1463,0.001576,74.125.200.0-255,1484,178514,78,369746
1464,0.001582,74.125.200.0-255,2902,181416,78,369746
1465,0.001584,172.31.40.0-255,66,181482,78,369746
1466,0.001599,74.125.200.0-255,1484,182966,78,369746
1467,0.001615,74.125.200.0-255,4320,187286,78,369746
1468,0.001618,172.31.40.0-255,66,187352,78,369746
1469,0.001632,74.125.200.0-255,4320,191672,78,369746
1470,0.001634,172.31.40.0-255,66,191738,78,369746
1471,0.001652,74.125.200.0-255,5738,197476,78,369746
1472,0.001654,172.31.40.0-255,66,197542,78,369746
1473,0.001676,74.125.200.0-255,7156,204698,78,369746
1474,0.001678,172.31.40.0-255,66,204764,78,369746
1475,0.001701,74.125.200.0-255,4320,209084,78,369746
1476,0.001703,172.31.40.0-255,66,209150,78,369746
1477,0.001707,74.125.200.0-255,2184,211334,78,369746
1478,0.001708,172.31.40.0-255,66,211400,78,369746
1479,0.001775,74.125.200.0-255,1484,212884,78,369746
1480,0.001779,74.125.200.0-255,1484,214368,78,369746
1481,0.001781,172.31.40.0-255,66,214434,78,369746
1482,0.001796,74.125.200.0-255,1484,215918,78,369746
1483,0.001802,74.125.200.0-255,5738,221656,78,369746
1484,0.001804,172.31.40.0-255,66,221722,78,369746
1485,0.001845,74.125.200.0-255,7156,228878,78,369746
1486,0.001848,172.31.40.0-255,66,228944,78,369746
1487,0.001868,74.125.200.0-255,4320,233264,78,369746
1488,0.00187,172.31.40.0-255,66,233330,78,369746
1489,0.001883,172.31.40.0-255,66,233396,78,369746
1490,0.001886,74.125.200.0-255,2902,236298,78,369746
1491,0.001888,172.31.40.0-255,66,236364,78,369746
1492,0.001892,74.125.200.0-255,2902,239266,78,369746
1493,0.001894,172.31.40.0-255,66,239332,78,369746
1494,0.001912,74.125.200.0-255,1484,240816,78,369746
1495,0.001916,74.125.200.0-255,2902,243718,78,369746
1496,0.001918,172.31.40.0-255,66,243784,78,369746
1497,0.001945,74.125.200.0-255,5738,249522,78,369746
1498,0.001948,172.31.40.0-255,66,249588,78,369746
1499,0.001953,74.125.200.0-255,5738,255326,78,369746
1500,0.001959,74.125.200.0-255,7156,262482,78,369746
1501,0.002006,74.125.200.0-255,5020,267502,78,369746
1502,0.002009,172.31.40.0-255,66,267568,78,369746
1503,0.002014,172.31.40.0-255,66,267634,78,369746
1504,0.003962,74.125.200.0-255,5738,273372,78,369746
1505,0.003969,172.31.40.0-255,66,273438,78,369746
1506,0.005945,74.125.200.0-255,5738,279176,78,369746
1507,0.005962,172.31.40.0-255,66,279242,78,369746
1508,0.007932,74.125.200.0-255,5738,284980,78,369746
1509,0.007945,172.31.40.0-255,66,285046,78,369746
1510,0.009904,74.125.200.0-255,5738,290784,78,369746
1511,0.009911,172.31.40.0-255,66,290850,78,369746
1512,0.011874,74.125.200.0-255,5738,296588,78,369746
1513,0.01188,172.31.40.0-255,66,296654,78,369746
1514,0.013857,74.125.200.0-255,5738,302392,78,369746
1515,0.013869,172.31.40.0-255,66,302458,78,369746
1516,0.015831,74.125.200.0-255,5738,308196,78,369746
1517,0.015843,172.31.40.0-255,66,308262,78,369746
1518,0.01781,74.125.200.0-255,5738,314000,78,369746
1519,0.017817,172.31.40.0-255,66,314066,78,369746
1520,0.01978,74.125.200.0-255,5738,319804,78,369746
1521,0.019794,172.31.40.0-255,66,319870,78,369746
1522,0.021757,74.125.200.0-255,5738,325608,78,369746
1523,0.021763,172.31.40.0-255,66,325674,78,369746
1524,0.023719,74.125.200.0-255,5738,331412,78,369746
1525,0.023727,172.31.40.0-255,66,331478,78,369746
1526,0.025687,74.125.200.0-255,5738,337216,78,369746
1527,0.025697,172.31.40.0-255,66,337282,78,369746
1528,0.027657,74.125.200.0-255,5738,343020,78,369746
1529,0.027663,172.31.40.0-255,66,343086,78,369746
1530,0.029639,74.125.200.0-255,5738,348824,78,369746
1531,0.029655,172.31.40.0-255,66,348890,78,369746
1532,0.03162,74.125.200.0-255,5738,354628,78,369746
1533,0.031628,172.31.40.0-255,66,354694,78,369746
1534,0.033585,74.125.200.0-255,5738,360432,78,369746
1535,0.033591,172.31.40.0-255,66,360498,78,369746
1536,0.035551,74.125.200.0-255,4718,365216,78,369746
1537,0.03556,172.31.40.0-255,66,365282,78,369746
1538,0.035814,172.31.40.0-255,105,365387,78,369746
1539,0.037752,74.125.200.0-255,66,365453,78,369746
1540,0.047392,172.31.40.0-255,172,365625,78,369746
1541,0.04743,172.31.40.0-255,1108,366733,78,369746
1542,0.047493,172.31.40.0-255,1514,368247,78,369746
1543,0.047495,172.31.40.0-255,1301,369548,78,369746
1544,0.048875,104.244.42.0-255,66,369614,78,369746
1545,0.048914,104.244.42.0-255,66,369680,78,369746
1546,0.048984,104.244.42.0-255,66,369746,78,369746
1547,0.0,74.125.24.0-255,150,150,78,185100
1548,2.4e-05,172.31.40.0-255,66,216,78,185100
1549,3.1e-05,74.125.24.0-255,1484,1700,78,185100
1550,3.6e-05,172.31.40.0-255,66,1766,78,185100
1551,4.1e-05,74.125.24.0-255,2902,4668,78,185100
1552,4.4e-05,172.31.40.0-255,66,4734,78,185100
1553,5.2e-05,74.125.24.0-255,7156,11890,78,185100
1554,5.4e-05,172.31.40.0-255,66,11956,78,185100
1555,7.2e-05,74.125.24.0-255,4320,16276,78,185100
1556,7.4e-05,172.31.40.0-255,66,16342,78,185100
1557,0.000111,172.31.40.0-255,66,16408,78,185100
1558,0.000123,172.31.40.0-255,66,16474,78,185100
1559,0.00017,172.31.40.0-255,66,16540,78,185100
1560,0.000925,74.125.24.0-255,1484,18024,78,185100
1561,0.00093,172.31.40.0-255,66,18090,78,185100
1562,0.000934,74.125.24.0-255,1484,19574,78,185100
1563,0.000936,172.31.40.0-255,66,19640,78,185100
1564,0.000953,74.125.24.0-255,1484,21124,78,185100
1565,0.000955,172.31.40.0-255,66,21190,78,185100
1566,0.000963,74.125.24.0-255,5738,26928,78,185100
1567,0.000966,172.31.40.0-255,66,26994,78,185100
1568,0.001001,172.31.40.0-255,66,27060,78,185100
1569,0.001004,74.125.24.0-255,1484,28544,78,185100
1570,0.001006,172.31.40.0-255,66,28610,78,185100
1571,0.001032,172.31.40.0-255,66,28676,78,185100
1572,0.00114,74.125.24.0-255,1484,30160,78,185100
1573,0.001142,172.31.40.0-255,66,30226,78,185100
1574,0.001164,74.125.24.0-255,2902,33128,78,185100
1575,0.001172,74.125.24.0-255,5738,38866,78,185100
1576,0.001216,74.125.24.0-255,2902,41768,78,185100
1577,0.001404,172.31.40.0-255,66,41834,78,185100
1578,0.002025,74.125.24.0-255,1484,43318,78,185100
1579,0.002033,74.125.24.0-255,2902,46220,78,185100
1580,0.002037,74.125.24.0-255,2902,49122,78,185100
1581,0.002043,172.31.40.0-255,66,49188,78,185100
1582,0.002058,74.125.24.0-255,2902,52090,78,185100
1583,0.002063,74.125.24.0-255,4320,56410,78,185100
1584,0.002075,172.31.40.0-255,66,56476,78,185100
1585,0.002117,74.125.24.0-255,4320,60796,78,185100
1586,0.002132,74.125.24.0-255,7156,67952,78,185100
1587,0.00214,172.31.40.0-255,66,68018,78,185100
1588,0.002175,172.31.40.0-255,66,68084,78,185100
1589,0.00219,74.125.24.0-255,1484,69568,78,185100
1590,0.002219,172.31.40.0-255,66,69634,78,185100
1591,0.00223,74.125.24.0-255,5738,75372,78,185100
1592,0.002233,74.125.24.0-255,2184,77556,78,185100
1593,0.002239,172.31.40.0-255,66,77622,78,185100
1594,0.004585,74.125.24.0-255,5738,83360,78,185100
1595,0.004595,172.31.40.0-255,66,83426,78,185100
1596,0.006885,74.125.24.0-255,4320,87746,78,185100
1597,0.006901,74.125.24.0-255,1484,89230,78,185100
1598,0.010297,172.31.40.0-255,66,89296,78,185100
1599,0.012669,74.125.24.0-255,5738,95034,78,185100
1600,0.012684,172.31.40.0-255,66,95100,78,185100
1601,0.014996,74.125.24.0-255,5738,100838,78,185100
1602,0.015009,172.31.40.0-255,66,100904,78,185100
1603,0.017316,74.125.24.0-255,4320,105224,78,185100
1604,0.017332,172.31.40.0-255,66,105290,78,185100
1605,0.017354,74.125.24.0-255,1484,106774,78,185100
1606,0.01969,74.125.24.0-255,4320,111094,78,185100
1607,0.019702,172.31.40.0-255,66,111160,78,185100
1608,0.022018,74.125.24.0-255,5738,116898,78,185100
1609,0.022076,172.31.40.0-255,66,116964,78,185100
1610,0.024415,74.125.24.0-255,5738,122702,78,185100
1611,0.02443,172.31.40.0-255,66,122768,78,185100
1612,0.026734,74.125.24.0-255,5738,128506,78,185100
1613,0.026746,172.31.40.0-255,66,128572,78,185100
1614,0.029082,74.125.24.0-255,5738,134310,78,185100
1615,0.029091,172.31.40.0-255,66,134376,78,185100
1616,0.029927,172.31.40.0-255,172,134548,78,185100
1617,0.029962,172.31.40.0-255,1109,135657,78,185100
1618,0.030025,172.31.40.0-255,1514,137171,78,185100
1619,0.030027,172.31.40.0-255,1299,138470,78,185100
1620,0.031439,104.244.42.0-255,66,138536,78,185100
1621,0.031473,74.125.24.0-255,5738,144274,78,185100
1622,0.031479,172.31.40.0-255,66,144340,78,185100
1623,0.031522,104.244.42.0-255,66,144406,78,185100
1624,0.031564,104.244.42.0-255,66,144472,78,185100
1625,0.033805,74.125.24.0-255,5738,150210,78,185100
1626,0.033812,172.31.40.0-255,66,150276,78,185100
1627,0.03619,74.125.24.0-255,5738,156014,78,185100
1628,0.037689,172.31.40.0-255,66,156080,78,185100
1629,0.040035,74.125.24.0-255,5738,161818,78,185100
1630,0.040054,172.31.40.0-255,66,161884,78,185100
1631,0.042395,74.125.24.0-255,5738,167622,78,185100
1632,0.042402,172.31.40.0-255,66,167688,78,185100
1633,0.044744,74.125.24.0-255,5738,173426,78,185100
1634,0.044759,172.31.40.0-255,66,173492,78,185100
1635,0.047103,74.125.24.0-255,5738,179230,78,185100
1636,0.04712,172.31.40.0-255,66,179296,78,185100
1637,0.049431,74.125.24.0-255,5738,185034,78,185100
1638,0.04945,172.31.40.0-255,66,185100,78,185100
1639,0.0,172.31.40.0-255,105,105,78,276
1640,0.001777,157.240.24.0-255,105,210,78,276
1641,0.001792,172.31.40.0-255,66,276,78,276
1642,0.0,172.217.194.0-255,143,143,78,242005
1643,2.5e-05,172.31.40.0-255,66,209,78,242005
1644,3.2e-05,172.217.194.0-255,1484,1693,78,242005
1645,3.5e-05,172.31.40.0-255,66,1759,78,242005
1646,4e-05,172.217.194.0-255,2902,4661,78,242005
1647,4.4e-05,172.31.40.0-255,66,4727,78,242005
1648,5e-05,172.217.194.0-255,4320,9047,78,242005
1649,5.2e-05,172.31.40.0-255,66,9113,78,242005
1650,7.3e-05,172.217.194.0-255,2902,12015,78,242005
1651,7.9e-05,172.31.40.0-255,66,12081,78,242005
1652,8.4e-05,172.217.194.0-255,3402,15483,78,242005
1653,8.7e-05,172.31.40.0-255,66,15549,78,242005
1654,9.2e-05,172.217.194.0-255,4320,19869,78,242005
1655,9.4e-05,172.31.40.0-255,66,19935,78,242005
1656,0.000133,172.31.40.0-255,66,20001,78,242005
1657,0.000137,172.217.194.0-255,2543,22544,78,242005
1658,0.000139,172.31.40.0-255,66,22610,78,242005
1659,0.000302,172.217.194.0-255,1484,24094,78,242005
1660,0.000307,172.31.40.0-255,66,24160,78,242005
1661,0.000312,172.217.194.0-255,2902,27062,78,242005
1662,0.000315,172.31.40.0-255,66,27128,78,242005
1663,0.000319,172.217.194.0-255,2902,30030,78,242005
1664,0.000321,172.31.40.0-255,66,30096,78,242005
1665,0.000339,172.217.194.0-255,2902,32998,78,242005
1666,0.000347,172.31.40.0-255,66,33064,78,242005
1667,0.000359,172.31.40.0-255,66,33130,78,242005
1668,0.000398,172.217.194.0-255,5379,38509,78,242005
1669,0.000402,172.31.40.0-255,66,38575,78,242005
1670,0.000414,172.31.40.0-255,66,38641,78,242005
1671,0.000693,172.217.194.0-255,98,38739,78,242005
1672,0.000734,172.217.194.0-255,1484,40223,78,242005
1673,0.000739,172.31.40.0-255,66,40289,78,242005
1674,0.000749,172.217.194.0-255,2902,43191,78,242005
1675,0.000752,172.31.40.0-255,66,43257,78,242005
1676,0.000791,172.217.194.0-255,7156,50413,78,242005
1677,0.000795,172.31.40.0-255,66,50479,78,242005
1678,0.0008,172.217.194.0-255,4320,54799,78,242005
1679,0.000802,172.31.40.0-255,66,54865,78,242005
1680,0.000821,172.217.194.0-255,844,55709,78,242005
1681,0.000858,172.217.194.0-255,1484,57193,78,242005
1682,0.000862,172.31.40.0-255,66,57259,78,242005
1683,0.000867,172.217.194.0-255,2902,60161,78,242005
1684,0.000869,172.31.40.0-255,66,60227,78,242005
1685,0.000891,172.217.194.0-255,1484,61711,78,242005
1686,0.000896,172.217.194.0-255,2902,64613,78,242005
1687,0.000898,172.31.40.0-255,66,64679,78,242005
1688,0.000928,172.217.194.0-255,5738,70417,78,242005
1689,0.000932,172.31.40.0-255,66,70483,78,242005
1690,0.000957,172.217.194.0-255,2902,73385,78,242005
1691,0.000961,172.31.40.0-255,66,73451,78,242005
1692,0.000983,172.31.40.0-255,66,73517,78,242005
1693,0.001,172.217.194.0-255,2184,75701,78,242005
1694,0.001004,172.31.40.0-255,66,75767,78,242005
1695,0.001275,172.217.194.0-255,1484,77251,78,242005
1696,0.001284,172.217.194.0-255,2902,80153,78,242005
1697,0.001287,172.31.40.0-255,66,80219,78,242005
1698,0.001295,172.217.194.0-255,5738,85957,78,242005
1699,0.001297,172.31.40.0-255,66,86023,78,242005
1700,0.001314,172.31.40.0-255,66,86089,78,242005
1701,0.001352,172.217.194.0-255,4320,90409,78,242005
1702,0.001356,172.31.40.0-255,66,90475,78,242005
1703,0.001394,172.31.40.0-255,66,90541,78,242005
1704,0.002057,172.217.194.0-255,1484,92025,78,242005
1705,0.002066,172.217.194.0-255,2902,94927,78,242005
1706,0.00207,172.31.40.0-255,66,94993,78,242005
1707,0.002077,172.217.194.0-255,5738,100731,78,242005
1708,0.002079,172.31.40.0-255,66,100797,78,242005
1709,0.002128,172.217.194.0-255,1484,102281,78,242005
1710,0.002155,172.217.194.0-255,2184,104465,78,242005
1711,0.002211,172.217.194.0-255,1484,105949,78,242005
1712,0.002215,172.217.194.0-255,2902,108851,78,242005
1713,0.002236,172.217.194.0-255,4320,113171,78,242005
1714,0.00226,172.217.194.0-255,1484,114655,78,242005
1715,0.002276,172.217.194.0-255,4320,118975,78,242005
1716,0.002287,172.217.194.0-255,2902,121877,78,242005
1717,0.002312,172.217.194.0-255,2902,124779,78,242005
1718,0.002353,172.217.194.0-255,766,125545,78,242005
1719,0.002388,172.217.194.0-255,1484,127029,78,242005
1720,0.003761,172.31.40.0-255,66,127095,78,242005
1721,0.006171,172.217.194.0-255,5738,132833,78,242005
1722,0.006176,172.31.40.0-255,66,132899,78,242005
1723,0.008567,172.217.194.0-255,5738,138637,78,242005
1724,0.008573,172.31.40.0-255,66,138703,78,242005
1725,0.01097,172.217.194.0-255,5738,144441,78,242005
1726,0.010977,172.31.40.0-255,66,144507,78,242005
1727,0.013333,172.217.194.0-255,5738,150245,78,242005
1728,0.013339,172.31.40.0-255,66,150311,78,242005
1729,0.015726,172.217.194.0-255,5738,156049,78,242005
1730,0.015732,172.31.40.0-255,66,156115,78,242005
1731,0.018108,172.217.194.0-255,5738,161853,78,242005
1732,0.018114,172.31.40.0-255,66,161919,78,242005
1733,0.020498,172.217.194.0-255,5738,167657,78,242005
1734,0.020505,172.31.40.0-255,66,167723,78,242005
1735,0.022887,172.217.194.0-255,5738,173461,78,242005
1736,0.022896,172.31.40.0-255,66,173527,78,242005
1737,0.025257,172.217.194.0-255,5738,179265,78,242005
1738,0.025265,172.31.40.0-255,66,179331,78,242005
1739,0.025385,172.31.40.0-255,171,179502,78,242005
1740,0.025406,172.31.40.0-255,1132,180634,78,242005
1741,0.02546,172.31.40.0-255,1514,182148,78,242005
1742,0.025462,172.31.40.0-255,1157,183305,78,242005
1743,0.026936,104.244.42.0-255,66,183371,78,242005
1744,0.026971,104.244.42.0-255,66,183437,78,242005
1745,0.027025,104.244.42.0-255,66,183503,78,242005
1746,0.027627,172.217.194.0-255,5738,189241,78,242005
1747,0.027634,172.31.40.0-255,66,189307,78,242005
1748,0.03002,172.217.194.0-255,5738,195045,78,242005
1749,0.030026,172.31.40.0-255,66,195111,78,242005
1750,0.032407,172.217.194.0-255,2902,198013,78,242005
1751,0.032412,172.31.40.0-255,66,198079,78,242005
1752,0.032448,172.217.194.0-255,2902,200981,78,242005
1753,0.032452,172.31.40.0-255,66,201047,78,242005
1754,0.034784,172.217.194.0-255,2902,203949,78,242005
1755,0.03479,172.31.40.0-255,66,204015,78,242005
1756,0.034824,172.217.194.0-255,2902,206917,78,242005
1757,0.034827,172.31.40.0-255,66,206983,78,242005
1758,0.037158,172.217.194.0-255,2902,209885,78,242005
1759,0.037163,172.31.40.0-255,66,209951,78,242005
1760,0.037197,172.217.194.0-255,2902,212853,78,242005
1761,0.037201,172.31.40.0-255,66,212919,78,242005
1762,0.03957,172.217.194.0-255,5738,218657,78,242005
1763,0.039576,172.31.40.0-255,66,218723,78,242005
1764,0.041949,172.217.194.0-255,5738,224461,78,242005
1765,0.041968,172.31.40.0-255,66,224527,78,242005
1766,0.04435,172.217.194.0-255,5738,230265,78,242005
1767,0.044356,172.31.40.0-255,66,230331,78,242005
1768,0.046703,172.217.194.0-255,5738,236069,78,242005
1769,0.046708,172.31.40.0-255,66,236135,78,242005
1770,0.049082,172.217.194.0-255,4320,240455,78,242005
1771,0.049087,172.31.40.0-255,66,240521,78,242005
1772,0.04912,172.217.194.0-255,1484,242005,78,242005
1773,0.0,74.125.68.0-255,145,145,78,295777
1774,2e-05,172.31.40.0-255,66,211,78,295777
1775,2.6e-05,74.125.68.0-255,1484,1695,78,295777
1776,3e-05,172.31.40.0-255,66,1761,78,295777
1777,3.5e-05,74.125.68.0-255,2902,4663,78,295777
1778,3.9e-05,172.31.40.0-255,66,4729,78,295777
1779,6.4e-05,74.125.68.0-255,4320,9049,78,295777
1780,6.7e-05,172.31.40.0-255,66,9115,78,295777
1781,7.3e-05,74.125.68.0-255,4853,13968,78,295777
1782,7.5e-05,172.31.40.0-255,66,14034,78,295777
1783,0.000228,74.125.68.0-255,1484,15518,78,295777
1784,0.000232,172.31.40.0-255,66,15584,78,295777
1785,0.000257,74.125.68.0-255,2902,18486,78,295777
1786,0.00026,172.31.40.0-255,66,18552,78,295777
1787,0.000265,74.125.68.0-255,4320,22872,78,295777
1788,0.000267,172.31.40.0-255,66,22938,78,295777
1789,0.000298,74.125.68.0-255,1484,24422,78,295777
1790,0.000301,172.31.40.0-255,66,24488,78,295777
1791,0.000327,172.31.40.0-255,66,24554,78,295777
1792,0.000334,74.125.68.0-255,7156,31710,78,295777
1793,0.000336,172.31.40.0-255,66,31776,78,295777
1794,0.000357,74.125.68.0-255,2902,34678,78,295777
1795,0.00036,172.31.40.0-255,66,34744,78,295777
1796,0.000369,172.31.40.0-255,66,34810,78,295777
1797,0.000398,74.125.68.0-255,7156,41966,78,295777
1798,0.0004,172.31.40.0-255,66,42032,78,295777
1799,0.00042,74.125.68.0-255,2902,44934,78,295777
1800,0.000422,172.31.40.0-255,66,45000,78,295777
1801,0.000426,74.125.68.0-255,3602,48602,78,295777
1802,0.000428,172.31.40.0-255,66,48668,78,295777
1803,0.00043,74.125.68.0-255,431,49099,78,295777
1804,0.000555,74.125.68.0-255,1484,50583,78,295777
1805,0.000559,172.31.40.0-255,66,50649,78,295777
1806,0.000578,74.125.68.0-255,2902,53551,78,295777
1807,0.000581,172.31.40.0-255,66,53617,78,295777
1808,0.000586,74.125.68.0-255,5738,59355,78,295777
1809,0.000588,172.31.40.0-255,66,59421,78,295777
1810,0.000616,74.125.68.0-255,5738,65159,78,295777
1811,0.000619,172.31.40.0-255,66,65225,78,295777
1812,0.000625,74.125.68.0-255,7156,72381,78,295777
1813,0.000627,172.31.40.0-255,66,72447,78,295777
1814,0.000677,172.31.40.0-255,66,72513,78,295777
1815,0.000679,74.125.68.0-255,343,72856,78,295777
1816,0.000809,74.125.68.0-255,1484,74340,78,295777
1817,0.000813,172.31.40.0-255,66,74406,78,295777
1818,0.000828,74.125.68.0-255,2902,77308,78,295777
1819,0.000831,172.31.40.0-255,66,77374,78,295777
1820,0.000864,74.125.68.0-255,5738,83112,78,295777
1821,0.000869,74.125.68.0-255,5738,88850,78,295777
1822,0.000873,172.31.40.0-255,66,88916,78,295777
1823,0.000875,172.31.40.0-255,66,88982,78,295777
1824,0.000898,74.125.68.0-255,7156,96138,78,295777
1825,0.0009,172.31.40.0-255,66,96204,78,295777
1826,0.000925,74.125.68.0-255,2902,99106,78,295777
1827,0.000929,172.31.40.0-255,66,99172,78,295777
1828,0.000953,172.31.40.0-255,66,99238,78,295777
1829,0.001011,74.125.68.0-255,1484,100722,78,295777
1830,0.001023,74.125.68.0-255,2902,103624,78,295777
1831,0.001026,172.31.40.0-255,66,103690,78,295777
1832,0.001049,74.125.68.0-255,5738,109428,78,295777
1833,0.001051,172.31.40.0-255,66,109494,78,295777
1834,0.001068,74.125.68.0-255,1484,110978,78,295777
1835,0.001081,74.125.68.0-255,2902,113880,78,295777
1836,0.001084,172.31.40.0-255,66,113946,78,295777
1837,0.001102,74.125.68.0-255,5738,119684,78,295777
1838,0.001105,172.31.40.0-255,66,119750,78,295777
1839,0.00113,172.31.40.0-255,66,119816,78,295777
1840,0.001173,74.125.68.0-255,2902,122718,78,295777
1841,0.001176,172.31.40.0-255,66,122784,78,295777
1842,0.001194,74.125.68.0-255,2184,124968,78,295777
1843,0.001197,172.31.40.0-255,66,125034,78,295777
1844,0.001296,74.125.68.0-255,1484,126518,78,295777
1845,0.0013,74.125.68.0-255,1484,128002,78,295777
1846,0.001302,172.31.40.0-255,66,128068,78,295777
1847,0.001322,74.125.68.0-255,1484,129552,78,295777
1848,0.001325,74.125.68.0-255,1484,131036,78,295777
1849,0.001327,172.31.40.0-255,66,131102,78,295777
1850,0.001331,74.125.68.0-255,2902,134004,78,295777
1851,0.001333,172.31.40.0-255,66,134070,78,295777
1852,0.001349,74.125.68.0-255,5738,139808,78,295777
1853,0.001352,172.31.40.0-255,66,139874,78,295777
1854,0.001365,74.125.68.0-255,1484,141358,78,295777
1855,0.001389,172.31.40.0-255,66,141424,78,295777
1856,0.001429,74.125.68.0-255,2902,144326,78,295777
1857,0.001432,172.31.40.0-255,66,144392,78,295777
1858,0.001449,74.125.68.0-255,6438,150830,78,295777
1859,0.001452,172.31.40.0-255,66,150896,78,295777
1860,0.001513,74.125.68.0-255,1484,152380,78,295777
1861,0.00153,74.125.68.0-255,2902,155282,78,295777
1862,0.001533,172.31.40.0-255,66,155348,78,295777
1863,0.001536,74.125.68.0-255,1484,156832,78,295777
1864,0.001556,74.125.68.0-255,4320,161152,78,295777
1865,0.001559,172.31.40.0-255,66,161218,78,295777
1866,0.001578,74.125.68.0-255,4320,165538,78,295777
1867,0.001582,172.31.40.0-255,66,165604,78,295777
1868,0.001615,172.31.40.0-255,66,165670,78,295777
1869,0.001631,74.125.68.0-255,5738,171408,78,295777
1870,0.001634,172.31.40.0-255,66,171474,78,295777
1871,0.001658,74.125.68.0-255,5020,176494,78,295777
1872,0.00166,172.31.40.0-255,66,176560,78,295777
1873,0.001665,74.125.68.0-255,2902,179462,78,295777
1874,0.001667,172.31.40.0-255,66,179528,78,295777
1875,0.001693,74.125.68.0-255,2902,182430,78,295777
1876,0.001697,172.31.40.0-255,66,182496,78,295777
1877,0.001713,172.31.40.0-255,66,182562,78,295777
1878,0.001721,74.125.68.0-255,5738,188300,78,295777
1879,0.001723,172.31.40.0-255,66,188366,78,295777
1880,0.001756,172.31.40.0-255,66,188432,78,295777
1881,0.001761,74.125.68.0-255,3602,192034,78,295777
1882,0.001763,172.31.40.0-255,66,192100,78,295777
1883,0.001811,74.125.68.0-255,1484,193584,78,295777
1884,0.001816,74.125.68.0-255,2902,196486,78,295777
1885,0.001818,172.31.40.0-255,66,196552,78,295777
1886,0.001825,74.125.68.0-255,5738,202290,78,295777
1887,0.001827,172.31.40.0-255,66,202356,78,295777
1888,0.001831,74.125.68.0-255,2902,205258,78,295777
1889,0.001833,172.31.40.0-255,66,205324,78,295777
1890,0.001836,74.125.68.0-255,1484,206808,78,295777
1891,0.001858,74.125.68.0-255,2902,209710,78,295777
1892,0.001861,172.31.40.0-255,66,209776,78,295777
1893,0.001872,172.31.40.0-255,66,209842,78,295777
1894,0.001875,74.125.68.0-255,1484,211326,78,295777
1895,0.001899,74.125.68.0-255,4320,215646,78,295777
1896,0.001904,172.31.40.0-255,66,215712,78,295777
1897,0.001933,74.125.68.0-255,2184,217896,78,295777
1898,0.001935,172.31.40.0-255,66,217962,78,295777
1899,0.001954,74.125.68.0-255,2902,220864,78,295777
1900,0.001957,172.31.40.0-255,66,220930,78,295777
1901,0.001982,74.125.68.0-255,7156,228086,78,295777
1902,0.001985,172.31.40.0-255,66,228152,78,295777
1903,0.00199,74.125.68.0-255,2902,231054,78,295777
1904,0.001993,74.125.68.0-255,1484,232538,78,295777
1905,0.001996,172.31.40.0-255,66,232604,78,295777
1906,0.002016,74.125.68.0-255,2902,235506,78,295777
1907,0.002027,74.125.68.0-255,1484,236990,78,295777
1908,0.002037,172.31.40.0-255,66,237056,78,295777
1909,0.002051,74.125.68.0-255,4320,241376,78,295777
1910,0.002069,74.125.68.0-255,4320,245696,78,295777
1911,0.002081,172.31.40.0-255,66,245762,78,295777
1912,0.002085,74.125.68.0-255,2184,247946,78,295777
1913,0.002089,74.125.68.0-255,2902,250848,78,295777
1914,0.002094,74.125.68.0-255,4320,255168,78,295777
1915,0.002106,172.31.40.0-255,66,255234,78,295777
1916,0.002143,172.31.40.0-255,66,255300,78,295777
1917,0.002172,74.125.68.0-255,1484,256784,78,295777
1918,0.002176,74.125.68.0-255,1484,258268,78,295777
1919,0.002193,74.125.68.0-255,2184,260452,78,295777
1920,0.002196,74.125.68.0-255,1484,261936,78,295777
1921,0.0022,172.31.40.0-255,66,262002,78,295777
1922,0.002213,74.125.68.0-255,2902,264904,78,295777
1923,0.00224,74.125.68.0-255,1484,266388,78,295777
1924,0.002251,172.31.40.0-255,66,266454,78,295777
1925,0.002264,74.125.68.0-255,1484,267938,78,295777
1926,0.002284,74.125.68.0-255,4320,272258,78,295777
1927,0.002297,172.31.40.0-255,66,272324,78,295777
1928,0.002308,74.125.68.0-255,5738,278062,78,295777
1929,0.002313,172.31.40.0-255,66,278128,78,295777
1930,0.002327,74.125.68.0-255,1484,279612,78,295777
1931,0.002343,74.125.68.0-255,7156,286768,78,295777
1932,0.002355,74.125.68.0-255,2902,289670,78,295777
1933,0.002357,74.125.68.0-255,425,290095,78,295777
1934,0.002363,172.31.40.0-255,66,290161,78,295777
1935,0.00238,74.125.68.0-255,105,290266,78,295777
1936,0.009696,172.31.40.0-255,66,290332,78,295777
1937,0.009849,172.31.40.0-255,105,290437,78,295777
1938,0.012009,74.125.68.0-255,66,290503,78,295777
1939,0.034252,172.31.40.0-255,172,290675,78,295777
1940,0.034284,172.31.40.0-255,1108,291783,78,295777
1941,0.034352,172.31.40.0-255,1514,293297,78,295777
1942,0.034354,172.31.40.0-255,1514,294811,78,295777
1943,0.03438,172.31.40.0-255,702,295513,78,295777
1944,0.035769,104.244.42.0-255,66,295579,78,295777
1945,0.0358,104.244.42.0-255,66,295645,78,295777
1946,0.035877,104.244.42.0-255,66,295711,78,295777
1947,0.035908,104.244.42.0-255,66,295777,78,295777
1948,0.0,74.125.68.0-255,296,296,78,317200
1949,2.6e-05,172.31.40.0-255,66,362,78,317200
1950,3.3e-05,74.125.68.0-255,1484,1846,78,317200
1951,3.7e-05,172.31.40.0-255,66,1912,78,317200
1952,4.3e-05,74.125.68.0-255,2902,4814,78,317200
1953,4.7e-05,172.31.40.0-255,66,4880,78,317200
1954,5.3e-05,74.125.68.0-255,5738,10618,78,317200
1955,5.7e-05,172.31.40.0-255,66,10684,78,317200
1956,6.2e-05,74.125.68.0-255,3348,14032,78,317200
1957,6.5e-05,172.31.40.0-255,66,14098,78,317200
1958,8.4e-05,74.125.68.0-255,4320,18418,78,317200
1959,8.7e-05,172.31.40.0-255,66,18484,78,317200
1960,0.000112,172.31.40.0-255,66,18550,78,317200
1961,0.000116,74.125.68.0-255,2543,21093,78,317200
1962,0.000118,172.31.40.0-255,66,21159,78,317200
1963,0.000188,74.125.68.0-255,1484,22643,78,317200
1964,0.000191,172.31.40.0-255,66,22709,78,317200
1965,0.000212,74.125.68.0-255,2902,25611,78,317200
1966,0.000215,172.31.40.0-255,66,25677,78,317200
1967,0.000217,74.125.68.0-255,1484,27161,78,317200
1968,0.000219,172.31.40.0-255,66,27227,78,317200
1969,0.000234,74.125.68.0-255,2902,30129,78,317200
1970,0.000236,172.31.40.0-255,66,30195,78,317200
1971,0.000288,74.125.68.0-255,5738,35933,78,317200
1972,0.000291,172.31.40.0-255,66,35999,78,317200
1973,0.000295,74.125.68.0-255,2543,38542,78,317200
1974,0.000297,172.31.40.0-255,66,38608,78,317200
1975,0.000348,74.125.68.0-255,1484,40092,78,317200
1976,0.000351,172.31.40.0-255,66,40158,78,317200
1977,0.00037,74.125.68.0-255,2902,43060,78,317200
1978,0.000373,172.31.40.0-255,66,43126,78,317200
1979,0.000376,74.125.68.0-255,1484,44610,78,317200
1980,0.000383,74.125.68.0-255,4320,48930,78,317200
1981,0.000385,172.31.40.0-255,66,48996,78,317200
1982,0.000405,74.125.68.0-255,1484,50480,78,317200
1983,0.000421,74.125.68.0-255,5723,56203,78,317200
1984,0.000423,172.31.40.0-255,66,56269,78,317200
1985,0.000441,74.125.68.0-255,334,56603,78,317200
1986,0.000667,74.125.68.0-255,1484,58087,78,317200
1987,0.000672,172.31.40.0-255,66,58153,78,317200
1988,0.000678,74.125.68.0-255,2902,61055,78,317200
1989,0.00068,172.31.40.0-255,66,61121,78,317200
1990,0.000708,74.125.68.0-255,5738,66859,78,317200
1991,0.000711,172.31.40.0-255,66,66925,78,317200
1992,0.000716,74.125.68.0-255,2902,69827,78,317200
1993,0.000717,172.31.40.0-255,66,69893,78,317200
1994,0.000733,74.125.68.0-255,3961,73854,78,317200
1995,0.000735,172.31.40.0-255,66,73920,78,317200
1996,0.000773,74.125.68.0-255,4320,78240,78,317200
1997,0.000776,172.31.40.0-255,66,78306,78,317200
1998,0.000794,74.125.68.0-255,1484,79790,78,317200
1999,0.000802,74.125.68.0-255,7156,86946,78,317200
2000,0.000804,172.31.40.0-255,66,87012,78,317200
2001,0.000818,74.125.68.0-255,2902,89914,78,317200
2002,0.000821,172.31.40.0-255,66,89980,78,317200
2003,0.000841,74.125.68.0-255,1125,91105,78,317200
2004,0.001261,74.125.68.0-255,1484,92589,78,317200
2005,0.001266,172.31.40.0-255,66,92655,78,317200
2006,0.001271,74.125.68.0-255,2902,95557,78,317200
2007,0.001273,172.31.40.0-255,66,95623,78,317200
2008,0.001276,74.125.68.0-255,1484,97107,78,317200
2009,0.0013,74.125.68.0-255,2902,100009,78,317200
2010,0.001302,172.31.40.0-255,66,100075,78,317200
2011,0.001321,74.125.68.0-255,5738,105813,78,317200
2012,0.001323,172.31.40.0-255,66,105879,78,317200
2013,0.001328,74.125.68.0-255,2902,108781,78,317200
2014,0.00133,172.31.40.0-255,66,108847,78,317200
2015,0.001351,74.125.68.0-255,4320,113167,78,317200
2016,0.001354,172.31.40.0-255,66,113233,78,317200
2017,0.001364,172.31.40.0-255,66,113299,78,317200
2018,0.001388,74.125.68.0-255,3602,116901,78,317200
2019,0.001391,172.31.40.0-255,66,116967,78,317200
2020,0.001671,74.125.68.0-255,1484,118451,78,317200
2021,0.001676,74.125.68.0-255,1484,119935,78,317200
2022,0.001679,172.31.40.0-255,66,120001,78,317200
2023,0.001697,74.125.68.0-255,1484,121485,78,317200
2024,0.001703,74.125.68.0-255,5738,127223,78,317200
2025,0.001706,172.31.40.0-255,66,127289,78,317200
2026,0.001734,74.125.68.0-255,4320,131609,78,317200
2027,0.001738,172.31.40.0-255,66,131675,78,317200
2028,0.001767,172.31.40.0-255,66,131741,78,317200
2029,0.001784,74.125.68.0-255,1484,133225,78,317200
2030,0.001808,172.31.40.0-255,66,133291,78,317200
2031,0.001842,74.125.68.0-255,1484,134775,78,317200
2032,0.001847,74.125.68.0-255,2902,137677,78,317200
2033,0.00185,172.31.40.0-255,66,137743,78,317200
2034,0.001872,74.125.68.0-255,5738,143481,78,317200
2035,0.001875,172.31.40.0-255,66,143547,78,317200
2036,0.001898,74.125.68.0-255,4320,147867,78,317200
2037,0.0019,172.31.40.0-255,66,147933,78,317200
2038,0.001907,74.125.68.0-255,5738,153671,78,317200
2039,0.001909,172.31.40.0-255,66,153737,78,317200
2040,0.001925,74.125.68.0-255,4320,158057,78,317200
2041,0.001928,172.31.40.0-255,66,158123,78,317200
2042,0.001949,74.125.68.0-255,7156,165279,78,317200
2043,0.001953,172.31.40.0-255,66,165345,78,317200
2044,0.001957,74.125.68.0-255,2184,167529,78,317200
2045,0.001959,172.31.40.0-255,66,167595,78,317200
2046,0.002097,74.125.68.0-255,1484,169079,78,317200
2047,0.002103,74.125.68.0-255,2902,171981,78,317200
2048,0.002106,172.31.40.0-255,66,172047,78,317200
2049,0.002128,74.125.68.0-255,5738,177785,78,317200
2050,0.002131,172.31.40.0-255,66,177851,78,317200
2051,0.002135,74.125.68.0-255,1484,179335,78,317200
2052,0.002155,74.125.68.0-255,4320,183655,78,317200
2053,0.002158,172.31.40.0-255,66,183721,78,317200
2054,0.002189,74.125.68.0-255,4320,188041,78,317200
2055,0.002191,172.31.40.0-255,66,188107,78,317200
2056,0.002213,74.125.68.0-255,2902,191009,78,317200
2057,0.002216,172.31.40.0-255,66,191075,78,317200
2058,0.002229,172.31.40.0-255,66,191141,78,317200
2059,0.004481,74.125.68.0-255,5738,196879,78,317200
2060,0.004488,172.31.40.0-255,66,196945,78,317200
2061,0.006741,74.125.68.0-255,5738,202683,78,317200
2062,0.006748,172.31.40.0-255,66,202749,78,317200
2063,0.008996,74.125.68.0-255,5738,208487,78,317200
2064,0.009002,172.31.40.0-255,66,208553,78,317200
2065,0.011254,74.125.68.0-255,5738,214291,78,317200
2066,0.011263,172.31.40.0-255,66,214357,78,317200
2067,0.013527,74.125.68.0-255,5738,220095,78,317200
2068,0.013535,172.31.40.0-255,66,220161,78,317200
2069,0.015799,74.125.68.0-255,5738,225899,78,317200
2070,0.015807,172.31.40.0-255,66,225965,78,317200
2071,0.018061,74.125.68.0-255,5738,231703,78,317200
2072,0.018067,172.31.40.0-255,66,231769,78,317200
2073,0.02032,74.125.68.0-255,5738,237507,78,317200
2074,0.020328,172.31.40.0-255,66,237573,78,317200
2075,0.022572,74.125.68.0-255,5738,243311,78,317200
2076,0.022579,172.31.40.0-255,66,243377,78,317200
2077,0.024826,74.125.68.0-255,5738,249115,78,317200
2078,0.024832,172.31.40.0-255,66,249181,78,317200
2079,0.027079,74.125.68.0-255,5738,254919,78,317200
2080,0.027085,172.31.40.0-255,66,254985,78,317200
2081,0.029343,74.125.68.0-255,5738,260723,78,317200
2082,0.029349,172.31.40.0-255,66,260789,78,317200
2083,0.0316,74.125.68.0-255,5738,266527,78,317200
2084,0.031607,172.31.40.0-255,66,266593,78,317200
2085,0.033864,74.125.68.0-255,5738,272331,78,317200
2086,0.033872,172.31.40.0-255,66,272397,78,317200
2087,0.036135,74.125.68.0-255,5738,278135,78,317200
2088,0.036141,172.31.40.0-255,66,278201,78,317200
2089,0.038401,74.125.68.0-255,5738,283939,78,317200
2090,0.038408,172.31.40.0-255,66,284005,78,317200
2091,0.040669,74.125.68.0-255,5738,289743,78,317200
2092,0.040675,172.31.40.0-255,66,289809,78,317200
2093,0.042934,74.125.68.0-255,5738,295547,78,317200
2094,0.042945,172.31.40.0-255,66,295613,78,317200
2095,0.045207,74.125.68.0-255,5738,301351,78,317200
2096,0.045214,172.31.40.0-255,66,301417,78,317200
2097,0.047467,74.125.68.0-255,5738,307155,78,317200
2098,0.047475,172.31.40.0-255,66,307221,78,317200
2099,0.048268,172.31.40.0-255,172,307393,78,317200
2100,0.0483,172.31.40.0-255,1103,308496,78,317200
2101,0.048365,172.31.40.0-255,1514,310010,78,317200
2102,0.048367,172.31.40.0-255,1188,311198,78,317200
2103,0.049734,74.125.68.0-255,5738,316936,78,317200
2104,0.049742,172.31.40.0-255,66,317002,78,317200
2105,0.049787,104.244.42.0-255,66,317068,78,317200
2106,0.049891,104.244.42.0-255,66,317134,78,317200
2107,0.04994,104.244.42.0-255,66,317200,78,317200
2108,0.0,74.125.68.0-255,146,146,78,218569
2109,2.3e-05,172.31.40.0-255,66,212,78,218569
2110,3.1e-05,74.125.68.0-255,1484,1696,78,218569
2111,3.6e-05,172.31.40.0-255,66,1762,78,218569
2112,4.1e-05,74.125.68.0-255,2902,4664,78,218569
2113,4.5e-05,172.31.40.0-255,66,4730,78,218569
2114,5.1e-05,74.125.68.0-255,4320,9050,78,218569
2115,5.5e-05,172.31.40.0-255,66,9116,78,218569
2116,9.3e-05,172.31.40.0-255,66,9182,78,218569
2117,9.8e-05,74.125.68.0-255,4320,13502,78,218569
2118,0.000101,172.31.40.0-255,66,13568,78,218569
2119,0.000153,172.31.40.0-255,66,13634,78,218569
2120,0.000186,74.125.68.0-255,2902,16536,78,218569
2121,0.000189,172.31.40.0-255,66,16602,78,218569
2122,0.00021,74.125.68.0-255,4320,20922,78,218569
2123,0.000213,172.31.40.0-255,66,20988,78,218569
2124,0.000234,74.125.68.0-255,4320,25308,78,218569
2125,0.000237,172.31.40.0-255,66,25374,78,218569
2126,0.00026,74.125.68.0-255,4320,29694,78,218569
2127,0.000263,172.31.40.0-255,66,29760,78,218569
2128,0.000266,74.125.68.0-255,1125,30885,78,218569
2129,0.000268,172.31.40.0-255,66,30951,78,218569
2130,0.000775,74.125.68.0-255,1484,32435,78,218569
2131,0.000781,172.31.40.0-255,66,32501,78,218569
2132,0.000785,74.125.68.0-255,1484,33985,78,218569
2133,0.000788,172.31.40.0-255,66,34051,78,218569
2134,0.000793,74.125.68.0-255,2902,36953,78,218569
2135,0.000796,172.31.40.0-255,66,37019,78,218569
2136,0.00081,74.125.68.0-255,1484,38503,78,218569
2137,0.000812,172.31.40.0-255,66,38569,78,218569
2138,0.000831,74.125.68.0-255,4320,42889,78,218569
2139,0.000834,172.31.40.0-255,66,42955,78,218569
2140,0.000839,74.125.68.0-255,4320,47275,78,218569
2141,0.000841,172.31.40.0-255,66,47341,78,218569
2142,0.000859,74.125.68.0-255,1705,49046,78,218569
2143,0.000861,172.31.40.0-255,66,49112,78,218569
2144,0.00133,74.125.68.0-255,1484,50596,78,218569
2145,0.001339,74.125.68.0-255,1484,52080,78,218569
2146,0.001343,172.31.40.0-255,66,52146,78,218569
2147,0.001365,74.125.68.0-255,2902,55048,78,218569
2148,0.001368,172.31.40.0-255,66,55114,78,218569
2149,0.001375,74.125.68.0-255,5738,60852,78,218569
2150,0.001377,172.31.40.0-255,66,60918,78,218569
2151,0.001394,74.125.68.0-255,2902,63820,78,218569
2152,0.001396,172.31.40.0-255,66,63886,78,218569
2153,0.001412,74.125.68.0-255,7156,71042,78,218569
2154,0.001414,172.31.40.0-255,66,71108,78,218569
2155,0.001419,74.125.68.0-255,2902,74010,78,218569
2156,0.001421,172.31.40.0-255,66,74076,78,218569
2157,0.001452,172.31.40.0-255,66,74142,78,218569
2158,0.001455,74.125.68.0-255,766,74908,78,218569
2159,0.001807,74.125.68.0-255,1484,76392,78,218569
2160,0.001813,172.31.40.0-255,66,76458,78,218569
2161,0.00182,74.125.68.0-255,2902,79360,78,218569
2162,0.001822,172.31.40.0-255,66,79426,78,218569
2163,0.001826,74.125.68.0-255,1484,80910,78,218569
2164,0.001844,74.125.68.0-255,4320,85230,78,218569
2165,0.001846,172.31.40.0-255,66,85296,78,218569
2166,0.001851,74.125.68.0-255,2902,88198,78,218569
2167,0.001853,172.31.40.0-255,66,88264,78,218569
2168,0.001873,74.125.68.0-255,4320,92584,78,218569
2169,0.001875,172.31.40.0-255,66,92650,78,218569
2170,0.001878,74.125.68.0-255,1484,94134,78,218569
2171,0.001896,74.125.68.0-255,5738,99872,78,218569
2172,0.001899,172.31.40.0-255,66,99938,78,218569
2173,0.001921,74.125.68.0-255,1484,101422,78,218569
2174,0.001926,74.125.68.0-255,4320,105742,78,218569
2175,0.001928,172.31.40.0-255,66,105808,78,218569
2176,0.001974,74.125.68.0-255,3602,109410,78,218569
2177,0.001977,172.31.40.0-255,66,109476,78,218569
2178,0.004541,74.125.68.0-255,1484,110960,78,218569
2179,0.00459,74.125.68.0-255,1484,112444,78,218569
2180,0.004593,172.31.40.0-255,66,112510,78,218569
2181,0.00461,74.125.68.0-255,2902,115412,78,218569
2182,0.004613,172.31.40.0-255,66,115478,78,218569
2183,0.007215,74.125.68.0-255,5738,121216,78,218569
2184,0.007222,172.31.40.0-255,66,121282,78,218569
2185,0.009846,74.125.68.0-255,5738,127020,78,218569
2186,0.009854,172.31.40.0-255,66,127086,78,218569
2187,0.012498,74.125.68.0-255,5738,132824,78,218569
2188,0.012509,172.31.40.0-255,66,132890,78,218569
2189,0.015175,74.125.68.0-255,5738,138628,78,218569
2190,0.015188,172.31.40.0-255,66,138694,78,218569
2191,0.017817,74.125.68.0-255,5738,144432,78,218569
2192,0.017827,172.31.40.0-255,66,144498,78,218569
2193,0.020454,74.125.68.0-255,5738,150236,78,218569
2194,0.020461,172.31.40.0-255,66,150302,78,218569
2195,0.023084,74.125.68.0-255,2902,153204,78,218569
2196,0.023093,172.31.40.0-255,66,153270,78,218569
2197,0.023121,74.125.68.0-255,2902,156172,78,218569
2198,0.023123,172.31.40.0-255,66,156238,78,218569
2199,0.024685,172.31.40.0-255,172,156410,78,218569
2200,0.024714,172.31.40.0-255,1109,157519,78,218569
2201,0.024772,172.31.40.0-255,1514,159033,78,218569
2202,0.024774,172.31.40.0-255,1298,160331,78,218569
2203,0.02576,74.125.68.0-255,5738,166069,78,218569
2204,0.025767,172.31.40.0-255,66,166135,78,218569
2205,0.026253,104.244.42.0-255,66,166201,78,218569
2206,0.026289,104.244.42.0-255,66,166267,78,218569
2207,0.02633,104.244.42.0-255,66,166333,78,218569
2208,0.028384,74.125.68.0-255,5738,172071,78,218569
2209,0.028391,172.31.40.0-255,66,172137,78,218569
2210,0.03104,74.125.68.0-255,5738,177875,78,218569
2211,0.031047,172.31.40.0-255,66,177941,78,218569
2212,0.033678,74.125.68.0-255,5738,183679,78,218569
2213,0.033685,172.31.40.0-255,66,183745,78,218569
2214,0.036311,74.125.68.0-255,5738,189483,78,218569
2215,0.036318,172.31.40.0-255,66,189549,78,218569
2216,0.038931,74.125.68.0-255,5738,195287,78,218569
2217,0.038938,172.31.40.0-255,66,195353,78,218569
2218,0.041575,74.125.68.0-255,5738,201091,78,218569
2219,0.041581,172.31.40.0-255,66,201157,78,218569
2220,0.044226,74.125.68.0-255,5738,206895,78,218569
2221,0.044255,172.31.40.0-255,66,206961,78,218569
2222,0.04691,74.125.68.0-255,5738,212699,78,218569
2223,0.046917,172.31.40.0-255,66,212765,78,218569
2224,0.049547,74.125.68.0-255,5738,218503,78,218569
2225,0.049555,172.31.40.0-255,66,218569,78,218569
2226,0.0,216.58.221.0-255,150,150,78,280992
2227,2.1e-05,172.31.40.0-255,66,216,78,280992
2228,2.7e-05,216.58.221.0-255,1484,1700,78,280992
2229,3.2e-05,172.31.40.0-255,66,1766,78,280992
2230,3.7e-05,216.58.221.0-255,2902,4668,78,280992
2231,4e-05,172.31.40.0-255,66,4734,78,280992
2232,4.6e-05,216.58.221.0-255,5738,10472,78,280992
2233,4.8e-05,172.31.40.0-255,66,10538,78,280992
2234,7.1e-05,216.58.221.0-255,3453,13991,78,280992
2235,7.4e-05,172.31.40.0-255,66,14057,78,280992
2236,0.000128,216.58.221.0-255,1484,15541,78,280992
2237,0.00013,172.31.40.0-255,66,15607,78,280992
2238,0.000151,216.58.221.0-255,2902,18509,78,280992
2239,0.000153,172.31.40.0-255,66,18575,78,280992
2240,0.000157,216.58.221.0-255,2902,21477,78,280992
2241,0.000159,172.31.40.0-255,66,21543,78,280992
2242,0.000174,216.58.221.0-255,4320,25863,78,280992
2243,0.000176,172.31.40.0-255,66,25929,78,280992
2244,0.000224,216.58.221.0-255,5379,31308,78,280992
2245,0.000227,172.31.40.0-255,66,31374,78,280992
2246,0.000298,216.58.221.0-255,1484,32858,78,280992
2247,0.000301,172.31.40.0-255,66,32924,78,280992
2248,0.000304,216.58.221.0-255,1484,34408,78,280992
2249,0.000305,172.31.40.0-255,66,34474,78,280992
2250,0.000309,216.58.221.0-255,2902,37376,78,280992
2251,0.000311,172.31.40.0-255,66,37442,78,280992
2252,0.00034,216.58.221.0-255,5738,43180,78,280992
2253,0.000343,172.31.40.0-255,66,43246,78,280992
2254,0.000362,216.58.221.0-255,4320,47566,78,280992
2255,0.000365,172.31.40.0-255,66,47632,78,280992
2256,0.000374,216.58.221.0-255,1125,48757,78,280992
2257,0.000376,172.31.40.0-255,66,48823,78,280992
2258,0.00055,216.58.221.0-255,1484,50307,78,280992
2259,0.000555,216.58.221.0-255,1484,51791,78,280992
2260,0.000558,172.31.40.0-255,66,51857,78,280992
2261,0.000573,216.58.221.0-255,1484,53341,78,280992
2262,0.000578,216.58.221.0-255,2902,56243,78,280992
2263,0.00058,172.31.40.0-255,66,56309,78,280992
2264,0.000584,216.58.221.0-255,4320,60629,78,280992
2265,0.000587,172.31.40.0-255,66,60695,78,280992
2266,0.000619,216.58.221.0-255,5674,66369,78,280992
2267,0.000622,172.31.40.0-255,66,66435,78,280992
2268,0.001261,216.58.221.0-255,131,66566,78,280992
2269,0.001454,216.58.221.0-255,1484,68050,78,280992
2270,0.00146,172.31.40.0-255,66,68116,78,280992
2271,0.001466,216.58.221.0-255,2902,71018,78,280992
2272,0.001468,172.31.40.0-255,66,71084,78,280992
2273,0.001473,216.58.221.0-255,5738,76822,78,280992
2274,0.001475,172.31.40.0-255,66,76888,78,280992
2275,0.001507,216.58.221.0-255,6797,83685,78,280992
2276,0.001509,172.31.40.0-255,66,83751,78,280992
2277,0.001516,216.58.221.0-255,7156,90907,78,280992
2278,0.001517,172.31.40.0-255,66,90973,78,280992
2279,0.001542,216.58.221.0-255,5738,96711,78,280992
2280,0.001543,172.31.40.0-255,66,96777,78,280992
2281,0.001559,216.58.221.0-255,3961,100738,78,280992
2282,0.001561,172.31.40.0-255,66,100804,78,280992
2283,0.001631,216.58.221.0-255,1484,102288,78,280992
2284,0.001647,216.58.221.0-255,2902,105190,78,280992
2285,0.001649,172.31.40.0-255,66,105256,78,280992
2286,0.001655,216.58.221.0-255,4320,109576,78,280992
2287,0.001656,172.31.40.0-255,66,109642,78,280992
2288,0.001668,216.58.221.0-255,1484,111126,78,280992
2289,0.001673,216.58.221.0-255,4320,115446,78,280992
2290,0.001674,172.31.40.0-255,66,115512,78,280992
2291,0.001705,172.31.40.0-255,66,115578,78,280992
2292,0.001716,172.31.40.0-255,66,115644,78,280992
2293,0.001819,216.58.221.0-255,1484,117128,78,280992
2294,0.001837,216.58.221.0-255,2902,120030,78,280992
2295,0.001839,172.31.40.0-255,66,120096,78,280992
2296,0.001843,216.58.221.0-255,2902,122998,78,280992
2297,0.001844,172.31.40.0-255,66,123064,78,280992
2298,0.00185,216.58.221.0-255,4320,127384,78,280992
2299,0.001852,172.31.40.0-255,66,127450,78,280992
2300,0.001881,172.31.40.0-255,66,127516,78,280992
2301,0.001898,216.58.221.0-255,2902,130418,78,280992
2302,0.001911,172.31.40.0-255,66,130484,78,280992
2303,0.001936,172.31.40.0-255,66,130550,78,280992
2304,0.003813,216.58.221.0-255,1484,132034,78,280992
2305,0.003829,216.58.221.0-255,4320,136354,78,280992
2306,0.003832,172.31.40.0-255,66,136420,78,280992
2307,0.005719,216.58.221.0-255,5738,142158,78,280992
2308,0.005725,172.31.40.0-255,66,142224,78,280992
2309,0.00762,216.58.221.0-255,5738,147962,78,280992
2310,0.007625,172.31.40.0-255,66,148028,78,280992
2311,0.009519,216.58.221.0-255,5738,153766,78,280992
2312,0.009526,172.31.40.0-255,66,153832,78,280992
2313,0.011428,216.58.221.0-255,5738,159570,78,280992
2314,0.011434,172.31.40.0-255,66,159636,78,280992
2315,0.013331,216.58.221.0-255,5738,165374,78,280992
2316,0.013339,172.31.40.0-255,66,165440,78,280992
2317,0.015234,216.58.221.0-255,5738,171178,78,280992
2318,0.015239,172.31.40.0-255,66,171244,78,280992
2319,0.017164,216.58.221.0-255,5738,176982,78,280992
2320,0.017171,172.31.40.0-255,66,177048,78,280992
2321,0.019064,216.58.221.0-255,5738,182786,78,280992
2322,0.01907,172.31.40.0-255,66,182852,78,280992
2323,0.020969,216.58.221.0-255,5738,188590,78,280992
2324,0.020976,172.31.40.0-255,66,188656,78,280992
2325,0.022873,216.58.221.0-255,5738,194394,78,280992
2326,0.02288,172.31.40.0-255,66,194460,78,280992
2327,0.024766,216.58.221.0-255,5738,200198,78,280992
2328,0.024773,172.31.40.0-255,66,200264,78,280992
2329,0.026657,216.58.221.0-255,5738,206002,78,280992
2330,0.026662,172.31.40.0-255,66,206068,78,280992
2331,0.027832,172.31.40.0-255,176,206244,78,280992
2332,0.027865,172.31.40.0-255,1107,207351,78,280992
2333,0.027928,172.31.40.0-255,1514,208865,78,280992
2334,0.02793,172.31.40.0-255,1514,210379,78,280992
2335,0.027954,172.31.40.0-255,701,211080,78,280992
2336,0.028561,216.58.221.0-255,5738,216818,78,280992
2337,0.028567,172.31.40.0-255,66,216884,78,280992
2338,0.029383,104.244.42.0-255,66,216950,78,280992
2339,0.029406,104.244.42.0-255,66,217016,78,280992
2340,0.029472,104.244.42.0-255,66,217082,78,280992
2341,0.029484,104.244.42.0-255,66,217148,78,280992
2342,0.030454,216.58.221.0-255,5738,222886,78,280992
2343,0.030458,172.31.40.0-255,66,222952,78,280992
2344,0.032361,216.58.221.0-255,5738,228690,78,280992
2345,0.032367,172.31.40.0-255,66,228756,78,280992
2346,0.03427,216.58.221.0-255,5738,234494,78,280992
2347,0.034277,172.31.40.0-255,66,234560,78,280992
2348,0.036176,216.58.221.0-255,5738,240298,78,280992
2349,0.036182,172.31.40.0-255,66,240364,78,280992
2350,0.038084,216.58.221.0-255,5738,246102,78,280992
2351,0.03809,172.31.40.0-255,66,246168,78,280992
2352,0.039987,216.58.221.0-255,5738,251906,78,280992
2353,0.039994,172.31.40.0-255,66,251972,78,280992
2354,0.041892,216.58.221.0-255,5738,257710,78,280992
2355,0.041906,172.31.40.0-255,66,257776,78,280992
2356,0.043804,216.58.221.0-255,5738,263514,78,280992
2357,0.043813,172.31.40.0-255,66,263580,78,280992
2358,0.04571,216.58.221.0-255,5738,269318,78,280992
2359,0.045716,172.31.40.0-255,66,269384,78,280992
2360,0.047615,216.58.221.0-255,5738,275122,78,280992
2361,0.04762,172.31.40.0-255,66,275188,78,280992
2362,0.049516,216.58.221.0-255,5738,280926,78,280992
2363,0.049522,172.31.40.0-255,66,280992,78,280992
2364,0.0,172.217.194.0-255,153,153,78,235812
2365,2.4e-05,172.31.40.0-255,66,219,78,235812
2366,3.1e-05,172.217.194.0-255,1484,1703,78,235812
2367,3.5e-05,172.31.40.0-255,66,1769,78,235812
2368,4e-05,172.217.194.0-255,2902,4671,78,235812
2369,4.4e-05,172.31.40.0-255,66,4737,78,235812
2370,5.1e-05,172.217.194.0-255,7156,11893,78,235812
2371,5.5e-05,172.31.40.0-255,66,11959,78,235812
2372,5.9e-05,172.217.194.0-255,2138,14097,78,235812
2373,6.1e-05,172.31.40.0-255,66,14163,78,235812
2374,0.000103,172.217.194.0-255,4320,18483,78,235812
2375,0.000107,172.31.40.0-255,66,18549,78,235812
2376,0.00011,172.217.194.0-255,1484,20033,78,235812
2377,0.000112,172.31.40.0-255,66,20099,78,235812
2378,0.000131,172.217.194.0-255,4320,24419,78,235812
2379,0.000134,172.31.40.0-255,66,24485,78,235812
2380,0.000173,172.217.194.0-255,6797,31282,78,235812
2381,0.000176,172.31.40.0-255,66,31348,78,235812
2382,0.00023,172.217.194.0-255,1484,32832,78,235812
2383,0.000233,172.31.40.0-255,66,32898,78,235812
2384,0.000238,172.217.194.0-255,2902,35800,78,235812
2385,0.00024,172.31.40.0-255,66,35866,78,235812
2386,0.000265,172.217.194.0-255,2902,38768,78,235812
2387,0.000268,172.31.40.0-255,66,38834,78,235812
2388,0.000275,172.217.194.0-255,7156,45990,78,235812
2389,0.000278,172.31.40.0-255,66,46056,78,235812
2390,0.000312,172.217.194.0-255,5738,51794,78,235812
2391,0.000314,172.31.40.0-255,66,51860,78,235812
2392,0.000347,172.31.40.0-255,66,51926,78,235812
2393,0.00035,172.217.194.0-255,1484,53410,78,235812
2394,0.000352,172.31.40.0-255,66,53476,78,235812
2395,0.000355,172.217.194.0-255,1402,54878,78,235812
2396,0.000397,172.217.194.0-255,114,54992,78,235812
2397,0.000425,172.217.194.0-255,384,55376,78,235812
2398,0.000549,172.31.40.0-255,66,55442,78,235812
2399,0.000613,172.217.194.0-255,1484,56926,78,235812
2400,0.00062,172.217.194.0-255,2902,59828,78,235812
2401,0.000628,172.31.40.0-255,66,59894,78,235812
2402,0.000639,172.217.194.0-255,5738,65632,78,235812
2403,0.000649,172.31.40.0-255,66,65698,78,235812
2404,0.000667,172.217.194.0-255,4320,70018,78,235812
2405,0.000676,172.31.40.0-255,66,70084,78,235812
2406,0.000688,172.217.194.0-255,7156,77240,78,235812
2407,0.000698,172.217.194.0-255,1484,78724,78,235812
2408,0.000701,172.31.40.0-255,66,78790,78,235812
2409,0.000714,172.217.194.0-255,5738,84528,78,235812
2410,0.00073,172.217.194.0-255,5020,89548,78,235812
2411,0.000741,172.31.40.0-255,66,89614,78,235812
2412,0.001025,172.217.194.0-255,1484,91098,78,235812
2413,0.00103,172.217.194.0-255,1484,92582,78,235812
2414,0.00105,172.31.40.0-255,66,92648,78,235812
2415,0.001054,172.217.194.0-255,1484,94132,78,235812
2416,0.001061,172.217.194.0-255,5738,99870,78,235812
2417,0.001065,172.217.194.0-255,2902,102772,78,235812
2418,0.001071,172.31.40.0-255,66,102838,78,235812
2419,0.001094,172.217.194.0-255,7156,109994,78,235812
2420,0.001101,172.31.40.0-255,66,110060,78,235812
2421,0.001165,172.31.40.0-255,66,110126,78,235812
2422,0.001318,172.217.194.0-255,1484,111610,78,235812
2423,0.001324,172.217.194.0-255,2902,114512,78,235812
2424,0.001327,172.31.40.0-255,66,114578,78,235812
2425,0.001331,172.217.194.0-255,1484,116062,78,235812
2426,0.001352,172.217.194.0-255,4320,120382,78,235812
2427,0.001358,172.217.194.0-255,4320,124702,78,235812
2428,0.001363,172.31.40.0-255,66,124768,78,235812
2429,0.001442,172.31.40.0-255,66,124834,78,235812
2430,0.00145,172.217.194.0-255,1484,126318,78,235812
2431,0.001455,172.217.194.0-255,2902,129220,78,235812
2432,0.001461,172.217.194.0-255,5738,134958,78,235812
2433,0.001499,172.217.194.0-255,4320,139278,78,235812
2434,0.001504,172.31.40.0-255,66,139344,78,235812
2435,0.001525,172.217.194.0-255,4320,143664,78,235812
2436,0.00154,172.217.194.0-255,6438,150102,78,235812
2437,0.001545,172.31.40.0-255,66,150168,78,235812
2438,0.001598,172.217.194.0-255,1484,151652,78,235812
2439,0.001605,172.217.194.0-255,2902,154554,78,235812
2440,0.001608,172.217.194.0-255,1484,156038,78,235812
2441,0.001628,172.217.194.0-255,4320,160358,78,235812
2442,0.001642,172.217.194.0-255,5738,166096,78,235812
2443,0.001648,172.31.40.0-255,66,166162,78,235812
2444,0.00167,172.217.194.0-255,7156,173318,78,235812
2445,0.001674,172.217.194.0-255,1484,174802,78,235812
2446,0.001679,172.31.40.0-255,66,174868,78,235812
2447,0.001728,172.31.40.0-255,66,174934,78,235812
2448,0.001779,172.217.194.0-255,1484,176418,78,235812
2449,0.001783,172.217.194.0-255,1484,177902,78,235812
2450,0.001789,172.31.40.0-255,66,177968,78,235812
2451,0.001798,172.217.194.0-255,1484,179452,78,235812
2452,0.001803,172.217.194.0-255,2902,182354,78,235812
2453,0.001816,172.217.194.0-255,2902,185256,78,235812
2454,0.001821,172.217.194.0-255,2902,188158,78,235812
2455,0.001831,172.31.40.0-255,66,188224,78,235812
2456,0.001847,172.217.194.0-255,5738,193962,78,235812
2457,0.001862,172.31.40.0-255,66,194028,78,235812
2458,0.001885,172.217.194.0-255,5020,199048,78,235812
2459,0.0019,172.31.40.0-255,66,199114,78,235812
2460,0.001926,172.217.194.0-255,1484,200598,78,235812
2461,0.001946,172.217.194.0-255,2902,203500,78,235812
2462,0.001962,172.217.194.0-255,4320,207820,78,235812
2463,0.00197,172.31.40.0-255,66,207886,78,235812
2464,0.001988,172.217.194.0-255,1484,209370,78,235812
2465,0.002022,172.31.40.0-255,66,209436,78,235812
2466,0.002034,172.217.194.0-255,5738,215174,78,235812
2467,0.002078,172.217.194.0-255,2902,218076,78,235812
2468,0.002083,172.217.194.0-255,4320,222396,78,235812
2469,0.002089,172.31.40.0-255,66,222462,78,235812
2470,0.00211,172.217.194.0-255,6438,228900,78,235812
2471,0.002125,172.31.40.0-255,66,228966,78,235812
2472,0.002166,172.217.194.0-255,6438,235404,78,235812
2473,0.002257,172.31.40.0-255,66,235470,78,235812
2474,0.00441,172.217.194.0-255,105,235575,78,235812
2475,0.004602,172.31.40.0-255,66,235641,78,235812
2476,0.00464,172.31.40.0-255,105,235746,78,235812
2477,0.006798,172.217.194.0-255,66,235812,78,235812
2478,0.0,172.217.194.0-255,146,146,78,287141
2479,3.9e-05,172.31.40.0-255,66,212,78,287141
2480,4.8e-05,172.217.194.0-255,1484,1696,78,287141
2481,5.2e-05,172.31.40.0-255,66,1762,78,287141
2482,5.8e-05,172.217.194.0-255,2902,4664,78,287141
2483,6.1e-05,172.31.40.0-255,66,4730,78,287141
2484,6.4e-05,172.217.194.0-255,1484,6214,78,287141
2485,6.6e-05,172.31.40.0-255,66,6280,78,287141
2486,7.2e-05,172.217.194.0-255,2902,9182,78,287141
2487,7.5e-05,172.31.40.0-255,66,9248,78,287141
2488,8.2e-05,172.217.194.0-255,6418,15666,78,287141
2489,8.5e-05,172.31.40.0-255,66,15732,78,287141
2490,0.000114,172.217.194.0-255,5738,21470,78,287141
2491,0.000118,172.31.40.0-255,66,21536,78,287141
2492,0.000158,172.217.194.0-255,4320,25856,78,287141
2493,0.00016,172.31.40.0-255,66,25922,78,287141
2494,0.000174,172.217.194.0-255,5379,31301,78,287141
2495,0.000177,172.31.40.0-255,66,31367,78,287141
2496,0.000451,172.217.194.0-255,1484,32851,78,287141
2497,0.000468,172.31.40.0-255,66,32917,78,287141
2498,0.000474,172.217.194.0-255,2902,35819,78,287141
2499,0.000477,172.31.40.0-255,66,35885,78,287141
2500,0.000483,172.217.194.0-255,5738,41623,78,287141
2501,0.000486,172.31.40.0-255,66,41689,78,287141
2502,0.000517,172.31.40.0-255,66,41755,78,287141
2503,0.000521,172.217.194.0-255,2902,44657,78,287141
2504,0.000523,172.31.40.0-255,66,44723,78,287141
2505,0.000539,172.217.194.0-255,5738,50461,78,287141
2506,0.000541,172.31.40.0-255,66,50527,78,287141
2507,0.00058,172.217.194.0-255,7048,57575,78,287141
2508,0.000583,172.31.40.0-255,66,57641,78,287141
2509,0.000586,172.217.194.0-255,119,57760,78,287141
2510,0.000647,172.217.194.0-255,1484,59244,78,287141
2511,0.000651,172.31.40.0-255,66,59310,78,287141
2512,0.000656,172.217.194.0-255,2902,62212,78,287141
2513,0.000659,172.31.40.0-255,66,62278,78,287141
2514,0.000687,172.217.194.0-255,5738,68016,78,287141
2515,0.00069,172.31.40.0-255,66,68082,78,287141
2516,0.00071,172.217.194.0-255,5738,73820,78,287141
2517,0.000714,172.31.40.0-255,66,73886,78,287141
2518,0.000729,172.217.194.0-255,7156,81042,78,287141
2519,0.000731,172.31.40.0-255,66,81108,78,287141
2520,0.000744,172.31.40.0-255,66,81174,78,287141
2521,0.000765,172.217.194.0-255,766,81940,78,287141
2522,0.001195,172.217.194.0-255,1484,83424,78,287141
2523,0.0012,172.31.40.0-255,66,83490,78,287141
2524,0.001206,172.217.194.0-255,2902,86392,78,287141
2525,0.001209,172.31.40.0-255,66,86458,78,287141
2526,0.001215,172.217.194.0-255,5738,92196,78,287141
2527,0.001217,172.31.40.0-255,66,92262,78,287141
2528,0.001243,172.31.40.0-255,66,92328,78,287141
2529,0.001289,172.217.194.0-255,7156,99484,78,287141
2530,0.001292,172.31.40.0-255,66,99550,78,287141
2531,0.001314,172.31.40.0-255,66,99616,78,287141
2532,0.001403,172.217.194.0-255,1484,101100,78,287141
2533,0.001406,172.217.194.0-255,1484,102584,78,287141
2534,0.001409,172.31.40.0-255,66,102650,78,287141
2535,0.001427,172.217.194.0-255,1484,104134,78,287141
2536,0.001433,172.217.194.0-255,5738,109872,78,287141
2537,0.001435,172.31.40.0-255,66,109938,78,287141
2538,0.001438,172.217.194.0-255,1484,111422,78,287141
2539,0.001474,172.31.40.0-255,66,111488,78,287141
2540,0.001479,172.217.194.0-255,2902,114390,78,287141
2541,0.001481,172.31.40.0-255,66,114456,78,287141
2542,0.001498,172.217.194.0-255,6438,120894,78,287141
2543,0.0015,172.31.40.0-255,66,120960,78,287141
2544,0.001531,172.217.194.0-255,1484,122444,78,287141
2545,0.001548,172.217.194.0-255,2902,125346,78,287141
2546,0.001551,172.31.40.0-255,66,125412,78,287141
2547,0.001557,172.217.194.0-255,5738,131150,78,287141
2548,0.001559,172.31.40.0-255,66,131216,78,287141
2549,0.001588,172.217.194.0-255,7156,138372,78,287141
2550,0.001591,172.31.40.0-255,66,138438,78,287141
2551,0.001615,172.217.194.0-255,5738,144176,78,287141
2552,0.001618,172.31.40.0-255,66,144242,78,287141
2553,0.00163,172.31.40.0-255,66,144308,78,287141
2554,0.001633,172.217.194.0-255,766,145074,78,287141
2555,0.001668,172.217.194.0-255,1484,146558,78,287141
2556,0.001671,172.31.40.0-255,66,146624,78,287141
2557,0.001685,172.217.194.0-255,4320,150944,78,287141
2558,0.001689,172.31.40.0-255,66,151010,78,287141
2559,0.001722,172.217.194.0-255,5738,156748,78,287141
2560,0.001725,172.31.40.0-255,66,156814,78,287141
2561,0.001743,172.217.194.0-255,1484,158298,78,287141
2562,0.001755,172.31.40.0-255,66,158364,78,287141
2563,0.001801,172.217.194.0-255,5738,164102,78,287141
2564,0.001806,172.31.40.0-255,66,164168,78,287141
2565,0.001827,172.217.194.0-255,5020,169188,78,287141
2566,0.00183,172.31.40.0-255,66,169254,78,287141
2567,0.001833,172.217.194.0-255,1484,170738,78,287141
2568,0.001854,172.217.194.0-255,2902,173640,78,287141
2569,0.001856,172.31.40.0-255,66,173706,78,287141
2570,0.001864,172.217.194.0-255,5738,179444,78,287141
2571,0.001867,172.31.40.0-255,66,179510,78,287141
2572,0.001933,172.31.40.0-255,66,179576,78,287141
2573,0.001944,172.31.40.0-255,66,179642,78,287141
2574,0.00195,172.217.194.0-255,5738,185380,78,287141
2575,0.001953,172.31.40.0-255,66,185446,78,287141
2576,0.001994,172.31.40.0-255,66,185512,78,287141
2577,0.002009,172.31.40.0-255,66,185578,78,287141
2578,0.002015,172.217.194.0-255,4756,190334,78,287141
2579,0.002017,172.31.40.0-255,66,190400,78,287141
2580,0.004043,172.217.194.0-255,5738,196138,78,287141
2581,0.00405,172.31.40.0-255,66,196204,78,287141
2582,0.006047,172.217.194.0-255,5738,201942,78,287141
2583,0.006053,172.31.40.0-255,66,202008,78,287141
2584,0.008042,172.217.194.0-255,5738,207746,78,287141
2585,0.008046,172.31.40.0-255,66,207812,78,287141
2586,0.010064,172.217.194.0-255,5738,213550,78,287141
2587,0.010074,172.31.40.0-255,66,213616,78,287141
2588,0.012094,172.217.194.0-255,5738,219354,78,287141
2589,0.012103,172.31.40.0-255,66,219420,78,287141
2590,0.014106,172.217.194.0-255,5738,225158,78,287141
2591,0.014116,172.31.40.0-255,66,225224,78,287141
2592,0.016117,172.217.194.0-255,5738,230962,78,287141
2593,0.016125,172.31.40.0-255,66,231028,78,287141
2594,0.018146,172.217.194.0-255,5738,236766,78,287141
2595,0.018154,172.31.40.0-255,66,236832,78,287141
2596,0.020187,172.217.194.0-255,5738,242570,78,287141
2597,0.020199,172.31.40.0-255,66,242636,78,287141
2598,0.022214,172.217.194.0-255,5738,248374,78,287141
2599,0.022226,172.31.40.0-255,66,248440,78,287141
2600,0.024246,172.217.194.0-255,5738,254178,78,287141
2601,0.024255,172.31.40.0-255,66,254244,78,287141
2602,0.026275,172.217.194.0-255,5738,259982,78,287141
2603,0.026286,172.31.40.0-255,66,260048,78,287141
2604,0.028306,172.217.194.0-255,4320,264368,78,287141
2605,0.028313,172.31.40.0-255,66,264434,78,287141
2606,0.028331,172.217.194.0-255,1484,265918,78,287141
2607,0.03031,172.217.194.0-255,4320,270238,78,287141
2608,0.030317,172.31.40.0-255,66,270304,78,287141
2609,0.032319,172.217.194.0-255,5738,276042,78,287141
2610,0.03233,172.31.40.0-255,66,276108,78,287141
2611,0.034353,172.217.194.0-255,5738,281846,78,287141
2612,0.03436,172.31.40.0-255,66,281912,78,287141
2613,0.035043,172.31.40.0-255,172,282084,78,287141
2614,0.035074,172.31.40.0-255,1103,283187,78,287141
2615,0.035135,172.31.40.0-255,1514,284701,78,287141
2616,0.035136,172.31.40.0-255,1185,285886,78,287141
2617,0.036354,172.217.194.0-255,820,286706,78,287141
2618,0.03649,172.31.40.0-255,66,286772,78,287141
2619,0.036524,172.31.40.0-255,105,286877,78,287141
2620,0.036594,104.244.42.0-255,66,286943,78,287141
2621,0.036601,104.244.42.0-255,66,287009,78,287141
2622,0.036709,104.244.42.0-255,66,287075,78,287141
2623,0.038504,172.217.194.0-255,66,287141,78,287141
2624,0.0,172.217.194.0-255,153,153,78,195650
2625,1.7e-05,172.31.40.0-255,66,219,78,195650
2626,2.3e-05,172.217.194.0-255,1484,1703,78,195650
2627,2.7e-05,172.31.40.0-255,66,1769,78,195650
2628,3.3e-05,172.217.194.0-255,2902,4671,78,195650
2629,4.4e-05,172.31.40.0-255,66,4737,78,195650
2630,5.1e-05,172.217.194.0-255,7156,11893,78,195650
2631,5.4e-05,172.31.40.0-255,66,11959,78,195650
2632,5.9e-05,172.217.194.0-255,3448,15407,78,195650
2633,6.1e-05,172.31.40.0-255,66,15473,78,195650
2634,0.000103,172.31.40.0-255,66,15539,78,195650
2635,0.000107,172.217.194.0-255,2543,18082,78,195650
2636,0.000109,172.31.40.0-255,66,18148,78,195650
2637,0.000127,172.217.194.0-255,2902,21050,78,195650
2638,0.000129,172.31.40.0-255,66,21116,78,195650
2639,0.000147,172.217.194.0-255,5738,26854,78,195650
2640,0.000149,172.31.40.0-255,66,26920,78,195650
2641,0.000202,172.217.194.0-255,7156,34076,78,195650
2642,0.000205,172.31.40.0-255,66,34142,78,195650
2643,0.000207,172.217.194.0-255,1125,35267,78,195650
2644,0.000209,172.31.40.0-255,66,35333,78,195650
2645,0.000411,172.217.194.0-255,1484,36817,78,195650
2646,0.000416,172.31.40.0-255,66,36883,78,195650
2647,0.000422,172.217.194.0-255,2902,39785,78,195650
2648,0.000426,172.31.40.0-255,66,39851,78,195650
2649,0.000432,172.217.194.0-255,5738,45589,78,195650
2650,0.00044,172.31.40.0-255,66,45655,78,195650
2651,0.000475,172.31.40.0-255,66,45721,78,195650
2652,0.00048,172.217.194.0-255,2902,48623,78,195650
2653,0.000482,172.31.40.0-255,66,48689,78,195650
2654,0.00052,172.217.194.0-255,5738,54427,78,195650
2655,0.000524,172.31.40.0-255,66,54493,78,195650
2656,0.000534,172.31.40.0-255,66,54559,78,195650
2657,0.000735,172.217.194.0-255,1484,56043,78,195650
2658,0.000742,172.217.194.0-255,2902,58945,78,195650
2659,0.000745,172.31.40.0-255,66,59011,78,195650
2660,0.00075,172.217.194.0-255,2902,61913,78,195650
2661,0.000752,172.31.40.0-255,66,61979,78,195650
2662,0.00078,172.217.194.0-255,2902,64881,78,195650
2663,0.000783,172.31.40.0-255,66,64947,78,195650
2664,0.000797,172.31.40.0-255,66,65013,78,195650
2665,0.00084,172.31.40.0-255,66,65079,78,195650
2666,0.000973,172.217.194.0-255,1484,66563,78,195650
2667,0.000993,172.217.194.0-255,1484,68047,78,195650
2668,0.000997,172.31.40.0-255,66,68113,78,195650
2669,0.001025,172.217.194.0-255,1484,69597,78,195650
2670,0.001031,172.217.194.0-255,5738,75335,78,195650
2671,0.001034,172.31.40.0-255,66,75401,78,195650
2672,0.001045,172.31.40.0-255,66,75467,78,195650
2673,0.001073,172.217.194.0-255,4320,79787,78,195650
2674,0.001076,172.31.40.0-255,66,79853,78,195650
2675,0.001114,172.217.194.0-255,7156,87009,78,195650
2676,0.001121,172.31.40.0-255,66,87075,78,195650
2677,0.001123,172.31.40.0-255,66,87141,78,195650
2678,0.001153,172.31.40.0-255,66,87207,78,195650
2679,0.001164,172.31.40.0-255,66,87273,78,195650
2680,0.001203,172.31.40.0-255,66,87339,78,195650
2681,0.001208,172.217.194.0-255,2902,90241,78,195650
2682,0.001211,172.31.40.0-255,66,90307,78,195650
2683,0.00124,172.217.194.0-255,5738,96045,78,195650
2684,0.001247,172.31.40.0-255,66,96111,78,195650
2685,0.001254,172.217.194.0-255,5738,101849,78,195650
2686,0.001256,172.31.40.0-255,66,101915,78,195650
2687,0.001261,172.217.194.0-255,4320,106235,78,195650
2688,0.001263,172.31.40.0-255,66,106301,78,195650
2689,0.001305,172.31.40.0-255,66,106367,78,195650
2690,0.00131,172.217.194.0-255,3602,109969,78,195650
2691,0.001312,172.31.40.0-255,66,110035,78,195650
2692,0.001347,172.217.194.0-255,4320,114355,78,195650
2693,0.00135,172.31.40.0-255,66,114421,78,195650
2694,0.001357,172.217.194.0-255,5738,120159,78,195650
2695,0.001359,172.31.40.0-255,66,120225,78,195650
2696,0.001426,172.31.40.0-255,66,120291,78,195650
2697,0.001438,172.31.40.0-255,66,120357,78,195650
2698,0.001458,172.217.194.0-255,766,121123,78,195650
2699,0.001545,172.31.40.0-255,66,121189,78,195650
2700,0.001694,172.217.194.0-255,1484,122673,78,195650
2701,0.0017,172.217.194.0-255,2902,125575,78,195650
2702,0.001703,172.31.40.0-255,66,125641,78,195650
2703,0.001736,172.217.194.0-255,5738,131379,78,195650
2704,0.001741,172.217.194.0-255,4320,135699,78,195650
2705,0.001747,172.217.194.0-255,5738,141437,78,195650
2706,0.001766,172.31.40.0-255,66,141503,78,195650
2707,0.001793,172.217.194.0-255,2184,143687,78,195650
2708,0.001815,172.31.40.0-255,66,143753,78,195650
2709,0.001826,172.217.194.0-255,1484,145237,78,195650
2710,0.001836,172.217.194.0-255,2902,148139,78,195650
2711,0.00184,172.217.194.0-255,2902,151041,78,195650
2712,0.001859,172.217.194.0-255,2902,153943,78,195650
2713,0.001866,172.217.194.0-255,4320,158263,78,195650
2714,0.001872,172.31.40.0-255,66,158329,78,195650
2715,0.001903,172.217.194.0-255,7156,165485,78,195650
2716,0.00193,172.217.194.0-255,3602,169087,78,195650
2717,0.001948,172.217.194.0-255,4320,173407,78,195650
2718,0.001959,172.31.40.0-255,66,173473,78,195650
2719,0.001965,172.217.194.0-255,5738,179211,78,195650
2720,0.00197,172.31.40.0-255,66,179277,78,195650
2721,0.001992,172.217.194.0-255,4320,183597,78,195650
2722,0.002017,172.217.194.0-255,2902,186499,78,195650
2723,0.002025,172.31.40.0-255,66,186565,78,195650
2724,0.002037,172.217.194.0-255,4320,190885,78,195650
2725,0.002057,172.31.40.0-255,66,190951,78,195650
2726,0.002096,172.31.40.0-255,66,191017,78,195650
2727,0.004134,172.217.194.0-255,105,191122,78,195650
2728,0.004564,172.31.40.0-255,66,191188,78,195650
2729,0.004601,172.31.40.0-255,105,191293,78,195650
2730,0.006644,172.217.194.0-255,66,191359,78,195650
2731,0.04791,172.31.40.0-255,172,191531,78,195650
2732,0.047939,172.31.40.0-255,1108,192639,78,195650
2733,0.047994,172.31.40.0-255,1514,194153,78,195650
2734,0.047996,172.31.40.0-255,1299,195452,78,195650
2735,0.049451,104.244.42.0-255,66,195518,78,195650
2736,0.049488,104.244.42.0-255,66,195584,78,195650
2737,0.049538,104.244.42.0-255,66,195650,78,195650
2738,0.0,172.217.160.0-255,147,147,78,293825
2739,2.2e-05,172.31.40.0-255,66,213,78,293825
2740,2.9e-05,172.217.160.0-255,1484,1697,78,293825
2741,3.3e-05,172.31.40.0-255,66,1763,78,293825
2742,3.7e-05,172.217.160.0-255,1484,3247,78,293825
2743,4.1e-05,172.31.40.0-255,66,3313,78,293825
2744,4.8e-05,172.217.160.0-255,2902,6215,78,293825
2745,5.1e-05,172.31.40.0-255,66,6281,78,293825
2746,5.7e-05,172.217.160.0-255,5738,12019,78,293825
2747,6e-05,172.31.40.0-255,66,12085,78,293825
2748,0.000105,172.31.40.0-255,66,12151,78,293825
2749,0.000129,172.217.160.0-255,5379,17530,78,293825
2750,0.000132,172.31.40.0-255,66,17596,78,293825
2751,0.000329,172.217.160.0-255,1484,19080,78,293825
2752,0.000334,172.31.40.0-255,66,19146,78,293825
2753,0.00034,172.217.160.0-255,2902,22048,78,293825
2754,0.000343,172.31.40.0-255,66,22114,78,293825
2755,0.000346,172.217.160.0-255,1484,23598,78,293825
2756,0.000348,172.31.40.0-255,66,23664,78,293825
2757,0.000367,172.217.160.0-255,4320,27984,78,293825
2758,0.00037,172.31.40.0-255,66,28050,78,293825
2759,0.000383,172.217.160.0-255,2902,30952,78,293825
2760,0.000386,172.31.40.0-255,66,31018,78,293825
2761,0.000415,172.217.160.0-255,3961,34979,78,293825
2762,0.000418,172.31.40.0-255,66,35045,78,293825
2763,0.000458,172.217.160.0-255,1484,36529,78,293825
2764,0.000461,172.31.40.0-255,66,36595,78,293825
2765,0.000468,172.217.160.0-255,2902,39497,78,293825
2766,0.00047,172.31.40.0-255,66,39563,78,293825
2767,0.000473,172.217.160.0-255,1484,41047,78,293825
2768,0.000475,172.31.40.0-255,66,41113,78,293825
2769,0.000497,172.217.160.0-255,4320,45433,78,293825
2770,0.0005,172.31.40.0-255,66,45499,78,293825
2771,0.000523,172.217.160.0-255,4320,49819,78,293825
2772,0.000526,172.31.40.0-255,66,49885,78,293825
2773,0.000544,172.217.160.0-255,2853,52738,78,293825
2774,0.000547,172.31.40.0-255,66,52804,78,293825
2775,0.000807,172.217.160.0-255,100,52904,78,293825
2776,0.00093,172.217.160.0-255,1484,54388,78,293825
2777,0.000935,172.217.160.0-255,2902,57290,78,293825
2778,0.00094,172.31.40.0-255,66,57356,78,293825
2779,0.000948,172.31.40.0-255,66,57422,78,293825
2780,0.000956,172.217.160.0-255,5738,63160,78,293825
2781,0.000958,172.31.40.0-255,66,63226,78,293825
2782,0.000997,172.31.40.0-255,66,63292,78,293825
2783,0.001004,172.217.160.0-255,7156,70448,78,293825
2784,0.001007,172.31.40.0-255,66,70514,78,293825
2785,0.001033,172.217.160.0-255,2543,73057,78,293825
2786,0.001036,172.31.40.0-255,66,73123,78,293825
2787,0.001319,172.217.160.0-255,1484,74607,78,293825
2788,0.001325,172.217.160.0-255,2902,77509,78,293825
2789,0.001329,172.31.40.0-255,66,77575,78,293825
2790,0.001332,172.217.160.0-255,1484,79059,78,293825
2791,0.00135,172.217.160.0-255,4320,83379,78,293825
2792,0.001352,172.31.40.0-255,66,83445,78,293825
2793,0.001357,172.217.160.0-255,4320,87765,78,293825
2794,0.001359,172.31.40.0-255,66,87831,78,293825
2795,0.001387,172.31.40.0-255,66,87897,78,293825
2796,0.001395,172.217.160.0-255,7156,95053,78,293825
2797,0.001396,172.31.40.0-255,66,95119,78,293825
2798,0.001411,172.217.160.0-255,3602,98721,78,293825
2799,0.001413,172.31.40.0-255,66,98787,78,293825
2800,0.001459,172.217.160.0-255,4320,103107,78,293825
2801,0.001462,172.31.40.0-255,66,103173,78,293825
2802,0.001486,172.217.160.0-255,2902,106075,78,293825
2803,0.001509,172.31.40.0-255,66,106141,78,293825
2804,0.001513,172.31.40.0-255,66,106207,78,293825
2805,0.001515,172.31.40.0-255,66,106273,78,293825
2806,0.001524,172.217.160.0-255,1484,107757,78,293825
2807,0.001529,172.217.160.0-255,5020,112777,78,293825
2808,0.001532,172.31.40.0-255,66,112843,78,293825
2809,0.001537,172.217.160.0-255,4320,117163,78,293825
2810,0.00154,172.31.40.0-255,66,117229,78,293825
2811,0.001576,172.31.40.0-255,66,117295,78,293825
2812,0.001609,172.31.40.0-255,66,117361,78,293825
2813,0.00162,172.217.160.0-255,1484,118845,78,293825
2814,0.00166,172.31.40.0-255,66,118911,78,293825
2815,0.00167,172.31.40.0-255,66,118977,78,293825
2816,0.001675,172.217.160.0-255,4320,123297,78,293825
2817,0.001677,172.31.40.0-255,66,123363,78,293825
2818,0.001699,172.217.160.0-255,3602,126965,78,293825
2819,0.001702,172.31.40.0-255,66,127031,78,293825
2820,0.003319,172.217.160.0-255,1484,128515,78,293825
2821,0.003341,172.217.160.0-255,4320,132835,78,293825
2822,0.003345,172.31.40.0-255,66,132901,78,293825
2823,0.004998,172.217.160.0-255,5738,138639,78,293825
2824,0.005004,172.31.40.0-255,66,138705,78,293825
2825,0.006653,172.217.160.0-255,5738,144443,78,293825
2826,0.006658,172.31.40.0-255,66,144509,78,293825
2827,0.008308,172.217.160.0-255,5738,150247,78,293825
2828,0.008321,172.31.40.0-255,66,150313,78,293825
2829,0.009974,172.217.160.0-255,5738,156051,78,293825
2830,0.009987,172.31.40.0-255,66,156117,78,293825
2831,0.011672,172.217.160.0-255,5738,161855,78,293825
2832,0.011684,172.31.40.0-255,66,161921,78,293825
2833,0.013323,172.217.160.0-255,5738,167659,78,293825
2834,0.013329,172.31.40.0-255,66,167725,78,293825
2835,0.014974,172.217.160.0-255,5738,173463,78,293825
2836,0.014982,172.31.40.0-255,66,173529,78,293825
2837,0.016638,172.217.160.0-255,5738,179267,78,293825
2838,0.01665,172.31.40.0-255,66,179333,78,293825
2839,0.018307,172.217.160.0-255,5738,185071,78,293825
2840,0.018317,172.31.40.0-255,66,185137,78,293825
2841,0.019968,172.217.160.0-255,5738,190875,78,293825
2842,0.019979,172.31.40.0-255,66,190941,78,293825
2843,0.021623,172.217.160.0-255,5738,196679,78,293825
2844,0.021632,172.31.40.0-255,66,196745,78,293825
2845,0.023277,172.217.160.0-255,5738,202483,78,293825
2846,0.023284,172.31.40.0-255,66,202549,78,293825
2847,0.024933,172.217.160.0-255,5738,208287,78,293825
2848,0.024941,172.31.40.0-255,66,208353,78,293825
2849,0.026624,172.217.160.0-255,5738,214091,78,293825
2850,0.026632,172.31.40.0-255,66,214157,78,293825
2851,0.028277,172.217.160.0-255,5738,219895,78,293825
2852,0.028284,172.31.40.0-255,66,219961,78,293825
2853,0.029936,172.217.160.0-255,5738,225699,78,293825
2854,0.029943,172.31.40.0-255,66,225765,78,293825
2855,0.03159,172.217.160.0-255,5738,231503,78,293825
2856,0.031597,172.31.40.0-255,66,231569,78,293825
2857,0.033242,172.217.160.0-255,5738,237307,78,293825
2858,0.03325,172.31.40.0-255,66,237373,78,293825
2859,0.034893,172.217.160.0-255,5738,243111,78,293825
2860,0.034899,172.31.40.0-255,66,243177,78,293825
2861,0.036553,172.217.160.0-255,5738,248915,78,293825
2862,0.036563,172.31.40.0-255,66,248981,78,293825
2863,0.038222,172.217.160.0-255,5738,254719,78,293825
2864,0.038235,172.31.40.0-255,66,254785,78,293825
2865,0.039885,172.217.160.0-255,5738,260523,78,293825
2866,0.039894,172.31.40.0-255,66,260589,78,293825
2867,0.041562,172.217.160.0-255,5738,266327,78,293825
2868,0.041573,172.31.40.0-255,66,266393,78,293825
2869,0.042167,172.31.40.0-255,172,266565,78,293825
2870,0.042201,172.31.40.0-255,1104,267669,78,293825
2871,0.042267,172.31.40.0-255,1514,269183,78,293825
2872,0.042269,172.31.40.0-255,1187,270370,78,293825
2873,0.043221,172.217.160.0-255,5738,276108,78,293825
2874,0.043228,172.31.40.0-255,66,276174,78,293825
2875,0.043674,104.244.42.0-255,66,276240,78,293825
2876,0.043692,104.244.42.0-255,66,276306,78,293825
2877,0.043773,104.244.42.0-255,66,276372,78,293825
2878,0.044881,172.217.160.0-255,5738,282110,78,293825
2879,0.044894,172.31.40.0-255,66,282176,78,293825
2880,0.04656,172.217.160.0-255,5738,287914,78,293825
2881,0.04658,172.31.40.0-255,66,287980,78,293825
2882,0.048238,172.217.160.0-255,5674,293654,78,293825
2883,0.04825,172.31.40.0-255,66,293720,78,293825
2884,0.048494,172.31.40.0-255,105,293825,78,293825
2885,0.0,74.125.200.0-255,143,143,78,327022
2886,2.4e-05,172.31.40.0-255,66,209,78,327022
2887,3.1e-05,74.125.200.0-255,1484,1693,78,327022
2888,3.7e-05,172.31.40.0-255,66,1759,78,327022
2889,5e-05,74.125.200.0-255,2902,4661,78,327022
2890,5.3e-05,172.31.40.0-255,66,4727,78,327022
2891,6e-05,74.125.200.0-255,5738,10465,78,327022
2892,6.4e-05,172.31.40.0-255,66,10531,78,327022
2893,9.9e-05,74.125.200.0-255,4863,15394,78,327022
2894,0.000103,172.31.40.0-255,66,15460,78,327022
2895,0.000109,74.125.200.0-255,5738,21198,78,327022
2896,0.000111,172.31.40.0-255,66,21264,78,327022
2897,0.000161,172.31.40.0-255,66,21330,78,327022
2898,0.000478,74.125.200.0-255,1484,22814,78,327022
2899,0.000483,172.31.40.0-255,66,22880,78,327022
2900,0.000489,74.125.200.0-255,2902,25782,78,327022
2901,0.000492,172.31.40.0-255,66,25848,78,327022
2902,0.000528,74.125.200.0-255,5738,31586,78,327022
2903,0.00053,172.31.40.0-255,66,31652,78,327022
2904,0.000564,172.31.40.0-255,66,31718,78,327022
2905,0.000609,172.31.40.0-255,66,31784,78,327022
2906,0.000637,74.125.200.0-255,2184,33968,78,327022
2907,0.00064,172.31.40.0-255,66,34034,78,327022
2908,0.000746,74.125.200.0-255,646,34680,78,327022
2909,0.00075,172.31.40.0-255,66,34746,78,327022
2910,0.000782,74.125.200.0-255,1484,36230,78,327022
2911,0.000785,172.31.40.0-255,66,36296,78,327022
2912,0.000802,74.125.200.0-255,2902,39198,78,327022
2913,0.000804,172.31.40.0-255,66,39264,78,327022
2914,0.000807,74.125.200.0-255,1484,40748,78,327022
2915,0.000825,74.125.200.0-255,4320,45068,78,327022
2916,0.000827,172.31.40.0-255,66,45134,78,327022
2917,0.000831,74.125.200.0-255,2902,48036,78,327022
2918,0.000833,172.31.40.0-255,66,48102,78,327022
2919,0.000857,74.125.200.0-255,4320,52422,78,327022
2920,0.00086,172.31.40.0-255,66,52488,78,327022
2921,0.000873,172.31.40.0-255,66,52554,78,327022
2922,0.000876,74.125.200.0-255,1484,54038,78,327022
2923,0.000906,74.125.200.0-255,1484,55522,78,327022
2924,0.000908,172.31.40.0-255,66,55588,78,327022
2925,0.000914,74.125.200.0-255,4320,59908,78,327022
2926,0.000916,172.31.40.0-255,66,59974,78,327022
2927,0.000918,74.125.200.0-255,217,60191,78,327022
2928,0.001095,74.125.200.0-255,1484,61675,78,327022
2929,0.001098,172.31.40.0-255,66,61741,78,327022
2930,0.001104,74.125.200.0-255,2902,64643,78,327022
2931,0.001105,172.31.40.0-255,66,64709,78,327022
2932,0.001129,74.125.200.0-255,1484,66193,78,327022
2933,0.001153,74.125.200.0-255,4320,70513,78,327022
2934,0.001156,172.31.40.0-255,66,70579,78,327022
2935,0.00116,74.125.200.0-255,2902,73481,78,327022
2936,0.001162,172.31.40.0-255,66,73547,78,327022
2937,0.001166,74.125.200.0-255,4320,77867,78,327022
2938,0.001168,172.31.40.0-255,66,77933,78,327022
2939,0.001177,74.125.200.0-255,4320,82253,78,327022
2940,0.001179,172.31.40.0-255,66,82319,78,327022
2941,0.001208,74.125.200.0-255,4320,86639,78,327022
2942,0.001211,172.31.40.0-255,66,86705,78,327022
2943,0.001215,74.125.200.0-255,2902,89607,78,327022
2944,0.001216,172.31.40.0-255,66,89673,78,327022
2945,0.001243,74.125.200.0-255,5020,94693,78,327022
2946,0.001248,172.31.40.0-255,66,94759,78,327022
2947,0.00128,74.125.200.0-255,5738,100497,78,327022
2948,0.001283,172.31.40.0-255,66,100563,78,327022
2949,0.001314,74.125.200.0-255,1484,102047,78,327022
2950,0.001342,74.125.200.0-255,5738,107785,78,327022
2951,0.001345,172.31.40.0-255,66,107851,78,327022
2952,0.001354,172.31.40.0-255,66,107917,78,327022
2953,0.001358,74.125.200.0-255,2902,110819,78,327022
2954,0.00136,172.31.40.0-255,66,110885,78,327022
2955,0.001389,74.125.200.0-255,4320,115205,78,327022
2956,0.001394,74.125.200.0-255,1484,116689,78,327022
2957,0.001397,172.31.40.0-255,66,116755,78,327022
2958,0.001422,74.125.200.0-255,3602,120357,78,327022
2959,0.001425,172.31.40.0-255,66,120423,78,327022
2960,0.001431,74.125.200.0-255,5738,126161,78,327022
2961,0.001432,172.31.40.0-255,66,126227,78,327022
2962,0.001466,172.31.40.0-255,66,126293,78,327022
2963,0.001511,172.31.40.0-255,66,126359,78,327022
2964,0.001544,74.125.200.0-255,3602,129961,78,327022
2965,0.001547,172.31.40.0-255,66,130027,78,327022
2966,0.001598,74.125.200.0-255,1484,131511,78,327022
2967,0.001614,74.125.200.0-255,2902,134413,78,327022
2968,0.001617,172.31.40.0-255,66,134479,78,327022
2969,0.001621,74.125.200.0-255,1484,135963,78,327022
2970,0.001643,74.125.200.0-255,4320,140283,78,327022
2971,0.001648,74.125.200.0-255,4320,144603,78,327022
2972,0.001655,172.31.40.0-255,66,144669,78,327022
2973,0.001662,172.31.40.0-255,66,144735,78,327022
2974,0.001687,74.125.200.0-255,2902,147637,78,327022
2975,0.00169,172.31.40.0-255,66,147703,78,327022
2976,0.001719,74.125.200.0-255,2902,150605,78,327022
2977,0.001722,172.31.40.0-255,66,150671,78,327022
2978,0.001728,74.125.200.0-255,5738,156409,78,327022
2979,0.00173,172.31.40.0-255,66,156475,78,327022
2980,0.001756,74.125.200.0-255,1484,157959,78,327022
2981,0.001764,74.125.200.0-255,6438,164397,78,327022
2982,0.001767,172.31.40.0-255,66,164463,78,327022
2983,0.001796,74.125.200.0-255,1484,165947,78,327022
2984,0.001813,74.125.200.0-255,1484,167431,78,327022
2985,0.001815,172.31.40.0-255,66,167497,78,327022
2986,0.00184,74.125.200.0-255,1484,168981,78,327022
2987,0.001847,74.125.200.0-255,5738,174719,78,327022
2988,0.00185,172.31.40.0-255,66,174785,78,327022
2989,0.001877,74.125.200.0-255,1484,176269,78,327022
2990,0.001882,74.125.200.0-255,2902,179171,78,327022
2991,0.001885,172.31.40.0-255,66,179237,78,327022
2992,0.00191,74.125.200.0-255,2902,182139,78,327022
2993,0.001913,172.31.40.0-255,66,182205,78,327022
2994,0.001919,74.125.200.0-255,4320,186525,78,327022
2995,0.001921,172.31.40.0-255,66,186591,78,327022
2996,0.001925,74.125.200.0-255,2902,189493,78,327022
2997,0.001927,172.31.40.0-255,66,189559,78,327022
2998,0.001954,74.125.200.0-255,5738,195297,78,327022
2999,0.001957,172.31.40.0-255,66,195363,78,327022
3000,0.001962,74.125.200.0-255,3602,198965,78,327022
3001,0.001964,172.31.40.0-255,66,199031,78,327022
3002,0.002104,74.125.200.0-255,1484,200515,78,327022
3003,0.004044,74.125.200.0-255,4320,204835,78,327022
3004,0.004051,172.31.40.0-255,66,204901,78,327022
3005,0.00613,74.125.200.0-255,5738,210639,78,327022
3006,0.006137,172.31.40.0-255,66,210705,78,327022
3007,0.008216,74.125.200.0-255,5738,216443,78,327022
3008,0.008222,172.31.40.0-255,66,216509,78,327022
3009,0.010302,74.125.200.0-255,4320,220829,78,327022
3010,0.010308,172.31.40.0-255,66,220895,78,327022
3011,0.010336,74.125.200.0-255,1484,222379,78,327022
3012,0.012373,74.125.200.0-255,2902,225281,78,327022
3013,0.01238,172.31.40.0-255,66,225347,78,327022
3014,0.012408,74.125.200.0-255,1484,226831,78,327022
3015,0.014493,74.125.200.0-255,4320,231151,78,327022
3016,0.014499,172.31.40.0-255,66,231217,78,327022
3017,0.016581,74.125.200.0-255,5738,236955,78,327022
3018,0.016589,172.31.40.0-255,66,237021,78,327022
3019,0.018668,74.125.200.0-255,5738,242759,78,327022
3020,0.018676,172.31.40.0-255,66,242825,78,327022
3021,0.020755,74.125.200.0-255,5738,248563,78,327022
3022,0.020763,172.31.40.0-255,66,248629,78,327022
3023,0.022899,74.125.200.0-255,5738,254367,78,327022
3024,0.022908,172.31.40.0-255,66,254433,78,327022
3025,0.024993,74.125.200.0-255,5738,260171,78,327022
3026,0.025,172.31.40.0-255,66,260237,78,327022
3027,0.027088,74.125.200.0-255,5738,265975,78,327022
3028,0.027096,172.31.40.0-255,66,266041,78,327022
3029,0.029184,74.125.200.0-255,5738,271779,78,327022
3030,0.029192,172.31.40.0-255,66,271845,78,327022
3031,0.031289,74.125.200.0-255,5738,277583,78,327022
3032,0.031296,172.31.40.0-255,66,277649,78,327022
3033,0.033383,74.125.200.0-255,5738,283387,78,327022
3034,0.03339,172.31.40.0-255,66,283453,78,327022
3035,0.03548,74.125.200.0-255,5738,289191,78,327022
3036,0.035488,172.31.40.0-255,66,289257,78,327022
3037,0.03756,74.125.200.0-255,4320,293577,78,327022
3038,0.037565,172.31.40.0-255,66,293643,78,327022
3039,0.037592,74.125.200.0-255,1484,295127,78,327022
3040,0.038502,172.31.40.0-255,172,295299,78,327022
3041,0.03853,172.31.40.0-255,1108,296407,78,327022
3042,0.038589,172.31.40.0-255,1514,297921,78,327022
3043,0.03859,172.31.40.0-255,1301,299222,78,327022
3044,0.039639,74.125.200.0-255,4320,303542,78,327022
3045,0.039646,172.31.40.0-255,66,303608,78,327022
3046,0.040044,104.244.42.0-255,66,303674,78,327022
3047,0.040107,104.244.42.0-255,66,303740,78,327022
3048,0.040111,104.244.42.0-255,66,303806,78,327022
3049,0.041723,74.125.200.0-255,5738,309544,78,327022
3050,0.041729,172.31.40.0-255,66,309610,78,327022
3051,0.043812,74.125.200.0-255,5738,315348,78,327022
3052,0.043819,172.31.40.0-255,66,315414,78,327022
3053,0.045904,74.125.200.0-255,5738,321152,78,327022
3054,0.045911,172.31.40.0-255,66,321218,78,327022
3055,0.048013,74.125.200.0-255,5738,326956,78,327022
3056,0.048022,172.31.40.0-255,66,327022,78,327022
3057,0.0,172.217.194.0-255,153,153,78,277859
3058,1.6e-05,172.31.40.0-255,66,219,78,277859
3059,2.3e-05,172.217.194.0-255,1484,1703,78,277859
3060,2.7e-05,172.31.40.0-255,66,1769,78,277859
3061,3.2e-05,172.217.194.0-255,2902,4671,78,277859
3062,3.5e-05,172.31.40.0-255,66,4737,78,277859
3063,4.3e-05,172.217.194.0-255,7156,11893,78,277859
3064,4.6e-05,172.31.40.0-255,66,11959,78,277859
3065,6.7e-05,172.217.194.0-255,2045,14004,78,277859
3066,6.9e-05,172.31.40.0-255,66,14070,78,277859
3067,0.000333,172.217.194.0-255,1484,15554,78,277859
3068,0.000339,172.31.40.0-255,66,15620,78,277859
3069,0.000344,172.217.194.0-255,1484,17104,78,277859
3070,0.000346,172.31.40.0-255,66,17170,78,277859
3071,0.00036,172.217.194.0-255,1484,18654,78,277859
3072,0.000362,172.31.40.0-255,66,18720,78,277859
3073,0.000368,172.217.194.0-255,4320,23040,78,277859
3074,0.00037,172.31.40.0-255,66,23106,78,277859
3075,0.000391,172.217.194.0-255,1484,24590,78,277859
3076,0.000393,172.31.40.0-255,66,24656,78,277859
3077,0.000401,172.217.194.0-255,6797,31453,78,277859
3078,0.000403,172.31.40.0-255,66,31519,78,277859
3079,0.000436,172.217.194.0-255,1484,33003,78,277859
3080,0.000439,172.31.40.0-255,66,33069,78,277859
3081,0.000444,172.217.194.0-255,2902,35971,78,277859
3082,0.000446,172.31.40.0-255,66,36037,78,277859
3083,0.000449,172.217.194.0-255,1484,37521,78,277859
3084,0.000451,172.31.40.0-255,66,37587,78,277859
3085,0.000466,172.217.194.0-255,4320,41907,78,277859
3086,0.000469,172.31.40.0-255,66,41973,78,277859
3087,0.000508,172.217.194.0-255,6797,48770,78,277859
3088,0.000511,172.31.40.0-255,66,48836,78,277859
3089,0.000585,172.217.194.0-255,1484,50320,78,277859
3090,0.000591,172.217.194.0-255,2902,53222,78,277859
3091,0.000603,172.31.40.0-255,66,53288,78,277859
3092,0.000615,172.217.194.0-255,5738,59026,78,277859
3093,0.000618,172.217.194.0-255,1484,60510,78,277859
3094,0.000623,172.31.40.0-255,66,60576,78,277859
3095,0.000644,172.217.194.0-255,1484,62060,78,277859
3096,0.00066,172.217.194.0-255,4265,66325,78,277859
3097,0.000663,172.217.194.0-255,376,66701,78,277859
3098,0.000674,172.31.40.0-255,66,66767,78,277859
3099,0.00075,172.217.194.0-255,1484,68251,78,277859
3100,0.000754,172.217.194.0-255,2902,71153,78,277859
3101,0.000769,172.31.40.0-255,66,71219,78,277859
3102,0.000775,172.217.194.0-255,5738,76957,78,277859
3103,0.000779,172.31.40.0-255,66,77023,78,277859
3104,0.000828,172.217.194.0-255,2902,79925,78,277859
3105,0.000843,172.217.194.0-255,3961,83886,78,277859
3106,0.000846,172.31.40.0-255,66,83952,78,277859
3107,0.00085,172.31.40.0-255,66,84018,78,277859
3108,0.000856,172.217.194.0-255,1484,85502,78,277859
3109,0.000884,172.217.194.0-255,5738,91240,78,277859
3110,0.000887,172.217.194.0-255,1484,92724,78,277859
3111,0.000893,172.31.40.0-255,66,92790,78,277859
3112,0.000928,172.31.40.0-255,66,92856,78,277859
3113,0.001111,172.217.194.0-255,1484,94340,78,277859
3114,0.001117,172.217.194.0-255,2902,97242,78,277859
3115,0.001119,172.31.40.0-255,66,97308,78,277859
3116,0.001143,172.217.194.0-255,5738,103046,78,277859
3117,0.001146,172.217.194.0-255,1484,104530,78,277859
3118,0.001152,172.217.194.0-255,4320,108850,78,277859
3119,0.001161,172.31.40.0-255,66,108916,78,277859
3120,0.001178,172.217.194.0-255,4320,113236,78,277859
3121,0.001183,172.217.194.0-255,2902,116138,78,277859
3122,0.001192,172.31.40.0-255,66,116204,78,277859
3123,0.001225,172.31.40.0-255,66,116270,78,277859
3124,0.001382,172.217.194.0-255,1484,117754,78,277859
3125,0.001388,172.217.194.0-255,2902,120656,78,277859
3126,0.001393,172.31.40.0-255,66,120722,78,277859
3127,0.001412,172.217.194.0-255,5738,126460,78,277859
3128,0.001445,172.217.194.0-255,4320,130780,78,277859
3129,0.001455,172.31.40.0-255,66,130846,78,277859
3130,0.001513,172.31.40.0-255,66,130912,78,277859
3131,0.00153,172.217.194.0-255,1484,132396,78,277859
3132,0.001535,172.31.40.0-255,66,132462,78,277859
3133,0.001558,172.217.194.0-255,6438,138900,78,277859
3134,0.001575,172.31.40.0-255,66,138966,78,277859
3135,0.001947,172.217.194.0-255,1484,140450,78,277859
3136,0.001952,172.217.194.0-255,1484,141934,78,277859
3137,0.001956,172.31.40.0-255,66,142000,78,277859
3138,0.001967,172.217.194.0-255,1484,143484,78,277859
3139,0.001974,172.217.194.0-255,5738,149222,78,277859
3140,0.00198,172.31.40.0-255,66,149288,78,277859
3141,0.00201,172.217.194.0-255,5738,155026,78,277859
3142,0.002018,172.31.40.0-255,66,155092,78,277859
3143,0.002037,172.217.194.0-255,4320,159412,78,277859
3144,0.002039,172.217.194.0-255,766,160178,78,277859
3145,0.002053,172.31.40.0-255,66,160244,78,277859
3146,0.002242,172.217.194.0-255,1484,161728,78,277859
3147,0.002246,172.217.194.0-255,1484,163212,78,277859
3148,0.002248,172.31.40.0-255,66,163278,78,277859
3149,0.002267,172.217.194.0-255,1484,164762,78,277859
3150,0.002272,172.217.194.0-255,4320,169082,78,277859
3151,0.002283,172.31.40.0-255,66,169148,78,277859
3152,0.0023,172.217.194.0-255,1484,170632,78,277859
3153,0.00233,172.217.194.0-255,4320,174952,78,277859
3154,0.007045,172.31.40.0-255,66,175018,78,277859
3155,0.009406,172.217.194.0-255,5738,180756,78,277859
3156,0.009423,172.31.40.0-255,66,180822,78,277859
3157,0.011822,172.217.194.0-255,5738,186560,78,277859
3158,0.011859,172.31.40.0-255,66,186626,78,277859
3159,0.014238,172.217.194.0-255,5738,192364,78,277859
3160,0.014243,172.31.40.0-255,66,192430,78,277859
3161,0.016593,172.217.194.0-255,5738,198168,78,277859
3162,0.01661,172.31.40.0-255,66,198234,78,277859
3163,0.019025,172.217.194.0-255,5738,203972,78,277859
3164,0.019033,172.31.40.0-255,66,204038,78,277859
3165,0.021417,172.217.194.0-255,5738,209776,78,277859
3166,0.021426,172.31.40.0-255,66,209842,78,277859
3167,0.023792,172.217.194.0-255,5738,215580,78,277859
3168,0.023808,172.31.40.0-255,66,215646,78,277859
3169,0.026166,172.217.194.0-255,5738,221384,78,277859
3170,0.026174,172.31.40.0-255,66,221450,78,277859
3171,0.028534,172.217.194.0-255,5738,227188,78,277859
3172,0.028541,172.31.40.0-255,66,227254,78,277859
3173,0.030907,172.217.194.0-255,5738,232992,78,277859
3174,0.030916,172.31.40.0-255,66,233058,78,277859
3175,0.033377,172.217.194.0-255,5738,238796,78,277859
3176,0.033385,172.31.40.0-255,66,238862,78,277859
3177,0.035804,172.217.194.0-255,5738,244600,78,277859
3178,0.035812,172.31.40.0-255,66,244666,78,277859
3179,0.038201,172.217.194.0-255,5738,250404,78,277859
3180,0.038218,172.31.40.0-255,66,250470,78,277859
3181,0.040607,172.217.194.0-255,5738,256208,78,277859
3182,0.04062,172.31.40.0-255,66,256274,78,277859
3183,0.043029,172.217.194.0-255,5738,262012,78,277859
3184,0.043048,172.31.40.0-255,66,262078,78,277859
3185,0.045383,172.217.194.0-255,5738,267816,78,277859
3186,0.04539,172.31.40.0-255,66,267882,78,277859
3187,0.047187,172.31.40.0-255,172,268054,78,277859
3188,0.04722,172.31.40.0-255,1104,269158,78,277859
3189,0.047275,172.31.40.0-255,1514,270672,78,277859
3190,0.047277,172.31.40.0-255,1185,271857,78,277859
3191,0.047728,172.217.194.0-255,5738,277595,78,277859
3192,0.047734,172.31.40.0-255,66,277661,78,277859
3193,0.048776,104.244.42.0-255,66,277727,78,277859
3194,0.048803,104.244.42.0-255,66,277793,78,277859
3195,0.048835,104.244.42.0-255,66,277859,78,277859
3196,0.0,74.125.130.0-255,146,146,78,352762
3197,2.2e-05,172.31.40.0-255,66,212,78,352762
3198,4.2e-05,74.125.130.0-255,1484,1696,78,352762
3199,4.6e-05,172.31.40.0-255,66,1762,78,352762
3200,5.2e-05,74.125.130.0-255,2902,4664,78,352762
3201,5.5e-05,172.31.40.0-255,66,4730,78,352762
3202,8.4e-05,74.125.130.0-255,4320,9050,78,352762
3203,8.7e-05,172.31.40.0-255,66,9116,78,352762
3204,0.000104,74.125.130.0-255,4835,13951,78,352762
3205,0.000107,172.31.40.0-255,66,14017,78,352762
3206,0.000235,74.125.130.0-255,1484,15501,78,352762
3207,0.00024,172.31.40.0-255,66,15567,78,352762
3208,0.000244,74.125.130.0-255,1484,17051,78,352762
3209,0.000246,172.31.40.0-255,66,17117,78,352762
3210,0.000259,74.125.130.0-255,1484,18601,78,352762
3211,0.000261,172.31.40.0-255,66,18667,78,352762
3212,0.000267,74.125.130.0-255,4320,22987,78,352762
3213,0.000269,172.31.40.0-255,66,23053,78,352762
3214,0.000306,74.125.130.0-255,1484,24537,78,352762
3215,0.000308,172.31.40.0-255,66,24603,78,352762
3216,0.000332,74.125.130.0-255,6797,31400,78,352762
3217,0.000334,172.31.40.0-255,66,31466,78,352762
3218,0.000339,74.125.130.0-255,4320,35786,78,352762
3219,0.000341,172.31.40.0-255,66,35852,78,352762
3220,0.000369,74.125.130.0-255,4320,40172,78,352762
3221,0.000372,172.31.40.0-255,66,40238,78,352762
3222,0.000378,74.125.130.0-255,5738,45976,78,352762
3223,0.00038,172.31.40.0-255,66,46042,78,352762
3224,0.000411,74.125.130.0-255,2543,48585,78,352762
3225,0.000414,172.31.40.0-255,66,48651,78,352762
3226,0.000459,74.125.130.0-255,2902,51553,78,352762
3227,0.000461,172.31.40.0-255,66,51619,78,352762
3228,0.000464,74.125.130.0-255,1484,53103,78,352762
3229,0.000466,172.31.40.0-255,66,53169,78,352762
3230,0.000477,74.125.130.0-255,2902,56071,78,352762
3231,0.000479,172.31.40.0-255,66,56137,78,352762
3232,0.000491,74.125.130.0-255,1484,57621,78,352762
3233,0.000492,172.31.40.0-255,66,57687,78,352762
3234,0.000513,74.125.130.0-255,7156,64843,78,352762
3235,0.000515,172.31.40.0-255,66,64909,78,352762
3236,0.000517,74.125.130.0-255,1415,66324,78,352762
3237,0.000519,172.31.40.0-255,66,66390,78,352762
3238,0.000584,74.125.130.0-255,365,66755,78,352762
3239,0.000587,172.31.40.0-255,66,66821,78,352762
3240,0.000621,74.125.130.0-255,1484,68305,78,352762
3241,0.000624,172.31.40.0-255,66,68371,78,352762
3242,0.000641,74.125.130.0-255,4320,72691,78,352762
3243,0.000644,172.31.40.0-255,66,72757,78,352762
3244,0.000668,74.125.130.0-255,4320,77077,78,352762
3245,0.00067,172.31.40.0-255,66,77143,78,352762
3246,0.000676,74.125.130.0-255,5738,82881,78,352762
3247,0.000678,172.31.40.0-255,66,82947,78,352762
3248,0.000701,74.125.130.0-255,4320,87267,78,352762
3249,0.000704,172.31.40.0-255,66,87333,78,352762
3250,0.000722,74.125.130.0-255,7156,94489,78,352762
3251,0.000724,172.31.40.0-255,66,94555,78,352762
3252,0.000728,74.125.130.0-255,4320,98875,78,352762
3253,0.00073,172.31.40.0-255,66,98941,78,352762
3254,0.000761,74.125.130.0-255,2184,101125,78,352762
3255,0.000763,172.31.40.0-255,66,101191,78,352762
3256,0.001039,74.125.130.0-255,1484,102675,78,352762
3257,0.001043,172.31.40.0-255,66,102741,78,352762
3258,0.001048,74.125.130.0-255,2902,105643,78,352762
3259,0.00105,172.31.40.0-255,66,105709,78,352762
3260,0.001063,74.125.130.0-255,2902,108611,78,352762
3261,0.001065,172.31.40.0-255,66,108677,78,352762
3262,0.001084,74.125.130.0-255,4320,112997,78,352762
3263,0.001086,172.31.40.0-255,66,113063,78,352762
3264,0.001114,74.125.130.0-255,4320,117383,78,352762
3265,0.001137,172.31.40.0-255,66,117449,78,352762
3266,0.001143,74.125.130.0-255,5738,123187,78,352762
3267,0.001147,172.31.40.0-255,66,123253,78,352762
3268,0.001162,74.125.130.0-255,1484,124737,78,352762
3269,0.001183,74.125.130.0-255,2184,126921,78,352762
3270,0.001191,172.31.40.0-255,66,126987,78,352762
3271,0.001353,74.125.130.0-255,1484,128471,78,352762
3272,0.001357,74.125.130.0-255,1484,129955,78,352762
3273,0.001359,172.31.40.0-255,66,130021,78,352762
3274,0.001373,74.125.130.0-255,1484,131505,78,352762
3275,0.001386,74.125.130.0-255,1484,132989,78,352762
3276,0.00139,172.31.40.0-255,66,133055,78,352762
3277,0.0014,74.125.130.0-255,1484,134539,78,352762
3278,0.001423,74.125.130.0-255,4320,138859,78,352762
3279,0.001428,74.125.130.0-255,2902,141761,78,352762
3280,0.001433,172.31.40.0-255,66,141827,78,352762
3281,0.00145,74.125.130.0-255,5738,147565,78,352762
3282,0.001455,74.125.130.0-255,4320,151885,78,352762
3283,0.001463,172.31.40.0-255,66,151951,78,352762
3284,0.001481,74.125.130.0-255,5738,157689,78,352762
3285,0.001486,74.125.130.0-255,3602,161291,78,352762
3286,0.001492,172.31.40.0-255,66,161357,78,352762
3287,0.00154,74.125.130.0-255,1484,162841,78,352762
3288,0.001553,74.125.130.0-255,2902,165743,78,352762
3289,0.001556,172.31.40.0-255,66,165809,78,352762
3290,0.001574,74.125.130.0-255,5738,171547,78,352762
3291,0.001579,172.31.40.0-255,66,171613,78,352762
3292,0.001605,74.125.130.0-255,7156,178769,78,352762
3293,0.001613,172.31.40.0-255,66,178835,78,352762
3294,0.001647,74.125.130.0-255,1484,180319,78,352762
3295,0.00167,74.125.130.0-255,3602,183921,78,352762
3296,0.001687,172.31.40.0-255,66,183987,78,352762
3297,0.001795,74.125.130.0-255,1484,185471,78,352762
3298,0.001798,74.125.130.0-255,1484,186955,78,352762
3299,0.001801,172.31.40.0-255,66,187021,78,352762
3300,0.00182,74.125.130.0-255,1484,188505,78,352762
3301,0.001825,74.125.130.0-255,4320,192825,78,352762
3302,0.001841,172.31.40.0-255,66,192891,78,352762
3303,0.001848,74.125.130.0-255,5738,198629,78,352762
3304,0.001853,172.31.40.0-255,66,198695,78,352762
3305,0.001905,172.31.40.0-255,66,198761,78,352762
3306,0.001931,74.125.130.0-255,4320,203081,78,352762
3307,0.001936,172.31.40.0-255,66,203147,78,352762
3308,0.001948,74.125.130.0-255,4320,207467,78,352762
3309,0.001965,74.125.130.0-255,766,208233,78,352762
3310,0.001968,172.31.40.0-255,66,208299,78,352762
3311,0.002036,74.125.130.0-255,1484,209783,78,352762
3312,0.002054,74.125.130.0-255,2902,212685,78,352762
3313,0.002059,172.31.40.0-255,66,212751,78,352762
3314,0.002079,74.125.130.0-255,5738,218489,78,352762
3315,0.002095,172.31.40.0-255,66,218555,78,352762
3316,0.002108,74.125.130.0-255,7156,225711,78,352762
3317,0.002134,74.125.130.0-255,4320,230031,78,352762
3318,0.002176,74.125.130.0-255,2184,232215,78,352762
3319,0.00231,74.125.130.0-255,1484,233699,78,352762
3320,0.002327,74.125.130.0-255,2902,236601,78,352762
3321,0.002344,74.125.130.0-255,4320,240921,78,352762
3322,0.002363,74.125.130.0-255,4320,245241,78,352762
3323,0.002383,74.125.130.0-255,4320,249561,78,352762
3324,0.007486,172.31.40.0-255,66,249627,78,352762
3325,0.009847,74.125.130.0-255,5738,255365,78,352762
3326,0.009854,172.31.40.0-255,66,255431,78,352762
3327,0.01221,74.125.130.0-255,5738,261169,78,352762
3328,0.012218,172.31.40.0-255,66,261235,78,352762
3329,0.014582,74.125.130.0-255,5738,266973,78,352762
3330,0.014593,172.31.40.0-255,66,267039,78,352762
3331,0.016943,74.125.130.0-255,5738,272777,78,352762
3332,0.016951,172.31.40.0-255,66,272843,78,352762
3333,0.019301,74.125.130.0-255,5738,278581,78,352762
3334,0.019309,172.31.40.0-255,66,278647,78,352762
3335,0.021661,74.125.130.0-255,5738,284385,78,352762
3336,0.021668,172.31.40.0-255,66,284451,78,352762
3337,0.024019,74.125.130.0-255,5738,290189,78,352762
3338,0.024026,172.31.40.0-255,66,290255,78,352762
3339,0.026377,74.125.130.0-255,5738,295993,78,352762
3340,0.026384,172.31.40.0-255,66,296059,78,352762
3341,0.028044,172.31.40.0-255,172,296231,78,352762
3342,0.028076,172.31.40.0-255,1107,297338,78,352762
3343,0.028133,172.31.40.0-255,1514,298852,78,352762
3344,0.028135,172.31.40.0-255,1302,300154,78,352762
3345,0.028733,74.125.130.0-255,5738,305892,78,352762
3346,0.02874,172.31.40.0-255,66,305958,78,352762
3347,0.029534,104.244.42.0-255,66,306024,78,352762
3348,0.029627,104.244.42.0-255,66,306090,78,352762
3349,0.029647,104.244.42.0-255,66,306156,78,352762
3350,0.030434,104.244.42.0-255,108,306264,78,352762
3351,0.03044,172.31.40.0-255,66,306330,78,352762
3352,0.0311,74.125.130.0-255,5738,312068,78,352762
3353,0.031105,172.31.40.0-255,66,312134,78,352762
3354,0.033457,74.125.130.0-255,5738,317872,78,352762
3355,0.033462,172.31.40.0-255,66,317938,78,352762
3356,0.035816,74.125.130.0-255,5738,323676,78,352762
3357,0.035822,172.31.40.0-255,66,323742,78,352762
3358,0.038219,74.125.130.0-255,5738,329480,78,352762
3359,0.038226,172.31.40.0-255,66,329546,78,352762
3360,0.040568,74.125.130.0-255,5738,335284,78,352762
3361,0.040575,172.31.40.0-255,66,335350,78,352762
3362,0.042935,74.125.130.0-255,5738,341088,78,352762
3363,0.04294,172.31.40.0-255,66,341154,78,352762
3364,0.045298,74.125.130.0-255,5738,346892,78,352762
3365,0.045305,172.31.40.0-255,66,346958,78,352762
3366,0.047656,74.125.130.0-255,5738,352696,78,352762
3367,0.047662,172.31.40.0-255,66,352762,78,352762
3368,0.0,74.125.24.0-255,152,152,78,237342
3369,1.5e-05,172.31.40.0-255,66,218,78,237342
3370,2.1e-05,74.125.24.0-255,1484,1702,78,237342
3371,2.5e-05,172.31.40.0-255,66,1768,78,237342
3372,3e-05,74.125.24.0-255,2902,4670,78,237342
3373,3.4e-05,172.31.40.0-255,66,4736,78,237342
3374,8.2e-05,74.125.24.0-255,7156,11892,78,237342
3375,8.5e-05,172.31.40.0-255,66,11958,78,237342
3376,8.9e-05,74.125.24.0-255,2119,14077,78,237342
3377,9.1e-05,172.31.40.0-255,66,14143,78,237342
3378,9.6e-05,74.125.24.0-255,2902,17045,78,237342
3379,9.8e-05,172.31.40.0-255,66,17111,78,237342
3380,0.000102,74.125.24.0-255,1484,18595,78,237342
3381,0.000104,172.31.40.0-255,66,18661,78,237342
3382,0.000137,74.125.24.0-255,5738,24399,78,237342
3383,0.00014,172.31.40.0-255,66,24465,78,237342
3384,0.000152,74.125.24.0-255,6797,31262,78,237342
3385,0.000154,172.31.40.0-255,66,31328,78,237342
3386,0.000218,74.125.24.0-255,1484,32812,78,237342
3387,0.000221,172.31.40.0-255,66,32878,78,237342
3388,0.000226,74.125.24.0-255,2902,35780,78,237342
3389,0.000228,172.31.40.0-255,66,35846,78,237342
3390,0.000237,74.125.24.0-255,2902,38748,78,237342
3391,0.00024,172.31.40.0-255,66,38814,78,237342
3392,0.000266,74.125.24.0-255,2902,41716,78,237342
3393,0.000269,172.31.40.0-255,66,41782,78,237342
3394,0.000288,172.31.40.0-255,66,41848,78,237342
3395,0.000316,74.125.24.0-255,1125,42973,78,237342
3396,0.000318,172.31.40.0-255,66,43039,78,237342
3397,0.000334,172.31.40.0-255,66,43105,78,237342
3398,0.000336,74.125.24.0-255,1125,44230,78,237342
3399,0.000696,74.125.24.0-255,645,44875,78,237342
3400,0.000702,172.31.40.0-255,66,44941,78,237342
3401,0.000725,74.125.24.0-255,1484,46425,78,237342
3402,0.000743,74.125.24.0-255,2902,49327,78,237342
3403,0.000746,172.31.40.0-255,66,49393,78,237342
3404,0.000753,74.125.24.0-255,5738,55131,78,237342
3405,0.000755,172.31.40.0-255,66,55197,78,237342
3406,0.00077,74.125.24.0-255,1484,56681,78,237342
3407,0.000799,172.31.40.0-255,66,56747,78,237342
3408,0.000805,74.125.24.0-255,5738,62485,78,237342
3409,0.000808,172.31.40.0-255,66,62551,78,237342
3410,0.000825,74.125.24.0-255,2902,65453,78,237342
3411,0.000832,172.31.40.0-255,66,65519,78,237342
3412,0.00086,74.125.24.0-255,2184,67703,78,237342
3413,0.000863,172.31.40.0-255,66,67769,78,237342
3414,0.001191,74.125.24.0-255,1484,69253,78,237342
3415,0.001197,74.125.24.0-255,2902,72155,78,237342
3416,0.0012,172.31.40.0-255,66,72221,78,237342
3417,0.001204,74.125.24.0-255,1484,73705,78,237342
3418,0.001229,74.125.24.0-255,4320,78025,78,237342
3419,0.001232,172.31.40.0-255,66,78091,78,237342
3420,0.001268,74.125.24.0-255,7156,85247,78,237342
3421,0.00127,172.31.40.0-255,66,85313,78,237342
3422,0.001301,74.125.24.0-255,5738,91051,78,237342
3423,0.001303,172.31.40.0-255,66,91117,78,237342
3424,0.001313,172.31.40.0-255,66,91183,78,237342
3425,0.001323,74.125.24.0-255,3602,94785,78,237342
3426,0.001325,172.31.40.0-255,66,94851,78,237342
3427,0.00133,74.125.24.0-255,4320,99171,78,237342
3428,0.001332,172.31.40.0-255,66,99237,78,237342
3429,0.001337,74.125.24.0-255,2902,102139,78,237342
3430,0.001339,172.31.40.0-255,66,102205,78,237342
3431,0.001376,74.125.24.0-255,7156,109361,78,237342
3432,0.001384,172.31.40.0-255,66,109427,78,237342
3433,0.001395,172.31.40.0-255,66,109493,78,237342
3434,0.001436,172.31.40.0-255,66,109559,78,237342
3435,0.001794,172.31.40.0-255,101,109660,78,237342
3436,0.002463,74.125.24.0-255,1484,111144,78,237342
3437,0.002472,74.125.24.0-255,2902,114046,78,237342
3438,0.002475,172.31.40.0-255,66,114112,78,237342
3439,0.002499,74.125.24.0-255,5738,119850,78,237342
3440,0.002502,172.31.40.0-255,66,119916,78,237342
3441,0.002521,74.125.24.0-255,5738,125654,78,237342
3442,0.002523,172.31.40.0-255,66,125720,78,237342
3443,0.002543,74.125.24.0-255,7156,132876,78,237342
3444,0.002544,172.31.40.0-255,66,132942,78,237342
3445,0.002573,172.31.40.0-255,66,133008,78,237342
3446,0.002597,74.125.24.0-255,2184,135192,78,237342
3447,0.002599,172.31.40.0-255,66,135258,78,237342
3448,0.004412,74.125.24.0-255,66,135324,78,237342
3449,0.005171,74.125.24.0-255,2902,138226,78,237342
3450,0.005177,172.31.40.0-255,66,138292,78,237342
3451,0.005228,74.125.24.0-255,1484,139776,78,237342
3452,0.005242,74.125.24.0-255,1484,141260,78,237342
3453,0.005244,172.31.40.0-255,66,141326,78,237342
3454,0.007819,74.125.24.0-255,2902,144228,78,237342
3455,0.007825,172.31.40.0-255,66,144294,78,237342
3456,0.007855,74.125.24.0-255,1484,145778,78,237342
3457,0.00787,74.125.24.0-255,1484,147262,78,237342
3458,0.007873,172.31.40.0-255,66,147328,78,237342
3459,0.010444,74.125.24.0-255,2902,150230,78,237342
3460,0.010451,172.31.40.0-255,66,150296,78,237342
3461,0.010487,74.125.24.0-255,2902,153198,78,237342
3462,0.010489,172.31.40.0-255,66,153264,78,237342
3463,0.013095,74.125.24.0-255,5738,159002,78,237342
3464,0.013102,172.31.40.0-255,66,159068,78,237342
3465,0.015721,74.125.24.0-255,5738,164806,78,237342
3466,0.015729,172.31.40.0-255,66,164872,78,237342
3467,0.018393,74.125.24.0-255,4320,169192,78,237342
3468,0.018401,172.31.40.0-255,66,169258,78,237342
3469,0.01843,74.125.24.0-255,1484,170742,78,237342
3470,0.021074,74.125.24.0-255,4320,175062,78,237342
3471,0.021082,172.31.40.0-255,66,175128,78,237342
3472,0.023691,74.125.24.0-255,5738,180866,78,237342
3473,0.023699,172.31.40.0-255,66,180932,78,237342
3474,0.026313,74.125.24.0-255,5738,186670,78,237342
3475,0.02632,172.31.40.0-255,66,186736,78,237342
3476,0.028995,74.125.24.0-255,5738,192474,78,237342
3477,0.02901,172.31.40.0-255,66,192540,78,237342
3478,0.03165,74.125.24.0-255,5738,198278,78,237342
3479,0.031661,172.31.40.0-255,66,198344,78,237342
3480,0.033729,172.31.40.0-255,172,198516,78,237342
3481,0.033763,172.31.40.0-255,1103,199619,78,237342
3482,0.033823,172.31.40.0-255,1514,201133,78,237342
3483,0.033825,172.31.40.0-255,1187,202320,78,237342
3484,0.034329,74.125.24.0-255,5738,208058,78,237342
3485,0.034336,172.31.40.0-255,66,208124,78,237342
3486,0.035273,104.244.42.0-255,66,208190,78,237342
3487,0.035363,104.244.42.0-255,66,208256,78,237342
3488,0.035368,104.244.42.0-255,66,208322,78,237342
3489,0.036976,74.125.24.0-255,5738,214060,78,237342
3490,0.036984,172.31.40.0-255,66,214126,78,237342
3491,0.039635,74.125.24.0-255,5738,219864,78,237342
3492,0.039643,172.31.40.0-255,66,219930,78,237342
3493,0.042279,74.125.24.0-255,5738,225668,78,237342
3494,0.042286,172.31.40.0-255,66,225734,78,237342
3495,0.044991,74.125.24.0-255,5738,231472,78,237342
3496,0.044998,172.31.40.0-255,66,231538,78,237342
3497,0.047687,74.125.24.0-255,5738,237276,78,237342
3498,0.047695,172.31.40.0-255,66,237342,78,237342
3499,0.0,74.125.200.0-255,149,149,78,189065
3500,2.2e-05,172.31.40.0-255,66,215,78,189065
3501,4.6e-05,74.125.200.0-255,1484,1699,78,189065
3502,5.1e-05,172.31.40.0-255,66,1765,78,189065
3503,5.6e-05,74.125.200.0-255,2902,4667,78,189065
3504,5.9e-05,172.31.40.0-255,66,4733,78,189065
3505,6.3e-05,74.125.200.0-255,1484,6217,78,189065
3506,6.5e-05,172.31.40.0-255,66,6283,78,189065
3507,8.2e-05,74.125.200.0-255,4320,10603,78,189065
3508,8.5e-05,172.31.40.0-255,66,10669,78,189065
3509,0.00011,74.125.200.0-255,3528,14197,78,189065
3510,0.000112,172.31.40.0-255,66,14263,78,189065
3511,0.000143,74.125.200.0-255,1484,15747,78,189065
3512,0.000146,172.31.40.0-255,66,15813,78,189065
3513,0.000149,74.125.200.0-255,1484,17297,78,189065
3514,0.000151,172.31.40.0-255,66,17363,78,189065
3515,0.000165,74.125.200.0-255,1484,18847,78,189065
3516,0.000167,172.31.40.0-255,66,18913,78,189065
3517,0.00017,74.125.200.0-255,1484,20397,78,189065
3518,0.000172,172.31.40.0-255,66,20463,78,189065
3519,0.000195,74.125.200.0-255,4320,24783,78,189065
3520,0.000198,172.31.40.0-255,66,24849,78,189065
3521,0.000203,74.125.200.0-255,4320,29169,78,189065
3522,0.000205,172.31.40.0-255,66,29235,78,189065
3523,0.000256,74.125.200.0-255,2543,31778,78,189065
3524,0.000259,172.31.40.0-255,66,31844,78,189065
3525,0.000307,74.125.200.0-255,1484,33328,78,189065
3526,0.00031,172.31.40.0-255,66,33394,78,189065
3527,0.000323,74.125.200.0-255,2902,36296,78,189065
3528,0.000326,172.31.40.0-255,66,36362,78,189065
3529,0.000349,74.125.200.0-255,2902,39264,78,189065
3530,0.000351,172.31.40.0-255,66,39330,78,189065
3531,0.000355,74.125.200.0-255,2902,42232,78,189065
3532,0.000369,74.125.200.0-255,1484,43716,78,189065
3533,0.000393,74.125.200.0-255,2902,46618,78,189065
3534,0.000448,74.125.200.0-255,2543,49161,78,189065
3535,0.000491,172.31.40.0-255,66,49227,78,189065
3536,0.000893,74.125.200.0-255,1484,50711,78,189065
3537,0.000907,74.125.200.0-255,1484,52195,78,189065
3538,0.000911,172.31.40.0-255,66,52261,78,189065
3539,0.000915,74.125.200.0-255,1484,53745,78,189065
3540,0.000925,74.125.200.0-255,1484,55229,78,189065
3541,0.000949,74.125.200.0-255,2902,58131,78,189065
3542,0.000961,172.31.40.0-255,66,58197,78,189065
3543,0.000966,74.125.200.0-255,2902,61099,78,189065
3544,0.00097,74.125.200.0-255,2902,64001,78,189065
3545,0.000975,172.31.40.0-255,66,64067,78,189065
3546,0.001002,74.125.200.0-255,2543,66610,78,189065
3547,0.001017,172.31.40.0-255,66,66676,78,189065
3548,0.001586,74.125.200.0-255,1484,68160,78,189065
3549,0.001596,74.125.200.0-255,2902,71062,78,189065
3550,0.001601,172.31.40.0-255,66,71128,78,189065
3551,0.001618,74.125.200.0-255,2902,74030,78,189065
3552,0.001637,74.125.200.0-255,4320,78350,78,189065
3553,0.001688,74.125.200.0-255,1484,79834,78,189065
3554,0.00171,74.125.200.0-255,2902,82736,78,189065
3555,0.001749,74.125.200.0-255,766,83502,78,189065
3556,0.006233,172.31.40.0-255,66,83568,78,189065
3557,0.006282,172.31.40.0-255,101,83669,78,189065
3558,0.008795,74.125.200.0-255,5738,89407,78,189065
3559,0.008804,172.31.40.0-255,66,89473,78,189065
3560,0.008811,74.125.200.0-255,66,89539,78,189065
3561,0.011371,74.125.200.0-255,5738,95277,78,189065
3562,0.01138,172.31.40.0-255,66,95343,78,189065
3563,0.013947,74.125.200.0-255,5738,101081,78,189065
3564,0.013958,172.31.40.0-255,66,101147,78,189065
3565,0.016533,74.125.200.0-255,5738,106885,78,189065
3566,0.016541,172.31.40.0-255,66,106951,78,189065
3567,0.019102,74.125.200.0-255,5738,112689,78,189065
3568,0.019113,172.31.40.0-255,66,112755,78,189065
3569,0.02168,74.125.200.0-255,5738,118493,78,189065
3570,0.021688,172.31.40.0-255,66,118559,78,189065
3571,0.024143,172.31.40.0-255,172,118731,78,189065
3572,0.024177,172.31.40.0-255,1108,119839,78,189065
3573,0.024251,172.31.40.0-255,1514,121353,78,189065
3574,0.024253,172.31.40.0-255,1514,122867,78,189065
3575,0.024262,74.125.200.0-255,5738,128605,78,189065
3576,0.024278,172.31.40.0-255,66,128671,78,189065
3577,0.024286,172.31.40.0-255,1514,130185,78,189065
3578,0.024287,172.31.40.0-255,1514,131699,78,189065
3579,0.024311,172.31.40.0-255,480,132179,78,189065
3580,0.025692,104.244.42.0-255,66,132245,78,189065
3581,0.025734,104.244.42.0-255,66,132311,78,189065
3582,0.025835,104.244.42.0-255,66,132377,78,189065
3583,0.02584,104.244.42.0-255,66,132443,78,189065
3584,0.026843,74.125.200.0-255,5738,138181,78,189065
3585,0.026852,172.31.40.0-255,66,138247,78,189065
3586,0.029435,74.125.200.0-255,5738,143985,78,189065
3587,0.029442,172.31.40.0-255,66,144051,78,189065
3588,0.032007,74.125.200.0-255,5738,149789,78,189065
3589,0.032014,172.31.40.0-255,66,149855,78,189065
3590,0.034575,74.125.200.0-255,5738,155593,78,189065
3591,0.034581,172.31.40.0-255,66,155659,78,189065
3592,0.037151,74.125.200.0-255,5738,161397,78,189065
3593,0.037157,172.31.40.0-255,66,161463,78,189065
3594,0.039708,74.125.200.0-255,5738,167201,78,189065
3595,0.039719,172.31.40.0-255,66,167267,78,189065
3596,0.042277,74.125.200.0-255,5738,173005,78,189065
3597,0.042283,172.31.40.0-255,66,173071,78,189065
3598,0.04483,74.125.200.0-255,4320,177391,78,189065
3599,0.044837,172.31.40.0-255,66,177457,78,189065
3600,0.044857,74.125.200.0-255,1484,178941,78,189065
3601,0.047397,74.125.200.0-255,4320,183261,78,189065
3602,0.047408,172.31.40.0-255,66,183327,78,189065
3603,0.049975,74.125.200.0-255,5738,189065,78,189065
3604,0.0,172.217.194.0-255,153,153,78,260810
3605,1.6e-05,172.31.40.0-255,66,219,78,260810
3606,2.3e-05,172.217.194.0-255,1484,1703,78,260810
3607,2.8e-05,172.31.40.0-255,66,1769,78,260810
3608,3.4e-05,172.217.194.0-255,2902,4671,78,260810
3609,3.8e-05,172.31.40.0-255,66,4737,78,260810
3610,4.6e-05,172.217.194.0-255,7156,11893,78,260810
3611,5e-05,172.31.40.0-255,66,11959,78,260810
3612,5.4e-05,172.217.194.0-255,2029,13988,78,260810
3613,5.6e-05,172.31.40.0-255,66,14054,78,260810
3614,0.000132,172.217.194.0-255,1484,15538,78,260810
3615,0.000135,172.31.40.0-255,66,15604,78,260810
3616,0.000141,172.217.194.0-255,2902,18506,78,260810
3617,0.000143,172.31.40.0-255,66,18572,78,260810
3618,0.000146,172.217.194.0-255,1484,20056,78,260810
3619,0.000148,172.31.40.0-255,66,20122,78,260810
3620,0.000175,172.217.194.0-255,4320,24442,78,260810
3621,0.000192,172.31.40.0-255,66,24508,78,260810
3622,0.000213,172.217.194.0-255,6797,31305,78,260810
3623,0.000216,172.31.40.0-255,66,31371,78,260810
3624,0.000221,172.217.194.0-255,4320,35691,78,260810
3625,0.000223,172.31.40.0-255,66,35757,78,260810
3626,0.000239,172.217.194.0-255,2902,38659,78,260810
3627,0.000241,172.31.40.0-255,66,38725,78,260810
3628,0.000276,172.217.194.0-255,1484,40209,78,260810
3629,0.000279,172.31.40.0-255,66,40275,78,260810
3630,0.000304,172.31.40.0-255,66,40341,78,260810
3631,0.000374,172.217.194.0-255,1484,41825,78,260810
3632,0.000377,172.31.40.0-255,66,41891,78,260810
3633,0.000382,172.217.194.0-255,2902,44793,78,260810
3634,0.000384,172.31.40.0-255,66,44859,78,260810
3635,0.0004,172.217.194.0-255,5738,50597,78,260810
3636,0.000403,172.31.40.0-255,66,50663,78,260810
3637,0.000453,172.217.194.0-255,1484,52147,78,260810
3638,0.000473,172.217.194.0-255,5958,58105,78,260810
3639,0.000477,172.31.40.0-255,66,58171,78,260810
3640,0.000495,172.217.194.0-255,1484,59655,78,260810
3641,0.000509,172.217.194.0-255,4320,63975,78,260810
3642,0.000511,172.31.40.0-255,66,64041,78,260810
3643,0.000516,172.217.194.0-255,4320,68361,78,260810
3644,0.000519,172.31.40.0-255,66,68427,78,260810
3645,0.000536,172.217.194.0-255,2902,71329,78,260810
3646,0.000539,172.31.40.0-255,66,71395,78,260810
3647,0.000554,172.217.194.0-255,1484,72879,78,260810
3648,0.000591,172.31.40.0-255,66,72945,78,260810
3649,0.000609,172.217.194.0-255,5738,78683,78,260810
3650,0.000612,172.31.40.0-255,66,78749,78,260810
3651,0.000637,172.217.194.0-255,3961,82710,78,260810
3652,0.00064,172.31.40.0-255,66,82776,78,260810
3653,0.000884,172.217.194.0-255,1484,84260,78,260810
3654,0.00089,172.217.194.0-255,2902,87162,78,260810
3655,0.000894,172.31.40.0-255,66,87228,78,260810
3656,0.000922,172.217.194.0-255,5738,92966,78,260810
3657,0.000925,172.31.40.0-255,66,93032,78,260810
3658,0.000972,172.217.194.0-255,7156,100188,78,260810
3659,0.000974,172.31.40.0-255,66,100254,78,260810
3660,0.001007,172.217.194.0-255,5738,105992,78,260810
3661,0.00101,172.31.40.0-255,66,106058,78,260810
3662,0.001023,172.31.40.0-255,66,106124,78,260810
3663,0.001026,172.217.194.0-255,1484,107608,78,260810
3664,0.001046,172.217.194.0-255,2902,110510,78,260810
3665,0.00105,172.217.194.0-255,2902,113412,78,260810
3666,0.001055,172.31.40.0-255,66,113478,78,260810
3667,0.001062,172.31.40.0-255,66,113544,78,260810
3668,0.001066,172.217.194.0-255,2902,116446,78,260810
3669,0.001069,172.31.40.0-255,66,116512,78,260810
3670,0.001072,172.217.194.0-255,1484,117996,78,260810
3671,0.001108,172.31.40.0-255,66,118062,78,260810
3672,0.001111,172.217.194.0-255,1484,119546,78,260810
3673,0.001141,172.31.40.0-255,66,119612,78,260810
3674,0.001211,172.217.194.0-255,1484,121096,78,260810
3675,0.001216,172.217.194.0-255,2902,123998,78,260810
3676,0.001219,172.31.40.0-255,66,124064,78,260810
3677,0.001222,172.217.194.0-255,1484,125548,78,260810
3678,0.001243,172.217.194.0-255,4320,129868,78,260810
3679,0.001246,172.31.40.0-255,66,129934,78,260810
3680,0.00125,172.217.194.0-255,2902,132836,78,260810
3681,0.001253,172.31.40.0-255,66,132902,78,260810
3682,0.001292,172.31.40.0-255,66,132968,78,260810
3683,0.001304,172.31.40.0-255,66,133034,78,260810
3684,0.001306,172.217.194.0-255,766,133800,78,260810
3685,0.001403,172.217.194.0-255,1484,135284,78,260810
3686,0.001406,172.31.40.0-255,66,135350,78,260810
3687,0.001411,172.217.194.0-255,2902,138252,78,260810
3688,0.001413,172.31.40.0-255,66,138318,78,260810
3689,0.001438,172.217.194.0-255,5738,144056,78,260810
3690,0.00144,172.31.40.0-255,66,144122,78,260810
3691,0.001453,172.217.194.0-255,4320,148442,78,260810
3692,0.001455,172.31.40.0-255,66,148508,78,260810
3693,0.001475,172.31.40.0-255,66,148574,78,260810
3694,0.00148,172.217.194.0-255,5738,154312,78,260810
3695,0.001483,172.31.40.0-255,66,154378,78,260810
3696,0.00151,172.217.194.0-255,4320,158698,78,260810
3697,0.001512,172.31.40.0-255,66,158764,78,260810
3698,0.001533,172.217.194.0-255,766,159530,78,260810
3699,0.001804,172.217.194.0-255,1484,161014,78,260810
3700,0.001808,172.31.40.0-255,66,161080,78,260810
3701,0.001812,172.217.194.0-255,2902,163982,78,260810
3702,0.001814,172.31.40.0-255,66,164048,78,260810
3703,0.001816,172.217.194.0-255,1484,165532,78,260810
3704,0.001834,172.217.194.0-255,4320,169852,78,260810
3705,0.001836,172.31.40.0-255,66,169918,78,260810
3706,0.001856,172.217.194.0-255,4320,174238,78,260810
3707,0.001859,172.31.40.0-255,66,174304,78,260810
3708,0.001889,172.31.40.0-255,66,174370,78,260810
3709,0.0019,172.31.40.0-255,66,174436,78,260810
3710,0.001954,172.217.194.0-255,1484,175920,78,260810
3711,0.001969,172.217.194.0-255,2902,178822,78,260810
3712,0.001972,172.31.40.0-255,66,178888,78,260810
3713,0.001976,172.217.194.0-255,2902,181790,78,260810
3714,0.001978,172.31.40.0-255,66,181856,78,260810
3715,0.002001,172.217.194.0-255,2902,184758,78,260810
3716,0.002004,172.31.40.0-255,66,184824,78,260810
3717,0.002015,172.217.194.0-255,4320,189144,78,260810
3718,0.002017,172.31.40.0-255,66,189210,78,260810
3719,0.002042,172.217.194.0-255,7156,196366,78,260810
3720,0.002044,172.31.40.0-255,66,196432,78,260810
3721,0.002063,172.217.194.0-255,5738,202170,78,260810
3722,0.002067,172.31.40.0-255,66,202236,78,260810
3723,0.002081,172.217.194.0-255,1484,203720,78,260810
3724,0.002101,172.217.194.0-255,5020,208740,78,260810
3725,0.002104,172.31.40.0-255,66,208806,78,260810
3726,0.002149,172.217.194.0-255,7156,215962,78,260810
3727,0.002151,172.31.40.0-255,66,216028,78,260810
3728,0.002158,172.217.194.0-255,7156,223184,78,260810
3729,0.00216,172.31.40.0-255,66,223250,78,260810
3730,0.002174,172.31.40.0-255,66,223316,78,260810
3731,0.002187,172.217.194.0-255,2902,226218,78,260810
3732,0.002191,172.217.194.0-255,3602,229820,78,260810
3733,0.002194,172.31.40.0-255,66,229886,78,260810
3734,0.002197,172.31.40.0-255,66,229952,78,260810
3735,0.002266,172.217.194.0-255,1484,231436,78,260810
3736,0.00227,172.217.194.0-255,2902,234338,78,260810
3737,0.002273,172.31.40.0-255,66,234404,78,260810
3738,0.002296,172.217.194.0-255,4320,238724,78,260810
3739,0.002298,172.31.40.0-255,66,238790,78,260810
3740,0.002303,172.217.194.0-255,4320,243110,78,260810
3741,0.002305,172.31.40.0-255,66,243176,78,260810
3742,0.00232,172.217.194.0-255,4320,247496,78,260810
3743,0.002322,172.31.40.0-255,66,247562,78,260810
3744,0.00234,172.217.194.0-255,1484,249046,78,260810
3745,0.002378,172.31.40.0-255,66,249112,78,260810
3746,0.002393,172.31.40.0-255,66,249178,78,260810
3747,0.002414,172.217.194.0-255,2902,252080,78,260810
3748,0.002416,172.31.40.0-255,66,252146,78,260810
3749,0.002421,172.217.194.0-255,3908,256054,78,260810
3750,0.002423,172.31.40.0-255,66,256120,78,260810
3751,0.002462,172.217.194.0-255,105,256225,78,260810
3752,0.01248,172.31.40.0-255,66,256291,78,260810
3753,0.01253,172.31.40.0-255,105,256396,78,260810
3754,0.01509,172.217.194.0-255,66,256462,78,260810
3755,0.043359,172.31.40.0-255,229,256691,78,260810
3756,0.043389,172.31.40.0-255,1108,257799,78,260810
3757,0.043447,172.31.40.0-255,1514,259313,78,260810
3758,0.043449,172.31.40.0-255,1299,260612,78,260810
3759,0.044931,104.244.42.0-255,66,260678,78,260810
3760,0.044963,104.244.42.0-255,66,260744,78,260810
3761,0.045029,104.244.42.0-255,66,260810,78,260810
3762,0.0,172.217.194.0-255,154,154,78,189012
3763,2.1e-05,172.31.40.0-255,66,220,78,189012
3764,2.8e-05,172.217.194.0-255,1484,1704,78,189012
3765,3.3e-05,172.31.40.0-255,66,1770,78,189012
3766,3.9e-05,172.217.194.0-255,2902,4672,78,189012
3767,4.1e-05,172.31.40.0-255,66,4738,78,189012
3768,4.9e-05,172.217.194.0-255,7156,11894,78,189012
3769,5.2e-05,172.31.40.0-255,66,11960,78,189012
3770,8.3e-05,172.31.40.0-255,66,12026,78,189012
3771,0.000107,172.31.40.0-255,66,12092,78,189012
3772,0.000111,172.217.194.0-255,1484,13576,78,189012
3773,0.000113,172.31.40.0-255,66,13642,78,189012
3774,0.000138,172.217.194.0-255,7156,20798,78,189012
3775,0.000141,172.31.40.0-255,66,20864,78,189012
3776,0.000159,172.217.194.0-255,7156,28020,78,189012
3777,0.000162,172.31.40.0-255,66,28086,78,189012
3778,0.000192,172.217.194.0-255,3602,31688,78,189012
3779,0.000195,172.31.40.0-255,66,31754,78,189012
3780,0.001104,172.217.194.0-255,1484,33238,78,189012
3781,0.001111,172.31.40.0-255,66,33304,78,189012
3782,0.00112,172.217.194.0-255,2902,36206,78,189012
3783,0.001123,172.31.40.0-255,66,36272,78,189012
3784,0.001149,172.217.194.0-255,5738,42010,78,189012
3785,0.001151,172.31.40.0-255,66,42076,78,189012
3786,0.001185,172.217.194.0-255,2902,44978,78,189012
3787,0.001187,172.31.40.0-255,66,45044,78,189012
3788,0.001207,172.217.194.0-255,4266,49310,78,189012
3789,0.001209,172.31.40.0-255,66,49376,78,189012
3790,0.001814,172.217.194.0-255,1484,50860,78,189012
3791,0.00182,172.31.40.0-255,66,50926,78,189012
3792,0.001825,172.217.194.0-255,1484,52410,78,189012
3793,0.00184,172.217.194.0-255,1484,53894,78,189012
3794,0.001842,172.31.40.0-255,66,53960,78,189012
3795,0.001865,172.217.194.0-255,5738,59698,78,189012
3796,0.001867,172.31.40.0-255,66,59764,78,189012
3797,0.001879,172.31.40.0-255,66,59830,78,189012
3798,0.001915,172.31.40.0-255,66,59896,78,189012
3799,0.00193,172.217.194.0-255,766,60662,78,189012
3800,0.002131,172.217.194.0-255,1484,62146,78,189012
3801,0.002133,172.31.40.0-255,66,62212,78,189012
3802,0.002151,172.217.194.0-255,2902,65114,78,189012
3803,0.002154,172.31.40.0-255,66,65180,78,189012
3804,0.002161,172.217.194.0-255,5738,70918,78,189012
3805,0.002163,172.31.40.0-255,66,70984,78,189012
3806,0.002199,172.31.40.0-255,66,71050,78,189012
3807,0.002202,172.217.194.0-255,1484,72534,78,189012
3808,0.002229,172.31.40.0-255,66,72600,78,189012
3809,0.002268,172.217.194.0-255,5738,78338,78,189012
3810,0.00227,172.31.40.0-255,66,78404,78,189012
3811,0.002336,172.31.40.0-255,66,78470,78,189012
3812,0.002357,172.217.194.0-255,4320,82790,78,189012
3813,0.00236,172.31.40.0-255,66,82856,78,189012
3814,0.002381,172.31.40.0-255,66,82922,78,189012
3815,0.002403,172.217.194.0-255,2184,85106,78,189012
3816,0.002405,172.31.40.0-255,66,85172,78,189012
3817,0.002408,172.217.194.0-255,1484,86656,78,189012
3818,0.00242,172.31.40.0-255,66,86722,78,189012
3819,0.00244,172.217.194.0-255,7156,93878,78,189012
3820,0.002442,172.31.40.0-255,66,93944,78,189012
3821,0.002479,172.31.40.0-255,66,94010,78,189012
3822,0.0025,172.31.40.0-255,66,94076,78,189012
3823,0.002539,172.217.194.0-255,6438,100514,78,189012
3824,0.002542,172.31.40.0-255,66,100580,78,189012
3825,0.002564,172.31.40.0-255,66,100646,78,189012
3826,0.002579,172.31.40.0-255,66,100712,78,189012
3827,0.002594,172.31.40.0-255,66,100778,78,189012
3828,0.002605,172.31.40.0-255,66,100844,78,189012
3829,0.002617,172.31.40.0-255,66,100910,78,189012
3830,0.002622,172.217.194.0-255,4320,105230,78,189012
3831,0.002625,172.31.40.0-255,66,105296,78,189012
3832,0.002652,172.217.194.0-255,5738,111034,78,189012
3833,0.002655,172.31.40.0-255,66,111100,78,189012
3834,0.005204,172.217.194.0-255,4320,115420,78,189012
3835,0.005212,172.31.40.0-255,66,115486,78,189012
3836,0.005226,172.217.194.0-255,1484,116970,78,189012
3837,0.007787,172.217.194.0-255,4320,121290,78,189012
3838,0.007807,172.31.40.0-255,66,121356,78,189012
3839,0.01043,172.217.194.0-255,5738,127094,78,189012
3840,0.010448,172.31.40.0-255,66,127160,78,189012
3841,0.013015,172.217.194.0-255,5738,132898,78,189012
3842,0.013048,172.31.40.0-255,66,132964,78,189012
3843,0.015577,172.217.194.0-255,5738,138702,78,189012
3844,0.015584,172.31.40.0-255,66,138768,78,189012
3845,0.018111,172.217.194.0-255,1484,140252,78,189012
3846,0.018133,172.217.194.0-255,4320,144572,78,189012
3847,0.018137,172.31.40.0-255,66,144638,78,189012
3848,0.020687,172.217.194.0-255,5738,150376,78,189012
3849,0.020694,172.31.40.0-255,66,150442,78,189012
3850,0.023244,172.217.194.0-255,5738,156180,78,189012
3851,0.023255,172.31.40.0-255,66,156246,78,189012
3852,0.025835,172.217.194.0-255,5738,161984,78,189012
3853,0.025847,172.31.40.0-255,66,162050,78,189012
3854,0.02843,172.217.194.0-255,5738,167788,78,189012
3855,0.02844,172.31.40.0-255,66,167854,78,189012
3856,0.031018,172.217.194.0-255,5738,173592,78,189012
3857,0.031028,172.31.40.0-255,66,173658,78,189012
3858,0.033586,172.217.194.0-255,5738,179396,78,189012
3859,0.033594,172.31.40.0-255,66,179462,78,189012
3860,0.03618,172.217.194.0-255,5220,184682,78,189012
3861,0.036198,172.31.40.0-255,66,184748,78,189012
3862,0.036503,172.31.40.0-255,105,184853,78,189012
3863,0.038987,172.217.194.0-255,66,184919,78,189012
3864,0.048652,172.31.40.0-255,172,185091,78,189012
3865,0.048686,172.31.40.0-255,1109,186200,78,189012
3866,0.048745,172.31.40.0-255,1514,187714,78,189012
3867,0.048747,172.31.40.0-255,1298,189012,78,189012
3868,0.0,74.125.200.0-255,146,146,78,312762
3869,2.4e-05,172.31.40.0-255,66,212,78,312762
3870,3.1e-05,74.125.200.0-255,1484,1696,78,312762
3871,3.6e-05,172.31.40.0-255,66,1762,78,312762
3872,5.4e-05,74.125.200.0-255,2902,4664,78,312762
3873,5.7e-05,172.31.40.0-255,66,4730,78,312762
3874,6.3e-05,74.125.200.0-255,4320,9050,78,312762
3875,6.6e-05,172.31.40.0-255,66,9116,78,312762
3876,0.000104,74.125.200.0-255,4874,13990,78,312762
3877,0.000108,172.31.40.0-255,66,14056,78,312762
3878,0.000113,74.125.200.0-255,4320,18376,78,312762
3879,0.000115,172.31.40.0-255,66,18442,78,312762
3880,0.000142,74.125.200.0-255,1484,19926,78,312762
3881,0.000144,172.31.40.0-255,66,19992,78,312762
3882,0.000151,74.125.200.0-255,4320,24312,78,312762
3883,0.000154,172.31.40.0-255,66,24378,78,312762
3884,0.00016,74.125.200.0-255,5738,30116,78,312762
3885,0.000163,172.31.40.0-255,66,30182,78,312762
3886,0.000166,74.125.200.0-255,1125,31307,78,312762
3887,0.000168,172.31.40.0-255,66,31373,78,312762
3888,0.000248,74.125.200.0-255,1484,32857,78,312762
3889,0.000251,172.31.40.0-255,66,32923,78,312762
3890,0.000277,74.125.200.0-255,2902,35825,78,312762
3891,0.00028,172.31.40.0-255,66,35891,78,312762
3892,0.000288,74.125.200.0-255,5738,41629,78,312762
3893,0.00029,172.31.40.0-255,66,41695,78,312762
3894,0.000296,74.125.200.0-255,4320,46015,78,312762
3895,0.000298,172.31.40.0-255,66,46081,78,312762
3896,0.000312,74.125.200.0-255,2543,48624,78,312762
3897,0.000314,172.31.40.0-255,66,48690,78,312762
3898,0.000346,172.31.40.0-255,66,48756,78,312762
3899,0.000384,74.125.200.0-255,5653,54409,78,312762
3900,0.000387,172.31.40.0-255,66,54475,78,312762
3901,0.000478,74.125.200.0-255,383,54858,78,312762
3902,0.000624,74.125.200.0-255,1484,56342,78,312762
3903,0.000628,172.31.40.0-255,66,56408,78,312762
3904,0.000634,74.125.200.0-255,2902,59310,78,312762
3905,0.000637,172.31.40.0-255,66,59376,78,312762
3906,0.000666,74.125.200.0-255,5738,65114,78,312762
3907,0.000669,172.31.40.0-255,66,65180,78,312762
3908,0.000705,172.31.40.0-255,66,65246,78,312762
3909,0.000716,172.31.40.0-255,66,65312,78,312762
3910,0.00074,74.125.200.0-255,6797,72109,78,312762
3911,0.000743,172.31.40.0-255,66,72175,78,312762
3912,0.001201,74.125.200.0-255,1484,73659,78,312762
3913,0.001215,74.125.200.0-255,2902,76561,78,312762
3914,0.00122,172.31.40.0-255,66,76627,78,312762
3915,0.001227,74.125.200.0-255,5738,82365,78,312762
3916,0.00123,172.31.40.0-255,66,82431,78,312762
3917,0.001234,74.125.200.0-255,2902,85333,78,312762
3918,0.001236,172.31.40.0-255,66,85399,78,312762
3919,0.001244,74.125.200.0-255,1484,86883,78,312762
3920,0.001272,74.125.200.0-255,2902,89785,78,312762
3921,0.001276,172.31.40.0-255,66,89851,78,312762
3922,0.001287,172.31.40.0-255,66,89917,78,312762
3923,0.001291,74.125.200.0-255,2902,92819,78,312762
3924,0.001293,172.31.40.0-255,66,92885,78,312762
3925,0.00133,74.125.200.0-255,5020,97905,78,312762
3926,0.001333,172.31.40.0-255,66,97971,78,312762
3927,0.001598,74.125.200.0-255,1484,99455,78,312762
3928,0.001621,74.125.200.0-255,2902,102357,78,312762
3929,0.001624,74.125.200.0-255,1484,103841,78,312762
3930,0.001629,172.31.40.0-255,66,103907,78,312762
3931,0.001641,74.125.200.0-255,4320,108227,78,312762
3932,0.001643,172.31.40.0-255,66,108293,78,312762
3933,0.001669,74.125.200.0-255,5738,114031,78,312762
3934,0.001672,172.31.40.0-255,66,114097,78,312762
3935,0.001676,74.125.200.0-255,2902,116999,78,312762
3936,0.001678,172.31.40.0-255,66,117065,78,312762
3937,0.001704,74.125.200.0-255,4320,121385,78,312762
3938,0.001707,172.31.40.0-255,66,121451,78,312762
3939,0.001719,74.125.200.0-255,5738,127189,78,312762
3940,0.001721,172.31.40.0-255,66,127255,78,312762
3941,0.001749,74.125.200.0-255,5020,132275,78,312762
3942,0.001752,172.31.40.0-255,66,132341,78,312762
3943,0.001772,74.125.200.0-255,1484,133825,78,312762
3944,0.001777,74.125.200.0-255,2902,136727,78,312762
3945,0.00178,172.31.40.0-255,66,136793,78,312762
3946,0.001785,74.125.200.0-255,2902,139695,78,312762
3947,0.001786,172.31.40.0-255,66,139761,78,312762
3948,0.001816,74.125.200.0-255,2902,142663,78,312762
3949,0.001819,172.31.40.0-255,66,142729,78,312762
3950,0.001824,74.125.200.0-255,2902,145631,78,312762
3951,0.001827,172.31.40.0-255,66,145697,78,312762
3952,0.001832,74.125.200.0-255,4320,150017,78,312762
3953,0.001834,172.31.40.0-255,66,150083,78,312762
3954,0.001842,74.125.200.0-255,7156,157239,78,312762
3955,0.001845,172.31.40.0-255,66,157305,78,312762
3956,0.001869,74.125.200.0-255,1484,158789,78,312762
3957,0.001875,74.125.200.0-255,4320,163109,78,312762
3958,0.001877,172.31.40.0-255,66,163175,78,312762
3959,0.001908,74.125.200.0-255,3602,166777,78,312762
3960,0.001912,172.31.40.0-255,66,166843,78,312762
3961,0.002058,74.125.200.0-255,1484,168327,78,312762
3962,0.002083,74.125.200.0-255,2902,171229,78,312762
3963,0.002086,172.31.40.0-255,66,171295,78,312762
3964,0.002093,74.125.200.0-255,5738,177033,78,312762
3965,0.002096,172.31.40.0-255,66,177099,78,312762
3966,0.002107,74.125.200.0-255,7156,184255,78,312762
3967,0.00211,172.31.40.0-255,66,184321,78,312762
3968,0.002151,172.31.40.0-255,66,184387,78,312762
3969,0.002157,74.125.200.0-255,4320,188707,78,312762
3970,0.002159,172.31.40.0-255,66,188773,78,312762
3971,0.002182,74.125.200.0-255,3602,192375,78,312762
3972,0.002185,172.31.40.0-255,66,192441,78,312762
3973,0.002274,74.125.200.0-255,1484,193925,78,312762
3974,0.004451,74.125.200.0-255,4320,198245,78,312762
3975,0.004458,172.31.40.0-255,66,198311,78,312762
3976,0.006751,74.125.200.0-255,5738,204049,78,312762
3977,0.006757,172.31.40.0-255,66,204115,78,312762
3978,0.009021,74.125.200.0-255,5738,209853,78,312762
3979,0.009028,172.31.40.0-255,66,209919,78,312762
3980,0.011313,74.125.200.0-255,5738,215657,78,312762
3981,0.011331,172.31.40.0-255,66,215723,78,312762
3982,0.013614,74.125.200.0-255,5738,221461,78,312762
3983,0.013629,172.31.40.0-255,66,221527,78,312762
3984,0.015901,74.125.200.0-255,5738,227265,78,312762
3985,0.015918,172.31.40.0-255,66,227331,78,312762
3986,0.018184,74.125.200.0-255,5738,233069,78,312762
3987,0.018194,172.31.40.0-255,66,233135,78,312762
3988,0.020453,74.125.200.0-255,5738,238873,78,312762
3989,0.020461,172.31.40.0-255,66,238939,78,312762
3990,0.022727,74.125.200.0-255,5738,244677,78,312762
3991,0.022735,172.31.40.0-255,66,244743,78,312762
3992,0.024998,74.125.200.0-255,5738,250481,78,312762
3993,0.025008,172.31.40.0-255,66,250547,78,312762
3994,0.02729,74.125.200.0-255,5738,256285,78,312762
3995,0.027308,172.31.40.0-255,66,256351,78,312762
3996,0.029581,74.125.200.0-255,5738,262089,78,312762
3997,0.029587,172.31.40.0-255,66,262155,78,312762
3998,0.031843,74.125.200.0-255,5738,267893,78,312762
3999,0.031853,172.31.40.0-255,66,267959,78,312762
4000,0.03412,74.125.200.0-255,5738,273697,78,312762
4001,0.034134,172.31.40.0-255,66,273763,78,312762
4002,0.036401,74.125.200.0-255,5738,279501,78,312762
4003,0.036413,172.31.40.0-255,66,279567,78,312762
4004,0.038691,74.125.200.0-255,5738,285305,78,312762
4005,0.038708,172.31.40.0-255,66,285371,78,312762
4006,0.040978,74.125.200.0-255,5738,291109,78,312762
4007,0.040988,172.31.40.0-255,66,291175,78,312762
4008,0.042113,172.31.40.0-255,172,291347,78,312762
4009,0.042142,172.31.40.0-255,1104,292451,78,312762
4010,0.042208,172.31.40.0-255,1514,293965,78,312762
4011,0.04221,172.31.40.0-255,1187,295152,78,312762
4012,0.043259,74.125.200.0-255,5738,300890,78,312762
4013,0.043269,172.31.40.0-255,66,300956,78,312762
4014,0.043664,104.244.42.0-255,66,301022,78,312762
4015,0.043673,104.244.42.0-255,66,301088,78,312762
4016,0.043767,104.244.42.0-255,66,301154,78,312762
4017,0.045592,74.125.200.0-255,5738,306892,78,312762
4018,0.045606,172.31.40.0-255,66,306958,78,312762
4019,0.047885,74.125.200.0-255,5738,312696,78,312762
4020,0.047907,172.31.40.0-255,66,312762,78,312762
4021,0.0,74.125.24.0-255,158,158,78,235497
4022,2.3e-05,172.31.40.0-255,66,224,78,235497
4023,3.1e-05,74.125.24.0-255,1484,1708,78,235497
4024,3.6e-05,172.31.40.0-255,66,1774,78,235497
4025,4.2e-05,74.125.24.0-255,2902,4676,78,235497
4026,4.6e-05,172.31.40.0-255,66,4742,78,235497
4027,5.3e-05,74.125.24.0-255,7156,11898,78,235497
4028,5.6e-05,172.31.40.0-255,66,11964,78,235497
4029,6.1e-05,74.125.24.0-255,2101,14065,78,235497
4030,6.4e-05,172.31.40.0-255,66,14131,78,235497
4031,6.9e-05,74.125.24.0-255,2902,17033,78,235497
4032,7.2e-05,172.31.40.0-255,66,17099,78,235497
4033,0.000104,172.31.40.0-255,66,17165,78,235497
4034,0.00011,74.125.24.0-255,5379,22544,78,235497
4035,0.000113,172.31.40.0-255,66,22610,78,235497
4036,0.00079,74.125.24.0-255,1484,24094,78,235497
4037,0.000797,172.31.40.0-255,66,24160,78,235497
4038,0.000807,74.125.24.0-255,2902,27062,78,235497
4039,0.000809,172.31.40.0-255,66,27128,78,235497
4040,0.000831,74.125.24.0-255,5738,32866,78,235497
4041,0.000834,172.31.40.0-255,66,32932,78,235497
4042,0.000866,172.31.40.0-255,66,32998,78,235497
4043,0.00089,74.125.24.0-255,2902,35900,78,235497
4044,0.000893,172.31.40.0-255,66,35966,78,235497
4045,0.00091,74.125.24.0-255,5738,41704,78,235497
4046,0.000913,172.31.40.0-255,66,41770,78,235497
4047,0.000938,74.125.24.0-255,5020,46790,78,235497
4048,0.00094,172.31.40.0-255,66,46856,78,235497
4049,0.000944,74.125.24.0-255,409,47265,78,235497
4050,0.000946,172.31.40.0-255,66,47331,78,235497
4051,0.000959,74.125.24.0-255,1484,48815,78,235497
4052,0.000981,74.125.24.0-255,4320,53135,78,235497
4053,0.000985,172.31.40.0-255,66,53201,78,235497
4054,0.000988,74.125.24.0-255,1484,54685,78,235497
4055,0.001011,172.31.40.0-255,66,54751,78,235497
4056,0.001018,74.125.24.0-255,7156,61907,78,235497
4057,0.00102,172.31.40.0-255,66,61973,78,235497
4058,0.001041,74.125.24.0-255,2902,64875,78,235497
4059,0.001043,172.31.40.0-255,66,64941,78,235497
4060,0.00106,74.125.24.0-255,4320,69261,78,235497
4061,0.001063,172.31.40.0-255,66,69327,78,235497
4062,0.001101,172.31.40.0-255,66,69393,78,235497
4063,0.001115,172.31.40.0-255,66,69459,78,235497
4064,0.001127,172.31.40.0-255,66,69525,78,235497
4065,0.00115,74.125.24.0-255,6126,75651,78,235497
4066,0.001153,172.31.40.0-255,66,75717,78,235497
4067,0.001157,74.125.24.0-255,2902,78619,78,235497
4068,0.001159,172.31.40.0-255,66,78685,78,235497
4069,0.001165,74.125.24.0-255,4320,83005,78,235497
4070,0.001167,172.31.40.0-255,66,83071,78,235497
4071,0.001203,172.31.40.0-255,66,83137,78,235497
4072,0.001234,172.31.40.0-255,66,83203,78,235497
4073,0.00127,172.31.40.0-255,66,83269,78,235497
4074,0.001275,74.125.24.0-255,2902,86171,78,235497
4075,0.001278,172.31.40.0-255,66,86237,78,235497
4076,0.001283,74.125.24.0-255,4320,90557,78,235497
4077,0.001285,172.31.40.0-255,66,90623,78,235497
4078,0.001291,74.125.24.0-255,4320,94943,78,235497
4079,0.001293,172.31.40.0-255,66,95009,78,235497
4080,0.001328,74.125.24.0-255,4320,99329,78,235497
4081,0.001333,172.31.40.0-255,66,99395,78,235497
4082,0.001344,172.31.40.0-255,66,99461,78,235497
4083,0.001389,172.31.40.0-255,66,99527,78,235497
4084,0.001395,74.125.24.0-255,4320,103847,78,235497
4085,0.001397,172.31.40.0-255,66,103913,78,235497
4086,0.001413,74.125.24.0-255,4320,108233,78,235497
4087,0.001416,172.31.40.0-255,66,108299,78,235497
4088,0.00148,172.31.40.0-255,66,108365,78,235497
4089,0.0015,74.125.24.0-255,4320,112685,78,235497
4090,0.001503,172.31.40.0-255,66,112751,78,235497
4091,0.001517,172.31.40.0-255,66,112817,78,235497
4092,0.00155,74.125.24.0-255,7156,119973,78,235497
4093,0.00157,74.125.24.0-255,5738,125711,78,235497
4094,0.001573,74.125.24.0-255,1484,127195,78,235497
4095,0.001866,74.125.24.0-255,1484,128679,78,235497
4096,0.001874,74.125.24.0-255,2902,131581,78,235497
4097,0.001877,74.125.24.0-255,1484,133065,78,235497
4098,0.001898,74.125.24.0-255,4320,137385,78,235497
4099,0.001925,74.125.24.0-255,5738,143123,78,235497
4100,0.001949,74.125.24.0-255,4320,147443,78,235497
4101,0.001973,74.125.24.0-255,2184,149627,78,235497
4102,0.002012,74.125.24.0-255,2902,152529,78,235497
4103,0.002016,74.125.24.0-255,1484,154013,78,235497
4104,0.002039,74.125.24.0-255,2902,156915,78,235497
4105,0.002053,74.125.24.0-255,2902,159817,78,235497
4106,0.002084,74.125.24.0-255,1484,161301,78,235497
4107,0.002101,74.125.24.0-255,4320,165621,78,235497
4108,0.00212,74.125.24.0-255,1484,167105,78,235497
4109,0.002139,74.125.24.0-255,3602,170707,78,235497
4110,0.010538,172.31.40.0-255,66,170773,78,235497
4111,0.011495,74.125.24.0-255,1484,172257,78,235497
4112,0.012944,74.125.24.0-255,2902,175159,78,235497
4113,0.012951,172.31.40.0-255,66,175225,78,235497
4114,0.012971,74.125.24.0-255,1484,176709,78,235497
4115,0.01536,74.125.24.0-255,4320,181029,78,235497
4116,0.015367,172.31.40.0-255,66,181095,78,235497
4117,0.017782,74.125.24.0-255,5738,186833,78,235497
4118,0.017799,172.31.40.0-255,66,186899,78,235497
4119,0.02024,74.125.24.0-255,5738,192637,78,235497
4120,0.020246,172.31.40.0-255,66,192703,78,235497
4121,0.022636,74.125.24.0-255,5738,198441,78,235497
4122,0.022645,172.31.40.0-255,66,198507,78,235497
4123,0.025001,74.125.24.0-255,5738,204245,78,235497
4124,0.025012,172.31.40.0-255,66,204311,78,235497
4125,0.027374,74.125.24.0-255,5738,210049,78,235497
4126,0.027386,172.31.40.0-255,66,210115,78,235497
4127,0.029802,74.125.24.0-255,5738,215853,78,235497
4128,0.029813,172.31.40.0-255,66,215919,78,235497
4129,0.032252,74.125.24.0-255,5738,221657,78,235497
4130,0.03226,172.31.40.0-255,66,221723,78,235497
4131,0.034643,74.125.24.0-255,5738,227461,78,235497
4132,0.034651,172.31.40.0-255,66,227527,78,235497
4133,0.037035,74.125.24.0-255,3641,231168,78,235497
4134,0.037052,172.31.40.0-255,66,231234,78,235497
4135,0.03731,172.31.40.0-255,105,231339,78,235497
4136,0.039721,74.125.24.0-255,66,231405,78,235497
4137,0.048902,172.31.40.0-255,171,231576,78,235497
4138,0.048933,172.31.40.0-255,1133,232709,78,235497
4139,0.048995,172.31.40.0-255,1514,234223,78,235497
4140,0.048997,172.31.40.0-255,1274,235497,78,235497
4141,0.0,74.125.68.0-255,152,152,78,359409
4142,2.6e-05,172.31.40.0-255,66,218,78,359409
4143,3.3e-05,74.125.68.0-255,1484,1702,78,359409
4144,3.8e-05,172.31.40.0-255,66,1768,78,359409
4145,4.2e-05,74.125.68.0-255,1484,3252,78,359409
4146,4.5e-05,172.31.40.0-255,66,3318,78,359409
4147,7.6e-05,74.125.68.0-255,1484,4802,78,359409
4148,7.9e-05,172.31.40.0-255,66,4868,78,359409
4149,8.7e-05,74.125.68.0-255,7156,12024,78,359409
4150,9e-05,172.31.40.0-255,66,12090,78,359409
4151,0.000137,74.125.68.0-255,2902,14992,78,359409
4152,0.00014,172.31.40.0-255,66,15058,78,359409
4153,0.000161,74.125.68.0-255,3553,18611,78,359409
4154,0.000164,172.31.40.0-255,66,18677,78,359409
4155,0.000171,74.125.68.0-255,7156,25833,78,359409
4156,0.000173,172.31.40.0-255,66,25899,78,359409
4157,0.000177,74.125.68.0-255,2902,28801,78,359409
4158,0.00018,172.31.40.0-255,66,28867,78,359409
4159,0.00023,74.125.68.0-255,2543,31410,78,359409
4160,0.000234,172.31.40.0-255,66,31476,78,359409
4161,0.000359,74.125.68.0-255,1484,32960,78,359409
4162,0.000363,172.31.40.0-255,66,33026,78,359409
4163,0.000382,74.125.68.0-255,1484,34510,78,359409
4164,0.000385,172.31.40.0-255,66,34576,78,359409
4165,0.000404,74.125.68.0-255,2902,37478,78,359409
4166,0.000407,172.31.40.0-255,66,37544,78,359409
4167,0.00041,74.125.68.0-255,1484,39028,78,359409
4168,0.000412,172.31.40.0-255,66,39094,78,359409
4169,0.000443,74.125.68.0-255,4320,43414,78,359409
4170,0.000446,172.31.40.0-255,66,43480,78,359409
4171,0.000471,74.125.68.0-255,1484,44964,78,359409
4172,0.000474,172.31.40.0-255,66,45030,78,359409
4173,0.000479,74.125.68.0-255,2902,47932,78,359409
4174,0.000481,172.31.40.0-255,66,47998,78,359409
4175,0.000501,74.125.68.0-255,1484,49482,78,359409
4176,0.000516,74.125.68.0-255,4320,53802,78,359409
4177,0.000519,172.31.40.0-255,66,53868,78,359409
4178,0.000524,74.125.68.0-255,2902,56770,78,359409
4179,0.000526,172.31.40.0-255,66,56836,78,359409
4180,0.000556,74.125.68.0-255,4320,61156,78,359409
4181,0.000559,172.31.40.0-255,66,61222,78,359409
4182,0.000579,74.125.68.0-255,5020,66242,78,359409
4183,0.000584,172.31.40.0-255,66,66308,78,359409
4184,0.000599,74.125.68.0-255,429,66737,78,359409
4185,0.000725,74.125.68.0-255,1484,68221,78,359409
4186,0.00073,172.31.40.0-255,66,68287,78,359409
4187,0.000735,74.125.68.0-255,2902,71189,78,359409
4188,0.000738,172.31.40.0-255,66,71255,78,359409
4189,0.000769,74.125.68.0-255,5738,76993,78,359409
4190,0.000773,172.31.40.0-255,66,77059,78,359409
4191,0.000776,74.125.68.0-255,1484,78543,78,359409
4192,0.000799,74.125.68.0-255,2902,81445,78,359409
4193,0.000801,172.31.40.0-255,66,81511,78,359409
4194,0.000808,74.125.68.0-255,5738,87249,78,359409
4195,0.00081,172.31.40.0-255,66,87315,78,359409
4196,0.000855,74.125.68.0-255,1484,88799,78,359409
4197,0.00086,74.125.68.0-255,2902,91701,78,359409
4198,0.000862,172.31.40.0-255,66,91767,78,359409
4199,0.000868,74.125.68.0-255,4320,96087,78,359409
4200,0.000871,172.31.40.0-255,66,96153,78,359409
4201,0.000896,74.125.68.0-255,1484,97637,78,359409
4202,0.000902,74.125.68.0-255,3602,101239,78,359409
4203,0.000907,172.31.40.0-255,66,101305,78,359409
4204,0.000955,74.125.68.0-255,1484,102789,78,359409
4205,0.000959,74.125.68.0-255,1484,104273,78,359409
4206,0.000962,172.31.40.0-255,66,104339,78,359409
4207,0.000977,74.125.68.0-255,1484,105823,78,359409
4208,0.00098,74.125.68.0-255,1484,107307,78,359409
4209,0.000982,172.31.40.0-255,66,107373,78,359409
4210,0.001005,74.125.68.0-255,4320,111693,78,359409
4211,0.001007,172.31.40.0-255,66,111759,78,359409
4212,0.001026,74.125.68.0-255,2902,114661,78,359409
4213,0.001028,172.31.40.0-255,66,114727,78,359409
4214,0.001042,74.125.68.0-255,2902,117629,78,359409
4215,0.001045,172.31.40.0-255,66,117695,78,359409
4216,0.001061,74.125.68.0-255,1484,119179,78,359409
4217,0.001066,74.125.68.0-255,4320,123499,78,359409
4218,0.001069,172.31.40.0-255,66,123565,78,359409
4219,0.001075,74.125.68.0-255,5738,129303,78,359409
4220,0.001078,172.31.40.0-255,66,129369,78,359409
4221,0.001107,74.125.68.0-255,5738,135107,78,359409
4222,0.001111,172.31.40.0-255,66,135173,78,359409
4223,0.001113,74.125.68.0-255,766,135939,78,359409
4224,0.001296,74.125.68.0-255,1484,137423,78,359409
4225,0.0013,172.31.40.0-255,66,137489,78,359409
4226,0.001319,74.125.68.0-255,2902,140391,78,359409
4227,0.001322,172.31.40.0-255,66,140457,78,359409
4228,0.001325,74.125.68.0-255,1484,141941,78,359409
4229,0.001346,74.125.68.0-255,4320,146261,78,359409
4230,0.001348,172.31.40.0-255,66,146327,78,359409
4231,0.001352,74.125.68.0-255,2902,149229,78,359409
4232,0.001355,172.31.40.0-255,66,149295,78,359409
4233,0.001378,74.125.68.0-255,4320,153615,78,359409
4234,0.00138,172.31.40.0-255,66,153681,78,359409
4235,0.001398,74.125.68.0-255,5738,159419,78,359409
4236,0.001404,74.125.68.0-255,5738,165157,78,359409
4237,0.001407,172.31.40.0-255,66,165223,78,359409
4238,0.00141,172.31.40.0-255,66,165289,78,359409
4239,0.001468,74.125.68.0-255,5020,170309,78,359409
4240,0.001471,172.31.40.0-255,66,170375,78,359409
4241,0.001881,74.125.68.0-255,1484,171859,78,359409
4242,0.001899,74.125.68.0-255,2902,174761,78,359409
4243,0.001903,172.31.40.0-255,66,174827,78,359409
4244,0.001906,74.125.68.0-255,1484,176311,78,359409
4245,0.001923,74.125.68.0-255,2902,179213,78,359409
4246,0.001925,172.31.40.0-255,66,179279,78,359409
4247,0.001939,74.125.68.0-255,4320,183599,78,359409
4248,0.001941,172.31.40.0-255,66,183665,78,359409
4249,0.001969,74.125.68.0-255,4320,187985,78,359409
4250,0.001971,172.31.40.0-255,66,188051,78,359409
4251,0.001977,74.125.68.0-255,4320,192371,78,359409
4252,0.001979,172.31.40.0-255,66,192437,78,359409
4253,0.001986,74.125.68.0-255,5738,198175,78,359409
4254,0.001988,172.31.40.0-255,66,198241,78,359409
4255,0.002023,172.31.40.0-255,66,198307,78,359409
4256,0.002031,74.125.68.0-255,7156,205463,78,359409
4257,0.002049,172.31.40.0-255,66,205529,78,359409
4258,0.002078,74.125.68.0-255,2902,208431,78,359409
4259,0.00208,172.31.40.0-255,66,208497,78,359409
4260,0.002093,172.31.40.0-255,66,208563,78,359409
4261,0.002105,172.31.40.0-255,66,208629,78,359409
4262,0.002128,74.125.68.0-255,1484,210113,78,359409
4263,0.002133,74.125.68.0-255,2902,213015,78,359409
4264,0.002135,172.31.40.0-255,66,213081,78,359409
4265,0.002141,74.125.68.0-255,5738,218819,78,359409
4266,0.002143,172.31.40.0-255,66,218885,78,359409
4267,0.002147,74.125.68.0-255,1484,220369,78,359409
4268,0.002183,74.125.68.0-255,1484,221853,78,359409
4269,0.002187,172.31.40.0-255,66,221919,78,359409
4270,0.002192,74.125.68.0-255,4320,226239,78,359409
4271,0.002194,172.31.40.0-255,66,226305,78,359409
4272,0.002205,172.31.40.0-255,66,226371,78,359409
4273,0.002211,74.125.68.0-255,5738,232109,78,359409
4274,0.002213,172.31.40.0-255,66,232175,78,359409
4275,0.002289,74.125.68.0-255,4320,236495,78,359409
4276,0.002291,172.31.40.0-255,66,236561,78,359409
4277,0.002315,74.125.68.0-255,2184,238745,78,359409
4278,0.002318,172.31.40.0-255,66,238811,78,359409
4279,0.002324,74.125.68.0-255,4320,243131,78,359409
4280,0.002326,172.31.40.0-255,66,243197,78,359409
4281,0.004599,74.125.68.0-255,2902,246099,78,359409
4282,0.004618,172.31.40.0-255,66,246165,78,359409
4283,0.004641,74.125.68.0-255,2902,249067,78,359409
4284,0.004645,172.31.40.0-255,66,249133,78,359409
4285,0.006909,74.125.68.0-255,5738,254871,78,359409
4286,0.006931,172.31.40.0-255,66,254937,78,359409
4287,0.009212,74.125.68.0-255,5738,260675,78,359409
4288,0.009219,172.31.40.0-255,66,260741,78,359409
4289,0.01149,74.125.68.0-255,5738,266479,78,359409
4290,0.011499,172.31.40.0-255,66,266545,78,359409
4291,0.013808,74.125.68.0-255,5738,272283,78,359409
4292,0.013826,172.31.40.0-255,66,272349,78,359409
4293,0.016116,74.125.68.0-255,5738,278087,78,359409
4294,0.016134,172.31.40.0-255,66,278153,78,359409
4295,0.01842,74.125.68.0-255,5738,283891,78,359409
4296,0.018436,172.31.40.0-255,66,283957,78,359409
4297,0.020723,74.125.68.0-255,5738,289695,78,359409
4298,0.02073,172.31.40.0-255,66,289761,78,359409
4299,0.023038,74.125.68.0-255,5738,295499,78,359409
4300,0.023055,172.31.40.0-255,66,295565,78,359409
4301,0.02537,74.125.68.0-255,5738,301303,78,359409
4302,0.025386,172.31.40.0-255,66,301369,78,359409
4303,0.027675,74.125.68.0-255,5738,307107,78,359409
4304,0.027685,172.31.40.0-255,66,307173,78,359409
4305,0.029993,74.125.68.0-255,5738,312911,78,359409
4306,0.030011,172.31.40.0-255,66,312977,78,359409
4307,0.032346,74.125.68.0-255,5738,318715,78,359409
4308,0.032363,172.31.40.0-255,66,318781,78,359409
4309,0.034651,74.125.68.0-255,5738,324519,78,359409
4310,0.03466,172.31.40.0-255,66,324585,78,359409
4311,0.036967,74.125.68.0-255,5738,330323,78,359409
4312,0.036986,172.31.40.0-255,66,330389,78,359409
4313,0.039269,74.125.68.0-255,5738,336127,78,359409
4314,0.039276,172.31.40.0-255,66,336193,78,359409
4315,0.041569,74.125.68.0-255,5738,341931,78,359409
4316,0.041583,172.31.40.0-255,66,341997,78,359409
4317,0.043865,74.125.68.0-255,5738,347735,78,359409
4318,0.043878,172.31.40.0-255,66,347801,78,359409
4319,0.046168,74.125.68.0-255,5738,353539,78,359409
4320,0.046186,172.31.40.0-255,66,353605,78,359409
4321,0.048465,74.125.68.0-255,5738,359343,78,359409
4322,0.048473,172.31.40.0-255,66,359409,78,359409
4323,0.0,74.125.24.0-255,155,155,78,196420
4324,2.4e-05,172.31.40.0-255,66,221,78,196420
4325,3.1e-05,74.125.24.0-255,1484,1705,78,196420
4326,3.6e-05,172.31.40.0-255,66,1771,78,196420
4327,4.9e-05,74.125.24.0-255,2902,4673,78,196420
4328,5.3e-05,172.31.40.0-255,66,4739,78,196420
4329,6.1e-05,74.125.24.0-255,7156,11895,78,196420
4330,6.5e-05,172.31.40.0-255,66,11961,78,196420
4331,6.9e-05,74.125.24.0-255,2129,14090,78,196420
4332,7.2e-05,172.31.40.0-255,66,14156,78,196420
4333,0.000686,74.125.24.0-255,1484,15640,78,196420
4334,0.000693,172.31.40.0-255,66,15706,78,196420
4335,0.000703,74.125.24.0-255,2902,18608,78,196420
4336,0.000705,172.31.40.0-255,66,18674,78,196420
4337,0.000718,74.125.24.0-255,5738,24412,78,196420
4338,0.00072,172.31.40.0-255,66,24478,78,196420
4339,0.000755,74.125.24.0-255,6797,31275,78,196420
4340,0.000759,172.31.40.0-255,66,31341,78,196420
4341,0.000838,74.125.24.0-255,1484,32825,78,196420
4342,0.000842,172.31.40.0-255,66,32891,78,196420
4343,0.000848,74.125.24.0-255,2902,35793,78,196420
4344,0.00085,172.31.40.0-255,66,35859,78,196420
4345,0.000857,74.125.24.0-255,4320,40179,78,196420
4346,0.000866,172.31.40.0-255,66,40245,78,196420
4347,0.000895,74.125.24.0-255,1484,41729,78,196420
4348,0.000897,172.31.40.0-255,66,41795,78,196420
4349,0.000919,172.31.40.0-255,66,41861,78,196420
4350,0.000967,74.125.24.0-255,4320,46181,78,196420
4351,0.00097,172.31.40.0-255,66,46247,78,196420
4352,0.001004,74.125.24.0-255,5379,51626,78,196420
4353,0.001007,172.31.40.0-255,66,51692,78,196420
4354,0.00101,74.125.24.0-255,391,52083,78,196420
4355,0.001517,74.125.24.0-255,353,52436,78,196420
4356,0.001929,74.125.24.0-255,1484,53920,78,196420
4357,0.001935,172.31.40.0-255,66,53986,78,196420
4358,0.001942,74.125.24.0-255,2902,56888,78,196420
4359,0.001945,172.31.40.0-255,66,56954,78,196420
4360,0.001957,74.125.24.0-255,5738,62692,78,196420
4361,0.00196,172.31.40.0-255,66,62758,78,196420
4362,0.001967,74.125.24.0-255,7156,69914,78,196420
4363,0.00197,172.31.40.0-255,66,69980,78,196420
4364,0.002011,74.125.24.0-255,5738,75718,78,196420
4365,0.002014,172.31.40.0-255,66,75784,78,196420
4366,0.002021,74.125.24.0-255,5738,81522,78,196420
4367,0.002023,172.31.40.0-255,66,81588,78,196420
4368,0.00203,74.125.24.0-255,5020,86608,78,196420
4369,0.002032,172.31.40.0-255,66,86674,78,196420
4370,0.004579,74.125.24.0-255,5738,92412,78,196420
4371,0.004587,172.31.40.0-255,66,92478,78,196420
4372,0.007149,74.125.24.0-255,5738,98216,78,196420
4373,0.007159,172.31.40.0-255,66,98282,78,196420
4374,0.009729,74.125.24.0-255,5738,104020,78,196420
4375,0.00974,172.31.40.0-255,66,104086,78,196420
4376,0.01232,74.125.24.0-255,5738,109824,78,196420
4377,0.012331,172.31.40.0-255,66,109890,78,196420
4378,0.014916,74.125.24.0-255,5738,115628,78,196420
4379,0.014931,172.31.40.0-255,66,115694,78,196420
4380,0.017498,74.125.24.0-255,5738,121432,78,196420
4381,0.01751,172.31.40.0-255,66,121498,78,196420
4382,0.020068,74.125.24.0-255,5738,127236,78,196420
4383,0.020079,172.31.40.0-255,66,127302,78,196420
4384,0.022649,74.125.24.0-255,5738,133040,78,196420
4385,0.022658,172.31.40.0-255,66,133106,78,196420
4386,0.025067,172.31.40.0-255,172,133278,78,196420
4387,0.025099,172.31.40.0-255,1108,134386,78,196420
4388,0.025162,172.31.40.0-255,1514,135900,78,196420
4389,0.025165,172.31.40.0-255,1514,137414,78,196420
4390,0.025212,74.125.24.0-255,5738,143152,78,196420
4391,0.025218,172.31.40.0-255,66,143218,78,196420
4392,0.025223,172.31.40.0-255,702,143920,78,196420
4393,0.026614,104.244.42.0-255,66,143986,78,196420
4394,0.026632,104.244.42.0-255,66,144052,78,196420
4395,0.026695,104.244.42.0-255,66,144118,78,196420
4396,0.026745,104.244.42.0-255,66,144184,78,196420
4397,0.027789,74.125.24.0-255,5738,149922,78,196420
4398,0.027798,172.31.40.0-255,66,149988,78,196420
4399,0.030349,74.125.24.0-255,5738,155726,78,196420
4400,0.030362,172.31.40.0-255,66,155792,78,196420
4401,0.032958,74.125.24.0-255,5738,161530,78,196420
4402,0.03297,172.31.40.0-255,66,161596,78,196420
4403,0.035535,74.125.24.0-255,5738,167334,78,196420
4404,0.035546,172.31.40.0-255,66,167400,78,196420
4405,0.038108,74.125.24.0-255,5738,173138,78,196420
4406,0.03812,172.31.40.0-255,66,173204,78,196420
4407,0.040674,74.125.24.0-255,5738,178942,78,196420
4408,0.040682,172.31.40.0-255,66,179008,78,196420
4409,0.043282,74.125.24.0-255,5738,184746,78,196420
4410,0.043289,172.31.40.0-255,66,184812,78,196420
4411,0.045853,74.125.24.0-255,5738,190550,78,196420
4412,0.04586,172.31.40.0-255,66,190616,78,196420
4413,0.048433,74.125.24.0-255,5738,196354,78,196420
4414,0.048444,172.31.40.0-255,66,196420,78,196420
4415,0.0,74.125.24.0-255,150,150,78,245620
4416,2.2e-05,172.31.40.0-255,66,216,78,245620
4417,2.9e-05,74.125.24.0-255,1484,1700,78,245620
4418,3.3e-05,172.31.40.0-255,66,1766,78,245620
4419,3.9e-05,74.125.24.0-255,2902,4668,78,245620
4420,5e-05,172.31.40.0-255,66,4734,78,245620
4421,5.9e-05,74.125.24.0-255,7156,11890,78,245620
4422,6.2e-05,172.31.40.0-255,66,11956,78,245620
4423,0.000109,172.31.40.0-255,66,12022,78,245620
4424,0.000151,172.31.40.0-255,66,12088,78,245620
4425,0.000187,172.31.40.0-255,66,12154,78,245620
4426,0.000194,74.125.24.0-255,5738,17892,78,245620
4427,0.000196,172.31.40.0-255,66,17958,78,245620
4428,0.000224,74.125.24.0-255,2543,20501,78,245620
4429,0.000227,172.31.40.0-255,66,20567,78,245620
4430,0.000568,74.125.24.0-255,1484,22051,78,245620
4431,0.000574,172.31.40.0-255,66,22117,78,245620
4432,0.000581,74.125.24.0-255,2902,25019,78,245620
4433,0.000583,172.31.40.0-255,66,25085,78,245620
4434,0.000594,74.125.24.0-255,5738,30823,78,245620
4435,0.000597,172.31.40.0-255,66,30889,78,245620
4436,0.000635,172.31.40.0-255,66,30955,78,245620
4437,0.000639,74.125.24.0-255,2902,33857,78,245620
4438,0.000641,172.31.40.0-255,66,33923,78,245620
4439,0.000679,172.31.40.0-255,66,33989,78,245620
4440,0.000691,172.31.40.0-255,66,34055,78,245620
4441,0.000719,74.125.24.0-255,4320,38375,78,245620
4442,0.000731,74.125.24.0-255,4540,42915,78,245620
4443,0.000746,172.31.40.0-255,66,42981,78,245620
4444,0.000945,74.125.24.0-255,1484,44465,78,245620
4445,0.000951,74.125.24.0-255,2902,47367,78,245620
4446,0.000961,74.125.24.0-255,1484,48851,78,245620
4447,0.000966,172.31.40.0-255,66,48917,78,245620
4448,0.000976,74.125.24.0-255,4320,53237,78,245620
4449,0.001045,74.125.24.0-255,2902,56139,78,245620
4450,0.001062,74.125.24.0-255,6438,62577,78,245620
4451,0.001067,74.125.24.0-255,4320,66897,78,245620
4452,0.001078,74.125.24.0-255,2902,69799,78,245620
4453,0.001092,172.31.40.0-255,66,69865,78,245620
4454,0.001098,74.125.24.0-255,4320,74185,78,245620
4455,0.001104,172.31.40.0-255,66,74251,78,245620
4456,0.00114,74.125.24.0-255,5020,79271,78,245620
4457,0.001158,172.31.40.0-255,66,79337,78,245620
4458,0.001422,74.125.24.0-255,1484,80821,78,245620
4459,0.001447,74.125.24.0-255,2902,83723,78,245620
4460,0.001451,172.31.40.0-255,66,83789,78,245620
4461,0.001454,74.125.24.0-255,1484,85273,78,245620
4462,0.001482,74.125.24.0-255,4320,89593,78,245620
4463,0.001485,74.125.24.0-255,1484,91077,78,245620
4464,0.0015,74.125.24.0-255,2902,93979,78,245620
4465,0.001508,172.31.40.0-255,66,94045,78,245620
4466,0.001519,74.125.24.0-255,5738,99783,78,245620
4467,0.001526,74.125.24.0-255,1484,101267,78,245620
4468,0.001532,172.31.40.0-255,66,101333,78,245620
4469,0.001543,74.125.24.0-255,5738,107071,78,245620
4470,0.001571,172.31.40.0-255,66,107137,78,245620
4471,0.001583,74.125.24.0-255,6438,113575,78,245620
4472,0.001592,172.31.40.0-255,66,113641,78,245620
4473,0.003619,74.125.24.0-255,5738,119379,78,245620
4474,0.003626,172.31.40.0-255,66,119445,78,245620
4475,0.005712,74.125.24.0-255,5738,125183,78,245620
4476,0.007522,172.31.40.0-255,66,125249,78,245620
4477,0.009561,74.125.24.0-255,5738,130987,78,245620
4478,0.009568,172.31.40.0-255,66,131053,78,245620
4479,0.011635,74.125.24.0-255,5738,136791,78,245620
4480,0.012282,172.31.40.0-255,66,136857,78,245620
4481,0.014351,74.125.24.0-255,5738,142595,78,245620
4482,0.014362,172.31.40.0-255,66,142661,78,245620
4483,0.016447,74.125.24.0-255,5738,148399,78,245620
4484,0.016456,172.31.40.0-255,66,148465,78,245620
4485,0.018515,74.125.24.0-255,5738,154203,78,245620
4486,0.018523,172.31.40.0-255,66,154269,78,245620
4487,0.02057,74.125.24.0-255,5738,160007,78,245620
4488,0.020578,172.31.40.0-255,66,160073,78,245620
4489,0.022604,74.125.24.0-255,5738,165811,78,245620
4490,0.02261,172.31.40.0-255,66,165877,78,245620
4491,0.024627,74.125.24.0-255,5738,171615,78,245620
4492,0.024635,172.31.40.0-255,66,171681,78,245620
4493,0.026665,74.125.24.0-255,5738,177419,78,245620
4494,0.026672,172.31.40.0-255,66,177485,78,245620
4495,0.028678,74.125.24.0-255,5738,183223,78,245620
4496,0.028683,172.31.40.0-255,66,183289,78,245620
4497,0.028895,172.31.40.0-255,172,183461,78,245620
4498,0.028926,172.31.40.0-255,1108,184569,78,245620
4499,0.028996,172.31.40.0-255,1514,186083,78,245620
4500,0.028998,172.31.40.0-255,1299,187382,78,245620
4501,0.030439,104.244.42.0-255,66,187448,78,245620
4502,0.030483,104.244.42.0-255,66,187514,78,245620
4503,0.030539,104.244.42.0-255,66,187580,78,245620
4504,0.030735,74.125.24.0-255,5738,193318,78,245620
4505,0.030741,172.31.40.0-255,66,193384,78,245620
4506,0.03279,74.125.24.0-255,5738,199122,78,245620
4507,0.032797,172.31.40.0-255,66,199188,78,245620
4508,0.034847,74.125.24.0-255,5738,204926,78,245620
4509,0.034854,172.31.40.0-255,66,204992,78,245620
4510,0.036882,74.125.24.0-255,5738,210730,78,245620
4511,0.036889,172.31.40.0-255,66,210796,78,245620
4512,0.039006,74.125.24.0-255,5738,216534,78,245620
4513,0.039013,172.31.40.0-255,66,216600,78,245620
4514,0.041058,74.125.24.0-255,5738,222338,78,245620
4515,0.041065,172.31.40.0-255,66,222404,78,245620
4516,0.043102,74.125.24.0-255,5738,228142,78,245620
4517,0.043108,172.31.40.0-255,66,228208,78,245620
4518,0.045154,74.125.24.0-255,5738,233946,78,245620
4519,0.04516,172.31.40.0-255,66,234012,78,245620
4520,0.047214,74.125.24.0-255,5738,239750,78,245620
4521,0.047219,172.31.40.0-255,66,239816,78,245620
4522,0.049256,74.125.24.0-255,5738,245554,78,245620
4523,0.049265,172.31.40.0-255,66,245620,78,245620
4524,0.0,74.125.130.0-255,148,148,78,257222
4525,1.8e-05,172.31.40.0-255,66,214,78,257222
4526,2.4e-05,74.125.130.0-255,1484,1698,78,257222
4527,2.8e-05,172.31.40.0-255,66,1764,78,257222
4528,3.9e-05,74.125.130.0-255,2902,4666,78,257222
4529,4.2e-05,172.31.40.0-255,66,4732,78,257222
4530,4.9e-05,74.125.130.0-255,5738,10470,78,257222
4531,5.2e-05,172.31.40.0-255,66,10536,78,257222
4532,7.2e-05,74.125.130.0-255,6254,16790,78,257222
4533,7.8e-05,172.31.40.0-255,66,16856,78,257222
4534,9.2e-05,74.125.130.0-255,4320,21176,78,257222
4535,9.8e-05,172.31.40.0-255,66,21242,78,257222
4536,0.000126,74.125.130.0-255,4320,25562,78,257222
4537,0.000128,172.31.40.0-255,66,25628,78,257222
4538,0.000141,74.125.130.0-255,4320,29948,78,257222
4539,0.000146,172.31.40.0-255,66,30014,78,257222
4540,0.000171,74.125.130.0-255,1125,31139,78,257222
4541,0.000172,172.31.40.0-255,66,31205,78,257222
4542,0.000225,74.125.130.0-255,1484,32689,78,257222
4543,0.000227,172.31.40.0-255,66,32755,78,257222
4544,0.000239,74.125.130.0-255,2902,35657,78,257222
4545,0.000245,172.31.40.0-255,66,35723,78,257222
4546,0.000249,74.125.130.0-255,4320,40043,78,257222
4547,0.000251,172.31.40.0-255,66,40109,78,257222
4548,0.000301,74.125.130.0-255,5738,45847,78,257222
4549,0.000304,172.31.40.0-255,66,45913,78,257222
4550,0.000321,74.125.130.0-255,3961,49874,78,257222
4551,0.000323,172.31.40.0-255,66,49940,78,257222
4552,0.000335,172.31.40.0-255,66,50006,78,257222
4553,0.000365,74.125.130.0-255,4252,54258,78,257222
4554,0.000367,172.31.40.0-255,66,54324,78,257222
4555,0.000783,74.125.130.0-255,364,54688,78,257222
4556,0.000968,74.125.130.0-255,1484,56172,78,257222
4557,0.000974,172.31.40.0-255,66,56238,78,257222
4558,0.000985,74.125.130.0-255,2902,59140,78,257222
4559,0.00099,172.31.40.0-255,66,59206,78,257222
4560,0.000995,74.125.130.0-255,2902,62108,78,257222
4561,0.000997,172.31.40.0-255,66,62174,78,257222
4562,0.001018,74.125.130.0-255,2902,65076,78,257222
4563,0.001021,172.31.40.0-255,66,65142,78,257222
4564,0.001031,74.125.130.0-255,6797,71939,78,257222
4565,0.001032,172.31.40.0-255,66,72005,78,257222
4566,0.001039,74.125.130.0-255,7156,79161,78,257222
4567,0.001041,172.31.40.0-255,66,79227,78,257222
4568,0.001072,74.125.130.0-255,4320,83547,78,257222
4569,0.001074,172.31.40.0-255,66,83613,78,257222
4570,0.001099,74.125.130.0-255,5379,88992,78,257222
4571,0.001101,172.31.40.0-255,66,89058,78,257222
4572,0.001908,74.125.130.0-255,1484,90542,78,257222
4573,0.001916,74.125.130.0-255,2902,93444,78,257222
4574,0.00192,172.31.40.0-255,66,93510,78,257222
4575,0.001924,74.125.130.0-255,1484,94994,78,257222
4576,0.001948,74.125.130.0-255,2902,97896,78,257222
4577,0.00195,172.31.40.0-255,66,97962,78,257222
4578,0.001959,172.31.40.0-255,66,98028,78,257222
4579,0.001963,74.125.130.0-255,2902,100930,78,257222
4580,0.001969,172.31.40.0-255,66,100996,78,257222
4581,0.001993,74.125.130.0-255,4320,105316,78,257222
4582,0.001995,172.31.40.0-255,66,105382,78,257222
4583,0.002005,74.125.130.0-255,2902,108284,78,257222
4584,0.002006,172.31.40.0-255,66,108350,78,257222
4585,0.002036,74.125.130.0-255,5738,114088,78,257222
4586,0.002038,172.31.40.0-255,66,114154,78,257222
4587,0.00204,74.125.130.0-255,766,114920,78,257222
4588,0.002387,74.125.130.0-255,1484,116404,78,257222
4589,0.002392,172.31.40.0-255,66,116470,78,257222
4590,0.002397,74.125.130.0-255,2902,119372,78,257222
4591,0.002399,172.31.40.0-255,66,119438,78,257222
4592,0.002414,74.125.130.0-255,1484,120922,78,257222
4593,0.002439,74.125.130.0-255,4320,125242,78,257222
4594,0.002441,172.31.40.0-255,66,125308,78,257222
4595,0.002448,74.125.130.0-255,7156,132464,78,257222
4596,0.00245,172.31.40.0-255,66,132530,78,257222
4597,0.002485,74.125.130.0-255,7156,139686,78,257222
4598,0.002488,172.31.40.0-255,66,139752,78,257222
4599,0.002518,74.125.130.0-255,5738,145490,78,257222
4600,0.00252,172.31.40.0-255,66,145556,78,257222
4601,0.002545,74.125.130.0-255,2902,148458,78,257222
4602,0.002547,172.31.40.0-255,66,148524,78,257222
4603,0.002584,172.31.40.0-255,66,148590,78,257222
4604,0.002594,172.31.40.0-255,66,148656,78,257222
4605,0.005152,74.125.130.0-255,4320,152976,78,257222
4606,0.005156,172.31.40.0-255,66,153042,78,257222
4607,0.005169,74.125.130.0-255,1484,154526,78,257222
4608,0.007727,74.125.130.0-255,4320,158846,78,257222
4609,0.007733,172.31.40.0-255,66,158912,78,257222
4610,0.010302,74.125.130.0-255,5738,164650,78,257222
4611,0.01031,172.31.40.0-255,66,164716,78,257222
4612,0.012899,74.125.130.0-255,5738,170454,78,257222
4613,0.012906,172.31.40.0-255,66,170520,78,257222
4614,0.015482,74.125.130.0-255,5738,176258,78,257222
4615,0.015488,172.31.40.0-255,66,176324,78,257222
4616,0.018069,74.125.130.0-255,5738,182062,78,257222
4617,0.01808,172.31.40.0-255,66,182128,78,257222
4618,0.020675,74.125.130.0-255,5738,187866,78,257222
4619,0.020691,172.31.40.0-255,66,187932,78,257222
4620,0.023317,74.125.130.0-255,5738,193670,78,257222
4621,0.023331,172.31.40.0-255,66,193736,78,257222
4622,0.025914,74.125.130.0-255,5738,199474,78,257222
4623,0.025933,172.31.40.0-255,66,199540,78,257222
4624,0.028538,74.125.130.0-255,5738,205278,78,257222
4625,0.028556,172.31.40.0-255,66,205344,78,257222
4626,0.031137,74.125.130.0-255,5738,211082,78,257222
4627,0.031144,172.31.40.0-255,66,211148,78,257222
4628,0.032495,172.31.40.0-255,172,211320,78,257222
4629,0.032526,172.31.40.0-255,1107,212427,78,257222
4630,0.032588,172.31.40.0-255,1514,213941,78,257222
4631,0.03259,172.31.40.0-255,1514,215455,78,257222
4632,0.032596,172.31.40.0-255,701,216156,78,257222
4633,0.033712,74.125.130.0-255,5738,221894,78,257222
4634,0.033719,172.31.40.0-255,66,221960,78,257222
4635,0.034009,104.244.42.0-255,66,222026,78,257222
4636,0.034092,104.244.42.0-255,66,222092,78,257222
4637,0.034097,104.244.42.0-255,66,222158,78,257222
4638,0.0341,104.244.42.0-255,66,222224,78,257222
4639,0.034805,104.244.42.0-255,108,222332,78,257222
4640,0.034814,172.31.40.0-255,66,222398,78,257222
4641,0.036302,74.125.130.0-255,5738,228136,78,257222
4642,0.036307,172.31.40.0-255,66,228202,78,257222
4643,0.038892,74.125.130.0-255,5738,233940,78,257222
4644,0.038898,172.31.40.0-255,66,234006,78,257222
4645,0.041462,74.125.130.0-255,5738,239744,78,257222
4646,0.041469,172.31.40.0-255,66,239810,78,257222
4647,0.044058,74.125.130.0-255,5738,245548,78,257222
4648,0.044065,172.31.40.0-255,66,245614,78,257222
4649,0.04664,74.125.130.0-255,5738,251352,78,257222
4650,0.046649,172.31.40.0-255,66,251418,78,257222
4651,0.049222,74.125.130.0-255,5738,257156,78,257222
4652,0.049228,172.31.40.0-255,66,257222,78,257222
4653,0.0,74.125.130.0-255,147,147,78,251966
4654,2.4e-05,172.31.40.0-255,66,213,78,251966
4655,3.1e-05,74.125.130.0-255,1484,1697,78,251966
4656,3.6e-05,172.31.40.0-255,66,1763,78,251966
4657,4.1e-05,74.125.130.0-255,2902,4665,78,251966
4658,5.2e-05,172.31.40.0-255,66,4731,78,251966
4659,5.8e-05,74.125.130.0-255,4320,9051,78,251966
4660,6.1e-05,172.31.40.0-255,66,9117,78,251966
4661,7.8e-05,74.125.130.0-255,2902,12019,78,251966
4662,8.1e-05,172.31.40.0-255,66,12085,78,251966
4663,0.00011,74.125.130.0-255,6284,18369,78,251966
4664,0.000114,172.31.40.0-255,66,18435,78,251966
4665,0.000118,74.125.130.0-255,2902,21337,78,251966
4666,0.00012,172.31.40.0-255,66,21403,78,251966
4667,0.000148,74.125.130.0-255,5738,27141,78,251966
4668,0.000152,172.31.40.0-255,66,27207,78,251966
4669,0.000174,74.125.130.0-255,3961,31168,78,251966
4670,0.000178,172.31.40.0-255,66,31234,78,251966
4671,0.000443,74.125.130.0-255,1484,32718,78,251966
4672,0.000449,172.31.40.0-255,66,32784,78,251966
4673,0.000468,74.125.130.0-255,2902,35686,78,251966
4674,0.000472,172.31.40.0-255,66,35752,78,251966
4675,0.000508,74.125.130.0-255,5738,41490,78,251966
4676,0.000511,172.31.40.0-255,66,41556,78,251966
4677,0.000515,74.125.130.0-255,1484,43040,78,251966
4678,0.000516,172.31.40.0-255,66,43106,78,251966
4679,0.000566,172.31.40.0-255,66,43172,78,251966
4680,0.000591,74.125.130.0-255,5738,48910,78,251966
4681,0.000594,172.31.40.0-255,66,48976,78,251966
4682,0.000612,74.125.130.0-255,2902,51878,78,251966
4683,0.000615,172.31.40.0-255,66,51944,78,251966
4684,0.000618,74.125.130.0-255,1484,53428,78,251966
4685,0.000624,74.125.130.0-255,2902,56330,78,251966
4686,0.000626,172.31.40.0-255,66,56396,78,251966
4687,0.000651,74.125.130.0-255,1125,57521,78,251966
4688,0.000793,74.125.130.0-255,647,58168,78,251966
4689,0.000797,172.31.40.0-255,66,58234,78,251966
4690,0.001152,74.125.130.0-255,1484,59718,78,251966
4691,0.001158,74.125.130.0-255,2902,62620,78,251966
4692,0.001162,172.31.40.0-255,66,62686,78,251966
4693,0.001207,74.125.130.0-255,5738,68424,78,251966
4694,0.001214,74.125.130.0-255,7156,75580,78,251966
4695,0.001222,172.31.40.0-255,66,75646,78,251966
4696,0.001542,74.125.130.0-255,1484,77130,78,251966
4697,0.001544,74.125.130.0-255,1484,78614,78,251966
4698,0.001562,74.125.130.0-255,2902,81516,78,251966
4699,0.00158,74.125.130.0-255,2902,84418,78,251966
4700,0.001598,74.125.130.0-255,2902,87320,78,251966
4701,0.0016,74.125.130.0-255,1484,88804,78,251966
4702,0.001651,74.125.130.0-255,766,89570,78,251966
4703,0.00185,74.125.130.0-255,1484,91054,78,251966
4704,0.001866,74.125.130.0-255,1484,92538,78,251966
4705,0.001885,74.125.130.0-255,2902,95440,78,251966
4706,0.001905,74.125.130.0-255,5738,101178,78,251966
4707,0.001907,74.125.130.0-255,1484,102662,78,251966
4708,0.001938,74.125.130.0-255,1484,104146,78,251966
4709,0.001951,74.125.130.0-255,1484,105630,78,251966
4710,0.001957,74.125.130.0-255,5738,111368,78,251966
4711,0.001973,74.125.130.0-255,4320,115688,78,251966
4712,0.001996,74.125.130.0-255,7156,122844,78,251966
4713,0.001998,74.125.130.0-255,766,123610,78,251966
4714,0.00229,74.125.130.0-255,1484,125094,78,251966
4715,0.002296,74.125.130.0-255,2902,127996,78,251966
4716,0.002317,74.125.130.0-255,5738,133734,78,251966
4717,0.002319,74.125.130.0-255,1484,135218,78,251966
4718,0.002323,74.125.130.0-255,2902,138120,78,251966
4719,0.002353,74.125.130.0-255,5738,143858,78,251966
4720,0.002376,74.125.130.0-255,5738,149596,78,251966
4721,0.002394,74.125.130.0-255,5738,155334,78,251966
4722,0.002434,74.125.130.0-255,2184,157518,78,251966
4723,0.007469,172.31.40.0-255,66,157584,78,251966
4724,0.007475,172.31.40.0-255,66,157650,78,251966
4725,0.007477,172.31.40.0-255,66,157716,78,251966
4726,0.007481,172.31.40.0-255,66,157782,78,251966
4727,0.007483,172.31.40.0-255,66,157848,78,251966
4728,0.007494,172.31.40.0-255,66,157914,78,251966
4729,0.007497,172.31.40.0-255,66,157980,78,251966
4730,0.0075,172.31.40.0-255,66,158046,78,251966
4731,0.007503,172.31.40.0-255,66,158112,78,251966
4732,0.007508,172.31.40.0-255,66,158178,78,251966
4733,0.007511,172.31.40.0-255,66,158244,78,251966
4734,0.007515,172.31.40.0-255,66,158310,78,251966
4735,0.007518,172.31.40.0-255,66,158376,78,251966
4736,0.007521,172.31.40.0-255,66,158442,78,251966
4737,0.007524,172.31.40.0-255,66,158508,78,251966
4738,0.007526,172.31.40.0-255,66,158574,78,251966
4739,0.00753,172.31.40.0-255,66,158640,78,251966
4740,0.007533,172.31.40.0-255,66,158706,78,251966
4741,0.007536,172.31.40.0-255,66,158772,78,251966
4742,0.00754,172.31.40.0-255,66,158838,78,251966
4743,0.007542,172.31.40.0-255,66,158904,78,251966
4744,0.007544,172.31.40.0-255,66,158970,78,251966
4745,0.007547,172.31.40.0-255,66,159036,78,251966
4746,0.007549,172.31.40.0-255,66,159102,78,251966
4747,0.010069,74.125.130.0-255,5738,164840,78,251966
4748,0.010077,172.31.40.0-255,66,164906,78,251966
4749,0.012581,74.125.130.0-255,5738,170644,78,251966
4750,0.012588,172.31.40.0-255,66,170710,78,251966
4751,0.015117,74.125.130.0-255,5738,176448,78,251966
4752,0.015124,172.31.40.0-255,66,176514,78,251966
4753,0.017628,74.125.130.0-255,5738,182252,78,251966
4754,0.017634,172.31.40.0-255,66,182318,78,251966
4755,0.02015,74.125.130.0-255,5738,188056,78,251966
4756,0.020167,172.31.40.0-255,66,188122,78,251966
4757,0.022696,74.125.130.0-255,5738,193860,78,251966
4758,0.022712,172.31.40.0-255,66,193926,78,251966
4759,0.025248,74.125.130.0-255,5738,199664,78,251966
4760,0.025264,172.31.40.0-255,66,199730,78,251966
4761,0.027773,74.125.130.0-255,5738,205468,78,251966
4762,0.027781,172.31.40.0-255,66,205534,78,251966
4763,0.030295,74.125.130.0-255,5738,211272,78,251966
4764,0.030303,172.31.40.0-255,66,211338,78,251966
4765,0.032837,74.125.130.0-255,5738,217076,78,251966
4766,0.032857,172.31.40.0-255,66,217142,78,251966
4767,0.035352,74.125.130.0-255,5738,222880,78,251966
4768,0.035358,172.31.40.0-255,66,222946,78,251966
4769,0.037876,74.125.130.0-255,5738,228684,78,251966
4770,0.037895,172.31.40.0-255,66,228750,78,251966
4771,0.040401,74.125.130.0-255,5738,234488,78,251966
4772,0.040409,172.31.40.0-255,66,234554,78,251966
4773,0.042919,74.125.130.0-255,5738,240292,78,251966
4774,0.042927,172.31.40.0-255,66,240358,78,251966
4775,0.045514,74.125.130.0-255,5738,246096,78,251966
4776,0.045541,172.31.40.0-255,66,246162,78,251966
4777,0.048044,74.125.130.0-255,5738,251900,78,251966
4778,0.048053,172.31.40.0-255,66,251966,78,251966
4779,0.0,74.125.24.0-255,156,156,78,276300
4780,2.6e-05,172.31.40.0-255,66,222,78,276300
4781,3.4e-05,74.125.24.0-255,1484,1706,78,276300
4782,3.8e-05,172.31.40.0-255,66,1772,78,276300
4783,4.4e-05,74.125.24.0-255,2902,4674,78,276300
4784,4.7e-05,172.31.40.0-255,66,4740,78,276300
4785,5.4e-05,74.125.24.0-255,7156,11896,78,276300
4786,5.7e-05,172.31.40.0-255,66,11962,78,276300
4787,6.1e-05,74.125.24.0-255,1902,13864,78,276300
4788,6.6e-05,172.31.40.0-255,66,13930,78,276300
4789,0.000405,74.125.24.0-255,1484,15414,78,276300
4790,0.000412,172.31.40.0-255,66,15480,78,276300
4791,0.000419,74.125.24.0-255,2902,18382,78,276300
4792,0.000422,172.31.40.0-255,66,18448,78,276300
4793,0.000428,74.125.24.0-255,4320,22768,78,276300
4794,0.000431,172.31.40.0-255,66,22834,78,276300
4795,0.00045,74.125.24.0-255,1484,24318,78,276300
4796,0.000452,172.31.40.0-255,66,24384,78,276300
4797,0.000458,74.125.24.0-255,2902,27286,78,276300
4798,0.00046,172.31.40.0-255,66,27352,78,276300
4799,0.000479,74.125.24.0-255,3961,31313,78,276300
4800,0.000482,172.31.40.0-255,66,31379,78,276300
4801,0.000502,74.125.24.0-255,7156,38535,78,276300
4802,0.000504,172.31.40.0-255,66,38601,78,276300
4803,0.000531,74.125.24.0-255,7156,45757,78,276300
4804,0.000534,172.31.40.0-255,66,45823,78,276300
4805,0.000539,74.125.24.0-255,2543,48366,78,276300
4806,0.000541,172.31.40.0-255,66,48432,78,276300
4807,0.000837,74.125.24.0-255,1484,49916,78,276300
4808,0.000841,172.31.40.0-255,66,49982,78,276300
4809,0.000855,74.125.24.0-255,2902,52884,78,276300
4810,0.000858,172.31.40.0-255,66,52950,78,276300
4811,0.000876,74.125.24.0-255,2902,55852,78,276300
4812,0.000878,172.31.40.0-255,66,55918,78,276300
4813,0.0009,74.125.24.0-255,2902,58820,78,276300
4814,0.000903,172.31.40.0-255,66,58886,78,276300
4815,0.000906,74.125.24.0-255,1484,60370,78,276300
4816,0.000928,74.125.24.0-255,5379,65749,78,276300
4817,0.000935,74.125.24.0-255,7156,72905,78,276300
4818,0.00094,172.31.40.0-255,66,72971,78,276300
4819,0.000942,172.31.40.0-255,66,73037,78,276300
4820,0.000964,74.125.24.0-255,5738,78775,78,276300
4821,0.000967,172.31.40.0-255,66,78841,78,276300
4822,0.001,74.125.24.0-255,4542,83383,78,276300
4823,0.001004,172.31.40.0-255,66,83449,78,276300
4824,0.001016,172.31.40.0-255,66,83515,78,276300
4825,0.001023,74.125.24.0-255,5379,88894,78,276300
4826,0.001025,172.31.40.0-255,66,88960,78,276300
4827,0.001141,74.125.24.0-255,1484,90444,78,276300
4828,0.001144,74.125.24.0-255,1484,91928,78,276300
4829,0.001151,172.31.40.0-255,66,91994,78,276300
4830,0.001159,74.125.24.0-255,1484,93478,78,276300
4831,0.001166,74.125.24.0-255,5738,99216,78,276300
4832,0.001168,172.31.40.0-255,66,99282,78,276300
4833,0.001219,74.125.24.0-255,5738,105020,78,276300
4834,0.001223,172.31.40.0-255,66,105086,78,276300
4835,0.001247,74.125.24.0-255,7156,112242,78,276300
4836,0.00125,172.31.40.0-255,66,112308,78,276300
4837,0.001262,172.31.40.0-255,66,112374,78,276300
4838,0.001559,74.125.24.0-255,1484,113858,78,276300
4839,0.001566,74.125.24.0-255,2902,116760,78,276300
4840,0.00157,172.31.40.0-255,66,116826,78,276300
4841,0.001573,74.125.24.0-255,1484,118310,78,276300
4842,0.00159,74.125.24.0-255,4320,122630,78,276300
4843,0.001592,172.31.40.0-255,66,122696,78,276300
4844,0.001628,172.31.40.0-255,66,122762,78,276300
4845,0.001653,74.125.24.0-255,4320,127082,78,276300
4846,0.001655,172.31.40.0-255,66,127148,78,276300
4847,0.001668,172.31.40.0-255,66,127214,78,276300
4848,0.00228,74.125.24.0-255,1484,128698,78,276300
4849,0.00229,74.125.24.0-255,2902,131600,78,276300
4850,0.002296,172.31.40.0-255,66,131666,78,276300
4851,0.002303,74.125.24.0-255,4320,135986,78,276300
4852,0.002305,172.31.40.0-255,66,136052,78,276300
4853,0.002319,74.125.24.0-255,1484,137536,78,276300
4854,0.002326,74.125.24.0-255,4320,141856,78,276300
4855,0.002328,172.31.40.0-255,66,141922,78,276300
4856,0.002359,74.125.24.0-255,7156,149078,78,276300
4857,0.002362,172.31.40.0-255,66,149144,78,276300
4858,0.002369,74.125.24.0-255,5738,154882,78,276300
4859,0.002371,172.31.40.0-255,66,154948,78,276300
4860,0.004708,74.125.24.0-255,5738,160686,78,276300
4861,0.004716,172.31.40.0-255,66,160752,78,276300
4862,0.007027,74.125.24.0-255,5738,166490,78,276300
4863,0.007031,172.31.40.0-255,66,166556,78,276300
4864,0.009393,74.125.24.0-255,5738,172294,78,276300
4865,0.0094,172.31.40.0-255,66,172360,78,276300
4866,0.011792,74.125.24.0-255,5738,178098,78,276300
4867,0.011799,172.31.40.0-255,66,178164,78,276300
4868,0.014126,74.125.24.0-255,5738,183902,78,276300
4869,0.014133,172.31.40.0-255,66,183968,78,276300
4870,0.01646,74.125.24.0-255,5738,189706,78,276300
4871,0.016469,172.31.40.0-255,66,189772,78,276300
4872,0.018821,74.125.24.0-255,5738,195510,78,276300
4873,0.018832,172.31.40.0-255,66,195576,78,276300
4874,0.021178,74.125.24.0-255,5738,201314,78,276300
4875,0.021187,172.31.40.0-255,66,201380,78,276300
4876,0.023513,74.125.24.0-255,5738,207118,78,276300
4877,0.023521,172.31.40.0-255,66,207184,78,276300
4878,0.025842,74.125.24.0-255,5738,212922,78,276300
4879,0.025853,172.31.40.0-255,66,212988,78,276300
4880,0.028206,74.125.24.0-255,5738,218726,78,276300
4881,0.028223,172.31.40.0-255,66,218792,78,276300
4882,0.030576,74.125.24.0-255,5738,224530,78,276300
4883,0.030592,172.31.40.0-255,66,224596,78,276300
4884,0.032929,74.125.24.0-255,5738,230334,78,276300
4885,0.032946,172.31.40.0-255,66,230400,78,276300
4886,0.035242,74.125.24.0-255,5738,236138,78,276300
4887,0.035259,172.31.40.0-255,66,236204,78,276300
4888,0.037634,74.125.24.0-255,5738,241942,78,276300
4889,0.037643,172.31.40.0-255,66,242008,78,276300
4890,0.03999,74.125.24.0-255,5738,247746,78,276300
4891,0.039999,172.31.40.0-255,66,247812,78,276300
4892,0.04235,74.125.24.0-255,5738,253550,78,276300
4893,0.042367,172.31.40.0-255,66,253616,78,276300
4894,0.04469,74.125.24.0-255,5738,259354,78,276300
4895,0.044696,172.31.40.0-255,66,259420,78,276300
4896,0.045818,172.31.40.0-255,172,259592,78,276300
4897,0.045851,172.31.40.0-255,1107,260699,78,276300
4898,0.045911,172.31.40.0-255,1514,262213,78,276300
4899,0.045913,172.31.40.0-255,1514,263727,78,276300
4900,0.045939,172.31.40.0-255,701,264428,78,276300
4901,0.047035,74.125.24.0-255,5738,270166,78,276300
4902,0.047047,172.31.40.0-255,66,270232,78,276300
4903,0.04735,104.244.42.0-255,66,270298,78,276300
4904,0.047458,104.244.42.0-255,66,270364,78,276300
4905,0.047612,104.244.42.0-255,66,270430,78,276300
4906,0.047619,104.244.42.0-255,66,270496,78,276300
4907,0.04942,74.125.24.0-255,5738,276234,78,276300
4908,0.049433,172.31.40.0-255,66,276300,78,276300
4909,0.0,216.58.221.0-255,146,146,78,202920
4910,2.3e-05,172.31.40.0-255,66,212,78,202920
4911,3e-05,216.58.221.0-255,1484,1696,78,202920
4912,3.4e-05,172.31.40.0-255,66,1762,78,202920
4913,4e-05,216.58.221.0-255,2902,4664,78,202920
4914,4.4e-05,172.31.40.0-255,66,4730,78,202920
4915,5.1e-05,216.58.221.0-255,5738,10468,78,202920
4916,5.4e-05,172.31.40.0-255,66,10534,78,202920
4917,0.000151,216.58.221.0-255,5738,16272,78,202920
4918,0.000154,172.31.40.0-255,66,16338,78,202920
4919,0.000181,172.31.40.0-255,66,16404,78,202920
4920,0.000365,216.58.221.0-255,6797,23201,78,202920
4921,0.000369,172.31.40.0-255,66,23267,78,202920
4922,0.00047,216.58.221.0-255,7156,30423,78,202920
4923,0.000475,172.31.40.0-255,66,30489,78,202920
4924,0.000597,172.31.40.0-255,66,30555,78,202920
4925,0.000609,216.58.221.0-255,3961,34516,78,202920
4926,0.000612,172.31.40.0-255,66,34582,78,202920
4927,0.000833,216.58.221.0-255,5738,40320,78,202920
4928,0.000837,172.31.40.0-255,66,40386,78,202920
4929,0.000859,216.58.221.0-255,5670,46056,78,202920
4930,0.000861,172.31.40.0-255,66,46122,78,202920
4931,0.000992,216.58.221.0-255,134,46256,78,202920
4932,0.000996,172.31.40.0-255,66,46322,78,202920
4933,0.001013,216.58.221.0-255,1484,47806,78,202920
4934,0.001016,172.31.40.0-255,66,47872,78,202920
4935,0.001031,216.58.221.0-255,1484,49356,78,202920
4936,0.001033,172.31.40.0-255,66,49422,78,202920
4937,0.001045,216.58.221.0-255,1484,50906,78,202920
4938,0.001047,172.31.40.0-255,66,50972,78,202920
4939,0.001082,216.58.221.0-255,7156,58128,78,202920
4940,0.001088,172.31.40.0-255,66,58194,78,202920
4941,0.001199,216.58.221.0-255,2902,61096,78,202920
4942,0.001203,172.31.40.0-255,66,61162,78,202920
4943,0.001248,216.58.221.0-255,2543,63705,78,202920
4944,0.001252,172.31.40.0-255,66,63771,78,202920
4945,0.001478,216.58.221.0-255,5379,69150,78,202920
4946,0.001482,172.31.40.0-255,66,69216,78,202920
4947,0.001554,216.58.221.0-255,4320,73536,78,202920
4948,0.001557,172.31.40.0-255,66,73602,78,202920
4949,0.00159,216.58.221.0-255,1484,75086,78,202920
4950,0.001666,172.31.40.0-255,66,75152,78,202920
4951,0.001677,216.58.221.0-255,4320,79472,78,202920
4952,0.001686,172.31.40.0-255,66,79538,78,202920
4953,0.001856,216.58.221.0-255,2902,82440,78,202920
4954,0.001861,172.31.40.0-255,66,82506,78,202920
4955,0.007801,172.31.40.0-255,66,82572,78,202920
4956,0.009712,216.58.221.0-255,5738,88310,78,202920
4957,0.00972,172.31.40.0-255,66,88376,78,202920
4958,0.011628,216.58.221.0-255,5738,94114,78,202920
4959,0.011637,172.31.40.0-255,66,94180,78,202920
4960,0.01355,216.58.221.0-255,5738,99918,78,202920
4961,0.013558,172.31.40.0-255,66,99984,78,202920
4962,0.015469,216.58.221.0-255,5738,105722,78,202920
4963,0.015477,172.31.40.0-255,66,105788,78,202920
4964,0.017402,216.58.221.0-255,5738,111526,78,202920
4965,0.017419,172.31.40.0-255,66,111592,78,202920
4966,0.019327,216.58.221.0-255,5738,117330,78,202920
4967,0.022067,172.31.40.0-255,66,117396,78,202920
4968,0.023978,216.58.221.0-255,5738,123134,78,202920
4969,0.023993,172.31.40.0-255,66,123200,78,202920
4970,0.025895,216.58.221.0-255,5738,128938,78,202920
4971,0.025902,172.31.40.0-255,66,129004,78,202920
4972,0.027815,216.58.221.0-255,5738,134742,78,202920
4973,0.027827,172.31.40.0-255,66,134808,78,202920
4974,0.029737,216.58.221.0-255,5738,140546,78,202920
4975,0.029745,172.31.40.0-255,66,140612,78,202920
4976,0.03166,216.58.221.0-255,5738,146350,78,202920
4977,0.031666,172.31.40.0-255,66,146416,78,202920
4978,0.033575,216.58.221.0-255,5738,152154,78,202920
4979,0.033586,172.31.40.0-255,66,152220,78,202920
4980,0.035486,216.58.221.0-255,5738,157958,78,202920
4981,0.035493,172.31.40.0-255,66,158024,78,202920
4982,0.037395,216.58.221.0-255,5738,163762,78,202920
4983,0.037406,172.31.40.0-255,66,163828,78,202920
4984,0.039326,216.58.221.0-255,5738,169566,78,202920
4985,0.039342,172.31.40.0-255,66,169632,78,202920
4986,0.041242,216.58.221.0-255,5738,175370,78,202920
4987,0.04125,172.31.40.0-255,66,175436,78,202920
4988,0.043161,216.58.221.0-255,5738,181174,78,202920
4989,0.043176,172.31.40.0-255,66,181240,78,202920
4990,0.045074,216.58.221.0-255,5738,186978,78,202920
4991,0.045081,172.31.40.0-255,66,187044,78,202920
4992,0.046036,172.31.40.0-255,267,187311,78,202920
4993,0.046062,172.31.40.0-255,1104,188415,78,202920
4994,0.046117,172.31.40.0-255,1514,189929,78,202920
4995,0.046119,172.31.40.0-255,1185,191114,78,202920
4996,0.046987,216.58.221.0-255,5738,196852,78,202920
4997,0.046996,172.31.40.0-255,66,196918,78,202920
4998,0.047596,104.244.42.0-255,66,196984,78,202920
4999,0.04764,104.244.42.0-255,66,197050,78,202920
5000,0.04769,104.244.42.0-255,66,197116,78,202920
5001,0.048901,216.58.221.0-255,5738,202854,78,202920
5002,0.048909,172.31.40.0-255,66,202920,78,202920
5003,0.0,172.217.194.0-255,150,150,78,260151
5004,2.5e-05,172.31.40.0-255,66,216,78,260151
5005,3.2e-05,172.217.194.0-255,1484,1700,78,260151
5006,3.6e-05,172.31.40.0-255,66,1766,78,260151
5007,4.2e-05,172.217.194.0-255,2902,4668,78,260151
5008,4.5e-05,172.31.40.0-255,66,4734,78,260151
5009,5.4e-05,172.217.194.0-255,7156,11890,78,260151
5010,5.7e-05,172.31.40.0-255,66,11956,78,260151
5011,7.9e-05,172.217.194.0-255,2034,13990,78,260151
5012,8.2e-05,172.31.40.0-255,66,14056,78,260151
5013,0.000174,172.217.194.0-255,1484,15540,78,260151
5014,0.000177,172.31.40.0-255,66,15606,78,260151
5015,0.000182,172.217.194.0-255,2902,18508,78,260151
5016,0.000185,172.31.40.0-255,66,18574,78,260151
5017,0.00019,172.217.194.0-255,4320,22894,78,260151
5018,0.000193,172.31.40.0-255,66,22960,78,260151
5019,0.000215,172.217.194.0-255,1484,24444,78,260151
5020,0.000217,172.31.40.0-255,66,24510,78,260151
5021,0.000235,172.217.194.0-255,1484,25994,78,260151
5022,0.000238,172.31.40.0-255,66,26060,78,260151
5023,0.000269,172.31.40.0-255,66,26126,78,260151
5024,0.000282,172.31.40.0-255,66,26192,78,260151
5025,0.000284,172.217.194.0-255,1125,27317,78,260151
5026,0.000286,172.31.40.0-255,66,27383,78,260151
5027,0.000449,172.217.194.0-255,1484,28867,78,260151
5028,0.000455,172.31.40.0-255,66,28933,78,260151
5029,0.000461,172.217.194.0-255,2902,31835,78,260151
5030,0.000464,172.31.40.0-255,66,31901,78,260151
5031,0.000471,172.217.194.0-255,5738,37639,78,260151
5032,0.000473,172.31.40.0-255,66,37705,78,260151
5033,0.000501,172.217.194.0-255,6797,44502,78,260151
5034,0.000505,172.31.40.0-255,66,44568,78,260151
5035,0.000546,172.217.194.0-255,1484,46052,78,260151
5036,0.000571,172.217.194.0-255,2902,48954,78,260151
5037,0.000574,172.31.40.0-255,66,49020,78,260151
5038,0.000581,172.217.194.0-255,5738,54758,78,260151
5039,0.000584,172.31.40.0-255,66,54824,78,260151
5040,0.000586,172.217.194.0-255,1484,56308,78,260151
5041,0.000661,172.217.194.0-255,5958,62266,78,260151
5042,0.000668,172.31.40.0-255,66,62332,78,260151
5043,0.000675,172.217.194.0-255,7156,69488,78,260151
5044,0.000678,172.31.40.0-255,66,69554,78,260151
5045,0.000695,172.217.194.0-255,4320,73874,78,260151
5046,0.000698,172.31.40.0-255,66,73940,78,260151
5047,0.000723,172.217.194.0-255,5379,79319,78,260151
5048,0.000727,172.31.40.0-255,66,79385,78,260151
5049,0.000802,172.217.194.0-255,1484,80869,78,260151
5050,0.000809,172.217.194.0-255,2902,83771,78,260151
5051,0.000813,172.31.40.0-255,66,83837,78,260151
5052,0.000841,172.217.194.0-255,5738,89575,78,260151
5053,0.000846,172.31.40.0-255,66,89641,78,260151
5054,0.000853,172.217.194.0-255,5738,95379,78,260151
5055,0.000856,172.31.40.0-255,66,95445,78,260151
5056,0.000873,172.217.194.0-255,459,95904,78,260151
5057,0.001597,172.217.194.0-255,1484,97388,78,260151
5058,0.001603,172.31.40.0-255,66,97454,78,260151
5059,0.001609,172.217.194.0-255,2902,100356,78,260151
5060,0.001612,172.31.40.0-255,66,100422,78,260151
5061,0.001616,172.217.194.0-255,2902,103324,78,260151
5062,0.001618,172.31.40.0-255,66,103390,78,260151
5063,0.001645,172.217.194.0-255,2902,106292,78,260151
5064,0.001648,172.31.40.0-255,66,106358,78,260151
5065,0.001651,172.217.194.0-255,1484,107842,78,260151
5066,0.001673,172.217.194.0-255,6076,113918,78,260151
5067,0.001675,172.31.40.0-255,66,113984,78,260151
5068,0.001857,172.217.194.0-255,1484,115468,78,260151
5069,0.001863,172.217.194.0-255,2902,118370,78,260151
5070,0.001866,172.31.40.0-255,66,118436,78,260151
5071,0.001887,172.217.194.0-255,5738,124174,78,260151
5072,0.001889,172.31.40.0-255,66,124240,78,260151
5073,0.001905,172.217.194.0-255,4320,128560,78,260151
5074,0.001907,172.31.40.0-255,66,128626,78,260151
5075,0.00191,172.217.194.0-255,1484,130110,78,260151
5076,0.001933,172.217.194.0-255,4320,134430,78,260151
5077,0.001938,172.31.40.0-255,66,134496,78,260151
5078,0.001951,172.217.194.0-255,2902,137398,78,260151
5079,0.001953,172.31.40.0-255,66,137464,78,260151
5080,0.001985,172.31.40.0-255,66,137530,78,260151
5081,0.001989,172.217.194.0-255,2184,139714,78,260151
5082,0.001992,172.31.40.0-255,66,139780,78,260151
5083,0.004263,172.217.194.0-255,5738,145518,78,260151
5084,0.00427,172.31.40.0-255,66,145584,78,260151
5085,0.006561,172.217.194.0-255,5738,151322,78,260151
5086,0.006567,172.31.40.0-255,66,151388,78,260151
5087,0.008849,172.217.194.0-255,5738,157126,78,260151
5088,0.00886,172.31.40.0-255,66,157192,78,260151
5089,0.011184,172.217.194.0-255,5738,162930,78,260151
5090,0.011197,172.31.40.0-255,66,162996,78,260151
5091,0.013509,172.217.194.0-255,5738,168734,78,260151
5092,0.013518,172.31.40.0-255,66,168800,78,260151
5093,0.015809,172.217.194.0-255,5738,174538,78,260151
5094,0.015819,172.31.40.0-255,66,174604,78,260151
5095,0.018093,172.217.194.0-255,5738,180342,78,260151
5096,0.018101,172.31.40.0-255,66,180408,78,260151
5097,0.020388,172.217.194.0-255,5738,186146,78,260151
5098,0.020395,172.31.40.0-255,66,186212,78,260151
5099,0.022742,172.217.194.0-255,5738,191950,78,260151
5100,0.022755,172.31.40.0-255,66,192016,78,260151
5101,0.025052,172.217.194.0-255,5738,197754,78,260151
5102,0.025057,172.31.40.0-255,66,197820,78,260151
5103,0.027071,172.31.40.0-255,172,197992,78,260151
5104,0.027097,172.31.40.0-255,1107,199099,78,260151
5105,0.027145,172.31.40.0-255,1514,200613,78,260151
5106,0.027146,172.31.40.0-255,1300,201913,78,260151
5107,0.027378,172.217.194.0-255,5738,207651,78,260151
5108,0.027383,172.31.40.0-255,66,207717,78,260151
5109,0.028639,104.244.42.0-255,66,207783,78,260151
5110,0.028662,104.244.42.0-255,66,207849,78,260151
5111,0.028677,104.244.42.0-255,66,207915,78,260151
5112,0.029643,172.217.194.0-255,5738,213653,78,260151
5113,0.029648,172.31.40.0-255,66,213719,78,260151
5114,0.031935,172.217.194.0-255,5738,219457,78,260151
5115,0.031941,172.31.40.0-255,66,219523,78,260151
5116,0.034229,172.217.194.0-255,5738,225261,78,260151
5117,0.034237,172.31.40.0-255,66,225327,78,260151
5118,0.03653,172.217.194.0-255,5738,231065,78,260151
5119,0.036538,172.31.40.0-255,66,231131,78,260151
5120,0.038827,172.217.194.0-255,5738,236869,78,260151
5121,0.038836,172.31.40.0-255,66,236935,78,260151
5122,0.041108,172.217.194.0-255,5738,242673,78,260151
5123,0.041115,172.31.40.0-255,66,242739,78,260151
5124,0.043426,172.217.194.0-255,5738,248477,78,260151
5125,0.043435,172.31.40.0-255,66,248543,78,260151
5126,0.045732,172.217.194.0-255,5738,254281,78,260151
5127,0.045737,172.31.40.0-255,66,254347,78,260151
5128,0.048013,172.217.194.0-255,5738,260085,78,260151
5129,0.048018,172.31.40.0-255,66,260151,78,260151
5130,0.0,74.125.68.0-255,152,152,78,329365
5131,2.4e-05,172.31.40.0-255,66,218,78,329365
5132,3.1e-05,74.125.68.0-255,1484,1702,78,329365
5133,3.5e-05,172.31.40.0-255,66,1768,78,329365
5134,3.8e-05,74.125.68.0-255,1484,3252,78,329365
5135,4.1e-05,172.31.40.0-255,66,3318,78,329365
5136,4.7e-05,74.125.68.0-255,2902,6220,78,329365
5137,5e-05,172.31.40.0-255,66,6286,78,329365
5138,5.6e-05,74.125.68.0-255,5738,12024,78,329365
5139,6e-05,172.31.40.0-255,66,12090,78,329365
5140,6.4e-05,74.125.68.0-255,2044,14134,78,329365
5141,6.6e-05,172.31.40.0-255,66,14200,78,329365
5142,0.000206,74.125.68.0-255,1484,15684,78,329365
5143,0.000211,172.31.40.0-255,66,15750,78,329365
5144,0.000216,74.125.68.0-255,2902,18652,78,329365
5145,0.000219,172.31.40.0-255,66,18718,78,329365
5146,0.000246,74.125.68.0-255,1484,20202,78,329365
5147,0.000249,172.31.40.0-255,66,20268,78,329365
5148,0.000253,74.125.68.0-255,2902,23170,78,329365
5149,0.000256,172.31.40.0-255,66,23236,78,329365
5150,0.000262,74.125.68.0-255,5738,28974,78,329365
5151,0.000264,172.31.40.0-255,66,29040,78,329365
5152,0.000291,74.125.68.0-255,3961,33001,78,329365
5153,0.000293,172.31.40.0-255,66,33067,78,329365
5154,0.000299,74.125.68.0-255,4320,37387,78,329365
5155,0.000301,172.31.40.0-255,66,37453,78,329365
5156,0.000325,74.125.68.0-255,4320,41773,78,329365
5157,0.000327,172.31.40.0-255,66,41839,78,329365
5158,0.000343,74.125.68.0-255,4320,46159,78,329365
5159,0.000346,172.31.40.0-255,66,46225,78,329365
5160,0.000396,172.31.40.0-255,66,46291,78,329365
5161,0.000402,74.125.68.0-255,4320,50611,78,329365
5162,0.000404,172.31.40.0-255,66,50677,78,329365
5163,0.00041,74.125.68.0-255,5020,55697,78,329365
5164,0.000413,172.31.40.0-255,66,55763,78,329365
5165,0.000447,74.125.68.0-255,365,56128,78,329365
5166,0.000496,74.125.68.0-255,131,56259,78,329365
5167,0.000629,74.125.68.0-255,1484,57743,78,329365
5168,0.000634,172.31.40.0-255,66,57809,78,329365
5169,0.00066,74.125.68.0-255,2902,60711,78,329365
5170,0.000663,172.31.40.0-255,66,60777,78,329365
5171,0.00067,74.125.68.0-255,5738,66515,78,329365
5172,0.000673,172.31.40.0-255,66,66581,78,329365
5173,0.00071,172.31.40.0-255,66,66647,78,329365
5174,0.000716,74.125.68.0-255,4320,70967,78,329365
5175,0.000718,172.31.40.0-255,66,71033,78,329365
5176,0.000741,74.125.68.0-255,7156,78189,78,329365
5177,0.000744,74.125.68.0-255,2184,80373,78,329365
5178,0.000748,172.31.40.0-255,66,80439,78,329365
5179,0.000751,172.31.40.0-255,66,80505,78,329365
5180,0.000758,74.125.68.0-255,344,80849,78,329365
5181,0.000796,74.125.68.0-255,1484,82333,78,329365
5182,0.000798,172.31.40.0-255,66,82399,78,329365
5183,0.000814,74.125.68.0-255,4320,86719,78,329365
5184,0.000817,172.31.40.0-255,66,86785,78,329365
5185,0.000844,74.125.68.0-255,7156,93941,78,329365
5186,0.000847,172.31.40.0-255,66,94007,78,329365
5187,0.000853,74.125.68.0-255,4320,98327,78,329365
5188,0.000855,172.31.40.0-255,66,98393,78,329365
5189,0.000869,74.125.68.0-255,4320,102713,78,329365
5190,0.000872,172.31.40.0-255,66,102779,78,329365
5191,0.00088,74.125.68.0-255,1484,104263,78,329365
5192,0.000906,172.31.40.0-255,66,104329,78,329365
5193,0.001063,74.125.68.0-255,1484,105813,78,329365
5194,0.001078,74.125.68.0-255,2902,108715,78,329365
5195,0.001082,172.31.40.0-255,66,108781,78,329365
5196,0.001101,74.125.68.0-255,2902,111683,78,329365
5197,0.001104,172.31.40.0-255,66,111749,78,329365
5198,0.001119,74.125.68.0-255,1484,113233,78,329365
5199,0.001135,74.125.68.0-255,2902,116135,78,329365
5200,0.001138,172.31.40.0-255,66,116201,78,329365
5201,0.00116,74.125.68.0-255,4320,120521,78,329365
5202,0.001163,172.31.40.0-255,66,120587,78,329365
5203,0.001173,172.31.40.0-255,66,120653,78,329365
5204,0.001197,74.125.68.0-255,7156,127809,78,329365
5205,0.0012,172.31.40.0-255,66,127875,78,329365
5206,0.00122,74.125.68.0-255,2184,130059,78,329365
5207,0.001222,172.31.40.0-255,66,130125,78,329365
5208,0.00128,74.125.68.0-255,1484,131609,78,329365
5209,0.001285,74.125.68.0-255,2902,134511,78,329365
5210,0.001288,172.31.40.0-255,66,134577,78,329365
5211,0.001307,74.125.68.0-255,4320,138897,78,329365
5212,0.00131,172.31.40.0-255,66,138963,78,329365
5213,0.001331,74.125.68.0-255,1484,140447,78,329365
5214,0.001334,74.125.68.0-255,1484,141931,78,329365
5215,0.001336,172.31.40.0-255,66,141997,78,329365
5216,0.001356,74.125.68.0-255,4320,146317,78,329365
5217,0.001358,172.31.40.0-255,66,146383,78,329365
5218,0.001388,74.125.68.0-255,1125,147508,78,329365
5219,0.001459,74.125.68.0-255,1484,148992,78,329365
5220,0.001462,172.31.40.0-255,66,149058,78,329365
5221,0.001468,74.125.68.0-255,2902,151960,78,329365
5222,0.00147,172.31.40.0-255,66,152026,78,329365
5223,0.001498,74.125.68.0-255,4320,156346,78,329365
5224,0.001501,172.31.40.0-255,66,156412,78,329365
5225,0.001506,74.125.68.0-255,4320,160732,78,329365
5226,0.001508,172.31.40.0-255,66,160798,78,329365
5227,0.00153,74.125.68.0-255,1484,162282,78,329365
5228,0.001536,74.125.68.0-255,4320,166602,78,329365
5229,0.001538,172.31.40.0-255,66,166668,78,329365
5230,0.001559,74.125.68.0-255,7156,173824,78,329365
5231,0.001562,172.31.40.0-255,66,173890,78,329365
5232,0.001567,74.125.68.0-255,4320,178210,78,329365
5233,0.001569,172.31.40.0-255,66,178276,78,329365
5234,0.001594,74.125.68.0-255,1484,179760,78,329365
5235,0.001611,74.125.68.0-255,2184,181944,78,329365
5236,0.001616,172.31.40.0-255,66,182010,78,329365
5237,0.001648,74.125.68.0-255,1484,183494,78,329365
5238,0.001653,74.125.68.0-255,2902,186396,78,329365
5239,0.001656,172.31.40.0-255,66,186462,78,329365
5240,0.001678,74.125.68.0-255,5738,192200,78,329365
5241,0.001681,172.31.40.0-255,66,192266,78,329365
5242,0.001738,74.125.68.0-255,6797,199063,78,329365
5243,0.001741,172.31.40.0-255,66,199129,78,329365
5244,0.00181,74.125.68.0-255,1484,200613,78,329365
5245,0.001825,74.125.68.0-255,2902,203515,78,329365
5246,0.001829,172.31.40.0-255,66,203581,78,329365
5247,0.001848,74.125.68.0-255,5738,209319,78,329365
5248,0.00185,172.31.40.0-255,66,209385,78,329365
5249,0.001862,74.125.68.0-255,5738,215123,78,329365
5250,0.001864,172.31.40.0-255,66,215189,78,329365
5251,0.00187,74.125.68.0-255,5738,220927,78,329365
5252,0.001873,172.31.40.0-255,66,220993,78,329365
5253,0.001896,74.125.68.0-255,1484,222477,78,329365
5254,0.0019,74.125.68.0-255,2902,225379,78,329365
5255,0.001903,172.31.40.0-255,66,225445,78,329365
5256,0.00193,172.31.40.0-255,66,225511,78,329365
5257,0.00196,74.125.68.0-255,1484,226995,78,329365
5258,0.001973,74.125.68.0-255,2902,229897,78,329365
5259,0.001977,172.31.40.0-255,66,229963,78,329365
5260,0.002001,74.125.68.0-255,5738,235701,78,329365
5261,0.002004,172.31.40.0-255,66,235767,78,329365
5262,0.002009,74.125.68.0-255,2902,238669,78,329365
5263,0.002011,172.31.40.0-255,66,238735,78,329365
5264,0.00204,172.31.40.0-255,66,238801,78,329365
5265,0.002077,172.31.40.0-255,66,238867,78,329365
5266,0.00208,74.125.68.0-255,766,239633,78,329365
5267,0.00216,74.125.68.0-255,1484,241117,78,329365
5268,0.002163,172.31.40.0-255,66,241183,78,329365
5269,0.002169,74.125.68.0-255,2902,244085,78,329365
5270,0.002171,172.31.40.0-255,66,244151,78,329365
5271,0.002183,74.125.68.0-255,1484,245635,78,329365
5272,0.002205,74.125.68.0-255,4320,249955,78,329365
5273,0.002208,172.31.40.0-255,66,250021,78,329365
5274,0.002214,74.125.68.0-255,5738,255759,78,329365
5275,0.002216,172.31.40.0-255,66,255825,78,329365
5276,0.002219,74.125.68.0-255,1484,257309,78,329365
5277,0.002236,74.125.68.0-255,5738,263047,78,329365
5278,0.002239,172.31.40.0-255,66,263113,78,329365
5279,0.002276,172.31.40.0-255,66,263179,78,329365
5280,0.002293,74.125.68.0-255,766,263945,78,329365
5281,0.00232,74.125.68.0-255,1484,265429,78,329365
5282,0.002323,172.31.40.0-255,66,265495,78,329365
5283,0.002337,74.125.68.0-255,2902,268397,78,329365
5284,0.00234,172.31.40.0-255,66,268463,78,329365
5285,0.002353,74.125.68.0-255,1484,269947,78,329365
5286,0.002358,74.125.68.0-255,4320,274267,78,329365
5287,0.00236,172.31.40.0-255,66,274333,78,329365
5288,0.002387,74.125.68.0-255,1484,275817,78,329365
5289,0.002395,74.125.68.0-255,7156,282973,78,329365
5290,0.002398,172.31.40.0-255,66,283039,78,329365
5291,0.002431,74.125.68.0-255,7156,290195,78,329365
5292,0.002435,172.31.40.0-255,66,290261,78,329365
5293,0.002438,74.125.68.0-255,1484,291745,78,329365
5294,0.002468,74.125.68.0-255,6438,298183,78,329365
5295,0.002471,172.31.40.0-255,66,298249,78,329365
5296,0.002507,74.125.68.0-255,2902,301151,78,329365
5297,0.002511,172.31.40.0-255,66,301217,78,329365
5298,0.00254,74.125.68.0-255,4320,305537,78,329365
5299,0.002543,172.31.40.0-255,66,305603,78,329365
5300,0.002565,74.125.68.0-255,4320,309923,78,329365
5301,0.002567,172.31.40.0-255,66,309989,78,329365
5302,0.002574,74.125.68.0-255,5738,315727,78,329365
5303,0.002576,172.31.40.0-255,66,315793,78,329365
5304,0.002612,74.125.68.0-255,2902,318695,78,329365
5305,0.002615,172.31.40.0-255,66,318761,78,329365
5306,0.002639,74.125.68.0-255,5860,324621,78,329365
5307,0.002643,172.31.40.0-255,66,324687,78,329365
5308,0.002645,74.125.68.0-255,97,324784,78,329365
5309,0.004725,172.31.40.0-255,66,324850,78,329365
5310,0.00524,74.125.68.0-255,105,324955,78,329365
5311,0.018526,172.31.40.0-255,66,325021,78,329365
5312,0.018612,172.31.40.0-255,105,325126,78,329365
5313,0.021214,74.125.68.0-255,66,325192,78,329365
5314,0.046212,172.31.40.0-255,172,325364,78,329365
5315,0.046246,172.31.40.0-255,1104,326468,78,329365
5316,0.046306,172.31.40.0-255,1514,327982,78,329365
5317,0.046308,172.31.40.0-255,1185,329167,78,329365
5318,0.047781,104.244.42.0-255,66,329233,78,329365
5319,0.047814,104.244.42.0-255,66,329299,78,329365
5320,0.04786,104.244.42.0-255,66,329365,78,329365
5321,0.0,74.125.24.0-255,153,153,78,213986
5322,1.9e-05,172.31.40.0-255,66,219,78,213986
5323,2.5e-05,74.125.24.0-255,1484,1703,78,213986
5324,3e-05,172.31.40.0-255,66,1769,78,213986
5325,3.5e-05,74.125.24.0-255,2902,4671,78,213986
5326,3.8e-05,172.31.40.0-255,66,4737,78,213986
5327,4.3e-05,74.125.24.0-255,2902,7639,78,213986
5328,4.6e-05,172.31.40.0-255,66,7705,78,213986
5329,7.2e-05,74.125.24.0-255,2902,10607,78,213986
5330,7.5e-05,172.31.40.0-255,66,10673,78,213986
5331,8.1e-05,74.125.24.0-255,3432,14105,78,213986
5332,8.4e-05,172.31.40.0-255,66,14171,78,213986
5333,0.000127,74.125.24.0-255,2902,17073,78,213986
5334,0.000129,172.31.40.0-255,66,17139,78,213986
5335,0.000158,172.31.40.0-255,66,17205,78,213986
5336,0.000177,74.125.24.0-255,5738,22943,78,213986
5337,0.000181,172.31.40.0-255,66,23009,78,213986
5338,0.000199,74.125.24.0-255,2902,25911,78,213986
5339,0.000201,172.31.40.0-255,66,25977,78,213986
5340,0.000267,74.125.24.0-255,5738,31715,78,213986
5341,0.00027,172.31.40.0-255,66,31781,78,213986
5342,0.000293,172.31.40.0-255,66,31847,78,213986
5343,0.000308,172.31.40.0-255,66,31913,78,213986
5344,0.000313,74.125.24.0-255,3133,35046,78,213986
5345,0.000315,172.31.40.0-255,66,35112,78,213986
5346,0.00037,74.125.24.0-255,1484,36596,78,213986
5347,0.000373,172.31.40.0-255,66,36662,78,213986
5348,0.000377,74.125.24.0-255,1484,38146,78,213986
5349,0.000379,172.31.40.0-255,66,38212,78,213986
5350,0.000393,74.125.24.0-255,1484,39696,78,213986
5351,0.000398,74.125.24.0-255,2902,42598,78,213986
5352,0.000401,172.31.40.0-255,66,42664,78,213986
5353,0.000433,74.125.24.0-255,7156,49820,78,213986
5354,0.000436,172.31.40.0-255,66,49886,78,213986
5355,0.000465,172.31.40.0-255,66,49952,78,213986
5356,0.00048,74.125.24.0-255,5738,55690,78,213986
5357,0.000482,172.31.40.0-255,66,55756,78,213986
5358,0.000512,74.125.24.0-255,3602,59358,78,213986
5359,0.000514,172.31.40.0-255,66,59424,78,213986
5360,0.000543,74.125.24.0-255,2902,62326,78,213986
5361,0.000546,172.31.40.0-255,66,62392,78,213986
5362,0.000562,74.125.24.0-255,1484,63876,78,213986
5363,0.000567,74.125.24.0-255,2902,66778,78,213986
5364,0.000569,172.31.40.0-255,66,66844,78,213986
5365,0.000594,74.125.24.0-255,5738,72582,78,213986
5366,0.000596,172.31.40.0-255,66,72648,78,213986
5367,0.00061,172.31.40.0-255,66,72714,78,213986
5368,0.000628,74.125.24.0-255,1979,74693,78,213986
5369,0.00063,172.31.40.0-255,66,74759,78,213986
5370,0.000636,74.125.24.0-255,5738,80497,78,213986
5371,0.000639,172.31.40.0-255,66,80563,78,213986
5372,0.000669,172.31.40.0-255,66,80629,78,213986
5373,0.000672,74.125.24.0-255,1484,82113,78,213986
5374,0.000677,74.125.24.0-255,2902,85015,78,213986
5375,0.000692,74.125.24.0-255,2902,87917,78,213986
5376,0.000711,74.125.24.0-255,2902,90819,78,213986
5377,0.000714,74.125.24.0-255,1484,92303,78,213986
5378,0.000758,172.31.40.0-255,66,92369,78,213986
5379,0.000767,74.125.24.0-255,1152,93521,78,213986
5380,0.000902,74.125.24.0-255,1484,95005,78,213986
5381,0.000908,74.125.24.0-255,2902,97907,78,213986
5382,0.00092,172.31.40.0-255,66,97973,78,213986
5383,0.000932,74.125.24.0-255,5738,103711,78,213986
5384,0.000942,172.31.40.0-255,66,103777,78,213986
5385,0.000965,74.125.24.0-255,4320,108097,78,213986
5386,0.001029,74.125.24.0-255,4320,112417,78,213986
5387,0.001045,74.125.24.0-255,7156,119573,78,213986
5388,0.001069,172.31.40.0-255,66,119639,78,213986
5389,0.001085,74.125.24.0-255,2902,122541,78,213986
5390,0.001096,74.125.24.0-255,1484,124025,78,213986
5391,0.001106,172.31.40.0-255,66,124091,78,213986
5392,0.001132,74.125.24.0-255,6797,130888,78,213986
5393,0.001139,172.31.40.0-255,66,130954,78,213986
5394,0.001159,74.125.24.0-255,7156,138110,78,213986
5395,0.001175,74.125.24.0-255,7156,145266,78,213986
5396,0.001184,172.31.40.0-255,66,145332,78,213986
5397,0.00121,172.31.40.0-255,66,145398,78,213986
5398,0.001232,74.125.24.0-255,2184,147582,78,213986
5399,0.001242,172.31.40.0-255,66,147648,78,213986
5400,0.001317,74.125.24.0-255,1484,149132,78,213986
5401,0.001334,74.125.24.0-255,2902,152034,78,213986
5402,0.001337,74.125.24.0-255,1484,153518,78,213986
5403,0.001349,172.31.40.0-255,66,153584,78,213986
5404,0.001354,74.125.24.0-255,2902,156486,78,213986
5405,0.001359,172.31.40.0-255,66,156552,78,213986
5406,0.001431,74.125.24.0-255,2902,159454,78,213986
5407,0.00144,172.31.40.0-255,66,159520,78,213986
5408,0.001452,74.125.24.0-255,3602,163122,78,213986
5409,0.001472,172.31.40.0-255,66,163188,78,213986
5410,0.001485,74.125.24.0-255,2902,166090,78,213986
5411,0.0015,74.125.24.0-255,2902,168992,78,213986
5412,0.001505,74.125.24.0-255,2902,171894,78,213986
5413,0.001512,172.31.40.0-255,66,171960,78,213986
5414,0.001522,74.125.24.0-255,4320,176280,78,213986
5415,0.001527,172.31.40.0-255,66,176346,78,213986
5416,0.001539,74.125.24.0-255,7156,183502,78,213986
5417,0.001557,74.125.24.0-255,4320,187822,78,213986
5418,0.001575,172.31.40.0-255,66,187888,78,213986
5419,0.001596,74.125.24.0-255,2902,190790,78,213986
5420,0.001604,172.31.40.0-255,66,190856,78,213986
5421,0.001621,74.125.24.0-255,6438,197294,78,213986
5422,0.001641,172.31.40.0-255,66,197360,78,213986
5423,0.001741,74.125.24.0-255,1484,198844,78,213986
5424,0.001745,74.125.24.0-255,1484,200328,78,213986
5425,0.001753,172.31.40.0-255,66,200394,78,213986
5426,0.001762,74.125.24.0-255,1484,201878,78,213986
5427,0.001768,74.125.24.0-255,5738,207616,78,213986
5428,0.001801,172.31.40.0-255,66,207682,78,213986
5429,0.001808,74.125.24.0-255,1484,209166,78,213986
5430,0.001823,74.125.24.0-255,4241,213407,78,213986
5431,0.00184,172.31.40.0-255,66,213473,78,213986
5432,0.001856,74.125.24.0-255,105,213578,78,213986
5433,0.012896,172.31.40.0-255,66,213644,78,213986
5434,0.012948,172.31.40.0-255,105,213749,78,213986
5435,0.015191,74.125.24.0-255,66,213815,78,213986
5436,0.049988,172.31.40.0-255,171,213986,78,213986
5437,0.0,172.217.194.0-255,153,153,78,74773
5438,2.3e-05,172.31.40.0-255,66,219,78,74773
5439,3e-05,172.217.194.0-255,1484,1703,78,74773
5440,3.5e-05,172.31.40.0-255,66,1769,78,74773
5441,4e-05,172.217.194.0-255,2902,4671,78,74773
5442,4.3e-05,172.31.40.0-255,66,4737,78,74773
5443,9.1e-05,172.217.194.0-255,7156,11893,78,74773
5444,9.4e-05,172.31.40.0-255,66,11959,78,74773
5445,0.000233,172.217.194.0-255,1484,13443,78,74773
5446,0.000237,172.31.40.0-255,66,13509,78,74773
5447,0.000254,172.217.194.0-255,4320,17829,78,74773
5448,0.000257,172.31.40.0-255,66,17895,78,74773
5449,0.000282,172.217.194.0-255,6291,24186,78,74773
5450,0.000284,172.31.40.0-255,66,24252,78,74773
5451,0.000465,172.217.194.0-255,1484,25736,78,74773
5452,0.000469,172.31.40.0-255,66,25802,78,74773
5453,0.000508,172.217.194.0-255,7156,32958,78,74773
5454,0.000511,172.31.40.0-255,66,33024,78,74773
5455,0.000542,172.31.40.0-255,66,33090,78,74773
5456,0.000855,172.31.40.0-255,66,33156,78,74773
5457,0.000885,172.31.40.0-255,66,33222,78,74773
5458,0.001337,172.31.40.0-255,66,33288,78,74773
5459,0.001372,172.31.40.0-255,66,33354,78,74773
5460,0.002024,172.31.40.0-255,66,33420,78,74773
5461,0.002059,172.31.40.0-255,66,33486,78,74773
5462,0.002685,172.217.194.0-255,5738,39224,78,74773
5463,0.002745,172.217.194.0-255,2184,41408,78,74773
5464,0.003373,172.217.194.0-255,2902,44310,78,74773
5465,0.004377,172.217.194.0-255,5738,50048,78,74773
5466,0.00521,172.217.194.0-255,4320,54368,78,74773
5467,0.005469,172.217.194.0-255,4320,58688,78,74773
5468,0.006473,172.217.194.0-255,4320,63008,78,74773
5469,0.006553,172.217.194.0-255,2902,65910,78,74773
5470,0.009123,172.31.40.0-255,66,65976,78,74773
5471,0.010878,172.31.40.0-255,101,66077,78,74773
5472,0.01171,172.217.194.0-255,7156,73233,78,74773
5473,0.011717,172.31.40.0-255,66,73299,78,74773
5474,0.011736,172.217.194.0-255,1237,74536,78,74773
5475,0.011917,172.31.40.0-255,105,74641,78,74773
5476,0.01339,172.217.194.0-255,66,74707,78,74773
5477,0.014443,172.217.194.0-255,66,74773,78,74773
5478,0.0,74.125.24.0-255,153,153,78,160390
5479,1.5e-05,172.31.40.0-255,66,219,78,160390
5480,2.1e-05,74.125.24.0-255,1484,1703,78,160390
5481,2.5e-05,172.31.40.0-255,66,1769,78,160390
5482,3.2e-05,74.125.24.0-255,2902,4671,78,160390
5483,4.4e-05,172.31.40.0-255,66,4737,78,160390
5484,5.1e-05,74.125.24.0-255,7156,11893,78,160390
5485,5.5e-05,172.31.40.0-255,66,11959,78,160390
5486,5.9e-05,74.125.24.0-255,2030,13989,78,160390
5487,6.2e-05,172.31.40.0-255,66,14055,78,160390
5488,0.000221,74.125.24.0-255,1484,15539,78,160390
5489,0.000226,172.31.40.0-255,66,15605,78,160390
5490,0.000233,74.125.24.0-255,2902,18507,78,160390
5491,0.000236,172.31.40.0-255,66,18573,78,160390
5492,0.000271,74.125.24.0-255,5738,24311,78,160390
5493,0.000275,172.31.40.0-255,66,24377,78,160390
5494,0.000282,74.125.24.0-255,6797,31174,78,160390
5495,0.000284,172.31.40.0-255,66,31240,78,160390
5496,0.000292,74.125.24.0-255,1484,32724,78,160390
5497,0.000295,172.31.40.0-255,66,32790,78,160390
5498,0.000334,172.31.40.0-255,66,32856,78,160390
5499,0.000355,172.31.40.0-255,66,32922,78,160390
5500,0.000389,74.125.24.0-255,3602,36524,78,160390
5501,0.000391,172.31.40.0-255,66,36590,78,160390
5502,0.000395,74.125.24.0-255,443,37033,78,160390
5503,0.000397,172.31.40.0-255,66,37099,78,160390
5504,0.00048,74.125.24.0-255,1484,38583,78,160390
5505,0.000483,172.31.40.0-255,66,38649,78,160390
5506,0.000486,74.125.24.0-255,1484,40133,78,160390
5507,0.000487,172.31.40.0-255,66,40199,78,160390
5508,0.00052,74.125.24.0-255,1484,41683,78,160390
5509,0.000526,74.125.24.0-255,5738,47421,78,160390
5510,0.000529,172.31.40.0-255,66,47487,78,160390
5511,0.000553,74.125.24.0-255,7156,54643,78,160390
5512,0.000555,172.31.40.0-255,66,54709,78,160390
5513,0.000584,74.125.24.0-255,5738,60447,78,160390
5514,0.000586,172.31.40.0-255,66,60513,78,160390
5515,0.000633,172.31.40.0-255,66,60579,78,160390
5516,0.000659,74.125.24.0-255,5020,65599,78,160390
5517,0.000661,172.31.40.0-255,66,65665,78,160390
5518,0.000677,172.31.40.0-255,66,65731,78,160390
5519,0.000686,74.125.24.0-255,5020,70751,78,160390
5520,0.000689,172.31.40.0-255,66,70817,78,160390
5521,0.000845,74.125.24.0-255,1484,72301,78,160390
5522,0.000858,74.125.24.0-255,2902,75203,78,160390
5523,0.000861,172.31.40.0-255,66,75269,78,160390
5524,0.000887,74.125.24.0-255,5738,81007,78,160390
5525,0.000893,172.31.40.0-255,66,81073,78,160390
5526,0.000944,172.31.40.0-255,66,81139,78,160390
5527,0.00095,74.125.24.0-255,4320,85459,78,160390
5528,0.000951,172.31.40.0-255,66,85525,78,160390
5529,0.00098,74.125.24.0-255,6438,91963,78,160390
5530,0.000983,172.31.40.0-255,66,92029,78,160390
5531,0.001078,74.125.24.0-255,1484,93513,78,160390
5532,0.001081,74.125.24.0-255,1484,94997,78,160390
5533,0.001085,172.31.40.0-255,66,95063,78,160390
5534,0.001092,74.125.24.0-255,1484,96547,78,160390
5535,0.001098,74.125.24.0-255,4320,100867,78,160390
5536,0.001104,172.31.40.0-255,66,100933,78,160390
5537,0.001124,74.125.24.0-255,1484,102417,78,160390
5538,0.00113,74.125.24.0-255,5738,108155,78,160390
5539,0.001132,172.31.40.0-255,66,108221,78,160390
5540,0.001153,74.125.24.0-255,7156,115377,78,160390
5541,0.001156,172.31.40.0-255,66,115443,78,160390
5542,0.001166,172.31.40.0-255,66,115509,78,160390
5543,0.001187,74.125.24.0-255,766,116275,78,160390
5544,0.001208,74.125.24.0-255,4320,120595,78,160390
5545,0.001211,172.31.40.0-255,66,120661,78,160390
5546,0.001251,172.31.40.0-255,66,120727,78,160390
5547,0.001254,74.125.24.0-255,1484,122211,78,160390
5548,0.001261,74.125.24.0-255,6438,128649,78,160390
5549,0.001263,172.31.40.0-255,66,128715,78,160390
5550,0.001271,74.125.24.0-255,7156,135871,78,160390
5551,0.001274,172.31.40.0-255,66,135937,78,160390
5552,0.001324,172.31.40.0-255,66,136003,78,160390
5553,0.001341,172.31.40.0-255,66,136069,78,160390
5554,0.001424,74.125.24.0-255,1484,137553,78,160390
5555,0.001447,74.125.24.0-255,2902,140455,78,160390
5556,0.00145,172.31.40.0-255,66,140521,78,160390
5557,0.001457,74.125.24.0-255,5738,146259,78,160390
5558,0.001459,172.31.40.0-255,66,146325,78,160390
5559,0.001461,74.125.24.0-255,1484,147809,78,160390
5560,0.001528,172.31.40.0-255,66,147875,78,160390
5561,0.001554,74.125.24.0-255,4320,152195,78,160390
5562,0.001557,172.31.40.0-255,66,152261,78,160390
5563,0.001568,172.31.40.0-255,66,152327,78,160390
5564,0.001588,172.31.40.0-255,66,152393,78,160390
5565,0.001623,172.31.40.0-255,66,152459,78,160390
5566,0.001634,172.31.40.0-255,66,152525,78,160390
5567,0.00167,74.125.24.0-255,2902,155427,78,160390
5568,0.001674,172.31.40.0-255,66,155493,78,160390
5569,0.001701,172.31.40.0-255,66,155559,78,160390
5570,0.001736,172.31.40.0-255,66,155625,78,160390
5571,0.001752,172.31.40.0-255,66,155691,78,160390
5572,0.001768,172.31.40.0-255,66,155757,78,160390
5573,0.00177,74.125.24.0-255,105,155862,78,160390
5574,0.013177,172.31.40.0-255,66,155928,78,160390
5575,0.013227,172.31.40.0-255,105,156033,78,160390
5576,0.015233,74.125.24.0-255,66,156099,78,160390
5577,0.043673,172.31.40.0-255,172,156271,78,160390
5578,0.043706,172.31.40.0-255,1108,157379,78,160390
5579,0.04377,172.31.40.0-255,1514,158893,78,160390
5580,0.043772,172.31.40.0-255,1299,160192,78,160390
5581,0.045232,104.244.42.0-255,66,160258,78,160390
5582,0.045267,104.244.42.0-255,66,160324,78,160390
5583,0.045319,104.244.42.0-255,66,160390,78,160390
5584,0.0,172.217.194.0-255,153,153,78,193553
5585,2.3e-05,172.31.40.0-255,66,219,78,193553
5586,2.9e-05,172.217.194.0-255,1484,1703,78,193553
5587,3.4e-05,172.31.40.0-255,66,1769,78,193553
5588,4e-05,172.217.194.0-255,2902,4671,78,193553
5589,4.3e-05,172.31.40.0-255,66,4737,78,193553
5590,4.6e-05,172.217.194.0-255,1484,6221,78,193553
5591,4.8e-05,172.31.40.0-255,66,6287,78,193553
5592,8.1e-05,172.217.194.0-255,5738,12025,78,193553
5593,8.4e-05,172.31.40.0-255,66,12091,78,193553
5594,8.7e-05,172.217.194.0-255,1938,14029,78,193553
5595,8.9e-05,172.31.40.0-255,66,14095,78,193553
5596,0.000299,172.217.194.0-255,1484,15579,78,193553
5597,0.000305,172.31.40.0-255,66,15645,78,193553
5598,0.000308,172.217.194.0-255,1484,17129,78,193553
5599,0.00031,172.31.40.0-255,66,17195,78,193553
5600,0.00033,172.217.194.0-255,1484,18679,78,193553
5601,0.000333,172.31.40.0-255,66,18745,78,193553
5602,0.000338,172.217.194.0-255,4320,23065,78,193553
5603,0.000343,172.31.40.0-255,66,23131,78,193553
5604,0.000358,172.217.194.0-255,1484,24615,78,193553
5605,0.00036,172.31.40.0-255,66,24681,78,193553
5606,0.00037,172.217.194.0-255,5738,30419,78,193553
5607,0.000374,172.31.40.0-255,66,30485,78,193553
5608,0.000399,172.217.194.0-255,1125,31610,78,193553
5609,0.000401,172.31.40.0-255,66,31676,78,193553
5610,0.000412,172.217.194.0-255,7156,38832,78,193553
5611,0.000415,172.31.40.0-255,66,38898,78,193553
5612,0.000418,172.217.194.0-255,1484,40382,78,193553
5613,0.000419,172.31.40.0-255,66,40448,78,193553
5614,0.000467,172.31.40.0-255,66,40514,78,193553
5615,0.001158,172.217.194.0-255,1484,41998,78,193553
5616,0.00117,172.217.194.0-255,2902,44900,78,193553
5617,0.001175,172.31.40.0-255,66,44966,78,193553
5618,0.001184,172.217.194.0-255,5738,50704,78,193553
5619,0.001186,172.31.40.0-255,66,50770,78,193553
5620,0.001228,172.217.194.0-255,7156,57926,78,193553
5621,0.001231,172.31.40.0-255,66,57992,78,193553
5622,0.001264,172.217.194.0-255,6797,64789,78,193553
5623,0.001267,172.31.40.0-255,66,64855,78,193553
5624,0.001274,172.217.194.0-255,5738,70593,78,193553
5625,0.001276,172.31.40.0-255,66,70659,78,193553
5626,0.001316,172.31.40.0-255,66,70725,78,193553
5627,0.001333,172.217.194.0-255,766,71491,78,193553
5628,0.001336,172.217.194.0-255,647,72138,78,193553
5629,0.001579,172.217.194.0-255,1484,73622,78,193553
5630,0.001586,172.31.40.0-255,66,73688,78,193553
5631,0.001592,172.217.194.0-255,2902,76590,78,193553
5632,0.001595,172.31.40.0-255,66,76656,78,193553
5633,0.001607,172.217.194.0-255,5738,82394,78,193553
5634,0.001609,172.31.40.0-255,66,82460,78,193553
5635,0.001652,172.31.40.0-255,66,82526,78,193553
5636,0.001663,172.31.40.0-255,66,82592,78,193553
5637,0.002359,172.217.194.0-255,1484,84076,78,193553
5638,0.002377,172.217.194.0-255,2902,86978,78,193553
5639,0.00238,172.31.40.0-255,66,87044,78,193553
5640,0.002387,172.217.194.0-255,5738,92782,78,193553
5641,0.002389,172.31.40.0-255,66,92848,78,193553
5642,0.002398,172.217.194.0-255,4320,97168,78,193553
5643,0.002401,172.31.40.0-255,66,97234,78,193553
5644,0.002446,172.31.40.0-255,66,97300,78,193553
5645,0.002451,172.217.194.0-255,4320,101620,78,193553
5646,0.002453,172.31.40.0-255,66,101686,78,193553
5647,0.002479,172.217.194.0-255,3602,105288,78,193553
5648,0.002485,172.31.40.0-255,66,105354,78,193553
5649,0.002926,172.217.194.0-255,1484,106838,78,193553
5650,0.002932,172.217.194.0-255,2902,109740,78,193553
5651,0.002935,172.31.40.0-255,66,109806,78,193553
5652,0.00294,172.217.194.0-255,2902,112708,78,193553
5653,0.002942,172.31.40.0-255,66,112774,78,193553
5654,0.002973,172.217.194.0-255,2902,115676,78,193553
5655,0.002976,172.31.40.0-255,66,115742,78,193553
5656,0.002993,172.31.40.0-255,66,115808,78,193553
5657,0.003026,172.31.40.0-255,66,115874,78,193553
5658,0.003046,172.217.194.0-255,3602,119476,78,193553
5659,0.003049,172.31.40.0-255,66,119542,78,193553
5660,0.00308,172.217.194.0-255,1484,121026,78,193553
5661,0.003084,172.217.194.0-255,1484,122510,78,193553
5662,0.003086,172.31.40.0-255,66,122576,78,193553
5663,0.003101,172.217.194.0-255,1484,124060,78,193553
5664,0.003111,172.217.194.0-255,5738,129798,78,193553
5665,0.003115,172.31.40.0-255,66,129864,78,193553
5666,0.003121,172.217.194.0-255,5738,135602,78,193553
5667,0.003123,172.31.40.0-255,66,135668,78,193553
5668,0.003158,172.217.194.0-255,1484,137152,78,193553
5669,0.003173,172.31.40.0-255,66,137218,78,193553
5670,0.003177,172.217.194.0-255,2184,139402,78,193553
5671,0.003179,172.31.40.0-255,66,139468,78,193553
5672,0.003259,172.31.40.0-255,66,139534,78,193553
5673,0.003275,172.31.40.0-255,66,139600,78,193553
5674,0.003277,172.217.194.0-255,766,140366,78,193553
5675,0.003301,172.217.194.0-255,1484,141850,78,193553
5676,0.003303,172.31.40.0-255,66,141916,78,193553
5677,0.003322,172.217.194.0-255,2902,144818,78,193553
5678,0.003325,172.31.40.0-255,66,144884,78,193553
5679,0.003327,172.217.194.0-255,1484,146368,78,193553
5680,0.003351,172.217.194.0-255,4320,150688,78,193553
5681,0.003353,172.31.40.0-255,66,150754,78,193553
5682,0.003364,172.31.40.0-255,66,150820,78,193553
5683,0.003403,172.217.194.0-255,2902,153722,78,193553
5684,0.003405,172.31.40.0-255,66,153788,78,193553
5685,0.003407,172.217.194.0-255,1484,155272,78,193553
5686,0.003423,172.31.40.0-255,66,155338,78,193553
5687,0.003457,172.217.194.0-255,1484,156822,78,193553
5688,0.003462,172.217.194.0-255,2902,159724,78,193553
5689,0.003464,172.31.40.0-255,66,159790,78,193553
5690,0.00348,172.217.194.0-255,1484,161274,78,193553
5691,0.003504,172.217.194.0-255,4320,165594,78,193553
5692,0.003506,172.31.40.0-255,66,165660,78,193553
5693,0.003512,172.217.194.0-255,5738,171398,78,193553
5694,0.003514,172.31.40.0-255,66,171464,78,193553
5695,0.003539,172.217.194.0-255,7156,178620,78,193553
5696,0.003541,172.31.40.0-255,66,178686,78,193553
5697,0.003558,172.31.40.0-255,66,178752,78,193553
5698,0.003581,172.217.194.0-255,3602,182354,78,193553
5699,0.003587,172.31.40.0-255,66,182420,78,193553
5700,0.003626,172.31.40.0-255,66,182486,78,193553
5701,0.003646,172.217.194.0-255,7156,189642,78,193553
5702,0.003649,172.31.40.0-255,66,189708,78,193553
5703,0.003675,172.31.40.0-255,66,189774,78,193553
5704,0.00369,172.31.40.0-255,66,189840,78,193553
5705,0.003696,172.217.194.0-255,3025,192865,78,193553
5706,0.003698,172.31.40.0-255,66,192931,78,193553
5707,0.0037,172.217.194.0-255,97,193028,78,193553
5708,0.003775,172.217.194.0-255,105,193133,78,193553
5709,0.011711,172.31.40.0-255,66,193199,78,193553
5710,0.01176,172.31.40.0-255,105,193304,78,193553
5711,0.012583,172.217.194.0-255,105,193409,78,193553
5712,0.012595,172.31.40.0-255,78,193487,78,193553
5713,0.013813,172.217.194.0-255,66,193553,78,193553
5714,0.0,74.125.200.0-255,146,146,78,328689
5715,1.8e-05,172.31.40.0-255,66,212,78,328689
5716,2.5e-05,74.125.200.0-255,1484,1696,78,328689
5717,3.1e-05,172.31.40.0-255,66,1762,78,328689
5718,3.7e-05,74.125.200.0-255,2902,4664,78,328689
5719,4e-05,172.31.40.0-255,66,4730,78,328689
5720,7.2e-05,74.125.200.0-255,5738,10468,78,328689
5721,7.6e-05,172.31.40.0-255,66,10534,78,328689
5722,8e-05,74.125.200.0-255,2902,13436,78,328689
5723,8.2e-05,172.31.40.0-255,66,13502,78,328689
5724,8.6e-05,74.125.200.0-255,739,14241,78,328689
5725,8.8e-05,172.31.40.0-255,66,14307,78,328689
5726,0.000182,74.125.200.0-255,1484,15791,78,328689
5727,0.000187,172.31.40.0-255,66,15857,78,328689
5728,0.000192,74.125.200.0-255,2902,18759,78,328689
5729,0.000194,172.31.40.0-255,66,18825,78,328689
5730,0.000223,74.125.200.0-255,5738,24563,78,328689
5731,0.000226,172.31.40.0-255,66,24629,78,328689
5732,0.000234,74.125.200.0-255,6797,31426,78,328689
5733,0.000236,172.31.40.0-255,66,31492,78,328689
5734,0.000271,74.125.200.0-255,2902,34394,78,328689
5735,0.000274,172.31.40.0-255,66,34460,78,328689
5736,0.00029,74.125.200.0-255,1484,35944,78,328689
5737,0.000293,172.31.40.0-255,66,36010,78,328689
5738,0.000311,74.125.200.0-255,2902,38912,78,328689
5739,0.000314,172.31.40.0-255,66,38978,78,328689
5740,0.000325,172.31.40.0-255,66,39044,78,328689
5741,0.000327,74.125.200.0-255,1125,40169,78,328689
5742,0.000329,172.31.40.0-255,66,40235,78,328689
5743,0.000355,74.125.200.0-255,1484,41719,78,328689
5744,0.000357,172.31.40.0-255,66,41785,78,328689
5745,0.000382,74.125.200.0-255,2902,44687,78,328689
5746,0.000385,172.31.40.0-255,66,44753,78,328689
5747,0.000392,74.125.200.0-255,5738,50491,78,328689
5748,0.000394,172.31.40.0-255,66,50557,78,328689
5749,0.00042,74.125.200.0-255,5738,56295,78,328689
5750,0.000423,172.31.40.0-255,66,56361,78,328689
5751,0.000439,74.125.200.0-255,1125,57486,78,328689
5752,0.000442,172.31.40.0-255,66,57552,78,328689
5753,0.000458,74.125.200.0-255,646,58198,78,328689
5754,0.000461,172.31.40.0-255,66,58264,78,328689
5755,0.000569,74.125.200.0-255,1484,59748,78,328689
5756,0.000573,172.31.40.0-255,66,59814,78,328689
5757,0.000577,74.125.200.0-255,1484,61298,78,328689
5758,0.000579,172.31.40.0-255,66,61364,78,328689
5759,0.000594,74.125.200.0-255,1484,62848,78,328689
5760,0.000597,172.31.40.0-255,66,62914,78,328689
5761,0.000603,74.125.200.0-255,5738,68652,78,328689
5762,0.000606,172.31.40.0-255,66,68718,78,328689
5763,0.000636,74.125.200.0-255,6797,75515,78,328689
5764,0.000639,172.31.40.0-255,66,75581,78,328689
5765,0.000647,74.125.200.0-255,7156,82737,78,328689
5766,0.000649,172.31.40.0-255,66,82803,78,328689
5767,0.000684,172.31.40.0-255,66,82869,78,328689
5768,0.00083,74.125.200.0-255,1484,84353,78,328689
5769,0.000834,172.31.40.0-255,66,84419,78,328689
5770,0.000839,74.125.200.0-255,2902,87321,78,328689
5771,0.000842,172.31.40.0-255,66,87387,78,328689
5772,0.000863,74.125.200.0-255,1484,88871,78,328689
5773,0.000866,172.31.40.0-255,66,88937,78,328689
5774,0.00087,74.125.200.0-255,1484,90421,78,328689
5775,0.000872,172.31.40.0-255,66,90487,78,328689
5776,0.000884,74.125.200.0-255,1484,91971,78,328689
5777,0.000886,172.31.40.0-255,66,92037,78,328689
5778,0.000892,74.125.200.0-255,5738,97775,78,328689
5779,0.000895,172.31.40.0-255,66,97841,78,328689
5780,0.000916,74.125.200.0-255,2902,100743,78,328689
5781,0.000918,172.31.40.0-255,66,100809,78,328689
5782,0.000947,172.31.40.0-255,66,100875,78,328689
5783,0.000966,74.125.200.0-255,1484,102359,78,328689
5784,0.000986,74.125.200.0-255,5889,108248,78,328689
5785,0.001004,172.31.40.0-255,66,108314,78,328689
5786,0.001043,74.125.200.0-255,4320,112634,78,328689
5787,0.001083,172.31.40.0-255,66,112700,78,328689
5788,0.001104,74.125.200.0-255,5738,118438,78,328689
5789,0.001126,74.125.200.0-255,2184,120622,78,328689
5790,0.001141,172.31.40.0-255,66,120688,78,328689
5791,0.001194,74.125.200.0-255,1484,122172,78,328689
5792,0.001209,74.125.200.0-255,2902,125074,78,328689
5793,0.001215,74.125.200.0-255,4320,129394,78,328689
5794,0.001232,172.31.40.0-255,66,129460,78,328689
5795,0.001236,74.125.200.0-255,1484,130944,78,328689
5796,0.001242,74.125.200.0-255,7156,138100,78,328689
5797,0.001248,172.31.40.0-255,66,138166,78,328689
5798,0.001267,74.125.200.0-255,4320,142486,78,328689
5799,0.001296,74.125.200.0-255,2184,144670,78,328689
5800,0.001308,172.31.40.0-255,66,144736,78,328689
5801,0.001349,74.125.200.0-255,1484,146220,78,328689
5802,0.001362,74.125.200.0-255,2902,149122,78,328689
5803,0.001379,74.125.200.0-255,2902,152024,78,328689
5804,0.001382,172.31.40.0-255,66,152090,78,328689
5805,0.001387,172.31.40.0-255,66,152156,78,328689
5806,0.001401,74.125.200.0-255,2902,155058,78,328689
5807,0.001408,74.125.200.0-255,7156,162214,78,328689
5808,0.001423,172.31.40.0-255,66,162280,78,328689
5809,0.001451,74.125.200.0-255,5738,168018,78,328689
5810,0.001469,172.31.40.0-255,66,168084,78,328689
5811,0.001495,74.125.200.0-255,2184,170268,78,328689
5812,0.00151,172.31.40.0-255,66,170334,78,328689
5813,0.001726,74.125.200.0-255,1484,171818,78,328689
5814,0.001741,74.125.200.0-255,2902,174720,78,328689
5815,0.001747,172.31.40.0-255,66,174786,78,328689
5816,0.001772,74.125.200.0-255,5738,180524,78,328689
5817,0.001783,172.31.40.0-255,66,180590,78,328689
5818,0.001795,74.125.200.0-255,5738,186328,78,328689
5819,0.0018,172.31.40.0-255,66,186394,78,328689
5820,0.001823,74.125.200.0-255,7156,193550,78,328689
5821,0.00184,74.125.200.0-255,2902,196452,78,328689
5822,0.001842,172.31.40.0-255,66,196518,78,328689
5823,0.001847,172.31.40.0-255,66,196584,78,328689
5824,0.001884,172.31.40.0-255,66,196650,78,328689
5825,0.002009,74.125.200.0-255,1484,198134,78,328689
5826,0.002023,74.125.200.0-255,1484,199618,78,328689
5827,0.002026,172.31.40.0-255,66,199684,78,328689
5828,0.003884,74.125.200.0-255,2902,202586,78,328689
5829,0.003892,172.31.40.0-255,66,202652,78,328689
5830,0.004016,74.125.200.0-255,2902,205554,78,328689
5831,0.004021,172.31.40.0-255,66,205620,78,328689
5832,0.005897,74.125.200.0-255,2902,208522,78,328689
5833,0.005903,172.31.40.0-255,66,208588,78,328689
5834,0.006009,74.125.200.0-255,2902,211490,78,328689
5835,0.006011,172.31.40.0-255,66,211556,78,328689
5836,0.007889,74.125.200.0-255,2902,214458,78,328689
5837,0.007893,172.31.40.0-255,66,214524,78,328689
5838,0.007998,74.125.200.0-255,2902,217426,78,328689
5839,0.008,172.31.40.0-255,66,217492,78,328689
5840,0.00989,74.125.200.0-255,2902,220394,78,328689
5841,0.009899,172.31.40.0-255,66,220460,78,328689
5842,0.009989,74.125.200.0-255,2902,223362,78,328689
5843,0.009992,172.31.40.0-255,66,223428,78,328689
5844,0.011913,74.125.200.0-255,2902,226330,78,328689
5845,0.011927,172.31.40.0-255,66,226396,78,328689
5846,0.011967,74.125.200.0-255,1484,227880,78,328689
5847,0.01197,172.31.40.0-255,66,227946,78,328689
5848,0.011986,74.125.200.0-255,1484,229430,78,328689
5849,0.011988,172.31.40.0-255,66,229496,78,328689
5850,0.013944,74.125.200.0-255,2902,232398,78,328689
5851,0.01397,172.31.40.0-255,66,232464,78,328689
5852,0.01399,74.125.200.0-255,2902,235366,78,328689
5853,0.013993,172.31.40.0-255,66,235432,78,328689
5854,0.015976,74.125.200.0-255,5738,241170,78,328689
5855,0.015989,172.31.40.0-255,66,241236,78,328689
5856,0.017996,74.125.200.0-255,5738,246974,78,328689
5857,0.01801,172.31.40.0-255,66,247040,78,328689
5858,0.020043,74.125.200.0-255,5738,252778,78,328689
5859,0.020051,172.31.40.0-255,66,252844,78,328689
5860,0.022052,74.125.200.0-255,5738,258582,78,328689
5861,0.025976,172.31.40.0-255,66,258648,78,328689
5862,0.027984,74.125.200.0-255,5738,264386,78,328689
5863,0.027994,172.31.40.0-255,66,264452,78,328689
5864,0.030005,74.125.200.0-255,5738,270190,78,328689
5865,0.030011,172.31.40.0-255,66,270256,78,328689
5866,0.032039,74.125.200.0-255,5738,275994,78,328689
5867,0.032055,172.31.40.0-255,66,276060,78,328689
5868,0.034062,74.125.200.0-255,5738,281798,78,328689
5869,0.034074,172.31.40.0-255,66,281864,78,328689
5870,0.036074,74.125.200.0-255,5738,287602,78,328689
5871,0.036082,172.31.40.0-255,66,287668,78,328689
5872,0.038121,74.125.200.0-255,5738,293406,78,328689
5873,0.038138,172.31.40.0-255,66,293472,78,328689
5874,0.040147,74.125.200.0-255,5738,299210,78,328689
5875,0.040156,172.31.40.0-255,66,299276,78,328689
5876,0.04217,74.125.200.0-255,5738,305014,78,328689
5877,0.042184,172.31.40.0-255,66,305080,78,328689
5878,0.044114,172.31.40.0-255,167,305247,78,328689
5879,0.044258,74.125.200.0-255,5738,310985,78,328689
5880,0.044264,172.31.40.0-255,66,311051,78,328689
5881,0.044269,172.31.40.0-255,1109,312160,78,328689
5882,0.04434,172.31.40.0-255,1514,313674,78,328689
5883,0.044342,172.31.40.0-255,1514,315188,78,328689
5884,0.044343,172.31.40.0-255,1514,316702,78,328689
5885,0.044344,172.31.40.0-255,115,316817,78,328689
5886,0.045658,104.244.42.0-255,66,316883,78,328689
5887,0.045842,104.244.42.0-255,66,316949,78,328689
5888,0.045894,104.244.42.0-255,66,317015,78,328689
5889,0.045897,104.244.42.0-255,66,317081,78,328689
5890,0.046254,74.125.200.0-255,5738,322819,78,328689
5891,0.046261,172.31.40.0-255,66,322885,78,328689
5892,0.048271,74.125.200.0-255,5738,328623,78,328689
5893,0.048282,172.31.40.0-255,66,328689,78,328689
5894,0.0,172.31.40.0-255,105,105,78,276
5895,0.001755,157.240.24.0-255,105,210,78,276
5896,0.001769,172.31.40.0-255,66,276,78,276
5897,0.0,74.125.68.0-255,150,150,78,341195
5898,2e-05,172.31.40.0-255,66,216,78,341195
5899,2.7e-05,74.125.68.0-255,1484,1700,78,341195
5900,3.2e-05,172.31.40.0-255,66,1766,78,341195
5901,3.8e-05,74.125.68.0-255,2902,4668,78,341195
5902,4.2e-05,172.31.40.0-255,66,4734,78,341195
5903,9.2e-05,74.125.68.0-255,7156,11890,78,341195
5904,9.6e-05,172.31.40.0-255,66,11956,78,341195
5905,0.000102,74.125.68.0-255,4320,16276,78,341195
5906,0.000105,172.31.40.0-255,66,16342,78,341195
5907,0.000123,74.125.68.0-255,3411,19753,78,341195
5908,0.000126,172.31.40.0-255,66,19819,78,341195
5909,0.000133,74.125.68.0-255,5738,25557,78,341195
5910,0.000136,172.31.40.0-255,66,25623,78,341195
5911,0.00018,74.125.68.0-255,5379,31002,78,341195
5912,0.000184,172.31.40.0-255,66,31068,78,341195
5913,0.000217,74.125.68.0-255,1484,32552,78,341195
5914,0.00022,172.31.40.0-255,66,32618,78,341195
5915,0.000242,74.125.68.0-255,2902,35520,78,341195
5916,0.000245,172.31.40.0-255,66,35586,78,341195
5917,0.000251,74.125.68.0-255,4320,39906,78,341195
5918,0.000254,172.31.40.0-255,66,39972,78,341195
5919,0.000282,74.125.68.0-255,1484,41456,78,341195
5920,0.000285,172.31.40.0-255,66,41522,78,341195
5921,0.000298,172.31.40.0-255,66,41588,78,341195
5922,0.000309,172.31.40.0-255,66,41654,78,341195
5923,0.000332,74.125.68.0-255,1484,43138,78,341195
5924,0.000335,172.31.40.0-255,66,43204,78,341195
5925,0.000342,74.125.68.0-255,5020,48224,78,341195
5926,0.000345,172.31.40.0-255,66,48290,78,341195
5927,0.000347,74.125.68.0-255,443,48733,78,341195
5928,0.0005,74.125.68.0-255,1484,50217,78,341195
5929,0.000507,172.31.40.0-255,66,50283,78,341195
5930,0.000513,74.125.68.0-255,2902,53185,78,341195
5931,0.000516,172.31.40.0-255,66,53251,78,341195
5932,0.000535,74.125.68.0-255,4320,57571,78,341195
5933,0.000538,172.31.40.0-255,66,57637,78,341195
5934,0.000565,74.125.68.0-255,5738,63375,78,341195
5935,0.000568,172.31.40.0-255,66,63441,78,341195
5936,0.000606,172.31.40.0-255,66,63507,78,341195
5937,0.000609,74.125.68.0-255,1484,64991,78,341195
5938,0.00064,172.31.40.0-255,66,65057,78,341195
5939,0.000643,74.125.68.0-255,766,65823,78,341195
5940,0.001061,74.125.68.0-255,1484,67307,78,341195
5941,0.001068,172.31.40.0-255,66,67373,78,341195
5942,0.001075,74.125.68.0-255,2902,70275,78,341195
5943,0.001078,172.31.40.0-255,66,70341,78,341195
5944,0.001081,74.125.68.0-255,1484,71825,78,341195
5945,0.001108,74.125.68.0-255,5738,77563,78,341195
5946,0.001111,172.31.40.0-255,66,77629,78,341195
5947,0.00116,74.125.68.0-255,7156,84785,78,341195
5948,0.001163,172.31.40.0-255,66,84851,78,341195
5949,0.001184,74.125.68.0-255,4320,89171,78,341195
5950,0.001186,172.31.40.0-255,66,89237,78,341195
5951,0.001189,74.125.68.0-255,1484,90721,78,341195
5952,0.001204,74.125.68.0-255,2902,93623,78,341195
5953,0.001207,172.31.40.0-255,66,93689,78,341195
5954,0.001229,74.125.68.0-255,5738,99427,78,341195
5955,0.001232,172.31.40.0-255,66,99493,78,341195
5956,0.001234,74.125.68.0-255,766,100259,78,341195
5957,0.001344,74.125.68.0-255,1484,101743,78,341195
5958,0.001349,172.31.40.0-255,66,101809,78,341195
5959,0.001367,74.125.68.0-255,2902,104711,78,341195
5960,0.00137,172.31.40.0-255,66,104777,78,341195
5961,0.001389,74.125.68.0-255,2902,107679,78,341195
5962,0.001391,172.31.40.0-255,66,107745,78,341195
5963,0.001412,74.125.68.0-255,2902,110647,78,341195
5964,0.001416,172.31.40.0-255,66,110713,78,341195
5965,0.001422,74.125.68.0-255,4320,115033,78,341195
5966,0.001424,172.31.40.0-255,66,115099,78,341195
5967,0.001436,74.125.68.0-255,2902,118001,78,341195
5968,0.001439,172.31.40.0-255,66,118067,78,341195
5969,0.001447,74.125.68.0-255,5738,123805,78,341195
5970,0.001449,172.31.40.0-255,66,123871,78,341195
5971,0.001471,74.125.68.0-255,2902,126773,78,341195
5972,0.001474,172.31.40.0-255,66,126839,78,341195
5973,0.001526,74.125.68.0-255,4320,131159,78,341195
5974,0.001531,172.31.40.0-255,66,131225,78,341195
5975,0.001552,74.125.68.0-255,3602,134827,78,341195
5976,0.001557,172.31.40.0-255,66,134893,78,341195
5977,0.001758,74.125.68.0-255,1484,136377,78,341195
5978,0.001762,74.125.68.0-255,1484,137861,78,341195
5979,0.001765,172.31.40.0-255,66,137927,78,341195
5980,0.001784,74.125.68.0-255,1484,139411,78,341195
5981,0.001791,74.125.68.0-255,5738,145149,78,341195
5982,0.001793,172.31.40.0-255,66,145215,78,341195
5983,0.001796,74.125.68.0-255,1484,146699,78,341195
5984,0.001819,74.125.68.0-255,2902,149601,78,341195
5985,0.001822,172.31.40.0-255,66,149667,78,341195
5986,0.001829,74.125.68.0-255,5738,155405,78,341195
5987,0.001831,172.31.40.0-255,66,155471,78,341195
5988,0.001866,74.125.68.0-255,5738,161209,78,341195
5989,0.00187,172.31.40.0-255,66,161275,78,341195
5990,0.001889,74.125.68.0-255,2902,164177,78,341195
5991,0.001891,172.31.40.0-255,66,164243,78,341195
5992,0.001894,74.125.68.0-255,1484,165727,78,341195
5993,0.001913,74.125.68.0-255,3602,169329,78,341195
5994,0.001916,172.31.40.0-255,66,169395,78,341195
5995,0.002095,74.125.68.0-255,1484,170879,78,341195
5996,0.002116,74.125.68.0-255,2902,173781,78,341195
5997,0.002119,172.31.40.0-255,66,173847,78,341195
5998,0.002124,74.125.68.0-255,2902,176749,78,341195
5999,0.002126,172.31.40.0-255,66,176815,78,341195
6000,0.002143,74.125.68.0-255,2902,179717,78,341195
6001,0.002145,172.31.40.0-255,66,179783,78,341195
6002,0.002167,74.125.68.0-255,7156,186939,78,341195
6003,0.00217,172.31.40.0-255,66,187005,78,341195
6004,0.002173,74.125.68.0-255,1484,188489,78,341195
6005,0.002196,74.125.68.0-255,7156,195645,78,341195
6006,0.002199,172.31.40.0-255,66,195711,78,341195
6007,0.002205,74.125.68.0-255,4320,200031,78,341195
6008,0.002207,172.31.40.0-255,66,200097,78,341195
6009,0.00223,74.125.68.0-255,3602,203699,78,341195
6010,0.002233,172.31.40.0-255,66,203765,78,341195
6011,0.00225,74.125.68.0-255,2902,206667,78,341195
6012,0.002252,172.31.40.0-255,66,206733,78,341195
6013,0.002274,74.125.68.0-255,1484,208217,78,341195
6014,0.002281,74.125.68.0-255,5738,213955,78,341195
6015,0.002284,172.31.40.0-255,66,214021,78,341195
6016,0.00231,74.125.68.0-255,2902,216923,78,341195
6017,0.002313,172.31.40.0-255,66,216989,78,341195
6018,0.00234,74.125.68.0-255,7156,224145,78,341195
6019,0.002343,172.31.40.0-255,66,224211,78,341195
6020,0.002349,74.125.68.0-255,5738,229949,78,341195
6021,0.002351,172.31.40.0-255,66,230015,78,341195
6022,0.002376,74.125.68.0-255,5738,235753,78,341195
6023,0.00238,74.125.68.0-255,2184,237937,78,341195
6024,0.002384,172.31.40.0-255,66,238003,78,341195
6025,0.002387,172.31.40.0-255,66,238069,78,341195
6026,0.002412,74.125.68.0-255,1484,239553,78,341195
6027,0.002436,172.31.40.0-255,66,239619,78,341195
6028,0.002503,172.31.40.0-255,66,239685,78,341195
6029,0.002506,74.125.68.0-255,766,240451,78,341195
6030,0.002522,74.125.68.0-255,1484,241935,78,341195
6031,0.002524,172.31.40.0-255,66,242001,78,341195
6032,0.002546,74.125.68.0-255,2902,244903,78,341195
6033,0.002549,172.31.40.0-255,66,244969,78,341195
6034,0.002555,74.125.68.0-255,5738,250707,78,341195
6035,0.002558,172.31.40.0-255,66,250773,78,341195
6036,0.002561,74.125.68.0-255,2902,253675,78,341195
6037,0.002564,172.31.40.0-255,66,253741,78,341195
6038,0.00509,74.125.68.0-255,5738,259479,78,341195
6039,0.005097,172.31.40.0-255,66,259545,78,341195
6040,0.007639,74.125.68.0-255,5738,265283,78,341195
6041,0.007645,172.31.40.0-255,66,265349,78,341195
6042,0.010181,74.125.68.0-255,5738,271087,78,341195
6043,0.010188,172.31.40.0-255,66,271153,78,341195
6044,0.012732,74.125.68.0-255,5738,276891,78,341195
6045,0.012742,172.31.40.0-255,66,276957,78,341195
6046,0.01528,74.125.68.0-255,5738,282695,78,341195
6047,0.015289,172.31.40.0-255,66,282761,78,341195
6048,0.017831,74.125.68.0-255,5738,288499,78,341195
6049,0.01784,172.31.40.0-255,66,288565,78,341195
6050,0.020405,74.125.68.0-255,5738,294303,78,341195
6051,0.020414,172.31.40.0-255,66,294369,78,341195
6052,0.022954,74.125.68.0-255,5738,300107,78,341195
6053,0.022963,172.31.40.0-255,66,300173,78,341195
6054,0.025506,74.125.68.0-255,5738,305911,78,341195
6055,0.025513,172.31.40.0-255,66,305977,78,341195
6056,0.028052,74.125.68.0-255,5738,311715,78,341195
6057,0.02806,172.31.40.0-255,66,311781,78,341195
6058,0.030468,172.31.40.0-255,172,311953,78,341195
6059,0.030501,172.31.40.0-255,1108,313061,78,341195
6060,0.030562,172.31.40.0-255,1514,314575,78,341195
6061,0.030564,172.31.40.0-255,1301,315876,78,341195
6062,0.030594,74.125.68.0-255,5738,321614,78,341195
6063,0.030599,172.31.40.0-255,66,321680,78,341195
6064,0.032008,104.244.42.0-255,66,321746,78,341195
6065,0.032031,104.244.42.0-255,66,321812,78,341195
6066,0.032103,104.244.42.0-255,66,321878,78,341195
6067,0.033149,74.125.68.0-255,5738,327616,78,341195
6068,0.033153,172.31.40.0-255,66,327682,78,341195
6069,0.035722,74.125.68.0-255,5738,333420,78,341195
6070,0.035728,172.31.40.0-255,66,333486,78,341195
6071,0.038277,74.125.68.0-255,5738,339224,78,341195
6072,0.038284,172.31.40.0-255,66,339290,78,341195
6073,0.040827,74.125.68.0-255,1668,340958,78,341195
6074,0.040836,172.31.40.0-255,66,341024,78,341195
6075,0.040982,172.31.40.0-255,105,341129,78,341195
6076,0.043478,74.125.68.0-255,66,341195,78,341195
6077,0.0,74.125.24.0-255,296,296,78,289509
6078,1.4e-05,172.31.40.0-255,66,362,78,289509
6079,2.1e-05,74.125.24.0-255,1484,1846,78,289509
6080,2.5e-05,172.31.40.0-255,66,1912,78,289509
6081,2.8e-05,74.125.24.0-255,1484,3396,78,289509
6082,3.9e-05,172.31.40.0-255,66,3462,78,289509
6083,7.4e-05,74.125.24.0-255,1484,4946,78,289509
6084,7.8e-05,172.31.40.0-255,66,5012,78,289509
6085,8.5e-05,74.125.24.0-255,5738,10750,78,289509
6086,8.8e-05,172.31.40.0-255,66,10816,78,289509
6087,0.000107,172.31.40.0-255,66,10882,78,289509
6088,0.000114,74.125.24.0-255,6797,17679,78,289509
6089,0.000116,172.31.40.0-255,66,17745,78,289509
6090,0.000142,74.125.24.0-255,1484,19229,78,289509
6091,0.000144,172.31.40.0-255,66,19295,78,289509
6092,0.000153,74.125.24.0-255,2902,22197,78,289509
6093,0.000155,172.31.40.0-255,66,22263,78,289509
6094,0.000161,74.125.24.0-255,5738,28001,78,289509
6095,0.000164,172.31.40.0-255,66,28067,78,289509
6096,0.000197,74.125.24.0-255,6797,34864,78,289509
6097,0.0002,172.31.40.0-255,66,34930,78,289509
6098,0.000671,74.125.24.0-255,1484,36414,78,289509
6099,0.000677,172.31.40.0-255,66,36480,78,289509
6100,0.000683,74.125.24.0-255,2902,39382,78,289509
6101,0.000685,172.31.40.0-255,66,39448,78,289509
6102,0.000691,74.125.24.0-255,5738,45186,78,289509
6103,0.000699,172.31.40.0-255,66,45252,78,289509
6104,0.000704,74.125.24.0-255,4320,49572,78,289509
6105,0.000706,172.31.40.0-255,66,49638,78,289509
6106,0.000746,74.125.24.0-255,2543,52181,78,289509
6107,0.00075,172.31.40.0-255,66,52247,78,289509
6108,0.000796,74.125.24.0-255,1484,53731,78,289509
6109,0.000808,74.125.24.0-255,1484,55215,78,289509
6110,0.000811,172.31.40.0-255,66,55281,78,289509
6111,0.000837,74.125.24.0-255,4320,59601,78,289509
6112,0.000841,74.125.24.0-255,2902,62503,78,289509
6113,0.000845,172.31.40.0-255,66,62569,78,289509
6114,0.000849,172.31.40.0-255,66,62635,78,289509
6115,0.000863,74.125.24.0-255,5738,68373,78,289509
6116,0.000865,172.31.40.0-255,66,68439,78,289509
6117,0.000868,74.125.24.0-255,1125,69564,78,289509
6118,0.0009,74.125.24.0-255,5738,75302,78,289509
6119,0.000903,172.31.40.0-255,66,75368,78,289509
6120,0.000928,74.125.24.0-255,5738,81106,78,289509
6121,0.000931,172.31.40.0-255,66,81172,78,289509
6122,0.000938,74.125.24.0-255,5738,86910,78,289509
6123,0.000941,172.31.40.0-255,66,86976,78,289509
6124,0.000943,74.125.24.0-255,287,87263,78,289509
6125,0.000972,74.125.24.0-255,1484,88747,78,289509
6126,0.000975,172.31.40.0-255,66,88813,78,289509
6127,0.000981,74.125.24.0-255,4320,93133,78,289509
6128,0.000984,172.31.40.0-255,66,93199,78,289509
6129,0.000995,74.125.24.0-255,7156,100355,78,289509
6130,0.000998,172.31.40.0-255,66,100421,78,289509
6131,0.001024,74.125.24.0-255,1484,101905,78,289509
6132,0.001029,74.125.24.0-255,1879,103784,78,289509
6133,0.001032,172.31.40.0-255,66,103850,78,289509
6134,0.001064,74.125.24.0-255,1484,105334,78,289509
6135,0.001077,74.125.24.0-255,2902,108236,78,289509
6136,0.00108,172.31.40.0-255,66,108302,78,289509
6137,0.001084,74.125.24.0-255,1484,109786,78,289509
6138,0.001107,74.125.24.0-255,4320,114106,78,289509
6139,0.001109,172.31.40.0-255,66,114172,78,289509
6140,0.001114,74.125.24.0-255,2902,117074,78,289509
6141,0.001116,172.31.40.0-255,66,117140,78,289509
6142,0.001142,74.125.24.0-255,4656,121796,78,289509
6143,0.001148,172.31.40.0-255,66,121862,78,289509
6144,0.001179,74.125.24.0-255,1484,123346,78,289509
6145,0.001192,74.125.24.0-255,2902,126248,78,289509
6146,0.001194,172.31.40.0-255,66,126314,78,289509
6147,0.001198,74.125.24.0-255,1484,127798,78,289509
6148,0.001221,74.125.24.0-255,4320,132118,78,289509
6149,0.001224,172.31.40.0-255,66,132184,78,289509
6150,0.001229,74.125.24.0-255,4320,136504,78,289509
6151,0.001232,172.31.40.0-255,66,136570,78,289509
6152,0.001237,74.125.24.0-255,4320,140890,78,289509
6153,0.001244,172.31.40.0-255,66,140956,78,289509
6154,0.001276,74.125.24.0-255,7156,148112,78,289509
6155,0.001294,172.31.40.0-255,66,148178,78,289509
6156,0.001297,172.31.40.0-255,66,148244,78,289509
6157,0.002229,74.125.24.0-255,1484,149728,78,289509
6158,0.002235,74.125.24.0-255,2902,152630,78,289509
6159,0.002239,172.31.40.0-255,66,152696,78,289509
6160,0.002243,74.125.24.0-255,1484,154180,78,289509
6161,0.002266,74.125.24.0-255,4320,158500,78,289509
6162,0.00227,74.125.24.0-255,2902,161402,78,289509
6163,0.002274,172.31.40.0-255,66,161468,78,289509
6164,0.002277,172.31.40.0-255,66,161534,78,289509
6165,0.002317,172.31.40.0-255,66,161600,78,289509
6166,0.002361,172.31.40.0-255,66,161666,78,289509
6167,0.002483,74.125.24.0-255,1484,163150,78,289509
6168,0.002489,74.125.24.0-255,2902,166052,78,289509
6169,0.002492,172.31.40.0-255,66,166118,78,289509
6170,0.002525,74.125.24.0-255,5738,171856,78,289509
6171,0.002528,172.31.40.0-255,66,171922,78,289509
6172,0.002533,74.125.24.0-255,2902,174824,78,289509
6173,0.002535,172.31.40.0-255,66,174890,78,289509
6174,0.002565,172.31.40.0-255,66,174956,78,289509
6175,0.002587,74.125.24.0-255,2902,177858,78,289509
6176,0.00259,172.31.40.0-255,66,177924,78,289509
6177,0.002623,172.31.40.0-255,66,177990,78,289509
6178,0.005254,74.125.24.0-255,5738,183728,78,289509
6179,0.005261,172.31.40.0-255,66,183794,78,289509
6180,0.00788,74.125.24.0-255,5738,189532,78,289509
6181,0.007887,172.31.40.0-255,66,189598,78,289509
6182,0.010482,74.125.24.0-255,5738,195336,78,289509
6183,0.01049,172.31.40.0-255,66,195402,78,289509
6184,0.013107,74.125.24.0-255,5738,201140,78,289509
6185,0.013122,172.31.40.0-255,66,201206,78,289509
6186,0.015722,74.125.24.0-255,5738,206944,78,289509
6187,0.015733,172.31.40.0-255,66,207010,78,289509
6188,0.018327,74.125.24.0-255,5738,212748,78,289509
6189,0.018334,172.31.40.0-255,66,212814,78,289509
6190,0.020954,74.125.24.0-255,5738,218552,78,289509
6191,0.020961,172.31.40.0-255,66,218618,78,289509
6192,0.023572,74.125.24.0-255,5738,224356,78,289509
6193,0.023579,172.31.40.0-255,66,224422,78,289509
6194,0.026161,74.125.24.0-255,5738,230160,78,289509
6195,0.026168,172.31.40.0-255,66,230226,78,289509
6196,0.028775,74.125.24.0-255,5738,235964,78,289509
6197,0.028782,172.31.40.0-255,66,236030,78,289509
6198,0.030722,172.31.40.0-255,172,236202,78,289509
6199,0.030754,172.31.40.0-255,1103,237305,78,289509
6200,0.030835,172.31.40.0-255,1514,238819,78,289509
6201,0.030837,172.31.40.0-255,1514,240333,78,289509
6202,0.030838,172.31.40.0-255,1514,241847,78,289509
6203,0.030839,172.31.40.0-255,966,242813,78,289509
6204,0.031408,74.125.24.0-255,5738,248551,78,289509
6205,0.031415,172.31.40.0-255,66,248617,78,289509
6206,0.032262,104.244.42.0-255,66,248683,78,289509
6207,0.032401,104.244.42.0-255,66,248749,78,289509
6208,0.032405,104.244.42.0-255,66,248815,78,289509
6209,0.032408,104.244.42.0-255,66,248881,78,289509
6210,0.034025,74.125.24.0-255,5738,254619,78,289509
6211,0.034032,172.31.40.0-255,66,254685,78,289509
6212,0.036657,74.125.24.0-255,5738,260423,78,289509
6213,0.036664,172.31.40.0-255,66,260489,78,289509
6214,0.039266,74.125.24.0-255,5738,266227,78,289509
6215,0.039275,172.31.40.0-255,66,266293,78,289509
6216,0.041904,74.125.24.0-255,5738,272031,78,289509
6217,0.041912,172.31.40.0-255,66,272097,78,289509
6218,0.044506,74.125.24.0-255,5738,277835,78,289509
6219,0.044513,172.31.40.0-255,66,277901,78,289509
6220,0.047158,74.125.24.0-255,5738,283639,78,289509
6221,0.047165,172.31.40.0-255,66,283705,78,289509
6222,0.04977,74.125.24.0-255,5738,289443,78,289509
6223,0.049778,172.31.40.0-255,66,289509,78,289509
6224,0.0,74.125.24.0-255,153,153,78,203522
6225,1.5e-05,172.31.40.0-255,66,219,78,203522
6226,2.2e-05,74.125.24.0-255,1484,1703,78,203522
6227,2.7e-05,172.31.40.0-255,66,1769,78,203522
6228,3.2e-05,74.125.24.0-255,2902,4671,78,203522
6229,3.5e-05,172.31.40.0-255,66,4737,78,203522
6230,4.1e-05,74.125.24.0-255,4320,9057,78,203522
6231,4.4e-05,172.31.40.0-255,66,9123,78,203522
6232,6.6e-05,74.125.24.0-255,4866,13989,78,203522
6233,6.9e-05,172.31.40.0-255,66,14055,78,203522
6234,0.000237,74.125.24.0-255,1484,15539,78,203522
6235,0.000241,172.31.40.0-255,66,15605,78,203522
6236,0.000247,74.125.24.0-255,2902,18507,78,203522
6237,0.000249,172.31.40.0-255,66,18573,78,203522
6238,0.000279,74.125.24.0-255,5738,24311,78,203522
6239,0.000282,172.31.40.0-255,66,24377,78,203522
6240,0.00031,172.31.40.0-255,66,24443,78,203522
6241,0.000329,74.125.24.0-255,3961,28404,78,203522
6242,0.000331,172.31.40.0-255,66,28470,78,203522
6243,0.000412,74.125.24.0-255,5738,34208,78,203522
6244,0.000416,172.31.40.0-255,66,34274,78,203522
6245,0.000438,74.125.24.0-255,7156,41430,78,203522
6246,0.00044,172.31.40.0-255,66,41496,78,203522
6247,0.000509,74.125.24.0-255,1484,42980,78,203522
6248,0.000513,172.31.40.0-255,66,43046,78,203522
6249,0.000533,172.31.40.0-255,66,43112,78,203522
6250,0.000614,74.125.24.0-255,377,43489,78,203522
6251,0.000618,172.31.40.0-255,66,43555,78,203522
6252,0.001154,74.125.24.0-255,1484,45039,78,203522
6253,0.001159,172.31.40.0-255,66,45105,78,203522
6254,0.001168,74.125.24.0-255,2902,48007,78,203522
6255,0.00117,172.31.40.0-255,66,48073,78,203522
6256,0.001176,74.125.24.0-255,5738,53811,78,203522
6257,0.001178,172.31.40.0-255,66,53877,78,203522
6258,0.001224,74.125.24.0-255,4320,58197,78,203522
6259,0.001228,172.31.40.0-255,66,58263,78,203522
6260,0.001246,74.125.24.0-255,1994,60257,78,203522
6261,0.001248,172.31.40.0-255,66,60323,78,203522
6262,0.001614,74.125.24.0-255,1484,61807,78,203522
6263,0.001623,74.125.24.0-255,2902,64709,78,203522
6264,0.001627,172.31.40.0-255,66,64775,78,203522
6265,0.001634,74.125.24.0-255,5738,70513,78,203522
6266,0.001636,172.31.40.0-255,66,70579,78,203522
6267,0.00167,74.125.24.0-255,2902,73481,78,203522
6268,0.001673,172.31.40.0-255,66,73547,78,203522
6269,0.001702,172.31.40.0-255,66,73613,78,203522
6270,0.001774,74.125.24.0-255,5738,79351,78,203522
6271,0.001777,172.31.40.0-255,66,79417,78,203522
6272,0.001791,74.125.24.0-255,5020,84437,78,203522
6273,0.001794,172.31.40.0-255,66,84503,78,203522
6274,0.004156,74.125.24.0-255,4320,88823,78,203522
6275,0.004162,172.31.40.0-255,66,88889,78,203522
6276,0.004175,74.125.24.0-255,1484,90373,78,203522
6277,0.006505,74.125.24.0-255,4320,94693,78,203522
6278,0.00651,172.31.40.0-255,66,94759,78,203522
6279,0.00886,74.125.24.0-255,5738,100497,78,203522
6280,0.008867,172.31.40.0-255,66,100563,78,203522
6281,0.011234,74.125.24.0-255,5738,106301,78,203522
6282,0.011243,172.31.40.0-255,66,106367,78,203522
6283,0.013619,74.125.24.0-255,5738,112105,78,203522
6284,0.013631,172.31.40.0-255,66,112171,78,203522
6285,0.016024,74.125.24.0-255,5738,117909,78,203522
6286,0.016034,172.31.40.0-255,66,117975,78,203522
6287,0.018397,74.125.24.0-255,5738,123713,78,203522
6288,0.018405,172.31.40.0-255,66,123779,78,203522
6289,0.020761,74.125.24.0-255,5738,129517,78,203522
6290,0.020768,172.31.40.0-255,66,129583,78,203522
6291,0.023116,74.125.24.0-255,5738,135321,78,203522
6292,0.023123,172.31.40.0-255,66,135387,78,203522
6293,0.025445,74.125.24.0-255,5738,141125,78,203522
6294,0.025454,172.31.40.0-255,66,141191,78,203522
6295,0.027781,74.125.24.0-255,5738,146929,78,203522
6296,0.027789,172.31.40.0-255,66,146995,78,203522
6297,0.029379,172.31.40.0-255,172,147167,78,203522
6298,0.029409,172.31.40.0-255,1108,148275,78,203522
6299,0.029468,172.31.40.0-255,1514,149789,78,203522
6300,0.02947,172.31.40.0-255,1299,151088,78,203522
6301,0.030173,74.125.24.0-255,5738,156826,78,203522
6302,0.03018,172.31.40.0-255,66,156892,78,203522
6303,0.030927,104.244.42.0-255,66,156958,78,203522
6304,0.030987,104.244.42.0-255,66,157024,78,203522
6305,0.031078,104.244.42.0-255,66,157090,78,203522
6306,0.032533,74.125.24.0-255,5738,162828,78,203522
6307,0.03254,172.31.40.0-255,66,162894,78,203522
6308,0.034902,74.125.24.0-255,5738,168632,78,203522
6309,0.034908,172.31.40.0-255,66,168698,78,203522
6310,0.037241,74.125.24.0-255,5738,174436,78,203522
6311,0.037247,172.31.40.0-255,66,174502,78,203522
6312,0.039576,74.125.24.0-255,5738,180240,78,203522
6313,0.039583,172.31.40.0-255,66,180306,78,203522
6314,0.041906,74.125.24.0-255,5738,186044,78,203522
6315,0.041912,172.31.40.0-255,66,186110,78,203522
6316,0.044243,74.125.24.0-255,5738,191848,78,203522
6317,0.044251,172.31.40.0-255,66,191914,78,203522
6318,0.046601,74.125.24.0-255,5738,197652,78,203522
6319,0.046607,172.31.40.0-255,66,197718,78,203522
6320,0.048921,74.125.24.0-255,5738,203456,78,203522
6321,0.048928,172.31.40.0-255,66,203522,78,203522
6322,0.0,172.217.160.0-255,300,300,78,249388
6323,2.2e-05,172.31.40.0-255,66,366,78,249388
6324,2.8e-05,172.217.160.0-255,1484,1850,78,249388
6325,3.2e-05,172.31.40.0-255,66,1916,78,249388
6326,4e-05,172.217.160.0-255,4320,6236,78,249388
6327,4.4e-05,172.31.40.0-255,66,6302,78,249388
6328,5.6e-05,172.31.40.0-255,66,6368,78,249388
6329,7.1e-05,172.31.40.0-255,66,6434,78,249388
6330,7.5e-05,172.217.160.0-255,2543,8977,78,249388
6331,7.8e-05,172.31.40.0-255,66,9043,78,249388
6332,0.000102,172.217.160.0-255,1484,10527,78,249388
6333,0.000104,172.31.40.0-255,66,10593,78,249388
6334,0.000124,172.217.160.0-255,2902,13495,78,249388
6335,0.000127,172.31.40.0-255,66,13561,78,249388
6336,0.000132,172.217.160.0-255,4320,17881,78,249388
6337,0.000134,172.31.40.0-255,66,17947,78,249388
6338,0.000152,172.217.160.0-255,1484,19431,78,249388
6339,0.000154,172.31.40.0-255,66,19497,78,249388
6340,0.000167,172.31.40.0-255,66,19563,78,249388
6341,0.000189,172.217.160.0-255,2543,22106,78,249388
6342,0.000191,172.31.40.0-255,66,22172,78,249388
6343,0.000213,172.31.40.0-255,66,22238,78,249388
6344,0.00023,172.217.160.0-255,334,22572,78,249388
6345,0.000232,172.31.40.0-255,66,22638,78,249388
6346,0.000931,172.217.160.0-255,125,22763,78,249388
6347,0.000937,172.31.40.0-255,66,22829,78,249388
6348,0.001057,172.217.160.0-255,1484,24313,78,249388
6349,0.001062,172.31.40.0-255,66,24379,78,249388
6350,0.001067,172.217.160.0-255,2902,27281,78,249388
6351,0.001069,172.31.40.0-255,66,27347,78,249388
6352,0.001072,172.217.160.0-255,1484,28831,78,249388
6353,0.001097,172.217.160.0-255,4320,33151,78,249388
6354,0.0011,172.31.40.0-255,66,33217,78,249388
6355,0.001103,172.217.160.0-255,1484,34701,78,249388
6356,0.001137,172.217.160.0-255,7156,41857,78,249388
6357,0.001139,172.31.40.0-255,66,41923,78,249388
6358,0.001159,172.217.160.0-255,5379,47302,78,249388
6359,0.001161,172.31.40.0-255,66,47368,78,249388
6360,0.001172,172.31.40.0-255,66,47434,78,249388
6361,0.001518,172.217.160.0-255,1484,48918,78,249388
6362,0.001527,172.217.160.0-255,2902,51820,78,249388
6363,0.001531,172.31.40.0-255,66,51886,78,249388
6364,0.001537,172.217.160.0-255,4320,56206,78,249388
6365,0.00154,172.31.40.0-255,66,56272,78,249388
6366,0.001558,172.217.160.0-255,1484,57756,78,249388
6367,0.001571,172.31.40.0-255,66,57822,78,249388
6368,0.001599,172.217.160.0-255,1484,59306,78,249388
6369,0.001611,172.31.40.0-255,66,59372,78,249388
6370,0.001637,172.217.160.0-255,2902,62274,78,249388
6371,0.00164,172.31.40.0-255,66,62340,78,249388
6372,0.001664,172.217.160.0-255,7156,69496,78,249388
6373,0.001667,172.31.40.0-255,66,69562,78,249388
6374,0.00167,172.217.160.0-255,1484,71046,78,249388
6375,0.001694,172.31.40.0-255,66,71112,78,249388
6376,0.001712,172.217.160.0-255,1484,72596,78,249388
6377,0.001723,172.31.40.0-255,66,72662,78,249388
6378,0.001743,172.217.160.0-255,5020,77682,78,249388
6379,0.001746,172.31.40.0-255,66,77748,78,249388
6380,0.003391,172.217.160.0-255,5738,83486,78,249388
6381,0.003401,172.31.40.0-255,66,83552,78,249388
6382,0.005038,172.217.160.0-255,5738,89290,78,249388
6383,0.005043,172.31.40.0-255,66,89356,78,249388
6384,0.006686,172.217.160.0-255,5738,95094,78,249388
6385,0.006695,172.31.40.0-255,66,95160,78,249388
6386,0.008337,172.217.160.0-255,5738,100898,78,249388
6387,0.008344,172.31.40.0-255,66,100964,78,249388
6388,0.01,172.217.160.0-255,5738,106702,78,249388
6389,0.010006,172.31.40.0-255,66,106768,78,249388
6390,0.011654,172.217.160.0-255,5738,112506,78,249388
6391,0.011661,172.31.40.0-255,66,112572,78,249388
6392,0.013314,172.217.160.0-255,5738,118310,78,249388
6393,0.013321,172.31.40.0-255,66,118376,78,249388
6394,0.014971,172.217.160.0-255,5738,124114,78,249388
6395,0.014978,172.31.40.0-255,66,124180,78,249388
6396,0.016627,172.217.160.0-255,5738,129918,78,249388
6397,0.016635,172.31.40.0-255,66,129984,78,249388
6398,0.018328,172.217.160.0-255,5738,135722,78,249388
6399,0.018336,172.31.40.0-255,66,135788,78,249388
6400,0.019989,172.217.160.0-255,5738,141526,78,249388
6401,0.019996,172.31.40.0-255,66,141592,78,249388
6402,0.021644,172.217.160.0-255,5738,147330,78,249388
6403,0.021651,172.31.40.0-255,66,147396,78,249388
6404,0.023299,172.217.160.0-255,5738,153134,78,249388
6405,0.023306,172.31.40.0-255,66,153200,78,249388
6406,0.02497,172.217.160.0-255,5738,158938,78,249388
6407,0.024978,172.31.40.0-255,66,159004,78,249388
6408,0.026627,172.217.160.0-255,5738,164742,78,249388
6409,0.026634,172.31.40.0-255,66,164808,78,249388
6410,0.028292,172.217.160.0-255,5738,170546,78,249388
6411,0.028306,172.31.40.0-255,66,170612,78,249388
6412,0.029963,172.217.160.0-255,5738,176350,78,249388
6413,0.029975,172.31.40.0-255,66,176416,78,249388
6414,0.031675,172.217.160.0-255,5738,182154,78,249388
6415,0.031688,172.31.40.0-255,66,182220,78,249388
6416,0.033342,172.217.160.0-255,5738,187958,78,249388
6417,0.03335,172.31.40.0-255,66,188024,78,249388
6418,0.033498,172.31.40.0-255,172,188196,78,249388
6419,0.033525,172.31.40.0-255,1103,189299,78,249388
6420,0.033664,172.31.40.0-255,1514,190813,78,249388
6421,0.033666,172.31.40.0-255,337,191150,78,249388
6422,0.034992,172.217.160.0-255,5738,196888,78,249388
6423,0.034998,172.31.40.0-255,66,196954,78,249388
6424,0.035047,104.244.42.0-255,66,197020,78,249388
6425,0.035095,104.244.42.0-255,66,197086,78,249388
6426,0.035199,104.244.42.0-255,66,197152,78,249388
6427,0.036662,172.217.160.0-255,5738,202890,78,249388
6428,0.036669,172.31.40.0-255,66,202956,78,249388
6429,0.038319,172.217.160.0-255,5738,208694,78,249388
6430,0.038328,172.31.40.0-255,66,208760,78,249388
6431,0.039973,172.217.160.0-255,5738,214498,78,249388
6432,0.039979,172.31.40.0-255,66,214564,78,249388
6433,0.041628,172.217.160.0-255,5738,220302,78,249388
6434,0.041635,172.31.40.0-255,66,220368,78,249388
6435,0.04328,172.217.160.0-255,5738,226106,78,249388
6436,0.043286,172.31.40.0-255,66,226172,78,249388
6437,0.044934,172.217.160.0-255,5738,231910,78,249388
6438,0.04494,172.31.40.0-255,66,231976,78,249388
6439,0.046584,172.217.160.0-255,5738,237714,78,249388
6440,0.04659,172.31.40.0-255,66,237780,78,249388
6441,0.048245,172.217.160.0-255,5738,243518,78,249388
6442,0.048253,172.31.40.0-255,66,243584,78,249388
6443,0.049899,172.217.160.0-255,5738,249322,78,249388
6444,0.049907,172.31.40.0-255,66,249388,78,249388
6445,0.0,172.217.194.0-255,152,152,78,216230
6446,2.5e-05,172.31.40.0-255,66,218,78,216230
6447,3.3e-05,172.217.194.0-255,1484,1702,78,216230
6448,3.8e-05,172.31.40.0-255,66,1768,78,216230
6449,4.6e-05,172.217.194.0-255,2902,4670,78,216230
6450,5e-05,172.31.40.0-255,66,4736,78,216230
6451,5.3e-05,172.217.194.0-255,1484,6220,78,216230
6452,5.5e-05,172.31.40.0-255,66,6286,78,216230
6453,7.6e-05,172.217.194.0-255,4320,10606,78,216230
6454,7.9e-05,172.31.40.0-255,66,10672,78,216230
6455,8.5e-05,172.217.194.0-255,3445,14117,78,216230
6456,8.7e-05,172.31.40.0-255,66,14183,78,216230
6457,0.000264,172.217.194.0-255,1484,15667,78,216230
6458,0.000269,172.31.40.0-255,66,15733,78,216230
6459,0.000275,172.217.194.0-255,2902,18635,78,216230
6460,0.000277,172.31.40.0-255,66,18701,78,216230
6461,0.000305,172.217.194.0-255,5738,24439,78,216230
6462,0.000308,172.31.40.0-255,66,24505,78,216230
6463,0.00033,172.217.194.0-255,5738,30243,78,216230
6464,0.000332,172.31.40.0-255,66,30309,78,216230
6465,0.000367,172.217.194.0-255,1125,31434,78,216230
6466,0.00037,172.31.40.0-255,66,31500,78,216230
6467,0.000678,172.217.194.0-255,1484,32984,78,216230
6468,0.000683,172.31.40.0-255,66,33050,78,216230
6469,0.000703,172.217.194.0-255,1484,34534,78,216230
6470,0.000706,172.31.40.0-255,66,34600,78,216230
6471,0.000724,172.217.194.0-255,1484,36084,78,216230
6472,0.000726,172.31.40.0-255,66,36150,78,216230
6473,0.000733,172.217.194.0-255,5738,41888,78,216230
6474,0.000735,172.31.40.0-255,66,41954,78,216230
6475,0.000738,172.217.194.0-255,1484,43438,78,216230
6476,0.00074,172.31.40.0-255,66,43504,78,216230
6477,0.000765,172.217.194.0-255,5379,48883,78,216230
6478,0.000768,172.31.40.0-255,66,48949,78,216230
6479,0.000802,172.217.194.0-255,4320,53269,78,216230
6480,0.000805,172.31.40.0-255,66,53335,78,216230
6481,0.000853,172.31.40.0-255,66,53401,78,216230
6482,0.000863,172.217.194.0-255,2834,56235,78,216230
6483,0.000867,172.31.40.0-255,66,56301,78,216230
6484,0.001129,172.217.194.0-255,364,56665,78,216230
6485,0.001163,172.31.40.0-255,66,56731,78,216230
6486,0.001505,172.217.194.0-255,1484,58215,78,216230
6487,0.001516,172.217.194.0-255,2902,61117,78,216230
6488,0.00152,172.31.40.0-255,66,61183,78,216230
6489,0.001527,172.217.194.0-255,4320,65503,78,216230
6490,0.001529,172.31.40.0-255,66,65569,78,216230
6491,0.001553,172.217.194.0-255,1484,67053,78,216230
6492,0.001568,172.217.194.0-255,4320,71373,78,216230
6493,0.00157,172.31.40.0-255,66,71439,78,216230
6494,0.001596,172.217.194.0-255,3961,75400,78,216230
6495,0.001598,172.31.40.0-255,66,75466,78,216230
6496,0.001605,172.217.194.0-255,5738,81204,78,216230
6497,0.001607,172.31.40.0-255,66,81270,78,216230
6498,0.001643,172.217.194.0-255,5738,87008,78,216230
6499,0.001668,172.31.40.0-255,66,87074,78,216230
6500,0.001692,172.217.194.0-255,3961,91035,78,216230
6501,0.001695,172.31.40.0-255,66,91101,78,216230
6502,0.002369,172.217.194.0-255,1484,92585,78,216230
6503,0.002382,172.217.194.0-255,2902,95487,78,216230
6504,0.002386,172.31.40.0-255,66,95553,78,216230
6505,0.002402,172.217.194.0-255,2902,98455,78,216230
6506,0.002404,172.31.40.0-255,66,98521,78,216230
6507,0.002423,172.217.194.0-255,2902,101423,78,216230
6508,0.002425,172.31.40.0-255,66,101489,78,216230
6509,0.004784,172.217.194.0-255,5738,107227,78,216230
6510,0.004787,172.31.40.0-255,66,107293,78,216230
6511,0.007169,172.217.194.0-255,5738,113031,78,216230
6512,0.007181,172.31.40.0-255,66,113097,78,216230
6513,0.00961,172.217.194.0-255,5738,118835,78,216230
6514,0.009627,172.31.40.0-255,66,118901,78,216230
6515,0.012027,172.217.194.0-255,5738,124639,78,216230
6516,0.012043,172.31.40.0-255,66,124705,78,216230
6517,0.014446,172.217.194.0-255,5738,130443,78,216230
6518,0.014465,172.31.40.0-255,66,130509,78,216230
6519,0.016839,172.217.194.0-255,5738,136247,78,216230
6520,0.016856,172.31.40.0-255,66,136313,78,216230
6521,0.019233,172.217.194.0-255,5738,142051,78,216230
6522,0.019251,172.31.40.0-255,66,142117,78,216230
6523,0.021683,172.217.194.0-255,5738,147855,78,216230
6524,0.021705,172.31.40.0-255,66,147921,78,216230
6525,0.024107,172.217.194.0-255,5738,153659,78,216230
6526,0.024126,172.31.40.0-255,66,153725,78,216230
6527,0.026494,172.217.194.0-255,5738,159463,78,216230
6528,0.026511,172.31.40.0-255,66,159529,78,216230
6529,0.028896,172.217.194.0-255,5738,165267,78,216230
6530,0.028911,172.31.40.0-255,66,165333,78,216230
6531,0.031293,172.217.194.0-255,5738,171071,78,216230
6532,0.031311,172.31.40.0-255,66,171137,78,216230
6533,0.033699,172.217.194.0-255,5738,176875,78,216230
6534,0.033711,172.31.40.0-255,66,176941,78,216230
6535,0.03438,172.31.40.0-255,172,177113,78,216230
6536,0.034412,172.31.40.0-255,1108,178221,78,216230
6537,0.034475,172.31.40.0-255,1514,179735,78,216230
6538,0.034477,172.31.40.0-255,1299,181034,78,216230
6539,0.035945,104.244.42.0-255,66,181100,78,216230
6540,0.036001,104.244.42.0-255,66,181166,78,216230
6541,0.036036,104.244.42.0-255,66,181232,78,216230
6542,0.036075,172.217.194.0-255,5738,186970,78,216230
6543,0.036081,172.31.40.0-255,66,187036,78,216230
6544,0.036713,104.244.42.0-255,108,187144,78,216230
6545,0.036723,172.31.40.0-255,66,187210,78,216230
6546,0.038463,172.217.194.0-255,5738,192948,78,216230
6547,0.038469,172.31.40.0-255,66,193014,78,216230
6548,0.040848,172.217.194.0-255,5738,198752,78,216230
6549,0.040864,172.31.40.0-255,66,198818,78,216230
6550,0.043236,172.217.194.0-255,5738,204556,78,216230
6551,0.043256,172.31.40.0-255,66,204622,78,216230
6552,0.045639,172.217.194.0-255,5738,210360,78,216230
6553,0.04567,172.31.40.0-255,66,210426,78,216230
6554,0.048086,172.217.194.0-255,5738,216164,78,216230
6555,0.048102,172.31.40.0-255,66,216230,78,216230
6556,0.0,74.125.68.0-255,152,152,78,298374
6557,2e-05,172.31.40.0-255,66,218,78,298374
6558,2.7e-05,74.125.68.0-255,1484,1702,78,298374
6559,3.1e-05,172.31.40.0-255,66,1768,78,298374
6560,3.6e-05,74.125.68.0-255,2902,4670,78,298374
6561,4e-05,172.31.40.0-255,66,4736,78,298374
6562,7.2e-05,74.125.68.0-255,5738,10474,78,298374
6563,7.5e-05,172.31.40.0-255,66,10540,78,298374
6564,7.8e-05,74.125.68.0-255,1484,12024,78,298374
6565,8e-05,172.31.40.0-255,66,12090,78,298374
6566,0.000102,74.125.68.0-255,3346,15436,78,298374
6567,0.000104,172.31.40.0-255,66,15502,78,298374
6568,0.000111,74.125.68.0-255,5738,21240,78,298374
6569,0.000114,172.31.40.0-255,66,21306,78,298374
6570,0.000147,74.125.68.0-255,7156,28462,78,298374
6571,0.00015,172.31.40.0-255,66,28528,78,298374
6572,0.000169,74.125.68.0-255,2543,31071,78,298374
6573,0.000171,172.31.40.0-255,66,31137,78,298374
6574,0.000229,74.125.68.0-255,1484,32621,78,298374
6575,0.000232,172.31.40.0-255,66,32687,78,298374
6576,0.000246,74.125.68.0-255,1484,34171,78,298374
6577,0.000248,172.31.40.0-255,66,34237,78,298374
6578,0.000267,74.125.68.0-255,1484,35721,78,298374
6579,0.000269,172.31.40.0-255,66,35787,78,298374
6580,0.00029,74.125.68.0-255,5738,41525,78,298374
6581,0.000294,172.31.40.0-255,66,41591,78,298374
6582,0.000321,74.125.68.0-255,6797,48388,78,298374
6583,0.000324,172.31.40.0-255,66,48454,78,298374
6584,0.000344,74.125.68.0-255,2902,51356,78,298374
6585,0.000346,172.31.40.0-255,66,51422,78,298374
6586,0.000364,74.125.68.0-255,7156,58578,78,298374
6587,0.000367,172.31.40.0-255,66,58644,78,298374
6588,0.000395,74.125.68.0-255,7113,65757,78,298374
6589,0.000398,172.31.40.0-255,66,65823,78,298374
6590,0.000421,74.125.68.0-255,373,66196,78,298374
6591,0.000766,74.125.68.0-255,1484,67680,78,298374
6592,0.000773,172.31.40.0-255,66,67746,78,298374
6593,0.000778,74.125.68.0-255,2902,70648,78,298374
6594,0.000781,172.31.40.0-255,66,70714,78,298374
6595,0.000784,74.125.68.0-255,1484,72198,78,298374
6596,0.000804,74.125.68.0-255,2902,75100,78,298374
6597,0.000807,172.31.40.0-255,66,75166,78,298374
6598,0.000813,74.125.68.0-255,5738,80904,78,298374
6599,0.000815,172.31.40.0-255,66,80970,78,298374
6600,0.000837,74.125.68.0-255,1484,82454,78,298374
6601,0.000857,74.125.68.0-255,1484,83938,78,298374
6602,0.00086,172.31.40.0-255,66,84004,78,298374
6603,0.000881,74.125.68.0-255,1484,85488,78,298374
6604,0.000887,74.125.68.0-255,5738,91226,78,298374
6605,0.000891,172.31.40.0-255,66,91292,78,298374
6606,0.000896,74.125.68.0-255,4320,95612,78,298374
6607,0.000898,172.31.40.0-255,66,95678,78,298374
6608,0.000914,74.125.68.0-255,5020,100698,78,298374
6609,0.000917,172.31.40.0-255,66,100764,78,298374
6610,0.001247,74.125.68.0-255,1484,102248,78,298374
6611,0.00126,74.125.68.0-255,2902,105150,78,298374
6612,0.001264,172.31.40.0-255,66,105216,78,298374
6613,0.00128,74.125.68.0-255,2902,108118,78,298374
6614,0.001283,172.31.40.0-255,66,108184,78,298374
6615,0.001306,74.125.68.0-255,2902,111086,78,298374
6616,0.001309,172.31.40.0-255,66,111152,78,298374
6617,0.001315,74.125.68.0-255,5738,116890,78,298374
6618,0.001318,172.31.40.0-255,66,116956,78,298374
6619,0.001325,74.125.68.0-255,7156,124112,78,298374
6620,0.001327,172.31.40.0-255,66,124178,78,298374
6621,0.001363,172.31.40.0-255,66,124244,78,298374
6622,0.001396,74.125.68.0-255,1484,125728,78,298374
6623,0.001437,74.125.68.0-255,2902,128630,78,298374
6624,0.00144,172.31.40.0-255,66,128696,78,298374
6625,0.001447,74.125.68.0-255,5738,134434,78,298374
6626,0.001449,172.31.40.0-255,66,134500,78,298374
6627,0.001454,74.125.68.0-255,4320,138820,78,298374
6628,0.001457,172.31.40.0-255,66,138886,78,298374
6629,0.001462,74.125.68.0-255,4320,143206,78,298374
6630,0.001464,172.31.40.0-255,66,143272,78,298374
6631,0.001488,74.125.68.0-255,1484,144756,78,298374
6632,0.001492,74.125.68.0-255,2902,147658,78,298374
6633,0.001501,172.31.40.0-255,66,147724,78,298374
6634,0.001506,74.125.68.0-255,4320,152044,78,298374
6635,0.001509,172.31.40.0-255,66,152110,78,298374
6636,0.001537,74.125.68.0-255,4320,156430,78,298374
6637,0.00154,172.31.40.0-255,66,156496,78,298374
6638,0.001544,74.125.68.0-255,2184,158680,78,298374
6639,0.001546,172.31.40.0-255,66,158746,78,298374
6640,0.002016,74.125.68.0-255,1484,160230,78,298374
6641,0.00203,74.125.68.0-255,1484,161714,78,298374
6642,0.002034,172.31.40.0-255,66,161780,78,298374
6643,0.003562,74.125.68.0-255,2902,164682,78,298374
6644,0.003569,172.31.40.0-255,66,164748,78,298374
6645,0.004034,74.125.68.0-255,2902,167650,78,298374
6646,0.004037,172.31.40.0-255,66,167716,78,298374
6647,0.005592,74.125.68.0-255,2902,170618,78,298374
6648,0.005594,172.31.40.0-255,66,170684,78,298374
6649,0.006041,74.125.68.0-255,2902,173586,78,298374
6650,0.006043,172.31.40.0-255,66,173652,78,298374
6651,0.007609,74.125.68.0-255,2902,176554,78,298374
6652,0.007618,172.31.40.0-255,66,176620,78,298374
6653,0.008063,74.125.68.0-255,2902,179522,78,298374
6654,0.008067,172.31.40.0-255,66,179588,78,298374
6655,0.009628,74.125.68.0-255,2902,182490,78,298374
6656,0.009636,172.31.40.0-255,66,182556,78,298374
6657,0.010081,74.125.68.0-255,2902,185458,78,298374
6658,0.010085,172.31.40.0-255,66,185524,78,298374
6659,0.011658,74.125.68.0-255,2902,188426,78,298374
6660,0.011667,172.31.40.0-255,66,188492,78,298374
6661,0.012088,74.125.68.0-255,2902,191394,78,298374
6662,0.012092,172.31.40.0-255,66,191460,78,298374
6663,0.013669,74.125.68.0-255,2902,194362,78,298374
6664,0.013676,172.31.40.0-255,66,194428,78,298374
6665,0.014086,74.125.68.0-255,2902,197330,78,298374
6666,0.014091,172.31.40.0-255,66,197396,78,298374
6667,0.015685,74.125.68.0-255,2902,200298,78,298374
6668,0.015695,172.31.40.0-255,66,200364,78,298374
6669,0.016099,74.125.68.0-255,2902,203266,78,298374
6670,0.016106,172.31.40.0-255,66,203332,78,298374
6671,0.017717,74.125.68.0-255,2902,206234,78,298374
6672,0.017723,172.31.40.0-255,66,206300,78,298374
6673,0.018109,74.125.68.0-255,2902,209202,78,298374
6674,0.018114,172.31.40.0-255,66,209268,78,298374
6675,0.019736,74.125.68.0-255,1484,210752,78,298374
6676,0.019753,74.125.68.0-255,1484,212236,78,298374
6677,0.019757,172.31.40.0-255,66,212302,78,298374
6678,0.020125,74.125.68.0-255,2902,215204,78,298374
6679,0.020131,172.31.40.0-255,66,215270,78,298374
6680,0.021787,74.125.68.0-255,2902,218172,78,298374
6681,0.021794,172.31.40.0-255,66,218238,78,298374
6682,0.022135,74.125.68.0-255,2902,221140,78,298374
6683,0.02214,172.31.40.0-255,66,221206,78,298374
6684,0.023889,74.125.68.0-255,2902,224108,78,298374
6685,0.0239,172.31.40.0-255,66,224174,78,298374
6686,0.024154,74.125.68.0-255,2902,227076,78,298374
6687,0.024161,172.31.40.0-255,66,227142,78,298374
6688,0.025933,74.125.68.0-255,2902,230044,78,298374
6689,0.025941,172.31.40.0-255,66,230110,78,298374
6690,0.02618,74.125.68.0-255,2902,233012,78,298374
6691,0.026186,172.31.40.0-255,66,233078,78,298374
6692,0.027977,74.125.68.0-255,2902,235980,78,298374
6693,0.027988,172.31.40.0-255,66,236046,78,298374
6694,0.028197,74.125.68.0-255,2902,238948,78,298374
6695,0.028202,172.31.40.0-255,66,239014,78,298374
6696,0.030015,74.125.68.0-255,2902,241916,78,298374
6697,0.030022,172.31.40.0-255,66,241982,78,298374
6698,0.030204,74.125.68.0-255,2902,244884,78,298374
6699,0.030209,172.31.40.0-255,66,244950,78,298374
6700,0.032046,74.125.68.0-255,2902,247852,78,298374
6701,0.032058,172.31.40.0-255,66,247918,78,298374
6702,0.03222,74.125.68.0-255,2902,250820,78,298374
6703,0.032225,172.31.40.0-255,66,250886,78,298374
6704,0.03407,74.125.68.0-255,2902,253788,78,298374
6705,0.034076,172.31.40.0-255,66,253854,78,298374
6706,0.034237,74.125.68.0-255,2902,256756,78,298374
6707,0.034243,172.31.40.0-255,66,256822,78,298374
6708,0.036104,74.125.68.0-255,2902,259724,78,298374
6709,0.036115,172.31.40.0-255,66,259790,78,298374
6710,0.03626,74.125.68.0-255,2902,262692,78,298374
6711,0.036264,172.31.40.0-255,66,262758,78,298374
6712,0.03813,74.125.68.0-255,2902,265660,78,298374
6713,0.038136,172.31.40.0-255,66,265726,78,298374
6714,0.038292,74.125.68.0-255,2902,268628,78,298374
6715,0.038298,172.31.40.0-255,66,268694,78,298374
6716,0.04016,74.125.68.0-255,2902,271596,78,298374
6717,0.04017,172.31.40.0-255,66,271662,78,298374
6718,0.040308,74.125.68.0-255,2902,274564,78,298374
6719,0.040313,172.31.40.0-255,66,274630,78,298374
6720,0.042205,74.125.68.0-255,2902,277532,78,298374
6721,0.042217,172.31.40.0-255,66,277598,78,298374
6722,0.042334,74.125.68.0-255,2902,280500,78,298374
6723,0.042339,172.31.40.0-255,66,280566,78,298374
6724,0.044277,74.125.68.0-255,2902,283468,78,298374
6725,0.044284,172.31.40.0-255,66,283534,78,298374
6726,0.044346,74.125.68.0-255,2902,286436,78,298374
6727,0.04435,172.31.40.0-255,66,286502,78,298374
6728,0.046298,74.125.68.0-255,2902,289404,78,298374
6729,0.046304,172.31.40.0-255,66,289470,78,298374
6730,0.04635,74.125.68.0-255,2902,292372,78,298374
6731,0.046353,172.31.40.0-255,66,292438,78,298374
6732,0.04832,74.125.68.0-255,2902,295340,78,298374
6733,0.04833,172.31.40.0-255,66,295406,78,298374
6734,0.048349,74.125.68.0-255,2902,298308,78,298374
6735,0.048352,172.31.40.0-255,66,298374,78,298374
6736,0.0,172.217.194.0-255,150,150,78,225810
6737,3.6e-05,172.31.40.0-255,66,216,78,225810
6738,4.4e-05,172.217.194.0-255,1484,1700,78,225810
6739,4.9e-05,172.31.40.0-255,66,1766,78,225810
6740,6.3e-05,172.217.194.0-255,2902,4668,78,225810
6741,6.6e-05,172.31.40.0-255,66,4734,78,225810
6742,7.4e-05,172.217.194.0-255,7156,11890,78,225810
6743,7.7e-05,172.31.40.0-255,66,11956,78,225810
6744,9.5e-05,172.31.40.0-255,66,12022,78,225810
6745,9.9e-05,172.217.194.0-255,2543,14565,78,225810
6746,0.000101,172.31.40.0-255,66,14631,78,225810
6747,0.000163,172.217.194.0-255,1484,16115,78,225810
6748,0.000167,172.31.40.0-255,66,16181,78,225810
6749,0.000171,172.217.194.0-255,2902,19083,78,225810
6750,0.000174,172.31.40.0-255,66,19149,78,225810
6751,0.000202,172.217.194.0-255,5738,24887,78,225810
6752,0.000205,172.31.40.0-255,66,24953,78,225810
6753,0.000233,172.31.40.0-255,66,25019,78,225810
6754,0.000266,172.217.194.0-255,2543,27562,78,225810
6755,0.000277,172.217.194.0-255,363,27925,78,225810
6756,0.000281,172.31.40.0-255,66,27991,78,225810
6757,0.000285,172.31.40.0-255,66,28057,78,225810
6758,0.000287,172.31.40.0-255,66,28123,78,225810
6759,0.00036,172.217.194.0-255,1484,29607,78,225810
6760,0.000363,172.31.40.0-255,66,29673,78,225810
6761,0.000369,172.217.194.0-255,2902,32575,78,225810
6762,0.000372,172.31.40.0-255,66,32641,78,225810
6763,0.000398,172.217.194.0-255,5738,38379,78,225810
6764,0.000401,172.31.40.0-255,66,38445,78,225810
6765,0.00044,172.31.40.0-255,66,38511,78,225810
6766,0.000458,172.31.40.0-255,66,38577,78,225810
6767,0.000461,172.217.194.0-255,766,39343,78,225810
6768,0.0009,172.217.194.0-255,1484,40827,78,225810
6769,0.000905,172.31.40.0-255,66,40893,78,225810
6770,0.00091,172.217.194.0-255,2902,43795,78,225810
6771,0.000912,172.31.40.0-255,66,43861,78,225810
6772,0.000924,172.217.194.0-255,5738,49599,78,225810
6773,0.000927,172.31.40.0-255,66,49665,78,225810
6774,0.000972,172.31.40.0-255,66,49731,78,225810
6775,0.001012,172.31.40.0-255,66,49797,78,225810
6776,0.001061,172.31.40.0-255,66,49863,78,225810
6777,0.001085,172.217.194.0-255,2902,52765,78,225810
6778,0.001087,172.31.40.0-255,66,52831,78,225810
6779,0.001106,172.31.40.0-255,66,52897,78,225810
6780,0.001117,172.31.40.0-255,66,52963,78,225810
6781,0.001375,172.217.194.0-255,1484,54447,78,225810
6782,0.001398,172.217.194.0-255,2902,57349,78,225810
6783,0.001402,172.31.40.0-255,66,57415,78,225810
6784,0.001409,172.217.194.0-255,5738,63153,78,225810
6785,0.001411,172.31.40.0-255,66,63219,78,225810
6786,0.001446,172.31.40.0-255,66,63285,78,225810
6787,0.001457,172.31.40.0-255,66,63351,78,225810
6788,0.001501,172.217.194.0-255,2902,66253,78,225810
6789,0.001504,172.31.40.0-255,66,66319,78,225810
6790,0.001546,172.31.40.0-255,66,66385,78,225810
6791,0.001552,172.217.194.0-255,5738,72123,78,225810
6792,0.001555,172.31.40.0-255,66,72189,78,225810
6793,0.001584,172.217.194.0-255,6438,78627,78,225810
6794,0.001587,172.31.40.0-255,66,78693,78,225810
6795,0.001663,172.217.194.0-255,1484,80177,78,225810
6796,0.001668,172.217.194.0-255,2902,83079,78,225810
6797,0.001671,172.31.40.0-255,66,83145,78,225810
6798,0.001705,172.217.194.0-255,5738,88883,78,225810
6799,0.001708,172.31.40.0-255,66,88949,78,225810
6800,0.001714,172.217.194.0-255,4320,93269,78,225810
6801,0.001716,172.31.40.0-255,66,93335,78,225810
6802,0.001738,172.31.40.0-255,66,93401,78,225810
6803,0.001784,172.31.40.0-255,66,93467,78,225810
6804,0.002055,172.217.194.0-255,1484,94951,78,225810
6805,0.002059,172.217.194.0-255,1484,96435,78,225810
6806,0.002063,172.31.40.0-255,66,96501,78,225810
6807,0.002088,172.217.194.0-255,1484,97985,78,225810
6808,0.003798,172.217.194.0-255,1484,99469,78,225810
6809,0.003805,172.31.40.0-255,66,99535,78,225810
6810,0.004064,172.217.194.0-255,2902,102437,78,225810
6811,0.004068,172.31.40.0-255,66,102503,78,225810
6812,0.005808,172.217.194.0-255,2902,105405,78,225810
6813,0.005821,172.31.40.0-255,66,105471,78,225810
6814,0.006065,172.217.194.0-255,2902,108373,78,225810
6815,0.006069,172.31.40.0-255,66,108439,78,225810
6816,0.007839,172.217.194.0-255,2902,111341,78,225810
6817,0.007849,172.31.40.0-255,66,111407,78,225810
6818,0.008062,172.217.194.0-255,2902,114309,78,225810
6819,0.008069,172.31.40.0-255,66,114375,78,225810
6820,0.009843,172.217.194.0-255,2902,117277,78,225810
6821,0.009851,172.31.40.0-255,66,117343,78,225810
6822,0.010082,172.217.194.0-255,2902,120245,78,225810
6823,0.010085,172.31.40.0-255,66,120311,78,225810
6824,0.011861,172.217.194.0-255,2902,123213,78,225810
6825,0.011864,172.31.40.0-255,66,123279,78,225810
6826,0.012106,172.217.194.0-255,2902,126181,78,225810
6827,0.01211,172.31.40.0-255,66,126247,78,225810
6828,0.013892,172.217.194.0-255,2902,129149,78,225810
6829,0.013902,172.31.40.0-255,66,129215,78,225810
6830,0.014129,172.217.194.0-255,2902,132117,78,225810
6831,0.014134,172.31.40.0-255,66,132183,78,225810
6832,0.015938,172.217.194.0-255,2902,135085,78,225810
6833,0.015947,172.31.40.0-255,66,135151,78,225810
6834,0.016184,172.217.194.0-255,2902,138053,78,225810
6835,0.01619,172.31.40.0-255,66,138119,78,225810
6836,0.017955,172.217.194.0-255,2902,141021,78,225810
6837,0.017962,172.31.40.0-255,66,141087,78,225810
6838,0.018177,172.217.194.0-255,2902,143989,78,225810
6839,0.01818,172.31.40.0-255,66,144055,78,225810
6840,0.01997,172.217.194.0-255,2902,146957,78,225810
6841,0.019978,172.31.40.0-255,66,147023,78,225810
6842,0.020196,172.217.194.0-255,2902,149925,78,225810
6843,0.020202,172.31.40.0-255,66,149991,78,225810
6844,0.022019,172.217.194.0-255,2902,152893,78,225810
6845,0.022029,172.31.40.0-255,66,152959,78,225810
6846,0.022218,172.217.194.0-255,2902,155861,78,225810
6847,0.022225,172.31.40.0-255,66,155927,78,225810
6848,0.024076,172.217.194.0-255,2902,158829,78,225810
6849,0.024086,172.31.40.0-255,66,158895,78,225810
6850,0.024253,172.217.194.0-255,2902,161797,78,225810
6851,0.024258,172.31.40.0-255,66,161863,78,225810
6852,0.026136,172.217.194.0-255,2902,164765,78,225810
6853,0.026147,172.31.40.0-255,66,164831,78,225810
6854,0.026276,172.217.194.0-255,2902,167733,78,225810
6855,0.026281,172.31.40.0-255,66,167799,78,225810
6856,0.028183,172.217.194.0-255,2902,170701,78,225810
6857,0.028191,172.31.40.0-255,66,170767,78,225810
6858,0.028308,172.217.194.0-255,2902,173669,78,225810
6859,0.028312,172.31.40.0-255,66,173735,78,225810
6860,0.030204,172.217.194.0-255,2902,176637,78,225810
6861,0.030211,172.31.40.0-255,66,176703,78,225810
6862,0.03035,172.217.194.0-255,2902,179605,78,225810
6863,0.030354,172.31.40.0-255,66,179671,78,225810
6864,0.032238,172.217.194.0-255,2902,182573,78,225810
6865,0.032246,172.31.40.0-255,66,182639,78,225810
6866,0.032362,172.217.194.0-255,2902,185541,78,225810
6867,0.032367,172.31.40.0-255,66,185607,78,225810
6868,0.034266,172.217.194.0-255,2902,188509,78,225810
6869,0.034273,172.31.40.0-255,66,188575,78,225810
6870,0.034386,172.217.194.0-255,2902,191477,78,225810
6871,0.034391,172.31.40.0-255,66,191543,78,225810
6872,0.036309,172.217.194.0-255,2902,194445,78,225810
6873,0.036325,172.31.40.0-255,66,194511,78,225810
6874,0.036414,172.217.194.0-255,2902,197413,78,225810
6875,0.036418,172.31.40.0-255,66,197479,78,225810
6876,0.038359,172.217.194.0-255,2902,200381,78,225810
6877,0.038367,172.31.40.0-255,66,200447,78,225810
6878,0.038434,172.217.194.0-255,2902,203349,78,225810
6879,0.038437,172.31.40.0-255,66,203415,78,225810
6880,0.040364,172.217.194.0-255,2902,206317,78,225810
6881,0.040377,172.31.40.0-255,66,206383,78,225810
6882,0.040442,172.217.194.0-255,2902,209285,78,225810
6883,0.040447,172.31.40.0-255,66,209351,78,225810
6884,0.042471,172.217.194.0-255,2902,212253,78,225810
6885,0.042486,172.31.40.0-255,66,212319,78,225810
6886,0.042522,172.217.194.0-255,2902,215221,78,225810
6887,0.042526,172.31.40.0-255,66,215287,78,225810
6888,0.044526,172.217.194.0-255,5738,221025,78,225810
6889,0.044534,172.31.40.0-255,66,221091,78,225810
6890,0.046557,172.217.194.0-255,4482,225573,78,225810
6891,0.046563,172.31.40.0-255,66,225639,78,225810
6892,0.046744,172.31.40.0-255,105,225744,78,225810
6893,0.048746,172.217.194.0-255,66,225810,78,225810
6894,0.0,172.31.40.0-255,105,105,78,276
6895,0.001785,157.240.24.0-255,105,210,78,276
6896,0.001799,172.31.40.0-255,66,276,78,276
6897,0.0,172.217.194.0-255,147,147,78,305392
6898,2.1e-05,172.31.40.0-255,66,213,78,305392
6899,2.8e-05,172.217.194.0-255,1484,1697,78,305392
6900,3.3e-05,172.31.40.0-255,66,1763,78,305392
6901,3.9e-05,172.217.194.0-255,2902,4665,78,305392
6902,4.3e-05,172.31.40.0-255,66,4731,78,305392
6903,5.1e-05,172.217.194.0-255,7156,11887,78,305392
6904,5.4e-05,172.31.40.0-255,66,11953,78,305392
6905,5.8e-05,172.217.194.0-255,2139,14092,78,305392
6906,6e-05,172.31.40.0-255,66,14158,78,305392
6907,0.000105,172.31.40.0-255,66,14224,78,305392
6908,0.000108,172.217.194.0-255,1484,15708,78,305392
6909,0.00011,172.31.40.0-255,66,15774,78,305392
6910,0.000125,172.217.194.0-255,1484,17258,78,305392
6911,0.000127,172.31.40.0-255,66,17324,78,305392
6912,0.000158,172.217.194.0-255,3961,21285,78,305392
6913,0.000161,172.31.40.0-255,66,21351,78,305392
6914,0.000167,172.217.194.0-255,5738,27089,78,305392
6915,0.000169,172.31.40.0-255,66,27155,78,305392
6916,0.000181,172.217.194.0-255,1484,28639,78,305392
6917,0.000183,172.31.40.0-255,66,28705,78,305392
6918,0.000215,172.31.40.0-255,66,28771,78,305392
6919,0.000232,172.217.194.0-255,4320,33091,78,305392
6920,0.000234,172.31.40.0-255,66,33157,78,305392
6921,0.000261,172.217.194.0-255,1484,34641,78,305392
6922,0.000263,172.31.40.0-255,66,34707,78,305392
6923,0.000271,172.217.194.0-255,7156,41863,78,305392
6924,0.000273,172.31.40.0-255,66,41929,78,305392
6925,0.000302,172.217.194.0-255,4286,46215,78,305392
6926,0.000305,172.31.40.0-255,66,46281,78,305392
6927,0.000318,172.217.194.0-255,383,46664,78,305392
6928,0.000422,172.217.194.0-255,1484,48148,78,305392
6929,0.000427,172.31.40.0-255,66,48214,78,305392
6930,0.000433,172.217.194.0-255,2902,51116,78,305392
6931,0.000436,172.31.40.0-255,66,51182,78,305392
6932,0.000443,172.217.194.0-255,5738,56920,78,305392
6933,0.000446,172.31.40.0-255,66,56986,78,305392
6934,0.000504,172.217.194.0-255,4320,61306,78,305392
6935,0.000507,172.31.40.0-255,66,61372,78,305392
6936,0.000526,172.217.194.0-255,1994,63366,78,305392
6937,0.000529,172.31.40.0-255,66,63432,78,305392
6938,0.001107,172.217.194.0-255,1484,64916,78,305392
6939,0.001122,172.217.194.0-255,2902,67818,78,305392
6940,0.001126,172.31.40.0-255,66,67884,78,305392
6941,0.001131,172.217.194.0-255,2902,70786,78,305392
6942,0.001133,172.31.40.0-255,66,70852,78,305392
6943,0.001148,172.217.194.0-255,2902,73754,78,305392
6944,0.00115,172.31.40.0-255,66,73820,78,305392
6945,0.001154,172.217.194.0-255,2902,76722,78,305392
6946,0.001156,172.31.40.0-255,66,76788,78,305392
6947,0.001181,172.217.194.0-255,3961,80749,78,305392
6948,0.001184,172.31.40.0-255,66,80815,78,305392
6949,0.001191,172.217.194.0-255,7156,87971,78,305392
6950,0.001193,172.31.40.0-255,66,88037,78,305392
6951,0.001242,172.217.194.0-255,5738,93775,78,305392
6952,0.001245,172.31.40.0-255,66,93841,78,305392
6953,0.001263,172.217.194.0-255,5738,99579,78,305392
6954,0.001265,172.31.40.0-255,66,99645,78,305392
6955,0.00129,172.217.194.0-255,4320,103965,78,305392
6956,0.001293,172.31.40.0-255,66,104031,78,305392
6957,0.001296,172.217.194.0-255,1484,105515,78,305392
6958,0.001311,172.217.194.0-255,2902,108417,78,305392
6959,0.001315,172.31.40.0-255,66,108483,78,305392
6960,0.001335,172.217.194.0-255,6438,114921,78,305392
6961,0.001338,172.31.40.0-255,66,114987,78,305392
6962,0.001415,172.217.194.0-255,1484,116471,78,305392
6963,0.001434,172.217.194.0-255,2902,119373,78,305392
6964,0.001437,172.31.40.0-255,66,119439,78,305392
6965,0.001467,172.217.194.0-255,5738,125177,78,305392
6966,0.00147,172.31.40.0-255,66,125243,78,305392
6967,0.001502,172.31.40.0-255,66,125309,78,305392
6968,0.00152,172.217.194.0-255,1484,126793,78,305392
6969,0.001524,172.217.194.0-255,1484,128277,78,305392
6970,0.001526,172.31.40.0-255,66,128343,78,305392
6971,0.001574,172.217.194.0-255,2902,131245,78,305392
6972,0.001577,172.31.40.0-255,66,131311,78,305392
6973,0.001595,172.217.194.0-255,6438,137749,78,305392
6974,0.001598,172.31.40.0-255,66,137815,78,305392
6975,0.001956,172.217.194.0-255,1484,139299,78,305392
6976,0.001994,172.217.194.0-255,2902,142201,78,305392
6977,0.001999,172.217.194.0-255,5738,147939,78,305392
6978,0.002004,172.217.194.0-255,4320,152259,78,305392
6979,0.00201,172.31.40.0-255,66,152325,78,305392
6980,0.002014,172.31.40.0-255,66,152391,78,305392
6981,0.002017,172.31.40.0-255,66,152457,78,305392
6982,0.00204,172.31.40.0-255,66,152523,78,305392
6983,0.002052,172.31.40.0-255,66,152589,78,305392
6984,0.002209,172.217.194.0-255,1484,154073,78,305392
6985,0.002223,172.217.194.0-255,2902,156975,78,305392
6986,0.002226,172.31.40.0-255,66,157041,78,305392
6987,0.00223,172.217.194.0-255,1484,158525,78,305392
6988,0.00225,172.217.194.0-255,4320,162845,78,305392
6989,0.002252,172.31.40.0-255,66,162911,78,305392
6990,0.002272,172.217.194.0-255,5738,168649,78,305392
6991,0.002275,172.31.40.0-255,66,168715,78,305392
6992,0.002297,172.217.194.0-255,7156,175871,78,305392
6993,0.0023,172.31.40.0-255,66,175937,78,305392
6994,0.002307,172.217.194.0-255,5738,181675,78,305392
6995,0.002309,172.31.40.0-255,66,181741,78,305392
6996,0.002326,172.217.194.0-255,4320,186061,78,305392
6997,0.002329,172.31.40.0-255,66,186127,78,305392
6998,0.002332,172.217.194.0-255,766,186893,78,305392
6999,0.002396,172.217.194.0-255,1484,188377,78,305392
7000,0.002401,172.31.40.0-255,66,188443,78,305392
7001,0.002406,172.217.194.0-255,2902,191345,78,305392
7002,0.002408,172.31.40.0-255,66,191411,78,305392
7003,0.00243,172.217.194.0-255,1484,192895,78,305392
7004,0.002451,172.217.194.0-255,2902,195797,78,305392
7005,0.002454,172.31.40.0-255,66,195863,78,305392
7006,0.002472,172.217.194.0-255,1484,197347,78,305392
7007,0.002496,172.217.194.0-255,4320,201667,78,305392
7008,0.002509,172.31.40.0-255,66,201733,78,305392
7009,0.002544,172.217.194.0-255,5738,207471,78,305392
7010,0.002562,172.217.194.0-255,5020,212491,78,305392
7011,0.00261,172.217.194.0-255,1484,213975,78,305392
7012,0.002627,172.217.194.0-255,2902,216877,78,305392
7013,0.00263,172.217.194.0-255,1484,218361,78,305392
7014,0.00265,172.217.194.0-255,4320,222681,78,305392
7015,0.002668,172.217.194.0-255,2902,225583,78,305392
7016,0.012914,172.31.40.0-255,66,225649,78,305392
7017,0.013234,172.31.40.0-255,66,225715,78,305392
7018,0.013314,172.31.40.0-255,66,225781,78,305392
7019,0.013531,172.217.194.0-255,1484,227265,78,305392
7020,0.015974,172.217.194.0-255,4320,231585,78,305392
7021,0.01599,172.31.40.0-255,66,231651,78,305392
7022,0.01865,172.217.194.0-255,5738,237389,78,305392
7023,0.018659,172.31.40.0-255,66,237455,78,305392
7024,0.021417,172.217.194.0-255,5738,243193,78,305392
7025,0.021426,172.31.40.0-255,66,243259,78,305392
7026,0.024194,172.217.194.0-255,5738,248997,78,305392
7027,0.024205,172.31.40.0-255,66,249063,78,305392
7028,0.026849,172.217.194.0-255,5738,254801,78,305392
7029,0.026858,172.31.40.0-255,66,254867,78,305392
7030,0.02951,172.217.194.0-255,5738,260605,78,305392
7031,0.029531,172.31.40.0-255,66,260671,78,305392
7032,0.032319,172.217.194.0-255,5738,266409,78,305392
7033,0.032329,172.31.40.0-255,66,266475,78,305392
7034,0.034954,172.217.194.0-255,5738,272213,78,305392
7035,0.034966,172.31.40.0-255,66,272279,78,305392
7036,0.03761,172.217.194.0-255,5738,278017,78,305392
7037,0.037621,172.31.40.0-255,66,278083,78,305392
7038,0.040282,172.217.194.0-255,5738,283821,78,305392
7039,0.040302,172.31.40.0-255,66,283887,78,305392
7040,0.043044,172.217.194.0-255,5738,289625,78,305392
7041,0.043054,172.31.40.0-255,66,289691,78,305392
7042,0.045696,172.217.194.0-255,5738,295429,78,305392
7043,0.045709,172.31.40.0-255,66,295495,78,305392
7044,0.048336,172.217.194.0-255,5738,301233,78,305392
7045,0.048344,172.31.40.0-255,66,301299,78,305392
7046,0.049129,172.31.40.0-255,172,301471,78,305392
7047,0.049162,172.31.40.0-255,1109,302580,78,305392
7048,0.049227,172.31.40.0-255,1514,304094,78,305392
7049,0.049228,172.31.40.0-255,1298,305392,78,305392
7050,0.0,172.217.194.0-255,146,146,78,226853
7051,3.9e-05,172.31.40.0-255,66,212,78,226853
7052,4.6e-05,172.217.194.0-255,1484,1696,78,226853
7053,5.2e-05,172.31.40.0-255,66,1762,78,226853
7054,5.7e-05,172.217.194.0-255,2902,4664,78,226853
7055,6.1e-05,172.31.40.0-255,66,4730,78,226853
7056,6.8e-05,172.217.194.0-255,7156,11886,78,226853
7057,7.1e-05,172.31.40.0-255,66,11952,78,226853
7058,9.7e-05,172.31.40.0-255,66,12018,78,226853
7059,0.000105,172.217.194.0-255,2543,14561,78,226853
7060,0.000108,172.31.40.0-255,66,14627,78,226853
7061,0.000147,172.217.194.0-255,1484,16111,78,226853
7062,0.00015,172.31.40.0-255,66,16177,78,226853
7063,0.000156,172.217.194.0-255,2902,19079,78,226853
7064,0.000158,172.31.40.0-255,66,19145,78,226853
7065,0.000196,172.217.194.0-255,5738,24883,78,226853
7066,0.000199,172.31.40.0-255,66,24949,78,226853
7067,0.000203,172.217.194.0-255,2902,27851,78,226853
7068,0.000205,172.31.40.0-255,66,27917,78,226853
7069,0.000247,172.31.40.0-255,66,27983,78,226853
7070,0.00026,172.31.40.0-255,66,28049,78,226853
7071,0.000262,172.217.194.0-255,434,28483,78,226853
7072,0.000264,172.31.40.0-255,66,28549,78,226853
7073,0.000518,172.217.194.0-255,1484,30033,78,226853
7074,0.000524,172.31.40.0-255,66,30099,78,226853
7075,0.000529,172.217.194.0-255,2902,33001,78,226853
7076,0.000531,172.31.40.0-255,66,33067,78,226853
7077,0.000551,172.217.194.0-255,2902,35969,78,226853
7078,0.000554,172.31.40.0-255,66,36035,78,226853
7079,0.00057,172.217.194.0-255,2902,38937,78,226853
7080,0.000578,172.217.194.0-255,1484,40421,78,226853
7081,0.00058,172.31.40.0-255,66,40487,78,226853
7082,0.000606,172.217.194.0-255,5738,46225,78,226853
7083,0.000609,172.31.40.0-255,66,46291,78,226853
7084,0.000626,172.31.40.0-255,66,46357,78,226853
7085,0.000657,172.31.40.0-255,66,46423,78,226853
7086,0.001043,172.217.194.0-255,1484,47907,78,226853
7087,0.001063,172.217.194.0-255,2902,50809,78,226853
7088,0.001068,172.31.40.0-255,66,50875,78,226853
7089,0.001082,172.217.194.0-255,2902,53777,78,226853
7090,0.001089,172.31.40.0-255,66,53843,78,226853
7091,0.001103,172.217.194.0-255,2902,56745,78,226853
7092,0.001106,172.31.40.0-255,66,56811,78,226853
7093,0.001121,172.31.40.0-255,66,56877,78,226853
7094,0.001155,172.217.194.0-255,2902,59779,78,226853
7095,0.001159,172.31.40.0-255,66,59845,78,226853
7096,0.001196,172.31.40.0-255,66,59911,78,226853
7097,0.00161,172.217.194.0-255,1484,61395,78,226853
7098,0.001619,172.217.194.0-255,1484,62879,78,226853
7099,0.001623,172.31.40.0-255,66,62945,78,226853
7100,0.001644,172.217.194.0-255,1484,64429,78,226853
7101,0.001651,172.217.194.0-255,5738,70167,78,226853
7102,0.001654,172.31.40.0-255,66,70233,78,226853
7103,0.001663,172.31.40.0-255,66,70299,78,226853
7104,0.001696,172.217.194.0-255,4320,74619,78,226853
7105,0.0017,172.31.40.0-255,66,74685,78,226853
7106,0.001704,172.217.194.0-255,2902,77587,78,226853
7107,0.001706,172.31.40.0-255,66,77653,78,226853
7108,0.001744,172.31.40.0-255,66,77719,78,226853
7109,0.001785,172.217.194.0-255,1484,79203,78,226853
7110,0.00179,172.217.194.0-255,2902,82105,78,226853
7111,0.001792,172.31.40.0-255,66,82171,78,226853
7112,0.001803,172.217.194.0-255,1484,83655,78,226853
7113,0.001826,172.217.194.0-255,4320,87975,78,226853
7114,0.001831,172.217.194.0-255,4320,92295,78,226853
7115,0.001866,172.217.194.0-255,2902,95197,78,226853
7116,0.00188,172.217.194.0-255,5738,100935,78,226853
7117,0.001896,172.217.194.0-255,7156,108091,78,226853
7118,0.001915,172.217.194.0-255,3602,111693,78,226853
7119,0.001961,172.217.194.0-255,4320,116013,78,226853
7120,0.002004,172.217.194.0-255,5020,121033,78,226853
7121,0.002051,172.217.194.0-255,1484,122517,78,226853
7122,0.002064,172.217.194.0-255,5738,128255,78,226853
7123,0.002083,172.217.194.0-255,2902,131157,78,226853
7124,0.002101,172.217.194.0-255,7156,138313,78,226853
7125,0.002126,172.217.194.0-255,4320,142633,78,226853
7126,0.002131,172.217.194.0-255,4320,146953,78,226853
7127,0.002175,172.217.194.0-255,7156,154109,78,226853
7128,0.002196,172.217.194.0-255,5738,159847,78,226853
7129,0.002231,172.217.194.0-255,5738,165585,78,226853
7130,0.002245,172.217.194.0-255,5738,171323,78,226853
7131,0.002254,172.217.194.0-255,766,172089,78,226853
7132,0.002332,172.217.194.0-255,1484,173573,78,226853
7133,0.002346,172.217.194.0-255,1484,175057,78,226853
7134,0.002363,172.217.194.0-255,1484,176541,78,226853
7135,0.002369,172.217.194.0-255,5738,182279,78,226853
7136,0.002371,172.217.194.0-255,1484,183763,78,226853
7137,0.002383,172.217.194.0-255,1484,185247,78,226853
7138,0.002401,172.217.194.0-255,4320,189567,78,226853
7139,0.002416,172.217.194.0-255,5738,195305,78,226853
7140,0.002428,172.217.194.0-255,1484,196789,78,226853
7141,0.002439,172.217.194.0-255,2902,199691,78,226853
7142,0.00247,172.217.194.0-255,5738,205429,78,226853
7143,0.002474,172.217.194.0-255,2184,207613,78,226853
7144,0.002492,172.217.194.0-255,2902,210515,78,226853
7145,0.002495,172.217.194.0-255,1484,211999,78,226853
7146,0.002509,172.217.194.0-255,4320,216319,78,226853
7147,0.002533,172.217.194.0-255,1484,217803,78,226853
7148,0.002538,172.217.194.0-255,4320,222123,78,226853
7149,0.002569,172.217.194.0-255,97,222220,78,226853
7150,0.002625,172.217.194.0-255,105,222325,78,226853
7151,0.006879,172.31.40.0-255,66,222391,78,226853
7152,0.00892,172.31.40.0-255,105,222496,78,226853
7153,0.011513,172.217.194.0-255,66,222562,78,226853
7154,0.037922,172.31.40.0-255,172,222734,78,226853
7155,0.037951,172.31.40.0-255,1108,223842,78,226853
7156,0.038014,172.31.40.0-255,1514,225356,78,226853
7157,0.038016,172.31.40.0-255,1299,226655,78,226853
7158,0.039471,104.244.42.0-255,66,226721,78,226853
7159,0.039509,104.244.42.0-255,66,226787,78,226853
7160,0.03956,104.244.42.0-255,66,226853,78,226853
7161,0.0,74.125.68.0-255,146,146,78,310673
7162,2.2e-05,172.31.40.0-255,66,212,78,310673
7163,2.9e-05,74.125.68.0-255,1484,1696,78,310673
7164,3.4e-05,172.31.40.0-255,66,1762,78,310673
7165,4e-05,74.125.68.0-255,2902,4664,78,310673
7166,4.4e-05,172.31.40.0-255,66,4730,78,310673
7167,5.7e-05,74.125.68.0-255,5738,10468,78,310673
7168,6.1e-05,172.31.40.0-255,66,10534,78,310673
7169,9.1e-05,74.125.68.0-255,1484,12018,78,310673
7170,9.4e-05,172.31.40.0-255,66,12084,78,310673
7171,0.000121,74.125.68.0-255,2064,14148,78,310673
7172,0.000123,172.31.40.0-255,66,14214,78,310673
7173,0.000396,74.125.68.0-255,1484,15698,78,310673
7174,0.000403,172.31.40.0-255,66,15764,78,310673
7175,0.000409,74.125.68.0-255,2902,18666,78,310673
7176,0.000411,172.31.40.0-255,66,18732,78,310673
7177,0.000416,74.125.68.0-255,2902,21634,78,310673
7178,0.000418,172.31.40.0-255,66,21700,78,310673
7179,0.000452,74.125.68.0-255,2902,24602,78,310673
7180,0.000455,172.31.40.0-255,66,24668,78,310673
7181,0.000462,74.125.68.0-255,6797,31465,78,310673
7182,0.000464,172.31.40.0-255,66,31531,78,310673
7183,0.000516,74.125.68.0-255,1484,33015,78,310673
7184,0.000519,172.31.40.0-255,66,33081,78,310673
7185,0.000549,74.125.68.0-255,2902,35983,78,310673
7186,0.000552,172.31.40.0-255,66,36049,78,310673
7187,0.000559,74.125.68.0-255,5738,41787,78,310673
7188,0.000562,172.31.40.0-255,66,41853,78,310673
7189,0.000596,74.125.68.0-255,2902,44755,78,310673
7190,0.000599,172.31.40.0-255,66,44821,78,310673
7191,0.000605,74.125.68.0-255,3961,48782,78,310673
7192,0.000607,172.31.40.0-255,66,48848,78,310673
7193,0.000651,74.125.68.0-255,1484,50332,78,310673
7194,0.000654,172.31.40.0-255,66,50398,78,310673
7195,0.000683,74.125.68.0-255,2902,53300,78,310673
7196,0.000687,172.31.40.0-255,66,53366,78,310673
7197,0.000693,74.125.68.0-255,5738,59104,78,310673
7198,0.000696,172.31.40.0-255,66,59170,78,310673
7199,0.000706,74.125.68.0-255,4320,63490,78,310673
7200,0.000708,172.31.40.0-255,66,63556,78,310673
7201,0.000751,74.125.68.0-255,1484,65040,78,310673
7202,0.000754,172.31.40.0-255,66,65106,78,310673
7203,0.000776,74.125.68.0-255,1735,66841,78,310673
7204,0.000779,172.31.40.0-255,66,66907,78,310673
7205,0.00084,74.125.68.0-255,1484,68391,78,310673
7206,0.000845,172.31.40.0-255,66,68457,78,310673
7207,0.000854,74.125.68.0-255,1484,69941,78,310673
7208,0.000856,172.31.40.0-255,66,70007,78,310673
7209,0.00089,74.125.68.0-255,2902,72909,78,310673
7210,0.000896,74.125.68.0-255,5738,78647,78,310673
7211,0.000898,74.125.68.0-255,1484,80131,78,310673
7212,0.000907,172.31.40.0-255,66,80197,78,310673
7213,0.00091,172.31.40.0-255,66,80263,78,310673
7214,0.000912,172.31.40.0-255,66,80329,78,310673
7215,0.000918,74.125.68.0-255,3961,84290,78,310673
7216,0.000925,172.31.40.0-255,66,84356,78,310673
7217,0.000953,74.125.68.0-255,1484,85840,78,310673
7218,0.000974,74.125.68.0-255,2902,88742,78,310673
7219,0.000977,172.31.40.0-255,66,88808,78,310673
7220,0.000983,74.125.68.0-255,4320,93128,78,310673
7221,0.000985,172.31.40.0-255,66,93194,78,310673
7222,0.001009,74.125.68.0-255,1484,94678,78,310673
7223,0.001015,74.125.68.0-255,4320,98998,78,310673
7224,0.001018,172.31.40.0-255,66,99064,78,310673
7225,0.001079,74.125.68.0-255,2543,101607,78,310673
7226,0.001084,172.31.40.0-255,66,101673,78,310673
7227,0.001179,74.125.68.0-255,1484,103157,78,310673
7228,0.001197,74.125.68.0-255,1484,104641,78,310673
7229,0.001202,74.125.68.0-255,2902,107543,78,310673
7230,0.001206,172.31.40.0-255,66,107609,78,310673
7231,0.001215,172.31.40.0-255,66,107675,78,310673
7232,0.001219,74.125.68.0-255,2902,110577,78,310673
7233,0.001221,172.31.40.0-255,66,110643,78,310673
7234,0.001243,74.125.68.0-255,2902,113545,78,310673
7235,0.00125,172.31.40.0-255,66,113611,78,310673
7236,0.001255,74.125.68.0-255,2902,116513,78,310673
7237,0.001257,172.31.40.0-255,66,116579,78,310673
7238,0.001281,74.125.68.0-255,7156,123735,78,310673
7239,0.001284,172.31.40.0-255,66,123801,78,310673
7240,0.001312,74.125.68.0-255,4320,128121,78,310673
7241,0.001315,172.31.40.0-255,66,128187,78,310673
7242,0.00132,74.125.68.0-255,2902,131089,78,310673
7243,0.001322,172.31.40.0-255,66,131155,78,310673
7244,0.00134,74.125.68.0-255,2902,134057,78,310673
7245,0.001348,172.31.40.0-255,66,134123,78,310673
7246,0.001376,74.125.68.0-255,2184,136307,78,310673
7247,0.001379,172.31.40.0-255,66,136373,78,310673
7248,0.001551,74.125.68.0-255,1484,137857,78,310673
7249,0.00157,74.125.68.0-255,2902,140759,78,310673
7250,0.001573,172.31.40.0-255,66,140825,78,310673
7251,0.001581,74.125.68.0-255,5738,146563,78,310673
7252,0.001583,172.31.40.0-255,66,146629,78,310673
7253,0.001633,172.31.40.0-255,66,146695,78,310673
7254,0.001661,74.125.68.0-255,1484,148179,78,310673
7255,0.001668,74.125.68.0-255,5738,153917,78,310673
7256,0.001673,172.31.40.0-255,66,153983,78,310673
7257,0.001703,74.125.68.0-255,6438,160421,78,310673
7258,0.001706,172.31.40.0-255,66,160487,78,310673
7259,0.002097,74.125.68.0-255,1484,161971,78,310673
7260,0.002103,74.125.68.0-255,2902,164873,78,310673
7261,0.002107,172.31.40.0-255,66,164939,78,310673
7262,0.00214,74.125.68.0-255,5738,170677,78,310673
7263,0.002143,172.31.40.0-255,66,170743,78,310673
7264,0.002149,74.125.68.0-255,5738,176481,78,310673
7265,0.002152,172.31.40.0-255,66,176547,78,310673
7266,0.002188,74.125.68.0-255,7156,183703,78,310673
7267,0.00219,172.31.40.0-255,66,183769,78,310673
7268,0.002196,74.125.68.0-255,4320,188089,78,310673
7269,0.002198,172.31.40.0-255,66,188155,78,310673
7270,0.002219,74.125.68.0-255,6438,194593,78,310673
7271,0.002222,172.31.40.0-255,66,194659,78,310673
7272,0.004502,74.125.68.0-255,5738,200397,78,310673
7273,0.004509,172.31.40.0-255,66,200463,78,310673
7274,0.006788,74.125.68.0-255,4320,204783,78,310673
7275,0.006791,172.31.40.0-255,66,204849,78,310673
7276,0.006816,74.125.68.0-255,1484,206333,78,310673
7277,0.009086,74.125.68.0-255,4320,210653,78,310673
7278,0.009093,172.31.40.0-255,66,210719,78,310673
7279,0.011405,74.125.68.0-255,5738,216457,78,310673
7280,0.011413,172.31.40.0-255,66,216523,78,310673
7281,0.013706,74.125.68.0-255,5738,222261,78,310673
7282,0.013716,172.31.40.0-255,66,222327,78,310673
7283,0.01601,74.125.68.0-255,4320,226647,78,310673
7284,0.01602,172.31.40.0-255,66,226713,78,310673
7285,0.016067,74.125.68.0-255,1484,228197,78,310673
7286,0.018322,74.125.68.0-255,4320,232517,78,310673
7287,0.01833,172.31.40.0-255,66,232583,78,310673
7288,0.020641,74.125.68.0-255,5738,238321,78,310673
7289,0.020648,172.31.40.0-255,66,238387,78,310673
7290,0.022963,74.125.68.0-255,5738,244125,78,310673
7291,0.02297,172.31.40.0-255,66,244191,78,310673
7292,0.025262,74.125.68.0-255,5738,249929,78,310673
7293,0.025268,172.31.40.0-255,66,249995,78,310673
7294,0.02756,74.125.68.0-255,4320,254315,78,310673
7295,0.027568,172.31.40.0-255,66,254381,78,310673
7296,0.027587,74.125.68.0-255,1484,255865,78,310673
7297,0.028772,172.31.40.0-255,167,256032,78,310673
7298,0.028803,172.31.40.0-255,1108,257140,78,310673
7299,0.02886,172.31.40.0-255,1514,258654,78,310673
7300,0.028862,172.31.40.0-255,1299,259953,78,310673
7301,0.029881,74.125.68.0-255,2902,262855,78,310673
7302,0.029888,172.31.40.0-255,66,262921,78,310673
7303,0.03035,104.244.42.0-255,66,262987,78,310673
7304,0.030375,104.244.42.0-255,66,263053,78,310673
7305,0.030427,104.244.42.0-255,66,263119,78,310673
7306,0.032171,74.125.68.0-255,2902,266021,78,310673
7307,0.032179,172.31.40.0-255,66,266087,78,310673
7308,0.032205,74.125.68.0-255,2902,268989,78,310673
7309,0.032209,172.31.40.0-255,66,269055,78,310673
7310,0.034475,74.125.68.0-255,2902,271957,78,310673
7311,0.034482,172.31.40.0-255,66,272023,78,310673
7312,0.034515,74.125.68.0-255,2902,274925,78,310673
7313,0.034518,172.31.40.0-255,66,274991,78,310673
7314,0.03677,74.125.68.0-255,1484,276475,78,310673
7315,0.036787,74.125.68.0-255,1484,277959,78,310673
7316,0.036792,172.31.40.0-255,66,278025,78,310673
7317,0.036824,74.125.68.0-255,2902,280927,78,310673
7318,0.036827,172.31.40.0-255,66,280993,78,310673
7319,0.039086,74.125.68.0-255,2902,283895,78,310673
7320,0.039096,172.31.40.0-255,66,283961,78,310673
7321,0.039129,74.125.68.0-255,2902,286863,78,310673
7322,0.039132,172.31.40.0-255,66,286929,78,310673
7323,0.041379,74.125.68.0-255,2902,289831,78,310673
7324,0.041386,172.31.40.0-255,66,289897,78,310673
7325,0.041414,74.125.68.0-255,2902,292799,78,310673
7326,0.041417,172.31.40.0-255,66,292865,78,310673
7327,0.043679,74.125.68.0-255,2902,295767,78,310673
7328,0.043686,172.31.40.0-255,66,295833,78,310673
7329,0.043715,74.125.68.0-255,2902,298735,78,310673
7330,0.043718,172.31.40.0-255,66,298801,78,310673
7331,0.045976,74.125.68.0-255,2902,301703,78,310673
7332,0.045981,172.31.40.0-255,66,301769,78,310673
7333,0.046012,74.125.68.0-255,2902,304671,78,310673
7334,0.046015,172.31.40.0-255,66,304737,78,310673
7335,0.048258,74.125.68.0-255,2902,307639,78,310673
7336,0.048265,172.31.40.0-255,66,307705,78,310673
7337,0.048298,74.125.68.0-255,2902,310607,78,310673
7338,0.048301,172.31.40.0-255,66,310673,78,310673
7339,0.0,172.253.118.0-255,290,290,78,281117
7340,2.1e-05,172.31.40.0-255,66,356,78,281117
7341,2.6e-05,172.253.118.0-255,1484,1840,78,281117
7342,3e-05,172.31.40.0-255,66,1906,78,281117
7343,3.6e-05,172.253.118.0-255,4320,6226,78,281117
7344,3.9e-05,172.31.40.0-255,66,6292,78,281117
7345,4.5e-05,172.253.118.0-255,4320,10612,78,281117
7346,4.7e-05,172.31.40.0-255,66,10678,78,281117
7347,6.9e-05,172.253.118.0-255,3204,13882,78,281117
7348,7.2e-05,172.31.40.0-255,66,13948,78,281117
7349,0.000153,172.253.118.0-255,1484,15432,78,281117
7350,0.000156,172.31.40.0-255,66,15498,78,281117
7351,0.000159,172.253.118.0-255,1484,16982,78,281117
7352,0.000161,172.31.40.0-255,66,17048,78,281117
7353,0.000179,172.253.118.0-255,1484,18532,78,281117
7354,0.000181,172.31.40.0-255,66,18598,78,281117
7355,0.000187,172.253.118.0-255,5738,24336,78,281117
7356,0.000189,172.31.40.0-255,66,24402,78,281117
7357,0.000195,172.253.118.0-255,6797,31199,78,281117
7358,0.000198,172.31.40.0-255,66,31265,78,281117
7359,0.000424,172.253.118.0-255,1484,32749,78,281117
7360,0.000429,172.253.118.0-255,2902,35651,78,281117
7361,0.000434,172.31.40.0-255,66,35717,78,281117
7362,0.000437,172.31.40.0-255,66,35783,78,281117
7363,0.000459,172.253.118.0-255,5738,41521,78,281117
7364,0.000462,172.31.40.0-255,66,41587,78,281117
7365,0.000489,172.253.118.0-255,1484,43071,78,281117
7366,0.000491,172.31.40.0-255,66,43137,78,281117
7367,0.000511,172.253.118.0-255,5379,48516,78,281117
7368,0.000513,172.31.40.0-255,66,48582,78,281117
7369,0.000527,172.253.118.0-255,5738,54320,78,281117
7370,0.000529,172.31.40.0-255,66,54386,78,281117
7371,0.000565,172.253.118.0-255,1484,55870,78,281117
7372,0.000579,172.31.40.0-255,66,55936,78,281117
7373,0.000624,172.253.118.0-255,646,56582,78,281117
7374,0.000888,172.253.118.0-255,1484,58066,78,281117
7375,0.000891,172.31.40.0-255,66,58132,78,281117
7376,0.000895,172.253.118.0-255,1484,59616,78,281117
7377,0.000911,172.253.118.0-255,1484,61100,78,281117
7378,0.000912,172.31.40.0-255,66,61166,78,281117
7379,0.000917,172.253.118.0-255,2902,64068,78,281117
7380,0.000919,172.31.40.0-255,66,64134,78,281117
7381,0.000932,172.253.118.0-255,2902,67036,78,281117
7382,0.000934,172.31.40.0-255,66,67102,78,281117
7383,0.000946,172.31.40.0-255,66,67168,78,281117
7384,0.00095,172.253.118.0-255,2902,70070,78,281117
7385,0.000951,172.31.40.0-255,66,70136,78,281117
7386,0.000982,172.253.118.0-255,7156,77292,78,281117
7387,0.000985,172.31.40.0-255,66,77358,78,281117
7388,0.001001,172.253.118.0-255,1484,78842,78,281117
7389,0.001037,172.31.40.0-255,66,78908,78,281117
7390,0.001235,172.253.118.0-255,1484,80392,78,281117
7391,0.001239,172.253.118.0-255,1484,81876,78,281117
7392,0.001242,172.31.40.0-255,66,81942,78,281117
7393,0.001262,172.253.118.0-255,1484,83426,78,281117
7394,0.001267,172.253.118.0-255,5738,89164,78,281117
7395,0.001271,172.31.40.0-255,66,89230,78,281117
7396,0.001302,172.31.40.0-255,66,89296,78,281117
7397,0.001331,172.253.118.0-255,7156,96452,78,281117
7398,0.001333,172.31.40.0-255,66,96518,78,281117
7399,0.001351,172.253.118.0-255,3602,100120,78,281117
7400,0.001355,172.31.40.0-255,66,100186,78,281117
7401,0.001841,172.253.118.0-255,1484,101670,78,281117
7402,0.00185,172.253.118.0-255,2902,104572,78,281117
7403,0.001853,172.31.40.0-255,66,104638,78,281117
7404,0.00186,172.253.118.0-255,4320,108958,78,281117
7405,0.001862,172.31.40.0-255,66,109024,78,281117
7406,0.001875,172.253.118.0-255,1484,110508,78,281117
7407,0.001899,172.253.118.0-255,1484,111992,78,281117
7408,0.001901,172.31.40.0-255,66,112058,78,281117
7409,0.001943,172.31.40.0-255,66,112124,78,281117
7410,0.001949,172.253.118.0-255,7156,119280,78,281117
7411,0.001951,172.31.40.0-255,66,119346,78,281117
7412,0.001968,172.253.118.0-255,3602,122948,78,281117
7413,0.001971,172.31.40.0-255,66,123014,78,281117
7414,0.002185,172.253.118.0-255,1484,124498,78,281117
7415,0.002191,172.253.118.0-255,2902,127400,78,281117
7416,0.002195,172.31.40.0-255,66,127466,78,281117
7417,0.002202,172.253.118.0-255,5738,133204,78,281117
7418,0.002204,172.31.40.0-255,66,133270,78,281117
7419,0.002208,172.253.118.0-255,2902,136172,78,281117
7420,0.002209,172.31.40.0-255,66,136238,78,281117
7421,0.002246,172.31.40.0-255,66,136304,78,281117
7422,0.002252,172.253.118.0-255,7156,143460,78,281117
7423,0.002254,172.31.40.0-255,66,143526,78,281117
7424,0.002274,172.253.118.0-255,3602,147128,78,281117
7425,0.002276,172.31.40.0-255,66,147194,78,281117
7426,0.00244,172.253.118.0-255,1484,148678,78,281117
7427,0.002447,172.253.118.0-255,2902,151580,78,281117
7428,0.002451,172.31.40.0-255,66,151646,78,281117
7429,0.002458,172.253.118.0-255,5738,157384,78,281117
7430,0.00246,172.31.40.0-255,66,157450,78,281117
7431,0.002493,172.31.40.0-255,66,157516,78,281117
7432,0.002549,172.31.40.0-255,66,157582,78,281117
7433,0.002581,172.253.118.0-255,6438,164020,78,281117
7434,0.002584,172.31.40.0-255,66,164086,78,281117
7435,0.002591,172.253.118.0-255,7156,171242,78,281117
7436,0.002593,172.31.40.0-255,66,171308,78,281117
7437,0.005097,172.253.118.0-255,5738,177046,78,281117
7438,0.005103,172.31.40.0-255,66,177112,78,281117
7439,0.007632,172.253.118.0-255,5738,182850,78,281117
7440,0.007639,172.31.40.0-255,66,182916,78,281117
7441,0.010151,172.253.118.0-255,5738,188654,78,281117
7442,0.010157,172.31.40.0-255,66,188720,78,281117
7443,0.012688,172.253.118.0-255,5738,194458,78,281117
7444,0.012698,172.31.40.0-255,66,194524,78,281117
7445,0.01521,172.253.118.0-255,5738,200262,78,281117
7446,0.015218,172.31.40.0-255,66,200328,78,281117
7447,0.017746,172.253.118.0-255,5738,206066,78,281117
7448,0.017756,172.31.40.0-255,66,206132,78,281117
7449,0.020282,172.253.118.0-255,5738,211870,78,281117
7450,0.02029,172.31.40.0-255,66,211936,78,281117
7451,0.022811,172.253.118.0-255,5738,217674,78,281117
7452,0.022818,172.31.40.0-255,66,217740,78,281117
7453,0.025355,172.253.118.0-255,5738,223478,78,281117
7454,0.025362,172.31.40.0-255,66,223544,78,281117
7455,0.027886,172.253.118.0-255,5738,229282,78,281117
7456,0.027894,172.31.40.0-255,66,229348,78,281117
7457,0.030373,172.31.40.0-255,171,229519,78,281117
7458,0.030403,172.253.118.0-255,1484,231003,78,281117
7459,0.030412,172.31.40.0-255,1132,232135,78,281117
7460,0.030423,172.253.118.0-255,4320,236455,78,281117
7461,0.030427,172.31.40.0-255,66,236521,78,281117
7462,0.030635,172.31.40.0-255,1514,238035,78,281117
7463,0.030637,172.31.40.0-255,1514,239549,78,281117
7464,0.030662,172.31.40.0-255,676,240225,78,281117
7465,0.031931,104.244.42.0-255,66,240291,78,281117
7466,0.031963,104.244.42.0-255,66,240357,78,281117
7467,0.032216,104.244.42.0-255,66,240423,78,281117
7468,0.032221,104.244.42.0-255,66,240489,78,281117
7469,0.032956,172.253.118.0-255,5738,246227,78,281117
7470,0.032962,172.31.40.0-255,66,246293,78,281117
7471,0.035478,172.253.118.0-255,5738,252031,78,281117
7472,0.035485,172.31.40.0-255,66,252097,78,281117
7473,0.038031,172.253.118.0-255,5738,257835,78,281117
7474,0.038038,172.31.40.0-255,66,257901,78,281117
7475,0.040572,172.253.118.0-255,5738,263639,78,281117
7476,0.040582,172.31.40.0-255,66,263705,78,281117
7477,0.043124,172.253.118.0-255,5738,269443,78,281117
7478,0.043131,172.31.40.0-255,66,269509,78,281117
7479,0.045683,172.253.118.0-255,5738,275247,78,281117
7480,0.045689,172.31.40.0-255,66,275313,78,281117
7481,0.048229,172.253.118.0-255,5738,281051,78,281117
7482,0.048236,172.31.40.0-255,66,281117,78,281117
7483,0.0,172.217.194.0-255,146,146,78,216736
7484,2.4e-05,172.31.40.0-255,66,212,78,216736
7485,3.1e-05,172.217.194.0-255,1484,1696,78,216736
7486,3.6e-05,172.31.40.0-255,66,1762,78,216736
7487,4.3e-05,172.217.194.0-255,2902,4664,78,216736
7488,4.7e-05,172.31.40.0-255,66,4730,78,216736
7489,5.3e-05,172.217.194.0-255,4320,9050,78,216736
7490,5.6e-05,172.31.40.0-255,66,9116,78,216736
7491,8.7e-05,172.217.194.0-255,4786,13902,78,216736
7492,9.1e-05,172.31.40.0-255,66,13968,78,216736
7493,9.8e-05,172.217.194.0-255,5738,19706,78,216736
7494,0.0001,172.31.40.0-255,66,19772,78,216736
7495,0.000145,172.31.40.0-255,66,19838,78,216736
7496,0.000164,172.217.194.0-255,2543,22381,78,216736
7497,0.000167,172.31.40.0-255,66,22447,78,216736
7498,0.000183,172.217.194.0-255,1484,23931,78,216736
7499,0.000185,172.31.40.0-255,66,23997,78,216736
7500,0.00019,172.217.194.0-255,2902,26899,78,216736
7501,0.000193,172.31.40.0-255,66,26965,78,216736
7502,0.000215,172.217.194.0-255,1484,28449,78,216736
7503,0.000218,172.31.40.0-255,66,28515,78,216736
7504,0.000234,172.217.194.0-255,4320,32835,78,216736
7505,0.000237,172.31.40.0-255,66,32901,78,216736
7506,0.000245,172.217.194.0-255,6797,39698,78,216736
7507,0.000248,172.31.40.0-255,66,39764,78,216736
7508,0.000311,172.217.194.0-255,7156,46920,78,216736
7509,0.000315,172.31.40.0-255,66,46986,78,216736
7510,0.000327,172.31.40.0-255,66,47052,78,216736
7511,0.00033,172.217.194.0-255,115,47167,78,216736
7512,0.000332,172.31.40.0-255,66,47233,78,216736
7513,0.000334,172.217.194.0-255,387,47620,78,216736
7514,0.000593,172.217.194.0-255,1484,49104,78,216736
7515,0.000598,172.31.40.0-255,66,49170,78,216736
7516,0.000603,172.217.194.0-255,2902,52072,78,216736
7517,0.000605,172.31.40.0-255,66,52138,78,216736
7518,0.000611,172.217.194.0-255,4320,56458,78,216736
7519,0.000614,172.31.40.0-255,66,56524,78,216736
7520,0.000633,172.217.194.0-255,1484,58008,78,216736
7521,0.000639,172.217.194.0-255,4320,62328,78,216736
7522,0.000642,172.31.40.0-255,66,62394,78,216736
7523,0.000667,172.31.40.0-255,66,62460,78,216736
7524,0.000679,172.31.40.0-255,66,62526,78,216736
7525,0.000681,172.217.194.0-255,766,63292,78,216736
7526,0.000814,172.217.194.0-255,1484,64776,78,216736
7527,0.000819,172.31.40.0-255,66,64842,78,216736
7528,0.000825,172.217.194.0-255,2902,67744,78,216736
7529,0.000828,172.31.40.0-255,66,67810,78,216736
7530,0.000833,172.217.194.0-255,4320,72130,78,216736
7531,0.000835,172.31.40.0-255,66,72196,78,216736
7532,0.000851,172.217.194.0-255,1484,73680,78,216736
7533,0.000856,172.217.194.0-255,2902,76582,78,216736
7534,0.000858,172.31.40.0-255,66,76648,78,216736
7535,0.000886,172.217.194.0-255,7156,83804,78,216736
7536,0.000888,172.31.40.0-255,66,83870,78,216736
7537,0.00092,172.217.194.0-255,2902,86772,78,216736
7538,0.000923,172.31.40.0-255,66,86838,78,216736
7539,0.000951,172.31.40.0-255,66,86904,78,216736
7540,0.000965,172.31.40.0-255,66,86970,78,216736
7541,0.000992,172.217.194.0-255,2902,89872,78,216736
7542,0.000995,172.31.40.0-255,66,89938,78,216736
7543,0.001011,172.31.40.0-255,66,90004,78,216736
7544,0.001016,172.217.194.0-255,5020,95024,78,216736
7545,0.001019,172.31.40.0-255,66,95090,78,216736
7546,0.00124,172.217.194.0-255,1484,96574,78,216736
7547,0.001246,172.217.194.0-255,2902,99476,78,216736
7548,0.00125,172.31.40.0-255,66,99542,78,216736
7549,0.001255,172.217.194.0-255,2902,102444,78,216736
7550,0.001258,172.31.40.0-255,66,102510,78,216736
7551,0.001276,172.217.194.0-255,2902,105412,78,216736
7552,0.001278,172.31.40.0-255,66,105478,78,216736
7553,0.001292,172.31.40.0-255,66,105544,78,216736
7554,0.001307,172.217.194.0-255,2902,108446,78,216736
7555,0.00131,172.31.40.0-255,66,108512,78,216736
7556,0.001337,172.31.40.0-255,66,108578,78,216736
7557,0.001406,172.217.194.0-255,1484,110062,78,216736
7558,0.001412,172.217.194.0-255,2902,112964,78,216736
7559,0.001414,172.31.40.0-255,66,113030,78,216736
7560,0.001418,172.217.194.0-255,1484,114514,78,216736
7561,0.001439,172.217.194.0-255,4320,118834,78,216736
7562,0.001441,172.31.40.0-255,66,118900,78,216736
7563,0.001461,172.217.194.0-255,5738,124638,78,216736
7564,0.001464,172.31.40.0-255,66,124704,78,216736
7565,0.001484,172.217.194.0-255,7156,131860,78,216736
7566,0.001486,172.31.40.0-255,66,131926,78,216736
7567,0.001493,172.217.194.0-255,7156,139082,78,216736
7568,0.001496,172.31.40.0-255,66,139148,78,216736
7569,0.001552,172.217.194.0-255,3602,142750,78,216736
7570,0.001555,172.31.40.0-255,66,142816,78,216736
7571,0.00156,172.217.194.0-255,4320,147136,78,216736
7572,0.001562,172.31.40.0-255,66,147202,78,216736
7573,0.001574,172.31.40.0-255,66,147268,78,216736
7574,0.001585,172.217.194.0-255,5738,153006,78,216736
7575,0.001588,172.31.40.0-255,66,153072,78,216736
7576,0.001614,172.217.194.0-255,4320,157392,78,216736
7577,0.001617,172.31.40.0-255,66,157458,78,216736
7578,0.001621,172.217.194.0-255,2902,160360,78,216736
7579,0.001624,172.31.40.0-255,66,160426,78,216736
7580,0.001648,172.217.194.0-255,6438,166864,78,216736
7581,0.00165,172.31.40.0-255,66,166930,78,216736
7582,0.001654,172.217.194.0-255,1484,168414,78,216736
7583,0.001684,172.31.40.0-255,66,168480,78,216736
7584,0.001697,172.31.40.0-255,66,168546,78,216736
7585,0.001723,172.217.194.0-255,2902,171448,78,216736
7586,0.001726,172.31.40.0-255,66,171514,78,216736
7587,0.00176,172.31.40.0-255,66,171580,78,216736
7588,0.001771,172.217.194.0-255,1484,173064,78,216736
7589,0.001786,172.217.194.0-255,2902,175966,78,216736
7590,0.001789,172.31.40.0-255,66,176032,78,216736
7591,0.001795,172.217.194.0-255,5738,181770,78,216736
7592,0.001797,172.31.40.0-255,66,181836,78,216736
7593,0.001816,172.217.194.0-255,4320,186156,78,216736
7594,0.001819,172.31.40.0-255,66,186222,78,216736
7595,0.001843,172.31.40.0-255,66,186288,78,216736
7596,0.00185,172.217.194.0-255,7156,193444,78,216736
7597,0.001853,172.31.40.0-255,66,193510,78,216736
7598,0.001886,172.217.194.0-255,7156,200666,78,216736
7599,0.00189,172.31.40.0-255,66,200732,78,216736
7600,0.001928,172.31.40.0-255,66,200798,78,216736
7601,0.001934,172.217.194.0-255,4320,205118,78,216736
7602,0.001936,172.31.40.0-255,66,205184,78,216736
7603,0.001969,172.31.40.0-255,66,205250,78,216736
7604,0.00199,172.217.194.0-255,5738,210988,78,216736
7605,0.001992,172.31.40.0-255,66,211054,78,216736
7606,0.002034,172.31.40.0-255,66,211120,78,216736
7607,0.002037,172.217.194.0-255,105,211225,78,216736
7608,0.004553,172.31.40.0-255,66,211291,78,216736
7609,0.00459,172.31.40.0-255,105,211396,78,216736
7610,0.006892,172.217.194.0-255,66,211462,78,216736
7611,0.048184,172.31.40.0-255,172,211634,78,216736
7612,0.048227,172.31.40.0-255,1107,212741,78,216736
7613,0.048288,172.31.40.0-255,1514,214255,78,216736
7614,0.048289,172.31.40.0-255,1514,215769,78,216736
7615,0.04829,172.31.40.0-255,703,216472,78,216736
7616,0.049697,104.244.42.0-255,66,216538,78,216736
7617,0.049718,104.244.42.0-255,66,216604,78,216736
7618,0.049787,104.244.42.0-255,66,216670,78,216736
7619,0.049791,104.244.42.0-255,66,216736,78,216736
7620,0.0,172.217.194.0-255,298,298,78,165966
7621,1.7e-05,172.31.40.0-255,66,364,78,165966
7622,2.4e-05,172.217.194.0-255,1484,1848,78,165966
7623,2.9e-05,172.31.40.0-255,66,1914,78,165966
7624,3.4e-05,172.217.194.0-255,2902,4816,78,165966
7625,4.4e-05,172.31.40.0-255,66,4882,78,165966
7626,5.1e-05,172.217.194.0-255,5738,10620,78,165966
7627,5.5e-05,172.31.40.0-255,66,10686,78,165966
7628,0.000116,172.31.40.0-255,66,10752,78,165966
7629,0.000154,172.31.40.0-255,66,10818,78,165966
7630,0.000205,172.217.194.0-255,1484,12302,78,165966
7631,0.000209,172.31.40.0-255,66,12368,78,165966
7632,0.000214,172.217.194.0-255,2902,15270,78,165966
7633,0.000216,172.31.40.0-255,66,15336,78,165966
7634,0.000247,172.217.194.0-255,4320,19656,78,165966
7635,0.00025,172.31.40.0-255,66,19722,78,165966
7636,0.000257,172.217.194.0-255,5738,25460,78,165966
7637,0.000259,172.31.40.0-255,66,25526,78,165966
7638,0.000266,172.217.194.0-255,1484,27010,78,165966
7639,0.000268,172.31.40.0-255,66,27076,78,165966
7640,0.000307,172.31.40.0-255,66,27142,78,165966
7641,0.000315,172.217.194.0-255,7091,34233,78,165966
7642,0.000317,172.31.40.0-255,66,34299,78,165966
7643,0.00032,172.217.194.0-255,99,34398,78,165966
7644,0.000323,172.31.40.0-255,66,34464,78,165966
7645,0.000359,172.217.194.0-255,1484,35948,78,165966
7646,0.000362,172.31.40.0-255,66,36014,78,165966
7647,0.000367,172.217.194.0-255,2902,38916,78,165966
7648,0.000369,172.31.40.0-255,66,38982,78,165966
7649,0.000372,172.217.194.0-255,1484,40466,78,165966
7650,0.000388,172.217.194.0-255,1484,41950,78,165966
7651,0.000394,172.31.40.0-255,66,42016,78,165966
7652,0.000435,172.217.194.0-255,5738,47754,78,165966
7653,0.000438,172.31.40.0-255,66,47820,78,165966
7654,0.000473,172.217.194.0-255,5379,53199,78,165966
7655,0.000475,172.31.40.0-255,66,53265,78,165966
7656,0.000486,172.31.40.0-255,66,53331,78,165966
7657,0.000493,172.217.194.0-255,1484,54815,78,165966
7658,0.000526,172.31.40.0-255,66,54881,78,165966
7659,0.000559,172.31.40.0-255,66,54947,78,165966
7660,0.0008,172.217.194.0-255,1484,56431,78,165966
7661,0.000808,172.217.194.0-255,2902,59333,78,165966
7662,0.000812,172.31.40.0-255,66,59399,78,165966
7663,0.000819,172.217.194.0-255,5738,65137,78,165966
7664,0.000822,172.31.40.0-255,66,65203,78,165966
7665,0.000894,172.31.40.0-255,66,65269,78,165966
7666,0.000912,172.31.40.0-255,66,65335,78,165966
7667,0.000915,172.217.194.0-255,766,66101,78,165966
7668,0.000974,172.217.194.0-255,1484,67585,78,165966
7669,0.000977,172.31.40.0-255,66,67651,78,165966
7670,0.000982,172.217.194.0-255,2902,70553,78,165966
7671,0.000984,172.31.40.0-255,66,70619,78,165966
7672,0.000989,172.217.194.0-255,4320,74939,78,165966
7673,0.000997,172.31.40.0-255,66,75005,78,165966
7674,0.001035,172.217.194.0-255,1484,76489,78,165966
7675,0.00105,172.31.40.0-255,66,76555,78,165966
7676,0.001066,172.31.40.0-255,66,76621,78,165966
7677,0.00107,172.217.194.0-255,2184,78805,78,165966
7678,0.001073,172.31.40.0-255,66,78871,78,165966
7679,0.001078,172.217.194.0-255,2902,81773,78,165966
7680,0.001081,172.31.40.0-255,66,81839,78,165966
7681,0.001089,172.217.194.0-255,7156,88995,78,165966
7682,0.001092,172.31.40.0-255,66,89061,78,165966
7683,0.001106,172.217.194.0-255,2902,91963,78,165966
7684,0.001109,172.31.40.0-255,66,92029,78,165966
7685,0.001155,172.31.40.0-255,66,92095,78,165966
7686,0.001163,172.217.194.0-255,6438,98533,78,165966
7687,0.001165,172.31.40.0-255,66,98599,78,165966
7688,0.001263,172.217.194.0-255,1484,100083,78,165966
7689,0.001269,172.217.194.0-255,2902,102985,78,165966
7690,0.001273,172.31.40.0-255,66,103051,78,165966
7691,0.001276,172.217.194.0-255,1484,104535,78,165966
7692,0.001305,172.217.194.0-255,4320,108855,78,165966
7693,0.001319,172.31.40.0-255,66,108921,78,165966
7694,0.001322,172.31.40.0-255,66,108987,78,165966
7695,0.001351,172.217.194.0-255,1484,110471,78,165966
7696,0.001364,172.31.40.0-255,66,110537,78,165966
7697,0.001388,172.217.194.0-255,1484,112021,78,165966
7698,0.001396,172.217.194.0-255,2902,114923,78,165966
7699,0.001399,172.31.40.0-255,66,114989,78,165966
7700,0.001403,172.217.194.0-255,2902,117891,78,165966
7701,0.001406,172.31.40.0-255,66,117957,78,165966
7702,0.001424,172.217.194.0-255,2902,120859,78,165966
7703,0.001427,172.31.40.0-255,66,120925,78,165966
7704,0.001438,172.217.194.0-255,7156,128081,78,165966
7705,0.001441,172.31.40.0-255,66,128147,78,165966
7706,0.001479,172.217.194.0-255,4320,132467,78,165966
7707,0.001486,172.31.40.0-255,66,132533,78,165966
7708,0.001505,172.31.40.0-255,66,132599,78,165966
7709,0.001532,172.217.194.0-255,1484,134083,78,165966
7710,0.001539,172.217.194.0-255,2902,136985,78,165966
7711,0.001541,172.31.40.0-255,66,137051,78,165966
7712,0.001572,172.217.194.0-255,5738,142789,78,165966
7713,0.001574,172.31.40.0-255,66,142855,78,165966
7714,0.001585,172.31.40.0-255,66,142921,78,165966
7715,0.001614,172.217.194.0-255,4320,147241,78,165966
7716,0.001616,172.31.40.0-255,66,147307,78,165966
7717,0.001632,172.31.40.0-255,66,147373,78,165966
7718,0.001634,172.217.194.0-255,766,148139,78,165966
7719,0.001638,172.217.194.0-255,1484,149623,78,165966
7720,0.00164,172.31.40.0-255,66,149689,78,165966
7721,0.001676,172.217.194.0-255,4320,154009,78,165966
7722,0.001815,172.217.194.0-255,7156,161165,78,165966
7723,0.001852,172.217.194.0-255,105,161270,78,165966
7724,0.002911,172.31.40.0-255,66,161336,78,165966
7725,0.003948,172.31.40.0-255,101,161437,78,165966
7726,0.005997,172.31.40.0-255,105,161542,78,165966
7727,0.006434,172.217.194.0-255,66,161608,78,165966
7728,0.008478,172.217.194.0-255,66,161674,78,165966
7729,0.031257,172.31.40.0-255,171,161845,78,165966
7730,0.031292,172.31.40.0-255,1132,162977,78,165966
7731,0.031353,172.31.40.0-255,1514,164491,78,165966
7732,0.031355,172.31.40.0-255,1277,165768,78,165966
7733,0.032804,104.244.42.0-255,66,165834,78,165966
7734,0.032977,104.244.42.0-255,66,165900,78,165966
7735,0.033029,104.244.42.0-255,66,165966,78,165966
7736,0.0,74.125.68.0-255,153,153,78,245722
7737,3.7e-05,172.31.40.0-255,66,219,78,245722
7738,4.4e-05,74.125.68.0-255,1484,1703,78,245722
7739,4.8e-05,172.31.40.0-255,66,1769,78,245722
7740,5.3e-05,74.125.68.0-255,2902,4671,78,245722
7741,5.7e-05,172.31.40.0-255,66,4737,78,245722
7742,6.3e-05,74.125.68.0-255,5738,10475,78,245722
7743,6.5e-05,172.31.40.0-255,66,10541,78,245722
7744,7e-05,74.125.68.0-255,3369,13910,78,245722
7745,7.2e-05,172.31.40.0-255,66,13976,78,245722
7746,9.4e-05,74.125.68.0-255,4320,18296,78,245722
7747,9.7e-05,172.31.40.0-255,66,18362,78,245722
7748,0.000101,74.125.68.0-255,1484,19846,78,245722
7749,0.000105,172.31.40.0-255,66,19912,78,245722
7750,0.000145,172.31.40.0-255,66,19978,78,245722
7751,0.00015,74.125.68.0-255,2543,22521,78,245722
7752,0.000152,172.31.40.0-255,66,22587,78,245722
7753,0.000274,74.125.68.0-255,1484,24071,78,245722
7754,0.00028,172.31.40.0-255,66,24137,78,245722
7755,0.000297,74.125.68.0-255,2902,27039,78,245722
7756,0.000301,172.31.40.0-255,66,27105,78,245722
7757,0.000306,74.125.68.0-255,4320,31425,78,245722
7758,0.000309,172.31.40.0-255,66,31491,78,245722
7759,0.000337,74.125.68.0-255,1484,32975,78,245722
7760,0.000341,172.31.40.0-255,66,33041,78,245722
7761,0.000346,74.125.68.0-255,2902,35943,78,245722
7762,0.000348,172.31.40.0-255,66,36009,78,245722
7763,0.000353,74.125.68.0-255,3961,39970,78,245722
7764,0.000355,172.31.40.0-255,66,40036,78,245722
7765,0.000928,74.125.68.0-255,1484,41520,78,245722
7766,0.000934,172.31.40.0-255,66,41586,78,245722
7767,0.000944,74.125.68.0-255,2902,44488,78,245722
7768,0.000947,172.31.40.0-255,66,44554,78,245722
7769,0.000953,74.125.68.0-255,4320,48874,78,245722
7770,0.000955,172.31.40.0-255,66,48940,78,245722
7771,0.000975,74.125.68.0-255,1484,50424,78,245722
7772,0.000992,74.125.68.0-255,4320,54744,78,245722
7773,0.000996,172.31.40.0-255,66,54810,78,245722
7774,0.001018,74.125.68.0-255,2543,57353,78,245722
7775,0.001021,172.31.40.0-255,66,57419,78,245722
7776,0.001049,74.125.68.0-255,4320,61739,78,245722
7777,0.001052,172.31.40.0-255,66,61805,78,245722
7778,0.00107,74.125.68.0-255,1484,63289,78,245722
7779,0.001079,74.125.68.0-255,7156,70445,78,245722
7780,0.001082,172.31.40.0-255,66,70511,78,245722
7781,0.00109,74.125.68.0-255,7156,77667,78,245722
7782,0.001092,172.31.40.0-255,66,77733,78,245722
7783,0.001112,74.125.68.0-255,5738,83471,78,245722
7784,0.001115,172.31.40.0-255,66,83537,78,245722
7785,0.00114,74.125.68.0-255,7156,90693,78,245722
7786,0.001143,172.31.40.0-255,66,90759,78,245722
7787,0.001159,74.125.68.0-255,1347,92106,78,245722
7788,0.001756,74.125.68.0-255,1484,93590,78,245722
7789,0.001763,172.31.40.0-255,66,93656,78,245722
7790,0.00177,74.125.68.0-255,2902,96558,78,245722
7791,0.001773,172.31.40.0-255,66,96624,78,245722
7792,0.001815,74.125.68.0-255,5738,102362,78,245722
7793,0.00182,172.31.40.0-255,66,102428,78,245722
7794,0.001827,74.125.68.0-255,7156,109584,78,245722
7795,0.00183,172.31.40.0-255,66,109650,78,245722
7796,0.001861,172.31.40.0-255,66,109716,78,245722
7797,0.00188,74.125.68.0-255,5738,115454,78,245722
7798,0.001883,172.31.40.0-255,66,115520,78,245722
7799,0.001887,74.125.68.0-255,2184,117704,78,245722
7800,0.001889,172.31.40.0-255,66,117770,78,245722
7801,0.002234,74.125.68.0-255,1484,119254,78,245722
7802,0.002241,74.125.68.0-255,2902,122156,78,245722
7803,0.002246,172.31.40.0-255,66,122222,78,245722
7804,0.00227,74.125.68.0-255,4320,126542,78,245722
7805,0.002274,172.31.40.0-255,66,126608,78,245722
7806,0.002279,74.125.68.0-255,2902,129510,78,245722
7807,0.00228,172.31.40.0-255,66,129576,78,245722
7808,0.002294,74.125.68.0-255,1484,131060,78,245722
7809,0.004522,74.125.68.0-255,4320,135380,78,245722
7810,0.00454,172.31.40.0-255,66,135446,78,245722
7811,0.006793,74.125.68.0-255,5738,141184,78,245722
7812,0.006807,172.31.40.0-255,66,141250,78,245722
7813,0.009074,74.125.68.0-255,5738,146988,78,245722
7814,0.009088,172.31.40.0-255,66,147054,78,245722
7815,0.011349,74.125.68.0-255,5738,152792,78,245722
7816,0.011367,172.31.40.0-255,66,152858,78,245722
7817,0.013631,74.125.68.0-255,5738,158596,78,245722
7818,0.013642,172.31.40.0-255,66,158662,78,245722
7819,0.015932,74.125.68.0-255,5738,164400,78,245722
7820,0.015954,172.31.40.0-255,66,164466,78,245722
7821,0.018225,74.125.68.0-255,5738,170204,78,245722
7822,0.018246,172.31.40.0-255,66,170270,78,245722
7823,0.020511,74.125.68.0-255,5738,176008,78,245722
7824,0.020531,172.31.40.0-255,66,176074,78,245722
7825,0.0228,74.125.68.0-255,5738,181812,78,245722
7826,0.022819,172.31.40.0-255,66,181878,78,245722
7827,0.025076,74.125.68.0-255,5738,187616,78,245722
7828,0.025088,172.31.40.0-255,66,187682,78,245722
7829,0.027374,74.125.68.0-255,5738,193420,78,245722
7830,0.027396,172.31.40.0-255,66,193486,78,245722
7831,0.029666,74.125.68.0-255,5738,199224,78,245722
7832,0.029682,172.31.40.0-255,66,199290,78,245722
7833,0.031974,74.125.68.0-255,5738,205028,78,245722
7834,0.031995,172.31.40.0-255,66,205094,78,245722
7835,0.034253,74.125.68.0-255,5738,210832,78,245722
7836,0.034271,172.31.40.0-255,66,210898,78,245722
7837,0.036523,74.125.68.0-255,5738,216636,78,245722
7838,0.036533,172.31.40.0-255,66,216702,78,245722
7839,0.038815,74.125.68.0-255,5738,222440,78,245722
7840,0.038832,172.31.40.0-255,66,222506,78,245722
7841,0.041104,74.125.68.0-255,5738,228244,78,245722
7842,0.041124,172.31.40.0-255,66,228310,78,245722
7843,0.043418,74.125.68.0-255,5738,234048,78,245722
7844,0.04344,172.31.40.0-255,66,234114,78,245722
7845,0.045765,74.125.68.0-255,5738,239852,78,245722
7846,0.045782,172.31.40.0-255,66,239918,78,245722
7847,0.048037,74.125.68.0-255,5738,245656,78,245722
7848,0.048045,172.31.40.0-255,66,245722,78,245722
7849,0.0,74.125.200.0-255,146,146,78,162797
7850,2e-05,172.31.40.0-255,66,212,78,162797
7851,2.8e-05,74.125.200.0-255,1484,1696,78,162797
7852,3.2e-05,172.31.40.0-255,66,1762,78,162797
7853,3.8e-05,74.125.200.0-255,2902,4664,78,162797
7854,5.1e-05,172.31.40.0-255,66,4730,78,162797
7855,5.7e-05,74.125.200.0-255,2902,7632,78,162797
7856,6e-05,172.31.40.0-255,66,7698,78,162797
7857,8.4e-05,74.125.200.0-255,2902,10600,78,162797
7858,8.7e-05,172.31.40.0-255,66,10666,78,162797
7859,9.9e-05,74.125.200.0-255,6222,16888,78,162797
7860,0.000101,172.31.40.0-255,66,16954,78,162797
7861,0.00014,172.31.40.0-255,66,17020,78,162797
7862,0.000163,74.125.200.0-255,3961,20981,78,162797
7863,0.000166,172.31.40.0-255,66,21047,78,162797
7864,0.001229,74.125.200.0-255,1484,22531,78,162797
7865,0.001237,172.31.40.0-255,66,22597,78,162797
7866,0.001274,74.125.200.0-255,1484,24081,78,162797
7867,0.001278,172.31.40.0-255,66,24147,78,162797
7868,0.001305,74.125.200.0-255,2902,27049,78,162797
7869,0.001308,172.31.40.0-255,66,27115,78,162797
7870,0.001316,74.125.200.0-255,5738,32853,78,162797
7871,0.001318,172.31.40.0-255,66,32919,78,162797
7872,0.001345,74.125.200.0-255,5379,38298,78,162797
7873,0.001348,172.31.40.0-255,66,38364,78,162797
7874,0.001357,74.125.200.0-255,5738,44102,78,162797
7875,0.001359,172.31.40.0-255,66,44168,78,162797
7876,0.001387,74.125.200.0-255,5738,49906,78,162797
7877,0.001389,172.31.40.0-255,66,49972,78,162797
7878,0.001426,74.125.200.0-255,5656,55628,78,162797
7879,0.00143,172.31.40.0-255,66,55694,78,162797
7880,0.001652,74.125.200.0-255,129,55823,78,162797
7881,0.003966,74.125.200.0-255,4320,60143,78,162797
7882,0.003975,172.31.40.0-255,66,60209,78,162797
7883,0.006516,74.125.200.0-255,5738,65947,78,162797
7884,0.006522,172.31.40.0-255,66,66013,78,162797
7885,0.009073,74.125.200.0-255,5738,71751,78,162797
7886,0.00908,172.31.40.0-255,66,71817,78,162797
7887,0.011643,74.125.200.0-255,5738,77555,78,162797
7888,0.011652,172.31.40.0-255,66,77621,78,162797
7889,0.014201,74.125.200.0-255,5738,83359,78,162797
7890,0.014209,172.31.40.0-255,66,83425,78,162797
7891,0.016752,74.125.200.0-255,5738,89163,78,162797
7892,0.01676,172.31.40.0-255,66,89229,78,162797
7893,0.019306,74.125.200.0-255,5738,94967,78,162797
7894,0.019316,172.31.40.0-255,66,95033,78,162797
7895,0.021884,74.125.200.0-255,5738,100771,78,162797
7896,0.021897,172.31.40.0-255,66,100837,78,162797
7897,0.024447,74.125.200.0-255,5738,106575,78,162797
7898,0.024457,172.31.40.0-255,66,106641,78,162797
7899,0.027003,74.125.200.0-255,5738,112379,78,162797
7900,0.027011,172.31.40.0-255,66,112445,78,162797
7901,0.027786,172.31.40.0-255,172,112617,78,162797
7902,0.027818,172.31.40.0-255,1107,113724,78,162797
7903,0.027884,172.31.40.0-255,1514,115238,78,162797
7904,0.027886,172.31.40.0-255,1514,116752,78,162797
7905,0.027911,172.31.40.0-255,701,117453,78,162797
7906,0.029333,104.244.42.0-255,66,117519,78,162797
7907,0.029386,104.244.42.0-255,66,117585,78,162797
7908,0.029438,104.244.42.0-255,66,117651,78,162797
7909,0.029443,104.244.42.0-255,66,117717,78,162797
7910,0.029548,74.125.200.0-255,4320,122037,78,162797
7911,0.029555,172.31.40.0-255,66,122103,78,162797
7912,0.029586,74.125.200.0-255,1484,123587,78,162797
7913,0.032111,74.125.200.0-255,4320,127907,78,162797
7914,0.032119,172.31.40.0-255,66,127973,78,162797
7915,0.034693,74.125.200.0-255,5738,133711,78,162797
7916,0.0347,172.31.40.0-255,66,133777,78,162797
7917,0.037287,74.125.200.0-255,5738,139515,78,162797
7918,0.037294,172.31.40.0-255,66,139581,78,162797
7919,0.039858,74.125.200.0-255,5738,145319,78,162797
7920,0.039865,172.31.40.0-255,66,145385,78,162797
7921,0.042406,74.125.200.0-255,5738,151123,78,162797
7922,0.042413,172.31.40.0-255,66,151189,78,162797
7923,0.044959,74.125.200.0-255,5738,156927,78,162797
7924,0.044966,172.31.40.0-255,66,156993,78,162797
7925,0.04752,74.125.200.0-255,5738,162731,78,162797
7926,0.047528,172.31.40.0-255,66,162797,78,162797
7927,0.0,74.125.68.0-255,150,150,78,360894
7928,1.5e-05,172.31.40.0-255,66,216,78,360894
7929,4.2e-05,74.125.68.0-255,1484,1700,78,360894
7930,4.6e-05,172.31.40.0-255,66,1766,78,360894
7931,6.6e-05,74.125.68.0-255,1484,3250,78,360894
7932,7e-05,172.31.40.0-255,66,3316,78,360894
7933,7.7e-05,74.125.68.0-255,2902,6218,78,360894
7934,7.9e-05,172.31.40.0-255,66,6284,78,360894
7935,9.5e-05,74.125.68.0-255,2902,9186,78,360894
7936,9.7e-05,172.31.40.0-255,66,9252,78,360894
7937,0.000111,74.125.68.0-255,2902,12154,78,360894
7938,0.000113,172.31.40.0-255,66,12220,78,360894
7939,0.000118,74.125.68.0-255,2028,14248,78,360894
7940,0.00012,172.31.40.0-255,66,14314,78,360894
7941,0.000124,74.125.68.0-255,2902,17216,78,360894
7942,0.000127,172.31.40.0-255,66,17282,78,360894
7943,0.000158,74.125.68.0-255,5738,23020,78,360894
7944,0.000161,172.31.40.0-255,66,23086,78,360894
7945,0.000177,74.125.68.0-255,1484,24570,78,360894
7946,0.00018,172.31.40.0-255,66,24636,78,360894
7947,0.000184,74.125.68.0-255,2902,27538,78,360894
7948,0.000186,172.31.40.0-255,66,27604,78,360894
7949,0.000214,74.125.68.0-255,1484,29088,78,360894
7950,0.000217,172.31.40.0-255,66,29154,78,360894
7951,0.000229,74.125.68.0-255,2543,31697,78,360894
7952,0.000231,172.31.40.0-255,66,31763,78,360894
7953,0.000293,74.125.68.0-255,1484,33247,78,360894
7954,0.000296,172.31.40.0-255,66,33313,78,360894
7955,0.000317,74.125.68.0-255,2902,36215,78,360894
7956,0.000319,172.31.40.0-255,66,36281,78,360894
7957,0.000345,74.125.68.0-255,4320,40601,78,360894
7958,0.000348,172.31.40.0-255,66,40667,78,360894
7959,0.000368,74.125.68.0-255,4320,44987,78,360894
7960,0.00037,172.31.40.0-255,66,45053,78,360894
7961,0.000407,74.125.68.0-255,2902,47955,78,360894
7962,0.00041,172.31.40.0-255,66,48021,78,360894
7963,0.000423,74.125.68.0-255,2543,50564,78,360894
7964,0.000425,172.31.40.0-255,66,50630,78,360894
7965,0.000428,74.125.68.0-255,1484,52114,78,360894
7966,0.000449,74.125.68.0-255,2902,55016,78,360894
7967,0.000452,172.31.40.0-255,66,55082,78,360894
7968,0.000467,74.125.68.0-255,2902,57984,78,360894
7969,0.000469,172.31.40.0-255,66,58050,78,360894
7970,0.000493,74.125.68.0-255,2902,60952,78,360894
7971,0.000496,172.31.40.0-255,66,61018,78,360894
7972,0.000554,74.125.68.0-255,2902,63920,78,360894
7973,0.000557,172.31.40.0-255,66,63986,78,360894
7974,0.000576,74.125.68.0-255,2813,66799,78,360894
7975,0.000578,172.31.40.0-255,66,66865,78,360894
7976,0.000581,74.125.68.0-255,135,67000,78,360894
7977,0.000781,74.125.68.0-255,1484,68484,78,360894
7978,0.000785,172.31.40.0-255,66,68550,78,360894
7979,0.000791,74.125.68.0-255,2902,71452,78,360894
7980,0.000794,172.31.40.0-255,66,71518,78,360894
7981,0.000817,74.125.68.0-255,4320,75838,78,360894
7982,0.00082,172.31.40.0-255,66,75904,78,360894
7983,0.000837,74.125.68.0-255,1484,77388,78,360894
7984,0.00084,74.125.68.0-255,1484,78872,78,360894
7985,0.000842,172.31.40.0-255,66,78938,78,360894
7986,0.000856,74.125.68.0-255,1484,80422,78,360894
7987,0.000868,74.125.68.0-255,1484,81906,78,360894
7988,0.00087,172.31.40.0-255,66,81972,78,360894
7989,0.000873,74.125.68.0-255,1484,83456,78,360894
7990,0.00089,74.125.68.0-255,1484,84940,78,360894
7991,0.000892,172.31.40.0-255,66,85006,78,360894
7992,0.000898,74.125.68.0-255,4320,89326,78,360894
7993,0.000899,172.31.40.0-255,66,89392,78,360894
7994,0.000926,74.125.68.0-255,1484,90876,78,360894
7995,0.000946,74.125.68.0-255,7156,98032,78,360894
7996,0.000949,172.31.40.0-255,66,98098,78,360894
7997,0.000984,74.125.68.0-255,3602,101700,78,360894
7998,0.000987,172.31.40.0-255,66,101766,78,360894
7999,0.001052,74.125.68.0-255,1484,103250,78,360894
8000,0.001082,74.125.68.0-255,2902,106152,78,360894
8001,0.001086,172.31.40.0-255,66,106218,78,360894
8002,0.001105,74.125.68.0-255,4320,110538,78,360894
8003,0.001107,172.31.40.0-255,66,110604,78,360894
8004,0.00113,74.125.68.0-255,1484,112088,78,360894
8005,0.001156,74.125.68.0-255,5738,117826,78,360894
8006,0.001159,172.31.40.0-255,66,117892,78,360894
8007,0.001162,74.125.68.0-255,826,118718,78,360894
8008,0.001429,74.125.68.0-255,1484,120202,78,360894
8009,0.001434,172.31.40.0-255,66,120268,78,360894
8010,0.001456,74.125.68.0-255,2902,123170,78,360894
8011,0.001458,172.31.40.0-255,66,123236,78,360894
8012,0.001465,74.125.68.0-255,4320,127556,78,360894
8013,0.001466,172.31.40.0-255,66,127622,78,360894
8014,0.001477,74.125.68.0-255,1484,129106,78,360894
8015,0.001495,74.125.68.0-255,7156,136262,78,360894
8016,0.001497,172.31.40.0-255,66,136328,78,360894
8017,0.001522,74.125.68.0-255,5738,142066,78,360894
8018,0.001525,172.31.40.0-255,66,142132,78,360894
8019,0.001542,74.125.68.0-255,2902,145034,78,360894
8020,0.001544,172.31.40.0-255,66,145100,78,360894
8021,0.001571,172.31.40.0-255,66,145166,78,360894
8022,0.001713,74.125.68.0-255,1484,146650,78,360894
8023,0.001734,74.125.68.0-255,2902,149552,78,360894
8024,0.001737,172.31.40.0-255,66,149618,78,360894
8025,0.001742,74.125.68.0-255,2902,152520,78,360894
8026,0.001744,172.31.40.0-255,66,152586,78,360894
8027,0.001758,74.125.68.0-255,1484,154070,78,360894
8028,0.001763,74.125.68.0-255,2902,156972,78,360894
8029,0.001766,172.31.40.0-255,66,157038,78,360894
8030,0.001795,74.125.68.0-255,5738,162776,78,360894
8031,0.001797,172.31.40.0-255,66,162842,78,360894
8032,0.001805,74.125.68.0-255,7156,169998,78,360894
8033,0.001807,172.31.40.0-255,66,170064,78,360894
8034,0.001811,74.125.68.0-255,2902,172966,78,360894
8035,0.001813,172.31.40.0-255,66,173032,78,360894
8036,0.001837,74.125.68.0-255,5738,178770,78,360894
8037,0.00184,172.31.40.0-255,66,178836,78,360894
8038,0.001845,74.125.68.0-255,4320,183156,78,360894
8039,0.001847,172.31.40.0-255,66,183222,78,360894
8040,0.001862,74.125.68.0-255,2184,185406,78,360894
8041,0.001865,172.31.40.0-255,66,185472,78,360894
8042,0.001871,74.125.68.0-255,5738,191210,78,360894
8043,0.001873,172.31.40.0-255,66,191276,78,360894
8044,0.001889,74.125.68.0-255,1484,192760,78,360894
8045,0.001915,172.31.40.0-255,66,192826,78,360894
8046,0.001935,74.125.68.0-255,4320,197146,78,360894
8047,0.001937,172.31.40.0-255,66,197212,78,360894
8048,0.001951,74.125.68.0-255,4320,201532,78,360894
8049,0.001954,172.31.40.0-255,66,201598,78,360894
8050,0.001969,74.125.68.0-255,3602,205200,78,360894
8051,0.001972,172.31.40.0-255,66,205266,78,360894
8052,0.00201,74.125.68.0-255,1484,206750,78,360894
8053,0.002014,74.125.68.0-255,2902,209652,78,360894
8054,0.002017,172.31.40.0-255,66,209718,78,360894
8055,0.002042,74.125.68.0-255,5738,215456,78,360894
8056,0.002045,172.31.40.0-255,66,215522,78,360894
8057,0.00205,74.125.68.0-255,4320,219842,78,360894
8058,0.002052,172.31.40.0-255,66,219908,78,360894
8059,0.002056,74.125.68.0-255,2902,222810,78,360894
8060,0.002058,172.31.40.0-255,66,222876,78,360894
8061,0.002087,74.125.68.0-255,2902,225778,78,360894
8062,0.00209,172.31.40.0-255,66,225844,78,360894
8063,0.002107,172.31.40.0-255,66,225910,78,360894
8064,0.002111,74.125.68.0-255,2184,228094,78,360894
8065,0.002114,172.31.40.0-255,66,228160,78,360894
8066,0.002171,74.125.68.0-255,1484,229644,78,360894
8067,0.002188,74.125.68.0-255,2902,232546,78,360894
8068,0.002191,172.31.40.0-255,66,232612,78,360894
8069,0.00221,74.125.68.0-255,4320,236932,78,360894
8070,0.002212,172.31.40.0-255,66,236998,78,360894
8071,0.002225,74.125.68.0-255,4320,241318,78,360894
8072,0.002228,172.31.40.0-255,66,241384,78,360894
8073,0.002244,74.125.68.0-255,1484,242868,78,360894
8074,0.002282,172.31.40.0-255,66,242934,78,360894
8075,0.002305,74.125.68.0-255,1484,244418,78,360894
8076,0.002333,172.31.40.0-255,66,244484,78,360894
8077,0.002338,74.125.68.0-255,2902,247386,78,360894
8078,0.00234,172.31.40.0-255,66,247452,78,360894
8079,0.002359,74.125.68.0-255,5738,253190,78,360894
8080,0.006763,172.31.40.0-255,66,253256,78,360894
8081,0.009102,74.125.68.0-255,5738,258994,78,360894
8082,0.009109,172.31.40.0-255,66,259060,78,360894
8083,0.011428,74.125.68.0-255,5738,264798,78,360894
8084,0.011435,172.31.40.0-255,66,264864,78,360894
8085,0.013763,74.125.68.0-255,5738,270602,78,360894
8086,0.013771,172.31.40.0-255,66,270668,78,360894
8087,0.016091,74.125.68.0-255,5738,276406,78,360894
8088,0.016104,172.31.40.0-255,66,276472,78,360894
8089,0.018439,74.125.68.0-255,5738,282210,78,360894
8090,0.018447,172.31.40.0-255,66,282276,78,360894
8091,0.020777,74.125.68.0-255,5738,288014,78,360894
8092,0.020785,172.31.40.0-255,66,288080,78,360894
8093,0.023114,74.125.68.0-255,5738,293818,78,360894
8094,0.023121,172.31.40.0-255,66,293884,78,360894
8095,0.025456,74.125.68.0-255,5738,299622,78,360894
8096,0.025465,172.31.40.0-255,66,299688,78,360894
8097,0.027792,74.125.68.0-255,5738,305426,78,360894
8098,0.0278,172.31.40.0-255,66,305492,78,360894
8099,0.029638,172.31.40.0-255,172,305664,78,360894
8100,0.029669,172.31.40.0-255,1108,306772,78,360894
8101,0.02973,172.31.40.0-255,1514,308286,78,360894
8102,0.029732,172.31.40.0-255,1514,309800,78,360894
8103,0.029737,172.31.40.0-255,1514,311314,78,360894
8104,0.029738,172.31.40.0-255,1079,312393,78,360894
8105,0.03012,74.125.68.0-255,5738,318131,78,360894
8106,0.030128,172.31.40.0-255,66,318197,78,360894
8107,0.031181,104.244.42.0-255,66,318263,78,360894
8108,0.03121,104.244.42.0-255,66,318329,78,360894
8109,0.031263,104.244.42.0-255,66,318395,78,360894
8110,0.031281,104.244.42.0-255,66,318461,78,360894
8111,0.032454,74.125.68.0-255,5738,324199,78,360894
8112,0.032459,172.31.40.0-255,66,324265,78,360894
8113,0.034786,74.125.68.0-255,5738,330003,78,360894
8114,0.034791,172.31.40.0-255,66,330069,78,360894
8115,0.03713,74.125.68.0-255,5738,335807,78,360894
8116,0.037137,172.31.40.0-255,66,335873,78,360894
8117,0.039483,74.125.68.0-255,5738,341611,78,360894
8118,0.039492,172.31.40.0-255,66,341677,78,360894
8119,0.041817,74.125.68.0-255,5738,347415,78,360894
8120,0.041823,172.31.40.0-255,66,347481,78,360894
8121,0.044148,74.125.68.0-255,5738,353219,78,360894
8122,0.044155,172.31.40.0-255,66,353285,78,360894
8123,0.046478,74.125.68.0-255,5738,359023,78,360894
8124,0.046485,172.31.40.0-255,66,359089,78,360894
8125,0.04882,74.125.68.0-255,1634,360723,78,360894
8126,0.048826,172.31.40.0-255,66,360789,78,360894
8127,0.04898,172.31.40.0-255,105,360894,78,360894
8128,0.0,172.217.26.0-255,152,152,78,217343
8129,2e-05,172.31.40.0-255,66,218,78,217343
8130,2.7e-05,172.217.26.0-255,1484,1702,78,217343
8131,3.1e-05,172.31.40.0-255,66,1768,78,217343
8132,3.7e-05,172.217.26.0-255,2902,4670,78,217343
8133,4e-05,172.31.40.0-255,66,4736,78,217343
8134,4.7e-05,172.217.26.0-255,5738,10474,78,217343
8135,5.1e-05,172.31.40.0-255,66,10540,78,217343
8136,8.3e-05,172.217.26.0-255,1484,12024,78,217343
8137,8.6e-05,172.31.40.0-255,66,12090,78,217343
8138,9.1e-05,172.217.26.0-255,1983,14073,78,217343
8139,9.3e-05,172.31.40.0-255,66,14139,78,217343
8140,9.8e-05,172.217.26.0-255,2902,17041,78,217343
8141,0.000101,172.31.40.0-255,66,17107,78,217343
8142,0.000108,172.217.26.0-255,7156,24263,78,217343
8143,0.00011,172.31.40.0-255,66,24329,78,217343
8144,0.000154,172.217.26.0-255,4320,28649,78,217343
8145,0.000158,172.31.40.0-255,66,28715,78,217343
8146,0.00018,172.217.26.0-255,2543,31258,78,217343
8147,0.000182,172.31.40.0-255,66,31324,78,217343
8148,0.000461,172.217.26.0-255,1484,32808,78,217343
8149,0.000466,172.31.40.0-255,66,32874,78,217343
8150,0.000472,172.217.26.0-255,2902,35776,78,217343
8151,0.000475,172.31.40.0-255,66,35842,78,217343
8152,0.000482,172.217.26.0-255,5738,41580,78,217343
8153,0.000484,172.31.40.0-255,66,41646,78,217343
8154,0.000489,172.217.26.0-255,2902,44548,78,217343
8155,0.000492,172.31.40.0-255,66,44614,78,217343
8156,0.000517,172.217.26.0-255,3961,48575,78,217343
8157,0.00052,172.31.40.0-255,66,48641,78,217343
8158,0.000528,172.217.26.0-255,7156,55797,78,217343
8159,0.00053,172.31.40.0-255,66,55863,78,217343
8160,0.000542,172.31.40.0-255,66,55929,78,217343
8161,0.000545,172.217.26.0-255,394,56323,78,217343
8162,0.001017,172.31.40.0-255,66,56389,78,217343
8163,0.001819,172.217.26.0-255,116,56505,78,217343
8164,0.001964,172.217.26.0-255,1484,57989,78,217343
8165,0.001968,172.31.40.0-255,66,58055,78,217343
8166,0.001975,172.217.26.0-255,2902,60957,78,217343
8167,0.001977,172.31.40.0-255,66,61023,78,217343
8168,0.001996,172.217.26.0-255,5738,66761,78,217343
8169,0.001999,172.31.40.0-255,66,66827,78,217343
8170,0.002021,172.217.26.0-255,1484,68311,78,217343
8171,0.002041,172.217.26.0-255,5379,73690,78,217343
8172,0.002044,172.31.40.0-255,66,73756,78,217343
8173,0.004025,172.217.26.0-255,5738,79494,78,217343
8174,0.004028,172.31.40.0-255,66,79560,78,217343
8175,0.006024,172.217.26.0-255,5738,85298,78,217343
8176,0.006029,172.31.40.0-255,66,85364,78,217343
8177,0.008016,172.217.26.0-255,5738,91102,78,217343
8178,0.008021,172.31.40.0-255,66,91168,78,217343
8179,0.010008,172.217.26.0-255,5738,96906,78,217343
8180,0.010014,172.31.40.0-255,66,96972,78,217343
8181,0.011994,172.217.26.0-255,5738,102710,78,217343
8182,0.012002,172.31.40.0-255,66,102776,78,217343
8183,0.013987,172.217.26.0-255,5738,108514,78,217343
8184,0.013996,172.31.40.0-255,66,108580,78,217343
8185,0.015991,172.217.26.0-255,5738,114318,78,217343
8186,0.015999,172.31.40.0-255,66,114384,78,217343
8187,0.017991,172.217.26.0-255,5738,120122,78,217343
8188,0.017997,172.31.40.0-255,66,120188,78,217343
8189,0.019982,172.217.26.0-255,5738,125926,78,217343
8190,0.019988,172.31.40.0-255,66,125992,78,217343
8191,0.021973,172.217.26.0-255,5738,131730,78,217343
8192,0.021981,172.31.40.0-255,66,131796,78,217343
8193,0.023967,172.217.26.0-255,5738,137534,78,217343
8194,0.023975,172.31.40.0-255,66,137600,78,217343
8195,0.025961,172.217.26.0-255,5738,143338,78,217343
8196,0.025967,172.31.40.0-255,66,143404,78,217343
8197,0.027197,172.31.40.0-255,172,143576,78,217343
8198,0.027223,172.31.40.0-255,1107,144683,78,217343
8199,0.027274,172.31.40.0-255,1514,146197,78,217343
8200,0.027275,172.31.40.0-255,1300,147497,78,217343
8201,0.027954,172.217.26.0-255,5738,153235,78,217343
8202,0.027961,172.31.40.0-255,66,153301,78,217343
8203,0.028768,104.244.42.0-255,66,153367,78,217343
8204,0.028796,104.244.42.0-255,66,153433,78,217343
8205,0.028859,104.244.42.0-255,66,153499,78,217343
8206,0.029954,172.217.26.0-255,5738,159237,78,217343
8207,0.029959,172.31.40.0-255,66,159303,78,217343
8208,0.031952,172.217.26.0-255,5738,165041,78,217343
8209,0.031958,172.31.40.0-255,66,165107,78,217343
8210,0.033952,172.217.26.0-255,5738,170845,78,217343
8211,0.033959,172.31.40.0-255,66,170911,78,217343
8212,0.035954,172.217.26.0-255,5738,176649,78,217343
8213,0.035961,172.31.40.0-255,66,176715,78,217343
8214,0.037955,172.217.26.0-255,5738,182453,78,217343
8215,0.037962,172.31.40.0-255,66,182519,78,217343
8216,0.039962,172.217.26.0-255,5738,188257,78,217343
8217,0.039969,172.31.40.0-255,66,188323,78,217343
8218,0.041967,172.217.26.0-255,5738,194061,78,217343
8219,0.041977,172.31.40.0-255,66,194127,78,217343
8220,0.043977,172.217.26.0-255,5738,199865,78,217343
8221,0.043982,172.31.40.0-255,66,199931,78,217343
8222,0.045965,172.217.26.0-255,5738,205669,78,217343
8223,0.045971,172.31.40.0-255,66,205735,78,217343
8224,0.047989,172.217.26.0-255,5738,211473,78,217343
8225,0.047995,172.31.40.0-255,66,211539,78,217343
8226,0.049983,172.217.26.0-255,5738,217277,78,217343
8227,0.04999,172.31.40.0-255,66,217343,78,217343
8228,0.0,74.125.24.0-255,150,150,78,277813
8229,1.3e-05,172.31.40.0-255,66,216,78,277813
8230,2e-05,74.125.24.0-255,1484,1700,78,277813
8231,2.4e-05,172.31.40.0-255,66,1766,78,277813
8232,3e-05,74.125.24.0-255,2902,4668,78,277813
8233,3.4e-05,172.31.40.0-255,66,4734,78,277813
8234,4.2e-05,74.125.24.0-255,7156,11890,78,277813
8235,4.6e-05,172.31.40.0-255,66,11956,78,277813
8236,5e-05,74.125.24.0-255,1484,13440,78,277813
8237,5.2e-05,172.31.40.0-255,66,13506,78,277813
8238,9.5e-05,172.31.40.0-255,66,13572,78,277813
8239,0.0001,74.125.24.0-255,2543,16115,78,277813
8240,0.000102,172.31.40.0-255,66,16181,78,277813
8241,0.000131,74.125.24.0-255,2902,19083,78,277813
8242,0.000133,172.31.40.0-255,66,19149,78,277813
8243,0.000136,74.125.24.0-255,1484,20633,78,277813
8244,0.000138,172.31.40.0-255,66,20699,78,277813
8245,0.00016,74.125.24.0-255,5738,26437,78,277813
8246,0.000162,172.31.40.0-255,66,26503,78,277813
8247,0.000169,74.125.24.0-255,6797,33300,78,277813
8248,0.000171,172.31.40.0-255,66,33366,78,277813
8249,0.000211,74.125.24.0-255,1484,34850,78,277813
8250,0.000214,172.31.40.0-255,66,34916,78,277813
8251,0.000218,74.125.24.0-255,2902,37818,78,277813
8252,0.00022,172.31.40.0-255,66,37884,78,277813
8253,0.000263,74.125.24.0-255,4320,42204,78,277813
8254,0.000266,172.31.40.0-255,66,42270,78,277813
8255,0.000272,74.125.24.0-255,5738,48008,78,277813
8256,0.000274,172.31.40.0-255,66,48074,78,277813
8257,0.000307,74.125.24.0-255,2836,50910,78,277813
8258,0.00031,172.31.40.0-255,66,50976,78,277813
8259,0.000454,74.125.24.0-255,132,51108,78,277813
8260,0.000533,74.125.24.0-255,348,51456,78,277813
8261,0.000723,74.125.24.0-255,1484,52940,78,277813
8262,0.000728,172.31.40.0-255,66,53006,78,277813
8263,0.000734,74.125.24.0-255,2902,55908,78,277813
8264,0.000736,172.31.40.0-255,66,55974,78,277813
8265,0.000754,74.125.24.0-255,5738,61712,78,277813
8266,0.000756,172.31.40.0-255,66,61778,78,277813
8267,0.00078,74.125.24.0-255,7156,68934,78,277813
8268,0.000784,172.31.40.0-255,66,69000,78,277813
8269,0.000819,172.31.40.0-255,66,69066,78,277813
8270,0.000835,74.125.24.0-255,4320,73386,78,277813
8271,0.000838,172.31.40.0-255,66,73452,78,277813
8272,0.000843,74.125.24.0-255,2184,75636,78,277813
8273,0.000845,172.31.40.0-255,66,75702,78,277813
8274,0.001009,74.125.24.0-255,1484,77186,78,277813
8275,0.001015,74.125.24.0-255,2902,80088,78,277813
8276,0.001018,172.31.40.0-255,66,80154,78,277813
8277,0.001022,74.125.24.0-255,1484,81638,78,277813
8278,0.001045,74.125.24.0-255,4320,85958,78,277813
8279,0.001047,172.31.40.0-255,66,86024,78,277813
8280,0.001059,172.31.40.0-255,66,86090,78,277813
8281,0.001078,74.125.24.0-255,4320,90410,78,277813
8282,0.00108,172.31.40.0-255,66,90476,78,277813
8283,0.001113,74.125.24.0-255,1484,91960,78,277813
8284,0.001148,172.31.40.0-255,66,92026,78,277813
8285,0.001165,74.125.24.0-255,1484,93510,78,277813
8286,0.001186,74.125.24.0-255,2902,96412,78,277813
8287,0.001189,172.31.40.0-255,66,96478,78,277813
8288,0.001193,74.125.24.0-255,2902,99380,78,277813
8289,0.001195,172.31.40.0-255,66,99446,78,277813
8290,0.001211,74.125.24.0-255,2902,102348,78,277813
8291,0.001213,172.31.40.0-255,66,102414,78,277813
8292,0.001229,74.125.24.0-255,1484,103898,78,277813
8293,0.001256,172.31.40.0-255,66,103964,78,277813
8294,0.001277,74.125.24.0-255,1484,105448,78,277813
8295,0.001289,172.31.40.0-255,66,105514,78,277813
8296,0.001307,74.125.24.0-255,1484,106998,78,277813
8297,0.00133,74.125.24.0-255,3602,110600,78,277813
8298,0.001334,172.31.40.0-255,66,110666,78,277813
8299,0.00134,74.125.24.0-255,5738,116404,78,277813
8300,0.001343,172.31.40.0-255,66,116470,78,277813
8301,0.001355,172.31.40.0-255,66,116536,78,277813
8302,0.00136,74.125.24.0-255,2902,119438,78,277813
8303,0.001362,172.31.40.0-255,66,119504,78,277813
8304,0.001431,172.31.40.0-255,66,119570,78,277813
8305,0.001461,74.125.24.0-255,1484,121054,78,277813
8306,0.001477,74.125.24.0-255,2902,123956,78,277813
8307,0.00148,172.31.40.0-255,66,124022,78,277813
8308,0.001485,74.125.24.0-255,2902,126924,78,277813
8309,0.001487,172.31.40.0-255,66,126990,78,277813
8310,0.001502,74.125.24.0-255,2902,129892,78,277813
8311,0.001504,172.31.40.0-255,66,129958,78,277813
8312,0.001511,74.125.24.0-255,5738,135696,78,277813
8313,0.001513,172.31.40.0-255,66,135762,78,277813
8314,0.001529,74.125.24.0-255,7156,142918,78,277813
8315,0.001532,172.31.40.0-255,66,142984,78,277813
8316,0.001538,74.125.24.0-255,4320,147304,78,277813
8317,0.001541,172.31.40.0-255,66,147370,78,277813
8318,0.001566,74.125.24.0-255,6438,153808,78,277813
8319,0.001569,172.31.40.0-255,66,153874,78,277813
8320,0.002264,74.125.24.0-255,1484,155358,78,277813
8321,0.002272,74.125.24.0-255,2902,158260,78,277813
8322,0.002276,172.31.40.0-255,66,158326,78,277813
8323,0.002302,74.125.24.0-255,5738,164064,78,277813
8324,0.002304,172.31.40.0-255,66,164130,78,277813
8325,0.002311,74.125.24.0-255,4320,168450,78,277813
8326,0.002313,172.31.40.0-255,66,168516,78,277813
8327,0.002321,74.125.24.0-255,1484,170000,78,277813
8328,0.00236,172.31.40.0-255,66,170066,78,277813
8329,0.002371,172.31.40.0-255,66,170132,78,277813
8330,0.002415,74.125.24.0-255,1484,171616,78,277813
8331,0.002438,74.125.24.0-255,2902,174518,78,277813
8332,0.002441,172.31.40.0-255,66,174584,78,277813
8333,0.002446,74.125.24.0-255,2902,177486,78,277813
8334,0.002449,172.31.40.0-255,66,177552,78,277813
8335,0.002466,74.125.24.0-255,2902,180454,78,277813
8336,0.002468,172.31.40.0-255,66,180520,78,277813
8337,0.002471,74.125.24.0-255,1484,182004,78,277813
8338,0.00251,172.31.40.0-255,66,182070,78,277813
8339,0.002517,74.125.24.0-255,5738,187808,78,277813
8340,0.002519,172.31.40.0-255,66,187874,78,277813
8341,0.002541,74.125.24.0-255,1484,189358,78,277813
8342,0.002575,74.125.24.0-255,2184,191542,78,277813
8343,0.009039,172.31.40.0-255,66,191608,78,277813
8344,0.011577,74.125.24.0-255,5738,197346,78,277813
8345,0.011585,172.31.40.0-255,66,197412,78,277813
8346,0.014108,74.125.24.0-255,5738,203150,78,277813
8347,0.014116,172.31.40.0-255,66,203216,78,277813
8348,0.016674,74.125.24.0-255,5738,208954,78,277813
8349,0.01669,172.31.40.0-255,66,209020,78,277813
8350,0.019287,74.125.24.0-255,5738,214758,78,277813
8351,0.019303,172.31.40.0-255,66,214824,78,277813
8352,0.021845,74.125.24.0-255,5738,220562,78,277813
8353,0.021853,172.31.40.0-255,66,220628,78,277813
8354,0.024418,74.125.24.0-255,5738,226366,78,277813
8355,0.02443,172.31.40.0-255,66,226432,78,277813
8356,0.026972,74.125.24.0-255,5738,232170,78,277813
8357,0.026984,172.31.40.0-255,66,232236,78,277813
8358,0.02955,74.125.24.0-255,5738,237974,78,277813
8359,0.02956,172.31.40.0-255,66,238040,78,277813
8360,0.03212,74.125.24.0-255,5738,243778,78,277813
8361,0.032139,172.31.40.0-255,66,243844,78,277813
8362,0.03466,74.125.24.0-255,5738,249582,78,277813
8363,0.034667,172.31.40.0-255,66,249648,78,277813
8364,0.037332,74.125.24.0-255,5738,255386,78,277813
8365,0.037347,172.31.40.0-255,66,255452,78,277813
8366,0.039948,74.125.24.0-255,5738,261190,78,277813
8367,0.039957,172.31.40.0-255,66,261256,78,277813
8368,0.042515,74.125.24.0-255,5738,266994,78,277813
8369,0.042529,172.31.40.0-255,66,267060,78,277813
8370,0.045107,74.125.24.0-255,5738,272798,78,277813
8371,0.045117,172.31.40.0-255,66,272864,78,277813
8372,0.047653,74.125.24.0-255,4778,277642,78,277813
8373,0.047669,172.31.40.0-255,66,277708,78,277813
8374,0.047943,172.31.40.0-255,105,277813,78,277813
8375,0.0,74.125.24.0-255,153,153,78,226594
8376,1.8e-05,172.31.40.0-255,66,219,78,226594
8377,2.5e-05,74.125.24.0-255,1484,1703,78,226594
8378,2.8e-05,172.31.40.0-255,66,1769,78,226594
8379,3.4e-05,74.125.24.0-255,2902,4671,78,226594
8380,3.7e-05,172.31.40.0-255,66,4737,78,226594
8381,9.8e-05,74.125.24.0-255,7156,11893,78,226594
8382,0.000101,172.31.40.0-255,66,11959,78,226594
8383,0.000263,74.125.24.0-255,2037,13996,78,226594
8384,0.000267,172.31.40.0-255,66,14062,78,226594
8385,0.000312,74.125.24.0-255,2902,16964,78,226594
8386,0.000316,172.31.40.0-255,66,17030,78,226594
8387,0.000417,74.125.24.0-255,5738,22768,78,226594
8388,0.000421,172.31.40.0-255,66,22834,78,226594
8389,0.00044,74.125.24.0-255,1484,24318,78,226594
8390,0.000442,172.31.40.0-255,66,24384,78,226594
8391,0.000567,74.125.24.0-255,4320,28704,78,226594
8392,0.00057,172.31.40.0-255,66,28770,78,226594
8393,0.000582,74.125.24.0-255,2543,31313,78,226594
8394,0.000585,172.31.40.0-255,66,31379,78,226594
8395,0.000728,74.125.24.0-255,1484,32863,78,226594
8396,0.000733,172.31.40.0-255,66,32929,78,226594
8397,0.000762,74.125.24.0-255,2902,35831,78,226594
8398,0.000764,172.31.40.0-255,66,35897,78,226594
8399,0.000838,74.125.24.0-255,5738,41635,78,226594
8400,0.000841,172.31.40.0-255,66,41701,78,226594
8401,0.000977,74.125.24.0-255,6797,48498,78,226594
8402,0.000981,172.31.40.0-255,66,48564,78,226594
8403,0.001167,74.125.24.0-255,1484,50048,78,226594
8404,0.001172,172.31.40.0-255,66,50114,78,226594
8405,0.001187,74.125.24.0-255,2902,53016,78,226594
8406,0.001188,172.31.40.0-255,66,53082,78,226594
8407,0.001256,74.125.24.0-255,5738,58820,78,226594
8408,0.00126,172.31.40.0-255,66,58886,78,226594
8409,0.001401,172.31.40.0-255,66,58952,78,226594
8410,0.001574,74.125.24.0-255,2902,61854,78,226594
8411,0.001576,172.31.40.0-255,66,61920,78,226594
8412,0.001649,74.125.24.0-255,5738,67658,78,226594
8413,0.001651,172.31.40.0-255,66,67724,78,226594
8414,0.001684,172.31.40.0-255,66,67790,78,226594
8415,0.002141,74.125.24.0-255,7156,74946,78,226594
8416,0.002145,172.31.40.0-255,66,75012,78,226594
8417,0.002165,74.125.24.0-255,3961,78973,78,226594
8418,0.002168,172.31.40.0-255,66,79039,78,226594
8419,0.002413,74.125.24.0-255,5738,84777,78,226594
8420,0.002417,172.31.40.0-255,66,84843,78,226594
8421,0.00244,74.125.24.0-255,5738,90581,78,226594
8422,0.002443,172.31.40.0-255,66,90647,78,226594
8423,0.002697,74.125.24.0-255,5738,96385,78,226594
8424,0.002738,74.125.24.0-255,4471,100856,78,226594
8425,0.0033,74.125.24.0-255,4320,105176,78,226594
8426,0.005934,172.31.40.0-255,66,105242,78,226594
8427,0.00801,74.125.24.0-255,5738,110980,78,226594
8428,0.008017,172.31.40.0-255,66,111046,78,226594
8429,0.010138,74.125.24.0-255,5738,116784,78,226594
8430,0.010146,172.31.40.0-255,66,116850,78,226594
8431,0.012215,74.125.24.0-255,5738,122588,78,226594
8432,0.012223,172.31.40.0-255,66,122654,78,226594
8433,0.014383,74.125.24.0-255,5738,128392,78,226594
8434,0.014391,172.31.40.0-255,66,128458,78,226594
8435,0.016477,74.125.24.0-255,5738,134196,78,226594
8436,0.016486,172.31.40.0-255,66,134262,78,226594
8437,0.018561,74.125.24.0-255,5738,140000,78,226594
8438,0.018569,172.31.40.0-255,66,140066,78,226594
8439,0.020715,74.125.24.0-255,5738,145804,78,226594
8440,0.020724,172.31.40.0-255,66,145870,78,226594
8441,0.022805,74.125.24.0-255,5738,151608,78,226594
8442,0.022814,172.31.40.0-255,66,151674,78,226594
8443,0.023461,172.31.40.0-255,172,151846,78,226594
8444,0.023495,172.31.40.0-255,1108,152954,78,226594
8445,0.023556,172.31.40.0-255,1514,154468,78,226594
8446,0.023558,172.31.40.0-255,1514,155982,78,226594
8447,0.023582,172.31.40.0-255,700,156682,78,226594
8448,0.024918,74.125.24.0-255,5738,162420,78,226594
8449,0.024926,172.31.40.0-255,66,162486,78,226594
8450,0.024974,104.244.42.0-255,66,162552,78,226594
8451,0.02502,104.244.42.0-255,66,162618,78,226594
8452,0.025117,104.244.42.0-255,66,162684,78,226594
8453,0.025121,104.244.42.0-255,66,162750,78,226594
8454,0.027016,74.125.24.0-255,5738,168488,78,226594
8455,0.027022,172.31.40.0-255,66,168554,78,226594
8456,0.029097,74.125.24.0-255,5738,174292,78,226594
8457,0.029104,172.31.40.0-255,66,174358,78,226594
8458,0.031196,74.125.24.0-255,5738,180096,78,226594
8459,0.031203,172.31.40.0-255,66,180162,78,226594
8460,0.033289,74.125.24.0-255,5738,185900,78,226594
8461,0.033297,172.31.40.0-255,66,185966,78,226594
8462,0.035389,74.125.24.0-255,5738,191704,78,226594
8463,0.035396,172.31.40.0-255,66,191770,78,226594
8464,0.037521,74.125.24.0-255,5738,197508,78,226594
8465,0.037528,172.31.40.0-255,66,197574,78,226594
8466,0.039607,74.125.24.0-255,5738,203312,78,226594
8467,0.039621,172.31.40.0-255,66,203378,78,226594
8468,0.041716,74.125.24.0-255,5738,209116,78,226594
8469,0.041735,172.31.40.0-255,66,209182,78,226594
8470,0.043817,74.125.24.0-255,5738,214920,78,226594
8471,0.04383,172.31.40.0-255,66,214986,78,226594
8472,0.045898,74.125.24.0-255,5738,220724,78,226594
8473,0.045913,172.31.40.0-255,66,220790,78,226594
8474,0.048016,74.125.24.0-255,5738,226528,78,226594
8475,0.048026,172.31.40.0-255,66,226594,78,226594
8476,0.0,172.217.194.0-255,146,146,78,213808
8477,1.5e-05,172.31.40.0-255,66,212,78,213808
8478,2e-05,172.217.194.0-255,1484,1696,78,213808
8479,2.4e-05,172.31.40.0-255,66,1762,78,213808
8480,3e-05,172.217.194.0-255,2902,4664,78,213808
8481,3.3e-05,172.31.40.0-255,66,4730,78,213808
8482,5.7e-05,172.217.194.0-255,5738,10468,78,213808
8483,6e-05,172.31.40.0-255,66,10534,78,213808
8484,8.1e-05,172.217.194.0-255,2902,13436,78,213808
8485,8.3e-05,172.31.40.0-255,66,13502,78,213808
8486,0.0001,172.217.194.0-255,7156,20658,78,213808
8487,0.000102,172.31.40.0-255,66,20724,78,213808
8488,0.000116,172.217.194.0-255,3411,24135,78,213808
8489,0.000118,172.31.40.0-255,66,24201,78,213808
8490,0.000143,172.217.194.0-255,6797,30998,78,213808
8491,0.000145,172.31.40.0-255,66,31064,78,213808
8492,0.000363,172.217.194.0-255,1484,32548,78,213808
8493,0.000367,172.31.40.0-255,66,32614,78,213808
8494,0.000375,172.217.194.0-255,2902,35516,78,213808
8495,0.000376,172.31.40.0-255,66,35582,78,213808
8496,0.0004,172.217.194.0-255,5738,41320,78,213808
8497,0.000403,172.31.40.0-255,66,41386,78,213808
8498,0.000431,172.217.194.0-255,4320,45706,78,213808
8499,0.000434,172.31.40.0-255,66,45772,78,213808
8500,0.000465,172.31.40.0-255,66,45838,78,213808
8501,0.000475,172.31.40.0-255,66,45904,78,213808
8502,0.000477,172.217.194.0-255,98,46002,78,213808
8503,0.00048,172.31.40.0-255,66,46068,78,213808
8504,0.000532,172.217.194.0-255,1484,47552,78,213808
8505,0.000536,172.31.40.0-255,66,47618,78,213808
8506,0.000541,172.217.194.0-255,2902,50520,78,213808
8507,0.000544,172.31.40.0-255,66,50586,78,213808
8508,0.000549,172.217.194.0-255,4320,54906,78,213808
8509,0.000552,172.31.40.0-255,66,54972,78,213808
8510,0.000597,172.31.40.0-255,66,55038,78,213808
8511,0.00061,172.31.40.0-255,66,55104,78,213808
8512,0.000808,172.217.194.0-255,1484,56588,78,213808
8513,0.000815,172.217.194.0-255,2902,59490,78,213808
8514,0.000818,172.217.194.0-255,1484,60974,78,213808
8515,0.000834,172.31.40.0-255,66,61040,78,213808
8516,0.000841,172.217.194.0-255,4320,65360,78,213808
8517,0.000848,172.217.194.0-255,7156,72516,78,213808
8518,0.000853,172.31.40.0-255,66,72582,78,213808
8519,0.00092,172.217.194.0-255,5738,78320,78,213808
8520,0.000958,172.31.40.0-255,66,78386,78,213808
8521,0.000979,172.217.194.0-255,1484,79870,78,213808
8522,0.000983,172.217.194.0-255,2902,82772,78,213808
8523,0.000985,172.31.40.0-255,66,82838,78,213808
8524,0.000991,172.217.194.0-255,4320,87158,78,213808
8525,0.000995,172.31.40.0-255,66,87224,78,213808
8526,0.001011,172.217.194.0-255,1484,88708,78,213808
8527,0.001013,172.217.194.0-255,1484,90192,78,213808
8528,0.001034,172.31.40.0-255,66,90258,78,213808
8529,0.001039,172.217.194.0-255,4320,94578,78,213808
8530,0.001044,172.31.40.0-255,66,94644,78,213808
8531,0.001063,172.217.194.0-255,4320,98964,78,213808
8532,0.001086,172.217.194.0-255,5020,103984,78,213808
8533,0.001129,172.217.194.0-255,1484,105468,78,213808
8534,0.001133,172.31.40.0-255,66,105534,78,213808
8535,0.001163,172.31.40.0-255,66,105600,78,213808
8536,0.001178,172.217.194.0-255,3602,109202,78,213808
8537,0.001195,172.217.194.0-255,4320,113522,78,213808
8538,0.001205,172.31.40.0-255,66,113588,78,213808
8539,0.001257,172.217.194.0-255,5738,119326,78,213808
8540,0.00127,172.217.194.0-255,2184,121510,78,213808
8541,0.001282,172.31.40.0-255,66,121576,78,213808
8542,0.001345,172.217.194.0-255,1484,123060,78,213808
8543,0.00135,172.217.194.0-255,2902,125962,78,213808
8544,0.001358,172.31.40.0-255,66,126028,78,213808
8545,0.001371,172.217.194.0-255,5738,131766,78,213808
8546,0.001394,172.217.194.0-255,7156,138922,78,213808
8547,0.001403,172.31.40.0-255,66,138988,78,213808
8548,0.001433,172.217.194.0-255,5738,144726,78,213808
8549,0.001465,172.31.40.0-255,66,144792,78,213808
8550,0.001495,172.217.194.0-255,1484,146276,78,213808
8551,0.0015,172.217.194.0-255,2902,149178,78,213808
8552,0.001509,172.31.40.0-255,66,149244,78,213808
8553,0.00153,172.217.194.0-255,5738,154982,78,213808
8554,0.001536,172.217.194.0-255,4320,159302,78,213808
8555,0.001544,172.31.40.0-255,66,159368,78,213808
8556,0.001594,172.31.40.0-255,66,159434,78,213808
8557,0.001604,172.217.194.0-255,2184,161618,78,213808
8558,0.001618,172.31.40.0-255,66,161684,78,213808
8559,0.001627,172.217.194.0-255,2902,164586,78,213808
8560,0.001632,172.31.40.0-255,66,164652,78,213808
8561,0.001645,172.217.194.0-255,7156,171808,78,213808
8562,0.001665,172.217.194.0-255,2902,174710,78,213808
8563,0.001686,172.217.194.0-255,7156,181866,78,213808
8564,0.001693,172.31.40.0-255,66,181932,78,213808
8565,0.001707,172.217.194.0-255,4320,186252,78,213808
8566,0.001726,172.217.194.0-255,5738,191990,78,213808
8567,0.001732,172.31.40.0-255,66,192056,78,213808
8568,0.001749,172.217.194.0-255,3602,195658,78,213808
8569,0.001764,172.31.40.0-255,66,195724,78,213808
8570,0.001777,172.217.194.0-255,1484,197208,78,213808
8571,0.00178,172.217.194.0-255,1484,198692,78,213808
8572,0.001793,172.31.40.0-255,66,198758,78,213808
8573,0.001809,172.217.194.0-255,1484,200242,78,213808
8574,0.001816,172.217.194.0-255,5738,205980,78,213808
8575,0.001887,172.31.40.0-255,66,206046,78,213808
8576,0.00192,172.31.40.0-255,66,206112,78,213808
8577,0.001936,172.217.194.0-255,1484,207596,78,213808
8578,0.001953,172.217.194.0-255,1579,209175,78,213808
8579,0.001956,172.217.194.0-255,105,209280,78,213808
8580,0.001972,172.31.40.0-255,66,209346,78,213808
8581,0.009554,172.31.40.0-255,105,209451,78,213808
8582,0.011801,172.217.194.0-255,66,209517,78,213808
8583,0.027145,172.31.40.0-255,172,209689,78,213808
8584,0.027177,172.31.40.0-255,1108,210797,78,213808
8585,0.027231,172.31.40.0-255,1514,212311,78,213808
8586,0.027233,172.31.40.0-255,1299,213610,78,213808
8587,0.028683,104.244.42.0-255,66,213676,78,213808
8588,0.028709,104.244.42.0-255,66,213742,78,213808
8589,0.028784,104.244.42.0-255,66,213808,78,213808
8590,0.0,74.125.24.0-255,153,153,78,164247
8591,1.4e-05,172.31.40.0-255,66,219,78,164247
8592,2.1e-05,74.125.24.0-255,1484,1703,78,164247
8593,2.6e-05,172.31.40.0-255,66,1769,78,164247
8594,3.2e-05,74.125.24.0-255,2902,4671,78,164247
8595,4.4e-05,172.31.40.0-255,66,4737,78,164247
8596,5.2e-05,74.125.24.0-255,5738,10475,78,164247
8597,5.5e-05,172.31.40.0-255,66,10541,78,164247
8598,9.8e-05,74.125.24.0-255,7156,17697,78,164247
8599,0.000101,172.31.40.0-255,66,17763,78,164247
8600,0.000126,74.125.24.0-255,6290,24053,78,164247
8601,0.000131,172.31.40.0-255,66,24119,78,164247
8602,0.000138,74.125.24.0-255,6797,30916,78,164247
8603,0.000141,172.31.40.0-255,66,30982,78,164247
8604,0.00019,74.125.24.0-255,1484,32466,78,164247
8605,0.000193,172.31.40.0-255,66,32532,78,164247
8606,0.000198,74.125.24.0-255,2902,35434,78,164247
8607,0.0002,172.31.40.0-255,66,35500,78,164247
8608,0.000226,74.125.24.0-255,5738,41238,78,164247
8609,0.000232,172.31.40.0-255,66,41304,78,164247
8610,0.000251,74.125.24.0-255,4320,45624,78,164247
8611,0.000254,172.31.40.0-255,66,45690,78,164247
8612,0.000265,172.31.40.0-255,66,45756,78,164247
8613,0.000308,74.125.24.0-255,3961,49717,78,164247
8614,0.000311,172.31.40.0-255,66,49783,78,164247
8615,0.000318,74.125.24.0-255,6797,56580,78,164247
8616,0.000321,172.31.40.0-255,66,56646,78,164247
8617,0.000323,74.125.24.0-255,367,57013,78,164247
8618,0.000325,172.31.40.0-255,66,57079,78,164247
8619,0.000352,74.125.24.0-255,127,57206,78,164247
8620,0.000355,74.125.24.0-255,348,57554,78,164247
8621,0.00036,172.31.40.0-255,66,57620,78,164247
8622,0.000841,74.125.24.0-255,1484,59104,78,164247
8623,0.000847,172.31.40.0-255,66,59170,78,164247
8624,0.000853,74.125.24.0-255,2902,62072,78,164247
8625,0.000855,172.31.40.0-255,66,62138,78,164247
8626,0.00086,74.125.24.0-255,2902,65040,78,164247
8627,0.000862,172.31.40.0-255,66,65106,78,164247
8628,0.000906,74.125.24.0-255,2902,68008,78,164247
8629,0.000909,172.31.40.0-255,66,68074,78,164247
8630,0.000922,172.31.40.0-255,66,68140,78,164247
8631,0.000935,172.31.40.0-255,66,68206,78,164247
8632,0.000938,74.125.24.0-255,2184,70390,78,164247
8633,0.00094,172.31.40.0-255,66,70456,78,164247
8634,0.001282,74.125.24.0-255,1484,71940,78,164247
8635,0.001287,74.125.24.0-255,1484,73424,78,164247
8636,0.001291,172.31.40.0-255,66,73490,78,164247
8637,0.00132,74.125.24.0-255,1484,74974,78,164247
8638,0.001327,74.125.24.0-255,5738,80712,78,164247
8639,0.001329,172.31.40.0-255,66,80778,78,164247
8640,0.001333,74.125.24.0-255,2902,83680,78,164247
8641,0.001335,172.31.40.0-255,66,83746,78,164247
8642,0.001376,172.31.40.0-255,66,83812,78,164247
8643,0.00138,74.125.24.0-255,1484,85296,78,164247
8644,0.001417,172.31.40.0-255,66,85362,78,164247
8645,0.001428,172.31.40.0-255,66,85428,78,164247
8646,0.001476,172.31.40.0-255,66,85494,78,164247
8647,0.00148,74.125.24.0-255,2902,88396,78,164247
8648,0.001482,172.31.40.0-255,66,88462,78,164247
8649,0.001525,172.31.40.0-255,66,88528,78,164247
8650,0.001528,74.125.24.0-255,1484,90012,78,164247
8651,0.001535,74.125.24.0-255,7156,97168,78,164247
8652,0.001537,172.31.40.0-255,66,97234,78,164247
8653,0.001626,172.31.40.0-255,66,97300,78,164247
8654,0.001655,74.125.24.0-255,1484,98784,78,164247
8655,0.001659,74.125.24.0-255,1484,100268,78,164247
8656,0.001663,172.31.40.0-255,66,100334,78,164247
8657,0.0017,74.125.24.0-255,1484,101818,78,164247
8658,0.001706,74.125.24.0-255,5738,107556,78,164247
8659,0.001711,74.125.24.0-255,4320,111876,78,164247
8660,0.001744,74.125.24.0-255,1484,113360,78,164247
8661,0.001746,74.125.24.0-255,1484,114844,78,164247
8662,0.00175,172.31.40.0-255,66,114910,78,164247
8663,0.001756,172.31.40.0-255,66,114976,78,164247
8664,0.001788,74.125.24.0-255,6438,121414,78,164247
8665,0.001828,172.31.40.0-255,66,121480,78,164247
8666,0.001855,74.125.24.0-255,5738,127218,78,164247
8667,0.001868,74.125.24.0-255,2902,130120,78,164247
8668,0.001873,172.31.40.0-255,66,130186,78,164247
8669,0.001888,74.125.24.0-255,3602,133788,78,164247
8670,0.001927,172.31.40.0-255,66,133854,78,164247
8671,0.001954,172.31.40.0-255,66,133920,78,164247
8672,0.001974,74.125.24.0-255,2184,136104,78,164247
8673,0.001979,74.125.24.0-255,2902,139006,78,164247
8674,0.001983,74.125.24.0-255,2902,141908,78,164247
8675,0.002006,74.125.24.0-255,4320,146228,78,164247
8676,0.002026,172.31.40.0-255,66,146294,78,164247
8677,0.002031,74.125.24.0-255,4320,150614,78,164247
8678,0.002036,172.31.40.0-255,66,150680,78,164247
8679,0.002093,172.31.40.0-255,66,150746,78,164247
8680,0.002104,74.125.24.0-255,4320,155066,78,164247
8681,0.002117,172.31.40.0-255,66,155132,78,164247
8682,0.002126,74.125.24.0-255,4320,159452,78,164247
8683,0.002191,172.31.40.0-255,66,159518,78,164247
8684,0.002209,74.125.24.0-255,97,159615,78,164247
8685,0.004442,74.125.24.0-255,105,159720,78,164247
8686,0.011649,74.125.24.0-255,105,159825,78,164247
8687,0.011669,172.31.40.0-255,78,159903,78,164247
8688,0.016873,172.31.40.0-255,105,160008,78,164247
8689,0.019124,74.125.24.0-255,66,160074,78,164247
8690,0.047845,172.31.40.0-255,172,160246,78,164247
8691,0.047875,172.31.40.0-255,1104,161350,78,164247
8692,0.047929,172.31.40.0-255,1514,162864,78,164247
8693,0.04793,172.31.40.0-255,1185,164049,78,164247
8694,0.049411,104.244.42.0-255,66,164115,78,164247
8695,0.049423,104.244.42.0-255,66,164181,78,164247
8696,0.049483,104.244.42.0-255,66,164247,78,164247
8697,0.0,172.217.194.0-255,152,152,78,112916
8698,1.2e-05,172.31.40.0-255,66,218,78,112916
8699,5.6e-05,172.217.194.0-255,1484,1702,78,112916
8700,6e-05,172.31.40.0-255,66,1768,78,112916
8701,6.5e-05,172.217.194.0-255,2902,4670,78,112916
8702,6.8e-05,172.31.40.0-255,66,4736,78,112916
8703,8.4e-05,172.217.194.0-255,7156,11892,78,112916
8704,8.7e-05,172.31.40.0-255,66,11958,78,112916
8705,0.000104,172.217.194.0-255,4320,16278,78,112916
8706,0.000106,172.31.40.0-255,66,16344,78,112916
8707,0.000137,172.31.40.0-255,66,16410,78,112916
8708,0.000204,172.217.194.0-255,1484,17894,78,112916
8709,0.000207,172.31.40.0-255,66,17960,78,112916
8710,0.000224,172.217.194.0-255,7156,25116,78,112916
8711,0.000227,172.31.40.0-255,66,25182,78,112916
8712,0.000254,172.31.40.0-255,66,25248,78,112916
8713,0.000346,172.217.194.0-255,5738,30986,78,112916
8714,0.000351,172.31.40.0-255,66,31052,78,112916
8715,0.000364,172.217.194.0-255,1484,32536,78,112916
8716,0.000367,172.31.40.0-255,66,32602,78,112916
8717,0.000403,172.217.194.0-255,4320,36922,78,112916
8718,0.000405,172.31.40.0-255,66,36988,78,112916
8719,0.00042,172.217.194.0-255,4320,41308,78,112916
8720,0.000423,172.31.40.0-255,66,41374,78,112916
8721,0.000458,172.217.194.0-255,1446,42820,78,112916
8722,0.000461,172.31.40.0-255,66,42886,78,112916
8723,0.000474,172.217.194.0-255,1484,44370,78,112916
8724,0.000476,172.31.40.0-255,66,44436,78,112916
8725,0.000497,172.217.194.0-255,2902,47338,78,112916
8726,0.000499,172.31.40.0-255,66,47404,78,112916
8727,0.000512,172.217.194.0-255,1484,48888,78,112916
8728,0.000529,172.217.194.0-255,2902,51790,78,112916
8729,0.000535,172.31.40.0-255,66,51856,78,112916
8730,0.000555,172.217.194.0-255,5738,57594,78,112916
8731,0.000598,172.31.40.0-255,66,57660,78,112916
8732,0.000619,172.217.194.0-255,4320,61980,78,112916
8733,0.000632,172.31.40.0-255,66,62046,78,112916
8734,0.00072,172.217.194.0-255,2184,64230,78,112916
8735,0.00073,172.31.40.0-255,66,64296,78,112916
8736,0.000758,172.217.194.0-255,1484,65780,78,112916
8737,0.000779,172.217.194.0-255,2902,68682,78,112916
8738,0.000782,172.217.194.0-255,1484,70166,78,112916
8739,0.000798,172.217.194.0-255,4320,74486,78,112916
8740,0.000811,172.217.194.0-255,1484,75970,78,112916
8741,0.00082,172.31.40.0-255,66,76036,78,112916
8742,0.000827,172.217.194.0-255,2902,78938,78,112916
8743,0.000832,172.31.40.0-255,66,79004,78,112916
8744,0.000876,172.31.40.0-255,66,79070,78,112916
8745,0.000943,172.217.194.0-255,2902,81972,78,112916
8746,0.000964,172.217.194.0-255,5020,86992,78,112916
8747,0.000971,172.31.40.0-255,66,87058,78,112916
8748,0.000994,172.217.194.0-255,5738,92796,78,112916
8749,0.001001,172.31.40.0-255,66,92862,78,112916
8750,0.001035,172.31.40.0-255,66,92928,78,112916
8751,0.001043,172.217.194.0-255,1484,94412,78,112916
8752,0.001172,172.31.40.0-255,66,94478,78,112916
8753,0.001282,172.31.40.0-255,66,94544,78,112916
8754,0.001288,172.217.194.0-255,5720,100264,78,112916
8755,0.001326,172.31.40.0-255,66,100330,78,112916
8756,0.001513,172.31.40.0-255,66,100396,78,112916
8757,0.00156,172.31.40.0-255,66,100462,78,112916
8758,0.001743,172.31.40.0-255,66,100528,78,112916
8759,0.001836,172.31.40.0-255,66,100594,78,112916
8760,0.001842,172.31.40.0-255,66,100660,78,112916
8761,0.00225,172.217.194.0-255,4320,104980,78,112916
8762,0.002255,172.31.40.0-255,66,105046,78,112916
8763,0.002314,172.31.40.0-255,66,105112,78,112916
8764,0.002354,172.31.40.0-255,66,105178,78,112916
8765,0.002692,172.31.40.0-255,66,105244,78,112916
8766,0.002751,172.31.40.0-255,66,105310,78,112916
8767,0.002769,172.217.194.0-255,2904,108214,78,112916
8768,0.002784,172.31.40.0-255,66,108280,78,112916
8769,0.009557,172.31.40.0-255,105,108385,78,112916
8770,0.011491,172.217.194.0-255,66,108451,78,112916
8771,0.030479,172.31.40.0-255,172,108623,78,112916
8772,0.030515,172.31.40.0-255,1107,109730,78,112916
8773,0.030577,172.31.40.0-255,1514,111244,78,112916
8774,0.030579,172.31.40.0-255,1300,112544,78,112916
8775,0.03204,104.244.42.0-255,66,112610,78,112916
8776,0.032102,104.244.42.0-255,66,112676,78,112916
8777,0.032131,104.244.42.0-255,66,112742,78,112916
8778,0.032829,104.244.42.0-255,108,112850,78,112916
8779,0.032836,172.31.40.0-255,66,112916,78,112916
8780,0.0,172.217.194.0-255,151,151,78,147151
8781,1.8e-05,172.31.40.0-255,66,217,78,147151
8782,2.6e-05,172.217.194.0-255,1484,1701,78,147151
8783,3.1e-05,172.31.40.0-255,66,1767,78,147151
8784,3.4e-05,172.217.194.0-255,1484,3251,78,147151
8785,4.4e-05,172.31.40.0-255,66,3317,78,147151
8786,6.1e-05,172.217.194.0-255,1484,4801,78,147151
8787,6.8e-05,172.31.40.0-255,66,4867,78,147151
8788,7.7e-05,172.217.194.0-255,7156,12023,78,147151
8789,8e-05,172.31.40.0-255,66,12089,78,147151
8790,9.2e-05,172.31.40.0-255,66,12155,78,147151
8791,0.000129,172.217.194.0-255,7156,19311,78,147151
8792,0.000132,172.31.40.0-255,66,19377,78,147151
8793,0.000158,172.217.194.0-255,3961,23338,78,147151
8794,0.00016,172.31.40.0-255,66,23404,78,147151
8795,0.000167,172.217.194.0-255,5738,29142,78,147151
8796,0.000171,172.31.40.0-255,66,29208,78,147151
8797,0.000207,172.217.194.0-255,5738,34946,78,147151
8798,0.00021,172.31.40.0-255,66,35012,78,147151
8799,0.000217,172.217.194.0-255,5379,40391,78,147151
8800,0.000219,172.31.40.0-255,66,40457,78,147151
8801,0.000615,172.217.194.0-255,1484,41941,78,147151
8802,0.000619,172.31.40.0-255,66,42007,78,147151
8803,0.000625,172.217.194.0-255,2902,44909,78,147151
8804,0.000627,172.31.40.0-255,66,44975,78,147151
8805,0.000632,172.217.194.0-255,5738,50713,78,147151
8806,0.000639,172.31.40.0-255,66,50779,78,147151
8807,0.000668,172.217.194.0-255,5738,56517,78,147151
8808,0.00067,172.31.40.0-255,66,56583,78,147151
8809,0.000691,172.217.194.0-255,1125,57708,78,147151
8810,0.000693,172.31.40.0-255,66,57774,78,147151
8811,0.000698,172.217.194.0-255,2902,60676,78,147151
8812,0.0007,172.31.40.0-255,66,60742,78,147151
8813,0.000734,172.217.194.0-255,4320,65062,78,147151
8814,0.000736,172.31.40.0-255,66,65128,78,147151
8815,0.000743,172.217.194.0-255,7156,72284,78,147151
8816,0.000746,172.31.40.0-255,66,72350,78,147151
8817,0.000807,172.31.40.0-255,66,72416,78,147151
8818,0.000838,172.31.40.0-255,66,72482,78,147151
8819,0.000841,172.217.194.0-255,1484,73966,78,147151
8820,0.000844,172.217.194.0-255,1125,75091,78,147151
8821,0.000846,172.31.40.0-255,66,75157,78,147151
8822,0.001115,172.217.194.0-255,1484,76641,78,147151
8823,0.001134,172.217.194.0-255,2902,79543,78,147151
8824,0.001137,172.31.40.0-255,66,79609,78,147151
8825,0.001141,172.217.194.0-255,1484,81093,78,147151
8826,0.00117,172.217.194.0-255,4320,85413,78,147151
8827,0.001172,172.31.40.0-255,66,85479,78,147151
8828,0.001188,172.31.40.0-255,66,85545,78,147151
8829,0.001199,172.31.40.0-255,66,85611,78,147151
8830,0.001251,172.31.40.0-255,66,85677,78,147151
8831,0.001295,172.31.40.0-255,66,85743,78,147151
8832,0.001305,172.31.40.0-255,66,85809,78,147151
8833,0.001307,172.217.194.0-255,1484,87293,78,147151
8834,0.001314,172.217.194.0-255,2902,90195,78,147151
8835,0.001316,172.31.40.0-255,66,90261,78,147151
8836,0.001318,172.217.194.0-255,1484,91745,78,147151
8837,0.00135,172.217.194.0-255,4320,96065,78,147151
8838,0.001353,172.31.40.0-255,66,96131,78,147151
8839,0.001359,172.217.194.0-255,5738,101869,78,147151
8840,0.001361,172.31.40.0-255,66,101935,78,147151
8841,0.001385,172.217.194.0-255,7156,109091,78,147151
8842,0.001393,172.31.40.0-255,66,109157,78,147151
8843,0.001396,172.217.194.0-255,1484,110641,78,147151
8844,0.001425,172.31.40.0-255,66,110707,78,147151
8845,0.0022,172.217.194.0-255,1484,112191,78,147151
8846,0.002204,172.217.194.0-255,1484,113675,78,147151
8847,0.00221,172.31.40.0-255,66,113741,78,147151
8848,0.00222,172.217.194.0-255,1484,115225,78,147151
8849,0.002228,172.217.194.0-255,1484,116709,78,147151
8850,0.00223,172.31.40.0-255,66,116775,78,147151
8851,0.002259,172.217.194.0-255,4320,121095,78,147151
8852,0.002261,172.31.40.0-255,66,121161,78,147151
8853,0.002274,172.31.40.0-255,66,121227,78,147151
8854,0.002304,172.217.194.0-255,1484,122711,78,147151
8855,0.002316,172.31.40.0-255,66,122777,78,147151
8856,0.002383,172.217.194.0-255,1484,124261,78,147151
8857,0.002389,172.217.194.0-255,2902,127163,78,147151
8858,0.002391,172.31.40.0-255,66,127229,78,147151
8859,0.002408,172.217.194.0-255,1484,128713,78,147151
8860,0.002437,172.217.194.0-255,4320,133033,78,147151
8861,0.002439,172.31.40.0-255,66,133099,78,147151
8862,0.002465,172.31.40.0-255,66,133165,78,147151
8863,0.002473,172.217.194.0-255,7156,140321,78,147151
8864,0.002475,172.31.40.0-255,66,140387,78,147151
8865,0.002526,172.31.40.0-255,66,140453,78,147151
8866,0.002546,172.31.40.0-255,66,140519,78,147151
8867,0.002597,172.31.40.0-255,66,140585,78,147151
8868,0.002643,172.31.40.0-255,66,140651,78,147151
8869,0.002665,172.31.40.0-255,66,140717,78,147151
8870,0.002668,172.217.194.0-255,1484,142201,78,147151
8871,0.00267,172.31.40.0-255,78,142279,78,147151
8872,0.002676,172.217.194.0-255,4320,146599,78,147151
8873,0.002678,172.31.40.0-255,78,146677,78,147151
8874,0.002729,172.31.40.0-255,66,146743,78,147151
8875,0.002748,172.31.40.0-255,66,146809,78,147151
8876,0.005377,172.217.194.0-255,105,146914,78,147151
8877,0.01611,172.31.40.0-255,66,146980,78,147151
8878,0.016149,172.31.40.0-255,105,147085,78,147151
8879,0.018747,172.217.194.0-255,66,147151,78,147151
8880,0.0,172.217.27.0-255,153,153,78,223898
8881,2.4e-05,172.31.40.0-255,66,219,78,223898
8882,3.1e-05,172.217.27.0-255,1484,1703,78,223898
8883,3.5e-05,172.31.40.0-255,66,1769,78,223898
8884,5e-05,172.217.27.0-255,2902,4671,78,223898
8885,5.4e-05,172.31.40.0-255,66,4737,78,223898
8886,6e-05,172.217.27.0-255,4320,9057,78,223898
8887,6.3e-05,172.31.40.0-255,66,9123,78,223898
8888,6.8e-05,172.217.27.0-255,2902,12025,78,223898
8889,7.1e-05,172.31.40.0-255,66,12091,78,223898
8890,9.9e-05,172.217.27.0-255,2100,14191,78,223898
8891,0.000103,172.31.40.0-255,66,14257,78,223898
8892,0.000332,172.217.27.0-255,1484,15741,78,223898
8893,0.000337,172.31.40.0-255,66,15807,78,223898
8894,0.000343,172.217.27.0-255,2902,18709,78,223898
8895,0.000346,172.31.40.0-255,66,18775,78,223898
8896,0.000349,172.217.27.0-255,1484,20259,78,223898
8897,0.000356,172.31.40.0-255,66,20325,78,223898
8898,0.000383,172.217.27.0-255,4320,24645,78,223898
8899,0.000385,172.31.40.0-255,66,24711,78,223898
8900,0.000397,172.217.27.0-255,6797,31508,78,223898
8901,0.0004,172.31.40.0-255,66,31574,78,223898
8902,0.000678,172.217.27.0-255,1484,33058,78,223898
8903,0.000684,172.217.27.0-255,2902,35960,78,223898
8904,0.000686,172.217.27.0-255,1484,37444,78,223898
8905,0.000692,172.31.40.0-255,66,37510,78,223898
8906,0.000695,172.31.40.0-255,66,37576,78,223898
8907,0.000698,172.31.40.0-255,66,37642,78,223898
8908,0.000714,172.217.27.0-255,5738,43380,78,223898
8909,0.000717,172.31.40.0-255,66,43446,78,223898
8910,0.000748,172.217.27.0-255,4320,47766,78,223898
8911,0.00075,172.31.40.0-255,66,47832,78,223898
8912,0.000784,172.217.27.0-255,3961,51793,78,223898
8913,0.000787,172.31.40.0-255,66,51859,78,223898
8914,0.000798,172.31.40.0-255,66,51925,78,223898
8915,0.000808,172.217.27.0-255,5379,57304,78,223898
8916,0.000811,172.31.40.0-255,66,57370,78,223898
8917,0.000856,172.217.27.0-255,393,57763,78,223898
8918,0.001153,172.31.40.0-255,66,57829,78,223898
8919,0.001533,172.217.27.0-255,114,57943,78,223898
8920,0.002431,172.217.27.0-255,2902,60845,78,223898
8921,0.002439,172.31.40.0-255,66,60911,78,223898
8922,0.003417,172.217.27.0-255,1484,62395,78,223898
8923,0.004059,172.217.27.0-255,4320,66715,78,223898
8924,0.004062,172.31.40.0-255,66,66781,78,223898
8925,0.005683,172.217.27.0-255,4320,71101,78,223898
8926,0.005691,172.31.40.0-255,66,71167,78,223898
8927,0.005722,172.217.27.0-255,1484,72651,78,223898
8928,0.007313,172.217.27.0-255,4320,76971,78,223898
8929,0.007317,172.31.40.0-255,66,77037,78,223898
8930,0.008949,172.217.27.0-255,5738,82775,78,223898
8931,0.008957,172.31.40.0-255,66,82841,78,223898
8932,0.010712,172.217.27.0-255,5738,88579,78,223898
8933,0.010721,172.31.40.0-255,66,88645,78,223898
8934,0.012387,172.217.27.0-255,5738,94383,78,223898
8935,0.012395,172.31.40.0-255,66,94449,78,223898
8936,0.014035,172.217.27.0-255,5738,100187,78,223898
8937,0.014046,172.31.40.0-255,66,100253,78,223898
8938,0.015673,172.217.27.0-255,5738,105991,78,223898
8939,0.015681,172.31.40.0-255,66,106057,78,223898
8940,0.017315,172.217.27.0-255,5738,111795,78,223898
8941,0.017323,172.31.40.0-255,66,111861,78,223898
8942,0.018957,172.217.27.0-255,5738,117599,78,223898
8943,0.018965,172.31.40.0-255,66,117665,78,223898
8944,0.02059,172.217.27.0-255,5738,123403,78,223898
8945,0.020596,172.31.40.0-255,66,123469,78,223898
8946,0.022215,172.217.27.0-255,5738,129207,78,223898
8947,0.022223,172.31.40.0-255,66,129273,78,223898
8948,0.023862,172.217.27.0-255,5738,135011,78,223898
8949,0.023871,172.31.40.0-255,66,135077,78,223898
8950,0.025489,172.217.27.0-255,5738,140815,78,223898
8951,0.025495,172.31.40.0-255,66,140881,78,223898
8952,0.027106,172.31.40.0-255,172,141053,78,223898
8953,0.027121,172.217.27.0-255,5738,146791,78,223898
8954,0.027125,172.31.40.0-255,66,146857,78,223898
8955,0.027172,172.31.40.0-255,1109,147966,78,223898
8956,0.027295,172.31.40.0-255,1514,149480,78,223898
8957,0.027297,172.31.40.0-255,1298,150778,78,223898
8958,0.028639,104.244.42.0-255,66,150844,78,223898
8959,0.028717,104.244.42.0-255,66,150910,78,223898
8960,0.028737,172.217.27.0-255,4320,155230,78,223898
8961,0.028741,172.31.40.0-255,66,155296,78,223898
8962,0.028765,172.217.27.0-255,1484,156780,78,223898
8963,0.028842,104.244.42.0-255,66,156846,78,223898
8964,0.030229,104.244.42.0-255,108,156954,78,223898
8965,0.03024,172.31.40.0-255,66,157020,78,223898
8966,0.030371,172.217.27.0-255,4320,161340,78,223898
8967,0.030376,172.31.40.0-255,66,161406,78,223898
8968,0.032011,172.217.27.0-255,5738,167144,78,223898
8969,0.032018,172.31.40.0-255,66,167210,78,223898
8970,0.03365,172.217.27.0-255,5738,172948,78,223898
8971,0.033658,172.31.40.0-255,66,173014,78,223898
8972,0.035283,172.217.27.0-255,4320,177334,78,223898
8973,0.03529,172.31.40.0-255,66,177400,78,223898
8974,0.035317,172.217.27.0-255,1484,178884,78,223898
8975,0.036921,172.217.27.0-255,4320,183204,78,223898
8976,0.036928,172.31.40.0-255,66,183270,78,223898
8977,0.038554,172.217.27.0-255,5738,189008,78,223898
8978,0.03856,172.31.40.0-255,66,189074,78,223898
8979,0.040185,172.217.27.0-255,5738,194812,78,223898
8980,0.04019,172.31.40.0-255,66,194878,78,223898
8981,0.041819,172.217.27.0-255,5738,200616,78,223898
8982,0.041826,172.31.40.0-255,66,200682,78,223898
8983,0.043456,172.217.27.0-255,5738,206420,78,223898
8984,0.043463,172.31.40.0-255,66,206486,78,223898
8985,0.045096,172.217.27.0-255,5738,212224,78,223898
8986,0.045102,172.31.40.0-255,66,212290,78,223898
8987,0.046734,172.217.27.0-255,5738,218028,78,223898
8988,0.046741,172.31.40.0-255,66,218094,78,223898
8989,0.048365,172.217.27.0-255,5738,223832,78,223898
8990,0.048373,172.31.40.0-255,66,223898,78,223898
8991,0.0,74.125.130.0-255,153,153,78,364505
8992,1.7e-05,172.31.40.0-255,66,219,78,364505
8993,4.6e-05,74.125.130.0-255,1484,1703,78,364505
8994,5e-05,172.31.40.0-255,66,1769,78,364505
8995,7.3e-05,74.125.130.0-255,2902,4671,78,364505
8996,7.5e-05,172.31.40.0-255,66,4737,78,364505
8997,0.000103,74.125.130.0-255,1484,6221,78,364505
8998,0.000105,172.31.40.0-255,66,6287,78,364505
8999,0.000124,74.125.130.0-255,2902,9189,78,364505
9000,0.000127,172.31.40.0-255,66,9255,78,364505
9001,0.000133,74.125.130.0-255,4847,14102,78,364505
9002,0.000136,172.31.40.0-255,66,14168,78,364505
9003,0.000726,74.125.130.0-255,1484,15652,78,364505
9004,0.000733,172.31.40.0-255,66,15718,78,364505
9005,0.000755,74.125.130.0-255,1484,17202,78,364505
9006,0.000758,172.31.40.0-255,66,17268,78,364505
9007,0.000787,74.125.130.0-255,2902,20170,78,364505
9008,0.00079,172.31.40.0-255,66,20236,78,364505
9009,0.000805,74.125.130.0-255,1484,21720,78,364505
9010,0.000807,172.31.40.0-255,66,21786,78,364505
9011,0.000826,74.125.130.0-255,2902,24688,78,364505
9012,0.000828,172.31.40.0-255,66,24754,78,364505
9013,0.000861,74.125.130.0-255,5738,30492,78,364505
9014,0.000864,172.31.40.0-255,66,30558,78,364505
9015,0.000895,74.125.130.0-255,1125,31683,78,364505
9016,0.000897,172.31.40.0-255,66,31749,78,364505
9017,0.000915,74.125.130.0-255,1484,33233,78,364505
9018,0.000917,172.31.40.0-255,66,33299,78,364505
9019,0.000942,74.125.130.0-255,4320,37619,78,364505
9020,0.000946,172.31.40.0-255,66,37685,78,364505
9021,0.000949,74.125.130.0-255,1484,39169,78,364505
9022,0.000951,172.31.40.0-255,66,39235,78,364505
9023,0.000967,74.125.130.0-255,2902,42137,78,364505
9024,0.00097,172.31.40.0-255,66,42203,78,364505
9025,0.000999,74.125.130.0-255,4320,46523,78,364505
9026,0.001002,172.31.40.0-255,66,46589,78,364505
9027,0.001015,74.125.130.0-255,1484,48073,78,364505
9028,0.001019,74.125.130.0-255,1125,49198,78,364505
9029,0.001021,172.31.40.0-255,66,49264,78,364505
9030,0.001117,74.125.130.0-255,1484,50748,78,364505
9031,0.001146,74.125.130.0-255,2902,53650,78,364505
9032,0.00115,172.31.40.0-255,66,53716,78,364505
9033,0.001166,74.125.130.0-255,1484,55200,78,364505
9034,0.001192,74.125.130.0-255,2902,58102,78,364505
9035,0.001196,172.31.40.0-255,66,58168,78,364505
9036,0.001228,74.125.130.0-255,1484,59652,78,364505
9037,0.001244,74.125.130.0-255,2902,62554,78,364505
9038,0.001247,172.31.40.0-255,66,62620,78,364505
9039,0.00125,74.125.130.0-255,1484,64104,78,364505
9040,0.001264,74.125.130.0-255,1484,65588,78,364505
9041,0.001266,172.31.40.0-255,66,65654,78,364505
9042,0.001298,74.125.130.0-255,1125,66779,78,364505
9043,0.001635,74.125.130.0-255,647,67426,78,364505
9044,0.001643,172.31.40.0-255,66,67492,78,364505
9045,0.001673,74.125.130.0-255,1484,68976,78,364505
9046,0.001691,74.125.130.0-255,2902,71878,78,364505
9047,0.001695,172.31.40.0-255,66,71944,78,364505
9048,0.001698,74.125.130.0-255,1484,73428,78,364505
9049,0.001719,74.125.130.0-255,4320,77748,78,364505
9050,0.001722,172.31.40.0-255,66,77814,78,364505
9051,0.001726,74.125.130.0-255,2902,80716,78,364505
9052,0.001729,172.31.40.0-255,66,80782,78,364505
9053,0.001761,74.125.130.0-255,1484,82266,78,364505
9054,0.001778,74.125.130.0-255,2543,84809,78,364505
9055,0.001781,172.31.40.0-255,66,84875,78,364505
9056,0.001822,74.125.130.0-255,4320,89195,78,364505
9057,0.001825,172.31.40.0-255,66,89261,78,364505
9058,0.001828,74.125.130.0-255,1484,90745,78,364505
9059,0.001832,74.125.130.0-255,2902,93647,78,364505
9060,0.001835,172.31.40.0-255,66,93713,78,364505
9061,0.001845,74.125.130.0-255,1484,95197,78,364505
9062,0.001863,74.125.130.0-255,4320,99517,78,364505
9063,0.001866,172.31.40.0-255,66,99583,78,364505
9064,0.001871,74.125.130.0-255,2543,102126,78,364505
9065,0.001873,172.31.40.0-255,66,102192,78,364505
9066,0.00244,74.125.130.0-255,1484,103676,78,364505
9067,0.002458,74.125.130.0-255,2902,106578,78,364505
9068,0.002461,172.31.40.0-255,66,106644,78,364505
9069,0.002489,74.125.130.0-255,5738,112382,78,364505
9070,0.002492,172.31.40.0-255,66,112448,78,364505
9071,0.002516,74.125.130.0-255,7156,119604,78,364505
9072,0.002518,172.31.40.0-255,66,119670,78,364505
9073,0.002538,74.125.130.0-255,4320,123990,78,364505
9074,0.00254,172.31.40.0-255,66,124056,78,364505
9075,0.002557,74.125.130.0-255,1484,125540,78,364505
9076,0.002576,74.125.130.0-255,2902,128442,78,364505
9077,0.002578,172.31.40.0-255,66,128508,78,364505
9078,0.0026,74.125.130.0-255,4320,132828,78,364505
9079,0.002602,172.31.40.0-255,66,132894,78,364505
9080,0.002605,74.125.130.0-255,1484,134378,78,364505
9081,0.00261,74.125.130.0-255,2184,136562,78,364505
9082,0.002612,172.31.40.0-255,66,136628,78,364505
9083,0.002843,74.125.130.0-255,1484,138112,78,364505
9084,0.00286,74.125.130.0-255,1484,139596,78,364505
9085,0.002862,172.31.40.0-255,66,139662,78,364505
9086,0.002878,74.125.130.0-255,1484,141146,78,364505
9087,0.002884,74.125.130.0-255,5738,146884,78,364505
9088,0.002886,172.31.40.0-255,66,146950,78,364505
9089,0.00289,74.125.130.0-255,2902,149852,78,364505
9090,0.002892,172.31.40.0-255,66,149918,78,364505
9091,0.002904,74.125.130.0-255,1484,151402,78,364505
9092,0.002921,74.125.130.0-255,4320,155722,78,364505
9093,0.002924,172.31.40.0-255,66,155788,78,364505
9094,0.00294,74.125.130.0-255,1484,157272,78,364505
9095,0.002943,74.125.130.0-255,1484,158756,78,364505
9096,0.002945,172.31.40.0-255,66,158822,78,364505
9097,0.002981,172.31.40.0-255,66,158888,78,364505
9098,0.002986,74.125.130.0-255,3602,162490,78,364505
9099,0.002989,172.31.40.0-255,66,162556,78,364505
9100,0.003263,74.125.130.0-255,1484,164040,78,364505
9101,0.003281,74.125.130.0-255,2902,166942,78,364505
9102,0.003284,172.31.40.0-255,66,167008,78,364505
9103,0.003289,74.125.130.0-255,2902,169910,78,364505
9104,0.003291,172.31.40.0-255,66,169976,78,364505
9105,0.003305,74.125.130.0-255,2902,172878,78,364505
9106,0.003307,172.31.40.0-255,66,172944,78,364505
9107,0.00331,74.125.130.0-255,1484,174428,78,364505
9108,0.003333,74.125.130.0-255,5738,180166,78,364505
9109,0.003336,172.31.40.0-255,66,180232,78,364505
9110,0.003353,74.125.130.0-255,1484,181716,78,364505
9111,0.003382,172.31.40.0-255,66,181782,78,364505
9112,0.003387,74.125.130.0-255,2184,183966,78,364505
9113,0.003389,172.31.40.0-255,66,184032,78,364505
9114,0.003747,74.125.130.0-255,1484,185516,78,364505
9115,0.003762,74.125.130.0-255,1484,187000,78,364505
9116,0.003764,172.31.40.0-255,66,187066,78,364505
9117,0.00377,74.125.130.0-255,2902,189968,78,364505
9118,0.003772,172.31.40.0-255,66,190034,78,364505
9119,0.003797,74.125.130.0-255,5738,195772,78,364505
9120,0.003799,172.31.40.0-255,66,195838,78,364505
9121,0.003803,74.125.130.0-255,2902,198740,78,364505
9122,0.003806,172.31.40.0-255,66,198806,78,364505
9123,0.003823,74.125.130.0-255,2902,201708,78,364505
9124,0.003826,172.31.40.0-255,66,201774,78,364505
9125,0.00383,74.125.130.0-255,2902,204676,78,364505
9126,0.003832,172.31.40.0-255,66,204742,78,364505
9127,0.003862,74.125.130.0-255,4320,209062,78,364505
9128,0.003864,172.31.40.0-255,66,209128,78,364505
9129,0.003876,172.31.40.0-255,66,209194,78,364505
9130,0.003929,74.125.130.0-255,2902,212096,78,364505
9131,0.003932,172.31.40.0-255,66,212162,78,364505
9132,0.003948,74.125.130.0-255,4320,216482,78,364505
9133,0.003951,172.31.40.0-255,66,216548,78,364505
9134,0.003961,74.125.130.0-255,4320,220868,78,364505
9135,0.003963,172.31.40.0-255,66,220934,78,364505
9136,0.003969,74.125.130.0-255,4320,225254,78,364505
9137,0.003971,172.31.40.0-255,66,225320,78,364505
9138,0.003979,74.125.130.0-255,7156,232476,78,364505
9139,0.003982,172.31.40.0-255,66,232542,78,364505
9140,0.003985,74.125.130.0-255,1484,234026,78,364505
9141,0.003989,74.125.130.0-255,2902,236928,78,364505
9142,0.003991,172.31.40.0-255,66,236994,78,364505
9143,0.004016,74.125.130.0-255,5738,242732,78,364505
9144,0.004019,172.31.40.0-255,66,242798,78,364505
9145,0.004021,74.125.130.0-255,766,243564,78,364505
9146,0.004088,74.125.130.0-255,2902,246466,78,364505
9147,0.004092,172.31.40.0-255,66,246532,78,364505
9148,0.004103,74.125.130.0-255,2902,249434,78,364505
9149,0.004106,172.31.40.0-255,66,249500,78,364505
9150,0.004113,74.125.130.0-255,5738,255238,78,364505
9151,0.004116,172.31.40.0-255,66,255304,78,364505
9152,0.004141,74.125.130.0-255,1484,256788,78,364505
9153,0.004149,74.125.130.0-255,5738,262526,78,364505
9154,0.004152,172.31.40.0-255,66,262592,78,364505
9155,0.004159,74.125.130.0-255,7156,269748,78,364505
9156,0.004162,172.31.40.0-255,66,269814,78,364505
9157,0.004164,74.125.130.0-255,1484,271298,78,364505
9158,0.004185,74.125.130.0-255,2902,274200,78,364505
9159,0.004188,172.31.40.0-255,66,274266,78,364505
9160,0.004215,74.125.130.0-255,3602,277868,78,364505
9161,0.004218,172.31.40.0-255,66,277934,78,364505
9162,0.004269,74.125.130.0-255,4320,282254,78,364505
9163,0.004272,172.31.40.0-255,66,282320,78,364505
9164,0.004295,74.125.130.0-255,5738,288058,78,364505
9165,0.004298,172.31.40.0-255,66,288124,78,364505
9166,0.004325,74.125.130.0-255,2902,291026,78,364505
9167,0.004329,172.31.40.0-255,66,291092,78,364505
9168,0.004334,74.125.130.0-255,4320,295412,78,364505
9169,0.004337,172.31.40.0-255,66,295478,78,364505
9170,0.004362,74.125.130.0-255,1484,296962,78,364505
9171,0.004387,74.125.130.0-255,5738,302700,78,364505
9172,0.004391,172.31.40.0-255,66,302766,78,364505
9173,0.004407,74.125.130.0-255,4320,307086,78,364505
9174,0.00441,172.31.40.0-255,66,307152,78,364505
9175,0.004435,74.125.130.0-255,4320,311472,78,364505
9176,0.004438,172.31.40.0-255,66,311538,78,364505
9177,0.004441,74.125.130.0-255,766,312304,78,364505
9178,0.004472,74.125.130.0-255,2902,315206,78,364505
9179,0.004476,172.31.40.0-255,66,315272,78,364505
9180,0.004494,74.125.130.0-255,4320,319592,78,364505
9181,0.004497,172.31.40.0-255,66,319658,78,364505
9182,0.004503,74.125.130.0-255,4320,323978,78,364505
9183,0.004505,172.31.40.0-255,66,324044,78,364505
9184,0.004521,74.125.130.0-255,4320,328364,78,364505
9185,0.004523,172.31.40.0-255,66,328430,78,364505
9186,0.004526,74.125.130.0-255,1484,329914,78,364505
9187,0.004568,74.125.130.0-255,1484,331398,78,364505
9188,0.004571,172.31.40.0-255,66,331464,78,364505
9189,0.004587,74.125.130.0-255,1484,332948,78,364505
9190,0.0046,74.125.130.0-255,4320,337268,78,364505
9191,0.004603,172.31.40.0-255,66,337334,78,364505
9192,0.004623,74.125.130.0-255,2902,340236,78,364505
9193,0.004626,172.31.40.0-255,66,340302,78,364505
9194,0.004634,74.125.130.0-255,6438,346740,78,364505
9195,0.004636,172.31.40.0-255,66,346806,78,364505
9196,0.004663,74.125.130.0-255,5738,352544,78,364505
9197,0.004667,172.31.40.0-255,66,352610,78,364505
9198,0.004684,74.125.130.0-255,1484,354094,78,364505
9199,0.004721,172.31.40.0-255,66,354160,78,364505
9200,0.004726,74.125.130.0-255,4320,358480,78,364505
9201,0.004729,172.31.40.0-255,66,358546,78,364505
9202,0.004749,74.125.130.0-255,2902,361448,78,364505
9203,0.004752,172.31.40.0-255,66,361514,78,364505
9204,0.004775,74.125.130.0-255,2482,363996,78,364505
9205,0.004777,172.31.40.0-255,66,364062,78,364505
9206,0.004839,74.125.130.0-255,105,364167,78,364505
9207,0.011276,172.31.40.0-255,101,364268,78,364505
9208,0.012761,172.31.40.0-255,105,364373,78,364505
9209,0.013504,74.125.130.0-255,66,364439,78,364505
9210,0.014992,74.125.130.0-255,66,364505,78,364505
9211,0.0,172.217.194.0-255,153,153,78,185656
9212,1.8e-05,172.31.40.0-255,66,219,78,185656
9213,2.4e-05,172.217.194.0-255,1484,1703,78,185656
9214,2.9e-05,172.31.40.0-255,66,1769,78,185656
9215,3.4e-05,172.217.194.0-255,2902,4671,78,185656
9216,3.7e-05,172.31.40.0-255,66,4737,78,185656
9217,4.2e-05,172.217.194.0-255,2902,7639,78,185656
9218,4.5e-05,172.31.40.0-255,66,7705,78,185656
9219,6.8e-05,172.217.194.0-255,4320,12025,78,185656
9220,7.2e-05,172.31.40.0-255,66,12091,78,185656
9221,7.7e-05,172.217.194.0-255,1980,14071,78,185656
9222,7.9e-05,172.31.40.0-255,66,14137,78,185656
9223,0.000128,172.217.194.0-255,2902,17039,78,185656
9224,0.000132,172.31.40.0-255,66,17105,78,185656
9225,0.00018,172.31.40.0-255,66,17171,78,185656
9226,0.000188,172.217.194.0-255,6797,23968,78,185656
9227,0.00019,172.31.40.0-255,66,24034,78,185656
9228,0.000197,172.217.194.0-255,7156,31190,78,185656
9229,0.000199,172.31.40.0-255,66,31256,78,185656
9230,0.00027,172.217.194.0-255,7156,38412,78,185656
9231,0.000281,172.31.40.0-255,66,38478,78,185656
9232,0.000286,172.31.40.0-255,66,38544,78,185656
9233,0.000288,172.31.40.0-255,66,38610,78,185656
9234,0.000322,172.217.194.0-255,1772,40382,78,185656
9235,0.000327,172.31.40.0-255,66,40448,78,185656
9236,0.000625,172.217.194.0-255,1484,41932,78,185656
9237,0.000632,172.31.40.0-255,66,41998,78,185656
9238,0.000638,172.217.194.0-255,2902,44900,78,185656
9239,0.000641,172.31.40.0-255,66,44966,78,185656
9240,0.000647,172.217.194.0-255,5738,50704,78,185656
9241,0.000649,172.31.40.0-255,66,50770,78,185656
9242,0.000655,172.217.194.0-255,4320,55090,78,185656
9243,0.000656,172.31.40.0-255,66,55156,78,185656
9244,0.00068,172.217.194.0-255,1484,56640,78,185656
9245,0.000693,172.31.40.0-255,66,56706,78,185656
9246,0.000709,172.217.194.0-255,2902,59608,78,185656
9247,0.000712,172.31.40.0-255,66,59674,78,185656
9248,0.000718,172.217.194.0-255,5020,64694,78,185656
9249,0.00072,172.31.40.0-255,66,64760,78,185656
9250,0.00085,172.217.194.0-255,1484,66244,78,185656
9251,0.000857,172.217.194.0-255,2902,69146,78,185656
9252,0.000861,172.31.40.0-255,66,69212,78,185656
9253,0.000866,172.217.194.0-255,2902,72114,78,185656
9254,0.000869,172.31.40.0-255,66,72180,78,185656
9255,0.000886,172.217.194.0-255,2902,75082,78,185656
9256,0.00089,172.31.40.0-255,66,75148,78,185656
9257,0.000894,172.217.194.0-255,2902,78050,78,185656
9258,0.000896,172.31.40.0-255,66,78116,78,185656
9259,0.000932,172.217.194.0-255,7156,85272,78,185656
9260,0.000938,172.31.40.0-255,66,85338,78,185656
9261,0.000941,172.31.40.0-255,66,85404,78,185656
9262,0.000969,172.217.194.0-255,3602,89006,78,185656
9263,0.000972,172.31.40.0-255,66,89072,78,185656
9264,0.001132,172.217.194.0-255,1484,90556,78,185656
9265,0.001138,172.217.194.0-255,2902,93458,78,185656
9266,0.001142,172.31.40.0-255,66,93524,78,185656
9267,0.001148,172.217.194.0-255,2902,96426,78,185656
9268,0.001151,172.31.40.0-255,66,96492,78,185656
9269,0.001165,172.217.194.0-255,2902,99394,78,185656
9270,0.001168,172.31.40.0-255,66,99460,78,185656
9271,0.001172,172.217.194.0-255,2902,102362,78,185656
9272,0.001175,172.31.40.0-255,66,102428,78,185656
9273,0.001219,172.31.40.0-255,66,102494,78,185656
9274,0.001224,172.217.194.0-255,4320,106814,78,185656
9275,0.001227,172.31.40.0-255,66,106880,78,185656
9276,0.001253,172.217.194.0-255,6438,113318,78,185656
9277,0.001256,172.31.40.0-255,66,113384,78,185656
9278,0.001267,172.31.40.0-255,66,113450,78,185656
9279,0.001271,172.217.194.0-255,2902,116352,78,185656
9280,0.001273,172.31.40.0-255,66,116418,78,185656
9281,0.001317,172.31.40.0-255,66,116484,78,185656
9282,0.001326,172.31.40.0-255,66,116550,78,185656
9283,0.001338,172.217.194.0-255,2184,118734,78,185656
9284,0.00134,172.31.40.0-255,66,118800,78,185656
9285,0.001554,172.217.194.0-255,1484,120284,78,185656
9286,0.001576,172.217.194.0-255,2902,123186,78,185656
9287,0.001579,172.31.40.0-255,66,123252,78,185656
9288,0.001603,172.217.194.0-255,5738,128990,78,185656
9289,0.001606,172.31.40.0-255,66,129056,78,185656
9290,0.001652,172.31.40.0-255,66,129122,78,185656
9291,0.001659,172.217.194.0-255,7156,136278,78,185656
9292,0.00166,172.31.40.0-255,66,136344,78,185656
9293,0.001707,172.217.194.0-255,3602,139946,78,185656
9294,0.001709,172.31.40.0-255,66,140012,78,185656
9295,0.00181,172.217.194.0-255,1484,141496,78,185656
9296,0.001823,172.217.194.0-255,2902,144398,78,185656
9297,0.001825,172.217.194.0-255,1484,145882,78,185656
9298,0.001829,172.31.40.0-255,66,145948,78,185656
9299,0.001855,172.217.194.0-255,4320,150268,78,185656
9300,0.001857,172.31.40.0-255,66,150334,78,185656
9301,0.001869,172.217.194.0-255,7156,157490,78,185656
9302,0.001872,172.31.40.0-255,66,157556,78,185656
9303,0.001878,172.217.194.0-255,7156,164712,78,185656
9304,0.00188,172.31.40.0-255,66,164778,78,185656
9305,0.001907,172.217.194.0-255,7156,171934,78,185656
9306,0.001909,172.31.40.0-255,66,172000,78,185656
9307,0.001921,172.31.40.0-255,66,172066,78,185656
9308,0.001942,172.217.194.0-255,5020,177086,78,185656
9309,0.001945,172.31.40.0-255,66,177152,78,185656
9310,0.001951,172.217.194.0-255,4320,181472,78,185656
9311,0.001953,172.31.40.0-255,66,181538,78,185656
9312,0.001992,172.31.40.0-255,66,181604,78,185656
9313,0.002004,172.31.40.0-255,66,181670,78,185656
9314,0.002042,172.31.40.0-255,66,181736,78,185656
9315,0.002077,172.31.40.0-255,66,181802,78,185656
9316,0.002096,172.31.40.0-255,66,181868,78,185656
9317,0.002122,172.31.40.0-255,66,181934,78,185656
9318,0.002139,172.31.40.0-255,66,182000,78,185656
9319,0.002143,172.217.194.0-255,3248,185248,78,185656
9320,0.002145,172.31.40.0-255,66,185314,78,185656
9321,0.002148,172.217.194.0-255,105,185419,78,185656
9322,0.012718,172.31.40.0-255,66,185485,78,185656
9323,0.012775,172.31.40.0-255,105,185590,78,185656
9324,0.015025,172.217.194.0-255,66,185656,78,185656
9325,0.0,74.125.200.0-255,153,153,78,255032
9326,1.4e-05,172.31.40.0-255,66,219,78,255032
9327,4.8e-05,74.125.200.0-255,1484,1703,78,255032
9328,5.2e-05,172.31.40.0-255,66,1769,78,255032
9329,5.8e-05,74.125.200.0-255,2902,4671,78,255032
9330,6.1e-05,172.31.40.0-255,66,4737,78,255032
9331,6.5e-05,74.125.200.0-255,1484,6221,78,255032
9332,6.7e-05,172.31.40.0-255,66,6287,78,255032
9333,7.3e-05,74.125.200.0-255,2902,9189,78,255032
9334,7.6e-05,172.31.40.0-255,66,9255,78,255032
9335,0.000125,74.125.200.0-255,4984,14239,78,255032
9336,0.000129,172.31.40.0-255,66,14305,78,255032
9337,0.000162,74.125.200.0-255,5738,20043,78,255032
9338,0.000165,172.31.40.0-255,66,20109,78,255032
9339,0.000177,74.125.200.0-255,7156,27265,78,255032
9340,0.000179,172.31.40.0-255,66,27331,78,255032
9341,0.0002,74.125.200.0-255,3961,31292,78,255032
9342,0.000202,172.31.40.0-255,66,31358,78,255032
9343,0.000332,74.125.200.0-255,1484,32842,78,255032
9344,0.000336,172.31.40.0-255,66,32908,78,255032
9345,0.000341,74.125.200.0-255,2902,35810,78,255032
9346,0.000344,172.31.40.0-255,66,35876,78,255032
9347,0.000347,74.125.200.0-255,1484,37360,78,255032
9348,0.000354,172.31.40.0-255,66,37426,78,255032
9349,0.00039,74.125.200.0-255,4320,41746,78,255032
9350,0.000393,172.31.40.0-255,66,41812,78,255032
9351,0.000397,74.125.200.0-255,2902,44714,78,255032
9352,0.000399,172.31.40.0-255,66,44780,78,255032
9353,0.000405,74.125.200.0-255,3961,48741,78,255032
9354,0.000408,172.31.40.0-255,66,48807,78,255032
9355,0.000419,172.31.40.0-255,66,48873,78,255032
9356,0.000425,74.125.200.0-255,5738,54611,78,255032
9357,0.000427,172.31.40.0-255,66,54677,78,255032
9358,0.000464,74.125.200.0-255,2838,57515,78,255032
9359,0.000467,172.31.40.0-255,66,57581,78,255032
9360,0.001079,74.125.200.0-255,128,57709,78,255032
9361,0.001193,74.125.200.0-255,1484,59193,78,255032
9362,0.001198,172.31.40.0-255,66,59259,78,255032
9363,0.001205,74.125.200.0-255,2902,62161,78,255032
9364,0.001207,172.31.40.0-255,66,62227,78,255032
9365,0.00122,74.125.200.0-255,5738,67965,78,255032
9366,0.001222,172.31.40.0-255,66,68031,78,255032
9367,0.001225,74.125.200.0-255,1484,69515,78,255032
9368,0.001254,74.125.200.0-255,2902,72417,78,255032
9369,0.001256,172.31.40.0-255,66,72483,78,255032
9370,0.00126,74.125.200.0-255,1484,73967,78,255032
9371,0.001287,74.125.200.0-255,5379,79346,78,255032
9372,0.00129,172.31.40.0-255,66,79412,78,255032
9373,0.001296,74.125.200.0-255,4320,83732,78,255032
9374,0.001298,172.31.40.0-255,66,83798,78,255032
9375,0.001302,74.125.200.0-255,2902,86700,78,255032
9376,0.001309,172.31.40.0-255,66,86766,78,255032
9377,0.001338,74.125.200.0-255,2902,89668,78,255032
9378,0.001341,172.31.40.0-255,66,89734,78,255032
9379,0.001346,74.125.200.0-255,2807,92541,78,255032
9380,0.001349,172.31.40.0-255,66,92607,78,255032
9381,0.001427,74.125.200.0-255,1484,94091,78,255032
9382,0.00145,74.125.200.0-255,2902,96993,78,255032
9383,0.001453,172.31.40.0-255,66,97059,78,255032
9384,0.00146,74.125.200.0-255,4320,101379,78,255032
9385,0.001462,172.31.40.0-255,66,101445,78,255032
9386,0.00148,74.125.200.0-255,1484,102929,78,255032
9387,0.001504,74.125.200.0-255,4320,107249,78,255032
9388,0.001506,172.31.40.0-255,66,107315,78,255032
9389,0.001513,74.125.200.0-255,5738,113053,78,255032
9390,0.001515,172.31.40.0-255,66,113119,78,255032
9391,0.001554,172.31.40.0-255,66,113185,78,255032
9392,0.00158,74.125.200.0-255,1484,114669,78,255032
9393,0.001584,74.125.200.0-255,2184,116853,78,255032
9394,0.001587,172.31.40.0-255,66,116919,78,255032
9395,0.002254,74.125.200.0-255,1484,118403,78,255032
9396,0.002262,74.125.200.0-255,2902,121305,78,255032
9397,0.002268,172.31.40.0-255,66,121371,78,255032
9398,0.002276,74.125.200.0-255,5738,127109,78,255032
9399,0.002278,172.31.40.0-255,66,127175,78,255032
9400,0.002306,74.125.200.0-255,2902,130077,78,255032
9401,0.002308,172.31.40.0-255,66,130143,78,255032
9402,0.002314,74.125.200.0-255,4320,134463,78,255032
9403,0.002316,172.31.40.0-255,66,134529,78,255032
9404,0.002332,172.31.40.0-255,66,134595,78,255032
9405,0.002343,172.31.40.0-255,66,134661,78,255032
9406,0.004677,74.125.200.0-255,5738,140399,78,255032
9407,0.004685,172.31.40.0-255,66,140465,78,255032
9408,0.007025,74.125.200.0-255,5738,146203,78,255032
9409,0.007031,172.31.40.0-255,66,146269,78,255032
9410,0.009373,74.125.200.0-255,5738,152007,78,255032
9411,0.009381,172.31.40.0-255,66,152073,78,255032
9412,0.011723,74.125.200.0-255,5738,157811,78,255032
9413,0.011734,172.31.40.0-255,66,157877,78,255032
9414,0.014072,74.125.200.0-255,5738,163615,78,255032
9415,0.01408,172.31.40.0-255,66,163681,78,255032
9416,0.016449,74.125.200.0-255,5738,169419,78,255032
9417,0.016461,172.31.40.0-255,66,169485,78,255032
9418,0.018792,74.125.200.0-255,5738,175223,78,255032
9419,0.018803,172.31.40.0-255,66,175289,78,255032
9420,0.021137,74.125.200.0-255,5738,181027,78,255032
9421,0.021146,172.31.40.0-255,66,181093,78,255032
9422,0.023493,74.125.200.0-255,5738,186831,78,255032
9423,0.0235,172.31.40.0-255,66,186897,78,255032
9424,0.025836,74.125.200.0-255,5738,192635,78,255032
9425,0.025845,172.31.40.0-255,66,192701,78,255032
9426,0.028193,74.125.200.0-255,5738,198439,78,255032
9427,0.028201,172.31.40.0-255,66,198505,78,255032
9428,0.028597,172.31.40.0-255,172,198677,78,255032
9429,0.028627,172.31.40.0-255,1108,199785,78,255032
9430,0.028687,172.31.40.0-255,1514,201299,78,255032
9431,0.028689,172.31.40.0-255,1299,202598,78,255032
9432,0.030167,104.244.42.0-255,66,202664,78,255032
9433,0.030353,104.244.42.0-255,66,202730,78,255032
9434,0.030374,104.244.42.0-255,66,202796,78,255032
9435,0.030535,74.125.200.0-255,5738,208534,78,255032
9436,0.03054,172.31.40.0-255,66,208600,78,255032
9437,0.032893,74.125.200.0-255,5738,214338,78,255032
9438,0.0329,172.31.40.0-255,66,214404,78,255032
9439,0.035248,74.125.200.0-255,5738,220142,78,255032
9440,0.035255,172.31.40.0-255,66,220208,78,255032
9441,0.037614,74.125.200.0-255,5738,225946,78,255032
9442,0.037633,172.31.40.0-255,66,226012,78,255032
9443,0.039981,74.125.200.0-255,5738,231750,78,255032
9444,0.039993,172.31.40.0-255,66,231816,78,255032
9445,0.042345,74.125.200.0-255,5738,237554,78,255032
9446,0.042363,172.31.40.0-255,66,237620,78,255032
9447,0.044712,74.125.200.0-255,5738,243358,78,255032
9448,0.044729,172.31.40.0-255,66,243424,78,255032
9449,0.047068,74.125.200.0-255,5738,249162,78,255032
9450,0.047085,172.31.40.0-255,66,249228,78,255032
9451,0.049436,74.125.200.0-255,5738,254966,78,255032
9452,0.049454,172.31.40.0-255,66,255032,78,255032
9453,0.0,172.217.194.0-255,146,146,78,138034
9454,2.3e-05,172.31.40.0-255,66,212,78,138034
9455,3.1e-05,172.217.194.0-255,1484,1696,78,138034
9456,3.6e-05,172.31.40.0-255,66,1762,78,138034
9457,4.1e-05,172.217.194.0-255,2902,4664,78,138034
9458,4.4e-05,172.31.40.0-255,66,4730,78,138034
9459,5.2e-05,172.217.194.0-255,5738,10468,78,138034
9460,5.5e-05,172.31.40.0-255,66,10534,78,138034
9461,7.3e-05,172.217.194.0-255,1484,12018,78,138034
9462,7.6e-05,172.31.40.0-255,66,12084,78,138034
9463,8e-05,172.217.194.0-255,2000,14084,78,138034
9464,8.2e-05,172.31.40.0-255,66,14150,78,138034
9465,8.7e-05,172.217.194.0-255,4320,18470,78,138034
9466,9e-05,172.31.40.0-255,66,18536,78,138034
9467,0.000116,172.217.194.0-255,7156,25692,78,138034
9468,0.000119,172.31.40.0-255,66,25758,78,138034
9469,0.000125,172.217.194.0-255,5379,31137,78,138034
9470,0.000128,172.31.40.0-255,66,31203,78,138034
9471,0.000196,172.217.194.0-255,1484,32687,78,138034
9472,0.000199,172.31.40.0-255,66,32753,78,138034
9473,0.000203,172.217.194.0-255,1484,34237,78,138034
9474,0.000204,172.31.40.0-255,66,34303,78,138034
9475,0.00022,172.217.194.0-255,1484,35787,78,138034
9476,0.000222,172.31.40.0-255,66,35853,78,138034
9477,0.000227,172.217.194.0-255,2902,38755,78,138034
9478,0.000229,172.31.40.0-255,66,38821,78,138034
9479,0.000245,172.217.194.0-255,2902,41723,78,138034
9480,0.000247,172.31.40.0-255,66,41789,78,138034
9481,0.000299,172.217.194.0-255,7156,48945,78,138034
9482,0.000302,172.31.40.0-255,66,49011,78,138034
9483,0.00032,172.217.194.0-255,6797,55808,78,138034
9484,0.000322,172.31.40.0-255,66,55874,78,138034
9485,0.000333,172.31.40.0-255,66,55940,78,138034
9486,0.000336,172.217.194.0-255,1437,57377,78,138034
9487,0.000444,172.217.194.0-255,364,57741,78,138034
9488,0.000448,172.31.40.0-255,66,57807,78,138034
9489,0.000637,172.217.194.0-255,1484,59291,78,138034
9490,0.000644,172.217.194.0-255,2902,62193,78,138034
9491,0.000649,172.31.40.0-255,66,62259,78,138034
9492,0.000654,172.217.194.0-255,2902,65161,78,138034
9493,0.000656,172.31.40.0-255,66,65227,78,138034
9494,0.000672,172.217.194.0-255,2902,68129,78,138034
9495,0.000675,172.31.40.0-255,66,68195,78,138034
9496,0.000686,172.31.40.0-255,66,68261,78,138034
9497,0.000732,172.217.194.0-255,5738,73999,78,138034
9498,0.000737,172.31.40.0-255,66,74065,78,138034
9499,0.000758,172.31.40.0-255,66,74131,78,138034
9500,0.001619,172.217.194.0-255,1484,75615,78,138034
9501,0.001629,172.217.194.0-255,2902,78517,78,138034
9502,0.001633,172.31.40.0-255,66,78583,78,138034
9503,0.001638,172.217.194.0-255,1484,80067,78,138034
9504,0.001658,172.217.194.0-255,4320,84387,78,138034
9505,0.001661,172.31.40.0-255,66,84453,78,138034
9506,0.001674,172.31.40.0-255,66,84519,78,138034
9507,0.001687,172.217.194.0-255,1484,86003,78,138034
9508,0.0017,172.31.40.0-255,66,86069,78,138034
9509,0.001883,172.217.194.0-255,1484,87553,78,138034
9510,0.001889,172.217.194.0-255,2902,90455,78,138034
9511,0.001893,172.31.40.0-255,66,90521,78,138034
9512,0.001909,172.217.194.0-255,4320,94841,78,138034
9513,0.001912,172.31.40.0-255,66,94907,78,138034
9514,0.001936,172.217.194.0-255,1484,96391,78,138034
9515,0.00195,172.31.40.0-255,66,96457,78,138034
9516,0.001955,172.217.194.0-255,2902,99359,78,138034
9517,0.001957,172.31.40.0-255,66,99425,78,138034
9518,0.001988,172.217.194.0-255,5738,105163,78,138034
9519,0.001991,172.31.40.0-255,66,105229,78,138034
9520,0.002009,172.217.194.0-255,4320,109549,78,138034
9521,0.002011,172.31.40.0-255,66,109615,78,138034
9522,0.002052,172.31.40.0-255,66,109681,78,138034
9523,0.002059,172.217.194.0-255,7156,116837,78,138034
9524,0.002061,172.31.40.0-255,66,116903,78,138034
9525,0.002092,172.31.40.0-255,66,116969,78,138034
9526,0.002129,172.31.40.0-255,66,117035,78,138034
9527,0.002159,172.31.40.0-255,66,117101,78,138034
9528,0.00217,172.31.40.0-255,66,117167,78,138034
9529,0.002204,172.31.40.0-255,66,117233,78,138034
9530,0.002228,172.31.40.0-255,66,117299,78,138034
9531,0.002241,172.31.40.0-255,66,117365,78,138034
9532,0.002279,172.217.194.0-255,1484,118849,78,138034
9533,0.002321,172.31.40.0-255,66,118915,78,138034
9534,0.002332,172.31.40.0-255,66,118981,78,138034
9535,0.002339,172.217.194.0-255,7156,126137,78,138034
9536,0.002343,172.31.40.0-255,66,126203,78,138034
9537,0.002371,172.31.40.0-255,66,126269,78,138034
9538,0.002401,172.217.194.0-255,2184,128453,78,138034
9539,0.002404,172.31.40.0-255,66,128519,78,138034
9540,0.00243,172.31.40.0-255,66,128585,78,138034
9541,0.002433,172.217.194.0-255,1484,130069,78,138034
9542,0.002436,172.217.194.0-255,1484,131553,78,138034
9543,0.002438,172.31.40.0-255,66,131619,78,138034
9544,0.002453,172.31.40.0-255,66,131685,78,138034
9545,0.002467,172.31.40.0-255,66,131751,78,138034
9546,0.002473,172.217.194.0-255,5661,137412,78,138034
9547,0.002476,172.31.40.0-255,66,137478,78,138034
9548,0.002479,172.217.194.0-255,97,137575,78,138034
9549,0.002497,172.217.194.0-255,105,137680,78,138034
9550,0.011716,172.217.194.0-255,105,137785,78,138034
9551,0.011727,172.31.40.0-255,78,137863,78,138034
9552,0.014643,172.31.40.0-255,105,137968,78,138034
9553,0.016988,172.217.194.0-255,66,138034,78,138034
9554,0.0,172.217.24.0-255,153,153,78,282014
9555,2.3e-05,172.31.40.0-255,66,219,78,282014
9556,3e-05,172.217.24.0-255,1484,1703,78,282014
9557,3.5e-05,172.31.40.0-255,66,1769,78,282014
9558,4.1e-05,172.217.24.0-255,2902,4671,78,282014
9559,5.2e-05,172.31.40.0-255,66,4737,78,282014
9560,6e-05,172.217.24.0-255,7156,11893,78,282014
9561,6.2e-05,172.31.40.0-255,66,11959,78,282014
9562,0.000116,172.31.40.0-255,66,12025,78,282014
9563,0.000126,172.31.40.0-255,66,12091,78,282014
9564,0.000155,172.217.24.0-255,2543,14634,78,282014
9565,0.000157,172.31.40.0-255,66,14700,78,282014
9566,0.000207,172.217.24.0-255,1484,16184,78,282014
9567,0.00021,172.31.40.0-255,66,16250,78,282014
9568,0.000214,172.217.24.0-255,2902,19152,78,282014
9569,0.000216,172.31.40.0-255,66,19218,78,282014
9570,0.000219,172.217.24.0-255,1484,20702,78,282014
9571,0.000221,172.31.40.0-255,66,20768,78,282014
9572,0.000251,172.217.24.0-255,4320,25088,78,282014
9573,0.000258,172.31.40.0-255,66,25154,78,282014
9574,0.000263,172.217.24.0-255,4320,29474,78,282014
9575,0.000265,172.31.40.0-255,66,29540,78,282014
9576,0.000293,172.217.24.0-255,2543,32083,78,282014
9577,0.000296,172.31.40.0-255,66,32149,78,282014
9578,0.000332,172.217.24.0-255,2902,35051,78,282014
9579,0.000335,172.31.40.0-255,66,35117,78,282014
9580,0.000365,172.217.24.0-255,5738,40855,78,282014
9581,0.000368,172.31.40.0-255,66,40921,78,282014
9582,0.000376,172.217.24.0-255,7156,48077,78,282014
9583,0.000378,172.31.40.0-255,66,48143,78,282014
9584,0.00039,172.217.24.0-255,1417,49560,78,282014
9585,0.001019,172.217.24.0-255,1484,51044,78,282014
9586,0.001025,172.31.40.0-255,66,51110,78,282014
9587,0.00103,172.217.24.0-255,2902,54012,78,282014
9588,0.001037,172.217.24.0-255,5738,59750,78,282014
9589,0.001043,172.31.40.0-255,66,59816,78,282014
9590,0.001065,172.217.24.0-255,5738,65554,78,282014
9591,0.001098,172.217.24.0-255,2543,68097,78,282014
9592,0.001102,172.217.24.0-255,2902,70999,78,282014
9593,0.001113,172.217.24.0-255,1484,72483,78,282014
9594,0.001119,172.31.40.0-255,66,72549,78,282014
9595,0.001132,172.217.24.0-255,5738,78287,78,282014
9596,0.001149,172.217.24.0-255,5118,83405,78,282014
9597,0.001168,172.31.40.0-255,66,83471,78,282014
9598,0.00118,172.217.24.0-255,5738,89209,78,282014
9599,0.0012,172.217.24.0-255,5738,94947,78,282014
9600,0.001217,172.217.24.0-255,4320,99267,78,282014
9601,0.001227,172.31.40.0-255,66,99333,78,282014
9602,0.001273,172.217.24.0-255,1011,100344,78,282014
9603,0.0013,172.217.24.0-255,1484,101828,78,282014
9604,0.001304,172.31.40.0-255,66,101894,78,282014
9605,0.001309,172.217.24.0-255,2902,104796,78,282014
9606,0.001318,172.31.40.0-255,66,104862,78,282014
9607,0.001338,172.217.24.0-255,5738,110600,78,282014
9608,0.001355,172.217.24.0-255,4320,114920,78,282014
9609,0.001371,172.217.24.0-255,2666,117586,78,282014
9610,0.001376,172.31.40.0-255,66,117652,78,282014
9611,0.00173,172.217.24.0-255,1484,119136,78,282014
9612,0.001741,172.217.24.0-255,2902,122038,78,282014
9613,0.001745,172.31.40.0-255,66,122104,78,282014
9614,0.001751,172.217.24.0-255,4320,126424,78,282014
9615,0.001755,172.31.40.0-255,66,126490,78,282014
9616,0.001762,172.217.24.0-255,1484,127974,78,282014
9617,0.001775,172.217.24.0-255,7156,135130,78,282014
9618,0.00178,172.31.40.0-255,66,135196,78,282014
9619,0.001829,172.217.24.0-255,5738,140934,78,282014
9620,0.001833,172.217.24.0-255,2184,143118,78,282014
9621,0.001835,172.31.40.0-255,66,143184,78,282014
9622,0.001845,172.31.40.0-255,66,143250,78,282014
9623,0.003796,172.217.24.0-255,5738,148988,78,282014
9624,0.003803,172.31.40.0-255,66,149054,78,282014
9625,0.005761,172.217.24.0-255,5738,154792,78,282014
9626,0.007852,172.31.40.0-255,66,154858,78,282014
9627,0.009798,172.217.24.0-255,5738,160596,78,282014
9628,0.009805,172.31.40.0-255,66,160662,78,282014
9629,0.011742,172.217.24.0-255,5738,166400,78,282014
9630,0.012003,172.31.40.0-255,66,166466,78,282014
9631,0.013952,172.217.24.0-255,5738,172204,78,282014
9632,0.013963,172.31.40.0-255,66,172270,78,282014
9633,0.015914,172.217.24.0-255,5738,178008,78,282014
9634,0.015921,172.31.40.0-255,66,178074,78,282014
9635,0.017864,172.217.24.0-255,5738,183812,78,282014
9636,0.017872,172.31.40.0-255,66,183878,78,282014
9637,0.019828,172.217.24.0-255,5738,189616,78,282014
9638,0.019835,172.31.40.0-255,66,189682,78,282014
9639,0.021774,172.217.24.0-255,5738,195420,78,282014
9640,0.021781,172.31.40.0-255,66,195486,78,282014
9641,0.023753,172.217.24.0-255,5738,201224,78,282014
9642,0.023761,172.31.40.0-255,66,201290,78,282014
9643,0.02571,172.217.24.0-255,5738,207028,78,282014
9644,0.02572,172.31.40.0-255,66,207094,78,282014
9645,0.026813,172.31.40.0-255,172,207266,78,282014
9646,0.026839,172.31.40.0-255,1107,208373,78,282014
9647,0.026892,172.31.40.0-255,1514,209887,78,282014
9648,0.026894,172.31.40.0-255,1514,211401,78,282014
9649,0.026935,172.31.40.0-255,701,212102,78,282014
9650,0.027666,172.217.24.0-255,5738,217840,78,282014
9651,0.027675,172.31.40.0-255,66,217906,78,282014
9652,0.028346,104.244.42.0-255,66,217972,78,282014
9653,0.028408,104.244.42.0-255,66,218038,78,282014
9654,0.028469,104.244.42.0-255,66,218104,78,282014
9655,0.028505,104.244.42.0-255,66,218170,78,282014
9656,0.029687,172.217.24.0-255,5738,223908,78,282014
9657,0.029694,172.31.40.0-255,66,223974,78,282014
9658,0.03165,172.217.24.0-255,5738,229712,78,282014
9659,0.031657,172.31.40.0-255,66,229778,78,282014
9660,0.033608,172.217.24.0-255,5738,235516,78,282014
9661,0.033613,172.31.40.0-255,66,235582,78,282014
9662,0.035567,172.217.24.0-255,5738,241320,78,282014
9663,0.035573,172.31.40.0-255,66,241386,78,282014
9664,0.037523,172.217.24.0-255,5738,247124,78,282014
9665,0.03753,172.31.40.0-255,66,247190,78,282014
9666,0.039481,172.217.24.0-255,5738,252928,78,282014
9667,0.039488,172.31.40.0-255,66,252994,78,282014
9668,0.041427,172.217.24.0-255,5738,258732,78,282014
9669,0.041434,172.31.40.0-255,66,258798,78,282014
9670,0.043385,172.217.24.0-255,5738,264536,78,282014
9671,0.043392,172.31.40.0-255,66,264602,78,282014
9672,0.045341,172.217.24.0-255,5738,270340,78,282014
9673,0.045348,172.31.40.0-255,66,270406,78,282014
9674,0.047306,172.217.24.0-255,5738,276144,78,282014
9675,0.047313,172.31.40.0-255,66,276210,78,282014
9676,0.049272,172.217.24.0-255,5738,281948,78,282014
9677,0.049279,172.31.40.0-255,66,282014,78,282014
9678,0.0,74.125.24.0-255,296,296,78,221115
9679,2.6e-05,172.31.40.0-255,66,362,78,221115
9680,3.3e-05,74.125.24.0-255,1484,1846,78,221115
9681,3.8e-05,172.31.40.0-255,66,1912,78,221115
9682,5.3e-05,74.125.24.0-255,4320,6232,78,221115
9683,5.7e-05,172.31.40.0-255,66,6298,78,221115
9684,6.4e-05,74.125.24.0-255,7156,13454,78,221115
9685,6.7e-05,172.31.40.0-255,66,13520,78,221115
9686,7.1e-05,74.125.24.0-255,2902,16422,78,221115
9687,7.5e-05,172.31.40.0-255,66,16488,78,221115
9688,0.000117,74.125.24.0-255,3248,19736,78,221115
9689,0.000121,172.31.40.0-255,66,19802,78,221115
9690,0.000128,74.125.24.0-255,7156,26958,78,221115
9691,0.00013,172.31.40.0-255,66,27024,78,221115
9692,0.000135,74.125.24.0-255,3961,30985,78,221115
9693,0.000137,172.31.40.0-255,66,31051,78,221115
9694,0.000208,74.125.24.0-255,1484,32535,78,221115
9695,0.000211,172.31.40.0-255,66,32601,78,221115
9696,0.000216,74.125.24.0-255,2902,35503,78,221115
9697,0.000218,172.31.40.0-255,66,35569,78,221115
9698,0.000254,74.125.24.0-255,4320,39889,78,221115
9699,0.000257,172.31.40.0-255,66,39955,78,221115
9700,0.00028,74.125.24.0-255,1484,41439,78,221115
9701,0.000282,172.31.40.0-255,66,41505,78,221115
9702,0.00029,74.125.24.0-255,6797,48302,78,221115
9703,0.000292,172.31.40.0-255,66,48368,78,221115
9704,0.000306,172.31.40.0-255,66,48434,78,221115
9705,0.00031,74.125.24.0-255,2543,50977,78,221115
9706,0.000313,172.31.40.0-255,66,51043,78,221115
9707,0.000316,74.125.24.0-255,401,51444,78,221115
9708,0.000318,172.31.40.0-255,66,51510,78,221115
9709,0.000364,74.125.24.0-255,111,51621,78,221115
9710,0.000369,74.125.24.0-255,329,51950,78,221115
9711,0.000709,74.125.24.0-255,1484,53434,78,221115
9712,0.000714,172.31.40.0-255,66,53500,78,221115
9713,0.000721,74.125.24.0-255,2902,56402,78,221115
9714,0.000724,172.31.40.0-255,66,56468,78,221115
9715,0.000735,74.125.24.0-255,5738,62206,78,221115
9716,0.000738,172.31.40.0-255,66,62272,78,221115
9717,0.000753,74.125.24.0-255,4320,66592,78,221115
9718,0.000756,172.31.40.0-255,66,66658,78,221115
9719,0.000788,172.31.40.0-255,66,66724,78,221115
9720,0.000799,172.31.40.0-255,66,66790,78,221115
9721,0.000826,74.125.24.0-255,2184,68974,78,221115
9722,0.000829,172.31.40.0-255,66,69040,78,221115
9723,0.000947,74.125.24.0-255,1484,70524,78,221115
9724,0.000953,74.125.24.0-255,2902,73426,78,221115
9725,0.000956,172.31.40.0-255,66,73492,78,221115
9726,0.000979,74.125.24.0-255,5738,79230,78,221115
9727,0.000985,172.31.40.0-255,66,79296,78,221115
9728,0.000997,74.125.24.0-255,2902,82198,78,221115
9729,0.001016,172.31.40.0-255,66,82264,78,221115
9730,0.001031,172.31.40.0-255,66,82330,78,221115
9731,0.001066,172.31.40.0-255,66,82396,78,221115
9732,0.00168,74.125.24.0-255,1484,83880,78,221115
9733,0.001686,74.125.24.0-255,2902,86782,78,221115
9734,0.00169,172.31.40.0-255,66,86848,78,221115
9735,0.001696,74.125.24.0-255,4320,91168,78,221115
9736,0.001698,172.31.40.0-255,66,91234,78,221115
9737,0.001719,74.125.24.0-255,1484,92718,78,221115
9738,0.001727,74.125.24.0-255,7156,99874,78,221115
9739,0.001729,172.31.40.0-255,66,99940,78,221115
9740,0.001737,74.125.24.0-255,7156,107096,78,221115
9741,0.001739,172.31.40.0-255,66,107162,78,221115
9742,0.001781,74.125.24.0-255,7156,114318,78,221115
9743,0.001784,172.31.40.0-255,66,114384,78,221115
9744,0.001789,74.125.24.0-255,2184,116568,78,221115
9745,0.001791,172.31.40.0-255,66,116634,78,221115
9746,0.002002,74.125.24.0-255,1484,118118,78,221115
9747,0.002023,74.125.24.0-255,2902,121020,78,221115
9748,0.002027,172.31.40.0-255,66,121086,78,221115
9749,0.00203,74.125.24.0-255,1484,122570,78,221115
9750,0.002035,74.125.24.0-255,2902,125472,78,221115
9751,0.002036,172.31.40.0-255,66,125538,78,221115
9752,0.00207,74.125.24.0-255,5738,131276,78,221115
9753,0.002073,172.31.40.0-255,66,131342,78,221115
9754,0.002085,172.31.40.0-255,66,131408,78,221115
9755,0.002129,74.125.24.0-255,5738,137146,78,221115
9756,0.002132,172.31.40.0-255,66,137212,78,221115
9757,0.00215,74.125.24.0-255,5020,142232,78,221115
9758,0.002153,172.31.40.0-255,66,142298,78,221115
9759,0.002288,74.125.24.0-255,1484,143782,78,221115
9760,0.002294,74.125.24.0-255,2902,146684,78,221115
9761,0.002298,172.31.40.0-255,66,146750,78,221115
9762,0.002302,74.125.24.0-255,1484,148234,78,221115
9763,0.002335,74.125.24.0-255,4320,152554,78,221115
9764,0.002382,172.31.40.0-255,66,152620,78,221115
9765,0.002385,172.31.40.0-255,66,152686,78,221115
9766,0.002424,172.31.40.0-255,66,152752,78,221115
9767,0.002444,172.31.40.0-255,66,152818,78,221115
9768,0.002465,172.31.40.0-255,66,152884,78,221115
9769,0.00247,74.125.24.0-255,5738,158622,78,221115
9770,0.002473,172.31.40.0-255,66,158688,78,221115
9771,0.002519,172.31.40.0-255,66,158754,78,221115
9772,0.002532,172.31.40.0-255,66,158820,78,221115
9773,0.002586,172.31.40.0-255,66,158886,78,221115
9774,0.005091,74.125.24.0-255,5738,164624,78,221115
9775,0.005106,172.31.40.0-255,66,164690,78,221115
9776,0.007653,74.125.24.0-255,5738,170428,78,221115
9777,0.007675,172.31.40.0-255,66,170494,78,221115
9778,0.010195,74.125.24.0-255,5738,176232,78,221115
9779,0.010217,172.31.40.0-255,66,176298,78,221115
9780,0.012728,74.125.24.0-255,5738,182036,78,221115
9781,0.012736,172.31.40.0-255,66,182102,78,221115
9782,0.015256,74.125.24.0-255,5738,187840,78,221115
9783,0.015268,172.31.40.0-255,66,187906,78,221115
9784,0.017777,74.125.24.0-255,5738,193644,78,221115
9785,0.017795,172.31.40.0-255,66,193710,78,221115
9786,0.020293,74.125.24.0-255,5738,199448,78,221115
9787,0.020311,172.31.40.0-255,66,199514,78,221115
9788,0.022826,74.125.24.0-255,5738,205252,78,221115
9789,0.022843,172.31.40.0-255,66,205318,78,221115
9790,0.025374,74.125.24.0-255,5738,211056,78,221115
9791,0.025393,172.31.40.0-255,66,211122,78,221115
9792,0.027931,74.125.24.0-255,5738,216860,78,221115
9793,0.027941,172.31.40.0-255,66,216926,78,221115
9794,0.030459,74.125.24.0-255,3952,220878,78,221115
9795,0.030476,172.31.40.0-255,66,220944,78,221115
9796,0.03075,172.31.40.0-255,105,221049,78,221115
9797,0.033232,74.125.24.0-255,66,221115,78,221115
9798,0.0,74.125.24.0-255,150,150,78,257423
9799,1.6e-05,172.31.40.0-255,66,216,78,257423
9800,2.3e-05,74.125.24.0-255,1484,1700,78,257423
9801,2.8e-05,172.31.40.0-255,66,1766,78,257423
9802,3.4e-05,74.125.24.0-255,2902,4668,78,257423
9803,3.8e-05,172.31.40.0-255,66,4734,78,257423
9804,4.5e-05,74.125.24.0-255,7156,11890,78,257423
9805,4.8e-05,172.31.40.0-255,66,11956,78,257423
9806,8e-05,74.125.24.0-255,2133,14089,78,257423
9807,8.3e-05,172.31.40.0-255,66,14155,78,257423
9808,0.000125,74.125.24.0-255,1484,15639,78,257423
9809,0.000128,172.31.40.0-255,66,15705,78,257423
9810,0.000132,74.125.24.0-255,2902,18607,78,257423
9811,0.000135,172.31.40.0-255,66,18673,78,257423
9812,0.000164,74.125.24.0-255,5738,24411,78,257423
9813,0.000167,172.31.40.0-255,66,24477,78,257423
9814,0.000184,74.125.24.0-255,6797,31274,78,257423
9815,0.000187,172.31.40.0-255,66,31340,78,257423
9816,0.000287,74.125.24.0-255,1484,32824,78,257423
9817,0.00029,172.31.40.0-255,66,32890,78,257423
9818,0.000295,74.125.24.0-255,2902,35792,78,257423
9819,0.000297,172.31.40.0-255,66,35858,78,257423
9820,0.000304,74.125.24.0-255,5738,41596,78,257423
9821,0.000307,172.31.40.0-255,66,41662,78,257423
9822,0.000357,74.125.24.0-255,5738,47400,78,257423
9823,0.000361,172.31.40.0-255,66,47466,78,257423
9824,0.000381,74.125.24.0-255,2543,50009,78,257423
9825,0.000383,172.31.40.0-255,66,50075,78,257423
9826,0.000393,172.31.40.0-255,66,50141,78,257423
9827,0.000403,172.31.40.0-255,66,50207,78,257423
9828,0.000492,74.125.24.0-255,1484,51691,78,257423
9829,0.00051,74.125.24.0-255,2902,54593,78,257423
9830,0.000513,172.31.40.0-255,66,54659,78,257423
9831,0.000518,74.125.24.0-255,2902,57561,78,257423
9832,0.00052,172.31.40.0-255,66,57627,78,257423
9833,0.000535,74.125.24.0-255,2902,60529,78,257423
9834,0.000537,172.31.40.0-255,66,60595,78,257423
9835,0.000542,74.125.24.0-255,4320,64915,78,257423
9836,0.000544,172.31.40.0-255,66,64981,78,257423
9837,0.000564,74.125.24.0-255,2902,67883,78,257423
9838,0.000566,172.31.40.0-255,66,67949,78,257423
9839,0.000588,172.31.40.0-255,66,68015,78,257423
9840,0.000595,74.125.24.0-255,6797,74812,78,257423
9841,0.000598,172.31.40.0-255,66,74878,78,257423
9842,0.001581,74.125.24.0-255,1484,76362,78,257423
9843,0.001592,74.125.24.0-255,2902,79264,78,257423
9844,0.001597,172.31.40.0-255,66,79330,78,257423
9845,0.001604,74.125.24.0-255,4320,83650,78,257423
9846,0.001607,172.31.40.0-255,66,83716,78,257423
9847,0.001631,74.125.24.0-255,1484,85200,78,257423
9848,0.001645,172.31.40.0-255,66,85266,78,257423
9849,0.001651,74.125.24.0-255,4320,89586,78,257423
9850,0.001653,172.31.40.0-255,66,89652,78,257423
9851,0.00167,74.125.24.0-255,6438,96090,78,257423
9852,0.001673,172.31.40.0-255,66,96156,78,257423
9853,0.001911,74.125.24.0-255,1484,97640,78,257423
9854,0.001919,74.125.24.0-255,2902,100542,78,257423
9855,0.001924,172.31.40.0-255,66,100608,78,257423
9856,0.001929,74.125.24.0-255,2902,103510,78,257423
9857,0.001931,172.31.40.0-255,66,103576,78,257423
9858,0.001945,74.125.24.0-255,2902,106478,78,257423
9859,0.001948,172.31.40.0-255,66,106544,78,257423
9860,0.001954,74.125.24.0-255,5738,112282,78,257423
9861,0.001956,172.31.40.0-255,66,112348,78,257423
9862,0.001979,74.125.24.0-255,7156,119504,78,257423
9863,0.001981,172.31.40.0-255,66,119570,78,257423
9864,0.001993,172.31.40.0-255,66,119636,78,257423
9865,0.004044,74.125.24.0-255,5738,125374,78,257423
9866,0.004051,172.31.40.0-255,66,125440,78,257423
9867,0.006106,74.125.24.0-255,5738,131178,78,257423
9868,0.006113,172.31.40.0-255,66,131244,78,257423
9869,0.008141,74.125.24.0-255,5738,136982,78,257423
9870,0.008145,172.31.40.0-255,66,137048,78,257423
9871,0.010178,74.125.24.0-255,5738,142786,78,257423
9872,0.010185,172.31.40.0-255,66,142852,78,257423
9873,0.012223,74.125.24.0-255,5738,148590,78,257423
9874,0.01223,172.31.40.0-255,66,148656,78,257423
9875,0.014259,74.125.24.0-255,5738,154394,78,257423
9876,0.014272,172.31.40.0-255,66,154460,78,257423
9877,0.016328,74.125.24.0-255,5738,160198,78,257423
9878,0.016339,172.31.40.0-255,66,160264,78,257423
9879,0.018388,74.125.24.0-255,5738,166002,78,257423
9880,0.018396,172.31.40.0-255,66,166068,78,257423
9881,0.020469,74.125.24.0-255,5738,171806,78,257423
9882,0.020479,172.31.40.0-255,66,171872,78,257423
9883,0.022547,74.125.24.0-255,5738,177610,78,257423
9884,0.02256,172.31.40.0-255,66,177676,78,257423
9885,0.024629,74.125.24.0-255,5738,183414,78,257423
9886,0.024637,172.31.40.0-255,66,183480,78,257423
9887,0.026686,74.125.24.0-255,5738,189218,78,257423
9888,0.026695,172.31.40.0-255,66,189284,78,257423
9889,0.028735,74.125.24.0-255,5738,195022,78,257423
9890,0.028743,172.31.40.0-255,66,195088,78,257423
9891,0.030784,74.125.24.0-255,5738,200826,78,257423
9892,0.030792,172.31.40.0-255,66,200892,78,257423
9893,0.031654,172.31.40.0-255,176,201068,78,257423
9894,0.031687,172.31.40.0-255,1109,202177,78,257423
9895,0.031747,172.31.40.0-255,1514,203691,78,257423
9896,0.031753,172.31.40.0-255,1298,204989,78,257423
9897,0.032834,74.125.24.0-255,5738,210727,78,257423
9898,0.032846,172.31.40.0-255,66,210793,78,257423
9899,0.033187,104.244.42.0-255,66,210859,78,257423
9900,0.033247,104.244.42.0-255,66,210925,78,257423
9901,0.033299,104.244.42.0-255,66,210991,78,257423
9902,0.034896,74.125.24.0-255,5738,216729,78,257423
9903,0.03491,172.31.40.0-255,66,216795,78,257423
9904,0.036986,74.125.24.0-255,5738,222533,78,257423
9905,0.037004,172.31.40.0-255,66,222599,78,257423
9906,0.039057,74.125.24.0-255,5738,228337,78,257423
9907,0.039074,172.31.40.0-255,66,228403,78,257423
9908,0.041113,74.125.24.0-255,5738,234141,78,257423
9909,0.041128,172.31.40.0-255,66,234207,78,257423
9910,0.043186,74.125.24.0-255,5738,239945,78,257423
9911,0.043202,172.31.40.0-255,66,240011,78,257423
9912,0.045273,74.125.24.0-255,5738,245749,78,257423
9913,0.045291,172.31.40.0-255,66,245815,78,257423
9914,0.047354,74.125.24.0-255,5738,251553,78,257423
9915,0.047373,172.31.40.0-255,66,251619,78,257423
9916,0.049465,74.125.24.0-255,5738,257357,78,257423
9917,0.049483,172.31.40.0-255,66,257423,78,257423
9918,0.0,172.217.194.0-255,153,153,78,158471
9919,2e-05,172.31.40.0-255,66,219,78,158471
9920,2.7e-05,172.217.194.0-255,1484,1703,78,158471
9921,3.1e-05,172.31.40.0-255,66,1769,78,158471
9922,4.5e-05,172.217.194.0-255,2902,4671,78,158471
9923,5e-05,172.31.40.0-255,66,4737,78,158471
9924,5.4e-05,172.217.194.0-255,2902,7639,78,158471
9925,5.7e-05,172.31.40.0-255,66,7705,78,158471
9926,0.000101,172.217.194.0-255,4320,12025,78,158471
9927,0.000104,172.31.40.0-255,66,12091,78,158471
9928,0.000125,172.217.194.0-255,2137,14228,78,158471
9929,0.000128,172.31.40.0-255,66,14294,78,158471
9930,0.000216,172.217.194.0-255,5738,20032,78,158471
9931,0.00022,172.31.40.0-255,66,20098,78,158471
9932,0.000249,172.217.194.0-255,5738,25836,78,158471
9933,0.000253,172.31.40.0-255,66,25902,78,158471
9934,0.000377,172.217.194.0-255,5379,31281,78,158471
9935,0.000382,172.31.40.0-255,66,31347,78,158471
9936,0.000462,172.217.194.0-255,4320,35667,78,158471
9937,0.000468,172.31.40.0-255,66,35733,78,158471
9938,0.00051,172.31.40.0-255,66,35799,78,158471
9939,0.000773,172.31.40.0-255,66,35865,78,158471
9940,0.001003,172.217.194.0-255,2902,38767,78,158471
9941,0.001008,172.31.40.0-255,66,38833,78,158471
9942,0.001042,172.217.194.0-255,2949,41782,78,158471
9943,0.001044,172.31.40.0-255,66,41848,78,158471
9944,0.001098,172.217.194.0-255,4320,46168,78,158471
9945,0.001101,172.31.40.0-255,66,46234,78,158471
9946,0.001154,172.31.40.0-255,66,46300,78,158471
9947,0.001549,172.31.40.0-255,66,46366,78,158471
9948,0.001779,172.31.40.0-255,66,46432,78,158471
9949,0.001843,172.31.40.0-255,66,46498,78,158471
9950,0.002586,172.31.40.0-255,66,46564,78,158471
9951,0.003309,172.217.194.0-255,2902,49466,78,158471
9952,0.008181,172.31.40.0-255,66,49532,78,158471
9953,0.010515,172.217.194.0-255,5738,55270,78,158471
9954,0.010526,172.31.40.0-255,66,55336,78,158471
9955,0.012827,172.217.194.0-255,5738,61074,78,158471
9956,0.012834,172.31.40.0-255,66,61140,78,158471
9957,0.015105,172.217.194.0-255,5738,66878,78,158471
9958,0.015122,172.31.40.0-255,66,66944,78,158471
9959,0.017418,172.217.194.0-255,5738,72682,78,158471
9960,0.017434,172.31.40.0-255,66,72748,78,158471
9961,0.019725,172.217.194.0-255,5738,78486,78,158471
9962,0.019735,172.31.40.0-255,66,78552,78,158471
9963,0.021997,172.217.194.0-255,5738,84290,78,158471
9964,0.022005,172.31.40.0-255,66,84356,78,158471
9965,0.024283,172.217.194.0-255,5738,90094,78,158471
9966,0.02429,172.31.40.0-255,66,90160,78,158471
9967,0.026566,172.217.194.0-255,5738,95898,78,158471
9968,0.026576,172.31.40.0-255,66,95964,78,158471
9969,0.028857,172.217.194.0-255,5738,101702,78,158471
9970,0.028865,172.31.40.0-255,66,101768,78,158471
9971,0.031165,172.217.194.0-255,5738,107506,78,158471
9972,0.031172,172.31.40.0-255,66,107572,78,158471
9973,0.03343,172.217.194.0-255,5738,113310,78,158471
9974,0.033438,172.31.40.0-255,66,113376,78,158471
9975,0.035768,172.217.194.0-255,5738,119114,78,158471
9976,0.035786,172.31.40.0-255,66,119180,78,158471
9977,0.038144,172.217.194.0-255,5738,124918,78,158471
9978,0.038152,172.31.40.0-255,66,124984,78,158471
9979,0.040452,172.217.194.0-255,5738,130722,78,158471
9980,0.040469,172.31.40.0-255,66,130788,78,158471
9981,0.042765,172.217.194.0-255,5738,136526,78,158471
9982,0.042776,172.31.40.0-255,66,136592,78,158471
9983,0.045079,172.217.194.0-255,5738,142330,78,158471
9984,0.045094,172.31.40.0-255,66,142396,78,158471
9985,0.047124,172.31.40.0-255,172,142568,78,158471
9986,0.047155,172.31.40.0-255,1109,143677,78,158471
9987,0.047213,172.31.40.0-255,1514,145191,78,158471
9988,0.047215,172.31.40.0-255,1300,146491,78,158471
9989,0.047404,172.217.194.0-255,5738,152229,78,158471
9990,0.047411,172.31.40.0-255,66,152295,78,158471
9991,0.048662,104.244.42.0-255,66,152361,78,158471
9992,0.048687,104.244.42.0-255,66,152427,78,158471
9993,0.048789,104.244.42.0-255,66,152493,78,158471
9994,0.049366,104.244.42.0-255,108,152601,78,158471
9995,0.049379,172.31.40.0-255,66,152667,78,158471
9996,0.049724,172.217.194.0-255,5738,158405,78,158471
9997,0.049729,172.31.40.0-255,66,158471,78,158471
9998,0.0,172.31.40.0-255,105,105,78,276
9999,0.001783,157.240.24.0-255,105,210,78,276
10000,0.001795,172.31.40.0-255,66,276,78,276
10001,0.0,74.125.200.0-255,154,154,78,300443
10002,1.3e-05,172.31.40.0-255,66,220,78,300443
10003,2e-05,74.125.200.0-255,1484,1704,78,300443
10004,2.5e-05,172.31.40.0-255,66,1770,78,300443
10005,3e-05,74.125.200.0-255,2902,4672,78,300443
10006,3.3e-05,172.31.40.0-255,66,4738,78,300443
10007,4.7e-05,74.125.200.0-255,4320,9058,78,300443
10008,5.1e-05,172.31.40.0-255,66,9124,78,300443
10009,6.7e-05,74.125.200.0-255,1484,10608,78,300443
10010,7e-05,172.31.40.0-255,66,10674,78,300443
10011,9.5e-05,74.125.200.0-255,3395,14069,78,300443
10012,9.8e-05,172.31.40.0-255,66,14135,78,300443
10013,0.000248,74.125.200.0-255,1484,15619,78,300443
10014,0.000253,172.31.40.0-255,66,15685,78,300443
10015,0.000259,74.125.200.0-255,2902,18587,78,300443
10016,0.000261,172.31.40.0-255,66,18653,78,300443
10017,0.000266,74.125.200.0-255,2902,21555,78,300443
10018,0.000268,172.31.40.0-255,66,21621,78,300443
10019,0.000276,74.125.200.0-255,1484,23105,78,300443
10020,0.000278,172.31.40.0-255,66,23171,78,300443
10021,0.00031,74.125.200.0-255,2902,26073,78,300443
10022,0.000313,172.31.40.0-255,66,26139,78,300443
10023,0.000344,74.125.200.0-255,5379,31518,78,300443
10024,0.000347,172.31.40.0-255,66,31584,78,300443
10025,0.000374,74.125.200.0-255,5738,37322,78,300443
10026,0.000377,172.31.40.0-255,66,37388,78,300443
10027,0.000437,74.125.200.0-255,7156,44544,78,300443
10028,0.00044,172.31.40.0-255,66,44610,78,300443
10029,0.000445,74.125.200.0-255,3961,48571,78,300443
10030,0.000447,172.31.40.0-255,66,48637,78,300443
10031,0.000511,74.125.200.0-255,1484,50121,78,300443
10032,0.000514,172.31.40.0-255,66,50187,78,300443
10033,0.000518,74.125.200.0-255,2902,53089,78,300443
10034,0.000521,172.31.40.0-255,66,53155,78,300443
10035,0.000559,74.125.200.0-255,4320,57475,78,300443
10036,0.000562,172.31.40.0-255,66,57541,78,300443
10037,0.000569,74.125.200.0-255,7156,64697,78,300443
10038,0.000572,172.31.40.0-255,66,64763,78,300443
10039,0.000599,74.125.200.0-255,1457,66220,78,300443
10040,0.000603,74.125.200.0-255,347,66567,78,300443
10041,0.000605,172.31.40.0-255,66,66633,78,300443
10042,0.000774,74.125.200.0-255,1484,68117,78,300443
10043,0.000788,74.125.200.0-255,2902,71019,78,300443
10044,0.000792,172.31.40.0-255,66,71085,78,300443
10045,0.000796,74.125.200.0-255,1484,72569,78,300443
10046,0.000824,74.125.200.0-255,4320,76889,78,300443
10047,0.000827,172.31.40.0-255,66,76955,78,300443
10048,0.000834,74.125.200.0-255,6797,83752,78,300443
10049,0.000837,172.31.40.0-255,66,83818,78,300443
10050,0.000882,74.125.200.0-255,5738,89556,78,300443
10051,0.000886,172.31.40.0-255,66,89622,78,300443
10052,0.000922,74.125.200.0-255,7156,96778,78,300443
10053,0.000925,74.125.200.0-255,1484,98262,78,300443
10054,0.000935,172.31.40.0-255,66,98328,78,300443
10055,0.000941,74.125.200.0-255,2543,100871,78,300443
10056,0.000943,172.31.40.0-255,66,100937,78,300443
10057,0.001455,74.125.200.0-255,1484,102421,78,300443
10058,0.001461,74.125.200.0-255,2902,105323,78,300443
10059,0.001465,172.31.40.0-255,66,105389,78,300443
10060,0.001494,74.125.200.0-255,2902,108291,78,300443
10061,0.001497,172.31.40.0-255,66,108357,78,300443
10062,0.001503,74.125.200.0-255,4320,112677,78,300443
10063,0.001505,172.31.40.0-255,66,112743,78,300443
10064,0.001516,172.31.40.0-255,66,112809,78,300443
10065,0.00156,172.31.40.0-255,66,112875,78,300443
10066,0.001606,74.125.200.0-255,5020,117895,78,300443
10067,0.001609,172.31.40.0-255,66,117961,78,300443
10068,0.00176,74.125.200.0-255,1484,119445,78,300443
10069,0.001768,74.125.200.0-255,2902,122347,78,300443
10070,0.001771,172.31.40.0-255,66,122413,78,300443
10071,0.001777,74.125.200.0-255,2902,125315,78,300443
10072,0.001779,172.31.40.0-255,66,125381,78,300443
10073,0.001807,74.125.200.0-255,2902,128283,78,300443
10074,0.00181,172.31.40.0-255,66,128349,78,300443
10075,0.001818,74.125.200.0-255,7156,135505,78,300443
10076,0.00182,172.31.40.0-255,66,135571,78,300443
10077,0.001875,172.31.40.0-255,66,135637,78,300443
10078,0.00188,74.125.200.0-255,2184,137821,78,300443
10079,0.001881,172.31.40.0-255,66,137887,78,300443
10080,0.001936,74.125.200.0-255,2902,140789,78,300443
10081,0.001939,172.31.40.0-255,66,140855,78,300443
10082,0.001946,74.125.200.0-255,4320,145175,78,300443
10083,0.001948,172.31.40.0-255,66,145241,78,300443
10084,0.001995,172.31.40.0-255,66,145307,78,300443
10085,0.002006,172.31.40.0-255,66,145373,78,300443
10086,0.002011,74.125.200.0-255,2902,148275,78,300443
10087,0.002013,172.31.40.0-255,66,148341,78,300443
10088,0.002039,74.125.200.0-255,6438,154779,78,300443
10089,0.002041,172.31.40.0-255,66,154845,78,300443
10090,0.002044,74.125.200.0-255,1484,156329,78,300443
10091,0.002051,74.125.200.0-255,1484,157813,78,300443
10092,0.002053,172.31.40.0-255,66,157879,78,300443
10093,0.00208,74.125.200.0-255,1484,159363,78,300443
10094,0.002086,74.125.200.0-255,5738,165101,78,300443
10095,0.002089,172.31.40.0-255,66,165167,78,300443
10096,0.002096,74.125.200.0-255,5738,170905,78,300443
10097,0.002098,172.31.40.0-255,66,170971,78,300443
10098,0.002123,74.125.200.0-255,2902,173873,78,300443
10099,0.002125,172.31.40.0-255,66,173939,78,300443
10100,0.002137,172.31.40.0-255,66,174005,78,300443
10101,0.002142,74.125.200.0-255,5020,179025,78,300443
10102,0.002145,172.31.40.0-255,66,179091,78,300443
10103,0.004423,74.125.200.0-255,5738,184829,78,300443
10104,0.004432,172.31.40.0-255,66,184895,78,300443
10105,0.006715,74.125.200.0-255,5738,190633,78,300443
10106,0.006721,172.31.40.0-255,66,190699,78,300443
10107,0.009014,74.125.200.0-255,5738,196437,78,300443
10108,0.00902,172.31.40.0-255,66,196503,78,300443
10109,0.011329,74.125.200.0-255,5738,202241,78,300443
10110,0.011346,172.31.40.0-255,66,202307,78,300443
10111,0.013659,74.125.200.0-255,5738,208045,78,300443
10112,0.013673,172.31.40.0-255,66,208111,78,300443
10113,0.015977,74.125.200.0-255,5738,213849,78,300443
10114,0.015991,172.31.40.0-255,66,213915,78,300443
10115,0.018298,74.125.200.0-255,5738,219653,78,300443
10116,0.018312,172.31.40.0-255,66,219719,78,300443
10117,0.020617,74.125.200.0-255,5738,225457,78,300443
10118,0.020625,172.31.40.0-255,66,225523,78,300443
10119,0.022927,74.125.200.0-255,5738,231261,78,300443
10120,0.022939,172.31.40.0-255,66,231327,78,300443
10121,0.025237,74.125.200.0-255,5738,237065,78,300443
10122,0.025247,172.31.40.0-255,66,237131,78,300443
10123,0.027528,74.125.200.0-255,5738,242869,78,300443
10124,0.027535,172.31.40.0-255,66,242935,78,300443
10125,0.029825,74.125.200.0-255,5738,248673,78,300443
10126,0.029832,172.31.40.0-255,66,248739,78,300443
10127,0.032144,74.125.200.0-255,5738,254477,78,300443
10128,0.032161,172.31.40.0-255,66,254543,78,300443
10129,0.034456,74.125.200.0-255,5738,260281,78,300443
10130,0.034464,172.31.40.0-255,66,260347,78,300443
10131,0.036774,74.125.200.0-255,5738,266085,78,300443
10132,0.036787,172.31.40.0-255,66,266151,78,300443
10133,0.03908,74.125.200.0-255,5738,271889,78,300443
10134,0.039092,172.31.40.0-255,66,271955,78,300443
10135,0.0414,74.125.200.0-255,5738,277693,78,300443
10136,0.041415,172.31.40.0-255,66,277759,78,300443
10137,0.04372,74.125.200.0-255,5738,283497,78,300443
10138,0.04373,172.31.40.0-255,66,283563,78,300443
10139,0.045665,172.31.40.0-255,172,283735,78,300443
10140,0.045696,172.31.40.0-255,1107,284842,78,300443
10141,0.045765,172.31.40.0-255,1514,286356,78,300443
10142,0.045767,172.31.40.0-255,1514,287870,78,300443
10143,0.045793,172.31.40.0-255,701,288571,78,300443
10144,0.046019,74.125.200.0-255,5738,294309,78,300443
10145,0.046026,172.31.40.0-255,66,294375,78,300443
10146,0.047199,104.244.42.0-255,66,294441,78,300443
10147,0.047236,104.244.42.0-255,66,294507,78,300443
10148,0.047341,104.244.42.0-255,66,294573,78,300443
10149,0.047344,104.244.42.0-255,66,294639,78,300443
10150,0.048313,74.125.200.0-255,5738,300377,78,300443
10151,0.048324,172.31.40.0-255,66,300443,78,300443
10152,0.0,74.125.130.0-255,297,297,78,271105
10153,2.1e-05,172.31.40.0-255,66,363,78,271105
10154,2.8e-05,74.125.130.0-255,1484,1847,78,271105
10155,3.4e-05,172.31.40.0-255,66,1913,78,271105
10156,4e-05,74.125.130.0-255,4320,6233,78,271105
10157,4.4e-05,172.31.40.0-255,66,6299,78,271105
10158,5e-05,74.125.130.0-255,5738,12037,78,271105
10159,5.4e-05,172.31.40.0-255,66,12103,78,271105
10160,7.4e-05,74.125.130.0-255,1892,13995,78,271105
10161,7.7e-05,172.31.40.0-255,66,14061,78,271105
10162,0.000103,74.125.130.0-255,2902,16963,78,271105
10163,0.000106,172.31.40.0-255,66,17029,78,271105
10164,0.000111,74.125.130.0-255,2902,19931,78,271105
10165,0.000112,172.31.40.0-255,66,19997,78,271105
10166,0.000129,74.125.130.0-255,4320,24317,78,271105
10167,0.000133,172.31.40.0-255,66,24383,78,271105
10168,0.000137,74.125.130.0-255,2902,27285,78,271105
10169,0.000139,172.31.40.0-255,66,27351,78,271105
10170,0.000143,74.125.130.0-255,1484,28835,78,271105
10171,0.000145,172.31.40.0-255,66,28901,78,271105
10172,0.000169,74.125.130.0-255,2543,31444,78,271105
10173,0.000172,172.31.40.0-255,66,31510,78,271105
10174,0.000267,74.125.130.0-255,1484,32994,78,271105
10175,0.00027,172.31.40.0-255,66,33060,78,271105
10176,0.000275,74.125.130.0-255,1484,34544,78,271105
10177,0.000277,172.31.40.0-255,66,34610,78,271105
10178,0.00028,74.125.130.0-255,1484,36094,78,271105
10179,0.000283,172.31.40.0-255,66,36160,78,271105
10180,0.000302,74.125.130.0-255,1484,37644,78,271105
10181,0.000305,172.31.40.0-255,66,37710,78,271105
10182,0.000311,74.125.130.0-255,5738,43448,78,271105
10183,0.000314,172.31.40.0-255,66,43514,78,271105
10184,0.000348,172.31.40.0-255,66,43580,78,271105
10185,0.000374,172.31.40.0-255,66,43646,78,271105
10186,0.000397,74.125.130.0-255,1484,45130,78,271105
10187,0.000404,74.125.130.0-255,3602,48732,78,271105
10188,0.000407,172.31.40.0-255,66,48798,78,271105
10189,0.00041,74.125.130.0-255,381,49179,78,271105
10190,0.000454,74.125.130.0-255,364,49543,78,271105
10191,0.0007,74.125.130.0-255,1484,51027,78,271105
10192,0.000704,74.125.130.0-255,1484,52511,78,271105
10193,0.000715,172.31.40.0-255,66,52577,78,271105
10194,0.000721,74.125.130.0-255,1484,54061,78,271105
10195,0.000723,172.31.40.0-255,66,54127,78,271105
10196,0.00073,74.125.130.0-255,5738,59865,78,271105
10197,0.000734,172.31.40.0-255,66,59931,78,271105
10198,0.000765,74.125.130.0-255,6797,66728,78,271105
10199,0.000768,172.31.40.0-255,66,66794,78,271105
10200,0.00079,74.125.130.0-255,7156,73950,78,271105
10201,0.000793,172.31.40.0-255,66,74016,78,271105
10202,0.000814,74.125.130.0-255,2902,76918,78,271105
10203,0.000817,172.31.40.0-255,66,76984,78,271105
10204,0.000835,74.125.130.0-255,5738,82722,78,271105
10205,0.000838,172.31.40.0-255,66,82788,78,271105
10206,0.000854,74.125.130.0-255,1125,83913,78,271105
10207,0.001005,74.125.130.0-255,1484,85397,78,271105
10208,0.001011,172.31.40.0-255,66,85463,78,271105
10209,0.001025,74.125.130.0-255,2902,88365,78,271105
10210,0.001028,172.31.40.0-255,66,88431,78,271105
10211,0.001043,74.125.130.0-255,4320,92751,78,271105
10212,0.001046,172.31.40.0-255,66,92817,78,271105
10213,0.001078,172.31.40.0-255,66,92883,78,271105
10214,0.001085,74.125.130.0-255,5738,98621,78,271105
10215,0.001087,172.31.40.0-255,66,98687,78,271105
10216,0.001115,74.125.130.0-255,7156,105843,78,271105
10217,0.001119,172.31.40.0-255,66,105909,78,271105
10218,0.001136,74.125.130.0-255,3602,109511,78,271105
10219,0.001139,172.31.40.0-255,66,109577,78,271105
10220,0.001849,74.125.130.0-255,1484,111061,78,271105
10221,0.001858,74.125.130.0-255,2902,113963,78,271105
10222,0.001862,172.31.40.0-255,66,114029,78,271105
10223,0.001887,74.125.130.0-255,5738,119767,78,271105
10224,0.00189,172.31.40.0-255,66,119833,78,271105
10225,0.001896,74.125.130.0-255,5738,125571,78,271105
10226,0.001899,172.31.40.0-255,66,125637,78,271105
10227,0.001902,74.125.130.0-255,1484,127121,78,271105
10228,0.001923,74.125.130.0-255,5738,132859,78,271105
10229,0.001926,172.31.40.0-255,66,132925,78,271105
10230,0.001971,74.125.130.0-255,2902,135827,78,271105
10231,0.001973,172.31.40.0-255,66,135893,78,271105
10232,0.001995,74.125.130.0-255,5738,141631,78,271105
10233,0.001998,172.31.40.0-255,66,141697,78,271105
10234,0.002002,74.125.130.0-255,2184,143881,78,271105
10235,0.002004,172.31.40.0-255,66,143947,78,271105
10236,0.004224,74.125.130.0-255,5738,149685,78,271105
10237,0.004232,172.31.40.0-255,66,149751,78,271105
10238,0.006498,74.125.130.0-255,5738,155489,78,271105
10239,0.006505,172.31.40.0-255,66,155555,78,271105
10240,0.008739,74.125.130.0-255,5738,161293,78,271105
10241,0.008747,172.31.40.0-255,66,161359,78,271105
10242,0.010978,74.125.130.0-255,5738,167097,78,271105
10243,0.010986,172.31.40.0-255,66,167163,78,271105
10244,0.013222,74.125.130.0-255,5738,172901,78,271105
10245,0.01323,172.31.40.0-255,66,172967,78,271105
10246,0.015467,74.125.130.0-255,5738,178705,78,271105
10247,0.015476,172.31.40.0-255,66,178771,78,271105
10248,0.017712,74.125.130.0-255,5738,184509,78,271105
10249,0.017719,172.31.40.0-255,66,184575,78,271105
10250,0.019994,74.125.130.0-255,5738,190313,78,271105
10251,0.020003,172.31.40.0-255,66,190379,78,271105
10252,0.022236,74.125.130.0-255,5738,196117,78,271105
10253,0.022245,172.31.40.0-255,66,196183,78,271105
10254,0.024491,74.125.130.0-255,5738,201921,78,271105
10255,0.024499,172.31.40.0-255,66,201987,78,271105
10256,0.025101,172.31.40.0-255,172,202159,78,271105
10257,0.025132,172.31.40.0-255,1108,203267,78,271105
10258,0.025198,172.31.40.0-255,1514,204781,78,271105
10259,0.0252,172.31.40.0-255,1514,206295,78,271105
10260,0.025223,172.31.40.0-255,702,206997,78,271105
10261,0.026589,104.244.42.0-255,66,207063,78,271105
10262,0.026606,104.244.42.0-255,66,207129,78,271105
10263,0.026695,104.244.42.0-255,66,207195,78,271105
10264,0.026701,104.244.42.0-255,66,207261,78,271105
10265,0.026724,74.125.130.0-255,5738,212999,78,271105
10266,0.02673,172.31.40.0-255,66,213065,78,271105
10267,0.028966,74.125.130.0-255,5738,218803,78,271105
10268,0.028973,172.31.40.0-255,66,218869,78,271105
10269,0.031207,74.125.130.0-255,5738,224607,78,271105
10270,0.031215,172.31.40.0-255,66,224673,78,271105
10271,0.033461,74.125.130.0-255,5738,230411,78,271105
10272,0.033478,172.31.40.0-255,66,230477,78,271105
10273,0.035725,74.125.130.0-255,5738,236215,78,271105
10274,0.035744,172.31.40.0-255,66,236281,78,271105
10275,0.038,74.125.130.0-255,5738,242019,78,271105
10276,0.038015,172.31.40.0-255,66,242085,78,271105
10277,0.040271,74.125.130.0-255,5738,247823,78,271105
10278,0.040289,172.31.40.0-255,66,247889,78,271105
10279,0.042553,74.125.130.0-255,5738,253627,78,271105
10280,0.042571,172.31.40.0-255,66,253693,78,271105
10281,0.044814,74.125.130.0-255,5738,259431,78,271105
10282,0.044828,172.31.40.0-255,66,259497,78,271105
10283,0.047088,74.125.130.0-255,5738,265235,78,271105
10284,0.047105,172.31.40.0-255,66,265301,78,271105
10285,0.049358,74.125.130.0-255,5738,271039,78,271105
10286,0.049376,172.31.40.0-255,66,271105,78,271105
10287,0.0,172.253.118.0-255,146,146,78,278140
10288,3.3e-05,172.31.40.0-255,66,212,78,278140
10289,3.8e-05,172.253.118.0-255,1484,1696,78,278140
10290,4.2e-05,172.31.40.0-255,66,1762,78,278140
10291,4.6e-05,172.253.118.0-255,2902,4664,78,278140
10292,4.8e-05,172.31.40.0-255,66,4730,78,278140
10293,5.5e-05,172.253.118.0-255,7156,11886,78,278140
10294,5.7e-05,172.31.40.0-255,66,11952,78,278140
10295,6e-05,172.253.118.0-255,1984,13936,78,278140
10296,6.2e-05,172.31.40.0-255,66,14002,78,278140
10297,0.000103,172.253.118.0-255,1484,15486,78,278140
10298,0.000106,172.31.40.0-255,66,15552,78,278140
10299,0.000127,172.253.118.0-255,2902,18454,78,278140
10300,0.000131,172.31.40.0-255,66,18520,78,278140
10301,0.000137,172.253.118.0-255,5738,24258,78,278140
10302,0.000139,172.31.40.0-255,66,24324,78,278140
10303,0.000173,172.253.118.0-255,6797,31121,78,278140
10304,0.000176,172.31.40.0-255,66,31187,78,278140
10305,0.000265,172.253.118.0-255,1484,32671,78,278140
10306,0.00027,172.31.40.0-255,66,32737,78,278140
10307,0.000274,172.253.118.0-255,2902,35639,78,278140
10308,0.000276,172.31.40.0-255,66,35705,78,278140
10309,0.000279,172.253.118.0-255,1484,37189,78,278140
10310,0.000281,172.31.40.0-255,66,37255,78,278140
10311,0.000297,172.253.118.0-255,4320,41575,78,278140
10312,0.0003,172.31.40.0-255,66,41641,78,278140
10313,0.000306,172.253.118.0-255,6797,48438,78,278140
10314,0.000311,172.31.40.0-255,66,48504,78,278140
10315,0.000352,172.31.40.0-255,66,48570,78,278140
10316,0.000355,172.253.118.0-255,2851,51421,78,278140
10317,0.000359,172.31.40.0-255,66,51487,78,278140
10318,0.00039,172.253.118.0-255,114,51601,78,278140
10319,0.000394,172.253.118.0-255,331,51932,78,278140
10320,0.000669,172.253.118.0-255,1484,53416,78,278140
10321,0.000676,172.31.40.0-255,66,53482,78,278140
10322,0.000682,172.253.118.0-255,2902,56384,78,278140
10323,0.000684,172.31.40.0-255,66,56450,78,278140
10324,0.00069,172.253.118.0-255,5738,62188,78,278140
10325,0.000692,172.31.40.0-255,66,62254,78,278140
10326,0.000697,172.253.118.0-255,2902,65156,78,278140
10327,0.0007,172.31.40.0-255,66,65222,78,278140
10328,0.000727,172.253.118.0-255,2902,68124,78,278140
10329,0.00073,172.31.40.0-255,66,68190,78,278140
10330,0.000743,172.31.40.0-255,66,68256,78,278140
10331,0.000769,172.253.118.0-255,5020,73276,78,278140
10332,0.000772,172.31.40.0-255,66,73342,78,278140
10333,0.000899,172.253.118.0-255,1484,74826,78,278140
10334,0.000906,172.253.118.0-255,2902,77728,78,278140
10335,0.000911,172.253.118.0-255,4320,82048,78,278140
10336,0.000912,172.31.40.0-255,66,82114,78,278140
10337,0.000916,172.31.40.0-255,66,82180,78,278140
10338,0.000924,172.253.118.0-255,1484,83664,78,278140
10339,0.000948,172.31.40.0-255,66,83730,78,278140
10340,0.000973,172.253.118.0-255,1484,85214,78,278140
10341,0.000981,172.253.118.0-255,7156,92370,78,278140
10342,0.000985,172.31.40.0-255,66,92436,78,278140
10343,0.001003,172.253.118.0-255,3602,96038,78,278140
10344,0.001006,172.31.40.0-255,66,96104,78,278140
10345,0.001134,172.253.118.0-255,1484,97588,78,278140
10346,0.001141,172.253.118.0-255,2902,100490,78,278140
10347,0.001145,172.31.40.0-255,66,100556,78,278140
10348,0.001151,172.253.118.0-255,5738,106294,78,278140
10349,0.001154,172.31.40.0-255,66,106360,78,278140
10350,0.001171,172.253.118.0-255,5738,112098,78,278140
10351,0.001174,172.31.40.0-255,66,112164,78,278140
10352,0.001193,172.253.118.0-255,1484,113648,78,278140
10353,0.001206,172.31.40.0-255,66,113714,78,278140
10354,0.001227,172.253.118.0-255,4320,118034,78,278140
10355,0.00123,172.31.40.0-255,66,118100,78,278140
10356,0.001234,172.253.118.0-255,2184,120284,78,278140
10357,0.001236,172.31.40.0-255,66,120350,78,278140
10358,0.00149,172.253.118.0-255,1484,121834,78,278140
10359,0.001497,172.253.118.0-255,2902,124736,78,278140
10360,0.001501,172.31.40.0-255,66,124802,78,278140
10361,0.001508,172.253.118.0-255,5738,130540,78,278140
10362,0.00151,172.31.40.0-255,66,130606,78,278140
10363,0.001515,172.253.118.0-255,4320,134926,78,278140
10364,0.001517,172.31.40.0-255,66,134992,78,278140
10365,0.001548,172.31.40.0-255,66,135058,78,278140
10366,0.001581,172.31.40.0-255,66,135124,78,278140
10367,0.002054,172.253.118.0-255,1484,136608,78,278140
10368,0.002066,172.253.118.0-255,2902,139510,78,278140
10369,0.00207,172.31.40.0-255,66,139576,78,278140
10370,0.002074,172.253.118.0-255,1484,141060,78,278140
10371,0.002077,172.253.118.0-255,1484,142544,78,278140
10372,0.002078,172.31.40.0-255,66,142610,78,278140
10373,0.002095,172.253.118.0-255,4320,146930,78,278140
10374,0.002098,172.31.40.0-255,66,146996,78,278140
10375,0.002144,172.31.40.0-255,66,147062,78,278140
10376,0.002157,172.31.40.0-255,66,147128,78,278140
10377,0.00216,172.253.118.0-255,766,147894,78,278140
10378,0.002291,172.253.118.0-255,1484,149378,78,278140
10379,0.002296,172.31.40.0-255,66,149444,78,278140
10380,0.002302,172.253.118.0-255,2902,152346,78,278140
10381,0.002305,172.31.40.0-255,66,152412,78,278140
10382,0.002308,172.253.118.0-255,1484,153896,78,278140
10383,0.002336,172.253.118.0-255,4320,158216,78,278140
10384,0.00234,172.31.40.0-255,66,158282,78,278140
10385,0.002344,172.253.118.0-255,2902,161184,78,278140
10386,0.002346,172.31.40.0-255,66,161250,78,278140
10387,0.002419,172.31.40.0-255,66,161316,78,278140
10388,0.002441,172.253.118.0-255,1484,162800,78,278140
10389,0.002454,172.31.40.0-255,66,162866,78,278140
10390,0.002515,172.253.118.0-255,1484,164350,78,278140
10391,0.002521,172.253.118.0-255,2902,167252,78,278140
10392,0.002524,172.31.40.0-255,66,167318,78,278140
10393,0.002527,172.253.118.0-255,1484,168802,78,278140
10394,0.002545,172.253.118.0-255,4320,173122,78,278140
10395,0.002548,172.31.40.0-255,66,173188,78,278140
10396,0.00258,172.31.40.0-255,66,173254,78,278140
10397,0.00259,172.31.40.0-255,66,173320,78,278140
10398,0.002611,172.253.118.0-255,2184,175504,78,278140
10399,0.002614,172.31.40.0-255,66,175570,78,278140
10400,0.005144,172.253.118.0-255,2902,178472,78,278140
10401,0.005151,172.31.40.0-255,66,178538,78,278140
10402,0.00517,172.253.118.0-255,2902,181440,78,278140
10403,0.005173,172.31.40.0-255,66,181506,78,278140
10404,0.007689,172.253.118.0-255,2902,184408,78,278140
10405,0.007695,172.31.40.0-255,66,184474,78,278140
10406,0.007715,172.253.118.0-255,2902,187376,78,278140
10407,0.007717,172.31.40.0-255,66,187442,78,278140
10408,0.010244,172.253.118.0-255,4320,191762,78,278140
10409,0.01025,172.31.40.0-255,66,191828,78,278140
10410,0.010266,172.253.118.0-255,1484,193312,78,278140
10411,0.012808,172.253.118.0-255,4320,197632,78,278140
10412,0.012816,172.31.40.0-255,66,197698,78,278140
10413,0.015377,172.253.118.0-255,5738,203436,78,278140
10414,0.015385,172.31.40.0-255,66,203502,78,278140
10415,0.017939,172.253.118.0-255,4320,207822,78,278140
10416,0.017944,172.31.40.0-255,66,207888,78,278140
10417,0.017957,172.253.118.0-255,1484,209372,78,278140
10418,0.020504,172.253.118.0-255,4320,213692,78,278140
10419,0.020516,172.31.40.0-255,66,213758,78,278140
10420,0.023068,172.253.118.0-255,5738,219496,78,278140
10421,0.023076,172.31.40.0-255,66,219562,78,278140
10422,0.025654,172.253.118.0-255,5738,225300,78,278140
10423,0.025667,172.31.40.0-255,66,225366,78,278140
10424,0.028215,172.253.118.0-255,5738,231104,78,278140
10425,0.028223,172.31.40.0-255,66,231170,78,278140
10426,0.030784,172.253.118.0-255,5738,236908,78,278140
10427,0.030792,172.31.40.0-255,66,236974,78,278140
10428,0.031777,172.31.40.0-255,172,237146,78,278140
10429,0.03181,172.31.40.0-255,1108,238254,78,278140
10430,0.031886,172.31.40.0-255,1514,239768,78,278140
10431,0.031888,172.31.40.0-255,1514,241282,78,278140
10432,0.031912,172.31.40.0-255,702,241984,78,278140
10433,0.033276,104.244.42.0-255,66,242050,78,278140
10434,0.033303,104.244.42.0-255,66,242116,78,278140
10435,0.033339,172.253.118.0-255,5738,247854,78,278140
10436,0.033344,172.31.40.0-255,66,247920,78,278140
10437,0.03339,104.244.42.0-255,66,247986,78,278140
10438,0.033394,104.244.42.0-255,66,248052,78,278140
10439,0.0359,172.253.118.0-255,5738,253790,78,278140
10440,0.035905,172.31.40.0-255,66,253856,78,278140
10441,0.038456,172.253.118.0-255,5738,259594,78,278140
10442,0.038461,172.31.40.0-255,66,259660,78,278140
10443,0.041024,172.253.118.0-255,5738,265398,78,278140
10444,0.04103,172.31.40.0-255,66,265464,78,278140
10445,0.043583,172.253.118.0-255,5738,271202,78,278140
10446,0.043589,172.31.40.0-255,66,271268,78,278140
10447,0.046132,172.253.118.0-255,5738,277006,78,278140
10448,0.046139,172.31.40.0-255,66,277072,78,278140
10449,0.04868,172.253.118.0-255,897,277969,78,278140
10450,0.048809,172.31.40.0-255,66,278035,78,278140
10451,0.048844,172.31.40.0-255,105,278140,78,278140
10452,0.0,172.217.194.0-255,297,297,78,273453
10453,1.8e-05,172.31.40.0-255,66,363,78,273453
10454,2.5e-05,172.217.194.0-255,1484,1847,78,273453
10455,2.9e-05,172.31.40.0-255,66,1913,78,273453
10456,3.5e-05,172.217.194.0-255,4320,6233,78,273453
10457,3.8e-05,172.31.40.0-255,66,6299,78,273453
10458,4.5e-05,172.217.194.0-255,5738,12037,78,273453
10459,4.8e-05,172.31.40.0-255,66,12103,78,273453
10460,7.8e-05,172.217.194.0-255,3242,15345,78,273453
10461,8.1e-05,172.31.40.0-255,66,15411,78,273453
10462,9.4e-05,172.31.40.0-255,66,15477,78,273453
10463,0.00012,172.217.194.0-255,3961,19438,78,273453
10464,0.000123,172.31.40.0-255,66,19504,78,273453
10465,0.000237,172.217.194.0-255,1484,20988,78,273453
10466,0.000242,172.31.40.0-255,66,21054,78,273453
10467,0.000247,172.217.194.0-255,2902,23956,78,273453
10468,0.00025,172.31.40.0-255,66,24022,78,273453
10469,0.000252,172.217.194.0-255,1484,25506,78,273453
10470,0.000255,172.31.40.0-255,66,25572,78,273453
10471,0.000282,172.217.194.0-255,4320,29892,78,273453
10472,0.000284,172.31.40.0-255,66,29958,78,273453
10473,0.00029,172.217.194.0-255,5738,35696,78,273453
10474,0.000292,172.31.40.0-255,66,35762,78,273453
10475,0.000295,172.217.194.0-255,1484,37246,78,273453
10476,0.000297,172.31.40.0-255,66,37312,78,273453
10477,0.000338,172.31.40.0-255,66,37378,78,273453
10478,0.000343,172.217.194.0-255,3961,41339,78,273453
10479,0.000345,172.31.40.0-255,66,41405,78,273453
10480,0.000695,172.217.194.0-255,646,42051,78,273453
10481,0.0007,172.31.40.0-255,66,42117,78,273453
10482,0.000738,172.217.194.0-255,1484,43601,78,273453
10483,0.000745,172.217.194.0-255,4320,47921,78,273453
10484,0.000786,172.217.194.0-255,2902,50823,78,273453
10485,0.000811,172.217.194.0-255,7156,57979,78,273453
10486,0.00096,172.217.194.0-255,1484,59463,78,273453
10487,0.000967,172.217.194.0-255,2902,62365,78,273453
10488,0.001001,172.217.194.0-255,5738,68103,78,273453
10489,0.001037,172.217.194.0-255,6797,74900,78,273453
10490,0.001277,172.217.194.0-255,1484,76384,78,273453
10491,0.001284,172.217.194.0-255,2902,79286,78,273453
10492,0.001287,172.217.194.0-255,1484,80770,78,273453
10493,0.001306,172.217.194.0-255,4320,85090,78,273453
10494,0.00132,172.217.194.0-255,5738,90828,78,273453
10495,0.001344,172.217.194.0-255,7156,97984,78,273453
10496,0.001424,172.217.194.0-255,1484,99468,78,273453
10497,0.00143,172.217.194.0-255,2902,102370,78,273453
10498,0.001453,172.217.194.0-255,5738,108108,78,273453
10499,0.001494,172.217.194.0-255,5738,113846,78,273453
10500,0.001512,172.217.194.0-255,5020,118866,78,273453
10501,0.001548,172.217.194.0-255,7156,126022,78,273453
10502,0.001585,172.217.194.0-255,1484,127506,78,273453
10503,0.001821,172.217.194.0-255,1484,128990,78,273453
10504,0.001828,172.217.194.0-255,2902,131892,78,273453
10505,0.001841,172.217.194.0-255,2902,134794,78,273453
10506,0.001857,172.217.194.0-255,2902,137696,78,273453
10507,0.001862,172.217.194.0-255,4320,142016,78,273453
10508,0.001893,172.217.194.0-255,4320,146336,78,273453
10509,0.001911,172.217.194.0-255,6438,152774,78,273453
10510,0.009555,172.31.40.0-255,66,152840,78,273453
10511,0.010622,172.217.194.0-255,1484,154324,78,273453
10512,0.011587,172.217.194.0-255,4320,158644,78,273453
10513,0.011594,172.31.40.0-255,66,158710,78,273453
10514,0.013569,172.217.194.0-255,5738,164448,78,273453
10515,0.013624,172.31.40.0-255,66,164514,78,273453
10516,0.015592,172.217.194.0-255,5738,170252,78,273453
10517,0.0156,172.31.40.0-255,66,170318,78,273453
10518,0.017558,172.217.194.0-255,5738,176056,78,273453
10519,0.017564,172.31.40.0-255,66,176122,78,273453
10520,0.019537,172.217.194.0-255,5738,181860,78,273453
10521,0.019546,172.31.40.0-255,66,181926,78,273453
10522,0.021505,172.217.194.0-255,5738,187664,78,273453
10523,0.021513,172.31.40.0-255,66,187730,78,273453
10524,0.023486,172.217.194.0-255,5738,193468,78,273453
10525,0.023495,172.31.40.0-255,66,193534,78,273453
10526,0.025471,172.217.194.0-255,5738,199272,78,273453
10527,0.025479,172.31.40.0-255,66,199338,78,273453
10528,0.026928,172.31.40.0-255,172,199510,78,273453
10529,0.026967,172.31.40.0-255,1107,200617,78,273453
10530,0.02703,172.31.40.0-255,1514,202131,78,273453
10531,0.027031,172.31.40.0-255,1302,203433,78,273453
10532,0.027475,172.217.194.0-255,5738,209171,78,273453
10533,0.027482,172.31.40.0-255,66,209237,78,273453
10534,0.028452,104.244.42.0-255,66,209303,78,273453
10535,0.02851,104.244.42.0-255,66,209369,78,273453
10536,0.028554,104.244.42.0-255,66,209435,78,273453
10537,0.029441,104.244.42.0-255,108,209543,78,273453
10538,0.029449,172.31.40.0-255,66,209609,78,273453
10539,0.029492,172.217.194.0-255,5738,215347,78,273453
10540,0.029496,172.31.40.0-255,66,215413,78,273453
10541,0.031487,172.217.194.0-255,5738,221151,78,273453
10542,0.031494,172.31.40.0-255,66,221217,78,273453
10543,0.033464,172.217.194.0-255,5738,226955,78,273453
10544,0.03347,172.31.40.0-255,66,227021,78,273453
10545,0.035454,172.217.194.0-255,5738,232759,78,273453
10546,0.03546,172.31.40.0-255,66,232825,78,273453
10547,0.037443,172.217.194.0-255,5738,238563,78,273453
10548,0.037448,172.31.40.0-255,66,238629,78,273453
10549,0.039419,172.217.194.0-255,5738,244367,78,273453
10550,0.039426,172.31.40.0-255,66,244433,78,273453
10551,0.04142,172.217.194.0-255,5738,250171,78,273453
10552,0.041427,172.31.40.0-255,66,250237,78,273453
10553,0.043436,172.217.194.0-255,5738,255975,78,273453
10554,0.043442,172.31.40.0-255,66,256041,78,273453
10555,0.045401,172.217.194.0-255,5738,261779,78,273453
10556,0.045406,172.31.40.0-255,66,261845,78,273453
10557,0.0474,172.217.194.0-255,5738,267583,78,273453
10558,0.047407,172.31.40.0-255,66,267649,78,273453
10559,0.049413,172.217.194.0-255,5738,273387,78,273453
10560,0.049421,172.31.40.0-255,66,273453,78,273453
10561,0.0,172.217.194.0-255,150,150,78,235226
10562,2.2e-05,172.31.40.0-255,66,216,78,235226
10563,3e-05,172.217.194.0-255,1484,1700,78,235226
10564,3.3e-05,172.31.40.0-255,66,1766,78,235226
10565,4e-05,172.217.194.0-255,2902,4668,78,235226
10566,4.3e-05,172.31.40.0-255,66,4734,78,235226
10567,4.9e-05,172.217.194.0-255,5738,10472,78,235226
10568,5.3e-05,172.31.40.0-255,66,10538,78,235226
10569,6.6e-05,172.31.40.0-255,66,10604,78,235226
10570,7.1e-05,172.217.194.0-255,4320,14924,78,235226
10571,7.4e-05,172.31.40.0-255,66,14990,78,235226
10572,9.6e-05,172.217.194.0-255,5379,20369,78,235226
10573,9.9e-05,172.31.40.0-255,66,20435,78,235226
10574,0.000134,172.217.194.0-255,2902,23337,78,235226
10575,0.000136,172.31.40.0-255,66,23403,78,235226
10576,0.000168,172.31.40.0-255,66,23469,78,235226
10577,0.000834,172.217.194.0-255,1484,24953,78,235226
10578,0.000841,172.31.40.0-255,66,25019,78,235226
10579,0.000848,172.217.194.0-255,2902,27921,78,235226
10580,0.000851,172.31.40.0-255,66,27987,78,235226
10581,0.000858,172.217.194.0-255,5738,33725,78,235226
10582,0.00086,172.31.40.0-255,66,33791,78,235226
10583,0.000864,172.217.194.0-255,2902,36693,78,235226
10584,0.000866,172.31.40.0-255,66,36759,78,235226
10585,0.000897,172.217.194.0-255,4541,41300,78,235226
10586,0.0009,172.31.40.0-255,66,41366,78,235226
10587,0.000997,172.217.194.0-255,1484,42850,78,235226
10588,0.001001,172.31.40.0-255,66,42916,78,235226
10589,0.001006,172.217.194.0-255,1484,44400,78,235226
10590,0.001007,172.31.40.0-255,66,44466,78,235226
10591,0.001031,172.217.194.0-255,1484,45950,78,235226
10592,0.001038,172.217.194.0-255,5738,51688,78,235226
10593,0.001041,172.31.40.0-255,66,51754,78,235226
10594,0.001046,172.217.194.0-255,2902,54656,78,235226
10595,0.001048,172.31.40.0-255,66,54722,78,235226
10596,0.001083,172.31.40.0-255,66,54788,78,235226
10597,0.001096,172.31.40.0-255,66,54854,78,235226
10598,0.00138,172.217.194.0-255,1484,56338,78,235226
10599,0.001388,172.217.194.0-255,2902,59240,78,235226
10600,0.001392,172.31.40.0-255,66,59306,78,235226
10601,0.001399,172.217.194.0-255,5738,65044,78,235226
10602,0.001401,172.31.40.0-255,66,65110,78,235226
10603,0.001429,172.31.40.0-255,66,65176,78,235226
10604,0.001442,172.31.40.0-255,66,65242,78,235226
10605,0.001481,172.217.194.0-255,2902,68144,78,235226
10606,0.001484,172.31.40.0-255,66,68210,78,235226
10607,0.001515,172.31.40.0-255,66,68276,78,235226
10608,0.00153,172.31.40.0-255,66,68342,78,235226
10609,0.001537,172.217.194.0-255,6438,74780,78,235226
10610,0.00154,172.31.40.0-255,66,74846,78,235226
10611,0.001603,172.217.194.0-255,7156,82002,78,235226
10612,0.001605,172.31.40.0-255,66,82068,78,235226
10613,0.00162,172.31.40.0-255,66,82134,78,235226
10614,0.001652,172.31.40.0-255,66,82200,78,235226
10615,0.001681,172.217.194.0-255,2184,84384,78,235226
10616,0.001684,172.31.40.0-255,66,84450,78,235226
10617,0.001948,172.217.194.0-255,1484,85934,78,235226
10618,0.001956,172.217.194.0-255,2902,88836,78,235226
10619,0.001961,172.31.40.0-255,66,88902,78,235226
10620,0.001982,172.217.194.0-255,2902,91804,78,235226
10621,0.001985,172.31.40.0-255,66,91870,78,235226
10622,0.001999,172.217.194.0-255,2902,94772,78,235226
10623,0.002001,172.31.40.0-255,66,94838,78,235226
10624,0.002004,172.217.194.0-255,1484,96322,78,235226
10625,0.002026,172.217.194.0-255,4320,100642,78,235226
10626,0.002028,172.31.40.0-255,66,100708,78,235226
10627,0.00204,172.217.194.0-255,1484,102192,78,235226
10628,0.002065,172.31.40.0-255,66,102258,78,235226
10629,0.002083,172.217.194.0-255,1484,103742,78,235226
10630,0.002089,172.217.194.0-255,5020,108762,78,235226
10631,0.002092,172.31.40.0-255,66,108828,78,235226
10632,0.002138,172.217.194.0-255,1484,110312,78,235226
10633,0.002157,172.217.194.0-255,2902,113214,78,235226
10634,0.00216,172.31.40.0-255,66,113280,78,235226
10635,0.002166,172.217.194.0-255,4320,117600,78,235226
10636,0.002168,172.31.40.0-255,66,117666,78,235226
10637,0.002179,172.217.194.0-255,1484,119150,78,235226
10638,0.002215,172.31.40.0-255,66,119216,78,235226
10639,0.002236,172.217.194.0-255,1484,120700,78,235226
10640,0.006209,172.31.40.0-255,66,120766,78,235226
10641,0.008482,172.217.194.0-255,5738,126504,78,235226
10642,0.008488,172.31.40.0-255,66,126570,78,235226
10643,0.010735,172.217.194.0-255,2902,129472,78,235226
10644,0.010742,172.31.40.0-255,66,129538,78,235226
10645,0.010765,172.217.194.0-255,2902,132440,78,235226
10646,0.010769,172.31.40.0-255,66,132506,78,235226
10647,0.013013,172.217.194.0-255,2902,135408,78,235226
10648,0.013021,172.31.40.0-255,66,135474,78,235226
10649,0.013043,172.217.194.0-255,2902,138376,78,235226
10650,0.013045,172.31.40.0-255,66,138442,78,235226
10651,0.015312,172.217.194.0-255,5738,144180,78,235226
10652,0.015319,172.31.40.0-255,66,144246,78,235226
10653,0.017578,172.217.194.0-255,5738,149984,78,235226
10654,0.017586,172.31.40.0-255,66,150050,78,235226
10655,0.019891,172.217.194.0-255,5738,155788,78,235226
10656,0.019904,172.31.40.0-255,66,155854,78,235226
10657,0.022187,172.217.194.0-255,5738,161592,78,235226
10658,0.022196,172.31.40.0-255,66,161658,78,235226
10659,0.024477,172.217.194.0-255,4320,165978,78,235226
10660,0.024484,172.31.40.0-255,66,166044,78,235226
10661,0.024504,172.217.194.0-255,1484,167528,78,235226
10662,0.026771,172.217.194.0-255,4320,171848,78,235226
10663,0.02678,172.31.40.0-255,66,171914,78,235226
10664,0.029056,172.217.194.0-255,5738,177652,78,235226
10665,0.029064,172.31.40.0-255,66,177718,78,235226
10666,0.031367,172.217.194.0-255,5738,183456,78,235226
10667,0.031373,172.31.40.0-255,66,183522,78,235226
10668,0.033655,172.217.194.0-255,5738,189260,78,235226
10669,0.033661,172.31.40.0-255,66,189326,78,235226
10670,0.033822,172.31.40.0-255,172,189498,78,235226
10671,0.033848,172.31.40.0-255,1107,190605,78,235226
10672,0.033902,172.31.40.0-255,1514,192119,78,235226
10673,0.033903,172.31.40.0-255,1514,193633,78,235226
10674,0.033928,172.31.40.0-255,701,194334,78,235226
10675,0.035393,104.244.42.0-255,66,194400,78,235226
10676,0.035423,104.244.42.0-255,66,194466,78,235226
10677,0.035499,104.244.42.0-255,66,194532,78,235226
10678,0.03551,104.244.42.0-255,66,194598,78,235226
10679,0.035961,172.217.194.0-255,5738,200336,78,235226
10680,0.035966,172.31.40.0-255,66,200402,78,235226
10681,0.038261,172.217.194.0-255,5738,206140,78,235226
10682,0.038269,172.31.40.0-255,66,206206,78,235226
10683,0.04055,172.217.194.0-255,5738,211944,78,235226
10684,0.040555,172.31.40.0-255,66,212010,78,235226
10685,0.042809,172.217.194.0-255,5738,217748,78,235226
10686,0.042815,172.31.40.0-255,66,217814,78,235226
10687,0.045105,172.217.194.0-255,5738,223552,78,235226
10688,0.045111,172.31.40.0-255,66,223618,78,235226
10689,0.047415,172.217.194.0-255,5738,229356,78,235226
10690,0.047422,172.31.40.0-255,66,229422,78,235226
10691,0.049673,172.217.194.0-255,5738,235160,78,235226
10692,0.049678,172.31.40.0-255,66,235226,78,235226
10693,0.0,172.217.194.0-255,156,156,78,220233
10694,2.2e-05,172.31.40.0-255,66,222,78,220233
10695,2.9e-05,172.217.194.0-255,1484,1706,78,220233
10696,3.5e-05,172.31.40.0-255,66,1772,78,220233
10697,4.1e-05,172.217.194.0-255,2902,4674,78,220233
10698,4.6e-05,172.31.40.0-255,66,4740,78,220233
10699,5.2e-05,172.217.194.0-255,5738,10478,78,220233
10700,5.5e-05,172.31.40.0-255,66,10544,78,220233
10701,8.8e-05,172.31.40.0-255,66,10610,78,220233
10702,0.000107,172.217.194.0-255,3525,14135,78,220233
10703,0.000109,172.31.40.0-255,66,14201,78,220233
10704,0.000116,172.217.194.0-255,6797,20998,78,220233
10705,0.000119,172.31.40.0-255,66,21064,78,220233
10706,0.000193,172.217.194.0-255,1484,22548,78,220233
10707,0.000196,172.31.40.0-255,66,22614,78,220233
10708,0.0002,172.217.194.0-255,1484,24098,78,220233
10709,0.000202,172.31.40.0-255,66,24164,78,220233
10710,0.000218,172.217.194.0-255,1484,25648,78,220233
10711,0.000221,172.31.40.0-255,66,25714,78,220233
10712,0.000227,172.217.194.0-255,5738,31452,78,220233
10713,0.00023,172.31.40.0-255,66,31518,78,220233
10714,0.000266,172.31.40.0-255,66,31584,78,220233
10715,0.000301,172.217.194.0-255,7156,38740,78,220233
10716,0.000305,172.31.40.0-255,66,38806,78,220233
10717,0.000322,172.217.194.0-255,2902,41708,78,220233
10718,0.000324,172.31.40.0-255,66,41774,78,220233
10719,0.000327,172.217.194.0-255,1125,42899,78,220233
10720,0.000329,172.31.40.0-255,66,42965,78,220233
10721,0.000369,172.217.194.0-255,410,43375,78,220233
10722,0.000372,172.31.40.0-255,66,43441,78,220233
10723,0.000469,172.217.194.0-255,364,43805,78,220233
10724,0.000778,172.217.194.0-255,1484,45289,78,220233
10725,0.000783,172.31.40.0-255,66,45355,78,220233
10726,0.000789,172.217.194.0-255,2902,48257,78,220233
10727,0.000805,172.217.194.0-255,5738,53995,78,220233
10728,0.000825,172.31.40.0-255,66,54061,78,220233
10729,0.000831,172.217.194.0-255,4320,58381,78,220233
10730,0.000836,172.31.40.0-255,66,58447,78,220233
10731,0.000851,172.217.194.0-255,5379,63826,78,220233
10732,0.000857,172.217.194.0-255,5738,69564,78,220233
10733,0.000876,172.31.40.0-255,66,69630,78,220233
10734,0.000882,172.217.194.0-255,4320,73950,78,220233
10735,0.000892,172.31.40.0-255,66,74016,78,220233
10736,0.000909,172.217.194.0-255,1484,75500,78,220233
10737,0.000925,172.217.194.0-255,2543,78043,78,220233
10738,0.00094,172.31.40.0-255,66,78109,78,220233
10739,0.001032,172.217.194.0-255,1484,79593,78,220233
10740,0.001038,172.217.194.0-255,2902,82495,78,220233
10741,0.001041,172.31.40.0-255,66,82561,78,220233
10742,0.001059,172.217.194.0-255,5738,88299,78,220233
10743,0.001086,172.217.194.0-255,1484,89783,78,220233
10744,0.001091,172.31.40.0-255,66,89849,78,220233
10745,0.001105,172.217.194.0-255,4320,94169,78,220233
10746,0.001124,172.217.194.0-255,7156,101325,78,220233
10747,0.001142,172.31.40.0-255,66,101391,78,220233
10748,0.001149,172.217.194.0-255,766,102157,78,220233
10749,0.001177,172.217.194.0-255,1484,103641,78,220233
10750,0.001183,172.31.40.0-255,66,103707,78,220233
10751,0.001193,172.217.194.0-255,4320,108027,78,220233
10752,0.001203,172.217.194.0-255,1484,109511,78,220233
10753,0.001205,172.31.40.0-255,66,109577,78,220233
10754,0.001223,172.217.194.0-255,2902,112479,78,220233
10755,0.001228,172.217.194.0-255,4320,116799,78,220233
10756,0.001236,172.31.40.0-255,66,116865,78,220233
10757,0.001251,172.217.194.0-255,5738,122603,78,220233
10758,0.001319,172.217.194.0-255,3602,126205,78,220233
10759,0.001325,172.31.40.0-255,66,126271,78,220233
10760,0.001387,172.217.194.0-255,1484,127755,78,220233
10761,0.001393,172.217.194.0-255,2902,130657,78,220233
10762,0.001406,172.217.194.0-255,2902,133559,78,220233
10763,0.001418,172.217.194.0-255,2902,136461,78,220233
10764,0.001424,172.31.40.0-255,66,136527,78,220233
10765,0.001469,172.217.194.0-255,5738,142265,78,220233
10766,0.001473,172.31.40.0-255,66,142331,78,220233
10767,0.001497,172.217.194.0-255,5020,147351,78,220233
10768,0.001507,172.31.40.0-255,66,147417,78,220233
10769,0.001535,172.217.194.0-255,1484,148901,78,220233
10770,0.001539,172.217.194.0-255,2902,151803,78,220233
10771,0.001542,172.217.194.0-255,1484,153287,78,220233
10772,0.001547,172.31.40.0-255,66,153353,78,220233
10773,0.001564,172.217.194.0-255,4320,157673,78,220233
10774,0.001568,172.217.194.0-255,4320,161993,78,220233
10775,0.001584,172.217.194.0-255,2902,164895,78,220233
10776,0.001588,172.217.194.0-255,2902,167797,78,220233
10777,0.001594,172.31.40.0-255,66,167863,78,220233
10778,0.001621,172.217.194.0-255,2184,170047,78,220233
10779,0.001631,172.31.40.0-255,66,170113,78,220233
10780,0.00164,172.217.194.0-255,2902,173015,78,220233
10781,0.001649,172.31.40.0-255,66,173081,78,220233
10782,0.001653,172.217.194.0-255,2902,175983,78,220233
10783,0.00167,172.217.194.0-255,4320,180303,78,220233
10784,0.001673,172.217.194.0-255,1484,181787,78,220233
10785,0.001689,172.217.194.0-255,4320,186107,78,220233
10786,0.001694,172.31.40.0-255,66,186173,78,220233
10787,0.00176,172.31.40.0-255,66,186239,78,220233
10788,0.001782,172.217.194.0-255,6438,192677,78,220233
10789,0.001829,172.217.194.0-255,1484,194161,78,220233
10790,0.001836,172.217.194.0-255,5738,199899,78,220233
10791,0.001838,172.31.40.0-255,66,199965,78,220233
10792,0.001844,172.31.40.0-255,66,200031,78,220233
10793,0.001866,172.217.194.0-255,6438,206469,78,220233
10794,0.001872,172.31.40.0-255,66,206535,78,220233
10795,0.00189,172.217.194.0-255,1484,208019,78,220233
10796,0.001893,172.217.194.0-255,1484,209503,78,220233
10797,0.001905,172.31.40.0-255,66,209569,78,220233
10798,0.001914,172.217.194.0-255,1484,211053,78,220233
10799,0.00192,172.217.194.0-255,5738,216791,78,220233
10800,0.001961,172.31.40.0-255,66,216857,78,220233
10801,0.001987,172.217.194.0-255,1484,218341,78,220233
10802,0.002026,172.31.40.0-255,66,218407,78,220233
10803,0.002043,172.217.194.0-255,1484,219891,78,220233
10804,0.002081,172.217.194.0-255,105,219996,78,220233
10805,0.002087,172.31.40.0-255,66,220062,78,220233
10806,0.015649,172.31.40.0-255,105,220167,78,220233
10807,0.01774,172.217.194.0-255,66,220233,78,220233
10808,0.0,172.253.118.0-255,146,146,78,253092
10809,2.2e-05,172.31.40.0-255,66,212,78,253092
10810,3e-05,172.253.118.0-255,1484,1696,78,253092
10811,3.4e-05,172.31.40.0-255,66,1762,78,253092
10812,4.1e-05,172.253.118.0-255,2902,4664,78,253092
10813,4.4e-05,172.31.40.0-255,66,4730,78,253092
10814,5.2e-05,172.253.118.0-255,7156,11886,78,253092
10815,5.5e-05,172.31.40.0-255,66,11952,78,253092
10816,5.8e-05,172.253.118.0-255,2039,13991,78,253092
10817,6.1e-05,172.31.40.0-255,66,14057,78,253092
10818,0.000133,172.253.118.0-255,1484,15541,78,253092
10819,0.000136,172.31.40.0-255,66,15607,78,253092
10820,0.000141,172.253.118.0-255,2902,18509,78,253092
10821,0.000144,172.31.40.0-255,66,18575,78,253092
10822,0.000158,172.253.118.0-255,4320,22895,78,253092
10823,0.00016,172.31.40.0-255,66,22961,78,253092
10824,0.000176,172.253.118.0-255,1484,24445,78,253092
10825,0.000179,172.31.40.0-255,66,24511,78,253092
10826,0.000182,172.253.118.0-255,1484,25995,78,253092
10827,0.000184,172.31.40.0-255,66,26061,78,253092
10828,0.000206,172.253.118.0-255,5379,31440,78,253092
10829,0.000209,172.31.40.0-255,66,31506,78,253092
10830,0.000354,172.253.118.0-255,1484,32990,78,253092
10831,0.000359,172.31.40.0-255,66,33056,78,253092
10832,0.000365,172.253.118.0-255,2902,35958,78,253092
10833,0.000368,172.31.40.0-255,66,36024,78,253092
10834,0.000372,172.253.118.0-255,2902,38926,78,253092
10835,0.000374,172.31.40.0-255,66,38992,78,253092
10836,0.000395,172.253.118.0-255,2902,41894,78,253092
10837,0.000397,172.31.40.0-255,66,41960,78,253092
10838,0.000418,172.253.118.0-255,7156,49116,78,253092
10839,0.000421,172.31.40.0-255,66,49182,78,253092
10840,0.000439,172.253.118.0-255,6797,55979,78,253092
10841,0.000442,172.31.40.0-255,66,56045,78,253092
10842,0.000465,172.253.118.0-255,4320,60365,78,253092
10843,0.000468,172.31.40.0-255,66,60431,78,253092
10844,0.00049,172.253.118.0-255,5379,65810,78,253092
10845,0.000494,172.31.40.0-255,66,65876,78,253092
10846,0.00084,172.253.118.0-255,410,66286,78,253092
10847,0.00091,172.253.118.0-255,333,66619,78,253092
10848,0.001041,172.31.40.0-255,66,66685,78,253092
10849,0.00126,172.253.118.0-255,1484,68169,78,253092
10850,0.00127,172.253.118.0-255,2902,71071,78,253092
10851,0.001274,172.31.40.0-255,66,71137,78,253092
10852,0.001299,172.253.118.0-255,1484,72621,78,253092
10853,0.001316,172.253.118.0-255,4320,76941,78,253092
10854,0.001319,172.31.40.0-255,66,77007,78,253092
10855,0.001326,172.253.118.0-255,7156,84163,78,253092
10856,0.001329,172.31.40.0-255,66,84229,78,253092
10857,0.001345,172.253.118.0-255,5738,89967,78,253092
10858,0.001347,172.31.40.0-255,66,90033,78,253092
10859,0.001353,172.253.118.0-255,4320,94353,78,253092
10860,0.001355,172.31.40.0-255,66,94419,78,253092
10861,0.001384,172.253.118.0-255,1484,95903,78,253092
10862,0.001404,172.253.118.0-255,5020,100923,78,253092
10863,0.001407,172.31.40.0-255,66,100989,78,253092
10864,0.002101,172.253.118.0-255,1484,102473,78,253092
10865,0.002108,172.253.118.0-255,1484,103957,78,253092
10866,0.002112,172.31.40.0-255,66,104023,78,253092
10867,0.002132,172.253.118.0-255,1484,105507,78,253092
10868,0.002135,172.253.118.0-255,1484,106991,78,253092
10869,0.002136,172.31.40.0-255,66,107057,78,253092
10870,0.002153,172.253.118.0-255,4320,111377,78,253092
10871,0.002156,172.31.40.0-255,66,111443,78,253092
10872,0.002159,172.253.118.0-255,1484,112927,78,253092
10873,0.002174,172.253.118.0-255,1484,114411,78,253092
10874,0.002176,172.31.40.0-255,66,114477,78,253092
10875,0.00218,172.253.118.0-255,1484,115961,78,253092
10876,0.00221,172.31.40.0-255,66,116027,78,253092
10877,0.00223,172.253.118.0-255,4320,120347,78,253092
10878,0.002232,172.31.40.0-255,66,120413,78,253092
10879,0.002258,172.253.118.0-255,6438,126851,78,253092
10880,0.00226,172.31.40.0-255,66,126917,78,253092
10881,0.004492,172.253.118.0-255,5738,132655,78,253092
10882,0.004496,172.31.40.0-255,66,132721,78,253092
10883,0.006741,172.253.118.0-255,5738,138459,78,253092
10884,0.006748,172.31.40.0-255,66,138525,78,253092
10885,0.009005,172.253.118.0-255,5738,144263,78,253092
10886,0.009013,172.31.40.0-255,66,144329,78,253092
10887,0.011251,172.253.118.0-255,5738,150067,78,253092
10888,0.011258,172.31.40.0-255,66,150133,78,253092
10889,0.013499,172.253.118.0-255,5738,155871,78,253092
10890,0.013506,172.31.40.0-255,66,155937,78,253092
10891,0.015748,172.253.118.0-255,5738,161675,78,253092
10892,0.015756,172.31.40.0-255,66,161741,78,253092
10893,0.018,172.253.118.0-255,5738,167479,78,253092
10894,0.018007,172.31.40.0-255,66,167545,78,253092
10895,0.020252,172.253.118.0-255,5738,173283,78,253092
10896,0.020258,172.31.40.0-255,66,173349,78,253092
10897,0.022511,172.253.118.0-255,5738,179087,78,253092
10898,0.022519,172.31.40.0-255,66,179153,78,253092
10899,0.024761,172.253.118.0-255,5738,184891,78,253092
10900,0.02477,172.31.40.0-255,66,184957,78,253092
10901,0.027023,172.253.118.0-255,5738,190695,78,253092
10902,0.027032,172.31.40.0-255,66,190761,78,253092
10903,0.029282,172.253.118.0-255,5738,196499,78,253092
10904,0.029292,172.31.40.0-255,66,196565,78,253092
10905,0.031546,172.253.118.0-255,5738,202303,78,253092
10906,0.031553,172.31.40.0-255,66,202369,78,253092
10907,0.033141,172.31.40.0-255,172,202541,78,253092
10908,0.033167,172.31.40.0-255,1108,203649,78,253092
10909,0.033218,172.31.40.0-255,1514,205163,78,253092
10910,0.03322,172.31.40.0-255,1299,206462,78,253092
10911,0.03379,172.253.118.0-255,5738,212200,78,253092
10912,0.033797,172.31.40.0-255,66,212266,78,253092
10913,0.034717,104.244.42.0-255,66,212332,78,253092
10914,0.034725,104.244.42.0-255,66,212398,78,253092
10915,0.034751,104.244.42.0-255,66,212464,78,253092
10916,0.036069,172.253.118.0-255,5738,218202,78,253092
10917,0.036076,172.31.40.0-255,66,218268,78,253092
10918,0.03836,172.253.118.0-255,5738,224006,78,253092
10919,0.038367,172.31.40.0-255,66,224072,78,253092
10920,0.040635,172.253.118.0-255,5738,229810,78,253092
10921,0.040645,172.31.40.0-255,66,229876,78,253092
10922,0.042898,172.253.118.0-255,5738,235614,78,253092
10923,0.042904,172.31.40.0-255,66,235680,78,253092
10924,0.045175,172.253.118.0-255,5738,241418,78,253092
10925,0.045182,172.31.40.0-255,66,241484,78,253092
10926,0.04748,172.253.118.0-255,5738,247222,78,253092
10927,0.047487,172.31.40.0-255,66,247288,78,253092
10928,0.049753,172.253.118.0-255,5738,253026,78,253092
10929,0.049759,172.31.40.0-255,66,253092,78,253092
10930,0.0,74.125.24.0-255,146,146,78,208253
10931,2.3e-05,172.31.40.0-255,66,212,78,208253
10932,3.1e-05,74.125.24.0-255,1484,1696,78,208253
10933,3.6e-05,172.31.40.0-255,66,1762,78,208253
10934,5.2e-05,74.125.24.0-255,2902,4664,78,208253
10935,5.6e-05,172.31.40.0-255,66,4730,78,208253
10936,6.4e-05,74.125.24.0-255,7156,11886,78,208253
10937,6.7e-05,172.31.40.0-255,66,11952,78,208253
10938,7.1e-05,74.125.24.0-255,2124,14076,78,208253
10939,7.4e-05,172.31.40.0-255,66,14142,78,208253
10940,7.8e-05,74.125.24.0-255,1484,15626,78,208253
10941,8e-05,172.31.40.0-255,66,15692,78,208253
10942,8.5e-05,74.125.24.0-255,2902,18594,78,208253
10943,8.7e-05,172.31.40.0-255,66,18660,78,208253
10944,9.1e-05,74.125.24.0-255,1484,20144,78,208253
10945,9.3e-05,172.31.40.0-255,66,20210,78,208253
10946,0.000129,74.125.24.0-255,4320,24530,78,208253
10947,0.000132,172.31.40.0-255,66,24596,78,208253
10948,0.00014,74.125.24.0-255,6797,31393,78,208253
10949,0.000142,172.31.40.0-255,66,31459,78,208253
10950,0.000386,74.125.24.0-255,1484,32943,78,208253
10951,0.000391,172.31.40.0-255,66,33009,78,208253
10952,0.000398,74.125.24.0-255,2902,35911,78,208253
10953,0.000401,172.31.40.0-255,66,35977,78,208253
10954,0.00041,74.125.24.0-255,2902,38879,78,208253
10955,0.000412,172.31.40.0-255,66,38945,78,208253
10956,0.000438,74.125.24.0-255,2902,41847,78,208253
10957,0.000441,172.31.40.0-255,66,41913,78,208253
10958,0.000451,172.31.40.0-255,66,41979,78,208253
10959,0.000467,172.31.40.0-255,66,42045,78,208253
10960,0.0005,74.125.24.0-255,6797,48842,78,208253
10961,0.000503,172.31.40.0-255,66,48908,78,208253
10962,0.001512,74.125.24.0-255,647,49555,78,208253
10963,0.001553,172.31.40.0-255,66,49621,78,208253
10964,0.001747,74.125.24.0-255,1484,51105,78,208253
10965,0.001757,74.125.24.0-255,2902,54007,78,208253
10966,0.001761,172.31.40.0-255,66,54073,78,208253
10967,0.001769,74.125.24.0-255,5738,59811,78,208253
10968,0.001771,172.31.40.0-255,66,59877,78,208253
10969,0.001807,172.31.40.0-255,66,59943,78,208253
10970,0.001833,74.125.24.0-255,5738,65681,78,208253
10971,0.001835,172.31.40.0-255,66,65747,78,208253
10972,0.001847,74.125.24.0-255,1484,67231,78,208253
10973,0.001872,74.125.24.0-255,3602,70833,78,208253
10974,0.001874,172.31.40.0-255,66,70899,78,208253
10975,0.0024,74.125.24.0-255,1484,72383,78,208253
10976,0.002405,74.125.24.0-255,1484,73867,78,208253
10977,0.002408,172.31.40.0-255,66,73933,78,208253
10978,0.002435,74.125.24.0-255,1484,75417,78,208253
10979,0.002442,74.125.24.0-255,5738,81155,78,208253
10980,0.002444,172.31.40.0-255,66,81221,78,208253
10981,0.00245,74.125.24.0-255,4320,85541,78,208253
10982,0.002452,172.31.40.0-255,66,85607,78,208253
10983,0.00249,172.31.40.0-255,66,85673,78,208253
10984,0.002506,172.31.40.0-255,66,85739,78,208253
10985,0.002509,74.125.24.0-255,766,86505,78,208253
10986,0.002527,74.125.24.0-255,1484,87989,78,208253
10987,0.00253,172.31.40.0-255,66,88055,78,208253
10988,0.002533,74.125.24.0-255,1484,89539,78,208253
10989,0.002558,74.125.24.0-255,2902,92441,78,208253
10990,0.002561,172.31.40.0-255,66,92507,78,208253
10991,0.002578,172.31.40.0-255,66,92573,78,208253
10992,0.002585,74.125.24.0-255,7156,99729,78,208253
10993,0.002588,172.31.40.0-255,66,99795,78,208253
10994,0.00264,172.31.40.0-255,66,99861,78,208253
10995,0.005199,74.125.24.0-255,5738,105599,78,208253
10996,0.005205,172.31.40.0-255,66,105665,78,208253
10997,0.007753,74.125.24.0-255,5738,111403,78,208253
10998,0.007759,172.31.40.0-255,66,111469,78,208253
10999,0.010325,74.125.24.0-255,5738,117207,78,208253
11000,0.010332,172.31.40.0-255,66,117273,78,208253
11001,0.012928,74.125.24.0-255,5738,123011,78,208253
11002,0.012936,172.31.40.0-255,66,123077,78,208253
11003,0.015508,74.125.24.0-255,5738,128815,78,208253
11004,0.015516,172.31.40.0-255,66,128881,78,208253
11005,0.018114,74.125.24.0-255,4320,133201,78,208253
11006,0.018124,172.31.40.0-255,66,133267,78,208253
11007,0.018155,74.125.24.0-255,1484,134751,78,208253
11008,0.020763,74.125.24.0-255,4320,139071,78,208253
11009,0.020777,172.31.40.0-255,66,139137,78,208253
11010,0.023355,74.125.24.0-255,5738,144875,78,208253
11011,0.023363,172.31.40.0-255,66,144941,78,208253
11012,0.025907,74.125.24.0-255,5738,150679,78,208253
11013,0.025914,172.31.40.0-255,66,150745,78,208253
11014,0.0285,74.125.24.0-255,5738,156483,78,208253
11015,0.028514,172.31.40.0-255,66,156549,78,208253
11016,0.030749,172.31.40.0-255,172,156721,78,208253
11017,0.030783,172.31.40.0-255,1108,157829,78,208253
11018,0.030848,172.31.40.0-255,1514,159343,78,208253
11019,0.03085,172.31.40.0-255,1514,160857,78,208253
11020,0.030873,172.31.40.0-255,700,161557,78,208253
11021,0.031089,74.125.24.0-255,5738,167295,78,208253
11022,0.031096,172.31.40.0-255,66,167361,78,208253
11023,0.03232,104.244.42.0-255,66,167427,78,208253
11024,0.032344,104.244.42.0-255,66,167493,78,208253
11025,0.032406,104.244.42.0-255,66,167559,78,208253
11026,0.032412,104.244.42.0-255,66,167625,78,208253
11027,0.033666,74.125.24.0-255,5738,173363,78,208253
11028,0.033674,172.31.40.0-255,66,173429,78,208253
11029,0.036312,74.125.24.0-255,5738,179167,78,208253
11030,0.036319,172.31.40.0-255,66,179233,78,208253
11031,0.038901,74.125.24.0-255,5738,184971,78,208253
11032,0.038908,172.31.40.0-255,66,185037,78,208253
11033,0.0415,74.125.24.0-255,5738,190775,78,208253
11034,0.041519,172.31.40.0-255,66,190841,78,208253
11035,0.044085,74.125.24.0-255,5738,196579,78,208253
11036,0.0441,172.31.40.0-255,66,196645,78,208253
11037,0.046654,74.125.24.0-255,5738,202383,78,208253
11038,0.046672,172.31.40.0-255,66,202449,78,208253
11039,0.049239,74.125.24.0-255,5738,208187,78,208253
11040,0.049258,172.31.40.0-255,66,208253,78,208253
11041,0.0,172.217.194.0-255,152,152,78,229648
11042,2.4e-05,172.31.40.0-255,66,218,78,229648
11043,3.1e-05,172.217.194.0-255,1484,1702,78,229648
11044,3.6e-05,172.31.40.0-255,66,1768,78,229648
11045,4.2e-05,172.217.194.0-255,2902,4670,78,229648
11046,5.2e-05,172.31.40.0-255,66,4736,78,229648
11047,6e-05,172.217.194.0-255,7156,11892,78,229648
11048,6.3e-05,172.31.40.0-255,66,11958,78,229648
11049,6.8e-05,172.217.194.0-255,2031,13989,78,229648
11050,7.1e-05,172.31.40.0-255,66,14055,78,229648
11051,0.000109,172.217.194.0-255,2902,16957,78,229648
11052,0.000112,172.31.40.0-255,66,17023,78,229648
11053,0.00012,172.217.194.0-255,7156,24179,78,229648
11054,0.000123,172.31.40.0-255,66,24245,78,229648
11055,0.00015,172.217.194.0-255,2902,27147,78,229648
11056,0.000153,172.31.40.0-255,66,27213,78,229648
11057,0.000184,172.31.40.0-255,66,27279,78,229648
11058,0.000197,172.31.40.0-255,66,27345,78,229648
11059,0.000223,172.217.194.0-255,7156,34501,78,229648
11060,0.000226,172.31.40.0-255,66,34567,78,229648
11061,0.000233,172.217.194.0-255,1484,36051,78,229648
11062,0.000235,172.31.40.0-255,66,36117,78,229648
11063,0.000264,172.217.194.0-255,7156,43273,78,229648
11064,0.000266,172.31.40.0-255,66,43339,78,229648
11065,0.000269,172.217.194.0-255,1436,44775,78,229648
11066,0.000271,172.31.40.0-255,66,44841,78,229648
11067,0.000344,172.217.194.0-255,100,44941,78,229648
11068,0.000348,172.31.40.0-255,66,45007,78,229648
11069,0.000373,172.217.194.0-255,364,45371,78,229648
11070,0.000376,172.31.40.0-255,66,45437,78,229648
11071,0.000468,172.217.194.0-255,1484,46921,78,229648
11072,0.000491,172.217.194.0-255,2902,49823,78,229648
11073,0.000496,172.31.40.0-255,66,49889,78,229648
11074,0.000502,172.217.194.0-255,5738,55627,78,229648
11075,0.000505,172.31.40.0-255,66,55693,78,229648
11076,0.000541,172.217.194.0-255,6797,62490,78,229648
11077,0.000544,172.31.40.0-255,66,62556,78,229648
11078,0.00055,172.217.194.0-255,7156,69712,78,229648
11079,0.000572,172.31.40.0-255,66,69778,78,229648
11080,0.000587,172.31.40.0-255,66,69844,78,229648
11081,0.001007,172.217.194.0-255,1484,71328,78,229648
11082,0.001015,172.217.194.0-255,2902,74230,78,229648
11083,0.001019,172.31.40.0-255,66,74296,78,229648
11084,0.001026,172.217.194.0-255,5738,80034,78,229648
11085,0.001028,172.31.40.0-255,66,80100,78,229648
11086,0.001058,172.217.194.0-255,7156,87256,78,229648
11087,0.001061,172.31.40.0-255,66,87322,78,229648
11088,0.001068,172.217.194.0-255,7156,94478,78,229648
11089,0.00107,172.31.40.0-255,66,94544,78,229648
11090,0.001103,172.217.194.0-255,7156,101700,78,229648
11091,0.001106,172.31.40.0-255,66,101766,78,229648
11092,0.001111,172.217.194.0-255,2184,103950,78,229648
11093,0.001114,172.31.40.0-255,66,104016,78,229648
11094,0.001342,172.217.194.0-255,1484,105500,78,229648
11095,0.001349,172.217.194.0-255,2902,108402,78,229648
11096,0.001353,172.31.40.0-255,66,108468,78,229648
11097,0.001357,172.217.194.0-255,1484,109952,78,229648
11098,0.001387,172.217.194.0-255,4320,114272,78,229648
11099,0.001389,172.31.40.0-255,66,114338,78,229648
11100,0.001407,172.31.40.0-255,66,114404,78,229648
11101,0.001451,172.31.40.0-255,66,114470,78,229648
11102,0.001477,172.217.194.0-255,3602,118072,78,229648
11103,0.00148,172.31.40.0-255,66,118138,78,229648
11104,0.001484,172.217.194.0-255,1484,119622,78,229648
11105,0.001488,172.217.194.0-255,2902,122524,78,229648
11106,0.001491,172.31.40.0-255,66,122590,78,229648
11107,0.001502,172.217.194.0-255,5738,128328,78,229648
11108,0.001504,172.31.40.0-255,66,128394,78,229648
11109,0.001545,172.31.40.0-255,66,128460,78,229648
11110,0.001557,172.31.40.0-255,66,128526,78,229648
11111,0.001585,172.217.194.0-255,766,129292,78,229648
11112,0.00163,172.217.194.0-255,1484,130776,78,229648
11113,0.001633,172.31.40.0-255,66,130842,78,229648
11114,0.001639,172.217.194.0-255,4320,135162,78,229648
11115,0.001642,172.31.40.0-255,66,135228,78,229648
11116,0.001644,172.217.194.0-255,1484,136712,78,229648
11117,0.001656,172.217.194.0-255,5738,142450,78,229648
11118,0.001659,172.31.40.0-255,66,142516,78,229648
11119,0.001686,172.217.194.0-255,4320,146836,78,229648
11120,0.001692,172.31.40.0-255,66,146902,78,229648
11121,0.0017,172.217.194.0-255,7156,154058,78,229648
11122,0.001703,172.31.40.0-255,66,154124,78,229648
11123,0.001737,172.31.40.0-255,66,154190,78,229648
11124,0.001795,172.217.194.0-255,1484,155674,78,229648
11125,0.001801,172.217.194.0-255,2902,158576,78,229648
11126,0.001804,172.31.40.0-255,66,158642,78,229648
11127,0.001809,172.217.194.0-255,2902,161544,78,229648
11128,0.001811,172.31.40.0-255,66,161610,78,229648
11129,0.001838,172.217.194.0-255,2902,164512,78,229648
11130,0.001841,172.31.40.0-255,66,164578,78,229648
11131,0.001866,172.31.40.0-255,66,164644,78,229648
11132,0.001877,172.31.40.0-255,66,164710,78,229648
11133,0.001902,172.217.194.0-255,2184,166894,78,229648
11134,0.001909,172.31.40.0-255,66,166960,78,229648
11135,0.001914,172.217.194.0-255,2902,169862,78,229648
11136,0.001916,172.31.40.0-255,66,169928,78,229648
11137,0.001919,172.217.194.0-255,1484,171412,78,229648
11138,0.001951,172.217.194.0-255,5738,177150,78,229648
11139,0.001954,172.31.40.0-255,66,177216,78,229648
11140,0.001974,172.31.40.0-255,66,177282,78,229648
11141,0.002054,172.31.40.0-255,66,177348,78,229648
11142,0.002074,172.31.40.0-255,66,177414,78,229648
11143,0.002089,172.31.40.0-255,66,177480,78,229648
11144,0.004082,172.217.194.0-255,5738,183218,78,229648
11145,0.004087,172.31.40.0-255,66,183284,78,229648
11146,0.006118,172.217.194.0-255,5738,189022,78,229648
11147,0.006137,172.31.40.0-255,66,189088,78,229648
11148,0.008157,172.217.194.0-255,5738,194826,78,229648
11149,0.008172,172.31.40.0-255,66,194892,78,229648
11150,0.010185,172.217.194.0-255,5738,200630,78,229648
11151,0.010196,172.31.40.0-255,66,200696,78,229648
11152,0.012199,172.217.194.0-255,5738,206434,78,229648
11153,0.012203,172.31.40.0-255,66,206500,78,229648
11154,0.014252,172.217.194.0-255,5738,212238,78,229648
11155,0.01427,172.31.40.0-255,66,212304,78,229648
11156,0.016264,172.217.194.0-255,5738,218042,78,229648
11157,0.016272,172.31.40.0-255,66,218108,78,229648
11158,0.018289,172.217.194.0-255,5738,223846,78,229648
11159,0.018308,172.31.40.0-255,66,223912,78,229648
11160,0.020326,172.217.194.0-255,5499,229411,78,229648
11161,0.020335,172.31.40.0-255,66,229477,78,229648
11162,0.024997,172.31.40.0-255,105,229582,78,229648
11163,0.027002,172.217.194.0-255,66,229648,78,229648
11164,0.0,172.217.194.0-255,153,153,78,206005
11165,1.9e-05,172.31.40.0-255,66,219,78,206005
11166,2.4e-05,172.217.194.0-255,1484,1703,78,206005
11167,2.9e-05,172.31.40.0-255,66,1769,78,206005
11168,3.5e-05,172.217.194.0-255,2902,4671,78,206005
11169,3.8e-05,172.31.40.0-255,66,4737,78,206005
11170,7.6e-05,172.217.194.0-255,7156,11893,78,206005
11171,7.9e-05,172.31.40.0-255,66,11959,78,206005
11172,8.3e-05,172.217.194.0-255,1484,13443,78,206005
11173,8.5e-05,172.31.40.0-255,66,13509,78,206005
11174,0.000104,172.31.40.0-255,66,13575,78,206005
11175,0.000121,172.217.194.0-255,4991,18566,78,206005
11176,0.000123,172.31.40.0-255,66,18632,78,206005
11177,0.000129,172.217.194.0-255,3961,22593,78,206005
11178,0.000131,172.31.40.0-255,66,22659,78,206005
11179,0.000173,172.217.194.0-255,4320,26979,78,206005
11180,0.000176,172.31.40.0-255,66,27045,78,206005
11181,0.000181,172.217.194.0-255,4320,31365,78,206005
11182,0.000183,172.31.40.0-255,66,31431,78,206005
11183,0.000237,172.217.194.0-255,4320,35751,78,206005
11184,0.000239,172.31.40.0-255,66,35817,78,206005
11185,0.000254,172.217.194.0-255,3961,39778,78,206005
11186,0.000257,172.31.40.0-255,66,39844,78,206005
11187,0.000275,172.217.194.0-255,7156,47000,78,206005
11188,0.000278,172.31.40.0-255,66,47066,78,206005
11189,0.000297,172.217.194.0-255,1484,48550,78,206005
11190,0.000299,172.31.40.0-255,66,48616,78,206005
11191,0.000306,172.217.194.0-255,7156,55772,78,206005
11192,0.000325,172.31.40.0-255,66,55838,78,206005
11193,0.000342,172.217.194.0-255,1420,57258,78,206005
11194,0.000345,172.31.40.0-255,66,57324,78,206005
11195,0.000438,172.217.194.0-255,381,57705,78,206005
11196,0.000592,172.217.194.0-255,1484,59189,78,206005
11197,0.000599,172.217.194.0-255,2902,62091,78,206005
11198,0.000614,172.31.40.0-255,66,62157,78,206005
11199,0.000627,172.217.194.0-255,5738,67895,78,206005
11200,0.000641,172.217.194.0-255,5738,73633,78,206005
11201,0.000644,172.31.40.0-255,66,73699,78,206005
11202,0.000652,172.217.194.0-255,1125,74824,78,206005
11203,0.000675,172.31.40.0-255,66,74890,78,206005
11204,0.000916,172.217.194.0-255,1484,76374,78,206005
11205,0.000945,172.217.194.0-255,2902,79276,78,206005
11206,0.000961,172.217.194.0-255,4320,83596,78,206005
11207,0.000968,172.31.40.0-255,66,83662,78,206005
11208,0.00099,172.217.194.0-255,1484,85146,78,206005
11209,0.001006,172.217.194.0-255,6797,91943,78,206005
11210,0.001019,172.31.40.0-255,66,92009,78,206005
11211,0.00166,172.217.194.0-255,1484,93493,78,206005
11212,0.00167,172.217.194.0-255,2902,96395,78,206005
11213,0.001674,172.31.40.0-255,66,96461,78,206005
11214,0.001682,172.217.194.0-255,5738,102199,78,206005
11215,0.00172,172.217.194.0-255,1484,103683,78,206005
11216,0.00177,172.217.194.0-255,766,104449,78,206005
11217,0.006653,172.31.40.0-255,66,104515,78,206005
11218,0.009156,172.217.194.0-255,5738,110253,78,206005
11219,0.009165,172.31.40.0-255,66,110319,78,206005
11220,0.011671,172.217.194.0-255,5738,116057,78,206005
11221,0.011679,172.31.40.0-255,66,116123,78,206005
11222,0.014168,172.217.194.0-255,5738,121861,78,206005
11223,0.014176,172.31.40.0-255,66,121927,78,206005
11224,0.016665,172.217.194.0-255,5738,127665,78,206005
11225,0.016674,172.31.40.0-255,66,127731,78,206005
11226,0.019177,172.217.194.0-255,5738,133469,78,206005
11227,0.019185,172.31.40.0-255,66,133535,78,206005
11228,0.02166,172.217.194.0-255,5738,139273,78,206005
11229,0.021667,172.31.40.0-255,66,139339,78,206005
11230,0.023016,172.31.40.0-255,172,139511,78,206005
11231,0.023046,172.31.40.0-255,1103,140614,78,206005
11232,0.023101,172.31.40.0-255,1514,142128,78,206005
11233,0.023103,172.31.40.0-255,1187,143315,78,206005
11234,0.024155,172.217.194.0-255,5738,149053,78,206005
11235,0.024162,172.31.40.0-255,66,149119,78,206005
11236,0.024584,104.244.42.0-255,66,149185,78,206005
11237,0.024617,104.244.42.0-255,66,149251,78,206005
11238,0.02467,104.244.42.0-255,66,149317,78,206005
11239,0.026662,172.217.194.0-255,5738,155055,78,206005
11240,0.026672,172.31.40.0-255,66,155121,78,206005
11241,0.029169,172.217.194.0-255,5738,160859,78,206005
11242,0.029176,172.31.40.0-255,66,160925,78,206005
11243,0.031714,172.217.194.0-255,5738,166663,78,206005
11244,0.03172,172.31.40.0-255,66,166729,78,206005
11245,0.034206,172.217.194.0-255,5738,172467,78,206005
11246,0.034212,172.31.40.0-255,66,172533,78,206005
11247,0.036689,172.217.194.0-255,5738,178271,78,206005
11248,0.036695,172.31.40.0-255,66,178337,78,206005
11249,0.039155,172.217.194.0-255,5738,184075,78,206005
11250,0.039164,172.31.40.0-255,66,184141,78,206005
11251,0.041672,172.217.194.0-255,5738,189879,78,206005
11252,0.041683,172.31.40.0-255,66,189945,78,206005
11253,0.04417,172.217.194.0-255,5738,195683,78,206005
11254,0.044176,172.31.40.0-255,66,195749,78,206005
11255,0.046643,172.217.194.0-255,4320,200069,78,206005
11256,0.046649,172.31.40.0-255,66,200135,78,206005
11257,0.046662,172.217.194.0-255,1484,201619,78,206005
11258,0.049136,172.217.194.0-255,4320,205939,78,206005
11259,0.049142,172.31.40.0-255,66,206005,78,206005
11260,0.0,74.125.130.0-255,153,153,78,217399
11261,2.3e-05,172.31.40.0-255,66,219,78,217399
11262,3e-05,74.125.130.0-255,1484,1703,78,217399
11263,3.4e-05,172.31.40.0-255,66,1769,78,217399
11264,3.9e-05,74.125.130.0-255,2902,4671,78,217399
11265,4.2e-05,172.31.40.0-255,66,4737,78,217399
11266,4.9e-05,74.125.130.0-255,7156,11893,78,217399
11267,5.2e-05,172.31.40.0-255,66,11959,78,217399
11268,7.1e-05,74.125.130.0-255,1972,13931,78,217399
11269,7.3e-05,172.31.40.0-255,66,13997,78,217399
11270,0.000143,74.125.130.0-255,1484,15481,78,217399
11271,0.000146,172.31.40.0-255,66,15547,78,217399
11272,0.000149,74.125.130.0-255,1484,17031,78,217399
11273,0.000152,172.31.40.0-255,66,17097,78,217399
11274,0.000165,74.125.130.0-255,1484,18581,78,217399
11275,0.000167,172.31.40.0-255,66,18647,78,217399
11276,0.000172,74.125.130.0-255,4320,22967,78,217399
11277,0.000175,172.31.40.0-255,66,23033,78,217399
11278,0.000213,74.125.130.0-255,2902,25935,78,217399
11279,0.000216,172.31.40.0-255,66,26001,78,217399
11280,0.000234,74.125.130.0-255,5379,31380,78,217399
11281,0.000237,172.31.40.0-255,66,31446,78,217399
11282,0.000365,74.125.130.0-255,1484,32930,78,217399
11283,0.000369,172.31.40.0-255,66,32996,78,217399
11284,0.000375,74.125.130.0-255,2902,35898,78,217399
11285,0.000377,172.31.40.0-255,66,35964,78,217399
11286,0.00038,74.125.130.0-255,1484,37448,78,217399
11287,0.000382,172.31.40.0-255,66,37514,78,217399
11288,0.000406,74.125.130.0-255,4320,41834,78,217399
11289,0.000409,172.31.40.0-255,66,41900,78,217399
11290,0.000444,74.125.130.0-255,5738,47638,78,217399
11291,0.000447,172.31.40.0-255,66,47704,78,217399
11292,0.00048,74.125.130.0-255,1125,48829,78,217399
11293,0.000488,172.31.40.0-255,66,48895,78,217399
11294,0.000506,74.125.130.0-255,344,49239,78,217399
11295,0.000699,74.125.130.0-255,115,49354,78,217399
11296,0.000959,74.125.130.0-255,381,49735,78,217399
11297,0.001043,172.31.40.0-255,66,49801,78,217399
11298,0.001616,74.125.130.0-255,1484,51285,78,217399
11299,0.001626,74.125.130.0-255,2902,54187,78,217399
11300,0.001642,74.125.130.0-255,2902,57089,78,217399
11301,0.001646,74.125.130.0-255,4320,61409,78,217399
11302,0.00166,74.125.130.0-255,1484,62893,78,217399
11303,0.001676,74.125.130.0-255,7156,70049,78,217399
11304,0.001693,74.125.130.0-255,4320,74369,78,217399
11305,0.001723,74.125.130.0-255,766,75135,78,217399
11306,0.001965,74.125.130.0-255,1484,76619,78,217399
11307,0.001976,74.125.130.0-255,2902,79521,78,217399
11308,0.001986,74.125.130.0-255,1484,81005,78,217399
11309,0.002005,74.125.130.0-255,2902,83907,78,217399
11310,0.002026,74.125.130.0-255,5738,89645,78,217399
11311,0.002042,74.125.130.0-255,4320,93965,78,217399
11312,0.002052,74.125.130.0-255,1484,95449,78,217399
11313,0.005948,172.31.40.0-255,66,95515,78,217399
11314,0.007971,74.125.130.0-255,5738,101253,78,217399
11315,0.007977,172.31.40.0-255,66,101319,78,217399
11316,0.009988,74.125.130.0-255,5738,107057,78,217399
11317,0.009994,172.31.40.0-255,66,107123,78,217399
11318,0.012008,74.125.130.0-255,5738,112861,78,217399
11319,0.012013,172.31.40.0-255,66,112927,78,217399
11320,0.014027,74.125.130.0-255,5738,118665,78,217399
11321,0.014035,172.31.40.0-255,66,118731,78,217399
11322,0.01605,74.125.130.0-255,5738,124469,78,217399
11323,0.016058,172.31.40.0-255,66,124535,78,217399
11324,0.018065,74.125.130.0-255,5738,130273,78,217399
11325,0.018071,172.31.40.0-255,66,130339,78,217399
11326,0.020093,74.125.130.0-255,5738,136077,78,217399
11327,0.020101,172.31.40.0-255,66,136143,78,217399
11328,0.022113,74.125.130.0-255,5738,141881,78,217399
11329,0.022118,172.31.40.0-255,66,141947,78,217399
11330,0.02413,74.125.130.0-255,5738,147685,78,217399
11331,0.024138,172.31.40.0-255,66,147751,78,217399
11332,0.026147,74.125.130.0-255,5738,153489,78,217399
11333,0.026153,172.31.40.0-255,66,153555,78,217399
11334,0.028149,74.125.130.0-255,5738,159293,78,217399
11335,0.028155,172.31.40.0-255,66,159359,78,217399
11336,0.030168,74.125.130.0-255,5738,165097,78,217399
11337,0.030174,172.31.40.0-255,66,165163,78,217399
11338,0.032182,74.125.130.0-255,5738,170901,78,217399
11339,0.032189,172.31.40.0-255,66,170967,78,217399
11340,0.034223,74.125.130.0-255,5738,176705,78,217399
11341,0.03423,172.31.40.0-255,66,176771,78,217399
11342,0.036238,74.125.130.0-255,5738,182509,78,217399
11343,0.036244,172.31.40.0-255,66,182575,78,217399
11344,0.038285,74.125.130.0-255,5738,188313,78,217399
11345,0.038301,172.31.40.0-255,66,188379,78,217399
11346,0.040322,74.125.130.0-255,5738,194117,78,217399
11347,0.040334,172.31.40.0-255,66,194183,78,217399
11348,0.042351,74.125.130.0-255,5738,199921,78,217399
11349,0.042362,172.31.40.0-255,66,199987,78,217399
11350,0.044429,74.125.130.0-255,5738,205725,78,217399
11351,0.044444,172.31.40.0-255,66,205791,78,217399
11352,0.046473,74.125.130.0-255,5738,211529,78,217399
11353,0.046488,172.31.40.0-255,66,211595,78,217399
11354,0.048514,74.125.130.0-255,5738,217333,78,217399
11355,0.048529,172.31.40.0-255,66,217399,78,217399
11356,0.0,172.217.194.0-255,153,153,78,194442
11357,2.4e-05,172.31.40.0-255,66,219,78,194442
11358,3.2e-05,172.217.194.0-255,1484,1703,78,194442
11359,3.6e-05,172.31.40.0-255,66,1769,78,194442
11360,4.2e-05,172.217.194.0-255,2902,4671,78,194442
11361,4.5e-05,172.31.40.0-255,66,4737,78,194442
11362,5e-05,172.217.194.0-255,2902,7639,78,194442
11363,5.4e-05,172.31.40.0-255,66,7705,78,194442
11364,8.1e-05,172.217.194.0-255,4320,12025,78,194442
11365,8.5e-05,172.31.40.0-255,66,12091,78,194442
11366,0.000103,172.217.194.0-255,3445,15536,78,194442
11367,0.000106,172.31.40.0-255,66,15602,78,194442
11368,0.000172,172.217.194.0-255,7156,22758,78,194442
11369,0.000175,172.31.40.0-255,66,22824,78,194442
11370,0.000185,172.217.194.0-255,1484,24308,78,194442
11371,0.000202,172.31.40.0-255,66,24374,78,194442
11372,0.000269,172.217.194.0-255,4320,28694,78,194442
11373,0.000274,172.31.40.0-255,66,28760,78,194442
11374,0.000311,172.31.40.0-255,66,28826,78,194442
11375,0.000493,172.217.194.0-255,5020,33846,78,194442
11376,0.000497,172.31.40.0-255,66,33912,78,194442
11377,0.000574,172.217.194.0-255,7156,41068,78,194442
11378,0.000579,172.31.40.0-255,66,41134,78,194442
11379,0.000596,172.31.40.0-255,66,41200,78,194442
11380,0.000759,172.217.194.0-255,6053,47253,78,194442
11381,0.000764,172.31.40.0-255,66,47319,78,194442
11382,0.00082,172.217.194.0-255,4320,51639,78,194442
11383,0.000823,172.31.40.0-255,66,51705,78,194442
11384,0.00086,172.31.40.0-255,66,51771,78,194442
11385,0.002194,172.217.194.0-255,1484,53255,78,194442
11386,0.002209,172.217.194.0-255,2902,56157,78,194442
11387,0.002216,172.31.40.0-255,66,56223,78,194442
11388,0.002226,172.217.194.0-255,5738,61961,78,194442
11389,0.002285,172.217.194.0-255,5738,67699,78,194442
11390,0.002307,172.217.194.0-255,5738,73437,78,194442
11391,0.002424,172.217.194.0-255,5738,79175,78,194442
11392,0.002438,172.217.194.0-255,6438,85613,78,194442
11393,0.007321,172.31.40.0-255,66,85679,78,194442
11394,0.009615,172.217.194.0-255,5738,91417,78,194442
11395,0.009634,172.31.40.0-255,66,91483,78,194442
11396,0.011899,172.217.194.0-255,5738,97221,78,194442
11397,0.012416,172.31.40.0-255,66,97287,78,194442
11398,0.014739,172.217.194.0-255,5738,103025,78,194442
11399,0.014757,172.31.40.0-255,66,103091,78,194442
11400,0.01703,172.217.194.0-255,5738,108829,78,194442
11401,0.017049,172.31.40.0-255,66,108895,78,194442
11402,0.019316,172.217.194.0-255,5738,114633,78,194442
11403,0.019334,172.31.40.0-255,66,114699,78,194442
11404,0.021602,172.217.194.0-255,5738,120437,78,194442
11405,0.021622,172.31.40.0-255,66,120503,78,194442
11406,0.02391,172.217.194.0-255,5738,126241,78,194442
11407,0.023928,172.31.40.0-255,66,126307,78,194442
11408,0.026212,172.217.194.0-255,5738,132045,78,194442
11409,0.026231,172.31.40.0-255,66,132111,78,194442
11410,0.028494,172.217.194.0-255,5738,137849,78,194442
11411,0.02851,172.31.40.0-255,66,137915,78,194442
11412,0.029207,172.31.40.0-255,172,138087,78,194442
11413,0.029242,172.31.40.0-255,1108,139195,78,194442
11414,0.029306,172.31.40.0-255,1514,140709,78,194442
11415,0.029308,172.31.40.0-255,1299,142008,78,194442
11416,0.030773,104.244.42.0-255,66,142074,78,194442
11417,0.030787,172.217.194.0-255,5738,147812,78,194442
11418,0.030795,172.31.40.0-255,66,147878,78,194442
11419,0.030817,104.244.42.0-255,66,147944,78,194442
11420,0.030865,104.244.42.0-255,66,148010,78,194442
11421,0.033079,172.217.194.0-255,5738,153748,78,194442
11422,0.033088,172.31.40.0-255,66,153814,78,194442
11423,0.03536,172.217.194.0-255,5738,159552,78,194442
11424,0.035375,172.31.40.0-255,66,159618,78,194442
11425,0.037639,172.217.194.0-255,5738,165356,78,194442
11426,0.037655,172.31.40.0-255,66,165422,78,194442
11427,0.039922,172.217.194.0-255,5738,171160,78,194442
11428,0.039939,172.31.40.0-255,66,171226,78,194442
11429,0.042204,172.217.194.0-255,5738,176964,78,194442
11430,0.042219,172.31.40.0-255,66,177030,78,194442
11431,0.044501,172.217.194.0-255,5738,182768,78,194442
11432,0.044517,172.31.40.0-255,66,182834,78,194442
11433,0.046796,172.217.194.0-255,5738,188572,78,194442
11434,0.046813,172.31.40.0-255,66,188638,78,194442
11435,0.049074,172.217.194.0-255,5738,194376,78,194442
11436,0.049093,172.31.40.0-255,66,194442,78,194442
11437,0.0,172.217.194.0-255,153,153,78,237091
11438,2e-05,172.31.40.0-255,66,219,78,237091
11439,2.7e-05,172.217.194.0-255,1484,1703,78,237091
11440,3.2e-05,172.31.40.0-255,66,1769,78,237091
11441,3.8e-05,172.217.194.0-255,2902,4671,78,237091
11442,5e-05,172.31.40.0-255,66,4737,78,237091
11443,5.9e-05,172.217.194.0-255,7156,11893,78,237091
11444,6.2e-05,172.31.40.0-255,66,11959,78,237091
11445,6.6e-05,172.217.194.0-255,2042,14001,78,237091
11446,6.9e-05,172.31.40.0-255,66,14067,78,237091
11447,7.2e-05,172.217.194.0-255,1484,15551,78,237091
11448,7.4e-05,172.31.40.0-255,66,15617,78,237091
11449,0.000125,172.31.40.0-255,66,15683,78,237091
11450,0.000131,172.217.194.0-255,5379,21062,78,237091
11451,0.000134,172.31.40.0-255,66,21128,78,237091
11452,0.00014,172.217.194.0-255,5738,26866,78,237091
11453,0.000143,172.31.40.0-255,66,26932,78,237091
11454,0.000201,172.31.40.0-255,66,26998,78,237091
11455,0.000226,172.217.194.0-255,1484,28482,78,237091
11456,0.000228,172.31.40.0-255,66,28548,78,237091
11457,0.000233,172.217.194.0-255,2902,31450,78,237091
11458,0.000235,172.31.40.0-255,66,31516,78,237091
11459,0.000266,172.217.194.0-255,5738,37254,78,237091
11460,0.000269,172.31.40.0-255,66,37320,78,237091
11461,0.000276,172.217.194.0-255,6797,44117,78,237091
11462,0.000278,172.31.40.0-255,66,44183,78,237091
11463,0.000281,172.217.194.0-255,361,44544,78,237091
11464,0.000287,172.31.40.0-255,66,44610,78,237091
11465,0.000472,172.217.194.0-255,382,44992,78,237091
11466,0.000477,172.31.40.0-255,66,45058,78,237091
11467,0.000583,172.217.194.0-255,1484,46542,78,237091
11468,0.000591,172.217.194.0-255,2902,49444,78,237091
11469,0.0006,172.31.40.0-255,66,49510,78,237091
11470,0.000622,172.217.194.0-255,5738,55248,78,237091
11471,0.000628,172.217.194.0-255,4320,59568,78,237091
11472,0.000632,172.217.194.0-255,2902,62470,78,237091
11473,0.000645,172.31.40.0-255,66,62536,78,237091
11474,0.00066,172.217.194.0-255,1484,64020,78,237091
11475,0.000666,172.31.40.0-255,66,64086,78,237091
11476,0.000703,172.217.194.0-255,5889,69975,78,237091
11477,0.000719,172.31.40.0-255,66,70041,78,237091
11478,0.001071,172.217.194.0-255,1484,71525,78,237091
11479,0.001078,172.217.194.0-255,2902,74427,78,237091
11480,0.001081,172.31.40.0-255,66,74493,78,237091
11481,0.001086,172.217.194.0-255,1484,75977,78,237091
11482,0.001116,172.217.194.0-255,4320,80297,78,237091
11483,0.001136,172.31.40.0-255,66,80363,78,237091
11484,0.001145,172.217.194.0-255,1484,81847,78,237091
11485,0.001164,172.31.40.0-255,66,81913,78,237091
11486,0.001172,172.217.194.0-255,2184,84097,78,237091
11487,0.001206,172.31.40.0-255,66,84163,78,237091
11488,0.001503,172.217.194.0-255,1484,85647,78,237091
11489,0.001511,172.217.194.0-255,2902,88549,78,237091
11490,0.001514,172.31.40.0-255,66,88615,78,237091
11491,0.001521,172.217.194.0-255,5738,94353,78,237091
11492,0.001546,172.217.194.0-255,5738,100091,78,237091
11493,0.00155,172.217.194.0-255,2902,102993,78,237091
11494,0.001561,172.31.40.0-255,66,103059,78,237091
11495,0.001588,172.217.194.0-255,2902,105961,78,237091
11496,0.0016,172.31.40.0-255,66,106027,78,237091
11497,0.00161,172.217.194.0-255,2184,108211,78,237091
11498,0.001634,172.31.40.0-255,66,108277,78,237091
11499,0.003866,172.217.194.0-255,5738,114015,78,237091
11500,0.003873,172.31.40.0-255,66,114081,78,237091
11501,0.006112,172.217.194.0-255,5738,119819,78,237091
11502,0.006118,172.31.40.0-255,66,119885,78,237091
11503,0.008348,172.217.194.0-255,5738,125623,78,237091
11504,0.008354,172.31.40.0-255,66,125689,78,237091
11505,0.010649,172.217.194.0-255,4320,130009,78,237091
11506,0.010655,172.31.40.0-255,66,130075,78,237091
11507,0.010674,172.217.194.0-255,1484,131559,78,237091
11508,0.012933,172.217.194.0-255,4320,135879,78,237091
11509,0.012941,172.31.40.0-255,66,135945,78,237091
11510,0.015239,172.217.194.0-255,5738,141683,78,237091
11511,0.015246,172.31.40.0-255,66,141749,78,237091
11512,0.017475,172.217.194.0-255,5738,147487,78,237091
11513,0.017484,172.31.40.0-255,66,147553,78,237091
11514,0.019715,172.217.194.0-255,5738,153291,78,237091
11515,0.019726,172.31.40.0-255,66,153357,78,237091
11516,0.022018,172.217.194.0-255,5738,159095,78,237091
11517,0.022026,172.31.40.0-255,66,159161,78,237091
11518,0.024263,172.217.194.0-255,5738,164899,78,237091
11519,0.024271,172.31.40.0-255,66,164965,78,237091
11520,0.025121,172.31.40.0-255,200,165165,78,237091
11521,0.025152,172.31.40.0-255,1108,166273,78,237091
11522,0.02522,172.31.40.0-255,1514,167787,78,237091
11523,0.025222,172.31.40.0-255,1514,169301,78,237091
11524,0.025228,172.31.40.0-255,1514,170815,78,237091
11525,0.02523,172.31.40.0-255,1514,172329,78,237091
11526,0.025263,172.31.40.0-255,480,172809,78,237091
11527,0.026524,172.217.194.0-255,5738,178547,78,237091
11528,0.026531,172.31.40.0-255,66,178613,78,237091
11529,0.026681,104.244.42.0-255,66,178679,78,237091
11530,0.026702,104.244.42.0-255,66,178745,78,237091
11531,0.026807,104.244.42.0-255,66,178811,78,237091
11532,0.026813,104.244.42.0-255,66,178877,78,237091
11533,0.028732,104.244.42.0-255,108,178985,78,237091
11534,0.028742,172.31.40.0-255,66,179051,78,237091
11535,0.028769,172.217.194.0-255,5738,184789,78,237091
11536,0.028771,172.31.40.0-255,66,184855,78,237091
11537,0.03105,172.217.194.0-255,5738,190593,78,237091
11538,0.031057,172.31.40.0-255,66,190659,78,237091
11539,0.033324,172.217.194.0-255,5738,196397,78,237091
11540,0.033331,172.31.40.0-255,66,196463,78,237091
11541,0.035649,172.217.194.0-255,5738,202201,78,237091
11542,0.035664,172.31.40.0-255,66,202267,78,237091
11543,0.03795,172.217.194.0-255,5738,208005,78,237091
11544,0.03796,172.31.40.0-255,66,208071,78,237091
11545,0.040235,172.217.194.0-255,5738,213809,78,237091
11546,0.04025,172.31.40.0-255,66,213875,78,237091
11547,0.042514,172.217.194.0-255,5738,219613,78,237091
11548,0.042522,172.31.40.0-255,66,219679,78,237091
11549,0.044773,172.217.194.0-255,5738,225417,78,237091
11550,0.044781,172.31.40.0-255,66,225483,78,237091
11551,0.047046,172.217.194.0-255,5738,231221,78,237091
11552,0.047056,172.31.40.0-255,66,231287,78,237091
11553,0.049326,172.217.194.0-255,5738,237025,78,237091
11554,0.049344,172.31.40.0-255,66,237091,78,237091
11555,0.0,172.217.194.0-255,295,295,78,188629
11556,1.5e-05,172.31.40.0-255,66,361,78,188629
11557,2.1e-05,172.217.194.0-255,1484,1845,78,188629
11558,2.5e-05,172.31.40.0-255,66,1911,78,188629
11559,2.9e-05,172.217.194.0-255,1484,3395,78,188629
11560,3.1e-05,172.31.40.0-255,66,3461,78,188629
11561,4.9e-05,172.217.194.0-255,2902,6363,78,188629
11562,5.3e-05,172.31.40.0-255,66,6429,78,188629
11563,6.6e-05,172.31.40.0-255,66,6495,78,188629
11564,8e-05,172.217.194.0-255,1484,7979,78,188629
11565,8.2e-05,172.31.40.0-255,66,8045,78,188629
11566,0.000111,172.217.194.0-255,7156,15201,78,188629
11567,0.000113,172.31.40.0-255,66,15267,78,188629
11568,0.00015,172.217.194.0-255,7156,22423,78,188629
11569,0.000153,172.31.40.0-255,66,22489,78,188629
11570,0.000156,172.217.194.0-255,1125,23614,78,188629
11571,0.000158,172.31.40.0-255,66,23680,78,188629
11572,0.000232,172.217.194.0-255,1484,25164,78,188629
11573,0.000235,172.31.40.0-255,66,25230,78,188629
11574,0.00024,172.217.194.0-255,2902,28132,78,188629
11575,0.000242,172.31.40.0-255,66,28198,78,188629
11576,0.000267,172.217.194.0-255,5738,33936,78,188629
11577,0.000269,172.31.40.0-255,66,34002,78,188629
11578,0.000314,172.217.194.0-255,2902,36904,78,188629
11579,0.000317,172.31.40.0-255,66,36970,78,188629
11580,0.000333,172.217.194.0-255,3961,40931,78,188629
11581,0.000336,172.31.40.0-255,66,40997,78,188629
11582,0.001467,172.217.194.0-255,1484,42481,78,188629
11583,0.001475,172.31.40.0-255,66,42547,78,188629
11584,0.001485,172.217.194.0-255,2902,45449,78,188629
11585,0.001488,172.31.40.0-255,66,45515,78,188629
11586,0.001494,172.217.194.0-255,5738,51253,78,188629
11587,0.001496,172.31.40.0-255,66,51319,78,188629
11588,0.001529,172.217.194.0-255,6797,58116,78,188629
11589,0.001532,172.31.40.0-255,66,58182,78,188629
11590,0.001547,172.217.194.0-255,4320,62502,78,188629
11591,0.001549,172.31.40.0-255,66,62568,78,188629
11592,0.001589,172.31.40.0-255,66,62634,78,188629
11593,0.001605,172.31.40.0-255,66,62700,78,188629
11594,0.001624,172.217.194.0-255,2184,64884,78,188629
11595,0.001627,172.31.40.0-255,66,64950,78,188629
11596,0.00163,172.217.194.0-255,647,65597,78,188629
11597,0.002184,172.31.40.0-255,66,65663,78,188629
11598,0.003992,172.217.194.0-255,4320,69983,78,188629
11599,0.004,172.31.40.0-255,66,70049,78,188629
11600,0.004547,172.217.194.0-255,1484,71533,78,188629
11601,0.006384,172.217.194.0-255,1484,73017,78,188629
11602,0.006387,172.31.40.0-255,66,73083,78,188629
11603,0.006409,172.217.194.0-255,2902,75985,78,188629
11604,0.006411,172.31.40.0-255,66,76051,78,188629
11605,0.008763,172.217.194.0-255,2902,78953,78,188629
11606,0.00877,172.31.40.0-255,66,79019,78,188629
11607,0.008803,172.217.194.0-255,2902,81921,78,188629
11608,0.008806,172.31.40.0-255,66,81987,78,188629
11609,0.011149,172.217.194.0-255,2902,84889,78,188629
11610,0.011158,172.31.40.0-255,66,84955,78,188629
11611,0.011185,172.217.194.0-255,1484,86439,78,188629
11612,0.011213,172.217.194.0-255,1484,87923,78,188629
11613,0.011216,172.31.40.0-255,66,87989,78,188629
11614,0.013533,172.217.194.0-255,2902,90891,78,188629
11615,0.013542,172.31.40.0-255,66,90957,78,188629
11616,0.013563,172.217.194.0-255,2902,93859,78,188629
11617,0.013565,172.31.40.0-255,66,93925,78,188629
11618,0.015915,172.217.194.0-255,2902,96827,78,188629
11619,0.015923,172.31.40.0-255,66,96893,78,188629
11620,0.015942,172.217.194.0-255,2902,99795,78,188629
11621,0.015945,172.31.40.0-255,66,99861,78,188629
11622,0.018336,172.217.194.0-255,2902,102763,78,188629
11623,0.018345,172.31.40.0-255,66,102829,78,188629
11624,0.018365,172.217.194.0-255,2902,105731,78,188629
11625,0.018367,172.31.40.0-255,66,105797,78,188629
11626,0.020726,172.217.194.0-255,2902,108699,78,188629
11627,0.020735,172.31.40.0-255,66,108765,78,188629
11628,0.020756,172.217.194.0-255,2902,111667,78,188629
11629,0.020758,172.31.40.0-255,66,111733,78,188629
11630,0.023104,172.217.194.0-255,2902,114635,78,188629
11631,0.023109,172.31.40.0-255,66,114701,78,188629
11632,0.023147,172.217.194.0-255,2902,117603,78,188629
11633,0.02315,172.31.40.0-255,66,117669,78,188629
11634,0.024165,172.31.40.0-255,241,117910,78,188629
11635,0.024199,172.31.40.0-255,1104,119014,78,188629
11636,0.024265,172.31.40.0-255,1514,120528,78,188629
11637,0.024267,172.31.40.0-255,1514,122042,78,188629
11638,0.024269,172.31.40.0-255,1514,123556,78,188629
11639,0.02427,172.31.40.0-255,965,124521,78,188629
11640,0.025511,172.217.194.0-255,5738,130259,78,188629
11641,0.025519,172.31.40.0-255,66,130325,78,188629
11642,0.025718,104.244.42.0-255,66,130391,78,188629
11643,0.025782,104.244.42.0-255,66,130457,78,188629
11644,0.025815,104.244.42.0-255,66,130523,78,188629
11645,0.025819,104.244.42.0-255,66,130589,78,188629
11646,0.027916,172.217.194.0-255,5738,136327,78,188629
11647,0.027923,172.31.40.0-255,66,136393,78,188629
11648,0.030309,172.217.194.0-255,5738,142131,78,188629
11649,0.030316,172.31.40.0-255,66,142197,78,188629
11650,0.032711,172.217.194.0-255,5738,147935,78,188629
11651,0.032719,172.31.40.0-255,66,148001,78,188629
11652,0.035114,172.217.194.0-255,5738,153739,78,188629
11653,0.035121,172.31.40.0-255,66,153805,78,188629
11654,0.037491,172.217.194.0-255,5738,159543,78,188629
11655,0.037498,172.31.40.0-255,66,159609,78,188629
11656,0.039898,172.217.194.0-255,5738,165347,78,188629
11657,0.039906,172.31.40.0-255,66,165413,78,188629
11658,0.042279,172.217.194.0-255,5738,171151,78,188629
11659,0.042284,172.31.40.0-255,66,171217,78,188629
11660,0.044647,172.217.194.0-255,5738,176955,78,188629
11661,0.044653,172.31.40.0-255,66,177021,78,188629
11662,0.047029,172.217.194.0-255,5738,182759,78,188629
11663,0.047036,172.31.40.0-255,66,182825,78,188629
11664,0.049411,172.217.194.0-255,5738,188563,78,188629
11665,0.04942,172.31.40.0-255,66,188629,78,188629
11666,0.0,74.125.24.0-255,153,153,78,216322
11667,1.2e-05,172.31.40.0-255,66,219,78,216322
11668,1.8e-05,74.125.24.0-255,1484,1703,78,216322
11669,2.3e-05,172.31.40.0-255,66,1769,78,216322
11670,2.9e-05,74.125.24.0-255,2902,4671,78,216322
11671,3.2e-05,172.31.40.0-255,66,4737,78,216322
11672,3.6e-05,74.125.24.0-255,1484,6221,78,216322
11673,3.9e-05,172.31.40.0-255,66,6287,78,216322
11674,6.9e-05,74.125.24.0-255,5738,12025,78,216322
11675,7.2e-05,172.31.40.0-255,66,12091,78,216322
11676,7.6e-05,74.125.24.0-255,2031,14122,78,216322
11677,7.9e-05,172.31.40.0-255,66,14188,78,216322
11678,8.3e-05,74.125.24.0-255,2902,17090,78,216322
11679,8.6e-05,172.31.40.0-255,66,17156,78,216322
11680,0.00012,172.31.40.0-255,66,17222,78,216322
11681,0.000161,74.125.24.0-255,1484,18706,78,216322
11682,0.000164,172.31.40.0-255,66,18772,78,216322
11683,0.000182,74.125.24.0-255,3961,22733,78,216322
11684,0.000185,172.31.40.0-255,66,22799,78,216322
11685,0.000209,74.125.24.0-255,1484,24283,78,216322
11686,0.000211,172.31.40.0-255,66,24349,78,216322
11687,0.000224,74.125.24.0-255,2902,27251,78,216322
11688,0.000226,172.31.40.0-255,66,27317,78,216322
11689,0.000231,74.125.24.0-255,2902,30219,78,216322
11690,0.000233,172.31.40.0-255,66,30285,78,216322
11691,0.00025,74.125.24.0-255,2902,33187,78,216322
11692,0.000252,172.31.40.0-255,66,33253,78,216322
11693,0.000257,74.125.24.0-255,2902,36155,78,216322
11694,0.000259,172.31.40.0-255,66,36221,78,216322
11695,0.000297,172.31.40.0-255,66,36287,78,216322
11696,0.000313,74.125.24.0-255,4320,40607,78,216322
11697,0.000315,172.31.40.0-255,66,40673,78,216322
11698,0.000337,74.125.24.0-255,6770,47443,78,216322
11699,0.00034,172.31.40.0-255,66,47509,78,216322
11700,0.000495,74.125.24.0-255,344,47853,78,216322
11701,0.000992,172.31.40.0-255,66,47919,78,216322
11702,0.001171,74.125.24.0-255,1484,49403,78,216322
11703,0.001181,74.125.24.0-255,2902,52305,78,216322
11704,0.001185,172.31.40.0-255,66,52371,78,216322
11705,0.001207,74.125.24.0-255,5738,58109,78,216322
11706,0.001209,172.31.40.0-255,66,58175,78,216322
11707,0.001236,172.31.40.0-255,66,58241,78,216322
11708,0.001255,74.125.24.0-255,2902,61143,78,216322
11709,0.001258,172.31.40.0-255,66,61209,78,216322
11710,0.001265,74.125.24.0-255,5738,66947,78,216322
11711,0.001267,172.31.40.0-255,66,67013,78,216322
11712,0.00129,74.125.24.0-255,6438,73451,78,216322
11713,0.001292,172.31.40.0-255,66,73517,78,216322
11714,0.001799,74.125.24.0-255,1484,75001,78,216322
11715,0.001807,74.125.24.0-255,2902,77903,78,216322
11716,0.001811,172.31.40.0-255,66,77969,78,216322
11717,0.001819,74.125.24.0-255,5738,83707,78,216322
11718,0.001821,172.31.40.0-255,66,83773,78,216322
11719,0.00186,172.31.40.0-255,66,83839,78,216322
11720,0.001888,74.125.24.0-255,2902,86741,78,216322
11721,0.00189,172.31.40.0-255,66,86807,78,216322
11722,0.001923,172.31.40.0-255,66,86873,78,216322
11723,0.004014,74.125.24.0-255,4320,91193,78,216322
11724,0.00402,172.31.40.0-255,66,91259,78,216322
11725,0.00404,74.125.24.0-255,1484,92743,78,216322
11726,0.006089,74.125.24.0-255,4320,97063,78,216322
11727,0.006094,172.31.40.0-255,66,97129,78,216322
11728,0.008183,74.125.24.0-255,5738,102867,78,216322
11729,0.00819,172.31.40.0-255,66,102933,78,216322
11730,0.01028,74.125.24.0-255,5738,108671,78,216322
11731,0.010288,172.31.40.0-255,66,108737,78,216322
11732,0.012376,74.125.24.0-255,5738,114475,78,216322
11733,0.012384,172.31.40.0-255,66,114541,78,216322
11734,0.014463,74.125.24.0-255,5738,120279,78,216322
11735,0.014471,172.31.40.0-255,66,120345,78,216322
11736,0.016552,74.125.24.0-255,5738,126083,78,216322
11737,0.01656,172.31.40.0-255,66,126149,78,216322
11738,0.018637,74.125.24.0-255,5738,131887,78,216322
11739,0.018648,172.31.40.0-255,66,131953,78,216322
11740,0.020753,74.125.24.0-255,5738,137691,78,216322
11741,0.020762,172.31.40.0-255,66,137757,78,216322
11742,0.022905,74.125.24.0-255,5738,143495,78,216322
11743,0.022914,172.31.40.0-255,66,143561,78,216322
11744,0.024982,74.125.24.0-255,5738,149299,78,216322
11745,0.024989,172.31.40.0-255,66,149365,78,216322
11746,0.025132,172.31.40.0-255,172,149537,78,216322
11747,0.02516,172.31.40.0-255,1108,150645,78,216322
11748,0.02529,172.31.40.0-255,1514,152159,78,216322
11749,0.025292,172.31.40.0-255,1299,153458,78,216322
11750,0.026692,104.244.42.0-255,66,153524,78,216322
11751,0.026723,104.244.42.0-255,66,153590,78,216322
11752,0.026853,104.244.42.0-255,66,153656,78,216322
11753,0.02707,74.125.24.0-255,5738,159394,78,216322
11754,0.027077,172.31.40.0-255,66,159460,78,216322
11755,0.02771,104.244.42.0-255,108,159568,78,216322
11756,0.027721,172.31.40.0-255,66,159634,78,216322
11757,0.029153,74.125.24.0-255,4320,163954,78,216322
11758,0.02916,172.31.40.0-255,66,164020,78,216322
11759,0.029175,74.125.24.0-255,1484,165504,78,216322
11760,0.031253,74.125.24.0-255,4320,169824,78,216322
11761,0.03126,172.31.40.0-255,66,169890,78,216322
11762,0.033337,74.125.24.0-255,5738,175628,78,216322
11763,0.033344,172.31.40.0-255,66,175694,78,216322
11764,0.035438,74.125.24.0-255,5738,181432,78,216322
11765,0.035444,172.31.40.0-255,66,181498,78,216322
11766,0.037543,74.125.24.0-255,5738,187236,78,216322
11767,0.037549,172.31.40.0-255,66,187302,78,216322
11768,0.039642,74.125.24.0-255,5738,193040,78,216322
11769,0.039648,172.31.40.0-255,66,193106,78,216322
11770,0.041775,74.125.24.0-255,5738,198844,78,216322
11771,0.041781,172.31.40.0-255,66,198910,78,216322
11772,0.043853,74.125.24.0-255,5738,204648,78,216322
11773,0.043859,172.31.40.0-255,66,204714,78,216322
11774,0.045947,74.125.24.0-255,5738,210452,78,216322
11775,0.045965,172.31.40.0-255,66,210518,78,216322
11776,0.048058,74.125.24.0-255,5738,216256,78,216322
11777,0.048073,172.31.40.0-255,66,216322,78,216322
11778,0.0,172.217.194.0-255,157,157,78,220057
11779,2.3e-05,172.31.40.0-255,66,223,78,220057
11780,3.1e-05,172.217.194.0-255,1484,1707,78,220057
11781,3.5e-05,172.31.40.0-255,66,1773,78,220057
11782,4.9e-05,172.217.194.0-255,2902,4675,78,220057
11783,5.3e-05,172.31.40.0-255,66,4741,78,220057
11784,6.1e-05,172.217.194.0-255,7156,11897,78,220057
11785,6.5e-05,172.31.40.0-255,66,11963,78,220057
11786,6.9e-05,172.217.194.0-255,2146,14109,78,220057
11787,7.1e-05,172.31.40.0-255,66,14175,78,220057
11788,7.6e-05,172.217.194.0-255,2902,17077,78,220057
11789,7.8e-05,172.31.40.0-255,66,17143,78,220057
11790,8.4e-05,172.217.194.0-255,4320,21463,78,220057
11791,8.7e-05,172.31.40.0-255,66,21529,78,220057
11792,0.000119,172.217.194.0-255,2902,24431,78,220057
11793,0.000122,172.31.40.0-255,66,24497,78,220057
11794,0.000134,172.217.194.0-255,6797,31294,78,220057
11795,0.000137,172.31.40.0-255,66,31360,78,220057
11796,0.000219,172.217.194.0-255,1484,32844,78,220057
11797,0.000222,172.31.40.0-255,66,32910,78,220057
11798,0.000227,172.217.194.0-255,2902,35812,78,220057
11799,0.00023,172.31.40.0-255,66,35878,78,220057
11800,0.000234,172.217.194.0-255,2902,38780,78,220057
11801,0.00024,172.31.40.0-255,66,38846,78,220057
11802,0.00028,172.217.194.0-255,2902,41748,78,220057
11803,0.000283,172.31.40.0-255,66,41814,78,220057
11804,0.00029,172.217.194.0-255,6797,48611,78,220057
11805,0.000293,172.31.40.0-255,66,48677,78,220057
11806,0.000313,172.31.40.0-255,66,48743,78,220057
11807,0.000318,172.217.194.0-255,2543,51286,78,220057
11808,0.00032,172.31.40.0-255,66,51352,78,220057
11809,0.000352,172.217.194.0-255,677,52029,78,220057
11810,0.000539,172.217.194.0-255,1484,53513,78,220057
11811,0.000545,172.217.194.0-255,2902,56415,78,220057
11812,0.000551,172.31.40.0-255,66,56481,78,220057
11813,0.000554,172.31.40.0-255,66,56547,78,220057
11814,0.000586,172.217.194.0-255,5738,62285,78,220057
11815,0.000594,172.31.40.0-255,66,62351,78,220057
11816,0.000605,172.31.40.0-255,66,62417,78,220057
11817,0.000646,172.217.194.0-255,4320,66737,78,220057
11818,0.000649,172.31.40.0-255,66,66803,78,220057
11819,0.000666,172.31.40.0-255,66,66869,78,220057
11820,0.001173,172.217.194.0-255,1484,68353,78,220057
11821,0.001179,172.217.194.0-255,2902,71255,78,220057
11822,0.001183,172.31.40.0-255,66,71321,78,220057
11823,0.001189,172.217.194.0-255,2902,74223,78,220057
11824,0.001191,172.31.40.0-255,66,74289,78,220057
11825,0.001223,172.217.194.0-255,2902,77191,78,220057
11826,0.001225,172.31.40.0-255,66,77257,78,220057
11827,0.001245,172.31.40.0-255,66,77323,78,220057
11828,0.001258,172.31.40.0-255,66,77389,78,220057
11829,0.001296,172.31.40.0-255,66,77455,78,220057
11830,0.00131,172.31.40.0-255,66,77521,78,220057
11831,0.001382,172.31.40.0-255,66,77587,78,220057
11832,0.001406,172.217.194.0-255,766,78353,78,220057
11833,0.00161,172.217.194.0-255,1484,79837,78,220057
11834,0.001614,172.31.40.0-255,66,79903,78,220057
11835,0.00162,172.217.194.0-255,2902,82805,78,220057
11836,0.001622,172.31.40.0-255,66,82871,78,220057
11837,0.001626,172.217.194.0-255,1484,84355,78,220057
11838,0.001652,172.217.194.0-255,4320,88675,78,220057
11839,0.001655,172.31.40.0-255,66,88741,78,220057
11840,0.001666,172.31.40.0-255,66,88807,78,220057
11841,0.001704,172.217.194.0-255,2902,91709,78,220057
11842,0.001707,172.31.40.0-255,66,91775,78,220057
11843,0.001726,172.31.40.0-255,66,91841,78,220057
11844,0.001729,172.217.194.0-255,1484,93325,78,220057
11845,0.001733,172.217.194.0-255,2902,96227,78,220057
11846,0.001736,172.31.40.0-255,66,96293,78,220057
11847,0.001766,172.217.194.0-255,5738,102031,78,220057
11848,0.001773,172.31.40.0-255,66,102097,78,220057
11849,0.001788,172.31.40.0-255,66,102163,78,220057
11850,0.001792,172.217.194.0-255,2902,105065,78,220057
11851,0.001795,172.31.40.0-255,66,105131,78,220057
11852,0.001835,172.31.40.0-255,66,105197,78,220057
11853,0.002441,172.217.194.0-255,1484,106681,78,220057
11854,0.002448,172.217.194.0-255,2902,109583,78,220057
11855,0.002451,172.31.40.0-255,66,109649,78,220057
11856,0.002459,172.217.194.0-255,5738,115387,78,220057
11857,0.002461,172.31.40.0-255,66,115453,78,220057
11858,0.002509,172.31.40.0-255,66,115519,78,220057
11859,0.002525,172.31.40.0-255,66,115585,78,220057
11860,0.00506,172.217.194.0-255,5738,121323,78,220057
11861,0.005079,172.31.40.0-255,66,121389,78,220057
11862,0.007644,172.217.194.0-255,5738,127127,78,220057
11863,0.007659,172.31.40.0-255,66,127193,78,220057
11864,0.010181,172.217.194.0-255,5738,132931,78,220057
11865,0.010185,172.31.40.0-255,66,132997,78,220057
11866,0.012702,172.217.194.0-255,5738,138735,78,220057
11867,0.012714,172.31.40.0-255,66,138801,78,220057
11868,0.015251,172.217.194.0-255,5738,144539,78,220057
11869,0.015259,172.31.40.0-255,66,144605,78,220057
11870,0.017826,172.217.194.0-255,5738,150343,78,220057
11871,0.017835,172.31.40.0-255,66,150409,78,220057
11872,0.020366,172.217.194.0-255,5738,156147,78,220057
11873,0.020375,172.31.40.0-255,66,156213,78,220057
11874,0.022925,172.217.194.0-255,5738,161951,78,220057
11875,0.022933,172.31.40.0-255,66,162017,78,220057
11876,0.025465,172.217.194.0-255,5738,167755,78,220057
11877,0.025477,172.31.40.0-255,66,167821,78,220057
11878,0.028008,172.217.194.0-255,5738,173559,78,220057
11879,0.028015,172.31.40.0-255,66,173625,78,220057
11880,0.030527,172.217.194.0-255,5738,179363,78,220057
11881,0.030534,172.31.40.0-255,66,179429,78,220057
11882,0.033061,172.217.194.0-255,5738,185167,78,220057
11883,0.033072,172.31.40.0-255,66,185233,78,220057
11884,0.035589,172.217.194.0-255,5738,190971,78,220057
11885,0.035596,172.31.40.0-255,66,191037,78,220057
11886,0.038192,172.217.194.0-255,5738,196775,78,220057
11887,0.038209,172.31.40.0-255,66,196841,78,220057
11888,0.040731,172.217.194.0-255,5738,202579,78,220057
11889,0.040738,172.31.40.0-255,66,202645,78,220057
11890,0.043282,172.217.194.0-255,5738,208383,78,220057
11891,0.043307,172.31.40.0-255,66,208449,78,220057
11892,0.045855,172.217.194.0-255,5738,214187,78,220057
11893,0.045866,172.31.40.0-255,66,214253,78,220057
11894,0.048431,172.217.194.0-255,5738,219991,78,220057
11895,0.04845,172.31.40.0-255,66,220057,78,220057
11896,0.0,216.58.221.0-255,153,153,78,281807
11897,1.5e-05,172.31.40.0-255,66,219,78,281807
11898,2.3e-05,216.58.221.0-255,1484,1703,78,281807
11899,2.7e-05,172.31.40.0-255,66,1769,78,281807
11900,3e-05,216.58.221.0-255,1484,3253,78,281807
11901,3.2e-05,172.31.40.0-255,66,3319,78,281807
11902,4.5e-05,216.58.221.0-255,2902,6221,78,281807
11903,4.9e-05,172.31.40.0-255,66,6287,78,281807
11904,5.6e-05,216.58.221.0-255,5738,12025,78,281807
11905,6e-05,172.31.40.0-255,66,12091,78,281807
11906,0.000116,172.31.40.0-255,66,12157,78,281807
11907,0.000149,172.31.40.0-255,66,12223,78,281807
11908,0.000267,216.58.221.0-255,1484,13707,78,281807
11909,0.00027,172.31.40.0-255,66,13773,78,281807
11910,0.000274,216.58.221.0-255,1484,15257,78,281807
11911,0.000276,172.31.40.0-255,66,15323,78,281807
11912,0.000306,216.58.221.0-255,1484,16807,78,281807
11913,0.000309,172.31.40.0-255,66,16873,78,281807
11914,0.000315,216.58.221.0-255,4320,21193,78,281807
11915,0.000317,172.31.40.0-255,66,21259,78,281807
11916,0.000335,172.31.40.0-255,66,21325,78,281807
11917,0.000341,216.58.221.0-255,5738,27063,78,281807
11918,0.000344,172.31.40.0-255,66,27129,78,281807
11919,0.000381,216.58.221.0-255,7156,34285,78,281807
11920,0.000384,172.31.40.0-255,66,34351,78,281807
11921,0.000389,216.58.221.0-255,2812,37163,78,281807
11922,0.00039,172.31.40.0-255,66,37229,78,281807
11923,0.000911,216.58.221.0-255,386,37615,78,281807
11924,0.000915,172.31.40.0-255,66,37681,78,281807
11925,0.001082,216.58.221.0-255,1484,39165,78,281807
11926,0.001088,216.58.221.0-255,2902,42067,78,281807
11927,0.001138,216.58.221.0-255,4320,46387,78,281807
11928,0.001157,216.58.221.0-255,1484,47871,78,281807
11929,0.001199,216.58.221.0-255,5738,53609,78,281807
11930,0.001225,216.58.221.0-255,6797,60406,78,281807
11931,0.001313,216.58.221.0-255,1484,61890,78,281807
11932,0.001316,216.58.221.0-255,1484,63374,78,281807
11933,0.00133,216.58.221.0-255,1484,64858,78,281807
11934,0.001335,216.58.221.0-255,4320,69178,78,281807
11935,0.001347,216.58.221.0-255,1484,70662,78,281807
11936,0.001352,216.58.221.0-255,2902,73564,78,281807
11937,0.001357,216.58.221.0-255,4320,77884,78,281807
11938,0.001397,216.58.221.0-255,4320,82204,78,281807
11939,0.001412,216.58.221.0-255,3602,85806,78,281807
11940,0.001473,216.58.221.0-255,1484,87290,78,281807
11941,0.001487,216.58.221.0-255,2902,90192,78,281807
11942,0.001511,216.58.221.0-255,4320,94512,78,281807
11943,0.001517,216.58.221.0-255,5738,100250,78,281807
11944,0.001534,216.58.221.0-255,2902,103152,78,281807
11945,0.001565,216.58.221.0-255,5738,108890,78,281807
11946,0.001595,216.58.221.0-255,2184,111074,78,281807
11947,0.001678,216.58.221.0-255,1484,112558,78,281807
11948,0.001683,216.58.221.0-255,2902,115460,78,281807
11949,0.001693,216.58.221.0-255,1484,116944,78,281807
11950,0.001711,216.58.221.0-255,4320,121264,78,281807
11951,0.001719,216.58.221.0-255,7156,128420,78,281807
11952,0.001744,216.58.221.0-255,2902,131322,78,281807
11953,0.001781,216.58.221.0-255,1484,132806,78,281807
11954,0.001785,216.58.221.0-255,2184,134990,78,281807
11955,0.001851,216.58.221.0-255,1484,136474,78,281807
11956,0.00187,216.58.221.0-255,2902,139376,78,281807
11957,0.001875,216.58.221.0-255,2902,142278,78,281807
11958,0.001891,216.58.221.0-255,2902,145180,78,281807
11959,0.001895,216.58.221.0-255,2902,148082,78,281807
11960,0.002299,172.31.40.0-255,66,148148,78,281807
11961,0.004267,216.58.221.0-255,5738,153886,78,281807
11962,0.004277,172.31.40.0-255,66,153952,78,281807
11963,0.006232,216.58.221.0-255,5738,159690,78,281807
11964,0.007344,172.31.40.0-255,66,159756,78,281807
11965,0.009286,216.58.221.0-255,5738,165494,78,281807
11966,0.009292,172.31.40.0-255,66,165560,78,281807
11967,0.011264,216.58.221.0-255,5738,171298,78,281807
11968,0.011271,172.31.40.0-255,66,171364,78,281807
11969,0.013224,216.58.221.0-255,5738,177102,78,281807
11970,0.01324,172.31.40.0-255,66,177168,78,281807
11971,0.015197,216.58.221.0-255,5738,182906,78,281807
11972,0.015211,172.31.40.0-255,66,182972,78,281807
11973,0.017159,216.58.221.0-255,5738,188710,78,281807
11974,0.017167,172.31.40.0-255,66,188776,78,281807
11975,0.019131,216.58.221.0-255,5738,194514,78,281807
11976,0.019145,172.31.40.0-255,66,194580,78,281807
11977,0.021087,216.58.221.0-255,5738,200318,78,281807
11978,0.021095,172.31.40.0-255,66,200384,78,281807
11979,0.023043,216.58.221.0-255,5738,206122,78,281807
11980,0.023055,172.31.40.0-255,66,206188,78,281807
11981,0.025009,216.58.221.0-255,5738,211926,78,281807
11982,0.025017,172.31.40.0-255,66,211992,78,281807
11983,0.02696,216.58.221.0-255,5738,217730,78,281807
11984,0.026967,172.31.40.0-255,66,217796,78,281807
11985,0.02891,216.58.221.0-255,5738,223534,78,281807
11986,0.028917,172.31.40.0-255,66,223600,78,281807
11987,0.030878,216.58.221.0-255,5738,229338,78,281807
11988,0.030895,172.31.40.0-255,66,229404,78,281807
11989,0.032837,216.58.221.0-255,5738,235142,78,281807
11990,0.032844,172.31.40.0-255,66,235208,78,281807
11991,0.033314,172.31.40.0-255,101,235309,78,281807
11992,0.034791,216.58.221.0-255,5738,241047,78,281807
11993,0.034798,172.31.40.0-255,66,241113,78,281807
11994,0.035221,216.58.221.0-255,66,241179,78,281807
11995,0.036741,216.58.221.0-255,5738,246917,78,281807
11996,0.036749,172.31.40.0-255,66,246983,78,281807
11997,0.038707,216.58.221.0-255,5738,252721,78,281807
11998,0.038726,172.31.40.0-255,66,252787,78,281807
11999,0.040669,216.58.221.0-255,5738,258525,78,281807
12000,0.04068,172.31.40.0-255,66,258591,78,281807
12001,0.042623,216.58.221.0-255,5738,264329,78,281807
12002,0.042631,172.31.40.0-255,66,264395,78,281807
12003,0.044588,216.58.221.0-255,5738,270133,78,281807
12004,0.044612,172.31.40.0-255,66,270199,78,281807
12005,0.046561,216.58.221.0-255,5738,275937,78,281807
12006,0.046569,172.31.40.0-255,66,276003,78,281807
12007,0.048522,216.58.221.0-255,5738,281741,78,281807
12008,0.048537,172.31.40.0-255,66,281807,78,281807
12009,0.0,172.31.40.0-255,105,105,78,276
12010,0.001785,157.240.24.0-255,105,210,78,276
12011,0.001806,172.31.40.0-255,66,276,78,276
12012,0.0,172.217.194.0-255,153,153,78,253274
12013,2.1e-05,172.31.40.0-255,66,219,78,253274
12014,2.8e-05,172.217.194.0-255,1484,1703,78,253274
12015,3.3e-05,172.31.40.0-255,66,1769,78,253274
12016,4.7e-05,172.217.194.0-255,2902,4671,78,253274
12017,5.1e-05,172.31.40.0-255,66,4737,78,253274
12018,5.9e-05,172.217.194.0-255,7156,11893,78,253274
12019,6.3e-05,172.31.40.0-255,66,11959,78,253274
12020,9.7e-05,172.217.194.0-255,2040,13999,78,253274
12021,9.9e-05,172.31.40.0-255,66,14065,78,253274
12022,0.000177,172.217.194.0-255,1484,15549,78,253274
12023,0.00018,172.31.40.0-255,66,15615,78,253274
12024,0.000197,172.217.194.0-255,2902,18517,78,253274
12025,0.0002,172.31.40.0-255,66,18583,78,253274
12026,0.000204,172.217.194.0-255,2902,21485,78,253274
12027,0.000207,172.31.40.0-255,66,21551,78,253274
12028,0.000236,172.217.194.0-255,1484,23035,78,253274
12029,0.000238,172.31.40.0-255,66,23101,78,253274
12030,0.00027,172.217.194.0-255,4320,27421,78,253274
12031,0.000273,172.31.40.0-255,66,27487,78,253274
12032,0.000301,172.217.194.0-255,5379,32866,78,253274
12033,0.000304,172.31.40.0-255,66,32932,78,253274
12034,0.000338,172.31.40.0-255,66,32998,78,253274
12035,0.000367,172.31.40.0-255,66,33064,78,253274
12036,0.000512,172.217.194.0-255,7156,40220,78,253274
12037,0.000516,172.31.40.0-255,66,40286,78,253274
12038,0.000562,172.217.194.0-255,5295,45581,78,253274
12039,0.000566,172.31.40.0-255,66,45647,78,253274
12040,0.000807,172.217.194.0-255,116,45763,78,253274
12041,0.000813,172.31.40.0-255,66,45829,78,253274
12042,0.000817,172.217.194.0-255,385,46214,78,253274
12043,0.001155,172.217.194.0-255,1484,47698,78,253274
12044,0.001159,172.31.40.0-255,66,47764,78,253274
12045,0.001163,172.217.194.0-255,1484,49248,78,253274
12046,0.001186,172.217.194.0-255,1484,50732,78,253274
12047,0.001189,172.31.40.0-255,66,50798,78,253274
12048,0.001195,172.217.194.0-255,5738,56536,78,253274
12049,0.001198,172.31.40.0-255,66,56602,78,253274
12050,0.001224,172.217.194.0-255,4320,60922,78,253274
12051,0.001227,172.31.40.0-255,66,60988,78,253274
12052,0.001265,172.31.40.0-255,66,61054,78,253274
12053,0.001339,172.217.194.0-255,1484,62538,78,253274
12054,0.001365,172.217.194.0-255,7156,69694,78,253274
12055,0.001368,172.31.40.0-255,66,69760,78,253274
12056,0.001417,172.217.194.0-255,2184,71944,78,253274
12057,0.00142,172.31.40.0-255,66,72010,78,253274
12058,0.001449,172.217.194.0-255,2902,74912,78,253274
12059,0.001451,172.31.40.0-255,66,74978,78,253274
12060,0.001459,172.217.194.0-255,5738,80716,78,253274
12061,0.001461,172.31.40.0-255,66,80782,78,253274
12062,0.001478,172.217.194.0-255,1484,82266,78,253274
12063,0.001533,172.31.40.0-255,66,82332,78,253274
12064,0.00156,172.217.194.0-255,5738,88070,78,253274
12065,0.001563,172.31.40.0-255,66,88136,78,253274
12066,0.001663,172.217.194.0-255,5738,93874,78,253274
12067,0.001667,172.31.40.0-255,66,93940,78,253274
12068,0.001704,172.31.40.0-255,66,94006,78,253274
12069,0.001795,172.31.40.0-255,66,94072,78,253274
12070,0.001843,172.31.40.0-255,66,94138,78,253274
12071,0.002008,172.217.194.0-255,2184,96322,78,253274
12072,0.002012,172.31.40.0-255,66,96388,78,253274
12073,0.002032,172.217.194.0-255,2902,99290,78,253274
12074,0.002034,172.31.40.0-255,66,99356,78,253274
12075,0.002066,172.217.194.0-255,7156,106512,78,253274
12076,0.002069,172.31.40.0-255,66,106578,78,253274
12077,0.002105,172.217.194.0-255,2902,109480,78,253274
12078,0.002108,172.31.40.0-255,66,109546,78,253274
12079,0.002145,172.31.40.0-255,66,109612,78,253274
12080,0.002256,172.31.40.0-255,66,109678,78,253274
12081,0.002315,172.217.194.0-255,1484,111162,78,253274
12082,0.002334,172.217.194.0-255,5738,116900,78,253274
12083,0.002337,172.31.40.0-255,66,116966,78,253274
12084,0.004356,172.217.194.0-255,5738,122704,78,253274
12085,0.004364,172.31.40.0-255,66,122770,78,253274
12086,0.0064,172.217.194.0-255,5738,128508,78,253274
12087,0.006406,172.31.40.0-255,66,128574,78,253274
12088,0.008433,172.217.194.0-255,4320,132894,78,253274
12089,0.008436,172.31.40.0-255,66,132960,78,253274
12090,0.008453,172.217.194.0-255,1484,134444,78,253274
12091,0.010456,172.217.194.0-255,4320,138764,78,253274
12092,0.010463,172.31.40.0-255,66,138830,78,253274
12093,0.012519,172.217.194.0-255,5738,144568,78,253274
12094,0.012527,172.31.40.0-255,66,144634,78,253274
12095,0.014585,172.217.194.0-255,5738,150372,78,253274
12096,0.014593,172.31.40.0-255,66,150438,78,253274
12097,0.016651,172.217.194.0-255,5738,156176,78,253274
12098,0.016659,172.31.40.0-255,66,156242,78,253274
12099,0.018688,172.217.194.0-255,5738,161980,78,253274
12100,0.018707,172.31.40.0-255,66,162046,78,253274
12101,0.020766,172.217.194.0-255,5738,167784,78,253274
12102,0.020784,172.31.40.0-255,66,167850,78,253274
12103,0.022831,172.217.194.0-255,5738,173588,78,253274
12104,0.022846,172.31.40.0-255,66,173654,78,253274
12105,0.024873,172.217.194.0-255,5738,179392,78,253274
12106,0.024888,172.31.40.0-255,66,179458,78,253274
12107,0.026922,172.217.194.0-255,5738,185196,78,253274
12108,0.026935,172.31.40.0-255,66,185262,78,253274
12109,0.028979,172.217.194.0-255,5738,191000,78,253274
12110,0.028993,172.31.40.0-255,66,191066,78,253274
12111,0.03104,172.217.194.0-255,5738,196804,78,253274
12112,0.031046,172.31.40.0-255,66,196870,78,253274
12113,0.033085,172.217.194.0-255,5738,202608,78,253274
12114,0.033093,172.31.40.0-255,66,202674,78,253274
12115,0.035142,172.217.194.0-255,5738,208412,78,253274
12116,0.035149,172.31.40.0-255,66,208478,78,253274
12117,0.037177,172.217.194.0-255,5738,214216,78,253274
12118,0.037184,172.31.40.0-255,66,214282,78,253274
12119,0.039276,172.217.194.0-255,5738,220020,78,253274
12120,0.039292,172.31.40.0-255,66,220086,78,253274
12121,0.041323,172.217.194.0-255,5738,225824,78,253274
12122,0.041331,172.31.40.0-255,66,225890,78,253274
12123,0.043385,172.217.194.0-255,5738,231628,78,253274
12124,0.043392,172.31.40.0-255,66,231694,78,253274
12125,0.044446,172.31.40.0-255,167,231861,78,253274
12126,0.044479,172.31.40.0-255,1104,232965,78,253274
12127,0.04456,172.31.40.0-255,1514,234479,78,253274
12128,0.044562,172.31.40.0-255,1185,235664,78,253274
12129,0.045409,172.217.194.0-255,5738,241402,78,253274
12130,0.045419,172.31.40.0-255,66,241468,78,253274
12131,0.045956,104.244.42.0-255,66,241534,78,253274
12132,0.046118,104.244.42.0-255,66,241600,78,253274
12133,0.046167,104.244.42.0-255,66,241666,78,253274
12134,0.047449,172.217.194.0-255,5738,247404,78,253274
12135,0.047462,172.31.40.0-255,66,247470,78,253274
12136,0.049502,172.217.194.0-255,5738,253208,78,253274
12137,0.049518,172.31.40.0-255,66,253274,78,253274
12138,0.0,74.125.68.0-255,153,153,78,243261
12139,1.1e-05,172.31.40.0-255,66,219,78,243261
12140,4.1e-05,74.125.68.0-255,1484,1703,78,243261
12141,4.6e-05,172.31.40.0-255,66,1769,78,243261
12142,5.2e-05,74.125.68.0-255,2902,4671,78,243261
12143,5.5e-05,172.31.40.0-255,66,4737,78,243261
12144,5.8e-05,74.125.68.0-255,1484,6221,78,243261
12145,6.1e-05,172.31.40.0-255,66,6287,78,243261
12146,8.7e-05,74.125.68.0-255,5738,12025,78,243261
12147,8.9e-05,172.31.40.0-255,66,12091,78,243261
12148,9.3e-05,74.125.68.0-255,2023,14114,78,243261
12149,9.5e-05,172.31.40.0-255,66,14180,78,243261
12150,0.00013,172.31.40.0-255,66,14246,78,243261
12151,0.000149,74.125.68.0-255,2902,17148,78,243261
12152,0.000152,172.31.40.0-255,66,17214,78,243261
12153,0.000158,74.125.68.0-255,5379,22593,78,243261
12154,0.00016,172.31.40.0-255,66,22659,78,243261
12155,0.000268,74.125.68.0-255,1484,24143,78,243261
12156,0.000271,172.31.40.0-255,66,24209,78,243261
12157,0.000277,74.125.68.0-255,2902,27111,78,243261
12158,0.000279,172.31.40.0-255,66,27177,78,243261
12159,0.000304,74.125.68.0-255,4320,31497,78,243261
12160,0.000307,172.31.40.0-255,66,31563,78,243261
12161,0.000332,172.31.40.0-255,66,31629,78,243261
12162,0.000336,74.125.68.0-255,1484,33113,78,243261
12163,0.000338,172.31.40.0-255,66,33179,78,243261
12164,0.000364,74.125.68.0-255,4320,37499,78,243261
12165,0.000366,172.31.40.0-255,66,37565,78,243261
12166,0.000373,74.125.68.0-255,7156,44721,78,243261
12167,0.000376,172.31.40.0-255,66,44787,78,243261
12168,0.000407,74.125.68.0-255,3602,48389,78,243261
12169,0.000411,172.31.40.0-255,66,48455,78,243261
12170,0.000413,74.125.68.0-255,427,48882,78,243261
12171,0.000457,74.125.68.0-255,347,49229,78,243261
12172,0.000528,74.125.68.0-255,1484,50713,78,243261
12173,0.000531,172.31.40.0-255,66,50779,78,243261
12174,0.000535,74.125.68.0-255,1484,52263,78,243261
12175,0.000555,74.125.68.0-255,1484,53747,78,243261
12176,0.000558,172.31.40.0-255,66,53813,78,243261
12177,0.000566,74.125.68.0-255,5738,59551,78,243261
12178,0.000568,172.31.40.0-255,66,59617,78,243261
12179,0.000602,74.125.68.0-255,6248,65865,78,243261
12180,0.000605,172.31.40.0-255,66,65931,78,243261
12181,0.000925,74.125.68.0-255,1484,67415,78,243261
12182,0.000948,74.125.68.0-255,2902,70317,78,243261
12183,0.000952,172.31.40.0-255,66,70383,78,243261
12184,0.000956,74.125.68.0-255,1484,71867,78,243261
12185,0.000985,74.125.68.0-255,2902,74769,78,243261
12186,0.000988,172.31.40.0-255,66,74835,78,243261
12187,0.000999,172.31.40.0-255,66,74901,78,243261
12188,0.001014,172.31.40.0-255,66,74967,78,243261
12189,0.00106,74.125.68.0-255,1484,76451,78,243261
12190,0.001079,74.125.68.0-255,6438,82889,78,243261
12191,0.001082,172.31.40.0-255,66,82955,78,243261
12192,0.001863,74.125.68.0-255,1484,84439,78,243261
12193,0.001892,74.125.68.0-255,2902,87341,78,243261
12194,0.001897,172.31.40.0-255,66,87407,78,243261
12195,0.001916,74.125.68.0-255,4320,91727,78,243261
12196,0.001923,172.31.40.0-255,66,91793,78,243261
12197,0.00193,74.125.68.0-255,5738,97531,78,243261
12198,0.001932,172.31.40.0-255,66,97597,78,243261
12199,0.001972,172.31.40.0-255,66,97663,78,243261
12200,0.001978,74.125.68.0-255,4320,101983,78,243261
12201,0.00198,172.31.40.0-255,66,102049,78,243261
12202,0.002023,74.125.68.0-255,3602,105651,78,243261
12203,0.002026,172.31.40.0-255,66,105717,78,243261
12204,0.003974,74.125.68.0-255,1484,107201,78,243261
12205,0.004023,74.125.68.0-255,4320,111521,78,243261
12206,0.004028,172.31.40.0-255,66,111587,78,243261
12207,0.006066,74.125.68.0-255,5738,117325,78,243261
12208,0.00607,172.31.40.0-255,66,117391,78,243261
12209,0.008078,74.125.68.0-255,5738,123129,78,243261
12210,0.008084,172.31.40.0-255,66,123195,78,243261
12211,0.010083,74.125.68.0-255,5738,128933,78,243261
12212,0.01009,172.31.40.0-255,66,128999,78,243261
12213,0.012091,74.125.68.0-255,5738,134737,78,243261
12214,0.012099,172.31.40.0-255,66,134803,78,243261
12215,0.014104,74.125.68.0-255,5738,140541,78,243261
12216,0.014111,172.31.40.0-255,66,140607,78,243261
12217,0.016106,74.125.68.0-255,5738,146345,78,243261
12218,0.016114,172.31.40.0-255,66,146411,78,243261
12219,0.018123,74.125.68.0-255,5738,152149,78,243261
12220,0.018133,172.31.40.0-255,66,152215,78,243261
12221,0.020131,74.125.68.0-255,5738,157953,78,243261
12222,0.020139,172.31.40.0-255,66,158019,78,243261
12223,0.02215,74.125.68.0-255,5738,163757,78,243261
12224,0.022158,172.31.40.0-255,66,163823,78,243261
12225,0.024154,74.125.68.0-255,5738,169561,78,243261
12226,0.024161,172.31.40.0-255,66,169627,78,243261
12227,0.026159,74.125.68.0-255,5738,175365,78,243261
12228,0.026166,172.31.40.0-255,66,175431,78,243261
12229,0.028159,74.125.68.0-255,5738,181169,78,243261
12230,0.028167,172.31.40.0-255,66,181235,78,243261
12231,0.029514,172.31.40.0-255,172,181407,78,243261
12232,0.029546,172.31.40.0-255,1107,182514,78,243261
12233,0.029607,172.31.40.0-255,1514,184028,78,243261
12234,0.029609,172.31.40.0-255,1514,185542,78,243261
12235,0.029638,172.31.40.0-255,701,186243,78,243261
12236,0.030196,74.125.68.0-255,5738,191981,78,243261
12237,0.030202,172.31.40.0-255,66,192047,78,243261
12238,0.031054,104.244.42.0-255,66,192113,78,243261
12239,0.031062,104.244.42.0-255,66,192179,78,243261
12240,0.031165,104.244.42.0-255,66,192245,78,243261
12241,0.031168,104.244.42.0-255,66,192311,78,243261
12242,0.032201,74.125.68.0-255,4320,196631,78,243261
12243,0.032207,172.31.40.0-255,66,196697,78,243261
12244,0.032234,74.125.68.0-255,1484,198181,78,243261
12245,0.034197,74.125.68.0-255,4320,202501,78,243261
12246,0.034203,172.31.40.0-255,66,202567,78,243261
12247,0.036202,74.125.68.0-255,5738,208305,78,243261
12248,0.036208,172.31.40.0-255,66,208371,78,243261
12249,0.038213,74.125.68.0-255,5738,214109,78,243261
12250,0.038225,172.31.40.0-255,66,214175,78,243261
12251,0.040235,74.125.68.0-255,5738,219913,78,243261
12252,0.040242,172.31.40.0-255,66,219979,78,243261
12253,0.042254,74.125.68.0-255,5738,225717,78,243261
12254,0.04226,172.31.40.0-255,66,225783,78,243261
12255,0.04426,74.125.68.0-255,5738,231521,78,243261
12256,0.044266,172.31.40.0-255,66,231587,78,243261
12257,0.046273,74.125.68.0-255,5738,237325,78,243261
12258,0.04628,172.31.40.0-255,66,237391,78,243261
12259,0.048285,74.125.68.0-255,4320,241711,78,243261
12260,0.048291,172.31.40.0-255,66,241777,78,243261
12261,0.048321,74.125.68.0-255,1484,243261,78,243261
12262,0.0,172.217.194.0-255,297,297,78,223023
12263,2.1e-05,172.31.40.0-255,66,363,78,223023
12264,2.7e-05,172.217.194.0-255,1484,1847,78,223023
12265,3.1e-05,172.31.40.0-255,66,1913,78,223023
12266,3.6e-05,172.217.194.0-255,2902,4815,78,223023
12267,3.9e-05,172.31.40.0-255,66,4881,78,223023
12268,5.1e-05,172.217.194.0-255,4320,9201,78,223023
12269,5.4e-05,172.31.40.0-255,66,9267,78,223023
12270,6.8e-05,172.217.194.0-255,4320,13587,78,223023
12271,7e-05,172.31.40.0-255,66,13653,78,223023
12272,9.8e-05,172.217.194.0-255,4679,18332,78,223023
12273,0.0001,172.31.40.0-255,66,18398,78,223023
12274,0.000111,172.31.40.0-255,66,18464,78,223023
12275,0.000144,172.217.194.0-255,2543,21007,78,223023
12276,0.000146,172.31.40.0-255,66,21073,78,223023
12277,0.00029,172.217.194.0-255,1484,22557,78,223023
12278,0.000297,172.31.40.0-255,66,22623,78,223023
12279,0.000302,172.217.194.0-255,2902,25525,78,223023
12280,0.000304,172.31.40.0-255,66,25591,78,223023
12281,0.000335,172.217.194.0-255,5738,31329,78,223023
12282,0.000338,172.31.40.0-255,66,31395,78,223023
12283,0.000345,172.217.194.0-255,6797,38192,78,223023
12284,0.000347,172.31.40.0-255,66,38258,78,223023
12285,0.00035,172.217.194.0-255,1484,39742,78,223023
12286,0.000352,172.31.40.0-255,66,39808,78,223023
12287,0.000388,172.31.40.0-255,66,39874,78,223023
12288,0.000393,172.217.194.0-255,2796,42670,78,223023
12289,0.000395,172.31.40.0-255,66,42736,78,223023
12290,0.000502,172.217.194.0-255,117,42853,78,223023
12291,0.000506,172.31.40.0-255,66,42919,78,223023
12292,0.0006,172.217.194.0-255,382,43301,78,223023
12293,0.000852,172.217.194.0-255,1484,44785,78,223023
12294,0.000857,172.31.40.0-255,66,44851,78,223023
12295,0.000863,172.217.194.0-255,2902,47753,78,223023
12296,0.000865,172.31.40.0-255,66,47819,78,223023
12297,0.00087,172.217.194.0-255,4320,52139,78,223023
12298,0.000878,172.31.40.0-255,66,52205,78,223023
12299,0.000902,172.217.194.0-255,1484,53689,78,223023
12300,0.000909,172.217.194.0-255,7156,60845,78,223023
12301,0.000912,172.31.40.0-255,66,60911,78,223023
12302,0.000919,172.217.194.0-255,7156,68067,78,223023
12303,0.000922,172.31.40.0-255,66,68133,78,223023
12304,0.000954,172.217.194.0-255,7156,75289,78,223023
12305,0.000957,172.31.40.0-255,66,75355,78,223023
12306,0.000961,172.217.194.0-255,2184,77539,78,223023
12307,0.000964,172.31.40.0-255,66,77605,78,223023
12308,0.001217,172.217.194.0-255,1484,79089,78,223023
12309,0.001236,172.217.194.0-255,2902,81991,78,223023
12310,0.00124,172.31.40.0-255,66,82057,78,223023
12311,0.001247,172.217.194.0-255,5738,87795,78,223023
12312,0.001249,172.31.40.0-255,66,87861,78,223023
12313,0.001292,172.31.40.0-255,66,87927,78,223023
12314,0.001295,172.217.194.0-255,1484,89411,78,223023
12315,0.001336,172.31.40.0-255,66,89477,78,223023
12316,0.001366,172.217.194.0-255,1484,90961,78,223023
12317,0.001386,172.217.194.0-255,2902,93863,78,223023
12318,0.00139,172.31.40.0-255,66,93929,78,223023
12319,0.001395,172.217.194.0-255,5738,99667,78,223023
12320,0.001397,172.31.40.0-255,66,99733,78,223023
12321,0.001402,172.217.194.0-255,4320,104053,78,223023
12322,0.001409,172.31.40.0-255,66,104119,78,223023
12323,0.001446,172.31.40.0-255,66,104185,78,223023
12324,0.001449,172.217.194.0-255,1484,105669,78,223023
12325,0.001481,172.217.194.0-255,6438,112107,78,223023
12326,0.001485,172.31.40.0-255,66,112173,78,223023
12327,0.001671,172.217.194.0-255,1484,113657,78,223023
12328,0.0017,172.217.194.0-255,2902,116559,78,223023
12329,0.001703,172.31.40.0-255,66,116625,78,223023
12330,0.001709,172.217.194.0-255,2902,119527,78,223023
12331,0.001711,172.31.40.0-255,66,119593,78,223023
12332,0.001725,172.217.194.0-255,2902,122495,78,223023
12333,0.001757,172.31.40.0-255,66,122561,78,223023
12334,0.00176,172.31.40.0-255,66,122627,78,223023
12335,0.001763,172.217.194.0-255,1484,124111,78,223023
12336,0.001807,172.31.40.0-255,66,124177,78,223023
12337,0.001811,172.217.194.0-255,2902,127079,78,223023
12338,0.001813,172.31.40.0-255,66,127145,78,223023
12339,0.001854,172.31.40.0-255,66,127211,78,223023
12340,0.001894,172.217.194.0-255,5738,132949,78,223023
12341,0.001898,172.31.40.0-255,66,133015,78,223023
12342,0.001935,172.31.40.0-255,66,133081,78,223023
12343,0.00194,172.217.194.0-255,3602,136683,78,223023
12344,0.001942,172.31.40.0-255,66,136749,78,223023
12345,0.002732,172.217.194.0-255,1484,138233,78,223023
12346,0.002739,172.217.194.0-255,2902,141135,78,223023
12347,0.002742,172.31.40.0-255,66,141201,78,223023
12348,0.002776,172.217.194.0-255,5738,146939,78,223023
12349,0.002779,172.31.40.0-255,66,147005,78,223023
12350,0.002808,172.217.194.0-255,4320,151325,78,223023
12351,0.00281,172.31.40.0-255,66,151391,78,223023
12352,0.002853,172.31.40.0-255,66,151457,78,223023
12353,0.002858,172.217.194.0-255,5738,157195,78,223023
12354,0.00286,172.31.40.0-255,66,157261,78,223023
12355,0.002865,172.217.194.0-255,5020,162281,78,223023
12356,0.002872,172.31.40.0-255,66,162347,78,223023
12357,0.002939,172.217.194.0-255,1484,163831,78,223023
12358,0.002958,172.217.194.0-255,2902,166733,78,223023
12359,0.00296,172.31.40.0-255,66,166799,78,223023
12360,0.002963,172.217.194.0-255,1484,168283,78,223023
12361,0.002989,172.217.194.0-255,4320,172603,78,223023
12362,0.002991,172.31.40.0-255,66,172669,78,223023
12363,0.002996,172.217.194.0-255,4320,176989,78,223023
12364,0.002998,172.31.40.0-255,66,177055,78,223023
12365,0.003,172.217.194.0-255,1484,178539,78,223023
12366,0.003003,172.217.194.0-255,1484,180023,78,223023
12367,0.003004,172.31.40.0-255,66,180089,78,223023
12368,0.003007,172.217.194.0-255,1484,181573,78,223023
12369,0.003027,172.217.194.0-255,2902,184475,78,223023
12370,0.003029,172.31.40.0-255,66,184541,78,223023
12371,0.003052,172.217.194.0-255,4320,188861,78,223023
12372,0.003054,172.31.40.0-255,66,188927,78,223023
12373,0.003083,172.31.40.0-255,66,188993,78,223023
12374,0.003111,172.217.194.0-255,2902,191895,78,223023
12375,0.003113,172.31.40.0-255,66,191961,78,223023
12376,0.003118,172.217.194.0-255,4320,196281,78,223023
12377,0.00312,172.31.40.0-255,66,196347,78,223023
12378,0.003139,172.217.194.0-255,7156,203503,78,223023
12379,0.003145,172.31.40.0-255,66,203569,78,223023
12380,0.003169,172.217.194.0-255,1484,205053,78,223023
12381,0.003174,172.217.194.0-255,2902,207955,78,223023
12382,0.003176,172.31.40.0-255,66,208021,78,223023
12383,0.003209,172.31.40.0-255,66,208087,78,223023
12384,0.003232,172.217.194.0-255,2184,210271,78,223023
12385,0.003238,172.31.40.0-255,66,210337,78,223023
12386,0.003253,172.31.40.0-255,66,210403,78,223023
12387,0.003256,172.217.194.0-255,2902,213305,78,223023
12388,0.003261,172.217.194.0-255,2902,216207,78,223023
12389,0.003266,172.31.40.0-255,66,216273,78,223023
12390,0.003268,172.31.40.0-255,66,216339,78,223023
12391,0.003323,172.31.40.0-255,66,216405,78,223023
12392,0.003325,172.31.40.0-255,66,216471,78,223023
12393,0.003346,172.217.194.0-255,1484,217955,78,223023
12394,0.003352,172.217.194.0-255,4660,222615,78,223023
12395,0.003355,172.31.40.0-255,66,222681,78,223023
12396,0.003368,172.217.194.0-255,105,222786,78,223023
12397,0.012266,172.31.40.0-255,66,222852,78,223023
12398,0.012309,172.31.40.0-255,105,222957,78,223023
12399,0.014883,172.217.194.0-255,66,223023,78,223023
12400,0.0,74.125.200.0-255,152,152,78,205997
12401,2.4e-05,172.31.40.0-255,66,218,78,205997
12402,3.1e-05,74.125.200.0-255,1484,1702,78,205997
12403,3.6e-05,172.31.40.0-255,66,1768,78,205997
12404,4.2e-05,74.125.200.0-255,2902,4670,78,205997
12405,4.6e-05,172.31.40.0-255,66,4736,78,205997
12406,5.3e-05,74.125.200.0-255,5738,10474,78,205997
12407,5.6e-05,172.31.40.0-255,66,10540,78,205997
12408,8.3e-05,74.125.200.0-255,3529,14069,78,205997
12409,8.6e-05,172.31.40.0-255,66,14135,78,205997
12410,0.000241,74.125.200.0-255,1484,15619,78,205997
12411,0.000247,172.31.40.0-255,66,15685,78,205997
12412,0.000251,74.125.200.0-255,1484,17169,78,205997
12413,0.000253,172.31.40.0-255,66,17235,78,205997
12414,0.000268,74.125.200.0-255,2902,20137,78,205997
12415,0.000271,172.31.40.0-255,66,20203,78,205997
12416,0.000285,74.125.200.0-255,1484,21687,78,205997
12417,0.000287,172.31.40.0-255,66,21753,78,205997
12418,0.000307,74.125.200.0-255,4320,26073,78,205997
12419,0.00031,172.31.40.0-255,66,26139,78,205997
12420,0.000317,74.125.200.0-255,5379,31518,78,205997
12421,0.00032,172.31.40.0-255,66,31584,78,205997
12422,0.000522,74.125.200.0-255,1484,33068,78,205997
12423,0.000526,172.31.40.0-255,66,33134,78,205997
12424,0.000534,74.125.200.0-255,2902,36036,78,205997
12425,0.000536,172.31.40.0-255,66,36102,78,205997
12426,0.000558,74.125.200.0-255,5738,41840,78,205997
12427,0.000561,172.31.40.0-255,66,41906,78,205997
12428,0.000566,74.125.200.0-255,2902,44808,78,205997
12429,0.000567,172.31.40.0-255,66,44874,78,205997
12430,0.000591,74.125.200.0-255,1484,46358,78,205997
12431,0.000593,172.31.40.0-255,66,46424,78,205997
12432,0.000628,172.31.40.0-255,66,46490,78,205997
12433,0.000635,74.125.200.0-255,7156,53646,78,205997
12434,0.000638,172.31.40.0-255,66,53712,78,205997
12435,0.000662,74.125.200.0-255,2543,56255,78,205997
12436,0.000665,172.31.40.0-255,66,56321,78,205997
12437,0.001368,74.125.200.0-255,648,56969,78,205997
12438,0.001526,74.125.200.0-255,1484,58453,78,205997
12439,0.001532,172.31.40.0-255,66,58519,78,205997
12440,0.001539,74.125.200.0-255,2902,61421,78,205997
12441,0.001541,172.31.40.0-255,66,61487,78,205997
12442,0.001544,74.125.200.0-255,1484,62971,78,205997
12443,0.001572,74.125.200.0-255,4320,67291,78,205997
12444,0.001575,172.31.40.0-255,66,67357,78,205997
12445,0.001586,172.31.40.0-255,66,67423,78,205997
12446,0.001624,172.31.40.0-255,66,67489,78,205997
12447,0.001631,74.125.200.0-255,5020,72509,78,205997
12448,0.001633,172.31.40.0-255,66,72575,78,205997
12449,0.003667,74.125.200.0-255,5738,78313,78,205997
12450,0.003674,172.31.40.0-255,66,78379,78,205997
12451,0.005709,74.125.200.0-255,5738,84117,78,205997
12452,0.005713,172.31.40.0-255,66,84183,78,205997
12453,0.007747,74.125.200.0-255,4320,88503,78,205997
12454,0.007753,172.31.40.0-255,66,88569,78,205997
12455,0.007771,74.125.200.0-255,1484,90053,78,205997
12456,0.009798,74.125.200.0-255,4320,94373,78,205997
12457,0.00981,172.31.40.0-255,66,94439,78,205997
12458,0.0119,74.125.200.0-255,5738,100177,78,205997
12459,0.011909,172.31.40.0-255,66,100243,78,205997
12460,0.013961,74.125.200.0-255,5738,105981,78,205997
12461,0.013969,172.31.40.0-255,66,106047,78,205997
12462,0.015997,74.125.200.0-255,1484,107531,78,205997
12463,0.016021,74.125.200.0-255,4320,111851,78,205997
12464,0.016027,172.31.40.0-255,66,111917,78,205997
12465,0.018066,74.125.200.0-255,5738,117655,78,205997
12466,0.018073,172.31.40.0-255,66,117721,78,205997
12467,0.020134,74.125.200.0-255,5738,123459,78,205997
12468,0.020142,172.31.40.0-255,66,123525,78,205997
12469,0.022195,74.125.200.0-255,4320,127845,78,205997
12470,0.022202,172.31.40.0-255,66,127911,78,205997
12471,0.022221,74.125.200.0-255,1484,129395,78,205997
12472,0.024245,74.125.200.0-255,4320,133715,78,205997
12473,0.024255,172.31.40.0-255,66,133781,78,205997
12474,0.02629,74.125.200.0-255,4320,138101,78,205997
12475,0.026298,172.31.40.0-255,66,138167,78,205997
12476,0.02632,74.125.200.0-255,1484,139651,78,205997
12477,0.028344,74.125.200.0-255,4320,143971,78,205997
12478,0.028353,172.31.40.0-255,66,144037,78,205997
12479,0.030317,172.31.40.0-255,172,144209,78,205997
12480,0.030347,172.31.40.0-255,1108,145317,78,205997
12481,0.030389,74.125.200.0-255,4320,149637,78,205997
12482,0.030394,172.31.40.0-255,66,149703,78,205997
12483,0.030414,74.125.200.0-255,1484,151187,78,205997
12484,0.030504,172.31.40.0-255,1514,152701,78,205997
12485,0.030506,172.31.40.0-255,1514,154215,78,205997
12486,0.03053,172.31.40.0-255,700,154915,78,205997
12487,0.031899,104.244.42.0-255,66,154981,78,205997
12488,0.031936,104.244.42.0-255,66,155047,78,205997
12489,0.032054,104.244.42.0-255,66,155113,78,205997
12490,0.03206,104.244.42.0-255,66,155179,78,205997
12491,0.032436,74.125.200.0-255,4320,159499,78,205997
12492,0.032443,172.31.40.0-255,66,159565,78,205997
12493,0.034501,74.125.200.0-255,5738,165303,78,205997
12494,0.034509,172.31.40.0-255,66,165369,78,205997
12495,0.036555,74.125.200.0-255,5738,171107,78,205997
12496,0.036561,172.31.40.0-255,66,171173,78,205997
12497,0.038607,74.125.200.0-255,5738,176911,78,205997
12498,0.038613,172.31.40.0-255,66,176977,78,205997
12499,0.040655,74.125.200.0-255,5738,182715,78,205997
12500,0.040667,172.31.40.0-255,66,182781,78,205997
12501,0.042697,74.125.200.0-255,5738,188519,78,205997
12502,0.042703,172.31.40.0-255,66,188585,78,205997
12503,0.044788,74.125.200.0-255,5738,194323,78,205997
12504,0.044795,172.31.40.0-255,66,194389,78,205997
12505,0.046843,74.125.200.0-255,5738,200127,78,205997
12506,0.04685,172.31.40.0-255,66,200193,78,205997
12507,0.048893,74.125.200.0-255,5738,205931,78,205997
12508,0.048901,172.31.40.0-255,66,205997,78,205997
12509,0.0,74.125.130.0-255,149,149,78,321974
12510,2.3e-05,172.31.40.0-255,66,215,78,321974
12511,2.9e-05,74.125.130.0-255,1484,1699,78,321974
12512,3.4e-05,172.31.40.0-255,66,1765,78,321974
12513,3.9e-05,74.125.130.0-255,2902,4667,78,321974
12514,4.3e-05,172.31.40.0-255,66,4733,78,321974
12515,6.7e-05,74.125.130.0-255,1484,6217,78,321974
12516,6.9e-05,172.31.40.0-255,66,6283,78,321974
12517,8.2e-05,74.125.130.0-255,2902,9185,78,321974
12518,8.5e-05,172.31.40.0-255,66,9251,78,321974
12519,0.000102,74.125.130.0-255,4820,14071,78,321974
12520,0.000105,172.31.40.0-255,66,14137,78,321974
12521,0.00028,74.125.130.0-255,1484,15621,78,321974
12522,0.000284,172.31.40.0-255,66,15687,78,321974
12523,0.000289,74.125.130.0-255,2902,18589,78,321974
12524,0.000291,172.31.40.0-255,66,18655,78,321974
12525,0.000314,74.125.130.0-255,4320,22975,78,321974
12526,0.000317,172.31.40.0-255,66,23041,78,321974
12527,0.00032,74.125.130.0-255,1484,24525,78,321974
12528,0.000322,172.31.40.0-255,66,24591,78,321974
12529,0.000346,74.125.130.0-255,4320,28911,78,321974
12530,0.000348,172.31.40.0-255,66,28977,78,321974
12531,0.000352,74.125.130.0-255,2543,31520,78,321974
12532,0.000354,172.31.40.0-255,66,31586,78,321974
12533,0.000377,74.125.130.0-255,2902,34488,78,321974
12534,0.000379,172.31.40.0-255,66,34554,78,321974
12535,0.000426,74.125.130.0-255,2902,37456,78,321974
12536,0.000429,172.31.40.0-255,66,37522,78,321974
12537,0.000448,74.125.130.0-255,1484,39006,78,321974
12538,0.00045,172.31.40.0-255,66,39072,78,321974
12539,0.000463,74.125.130.0-255,1484,40556,78,321974
12540,0.000465,172.31.40.0-255,66,40622,78,321974
12541,0.000496,74.125.130.0-255,4320,44942,78,321974
12542,0.000498,172.31.40.0-255,66,45008,78,321974
12543,0.000503,74.125.130.0-255,4320,49328,78,321974
12544,0.000505,172.31.40.0-255,66,49394,78,321974
12545,0.00051,74.125.130.0-255,5738,55132,78,321974
12546,0.000512,172.31.40.0-255,66,55198,78,321974
12547,0.000518,74.125.130.0-255,5738,60936,78,321974
12548,0.00052,172.31.40.0-255,66,61002,78,321974
12549,0.000545,74.125.130.0-255,1484,62486,78,321974
12550,0.000559,74.125.130.0-255,3602,66088,78,321974
12551,0.000562,172.31.40.0-255,66,66154,78,321974
12552,0.000591,74.125.130.0-255,378,66532,78,321974
12553,0.000728,74.125.130.0-255,1484,68016,78,321974
12554,0.000731,172.31.40.0-255,66,68082,78,321974
12555,0.000737,74.125.130.0-255,2902,70984,78,321974
12556,0.000739,172.31.40.0-255,66,71050,78,321974
12557,0.00077,74.125.130.0-255,1484,72534,78,321974
12558,0.000774,74.125.130.0-255,2902,75436,78,321974
12559,0.000776,172.31.40.0-255,66,75502,78,321974
12560,0.000787,74.125.130.0-255,1484,76986,78,321974
12561,0.000801,74.125.130.0-255,4320,81306,78,321974
12562,0.000804,172.31.40.0-255,66,81372,78,321974
12563,0.000807,74.125.130.0-255,1484,82856,78,321974
12564,0.000821,74.125.130.0-255,2902,85758,78,321974
12565,0.000824,172.31.40.0-255,66,85824,78,321974
12566,0.000842,74.125.130.0-255,2902,88726,78,321974
12567,0.000844,172.31.40.0-255,66,88792,78,321974
12568,0.000868,74.125.130.0-255,2902,91694,78,321974
12569,0.00087,172.31.40.0-255,66,91760,78,321974
12570,0.000873,74.125.130.0-255,1484,93244,78,321974
12571,0.000908,74.125.130.0-255,2902,96146,78,321974
12572,0.000911,172.31.40.0-255,66,96212,78,321974
12573,0.000933,74.125.130.0-255,5020,101232,78,321974
12574,0.000935,172.31.40.0-255,66,101298,78,321974
12575,0.000938,74.125.130.0-255,364,101662,78,321974
12576,0.001283,172.31.40.0-255,66,101728,78,321974
12577,0.001521,74.125.130.0-255,1484,103212,78,321974
12578,0.001528,74.125.130.0-255,1484,104696,78,321974
12579,0.001532,172.31.40.0-255,66,104762,78,321974
12580,0.001548,74.125.130.0-255,1484,106246,78,321974
12581,0.001553,74.125.130.0-255,4320,110566,78,321974
12582,0.001555,172.31.40.0-255,66,110632,78,321974
12583,0.00158,74.125.130.0-255,1484,112116,78,321974
12584,0.001586,74.125.130.0-255,4320,116436,78,321974
12585,0.001588,172.31.40.0-255,66,116502,78,321974
12586,0.001593,74.125.130.0-255,4320,120822,78,321974
12587,0.001595,172.31.40.0-255,66,120888,78,321974
12588,0.001611,74.125.130.0-255,1484,122372,78,321974
12589,0.001614,74.125.130.0-255,1484,123856,78,321974
12590,0.001616,172.31.40.0-255,66,123922,78,321974
12591,0.00165,172.31.40.0-255,66,123988,78,321974
12592,0.001653,74.125.130.0-255,2184,126172,78,321974
12593,0.001655,172.31.40.0-255,66,126238,78,321974
12594,0.00178,74.125.130.0-255,1484,127722,78,321974
12595,0.001792,74.125.130.0-255,2902,130624,78,321974
12596,0.001795,172.31.40.0-255,66,130690,78,321974
12597,0.001814,74.125.130.0-255,4320,135010,78,321974
12598,0.001816,172.31.40.0-255,66,135076,78,321974
12599,0.001844,74.125.130.0-255,1484,136560,78,321974
12600,0.00185,74.125.130.0-255,7156,143716,78,321974
12601,0.001852,172.31.40.0-255,66,143782,78,321974
12602,0.001857,74.125.130.0-255,4320,148102,78,321974
12603,0.001859,172.31.40.0-255,66,148168,78,321974
12604,0.001873,74.125.130.0-255,4320,152488,78,321974
12605,0.001875,172.31.40.0-255,66,152554,78,321974
12606,0.001898,172.31.40.0-255,66,152620,78,321974
12607,0.001957,74.125.130.0-255,1484,154104,78,321974
12608,0.001972,74.125.130.0-255,2902,157006,78,321974
12609,0.001975,172.31.40.0-255,66,157072,78,321974
12610,0.001978,74.125.130.0-255,1484,158556,78,321974
12611,0.001997,74.125.130.0-255,2902,161458,78,321974
12612,0.001999,172.31.40.0-255,66,161524,78,321974
12613,0.002012,74.125.130.0-255,2902,164426,78,321974
12614,0.002015,172.31.40.0-255,66,164492,78,321974
12615,0.002032,74.125.130.0-255,2902,167394,78,321974
12616,0.002034,172.31.40.0-255,66,167460,78,321974
12617,0.002039,74.125.130.0-255,2902,170362,78,321974
12618,0.002041,172.31.40.0-255,66,170428,78,321974
12619,0.002067,74.125.130.0-255,7156,177584,78,321974
12620,0.002069,172.31.40.0-255,66,177650,78,321974
12621,0.00209,74.125.130.0-255,5738,183388,78,321974
12622,0.002092,172.31.40.0-255,66,183454,78,321974
12623,0.002118,74.125.130.0-255,3602,187056,78,321974
12624,0.00212,172.31.40.0-255,66,187122,78,321974
12625,0.002182,74.125.130.0-255,1484,188606,78,321974
12626,0.002202,74.125.130.0-255,2902,191508,78,321974
12627,0.002204,172.31.40.0-255,66,191574,78,321974
12628,0.002207,74.125.130.0-255,1484,193058,78,321974
12629,0.002228,74.125.130.0-255,4320,197378,78,321974
12630,0.00223,172.31.40.0-255,66,197444,78,321974
12631,0.002242,74.125.130.0-255,4320,201764,78,321974
12632,0.002244,172.31.40.0-255,66,201830,78,321974
12633,0.002257,74.125.130.0-255,5738,207568,78,321974
12634,0.002259,172.31.40.0-255,66,207634,78,321974
12635,0.002262,74.125.130.0-255,1484,209118,78,321974
12636,0.002293,74.125.130.0-255,1484,210602,78,321974
12637,0.002296,74.125.130.0-255,2184,212786,78,321974
12638,0.002341,74.125.130.0-255,1484,214270,78,321974
12639,0.002351,74.125.130.0-255,1484,215754,78,321974
12640,0.002361,74.125.130.0-255,1484,217238,78,321974
12641,0.005577,172.31.40.0-255,66,217304,78,321974
12642,0.007935,74.125.130.0-255,5738,223042,78,321974
12643,0.007941,172.31.40.0-255,66,223108,78,321974
12644,0.010338,74.125.130.0-255,5738,228846,78,321974
12645,0.010345,172.31.40.0-255,66,228912,78,321974
12646,0.012683,74.125.130.0-255,5738,234650,78,321974
12647,0.01269,172.31.40.0-255,66,234716,78,321974
12648,0.015051,74.125.130.0-255,5738,240454,78,321974
12649,0.015058,172.31.40.0-255,66,240520,78,321974
12650,0.017415,74.125.130.0-255,5738,246258,78,321974
12651,0.017424,172.31.40.0-255,66,246324,78,321974
12652,0.01978,74.125.130.0-255,5738,252062,78,321974
12653,0.019787,172.31.40.0-255,66,252128,78,321974
12654,0.022139,74.125.130.0-255,5738,257866,78,321974
12655,0.022147,172.31.40.0-255,66,257932,78,321974
12656,0.024492,74.125.130.0-255,5738,263670,78,321974
12657,0.024499,172.31.40.0-255,66,263736,78,321974
12658,0.026846,74.125.130.0-255,5738,269474,78,321974
12659,0.026854,172.31.40.0-255,66,269540,78,321974
12660,0.029202,74.125.130.0-255,5738,275278,78,321974
12661,0.029207,172.31.40.0-255,66,275344,78,321974
12662,0.031575,74.125.130.0-255,5738,281082,78,321974
12663,0.031582,172.31.40.0-255,66,281148,78,321974
12664,0.033932,74.125.130.0-255,5738,286886,78,321974
12665,0.033939,172.31.40.0-255,66,286952,78,321974
12666,0.036291,74.125.130.0-255,5738,292690,78,321974
12667,0.036299,172.31.40.0-255,66,292756,78,321974
12668,0.038654,74.125.130.0-255,5738,298494,78,321974
12669,0.038663,172.31.40.0-255,66,298560,78,321974
12670,0.041031,74.125.130.0-255,1484,300044,78,321974
12671,0.04106,74.125.130.0-255,4320,304364,78,321974
12672,0.041066,172.31.40.0-255,66,304430,78,321974
12673,0.043424,74.125.130.0-255,5738,310168,78,321974
12674,0.043432,172.31.40.0-255,66,310234,78,321974
12675,0.045774,74.125.130.0-255,2902,313136,78,321974
12676,0.045779,172.31.40.0-255,66,313202,78,321974
12677,0.045806,74.125.130.0-255,2902,316104,78,321974
12678,0.045809,172.31.40.0-255,66,316170,78,321974
12679,0.048144,74.125.130.0-255,5738,321908,78,321974
12680,0.048153,172.31.40.0-255,66,321974,78,321974
12681,0.0,74.125.24.0-255,146,146,78,281757
12682,1.9e-05,172.31.40.0-255,66,212,78,281757
12683,2.7e-05,74.125.24.0-255,1484,1696,78,281757
12684,3.1e-05,172.31.40.0-255,66,1762,78,281757
12685,3.6e-05,74.125.24.0-255,2902,4664,78,281757
12686,4e-05,172.31.40.0-255,66,4730,78,281757
12687,4.6e-05,74.125.24.0-255,4320,9050,78,281757
12688,4.9e-05,172.31.40.0-255,66,9116,78,281757
12689,5.5e-05,74.125.24.0-255,4973,14089,78,281757
12690,5.9e-05,172.31.40.0-255,66,14155,78,281757
12691,9e-05,74.125.24.0-255,1484,15639,78,281757
12692,9.2e-05,172.31.40.0-255,66,15705,78,281757
12693,9.7e-05,74.125.24.0-255,2902,18607,78,281757
12694,9.9e-05,172.31.40.0-255,66,18673,78,281757
12695,0.000121,74.125.24.0-255,1484,20157,78,281757
12696,0.000124,172.31.40.0-255,66,20223,78,281757
12697,0.00015,74.125.24.0-255,4320,24543,78,281757
12698,0.000153,172.31.40.0-255,66,24609,78,281757
12699,0.00016,74.125.24.0-255,6797,31406,78,281757
12700,0.000163,172.31.40.0-255,66,31472,78,281757
12701,0.000286,74.125.24.0-255,1484,32956,78,281757
12702,0.00029,172.31.40.0-255,66,33022,78,281757
12703,0.000295,74.125.24.0-255,2902,35924,78,281757
12704,0.000298,172.31.40.0-255,66,35990,78,281757
12705,0.000324,74.125.24.0-255,5738,41728,78,281757
12706,0.000327,172.31.40.0-255,66,41794,78,281757
12707,0.000332,74.125.24.0-255,2902,44696,78,281757
12708,0.000334,172.31.40.0-255,66,44762,78,281757
12709,0.000362,172.31.40.0-255,66,44828,78,281757
12710,0.000392,74.125.24.0-255,7156,51984,78,281757
12711,0.000395,172.31.40.0-255,66,52050,78,281757
12712,0.000414,74.125.24.0-255,2841,54891,78,281757
12713,0.000416,172.31.40.0-255,66,54957,78,281757
12714,0.000419,74.125.24.0-255,380,55337,78,281757
12715,0.000736,74.125.24.0-255,1484,56821,78,281757
12716,0.000741,172.31.40.0-255,66,56887,78,281757
12717,0.000747,74.125.24.0-255,2902,59789,78,281757
12718,0.000749,172.31.40.0-255,66,59855,78,281757
12719,0.000751,74.125.24.0-255,1484,61339,78,281757
12720,0.000771,74.125.24.0-255,4320,65659,78,281757
12721,0.000774,172.31.40.0-255,66,65725,78,281757
12722,0.000779,74.125.24.0-255,4320,70045,78,281757
12723,0.000781,172.31.40.0-255,66,70111,78,281757
12724,0.000811,172.31.40.0-255,66,70177,78,281757
12725,0.000823,172.31.40.0-255,66,70243,78,281757
12726,0.000834,74.125.24.0-255,2184,72427,78,281757
12727,0.000837,172.31.40.0-255,66,72493,78,281757
12728,0.001393,74.125.24.0-255,1484,73977,78,281757
12729,0.001399,74.125.24.0-255,2902,76879,78,281757
12730,0.001403,172.31.40.0-255,66,76945,78,281757
12731,0.001409,74.125.24.0-255,4320,81265,78,281757
12732,0.001411,172.31.40.0-255,66,81331,78,281757
12733,0.001426,74.125.24.0-255,1484,82815,78,281757
12734,0.001439,74.125.24.0-255,2902,85717,78,281757
12735,0.001441,172.31.40.0-255,66,85783,78,281757
12736,0.001461,172.31.40.0-255,66,85849,78,281757
12737,0.001466,74.125.24.0-255,4320,90169,78,281757
12738,0.001468,172.31.40.0-255,66,90235,78,281757
12739,0.001504,74.125.24.0-255,6438,96673,78,281757
12740,0.001508,172.31.40.0-255,66,96739,78,281757
12741,0.001582,74.125.24.0-255,1484,98223,78,281757
12742,0.001588,74.125.24.0-255,2902,101125,78,281757
12743,0.001591,172.31.40.0-255,66,101191,78,281757
12744,0.001598,74.125.24.0-255,5738,106929,78,281757
12745,0.0016,172.31.40.0-255,66,106995,78,281757
12746,0.001641,172.31.40.0-255,66,107061,78,281757
12747,0.001664,172.31.40.0-255,66,107127,78,281757
12748,0.001708,74.125.24.0-255,1484,108611,78,281757
12749,0.001713,74.125.24.0-255,2902,111513,78,281757
12750,0.001716,172.31.40.0-255,66,111579,78,281757
12751,0.001722,74.125.24.0-255,5738,117317,78,281757
12752,0.001725,172.31.40.0-255,66,117383,78,281757
12753,0.001766,172.31.40.0-255,66,117449,78,281757
12754,0.001805,172.31.40.0-255,66,117515,78,281757
12755,0.001815,74.125.24.0-255,2184,119699,78,281757
12756,0.001839,172.31.40.0-255,66,119765,78,281757
12757,0.001877,74.125.24.0-255,1484,121249,78,281757
12758,0.001882,74.125.24.0-255,2902,124151,78,281757
12759,0.001889,172.31.40.0-255,66,124217,78,281757
12760,0.001907,74.125.24.0-255,5738,129955,78,281757
12761,0.001913,74.125.24.0-255,4320,134275,78,281757
12762,0.001928,74.125.24.0-255,1484,135759,78,281757
12763,0.001937,172.31.40.0-255,66,135825,78,281757
12764,0.001964,74.125.24.0-255,4320,140145,78,281757
12765,0.001973,172.31.40.0-255,66,140211,78,281757
12766,0.001983,74.125.24.0-255,3602,143813,78,281757
12767,0.00199,172.31.40.0-255,66,143879,78,281757
12768,0.002087,74.125.24.0-255,1484,145363,78,281757
12769,0.002092,74.125.24.0-255,2902,148265,78,281757
12770,0.002108,74.125.24.0-255,5738,154003,78,281757
12771,0.002116,172.31.40.0-255,66,154069,78,281757
12772,0.00421,74.125.24.0-255,5738,159807,78,281757
12773,0.004217,172.31.40.0-255,66,159873,78,281757
12774,0.006292,74.125.24.0-255,5738,165611,78,281757
12775,0.006295,172.31.40.0-255,66,165677,78,281757
12776,0.008398,74.125.24.0-255,5738,171415,78,281757
12777,0.008416,172.31.40.0-255,66,171481,78,281757
12778,0.010517,74.125.24.0-255,5738,177219,78,281757
12779,0.010531,172.31.40.0-255,66,177285,78,281757
12780,0.012626,74.125.24.0-255,5738,183023,78,281757
12781,0.012643,172.31.40.0-255,66,183089,78,281757
12782,0.01476,74.125.24.0-255,5738,188827,78,281757
12783,0.014775,172.31.40.0-255,66,188893,78,281757
12784,0.016856,74.125.24.0-255,5738,194631,78,281757
12785,0.016863,172.31.40.0-255,66,194697,78,281757
12786,0.018954,74.125.24.0-255,5738,200435,78,281757
12787,0.018962,172.31.40.0-255,66,200501,78,281757
12788,0.021049,74.125.24.0-255,5738,206239,78,281757
12789,0.021057,172.31.40.0-255,66,206305,78,281757
12790,0.023162,74.125.24.0-255,5738,212043,78,281757
12791,0.02317,172.31.40.0-255,66,212109,78,281757
12792,0.025284,74.125.24.0-255,5738,217847,78,281757
12793,0.025291,172.31.40.0-255,66,217913,78,281757
12794,0.027367,74.125.24.0-255,5738,223651,78,281757
12795,0.027375,172.31.40.0-255,66,223717,78,281757
12796,0.029484,74.125.24.0-255,5738,229455,78,281757
12797,0.0295,172.31.40.0-255,66,229521,78,281757
12798,0.031589,74.125.24.0-255,5738,235259,78,281757
12799,0.031595,172.31.40.0-255,66,235325,78,281757
12800,0.0337,74.125.24.0-255,5738,241063,78,281757
12801,0.033709,172.31.40.0-255,66,241129,78,281757
12802,0.035807,74.125.24.0-255,5738,246867,78,281757
12803,0.035822,172.31.40.0-255,66,246933,78,281757
12804,0.037912,74.125.24.0-255,5738,252671,78,281757
12805,0.037922,172.31.40.0-255,66,252737,78,281757
12806,0.040035,74.125.24.0-255,5738,258475,78,281757
12807,0.040048,172.31.40.0-255,66,258541,78,281757
12808,0.042139,74.125.24.0-255,5738,264279,78,281757
12809,0.042158,172.31.40.0-255,66,264345,78,281757
12810,0.04425,74.125.24.0-255,5738,270083,78,281757
12811,0.044259,172.31.40.0-255,66,270149,78,281757
12812,0.04634,74.125.24.0-255,5738,275887,78,281757
12813,0.046356,172.31.40.0-255,66,275953,78,281757
12814,0.048456,74.125.24.0-255,5738,281691,78,281757
12815,0.048464,172.31.40.0-255,66,281757,78,281757
12816,0.0,216.58.221.0-255,292,292,78,220517
12817,2.3e-05,172.31.40.0-255,66,358,78,220517
12818,2.9e-05,216.58.221.0-255,1484,1842,78,220517
12819,3.3e-05,172.31.40.0-255,66,1908,78,220517
12820,4e-05,216.58.221.0-255,4320,6228,78,220517
12821,4.3e-05,172.31.40.0-255,66,6294,78,220517
12822,8.6e-05,172.31.40.0-255,66,6360,78,220517
12823,0.000506,216.58.221.0-255,1484,7844,78,220517
12824,0.000512,172.31.40.0-255,66,7910,78,220517
12825,0.000518,216.58.221.0-255,2902,10812,78,220517
12826,0.00052,172.31.40.0-255,66,10878,78,220517
12827,0.000527,216.58.221.0-255,5738,16616,78,220517
12828,0.000529,172.31.40.0-255,66,16682,78,220517
12829,0.000543,216.58.221.0-255,4320,21002,78,220517
12830,0.000546,172.31.40.0-255,66,21068,78,220517
12831,0.00056,216.58.221.0-255,2543,23611,78,220517
12832,0.000563,172.31.40.0-255,66,23677,78,220517
12833,0.000648,216.58.221.0-255,1484,25161,78,220517
12834,0.000653,172.31.40.0-255,66,25227,78,220517
12835,0.000657,216.58.221.0-255,1484,26711,78,220517
12836,0.000659,172.31.40.0-255,66,26777,78,220517
12837,0.000675,216.58.221.0-255,1484,28261,78,220517
12838,0.000678,172.31.40.0-255,66,28327,78,220517
12839,0.000685,216.58.221.0-255,5738,34065,78,220517
12840,0.000687,172.31.40.0-255,66,34131,78,220517
12841,0.000694,216.58.221.0-255,6797,40928,78,220517
12842,0.000697,172.31.40.0-255,66,40994,78,220517
12843,0.000916,216.58.221.0-255,1484,42478,78,220517
12844,0.00092,172.31.40.0-255,66,42544,78,220517
12845,0.000925,216.58.221.0-255,2902,45446,78,220517
12846,0.000927,172.31.40.0-255,66,45512,78,220517
12847,0.000929,216.58.221.0-255,1484,46996,78,220517
12848,0.000953,216.58.221.0-255,4320,51316,78,220517
12849,0.000959,216.58.221.0-255,6797,58113,78,220517
12850,0.000975,216.58.221.0-255,391,58504,78,220517
12851,0.00098,172.31.40.0-255,66,58570,78,220517
12852,0.001673,216.58.221.0-255,118,58688,78,220517
12853,0.001877,216.58.221.0-255,1484,60172,78,220517
12854,0.001883,172.31.40.0-255,66,60238,78,220517
12855,0.001891,216.58.221.0-255,2902,63140,78,220517
12856,0.001897,216.58.221.0-255,5738,68878,78,220517
12857,0.001914,216.58.221.0-255,6797,75675,78,220517
12858,0.001919,216.58.221.0-255,2902,78577,78,220517
12859,0.001936,216.58.221.0-255,4320,82897,78,220517
12860,0.001966,216.58.221.0-255,5738,88635,78,220517
12861,0.00198,216.58.221.0-255,3961,92596,78,220517
12862,0.003781,172.31.40.0-255,66,92662,78,220517
12863,0.005751,216.58.221.0-255,5738,98400,78,220517
12864,0.005757,172.31.40.0-255,66,98466,78,220517
12865,0.007687,216.58.221.0-255,5738,104204,78,220517
12866,0.007692,172.31.40.0-255,66,104270,78,220517
12867,0.009635,216.58.221.0-255,5738,110008,78,220517
12868,0.009642,172.31.40.0-255,66,110074,78,220517
12869,0.009764,172.31.40.0-255,101,110175,78,220517
12870,0.011589,216.58.221.0-255,5738,115913,78,220517
12871,0.011634,172.31.40.0-255,66,115979,78,220517
12872,0.011662,216.58.221.0-255,66,116045,78,220517
12873,0.013573,216.58.221.0-255,5738,121783,78,220517
12874,0.013614,172.31.40.0-255,66,121849,78,220517
12875,0.015575,216.58.221.0-255,5738,127587,78,220517
12876,0.015582,172.31.40.0-255,66,127653,78,220517
12877,0.017519,216.58.221.0-255,5738,133391,78,220517
12878,0.017525,172.31.40.0-255,66,133457,78,220517
12879,0.019463,216.58.221.0-255,5738,139195,78,220517
12880,0.01947,172.31.40.0-255,66,139261,78,220517
12881,0.021409,216.58.221.0-255,5738,144999,78,220517
12882,0.021416,172.31.40.0-255,66,145065,78,220517
12883,0.023358,216.58.221.0-255,5738,150803,78,220517
12884,0.023364,172.31.40.0-255,66,150869,78,220517
12885,0.025303,216.58.221.0-255,5738,156607,78,220517
12886,0.02531,172.31.40.0-255,66,156673,78,220517
12887,0.027261,216.58.221.0-255,5738,162411,78,220517
12888,0.027268,172.31.40.0-255,66,162477,78,220517
12889,0.029211,216.58.221.0-255,5738,168215,78,220517
12890,0.029219,172.31.40.0-255,66,168281,78,220517
12891,0.031163,216.58.221.0-255,5738,174019,78,220517
12892,0.03117,172.31.40.0-255,66,174085,78,220517
12893,0.033123,216.58.221.0-255,5738,179823,78,220517
12894,0.035538,172.31.40.0-255,66,179889,78,220517
12895,0.037478,216.58.221.0-255,5738,185627,78,220517
12896,0.037489,172.31.40.0-255,66,185693,78,220517
12897,0.039472,216.58.221.0-255,5738,191431,78,220517
12898,0.039479,172.31.40.0-255,66,191497,78,220517
12899,0.041421,216.58.221.0-255,5738,197235,78,220517
12900,0.041428,172.31.40.0-255,66,197301,78,220517
12901,0.04337,216.58.221.0-255,5738,203039,78,220517
12902,0.043377,172.31.40.0-255,66,203105,78,220517
12903,0.045318,216.58.221.0-255,5738,208843,78,220517
12904,0.045325,172.31.40.0-255,66,208909,78,220517
12905,0.047275,216.58.221.0-255,5738,214647,78,220517
12906,0.047282,172.31.40.0-255,66,214713,78,220517
12907,0.049227,216.58.221.0-255,5738,220451,78,220517
12908,0.049234,172.31.40.0-255,66,220517,78,220517
12909,0.0,74.125.24.0-255,150,150,78,252102
12910,2.4e-05,172.31.40.0-255,66,216,78,252102
12911,3.1e-05,74.125.24.0-255,1484,1700,78,252102
12912,3.6e-05,172.31.40.0-255,66,1766,78,252102
12913,4.1e-05,74.125.24.0-255,2902,4668,78,252102
12914,4.4e-05,172.31.40.0-255,66,4734,78,252102
12915,5.1e-05,74.125.24.0-255,7156,11890,78,252102
12916,5.5e-05,172.31.40.0-255,66,11956,78,252102
12917,5.9e-05,74.125.24.0-255,2006,13962,78,252102
12918,6.2e-05,172.31.40.0-255,66,14028,78,252102
12919,8.5e-05,74.125.24.0-255,2902,16930,78,252102
12920,8.8e-05,172.31.40.0-255,66,16996,78,252102
12921,9.5e-05,74.125.24.0-255,5738,22734,78,252102
12922,9.7e-05,172.31.40.0-255,66,22800,78,252102
12923,0.000117,74.125.24.0-255,1484,24284,78,252102
12924,0.000119,172.31.40.0-255,66,24350,78,252102
12925,0.000149,74.125.24.0-255,1484,25834,78,252102
12926,0.000151,172.31.40.0-255,66,25900,78,252102
12927,0.00017,74.125.24.0-255,5379,31279,78,252102
12928,0.000172,172.31.40.0-255,66,31345,78,252102
12929,0.000179,74.125.24.0-255,7156,38501,78,252102
12930,0.000181,172.31.40.0-255,66,38567,78,252102
12931,0.000199,74.125.24.0-255,7156,45723,78,252102
12932,0.000201,172.31.40.0-255,66,45789,78,252102
12933,0.000255,74.125.24.0-255,2543,48332,78,252102
12934,0.000258,172.31.40.0-255,66,48398,78,252102
12935,0.0003,74.125.24.0-255,1484,49882,78,252102
12936,0.000303,172.31.40.0-255,66,49948,78,252102
12937,0.000308,74.125.24.0-255,2902,52850,78,252102
12938,0.00031,172.31.40.0-255,66,52916,78,252102
12939,0.000315,74.125.24.0-255,4320,57236,78,252102
12940,0.000317,172.31.40.0-255,66,57302,78,252102
12941,0.00034,74.125.24.0-255,1484,58786,78,252102
12942,0.000362,74.125.24.0-255,7121,65907,78,252102
12943,0.000365,172.31.40.0-255,66,65973,78,252102
12944,0.000422,74.125.24.0-255,1484,67457,78,252102
12945,0.000427,74.125.24.0-255,2902,70359,78,252102
12946,0.000429,172.31.40.0-255,66,70425,78,252102
12947,0.000463,74.125.24.0-255,4320,74745,78,252102
12948,0.000466,172.31.40.0-255,66,74811,78,252102
12949,0.00047,74.125.24.0-255,2902,77713,78,252102
12950,0.000473,172.31.40.0-255,66,77779,78,252102
12951,0.000486,74.125.24.0-255,2902,80681,78,252102
12952,0.000488,172.31.40.0-255,66,80747,78,252102
12953,0.000515,74.125.24.0-255,5738,86485,78,252102
12954,0.000518,172.31.40.0-255,66,86551,78,252102
12955,0.00054,74.125.24.0-255,6824,93375,78,252102
12956,0.000542,172.31.40.0-255,66,93441,78,252102
12957,0.000576,74.125.24.0-255,4320,97761,78,252102
12958,0.000579,172.31.40.0-255,66,97827,78,252102
12959,0.00059,74.125.24.0-255,2543,100370,78,252102
12960,0.000593,172.31.40.0-255,66,100436,78,252102
12961,0.000739,74.125.24.0-255,1484,101920,78,252102
12962,0.000753,74.125.24.0-255,2902,104822,78,252102
12963,0.000758,172.31.40.0-255,66,104888,78,252102
12964,0.000794,74.125.24.0-255,4320,109208,78,252102
12965,0.000797,172.31.40.0-255,66,109274,78,252102
12966,0.000821,74.125.24.0-255,1484,110758,78,252102
12967,0.000834,172.31.40.0-255,66,110824,78,252102
12968,0.000848,172.31.40.0-255,66,110890,78,252102
12969,0.000874,74.125.24.0-255,7156,118046,78,252102
12970,0.000877,172.31.40.0-255,66,118112,78,252102
12971,0.000901,74.125.24.0-255,5738,123850,78,252102
12972,0.000904,172.31.40.0-255,66,123916,78,252102
12973,0.000917,172.31.40.0-255,66,123982,78,252102
12974,0.000941,74.125.24.0-255,2902,126884,78,252102
12975,0.000944,172.31.40.0-255,66,126950,78,252102
12976,0.000951,74.125.24.0-255,6438,133388,78,252102
12977,0.000953,172.31.40.0-255,66,133454,78,252102
12978,0.003317,74.125.24.0-255,5738,139192,78,252102
12979,0.003325,172.31.40.0-255,66,139258,78,252102
12980,0.005654,74.125.24.0-255,4320,143578,78,252102
12981,0.005659,172.31.40.0-255,66,143644,78,252102
12982,0.005678,74.125.24.0-255,1484,145128,78,252102
12983,0.008031,74.125.24.0-255,4320,149448,78,252102
12984,0.008037,172.31.40.0-255,66,149514,78,252102
12985,0.010414,74.125.24.0-255,4320,153834,78,252102
12986,0.010421,172.31.40.0-255,66,153900,78,252102
12987,0.010441,74.125.24.0-255,1484,155384,78,252102
12988,0.012759,74.125.24.0-255,4320,159704,78,252102
12989,0.012766,172.31.40.0-255,66,159770,78,252102
12990,0.015168,74.125.24.0-255,5738,165508,78,252102
12991,0.015177,172.31.40.0-255,66,165574,78,252102
12992,0.017545,74.125.24.0-255,5738,171312,78,252102
12993,0.017555,172.31.40.0-255,66,171378,78,252102
12994,0.019899,74.125.24.0-255,5738,177116,78,252102
12995,0.019907,172.31.40.0-255,66,177182,78,252102
12996,0.022246,74.125.24.0-255,5738,182920,78,252102
12997,0.022252,172.31.40.0-255,66,182986,78,252102
12998,0.024613,74.125.24.0-255,5738,188724,78,252102
12999,0.024622,172.31.40.0-255,66,188790,78,252102
13000,0.026986,74.125.24.0-255,5738,194528,78,252102
13001,0.026995,172.31.40.0-255,66,194594,78,252102
13002,0.029363,74.125.24.0-255,5738,200332,78,252102
13003,0.029371,172.31.40.0-255,66,200398,78,252102
13004,0.031738,74.125.24.0-255,5738,206136,78,252102
13005,0.031748,172.31.40.0-255,66,206202,78,252102
13006,0.034107,74.125.24.0-255,5738,211940,78,252102
13007,0.034114,172.31.40.0-255,66,212006,78,252102
13008,0.034184,172.31.40.0-255,172,212178,78,252102
13009,0.034215,172.31.40.0-255,1108,213286,78,252102
13010,0.034332,172.31.40.0-255,1514,214800,78,252102
13011,0.034335,172.31.40.0-255,1514,216314,78,252102
13012,0.03436,172.31.40.0-255,700,217014,78,252102
13013,0.035704,104.244.42.0-255,66,217080,78,252102
13014,0.035755,104.244.42.0-255,66,217146,78,252102
13015,0.03589,104.244.42.0-255,66,217212,78,252102
13016,0.035896,104.244.42.0-255,66,217278,78,252102
13017,0.036469,74.125.24.0-255,5738,223016,78,252102
13018,0.036475,172.31.40.0-255,66,223082,78,252102
13019,0.03885,74.125.24.0-255,5738,228820,78,252102
13020,0.038867,172.31.40.0-255,66,228886,78,252102
13021,0.041238,74.125.24.0-255,5738,234624,78,252102
13022,0.041258,172.31.40.0-255,66,234690,78,252102
13023,0.043612,74.125.24.0-255,5738,240428,78,252102
13024,0.043622,172.31.40.0-255,66,240494,78,252102
13025,0.04597,74.125.24.0-255,5738,246232,78,252102
13026,0.045986,172.31.40.0-255,66,246298,78,252102
13027,0.048331,74.125.24.0-255,5738,252036,78,252102
13028,0.048345,172.31.40.0-255,66,252102,78,252102
13029,0.0,172.217.27.0-255,146,146,78,220900
13030,2.3e-05,172.31.40.0-255,66,212,78,220900
13031,3e-05,172.217.27.0-255,1484,1696,78,220900
13032,3.5e-05,172.31.40.0-255,66,1762,78,220900
13033,4.1e-05,172.217.27.0-255,2902,4664,78,220900
13034,4.4e-05,172.31.40.0-255,66,4730,78,220900
13035,5.2e-05,172.217.27.0-255,7156,11886,78,220900
13036,5.5e-05,172.31.40.0-255,66,11952,78,220900
13037,5.9e-05,172.217.27.0-255,2125,14077,78,220900
13038,6.1e-05,172.31.40.0-255,66,14143,78,220900
13039,0.000299,172.217.27.0-255,1484,15627,78,220900
13040,0.000304,172.31.40.0-255,66,15693,78,220900
13041,0.00031,172.217.27.0-255,2902,18595,78,220900
13042,0.000313,172.31.40.0-255,66,18661,78,220900
13043,0.000318,172.217.27.0-255,2902,21563,78,220900
13044,0.00032,172.31.40.0-255,66,21629,78,220900
13045,0.000347,172.217.27.0-255,2902,24531,78,220900
13046,0.000349,172.31.40.0-255,66,24597,78,220900
13047,0.000357,172.217.27.0-255,6797,31394,78,220900
13048,0.000359,172.31.40.0-255,66,31460,78,220900
13049,0.000798,172.217.27.0-255,1484,32944,78,220900
13050,0.000804,172.31.40.0-255,66,33010,78,220900
13051,0.000813,172.217.27.0-255,2902,35912,78,220900
13052,0.000815,172.31.40.0-255,66,35978,78,220900
13053,0.000821,172.217.27.0-255,4320,40298,78,220900
13054,0.000823,172.31.40.0-255,66,40364,78,220900
13055,0.000857,172.31.40.0-255,66,40430,78,220900
13056,0.000865,172.217.27.0-255,7156,47586,78,220900
13057,0.000867,172.31.40.0-255,66,47652,78,220900
13058,0.000889,172.217.27.0-255,1484,49136,78,220900
13059,0.000892,172.31.40.0-255,66,49202,78,220900
13060,0.000904,172.31.40.0-255,66,49268,78,220900
13061,0.000924,172.217.27.0-255,395,49663,78,220900
13062,0.002525,172.217.27.0-255,4320,53983,78,220900
13063,0.002532,172.31.40.0-255,66,54049,78,220900
13064,0.004149,172.217.27.0-255,5738,59787,78,220900
13065,0.004153,172.31.40.0-255,66,59853,78,220900
13066,0.005786,172.217.27.0-255,5738,65591,78,220900
13067,0.005794,172.31.40.0-255,66,65657,78,220900
13068,0.007426,172.217.27.0-255,5738,71395,78,220900
13069,0.007434,172.31.40.0-255,66,71461,78,220900
13070,0.009068,172.217.27.0-255,5738,77199,78,220900
13071,0.009076,172.31.40.0-255,66,77265,78,220900
13072,0.010713,172.217.27.0-255,5738,83003,78,220900
13073,0.01072,172.31.40.0-255,66,83069,78,220900
13074,0.012348,172.217.27.0-255,5738,88807,78,220900
13075,0.012355,172.31.40.0-255,66,88873,78,220900
13076,0.012451,172.31.40.0-255,101,88974,78,220900
13077,0.013988,172.217.27.0-255,5738,94712,78,220900
13078,0.013995,172.31.40.0-255,66,94778,78,220900
13079,0.01403,172.217.27.0-255,66,94844,78,220900
13080,0.015636,172.217.27.0-255,5738,100582,78,220900
13081,0.015642,172.31.40.0-255,66,100648,78,220900
13082,0.017273,172.217.27.0-255,5738,106386,78,220900
13083,0.01728,172.31.40.0-255,66,106452,78,220900
13084,0.018912,172.217.27.0-255,5738,112190,78,220900
13085,0.018919,172.31.40.0-255,66,112256,78,220900
13086,0.020546,172.217.27.0-255,5738,117994,78,220900
13087,0.020553,172.31.40.0-255,66,118060,78,220900
13088,0.022195,172.217.27.0-255,5738,123798,78,220900
13089,0.0222,172.31.40.0-255,66,123864,78,220900
13090,0.023843,172.217.27.0-255,5738,129602,78,220900
13091,0.02385,172.31.40.0-255,66,129668,78,220900
13092,0.025118,172.31.40.0-255,171,129839,78,220900
13093,0.025476,172.217.27.0-255,5738,135577,78,220900
13094,0.025482,172.31.40.0-255,66,135643,78,220900
13095,0.026071,172.31.40.0-255,1127,136770,78,220900
13096,0.02619,172.31.40.0-255,1514,138284,78,220900
13097,0.026192,172.31.40.0-255,1162,139446,78,220900
13098,0.026655,104.244.42.0-255,66,139512,78,220900
13099,0.027148,172.217.27.0-255,5738,145250,78,220900
13100,0.027154,172.31.40.0-255,66,145316,78,220900
13101,0.027635,104.244.42.0-255,66,145382,78,220900
13102,0.027728,104.244.42.0-255,66,145448,78,220900
13103,0.028792,172.217.27.0-255,5738,151186,78,220900
13104,0.028798,172.31.40.0-255,66,151252,78,220900
13105,0.030437,172.217.27.0-255,5738,156990,78,220900
13106,0.030443,172.31.40.0-255,66,157056,78,220900
13107,0.032074,172.217.27.0-255,5738,162794,78,220900
13108,0.03208,172.31.40.0-255,66,162860,78,220900
13109,0.033707,172.217.27.0-255,5738,168598,78,220900
13110,0.033712,172.31.40.0-255,66,168664,78,220900
13111,0.035364,172.217.27.0-255,5738,174402,78,220900
13112,0.03537,172.31.40.0-255,66,174468,78,220900
13113,0.037003,172.217.27.0-255,5738,180206,78,220900
13114,0.03701,172.31.40.0-255,66,180272,78,220900
13115,0.038648,172.217.27.0-255,5738,186010,78,220900
13116,0.038654,172.31.40.0-255,66,186076,78,220900
13117,0.040309,172.217.27.0-255,5738,191814,78,220900
13118,0.040315,172.31.40.0-255,66,191880,78,220900
13119,0.04196,172.217.27.0-255,5738,197618,78,220900
13120,0.041967,172.31.40.0-255,66,197684,78,220900
13121,0.043609,172.217.27.0-255,5738,203422,78,220900
13122,0.043614,172.31.40.0-255,66,203488,78,220900
13123,0.045259,172.217.27.0-255,5738,209226,78,220900
13124,0.045265,172.31.40.0-255,66,209292,78,220900
13125,0.04693,172.217.27.0-255,5738,215030,78,220900
13126,0.046936,172.31.40.0-255,66,215096,78,220900
13127,0.048572,172.217.27.0-255,5738,220834,78,220900
13128,0.048578,172.31.40.0-255,66,220900,78,220900
13129,0.0,172.31.40.0-255,105,105,78,255674
13130,0.001794,157.240.24.0-255,105,210,78,255674
13131,0.001808,172.31.40.0-255,66,276,78,255674
13132,0.043412,172.253.118.0-255,147,423,78,255674
13133,0.043427,172.31.40.0-255,66,489,78,255674
13134,0.043434,172.253.118.0-255,1484,1973,78,255674
13135,0.043438,172.31.40.0-255,66,2039,78,255674
13136,0.043443,172.253.118.0-255,2902,4941,78,255674
13137,0.043452,172.31.40.0-255,66,5007,78,255674
13138,0.043456,172.253.118.0-255,1484,6491,78,255674
13139,0.043458,172.31.40.0-255,66,6557,78,255674
13140,0.043493,172.253.118.0-255,5738,12295,78,255674
13141,0.043497,172.31.40.0-255,66,12361,78,255674
13142,0.043543,172.31.40.0-255,66,12427,78,255674
13143,0.043555,172.31.40.0-255,66,12493,78,255674
13144,0.043759,172.253.118.0-255,1484,13977,78,255674
13145,0.043764,172.31.40.0-255,66,14043,78,255674
13146,0.04377,172.253.118.0-255,2902,16945,78,255674
13147,0.043772,172.31.40.0-255,66,17011,78,255674
13148,0.043808,172.253.118.0-255,5738,22749,78,255674
13149,0.043811,172.31.40.0-255,66,22815,78,255674
13150,0.043823,172.31.40.0-255,66,22881,78,255674
13151,0.043853,172.253.118.0-255,2543,25424,78,255674
13152,0.043857,172.31.40.0-255,66,25490,78,255674
13153,0.043864,172.253.118.0-255,7156,32646,78,255674
13154,0.043867,172.31.40.0-255,66,32712,78,255674
13155,0.043871,172.253.118.0-255,2543,35255,78,255674
13156,0.043873,172.31.40.0-255,66,35321,78,255674
13157,0.043913,172.253.118.0-255,363,35684,78,255674
13158,0.043916,172.31.40.0-255,66,35750,78,255674
13159,0.043945,172.253.118.0-255,381,36131,78,255674
13160,0.043948,172.31.40.0-255,66,36197,78,255674
13161,0.044106,172.253.118.0-255,1484,37681,78,255674
13162,0.044113,172.253.118.0-255,2902,40583,78,255674
13163,0.044121,172.253.118.0-255,5738,46321,78,255674
13164,0.044135,172.31.40.0-255,66,46387,78,255674
13165,0.044147,172.253.118.0-255,2902,49289,78,255674
13166,0.044167,172.253.118.0-255,3961,53250,78,255674
13167,0.044181,172.31.40.0-255,66,53316,78,255674
13168,0.044209,172.253.118.0-255,5738,59054,78,255674
13169,0.044222,172.31.40.0-255,66,59120,78,255674
13170,0.044231,172.253.118.0-255,2902,62022,78,255674
13171,0.044239,172.31.40.0-255,66,62088,78,255674
13172,0.044271,172.253.118.0-255,4320,66408,78,255674
13173,0.044276,172.253.118.0-255,3961,70369,78,255674
13174,0.044302,172.31.40.0-255,66,70435,78,255674
13175,0.044446,172.253.118.0-255,1484,71919,78,255674
13176,0.044467,172.253.118.0-255,2902,74821,78,255674
13177,0.044473,172.253.118.0-255,5738,80559,78,255674
13178,0.04448,172.253.118.0-255,5738,86297,78,255674
13179,0.044486,172.31.40.0-255,66,86363,78,255674
13180,0.044503,172.253.118.0-255,7156,93519,78,255674
13181,0.044539,172.31.40.0-255,66,93585,78,255674
13182,0.04456,172.253.118.0-255,1484,95069,78,255674
13183,0.044597,172.253.118.0-255,1484,96553,78,255674
13184,0.044611,172.253.118.0-255,1484,98037,78,255674
13185,0.044618,172.253.118.0-255,5738,103775,78,255674
13186,0.044626,172.253.118.0-255,7156,110931,78,255674
13187,0.044631,172.31.40.0-255,66,110997,78,255674
13188,0.044642,172.253.118.0-255,1484,112481,78,255674
13189,0.044689,172.253.118.0-255,2902,115383,78,255674
13190,0.044699,172.31.40.0-255,66,115449,78,255674
13191,0.044728,172.253.118.0-255,7156,122605,78,255674
13192,0.044751,172.31.40.0-255,66,122671,78,255674
13193,0.044774,172.253.118.0-255,7156,129827,78,255674
13194,0.044788,172.253.118.0-255,2902,132729,78,255674
13195,0.044794,172.31.40.0-255,66,132795,78,255674
13196,0.044821,172.253.118.0-255,7156,139951,78,255674
13197,0.044846,172.253.118.0-255,1484,141435,78,255674
13198,0.04485,172.253.118.0-255,2902,144337,78,255674
13199,0.044858,172.31.40.0-255,66,144403,78,255674
13200,0.04487,172.253.118.0-255,5738,150141,78,255674
13201,0.044883,172.253.118.0-255,7156,157297,78,255674
13202,0.044896,172.253.118.0-255,1484,158781,78,255674
13203,0.044924,172.31.40.0-255,66,158847,78,255674
13204,0.044951,172.253.118.0-255,1484,160331,78,255674
13205,0.044958,172.253.118.0-255,5020,165351,78,255674
13206,0.044967,172.31.40.0-255,66,165417,78,255674
13207,0.045107,172.253.118.0-255,1484,166901,78,255674
13208,0.045121,172.253.118.0-255,2902,169803,78,255674
13209,0.045143,172.253.118.0-255,5738,175541,78,255674
13210,0.045149,172.31.40.0-255,66,175607,78,255674
13211,0.045186,172.253.118.0-255,7156,182763,78,255674
13212,0.045223,172.31.40.0-255,66,182829,78,255674
13213,0.045234,172.253.118.0-255,2184,185013,78,255674
13214,0.045271,172.31.40.0-255,66,185079,78,255674
13215,0.045303,172.253.118.0-255,1484,186563,78,255674
13216,0.045308,172.253.118.0-255,2902,189465,78,255674
13217,0.045311,172.253.118.0-255,1484,190949,78,255674
13218,0.045324,172.31.40.0-255,66,191015,78,255674
13219,0.045327,172.253.118.0-255,1484,192499,78,255674
13220,0.045352,172.253.118.0-255,4320,196819,78,255674
13221,0.045355,172.253.118.0-255,1484,198303,78,255674
13222,0.045375,172.253.118.0-255,4320,202623,78,255674
13223,0.045379,172.253.118.0-255,1484,204107,78,255674
13224,0.045385,172.31.40.0-255,66,204173,78,255674
13225,0.045416,172.253.118.0-255,1484,205657,78,255674
13226,0.045434,172.253.118.0-255,3602,209259,78,255674
13227,0.045437,172.31.40.0-255,66,209325,78,255674
13228,0.045442,172.31.40.0-255,66,209391,78,255674
13229,0.045464,172.253.118.0-255,1484,210875,78,255674
13230,0.045468,172.253.118.0-255,2902,213777,78,255674
13231,0.045473,172.253.118.0-255,2902,216679,78,255674
13232,0.045493,172.31.40.0-255,66,216745,78,255674
13233,0.045497,172.253.118.0-255,2902,219647,78,255674
13234,0.045546,172.31.40.0-255,66,219713,78,255674
13235,0.045571,172.253.118.0-255,5738,225451,78,255674
13236,0.045577,172.253.118.0-255,5020,230471,78,255674
13237,0.045604,172.31.40.0-255,66,230537,78,255674
13238,0.045635,172.253.118.0-255,4320,234857,78,255674
13239,0.045639,172.253.118.0-255,4320,239177,78,255674
13240,0.04566,172.253.118.0-255,1484,240661,78,255674
13241,0.045663,172.253.118.0-255,1484,242145,78,255674
13242,0.045669,172.31.40.0-255,66,242211,78,255674
13243,0.045724,172.31.40.0-255,66,242277,78,255674
13244,0.045759,172.253.118.0-255,1484,243761,78,255674
13245,0.045763,172.253.118.0-255,1484,245245,78,255674
13246,0.045776,172.253.118.0-255,1484,246729,78,255674
13247,0.045784,172.31.40.0-255,66,246795,78,255674
13248,0.045804,172.253.118.0-255,5738,252533,78,255674
13249,0.045833,172.253.118.0-255,2873,255406,78,255674
13250,0.045836,172.253.118.0-255,97,255503,78,255674
13251,0.045851,172.31.40.0-255,66,255569,78,255674
13252,0.04802,172.253.118.0-255,105,255674,78,255674
13253,0.0,74.125.130.0-255,153,153,78,205629
13254,3.1e-05,172.31.40.0-255,66,219,78,205629
13255,3.9e-05,74.125.130.0-255,1484,1703,78,205629
13256,4.3e-05,172.31.40.0-255,66,1769,78,205629
13257,4.9e-05,74.125.130.0-255,2902,4671,78,205629
13258,5.2e-05,172.31.40.0-255,66,4737,78,205629
13259,8.1e-05,74.125.130.0-255,5738,10475,78,205629
13260,8.4e-05,172.31.40.0-255,66,10541,78,205629
13261,0.000173,74.125.130.0-255,2902,13443,78,205629
13262,0.000177,172.31.40.0-255,66,13509,78,205629
13263,0.0002,74.125.130.0-255,703,14212,78,205629
13264,0.000202,172.31.40.0-255,66,14278,78,205629
13265,0.000733,74.125.130.0-255,1484,15762,78,205629
13266,0.00074,172.31.40.0-255,66,15828,78,205629
13267,0.000763,74.125.130.0-255,2902,18730,78,205629
13268,0.000766,172.31.40.0-255,66,18796,78,205629
13269,0.000794,74.125.130.0-255,5738,24534,78,205629
13270,0.000796,172.31.40.0-255,66,24600,78,205629
13271,0.000865,74.125.130.0-255,1484,26084,78,205629
13272,0.00087,172.31.40.0-255,66,26150,78,205629
13273,0.000888,74.125.130.0-255,1484,27634,78,205629
13274,0.000891,172.31.40.0-255,66,27700,78,205629
13275,0.000912,74.125.130.0-255,3961,31661,78,205629
13276,0.000916,172.31.40.0-255,66,31727,78,205629
13277,0.000994,172.31.40.0-255,66,31793,78,205629
13278,0.00114,74.125.130.0-255,7156,38949,78,205629
13279,0.001146,172.31.40.0-255,66,39015,78,205629
13280,0.001165,74.125.130.0-255,7156,46171,78,205629
13281,0.001168,172.31.40.0-255,66,46237,78,205629
13282,0.001373,74.125.130.0-255,4320,50557,78,205629
13283,0.00138,172.31.40.0-255,66,50623,78,205629
13284,0.001404,74.125.130.0-255,6438,57061,78,205629
13285,0.001524,74.125.130.0-255,414,57475,78,205629
13286,0.001547,74.125.130.0-255,2902,60377,78,205629
13287,0.001763,74.125.130.0-255,4320,64697,78,205629
13288,0.001779,74.125.130.0-255,1484,66181,78,205629
13289,0.001871,74.125.130.0-255,7156,73337,78,205629
13290,0.002112,74.125.130.0-255,1484,74821,78,205629
13291,0.002472,74.125.130.0-255,5738,80559,78,205629
13292,0.004125,172.31.40.0-255,66,80625,78,205629
13293,0.006119,74.125.130.0-255,5738,86363,78,205629
13294,0.006127,172.31.40.0-255,66,86429,78,205629
13295,0.008125,74.125.130.0-255,5738,92167,78,205629
13296,0.008779,172.31.40.0-255,66,92233,78,205629
13297,0.010758,74.125.130.0-255,2902,95135,78,205629
13298,0.010766,172.31.40.0-255,66,95201,78,205629
13299,0.010788,74.125.130.0-255,2902,98103,78,205629
13300,0.010824,172.31.40.0-255,66,98169,78,205629
13301,0.012761,74.125.130.0-255,2902,101071,78,205629
13302,0.012768,172.31.40.0-255,66,101137,78,205629
13303,0.0128,74.125.130.0-255,2902,104039,78,205629
13304,0.012822,172.31.40.0-255,66,104105,78,205629
13305,0.014757,74.125.130.0-255,2902,107007,78,205629
13306,0.014764,172.31.40.0-255,66,107073,78,205629
13307,0.0148,74.125.130.0-255,2902,109975,78,205629
13308,0.014819,172.31.40.0-255,66,110041,78,205629
13309,0.016751,74.125.130.0-255,2902,112943,78,205629
13310,0.016758,172.31.40.0-255,66,113009,78,205629
13311,0.016792,74.125.130.0-255,2902,115911,78,205629
13312,0.01682,172.31.40.0-255,66,115977,78,205629
13313,0.018752,74.125.130.0-255,2902,118879,78,205629
13314,0.01876,172.31.40.0-255,66,118945,78,205629
13315,0.018792,74.125.130.0-255,2902,121847,78,205629
13316,0.018823,172.31.40.0-255,66,121913,78,205629
13317,0.020756,74.125.130.0-255,2902,124815,78,205629
13318,0.020764,172.31.40.0-255,66,124881,78,205629
13319,0.020809,74.125.130.0-255,2902,127783,78,205629
13320,0.020868,172.31.40.0-255,66,127849,78,205629
13321,0.022635,172.31.40.0-255,172,128021,78,205629
13322,0.022668,172.31.40.0-255,1103,129124,78,205629
13323,0.022737,172.31.40.0-255,1514,130638,78,205629
13324,0.022739,172.31.40.0-255,1187,131825,78,205629
13325,0.022746,74.125.130.0-255,2902,134727,78,205629
13326,0.022751,172.31.40.0-255,66,134793,78,205629
13327,0.022847,74.125.130.0-255,2902,137695,78,205629
13328,0.022863,172.31.40.0-255,66,137761,78,205629
13329,0.024178,104.244.42.0-255,66,137827,78,205629
13330,0.024186,104.244.42.0-255,66,137893,78,205629
13331,0.024269,104.244.42.0-255,66,137959,78,205629
13332,0.024744,74.125.130.0-255,2902,140861,78,205629
13333,0.024751,172.31.40.0-255,66,140927,78,205629
13334,0.024838,74.125.130.0-255,2902,143829,78,205629
13335,0.025081,172.31.40.0-255,66,143895,78,205629
13336,0.026749,74.125.130.0-255,2902,146797,78,205629
13337,0.026756,172.31.40.0-255,66,146863,78,205629
13338,0.027066,74.125.130.0-255,2902,149765,78,205629
13339,0.027072,172.31.40.0-255,66,149831,78,205629
13340,0.028758,74.125.130.0-255,2902,152733,78,205629
13341,0.028764,172.31.40.0-255,66,152799,78,205629
13342,0.029066,74.125.130.0-255,2902,155701,78,205629
13343,0.029073,172.31.40.0-255,66,155767,78,205629
13344,0.030771,74.125.130.0-255,2902,158669,78,205629
13345,0.030777,172.31.40.0-255,66,158735,78,205629
13346,0.031056,74.125.130.0-255,2902,161637,78,205629
13347,0.031062,172.31.40.0-255,66,161703,78,205629
13348,0.032769,74.125.130.0-255,2902,164605,78,205629
13349,0.032776,172.31.40.0-255,66,164671,78,205629
13350,0.033038,74.125.130.0-255,2902,167573,78,205629
13351,0.033044,172.31.40.0-255,66,167639,78,205629
13352,0.034764,74.125.130.0-255,2902,170541,78,205629
13353,0.034771,172.31.40.0-255,66,170607,78,205629
13354,0.035017,74.125.130.0-255,2902,173509,78,205629
13355,0.035024,172.31.40.0-255,66,173575,78,205629
13356,0.036768,74.125.130.0-255,2902,176477,78,205629
13357,0.036774,172.31.40.0-255,66,176543,78,205629
13358,0.037012,74.125.130.0-255,2902,179445,78,205629
13359,0.038773,74.125.130.0-255,2902,182347,78,205629
13360,0.040127,172.31.40.0-255,66,182413,78,205629
13361,0.04214,74.125.130.0-255,5738,188151,78,205629
13362,0.042152,172.31.40.0-255,66,188217,78,205629
13363,0.044148,74.125.130.0-255,5738,193955,78,205629
13364,0.044154,172.31.40.0-255,66,194021,78,205629
13365,0.046161,74.125.130.0-255,5738,199759,78,205629
13366,0.046167,172.31.40.0-255,66,199825,78,205629
13367,0.048175,74.125.130.0-255,5738,205563,78,205629
13368,0.048184,172.31.40.0-255,66,205629,78,205629
13369,0.0,172.217.194.0-255,297,297,78,253862
13370,2.3e-05,172.31.40.0-255,66,363,78,253862
13371,3e-05,172.217.194.0-255,1484,1847,78,253862
13372,3.4e-05,172.31.40.0-255,66,1913,78,253862
13373,4.8e-05,172.217.194.0-255,4320,6233,78,253862
13374,5.1e-05,172.31.40.0-255,66,6299,78,253862
13375,6.3e-05,172.31.40.0-255,66,6365,78,253862
13376,0.00032,172.217.194.0-255,1484,7849,78,253862
13377,0.000325,172.31.40.0-255,66,7915,78,253862
13378,0.000332,172.217.194.0-255,2902,10817,78,253862
13379,0.000334,172.31.40.0-255,66,10883,78,253862
13380,0.000346,172.217.194.0-255,5738,16621,78,253862
13381,0.000349,172.31.40.0-255,66,16687,78,253862
13382,0.000352,172.217.194.0-255,1484,18171,78,253862
13383,0.000354,172.31.40.0-255,66,18237,78,253862
13384,0.000404,172.217.194.0-255,5379,23616,78,253862
13385,0.000407,172.31.40.0-255,66,23682,78,253862
13386,0.00052,172.217.194.0-255,1484,25166,78,253862
13387,0.000523,172.31.40.0-255,66,25232,78,253862
13388,0.000527,172.217.194.0-255,2902,28134,78,253862
13389,0.00053,172.31.40.0-255,66,28200,78,253862
13390,0.000559,172.217.194.0-255,5738,33938,78,253862
13391,0.000561,172.31.40.0-255,66,34004,78,253862
13392,0.000573,172.217.194.0-255,6797,40801,78,253862
13393,0.000575,172.31.40.0-255,66,40867,78,253862
13394,0.001071,172.217.194.0-255,1484,42351,78,253862
13395,0.001074,172.31.40.0-255,66,42417,78,253862
13396,0.001079,172.217.194.0-255,2902,45319,78,253862
13397,0.001081,172.31.40.0-255,66,45385,78,253862
13398,0.001099,172.217.194.0-255,5738,51123,78,253862
13399,0.001102,172.31.40.0-255,66,51189,78,253862
13400,0.001113,172.217.194.0-255,5738,56927,78,253862
13401,0.001115,172.31.40.0-255,66,56993,78,253862
13402,0.001154,172.217.194.0-255,1125,58118,78,253862
13403,0.001181,172.217.194.0-255,1484,59602,78,253862
13404,0.001183,172.31.40.0-255,66,59668,78,253862
13405,0.001222,172.217.194.0-255,2902,62570,78,253862
13406,0.001224,172.31.40.0-255,66,62636,78,253862
13407,0.001258,172.217.194.0-255,1484,64120,78,253862
13408,0.001265,172.217.194.0-255,5738,69858,78,253862
13409,0.001267,172.31.40.0-255,66,69924,78,253862
13410,0.001286,172.31.40.0-255,66,69990,78,253862
13411,0.001299,172.31.40.0-255,66,70056,78,253862
13412,0.001675,172.217.194.0-255,1484,71540,78,253862
13413,0.001682,172.217.194.0-255,2902,74442,78,253862
13414,0.001685,172.31.40.0-255,66,74508,78,253862
13415,0.0017,172.217.194.0-255,5738,80246,78,253862
13416,0.001707,172.31.40.0-255,66,80312,78,253862
13417,0.001713,172.217.194.0-255,4320,84632,78,253862
13418,0.001715,172.31.40.0-255,66,84698,78,253862
13419,0.001738,172.217.194.0-255,2902,87600,78,253862
13420,0.00174,172.31.40.0-255,66,87666,78,253862
13421,0.001756,172.31.40.0-255,66,87732,78,253862
13422,0.001764,172.217.194.0-255,2184,89916,78,253862
13423,0.001767,172.31.40.0-255,66,89982,78,253862
13424,0.001854,172.217.194.0-255,1484,91466,78,253862
13425,0.001861,172.217.194.0-255,2902,94368,78,253862
13426,0.001864,172.31.40.0-255,66,94434,78,253862
13427,0.001869,172.217.194.0-255,2902,97336,78,253862
13428,0.001871,172.31.40.0-255,66,97402,78,253862
13429,0.001896,172.217.194.0-255,2902,100304,78,253862
13430,0.001899,172.31.40.0-255,66,100370,78,253862
13431,0.001913,172.31.40.0-255,66,100436,78,253862
13432,0.001917,172.217.194.0-255,2902,103338,78,253862
13433,0.00192,172.31.40.0-255,66,103404,78,253862
13434,0.001972,172.31.40.0-255,66,103470,78,253862
13435,0.001986,172.31.40.0-255,66,103536,78,253862
13436,0.001991,172.217.194.0-255,4320,107856,78,253862
13437,0.001993,172.31.40.0-255,66,107922,78,253862
13438,0.002025,172.31.40.0-255,66,107988,78,253862
13439,0.002037,172.31.40.0-255,66,108054,78,253862
13440,0.00206,172.217.194.0-255,4320,112374,78,253862
13441,0.002063,172.31.40.0-255,66,112440,78,253862
13442,0.002105,172.217.194.0-255,5738,118178,78,253862
13443,0.002109,172.31.40.0-255,66,118244,78,253862
13444,0.00212,172.31.40.0-255,66,118310,78,253862
13445,0.002149,172.31.40.0-255,66,118376,78,253862
13446,0.002178,172.217.194.0-255,2184,120560,78,253862
13447,0.002181,172.31.40.0-255,66,120626,78,253862
13448,0.002213,172.217.194.0-255,1484,122110,78,253862
13449,0.002227,172.217.194.0-255,2902,125012,78,253862
13450,0.002231,172.31.40.0-255,66,125078,78,253862
13451,0.002263,172.217.194.0-255,5738,130816,78,253862
13452,0.002266,172.31.40.0-255,66,130882,78,253862
13453,0.002291,172.31.40.0-255,66,130948,78,253862
13454,0.002303,172.31.40.0-255,66,131014,78,253862
13455,0.002305,172.217.194.0-255,766,131780,78,253862
13456,0.002373,172.217.194.0-255,1484,133264,78,253862
13457,0.002376,172.31.40.0-255,66,133330,78,253862
13458,0.002382,172.217.194.0-255,4320,137650,78,253862
13459,0.002385,172.31.40.0-255,66,137716,78,253862
13460,0.004674,172.217.194.0-255,1484,139200,78,253862
13461,0.004708,172.217.194.0-255,4320,143520,78,253862
13462,0.004715,172.31.40.0-255,66,143586,78,253862
13463,0.007047,172.217.194.0-255,5738,149324,78,253862
13464,0.007066,172.31.40.0-255,66,149390,78,253862
13465,0.009413,172.217.194.0-255,5738,155128,78,253862
13466,0.009429,172.31.40.0-255,66,155194,78,253862
13467,0.011768,172.217.194.0-255,5738,160932,78,253862
13468,0.011787,172.31.40.0-255,66,160998,78,253862
13469,0.014131,172.217.194.0-255,5738,166736,78,253862
13470,0.01415,172.31.40.0-255,66,166802,78,253862
13471,0.01648,172.217.194.0-255,5738,172540,78,253862
13472,0.016487,172.31.40.0-255,66,172606,78,253862
13473,0.018818,172.217.194.0-255,5738,178344,78,253862
13474,0.018832,172.31.40.0-255,66,178410,78,253862
13475,0.021145,172.217.194.0-255,5738,184148,78,253862
13476,0.021164,172.31.40.0-255,66,184214,78,253862
13477,0.023477,172.217.194.0-255,5738,189952,78,253862
13478,0.023493,172.31.40.0-255,66,190018,78,253862
13479,0.025829,172.217.194.0-255,5738,195756,78,253862
13480,0.025847,172.31.40.0-255,66,195822,78,253862
13481,0.028175,172.217.194.0-255,5738,201560,78,253862
13482,0.028191,172.31.40.0-255,66,201626,78,253862
13483,0.030537,172.217.194.0-255,5738,207364,78,253862
13484,0.030556,172.31.40.0-255,66,207430,78,253862
13485,0.032888,172.217.194.0-255,5738,213168,78,253862
13486,0.032906,172.31.40.0-255,66,213234,78,253862
13487,0.035238,172.217.194.0-255,5738,218972,78,253862
13488,0.035257,172.31.40.0-255,66,219038,78,253862
13489,0.037583,172.217.194.0-255,5738,224776,78,253862
13490,0.037603,172.31.40.0-255,66,224842,78,253862
13491,0.039945,172.217.194.0-255,5738,230580,78,253862
13492,0.039959,172.31.40.0-255,66,230646,78,253862
13493,0.042294,172.217.194.0-255,5738,236384,78,253862
13494,0.042313,172.31.40.0-255,66,236450,78,253862
13495,0.044632,172.217.194.0-255,5738,242188,78,253862
13496,0.044647,172.31.40.0-255,66,242254,78,253862
13497,0.046992,172.217.194.0-255,5738,247992,78,253862
13498,0.047013,172.31.40.0-255,66,248058,78,253862
13499,0.049333,172.217.194.0-255,5738,253796,78,253862
13500,0.049353,172.31.40.0-255,66,253862,78,253862
13501,0.0,172.31.40.0-255,249,249,78,315
13502,0.007279,172.217.194.0-255,66,315,78,315
13503,0.0,74.125.68.0-255,152,152,78,239596
13504,2.3e-05,172.31.40.0-255,66,218,78,239596
13505,3e-05,74.125.68.0-255,1484,1702,78,239596
13506,3.4e-05,172.31.40.0-255,66,1768,78,239596
13507,4e-05,74.125.68.0-255,2902,4670,78,239596
13508,4.3e-05,172.31.40.0-255,66,4736,78,239596
13509,5e-05,74.125.68.0-255,7156,11892,78,239596
13510,5.3e-05,172.31.40.0-255,66,11958,78,239596
13511,5.7e-05,74.125.68.0-255,2138,14096,78,239596
13512,5.9e-05,172.31.40.0-255,66,14162,78,239596
13513,6.4e-05,74.125.68.0-255,2902,17064,78,239596
13514,6.6e-05,172.31.40.0-255,66,17130,78,239596
13515,9.8e-05,74.125.68.0-255,7156,24286,78,239596
13516,0.000102,172.31.40.0-255,66,24352,78,239596
13517,0.000106,74.125.68.0-255,2902,27254,78,239596
13518,0.000108,172.31.40.0-255,66,27320,78,239596
13519,0.000133,74.125.68.0-255,3961,31281,78,239596
13520,0.000136,172.31.40.0-255,66,31347,78,239596
13521,0.000399,74.125.68.0-255,1484,32831,78,239596
13522,0.000407,172.31.40.0-255,66,32897,78,239596
13523,0.000421,74.125.68.0-255,2902,35799,78,239596
13524,0.000424,172.31.40.0-255,66,35865,78,239596
13525,0.000428,74.125.68.0-255,2902,38767,78,239596
13526,0.00043,172.31.40.0-255,66,38833,78,239596
13527,0.000453,74.125.68.0-255,2902,41735,78,239596
13528,0.000458,74.125.68.0-255,4320,46055,78,239596
13529,0.000462,172.31.40.0-255,66,46121,78,239596
13530,0.000464,172.31.40.0-255,66,46187,78,239596
13531,0.000475,74.125.68.0-255,2902,49089,78,239596
13532,0.000477,172.31.40.0-255,66,49155,78,239596
13533,0.000488,172.31.40.0-255,66,49221,78,239596
13534,0.000525,172.31.40.0-255,66,49287,78,239596
13535,0.000581,74.125.68.0-255,395,49682,78,239596
13536,0.000616,74.125.68.0-255,1484,51166,78,239596
13537,0.000619,172.31.40.0-255,66,51232,78,239596
13538,0.000633,74.125.68.0-255,4320,55552,78,239596
13539,0.000636,172.31.40.0-255,66,55618,78,239596
13540,0.000658,74.125.68.0-255,7156,62774,78,239596
13541,0.000661,172.31.40.0-255,66,62840,78,239596
13542,0.000664,74.125.68.0-255,1484,64324,78,239596
13543,0.000686,74.125.68.0-255,7156,71480,78,239596
13544,0.000689,172.31.40.0-255,66,71546,78,239596
13545,0.000709,74.125.68.0-255,4320,75866,78,239596
13546,0.000711,172.31.40.0-255,66,75932,78,239596
13547,0.000754,74.125.68.0-255,349,76281,78,239596
13548,0.001687,74.125.68.0-255,1484,77765,78,239596
13549,0.001695,74.125.68.0-255,2902,80667,78,239596
13550,0.00171,74.125.68.0-255,4320,84987,78,239596
13551,0.001725,74.125.68.0-255,1484,86471,78,239596
13552,0.00173,74.125.68.0-255,2902,89373,78,239596
13553,0.001762,74.125.68.0-255,4320,93693,78,239596
13554,0.001778,74.125.68.0-255,2902,96595,78,239596
13555,0.001783,74.125.68.0-255,2902,99497,78,239596
13556,0.001798,74.125.68.0-255,1484,100981,78,239596
13557,0.001831,74.125.68.0-255,766,101747,78,239596
13558,0.00353,172.31.40.0-255,66,101813,78,239596
13559,0.005528,74.125.68.0-255,5738,107551,78,239596
13560,0.005536,172.31.40.0-255,66,107617,78,239596
13561,0.007515,74.125.68.0-255,5738,113355,78,239596
13562,0.007524,172.31.40.0-255,66,113421,78,239596
13563,0.0095,74.125.68.0-255,5738,119159,78,239596
13564,0.009508,172.31.40.0-255,66,119225,78,239596
13565,0.011487,74.125.68.0-255,5738,124963,78,239596
13566,0.011495,172.31.40.0-255,66,125029,78,239596
13567,0.013483,74.125.68.0-255,5738,130767,78,239596
13568,0.013495,172.31.40.0-255,66,130833,78,239596
13569,0.015471,74.125.68.0-255,5738,136571,78,239596
13570,0.015479,172.31.40.0-255,66,136637,78,239596
13571,0.017471,74.125.68.0-255,5738,142375,78,239596
13572,0.017479,172.31.40.0-255,66,142441,78,239596
13573,0.019473,74.125.68.0-255,5738,148179,78,239596
13574,0.01948,172.31.40.0-255,66,148245,78,239596
13575,0.021474,74.125.68.0-255,5738,153983,78,239596
13576,0.021483,172.31.40.0-255,66,154049,78,239596
13577,0.023458,74.125.68.0-255,5738,159787,78,239596
13578,0.023464,172.31.40.0-255,66,159853,78,239596
13579,0.025445,74.125.68.0-255,5738,165591,78,239596
13580,0.025452,172.31.40.0-255,66,165657,78,239596
13581,0.027441,74.125.68.0-255,5738,171395,78,239596
13582,0.02745,172.31.40.0-255,66,171461,78,239596
13583,0.02943,74.125.68.0-255,5738,177199,78,239596
13584,0.029438,172.31.40.0-255,66,177265,78,239596
13585,0.031446,74.125.68.0-255,5738,183003,78,239596
13586,0.031452,172.31.40.0-255,66,183069,78,239596
13587,0.03308,172.31.40.0-255,172,183241,78,239596
13588,0.033134,172.31.40.0-255,1109,184350,78,239596
13589,0.033196,172.31.40.0-255,1514,185864,78,239596
13590,0.033198,172.31.40.0-255,1298,187162,78,239596
13591,0.033423,74.125.68.0-255,5738,192900,78,239596
13592,0.033429,172.31.40.0-255,66,192966,78,239596
13593,0.034636,104.244.42.0-255,66,193032,78,239596
13594,0.034643,104.244.42.0-255,66,193098,78,239596
13595,0.034702,104.244.42.0-255,66,193164,78,239596
13596,0.035413,74.125.68.0-255,5738,198902,78,239596
13597,0.035418,172.31.40.0-255,66,198968,78,239596
13598,0.037392,74.125.68.0-255,5738,204706,78,239596
13599,0.037398,172.31.40.0-255,66,204772,78,239596
13600,0.039377,74.125.68.0-255,5738,210510,78,239596
13601,0.039383,172.31.40.0-255,66,210576,78,239596
13602,0.041361,74.125.68.0-255,5738,216314,78,239596
13603,0.04137,172.31.40.0-255,66,216380,78,239596
13604,0.043371,74.125.68.0-255,5738,222118,78,239596
13605,0.043377,172.31.40.0-255,66,222184,78,239596
13606,0.045375,74.125.68.0-255,5738,227922,78,239596
13607,0.04539,172.31.40.0-255,66,227988,78,239596
13608,0.047383,74.125.68.0-255,5738,233726,78,239596
13609,0.047399,172.31.40.0-255,66,233792,78,239596
13610,0.049387,74.125.68.0-255,5738,239530,78,239596
13611,0.049403,172.31.40.0-255,66,239596,78,239596
13612,0.0,172.217.27.0-255,143,143,78,274267
13613,2.3e-05,172.31.40.0-255,66,209,78,274267
13614,3e-05,172.217.27.0-255,1484,1693,78,274267
13615,3.5e-05,172.31.40.0-255,66,1759,78,274267
13616,4.1e-05,172.217.27.0-255,2902,4661,78,274267
13617,4.4e-05,172.31.40.0-255,66,4727,78,274267
13618,4.7e-05,172.217.27.0-255,1484,6211,78,274267
13619,5e-05,172.31.40.0-255,66,6277,78,274267
13620,7.5e-05,172.217.27.0-255,5738,12015,78,274267
13621,7.8e-05,172.31.40.0-255,66,12081,78,274267
13622,8.2e-05,172.217.27.0-255,1998,14079,78,274267
13623,8.4e-05,172.31.40.0-255,66,14145,78,274267
13624,0.000137,172.217.27.0-255,1484,15629,78,274267
13625,0.000141,172.31.40.0-255,66,15695,78,274267
13626,0.000156,172.217.27.0-255,2902,18597,78,274267
13627,0.000158,172.31.40.0-255,66,18663,78,274267
13628,0.000162,172.217.27.0-255,2902,21565,78,274267
13629,0.000165,172.31.40.0-255,66,21631,78,274267
13630,0.00017,172.217.27.0-255,4320,25951,78,274267
13631,0.000172,172.31.40.0-255,66,26017,78,274267
13632,0.000213,172.217.27.0-255,2902,28919,78,274267
13633,0.000216,172.31.40.0-255,66,28985,78,274267
13634,0.000241,172.217.27.0-255,6797,35782,78,274267
13635,0.000244,172.31.40.0-255,66,35848,78,274267
13636,0.00025,172.217.27.0-255,5738,41586,78,274267
13637,0.000253,172.31.40.0-255,66,41652,78,274267
13638,0.000279,172.217.27.0-255,4320,45972,78,274267
13639,0.000281,172.31.40.0-255,66,46038,78,274267
13640,0.000286,172.217.27.0-255,2543,48581,78,274267
13641,0.000289,172.31.40.0-255,66,48647,78,274267
13642,0.000352,172.217.27.0-255,1484,50131,78,274267
13643,0.000355,172.31.40.0-255,66,50197,78,274267
13644,0.00036,172.217.27.0-255,2902,53099,78,274267
13645,0.000362,172.31.40.0-255,66,53165,78,274267
13646,0.00039,172.217.27.0-255,5738,58903,78,274267
13647,0.000393,172.31.40.0-255,66,58969,78,274267
13648,0.000412,172.217.27.0-255,4320,63289,78,274267
13649,0.000414,172.31.40.0-255,66,63355,78,274267
13650,0.000429,172.217.27.0-255,2543,65898,78,274267
13651,0.000432,172.31.40.0-255,66,65964,78,274267
13652,0.000434,172.217.27.0-255,396,66360,78,274267
13653,0.000677,172.217.27.0-255,115,66475,78,274267
13654,0.000826,172.217.27.0-255,1484,67959,78,274267
13655,0.000829,172.31.40.0-255,66,68025,78,274267
13656,0.000835,172.217.27.0-255,2902,70927,78,274267
13657,0.000837,172.31.40.0-255,66,70993,78,274267
13658,0.000857,172.217.27.0-255,5738,76731,78,274267
13659,0.00086,172.31.40.0-255,66,76797,78,274267
13660,0.000884,172.217.27.0-255,1484,78281,78,274267
13661,0.000909,172.217.27.0-255,6797,85078,78,274267
13662,0.000911,172.31.40.0-255,66,85144,78,274267
13663,0.000924,172.31.40.0-255,66,85210,78,274267
13664,0.000928,172.217.27.0-255,2902,88112,78,274267
13665,0.00093,172.31.40.0-255,66,88178,78,274267
13666,0.000954,172.217.27.0-255,3961,92139,78,274267
13667,0.000956,172.31.40.0-255,66,92205,78,274267
13668,0.000959,172.217.27.0-255,328,92533,78,274267
13669,0.001465,172.217.27.0-255,1484,94017,78,274267
13670,0.001471,172.31.40.0-255,66,94083,78,274267
13671,0.001477,172.217.27.0-255,2902,96985,78,274267
13672,0.001479,172.31.40.0-255,66,97051,78,274267
13673,0.001484,172.217.27.0-255,2902,99953,78,274267
13674,0.001485,172.31.40.0-255,66,100019,78,274267
13675,0.001505,172.217.27.0-255,1484,101503,78,274267
13676,0.001517,172.31.40.0-255,66,101569,78,274267
13677,0.001537,172.217.27.0-255,2902,104471,78,274267
13678,0.001539,172.31.40.0-255,66,104537,78,274267
13679,0.001573,172.31.40.0-255,66,104603,78,274267
13680,0.003224,172.217.27.0-255,5738,110341,78,274267
13681,0.003231,172.31.40.0-255,66,110407,78,274267
13682,0.004891,172.217.27.0-255,2902,113309,78,274267
13683,0.004894,172.31.40.0-255,66,113375,78,274267
13684,0.004908,172.217.27.0-255,2902,116277,78,274267
13685,0.00491,172.31.40.0-255,66,116343,78,274267
13686,0.006561,172.217.27.0-255,4320,120663,78,274267
13687,0.006565,172.31.40.0-255,66,120729,78,274267
13688,0.006583,172.217.27.0-255,1484,122213,78,274267
13689,0.008198,172.217.27.0-255,4320,126533,78,274267
13690,0.008205,172.31.40.0-255,66,126599,78,274267
13691,0.009843,172.217.27.0-255,5738,132337,78,274267
13692,0.00985,172.31.40.0-255,66,132403,78,274267
13693,0.011484,172.217.27.0-255,5738,138141,78,274267
13694,0.011492,172.31.40.0-255,66,138207,78,274267
13695,0.013136,172.217.27.0-255,5738,143945,78,274267
13696,0.013143,172.31.40.0-255,66,144011,78,274267
13697,0.014804,172.217.27.0-255,5738,149749,78,274267
13698,0.014809,172.31.40.0-255,66,149815,78,274267
13699,0.016436,172.217.27.0-255,5738,155553,78,274267
13700,0.016443,172.31.40.0-255,66,155619,78,274267
13701,0.018073,172.217.27.0-255,5738,161357,78,274267
13702,0.018081,172.31.40.0-255,66,161423,78,274267
13703,0.019715,172.217.27.0-255,5738,167161,78,274267
13704,0.019722,172.31.40.0-255,66,167227,78,274267
13705,0.021343,172.217.27.0-255,5738,172965,78,274267
13706,0.02135,172.31.40.0-255,66,173031,78,274267
13707,0.022986,172.217.27.0-255,5738,178769,78,274267
13708,0.022994,172.31.40.0-255,66,178835,78,274267
13709,0.024632,172.217.27.0-255,5738,184573,78,274267
13710,0.024638,172.31.40.0-255,66,184639,78,274267
13711,0.026285,172.217.27.0-255,5738,190377,78,274267
13712,0.026291,172.31.40.0-255,66,190443,78,274267
13713,0.027927,172.217.27.0-255,4320,194763,78,274267
13714,0.027933,172.31.40.0-255,66,194829,78,274267
13715,0.027949,172.217.27.0-255,1484,196313,78,274267
13716,0.029563,172.31.40.0-255,172,196485,78,274267
13717,0.029596,172.31.40.0-255,1107,197592,78,274267
13718,0.02962,172.217.27.0-255,4320,201912,78,274267
13719,0.029624,172.31.40.0-255,66,201978,78,274267
13720,0.029727,172.31.40.0-255,1514,203492,78,274267
13721,0.029729,172.31.40.0-255,1514,205006,78,274267
13722,0.029755,172.31.40.0-255,701,205707,78,274267
13723,0.031099,104.244.42.0-255,66,205773,78,274267
13724,0.031147,104.244.42.0-255,66,205839,78,274267
13725,0.031281,104.244.42.0-255,66,205905,78,274267
13726,0.031295,104.244.42.0-255,66,205971,78,274267
13727,0.031311,172.217.27.0-255,5738,211709,78,274267
13728,0.03132,172.31.40.0-255,66,211775,78,274267
13729,0.032966,172.217.27.0-255,5738,217513,78,274267
13730,0.032972,172.31.40.0-255,66,217579,78,274267
13731,0.034611,172.217.27.0-255,5738,223317,78,274267
13732,0.034618,172.31.40.0-255,66,223383,78,274267
13733,0.036258,172.217.27.0-255,5738,229121,78,274267
13734,0.036264,172.31.40.0-255,66,229187,78,274267
13735,0.037906,172.217.27.0-255,5738,234925,78,274267
13736,0.037913,172.31.40.0-255,66,234991,78,274267
13737,0.039546,172.217.27.0-255,5738,240729,78,274267
13738,0.039551,172.31.40.0-255,66,240795,78,274267
13739,0.04119,172.217.27.0-255,4320,245115,78,274267
13740,0.041195,172.31.40.0-255,66,245181,78,274267
13741,0.041214,172.217.27.0-255,1484,246665,78,274267
13742,0.042826,172.217.27.0-255,4320,250985,78,274267
13743,0.042832,172.31.40.0-255,66,251051,78,274267
13744,0.044475,172.217.27.0-255,5738,256789,78,274267
13745,0.044483,172.31.40.0-255,66,256855,78,274267
13746,0.046136,172.217.27.0-255,5738,262593,78,274267
13747,0.046143,172.31.40.0-255,66,262659,78,274267
13748,0.047803,172.217.27.0-255,5738,268397,78,274267
13749,0.047809,172.31.40.0-255,66,268463,78,274267
13750,0.049448,172.217.27.0-255,5738,274201,78,274267
13751,0.049454,172.31.40.0-255,66,274267,78,274267
13752,0.0,74.125.24.0-255,150,150,78,185569
13753,2.3e-05,172.31.40.0-255,66,216,78,185569
13754,3e-05,74.125.24.0-255,1484,1700,78,185569
13755,3.4e-05,172.31.40.0-255,66,1766,78,185569
13756,4.1e-05,74.125.24.0-255,2902,4668,78,185569
13757,5.2e-05,172.31.40.0-255,66,4734,78,185569
13758,5.9e-05,74.125.24.0-255,5738,10472,78,185569
13759,6.3e-05,172.31.40.0-255,66,10538,78,185569
13760,0.00012,74.125.24.0-255,3482,14020,78,185569
13761,0.000123,172.31.40.0-255,66,14086,78,185569
13762,0.000129,74.125.24.0-255,4320,18406,78,185569
13763,0.000131,172.31.40.0-255,66,18472,78,185569
13764,0.000171,74.125.24.0-255,5738,24210,78,185569
13765,0.000174,172.31.40.0-255,66,24276,78,185569
13766,0.000206,74.125.24.0-255,6797,31073,78,185569
13767,0.000209,172.31.40.0-255,66,31139,78,185569
13768,0.000292,74.125.24.0-255,1484,32623,78,185569
13769,0.000295,172.31.40.0-255,66,32689,78,185569
13770,0.000301,74.125.24.0-255,2902,35591,78,185569
13771,0.000302,172.31.40.0-255,66,35657,78,185569
13772,0.000309,74.125.24.0-255,5738,41395,78,185569
13773,0.000311,172.31.40.0-255,66,41461,78,185569
13774,0.00034,74.125.24.0-255,6797,48258,78,185569
13775,0.000344,172.31.40.0-255,66,48324,78,185569
13776,0.00035,74.125.24.0-255,7156,55480,78,185569
13777,0.000353,172.31.40.0-255,66,55546,78,185569
13778,0.000406,172.31.40.0-255,66,55612,78,185569
13779,0.000496,74.125.24.0-255,646,56258,78,185569
13780,0.000499,172.31.40.0-255,66,56324,78,185569
13781,0.000708,74.125.24.0-255,1484,57808,78,185569
13782,0.000713,172.31.40.0-255,66,57874,78,185569
13783,0.000719,74.125.24.0-255,2902,60776,78,185569
13784,0.000721,172.31.40.0-255,66,60842,78,185569
13785,0.000728,74.125.24.0-255,5738,66580,78,185569
13786,0.000734,172.31.40.0-255,66,66646,78,185569
13787,0.000775,74.125.24.0-255,6797,73443,78,185569
13788,0.000779,172.31.40.0-255,66,73509,78,185569
13789,0.000787,74.125.24.0-255,7156,80665,78,185569
13790,0.000789,172.31.40.0-255,66,80731,78,185569
13791,0.000821,172.31.40.0-255,66,80797,78,185569
13792,0.000971,74.125.24.0-255,1484,82281,78,185569
13793,0.000979,74.125.24.0-255,2902,85183,78,185569
13794,0.000982,172.31.40.0-255,66,85249,78,185569
13795,0.00099,74.125.24.0-255,5738,90987,78,185569
13796,0.000992,172.31.40.0-255,66,91053,78,185569
13797,0.000995,74.125.24.0-255,1484,92537,78,185569
13798,0.001045,172.31.40.0-255,66,92603,78,185569
13799,0.001076,172.31.40.0-255,66,92669,78,185569
13800,0.00128,74.125.24.0-255,1484,94153,78,185569
13801,0.001284,74.125.24.0-255,1484,95637,78,185569
13802,0.001289,172.31.40.0-255,66,95703,78,185569
13803,0.001304,74.125.24.0-255,1484,97187,78,185569
13804,0.001315,74.125.24.0-255,5738,102925,78,185569
13805,0.001318,172.31.40.0-255,66,102991,78,185569
13806,0.001354,74.125.24.0-255,5738,108729,78,185569
13807,0.001357,172.31.40.0-255,66,108795,78,185569
13808,0.001366,172.31.40.0-255,66,108861,78,185569
13809,0.001391,74.125.24.0-255,1484,110345,78,185569
13810,0.001412,74.125.24.0-255,3602,113947,78,185569
13811,0.001415,172.31.40.0-255,66,114013,78,185569
13812,0.001664,74.125.24.0-255,1484,115497,78,185569
13813,0.001667,74.125.24.0-255,1484,116981,78,185569
13814,0.001673,172.31.40.0-255,66,117047,78,185569
13815,0.001703,74.125.24.0-255,1484,118531,78,185569
13816,0.00171,74.125.24.0-255,5738,124269,78,185569
13817,0.001713,172.31.40.0-255,66,124335,78,185569
13818,0.001723,172.31.40.0-255,66,124401,78,185569
13819,0.001753,74.125.24.0-255,2902,127303,78,185569
13820,0.001755,172.31.40.0-255,66,127369,78,185569
13821,0.001768,172.31.40.0-255,66,127435,78,185569
13822,0.001772,74.125.24.0-255,1484,128919,78,185569
13823,0.001826,74.125.24.0-255,2902,131821,78,185569
13824,0.001828,172.31.40.0-255,66,131887,78,185569
13825,0.001835,74.125.24.0-255,5738,137625,78,185569
13826,0.001838,172.31.40.0-255,66,137691,78,185569
13827,0.00184,74.125.24.0-255,1484,139175,78,185569
13828,0.00185,172.31.40.0-255,66,139241,78,185569
13829,0.001889,172.31.40.0-255,66,139307,78,185569
13830,0.001892,74.125.24.0-255,1484,140791,78,185569
13831,0.00194,172.31.40.0-255,66,140857,78,185569
13832,0.001959,172.31.40.0-255,66,140923,78,185569
13833,0.001997,172.31.40.0-255,66,140989,78,185569
13834,0.002025,74.125.24.0-255,4320,145309,78,185569
13835,0.002031,74.125.24.0-255,5738,151047,78,185569
13836,0.002036,172.31.40.0-255,66,151113,78,185569
13837,0.00204,172.31.40.0-255,66,151179,78,185569
13838,0.002072,172.31.40.0-255,66,151245,78,185569
13839,0.002084,172.31.40.0-255,66,151311,78,185569
13840,0.002109,74.125.24.0-255,2184,153495,78,185569
13841,0.002111,172.31.40.0-255,66,153561,78,185569
13842,0.002114,74.125.24.0-255,1484,155045,78,185569
13843,0.002146,74.125.24.0-255,1484,156529,78,185569
13844,0.002149,172.31.40.0-255,66,156595,78,185569
13845,0.002157,74.125.24.0-255,7156,163751,78,185569
13846,0.002159,172.31.40.0-255,66,163817,78,185569
13847,0.00217,172.31.40.0-255,66,163883,78,185569
13848,0.002209,74.125.24.0-255,7156,171039,78,185569
13849,0.002212,172.31.40.0-255,66,171105,78,185569
13850,0.002219,74.125.24.0-255,6438,177543,78,185569
13851,0.002221,172.31.40.0-255,66,177609,78,185569
13852,0.002232,172.31.40.0-255,66,177675,78,185569
13853,0.002288,172.31.40.0-255,66,177741,78,185569
13854,0.0023,172.31.40.0-255,66,177807,78,185569
13855,0.002305,74.125.24.0-255,5738,183545,78,185569
13856,0.002308,172.31.40.0-255,66,183611,78,185569
13857,0.002337,172.31.40.0-255,66,183677,78,185569
13858,0.002379,74.125.24.0-255,1484,185161,78,185569
13859,0.002411,172.31.40.0-255,66,185227,78,185569
13860,0.002414,74.125.24.0-255,105,185332,78,185569
13861,0.018345,172.31.40.0-255,66,185398,78,185569
13862,0.018395,172.31.40.0-255,105,185503,78,185569
13863,0.0209,74.125.24.0-255,66,185569,78,185569
13864,0.0,172.31.40.0-255,105,105,78,276
13865,0.001817,157.240.24.0-255,105,210,78,276
13866,0.00183,172.31.40.0-255,66,276,78,276
13867,0.0,172.217.160.0-255,152,152,78,276713
13868,1.1e-05,172.31.40.0-255,66,218,78,276713
13869,1.8e-05,172.217.160.0-255,1484,1702,78,276713
13870,2.2e-05,172.31.40.0-255,66,1768,78,276713
13871,2.7e-05,172.217.160.0-255,2902,4670,78,276713
13872,2.9e-05,172.31.40.0-255,66,4736,78,276713
13873,3.5e-05,172.217.160.0-255,7156,11892,78,276713
13874,3.8e-05,172.31.40.0-255,66,11958,78,276713
13875,8.4e-05,172.31.40.0-255,66,12024,78,276713
13876,8.8e-05,172.217.160.0-255,2543,14567,78,276713
13877,9.1e-05,172.31.40.0-255,66,14633,78,276713
13878,0.000213,172.217.160.0-255,1484,16117,78,276713
13879,0.000219,172.31.40.0-255,66,16183,78,276713
13880,0.000225,172.217.160.0-255,2902,19085,78,276713
13881,0.000228,172.31.40.0-255,66,19151,78,276713
13882,0.000233,172.217.160.0-255,5738,24889,78,276713
13883,0.000236,172.31.40.0-255,66,24955,78,276713
13884,0.000279,172.217.160.0-255,4320,29275,78,276713
13885,0.000283,172.31.40.0-255,66,29341,78,276713
13886,0.000305,172.217.160.0-255,2543,31884,78,276713
13887,0.000309,172.31.40.0-255,66,31950,78,276713
13888,0.000445,172.217.160.0-255,1484,33434,78,276713
13889,0.000451,172.31.40.0-255,66,33500,78,276713
13890,0.000458,172.217.160.0-255,2902,36402,78,276713
13891,0.00046,172.31.40.0-255,66,36468,78,276713
13892,0.000489,172.217.160.0-255,5738,42206,78,276713
13893,0.000494,172.31.40.0-255,66,42272,78,276713
13894,0.000495,172.217.160.0-255,6797,49069,78,276713
13895,0.000498,172.31.40.0-255,66,49135,78,276713
13896,0.000515,172.217.160.0-255,374,49509,78,276713
13897,0.000518,172.31.40.0-255,66,49575,78,276713
13898,0.000935,172.217.160.0-255,101,49676,78,276713
13899,0.00104,172.217.160.0-255,1484,51160,78,276713
13900,0.001046,172.31.40.0-255,66,51226,78,276713
13901,0.001053,172.217.160.0-255,2902,54128,78,276713
13902,0.001055,172.31.40.0-255,66,54194,78,276713
13903,0.001061,172.217.160.0-255,5738,59932,78,276713
13904,0.001064,172.31.40.0-255,66,59998,78,276713
13905,0.001114,172.217.160.0-255,6797,66795,78,276713
13906,0.001118,172.31.40.0-255,66,66861,78,276713
13907,0.001126,172.217.160.0-255,7156,74017,78,276713
13908,0.001127,172.31.40.0-255,66,74083,78,276713
13909,0.001152,172.217.160.0-255,4320,78403,78,276713
13910,0.001154,172.31.40.0-255,66,78469,78,276713
13911,0.001179,172.217.160.0-255,5379,83848,78,276713
13912,0.001181,172.31.40.0-255,66,83914,78,276713
13913,0.001446,172.217.160.0-255,1484,85398,78,276713
13914,0.001454,172.217.160.0-255,2902,88300,78,276713
13915,0.001458,172.31.40.0-255,66,88366,78,276713
13916,0.001465,172.217.160.0-255,5738,94104,78,276713
13917,0.001467,172.31.40.0-255,66,94170,78,276713
13918,0.001509,172.31.40.0-255,66,94236,78,276713
13919,0.001521,172.31.40.0-255,66,94302,78,276713
13920,0.001557,172.217.160.0-255,1484,95786,78,276713
13921,0.00158,172.217.160.0-255,2902,98688,78,276713
13922,0.001583,172.31.40.0-255,66,98754,78,276713
13923,0.001588,172.217.160.0-255,5738,104492,78,276713
13924,0.001591,172.31.40.0-255,66,104558,78,276713
13925,0.001619,172.31.40.0-255,66,104624,78,276713
13926,0.001699,172.217.160.0-255,5738,110362,78,276713
13927,0.001702,172.31.40.0-255,66,110428,78,276713
13928,0.001717,172.217.160.0-255,5020,115448,78,276713
13929,0.001719,172.31.40.0-255,66,115514,78,276713
13930,0.001794,172.217.160.0-255,1484,116998,78,276713
13931,0.001818,172.217.160.0-255,2902,119900,78,276713
13932,0.001821,172.31.40.0-255,66,119966,78,276713
13933,0.001826,172.217.160.0-255,5738,125704,78,276713
13934,0.001828,172.31.40.0-255,66,125770,78,276713
13935,0.001833,172.217.160.0-255,4320,130090,78,276713
13936,0.001834,172.31.40.0-255,66,130156,78,276713
13937,0.001852,172.31.40.0-255,66,130222,78,276713
13938,0.00188,172.31.40.0-255,66,130288,78,276713
13939,0.003777,172.217.160.0-255,5738,136026,78,276713
13940,0.003784,172.31.40.0-255,66,136092,78,276713
13941,0.00568,172.217.160.0-255,5738,141830,78,276713
13942,0.00569,172.31.40.0-255,66,141896,78,276713
13943,0.007592,172.217.160.0-255,5738,147634,78,276713
13944,0.0076,172.31.40.0-255,66,147700,78,276713
13945,0.00951,172.217.160.0-255,5738,153438,78,276713
13946,0.009519,172.31.40.0-255,66,153504,78,276713
13947,0.011419,172.217.160.0-255,5738,159242,78,276713
13948,0.011427,172.31.40.0-255,66,159308,78,276713
13949,0.013333,172.217.160.0-255,5738,165046,78,276713
13950,0.013343,172.31.40.0-255,66,165112,78,276713
13951,0.015246,172.217.160.0-255,5738,170850,78,276713
13952,0.015255,172.31.40.0-255,66,170916,78,276713
13953,0.017159,172.217.160.0-255,5738,176654,78,276713
13954,0.017166,172.31.40.0-255,66,176720,78,276713
13955,0.019065,172.217.160.0-255,5738,182458,78,276713
13956,0.019073,172.31.40.0-255,66,182524,78,276713
13957,0.020983,172.217.160.0-255,5738,188262,78,276713
13958,0.02099,172.31.40.0-255,66,188328,78,276713
13959,0.022906,172.217.160.0-255,5738,194066,78,276713
13960,0.022912,172.31.40.0-255,66,194132,78,276713
13961,0.024828,172.217.160.0-255,5738,199870,78,276713
13962,0.024836,172.31.40.0-255,66,199936,78,276713
13963,0.026742,172.217.160.0-255,5738,205674,78,276713
13964,0.026748,172.31.40.0-255,66,205740,78,276713
13965,0.028645,172.217.160.0-255,5738,211478,78,276713
13966,0.028653,172.31.40.0-255,66,211544,78,276713
13967,0.030562,172.217.160.0-255,5738,217282,78,276713
13968,0.030569,172.31.40.0-255,66,217348,78,276713
13969,0.032476,172.217.160.0-255,5738,223086,78,276713
13970,0.032481,172.31.40.0-255,66,223152,78,276713
13971,0.03439,172.217.160.0-255,5738,228890,78,276713
13972,0.034397,172.31.40.0-255,66,228956,78,276713
13973,0.036329,172.217.160.0-255,5738,234694,78,276713
13974,0.036335,172.31.40.0-255,66,234760,78,276713
13975,0.038238,172.217.160.0-255,5738,240498,78,276713
13976,0.038246,172.31.40.0-255,66,240564,78,276713
13977,0.040143,172.217.160.0-255,5738,246302,78,276713
13978,0.040154,172.31.40.0-255,66,246368,78,276713
13979,0.042049,172.217.160.0-255,5738,252106,78,276713
13980,0.042055,172.31.40.0-255,66,252172,78,276713
13981,0.04396,172.217.160.0-255,5738,257910,78,276713
13982,0.043967,172.31.40.0-255,66,257976,78,276713
13983,0.045872,172.217.160.0-255,5738,263714,78,276713
13984,0.045879,172.31.40.0-255,66,263780,78,276713
13985,0.04778,172.217.160.0-255,5738,269518,78,276713
13986,0.047787,172.31.40.0-255,66,269584,78,276713
13987,0.049734,172.217.160.0-255,5738,275322,78,276713
13988,0.04974,172.31.40.0-255,66,275388,78,276713
13989,0.049965,172.31.40.0-255,217,275605,78,276713
13990,0.049995,172.31.40.0-255,1108,276713,78,276713
13991,0.0,172.217.194.0-255,153,153,78,161861
13992,2.2e-05,172.31.40.0-255,66,219,78,161861
13993,3e-05,172.217.194.0-255,1484,1703,78,161861
13994,3.4e-05,172.31.40.0-255,66,1769,78,161861
13995,4.7e-05,172.217.194.0-255,2902,4671,78,161861
13996,5.1e-05,172.31.40.0-255,66,4737,78,161861
13997,8.6e-05,172.217.194.0-255,2902,7639,78,161861
13998,8.9e-05,172.31.40.0-255,66,7705,78,161861
13999,0.000119,172.217.194.0-255,4320,12025,78,161861
14000,0.000121,172.31.40.0-255,66,12091,78,161861
14001,0.000237,172.217.194.0-255,2063,14154,78,161861
14002,0.000241,172.31.40.0-255,66,14220,78,161861
14003,0.000281,172.217.194.0-255,2902,17122,78,161861
14004,0.000283,172.31.40.0-255,66,17188,78,161861
14005,0.000325,172.31.40.0-255,66,17254,78,161861
14006,0.000516,172.217.194.0-255,2902,20156,78,161861
14007,0.000522,172.31.40.0-255,66,20222,78,161861
14008,0.000557,172.217.194.0-255,2543,22765,78,161861
14009,0.000561,172.31.40.0-255,66,22831,78,161861
14010,0.000626,172.217.194.0-255,4320,27151,78,161861
14011,0.000631,172.31.40.0-255,66,27217,78,161861
14012,0.000672,172.31.40.0-255,66,27283,78,161861
14013,0.001094,172.31.40.0-255,66,27349,78,161861
14014,0.001291,172.217.194.0-255,430,27779,78,161861
14015,0.001295,172.31.40.0-255,66,27845,78,161861
14016,0.001324,172.217.194.0-255,5738,33583,78,161861
14017,0.001327,172.31.40.0-255,66,33649,78,161861
14018,0.001435,172.217.194.0-255,7156,40805,78,161861
14019,0.00144,172.31.40.0-255,66,40871,78,161861
14020,0.001484,172.31.40.0-255,66,40937,78,161861
14021,0.001866,172.31.40.0-255,66,41003,78,161861
14022,0.001908,172.31.40.0-255,66,41069,78,161861
14023,0.002694,172.217.194.0-255,1484,42553,78,161861
14024,0.002728,172.31.40.0-255,66,42619,78,161861
14025,0.002758,172.31.40.0-255,66,42685,78,161861
14026,0.003384,172.217.194.0-255,5738,48423,78,161861
14027,0.003455,172.217.194.0-255,2902,51325,78,161861
14028,0.006305,172.31.40.0-255,66,51391,78,161861
14029,0.008622,172.217.194.0-255,5738,57129,78,161861
14030,0.008629,172.31.40.0-255,66,57195,78,161861
14031,0.010959,172.217.194.0-255,5738,62933,78,161861
14032,0.010967,172.31.40.0-255,66,62999,78,161861
14033,0.013285,172.217.194.0-255,5738,68737,78,161861
14034,0.013298,172.31.40.0-255,66,68803,78,161861
14035,0.015633,172.217.194.0-255,2902,71705,78,161861
14036,0.015642,172.31.40.0-255,66,71771,78,161861
14037,0.015673,172.217.194.0-255,2902,74673,78,161861
14038,0.015676,172.31.40.0-255,66,74739,78,161861
14039,0.017944,172.217.194.0-255,2902,77641,78,161861
14040,0.017952,172.31.40.0-255,66,77707,78,161861
14041,0.018012,172.217.194.0-255,2902,80609,78,161861
14042,0.018015,172.31.40.0-255,66,80675,78,161861
14043,0.020286,172.217.194.0-255,2902,83577,78,161861
14044,0.020294,172.31.40.0-255,66,83643,78,161861
14045,0.020322,172.217.194.0-255,2902,86545,78,161861
14046,0.020325,172.31.40.0-255,66,86611,78,161861
14047,0.022639,172.217.194.0-255,2902,89513,78,161861
14048,0.022647,172.31.40.0-255,66,89579,78,161861
14049,0.022684,172.217.194.0-255,2902,92481,78,161861
14050,0.022687,172.31.40.0-255,66,92547,78,161861
14051,0.024986,172.217.194.0-255,2902,95449,78,161861
14052,0.025003,172.31.40.0-255,66,95515,78,161861
14053,0.025033,172.217.194.0-255,2902,98417,78,161861
14054,0.025036,172.31.40.0-255,66,98483,78,161861
14055,0.027371,172.217.194.0-255,5738,104221,78,161861
14056,0.027385,172.31.40.0-255,66,104287,78,161861
14057,0.029719,172.217.194.0-255,5738,110025,78,161861
14058,0.029735,172.31.40.0-255,66,110091,78,161861
14059,0.032092,172.217.194.0-255,5738,115829,78,161861
14060,0.03211,172.31.40.0-255,66,115895,78,161861
14061,0.034452,172.217.194.0-255,5738,121633,78,161861
14062,0.034466,172.31.40.0-255,66,121699,78,161861
14063,0.0368,172.217.194.0-255,5738,127437,78,161861
14064,0.036808,172.31.40.0-255,66,127503,78,161861
14065,0.039126,172.217.194.0-255,5738,133241,78,161861
14066,0.039136,172.31.40.0-255,66,133307,78,161861
14067,0.039312,172.31.40.0-255,172,133479,78,161861
14068,0.039342,172.31.40.0-255,1108,134587,78,161861
14069,0.039405,172.31.40.0-255,1514,136101,78,161861
14070,0.039407,172.31.40.0-255,1514,137615,78,161861
14071,0.039433,172.31.40.0-255,700,138315,78,161861
14072,0.040858,104.244.42.0-255,66,138381,78,161861
14073,0.040881,104.244.42.0-255,66,138447,78,161861
14074,0.040973,104.244.42.0-255,66,138513,78,161861
14075,0.040977,104.244.42.0-255,66,138579,78,161861
14076,0.041467,172.217.194.0-255,5738,144317,78,161861
14077,0.041475,172.31.40.0-255,66,144383,78,161861
14078,0.043814,172.217.194.0-255,5738,150121,78,161861
14079,0.043832,172.31.40.0-255,66,150187,78,161861
14080,0.046168,172.217.194.0-255,5738,155925,78,161861
14081,0.046185,172.31.40.0-255,66,155991,78,161861
14082,0.048501,172.217.194.0-255,4320,160311,78,161861
14083,0.048507,172.31.40.0-255,66,160377,78,161861
14084,0.048528,172.217.194.0-255,1484,161861,78,161861
14085,0.0,74.125.130.0-255,146,146,78,299603
14086,1.5e-05,172.31.40.0-255,66,212,78,299603
14087,2.2e-05,74.125.130.0-255,1484,1696,78,299603
14088,2.7e-05,172.31.40.0-255,66,1762,78,299603
14089,3.3e-05,74.125.130.0-255,2902,4664,78,299603
14090,4.4e-05,172.31.40.0-255,66,4730,78,299603
14091,5e-05,74.125.130.0-255,4320,9050,78,299603
14092,5.3e-05,172.31.40.0-255,66,9116,78,299603
14093,8.7e-05,74.125.130.0-255,6283,15399,78,299603
14094,9e-05,172.31.40.0-255,66,15465,78,299603
14095,0.000102,74.125.130.0-255,7156,22621,78,299603
14096,0.000105,172.31.40.0-255,66,22687,78,299603
14097,0.000143,172.31.40.0-255,66,22753,78,299603
14098,0.000262,74.125.130.0-255,1484,24237,78,299603
14099,0.000266,172.31.40.0-255,66,24303,78,299603
14100,0.00027,74.125.130.0-255,1484,25787,78,299603
14101,0.000272,172.31.40.0-255,66,25853,78,299603
14102,0.000291,74.125.130.0-255,2902,28755,78,299603
14103,0.000294,172.31.40.0-255,66,28821,78,299603
14104,0.0003,74.125.130.0-255,5738,34559,78,299603
14105,0.000308,172.31.40.0-255,66,34625,78,299603
14106,0.000344,74.125.130.0-255,5379,40004,78,299603
14107,0.000347,172.31.40.0-255,66,40070,78,299603
14108,0.000353,74.125.130.0-255,5738,45808,78,299603
14109,0.000357,172.31.40.0-255,66,45874,78,299603
14110,0.000387,74.125.130.0-255,4320,50194,78,299603
14111,0.00039,172.31.40.0-255,66,50260,78,299603
14112,0.000397,74.125.130.0-255,5738,55998,78,299603
14113,0.000399,172.31.40.0-255,66,56064,78,299603
14114,0.000416,74.125.130.0-255,1414,57478,78,299603
14115,0.000422,172.31.40.0-255,66,57544,78,299603
14116,0.000458,74.125.130.0-255,102,57646,78,299603
14117,0.000652,74.125.130.0-255,1484,59130,78,299603
14118,0.000658,74.125.130.0-255,2902,62032,78,299603
14119,0.000669,172.31.40.0-255,66,62098,78,299603
14120,0.000675,74.125.130.0-255,4320,66418,78,299603
14121,0.00068,172.31.40.0-255,66,66484,78,299603
14122,0.000708,74.125.130.0-255,5738,72222,78,299603
14123,0.00072,172.31.40.0-255,66,72288,78,299603
14124,0.000764,172.31.40.0-255,66,72354,78,299603
14125,0.000811,172.31.40.0-255,66,72420,78,299603
14126,0.000857,74.125.130.0-255,1484,73904,78,299603
14127,0.000874,74.125.130.0-255,2902,76806,78,299603
14128,0.000885,172.31.40.0-255,66,76872,78,299603
14129,0.000893,74.125.130.0-255,4320,81192,78,299603
14130,0.000914,74.125.130.0-255,7156,88348,78,299603
14131,0.000918,172.31.40.0-255,66,88414,78,299603
14132,0.000926,74.125.130.0-255,1484,89898,78,299603
14133,0.000937,74.125.130.0-255,5738,95636,78,299603
14134,0.000971,74.125.130.0-255,2902,98538,78,299603
14135,0.000996,74.125.130.0-255,4320,102858,78,299603
14136,0.001001,74.125.130.0-255,3602,106460,78,299603
14137,0.001008,172.31.40.0-255,66,106526,78,299603
14138,0.001134,74.125.130.0-255,1484,108010,78,299603
14139,0.00114,74.125.130.0-255,2902,110912,78,299603
14140,0.001159,74.125.130.0-255,5738,116650,78,299603
14141,0.001164,172.31.40.0-255,66,116716,78,299603
14142,0.001199,74.125.130.0-255,5738,122454,78,299603
14143,0.001217,74.125.130.0-255,7156,129610,78,299603
14144,0.001233,172.31.40.0-255,66,129676,78,299603
14145,0.001276,74.125.130.0-255,5738,135414,78,299603
14146,0.001288,172.31.40.0-255,66,135480,78,299603
14147,0.001294,74.125.130.0-255,5738,141218,78,299603
14148,0.001321,172.31.40.0-255,66,141284,78,299603
14149,0.001352,74.125.130.0-255,4320,145604,78,299603
14150,0.001364,74.125.130.0-255,361,145965,78,299603
14151,0.001376,172.31.40.0-255,66,146031,78,299603
14152,0.001653,74.125.130.0-255,1484,147515,78,299603
14153,0.001669,74.125.130.0-255,2902,150417,78,299603
14154,0.001679,74.125.130.0-255,1484,151901,78,299603
14155,0.001693,74.125.130.0-255,1484,153385,78,299603
14156,0.0017,172.31.40.0-255,66,153451,78,299603
14157,0.001707,74.125.130.0-255,1484,154935,78,299603
14158,0.001734,74.125.130.0-255,5738,160673,78,299603
14159,0.001737,74.125.130.0-255,1484,162157,78,299603
14160,0.001751,74.125.130.0-255,2902,165059,78,299603
14161,0.001758,172.31.40.0-255,66,165125,78,299603
14162,0.001768,74.125.130.0-255,5738,170863,78,299603
14163,0.001785,74.125.130.0-255,1484,172347,78,299603
14164,0.001788,172.31.40.0-255,66,172413,78,299603
14165,0.001831,172.31.40.0-255,66,172479,78,299603
14166,0.00208,74.125.130.0-255,1484,173963,78,299603
14167,0.002086,74.125.130.0-255,1484,175447,78,299603
14168,0.00209,172.31.40.0-255,66,175513,78,299603
14169,0.002122,74.125.130.0-255,2902,178415,78,299603
14170,0.002127,74.125.130.0-255,2902,181317,78,299603
14171,0.002143,74.125.130.0-255,2902,184219,78,299603
14172,0.002147,74.125.130.0-255,2902,187121,78,299603
14173,0.00215,74.125.130.0-255,1484,188605,78,299603
14174,0.002154,172.31.40.0-255,66,188671,78,299603
14175,0.002184,74.125.130.0-255,2902,191573,78,299603
14176,0.002198,74.125.130.0-255,5738,197311,78,299603
14177,0.002234,74.125.130.0-255,6438,203749,78,299603
14178,0.002237,74.125.130.0-255,1484,205233,78,299603
14179,0.002252,74.125.130.0-255,2902,208135,78,299603
14180,0.002259,74.125.130.0-255,5738,213873,78,299603
14181,0.002285,74.125.130.0-255,2902,216775,78,299603
14182,0.00232,74.125.130.0-255,4320,221095,78,299603
14183,0.002374,74.125.130.0-255,1484,222579,78,299603
14184,0.002434,74.125.130.0-255,5738,228317,78,299603
14185,0.002437,74.125.130.0-255,1484,229801,78,299603
14186,0.002439,74.125.130.0-255,1484,231285,78,299603
14187,0.002443,74.125.130.0-255,2184,233469,78,299603
14188,0.002483,74.125.130.0-255,2902,236371,78,299603
14189,0.002501,74.125.130.0-255,1484,237855,78,299603
14190,0.002518,74.125.130.0-255,2902,240757,78,299603
14191,0.002526,74.125.130.0-255,5738,246495,78,299603
14192,0.00255,74.125.130.0-255,5738,252233,78,299603
14193,0.002574,74.125.130.0-255,5738,257971,78,299603
14194,0.0026,74.125.130.0-255,2902,260873,78,299603
14195,0.002619,74.125.130.0-255,6438,267311,78,299603
14196,0.002623,74.125.130.0-255,1484,268795,78,299603
14197,0.002625,74.125.130.0-255,1484,270279,78,299603
14198,0.002629,74.125.130.0-255,2902,273181,78,299603
14199,0.002632,74.125.130.0-255,1484,274665,78,299603
14200,0.002658,74.125.130.0-255,4320,278985,78,299603
14201,0.002675,74.125.130.0-255,4320,283305,78,299603
14202,0.002691,74.125.130.0-255,1484,284789,78,299603
14203,0.002694,74.125.130.0-255,1484,286273,78,299603
14204,0.002709,74.125.130.0-255,7156,293429,78,299603
14205,0.002712,74.125.130.0-255,1356,294785,78,299603
14206,0.002758,74.125.130.0-255,105,294890,78,299603
14207,0.009965,172.31.40.0-255,66,294956,78,299603
14208,0.011991,74.125.130.0-255,105,295061,78,299603
14209,0.012006,172.31.40.0-255,78,295139,78,299603
14210,0.012413,172.31.40.0-255,105,295244,78,299603
14211,0.014731,74.125.130.0-255,66,295310,78,299603
14212,0.045017,172.31.40.0-255,172,295482,78,299603
14213,0.045055,172.31.40.0-255,1108,296590,78,299603
14214,0.04512,172.31.40.0-255,1514,298104,78,299603
14215,0.045121,172.31.40.0-255,1301,299405,78,299603
14216,0.046567,104.244.42.0-255,66,299471,78,299603
14217,0.04662,104.244.42.0-255,66,299537,78,299603
14218,0.046674,104.244.42.0-255,66,299603,78,299603
14219,0.0,172.217.194.0-255,148,148,78,315823
14220,1.8e-05,172.31.40.0-255,66,214,78,315823
14221,2.5e-05,172.217.194.0-255,1484,1698,78,315823
14222,2.9e-05,172.31.40.0-255,66,1764,78,315823
14223,3.4e-05,172.217.194.0-255,2902,4666,78,315823
14224,3.7e-05,172.31.40.0-255,66,4732,78,315823
14225,4.3e-05,172.217.194.0-255,4320,9052,78,315823
14226,4.6e-05,172.31.40.0-255,66,9118,78,315823
14227,5.2e-05,172.217.194.0-255,4874,13992,78,315823
14228,5.5e-05,172.31.40.0-255,66,14058,78,315823
14229,0.000102,172.217.194.0-255,1484,15542,78,315823
14230,0.000106,172.31.40.0-255,66,15608,78,315823
14231,0.000111,172.217.194.0-255,2902,18510,78,315823
14232,0.000113,172.31.40.0-255,66,18576,78,315823
14233,0.000118,172.217.194.0-255,2902,21478,78,315823
14234,0.000121,172.31.40.0-255,66,21544,78,315823
14235,0.000151,172.217.194.0-255,4320,25864,78,315823
14236,0.000164,172.31.40.0-255,66,25930,78,315823
14237,0.000182,172.217.194.0-255,5379,31309,78,315823
14238,0.000185,172.31.40.0-255,66,31375,78,315823
14239,0.000203,172.217.194.0-255,1484,32859,78,315823
14240,0.000205,172.31.40.0-255,66,32925,78,315823
14241,0.00023,172.217.194.0-255,4320,37245,78,315823
14242,0.000232,172.31.40.0-255,66,37311,78,315823
14243,0.000256,172.217.194.0-255,7156,44467,78,315823
14244,0.000259,172.31.40.0-255,66,44533,78,315823
14245,0.000282,172.217.194.0-255,3961,48494,78,315823
14246,0.000284,172.31.40.0-255,66,48560,78,315823
14247,0.000297,172.217.194.0-255,1484,50044,78,315823
14248,0.000299,172.31.40.0-255,66,50110,78,315823
14249,0.000304,172.217.194.0-255,2902,53012,78,315823
14250,0.000307,172.31.40.0-255,66,53078,78,315823
14251,0.000331,172.217.194.0-255,5738,58816,78,315823
14252,0.000334,172.31.40.0-255,66,58882,78,315823
14253,0.00034,172.217.194.0-255,6797,65679,78,315823
14254,0.000343,172.31.40.0-255,66,65745,78,315823
14255,0.000365,172.217.194.0-255,357,66102,78,315823
14256,0.000594,172.217.194.0-255,386,66488,78,315823
14257,0.000741,172.217.194.0-255,1484,67972,78,315823
14258,0.000746,172.31.40.0-255,66,68038,78,315823
14259,0.000763,172.217.194.0-255,2902,70940,78,315823
14260,0.000765,172.31.40.0-255,66,71006,78,315823
14261,0.000772,172.217.194.0-255,5738,76744,78,315823
14262,0.000774,172.31.40.0-255,66,76810,78,315823
14263,0.000797,172.217.194.0-255,6797,83607,78,315823
14264,0.0008,172.31.40.0-255,66,83673,78,315823
14265,0.000839,172.217.194.0-255,1484,85157,78,315823
14266,0.000861,172.217.194.0-255,5738,90895,78,315823
14267,0.000864,172.31.40.0-255,66,90961,78,315823
14268,0.000871,172.217.194.0-255,5738,96699,78,315823
14269,0.000874,172.31.40.0-255,66,96765,78,315823
14270,0.000914,172.217.194.0-255,3961,100726,78,315823
14271,0.000917,172.31.40.0-255,66,100792,78,315823
14272,0.001468,172.217.194.0-255,1484,102276,78,315823
14273,0.001474,172.217.194.0-255,2902,105178,78,315823
14274,0.001478,172.31.40.0-255,66,105244,78,315823
14275,0.001496,172.217.194.0-255,5738,110982,78,315823
14276,0.001499,172.31.40.0-255,66,111048,78,315823
14277,0.001533,172.31.40.0-255,66,111114,78,315823
14278,0.001543,172.31.40.0-255,66,111180,78,315823
14279,0.001561,172.217.194.0-255,2184,113364,78,315823
14280,0.001563,172.31.40.0-255,66,113430,78,315823
14281,0.001705,172.217.194.0-255,1484,114914,78,315823
14282,0.001711,172.217.194.0-255,2902,117816,78,315823
14283,0.001714,172.31.40.0-255,66,117882,78,315823
14284,0.001733,172.217.194.0-255,4320,122202,78,315823
14285,0.001735,172.31.40.0-255,66,122268,78,315823
14286,0.001755,172.217.194.0-255,1484,123752,78,315823
14287,0.001768,172.31.40.0-255,66,123818,78,315823
14288,0.001791,172.217.194.0-255,2902,126720,78,315823
14289,0.001793,172.31.40.0-255,66,126786,78,315823
14290,0.001805,172.31.40.0-255,66,126852,78,315823
14291,0.001827,172.217.194.0-255,2184,129036,78,315823
14292,0.00183,172.31.40.0-255,66,129102,78,315823
14293,0.001834,172.217.194.0-255,2902,132004,78,315823
14294,0.001837,172.31.40.0-255,66,132070,78,315823
14295,0.001848,172.217.194.0-255,1484,133554,78,315823
14296,0.001868,172.217.194.0-255,5738,139292,78,315823
14297,0.001871,172.31.40.0-255,66,139358,78,315823
14298,0.001878,172.217.194.0-255,5738,145096,78,315823
14299,0.00188,172.31.40.0-255,66,145162,78,315823
14300,0.001902,172.31.40.0-255,66,145228,78,315823
14301,0.001908,172.217.194.0-255,4320,149548,78,315823
14302,0.00191,172.31.40.0-255,66,149614,78,315823
14303,0.001932,172.217.194.0-255,2184,151798,78,315823
14304,0.001935,172.31.40.0-255,66,151864,78,315823
14305,0.001938,172.217.194.0-255,1484,153348,78,315823
14306,0.00196,172.217.194.0-255,2902,156250,78,315823
14307,0.001963,172.31.40.0-255,66,156316,78,315823
14308,0.001968,172.217.194.0-255,4320,160636,78,315823
14309,0.00197,172.31.40.0-255,66,160702,78,315823
14310,0.001983,172.217.194.0-255,1484,162186,78,315823
14311,0.00199,172.217.194.0-255,7156,169342,78,315823
14312,0.001991,172.31.40.0-255,66,169408,78,315823
14313,0.002016,172.217.194.0-255,4320,173728,78,315823
14314,0.002018,172.31.40.0-255,66,173794,78,315823
14315,0.002052,172.217.194.0-255,2902,176696,78,315823
14316,0.002054,172.31.40.0-255,66,176762,78,315823
14317,0.002083,172.31.40.0-255,66,176828,78,315823
14318,0.00413,172.217.194.0-255,5738,182566,78,315823
14319,0.004136,172.31.40.0-255,66,182632,78,315823
14320,0.006162,172.217.194.0-255,5738,188370,78,315823
14321,0.006166,172.31.40.0-255,66,188436,78,315823
14322,0.008207,172.217.194.0-255,5738,194174,78,315823
14323,0.008214,172.31.40.0-255,66,194240,78,315823
14324,0.010248,172.217.194.0-255,5738,199978,78,315823
14325,0.010255,172.31.40.0-255,66,200044,78,315823
14326,0.012298,172.217.194.0-255,5738,205782,78,315823
14327,0.012306,172.31.40.0-255,66,205848,78,315823
14328,0.01435,172.217.194.0-255,5738,211586,78,315823
14329,0.014357,172.31.40.0-255,66,211652,78,315823
14330,0.016399,172.217.194.0-255,5738,217390,78,315823
14331,0.016408,172.31.40.0-255,66,217456,78,315823
14332,0.018531,172.217.194.0-255,5738,223194,78,315823
14333,0.018539,172.31.40.0-255,66,223260,78,315823
14334,0.020574,172.217.194.0-255,5738,228998,78,315823
14335,0.020586,172.31.40.0-255,66,229064,78,315823
14336,0.022638,172.217.194.0-255,5738,234802,78,315823
14337,0.022646,172.31.40.0-255,66,234868,78,315823
14338,0.024676,172.217.194.0-255,5738,240606,78,315823
14339,0.024685,172.31.40.0-255,66,240672,78,315823
14340,0.02673,172.217.194.0-255,5738,246410,78,315823
14341,0.026738,172.31.40.0-255,66,246476,78,315823
14342,0.028196,172.31.40.0-255,172,246648,78,315823
14343,0.028228,172.31.40.0-255,1107,247755,78,315823
14344,0.028293,172.31.40.0-255,1514,249269,78,315823
14345,0.028294,172.31.40.0-255,1514,250783,78,315823
14346,0.028318,172.31.40.0-255,932,251715,78,315823
14347,0.02883,172.217.194.0-255,5738,257453,78,315823
14348,0.028837,172.31.40.0-255,66,257519,78,315823
14349,0.02971,104.244.42.0-255,66,257585,78,315823
14350,0.029753,104.244.42.0-255,66,257651,78,315823
14351,0.029865,104.244.42.0-255,66,257717,78,315823
14352,0.029885,104.244.42.0-255,66,257783,78,315823
14353,0.030896,172.217.194.0-255,5738,263521,78,315823
14354,0.030903,172.31.40.0-255,66,263587,78,315823
14355,0.032948,172.217.194.0-255,5738,269325,78,315823
14356,0.032954,172.31.40.0-255,66,269391,78,315823
14357,0.035024,172.217.194.0-255,5738,275129,78,315823
14358,0.035031,172.31.40.0-255,66,275195,78,315823
14359,0.037089,172.217.194.0-255,5738,280933,78,315823
14360,0.037095,172.31.40.0-255,66,280999,78,315823
14361,0.039154,172.217.194.0-255,5738,286737,78,315823
14362,0.039161,172.31.40.0-255,66,286803,78,315823
14363,0.041279,172.217.194.0-255,5738,292541,78,315823
14364,0.041288,172.31.40.0-255,66,292607,78,315823
14365,0.043352,172.217.194.0-255,5738,298345,78,315823
14366,0.043359,172.31.40.0-255,66,298411,78,315823
14367,0.04541,172.217.194.0-255,5738,304149,78,315823
14368,0.045416,172.31.40.0-255,66,304215,78,315823
14369,0.047491,172.217.194.0-255,5738,309953,78,315823
14370,0.047498,172.31.40.0-255,66,310019,78,315823
14371,0.049587,172.217.194.0-255,5738,315757,78,315823
14372,0.049593,172.31.40.0-255,66,315823,78,315823
14373,0.0,172.217.194.0-255,144,144,78,159081
14374,2.2e-05,172.31.40.0-255,66,210,78,159081
14375,2.9e-05,172.217.194.0-255,1484,1694,78,159081
14376,3.3e-05,172.31.40.0-255,66,1760,78,159081
14377,4.7e-05,172.217.194.0-255,2902,4662,78,159081
14378,5.1e-05,172.31.40.0-255,66,4728,78,159081
14379,5.7e-05,172.217.194.0-255,4320,9048,78,159081
14380,6e-05,172.31.40.0-255,66,9114,78,159081
14381,6.6e-05,172.217.194.0-255,4905,14019,78,159081
14382,7e-05,172.31.40.0-255,66,14085,78,159081
14383,0.000107,172.217.194.0-255,5738,19823,78,159081
14384,0.00011,172.31.40.0-255,66,19889,78,159081
14385,0.000117,172.217.194.0-255,4320,24209,78,159081
14386,0.000119,172.31.40.0-255,66,24275,78,159081
14387,0.000148,172.217.194.0-255,5738,30013,78,159081
14388,0.000155,172.31.40.0-255,66,30079,78,159081
14389,0.000175,172.217.194.0-255,5738,35817,78,159081
14390,0.000178,172.31.40.0-255,66,35883,78,159081
14391,0.000224,172.31.40.0-255,66,35949,78,159081
14392,0.000259,172.31.40.0-255,66,36015,78,159081
14393,0.000288,172.217.194.0-255,5379,41394,78,159081
14394,0.00029,172.31.40.0-255,66,41460,78,159081
14395,0.000293,172.217.194.0-255,342,41802,78,159081
14396,0.000295,172.31.40.0-255,66,41868,78,159081
14397,0.001087,172.217.194.0-255,119,41987,78,159081
14398,0.001093,172.31.40.0-255,66,42053,78,159081
14399,0.001138,172.217.194.0-255,1484,43537,78,159081
14400,0.001141,172.31.40.0-255,66,43603,78,159081
14401,0.001146,172.217.194.0-255,2902,46505,78,159081
14402,0.001149,172.31.40.0-255,66,46571,78,159081
14403,0.001156,172.217.194.0-255,5738,52309,78,159081
14404,0.001163,172.31.40.0-255,66,52375,78,159081
14405,0.001197,172.217.194.0-255,1484,53859,78,159081
14406,0.001216,172.31.40.0-255,66,53925,78,159081
14407,0.001224,172.217.194.0-255,6438,60363,78,159081
14408,0.001226,172.31.40.0-255,66,60429,78,159081
14409,0.001759,172.217.194.0-255,1484,61913,78,159081
14410,0.001768,172.217.194.0-255,2902,64815,78,159081
14411,0.001773,172.31.40.0-255,66,64881,78,159081
14412,0.00178,172.217.194.0-255,5738,70619,78,159081
14413,0.001783,172.31.40.0-255,66,70685,78,159081
14414,0.001818,172.31.40.0-255,66,70751,78,159081
14415,0.001865,172.217.194.0-255,5738,76489,78,159081
14416,0.001867,172.31.40.0-255,66,76555,78,159081
14417,0.00189,172.31.40.0-255,66,76621,78,159081
14418,0.001903,172.31.40.0-255,66,76687,78,159081
14419,0.001944,172.217.194.0-255,7156,83843,78,159081
14420,0.001947,172.31.40.0-255,66,83909,78,159081
14421,0.001959,172.31.40.0-255,66,83975,78,159081
14422,0.002112,172.217.194.0-255,1484,85459,78,159081
14423,0.002139,172.217.194.0-255,2902,88361,78,159081
14424,0.002142,172.31.40.0-255,66,88427,78,159081
14425,0.002148,172.217.194.0-255,5738,94165,78,159081
14426,0.002151,172.31.40.0-255,66,94231,78,159081
14427,0.002162,172.217.194.0-255,6530,100761,78,159081
14428,0.002164,172.31.40.0-255,66,100827,78,159081
14429,0.002169,172.217.194.0-255,2902,103729,78,159081
14430,0.002171,172.31.40.0-255,66,103795,78,159081
14431,0.002203,172.31.40.0-255,66,103861,78,159081
14432,0.002206,172.217.194.0-255,1484,105345,78,159081
14433,0.002254,172.31.40.0-255,66,105411,78,159081
14434,0.002259,172.217.194.0-255,3602,109013,78,159081
14435,0.002262,172.31.40.0-255,66,109079,78,159081
14436,0.002321,172.217.194.0-255,1484,110563,78,159081
14437,0.002335,172.217.194.0-255,2902,113465,78,159081
14438,0.002337,172.31.40.0-255,66,113531,78,159081
14439,0.002344,172.217.194.0-255,5738,119269,78,159081
14440,0.002346,172.31.40.0-255,66,119335,78,159081
14441,0.002349,172.217.194.0-255,1484,120819,78,159081
14442,0.0024,172.217.194.0-255,5738,126557,78,159081
14443,0.002403,172.31.40.0-255,66,126623,78,159081
14444,0.002415,172.217.194.0-255,2902,129525,78,159081
14445,0.002417,172.31.40.0-255,66,129591,78,159081
14446,0.002433,172.31.40.0-255,66,129657,78,159081
14447,0.002436,172.217.194.0-255,1484,131141,78,159081
14448,0.002462,172.217.194.0-255,2184,133325,78,159081
14449,0.002465,172.31.40.0-255,66,133391,78,159081
14450,0.002484,172.31.40.0-255,66,133457,78,159081
14451,0.002487,172.217.194.0-255,1484,134941,78,159081
14452,0.002494,172.217.194.0-255,4320,139261,78,159081
14453,0.002496,172.31.40.0-255,66,139327,78,159081
14454,0.00255,172.31.40.0-255,66,139393,78,159081
14455,0.002593,172.217.194.0-255,2184,141577,78,159081
14456,0.002595,172.31.40.0-255,66,141643,78,159081
14457,0.00261,172.31.40.0-255,66,141709,78,159081
14458,0.002628,172.31.40.0-255,66,141775,78,159081
14459,0.002631,172.217.194.0-255,2184,143959,78,159081
14460,0.002634,172.31.40.0-255,66,144025,78,159081
14461,0.002639,172.217.194.0-255,4320,148345,78,159081
14462,0.002641,172.31.40.0-255,66,148411,78,159081
14463,0.002647,172.217.194.0-255,4320,152731,78,159081
14464,0.002653,172.31.40.0-255,66,152797,78,159081
14465,0.002712,172.31.40.0-255,66,152863,78,159081
14466,0.002714,172.217.194.0-255,1484,154347,78,159081
14467,0.002729,172.31.40.0-255,66,154413,78,159081
14468,0.002783,172.31.40.0-255,66,154479,78,159081
14469,0.002798,172.31.40.0-255,66,154545,78,159081
14470,0.002801,172.217.194.0-255,105,154650,78,159081
14471,0.014321,172.31.40.0-255,101,154751,78,159081
14472,0.015891,172.31.40.0-255,105,154856,78,159081
14473,0.01662,172.217.194.0-255,66,154922,78,159081
14474,0.018177,172.217.194.0-255,66,154988,78,159081
14475,0.049472,172.31.40.0-255,172,155160,78,159081
14476,0.049507,172.31.40.0-255,1108,156268,78,159081
14477,0.049565,172.31.40.0-255,1514,157782,78,159081
14478,0.049567,172.31.40.0-255,1299,159081,78,159081
14479,0.0,74.125.24.0-255,150,150,78,217513
14480,2.5e-05,172.31.40.0-255,66,216,78,217513
14481,3.2e-05,74.125.24.0-255,1484,1700,78,217513
14482,3.7e-05,172.31.40.0-255,66,1766,78,217513
14483,5e-05,74.125.24.0-255,2902,4668,78,217513
14484,5.3e-05,172.31.40.0-255,66,4734,78,217513
14485,5.7e-05,74.125.24.0-255,2902,7636,78,217513
14486,6e-05,172.31.40.0-255,66,7702,78,217513
14487,6.4e-05,74.125.24.0-255,1484,9186,78,217513
14488,6.7e-05,172.31.40.0-255,66,9252,78,217513
14489,0.000103,74.125.24.0-255,4962,14214,78,217513
14490,0.000106,172.31.40.0-255,66,14280,78,217513
14491,0.000148,74.125.24.0-255,1484,15764,78,217513
14492,0.000151,172.31.40.0-255,66,15830,78,217513
14493,0.000177,74.125.24.0-255,2902,18732,78,217513
14494,0.00018,172.31.40.0-255,66,18798,78,217513
14495,0.000186,74.125.24.0-255,5738,24536,78,217513
14496,0.000188,172.31.40.0-255,66,24602,78,217513
14497,0.000229,172.31.40.0-255,66,24668,78,217513
14498,0.000239,172.31.40.0-255,66,24734,78,217513
14499,0.000289,74.125.24.0-255,1484,26218,78,217513
14500,0.000292,172.31.40.0-255,66,26284,78,217513
14501,0.000322,172.31.40.0-255,66,26350,78,217513
14502,0.000395,74.125.24.0-255,111,26461,78,217513
14503,0.0004,172.31.40.0-255,66,26527,78,217513
14504,0.000754,74.125.24.0-255,330,26857,78,217513
14505,0.000761,172.31.40.0-255,66,26923,78,217513
14506,0.000798,74.125.24.0-255,1484,28407,78,217513
14507,0.000801,172.31.40.0-255,66,28473,78,217513
14508,0.000823,74.125.24.0-255,4320,32793,78,217513
14509,0.000826,172.31.40.0-255,66,32859,78,217513
14510,0.000831,74.125.24.0-255,2902,35761,78,217513
14511,0.000834,172.31.40.0-255,66,35827,78,217513
14512,0.000866,74.125.24.0-255,4320,40147,78,217513
14513,0.000869,172.31.40.0-255,66,40213,78,217513
14514,0.00088,172.31.40.0-255,66,40279,78,217513
14515,0.00091,74.125.24.0-255,5738,46017,78,217513
14516,0.000913,172.31.40.0-255,66,46083,78,217513
14517,0.000944,74.125.24.0-255,5020,51103,78,217513
14518,0.000948,172.31.40.0-255,66,51169,78,217513
14519,0.000995,74.125.24.0-255,1484,52653,78,217513
14520,0.001011,74.125.24.0-255,2902,55555,78,217513
14521,0.00102,172.31.40.0-255,66,55621,78,217513
14522,0.001025,74.125.24.0-255,2902,58523,78,217513
14523,0.001027,172.31.40.0-255,66,58589,78,217513
14524,0.001067,74.125.24.0-255,7156,65745,78,217513
14525,0.00107,172.31.40.0-255,66,65811,78,217513
14526,0.001099,74.125.24.0-255,1484,67295,78,217513
14527,0.00113,172.31.40.0-255,66,67361,78,217513
14528,0.00116,74.125.24.0-255,1484,68845,78,217513
14529,0.001166,74.125.24.0-255,3602,72447,78,217513
14530,0.001168,172.31.40.0-255,66,72513,78,217513
14531,0.001243,74.125.24.0-255,1484,73997,78,217513
14532,0.001248,74.125.24.0-255,2902,76899,78,217513
14533,0.001251,172.31.40.0-255,66,76965,78,217513
14534,0.00128,74.125.24.0-255,5738,82703,78,217513
14535,0.001283,172.31.40.0-255,66,82769,78,217513
14536,0.001288,74.125.24.0-255,2902,85671,78,217513
14537,0.00129,172.31.40.0-255,66,85737,78,217513
14538,0.001319,172.31.40.0-255,66,85803,78,217513
14539,0.001345,74.125.24.0-255,4320,90123,78,217513
14540,0.001348,172.31.40.0-255,66,90189,78,217513
14541,0.001354,74.125.24.0-255,5738,95927,78,217513
14542,0.001357,172.31.40.0-255,66,95993,78,217513
14543,0.001364,74.125.24.0-255,766,96759,78,217513
14544,0.001443,74.125.24.0-255,1484,98243,78,217513
14545,0.001447,172.31.40.0-255,66,98309,78,217513
14546,0.001452,74.125.24.0-255,2902,101211,78,217513
14547,0.001454,172.31.40.0-255,66,101277,78,217513
14548,0.001483,74.125.24.0-255,5738,107015,78,217513
14549,0.001486,172.31.40.0-255,66,107081,78,217513
14550,0.001525,172.31.40.0-255,66,107147,78,217513
14551,0.001531,74.125.24.0-255,4320,111467,78,217513
14552,0.001532,172.31.40.0-255,66,111533,78,217513
14553,0.001563,74.125.24.0-255,4320,115853,78,217513
14554,0.001566,172.31.40.0-255,66,115919,78,217513
14555,0.001601,172.31.40.0-255,66,115985,78,217513
14556,0.001613,172.31.40.0-255,66,116051,78,217513
14557,0.001642,74.125.24.0-255,5738,121789,78,217513
14558,0.001645,172.31.40.0-255,66,121855,78,217513
14559,0.001673,74.125.24.0-255,3602,125457,78,217513
14560,0.001676,172.31.40.0-255,66,125523,78,217513
14561,0.001718,74.125.24.0-255,1484,127007,78,217513
14562,0.001722,74.125.24.0-255,1484,128491,78,217513
14563,0.001725,172.31.40.0-255,66,128557,78,217513
14564,0.001749,74.125.24.0-255,1484,130041,78,217513
14565,0.001755,74.125.24.0-255,5738,135779,78,217513
14566,0.001758,172.31.40.0-255,66,135845,78,217513
14567,0.001796,74.125.24.0-255,2902,138747,78,217513
14568,0.001799,172.31.40.0-255,66,138813,78,217513
14569,0.001841,172.31.40.0-255,66,138879,78,217513
14570,0.001853,172.31.40.0-255,66,138945,78,217513
14571,0.001924,74.125.24.0-255,1484,140429,78,217513
14572,0.001941,74.125.24.0-255,2902,143331,78,217513
14573,0.001944,172.31.40.0-255,66,143397,78,217513
14574,0.001949,74.125.24.0-255,2902,146299,78,217513
14575,0.001951,172.31.40.0-255,66,146365,78,217513
14576,0.001972,74.125.24.0-255,2902,149267,78,217513
14577,0.001974,172.31.40.0-255,66,149333,78,217513
14578,0.001986,74.125.24.0-255,7156,156489,78,217513
14579,0.001989,172.31.40.0-255,66,156555,78,217513
14580,0.002011,74.125.24.0-255,2902,159457,78,217513
14581,0.002028,74.125.24.0-255,2184,161641,78,217513
14582,0.002034,172.31.40.0-255,66,161707,78,217513
14583,0.002041,172.31.40.0-255,66,161773,78,217513
14584,0.002044,172.31.40.0-255,66,161839,78,217513
14585,0.00208,74.125.24.0-255,2902,164741,78,217513
14586,0.002084,172.31.40.0-255,66,164807,78,217513
14587,0.00209,74.125.24.0-255,5738,170545,78,217513
14588,0.002093,172.31.40.0-255,66,170611,78,217513
14589,0.002104,74.125.24.0-255,5738,176349,78,217513
14590,0.002107,172.31.40.0-255,66,176415,78,217513
14591,0.002127,74.125.24.0-255,4320,180735,78,217513
14592,0.002129,172.31.40.0-255,66,180801,78,217513
14593,0.002135,74.125.24.0-255,5738,186539,78,217513
14594,0.002138,172.31.40.0-255,66,186605,78,217513
14595,0.002173,172.31.40.0-255,66,186671,78,217513
14596,0.00218,74.125.24.0-255,7156,193827,78,217513
14597,0.002182,172.31.40.0-255,66,193893,78,217513
14598,0.002221,172.31.40.0-255,66,193959,78,217513
14599,0.002228,74.125.24.0-255,7156,201115,78,217513
14600,0.002231,172.31.40.0-255,66,201181,78,217513
14601,0.002271,172.31.40.0-255,66,201247,78,217513
14602,0.002303,74.125.24.0-255,2184,203431,78,217513
14603,0.002307,172.31.40.0-255,66,203497,78,217513
14604,0.002324,172.31.40.0-255,66,203563,78,217513
14605,0.002332,74.125.24.0-255,7156,210719,78,217513
14606,0.002334,172.31.40.0-255,66,210785,78,217513
14607,0.002338,74.125.24.0-255,1559,212344,78,217513
14608,0.002341,172.31.40.0-255,66,212410,78,217513
14609,0.002382,74.125.24.0-255,105,212515,78,217513
14610,0.002393,74.125.24.0-255,129,212644,78,217513
14611,0.010574,172.31.40.0-255,105,212749,78,217513
14612,0.010616,172.31.40.0-255,105,212854,78,217513
14613,0.010839,172.31.40.0-255,90,212944,78,217513
14614,0.010848,172.31.40.0-255,66,213010,78,217513
14615,0.01316,74.125.24.0-255,66,213076,78,217513
14616,0.01322,74.125.24.0-255,66,213142,78,217513
14617,0.013427,74.125.24.0-255,66,213208,78,217513
14618,0.013449,74.125.24.0-255,66,213274,78,217513
14619,0.013456,172.31.40.0-255,66,213340,78,217513
14620,0.031942,172.31.40.0-255,172,213512,78,217513
14621,0.031972,172.31.40.0-255,1103,214615,78,217513
14622,0.032027,172.31.40.0-255,1514,216129,78,217513
14623,0.032029,172.31.40.0-255,1186,217315,78,217513
14624,0.033473,104.244.42.0-255,66,217381,78,217513
14625,0.033484,104.244.42.0-255,66,217447,78,217513
14626,0.033588,104.244.42.0-255,66,217513,78,217513
14627,0.0,172.217.194.0-255,153,153,78,231023
14628,3.3e-05,172.31.40.0-255,66,219,78,231023
14629,3.9e-05,172.217.194.0-255,1484,1703,78,231023
14630,4.3e-05,172.31.40.0-255,66,1769,78,231023
14631,4.9e-05,172.217.194.0-255,2902,4671,78,231023
14632,5.4e-05,172.31.40.0-255,66,4737,78,231023
14633,6.8e-05,172.217.194.0-255,7156,11893,78,231023
14634,7.1e-05,172.31.40.0-255,66,11959,78,231023
14635,7.6e-05,172.217.194.0-255,3402,15361,78,231023
14636,7.8e-05,172.31.40.0-255,66,15427,78,231023
14637,9.3e-05,172.217.194.0-255,1484,16911,78,231023
14638,9.6e-05,172.31.40.0-255,66,16977,78,231023
14639,0.00014,172.31.40.0-255,66,17043,78,231023
14640,0.000144,172.217.194.0-255,2543,19586,78,231023
14641,0.000147,172.31.40.0-255,66,19652,78,231023
14642,0.000201,172.217.194.0-255,1484,21136,78,231023
14643,0.000205,172.31.40.0-255,66,21202,78,231023
14644,0.000216,172.217.194.0-255,1484,22686,78,231023
14645,0.000224,172.31.40.0-255,66,22752,78,231023
14646,0.000237,172.217.194.0-255,1484,24236,78,231023
14647,0.000243,172.31.40.0-255,66,24302,78,231023
14648,0.000248,172.217.194.0-255,2902,27204,78,231023
14649,0.00025,172.31.40.0-255,66,27270,78,231023
14650,0.000273,172.217.194.0-255,2902,30172,78,231023
14651,0.000279,172.31.40.0-255,66,30238,78,231023
14652,0.000292,172.217.194.0-255,1484,31722,78,231023
14653,0.000294,172.31.40.0-255,66,31788,78,231023
14654,0.000334,172.31.40.0-255,66,31854,78,231023
14655,0.000344,172.31.40.0-255,66,31920,78,231023
14656,0.000347,172.217.194.0-255,1414,33334,78,231023
14657,0.000351,172.217.194.0-255,365,33699,78,231023
14658,0.000354,172.31.40.0-255,66,33765,78,231023
14659,0.00044,172.217.194.0-255,1484,35249,78,231023
14660,0.000456,172.217.194.0-255,2902,38151,78,231023
14661,0.00046,172.31.40.0-255,66,38217,78,231023
14662,0.000486,172.217.194.0-255,4320,42537,78,231023
14663,0.000489,172.31.40.0-255,66,42603,78,231023
14664,0.000562,172.31.40.0-255,66,42669,78,231023
14665,0.000751,172.217.194.0-255,1484,44153,78,231023
14666,0.000768,172.217.194.0-255,2902,47055,78,231023
14667,0.000772,172.31.40.0-255,66,47121,78,231023
14668,0.000803,172.217.194.0-255,4320,51441,78,231023
14669,0.00081,172.31.40.0-255,66,51507,78,231023
14670,0.000818,172.217.194.0-255,1484,52991,78,231023
14671,0.000851,172.217.194.0-255,1484,54475,78,231023
14672,0.000854,172.31.40.0-255,66,54541,78,231023
14673,0.000894,172.31.40.0-255,66,54607,78,231023
14674,0.000913,172.31.40.0-255,66,54673,78,231023
14675,0.000916,172.217.194.0-255,766,55439,78,231023
14676,0.001025,172.217.194.0-255,1484,56923,78,231023
14677,0.001029,172.31.40.0-255,66,56989,78,231023
14678,0.001033,172.217.194.0-255,1484,58473,78,231023
14679,0.001055,172.217.194.0-255,1484,59957,78,231023
14680,0.001058,172.31.40.0-255,66,60023,78,231023
14681,0.001064,172.217.194.0-255,5738,65761,78,231023
14682,0.001066,172.31.40.0-255,66,65827,78,231023
14683,0.001095,172.217.194.0-255,2902,68729,78,231023
14684,0.001098,172.31.40.0-255,66,68795,78,231023
14685,0.001136,172.31.40.0-255,66,68861,78,231023
14686,0.001167,172.217.194.0-255,5738,74599,78,231023
14687,0.001171,172.31.40.0-255,66,74665,78,231023
14688,0.001201,172.217.194.0-255,5020,79685,78,231023
14689,0.001204,172.31.40.0-255,66,79751,78,231023
14690,0.001812,172.217.194.0-255,1484,81235,78,231023
14691,0.001822,172.217.194.0-255,2902,84137,78,231023
14692,0.001826,172.31.40.0-255,66,84203,78,231023
14693,0.001834,172.217.194.0-255,5738,89941,78,231023
14694,0.001836,172.31.40.0-255,66,90007,78,231023
14695,0.001877,172.31.40.0-255,66,90073,78,231023
14696,0.0019,172.217.194.0-255,1484,91557,78,231023
14697,0.001928,172.217.194.0-255,4320,95877,78,231023
14698,0.001931,172.31.40.0-255,66,95943,78,231023
14699,0.001959,172.31.40.0-255,66,96009,78,231023
14700,0.002299,172.217.194.0-255,1484,97493,78,231023
14701,0.002318,172.217.194.0-255,2902,100395,78,231023
14702,0.002322,172.31.40.0-255,66,100461,78,231023
14703,0.002328,172.217.194.0-255,4320,104781,78,231023
14704,0.00233,172.31.40.0-255,66,104847,78,231023
14705,0.002348,172.217.194.0-255,1484,106331,78,231023
14706,0.002408,172.31.40.0-255,66,106397,78,231023
14707,0.002431,172.217.194.0-255,4320,110717,78,231023
14708,0.002433,172.31.40.0-255,66,110783,78,231023
14709,0.002436,172.217.194.0-255,1484,112267,78,231023
14710,0.00478,172.217.194.0-255,2902,115169,78,231023
14711,0.004784,172.31.40.0-255,66,115235,78,231023
14712,0.004807,172.217.194.0-255,1484,116719,78,231023
14713,0.007095,172.217.194.0-255,4320,121039,78,231023
14714,0.007101,172.31.40.0-255,66,121105,78,231023
14715,0.009415,172.217.194.0-255,5738,126843,78,231023
14716,0.009422,172.31.40.0-255,66,126909,78,231023
14717,0.011789,172.217.194.0-255,5738,132647,78,231023
14718,0.011796,172.31.40.0-255,66,132713,78,231023
14719,0.01416,172.217.194.0-255,5738,138451,78,231023
14720,0.014174,172.31.40.0-255,66,138517,78,231023
14721,0.016509,172.217.194.0-255,5738,144255,78,231023
14722,0.01652,172.31.40.0-255,66,144321,78,231023
14723,0.01889,172.217.194.0-255,5738,150059,78,231023
14724,0.018906,172.31.40.0-255,66,150125,78,231023
14725,0.021279,172.217.194.0-255,5738,155863,78,231023
14726,0.02129,172.31.40.0-255,66,155929,78,231023
14727,0.023631,172.217.194.0-255,5738,161667,78,231023
14728,0.023642,172.31.40.0-255,66,161733,78,231023
14729,0.026006,172.217.194.0-255,5738,167471,78,231023
14730,0.026015,172.31.40.0-255,66,167537,78,231023
14731,0.028367,172.217.194.0-255,5738,173275,78,231023
14732,0.028377,172.31.40.0-255,66,173341,78,231023
14733,0.029348,172.31.40.0-255,172,173513,78,231023
14734,0.029379,172.31.40.0-255,1108,174621,78,231023
14735,0.029419,172.31.40.0-255,1514,176135,78,231023
14736,0.029421,172.31.40.0-255,1514,177649,78,231023
14737,0.029444,172.31.40.0-255,700,178349,78,231023
14738,0.030685,172.217.194.0-255,5738,184087,78,231023
14739,0.030692,172.31.40.0-255,66,184153,78,231023
14740,0.030934,104.244.42.0-255,66,184219,78,231023
14741,0.030943,104.244.42.0-255,66,184285,78,231023
14742,0.030977,104.244.42.0-255,66,184351,78,231023
14743,0.030982,104.244.42.0-255,66,184417,78,231023
14744,0.032472,104.244.42.0-255,108,184525,78,231023
14745,0.032493,172.31.40.0-255,66,184591,78,231023
14746,0.033019,172.217.194.0-255,5738,190329,78,231023
14747,0.033023,172.31.40.0-255,66,190395,78,231023
14748,0.03534,172.217.194.0-255,5738,196133,78,231023
14749,0.035346,172.31.40.0-255,66,196199,78,231023
14750,0.037689,172.217.194.0-255,5738,201937,78,231023
14751,0.037694,172.31.40.0-255,66,202003,78,231023
14752,0.040049,172.217.194.0-255,5738,207741,78,231023
14753,0.040054,172.31.40.0-255,66,207807,78,231023
14754,0.042412,172.217.194.0-255,5738,213545,78,231023
14755,0.042417,172.31.40.0-255,66,213611,78,231023
14756,0.044758,172.217.194.0-255,5738,219349,78,231023
14757,0.044777,172.31.40.0-255,66,219415,78,231023
14758,0.047123,172.217.194.0-255,5738,225153,78,231023
14759,0.047128,172.31.40.0-255,66,225219,78,231023
14760,0.049462,172.217.194.0-255,5738,230957,78,231023
14761,0.049467,172.31.40.0-255,66,231023,78,231023
14762,0.0,172.217.194.0-255,153,153,78,171071
14763,2.5e-05,172.31.40.0-255,66,219,78,171071
14764,3.1e-05,172.217.194.0-255,1484,1703,78,171071
14765,3.6e-05,172.31.40.0-255,66,1769,78,171071
14766,4.2e-05,172.217.194.0-255,2902,4671,78,171071
14767,4.6e-05,172.31.40.0-255,66,4737,78,171071
14768,5.4e-05,172.217.194.0-255,7156,11893,78,171071
14769,5.7e-05,172.31.40.0-255,66,11959,78,171071
14770,6.1e-05,172.217.194.0-255,2039,13998,78,171071
14771,6.4e-05,172.31.40.0-255,66,14064,78,171071
14772,9.3e-05,172.217.194.0-255,1484,15548,78,171071
14773,9.6e-05,172.31.40.0-255,66,15614,78,171071
14774,0.000101,172.217.194.0-255,2902,18516,78,171071
14775,0.000104,172.31.40.0-255,66,18582,78,171071
14776,0.00011,172.217.194.0-255,5738,24320,78,171071
14777,0.000112,172.31.40.0-255,66,24386,78,171071
14778,0.000136,172.217.194.0-255,1484,25870,78,171071
14779,0.000138,172.31.40.0-255,66,25936,78,171071
14780,0.000161,172.217.194.0-255,5379,31315,78,171071
14781,0.000164,172.31.40.0-255,66,31381,78,171071
14782,0.000181,172.217.194.0-255,1484,32865,78,171071
14783,0.000183,172.31.40.0-255,66,32931,78,171071
14784,0.000197,172.217.194.0-255,5738,38669,78,171071
14785,0.000199,172.31.40.0-255,66,38735,78,171071
14786,0.000206,172.217.194.0-255,7156,45891,78,171071
14787,0.000209,172.31.40.0-255,66,45957,78,171071
14788,0.000257,172.31.40.0-255,66,46023,78,171071
14789,0.000263,172.217.194.0-255,4320,50343,78,171071
14790,0.000265,172.31.40.0-255,66,50409,78,171071
14791,0.000282,172.217.194.0-255,5653,56062,78,171071
14792,0.000285,172.31.40.0-255,66,56128,78,171071
14793,0.000287,172.217.194.0-255,435,56563,78,171071
14794,0.000574,172.217.194.0-255,1484,58047,78,171071
14795,0.00058,172.31.40.0-255,66,58113,78,171071
14796,0.000599,172.217.194.0-255,2902,61015,78,171071
14797,0.000602,172.31.40.0-255,66,61081,78,171071
14798,0.000607,172.217.194.0-255,4320,65401,78,171071
14799,0.00061,172.31.40.0-255,66,65467,78,171071
14800,0.000644,172.31.40.0-255,66,65533,78,171071
14801,0.000675,172.217.194.0-255,4320,69853,78,171071
14802,0.000679,172.31.40.0-255,66,69919,78,171071
14803,0.000711,172.31.40.0-255,66,69985,78,171071
14804,0.000765,172.217.194.0-255,1484,71469,78,171071
14805,0.000771,172.217.194.0-255,2902,74371,78,171071
14806,0.000773,172.31.40.0-255,66,74437,78,171071
14807,0.00078,172.217.194.0-255,5738,80175,78,171071
14808,0.000783,172.31.40.0-255,66,80241,78,171071
14809,0.000796,172.31.40.0-255,66,80307,78,171071
14810,0.00083,172.31.40.0-255,66,80373,78,171071
14811,0.001145,172.217.194.0-255,1484,81857,78,171071
14812,0.001151,172.217.194.0-255,2902,84759,78,171071
14813,0.001154,172.31.40.0-255,66,84825,78,171071
14814,0.001159,172.217.194.0-255,2902,87727,78,171071
14815,0.001161,172.31.40.0-255,66,87793,78,171071
14816,0.001174,172.217.194.0-255,2902,90695,78,171071
14817,0.001176,172.31.40.0-255,66,90761,78,171071
14818,0.001182,172.217.194.0-255,4320,95081,78,171071
14819,0.001183,172.31.40.0-255,66,95147,78,171071
14820,0.001217,172.31.40.0-255,66,95213,78,171071
14821,0.001223,172.217.194.0-255,5738,100951,78,171071
14822,0.001225,172.31.40.0-255,66,101017,78,171071
14823,0.00124,172.217.194.0-255,5020,106037,78,171071
14824,0.001243,172.31.40.0-255,66,106103,78,171071
14825,0.001478,172.217.194.0-255,1484,107587,78,171071
14826,0.001483,172.217.194.0-255,1484,109071,78,171071
14827,0.001486,172.31.40.0-255,66,109137,78,171071
14828,0.001504,172.217.194.0-255,1484,110621,78,171071
14829,0.001509,172.217.194.0-255,5738,116359,78,171071
14830,0.001511,172.217.194.0-255,1484,117843,78,171071
14831,0.001516,172.31.40.0-255,66,117909,78,171071
14832,0.001556,172.31.40.0-255,66,117975,78,171071
14833,0.001568,172.31.40.0-255,66,118041,78,171071
14834,0.001571,172.217.194.0-255,766,118807,78,171071
14835,0.001602,172.217.194.0-255,1484,120291,78,171071
14836,0.001605,172.31.40.0-255,66,120357,78,171071
14837,0.001611,172.217.194.0-255,4320,124677,78,171071
14838,0.001613,172.31.40.0-255,66,124743,78,171071
14839,0.00163,172.217.194.0-255,7156,131899,78,171071
14840,0.001634,172.31.40.0-255,66,131965,78,171071
14841,0.001651,172.217.194.0-255,2902,134867,78,171071
14842,0.001653,172.31.40.0-255,66,134933,78,171071
14843,0.001664,172.31.40.0-255,66,134999,78,171071
14844,0.001683,172.217.194.0-255,4320,139319,78,171071
14845,0.001687,172.31.40.0-255,66,139385,78,171071
14846,0.0017,172.217.194.0-255,5020,144405,78,171071
14847,0.001702,172.31.40.0-255,66,144471,78,171071
14848,0.001763,172.217.194.0-255,1484,145955,78,171071
14849,0.001769,172.217.194.0-255,2902,148857,78,171071
14850,0.001771,172.31.40.0-255,66,148923,78,171071
14851,0.001794,172.217.194.0-255,5738,154661,78,171071
14852,0.001797,172.31.40.0-255,66,154727,78,171071
14853,0.001813,172.31.40.0-255,66,154793,78,171071
14854,0.001829,172.217.194.0-255,4320,159113,78,171071
14855,0.001831,172.31.40.0-255,66,159179,78,171071
14856,0.001835,172.217.194.0-255,1484,160663,78,171071
14857,0.001862,172.31.40.0-255,66,160729,78,171071
14858,0.00187,172.217.194.0-255,1484,162213,78,171071
14859,0.001898,172.31.40.0-255,66,162279,78,171071
14860,0.001912,172.31.40.0-255,66,162345,78,171071
14861,0.002006,172.31.40.0-255,66,162411,78,171071
14862,0.002025,172.31.40.0-255,66,162477,78,171071
14863,0.00205,172.31.40.0-255,66,162543,78,171071
14864,0.002066,172.217.194.0-255,3602,166145,78,171071
14865,0.002069,172.31.40.0-255,66,166211,78,171071
14866,0.002087,172.31.40.0-255,66,166277,78,171071
14867,0.002113,172.217.194.0-255,4320,170597,78,171071
14868,0.002116,172.31.40.0-255,66,170663,78,171071
14869,0.002146,172.31.40.0-255,66,170729,78,171071
14870,0.00215,172.217.194.0-255,105,170834,78,171071
14871,0.016086,172.31.40.0-255,66,170900,78,171071
14872,0.016139,172.31.40.0-255,105,171005,78,171071
14873,0.01861,172.217.194.0-255,66,171071,78,171071
14874,0.0,172.217.194.0-255,291,291,78,146223
14875,2.5e-05,172.31.40.0-255,66,357,78,146223
14876,3.2e-05,172.217.194.0-255,1484,1841,78,146223
14877,3.6e-05,172.31.40.0-255,66,1907,78,146223
14878,4.3e-05,172.217.194.0-255,4320,6227,78,146223
14879,5.4e-05,172.31.40.0-255,66,6293,78,146223
14880,0.000112,172.217.194.0-255,2902,9195,78,146223
14881,0.000116,172.31.40.0-255,66,9261,78,146223
14882,0.000149,172.217.194.0-255,6166,15427,78,146223
14883,0.000153,172.31.40.0-255,66,15493,78,146223
14884,0.000325,172.217.194.0-255,4320,19813,78,146223
14885,0.00033,172.31.40.0-255,66,19879,78,146223
14886,0.000415,172.217.194.0-255,1484,21363,78,146223
14887,0.000419,172.31.40.0-255,66,21429,78,146223
14888,0.000473,172.31.40.0-255,66,21495,78,146223
14889,0.000771,172.31.40.0-255,66,21561,78,146223
14890,0.001032,172.31.40.0-255,66,21627,78,146223
14891,0.001085,172.31.40.0-255,66,21693,78,146223
14892,0.001779,172.31.40.0-255,66,21759,78,146223
14893,0.001823,172.31.40.0-255,66,21825,78,146223
14894,0.001891,172.31.40.0-255,66,21891,78,146223
14895,0.001928,172.31.40.0-255,66,21957,78,146223
14896,0.00273,172.217.194.0-255,1484,23441,78,146223
14897,0.002736,172.31.40.0-255,66,23507,78,146223
14898,0.007314,172.31.40.0-255,66,23573,78,146223
14899,0.007376,172.31.40.0-255,101,23674,78,146223
14900,0.009344,172.217.194.0-255,5738,29412,78,146223
14901,0.009351,172.31.40.0-255,66,29478,78,146223
14902,0.009381,172.217.194.0-255,66,29544,78,146223
14903,0.01139,172.217.194.0-255,5738,35282,78,146223
14904,0.011399,172.31.40.0-255,66,35348,78,146223
14905,0.013437,172.217.194.0-255,5738,41086,78,146223
14906,0.013444,172.31.40.0-255,66,41152,78,146223
14907,0.01546,172.217.194.0-255,2902,44054,78,146223
14908,0.015471,172.31.40.0-255,66,44120,78,146223
14909,0.015505,172.217.194.0-255,2902,47022,78,146223
14910,0.015508,172.31.40.0-255,66,47088,78,146223
14911,0.017492,172.217.194.0-255,2902,49990,78,146223
14912,0.017498,172.31.40.0-255,66,50056,78,146223
14913,0.017533,172.217.194.0-255,2902,52958,78,146223
14914,0.017536,172.31.40.0-255,66,53024,78,146223
14915,0.01953,172.217.194.0-255,2902,55926,78,146223
14916,0.019537,172.31.40.0-255,66,55992,78,146223
14917,0.019569,172.217.194.0-255,2902,58894,78,146223
14918,0.019572,172.31.40.0-255,66,58960,78,146223
14919,0.021566,172.217.194.0-255,2902,61862,78,146223
14920,0.021573,172.31.40.0-255,66,61928,78,146223
14921,0.021605,172.217.194.0-255,2902,64830,78,146223
14922,0.021608,172.31.40.0-255,66,64896,78,146223
14923,0.023601,172.217.194.0-255,2902,67798,78,146223
14924,0.02361,172.31.40.0-255,66,67864,78,146223
14925,0.023654,172.217.194.0-255,2902,70766,78,146223
14926,0.023657,172.31.40.0-255,66,70832,78,146223
14927,0.02563,172.217.194.0-255,2902,73734,78,146223
14928,0.025637,172.31.40.0-255,66,73800,78,146223
14929,0.025666,172.217.194.0-255,2902,76702,78,146223
14930,0.025668,172.31.40.0-255,66,76768,78,146223
14931,0.027685,172.217.194.0-255,2902,79670,78,146223
14932,0.027695,172.31.40.0-255,66,79736,78,146223
14933,0.027723,172.217.194.0-255,2902,82638,78,146223
14934,0.027725,172.31.40.0-255,66,82704,78,146223
14935,0.029715,172.217.194.0-255,2902,85606,78,146223
14936,0.029722,172.31.40.0-255,66,85672,78,146223
14937,0.029753,172.217.194.0-255,1484,87156,78,146223
14938,0.029769,172.217.194.0-255,1484,88640,78,146223
14939,0.029772,172.31.40.0-255,66,88706,78,146223
14940,0.031736,172.217.194.0-255,2902,91608,78,146223
14941,0.031744,172.31.40.0-255,66,91674,78,146223
14942,0.031777,172.217.194.0-255,1484,93158,78,146223
14943,0.031792,172.217.194.0-255,1484,94642,78,146223
14944,0.031794,172.31.40.0-255,66,94708,78,146223
14945,0.033179,172.31.40.0-255,172,94880,78,146223
14946,0.033209,172.31.40.0-255,1108,95988,78,146223
14947,0.033269,172.31.40.0-255,1514,97502,78,146223
14948,0.033271,172.31.40.0-255,1299,98801,78,146223
14949,0.033804,172.217.194.0-255,2902,101703,78,146223
14950,0.033811,172.31.40.0-255,66,101769,78,146223
14951,0.033842,172.217.194.0-255,2902,104671,78,146223
14952,0.033845,172.31.40.0-255,66,104737,78,146223
14953,0.034725,104.244.42.0-255,66,104803,78,146223
14954,0.03477,104.244.42.0-255,66,104869,78,146223
14955,0.034824,104.244.42.0-255,66,104935,78,146223
14956,0.035832,172.217.194.0-255,2902,107837,78,146223
14957,0.035838,172.31.40.0-255,66,107903,78,146223
14958,0.035871,172.217.194.0-255,2902,110805,78,146223
14959,0.035874,172.31.40.0-255,66,110871,78,146223
14960,0.037868,172.217.194.0-255,2902,113773,78,146223
14961,0.037884,172.31.40.0-255,66,113839,78,146223
14962,0.037916,172.217.194.0-255,2902,116741,78,146223
14963,0.03792,172.31.40.0-255,66,116807,78,146223
14964,0.039936,172.217.194.0-255,2902,119709,78,146223
14965,0.039949,172.31.40.0-255,66,119775,78,146223
14966,0.039984,172.217.194.0-255,2902,122677,78,146223
14967,0.039988,172.31.40.0-255,66,122743,78,146223
14968,0.04197,172.217.194.0-255,2902,125645,78,146223
14969,0.041985,172.31.40.0-255,66,125711,78,146223
14970,0.042023,172.217.194.0-255,2902,128613,78,146223
14971,0.042027,172.31.40.0-255,66,128679,78,146223
14972,0.04404,172.217.194.0-255,2902,131581,78,146223
14973,0.044054,172.31.40.0-255,66,131647,78,146223
14974,0.044091,172.217.194.0-255,2902,134549,78,146223
14975,0.044095,172.31.40.0-255,66,134615,78,146223
14976,0.046142,172.217.194.0-255,5738,140353,78,146223
14977,0.046158,172.31.40.0-255,66,140419,78,146223
14978,0.048224,172.217.194.0-255,5738,146157,78,146223
14979,0.048234,172.31.40.0-255,66,146223,78,146223
14980,0.0,74.125.24.0-255,296,296,78,203829
14981,1.5e-05,172.31.40.0-255,66,362,78,203829
14982,2.1e-05,74.125.24.0-255,1484,1846,78,203829
14983,3.4e-05,172.31.40.0-255,66,1912,78,203829
14984,4.1e-05,74.125.24.0-255,4320,6232,78,203829
14985,4.4e-05,172.31.40.0-255,66,6298,78,203829
14986,6.1e-05,74.125.24.0-255,2902,9200,78,203829
14987,6.4e-05,172.31.40.0-255,66,9266,78,203829
14988,0.000107,74.125.24.0-255,4744,14010,78,203829
14989,0.00011,172.31.40.0-255,66,14076,78,203829
14990,0.000278,74.125.24.0-255,1484,15560,78,203829
14991,0.000283,172.31.40.0-255,66,15626,78,203829
14992,0.000289,74.125.24.0-255,2902,18528,78,203829
14993,0.000292,172.31.40.0-255,66,18594,78,203829
14994,0.000314,74.125.24.0-255,1484,20078,78,203829
14995,0.000316,172.31.40.0-255,66,20144,78,203829
14996,0.000335,74.125.24.0-255,4320,24464,78,203829
14997,0.000338,172.31.40.0-255,66,24530,78,203829
14998,0.000402,74.125.24.0-255,6797,31327,78,203829
14999,0.000406,172.31.40.0-255,66,31393,78,203829
15000,0.000484,74.125.24.0-255,1484,32877,78,203829
15001,0.000489,172.31.40.0-255,66,32943,78,203829
15002,0.000526,172.31.40.0-255,66,33009,78,203829
15003,0.000698,172.31.40.0-255,66,33075,78,203829
15004,0.000835,172.31.40.0-255,66,33141,78,203829
15005,0.000927,74.125.24.0-255,431,33572,78,203829
15006,0.000931,172.31.40.0-255,66,33638,78,203829
15007,0.000952,74.125.24.0-255,2902,36540,78,203829
15008,0.000955,172.31.40.0-255,66,36606,78,203829
15009,0.000997,172.31.40.0-255,66,36672,78,203829
15010,0.001273,74.125.24.0-255,5738,42410,78,203829
15011,0.001277,172.31.40.0-255,66,42476,78,203829
15012,0.0013,74.125.24.0-255,5297,47773,78,203829
15013,0.001308,172.31.40.0-255,66,47839,78,203829
15014,0.001418,74.125.24.0-255,5738,53577,78,203829
15015,0.001421,172.31.40.0-255,66,53643,78,203829
15016,0.001479,172.31.40.0-255,66,53709,78,203829
15017,0.001784,172.31.40.0-255,66,53775,78,203829
15018,0.001873,74.125.24.0-255,1484,55259,78,203829
15019,0.001895,74.125.24.0-255,2902,58161,78,203829
15020,0.001929,74.125.24.0-255,5738,63899,78,203829
15021,0.002019,74.125.24.0-255,7156,71055,78,203829
15022,0.002042,74.125.24.0-255,5738,76793,78,203829
15023,0.002186,74.125.24.0-255,4320,81113,78,203829
15024,0.002209,74.125.24.0-255,6438,87551,78,203829
15025,0.002332,74.125.24.0-255,4320,91871,78,203829
15026,0.002415,172.31.40.0-255,66,91937,78,203829
15027,0.002506,74.125.24.0-255,7156,99093,78,203829
15028,0.00252,172.31.40.0-255,66,99159,78,203829
15029,0.002559,172.31.40.0-255,66,99225,78,203829
15030,0.002847,172.31.40.0-255,66,99291,78,203829
15031,0.002921,172.31.40.0-255,66,99357,78,203829
15032,0.005241,74.125.24.0-255,5738,105095,78,203829
15033,0.005248,172.31.40.0-255,66,105161,78,203829
15034,0.007586,74.125.24.0-255,5738,110899,78,203829
15035,0.010486,172.31.40.0-255,66,110965,78,203829
15036,0.01279,74.125.24.0-255,5738,116703,78,203829
15037,0.012801,172.31.40.0-255,66,116769,78,203829
15038,0.015182,74.125.24.0-255,5738,122507,78,203829
15039,0.015194,172.31.40.0-255,66,122573,78,203829
15040,0.017538,74.125.24.0-255,5738,128311,78,203829
15041,0.017555,172.31.40.0-255,66,128377,78,203829
15042,0.019867,74.125.24.0-255,5738,134115,78,203829
15043,0.019874,172.31.40.0-255,66,134181,78,203829
15044,0.022199,74.125.24.0-255,5738,139919,78,203829
15045,0.022216,172.31.40.0-255,66,139985,78,203829
15046,0.024551,74.125.24.0-255,5738,145723,78,203829
15047,0.024559,172.31.40.0-255,66,145789,78,203829
15048,0.02687,74.125.24.0-255,5738,151527,78,203829
15049,0.026879,172.31.40.0-255,66,151593,78,203829
15050,0.029183,74.125.24.0-255,5738,157331,78,203829
15051,0.029191,172.31.40.0-255,66,157397,78,203829
15052,0.031509,74.125.24.0-255,5738,163135,78,203829
15053,0.031516,172.31.40.0-255,66,163201,78,203829
15054,0.033818,74.125.24.0-255,5738,168939,78,203829
15055,0.033829,172.31.40.0-255,66,169005,78,203829
15056,0.036178,74.125.24.0-255,5738,174743,78,203829
15057,0.036194,172.31.40.0-255,66,174809,78,203829
15058,0.038526,74.125.24.0-255,5738,180547,78,203829
15059,0.03854,172.31.40.0-255,66,180613,78,203829
15060,0.040881,74.125.24.0-255,5738,186351,78,203829
15061,0.040891,172.31.40.0-255,66,186417,78,203829
15062,0.043176,74.125.24.0-255,5738,192155,78,203829
15063,0.043184,172.31.40.0-255,66,192221,78,203829
15064,0.045505,74.125.24.0-255,5738,197959,78,203829
15065,0.045514,172.31.40.0-255,66,198025,78,203829
15066,0.047852,74.125.24.0-255,5738,203763,78,203829
15067,0.047865,172.31.40.0-255,66,203829,78,203829
15068,0.0,74.125.24.0-255,150,150,78,280407
15069,2.1e-05,172.31.40.0-255,66,216,78,280407
15070,3e-05,74.125.24.0-255,1484,1700,78,280407
15071,3.5e-05,172.31.40.0-255,66,1766,78,280407
15072,4.1e-05,74.125.24.0-255,2902,4668,78,280407
15073,4.4e-05,172.31.40.0-255,66,4734,78,280407
15074,5.1e-05,74.125.24.0-255,5738,10472,78,280407
15075,5.4e-05,172.31.40.0-255,66,10538,78,280407
15076,8.1e-05,74.125.24.0-255,3486,14024,78,280407
15077,8.3e-05,172.31.40.0-255,66,14090,78,280407
15078,0.000161,74.125.24.0-255,1484,15574,78,280407
15079,0.000165,172.31.40.0-255,66,15640,78,280407
15080,0.00017,74.125.24.0-255,2902,18542,78,280407
15081,0.000172,172.31.40.0-255,66,18608,78,280407
15082,0.000202,74.125.24.0-255,5738,24346,78,280407
15083,0.000205,172.31.40.0-255,66,24412,78,280407
15084,0.000222,74.125.24.0-255,4320,28732,78,280407
15085,0.000224,172.31.40.0-255,66,28798,78,280407
15086,0.000245,74.125.24.0-255,2543,31341,78,280407
15087,0.000248,172.31.40.0-255,66,31407,78,280407
15088,0.000254,74.125.24.0-255,7156,38563,78,280407
15089,0.000257,172.31.40.0-255,66,38629,78,280407
15090,0.000283,172.31.40.0-255,66,38695,78,280407
15091,0.000418,74.125.24.0-255,1484,40179,78,280407
15092,0.000422,172.31.40.0-255,66,40245,78,280407
15093,0.000427,74.125.24.0-255,2902,43147,78,280407
15094,0.000429,172.31.40.0-255,66,43213,78,280407
15095,0.000434,74.125.24.0-255,4320,47533,78,280407
15096,0.000437,172.31.40.0-255,66,47599,78,280407
15097,0.000451,74.125.24.0-255,1484,49083,78,280407
15098,0.000458,74.125.24.0-255,6797,55880,78,280407
15099,0.000462,172.31.40.0-255,66,55946,78,280407
15100,0.000465,172.31.40.0-255,66,56012,78,280407
15101,0.000492,74.125.24.0-255,421,56433,78,280407
15102,0.000525,74.125.24.0-255,353,56786,78,280407
15103,0.00104,172.31.40.0-255,66,56852,78,280407
15104,0.001045,74.125.24.0-255,1484,58336,78,280407
15105,0.001059,74.125.24.0-255,2902,61238,78,280407
15106,0.001062,172.31.40.0-255,66,61304,78,280407
15107,0.001073,74.125.24.0-255,1484,62788,78,280407
15108,0.001096,74.125.24.0-255,4320,67108,78,280407
15109,0.001099,172.31.40.0-255,66,67174,78,280407
15110,0.001103,74.125.24.0-255,2902,70076,78,280407
15111,0.001105,172.31.40.0-255,66,70142,78,280407
15112,0.001116,172.31.40.0-255,66,70208,78,280407
15113,0.001153,172.31.40.0-255,66,70274,78,280407
15114,0.001172,74.125.24.0-255,2184,72458,78,280407
15115,0.001174,172.31.40.0-255,66,72524,78,280407
15116,0.001319,74.125.24.0-255,1484,74008,78,280407
15117,0.001337,74.125.24.0-255,2902,76910,78,280407
15118,0.00134,172.31.40.0-255,66,76976,78,280407
15119,0.001346,74.125.24.0-255,2902,79878,78,280407
15120,0.001348,172.31.40.0-255,66,79944,78,280407
15121,0.001361,74.125.24.0-255,2902,82846,78,280407
15122,0.001363,172.31.40.0-255,66,82912,78,280407
15123,0.001379,74.125.24.0-255,4320,87232,78,280407
15124,0.001382,172.31.40.0-255,66,87298,78,280407
15125,0.001404,172.31.40.0-255,66,87364,78,280407
15126,0.001408,74.125.24.0-255,2902,90266,78,280407
15127,0.001411,172.31.40.0-255,66,90332,78,280407
15128,0.001443,172.31.40.0-255,66,90398,78,280407
15129,0.001481,74.125.24.0-255,1484,91882,78,280407
15130,0.001499,74.125.24.0-255,2902,94784,78,280407
15131,0.001502,172.31.40.0-255,66,94850,78,280407
15132,0.001505,74.125.24.0-255,1484,96334,78,280407
15133,0.001521,74.125.24.0-255,4320,100654,78,280407
15134,0.001523,172.31.40.0-255,66,100720,78,280407
15135,0.001558,172.31.40.0-255,66,100786,78,280407
15136,0.001577,74.125.24.0-255,2902,103688,78,280407
15137,0.001579,172.31.40.0-255,66,103754,78,280407
15138,0.001586,74.125.24.0-255,5738,109492,78,280407
15139,0.001588,172.31.40.0-255,66,109558,78,280407
15140,0.001609,74.125.24.0-255,5020,114578,78,280407
15141,0.001612,172.31.40.0-255,66,114644,78,280407
15142,0.002174,74.125.24.0-255,1484,116128,78,280407
15143,0.002178,74.125.24.0-255,1484,117612,78,280407
15144,0.002181,172.31.40.0-255,66,117678,78,280407
15145,0.002194,74.125.24.0-255,1484,119162,78,280407
15146,0.002213,74.125.24.0-255,4320,123482,78,280407
15147,0.002215,172.31.40.0-255,66,123548,78,280407
15148,0.002238,74.125.24.0-255,7156,130704,78,280407
15149,0.00224,172.31.40.0-255,66,130770,78,280407
15150,0.002253,74.125.24.0-255,1484,132254,78,280407
15151,0.002279,172.31.40.0-255,66,132320,78,280407
15152,0.002414,74.125.24.0-255,4320,136640,78,280407
15153,0.002418,172.31.40.0-255,66,136706,78,280407
15154,0.002441,74.125.24.0-255,766,137472,78,280407
15155,0.002483,74.125.24.0-255,5738,143210,78,280407
15156,0.002486,172.31.40.0-255,66,143276,78,280407
15157,0.002492,74.125.24.0-255,4320,147596,78,280407
15158,0.002494,172.31.40.0-255,66,147662,78,280407
15159,0.002509,74.125.24.0-255,1484,149146,78,280407
15160,0.002516,74.125.24.0-255,5738,154884,78,280407
15161,0.002518,172.31.40.0-255,66,154950,78,280407
15162,0.002539,74.125.24.0-255,7156,162106,78,280407
15163,0.002541,172.31.40.0-255,66,162172,78,280407
15164,0.00256,74.125.24.0-255,7156,169328,78,280407
15165,0.002564,172.31.40.0-255,66,169394,78,280407
15166,0.002573,74.125.24.0-255,2184,171578,78,280407
15167,0.002575,172.31.40.0-255,66,171644,78,280407
15168,0.005134,74.125.24.0-255,5738,177382,78,280407
15169,0.005142,172.31.40.0-255,66,177448,78,280407
15170,0.00769,74.125.24.0-255,5738,183186,78,280407
15171,0.007697,172.31.40.0-255,66,183252,78,280407
15172,0.010243,74.125.24.0-255,5738,188990,78,280407
15173,0.010251,172.31.40.0-255,66,189056,78,280407
15174,0.01285,74.125.24.0-255,5738,194794,78,280407
15175,0.01287,172.31.40.0-255,66,194860,78,280407
15176,0.015475,74.125.24.0-255,5738,200598,78,280407
15177,0.015488,172.31.40.0-255,66,200664,78,280407
15178,0.018076,74.125.24.0-255,5738,206402,78,280407
15179,0.01809,172.31.40.0-255,66,206468,78,280407
15180,0.020677,74.125.24.0-255,5738,212206,78,280407
15181,0.020691,172.31.40.0-255,66,212272,78,280407
15182,0.023303,74.125.24.0-255,5738,218010,78,280407
15183,0.023313,172.31.40.0-255,66,218076,78,280407
15184,0.025883,74.125.24.0-255,5738,223814,78,280407
15185,0.025893,172.31.40.0-255,66,223880,78,280407
15186,0.028464,74.125.24.0-255,5738,229618,78,280407
15187,0.028472,172.31.40.0-255,66,229684,78,280407
15188,0.031069,74.125.24.0-255,5738,235422,78,280407
15189,0.031089,172.31.40.0-255,66,235488,78,280407
15190,0.033658,74.125.24.0-255,5738,241226,78,280407
15191,0.033668,172.31.40.0-255,66,241292,78,280407
15192,0.03622,74.125.24.0-255,5738,247030,78,280407
15193,0.03623,172.31.40.0-255,66,247096,78,280407
15194,0.038802,74.125.24.0-255,5738,252834,78,280407
15195,0.038819,172.31.40.0-255,66,252900,78,280407
15196,0.041383,74.125.24.0-255,5738,258638,78,280407
15197,0.041406,172.31.40.0-255,66,258704,78,280407
15198,0.043987,74.125.24.0-255,5738,264442,78,280407
15199,0.044001,172.31.40.0-255,66,264508,78,280407
15200,0.046416,172.31.40.0-255,172,264680,78,280407
15201,0.046446,172.31.40.0-255,1108,265788,78,280407
15202,0.046509,172.31.40.0-255,1514,267302,78,280407
15203,0.046511,172.31.40.0-255,1299,268601,78,280407
15204,0.046528,74.125.24.0-255,5738,274339,78,280407
15205,0.046533,172.31.40.0-255,66,274405,78,280407
15206,0.048001,104.244.42.0-255,66,274471,78,280407
15207,0.048009,104.244.42.0-255,66,274537,78,280407
15208,0.048077,104.244.42.0-255,66,274603,78,280407
15209,0.0491,74.125.24.0-255,5738,280341,78,280407
15210,0.04911,172.31.40.0-255,66,280407,78,280407
15211,0.0,172.217.194.0-255,153,153,78,155111
15212,2.3e-05,172.31.40.0-255,66,219,78,155111
15213,2.9e-05,172.217.194.0-255,1484,1703,78,155111
15214,3.3e-05,172.31.40.0-255,66,1769,78,155111
15215,3.9e-05,172.217.194.0-255,2902,4671,78,155111
15216,5e-05,172.31.40.0-255,66,4737,78,155111
15217,5.8e-05,172.217.194.0-255,7156,11893,78,155111
15218,6.3e-05,172.31.40.0-255,66,11959,78,155111
15219,8e-05,172.31.40.0-255,66,12025,78,155111
15220,8.5e-05,172.217.194.0-255,2543,14568,78,155111
15221,8.9e-05,172.31.40.0-255,66,14634,78,155111
15222,0.000942,172.217.194.0-255,1484,16118,78,155111
15223,0.00095,172.31.40.0-255,66,16184,78,155111
15224,0.000959,172.217.194.0-255,2902,19086,78,155111
15225,0.000961,172.31.40.0-255,66,19152,78,155111
15226,0.000974,172.217.194.0-255,5738,24890,78,155111
15227,0.000977,172.31.40.0-255,66,24956,78,155111
15228,0.00098,172.217.194.0-255,1484,26440,78,155111
15229,0.000982,172.31.40.0-255,66,26506,78,155111
15230,0.001028,172.217.194.0-255,5379,31885,78,155111
15231,0.00103,172.31.40.0-255,66,31951,78,155111
15232,0.001046,172.31.40.0-255,66,32017,78,155111
15233,0.00105,172.217.194.0-255,2794,34811,78,155111
15234,0.001052,172.31.40.0-255,66,34877,78,155111
15235,0.001093,172.217.194.0-255,115,34992,78,155111
15236,0.001095,172.31.40.0-255,66,35058,78,155111
15237,0.001566,172.217.194.0-255,1484,36542,78,155111
15238,0.001574,172.31.40.0-255,66,36608,78,155111
15239,0.001581,172.217.194.0-255,2902,39510,78,155111
15240,0.001584,172.31.40.0-255,66,39576,78,155111
15241,0.001595,172.217.194.0-255,5738,45314,78,155111
15242,0.001598,172.31.40.0-255,66,45380,78,155111
15243,0.001601,172.217.194.0-255,1484,46864,78,155111
15244,0.001634,172.31.40.0-255,66,46930,78,155111
15245,0.001684,172.31.40.0-255,66,46996,78,155111
15246,0.001687,172.217.194.0-255,766,47762,78,155111
15247,0.00423,172.217.194.0-255,4320,52082,78,155111
15248,0.004236,172.31.40.0-255,66,52148,78,155111
15249,0.006803,172.217.194.0-255,5738,57886,78,155111
15250,0.006811,172.31.40.0-255,66,57952,78,155111
15251,0.009359,172.217.194.0-255,5738,63690,78,155111
15252,0.009365,172.31.40.0-255,66,63756,78,155111
15253,0.011939,172.217.194.0-255,5738,69494,78,155111
15254,0.011948,172.31.40.0-255,66,69560,78,155111
15255,0.014515,172.217.194.0-255,5738,75298,78,155111
15256,0.014526,172.31.40.0-255,66,75364,78,155111
15257,0.017095,172.217.194.0-255,5738,81102,78,155111
15258,0.017105,172.31.40.0-255,66,81168,78,155111
15259,0.019651,172.217.194.0-255,5738,86906,78,155111
15260,0.01966,172.31.40.0-255,66,86972,78,155111
15261,0.022216,172.217.194.0-255,5738,92710,78,155111
15262,0.022225,172.31.40.0-255,66,92776,78,155111
15263,0.024774,172.217.194.0-255,5738,98514,78,155111
15264,0.02478,172.31.40.0-255,66,98580,78,155111
15265,0.025613,172.31.40.0-255,176,98756,78,155111
15266,0.025643,172.31.40.0-255,1107,99863,78,155111
15267,0.025691,172.31.40.0-255,1514,101377,78,155111
15268,0.025692,172.31.40.0-255,1300,102677,78,155111
15269,0.027154,104.244.42.0-255,66,102743,78,155111
15270,0.0272,104.244.42.0-255,66,102809,78,155111
15271,0.027266,104.244.42.0-255,66,102875,78,155111
15272,0.027317,172.217.194.0-255,5738,108613,78,155111
15273,0.027322,172.31.40.0-255,66,108679,78,155111
15274,0.029847,172.217.194.0-255,5738,114417,78,155111
15275,0.029855,172.31.40.0-255,66,114483,78,155111
15276,0.03242,172.217.194.0-255,5738,120221,78,155111
15277,0.032431,172.31.40.0-255,66,120287,78,155111
15278,0.034993,172.217.194.0-255,5738,126025,78,155111
15279,0.035,172.31.40.0-255,66,126091,78,155111
15280,0.037569,172.217.194.0-255,5738,131829,78,155111
15281,0.037574,172.31.40.0-255,66,131895,78,155111
15282,0.040143,172.217.194.0-255,5738,137633,78,155111
15283,0.040153,172.31.40.0-255,66,137699,78,155111
15284,0.042692,172.217.194.0-255,5738,143437,78,155111
15285,0.042697,172.31.40.0-255,66,143503,78,155111
15286,0.04524,172.217.194.0-255,5738,149241,78,155111
15287,0.045247,172.31.40.0-255,66,149307,78,155111
15288,0.047797,172.217.194.0-255,5738,155045,78,155111
15289,0.047806,172.31.40.0-255,66,155111,78,155111
15290,0.0,172.217.194.0-255,153,153,78,189533
15291,2.2e-05,172.31.40.0-255,66,219,78,189533
15292,2.9e-05,172.217.194.0-255,1484,1703,78,189533
15293,3.3e-05,172.31.40.0-255,66,1769,78,189533
15294,4.6e-05,172.217.194.0-255,2902,4671,78,189533
15295,5e-05,172.31.40.0-255,66,4737,78,189533
15296,5.8e-05,172.217.194.0-255,7156,11893,78,189533
15297,6.1e-05,172.31.40.0-255,66,11959,78,189533
15298,7.2e-05,172.31.40.0-255,66,12025,78,189533
15299,0.000114,172.31.40.0-255,66,12091,78,189533
15300,0.000618,172.217.194.0-255,1484,13575,78,189533
15301,0.000624,172.31.40.0-255,66,13641,78,189533
15302,0.000631,172.217.194.0-255,2902,16543,78,189533
15303,0.000633,172.31.40.0-255,66,16609,78,189533
15304,0.000639,172.217.194.0-255,5738,22347,78,189533
15305,0.000646,172.31.40.0-255,66,22413,78,189533
15306,0.000652,172.217.194.0-255,4320,26733,78,189533
15307,0.000655,172.31.40.0-255,66,26799,78,189533
15308,0.000683,172.217.194.0-255,1484,28283,78,189533
15309,0.000686,172.31.40.0-255,66,28349,78,189533
15310,0.00069,172.217.194.0-255,1125,29474,78,189533
15311,0.000691,172.31.40.0-255,66,29540,78,189533
15312,0.000773,172.217.194.0-255,1484,31024,78,189533
15313,0.000777,172.31.40.0-255,66,31090,78,189533
15314,0.000782,172.217.194.0-255,2902,33992,78,189533
15315,0.000784,172.31.40.0-255,66,34058,78,189533
15316,0.000816,172.217.194.0-255,5738,39796,78,189533
15317,0.000818,172.31.40.0-255,66,39862,78,189533
15318,0.000826,172.217.194.0-255,6797,46659,78,189533
15319,0.000828,172.31.40.0-255,66,46725,78,189533
15320,0.000835,172.217.194.0-255,344,47069,78,189533
15321,0.00109,172.31.40.0-255,66,47135,78,189533
15322,0.001181,172.217.194.0-255,114,47249,78,189533
15323,0.001319,172.217.194.0-255,382,47631,78,189533
15324,0.001495,172.217.194.0-255,1484,49115,78,189533
15325,0.001501,172.31.40.0-255,66,49181,78,189533
15326,0.001506,172.217.194.0-255,1484,50665,78,189533
15327,0.001526,172.217.194.0-255,1484,52149,78,189533
15328,0.001529,172.31.40.0-255,66,52215,78,189533
15329,0.001536,172.217.194.0-255,5738,57953,78,189533
15330,0.001538,172.31.40.0-255,66,58019,78,189533
15331,0.001565,172.217.194.0-255,1484,59503,78,189533
15332,0.001605,172.31.40.0-255,66,59569,78,189533
15333,0.001618,172.31.40.0-255,66,59635,78,189533
15334,0.001935,172.217.194.0-255,1484,61119,78,189533
15335,0.001943,172.217.194.0-255,2902,64021,78,189533
15336,0.001948,172.31.40.0-255,66,64087,78,189533
15337,0.001956,172.217.194.0-255,5738,69825,78,189533
15338,0.001958,172.31.40.0-255,66,69891,78,189533
15339,0.001996,172.31.40.0-255,66,69957,78,189533
15340,0.002009,172.217.194.0-255,2902,72859,78,189533
15341,0.002015,172.31.40.0-255,66,72925,78,189533
15342,0.002049,172.31.40.0-255,66,72991,78,189533
15343,0.002168,172.217.194.0-255,1484,74475,78,189533
15344,0.002174,172.217.194.0-255,2902,77377,78,189533
15345,0.002177,172.31.40.0-255,66,77443,78,189533
15346,0.002208,172.217.194.0-255,5738,83181,78,189533
15347,0.002211,172.31.40.0-255,66,83247,78,189533
15348,0.002215,172.217.194.0-255,2902,86149,78,189533
15349,0.002217,172.31.40.0-255,66,86215,78,189533
15350,0.00225,172.31.40.0-255,66,86281,78,189533
15351,0.002287,172.31.40.0-255,66,86347,78,189533
15352,0.002612,172.217.194.0-255,1484,87831,78,189533
15353,0.004937,172.217.194.0-255,4320,92151,78,189533
15354,0.004944,172.31.40.0-255,66,92217,78,189533
15355,0.00754,172.217.194.0-255,4320,96537,78,189533
15356,0.007545,172.31.40.0-255,66,96603,78,189533
15357,0.00757,172.217.194.0-255,1484,98087,78,189533
15358,0.010154,172.217.194.0-255,4320,102407,78,189533
15359,0.010162,172.31.40.0-255,66,102473,78,189533
15360,0.012776,172.217.194.0-255,5738,108211,78,189533
15361,0.012784,172.31.40.0-255,66,108277,78,189533
15362,0.015394,172.217.194.0-255,5738,114015,78,189533
15363,0.015402,172.31.40.0-255,66,114081,78,189533
15364,0.018045,172.217.194.0-255,5738,119819,78,189533
15365,0.01807,172.31.40.0-255,66,119885,78,189533
15366,0.020679,172.217.194.0-255,5738,125623,78,189533
15367,0.020687,172.31.40.0-255,66,125689,78,189533
15368,0.023332,172.217.194.0-255,5738,131427,78,189533
15369,0.02334,172.31.40.0-255,66,131493,78,189533
15370,0.025925,172.217.194.0-255,5738,137231,78,189533
15371,0.025933,172.31.40.0-255,66,137297,78,189533
15372,0.028532,172.217.194.0-255,5738,143035,78,189533
15373,0.028539,172.31.40.0-255,66,143101,78,189533
15374,0.031161,172.217.194.0-255,5738,148839,78,189533
15375,0.031168,172.31.40.0-255,66,148905,78,189533
15376,0.033788,172.217.194.0-255,5738,154643,78,189533
15377,0.033795,172.31.40.0-255,66,154709,78,189533
15378,0.03645,172.217.194.0-255,5738,160447,78,189533
15379,0.036458,172.31.40.0-255,66,160513,78,189533
15380,0.03907,172.217.194.0-255,5738,166251,78,189533
15381,0.039085,172.31.40.0-255,66,166317,78,189533
15382,0.0417,172.217.194.0-255,5738,172055,78,189533
15383,0.041716,172.31.40.0-255,66,172121,78,189533
15384,0.044313,172.217.194.0-255,5738,177859,78,189533
15385,0.04433,172.31.40.0-255,66,177925,78,189533
15386,0.046976,172.217.194.0-255,5738,183663,78,189533
15387,0.046986,172.31.40.0-255,66,183729,78,189533
15388,0.049596,172.217.194.0-255,5738,189467,78,189533
15389,0.049615,172.31.40.0-255,66,189533,78,189533
15390,0.0,172.31.40.0-255,303,303,78,369
15391,0.0016,104.244.42.0-255,66,369,78,369
15392,0.0,172.217.194.0-255,153,153,78,136348
15393,1.7e-05,172.31.40.0-255,66,219,78,136348
15394,2.3e-05,172.217.194.0-255,1484,1703,78,136348
15395,2.8e-05,172.31.40.0-255,66,1769,78,136348
15396,3.4e-05,172.217.194.0-255,2902,4671,78,136348
15397,3.7e-05,172.31.40.0-255,66,4737,78,136348
15398,5.3e-05,172.217.194.0-255,7156,11893,78,136348
15399,5.6e-05,172.31.40.0-255,66,11959,78,136348
15400,6e-05,172.217.194.0-255,1984,13943,78,136348
15401,6.3e-05,172.31.40.0-255,66,14009,78,136348
15402,8.1e-05,172.217.194.0-255,2902,16911,78,136348
15403,8.8e-05,172.31.40.0-255,66,16977,78,136348
15404,0.000125,172.31.40.0-255,66,17043,78,136348
15405,0.000131,172.217.194.0-255,5379,22422,78,136348
15406,0.000134,172.31.40.0-255,66,22488,78,136348
15407,0.000178,172.217.194.0-255,1484,23972,78,136348
15408,0.00018,172.31.40.0-255,66,24038,78,136348
15409,0.000185,172.217.194.0-255,2902,26940,78,136348
15410,0.000187,172.31.40.0-255,66,27006,78,136348
15411,0.000198,172.217.194.0-255,5738,32744,78,136348
15412,0.000201,172.31.40.0-255,66,32810,78,136348
15413,0.000291,172.217.194.0-255,6797,39607,78,136348
15414,0.000295,172.31.40.0-255,66,39673,78,136348
15415,0.000302,172.217.194.0-255,7156,46829,78,136348
15416,0.000305,172.31.40.0-255,66,46895,78,136348
15417,0.000321,172.31.40.0-255,66,46961,78,136348
15418,0.000613,172.217.194.0-255,364,47325,78,136348
15419,0.000618,172.31.40.0-255,66,47391,78,136348
15420,0.000814,172.217.194.0-255,1484,48875,78,136348
15421,0.000819,172.31.40.0-255,66,48941,78,136348
15422,0.000825,172.217.194.0-255,2902,51843,78,136348
15423,0.000827,172.31.40.0-255,66,51909,78,136348
15424,0.00087,172.217.194.0-255,5738,57647,78,136348
15425,0.000873,172.31.40.0-255,66,57713,78,136348
15426,0.00089,172.31.40.0-255,66,57779,78,136348
15427,0.000933,172.31.40.0-255,66,57845,78,136348
15428,0.001337,172.217.194.0-255,1484,59329,78,136348
15429,0.001345,172.217.194.0-255,2902,62231,78,136348
15430,0.001348,172.31.40.0-255,66,62297,78,136348
15431,0.001354,172.217.194.0-255,4320,66617,78,136348
15432,0.001356,172.31.40.0-255,66,66683,78,136348
15433,0.001387,172.217.194.0-255,1484,68167,78,136348
15434,0.001395,172.217.194.0-255,7156,75323,78,136348
15435,0.001397,172.31.40.0-255,66,75389,78,136348
15436,0.001411,172.31.40.0-255,66,75455,78,136348
15437,0.00142,172.217.194.0-255,2184,77639,78,136348
15438,0.001423,172.31.40.0-255,66,77705,78,136348
15439,0.001549,172.217.194.0-255,1484,79189,78,136348
15440,0.001571,172.217.194.0-255,2902,82091,78,136348
15441,0.001574,172.31.40.0-255,66,82157,78,136348
15442,0.00161,172.217.194.0-255,5738,87895,78,136348
15443,0.001613,172.31.40.0-255,66,87961,78,136348
15444,0.001632,172.31.40.0-255,66,88027,78,136348
15445,0.001644,172.31.40.0-255,66,88093,78,136348
15446,0.001711,172.31.40.0-255,66,88159,78,136348
15447,0.001751,172.31.40.0-255,66,88225,78,136348
15448,0.001762,172.31.40.0-255,66,88291,78,136348
15449,0.001806,172.31.40.0-255,66,88357,78,136348
15450,0.001809,172.217.194.0-255,1484,89841,78,136348
15451,0.001827,172.31.40.0-255,66,89907,78,136348
15452,0.001867,172.217.194.0-255,1484,91391,78,136348
15453,0.001899,172.31.40.0-255,66,91457,78,136348
15454,0.001917,172.31.40.0-255,66,91523,78,136348
15455,0.001937,172.31.40.0-255,66,91589,78,136348
15456,0.001945,172.217.194.0-255,6438,98027,78,136348
15457,0.001948,172.31.40.0-255,66,98093,78,136348
15458,0.001982,172.217.194.0-255,1484,99577,78,136348
15459,0.001991,172.217.194.0-255,2902,102479,78,136348
15460,0.001994,172.31.40.0-255,66,102545,78,136348
15461,0.002,172.217.194.0-255,5738,108283,78,136348
15462,0.002003,172.31.40.0-255,66,108349,78,136348
15463,0.002044,172.31.40.0-255,66,108415,78,136348
15464,0.002056,172.31.40.0-255,66,108481,78,136348
15465,0.002083,172.217.194.0-255,1484,109965,78,136348
15466,0.002088,172.217.194.0-255,2902,112867,78,136348
15467,0.00209,172.31.40.0-255,66,112933,78,136348
15468,0.002108,172.217.194.0-255,4320,117253,78,136348
15469,0.002116,172.31.40.0-255,66,117319,78,136348
15470,0.00213,172.217.194.0-255,1484,118803,78,136348
15471,0.002148,172.31.40.0-255,66,118869,78,136348
15472,0.002159,172.31.40.0-255,66,118935,78,136348
15473,0.002218,172.31.40.0-255,66,119001,78,136348
15474,0.002247,172.217.194.0-255,5020,124021,78,136348
15475,0.00225,172.31.40.0-255,66,124087,78,136348
15476,0.002264,172.31.40.0-255,66,124153,78,136348
15477,0.002271,172.217.194.0-255,7156,131309,78,136348
15478,0.002273,172.31.40.0-255,66,131375,78,136348
15479,0.002326,172.31.40.0-255,66,131441,78,136348
15480,0.002329,172.217.194.0-255,105,131546,78,136348
15481,0.009835,172.31.40.0-255,101,131647,78,136348
15482,0.010658,172.31.40.0-255,105,131752,78,136348
15483,0.01219,172.217.194.0-255,66,131818,78,136348
15484,0.012977,172.217.194.0-255,66,131884,78,136348
15485,0.028983,172.31.40.0-255,171,132055,78,136348
15486,0.02902,172.31.40.0-255,1132,133187,78,136348
15487,0.029084,172.31.40.0-255,1514,134701,78,136348
15488,0.029086,172.31.40.0-255,1275,135976,78,136348
15489,0.030526,104.244.42.0-255,66,136042,78,136348
15490,0.030564,104.244.42.0-255,66,136108,78,136348
15491,0.030665,104.244.42.0-255,66,136174,78,136348
15492,0.031382,104.244.42.0-255,108,136282,78,136348
15493,0.031391,172.31.40.0-255,66,136348,78,136348
15494,0.0,74.125.68.0-255,152,152,78,260320
15495,2.5e-05,172.31.40.0-255,66,218,78,260320
15496,3.2e-05,74.125.68.0-255,1484,1702,78,260320
15497,3.6e-05,172.31.40.0-255,66,1768,78,260320
15498,4.3e-05,74.125.68.0-255,2902,4670,78,260320
15499,4.6e-05,172.31.40.0-255,66,4736,78,260320
15500,5e-05,74.125.68.0-255,1484,6220,78,260320
15501,5.2e-05,172.31.40.0-255,66,6286,78,260320
15502,5.7e-05,74.125.68.0-255,2902,9188,78,260320
15503,6e-05,172.31.40.0-255,66,9254,78,260320
15504,0.000102,74.125.68.0-255,4974,14228,78,260320
15505,0.000105,172.31.40.0-255,66,14294,78,260320
15506,0.000146,74.125.68.0-255,1484,15778,78,260320
15507,0.000148,172.31.40.0-255,66,15844,78,260320
15508,0.000163,74.125.68.0-255,2902,18746,78,260320
15509,0.000165,172.31.40.0-255,66,18812,78,260320
15510,0.000192,74.125.68.0-255,2902,21714,78,260320
15511,0.000195,172.31.40.0-255,66,21780,78,260320
15512,0.000215,74.125.68.0-255,4320,26100,78,260320
15513,0.000218,172.31.40.0-255,66,26166,78,260320
15514,0.000254,74.125.68.0-255,5379,31545,78,260320
15515,0.000256,172.31.40.0-255,66,31611,78,260320
15516,0.00032,74.125.68.0-255,1484,33095,78,260320
15517,0.000323,172.31.40.0-255,66,33161,78,260320
15518,0.000329,74.125.68.0-255,2902,36063,78,260320
15519,0.000331,172.31.40.0-255,66,36129,78,260320
15520,0.000347,74.125.68.0-255,2902,39031,78,260320
15521,0.000349,172.31.40.0-255,66,39097,78,260320
15522,0.000353,74.125.68.0-255,1484,40581,78,260320
15523,0.000355,172.31.40.0-255,66,40647,78,260320
15524,0.00038,74.125.68.0-255,2902,43549,78,260320
15525,0.000383,172.31.40.0-255,66,43615,78,260320
15526,0.000446,74.125.68.0-255,2853,46468,78,260320
15527,0.00047,74.125.68.0-255,377,46845,78,260320
15528,0.000529,172.31.40.0-255,66,46911,78,260320
15529,0.000684,74.125.68.0-255,1484,48395,78,260320
15530,0.000711,74.125.68.0-255,2902,51297,78,260320
15531,0.000716,74.125.68.0-255,4320,55617,78,260320
15532,0.000776,74.125.68.0-255,1484,57101,78,260320
15533,0.00078,172.31.40.0-255,66,57167,78,260320
15534,0.000795,74.125.68.0-255,4320,61487,78,260320
15535,0.000802,74.125.68.0-255,7156,68643,78,260320
15536,0.000807,74.125.68.0-255,3602,72245,78,260320
15537,0.000809,172.31.40.0-255,66,72311,78,260320
15538,0.000839,172.31.40.0-255,66,72377,78,260320
15539,0.001526,74.125.68.0-255,1484,73861,78,260320
15540,0.001541,74.125.68.0-255,2902,76763,78,260320
15541,0.001545,172.31.40.0-255,66,76829,78,260320
15542,0.001561,74.125.68.0-255,5738,82567,78,260320
15543,0.001582,74.125.68.0-255,7156,89723,78,260320
15544,0.001607,74.125.68.0-255,2902,92625,78,260320
15545,0.001653,172.31.40.0-255,66,92691,78,260320
15546,0.001661,74.125.68.0-255,2184,94875,78,260320
15547,0.001666,172.31.40.0-255,66,94941,78,260320
15548,0.001883,74.125.68.0-255,1484,96425,78,260320
15549,0.001889,74.125.68.0-255,2902,99327,78,260320
15550,0.001892,172.31.40.0-255,66,99393,78,260320
15551,0.001915,74.125.68.0-255,4320,103713,78,260320
15552,0.001918,74.125.68.0-255,1484,105197,78,260320
15553,0.001929,172.31.40.0-255,66,105263,78,260320
15554,0.001939,74.125.68.0-255,4320,109583,78,260320
15555,0.001944,172.31.40.0-255,66,109649,78,260320
15556,0.001958,74.125.68.0-255,5738,115387,78,260320
15557,0.001981,74.125.68.0-255,5738,121125,78,260320
15558,0.001985,74.125.68.0-255,2902,124027,78,260320
15559,0.001988,172.31.40.0-255,66,124093,78,260320
15560,0.001993,172.31.40.0-255,66,124159,78,260320
15561,0.002014,74.125.68.0-255,1484,125643,78,260320
15562,0.002031,74.125.68.0-255,3602,129245,78,260320
15563,0.002043,172.31.40.0-255,66,129311,78,260320
15564,0.004117,74.125.68.0-255,5738,135049,78,260320
15565,0.004126,172.31.40.0-255,66,135115,78,260320
15566,0.006205,74.125.68.0-255,5738,140853,78,260320
15567,0.006211,172.31.40.0-255,66,140919,78,260320
15568,0.00828,74.125.68.0-255,5738,146657,78,260320
15569,0.009059,172.31.40.0-255,66,146723,78,260320
15570,0.011134,74.125.68.0-255,5738,152461,78,260320
15571,0.011144,172.31.40.0-255,66,152527,78,260320
15572,0.013222,74.125.68.0-255,5738,158265,78,260320
15573,0.01323,172.31.40.0-255,66,158331,78,260320
15574,0.015305,74.125.68.0-255,5738,164069,78,260320
15575,0.015313,172.31.40.0-255,66,164135,78,260320
15576,0.017398,74.125.68.0-255,5738,169873,78,260320
15577,0.017406,172.31.40.0-255,66,169939,78,260320
15578,0.019468,74.125.68.0-255,5738,175677,78,260320
15579,0.019477,172.31.40.0-255,66,175743,78,260320
15580,0.021537,74.125.68.0-255,5738,181481,78,260320
15581,0.021545,172.31.40.0-255,66,181547,78,260320
15582,0.023621,74.125.68.0-255,5738,187285,78,260320
15583,0.02363,172.31.40.0-255,66,187351,78,260320
15584,0.025704,74.125.68.0-255,5738,193089,78,260320
15585,0.025799,172.31.40.0-255,66,193155,78,260320
15586,0.027863,74.125.68.0-255,5738,198893,78,260320
15587,0.027871,172.31.40.0-255,66,198959,78,260320
15588,0.029961,74.125.68.0-255,5738,204697,78,260320
15589,0.029969,172.31.40.0-255,66,204763,78,260320
15590,0.032058,74.125.68.0-255,5738,210501,78,260320
15591,0.032069,172.31.40.0-255,66,210567,78,260320
15592,0.034155,74.125.68.0-255,5738,216305,78,260320
15593,0.034162,172.31.40.0-255,66,216371,78,260320
15594,0.036255,74.125.68.0-255,5738,222109,78,260320
15595,0.036272,172.31.40.0-255,66,222175,78,260320
15596,0.038344,74.125.68.0-255,5738,227913,78,260320
15597,0.038385,172.31.40.0-255,66,227979,78,260320
15598,0.040516,74.125.68.0-255,5738,233717,78,260320
15599,0.040533,172.31.40.0-255,66,233783,78,260320
15600,0.041173,172.31.40.0-255,167,233950,78,260320
15601,0.041212,172.31.40.0-255,1109,235059,78,260320
15602,0.041275,172.31.40.0-255,1514,236573,78,260320
15603,0.041276,172.31.40.0-255,333,236906,78,260320
15604,0.042614,74.125.68.0-255,5738,242644,78,260320
15605,0.042629,172.31.40.0-255,66,242710,78,260320
15606,0.04268,104.244.42.0-255,66,242776,78,260320
15607,0.042827,104.244.42.0-255,66,242842,78,260320
15608,0.042832,104.244.42.0-255,66,242908,78,260320
15609,0.044707,74.125.68.0-255,5738,248646,78,260320
15610,0.044721,172.31.40.0-255,66,248712,78,260320
15611,0.046806,74.125.68.0-255,5738,254450,78,260320
15612,0.04682,172.31.40.0-255,66,254516,78,260320
15613,0.048907,74.125.68.0-255,5738,260254,78,260320
15614,0.048923,172.31.40.0-255,66,260320,78,260320
15615,0.0,74.125.130.0-255,157,157,78,186594
15616,2.6e-05,172.31.40.0-255,66,223,78,186594
15617,3.4e-05,74.125.130.0-255,1484,1707,78,186594
15618,3.9e-05,172.31.40.0-255,66,1773,78,186594
15619,5.3e-05,74.125.130.0-255,2902,4675,78,186594
15620,5.6e-05,172.31.40.0-255,66,4741,78,186594
15621,6.2e-05,74.125.130.0-255,2902,7643,78,186594
15622,6.4e-05,172.31.40.0-255,66,7709,78,186594
15623,7e-05,74.125.130.0-255,4320,12029,78,186594
15624,7.3e-05,172.31.40.0-255,66,12095,78,186594
15625,7.8e-05,74.125.130.0-255,2069,14164,78,186594
15626,8.1e-05,172.31.40.0-255,66,14230,78,186594
15627,0.000149,74.125.130.0-255,1484,15714,78,186594
15628,0.000152,172.31.40.0-255,66,15780,78,186594
15629,0.000172,74.125.130.0-255,2902,18682,78,186594
15630,0.000174,172.31.40.0-255,66,18748,78,186594
15631,0.00018,74.125.130.0-255,4320,23068,78,186594
15632,0.000182,172.31.40.0-255,66,23134,78,186594
15633,0.000207,74.125.130.0-255,1484,24618,78,186594
15634,0.000209,172.31.40.0-255,66,24684,78,186594
15635,0.000219,74.125.130.0-255,6797,31481,78,186594
15636,0.000221,172.31.40.0-255,66,31547,78,186594
15637,0.000229,74.125.130.0-255,7156,38703,78,186594
15638,0.000231,172.31.40.0-255,66,38769,78,186594
15639,0.000271,172.31.40.0-255,66,38835,78,186594
15640,0.000274,74.125.130.0-255,1125,39960,78,186594
15641,0.000275,172.31.40.0-255,66,40026,78,186594
15642,0.000474,74.125.130.0-255,1484,41510,78,186594
15643,0.000479,172.31.40.0-255,66,41576,78,186594
15644,0.000485,74.125.130.0-255,2902,44478,78,186594
15645,0.000487,172.31.40.0-255,66,44544,78,186594
15646,0.000494,74.125.130.0-255,4320,48864,78,186594
15647,0.000501,172.31.40.0-255,66,48930,78,186594
15648,0.000509,74.125.130.0-255,5738,54668,78,186594
15649,0.000511,172.31.40.0-255,66,54734,78,186594
15650,0.000535,74.125.130.0-255,2841,57575,78,186594
15651,0.000537,172.31.40.0-255,66,57641,78,186594
15652,0.00055,74.125.130.0-255,1484,59125,78,186594
15653,0.000559,74.125.130.0-255,1484,60609,78,186594
15654,0.000561,172.31.40.0-255,66,60675,78,186594
15655,0.000575,74.125.130.0-255,1484,62159,78,186594
15656,0.000586,74.125.130.0-255,5738,67897,78,186594
15657,0.000589,172.31.40.0-255,66,67963,78,186594
15658,0.000595,74.125.130.0-255,5738,73701,78,186594
15659,0.000597,172.31.40.0-255,66,73767,78,186594
15660,0.000602,74.125.130.0-255,2902,76669,78,186594
15661,0.000628,74.125.130.0-255,3961,80630,78,186594
15662,0.000631,74.125.130.0-255,1484,82114,78,186594
15663,0.000742,172.31.40.0-255,66,82180,78,186594
15664,0.001022,74.125.130.0-255,1484,83664,78,186594
15665,0.001029,74.125.130.0-255,2902,86566,78,186594
15666,0.001033,172.31.40.0-255,66,86632,78,186594
15667,0.00104,74.125.130.0-255,4320,90952,78,186594
15668,0.001058,74.125.130.0-255,1484,92436,78,186594
15669,0.001072,172.31.40.0-255,66,92502,78,186594
15670,0.001075,74.125.130.0-255,1484,93986,78,186594
15671,0.001122,74.125.130.0-255,1484,95470,78,186594
15672,0.001151,172.31.40.0-255,66,95536,78,186594
15673,0.001485,74.125.130.0-255,1484,97020,78,186594
15674,0.00149,74.125.130.0-255,1484,98504,78,186594
15675,0.001493,172.31.40.0-255,66,98570,78,186594
15676,0.001521,74.125.130.0-255,1484,100054,78,186594
15677,0.001529,74.125.130.0-255,5738,105792,78,186594
15678,0.001531,172.31.40.0-255,66,105858,78,186594
15679,0.001536,74.125.130.0-255,2902,108760,78,186594
15680,0.001539,172.31.40.0-255,66,108826,78,186594
15681,0.001599,74.125.130.0-255,2184,111010,78,186594
15682,0.001604,172.31.40.0-255,66,111076,78,186594
15683,0.001743,74.125.130.0-255,1484,112560,78,186594
15684,0.001758,74.125.130.0-255,2902,115462,78,186594
15685,0.001761,172.31.40.0-255,66,115528,78,186594
15686,0.00179,74.125.130.0-255,5738,121266,78,186594
15687,0.001793,74.125.130.0-255,1484,122750,78,186594
15688,0.001802,172.31.40.0-255,66,122816,78,186594
15689,0.001827,74.125.130.0-255,1484,124300,78,186594
15690,0.00186,172.31.40.0-255,66,124366,78,186594
15691,0.001889,74.125.130.0-255,2184,126550,78,186594
15692,0.00192,74.125.130.0-255,6438,132988,78,186594
15693,0.001965,172.31.40.0-255,66,133054,78,186594
15694,0.001992,74.125.130.0-255,1484,134538,78,186594
15695,0.001998,74.125.130.0-255,2902,137440,78,186594
15696,0.002001,74.125.130.0-255,1484,138924,78,186594
15697,0.002017,74.125.130.0-255,4320,143244,78,186594
15698,0.002029,172.31.40.0-255,66,143310,78,186594
15699,0.002042,74.125.130.0-255,1484,144794,78,186594
15700,0.002097,74.125.130.0-255,1484,146278,78,186594
15701,0.002121,74.125.130.0-255,2902,149180,78,186594
15702,0.002128,74.125.130.0-255,5738,154918,78,186594
15703,0.002143,172.31.40.0-255,66,154984,78,186594
15704,0.002149,74.125.130.0-255,4320,159304,78,186594
15705,0.002154,172.31.40.0-255,66,159370,78,186594
15706,0.002213,74.125.130.0-255,2902,162272,78,186594
15707,0.002239,74.125.130.0-255,5738,168010,78,186594
15708,0.002248,172.31.40.0-255,66,168076,78,186594
15709,0.002308,74.125.130.0-255,4320,172396,78,186594
15710,0.002337,172.31.40.0-255,66,172462,78,186594
15711,0.002342,172.31.40.0-255,66,172528,78,186594
15712,0.002351,74.125.130.0-255,2184,174712,78,186594
15713,0.00236,74.125.130.0-255,7156,181868,78,186594
15714,0.002411,74.125.130.0-255,4384,186252,78,186594
15715,0.002414,74.125.130.0-255,105,186357,78,186594
15716,0.002431,172.31.40.0-255,66,186423,78,186594
15717,0.004627,172.31.40.0-255,105,186528,78,186594
15718,0.007183,74.125.130.0-255,66,186594,78,186594
15719,0.0,74.125.24.0-255,153,153,78,275375
15720,2.6e-05,172.31.40.0-255,66,219,78,275375
15721,3.4e-05,74.125.24.0-255,1484,1703,78,275375
15722,3.9e-05,172.31.40.0-255,66,1769,78,275375
15723,4.6e-05,74.125.24.0-255,2902,4671,78,275375
15724,5e-05,172.31.40.0-255,66,4737,78,275375
15725,5.8e-05,74.125.24.0-255,7156,11893,78,275375
15726,6.1e-05,172.31.40.0-255,66,11959,78,275375
15727,6.5e-05,74.125.24.0-255,1940,13899,78,275375
15728,6.7e-05,172.31.40.0-255,66,13965,78,275375
15729,0.000176,74.125.24.0-255,1484,15449,78,275375
15730,0.000179,172.31.40.0-255,66,15515,78,275375
15731,0.000184,74.125.24.0-255,1484,16999,78,275375
15732,0.000186,172.31.40.0-255,66,17065,78,275375
15733,0.0002,74.125.24.0-255,1484,18549,78,275375
15734,0.000202,172.31.40.0-255,66,18615,78,275375
15735,0.000208,74.125.24.0-255,2902,21517,78,275375
15736,0.00021,172.31.40.0-255,66,21583,78,275375
15737,0.000228,74.125.24.0-255,2902,24485,78,275375
15738,0.000231,172.31.40.0-255,66,24551,78,275375
15739,0.000235,74.125.24.0-255,2902,27453,78,275375
15740,0.000237,172.31.40.0-255,66,27519,78,275375
15741,0.000266,74.125.24.0-255,3961,31480,78,275375
15742,0.000269,172.31.40.0-255,66,31546,78,275375
15743,0.000308,74.125.24.0-255,4320,35866,78,275375
15744,0.000311,172.31.40.0-255,66,35932,78,275375
15745,0.000317,74.125.24.0-255,4320,40252,78,275375
15746,0.000319,172.31.40.0-255,66,40318,78,275375
15747,0.000377,74.125.24.0-255,5738,46056,78,275375
15748,0.000379,172.31.40.0-255,66,46122,78,275375
15749,0.000396,74.125.24.0-255,2543,48665,78,275375
15750,0.000398,172.31.40.0-255,66,48731,78,275375
15751,0.000724,74.125.24.0-255,1484,50215,78,275375
15752,0.000732,74.125.24.0-255,2902,53117,78,275375
15753,0.000736,172.31.40.0-255,66,53183,78,275375
15754,0.000761,74.125.24.0-255,5738,58921,78,275375
15755,0.000775,172.31.40.0-255,66,58987,78,275375
15756,0.000788,74.125.24.0-255,6797,65784,78,275375
15757,0.000813,172.31.40.0-255,66,65850,78,275375
15758,0.00084,74.125.24.0-255,646,66496,78,275375
15759,0.00111,172.31.40.0-255,66,66562,78,275375
15760,0.001307,74.125.24.0-255,1484,68046,78,275375
15761,0.00132,74.125.24.0-255,2902,70948,78,275375
15762,0.00135,74.125.24.0-255,5738,76686,78,275375
15763,0.001354,74.125.24.0-255,1484,78170,78,275375
15764,0.001375,74.125.24.0-255,2902,81072,78,275375
15765,0.001397,74.125.24.0-255,5738,86810,78,275375
15766,0.001463,74.125.24.0-255,2902,89712,78,275375
15767,0.001477,74.125.24.0-255,5738,95450,78,275375
15768,0.001482,74.125.24.0-255,2902,98352,78,275375
15769,0.001497,74.125.24.0-255,2184,100536,78,275375
15770,0.001561,74.125.24.0-255,1484,102020,78,275375
15771,0.00159,74.125.24.0-255,2902,104922,78,275375
15772,0.001596,74.125.24.0-255,5738,110660,78,275375
15773,0.001618,74.125.24.0-255,4320,114980,78,275375
15774,0.001635,74.125.24.0-255,5738,120718,78,275375
15775,0.00164,74.125.24.0-255,2902,123620,78,275375
15776,0.001661,74.125.24.0-255,2184,125804,78,275375
15777,0.001747,74.125.24.0-255,1484,127288,78,275375
15778,0.001764,74.125.24.0-255,2902,130190,78,275375
15779,0.001795,74.125.24.0-255,4320,134510,78,275375
15780,0.001813,74.125.24.0-255,1484,135994,78,275375
15781,0.00182,74.125.24.0-255,7156,143150,78,275375
15782,0.001857,74.125.24.0-255,4320,147470,78,275375
15783,0.00188,74.125.24.0-255,4320,151790,78,275375
15784,0.001883,74.125.24.0-255,1484,153274,78,275375
15785,0.001887,74.125.24.0-255,2902,156176,78,275375
15786,0.001922,74.125.24.0-255,3053,159229,78,275375
15787,0.005692,172.31.40.0-255,66,159295,78,275375
15788,0.007767,74.125.24.0-255,5738,165033,78,275375
15789,0.00778,172.31.40.0-255,66,165099,78,275375
15790,0.009854,74.125.24.0-255,5738,170837,78,275375
15791,0.009866,172.31.40.0-255,66,170903,78,275375
15792,0.011893,74.125.24.0-255,5738,176641,78,275375
15793,0.012882,172.31.40.0-255,66,176707,78,275375
15794,0.014988,74.125.24.0-255,5738,182445,78,275375
15795,0.015004,172.31.40.0-255,66,182511,78,275375
15796,0.017087,74.125.24.0-255,5738,188249,78,275375
15797,0.017103,172.31.40.0-255,66,188315,78,275375
15798,0.019147,74.125.24.0-255,5738,194053,78,275375
15799,0.019165,172.31.40.0-255,66,194119,78,275375
15800,0.02121,74.125.24.0-255,5738,199857,78,275375
15801,0.021685,172.31.40.0-255,66,199923,78,275375
15802,0.023705,74.125.24.0-255,5738,205661,78,275375
15803,0.023724,172.31.40.0-255,66,205727,78,275375
15804,0.025779,74.125.24.0-255,5738,211465,78,275375
15805,0.025797,172.31.40.0-255,66,211531,78,275375
15806,0.027824,74.125.24.0-255,5738,217269,78,275375
15807,0.027838,172.31.40.0-255,66,217335,78,275375
15808,0.029958,74.125.24.0-255,5738,223073,78,275375
15809,0.029972,172.31.40.0-255,66,223139,78,275375
15810,0.031993,74.125.24.0-255,5738,228877,78,275375
15811,0.03201,172.31.40.0-255,66,228943,78,275375
15812,0.034059,74.125.24.0-255,5738,234681,78,275375
15813,0.034076,172.31.40.0-255,66,234747,78,275375
15814,0.036097,74.125.24.0-255,5738,240485,78,275375
15815,0.036117,172.31.40.0-255,66,240551,78,275375
15816,0.03814,74.125.24.0-255,5738,246289,78,275375
15817,0.038154,172.31.40.0-255,66,246355,78,275375
15818,0.04023,74.125.24.0-255,5738,252093,78,275375
15819,0.040245,172.31.40.0-255,66,252159,78,275375
15820,0.042296,74.125.24.0-255,5738,257897,78,275375
15821,0.042321,172.31.40.0-255,66,257963,78,275375
15822,0.044431,74.125.24.0-255,5738,263701,78,275375
15823,0.044446,172.31.40.0-255,66,263767,78,275375
15824,0.046571,74.125.24.0-255,5738,269505,78,275375
15825,0.046595,172.31.40.0-255,66,269571,78,275375
15826,0.048657,74.125.24.0-255,5738,275309,78,275375
15827,0.048676,172.31.40.0-255,66,275375,78,275375
15828,0.0,172.217.194.0-255,153,153,78,211205
15829,1.4e-05,172.31.40.0-255,66,219,78,211205
15830,2.1e-05,172.217.194.0-255,1484,1703,78,211205
15831,2.6e-05,172.31.40.0-255,66,1769,78,211205
15832,3.1e-05,172.217.194.0-255,2902,4671,78,211205
15833,3.4e-05,172.31.40.0-255,66,4737,78,211205
15834,4.2e-05,172.217.194.0-255,7156,11893,78,211205
15835,4.5e-05,172.31.40.0-255,66,11959,78,211205
15836,7.6e-05,172.217.194.0-255,1484,13443,78,211205
15837,7.9e-05,172.31.40.0-255,66,13509,78,211205
15838,0.000114,172.31.40.0-255,66,13575,78,211205
15839,0.000137,172.217.194.0-255,5379,18954,78,211205
15840,0.000141,172.31.40.0-255,66,19020,78,211205
15841,0.000219,172.217.194.0-255,1484,20504,78,211205
15842,0.000223,172.31.40.0-255,66,20570,78,211205
15843,0.000229,172.217.194.0-255,2902,23472,78,211205
15844,0.000231,172.31.40.0-255,66,23538,78,211205
15845,0.000237,172.217.194.0-255,5738,29276,78,211205
15846,0.00024,172.31.40.0-255,66,29342,78,211205
15847,0.000259,172.217.194.0-255,1484,30826,78,211205
15848,0.000262,172.31.40.0-255,66,30892,78,211205
15849,0.000304,172.31.40.0-255,66,30958,78,211205
15850,0.000316,172.31.40.0-255,66,31024,78,211205
15851,0.000318,172.217.194.0-255,1405,32429,78,211205
15852,0.000321,172.31.40.0-255,66,32495,78,211205
15853,0.000338,172.217.194.0-255,398,32893,78,211205
15854,0.00034,172.31.40.0-255,66,32959,78,211205
15855,0.000473,172.217.194.0-255,1484,34443,78,211205
15856,0.000479,172.31.40.0-255,66,34509,78,211205
15857,0.000484,172.217.194.0-255,2902,37411,78,211205
15858,0.000486,172.31.40.0-255,66,37477,78,211205
15859,0.000527,172.217.194.0-255,5738,43215,78,211205
15860,0.000531,172.31.40.0-255,66,43281,78,211205
15861,0.000535,172.217.194.0-255,1484,44765,78,211205
15862,0.000552,172.217.194.0-255,5379,50144,78,211205
15863,0.000554,172.31.40.0-255,66,50210,78,211205
15864,0.000592,172.217.194.0-255,1484,51694,78,211205
15865,0.000596,172.217.194.0-255,2902,54596,78,211205
15866,0.000599,172.31.40.0-255,66,54662,78,211205
15867,0.000625,172.217.194.0-255,2902,57564,78,211205
15868,0.000628,172.31.40.0-255,66,57630,78,211205
15869,0.000646,172.217.194.0-255,1484,59114,78,211205
15870,0.000652,172.217.194.0-255,5738,64852,78,211205
15871,0.000655,172.31.40.0-255,66,64918,78,211205
15872,0.000667,172.217.194.0-255,2543,67461,78,211205
15873,0.000669,172.31.40.0-255,66,67527,78,211205
15874,0.001139,172.217.194.0-255,1484,69011,78,211205
15875,0.001155,172.217.194.0-255,2902,71913,78,211205
15876,0.001159,172.31.40.0-255,66,71979,78,211205
15877,0.001163,172.217.194.0-255,1484,73463,78,211205
15878,0.001182,172.217.194.0-255,4320,77783,78,211205
15879,0.001185,172.31.40.0-255,66,77849,78,211205
15880,0.001207,172.217.194.0-255,7156,85005,78,211205
15881,0.00121,172.31.40.0-255,66,85071,78,211205
15882,0.00123,172.217.194.0-255,2902,87973,78,211205
15883,0.001234,172.31.40.0-255,66,88039,78,211205
15884,0.001239,172.217.194.0-255,4320,92359,78,211205
15885,0.001241,172.31.40.0-255,66,92425,78,211205
15886,0.001266,172.31.40.0-255,66,92491,78,211205
15887,0.003604,172.217.194.0-255,5738,98229,78,211205
15888,0.003612,172.31.40.0-255,66,98295,78,211205
15889,0.005987,172.217.194.0-255,4320,102615,78,211205
15890,0.005991,172.31.40.0-255,66,102681,78,211205
15891,0.006006,172.217.194.0-255,1484,104165,78,211205
15892,0.008365,172.217.194.0-255,4320,108485,78,211205
15893,0.008373,172.31.40.0-255,66,108551,78,211205
15894,0.01078,172.217.194.0-255,5738,114289,78,211205
15895,0.010791,172.31.40.0-255,66,114355,78,211205
15896,0.013163,172.217.194.0-255,5738,120093,78,211205
15897,0.013174,172.31.40.0-255,66,120159,78,211205
15898,0.015602,172.217.194.0-255,5738,125897,78,211205
15899,0.015612,172.31.40.0-255,66,125963,78,211205
15900,0.018015,172.217.194.0-255,5738,131701,78,211205
15901,0.018023,172.31.40.0-255,66,131767,78,211205
15902,0.020353,172.217.194.0-255,4320,136087,78,211205
15903,0.020362,172.31.40.0-255,66,136153,78,211205
15904,0.020384,172.217.194.0-255,1484,137637,78,211205
15905,0.022751,172.217.194.0-255,4320,141957,78,211205
15906,0.022759,172.31.40.0-255,66,142023,78,211205
15907,0.025122,172.217.194.0-255,5738,147761,78,211205
15908,0.02513,172.31.40.0-255,66,147827,78,211205
15909,0.025936,172.31.40.0-255,172,147999,78,211205
15910,0.025963,172.31.40.0-255,1107,149106,78,211205
15911,0.026024,172.31.40.0-255,1514,150620,78,211205
15912,0.026025,172.31.40.0-255,1514,152134,78,211205
15913,0.026048,172.31.40.0-255,701,152835,78,211205
15914,0.027458,104.244.42.0-255,66,152901,78,211205
15915,0.027472,172.217.194.0-255,5738,158639,78,211205
15916,0.027476,172.31.40.0-255,66,158705,78,211205
15917,0.027508,104.244.42.0-255,66,158771,78,211205
15918,0.027613,104.244.42.0-255,66,158837,78,211205
15919,0.027618,104.244.42.0-255,66,158903,78,211205
15920,0.029822,172.217.194.0-255,5738,164641,78,211205
15921,0.029827,172.31.40.0-255,66,164707,78,211205
15922,0.032185,172.217.194.0-255,5738,170445,78,211205
15923,0.032192,172.31.40.0-255,66,170511,78,211205
15924,0.034585,172.217.194.0-255,5738,176249,78,211205
15925,0.034591,172.31.40.0-255,66,176315,78,211205
15926,0.036981,172.217.194.0-255,5738,182053,78,211205
15927,0.036988,172.31.40.0-255,66,182119,78,211205
15928,0.039332,172.217.194.0-255,5738,187857,78,211205
15929,0.039337,172.31.40.0-255,66,187923,78,211205
15930,0.04173,172.217.194.0-255,5738,193661,78,211205
15931,0.041737,172.31.40.0-255,66,193727,78,211205
15932,0.044175,172.217.194.0-255,5738,199465,78,211205
15933,0.044182,172.31.40.0-255,66,199531,78,211205
15934,0.046551,172.217.194.0-255,5738,205269,78,211205
15935,0.046559,172.31.40.0-255,66,205335,78,211205
15936,0.048959,172.217.194.0-255,4320,209655,78,211205
15937,0.048965,172.31.40.0-255,66,209721,78,211205
15938,0.048988,172.217.194.0-255,1484,211205,78,211205
15939,0.0,74.125.24.0-255,150,150,78,257665
15940,2.6e-05,172.31.40.0-255,66,216,78,257665
15941,3.4e-05,74.125.24.0-255,1484,1700,78,257665
15942,3.9e-05,172.31.40.0-255,66,1766,78,257665
15943,4.5e-05,74.125.24.0-255,2902,4668,78,257665
15944,5.6e-05,172.31.40.0-255,66,4734,78,257665
15945,6.5e-05,74.125.24.0-255,7156,11890,78,257665
15946,6.8e-05,172.31.40.0-255,66,11956,78,257665
15947,7.5e-05,74.125.24.0-255,6241,18197,78,257665
15948,7.8e-05,172.31.40.0-255,66,18263,78,257665
15949,0.000148,172.31.40.0-255,66,18329,78,257665
15950,0.000151,74.125.24.0-255,1484,19813,78,257665
15951,0.000153,172.31.40.0-255,66,19879,78,257665
15952,0.000157,74.125.24.0-255,1484,21363,78,257665
15953,0.000159,172.31.40.0-255,66,21429,78,257665
15954,0.00019,74.125.24.0-255,1484,22913,78,257665
15955,0.000192,172.31.40.0-255,66,22979,78,257665
15956,0.000204,74.125.24.0-255,5738,28717,78,257665
15957,0.000207,172.31.40.0-255,66,28783,78,257665
15958,0.000212,74.125.24.0-255,4320,33103,78,257665
15959,0.000214,172.31.40.0-255,66,33169,78,257665
15960,0.000227,172.31.40.0-255,66,33235,78,257665
15961,0.000262,172.31.40.0-255,66,33301,78,257665
15962,0.000274,74.125.24.0-255,679,33980,78,257665
15963,0.000276,172.31.40.0-255,66,34046,78,257665
15964,0.000361,74.125.24.0-255,1484,35530,78,257665
15965,0.000364,172.31.40.0-255,66,35596,78,257665
15966,0.000369,74.125.24.0-255,2902,38498,78,257665
15967,0.000371,172.31.40.0-255,66,38564,78,257665
15968,0.000376,74.125.24.0-255,4320,42884,78,257665
15969,0.000378,172.31.40.0-255,66,42950,78,257665
15970,0.000417,74.125.24.0-255,1484,44434,78,257665
15971,0.000425,74.125.24.0-255,6246,50680,78,257665
15972,0.000428,172.31.40.0-255,66,50746,78,257665
15973,0.000896,74.125.24.0-255,1484,52230,78,257665
15974,0.000903,74.125.24.0-255,2902,55132,78,257665
15975,0.000908,172.31.40.0-255,66,55198,78,257665
15976,0.000914,74.125.24.0-255,5738,60936,78,257665
15977,0.000916,172.31.40.0-255,66,61002,78,257665
15978,0.000955,172.31.40.0-255,66,61068,78,257665
15979,0.00096,74.125.24.0-255,2902,63970,78,257665
15980,0.000963,172.31.40.0-255,66,64036,78,257665
15981,0.000997,172.31.40.0-255,66,64102,78,257665
15982,0.001204,74.125.24.0-255,1484,65586,78,257665
15983,0.00121,74.125.24.0-255,2902,68488,78,257665
15984,0.001213,172.31.40.0-255,66,68554,78,257665
15985,0.001217,74.125.24.0-255,1484,70038,78,257665
15986,0.001242,74.125.24.0-255,4320,74358,78,257665
15987,0.001245,172.31.40.0-255,66,74424,78,257665
15988,0.00128,74.125.24.0-255,6797,81221,78,257665
15989,0.001283,172.31.40.0-255,66,81287,78,257665
15990,0.001307,74.125.24.0-255,1484,82771,78,257665
15991,0.001327,74.125.24.0-255,2902,85673,78,257665
15992,0.00133,172.31.40.0-255,66,85739,78,257665
15993,0.001337,74.125.24.0-255,5738,91477,78,257665
15994,0.00134,172.31.40.0-255,66,91543,78,257665
15995,0.001369,74.125.24.0-255,7156,98699,78,257665
15996,0.001372,172.31.40.0-255,66,98765,78,257665
15997,0.001383,74.125.24.0-255,1484,100249,78,257665
15998,0.0014,172.31.40.0-255,66,100315,78,257665
15999,0.001404,74.125.24.0-255,2902,103217,78,257665
16000,0.001406,172.31.40.0-255,66,103283,78,257665
16001,0.001425,74.125.24.0-255,2184,105467,78,257665
16002,0.001432,172.31.40.0-255,66,105533,78,257665
16003,0.001947,74.125.24.0-255,1484,107017,78,257665
16004,0.001954,74.125.24.0-255,2902,109919,78,257665
16005,0.001957,172.31.40.0-255,66,109985,78,257665
16006,0.001963,74.125.24.0-255,2902,112887,78,257665
16007,0.001965,172.31.40.0-255,66,112953,78,257665
16008,0.001968,74.125.24.0-255,1484,114437,78,257665
16009,0.002003,74.125.24.0-255,5738,120175,78,257665
16010,0.002005,172.31.40.0-255,66,120241,78,257665
16011,0.002017,172.31.40.0-255,66,120307,78,257665
16012,0.002052,74.125.24.0-255,7156,127463,78,257665
16013,0.002054,172.31.40.0-255,66,127529,78,257665
16014,0.002059,74.125.24.0-255,3602,131131,78,257665
16015,0.002061,172.31.40.0-255,66,131197,78,257665
16016,0.002113,74.125.24.0-255,1484,132681,78,257665
16017,0.002117,74.125.24.0-255,2902,135583,78,257665
16018,0.002119,172.31.40.0-255,66,135649,78,257665
16019,0.002126,74.125.24.0-255,5738,141387,78,257665
16020,0.002129,172.31.40.0-255,66,141453,78,257665
16021,0.002147,172.31.40.0-255,66,141519,78,257665
16022,0.002199,172.31.40.0-255,66,141585,78,257665
16023,0.004512,74.125.24.0-255,5738,147323,78,257665
16024,0.004521,172.31.40.0-255,66,147389,78,257665
16025,0.006795,74.125.24.0-255,5738,153127,78,257665
16026,0.006799,172.31.40.0-255,66,153193,78,257665
16027,0.009103,74.125.24.0-255,5738,158931,78,257665
16028,0.009115,172.31.40.0-255,66,158997,78,257665
16029,0.011406,74.125.24.0-255,5738,164735,78,257665
16030,0.011421,172.31.40.0-255,66,164801,78,257665
16031,0.013724,74.125.24.0-255,5738,170539,78,257665
16032,0.013732,172.31.40.0-255,66,170605,78,257665
16033,0.016036,74.125.24.0-255,5738,176343,78,257665
16034,0.016044,172.31.40.0-255,66,176409,78,257665
16035,0.018371,74.125.24.0-255,5738,182147,78,257665
16036,0.018384,172.31.40.0-255,66,182213,78,257665
16037,0.020699,74.125.24.0-255,5738,187951,78,257665
16038,0.02071,172.31.40.0-255,66,188017,78,257665
16039,0.022997,74.125.24.0-255,5738,193755,78,257665
16040,0.023006,172.31.40.0-255,66,193821,78,257665
16041,0.025317,74.125.24.0-255,5738,199559,78,257665
16042,0.025334,172.31.40.0-255,66,199625,78,257665
16043,0.027633,74.125.24.0-255,5738,205363,78,257665
16044,0.027642,172.31.40.0-255,66,205429,78,257665
16045,0.029925,74.125.24.0-255,5738,211167,78,257665
16046,0.029933,172.31.40.0-255,66,211233,78,257665
16047,0.032245,74.125.24.0-255,5738,216971,78,257665
16048,0.03226,172.31.40.0-255,66,217037,78,257665
16049,0.034571,74.125.24.0-255,5738,222775,78,257665
16050,0.034591,172.31.40.0-255,66,222841,78,257665
16051,0.036894,74.125.24.0-255,5738,228579,78,257665
16052,0.036904,172.31.40.0-255,66,228645,78,257665
16053,0.039238,74.125.24.0-255,5738,234383,78,257665
16054,0.039262,172.31.40.0-255,66,234449,78,257665
16055,0.041569,74.125.24.0-255,5738,240187,78,257665
16056,0.041577,172.31.40.0-255,66,240253,78,257665
16057,0.043888,74.125.24.0-255,5738,245991,78,257665
16058,0.043906,172.31.40.0-255,66,246057,78,257665
16059,0.046203,74.125.24.0-255,5738,251795,78,257665
16060,0.046211,172.31.40.0-255,66,251861,78,257665
16061,0.048528,74.125.24.0-255,5738,257599,78,257665
16062,0.048543,172.31.40.0-255,66,257665,78,257665
16063,0.0,74.125.68.0-255,152,152,78,314574
16064,2.3e-05,172.31.40.0-255,66,218,78,314574
16065,3e-05,74.125.68.0-255,1484,1702,78,314574
16066,3.4e-05,172.31.40.0-255,66,1768,78,314574
16067,4e-05,74.125.68.0-255,2902,4670,78,314574
16068,4.4e-05,172.31.40.0-255,66,4736,78,314574
16069,5.2e-05,74.125.68.0-255,7156,11892,78,314574
16070,5.5e-05,172.31.40.0-255,66,11958,78,314574
16071,9.6e-05,74.125.68.0-255,1983,13941,78,314574
16072,9.9e-05,172.31.40.0-255,66,14007,78,314574
16073,0.000186,74.125.68.0-255,1484,15491,78,314574
16074,0.000189,172.31.40.0-255,66,15557,78,314574
16075,0.000193,74.125.68.0-255,1484,17041,78,314574
16076,0.000195,172.31.40.0-255,66,17107,78,314574
16077,0.0002,74.125.68.0-255,2902,20009,78,314574
16078,0.000203,172.31.40.0-255,66,20075,78,314574
16079,0.000228,74.125.68.0-255,5738,25813,78,314574
16080,0.000231,172.31.40.0-255,66,25879,78,314574
16081,0.000256,74.125.68.0-255,5379,31258,78,314574
16082,0.000259,172.31.40.0-255,66,31324,78,314574
16083,0.000286,74.125.68.0-255,5738,37062,78,314574
16084,0.000288,172.31.40.0-255,66,37128,78,314574
16085,0.000339,172.31.40.0-255,66,37194,78,314574
16086,0.000352,172.31.40.0-255,66,37260,78,314574
16087,0.000359,74.125.68.0-255,6438,43698,78,314574
16088,0.000361,172.31.40.0-255,66,43764,78,314574
16089,0.000385,74.125.68.0-255,412,44176,78,314574
16090,0.000387,172.31.40.0-255,66,44242,78,314574
16091,0.000421,74.125.68.0-255,331,44573,78,314574
16092,0.000423,172.31.40.0-255,66,44639,78,314574
16093,0.00055,74.125.68.0-255,1484,46123,78,314574
16094,0.000557,74.125.68.0-255,1484,47607,78,314574
16095,0.00056,172.31.40.0-255,66,47673,78,314574
16096,0.000581,74.125.68.0-255,1484,49157,78,314574
16097,0.000588,74.125.68.0-255,5738,54895,78,314574
16098,0.000591,172.31.40.0-255,66,54961,78,314574
16099,0.000596,74.125.68.0-255,2902,57863,78,314574
16100,0.000598,172.31.40.0-255,66,57929,78,314574
16101,0.000617,74.125.68.0-255,4320,62249,78,314574
16102,0.00062,172.31.40.0-255,66,62315,78,314574
16103,0.000632,172.31.40.0-255,66,62381,78,314574
16104,0.000675,172.31.40.0-255,66,62447,78,314574
16105,0.000884,74.125.68.0-255,1484,63931,78,314574
16106,0.000889,74.125.68.0-255,1484,65415,78,314574
16107,0.000892,172.31.40.0-255,66,65481,78,314574
16108,0.000907,74.125.68.0-255,1484,66965,78,314574
16109,0.00091,74.125.68.0-255,1484,68449,78,314574
16110,0.000913,172.31.40.0-255,66,68515,78,314574
16111,0.000917,74.125.68.0-255,2902,71417,78,314574
16112,0.000919,172.31.40.0-255,66,71483,78,314574
16113,0.000944,74.125.68.0-255,5738,77221,78,314574
16114,0.000946,172.31.40.0-255,66,77287,78,314574
16115,0.000988,172.31.40.0-255,66,77353,78,314574
16116,0.001019,172.31.40.0-255,66,77419,78,314574
16117,0.001061,74.125.68.0-255,4320,81739,78,314574
16118,0.001066,172.31.40.0-255,66,81805,78,314574
16119,0.001084,74.125.68.0-255,4320,86125,78,314574
16120,0.001087,172.31.40.0-255,66,86191,78,314574
16121,0.001099,172.31.40.0-255,66,86257,78,314574
16122,0.001104,74.125.68.0-255,4320,90577,78,314574
16123,0.001107,172.31.40.0-255,66,90643,78,314574
16124,0.00113,74.125.68.0-255,1484,92127,78,314574
16125,0.001138,74.125.68.0-255,7156,99283,78,314574
16126,0.00114,172.31.40.0-255,66,99349,78,314574
16127,0.001156,74.125.68.0-255,2184,101533,78,314574
16128,0.001158,172.31.40.0-255,66,101599,78,314574
16129,0.001483,74.125.68.0-255,1484,103083,78,314574
16130,0.001488,74.125.68.0-255,2902,105985,78,314574
16131,0.001499,172.31.40.0-255,66,106051,78,314574
16132,0.001506,74.125.68.0-255,5738,111789,78,314574
16133,0.001508,172.31.40.0-255,66,111855,78,314574
16134,0.001513,74.125.68.0-255,2902,114757,78,314574
16135,0.001515,172.31.40.0-255,66,114823,78,314574
16136,0.00154,74.125.68.0-255,4320,119143,78,314574
16137,0.001543,172.31.40.0-255,66,119209,78,314574
16138,0.001562,74.125.68.0-255,5738,124947,78,314574
16139,0.001565,172.31.40.0-255,66,125013,78,314574
16140,0.001579,74.125.68.0-255,2902,127915,78,314574
16141,0.001581,172.31.40.0-255,66,127981,78,314574
16142,0.001584,74.125.68.0-255,1484,129465,78,314574
16143,0.001604,74.125.68.0-255,2902,132367,78,314574
16144,0.001606,172.31.40.0-255,66,132433,78,314574
16145,0.001624,74.125.68.0-255,3602,136035,78,314574
16146,0.001626,172.31.40.0-255,66,136101,78,314574
16147,0.001806,74.125.68.0-255,1484,137585,78,314574
16148,0.001811,74.125.68.0-255,1484,139069,78,314574
16149,0.001814,172.31.40.0-255,66,139135,78,314574
16150,0.001825,74.125.68.0-255,1484,140619,78,314574
16151,0.001841,74.125.68.0-255,4320,144939,78,314574
16152,0.001843,172.31.40.0-255,66,145005,78,314574
16153,0.001856,74.125.68.0-255,4320,149325,78,314574
16154,0.001859,172.31.40.0-255,66,149391,78,314574
16155,0.001881,74.125.68.0-255,4320,153711,78,314574
16156,0.001887,74.125.68.0-255,5738,159449,78,314574
16157,0.001922,74.125.68.0-255,2902,162351,78,314574
16158,0.001926,172.31.40.0-255,66,162417,78,314574
16159,0.001929,172.31.40.0-255,66,162483,78,314574
16160,0.001931,172.31.40.0-255,66,162549,78,314574
16161,0.00195,74.125.68.0-255,4320,166869,78,314574
16162,0.001953,172.31.40.0-255,66,166935,78,314574
16163,0.001957,74.125.68.0-255,3602,170537,78,314574
16164,0.001959,172.31.40.0-255,66,170603,78,314574
16165,0.002027,74.125.68.0-255,1484,172087,78,314574
16166,0.002033,74.125.68.0-255,2902,174989,78,314574
16167,0.002036,172.31.40.0-255,66,175055,78,314574
16168,0.002078,74.125.68.0-255,1484,176539,78,314574
16169,0.002103,74.125.68.0-255,2902,179441,78,314574
16170,0.002105,172.31.40.0-255,66,179507,78,314574
16171,0.002117,74.125.68.0-255,5738,185245,78,314574
16172,0.002119,172.31.40.0-255,66,185311,78,314574
16173,0.002126,74.125.68.0-255,5738,191049,78,314574
16174,0.002128,172.31.40.0-255,66,191115,78,314574
16175,0.002149,74.125.68.0-255,5738,196853,78,314574
16176,0.002152,172.31.40.0-255,66,196919,78,314574
16177,0.002172,74.125.68.0-255,1484,198403,78,314574
16178,0.002189,74.125.68.0-255,6438,204841,78,314574
16179,0.002192,172.31.40.0-255,66,204907,78,314574
16180,0.002222,172.31.40.0-255,66,204973,78,314574
16181,0.002229,74.125.68.0-255,7156,212129,78,314574
16182,0.002232,172.31.40.0-255,66,212195,78,314574
16183,0.002258,172.31.40.0-255,66,212261,78,314574
16184,0.002271,74.125.68.0-255,1484,213745,78,314574
16185,0.002291,172.31.40.0-255,66,213811,78,314574
16186,0.002329,74.125.68.0-255,5738,219549,78,314574
16187,0.002331,172.31.40.0-255,66,219615,78,314574
16188,0.002354,74.125.68.0-255,4320,223935,78,314574
16189,0.002357,172.31.40.0-255,66,224001,78,314574
16190,0.002361,74.125.68.0-255,2902,226903,78,314574
16191,0.002363,172.31.40.0-255,66,226969,78,314574
16192,0.004663,74.125.68.0-255,2902,229871,78,314574
16193,0.004671,172.31.40.0-255,66,229937,78,314574
16194,0.00469,74.125.68.0-255,2902,232839,78,314574
16195,0.004693,172.31.40.0-255,66,232905,78,314574
16196,0.006974,74.125.68.0-255,2902,235807,78,314574
16197,0.006977,172.31.40.0-255,66,235873,78,314574
16198,0.006991,74.125.68.0-255,1484,237357,78,314574
16199,0.007004,74.125.68.0-255,1484,238841,78,314574
16200,0.007006,172.31.40.0-255,66,238907,78,314574
16201,0.009306,74.125.68.0-255,5738,244645,78,314574
16202,0.009313,172.31.40.0-255,66,244711,78,314574
16203,0.011624,74.125.68.0-255,5738,250449,78,314574
16204,0.011635,172.31.40.0-255,66,250515,78,314574
16205,0.013956,74.125.68.0-255,5738,256253,78,314574
16206,0.013965,172.31.40.0-255,66,256319,78,314574
16207,0.01628,74.125.68.0-255,5738,262057,78,314574
16208,0.016291,172.31.40.0-255,66,262123,78,314574
16209,0.018598,74.125.68.0-255,5738,267861,78,314574
16210,0.018607,172.31.40.0-255,66,267927,78,314574
16211,0.020914,74.125.68.0-255,5738,273665,78,314574
16212,0.020921,172.31.40.0-255,66,273731,78,314574
16213,0.023222,74.125.68.0-255,5738,279469,78,314574
16214,0.023228,172.31.40.0-255,66,279535,78,314574
16215,0.025554,74.125.68.0-255,5738,285273,78,314574
16216,0.025562,172.31.40.0-255,66,285339,78,314574
16217,0.027868,74.125.68.0-255,5738,291077,78,314574
16218,0.027875,172.31.40.0-255,66,291143,78,314574
16219,0.030184,74.125.68.0-255,5738,296881,78,314574
16220,0.030192,172.31.40.0-255,66,296947,78,314574
16221,0.032513,74.125.68.0-255,5738,302685,78,314574
16222,0.03252,172.31.40.0-255,66,302751,78,314574
16223,0.033092,172.31.40.0-255,172,302923,78,314574
16224,0.033126,172.31.40.0-255,1107,304030,78,314574
16225,0.033185,172.31.40.0-255,1514,305544,78,314574
16226,0.033186,172.31.40.0-255,1300,306844,78,314574
16227,0.034615,104.244.42.0-255,66,306910,78,314574
16228,0.034691,104.244.42.0-255,66,306976,78,314574
16229,0.034719,104.244.42.0-255,66,307042,78,314574
16230,0.03484,74.125.68.0-255,5738,312780,78,314574
16231,0.034846,172.31.40.0-255,66,312846,78,314574
16232,0.037172,74.125.68.0-255,1491,314337,78,314574
16233,0.037185,172.31.40.0-255,66,314403,78,314574
16234,0.037405,172.31.40.0-255,105,314508,78,314574
16235,0.039679,74.125.68.0-255,66,314574,78,314574
16236,0.0,172.217.194.0-255,152,152,78,240268
16237,2.3e-05,172.31.40.0-255,66,218,78,240268
16238,3e-05,172.217.194.0-255,1484,1702,78,240268
16239,3.4e-05,172.31.40.0-255,66,1768,78,240268
16240,4.1e-05,172.217.194.0-255,2902,4670,78,240268
16241,4.6e-05,172.31.40.0-255,66,4736,78,240268
16242,5.3e-05,172.217.194.0-255,7156,11892,78,240268
16243,5.6e-05,172.31.40.0-255,66,11958,78,240268
16244,8.6e-05,172.31.40.0-255,66,12024,78,240268
16245,0.000108,172.217.194.0-255,1484,13508,78,240268
16246,0.00011,172.31.40.0-255,66,13574,78,240268
16247,0.000133,172.217.194.0-255,5379,18953,78,240268
16248,0.000136,172.31.40.0-255,66,19019,78,240268
16249,0.000275,172.217.194.0-255,1484,20503,78,240268
16250,0.00028,172.31.40.0-255,66,20569,78,240268
16251,0.000286,172.217.194.0-255,2902,23471,78,240268
16252,0.000288,172.31.40.0-255,66,23537,78,240268
16253,0.000309,172.217.194.0-255,5738,29275,78,240268
16254,0.000312,172.31.40.0-255,66,29341,78,240268
16255,0.000315,172.217.194.0-255,1484,30825,78,240268
16256,0.000317,172.31.40.0-255,66,30891,78,240268
16257,0.000348,172.31.40.0-255,66,30957,78,240268
16258,0.000374,172.217.194.0-255,1484,32441,78,240268
16259,0.000377,172.31.40.0-255,66,32507,78,240268
16260,0.00039,172.31.40.0-255,66,32573,78,240268
16261,0.000392,172.217.194.0-255,678,33251,78,240268
16262,0.000394,172.31.40.0-255,66,33317,78,240268
16263,0.000407,172.217.194.0-255,1484,34801,78,240268
16264,0.000409,172.31.40.0-255,66,34867,78,240268
16265,0.000415,172.217.194.0-255,4320,39187,78,240268
16266,0.000418,172.31.40.0-255,66,39253,78,240268
16267,0.000423,172.217.194.0-255,4320,43573,78,240268
16268,0.000425,172.31.40.0-255,66,43639,78,240268
16269,0.000457,172.217.194.0-255,5738,49377,78,240268
16270,0.00046,172.31.40.0-255,66,49443,78,240268
16271,0.000471,172.31.40.0-255,66,49509,78,240268
16272,0.00049,172.217.194.0-255,7156,56665,78,240268
16273,0.000493,172.31.40.0-255,66,56731,78,240268
16274,0.000495,172.217.194.0-255,766,57497,78,240268
16275,0.001243,172.217.194.0-255,1484,58981,78,240268
16276,0.001248,172.31.40.0-255,66,59047,78,240268
16277,0.001255,172.217.194.0-255,2902,61949,78,240268
16278,0.001257,172.31.40.0-255,66,62015,78,240268
16279,0.001263,172.217.194.0-255,5738,67753,78,240268
16280,0.001266,172.31.40.0-255,66,67819,78,240268
16281,0.001304,172.31.40.0-255,66,67885,78,240268
16282,0.001308,172.217.194.0-255,1484,69369,78,240268
16283,0.001331,172.217.194.0-255,7156,76525,78,240268
16284,0.001334,172.31.40.0-255,66,76591,78,240268
16285,0.001347,172.217.194.0-255,1634,78225,78,240268
16286,0.00135,172.31.40.0-255,66,78291,78,240268
16287,0.001661,172.217.194.0-255,1484,79775,78,240268
16288,0.001665,172.217.194.0-255,1484,81259,78,240268
16289,0.001668,172.31.40.0-255,66,81325,78,240268
16290,0.001686,172.217.194.0-255,1484,82809,78,240268
16291,0.001693,172.217.194.0-255,5738,88547,78,240268
16292,0.001695,172.31.40.0-255,66,88613,78,240268
16293,0.001702,172.217.194.0-255,5738,94351,78,240268
16294,0.001705,172.31.40.0-255,66,94417,78,240268
16295,0.001729,172.217.194.0-255,7156,101573,78,240268
16296,0.001732,172.31.40.0-255,66,101639,78,240268
16297,0.001744,172.31.40.0-255,66,101705,78,240268
16298,0.001771,172.217.194.0-255,2184,103889,78,240268
16299,0.001773,172.31.40.0-255,66,103955,78,240268
16300,0.003862,172.217.194.0-255,4320,108275,78,240268
16301,0.003884,172.31.40.0-255,66,108341,78,240268
16302,0.003905,172.217.194.0-255,1484,109825,78,240268
16303,0.005937,172.217.194.0-255,4320,114145,78,240268
16304,0.005941,172.31.40.0-255,66,114211,78,240268
16305,0.008013,172.217.194.0-255,5738,119949,78,240268
16306,0.00802,172.31.40.0-255,66,120015,78,240268
16307,0.010094,172.217.194.0-255,5738,125753,78,240268
16308,0.010109,172.31.40.0-255,66,125819,78,240268
16309,0.012156,172.217.194.0-255,5738,131557,78,240268
16310,0.012167,172.31.40.0-255,66,131623,78,240268
16311,0.014281,172.217.194.0-255,5738,137361,78,240268
16312,0.014293,172.31.40.0-255,66,137427,78,240268
16313,0.016373,172.217.194.0-255,5738,143165,78,240268
16314,0.016381,172.31.40.0-255,66,143231,78,240268
16315,0.018448,172.217.194.0-255,5738,148969,78,240268
16316,0.018458,172.31.40.0-255,66,149035,78,240268
16317,0.020554,172.217.194.0-255,5738,154773,78,240268
16318,0.020563,172.31.40.0-255,66,154839,78,240268
16319,0.022633,172.217.194.0-255,5738,160577,78,240268
16320,0.022646,172.31.40.0-255,66,160643,78,240268
16321,0.024702,172.217.194.0-255,5738,166381,78,240268
16322,0.024715,172.31.40.0-255,66,166447,78,240268
16323,0.026778,172.217.194.0-255,5738,172185,78,240268
16324,0.026785,172.31.40.0-255,66,172251,78,240268
16325,0.027419,172.31.40.0-255,172,172423,78,240268
16326,0.027451,172.31.40.0-255,1104,173527,78,240268
16327,0.027513,172.31.40.0-255,1514,175041,78,240268
16328,0.027515,172.31.40.0-255,1185,176226,78,240268
16329,0.028838,172.217.194.0-255,5738,181964,78,240268
16330,0.028846,172.31.40.0-255,66,182030,78,240268
16331,0.028966,104.244.42.0-255,66,182096,78,240268
16332,0.029006,104.244.42.0-255,66,182162,78,240268
16333,0.029057,104.244.42.0-255,66,182228,78,240268
16334,0.030926,172.217.194.0-255,5738,187966,78,240268
16335,0.030933,172.31.40.0-255,66,188032,78,240268
16336,0.033024,172.217.194.0-255,5738,193770,78,240268
16337,0.033031,172.31.40.0-255,66,193836,78,240268
16338,0.035113,172.217.194.0-255,5738,199574,78,240268
16339,0.035131,172.31.40.0-255,66,199640,78,240268
16340,0.037223,172.217.194.0-255,5738,205378,78,240268
16341,0.03724,172.31.40.0-255,66,205444,78,240268
16342,0.039295,172.217.194.0-255,5738,211182,78,240268
16343,0.039303,172.31.40.0-255,66,211248,78,240268
16344,0.041398,172.217.194.0-255,5738,216986,78,240268
16345,0.04142,172.31.40.0-255,66,217052,78,240268
16346,0.043485,172.217.194.0-255,5738,222790,78,240268
16347,0.043492,172.31.40.0-255,66,222856,78,240268
16348,0.045574,172.217.194.0-255,5738,228594,78,240268
16349,0.045592,172.31.40.0-255,66,228660,78,240268
16350,0.047647,172.217.194.0-255,5738,234398,78,240268
16351,0.047654,172.31.40.0-255,66,234464,78,240268
16352,0.049749,172.217.194.0-255,5738,240202,78,240268
16353,0.049767,172.31.40.0-255,66,240268,78,240268
16354,0.0,74.125.200.0-255,153,153,78,142326
16355,2.2e-05,172.31.40.0-255,66,219,78,142326
16356,2.8e-05,74.125.200.0-255,1484,1703,78,142326
16357,3.2e-05,172.31.40.0-255,66,1769,78,142326
16358,3.5e-05,74.125.200.0-255,1484,3253,78,142326
16359,3.8e-05,172.31.40.0-255,66,3319,78,142326
16360,6.7e-05,74.125.200.0-255,2902,6221,78,142326
16361,7e-05,172.31.40.0-255,66,6287,78,142326
16362,7.5e-05,74.125.200.0-255,2902,9189,78,142326
16363,7.8e-05,172.31.40.0-255,66,9255,78,142326
16364,9.9e-05,74.125.200.0-255,2902,12157,78,142326
16365,0.000101,172.31.40.0-255,66,12223,78,142326
16366,0.000105,74.125.200.0-255,1484,13707,78,142326
16367,0.000107,172.31.40.0-255,66,13773,78,142326
16368,0.000111,74.125.200.0-255,2063,15836,78,142326
16369,0.000113,172.31.40.0-255,66,15902,78,142326
16370,0.000154,74.125.200.0-255,5738,21640,78,142326
16371,0.000157,172.31.40.0-255,66,21706,78,142326
16372,0.000165,74.125.200.0-255,7156,28862,78,142326
16373,0.000167,172.31.40.0-255,66,28928,78,142326
16374,0.000205,74.125.200.0-255,2543,31471,78,142326
16375,0.000208,172.31.40.0-255,66,31537,78,142326
16376,0.003533,74.125.200.0-255,1484,33021,78,142326
16377,0.00354,172.31.40.0-255,66,33087,78,142326
16378,0.003562,74.125.200.0-255,2902,35989,78,142326
16379,0.003564,172.31.40.0-255,66,36055,78,142326
16380,0.003568,74.125.200.0-255,1484,37539,78,142326
16381,0.00357,172.31.40.0-255,66,37605,78,142326
16382,0.006123,74.125.200.0-255,4320,41925,78,142326
16383,0.006129,172.31.40.0-255,66,41991,78,142326
16384,0.006148,74.125.200.0-255,1484,43475,78,142326
16385,0.006151,172.31.40.0-255,66,43541,78,142326
16386,0.008712,74.125.200.0-255,5738,49279,78,142326
16387,0.008719,172.31.40.0-255,66,49345,78,142326
16388,0.011333,74.125.200.0-255,5738,55083,78,142326
16389,0.011341,172.31.40.0-255,66,55149,78,142326
16390,0.013919,74.125.200.0-255,5738,60887,78,142326
16391,0.013932,172.31.40.0-255,66,60953,78,142326
16392,0.016512,74.125.200.0-255,5738,66691,78,142326
16393,0.01652,172.31.40.0-255,66,66757,78,142326
16394,0.019095,74.125.200.0-255,5738,72495,78,142326
16395,0.019104,172.31.40.0-255,66,72561,78,142326
16396,0.02167,74.125.200.0-255,5738,78299,78,142326
16397,0.021677,172.31.40.0-255,66,78365,78,142326
16398,0.022876,172.31.40.0-255,172,78537,78,142326
16399,0.022909,172.31.40.0-255,1108,79645,78,142326
16400,0.022973,172.31.40.0-255,1514,81159,78,142326
16401,0.022974,172.31.40.0-255,1514,82673,78,142326
16402,0.022976,172.31.40.0-255,1514,84187,78,142326
16403,0.022977,172.31.40.0-255,1079,85266,78,142326
16404,0.024244,74.125.200.0-255,5738,91004,78,142326
16405,0.024251,172.31.40.0-255,66,91070,78,142326
16406,0.024397,104.244.42.0-255,66,91136,78,142326
16407,0.024456,104.244.42.0-255,66,91202,78,142326
16408,0.02452,104.244.42.0-255,66,91268,78,142326
16409,0.025092,104.244.42.0-255,108,91376,78,142326
16410,0.025102,172.31.40.0-255,66,91442,78,142326
16411,0.026837,74.125.200.0-255,5738,97180,78,142326
16412,0.026842,172.31.40.0-255,66,97246,78,142326
16413,0.029412,74.125.200.0-255,5738,102984,78,142326
16414,0.02942,172.31.40.0-255,66,103050,78,142326
16415,0.031992,74.125.200.0-255,4320,107370,78,142326
16416,0.031999,172.31.40.0-255,66,107436,78,142326
16417,0.03202,74.125.200.0-255,1484,108920,78,142326
16418,0.034572,74.125.200.0-255,4320,113240,78,142326
16419,0.034582,172.31.40.0-255,66,113306,78,142326
16420,0.037153,74.125.200.0-255,5738,119044,78,142326
16421,0.037158,172.31.40.0-255,66,119110,78,142326
16422,0.039727,74.125.200.0-255,5738,124848,78,142326
16423,0.039732,172.31.40.0-255,66,124914,78,142326
16424,0.042297,74.125.200.0-255,5738,130652,78,142326
16425,0.042303,172.31.40.0-255,66,130718,78,142326
16426,0.044869,74.125.200.0-255,5738,136456,78,142326
16427,0.044876,172.31.40.0-255,66,136522,78,142326
16428,0.047448,74.125.200.0-255,5738,142260,78,142326
16429,0.047455,172.31.40.0-255,66,142326,78,142326
16430,0.0,74.125.24.0-255,150,150,78,317164
16431,2.3e-05,172.31.40.0-255,66,216,78,317164
16432,3e-05,74.125.24.0-255,1484,1700,78,317164
16433,3.5e-05,172.31.40.0-255,66,1766,78,317164
16434,4.2e-05,74.125.24.0-255,2902,4668,78,317164
16435,4.5e-05,172.31.40.0-255,66,4734,78,317164
16436,5.1e-05,74.125.24.0-255,4320,9054,78,317164
16437,5.3e-05,172.31.40.0-255,66,9120,78,317164
16438,9.4e-05,172.31.40.0-255,66,9186,78,317164
16439,0.000105,172.31.40.0-255,66,9252,78,317164
16440,0.000148,74.125.24.0-255,3961,13213,78,317164
16441,0.00015,172.31.40.0-255,66,13279,78,317164
16442,0.000217,74.125.24.0-255,1484,14763,78,317164
16443,0.00022,172.31.40.0-255,66,14829,78,317164
16444,0.000225,74.125.24.0-255,2902,17731,78,317164
16445,0.000227,172.31.40.0-255,66,17797,78,317164
16446,0.000256,74.125.24.0-255,5738,23535,78,317164
16447,0.000258,172.31.40.0-255,66,23601,78,317164
16448,0.000261,74.125.24.0-255,1484,25085,78,317164
16449,0.000263,172.31.40.0-255,66,25151,78,317164
16450,0.000275,172.31.40.0-255,66,25217,78,317164
16451,0.000291,74.125.24.0-255,2902,28119,78,317164
16452,0.000293,172.31.40.0-255,66,28185,78,317164
16453,0.00033,172.31.40.0-255,66,28251,78,317164
16454,0.000332,74.125.24.0-255,342,28593,78,317164
16455,0.000334,172.31.40.0-255,66,28659,78,317164
16456,0.000528,74.125.24.0-255,1484,30143,78,317164
16457,0.000533,172.31.40.0-255,66,30209,78,317164
16458,0.000537,74.125.24.0-255,1484,31693,78,317164
16459,0.000555,74.125.24.0-255,1484,33177,78,317164
16460,0.000558,172.31.40.0-255,66,33243,78,317164
16461,0.000564,74.125.24.0-255,5738,38981,78,317164
16462,0.000566,172.31.40.0-255,66,39047,78,317164
16463,0.000602,74.125.24.0-255,5738,44785,78,317164
16464,0.000605,172.31.40.0-255,66,44851,78,317164
16465,0.000627,74.125.24.0-255,7156,52007,78,317164
16466,0.00063,172.31.40.0-255,66,52073,78,317164
16467,0.000653,74.125.24.0-255,4320,56393,78,317164
16468,0.000656,172.31.40.0-255,66,56459,78,317164
16469,0.000682,74.125.24.0-255,6438,62897,78,317164
16470,0.000685,172.31.40.0-255,66,62963,78,317164
16471,0.000795,74.125.24.0-255,1484,64447,78,317164
16472,0.000809,74.125.24.0-255,2902,67349,78,317164
16473,0.000812,172.31.40.0-255,66,67415,78,317164
16474,0.000816,74.125.24.0-255,1484,68899,78,317164
16475,0.000837,74.125.24.0-255,4320,73219,78,317164
16476,0.000839,172.31.40.0-255,66,73285,78,317164
16477,0.000857,74.125.24.0-255,7156,80441,78,317164
16478,0.00086,172.31.40.0-255,66,80507,78,317164
16479,0.000878,74.125.24.0-255,1484,81991,78,317164
16480,0.000892,74.125.24.0-255,5738,87729,78,317164
16481,0.000895,172.31.40.0-255,66,87795,78,317164
16482,0.000921,74.125.24.0-255,7156,94951,78,317164
16483,0.000924,172.31.40.0-255,66,95017,78,317164
16484,0.000928,74.125.24.0-255,1634,96651,78,317164
16485,0.00093,172.31.40.0-255,66,96717,78,317164
16486,0.001067,74.125.24.0-255,1484,98201,78,317164
16487,0.00108,74.125.24.0-255,2902,101103,78,317164
16488,0.001083,172.31.40.0-255,66,101169,78,317164
16489,0.0011,74.125.24.0-255,5738,106907,78,317164
16490,0.001103,172.31.40.0-255,66,106973,78,317164
16491,0.001134,74.125.24.0-255,7156,114129,78,317164
16492,0.001137,172.31.40.0-255,66,114195,78,317164
16493,0.001162,74.125.24.0-255,7156,121351,78,317164
16494,0.001165,172.31.40.0-255,66,121417,78,317164
16495,0.00119,74.125.24.0-255,5738,127155,78,317164
16496,0.001192,172.31.40.0-255,66,127221,78,317164
16497,0.001234,74.125.24.0-255,3602,130823,78,317164
16498,0.001238,172.31.40.0-255,66,130889,78,317164
16499,0.00184,74.125.24.0-255,1484,132373,78,317164
16500,0.001856,74.125.24.0-255,2902,135275,78,317164
16501,0.001859,172.31.40.0-255,66,135341,78,317164
16502,0.001864,74.125.24.0-255,1484,136825,78,317164
16503,0.001904,74.125.24.0-255,2902,139727,78,317164
16504,0.001907,172.31.40.0-255,66,139793,78,317164
16505,0.001927,74.125.24.0-255,2902,142695,78,317164
16506,0.001935,74.125.24.0-255,7156,149851,78,317164
16507,0.001939,172.31.40.0-255,66,149917,78,317164
16508,0.001942,172.31.40.0-255,66,149983,78,317164
16509,0.001954,74.125.24.0-255,5738,155721,78,317164
16510,0.001956,172.31.40.0-255,66,155787,78,317164
16511,0.001961,74.125.24.0-255,2902,158689,78,317164
16512,0.001963,172.31.40.0-255,66,158755,78,317164
16513,0.002012,74.125.24.0-255,6438,165193,78,317164
16514,0.002016,172.31.40.0-255,66,165259,78,317164
16515,0.002022,74.125.24.0-255,5738,170997,78,317164
16516,0.002024,172.31.40.0-255,66,171063,78,317164
16517,0.002036,74.125.24.0-255,1484,172547,78,317164
16518,0.00204,74.125.24.0-255,1484,174031,78,317164
16519,0.002041,172.31.40.0-255,66,174097,78,317164
16520,0.002061,74.125.24.0-255,7156,181253,78,317164
16521,0.002064,172.31.40.0-255,66,181319,78,317164
16522,0.002135,172.31.40.0-255,66,181385,78,317164
16523,0.002137,74.125.24.0-255,766,182151,78,317164
16524,0.004182,74.125.24.0-255,4320,186471,78,317164
16525,0.00419,172.31.40.0-255,66,186537,78,317164
16526,0.006278,74.125.24.0-255,5738,192275,78,317164
16527,0.006282,172.31.40.0-255,66,192341,78,317164
16528,0.008343,74.125.24.0-255,5738,198079,78,317164
16529,0.008349,172.31.40.0-255,66,198145,78,317164
16530,0.01041,74.125.24.0-255,4320,202465,78,317164
16531,0.010417,172.31.40.0-255,66,202531,78,317164
16532,0.010437,74.125.24.0-255,1484,204015,78,317164
16533,0.012476,74.125.24.0-255,4320,208335,78,317164
16534,0.012484,172.31.40.0-255,66,208401,78,317164
16535,0.014549,74.125.24.0-255,5738,214139,78,317164
16536,0.014559,172.31.40.0-255,66,214205,78,317164
16537,0.016664,74.125.24.0-255,5738,219943,78,317164
16538,0.016672,172.31.40.0-255,66,220009,78,317164
16539,0.018736,74.125.24.0-255,5738,225747,78,317164
16540,0.018749,172.31.40.0-255,66,225813,78,317164
16541,0.020801,74.125.24.0-255,5738,231551,78,317164
16542,0.020814,172.31.40.0-255,66,231617,78,317164
16543,0.022893,74.125.24.0-255,5738,237355,78,317164
16544,0.022907,172.31.40.0-255,66,237421,78,317164
16545,0.024995,74.125.24.0-255,5738,243159,78,317164
16546,0.025005,172.31.40.0-255,66,243225,78,317164
16547,0.027039,74.125.24.0-255,5738,248963,78,317164
16548,0.027046,172.31.40.0-255,66,249029,78,317164
16549,0.029092,74.125.24.0-255,5738,254767,78,317164
16550,0.029099,172.31.40.0-255,66,254833,78,317164
16551,0.031188,74.125.24.0-255,5738,260571,78,317164
16552,0.031196,172.31.40.0-255,66,260637,78,317164
16553,0.033247,74.125.24.0-255,5738,266375,78,317164
16554,0.033253,172.31.40.0-255,66,266441,78,317164
16555,0.035317,74.125.24.0-255,5738,272179,78,317164
16556,0.035326,172.31.40.0-255,66,272245,78,317164
16557,0.037436,74.125.24.0-255,5738,277983,78,317164
16558,0.037451,172.31.40.0-255,66,278049,78,317164
16559,0.039512,74.125.24.0-255,5738,283787,78,317164
16560,0.03952,172.31.40.0-255,66,283853,78,317164
16561,0.041599,74.125.24.0-255,5738,289591,78,317164
16562,0.041611,172.31.40.0-255,66,289657,78,317164
16563,0.043679,74.125.24.0-255,5738,295395,78,317164
16564,0.043685,172.31.40.0-255,66,295461,78,317164
16565,0.045771,74.125.24.0-255,5738,301199,78,317164
16566,0.045786,172.31.40.0-255,66,301265,78,317164
16567,0.047376,172.31.40.0-255,172,301437,78,317164
16568,0.047409,172.31.40.0-255,1108,302545,78,317164
16569,0.047469,172.31.40.0-255,1514,304059,78,317164
16570,0.047471,172.31.40.0-255,1299,305358,78,317164
16571,0.047876,74.125.24.0-255,5738,311096,78,317164
16572,0.047883,172.31.40.0-255,66,311162,78,317164
16573,0.048956,104.244.42.0-255,66,311228,78,317164
16574,0.048979,104.244.42.0-255,66,311294,78,317164
16575,0.049051,104.244.42.0-255,66,311360,78,317164
16576,0.049946,74.125.24.0-255,5738,317098,78,317164
16577,0.049953,172.31.40.0-255,66,317164,78,317164
16578,0.0,74.125.200.0-255,150,150,78,273898
16579,2.2e-05,172.31.40.0-255,66,216,78,273898
16580,3e-05,74.125.200.0-255,1484,1700,78,273898
16581,3.3e-05,172.31.40.0-255,66,1766,78,273898
16582,3.8e-05,74.125.200.0-255,2902,4668,78,273898
16583,4.1e-05,172.31.40.0-255,66,4734,78,273898
16584,5.6e-05,74.125.200.0-255,5738,10472,78,273898
16585,5.8e-05,172.31.40.0-255,66,10538,78,273898
16586,6.3e-05,74.125.200.0-255,3491,14029,78,273898
16587,6.6e-05,172.31.40.0-255,66,14095,78,273898
16588,6.9e-05,74.125.200.0-255,1484,15579,78,273898
16589,7.3e-05,172.31.40.0-255,66,15645,78,273898
16590,0.000107,74.125.200.0-255,2902,18547,78,273898
16591,0.000121,172.31.40.0-255,66,18613,78,273898
16592,0.000133,172.31.40.0-255,66,18679,78,273898
16593,0.000151,74.125.200.0-255,1484,20163,78,273898
16594,0.000154,172.31.40.0-255,66,20229,78,273898
16595,0.000163,74.125.200.0-255,2543,22772,78,273898
16596,0.000165,172.31.40.0-255,66,22838,78,273898
16597,0.000233,74.125.200.0-255,1484,24322,78,273898
16598,0.000236,172.31.40.0-255,66,24388,78,273898
16599,0.000267,74.125.200.0-255,2902,27290,78,273898
16600,0.00027,172.31.40.0-255,66,27356,78,273898
16601,0.000275,74.125.200.0-255,4320,31676,78,273898
16602,0.000277,172.31.40.0-255,66,31742,78,273898
16603,0.000279,74.125.200.0-255,1484,33226,78,273898
16604,0.000281,172.31.40.0-255,66,33292,78,273898
16605,0.000304,74.125.200.0-255,4320,37612,78,273898
16606,0.000307,172.31.40.0-255,66,37678,78,273898
16607,0.000334,74.125.200.0-255,2543,40221,78,273898
16608,0.000337,172.31.40.0-255,66,40287,78,273898
16609,0.000341,74.125.200.0-255,2902,43189,78,273898
16610,0.000366,74.125.200.0-255,7156,50345,78,273898
16611,0.000369,74.125.200.0-255,1484,51829,78,273898
16612,0.000401,74.125.200.0-255,2902,54731,78,273898
16613,0.000417,74.125.200.0-255,2820,57551,78,273898
16614,0.000488,74.125.200.0-255,130,57681,78,273898
16615,0.000568,172.31.40.0-255,66,57747,78,273898
16616,0.000608,74.125.200.0-255,1484,59231,78,273898
16617,0.000612,74.125.200.0-255,1484,60715,78,273898
16618,0.000637,74.125.200.0-255,1484,62199,78,273898
16619,0.000642,74.125.200.0-255,4320,66519,78,273898
16620,0.000645,172.31.40.0-255,66,66585,78,273898
16621,0.00065,172.31.40.0-255,66,66651,78,273898
16622,0.000691,74.125.200.0-255,7156,73807,78,273898
16623,0.000696,74.125.200.0-255,5738,79545,78,273898
16624,0.000708,74.125.200.0-255,2902,82447,78,273898
16625,0.000712,74.125.200.0-255,1044,83491,78,273898
16626,0.000732,172.31.40.0-255,66,83557,78,273898
16627,0.001077,74.125.200.0-255,1484,85041,78,273898
16628,0.001093,74.125.200.0-255,2902,87943,78,273898
16629,0.001097,172.31.40.0-255,66,88009,78,273898
16630,0.001127,74.125.200.0-255,5738,93747,78,273898
16631,0.001134,74.125.200.0-255,7156,100903,78,273898
16632,0.001148,172.31.40.0-255,66,100969,78,273898
16633,0.001181,74.125.200.0-255,7156,108125,78,273898
16634,0.001187,172.31.40.0-255,66,108191,78,273898
16635,0.001212,74.125.200.0-255,1484,109675,78,273898
16636,0.001216,74.125.200.0-255,2902,112577,78,273898
16637,0.001231,74.125.200.0-255,5020,117597,78,273898
16638,0.001235,172.31.40.0-255,66,117663,78,273898
16639,0.001239,172.31.40.0-255,66,117729,78,273898
16640,0.001285,74.125.200.0-255,5738,123467,78,273898
16641,0.001288,74.125.200.0-255,1484,124951,78,273898
16642,0.001331,172.31.40.0-255,66,125017,78,273898
16643,0.001344,74.125.200.0-255,2902,127919,78,273898
16644,0.00135,74.125.200.0-255,5738,133657,78,273898
16645,0.001353,74.125.200.0-255,2902,136559,78,273898
16646,0.001371,172.31.40.0-255,66,136625,78,273898
16647,0.001393,74.125.200.0-255,1484,138109,78,273898
16648,0.0014,74.125.200.0-255,5020,143129,78,273898
16649,0.001412,172.31.40.0-255,66,143195,78,273898
16650,0.003475,74.125.200.0-255,5738,148933,78,273898
16651,0.003482,172.31.40.0-255,66,148999,78,273898
16652,0.005548,74.125.200.0-255,5738,154737,78,273898
16653,0.007637,172.31.40.0-255,66,154803,78,273898
16654,0.00971,74.125.200.0-255,5738,160541,78,273898
16655,0.009718,172.31.40.0-255,66,160607,78,273898
16656,0.011777,74.125.200.0-255,5738,166345,78,273898
16657,0.01212,172.31.40.0-255,66,166411,78,273898
16658,0.014179,74.125.200.0-255,4320,170731,78,273898
16659,0.014187,172.31.40.0-255,66,170797,78,273898
16660,0.014223,74.125.200.0-255,1484,172281,78,273898
16661,0.016261,74.125.200.0-255,4320,176601,78,273898
16662,0.01627,172.31.40.0-255,66,176667,78,273898
16663,0.018327,74.125.200.0-255,4320,180987,78,273898
16664,0.018344,74.125.200.0-255,1484,182471,78,273898
16665,0.018794,172.31.40.0-255,66,182537,78,273898
16666,0.020849,74.125.200.0-255,5738,188275,78,273898
16667,0.020857,172.31.40.0-255,66,188341,78,273898
16668,0.02295,74.125.200.0-255,5738,194079,78,273898
16669,0.022959,172.31.40.0-255,66,194145,78,273898
16670,0.025011,74.125.200.0-255,5738,199883,78,273898
16671,0.025017,172.31.40.0-255,66,199949,78,273898
16672,0.025782,172.31.40.0-255,182,200131,78,273898
16673,0.025816,172.31.40.0-255,1108,201239,78,273898
16674,0.025871,172.31.40.0-255,1514,202753,78,273898
16675,0.025873,172.31.40.0-255,1299,204052,78,273898
16676,0.027093,74.125.200.0-255,5738,209790,78,273898
16677,0.0271,172.31.40.0-255,66,209856,78,273898
16678,0.027329,104.244.42.0-255,66,209922,78,273898
16679,0.027382,104.244.42.0-255,66,209988,78,273898
16680,0.027438,104.244.42.0-255,66,210054,78,273898
16681,0.02917,74.125.200.0-255,5738,215792,78,273898
16682,0.029176,172.31.40.0-255,66,215858,78,273898
16683,0.031237,74.125.200.0-255,5738,221596,78,273898
16684,0.031244,172.31.40.0-255,66,221662,78,273898
16685,0.033315,74.125.200.0-255,5738,227400,78,273898
16686,0.033322,172.31.40.0-255,66,227466,78,273898
16687,0.035383,74.125.200.0-255,5738,233204,78,273898
16688,0.035388,172.31.40.0-255,66,233270,78,273898
16689,0.037465,74.125.200.0-255,5738,239008,78,273898
16690,0.037472,172.31.40.0-255,66,239074,78,273898
16691,0.039544,74.125.200.0-255,5738,244812,78,273898
16692,0.03955,172.31.40.0-255,66,244878,78,273898
16693,0.041621,74.125.200.0-255,5738,250616,78,273898
16694,0.041627,172.31.40.0-255,66,250682,78,273898
16695,0.043697,74.125.200.0-255,5738,256420,78,273898
16696,0.043703,172.31.40.0-255,66,256486,78,273898
16697,0.045774,74.125.200.0-255,5738,262224,78,273898
16698,0.045779,172.31.40.0-255,66,262290,78,273898
16699,0.047848,74.125.200.0-255,5738,268028,78,273898
16700,0.047855,172.31.40.0-255,66,268094,78,273898
16701,0.049928,74.125.200.0-255,5738,273832,78,273898
16702,0.049935,172.31.40.0-255,66,273898,78,273898
16703,0.0,172.217.194.0-255,153,153,78,305962
16704,1.6e-05,172.31.40.0-255,66,219,78,305962
16705,2.3e-05,172.217.194.0-255,1484,1703,78,305962
16706,2.9e-05,172.31.40.0-255,66,1769,78,305962
16707,3.5e-05,172.217.194.0-255,2902,4671,78,305962
16708,3.8e-05,172.31.40.0-255,66,4737,78,305962
16709,4.6e-05,172.217.194.0-255,7156,11893,78,305962
16710,4.9e-05,172.31.40.0-255,66,11959,78,305962
16711,5.3e-05,172.217.194.0-255,2028,13987,78,305962
16712,5.6e-05,172.31.40.0-255,66,14053,78,305962
16713,0.000101,172.217.194.0-255,2902,16955,78,305962
16714,0.000104,172.31.40.0-255,66,17021,78,305962
16715,0.000109,172.217.194.0-255,4320,21341,78,305962
16716,0.000112,172.31.40.0-255,66,21407,78,305962
16717,0.000137,172.217.194.0-255,7156,28563,78,305962
16718,0.00014,172.31.40.0-255,66,28629,78,305962
16719,0.000159,172.217.194.0-255,1484,30113,78,305962
16720,0.000161,172.31.40.0-255,66,30179,78,305962
16721,0.000164,172.217.194.0-255,1125,31304,78,305962
16722,0.000166,172.31.40.0-255,66,31370,78,305962
16723,0.00023,172.217.194.0-255,1484,32854,78,305962
16724,0.000233,172.31.40.0-255,66,32920,78,305962
16725,0.000238,172.217.194.0-255,2902,35822,78,305962
16726,0.000241,172.31.40.0-255,66,35888,78,305962
16727,0.000245,172.217.194.0-255,2902,38790,78,305962
16728,0.000247,172.31.40.0-255,66,38856,78,305962
16729,0.000266,172.217.194.0-255,2902,41758,78,305962
16730,0.000269,172.31.40.0-255,66,41824,78,305962
16731,0.000275,172.217.194.0-255,5738,47562,78,305962
16732,0.000277,172.31.40.0-255,66,47628,78,305962
16733,0.000311,172.217.194.0-255,7156,54784,78,305962
16734,0.000315,172.31.40.0-255,66,54850,78,305962
16735,0.000336,172.217.194.0-255,6797,61647,78,305962
16736,0.000339,172.31.40.0-255,66,61713,78,305962
16737,0.000344,172.217.194.0-255,4252,65965,78,305962
16738,0.000346,172.31.40.0-255,66,66031,78,305962
16739,0.000422,172.217.194.0-255,98,66129,78,305962
16740,0.000559,172.217.194.0-255,364,66493,78,305962
16741,0.000842,172.217.194.0-255,1484,67977,78,305962
16742,0.000847,172.31.40.0-255,66,68043,78,305962
16743,0.000853,172.217.194.0-255,2902,70945,78,305962
16744,0.000855,172.31.40.0-255,66,71011,78,305962
16745,0.000859,172.217.194.0-255,2902,73913,78,305962
16746,0.000861,172.31.40.0-255,66,73979,78,305962
16747,0.000875,172.217.194.0-255,2902,76881,78,305962
16748,0.000877,172.31.40.0-255,66,76947,78,305962
16749,0.000882,172.217.194.0-255,4320,81267,78,305962
16750,0.000884,172.31.40.0-255,66,81333,78,305962
16751,0.000904,172.217.194.0-255,5738,87071,78,305962
16752,0.000906,172.31.40.0-255,66,87137,78,305962
16753,0.000933,172.31.40.0-255,66,87203,78,305962
16754,0.000949,172.217.194.0-255,5020,92223,78,305962
16755,0.000952,172.31.40.0-255,66,92289,78,305962
16756,0.000974,172.217.194.0-255,1484,93773,78,305962
16757,0.000988,172.217.194.0-255,2902,96675,78,305962
16758,0.000991,172.31.40.0-255,66,96741,78,305962
16759,0.001016,172.217.194.0-255,5738,102479,78,305962
16760,0.00102,172.31.40.0-255,66,102545,78,305962
16761,0.001024,172.217.194.0-255,2902,105447,78,305962
16762,0.001026,172.31.40.0-255,66,105513,78,305962
16763,0.001043,172.217.194.0-255,5738,111251,78,305962
16764,0.001046,172.31.40.0-255,66,111317,78,305962
16765,0.001088,172.31.40.0-255,66,111383,78,305962
16766,0.001152,172.31.40.0-255,66,111449,78,305962
16767,0.001155,172.31.40.0-255,66,111515,78,305962
16768,0.001175,172.31.40.0-255,66,111581,78,305962
16769,0.001179,172.217.194.0-255,2902,114483,78,305962
16770,0.001182,172.31.40.0-255,66,114549,78,305962
16771,0.001189,172.217.194.0-255,7156,121705,78,305962
16772,0.001192,172.31.40.0-255,66,121771,78,305962
16773,0.001213,172.217.194.0-255,5020,126791,78,305962
16774,0.001215,172.31.40.0-255,66,126857,78,305962
16775,0.001256,172.217.194.0-255,1484,128341,78,305962
16776,0.001276,172.217.194.0-255,2902,131243,78,305962
16777,0.001281,172.31.40.0-255,66,131309,78,305962
16778,0.001291,172.217.194.0-255,2902,134211,78,305962
16779,0.001293,172.31.40.0-255,66,134277,78,305962
16780,0.001311,172.217.194.0-255,2902,137179,78,305962
16781,0.001316,172.31.40.0-255,66,137245,78,305962
16782,0.001325,172.217.194.0-255,2902,140147,78,305962
16783,0.001358,172.217.194.0-255,5738,145885,78,305962
16784,0.001361,172.31.40.0-255,66,145951,78,305962
16785,0.001372,172.31.40.0-255,66,146017,78,305962
16786,0.001379,172.217.194.0-255,1484,147501,78,305962
16787,0.001398,172.217.194.0-255,3602,151103,78,305962
16788,0.001403,172.217.194.0-255,2902,154005,78,305962
16789,0.001413,172.31.40.0-255,66,154071,78,305962
16790,0.001422,172.217.194.0-255,2902,156973,78,305962
16791,0.001438,172.217.194.0-255,5738,162711,78,305962
16792,0.001452,172.217.194.0-255,5738,168449,78,305962
16793,0.001455,172.217.194.0-255,1484,169933,78,305962
16794,0.001466,172.31.40.0-255,66,169999,78,305962
16795,0.00149,172.217.194.0-255,3602,173601,78,305962
16796,0.001507,172.31.40.0-255,66,173667,78,305962
16797,0.001544,172.217.194.0-255,1484,175151,78,305962
16798,0.00155,172.217.194.0-255,2902,178053,78,305962
16799,0.001552,172.31.40.0-255,66,178119,78,305962
16800,0.001577,172.217.194.0-255,5738,183857,78,305962
16801,0.001582,172.217.194.0-255,2902,186759,78,305962
16802,0.001596,172.31.40.0-255,66,186825,78,305962
16803,0.001619,172.31.40.0-255,66,186891,78,305962
16804,0.001639,172.217.194.0-255,5738,192629,78,305962
16805,0.001655,172.217.194.0-255,5020,197649,78,305962
16806,0.001667,172.31.40.0-255,66,197715,78,305962
16807,0.001733,172.217.194.0-255,1484,199199,78,305962
16808,0.001749,172.217.194.0-255,2902,202101,78,305962
16809,0.001756,172.217.194.0-255,4320,206421,78,305962
16810,0.001762,172.31.40.0-255,66,206487,78,305962
16811,0.001772,172.217.194.0-255,1484,207971,78,305962
16812,0.001776,172.217.194.0-255,1484,209455,78,305962
16813,0.00178,172.31.40.0-255,66,209521,78,305962
16814,0.001794,172.217.194.0-255,5738,215259,78,305962
16815,0.001806,172.31.40.0-255,66,215325,78,305962
16816,0.001825,172.217.194.0-255,5738,221063,78,305962
16817,0.001832,172.217.194.0-255,7156,228219,78,305962
16818,0.00185,172.217.194.0-255,3602,231821,78,305962
16819,0.001855,172.31.40.0-255,66,231887,78,305962
16820,0.001973,172.217.194.0-255,1484,233371,78,305962
16821,0.001981,172.217.194.0-255,2902,236273,78,305962
16822,0.001996,172.217.194.0-255,5738,242011,78,305962
16823,0.00207,172.217.194.0-255,4320,246331,78,305962
16824,0.002072,172.217.194.0-255,1484,247815,78,305962
16825,0.002079,172.217.194.0-255,7156,254971,78,305962
16826,0.002081,172.217.194.0-255,766,255737,78,305962
16827,0.002144,172.217.194.0-255,1484,257221,78,305962
16828,0.002148,172.217.194.0-255,1484,258705,78,305962
16829,0.002167,172.217.194.0-255,2902,261607,78,305962
16830,0.002185,172.217.194.0-255,7156,268763,78,305962
16831,0.002197,172.217.194.0-255,2902,271665,78,305962
16832,0.002225,172.217.194.0-255,1484,273149,78,305962
16833,0.002228,172.217.194.0-255,1484,274633,78,305962
16834,0.00223,172.217.194.0-255,1484,276117,78,305962
16835,0.002233,172.217.194.0-255,1484,277601,78,305962
16836,0.002236,172.217.194.0-255,1484,279085,78,305962
16837,0.002238,172.217.194.0-255,1484,280569,78,305962
16838,0.00224,172.217.194.0-255,766,281335,78,305962
16839,0.002274,172.217.194.0-255,2902,284237,78,305962
16840,0.002291,172.217.194.0-255,1484,285721,78,305962
16841,0.002297,172.217.194.0-255,5738,291459,78,305962
16842,0.0023,172.217.194.0-255,1484,292943,78,305962
16843,0.002302,172.217.194.0-255,1484,294427,78,305962
16844,0.002304,172.217.194.0-255,1484,295911,78,305962
16845,0.002365,172.217.194.0-255,4320,300231,78,305962
16846,0.002455,172.217.194.0-255,105,300336,78,305962
16847,0.010253,172.217.194.0-255,105,300441,78,305962
16848,0.010274,172.31.40.0-255,78,300519,78,305962
16849,0.017981,172.31.40.0-255,105,300624,78,305962
16850,0.019954,172.217.194.0-255,66,300690,78,305962
16851,0.044128,172.31.40.0-255,172,300862,78,305962
16852,0.044162,172.31.40.0-255,1108,301970,78,305962
16853,0.044239,172.31.40.0-255,1514,303484,78,305962
16854,0.044241,172.31.40.0-255,1514,304998,78,305962
16855,0.044265,172.31.40.0-255,700,305698,78,305962
16856,0.045669,104.244.42.0-255,66,305764,78,305962
16857,0.04568,104.244.42.0-255,66,305830,78,305962
16858,0.045787,104.244.42.0-255,66,305896,78,305962
16859,0.045791,104.244.42.0-255,66,305962,78,305962
16860,0.0,172.217.194.0-255,150,150,78,243677
16861,1.4e-05,172.31.40.0-255,66,216,78,243677
16862,2e-05,172.217.194.0-255,1484,1700,78,243677
16863,2.4e-05,172.31.40.0-255,66,1766,78,243677
16864,3e-05,172.217.194.0-255,2902,4668,78,243677
16865,3.3e-05,172.31.40.0-255,66,4734,78,243677
16866,5.7e-05,172.217.194.0-255,7156,11890,78,243677
16867,5.9e-05,172.31.40.0-255,66,11956,78,243677
16868,8.8e-05,172.217.194.0-255,2037,13993,78,243677
16869,9.1e-05,172.31.40.0-255,66,14059,78,243677
16870,0.000135,172.217.194.0-255,2902,16961,78,243677
16871,0.000138,172.31.40.0-255,66,17027,78,243677
16872,0.000161,172.217.194.0-255,4320,21347,78,243677
16873,0.000163,172.31.40.0-255,66,21413,78,243677
16874,0.00019,172.31.40.0-255,66,21479,78,243677
16875,0.000195,172.217.194.0-255,3961,25440,78,243677
16876,0.000197,172.31.40.0-255,66,25506,78,243677
16877,0.000226,172.217.194.0-255,4320,29826,78,243677
16878,0.000229,172.31.40.0-255,66,29892,78,243677
16879,0.000235,172.217.194.0-255,7156,37048,78,243677
16880,0.000237,172.31.40.0-255,66,37114,78,243677
16881,0.000249,172.217.194.0-255,2543,39657,78,243677
16882,0.000251,172.31.40.0-255,66,39723,78,243677
16883,0.000301,172.217.194.0-255,2902,42625,78,243677
16884,0.000304,172.31.40.0-255,66,42691,78,243677
16885,0.000326,172.217.194.0-255,7156,49847,78,243677
16886,0.000328,172.31.40.0-255,66,49913,78,243677
16887,0.000346,172.217.194.0-255,1484,51397,78,243677
16888,0.000348,172.31.40.0-255,66,51463,78,243677
16889,0.000368,172.217.194.0-255,5692,57155,78,243677
16890,0.000371,172.31.40.0-255,66,57221,78,243677
16891,0.000496,172.217.194.0-255,364,57585,78,243677
16892,0.000618,172.217.194.0-255,1484,59069,78,243677
16893,0.000622,172.31.40.0-255,66,59135,78,243677
16894,0.000627,172.217.194.0-255,2902,62037,78,243677
16895,0.000629,172.31.40.0-255,66,62103,78,243677
16896,0.000648,172.217.194.0-255,5738,67841,78,243677
16897,0.000652,172.31.40.0-255,66,67907,78,243677
16898,0.000696,172.217.194.0-255,6248,74155,78,243677
16899,0.000698,172.31.40.0-255,66,74221,78,243677
16900,0.000924,172.217.194.0-255,1484,75705,78,243677
16901,0.000931,172.217.194.0-255,2902,78607,78,243677
16902,0.000934,172.31.40.0-255,66,78673,78,243677
16903,0.000956,172.217.194.0-255,5738,84411,78,243677
16904,0.000958,172.31.40.0-255,66,84477,78,243677
16905,0.000961,172.217.194.0-255,1484,85961,78,243677
16906,0.000992,172.31.40.0-255,66,86027,78,243677
16907,0.001021,172.31.40.0-255,66,86093,78,243677
16908,0.001037,172.217.194.0-255,5020,91113,78,243677
16909,0.001039,172.31.40.0-255,66,91179,78,243677
16910,0.001371,172.217.194.0-255,1484,92663,78,243677
16911,0.001375,172.217.194.0-255,1484,94147,78,243677
16912,0.001378,172.31.40.0-255,66,94213,78,243677
16913,0.0014,172.217.194.0-255,1484,95697,78,243677
16914,0.001406,172.217.194.0-255,5738,101435,78,243677
16915,0.001408,172.31.40.0-255,66,101501,78,243677
16916,0.001412,172.217.194.0-255,2902,104403,78,243677
16917,0.001414,172.31.40.0-255,66,104469,78,243677
16918,0.001435,172.217.194.0-255,7156,111625,78,243677
16919,0.001445,172.31.40.0-255,66,111691,78,243677
16920,0.001451,172.31.40.0-255,66,111757,78,243677
16921,0.001456,172.217.194.0-255,2902,114659,78,243677
16922,0.001458,172.31.40.0-255,66,114725,78,243677
16923,0.001462,172.217.194.0-255,2184,116909,78,243677
16924,0.001463,172.31.40.0-255,66,116975,78,243677
16925,0.001566,172.217.194.0-255,1484,118459,78,243677
16926,0.001578,172.217.194.0-255,2902,121361,78,243677
16927,0.001581,172.31.40.0-255,66,121427,78,243677
16928,0.001608,172.217.194.0-255,5738,127165,78,243677
16929,0.00161,172.31.40.0-255,66,127231,78,243677
16930,0.001661,172.31.40.0-255,66,127297,78,243677
16931,0.001672,172.31.40.0-255,66,127363,78,243677
16932,0.001703,172.217.194.0-255,1484,128847,78,243677
16933,0.001708,172.217.194.0-255,2902,131749,78,243677
16934,0.00171,172.31.40.0-255,66,131815,78,243677
16935,0.001734,172.217.194.0-255,5738,137553,78,243677
16936,0.001736,172.31.40.0-255,66,137619,78,243677
16937,0.001759,172.217.194.0-255,4320,141939,78,243677
16938,0.001762,172.31.40.0-255,66,142005,78,243677
16939,0.001783,172.31.40.0-255,66,142071,78,243677
16940,0.001787,172.217.194.0-255,4320,146391,78,243677
16941,0.001789,172.31.40.0-255,66,146457,78,243677
16942,0.001813,172.217.194.0-255,6438,152895,78,243677
16943,0.001816,172.31.40.0-255,66,152961,78,243677
16944,0.002331,172.217.194.0-255,1484,154445,78,243677
16945,0.002346,172.217.194.0-255,2902,157347,78,243677
16946,0.002351,172.31.40.0-255,66,157413,78,243677
16947,0.002359,172.217.194.0-255,5738,163151,78,243677
16948,0.002361,172.31.40.0-255,66,163217,78,243677
16949,0.002377,172.217.194.0-255,4320,167537,78,243677
16950,0.00238,172.31.40.0-255,66,167603,78,243677
16951,0.002398,172.217.194.0-255,2902,170505,78,243677
16952,0.0024,172.31.40.0-255,66,170571,78,243677
16953,0.002406,172.217.194.0-255,5738,176309,78,243677
16954,0.002409,172.31.40.0-255,66,176375,78,243677
16955,0.002412,172.217.194.0-255,1484,177859,78,243677
16956,0.002459,172.217.194.0-255,5738,183597,78,243677
16957,0.002463,172.31.40.0-255,66,183663,78,243677
16958,0.002474,172.217.194.0-255,3602,187265,78,243677
16959,0.002476,172.31.40.0-255,66,187331,78,243677
16960,0.002483,172.217.194.0-255,5738,193069,78,243677
16961,0.002485,172.31.40.0-255,66,193135,78,243677
16962,0.002492,172.217.194.0-255,7156,200291,78,243677
16963,0.002494,172.31.40.0-255,66,200357,78,243677
16964,0.0025,172.217.194.0-255,4320,204677,78,243677
16965,0.002502,172.31.40.0-255,66,204743,78,243677
16966,0.002509,172.217.194.0-255,7156,211899,78,243677
16967,0.002511,172.31.40.0-255,66,211965,78,243677
16968,0.002539,172.217.194.0-255,5738,217703,78,243677
16969,0.002542,172.31.40.0-255,66,217769,78,243677
16970,0.002545,172.217.194.0-255,1484,219253,78,243677
16971,0.002577,172.31.40.0-255,66,219319,78,243677
16972,0.00258,172.217.194.0-255,1484,220803,78,243677
16973,0.002583,172.217.194.0-255,1484,222287,78,243677
16974,0.002586,172.31.40.0-255,78,222365,78,243677
16975,0.002602,172.31.40.0-255,78,222443,78,243677
16976,0.002622,172.217.194.0-255,2184,224627,78,243677
16977,0.002625,172.31.40.0-255,66,224693,78,243677
16978,0.002638,172.31.40.0-255,66,224759,78,243677
16979,0.002675,172.217.194.0-255,5738,230497,78,243677
16980,0.002678,172.31.40.0-255,66,230563,78,243677
16981,0.002695,172.31.40.0-255,66,230629,78,243677
16982,0.002729,172.217.194.0-255,1484,232113,78,243677
16983,0.002768,172.31.40.0-255,66,232179,78,243677
16984,0.002771,172.217.194.0-255,1484,233663,78,243677
16985,0.002794,172.217.194.0-255,5379,239042,78,243677
16986,0.002797,172.217.194.0-255,105,239147,78,243677
16987,0.00743,172.31.40.0-255,66,239213,78,243677
16988,0.008628,172.31.40.0-255,105,239318,78,243677
16989,0.01087,172.217.194.0-255,66,239384,78,243677
16990,0.027794,172.31.40.0-255,172,239556,78,243677
16991,0.027844,172.31.40.0-255,1108,240664,78,243677
16992,0.027896,172.31.40.0-255,1514,242178,78,243677
16993,0.027897,172.31.40.0-255,1301,243479,78,243677
16994,0.02934,104.244.42.0-255,66,243545,78,243677
16995,0.029371,104.244.42.0-255,66,243611,78,243677
16996,0.029427,104.244.42.0-255,66,243677,78,243677
16997,0.0,74.125.200.0-255,146,146,78,309735
16998,2.4e-05,172.31.40.0-255,66,212,78,309735
16999,3.2e-05,74.125.200.0-255,1484,1696,78,309735
17000,3.7e-05,172.31.40.0-255,66,1762,78,309735
17001,5e-05,74.125.200.0-255,2902,4664,78,309735
17002,5.3e-05,172.31.40.0-255,66,4730,78,309735
17003,6.1e-05,74.125.200.0-255,7156,11886,78,309735
17004,6.4e-05,172.31.40.0-255,66,11952,78,309735
17005,6.8e-05,74.125.200.0-255,2109,14061,78,309735
17006,7.1e-05,172.31.40.0-255,66,14127,78,309735
17007,7.5e-05,74.125.200.0-255,1484,15611,78,309735
17008,7.7e-05,172.31.40.0-255,66,15677,78,309735
17009,0.000115,74.125.200.0-255,1484,17161,78,309735
17010,0.000118,172.31.40.0-255,66,17227,78,309735
17011,0.000126,74.125.200.0-255,7156,24383,78,309735
17012,0.000128,172.31.40.0-255,66,24449,78,309735
17013,0.000137,74.125.200.0-255,2902,27351,78,309735
17014,0.000139,172.31.40.0-255,66,27417,78,309735
17015,0.000144,74.125.200.0-255,3961,31378,78,309735
17016,0.000146,172.31.40.0-255,66,31444,78,309735
17017,0.000294,74.125.200.0-255,1484,32928,78,309735
17018,0.000299,172.31.40.0-255,66,32994,78,309735
17019,0.000303,74.125.200.0-255,1484,34478,78,309735
17020,0.000306,172.31.40.0-255,66,34544,78,309735
17021,0.000326,74.125.200.0-255,2902,37446,78,309735
17022,0.000333,172.31.40.0-255,66,37512,78,309735
17023,0.000339,74.125.200.0-255,5738,43250,78,309735
17024,0.000341,172.31.40.0-255,66,43316,78,309735
17025,0.000378,172.31.40.0-255,66,43382,78,309735
17026,0.000384,74.125.200.0-255,4320,47702,78,309735
17027,0.000386,172.31.40.0-255,66,47768,78,309735
17028,0.000408,74.125.200.0-255,5738,53506,78,309735
17029,0.000414,172.31.40.0-255,66,53572,78,309735
17030,0.000419,74.125.200.0-255,2543,56115,78,309735
17031,0.00042,172.31.40.0-255,66,56181,78,309735
17032,0.000497,74.125.200.0-255,646,56827,78,309735
17033,0.000501,172.31.40.0-255,66,56893,78,309735
17034,0.000699,74.125.200.0-255,1484,58377,78,309735
17035,0.000704,172.31.40.0-255,66,58443,78,309735
17036,0.000709,74.125.200.0-255,2902,61345,78,309735
17037,0.000712,172.31.40.0-255,66,61411,78,309735
17038,0.000722,74.125.200.0-255,5738,67149,78,309735
17039,0.000725,172.31.40.0-255,66,67215,78,309735
17040,0.000729,74.125.200.0-255,2902,70117,78,309735
17041,0.000732,172.31.40.0-255,66,70183,78,309735
17042,0.000737,74.125.200.0-255,4320,74503,78,309735
17043,0.000739,172.31.40.0-255,66,74569,78,309735
17044,0.000742,74.125.200.0-255,1484,76053,78,309735
17045,0.000744,172.31.40.0-255,66,76119,78,309735
17046,0.000783,74.125.200.0-255,7156,83275,78,309735
17047,0.000786,172.31.40.0-255,66,83341,78,309735
17048,0.000795,172.31.40.0-255,66,83407,78,309735
17049,0.001287,74.125.200.0-255,1484,84891,78,309735
17050,0.001292,172.31.40.0-255,66,84957,78,309735
17051,0.001298,74.125.200.0-255,2902,87859,78,309735
17052,0.0013,172.31.40.0-255,66,87925,78,309735
17053,0.001305,74.125.200.0-255,2902,90827,78,309735
17054,0.001312,172.31.40.0-255,66,90893,78,309735
17055,0.001352,74.125.200.0-255,2902,93795,78,309735
17056,0.001374,74.125.200.0-255,2902,96697,78,309735
17057,0.001386,74.125.200.0-255,2184,98881,78,309735
17058,0.001396,172.31.40.0-255,66,98947,78,309735
17059,0.001492,74.125.200.0-255,1484,100431,78,309735
17060,0.001511,74.125.200.0-255,2902,103333,78,309735
17061,0.001516,172.31.40.0-255,66,103399,78,309735
17062,0.001547,74.125.200.0-255,5738,109137,78,309735
17063,0.001552,74.125.200.0-255,2902,112039,78,309735
17064,0.001557,74.125.200.0-255,4320,116359,78,309735
17065,0.001563,74.125.200.0-255,5738,122097,78,309735
17066,0.00157,172.31.40.0-255,66,122163,78,309735
17067,0.001579,74.125.200.0-255,2902,125065,78,309735
17068,0.00159,74.125.200.0-255,7156,132221,78,309735
17069,0.001595,172.31.40.0-255,66,132287,78,309735
17070,0.00162,74.125.200.0-255,766,133053,78,309735
17071,0.001695,74.125.200.0-255,1484,134537,78,309735
17072,0.0017,74.125.200.0-255,1484,136021,78,309735
17073,0.001713,74.125.200.0-255,1484,137505,78,309735
17074,0.00172,74.125.200.0-255,5738,143243,78,309735
17075,0.00176,172.31.40.0-255,66,143309,78,309735
17076,0.001772,74.125.200.0-255,5738,149047,78,309735
17077,0.001782,74.125.200.0-255,7156,156203,78,309735
17078,0.001789,74.125.200.0-255,7156,163359,78,309735
17079,0.0018,172.31.40.0-255,66,163425,78,309735
17080,0.001805,74.125.200.0-255,3602,167027,78,309735
17081,0.001832,172.31.40.0-255,66,167093,78,309735
17082,0.001858,74.125.200.0-255,1484,168577,78,309735
17083,0.001864,74.125.200.0-255,2902,171479,78,309735
17084,0.00187,172.31.40.0-255,66,171545,78,309735
17085,0.001896,74.125.200.0-255,5738,177283,78,309735
17086,0.001899,74.125.200.0-255,1484,178767,78,309735
17087,0.001914,74.125.200.0-255,5738,184505,78,309735
17088,0.001937,74.125.200.0-255,4320,188825,78,309735
17089,0.001946,172.31.40.0-255,66,188891,78,309735
17090,0.001967,74.125.200.0-255,2184,191075,78,309735
17091,0.001974,172.31.40.0-255,66,191141,78,309735
17092,0.002065,74.125.200.0-255,1484,192625,78,309735
17093,0.002082,74.125.200.0-255,2902,195527,78,309735
17094,0.002094,172.31.40.0-255,66,195593,78,309735
17095,0.002112,74.125.200.0-255,2902,198495,78,309735
17096,0.002118,74.125.200.0-255,4320,202815,78,309735
17097,0.00214,172.31.40.0-255,66,202881,78,309735
17098,0.002163,74.125.200.0-255,4320,207201,78,309735
17099,0.002183,74.125.200.0-255,2902,210103,78,309735
17100,0.002204,74.125.200.0-255,2902,213005,78,309735
17101,0.002213,74.125.200.0-255,1484,214489,78,309735
17102,0.002259,74.125.200.0-255,2184,216673,78,309735
17103,0.009276,172.31.40.0-255,66,216739,78,309735
17104,0.011599,74.125.200.0-255,5738,222477,78,309735
17105,0.01161,172.31.40.0-255,66,222543,78,309735
17106,0.013915,74.125.200.0-255,5738,228281,78,309735
17107,0.013921,172.31.40.0-255,66,228347,78,309735
17108,0.016246,74.125.200.0-255,5738,234085,78,309735
17109,0.016263,172.31.40.0-255,66,234151,78,309735
17110,0.018593,74.125.200.0-255,5738,239889,78,309735
17111,0.018608,172.31.40.0-255,66,239955,78,309735
17112,0.020935,74.125.200.0-255,5738,245693,78,309735
17113,0.022382,172.31.40.0-255,66,245759,78,309735
17114,0.024687,74.125.200.0-255,5738,251497,78,309735
17115,0.024697,172.31.40.0-255,66,251563,78,309735
17116,0.026997,74.125.200.0-255,5738,257301,78,309735
17117,0.027004,172.31.40.0-255,66,257367,78,309735
17118,0.029312,74.125.200.0-255,5738,263105,78,309735
17119,0.02932,172.31.40.0-255,66,263171,78,309735
17120,0.031618,74.125.200.0-255,5738,268909,78,309735
17121,0.031624,172.31.40.0-255,66,268975,78,309735
17122,0.033933,74.125.200.0-255,5738,274713,78,309735
17123,0.033939,172.31.40.0-255,66,274779,78,309735
17124,0.036254,74.125.200.0-255,5738,280517,78,309735
17125,0.036266,172.31.40.0-255,66,280583,78,309735
17126,0.038574,74.125.200.0-255,5738,286321,78,309735
17127,0.038582,172.31.40.0-255,66,286387,78,309735
17128,0.040878,74.125.200.0-255,5738,292125,78,309735
17129,0.040885,172.31.40.0-255,66,292191,78,309735
17130,0.043195,74.125.200.0-255,5738,297929,78,309735
17131,0.043201,172.31.40.0-255,66,297995,78,309735
17132,0.045505,74.125.200.0-255,5738,303733,78,309735
17133,0.045512,172.31.40.0-255,66,303799,78,309735
17134,0.047816,74.125.200.0-255,2902,306701,78,309735
17135,0.047824,172.31.40.0-255,66,306767,78,309735
17136,0.047894,74.125.200.0-255,2902,309669,78,309735
17137,0.047921,172.31.40.0-255,66,309735,78,309735
17138,0.0,74.125.68.0-255,155,155,78,277118
17139,2e-05,172.31.40.0-255,66,221,78,277118
17140,2.7e-05,74.125.68.0-255,1484,1705,78,277118
17141,3.1e-05,172.31.40.0-255,66,1771,78,277118
17142,4.5e-05,74.125.68.0-255,2902,4673,78,277118
17143,4.8e-05,172.31.40.0-255,66,4739,78,277118
17144,5.5e-05,74.125.68.0-255,7156,11895,78,277118
17145,5.8e-05,172.31.40.0-255,66,11961,78,277118
17146,6.2e-05,74.125.68.0-255,2101,14062,78,277118
17147,6.5e-05,172.31.40.0-255,66,14128,78,277118
17148,0.00011,172.31.40.0-255,66,14194,78,277118
17149,0.000114,74.125.68.0-255,2902,17096,78,277118
17150,0.000116,172.31.40.0-255,66,17162,78,277118
17151,0.000157,74.125.68.0-255,2543,19705,78,277118
17152,0.000161,172.31.40.0-255,66,19771,78,277118
17153,0.00023,74.125.68.0-255,1484,21255,78,277118
17154,0.000233,172.31.40.0-255,66,21321,78,277118
17155,0.000238,74.125.68.0-255,2902,24223,78,277118
17156,0.000241,172.31.40.0-255,66,24289,78,277118
17157,0.000269,74.125.68.0-255,5738,30027,78,277118
17158,0.000272,172.31.40.0-255,66,30093,78,277118
17159,0.000274,74.125.68.0-255,1484,31577,78,277118
17160,0.000276,172.31.40.0-255,66,31643,78,277118
17161,0.000281,74.125.68.0-255,2902,34545,78,277118
17162,0.00029,172.31.40.0-255,66,34611,78,277118
17163,0.000325,74.125.68.0-255,6797,41408,78,277118
17164,0.000329,172.31.40.0-255,66,41474,78,277118
17165,0.000334,74.125.68.0-255,4320,45794,78,277118
17166,0.000336,172.31.40.0-255,66,45860,78,277118
17167,0.000346,74.125.68.0-255,5738,51598,78,277118
17168,0.000348,172.31.40.0-255,66,51664,78,277118
17169,0.000369,74.125.68.0-255,2857,54521,78,277118
17170,0.000371,172.31.40.0-255,66,54587,78,277118
17171,0.000405,74.125.68.0-255,109,54696,78,277118
17172,0.000535,74.125.68.0-255,1484,56180,78,277118
17173,0.000539,172.31.40.0-255,66,56246,78,277118
17174,0.000567,74.125.68.0-255,2902,59148,78,277118
17175,0.00057,172.31.40.0-255,66,59214,78,277118
17176,0.000573,74.125.68.0-255,1484,60698,78,277118
17177,0.000577,74.125.68.0-255,2902,63600,78,277118
17178,0.00058,172.31.40.0-255,66,63666,78,277118
17179,0.00063,74.125.68.0-255,5738,69404,78,277118
17180,0.000634,172.31.40.0-255,66,69470,78,277118
17181,0.000642,74.125.68.0-255,6797,76267,78,277118
17182,0.000661,74.125.68.0-255,4320,80587,78,277118
17183,0.000668,172.31.40.0-255,66,80653,78,277118
17184,0.000676,74.125.68.0-255,2902,83555,78,277118
17185,0.00069,172.31.40.0-255,66,83621,78,277118
17186,0.000696,74.125.68.0-255,5379,89000,78,277118
17187,0.000728,172.31.40.0-255,66,89066,78,277118
17188,0.001554,74.125.68.0-255,1484,90550,78,277118
17189,0.001561,74.125.68.0-255,2902,93452,78,277118
17190,0.001565,172.31.40.0-255,66,93518,78,277118
17191,0.001592,74.125.68.0-255,1484,95002,78,277118
17192,0.001597,74.125.68.0-255,2902,97904,78,277118
17193,0.001599,172.31.40.0-255,66,97970,78,277118
17194,0.001604,74.125.68.0-255,2902,100872,78,277118
17195,0.001606,172.31.40.0-255,66,100938,78,277118
17196,0.001627,74.125.68.0-255,2902,103840,78,277118
17197,0.001644,172.31.40.0-255,66,103906,78,277118
17198,0.00165,172.31.40.0-255,66,103972,78,277118
17199,0.001654,74.125.68.0-255,1484,105456,78,277118
17200,0.00169,74.125.68.0-255,4320,109776,78,277118
17201,0.001693,172.31.40.0-255,66,109842,78,277118
17202,0.001713,74.125.68.0-255,5020,114862,78,277118
17203,0.001716,172.31.40.0-255,66,114928,78,277118
17204,0.001752,74.125.68.0-255,1484,116412,78,277118
17205,0.00177,74.125.68.0-255,2902,119314,78,277118
17206,0.001773,172.31.40.0-255,66,119380,78,277118
17207,0.001779,74.125.68.0-255,2902,122282,78,277118
17208,0.001781,172.31.40.0-255,66,122348,78,277118
17209,0.001801,74.125.68.0-255,2902,125250,78,277118
17210,0.001804,172.31.40.0-255,66,125316,78,277118
17211,0.001811,74.125.68.0-255,7156,132472,78,277118
17212,0.001813,172.31.40.0-255,66,132538,78,277118
17213,0.00184,74.125.68.0-255,1484,134022,78,277118
17214,0.001865,172.31.40.0-255,66,134088,78,277118
17215,0.001895,74.125.68.0-255,3602,137690,78,277118
17216,0.001897,172.31.40.0-255,66,137756,78,277118
17217,0.003811,74.125.68.0-255,1484,139240,78,277118
17218,0.00384,74.125.68.0-255,4320,143560,78,277118
17219,0.003845,172.31.40.0-255,66,143626,78,277118
17220,0.005782,74.125.68.0-255,5738,149364,78,277118
17221,0.005789,172.31.40.0-255,66,149430,78,277118
17222,0.007722,74.125.68.0-255,5738,155168,78,277118
17223,0.007725,172.31.40.0-255,66,155234,78,277118
17224,0.009713,74.125.68.0-255,5738,160972,78,277118
17225,0.009721,172.31.40.0-255,66,161038,78,277118
17226,0.011661,74.125.68.0-255,5738,166776,78,277118
17227,0.01167,172.31.40.0-255,66,166842,78,277118
17228,0.013614,74.125.68.0-255,5738,172580,78,277118
17229,0.013622,172.31.40.0-255,66,172646,78,277118
17230,0.015565,74.125.68.0-255,5738,178384,78,277118
17231,0.015572,172.31.40.0-255,66,178450,78,277118
17232,0.017526,74.125.68.0-255,5738,184188,78,277118
17233,0.017539,172.31.40.0-255,66,184254,78,277118
17234,0.019491,74.125.68.0-255,5738,189992,78,277118
17235,0.019499,172.31.40.0-255,66,190058,78,277118
17236,0.021449,74.125.68.0-255,5738,195796,78,277118
17237,0.021457,172.31.40.0-255,66,195862,78,277118
17238,0.023392,74.125.68.0-255,5738,201600,78,277118
17239,0.023399,172.31.40.0-255,66,201666,78,277118
17240,0.025342,74.125.68.0-255,5738,207404,78,277118
17241,0.025349,172.31.40.0-255,66,207470,78,277118
17242,0.027284,74.125.68.0-255,5738,213208,78,277118
17243,0.027292,172.31.40.0-255,66,213274,78,277118
17244,0.029236,74.125.68.0-255,5738,219012,78,277118
17245,0.029243,172.31.40.0-255,66,219078,78,277118
17246,0.031186,74.125.68.0-255,5738,224816,78,277118
17247,0.031194,172.31.40.0-255,66,224882,78,277118
17248,0.033205,74.125.68.0-255,5738,230620,78,277118
17249,0.03322,172.31.40.0-255,66,230686,78,277118
17250,0.035195,74.125.68.0-255,5738,236424,78,277118
17251,0.03521,172.31.40.0-255,66,236490,78,277118
17252,0.037155,74.125.68.0-255,5738,242228,78,277118
17253,0.037166,172.31.40.0-255,66,242294,78,277118
17254,0.039132,74.125.68.0-255,5738,248032,78,277118
17255,0.039147,172.31.40.0-255,66,248098,78,277118
17256,0.041101,74.125.68.0-255,5738,253836,78,277118
17257,0.041122,172.31.40.0-255,66,253902,78,277118
17258,0.043073,74.125.68.0-255,5738,259640,78,277118
17259,0.043079,172.31.40.0-255,66,259706,78,277118
17260,0.04505,74.125.68.0-255,5738,265444,78,277118
17261,0.045066,172.31.40.0-255,66,265510,78,277118
17262,0.047007,74.125.68.0-255,5738,271248,78,277118
17263,0.047016,172.31.40.0-255,66,271314,78,277118
17264,0.048964,74.125.68.0-255,5738,277052,78,277118
17265,0.048972,172.31.40.0-255,66,277118,78,277118
17266,0.0,74.125.24.0-255,146,146,78,294953
17267,2.3e-05,172.31.40.0-255,66,212,78,294953
17268,3.1e-05,74.125.24.0-255,1484,1696,78,294953
17269,3.5e-05,172.31.40.0-255,66,1762,78,294953
17270,4e-05,74.125.24.0-255,2902,4664,78,294953
17271,4.4e-05,172.31.40.0-255,66,4730,78,294953
17272,5.1e-05,74.125.24.0-255,7156,11886,78,294953
17273,5.5e-05,172.31.40.0-255,66,11952,78,294953
17274,5.9e-05,74.125.24.0-255,2119,14071,78,294953
17275,6.2e-05,172.31.40.0-255,66,14137,78,294953
17276,0.000105,74.125.24.0-255,1484,15621,78,294953
17277,0.000108,172.31.40.0-255,66,15687,78,294953
17278,0.000113,74.125.24.0-255,2902,18589,78,294953
17279,0.000116,172.31.40.0-255,66,18655,78,294953
17280,0.000145,74.125.24.0-255,5738,24393,78,294953
17281,0.000148,172.31.40.0-255,66,24459,78,294953
17282,0.000172,74.125.24.0-255,6797,31256,78,294953
17283,0.000174,172.31.40.0-255,66,31322,78,294953
17284,0.000369,74.125.24.0-255,1484,32806,78,294953
17285,0.000374,172.31.40.0-255,66,32872,78,294953
17286,0.000379,74.125.24.0-255,2902,35774,78,294953
17287,0.000382,172.31.40.0-255,66,35840,78,294953
17288,0.000386,74.125.24.0-255,2902,38742,78,294953
17289,0.000389,172.31.40.0-255,66,38808,78,294953
17290,0.000418,74.125.24.0-255,2902,41710,78,294953
17291,0.000421,172.31.40.0-255,66,41776,78,294953
17292,0.000428,74.125.24.0-255,6797,48573,78,294953
17293,0.00043,172.31.40.0-255,66,48639,78,294953
17294,0.000592,74.125.24.0-255,1484,50123,78,294953
17295,0.000596,172.31.40.0-255,66,50189,78,294953
17296,0.000601,74.125.24.0-255,2902,53091,78,294953
17297,0.000603,172.31.40.0-255,66,53157,78,294953
17298,0.000609,74.125.24.0-255,4320,57477,78,294953
17299,0.000612,172.31.40.0-255,66,57543,78,294953
17300,0.000629,74.125.24.0-255,1484,59027,78,294953
17301,0.000632,172.31.40.0-255,66,59093,78,294953
17302,0.000655,74.125.24.0-255,2902,61995,78,294953
17303,0.000662,172.31.40.0-255,66,62061,78,294953
17304,0.000671,74.125.24.0-255,4294,66355,78,294953
17305,0.00068,172.31.40.0-255,66,66421,78,294953
17306,0.000683,74.125.24.0-255,345,66766,78,294953
17307,0.000808,74.125.24.0-255,1484,68250,78,294953
17308,0.000811,172.31.40.0-255,66,68316,78,294953
17309,0.000816,74.125.24.0-255,2902,71218,78,294953
17310,0.000821,74.125.24.0-255,4320,75538,78,294953
17311,0.000832,74.125.24.0-255,1484,77022,78,294953
17312,0.000846,172.31.40.0-255,66,77088,78,294953
17313,0.000866,74.125.24.0-255,6797,83885,78,294953
17314,0.00088,172.31.40.0-255,66,83951,78,294953
17315,0.000949,74.125.24.0-255,1484,85435,78,294953
17316,0.000953,74.125.24.0-255,1484,86919,78,294953
17317,0.000967,74.125.24.0-255,1484,88403,78,294953
17318,0.000973,74.125.24.0-255,5738,94141,78,294953
17319,0.000986,172.31.40.0-255,66,94207,78,294953
17320,0.00102,74.125.24.0-255,6797,101004,78,294953
17321,0.001041,172.31.40.0-255,66,101070,78,294953
17322,0.001298,74.125.24.0-255,1484,102554,78,294953
17323,0.001305,74.125.24.0-255,2902,105456,78,294953
17324,0.001309,172.31.40.0-255,66,105522,78,294953
17325,0.001315,74.125.24.0-255,4320,109842,78,294953
17326,0.001322,172.31.40.0-255,66,109908,78,294953
17327,0.00133,74.125.24.0-255,1484,111392,78,294953
17328,0.001344,172.31.40.0-255,66,111458,78,294953
17329,0.001353,74.125.24.0-255,4320,115778,78,294953
17330,0.001382,74.125.24.0-255,2902,118680,78,294953
17331,0.001387,172.31.40.0-255,66,118746,78,294953
17332,0.001418,172.31.40.0-255,66,118812,78,294953
17333,0.001638,74.125.24.0-255,1484,120296,78,294953
17334,0.001642,74.125.24.0-255,1484,121780,78,294953
17335,0.001647,172.31.40.0-255,66,121846,78,294953
17336,0.001665,74.125.24.0-255,1484,123330,78,294953
17337,0.001672,74.125.24.0-255,5738,129068,78,294953
17338,0.001679,74.125.24.0-255,7156,136224,78,294953
17339,0.001695,74.125.24.0-255,1484,137708,78,294953
17340,0.001746,172.31.40.0-255,66,137774,78,294953
17341,0.001751,172.31.40.0-255,66,137840,78,294953
17342,0.001762,74.125.24.0-255,766,138606,78,294953
17343,0.00207,74.125.24.0-255,1484,140090,78,294953
17344,0.002074,74.125.24.0-255,2902,142992,78,294953
17345,0.002079,172.31.40.0-255,66,143058,78,294953
17346,0.002088,74.125.24.0-255,1484,144542,78,294953
17347,0.0021,74.125.24.0-255,4320,148862,78,294953
17348,0.002136,74.125.24.0-255,4320,153182,78,294953
17349,0.002141,172.31.40.0-255,66,153248,78,294953
17350,0.002161,74.125.24.0-255,4320,157568,78,294953
17351,0.002167,172.31.40.0-255,66,157634,78,294953
17352,0.002186,74.125.24.0-255,6438,164072,78,294953
17353,0.002201,172.31.40.0-255,66,164138,78,294953
17354,0.002259,74.125.24.0-255,1484,165622,78,294953
17355,0.002262,74.125.24.0-255,1484,167106,78,294953
17356,0.002265,172.31.40.0-255,66,167172,78,294953
17357,0.002288,74.125.24.0-255,1484,168656,78,294953
17358,0.002295,74.125.24.0-255,5738,174394,78,294953
17359,0.002303,172.31.40.0-255,66,174460,78,294953
17360,0.002341,172.31.40.0-255,66,174526,78,294953
17361,0.004626,74.125.24.0-255,5738,180264,78,294953
17362,0.004633,172.31.40.0-255,66,180330,78,294953
17363,0.006947,74.125.24.0-255,5738,186068,78,294953
17364,0.006953,172.31.40.0-255,66,186134,78,294953
17365,0.009252,74.125.24.0-255,5738,191872,78,294953
17366,0.009259,172.31.40.0-255,66,191938,78,294953
17367,0.011561,74.125.24.0-255,5738,197676,78,294953
17368,0.011569,172.31.40.0-255,66,197742,78,294953
17369,0.013915,74.125.24.0-255,5738,203480,78,294953
17370,0.013921,172.31.40.0-255,66,203546,78,294953
17371,0.016259,74.125.24.0-255,5738,209284,78,294953
17372,0.016274,172.31.40.0-255,66,209350,78,294953
17373,0.018562,74.125.24.0-255,5738,215088,78,294953
17374,0.018575,172.31.40.0-255,66,215154,78,294953
17375,0.020906,74.125.24.0-255,5738,220892,78,294953
17376,0.020913,172.31.40.0-255,66,220958,78,294953
17377,0.023273,74.125.24.0-255,5738,226696,78,294953
17378,0.023282,172.31.40.0-255,66,226762,78,294953
17379,0.025591,74.125.24.0-255,5738,232500,78,294953
17380,0.025599,172.31.40.0-255,66,232566,78,294953
17381,0.027937,74.125.24.0-255,5738,238304,78,294953
17382,0.027946,172.31.40.0-255,66,238370,78,294953
17383,0.030267,74.125.24.0-255,5738,244108,78,294953
17384,0.030274,172.31.40.0-255,66,244174,78,294953
17385,0.031211,172.31.40.0-255,171,244345,78,294953
17386,0.031262,172.31.40.0-255,1127,245472,78,294953
17387,0.031325,172.31.40.0-255,1514,246986,78,294953
17388,0.031327,172.31.40.0-255,1163,248149,78,294953
17389,0.032591,74.125.24.0-255,5738,253887,78,294953
17390,0.032599,172.31.40.0-255,66,253953,78,294953
17391,0.032689,104.244.42.0-255,66,254019,78,294953
17392,0.032738,104.244.42.0-255,66,254085,78,294953
17393,0.032831,104.244.42.0-255,66,254151,78,294953
17394,0.033452,104.244.42.0-255,108,254259,78,294953
17395,0.033462,172.31.40.0-255,66,254325,78,294953
17396,0.034969,74.125.24.0-255,5738,260063,78,294953
17397,0.034974,172.31.40.0-255,66,260129,78,294953
17398,0.037259,74.125.24.0-255,5738,265867,78,294953
17399,0.037266,172.31.40.0-255,66,265933,78,294953
17400,0.039598,74.125.24.0-255,5738,271671,78,294953
17401,0.039605,172.31.40.0-255,66,271737,78,294953
17402,0.041903,74.125.24.0-255,5738,277475,78,294953
17403,0.041913,172.31.40.0-255,66,277541,78,294953
17404,0.044241,74.125.24.0-255,5738,283279,78,294953
17405,0.044247,172.31.40.0-255,66,283345,78,294953
17406,0.04664,74.125.24.0-255,5738,289083,78,294953
17407,0.046646,172.31.40.0-255,66,289149,78,294953
17408,0.048994,74.125.24.0-255,5738,294887,78,294953
17409,0.049,172.31.40.0-255,66,294953,78,294953
17410,0.0,172.217.160.0-255,153,153,78,221051
17411,2.2e-05,172.31.40.0-255,66,219,78,221051
17412,2.9e-05,172.217.160.0-255,1484,1703,78,221051
17413,3.4e-05,172.31.40.0-255,66,1769,78,221051
17414,3.9e-05,172.217.160.0-255,2902,4671,78,221051
17415,5.1e-05,172.31.40.0-255,66,4737,78,221051
17416,5.9e-05,172.217.160.0-255,7156,11893,78,221051
17417,6.1e-05,172.31.40.0-255,66,11959,78,221051
17418,6.5e-05,172.217.160.0-255,1975,13934,78,221051
17419,6.8e-05,172.31.40.0-255,66,14000,78,221051
17420,0.000108,172.31.40.0-255,66,14066,78,221051
17421,0.000114,172.217.160.0-255,5379,19445,78,221051
17422,0.000117,172.31.40.0-255,66,19511,78,221051
17423,0.00021,172.217.160.0-255,1484,20995,78,221051
17424,0.000214,172.31.40.0-255,66,21061,78,221051
17425,0.000219,172.217.160.0-255,2902,23963,78,221051
17426,0.000221,172.31.40.0-255,66,24029,78,221051
17427,0.000224,172.217.160.0-255,1484,25513,78,221051
17428,0.000226,172.31.40.0-255,66,25579,78,221051
17429,0.000252,172.217.160.0-255,4320,29899,78,221051
17430,0.000259,172.31.40.0-255,66,29965,78,221051
17431,0.000267,172.217.160.0-255,6797,36762,78,221051
17432,0.000269,172.31.40.0-255,66,36828,78,221051
17433,0.000276,172.217.160.0-255,7156,43984,78,221051
17434,0.000279,172.31.40.0-255,66,44050,78,221051
17435,0.000314,172.217.160.0-255,7156,51206,78,221051
17436,0.000317,172.31.40.0-255,66,51272,78,221051
17437,0.000321,172.217.160.0-255,2543,53815,78,221051
17438,0.000323,172.31.40.0-255,66,53881,78,221051
17439,0.00035,172.217.160.0-255,336,54217,78,221051
17440,0.000353,172.31.40.0-255,66,54283,78,221051
17441,0.001408,172.217.160.0-255,407,54690,78,221051
17442,0.001483,172.217.160.0-255,1484,56174,78,221051
17443,0.001488,172.31.40.0-255,66,56240,78,221051
17444,0.001495,172.217.160.0-255,2902,59142,78,221051
17445,0.001497,172.31.40.0-255,66,59208,78,221051
17446,0.001503,172.217.160.0-255,5738,64946,78,221051
17447,0.00151,172.31.40.0-255,66,65012,78,221051
17448,0.001517,172.217.160.0-255,6797,71809,78,221051
17449,0.001519,172.31.40.0-255,66,71875,78,221051
17450,0.001564,172.217.160.0-255,7156,79031,78,221051
17451,0.001567,172.31.40.0-255,66,79097,78,221051
17452,0.001583,172.31.40.0-255,66,79163,78,221051
17453,0.003581,172.217.160.0-255,5738,84901,78,221051
17454,0.003588,172.31.40.0-255,66,84967,78,221051
17455,0.005562,172.217.160.0-255,5738,90705,78,221051
17456,0.005565,172.31.40.0-255,66,90771,78,221051
17457,0.007537,172.217.160.0-255,5738,96509,78,221051
17458,0.007543,172.31.40.0-255,66,96575,78,221051
17459,0.009531,172.217.160.0-255,5738,102313,78,221051
17460,0.009538,172.31.40.0-255,66,102379,78,221051
17461,0.011527,172.217.160.0-255,5738,108117,78,221051
17462,0.011532,172.31.40.0-255,66,108183,78,221051
17463,0.013519,172.217.160.0-255,5738,113921,78,221051
17464,0.01353,172.31.40.0-255,66,113987,78,221051
17465,0.015505,172.217.160.0-255,5738,119725,78,221051
17466,0.015514,172.31.40.0-255,66,119791,78,221051
17467,0.017507,172.217.160.0-255,5738,125529,78,221051
17468,0.017514,172.31.40.0-255,66,125595,78,221051
17469,0.019479,172.217.160.0-255,4320,129915,78,221051
17470,0.019484,172.31.40.0-255,66,129981,78,221051
17471,0.019505,172.217.160.0-255,1484,131465,78,221051
17472,0.021486,172.217.160.0-255,4320,135785,78,221051
17473,0.021493,172.31.40.0-255,66,135851,78,221051
17474,0.023475,172.217.160.0-255,4320,140171,78,221051
17475,0.023483,172.31.40.0-255,66,140237,78,221051
17476,0.023514,172.217.160.0-255,1484,141721,78,221051
17477,0.025499,172.217.160.0-255,4320,146041,78,221051
17478,0.025505,172.31.40.0-255,66,146107,78,221051
17479,0.026576,172.31.40.0-255,196,146303,78,221051
17480,0.026608,172.31.40.0-255,1107,147410,78,221051
17481,0.026667,172.31.40.0-255,1514,148924,78,221051
17482,0.026669,172.31.40.0-255,1514,150438,78,221051
17483,0.026693,172.31.40.0-255,701,151139,78,221051
17484,0.027476,172.217.160.0-255,5738,156877,78,221051
17485,0.027482,172.31.40.0-255,66,156943,78,221051
17486,0.028161,104.244.42.0-255,66,157009,78,221051
17487,0.02817,104.244.42.0-255,66,157075,78,221051
17488,0.028246,104.244.42.0-255,66,157141,78,221051
17489,0.028252,104.244.42.0-255,66,157207,78,221051
17490,0.029455,172.217.160.0-255,5738,162945,78,221051
17491,0.029463,172.31.40.0-255,66,163011,78,221051
17492,0.031438,172.217.160.0-255,5738,168749,78,221051
17493,0.031443,172.31.40.0-255,66,168815,78,221051
17494,0.033441,172.217.160.0-255,5738,174553,78,221051
17495,0.033452,172.31.40.0-255,66,174619,78,221051
17496,0.035438,172.217.160.0-255,5738,180357,78,221051
17497,0.035445,172.31.40.0-255,66,180423,78,221051
17498,0.037439,172.217.160.0-255,5738,186161,78,221051
17499,0.037446,172.31.40.0-255,66,186227,78,221051
17500,0.039433,172.217.160.0-255,5738,191965,78,221051
17501,0.03944,172.31.40.0-255,66,192031,78,221051
17502,0.041433,172.217.160.0-255,5738,197769,78,221051
17503,0.041439,172.31.40.0-255,66,197835,78,221051
17504,0.043419,172.217.160.0-255,5738,203573,78,221051
17505,0.043425,172.31.40.0-255,66,203639,78,221051
17506,0.045414,172.217.160.0-255,5738,209377,78,221051
17507,0.045421,172.31.40.0-255,66,209443,78,221051
17508,0.047404,172.217.160.0-255,5738,215181,78,221051
17509,0.04741,172.31.40.0-255,66,215247,78,221051
17510,0.049383,172.217.160.0-255,5738,220985,78,221051
17511,0.04939,172.31.40.0-255,66,221051,78,221051
17512,0.0,74.125.24.0-255,150,150,78,241395
17513,2.4e-05,172.31.40.0-255,66,216,78,241395
17514,3.2e-05,74.125.24.0-255,1484,1700,78,241395
17515,3.6e-05,172.31.40.0-255,66,1766,78,241395
17516,4.3e-05,74.125.24.0-255,2902,4668,78,241395
17517,5.5e-05,172.31.40.0-255,66,4734,78,241395
17518,6.3e-05,74.125.24.0-255,7156,11890,78,241395
17519,6.7e-05,172.31.40.0-255,66,11956,78,241395
17520,7.3e-05,74.125.24.0-255,3518,15474,78,241395
17521,7.6e-05,172.31.40.0-255,66,15540,78,241395
17522,9.1e-05,172.31.40.0-255,66,15606,78,241395
17523,9.5e-05,74.125.24.0-255,2543,18149,78,241395
17524,9.8e-05,172.31.40.0-255,66,18215,78,241395
17525,0.000622,74.125.24.0-255,1484,19699,78,241395
17526,0.000627,172.31.40.0-255,66,19765,78,241395
17527,0.000633,74.125.24.0-255,2902,22667,78,241395
17528,0.000636,172.31.40.0-255,66,22733,78,241395
17529,0.000639,74.125.24.0-255,1484,24217,78,241395
17530,0.000641,172.31.40.0-255,66,24283,78,241395
17531,0.000674,74.125.24.0-255,4320,28603,78,241395
17532,0.000676,172.31.40.0-255,66,28669,78,241395
17533,0.000681,74.125.24.0-255,2902,31571,78,241395
17534,0.000683,172.31.40.0-255,66,31637,78,241395
17535,0.00073,172.31.40.0-255,66,31703,78,241395
17536,0.000735,74.125.24.0-255,4320,36023,78,241395
17537,0.000738,172.31.40.0-255,66,36089,78,241395
17538,0.000774,74.125.24.0-255,5691,41780,78,241395
17539,0.000777,172.31.40.0-255,66,41846,78,241395
17540,0.000898,74.125.24.0-255,110,41956,78,241395
17541,0.000903,172.31.40.0-255,66,42022,78,241395
17542,0.001058,74.125.24.0-255,1484,43506,78,241395
17543,0.001065,74.125.24.0-255,2902,46408,78,241395
17544,0.001068,172.31.40.0-255,66,46474,78,241395
17545,0.001072,74.125.24.0-255,1484,47958,78,241395
17546,0.0011,74.125.24.0-255,4320,52278,78,241395
17547,0.001103,172.31.40.0-255,66,52344,78,241395
17548,0.001116,172.31.40.0-255,66,52410,78,241395
17549,0.001122,74.125.24.0-255,4320,56730,78,241395
17550,0.001125,172.31.40.0-255,66,56796,78,241395
17551,0.001158,74.125.24.0-255,6438,63234,78,241395
17552,0.001162,172.31.40.0-255,66,63300,78,241395
17553,0.00122,74.125.24.0-255,1484,64784,78,241395
17554,0.001226,74.125.24.0-255,2902,67686,78,241395
17555,0.001229,172.31.40.0-255,66,67752,78,241395
17556,0.001232,74.125.24.0-255,1484,69236,78,241395
17557,0.001263,74.125.24.0-255,4320,73556,78,241395
17558,0.001266,172.31.40.0-255,66,73622,78,241395
17559,0.00128,172.31.40.0-255,66,73688,78,241395
17560,0.001295,172.31.40.0-255,66,73754,78,241395
17561,0.001329,74.125.24.0-255,2184,75938,78,241395
17562,0.001336,172.31.40.0-255,66,76004,78,241395
17563,0.001426,74.125.24.0-255,1484,77488,78,241395
17564,0.001431,74.125.24.0-255,2902,80390,78,241395
17565,0.001434,172.31.40.0-255,66,80456,78,241395
17566,0.001441,74.125.24.0-255,5738,86194,78,241395
17567,0.001444,172.31.40.0-255,66,86260,78,241395
17568,0.00146,172.31.40.0-255,66,86326,78,241395
17569,0.00151,172.31.40.0-255,66,86392,78,241395
17570,0.001564,74.125.24.0-255,1484,87876,78,241395
17571,0.001569,74.125.24.0-255,2902,90778,78,241395
17572,0.001571,172.31.40.0-255,66,90844,78,241395
17573,0.001578,74.125.24.0-255,5738,96582,78,241395
17574,0.001581,172.31.40.0-255,66,96648,78,241395
17575,0.001592,172.31.40.0-255,66,96714,78,241395
17576,0.001622,74.125.24.0-255,2902,99616,78,241395
17577,0.001625,172.31.40.0-255,66,99682,78,241395
17578,0.001629,74.125.24.0-255,1484,101166,78,241395
17579,0.001635,74.125.24.0-255,4320,105486,78,241395
17580,0.001637,172.31.40.0-255,66,105552,78,241395
17581,0.001666,74.125.24.0-255,5020,110572,78,241395
17582,0.001669,172.31.40.0-255,66,110638,78,241395
17583,0.00172,74.125.24.0-255,1484,112122,78,241395
17584,0.001725,74.125.24.0-255,2902,115024,78,241395
17585,0.001727,172.31.40.0-255,66,115090,78,241395
17586,0.001733,74.125.24.0-255,4320,119410,78,241395
17587,0.001735,172.31.40.0-255,66,119476,78,241395
17588,0.001757,74.125.24.0-255,1484,120960,78,241395
17589,0.001789,172.31.40.0-255,66,121026,78,241395
17590,0.001796,74.125.24.0-255,5738,126764,78,241395
17591,0.001798,172.31.40.0-255,66,126830,78,241395
17592,0.001835,74.125.24.0-255,5020,131850,78,241395
17593,0.001839,172.31.40.0-255,66,131916,78,241395
17594,0.001997,74.125.24.0-255,1484,133400,78,241395
17595,0.002013,74.125.24.0-255,2902,136302,78,241395
17596,0.002017,172.31.40.0-255,66,136368,78,241395
17597,0.002022,74.125.24.0-255,2902,139270,78,241395
17598,0.002024,172.31.40.0-255,66,139336,78,241395
17599,0.002051,74.125.24.0-255,2902,142238,78,241395
17600,0.002054,74.125.24.0-255,2902,145140,78,241395
17601,0.002058,74.125.24.0-255,2902,148042,78,241395
17602,0.002066,172.31.40.0-255,66,148108,78,241395
17603,0.002069,172.31.40.0-255,66,148174,78,241395
17604,0.002072,172.31.40.0-255,66,148240,78,241395
17605,0.002103,74.125.24.0-255,7156,155396,78,241395
17606,0.00211,172.31.40.0-255,66,155462,78,241395
17607,0.002123,172.31.40.0-255,66,155528,78,241395
17608,0.002173,172.31.40.0-255,66,155594,78,241395
17609,0.002186,172.31.40.0-255,66,155660,78,241395
17610,0.002192,74.125.24.0-255,5738,161398,78,241395
17611,0.002195,172.31.40.0-255,66,161464,78,241395
17612,0.002226,74.125.24.0-255,3602,165066,78,241395
17613,0.00223,172.31.40.0-255,66,165132,78,241395
17614,0.002235,74.125.24.0-255,2902,168034,78,241395
17615,0.002237,172.31.40.0-255,66,168100,78,241395
17616,0.002266,74.125.24.0-255,7156,175256,78,241395
17617,0.00227,172.31.40.0-255,66,175322,78,241395
17618,0.002275,74.125.24.0-255,4320,179642,78,241395
17619,0.002277,172.31.40.0-255,66,179708,78,241395
17620,0.002282,74.125.24.0-255,4320,184028,78,241395
17621,0.002285,172.31.40.0-255,66,184094,78,241395
17622,0.002334,172.31.40.0-255,66,184160,78,241395
17623,0.002339,74.125.24.0-255,3602,187762,78,241395
17624,0.002342,172.31.40.0-255,66,187828,78,241395
17625,0.002346,74.125.24.0-255,4320,192148,78,241395
17626,0.002349,172.31.40.0-255,66,192214,78,241395
17627,0.002382,172.31.40.0-255,66,192280,78,241395
17628,0.004673,74.125.24.0-255,5738,198018,78,241395
17629,0.004678,172.31.40.0-255,66,198084,78,241395
17630,0.006963,74.125.24.0-255,5738,203822,78,241395
17631,0.00697,172.31.40.0-255,66,203888,78,241395
17632,0.009287,74.125.24.0-255,5738,209626,78,241395
17633,0.009295,172.31.40.0-255,66,209692,78,241395
17634,0.011616,74.125.24.0-255,5738,215430,78,241395
17635,0.011633,172.31.40.0-255,66,215496,78,241395
17636,0.013922,74.125.24.0-255,5738,221234,78,241395
17637,0.01396,172.31.40.0-255,66,221300,78,241395
17638,0.016282,74.125.24.0-255,5738,227038,78,241395
17639,0.01629,172.31.40.0-255,66,227104,78,241395
17640,0.018639,74.125.24.0-255,5738,232842,78,241395
17641,0.018653,172.31.40.0-255,66,232908,78,241395
17642,0.02097,74.125.24.0-255,5738,238646,78,241395
17643,0.020978,172.31.40.0-255,66,238712,78,241395
17644,0.02329,74.125.24.0-255,2446,241158,78,241395
17645,0.023298,172.31.40.0-255,66,241224,78,241395
17646,0.025083,172.31.40.0-255,105,241329,78,241395
17647,0.027356,74.125.24.0-255,66,241395,78,241395
17648,0.0,74.125.24.0-255,298,298,78,306009
17649,2.2e-05,172.31.40.0-255,66,364,78,306009
17650,2.9e-05,74.125.24.0-255,1484,1848,78,306009
17651,3.4e-05,172.31.40.0-255,66,1914,78,306009
17652,4.1e-05,74.125.24.0-255,4320,6234,78,306009
17653,4.4e-05,172.31.40.0-255,66,6300,78,306009
17654,5e-05,74.125.24.0-255,5738,12038,78,306009
17655,5.4e-05,172.31.40.0-255,66,12104,78,306009
17656,6.1e-05,74.125.24.0-255,5959,18063,78,306009
17657,6.4e-05,172.31.40.0-255,66,18129,78,306009
17658,0.000102,172.31.40.0-255,66,18195,78,306009
17659,0.000162,74.125.24.0-255,1484,19679,78,306009
17660,0.000165,172.31.40.0-255,66,19745,78,306009
17661,0.00018,74.125.24.0-255,2902,22647,78,306009
17662,0.000182,172.31.40.0-255,66,22713,78,306009
17663,0.0002,74.125.24.0-255,4320,27033,78,306009
17664,0.000203,172.31.40.0-255,66,27099,78,306009
17665,0.000225,74.125.24.0-255,1484,28583,78,306009
17666,0.000227,172.31.40.0-255,66,28649,78,306009
17667,0.000235,74.125.24.0-255,6797,35446,78,306009
17668,0.000237,172.31.40.0-255,66,35512,78,306009
17669,0.000289,74.125.24.0-255,7156,42668,78,306009
17670,0.000292,172.31.40.0-255,66,42734,78,306009
17671,0.000303,172.31.40.0-255,66,42800,78,306009
17672,0.000307,74.125.24.0-255,110,42910,78,306009
17673,0.000309,172.31.40.0-255,66,42976,78,306009
17674,0.000311,74.125.24.0-255,331,43307,78,306009
17675,0.000313,172.31.40.0-255,66,43373,78,306009
17676,0.000599,74.125.24.0-255,1484,44857,78,306009
17677,0.000605,172.31.40.0-255,66,44923,78,306009
17678,0.00061,74.125.24.0-255,2902,47825,78,306009
17679,0.000618,172.31.40.0-255,66,47891,78,306009
17680,0.000629,74.125.24.0-255,5738,53629,78,306009
17681,0.000633,74.125.24.0-255,2902,56531,78,306009
17682,0.000644,172.31.40.0-255,66,56597,78,306009
17683,0.000652,74.125.24.0-255,1484,58081,78,306009
17684,0.000665,74.125.24.0-255,2902,60983,78,306009
17685,0.00068,74.125.24.0-255,2902,63885,78,306009
17686,0.000688,172.31.40.0-255,66,63951,78,306009
17687,0.00071,74.125.24.0-255,5738,69689,78,306009
17688,0.000715,74.125.24.0-255,2902,72591,78,306009
17689,0.000723,172.31.40.0-255,66,72657,78,306009
17690,0.000739,74.125.24.0-255,5020,77677,78,306009
17691,0.000759,172.31.40.0-255,66,77743,78,306009
17692,0.000932,74.125.24.0-255,1484,79227,78,306009
17693,0.000938,74.125.24.0-255,2902,82129,78,306009
17694,0.00096,74.125.24.0-255,5738,87867,78,306009
17695,0.000962,74.125.24.0-255,1484,89351,78,306009
17696,0.000964,172.31.40.0-255,66,89417,78,306009
17697,0.000969,172.31.40.0-255,66,89483,78,306009
17698,0.001003,74.125.24.0-255,7156,96639,78,306009
17699,0.001018,74.125.24.0-255,3602,100241,78,306009
17700,0.001024,172.31.40.0-255,66,100307,78,306009
17701,0.001183,74.125.24.0-255,1484,101791,78,306009
17702,0.001199,74.125.24.0-255,2902,104693,78,306009
17703,0.001202,172.31.40.0-255,66,104759,78,306009
17704,0.001208,74.125.24.0-255,4320,109079,78,306009
17705,0.001221,74.125.24.0-255,1484,110563,78,306009
17706,0.001224,74.125.24.0-255,1484,112047,78,306009
17707,0.001249,74.125.24.0-255,4320,116367,78,306009
17708,0.001253,172.31.40.0-255,66,116433,78,306009
17709,0.00127,74.125.24.0-255,4320,120753,78,306009
17710,0.001281,172.31.40.0-255,66,120819,78,306009
17711,0.001294,74.125.24.0-255,2184,123003,78,306009
17712,0.001307,172.31.40.0-255,66,123069,78,306009
17713,0.001417,74.125.24.0-255,1484,124553,78,306009
17714,0.001434,74.125.24.0-255,2902,127455,78,306009
17715,0.001439,74.125.24.0-255,4320,131775,78,306009
17716,0.001451,74.125.24.0-255,1484,133259,78,306009
17717,0.001453,74.125.24.0-255,1484,134743,78,306009
17718,0.001458,74.125.24.0-255,5738,140481,78,306009
17719,0.001464,172.31.40.0-255,66,140547,78,306009
17720,0.001482,74.125.24.0-255,2902,143449,78,306009
17721,0.001489,172.31.40.0-255,66,143515,78,306009
17722,0.0015,74.125.24.0-255,7156,150671,78,306009
17723,0.001518,74.125.24.0-255,6438,157109,78,306009
17724,0.001525,172.31.40.0-255,66,157175,78,306009
17725,0.001739,74.125.24.0-255,1484,158659,78,306009
17726,0.00176,74.125.24.0-255,2902,161561,78,306009
17727,0.001763,172.31.40.0-255,66,161627,78,306009
17728,0.001769,74.125.24.0-255,5738,167365,78,306009
17729,0.001792,172.31.40.0-255,66,167431,78,306009
17730,0.001804,74.125.24.0-255,5738,173169,78,306009
17731,0.001819,74.125.24.0-255,4320,177489,78,306009
17732,0.001824,74.125.24.0-255,4320,181809,78,306009
17733,0.001833,172.31.40.0-255,66,181875,78,306009
17734,0.001846,74.125.24.0-255,7156,189031,78,306009
17735,0.00185,74.125.24.0-255,2184,191215,78,306009
17736,0.001902,172.31.40.0-255,66,191281,78,306009
17737,0.002054,74.125.24.0-255,1484,192765,78,306009
17738,0.002059,74.125.24.0-255,1484,194249,78,306009
17739,0.002062,172.31.40.0-255,66,194315,78,306009
17740,0.002073,74.125.24.0-255,1484,195799,78,306009
17741,0.002077,74.125.24.0-255,2902,198701,78,306009
17742,0.002093,74.125.24.0-255,2902,201603,78,306009
17743,0.002117,74.125.24.0-255,7156,208759,78,306009
17744,0.002136,74.125.24.0-255,5738,214497,78,306009
17745,0.002151,74.125.24.0-255,2902,217399,78,306009
17746,0.012049,74.125.24.0-255,1484,218883,78,306009
17747,0.013766,172.31.40.0-255,66,218949,78,306009
17748,0.016143,74.125.24.0-255,5738,224687,78,306009
17749,0.016162,172.31.40.0-255,66,224753,78,306009
17750,0.018528,74.125.24.0-255,5738,230491,78,306009
17751,0.018904,172.31.40.0-255,66,230557,78,306009
17752,0.02127,74.125.24.0-255,5738,236295,78,306009
17753,0.02128,172.31.40.0-255,66,236361,78,306009
17754,0.023615,74.125.24.0-255,5738,242099,78,306009
17755,0.023628,172.31.40.0-255,66,242165,78,306009
17756,0.026002,74.125.24.0-255,5738,247903,78,306009
17757,0.026019,172.31.40.0-255,66,247969,78,306009
17758,0.028395,74.125.24.0-255,5738,253707,78,306009
17759,0.028414,172.31.40.0-255,66,253773,78,306009
17760,0.030783,74.125.24.0-255,5738,259511,78,306009
17761,0.030822,172.31.40.0-255,66,259577,78,306009
17762,0.033204,74.125.24.0-255,5738,265315,78,306009
17763,0.033225,172.31.40.0-255,66,265381,78,306009
17764,0.035603,74.125.24.0-255,5738,271119,78,306009
17765,0.035619,172.31.40.0-255,66,271185,78,306009
17766,0.037968,74.125.24.0-255,5738,276923,78,306009
17767,0.037985,172.31.40.0-255,66,276989,78,306009
17768,0.040347,74.125.24.0-255,5738,282727,78,306009
17769,0.040367,172.31.40.0-255,66,282793,78,306009
17770,0.042759,74.125.24.0-255,5738,288531,78,306009
17771,0.04278,172.31.40.0-255,66,288597,78,306009
17772,0.045169,74.125.24.0-255,5738,294335,78,306009
17773,0.045189,172.31.40.0-255,66,294401,78,306009
17774,0.047544,74.125.24.0-255,5738,300139,78,306009
17775,0.047566,172.31.40.0-255,66,300205,78,306009
17776,0.049918,74.125.24.0-255,5738,305943,78,306009
17777,0.049931,172.31.40.0-255,66,306009,78,306009
17778,0.0,172.31.40.0-255,234,234,78,300
17779,0.006345,172.217.194.0-255,66,300,78,300
17780,0.0,74.125.200.0-255,156,156,78,323076
17781,1.4e-05,172.31.40.0-255,66,222,78,323076
17782,2.1e-05,74.125.200.0-255,1484,1706,78,323076
17783,2.6e-05,172.31.40.0-255,66,1772,78,323076
17784,3.3e-05,74.125.200.0-255,2902,4674,78,323076
17785,4.2e-05,172.31.40.0-255,66,4740,78,323076
17786,4.8e-05,74.125.200.0-255,4320,9060,78,323076
17787,5.1e-05,172.31.40.0-255,66,9126,78,323076
17788,5.7e-05,74.125.200.0-255,4320,13446,78,323076
17789,6e-05,172.31.40.0-255,66,13512,78,323076
17790,9.2e-05,74.125.200.0-255,658,14170,78,323076
17791,9.5e-05,172.31.40.0-255,66,14236,78,323076
17792,0.000102,74.125.200.0-255,5738,19974,78,323076
17793,0.000104,172.31.40.0-255,66,20040,78,323076
17794,0.000136,74.125.200.0-255,5738,25778,78,323076
17795,0.000139,172.31.40.0-255,66,25844,78,323076
17796,0.000145,74.125.200.0-255,4320,30164,78,323076
17797,0.000147,172.31.40.0-255,66,30230,78,323076
17798,0.000173,74.125.200.0-255,1125,31355,78,323076
17799,0.000176,172.31.40.0-255,66,31421,78,323076
17800,0.000255,74.125.200.0-255,1484,32905,78,323076
17801,0.000258,172.31.40.0-255,66,32971,78,323076
17802,0.000261,74.125.200.0-255,1484,34455,78,323076
17803,0.000264,172.31.40.0-255,66,34521,78,323076
17804,0.000288,74.125.200.0-255,1484,36005,78,323076
17805,0.000291,172.31.40.0-255,66,36071,78,323076
17806,0.000297,74.125.200.0-255,5738,41809,78,323076
17807,0.000299,172.31.40.0-255,66,41875,78,323076
17808,0.000361,74.125.200.0-255,4320,46195,78,323076
17809,0.000365,172.31.40.0-255,66,46261,78,323076
17810,0.000372,74.125.200.0-255,5738,51999,78,323076
17811,0.000374,172.31.40.0-255,66,52065,78,323076
17812,0.0004,74.125.200.0-255,1484,53549,78,323076
17813,0.000418,74.125.200.0-255,4320,57869,78,323076
17814,0.000421,172.31.40.0-255,66,57935,78,323076
17815,0.000434,74.125.200.0-255,2902,60837,78,323076
17816,0.000441,172.31.40.0-255,66,60903,78,323076
17817,0.000476,74.125.200.0-255,4320,65223,78,323076
17818,0.000479,172.31.40.0-255,66,65289,78,323076
17819,0.000482,74.125.200.0-255,766,66055,78,323076
17820,0.000485,74.125.200.0-255,362,66417,78,323076
17821,0.000508,74.125.200.0-255,131,66548,78,323076
17822,0.00089,74.125.200.0-255,1484,68032,78,323076
17823,0.000896,172.31.40.0-255,66,68098,78,323076
17824,0.000902,74.125.200.0-255,2902,71000,78,323076
17825,0.000905,172.31.40.0-255,66,71066,78,323076
17826,0.000935,74.125.200.0-255,4320,75386,78,323076
17827,0.000938,172.31.40.0-255,66,75452,78,323076
17828,0.000962,74.125.200.0-255,1484,76936,78,323076
17829,0.000967,74.125.200.0-255,2902,79838,78,323076
17830,0.000969,172.31.40.0-255,66,79904,78,323076
17831,0.000975,74.125.200.0-255,4320,84224,78,323076
17832,0.000977,172.31.40.0-255,66,84290,78,323076
17833,0.001006,74.125.200.0-255,1484,85774,78,323076
17834,0.001009,74.125.200.0-255,1484,87258,78,323076
17835,0.001011,172.31.40.0-255,66,87324,78,323076
17836,0.001052,172.31.40.0-255,66,87390,78,323076
17837,0.001055,74.125.200.0-255,1484,88874,78,323076
17838,0.001086,74.125.200.0-255,3602,92476,78,323076
17839,0.001089,172.31.40.0-255,66,92542,78,323076
17840,0.001244,74.125.200.0-255,1484,94026,78,323076
17841,0.001259,74.125.200.0-255,1484,95510,78,323076
17842,0.001262,172.31.40.0-255,66,95576,78,323076
17843,0.001287,74.125.200.0-255,1484,97060,78,323076
17844,0.001293,74.125.200.0-255,4320,101380,78,323076
17845,0.001295,172.31.40.0-255,66,101446,78,323076
17846,0.001302,74.125.200.0-255,5738,107184,78,323076
17847,0.001304,172.31.40.0-255,66,107250,78,323076
17848,0.001326,74.125.200.0-255,2902,110152,78,323076
17849,0.001328,172.31.40.0-255,66,110218,78,323076
17850,0.001338,74.125.200.0-255,4320,114538,78,323076
17851,0.00134,172.31.40.0-255,66,114604,78,323076
17852,0.001366,74.125.200.0-255,2902,117506,78,323076
17853,0.001369,172.31.40.0-255,66,117572,78,323076
17854,0.001406,172.31.40.0-255,66,117638,78,323076
17855,0.001453,172.31.40.0-255,66,117704,78,323076
17856,0.001481,74.125.200.0-255,1484,119188,78,323076
17857,0.001493,172.31.40.0-255,66,119254,78,323076
17858,0.001498,74.125.200.0-255,2902,122156,78,323076
17859,0.0015,172.31.40.0-255,66,122222,78,323076
17860,0.001509,74.125.200.0-255,4320,126542,78,323076
17861,0.001512,172.31.40.0-255,66,126608,78,323076
17862,0.001552,74.125.200.0-255,5020,131628,78,323076
17863,0.001555,172.31.40.0-255,66,131694,78,323076
17864,0.001753,74.125.200.0-255,1484,133178,78,323076
17865,0.001757,74.125.200.0-255,1484,134662,78,323076
17866,0.00176,172.31.40.0-255,66,134728,78,323076
17867,0.001772,74.125.200.0-255,1484,136212,78,323076
17868,0.001778,74.125.200.0-255,4320,140532,78,323076
17869,0.001784,172.31.40.0-255,66,140598,78,323076
17870,0.00179,74.125.200.0-255,4320,144918,78,323076
17871,0.001792,172.31.40.0-255,66,144984,78,323076
17872,0.001812,74.125.200.0-255,1484,146468,78,323076
17873,0.001818,74.125.200.0-255,4320,150788,78,323076
17874,0.001821,172.31.40.0-255,66,150854,78,323076
17875,0.001852,74.125.200.0-255,7156,158010,78,323076
17876,0.001855,172.31.40.0-255,66,158076,78,323076
17877,0.001861,74.125.200.0-255,4320,162396,78,323076
17878,0.001863,172.31.40.0-255,66,162462,78,323076
17879,0.001887,74.125.200.0-255,3602,166064,78,323076
17880,0.00189,172.31.40.0-255,66,166130,78,323076
17881,0.001923,74.125.200.0-255,1484,167614,78,323076
17882,0.001936,74.125.200.0-255,2902,170516,78,323076
17883,0.001939,172.31.40.0-255,66,170582,78,323076
17884,0.00197,74.125.200.0-255,5738,176320,78,323076
17885,0.001973,172.31.40.0-255,66,176386,78,323076
17886,0.002013,74.125.200.0-255,1484,177870,78,323076
17887,0.002018,172.31.40.0-255,66,177936,78,323076
17888,0.002039,172.31.40.0-255,66,178002,78,323076
17889,0.002062,74.125.200.0-255,1484,179486,78,323076
17890,0.002067,74.125.200.0-255,2184,181670,78,323076
17891,0.002069,172.31.40.0-255,66,181736,78,323076
17892,0.002074,74.125.200.0-255,2902,184638,78,323076
17893,0.002076,172.31.40.0-255,66,184704,78,323076
17894,0.002097,74.125.200.0-255,1484,186188,78,323076
17895,0.002107,74.125.200.0-255,2902,189090,78,323076
17896,0.002109,172.31.40.0-255,66,189156,78,323076
17897,0.002112,74.125.200.0-255,1484,190640,78,323076
17898,0.002145,74.125.200.0-255,4320,194960,78,323076
17899,0.002148,172.31.40.0-255,66,195026,78,323076
17900,0.002155,74.125.200.0-255,5738,200764,78,323076
17901,0.002157,172.31.40.0-255,66,200830,78,323076
17902,0.002169,74.125.200.0-255,7156,207986,78,323076
17903,0.002171,172.31.40.0-255,66,208052,78,323076
17904,0.002195,74.125.200.0-255,2902,210954,78,323076
17905,0.002197,172.31.40.0-255,66,211020,78,323076
17906,0.002228,74.125.200.0-255,5020,216040,78,323076
17907,0.002231,172.31.40.0-255,66,216106,78,323076
17908,0.002243,74.125.200.0-255,2902,219008,78,323076
17909,0.002257,172.31.40.0-255,66,219074,78,323076
17910,0.002285,74.125.200.0-255,4320,223394,78,323076
17911,0.0023,74.125.200.0-255,5738,229132,78,323076
17912,0.002314,74.125.200.0-255,3602,232734,78,323076
17913,0.002347,74.125.200.0-255,2902,235636,78,323076
17914,0.002352,172.31.40.0-255,66,235702,78,323076
17915,0.00236,74.125.200.0-255,1484,237186,78,323076
17916,0.004685,74.125.200.0-255,4320,241506,78,323076
17917,0.004693,172.31.40.0-255,66,241572,78,323076
17918,0.007056,74.125.200.0-255,5738,247310,78,323076
17919,0.007063,172.31.40.0-255,66,247376,78,323076
17920,0.009385,74.125.200.0-255,5738,253114,78,323076
17921,0.009392,172.31.40.0-255,66,253180,78,323076
17922,0.011718,74.125.200.0-255,5738,258918,78,323076
17923,0.011724,172.31.40.0-255,66,258984,78,323076
17924,0.014065,74.125.200.0-255,5738,264722,78,323076
17925,0.014073,172.31.40.0-255,66,264788,78,323076
17926,0.016394,74.125.200.0-255,5738,270526,78,323076
17927,0.016404,172.31.40.0-255,66,270592,78,323076
17928,0.018728,74.125.200.0-255,5738,276330,78,323076
17929,0.018737,172.31.40.0-255,66,276396,78,323076
17930,0.021072,74.125.200.0-255,5738,282134,78,323076
17931,0.021081,172.31.40.0-255,66,282200,78,323076
17932,0.023409,74.125.200.0-255,5738,287938,78,323076
17933,0.023416,172.31.40.0-255,66,288004,78,323076
17934,0.025757,74.125.200.0-255,5738,293742,78,323076
17935,0.025764,172.31.40.0-255,66,293808,78,323076
17936,0.028095,74.125.200.0-255,5738,299546,78,323076
17937,0.028103,172.31.40.0-255,66,299612,78,323076
17938,0.030421,74.125.200.0-255,4320,303932,78,323076
17939,0.030428,172.31.40.0-255,66,303998,78,323076
17940,0.030458,74.125.200.0-255,1484,305482,78,323076
17941,0.030805,172.31.40.0-255,172,305654,78,323076
17942,0.030832,172.31.40.0-255,1108,306762,78,323076
17943,0.030888,172.31.40.0-255,1514,308276,78,323076
17944,0.03089,172.31.40.0-255,1299,309575,78,323076
17945,0.03243,104.244.42.0-255,66,309641,78,323076
17946,0.032477,104.244.42.0-255,66,309707,78,323076
17947,0.03255,104.244.42.0-255,66,309773,78,323076
17948,0.032763,74.125.200.0-255,4320,314093,78,323076
17949,0.032769,172.31.40.0-255,66,314159,78,323076
17950,0.035097,74.125.200.0-255,5738,319897,78,323076
17951,0.035104,172.31.40.0-255,66,319963,78,323076
17952,0.03743,74.125.200.0-255,2876,322839,78,323076
17953,0.037436,172.31.40.0-255,66,322905,78,323076
17954,0.037596,172.31.40.0-255,105,323010,78,323076
17955,0.039886,74.125.200.0-255,66,323076,78,323076
17956,0.0,172.31.40.0-255,105,105,78,276
17957,0.001765,157.240.24.0-255,105,210,78,276
17958,0.001789,172.31.40.0-255,66,276,78,276
17959,0.0,172.217.194.0-255,150,150,78,115256
17960,3.1e-05,172.31.40.0-255,66,216,78,115256
17961,3.8e-05,172.217.194.0-255,1484,1700,78,115256
17962,4.3e-05,172.31.40.0-255,66,1766,78,115256
17963,5.6e-05,172.217.194.0-255,2902,4668,78,115256
17964,6.1e-05,172.31.40.0-255,66,4734,78,115256
17965,6.8e-05,172.217.194.0-255,7156,11890,78,115256
17966,7.1e-05,172.31.40.0-255,66,11956,78,115256
17967,8.7e-05,172.31.40.0-255,66,12022,78,115256
17968,9.1e-05,172.217.194.0-255,2543,14565,78,115256
17969,9.5e-05,172.31.40.0-255,66,14631,78,115256
17970,0.00013,172.217.194.0-255,1484,16115,78,115256
17971,0.000133,172.31.40.0-255,66,16181,78,115256
17972,0.000138,172.217.194.0-255,2902,19083,78,115256
17973,0.000141,172.31.40.0-255,66,19149,78,115256
17974,0.000144,172.217.194.0-255,1484,20633,78,115256
17975,0.000146,172.31.40.0-255,66,20699,78,115256
17976,0.000177,172.217.194.0-255,4320,25019,78,115256
17977,0.00018,172.31.40.0-255,66,25085,78,115256
17978,0.000192,172.31.40.0-255,66,25151,78,115256
17979,0.000252,172.31.40.0-255,66,25217,78,115256
17980,0.000255,172.217.194.0-255,431,25648,78,115256
17981,0.000257,172.31.40.0-255,66,25714,78,115256
17982,0.00046,172.217.194.0-255,1484,27198,78,115256
17983,0.000465,172.31.40.0-255,66,27264,78,115256
17984,0.000472,172.217.194.0-255,2902,30166,78,115256
17985,0.000474,172.31.40.0-255,66,30232,78,115256
17986,0.000485,172.217.194.0-255,5738,35970,78,115256
17987,0.000488,172.31.40.0-255,66,36036,78,115256
17988,0.000526,172.31.40.0-255,66,36102,78,115256
17989,0.000589,172.31.40.0-255,66,36168,78,115256
17990,0.00101,172.217.194.0-255,1484,37652,78,115256
17991,0.001031,172.217.194.0-255,2902,40554,78,115256
17992,0.001035,172.31.40.0-255,66,40620,78,115256
17993,0.001041,172.217.194.0-255,4320,44940,78,115256
17994,0.001043,172.31.40.0-255,66,45006,78,115256
17995,0.001072,172.217.194.0-255,1484,46490,78,115256
17996,0.001085,172.31.40.0-255,66,46556,78,115256
17997,0.001117,172.217.194.0-255,2902,49458,78,115256
17998,0.00112,172.31.40.0-255,66,49524,78,115256
17999,0.001154,172.31.40.0-255,66,49590,78,115256
18000,0.001159,172.217.194.0-255,2902,52492,78,115256
18001,0.001161,172.31.40.0-255,66,52558,78,115256
18002,0.001197,172.31.40.0-255,66,52624,78,115256
18003,0.001206,172.31.40.0-255,66,52690,78,115256
18004,0.001242,172.31.40.0-255,66,52756,78,115256
18005,0.001445,172.217.194.0-255,1484,54240,78,115256
18006,0.001451,172.217.194.0-255,2902,57142,78,115256
18007,0.001453,172.31.40.0-255,66,57208,78,115256
18008,0.001476,172.217.194.0-255,5738,62946,78,115256
18009,0.001479,172.31.40.0-255,66,63012,78,115256
18010,0.001481,172.217.194.0-255,1484,64496,78,115256
18011,0.001494,172.31.40.0-255,66,64562,78,115256
18012,0.001529,172.217.194.0-255,2902,67464,78,115256
18013,0.001532,172.31.40.0-255,66,67530,78,115256
18014,0.001569,172.31.40.0-255,66,67596,78,115256
18015,0.001892,172.217.194.0-255,1484,69080,78,115256
18016,0.001911,172.217.194.0-255,2902,71982,78,115256
18017,0.001915,172.31.40.0-255,66,72048,78,115256
18018,0.001921,172.217.194.0-255,5738,77786,78,115256
18019,0.001924,172.31.40.0-255,66,77852,78,115256
18020,0.001939,172.31.40.0-255,66,77918,78,115256
18021,0.001998,172.31.40.0-255,66,77984,78,115256
18022,0.002025,172.217.194.0-255,2184,80168,78,115256
18023,0.002028,172.31.40.0-255,66,80234,78,115256
18024,0.002033,172.217.194.0-255,2902,83136,78,115256
18025,0.002034,172.31.40.0-255,66,83202,78,115256
18026,0.00204,172.217.194.0-255,4320,87522,78,115256
18027,0.002042,172.31.40.0-255,66,87588,78,115256
18028,0.002049,172.217.194.0-255,7156,94744,78,115256
18029,0.002056,172.31.40.0-255,66,94810,78,115256
18030,0.002078,172.217.194.0-255,1484,96294,78,115256
18031,0.002091,172.217.194.0-255,7156,103450,78,115256
18032,0.002093,172.31.40.0-255,66,103516,78,115256
18033,0.002134,172.31.40.0-255,66,103582,78,115256
18034,0.002151,172.31.40.0-255,66,103648,78,115256
18035,0.002167,172.31.40.0-255,66,103714,78,115256
18036,0.00226,172.31.40.0-255,66,103780,78,115256
18037,0.002275,172.31.40.0-255,66,103846,78,115256
18038,0.002295,172.31.40.0-255,66,103912,78,115256
18039,0.002304,172.31.40.0-255,66,103978,78,115256
18040,0.002332,172.217.194.0-255,2902,106880,78,115256
18041,0.002336,172.31.40.0-255,66,106946,78,115256
18042,0.002387,172.31.40.0-255,66,107012,78,115256
18043,0.002415,172.217.194.0-255,3543,110555,78,115256
18044,0.002417,172.31.40.0-255,66,110621,78,115256
18045,0.00242,172.217.194.0-255,105,110726,78,115256
18046,0.004405,172.31.40.0-255,66,110792,78,115256
18047,0.004444,172.31.40.0-255,105,110897,78,115256
18048,0.006991,172.217.194.0-255,66,110963,78,115256
18049,0.030915,172.31.40.0-255,172,111135,78,115256
18050,0.030948,172.31.40.0-255,1107,112242,78,115256
18051,0.031013,172.31.40.0-255,1514,113756,78,115256
18052,0.031035,172.31.40.0-255,1302,115058,78,115256
18053,0.032397,104.244.42.0-255,66,115124,78,115256
18054,0.032504,104.244.42.0-255,66,115190,78,115256
18055,0.032517,104.244.42.0-255,66,115256,78,115256
18056,0.0,74.125.200.0-255,297,297,78,191158
18057,1.9e-05,172.31.40.0-255,66,363,78,191158
18058,2.6e-05,74.125.200.0-255,1484,1847,78,191158
18059,3e-05,172.31.40.0-255,66,1913,78,191158
18060,3.6e-05,74.125.200.0-255,2902,4815,78,191158
18061,3.9e-05,172.31.40.0-255,66,4881,78,191158
18062,5.3e-05,74.125.200.0-255,4320,9201,78,191158
18063,5.5e-05,172.31.40.0-255,66,9267,78,191158
18064,0.000109,74.125.200.0-255,4680,13947,78,191158
18065,0.000112,172.31.40.0-255,66,14013,78,191158
18066,0.000119,74.125.200.0-255,5738,19751,78,191158
18067,0.000121,172.31.40.0-255,66,19817,78,191158
18068,0.000141,172.31.40.0-255,66,19883,78,191158
18069,0.000255,74.125.200.0-255,1484,21367,78,191158
18070,0.00026,172.31.40.0-255,66,21433,78,191158
18071,0.000264,74.125.200.0-255,1484,22917,78,191158
18072,0.000266,172.31.40.0-255,66,22983,78,191158
18073,0.00027,74.125.200.0-255,1484,24467,78,191158
18074,0.000276,172.31.40.0-255,66,24533,78,191158
18075,0.000307,74.125.200.0-255,1484,26017,78,191158
18076,0.00031,172.31.40.0-255,66,26083,78,191158
18077,0.000316,74.125.200.0-255,5738,31821,78,191158
18078,0.000318,172.31.40.0-255,66,31887,78,191158
18079,0.000329,74.125.200.0-255,5379,37266,78,191158
18080,0.000332,172.31.40.0-255,66,37332,78,191158
18081,0.000335,74.125.200.0-255,1484,38816,78,191158
18082,0.000339,172.31.40.0-255,66,38882,78,191158
18083,0.000371,74.125.200.0-255,4320,43202,78,191158
18084,0.000373,172.31.40.0-255,66,43268,78,191158
18085,0.000379,74.125.200.0-255,4320,47588,78,191158
18086,0.000381,172.31.40.0-255,66,47654,78,191158
18087,0.000416,74.125.200.0-255,5738,53392,78,191158
18088,0.000419,172.31.40.0-255,66,53458,78,191158
18089,0.000422,74.125.200.0-255,1125,54583,78,191158
18090,0.000764,74.125.200.0-255,395,54978,78,191158
18091,0.000806,74.125.200.0-255,348,55326,78,191158
18092,0.00081,172.31.40.0-255,66,55392,78,191158
18093,0.001662,74.125.200.0-255,1484,56876,78,191158
18094,0.001672,74.125.200.0-255,2902,59778,78,191158
18095,0.001677,172.31.40.0-255,66,59844,78,191158
18096,0.001711,74.125.200.0-255,4320,64164,78,191158
18097,0.001714,172.31.40.0-255,66,64230,78,191158
18098,0.001747,172.31.40.0-255,66,64296,78,191158
18099,0.001788,172.31.40.0-255,66,64362,78,191158
18100,0.001794,74.125.200.0-255,5738,70100,78,191158
18101,0.001796,172.31.40.0-255,66,70166,78,191158
18102,0.00182,74.125.200.0-255,766,70932,78,191158
18103,0.002098,172.31.40.0-255,66,70998,78,191158
18104,0.004405,74.125.200.0-255,1484,72482,78,191158
18105,0.004466,74.125.200.0-255,2902,75384,78,191158
18106,0.004472,172.31.40.0-255,66,75450,78,191158
18107,0.004476,74.125.200.0-255,1484,76934,78,191158
18108,0.006764,74.125.200.0-255,4320,81254,78,191158
18109,0.006768,172.31.40.0-255,66,81320,78,191158
18110,0.009081,74.125.200.0-255,5738,87058,78,191158
18111,0.009088,172.31.40.0-255,66,87124,78,191158
18112,0.011406,74.125.200.0-255,5738,92862,78,191158
18113,0.011414,172.31.40.0-255,66,92928,78,191158
18114,0.013756,74.125.200.0-255,5738,98666,78,191158
18115,0.013765,172.31.40.0-255,66,98732,78,191158
18116,0.01609,74.125.200.0-255,5738,104470,78,191158
18117,0.016101,172.31.40.0-255,66,104536,78,191158
18118,0.018402,74.125.200.0-255,1484,106020,78,191158
18119,0.018423,74.125.200.0-255,4320,110340,78,191158
18120,0.018428,172.31.40.0-255,66,110406,78,191158
18121,0.020739,74.125.200.0-255,5738,116144,78,191158
18122,0.020751,172.31.40.0-255,66,116210,78,191158
18123,0.023075,74.125.200.0-255,5738,121948,78,191158
18124,0.023085,172.31.40.0-255,66,122014,78,191158
18125,0.025412,74.125.200.0-255,5738,127752,78,191158
18126,0.025422,172.31.40.0-255,66,127818,78,191158
18127,0.026277,172.31.40.0-255,200,128018,78,191158
18128,0.026313,172.31.40.0-255,1108,129126,78,191158
18129,0.02638,172.31.40.0-255,1514,130640,78,191158
18130,0.026382,172.31.40.0-255,1514,132154,78,191158
18131,0.026412,172.31.40.0-255,700,132854,78,191158
18132,0.027743,74.125.200.0-255,5738,138592,78,191158
18133,0.027751,172.31.40.0-255,66,138658,78,191158
18134,0.027827,104.244.42.0-255,66,138724,78,191158
18135,0.027855,104.244.42.0-255,66,138790,78,191158
18136,0.027951,104.244.42.0-255,66,138856,78,191158
18137,0.027978,104.244.42.0-255,66,138922,78,191158
18138,0.030081,74.125.200.0-255,5738,144660,78,191158
18139,0.030089,172.31.40.0-255,66,144726,78,191158
18140,0.032416,74.125.200.0-255,5738,150464,78,191158
18141,0.032424,172.31.40.0-255,66,150530,78,191158
18142,0.03474,74.125.200.0-255,5738,156268,78,191158
18143,0.034746,172.31.40.0-255,66,156334,78,191158
18144,0.037069,74.125.200.0-255,5738,162072,78,191158
18145,0.037077,172.31.40.0-255,66,162138,78,191158
18146,0.039388,74.125.200.0-255,5738,167876,78,191158
18147,0.039395,172.31.40.0-255,66,167942,78,191158
18148,0.041707,74.125.200.0-255,5738,173680,78,191158
18149,0.041719,172.31.40.0-255,66,173746,78,191158
18150,0.04403,74.125.200.0-255,5738,179484,78,191158
18151,0.044037,172.31.40.0-255,66,179550,78,191158
18152,0.046349,74.125.200.0-255,5738,185288,78,191158
18153,0.046356,172.31.40.0-255,66,185354,78,191158
18154,0.048675,74.125.200.0-255,5738,191092,78,191158
18155,0.048681,172.31.40.0-255,66,191158,78,191158
18156,0.0,172.217.194.0-255,143,143,78,199819
18157,2.3e-05,172.31.40.0-255,66,209,78,199819
18158,2.9e-05,172.217.194.0-255,1484,1693,78,199819
18159,3.3e-05,172.31.40.0-255,66,1759,78,199819
18160,3.8e-05,172.217.194.0-255,2902,4661,78,199819
18161,4.1e-05,172.31.40.0-255,66,4727,78,199819
18162,5.4e-05,172.217.194.0-255,7156,11883,78,199819
18163,5.7e-05,172.31.40.0-255,66,11949,78,199819
18164,6.1e-05,172.217.194.0-255,1985,13934,78,199819
18165,6.3e-05,172.31.40.0-255,66,14000,78,199819
18166,0.000104,172.31.40.0-255,66,14066,78,199819
18167,0.00011,172.217.194.0-255,5379,19445,78,199819
18168,0.000112,172.31.40.0-255,66,19511,78,199819
18169,0.000172,172.217.194.0-255,1484,20995,78,199819
18170,0.000175,172.31.40.0-255,66,21061,78,199819
18171,0.00018,172.217.194.0-255,2902,23963,78,199819
18172,0.000182,172.31.40.0-255,66,24029,78,199819
18173,0.000193,172.217.194.0-255,5738,29767,78,199819
18174,0.000196,172.31.40.0-255,66,29833,78,199819
18175,0.000203,172.217.194.0-255,4320,34153,78,199819
18176,0.000205,172.31.40.0-255,66,34219,78,199819
18177,0.000237,172.217.194.0-255,7156,41375,78,199819
18178,0.00024,172.31.40.0-255,66,41441,78,199819
18179,0.000256,172.217.194.0-255,5738,47179,78,199819
18180,0.000258,172.31.40.0-255,66,47245,78,199819
18181,0.000284,172.217.194.0-255,6749,53994,78,199819
18182,0.000287,172.31.40.0-255,66,54060,78,199819
18183,0.000289,172.217.194.0-255,98,54158,78,199819
18184,0.000291,172.31.40.0-255,66,54224,78,199819
18185,0.000307,172.217.194.0-255,1484,55708,78,199819
18186,0.000309,172.31.40.0-255,66,55774,78,199819
18187,0.000317,172.217.194.0-255,2902,58676,78,199819
18188,0.000318,172.31.40.0-255,66,58742,78,199819
18189,0.000337,172.217.194.0-255,7156,65898,78,199819
18190,0.00034,172.31.40.0-255,66,65964,78,199819
18191,0.000381,172.217.194.0-255,5098,71062,78,199819
18192,0.000384,172.31.40.0-255,66,71128,78,199819
18193,0.000816,172.217.194.0-255,1484,72612,78,199819
18194,0.000823,172.217.194.0-255,2902,75514,78,199819
18195,0.000826,172.31.40.0-255,66,75580,78,199819
18196,0.000833,172.217.194.0-255,5738,81318,78,199819
18197,0.000835,172.31.40.0-255,66,81384,78,199819
18198,0.00087,172.31.40.0-255,66,81450,78,199819
18199,0.000902,172.217.194.0-255,5738,87188,78,199819
18200,0.000905,172.31.40.0-255,66,87254,78,199819
18201,0.000929,172.217.194.0-255,4320,91574,78,199819
18202,0.000934,172.31.40.0-255,66,91640,78,199819
18203,0.000937,172.217.194.0-255,766,92406,78,199819
18204,0.001372,172.217.194.0-255,1484,93890,78,199819
18205,0.001377,172.31.40.0-255,66,93956,78,199819
18206,0.001384,172.217.194.0-255,2902,96858,78,199819
18207,0.001386,172.31.40.0-255,66,96924,78,199819
18208,0.00139,172.217.194.0-255,2902,99826,78,199819
18209,0.001392,172.31.40.0-255,66,99892,78,199819
18210,0.001411,172.217.194.0-255,2902,102794,78,199819
18211,0.001418,172.31.40.0-255,66,102860,78,199819
18212,0.001426,172.217.194.0-255,7156,110016,78,199819
18213,0.001428,172.31.40.0-255,66,110082,78,199819
18214,0.001458,172.217.194.0-255,5738,115820,78,199819
18215,0.001461,172.31.40.0-255,66,115886,78,199819
18216,0.001487,172.31.40.0-255,66,115952,78,199819
18217,0.00149,172.217.194.0-255,1484,117436,78,199819
18218,0.001525,172.31.40.0-255,66,117502,78,199819
18219,0.001537,172.31.40.0-255,66,117568,78,199819
18220,0.0016,172.31.40.0-255,66,117634,78,199819
18221,0.001612,172.217.194.0-255,1484,119118,78,199819
18222,0.001646,172.31.40.0-255,66,119184,78,199819
18223,0.001658,172.31.40.0-255,66,119250,78,199819
18224,0.001681,172.217.194.0-255,1484,120734,78,199819
18225,0.001708,172.31.40.0-255,66,120800,78,199819
18226,0.001721,172.31.40.0-255,66,120866,78,199819
18227,0.001728,172.217.194.0-255,1484,122350,78,199819
18228,0.001762,172.31.40.0-255,66,122416,78,199819
18229,0.002085,172.217.194.0-255,1484,123900,78,199819
18230,0.002095,172.217.194.0-255,2902,126802,78,199819
18231,0.002098,172.31.40.0-255,66,126868,78,199819
18232,0.002131,172.217.194.0-255,5738,132606,78,199819
18233,0.002141,172.31.40.0-255,66,132672,78,199819
18234,0.002144,172.31.40.0-255,66,132738,78,199819
18235,0.002177,172.217.194.0-255,4320,137058,78,199819
18236,0.002179,172.31.40.0-255,66,137124,78,199819
18237,0.002182,172.217.194.0-255,1484,138608,78,199819
18238,0.002184,172.217.194.0-255,1484,140092,78,199819
18239,0.002186,172.31.40.0-255,66,140158,78,199819
18240,0.002219,172.31.40.0-255,66,140224,78,199819
18241,0.002243,172.217.194.0-255,1484,141708,78,199819
18242,0.002248,172.217.194.0-255,2902,144610,78,199819
18243,0.00225,172.31.40.0-255,66,144676,78,199819
18244,0.002278,172.217.194.0-255,5738,150414,78,199819
18245,0.002313,172.217.194.0-255,2902,153316,78,199819
18246,0.002317,172.31.40.0-255,66,153382,78,199819
18247,0.00232,172.31.40.0-255,66,153448,78,199819
18248,0.002339,172.31.40.0-255,66,153514,78,199819
18249,0.00235,172.31.40.0-255,66,153580,78,199819
18250,0.00237,172.217.194.0-255,1484,155064,78,199819
18251,0.002373,172.217.194.0-255,1484,156548,78,199819
18252,0.002375,172.31.40.0-255,66,156614,78,199819
18253,0.0024,172.217.194.0-255,1484,158098,78,199819
18254,0.002405,172.217.194.0-255,5738,163836,78,199819
18255,0.002411,172.217.194.0-255,7156,170992,78,199819
18256,0.002421,172.31.40.0-255,66,171058,78,199819
18257,0.002423,172.31.40.0-255,66,171124,78,199819
18258,0.002427,172.217.194.0-255,2902,174026,78,199819
18259,0.002429,172.31.40.0-255,66,174092,78,199819
18260,0.002451,172.217.194.0-255,7156,181248,78,199819
18261,0.002453,172.31.40.0-255,66,181314,78,199819
18262,0.002486,172.217.194.0-255,6438,187752,78,199819
18263,0.002488,172.31.40.0-255,66,187818,78,199819
18264,0.00252,172.31.40.0-255,66,187884,78,199819
18265,0.002523,172.217.194.0-255,1484,189368,78,199819
18266,0.002534,172.31.40.0-255,66,189434,78,199819
18267,0.002558,172.217.194.0-255,5738,195172,78,199819
18268,0.00256,172.31.40.0-255,66,195238,78,199819
18269,0.002575,172.31.40.0-255,66,195304,78,199819
18270,0.005108,172.217.194.0-255,105,195409,78,199819
18271,0.01106,172.31.40.0-255,66,195475,78,199819
18272,0.011102,172.31.40.0-255,105,195580,78,199819
18273,0.013644,172.217.194.0-255,66,195646,78,199819
18274,0.029366,172.31.40.0-255,172,195818,78,199819
18275,0.0294,172.31.40.0-255,1108,196926,78,199819
18276,0.029464,172.31.40.0-255,1514,198440,78,199819
18277,0.029466,172.31.40.0-255,1181,199621,78,199819
18278,0.030899,104.244.42.0-255,66,199687,78,199819
18279,0.030933,104.244.42.0-255,66,199753,78,199819
18280,0.031027,104.244.42.0-255,66,199819,78,199819
18281,0.0,74.125.68.0-255,153,153,78,261712
18282,2.5e-05,172.31.40.0-255,66,219,78,261712
18283,3.2e-05,74.125.68.0-255,1484,1703,78,261712
18284,3.7e-05,172.31.40.0-255,66,1769,78,261712
18285,4.3e-05,74.125.68.0-255,2902,4671,78,261712
18286,5.5e-05,172.31.40.0-255,66,4737,78,261712
18287,9.2e-05,74.125.68.0-255,7156,11893,78,261712
18288,9.6e-05,172.31.40.0-255,66,11959,78,261712
18289,0.0001,74.125.68.0-255,2041,14000,78,261712
18290,0.000103,172.31.40.0-255,66,14066,78,261712
18291,0.000116,172.31.40.0-255,66,14132,78,261712
18292,0.000121,74.125.68.0-255,4320,18452,78,261712
18293,0.000124,172.31.40.0-255,66,18518,78,261712
18294,0.000175,74.125.68.0-255,1125,19643,78,261712
18295,0.000177,172.31.40.0-255,66,19709,78,261712
18296,0.00022,74.125.68.0-255,1484,21193,78,261712
18297,0.000223,172.31.40.0-255,66,21259,78,261712
18298,0.000228,74.125.68.0-255,2902,24161,78,261712
18299,0.00023,172.31.40.0-255,66,24227,78,261712
18300,0.000233,74.125.68.0-255,1484,25711,78,261712
18301,0.000235,172.31.40.0-255,66,25777,78,261712
18302,0.000269,74.125.68.0-255,4320,30097,78,261712
18303,0.000272,172.31.40.0-255,66,30163,78,261712
18304,0.000306,74.125.68.0-255,1484,31647,78,261712
18305,0.000308,172.31.40.0-255,66,31713,78,261712
18306,0.000337,172.31.40.0-255,66,31779,78,261712
18307,0.000348,172.31.40.0-255,66,31845,78,261712
18308,0.000379,74.125.68.0-255,3602,35447,78,261712
18309,0.000382,172.31.40.0-255,66,35513,78,261712
18310,0.000428,74.125.68.0-255,395,35908,78,261712
18311,0.000734,74.125.68.0-255,348,36256,78,261712
18312,0.000888,74.125.68.0-255,1484,37740,78,261712
18313,0.000893,172.31.40.0-255,66,37806,78,261712
18314,0.000899,74.125.68.0-255,2902,40708,78,261712
18315,0.000901,172.31.40.0-255,66,40774,78,261712
18316,0.000951,74.125.68.0-255,4320,45094,78,261712
18317,0.000956,172.31.40.0-255,66,45160,78,261712
18318,0.000964,74.125.68.0-255,1484,46644,78,261712
18319,0.000968,74.125.68.0-255,2902,49546,78,261712
18320,0.00097,172.31.40.0-255,66,49612,78,261712
18321,0.001005,74.125.68.0-255,7156,56768,78,261712
18322,0.001007,172.31.40.0-255,66,56834,78,261712
18323,0.001024,172.31.40.0-255,66,56900,78,261712
18324,0.001028,74.125.68.0-255,2184,59084,78,261712
18325,0.00103,172.31.40.0-255,66,59150,78,261712
18326,0.00124,74.125.68.0-255,1484,60634,78,261712
18327,0.001245,74.125.68.0-255,1484,62118,78,261712
18328,0.001248,172.31.40.0-255,66,62184,78,261712
18329,0.001274,74.125.68.0-255,1484,63668,78,261712
18330,0.001281,74.125.68.0-255,5738,69406,78,261712
18331,0.001284,172.31.40.0-255,66,69472,78,261712
18332,0.00131,74.125.68.0-255,4320,73792,78,261712
18333,0.001312,172.31.40.0-255,66,73858,78,261712
18334,0.001337,74.125.68.0-255,1484,75342,78,261712
18335,0.001345,74.125.68.0-255,7156,82498,78,261712
18336,0.001347,172.31.40.0-255,66,82564,78,261712
18337,0.001352,74.125.68.0-255,2902,85466,78,261712
18338,0.001354,172.31.40.0-255,66,85532,78,261712
18339,0.001403,74.125.68.0-255,4320,89852,78,261712
18340,0.001407,172.31.40.0-255,66,89918,78,261712
18341,0.001425,74.125.68.0-255,3602,93520,78,261712
18342,0.001428,172.31.40.0-255,66,93586,78,261712
18343,0.001501,74.125.68.0-255,1484,95070,78,261712
18344,0.001515,74.125.68.0-255,1484,96554,78,261712
18345,0.001518,172.31.40.0-255,66,96620,78,261712
18346,0.001543,74.125.68.0-255,1484,98104,78,261712
18347,0.001547,74.125.68.0-255,2902,101006,78,261712
18348,0.001552,172.31.40.0-255,66,101072,78,261712
18349,0.001564,74.125.68.0-255,1484,102556,78,261712
18350,0.00161,74.125.68.0-255,5738,108294,78,261712
18351,0.001614,172.31.40.0-255,66,108360,78,261712
18352,0.001617,74.125.68.0-255,1484,109844,78,261712
18353,0.001641,74.125.68.0-255,2902,112746,78,261712
18354,0.001644,172.31.40.0-255,66,112812,78,261712
18355,0.00165,74.125.68.0-255,5738,118550,78,261712
18356,0.001653,172.31.40.0-255,66,118616,78,261712
18357,0.001658,74.125.68.0-255,4320,122936,78,261712
18358,0.00166,172.31.40.0-255,66,123002,78,261712
18359,0.001663,74.125.68.0-255,1484,124486,78,261712
18360,0.001698,74.125.68.0-255,3602,128088,78,261712
18361,0.001702,172.31.40.0-255,66,128154,78,261712
18362,0.003765,74.125.68.0-255,5738,133892,78,261712
18363,0.003772,172.31.40.0-255,66,133958,78,261712
18364,0.00584,74.125.68.0-255,5738,139696,78,261712
18365,0.005848,172.31.40.0-255,66,139762,78,261712
18366,0.007923,74.125.68.0-255,5738,145500,78,261712
18367,0.00793,172.31.40.0-255,66,145566,78,261712
18368,0.009978,74.125.68.0-255,1484,147050,78,261712
18369,0.009993,74.125.68.0-255,4320,151370,78,261712
18370,0.009996,172.31.40.0-255,66,151436,78,261712
18371,0.012059,74.125.68.0-255,5738,157174,78,261712
18372,0.012066,172.31.40.0-255,66,157240,78,261712
18373,0.014125,74.125.68.0-255,5738,162978,78,261712
18374,0.014132,172.31.40.0-255,66,163044,78,261712
18375,0.016212,74.125.68.0-255,5738,168782,78,261712
18376,0.016218,172.31.40.0-255,66,168848,78,261712
18377,0.018315,74.125.68.0-255,5738,174586,78,261712
18378,0.018322,172.31.40.0-255,66,174652,78,261712
18379,0.020397,74.125.68.0-255,5738,180390,78,261712
18380,0.020404,172.31.40.0-255,66,180456,78,261712
18381,0.022473,74.125.68.0-255,5738,186194,78,261712
18382,0.02248,172.31.40.0-255,66,186260,78,261712
18383,0.024565,74.125.68.0-255,5738,191998,78,261712
18384,0.024572,172.31.40.0-255,66,192064,78,261712
18385,0.026633,74.125.68.0-255,5738,197802,78,261712
18386,0.02664,172.31.40.0-255,66,197868,78,261712
18387,0.028691,74.125.68.0-255,5738,203606,78,261712
18388,0.0287,172.31.40.0-255,66,203672,78,261712
18389,0.030768,74.125.68.0-255,5738,209410,78,261712
18390,0.030775,172.31.40.0-255,66,209476,78,261712
18391,0.032846,74.125.68.0-255,5738,215214,78,261712
18392,0.032854,172.31.40.0-255,66,215280,78,261712
18393,0.034948,74.125.68.0-255,5738,221018,78,261712
18394,0.034966,172.31.40.0-255,66,221084,78,261712
18395,0.037052,74.125.68.0-255,5738,226822,78,261712
18396,0.037067,172.31.40.0-255,66,226888,78,261712
18397,0.039153,74.125.68.0-255,5738,232626,78,261712
18398,0.039169,172.31.40.0-255,66,232692,78,261712
18399,0.041242,74.125.68.0-255,5738,238430,78,261712
18400,0.041258,172.31.40.0-255,66,238496,78,261712
18401,0.043327,74.125.68.0-255,5738,244234,78,261712
18402,0.043334,172.31.40.0-255,66,244300,78,261712
18403,0.045437,74.125.68.0-255,5738,250038,78,261712
18404,0.04545,172.31.40.0-255,66,250104,78,261712
18405,0.047522,74.125.68.0-255,5738,255842,78,261712
18406,0.047534,172.31.40.0-255,66,255908,78,261712
18407,0.049619,74.125.68.0-255,5738,261646,78,261712
18408,0.049638,172.31.40.0-255,66,261712,78,261712
18409,0.0,172.31.40.0-255,105,105,78,276
18410,0.00177,157.240.24.0-255,105,210,78,276
18411,0.001785,172.31.40.0-255,66,276,78,276
18412,0.0,172.31.40.0-255,66,66,78,66
18413,0.0,172.217.194.0-255,153,153,78,205901
18414,2.3e-05,172.31.40.0-255,66,219,78,205901
18415,3e-05,172.217.194.0-255,1484,1703,78,205901
18416,3.5e-05,172.31.40.0-255,66,1769,78,205901
18417,4.1e-05,172.217.194.0-255,2902,4671,78,205901
18418,5.1e-05,172.31.40.0-255,66,4737,78,205901
18419,5.6e-05,172.217.194.0-255,2902,7639,78,205901
18420,5.9e-05,172.31.40.0-255,66,7705,78,205901
18421,0.000107,172.217.194.0-255,6379,14084,78,205901
18422,0.000111,172.31.40.0-255,66,14150,78,205901
18423,0.000135,172.217.194.0-255,7156,21306,78,205901
18424,0.000138,172.31.40.0-255,66,21372,78,205901
18425,0.000208,172.31.40.0-255,66,21438,78,205901
18426,0.000219,172.31.40.0-255,66,21504,78,205901
18427,0.000263,172.31.40.0-255,66,21570,78,205901
18428,0.000273,172.31.40.0-255,66,21636,78,205901
18429,0.000307,172.31.40.0-255,66,21702,78,205901
18430,0.000331,172.217.194.0-255,676,22378,78,205901
18431,0.000334,172.31.40.0-255,66,22444,78,205901
18432,0.000364,172.217.194.0-255,1484,23928,78,205901
18433,0.000367,172.31.40.0-255,66,23994,78,205901
18434,0.000398,172.217.194.0-255,2902,26896,78,205901
18435,0.000401,172.31.40.0-255,66,26962,78,205901
18436,0.000408,172.217.194.0-255,5738,32700,78,205901
18437,0.00041,172.31.40.0-255,66,32766,78,205901
18438,0.000451,172.31.40.0-255,66,32832,78,205901
18439,0.000463,172.31.40.0-255,66,32898,78,205901
18440,0.000485,172.217.194.0-255,1125,34023,78,205901
18441,0.000912,172.217.194.0-255,1484,35507,78,205901
18442,0.000917,172.217.194.0-255,2902,38409,78,205901
18443,0.000919,172.217.194.0-255,1484,39893,78,205901
18444,0.000925,172.31.40.0-255,66,39959,78,205901
18445,0.000929,172.31.40.0-255,66,40025,78,205901
18446,0.000952,172.217.194.0-255,4320,44345,78,205901
18447,0.000954,172.31.40.0-255,66,44411,78,205901
18448,0.000966,172.31.40.0-255,66,44477,78,205901
18449,0.001006,172.217.194.0-255,4320,48797,78,205901
18450,0.001009,172.31.40.0-255,66,48863,78,205901
18451,0.001044,172.31.40.0-255,66,48929,78,205901
18452,0.001283,172.217.194.0-255,1484,50413,78,205901
18453,0.001297,172.217.194.0-255,2902,53315,78,205901
18454,0.0013,172.31.40.0-255,66,53381,78,205901
18455,0.001304,172.217.194.0-255,1484,54865,78,205901
18456,0.001333,172.217.194.0-255,4320,59185,78,205901
18457,0.001339,172.217.194.0-255,5738,64923,78,205901
18458,0.001343,172.31.40.0-255,66,64989,78,205901
18459,0.001346,172.31.40.0-255,66,65055,78,205901
18460,0.001378,172.217.194.0-255,7156,72211,78,205901
18461,0.001404,172.31.40.0-255,66,72277,78,205901
18462,0.001407,172.31.40.0-255,66,72343,78,205901
18463,0.0034,172.217.194.0-255,5738,78081,78,205901
18464,0.003407,172.31.40.0-255,66,78147,78,205901
18465,0.005405,172.217.194.0-255,5738,83885,78,205901
18466,0.005409,172.31.40.0-255,66,83951,78,205901
18467,0.007427,172.217.194.0-255,5738,89689,78,205901
18468,0.007431,172.31.40.0-255,66,89755,78,205901
18469,0.009454,172.217.194.0-255,5738,95493,78,205901
18470,0.009461,172.31.40.0-255,66,95559,78,205901
18471,0.011502,172.217.194.0-255,5738,101297,78,205901
18472,0.01151,172.31.40.0-255,66,101363,78,205901
18473,0.013516,172.217.194.0-255,5738,107101,78,205901
18474,0.013523,172.31.40.0-255,66,107167,78,205901
18475,0.015611,172.217.194.0-255,5738,112905,78,205901
18476,0.015617,172.31.40.0-255,66,112971,78,205901
18477,0.017625,172.217.194.0-255,5738,118709,78,205901
18478,0.017632,172.31.40.0-255,66,118775,78,205901
18479,0.019656,172.217.194.0-255,1484,120259,78,205901
18480,0.019687,172.217.194.0-255,4320,124579,78,205901
18481,0.019692,172.31.40.0-255,66,124645,78,205901
18482,0.021722,172.217.194.0-255,5738,130383,78,205901
18483,0.021729,172.31.40.0-255,66,130449,78,205901
18484,0.02377,172.217.194.0-255,5738,136187,78,205901
18485,0.023777,172.31.40.0-255,66,136253,78,205901
18486,0.025803,172.217.194.0-255,5738,141991,78,205901
18487,0.02581,172.31.40.0-255,66,142057,78,205901
18488,0.027824,172.217.194.0-255,5738,147795,78,205901
18489,0.02783,172.31.40.0-255,66,147861,78,205901
18490,0.029802,172.217.194.0-255,5738,153599,78,205901
18491,0.02981,172.31.40.0-255,66,153665,78,205901
18492,0.031836,172.217.194.0-255,5738,159403,78,205901
18493,0.031844,172.31.40.0-255,66,159469,78,205901
18494,0.033866,172.217.194.0-255,5738,165207,78,205901
18495,0.033881,172.31.40.0-255,66,165273,78,205901
18496,0.035875,172.217.194.0-255,5738,171011,78,205901
18497,0.03589,172.31.40.0-255,66,171077,78,205901
18498,0.037909,172.217.194.0-255,5738,176815,78,205901
18499,0.037925,172.31.40.0-255,66,176881,78,205901
18500,0.040004,172.217.194.0-255,5738,182619,78,205901
18501,0.040018,172.31.40.0-255,66,182685,78,205901
18502,0.042012,172.217.194.0-255,5738,188423,78,205901
18503,0.042018,172.31.40.0-255,66,188489,78,205901
18504,0.04401,172.217.194.0-255,5738,194227,78,205901
18505,0.044018,172.31.40.0-255,66,194293,78,205901
18506,0.046001,172.217.194.0-255,5738,200031,78,205901
18507,0.046009,172.31.40.0-255,66,200097,78,205901
18508,0.048014,172.217.194.0-255,5738,205835,78,205901
18509,0.048021,172.31.40.0-255,66,205901,78,205901
18510,0.0,74.125.24.0-255,153,153,78,308415
18511,2e-05,172.31.40.0-255,66,219,78,308415
18512,2.7e-05,74.125.24.0-255,1484,1703,78,308415
18513,3.1e-05,172.31.40.0-255,66,1769,78,308415
18514,3.6e-05,74.125.24.0-255,2902,4671,78,308415
18515,3.9e-05,172.31.40.0-255,66,4737,78,308415
18516,5.3e-05,74.125.24.0-255,7156,11893,78,308415
18517,5.6e-05,172.31.40.0-255,66,11959,78,308415
18518,6e-05,74.125.24.0-255,2039,13998,78,308415
18519,6.2e-05,172.31.40.0-255,66,14064,78,308415
18520,9.9e-05,74.125.24.0-255,1484,15548,78,308415
18521,0.000101,172.31.40.0-255,66,15614,78,308415
18522,0.000118,74.125.24.0-255,2902,18516,78,308415
18523,0.00012,172.31.40.0-255,66,18582,78,308415
18524,0.000125,74.125.24.0-255,5738,24320,78,308415
18525,0.000128,172.31.40.0-255,66,24386,78,308415
18526,0.000165,74.125.24.0-255,6797,31183,78,308415
18527,0.000168,172.31.40.0-255,66,31249,78,308415
18528,0.000334,74.125.24.0-255,1484,32733,78,308415
18529,0.000338,172.31.40.0-255,66,32799,78,308415
18530,0.000343,74.125.24.0-255,2902,35701,78,308415
18531,0.000345,172.31.40.0-255,66,35767,78,308415
18532,0.000375,74.125.24.0-255,5738,41505,78,308415
18533,0.000378,172.31.40.0-255,66,41571,78,308415
18534,0.000382,74.125.24.0-255,2902,44473,78,308415
18535,0.000384,172.31.40.0-255,66,44539,78,308415
18536,0.00042,172.31.40.0-255,66,44605,78,308415
18537,0.000429,172.31.40.0-255,66,44671,78,308415
18538,0.00045,74.125.24.0-255,1425,46096,78,308415
18539,0.000452,172.31.40.0-255,66,46162,78,308415
18540,0.000584,74.125.24.0-255,380,46542,78,308415
18541,0.000768,74.125.24.0-255,1484,48026,78,308415
18542,0.000772,74.125.24.0-255,1484,49510,78,308415
18543,0.000782,74.125.24.0-255,1484,50994,78,308415
18544,0.000785,74.125.24.0-255,1484,52478,78,308415
18545,0.000788,172.31.40.0-255,66,52544,78,308415
18546,0.000813,74.125.24.0-255,4320,56864,78,308415
18547,0.000818,74.125.24.0-255,4320,61184,78,308415
18548,0.000828,172.31.40.0-255,66,61250,78,308415
18549,0.000841,74.125.24.0-255,4320,65570,78,308415
18550,0.000863,172.31.40.0-255,66,65636,78,308415
18551,0.000893,74.125.24.0-255,6797,72433,78,308415
18552,0.00091,172.31.40.0-255,66,72499,78,308415
18553,0.001207,74.125.24.0-255,1484,73983,78,308415
18554,0.001213,74.125.24.0-255,2902,76885,78,308415
18555,0.001217,172.31.40.0-255,66,76951,78,308415
18556,0.001247,74.125.24.0-255,5738,82689,78,308415
18557,0.001291,74.125.24.0-255,7156,89845,78,308415
18558,0.001295,172.31.40.0-255,66,89911,78,308415
18559,0.0013,172.31.40.0-255,66,89977,78,308415
18560,0.001322,74.125.24.0-255,5738,95715,78,308415
18561,0.001329,74.125.24.0-255,7156,102871,78,308415
18562,0.001334,74.125.24.0-255,3602,106473,78,308415
18563,0.001364,172.31.40.0-255,66,106539,78,308415
18564,0.001491,74.125.24.0-255,1484,108023,78,308415
18565,0.001498,74.125.24.0-255,2902,110925,78,308415
18566,0.001501,172.31.40.0-255,66,110991,78,308415
18567,0.001533,74.125.24.0-255,4320,115311,78,308415
18568,0.001539,74.125.24.0-255,5738,121049,78,308415
18569,0.001564,74.125.24.0-255,4320,125369,78,308415
18570,0.001586,74.125.24.0-255,7156,132525,78,308415
18571,0.001732,74.125.24.0-255,1484,134009,78,308415
18572,0.001746,74.125.24.0-255,2902,136911,78,308415
18573,0.001753,74.125.24.0-255,5738,142649,78,308415
18574,0.001768,74.125.24.0-255,1484,144133,78,308415
18575,0.001783,74.125.24.0-255,5738,149871,78,308415
18576,0.001798,74.125.24.0-255,1484,151355,78,308415
18577,0.001804,74.125.24.0-255,4320,155675,78,308415
18578,0.001826,74.125.24.0-255,5738,161413,78,308415
18579,0.001841,74.125.24.0-255,2902,164315,78,308415
18580,0.001858,74.125.24.0-255,2184,166499,78,308415
18581,0.001958,74.125.24.0-255,1484,167983,78,308415
18582,0.00198,74.125.24.0-255,2902,170885,78,308415
18583,0.001998,74.125.24.0-255,5738,176623,78,308415
18584,0.002017,74.125.24.0-255,5738,182361,78,308415
18585,0.002046,74.125.24.0-255,7156,189517,78,308415
18586,0.002051,74.125.24.0-255,4320,193837,78,308415
18587,0.002076,74.125.24.0-255,4320,198157,78,308415
18588,0.002092,74.125.24.0-255,2184,200341,78,308415
18589,0.002416,74.125.24.0-255,1484,201825,78,308415
18590,0.00244,74.125.24.0-255,2902,204727,78,308415
18591,0.002446,74.125.24.0-255,5738,210465,78,308415
18592,0.002496,74.125.24.0-255,4320,214785,78,308415
18593,0.002532,74.125.24.0-255,2902,217687,78,308415
18594,0.002615,74.125.24.0-255,5738,223425,78,308415
18595,0.002628,74.125.24.0-255,3602,227027,78,308415
18596,0.00991,172.31.40.0-255,66,227093,78,308415
18597,0.012004,74.125.24.0-255,1484,228577,78,308415
18598,0.012517,74.125.24.0-255,4320,232897,78,308415
18599,0.012523,172.31.40.0-255,66,232963,78,308415
18600,0.015103,74.125.24.0-255,5738,238701,78,308415
18601,0.017572,172.31.40.0-255,66,238767,78,308415
18602,0.020171,74.125.24.0-255,5738,244505,78,308415
18603,0.020184,172.31.40.0-255,66,244571,78,308415
18604,0.022762,74.125.24.0-255,5738,250309,78,308415
18605,0.022773,172.31.40.0-255,66,250375,78,308415
18606,0.025316,74.125.24.0-255,5738,256113,78,308415
18607,0.026141,172.31.40.0-255,66,256179,78,308415
18608,0.028713,74.125.24.0-255,5738,261917,78,308415
18609,0.028722,172.31.40.0-255,66,261983,78,308415
18610,0.031293,74.125.24.0-255,5738,267721,78,308415
18611,0.031302,172.31.40.0-255,66,267787,78,308415
18612,0.033857,74.125.24.0-255,5738,273525,78,308415
18613,0.033864,172.31.40.0-255,66,273591,78,308415
18614,0.03643,74.125.24.0-255,5738,279329,78,308415
18615,0.036437,172.31.40.0-255,66,279395,78,308415
18616,0.039009,74.125.24.0-255,5738,285133,78,308415
18617,0.039017,172.31.40.0-255,66,285199,78,308415
18618,0.041573,74.125.24.0-255,5738,290937,78,308415
18619,0.041586,172.31.40.0-255,66,291003,78,308415
18620,0.044151,74.125.24.0-255,5738,296741,78,308415
18621,0.04416,172.31.40.0-255,66,296807,78,308415
18622,0.046741,74.125.24.0-255,5738,302545,78,308415
18623,0.04676,172.31.40.0-255,66,302611,78,308415
18624,0.049326,74.125.24.0-255,5738,308349,78,308415
18625,0.049334,172.31.40.0-255,66,308415,78,308415
18626,0.0,74.125.24.0-255,153,153,78,229712
18627,2.5e-05,172.31.40.0-255,66,219,78,229712
18628,3.3e-05,74.125.24.0-255,1484,1703,78,229712
18629,3.7e-05,172.31.40.0-255,66,1769,78,229712
18630,5.1e-05,74.125.24.0-255,2902,4671,78,229712
18631,5.5e-05,172.31.40.0-255,66,4737,78,229712
18632,7.4e-05,74.125.24.0-255,5738,10475,78,229712
18633,7.6e-05,172.31.40.0-255,66,10541,78,229712
18634,0.000112,74.125.24.0-255,1484,12025,78,229712
18635,0.000115,172.31.40.0-255,66,12091,78,229712
18636,0.000121,74.125.24.0-255,3447,15538,78,229712
18637,0.000123,172.31.40.0-255,66,15604,78,229712
18638,0.000129,74.125.24.0-255,4320,19924,78,229712
18639,0.000135,172.31.40.0-255,66,19990,78,229712
18640,0.000162,74.125.24.0-255,4320,24310,78,229712
18641,0.000169,172.31.40.0-255,66,24376,78,229712
18642,0.000172,74.125.24.0-255,1484,25860,78,229712
18643,0.000174,172.31.40.0-255,66,25926,78,229712
18644,0.000204,74.125.24.0-255,5379,31305,78,229712
18645,0.000206,172.31.40.0-255,66,31371,78,229712
18646,0.00024,74.125.24.0-255,1484,32855,78,229712
18647,0.000242,172.31.40.0-255,66,32921,78,229712
18648,0.000262,74.125.24.0-255,2902,35823,78,229712
18649,0.000264,172.31.40.0-255,66,35889,78,229712
18650,0.000267,74.125.24.0-255,1484,37373,78,229712
18651,0.000269,172.31.40.0-255,66,37439,78,229712
18652,0.000295,74.125.24.0-255,4320,41759,78,229712
18653,0.000301,172.31.40.0-255,66,41825,78,229712
18654,0.00032,74.125.24.0-255,2902,44727,78,229712
18655,0.000322,172.31.40.0-255,66,44793,78,229712
18656,0.000359,172.31.40.0-255,66,44859,78,229712
18657,0.000365,74.125.24.0-255,4320,49179,78,229712
18658,0.000368,172.31.40.0-255,66,49245,78,229712
18659,0.000425,74.125.24.0-255,7156,56401,78,229712
18660,0.000428,172.31.40.0-255,66,56467,78,229712
18661,0.000474,74.125.24.0-255,1455,57922,78,229712
18662,0.000488,74.125.24.0-255,346,58268,78,229712
18663,0.000491,172.31.40.0-255,66,58334,78,229712
18664,0.000609,74.125.24.0-255,1484,59818,78,229712
18665,0.000615,74.125.24.0-255,2902,62720,78,229712
18666,0.000618,172.31.40.0-255,66,62786,78,229712
18667,0.000648,74.125.24.0-255,4320,67106,78,229712
18668,0.000651,172.31.40.0-255,66,67172,78,229712
18669,0.000703,74.125.24.0-255,2902,70074,78,229712
18670,0.000707,172.31.40.0-255,66,70140,78,229712
18671,0.000738,74.125.24.0-255,4831,74971,78,229712
18672,0.000742,172.31.40.0-255,66,75037,78,229712
18673,0.001536,74.125.24.0-255,1484,76521,78,229712
18674,0.00156,74.125.24.0-255,2902,79423,78,229712
18675,0.001565,172.31.40.0-255,66,79489,78,229712
18676,0.001569,74.125.24.0-255,1484,80973,78,229712
18677,0.001597,74.125.24.0-255,4320,85293,78,229712
18678,0.0016,172.31.40.0-255,66,85359,78,229712
18679,0.001621,74.125.24.0-255,7156,92515,78,229712
18680,0.001624,172.31.40.0-255,66,92581,78,229712
18681,0.001654,74.125.24.0-255,5738,98319,78,229712
18682,0.001656,172.31.40.0-255,66,98385,78,229712
18683,0.001678,74.125.24.0-255,1484,99869,78,229712
18684,0.001694,74.125.24.0-255,5738,105607,78,229712
18685,0.001697,172.31.40.0-255,66,105673,78,229712
18686,0.001727,74.125.24.0-255,3602,109275,78,229712
18687,0.00173,172.31.40.0-255,66,109341,78,229712
18688,0.004031,74.125.24.0-255,5738,115079,78,229712
18689,0.004037,172.31.40.0-255,66,115145,78,229712
18690,0.006378,74.125.24.0-255,5738,120883,78,229712
18691,0.006384,172.31.40.0-255,66,120949,78,229712
18692,0.008725,74.125.24.0-255,5738,126687,78,229712
18693,0.008734,172.31.40.0-255,66,126753,78,229712
18694,0.011038,74.125.24.0-255,5738,132491,78,229712
18695,0.011046,172.31.40.0-255,66,132557,78,229712
18696,0.013385,74.125.24.0-255,5738,138295,78,229712
18697,0.013395,172.31.40.0-255,66,138361,78,229712
18698,0.01574,74.125.24.0-255,5738,144099,78,229712
18699,0.01575,172.31.40.0-255,66,144165,78,229712
18700,0.018084,74.125.24.0-255,5738,149903,78,229712
18701,0.018097,172.31.40.0-255,66,149969,78,229712
18702,0.020435,74.125.24.0-255,5738,155707,78,229712
18703,0.020446,172.31.40.0-255,66,155773,78,229712
18704,0.022759,74.125.24.0-255,5738,161511,78,229712
18705,0.022771,172.31.40.0-255,66,161577,78,229712
18706,0.025107,74.125.24.0-255,5738,167315,78,229712
18707,0.025118,172.31.40.0-255,66,167381,78,229712
18708,0.027458,74.125.24.0-255,5738,173119,78,229712
18709,0.027466,172.31.40.0-255,66,173185,78,229712
18710,0.029849,74.125.24.0-255,5738,178923,78,229712
18711,0.029857,172.31.40.0-255,66,178989,78,229712
18712,0.032197,74.125.24.0-255,5738,184727,78,229712
18713,0.032204,172.31.40.0-255,66,184793,78,229712
18714,0.034601,74.125.24.0-255,5738,190531,78,229712
18715,0.034609,172.31.40.0-255,66,190597,78,229712
18716,0.03692,74.125.24.0-255,5738,196335,78,229712
18717,0.036931,172.31.40.0-255,66,196401,78,229712
18718,0.039285,74.125.24.0-255,5738,202139,78,229712
18719,0.039293,172.31.40.0-255,66,202205,78,229712
18720,0.039495,172.31.40.0-255,172,202377,78,229712
18721,0.039521,172.31.40.0-255,1108,203485,78,229712
18722,0.039642,172.31.40.0-255,1514,204999,78,229712
18723,0.039644,172.31.40.0-255,1299,206298,78,229712
18724,0.041099,104.244.42.0-255,66,206364,78,229712
18725,0.041129,104.244.42.0-255,66,206430,78,229712
18726,0.041198,104.244.42.0-255,66,206496,78,229712
18727,0.041608,74.125.24.0-255,5738,212234,78,229712
18728,0.041615,172.31.40.0-255,66,212300,78,229712
18729,0.043989,74.125.24.0-255,5738,218038,78,229712
18730,0.043996,172.31.40.0-255,66,218104,78,229712
18731,0.046351,74.125.24.0-255,5738,223842,78,229712
18732,0.046358,172.31.40.0-255,66,223908,78,229712
18733,0.048685,74.125.24.0-255,5738,229646,78,229712
18734,0.04869,172.31.40.0-255,66,229712,78,229712
18735,0.0,74.125.24.0-255,150,150,78,189687
18736,1.7e-05,172.31.40.0-255,66,216,78,189687
18737,2.3e-05,74.125.24.0-255,1484,1700,78,189687
18738,2.7e-05,172.31.40.0-255,66,1766,78,189687
18739,3.7e-05,74.125.24.0-255,1484,3250,78,189687
18740,4e-05,172.31.40.0-255,66,3316,78,189687
18741,7.7e-05,74.125.24.0-255,1484,4800,78,189687
18742,8e-05,172.31.40.0-255,66,4866,78,189687
18743,8.9e-05,74.125.24.0-255,7156,12022,78,189687
18744,9.6e-05,172.31.40.0-255,66,12088,78,189687
18745,0.000101,74.125.24.0-255,2067,14155,78,189687
18746,0.000104,172.31.40.0-255,66,14221,78,189687
18747,0.000117,172.31.40.0-255,66,14287,78,189687
18748,0.000123,74.125.24.0-255,5379,19666,78,189687
18749,0.000126,172.31.40.0-255,66,19732,78,189687
18750,0.000269,74.125.24.0-255,1484,21216,78,189687
18751,0.000273,172.31.40.0-255,66,21282,78,189687
18752,0.000279,74.125.24.0-255,2902,24184,78,189687
18753,0.000282,172.31.40.0-255,66,24250,78,189687
18754,0.000316,74.125.24.0-255,5738,29988,78,189687
18755,0.000318,172.31.40.0-255,66,30054,78,189687
18756,0.000326,74.125.24.0-255,6797,36851,78,189687
18757,0.000328,172.31.40.0-255,66,36917,78,189687
18758,0.000379,74.125.24.0-255,5738,42655,78,189687
18759,0.000382,172.31.40.0-255,66,42721,78,189687
18760,0.000415,172.31.40.0-255,66,42787,78,189687
18761,0.000419,74.125.24.0-255,2881,45668,78,189687
18762,0.000421,172.31.40.0-255,66,45734,78,189687
18763,0.000494,74.125.24.0-255,1484,47218,78,189687
18764,0.000498,172.31.40.0-255,66,47284,78,189687
18765,0.000503,74.125.24.0-255,2902,50186,78,189687
18766,0.000506,172.31.40.0-255,66,50252,78,189687
18767,0.00054,74.125.24.0-255,5738,55990,78,189687
18768,0.000543,172.31.40.0-255,66,56056,78,189687
18769,0.00055,74.125.24.0-255,5738,61794,78,189687
18770,0.000552,172.31.40.0-255,66,61860,78,189687
18771,0.000587,172.31.40.0-255,66,61926,78,189687
18772,0.000603,172.31.40.0-255,66,61992,78,189687
18773,0.000838,74.125.24.0-255,1484,63476,78,189687
18774,0.000844,74.125.24.0-255,2902,66378,78,189687
18775,0.000846,74.125.24.0-255,1484,67862,78,189687
18776,0.000852,172.31.40.0-255,66,67928,78,189687
18777,0.000866,74.125.24.0-255,4320,72248,78,189687
18778,0.000868,172.31.40.0-255,66,72314,78,189687
18779,0.00088,74.125.24.0-255,7156,79470,78,189687
18780,0.000883,172.31.40.0-255,66,79536,78,189687
18781,0.000925,74.125.24.0-255,5738,85274,78,189687
18782,0.000929,172.31.40.0-255,66,85340,78,189687
18783,0.000935,74.125.24.0-255,5738,91078,78,189687
18784,0.000938,172.31.40.0-255,66,91144,78,189687
18785,0.000944,74.125.24.0-255,5020,96164,78,189687
18786,0.000951,172.31.40.0-255,66,96230,78,189687
18787,0.001034,74.125.24.0-255,1484,97714,78,189687
18788,0.00104,74.125.24.0-255,2902,100616,78,189687
18789,0.001043,172.31.40.0-255,66,100682,78,189687
18790,0.00105,74.125.24.0-255,5738,106420,78,189687
18791,0.001052,172.31.40.0-255,66,106486,78,189687
18792,0.001108,172.31.40.0-255,66,106552,78,189687
18793,0.001125,172.31.40.0-255,66,106618,78,189687
18794,0.001148,74.125.24.0-255,1484,108102,78,189687
18795,0.001152,74.125.24.0-255,2902,111004,78,189687
18796,0.001155,172.31.40.0-255,66,111070,78,189687
18797,0.001161,74.125.24.0-255,4320,115390,78,189687
18798,0.001163,172.31.40.0-255,66,115456,78,189687
18799,0.00118,74.125.24.0-255,1484,116940,78,189687
18800,0.001191,74.125.24.0-255,5738,122678,78,189687
18801,0.001194,172.31.40.0-255,66,122744,78,189687
18802,0.001227,74.125.24.0-255,7156,129900,78,189687
18803,0.001233,74.125.24.0-255,5738,135638,78,189687
18804,0.001238,172.31.40.0-255,66,135704,78,189687
18805,0.001241,172.31.40.0-255,66,135770,78,189687
18806,0.001269,74.125.24.0-255,5020,140790,78,189687
18807,0.001276,172.31.40.0-255,66,140856,78,189687
18808,0.00136,74.125.24.0-255,1484,142340,78,189687
18809,0.001365,74.125.24.0-255,2902,145242,78,189687
18810,0.001368,172.31.40.0-255,66,145308,78,189687
18811,0.001376,74.125.24.0-255,5738,151046,78,189687
18812,0.001378,172.31.40.0-255,66,151112,78,189687
18813,0.001418,172.31.40.0-255,66,151178,78,189687
18814,0.001443,74.125.24.0-255,2902,154080,78,189687
18815,0.001445,172.31.40.0-255,66,154146,78,189687
18816,0.00149,172.31.40.0-255,66,154212,78,189687
18817,0.001556,172.31.40.0-255,66,154278,78,189687
18818,0.001582,172.31.40.0-255,66,154344,78,189687
18819,0.001594,172.31.40.0-255,66,154410,78,189687
18820,0.001646,74.125.24.0-255,1484,155894,78,189687
18821,0.001652,74.125.24.0-255,2902,158796,78,189687
18822,0.001654,172.31.40.0-255,66,158862,78,189687
18823,0.001683,74.125.24.0-255,5738,164600,78,189687
18824,0.001686,172.31.40.0-255,66,164666,78,189687
18825,0.00172,172.31.40.0-255,66,164732,78,189687
18826,0.001731,172.31.40.0-255,66,164798,78,189687
18827,0.001768,74.125.24.0-255,2184,166982,78,189687
18828,0.001772,172.31.40.0-255,66,167048,78,189687
18829,0.0018,74.125.24.0-255,2902,169950,78,189687
18830,0.001803,172.31.40.0-255,66,170016,78,189687
18831,0.001806,74.125.24.0-255,1484,171500,78,189687
18832,0.00183,74.125.24.0-255,2902,174402,78,189687
18833,0.001833,172.31.40.0-255,66,174468,78,189687
18834,0.00185,172.31.40.0-255,66,174534,78,189687
18835,0.001884,172.31.40.0-255,66,174600,78,189687
18836,0.001942,74.125.24.0-255,5738,180338,78,189687
18837,0.001951,172.31.40.0-255,66,180404,78,189687
18838,0.001954,172.31.40.0-255,66,180470,78,189687
18839,0.001958,172.31.40.0-255,66,180536,78,189687
18840,0.001963,74.125.24.0-255,4320,184856,78,189687
18841,0.00197,172.31.40.0-255,66,184922,78,189687
18842,0.002027,172.31.40.0-255,66,184988,78,189687
18843,0.002038,172.31.40.0-255,66,185054,78,189687
18844,0.002046,74.125.24.0-255,105,185159,78,189687
18845,0.004212,172.31.40.0-255,66,185225,78,189687
18846,0.004249,172.31.40.0-255,105,185330,78,189687
18847,0.006501,74.125.24.0-255,66,185396,78,189687
18848,0.043537,172.31.40.0-255,172,185568,78,189687
18849,0.043568,172.31.40.0-255,1108,186676,78,189687
18850,0.043622,172.31.40.0-255,1514,188190,78,189687
18851,0.043624,172.31.40.0-255,1299,189489,78,189687
18852,0.04508,104.244.42.0-255,66,189555,78,189687
18853,0.045112,104.244.42.0-255,66,189621,78,189687
18854,0.045159,104.244.42.0-255,66,189687,78,189687
18855,0.0,172.217.194.0-255,298,298,78,187178
18856,2.2e-05,172.31.40.0-255,66,364,78,187178
18857,2.8e-05,172.217.194.0-255,1484,1848,78,187178
18858,3.2e-05,172.31.40.0-255,66,1914,78,187178
18859,5.3e-05,172.217.194.0-255,4320,6234,78,187178
18860,5.6e-05,172.31.40.0-255,66,6300,78,187178
18861,8.6e-05,172.217.194.0-255,7156,13456,78,187178
18862,8.8e-05,172.31.40.0-255,66,13522,78,187178
18863,9.1e-05,172.217.194.0-255,1484,15006,78,187178
18864,9.3e-05,172.31.40.0-255,66,15072,78,187178
18865,0.000116,172.217.194.0-255,5995,21067,78,187178
18866,0.000119,172.31.40.0-255,66,21133,78,187178
18867,0.000126,172.217.194.0-255,7156,28289,78,187178
18868,0.000127,172.31.40.0-255,66,28355,78,187178
18869,0.000145,172.217.194.0-255,2543,30898,78,187178
18870,0.000147,172.31.40.0-255,66,30964,78,187178
18871,0.000183,172.217.194.0-255,1484,32448,78,187178
18872,0.000185,172.31.40.0-255,66,32514,78,187178
18873,0.00019,172.217.194.0-255,2902,35416,78,187178
18874,0.000192,172.31.40.0-255,66,35482,78,187178
18875,0.000194,172.217.194.0-255,1484,36966,78,187178
18876,0.000196,172.31.40.0-255,66,37032,78,187178
18877,0.000222,172.217.194.0-255,4320,41352,78,187178
18878,0.000224,172.31.40.0-255,66,41418,78,187178
18879,0.000231,172.217.194.0-255,7156,48574,78,187178
18880,0.000233,172.31.40.0-255,66,48640,78,187178
18881,0.000244,172.217.194.0-255,2902,51542,78,187178
18882,0.000246,172.31.40.0-255,66,51608,78,187178
18883,0.000309,172.217.194.0-255,5738,57346,78,187178
18884,0.000311,172.31.40.0-255,66,57412,78,187178
18885,0.000335,172.31.40.0-255,66,57478,78,187178
18886,0.000493,172.217.194.0-255,379,57857,78,187178
18887,0.000529,172.217.194.0-255,1484,59341,78,187178
18888,0.000533,172.31.40.0-255,66,59407,78,187178
18889,0.000538,172.217.194.0-255,2902,62309,78,187178
18890,0.000541,172.31.40.0-255,66,62375,78,187178
18891,0.000552,172.217.194.0-255,1484,63859,78,187178
18892,0.000558,172.217.194.0-255,4320,68179,78,187178
18893,0.00056,172.31.40.0-255,66,68245,78,187178
18894,0.000583,172.217.194.0-255,5738,73983,78,187178
18895,0.000586,172.31.40.0-255,66,74049,78,187178
18896,0.000596,172.31.40.0-255,66,74115,78,187178
18897,0.000612,172.217.194.0-255,7156,81271,78,187178
18898,0.000614,172.31.40.0-255,66,81337,78,187178
18899,0.000638,172.217.194.0-255,2184,83521,78,187178
18900,0.00064,172.31.40.0-255,66,83587,78,187178
18901,0.000655,172.217.194.0-255,364,83951,78,187178
18902,0.000747,172.217.194.0-255,1484,85435,78,187178
18903,0.000751,172.31.40.0-255,66,85501,78,187178
18904,0.000756,172.217.194.0-255,2902,88403,78,187178
18905,0.000759,172.31.40.0-255,66,88469,78,187178
18906,0.000764,172.217.194.0-255,5738,94207,78,187178
18907,0.000767,172.31.40.0-255,66,94273,78,187178
18908,0.00077,172.217.194.0-255,1484,95757,78,187178
18909,0.000806,172.31.40.0-255,66,95823,78,187178
18910,0.000812,172.217.194.0-255,4320,100143,78,187178
18911,0.000814,172.31.40.0-255,66,100209,78,187178
18912,0.00082,172.217.194.0-255,5738,105947,78,187178
18913,0.000822,172.31.40.0-255,66,106013,78,187178
18914,0.000825,172.217.194.0-255,766,106779,78,187178
18915,0.001027,172.217.194.0-255,1484,108263,78,187178
18916,0.001031,172.31.40.0-255,66,108329,78,187178
18917,0.001037,172.217.194.0-255,2902,111231,78,187178
18918,0.001039,172.31.40.0-255,66,111297,78,187178
18919,0.001056,172.217.194.0-255,5738,117035,78,187178
18920,0.001059,172.31.40.0-255,66,117101,78,187178
18921,0.001092,172.31.40.0-255,66,117167,78,187178
18922,0.001112,172.217.194.0-255,4320,121487,78,187178
18923,0.001115,172.31.40.0-255,66,121553,78,187178
18924,0.001127,172.31.40.0-255,66,121619,78,187178
18925,0.00124,172.217.194.0-255,1484,123103,78,187178
18926,0.001258,172.217.194.0-255,2902,126005,78,187178
18927,0.001274,172.31.40.0-255,66,126071,78,187178
18928,0.001282,172.217.194.0-255,5738,131809,78,187178
18929,0.001284,172.31.40.0-255,66,131875,78,187178
18930,0.001288,172.217.194.0-255,1484,133359,78,187178
18931,0.001325,172.31.40.0-255,66,133425,78,187178
18932,0.001336,172.31.40.0-255,66,133491,78,187178
18933,0.001339,172.217.194.0-255,766,134257,78,187178
18934,0.001991,172.217.194.0-255,1484,135741,78,187178
18935,0.001997,172.31.40.0-255,66,135807,78,187178
18936,0.002002,172.217.194.0-255,2902,138709,78,187178
18937,0.002004,172.31.40.0-255,66,138775,78,187178
18938,0.00201,172.217.194.0-255,5738,144513,78,187178
18939,0.002012,172.31.40.0-255,66,144579,78,187178
18940,0.002051,172.31.40.0-255,66,144645,78,187178
18941,0.002087,172.31.40.0-255,66,144711,78,187178
18942,0.002104,172.217.194.0-255,2184,146895,78,187178
18943,0.002107,172.31.40.0-255,66,146961,78,187178
18944,0.002131,172.217.194.0-255,1484,148445,78,187178
18945,0.002136,172.217.194.0-255,2902,151347,78,187178
18946,0.002139,172.31.40.0-255,66,151413,78,187178
18947,0.002195,172.217.194.0-255,5738,157151,78,187178
18948,0.002198,172.31.40.0-255,66,157217,78,187178
18949,0.002216,172.31.40.0-255,66,157283,78,187178
18950,0.002227,172.31.40.0-255,66,157349,78,187178
18951,0.002256,172.31.40.0-255,66,157415,78,187178
18952,0.002297,172.31.40.0-255,66,157481,78,187178
18953,0.002309,172.31.40.0-255,66,157547,78,187178
18954,0.002312,172.217.194.0-255,1484,159031,78,187178
18955,0.002369,172.31.40.0-255,66,159097,78,187178
18956,0.002389,172.31.40.0-255,66,159163,78,187178
18957,0.002424,172.31.40.0-255,66,159229,78,187178
18958,0.002426,172.217.194.0-255,766,159995,78,187178
18959,0.004772,172.217.194.0-255,4320,164315,78,187178
18960,0.004781,172.31.40.0-255,66,164381,78,187178
18961,0.007111,172.217.194.0-255,5738,170119,78,187178
18962,0.007115,172.31.40.0-255,66,170185,78,187178
18963,0.009457,172.217.194.0-255,5738,175923,78,187178
18964,0.009463,172.31.40.0-255,66,175989,78,187178
18965,0.011834,172.217.194.0-255,5738,181727,78,187178
18966,0.011855,172.31.40.0-255,66,181793,78,187178
18967,0.014216,172.217.194.0-255,5148,186941,78,187178
18968,0.014231,172.31.40.0-255,66,187007,78,187178
18969,0.017491,172.31.40.0-255,105,187112,78,187178
18970,0.01984,172.217.194.0-255,66,187178,78,187178
18971,0.0,74.125.24.0-255,153,153,78,269692
18972,2.2e-05,172.31.40.0-255,66,219,78,269692
18973,2.9e-05,74.125.24.0-255,1484,1703,78,269692
18974,3.4e-05,172.31.40.0-255,66,1769,78,269692
18975,3.8e-05,74.125.24.0-255,1484,3253,78,269692
18976,4.2e-05,172.31.40.0-255,66,3319,78,269692
18977,6.3e-05,74.125.24.0-255,1484,4803,78,269692
18978,6.6e-05,172.31.40.0-255,66,4869,78,269692
18979,7.5e-05,74.125.24.0-255,7156,12025,78,269692
18980,7.8e-05,172.31.40.0-255,66,12091,78,269692
18981,9.7e-05,74.125.24.0-255,2128,14219,78,269692
18982,0.0001,172.31.40.0-255,66,14285,78,269692
18983,0.000178,74.125.24.0-255,1484,15769,78,269692
18984,0.000182,172.31.40.0-255,66,15835,78,269692
18985,0.000185,74.125.24.0-255,1484,17319,78,269692
18986,0.000188,172.31.40.0-255,66,17385,78,269692
18987,0.000202,74.125.24.0-255,1484,18869,78,269692
18988,0.000204,172.31.40.0-255,66,18935,78,269692
18989,0.000211,74.125.24.0-255,5738,24673,78,269692
18990,0.000213,172.31.40.0-255,66,24739,78,269692
18991,0.000218,74.125.24.0-255,4320,29059,78,269692
18992,0.000222,172.31.40.0-255,66,29125,78,269692
18993,0.00027,74.125.24.0-255,2902,32027,78,269692
18994,0.000273,172.31.40.0-255,66,32093,78,269692
18995,0.000294,172.31.40.0-255,66,32159,78,269692
18996,0.000329,172.31.40.0-255,66,32225,78,269692
18997,0.000664,74.125.24.0-255,1484,33709,78,269692
18998,0.00067,74.125.24.0-255,2902,36611,78,269692
18999,0.000681,172.31.40.0-255,66,36677,78,269692
19000,0.000685,172.31.40.0-255,66,36743,78,269692
19001,0.000692,74.125.24.0-255,5738,42481,78,269692
19002,0.000694,172.31.40.0-255,66,42547,78,269692
19003,0.000713,74.125.24.0-255,2902,45449,78,269692
19004,0.000715,172.31.40.0-255,66,45515,78,269692
19005,0.000743,172.31.40.0-255,66,45581,78,269692
19006,0.000773,74.125.24.0-255,7156,52737,78,269692
19007,0.000775,172.31.40.0-255,66,52803,78,269692
19008,0.00079,74.125.24.0-255,4541,57344,78,269692
19009,0.000793,172.31.40.0-255,66,57410,78,269692
19010,0.000799,74.125.24.0-255,5738,63148,78,269692
19011,0.000801,172.31.40.0-255,66,63214,78,269692
19012,0.000831,74.125.24.0-255,7156,70370,78,269692
19013,0.000835,172.31.40.0-255,66,70436,78,269692
19014,0.000839,74.125.24.0-255,2543,72979,78,269692
19015,0.000841,172.31.40.0-255,66,73045,78,269692
19016,0.001762,74.125.24.0-255,1484,74529,78,269692
19017,0.001773,74.125.24.0-255,2902,77431,78,269692
19018,0.001777,172.31.40.0-255,66,77497,78,269692
19019,0.001798,74.125.24.0-255,5738,83235,78,269692
19020,0.0018,172.31.40.0-255,66,83301,78,269692
19021,0.001832,172.31.40.0-255,66,83367,78,269692
19022,0.001837,74.125.24.0-255,4320,87687,78,269692
19023,0.001839,172.31.40.0-255,66,87753,78,269692
19024,0.001889,74.125.24.0-255,6438,94191,78,269692
19025,0.001893,172.31.40.0-255,66,94257,78,269692
19026,0.002261,74.125.24.0-255,1484,95741,78,269692
19027,0.00227,74.125.24.0-255,2902,98643,78,269692
19028,0.002274,172.31.40.0-255,66,98709,78,269692
19029,0.002295,74.125.24.0-255,2902,101611,78,269692
19030,0.002298,172.31.40.0-255,66,101677,78,269692
19031,0.002303,74.125.24.0-255,4320,105997,78,269692
19032,0.002305,172.31.40.0-255,66,106063,78,269692
19033,0.00231,74.125.24.0-255,2902,108965,78,269692
19034,0.002312,172.31.40.0-255,66,109031,78,269692
19035,0.002338,74.125.24.0-255,5738,114769,78,269692
19036,0.002341,172.31.40.0-255,66,114835,78,269692
19037,0.002347,74.125.24.0-255,4320,119155,78,269692
19038,0.002348,172.31.40.0-255,66,119221,78,269692
19039,0.002386,74.125.24.0-255,4320,123541,78,269692
19040,0.002389,172.31.40.0-255,66,123607,78,269692
19041,0.002409,74.125.24.0-255,5020,128627,78,269692
19042,0.002411,172.31.40.0-255,66,128693,78,269692
19043,0.002473,74.125.24.0-255,1484,130177,78,269692
19044,0.00249,74.125.24.0-255,2902,133079,78,269692
19045,0.002492,172.31.40.0-255,66,133145,78,269692
19046,0.002516,74.125.24.0-255,5738,138883,78,269692
19047,0.002518,172.31.40.0-255,66,138949,78,269692
19048,0.00255,74.125.24.0-255,7156,146105,78,269692
19049,0.002552,172.31.40.0-255,66,146171,78,269692
19050,0.00257,74.125.24.0-255,5738,151909,78,269692
19051,0.002572,172.31.40.0-255,66,151975,78,269692
19052,0.002586,74.125.24.0-255,2902,154877,78,269692
19053,0.002588,172.31.40.0-255,66,154943,78,269692
19054,0.002614,172.31.40.0-255,66,155009,78,269692
19055,0.002621,74.125.24.0-255,7156,162165,78,269692
19056,0.002624,172.31.40.0-255,66,162231,78,269692
19057,0.002653,74.125.24.0-255,4320,166551,78,269692
19058,0.002655,172.31.40.0-255,66,166617,78,269692
19059,0.002666,172.31.40.0-255,66,166683,78,269692
19060,0.005292,74.125.24.0-255,5738,172421,78,269692
19061,0.005295,172.31.40.0-255,66,172487,78,269692
19062,0.007562,172.31.40.0-255,101,172588,78,269692
19063,0.007904,74.125.24.0-255,5738,178326,78,269692
19064,0.007908,172.31.40.0-255,66,178392,78,269692
19065,0.010164,74.125.24.0-255,66,178458,78,269692
19066,0.010527,74.125.24.0-255,5738,184196,78,269692
19067,0.010537,172.31.40.0-255,66,184262,78,269692
19068,0.013161,74.125.24.0-255,5738,190000,78,269692
19069,0.013185,172.31.40.0-255,66,190066,78,269692
19070,0.015819,74.125.24.0-255,5738,195804,78,269692
19071,0.015828,172.31.40.0-255,66,195870,78,269692
19072,0.018478,74.125.24.0-255,5738,201608,78,269692
19073,0.018496,172.31.40.0-255,66,201674,78,269692
19074,0.021175,74.125.24.0-255,5738,207412,78,269692
19075,0.021194,172.31.40.0-255,66,207478,78,269692
19076,0.023872,74.125.24.0-255,5738,213216,78,269692
19077,0.02389,172.31.40.0-255,66,213282,78,269692
19078,0.026569,74.125.24.0-255,5738,219020,78,269692
19079,0.026583,172.31.40.0-255,66,219086,78,269692
19080,0.029282,74.125.24.0-255,5738,224824,78,269692
19081,0.029298,172.31.40.0-255,66,224890,78,269692
19082,0.031951,74.125.24.0-255,5738,230628,78,269692
19083,0.031972,172.31.40.0-255,66,230694,78,269692
19084,0.034641,74.125.24.0-255,5738,236432,78,269692
19085,0.034658,172.31.40.0-255,66,236498,78,269692
19086,0.037288,74.125.24.0-255,5738,242236,78,269692
19087,0.0373,172.31.40.0-255,66,242302,78,269692
19088,0.039911,74.125.24.0-255,5738,248040,78,269692
19089,0.039923,172.31.40.0-255,66,248106,78,269692
19090,0.040852,172.31.40.0-255,172,248278,78,269692
19091,0.040892,172.31.40.0-255,1103,249381,78,269692
19092,0.040956,172.31.40.0-255,1514,250895,78,269692
19093,0.040958,172.31.40.0-255,1187,252082,78,269692
19094,0.042422,104.244.42.0-255,66,252148,78,269692
19095,0.042465,104.244.42.0-255,66,252214,78,269692
19096,0.04253,104.244.42.0-255,66,252280,78,269692
19097,0.042542,74.125.24.0-255,5738,258018,78,269692
19098,0.042547,172.31.40.0-255,66,258084,78,269692
19099,0.045235,74.125.24.0-255,5738,263822,78,269692
19100,0.045253,172.31.40.0-255,66,263888,78,269692
19101,0.047977,74.125.24.0-255,5738,269626,78,269692
19102,0.047985,172.31.40.0-255,66,269692,78,269692
19103,0.0,216.58.221.0-255,152,152,78,230284
19104,2.4e-05,172.31.40.0-255,66,218,78,230284
19105,3.1e-05,216.58.221.0-255,1484,1702,78,230284
19106,3.6e-05,172.31.40.0-255,66,1768,78,230284
19107,5e-05,216.58.221.0-255,2902,4670,78,230284
19108,5.4e-05,172.31.40.0-255,66,4736,78,230284
19109,6e-05,216.58.221.0-255,5738,10474,78,230284
19110,6.4e-05,172.31.40.0-255,66,10540,78,230284
19111,8.4e-05,216.58.221.0-255,2902,13442,78,230284
19112,8.7e-05,172.31.40.0-255,66,13508,78,230284
19113,0.000115,216.58.221.0-255,708,14216,78,230284
19114,0.000117,172.31.40.0-255,66,14282,78,230284
19115,0.000124,216.58.221.0-255,4320,18602,78,230284
19116,0.000126,172.31.40.0-255,66,18668,78,230284
19117,0.000134,216.58.221.0-255,7156,25824,78,230284
19118,0.000136,172.31.40.0-255,66,25890,78,230284
19119,0.000189,216.58.221.0-255,5379,31269,78,230284
19120,0.000193,172.31.40.0-255,66,31335,78,230284
19121,0.000329,216.58.221.0-255,1484,32819,78,230284
19122,0.000334,172.31.40.0-255,66,32885,78,230284
19123,0.000339,216.58.221.0-255,2902,35787,78,230284
19124,0.000342,172.31.40.0-255,66,35853,78,230284
19125,0.000347,216.58.221.0-255,2902,38755,78,230284
19126,0.000354,172.31.40.0-255,66,38821,78,230284
19127,0.00038,216.58.221.0-255,2902,41723,78,230284
19128,0.000383,172.31.40.0-255,66,41789,78,230284
19129,0.000394,216.58.221.0-255,6797,48586,78,230284
19130,0.000397,172.31.40.0-255,66,48652,78,230284
19131,0.00053,216.58.221.0-255,1484,50136,78,230284
19132,0.000535,172.31.40.0-255,66,50202,78,230284
19133,0.00054,216.58.221.0-255,2902,53104,78,230284
19134,0.000543,172.31.40.0-255,66,53170,78,230284
19135,0.000557,216.58.221.0-255,5738,58908,78,230284
19136,0.00056,172.31.40.0-255,66,58974,78,230284
19137,0.000592,216.58.221.0-255,7124,66098,78,230284
19138,0.000595,172.31.40.0-255,66,66164,78,230284
19139,0.001131,216.58.221.0-255,115,66279,78,230284
19140,0.001153,172.31.40.0-255,66,66345,78,230284
19141,0.001279,216.58.221.0-255,1484,67829,78,230284
19142,0.001287,216.58.221.0-255,2902,70731,78,230284
19143,0.001291,172.31.40.0-255,66,70797,78,230284
19144,0.001299,216.58.221.0-255,5738,76535,78,230284
19145,0.001301,172.31.40.0-255,66,76601,78,230284
19146,0.001341,216.58.221.0-255,6797,83398,78,230284
19147,0.001344,172.31.40.0-255,66,83464,78,230284
19148,0.001369,216.58.221.0-255,2902,86366,78,230284
19149,0.001372,172.31.40.0-255,66,86432,78,230284
19150,0.0014,216.58.221.0-255,4320,90752,78,230284
19151,0.001402,172.31.40.0-255,66,90818,78,230284
19152,0.001418,172.31.40.0-255,66,90884,78,230284
19153,0.001447,216.58.221.0-255,1390,92274,78,230284
19154,0.003482,216.58.221.0-255,1484,93758,78,230284
19155,0.003489,172.31.40.0-255,66,93824,78,230284
19156,0.003496,216.58.221.0-255,2902,96726,78,230284
19157,0.003498,172.31.40.0-255,66,96792,78,230284
19158,0.005436,216.58.221.0-255,5738,102530,78,230284
19159,0.005443,172.31.40.0-255,66,102596,78,230284
19160,0.00741,216.58.221.0-255,5738,108334,78,230284
19161,0.007417,172.31.40.0-255,66,108400,78,230284
19162,0.009366,216.58.221.0-255,5738,114138,78,230284
19163,0.009372,172.31.40.0-255,66,114204,78,230284
19164,0.01132,216.58.221.0-255,5738,119942,78,230284
19165,0.011327,172.31.40.0-255,66,120008,78,230284
19166,0.013273,216.58.221.0-255,5738,125746,78,230284
19167,0.013281,172.31.40.0-255,66,125812,78,230284
19168,0.015237,216.58.221.0-255,5738,131550,78,230284
19169,0.015243,172.31.40.0-255,66,131616,78,230284
19170,0.017192,216.58.221.0-255,5738,137354,78,230284
19171,0.017199,172.31.40.0-255,66,137420,78,230284
19172,0.019152,216.58.221.0-255,5738,143158,78,230284
19173,0.019159,172.31.40.0-255,66,143224,78,230284
19174,0.0211,216.58.221.0-255,5738,148962,78,230284
19175,0.021107,172.31.40.0-255,66,149028,78,230284
19176,0.023061,216.58.221.0-255,5738,154766,78,230284
19177,0.023069,172.31.40.0-255,66,154832,78,230284
19178,0.025024,216.58.221.0-255,5738,160570,78,230284
19179,0.02503,172.31.40.0-255,66,160636,78,230284
19180,0.026981,216.58.221.0-255,5738,166374,78,230284
19181,0.026988,172.31.40.0-255,66,166440,78,230284
19182,0.028932,216.58.221.0-255,5738,172178,78,230284
19183,0.028939,172.31.40.0-255,66,172244,78,230284
19184,0.030912,216.58.221.0-255,5738,177982,78,230284
19185,0.03092,172.31.40.0-255,66,178048,78,230284
19186,0.032875,216.58.221.0-255,5738,183786,78,230284
19187,0.032883,172.31.40.0-255,66,183852,78,230284
19188,0.034869,216.58.221.0-255,5738,189590,78,230284
19189,0.034876,172.31.40.0-255,66,189656,78,230284
19190,0.036827,216.58.221.0-255,5738,195394,78,230284
19191,0.036834,172.31.40.0-255,66,195460,78,230284
19192,0.038776,216.58.221.0-255,5738,201198,78,230284
19193,0.038783,172.31.40.0-255,66,201264,78,230284
19194,0.040733,216.58.221.0-255,5738,207002,78,230284
19195,0.040744,172.31.40.0-255,66,207068,78,230284
19196,0.042844,216.58.221.0-255,5738,212806,78,230284
19197,0.042862,172.31.40.0-255,66,212872,78,230284
19198,0.044823,216.58.221.0-255,5738,218610,78,230284
19199,0.04484,172.31.40.0-255,66,218676,78,230284
19200,0.04679,216.58.221.0-255,5738,224414,78,230284
19201,0.046799,172.31.40.0-255,66,224480,78,230284
19202,0.048753,216.58.221.0-255,5738,230218,78,230284
19203,0.04876,172.31.40.0-255,66,230284,78,230284
19204,0.0,74.125.24.0-255,150,150,78,277797
19205,2.2e-05,172.31.40.0-255,66,216,78,277797
19206,2.9e-05,74.125.24.0-255,1484,1700,78,277797
19207,3.4e-05,172.31.40.0-255,66,1766,78,277797
19208,4e-05,74.125.24.0-255,2902,4668,78,277797
19209,5.1e-05,172.31.40.0-255,66,4734,78,277797
19210,6e-05,74.125.24.0-255,7156,11890,78,277797
19211,6.3e-05,172.31.40.0-255,66,11956,78,277797
19212,6.7e-05,74.125.24.0-255,2135,14091,78,277797
19213,7e-05,172.31.40.0-255,66,14157,78,277797
19214,7.4e-05,74.125.24.0-255,1484,15641,78,277797
19215,7.6e-05,172.31.40.0-255,66,15707,78,277797
19216,0.000126,172.31.40.0-255,66,15773,78,277797
19217,0.000133,74.125.24.0-255,5379,21152,78,277797
19218,0.000135,172.31.40.0-255,66,21218,78,277797
19219,0.000544,74.125.24.0-255,1484,22702,78,277797
19220,0.000548,74.125.24.0-255,1484,24186,78,277797
19221,0.000559,172.31.40.0-255,66,24252,78,277797
19222,0.000563,172.31.40.0-255,66,24318,78,277797
19223,0.000567,74.125.24.0-255,1484,25802,78,277797
19224,0.000569,172.31.40.0-255,66,25868,78,277797
19225,0.000579,74.125.24.0-255,4320,30188,78,277797
19226,0.000582,172.31.40.0-255,66,30254,78,277797
19227,0.000603,74.125.24.0-255,5738,35992,78,277797
19228,0.000605,172.31.40.0-255,66,36058,78,277797
19229,0.000634,74.125.24.0-255,3961,40019,78,277797
19230,0.000637,172.31.40.0-255,66,40085,78,277797
19231,0.00065,172.31.40.0-255,66,40151,78,277797
19232,0.000684,74.125.24.0-255,4259,44410,78,277797
19233,0.000687,172.31.40.0-255,66,44476,78,277797
19234,0.000728,74.125.24.0-255,380,44856,78,277797
19235,0.000821,74.125.24.0-255,1484,46340,78,277797
19236,0.000826,172.31.40.0-255,66,46406,78,277797
19237,0.000831,74.125.24.0-255,2902,49308,78,277797
19238,0.000833,172.31.40.0-255,66,49374,78,277797
19239,0.000866,74.125.24.0-255,5738,55112,78,277797
19240,0.000868,172.31.40.0-255,66,55178,78,277797
19241,0.000874,74.125.24.0-255,5738,60916,78,277797
19242,0.000876,172.31.40.0-255,66,60982,78,277797
19243,0.000904,74.125.24.0-255,1125,62107,78,277797
19244,0.000911,74.125.24.0-255,7156,69263,78,277797
19245,0.000913,172.31.40.0-255,66,69329,78,277797
19246,0.000926,74.125.24.0-255,4320,73649,78,277797
19247,0.000932,172.31.40.0-255,66,73715,78,277797
19248,0.000959,74.125.24.0-255,5379,79094,78,277797
19249,0.000962,172.31.40.0-255,66,79160,78,277797
19250,0.001692,74.125.24.0-255,1484,80644,78,277797
19251,0.0017,74.125.24.0-255,2902,83546,78,277797
19252,0.001704,172.31.40.0-255,66,83612,78,277797
19253,0.001711,74.125.24.0-255,5738,89350,78,277797
19254,0.001713,172.31.40.0-255,66,89416,78,277797
19255,0.001758,172.31.40.0-255,66,89482,78,277797
19256,0.001764,74.125.24.0-255,5738,95220,78,277797
19257,0.001765,172.31.40.0-255,66,95286,78,277797
19258,0.001793,74.125.24.0-255,1484,96770,78,277797
19259,0.001809,74.125.24.0-255,3602,100372,78,277797
19260,0.001812,172.31.40.0-255,66,100438,78,277797
19261,0.00183,74.125.24.0-255,5738,106176,78,277797
19262,0.001832,172.31.40.0-255,66,106242,78,277797
19263,0.001836,74.125.24.0-255,2902,109144,78,277797
19264,0.001838,172.31.40.0-255,66,109210,78,277797
19265,0.001873,74.125.24.0-255,7156,116366,78,277797
19266,0.001875,172.31.40.0-255,66,116432,78,277797
19267,0.001882,74.125.24.0-255,7156,123588,78,277797
19268,0.001884,172.31.40.0-255,66,123654,78,277797
19269,0.001918,172.31.40.0-255,66,123720,78,277797
19270,0.001921,74.125.24.0-255,766,124486,78,277797
19271,0.002013,74.125.24.0-255,1484,125970,78,277797
19272,0.002016,172.31.40.0-255,66,126036,78,277797
19273,0.002021,74.125.24.0-255,2902,128938,78,277797
19274,0.002023,172.31.40.0-255,66,129004,78,277797
19275,0.002026,74.125.24.0-255,1484,130488,78,277797
19276,0.002055,74.125.24.0-255,4320,134808,78,277797
19277,0.002057,172.31.40.0-255,66,134874,78,277797
19278,0.002062,74.125.24.0-255,4320,139194,78,277797
19279,0.002063,172.31.40.0-255,66,139260,78,277797
19280,0.00207,74.125.24.0-255,7156,146416,78,277797
19281,0.002076,172.31.40.0-255,66,146482,78,277797
19282,0.002094,74.125.24.0-255,4320,150802,78,277797
19283,0.002096,172.31.40.0-255,66,150868,78,277797
19284,0.002105,172.31.40.0-255,66,150934,78,277797
19285,0.002316,74.125.24.0-255,1484,152418,78,277797
19286,0.002322,74.125.24.0-255,2902,155320,78,277797
19287,0.002325,172.31.40.0-255,66,155386,78,277797
19288,0.004373,74.125.24.0-255,1484,156870,78,277797
19289,0.004621,74.125.24.0-255,4320,161190,78,277797
19290,0.004625,172.31.40.0-255,66,161256,78,277797
19291,0.006886,74.125.24.0-255,5738,166994,78,277797
19292,0.006891,172.31.40.0-255,66,167060,78,277797
19293,0.009201,74.125.24.0-255,5738,172798,78,277797
19294,0.009209,172.31.40.0-255,66,172864,78,277797
19295,0.011522,74.125.24.0-255,5738,178602,78,277797
19296,0.011531,172.31.40.0-255,66,178668,78,277797
19297,0.013796,74.125.24.0-255,5738,184406,78,277797
19298,0.013804,172.31.40.0-255,66,184472,78,277797
19299,0.016089,74.125.24.0-255,5738,190210,78,277797
19300,0.016097,172.31.40.0-255,66,190276,78,277797
19301,0.018348,74.125.24.0-255,5738,196014,78,277797
19302,0.018357,172.31.40.0-255,66,196080,78,277797
19303,0.020642,74.125.24.0-255,5738,201818,78,277797
19304,0.020653,172.31.40.0-255,66,201884,78,277797
19305,0.022929,74.125.24.0-255,5738,207622,78,277797
19306,0.022946,172.31.40.0-255,66,207688,78,277797
19307,0.025231,74.125.24.0-255,5738,213426,78,277797
19308,0.025247,172.31.40.0-255,66,213492,78,277797
19309,0.027576,74.125.24.0-255,5738,219230,78,277797
19310,0.027594,172.31.40.0-255,66,219296,78,277797
19311,0.029901,74.125.24.0-255,5738,225034,78,277797
19312,0.029918,172.31.40.0-255,66,225100,78,277797
19313,0.032171,74.125.24.0-255,5738,230838,78,277797
19314,0.032179,172.31.40.0-255,66,230904,78,277797
19315,0.034474,74.125.24.0-255,5738,236642,78,277797
19316,0.034488,172.31.40.0-255,66,236708,78,277797
19317,0.036746,74.125.24.0-255,5738,242446,78,277797
19318,0.036755,172.31.40.0-255,66,242512,78,277797
19319,0.037942,172.31.40.0-255,172,242684,78,277797
19320,0.037976,172.31.40.0-255,1103,243787,78,277797
19321,0.038057,172.31.40.0-255,1514,245301,78,277797
19322,0.038078,172.31.40.0-255,1514,246815,78,277797
19323,0.03808,172.31.40.0-255,1514,248329,78,277797
19324,0.038103,172.31.40.0-255,118,248447,78,277797
19325,0.039014,74.125.24.0-255,5738,254185,78,277797
19326,0.039021,172.31.40.0-255,66,254251,78,277797
19327,0.039514,104.244.42.0-255,66,254317,78,277797
19328,0.039631,104.244.42.0-255,66,254383,78,277797
19329,0.03966,104.244.42.0-255,66,254449,78,277797
19330,0.039753,104.244.42.0-255,66,254515,78,277797
19331,0.039773,104.244.42.0-255,66,254581,78,277797
19332,0.041339,74.125.24.0-255,5738,260319,78,277797
19333,0.041345,172.31.40.0-255,66,260385,78,277797
19334,0.04367,74.125.24.0-255,5738,266123,78,277797
19335,0.04368,172.31.40.0-255,66,266189,78,277797
19336,0.045977,74.125.24.0-255,5738,271927,78,277797
19337,0.045984,172.31.40.0-255,66,271993,78,277797
19338,0.04829,74.125.24.0-255,5738,277731,78,277797
19339,0.048302,172.31.40.0-255,66,277797,78,277797
19340,0.0,172.217.194.0-255,152,152,78,219981
19341,2.4e-05,172.31.40.0-255,66,218,78,219981
19342,3.1e-05,172.217.194.0-255,1484,1702,78,219981
19343,3.6e-05,172.31.40.0-255,66,1768,78,219981
19344,4.2e-05,172.217.194.0-255,2902,4670,78,219981
19345,4.5e-05,172.31.40.0-255,66,4736,78,219981
19346,7.3e-05,172.217.194.0-255,5738,10474,78,219981
19347,7.6e-05,172.31.40.0-255,66,10540,78,219981
19348,0.000104,172.217.194.0-255,3430,13970,78,219981
19349,0.000107,172.31.40.0-255,66,14036,78,219981
19350,0.000177,172.217.194.0-255,1484,15520,78,219981
19351,0.00018,172.31.40.0-255,66,15586,78,219981
19352,0.000185,172.217.194.0-255,2902,18488,78,219981
19353,0.000187,172.31.40.0-255,66,18554,78,219981
19354,0.000204,172.217.194.0-255,5738,24292,78,219981
19355,0.000207,172.31.40.0-255,66,24358,78,219981
19356,0.000258,172.31.40.0-255,66,24424,78,219981
19357,0.000284,172.217.194.0-255,5379,29803,78,219981
19358,0.000286,172.31.40.0-255,66,29869,78,219981
19359,0.000302,172.31.40.0-255,66,29935,78,219981
19360,0.000312,172.31.40.0-255,66,30001,78,219981
19361,0.000329,172.217.194.0-255,3914,33915,78,219981
19362,0.000331,172.31.40.0-255,66,33981,78,219981
19363,0.000459,172.217.194.0-255,100,34081,78,219981
19364,0.000463,172.31.40.0-255,66,34147,78,219981
19365,0.000601,172.217.194.0-255,1484,35631,78,219981
19366,0.000606,172.31.40.0-255,66,35697,78,219981
19367,0.000626,172.217.194.0-255,2902,38599,78,219981
19368,0.00063,172.31.40.0-255,66,38665,78,219981
19369,0.000635,172.217.194.0-255,4320,42985,78,219981
19370,0.000637,172.31.40.0-255,66,43051,78,219981
19371,0.000649,172.217.194.0-255,1484,44535,78,219981
19372,0.000675,172.217.194.0-255,7156,51691,78,219981
19373,0.000678,172.31.40.0-255,66,51757,78,219981
19374,0.000681,172.217.194.0-255,1484,53241,78,219981
19375,0.000687,172.217.194.0-255,4320,57561,78,219981
19376,0.000689,172.31.40.0-255,66,57627,78,219981
19377,0.000705,172.217.194.0-255,1484,59111,78,219981
19378,0.000728,172.217.194.0-255,5738,64849,78,219981
19379,0.000733,172.31.40.0-255,66,64915,78,219981
19380,0.000743,172.217.194.0-255,3318,68233,78,219981
19381,0.000745,172.31.40.0-255,66,68299,78,219981
19382,0.000802,172.217.194.0-255,1484,69783,78,219981
19383,0.000808,172.217.194.0-255,2902,72685,78,219981
19384,0.000811,172.31.40.0-255,66,72751,78,219981
19385,0.000818,172.217.194.0-255,5738,78489,78,219981
19386,0.00082,172.31.40.0-255,66,78555,78,219981
19387,0.000856,172.217.194.0-255,7156,85711,78,219981
19388,0.00086,172.31.40.0-255,66,85777,78,219981
19389,0.000878,172.217.194.0-255,5738,91515,78,219981
19390,0.000881,172.31.40.0-255,66,91581,78,219981
19391,0.000893,172.31.40.0-255,66,91647,78,219981
19392,0.000903,172.31.40.0-255,66,91713,78,219981
19393,0.000908,172.217.194.0-255,2902,94615,78,219981
19394,0.00091,172.31.40.0-255,66,94681,78,219981
19395,0.000933,172.217.194.0-255,6797,101478,78,219981
19396,0.000938,172.217.194.0-255,2902,104380,78,219981
19397,0.000942,172.31.40.0-255,66,104446,78,219981
19398,0.000949,172.31.40.0-255,66,104512,78,219981
19399,0.000982,172.31.40.0-255,66,104578,78,219981
19400,0.001022,172.217.194.0-255,1484,106062,78,219981
19401,0.001026,172.31.40.0-255,66,106128,78,219981
19402,0.001055,172.31.40.0-255,66,106194,78,219981
19403,0.00106,172.217.194.0-255,3961,110155,78,219981
19404,0.001062,172.31.40.0-255,66,110221,78,219981
19405,0.001099,172.217.194.0-255,1484,111705,78,219981
19406,0.001103,172.217.194.0-255,1484,113189,78,219981
19407,0.001105,172.31.40.0-255,66,113255,78,219981
19408,0.00112,172.217.194.0-255,1484,114739,78,219981
19409,0.001127,172.217.194.0-255,5738,120477,78,219981
19410,0.001131,172.31.40.0-255,66,120543,78,219981
19411,0.00115,172.217.194.0-255,2902,123445,78,219981
19412,0.001153,172.31.40.0-255,66,123511,78,219981
19413,0.001184,172.31.40.0-255,66,123577,78,219981
19414,0.001198,172.31.40.0-255,66,123643,78,219981
19415,0.001334,172.217.194.0-255,1484,125127,78,219981
19416,0.001341,172.217.194.0-255,2902,128029,78,219981
19417,0.001344,172.31.40.0-255,66,128095,78,219981
19418,0.001374,172.217.194.0-255,5738,133833,78,219981
19419,0.001377,172.31.40.0-255,66,133899,78,219981
19420,0.001382,172.217.194.0-255,4320,138219,78,219981
19421,0.001385,172.31.40.0-255,66,138285,78,219981
19422,0.001395,172.217.194.0-255,4320,142605,78,219981
19423,0.001397,172.31.40.0-255,66,142671,78,219981
19424,0.001415,172.217.194.0-255,7156,149827,78,219981
19425,0.001417,172.31.40.0-255,66,149893,78,219981
19426,0.001425,172.217.194.0-255,7156,157049,78,219981
19427,0.001428,172.31.40.0-255,66,157115,78,219981
19428,0.001441,172.217.194.0-255,766,157881,78,219981
19429,0.001619,172.217.194.0-255,1484,159365,78,219981
19430,0.001623,172.31.40.0-255,66,159431,78,219981
19431,0.001644,172.217.194.0-255,2902,162333,78,219981
19432,0.001646,172.31.40.0-255,66,162399,78,219981
19433,0.001652,172.217.194.0-255,5738,168137,78,219981
19434,0.001654,172.31.40.0-255,66,168203,78,219981
19435,0.001679,172.217.194.0-255,5738,173941,78,219981
19436,0.001682,172.31.40.0-255,66,174007,78,219981
19437,0.001706,172.217.194.0-255,7156,181163,78,219981
19438,0.001709,172.31.40.0-255,66,181229,78,219981
19439,0.001715,172.217.194.0-255,5738,186967,78,219981
19440,0.001718,172.31.40.0-255,66,187033,78,219981
19441,0.00174,172.217.194.0-255,5020,192053,78,219981
19442,0.001743,172.31.40.0-255,66,192119,78,219981
19443,0.001798,172.217.194.0-255,1484,193603,78,219981
19444,0.001803,172.217.194.0-255,2902,196505,78,219981
19445,0.001806,172.31.40.0-255,66,196571,78,219981
19446,0.001813,172.217.194.0-255,5738,202309,78,219981
19447,0.001815,172.31.40.0-255,66,202375,78,219981
19448,0.001818,172.217.194.0-255,1484,203859,78,219981
19449,0.001857,172.31.40.0-255,66,203925,78,219981
19450,0.001862,172.217.194.0-255,2902,206827,78,219981
19451,0.001865,172.31.40.0-255,66,206893,78,219981
19452,0.0019,172.31.40.0-255,66,206959,78,219981
19453,0.001914,172.31.40.0-255,66,207025,78,219981
19454,0.001948,172.217.194.0-255,4320,211345,78,219981
19455,0.001952,172.31.40.0-255,66,211411,78,219981
19456,0.001966,172.31.40.0-255,66,211477,78,219981
19457,0.001995,172.217.194.0-255,5738,217215,78,219981
19458,0.001998,172.31.40.0-255,66,217281,78,219981
19459,0.002035,172.31.40.0-255,66,217347,78,219981
19460,0.002054,172.217.194.0-255,2226,219573,78,219981
19461,0.002056,172.217.194.0-255,105,219678,78,219981
19462,0.002061,172.31.40.0-255,66,219744,78,219981
19463,0.004474,172.31.40.0-255,66,219810,78,219981
19464,0.004507,172.31.40.0-255,105,219915,78,219981
19465,0.00674,172.217.194.0-255,66,219981,78,219981
19466,0.0,74.125.24.0-255,146,146,78,232926
19467,1.4e-05,172.31.40.0-255,66,212,78,232926
19468,2.1e-05,74.125.24.0-255,1484,1696,78,232926
19469,2.5e-05,172.31.40.0-255,66,1762,78,232926
19470,3.1e-05,74.125.24.0-255,2902,4664,78,232926
19471,4.1e-05,172.31.40.0-255,66,4730,78,232926
19472,4.8e-05,74.125.24.0-255,7156,11886,78,232926
19473,5.2e-05,172.31.40.0-255,66,11952,78,232926
19474,5.6e-05,74.125.24.0-255,1983,13935,78,232926
19475,5.9e-05,172.31.40.0-255,66,14001,78,232926
19476,9.5e-05,74.125.24.0-255,2902,16903,78,232926
19477,9.8e-05,172.31.40.0-255,66,16969,78,232926
19478,0.000106,74.125.24.0-255,7156,24125,78,232926
19479,0.000108,172.31.40.0-255,66,24191,78,232926
19480,0.000113,74.125.24.0-255,2902,27093,78,232926
19481,0.00012,172.31.40.0-255,66,27159,78,232926
19482,0.00013,74.125.24.0-255,1484,28643,78,232926
19483,0.000132,172.31.40.0-255,66,28709,78,232926
19484,0.000162,74.125.24.0-255,2543,31252,78,232926
19485,0.000164,172.31.40.0-255,66,31318,78,232926
19486,0.000283,74.125.24.0-255,1484,32802,78,232926
19487,0.000287,172.31.40.0-255,66,32868,78,232926
19488,0.000292,74.125.24.0-255,2902,35770,78,232926
19489,0.000295,172.31.40.0-255,66,35836,78,232926
19490,0.000299,74.125.24.0-255,2902,38738,78,232926
19491,0.000301,172.31.40.0-255,66,38804,78,232926
19492,0.000333,74.125.24.0-255,2902,41706,78,232926
19493,0.000335,172.31.40.0-255,66,41772,78,232926
19494,0.000341,74.125.24.0-255,4320,46092,78,232926
19495,0.000343,172.31.40.0-255,66,46158,78,232926
19496,0.000362,172.31.40.0-255,66,46224,78,232926
19497,0.000369,74.125.24.0-255,7130,53354,78,232926
19498,0.000372,172.31.40.0-255,66,53420,78,232926
19499,0.000584,74.125.24.0-255,109,53529,78,232926
19500,0.000755,74.125.24.0-255,1484,55013,78,232926
19501,0.00076,172.31.40.0-255,66,55079,78,232926
19502,0.000766,74.125.24.0-255,2902,57981,78,232926
19503,0.000769,172.31.40.0-255,66,58047,78,232926
19504,0.000772,74.125.24.0-255,1484,59531,78,232926
19505,0.000795,74.125.24.0-255,4320,63851,78,232926
19506,0.000802,172.31.40.0-255,66,63917,78,232926
19507,0.000844,172.31.40.0-255,66,63983,78,232926
19508,0.00087,74.125.24.0-255,1125,65108,78,232926
19509,0.000877,74.125.24.0-255,5738,70846,78,232926
19510,0.000879,172.31.40.0-255,66,70912,78,232926
19511,0.000884,74.125.24.0-255,3961,74873,78,232926
19512,0.000886,172.31.40.0-255,66,74939,78,232926
19513,0.001942,74.125.24.0-255,1484,76423,78,232926
19514,0.001951,74.125.24.0-255,2902,79325,78,232926
19515,0.001955,172.31.40.0-255,66,79391,78,232926
19516,0.001963,74.125.24.0-255,5738,85129,78,232926
19517,0.001965,172.31.40.0-255,66,85195,78,232926
19518,0.002011,172.31.40.0-255,66,85261,78,232926
19519,0.002018,74.125.24.0-255,7156,92417,78,232926
19520,0.00202,172.31.40.0-255,66,92483,78,232926
19521,0.002042,74.125.24.0-255,2902,95385,78,232926
19522,0.002044,172.31.40.0-255,66,95451,78,232926
19523,0.002047,74.125.24.0-255,766,96217,78,232926
19524,0.003995,74.125.24.0-255,1484,97701,78,232926
19525,0.004001,172.31.40.0-255,66,97767,78,232926
19526,0.004057,74.125.24.0-255,2902,100669,78,232926
19527,0.004059,172.31.40.0-255,66,100735,78,232926
19528,0.006,74.125.24.0-255,2902,103637,78,232926
19529,0.006005,172.31.40.0-255,66,103703,78,232926
19530,0.006043,74.125.24.0-255,1484,105187,78,232926
19531,0.006056,74.125.24.0-255,1484,106671,78,232926
19532,0.006059,172.31.40.0-255,66,106737,78,232926
19533,0.008003,74.125.24.0-255,2902,109639,78,232926
19534,0.008008,172.31.40.0-255,66,109705,78,232926
19535,0.008038,74.125.24.0-255,2902,112607,78,232926
19536,0.00804,172.31.40.0-255,66,112673,78,232926
19537,0.010014,74.125.24.0-255,5738,118411,78,232926
19538,0.01002,172.31.40.0-255,66,118477,78,232926
19539,0.012025,74.125.24.0-255,5738,124215,78,232926
19540,0.012033,172.31.40.0-255,66,124281,78,232926
19541,0.014015,74.125.24.0-255,5738,130019,78,232926
19542,0.014024,172.31.40.0-255,66,130085,78,232926
19543,0.016005,74.125.24.0-255,5738,135823,78,232926
19544,0.016011,172.31.40.0-255,66,135889,78,232926
19545,0.018024,74.125.24.0-255,5738,141627,78,232926
19546,0.018033,172.31.40.0-255,66,141693,78,232926
19547,0.020032,74.125.24.0-255,5738,147431,78,232926
19548,0.020039,172.31.40.0-255,66,147497,78,232926
19549,0.022041,74.125.24.0-255,5738,153235,78,232926
19550,0.022049,172.31.40.0-255,66,153301,78,232926
19551,0.024023,74.125.24.0-255,5738,159039,78,232926
19552,0.02403,172.31.40.0-255,66,159105,78,232926
19553,0.024833,172.31.40.0-255,172,159277,78,232926
19554,0.024865,172.31.40.0-255,1104,160381,78,232926
19555,0.024924,172.31.40.0-255,1514,161895,78,232926
19556,0.024926,172.31.40.0-255,1185,163080,78,232926
19557,0.026038,74.125.24.0-255,5738,168818,78,232926
19558,0.026045,172.31.40.0-255,66,168884,78,232926
19559,0.026401,104.244.42.0-255,66,168950,78,232926
19560,0.02644,104.244.42.0-255,66,169016,78,232926
19561,0.026482,104.244.42.0-255,66,169082,78,232926
19562,0.028026,74.125.24.0-255,5738,174820,78,232926
19563,0.028033,172.31.40.0-255,66,174886,78,232926
19564,0.030065,74.125.24.0-255,5738,180624,78,232926
19565,0.030071,172.31.40.0-255,66,180690,78,232926
19566,0.032089,74.125.24.0-255,5738,186428,78,232926
19567,0.032095,172.31.40.0-255,66,186494,78,232926
19568,0.034112,74.125.24.0-255,5738,192232,78,232926
19569,0.034119,172.31.40.0-255,66,192298,78,232926
19570,0.036169,74.125.24.0-255,5738,198036,78,232926
19571,0.036176,172.31.40.0-255,66,198102,78,232926
19572,0.038171,74.125.24.0-255,5738,203840,78,232926
19573,0.038178,172.31.40.0-255,66,203906,78,232926
19574,0.040187,74.125.24.0-255,5738,209644,78,232926
19575,0.040193,172.31.40.0-255,66,209710,78,232926
19576,0.042174,74.125.24.0-255,5738,215448,78,232926
19577,0.04218,172.31.40.0-255,66,215514,78,232926
19578,0.044209,74.125.24.0-255,5738,221252,78,232926
19579,0.044225,172.31.40.0-255,66,221318,78,232926
19580,0.04622,74.125.24.0-255,5738,227056,78,232926
19581,0.04624,172.31.40.0-255,66,227122,78,232926
19582,0.04826,74.125.24.0-255,5738,232860,78,232926
19583,0.048278,172.31.40.0-255,66,232926,78,232926
19584,0.0,74.125.130.0-255,153,153,78,258188
19585,2.3e-05,172.31.40.0-255,66,219,78,258188
19586,3.1e-05,74.125.130.0-255,1484,1703,78,258188
19587,3.6e-05,172.31.40.0-255,66,1769,78,258188
19588,5.7e-05,74.125.130.0-255,2902,4671,78,258188
19589,6e-05,172.31.40.0-255,66,4737,78,258188
19590,6.4e-05,74.125.130.0-255,2902,7639,78,258188
19591,6.7e-05,172.31.40.0-255,66,7705,78,258188
19592,7.2e-05,74.125.130.0-255,2902,10607,78,258188
19593,7.4e-05,172.31.40.0-255,66,10673,78,258188
19594,9e-05,74.125.130.0-255,1484,12157,78,258188
19595,9.3e-05,172.31.40.0-255,66,12223,78,258188
19596,0.000119,74.125.130.0-255,1948,14171,78,258188
19597,0.000121,172.31.40.0-255,66,14237,78,258188
19598,0.000222,74.125.130.0-255,1484,15721,78,258188
19599,0.000226,172.31.40.0-255,66,15787,78,258188
19600,0.00023,74.125.130.0-255,1484,17271,78,258188
19601,0.000233,172.31.40.0-255,66,17337,78,258188
19602,0.000245,74.125.130.0-255,1484,18821,78,258188
19603,0.000247,172.31.40.0-255,66,18887,78,258188
19604,0.00025,74.125.130.0-255,1484,20371,78,258188
19605,0.000253,172.31.40.0-255,66,20437,78,258188
19606,0.000283,74.125.130.0-255,4320,24757,78,258188
19607,0.000286,172.31.40.0-255,66,24823,78,258188
19608,0.000289,74.125.130.0-255,1484,26307,78,258188
19609,0.000291,172.31.40.0-255,66,26373,78,258188
19610,0.000295,74.125.130.0-255,2902,29275,78,258188
19611,0.000297,172.31.40.0-255,66,29341,78,258188
19612,0.000326,74.125.130.0-255,3961,33302,78,258188
19613,0.000329,172.31.40.0-255,66,33368,78,258188
19614,0.000334,74.125.130.0-255,4320,37688,78,258188
19615,0.000336,172.31.40.0-255,66,37754,78,258188
19616,0.00038,74.125.130.0-255,1484,39238,78,258188
19617,0.000383,74.125.130.0-255,1125,40363,78,258188
19618,0.000466,172.31.40.0-255,66,40429,78,258188
19619,0.001248,74.125.130.0-255,1484,41913,78,258188
19620,0.00126,74.125.130.0-255,2902,44815,78,258188
19621,0.001265,172.31.40.0-255,66,44881,78,258188
19622,0.001271,74.125.130.0-255,2902,47783,78,258188
19623,0.001273,172.31.40.0-255,66,47849,78,258188
19624,0.001291,74.125.130.0-255,2902,50751,78,258188
19625,0.001299,74.125.130.0-255,6797,57548,78,258188
19626,0.001337,74.125.130.0-255,5738,63286,78,258188
19627,0.001358,74.125.130.0-255,7156,70442,78,258188
19628,0.001385,74.125.130.0-255,4543,74985,78,258188
19629,0.001428,74.125.130.0-255,1484,76469,78,258188
19630,0.001447,74.125.130.0-255,2902,79371,78,258188
19631,0.001466,74.125.130.0-255,5738,85109,78,258188
19632,0.001487,74.125.130.0-255,4320,89429,78,258188
19633,0.001531,74.125.130.0-255,2543,91972,78,258188
19634,0.002065,74.125.130.0-255,1484,93456,78,258188
19635,0.002086,74.125.130.0-255,2902,96358,78,258188
19636,0.002116,74.125.130.0-255,4320,100678,78,258188
19637,0.00214,74.125.130.0-255,1484,102162,78,258188
19638,0.002167,74.125.130.0-255,7156,109318,78,258188
19639,0.002194,74.125.130.0-255,5738,115056,78,258188
19640,0.002205,74.125.130.0-255,1484,116540,78,258188
19641,0.002255,74.125.130.0-255,4320,120860,78,258188
19642,0.002271,74.125.130.0-255,4320,125180,78,258188
19643,0.002274,74.125.130.0-255,766,125946,78,258188
19644,0.00239,74.125.130.0-255,1484,127430,78,258188
19645,0.002404,74.125.130.0-255,2902,130332,78,258188
19646,0.002427,74.125.130.0-255,2902,133234,78,258188
19647,0.002444,74.125.130.0-255,2902,136136,78,258188
19648,0.002447,74.125.130.0-255,1484,137620,78,258188
19649,0.00246,74.125.130.0-255,2902,140522,78,258188
19650,0.002484,74.125.130.0-255,5738,146260,78,258188
19651,0.002487,74.125.130.0-255,1484,147744,78,258188
19652,0.002514,74.125.130.0-255,2902,150646,78,258188
19653,0.002529,74.125.130.0-255,5738,156384,78,258188
19654,0.002552,74.125.130.0-255,3602,159986,78,258188
19655,0.005884,172.31.40.0-255,66,160052,78,258188
19656,0.008479,74.125.130.0-255,5738,165790,78,258188
19657,0.008486,172.31.40.0-255,66,165856,78,258188
19658,0.011059,74.125.130.0-255,5738,171594,78,258188
19659,0.011068,172.31.40.0-255,66,171660,78,258188
19660,0.013632,74.125.130.0-255,5738,177398,78,258188
19661,0.013645,172.31.40.0-255,66,177464,78,258188
19662,0.016206,74.125.130.0-255,5738,183202,78,258188
19663,0.016216,172.31.40.0-255,66,183268,78,258188
19664,0.018788,74.125.130.0-255,5738,189006,78,258188
19665,0.018801,172.31.40.0-255,66,189072,78,258188
19666,0.021371,74.125.130.0-255,5738,194810,78,258188
19667,0.021386,172.31.40.0-255,66,194876,78,258188
19668,0.023965,74.125.130.0-255,5738,200614,78,258188
19669,0.02398,172.31.40.0-255,66,200680,78,258188
19670,0.026542,74.125.130.0-255,5738,206418,78,258188
19671,0.026553,172.31.40.0-255,66,206484,78,258188
19672,0.029121,74.125.130.0-255,5738,212222,78,258188
19673,0.029133,172.31.40.0-255,66,212288,78,258188
19674,0.031353,172.31.40.0-255,172,212460,78,258188
19675,0.031387,172.31.40.0-255,1107,213567,78,258188
19676,0.03145,172.31.40.0-255,1514,215081,78,258188
19677,0.031452,172.31.40.0-255,1514,216595,78,258188
19678,0.031476,172.31.40.0-255,701,217296,78,258188
19679,0.03169,74.125.130.0-255,5738,223034,78,258188
19680,0.031696,172.31.40.0-255,66,223100,78,258188
19681,0.032921,104.244.42.0-255,66,223166,78,258188
19682,0.032951,104.244.42.0-255,66,223232,78,258188
19683,0.033166,104.244.42.0-255,66,223298,78,258188
19684,0.033173,104.244.42.0-255,66,223364,78,258188
19685,0.034266,74.125.130.0-255,5738,229102,78,258188
19686,0.034272,172.31.40.0-255,66,229168,78,258188
19687,0.036839,74.125.130.0-255,5738,234906,78,258188
19688,0.036845,172.31.40.0-255,66,234972,78,258188
19689,0.03941,74.125.130.0-255,5738,240710,78,258188
19690,0.039419,172.31.40.0-255,66,240776,78,258188
19691,0.041974,74.125.130.0-255,5738,246514,78,258188
19692,0.041981,172.31.40.0-255,66,246580,78,258188
19693,0.044556,74.125.130.0-255,5738,252318,78,258188
19694,0.04512,172.31.40.0-255,66,252384,78,258188
19695,0.047708,74.125.130.0-255,5738,258122,78,258188
19696,0.047727,172.31.40.0-255,66,258188,78,258188
19697,0.0,172.217.194.0-255,167,167,78,134339
19698,3.2e-05,172.31.40.0-255,66,233,78,134339
19699,3.9e-05,172.217.194.0-255,1484,1717,78,134339
19700,4.4e-05,172.31.40.0-255,66,1783,78,134339
19701,4.8e-05,172.217.194.0-255,2902,4685,78,134339
19702,5e-05,172.31.40.0-255,66,4751,78,134339
19703,6.4e-05,172.217.194.0-255,7156,11907,78,134339
19704,6.7e-05,172.31.40.0-255,66,11973,78,134339
19705,7.3e-05,172.217.194.0-255,3484,15457,78,134339
19706,7.5e-05,172.31.40.0-255,66,15523,78,134339
19707,9e-05,172.31.40.0-255,66,15589,78,134339
19708,0.000115,172.217.194.0-255,2543,18132,78,134339
19709,0.000118,172.31.40.0-255,66,18198,78,134339
19710,0.000145,172.217.194.0-255,2902,21100,78,134339
19711,0.000147,172.31.40.0-255,66,21166,78,134339
19712,0.000153,172.217.194.0-255,4320,25486,78,134339
19713,0.000155,172.31.40.0-255,66,25552,78,134339
19714,0.000189,172.31.40.0-255,66,25618,78,134339
19715,0.000229,172.31.40.0-255,66,25684,78,134339
19716,0.000252,172.217.194.0-255,1398,27082,78,134339
19717,0.000254,172.31.40.0-255,66,27148,78,134339
19718,0.00028,172.217.194.0-255,121,27269,78,134339
19719,0.000283,172.31.40.0-255,66,27335,78,134339
19720,0.000375,172.217.194.0-255,380,27715,78,134339
19721,0.000379,172.31.40.0-255,66,27781,78,134339
19722,0.00063,172.217.194.0-255,1484,29265,78,134339
19723,0.000634,172.31.40.0-255,66,29331,78,134339
19724,0.000639,172.217.194.0-255,2902,32233,78,134339
19725,0.000641,172.31.40.0-255,66,32299,78,134339
19726,0.000644,172.217.194.0-255,1484,33783,78,134339
19727,0.000682,172.217.194.0-255,4320,38103,78,134339
19728,0.000686,172.31.40.0-255,66,38169,78,134339
19729,0.000691,172.217.194.0-255,4320,42489,78,134339
19730,0.000693,172.31.40.0-255,66,42555,78,134339
19731,0.000711,172.31.40.0-255,66,42621,78,134339
19732,0.00072,172.31.40.0-255,66,42687,78,134339
19733,0.000782,172.217.194.0-255,1484,44171,78,134339
19734,0.000795,172.217.194.0-255,2902,47073,78,134339
19735,0.000797,172.217.194.0-255,1484,48557,78,134339
19736,0.000799,172.31.40.0-255,66,48623,78,134339
19737,0.000812,172.217.194.0-255,4320,52943,78,134339
19738,0.000816,172.31.40.0-255,66,53009,78,134339
19739,0.000821,172.217.194.0-255,4320,57329,78,134339
19740,0.000824,172.31.40.0-255,66,57395,78,134339
19741,0.000854,172.217.194.0-255,1484,58879,78,134339
19742,0.000881,172.31.40.0-255,66,58945,78,134339
19743,0.000891,172.31.40.0-255,66,59011,78,134339
19744,0.001002,172.217.194.0-255,1484,60495,78,134339
19745,0.001006,172.217.194.0-255,2902,63397,78,134339
19746,0.001009,172.31.40.0-255,66,63463,78,134339
19747,0.001013,172.217.194.0-255,1484,64947,78,134339
19748,0.001041,172.217.194.0-255,4320,69267,78,134339
19749,0.001045,172.31.40.0-255,66,69333,78,134339
19750,0.001059,172.31.40.0-255,66,69399,78,134339
19751,0.001067,172.217.194.0-255,1484,70883,78,134339
19752,0.001099,172.31.40.0-255,66,70949,78,134339
19753,0.001105,172.217.194.0-255,4320,75269,78,134339
19754,0.001107,172.31.40.0-255,66,75335,78,134339
19755,0.001146,172.217.194.0-255,7156,82491,78,134339
19756,0.00115,172.31.40.0-255,66,82557,78,134339
19757,0.001161,172.31.40.0-255,66,82623,78,134339
19758,0.001173,172.217.194.0-255,2902,85525,78,134339
19759,0.001176,172.31.40.0-255,66,85591,78,134339
19760,0.001214,172.31.40.0-255,66,85657,78,134339
19761,0.001226,172.31.40.0-255,66,85723,78,134339
19762,0.001244,172.31.40.0-255,66,85789,78,134339
19763,0.001272,172.217.194.0-255,2902,88691,78,134339
19764,0.001282,172.31.40.0-255,66,88757,78,134339
19765,0.001286,172.31.40.0-255,66,88823,78,134339
19766,0.001355,172.217.194.0-255,1484,90307,78,134339
19767,0.001359,172.217.194.0-255,1484,91791,78,134339
19768,0.001362,172.31.40.0-255,66,91857,78,134339
19769,0.001386,172.217.194.0-255,1484,93341,78,134339
19770,0.001392,172.217.194.0-255,5738,99079,78,134339
19771,0.001395,172.31.40.0-255,66,99145,78,134339
19772,0.001399,172.217.194.0-255,2902,102047,78,134339
19773,0.001401,172.31.40.0-255,66,102113,78,134339
19774,0.001445,172.31.40.0-255,66,102179,78,134339
19775,0.001449,172.217.194.0-255,2902,105081,78,134339
19776,0.001451,172.31.40.0-255,66,105147,78,134339
19777,0.001499,172.31.40.0-255,66,105213,78,134339
19778,0.001502,172.217.194.0-255,1484,106697,78,134339
19779,0.001506,172.217.194.0-255,2902,109599,78,134339
19780,0.001508,172.31.40.0-255,66,109665,78,134339
19781,0.00152,172.217.194.0-255,5738,115403,78,134339
19782,0.001522,172.31.40.0-255,66,115469,78,134339
19783,0.001525,172.217.194.0-255,1484,116953,78,134339
19784,0.001562,172.31.40.0-255,66,117019,78,134339
19785,0.001628,172.31.40.0-255,66,117085,78,134339
19786,0.001655,172.217.194.0-255,766,117851,78,134339
19787,0.001667,172.31.40.0-255,66,117917,78,134339
19788,0.001693,172.31.40.0-255,66,117983,78,134339
19789,0.001695,172.217.194.0-255,1484,119467,78,134339
19790,0.001699,172.217.194.0-255,2902,122369,78,134339
19791,0.001701,172.31.40.0-255,66,122435,78,134339
19792,0.001707,172.217.194.0-255,5738,128173,78,134339
19793,0.001709,172.31.40.0-255,66,128239,78,134339
19794,0.00176,172.31.40.0-255,66,128305,78,134339
19795,0.001777,172.31.40.0-255,66,128371,78,134339
19796,0.001801,172.217.194.0-255,4320,132691,78,134339
19797,0.001809,172.31.40.0-255,66,132757,78,134339
19798,0.001858,172.31.40.0-255,66,132823,78,134339
19799,0.001869,172.217.194.0-255,1174,133997,78,134339
19800,0.001876,172.217.194.0-255,105,134102,78,134339
19801,0.003477,172.31.40.0-255,66,134168,78,134339
19802,0.003503,172.31.40.0-255,105,134273,78,134339
19803,0.005742,172.217.194.0-255,66,134339,78,134339
19804,0.0,172.217.194.0-255,153,153,78,160258
19805,2.3e-05,172.31.40.0-255,66,219,78,160258
19806,3e-05,172.217.194.0-255,1484,1703,78,160258
19807,3.5e-05,172.31.40.0-255,66,1769,78,160258
19808,4.1e-05,172.217.194.0-255,2902,4671,78,160258
19809,4.5e-05,172.31.40.0-255,66,4737,78,160258
19810,5e-05,172.217.194.0-255,4320,9057,78,160258
19811,5.4e-05,172.31.40.0-255,66,9123,78,160258
19812,8e-05,172.217.194.0-255,6270,15393,78,160258
19813,8.3e-05,172.31.40.0-255,66,15459,78,160258
19814,0.000114,172.217.194.0-255,7156,22615,78,160258
19815,0.000117,172.31.40.0-255,66,22681,78,160258
19816,0.000136,172.217.194.0-255,5738,28419,78,160258
19817,0.000139,172.31.40.0-255,66,28485,78,160258
19818,0.000154,172.217.194.0-255,2543,31028,78,160258
19819,0.000157,172.31.40.0-255,66,31094,78,160258
19820,0.000168,172.31.40.0-255,66,31160,78,160258
19821,0.000198,172.31.40.0-255,66,31226,78,160258
19822,0.00024,172.217.194.0-255,5738,36964,78,160258
19823,0.000243,172.31.40.0-255,66,37030,78,160258
19824,0.000248,172.217.194.0-255,4320,41350,78,160258
19825,0.000251,172.31.40.0-255,66,41416,78,160258
19826,0.000264,172.217.194.0-255,2902,44318,78,160258
19827,0.000266,172.31.40.0-255,66,44384,78,160258
19828,0.00028,172.217.194.0-255,4241,48625,78,160258
19829,0.000283,172.31.40.0-255,66,48691,78,160258
19830,0.000326,172.217.194.0-255,118,48809,78,160258
19831,0.000329,172.31.40.0-255,66,48875,78,160258
19832,0.000358,172.217.194.0-255,375,49250,78,160258
19833,0.00036,172.31.40.0-255,66,49316,78,160258
19834,0.000616,172.217.194.0-255,1484,50800,78,160258
19835,0.000625,172.217.194.0-255,2902,53702,78,160258
19836,0.000629,172.31.40.0-255,66,53768,78,160258
19837,0.000635,172.217.194.0-255,4320,58088,78,160258
19838,0.000638,172.31.40.0-255,66,58154,78,160258
19839,0.00065,172.217.194.0-255,1484,59638,78,160258
19840,0.000677,172.217.194.0-255,2902,62540,78,160258
19841,0.00068,172.31.40.0-255,66,62606,78,160258
19842,0.000717,172.31.40.0-255,66,62672,78,160258
19843,0.000731,172.31.40.0-255,66,62738,78,160258
19844,0.000973,172.217.194.0-255,1484,64222,78,160258
19845,0.000991,172.217.194.0-255,2902,67124,78,160258
19846,0.000994,172.31.40.0-255,66,67190,78,160258
19847,0.001001,172.217.194.0-255,5738,72928,78,160258
19848,0.001004,172.31.40.0-255,66,72994,78,160258
19849,0.001007,172.217.194.0-255,1484,74478,78,160258
19850,0.001033,172.31.40.0-255,66,74544,78,160258
19851,0.001065,172.31.40.0-255,66,74610,78,160258
19852,0.001622,172.217.194.0-255,1484,76094,78,160258
19853,0.001645,172.217.194.0-255,2902,78996,78,160258
19854,0.001649,172.31.40.0-255,66,79062,78,160258
19855,0.001656,172.217.194.0-255,5738,84800,78,160258
19856,0.001658,172.31.40.0-255,66,84866,78,160258
19857,0.001662,172.217.194.0-255,2902,87768,78,160258
19858,0.001664,172.31.40.0-255,66,87834,78,160258
19859,0.001699,172.217.194.0-255,2902,90736,78,160258
19860,0.001703,172.31.40.0-255,66,90802,78,160258
19861,0.001717,172.31.40.0-255,66,90868,78,160258
19862,0.001724,172.217.194.0-255,5020,95888,78,160258
19863,0.001725,172.31.40.0-255,66,95954,78,160258
19864,0.001928,172.217.194.0-255,1484,97438,78,160258
19865,0.001935,172.217.194.0-255,2902,100340,78,160258
19866,0.001938,172.31.40.0-255,66,100406,78,160258
19867,0.001942,172.217.194.0-255,2902,103308,78,160258
19868,0.001945,172.31.40.0-255,66,103374,78,160258
19869,0.00196,172.217.194.0-255,2902,106276,78,160258
19870,0.001962,172.217.194.0-255,1484,107760,78,160258
19871,0.001965,172.31.40.0-255,66,107826,78,160258
19872,0.001985,172.217.194.0-255,7156,114982,78,160258
19873,0.001987,172.31.40.0-255,66,115048,78,160258
19874,0.002009,172.217.194.0-255,4320,119368,78,160258
19875,0.002012,172.31.40.0-255,66,119434,78,160258
19876,0.002017,172.217.194.0-255,2902,122336,78,160258
19877,0.002018,172.31.40.0-255,66,122402,78,160258
19878,0.002033,172.217.194.0-255,5738,128140,78,160258
19879,0.002036,172.31.40.0-255,66,128206,78,160258
19880,0.002048,172.217.194.0-255,2184,130390,78,160258
19881,0.00205,172.31.40.0-255,66,130456,78,160258
19882,0.002171,172.217.194.0-255,1484,131940,78,160258
19883,0.002177,172.217.194.0-255,2902,134842,78,160258
19884,0.00218,172.31.40.0-255,66,134908,78,160258
19885,0.002208,172.217.194.0-255,5738,140646,78,160258
19886,0.002211,172.31.40.0-255,66,140712,78,160258
19887,0.002215,172.217.194.0-255,2902,143614,78,160258
19888,0.002217,172.31.40.0-255,66,143680,78,160258
19889,0.00224,172.31.40.0-255,66,143746,78,160258
19890,0.002265,172.217.194.0-255,4320,148066,78,160258
19891,0.002268,172.31.40.0-255,66,148132,78,160258
19892,0.002326,172.31.40.0-255,66,148198,78,160258
19893,0.00233,172.31.40.0-255,66,148264,78,160258
19894,0.002338,172.217.194.0-255,1484,149748,78,160258
19895,0.00238,172.31.40.0-255,66,149814,78,160258
19896,0.002458,172.31.40.0-255,66,149880,78,160258
19897,0.002482,172.31.40.0-255,66,149946,78,160258
19898,0.002512,172.31.40.0-255,66,150012,78,160258
19899,0.00255,172.217.194.0-255,3602,153614,78,160258
19900,0.002553,172.31.40.0-255,66,153680,78,160258
19901,0.002576,172.31.40.0-255,66,153746,78,160258
19902,0.0026,172.217.194.0-255,766,154512,78,160258
19903,0.002614,172.31.40.0-255,66,154578,78,160258
19904,0.002647,172.31.40.0-255,66,154644,78,160258
19905,0.005239,172.217.194.0-255,105,154749,78,160258
19906,0.010388,172.31.40.0-255,66,154815,78,160258
19907,0.010429,172.31.40.0-255,105,154920,78,160258
19908,0.013001,172.217.194.0-255,66,154986,78,160258
19909,0.030384,172.31.40.0-255,172,155158,78,160258
19910,0.030421,172.31.40.0-255,1107,156265,78,160258
19911,0.030486,172.31.40.0-255,1514,157779,78,160258
19912,0.030488,172.31.40.0-255,1514,159293,78,160258
19913,0.030515,172.31.40.0-255,701,159994,78,160258
19914,0.03194,104.244.42.0-255,66,160060,78,160258
19915,0.031977,104.244.42.0-255,66,160126,78,160258
19916,0.032044,104.244.42.0-255,66,160192,78,160258
19917,0.032066,104.244.42.0-255,66,160258,78,160258
19918,0.0,74.125.130.0-255,153,153,78,204433
19919,2.3e-05,172.31.40.0-255,66,219,78,204433
19920,3e-05,74.125.130.0-255,1484,1703,78,204433
19921,3.5e-05,172.31.40.0-255,66,1769,78,204433
19922,4.1e-05,74.125.130.0-255,2902,4671,78,204433
19923,5.3e-05,172.31.40.0-255,66,4737,78,204433
19924,6.1e-05,74.125.130.0-255,7156,11893,78,204433
19925,6.3e-05,172.31.40.0-255,66,11959,78,204433
19926,6.8e-05,74.125.130.0-255,2001,13960,78,204433
19927,7.1e-05,172.31.40.0-255,66,14026,78,204433
19928,0.000106,74.125.130.0-255,1484,15510,78,204433
19929,0.000108,172.31.40.0-255,66,15576,78,204433
19930,0.000114,74.125.130.0-255,2902,18478,78,204433
19931,0.000116,172.31.40.0-255,66,18544,78,204433
19932,0.000123,74.125.130.0-255,5738,24282,78,204433
19933,0.000126,172.31.40.0-255,66,24348,78,204433
19934,0.000153,74.125.130.0-255,6797,31145,78,204433
19935,0.000156,172.31.40.0-255,66,31211,78,204433
19936,0.000194,74.125.130.0-255,1484,32695,78,204433
19937,0.000196,172.31.40.0-255,66,32761,78,204433
19938,0.000202,74.125.130.0-255,2902,35663,78,204433
19939,0.000204,172.31.40.0-255,66,35729,78,204433
19940,0.000243,74.125.130.0-255,2902,38631,78,204433
19941,0.000246,172.31.40.0-255,66,38697,78,204433
19942,0.000276,74.125.130.0-255,2902,41599,78,204433
19943,0.000279,172.31.40.0-255,66,41665,78,204433
19944,0.000286,74.125.130.0-255,6797,48462,78,204433
19945,0.000288,172.31.40.0-255,66,48528,78,204433
19946,0.001111,74.125.130.0-255,1484,50012,78,204433
19947,0.001138,172.31.40.0-255,66,50078,78,204433
19948,0.001149,74.125.130.0-255,2902,52980,78,204433
19949,0.001157,172.31.40.0-255,66,53046,78,204433
19950,0.001164,74.125.130.0-255,5738,58784,78,204433
19951,0.001167,172.31.40.0-255,66,58850,78,204433
19952,0.001177,172.31.40.0-255,66,58916,78,204433
19953,0.001274,74.125.130.0-255,1484,60400,78,204433
19954,0.001294,74.125.130.0-255,2902,63302,78,204433
19955,0.001298,172.31.40.0-255,66,63368,78,204433
19956,0.001305,74.125.130.0-255,5738,69106,78,204433
19957,0.001308,172.31.40.0-255,66,69172,78,204433
19958,0.001319,74.125.130.0-255,5738,74910,78,204433
19959,0.001321,172.31.40.0-255,66,74976,78,204433
19960,0.001346,74.125.130.0-255,4320,79296,78,204433
19961,0.001348,172.31.40.0-255,66,79362,78,204433
19962,0.001387,172.31.40.0-255,66,79428,78,204433
19963,0.001392,74.125.130.0-255,3413,82841,78,204433
19964,0.001395,172.31.40.0-255,66,82907,78,204433
19965,0.003707,74.125.130.0-255,5738,88645,78,204433
19966,0.003729,172.31.40.0-255,66,88711,78,204433
19967,0.006063,74.125.130.0-255,5738,94449,78,204433
19968,0.006075,172.31.40.0-255,66,94515,78,204433
19969,0.008399,74.125.130.0-255,5738,100253,78,204433
19970,0.008411,172.31.40.0-255,66,100319,78,204433
19971,0.010747,74.125.130.0-255,5738,106057,78,204433
19972,0.010763,172.31.40.0-255,66,106123,78,204433
19973,0.013137,74.125.130.0-255,5738,111861,78,204433
19974,0.013156,172.31.40.0-255,66,111927,78,204433
19975,0.015488,74.125.130.0-255,5738,117665,78,204433
19976,0.015505,172.31.40.0-255,66,117731,78,204433
19977,0.017842,74.125.130.0-255,5738,123469,78,204433
19978,0.017862,172.31.40.0-255,66,123535,78,204433
19979,0.020185,74.125.130.0-255,5738,129273,78,204433
19980,0.020193,172.31.40.0-255,66,129339,78,204433
19981,0.022527,74.125.130.0-255,5738,135077,78,204433
19982,0.022543,172.31.40.0-255,66,135143,78,204433
19983,0.0249,74.125.130.0-255,5738,140881,78,204433
19984,0.024919,172.31.40.0-255,66,140947,78,204433
19985,0.027254,74.125.130.0-255,5738,146685,78,204433
19986,0.02727,172.31.40.0-255,66,146751,78,204433
19987,0.029599,74.125.130.0-255,5738,152489,78,204433
19988,0.029611,172.31.40.0-255,66,152555,78,204433
19989,0.030595,172.31.40.0-255,172,152727,78,204433
19990,0.03063,172.31.40.0-255,1107,153834,78,204433
19991,0.030696,172.31.40.0-255,1514,155348,78,204433
19992,0.030698,172.31.40.0-255,1514,156862,78,204433
19993,0.030724,172.31.40.0-255,701,157563,78,204433
19994,0.031946,74.125.130.0-255,5738,163301,78,204433
19995,0.031957,172.31.40.0-255,66,163367,78,204433
19996,0.032114,104.244.42.0-255,66,163433,78,204433
19997,0.032135,104.244.42.0-255,66,163499,78,204433
19998,0.032246,104.244.42.0-255,66,163565,78,204433
19999,0.032252,104.244.42.0-255,66,163631,78,204433
20000,0.033433,104.244.42.0-255,108,163739,78,204433
20001,0.033452,172.31.40.0-255,66,163805,78,204433
20002,0.034296,74.125.130.0-255,5738,169543,78,204433
20003,0.034302,172.31.40.0-255,66,169609,78,204433
20004,0.03664,74.125.130.0-255,5738,175347,78,204433
20005,0.036655,172.31.40.0-255,66,175413,78,204433
20006,0.038997,74.125.130.0-255,5738,181151,78,204433
20007,0.039011,172.31.40.0-255,66,181217,78,204433
20008,0.041363,74.125.130.0-255,5738,186955,78,204433
20009,0.041381,172.31.40.0-255,66,187021,78,204433
20010,0.043736,74.125.130.0-255,5738,192759,78,204433
20011,0.043747,172.31.40.0-255,66,192825,78,204433
20012,0.046084,74.125.130.0-255,5738,198563,78,204433
20013,0.046099,172.31.40.0-255,66,198629,78,204433
20014,0.048456,74.125.130.0-255,5738,204367,78,204433
20015,0.048469,172.31.40.0-255,66,204433,78,204433
20016,0.0,74.125.24.0-255,153,153,78,107579
20017,2e-05,172.31.40.0-255,66,219,78,107579
20018,2.7e-05,74.125.24.0-255,1484,1703,78,107579
20019,3.1e-05,172.31.40.0-255,66,1769,78,107579
20020,3.7e-05,74.125.24.0-255,2902,4671,78,107579
20021,4.8e-05,172.31.40.0-255,66,4737,78,107579
20022,8.9e-05,74.125.24.0-255,7156,11893,78,107579
20023,9.3e-05,172.31.40.0-255,66,11959,78,107579
20024,9.7e-05,74.125.24.0-255,2137,14096,78,107579
20025,9.9e-05,172.31.40.0-255,66,14162,78,107579
20026,0.000118,172.31.40.0-255,66,14228,78,107579
20027,0.000124,74.125.24.0-255,5379,19607,78,107579
20028,0.000126,172.31.40.0-255,66,19673,78,107579
20029,0.000172,74.125.24.0-255,1484,21157,78,107579
20030,0.000174,172.31.40.0-255,66,21223,78,107579
20031,0.000203,74.125.24.0-255,2902,24125,78,107579
20032,0.000205,172.31.40.0-255,66,24191,78,107579
20033,0.000212,74.125.24.0-255,5738,29929,78,107579
20034,0.000215,172.31.40.0-255,66,29995,78,107579
20035,0.000238,74.125.24.0-255,1484,31479,78,107579
20036,0.00024,172.31.40.0-255,66,31545,78,107579
20037,0.000277,172.31.40.0-255,66,31611,78,107579
20038,0.000311,172.31.40.0-255,66,31677,78,107579
20039,0.000342,74.125.24.0-255,1125,32802,78,107579
20040,0.000344,172.31.40.0-255,66,32868,78,107579
20041,0.000809,74.125.24.0-255,646,33514,78,107579
20042,0.000813,172.31.40.0-255,66,33580,78,107579
20043,0.000851,74.125.24.0-255,1484,35064,78,107579
20044,0.000854,172.31.40.0-255,66,35130,78,107579
20045,0.00086,74.125.24.0-255,4320,39450,78,107579
20046,0.000883,74.125.24.0-255,5738,45188,78,107579
20047,0.000899,74.125.24.0-255,1484,46672,78,107579
20048,0.000939,74.125.24.0-255,2902,49574,78,107579
20049,0.001473,172.31.40.0-255,66,49640,78,107579
20050,0.00151,74.125.24.0-255,1484,51124,78,107579
20051,0.00153,74.125.24.0-255,2902,54026,78,107579
20052,0.001549,74.125.24.0-255,4320,58346,78,107579
20053,0.001573,74.125.24.0-255,4320,62666,78,107579
20054,0.001606,74.125.24.0-255,4320,66986,78,107579
20055,0.001611,74.125.24.0-255,4320,71306,78,107579
20056,0.001667,74.125.24.0-255,5020,76326,78,107579
20057,0.001887,74.125.24.0-255,1484,77810,78,107579
20058,0.001931,74.125.24.0-255,5738,83548,78,107579
20059,0.001959,74.125.24.0-255,4320,87868,78,107579
20060,0.002001,74.125.24.0-255,1484,89352,78,107579
20061,0.002006,74.125.24.0-255,2902,92254,78,107579
20062,0.002065,74.125.24.0-255,7156,99410,78,107579
20063,0.002116,74.125.24.0-255,4320,103730,78,107579
20064,0.002182,74.125.24.0-255,105,103835,78,107579
20065,0.009911,172.31.40.0-255,66,103901,78,107579
20066,0.012093,74.125.24.0-255,105,104006,78,107579
20067,0.012105,172.31.40.0-255,78,104084,78,107579
20068,0.013142,172.31.40.0-255,105,104189,78,107579
20069,0.015485,74.125.24.0-255,66,104255,78,107579
20070,0.044042,172.31.40.0-255,172,104427,78,107579
20071,0.044079,172.31.40.0-255,1109,105536,78,107579
20072,0.04414,172.31.40.0-255,1514,107050,78,107579
20073,0.044141,172.31.40.0-255,331,107381,78,107579
20074,0.045575,104.244.42.0-255,66,107447,78,107579
20075,0.045588,104.244.42.0-255,66,107513,78,107579
20076,0.045661,104.244.42.0-255,66,107579,78,107579
20077,0.0,172.217.194.0-255,143,143,78,159990
20078,1.5e-05,172.31.40.0-255,66,209,78,159990
20079,2.2e-05,172.217.194.0-255,1484,1693,78,159990
20080,2.7e-05,172.31.40.0-255,66,1759,78,159990
20081,3.2e-05,172.217.194.0-255,2902,4661,78,159990
20082,4.6e-05,172.31.40.0-255,66,4727,78,159990
20083,5.4e-05,172.217.194.0-255,7156,11883,78,159990
20084,5.8e-05,172.31.40.0-255,66,11949,78,159990
20085,6.2e-05,172.217.194.0-255,2041,13990,78,159990
20086,6.4e-05,172.31.40.0-255,66,14056,78,159990
20087,0.000108,172.31.40.0-255,66,14122,78,159990
20088,0.000138,172.217.194.0-255,1484,15606,78,159990
20089,0.00014,172.31.40.0-255,66,15672,78,159990
20090,0.000147,172.217.194.0-255,5379,21051,78,159990
20091,0.00015,172.31.40.0-255,66,21117,78,159990
20092,0.000173,172.217.194.0-255,5738,26855,78,159990
20093,0.000177,172.31.40.0-255,66,26921,78,159990
20094,0.00022,172.31.40.0-255,66,26987,78,159990
20095,0.000237,172.217.194.0-255,1484,28471,78,159990
20096,0.000239,172.31.40.0-255,66,28537,78,159990
20097,0.000266,172.31.40.0-255,66,28603,78,159990
20098,0.000272,172.217.194.0-255,5689,34292,78,159990
20099,0.000274,172.31.40.0-255,66,34358,78,159990
20100,0.000277,172.217.194.0-255,99,34457,78,159990
20101,0.00028,172.31.40.0-255,66,34523,78,159990
20102,0.000282,172.217.194.0-255,366,34889,78,159990
20103,0.000285,172.31.40.0-255,66,34955,78,159990
20104,0.000573,172.217.194.0-255,1484,36439,78,159990
20105,0.00058,172.31.40.0-255,66,36505,78,159990
20106,0.000585,172.217.194.0-255,2902,39407,78,159990
20107,0.000588,172.31.40.0-255,66,39473,78,159990
20108,0.000594,172.217.194.0-255,5738,45211,78,159990
20109,0.000602,172.31.40.0-255,66,45277,78,159990
20110,0.000605,172.217.194.0-255,1484,46761,78,159990
20111,0.00065,172.31.40.0-255,66,46827,78,159990
20112,0.000663,172.31.40.0-255,66,46893,78,159990
20113,0.0008,172.217.194.0-255,1484,48377,78,159990
20114,0.000806,172.217.194.0-255,2902,51279,78,159990
20115,0.000809,172.31.40.0-255,66,51345,78,159990
20116,0.00084,172.217.194.0-255,5738,57083,78,159990
20117,0.000843,172.31.40.0-255,66,57149,78,159990
20118,0.000856,172.31.40.0-255,66,57215,78,159990
20119,0.000907,172.31.40.0-255,66,57281,78,159990
20120,0.000923,172.217.194.0-255,2184,59465,78,159990
20121,0.000926,172.31.40.0-255,66,59531,78,159990
20122,0.000998,172.217.194.0-255,1484,61015,78,159990
20123,0.001003,172.217.194.0-255,2902,63917,78,159990
20124,0.001006,172.31.40.0-255,66,63983,78,159990
20125,0.001037,172.217.194.0-255,5738,69721,78,159990
20126,0.00104,172.31.40.0-255,66,69787,78,159990
20127,0.001047,172.217.194.0-255,5738,75525,78,159990
20128,0.001049,172.31.40.0-255,66,75591,78,159990
20129,0.001078,172.217.194.0-255,7156,82747,78,159990
20130,0.001082,172.31.40.0-255,66,82813,78,159990
20131,0.001085,172.217.194.0-255,1484,84297,78,159990
20132,0.001124,172.31.40.0-255,66,84363,78,159990
20133,0.00116,172.31.40.0-255,66,84429,78,159990
20134,0.001189,172.31.40.0-255,66,84495,78,159990
20135,0.001201,172.31.40.0-255,66,84561,78,159990
20136,0.001249,172.217.194.0-255,5738,90299,78,159990
20137,0.001252,172.31.40.0-255,66,90365,78,159990
20138,0.001284,172.217.194.0-255,2902,93267,78,159990
20139,0.001287,172.31.40.0-255,66,93333,78,159990
20140,0.001299,172.31.40.0-255,66,93399,78,159990
20141,0.001313,172.31.40.0-255,66,93465,78,159990
20142,0.001338,172.217.194.0-255,3602,97067,78,159990
20143,0.00134,172.31.40.0-255,66,97133,78,159990
20144,0.001406,172.217.194.0-255,1484,98617,78,159990
20145,0.001419,172.217.194.0-255,2902,101519,78,159990
20146,0.001422,172.217.194.0-255,1484,103003,78,159990
20147,0.001427,172.31.40.0-255,66,103069,78,159990
20148,0.001446,172.217.194.0-255,4320,107389,78,159990
20149,0.001449,172.31.40.0-255,66,107455,78,159990
20150,0.001456,172.217.194.0-255,7156,114611,78,159990
20151,0.001459,172.31.40.0-255,66,114677,78,159990
20152,0.001467,172.217.194.0-255,4320,118997,78,159990
20153,0.00147,172.31.40.0-255,66,119063,78,159990
20154,0.001505,172.217.194.0-255,4320,123383,78,159990
20155,0.001517,172.31.40.0-255,66,123449,78,159990
20156,0.001521,172.31.40.0-255,66,123515,78,159990
20157,0.001543,172.217.194.0-255,1484,124999,78,159990
20158,0.001548,172.217.194.0-255,2902,127901,78,159990
20159,0.001555,172.31.40.0-255,66,127967,78,159990
20160,0.001558,172.217.194.0-255,1484,129451,78,159990
20161,0.001584,172.217.194.0-255,4320,133771,78,159990
20162,0.001587,172.31.40.0-255,66,133837,78,159990
20163,0.0016,172.31.40.0-255,66,133903,78,159990
20164,0.001646,172.217.194.0-255,7156,141059,78,159990
20165,0.001648,172.31.40.0-255,66,141125,78,159990
20166,0.001679,172.217.194.0-255,1484,142609,78,159990
20167,0.001701,172.31.40.0-255,66,142675,78,159990
20168,0.001708,172.217.194.0-255,7156,149831,78,159990
20169,0.00171,172.31.40.0-255,66,149897,78,159990
20170,0.001741,172.217.194.0-255,5020,154917,78,159990
20171,0.001799,172.31.40.0-255,66,154983,78,159990
20172,0.001803,172.31.40.0-255,66,155049,78,159990
20173,0.00181,172.31.40.0-255,66,155115,78,159990
20174,0.001825,172.31.40.0-255,66,155181,78,159990
20175,0.001828,172.217.194.0-255,105,155286,78,159990
20176,0.00846,172.31.40.0-255,66,155352,78,159990
20177,0.008511,172.31.40.0-255,105,155457,78,159990
20178,0.011033,172.217.194.0-255,66,155523,78,159990
20179,0.029579,172.31.40.0-255,172,155695,78,159990
20180,0.029616,172.31.40.0-255,1108,156803,78,159990
20181,0.029691,172.31.40.0-255,1514,158317,78,159990
20182,0.029693,172.31.40.0-255,1301,159618,78,159990
20183,0.031111,104.244.42.0-255,66,159684,78,159990
20184,0.031141,104.244.42.0-255,66,159750,78,159990
20185,0.031225,104.244.42.0-255,66,159816,78,159990
20186,0.031871,104.244.42.0-255,108,159924,78,159990
20187,0.031878,172.31.40.0-255,66,159990,78,159990
20188,0.0,172.217.194.0-255,152,152,78,278661
20189,2.3e-05,172.31.40.0-255,66,218,78,278661
20190,3e-05,172.217.194.0-255,1484,1702,78,278661
20191,3.5e-05,172.31.40.0-255,66,1768,78,278661
20192,4.1e-05,172.217.194.0-255,2902,4670,78,278661
20193,4.4e-05,172.31.40.0-255,66,4736,78,278661
20194,4.7e-05,172.217.194.0-255,1484,6220,78,278661
20195,5e-05,172.31.40.0-255,66,6286,78,278661
20196,5.7e-05,172.217.194.0-255,5738,12024,78,278661
20197,5.9e-05,172.31.40.0-255,66,12090,78,278661
20198,6.4e-05,172.217.194.0-255,2902,14992,78,278661
20199,6.6e-05,172.31.40.0-255,66,15058,78,278661
20200,0.000106,172.31.40.0-255,66,15124,78,278661
20201,0.000111,172.217.194.0-255,5379,20503,78,278661
20202,0.000114,172.31.40.0-255,66,20569,78,278661
20203,0.00024,172.217.194.0-255,1484,22053,78,278661
20204,0.000244,172.31.40.0-255,66,22119,78,278661
20205,0.00025,172.217.194.0-255,2902,25021,78,278661
20206,0.000252,172.31.40.0-255,66,25087,78,278661
20207,0.000282,172.217.194.0-255,5738,30825,78,278661
20208,0.000285,172.31.40.0-255,66,30891,78,278661
20209,0.000292,172.217.194.0-255,6797,37688,78,278661
20210,0.000294,172.31.40.0-255,66,37754,78,278661
20211,0.000328,172.217.194.0-255,4320,42074,78,278661
20212,0.00033,172.31.40.0-255,66,42140,78,278661
20213,0.000334,172.217.194.0-255,1484,43624,78,278661
20214,0.000335,172.31.40.0-255,66,43690,78,278661
20215,0.000349,172.217.194.0-255,4320,48010,78,278661
20216,0.000352,172.31.40.0-255,66,48076,78,278661
20217,0.000389,172.31.40.0-255,66,48142,78,278661
20218,0.000452,172.217.194.0-255,1484,49626,78,278661
20219,0.000457,172.217.194.0-255,1484,51110,78,278661
20220,0.00046,172.31.40.0-255,66,51176,78,278661
20221,0.000479,172.217.194.0-255,1484,52660,78,278661
20222,0.000485,172.217.194.0-255,5738,58398,78,278661
20223,0.000487,172.31.40.0-255,66,58464,78,278661
20224,0.00053,172.217.194.0-255,5738,64202,78,278661
20225,0.000533,172.31.40.0-255,66,64268,78,278661
20226,0.000565,172.31.40.0-255,66,64334,78,278661
20227,0.000572,172.217.194.0-255,7156,71490,78,278661
20228,0.000575,172.31.40.0-255,66,71556,78,278661
20229,0.000603,172.217.194.0-255,2543,74099,78,278661
20230,0.000606,172.31.40.0-255,66,74165,78,278661
20231,0.001346,172.217.194.0-255,1484,75649,78,278661
20232,0.001353,172.217.194.0-255,2902,78551,78,278661
20233,0.001356,172.31.40.0-255,66,78617,78,278661
20234,0.001361,172.217.194.0-255,1484,80101,78,278661
20235,0.001381,172.217.194.0-255,4320,84421,78,278661
20236,0.001384,172.31.40.0-255,66,84487,78,278661
20237,0.001388,172.217.194.0-255,2902,87389,78,278661
20238,0.001391,172.31.40.0-255,66,87455,78,278661
20239,0.001415,172.31.40.0-255,66,87521,78,278661
20240,0.001423,172.217.194.0-255,7156,94677,78,278661
20241,0.001426,172.31.40.0-255,66,94743,78,278661
20242,0.001447,172.217.194.0-255,3602,98345,78,278661
20243,0.00145,172.31.40.0-255,66,98411,78,278661
20244,0.001708,172.217.194.0-255,1484,99895,78,278661
20245,0.001729,172.217.194.0-255,2902,102797,78,278661
20246,0.001732,172.31.40.0-255,66,102863,78,278661
20247,0.001739,172.217.194.0-255,5738,108601,78,278661
20248,0.001741,172.31.40.0-255,66,108667,78,278661
20249,0.001816,172.217.194.0-255,5738,114405,78,278661
20250,0.001819,172.31.40.0-255,66,114471,78,278661
20251,0.001843,172.217.194.0-255,5738,120209,78,278661
20252,0.001846,172.31.40.0-255,66,120275,78,278661
20253,0.001859,172.31.40.0-255,66,120341,78,278661
20254,0.002046,172.217.194.0-255,1484,121825,78,278661
20255,0.002051,172.217.194.0-255,1484,123309,78,278661
20256,0.002054,172.31.40.0-255,66,123375,78,278661
20257,0.002075,172.217.194.0-255,1484,124859,78,278661
20258,0.002083,172.217.194.0-255,5738,130597,78,278661
20259,0.002085,172.31.40.0-255,66,130663,78,278661
20260,0.002103,172.217.194.0-255,1484,132147,78,278661
20261,0.002119,172.217.194.0-255,5738,137885,78,278661
20262,0.002123,172.31.40.0-255,66,137951,78,278661
20263,0.002143,172.217.194.0-255,4320,142271,78,278661
20264,0.002145,172.31.40.0-255,66,142337,78,278661
20265,0.002163,172.217.194.0-255,1484,143821,78,278661
20266,0.002196,172.31.40.0-255,66,143887,78,278661
20267,0.002243,172.217.194.0-255,1484,145371,78,278661
20268,0.002247,172.217.194.0-255,1484,146855,78,278661
20269,0.00225,172.31.40.0-255,66,146921,78,278661
20270,0.002271,172.217.194.0-255,1484,148405,78,278661
20271,0.002278,172.217.194.0-255,5738,154143,78,278661
20272,0.002281,172.31.40.0-255,66,154209,78,278661
20273,0.002285,172.217.194.0-255,2902,157111,78,278661
20274,0.002287,172.31.40.0-255,66,157177,78,278661
20275,0.002331,172.31.40.0-255,66,157243,78,278661
20276,0.002342,172.31.40.0-255,66,157309,78,278661
20277,0.004647,172.217.194.0-255,5738,163047,78,278661
20278,0.004655,172.31.40.0-255,66,163113,78,278661
20279,0.006957,172.217.194.0-255,5738,168851,78,278661
20280,0.006963,172.31.40.0-255,66,168917,78,278661
20281,0.00928,172.217.194.0-255,5738,174655,78,278661
20282,0.009287,172.31.40.0-255,66,174721,78,278661
20283,0.011621,172.217.194.0-255,5738,180459,78,278661
20284,0.011639,172.31.40.0-255,66,180525,78,278661
20285,0.013971,172.217.194.0-255,5738,186263,78,278661
20286,0.013989,172.31.40.0-255,66,186329,78,278661
20287,0.016298,172.217.194.0-255,5738,192067,78,278661
20288,0.016311,172.31.40.0-255,66,192133,78,278661
20289,0.018613,172.217.194.0-255,5738,197871,78,278661
20290,0.018628,172.31.40.0-255,66,197937,78,278661
20291,0.020927,172.217.194.0-255,5738,203675,78,278661
20292,0.020937,172.31.40.0-255,66,203741,78,278661
20293,0.023255,172.217.194.0-255,5738,209479,78,278661
20294,0.023263,172.31.40.0-255,66,209545,78,278661
20295,0.025573,172.217.194.0-255,5738,215283,78,278661
20296,0.025586,172.31.40.0-255,66,215349,78,278661
20297,0.027929,172.217.194.0-255,5738,221087,78,278661
20298,0.027942,172.31.40.0-255,66,221153,78,278661
20299,0.030224,172.217.194.0-255,5738,226891,78,278661
20300,0.030233,172.31.40.0-255,66,226957,78,278661
20301,0.032555,172.217.194.0-255,5738,232695,78,278661
20302,0.032573,172.31.40.0-255,66,232761,78,278661
20303,0.034894,172.217.194.0-255,5738,238499,78,278661
20304,0.034905,172.31.40.0-255,66,238565,78,278661
20305,0.037247,172.217.194.0-255,5738,244303,78,278661
20306,0.037263,172.31.40.0-255,66,244369,78,278661
20307,0.039574,172.217.194.0-255,5738,250107,78,278661
20308,0.039588,172.31.40.0-255,66,250173,78,278661
20309,0.041871,172.217.194.0-255,5738,255911,78,278661
20310,0.041879,172.31.40.0-255,66,255977,78,278661
20311,0.043193,172.31.40.0-255,172,256149,78,278661
20312,0.043223,172.31.40.0-255,1108,257257,78,278661
20313,0.043288,172.31.40.0-255,1514,258771,78,278661
20314,0.04329,172.31.40.0-255,1514,260285,78,278661
20315,0.043323,172.31.40.0-255,700,260985,78,278661
20316,0.044183,172.217.194.0-255,5738,266723,78,278661
20317,0.044209,172.31.40.0-255,66,266789,78,278661
20318,0.044764,104.244.42.0-255,66,266855,78,278661
20319,0.044772,104.244.42.0-255,66,266921,78,278661
20320,0.044864,104.244.42.0-255,66,266987,78,278661
20321,0.04487,104.244.42.0-255,66,267053,78,278661
20322,0.046503,172.217.194.0-255,5738,272791,78,278661
20323,0.04651,172.31.40.0-255,66,272857,78,278661
20324,0.048817,172.217.194.0-255,5738,278595,78,278661
20325,0.048825,172.31.40.0-255,66,278661,78,278661
20326,0.0,74.125.24.0-255,146,146,78,163363
20327,2e-05,172.31.40.0-255,66,212,78,163363
20328,2.8e-05,74.125.24.0-255,1484,1696,78,163363
20329,3.3e-05,172.31.40.0-255,66,1762,78,163363
20330,4.8e-05,74.125.24.0-255,2902,4664,78,163363
20331,5.2e-05,172.31.40.0-255,66,4730,78,163363
20332,6e-05,74.125.24.0-255,7156,11886,78,163363
20333,6.3e-05,172.31.40.0-255,66,11952,78,163363
20334,7.7e-05,172.31.40.0-255,66,12018,78,163363
20335,0.000129,172.31.40.0-255,66,12084,78,163363
20336,0.000157,74.125.24.0-255,1484,13568,78,163363
20337,0.00016,172.31.40.0-255,66,13634,78,163363
20338,0.000165,74.125.24.0-255,2902,16536,78,163363
20339,0.000167,172.31.40.0-255,66,16602,78,163363
20340,0.000177,74.125.24.0-255,5738,22340,78,163363
20341,0.00018,172.31.40.0-255,66,22406,78,163363
20342,0.000221,172.31.40.0-255,66,22472,78,163363
20343,0.000232,172.31.40.0-255,66,22538,78,163363
20344,0.000274,74.125.24.0-255,135,22673,78,163363
20345,0.000276,172.31.40.0-255,66,22739,78,163363
20346,0.000279,74.125.24.0-255,1484,24223,78,163363
20347,0.000281,172.31.40.0-255,66,24289,78,163363
20348,0.000304,74.125.24.0-255,2902,27191,78,163363
20349,0.00031,172.31.40.0-255,66,27257,78,163363
20350,0.000318,74.125.24.0-255,7156,34413,78,163363
20351,0.000321,172.31.40.0-255,66,34479,78,163363
20352,0.000327,74.125.24.0-255,5079,39558,78,163363
20353,0.000329,172.31.40.0-255,66,39624,78,163363
20354,0.000371,74.125.24.0-255,4320,43944,78,163363
20355,0.000374,172.31.40.0-255,66,44010,78,163363
20356,0.000379,74.125.24.0-255,4320,48330,78,163363
20357,0.000382,172.31.40.0-255,66,48396,78,163363
20358,0.000409,74.125.24.0-255,1484,49880,78,163363
20359,0.000412,172.31.40.0-255,66,49946,78,163363
20360,0.00044,74.125.24.0-255,6797,56743,78,163363
20361,0.000443,172.31.40.0-255,66,56809,78,163363
20362,0.000519,74.125.24.0-255,1484,58293,78,163363
20363,0.000523,172.31.40.0-255,66,58359,78,163363
20364,0.000541,74.125.24.0-255,2902,61261,78,163363
20365,0.000544,172.31.40.0-255,66,61327,78,163363
20366,0.000549,74.125.24.0-255,4320,65647,78,163363
20367,0.000552,172.31.40.0-255,66,65713,78,163363
20368,0.000583,74.125.24.0-255,1484,67197,78,163363
20369,0.000585,172.31.40.0-255,66,67263,78,163363
20370,0.000656,74.125.24.0-255,1484,68747,78,163363
20371,0.000669,74.125.24.0-255,2902,71649,78,163363
20372,0.000673,74.125.24.0-255,1484,73133,78,163363
20373,0.000693,74.125.24.0-255,4320,77453,78,163363
20374,0.000696,74.125.24.0-255,1484,78937,78,163363
20375,0.000746,74.125.24.0-255,2184,81121,78,163363
20376,0.000783,74.125.24.0-255,2902,84023,78,163363
20377,0.000788,74.125.24.0-255,4320,88343,78,163363
20378,0.000841,74.125.24.0-255,7156,95499,78,163363
20379,0.000878,74.125.24.0-255,2902,98401,78,163363
20380,0.00089,74.125.24.0-255,4320,102721,78,163363
20381,0.00094,74.125.24.0-255,4320,107041,78,163363
20382,0.00095,74.125.24.0-255,1484,108525,78,163363
20383,0.000982,74.125.24.0-255,1484,110009,78,163363
20384,0.000987,74.125.24.0-255,2902,112911,78,163363
20385,0.001004,74.125.24.0-255,5738,118649,78,163363
20386,0.001078,74.125.24.0-255,5738,124387,78,163363
20387,0.001094,74.125.24.0-255,1125,125512,78,163363
20388,0.001125,74.125.24.0-255,1484,126996,78,163363
20389,0.001131,172.31.40.0-255,66,127062,78,163363
20390,0.001153,74.125.24.0-255,2902,129964,78,163363
20391,0.00116,74.125.24.0-255,5738,135702,78,163363
20392,0.001172,172.31.40.0-255,66,135768,78,163363
20393,0.001239,172.31.40.0-255,66,135834,78,163363
20394,0.001254,172.31.40.0-255,66,135900,78,163363
20395,0.00128,74.125.24.0-255,2184,138084,78,163363
20396,0.001284,74.125.24.0-255,1484,139568,78,163363
20397,0.001314,74.125.24.0-255,7156,146724,78,163363
20398,0.001329,172.31.40.0-255,66,146790,78,163363
20399,0.001337,74.125.24.0-255,1484,148274,78,163363
20400,0.001372,74.125.24.0-255,4320,152594,78,163363
20401,0.001409,74.125.24.0-255,1484,154078,78,163363
20402,0.001414,172.31.40.0-255,66,154144,78,163363
20403,0.001443,74.125.24.0-255,1484,155628,78,163363
20404,0.00145,172.31.40.0-255,66,155694,78,163363
20405,0.00149,74.125.24.0-255,2902,158596,78,163363
20406,0.001504,172.31.40.0-255,66,158662,78,163363
20407,0.001527,172.31.40.0-255,66,158728,78,163363
20408,0.001551,74.125.24.0-255,105,158833,78,163363
20409,0.001574,172.31.40.0-255,66,158899,78,163363
20410,0.004444,172.31.40.0-255,105,159004,78,163363
20411,0.006924,74.125.24.0-255,66,159070,78,163363
20412,0.031668,172.31.40.0-255,172,159242,78,163363
20413,0.031701,172.31.40.0-255,1107,160349,78,163363
20414,0.031765,172.31.40.0-255,1514,161863,78,163363
20415,0.031767,172.31.40.0-255,1302,163165,78,163363
20416,0.033193,104.244.42.0-255,66,163231,78,163363
20417,0.033238,104.244.42.0-255,66,163297,78,163363
20418,0.033291,104.244.42.0-255,66,163363,78,163363
20419,0.0,172.217.194.0-255,148,148,78,250164
20420,2.3e-05,172.31.40.0-255,66,214,78,250164
20421,3e-05,172.217.194.0-255,1484,1698,78,250164
20422,3.4e-05,172.31.40.0-255,66,1764,78,250164
20423,4e-05,172.217.194.0-255,2902,4666,78,250164
20424,5.3e-05,172.31.40.0-255,66,4732,78,250164
20425,6e-05,172.217.194.0-255,5738,10470,78,250164
20426,6.3e-05,172.31.40.0-255,66,10536,78,250164
20427,0.000106,172.31.40.0-255,66,10602,78,250164
20428,0.000114,172.217.194.0-255,7156,17758,78,250164
20429,0.000116,172.31.40.0-255,66,17824,78,250164
20430,0.000147,172.217.194.0-255,2902,20726,78,250164
20431,0.000149,172.31.40.0-255,66,20792,78,250164
20432,0.000153,172.217.194.0-255,1484,22276,78,250164
20433,0.000155,172.31.40.0-255,66,22342,78,250164
20434,0.000209,172.31.40.0-255,66,22408,78,250164
20435,0.000217,172.217.194.0-255,7156,29564,78,250164
20436,0.000219,172.31.40.0-255,66,29630,78,250164
20437,0.000235,172.31.40.0-255,66,29696,78,250164
20438,0.000239,172.217.194.0-255,1705,31401,78,250164
20439,0.000241,172.31.40.0-255,66,31467,78,250164
20440,0.000736,172.217.194.0-255,1484,32951,78,250164
20441,0.000742,172.31.40.0-255,66,33017,78,250164
20442,0.000748,172.217.194.0-255,2902,35919,78,250164
20443,0.00075,172.31.40.0-255,66,35985,78,250164
20444,0.000783,172.217.194.0-255,5738,41723,78,250164
20445,0.000785,172.31.40.0-255,66,41789,78,250164
20446,0.000792,172.217.194.0-255,5738,47527,78,250164
20447,0.000794,172.31.40.0-255,66,47593,78,250164
20448,0.000819,172.217.194.0-255,5738,53331,78,250164
20449,0.000826,172.31.40.0-255,66,53397,78,250164
20450,0.000829,172.217.194.0-255,1484,54881,78,250164
20451,0.000868,172.31.40.0-255,66,54947,78,250164
20452,0.001233,172.217.194.0-255,1484,56431,78,250164
20453,0.001247,172.217.194.0-255,2902,59333,78,250164
20454,0.00125,172.31.40.0-255,66,59399,78,250164
20455,0.001289,172.217.194.0-255,4320,63719,78,250164
20456,0.001292,172.31.40.0-255,66,63785,78,250164
20457,0.001319,172.217.194.0-255,1484,65269,78,250164
20458,0.001328,172.217.194.0-255,7156,72425,78,250164
20459,0.00133,172.31.40.0-255,66,72491,78,250164
20460,0.001335,172.217.194.0-255,2902,75393,78,250164
20461,0.001337,172.31.40.0-255,66,75459,78,250164
20462,0.001357,172.217.194.0-255,1484,76943,78,250164
20463,0.001396,172.217.194.0-255,7156,84099,78,250164
20464,0.001399,172.31.40.0-255,66,84165,78,250164
20465,0.001432,172.217.194.0-255,5020,89185,78,250164
20466,0.001435,172.31.40.0-255,66,89251,78,250164
20467,0.001461,172.217.194.0-255,1484,90735,78,250164
20468,0.001465,172.217.194.0-255,2902,93637,78,250164
20469,0.00147,172.31.40.0-255,66,93703,78,250164
20470,0.001503,172.217.194.0-255,5738,99441,78,250164
20471,0.001506,172.31.40.0-255,66,99507,78,250164
20472,0.001514,172.217.194.0-255,7156,106663,78,250164
20473,0.001516,172.31.40.0-255,66,106729,78,250164
20474,0.001535,172.31.40.0-255,66,106795,78,250164
20475,0.001565,172.217.194.0-255,1484,108279,78,250164
20476,0.00157,172.217.194.0-255,2184,110463,78,250164
20477,0.001572,172.31.40.0-255,66,110529,78,250164
20478,0.00164,172.217.194.0-255,1484,112013,78,250164
20479,0.001647,172.217.194.0-255,2902,114915,78,250164
20480,0.001651,172.31.40.0-255,66,114981,78,250164
20481,0.001657,172.217.194.0-255,5738,120719,78,250164
20482,0.001659,172.31.40.0-255,66,120785,78,250164
20483,0.001709,172.31.40.0-255,66,120851,78,250164
20484,0.001725,172.31.40.0-255,66,120917,78,250164
20485,0.001765,172.217.194.0-255,1484,122401,78,250164
20486,0.00177,172.217.194.0-255,2902,125303,78,250164
20487,0.001772,172.31.40.0-255,66,125369,78,250164
20488,0.0018,172.217.194.0-255,5738,131107,78,250164
20489,0.001804,172.31.40.0-255,66,131173,78,250164
20490,0.001811,172.217.194.0-255,7156,138329,78,250164
20491,0.001813,172.31.40.0-255,66,138395,78,250164
20492,0.001862,172.31.40.0-255,66,138461,78,250164
20493,0.001866,172.217.194.0-255,2184,140645,78,250164
20494,0.001868,172.31.40.0-255,66,140711,78,250164
20495,0.001947,172.31.40.0-255,66,140777,78,250164
20496,0.001981,172.217.194.0-255,2902,143679,78,250164
20497,0.001984,172.31.40.0-255,66,143745,78,250164
20498,0.001997,172.31.40.0-255,66,143811,78,250164
20499,0.002024,172.31.40.0-255,66,143877,78,250164
20500,0.002031,172.217.194.0-255,5738,149615,78,250164
20501,0.002033,172.31.40.0-255,66,149681,78,250164
20502,0.002067,172.217.194.0-255,6438,156119,78,250164
20503,0.00207,172.31.40.0-255,66,156185,78,250164
20504,0.004575,172.217.194.0-255,5738,161923,78,250164
20505,0.004594,172.31.40.0-255,66,161989,78,250164
20506,0.007047,172.217.194.0-255,5738,167727,78,250164
20507,0.007062,172.31.40.0-255,66,167793,78,250164
20508,0.009534,172.217.194.0-255,5738,173531,78,250164
20509,0.009546,172.31.40.0-255,66,173597,78,250164
20510,0.012014,172.217.194.0-255,5738,179335,78,250164
20511,0.012018,172.31.40.0-255,66,179401,78,250164
20512,0.014464,172.217.194.0-255,5738,185139,78,250164
20513,0.014472,172.31.40.0-255,66,185205,78,250164
20514,0.017002,172.217.194.0-255,5738,190943,78,250164
20515,0.017019,172.31.40.0-255,66,191009,78,250164
20516,0.019477,172.217.194.0-255,5738,196747,78,250164
20517,0.019492,172.31.40.0-255,66,196813,78,250164
20518,0.021953,172.217.194.0-255,5738,202551,78,250164
20519,0.021969,172.31.40.0-255,66,202617,78,250164
20520,0.024436,172.217.194.0-255,5738,208355,78,250164
20521,0.024444,172.31.40.0-255,66,208421,78,250164
20522,0.026918,172.217.194.0-255,5738,214159,78,250164
20523,0.02693,172.31.40.0-255,66,214225,78,250164
20524,0.029411,172.217.194.0-255,5738,219963,78,250164
20525,0.029432,172.31.40.0-255,66,220029,78,250164
20526,0.031915,172.217.194.0-255,5738,225767,78,250164
20527,0.03193,172.31.40.0-255,66,225833,78,250164
20528,0.034407,172.217.194.0-255,5738,231571,78,250164
20529,0.03442,172.31.40.0-255,66,231637,78,250164
20530,0.036872,172.217.194.0-255,5738,237375,78,250164
20531,0.036884,172.31.40.0-255,66,237441,78,250164
20532,0.039354,172.217.194.0-255,5738,243179,78,250164
20533,0.039372,172.31.40.0-255,66,243245,78,250164
20534,0.041854,172.217.194.0-255,5738,248983,78,250164
20535,0.041872,172.31.40.0-255,66,249049,78,250164
20536,0.044336,172.217.194.0-255,878,249927,78,250164
20537,0.044564,172.31.40.0-255,66,249993,78,250164
20538,0.044603,172.31.40.0-255,105,250098,78,250164
20539,0.047051,172.217.194.0-255,66,250164,78,250164
20540,0.0,172.31.40.0-255,105,105,78,276
20541,0.001801,157.240.24.0-255,105,210,78,276
20542,0.001815,172.31.40.0-255,66,276,78,276
20543,0.0,172.217.194.0-255,153,153,78,253136
20544,3.6e-05,172.31.40.0-255,66,219,78,253136
20545,4.3e-05,172.217.194.0-255,1484,1703,78,253136
20546,4.8e-05,172.31.40.0-255,66,1769,78,253136
20547,5.3e-05,172.217.194.0-255,2902,4671,78,253136
20548,6.3e-05,172.31.40.0-255,66,4737,78,253136
20549,7.1e-05,172.217.194.0-255,7156,11893,78,253136
20550,7.4e-05,172.31.40.0-255,66,11959,78,253136
20551,7.8e-05,172.217.194.0-255,2036,13995,78,253136
20552,8.1e-05,172.31.40.0-255,66,14061,78,253136
20553,0.000111,172.217.194.0-255,2902,16963,78,253136
20554,0.000115,172.31.40.0-255,66,17029,78,253136
20555,0.00012,172.217.194.0-255,4320,21349,78,253136
20556,0.000122,172.31.40.0-255,66,21415,78,253136
20557,0.000155,172.217.194.0-255,2902,24317,78,253136
20558,0.000158,172.31.40.0-255,66,24383,78,253136
20559,0.000186,172.217.194.0-255,6797,31180,78,253136
20560,0.000192,172.31.40.0-255,66,31246,78,253136
20561,0.000276,172.217.194.0-255,1484,32730,78,253136
20562,0.00028,172.31.40.0-255,66,32796,78,253136
20563,0.000286,172.217.194.0-255,2902,35698,78,253136
20564,0.000289,172.31.40.0-255,66,35764,78,253136
20565,0.000342,172.217.194.0-255,5738,41502,78,253136
20566,0.000347,172.31.40.0-255,66,41568,78,253136
20567,0.000354,172.217.194.0-255,6797,48365,78,253136
20568,0.000357,172.31.40.0-255,66,48431,78,253136
20569,0.000367,172.31.40.0-255,66,48497,78,253136
20570,0.000401,172.217.194.0-255,4320,52817,78,253136
20571,0.000405,172.31.40.0-255,66,52883,78,253136
20572,0.00041,172.217.194.0-255,2543,55426,78,253136
20573,0.000413,172.31.40.0-255,66,55492,78,253136
20574,0.000415,172.217.194.0-255,367,55859,78,253136
20575,0.000478,172.217.194.0-255,377,56236,78,253136
20576,0.000792,172.217.194.0-255,1484,57720,78,253136
20577,0.000798,172.31.40.0-255,66,57786,78,253136
20578,0.000804,172.217.194.0-255,2902,60688,78,253136
20579,0.000809,172.217.194.0-255,5738,66426,78,253136
20580,0.000814,172.31.40.0-255,66,66492,78,253136
20581,0.000838,172.217.194.0-255,1484,67976,78,253136
20582,0.000878,172.31.40.0-255,66,68042,78,253136
20583,0.000907,172.31.40.0-255,66,68108,78,253136
20584,0.001275,172.217.194.0-255,1484,69592,78,253136
20585,0.001296,172.217.194.0-255,2902,72494,78,253136
20586,0.0013,172.31.40.0-255,66,72560,78,253136
20587,0.001307,172.217.194.0-255,5738,78298,78,253136
20588,0.00131,172.217.194.0-255,1484,79782,78,253136
20589,0.001313,172.31.40.0-255,66,79848,78,253136
20590,0.00136,172.31.40.0-255,66,79914,78,253136
20591,0.001365,172.31.40.0-255,66,79980,78,253136
20592,0.001475,172.217.194.0-255,1484,81464,78,253136
20593,0.001495,172.217.194.0-255,2902,84366,78,253136
20594,0.0015,172.217.194.0-255,4320,88686,78,253136
20595,0.0015,172.31.40.0-255,66,88752,78,253136
20596,0.001507,172.31.40.0-255,66,88818,78,253136
20597,0.001528,172.217.194.0-255,1484,90302,78,253136
20598,0.001532,172.217.194.0-255,1484,91786,78,253136
20599,0.001536,172.31.40.0-255,66,91852,78,253136
20600,0.001576,172.31.40.0-255,66,91918,78,253136
20601,0.001599,172.217.194.0-255,7156,99074,78,253136
20602,0.001604,172.31.40.0-255,66,99140,78,253136
20603,0.001623,172.217.194.0-255,3602,102742,78,253136
20604,0.001629,172.31.40.0-255,66,102808,78,253136
20605,0.001642,172.217.194.0-255,4320,107128,78,253136
20606,0.001652,172.31.40.0-255,66,107194,78,253136
20607,0.001656,172.217.194.0-255,5738,112932,78,253136
20608,0.001666,172.31.40.0-255,66,112998,78,253136
20609,0.001697,172.217.194.0-255,2902,115900,78,253136
20610,0.001703,172.31.40.0-255,66,115966,78,253136
20611,0.00174,172.31.40.0-255,66,116032,78,253136
20612,0.001836,172.217.194.0-255,1484,117516,78,253136
20613,0.001861,172.217.194.0-255,2902,120418,78,253136
20614,0.001867,172.217.194.0-255,5738,126156,78,253136
20615,0.001869,172.31.40.0-255,66,126222,78,253136
20616,0.001873,172.31.40.0-255,66,126288,78,253136
20617,0.001893,172.217.194.0-255,1484,127772,78,253136
20618,0.001939,172.31.40.0-255,66,127838,78,253136
20619,0.001953,172.31.40.0-255,66,127904,78,253136
20620,0.002021,172.217.194.0-255,7156,135060,78,253136
20621,0.002038,172.31.40.0-255,66,135126,78,253136
20622,0.002081,172.31.40.0-255,66,135192,78,253136
20623,0.00211,172.217.194.0-255,5020,140212,78,253136
20624,0.002115,172.31.40.0-255,66,140278,78,253136
20625,0.002144,172.217.194.0-255,1484,141762,78,253136
20626,0.002166,172.217.194.0-255,2902,144664,78,253136
20627,0.002169,172.217.194.0-255,1484,146148,78,253136
20628,0.002173,172.31.40.0-255,66,146214,78,253136
20629,0.002201,172.217.194.0-255,4320,150534,78,253136
20630,0.002208,172.31.40.0-255,66,150600,78,253136
20631,0.002212,172.31.40.0-255,66,150666,78,253136
20632,0.002256,172.217.194.0-255,5738,156404,78,253136
20633,0.002265,172.31.40.0-255,66,156470,78,253136
20634,0.002284,172.31.40.0-255,66,156536,78,253136
20635,0.004542,172.217.194.0-255,5738,162274,78,253136
20636,0.004548,172.31.40.0-255,66,162340,78,253136
20637,0.006796,172.217.194.0-255,5738,168078,78,253136
20638,0.010746,172.31.40.0-255,66,168144,78,253136
20639,0.012979,172.217.194.0-255,5738,173882,78,253136
20640,0.012998,172.31.40.0-255,66,173948,78,253136
20641,0.015263,172.217.194.0-255,5738,179686,78,253136
20642,0.015275,172.31.40.0-255,66,179752,78,253136
20643,0.017529,172.217.194.0-255,5738,185490,78,253136
20644,0.017536,172.31.40.0-255,66,185556,78,253136
20645,0.019782,172.217.194.0-255,5738,191294,78,253136
20646,0.019797,172.31.40.0-255,66,191360,78,253136
20647,0.022045,172.217.194.0-255,5738,197098,78,253136
20648,0.022053,172.31.40.0-255,66,197164,78,253136
20649,0.024298,172.217.194.0-255,5738,202902,78,253136
20650,0.024312,172.31.40.0-255,66,202968,78,253136
20651,0.026555,172.217.194.0-255,5738,208706,78,253136
20652,0.026563,172.31.40.0-255,66,208772,78,253136
20653,0.028804,172.217.194.0-255,5738,214510,78,253136
20654,0.028811,172.31.40.0-255,66,214576,78,253136
20655,0.031044,172.217.194.0-255,5738,220314,78,253136
20656,0.031061,172.31.40.0-255,66,220380,78,253136
20657,0.033299,172.217.194.0-255,5738,226118,78,253136
20658,0.033309,172.31.40.0-255,66,226184,78,253136
20659,0.035559,172.217.194.0-255,5738,231922,78,253136
20660,0.035567,172.31.40.0-255,66,231988,78,253136
20661,0.037843,172.217.194.0-255,5738,237726,78,253136
20662,0.037861,172.31.40.0-255,66,237792,78,253136
20663,0.040109,172.217.194.0-255,5738,243530,78,253136
20664,0.040116,172.31.40.0-255,66,243596,78,253136
20665,0.042357,172.217.194.0-255,5738,249334,78,253136
20666,0.042363,172.31.40.0-255,66,249400,78,253136
20667,0.044624,172.217.194.0-255,3499,252899,78,253136
20668,0.044642,172.31.40.0-255,66,252965,78,253136
20669,0.044942,172.31.40.0-255,105,253070,78,253136
20670,0.047135,172.217.194.0-255,66,253136,78,253136
20671,0.0,172.217.194.0-255,153,153,78,103916
20672,1.5e-05,172.31.40.0-255,66,219,78,103916
20673,2.2e-05,172.217.194.0-255,1484,1703,78,103916
20674,2.7e-05,172.31.40.0-255,66,1769,78,103916
20675,3.2e-05,172.217.194.0-255,2902,4671,78,103916
20676,4.4e-05,172.31.40.0-255,66,4737,78,103916
20677,5.2e-05,172.217.194.0-255,7156,11893,78,103916
20678,5.5e-05,172.31.40.0-255,66,11959,78,103916
20679,6.7e-05,172.31.40.0-255,66,12025,78,103916
20680,0.0001,172.217.194.0-255,1928,13953,78,103916
20681,0.000103,172.31.40.0-255,66,14019,78,103916
20682,0.000109,172.217.194.0-255,4320,18339,78,103916
20683,0.000111,172.31.40.0-255,66,18405,78,103916
20684,0.000134,172.217.194.0-255,3961,22366,78,103916
20685,0.000136,172.31.40.0-255,66,22432,78,103916
20686,0.000153,172.31.40.0-255,66,22498,78,103916
20687,0.000187,172.217.194.0-255,5738,28236,78,103916
20688,0.00019,172.31.40.0-255,66,28302,78,103916
20689,0.000202,172.217.194.0-255,1484,29786,78,103916
20690,0.000205,172.31.40.0-255,66,29852,78,103916
20691,0.000227,172.31.40.0-255,66,29918,78,103916
20692,0.00023,172.217.194.0-255,1080,30998,78,103916
20693,0.000232,172.31.40.0-255,66,31064,78,103916
20694,0.000253,172.217.194.0-255,364,31428,78,103916
20695,0.000255,172.31.40.0-255,66,31494,78,103916
20696,0.000363,172.217.194.0-255,1484,32978,78,103916
20697,0.000369,172.31.40.0-255,66,33044,78,103916
20698,0.000375,172.217.194.0-255,2902,35946,78,103916
20699,0.000377,172.31.40.0-255,66,36012,78,103916
20700,0.000412,172.217.194.0-255,5738,41750,78,103916
20701,0.000415,172.31.40.0-255,66,41816,78,103916
20702,0.000429,172.31.40.0-255,66,41882,78,103916
20703,0.000443,172.31.40.0-255,66,41948,78,103916
20704,0.000469,172.217.194.0-255,2184,44132,78,103916
20705,0.000472,172.31.40.0-255,66,44198,78,103916
20706,0.000476,172.217.194.0-255,2902,47100,78,103916
20707,0.000478,172.31.40.0-255,66,47166,78,103916
20708,0.000519,172.217.194.0-255,7156,54322,78,103916
20709,0.000523,172.31.40.0-255,66,54388,78,103916
20710,0.000533,172.31.40.0-255,66,54454,78,103916
20711,0.000562,172.217.194.0-255,7156,61610,78,103916
20712,0.000565,172.31.40.0-255,66,61676,78,103916
20713,0.000572,172.217.194.0-255,5738,67414,78,103916
20714,0.000574,172.31.40.0-255,66,67480,78,103916
20715,0.000613,172.217.194.0-255,2184,69664,78,103916
20716,0.000615,172.31.40.0-255,66,69730,78,103916
20717,0.000627,172.31.40.0-255,66,69796,78,103916
20718,0.000644,172.31.40.0-255,66,69862,78,103916
20719,0.000649,172.217.194.0-255,5738,75600,78,103916
20720,0.000652,172.31.40.0-255,66,75666,78,103916
20721,0.000681,172.217.194.0-255,216,75882,78,103916
20722,0.000686,172.217.194.0-255,2902,78784,78,103916
20723,0.000689,172.31.40.0-255,66,78850,78,103916
20724,0.000728,172.31.40.0-255,66,78916,78,103916
20725,0.000763,172.217.194.0-255,1484,80400,78,103916
20726,0.000766,172.217.194.0-255,766,81166,78,103916
20727,0.000803,172.217.194.0-255,4320,85486,78,103916
20728,0.000854,172.217.194.0-255,5738,91224,78,103916
20729,0.000928,172.31.40.0-255,66,91290,78,103916
20730,0.000975,172.31.40.0-255,66,91356,78,103916
20731,0.001003,172.217.194.0-255,2902,94258,78,103916
20732,0.001009,172.217.194.0-255,4320,98578,78,103916
20733,0.001043,172.31.40.0-255,66,98644,78,103916
20734,0.001055,172.217.194.0-255,2902,101546,78,103916
20735,0.001075,172.31.40.0-255,66,101612,78,103916
20736,0.001161,172.31.40.0-255,66,101678,78,103916
20737,0.0012,172.31.40.0-255,66,101744,78,103916
20738,0.001265,172.31.40.0-255,66,101810,78,103916
20739,0.001293,172.217.194.0-255,1484,103294,78,103916
20740,0.001315,172.31.40.0-255,66,103360,78,103916
20741,0.00153,172.217.194.0-255,97,103457,78,103916
20742,0.001609,172.217.194.0-255,105,103562,78,103916
20743,0.012418,172.217.194.0-255,105,103667,78,103916
20744,0.012437,172.31.40.0-255,78,103745,78,103916
20745,0.012595,172.31.40.0-255,105,103850,78,103916
20746,0.015118,172.217.194.0-255,66,103916,78,103916
20747,0.0,74.125.24.0-255,146,146,78,204919
20748,1.8e-05,172.31.40.0-255,66,212,78,204919
20749,2.5e-05,74.125.24.0-255,1484,1696,78,204919
20750,2.9e-05,172.31.40.0-255,66,1762,78,204919
20751,3.5e-05,74.125.24.0-255,2902,4664,78,204919
20752,3.8e-05,172.31.40.0-255,66,4730,78,204919
20753,4.6e-05,74.125.24.0-255,7156,11886,78,204919
20754,4.9e-05,172.31.40.0-255,66,11952,78,204919
20755,7.8e-05,74.125.24.0-255,2003,13955,78,204919
20756,8.1e-05,172.31.40.0-255,66,14021,78,204919
20757,0.000155,74.125.24.0-255,1484,15505,78,204919
20758,0.000157,172.31.40.0-255,66,15571,78,204919
20759,0.000163,74.125.24.0-255,2902,18473,78,204919
20760,0.000166,172.31.40.0-255,66,18539,78,204919
20761,0.000169,74.125.24.0-255,1484,20023,78,204919
20762,0.00017,172.31.40.0-255,66,20089,78,204919
20763,0.000188,74.125.24.0-255,4320,24409,78,204919
20764,0.000191,172.31.40.0-255,66,24475,78,204919
20765,0.000213,74.125.24.0-255,1484,25959,78,204919
20766,0.000216,172.31.40.0-255,66,26025,78,204919
20767,0.000251,172.31.40.0-255,66,26091,78,204919
20768,0.000284,74.125.24.0-255,5738,31829,78,204919
20769,0.000287,172.31.40.0-255,66,31895,78,204919
20770,0.000312,74.125.24.0-255,5379,37274,78,204919
20771,0.000315,172.31.40.0-255,66,37340,78,204919
20772,0.000334,74.125.24.0-255,1484,38824,78,204919
20773,0.000337,172.31.40.0-255,66,38890,78,204919
20774,0.000358,74.125.24.0-255,2902,41792,78,204919
20775,0.000361,172.31.40.0-255,66,41858,78,204919
20776,0.000367,74.125.24.0-255,4320,46178,78,204919
20777,0.000369,172.31.40.0-255,66,46244,78,204919
20778,0.000384,74.125.24.0-255,1484,47728,78,204919
20779,0.000386,172.31.40.0-255,66,47794,78,204919
20780,0.000393,74.125.24.0-255,6797,54591,78,204919
20781,0.000395,172.31.40.0-255,66,54657,78,204919
20782,0.000408,74.125.24.0-255,677,55334,78,204919
20783,0.00041,172.31.40.0-255,66,55400,78,204919
20784,0.001737,74.125.24.0-255,1484,56884,78,204919
20785,0.001745,172.31.40.0-255,66,56950,78,204919
20786,0.001755,74.125.24.0-255,2902,59852,78,204919
20787,0.001757,172.31.40.0-255,66,59918,78,204919
20788,0.001764,74.125.24.0-255,5738,65656,78,204919
20789,0.001766,172.31.40.0-255,66,65722,78,204919
20790,0.001801,172.31.40.0-255,66,65788,78,204919
20791,0.001818,74.125.24.0-255,2543,68331,78,204919
20792,0.00182,172.31.40.0-255,66,68397,78,204919
20793,0.001831,172.31.40.0-255,66,68463,78,204919
20794,0.001894,172.31.40.0-255,66,68529,78,204919
20795,0.001944,172.31.40.0-255,66,68595,78,204919
20796,0.002039,74.125.24.0-255,1484,70079,78,204919
20797,0.002042,172.31.40.0-255,66,70145,78,204919
20798,0.002059,74.125.24.0-255,2902,73047,78,204919
20799,0.002062,172.31.40.0-255,66,73113,78,204919
20800,0.002065,74.125.24.0-255,1484,74597,78,204919
20801,0.002067,172.31.40.0-255,66,74663,78,204919
20802,0.002074,74.125.24.0-255,5738,80401,78,204919
20803,0.002076,172.31.40.0-255,66,80467,78,204919
20804,0.002081,74.125.24.0-255,2902,83369,78,204919
20805,0.002084,172.31.40.0-255,66,83435,78,204919
20806,0.00212,172.31.40.0-255,66,83501,78,204919
20807,0.002132,172.31.40.0-255,66,83567,78,204919
20808,0.004448,74.125.24.0-255,5738,89305,78,204919
20809,0.004455,172.31.40.0-255,66,89371,78,204919
20810,0.006994,74.125.24.0-255,5738,95109,78,204919
20811,0.007,172.31.40.0-255,66,95175,78,204919
20812,0.009323,74.125.24.0-255,5738,100913,78,204919
20813,0.009329,172.31.40.0-255,66,100979,78,204919
20814,0.011642,74.125.24.0-255,5738,106717,78,204919
20815,0.011652,172.31.40.0-255,66,106783,78,204919
20816,0.013942,74.125.24.0-255,5738,112521,78,204919
20817,0.01395,172.31.40.0-255,66,112587,78,204919
20818,0.016269,74.125.24.0-255,5738,118325,78,204919
20819,0.016277,172.31.40.0-255,66,118391,78,204919
20820,0.018606,74.125.24.0-255,5738,124129,78,204919
20821,0.018617,172.31.40.0-255,66,124195,78,204919
20822,0.020959,74.125.24.0-255,5738,129933,78,204919
20823,0.020969,172.31.40.0-255,66,129999,78,204919
20824,0.023274,74.125.24.0-255,5738,135737,78,204919
20825,0.023282,172.31.40.0-255,66,135803,78,204919
20826,0.025574,74.125.24.0-255,5738,141541,78,204919
20827,0.025581,172.31.40.0-255,66,141607,78,204919
20828,0.027914,74.125.24.0-255,5738,147345,78,204919
20829,0.027922,172.31.40.0-255,66,147411,78,204919
20830,0.029622,172.31.40.0-255,172,147583,78,204919
20831,0.02965,172.31.40.0-255,1107,148690,78,204919
20832,0.029703,172.31.40.0-255,1514,150204,78,204919
20833,0.029705,172.31.40.0-255,1514,151718,78,204919
20834,0.029731,172.31.40.0-255,701,152419,78,204919
20835,0.030244,74.125.24.0-255,5738,158157,78,204919
20836,0.030251,172.31.40.0-255,66,158223,78,204919
20837,0.03116,104.244.42.0-255,66,158289,78,204919
20838,0.031168,104.244.42.0-255,66,158355,78,204919
20839,0.031229,104.244.42.0-255,66,158421,78,204919
20840,0.031278,104.244.42.0-255,66,158487,78,204919
20841,0.032587,74.125.24.0-255,5738,164225,78,204919
20842,0.032595,172.31.40.0-255,66,164291,78,204919
20843,0.03494,74.125.24.0-255,5738,170029,78,204919
20844,0.034947,172.31.40.0-255,66,170095,78,204919
20845,0.037247,74.125.24.0-255,5738,175833,78,204919
20846,0.037254,172.31.40.0-255,66,175899,78,204919
20847,0.039573,74.125.24.0-255,5738,181637,78,204919
20848,0.039581,172.31.40.0-255,66,181703,78,204919
20849,0.041893,74.125.24.0-255,5738,187441,78,204919
20850,0.0419,172.31.40.0-255,66,187507,78,204919
20851,0.044201,74.125.24.0-255,5738,193245,78,204919
20852,0.044207,172.31.40.0-255,66,193311,78,204919
20853,0.046532,74.125.24.0-255,5738,199049,78,204919
20854,0.04654,172.31.40.0-255,66,199115,78,204919
20855,0.048872,74.125.24.0-255,5738,204853,78,204919
20856,0.048879,172.31.40.0-255,66,204919,78,204919
20857,0.0,172.217.194.0-255,290,290,78,260085
20858,2.6e-05,172.31.40.0-255,66,356,78,260085
20859,3.1e-05,172.217.194.0-255,1484,1840,78,260085
20860,3.6e-05,172.31.40.0-255,66,1906,78,260085
20861,5.1e-05,172.217.194.0-255,4320,6226,78,260085
20862,5.5e-05,172.31.40.0-255,66,6292,78,260085
20863,6.2e-05,172.217.194.0-255,7156,13448,78,260085
20864,6.6e-05,172.31.40.0-255,66,13514,78,260085
20865,6.8e-05,172.217.194.0-255,450,13964,78,260085
20866,7.1e-05,172.31.40.0-255,66,14030,78,260085
20867,0.000115,172.31.40.0-255,66,14096,78,260085
20868,0.000123,172.217.194.0-255,6797,20893,78,260085
20869,0.000126,172.31.40.0-255,66,20959,78,260085
20870,0.000165,172.217.194.0-255,4320,25279,78,260085
20871,0.000168,172.31.40.0-255,66,25345,78,260085
20872,0.000196,172.217.194.0-255,4320,29665,78,260085
20873,0.000199,172.31.40.0-255,66,29731,78,260085
20874,0.000235,172.31.40.0-255,66,29797,78,260085
20875,0.000374,172.217.194.0-255,1484,31281,78,260085
20876,0.000378,172.31.40.0-255,66,31347,78,260085
20877,0.000382,172.217.194.0-255,1484,32831,78,260085
20878,0.000384,172.31.40.0-255,66,32897,78,260085
20879,0.000409,172.217.194.0-255,1484,34381,78,260085
20880,0.000411,172.31.40.0-255,66,34447,78,260085
20881,0.000417,172.217.194.0-255,5738,40185,78,260085
20882,0.000419,172.31.40.0-255,66,40251,78,260085
20883,0.000432,172.217.194.0-255,6797,47048,78,260085
20884,0.000434,172.31.40.0-255,66,47114,78,260085
20885,0.000546,172.217.194.0-255,647,47761,78,260085
20886,0.00055,172.31.40.0-255,66,47827,78,260085
20887,0.000697,172.217.194.0-255,1484,49311,78,260085
20888,0.000703,172.31.40.0-255,66,49377,78,260085
20889,0.000708,172.217.194.0-255,2902,52279,78,260085
20890,0.000711,172.31.40.0-255,66,52345,78,260085
20891,0.000735,172.217.194.0-255,2902,55247,78,260085
20892,0.000737,172.31.40.0-255,66,55313,78,260085
20893,0.00076,172.217.194.0-255,2902,58215,78,260085
20894,0.000767,172.31.40.0-255,66,58281,78,260085
20895,0.000774,172.217.194.0-255,7156,65437,78,260085
20896,0.000776,172.31.40.0-255,66,65503,78,260085
20897,0.000826,172.31.40.0-255,66,65569,78,260085
20898,0.000854,172.217.194.0-255,3602,69171,78,260085
20899,0.000857,172.31.40.0-255,66,69237,78,260085
20900,0.001236,172.217.194.0-255,1484,70721,78,260085
20901,0.001241,172.31.40.0-255,66,70787,78,260085
20902,0.001246,172.217.194.0-255,2902,73689,78,260085
20903,0.001249,172.31.40.0-255,66,73755,78,260085
20904,0.001255,172.217.194.0-255,4320,78075,78,260085
20905,0.001261,172.31.40.0-255,66,78141,78,260085
20906,0.001284,172.217.194.0-255,1484,79625,78,260085
20907,0.001292,172.217.194.0-255,1484,81109,78,260085
20908,0.001295,172.31.40.0-255,66,81175,78,260085
20909,0.001306,172.31.40.0-255,66,81241,78,260085
20910,0.001348,172.31.40.0-255,66,81307,78,260085
20911,0.00141,172.217.194.0-255,1484,82791,78,260085
20912,0.001414,172.217.194.0-255,1484,84275,78,260085
20913,0.001417,172.31.40.0-255,66,84341,78,260085
20914,0.001437,172.217.194.0-255,1484,85825,78,260085
20915,0.001444,172.217.194.0-255,5738,91563,78,260085
20916,0.001447,172.31.40.0-255,66,91629,78,260085
20917,0.001451,172.217.194.0-255,1484,93113,78,260085
20918,0.001489,172.31.40.0-255,66,93179,78,260085
20919,0.001497,172.217.194.0-255,7156,100335,78,260085
20920,0.001499,172.31.40.0-255,66,100401,78,260085
20921,0.001516,172.217.194.0-255,2902,103303,78,260085
20922,0.001522,172.31.40.0-255,66,103369,78,260085
20923,0.001525,172.217.194.0-255,766,104135,78,260085
20924,0.001528,172.217.194.0-255,1484,105619,78,260085
20925,0.001531,172.31.40.0-255,66,105685,78,260085
20926,0.001567,172.217.194.0-255,4320,110005,78,260085
20927,0.00157,172.31.40.0-255,66,110071,78,260085
20928,0.001587,172.31.40.0-255,66,110137,78,260085
20929,0.001593,172.217.194.0-255,4320,114457,78,260085
20930,0.001595,172.31.40.0-255,66,114523,78,260085
20931,0.001618,172.217.194.0-255,1484,116007,78,260085
20932,0.001638,172.217.194.0-255,5738,121745,78,260085
20933,0.001643,172.31.40.0-255,66,121811,78,260085
20934,0.001684,172.31.40.0-255,66,121877,78,260085
20935,0.001695,172.31.40.0-255,66,121943,78,260085
20936,0.00174,172.31.40.0-255,66,122009,78,260085
20937,0.001774,172.31.40.0-255,66,122075,78,260085
20938,0.002095,172.217.194.0-255,1484,123559,78,260085
20939,0.002103,172.217.194.0-255,2902,126461,78,260085
20940,0.002106,172.31.40.0-255,66,126527,78,260085
20941,0.00211,172.217.194.0-255,1484,128011,78,260085
20942,0.002137,172.217.194.0-255,4320,132331,78,260085
20943,0.002141,172.31.40.0-255,66,132397,78,260085
20944,0.00427,172.217.194.0-255,5738,138135,78,260085
20945,0.004283,172.31.40.0-255,66,138201,78,260085
20946,0.006348,172.217.194.0-255,5738,143939,78,260085
20947,0.00636,172.31.40.0-255,66,144005,78,260085
20948,0.008467,172.217.194.0-255,5738,149743,78,260085
20949,0.008483,172.31.40.0-255,66,149809,78,260085
20950,0.010572,172.217.194.0-255,5738,155547,78,260085
20951,0.010587,172.31.40.0-255,66,155613,78,260085
20952,0.012666,172.217.194.0-255,5738,161351,78,260085
20953,0.012689,172.31.40.0-255,66,161417,78,260085
20954,0.014747,172.217.194.0-255,5738,167155,78,260085
20955,0.014752,172.31.40.0-255,66,167221,78,260085
20956,0.016822,172.217.194.0-255,5738,172959,78,260085
20957,0.016835,172.31.40.0-255,66,173025,78,260085
20958,0.018959,172.217.194.0-255,5738,178763,78,260085
20959,0.018975,172.31.40.0-255,66,178829,78,260085
20960,0.021056,172.217.194.0-255,5738,184567,78,260085
20961,0.021072,172.31.40.0-255,66,184633,78,260085
20962,0.023189,172.217.194.0-255,5738,190371,78,260085
20963,0.023202,172.31.40.0-255,66,190437,78,260085
20964,0.025285,172.217.194.0-255,5738,196175,78,260085
20965,0.025296,172.31.40.0-255,66,196241,78,260085
20966,0.027389,172.217.194.0-255,5738,201979,78,260085
20967,0.0274,172.31.40.0-255,66,202045,78,260085
20968,0.029493,172.217.194.0-255,5738,207783,78,260085
20969,0.029506,172.31.40.0-255,66,207849,78,260085
20970,0.031618,172.217.194.0-255,5738,213587,78,260085
20971,0.031631,172.31.40.0-255,66,213653,78,260085
20972,0.033704,172.217.194.0-255,5738,219391,78,260085
20973,0.033713,172.31.40.0-255,66,219457,78,260085
20974,0.035817,172.217.194.0-255,5738,225195,78,260085
20975,0.035832,172.31.40.0-255,66,225261,78,260085
20976,0.037923,172.217.194.0-255,5738,230999,78,260085
20977,0.03794,172.31.40.0-255,66,231065,78,260085
20978,0.040044,172.217.194.0-255,5738,236803,78,260085
20979,0.040052,172.31.40.0-255,66,236869,78,260085
20980,0.042143,172.217.194.0-255,5738,242607,78,260085
20981,0.042159,172.31.40.0-255,66,242673,78,260085
20982,0.044275,172.217.194.0-255,5738,248411,78,260085
20983,0.044293,172.31.40.0-255,66,248477,78,260085
20984,0.046383,172.217.194.0-255,5738,254215,78,260085
20985,0.046395,172.31.40.0-255,66,254281,78,260085
20986,0.048485,172.217.194.0-255,5738,260019,78,260085
20987,0.048499,172.31.40.0-255,66,260085,78,260085
20988,0.0,74.125.24.0-255,146,146,78,249027
20989,2.6e-05,172.31.40.0-255,66,212,78,249027
20990,3.3e-05,74.125.24.0-255,1484,1696,78,249027
20991,3.8e-05,172.31.40.0-255,66,1762,78,249027
20992,4.4e-05,74.125.24.0-255,2902,4664,78,249027
20993,4.7e-05,172.31.40.0-255,66,4730,78,249027
20994,5.5e-05,74.125.24.0-255,7156,11886,78,249027
20995,5.8e-05,172.31.40.0-255,66,11952,78,249027
20996,6.2e-05,74.125.24.0-255,2010,13962,78,249027
20997,6.4e-05,172.31.40.0-255,66,14028,78,249027
20998,9.3e-05,74.125.24.0-255,1484,15512,78,249027
20999,9.5e-05,172.31.40.0-255,66,15578,78,249027
21000,0.000117,74.125.24.0-255,1484,17062,78,249027
21001,0.00012,172.31.40.0-255,66,17128,78,249027
21002,0.000124,74.125.24.0-255,4320,21448,78,249027
21003,0.000127,172.31.40.0-255,66,21514,78,249027
21004,0.000155,172.31.40.0-255,66,21580,78,249027
21005,0.000158,74.125.24.0-255,1125,22705,78,249027
21006,0.00016,172.31.40.0-255,66,22771,78,249027
21007,0.000566,74.125.24.0-255,1484,24255,78,249027
21008,0.000571,172.31.40.0-255,66,24321,78,249027
21009,0.000578,74.125.24.0-255,2902,27223,78,249027
21010,0.000581,172.31.40.0-255,66,27289,78,249027
21011,0.000606,74.125.24.0-255,5738,33027,78,249027
21012,0.000611,74.125.24.0-255,4320,37347,78,249027
21013,0.000619,172.31.40.0-255,66,37413,78,249027
21014,0.000622,172.31.40.0-255,66,37479,78,249027
21015,0.000665,74.125.24.0-255,4320,41799,78,249027
21016,0.000669,172.31.40.0-255,66,41865,78,249027
21017,0.000693,74.125.24.0-255,6797,48662,78,249027
21018,0.000696,172.31.40.0-255,66,48728,78,249027
21019,0.000717,74.125.24.0-255,5738,54466,78,249027
21020,0.00072,172.31.40.0-255,66,54532,78,249027
21021,0.000738,74.125.24.0-255,2543,57075,78,249027
21022,0.000741,172.31.40.0-255,66,57141,78,249027
21023,0.001178,74.125.24.0-255,647,57788,78,249027
21024,0.001211,172.31.40.0-255,66,57854,78,249027
21025,0.001851,74.125.24.0-255,1484,59338,78,249027
21026,0.001861,74.125.24.0-255,2902,62240,78,249027
21027,0.001865,172.31.40.0-255,66,62306,78,249027
21028,0.001892,74.125.24.0-255,5738,68044,78,249027
21029,0.001894,172.31.40.0-255,66,68110,78,249027
21030,0.001898,74.125.24.0-255,1484,69594,78,249027
21031,0.001918,74.125.24.0-255,5738,75332,78,249027
21032,0.00192,172.31.40.0-255,66,75398,78,249027
21033,0.001935,74.125.24.0-255,5738,81136,78,249027
21034,0.001938,172.31.40.0-255,66,81202,78,249027
21035,0.001967,172.31.40.0-255,66,81268,78,249027
21036,0.002006,74.125.24.0-255,2184,83452,78,249027
21037,0.002009,172.31.40.0-255,66,83518,78,249027
21038,0.002088,74.125.24.0-255,1484,85002,78,249027
21039,0.002106,74.125.24.0-255,2902,87904,78,249027
21040,0.002109,172.31.40.0-255,66,87970,78,249027
21041,0.002115,74.125.24.0-255,4320,92290,78,249027
21042,0.002117,172.31.40.0-255,66,92356,78,249027
21043,0.00213,74.125.24.0-255,1484,93840,78,249027
21044,0.002136,74.125.24.0-255,4320,98160,78,249027
21045,0.002138,172.31.40.0-255,66,98226,78,249027
21046,0.002156,74.125.24.0-255,2902,101128,78,249027
21047,0.002159,172.31.40.0-255,66,101194,78,249027
21048,0.002167,74.125.24.0-255,7156,108350,78,249027
21049,0.002169,172.31.40.0-255,66,108416,78,249027
21050,0.002199,74.125.24.0-255,7156,115572,78,249027
21051,0.002202,172.31.40.0-255,66,115638,78,249027
21052,0.002206,74.125.24.0-255,2184,117822,78,249027
21053,0.002208,172.31.40.0-255,66,117888,78,249027
21054,0.004272,74.125.24.0-255,5738,123626,78,249027
21055,0.004279,172.31.40.0-255,66,123692,78,249027
21056,0.006318,74.125.24.0-255,2902,126594,78,249027
21057,0.006324,172.31.40.0-255,66,126660,78,249027
21058,0.006347,74.125.24.0-255,2902,129562,78,249027
21059,0.00635,172.31.40.0-255,66,129628,78,249027
21060,0.008388,74.125.24.0-255,5738,135366,78,249027
21061,0.008395,172.31.40.0-255,66,135432,78,249027
21062,0.010486,74.125.24.0-255,5738,141170,78,249027
21063,0.010495,172.31.40.0-255,66,141236,78,249027
21064,0.012613,74.125.24.0-255,5738,146974,78,249027
21065,0.012623,172.31.40.0-255,66,147040,78,249027
21066,0.0147,74.125.24.0-255,5738,152778,78,249027
21067,0.014707,172.31.40.0-255,66,152844,78,249027
21068,0.016772,74.125.24.0-255,5738,158582,78,249027
21069,0.016779,172.31.40.0-255,66,158648,78,249027
21070,0.018825,74.125.24.0-255,5738,164386,78,249027
21071,0.018831,172.31.40.0-255,66,164452,78,249027
21072,0.020906,74.125.24.0-255,5738,170190,78,249027
21073,0.020913,172.31.40.0-255,66,170256,78,249027
21074,0.022992,74.125.24.0-255,5738,175994,78,249027
21075,0.022998,172.31.40.0-255,66,176060,78,249027
21076,0.025072,74.125.24.0-255,5738,181798,78,249027
21077,0.02508,172.31.40.0-255,66,181864,78,249027
21078,0.02713,74.125.24.0-255,2902,184766,78,249027
21079,0.027136,172.31.40.0-255,66,184832,78,249027
21080,0.027158,74.125.24.0-255,2902,187734,78,249027
21081,0.027161,172.31.40.0-255,66,187800,78,249027
21082,0.029213,74.125.24.0-255,5738,193538,78,249027
21083,0.02922,172.31.40.0-255,66,193604,78,249027
21084,0.031295,74.125.24.0-255,5738,199342,78,249027
21085,0.031303,172.31.40.0-255,66,199408,78,249027
21086,0.03339,74.125.24.0-255,5738,205146,78,249027
21087,0.033398,172.31.40.0-255,66,205212,78,249027
21088,0.03546,74.125.24.0-255,5738,210950,78,249027
21089,0.035479,172.31.40.0-255,66,211016,78,249027
21090,0.037547,74.125.24.0-255,5738,216754,78,249027
21091,0.037555,172.31.40.0-255,66,216820,78,249027
21092,0.03965,74.125.24.0-255,5738,222558,78,249027
21093,0.039668,172.31.40.0-255,66,222624,78,249027
21094,0.04173,74.125.24.0-255,5738,228362,78,249027
21095,0.041744,172.31.40.0-255,66,228428,78,249027
21096,0.043807,74.125.24.0-255,5738,234166,78,249027
21097,0.043814,172.31.40.0-255,66,234232,78,249027
21098,0.045891,74.125.24.0-255,5738,239970,78,249027
21099,0.045904,172.31.40.0-255,66,240036,78,249027
21100,0.047042,172.31.40.0-255,167,240203,78,249027
21101,0.047079,172.31.40.0-255,1104,241307,78,249027
21102,0.047138,172.31.40.0-255,1514,242821,78,249027
21103,0.04714,172.31.40.0-255,336,243157,78,249027
21104,0.047975,74.125.24.0-255,5738,248895,78,249027
21105,0.047982,172.31.40.0-255,66,248961,78,249027
21106,0.049233,104.244.42.0-255,66,249027,78,249027
21107,0.0,172.31.40.0-255,105,105,78,276
21108,0.001792,157.240.24.0-255,105,210,78,276
21109,0.001802,172.31.40.0-255,66,276,78,276
21110,0.0,74.125.24.0-255,66,66,78,66
21111,0.0,74.125.68.0-255,146,146,78,350644
21112,2.2e-05,172.31.40.0-255,66,212,78,350644
21113,3e-05,74.125.68.0-255,1484,1696,78,350644
21114,3.5e-05,172.31.40.0-255,66,1762,78,350644
21115,4.1e-05,74.125.68.0-255,2902,4664,78,350644
21116,5.1e-05,172.31.40.0-255,66,4730,78,350644
21117,6.1e-05,74.125.68.0-255,7156,11886,78,350644
21118,6.6e-05,172.31.40.0-255,66,11952,78,350644
21119,8.4e-05,74.125.68.0-255,1484,13436,78,350644
21120,8.7e-05,172.31.40.0-255,66,13502,78,350644
21121,0.000123,74.125.68.0-255,6323,19825,78,350644
21122,0.000127,172.31.40.0-255,66,19891,78,350644
21123,0.000135,74.125.68.0-255,7156,27047,78,350644
21124,0.000137,172.31.40.0-255,66,27113,78,350644
21125,0.00016,74.125.68.0-255,1484,28597,78,350644
21126,0.000162,172.31.40.0-255,66,28663,78,350644
21127,0.000246,74.125.68.0-255,2543,31206,78,350644
21128,0.000249,172.31.40.0-255,66,31272,78,350644
21129,0.000286,74.125.68.0-255,1484,32756,78,350644
21130,0.000289,172.31.40.0-255,66,32822,78,350644
21131,0.000318,74.125.68.0-255,1484,34306,78,350644
21132,0.000322,172.31.40.0-255,66,34372,78,350644
21133,0.000326,74.125.68.0-255,2902,37274,78,350644
21134,0.000329,172.31.40.0-255,66,37340,78,350644
21135,0.000335,74.125.68.0-255,5738,43078,78,350644
21136,0.000337,172.31.40.0-255,66,43144,78,350644
21137,0.00034,74.125.68.0-255,1484,44628,78,350644
21138,0.000342,172.31.40.0-255,66,44694,78,350644
21139,0.000346,74.125.68.0-255,1484,46178,78,350644
21140,0.000348,172.31.40.0-255,66,46244,78,350644
21141,0.000383,74.125.68.0-255,1484,47728,78,350644
21142,0.000386,172.31.40.0-255,66,47794,78,350644
21143,0.000389,74.125.68.0-255,1125,48919,78,350644
21144,0.000392,172.31.40.0-255,66,48985,78,350644
21145,0.000395,74.125.68.0-255,1484,50469,78,350644
21146,0.000397,172.31.40.0-255,66,50535,78,350644
21147,0.000422,74.125.68.0-255,4320,54855,78,350644
21148,0.000424,172.31.40.0-255,66,54921,78,350644
21149,0.000434,74.125.68.0-255,4320,59241,78,350644
21150,0.000437,172.31.40.0-255,66,59307,78,350644
21151,0.000461,74.125.68.0-255,5738,65045,78,350644
21152,0.000465,172.31.40.0-255,66,65111,78,350644
21153,0.000468,74.125.68.0-255,1394,66505,78,350644
21154,0.00047,172.31.40.0-255,66,66571,78,350644
21155,0.000493,74.125.68.0-255,134,66705,78,350644
21156,0.000495,172.31.40.0-255,66,66771,78,350644
21157,0.000714,74.125.68.0-255,1484,68255,78,350644
21158,0.000719,172.31.40.0-255,66,68321,78,350644
21159,0.000725,74.125.68.0-255,2902,71223,78,350644
21160,0.000728,172.31.40.0-255,66,71289,78,350644
21161,0.000738,74.125.68.0-255,4320,75609,78,350644
21162,0.00074,172.31.40.0-255,66,75675,78,350644
21163,0.000743,74.125.68.0-255,1484,77159,78,350644
21164,0.000745,172.31.40.0-255,66,77225,78,350644
21165,0.00076,74.125.68.0-255,4320,81545,78,350644
21166,0.000762,172.31.40.0-255,66,81611,78,350644
21167,0.000799,74.125.68.0-255,7156,88767,78,350644
21168,0.000803,172.31.40.0-255,66,88833,78,350644
21169,0.000816,74.125.68.0-255,1484,90317,78,350644
21170,0.000822,172.31.40.0-255,66,90383,78,350644
21171,0.000828,74.125.68.0-255,2902,93285,78,350644
21172,0.00083,172.31.40.0-255,66,93351,78,350644
21173,0.000858,74.125.68.0-255,5738,99089,78,350644
21174,0.000861,172.31.40.0-255,66,99155,78,350644
21175,0.000864,74.125.68.0-255,1484,100639,78,350644
21176,0.000866,172.31.40.0-255,66,100705,78,350644
21177,0.000907,74.125.68.0-255,766,101471,78,350644
21178,0.000911,172.31.40.0-255,66,101537,78,350644
21179,0.001333,74.125.68.0-255,1484,103021,78,350644
21180,0.001338,172.31.40.0-255,66,103087,78,350644
21181,0.001345,74.125.68.0-255,2902,105989,78,350644
21182,0.001347,172.31.40.0-255,66,106055,78,350644
21183,0.001383,74.125.68.0-255,5738,111793,78,350644
21184,0.001386,172.31.40.0-255,66,111859,78,350644
21185,0.001393,74.125.68.0-255,7156,119015,78,350644
21186,0.001395,172.31.40.0-255,66,119081,78,350644
21187,0.001467,172.31.40.0-255,66,119147,78,350644
21188,0.001511,74.125.68.0-255,2902,122049,78,350644
21189,0.001515,172.31.40.0-255,66,122115,78,350644
21190,0.001554,172.31.40.0-255,66,122181,78,350644
21191,0.001569,172.31.40.0-255,66,122247,78,350644
21192,0.001575,74.125.68.0-255,4320,126567,78,350644
21193,0.001577,172.31.40.0-255,66,126633,78,350644
21194,0.001583,74.125.68.0-255,3602,130235,78,350644
21195,0.001585,172.31.40.0-255,66,130301,78,350644
21196,0.00161,74.125.68.0-255,4320,134621,78,350644
21197,0.001613,172.31.40.0-255,66,134687,78,350644
21198,0.001645,74.125.68.0-255,7156,141843,78,350644
21199,0.00165,172.31.40.0-255,66,141909,78,350644
21200,0.001658,74.125.68.0-255,2902,144811,78,350644
21201,0.00166,172.31.40.0-255,66,144877,78,350644
21202,0.001671,74.125.68.0-255,7156,152033,78,350644
21203,0.001673,172.31.40.0-255,66,152099,78,350644
21204,0.001685,74.125.68.0-255,4320,156419,78,350644
21205,0.001687,172.31.40.0-255,66,156485,78,350644
21206,0.001692,74.125.68.0-255,2902,159387,78,350644
21207,0.001693,172.31.40.0-255,66,159453,78,350644
21208,0.001721,74.125.68.0-255,5020,164473,78,350644
21209,0.001724,172.31.40.0-255,66,164539,78,350644
21210,0.00175,74.125.68.0-255,1484,166023,78,350644
21211,0.001755,74.125.68.0-255,2902,168925,78,350644
21212,0.001757,172.31.40.0-255,66,168991,78,350644
21213,0.001786,74.125.68.0-255,5738,174729,78,350644
21214,0.001789,172.31.40.0-255,66,174795,78,350644
21215,0.001818,74.125.68.0-255,7156,181951,78,350644
21216,0.001821,172.31.40.0-255,66,182017,78,350644
21217,0.001825,74.125.68.0-255,2902,184919,78,350644
21218,0.001826,172.31.40.0-255,66,184985,78,350644
21219,0.001855,74.125.68.0-255,5738,190723,78,350644
21220,0.001858,172.31.40.0-255,66,190789,78,350644
21221,0.001864,74.125.68.0-255,7156,197945,78,350644
21222,0.001866,172.31.40.0-255,66,198011,78,350644
21223,0.001893,74.125.68.0-255,766,198777,78,350644
21224,0.001903,172.31.40.0-255,66,198843,78,350644
21225,0.001914,74.125.68.0-255,7156,205999,78,350644
21226,0.001916,172.31.40.0-255,66,206065,78,350644
21227,0.001925,172.31.40.0-255,66,206131,78,350644
21228,0.001944,74.125.68.0-255,2902,209033,78,350644
21229,0.001946,172.31.40.0-255,66,209099,78,350644
21230,0.001975,74.125.68.0-255,6438,215537,78,350644
21231,0.001982,74.125.68.0-255,5738,221275,78,350644
21232,0.001992,172.31.40.0-255,66,221341,78,350644
21233,0.002007,74.125.68.0-255,4320,225661,78,350644
21234,0.002008,74.125.68.0-255,1484,227145,78,350644
21235,0.002012,74.125.68.0-255,2902,230047,78,350644
21236,0.002016,74.125.68.0-255,4320,234367,78,350644
21237,0.002025,74.125.68.0-255,1484,235851,78,350644
21238,0.002034,172.31.40.0-255,66,235917,78,350644
21239,0.004038,74.125.68.0-255,5738,241655,78,350644
21240,0.004045,172.31.40.0-255,66,241721,78,350644
21241,0.00607,74.125.68.0-255,4320,246041,78,350644
21242,0.006077,172.31.40.0-255,66,246107,78,350644
21243,0.006104,74.125.68.0-255,1484,247591,78,350644
21244,0.008073,74.125.68.0-255,4320,251911,78,350644
21245,0.008077,172.31.40.0-255,66,251977,78,350644
21246,0.010079,74.125.68.0-255,5738,257715,78,350644
21247,0.010086,172.31.40.0-255,66,257781,78,350644
21248,0.012084,74.125.68.0-255,5738,263519,78,350644
21249,0.012092,172.31.40.0-255,66,263585,78,350644
21250,0.014091,74.125.68.0-255,5738,269323,78,350644
21251,0.014098,172.31.40.0-255,66,269389,78,350644
21252,0.016093,74.125.68.0-255,5738,275127,78,350644
21253,0.016101,172.31.40.0-255,66,275193,78,350644
21254,0.018104,74.125.68.0-255,4320,279513,78,350644
21255,0.018112,172.31.40.0-255,66,279579,78,350644
21256,0.018139,74.125.68.0-255,1484,281063,78,350644
21257,0.020109,74.125.68.0-255,4320,285383,78,350644
21258,0.020115,172.31.40.0-255,66,285449,78,350644
21259,0.022114,74.125.68.0-255,5738,291187,78,350644
21260,0.022121,172.31.40.0-255,66,291253,78,350644
21261,0.024109,74.125.68.0-255,5738,296991,78,350644
21262,0.024118,172.31.40.0-255,66,297057,78,350644
21263,0.026102,74.125.68.0-255,5738,302795,78,350644
21264,0.026112,172.31.40.0-255,66,302861,78,350644
21265,0.028109,74.125.68.0-255,5738,308599,78,350644
21266,0.028118,172.31.40.0-255,66,308665,78,350644
21267,0.030115,74.125.68.0-255,5738,314403,78,350644
21268,0.030122,172.31.40.0-255,66,314469,78,350644
21269,0.032125,74.125.68.0-255,5738,320207,78,350644
21270,0.032135,172.31.40.0-255,66,320273,78,350644
21271,0.03319,172.31.40.0-255,167,320440,78,350644
21272,0.03322,172.31.40.0-255,1108,321548,78,350644
21273,0.033278,172.31.40.0-255,1514,323062,78,350644
21274,0.03328,172.31.40.0-255,1299,324361,78,350644
21275,0.034129,74.125.68.0-255,5738,330099,78,350644
21276,0.034136,172.31.40.0-255,66,330165,78,350644
21277,0.03475,104.244.42.0-255,66,330231,78,350644
21278,0.034786,104.244.42.0-255,66,330297,78,350644
21279,0.034839,104.244.42.0-255,66,330363,78,350644
21280,0.03614,74.125.68.0-255,5738,336101,78,350644
21281,0.036148,172.31.40.0-255,66,336167,78,350644
21282,0.038195,74.125.68.0-255,5738,341905,78,350644
21283,0.038202,172.31.40.0-255,66,341971,78,350644
21284,0.0402,74.125.68.0-255,5738,347709,78,350644
21285,0.040206,172.31.40.0-255,66,347775,78,350644
21286,0.042215,74.125.68.0-255,2632,350407,78,350644
21287,0.042222,172.31.40.0-255,66,350473,78,350644
21288,0.042395,172.31.40.0-255,105,350578,78,350644
21289,0.044356,74.125.68.0-255,66,350644,78,350644
21290,0.0,74.125.24.0-255,150,150,78,220892
21291,1.9e-05,172.31.40.0-255,66,216,78,220892
21292,2.6e-05,74.125.24.0-255,1484,1700,78,220892
21293,2.9e-05,172.31.40.0-255,66,1766,78,220892
21294,3.5e-05,74.125.24.0-255,2902,4668,78,220892
21295,4.6e-05,172.31.40.0-255,66,4734,78,220892
21296,8.3e-05,74.125.24.0-255,7156,11890,78,220892
21297,8.6e-05,172.31.40.0-255,66,11956,78,220892
21298,9e-05,74.125.24.0-255,2019,13975,78,220892
21299,9.2e-05,172.31.40.0-255,66,14041,78,220892
21300,0.000141,172.31.40.0-255,66,14107,78,220892
21301,0.000145,74.125.24.0-255,2902,17009,78,220892
21302,0.000147,172.31.40.0-255,66,17075,78,220892
21303,0.000173,74.125.24.0-255,2543,19618,78,220892
21304,0.000179,172.31.40.0-255,66,19684,78,220892
21305,0.000255,74.125.24.0-255,1484,21168,78,220892
21306,0.000258,172.31.40.0-255,66,21234,78,220892
21307,0.000262,74.125.24.0-255,1484,22718,78,220892
21308,0.000264,172.31.40.0-255,66,22784,78,220892
21309,0.000288,74.125.24.0-255,1484,24268,78,220892
21310,0.000291,172.31.40.0-255,66,24334,78,220892
21311,0.000299,74.125.24.0-255,5738,30072,78,220892
21312,0.000305,172.31.40.0-255,66,30138,78,220892
21313,0.000309,74.125.24.0-255,2902,33040,78,220892
21314,0.000311,172.31.40.0-255,66,33106,78,220892
21315,0.000343,74.125.24.0-255,2902,36008,78,220892
21316,0.000346,172.31.40.0-255,66,36074,78,220892
21317,0.000351,74.125.24.0-255,4320,40394,78,220892
21318,0.000353,172.31.40.0-255,66,40460,78,220892
21319,0.000394,172.31.40.0-255,66,40526,78,220892
21320,0.00041,74.125.24.0-255,2902,43428,78,220892
21321,0.000413,172.31.40.0-255,66,43494,78,220892
21322,0.000436,74.125.24.0-255,1402,44896,78,220892
21323,0.00051,74.125.24.0-255,130,45026,78,220892
21324,0.0006,74.125.24.0-255,1484,46510,78,220892
21325,0.000605,172.31.40.0-255,66,46576,78,220892
21326,0.000611,74.125.24.0-255,2902,49478,78,220892
21327,0.000613,172.31.40.0-255,66,49544,78,220892
21328,0.000616,74.125.24.0-255,1484,51028,78,220892
21329,0.000624,74.125.24.0-255,1484,52512,78,220892
21330,0.000626,172.31.40.0-255,66,52578,78,220892
21331,0.000666,74.125.24.0-255,7156,59734,78,220892
21332,0.00067,172.31.40.0-255,66,59800,78,220892
21333,0.000674,74.125.24.0-255,2543,62343,78,220892
21334,0.000677,172.31.40.0-255,66,62409,78,220892
21335,0.000813,74.125.24.0-255,1484,63893,78,220892
21336,0.000817,74.125.24.0-255,1484,65377,78,220892
21337,0.00082,172.31.40.0-255,66,65443,78,220892
21338,0.000846,74.125.24.0-255,1484,66927,78,220892
21339,0.000852,74.125.24.0-255,5738,72665,78,220892
21340,0.000855,172.31.40.0-255,66,72731,78,220892
21341,0.000861,74.125.24.0-255,4320,77051,78,220892
21342,0.000863,172.31.40.0-255,66,77117,78,220892
21343,0.00094,74.125.24.0-255,2543,79660,78,220892
21344,0.000944,172.31.40.0-255,66,79726,78,220892
21345,0.001032,74.125.24.0-255,344,80070,78,220892
21346,0.00127,74.125.24.0-255,1484,81554,78,220892
21347,0.001274,172.31.40.0-255,66,81620,78,220892
21348,0.00128,74.125.24.0-255,2902,84522,78,220892
21349,0.001282,172.31.40.0-255,66,84588,78,220892
21350,0.001317,74.125.24.0-255,4320,88908,78,220892
21351,0.001319,172.31.40.0-255,66,88974,78,220892
21352,0.001331,74.125.24.0-255,1484,90458,78,220892
21353,0.001359,172.31.40.0-255,66,90524,78,220892
21354,0.001365,172.31.40.0-255,66,90590,78,220892
21355,0.001813,74.125.24.0-255,1484,92074,78,220892
21356,0.00182,74.125.24.0-255,2902,94976,78,220892
21357,0.001825,172.31.40.0-255,66,95042,78,220892
21358,0.001854,74.125.24.0-255,4320,99362,78,220892
21359,0.001856,172.31.40.0-255,66,99428,78,220892
21360,0.001869,74.125.24.0-255,4320,103748,78,220892
21361,0.001876,172.31.40.0-255,66,103814,78,220892
21362,0.001905,74.125.24.0-255,4320,108134,78,220892
21363,0.001907,172.31.40.0-255,66,108200,78,220892
21364,0.00191,74.125.24.0-255,1484,109684,78,220892
21365,0.001942,172.31.40.0-255,66,109750,78,220892
21366,0.001974,74.125.24.0-255,1484,111234,78,220892
21367,0.001992,74.125.24.0-255,3602,114836,78,220892
21368,0.001994,172.31.40.0-255,66,114902,78,220892
21369,0.002124,74.125.24.0-255,1484,116386,78,220892
21370,0.00213,74.125.24.0-255,2902,119288,78,220892
21371,0.002134,172.31.40.0-255,66,119354,78,220892
21372,0.002137,74.125.24.0-255,1484,120838,78,220892
21373,0.002162,74.125.24.0-255,4320,125158,78,220892
21374,0.002165,172.31.40.0-255,66,125224,78,220892
21375,0.002184,74.125.24.0-255,4320,129544,78,220892
21376,0.002186,172.31.40.0-255,66,129610,78,220892
21377,0.002222,172.31.40.0-255,66,129676,78,220892
21378,0.002227,74.125.24.0-255,4320,133996,78,220892
21379,0.002229,172.31.40.0-255,66,134062,78,220892
21380,0.002252,74.125.24.0-255,2902,136964,78,220892
21381,0.002255,172.31.40.0-255,66,137030,78,220892
21382,0.002284,74.125.24.0-255,1484,138514,78,220892
21383,0.002316,74.125.24.0-255,2184,140698,78,220892
21384,0.00232,172.31.40.0-255,66,140764,78,220892
21385,0.002778,74.125.24.0-255,1484,142248,78,220892
21386,0.002786,74.125.24.0-255,2902,145150,78,220892
21387,0.002792,172.31.40.0-255,66,145216,78,220892
21388,0.002822,74.125.24.0-255,5738,150954,78,220892
21389,0.002826,172.31.40.0-255,66,151020,78,220892
21390,0.002831,74.125.24.0-255,4320,155340,78,220892
21391,0.002833,172.31.40.0-255,66,155406,78,220892
21392,0.002838,74.125.24.0-255,2902,158308,78,220892
21393,0.002845,172.31.40.0-255,66,158374,78,220892
21394,0.002895,172.31.40.0-255,66,158440,78,220892
21395,0.002907,172.31.40.0-255,66,158506,78,220892
21396,0.00291,74.125.24.0-255,1484,159990,78,220892
21397,0.002934,172.31.40.0-255,66,160056,78,220892
21398,0.002937,74.125.24.0-255,1484,161540,78,220892
21399,0.00294,172.31.40.0-255,78,161618,78,220892
21400,0.002946,74.125.24.0-255,5738,167356,78,220892
21401,0.002949,172.31.40.0-255,66,167422,78,220892
21402,0.002954,74.125.24.0-255,3602,171024,78,220892
21403,0.002957,172.31.40.0-255,66,171090,78,220892
21404,0.003015,74.125.24.0-255,1484,172574,78,220892
21405,0.003019,74.125.24.0-255,1484,174058,78,220892
21406,0.003022,172.31.40.0-255,66,174124,78,220892
21407,0.003045,74.125.24.0-255,1484,175608,78,220892
21408,0.003051,74.125.24.0-255,5738,181346,78,220892
21409,0.003054,172.31.40.0-255,66,181412,78,220892
21410,0.00309,172.31.40.0-255,66,181478,78,220892
21411,0.003093,74.125.24.0-255,1484,182962,78,220892
21412,0.003154,172.31.40.0-255,66,183028,78,220892
21413,0.00318,74.125.24.0-255,1484,184512,78,220892
21414,0.003194,74.125.24.0-255,2902,187414,78,220892
21415,0.003197,172.31.40.0-255,66,187480,78,220892
21416,0.003244,74.125.24.0-255,5738,193218,78,220892
21417,0.003248,172.31.40.0-255,66,193284,78,220892
21418,0.003255,74.125.24.0-255,7156,200440,78,220892
21419,0.003257,172.31.40.0-255,66,200506,78,220892
21420,0.003265,74.125.24.0-255,1484,201990,78,220892
21421,0.003278,172.31.40.0-255,66,202056,78,220892
21422,0.003322,172.31.40.0-255,66,202122,78,220892
21423,0.003333,172.31.40.0-255,66,202188,78,220892
21424,0.00334,74.125.24.0-255,1484,203672,78,220892
21425,0.003345,74.125.24.0-255,4320,207992,78,220892
21426,0.003348,172.31.40.0-255,66,208058,78,220892
21427,0.003398,172.31.40.0-255,66,208124,78,220892
21428,0.003404,74.125.24.0-255,5020,213144,78,220892
21429,0.003407,172.31.40.0-255,66,213210,78,220892
21430,0.003431,172.31.40.0-255,66,213276,78,220892
21431,0.003436,74.125.24.0-255,2913,216189,78,220892
21432,0.003439,172.31.40.0-255,66,216255,78,220892
21433,0.003442,74.125.24.0-255,105,216360,78,220892
21434,0.014825,172.31.40.0-255,66,216426,78,220892
21435,0.014873,172.31.40.0-255,105,216531,78,220892
21436,0.017429,74.125.24.0-255,66,216597,78,220892
21437,0.037334,172.31.40.0-255,176,216773,78,220892
21438,0.037368,172.31.40.0-255,1107,217880,78,220892
21439,0.037427,172.31.40.0-255,1514,219394,78,220892
21440,0.037428,172.31.40.0-255,1300,220694,78,220892
21441,0.038893,104.244.42.0-255,66,220760,78,220892
21442,0.039074,104.244.42.0-255,66,220826,78,220892
21443,0.039094,104.244.42.0-255,66,220892,78,220892
21444,0.0,172.217.194.0-255,153,153,78,230772
21445,2.2e-05,172.31.40.0-255,66,219,78,230772
21446,3e-05,172.217.194.0-255,1484,1703,78,230772
21447,3.5e-05,172.31.40.0-255,66,1769,78,230772
21448,4.9e-05,172.217.194.0-255,2902,4671,78,230772
21449,5.3e-05,172.31.40.0-255,66,4737,78,230772
21450,6.1e-05,172.217.194.0-255,7156,11893,78,230772
21451,6.4e-05,172.31.40.0-255,66,11959,78,230772
21452,6.9e-05,172.217.194.0-255,4976,16935,78,230772
21453,7.3e-05,172.31.40.0-255,66,17001,78,230772
21454,7.8e-05,172.217.194.0-255,4320,21321,78,230772
21455,8e-05,172.31.40.0-255,66,21387,78,230772
21456,0.000118,172.31.40.0-255,66,21453,78,230772
21457,0.000149,172.217.194.0-255,1484,22937,78,230772
21458,0.000151,172.31.40.0-255,66,23003,78,230772
21459,0.000155,172.217.194.0-255,2902,25905,78,230772
21460,0.000158,172.31.40.0-255,66,25971,78,230772
21461,0.000175,172.217.194.0-255,5738,31709,78,230772
21462,0.000178,172.31.40.0-255,66,31775,78,230772
21463,0.000223,172.31.40.0-255,66,31841,78,230772
21464,0.000238,172.31.40.0-255,66,31907,78,230772
21465,0.000241,172.217.194.0-255,116,32023,78,230772
21466,0.000243,172.31.40.0-255,66,32089,78,230772
21467,0.000365,172.217.194.0-255,385,32474,78,230772
21468,0.000369,172.31.40.0-255,66,32540,78,230772
21469,0.0007,172.217.194.0-255,1484,34024,78,230772
21470,0.000705,172.31.40.0-255,66,34090,78,230772
21471,0.00071,172.217.194.0-255,2902,36992,78,230772
21472,0.000712,172.31.40.0-255,66,37058,78,230772
21473,0.000718,172.217.194.0-255,5738,42796,78,230772
21474,0.000732,172.217.194.0-255,7156,49952,78,230772
21475,0.000741,172.31.40.0-255,66,50018,78,230772
21476,0.000777,172.217.194.0-255,2184,52202,78,230772
21477,0.000785,172.31.40.0-255,66,52268,78,230772
21478,0.000978,172.217.194.0-255,1484,53752,78,230772
21479,0.000983,172.217.194.0-255,2902,56654,78,230772
21480,0.000988,172.31.40.0-255,66,56720,78,230772
21481,0.00101,172.217.194.0-255,5738,62458,78,230772
21482,0.001015,172.217.194.0-255,2902,65360,78,230772
21483,0.001025,172.31.40.0-255,66,65426,78,230772
21484,0.00106,172.217.194.0-255,766,66192,78,230772
21485,0.001082,172.31.40.0-255,66,66258,78,230772
21486,0.001176,172.217.194.0-255,1484,67742,78,230772
21487,0.001233,172.217.194.0-255,2902,70644,78,230772
21488,0.001238,172.217.194.0-255,5738,76382,78,230772
21489,0.001262,172.31.40.0-255,66,76448,78,230772
21490,0.001273,172.217.194.0-255,766,77214,78,230772
21491,0.001298,172.31.40.0-255,66,77280,78,230772
21492,0.001387,172.217.194.0-255,1484,78764,78,230772
21493,0.001403,172.217.194.0-255,2902,81666,78,230772
21494,0.00141,172.217.194.0-255,5738,87404,78,230772
21495,0.001424,172.31.40.0-255,66,87470,78,230772
21496,0.001474,172.217.194.0-255,766,88236,78,230772
21497,0.00149,172.31.40.0-255,66,88302,78,230772
21498,0.001595,172.217.194.0-255,1484,89786,78,230772
21499,0.001601,172.217.194.0-255,2902,92688,78,230772
21500,0.001604,172.217.194.0-255,1484,94172,78,230772
21501,0.001617,172.31.40.0-255,66,94238,78,230772
21502,0.001622,172.217.194.0-255,4320,98558,78,230772
21503,0.001627,172.217.194.0-255,4320,102878,78,230772
21504,0.001647,172.31.40.0-255,66,102944,78,230772
21505,0.001694,172.31.40.0-255,66,103010,78,230772
21506,0.002087,172.217.194.0-255,1484,104494,78,230772
21507,0.002092,172.217.194.0-255,2902,107396,78,230772
21508,0.002096,172.31.40.0-255,66,107462,78,230772
21509,0.002103,172.217.194.0-255,5738,113200,78,230772
21510,0.002116,172.31.40.0-255,66,113266,78,230772
21511,0.002182,172.217.194.0-255,2184,115450,78,230772
21512,0.002237,172.217.194.0-255,1484,116934,78,230772
21513,0.002242,172.217.194.0-255,2902,119836,78,230772
21514,0.002252,172.217.194.0-255,1484,121320,78,230772
21515,0.002267,172.217.194.0-255,4320,125640,78,230772
21516,0.002307,172.217.194.0-255,2902,128542,78,230772
21517,0.007953,172.31.40.0-255,66,128608,78,230772
21518,0.010256,172.217.194.0-255,5738,134346,78,230772
21519,0.010264,172.31.40.0-255,66,134412,78,230772
21520,0.012526,172.217.194.0-255,5738,140150,78,230772
21521,0.012535,172.31.40.0-255,66,140216,78,230772
21522,0.0148,172.217.194.0-255,5738,145954,78,230772
21523,0.014808,172.31.40.0-255,66,146020,78,230772
21524,0.017116,172.217.194.0-255,5738,151758,78,230772
21525,0.017134,172.31.40.0-255,66,151824,78,230772
21526,0.019416,172.217.194.0-255,5738,157562,78,230772
21527,0.019423,172.31.40.0-255,66,157628,78,230772
21528,0.021685,172.217.194.0-255,5738,163366,78,230772
21529,0.021699,172.31.40.0-255,66,163432,78,230772
21530,0.023955,172.217.194.0-255,5738,169170,78,230772
21531,0.023964,172.31.40.0-255,66,169236,78,230772
21532,0.02623,172.217.194.0-255,5738,174974,78,230772
21533,0.026241,172.31.40.0-255,66,175040,78,230772
21534,0.028505,172.217.194.0-255,5738,180778,78,230772
21535,0.028519,172.31.40.0-255,66,180844,78,230772
21536,0.030769,172.217.194.0-255,5738,186582,78,230772
21537,0.030777,172.31.40.0-255,66,186648,78,230772
21538,0.033051,172.217.194.0-255,5738,192386,78,230772
21539,0.033064,172.31.40.0-255,66,192452,78,230772
21540,0.03532,172.217.194.0-255,5738,198190,78,230772
21541,0.035329,172.31.40.0-255,66,198256,78,230772
21542,0.037575,172.217.194.0-255,5738,203994,78,230772
21543,0.037582,172.31.40.0-255,66,204060,78,230772
21544,0.039858,172.217.194.0-255,5738,209798,78,230772
21545,0.039883,172.31.40.0-255,66,209864,78,230772
21546,0.042153,172.217.194.0-255,5738,215602,78,230772
21547,0.042166,172.31.40.0-255,66,215668,78,230772
21548,0.044434,172.217.194.0-255,5738,221406,78,230772
21549,0.04445,172.31.40.0-255,66,221472,78,230772
21550,0.046728,172.217.194.0-255,5738,227210,78,230772
21551,0.046742,172.31.40.0-255,66,227276,78,230772
21552,0.049009,172.217.194.0-255,3325,230601,78,230772
21553,0.049026,172.31.40.0-255,66,230667,78,230772
21554,0.04932,172.31.40.0-255,105,230772,78,230772
21555,0.0,74.125.68.0-255,157,157,78,333649
21556,2.5e-05,172.31.40.0-255,66,223,78,333649
21557,3.3e-05,74.125.68.0-255,1484,1707,78,333649
21558,3.8e-05,172.31.40.0-255,66,1773,78,333649
21559,4.4e-05,74.125.68.0-255,2902,4675,78,333649
21560,4.7e-05,172.31.40.0-255,66,4741,78,333649
21561,5.3e-05,74.125.68.0-255,4320,9061,78,333649
21562,5.7e-05,172.31.40.0-255,66,9127,78,333649
21563,8.7e-05,74.125.68.0-255,4960,14087,78,333649
21564,9.1e-05,172.31.40.0-255,66,14153,78,333649
21565,0.000194,74.125.68.0-255,1484,15637,78,333649
21566,0.000197,172.31.40.0-255,66,15703,78,333649
21567,0.000202,74.125.68.0-255,2902,18605,78,333649
21568,0.000204,172.31.40.0-255,66,18671,78,333649
21569,0.000229,74.125.68.0-255,5738,24409,78,333649
21570,0.000232,172.31.40.0-255,66,24475,78,333649
21571,0.000236,74.125.68.0-255,2902,27377,78,333649
21572,0.000238,172.31.40.0-255,66,27443,78,333649
21573,0.000244,74.125.68.0-255,3961,31404,78,333649
21574,0.000246,172.31.40.0-255,66,31470,78,333649
21575,0.000281,74.125.68.0-255,2902,34372,78,333649
21576,0.000284,172.31.40.0-255,66,34438,78,333649
21577,0.00031,74.125.68.0-255,2902,37340,78,333649
21578,0.000313,172.31.40.0-255,66,37406,78,333649
21579,0.00032,74.125.68.0-255,7156,44562,78,333649
21580,0.000323,172.31.40.0-255,66,44628,78,333649
21581,0.00035,74.125.68.0-255,3961,48589,78,333649
21582,0.000354,172.31.40.0-255,66,48655,78,333649
21583,0.000398,74.125.68.0-255,1484,50139,78,333649
21584,0.000401,172.31.40.0-255,66,50205,78,333649
21585,0.000416,74.125.68.0-255,2902,53107,78,333649
21586,0.000419,172.31.40.0-255,66,53173,78,333649
21587,0.000443,74.125.68.0-255,5738,58911,78,333649
21588,0.000446,172.31.40.0-255,66,58977,78,333649
21589,0.00045,74.125.68.0-255,2902,61879,78,333649
21590,0.000452,172.31.40.0-255,66,61945,78,333649
21591,0.000457,74.125.68.0-255,4241,66186,78,333649
21592,0.000459,172.31.40.0-255,66,66252,78,333649
21593,0.000484,74.125.68.0-255,125,66377,78,333649
21594,0.000766,74.125.68.0-255,348,66725,78,333649
21595,0.000942,74.125.68.0-255,1484,68209,78,333649
21596,0.000946,172.31.40.0-255,66,68275,78,333649
21597,0.000952,74.125.68.0-255,2902,71177,78,333649
21598,0.000954,172.31.40.0-255,66,71243,78,333649
21599,0.00097,74.125.68.0-255,4320,75563,78,333649
21600,0.000974,172.31.40.0-255,66,75629,78,333649
21601,0.000982,74.125.68.0-255,1484,77113,78,333649
21602,0.00099,74.125.68.0-255,7156,84269,78,333649
21603,0.000993,172.31.40.0-255,66,84335,78,333649
21604,0.001019,74.125.68.0-255,5738,90073,78,333649
21605,0.001022,172.31.40.0-255,66,90139,78,333649
21606,0.001039,74.125.68.0-255,2902,93041,78,333649
21607,0.001042,172.31.40.0-255,66,93107,78,333649
21608,0.001048,74.125.68.0-255,5738,98845,78,333649
21609,0.00105,172.31.40.0-255,66,98911,78,333649
21610,0.001065,74.125.68.0-255,2184,101095,78,333649
21611,0.001068,172.31.40.0-255,66,101161,78,333649
21612,0.001629,74.125.68.0-255,1484,102645,78,333649
21613,0.00164,74.125.68.0-255,2902,105547,78,333649
21614,0.001644,172.31.40.0-255,66,105613,78,333649
21615,0.001649,74.125.68.0-255,1484,107097,78,333649
21616,0.001653,74.125.68.0-255,2902,109999,78,333649
21617,0.001655,172.31.40.0-255,66,110065,78,333649
21618,0.001695,74.125.68.0-255,1484,111549,78,333649
21619,0.001713,74.125.68.0-255,2902,114451,78,333649
21620,0.001716,172.31.40.0-255,66,114517,78,333649
21621,0.00174,74.125.68.0-255,5738,120255,78,333649
21622,0.001742,172.31.40.0-255,66,120321,78,333649
21623,0.001746,74.125.68.0-255,1484,121805,78,333649
21624,0.001763,74.125.68.0-255,5738,127543,78,333649
21625,0.00178,172.31.40.0-255,66,127609,78,333649
21626,0.001788,74.125.68.0-255,7156,134765,78,333649
21627,0.00179,172.31.40.0-255,66,134831,78,333649
21628,0.001807,74.125.68.0-255,766,135597,78,333649
21629,0.001924,74.125.68.0-255,1484,137081,78,333649
21630,0.001929,172.31.40.0-255,66,137147,78,333649
21631,0.001957,74.125.68.0-255,2902,140049,78,333649
21632,0.00196,172.31.40.0-255,66,140115,78,333649
21633,0.001965,74.125.68.0-255,2902,143017,78,333649
21634,0.001966,172.31.40.0-255,66,143083,78,333649
21635,0.001981,74.125.68.0-255,1484,144567,78,333649
21636,0.001987,74.125.68.0-255,2902,147469,78,333649
21637,0.001989,172.31.40.0-255,66,147535,78,333649
21638,0.002005,74.125.68.0-255,5738,153273,78,333649
21639,0.002008,172.31.40.0-255,66,153339,78,333649
21640,0.002056,74.125.68.0-255,5738,159077,78,333649
21641,0.002059,172.31.40.0-255,66,159143,78,333649
21642,0.002084,74.125.68.0-255,4320,163463,78,333649
21643,0.002086,172.31.40.0-255,66,163529,78,333649
21644,0.002093,74.125.68.0-255,6438,169967,78,333649
21645,0.002095,172.31.40.0-255,66,170033,78,333649
21646,0.002108,74.125.68.0-255,1484,171517,78,333649
21647,0.002131,74.125.68.0-255,2902,174419,78,333649
21648,0.002134,172.31.40.0-255,66,174485,78,333649
21649,0.002137,74.125.68.0-255,1484,175969,78,333649
21650,0.002157,74.125.68.0-255,4320,180289,78,333649
21651,0.002159,172.31.40.0-255,66,180355,78,333649
21652,0.002163,74.125.68.0-255,2902,183257,78,333649
21653,0.002166,172.31.40.0-255,66,183323,78,333649
21654,0.002198,172.31.40.0-255,66,183389,78,333649
21655,0.00221,74.125.68.0-255,1484,184873,78,333649
21656,0.002224,74.125.68.0-255,2902,187775,78,333649
21657,0.002226,172.31.40.0-255,66,187841,78,333649
21658,0.002248,74.125.68.0-255,5738,193579,78,333649
21659,0.002251,172.31.40.0-255,66,193645,78,333649
21660,0.002253,74.125.68.0-255,766,194411,78,333649
21661,0.002322,74.125.68.0-255,1484,195895,78,333649
21662,0.002326,172.31.40.0-255,66,195961,78,333649
21663,0.002332,74.125.68.0-255,2902,198863,78,333649
21664,0.002334,172.31.40.0-255,66,198929,78,333649
21665,0.002369,74.125.68.0-255,4320,203249,78,333649
21666,0.002372,172.31.40.0-255,66,203315,78,333649
21667,0.002386,74.125.68.0-255,1484,204799,78,333649
21668,0.002402,74.125.68.0-255,1484,206283,78,333649
21669,0.002404,172.31.40.0-255,66,206349,78,333649
21670,0.002432,74.125.68.0-255,2902,209251,78,333649
21671,0.002435,172.31.40.0-255,66,209317,78,333649
21672,0.00247,74.125.68.0-255,1484,210801,78,333649
21673,0.002503,74.125.68.0-255,2902,213703,78,333649
21674,0.002507,172.31.40.0-255,66,213769,78,333649
21675,0.002528,74.125.68.0-255,4320,218089,78,333649
21676,0.002531,172.31.40.0-255,66,218155,78,333649
21677,0.002553,74.125.68.0-255,5738,223893,78,333649
21678,0.002555,172.31.40.0-255,66,223959,78,333649
21679,0.002578,74.125.68.0-255,2902,226861,78,333649
21680,0.00258,172.31.40.0-255,66,226927,78,333649
21681,0.002585,74.125.68.0-255,2184,229111,78,333649
21682,0.002587,172.31.40.0-255,66,229177,78,333649
21683,0.005128,74.125.68.0-255,5738,234915,78,333649
21684,0.005138,172.31.40.0-255,66,234981,78,333649
21685,0.007691,74.125.68.0-255,5738,240719,78,333649
21686,0.007698,172.31.40.0-255,66,240785,78,333649
21687,0.010241,74.125.68.0-255,5738,246523,78,333649
21688,0.01026,172.31.40.0-255,66,246589,78,333649
21689,0.012811,74.125.68.0-255,5738,252327,78,333649
21690,0.012829,172.31.40.0-255,66,252393,78,333649
21691,0.015389,74.125.68.0-255,5738,258131,78,333649
21692,0.015407,172.31.40.0-255,66,258197,78,333649
21693,0.017951,74.125.68.0-255,5738,263935,78,333649
21694,0.01796,172.31.40.0-255,66,264001,78,333649
21695,0.020525,74.125.68.0-255,5738,269739,78,333649
21696,0.020543,172.31.40.0-255,66,269805,78,333649
21697,0.023096,74.125.68.0-255,5738,275543,78,333649
21698,0.023107,172.31.40.0-255,66,275609,78,333649
21699,0.025676,74.125.68.0-255,5738,281347,78,333649
21700,0.025692,172.31.40.0-255,66,281413,78,333649
21701,0.028243,74.125.68.0-255,5738,287151,78,333649
21702,0.028254,172.31.40.0-255,66,287217,78,333649
21703,0.030808,74.125.68.0-255,5738,292955,78,333649
21704,0.030824,172.31.40.0-255,66,293021,78,333649
21705,0.033407,74.125.68.0-255,5738,298759,78,333649
21706,0.033428,172.31.40.0-255,66,298825,78,333649
21707,0.035968,74.125.68.0-255,5738,304563,78,333649
21708,0.035979,172.31.40.0-255,66,304629,78,333649
21709,0.038528,74.125.68.0-255,5738,310367,78,333649
21710,0.038545,172.31.40.0-255,66,310433,78,333649
21711,0.041102,74.125.68.0-255,5738,316171,78,333649
21712,0.041121,172.31.40.0-255,66,316237,78,333649
21713,0.043661,74.125.68.0-255,5738,321975,78,333649
21714,0.043679,172.31.40.0-255,66,322041,78,333649
21715,0.046223,74.125.68.0-255,5738,327779,78,333649
21716,0.04624,172.31.40.0-255,66,327845,78,333649
21717,0.048801,74.125.68.0-255,5738,333583,78,333649
21718,0.048813,172.31.40.0-255,66,333649,78,333649
21719,0.0,74.125.24.0-255,150,150,78,293432
21720,1.9e-05,172.31.40.0-255,66,216,78,293432
21721,2.6e-05,74.125.24.0-255,1484,1700,78,293432
21722,3.1e-05,172.31.40.0-255,66,1766,78,293432
21723,3.6e-05,74.125.24.0-255,2902,4668,78,293432
21724,3.9e-05,172.31.40.0-255,66,4734,78,293432
21725,4.7e-05,74.125.24.0-255,7156,11890,78,293432
21726,5.9e-05,172.31.40.0-255,66,11956,78,293432
21727,6.3e-05,74.125.24.0-255,2138,14094,78,293432
21728,6.6e-05,172.31.40.0-255,66,14160,78,293432
21729,0.000367,74.125.24.0-255,1484,15644,78,293432
21730,0.000373,172.31.40.0-255,66,15710,78,293432
21731,0.00038,74.125.24.0-255,2902,18612,78,293432
21732,0.000383,172.31.40.0-255,66,18678,78,293432
21733,0.000386,74.125.24.0-255,1484,20162,78,293432
21734,0.000388,172.31.40.0-255,66,20228,78,293432
21735,0.000424,74.125.24.0-255,4320,24548,78,293432
21736,0.000428,172.31.40.0-255,66,24614,78,293432
21737,0.000435,74.125.24.0-255,5738,30352,78,293432
21738,0.000438,172.31.40.0-255,66,30418,78,293432
21739,0.000481,172.31.40.0-255,66,30484,78,293432
21740,0.000484,74.125.24.0-255,1484,31968,78,293432
21741,0.000486,172.31.40.0-255,66,32034,78,293432
21742,0.000491,74.125.24.0-255,2902,34936,78,293432
21743,0.000493,172.31.40.0-255,66,35002,78,293432
21744,0.000521,74.125.24.0-255,5379,40381,78,293432
21745,0.000524,172.31.40.0-255,66,40447,78,293432
21746,0.000553,74.125.24.0-255,1484,41931,78,293432
21747,0.000555,172.31.40.0-255,66,41997,78,293432
21748,0.000584,74.125.24.0-255,7156,49153,78,293432
21749,0.000587,172.31.40.0-255,66,49219,78,293432
21750,0.000598,172.31.40.0-255,66,49285,78,293432
21751,0.000628,74.125.24.0-255,381,49666,78,293432
21752,0.00073,74.125.24.0-255,1484,51150,78,293432
21753,0.000733,74.125.24.0-255,1484,52634,78,293432
21754,0.000738,172.31.40.0-255,66,52700,78,293432
21755,0.000748,74.125.24.0-255,1484,54184,78,293432
21756,0.000751,172.31.40.0-255,66,54250,78,293432
21757,0.000762,74.125.24.0-255,5738,59988,78,293432
21758,0.000764,172.31.40.0-255,66,60054,78,293432
21759,0.000797,74.125.24.0-255,6797,66851,78,293432
21760,0.000801,172.31.40.0-255,66,66917,78,293432
21761,0.000806,74.125.24.0-255,4320,71237,78,293432
21762,0.000808,172.31.40.0-255,66,71303,78,293432
21763,0.00084,74.125.24.0-255,2902,74205,78,293432
21764,0.000843,172.31.40.0-255,66,74271,78,293432
21765,0.000855,172.31.40.0-255,66,74337,78,293432
21766,0.000906,74.125.24.0-255,1484,75821,78,293432
21767,0.00091,74.125.24.0-255,1484,77305,78,293432
21768,0.000914,172.31.40.0-255,66,77371,78,293432
21769,0.000944,74.125.24.0-255,1484,78855,78,293432
21770,0.000951,74.125.24.0-255,5738,84593,78,293432
21771,0.000953,172.31.40.0-255,66,84659,78,293432
21772,0.000959,74.125.24.0-255,4320,88979,78,293432
21773,0.000961,172.31.40.0-255,66,89045,78,293432
21774,0.000979,74.125.24.0-255,1484,90529,78,293432
21775,0.000986,74.125.24.0-255,576,91105,78,293432
21776,0.000988,172.31.40.0-255,66,91171,78,293432
21777,0.001182,74.125.24.0-255,1484,92655,78,293432
21778,0.001188,74.125.24.0-255,2902,95557,78,293432
21779,0.001191,172.31.40.0-255,66,95623,78,293432
21780,0.001226,74.125.24.0-255,5738,101361,78,293432
21781,0.001229,172.31.40.0-255,66,101427,78,293432
21782,0.001246,74.125.24.0-255,4320,105747,78,293432
21783,0.001252,172.31.40.0-255,66,105813,78,293432
21784,0.001281,74.125.24.0-255,2543,108356,78,293432
21785,0.001284,172.31.40.0-255,66,108422,78,293432
21786,0.001508,74.125.24.0-255,1484,109906,78,293432
21787,0.001514,74.125.24.0-255,2902,112808,78,293432
21788,0.001517,172.31.40.0-255,66,112874,78,293432
21789,0.001521,74.125.24.0-255,1484,114358,78,293432
21790,0.001549,74.125.24.0-255,4320,118678,78,293432
21791,0.001553,172.31.40.0-255,66,118744,78,293432
21792,0.001567,172.31.40.0-255,66,118810,78,293432
21793,0.0016,74.125.24.0-255,7156,125966,78,293432
21794,0.001603,172.31.40.0-255,66,126032,78,293432
21795,0.00163,74.125.24.0-255,3602,129634,78,293432
21796,0.001633,172.31.40.0-255,66,129700,78,293432
21797,0.001775,74.125.24.0-255,1484,131184,78,293432
21798,0.00178,74.125.24.0-255,1484,132668,78,293432
21799,0.001783,172.31.40.0-255,66,132734,78,293432
21800,0.001808,74.125.24.0-255,1484,134218,78,293432
21801,0.001814,74.125.24.0-255,5738,139956,78,293432
21802,0.001819,172.31.40.0-255,66,140022,78,293432
21803,0.00183,74.125.24.0-255,1484,141506,78,293432
21804,0.001842,74.125.24.0-255,1484,142990,78,293432
21805,0.001844,172.31.40.0-255,66,143056,78,293432
21806,0.001847,74.125.24.0-255,1484,144540,78,293432
21807,0.001886,172.31.40.0-255,66,144606,78,293432
21808,0.001891,74.125.24.0-255,2902,147508,78,293432
21809,0.001893,172.31.40.0-255,66,147574,78,293432
21810,0.001937,172.31.40.0-255,66,147640,78,293432
21811,0.00194,74.125.24.0-255,1484,149124,78,293432
21812,0.001944,74.125.24.0-255,2902,152026,78,293432
21813,0.001946,172.31.40.0-255,66,152092,78,293432
21814,0.001989,74.125.24.0-255,5738,157830,78,293432
21815,0.001993,172.31.40.0-255,66,157896,78,293432
21816,0.002007,172.31.40.0-255,66,157962,78,293432
21817,0.002011,74.125.24.0-255,2902,160864,78,293432
21818,0.002014,172.31.40.0-255,66,160930,78,293432
21819,0.002084,172.31.40.0-255,66,160996,78,293432
21820,0.002339,74.125.24.0-255,1484,162480,78,293432
21821,0.002345,74.125.24.0-255,2902,165382,78,293432
21822,0.002349,172.31.40.0-255,66,165448,78,293432
21823,0.002354,74.125.24.0-255,2902,168350,78,293432
21824,0.002356,172.31.40.0-255,66,168416,78,293432
21825,0.00238,74.125.24.0-255,1484,169900,78,293432
21826,0.0024,172.31.40.0-255,66,169966,78,293432
21827,0.002434,172.31.40.0-255,66,170032,78,293432
21828,0.00246,74.125.24.0-255,5020,175052,78,293432
21829,0.002463,172.31.40.0-255,66,175118,78,293432
21830,0.002536,74.125.24.0-255,1484,176602,78,293432
21831,0.002554,74.125.24.0-255,2902,179504,78,293432
21832,0.002558,172.31.40.0-255,66,179570,78,293432
21833,0.002568,74.125.24.0-255,5738,185308,78,293432
21834,0.002571,172.31.40.0-255,66,185374,78,293432
21835,0.002578,74.125.24.0-255,1484,186858,78,293432
21836,0.002584,74.125.24.0-255,4320,191178,78,293432
21837,0.002586,172.31.40.0-255,66,191244,78,293432
21838,0.002611,74.125.24.0-255,4320,195564,78,293432
21839,0.002614,172.31.40.0-255,66,195630,78,293432
21840,0.002648,172.31.40.0-255,66,195696,78,293432
21841,0.002679,74.125.24.0-255,2184,197880,78,293432
21842,0.002682,172.31.40.0-255,66,197946,78,293432
21843,0.005298,74.125.24.0-255,2902,200848,78,293432
21844,0.005317,172.31.40.0-255,66,200914,78,293432
21845,0.005347,74.125.24.0-255,2902,203816,78,293432
21846,0.005349,172.31.40.0-255,66,203882,78,293432
21847,0.007972,74.125.24.0-255,2902,206784,78,293432
21848,0.00799,172.31.40.0-255,66,206850,78,293432
21849,0.008024,74.125.24.0-255,2902,209752,78,293432
21850,0.008028,172.31.40.0-255,66,209818,78,293432
21851,0.010626,74.125.24.0-255,2902,212720,78,293432
21852,0.010632,172.31.40.0-255,66,212786,78,293432
21853,0.010659,74.125.24.0-255,2902,215688,78,293432
21854,0.010663,172.31.40.0-255,66,215754,78,293432
21855,0.013246,74.125.24.0-255,2902,218656,78,293432
21856,0.013254,172.31.40.0-255,66,218722,78,293432
21857,0.013283,74.125.24.0-255,2902,221624,78,293432
21858,0.013286,172.31.40.0-255,66,221690,78,293432
21859,0.015918,74.125.24.0-255,2902,224592,78,293432
21860,0.015938,172.31.40.0-255,66,224658,78,293432
21861,0.015979,74.125.24.0-255,2902,227560,78,293432
21862,0.015983,172.31.40.0-255,66,227626,78,293432
21863,0.018575,74.125.24.0-255,2902,230528,78,293432
21864,0.018583,172.31.40.0-255,66,230594,78,293432
21865,0.018606,74.125.24.0-255,2902,233496,78,293432
21866,0.018609,172.31.40.0-255,66,233562,78,293432
21867,0.021221,74.125.24.0-255,2902,236464,78,293432
21868,0.02123,172.31.40.0-255,66,236530,78,293432
21869,0.021261,74.125.24.0-255,2902,239432,78,293432
21870,0.021264,172.31.40.0-255,66,239498,78,293432
21871,0.023902,74.125.24.0-255,5738,245236,78,293432
21872,0.023913,172.31.40.0-255,66,245302,78,293432
21873,0.026537,74.125.24.0-255,5738,251040,78,293432
21874,0.026569,172.31.40.0-255,66,251106,78,293432
21875,0.029234,74.125.24.0-255,5738,256844,78,293432
21876,0.029253,172.31.40.0-255,66,256910,78,293432
21877,0.031932,74.125.24.0-255,5738,262648,78,293432
21878,0.031943,172.31.40.0-255,66,262714,78,293432
21879,0.034584,74.125.24.0-255,5738,268452,78,293432
21880,0.034595,172.31.40.0-255,66,268518,78,293432
21881,0.037218,74.125.24.0-255,5738,274256,78,293432
21882,0.037226,172.31.40.0-255,66,274322,78,293432
21883,0.039913,74.125.24.0-255,5738,280060,78,293432
21884,0.039931,172.31.40.0-255,66,280126,78,293432
21885,0.042588,74.125.24.0-255,5738,285864,78,293432
21886,0.042601,172.31.40.0-255,66,285930,78,293432
21887,0.045237,74.125.24.0-255,5738,291668,78,293432
21888,0.045252,172.31.40.0-255,66,291734,78,293432
21889,0.047905,74.125.24.0-255,1527,293261,78,293432
21890,0.047926,172.31.40.0-255,66,293327,78,293432
21891,0.048213,172.31.40.0-255,105,293432,78,293432
21892,0.0,74.125.24.0-255,346,346,78,241278
21893,2.5e-05,172.31.40.0-255,66,412,78,241278
21894,3.2e-05,74.125.24.0-255,1484,1896,78,241278
21895,3.7e-05,172.31.40.0-255,66,1962,78,241278
21896,6.7e-05,74.125.24.0-255,4320,6282,78,241278
21897,7.1e-05,172.31.40.0-255,66,6348,78,241278
21898,8.2e-05,172.31.40.0-255,66,6414,78,241278
21899,8.9e-05,74.125.24.0-255,5738,12152,78,241278
21900,9.2e-05,172.31.40.0-255,66,12218,78,241278
21901,9.9e-05,74.125.24.0-255,7156,19374,78,241278
21902,0.000102,172.31.40.0-255,66,19440,78,241278
21903,0.000155,74.125.24.0-255,3961,23401,78,241278
21904,0.000158,172.31.40.0-255,66,23467,78,241278
21905,0.000182,74.125.24.0-255,1484,24951,78,241278
21906,0.000184,172.31.40.0-255,66,25017,78,241278
21907,0.000189,74.125.24.0-255,2902,27919,78,241278
21908,0.000191,172.31.40.0-255,66,27985,78,241278
21909,0.000195,74.125.24.0-255,2902,30887,78,241278
21910,0.000198,172.31.40.0-255,66,30953,78,241278
21911,0.000218,74.125.24.0-255,2902,33855,78,241278
21912,0.000221,172.31.40.0-255,66,33921,78,241278
21913,0.000255,172.31.40.0-255,66,33987,78,241278
21914,0.000281,74.125.24.0-255,1125,35112,78,241278
21915,0.000284,172.31.40.0-255,66,35178,78,241278
21916,0.000292,74.125.24.0-255,7156,42334,78,241278
21917,0.000295,172.31.40.0-255,66,42400,78,241278
21918,0.000315,74.125.24.0-255,2543,44943,78,241278
21919,0.000321,172.31.40.0-255,66,45009,78,241278
21920,0.000324,74.125.24.0-255,647,45656,78,241278
21921,0.000327,172.31.40.0-255,66,45722,78,241278
21922,0.000786,74.125.24.0-255,1484,47206,78,241278
21923,0.000795,74.125.24.0-255,2902,50108,78,241278
21924,0.000799,172.31.40.0-255,66,50174,78,241278
21925,0.000803,74.125.24.0-255,1484,51658,78,241278
21926,0.000829,74.125.24.0-255,4320,55978,78,241278
21927,0.000832,172.31.40.0-255,66,56044,78,241278
21928,0.000835,74.125.24.0-255,1484,57528,78,241278
21929,0.000874,172.31.40.0-255,66,57594,78,241278
21930,0.000881,74.125.24.0-255,5738,63332,78,241278
21931,0.000883,172.31.40.0-255,66,63398,78,241278
21932,0.000914,74.125.24.0-255,4470,67868,78,241278
21933,0.000918,172.31.40.0-255,66,67934,78,241278
21934,0.001126,74.125.24.0-255,1484,69418,78,241278
21935,0.001132,74.125.24.0-255,2902,72320,78,241278
21936,0.001136,172.31.40.0-255,66,72386,78,241278
21937,0.001167,74.125.24.0-255,5738,78124,78,241278
21938,0.00117,172.31.40.0-255,66,78190,78,241278
21939,0.001185,172.31.40.0-255,66,78256,78,241278
21940,0.001229,172.31.40.0-255,66,78322,78,241278
21941,0.002086,74.125.24.0-255,1484,79806,78,241278
21942,0.002094,74.125.24.0-255,2902,82708,78,241278
21943,0.002098,172.31.40.0-255,66,82774,78,241278
21944,0.002128,74.125.24.0-255,5738,88512,78,241278
21945,0.00213,172.31.40.0-255,66,88578,78,241278
21946,0.002136,74.125.24.0-255,5738,94316,78,241278
21947,0.002138,172.31.40.0-255,66,94382,78,241278
21948,0.002169,74.125.24.0-255,7156,101538,78,241278
21949,0.002172,172.31.40.0-255,66,101604,78,241278
21950,0.002177,74.125.24.0-255,5738,107342,78,241278
21951,0.002179,172.31.40.0-255,66,107408,78,241278
21952,0.002214,74.125.24.0-255,5020,112428,78,241278
21953,0.002216,172.31.40.0-255,66,112494,78,241278
21954,0.00222,74.125.24.0-255,1484,113978,78,241278
21955,0.002243,74.125.24.0-255,4320,118298,78,241278
21956,0.002245,172.31.40.0-255,66,118364,78,241278
21957,0.002256,172.31.40.0-255,66,118430,78,241278
21958,0.002283,74.125.24.0-255,2902,121332,78,241278
21959,0.002286,172.31.40.0-255,66,121398,78,241278
21960,0.002296,172.31.40.0-255,66,121464,78,241278
21961,0.002306,74.125.24.0-255,5020,126484,78,241278
21962,0.002308,172.31.40.0-255,66,126550,78,241278
21963,0.00457,74.125.24.0-255,5738,132288,78,241278
21964,0.004575,172.31.40.0-255,66,132354,78,241278
21965,0.00688,74.125.24.0-255,5738,138092,78,241278
21966,0.006886,172.31.40.0-255,66,138158,78,241278
21967,0.009153,74.125.24.0-255,4320,142478,78,241278
21968,0.00916,172.31.40.0-255,66,142544,78,241278
21969,0.00919,74.125.24.0-255,1484,144028,78,241278
21970,0.011446,74.125.24.0-255,4320,148348,78,241278
21971,0.011453,172.31.40.0-255,66,148414,78,241278
21972,0.013753,74.125.24.0-255,5738,154152,78,241278
21973,0.013759,172.31.40.0-255,66,154218,78,241278
21974,0.016039,74.125.24.0-255,5738,159956,78,241278
21975,0.016047,172.31.40.0-255,66,160022,78,241278
21976,0.018306,74.125.24.0-255,5738,165760,78,241278
21977,0.018313,172.31.40.0-255,66,165826,78,241278
21978,0.020599,74.125.24.0-255,5738,171564,78,241278
21979,0.020606,172.31.40.0-255,66,171630,78,241278
21980,0.02288,74.125.24.0-255,5738,177368,78,241278
21981,0.022887,172.31.40.0-255,66,177434,78,241278
21982,0.025164,74.125.24.0-255,5738,183172,78,241278
21983,0.025171,172.31.40.0-255,66,183238,78,241278
21984,0.027445,74.125.24.0-255,5738,188976,78,241278
21985,0.027463,172.31.40.0-255,66,189042,78,241278
21986,0.029764,74.125.24.0-255,5738,194780,78,241278
21987,0.029779,172.31.40.0-255,66,194846,78,241278
21988,0.03208,74.125.24.0-255,5738,200584,78,241278
21989,0.032092,172.31.40.0-255,66,200650,78,241278
21990,0.03439,74.125.24.0-255,5738,206388,78,241278
21991,0.034408,172.31.40.0-255,66,206454,78,241278
21992,0.036693,74.125.24.0-255,5738,212192,78,241278
21993,0.036701,172.31.40.0-255,66,212258,78,241278
21994,0.038997,74.125.24.0-255,5738,217996,78,241278
21995,0.039013,172.31.40.0-255,66,218062,78,241278
21996,0.041314,74.125.24.0-255,5738,223800,78,241278
21997,0.041323,172.31.40.0-255,66,223866,78,241278
21998,0.043612,74.125.24.0-255,5738,229604,78,241278
21999,0.043622,172.31.40.0-255,66,229670,78,241278
22000,0.045911,74.125.24.0-255,5738,235408,78,241278
22001,0.045928,172.31.40.0-255,66,235474,78,241278
22002,0.04821,74.125.24.0-255,5738,241212,78,241278
22003,0.048224,172.31.40.0-255,66,241278,78,241278
22004,0.0,74.125.24.0-255,158,158,78,117375
22005,2.2e-05,172.31.40.0-255,66,224,78,117375
22006,3e-05,74.125.24.0-255,1484,1708,78,117375
22007,3.4e-05,172.31.40.0-255,66,1774,78,117375
22008,4e-05,74.125.24.0-255,2902,4676,78,117375
22009,5.2e-05,172.31.40.0-255,66,4742,78,117375
22010,6e-05,74.125.24.0-255,7156,11898,78,117375
22011,6.3e-05,172.31.40.0-255,66,11964,78,117375
22012,7e-05,74.125.24.0-255,5738,17702,78,117375
22013,7.3e-05,172.31.40.0-255,66,17768,78,117375
22014,0.000117,172.31.40.0-255,66,17834,78,117375
22015,0.000122,74.125.24.0-255,3961,21795,78,117375
22016,0.000125,172.31.40.0-255,66,21861,78,117375
22017,0.000279,74.125.24.0-255,1484,23345,78,117375
22018,0.000284,172.31.40.0-255,66,23411,78,117375
22019,0.000289,74.125.24.0-255,2902,26313,78,117375
22020,0.000293,172.31.40.0-255,66,26379,78,117375
22021,0.000304,74.125.24.0-255,5738,32117,78,117375
22022,0.000307,172.31.40.0-255,66,32183,78,117375
22023,0.00031,74.125.24.0-255,1484,33667,78,117375
22024,0.000312,172.31.40.0-255,66,33733,78,117375
22025,0.000368,172.31.40.0-255,66,33799,78,117375
22026,0.000382,172.31.40.0-255,66,33865,78,117375
22027,0.00041,74.125.24.0-255,766,34631,78,117375
22028,0.000413,172.31.40.0-255,66,34697,78,117375
22029,0.000415,74.125.24.0-255,443,35140,78,117375
22030,0.000417,172.31.40.0-255,66,35206,78,117375
22031,0.000486,74.125.24.0-255,1484,36690,78,117375
22032,0.000489,172.31.40.0-255,66,36756,78,117375
22033,0.000494,74.125.24.0-255,2902,39658,78,117375
22034,0.000497,172.31.40.0-255,66,39724,78,117375
22035,0.000502,74.125.24.0-255,4320,44044,78,117375
22036,0.00051,172.31.40.0-255,66,44110,78,117375
22037,0.000534,74.125.24.0-255,1484,45594,78,117375
22038,0.000547,74.125.24.0-255,5738,51332,78,117375
22039,0.00055,172.31.40.0-255,66,51398,78,117375
22040,0.000565,172.31.40.0-255,66,51464,78,117375
22041,0.000571,74.125.24.0-255,5020,56484,78,117375
22042,0.000573,172.31.40.0-255,66,56550,78,117375
22043,0.001101,74.125.24.0-255,1484,58034,78,117375
22044,0.001109,74.125.24.0-255,2902,60936,78,117375
22045,0.001113,172.31.40.0-255,66,61002,78,117375
22046,0.001147,74.125.24.0-255,5738,66740,78,117375
22047,0.00115,172.31.40.0-255,66,66806,78,117375
22048,0.001154,74.125.24.0-255,2902,69708,78,117375
22049,0.001156,172.31.40.0-255,66,69774,78,117375
22050,0.001206,172.31.40.0-255,66,69840,78,117375
22051,0.001223,172.31.40.0-255,66,69906,78,117375
22052,0.001446,74.125.24.0-255,1484,71390,78,117375
22053,0.001453,74.125.24.0-255,2902,74292,78,117375
22054,0.001456,172.31.40.0-255,66,74358,78,117375
22055,0.001462,74.125.24.0-255,4320,78678,78,117375
22056,0.001464,172.31.40.0-255,66,78744,78,117375
22057,0.001485,74.125.24.0-255,1484,80228,78,117375
22058,0.001497,74.125.24.0-255,7156,87384,78,117375
22059,0.0015,172.31.40.0-255,66,87450,78,117375
22060,0.001513,172.31.40.0-255,66,87516,78,117375
22061,0.001549,74.125.24.0-255,2902,90418,78,117375
22062,0.001552,172.31.40.0-255,66,90484,78,117375
22063,0.001572,172.31.40.0-255,66,90550,78,117375
22064,0.001587,172.31.40.0-255,66,90616,78,117375
22065,0.001594,74.125.24.0-255,6438,97054,78,117375
22066,0.001597,172.31.40.0-255,66,97120,78,117375
22067,0.001604,74.125.24.0-255,7156,104276,78,117375
22068,0.001607,172.31.40.0-255,66,104342,78,117375
22069,0.001619,172.31.40.0-255,66,104408,78,117375
22070,0.001655,74.125.24.0-255,5738,110146,78,117375
22071,0.001658,172.31.40.0-255,66,110212,78,117375
22072,0.001674,172.31.40.0-255,66,110278,78,117375
22073,0.001753,172.31.40.0-255,66,110344,78,117375
22074,0.001797,172.31.40.0-255,66,110410,78,117375
22075,0.001811,172.31.40.0-255,66,110476,78,117375
22076,0.001832,172.31.40.0-255,66,110542,78,117375
22077,0.001849,172.31.40.0-255,66,110608,78,117375
22078,0.001874,172.31.40.0-255,66,110674,78,117375
22079,0.001905,74.125.24.0-255,2184,112858,78,117375
22080,0.001908,172.31.40.0-255,66,112924,78,117375
22081,0.001937,172.31.40.0-255,66,112990,78,117375
22082,0.001949,172.31.40.0-255,66,113056,78,117375
22083,0.001952,74.125.24.0-255,105,113161,78,117375
22084,0.014764,172.31.40.0-255,66,113227,78,117375
22085,0.014825,172.31.40.0-255,105,113332,78,117375
22086,0.017062,74.125.24.0-255,66,113398,78,117375
22087,0.049239,172.31.40.0-255,172,113570,78,117375
22088,0.049277,172.31.40.0-255,1104,114674,78,117375
22089,0.049339,172.31.40.0-255,1514,116188,78,117375
22090,0.049341,172.31.40.0-255,1187,117375,78,117375
22091,0.0,74.125.24.0-255,156,156,78,178601
22092,2.2e-05,172.31.40.0-255,66,222,78,178601
22093,3e-05,74.125.24.0-255,1484,1706,78,178601
22094,3.4e-05,172.31.40.0-255,66,1772,78,178601
22095,3.9e-05,74.125.24.0-255,2902,4674,78,178601
22096,4.2e-05,172.31.40.0-255,66,4740,78,178601
22097,5.7e-05,74.125.24.0-255,7156,11896,78,178601
22098,6e-05,172.31.40.0-255,66,11962,78,178601
22099,6.3e-05,74.125.24.0-255,1930,13892,78,178601
22100,6.7e-05,172.31.40.0-255,66,13958,78,178601
22101,0.000112,74.125.24.0-255,1484,15442,78,178601
22102,0.000115,172.31.40.0-255,66,15508,78,178601
22103,0.000119,74.125.24.0-255,2902,18410,78,178601
22104,0.000122,172.31.40.0-255,66,18476,78,178601
22105,0.000127,74.125.24.0-255,4320,22796,78,178601
22106,0.000129,172.31.40.0-255,66,22862,78,178601
22107,0.00016,74.125.24.0-255,1484,24346,78,178601
22108,0.000162,172.31.40.0-255,66,24412,78,178601
22109,0.00017,74.125.24.0-255,6797,31209,78,178601
22110,0.000173,172.31.40.0-255,66,31275,78,178601
22111,0.000384,74.125.24.0-255,1484,32759,78,178601
22112,0.000387,172.31.40.0-255,66,32825,78,178601
22113,0.000392,74.125.24.0-255,2902,35727,78,178601
22114,0.000394,172.31.40.0-255,66,35793,78,178601
22115,0.000423,74.125.24.0-255,5738,41531,78,178601
22116,0.000425,172.31.40.0-255,66,41597,78,178601
22117,0.000428,74.125.24.0-255,1484,43081,78,178601
22118,0.00043,172.31.40.0-255,66,43147,78,178601
22119,0.00048,172.31.40.0-255,66,43213,78,178601
22120,0.000492,172.31.40.0-255,66,43279,78,178601
22121,0.000505,74.125.24.0-255,1125,44404,78,178601
22122,0.000509,74.125.24.0-255,401,44805,78,178601
22123,0.000525,74.125.24.0-255,111,44916,78,178601
22124,0.000527,172.31.40.0-255,66,44982,78,178601
22125,0.000652,74.125.24.0-255,329,45311,78,178601
22126,0.000947,74.125.24.0-255,1484,46795,78,178601
22127,0.000953,172.31.40.0-255,66,46861,78,178601
22128,0.000959,74.125.24.0-255,2902,49763,78,178601
22129,0.000961,172.31.40.0-255,66,49829,78,178601
22130,0.000967,74.125.24.0-255,5738,55567,78,178601
22131,0.000974,172.31.40.0-255,66,55633,78,178601
22132,0.000999,74.125.24.0-255,1484,57117,78,178601
22133,0.001038,172.31.40.0-255,66,57183,78,178601
22134,0.00105,172.31.40.0-255,66,57249,78,178601
22135,0.003464,74.125.24.0-255,5738,62987,78,178601
22136,0.003474,172.31.40.0-255,66,63053,78,178601
22137,0.005817,74.125.24.0-255,5738,68791,78,178601
22138,0.005824,172.31.40.0-255,66,68857,78,178601
22139,0.008151,74.125.24.0-255,5738,74595,78,178601
22140,0.008158,172.31.40.0-255,66,74661,78,178601
22141,0.010505,74.125.24.0-255,5738,80399,78,178601
22142,0.010515,172.31.40.0-255,66,80465,78,178601
22143,0.012849,74.125.24.0-255,5738,86203,78,178601
22144,0.012857,172.31.40.0-255,66,86269,78,178601
22145,0.015226,74.125.24.0-255,5738,92007,78,178601
22146,0.015237,172.31.40.0-255,66,92073,78,178601
22147,0.017643,74.125.24.0-255,5738,97811,78,178601
22148,0.017653,172.31.40.0-255,66,97877,78,178601
22149,0.019982,74.125.24.0-255,5738,103615,78,178601
22150,0.019989,172.31.40.0-255,66,103681,78,178601
22151,0.022357,74.125.24.0-255,5738,109419,78,178601
22152,0.022366,172.31.40.0-255,66,109485,78,178601
22153,0.024707,74.125.24.0-255,5738,115223,78,178601
22154,0.024714,172.31.40.0-255,66,115289,78,178601
22155,0.027067,74.125.24.0-255,5738,121027,78,178601
22156,0.027074,172.31.40.0-255,66,121093,78,178601
22157,0.029445,74.125.24.0-255,5738,126831,78,178601
22158,0.029452,172.31.40.0-255,66,126897,78,178601
22159,0.031818,74.125.24.0-255,5738,132635,78,178601
22160,0.031834,172.31.40.0-255,66,132701,78,178601
22161,0.034213,74.125.24.0-255,5738,138439,78,178601
22162,0.034229,172.31.40.0-255,66,138505,78,178601
22163,0.036614,74.125.24.0-255,5738,144243,78,178601
22164,0.03663,172.31.40.0-255,66,144309,78,178601
22165,0.03901,74.125.24.0-255,5738,150047,78,178601
22166,0.039028,172.31.40.0-255,66,150113,78,178601
22167,0.040397,172.31.40.0-255,172,150285,78,178601
22168,0.040432,172.31.40.0-255,1107,151392,78,178601
22169,0.040497,172.31.40.0-255,1514,152906,78,178601
22170,0.040499,172.31.40.0-255,1514,154420,78,178601
22171,0.040523,172.31.40.0-255,701,155121,78,178601
22172,0.041383,74.125.24.0-255,5738,160859,78,178601
22173,0.041395,172.31.40.0-255,66,160925,78,178601
22174,0.04195,104.244.42.0-255,66,160991,78,178601
22175,0.04199,104.244.42.0-255,66,161057,78,178601
22176,0.042044,104.244.42.0-255,66,161123,78,178601
22177,0.042048,104.244.42.0-255,66,161189,78,178601
22178,0.043743,74.125.24.0-255,5738,166927,78,178601
22179,0.043752,172.31.40.0-255,66,166993,78,178601
22180,0.046128,74.125.24.0-255,5738,172731,78,178601
22181,0.046141,172.31.40.0-255,66,172797,78,178601
22182,0.048516,74.125.24.0-255,5738,178535,78,178601
22183,0.048534,172.31.40.0-255,66,178601,78,178601
22184,0.0,74.125.68.0-255,296,296,78,331754
22185,2.2e-05,172.31.40.0-255,66,362,78,331754
22186,2.9e-05,74.125.68.0-255,1484,1846,78,331754
22187,3.2e-05,172.31.40.0-255,66,1912,78,331754
22188,3.7e-05,74.125.68.0-255,2902,4814,78,331754
22189,3.9e-05,172.31.40.0-255,66,4880,78,331754
22190,6.3e-05,74.125.68.0-255,5738,10618,78,331754
22191,6.6e-05,172.31.40.0-255,66,10684,78,331754
22192,7.1e-05,74.125.68.0-255,3320,14004,78,331754
22193,7.2e-05,172.31.40.0-255,66,14070,78,331754
22194,7.6e-05,74.125.68.0-255,2902,16972,78,331754
22195,7.9e-05,172.31.40.0-255,66,17038,78,331754
22196,0.0001,74.125.68.0-255,1484,18522,78,331754
22197,0.000101,172.31.40.0-255,66,18588,78,331754
22198,0.000122,74.125.68.0-255,4320,22908,78,331754
22199,0.000124,172.31.40.0-255,66,22974,78,331754
22200,0.000145,74.125.68.0-255,4320,27294,78,331754
22201,0.000147,172.31.40.0-255,66,27360,78,331754
22202,0.000163,74.125.68.0-255,1484,28844,78,331754
22203,0.000166,172.31.40.0-255,66,28910,78,331754
22204,0.000182,74.125.68.0-255,2543,31453,78,331754
22205,0.000184,172.31.40.0-255,66,31519,78,331754
22206,0.000588,74.125.68.0-255,1484,33003,78,331754
22207,0.000594,172.31.40.0-255,66,33069,78,331754
22208,0.0006,74.125.68.0-255,2902,35971,78,331754
22209,0.000602,172.31.40.0-255,66,36037,78,331754
22210,0.000625,74.125.68.0-255,5738,41775,78,331754
22211,0.000627,172.31.40.0-255,66,41841,78,331754
22212,0.000634,74.125.68.0-255,5738,47579,78,331754
22213,0.000636,172.31.40.0-255,66,47645,78,331754
22214,0.000669,74.125.68.0-255,1125,48770,78,331754
22215,0.000671,172.31.40.0-255,66,48836,78,331754
22216,0.000892,74.125.68.0-255,1484,50320,78,331754
22217,0.000913,74.125.68.0-255,2902,53222,78,331754
22218,0.000918,172.31.40.0-255,66,53288,78,331754
22219,0.000933,74.125.68.0-255,4320,57608,78,331754
22220,0.000935,172.31.40.0-255,66,57674,78,331754
22221,0.000953,74.125.68.0-255,4320,61994,78,331754
22222,0.000955,172.31.40.0-255,66,62060,78,331754
22223,0.000975,74.125.68.0-255,1484,63544,78,331754
22224,0.000979,74.125.68.0-255,1484,65028,78,331754
22225,0.000981,172.31.40.0-255,66,65094,78,331754
22226,0.001,74.125.68.0-255,7156,72250,78,331754
22227,0.001003,172.31.40.0-255,66,72316,78,331754
22228,0.00102,74.125.68.0-255,1125,73441,78,331754
22229,0.001059,172.31.40.0-255,66,73507,78,331754
22230,0.001146,74.125.68.0-255,1484,74991,78,331754
22231,0.001163,74.125.68.0-255,2902,77893,78,331754
22232,0.001168,172.31.40.0-255,66,77959,78,331754
22233,0.001197,74.125.68.0-255,1484,79443,78,331754
22234,0.001214,74.125.68.0-255,4320,83763,78,331754
22235,0.001217,172.31.40.0-255,66,83829,78,331754
22236,0.001222,74.125.68.0-255,2902,86731,78,331754
22237,0.001224,172.31.40.0-255,66,86797,78,331754
22238,0.001229,74.125.68.0-255,4320,91117,78,331754
22239,0.001231,172.31.40.0-255,66,91183,78,331754
22240,0.001255,74.125.68.0-255,2902,94085,78,331754
22241,0.001257,172.31.40.0-255,66,94151,78,331754
22242,0.001282,74.125.68.0-255,4320,98471,78,331754
22243,0.001285,172.31.40.0-255,66,98537,78,331754
22244,0.001291,74.125.68.0-255,5738,104275,78,331754
22245,0.001294,172.31.40.0-255,66,104341,78,331754
22246,0.001307,74.125.68.0-255,1484,105825,78,331754
22247,0.001337,74.125.68.0-255,2184,108009,78,331754
22248,0.001339,172.31.40.0-255,66,108075,78,331754
22249,0.001615,74.125.68.0-255,1484,109559,78,331754
22250,0.001625,74.125.68.0-255,2902,112461,78,331754
22251,0.00163,172.31.40.0-255,66,112527,78,331754
22252,0.001654,74.125.68.0-255,4320,116847,78,331754
22253,0.001657,172.31.40.0-255,66,116913,78,331754
22254,0.001679,74.125.68.0-255,5738,122651,78,331754
22255,0.001682,172.31.40.0-255,66,122717,78,331754
22256,0.001711,74.125.68.0-255,4320,127037,78,331754
22257,0.001713,172.31.40.0-255,66,127103,78,331754
22258,0.00174,74.125.68.0-255,7156,134259,78,331754
22259,0.001743,172.31.40.0-255,66,134325,78,331754
22260,0.001748,74.125.68.0-255,2902,137227,78,331754
22261,0.00175,172.31.40.0-255,66,137293,78,331754
22262,0.00177,74.125.68.0-255,5020,142313,78,331754
22263,0.001772,172.31.40.0-255,66,142379,78,331754
22264,0.001901,74.125.68.0-255,1484,143863,78,331754
22265,0.001907,74.125.68.0-255,2902,146765,78,331754
22266,0.00191,172.31.40.0-255,66,146831,78,331754
22267,0.001914,74.125.68.0-255,1484,148315,78,331754
22268,0.00192,74.125.68.0-255,2902,151217,78,331754
22269,0.001922,172.31.40.0-255,66,151283,78,331754
22270,0.001967,74.125.68.0-255,4320,155603,78,331754
22271,0.001971,172.31.40.0-255,66,155669,78,331754
22272,0.001991,74.125.68.0-255,1484,157153,78,331754
22273,0.001998,74.125.68.0-255,7156,164309,78,331754
22274,0.002001,172.31.40.0-255,66,164375,78,331754
22275,0.002027,74.125.68.0-255,2902,167277,78,331754
22276,0.00203,172.31.40.0-255,66,167343,78,331754
22277,0.002053,74.125.68.0-255,4320,171663,78,331754
22278,0.002056,172.31.40.0-255,66,171729,78,331754
22279,0.002059,74.125.68.0-255,1484,173213,78,331754
22280,0.002074,74.125.68.0-255,3602,176815,78,331754
22281,0.002077,172.31.40.0-255,66,176881,78,331754
22282,0.002113,74.125.68.0-255,1484,178365,78,331754
22283,0.00218,74.125.68.0-255,1484,179849,78,331754
22284,0.002184,172.31.40.0-255,66,179915,78,331754
22285,0.002204,74.125.68.0-255,1484,181399,78,331754
22286,0.00221,74.125.68.0-255,4320,185719,78,331754
22287,0.002212,172.31.40.0-255,66,185785,78,331754
22288,0.002216,74.125.68.0-255,2902,188687,78,331754
22289,0.002219,172.31.40.0-255,66,188753,78,331754
22290,0.002251,74.125.68.0-255,4320,193073,78,331754
22291,0.002255,172.31.40.0-255,66,193139,78,331754
22292,0.002295,74.125.68.0-255,4320,197459,78,331754
22293,0.002299,172.31.40.0-255,66,197525,78,331754
22294,0.002306,74.125.68.0-255,5738,203263,78,331754
22295,0.002309,172.31.40.0-255,66,203329,78,331754
22296,0.002334,74.125.68.0-255,5738,209067,78,331754
22297,0.002338,172.31.40.0-255,66,209133,78,331754
22298,0.002359,74.125.68.0-255,2184,211317,78,331754
22299,0.002361,172.31.40.0-255,66,211383,78,331754
22300,0.004664,74.125.68.0-255,5738,217121,78,331754
22301,0.004671,172.31.40.0-255,66,217187,78,331754
22302,0.00699,74.125.68.0-255,5738,222925,78,331754
22303,0.006997,172.31.40.0-255,66,222991,78,331754
22304,0.009332,74.125.68.0-255,5738,228729,78,331754
22305,0.009339,172.31.40.0-255,66,228795,78,331754
22306,0.011661,74.125.68.0-255,5738,234533,78,331754
22307,0.011668,172.31.40.0-255,66,234599,78,331754
22308,0.014002,74.125.68.0-255,5738,240337,78,331754
22309,0.014018,172.31.40.0-255,66,240403,78,331754
22310,0.016352,74.125.68.0-255,5738,246141,78,331754
22311,0.016364,172.31.40.0-255,66,246207,78,331754
22312,0.018709,74.125.68.0-255,5738,251945,78,331754
22313,0.018727,172.31.40.0-255,66,252011,78,331754
22314,0.021083,74.125.68.0-255,5738,257749,78,331754
22315,0.021095,172.31.40.0-255,66,257815,78,331754
22316,0.023433,74.125.68.0-255,5738,263553,78,331754
22317,0.023451,172.31.40.0-255,66,263619,78,331754
22318,0.025835,74.125.68.0-255,5738,269357,78,331754
22319,0.025842,172.31.40.0-255,66,269423,78,331754
22320,0.028177,74.125.68.0-255,5738,275161,78,331754
22321,0.028194,172.31.40.0-255,66,275227,78,331754
22322,0.030519,74.125.68.0-255,5738,280965,78,331754
22323,0.030527,172.31.40.0-255,66,281031,78,331754
22324,0.03287,74.125.68.0-255,5738,286769,78,331754
22325,0.032888,172.31.40.0-255,66,286835,78,331754
22326,0.03521,74.125.68.0-255,5738,292573,78,331754
22327,0.035218,172.31.40.0-255,66,292639,78,331754
22328,0.037552,74.125.68.0-255,5738,298377,78,331754
22329,0.037562,172.31.40.0-255,66,298443,78,331754
22330,0.039896,74.125.68.0-255,5738,304181,78,331754
22331,0.03991,172.31.40.0-255,66,304247,78,331754
22332,0.042261,74.125.68.0-255,5738,309985,78,331754
22333,0.042306,172.31.40.0-255,66,310051,78,331754
22334,0.04463,74.125.68.0-255,5738,315789,78,331754
22335,0.044637,172.31.40.0-255,66,315855,78,331754
22336,0.046972,74.125.68.0-255,5738,321593,78,331754
22337,0.04698,172.31.40.0-255,66,321659,78,331754
22338,0.047862,172.31.40.0-255,171,321830,78,331754
22339,0.047894,172.31.40.0-255,1133,322963,78,331754
22340,0.047957,172.31.40.0-255,1514,324477,78,331754
22341,0.047958,172.31.40.0-255,1275,325752,78,331754
22342,0.049307,74.125.68.0-255,5738,331490,78,331754
22343,0.04932,172.31.40.0-255,66,331556,78,331754
22344,0.04943,104.244.42.0-255,66,331622,78,331754
22345,0.049477,104.244.42.0-255,66,331688,78,331754
22346,0.049518,104.244.42.0-255,66,331754,78,331754
22347,0.0,74.125.130.0-255,150,150,78,253572
22348,2.4e-05,172.31.40.0-255,66,216,78,253572
22349,3.2e-05,74.125.130.0-255,1484,1700,78,253572
22350,3.7e-05,172.31.40.0-255,66,1766,78,253572
22351,6e-05,74.125.130.0-255,1484,3250,78,253572
22352,6.4e-05,172.31.40.0-255,66,3316,78,253572
22353,7e-05,74.125.130.0-255,2902,6218,78,253572
22354,7.3e-05,172.31.40.0-255,66,6284,78,253572
22355,0.0001,74.125.130.0-255,5738,12022,78,253572
22356,0.000103,172.31.40.0-255,66,12088,78,253572
22357,0.000106,74.125.130.0-255,1484,13572,78,253572
22358,0.000108,172.31.40.0-255,66,13638,78,253572
22359,0.000145,74.125.130.0-255,1992,15630,78,253572
22360,0.000148,172.31.40.0-255,66,15696,78,253572
22361,0.000172,74.125.130.0-255,5738,21434,78,253572
22362,0.000176,172.31.40.0-255,66,21500,78,253572
22363,0.000181,74.125.130.0-255,4320,25820,78,253572
22364,0.000183,172.31.40.0-255,66,25886,78,253572
22365,0.000214,74.125.130.0-255,2902,28788,78,253572
22366,0.000217,172.31.40.0-255,66,28854,78,253572
22367,0.000222,74.125.130.0-255,2543,31397,78,253572
22368,0.000224,172.31.40.0-255,66,31463,78,253572
22369,0.000359,74.125.130.0-255,1484,32947,78,253572
22370,0.000365,172.31.40.0-255,66,33013,78,253572
22371,0.000444,74.125.130.0-255,2902,35915,78,253572
22372,0.00045,172.31.40.0-255,66,35981,78,253572
22373,0.000458,74.125.130.0-255,5738,41719,78,253572
22374,0.00046,172.31.40.0-255,66,41785,78,253572
22375,0.000472,74.125.130.0-255,6797,48582,78,253572
22376,0.000475,172.31.40.0-255,66,48648,78,253572
22377,0.000483,74.125.130.0-255,7156,55804,78,253572
22378,0.00049,74.125.130.0-255,4320,60124,78,253572
22379,0.000499,74.125.130.0-255,5668,65792,78,253572
22380,0.000505,172.31.40.0-255,66,65858,78,253572
22381,0.000507,172.31.40.0-255,66,65924,78,253572
22382,0.000508,172.31.40.0-255,66,65990,78,253572
22383,0.001513,74.125.130.0-255,98,66088,78,253572
22384,0.001543,74.125.130.0-255,1484,67572,78,253572
22385,0.001549,172.31.40.0-255,66,67638,78,253572
22386,0.001554,74.125.130.0-255,1484,69122,78,253572
22387,0.00157,74.125.130.0-255,1484,70606,78,253572
22388,0.001572,172.31.40.0-255,66,70672,78,253572
22389,0.001579,74.125.130.0-255,4320,74992,78,253572
22390,0.001581,172.31.40.0-255,66,75058,78,253572
22391,0.001622,74.125.130.0-255,5738,80796,78,253572
22392,0.001626,172.31.40.0-255,66,80862,78,253572
22393,0.001631,74.125.130.0-255,2543,83405,78,253572
22394,0.001634,172.31.40.0-255,66,83471,78,253572
22395,0.001663,74.125.130.0-255,2902,86373,78,253572
22396,0.001672,172.31.40.0-255,66,86439,78,253572
22397,0.001679,74.125.130.0-255,4320,90759,78,253572
22398,0.001681,172.31.40.0-255,66,90825,78,253572
22399,0.001715,74.125.130.0-255,5738,96563,78,253572
22400,0.001719,172.31.40.0-255,66,96629,78,253572
22401,0.001725,74.125.130.0-255,3961,100590,78,253572
22402,0.001727,172.31.40.0-255,66,100656,78,253572
22403,0.00197,74.125.130.0-255,1484,102140,78,253572
22404,0.001975,74.125.130.0-255,1484,103624,78,253572
22405,0.001978,172.31.40.0-255,66,103690,78,253572
22406,0.002008,74.125.130.0-255,2902,106592,78,253572
22407,0.00201,172.31.40.0-255,66,106658,78,253572
22408,0.002023,74.125.130.0-255,1484,108142,78,253572
22409,0.00204,74.125.130.0-255,4320,112462,78,253572
22410,0.002042,172.31.40.0-255,66,112528,78,253572
22411,0.002046,74.125.130.0-255,1484,114012,78,253572
22412,0.00205,74.125.130.0-255,2902,116914,78,253572
22413,0.002052,172.31.40.0-255,66,116980,78,253572
22414,0.002082,74.125.130.0-255,4320,121300,78,253572
22415,0.002085,172.31.40.0-255,66,121366,78,253572
22416,0.004086,74.125.130.0-255,1484,122850,78,253572
22417,0.004128,74.125.130.0-255,4320,127170,78,253572
22418,0.004133,172.31.40.0-255,66,127236,78,253572
22419,0.006193,74.125.130.0-255,5738,132974,78,253572
22420,0.006199,172.31.40.0-255,66,133040,78,253572
22421,0.008256,74.125.130.0-255,5738,138778,78,253572
22422,0.008262,172.31.40.0-255,66,138844,78,253572
22423,0.010309,74.125.130.0-255,4320,143164,78,253572
22424,0.010315,172.31.40.0-255,66,143230,78,253572
22425,0.01034,74.125.130.0-255,1484,144714,78,253572
22426,0.012369,74.125.130.0-255,4320,149034,78,253572
22427,0.012376,172.31.40.0-255,66,149100,78,253572
22428,0.014473,74.125.130.0-255,5738,154838,78,253572
22429,0.01448,172.31.40.0-255,66,154904,78,253572
22430,0.016539,74.125.130.0-255,5738,160642,78,253572
22431,0.016547,172.31.40.0-255,66,160708,78,253572
22432,0.018609,74.125.130.0-255,5738,166446,78,253572
22433,0.018615,172.31.40.0-255,66,166512,78,253572
22434,0.020702,74.125.130.0-255,5738,172250,78,253572
22435,0.020715,172.31.40.0-255,66,172316,78,253572
22436,0.022777,74.125.130.0-255,5738,178054,78,253572
22437,0.022784,172.31.40.0-255,66,178120,78,253572
22438,0.024842,74.125.130.0-255,5738,183858,78,253572
22439,0.024848,172.31.40.0-255,66,183924,78,253572
22440,0.026894,74.125.130.0-255,5738,189662,78,253572
22441,0.026901,172.31.40.0-255,66,189728,78,253572
22442,0.028961,74.125.130.0-255,5738,195466,78,253572
22443,0.028968,172.31.40.0-255,66,195532,78,253572
22444,0.031026,74.125.130.0-255,5738,201270,78,253572
22445,0.031034,172.31.40.0-255,66,201336,78,253572
22446,0.03309,74.125.130.0-255,5738,207074,78,253572
22447,0.033097,172.31.40.0-255,66,207140,78,253572
22448,0.035147,74.125.130.0-255,5738,212878,78,253572
22449,0.035154,172.31.40.0-255,66,212944,78,253572
22450,0.037214,74.125.130.0-255,5738,218682,78,253572
22451,0.03722,172.31.40.0-255,66,218748,78,253572
22452,0.039271,74.125.130.0-255,5738,224486,78,253572
22453,0.039277,172.31.40.0-255,66,224552,78,253572
22454,0.041335,74.125.130.0-255,5738,230290,78,253572
22455,0.041342,172.31.40.0-255,66,230356,78,253572
22456,0.043403,74.125.130.0-255,5738,236094,78,253572
22457,0.043409,172.31.40.0-255,66,236160,78,253572
22458,0.045465,74.125.130.0-255,5738,241898,78,253572
22459,0.045473,172.31.40.0-255,66,241964,78,253572
22460,0.047529,74.125.130.0-255,5738,247702,78,253572
22461,0.047536,172.31.40.0-255,66,247768,78,253572
22462,0.049591,74.125.130.0-255,5738,253506,78,253572
22463,0.049602,172.31.40.0-255,66,253572,78,253572
22464,0.0,172.217.194.0-255,296,296,78,285527
22465,2.3e-05,172.31.40.0-255,66,362,78,285527
22466,3e-05,172.217.194.0-255,1484,1846,78,285527
22467,3.4e-05,172.31.40.0-255,66,1912,78,285527
22468,4.1e-05,172.217.194.0-255,4320,6232,78,285527
22469,4.5e-05,172.31.40.0-255,66,6298,78,285527
22470,5.7e-05,172.31.40.0-255,66,6364,78,285527
22471,6.4e-05,172.217.194.0-255,7156,13520,78,285527
22472,6.7e-05,172.31.40.0-255,66,13586,78,285527
22473,9.7e-05,172.217.194.0-255,7156,20742,78,285527
22474,0.000101,172.31.40.0-255,66,20808,78,285527
22475,0.000103,172.217.194.0-255,1125,21933,78,285527
22476,0.000106,172.31.40.0-255,66,21999,78,285527
22477,0.000173,172.217.194.0-255,1484,23483,78,285527
22478,0.000176,172.31.40.0-255,66,23549,78,285527
22479,0.00018,172.217.194.0-255,2902,26451,78,285527
22480,0.000182,172.31.40.0-255,66,26517,78,285527
22481,0.000216,172.217.194.0-255,4320,30837,78,285527
22482,0.000219,172.31.40.0-255,66,30903,78,285527
22483,0.000223,172.217.194.0-255,1484,32387,78,285527
22484,0.000225,172.31.40.0-255,66,32453,78,285527
22485,0.000242,172.217.194.0-255,4320,36773,78,285527
22486,0.000244,172.31.40.0-255,66,36839,78,285527
22487,0.000264,172.217.194.0-255,7156,43995,78,285527
22488,0.000267,172.31.40.0-255,66,44061,78,285527
22489,0.000281,172.217.194.0-255,3961,48022,78,285527
22490,0.000283,172.31.40.0-255,66,48088,78,285527
22491,0.000311,172.217.194.0-255,5738,53826,78,285527
22492,0.000314,172.31.40.0-255,66,53892,78,285527
22493,0.000328,172.217.194.0-255,2832,56724,78,285527
22494,0.000331,172.31.40.0-255,66,56790,78,285527
22495,0.000334,172.217.194.0-255,98,56888,78,285527
22496,0.000381,172.217.194.0-255,1484,58372,78,285527
22497,0.000384,172.31.40.0-255,66,58438,78,285527
22498,0.000389,172.217.194.0-255,2902,61340,78,285527
22499,0.000391,172.31.40.0-255,66,61406,78,285527
22500,0.000424,172.217.194.0-255,7156,68562,78,285527
22501,0.000428,172.31.40.0-255,66,68628,78,285527
22502,0.000464,172.217.194.0-255,2902,71530,78,285527
22503,0.000466,172.31.40.0-255,66,71596,78,285527
22504,0.000483,172.217.194.0-255,2543,74139,78,285527
22505,0.000486,172.31.40.0-255,66,74205,78,285527
22506,0.000492,172.217.194.0-255,5738,79943,78,285527
22507,0.000494,172.31.40.0-255,66,80009,78,285527
22508,0.000554,172.217.194.0-255,5738,85747,78,285527
22509,0.000558,172.31.40.0-255,66,85813,78,285527
22510,0.000575,172.217.194.0-255,5678,91491,78,285527
22511,0.000578,172.31.40.0-255,66,91557,78,285527
22512,0.000686,172.217.194.0-255,1484,93041,78,285527
22513,0.000693,172.217.194.0-255,2902,95943,78,285527
22514,0.000696,172.31.40.0-255,66,96009,78,285527
22515,0.000717,172.217.194.0-255,5738,101747,78,285527
22516,0.00072,172.31.40.0-255,66,101813,78,285527
22517,0.000727,172.217.194.0-255,7156,108969,78,285527
22518,0.00073,172.31.40.0-255,66,109035,78,285527
22519,0.000775,172.31.40.0-255,66,109101,78,285527
22520,0.000779,172.217.194.0-255,2184,111285,78,285527
22521,0.000781,172.31.40.0-255,66,111351,78,285527
22522,0.000802,172.217.194.0-255,2902,114253,78,285527
22523,0.000804,172.31.40.0-255,66,114319,78,285527
22524,0.000821,172.217.194.0-255,2902,117221,78,285527
22525,0.000824,172.31.40.0-255,66,117287,78,285527
22526,0.000839,172.217.194.0-255,4320,121607,78,285527
22527,0.000888,172.31.40.0-255,66,121673,78,285527
22528,0.000891,172.31.40.0-255,66,121739,78,285527
22529,0.000916,172.31.40.0-255,66,121805,78,285527
22530,0.000931,172.31.40.0-255,66,121871,78,285527
22531,0.000944,172.31.40.0-255,66,121937,78,285527
22532,0.000967,172.217.194.0-255,1484,123421,78,285527
22533,0.000984,172.217.194.0-255,6438,129859,78,285527
22534,0.000987,172.31.40.0-255,66,129925,78,285527
22535,0.000999,172.217.194.0-255,1484,131409,78,285527
22536,0.001022,172.217.194.0-255,7156,138565,78,285527
22537,0.001024,172.31.40.0-255,66,138631,78,285527
22538,0.001032,172.217.194.0-255,7156,145787,78,285527
22539,0.001034,172.31.40.0-255,66,145853,78,285527
22540,0.001062,172.31.40.0-255,66,145919,78,285527
22541,0.001094,172.217.194.0-255,7156,153075,78,285527
22542,0.001098,172.31.40.0-255,66,153141,78,285527
22543,0.001101,172.217.194.0-255,766,153907,78,285527
22544,0.001104,172.217.194.0-255,1484,155391,78,285527
22545,0.001106,172.31.40.0-255,66,155457,78,285527
22546,0.001111,172.217.194.0-255,4320,159777,78,285527
22547,0.001114,172.31.40.0-255,66,159843,78,285527
22548,0.001143,172.31.40.0-255,66,159909,78,285527
22549,0.001159,172.31.40.0-255,66,159975,78,285527
22550,0.00118,172.217.194.0-255,2902,162877,78,285527
22551,0.001182,172.31.40.0-255,66,162943,78,285527
22552,0.00119,172.217.194.0-255,6438,169381,78,285527
22553,0.001193,172.31.40.0-255,66,169447,78,285527
22554,0.003536,172.217.194.0-255,5738,175185,78,285527
22555,0.003545,172.31.40.0-255,66,175251,78,285527
22556,0.00591,172.217.194.0-255,5738,180989,78,285527
22557,0.005928,172.31.40.0-255,66,181055,78,285527
22558,0.008301,172.217.194.0-255,5738,186793,78,285527
22559,0.008315,172.31.40.0-255,66,186859,78,285527
22560,0.010676,172.217.194.0-255,5738,192597,78,285527
22561,0.010691,172.31.40.0-255,66,192663,78,285527
22562,0.013026,172.217.194.0-255,5738,198401,78,285527
22563,0.013043,172.31.40.0-255,66,198467,78,285527
22564,0.015401,172.217.194.0-255,5738,204205,78,285527
22565,0.015409,172.31.40.0-255,66,204271,78,285527
22566,0.017746,172.217.194.0-255,5738,210009,78,285527
22567,0.017753,172.31.40.0-255,66,210075,78,285527
22568,0.020093,172.217.194.0-255,5738,215813,78,285527
22569,0.0201,172.31.40.0-255,66,215879,78,285527
22570,0.022443,172.217.194.0-255,5738,221617,78,285527
22571,0.022449,172.31.40.0-255,66,221683,78,285527
22572,0.024782,172.217.194.0-255,5738,227421,78,285527
22573,0.024789,172.31.40.0-255,66,227487,78,285527
22574,0.027142,172.217.194.0-255,5738,233225,78,285527
22575,0.02715,172.31.40.0-255,66,233291,78,285527
22576,0.029529,172.217.194.0-255,5738,239029,78,285527
22577,0.029536,172.31.40.0-255,66,239095,78,285527
22578,0.031858,172.217.194.0-255,5738,244833,78,285527
22579,0.031865,172.31.40.0-255,66,244899,78,285527
22580,0.034236,172.217.194.0-255,5738,250637,78,285527
22581,0.034247,172.31.40.0-255,66,250703,78,285527
22582,0.036594,172.217.194.0-255,5738,256441,78,285527
22583,0.036602,172.31.40.0-255,66,256507,78,285527
22584,0.038933,172.217.194.0-255,5738,262245,78,285527
22585,0.038941,172.31.40.0-255,66,262311,78,285527
22586,0.041286,172.217.194.0-255,5738,268049,78,285527
22587,0.041298,172.31.40.0-255,66,268115,78,285527
22588,0.043645,172.217.194.0-255,5738,273853,78,285527
22589,0.043652,172.31.40.0-255,66,273919,78,285527
22590,0.046018,172.217.194.0-255,5738,279657,78,285527
22591,0.046038,172.31.40.0-255,66,279723,78,285527
22592,0.048378,172.217.194.0-255,5738,285461,78,285527
22593,0.048386,172.31.40.0-255,66,285527,78,285527
22594,0.0,74.125.24.0-255,153,153,78,227716
22595,1e-05,172.31.40.0-255,66,219,78,227716
22596,2.3e-05,74.125.24.0-255,1484,1703,78,227716
22597,2.7e-05,172.31.40.0-255,66,1769,78,227716
22598,3.3e-05,74.125.24.0-255,2902,4671,78,227716
22599,3.6e-05,172.31.40.0-255,66,4737,78,227716
22600,5.8e-05,74.125.24.0-255,1484,6221,78,227716
22601,6e-05,172.31.40.0-255,66,6287,78,227716
22602,6.5e-05,74.125.24.0-255,2902,9189,78,227716
22603,6.8e-05,172.31.40.0-255,66,9255,78,227716
22604,0.000103,74.125.24.0-255,4866,14121,78,227716
22605,0.000105,172.31.40.0-255,66,14187,78,227716
22606,0.000118,74.125.24.0-255,2902,17089,78,227716
22607,0.00012,172.31.40.0-255,66,17155,78,227716
22608,0.000148,74.125.24.0-255,2902,20057,78,227716
22609,0.000151,172.31.40.0-255,66,20123,78,227716
22610,0.000164,172.31.40.0-255,66,20189,78,227716
22611,0.000175,172.31.40.0-255,66,20255,78,227716
22612,0.000205,74.125.24.0-255,4320,24575,78,227716
22613,0.000207,172.31.40.0-255,66,24641,78,227716
22614,0.000224,74.125.24.0-255,2184,26825,78,227716
22615,0.000227,172.31.40.0-255,66,26891,78,227716
22616,0.000545,74.125.24.0-255,1484,28375,78,227716
22617,0.00055,172.31.40.0-255,66,28441,78,227716
22618,0.000566,74.125.24.0-255,2902,31343,78,227716
22619,0.000569,172.31.40.0-255,66,31409,78,227716
22620,0.000572,74.125.24.0-255,1484,32893,78,227716
22621,0.000574,172.31.40.0-255,66,32959,78,227716
22622,0.000593,74.125.24.0-255,4320,37279,78,227716
22623,0.000595,172.31.40.0-255,66,37345,78,227716
22624,0.000602,74.125.24.0-255,6797,44142,78,227716
22625,0.000604,172.31.40.0-255,66,44208,78,227716
22626,0.00094,74.125.24.0-255,1484,45692,78,227716
22627,0.000947,74.125.24.0-255,2902,48594,78,227716
22628,0.00095,172.31.40.0-255,66,48660,78,227716
22629,0.000977,74.125.24.0-255,5738,54398,78,227716
22630,0.00098,172.31.40.0-255,66,54464,78,227716
22631,0.001009,74.125.24.0-255,4320,58784,78,227716
22632,0.001012,172.31.40.0-255,66,58850,78,227716
22633,0.001036,172.31.40.0-255,66,58916,78,227716
22634,0.00106,74.125.24.0-255,4320,63236,78,227716
22635,0.001063,172.31.40.0-255,66,63302,78,227716
22636,0.001088,74.125.24.0-255,6438,69740,78,227716
22637,0.00109,172.31.40.0-255,66,69806,78,227716
22638,0.001094,74.125.24.0-255,1484,71290,78,227716
22639,0.001141,172.31.40.0-255,66,71356,78,227716
22640,0.00115,74.125.24.0-255,7156,78512,78,227716
22641,0.001152,172.31.40.0-255,66,78578,78,227716
22642,0.001179,172.31.40.0-255,66,78644,78,227716
22643,0.001215,172.31.40.0-255,66,78710,78,227716
22644,0.001231,172.31.40.0-255,66,78776,78,227716
22645,0.001256,74.125.24.0-255,2902,81678,78,227716
22646,0.001259,172.31.40.0-255,66,81744,78,227716
22647,0.001266,74.125.24.0-255,7156,88900,78,227716
22648,0.001269,172.31.40.0-255,66,88966,78,227716
22649,0.001283,74.125.24.0-255,2184,91150,78,227716
22650,0.001285,172.31.40.0-255,66,91216,78,227716
22651,0.001302,74.125.24.0-255,2902,94118,78,227716
22652,0.001305,172.31.40.0-255,66,94184,78,227716
22653,0.001324,74.125.24.0-255,5738,99922,78,227716
22654,0.001326,172.31.40.0-255,66,99988,78,227716
22655,0.001337,172.31.40.0-255,66,100054,78,227716
22656,0.001381,172.31.40.0-255,66,100120,78,227716
22657,0.001396,74.125.24.0-255,2184,102304,78,227716
22658,0.001398,172.31.40.0-255,66,102370,78,227716
22659,0.001495,74.125.24.0-255,1484,103854,78,227716
22660,0.001499,74.125.24.0-255,1484,105338,78,227716
22661,0.001502,172.31.40.0-255,66,105404,78,227716
22662,0.001525,74.125.24.0-255,1484,106888,78,227716
22663,0.001533,74.125.24.0-255,5738,112626,78,227716
22664,0.001535,172.31.40.0-255,66,112692,78,227716
22665,0.001547,172.31.40.0-255,66,112758,78,227716
22666,0.001568,74.125.24.0-255,2902,115660,78,227716
22667,0.001571,172.31.40.0-255,66,115726,78,227716
22668,0.001575,74.125.24.0-255,2902,118628,78,227716
22669,0.001577,172.31.40.0-255,66,118694,78,227716
22670,0.001605,74.125.24.0-255,7156,125850,78,227716
22671,0.001608,172.31.40.0-255,66,125916,78,227716
22672,0.001611,74.125.24.0-255,766,126682,78,227716
22673,0.001961,74.125.24.0-255,1484,128166,78,227716
22674,0.001965,172.31.40.0-255,66,128232,78,227716
22675,0.001971,74.125.24.0-255,2902,131134,78,227716
22676,0.001973,172.31.40.0-255,66,131200,78,227716
22677,0.001977,74.125.24.0-255,1484,132684,78,227716
22678,0.001992,74.125.24.0-255,4320,137004,78,227716
22679,0.001995,172.31.40.0-255,66,137070,78,227716
22680,0.002012,74.125.24.0-255,4320,141390,78,227716
22681,0.002014,172.31.40.0-255,66,141456,78,227716
22682,0.00206,172.31.40.0-255,66,141522,78,227716
22683,0.002064,74.125.24.0-255,1484,143006,78,227716
22684,0.002067,74.125.24.0-255,1484,144490,78,227716
22685,0.002069,172.31.40.0-255,66,144556,78,227716
22686,0.00209,172.31.40.0-255,66,144622,78,227716
22687,0.002134,74.125.24.0-255,1484,146106,78,227716
22688,0.002146,74.125.24.0-255,1484,147590,78,227716
22689,0.002149,172.31.40.0-255,66,147656,78,227716
22690,0.002169,74.125.24.0-255,1484,149140,78,227716
22691,0.002176,74.125.24.0-255,5738,154878,78,227716
22692,0.002178,172.31.40.0-255,66,154944,78,227716
22693,0.002184,74.125.24.0-255,4320,159264,78,227716
22694,0.002186,172.31.40.0-255,66,159330,78,227716
22695,0.002218,74.125.24.0-255,2902,162232,78,227716
22696,0.002221,172.31.40.0-255,66,162298,78,227716
22697,0.002249,172.31.40.0-255,66,162364,78,227716
22698,0.002255,74.125.24.0-255,5738,168102,78,227716
22699,0.002257,172.31.40.0-255,66,168168,78,227716
22700,0.002283,74.125.24.0-255,2184,170352,78,227716
22701,0.0023,74.125.24.0-255,2902,173254,78,227716
22702,0.002303,74.125.24.0-255,1484,174738,78,227716
22703,0.002321,74.125.24.0-255,5738,180476,78,227716
22704,0.002327,74.125.24.0-255,5738,186214,78,227716
22705,0.002345,74.125.24.0-255,4320,190534,78,227716
22706,0.002378,74.125.24.0-255,1484,192018,78,227716
22707,0.002411,74.125.24.0-255,1484,193502,78,227716
22708,0.002455,74.125.24.0-255,1484,194986,78,227716
22709,0.00302,172.31.40.0-255,66,195052,78,227716
22710,0.005533,74.125.24.0-255,5738,200790,78,227716
22711,0.00554,172.31.40.0-255,66,200856,78,227716
22712,0.008059,74.125.24.0-255,5738,206594,78,227716
22713,0.008063,172.31.40.0-255,66,206660,78,227716
22714,0.010585,74.125.24.0-255,5738,212398,78,227716
22715,0.010592,172.31.40.0-255,66,212464,78,227716
22716,0.01307,74.125.24.0-255,5738,218202,78,227716
22717,0.013078,172.31.40.0-255,66,218268,78,227716
22718,0.015573,74.125.24.0-255,4920,223188,78,227716
22719,0.015583,172.31.40.0-255,66,223254,78,227716
22720,0.01577,172.31.40.0-255,105,223359,78,227716
22721,0.018239,74.125.24.0-255,66,223425,78,227716
22722,0.029293,172.31.40.0-255,172,223597,78,227716
22723,0.029326,172.31.40.0-255,1108,224705,78,227716
22724,0.029387,172.31.40.0-255,1514,226219,78,227716
22725,0.029389,172.31.40.0-255,1299,227518,78,227716
22726,0.030845,104.244.42.0-255,66,227584,78,227716
22727,0.030884,104.244.42.0-255,66,227650,78,227716
22728,0.030988,104.244.42.0-255,66,227716,78,227716
22729,0.0,74.125.130.0-255,143,143,78,255166
22730,2.3e-05,172.31.40.0-255,66,209,78,255166
22731,3e-05,74.125.130.0-255,1484,1693,78,255166
22732,3.5e-05,172.31.40.0-255,66,1759,78,255166
22733,4e-05,74.125.130.0-255,2902,4661,78,255166
22734,4.3e-05,172.31.40.0-255,66,4727,78,255166
22735,4.6e-05,74.125.130.0-255,1484,6211,78,255166
22736,4.8e-05,172.31.40.0-255,66,6277,78,255166
22737,5.4e-05,74.125.130.0-255,2902,9179,78,255166
22738,5.7e-05,172.31.40.0-255,66,9245,78,255166
22739,9.8e-05,74.125.130.0-255,4905,14150,78,255166
22740,0.000101,172.31.40.0-255,66,14216,78,255166
22741,0.000159,74.125.130.0-255,1484,15700,78,255166
22742,0.000161,172.31.40.0-255,66,15766,78,255166
22743,0.000178,74.125.130.0-255,2902,18668,78,255166
22744,0.00018,172.31.40.0-255,66,18734,78,255166
22745,0.000183,74.125.130.0-255,1484,20218,78,255166
22746,0.000185,172.31.40.0-255,66,20284,78,255166
22747,0.000189,74.125.130.0-255,2902,23186,78,255166
22748,0.000192,172.31.40.0-255,66,23252,78,255166
22749,0.000213,74.125.130.0-255,5738,28990,78,255166
22750,0.000215,172.31.40.0-255,66,29056,78,255166
22751,0.000252,74.125.130.0-255,2543,31599,78,255166
22752,0.000255,172.31.40.0-255,66,31665,78,255166
22753,0.000703,74.125.130.0-255,1484,33149,78,255166
22754,0.000709,172.31.40.0-255,66,33215,78,255166
22755,0.000714,74.125.130.0-255,2902,36117,78,255166
22756,0.000717,172.31.40.0-255,66,36183,78,255166
22757,0.00072,74.125.130.0-255,1484,37667,78,255166
22758,0.000722,172.31.40.0-255,66,37733,78,255166
22759,0.000739,74.125.130.0-255,4320,42053,78,255166
22760,0.000741,172.31.40.0-255,66,42119,78,255166
22761,0.000745,74.125.130.0-255,2902,45021,78,255166
22762,0.000747,172.31.40.0-255,66,45087,78,255166
22763,0.000764,74.125.130.0-255,3961,49048,78,255166
22764,0.000766,172.31.40.0-255,66,49114,78,255166
22765,0.000774,74.125.130.0-255,7156,56270,78,255166
22766,0.000776,172.31.40.0-255,66,56336,78,255166
22767,0.000804,74.125.130.0-255,5738,62074,78,255166
22768,0.000807,172.31.40.0-255,66,62140,78,255166
22769,0.000828,74.125.130.0-255,3961,66101,78,255166
22770,0.000831,172.31.40.0-255,66,66167,78,255166
22771,0.001192,74.125.130.0-255,646,66813,78,255166
22772,0.001493,74.125.130.0-255,1484,68297,78,255166
22773,0.0015,172.31.40.0-255,66,68363,78,255166
22774,0.001506,74.125.130.0-255,2902,71265,78,255166
22775,0.001508,172.31.40.0-255,66,71331,78,255166
22776,0.001515,74.125.130.0-255,5738,77069,78,255166
22777,0.001517,172.31.40.0-255,66,77135,78,255166
22778,0.001524,74.125.130.0-255,5738,82873,78,255166
22779,0.001526,172.31.40.0-255,66,82939,78,255166
22780,0.001541,74.125.130.0-255,1484,84423,78,255166
22781,0.001556,172.31.40.0-255,66,84489,78,255166
22782,0.001572,74.125.130.0-255,1484,85973,78,255166
22783,0.001577,74.125.130.0-255,2184,88157,78,255166
22784,0.001578,172.31.40.0-255,66,88223,78,255166
22785,0.001756,74.125.130.0-255,1484,89707,78,255166
22786,0.001773,74.125.130.0-255,2902,92609,78,255166
22787,0.001778,172.31.40.0-255,66,92675,78,255166
22788,0.001783,74.125.130.0-255,2902,95577,78,255166
22789,0.001785,172.31.40.0-255,66,95643,78,255166
22790,0.001801,74.125.130.0-255,2902,98545,78,255166
22791,0.001803,172.31.40.0-255,66,98611,78,255166
22792,0.001808,74.125.130.0-255,2902,101513,78,255166
22793,0.00181,172.31.40.0-255,66,101579,78,255166
22794,0.001836,74.125.130.0-255,5738,107317,78,255166
22795,0.001839,172.31.40.0-255,66,107383,78,255166
22796,0.001849,172.31.40.0-255,66,107449,78,255166
22797,0.001881,74.125.130.0-255,5020,112469,78,255166
22798,0.001884,172.31.40.0-255,66,112535,78,255166
22799,0.003831,74.125.130.0-255,5738,118273,78,255166
22800,0.003838,172.31.40.0-255,66,118339,78,255166
22801,0.005813,74.125.130.0-255,5738,124077,78,255166
22802,0.005818,172.31.40.0-255,66,124143,78,255166
22803,0.007769,74.125.130.0-255,5738,129881,78,255166
22804,0.007776,172.31.40.0-255,66,129947,78,255166
22805,0.009723,74.125.130.0-255,5738,135685,78,255166
22806,0.009729,172.31.40.0-255,66,135751,78,255166
22807,0.011672,74.125.130.0-255,5738,141489,78,255166
22808,0.01168,172.31.40.0-255,66,141555,78,255166
22809,0.013621,74.125.130.0-255,5738,147293,78,255166
22810,0.013629,172.31.40.0-255,66,147359,78,255166
22811,0.015566,74.125.130.0-255,5738,153097,78,255166
22812,0.015571,172.31.40.0-255,66,153163,78,255166
22813,0.017519,74.125.130.0-255,5738,158901,78,255166
22814,0.017525,172.31.40.0-255,66,158967,78,255166
22815,0.01947,74.125.130.0-255,5738,164705,78,255166
22816,0.019479,172.31.40.0-255,66,164771,78,255166
22817,0.021459,74.125.130.0-255,5738,170509,78,255166
22818,0.021478,172.31.40.0-255,66,170575,78,255166
22819,0.023422,74.125.130.0-255,5738,176313,78,255166
22820,0.023429,172.31.40.0-255,66,176379,78,255166
22821,0.025374,74.125.130.0-255,5738,182117,78,255166
22822,0.02538,172.31.40.0-255,66,182183,78,255166
22823,0.027317,74.125.130.0-255,5738,187921,78,255166
22824,0.027324,172.31.40.0-255,66,187987,78,255166
22825,0.029276,74.125.130.0-255,5738,193725,78,255166
22826,0.029285,172.31.40.0-255,66,193791,78,255166
22827,0.031231,74.125.130.0-255,5738,199529,78,255166
22828,0.03124,172.31.40.0-255,66,199595,78,255166
22829,0.033179,74.125.130.0-255,5738,205333,78,255166
22830,0.033185,172.31.40.0-255,66,205399,78,255166
22831,0.034523,172.31.40.0-255,172,205571,78,255166
22832,0.034549,172.31.40.0-255,1108,206679,78,255166
22833,0.034599,172.31.40.0-255,1514,208193,78,255166
22834,0.034601,172.31.40.0-255,1299,209492,78,255166
22835,0.035124,74.125.130.0-255,5738,215230,78,255166
22836,0.03513,172.31.40.0-255,66,215296,78,255166
22837,0.036056,104.244.42.0-255,66,215362,78,255166
22838,0.036095,104.244.42.0-255,66,215428,78,255166
22839,0.036156,104.244.42.0-255,66,215494,78,255166
22840,0.037069,74.125.130.0-255,2902,218396,78,255166
22841,0.037075,172.31.40.0-255,66,218462,78,255166
22842,0.037095,74.125.130.0-255,2902,221364,78,255166
22843,0.037098,172.31.40.0-255,66,221430,78,255166
22844,0.03902,74.125.130.0-255,2902,224332,78,255166
22845,0.039025,172.31.40.0-255,66,224398,78,255166
22846,0.039043,74.125.130.0-255,2902,227300,78,255166
22847,0.039045,172.31.40.0-255,66,227366,78,255166
22848,0.040963,74.125.130.0-255,2902,230268,78,255166
22849,0.040973,172.31.40.0-255,66,230334,78,255166
22850,0.040993,74.125.130.0-255,2902,233236,78,255166
22851,0.040998,172.31.40.0-255,66,233302,78,255166
22852,0.042921,74.125.130.0-255,4320,237622,78,255166
22853,0.042936,172.31.40.0-255,66,237688,78,255166
22854,0.042958,74.125.130.0-255,1484,239172,78,255166
22855,0.044906,74.125.130.0-255,4320,243492,78,255166
22856,0.044919,172.31.40.0-255,66,243558,78,255166
22857,0.046874,74.125.130.0-255,5738,249296,78,255166
22858,0.046889,172.31.40.0-255,66,249362,78,255166
22859,0.04885,74.125.130.0-255,5738,255100,78,255166
22860,0.048867,172.31.40.0-255,66,255166,78,255166
22861,0.0,74.125.68.0-255,150,150,78,334242
22862,1.6e-05,172.31.40.0-255,66,216,78,334242
22863,2.2e-05,74.125.68.0-255,1484,1700,78,334242
22864,2.6e-05,172.31.40.0-255,66,1766,78,334242
22865,5.4e-05,74.125.68.0-255,2902,4668,78,334242
22866,6.2e-05,172.31.40.0-255,66,4734,78,334242
22867,9.2e-05,74.125.68.0-255,5738,10472,78,334242
22868,9.5e-05,172.31.40.0-255,66,10538,78,334242
22869,0.0001,74.125.68.0-255,3448,13986,78,334242
22870,0.000103,172.31.40.0-255,66,14052,78,334242
22871,0.000175,74.125.68.0-255,1484,15536,78,334242
22872,0.000179,172.31.40.0-255,66,15602,78,334242
22873,0.000182,74.125.68.0-255,1484,17086,78,334242
22874,0.000184,172.31.40.0-255,66,17152,78,334242
22875,0.000187,74.125.68.0-255,1484,18636,78,334242
22876,0.000189,172.31.40.0-255,66,18702,78,334242
22877,0.000222,74.125.68.0-255,1484,20186,78,334242
22878,0.000224,172.31.40.0-255,66,20252,78,334242
22879,0.000231,74.125.68.0-255,5738,25990,78,334242
22880,0.000233,172.31.40.0-255,66,26056,78,334242
22881,0.000236,74.125.68.0-255,1484,27540,78,334242
22882,0.00024,172.31.40.0-255,66,27606,78,334242
22883,0.000271,74.125.68.0-255,3961,31567,78,334242
22884,0.000278,74.125.68.0-255,5738,37305,78,334242
22885,0.000284,74.125.68.0-255,2902,40207,78,334242
22886,0.000289,74.125.68.0-255,2902,43109,78,334242
22887,0.000295,172.31.40.0-255,66,43175,78,334242
22888,0.000297,172.31.40.0-255,66,43241,78,334242
22889,0.000302,172.31.40.0-255,66,43307,78,334242
22890,0.000303,172.31.40.0-255,66,43373,78,334242
22891,0.000306,74.125.68.0-255,1484,44857,78,334242
22892,0.000312,172.31.40.0-255,66,44923,78,334242
22893,0.000333,74.125.68.0-255,3961,48884,78,334242
22894,0.000336,172.31.40.0-255,66,48950,78,334242
22895,0.000393,74.125.68.0-255,1484,50434,78,334242
22896,0.00041,74.125.68.0-255,2902,53336,78,334242
22897,0.000414,172.31.40.0-255,66,53402,78,334242
22898,0.000441,74.125.68.0-255,2902,56304,78,334242
22899,0.000444,172.31.40.0-255,66,56370,78,334242
22900,0.000449,74.125.68.0-255,4320,60690,78,334242
22901,0.000451,172.31.40.0-255,66,60756,78,334242
22902,0.000493,74.125.68.0-255,5379,66135,78,334242
22903,0.000496,172.31.40.0-255,66,66201,78,334242
22904,0.000538,74.125.68.0-255,413,66614,78,334242
22905,0.000572,74.125.68.0-255,1484,68098,78,334242
22906,0.000576,172.31.40.0-255,66,68164,78,334242
22907,0.000579,74.125.68.0-255,1484,69648,78,334242
22908,0.000603,74.125.68.0-255,2902,72550,78,334242
22909,0.000606,172.31.40.0-255,66,72616,78,334242
22910,0.000611,74.125.68.0-255,4320,76936,78,334242
22911,0.000614,172.31.40.0-255,66,77002,78,334242
22912,0.000633,74.125.68.0-255,1484,78486,78,334242
22913,0.000641,74.125.68.0-255,5620,84106,78,334242
22914,0.000644,172.31.40.0-255,66,84172,78,334242
22915,0.000747,74.125.68.0-255,1484,85656,78,334242
22916,0.000752,74.125.68.0-255,1484,87140,78,334242
22917,0.000755,172.31.40.0-255,66,87206,78,334242
22918,0.000782,74.125.68.0-255,1484,88690,78,334242
22919,0.000788,74.125.68.0-255,5738,94428,78,334242
22920,0.000791,74.125.68.0-255,2902,97330,78,334242
22921,0.000802,172.31.40.0-255,66,97396,78,334242
22922,0.000805,172.31.40.0-255,66,97462,78,334242
22923,0.000846,74.125.68.0-255,3961,101423,78,334242
22924,0.00085,172.31.40.0-255,66,101489,78,334242
22925,0.001116,74.125.68.0-255,1484,102973,78,334242
22926,0.001123,74.125.68.0-255,2902,105875,78,334242
22927,0.001126,172.31.40.0-255,66,105941,78,334242
22928,0.001133,74.125.68.0-255,5738,111679,78,334242
22929,0.001136,172.31.40.0-255,66,111745,78,334242
22930,0.001179,74.125.68.0-255,4320,116065,78,334242
22931,0.001182,172.31.40.0-255,66,116131,78,334242
22932,0.001188,74.125.68.0-255,5738,121869,78,334242
22933,0.001191,172.31.40.0-255,66,121935,78,334242
22934,0.001209,172.31.40.0-255,66,122001,78,334242
22935,0.001212,74.125.68.0-255,2184,124185,78,334242
22936,0.001215,172.31.40.0-255,66,124251,78,334242
22937,0.001331,74.125.68.0-255,1484,125735,78,334242
22938,0.001335,74.125.68.0-255,1484,127219,78,334242
22939,0.001338,172.31.40.0-255,66,127285,78,334242
22940,0.001363,74.125.68.0-255,1484,128769,78,334242
22941,0.001368,74.125.68.0-255,2902,131671,78,334242
22942,0.001371,172.31.40.0-255,66,131737,78,334242
22943,0.001376,74.125.68.0-255,4320,136057,78,334242
22944,0.001378,172.31.40.0-255,66,136123,78,334242
22945,0.001422,172.31.40.0-255,66,136189,78,334242
22946,0.001425,74.125.68.0-255,1484,137673,78,334242
22947,0.001464,172.31.40.0-255,66,137739,78,334242
22948,0.001467,74.125.68.0-255,766,138505,78,334242
22949,0.001603,74.125.68.0-255,1484,139989,78,334242
22950,0.001607,172.31.40.0-255,66,140055,78,334242
22951,0.001632,74.125.68.0-255,2902,142957,78,334242
22952,0.001636,172.31.40.0-255,66,143023,78,334242
22953,0.001643,74.125.68.0-255,5738,148761,78,334242
22954,0.001645,172.31.40.0-255,66,148827,78,334242
22955,0.001677,74.125.68.0-255,5738,154565,78,334242
22956,0.00168,172.31.40.0-255,66,154631,78,334242
22957,0.001688,74.125.68.0-255,7156,161787,78,334242
22958,0.001691,172.31.40.0-255,66,161853,78,334242
22959,0.001742,172.31.40.0-255,66,161919,78,334242
22960,0.001978,74.125.68.0-255,1484,163403,78,334242
22961,0.001984,74.125.68.0-255,2902,166305,78,334242
22962,0.001988,172.31.40.0-255,66,166371,78,334242
22963,0.001992,74.125.68.0-255,1484,167855,78,334242
22964,0.002034,74.125.68.0-255,4320,172175,78,334242
22965,0.002037,172.31.40.0-255,66,172241,78,334242
22966,0.002043,74.125.68.0-255,4320,176561,78,334242
22967,0.002045,172.31.40.0-255,66,176627,78,334242
22968,0.002052,74.125.68.0-255,5738,182365,78,334242
22969,0.002054,172.31.40.0-255,66,182431,78,334242
22970,0.00206,74.125.68.0-255,5738,188169,78,334242
22971,0.002062,172.31.40.0-255,66,188235,78,334242
22972,0.002092,74.125.68.0-255,5738,193973,78,334242
22973,0.002094,172.31.40.0-255,66,194039,78,334242
22974,0.002098,74.125.68.0-255,2184,196223,78,334242
22975,0.002101,172.31.40.0-255,66,196289,78,334242
22976,0.002238,74.125.68.0-255,1484,197773,78,334242
22977,0.002283,74.125.68.0-255,2902,200675,78,334242
22978,0.002287,172.31.40.0-255,66,200741,78,334242
22979,0.002295,74.125.68.0-255,5738,206479,78,334242
22980,0.002297,172.31.40.0-255,66,206545,78,334242
22981,0.002305,74.125.68.0-255,4320,210865,78,334242
22982,0.002313,172.31.40.0-255,66,210931,78,334242
22983,0.002323,172.31.40.0-255,66,210997,78,334242
22984,0.004614,74.125.68.0-255,5738,216735,78,334242
22985,0.004623,172.31.40.0-255,66,216801,78,334242
22986,0.006908,74.125.68.0-255,5738,222539,78,334242
22987,0.006919,172.31.40.0-255,66,222605,78,334242
22988,0.009201,74.125.68.0-255,5738,228343,78,334242
22989,0.009206,172.31.40.0-255,66,228409,78,334242
22990,0.011488,74.125.68.0-255,5738,234147,78,334242
22991,0.011494,172.31.40.0-255,66,234213,78,334242
22992,0.013776,74.125.68.0-255,5738,239951,78,334242
22993,0.013782,172.31.40.0-255,66,240017,78,334242
22994,0.016085,74.125.68.0-255,5738,245755,78,334242
22995,0.016096,172.31.40.0-255,66,245821,78,334242
22996,0.018388,74.125.68.0-255,5738,251559,78,334242
22997,0.018397,172.31.40.0-255,66,251625,78,334242
22998,0.020689,74.125.68.0-255,5738,257363,78,334242
22999,0.020697,172.31.40.0-255,66,257429,78,334242
23000,0.022992,74.125.68.0-255,5738,263167,78,334242
23001,0.022999,172.31.40.0-255,66,263233,78,334242
23002,0.025299,74.125.68.0-255,5738,268971,78,334242
23003,0.025306,172.31.40.0-255,66,269037,78,334242
23004,0.027634,74.125.68.0-255,5738,274775,78,334242
23005,0.027643,172.31.40.0-255,66,274841,78,334242
23006,0.029924,74.125.68.0-255,5738,280579,78,334242
23007,0.029931,172.31.40.0-255,66,280645,78,334242
23008,0.030024,172.31.40.0-255,172,280817,78,334242
23009,0.030051,172.31.40.0-255,1108,281925,78,334242
23010,0.030109,172.31.40.0-255,1514,283439,78,334242
23011,0.030111,172.31.40.0-255,1514,284953,78,334242
23012,0.030116,172.31.40.0-255,1514,286467,78,334242
23013,0.030117,172.31.40.0-255,1079,287546,78,334242
23014,0.031574,104.244.42.0-255,66,287612,78,334242
23015,0.031763,104.244.42.0-255,66,287678,78,334242
23016,0.03179,104.244.42.0-255,66,287744,78,334242
23017,0.03181,104.244.42.0-255,66,287810,78,334242
23018,0.032226,74.125.68.0-255,5738,293548,78,334242
23019,0.03223,172.31.40.0-255,66,293614,78,334242
23020,0.03452,74.125.68.0-255,5738,299352,78,334242
23021,0.034527,172.31.40.0-255,66,299418,78,334242
23022,0.036816,74.125.68.0-255,5738,305156,78,334242
23023,0.036823,172.31.40.0-255,66,305222,78,334242
23024,0.039113,74.125.68.0-255,5738,310960,78,334242
23025,0.039122,172.31.40.0-255,66,311026,78,334242
23026,0.041418,74.125.68.0-255,5738,316764,78,334242
23027,0.041425,172.31.40.0-255,66,316830,78,334242
23028,0.043724,74.125.68.0-255,5738,322568,78,334242
23029,0.043731,172.31.40.0-255,66,322634,78,334242
23030,0.046031,74.125.68.0-255,5738,328372,78,334242
23031,0.046038,172.31.40.0-255,66,328438,78,334242
23032,0.048326,74.125.68.0-255,5738,334176,78,334242
23033,0.048332,172.31.40.0-255,66,334242,78,334242
23034,0.0,172.217.194.0-255,152,152,78,257820
23035,2.4e-05,172.31.40.0-255,66,218,78,257820
23036,3.2e-05,172.217.194.0-255,1484,1702,78,257820
23037,3.7e-05,172.31.40.0-255,66,1768,78,257820
23038,5.1e-05,172.217.194.0-255,2902,4670,78,257820
23039,5.6e-05,172.31.40.0-255,66,4736,78,257820
23040,6.4e-05,172.217.194.0-255,7156,11892,78,257820
23041,6.7e-05,172.31.40.0-255,66,11958,78,257820
23042,7.1e-05,172.217.194.0-255,2036,13994,78,257820
23043,7.4e-05,172.31.40.0-255,66,14060,78,257820
23044,9.9e-05,172.217.194.0-255,4320,18380,78,257820
23045,0.000101,172.31.40.0-255,66,18446,78,257820
23046,0.000133,172.217.194.0-255,7156,25602,78,257820
23047,0.00014,172.31.40.0-255,66,25668,78,257820
23048,0.000146,172.217.194.0-255,5379,31047,78,257820
23049,0.000148,172.31.40.0-255,66,31113,78,257820
23050,0.000193,172.217.194.0-255,1484,32597,78,257820
23051,0.000195,172.31.40.0-255,66,32663,78,257820
23052,0.000217,172.217.194.0-255,2902,35565,78,257820
23053,0.000219,172.31.40.0-255,66,35631,78,257820
23054,0.000224,172.217.194.0-255,4320,39951,78,257820
23055,0.000226,172.31.40.0-255,66,40017,78,257820
23056,0.000242,172.217.194.0-255,1484,41501,78,257820
23057,0.000244,172.31.40.0-255,66,41567,78,257820
23058,0.000268,172.217.194.0-255,2902,44469,78,257820
23059,0.000271,172.31.40.0-255,66,44535,78,257820
23060,0.000298,172.217.194.0-255,5379,49914,78,257820
23061,0.000301,172.31.40.0-255,66,49980,78,257820
23062,0.00031,172.31.40.0-255,66,50046,78,257820
23063,0.000318,172.217.194.0-255,2902,52948,78,257820
23064,0.00032,172.31.40.0-255,66,53014,78,257820
23065,0.000346,172.217.194.0-255,4289,57303,78,257820
23066,0.000508,172.217.194.0-255,382,57685,78,257820
23067,0.000519,172.31.40.0-255,66,57751,78,257820
23068,0.002,172.217.194.0-255,1484,59235,78,257820
23069,0.002025,172.217.194.0-255,2902,62137,78,257820
23070,0.002029,172.31.40.0-255,66,62203,78,257820
23071,0.00206,172.217.194.0-255,5738,67941,78,257820
23072,0.002079,172.217.194.0-255,4320,72261,78,257820
23073,0.002088,172.217.194.0-255,1484,73745,78,257820
23074,0.002116,172.217.194.0-255,2902,76647,78,257820
23075,0.002178,172.217.194.0-255,1484,78131,78,257820
23076,0.002181,172.217.194.0-255,766,78897,78,257820
23077,0.002306,172.217.194.0-255,1484,80381,78,257820
23078,0.00233,172.217.194.0-255,2902,83283,78,257820
23079,0.002334,172.217.194.0-255,4320,87603,78,257820
23080,0.002346,172.217.194.0-255,1484,89087,78,257820
23081,0.002372,172.217.194.0-255,2902,91989,78,257820
23082,0.002396,172.217.194.0-255,1484,93473,78,257820
23083,0.002401,172.217.194.0-255,4320,97793,78,257820
23084,0.002412,172.217.194.0-255,2902,100695,78,257820
23085,0.002424,172.217.194.0-255,2902,103597,78,257820
23086,0.002454,172.217.194.0-255,1484,105081,78,257820
23087,0.002489,172.217.194.0-255,2902,107983,78,257820
23088,0.00254,172.217.194.0-255,5738,113721,78,257820
23089,0.002542,172.217.194.0-255,766,114487,78,257820
23090,0.002563,172.217.194.0-255,2902,117389,78,257820
23091,0.002596,172.217.194.0-255,2902,120291,78,257820
23092,0.002603,172.217.194.0-255,7156,127447,78,257820
23093,0.002629,172.217.194.0-255,7156,134603,78,257820
23094,0.002645,172.217.194.0-255,7156,141759,78,257820
23095,0.002651,172.217.194.0-255,6438,148197,78,257820
23096,0.002654,172.217.194.0-255,1484,149681,78,257820
23097,0.002657,172.217.194.0-255,1484,151165,78,257820
23098,0.00267,172.217.194.0-255,1484,152649,78,257820
23099,0.002675,172.217.194.0-255,5738,158387,78,257820
23100,0.002695,172.217.194.0-255,1484,159871,78,257820
23101,0.002706,172.217.194.0-255,2902,162773,78,257820
23102,0.002726,172.217.194.0-255,7156,169929,78,257820
23103,0.002734,172.217.194.0-255,1484,171413,78,257820
23104,0.002744,172.217.194.0-255,1484,172897,78,257820
23105,0.002759,172.217.194.0-255,4320,177217,78,257820
23106,0.00278,172.217.194.0-255,5020,182237,78,257820
23107,0.006653,172.31.40.0-255,66,182303,78,257820
23108,0.00927,172.217.194.0-255,5738,188041,78,257820
23109,0.009282,172.31.40.0-255,66,188107,78,257820
23110,0.011839,172.217.194.0-255,5738,193845,78,257820
23111,0.011849,172.31.40.0-255,66,193911,78,257820
23112,0.014411,172.217.194.0-255,5738,199649,78,257820
23113,0.01442,172.31.40.0-255,66,199715,78,257820
23114,0.016998,172.217.194.0-255,4320,204035,78,257820
23115,0.017007,172.31.40.0-255,66,204101,78,257820
23116,0.017026,172.217.194.0-255,1484,205585,78,257820
23117,0.019601,172.217.194.0-255,4320,209905,78,257820
23118,0.022714,172.31.40.0-255,66,209971,78,257820
23119,0.025331,172.217.194.0-255,5738,215709,78,257820
23120,0.025348,172.31.40.0-255,66,215775,78,257820
23121,0.027924,172.217.194.0-255,5738,221513,78,257820
23122,0.027932,172.31.40.0-255,66,221579,78,257820
23123,0.030878,172.217.194.0-255,5738,227317,78,257820
23124,0.030886,172.31.40.0-255,66,227383,78,257820
23125,0.033863,172.217.194.0-255,5738,233121,78,257820
23126,0.033877,172.31.40.0-255,66,233187,78,257820
23127,0.037128,172.217.194.0-255,5738,238925,78,257820
23128,0.037149,172.31.40.0-255,66,238991,78,257820
23129,0.041453,172.217.194.0-255,5738,244729,78,257820
23130,0.041474,172.31.40.0-255,66,244795,78,257820
23131,0.043888,172.31.40.0-255,172,244967,78,257820
23132,0.043922,172.31.40.0-255,1104,246071,78,257820
23133,0.043988,172.31.40.0-255,1514,247585,78,257820
23134,0.04399,172.31.40.0-255,1514,249099,78,257820
23135,0.044015,172.31.40.0-255,1514,250613,78,257820
23136,0.04402,172.31.40.0-255,965,251578,78,257820
23137,0.045467,104.244.42.0-255,66,251644,78,257820
23138,0.045523,104.244.42.0-255,66,251710,78,257820
23139,0.045597,104.244.42.0-255,66,251776,78,257820
23140,0.045667,104.244.42.0-255,66,251842,78,257820
23141,0.046209,104.244.42.0-255,108,251950,78,257820
23142,0.046222,172.31.40.0-255,66,252016,78,257820
23143,0.049022,172.217.194.0-255,5738,257754,78,257820
23144,0.049042,172.31.40.0-255,66,257820,78,257820
23145,0.0,74.125.24.0-255,150,150,78,266346
23146,2.9e-05,172.31.40.0-255,66,216,78,266346
23147,3.8e-05,74.125.24.0-255,1484,1700,78,266346
23148,4.4e-05,172.31.40.0-255,66,1766,78,266346
23149,5e-05,74.125.24.0-255,2902,4668,78,266346
23150,5.4e-05,172.31.40.0-255,66,4734,78,266346
23151,6.2e-05,74.125.24.0-255,7156,11890,78,266346
23152,6.6e-05,172.31.40.0-255,66,11956,78,266346
23153,9.5e-05,74.125.24.0-255,2117,14073,78,266346
23154,9.8e-05,172.31.40.0-255,66,14139,78,266346
23155,0.000203,74.125.24.0-255,1484,15623,78,266346
23156,0.000206,172.31.40.0-255,66,15689,78,266346
23157,0.000212,74.125.24.0-255,2902,18591,78,266346
23158,0.000214,172.31.40.0-255,66,18657,78,266346
23159,0.00022,74.125.24.0-255,4320,22977,78,266346
23160,0.000222,172.31.40.0-255,66,23043,78,266346
23161,0.000246,74.125.24.0-255,1484,24527,78,266346
23162,0.000249,172.31.40.0-255,66,24593,78,266346
23163,0.000254,74.125.24.0-255,2902,27495,78,266346
23164,0.000257,172.31.40.0-255,66,27561,78,266346
23165,0.000285,74.125.24.0-255,5738,33299,78,266346
23166,0.000288,172.31.40.0-255,66,33365,78,266346
23167,0.000317,74.125.24.0-255,5379,38744,78,266346
23168,0.00032,172.31.40.0-255,66,38810,78,266346
23169,0.000345,172.31.40.0-255,66,38876,78,266346
23170,0.000481,74.125.24.0-255,1484,40360,78,266346
23171,0.000485,172.31.40.0-255,66,40426,78,266346
23172,0.000492,74.125.24.0-255,2902,43328,78,266346
23173,0.000495,172.31.40.0-255,66,43394,78,266346
23174,0.000502,74.125.24.0-255,5738,49132,78,266346
23175,0.000505,172.31.40.0-255,66,49198,78,266346
23176,0.000539,74.125.24.0-255,7129,56327,78,266346
23177,0.000542,172.31.40.0-255,66,56393,78,266346
23178,0.000573,74.125.24.0-255,344,56737,78,266346
23179,0.000659,74.125.24.0-255,1484,58221,78,266346
23180,0.000664,172.31.40.0-255,66,58287,78,266346
23181,0.000668,74.125.24.0-255,1484,59771,78,266346
23182,0.000682,74.125.24.0-255,1484,61255,78,266346
23183,0.000684,172.31.40.0-255,66,61321,78,266346
23184,0.000692,74.125.24.0-255,5738,67059,78,266346
23185,0.000694,172.31.40.0-255,66,67125,78,266346
23186,0.000699,74.125.24.0-255,2902,70027,78,266346
23187,0.000702,172.31.40.0-255,66,70093,78,266346
23188,0.000729,172.31.40.0-255,66,70159,78,266346
23189,0.000763,74.125.24.0-255,4320,74479,78,266346
23190,0.000767,172.31.40.0-255,66,74545,78,266346
23191,0.000788,74.125.24.0-255,4320,78865,78,266346
23192,0.000791,172.31.40.0-255,66,78931,78,266346
23193,0.000794,74.125.24.0-255,1125,80056,78,266346
23194,0.001076,74.125.24.0-255,1484,81540,78,266346
23195,0.001081,172.31.40.0-255,66,81606,78,266346
23196,0.001087,74.125.24.0-255,2902,84508,78,266346
23197,0.001089,172.31.40.0-255,66,84574,78,266346
23198,0.001095,74.125.24.0-255,4320,88894,78,266346
23199,0.001097,172.31.40.0-255,66,88960,78,266346
23200,0.001117,74.125.24.0-255,1484,90444,78,266346
23201,0.001135,74.125.24.0-255,5738,96182,78,266346
23202,0.001138,172.31.40.0-255,66,96248,78,266346
23203,0.001164,74.125.24.0-255,7156,103404,78,266346
23204,0.001167,172.31.40.0-255,66,103470,78,266346
23205,0.00117,74.125.24.0-255,1484,104954,78,266346
23206,0.001188,74.125.24.0-255,5738,110692,78,266346
23207,0.001191,172.31.40.0-255,66,110758,78,266346
23208,0.001222,74.125.24.0-255,3602,114360,78,266346
23209,0.001226,172.31.40.0-255,66,114426,78,266346
23210,0.001311,74.125.24.0-255,1484,115910,78,266346
23211,0.001326,74.125.24.0-255,2902,118812,78,266346
23212,0.00133,172.31.40.0-255,66,118878,78,266346
23213,0.001335,74.125.24.0-255,2902,121780,78,266346
23214,0.001337,172.31.40.0-255,66,121846,78,266346
23215,0.00135,74.125.24.0-255,2902,124748,78,266346
23216,0.001353,172.31.40.0-255,66,124814,78,266346
23217,0.001357,74.125.24.0-255,2902,127716,78,266346
23218,0.001359,172.31.40.0-255,66,127782,78,266346
23219,0.001413,74.125.24.0-255,4320,132102,78,266346
23220,0.001416,172.31.40.0-255,66,132168,78,266346
23221,0.001436,74.125.24.0-255,5738,137906,78,266346
23222,0.001438,172.31.40.0-255,66,137972,78,266346
23223,0.00145,172.31.40.0-255,66,138038,78,266346
23224,0.001454,74.125.24.0-255,2184,140222,78,266346
23225,0.001456,172.31.40.0-255,66,140288,78,266346
23226,0.003673,74.125.24.0-255,5738,146026,78,266346
23227,0.003686,172.31.40.0-255,66,146092,78,266346
23228,0.005924,74.125.24.0-255,5738,151830,78,266346
23229,0.005929,172.31.40.0-255,66,151896,78,266346
23230,0.00814,74.125.24.0-255,5738,157634,78,266346
23231,0.008148,172.31.40.0-255,66,157700,78,266346
23232,0.010355,74.125.24.0-255,5738,163438,78,266346
23233,0.010371,172.31.40.0-255,66,163504,78,266346
23234,0.012598,74.125.24.0-255,5738,169242,78,266346
23235,0.012612,172.31.40.0-255,66,169308,78,266346
23236,0.014874,74.125.24.0-255,5738,175046,78,266346
23237,0.014886,172.31.40.0-255,66,175112,78,266346
23238,0.017096,74.125.24.0-255,5738,180850,78,266346
23239,0.017113,172.31.40.0-255,66,180916,78,266346
23240,0.019327,74.125.24.0-255,5738,186654,78,266346
23241,0.019342,172.31.40.0-255,66,186720,78,266346
23242,0.021616,74.125.24.0-255,5738,192458,78,266346
23243,0.021629,172.31.40.0-255,66,192524,78,266346
23244,0.023837,74.125.24.0-255,5738,198262,78,266346
23245,0.023848,172.31.40.0-255,66,198328,78,266346
23246,0.026085,74.125.24.0-255,5738,204066,78,266346
23247,0.026098,172.31.40.0-255,66,204132,78,266346
23248,0.028331,74.125.24.0-255,5738,209870,78,266346
23249,0.02834,172.31.40.0-255,66,209936,78,266346
23250,0.028719,172.31.40.0-255,172,210108,78,266346
23251,0.028752,172.31.40.0-255,1103,211211,78,266346
23252,0.028813,172.31.40.0-255,1514,212725,78,266346
23253,0.028816,172.31.40.0-255,1187,213912,78,266346
23254,0.030276,104.244.42.0-255,66,213978,78,266346
23255,0.030332,104.244.42.0-255,66,214044,78,266346
23256,0.030375,104.244.42.0-255,66,214110,78,266346
23257,0.030553,74.125.24.0-255,5738,219848,78,266346
23258,0.030559,172.31.40.0-255,66,219914,78,266346
23259,0.032792,74.125.24.0-255,5738,225652,78,266346
23260,0.032806,172.31.40.0-255,66,225718,78,266346
23261,0.03502,74.125.24.0-255,5738,231456,78,266346
23262,0.035039,172.31.40.0-255,66,231522,78,266346
23263,0.037299,74.125.24.0-255,5738,237260,78,266346
23264,0.037316,172.31.40.0-255,66,237326,78,266346
23265,0.03955,74.125.24.0-255,5738,243064,78,266346
23266,0.039564,172.31.40.0-255,66,243130,78,266346
23267,0.041766,74.125.24.0-255,5738,248868,78,266346
23268,0.041774,172.31.40.0-255,66,248934,78,266346
23269,0.044003,74.125.24.0-255,5738,254672,78,266346
23270,0.04402,172.31.40.0-255,66,254738,78,266346
23271,0.04626,74.125.24.0-255,5738,260476,78,266346
23272,0.04627,172.31.40.0-255,66,260542,78,266346
23273,0.048506,74.125.24.0-255,5738,266280,78,266346
23274,0.048518,172.31.40.0-255,66,266346,78,266346
23275,0.0,74.125.130.0-255,146,146,78,288929
23276,1.5e-05,172.31.40.0-255,66,212,78,288929
23277,2.1e-05,74.125.130.0-255,1484,1696,78,288929
23278,2.5e-05,172.31.40.0-255,66,1762,78,288929
23279,2.8e-05,74.125.130.0-255,1484,3246,78,288929
23280,3.1e-05,172.31.40.0-255,66,3312,78,288929
23281,6.6e-05,74.125.130.0-255,1484,4796,78,288929
23282,6.9e-05,172.31.40.0-255,66,4862,78,288929
23283,7.2e-05,74.125.130.0-255,1484,6346,78,288929
23284,7.4e-05,172.31.40.0-255,66,6412,78,288929
23285,7.9e-05,74.125.130.0-255,2902,9314,78,288929
23286,8.6e-05,172.31.40.0-255,66,9380,78,288929
23287,0.000158,74.125.130.0-255,4821,14201,78,288929
23288,0.000163,172.31.40.0-255,66,14267,78,288929
23289,0.00017,74.125.130.0-255,5738,20005,78,288929
23290,0.000172,172.31.40.0-255,66,20071,78,288929
23291,0.000175,74.125.130.0-255,1484,21555,78,288929
23292,0.000176,172.31.40.0-255,66,21621,78,288929
23293,0.000182,74.125.130.0-255,2902,24523,78,288929
23294,0.000185,172.31.40.0-255,66,24589,78,288929
23295,0.000198,74.125.130.0-255,5738,30327,78,288929
23296,0.000201,172.31.40.0-255,66,30393,78,288929
23297,0.000203,74.125.130.0-255,1125,31518,78,288929
23298,0.000206,172.31.40.0-255,66,31584,78,288929
23299,0.00037,74.125.130.0-255,1484,33068,78,288929
23300,0.000376,172.31.40.0-255,66,33134,78,288929
23301,0.000382,74.125.130.0-255,2902,36036,78,288929
23302,0.000385,172.31.40.0-255,66,36102,78,288929
23303,0.000418,74.125.130.0-255,4320,40422,78,288929
23304,0.000422,172.31.40.0-255,66,40488,78,288929
23305,0.000428,74.125.130.0-255,5738,46226,78,288929
23306,0.000431,172.31.40.0-255,66,46292,78,288929
23307,0.000465,74.125.130.0-255,7156,53448,78,288929
23308,0.00049,74.125.130.0-255,2543,55991,78,288929
23309,0.00054,172.31.40.0-255,66,56057,78,288929
23310,0.000543,74.125.130.0-255,366,56423,78,288929
23311,0.000798,74.125.130.0-255,1484,57907,78,288929
23312,0.000804,74.125.130.0-255,2902,60809,78,288929
23313,0.000821,74.125.130.0-255,1484,62293,78,288929
23314,0.000832,172.31.40.0-255,66,62359,78,288929
23315,0.000838,74.125.130.0-255,4320,66679,78,288929
23316,0.000843,172.31.40.0-255,66,66745,78,288929
23317,0.000878,74.125.130.0-255,6797,73542,78,288929
23318,0.000886,74.125.130.0-255,7156,80698,78,288929
23319,0.000932,172.31.40.0-255,66,80764,78,288929
23320,0.000945,74.125.130.0-255,1125,81889,78,288929
23321,0.001425,172.31.40.0-255,66,81955,78,288929
23322,0.00151,74.125.130.0-255,1484,83439,78,288929
23323,0.001519,74.125.130.0-255,2902,86341,78,288929
23324,0.00154,74.125.130.0-255,2902,89243,78,288929
23325,0.001551,74.125.130.0-255,2902,92145,78,288929
23326,0.001564,74.125.130.0-255,2902,95047,78,288929
23327,0.001581,74.125.130.0-255,4320,99367,78,288929
23328,0.001586,74.125.130.0-255,2902,102269,78,288929
23329,0.001606,74.125.130.0-255,5738,108007,78,288929
23330,0.001726,74.125.130.0-255,1484,109491,78,288929
23331,0.001744,74.125.130.0-255,2902,112393,78,288929
23332,0.00178,74.125.130.0-255,4320,116713,78,288929
23333,0.001803,74.125.130.0-255,5738,122451,78,288929
23334,0.001822,74.125.130.0-255,7156,129607,78,288929
23335,0.001844,74.125.130.0-255,5738,135345,78,288929
23336,0.001862,74.125.130.0-255,2902,138247,78,288929
23337,0.001867,74.125.130.0-255,3602,141849,78,288929
23338,0.00194,74.125.130.0-255,1484,143333,78,288929
23339,0.001959,74.125.130.0-255,2902,146235,78,288929
23340,0.001962,74.125.130.0-255,1484,147719,78,288929
23341,0.001965,74.125.130.0-255,1484,149203,78,288929
23342,0.001977,74.125.130.0-255,1484,150687,78,288929
23343,0.002008,74.125.130.0-255,2902,153589,78,288929
23344,0.002022,74.125.130.0-255,2902,156491,78,288929
23345,0.002024,74.125.130.0-255,1484,157975,78,288929
23346,0.002037,74.125.130.0-255,2902,160877,78,288929
23347,0.00416,172.31.40.0-255,66,160943,78,288929
23348,0.006196,74.125.130.0-255,5738,166681,78,288929
23349,0.006204,172.31.40.0-255,66,166747,78,288929
23350,0.008242,74.125.130.0-255,5738,172485,78,288929
23351,0.008251,172.31.40.0-255,66,172551,78,288929
23352,0.010272,74.125.130.0-255,1484,174035,78,288929
23353,0.010294,74.125.130.0-255,4320,178355,78,288929
23354,0.010299,172.31.40.0-255,66,178421,78,288929
23355,0.012324,74.125.130.0-255,5738,184159,78,288929
23356,0.012332,172.31.40.0-255,66,184225,78,288929
23357,0.014362,74.125.130.0-255,5738,189963,78,288929
23358,0.014369,172.31.40.0-255,66,190029,78,288929
23359,0.016392,74.125.130.0-255,5738,195767,78,288929
23360,0.016399,172.31.40.0-255,66,195833,78,288929
23361,0.018422,74.125.130.0-255,5738,201571,78,288929
23362,0.018428,172.31.40.0-255,66,201637,78,288929
23363,0.020461,74.125.130.0-255,5738,207375,78,288929
23364,0.020467,172.31.40.0-255,66,207441,78,288929
23365,0.022497,74.125.130.0-255,4320,211761,78,288929
23366,0.022503,172.31.40.0-255,66,211827,78,288929
23367,0.02253,74.125.130.0-255,1484,213311,78,288929
23368,0.024522,74.125.130.0-255,4320,217631,78,288929
23369,0.024528,172.31.40.0-255,66,217697,78,288929
23370,0.026551,74.125.130.0-255,2902,220599,78,288929
23371,0.026559,172.31.40.0-255,66,220665,78,288929
23372,0.026588,74.125.130.0-255,2902,223567,78,288929
23373,0.026614,172.31.40.0-255,66,223633,78,288929
23374,0.028576,74.125.130.0-255,1484,225117,78,288929
23375,0.02864,74.125.130.0-255,4320,229437,78,288929
23376,0.028658,172.31.40.0-255,66,229503,78,288929
23377,0.03068,74.125.130.0-255,2902,232405,78,288929
23378,0.030685,172.31.40.0-255,66,232471,78,288929
23379,0.030714,74.125.130.0-255,2902,235373,78,288929
23380,0.030728,172.31.40.0-255,66,235439,78,288929
23381,0.032706,74.125.130.0-255,2902,238341,78,288929
23382,0.032713,172.31.40.0-255,66,238407,78,288929
23383,0.032755,74.125.130.0-255,2902,241309,78,288929
23384,0.032779,172.31.40.0-255,66,241375,78,288929
23385,0.034751,74.125.130.0-255,2902,244277,78,288929
23386,0.034757,172.31.40.0-255,66,244343,78,288929
23387,0.034789,74.125.130.0-255,1484,245827,78,288929
23388,0.034845,74.125.130.0-255,1484,247311,78,288929
23389,0.034856,172.31.40.0-255,66,247377,78,288929
23390,0.036776,74.125.130.0-255,2902,250279,78,288929
23391,0.036781,172.31.40.0-255,66,250345,78,288929
23392,0.036862,74.125.130.0-255,2902,253247,78,288929
23393,0.036867,172.31.40.0-255,66,253313,78,288929
23394,0.038792,74.125.130.0-255,2902,256215,78,288929
23395,0.038797,172.31.40.0-255,66,256281,78,288929
23396,0.038884,74.125.130.0-255,2902,259183,78,288929
23397,0.038888,172.31.40.0-255,66,259249,78,288929
23398,0.040827,74.125.130.0-255,2902,262151,78,288929
23399,0.040832,172.31.40.0-255,66,262217,78,288929
23400,0.040903,74.125.130.0-255,2902,265119,78,288929
23401,0.041008,172.31.40.0-255,66,265185,78,288929
23402,0.042839,74.125.130.0-255,2902,268087,78,288929
23403,0.042846,172.31.40.0-255,66,268153,78,288929
23404,0.043025,74.125.130.0-255,2902,271055,78,288929
23405,0.043031,172.31.40.0-255,66,271121,78,288929
23406,0.044871,74.125.130.0-255,2902,274023,78,288929
23407,0.044877,172.31.40.0-255,66,274089,78,288929
23408,0.045047,74.125.130.0-255,2902,276991,78,288929
23409,0.045053,172.31.40.0-255,66,277057,78,288929
23410,0.046894,74.125.130.0-255,2902,279959,78,288929
23411,0.0469,172.31.40.0-255,66,280025,78,288929
23412,0.047077,74.125.130.0-255,2902,282927,78,288929
23413,0.047083,172.31.40.0-255,66,282993,78,288929
23414,0.048922,74.125.130.0-255,2902,285895,78,288929
23415,0.048929,172.31.40.0-255,66,285961,78,288929
23416,0.049108,74.125.130.0-255,2902,288863,78,288929
23417,0.049114,172.31.40.0-255,66,288929,78,288929
23418,0.0,172.217.194.0-255,152,152,78,251684
23419,2.3e-05,172.31.40.0-255,66,218,78,251684
23420,3.1e-05,172.217.194.0-255,1484,1702,78,251684
23421,3.5e-05,172.31.40.0-255,66,1768,78,251684
23422,4e-05,172.217.194.0-255,2902,4670,78,251684
23423,5.2e-05,172.31.40.0-255,66,4736,78,251684
23424,6e-05,172.217.194.0-255,7156,11892,78,251684
23425,6.3e-05,172.31.40.0-255,66,11958,78,251684
23426,6.6e-05,172.217.194.0-255,2092,14050,78,251684
23427,6.9e-05,172.31.40.0-255,66,14116,78,251684
23428,0.000382,172.217.194.0-255,1484,15600,78,251684
23429,0.000388,172.31.40.0-255,66,15666,78,251684
23430,0.000394,172.217.194.0-255,2902,18568,78,251684
23431,0.000399,172.31.40.0-255,66,18634,78,251684
23432,0.000411,172.217.194.0-255,5738,24372,78,251684
23433,0.000414,172.31.40.0-255,66,24438,78,251684
23434,0.000418,172.217.194.0-255,2902,27340,78,251684
23435,0.000421,172.31.40.0-255,66,27406,78,251684
23436,0.000452,172.217.194.0-255,3961,31367,78,251684
23437,0.000457,172.31.40.0-255,66,31433,78,251684
23438,0.00053,172.217.194.0-255,1484,32917,78,251684
23439,0.000536,172.31.40.0-255,66,32983,78,251684
23440,0.000541,172.217.194.0-255,2902,35885,78,251684
23441,0.000544,172.31.40.0-255,66,35951,78,251684
23442,0.000555,172.217.194.0-255,5738,41689,78,251684
23443,0.000558,172.31.40.0-255,66,41755,78,251684
23444,0.000564,172.217.194.0-255,5738,47493,78,251684
23445,0.000567,172.31.40.0-255,66,47559,78,251684
23446,0.00062,172.217.194.0-255,4320,51879,78,251684
23447,0.000625,172.31.40.0-255,66,51945,78,251684
23448,0.000666,172.217.194.0-255,6797,58742,78,251684
23449,0.000673,172.217.194.0-255,6797,65539,78,251684
23450,0.000679,172.31.40.0-255,66,65605,78,251684
23451,0.000689,172.31.40.0-255,66,65671,78,251684
23452,0.000713,172.217.194.0-255,378,66049,78,251684
23453,0.00085,172.217.194.0-255,365,66414,78,251684
23454,0.001261,172.217.194.0-255,1484,67898,78,251684
23455,0.001268,172.31.40.0-255,66,67964,78,251684
23456,0.001274,172.217.194.0-255,2902,70866,78,251684
23457,0.001277,172.31.40.0-255,66,70932,78,251684
23458,0.001289,172.217.194.0-255,5738,76670,78,251684
23459,0.001292,172.31.40.0-255,66,76736,78,251684
23460,0.001326,172.217.194.0-255,2902,79638,78,251684
23461,0.00133,172.31.40.0-255,66,79704,78,251684
23462,0.001369,172.31.40.0-255,66,79770,78,251684
23463,0.001381,172.31.40.0-255,66,79836,78,251684
23464,0.001803,172.217.194.0-255,1484,81320,78,251684
23465,0.001812,172.217.194.0-255,2902,84222,78,251684
23466,0.001817,172.31.40.0-255,66,84288,78,251684
23467,0.001824,172.217.194.0-255,5738,90026,78,251684
23468,0.001826,172.31.40.0-255,66,90092,78,251684
23469,0.001855,172.217.194.0-255,5738,95830,78,251684
23470,0.001857,172.31.40.0-255,66,95896,78,251684
23471,0.001868,172.31.40.0-255,66,95962,78,251684
23472,0.001893,172.217.194.0-255,2902,98864,78,251684
23473,0.001895,172.31.40.0-255,66,98930,78,251684
23474,0.001901,172.217.194.0-255,5020,103950,78,251684
23475,0.001902,172.31.40.0-255,66,104016,78,251684
23476,0.001958,172.217.194.0-255,1484,105500,78,251684
23477,0.001963,172.217.194.0-255,2902,108402,78,251684
23478,0.001966,172.31.40.0-255,66,108468,78,251684
23479,0.002004,172.217.194.0-255,5738,114206,78,251684
23480,0.002007,172.31.40.0-255,66,114272,78,251684
23481,0.002023,172.31.40.0-255,66,114338,78,251684
23482,0.002048,172.217.194.0-255,5738,120076,78,251684
23483,0.002051,172.31.40.0-255,66,120142,78,251684
23484,0.00207,172.217.194.0-255,5020,125162,78,251684
23485,0.002072,172.31.40.0-255,66,125228,78,251684
23486,0.002266,172.217.194.0-255,1484,126712,78,251684
23487,0.002271,172.217.194.0-255,2902,129614,78,251684
23488,0.002276,172.31.40.0-255,66,129680,78,251684
23489,0.002305,172.217.194.0-255,5738,135418,78,251684
23490,0.002309,172.31.40.0-255,66,135484,78,251684
23491,0.002321,172.31.40.0-255,66,135550,78,251684
23492,0.002353,172.217.194.0-255,1484,137034,78,251684
23493,0.002366,172.31.40.0-255,66,137100,78,251684
23494,0.004706,172.217.194.0-255,5738,142838,78,251684
23495,0.004711,172.31.40.0-255,66,142904,78,251684
23496,0.007052,172.217.194.0-255,5738,148642,78,251684
23497,0.007059,172.31.40.0-255,66,148708,78,251684
23498,0.009401,172.217.194.0-255,5738,154446,78,251684
23499,0.00941,172.31.40.0-255,66,154512,78,251684
23500,0.011765,172.217.194.0-255,5738,160250,78,251684
23501,0.011774,172.31.40.0-255,66,160316,78,251684
23502,0.014128,172.217.194.0-255,5738,166054,78,251684
23503,0.014135,172.31.40.0-255,66,166120,78,251684
23504,0.016497,172.217.194.0-255,5738,171858,78,251684
23505,0.016506,172.31.40.0-255,66,171924,78,251684
23506,0.018888,172.217.194.0-255,5738,177662,78,251684
23507,0.018901,172.31.40.0-255,66,177728,78,251684
23508,0.021247,172.217.194.0-255,5738,183466,78,251684
23509,0.021257,172.31.40.0-255,66,183532,78,251684
23510,0.023647,172.217.194.0-255,5738,189270,78,251684
23511,0.023655,172.31.40.0-255,66,189336,78,251684
23512,0.023752,172.31.40.0-255,189,189525,78,251684
23513,0.023789,172.31.40.0-255,918,190443,78,251684
23514,0.023855,172.31.40.0-255,1514,191957,78,251684
23515,0.023857,172.31.40.0-255,1489,193446,78,251684
23516,0.025313,104.244.42.0-255,66,193512,78,251684
23517,0.025356,104.244.42.0-255,66,193578,78,251684
23518,0.025413,104.244.42.0-255,66,193644,78,251684
23519,0.026057,172.217.194.0-255,5738,199382,78,251684
23520,0.02607,172.31.40.0-255,66,199448,78,251684
23521,0.028447,172.217.194.0-255,5738,205186,78,251684
23522,0.028464,172.31.40.0-255,66,205252,78,251684
23523,0.030852,172.217.194.0-255,5738,210990,78,251684
23524,0.030867,172.31.40.0-255,66,211056,78,251684
23525,0.033238,172.217.194.0-255,5738,216794,78,251684
23526,0.033251,172.31.40.0-255,66,216860,78,251684
23527,0.035643,172.217.194.0-255,5738,222598,78,251684
23528,0.035657,172.31.40.0-255,66,222664,78,251684
23529,0.038019,172.217.194.0-255,5738,228402,78,251684
23530,0.03804,172.31.40.0-255,66,228468,78,251684
23531,0.040422,172.217.194.0-255,5738,234206,78,251684
23532,0.040446,172.31.40.0-255,66,234272,78,251684
23533,0.042836,172.217.194.0-255,5738,240010,78,251684
23534,0.042856,172.31.40.0-255,66,240076,78,251684
23535,0.045216,172.217.194.0-255,5738,245814,78,251684
23536,0.045236,172.31.40.0-255,66,245880,78,251684
23537,0.047632,172.217.194.0-255,5738,251618,78,251684
23538,0.047652,172.31.40.0-255,66,251684,78,251684
23539,0.0,74.125.24.0-255,153,153,78,256166
23540,2.2e-05,172.31.40.0-255,66,219,78,256166
23541,2.8e-05,74.125.24.0-255,1484,1703,78,256166
23542,3.3e-05,172.31.40.0-255,66,1769,78,256166
23543,3.6e-05,74.125.24.0-255,1484,3253,78,256166
23544,3.8e-05,172.31.40.0-255,66,3319,78,256166
23545,7.1e-05,74.125.24.0-255,1484,4803,78,256166
23546,7.4e-05,172.31.40.0-255,66,4869,78,256166
23547,8e-05,74.125.24.0-255,4320,9189,78,256166
23548,8.2e-05,172.31.40.0-255,66,9255,78,256166
23549,9.3e-05,172.31.40.0-255,66,9321,78,256166
23550,0.000134,172.31.40.0-255,66,9387,78,256166
23551,0.000138,74.125.24.0-255,2902,12289,78,256166
23552,0.00014,172.31.40.0-255,66,12355,78,256166
23553,0.00016,74.125.24.0-255,1125,13480,78,256166
23554,0.000165,172.31.40.0-255,66,13546,78,256166
23555,0.000257,74.125.24.0-255,1484,15030,78,256166
23556,0.00026,172.31.40.0-255,66,15096,78,256166
23557,0.000265,74.125.24.0-255,2902,17998,78,256166
23558,0.000268,172.31.40.0-255,66,18064,78,256166
23559,0.000273,74.125.24.0-255,5738,23802,78,256166
23560,0.000279,172.31.40.0-255,66,23868,78,256166
23561,0.000301,74.125.24.0-255,2902,26770,78,256166
23562,0.000303,172.31.40.0-255,66,26836,78,256166
23563,0.000341,74.125.24.0-255,5379,32215,78,256166
23564,0.000344,172.31.40.0-255,66,32281,78,256166
23565,0.000355,172.31.40.0-255,66,32347,78,256166
23566,0.000362,74.125.24.0-255,7105,39452,78,256166
23567,0.000365,172.31.40.0-255,66,39518,78,256166
23568,0.000367,74.125.24.0-255,113,39631,78,256166
23569,0.000533,74.125.24.0-255,1484,41115,78,256166
23570,0.000537,172.31.40.0-255,66,41181,78,256166
23571,0.000543,74.125.24.0-255,2902,44083,78,256166
23572,0.000546,172.31.40.0-255,66,44149,78,256166
23573,0.000549,74.125.24.0-255,1484,45633,78,256166
23574,0.000579,74.125.24.0-255,4320,49953,78,256166
23575,0.000582,172.31.40.0-255,66,50019,78,256166
23576,0.000589,74.125.24.0-255,7156,57175,78,256166
23577,0.000592,172.31.40.0-255,66,57241,78,256166
23578,0.000614,74.125.24.0-255,6797,64038,78,256166
23579,0.000617,172.31.40.0-255,66,64104,78,256166
23580,0.000627,172.31.40.0-255,66,64170,78,256166
23581,0.000651,74.125.24.0-255,1125,65295,78,256166
23582,0.000934,74.125.24.0-255,1484,66779,78,256166
23583,0.000939,172.31.40.0-255,66,66845,78,256166
23584,0.000944,74.125.24.0-255,2902,69747,78,256166
23585,0.000947,172.31.40.0-255,66,69813,78,256166
23586,0.000951,74.125.24.0-255,1484,71297,78,256166
23587,0.000977,74.125.24.0-255,4320,75617,78,256166
23588,0.000979,172.31.40.0-255,66,75683,78,256166
23589,0.000986,74.125.24.0-255,5738,81421,78,256166
23590,0.000988,172.31.40.0-255,66,81487,78,256166
23591,0.001022,74.125.24.0-255,7156,88643,78,256166
23592,0.001024,172.31.40.0-255,66,88709,78,256166
23593,0.001036,172.31.40.0-255,66,88775,78,256166
23594,0.001048,74.125.24.0-255,1484,90259,78,256166
23595,0.001095,172.31.40.0-255,66,90325,78,256166
23596,0.001098,172.31.40.0-255,66,90391,78,256166
23597,0.001117,74.125.24.0-255,5738,96129,78,256166
23598,0.00112,172.31.40.0-255,66,96195,78,256166
23599,0.001127,74.125.24.0-255,5285,101480,78,256166
23600,0.001129,172.31.40.0-255,66,101546,78,256166
23601,0.001214,74.125.24.0-255,1484,103030,78,256166
23602,0.001245,74.125.24.0-255,2902,105932,78,256166
23603,0.001249,172.31.40.0-255,66,105998,78,256166
23604,0.001256,74.125.24.0-255,5738,111736,78,256166
23605,0.001259,172.31.40.0-255,66,111802,78,256166
23606,0.001263,74.125.24.0-255,4320,116122,78,256166
23607,0.001265,172.31.40.0-255,66,116188,78,256166
23608,0.001317,172.31.40.0-255,66,116254,78,256166
23609,0.001328,172.31.40.0-255,66,116320,78,256166
23610,0.001394,74.125.24.0-255,1484,117804,78,256166
23611,0.001398,74.125.24.0-255,1484,119288,78,256166
23612,0.001401,172.31.40.0-255,66,119354,78,256166
23613,0.001431,74.125.24.0-255,1484,120838,78,256166
23614,0.001437,74.125.24.0-255,5738,126576,78,256166
23615,0.00144,172.31.40.0-255,66,126642,78,256166
23616,0.001454,172.31.40.0-255,66,126708,78,256166
23617,0.0015,172.31.40.0-255,66,126774,78,256166
23618,0.001633,74.125.24.0-255,1484,128258,78,256166
23619,0.00166,74.125.24.0-255,2902,131160,78,256166
23620,0.001663,172.31.40.0-255,66,131226,78,256166
23621,0.00167,74.125.24.0-255,5738,136964,78,256166
23622,0.001672,172.31.40.0-255,66,137030,78,256166
23623,0.001677,74.125.24.0-255,4320,141350,78,256166
23624,0.001685,172.31.40.0-255,66,141416,78,256166
23625,0.001714,74.125.24.0-255,4320,145736,78,256166
23626,0.001717,172.31.40.0-255,66,145802,78,256166
23627,0.001756,74.125.24.0-255,7156,152958,78,256166
23628,0.001759,172.31.40.0-255,66,153024,78,256166
23629,0.00177,172.31.40.0-255,66,153090,78,256166
23630,0.002003,74.125.24.0-255,1484,154574,78,256166
23631,0.002022,74.125.24.0-255,2902,157476,78,256166
23632,0.002026,172.31.40.0-255,66,157542,78,256166
23633,0.002031,74.125.24.0-255,2902,160444,78,256166
23634,0.002033,172.31.40.0-255,66,160510,78,256166
23635,0.00207,74.125.24.0-255,7156,167666,78,256166
23636,0.002073,172.31.40.0-255,66,167732,78,256166
23637,0.00211,172.31.40.0-255,66,167798,78,256166
23638,0.002148,74.125.24.0-255,5020,172818,78,256166
23639,0.002152,172.31.40.0-255,66,172884,78,256166
23640,0.002223,74.125.24.0-255,1484,174368,78,256166
23641,0.002229,74.125.24.0-255,2902,177270,78,256166
23642,0.002231,172.31.40.0-255,66,177336,78,256166
23643,0.002258,74.125.24.0-255,5738,183074,78,256166
23644,0.00226,172.31.40.0-255,66,183140,78,256166
23645,0.002299,172.31.40.0-255,66,183206,78,256166
23646,0.004532,74.125.24.0-255,5738,188944,78,256166
23647,0.004541,172.31.40.0-255,66,189010,78,256166
23648,0.006771,74.125.24.0-255,2902,191912,78,256166
23649,0.006775,172.31.40.0-255,66,191978,78,256166
23650,0.006802,74.125.24.0-255,2902,194880,78,256166
23651,0.006804,172.31.40.0-255,66,194946,78,256166
23652,0.009004,74.125.24.0-255,2902,197848,78,256166
23653,0.009007,172.31.40.0-255,66,197914,78,256166
23654,0.009039,74.125.24.0-255,2902,200816,78,256166
23655,0.009041,172.31.40.0-255,66,200882,78,256166
23656,0.01127,74.125.24.0-255,2902,203784,78,256166
23657,0.011287,172.31.40.0-255,66,203850,78,256166
23658,0.011315,74.125.24.0-255,2902,206752,78,256166
23659,0.011318,172.31.40.0-255,66,206818,78,256166
23660,0.013587,74.125.24.0-255,5738,212556,78,256166
23661,0.013602,172.31.40.0-255,66,212622,78,256166
23662,0.015888,74.125.24.0-255,5738,218360,78,256166
23663,0.015904,172.31.40.0-255,66,218426,78,256166
23664,0.018177,74.125.24.0-255,5738,224164,78,256166
23665,0.018192,172.31.40.0-255,66,224230,78,256166
23666,0.020448,74.125.24.0-255,5738,229968,78,256166
23667,0.020456,172.31.40.0-255,66,230034,78,256166
23668,0.022704,74.125.24.0-255,5738,235772,78,256166
23669,0.022712,172.31.40.0-255,66,235838,78,256166
23670,0.024952,74.125.24.0-255,5738,241576,78,256166
23671,0.02496,172.31.40.0-255,66,241642,78,256166
23672,0.027211,74.125.24.0-255,5738,247380,78,256166
23673,0.027228,172.31.40.0-255,66,247446,78,256166
23674,0.029455,74.125.24.0-255,5738,253184,78,256166
23675,0.029463,172.31.40.0-255,66,253250,78,256166
23676,0.031703,74.125.24.0-255,2679,255929,78,256166
23677,0.031714,172.31.40.0-255,66,255995,78,256166
23678,0.031914,172.31.40.0-255,105,256100,78,256166
23679,0.034146,74.125.24.0-255,66,256166,78,256166
23680,0.0,74.125.24.0-255,153,153,78,240363
23681,1.6e-05,172.31.40.0-255,66,219,78,240363
23682,2.3e-05,74.125.24.0-255,1484,1703,78,240363
23683,2.9e-05,172.31.40.0-255,66,1769,78,240363
23684,4.3e-05,74.125.24.0-255,2902,4671,78,240363
23685,4.7e-05,172.31.40.0-255,66,4737,78,240363
23686,5.2e-05,74.125.24.0-255,4320,9057,78,240363
23687,5.5e-05,172.31.40.0-255,66,9123,78,240363
23688,5.8e-05,74.125.24.0-255,1484,10607,78,240363
23689,6.1e-05,172.31.40.0-255,66,10673,78,240363
23690,7.8e-05,74.125.24.0-255,3509,14182,78,240363
23691,8.5e-05,172.31.40.0-255,66,14248,78,240363
23692,0.000123,172.31.40.0-255,66,14314,78,240363
23693,0.000134,172.31.40.0-255,66,14380,78,240363
23694,0.000153,74.125.24.0-255,4320,18700,78,240363
23695,0.000159,172.31.40.0-255,66,18766,78,240363
23696,0.000167,74.125.24.0-255,7156,25922,78,240363
23697,0.000169,172.31.40.0-255,66,25988,78,240363
23698,0.00018,74.125.24.0-255,2184,28172,78,240363
23699,0.000182,172.31.40.0-255,66,28238,78,240363
23700,0.000219,172.31.40.0-255,66,28304,78,240363
23701,0.000265,172.31.40.0-255,66,28370,78,240363
23702,0.000268,74.125.24.0-255,110,28480,78,240363
23703,0.00027,172.31.40.0-255,66,28546,78,240363
23704,0.000528,74.125.24.0-255,1484,30030,78,240363
23705,0.000533,172.31.40.0-255,66,30096,78,240363
23706,0.00054,74.125.24.0-255,2902,32998,78,240363
23707,0.000543,172.31.40.0-255,66,33064,78,240363
23708,0.000546,74.125.24.0-255,1484,34548,78,240363
23709,0.000577,74.125.24.0-255,4320,38868,78,240363
23710,0.000594,74.125.24.0-255,1484,40352,78,240363
23711,0.000611,74.125.24.0-255,4320,44672,78,240363
23712,0.000615,172.31.40.0-255,66,44738,78,240363
23713,0.00062,172.31.40.0-255,66,44804,78,240363
23714,0.000635,74.125.24.0-255,5738,50542,78,240363
23715,0.000673,74.125.24.0-255,2902,53444,78,240363
23716,0.000675,74.125.24.0-255,766,54210,78,240363
23717,0.000688,172.31.40.0-255,66,54276,78,240363
23718,0.000856,74.125.24.0-255,1484,55760,78,240363
23719,0.000871,74.125.24.0-255,2902,58662,78,240363
23720,0.000876,172.31.40.0-255,66,58728,78,240363
23721,0.000884,74.125.24.0-255,1484,60212,78,240363
23722,0.000904,74.125.24.0-255,4320,64532,78,240363
23723,0.000928,74.125.24.0-255,2902,67434,78,240363
23724,0.000936,172.31.40.0-255,66,67500,78,240363
23725,0.000979,172.31.40.0-255,66,67566,78,240363
23726,0.001006,74.125.24.0-255,4320,71886,78,240363
23727,0.001049,74.125.24.0-255,1484,73370,78,240363
23728,0.001054,172.31.40.0-255,66,73436,78,240363
23729,0.001082,74.125.24.0-255,5020,78456,78,240363
23730,0.001094,172.31.40.0-255,66,78522,78,240363
23731,0.001134,74.125.24.0-255,1484,80006,78,240363
23732,0.001139,74.125.24.0-255,2902,82908,78,240363
23733,0.001146,172.31.40.0-255,66,82974,78,240363
23734,0.001171,74.125.24.0-255,4320,87294,78,240363
23735,0.001189,74.125.24.0-255,1484,88778,78,240363
23736,0.001196,74.125.24.0-255,7156,95934,78,240363
23737,0.001199,74.125.24.0-255,1484,97418,78,240363
23738,0.001217,74.125.24.0-255,2902,100320,78,240363
23739,0.001224,172.31.40.0-255,66,100386,78,240363
23740,0.001263,74.125.24.0-255,2902,103288,78,240363
23741,0.001273,172.31.40.0-255,66,103354,78,240363
23742,0.001298,172.31.40.0-255,66,103420,78,240363
23743,0.001468,74.125.24.0-255,1484,104904,78,240363
23744,0.001474,74.125.24.0-255,2902,107806,78,240363
23745,0.001485,74.125.24.0-255,1484,109290,78,240363
23746,0.001497,74.125.24.0-255,2902,112192,78,240363
23747,0.0015,172.31.40.0-255,66,112258,78,240363
23748,0.001506,172.31.40.0-255,66,112324,78,240363
23749,0.001528,74.125.24.0-255,1484,113808,78,240363
23750,0.001535,74.125.24.0-255,5738,119546,78,240363
23751,0.001541,74.125.24.0-255,4320,123866,78,240363
23752,0.001575,74.125.24.0-255,5020,128886,78,240363
23753,0.00158,172.31.40.0-255,66,128952,78,240363
23754,0.001758,74.125.24.0-255,1484,130436,78,240363
23755,0.001764,74.125.24.0-255,2902,133338,78,240363
23756,0.001784,74.125.24.0-255,5738,139076,78,240363
23757,0.001805,172.31.40.0-255,66,139142,78,240363
23758,0.001864,172.31.40.0-255,66,139208,78,240363
23759,0.001874,74.125.24.0-255,4320,143528,78,240363
23760,0.001884,74.125.24.0-255,4320,147848,78,240363
23761,0.001891,74.125.24.0-255,6438,154286,78,240363
23762,0.001915,172.31.40.0-255,66,154352,78,240363
23763,0.002128,74.125.24.0-255,1484,155836,78,240363
23764,0.002148,74.125.24.0-255,2902,158738,78,240363
23765,0.002151,172.31.40.0-255,66,158804,78,240363
23766,0.002179,74.125.24.0-255,4320,163124,78,240363
23767,0.00221,172.31.40.0-255,66,163190,78,240363
23768,0.002213,74.125.24.0-255,1484,164674,78,240363
23769,0.002221,74.125.24.0-255,7156,171830,78,240363
23770,0.002224,74.125.24.0-255,2902,174732,78,240363
23771,0.002249,74.125.24.0-255,5738,180470,78,240363
23772,0.002278,74.125.24.0-255,5738,186208,78,240363
23773,0.00229,74.125.24.0-255,2184,188392,78,240363
23774,0.002319,74.125.24.0-255,1484,189876,78,240363
23775,0.002321,74.125.24.0-255,1484,191360,78,240363
23776,0.002348,74.125.24.0-255,1484,192844,78,240363
23777,0.002354,74.125.24.0-255,5738,198582,78,240363
23778,0.00237,74.125.24.0-255,7156,205738,78,240363
23779,0.002399,74.125.24.0-255,5738,211476,78,240363
23780,0.002407,74.125.24.0-255,7156,218632,78,240363
23781,0.002438,74.125.24.0-255,7156,225788,78,240363
23782,0.002475,74.125.24.0-255,4320,230108,78,240363
23783,0.002522,74.125.24.0-255,1484,231592,78,240363
23784,0.002535,74.125.24.0-255,4320,235912,78,240363
23785,0.012871,74.125.24.0-255,105,236017,78,240363
23786,0.013781,172.31.40.0-255,66,236083,78,240363
23787,0.016167,172.31.40.0-255,105,236188,78,240363
23788,0.018686,74.125.24.0-255,66,236254,78,240363
23789,0.049607,172.31.40.0-255,188,236442,78,240363
23790,0.049638,172.31.40.0-255,951,237393,78,240363
23791,0.049692,172.31.40.0-255,1514,238907,78,240363
23792,0.049693,172.31.40.0-255,1456,240363,78,240363
23793,0.0,74.125.24.0-255,153,153,78,266268
23794,2.3e-05,172.31.40.0-255,66,219,78,266268
23795,3e-05,74.125.24.0-255,1484,1703,78,266268
23796,3.6e-05,172.31.40.0-255,66,1769,78,266268
23797,4.1e-05,74.125.24.0-255,2902,4671,78,266268
23798,5.4e-05,172.31.40.0-255,66,4737,78,266268
23799,6.1e-05,74.125.24.0-255,5738,10475,78,266268
23800,6.6e-05,172.31.40.0-255,66,10541,78,266268
23801,9.9e-05,74.125.24.0-255,3457,13998,78,266268
23802,0.000102,172.31.40.0-255,66,14064,78,266268
23803,0.000159,74.125.24.0-255,1484,15548,78,266268
23804,0.000162,172.31.40.0-255,66,15614,78,266268
23805,0.000192,74.125.24.0-255,2902,18516,78,266268
23806,0.000196,172.31.40.0-255,66,18582,78,266268
23807,0.000202,74.125.24.0-255,5738,24320,78,266268
23808,0.000205,172.31.40.0-255,66,24386,78,266268
23809,0.000265,172.31.40.0-255,66,24452,78,266268
23810,0.000272,74.125.24.0-255,5738,30190,78,266268
23811,0.000276,172.31.40.0-255,66,30256,78,266268
23812,0.000329,172.31.40.0-255,66,30322,78,266268
23813,0.000342,172.31.40.0-255,66,30388,78,266268
23814,0.000739,74.125.24.0-255,132,30520,78,266268
23815,0.000745,172.31.40.0-255,66,30586,78,266268
23816,0.000772,74.125.24.0-255,1484,32070,78,266268
23817,0.000775,172.31.40.0-255,66,32136,78,266268
23818,0.000781,74.125.24.0-255,2902,35038,78,266268
23819,0.000783,172.31.40.0-255,66,35104,78,266268
23820,0.000806,74.125.24.0-255,5738,40842,78,266268
23821,0.000809,172.31.40.0-255,66,40908,78,266268
23822,0.000836,74.125.24.0-255,1484,42392,78,266268
23823,0.000844,74.125.24.0-255,5738,48130,78,266268
23824,0.000846,172.31.40.0-255,66,48196,78,266268
23825,0.000867,74.125.24.0-255,4320,52516,78,266268
23826,0.000869,172.31.40.0-255,66,52582,78,266268
23827,0.000902,172.31.40.0-255,66,52648,78,266268
23828,0.000906,74.125.24.0-255,2184,54832,78,266268
23829,0.000908,172.31.40.0-255,66,54898,78,266268
23830,0.000911,74.125.24.0-255,348,55246,78,266268
23831,0.001191,74.125.24.0-255,1484,56730,78,266268
23832,0.001196,172.31.40.0-255,66,56796,78,266268
23833,0.001201,74.125.24.0-255,2902,59698,78,266268
23834,0.001203,172.31.40.0-255,66,59764,78,266268
23835,0.001233,74.125.24.0-255,5738,65502,78,266268
23836,0.001235,172.31.40.0-255,66,65568,78,266268
23837,0.001239,74.125.24.0-255,1484,67052,78,266268
23838,0.001268,172.31.40.0-255,66,67118,78,266268
23839,0.001293,74.125.24.0-255,1484,68602,78,266268
23840,0.001301,74.125.24.0-255,7156,75758,78,266268
23841,0.001307,172.31.40.0-255,66,75824,78,266268
23842,0.001316,74.125.24.0-255,2184,78008,78,266268
23843,0.001318,172.31.40.0-255,66,78074,78,266268
23844,0.001437,74.125.24.0-255,1484,79558,78,266268
23845,0.001461,74.125.24.0-255,2902,82460,78,266268
23846,0.001465,172.31.40.0-255,66,82526,78,266268
23847,0.001488,74.125.24.0-255,5738,88264,78,266268
23848,0.001491,172.31.40.0-255,66,88330,78,266268
23849,0.001495,74.125.24.0-255,2902,91232,78,266268
23850,0.001497,172.31.40.0-255,66,91298,78,266268
23851,0.001526,74.125.24.0-255,1484,92782,78,266268
23852,0.00154,172.31.40.0-255,66,92848,78,266268
23853,0.001555,172.31.40.0-255,66,92914,78,266268
23854,0.001706,74.125.24.0-255,1484,94398,78,266268
23855,0.001726,74.125.24.0-255,2902,97300,78,266268
23856,0.001729,172.31.40.0-255,66,97366,78,266268
23857,0.001737,74.125.24.0-255,5738,103104,78,266268
23858,0.001739,172.31.40.0-255,66,103170,78,266268
23859,0.001778,172.31.40.0-255,66,103236,78,266268
23860,0.001815,172.31.40.0-255,66,103302,78,266268
23861,0.001931,74.125.24.0-255,1484,104786,78,266268
23862,0.001957,74.125.24.0-255,2902,107688,78,266268
23863,0.001961,172.31.40.0-255,66,107754,78,266268
23864,0.001965,74.125.24.0-255,1484,109238,78,266268
23865,0.001993,74.125.24.0-255,4320,113558,78,266268
23866,0.001996,172.31.40.0-255,66,113624,78,266268
23867,0.002024,74.125.24.0-255,2902,116526,78,266268
23868,0.002027,172.31.40.0-255,66,116592,78,266268
23869,0.002043,74.125.24.0-255,7156,123748,78,266268
23870,0.002047,172.31.40.0-255,66,123814,78,266268
23871,0.002065,172.31.40.0-255,66,123880,78,266268
23872,0.002105,172.31.40.0-255,66,123946,78,266268
23873,0.002146,74.125.24.0-255,2902,126848,78,266268
23874,0.002149,172.31.40.0-255,66,126914,78,266268
23875,0.002178,74.125.24.0-255,1484,128398,78,266268
23876,0.004179,74.125.24.0-255,4320,132718,78,266268
23877,0.004188,172.31.40.0-255,66,132784,78,266268
23878,0.006254,74.125.24.0-255,5738,138522,78,266268
23879,0.006258,172.31.40.0-255,66,138588,78,266268
23880,0.008388,74.125.24.0-255,5738,144326,78,266268
23881,0.008394,172.31.40.0-255,66,144392,78,266268
23882,0.010423,74.125.24.0-255,5738,150130,78,266268
23883,0.010429,172.31.40.0-255,66,150196,78,266268
23884,0.012461,74.125.24.0-255,5738,155934,78,266268
23885,0.012468,172.31.40.0-255,66,156000,78,266268
23886,0.014524,74.125.24.0-255,5738,161738,78,266268
23887,0.014533,172.31.40.0-255,66,161804,78,266268
23888,0.016581,74.125.24.0-255,2902,164706,78,266268
23889,0.016588,172.31.40.0-255,66,164772,78,266268
23890,0.016623,74.125.24.0-255,2902,167674,78,266268
23891,0.016626,172.31.40.0-255,66,167740,78,266268
23892,0.018675,74.125.24.0-255,2902,170642,78,266268
23893,0.018683,172.31.40.0-255,66,170708,78,266268
23894,0.018719,74.125.24.0-255,2902,173610,78,266268
23895,0.018723,172.31.40.0-255,66,173676,78,266268
23896,0.020732,74.125.24.0-255,2902,176578,78,266268
23897,0.020743,172.31.40.0-255,66,176644,78,266268
23898,0.020769,74.125.24.0-255,2902,179546,78,266268
23899,0.020772,172.31.40.0-255,66,179612,78,266268
23900,0.022794,74.125.24.0-255,2902,182514,78,266268
23901,0.0228,172.31.40.0-255,66,182580,78,266268
23902,0.02284,74.125.24.0-255,2902,185482,78,266268
23903,0.022842,172.31.40.0-255,66,185548,78,266268
23904,0.024875,74.125.24.0-255,5738,191286,78,266268
23905,0.024881,172.31.40.0-255,66,191352,78,266268
23906,0.026935,74.125.24.0-255,5738,197090,78,266268
23907,0.026941,172.31.40.0-255,66,197156,78,266268
23908,0.029001,74.125.24.0-255,5738,202894,78,266268
23909,0.02902,172.31.40.0-255,66,202960,78,266268
23910,0.031088,74.125.24.0-255,5738,208698,78,266268
23911,0.031096,172.31.40.0-255,66,208764,78,266268
23912,0.033156,74.125.24.0-255,5738,214502,78,266268
23913,0.033163,172.31.40.0-255,66,214568,78,266268
23914,0.035232,74.125.24.0-255,5738,220306,78,266268
23915,0.03524,172.31.40.0-255,66,220372,78,266268
23916,0.035264,172.31.40.0-255,167,220539,78,266268
23917,0.035292,172.31.40.0-255,1107,221646,78,266268
23918,0.035403,172.31.40.0-255,1514,223160,78,266268
23919,0.035406,172.31.40.0-255,1514,224674,78,266268
23920,0.035407,172.31.40.0-255,702,225376,78,266268
23921,0.036803,104.244.42.0-255,66,225442,78,266268
23922,0.036833,104.244.42.0-255,66,225508,78,266268
23923,0.036961,104.244.42.0-255,66,225574,78,266268
23924,0.036979,104.244.42.0-255,66,225640,78,266268
23925,0.037309,74.125.24.0-255,5738,231378,78,266268
23926,0.037313,172.31.40.0-255,66,231444,78,266268
23927,0.039378,74.125.24.0-255,5738,237182,78,266268
23928,0.039384,172.31.40.0-255,66,237248,78,266268
23929,0.041433,74.125.24.0-255,5738,242986,78,266268
23930,0.04144,172.31.40.0-255,66,243052,78,266268
23931,0.043508,74.125.24.0-255,5738,248790,78,266268
23932,0.043514,172.31.40.0-255,66,248856,78,266268
23933,0.045567,74.125.24.0-255,5738,254594,78,266268
23934,0.045575,172.31.40.0-255,66,254660,78,266268
23935,0.047608,74.125.24.0-255,5738,260398,78,266268
23936,0.047614,172.31.40.0-255,66,260464,78,266268
23937,0.049676,74.125.24.0-255,5738,266202,78,266268
23938,0.049683,172.31.40.0-255,66,266268,78,266268
23939,0.0,74.125.24.0-255,156,156,78,255163
23940,2.3e-05,172.31.40.0-255,66,222,78,255163
23941,3.1e-05,74.125.24.0-255,1484,1706,78,255163
23942,3.6e-05,172.31.40.0-255,66,1772,78,255163
23943,4e-05,74.125.24.0-255,2902,4674,78,255163
23944,5.1e-05,172.31.40.0-255,66,4740,78,255163
23945,5.7e-05,74.125.24.0-255,5738,10478,78,255163
23946,6e-05,172.31.40.0-255,66,10544,78,255163
23947,0.000123,74.125.24.0-255,1484,12028,78,255163
23948,0.000126,172.31.40.0-255,66,12094,78,255163
23949,0.000164,172.31.40.0-255,66,12160,78,255163
23950,0.000201,172.31.40.0-255,66,12226,78,255163
23951,0.00028,74.125.24.0-255,1484,13710,78,255163
23952,0.000284,172.31.40.0-255,66,13776,78,255163
23953,0.000288,74.125.24.0-255,2902,16678,78,255163
23954,0.00029,172.31.40.0-255,66,16744,78,255163
23955,0.000293,74.125.24.0-255,1484,18228,78,255163
23956,0.000295,172.31.40.0-255,66,18294,78,255163
23957,0.000323,74.125.24.0-255,4320,22614,78,255163
23958,0.000326,172.31.40.0-255,66,22680,78,255163
23959,0.000331,74.125.24.0-255,4320,27000,78,255163
23960,0.000332,172.31.40.0-255,66,27066,78,255163
23961,0.000366,74.125.24.0-255,2543,29609,78,255163
23962,0.000368,172.31.40.0-255,66,29675,78,255163
23963,0.000374,74.125.24.0-255,7156,36831,78,255163
23964,0.000376,172.31.40.0-255,66,36897,78,255163
23965,0.000409,74.125.24.0-255,4320,41217,78,255163
23966,0.000412,172.31.40.0-255,66,41283,78,255163
23967,0.000442,74.125.24.0-255,5379,46662,78,255163
23968,0.000445,172.31.40.0-255,66,46728,78,255163
23969,0.00047,74.125.24.0-255,413,47141,78,255163
23970,0.000499,74.125.24.0-255,330,47471,78,255163
23971,0.000918,74.125.24.0-255,1484,48955,78,255163
23972,0.000923,172.31.40.0-255,66,49021,78,255163
23973,0.000927,74.125.24.0-255,1484,50505,78,255163
23974,0.00095,74.125.24.0-255,1484,51989,78,255163
23975,0.000952,172.31.40.0-255,66,52055,78,255163
23976,0.000958,74.125.24.0-255,5738,57793,78,255163
23977,0.00096,172.31.40.0-255,66,57859,78,255163
23978,0.000988,172.31.40.0-255,66,57925,78,255163
23979,0.001026,74.125.24.0-255,4320,62245,78,255163
23980,0.00103,172.31.40.0-255,66,62311,78,255163
23981,0.001036,74.125.24.0-255,5738,68049,78,255163
23982,0.001038,172.31.40.0-255,66,68115,78,255163
23983,0.001044,74.125.24.0-255,5020,73135,78,255163
23984,0.001046,172.31.40.0-255,66,73201,78,255163
23985,0.001821,74.125.24.0-255,1484,74685,78,255163
23986,0.001865,74.125.24.0-255,2902,77587,78,255163
23987,0.00187,172.31.40.0-255,66,77653,78,255163
23988,0.001875,74.125.24.0-255,1484,79137,78,255163
23989,0.001899,74.125.24.0-255,2902,82039,78,255163
23990,0.001902,172.31.40.0-255,66,82105,78,255163
23991,0.001915,172.31.40.0-255,66,82171,78,255163
23992,0.001922,74.125.24.0-255,7156,89327,78,255163
23993,0.001925,172.31.40.0-255,66,89393,78,255163
23994,0.001969,74.125.24.0-255,5738,95131,78,255163
23995,0.001972,172.31.40.0-255,66,95197,78,255163
23996,0.001997,74.125.24.0-255,3602,98799,78,255163
23997,0.002,172.31.40.0-255,66,98865,78,255163
23998,0.002118,74.125.24.0-255,1484,100349,78,255163
23999,0.002121,74.125.24.0-255,1484,101833,78,255163
24000,0.002124,172.31.40.0-255,66,101899,78,255163
24001,0.002136,74.125.24.0-255,1484,103383,78,255163
24002,0.002162,74.125.24.0-255,5738,109121,78,255163
24003,0.002165,172.31.40.0-255,66,109187,78,255163
24004,0.002168,74.125.24.0-255,1484,110671,78,255163
24005,0.002195,74.125.24.0-255,5738,116409,78,255163
24006,0.002197,172.31.40.0-255,66,116475,78,255163
24007,0.00221,74.125.24.0-255,2902,119377,78,255163
24008,0.002217,172.31.40.0-255,66,119443,78,255163
24009,0.002246,172.31.40.0-255,66,119509,78,255163
24010,0.00225,74.125.24.0-255,2184,121693,78,255163
24011,0.002251,172.31.40.0-255,66,121759,78,255163
24012,0.002257,74.125.24.0-255,4320,126079,78,255163
24013,0.002259,172.31.40.0-255,66,126145,78,255163
24014,0.002315,172.31.40.0-255,66,126211,78,255163
24015,0.002327,172.31.40.0-255,66,126277,78,255163
24016,0.002332,74.125.24.0-255,3602,129879,78,255163
24017,0.002334,172.31.40.0-255,66,129945,78,255163
24018,0.00251,74.125.24.0-255,1484,131429,78,255163
24019,0.002526,74.125.24.0-255,2902,134331,78,255163
24020,0.002528,172.31.40.0-255,66,134397,78,255163
24021,0.002556,74.125.24.0-255,5738,140135,78,255163
24022,0.002559,172.31.40.0-255,66,140201,78,255163
24023,0.002594,172.31.40.0-255,66,140267,78,255163
24024,0.002646,74.125.24.0-255,7156,147423,78,255163
24025,0.002648,172.31.40.0-255,66,147489,78,255163
24026,0.002675,74.125.24.0-255,3602,151091,78,255163
24027,0.002678,172.31.40.0-255,66,151157,78,255163
24028,0.005253,74.125.24.0-255,1484,152641,78,255163
24029,0.005307,74.125.24.0-255,4320,156961,78,255163
24030,0.005311,172.31.40.0-255,66,157027,78,255163
24031,0.007936,74.125.24.0-255,5738,162765,78,255163
24032,0.007946,172.31.40.0-255,66,162831,78,255163
24033,0.010581,74.125.24.0-255,5738,168569,78,255163
24034,0.010592,172.31.40.0-255,66,168635,78,255163
24035,0.013209,74.125.24.0-255,5738,174373,78,255163
24036,0.013222,172.31.40.0-255,66,174439,78,255163
24037,0.015842,74.125.24.0-255,5738,180177,78,255163
24038,0.015853,172.31.40.0-255,66,180243,78,255163
24039,0.018491,74.125.24.0-255,5738,185981,78,255163
24040,0.018505,172.31.40.0-255,66,186047,78,255163
24041,0.021128,74.125.24.0-255,5738,191785,78,255163
24042,0.021143,172.31.40.0-255,66,191851,78,255163
24043,0.02376,74.125.24.0-255,5738,197589,78,255163
24044,0.023773,172.31.40.0-255,66,197655,78,255163
24045,0.026405,74.125.24.0-255,5738,203393,78,255163
24046,0.026415,172.31.40.0-255,66,203459,78,255163
24047,0.029051,74.125.24.0-255,5738,209197,78,255163
24048,0.029061,172.31.40.0-255,66,209263,78,255163
24049,0.031691,74.125.24.0-255,5738,215001,78,255163
24050,0.0317,172.31.40.0-255,66,215067,78,255163
24051,0.032406,172.31.40.0-255,172,215239,78,255163
24052,0.032439,172.31.40.0-255,1108,216347,78,255163
24053,0.032495,172.31.40.0-255,1514,217861,78,255163
24054,0.032497,172.31.40.0-255,1514,219375,78,255163
24055,0.032498,172.31.40.0-255,700,220075,78,255163
24056,0.033942,104.244.42.0-255,66,220141,78,255163
24057,0.03399,104.244.42.0-255,66,220207,78,255163
24058,0.034095,104.244.42.0-255,66,220273,78,255163
24059,0.034101,104.244.42.0-255,66,220339,78,255163
24060,0.034316,74.125.24.0-255,5738,226077,78,255163
24061,0.034323,172.31.40.0-255,66,226143,78,255163
24062,0.036968,74.125.24.0-255,5738,231881,78,255163
24063,0.036977,172.31.40.0-255,66,231947,78,255163
24064,0.039628,74.125.24.0-255,5738,237685,78,255163
24065,0.039636,172.31.40.0-255,66,237751,78,255163
24066,0.042275,74.125.24.0-255,5738,243489,78,255163
24067,0.042283,172.31.40.0-255,66,243555,78,255163
24068,0.044907,74.125.24.0-255,5738,249293,78,255163
24069,0.044914,172.31.40.0-255,66,249359,78,255163
24070,0.047525,74.125.24.0-255,5738,255097,78,255163
24071,0.047532,172.31.40.0-255,66,255163,78,255163
24072,0.0,74.125.200.0-255,150,150,78,340792
24073,1.4e-05,172.31.40.0-255,66,216,78,340792
24074,2.1e-05,74.125.200.0-255,1484,1700,78,340792
24075,2.5e-05,172.31.40.0-255,66,1766,78,340792
24076,3e-05,74.125.200.0-255,2902,4668,78,340792
24077,3.3e-05,172.31.40.0-255,66,4734,78,340792
24078,5.5e-05,74.125.200.0-255,5738,10472,78,340792
24079,5.8e-05,172.31.40.0-255,66,10538,78,340792
24080,9.8e-05,74.125.200.0-255,3533,14071,78,340792
24081,0.000101,172.31.40.0-255,66,14137,78,340792
24082,0.000203,74.125.200.0-255,1484,15621,78,340792
24083,0.000207,172.31.40.0-255,66,15687,78,340792
24084,0.000212,74.125.200.0-255,1484,17171,78,340792
24085,0.000214,172.31.40.0-255,66,17237,78,340792
24086,0.000227,74.125.200.0-255,1484,18721,78,340792
24087,0.000229,172.31.40.0-255,66,18787,78,340792
24088,0.000234,74.125.200.0-255,2902,21689,78,340792
24089,0.000236,172.31.40.0-255,66,21755,78,340792
24090,0.000248,74.125.200.0-255,2902,24657,78,340792
24091,0.000251,172.31.40.0-255,66,24723,78,340792
24092,0.000255,74.125.200.0-255,2902,27625,78,340792
24093,0.000257,172.31.40.0-255,66,27691,78,340792
24094,0.000301,74.125.200.0-255,1484,29175,78,340792
24095,0.000304,172.31.40.0-255,66,29241,78,340792
24096,0.000319,74.125.200.0-255,2543,31784,78,340792
24097,0.000321,172.31.40.0-255,66,31850,78,340792
24098,0.000458,74.125.200.0-255,1484,33334,78,340792
24099,0.000462,172.31.40.0-255,66,33400,78,340792
24100,0.000466,74.125.200.0-255,1484,34884,78,340792
24101,0.000469,172.31.40.0-255,66,34950,78,340792
24102,0.000483,74.125.200.0-255,1484,36434,78,340792
24103,0.000486,172.31.40.0-255,66,36500,78,340792
24104,0.000492,74.125.200.0-255,5738,42238,78,340792
24105,0.000495,172.31.40.0-255,66,42304,78,340792
24106,0.000511,74.125.200.0-255,4320,46624,78,340792
24107,0.00052,172.31.40.0-255,66,46690,78,340792
24108,0.000523,74.125.200.0-255,1484,48174,78,340792
24109,0.000528,74.125.200.0-255,2902,51076,78,340792
24110,0.000531,172.31.40.0-255,66,51142,78,340792
24111,0.000545,74.125.200.0-255,3961,55103,78,340792
24112,0.000547,172.31.40.0-255,66,55169,78,340792
24113,0.000554,74.125.200.0-255,5738,60907,78,340792
24114,0.000557,172.31.40.0-255,66,60973,78,340792
24115,0.000572,74.125.200.0-255,2902,63875,78,340792
24116,0.000575,172.31.40.0-255,66,63941,78,340792
24117,0.0006,74.125.200.0-255,2543,66484,78,340792
24118,0.000603,172.31.40.0-255,66,66550,78,340792
24119,0.000828,74.125.200.0-255,645,67195,78,340792
24120,0.000951,74.125.200.0-255,1484,68679,78,340792
24121,0.000954,74.125.200.0-255,1484,70163,78,340792
24122,0.00096,172.31.40.0-255,66,70229,78,340792
24123,0.000969,74.125.200.0-255,1484,71713,78,340792
24124,0.000971,172.31.40.0-255,66,71779,78,340792
24125,0.000974,74.125.200.0-255,1484,73263,78,340792
24126,0.000989,74.125.200.0-255,4320,77583,78,340792
24127,0.000992,172.31.40.0-255,66,77649,78,340792
24128,0.001014,74.125.200.0-255,1484,79133,78,340792
24129,0.001035,172.31.40.0-255,66,79199,78,340792
24130,0.001039,74.125.200.0-255,2902,82101,78,340792
24131,0.001041,172.31.40.0-255,66,82167,78,340792
24132,0.001061,172.31.40.0-255,66,82233,78,340792
24133,0.001064,74.125.200.0-255,1125,83358,78,340792
24134,0.001331,74.125.200.0-255,1484,84842,78,340792
24135,0.001336,172.31.40.0-255,66,84908,78,340792
24136,0.001341,74.125.200.0-255,2902,87810,78,340792
24137,0.001343,172.31.40.0-255,66,87876,78,340792
24138,0.001346,74.125.200.0-255,1484,89360,78,340792
24139,0.001375,74.125.200.0-255,4320,93680,78,340792
24140,0.001378,172.31.40.0-255,66,93746,78,340792
24141,0.001383,74.125.200.0-255,2902,96648,78,340792
24142,0.001385,172.31.40.0-255,66,96714,78,340792
24143,0.00139,74.125.200.0-255,4320,101034,78,340792
24144,0.001392,172.31.40.0-255,66,101100,78,340792
24145,0.001428,172.31.40.0-255,66,101166,78,340792
24146,0.001478,74.125.200.0-255,5738,106904,78,340792
24147,0.001481,172.31.40.0-255,66,106970,78,340792
24148,0.001498,74.125.200.0-255,2184,109154,78,340792
24149,0.001501,172.31.40.0-255,66,109220,78,340792
24150,0.001617,172.31.40.0-255,101,109321,78,340792
24151,0.002432,74.125.200.0-255,1484,110805,78,340792
24152,0.002472,74.125.200.0-255,2902,113707,78,340792
24153,0.002477,172.31.40.0-255,66,113773,78,340792
24154,0.002484,74.125.200.0-255,5738,119511,78,340792
24155,0.002486,172.31.40.0-255,66,119577,78,340792
24156,0.002489,74.125.200.0-255,1484,121061,78,340792
24157,0.002507,74.125.200.0-255,2902,123963,78,340792
24158,0.00251,172.31.40.0-255,66,124029,78,340792
24159,0.002514,74.125.200.0-255,1484,125513,78,340792
24160,0.002531,74.125.200.0-255,4320,129833,78,340792
24161,0.002533,172.31.40.0-255,66,129899,78,340792
24162,0.002537,74.125.200.0-255,2902,132801,78,340792
24163,0.002539,172.31.40.0-255,66,132867,78,340792
24164,0.002542,74.125.200.0-255,1484,134351,78,340792
24165,0.002554,74.125.200.0-255,1484,135835,78,340792
24166,0.002556,172.31.40.0-255,66,135901,78,340792
24167,0.002574,74.125.200.0-255,1484,137385,78,340792
24168,0.002589,74.125.200.0-255,1484,138869,78,340792
24169,0.002592,172.31.40.0-255,66,138935,78,340792
24170,0.002595,74.125.200.0-255,1484,140419,78,340792
24171,0.002598,74.125.200.0-255,1484,141903,78,340792
24172,0.0026,172.31.40.0-255,66,141969,78,340792
24173,0.002633,74.125.200.0-255,2184,144153,78,340792
24174,0.002636,172.31.40.0-255,66,144219,78,340792
24175,0.003043,74.125.200.0-255,1484,145703,78,340792
24176,0.003062,74.125.200.0-255,2902,148605,78,340792
24177,0.003066,172.31.40.0-255,66,148671,78,340792
24178,0.003091,74.125.200.0-255,5738,154409,78,340792
24179,0.003094,172.31.40.0-255,66,154475,78,340792
24180,0.003118,74.125.200.0-255,7156,161631,78,340792
24181,0.00312,172.31.40.0-255,66,161697,78,340792
24182,0.003135,74.125.200.0-255,4320,166017,78,340792
24183,0.003138,172.31.40.0-255,66,166083,78,340792
24184,0.00316,74.125.200.0-255,2902,168985,78,340792
24185,0.003162,172.31.40.0-255,66,169051,78,340792
24186,0.003167,74.125.200.0-255,2902,171953,78,340792
24187,0.003169,172.31.40.0-255,66,172019,78,340792
24188,0.003188,74.125.200.0-255,5738,177757,78,340792
24189,0.003192,172.31.40.0-255,66,177823,78,340792
24190,0.003195,74.125.200.0-255,766,178589,78,340792
24191,0.003197,74.125.200.0-255,1484,180073,78,340792
24192,0.003199,172.31.40.0-255,66,180139,78,340792
24193,0.003221,74.125.200.0-255,2902,183041,78,340792
24194,0.003224,172.31.40.0-255,66,183107,78,340792
24195,0.003276,74.125.200.0-255,1484,184591,78,340792
24196,0.003281,74.125.200.0-255,1484,186075,78,340792
24197,0.003284,172.31.40.0-255,66,186141,78,340792
24198,0.003289,74.125.200.0-255,2902,189043,78,340792
24199,0.003292,172.31.40.0-255,66,189109,78,340792
24200,0.003299,74.125.200.0-255,5738,194847,78,340792
24201,0.003302,172.31.40.0-255,66,194913,78,340792
24202,0.003307,74.125.200.0-255,4320,199233,78,340792
24203,0.00331,172.31.40.0-255,66,199299,78,340792
24204,0.003313,74.125.200.0-255,1484,200783,78,340792
24205,0.003315,74.125.200.0-255,1484,202267,78,340792
24206,0.003317,172.31.40.0-255,66,202333,78,340792
24207,0.003323,74.125.200.0-255,4320,206653,78,340792
24208,0.003326,172.31.40.0-255,66,206719,78,340792
24209,0.003344,74.125.200.0-255,4320,211039,78,340792
24210,0.003347,172.31.40.0-255,66,211105,78,340792
24211,0.003384,74.125.200.0-255,2184,213289,78,340792
24212,0.003387,172.31.40.0-255,66,213355,78,340792
24213,0.003389,74.125.200.0-255,1484,214839,78,340792
24214,0.003406,74.125.200.0-255,2902,217741,78,340792
24215,0.00341,172.31.40.0-255,66,217807,78,340792
24216,0.003447,74.125.200.0-255,5738,223545,78,340792
24217,0.003451,172.31.40.0-255,66,223611,78,340792
24218,0.003476,74.125.200.0-255,7156,230767,78,340792
24219,0.003479,172.31.40.0-255,66,230833,78,340792
24220,0.003505,74.125.200.0-255,5738,236571,78,340792
24221,0.003508,172.31.40.0-255,66,236637,78,340792
24222,0.003511,74.125.200.0-255,1484,238121,78,340792
24223,0.003538,74.125.200.0-255,5738,243859,78,340792
24224,0.003541,172.31.40.0-255,66,243925,78,340792
24225,0.003546,74.125.200.0-255,3602,247527,78,340792
24226,0.003548,172.31.40.0-255,66,247593,78,340792
24227,0.003622,74.125.200.0-255,1484,249077,78,340792
24228,0.003637,74.125.200.0-255,2902,251979,78,340792
24229,0.00364,172.31.40.0-255,66,252045,78,340792
24230,0.003659,74.125.200.0-255,2902,254947,78,340792
24231,0.003661,172.31.40.0-255,66,255013,78,340792
24232,0.003675,74.125.200.0-255,1484,256497,78,340792
24233,0.003679,74.125.200.0-255,1484,257981,78,340792
24234,0.003681,172.31.40.0-255,66,258047,78,340792
24235,0.003699,74.125.200.0-255,2902,260949,78,340792
24236,0.003702,172.31.40.0-255,66,261015,78,340792
24237,0.003705,74.125.200.0-255,1484,262499,78,340792
24238,0.003716,74.125.200.0-255,1484,263983,78,340792
24239,0.003719,172.31.40.0-255,66,264049,78,340792
24240,0.003748,74.125.200.0-255,4320,268369,78,340792
24241,0.003752,172.31.40.0-255,66,268435,78,340792
24242,0.003773,74.125.200.0-255,2902,271337,78,340792
24243,0.003775,172.31.40.0-255,66,271403,78,340792
24244,0.003778,74.125.200.0-255,1484,272887,78,340792
24245,0.003795,74.125.200.0-255,4320,277207,78,340792
24246,0.003798,172.31.40.0-255,66,277273,78,340792
24247,0.00382,74.125.200.0-255,5020,282293,78,340792
24248,0.003823,172.31.40.0-255,66,282359,78,340792
24249,0.003826,74.125.200.0-255,1484,283843,78,340792
24250,0.003829,74.125.200.0-255,1484,285327,78,340792
24251,0.003831,172.31.40.0-255,66,285393,78,340792
24252,0.00387,172.31.40.0-255,66,285459,78,340792
24253,0.003878,74.125.200.0-255,7156,292615,78,340792
24254,0.00388,172.31.40.0-255,66,292681,78,340792
24255,0.003883,74.125.200.0-255,1484,294165,78,340792
24256,0.00393,74.125.200.0-255,4320,298485,78,340792
24257,0.003933,172.31.40.0-255,66,298551,78,340792
24258,0.003965,74.125.200.0-255,5738,304289,78,340792
24259,0.003969,172.31.40.0-255,66,304355,78,340792
24260,0.003972,74.125.200.0-255,2184,306539,78,340792
24261,0.003974,172.31.40.0-255,66,306605,78,340792
24262,0.003978,74.125.200.0-255,2902,309507,78,340792
24263,0.00398,172.31.40.0-255,66,309573,78,340792
24264,0.003988,74.125.200.0-255,7156,316729,78,340792
24265,0.003991,172.31.40.0-255,66,316795,78,340792
24266,0.003993,74.125.200.0-255,66,316861,78,340792
24267,0.004005,172.31.40.0-255,66,316927,78,340792
24268,0.004018,172.31.40.0-255,66,316993,78,340792
24269,0.004053,74.125.200.0-255,5738,322731,78,340792
24270,0.004057,172.31.40.0-255,66,322797,78,340792
24271,0.004077,74.125.200.0-255,2184,324981,78,340792
24272,0.00408,172.31.40.0-255,66,325047,78,340792
24273,0.00409,172.31.40.0-255,66,325113,78,340792
24274,0.004093,74.125.200.0-255,1484,326597,78,340792
24275,0.004118,74.125.200.0-255,5738,332335,78,340792
24276,0.004121,172.31.40.0-255,66,332401,78,340792
24277,0.00416,74.125.200.0-255,4861,337262,78,340792
24278,0.004164,172.31.40.0-255,66,337328,78,340792
24279,0.004167,74.125.200.0-255,105,337433,78,340792
24280,0.011867,172.31.40.0-255,105,337538,78,340792
24281,0.018945,74.125.200.0-255,66,337604,78,340792
24282,0.033857,172.31.40.0-255,167,337771,78,340792
24283,0.033892,172.31.40.0-255,1103,338874,78,340792
24284,0.033955,172.31.40.0-255,1514,340388,78,340792
24285,0.033957,172.31.40.0-255,338,340726,78,340792
24286,0.036028,104.244.42.0-255,66,340792,78,340792
24287,0.0,74.125.130.0-255,146,146,78,382403
24288,1.3e-05,172.31.40.0-255,66,212,78,382403
24289,2e-05,74.125.130.0-255,1484,1696,78,382403
24290,2.4e-05,172.31.40.0-255,66,1762,78,382403
24291,2.7e-05,74.125.130.0-255,1484,3246,78,382403
24292,2.9e-05,172.31.40.0-255,66,3312,78,382403
24293,4.4e-05,74.125.130.0-255,1484,4796,78,382403
24294,4.8e-05,172.31.40.0-255,66,4862,78,382403
24295,5.3e-05,74.125.130.0-255,2902,7764,78,382403
24296,5.5e-05,172.31.40.0-255,66,7830,78,382403
24297,7.9e-05,74.125.130.0-255,4320,12150,78,382403
24298,8.1e-05,172.31.40.0-255,66,12216,78,382403
24299,9.4e-05,74.125.130.0-255,2902,15118,78,382403
24300,9.6e-05,172.31.40.0-255,66,15184,78,382403
24301,0.000124,74.125.130.0-255,4937,20121,78,382403
24302,0.000126,172.31.40.0-255,66,20187,78,382403
24303,0.000134,74.125.130.0-255,7156,27343,78,382403
24304,0.000136,172.31.40.0-255,66,27409,78,382403
24305,0.000174,74.125.130.0-255,3961,31370,78,382403
24306,0.000177,172.31.40.0-255,66,31436,78,382403
24307,0.000275,74.125.130.0-255,1484,32920,78,382403
24308,0.00028,172.31.40.0-255,66,32986,78,382403
24309,0.000302,74.125.130.0-255,2902,35888,78,382403
24310,0.000305,172.31.40.0-255,66,35954,78,382403
24311,0.000311,74.125.130.0-255,5738,41692,78,382403
24312,0.000313,172.31.40.0-255,66,41758,78,382403
24313,0.000317,74.125.130.0-255,1484,43242,78,382403
24314,0.000318,172.31.40.0-255,66,43308,78,382403
24315,0.000332,74.125.130.0-255,2902,46210,78,382403
24316,0.000334,172.31.40.0-255,66,46276,78,382403
24317,0.000352,74.125.130.0-255,5738,52014,78,382403
24318,0.000356,172.31.40.0-255,66,52080,78,382403
24319,0.000361,74.125.130.0-255,4320,56400,78,382403
24320,0.000362,172.31.40.0-255,66,56466,78,382403
24321,0.000381,74.125.130.0-255,4320,60786,78,382403
24322,0.000384,172.31.40.0-255,66,60852,78,382403
24323,0.00041,74.125.130.0-255,5020,65872,78,382403
24324,0.000413,172.31.40.0-255,66,65938,78,382403
24325,0.000447,74.125.130.0-255,677,66615,78,382403
24326,0.000563,74.125.130.0-255,1484,68099,78,382403
24327,0.000567,172.31.40.0-255,66,68165,78,382403
24328,0.000584,74.125.130.0-255,2902,71067,78,382403
24329,0.000588,172.31.40.0-255,66,71133,78,382403
24330,0.000594,74.125.130.0-255,5738,76871,78,382403
24331,0.000597,172.31.40.0-255,66,76937,78,382403
24332,0.000617,74.125.130.0-255,7156,84093,78,382403
24333,0.000619,172.31.40.0-255,66,84159,78,382403
24334,0.000639,74.125.130.0-255,4320,88479,78,382403
24335,0.000641,172.31.40.0-255,66,88545,78,382403
24336,0.000667,74.125.130.0-255,4320,92865,78,382403
24337,0.00067,172.31.40.0-255,66,92931,78,382403
24338,0.000676,74.125.130.0-255,4320,97251,78,382403
24339,0.000678,172.31.40.0-255,66,97317,78,382403
24340,0.000703,74.125.130.0-255,3602,100919,78,382403
24341,0.000708,172.31.40.0-255,66,100985,78,382403
24342,0.000954,74.125.130.0-255,1484,102469,78,382403
24343,0.00096,74.125.130.0-255,1484,103953,78,382403
24344,0.000963,172.31.40.0-255,66,104019,78,382403
24345,0.000984,74.125.130.0-255,1484,105503,78,382403
24346,0.000999,74.125.130.0-255,2902,108405,78,382403
24347,0.001002,172.31.40.0-255,66,108471,78,382403
24348,0.001022,74.125.130.0-255,2902,111373,78,382403
24349,0.001024,172.31.40.0-255,66,111439,78,382403
24350,0.001028,74.125.130.0-255,2902,114341,78,382403
24351,0.00103,172.31.40.0-255,66,114407,78,382403
24352,0.00105,74.125.130.0-255,4320,118727,78,382403
24353,0.001052,172.31.40.0-255,66,118793,78,382403
24354,0.001079,74.125.130.0-255,5738,124531,78,382403
24355,0.001082,172.31.40.0-255,66,124597,78,382403
24356,0.001102,74.125.130.0-255,2902,127499,78,382403
24357,0.001104,172.31.40.0-255,66,127565,78,382403
24358,0.001118,74.125.130.0-255,4320,131885,78,382403
24359,0.00112,172.31.40.0-255,66,131951,78,382403
24360,0.001125,74.125.130.0-255,3602,135553,78,382403
24361,0.001127,172.31.40.0-255,66,135619,78,382403
24362,0.001306,74.125.130.0-255,1484,137103,78,382403
24363,0.001322,74.125.130.0-255,2902,140005,78,382403
24364,0.001325,172.31.40.0-255,66,140071,78,382403
24365,0.001348,74.125.130.0-255,5738,145809,78,382403
24366,0.001351,172.31.40.0-255,66,145875,78,382403
24367,0.001356,74.125.130.0-255,4320,150195,78,382403
24368,0.001358,172.31.40.0-255,66,150261,78,382403
24369,0.001364,74.125.130.0-255,5738,155999,78,382403
24370,0.001367,172.31.40.0-255,66,156065,78,382403
24371,0.001372,74.125.130.0-255,4320,160385,78,382403
24372,0.001374,172.31.40.0-255,66,160451,78,382403
24373,0.001387,74.125.130.0-255,1484,161935,78,382403
24374,0.001392,74.125.130.0-255,2902,164837,78,382403
24375,0.001394,172.31.40.0-255,66,164903,78,382403
24376,0.001422,74.125.130.0-255,4320,169223,78,382403
24377,0.001425,172.31.40.0-255,66,169289,78,382403
24378,0.001428,74.125.130.0-255,766,170055,78,382403
24379,0.001694,74.125.130.0-255,1484,171539,78,382403
24380,0.001699,172.31.40.0-255,66,171605,78,382403
24381,0.001706,74.125.130.0-255,2902,174507,78,382403
24382,0.001709,172.31.40.0-255,66,174573,78,382403
24383,0.001732,74.125.130.0-255,1484,176057,78,382403
24384,0.001738,74.125.130.0-255,2902,178959,78,382403
24385,0.001741,172.31.40.0-255,66,179025,78,382403
24386,0.001762,74.125.130.0-255,5738,184763,78,382403
24387,0.001765,172.31.40.0-255,66,184829,78,382403
24388,0.001785,74.125.130.0-255,1484,186313,78,382403
24389,0.00179,74.125.130.0-255,2902,189215,78,382403
24390,0.001793,172.31.40.0-255,66,189281,78,382403
24391,0.001811,74.125.130.0-255,2902,192183,78,382403
24392,0.001813,172.31.40.0-255,66,192249,78,382403
24393,0.001827,74.125.130.0-255,2902,195151,78,382403
24394,0.001829,172.31.40.0-255,66,195217,78,382403
24395,0.001833,74.125.130.0-255,1484,196701,78,382403
24396,0.001854,74.125.130.0-255,2902,199603,78,382403
24397,0.001857,172.31.40.0-255,66,199669,78,382403
24398,0.001876,74.125.130.0-255,1484,201153,78,382403
24399,0.001891,74.125.130.0-255,3602,204755,78,382403
24400,0.001894,172.31.40.0-255,66,204821,78,382403
24401,0.002205,74.125.130.0-255,1484,206305,78,382403
24402,0.002221,74.125.130.0-255,2902,209207,78,382403
24403,0.002225,172.31.40.0-255,66,209273,78,382403
24404,0.002229,74.125.130.0-255,1484,210757,78,382403
24405,0.002286,74.125.130.0-255,2902,213659,78,382403
24406,0.002288,172.31.40.0-255,66,213725,78,382403
24407,0.002304,74.125.130.0-255,2902,216627,78,382403
24408,0.002306,172.31.40.0-255,66,216693,78,382403
24409,0.002311,74.125.130.0-255,5738,222431,78,382403
24410,0.002313,172.31.40.0-255,66,222497,78,382403
24411,0.002319,74.125.130.0-255,7156,229653,78,382403
24412,0.002321,172.31.40.0-255,66,229719,78,382403
24413,0.002339,74.125.130.0-255,5738,235457,78,382403
24414,0.002341,172.31.40.0-255,66,235523,78,382403
24415,0.002364,74.125.130.0-255,3602,239125,78,382403
24416,0.002366,172.31.40.0-255,66,239191,78,382403
24417,0.00237,74.125.130.0-255,2902,242093,78,382403
24418,0.002371,172.31.40.0-255,66,242159,78,382403
24419,0.002387,74.125.130.0-255,7156,249315,78,382403
24420,0.002389,172.31.40.0-255,66,249381,78,382403
24421,0.002397,74.125.130.0-255,2902,252283,78,382403
24422,0.002399,172.31.40.0-255,66,252349,78,382403
24423,0.002422,74.125.130.0-255,4320,256669,78,382403
24424,0.002425,172.31.40.0-255,66,256735,78,382403
24425,0.002455,172.31.40.0-255,66,256801,78,382403
24426,0.00246,74.125.130.0-255,5738,262539,78,382403
24427,0.002462,172.31.40.0-255,66,262605,78,382403
24428,0.002495,74.125.130.0-255,7156,269761,78,382403
24429,0.002497,172.31.40.0-255,66,269827,78,382403
24430,0.002521,74.125.130.0-255,5020,274847,78,382403
24431,0.002523,172.31.40.0-255,66,274913,78,382403
24432,0.002546,172.31.40.0-255,66,274979,78,382403
24433,0.002562,74.125.130.0-255,1484,276463,78,382403
24434,0.002567,74.125.130.0-255,4320,280783,78,382403
24435,0.002569,172.31.40.0-255,66,280849,78,382403
24436,0.002574,74.125.130.0-255,4320,285169,78,382403
24437,0.002576,172.31.40.0-255,66,285235,78,382403
24438,0.005116,74.125.130.0-255,5738,290973,78,382403
24439,0.005137,172.31.40.0-255,66,291039,78,382403
24440,0.007693,74.125.130.0-255,5738,296777,78,382403
24441,0.007703,172.31.40.0-255,66,296843,78,382403
24442,0.010255,74.125.130.0-255,5738,302581,78,382403
24443,0.010265,172.31.40.0-255,66,302647,78,382403
24444,0.012824,74.125.130.0-255,5738,308385,78,382403
24445,0.012837,172.31.40.0-255,66,308451,78,382403
24446,0.01539,74.125.130.0-255,5738,314189,78,382403
24447,0.015397,172.31.40.0-255,66,314255,78,382403
24448,0.01795,74.125.130.0-255,5738,319993,78,382403
24449,0.017958,172.31.40.0-255,66,320059,78,382403
24450,0.020532,74.125.130.0-255,5738,325797,78,382403
24451,0.02055,172.31.40.0-255,66,325863,78,382403
24452,0.023109,74.125.130.0-255,5738,331601,78,382403
24453,0.023117,172.31.40.0-255,66,331667,78,382403
24454,0.025662,74.125.130.0-255,5738,337405,78,382403
24455,0.025672,172.31.40.0-255,66,337471,78,382403
24456,0.028213,74.125.130.0-255,5738,343209,78,382403
24457,0.028221,172.31.40.0-255,66,343275,78,382403
24458,0.030777,74.125.130.0-255,5738,349013,78,382403
24459,0.030791,172.31.40.0-255,66,349079,78,382403
24460,0.03334,74.125.130.0-255,5738,354817,78,382403
24461,0.033348,172.31.40.0-255,66,354883,78,382403
24462,0.035919,74.125.130.0-255,5738,360621,78,382403
24463,0.035937,172.31.40.0-255,66,360687,78,382403
24464,0.038477,74.125.130.0-255,5738,366425,78,382403
24465,0.038486,172.31.40.0-255,66,366491,78,382403
24466,0.041022,74.125.130.0-255,1484,367975,78,382403
24467,0.041041,74.125.130.0-255,4320,372295,78,382403
24468,0.041046,172.31.40.0-255,66,372361,78,382403
24469,0.043619,74.125.130.0-255,5738,378099,78,382403
24470,0.043628,172.31.40.0-255,66,378165,78,382403
24471,0.046189,74.125.130.0-255,4001,382166,78,382403
24472,0.046201,172.31.40.0-255,66,382232,78,382403
24473,0.04641,172.31.40.0-255,105,382337,78,382403
24474,0.048939,74.125.130.0-255,66,382403,78,382403
24475,0.0,172.31.40.0-255,105,105,78,276
24476,0.001782,157.240.24.0-255,105,210,78,276
24477,0.001796,172.31.40.0-255,66,276,78,276
24478,0.0,74.125.130.0-255,289,289,78,220102
24479,1.8e-05,172.31.40.0-255,66,355,78,220102
24480,2.5e-05,74.125.130.0-255,1484,1839,78,220102
24481,2.9e-05,172.31.40.0-255,66,1905,78,220102
24482,3.5e-05,74.125.130.0-255,2902,4807,78,220102
24483,3.9e-05,172.31.40.0-255,66,4873,78,220102
24484,6e-05,74.125.130.0-255,5738,10611,78,220102
24485,6.3e-05,172.31.40.0-255,66,10677,78,220102
24486,6.6e-05,74.125.130.0-255,1484,12161,78,220102
24487,6.8e-05,172.31.40.0-255,66,12227,78,220102
24488,9e-05,74.125.130.0-255,1830,14057,78,220102
24489,9.3e-05,172.31.40.0-255,66,14123,78,220102
24490,0.000495,74.125.130.0-255,1484,15607,78,220102
24491,0.0005,172.31.40.0-255,66,15673,78,220102
24492,0.000506,74.125.130.0-255,2902,18575,78,220102
24493,0.000509,172.31.40.0-255,66,18641,78,220102
24494,0.000513,74.125.130.0-255,1484,20125,78,220102
24495,0.000515,172.31.40.0-255,66,20191,78,220102
24496,0.000532,74.125.130.0-255,4320,24511,78,220102
24497,0.000535,172.31.40.0-255,66,24577,78,220102
24498,0.000543,74.125.130.0-255,6797,31374,78,220102
24499,0.000546,172.31.40.0-255,66,31440,78,220102
24500,0.00057,74.125.130.0-255,1484,32924,78,220102
24501,0.000572,172.31.40.0-255,66,32990,78,220102
24502,0.000599,74.125.130.0-255,7156,40146,78,220102
24503,0.000603,172.31.40.0-255,66,40212,78,220102
24504,0.000614,172.31.40.0-255,66,40278,78,220102
24505,0.000617,74.125.130.0-255,1484,41762,78,220102
24506,0.000619,172.31.40.0-255,66,41828,78,220102
24507,0.000642,74.125.130.0-255,7156,48984,78,220102
24508,0.000645,172.31.40.0-255,66,49050,78,220102
24509,0.000666,74.125.130.0-255,1484,50534,78,220102
24510,0.000691,74.125.130.0-255,5332,55866,78,220102
24511,0.000694,172.31.40.0-255,66,55932,78,220102
24512,0.000938,74.125.130.0-255,364,56296,78,220102
24513,0.001085,172.31.40.0-255,66,56362,78,220102
24514,0.001137,74.125.130.0-255,1484,57846,78,220102
24515,0.001146,74.125.130.0-255,2902,60748,78,220102
24516,0.001149,172.31.40.0-255,66,60814,78,220102
24517,0.001165,74.125.130.0-255,2902,63716,78,220102
24518,0.001168,172.31.40.0-255,66,63782,78,220102
24519,0.001186,74.125.130.0-255,2902,66684,78,220102
24520,0.001189,172.31.40.0-255,66,66750,78,220102
24521,0.001194,74.125.130.0-255,4320,71070,78,220102
24522,0.001196,172.31.40.0-255,66,71136,78,220102
24523,0.001203,74.125.130.0-255,5738,76874,78,220102
24524,0.001205,172.31.40.0-255,66,76940,78,220102
24525,0.001259,172.31.40.0-255,66,77006,78,220102
24526,0.001277,74.125.130.0-255,1484,78490,78,220102
24527,0.001282,74.125.130.0-255,2184,80674,78,220102
24528,0.001284,172.31.40.0-255,66,80740,78,220102
24529,0.00326,74.125.130.0-255,1484,82224,78,220102
24530,0.003282,74.125.130.0-255,4320,86544,78,220102
24531,0.003287,172.31.40.0-255,66,86610,78,220102
24532,0.0053,74.125.130.0-255,5738,92348,78,220102
24533,0.005303,172.31.40.0-255,66,92414,78,220102
24534,0.007317,74.125.130.0-255,5738,98152,78,220102
24535,0.007324,172.31.40.0-255,66,98218,78,220102
24536,0.009338,74.125.130.0-255,5738,103956,78,220102
24537,0.009345,172.31.40.0-255,66,104022,78,220102
24538,0.011361,74.125.130.0-255,5738,109760,78,220102
24539,0.011368,172.31.40.0-255,66,109826,78,220102
24540,0.013375,74.125.130.0-255,5738,115564,78,220102
24541,0.013382,172.31.40.0-255,66,115630,78,220102
24542,0.015393,74.125.130.0-255,5738,121368,78,220102
24543,0.015401,172.31.40.0-255,66,121434,78,220102
24544,0.017422,74.125.130.0-255,5738,127172,78,220102
24545,0.01743,172.31.40.0-255,66,127238,78,220102
24546,0.019431,74.125.130.0-255,5738,132976,78,220102
24547,0.019438,172.31.40.0-255,66,133042,78,220102
24548,0.021444,74.125.130.0-255,5738,138780,78,220102
24549,0.021452,172.31.40.0-255,66,138846,78,220102
24550,0.023496,74.125.130.0-255,5738,144584,78,220102
24551,0.023511,172.31.40.0-255,66,144650,78,220102
24552,0.025533,74.125.130.0-255,5738,150388,78,220102
24553,0.025546,172.31.40.0-255,66,150454,78,220102
24554,0.027565,74.125.130.0-255,5738,156192,78,220102
24555,0.027578,172.31.40.0-255,66,156258,78,220102
24556,0.029609,74.125.130.0-255,5738,161996,78,220102
24557,0.029623,172.31.40.0-255,66,162062,78,220102
24558,0.031664,74.125.130.0-255,5738,167800,78,220102
24559,0.03168,172.31.40.0-255,66,167866,78,220102
24560,0.033693,74.125.130.0-255,5738,173604,78,220102
24561,0.033704,172.31.40.0-255,66,173670,78,220102
24562,0.035719,74.125.130.0-255,5738,179408,78,220102
24563,0.035728,172.31.40.0-255,66,179474,78,220102
24564,0.037761,74.125.130.0-255,5738,185212,78,220102
24565,0.037778,172.31.40.0-255,66,185278,78,220102
24566,0.03979,74.125.130.0-255,5738,191016,78,220102
24567,0.039798,172.31.40.0-255,66,191082,78,220102
24568,0.041821,74.125.130.0-255,5738,196820,78,220102
24569,0.041844,172.31.40.0-255,66,196886,78,220102
24570,0.043859,74.125.130.0-255,5738,202624,78,220102
24571,0.043867,172.31.40.0-255,66,202690,78,220102
24572,0.045875,74.125.130.0-255,5738,208428,78,220102
24573,0.045883,172.31.40.0-255,66,208494,78,220102
24574,0.047892,74.125.130.0-255,5738,214232,78,220102
24575,0.047901,172.31.40.0-255,66,214298,78,220102
24576,0.049917,74.125.130.0-255,5738,220036,78,220102
24577,0.049934,172.31.40.0-255,66,220102,78,220102
24578,0.0,74.125.24.0-255,152,152,78,217215
24579,1.6e-05,172.31.40.0-255,66,218,78,217215
24580,2.2e-05,74.125.24.0-255,1484,1702,78,217215
24581,2.7e-05,172.31.40.0-255,66,1768,78,217215
24582,3.3e-05,74.125.24.0-255,2902,4670,78,217215
24583,3.6e-05,172.31.40.0-255,66,4736,78,217215
24584,4e-05,74.125.24.0-255,2902,7638,78,217215
24585,4.3e-05,172.31.40.0-255,66,7704,78,217215
24586,7.8e-05,74.125.24.0-255,4320,12024,78,217215
24587,8.1e-05,172.31.40.0-255,66,12090,78,217215
24588,9.2e-05,172.31.40.0-255,66,12156,78,217215
24589,0.000107,74.125.24.0-255,1484,13640,78,217215
24590,0.000109,172.31.40.0-255,66,13706,78,217215
24591,0.000138,172.31.40.0-255,66,13772,78,217215
24592,0.00022,74.125.24.0-255,1484,15256,78,217215
24593,0.000224,172.31.40.0-255,66,15322,78,217215
24594,0.000229,74.125.24.0-255,2902,18224,78,217215
24595,0.000232,172.31.40.0-255,66,18290,78,217215
24596,0.000238,74.125.24.0-255,5738,24028,78,217215
24597,0.000241,172.31.40.0-255,66,24094,78,217215
24598,0.000275,172.31.40.0-255,66,24160,78,217215
24599,0.000281,74.125.24.0-255,5738,29898,78,217215
24600,0.000283,172.31.40.0-255,66,29964,78,217215
24601,0.0003,74.125.24.0-255,2902,32866,78,217215
24602,0.000302,172.31.40.0-255,66,32932,78,217215
24603,0.000308,74.125.24.0-255,5738,38670,78,217215
24604,0.000311,172.31.40.0-255,66,38736,78,217215
24605,0.000325,74.125.24.0-255,1396,40132,78,217215
24606,0.000327,172.31.40.0-255,66,40198,78,217215
24607,0.000464,74.125.24.0-255,131,40329,78,217215
24608,0.000572,74.125.24.0-255,1484,41813,78,217215
24609,0.000577,172.31.40.0-255,66,41879,78,217215
24610,0.000582,74.125.24.0-255,2902,44781,78,217215
24611,0.000584,172.31.40.0-255,66,44847,78,217215
24612,0.000589,74.125.24.0-255,2902,47749,78,217215
24613,0.000592,172.31.40.0-255,66,47815,78,217215
24614,0.000609,74.125.24.0-255,2902,50717,78,217215
24615,0.000612,172.31.40.0-255,66,50783,78,217215
24616,0.000616,74.125.24.0-255,2902,53685,78,217215
24617,0.000619,172.31.40.0-255,66,53751,78,217215
24618,0.000658,74.125.24.0-255,4320,58071,78,217215
24619,0.000662,172.31.40.0-255,66,58137,78,217215
24620,0.000687,74.125.24.0-255,6797,64934,78,217215
24621,0.000692,172.31.40.0-255,66,65000,78,217215
24622,0.000708,74.125.24.0-255,2902,67902,78,217215
24623,0.000711,172.31.40.0-255,66,67968,78,217215
24624,0.000729,74.125.24.0-255,7081,75049,78,217215
24625,0.000734,172.31.40.0-255,66,75115,78,217215
24626,0.001636,74.125.24.0-255,1484,76599,78,217215
24627,0.001648,74.125.24.0-255,2902,79501,78,217215
24628,0.001652,172.31.40.0-255,66,79567,78,217215
24629,0.00166,74.125.24.0-255,5738,85305,78,217215
24630,0.001662,172.31.40.0-255,66,85371,78,217215
24631,0.001666,74.125.24.0-255,2902,88273,78,217215
24632,0.001668,172.31.40.0-255,66,88339,78,217215
24633,0.001688,74.125.24.0-255,5738,94077,78,217215
24634,0.001691,172.31.40.0-255,66,94143,78,217215
24635,0.001704,74.125.24.0-255,4320,98463,78,217215
24636,0.001706,172.31.40.0-255,66,98529,78,217215
24637,0.001721,74.125.24.0-255,5738,104267,78,217215
24638,0.001724,172.31.40.0-255,66,104333,78,217215
24639,0.00175,74.125.24.0-255,5020,109353,78,217215
24640,0.001753,172.31.40.0-255,66,109419,78,217215
24641,0.004367,74.125.24.0-255,5738,115157,78,217215
24642,0.004374,172.31.40.0-255,66,115223,78,217215
24643,0.007037,74.125.24.0-255,5738,120961,78,217215
24644,0.007042,172.31.40.0-255,66,121027,78,217215
24645,0.009678,74.125.24.0-255,5738,126765,78,217215
24646,0.009687,172.31.40.0-255,66,126831,78,217215
24647,0.012309,74.125.24.0-255,5738,132569,78,217215
24648,0.012317,172.31.40.0-255,66,132635,78,217215
24649,0.014951,74.125.24.0-255,5738,138373,78,217215
24650,0.01496,172.31.40.0-255,66,138439,78,217215
24651,0.017601,74.125.24.0-255,5738,144177,78,217215
24652,0.017611,172.31.40.0-255,66,144243,78,217215
24653,0.020226,74.125.24.0-255,5738,149981,78,217215
24654,0.020234,172.31.40.0-255,66,150047,78,217215
24655,0.022881,74.125.24.0-255,5738,155785,78,217215
24656,0.022889,172.31.40.0-255,66,155851,78,217215
24657,0.025495,74.125.24.0-255,5738,161589,78,217215
24658,0.025504,172.31.40.0-255,66,161655,78,217215
24659,0.027224,172.31.40.0-255,172,161827,78,217215
24660,0.027255,172.31.40.0-255,1109,162936,78,217215
24661,0.027313,172.31.40.0-255,1514,164450,78,217215
24662,0.027315,172.31.40.0-255,331,164781,78,217215
24663,0.028124,74.125.24.0-255,5738,170519,78,217215
24664,0.028132,172.31.40.0-255,66,170585,78,217215
24665,0.028782,104.244.42.0-255,66,170651,78,217215
24666,0.02881,104.244.42.0-255,66,170717,78,217215
24667,0.028861,104.244.42.0-255,66,170783,78,217215
24668,0.03077,74.125.24.0-255,5738,176521,78,217215
24669,0.030776,172.31.40.0-255,66,176587,78,217215
24670,0.033362,74.125.24.0-255,5738,182325,78,217215
24671,0.033369,172.31.40.0-255,66,182391,78,217215
24672,0.036005,74.125.24.0-255,5738,188129,78,217215
24673,0.036012,172.31.40.0-255,66,188195,78,217215
24674,0.038658,74.125.24.0-255,5738,193933,78,217215
24675,0.038665,172.31.40.0-255,66,193999,78,217215
24676,0.041299,74.125.24.0-255,5738,199737,78,217215
24677,0.04131,172.31.40.0-255,66,199803,78,217215
24678,0.043916,74.125.24.0-255,5738,205541,78,217215
24679,0.043923,172.31.40.0-255,66,205607,78,217215
24680,0.046547,74.125.24.0-255,5738,211345,78,217215
24681,0.046554,172.31.40.0-255,66,211411,78,217215
24682,0.049152,74.125.24.0-255,5738,217149,78,217215
24683,0.04916,172.31.40.0-255,66,217215,78,217215
24684,0.0,172.253.118.0-255,153,153,78,185371
24685,2.3e-05,172.31.40.0-255,66,219,78,185371
24686,3e-05,172.253.118.0-255,1484,1703,78,185371
24687,3.4e-05,172.31.40.0-255,66,1769,78,185371
24688,3.9e-05,172.253.118.0-255,2902,4671,78,185371
24689,4.2e-05,172.31.40.0-255,66,4737,78,185371
24690,5e-05,172.253.118.0-255,7156,11893,78,185371
24691,5.4e-05,172.31.40.0-255,66,11959,78,185371
24692,5.8e-05,172.253.118.0-255,2129,14088,78,185371
24693,6.1e-05,172.31.40.0-255,66,14154,78,185371
24694,8.1e-05,172.253.118.0-255,1484,15638,78,185371
24695,8.4e-05,172.31.40.0-255,66,15704,78,185371
24696,8.9e-05,172.253.118.0-255,2902,18606,78,185371
24697,9.1e-05,172.31.40.0-255,66,18672,78,185371
24698,0.000121,172.253.118.0-255,5738,24410,78,185371
24699,0.000123,172.31.40.0-255,66,24476,78,185371
24700,0.000141,172.253.118.0-255,6797,31273,78,185371
24701,0.000143,172.31.40.0-255,66,31339,78,185371
24702,0.000515,172.253.118.0-255,1484,32823,78,185371
24703,0.000521,172.31.40.0-255,66,32889,78,185371
24704,0.000527,172.253.118.0-255,2902,35791,78,185371
24705,0.000529,172.31.40.0-255,66,35857,78,185371
24706,0.000536,172.253.118.0-255,5738,41595,78,185371
24707,0.000539,172.31.40.0-255,66,41661,78,185371
24708,0.000543,172.253.118.0-255,2902,44563,78,185371
24709,0.000545,172.31.40.0-255,66,44629,78,185371
24710,0.000611,172.253.118.0-255,3961,48590,78,185371
24711,0.000616,172.31.40.0-255,66,48656,78,185371
24712,0.000713,172.253.118.0-255,2902,51558,78,185371
24713,0.000717,172.31.40.0-255,66,51624,78,185371
24714,0.000721,172.253.118.0-255,2902,54526,78,185371
24715,0.000723,172.31.40.0-255,66,54592,78,185371
24716,0.000735,172.253.118.0-255,1484,56076,78,185371
24717,0.000752,172.253.118.0-255,4320,60396,78,185371
24718,0.000754,172.31.40.0-255,66,60462,78,185371
24719,0.000778,172.253.118.0-255,4320,64782,78,185371
24720,0.00078,172.31.40.0-255,66,64848,78,185371
24721,0.000797,172.253.118.0-255,1125,65973,78,185371
24722,0.001063,172.31.40.0-255,66,66039,78,185371
24723,0.002303,172.253.118.0-255,647,66686,78,185371
24724,0.00309,172.253.118.0-255,2902,69588,78,185371
24725,0.003095,172.31.40.0-255,66,69654,78,185371
24726,0.003376,172.253.118.0-255,1484,71138,78,185371
24727,0.005406,172.253.118.0-255,2902,74040,78,185371
24728,0.005412,172.31.40.0-255,66,74106,78,185371
24729,0.005433,172.253.118.0-255,1484,75590,78,185371
24730,0.007682,172.253.118.0-255,4320,79910,78,185371
24731,0.007689,172.31.40.0-255,66,79976,78,185371
24732,0.010002,172.253.118.0-255,5738,85714,78,185371
24733,0.01001,172.31.40.0-255,66,85780,78,185371
24734,0.012308,172.253.118.0-255,4320,90100,78,185371
24735,0.012316,172.31.40.0-255,66,90166,78,185371
24736,0.012336,172.253.118.0-255,1484,91650,78,185371
24737,0.014566,172.253.118.0-255,4320,95970,78,185371
24738,0.014574,172.31.40.0-255,66,96036,78,185371
24739,0.016825,172.253.118.0-255,5738,101774,78,185371
24740,0.016834,172.31.40.0-255,66,101840,78,185371
24741,0.0191,172.253.118.0-255,5738,107578,78,185371
24742,0.019112,172.31.40.0-255,66,107644,78,185371
24743,0.021359,172.253.118.0-255,5738,113382,78,185371
24744,0.021368,172.31.40.0-255,66,113448,78,185371
24745,0.023626,172.253.118.0-255,5738,119186,78,185371
24746,0.023635,172.31.40.0-255,66,119252,78,185371
24747,0.025912,172.253.118.0-255,5738,124990,78,185371
24748,0.025921,172.31.40.0-255,66,125056,78,185371
24749,0.027577,172.31.40.0-255,171,125227,78,185371
24750,0.027609,172.31.40.0-255,1132,126359,78,185371
24751,0.027673,172.31.40.0-255,1514,127873,78,185371
24752,0.027675,172.31.40.0-255,1514,129387,78,185371
24753,0.02768,172.31.40.0-255,1514,130901,78,185371
24754,0.027681,172.31.40.0-255,1514,132415,78,185371
24755,0.027699,172.31.40.0-255,456,132871,78,185371
24756,0.02816,172.253.118.0-255,5738,138609,78,185371
24757,0.028167,172.31.40.0-255,66,138675,78,185371
24758,0.029119,104.244.42.0-255,66,138741,78,185371
24759,0.029161,104.244.42.0-255,66,138807,78,185371
24760,0.029266,104.244.42.0-255,66,138873,78,185371
24761,0.029273,104.244.42.0-255,66,138939,78,185371
24762,0.030403,172.253.118.0-255,5738,144677,78,185371
24763,0.03041,172.31.40.0-255,66,144743,78,185371
24764,0.032654,172.253.118.0-255,5738,150481,78,185371
24765,0.032661,172.31.40.0-255,66,150547,78,185371
24766,0.034902,172.253.118.0-255,5738,156285,78,185371
24767,0.034909,172.31.40.0-255,66,156351,78,185371
24768,0.037184,172.253.118.0-255,5738,162089,78,185371
24769,0.03719,172.31.40.0-255,66,162155,78,185371
24770,0.039624,172.253.118.0-255,5738,167893,78,185371
24771,0.039631,172.31.40.0-255,66,167959,78,185371
24772,0.043533,172.253.118.0-255,5738,173697,78,185371
24773,0.043539,172.31.40.0-255,66,173763,78,185371
24774,0.045784,172.253.118.0-255,5738,179501,78,185371
24775,0.045792,172.31.40.0-255,66,179567,78,185371
24776,0.048029,172.253.118.0-255,5738,185305,78,185371
24777,0.048036,172.31.40.0-255,66,185371,78,185371
24778,0.0,172.217.194.0-255,143,143,78,290255
24779,3.4e-05,172.31.40.0-255,66,209,78,290255
24780,4.2e-05,172.217.194.0-255,1484,1693,78,290255
24781,4.7e-05,172.31.40.0-255,66,1759,78,290255
24782,5.2e-05,172.217.194.0-255,2902,4661,78,290255
24783,5.4e-05,172.31.40.0-255,66,4727,78,290255
24784,5.7e-05,172.217.194.0-255,1484,6211,78,290255
24785,6e-05,172.31.40.0-255,66,6277,78,290255
24786,6.6e-05,172.217.194.0-255,2902,9179,78,290255
24787,7e-05,172.31.40.0-255,66,9245,78,290255
24788,7.7e-05,172.217.194.0-255,6403,15648,78,290255
24789,8.1e-05,172.31.40.0-255,66,15714,78,290255
24790,8.8e-05,172.217.194.0-255,7156,22870,78,290255
24791,9.1e-05,172.31.40.0-255,66,22936,78,290255
24792,0.000132,172.217.194.0-255,4320,27256,78,290255
24793,0.000135,172.31.40.0-255,66,27322,78,290255
24794,0.000149,172.217.194.0-255,3961,31283,78,290255
24795,0.000152,172.31.40.0-255,66,31349,78,290255
24796,0.000567,172.217.194.0-255,1484,32833,78,290255
24797,0.000573,172.31.40.0-255,66,32899,78,290255
24798,0.00058,172.217.194.0-255,2902,35801,78,290255
24799,0.000582,172.31.40.0-255,66,35867,78,290255
24800,0.000588,172.217.194.0-255,4320,40187,78,290255
24801,0.00059,172.31.40.0-255,66,40253,78,290255
24802,0.000612,172.217.194.0-255,1484,41737,78,290255
24803,0.000615,172.31.40.0-255,66,41803,78,290255
24804,0.000633,172.217.194.0-255,7156,48959,78,290255
24805,0.000636,172.31.40.0-255,66,49025,78,290255
24806,0.000658,172.217.194.0-255,6797,55822,78,290255
24807,0.000661,172.31.40.0-255,66,55888,78,290255
24808,0.000671,172.31.40.0-255,66,55954,78,290255
24809,0.00069,172.217.194.0-255,1377,57331,78,290255
24810,0.000713,172.217.194.0-255,118,57449,78,290255
24811,0.000756,172.217.194.0-255,1484,58933,78,290255
24812,0.00076,172.31.40.0-255,66,58999,78,290255
24813,0.000766,172.217.194.0-255,2902,61901,78,290255
24814,0.000768,172.31.40.0-255,66,61967,78,290255
24815,0.000793,172.217.194.0-255,7156,69123,78,290255
24816,0.000795,172.31.40.0-255,66,69189,78,290255
24817,0.000802,172.217.194.0-255,5738,74927,78,290255
24818,0.000804,172.31.40.0-255,66,74993,78,290255
24819,0.000848,172.31.40.0-255,66,75059,78,290255
24820,0.000868,172.217.194.0-255,2902,77961,78,290255
24821,0.000871,172.31.40.0-255,66,78027,78,290255
24822,0.000875,172.217.194.0-255,2184,80211,78,290255
24823,0.000877,172.31.40.0-255,66,80277,78,290255
24824,0.000907,172.217.194.0-255,383,80660,78,290255
24825,0.001074,172.217.194.0-255,1484,82144,78,290255
24826,0.001079,172.31.40.0-255,66,82210,78,290255
24827,0.001084,172.217.194.0-255,2902,85112,78,290255
24828,0.001086,172.31.40.0-255,66,85178,78,290255
24829,0.001103,172.217.194.0-255,5738,90916,78,290255
24830,0.001106,172.31.40.0-255,66,90982,78,290255
24831,0.001137,172.31.40.0-255,66,91048,78,290255
24832,0.001158,172.217.194.0-255,2902,93950,78,290255
24833,0.001162,172.31.40.0-255,66,94016,78,290255
24834,0.001199,172.31.40.0-255,66,94082,78,290255
24835,0.00122,172.217.194.0-255,5738,99820,78,290255
24836,0.001223,172.31.40.0-255,66,99886,78,290255
24837,0.001231,172.217.194.0-255,7156,107042,78,290255
24838,0.001233,172.31.40.0-255,66,107108,78,290255
24839,0.001299,172.31.40.0-255,66,107174,78,290255
24840,0.001313,172.31.40.0-255,66,107240,78,290255
24841,0.001327,172.217.194.0-255,1484,108724,78,290255
24842,0.001332,172.217.194.0-255,2902,111626,78,290255
24843,0.001335,172.31.40.0-255,66,111692,78,290255
24844,0.001359,172.217.194.0-255,5738,117430,78,290255
24845,0.001363,172.31.40.0-255,66,117496,78,290255
24846,0.00137,172.217.194.0-255,7156,124652,78,290255
24847,0.001372,172.31.40.0-255,66,124718,78,290255
24848,0.001436,172.31.40.0-255,66,124784,78,290255
24849,0.00144,172.217.194.0-255,2184,126968,78,290255
24850,0.001443,172.31.40.0-255,66,127034,78,290255
24851,0.00146,172.217.194.0-255,5738,132772,78,290255
24852,0.001462,172.31.40.0-255,66,132838,78,290255
24853,0.001489,172.217.194.0-255,2902,135740,78,290255
24854,0.001492,172.31.40.0-255,66,135806,78,290255
24855,0.001503,172.31.40.0-255,66,135872,78,290255
24856,0.00151,172.217.194.0-255,5738,141610,78,290255
24857,0.001512,172.31.40.0-255,66,141676,78,290255
24858,0.001546,172.31.40.0-255,66,141742,78,290255
24859,0.001558,172.217.194.0-255,1484,143226,78,290255
24860,0.001572,172.217.194.0-255,2902,146128,78,290255
24861,0.001574,172.31.40.0-255,66,146194,78,290255
24862,0.001579,172.217.194.0-255,2902,149096,78,290255
24863,0.001581,172.31.40.0-255,66,149162,78,290255
24864,0.001595,172.217.194.0-255,2902,152064,78,290255
24865,0.001598,172.31.40.0-255,66,152130,78,290255
24866,0.001604,172.217.194.0-255,4320,156450,78,290255
24867,0.001606,172.31.40.0-255,66,156516,78,290255
24868,0.001645,172.217.194.0-255,7156,163672,78,290255
24869,0.001648,172.31.40.0-255,66,163738,78,290255
24870,0.001662,172.31.40.0-255,66,163804,78,290255
24871,0.001664,172.217.194.0-255,1484,165288,78,290255
24872,0.001667,172.217.194.0-255,1484,166772,78,290255
24873,0.001669,172.31.40.0-255,66,166838,78,290255
24874,0.001693,172.217.194.0-255,1484,168322,78,290255
24875,0.0017,172.217.194.0-255,5738,174060,78,290255
24876,0.001702,172.31.40.0-255,66,174126,78,290255
24877,0.00171,172.217.194.0-255,7156,181282,78,290255
24878,0.001712,172.31.40.0-255,66,181348,78,290255
24879,0.00173,172.217.194.0-255,5738,187086,78,290255
24880,0.001732,172.31.40.0-255,66,187152,78,290255
24881,0.00174,172.217.194.0-255,7156,194308,78,290255
24882,0.001743,172.31.40.0-255,66,194374,78,290255
24883,0.001789,172.217.194.0-255,3602,197976,78,290255
24884,0.001792,172.31.40.0-255,66,198042,78,290255
24885,0.001835,172.217.194.0-255,1484,199526,78,290255
24886,0.00184,172.217.194.0-255,2902,202428,78,290255
24887,0.001842,172.31.40.0-255,66,202494,78,290255
24888,0.00187,172.217.194.0-255,5738,208232,78,290255
24889,0.001873,172.31.40.0-255,66,208298,78,290255
24890,0.001878,172.217.194.0-255,5738,214036,78,290255
24891,0.001881,172.31.40.0-255,66,214102,78,290255
24892,0.001884,172.217.194.0-255,1484,215586,78,290255
24893,0.001897,172.217.194.0-255,2902,218488,78,290255
24894,0.001899,172.31.40.0-255,66,218554,78,290255
24895,0.001925,172.31.40.0-255,66,218620,78,290255
24896,0.001954,172.217.194.0-255,5020,223640,78,290255
24897,0.001957,172.31.40.0-255,66,223706,78,290255
24898,0.003964,172.217.194.0-255,5738,229444,78,290255
24899,0.003973,172.31.40.0-255,66,229510,78,290255
24900,0.006002,172.217.194.0-255,5738,235248,78,290255
24901,0.006016,172.31.40.0-255,66,235314,78,290255
24902,0.008056,172.217.194.0-255,5738,241052,78,290255
24903,0.008073,172.31.40.0-255,66,241118,78,290255
24904,0.010108,172.217.194.0-255,5738,246856,78,290255
24905,0.010119,172.31.40.0-255,66,246922,78,290255
24906,0.01213,172.217.194.0-255,5738,252660,78,290255
24907,0.012137,172.31.40.0-255,66,252726,78,290255
24908,0.01419,172.217.194.0-255,5738,258464,78,290255
24909,0.014194,172.31.40.0-255,66,258530,78,290255
24910,0.016224,172.217.194.0-255,5738,264268,78,290255
24911,0.016232,172.31.40.0-255,66,264334,78,290255
24912,0.018274,172.217.194.0-255,5738,270072,78,290255
24913,0.018283,172.31.40.0-255,66,270138,78,290255
24914,0.020294,172.217.194.0-255,4320,274458,78,290255
24915,0.020301,172.31.40.0-255,66,274524,78,290255
24916,0.020322,172.217.194.0-255,1484,276008,78,290255
24917,0.022331,172.217.194.0-255,4320,280328,78,290255
24918,0.022338,172.31.40.0-255,66,280394,78,290255
24919,0.024395,172.217.194.0-255,5264,285658,78,290255
24920,0.024406,172.31.40.0-255,66,285724,78,290255
24921,0.02493,172.31.40.0-255,105,285829,78,290255
24922,0.026925,172.217.194.0-255,66,285895,78,290255
24923,0.046503,172.31.40.0-255,241,286136,78,290255
24924,0.046539,172.31.40.0-255,1108,287244,78,290255
24925,0.046602,172.31.40.0-255,1514,288758,78,290255
24926,0.046604,172.31.40.0-255,1299,290057,78,290255
24927,0.048057,104.244.42.0-255,66,290123,78,290255
24928,0.048079,104.244.42.0-255,66,290189,78,290255
24929,0.04813,104.244.42.0-255,66,290255,78,290255
24930,0.0,74.125.24.0-255,143,143,78,251651
24931,1.4e-05,172.31.40.0-255,66,209,78,251651
24932,2.1e-05,74.125.24.0-255,1484,1693,78,251651
24933,2.6e-05,172.31.40.0-255,66,1759,78,251651
24934,3.2e-05,74.125.24.0-255,2902,4661,78,251651
24935,3.5e-05,172.31.40.0-255,66,4727,78,251651
24936,4.2e-05,74.125.24.0-255,5738,10465,78,251651
24937,4.5e-05,172.31.40.0-255,66,10531,78,251651
24938,6.5e-05,74.125.24.0-255,1484,12015,78,251651
24939,6.8e-05,172.31.40.0-255,66,12081,78,251651
24940,8.7e-05,74.125.24.0-255,2099,14180,78,251651
24941,8.9e-05,172.31.40.0-255,66,14246,78,251651
24942,0.000171,74.125.24.0-255,1484,15730,78,251651
24943,0.000175,172.31.40.0-255,66,15796,78,251651
24944,0.000181,74.125.24.0-255,2902,18698,78,251651
24945,0.000183,172.31.40.0-255,66,18764,78,251651
24946,0.0002,74.125.24.0-255,5738,24502,78,251651
24947,0.000203,172.31.40.0-255,66,24568,78,251651
24948,0.000232,74.125.24.0-255,4320,28888,78,251651
24949,0.000234,172.31.40.0-255,66,28954,78,251651
24950,0.00026,74.125.24.0-255,5379,34333,78,251651
24951,0.000263,172.31.40.0-255,66,34399,78,251651
24952,0.000275,172.31.40.0-255,66,34465,78,251651
24953,0.000277,74.125.24.0-255,1484,35949,78,251651
24954,0.000279,172.31.40.0-255,66,36015,78,251651
24955,0.000319,172.31.40.0-255,66,36081,78,251651
24956,0.000322,74.125.24.0-255,397,36478,78,251651
24957,0.000324,172.31.40.0-255,66,36544,78,251651
24958,0.00037,74.125.24.0-255,115,36659,78,251651
24959,0.000373,172.31.40.0-255,66,36725,78,251651
24960,0.000526,74.125.24.0-255,1484,38209,78,251651
24961,0.000534,74.125.24.0-255,2902,41111,78,251651
24962,0.000574,74.125.24.0-255,5738,46849,78,251651
24963,0.000581,74.125.24.0-255,7156,54005,78,251651
24964,0.00059,172.31.40.0-255,66,54071,78,251651
24965,0.000603,74.125.24.0-255,5738,59809,78,251651
24966,0.000611,74.125.24.0-255,7156,66965,78,251651
24967,0.000616,172.31.40.0-255,66,67031,78,251651
24968,0.000635,74.125.24.0-255,3865,70896,78,251651
24969,0.000655,172.31.40.0-255,66,70962,78,251651
24970,0.001113,74.125.24.0-255,1484,72446,78,251651
24971,0.00112,74.125.24.0-255,2902,75348,78,251651
24972,0.001124,172.31.40.0-255,66,75414,78,251651
24973,0.001142,74.125.24.0-255,5738,81152,78,251651
24974,0.001146,74.125.24.0-255,1484,82636,78,251651
24975,0.001153,172.31.40.0-255,66,82702,78,251651
24976,0.001163,74.125.24.0-255,2902,85604,78,251651
24977,0.001168,172.31.40.0-255,66,85670,78,251651
24978,0.001194,74.125.24.0-255,4320,89990,78,251651
24979,0.001214,74.125.24.0-255,5020,95010,78,251651
24980,0.00122,172.31.40.0-255,66,95076,78,251651
24981,0.00174,74.125.24.0-255,1484,96560,78,251651
24982,0.001746,74.125.24.0-255,2902,99462,78,251651
24983,0.001749,172.31.40.0-255,66,99528,78,251651
24984,0.001771,74.125.24.0-255,2902,102430,78,251651
24985,0.001773,74.125.24.0-255,1484,103914,78,251651
24986,0.001793,74.125.24.0-255,5738,109652,78,251651
24987,0.001803,172.31.40.0-255,66,109718,78,251651
24988,0.001814,74.125.24.0-255,5738,115456,78,251651
24989,0.001818,172.31.40.0-255,66,115522,78,251651
24990,0.00184,74.125.24.0-255,3602,119124,78,251651
24991,0.001862,172.31.40.0-255,66,119190,78,251651
24992,0.001969,74.125.24.0-255,1484,120674,78,251651
24993,0.001975,74.125.24.0-255,2902,123576,78,251651
24994,0.00198,74.125.24.0-255,4320,127896,78,251651
24995,0.001996,172.31.40.0-255,66,127962,78,251651
24996,0.001999,74.125.24.0-255,1484,129446,78,251651
24997,0.002001,74.125.24.0-255,1484,130930,78,251651
24998,0.002006,172.31.40.0-255,66,130996,78,251651
24999,0.002034,74.125.24.0-255,1484,132480,78,251651
25000,0.002059,172.31.40.0-255,66,132546,78,251651
25001,0.002069,172.31.40.0-255,66,132612,78,251651
25002,0.00433,74.125.24.0-255,5738,138350,78,251651
25003,0.004336,172.31.40.0-255,66,138416,78,251651
25004,0.006601,74.125.24.0-255,5738,144154,78,251651
25005,0.007012,172.31.40.0-255,66,144220,78,251651
25006,0.00932,74.125.24.0-255,5738,149958,78,251651
25007,0.009327,172.31.40.0-255,66,150024,78,251651
25008,0.011629,74.125.24.0-255,5738,155762,78,251651
25009,0.011714,172.31.40.0-255,66,155828,78,251651
25010,0.013964,74.125.24.0-255,4320,160148,78,251651
25011,0.013972,172.31.40.0-255,66,160214,78,251651
25012,0.013993,74.125.24.0-255,1484,161698,78,251651
25013,0.016242,74.125.24.0-255,4320,166018,78,251651
25014,0.016251,172.31.40.0-255,66,166084,78,251651
25015,0.018547,74.125.24.0-255,5738,171822,78,251651
25016,0.0186,172.31.40.0-255,66,171888,78,251651
25017,0.02089,74.125.24.0-255,5738,177626,78,251651
25018,0.020898,172.31.40.0-255,66,177692,78,251651
25019,0.023164,74.125.24.0-255,5738,183430,78,251651
25020,0.023172,172.31.40.0-255,66,183496,78,251651
25021,0.02551,74.125.24.0-255,5738,189234,78,251651
25022,0.025517,172.31.40.0-255,66,189300,78,251651
25023,0.027796,74.125.24.0-255,5738,195038,78,251651
25024,0.027813,172.31.40.0-255,66,195104,78,251651
25025,0.030082,74.125.24.0-255,5738,200842,78,251651
25026,0.031341,172.31.40.0-255,66,200908,78,251651
25027,0.03363,74.125.24.0-255,5738,206646,78,251651
25028,0.033649,172.31.40.0-255,66,206712,78,251651
25029,0.035936,74.125.24.0-255,5738,212450,78,251651
25030,0.035949,172.31.40.0-255,66,212516,78,251651
25031,0.037663,172.31.40.0-255,192,212708,78,251651
25032,0.037694,172.31.40.0-255,1109,213817,78,251651
25033,0.037754,172.31.40.0-255,1514,215331,78,251651
25034,0.037756,172.31.40.0-255,1298,216629,78,251651
25035,0.038212,74.125.24.0-255,5738,222367,78,251651
25036,0.038219,172.31.40.0-255,66,222433,78,251651
25037,0.039188,104.244.42.0-255,66,222499,78,251651
25038,0.039325,104.244.42.0-255,66,222565,78,251651
25039,0.03933,104.244.42.0-255,66,222631,78,251651
25040,0.040519,74.125.24.0-255,5738,228369,78,251651
25041,0.040532,172.31.40.0-255,66,228435,78,251651
25042,0.042793,74.125.24.0-255,5738,234173,78,251651
25043,0.042809,172.31.40.0-255,66,234239,78,251651
25044,0.045124,74.125.24.0-255,5738,239977,78,251651
25045,0.045141,172.31.40.0-255,66,240043,78,251651
25046,0.047412,74.125.24.0-255,5738,245781,78,251651
25047,0.047428,172.31.40.0-255,66,245847,78,251651
25048,0.049695,74.125.24.0-255,5738,251585,78,251651
25049,0.04971,172.31.40.0-255,66,251651,78,251651
25050,0.0,216.58.203.0-255,153,153,78,321254
25051,2.4e-05,172.31.40.0-255,66,219,78,321254
25052,3.2e-05,216.58.203.0-255,1484,1703,78,321254
25053,3.6e-05,172.31.40.0-255,66,1769,78,321254
25054,4.1e-05,216.58.203.0-255,2902,4671,78,321254
25055,4.4e-05,172.31.40.0-255,66,4737,78,321254
25056,5.2e-05,216.58.203.0-255,7156,11893,78,321254
25057,5.4e-05,172.31.40.0-255,66,11959,78,321254
25058,5.8e-05,216.58.203.0-255,2029,13988,78,321254
25059,6.2e-05,172.31.40.0-255,66,14054,78,321254
25060,6.7e-05,216.58.203.0-255,2902,16956,78,321254
25061,6.9e-05,172.31.40.0-255,66,17022,78,321254
25062,7.8e-05,216.58.203.0-255,7156,24178,78,321254
25063,8.2e-05,172.31.40.0-255,66,24244,78,321254
25064,8.9e-05,216.58.203.0-255,5738,29982,78,321254
25065,9.3e-05,172.31.40.0-255,66,30048,78,321254
25066,0.000115,216.58.203.0-255,1125,31173,78,321254
25067,0.000118,172.31.40.0-255,66,31239,78,321254
25068,0.000135,216.58.203.0-255,1484,32723,78,321254
25069,0.000138,172.31.40.0-255,66,32789,78,321254
25070,0.000142,216.58.203.0-255,2902,35691,78,321254
25071,0.000144,172.31.40.0-255,66,35757,78,321254
25072,0.000149,216.58.203.0-255,2902,38659,78,321254
25073,0.000152,172.31.40.0-255,66,38725,78,321254
25074,0.000173,216.58.203.0-255,2902,41627,78,321254
25075,0.000175,172.31.40.0-255,66,41693,78,321254
25076,0.000192,216.58.203.0-255,4320,46013,78,321254
25077,0.000195,172.31.40.0-255,66,46079,78,321254
25078,0.000215,216.58.203.0-255,2543,48622,78,321254
25079,0.000218,172.31.40.0-255,66,48688,78,321254
25080,0.000329,216.58.203.0-255,1484,50172,78,321254
25081,0.000333,172.31.40.0-255,66,50238,78,321254
25082,0.000338,216.58.203.0-255,2902,53140,78,321254
25083,0.00034,172.31.40.0-255,66,53206,78,321254
25084,0.00036,216.58.203.0-255,4320,57526,78,321254
25085,0.000362,172.31.40.0-255,66,57592,78,321254
25086,0.000365,216.58.203.0-255,1484,59076,78,321254
25087,0.000385,216.58.203.0-255,7126,66202,78,321254
25088,0.000387,172.31.40.0-255,66,66268,78,321254
25089,0.000549,216.58.203.0-255,112,66380,78,321254
25090,0.000664,216.58.203.0-255,1484,67864,78,321254
25091,0.000668,172.31.40.0-255,66,67930,78,321254
25092,0.000674,216.58.203.0-255,2902,70832,78,321254
25093,0.000676,172.31.40.0-255,66,70898,78,321254
25094,0.000681,216.58.203.0-255,2902,73800,78,321254
25095,0.000683,172.31.40.0-255,66,73866,78,321254
25096,0.000698,216.58.203.0-255,2902,76768,78,321254
25097,0.0007,172.31.40.0-255,66,76834,78,321254
25098,0.000706,216.58.203.0-255,4320,81154,78,321254
25099,0.000708,172.31.40.0-255,66,81220,78,321254
25100,0.000744,216.58.203.0-255,5379,86599,78,321254
25101,0.000747,172.31.40.0-255,66,86665,78,321254
25102,0.000754,216.58.203.0-255,5738,92403,78,321254
25103,0.000756,172.31.40.0-255,66,92469,78,321254
25104,0.000819,172.31.40.0-255,66,92535,78,321254
25105,0.000997,216.58.203.0-255,1484,94019,78,321254
25106,0.001004,216.58.203.0-255,2902,96921,78,321254
25107,0.001007,172.31.40.0-255,66,96987,78,321254
25108,0.001014,216.58.203.0-255,5738,102725,78,321254
25109,0.001016,172.31.40.0-255,66,102791,78,321254
25110,0.001039,172.31.40.0-255,66,102857,78,321254
25111,0.001053,216.58.203.0-255,2902,105759,78,321254
25112,0.001055,172.31.40.0-255,66,105825,78,321254
25113,0.001068,172.31.40.0-255,66,105891,78,321254
25114,0.001273,216.58.203.0-255,1484,107375,78,321254
25115,0.001279,216.58.203.0-255,2902,110277,78,321254
25116,0.001282,172.31.40.0-255,66,110343,78,321254
25117,0.001305,216.58.203.0-255,5738,116081,78,321254
25118,0.001307,172.31.40.0-255,66,116147,78,321254
25119,0.001313,216.58.203.0-255,5738,121885,78,321254
25120,0.001316,172.31.40.0-255,66,121951,78,321254
25121,0.001336,216.58.203.0-255,1484,123435,78,321254
25122,0.001351,172.31.40.0-255,66,123501,78,321254
25123,0.001355,216.58.203.0-255,2184,125685,78,321254
25124,0.001358,172.31.40.0-255,66,125751,78,321254
25125,0.001566,216.58.203.0-255,1484,127235,78,321254
25126,0.001573,216.58.203.0-255,2902,130137,78,321254
25127,0.001575,172.31.40.0-255,66,130203,78,321254
25128,0.001582,216.58.203.0-255,5738,135941,78,321254
25129,0.001584,172.31.40.0-255,66,136007,78,321254
25130,0.001607,216.58.203.0-255,5738,141745,78,321254
25131,0.001609,172.31.40.0-255,66,141811,78,321254
25132,0.001636,216.58.203.0-255,7156,148967,78,321254
25133,0.001639,172.31.40.0-255,66,149033,78,321254
25134,0.001649,172.31.40.0-255,66,149099,78,321254
25135,0.001653,216.58.203.0-255,2184,151283,78,321254
25136,0.001655,172.31.40.0-255,66,151349,78,321254
25137,0.003263,216.58.203.0-255,5738,157087,78,321254
25138,0.003271,172.31.40.0-255,66,157153,78,321254
25139,0.004891,216.58.203.0-255,4320,161473,78,321254
25140,0.004894,172.31.40.0-255,66,161539,78,321254
25141,0.004908,216.58.203.0-255,1484,163023,78,321254
25142,0.006509,216.58.203.0-255,4320,167343,78,321254
25143,0.006512,172.31.40.0-255,66,167409,78,321254
25144,0.008141,216.58.203.0-255,5738,173147,78,321254
25145,0.008149,172.31.40.0-255,66,173213,78,321254
25146,0.00978,216.58.203.0-255,5738,178951,78,321254
25147,0.009788,172.31.40.0-255,66,179017,78,321254
25148,0.011422,216.58.203.0-255,5738,184755,78,321254
25149,0.01143,172.31.40.0-255,66,184821,78,321254
25150,0.013073,216.58.203.0-255,5738,190559,78,321254
25151,0.01308,172.31.40.0-255,66,190625,78,321254
25152,0.014709,216.58.203.0-255,5738,196363,78,321254
25153,0.014716,172.31.40.0-255,66,196429,78,321254
25154,0.01635,216.58.203.0-255,5738,202167,78,321254
25155,0.016355,172.31.40.0-255,66,202233,78,321254
25156,0.017984,216.58.203.0-255,5738,207971,78,321254
25157,0.017991,172.31.40.0-255,66,208037,78,321254
25158,0.01962,216.58.203.0-255,5738,213775,78,321254
25159,0.019627,172.31.40.0-255,66,213841,78,321254
25160,0.021281,216.58.203.0-255,5738,219579,78,321254
25161,0.02129,172.31.40.0-255,66,219645,78,321254
25162,0.022946,216.58.203.0-255,5738,225383,78,321254
25163,0.022952,172.31.40.0-255,66,225449,78,321254
25164,0.024575,216.58.203.0-255,5738,231187,78,321254
25165,0.02458,172.31.40.0-255,66,231253,78,321254
25166,0.026205,216.58.203.0-255,5738,236991,78,321254
25167,0.026212,172.31.40.0-255,66,237057,78,321254
25168,0.027845,216.58.203.0-255,5738,242795,78,321254
25169,0.027853,172.31.40.0-255,66,242861,78,321254
25170,0.029483,216.58.203.0-255,5738,248599,78,321254
25171,0.02949,172.31.40.0-255,66,248665,78,321254
25172,0.031139,216.58.203.0-255,5738,254403,78,321254
25173,0.031153,172.31.40.0-255,66,254469,78,321254
25174,0.032789,216.58.203.0-255,5738,260207,78,321254
25175,0.032797,172.31.40.0-255,66,260273,78,321254
25176,0.034441,216.58.203.0-255,5738,266011,78,321254
25177,0.034455,172.31.40.0-255,66,266077,78,321254
25178,0.036105,216.58.203.0-255,5738,271815,78,321254
25179,0.036115,172.31.40.0-255,66,271881,78,321254
25180,0.03774,216.58.203.0-255,5738,277619,78,321254
25181,0.037744,172.31.40.0-255,66,277685,78,321254
25182,0.039213,172.31.40.0-255,172,277857,78,321254
25183,0.039243,172.31.40.0-255,1108,278965,78,321254
25184,0.039304,172.31.40.0-255,1514,280479,78,321254
25185,0.039305,172.31.40.0-255,1301,281780,78,321254
25186,0.039358,216.58.203.0-255,4320,286100,78,321254
25187,0.039362,172.31.40.0-255,66,286166,78,321254
25188,0.039374,216.58.203.0-255,1484,287650,78,321254
25189,0.040697,104.244.42.0-255,66,287716,78,321254
25190,0.040726,104.244.42.0-255,66,287782,78,321254
25191,0.040804,104.244.42.0-255,66,287848,78,321254
25192,0.041019,216.58.203.0-255,4320,292168,78,321254
25193,0.041027,172.31.40.0-255,66,292234,78,321254
25194,0.042651,216.58.203.0-255,5738,297972,78,321254
25195,0.042659,172.31.40.0-255,66,298038,78,321254
25196,0.044286,216.58.203.0-255,5738,303776,78,321254
25197,0.044293,172.31.40.0-255,66,303842,78,321254
25198,0.045918,216.58.203.0-255,5738,309580,78,321254
25199,0.045925,172.31.40.0-255,66,309646,78,321254
25200,0.047553,216.58.203.0-255,5738,315384,78,321254
25201,0.047561,172.31.40.0-255,66,315450,78,321254
25202,0.049193,216.58.203.0-255,5738,321188,78,321254
25203,0.0492,172.31.40.0-255,66,321254,78,321254
25204,0.0,172.217.194.0-255,153,153,78,186814
25205,2.6e-05,172.31.40.0-255,66,219,78,186814
25206,3.3e-05,172.217.194.0-255,1484,1703,78,186814
25207,3.8e-05,172.31.40.0-255,66,1769,78,186814
25208,4.3e-05,172.217.194.0-255,2902,4671,78,186814
25209,4.7e-05,172.31.40.0-255,66,4737,78,186814
25210,5.5e-05,172.217.194.0-255,7156,11893,78,186814
25211,5.8e-05,172.31.40.0-255,66,11959,78,186814
25212,9.4e-05,172.217.194.0-255,6230,18189,78,186814
25213,9.7e-05,172.31.40.0-255,66,18255,78,186814
25214,0.000119,172.217.194.0-255,2902,21157,78,186814
25215,0.000122,172.31.40.0-255,66,21223,78,186814
25216,0.000153,172.31.40.0-255,66,21289,78,186814
25217,0.000179,172.217.194.0-255,1484,22773,78,186814
25218,0.000181,172.31.40.0-255,66,22839,78,186814
25219,0.000186,172.217.194.0-255,2902,25741,78,186814
25220,0.000188,172.31.40.0-255,66,25807,78,186814
25221,0.000195,172.217.194.0-255,5738,31545,78,186814
25222,0.000197,172.31.40.0-255,66,31611,78,186814
25223,0.00022,172.217.194.0-255,1484,33095,78,186814
25224,0.000223,172.31.40.0-255,66,33161,78,186814
25225,0.000244,172.217.194.0-255,5379,38540,78,186814
25226,0.000247,172.31.40.0-255,66,38606,78,186814
25227,0.000611,172.217.194.0-255,1484,40090,78,186814
25228,0.000617,172.31.40.0-255,66,40156,78,186814
25229,0.000635,172.217.194.0-255,2902,43058,78,186814
25230,0.000639,172.31.40.0-255,66,43124,78,186814
25231,0.000642,172.217.194.0-255,1484,44608,78,186814
25232,0.000644,172.31.40.0-255,66,44674,78,186814
25233,0.000671,172.217.194.0-255,4320,48994,78,186814
25234,0.000675,172.31.40.0-255,66,49060,78,186814
25235,0.000687,172.217.194.0-255,2902,51962,78,186814
25236,0.00069,172.31.40.0-255,66,52028,78,186814
25237,0.000723,172.217.194.0-255,7156,59184,78,186814
25238,0.000727,172.31.40.0-255,66,59250,78,186814
25239,0.000729,172.31.40.0-255,66,59316,78,186814
25240,0.000745,172.217.194.0-255,4320,63636,78,186814
25241,0.000748,172.31.40.0-255,66,63702,78,186814
25242,0.000751,172.217.194.0-255,1125,64827,78,186814
25243,0.000865,172.217.194.0-255,1484,66311,78,186814
25244,0.00087,172.31.40.0-255,66,66377,78,186814
25245,0.000876,172.217.194.0-255,2902,69279,78,186814
25246,0.000878,172.31.40.0-255,66,69345,78,186814
25247,0.000881,172.217.194.0-255,1484,70829,78,186814
25248,0.00091,172.217.194.0-255,4320,75149,78,186814
25249,0.000913,172.31.40.0-255,66,75215,78,186814
25250,0.000948,172.217.194.0-255,6797,82012,78,186814
25251,0.000953,172.31.40.0-255,66,82078,78,186814
25252,0.003584,172.217.194.0-255,5738,87816,78,186814
25253,0.003592,172.31.40.0-255,66,87882,78,186814
25254,0.006216,172.217.194.0-255,2902,90784,78,186814
25255,0.00622,172.31.40.0-255,66,90850,78,186814
25256,0.006243,172.217.194.0-255,2902,93752,78,186814
25257,0.006245,172.31.40.0-255,66,93818,78,186814
25258,0.008849,172.217.194.0-255,2902,96720,78,186814
25259,0.008857,172.31.40.0-255,66,96786,78,186814
25260,0.008879,172.217.194.0-255,2902,99688,78,186814
25261,0.008882,172.31.40.0-255,66,99754,78,186814
25262,0.011491,172.217.194.0-255,5738,105492,78,186814
25263,0.011498,172.31.40.0-255,66,105558,78,186814
25264,0.014127,172.217.194.0-255,5738,111296,78,186814
25265,0.014145,172.31.40.0-255,66,111362,78,186814
25266,0.016792,172.217.194.0-255,5738,117100,78,186814
25267,0.016809,172.31.40.0-255,66,117166,78,186814
25268,0.019446,172.217.194.0-255,5738,122904,78,186814
25269,0.019464,172.31.40.0-255,66,122970,78,186814
25270,0.022142,172.217.194.0-255,5738,128708,78,186814
25271,0.022161,172.31.40.0-255,66,128774,78,186814
25272,0.024785,172.217.194.0-255,5738,134512,78,186814
25273,0.024795,172.31.40.0-255,66,134578,78,186814
25274,0.027452,172.217.194.0-255,5738,140316,78,186814
25275,0.027472,172.31.40.0-255,66,140382,78,186814
25276,0.030096,172.217.194.0-255,5738,146120,78,186814
25277,0.030108,172.31.40.0-255,66,146186,78,186814
25278,0.032763,172.217.194.0-255,5738,151924,78,186814
25279,0.032785,172.31.40.0-255,66,151990,78,186814
25280,0.035426,172.217.194.0-255,5738,157728,78,186814
25281,0.035434,172.31.40.0-255,66,157794,78,186814
25282,0.038084,172.217.194.0-255,5738,163532,78,186814
25283,0.038101,172.31.40.0-255,66,163598,78,186814
25284,0.040765,172.217.194.0-255,5738,169336,78,186814
25285,0.040786,172.31.40.0-255,66,169402,78,186814
25286,0.043437,172.217.194.0-255,5738,175140,78,186814
25287,0.043445,172.31.40.0-255,66,175206,78,186814
25288,0.046074,172.217.194.0-255,5738,180944,78,186814
25289,0.046083,172.31.40.0-255,66,181010,78,186814
25290,0.048721,172.217.194.0-255,5738,186748,78,186814
25291,0.048734,172.31.40.0-255,66,186814,78,186814
25292,0.0,172.217.194.0-255,289,289,78,194529
25293,1.9e-05,172.31.40.0-255,66,355,78,194529
25294,2.4e-05,172.217.194.0-255,1484,1839,78,194529
25295,2.8e-05,172.31.40.0-255,66,1905,78,194529
25296,3.4e-05,172.217.194.0-255,4320,6225,78,194529
25297,4.2e-05,172.31.40.0-255,66,6291,78,194529
25298,4.7e-05,172.217.194.0-255,4320,10611,78,194529
25299,5e-05,172.31.40.0-255,66,10677,78,194529
25300,9.2e-05,172.217.194.0-255,3221,13898,78,194529
25301,9.4e-05,172.31.40.0-255,66,13964,78,194529
25302,0.0001,172.217.194.0-255,4320,18284,78,194529
25303,0.000102,172.31.40.0-255,66,18350,78,194529
25304,0.000122,172.217.194.0-255,5738,24088,78,194529
25305,0.000125,172.31.40.0-255,66,24154,78,194529
25306,0.000153,172.217.194.0-255,4320,28474,78,194529
25307,0.000155,172.31.40.0-255,66,28540,78,194529
25308,0.000159,172.217.194.0-255,2543,31083,78,194529
25309,0.000161,172.31.40.0-255,66,31149,78,194529
25310,0.000196,172.31.40.0-255,66,31215,78,194529
25311,0.0002,172.217.194.0-255,2543,33758,78,194529
25312,0.000201,172.31.40.0-255,66,33824,78,194529
25313,0.000245,172.217.194.0-255,2902,36726,78,194529
25314,0.000247,172.31.40.0-255,66,36792,78,194529
25315,0.000277,172.217.194.0-255,4320,41112,78,194529
25316,0.000279,172.31.40.0-255,66,41178,78,194529
25317,0.000289,172.31.40.0-255,66,41244,78,194529
25318,0.000295,172.217.194.0-255,1125,42369,78,194529
25319,0.000297,172.31.40.0-255,66,42435,78,194529
25320,0.000322,172.217.194.0-255,645,43080,78,194529
25321,0.000324,172.31.40.0-255,66,43146,78,194529
25322,0.000346,172.217.194.0-255,1484,44630,78,194529
25323,0.00036,172.217.194.0-255,4320,48950,78,194529
25324,0.000363,172.31.40.0-255,66,49016,78,194529
25325,0.000382,172.217.194.0-255,7156,56172,78,194529
25326,0.000384,172.31.40.0-255,66,56238,78,194529
25327,0.000394,172.217.194.0-255,2902,59140,78,194529
25328,0.0004,172.31.40.0-255,66,59206,78,194529
25329,0.000402,172.217.194.0-255,577,59783,78,194529
25330,0.000661,172.217.194.0-255,1484,61267,78,194529
25331,0.000666,172.31.40.0-255,66,61333,78,194529
25332,0.000671,172.217.194.0-255,2902,64235,78,194529
25333,0.000673,172.31.40.0-255,66,64301,78,194529
25334,0.000707,172.217.194.0-255,4320,68621,78,194529
25335,0.00071,172.31.40.0-255,66,68687,78,194529
25336,0.000742,172.217.194.0-255,1484,70171,78,194529
25337,0.000749,172.217.194.0-255,7156,77327,78,194529
25338,0.000752,172.31.40.0-255,66,77393,78,194529
25339,0.000768,172.31.40.0-255,66,77459,78,194529
25340,0.000772,172.217.194.0-255,2184,79643,78,194529
25341,0.000774,172.31.40.0-255,66,79709,78,194529
25342,0.001049,172.217.194.0-255,1484,81193,78,194529
25343,0.001055,172.217.194.0-255,2902,84095,78,194529
25344,0.001058,172.31.40.0-255,66,84161,78,194529
25345,0.001061,172.217.194.0-255,1484,85645,78,194529
25346,0.001087,172.217.194.0-255,4320,89965,78,194529
25347,0.001089,172.31.40.0-255,66,90031,78,194529
25348,0.001094,172.217.194.0-255,4320,94351,78,194529
25349,0.001096,172.31.40.0-255,66,94417,78,194529
25350,0.00113,172.31.40.0-255,66,94483,78,194529
25351,0.00114,172.31.40.0-255,66,94549,78,194529
25352,0.001163,172.217.194.0-255,766,95315,78,194529
25353,0.001201,172.217.194.0-255,1484,96799,78,194529
25354,0.001205,172.31.40.0-255,66,96865,78,194529
25355,0.001224,172.217.194.0-255,2902,99767,78,194529
25356,0.001226,172.31.40.0-255,66,99833,78,194529
25357,0.001232,172.217.194.0-255,5738,105571,78,194529
25358,0.001234,172.31.40.0-255,66,105637,78,194529
25359,0.001272,172.31.40.0-255,66,105703,78,194529
25360,0.001284,172.31.40.0-255,66,105769,78,194529
25361,0.001315,172.217.194.0-255,3602,109371,78,194529
25362,0.001317,172.31.40.0-255,66,109437,78,194529
25363,0.001323,172.217.194.0-255,4320,113757,78,194529
25364,0.001325,172.31.40.0-255,66,113823,78,194529
25365,0.001333,172.217.194.0-255,1484,115307,78,194529
25366,0.00137,172.31.40.0-255,66,115373,78,194529
25367,0.001391,172.31.40.0-255,66,115439,78,194529
25368,0.001409,172.217.194.0-255,1484,116923,78,194529
25369,0.001428,172.217.194.0-255,6438,123361,78,194529
25370,0.001431,172.31.40.0-255,66,123427,78,194529
25371,0.001449,172.31.40.0-255,66,123493,78,194529
25372,0.00146,172.31.40.0-255,66,123559,78,194529
25373,0.001502,172.31.40.0-255,66,123625,78,194529
25374,0.001643,172.217.194.0-255,1484,125109,78,194529
25375,0.00165,172.217.194.0-255,2902,128011,78,194529
25376,0.001653,172.31.40.0-255,66,128077,78,194529
25377,0.001658,172.217.194.0-255,2902,130979,78,194529
25378,0.00166,172.31.40.0-255,66,131045,78,194529
25379,0.001682,172.217.194.0-255,2902,133947,78,194529
25380,0.001688,172.31.40.0-255,66,134013,78,194529
25381,0.0017,172.31.40.0-255,66,134079,78,194529
25382,0.001765,172.217.194.0-255,7156,141235,78,194529
25383,0.001768,172.31.40.0-255,66,141301,78,194529
25384,0.001799,172.217.194.0-255,6438,147739,78,194529
25385,0.001801,172.217.194.0-255,1484,149223,78,194529
25386,0.001805,172.217.194.0-255,2902,152125,78,194529
25387,0.001811,172.217.194.0-255,5738,157863,78,194529
25388,0.001816,172.31.40.0-255,66,157929,78,194529
25389,0.001819,172.31.40.0-255,66,157995,78,194529
25390,0.001822,172.31.40.0-255,66,158061,78,194529
25391,0.001859,172.31.40.0-255,66,158127,78,194529
25392,0.001871,172.31.40.0-255,66,158193,78,194529
25393,0.001874,172.217.194.0-255,766,158959,78,194529
25394,0.00191,172.217.194.0-255,1484,160443,78,194529
25395,0.001912,172.31.40.0-255,66,160509,78,194529
25396,0.001918,172.217.194.0-255,4320,164829,78,194529
25397,0.00192,172.31.40.0-255,66,164895,78,194529
25398,0.001948,172.217.194.0-255,7156,172051,78,194529
25399,0.00195,172.217.194.0-255,1484,173535,78,194529
25400,0.001955,172.31.40.0-255,66,173601,78,194529
25401,0.001985,172.217.194.0-255,7156,180757,78,194529
25402,0.001988,172.31.40.0-255,66,180823,78,194529
25403,0.002007,172.217.194.0-255,1484,182307,78,194529
25404,0.002012,172.31.40.0-255,66,182373,78,194529
25405,0.002071,172.31.40.0-255,66,182439,78,194529
25406,0.00208,172.217.194.0-255,2184,184623,78,194529
25407,0.002082,172.217.194.0-255,1484,186107,78,194529
25408,0.002109,172.217.194.0-255,105,186212,78,194529
25409,0.002116,172.31.40.0-255,66,186278,78,194529
25410,0.01112,172.31.40.0-255,105,186383,78,194529
25411,0.013384,172.217.194.0-255,66,186449,78,194529
25412,0.03073,172.31.40.0-255,172,186621,78,194529
25413,0.030759,172.31.40.0-255,1107,187728,78,194529
25414,0.030818,172.31.40.0-255,1514,189242,78,194529
25415,0.030821,172.31.40.0-255,1514,190756,78,194529
25416,0.030826,172.31.40.0-255,1514,192270,78,194529
25417,0.030827,172.31.40.0-255,1514,193784,78,194529
25418,0.030857,172.31.40.0-255,481,194265,78,194529
25419,0.032269,104.244.42.0-255,66,194331,78,194529
25420,0.032343,104.244.42.0-255,66,194397,78,194529
25421,0.032346,104.244.42.0-255,66,194463,78,194529
25422,0.03237,104.244.42.0-255,66,194529,78,194529
25423,0.0,172.217.194.0-255,291,291,78,226767
25424,2.4e-05,172.31.40.0-255,66,357,78,226767
25425,3e-05,172.217.194.0-255,1484,1841,78,226767
25426,3.5e-05,172.31.40.0-255,66,1907,78,226767
25427,4.2e-05,172.217.194.0-255,4320,6227,78,226767
25428,5.3e-05,172.31.40.0-255,66,6293,78,226767
25429,6.5e-05,172.31.40.0-255,66,6359,78,226767
25430,0.00011,172.217.194.0-255,1484,7843,78,226767
25431,0.000113,172.31.40.0-255,66,7909,78,226767
25432,0.000118,172.217.194.0-255,2902,10811,78,226767
25433,0.000121,172.31.40.0-255,66,10877,78,226767
25434,0.000132,172.217.194.0-255,5738,16615,78,226767
25435,0.000135,172.31.40.0-255,66,16681,78,226767
25436,0.000142,172.217.194.0-255,6797,23478,78,226767
25437,0.000145,172.31.40.0-255,66,23544,78,226767
25438,0.000909,172.217.194.0-255,1484,25028,78,226767
25439,0.000916,172.31.40.0-255,66,25094,78,226767
25440,0.000926,172.217.194.0-255,2902,27996,78,226767
25441,0.000933,172.31.40.0-255,66,28062,78,226767
25442,0.000939,172.217.194.0-255,4320,32382,78,226767
25443,0.000941,172.31.40.0-255,66,32448,78,226767
25444,0.001008,172.31.40.0-255,66,32514,78,226767
25445,0.001052,172.217.194.0-255,1484,33998,78,226767
25446,0.001055,172.31.40.0-255,66,34064,78,226767
25447,0.001061,172.217.194.0-255,2902,36966,78,226767
25448,0.001063,172.31.40.0-255,66,37032,78,226767
25449,0.001088,172.217.194.0-255,5738,42770,78,226767
25450,0.001091,172.31.40.0-255,66,42836,78,226767
25451,0.001097,172.217.194.0-255,4320,47156,78,226767
25452,0.001099,172.31.40.0-255,66,47222,78,226767
25453,0.001125,172.217.194.0-255,3154,50376,78,226767
25454,0.0012,172.217.194.0-255,1484,51860,78,226767
25455,0.001207,172.217.194.0-255,2902,54762,78,226767
25456,0.001212,172.217.194.0-255,2902,57664,78,226767
25457,0.001231,172.217.194.0-255,2902,60566,78,226767
25458,0.001238,172.217.194.0-255,6797,67363,78,226767
25459,0.001284,172.217.194.0-255,1484,68847,78,226767
25460,0.001291,172.217.194.0-255,2902,71749,78,226767
25461,0.001296,172.217.194.0-255,4320,76069,78,226767
25462,0.001307,172.217.194.0-255,1484,77553,78,226767
25463,0.001335,172.217.194.0-255,6797,84350,78,226767
25464,0.00206,172.217.194.0-255,1484,85834,78,226767
25465,0.002069,172.217.194.0-255,2902,88736,78,226767
25466,0.002077,172.217.194.0-255,5738,94474,78,226767
25467,0.002133,172.217.194.0-255,7156,101630,78,226767
25468,0.002149,172.217.194.0-255,2902,104532,78,226767
25469,0.002197,172.217.194.0-255,1484,106016,78,226767
25470,0.002213,172.217.194.0-255,2902,108918,78,226767
25471,0.002216,172.217.194.0-255,1484,110402,78,226767
25472,0.002239,172.217.194.0-255,4320,114722,78,226767
25473,0.002245,172.217.194.0-255,5738,120460,78,226767
25474,0.002267,172.217.194.0-255,7156,127616,78,226767
25475,0.002295,172.217.194.0-255,2902,130518,78,226767
25476,0.006644,172.31.40.0-255,66,130584,78,226767
25477,0.009206,172.217.194.0-255,5738,136322,78,226767
25478,0.009213,172.31.40.0-255,66,136388,78,226767
25479,0.011791,172.217.194.0-255,5738,142126,78,226767
25480,0.011801,172.31.40.0-255,66,142192,78,226767
25481,0.014384,172.217.194.0-255,5738,147930,78,226767
25482,0.014393,172.31.40.0-255,66,147996,78,226767
25483,0.016972,172.217.194.0-255,5738,153734,78,226767
25484,0.016982,172.31.40.0-255,66,153800,78,226767
25485,0.019555,172.217.194.0-255,5738,159538,78,226767
25486,0.019564,172.31.40.0-255,66,159604,78,226767
25487,0.022135,172.217.194.0-255,5738,165342,78,226767
25488,0.022142,172.31.40.0-255,66,165408,78,226767
25489,0.024722,172.217.194.0-255,5738,171146,78,226767
25490,0.024732,172.31.40.0-255,66,171212,78,226767
25491,0.027281,172.217.194.0-255,5738,176950,78,226767
25492,0.027294,172.31.40.0-255,66,177016,78,226767
25493,0.02863,172.31.40.0-255,167,177183,78,226767
25494,0.02866,172.31.40.0-255,1109,178292,78,226767
25495,0.02872,172.31.40.0-255,1514,179806,78,226767
25496,0.028722,172.31.40.0-255,331,180137,78,226767
25497,0.029887,172.217.194.0-255,5738,185875,78,226767
25498,0.029897,172.31.40.0-255,66,185941,78,226767
25499,0.03017,104.244.42.0-255,66,186007,78,226767
25500,0.030196,104.244.42.0-255,66,186073,78,226767
25501,0.030284,104.244.42.0-255,66,186139,78,226767
25502,0.032493,172.217.194.0-255,5738,191877,78,226767
25503,0.032513,172.31.40.0-255,66,191943,78,226767
25504,0.035091,172.217.194.0-255,5738,197681,78,226767
25505,0.035108,172.31.40.0-255,66,197747,78,226767
25506,0.03769,172.217.194.0-255,5738,203485,78,226767
25507,0.037713,172.31.40.0-255,66,203551,78,226767
25508,0.040296,172.217.194.0-255,5738,209289,78,226767
25509,0.040315,172.31.40.0-255,66,209355,78,226767
25510,0.042904,172.217.194.0-255,5738,215093,78,226767
25511,0.042924,172.31.40.0-255,66,215159,78,226767
25512,0.045481,172.217.194.0-255,5738,220897,78,226767
25513,0.045494,172.31.40.0-255,66,220963,78,226767
25514,0.048109,172.217.194.0-255,5738,226701,78,226767
25515,0.048128,172.31.40.0-255,66,226767,78,226767
25516,0.0,74.125.24.0-255,153,153,78,123093
25517,2.1e-05,172.31.40.0-255,66,219,78,123093
25518,2.8e-05,74.125.24.0-255,1484,1703,78,123093
25519,3.2e-05,172.31.40.0-255,66,1769,78,123093
25520,4.6e-05,74.125.24.0-255,2902,4671,78,123093
25521,4.9e-05,172.31.40.0-255,66,4737,78,123093
25522,8.2e-05,74.125.24.0-255,5738,10475,78,123093
25523,8.9e-05,172.31.40.0-255,66,10541,78,123093
25524,0.000186,74.125.24.0-255,2902,13443,78,123093
25525,0.000194,172.31.40.0-255,66,13509,78,123093
25526,0.00021,172.31.40.0-255,66,13575,78,123093
25527,0.000348,74.125.24.0-255,7156,20731,78,123093
25528,0.000353,172.31.40.0-255,66,20797,78,123093
25529,0.000469,74.125.24.0-255,4320,25117,78,123093
25530,0.000473,172.31.40.0-255,66,25183,78,123093
25531,0.000519,172.31.40.0-255,66,25249,78,123093
25532,0.000797,172.31.40.0-255,66,25315,78,123093
25533,0.000838,172.31.40.0-255,66,25381,78,123093
25534,0.001078,74.125.24.0-255,7156,32537,78,123093
25535,0.001083,172.31.40.0-255,66,32603,78,123093
25536,0.001127,172.31.40.0-255,66,32669,78,123093
25537,0.001381,172.31.40.0-255,66,32735,78,123093
25538,0.001427,172.31.40.0-255,66,32801,78,123093
25539,0.001462,172.31.40.0-255,66,32867,78,123093
25540,0.001997,74.125.24.0-255,1484,34351,78,123093
25541,0.002305,74.125.24.0-255,1484,35835,78,123093
25542,0.002363,74.125.24.0-255,2902,38737,78,123093
25543,0.003306,74.125.24.0-255,5738,44475,78,123093
25544,0.006562,172.31.40.0-255,66,44541,78,123093
25545,0.008866,74.125.24.0-255,5738,50279,78,123093
25546,0.008872,172.31.40.0-255,66,50345,78,123093
25547,0.011203,74.125.24.0-255,5738,56083,78,123093
25548,0.02137,172.31.40.0-255,66,56149,78,123093
25549,0.021424,74.125.24.0-255,1484,57633,78,123093
25550,0.023724,74.125.24.0-255,4320,61953,78,123093
25551,0.023736,172.31.40.0-255,66,62019,78,123093
25552,0.026072,74.125.24.0-255,5738,67757,78,123093
25553,0.026117,172.31.40.0-255,66,67823,78,123093
25554,0.028441,74.125.24.0-255,5738,73561,78,123093
25555,0.02846,172.31.40.0-255,66,73627,78,123093
25556,0.030765,74.125.24.0-255,5738,79365,78,123093
25557,0.030772,172.31.40.0-255,66,79431,78,123093
25558,0.033064,74.125.24.0-255,4320,83751,78,123093
25559,0.033072,172.31.40.0-255,66,83817,78,123093
25560,0.033103,74.125.24.0-255,1484,85301,78,123093
25561,0.035365,74.125.24.0-255,2902,88203,78,123093
25562,0.035372,172.31.40.0-255,66,88269,78,123093
25563,0.035399,74.125.24.0-255,1484,89753,78,123093
25564,0.037749,74.125.24.0-255,4320,94073,78,123093
25565,0.037838,172.31.40.0-255,66,94139,78,123093
25566,0.040176,74.125.24.0-255,5738,99877,78,123093
25567,0.040221,172.31.40.0-255,66,99943,78,123093
25568,0.042542,74.125.24.0-255,5738,105681,78,123093
25569,0.042555,172.31.40.0-255,66,105747,78,123093
25570,0.044891,74.125.24.0-255,5738,111485,78,123093
25571,0.044898,172.31.40.0-255,66,111551,78,123093
25572,0.047232,74.125.24.0-255,5738,117289,78,123093
25573,0.04724,172.31.40.0-255,66,117355,78,123093
25574,0.049579,74.125.24.0-255,5738,123093,78,123093
25575,0.0,74.125.68.0-255,153,153,78,330415
25576,2.5e-05,172.31.40.0-255,66,219,78,330415
25577,3.2e-05,74.125.68.0-255,1484,1703,78,330415
25578,3.6e-05,172.31.40.0-255,66,1769,78,330415
25579,4.9e-05,74.125.68.0-255,2902,4671,78,330415
25580,5.3e-05,172.31.40.0-255,66,4737,78,330415
25581,5.6e-05,74.125.68.0-255,1484,6221,78,330415
25582,5.8e-05,172.31.40.0-255,66,6287,78,330415
25583,6.4e-05,74.125.68.0-255,2902,9189,78,330415
25584,6.7e-05,172.31.40.0-255,66,9255,78,330415
25585,0.000108,74.125.68.0-255,6252,15507,78,330415
25586,0.000112,172.31.40.0-255,66,15573,78,330415
25587,0.00012,74.125.68.0-255,7156,22729,78,330415
25588,0.000122,172.31.40.0-255,66,22795,78,330415
25589,0.000153,74.125.68.0-255,7156,29951,78,330415
25590,0.000156,172.31.40.0-255,66,30017,78,330415
25591,0.000173,74.125.68.0-255,1125,31142,78,330415
25592,0.000175,172.31.40.0-255,66,31208,78,330415
25593,0.000257,74.125.68.0-255,1484,32692,78,330415
25594,0.00026,172.31.40.0-255,66,32758,78,330415
25595,0.000265,74.125.68.0-255,2902,35660,78,330415
25596,0.000267,172.31.40.0-255,66,35726,78,330415
25597,0.000296,74.125.68.0-255,5738,41464,78,330415
25598,0.000299,172.31.40.0-255,66,41530,78,330415
25599,0.000306,74.125.68.0-255,5738,47268,78,330415
25600,0.000308,172.31.40.0-255,66,47334,78,330415
25601,0.000339,74.125.68.0-255,6797,54131,78,330415
25602,0.000342,172.31.40.0-255,66,54197,78,330415
25603,0.000345,74.125.68.0-255,1484,55681,78,330415
25604,0.000347,172.31.40.0-255,66,55747,78,330415
25605,0.000378,74.125.68.0-255,7156,62903,78,330415
25606,0.000381,172.31.40.0-255,66,62969,78,330415
25607,0.000412,74.125.68.0-255,2857,65826,78,330415
25608,0.000415,172.31.40.0-255,66,65892,78,330415
25609,0.000479,74.125.68.0-255,109,66001,78,330415
25610,0.000591,74.125.68.0-255,1484,67485,78,330415
25611,0.000595,172.31.40.0-255,66,67551,78,330415
25612,0.00061,74.125.68.0-255,1484,69035,78,330415
25613,0.000631,74.125.68.0-255,1484,70519,78,330415
25614,0.000634,172.31.40.0-255,66,70585,78,330415
25615,0.00064,74.125.68.0-255,4320,74905,78,330415
25616,0.000642,172.31.40.0-255,66,74971,78,330415
25617,0.000669,74.125.68.0-255,1484,76455,78,330415
25618,0.000674,74.125.68.0-255,2902,79357,78,330415
25619,0.000677,172.31.40.0-255,66,79423,78,330415
25620,0.000682,74.125.68.0-255,3961,83384,78,330415
25621,0.000684,172.31.40.0-255,66,83450,78,330415
25622,0.000687,74.125.68.0-255,328,83778,78,330415
25623,0.000834,74.125.68.0-255,1484,85262,78,330415
25624,0.000839,172.31.40.0-255,66,85328,78,330415
25625,0.000843,74.125.68.0-255,1484,86812,78,330415
25626,0.000865,74.125.68.0-255,1484,88296,78,330415
25627,0.000868,172.31.40.0-255,66,88362,78,330415
25628,0.000871,74.125.68.0-255,1484,89846,78,330415
25629,0.000876,74.125.68.0-255,2902,92748,78,330415
25630,0.000879,172.31.40.0-255,66,92814,78,330415
25631,0.000914,74.125.68.0-255,5738,98552,78,330415
25632,0.000917,172.31.40.0-255,66,98618,78,330415
25633,0.000923,74.125.68.0-255,4320,102938,78,330415
25634,0.000925,172.31.40.0-255,66,103004,78,330415
25635,0.000935,74.125.68.0-255,4320,107324,78,330415
25636,0.000938,172.31.40.0-255,66,107390,78,330415
25637,0.000963,74.125.68.0-255,1484,108874,78,330415
25638,0.000976,172.31.40.0-255,66,108940,78,330415
25639,0.001025,172.31.40.0-255,66,109006,78,330415
25640,0.00107,74.125.68.0-255,6797,115803,78,330415
25641,0.001076,172.31.40.0-255,66,115869,78,330415
25642,0.001178,74.125.68.0-255,1484,117353,78,330415
25643,0.001194,74.125.68.0-255,2902,120255,78,330415
25644,0.001197,172.31.40.0-255,66,120321,78,330415
25645,0.001227,74.125.68.0-255,5738,126059,78,330415
25646,0.00123,172.31.40.0-255,66,126125,78,330415
25647,0.001286,74.125.68.0-255,7156,133281,78,330415
25648,0.001289,172.31.40.0-255,66,133347,78,330415
25649,0.001296,74.125.68.0-255,5738,139085,78,330415
25650,0.001298,172.31.40.0-255,66,139151,78,330415
25651,0.001305,74.125.68.0-255,7156,146307,78,330415
25652,0.001308,172.31.40.0-255,66,146373,78,330415
25653,0.00131,74.125.68.0-255,1484,147857,78,330415
25654,0.001333,74.125.68.0-255,2184,150041,78,330415
25655,0.001337,172.31.40.0-255,66,150107,78,330415
25656,0.001576,74.125.68.0-255,1484,151591,78,330415
25657,0.00158,74.125.68.0-255,1484,153075,78,330415
25658,0.001583,172.31.40.0-255,66,153141,78,330415
25659,0.001614,74.125.68.0-255,1484,154625,78,330415
25660,0.00162,74.125.68.0-255,5738,160363,78,330415
25661,0.001622,74.125.68.0-255,1484,161847,78,330415
25662,0.001625,74.125.68.0-255,1484,163331,78,330415
25663,0.001628,172.31.40.0-255,66,163397,78,330415
25664,0.001632,172.31.40.0-255,66,163463,78,330415
25665,0.001654,74.125.68.0-255,1484,164947,78,330415
25666,0.00166,74.125.68.0-255,5738,170685,78,330415
25667,0.001663,172.31.40.0-255,66,170751,78,330415
25668,0.001666,74.125.68.0-255,1484,172235,78,330415
25669,0.001691,74.125.68.0-255,2902,175137,78,330415
25670,0.001696,172.31.40.0-255,66,175203,78,330415
25671,0.001707,74.125.68.0-255,2902,178105,78,330415
25672,0.001711,172.31.40.0-255,66,178171,78,330415
25673,0.001735,74.125.68.0-255,2902,181073,78,330415
25674,0.001738,172.31.40.0-255,66,181139,78,330415
25675,0.00174,74.125.68.0-255,1484,182623,78,330415
25676,0.001745,74.125.68.0-255,2184,184807,78,330415
25677,0.001747,172.31.40.0-255,66,184873,78,330415
25678,0.001839,74.125.68.0-255,1484,186357,78,330415
25679,0.001853,74.125.68.0-255,2902,189259,78,330415
25680,0.001857,172.31.40.0-255,66,189325,78,330415
25681,0.001882,74.125.68.0-255,2902,192227,78,330415
25682,0.001884,172.31.40.0-255,66,192293,78,330415
25683,0.001912,74.125.68.0-255,4320,196613,78,330415
25684,0.001915,172.31.40.0-255,66,196679,78,330415
25685,0.001947,172.31.40.0-255,66,196745,78,330415
25686,0.001987,172.31.40.0-255,66,196811,78,330415
25687,0.001992,74.125.68.0-255,3602,200413,78,330415
25688,0.001993,172.31.40.0-255,66,200479,78,330415
25689,0.002073,74.125.68.0-255,1484,201963,78,330415
25690,0.004063,74.125.68.0-255,4320,206283,78,330415
25691,0.00407,172.31.40.0-255,66,206349,78,330415
25692,0.006143,74.125.68.0-255,2902,209251,78,330415
25693,0.006145,172.31.40.0-255,66,209317,78,330415
25694,0.00617,74.125.68.0-255,2902,212219,78,330415
25695,0.006172,172.31.40.0-255,66,212285,78,330415
25696,0.008239,74.125.68.0-255,2902,215187,78,330415
25697,0.008247,172.31.40.0-255,66,215253,78,330415
25698,0.008252,74.125.68.0-255,2902,218155,78,330415
25699,0.008254,172.31.40.0-255,66,218221,78,330415
25700,0.01032,74.125.68.0-255,5738,223959,78,330415
25701,0.010327,172.31.40.0-255,66,224025,78,330415
25702,0.012387,74.125.68.0-255,4320,228345,78,330415
25703,0.012394,172.31.40.0-255,66,228411,78,330415
25704,0.012426,74.125.68.0-255,1484,229895,78,330415
25705,0.014462,74.125.68.0-255,4320,234215,78,330415
25706,0.014467,172.31.40.0-255,66,234281,78,330415
25707,0.016528,74.125.68.0-255,5738,240019,78,330415
25708,0.016534,172.31.40.0-255,66,240085,78,330415
25709,0.0186,74.125.68.0-255,4320,244405,78,330415
25710,0.018606,172.31.40.0-255,66,244471,78,330415
25711,0.018629,74.125.68.0-255,1484,245955,78,330415
25712,0.020669,74.125.68.0-255,4320,250275,78,330415
25713,0.020676,172.31.40.0-255,66,250341,78,330415
25714,0.022763,74.125.68.0-255,2902,253243,78,330415
25715,0.022768,172.31.40.0-255,66,253309,78,330415
25716,0.022794,74.125.68.0-255,2902,256211,78,330415
25717,0.022797,172.31.40.0-255,66,256277,78,330415
25718,0.024847,74.125.68.0-255,4320,260597,78,330415
25719,0.024854,172.31.40.0-255,66,260663,78,330415
25720,0.024889,74.125.68.0-255,1484,262147,78,330415
25721,0.026921,74.125.68.0-255,4320,266467,78,330415
25722,0.026927,172.31.40.0-255,66,266533,78,330415
25723,0.029,74.125.68.0-255,5738,272271,78,330415
25724,0.029008,172.31.40.0-255,66,272337,78,330415
25725,0.031079,74.125.68.0-255,4320,276657,78,330415
25726,0.031088,172.31.40.0-255,66,276723,78,330415
25727,0.031119,74.125.68.0-255,1484,278207,78,330415
25728,0.033159,74.125.68.0-255,4320,282527,78,330415
25729,0.033168,172.31.40.0-255,66,282593,78,330415
25730,0.035266,74.125.68.0-255,4320,286913,78,330415
25731,0.035278,172.31.40.0-255,66,286979,78,330415
25732,0.035308,74.125.68.0-255,1484,288463,78,330415
25733,0.037331,74.125.68.0-255,4320,292783,78,330415
25734,0.037338,172.31.40.0-255,66,292849,78,330415
25735,0.03944,74.125.68.0-255,4320,297169,78,330415
25736,0.039447,172.31.40.0-255,66,297235,78,330415
25737,0.039463,74.125.68.0-255,1484,298719,78,330415
25738,0.041519,74.125.68.0-255,4320,303039,78,330415
25739,0.041526,172.31.40.0-255,66,303105,78,330415
25740,0.043588,74.125.68.0-255,5738,308843,78,330415
25741,0.043594,172.31.40.0-255,66,308909,78,330415
25742,0.045662,74.125.68.0-255,4320,313229,78,330415
25743,0.045668,172.31.40.0-255,66,313295,78,330415
25744,0.045695,74.125.68.0-255,1484,314779,78,330415
25745,0.046315,172.31.40.0-255,172,314951,78,330415
25746,0.04634,172.31.40.0-255,1107,316058,78,330415
25747,0.046396,172.31.40.0-255,1514,317572,78,330415
25748,0.046397,172.31.40.0-255,1514,319086,78,330415
25749,0.046421,172.31.40.0-255,701,319787,78,330415
25750,0.047736,74.125.68.0-255,4320,324107,78,330415
25751,0.047741,172.31.40.0-255,66,324173,78,330415
25752,0.047859,104.244.42.0-255,66,324239,78,330415
25753,0.047873,104.244.42.0-255,66,324305,78,330415
25754,0.047929,104.244.42.0-255,66,324371,78,330415
25755,0.047944,104.244.42.0-255,66,324437,78,330415
25756,0.049361,104.244.42.0-255,108,324545,78,330415
25757,0.049369,172.31.40.0-255,66,324611,78,330415
25758,0.049807,74.125.68.0-255,5738,330349,78,330415
25759,0.049811,172.31.40.0-255,66,330415,78,330415
25760,0.0,74.125.200.0-255,293,293,78,279370
25761,2.5e-05,172.31.40.0-255,66,359,78,279370
25762,3.2e-05,74.125.200.0-255,1484,1843,78,279370
25763,3.6e-05,172.31.40.0-255,66,1909,78,279370
25764,5e-05,74.125.200.0-255,4320,6229,78,279370
25765,5.4e-05,172.31.40.0-255,66,6295,78,279370
25766,6e-05,74.125.200.0-255,5738,12033,78,279370
25767,6.3e-05,172.31.40.0-255,66,12099,78,279370
25768,8.4e-05,74.125.200.0-255,1902,14001,78,279370
25769,8.7e-05,172.31.40.0-255,66,14067,78,279370
25770,0.000153,74.125.200.0-255,1484,15551,78,279370
25771,0.000156,172.31.40.0-255,66,15617,78,279370
25772,0.000181,74.125.200.0-255,2902,18519,78,279370
25773,0.000184,172.31.40.0-255,66,18585,78,279370
25774,0.000187,74.125.200.0-255,1484,20069,78,279370
25775,0.000189,172.31.40.0-255,66,20135,78,279370
25776,0.0002,74.125.200.0-255,2902,23037,78,279370
25777,0.000203,172.31.40.0-255,66,23103,78,279370
25778,0.000258,74.125.200.0-255,5738,28841,78,279370
25779,0.000261,172.31.40.0-255,66,28907,78,279370
25780,0.000267,74.125.200.0-255,2543,31450,78,279370
25781,0.000269,172.31.40.0-255,66,31516,78,279370
25782,0.000332,74.125.200.0-255,1484,33000,78,279370
25783,0.000336,172.31.40.0-255,66,33066,78,279370
25784,0.000339,74.125.200.0-255,1484,34550,78,279370
25785,0.000341,172.31.40.0-255,66,34616,78,279370
25786,0.000359,74.125.200.0-255,2902,37518,78,279370
25787,0.000363,172.31.40.0-255,66,37584,78,279370
25788,0.000369,74.125.200.0-255,5738,43322,78,279370
25789,0.000375,172.31.40.0-255,66,43388,78,279370
25790,0.00045,172.31.40.0-255,66,43454,78,279370
25791,0.000462,172.31.40.0-255,66,43520,78,279370
25792,0.000466,74.125.200.0-255,2853,46373,78,279370
25793,0.000468,172.31.40.0-255,66,46439,78,279370
25794,0.000493,74.125.200.0-255,377,46816,78,279370
25795,0.00082,74.125.200.0-255,1484,48300,78,279370
25796,0.000827,172.31.40.0-255,66,48366,78,279370
25797,0.000833,74.125.200.0-255,2902,51268,78,279370
25798,0.000836,172.31.40.0-255,66,51334,78,279370
25799,0.000848,74.125.200.0-255,5738,57072,78,279370
25800,0.00085,172.31.40.0-255,66,57138,78,279370
25801,0.000881,74.125.200.0-255,4320,61458,78,279370
25802,0.000884,172.31.40.0-255,66,61524,78,279370
25803,0.000937,74.125.200.0-255,2902,64426,78,279370
25804,0.00094,172.31.40.0-255,66,64492,78,279370
25805,0.000968,74.125.200.0-255,2902,67394,78,279370
25806,0.000971,172.31.40.0-255,66,67460,78,279370
25807,0.000978,74.125.200.0-255,7156,74616,78,279370
25808,0.00098,172.31.40.0-255,66,74682,78,279370
25809,0.000984,74.125.200.0-255,2902,77584,78,279370
25810,0.000987,172.31.40.0-255,66,77650,78,279370
25811,0.001021,74.125.200.0-255,3602,81252,78,279370
25812,0.001024,172.31.40.0-255,66,81318,78,279370
25813,0.00108,74.125.200.0-255,1484,82802,78,279370
25814,0.001103,74.125.200.0-255,2902,85704,78,279370
25815,0.001123,74.125.200.0-255,4320,90024,78,279370
25816,0.001132,172.31.40.0-255,66,90090,78,279370
25817,0.001142,74.125.200.0-255,1484,91574,78,279370
25818,0.001162,74.125.200.0-255,2902,94476,78,279370
25819,0.001193,172.31.40.0-255,66,94542,78,279370
25820,0.001219,172.31.40.0-255,66,94608,78,279370
25821,0.001223,74.125.200.0-255,2184,96792,78,279370
25822,0.001247,172.31.40.0-255,66,96858,78,279370
25823,0.001499,74.125.200.0-255,1484,98342,78,279370
25824,0.001516,74.125.200.0-255,2902,101244,78,279370
25825,0.001519,172.31.40.0-255,66,101310,78,279370
25826,0.001527,74.125.200.0-255,4320,105630,78,279370
25827,0.001529,172.31.40.0-255,66,105696,78,279370
25828,0.001548,74.125.200.0-255,1484,107180,78,279370
25829,0.001553,74.125.200.0-255,2902,110082,78,279370
25830,0.001557,74.125.200.0-255,2902,112984,78,279370
25831,0.001579,172.31.40.0-255,66,113050,78,279370
25832,0.001587,74.125.200.0-255,7156,120206,78,279370
25833,0.001589,74.125.200.0-255,1484,121690,78,279370
25834,0.001595,172.31.40.0-255,66,121756,78,279370
25835,0.001628,74.125.200.0-255,1484,123240,78,279370
25836,0.001646,74.125.200.0-255,1484,124724,78,279370
25837,0.00165,172.31.40.0-255,66,124790,78,279370
25838,0.001694,74.125.200.0-255,1484,126274,78,279370
25839,0.001698,74.125.200.0-255,1484,127758,78,279370
25840,0.001702,172.31.40.0-255,66,127824,78,279370
25841,0.001713,74.125.200.0-255,1484,129308,78,279370
25842,0.00175,74.125.200.0-255,2184,131492,78,279370
25843,0.001766,172.31.40.0-255,66,131558,78,279370
25844,0.002014,74.125.200.0-255,1484,133042,78,279370
25845,0.002035,74.125.200.0-255,2902,135944,78,279370
25846,0.002039,172.31.40.0-255,66,136010,78,279370
25847,0.002046,74.125.200.0-255,5738,141748,78,279370
25848,0.002048,172.31.40.0-255,66,141814,78,279370
25849,0.002053,74.125.200.0-255,2902,144716,78,279370
25850,0.002055,172.31.40.0-255,66,144782,78,279370
25851,0.002067,74.125.200.0-255,4320,149102,78,279370
25852,0.002069,172.31.40.0-255,66,149168,78,279370
25853,0.002117,74.125.200.0-255,2902,152070,78,279370
25854,0.002122,74.125.200.0-255,4320,156390,78,279370
25855,0.002139,74.125.200.0-255,766,157156,78,279370
25856,0.002146,172.31.40.0-255,66,157222,78,279370
25857,0.002267,74.125.200.0-255,1484,158706,78,279370
25858,0.002271,74.125.200.0-255,1484,160190,78,279370
25859,0.002287,74.125.200.0-255,1484,161674,78,279370
25860,0.00229,74.125.200.0-255,1484,163158,78,279370
25861,0.002293,172.31.40.0-255,66,163224,78,279370
25862,0.002305,172.31.40.0-255,66,163290,78,279370
25863,0.004559,74.125.200.0-255,5738,169028,78,279370
25864,0.004567,172.31.40.0-255,66,169094,78,279370
25865,0.006827,74.125.200.0-255,5738,174832,78,279370
25866,0.006831,172.31.40.0-255,66,174898,78,279370
25867,0.009135,74.125.200.0-255,5738,180636,78,279370
25868,0.009141,172.31.40.0-255,66,180702,78,279370
25869,0.011424,74.125.200.0-255,5738,186440,78,279370
25870,0.011443,172.31.40.0-255,66,186506,78,279370
25871,0.013722,74.125.200.0-255,5738,192244,78,279370
25872,0.013734,172.31.40.0-255,66,192310,78,279370
25873,0.016021,74.125.200.0-255,5738,198048,78,279370
25874,0.016035,172.31.40.0-255,66,198114,78,279370
25875,0.018314,74.125.200.0-255,5738,203852,78,279370
25876,0.018329,172.31.40.0-255,66,203918,78,279370
25877,0.020606,74.125.200.0-255,5738,209656,78,279370
25878,0.020613,172.31.40.0-255,66,209722,78,279370
25879,0.022882,74.125.200.0-255,5738,215460,78,279370
25880,0.02289,172.31.40.0-255,66,215526,78,279370
25881,0.025173,74.125.200.0-255,5738,221264,78,279370
25882,0.025189,172.31.40.0-255,66,221330,78,279370
25883,0.027463,74.125.200.0-255,5738,227068,78,279370
25884,0.027471,172.31.40.0-255,66,227134,78,279370
25885,0.029737,74.125.200.0-255,5738,232872,78,279370
25886,0.029744,172.31.40.0-255,66,232938,78,279370
25887,0.032037,74.125.200.0-255,5738,238676,78,279370
25888,0.032053,172.31.40.0-255,66,238742,78,279370
25889,0.034323,74.125.200.0-255,5738,244480,78,279370
25890,0.03433,172.31.40.0-255,66,244546,78,279370
25891,0.036591,74.125.200.0-255,5738,250284,78,279370
25892,0.036599,172.31.40.0-255,66,250350,78,279370
25893,0.038893,74.125.200.0-255,5738,256088,78,279370
25894,0.038911,172.31.40.0-255,66,256154,78,279370
25895,0.041184,74.125.200.0-255,5738,261892,78,279370
25896,0.041191,172.31.40.0-255,66,261958,78,279370
25897,0.04346,74.125.200.0-255,5738,267696,78,279370
25898,0.043466,172.31.40.0-255,66,267762,78,279370
25899,0.045759,74.125.200.0-255,5738,273500,78,279370
25900,0.045778,172.31.40.0-255,66,273566,78,279370
25901,0.04806,74.125.200.0-255,5738,279304,78,279370
25902,0.048071,172.31.40.0-255,66,279370,78,279370
25903,0.0,74.125.68.0-255,152,152,78,271032
25904,1.7e-05,172.31.40.0-255,66,218,78,271032
25905,2.4e-05,74.125.68.0-255,1484,1702,78,271032
25906,2.8e-05,172.31.40.0-255,66,1768,78,271032
25907,3.1e-05,74.125.68.0-255,1484,3252,78,271032
25908,3.6e-05,172.31.40.0-255,66,3318,78,271032
25909,4.2e-05,74.125.68.0-255,2902,6220,78,271032
25910,4.7e-05,172.31.40.0-255,66,6286,78,271032
25911,5e-05,74.125.68.0-255,1484,7770,78,271032
25912,5.3e-05,172.31.40.0-255,66,7836,78,271032
25913,8e-05,74.125.68.0-255,4320,12156,78,271032
25914,8.3e-05,172.31.40.0-255,66,12222,78,271032
25915,8.8e-05,74.125.68.0-255,3454,15676,78,271032
25916,9.1e-05,172.31.40.0-255,66,15742,78,271032
25917,9.7e-05,74.125.68.0-255,4320,20062,78,271032
25918,9.9e-05,172.31.40.0-255,66,20128,78,271032
25919,0.000118,74.125.68.0-255,2902,23030,78,271032
25920,0.00012,172.31.40.0-255,66,23096,78,271032
25921,0.000147,74.125.68.0-255,7156,30252,78,271032
25922,0.000149,172.31.40.0-255,66,30318,78,271032
25923,0.000152,74.125.68.0-255,1125,31443,78,271032
25924,0.000154,172.31.40.0-255,66,31509,78,271032
25925,0.000392,74.125.68.0-255,1484,32993,78,271032
25926,0.000397,172.31.40.0-255,66,33059,78,271032
25927,0.000403,74.125.68.0-255,2902,35961,78,271032
25928,0.000406,172.31.40.0-255,66,36027,78,271032
25929,0.000422,74.125.68.0-255,4320,40347,78,271032
25930,0.000425,172.31.40.0-255,66,40413,78,271032
25931,0.000438,74.125.68.0-255,1484,41897,78,271032
25932,0.000441,172.31.40.0-255,66,41963,78,271032
25933,0.000446,74.125.68.0-255,4320,46283,78,271032
25934,0.000449,172.31.40.0-255,66,46349,78,271032
25935,0.000455,74.125.68.0-255,5379,51728,78,271032
25936,0.000466,172.31.40.0-255,66,51794,78,271032
25937,0.000481,74.125.68.0-255,4320,56114,78,271032
25938,0.000485,172.31.40.0-255,66,56180,78,271032
25939,0.000513,74.125.68.0-255,7156,63336,78,271032
25940,0.000527,172.31.40.0-255,66,63402,78,271032
25941,0.000567,74.125.68.0-255,2543,65945,78,271032
25942,0.000587,172.31.40.0-255,66,66011,78,271032
25943,0.000922,74.125.68.0-255,646,66657,78,271032
25944,0.000993,172.31.40.0-255,66,66723,78,271032
25945,0.001035,74.125.68.0-255,1484,68207,78,271032
25946,0.001038,74.125.68.0-255,1484,69691,78,271032
25947,0.00105,74.125.68.0-255,1484,71175,78,271032
25948,0.001059,74.125.68.0-255,1484,72659,78,271032
25949,0.001079,74.125.68.0-255,4320,76979,78,271032
25950,0.001085,172.31.40.0-255,66,77045,78,271032
25951,0.001099,74.125.68.0-255,6797,83842,78,271032
25952,0.001118,74.125.68.0-255,7156,90998,78,271032
25953,0.001128,172.31.40.0-255,66,91064,78,271032
25954,0.001138,74.125.68.0-255,1484,92548,78,271032
25955,0.001171,172.31.40.0-255,66,92614,78,271032
25956,0.001385,74.125.68.0-255,1484,94098,78,271032
25957,0.001398,74.125.68.0-255,2902,97000,78,271032
25958,0.001402,172.31.40.0-255,66,97066,78,271032
25959,0.001423,74.125.68.0-255,4320,101386,78,271032
25960,0.001429,172.31.40.0-255,66,101452,78,271032
25961,0.001436,74.125.68.0-255,1484,102936,78,271032
25962,0.001442,74.125.68.0-255,5738,108674,78,271032
25963,0.001452,172.31.40.0-255,66,108740,78,271032
25964,0.001457,74.125.68.0-255,2902,111642,78,271032
25965,0.001473,74.125.68.0-255,4320,115962,78,271032
25966,0.001488,74.125.68.0-255,1484,117446,78,271032
25967,0.001501,74.125.68.0-255,2902,120348,78,271032
25968,0.001504,172.31.40.0-255,66,120414,78,271032
25969,0.001514,74.125.68.0-255,2902,123316,78,271032
25970,0.001516,172.31.40.0-255,66,123382,78,271032
25971,0.001526,74.125.68.0-255,2902,126284,78,271032
25972,0.001529,74.125.68.0-255,766,127050,78,271032
25973,0.001559,172.31.40.0-255,66,127116,78,271032
25974,0.001976,74.125.68.0-255,1484,128600,78,271032
25975,0.001985,74.125.68.0-255,2902,131502,78,271032
25976,0.00199,172.31.40.0-255,66,131568,78,271032
25977,0.001996,74.125.68.0-255,2902,134470,78,271032
25978,0.001999,74.125.68.0-255,1484,135954,78,271032
25979,0.002014,74.125.68.0-255,2902,138856,78,271032
25980,0.002029,74.125.68.0-255,4320,143176,78,271032
25981,0.002051,74.125.68.0-255,4320,147496,78,271032
25982,0.002058,74.125.68.0-255,5738,153234,78,271032
25983,0.002082,74.125.68.0-255,5738,158972,78,271032
25984,0.002096,74.125.68.0-255,1484,160456,78,271032
25985,0.002099,74.125.68.0-255,766,161222,78,271032
25986,0.008246,172.31.40.0-255,66,161288,78,271032
25987,0.010566,74.125.68.0-255,5738,167026,78,271032
25988,0.010576,172.31.40.0-255,66,167092,78,271032
25989,0.012848,74.125.68.0-255,5738,172830,78,271032
25990,0.01308,172.31.40.0-255,66,172896,78,271032
25991,0.015368,74.125.68.0-255,5738,178634,78,271032
25992,0.015378,172.31.40.0-255,66,178700,78,271032
25993,0.017663,74.125.68.0-255,5738,184438,78,271032
25994,0.017671,172.31.40.0-255,66,184504,78,271032
25995,0.019949,74.125.68.0-255,5738,190242,78,271032
25996,0.019956,172.31.40.0-255,66,190308,78,271032
25997,0.022239,74.125.68.0-255,5738,196046,78,271032
25998,0.022246,172.31.40.0-255,66,196112,78,271032
25999,0.024519,74.125.68.0-255,5738,201850,78,271032
26000,0.024526,172.31.40.0-255,66,201916,78,271032
26001,0.026836,74.125.68.0-255,5738,207654,78,271032
26002,0.026844,172.31.40.0-255,66,207720,78,271032
26003,0.029128,74.125.68.0-255,5738,213458,78,271032
26004,0.029133,172.31.40.0-255,66,213524,78,271032
26005,0.030117,172.31.40.0-255,172,213696,78,271032
26006,0.030161,172.31.40.0-255,1107,214803,78,271032
26007,0.030247,172.31.40.0-255,1514,216317,78,271032
26008,0.030249,172.31.40.0-255,1514,217831,78,271032
26009,0.030276,172.31.40.0-255,701,218532,78,271032
26010,0.031431,74.125.68.0-255,5738,224270,78,271032
26011,0.031437,172.31.40.0-255,66,224336,78,271032
26012,0.031665,104.244.42.0-255,66,224402,78,271032
26013,0.031711,104.244.42.0-255,66,224468,78,271032
26014,0.031807,104.244.42.0-255,66,224534,78,271032
26015,0.031813,104.244.42.0-255,66,224600,78,271032
26016,0.033717,74.125.68.0-255,5738,230338,78,271032
26017,0.033722,172.31.40.0-255,66,230404,78,271032
26018,0.036003,74.125.68.0-255,5738,236142,78,271032
26019,0.036008,172.31.40.0-255,66,236208,78,271032
26020,0.038304,74.125.68.0-255,5738,241946,78,271032
26021,0.038311,172.31.40.0-255,66,242012,78,271032
26022,0.040615,74.125.68.0-255,5738,247750,78,271032
26023,0.040621,172.31.40.0-255,66,247816,78,271032
26024,0.042917,74.125.68.0-255,5738,253554,78,271032
26025,0.042923,172.31.40.0-255,66,253620,78,271032
26026,0.045202,74.125.68.0-255,5738,259358,78,271032
26027,0.045208,172.31.40.0-255,66,259424,78,271032
26028,0.047507,74.125.68.0-255,5738,265162,78,271032
26029,0.047514,172.31.40.0-255,66,265228,78,271032
26030,0.049816,74.125.68.0-255,5738,270966,78,271032
26031,0.049823,172.31.40.0-255,66,271032,78,271032
26032,0.0,172.31.40.0-255,66,66,78,66
26033,0.0,74.125.24.0-255,152,152,78,230113
26034,2.1e-05,172.31.40.0-255,66,218,78,230113
26035,2.8e-05,74.125.24.0-255,1484,1702,78,230113
26036,3.2e-05,172.31.40.0-255,66,1768,78,230113
26037,3.6e-05,74.125.24.0-255,1484,3252,78,230113
26038,3.8e-05,172.31.40.0-255,66,3318,78,230113
26039,6.4e-05,74.125.24.0-255,1484,4802,78,230113
26040,6.6e-05,172.31.40.0-255,66,4868,78,230113
26041,7.7e-05,74.125.24.0-255,5738,10606,78,230113
26042,7.9e-05,172.31.40.0-255,66,10672,78,230113
26043,8.3e-05,74.125.24.0-255,2902,13574,78,230113
26044,8.4e-05,172.31.40.0-255,66,13640,78,230113
26045,0.000111,172.31.40.0-255,66,13706,78,230113
26046,0.000133,74.125.24.0-255,4320,18026,78,230113
26047,0.000135,172.31.40.0-255,66,18092,78,230113
26048,0.000164,74.125.24.0-255,5379,23471,78,230113
26049,0.000167,172.31.40.0-255,66,23537,78,230113
26050,0.000192,74.125.24.0-255,1484,25021,78,230113
26051,0.000194,172.31.40.0-255,66,25087,78,230113
26052,0.000197,74.125.24.0-255,1484,26571,78,230113
26053,0.000199,172.31.40.0-255,66,26637,78,230113
26054,0.000226,74.125.24.0-255,1484,28121,78,230113
26055,0.000228,172.31.40.0-255,66,28187,78,230113
26056,0.000234,74.125.24.0-255,5738,33925,78,230113
26057,0.000236,172.31.40.0-255,66,33991,78,230113
26058,0.000264,74.125.24.0-255,7156,41147,78,230113
26059,0.000266,172.31.40.0-255,66,41213,78,230113
26060,0.000293,74.125.24.0-255,1484,42697,78,230113
26061,0.000295,172.31.40.0-255,66,42763,78,230113
26062,0.000336,172.31.40.0-255,66,42829,78,230113
26063,0.00034,74.125.24.0-255,2184,45013,78,230113
26064,0.000342,172.31.40.0-255,66,45079,78,230113
26065,0.000345,74.125.24.0-255,367,45446,78,230113
26066,0.000463,74.125.24.0-255,129,45575,78,230113
26067,0.000486,74.125.24.0-255,343,45918,78,230113
26068,0.000703,74.125.24.0-255,1484,47402,78,230113
26069,0.000707,172.31.40.0-255,66,47468,78,230113
26070,0.000712,74.125.24.0-255,2902,50370,78,230113
26071,0.000714,172.31.40.0-255,66,50436,78,230113
26072,0.000718,74.125.24.0-255,4320,54756,78,230113
26073,0.00072,172.31.40.0-255,66,54822,78,230113
26074,0.000742,74.125.24.0-255,1484,56306,78,230113
26075,0.000775,74.125.24.0-255,7156,63462,78,230113
26076,0.000778,172.31.40.0-255,66,63528,78,230113
26077,0.000797,74.125.24.0-255,5738,69266,78,230113
26078,0.000799,172.31.40.0-255,66,69332,78,230113
26079,0.000802,74.125.24.0-255,1484,70816,78,230113
26080,0.000838,172.31.40.0-255,66,70882,78,230113
26081,0.001711,74.125.24.0-255,1484,72366,78,230113
26082,0.001722,74.125.24.0-255,2902,75268,78,230113
26083,0.001726,172.31.40.0-255,66,75334,78,230113
26084,0.001733,74.125.24.0-255,4320,79654,78,230113
26085,0.001735,172.31.40.0-255,66,79720,78,230113
26086,0.001748,74.125.24.0-255,1484,81204,78,230113
26087,0.001766,172.31.40.0-255,66,81270,78,230113
26088,0.001773,74.125.24.0-255,7156,88426,78,230113
26089,0.001776,172.31.40.0-255,66,88492,78,230113
26090,0.001821,74.125.24.0-255,3602,92094,78,230113
26091,0.001824,172.31.40.0-255,66,92160,78,230113
26092,0.001829,74.125.24.0-255,4320,96480,78,230113
26093,0.001831,172.31.40.0-255,66,96546,78,230113
26094,0.001863,172.31.40.0-255,66,96612,78,230113
26095,0.00187,74.125.24.0-255,7156,103768,78,230113
26096,0.001873,172.31.40.0-255,66,103834,78,230113
26097,0.001918,74.125.24.0-255,2902,106736,78,230113
26098,0.001921,172.31.40.0-255,66,106802,78,230113
26099,0.001947,172.31.40.0-255,66,106868,78,230113
26100,0.004234,74.125.24.0-255,5738,112606,78,230113
26101,0.004241,172.31.40.0-255,66,112672,78,230113
26102,0.006541,74.125.24.0-255,5738,118410,78,230113
26103,0.006548,172.31.40.0-255,66,118476,78,230113
26104,0.00885,74.125.24.0-255,5738,124214,78,230113
26105,0.008857,172.31.40.0-255,66,124280,78,230113
26106,0.011151,74.125.24.0-255,5738,130018,78,230113
26107,0.011159,172.31.40.0-255,66,130084,78,230113
26108,0.013468,74.125.24.0-255,5738,135822,78,230113
26109,0.013476,172.31.40.0-255,66,135888,78,230113
26110,0.015774,74.125.24.0-255,5738,141626,78,230113
26111,0.015785,172.31.40.0-255,66,141692,78,230113
26112,0.018098,74.125.24.0-255,5738,147430,78,230113
26113,0.018107,172.31.40.0-255,66,147496,78,230113
26114,0.020419,74.125.24.0-255,5738,153234,78,230113
26115,0.020427,172.31.40.0-255,66,153300,78,230113
26116,0.02272,74.125.24.0-255,5738,159038,78,230113
26117,0.022727,172.31.40.0-255,66,159104,78,230113
26118,0.025027,74.125.24.0-255,5738,164842,78,230113
26119,0.025035,172.31.40.0-255,66,164908,78,230113
26120,0.027049,172.31.40.0-255,172,165080,78,230113
26121,0.027083,172.31.40.0-255,1108,166188,78,230113
26122,0.027142,172.31.40.0-255,1514,167702,78,230113
26123,0.027144,172.31.40.0-255,1514,169216,78,230113
26124,0.027145,172.31.40.0-255,1514,170730,78,230113
26125,0.027171,172.31.40.0-255,1079,171809,78,230113
26126,0.027305,74.125.24.0-255,5738,177547,78,230113
26127,0.027311,172.31.40.0-255,66,177613,78,230113
26128,0.028611,104.244.42.0-255,66,177679,78,230113
26129,0.028671,104.244.42.0-255,66,177745,78,230113
26130,0.028732,104.244.42.0-255,66,177811,78,230113
26131,0.028752,104.244.42.0-255,66,177877,78,230113
26132,0.029585,74.125.24.0-255,5738,183615,78,230113
26133,0.02959,172.31.40.0-255,66,183681,78,230113
26134,0.031912,74.125.24.0-255,5738,189419,78,230113
26135,0.031918,172.31.40.0-255,66,189485,78,230113
26136,0.034232,74.125.24.0-255,5738,195223,78,230113
26137,0.034237,172.31.40.0-255,66,195289,78,230113
26138,0.036547,74.125.24.0-255,5738,201027,78,230113
26139,0.036554,172.31.40.0-255,66,201093,78,230113
26140,0.038868,74.125.24.0-255,5738,206831,78,230113
26141,0.038874,172.31.40.0-255,66,206897,78,230113
26142,0.041163,74.125.24.0-255,5738,212635,78,230113
26143,0.041172,172.31.40.0-255,66,212701,78,230113
26144,0.043497,74.125.24.0-255,5738,218439,78,230113
26145,0.043504,172.31.40.0-255,66,218505,78,230113
26146,0.04579,74.125.24.0-255,5738,224243,78,230113
26147,0.045797,172.31.40.0-255,66,224309,78,230113
26148,0.048108,74.125.24.0-255,5738,230047,78,230113
26149,0.048118,172.31.40.0-255,66,230113,78,230113
26150,0.0,172.217.194.0-255,146,146,78,213587
26151,2.5e-05,172.31.40.0-255,66,212,78,213587
26152,3.3e-05,172.217.194.0-255,1484,1696,78,213587
26153,3.7e-05,172.31.40.0-255,66,1762,78,213587
26154,4.3e-05,172.217.194.0-255,2902,4664,78,213587
26155,4.6e-05,172.31.40.0-255,66,4730,78,213587
26156,5.3e-05,172.217.194.0-255,5738,10468,78,213587
26157,5.6e-05,172.31.40.0-255,66,10534,78,213587
26158,6.4e-05,172.217.194.0-255,6278,16812,78,213587
26159,6.8e-05,172.31.40.0-255,66,16878,78,213587
26160,0.000107,172.31.40.0-255,66,16944,78,213587
26161,0.000188,172.217.194.0-255,1484,18428,78,213587
26162,0.000191,172.31.40.0-255,66,18494,78,213587
26163,0.000212,172.217.194.0-255,2902,21396,78,213587
26164,0.000214,172.31.40.0-255,66,21462,78,213587
26165,0.00022,172.217.194.0-255,5738,27200,78,213587
26166,0.000223,172.31.40.0-255,66,27266,78,213587
26167,0.00024,172.217.194.0-255,5738,33004,78,213587
26168,0.000243,172.31.40.0-255,66,33070,78,213587
26169,0.000265,172.31.40.0-255,66,33136,78,213587
26170,0.000296,172.217.194.0-255,5738,38874,78,213587
26171,0.000298,172.31.40.0-255,66,38940,78,213587
26172,0.000313,172.217.194.0-255,4216,43156,78,213587
26173,0.000316,172.31.40.0-255,66,43222,78,213587
26174,0.000319,172.217.194.0-255,111,43333,78,213587
26175,0.000321,172.31.40.0-255,66,43399,78,213587
26176,0.000379,172.217.194.0-255,1484,44883,78,213587
26177,0.000381,172.31.40.0-255,66,44949,78,213587
26178,0.000386,172.217.194.0-255,2902,47851,78,213587
26179,0.000389,172.31.40.0-255,66,47917,78,213587
26180,0.000396,172.217.194.0-255,7156,55073,78,213587
26181,0.000398,172.31.40.0-255,66,55139,78,213587
26182,0.000413,172.217.194.0-255,5738,60877,78,213587
26183,0.000416,172.31.40.0-255,66,60943,78,213587
26184,0.000431,172.217.194.0-255,2543,63486,78,213587
26185,0.000432,172.31.40.0-255,66,63552,78,213587
26186,0.000446,172.217.194.0-255,2902,66454,78,213587
26187,0.000449,172.31.40.0-255,66,66520,78,213587
26188,0.000476,172.31.40.0-255,66,66586,78,213587
26189,0.001058,172.217.194.0-255,1484,68070,78,213587
26190,0.001066,172.217.194.0-255,2902,70972,78,213587
26191,0.001069,172.31.40.0-255,66,71038,78,213587
26192,0.001093,172.217.194.0-255,5738,76776,78,213587
26193,0.001095,172.31.40.0-255,66,76842,78,213587
26194,0.001099,172.217.194.0-255,1484,78326,78,213587
26195,0.001128,172.217.194.0-255,7156,85482,78,213587
26196,0.001131,172.31.40.0-255,66,85548,78,213587
26197,0.001163,172.217.194.0-255,4320,89868,78,213587
26198,0.001167,172.31.40.0-255,66,89934,78,213587
26199,0.001194,172.31.40.0-255,66,90000,78,213587
26200,0.002291,172.217.194.0-255,1484,91484,78,213587
26201,0.002303,172.217.194.0-255,2902,94386,78,213587
26202,0.002307,172.31.40.0-255,66,94452,78,213587
26203,0.002314,172.217.194.0-255,4320,98772,78,213587
26204,0.002316,172.31.40.0-255,66,98838,78,213587
26205,0.002329,172.217.194.0-255,1484,100322,78,213587
26206,0.002342,172.217.194.0-255,4320,104642,78,213587
26207,0.002345,172.31.40.0-255,66,104708,78,213587
26208,0.002368,172.217.194.0-255,7156,111864,78,213587
26209,0.00237,172.31.40.0-255,66,111930,78,213587
26210,0.002376,172.217.194.0-255,5738,117668,78,213587
26211,0.002378,172.31.40.0-255,66,117734,78,213587
26212,0.002403,172.217.194.0-255,6438,124172,78,213587
26213,0.002405,172.31.40.0-255,66,124238,78,213587
26214,0.00252,172.217.194.0-255,1484,125722,78,213587
26215,0.002525,172.217.194.0-255,1484,127206,78,213587
26216,0.002529,172.31.40.0-255,66,127272,78,213587
26217,0.002551,172.217.194.0-255,1484,128756,78,213587
26218,0.002558,172.217.194.0-255,5738,134494,78,213587
26219,0.002561,172.31.40.0-255,66,134560,78,213587
26220,0.002568,172.217.194.0-255,7156,141716,78,213587
26221,0.00257,172.31.40.0-255,66,141782,78,213587
26222,0.002582,172.31.40.0-255,66,141848,78,213587
26223,0.002586,172.217.194.0-255,1484,143332,78,213587
26224,0.002592,172.217.194.0-255,2902,146234,78,213587
26225,0.002594,172.31.40.0-255,66,146300,78,213587
26226,0.00261,172.217.194.0-255,2184,148484,78,213587
26227,0.002613,172.31.40.0-255,66,148550,78,213587
26228,0.002653,172.31.40.0-255,66,148616,78,213587
26229,0.002656,172.217.194.0-255,1484,150100,78,213587
26230,0.002682,172.31.40.0-255,66,150166,78,213587
26231,0.002705,172.217.194.0-255,7156,157322,78,213587
26232,0.002707,172.31.40.0-255,66,157388,78,213587
26233,0.002727,172.31.40.0-255,66,157454,78,213587
26234,0.002769,172.31.40.0-255,66,157520,78,213587
26235,0.002791,172.217.194.0-255,5738,163258,78,213587
26236,0.002794,172.31.40.0-255,66,163324,78,213587
26237,0.002841,172.31.40.0-255,66,163390,78,213587
26238,0.002854,172.217.194.0-255,1484,164874,78,213587
26239,0.002858,172.217.194.0-255,1484,166358,78,213587
26240,0.00286,172.31.40.0-255,66,166424,78,213587
26241,0.002863,172.217.194.0-255,1484,167908,78,213587
26242,0.002868,172.217.194.0-255,2184,170092,78,213587
26243,0.00287,172.31.40.0-255,66,170158,78,213587
26244,0.003203,172.217.194.0-255,1484,171642,78,213587
26245,0.003211,172.217.194.0-255,2902,174544,78,213587
26246,0.003215,172.31.40.0-255,66,174610,78,213587
26247,0.00322,172.217.194.0-255,2902,177512,78,213587
26248,0.003222,172.31.40.0-255,66,177578,78,213587
26249,0.003239,172.217.194.0-255,2902,180480,78,213587
26250,0.003242,172.31.40.0-255,66,180546,78,213587
26251,0.003249,172.217.194.0-255,4320,184866,78,213587
26252,0.003251,172.31.40.0-255,66,184932,78,213587
26253,0.003286,172.31.40.0-255,66,184998,78,213587
26254,0.003297,172.31.40.0-255,66,185064,78,213587
26255,0.003317,172.217.194.0-255,5738,190802,78,213587
26256,0.003319,172.31.40.0-255,66,190868,78,213587
26257,0.003355,172.31.40.0-255,66,190934,78,213587
26258,0.003385,172.31.40.0-255,66,191000,78,213587
26259,0.0034,172.217.194.0-255,766,191766,78,213587
26260,0.003435,172.31.40.0-255,66,191832,78,213587
26261,0.003451,172.217.194.0-255,1484,193316,78,213587
26262,0.003454,172.217.194.0-255,1484,194800,78,213587
26263,0.003456,172.31.40.0-255,66,194866,78,213587
26264,0.003469,172.31.40.0-255,66,194932,78,213587
26265,0.003486,172.217.194.0-255,4320,199252,78,213587
26266,0.003488,172.31.40.0-255,66,199318,78,213587
26267,0.003495,172.217.194.0-255,6438,205756,78,213587
26268,0.003498,172.31.40.0-255,66,205822,78,213587
26269,0.003503,172.217.194.0-255,2902,208724,78,213587
26270,0.003505,172.31.40.0-255,66,208790,78,213587
26271,0.003546,172.31.40.0-255,66,208856,78,213587
26272,0.003549,172.217.194.0-255,231,209087,78,213587
26273,0.00356,172.217.194.0-255,105,209192,78,213587
26274,0.012638,172.31.40.0-255,66,209258,78,213587
26275,0.012692,172.31.40.0-255,105,209363,78,213587
26276,0.014435,172.217.194.0-255,105,209468,78,213587
26277,0.014453,172.31.40.0-255,78,209546,78,213587
26278,0.015176,172.217.194.0-255,66,209612,78,213587
26279,0.048889,172.31.40.0-255,172,209784,78,213587
26280,0.048924,172.31.40.0-255,1104,210888,78,213587
26281,0.048989,172.31.40.0-255,1514,212402,78,213587
26282,0.048991,172.31.40.0-255,1185,213587,78,213587
26283,0.0,74.125.200.0-255,153,153,78,239767
26284,2.3e-05,172.31.40.0-255,66,219,78,239767
26285,3e-05,74.125.200.0-255,1484,1703,78,239767
26286,3.4e-05,172.31.40.0-255,66,1769,78,239767
26287,4e-05,74.125.200.0-255,2902,4671,78,239767
26288,5.1e-05,172.31.40.0-255,66,4737,78,239767
26289,5.8e-05,74.125.200.0-255,7156,11893,78,239767
26290,6.2e-05,172.31.40.0-255,66,11959,78,239767
26291,6.6e-05,74.125.200.0-255,2100,14059,78,239767
26292,6.9e-05,172.31.40.0-255,66,14125,78,239767
26293,0.000136,74.125.200.0-255,1484,15609,78,239767
26294,0.00014,172.31.40.0-255,66,15675,78,239767
26295,0.000143,74.125.200.0-255,1484,17159,78,239767
26296,0.000146,172.31.40.0-255,66,17225,78,239767
26297,0.000166,74.125.200.0-255,1484,18709,78,239767
26298,0.000168,172.31.40.0-255,66,18775,78,239767
26299,0.000173,74.125.200.0-255,4320,23095,78,239767
26300,0.000176,172.31.40.0-255,66,23161,78,239767
26301,0.000232,74.125.200.0-255,2902,26063,78,239767
26302,0.000236,172.31.40.0-255,66,26129,78,239767
26303,0.000258,74.125.200.0-255,5379,31508,78,239767
26304,0.00026,172.31.40.0-255,66,31574,78,239767
26305,0.000271,172.31.40.0-255,66,31640,78,239767
26306,0.000275,74.125.200.0-255,2902,34542,78,239767
26307,0.000277,172.31.40.0-255,66,34608,78,239767
26308,0.000308,74.125.200.0-255,2902,37510,78,239767
26309,0.00031,172.31.40.0-255,66,37576,78,239767
26310,0.000333,74.125.200.0-255,2543,40119,78,239767
26311,0.000336,172.31.40.0-255,66,40185,78,239767
26312,0.000349,74.125.200.0-255,4320,44505,78,239767
26313,0.000356,172.31.40.0-255,66,44571,78,239767
26314,0.000382,74.125.200.0-255,1484,46055,78,239767
26315,0.000389,74.125.200.0-255,2902,48957,78,239767
26316,0.000391,172.31.40.0-255,66,49023,78,239767
26317,0.000397,74.125.200.0-255,4320,53343,78,239767
26318,0.000399,172.31.40.0-255,66,53409,78,239767
26319,0.000423,74.125.200.0-255,4272,57681,78,239767
26320,0.000425,172.31.40.0-255,66,57747,78,239767
26321,0.000467,74.125.200.0-255,1484,59231,78,239767
26322,0.000482,74.125.200.0-255,2902,62133,78,239767
26323,0.000484,172.31.40.0-255,66,62199,78,239767
26324,0.000516,74.125.200.0-255,5738,67937,78,239767
26325,0.000519,172.31.40.0-255,66,68003,78,239767
26326,0.000526,74.125.200.0-255,6820,74823,78,239767
26327,0.000528,172.31.40.0-255,66,74889,78,239767
26328,0.000531,74.125.200.0-255,1484,76373,78,239767
26329,0.000566,74.125.200.0-255,5738,82111,78,239767
26330,0.000569,172.31.40.0-255,66,82177,78,239767
26331,0.000579,172.31.40.0-255,66,82243,78,239767
26332,0.000781,74.125.200.0-255,1484,83727,78,239767
26333,0.000787,74.125.200.0-255,2902,86629,78,239767
26334,0.000791,172.31.40.0-255,66,86695,78,239767
26335,0.00082,74.125.200.0-255,5738,92433,78,239767
26336,0.000824,172.31.40.0-255,66,92499,78,239767
26337,0.000828,74.125.200.0-255,2902,95401,78,239767
26338,0.00083,172.31.40.0-255,66,95467,78,239767
26339,0.000834,74.125.200.0-255,1484,96951,78,239767
26340,0.000865,172.31.40.0-255,66,97017,78,239767
26341,0.00087,74.125.200.0-255,4320,101337,78,239767
26342,0.000872,172.31.40.0-255,66,101403,78,239767
26343,0.000904,74.125.200.0-255,6438,107841,78,239767
26344,0.000907,172.31.40.0-255,66,107907,78,239767
26345,0.000932,74.125.200.0-255,1484,109391,78,239767
26346,0.000953,74.125.200.0-255,2902,112293,78,239767
26347,0.000956,172.31.40.0-255,66,112359,78,239767
26348,0.000992,74.125.200.0-255,4320,116679,78,239767
26349,0.000995,172.31.40.0-255,66,116745,78,239767
26350,0.001001,74.125.200.0-255,5738,122483,78,239767
26351,0.001004,172.31.40.0-255,66,122549,78,239767
26352,0.001037,172.31.40.0-255,66,122615,78,239767
26353,0.001044,74.125.200.0-255,5738,128353,78,239767
26354,0.001046,172.31.40.0-255,66,128419,78,239767
26355,0.00107,74.125.200.0-255,2184,130603,78,239767
26356,0.001077,172.31.40.0-255,66,130669,78,239767
26357,0.001171,74.125.200.0-255,1484,132153,78,239767
26358,0.001192,74.125.200.0-255,2902,135055,78,239767
26359,0.001198,172.31.40.0-255,66,135121,78,239767
26360,0.001211,74.125.200.0-255,5738,140859,78,239767
26361,0.001218,172.31.40.0-255,66,140925,78,239767
26362,0.001221,74.125.200.0-255,1484,142409,78,239767
26363,0.001252,74.125.200.0-255,7156,149565,78,239767
26364,0.001255,172.31.40.0-255,66,149631,78,239767
26365,0.001267,172.31.40.0-255,66,149697,78,239767
26366,0.001278,74.125.200.0-255,5020,154717,78,239767
26367,0.001281,172.31.40.0-255,66,154783,78,239767
26368,0.001478,74.125.200.0-255,1484,156267,78,239767
26369,0.001483,74.125.200.0-255,2902,159169,78,239767
26370,0.001487,172.31.40.0-255,66,159235,78,239767
26371,0.00149,74.125.200.0-255,1484,160719,78,239767
26372,0.001508,74.125.200.0-255,4320,165039,78,239767
26373,0.001511,172.31.40.0-255,66,165105,78,239767
26374,0.001544,172.31.40.0-255,66,165171,78,239767
26375,0.001573,74.125.200.0-255,4320,169491,78,239767
26376,0.001576,172.31.40.0-255,66,169557,78,239767
26377,0.001589,172.31.40.0-255,66,169623,78,239767
26378,0.001624,74.125.200.0-255,3602,173225,78,239767
26379,0.001627,172.31.40.0-255,66,173291,78,239767
26380,0.001634,74.125.200.0-255,5738,179029,78,239767
26381,0.001636,172.31.40.0-255,66,179095,78,239767
26382,0.001641,74.125.200.0-255,4320,183415,78,239767
26383,0.001648,172.31.40.0-255,66,183481,78,239767
26384,0.001688,172.31.40.0-255,66,183547,78,239767
26385,0.001693,74.125.200.0-255,3602,187149,78,239767
26386,0.001696,172.31.40.0-255,66,187215,78,239767
26387,0.001699,74.125.200.0-255,1484,188699,78,239767
26388,0.001728,74.125.200.0-255,2902,191601,78,239767
26389,0.001731,172.31.40.0-255,66,191667,78,239767
26390,0.001737,74.125.200.0-255,5738,197405,78,239767
26391,0.00174,172.31.40.0-255,66,197471,78,239767
26392,0.001771,74.125.200.0-255,2902,200373,78,239767
26393,0.001774,172.31.40.0-255,66,200439,78,239767
26394,0.001779,74.125.200.0-255,4320,204759,78,239767
26395,0.001782,172.31.40.0-255,66,204825,78,239767
26396,0.001797,172.31.40.0-255,66,204891,78,239767
26397,0.001835,74.125.200.0-255,4320,209211,78,239767
26398,0.001838,172.31.40.0-255,66,209277,78,239767
26399,0.001865,74.125.200.0-255,3602,212879,78,239767
26400,0.001872,172.31.40.0-255,66,212945,78,239767
26401,0.001882,172.31.40.0-255,66,213011,78,239767
26402,0.001889,74.125.200.0-255,7156,220167,78,239767
26403,0.001892,172.31.40.0-255,66,220233,78,239767
26404,0.001922,74.125.200.0-255,2902,223135,78,239767
26405,0.001929,172.31.40.0-255,66,223201,78,239767
26406,0.001934,74.125.200.0-255,4320,227521,78,239767
26407,0.001937,172.31.40.0-255,66,227587,78,239767
26408,0.001978,172.31.40.0-255,66,227653,78,239767
26409,0.002012,172.31.40.0-255,66,227719,78,239767
26410,0.002058,74.125.200.0-255,4320,232039,78,239767
26411,0.002104,172.31.40.0-255,66,232105,78,239767
26412,0.002114,74.125.200.0-255,2902,235007,78,239767
26413,0.002118,172.31.40.0-255,66,235073,78,239767
26414,0.002165,172.31.40.0-255,66,235139,78,239767
26415,0.002175,74.125.200.0-255,105,235244,78,239767
26416,0.004589,172.31.40.0-255,66,235310,78,239767
26417,0.004625,172.31.40.0-255,105,235415,78,239767
26418,0.007136,74.125.200.0-255,66,235481,78,239767
26419,0.043496,172.31.40.0-255,167,235648,78,239767
26420,0.04353,172.31.40.0-255,1109,236757,78,239767
26421,0.04361,172.31.40.0-255,1514,238271,78,239767
26422,0.043612,172.31.40.0-255,1298,239569,78,239767
26423,0.045091,104.244.42.0-255,66,239635,78,239767
26424,0.045104,104.244.42.0-255,66,239701,78,239767
26425,0.045162,104.244.42.0-255,66,239767,78,239767
26426,0.0,172.217.194.0-255,146,146,78,260441
26427,1.9e-05,172.31.40.0-255,66,212,78,260441
26428,2.7e-05,172.217.194.0-255,1484,1696,78,260441
26429,3.1e-05,172.31.40.0-255,66,1762,78,260441
26430,3.6e-05,172.217.194.0-255,2902,4664,78,260441
26431,4.6e-05,172.31.40.0-255,66,4730,78,260441
26432,5.5e-05,172.217.194.0-255,7156,11886,78,260441
26433,5.9e-05,172.31.40.0-255,66,11952,78,260441
26434,6.1e-05,172.217.194.0-255,1484,13436,78,260441
26435,6.4e-05,172.31.40.0-255,66,13502,78,260441
26436,0.000116,172.31.40.0-255,66,13568,78,260441
26437,0.000124,172.217.194.0-255,6797,20365,78,260441
26438,0.000126,172.31.40.0-255,66,20431,78,260441
26439,0.000129,172.217.194.0-255,1484,21915,78,260441
26440,0.000131,172.31.40.0-255,66,21981,78,260441
26441,0.000174,172.217.194.0-255,5738,27719,78,260441
26442,0.000176,172.31.40.0-255,66,27785,78,260441
26443,0.000183,172.217.194.0-255,7156,34941,78,260441
26444,0.000185,172.31.40.0-255,66,35007,78,260441
26445,0.000206,172.31.40.0-255,66,35073,78,260441
26446,0.000211,172.217.194.0-255,3602,38675,78,260441
26447,0.000213,172.31.40.0-255,66,38741,78,260441
26448,0.000425,172.217.194.0-255,646,39387,78,260441
26449,0.000431,172.31.40.0-255,66,39453,78,260441
26450,0.001132,172.217.194.0-255,1484,40937,78,260441
26451,0.001138,172.31.40.0-255,66,41003,78,260441
26452,0.001149,172.217.194.0-255,2902,43905,78,260441
26453,0.001151,172.31.40.0-255,66,43971,78,260441
26454,0.001164,172.217.194.0-255,5738,49709,78,260441
26455,0.001166,172.31.40.0-255,66,49775,78,260441
26456,0.001222,172.31.40.0-255,66,49841,78,260441
26457,0.00123,172.217.194.0-255,7156,56997,78,260441
26458,0.001233,172.31.40.0-255,66,57063,78,260441
26459,0.001264,172.217.194.0-255,2902,59965,78,260441
26460,0.001266,172.31.40.0-255,66,60031,78,260441
26461,0.001272,172.217.194.0-255,4320,64351,78,260441
26462,0.001274,172.31.40.0-255,66,64417,78,260441
26463,0.001277,172.217.194.0-255,766,65183,78,260441
26464,0.001342,172.217.194.0-255,1484,66667,78,260441
26465,0.001346,172.31.40.0-255,66,66733,78,260441
26466,0.001352,172.217.194.0-255,2902,69635,78,260441
26467,0.001354,172.31.40.0-255,66,69701,78,260441
26468,0.001409,172.217.194.0-255,5738,75439,78,260441
26469,0.001412,172.31.40.0-255,66,75505,78,260441
26470,0.001418,172.217.194.0-255,5738,81243,78,260441
26471,0.00142,172.31.40.0-255,66,81309,78,260441
26472,0.001439,172.31.40.0-255,66,81375,78,260441
26473,0.001445,172.217.194.0-255,5020,86395,78,260441
26474,0.001448,172.31.40.0-255,66,86461,78,260441
26475,0.001682,172.217.194.0-255,1484,87945,78,260441
26476,0.001692,172.217.194.0-255,2902,90847,78,260441
26477,0.001696,172.31.40.0-255,66,90913,78,260441
26478,0.001719,172.217.194.0-255,5738,96651,78,260441
26479,0.001722,172.31.40.0-255,66,96717,78,260441
26480,0.001725,172.217.194.0-255,1484,98201,78,260441
26481,0.001769,172.31.40.0-255,66,98267,78,260441
26482,0.001786,172.31.40.0-255,66,98333,78,260441
26483,0.001814,172.217.194.0-255,5738,104071,78,260441
26484,0.001817,172.31.40.0-255,66,104137,78,260441
26485,0.001848,172.31.40.0-255,66,104203,78,260441
26486,0.001864,172.31.40.0-255,66,104269,78,260441
26487,0.001868,172.217.194.0-255,3602,107871,78,260441
26488,0.001871,172.31.40.0-255,66,107937,78,260441
26489,0.001916,172.217.194.0-255,1484,109421,78,260441
26490,0.001921,172.217.194.0-255,2902,112323,78,260441
26491,0.001923,172.31.40.0-255,66,112389,78,260441
26492,0.001954,172.217.194.0-255,5738,118127,78,260441
26493,0.001957,172.31.40.0-255,66,118193,78,260441
26494,0.00196,172.217.194.0-255,1484,119677,78,260441
26495,0.001984,172.217.194.0-255,2902,122579,78,260441
26496,0.001986,172.31.40.0-255,66,122645,78,260441
26497,0.002004,172.31.40.0-255,66,122711,78,260441
26498,0.002015,172.31.40.0-255,66,122777,78,260441
26499,0.004018,172.217.194.0-255,5738,128515,78,260441
26500,0.004024,172.31.40.0-255,66,128581,78,260441
26501,0.006042,172.217.194.0-255,5738,134319,78,260441
26502,0.006047,172.31.40.0-255,66,134385,78,260441
26503,0.008099,172.217.194.0-255,5738,140123,78,260441
26504,0.008106,172.31.40.0-255,66,140189,78,260441
26505,0.010161,172.217.194.0-255,5738,145927,78,260441
26506,0.010168,172.31.40.0-255,66,145993,78,260441
26507,0.012196,172.217.194.0-255,5738,151731,78,260441
26508,0.012208,172.31.40.0-255,66,151797,78,260441
26509,0.014256,172.217.194.0-255,5738,157535,78,260441
26510,0.014266,172.31.40.0-255,66,157601,78,260441
26511,0.016278,172.217.194.0-255,5738,163339,78,260441
26512,0.016287,172.31.40.0-255,66,163405,78,260441
26513,0.018319,172.217.194.0-255,5738,169143,78,260441
26514,0.018327,172.31.40.0-255,66,169209,78,260441
26515,0.020382,172.217.194.0-255,5738,174947,78,260441
26516,0.020389,172.31.40.0-255,66,175013,78,260441
26517,0.022422,172.217.194.0-255,5738,180751,78,260441
26518,0.022429,172.31.40.0-255,66,180817,78,260441
26519,0.0245,172.217.194.0-255,5738,186555,78,260441
26520,0.024506,172.31.40.0-255,66,186621,78,260441
26521,0.026564,172.217.194.0-255,5738,192359,78,260441
26522,0.026571,172.31.40.0-255,66,192425,78,260441
26523,0.028611,172.217.194.0-255,5738,198163,78,260441
26524,0.028616,172.31.40.0-255,66,198229,78,260441
26525,0.029578,172.31.40.0-255,172,198401,78,260441
26526,0.029611,172.31.40.0-255,1103,199504,78,260441
26527,0.029669,172.31.40.0-255,1514,201018,78,260441
26528,0.029671,172.31.40.0-255,1185,202203,78,260441
26529,0.030703,172.217.194.0-255,5738,207941,78,260441
26530,0.030709,172.31.40.0-255,66,208007,78,260441
26531,0.03133,104.244.42.0-255,66,208073,78,260441
26532,0.031365,104.244.42.0-255,66,208139,78,260441
26533,0.031392,104.244.42.0-255,66,208205,78,260441
26534,0.032804,172.217.194.0-255,5738,213943,78,260441
26535,0.032809,172.31.40.0-255,66,214009,78,260441
26536,0.03484,172.217.194.0-255,5738,219747,78,260441
26537,0.034848,172.31.40.0-255,66,219813,78,260441
26538,0.03689,172.217.194.0-255,5738,225551,78,260441
26539,0.036897,172.31.40.0-255,66,225617,78,260441
26540,0.038909,172.217.194.0-255,5738,231355,78,260441
26541,0.038919,172.31.40.0-255,66,231421,78,260441
26542,0.040953,172.217.194.0-255,5738,237159,78,260441
26543,0.040959,172.31.40.0-255,66,237225,78,260441
26544,0.043014,172.217.194.0-255,5738,242963,78,260441
26545,0.043021,172.31.40.0-255,66,243029,78,260441
26546,0.045055,172.217.194.0-255,5738,248767,78,260441
26547,0.045062,172.31.40.0-255,66,248833,78,260441
26548,0.047084,172.217.194.0-255,5738,254571,78,260441
26549,0.04709,172.31.40.0-255,66,254637,78,260441
26550,0.049125,172.217.194.0-255,5738,260375,78,260441
26551,0.049132,172.31.40.0-255,66,260441,78,260441
26552,0.0,172.253.118.0-255,297,297,78,187957
26553,2.3e-05,172.31.40.0-255,66,363,78,187957
26554,3e-05,172.253.118.0-255,1484,1847,78,187957
26555,3.4e-05,172.31.40.0-255,66,1913,78,187957
26556,4.1e-05,172.253.118.0-255,4320,6233,78,187957
26557,5.3e-05,172.31.40.0-255,66,6299,78,187957
26558,5.8e-05,172.253.118.0-255,4320,10619,78,187957
26559,6.1e-05,172.31.40.0-255,66,10685,78,187957
26560,7.2e-05,172.31.40.0-255,66,10751,78,187957
26561,0.00011,172.253.118.0-255,1787,12538,78,187957
26562,0.000113,172.31.40.0-255,66,12604,78,187957
26563,0.00013,172.31.40.0-255,66,12670,78,187957
26564,0.000235,172.253.118.0-255,1484,14154,78,187957
26565,0.000238,172.31.40.0-255,66,14220,78,187957
26566,0.000244,172.253.118.0-255,2902,17122,78,187957
26567,0.000245,172.31.40.0-255,66,17188,78,187957
26568,0.000248,172.253.118.0-255,1484,18672,78,187957
26569,0.000251,172.31.40.0-255,66,18738,78,187957
26570,0.000269,172.253.118.0-255,4320,23058,78,187957
26571,0.000272,172.31.40.0-255,66,23124,78,187957
26572,0.000291,172.31.40.0-255,66,23190,78,187957
26573,0.000294,172.253.118.0-255,1484,24674,78,187957
26574,0.000296,172.31.40.0-255,66,24740,78,187957
26575,0.000333,172.253.118.0-255,7156,31896,78,187957
26576,0.000336,172.31.40.0-255,66,31962,78,187957
26577,0.00034,172.253.118.0-255,1125,33087,78,187957
26578,0.000341,172.31.40.0-255,66,33153,78,187957
26579,0.000451,172.253.118.0-255,411,33564,78,187957
26580,0.000455,172.31.40.0-255,66,33630,78,187957
26581,0.000813,172.31.40.0-255,101,33731,78,187957
26582,0.000939,172.253.118.0-255,333,34064,78,187957
26583,0.001348,172.253.118.0-255,1484,35548,78,187957
26584,0.001354,172.31.40.0-255,66,35614,78,187957
26585,0.001363,172.253.118.0-255,2902,38516,78,187957
26586,0.001365,172.31.40.0-255,66,38582,78,187957
26587,0.001378,172.253.118.0-255,5738,44320,78,187957
26588,0.001379,172.31.40.0-255,66,44386,78,187957
26589,0.001384,172.253.118.0-255,2902,47288,78,187957
26590,0.001386,172.31.40.0-255,66,47354,78,187957
26591,0.001427,172.31.40.0-255,66,47420,78,187957
26592,0.001438,172.31.40.0-255,66,47486,78,187957
26593,0.001442,172.253.118.0-255,766,48252,78,187957
26594,0.002768,172.253.118.0-255,66,48318,78,187957
26595,0.003412,172.253.118.0-255,4320,52638,78,187957
26596,0.003417,172.31.40.0-255,66,52704,78,187957
26597,0.005393,172.253.118.0-255,5738,58442,78,187957
26598,0.005396,172.31.40.0-255,66,58508,78,187957
26599,0.007366,172.253.118.0-255,5738,64246,78,187957
26600,0.007372,172.31.40.0-255,66,64312,78,187957
26601,0.009338,172.253.118.0-255,5738,70050,78,187957
26602,0.009345,172.31.40.0-255,66,70116,78,187957
26603,0.011333,172.253.118.0-255,5738,75854,78,187957
26604,0.011342,172.31.40.0-255,66,75920,78,187957
26605,0.013337,172.253.118.0-255,5738,81658,78,187957
26606,0.013344,172.31.40.0-255,66,81724,78,187957
26607,0.015315,172.253.118.0-255,5738,87462,78,187957
26608,0.015324,172.31.40.0-255,66,87528,78,187957
26609,0.017305,172.253.118.0-255,5738,93266,78,187957
26610,0.017312,172.31.40.0-255,66,93332,78,187957
26611,0.019294,172.253.118.0-255,4320,97652,78,187957
26612,0.019302,172.31.40.0-255,66,97718,78,187957
26613,0.019329,172.253.118.0-255,1484,99202,78,187957
26614,0.021276,172.253.118.0-255,4320,103522,78,187957
26615,0.021282,172.31.40.0-255,66,103588,78,187957
26616,0.023273,172.253.118.0-255,5738,109326,78,187957
26617,0.023279,172.31.40.0-255,66,109392,78,187957
26618,0.025271,172.253.118.0-255,5738,115130,78,187957
26619,0.025278,172.31.40.0-255,66,115196,78,187957
26620,0.025986,172.31.40.0-255,172,115368,78,187957
26621,0.026019,172.31.40.0-255,1107,116475,78,187957
26622,0.026105,172.31.40.0-255,1514,117989,78,187957
26623,0.026107,172.31.40.0-255,1300,119289,78,187957
26624,0.027245,172.253.118.0-255,5738,125027,78,187957
26625,0.027251,172.31.40.0-255,66,125093,78,187957
26626,0.027535,104.244.42.0-255,66,125159,78,187957
26627,0.027568,104.244.42.0-255,66,125225,78,187957
26628,0.027685,104.244.42.0-255,66,125291,78,187957
26629,0.028274,104.244.42.0-255,108,125399,78,187957
26630,0.028281,172.31.40.0-255,66,125465,78,187957
26631,0.029228,172.253.118.0-255,5738,131203,78,187957
26632,0.029233,172.31.40.0-255,66,131269,78,187957
26633,0.031202,172.253.118.0-255,5738,137007,78,187957
26634,0.03121,172.31.40.0-255,66,137073,78,187957
26635,0.033195,172.253.118.0-255,5738,142811,78,187957
26636,0.0332,172.31.40.0-255,66,142877,78,187957
26637,0.035163,172.253.118.0-255,4320,147197,78,187957
26638,0.035169,172.31.40.0-255,66,147263,78,187957
26639,0.035196,172.253.118.0-255,1484,148747,78,187957
26640,0.037156,172.253.118.0-255,4320,153067,78,187957
26641,0.037161,172.31.40.0-255,66,153133,78,187957
26642,0.039158,172.253.118.0-255,5738,158871,78,187957
26643,0.039164,172.31.40.0-255,66,158937,78,187957
26644,0.041183,172.253.118.0-255,5738,164675,78,187957
26645,0.041188,172.31.40.0-255,66,164741,78,187957
26646,0.043173,172.253.118.0-255,5738,170479,78,187957
26647,0.043179,172.31.40.0-255,66,170545,78,187957
26648,0.045151,172.253.118.0-255,5738,176283,78,187957
26649,0.045156,172.31.40.0-255,66,176349,78,187957
26650,0.047131,172.253.118.0-255,5738,182087,78,187957
26651,0.047138,172.31.40.0-255,66,182153,78,187957
26652,0.049107,172.253.118.0-255,5738,187891,78,187957
26653,0.049113,172.31.40.0-255,66,187957,78,187957
26654,0.0,172.217.194.0-255,165,165,78,150860
26655,2.1e-05,172.31.40.0-255,66,231,78,150860
26656,2.7e-05,172.217.194.0-255,1484,1715,78,150860
26657,3.1e-05,172.31.40.0-255,66,1781,78,150860
26658,3.6e-05,172.217.194.0-255,2902,4683,78,150860
26659,3.8e-05,172.31.40.0-255,66,4749,78,150860
26660,4.3e-05,172.217.194.0-255,5738,10487,78,150860
26661,5.3e-05,172.31.40.0-255,66,10553,78,150860
26662,9.7e-05,172.31.40.0-255,66,10619,78,150860
26663,0.000102,172.217.194.0-255,6797,17416,78,150860
26664,0.000104,172.31.40.0-255,66,17482,78,150860
26665,0.000126,172.217.194.0-255,2902,20384,78,150860
26666,0.000128,172.31.40.0-255,66,20450,78,150860
26667,0.000133,172.217.194.0-255,2902,23352,78,150860
26668,0.000134,172.31.40.0-255,66,23418,78,150860
26669,0.000155,172.217.194.0-255,1484,24902,78,150860
26670,0.000157,172.31.40.0-255,66,24968,78,150860
26671,0.00016,172.217.194.0-255,1484,26452,78,150860
26672,0.000162,172.31.40.0-255,66,26518,78,150860
26673,0.000198,172.217.194.0-255,7156,33674,78,150860
26674,0.000202,172.31.40.0-255,66,33740,78,150860
26675,0.00022,172.217.194.0-255,1484,35224,78,150860
26676,0.000222,172.31.40.0-255,66,35290,78,150860
26677,0.000256,172.31.40.0-255,66,35356,78,150860
26678,0.00028,172.217.194.0-255,5365,40721,78,150860
26679,0.000282,172.31.40.0-255,66,40787,78,150860
26680,0.000287,172.217.194.0-255,4320,45107,78,150860
26681,0.000289,172.31.40.0-255,66,45173,78,150860
26682,0.000318,172.217.194.0-255,1484,46657,78,150860
26683,0.00032,172.31.40.0-255,66,46723,78,150860
26684,0.00033,172.31.40.0-255,66,46789,78,150860
26685,0.000344,172.31.40.0-255,66,46855,78,150860
26686,0.000348,172.217.194.0-255,3319,50174,78,150860
26687,0.00035,172.31.40.0-255,66,50240,78,150860
26688,0.000596,172.217.194.0-255,1484,51724,78,150860
26689,0.000603,172.217.194.0-255,2902,54626,78,150860
26690,0.000606,172.31.40.0-255,66,54692,78,150860
26691,0.00061,172.217.194.0-255,2902,57594,78,150860
26692,0.000613,172.31.40.0-255,66,57660,78,150860
26693,0.000629,172.217.194.0-255,2902,60562,78,150860
26694,0.000631,172.31.40.0-255,66,60628,78,150860
26695,0.000646,172.31.40.0-255,66,60694,78,150860
26696,0.000694,172.217.194.0-255,4320,65014,78,150860
26697,0.000697,172.31.40.0-255,66,65080,78,150860
26698,0.000729,172.217.194.0-255,6438,71518,78,150860
26699,0.000731,172.31.40.0-255,66,71584,78,150860
26700,0.000941,172.217.194.0-255,1484,73068,78,150860
26701,0.000953,172.217.194.0-255,2902,75970,78,150860
26702,0.000956,172.31.40.0-255,66,76036,78,150860
26703,0.000982,172.217.194.0-255,5738,81774,78,150860
26704,0.000984,172.31.40.0-255,66,81840,78,150860
26705,0.000987,172.217.194.0-255,1484,83324,78,150860
26706,0.001012,172.31.40.0-255,66,83390,78,150860
26707,0.001017,172.217.194.0-255,4320,87710,78,150860
26708,0.001019,172.31.40.0-255,66,87776,78,150860
26709,0.001048,172.217.194.0-255,6438,94214,78,150860
26710,0.00105,172.31.40.0-255,66,94280,78,150860
26711,0.001155,172.217.194.0-255,1484,95764,78,150860
26712,0.00116,172.217.194.0-255,2902,98666,78,150860
26713,0.001162,172.31.40.0-255,66,98732,78,150860
26714,0.001169,172.217.194.0-255,5738,104470,78,150860
26715,0.00117,172.31.40.0-255,66,104536,78,150860
26716,0.00118,172.217.194.0-255,4320,108856,78,150860
26717,0.001182,172.31.40.0-255,66,108922,78,150860
26718,0.001222,172.31.40.0-255,66,108988,78,150860
26719,0.001246,172.31.40.0-255,66,109054,78,150860
26720,0.001247,172.31.40.0-255,66,109120,78,150860
26721,0.001274,172.31.40.0-255,66,109186,78,150860
26722,0.001284,172.31.40.0-255,66,109252,78,150860
26723,0.001301,172.217.194.0-255,766,110018,78,150860
26724,0.001305,172.217.194.0-255,4320,114338,78,150860
26725,0.001308,172.31.40.0-255,66,114404,78,150860
26726,0.001311,172.217.194.0-255,2902,117306,78,150860
26727,0.001313,172.31.40.0-255,66,117372,78,150860
26728,0.001335,172.217.194.0-255,2902,120274,78,150860
26729,0.001337,172.31.40.0-255,66,120340,78,150860
26730,0.001353,172.31.40.0-255,66,120406,78,150860
26731,0.001358,172.217.194.0-255,5738,126144,78,150860
26732,0.00136,172.31.40.0-255,66,126210,78,150860
26733,0.001393,172.217.194.0-255,2902,129112,78,150860
26734,0.001395,172.31.40.0-255,66,129178,78,150860
26735,0.001426,172.217.194.0-255,3602,132780,78,150860
26736,0.001436,172.31.40.0-255,66,132846,78,150860
26737,0.00144,172.217.194.0-255,2902,135748,78,150860
26738,0.001443,172.31.40.0-255,66,135814,78,150860
26739,0.001477,172.217.194.0-255,4320,140134,78,150860
26740,0.001481,172.31.40.0-255,66,140200,78,150860
26741,0.001492,172.31.40.0-255,66,140266,78,150860
26742,0.001502,172.31.40.0-255,66,140332,78,150860
26743,0.001573,172.31.40.0-255,66,140398,78,150860
26744,0.001587,172.31.40.0-255,66,140464,78,150860
26745,0.001601,172.31.40.0-255,66,140530,78,150860
26746,0.001612,172.31.40.0-255,66,140596,78,150860
26747,0.001639,172.217.194.0-255,4320,144916,78,150860
26748,0.001642,172.31.40.0-255,66,144982,78,150860
26749,0.001653,172.31.40.0-255,66,145048,78,150860
26750,0.001703,172.31.40.0-255,66,145114,78,150860
26751,0.001745,172.31.40.0-255,66,145180,78,150860
26752,0.001764,172.31.40.0-255,66,145246,78,150860
26753,0.001768,172.217.194.0-255,105,145351,78,150860
26754,0.008621,172.31.40.0-255,66,145417,78,150860
26755,0.008667,172.31.40.0-255,105,145522,78,150860
26756,0.011012,172.217.194.0-255,66,145588,78,150860
26757,0.033793,172.31.40.0-255,172,145760,78,150860
26758,0.033824,172.31.40.0-255,1107,146867,78,150860
26759,0.033891,172.31.40.0-255,1514,148381,78,150860
26760,0.033913,172.31.40.0-255,1514,149895,78,150860
26761,0.033916,172.31.40.0-255,701,150596,78,150860
26762,0.035332,104.244.42.0-255,66,150662,78,150860
26763,0.035361,104.244.42.0-255,66,150728,78,150860
26764,0.035424,104.244.42.0-255,66,150794,78,150860
26765,0.035445,104.244.42.0-255,66,150860,78,150860
26766,0.0,172.217.194.0-255,146,146,78,305292
26767,2.1e-05,172.31.40.0-255,66,212,78,305292
26768,2.7e-05,172.217.194.0-255,1484,1696,78,305292
26769,3.1e-05,172.31.40.0-255,66,1762,78,305292
26770,3.6e-05,172.217.194.0-255,2902,4664,78,305292
26771,3.8e-05,172.31.40.0-255,66,4730,78,305292
26772,4.5e-05,172.217.194.0-255,7156,11886,78,305292
26773,4.8e-05,172.31.40.0-255,66,11952,78,305292
26774,5.2e-05,172.217.194.0-255,2902,14854,78,305292
26775,5.5e-05,172.31.40.0-255,66,14920,78,305292
26776,9e-05,172.31.40.0-255,66,14986,78,305292
26777,9.4e-05,172.217.194.0-255,2543,17529,78,305292
26778,9.5e-05,172.31.40.0-255,66,17595,78,305292
26779,0.000125,172.217.194.0-255,1484,19079,78,305292
26780,0.000127,172.31.40.0-255,66,19145,78,305292
26781,0.000131,172.217.194.0-255,2902,22047,78,305292
26782,0.000133,172.31.40.0-255,66,22113,78,305292
26783,0.000138,172.217.194.0-255,4320,26433,78,305292
26784,0.00014,172.31.40.0-255,66,26499,78,305292
26785,0.000153,172.217.194.0-255,1484,27983,78,305292
26786,0.000154,172.31.40.0-255,66,28049,78,305292
26787,0.000175,172.217.194.0-255,5738,33787,78,305292
26788,0.000177,172.31.40.0-255,66,33853,78,305292
26789,0.000197,172.31.40.0-255,66,33919,78,305292
26790,0.000228,172.217.194.0-255,2902,36821,78,305292
26791,0.00023,172.31.40.0-255,66,36887,78,305292
26792,0.000254,172.217.194.0-255,7104,43991,78,305292
26793,0.000256,172.31.40.0-255,66,44057,78,305292
26794,0.000473,172.217.194.0-255,379,44436,78,305292
26795,0.000478,172.31.40.0-255,66,44502,78,305292
26796,0.000626,172.217.194.0-255,1484,45986,78,305292
26797,0.000632,172.217.194.0-255,2902,48888,78,305292
26798,0.000635,172.31.40.0-255,66,48954,78,305292
26799,0.000653,172.217.194.0-255,5738,54692,78,305292
26800,0.000656,172.31.40.0-255,66,54758,78,305292
26801,0.000689,172.217.194.0-255,6797,61555,78,305292
26802,0.000692,172.31.40.0-255,66,61621,78,305292
26803,0.000695,172.217.194.0-255,1484,63105,78,305292
26804,0.000715,172.217.194.0-255,5738,68843,78,305292
26805,0.000718,172.31.40.0-255,66,68909,78,305292
26806,0.000742,172.217.194.0-255,7156,76065,78,305292
26807,0.000745,172.31.40.0-255,66,76131,78,305292
26808,0.00077,172.217.194.0-255,2543,78674,78,305292
26809,0.000772,172.31.40.0-255,66,78740,78,305292
26810,0.001393,172.217.194.0-255,1484,80224,78,305292
26811,0.001401,172.217.194.0-255,2902,83126,78,305292
26812,0.001405,172.31.40.0-255,66,83192,78,305292
26813,0.001411,172.217.194.0-255,4320,87512,78,305292
26814,0.001413,172.31.40.0-255,66,87578,78,305292
26815,0.001426,172.217.194.0-255,1484,89062,78,305292
26816,0.001429,172.217.194.0-255,1484,90546,78,305292
26817,0.001431,172.31.40.0-255,66,90612,78,305292
26818,0.001452,172.31.40.0-255,66,90678,78,305292
26819,0.001456,172.217.194.0-255,2902,93580,78,305292
26820,0.001457,172.31.40.0-255,66,93646,78,305292
26821,0.001494,172.217.194.0-255,4320,97966,78,305292
26822,0.001496,172.31.40.0-255,66,98032,78,305292
26823,0.001515,172.217.194.0-255,3602,101634,78,305292
26824,0.001517,172.31.40.0-255,66,101700,78,305292
26825,0.001652,172.217.194.0-255,1484,103184,78,305292
26826,0.001658,172.217.194.0-255,2902,106086,78,305292
26827,0.001661,172.31.40.0-255,66,106152,78,305292
26828,0.001673,172.217.194.0-255,1484,107636,78,305292
26829,0.001699,172.217.194.0-255,4320,111956,78,305292
26830,0.001702,172.31.40.0-255,66,112022,78,305292
26831,0.001713,172.31.40.0-255,66,112088,78,305292
26832,0.001758,172.217.194.0-255,4320,116408,78,305292
26833,0.00176,172.31.40.0-255,66,116474,78,305292
26834,0.001765,172.217.194.0-255,4320,120794,78,305292
26835,0.001767,172.31.40.0-255,66,120860,78,305292
26836,0.00178,172.217.194.0-255,1484,122344,78,305292
26837,0.001805,172.217.194.0-255,2902,125246,78,305292
26838,0.001807,172.31.40.0-255,66,125312,78,305292
26839,0.00182,172.217.194.0-255,2184,127496,78,305292
26840,0.001822,172.31.40.0-255,66,127562,78,305292
26841,0.001894,172.217.194.0-255,1484,129046,78,305292
26842,0.0019,172.217.194.0-255,2902,131948,78,305292
26843,0.001902,172.31.40.0-255,66,132014,78,305292
26844,0.001919,172.217.194.0-255,1484,133498,78,305292
26845,0.001935,172.217.194.0-255,4320,137818,78,305292
26846,0.001937,172.31.40.0-255,66,137884,78,305292
26847,0.001965,172.217.194.0-255,5738,143622,78,305292
26848,0.001968,172.31.40.0-255,66,143688,78,305292
26849,0.002004,172.217.194.0-255,7156,150844,78,305292
26850,0.002007,172.31.40.0-255,66,150910,78,305292
26851,0.002017,172.31.40.0-255,66,150976,78,305292
26852,0.002021,172.217.194.0-255,2902,153878,78,305292
26853,0.002023,172.31.40.0-255,66,153944,78,305292
26854,0.002064,172.31.40.0-255,66,154010,78,305292
26855,0.00207,172.217.194.0-255,5738,159748,78,305292
26856,0.002071,172.31.40.0-255,66,159814,78,305292
26857,0.002097,172.31.40.0-255,66,159880,78,305292
26858,0.002135,172.217.194.0-255,1484,161364,78,305292
26859,0.00214,172.217.194.0-255,2902,164266,78,305292
26860,0.002142,172.31.40.0-255,66,164332,78,305292
26861,0.002165,172.217.194.0-255,5738,170070,78,305292
26862,0.002168,172.31.40.0-255,66,170136,78,305292
26863,0.002206,172.31.40.0-255,66,170202,78,305292
26864,0.002222,172.217.194.0-255,5738,175940,78,305292
26865,0.002225,172.31.40.0-255,66,176006,78,305292
26866,0.002237,172.217.194.0-255,5020,181026,78,305292
26867,0.00224,172.31.40.0-255,66,181092,78,305292
26868,0.002271,172.217.194.0-255,1484,182576,78,305292
26869,0.002275,172.217.194.0-255,2902,185478,78,305292
26870,0.002278,172.31.40.0-255,66,185544,78,305292
26871,0.002302,172.217.194.0-255,5738,191282,78,305292
26872,0.002305,172.31.40.0-255,66,191348,78,305292
26873,0.00231,172.217.194.0-255,2902,194250,78,305292
26874,0.002311,172.31.40.0-255,66,194316,78,305292
26875,0.002345,172.31.40.0-255,66,194382,78,305292
26876,0.004635,172.217.194.0-255,5738,200120,78,305292
26877,0.004641,172.31.40.0-255,66,200186,78,305292
26878,0.006921,172.217.194.0-255,5738,205924,78,305292
26879,0.006925,172.31.40.0-255,66,205990,78,305292
26880,0.009215,172.217.194.0-255,5738,211728,78,305292
26881,0.009221,172.31.40.0-255,66,211794,78,305292
26882,0.011513,172.217.194.0-255,5738,217532,78,305292
26883,0.011519,172.31.40.0-255,66,217598,78,305292
26884,0.013827,172.217.194.0-255,5738,223336,78,305292
26885,0.013834,172.31.40.0-255,66,223402,78,305292
26886,0.016104,172.217.194.0-255,5738,229140,78,305292
26887,0.016113,172.31.40.0-255,66,229206,78,305292
26888,0.01841,172.217.194.0-255,5738,234944,78,305292
26889,0.018418,172.31.40.0-255,66,235010,78,305292
26890,0.020743,172.217.194.0-255,5738,240748,78,305292
26891,0.02075,172.31.40.0-255,66,240814,78,305292
26892,0.023033,172.217.194.0-255,5738,246552,78,305292
26893,0.023042,172.31.40.0-255,66,246618,78,305292
26894,0.025333,172.217.194.0-255,5738,252356,78,305292
26895,0.02534,172.31.40.0-255,66,252422,78,305292
26896,0.027629,172.217.194.0-255,5738,258160,78,305292
26897,0.027637,172.31.40.0-255,66,258226,78,305292
26898,0.029968,172.217.194.0-255,5738,263964,78,305292
26899,0.029975,172.31.40.0-255,66,264030,78,305292
26900,0.031656,172.31.40.0-255,172,264202,78,305292
26901,0.031689,172.31.40.0-255,1108,265310,78,305292
26902,0.031746,172.31.40.0-255,1514,266824,78,305292
26903,0.031748,172.31.40.0-255,1301,268125,78,305292
26904,0.032283,172.217.194.0-255,5738,273863,78,305292
26905,0.03229,172.31.40.0-255,66,273929,78,305292
26906,0.033139,104.244.42.0-255,66,273995,78,305292
26907,0.033175,104.244.42.0-255,66,274061,78,305292
26908,0.033251,104.244.42.0-255,66,274127,78,305292
26909,0.034575,172.217.194.0-255,5738,279865,78,305292
26910,0.034581,172.31.40.0-255,66,279931,78,305292
26911,0.036873,172.217.194.0-255,5738,285669,78,305292
26912,0.036879,172.31.40.0-255,66,285735,78,305292
26913,0.039148,172.217.194.0-255,5738,291473,78,305292
26914,0.039155,172.31.40.0-255,66,291539,78,305292
26915,0.041435,172.217.194.0-255,5738,297277,78,305292
26916,0.041441,172.31.40.0-255,66,297343,78,305292
26917,0.043712,172.217.194.0-255,5738,303081,78,305292
26918,0.043721,172.31.40.0-255,66,303147,78,305292
26919,0.046008,172.217.194.0-255,1908,305055,78,305292
26920,0.046014,172.31.40.0-255,66,305121,78,305292
26921,0.046213,172.31.40.0-255,105,305226,78,305292
26922,0.048488,172.217.194.0-255,66,305292,78,305292
26923,0.0,172.217.194.0-255,146,146,78,324821
26924,1.9e-05,172.31.40.0-255,66,212,78,324821
26925,2.6e-05,172.217.194.0-255,1484,1696,78,324821
26926,3e-05,172.31.40.0-255,66,1762,78,324821
26927,3.5e-05,172.217.194.0-255,2902,4664,78,324821
26928,3.8e-05,172.31.40.0-255,66,4730,78,324821
26929,4.4e-05,172.217.194.0-255,4320,9050,78,324821
26930,4.7e-05,172.31.40.0-255,66,9116,78,324821
26931,8.7e-05,172.217.194.0-255,2902,12018,78,324821
26932,8.9e-05,172.31.40.0-255,66,12084,78,324821
26933,0.000109,172.217.194.0-255,2067,14151,78,324821
26934,0.000112,172.31.40.0-255,66,14217,78,324821
26935,0.000129,172.217.194.0-255,1484,15701,78,324821
26936,0.000131,172.31.40.0-255,66,15767,78,324821
26937,0.000154,172.217.194.0-255,4320,20087,78,324821
26938,0.000157,172.31.40.0-255,66,20153,78,324821
26939,0.000165,172.217.194.0-255,7156,27309,78,324821
26940,0.000167,172.31.40.0-255,66,27375,78,324821
26941,0.000191,172.217.194.0-255,3961,31336,78,324821
26942,0.000193,172.31.40.0-255,66,31402,78,324821
26943,0.000293,172.217.194.0-255,1484,32886,78,324821
26944,0.000298,172.31.40.0-255,66,32952,78,324821
26945,0.000304,172.217.194.0-255,2902,35854,78,324821
26946,0.000306,172.31.40.0-255,66,35920,78,324821
26947,0.000309,172.217.194.0-255,1484,37404,78,324821
26948,0.000311,172.31.40.0-255,66,37470,78,324821
26949,0.00034,172.217.194.0-255,4320,41790,78,324821
26950,0.000343,172.31.40.0-255,66,41856,78,324821
26951,0.00035,172.217.194.0-255,4320,46176,78,324821
26952,0.000352,172.31.40.0-255,66,46242,78,324821
26953,0.000367,172.217.194.0-255,3961,50203,78,324821
26954,0.00037,172.31.40.0-255,66,50269,78,324821
26955,0.000375,172.217.194.0-255,5738,56007,78,324821
26956,0.000378,172.31.40.0-255,66,56073,78,324821
26957,0.000397,172.217.194.0-255,2902,58975,78,324821
26958,0.000399,172.31.40.0-255,66,59041,78,324821
26959,0.000404,172.217.194.0-255,2902,61943,78,324821
26960,0.000406,172.31.40.0-255,66,62009,78,324821
26961,0.000427,172.217.194.0-255,3961,65970,78,324821
26962,0.00043,172.31.40.0-255,66,66036,78,324821
26963,0.000442,172.217.194.0-255,394,66430,78,324821
26964,0.00047,172.217.194.0-255,380,66810,78,324821
26965,0.000887,172.217.194.0-255,1484,68294,78,324821
26966,0.000892,172.31.40.0-255,66,68360,78,324821
26967,0.000898,172.217.194.0-255,2902,71262,78,324821
26968,0.0009,172.31.40.0-255,66,71328,78,324821
26969,0.000906,172.217.194.0-255,5738,77066,78,324821
26970,0.000908,172.31.40.0-255,66,77132,78,324821
26971,0.000935,172.217.194.0-255,5738,82870,78,324821
26972,0.000937,172.31.40.0-255,66,82936,78,324821
26973,0.00096,172.217.194.0-255,7156,90092,78,324821
26974,0.000962,172.31.40.0-255,66,90158,78,324821
26975,0.000975,172.31.40.0-255,66,90224,78,324821
26976,0.001229,172.217.194.0-255,1484,91708,78,324821
26977,0.001234,172.217.194.0-255,2902,94610,78,324821
26978,0.001238,172.31.40.0-255,66,94676,78,324821
26979,0.001265,172.217.194.0-255,5738,100414,78,324821
26980,0.00127,172.31.40.0-255,66,100480,78,324821
26981,0.001278,172.217.194.0-255,7156,107636,78,324821
26982,0.00128,172.31.40.0-255,66,107702,78,324821
26983,0.001297,172.217.194.0-255,5738,113440,78,324821
26984,0.0013,172.31.40.0-255,66,113506,78,324821
26985,0.00131,172.31.40.0-255,66,113572,78,324821
26986,0.001333,172.217.194.0-255,2184,115756,78,324821
26987,0.001336,172.31.40.0-255,66,115822,78,324821
26988,0.001355,172.217.194.0-255,2902,118724,78,324821
26989,0.001357,172.31.40.0-255,66,118790,78,324821
26990,0.00136,172.217.194.0-255,1484,120274,78,324821
26991,0.001387,172.217.194.0-255,5738,126012,78,324821
26992,0.001425,172.217.194.0-255,7156,133168,78,324821
26993,0.001429,172.31.40.0-255,66,133234,78,324821
26994,0.001431,172.31.40.0-255,66,133300,78,324821
26995,0.001454,172.217.194.0-255,2902,136202,78,324821
26996,0.001457,172.31.40.0-255,66,136268,78,324821
26997,0.001469,172.31.40.0-255,66,136334,78,324821
26998,0.001473,172.217.194.0-255,2184,138518,78,324821
26999,0.001475,172.31.40.0-255,66,138584,78,324821
27000,0.001498,172.217.194.0-255,2902,141486,78,324821
27001,0.0015,172.31.40.0-255,66,141552,78,324821
27002,0.001505,172.217.194.0-255,4320,145872,78,324821
27003,0.001508,172.31.40.0-255,66,145938,78,324821
27004,0.001512,172.217.194.0-255,2902,148840,78,324821
27005,0.001514,172.31.40.0-255,66,148906,78,324821
27006,0.00154,172.217.194.0-255,5738,154644,78,324821
27007,0.001544,172.31.40.0-255,66,154710,78,324821
27008,0.001578,172.31.40.0-255,66,154776,78,324821
27009,0.001597,172.217.194.0-255,2184,156960,78,324821
27010,0.001599,172.217.194.0-255,1484,158444,78,324821
27011,0.001602,172.31.40.0-255,66,158510,78,324821
27012,0.001609,172.217.194.0-255,1484,159994,78,324821
27013,0.001611,172.31.40.0-255,66,160060,78,324821
27014,0.001616,172.217.194.0-255,5738,165798,78,324821
27015,0.001619,172.31.40.0-255,66,165864,78,324821
27016,0.00164,172.217.194.0-255,1484,167348,78,324821
27017,0.001648,172.217.194.0-255,7156,174504,78,324821
27018,0.00165,172.31.40.0-255,66,174570,78,324821
27019,0.001677,172.31.40.0-255,66,174636,78,324821
27020,0.001695,172.217.194.0-255,2902,177538,78,324821
27021,0.001697,172.31.40.0-255,66,177604,78,324821
27022,0.001719,172.217.194.0-255,5020,182624,78,324821
27023,0.001722,172.31.40.0-255,66,182690,78,324821
27024,0.001725,172.217.194.0-255,2902,185592,78,324821
27025,0.001727,172.31.40.0-255,66,185658,78,324821
27026,0.001745,172.217.194.0-255,5738,191396,78,324821
27027,0.001748,172.31.40.0-255,66,191462,78,324821
27028,0.001758,172.217.194.0-255,7156,198618,78,324821
27029,0.001761,172.31.40.0-255,66,198684,78,324821
27030,0.001792,172.217.194.0-255,5738,204422,78,324821
27031,0.001795,172.31.40.0-255,66,204488,78,324821
27032,0.001821,172.31.40.0-255,66,204554,78,324821
27033,0.001823,172.217.194.0-255,766,205320,78,324821
27034,0.001851,172.217.194.0-255,1484,206804,78,324821
27035,0.001853,172.31.40.0-255,66,206870,78,324821
27036,0.00187,172.217.194.0-255,2902,209772,78,324821
27037,0.001872,172.31.40.0-255,66,209838,78,324821
27038,0.001898,172.217.194.0-255,5738,215576,78,324821
27039,0.001901,172.31.40.0-255,66,215642,78,324821
27040,0.00192,172.217.194.0-255,4320,219962,78,324821
27041,0.001923,172.31.40.0-255,66,220028,78,324821
27042,0.001936,172.217.194.0-255,1484,221512,78,324821
27043,0.001941,172.217.194.0-255,4320,225832,78,324821
27044,0.001943,172.31.40.0-255,66,225898,78,324821
27045,0.001955,172.217.194.0-255,2902,228800,78,324821
27046,0.001956,172.31.40.0-255,66,228866,78,324821
27047,0.001967,172.31.40.0-255,66,228932,78,324821
27048,0.002031,172.217.194.0-255,1484,230416,78,324821
27049,0.002044,172.217.194.0-255,2902,233318,78,324821
27050,0.002047,172.31.40.0-255,66,233384,78,324821
27051,0.002052,172.217.194.0-255,4320,237704,78,324821
27052,0.002054,172.31.40.0-255,66,237770,78,324821
27053,0.002065,172.217.194.0-255,1484,239254,78,324821
27054,0.00407,172.217.194.0-255,4320,243574,78,324821
27055,0.004075,172.31.40.0-255,66,243640,78,324821
27056,0.0061,172.217.194.0-255,5738,249378,78,324821
27057,0.006112,172.31.40.0-255,66,249444,78,324821
27058,0.008123,172.217.194.0-255,5738,255182,78,324821
27059,0.00813,172.31.40.0-255,66,255248,78,324821
27060,0.010191,172.217.194.0-255,5738,260986,78,324821
27061,0.010194,172.31.40.0-255,66,261052,78,324821
27062,0.012206,172.217.194.0-255,5738,266790,78,324821
27063,0.012213,172.31.40.0-255,66,266856,78,324821
27064,0.014231,172.217.194.0-255,5738,272594,78,324821
27065,0.014244,172.31.40.0-255,66,272660,78,324821
27066,0.016297,172.217.194.0-255,5738,278398,78,324821
27067,0.01631,172.31.40.0-255,66,278464,78,324821
27068,0.018322,172.217.194.0-255,5738,284202,78,324821
27069,0.018328,172.31.40.0-255,66,284268,78,324821
27070,0.020369,172.217.194.0-255,5738,290006,78,324821
27071,0.020379,172.31.40.0-255,66,290072,78,324821
27072,0.022422,172.217.194.0-255,5738,295810,78,324821
27073,0.022436,172.31.40.0-255,66,295876,78,324821
27074,0.024451,172.217.194.0-255,5738,301614,78,324821
27075,0.024458,172.31.40.0-255,66,301680,78,324821
27076,0.026486,172.217.194.0-255,5738,307418,78,324821
27077,0.026492,172.31.40.0-255,66,307484,78,324821
27078,0.028526,172.217.194.0-255,5738,313222,78,324821
27079,0.028533,172.31.40.0-255,66,313288,78,324821
27080,0.030616,172.217.194.0-255,5738,319026,78,324821
27081,0.030633,172.31.40.0-255,66,319092,78,324821
27082,0.03264,172.217.194.0-255,5492,324584,78,324821
27083,0.032647,172.31.40.0-255,66,324650,78,324821
27084,0.032851,172.31.40.0-255,105,324755,78,324821
27085,0.034798,172.217.194.0-255,66,324821,78,324821
27086,0.0,172.217.194.0-255,146,146,78,236350
27087,2.5e-05,172.31.40.0-255,66,212,78,236350
27088,3.2e-05,172.217.194.0-255,1484,1696,78,236350
27089,3.8e-05,172.31.40.0-255,66,1762,78,236350
27090,4.4e-05,172.217.194.0-255,2902,4664,78,236350
27091,4.8e-05,172.31.40.0-255,66,4730,78,236350
27092,5.5e-05,172.217.194.0-255,5738,10468,78,236350
27093,5.8e-05,172.31.40.0-255,66,10534,78,236350
27094,6.4e-05,172.217.194.0-255,4320,14854,78,236350
27095,6.6e-05,172.31.40.0-255,66,14920,78,236350
27096,0.0001,172.31.40.0-255,66,14986,78,236350
27097,0.000108,172.217.194.0-255,6797,21783,78,236350
27098,0.000111,172.31.40.0-255,66,21849,78,236350
27099,0.000151,172.217.194.0-255,1484,23333,78,236350
27100,0.000154,172.31.40.0-255,66,23399,78,236350
27101,0.000158,172.217.194.0-255,2902,26301,78,236350
27102,0.000161,172.31.40.0-255,66,26367,78,236350
27103,0.000174,172.217.194.0-255,1484,27851,78,236350
27104,0.000176,172.31.40.0-255,66,27917,78,236350
27105,0.000195,172.217.194.0-255,4320,32237,78,236350
27106,0.000198,172.31.40.0-255,66,32303,78,236350
27107,0.000228,172.217.194.0-255,4320,36623,78,236350
27108,0.000231,172.31.40.0-255,66,36689,78,236350
27109,0.000243,172.217.194.0-255,2543,39232,78,236350
27110,0.000245,172.31.40.0-255,66,39298,78,236350
27111,0.001037,172.217.194.0-255,1484,40782,78,236350
27112,0.001045,172.31.40.0-255,66,40848,78,236350
27113,0.001054,172.217.194.0-255,2902,43750,78,236350
27114,0.001056,172.31.40.0-255,66,43816,78,236350
27115,0.001087,172.217.194.0-255,5738,49554,78,236350
27116,0.00109,172.31.40.0-255,66,49620,78,236350
27117,0.001096,172.217.194.0-255,4320,53940,78,236350
27118,0.001098,172.31.40.0-255,66,54006,78,236350
27119,0.001114,172.217.194.0-255,2543,56549,78,236350
27120,0.001116,172.31.40.0-255,66,56615,78,236350
27121,0.001163,172.217.194.0-255,1484,58099,78,236350
27122,0.001183,172.217.194.0-255,2902,61001,78,236350
27123,0.001187,172.31.40.0-255,66,61067,78,236350
27124,0.001194,172.217.194.0-255,5738,66805,78,236350
27125,0.001196,172.31.40.0-255,66,66871,78,236350
27126,0.001225,172.31.40.0-255,66,66937,78,236350
27127,0.001242,172.217.194.0-255,2902,69839,78,236350
27128,0.001245,172.31.40.0-255,66,69905,78,236350
27129,0.001283,172.31.40.0-255,66,69971,78,236350
27130,0.001338,172.217.194.0-255,645,70616,78,236350
27131,0.001458,172.217.194.0-255,1484,72100,78,236350
27132,0.001463,172.31.40.0-255,66,72166,78,236350
27133,0.001469,172.217.194.0-255,2902,75068,78,236350
27134,0.001471,172.31.40.0-255,66,75134,78,236350
27135,0.001476,172.217.194.0-255,2902,78036,78,236350
27136,0.001478,172.31.40.0-255,66,78102,78,236350
27137,0.001501,172.217.194.0-255,2902,81004,78,236350
27138,0.001504,172.31.40.0-255,66,81070,78,236350
27139,0.001508,172.217.194.0-255,2902,83972,78,236350
27140,0.00151,172.31.40.0-255,66,84038,78,236350
27141,0.001519,172.217.194.0-255,7156,91194,78,236350
27142,0.001521,172.31.40.0-255,66,91260,78,236350
27143,0.001548,172.217.194.0-255,2902,94162,78,236350
27144,0.001551,172.31.40.0-255,66,94228,78,236350
27145,0.001557,172.217.194.0-255,5738,99966,78,236350
27146,0.00156,172.31.40.0-255,66,100032,78,236350
27147,0.001577,172.217.194.0-255,5020,105052,78,236350
27148,0.00158,172.31.40.0-255,66,105118,78,236350
27149,0.00164,172.31.40.0-255,66,105184,78,236350
27150,0.001652,172.31.40.0-255,66,105250,78,236350
27151,0.001663,172.31.40.0-255,66,105316,78,236350
27152,0.001685,172.217.194.0-255,3602,108918,78,236350
27153,0.001687,172.31.40.0-255,66,108984,78,236350
27154,0.001702,172.217.194.0-255,2902,111886,78,236350
27155,0.001705,172.31.40.0-255,66,111952,78,236350
27156,0.001717,172.217.194.0-255,4320,116272,78,236350
27157,0.001721,172.31.40.0-255,66,116338,78,236350
27158,0.001727,172.217.194.0-255,5738,122076,78,236350
27159,0.001729,172.31.40.0-255,66,122142,78,236350
27160,0.001759,172.217.194.0-255,2902,125044,78,236350
27161,0.001761,172.31.40.0-255,66,125110,78,236350
27162,0.001779,172.31.40.0-255,66,125176,78,236350
27163,0.001781,172.217.194.0-255,766,125942,78,236350
27164,0.001816,172.217.194.0-255,1484,127426,78,236350
27165,0.001819,172.31.40.0-255,66,127492,78,236350
27166,0.001823,172.217.194.0-255,1484,128976,78,236350
27167,0.00184,172.217.194.0-255,1484,130460,78,236350
27168,0.001842,172.31.40.0-255,66,130526,78,236350
27169,0.001848,172.217.194.0-255,5738,136264,78,236350
27170,0.00185,172.31.40.0-255,66,136330,78,236350
27171,0.001873,172.217.194.0-255,4320,140650,78,236350
27172,0.001876,172.31.40.0-255,66,140716,78,236350
27173,0.001908,172.31.40.0-255,66,140782,78,236350
27174,0.001911,172.217.194.0-255,1484,142266,78,236350
27175,0.001939,172.31.40.0-255,66,142332,78,236350
27176,0.001963,172.217.194.0-255,7156,149488,78,236350
27177,0.001966,172.31.40.0-255,66,149554,78,236350
27178,0.001985,172.217.194.0-255,4320,153874,78,236350
27179,0.001988,172.31.40.0-255,66,153940,78,236350
27180,0.002,172.217.194.0-255,7156,161096,78,236350
27181,0.002003,172.31.40.0-255,66,161162,78,236350
27182,0.002021,172.217.194.0-255,1484,162646,78,236350
27183,0.002059,172.31.40.0-255,66,162712,78,236350
27184,0.002061,172.217.194.0-255,766,163478,78,236350
27185,0.002121,172.217.194.0-255,1484,164962,78,236350
27186,0.002124,172.31.40.0-255,66,165028,78,236350
27187,0.00213,172.217.194.0-255,2902,167930,78,236350
27188,0.002133,172.31.40.0-255,66,167996,78,236350
27189,0.002162,172.217.194.0-255,5738,173734,78,236350
27190,0.002165,172.31.40.0-255,66,173800,78,236350
27191,0.002172,172.217.194.0-255,5738,179538,78,236350
27192,0.002174,172.31.40.0-255,66,179604,78,236350
27193,0.002195,172.217.194.0-255,7156,186760,78,236350
27194,0.002198,172.31.40.0-255,66,186826,78,236350
27195,0.00221,172.31.40.0-255,66,186892,78,236350
27196,0.002276,172.217.194.0-255,1484,188376,78,236350
27197,0.002282,172.217.194.0-255,2902,191278,78,236350
27198,0.002296,172.217.194.0-255,1484,192762,78,236350
27199,0.002311,172.217.194.0-255,4320,197082,78,236350
27200,0.002362,172.217.194.0-255,4320,201402,78,236350
27201,0.002406,172.217.194.0-255,4320,205722,78,236350
27202,0.002454,172.217.194.0-255,4320,210042,78,236350
27203,0.002461,172.217.194.0-255,7156,217198,78,236350
27204,0.002498,172.217.194.0-255,2902,220100,78,236350
27205,0.002565,172.217.194.0-255,7156,227256,78,236350
27206,0.002591,172.217.194.0-255,4298,231554,78,236350
27207,0.002594,172.217.194.0-255,97,231651,78,236350
27208,0.007177,172.31.40.0-255,66,231717,78,236350
27209,0.009697,172.217.194.0-255,105,231822,78,236350
27210,0.00991,172.31.40.0-255,66,231888,78,236350
27211,0.009947,172.31.40.0-255,105,231993,78,236350
27212,0.012471,172.217.194.0-255,66,232059,78,236350
27213,0.037028,172.31.40.0-255,172,232231,78,236350
27214,0.037063,172.31.40.0-255,1108,233339,78,236350
27215,0.037128,172.31.40.0-255,1514,234853,78,236350
27216,0.03713,172.31.40.0-255,1299,236152,78,236350
27217,0.038624,104.244.42.0-255,66,236218,78,236350
27218,0.038655,104.244.42.0-255,66,236284,78,236350
27219,0.038712,104.244.42.0-255,66,236350,78,236350
27220,0.0,74.125.130.0-255,150,150,78,275344
27221,1.5e-05,172.31.40.0-255,66,216,78,275344
27222,3.9e-05,74.125.130.0-255,1484,1700,78,275344
27223,4.4e-05,172.31.40.0-255,66,1766,78,275344
27224,4.8e-05,74.125.130.0-255,1484,3250,78,275344
27225,5.1e-05,172.31.40.0-255,66,3316,78,275344
27226,7.1e-05,74.125.130.0-255,2902,6218,78,275344
27227,7.3e-05,172.31.40.0-255,66,6284,78,275344
27228,7.7e-05,74.125.130.0-255,1484,7768,78,275344
27229,7.9e-05,172.31.40.0-255,66,7834,78,275344
27230,0.000106,74.125.130.0-255,4320,12154,78,275344
27231,0.000109,172.31.40.0-255,66,12220,78,275344
27232,0.000113,74.125.130.0-255,2034,14254,78,275344
27233,0.000115,172.31.40.0-255,66,14320,78,275344
27234,0.000132,74.125.130.0-255,5738,20058,78,275344
27235,0.000135,172.31.40.0-255,66,20124,78,275344
27236,0.000165,74.125.130.0-255,4320,24444,78,275344
27237,0.000168,172.31.40.0-255,66,24510,78,275344
27238,0.000175,74.125.130.0-255,5738,30248,78,275344
27239,0.000177,172.31.40.0-255,66,30314,78,275344
27240,0.000191,74.125.130.0-255,1125,31439,78,275344
27241,0.000193,172.31.40.0-255,66,31505,78,275344
27242,0.000273,74.125.130.0-255,1484,32989,78,275344
27243,0.000278,172.31.40.0-255,66,33055,78,275344
27244,0.000281,74.125.130.0-255,1484,34539,78,275344
27245,0.000283,172.31.40.0-255,66,34605,78,275344
27246,0.000299,74.125.130.0-255,1484,36089,78,275344
27247,0.000301,172.31.40.0-255,66,36155,78,275344
27248,0.000306,74.125.130.0-255,2902,39057,78,275344
27249,0.000308,172.31.40.0-255,66,39123,78,275344
27250,0.000315,74.125.130.0-255,4320,43443,78,275344
27251,0.000317,172.31.40.0-255,66,43509,78,275344
27252,0.000348,74.125.130.0-255,2902,46411,78,275344
27253,0.000351,172.31.40.0-255,66,46477,78,275344
27254,0.00037,74.125.130.0-255,2543,49020,78,275344
27255,0.000372,172.31.40.0-255,66,49086,78,275344
27256,0.000992,74.125.130.0-255,1484,50570,78,275344
27257,0.001001,74.125.130.0-255,1484,52054,78,275344
27258,0.001006,172.31.40.0-255,66,52120,78,275344
27259,0.001012,74.125.130.0-255,2902,55022,78,275344
27260,0.001014,172.31.40.0-255,66,55088,78,275344
27261,0.001026,74.125.130.0-255,1484,56572,78,275344
27262,0.001055,74.125.130.0-255,4320,60892,78,275344
27263,0.001059,172.31.40.0-255,66,60958,78,275344
27264,0.001065,74.125.130.0-255,5379,66337,78,275344
27265,0.001068,172.31.40.0-255,66,66403,78,275344
27266,0.001213,74.125.130.0-255,1484,67887,78,275344
27267,0.00122,74.125.130.0-255,2902,70789,78,275344
27268,0.001224,172.31.40.0-255,66,70855,78,275344
27269,0.001242,74.125.130.0-255,2902,73757,78,275344
27270,0.001245,172.31.40.0-255,66,73823,78,275344
27271,0.00127,74.125.130.0-255,2902,76725,78,275344
27272,0.001272,172.31.40.0-255,66,76791,78,275344
27273,0.001278,74.125.130.0-255,4320,81111,78,275344
27274,0.00128,172.31.40.0-255,66,81177,78,275344
27275,0.001288,74.125.130.0-255,5379,86556,78,275344
27276,0.00129,172.31.40.0-255,66,86622,78,275344
27277,0.001306,74.125.130.0-255,1484,88106,78,275344
27278,0.00133,172.31.40.0-255,66,88172,78,275344
27279,0.001359,74.125.130.0-255,2543,90715,78,275344
27280,0.001362,172.31.40.0-255,66,90781,78,275344
27281,0.001381,74.125.130.0-255,2902,93683,78,275344
27282,0.001384,172.31.40.0-255,66,93749,78,275344
27283,0.001399,74.125.130.0-255,1484,95233,78,275344
27284,0.001418,74.125.130.0-255,5738,100971,78,275344
27285,0.001421,172.31.40.0-255,66,101037,78,275344
27286,0.001426,74.125.130.0-255,4320,105357,78,275344
27287,0.001429,172.31.40.0-255,66,105423,78,275344
27288,0.001475,74.125.130.0-255,2428,107851,78,275344
27289,0.001477,172.31.40.0-255,66,107917,78,275344
27290,0.001656,74.125.130.0-255,1484,109401,78,275344
27291,0.001664,74.125.130.0-255,2902,112303,78,275344
27292,0.001668,172.31.40.0-255,66,112369,78,275344
27293,0.001684,74.125.130.0-255,5738,118107,78,275344
27294,0.001687,172.31.40.0-255,66,118173,78,275344
27295,0.001719,74.125.130.0-255,4320,122493,78,275344
27296,0.001723,172.31.40.0-255,66,122559,78,275344
27297,0.00174,74.125.130.0-255,2667,125226,78,275344
27298,0.001743,172.31.40.0-255,66,125292,78,275344
27299,0.001955,74.125.130.0-255,1484,126776,78,275344
27300,0.001961,74.125.130.0-255,1484,128260,78,275344
27301,0.001966,172.31.40.0-255,66,128326,78,275344
27302,0.001991,74.125.130.0-255,2902,131228,78,275344
27303,0.001994,172.31.40.0-255,66,131294,78,275344
27304,0.00201,74.125.130.0-255,4320,135614,78,275344
27305,0.002013,172.31.40.0-255,66,135680,78,275344
27306,0.002028,74.125.130.0-255,1484,137164,78,275344
27307,0.002031,74.125.130.0-255,1484,138648,78,275344
27308,0.002033,172.31.40.0-255,66,138714,78,275344
27309,0.002038,74.125.130.0-255,2902,141616,78,275344
27310,0.002041,172.31.40.0-255,66,141682,78,275344
27311,0.00405,74.125.130.0-255,5738,147420,78,275344
27312,0.004057,172.31.40.0-255,66,147486,78,275344
27313,0.006074,74.125.130.0-255,4320,151806,78,275344
27314,0.006078,172.31.40.0-255,66,151872,78,275344
27315,0.006095,74.125.130.0-255,1484,153356,78,275344
27316,0.008103,74.125.130.0-255,4320,157676,78,275344
27317,0.008109,172.31.40.0-255,66,157742,78,275344
27318,0.010121,74.125.130.0-255,2902,160644,78,275344
27319,0.010125,172.31.40.0-255,66,160710,78,275344
27320,0.010142,74.125.130.0-255,2902,163612,78,275344
27321,0.010145,172.31.40.0-255,66,163678,78,275344
27322,0.012156,74.125.130.0-255,5738,169416,78,275344
27323,0.012164,172.31.40.0-255,66,169482,78,275344
27324,0.014201,74.125.130.0-255,5738,175220,78,275344
27325,0.014207,172.31.40.0-255,66,175286,78,275344
27326,0.016237,74.125.130.0-255,5738,181024,78,275344
27327,0.016244,172.31.40.0-255,66,181090,78,275344
27328,0.018271,74.125.130.0-255,4320,185410,78,275344
27329,0.018277,172.31.40.0-255,66,185476,78,275344
27330,0.018296,74.125.130.0-255,1484,186960,78,275344
27331,0.020292,74.125.130.0-255,4320,191280,78,275344
27332,0.020299,172.31.40.0-255,66,191346,78,275344
27333,0.022334,74.125.130.0-255,5738,197084,78,275344
27334,0.022341,172.31.40.0-255,66,197150,78,275344
27335,0.024377,74.125.130.0-255,5738,202888,78,275344
27336,0.024386,172.31.40.0-255,66,202954,78,275344
27337,0.026585,74.125.130.0-255,5738,208692,78,275344
27338,0.026593,172.31.40.0-255,66,208758,78,275344
27339,0.028624,74.125.130.0-255,5738,214496,78,275344
27340,0.028631,172.31.40.0-255,66,214562,78,275344
27341,0.030657,74.125.130.0-255,5738,220300,78,275344
27342,0.030664,172.31.40.0-255,66,220366,78,275344
27343,0.032692,74.125.130.0-255,4320,224686,78,275344
27344,0.032699,172.31.40.0-255,66,224752,78,275344
27345,0.032721,74.125.130.0-255,1484,226236,78,275344
27346,0.034731,74.125.130.0-255,4320,230556,78,275344
27347,0.034739,172.31.40.0-255,66,230622,78,275344
27348,0.036766,74.125.130.0-255,4320,234942,78,275344
27349,0.036775,172.31.40.0-255,66,235008,78,275344
27350,0.036796,74.125.130.0-255,1484,236492,78,275344
27351,0.038813,74.125.130.0-255,4320,240812,78,275344
27352,0.03882,172.31.40.0-255,66,240878,78,275344
27353,0.040846,74.125.130.0-255,5738,246616,78,275344
27354,0.040853,172.31.40.0-255,66,246682,78,275344
27355,0.041739,172.31.40.0-255,172,246854,78,275344
27356,0.041764,172.31.40.0-255,1107,247961,78,275344
27357,0.041824,172.31.40.0-255,1514,249475,78,275344
27358,0.041825,172.31.40.0-255,1514,250989,78,275344
27359,0.041851,172.31.40.0-255,701,251690,78,275344
27360,0.042878,74.125.130.0-255,5738,257428,78,275344
27361,0.042885,172.31.40.0-255,66,257494,78,275344
27362,0.043311,104.244.42.0-255,66,257560,78,275344
27363,0.043366,104.244.42.0-255,66,257626,78,275344
27364,0.043413,104.244.42.0-255,66,257692,78,275344
27365,0.043418,104.244.42.0-255,66,257758,78,275344
27366,0.044919,74.125.130.0-255,5738,263496,78,275344
27367,0.044929,172.31.40.0-255,66,263562,78,275344
27368,0.045589,104.244.42.0-255,108,263670,78,275344
27369,0.045599,172.31.40.0-255,66,263736,78,275344
27370,0.046955,74.125.130.0-255,5738,269474,78,275344
27371,0.04696,172.31.40.0-255,66,269540,78,275344
27372,0.048991,74.125.130.0-255,5738,275278,78,275344
27373,0.048998,172.31.40.0-255,66,275344,78,275344
27374,0.0,172.217.194.0-255,153,153,78,312683
27375,1.7e-05,172.31.40.0-255,66,219,78,312683
27376,2.3e-05,172.217.194.0-255,1484,1703,78,312683
27377,2.8e-05,172.31.40.0-255,66,1769,78,312683
27378,3.5e-05,172.217.194.0-255,2902,4671,78,312683
27379,3.9e-05,172.31.40.0-255,66,4737,78,312683
27380,4.6e-05,172.217.194.0-255,7156,11893,78,312683
27381,5e-05,172.31.40.0-255,66,11959,78,312683
27382,5.4e-05,172.217.194.0-255,3485,15444,78,312683
27383,5.7e-05,172.31.40.0-255,66,15510,78,312683
27384,6.4e-05,172.217.194.0-255,4320,19830,78,312683
27385,6.7e-05,172.31.40.0-255,66,19896,78,312683
27386,9.8e-05,172.31.40.0-255,66,19962,78,312683
27387,0.000102,172.217.194.0-255,2543,22505,78,312683
27388,0.000104,172.31.40.0-255,66,22571,78,312683
27389,0.000222,172.217.194.0-255,1484,24055,78,312683
27390,0.000227,172.31.40.0-255,66,24121,78,312683
27391,0.000232,172.217.194.0-255,2902,27023,78,312683
27392,0.000234,172.31.40.0-255,66,27089,78,312683
27393,0.000237,172.217.194.0-255,1484,28573,78,312683
27394,0.000239,172.31.40.0-255,66,28639,78,312683
27395,0.000257,172.217.194.0-255,4320,32959,78,312683
27396,0.000259,172.31.40.0-255,66,33025,78,312683
27397,0.000286,172.217.194.0-255,7156,40181,78,312683
27398,0.000289,172.31.40.0-255,66,40247,78,312683
27399,0.000306,172.217.194.0-255,6797,47044,78,312683
27400,0.000309,172.31.40.0-255,66,47110,78,312683
27401,0.00032,172.31.40.0-255,66,47176,78,312683
27402,0.00035,172.217.194.0-255,1376,48552,78,312683
27403,0.000352,172.31.40.0-255,66,48618,78,312683
27404,0.000393,172.217.194.0-255,120,48738,78,312683
27405,0.000499,172.217.194.0-255,381,49119,78,312683
27406,0.000732,172.217.194.0-255,1484,50603,78,312683
27407,0.000736,172.31.40.0-255,66,50669,78,312683
27408,0.000741,172.217.194.0-255,2902,53571,78,312683
27409,0.000744,172.31.40.0-255,66,53637,78,312683
27410,0.000749,172.217.194.0-255,2902,56539,78,312683
27411,0.000751,172.31.40.0-255,66,56605,78,312683
27412,0.000774,172.217.194.0-255,2902,59507,78,312683
27413,0.000777,172.31.40.0-255,66,59573,78,312683
27414,0.000784,172.217.194.0-255,7156,66729,78,312683
27415,0.000786,172.31.40.0-255,66,66795,78,312683
27416,0.000791,172.217.194.0-255,2902,69697,78,312683
27417,0.000793,172.31.40.0-255,66,69763,78,312683
27418,0.000831,172.31.40.0-255,66,69829,78,312683
27419,0.000835,172.217.194.0-255,2184,72013,78,312683
27420,0.000837,172.31.40.0-255,66,72079,78,312683
27421,0.001117,172.217.194.0-255,1484,73563,78,312683
27422,0.001126,172.217.194.0-255,2902,76465,78,312683
27423,0.001131,172.31.40.0-255,66,76531,78,312683
27424,0.001137,172.217.194.0-255,2902,79433,78,312683
27425,0.001139,172.31.40.0-255,66,79499,78,312683
27426,0.001154,172.217.194.0-255,2902,82401,78,312683
27427,0.001157,172.31.40.0-255,66,82467,78,312683
27428,0.001163,172.217.194.0-255,5738,88205,78,312683
27429,0.001166,172.31.40.0-255,66,88271,78,312683
27430,0.001198,172.217.194.0-255,7156,95427,78,312683
27431,0.001202,172.31.40.0-255,66,95493,78,312683
27432,0.001216,172.31.40.0-255,66,95559,78,312683
27433,0.001465,172.217.194.0-255,1484,97043,78,312683
27434,0.001485,172.217.194.0-255,2902,99945,78,312683
27435,0.00149,172.31.40.0-255,66,100011,78,312683
27436,0.001498,172.217.194.0-255,5738,105749,78,312683
27437,0.001501,172.31.40.0-255,66,105815,78,312683
27438,0.001527,172.217.194.0-255,2902,108717,78,312683
27439,0.00153,172.31.40.0-255,66,108783,78,312683
27440,0.00155,172.31.40.0-255,66,108849,78,312683
27441,0.001562,172.217.194.0-255,1484,110333,78,312683
27442,0.00157,172.217.194.0-255,7156,117489,78,312683
27443,0.001573,172.31.40.0-255,66,117555,78,312683
27444,0.001594,172.217.194.0-255,3602,121157,78,312683
27445,0.001597,172.31.40.0-255,66,121223,78,312683
27446,0.001669,172.217.194.0-255,1484,122707,78,312683
27447,0.001674,172.217.194.0-255,2902,125609,78,312683
27448,0.001677,172.31.40.0-255,66,125675,78,312683
27449,0.00171,172.217.194.0-255,2902,128577,78,312683
27450,0.001713,172.31.40.0-255,66,128643,78,312683
27451,0.001738,172.217.194.0-255,2902,131545,78,312683
27452,0.001741,172.31.40.0-255,66,131611,78,312683
27453,0.001748,172.217.194.0-255,7156,138767,78,312683
27454,0.00175,172.31.40.0-255,66,138833,78,312683
27455,0.001782,172.217.194.0-255,5738,144571,78,312683
27456,0.001784,172.31.40.0-255,66,144637,78,312683
27457,0.001807,172.31.40.0-255,66,144703,78,312683
27458,0.001812,172.217.194.0-255,2184,146887,78,312683
27459,0.001814,172.31.40.0-255,66,146953,78,312683
27460,0.001869,172.217.194.0-255,1484,148437,78,312683
27461,0.001874,172.217.194.0-255,2902,151339,78,312683
27462,0.001877,172.31.40.0-255,66,151405,78,312683
27463,0.001885,172.217.194.0-255,5738,157143,78,312683
27464,0.001888,172.31.40.0-255,66,157209,78,312683
27465,0.001891,172.217.194.0-255,1484,158693,78,312683
27466,0.00192,172.217.194.0-255,5738,164431,78,312683
27467,0.001923,172.31.40.0-255,66,164497,78,312683
27468,0.001986,172.31.40.0-255,66,164563,78,312683
27469,0.002013,172.217.194.0-255,6438,171001,78,312683
27470,0.002016,172.31.40.0-255,66,171067,78,312683
27471,0.002061,172.217.194.0-255,1484,172551,78,312683
27472,0.002066,172.217.194.0-255,2902,175453,78,312683
27473,0.002068,172.31.40.0-255,66,175519,78,312683
27474,0.002088,172.217.194.0-255,5738,181257,78,312683
27475,0.002091,172.31.40.0-255,66,181323,78,312683
27476,0.002095,172.217.194.0-255,2902,184225,78,312683
27477,0.002097,172.31.40.0-255,66,184291,78,312683
27478,0.002141,172.31.40.0-255,66,184357,78,312683
27479,0.002148,172.217.194.0-255,7156,191513,78,312683
27480,0.00215,172.31.40.0-255,66,191579,78,312683
27481,0.002165,172.217.194.0-255,3602,195181,78,312683
27482,0.002168,172.31.40.0-255,66,195247,78,312683
27483,0.002217,172.217.194.0-255,1484,196731,78,312683
27484,0.002222,172.217.194.0-255,2902,199633,78,312683
27485,0.002225,172.31.40.0-255,66,199699,78,312683
27486,0.00225,172.217.194.0-255,5738,205437,78,312683
27487,0.002252,172.31.40.0-255,66,205503,78,312683
27488,0.002267,172.31.40.0-255,66,205569,78,312683
27489,0.002274,172.217.194.0-255,5738,211307,78,312683
27490,0.002276,172.31.40.0-255,66,211373,78,312683
27491,0.00229,172.217.194.0-255,2902,214275,78,312683
27492,0.002292,172.31.40.0-255,66,214341,78,312683
27493,0.002311,172.217.194.0-255,2184,216525,78,312683
27494,0.002313,172.31.40.0-255,66,216591,78,312683
27495,0.004535,172.217.194.0-255,2902,219493,78,312683
27496,0.004538,172.31.40.0-255,66,219559,78,312683
27497,0.004557,172.217.194.0-255,1484,221043,78,312683
27498,0.00457,172.217.194.0-255,1484,222527,78,312683
27499,0.004572,172.31.40.0-255,66,222593,78,312683
27500,0.006818,172.217.194.0-255,5738,228331,78,312683
27501,0.006836,172.31.40.0-255,66,228397,78,312683
27502,0.009098,172.217.194.0-255,5738,234135,78,312683
27503,0.009112,172.31.40.0-255,66,234201,78,312683
27504,0.01138,172.217.194.0-255,5738,239939,78,312683
27505,0.01139,172.31.40.0-255,66,240005,78,312683
27506,0.01369,172.217.194.0-255,5738,245743,78,312683
27507,0.013696,172.31.40.0-255,66,245809,78,312683
27508,0.016053,172.217.194.0-255,5738,251547,78,312683
27509,0.016064,172.31.40.0-255,66,251613,78,312683
27510,0.018315,172.217.194.0-255,5738,257351,78,312683
27511,0.018322,172.31.40.0-255,66,257417,78,312683
27512,0.0206,172.217.194.0-255,5738,263155,78,312683
27513,0.020613,172.31.40.0-255,66,263221,78,312683
27514,0.022888,172.217.194.0-255,5738,268959,78,312683
27515,0.022897,172.31.40.0-255,66,269025,78,312683
27516,0.025152,172.217.194.0-255,5738,274763,78,312683
27517,0.02516,172.31.40.0-255,66,274829,78,312683
27518,0.027415,172.217.194.0-255,5738,280567,78,312683
27519,0.027425,172.31.40.0-255,66,280633,78,312683
27520,0.029682,172.217.194.0-255,5738,286371,78,312683
27521,0.02969,172.31.40.0-255,66,286437,78,312683
27522,0.031964,172.217.194.0-255,5738,292175,78,312683
27523,0.031971,172.31.40.0-255,66,292241,78,312683
27524,0.034221,172.217.194.0-255,5738,297979,78,312683
27525,0.034229,172.31.40.0-255,66,298045,78,312683
27526,0.036503,172.217.194.0-255,5738,303783,78,312683
27527,0.036522,172.31.40.0-255,66,303849,78,312683
27528,0.038789,172.217.194.0-255,5738,309587,78,312683
27529,0.038797,172.31.40.0-255,66,309653,78,312683
27530,0.041049,172.217.194.0-255,2793,312446,78,312683
27531,0.041062,172.31.40.0-255,66,312512,78,312683
27532,0.041232,172.31.40.0-255,105,312617,78,312683
27533,0.043485,172.217.194.0-255,66,312683,78,312683
27534,0.0,74.125.24.0-255,146,146,78,223103
27535,2.3e-05,172.31.40.0-255,66,212,78,223103
27536,3e-05,74.125.24.0-255,1484,1696,78,223103
27537,3.4e-05,172.31.40.0-255,66,1762,78,223103
27538,4.1e-05,74.125.24.0-255,2902,4664,78,223103
27539,4.4e-05,172.31.40.0-255,66,4730,78,223103
27540,5.2e-05,74.125.24.0-255,7156,11886,78,223103
27541,5.4e-05,172.31.40.0-255,66,11952,78,223103
27542,5.8e-05,74.125.24.0-255,2018,13970,78,223103
27543,6.1e-05,172.31.40.0-255,66,14036,78,223103
27544,0.000107,74.125.24.0-255,4320,18356,78,223103
27545,0.000111,172.31.40.0-255,66,18422,78,223103
27546,0.000132,74.125.24.0-255,5738,24160,78,223103
27547,0.000135,172.31.40.0-255,66,24226,78,223103
27548,0.000158,74.125.24.0-255,6797,31023,78,223103
27549,0.00016,172.31.40.0-255,66,31089,78,223103
27550,0.000209,74.125.24.0-255,1484,32573,78,223103
27551,0.000212,172.31.40.0-255,66,32639,78,223103
27552,0.000228,74.125.24.0-255,2902,35541,78,223103
27553,0.000231,172.31.40.0-255,66,35607,78,223103
27554,0.000237,74.125.24.0-255,5738,41345,78,223103
27555,0.00024,172.31.40.0-255,66,41411,78,223103
27556,0.000265,74.125.24.0-255,6797,48208,78,223103
27557,0.000268,172.31.40.0-255,66,48274,78,223103
27558,0.000271,74.125.24.0-255,1484,49758,78,223103
27559,0.000273,172.31.40.0-255,66,49824,78,223103
27560,0.000315,172.31.40.0-255,66,49890,78,223103
27561,0.000319,74.125.24.0-255,2818,52708,78,223103
27562,0.000321,172.31.40.0-255,66,52774,78,223103
27563,0.000842,74.125.24.0-255,380,53154,78,223103
27564,0.000849,172.31.40.0-255,66,53220,78,223103
27565,0.000882,74.125.24.0-255,1484,54704,78,223103
27566,0.000885,172.31.40.0-255,66,54770,78,223103
27567,0.000891,74.125.24.0-255,4320,59090,78,223103
27568,0.000894,172.31.40.0-255,66,59156,78,223103
27569,0.000934,74.125.24.0-255,4320,63476,78,223103
27570,0.000936,172.31.40.0-255,66,63542,78,223103
27571,0.000964,74.125.24.0-255,5738,69280,78,223103
27572,0.000966,172.31.40.0-255,66,69346,78,223103
27573,0.000969,74.125.24.0-255,1125,70471,78,223103
27574,0.000971,172.31.40.0-255,66,70537,78,223103
27575,0.001139,74.125.24.0-255,1484,72021,78,223103
27576,0.001143,172.31.40.0-255,66,72087,78,223103
27577,0.001147,74.125.24.0-255,1484,73571,78,223103
27578,0.001149,172.31.40.0-255,66,73637,78,223103
27579,0.001164,74.125.24.0-255,1484,75121,78,223103
27580,0.001166,172.31.40.0-255,66,75187,78,223103
27581,0.001173,74.125.24.0-255,5738,80925,78,223103
27582,0.001175,172.31.40.0-255,66,80991,78,223103
27583,0.0012,74.125.24.0-255,7156,88147,78,223103
27584,0.001203,172.31.40.0-255,66,88213,78,223103
27585,0.001222,74.125.24.0-255,5738,93951,78,223103
27586,0.001225,172.31.40.0-255,66,94017,78,223103
27587,0.001228,74.125.24.0-255,1484,95501,78,223103
27588,0.001229,172.31.40.0-255,66,95567,78,223103
27589,0.001263,74.125.24.0-255,2902,98469,78,223103
27590,0.001272,172.31.40.0-255,66,98535,78,223103
27591,0.001329,74.125.24.0-255,2902,101437,78,223103
27592,0.001361,172.31.40.0-255,66,101503,78,223103
27593,0.001373,74.125.24.0-255,5738,107241,78,223103
27594,0.001382,172.31.40.0-255,66,107307,78,223103
27595,0.001389,74.125.24.0-255,7156,114463,78,223103
27596,0.001403,74.125.24.0-255,3602,118065,78,223103
27597,0.001418,74.125.24.0-255,1484,119549,78,223103
27598,0.001429,172.31.40.0-255,66,119615,78,223103
27599,0.001446,172.31.40.0-255,66,119681,78,223103
27600,0.001473,74.125.24.0-255,5738,125419,78,223103
27601,0.00148,74.125.24.0-255,5738,131157,78,223103
27602,0.001496,74.125.24.0-255,7156,138313,78,223103
27603,0.001509,74.125.24.0-255,3602,141915,78,223103
27604,0.001517,172.31.40.0-255,66,141981,78,223103
27605,0.001705,74.125.24.0-255,1484,143465,78,223103
27606,0.001719,74.125.24.0-255,2902,146367,78,223103
27607,0.001733,172.31.40.0-255,66,146433,78,223103
27608,0.001745,74.125.24.0-255,5738,152171,78,223103
27609,0.001749,172.31.40.0-255,66,152237,78,223103
27610,0.001777,74.125.24.0-255,1484,153721,78,223103
27611,0.001782,74.125.24.0-255,4320,158041,78,223103
27612,0.001798,172.31.40.0-255,66,158107,78,223103
27613,0.001828,74.125.24.0-255,4320,162427,78,223103
27614,0.001858,74.125.24.0-255,4320,166747,78,223103
27615,0.001912,74.125.24.0-255,4320,171067,78,223103
27616,0.00194,74.125.24.0-255,5020,176087,78,223103
27617,0.001946,74.125.24.0-255,5738,181825,78,223103
27618,0.001961,74.125.24.0-255,4320,186145,78,223103
27619,0.001969,172.31.40.0-255,66,186211,78,223103
27620,0.001982,74.125.24.0-255,5738,191949,78,223103
27621,0.001988,172.31.40.0-255,66,192015,78,223103
27622,0.001999,74.125.24.0-255,2902,194917,78,223103
27623,0.002018,74.125.24.0-255,7156,202073,78,223103
27624,0.002034,172.31.40.0-255,66,202139,78,223103
27625,0.00206,172.31.40.0-255,66,202205,78,223103
27626,0.002072,74.125.24.0-255,5738,207943,78,223103
27627,0.002086,74.125.24.0-255,4320,212263,78,223103
27628,0.002098,74.125.24.0-255,3602,215865,78,223103
27629,0.002114,172.31.40.0-255,66,215931,78,223103
27630,0.00216,74.125.24.0-255,1484,217415,78,223103
27631,0.002171,172.31.40.0-255,66,217481,78,223103
27632,0.002223,74.125.24.0-255,989,218470,78,223103
27633,0.002226,74.125.24.0-255,105,218575,78,223103
27634,0.002244,172.31.40.0-255,66,218641,78,223103
27635,0.004396,172.31.40.0-255,105,218746,78,223103
27636,0.006722,74.125.24.0-255,66,218812,78,223103
27637,0.023157,172.31.40.0-255,172,218984,78,223103
27638,0.023187,172.31.40.0-255,1107,220091,78,223103
27639,0.023239,172.31.40.0-255,1514,221605,78,223103
27640,0.02324,172.31.40.0-255,1300,222905,78,223103
27641,0.02471,104.244.42.0-255,66,222971,78,223103
27642,0.024764,104.244.42.0-255,66,223037,78,223103
27643,0.024829,104.244.42.0-255,66,223103,78,223103
27644,0.0,74.125.130.0-255,296,296,78,306619
27645,1.5e-05,172.31.40.0-255,66,362,78,306619
27646,2.1e-05,74.125.130.0-255,1484,1846,78,306619
27647,2.5e-05,172.31.40.0-255,66,1912,78,306619
27648,3.8e-05,74.125.130.0-255,2902,4814,78,306619
27649,4.2e-05,172.31.40.0-255,66,4880,78,306619
27650,4.8e-05,74.125.130.0-255,5738,10618,78,306619
27651,5.1e-05,172.31.40.0-255,66,10684,78,306619
27652,5.5e-05,74.125.130.0-255,2902,13586,78,306619
27653,5.8e-05,172.31.40.0-255,66,13652,78,306619
27654,9.3e-05,74.125.130.0-255,3320,16972,78,306619
27655,9.6e-05,172.31.40.0-255,66,17038,78,306619
27656,0.000104,74.125.130.0-255,7156,24194,78,306619
27657,0.000107,172.31.40.0-255,66,24260,78,306619
27658,0.000136,74.125.130.0-255,1484,25744,78,306619
27659,0.000138,172.31.40.0-255,66,25810,78,306619
27660,0.000144,74.125.130.0-255,4320,30130,78,306619
27661,0.000146,172.31.40.0-255,66,30196,78,306619
27662,0.000149,74.125.130.0-255,1125,31321,78,306619
27663,0.000155,172.31.40.0-255,66,31387,78,306619
27664,0.00026,74.125.130.0-255,1484,32871,78,306619
27665,0.000264,172.31.40.0-255,66,32937,78,306619
27666,0.000269,74.125.130.0-255,2902,35839,78,306619
27667,0.000272,172.31.40.0-255,66,35905,78,306619
27668,0.000315,74.125.130.0-255,5738,41643,78,306619
27669,0.000318,172.31.40.0-255,66,41709,78,306619
27670,0.000324,74.125.130.0-255,5738,47447,78,306619
27671,0.000327,172.31.40.0-255,66,47513,78,306619
27672,0.000363,74.125.130.0-255,6797,54310,78,306619
27673,0.000365,172.31.40.0-255,66,54376,78,306619
27674,0.000368,74.125.130.0-255,1484,55860,78,306619
27675,0.00037,172.31.40.0-255,66,55926,78,306619
27676,0.000375,74.125.130.0-255,2902,58828,78,306619
27677,0.000381,172.31.40.0-255,66,58894,78,306619
27678,0.000387,74.125.130.0-255,5738,64632,78,306619
27679,0.00039,172.31.40.0-255,66,64698,78,306619
27680,0.000418,74.125.130.0-255,1416,66114,78,306619
27681,0.000434,74.125.130.0-255,365,66479,78,306619
27682,0.000437,172.31.40.0-255,66,66545,78,306619
27683,0.000532,74.125.130.0-255,1484,68029,78,306619
27684,0.000552,74.125.130.0-255,2902,70931,78,306619
27685,0.000555,172.31.40.0-255,66,70997,78,306619
27686,0.00056,74.125.130.0-255,4320,75317,78,306619
27687,0.000562,172.31.40.0-255,66,75383,78,306619
27688,0.000583,74.125.130.0-255,1484,76867,78,306619
27689,0.000594,74.125.130.0-255,6797,83664,78,306619
27690,0.000596,172.31.40.0-255,66,83730,78,306619
27691,0.000628,172.31.40.0-255,66,83796,78,306619
27692,0.000692,74.125.130.0-255,4320,88116,78,306619
27693,0.000695,172.31.40.0-255,66,88182,78,306619
27694,0.000719,74.125.130.0-255,2543,90725,78,306619
27695,0.000721,172.31.40.0-255,66,90791,78,306619
27696,0.00085,74.125.130.0-255,1484,92275,78,306619
27697,0.000855,74.125.130.0-255,1484,93759,78,306619
27698,0.000858,172.31.40.0-255,66,93825,78,306619
27699,0.000882,74.125.130.0-255,1484,95309,78,306619
27700,0.000888,74.125.130.0-255,4320,99629,78,306619
27701,0.00089,172.31.40.0-255,66,99695,78,306619
27702,0.000909,74.125.130.0-255,4320,104015,78,306619
27703,0.000912,172.31.40.0-255,66,104081,78,306619
27704,0.000961,74.125.130.0-255,4320,108401,78,306619
27705,0.000964,172.31.40.0-255,66,108467,78,306619
27706,0.00097,74.125.130.0-255,4320,112787,78,306619
27707,0.000972,172.31.40.0-255,66,112853,78,306619
27708,0.000977,74.125.130.0-255,2902,115755,78,306619
27709,0.000984,172.31.40.0-255,66,115821,78,306619
27710,0.001024,172.31.40.0-255,66,115887,78,306619
27711,0.001062,74.125.130.0-255,1484,117371,78,306619
27712,0.001066,74.125.130.0-255,1484,118855,78,306619
27713,0.001068,172.31.40.0-255,66,118921,78,306619
27714,0.001092,74.125.130.0-255,1484,120405,78,306619
27715,0.001098,74.125.130.0-255,4320,124725,78,306619
27716,0.0011,172.31.40.0-255,66,124791,78,306619
27717,0.001111,74.125.130.0-255,1484,126275,78,306619
27718,0.00112,74.125.130.0-255,4320,130595,78,306619
27719,0.001122,172.31.40.0-255,66,130661,78,306619
27720,0.001154,74.125.130.0-255,4320,134981,78,306619
27721,0.001157,172.31.40.0-255,66,135047,78,306619
27722,0.001169,172.31.40.0-255,66,135113,78,306619
27723,0.001175,74.125.130.0-255,5020,140133,78,306619
27724,0.001182,172.31.40.0-255,66,140199,78,306619
27725,0.001242,74.125.130.0-255,1484,141683,78,306619
27726,0.001254,74.125.130.0-255,2902,144585,78,306619
27727,0.001257,172.31.40.0-255,66,144651,78,306619
27728,0.001261,74.125.130.0-255,1484,146135,78,306619
27729,0.001286,74.125.130.0-255,1484,147619,78,306619
27730,0.001288,172.31.40.0-255,66,147685,78,306619
27731,0.001294,74.125.130.0-255,4320,152005,78,306619
27732,0.001296,172.31.40.0-255,66,152071,78,306619
27733,0.001299,74.125.130.0-255,1484,153555,78,306619
27734,0.001332,74.125.130.0-255,7156,160711,78,306619
27735,0.001335,172.31.40.0-255,66,160777,78,306619
27736,0.001342,74.125.130.0-255,5738,166515,78,306619
27737,0.001344,172.31.40.0-255,66,166581,78,306619
27738,0.001355,74.125.130.0-255,7156,173737,78,306619
27739,0.001358,74.125.130.0-255,766,174503,78,306619
27740,0.001471,74.125.130.0-255,1484,175987,78,306619
27741,0.001488,74.125.130.0-255,2902,178889,78,306619
27742,0.001516,74.125.130.0-255,5738,184627,78,306619
27743,0.001519,74.125.130.0-255,1484,186111,78,306619
27744,0.00153,74.125.130.0-255,1484,187595,78,306619
27745,0.001533,74.125.130.0-255,1484,189079,78,306619
27746,0.001553,74.125.130.0-255,2902,191981,78,306619
27747,0.001558,74.125.130.0-255,2902,194883,78,306619
27748,0.001576,74.125.130.0-255,5738,200621,78,306619
27749,0.001581,74.125.130.0-255,4320,204941,78,306619
27750,0.001627,74.125.130.0-255,3602,208543,78,306619
27751,0.001683,172.31.40.0-255,66,208609,78,306619
27752,0.001767,74.125.130.0-255,1484,210093,78,306619
27753,0.001784,74.125.130.0-255,2902,212995,78,306619
27754,0.001787,172.31.40.0-255,66,213061,78,306619
27755,0.001791,74.125.130.0-255,1484,214545,78,306619
27756,0.001817,74.125.130.0-255,4320,218865,78,306619
27757,0.001858,172.31.40.0-255,66,218931,78,306619
27758,0.001868,74.125.130.0-255,5738,224669,78,306619
27759,0.001874,172.31.40.0-255,66,224735,78,306619
27760,0.001896,74.125.130.0-255,5738,230473,78,306619
27761,0.0019,74.125.130.0-255,2184,232657,78,306619
27762,0.001915,172.31.40.0-255,66,232723,78,306619
27763,0.002013,74.125.130.0-255,1484,234207,78,306619
27764,0.002029,74.125.130.0-255,2902,237109,78,306619
27765,0.002044,74.125.130.0-255,4320,241429,78,306619
27766,0.00209,74.125.130.0-255,1484,242913,78,306619
27767,0.002098,172.31.40.0-255,66,242979,78,306619
27768,0.002119,74.125.130.0-255,7156,250135,78,306619
27769,0.002126,74.125.130.0-255,7156,257291,78,306619
27770,0.002172,172.31.40.0-255,66,257357,78,306619
27771,0.002212,172.31.40.0-255,66,257423,78,306619
27772,0.002241,74.125.130.0-255,4320,261743,78,306619
27773,0.002264,172.31.40.0-255,66,261809,78,306619
27774,0.002285,74.125.130.0-255,7156,268965,78,306619
27775,0.0023,172.31.40.0-255,66,269031,78,306619
27776,0.002327,74.125.130.0-255,5738,274769,78,306619
27777,0.00235,172.31.40.0-255,66,274835,78,306619
27778,0.004625,74.125.130.0-255,5738,280573,78,306619
27779,0.004631,172.31.40.0-255,66,280639,78,306619
27780,0.006928,74.125.130.0-255,5738,286377,78,306619
27781,0.006946,172.31.40.0-255,66,286443,78,306619
27782,0.009241,74.125.130.0-255,5738,292181,78,306619
27783,0.009259,172.31.40.0-255,66,292247,78,306619
27784,0.011545,74.125.130.0-255,5738,297985,78,306619
27785,0.011554,172.31.40.0-255,66,298051,78,306619
27786,0.013841,74.125.130.0-255,5738,303789,78,306619
27787,0.01385,172.31.40.0-255,66,303855,78,306619
27788,0.016143,74.125.130.0-255,2527,306382,78,306619
27789,0.016162,172.31.40.0-255,66,306448,78,306619
27790,0.016417,172.31.40.0-255,105,306553,78,306619
27791,0.018663,74.125.130.0-255,66,306619,78,306619
27792,0.0,172.217.194.0-255,153,153,78,224505
27793,2.4e-05,172.31.40.0-255,66,219,78,224505
27794,3.1e-05,172.217.194.0-255,1484,1703,78,224505
27795,3.5e-05,172.31.40.0-255,66,1769,78,224505
27796,4e-05,172.217.194.0-255,2902,4671,78,224505
27797,4.3e-05,172.31.40.0-255,66,4737,78,224505
27798,4.6e-05,172.217.194.0-255,1484,6221,78,224505
27799,4.8e-05,172.31.40.0-255,66,6287,78,224505
27800,5.5e-05,172.217.194.0-255,5738,12025,78,224505
27801,5.8e-05,172.31.40.0-255,66,12091,78,224505
27802,9.7e-05,172.31.40.0-255,66,12157,78,224505
27803,0.000132,172.217.194.0-255,5738,17895,78,224505
27804,0.000134,172.31.40.0-255,66,17961,78,224505
27805,0.00015,172.217.194.0-255,1125,19086,78,224505
27806,0.000153,172.31.40.0-255,66,19152,78,224505
27807,0.000169,172.217.194.0-255,1484,20636,78,224505
27808,0.000171,172.31.40.0-255,66,20702,78,224505
27809,0.000193,172.217.194.0-255,2902,23604,78,224505
27810,0.000196,172.31.40.0-255,66,23670,78,224505
27811,0.000202,172.217.194.0-255,5738,29408,78,224505
27812,0.000205,172.31.40.0-255,66,29474,78,224505
27813,0.000228,172.217.194.0-255,1484,30958,78,224505
27814,0.00023,172.31.40.0-255,66,31024,78,224505
27815,0.000253,172.31.40.0-255,66,31090,78,224505
27816,0.000264,172.31.40.0-255,66,31156,78,224505
27817,0.00029,172.217.194.0-255,3961,35117,78,224505
27818,0.000293,172.31.40.0-255,66,35183,78,224505
27819,0.00031,172.217.194.0-255,380,35563,78,224505
27820,0.000312,172.31.40.0-255,66,35629,78,224505
27821,0.00036,172.217.194.0-255,362,35991,78,224505
27822,0.000642,172.217.194.0-255,1484,37475,78,224505
27823,0.000648,172.31.40.0-255,66,37541,78,224505
27824,0.000652,172.217.194.0-255,1484,39025,78,224505
27825,0.000669,172.217.194.0-255,1484,40509,78,224505
27826,0.000672,172.31.40.0-255,66,40575,78,224505
27827,0.000678,172.217.194.0-255,5738,46313,78,224505
27828,0.00068,172.31.40.0-255,66,46379,78,224505
27829,0.000684,172.217.194.0-255,2902,49281,78,224505
27830,0.000686,172.31.40.0-255,66,49347,78,224505
27831,0.000723,172.31.40.0-255,66,49413,78,224505
27832,0.000726,172.217.194.0-255,1484,50897,78,224505
27833,0.000756,172.31.40.0-255,66,50963,78,224505
27834,0.001358,172.217.194.0-255,1484,52447,78,224505
27835,0.001365,172.217.194.0-255,2902,55349,78,224505
27836,0.001369,172.31.40.0-255,66,55415,78,224505
27837,0.001373,172.217.194.0-255,1484,56899,78,224505
27838,0.001394,172.217.194.0-255,4320,61219,78,224505
27839,0.001396,172.31.40.0-255,66,61285,78,224505
27840,0.001399,172.217.194.0-255,1484,62769,78,224505
27841,0.001425,172.31.40.0-255,66,62835,78,224505
27842,0.00143,172.217.194.0-255,2902,65737,78,224505
27843,0.001431,172.31.40.0-255,66,65803,78,224505
27844,0.001454,172.31.40.0-255,66,65869,78,224505
27845,0.001505,172.217.194.0-255,1484,67353,78,224505
27846,0.00151,172.217.194.0-255,2902,70255,78,224505
27847,0.001512,172.31.40.0-255,66,70321,78,224505
27848,0.001532,172.217.194.0-255,5738,76059,78,224505
27849,0.001534,172.31.40.0-255,66,76125,78,224505
27850,0.001575,172.217.194.0-255,5738,81863,78,224505
27851,0.001578,172.31.40.0-255,66,81929,78,224505
27852,0.001605,172.217.194.0-255,7156,89085,78,224505
27853,0.001608,172.31.40.0-255,66,89151,78,224505
27854,0.001614,172.217.194.0-255,7156,96307,78,224505
27855,0.001616,172.31.40.0-255,66,96373,78,224505
27856,0.001633,172.217.194.0-255,1484,97857,78,224505
27857,0.001647,172.217.194.0-255,2184,100041,78,224505
27858,0.001649,172.31.40.0-255,66,100107,78,224505
27859,0.001787,172.217.194.0-255,1484,101591,78,224505
27860,0.001792,172.217.194.0-255,2902,104493,78,224505
27861,0.001795,172.31.40.0-255,66,104559,78,224505
27862,0.001816,172.217.194.0-255,5738,110297,78,224505
27863,0.001818,172.31.40.0-255,66,110363,78,224505
27864,0.001879,172.31.40.0-255,66,110429,78,224505
27865,0.001886,172.217.194.0-255,7156,117585,78,224505
27866,0.001888,172.31.40.0-255,66,117651,78,224505
27867,0.001891,172.217.194.0-255,1484,119135,78,224505
27868,0.001908,172.217.194.0-255,2184,121319,78,224505
27869,0.001911,172.31.40.0-255,66,121385,78,224505
27870,0.004486,172.217.194.0-255,5738,127123,78,224505
27871,0.004494,172.31.40.0-255,66,127189,78,224505
27872,0.007071,172.217.194.0-255,5738,132927,78,224505
27873,0.007074,172.31.40.0-255,66,132993,78,224505
27874,0.00964,172.217.194.0-255,5738,138731,78,224505
27875,0.009646,172.31.40.0-255,66,138797,78,224505
27876,0.01224,172.217.194.0-255,5738,144535,78,224505
27877,0.012246,172.31.40.0-255,66,144601,78,224505
27878,0.014838,172.217.194.0-255,5738,150339,78,224505
27879,0.014843,172.31.40.0-255,66,150405,78,224505
27880,0.017434,172.217.194.0-255,5738,156143,78,224505
27881,0.017441,172.31.40.0-255,66,156209,78,224505
27882,0.020023,172.217.194.0-255,5738,161947,78,224505
27883,0.020029,172.31.40.0-255,66,162013,78,224505
27884,0.022624,172.217.194.0-255,5738,167751,78,224505
27885,0.022631,172.31.40.0-255,66,167817,78,224505
27886,0.025219,172.217.194.0-255,5738,173555,78,224505
27887,0.025226,172.31.40.0-255,66,173621,78,224505
27888,0.0278,172.217.194.0-255,5738,179359,78,224505
27889,0.027808,172.31.40.0-255,66,179425,78,224505
27890,0.030394,172.217.194.0-255,5738,185163,78,224505
27891,0.030402,172.31.40.0-255,66,185229,78,224505
27892,0.032967,172.217.194.0-255,4320,189549,78,224505
27893,0.032974,172.31.40.0-255,66,189615,78,224505
27894,0.032994,172.217.194.0-255,1484,191099,78,224505
27895,0.035544,172.217.194.0-255,4320,195419,78,224505
27896,0.035551,172.31.40.0-255,66,195485,78,224505
27897,0.038153,172.217.194.0-255,5738,201223,78,224505
27898,0.03816,172.31.40.0-255,66,201289,78,224505
27899,0.040742,172.217.194.0-255,5738,207027,78,224505
27900,0.04075,172.31.40.0-255,66,207093,78,224505
27901,0.043346,172.217.194.0-255,5738,212831,78,224505
27902,0.043353,172.31.40.0-255,66,212897,78,224505
27903,0.045961,172.217.194.0-255,5738,218635,78,224505
27904,0.04597,172.31.40.0-255,66,218701,78,224505
27905,0.048574,172.217.194.0-255,5738,224439,78,224505
27906,0.048585,172.31.40.0-255,66,224505,78,224505
27907,0.0,172.31.40.0-255,105,105,78,276
27908,0.001765,157.240.24.0-255,105,210,78,276
27909,0.001778,172.31.40.0-255,66,276,78,276
27910,0.0,172.217.160.0-255,150,150,78,214939
27911,2.3e-05,172.31.40.0-255,66,216,78,214939
27912,3.1e-05,172.217.160.0-255,1484,1700,78,214939
27913,3.6e-05,172.31.40.0-255,66,1766,78,214939
27914,5e-05,172.217.160.0-255,2902,4668,78,214939
27915,5.3e-05,172.31.40.0-255,66,4734,78,214939
27916,8.7e-05,172.217.160.0-255,4320,9054,78,214939
27917,9e-05,172.31.40.0-255,66,9120,78,214939
27918,0.000145,172.217.160.0-255,2902,12022,78,214939
27919,0.000148,172.31.40.0-255,66,12088,78,214939
27920,0.000176,172.217.160.0-255,2136,14224,78,214939
27921,0.000178,172.31.40.0-255,66,14290,78,214939
27922,0.000224,172.217.160.0-255,1484,15774,78,214939
27923,0.000227,172.31.40.0-255,66,15840,78,214939
27924,0.000266,172.217.160.0-255,2902,18742,78,214939
27925,0.000269,172.31.40.0-255,66,18808,78,214939
27926,0.000311,172.217.160.0-255,4320,23128,78,214939
27927,0.000314,172.31.40.0-255,66,23194,78,214939
27928,0.000331,172.217.160.0-255,1484,24678,78,214939
27929,0.000333,172.31.40.0-255,66,24744,78,214939
27930,0.000412,172.217.160.0-255,5738,30482,78,214939
27931,0.000415,172.31.40.0-255,66,30548,78,214939
27932,0.000443,172.217.160.0-255,1125,31673,78,214939
27933,0.000445,172.31.40.0-255,66,31739,78,214939
27934,0.000523,172.217.160.0-255,7156,38895,78,214939
27935,0.000527,172.31.40.0-255,66,38961,78,214939
27936,0.000654,172.31.40.0-255,66,39027,78,214939
27937,0.000685,172.217.160.0-255,6797,45824,78,214939
27938,0.000687,172.31.40.0-255,66,45890,78,214939
27939,0.000927,172.31.40.0-255,66,45956,78,214939
27940,0.000951,172.217.160.0-255,2543,48499,78,214939
27941,0.000962,172.31.40.0-255,66,48565,78,214939
27942,0.001088,172.217.160.0-255,335,48900,78,214939
27943,0.001091,172.217.160.0-255,408,49308,78,214939
27944,0.001144,172.217.160.0-255,2902,52210,78,214939
27945,0.001147,172.31.40.0-255,66,52276,78,214939
27946,0.001175,172.217.160.0-255,2902,55178,78,214939
27947,0.00119,172.31.40.0-255,66,55244,78,214939
27948,0.00122,172.217.160.0-255,2902,58146,78,214939
27949,0.001234,172.217.160.0-255,4320,62466,78,214939
27950,0.001242,172.31.40.0-255,66,62532,78,214939
27951,0.001341,172.217.160.0-255,3961,66493,78,214939
27952,0.001357,172.31.40.0-255,66,66559,78,214939
27953,0.001421,172.217.160.0-255,4320,70879,78,214939
27954,0.001424,172.31.40.0-255,66,70945,78,214939
27955,0.00147,172.31.40.0-255,66,71011,78,214939
27956,0.001707,172.217.160.0-255,3961,74972,78,214939
27957,0.001711,172.31.40.0-255,66,75038,78,214939
27958,0.002137,172.217.160.0-255,7156,82194,78,214939
27959,0.002151,172.217.160.0-255,2184,84378,78,214939
27960,0.002298,172.217.160.0-255,4320,88698,78,214939
27961,0.005296,172.31.40.0-255,66,88764,78,214939
27962,0.007253,172.217.160.0-255,5738,94502,78,214939
27963,0.00726,172.31.40.0-255,66,94568,78,214939
27964,0.009196,172.217.160.0-255,5738,100306,78,214939
27965,0.009514,172.31.40.0-255,66,100372,78,214939
27966,0.01145,172.217.160.0-255,5738,106110,78,214939
27967,0.011457,172.31.40.0-255,66,106176,78,214939
27968,0.013395,172.217.160.0-255,5738,111914,78,214939
27969,0.013403,172.31.40.0-255,66,111980,78,214939
27970,0.015336,172.217.160.0-255,5738,117718,78,214939
27971,0.015344,172.31.40.0-255,66,117784,78,214939
27972,0.017279,172.217.160.0-255,5738,123522,78,214939
27973,0.017287,172.31.40.0-255,66,123588,78,214939
27974,0.019224,172.217.160.0-255,5738,129326,78,214939
27975,0.019252,172.31.40.0-255,66,129392,78,214939
27976,0.021184,172.217.160.0-255,5738,135130,78,214939
27977,0.021193,172.31.40.0-255,66,135196,78,214939
27978,0.023141,172.217.160.0-255,5738,140934,78,214939
27979,0.023149,172.31.40.0-255,66,141000,78,214939
27980,0.025081,172.217.160.0-255,5738,146738,78,214939
27981,0.025088,172.31.40.0-255,66,146804,78,214939
27982,0.027042,172.217.160.0-255,5738,152542,78,214939
27983,0.02864,172.31.40.0-255,66,152608,78,214939
27984,0.030582,172.217.160.0-255,5738,158346,78,214939
27985,0.030597,172.31.40.0-255,66,158412,78,214939
27986,0.032549,172.217.160.0-255,5738,164150,78,214939
27987,0.032565,172.31.40.0-255,66,164216,78,214939
27988,0.034501,172.217.160.0-255,5738,169954,78,214939
27989,0.034515,172.31.40.0-255,66,170020,78,214939
27990,0.036462,172.217.160.0-255,5738,175758,78,214939
27991,0.036473,172.31.40.0-255,66,175824,78,214939
27992,0.038429,172.217.160.0-255,5738,181562,78,214939
27993,0.03844,172.31.40.0-255,66,181628,78,214939
27994,0.040372,172.217.160.0-255,5738,187366,78,214939
27995,0.040381,172.31.40.0-255,66,187432,78,214939
27996,0.042309,172.217.160.0-255,5738,193170,78,214939
27997,0.042315,172.31.40.0-255,66,193236,78,214939
27998,0.044249,172.217.160.0-255,5738,198974,78,214939
27999,0.044262,172.31.40.0-255,66,199040,78,214939
28000,0.046193,172.217.160.0-255,5738,204778,78,214939
28001,0.046198,172.31.40.0-255,66,204844,78,214939
28002,0.047262,172.31.40.0-255,172,205016,78,214939
28003,0.047302,172.31.40.0-255,1109,206125,78,214939
28004,0.047361,172.31.40.0-255,1514,207639,78,214939
28005,0.047363,172.31.40.0-255,1298,208937,78,214939
28006,0.048134,172.217.160.0-255,5738,214675,78,214939
28007,0.048142,172.31.40.0-255,66,214741,78,214939
28008,0.048806,104.244.42.0-255,66,214807,78,214939
28009,0.048853,104.244.42.0-255,66,214873,78,214939
28010,0.048902,104.244.42.0-255,66,214939,78,214939
28011,0.0,172.31.40.0-255,105,105,78,276
28012,0.00176,157.240.24.0-255,105,210,78,276
28013,0.001774,172.31.40.0-255,66,276,78,276
28014,0.0,172.31.40.0-255,105,105,78,276
28015,0.001772,157.240.24.0-255,105,210,78,276
28016,0.001786,172.31.40.0-255,66,276,78,276
28017,0.0,172.253.118.0-255,150,150,78,245951
28018,2.1e-05,172.31.40.0-255,66,216,78,245951
28019,2.9e-05,172.253.118.0-255,1484,1700,78,245951
28020,3.4e-05,172.31.40.0-255,66,1766,78,245951
28021,3.9e-05,172.253.118.0-255,2902,4668,78,245951
28022,4.3e-05,172.31.40.0-255,66,4734,78,245951
28023,5.1e-05,172.253.118.0-255,7156,11890,78,245951
28024,5.4e-05,172.31.40.0-255,66,11956,78,245951
28025,9e-05,172.253.118.0-255,2902,14858,78,245951
28026,9.3e-05,172.31.40.0-255,66,14924,78,245951
28027,0.000122,172.31.40.0-255,66,14990,78,245951
28028,0.000241,172.253.118.0-255,3961,18951,78,245951
28029,0.000247,172.31.40.0-255,66,19017,78,245951
28030,0.000332,172.253.118.0-255,1484,20501,78,245951
28031,0.000336,172.31.40.0-255,66,20567,78,245951
28032,0.00034,172.253.118.0-255,2902,23469,78,245951
28033,0.000342,172.31.40.0-255,66,23535,78,245951
28034,0.000366,172.253.118.0-255,5738,29273,78,245951
28035,0.000369,172.31.40.0-255,66,29339,78,245951
28036,0.000419,172.253.118.0-255,6797,36136,78,245951
28037,0.000423,172.31.40.0-255,66,36202,78,245951
28038,0.000478,172.253.118.0-255,5738,41940,78,245951
28039,0.000482,172.31.40.0-255,66,42006,78,245951
28040,0.000498,172.253.118.0-255,7156,49162,78,245951
28041,0.000501,172.31.40.0-255,66,49228,78,245951
28042,0.000599,172.253.118.0-255,3961,53189,78,245951
28043,0.000603,172.31.40.0-255,66,53255,78,245951
28044,0.000645,172.253.118.0-255,646,53901,78,245951
28045,0.000649,172.31.40.0-255,66,53967,78,245951
28046,0.000807,172.253.118.0-255,1484,55451,78,245951
28047,0.000812,172.31.40.0-255,66,55517,78,245951
28048,0.000818,172.253.118.0-255,2902,58419,78,245951
28049,0.00082,172.31.40.0-255,66,58485,78,245951
28050,0.000847,172.253.118.0-255,5738,64223,78,245951
28051,0.00085,172.31.40.0-255,66,64289,78,245951
28052,0.000889,172.253.118.0-255,7156,71445,78,245951
28053,0.000892,172.31.40.0-255,66,71511,78,245951
28054,0.000912,172.253.118.0-255,5738,77249,78,245951
28055,0.000915,172.31.40.0-255,66,77315,78,245951
28056,0.001012,172.253.118.0-255,5738,83053,78,245951
28057,0.001016,172.31.40.0-255,66,83119,78,245951
28058,0.001039,172.253.118.0-255,5020,88139,78,245951
28059,0.001042,172.31.40.0-255,66,88205,78,245951
28060,0.001107,172.253.118.0-255,1484,89689,78,245951
28061,0.001125,172.253.118.0-255,2902,92591,78,245951
28062,0.00113,172.31.40.0-255,66,92657,78,245951
28063,0.001148,172.253.118.0-255,2902,95559,78,245951
28064,0.001151,172.31.40.0-255,66,95625,78,245951
28065,0.001162,172.253.118.0-255,2902,98527,78,245951
28066,0.001165,172.31.40.0-255,66,98593,78,245951
28067,0.001214,172.31.40.0-255,66,98659,78,245951
28068,0.001228,172.253.118.0-255,2902,101561,78,245951
28069,0.001231,172.31.40.0-255,66,101627,78,245951
28070,0.001335,172.31.40.0-255,66,101693,78,245951
28071,0.001354,172.253.118.0-255,1484,103177,78,245951
28072,0.001423,172.253.118.0-255,766,103943,78,245951
28073,0.001428,172.31.40.0-255,66,104009,78,245951
28074,0.001861,172.253.118.0-255,1484,105493,78,245951
28075,0.001867,172.253.118.0-255,2902,108395,78,245951
28076,0.001871,172.31.40.0-255,66,108461,78,245951
28077,0.001877,172.253.118.0-255,4320,112781,78,245951
28078,0.00188,172.31.40.0-255,66,112847,78,245951
28079,0.001892,172.253.118.0-255,1484,114331,78,245951
28080,0.001934,172.253.118.0-255,1484,115815,78,245951
28081,0.001936,172.31.40.0-255,66,115881,78,245951
28082,0.001959,172.31.40.0-255,66,115947,78,245951
28083,0.002065,172.253.118.0-255,7156,123103,78,245951
28084,0.002069,172.31.40.0-255,66,123169,78,245951
28085,0.002088,172.253.118.0-255,3602,126771,78,245951
28086,0.002091,172.31.40.0-255,66,126837,78,245951
28087,0.002198,172.253.118.0-255,4320,131157,78,245951
28088,0.002201,172.31.40.0-255,66,131223,78,245951
28089,0.002221,172.253.118.0-255,7156,138379,78,245951
28090,0.002224,172.31.40.0-255,66,138445,78,245951
28091,0.002265,172.253.118.0-255,2902,141347,78,245951
28092,0.002267,172.31.40.0-255,66,141413,78,245951
28093,0.002302,172.31.40.0-255,66,141479,78,245951
28094,0.004884,172.253.118.0-255,5738,147217,78,245951
28095,0.004904,172.31.40.0-255,66,147283,78,245951
28096,0.007486,172.253.118.0-255,5738,153021,78,245951
28097,0.007498,172.31.40.0-255,66,153087,78,245951
28098,0.010093,172.253.118.0-255,5738,158825,78,245951
28099,0.010108,172.31.40.0-255,66,158891,78,245951
28100,0.012694,172.253.118.0-255,5738,164629,78,245951
28101,0.012708,172.31.40.0-255,66,164695,78,245951
28102,0.015319,172.253.118.0-255,5738,170433,78,245951
28103,0.015326,172.31.40.0-255,66,170499,78,245951
28104,0.017891,172.253.118.0-255,5738,176237,78,245951
28105,0.017899,172.31.40.0-255,66,176303,78,245951
28106,0.020491,172.253.118.0-255,5738,182041,78,245951
28107,0.020512,172.31.40.0-255,66,182107,78,245951
28108,0.023104,172.253.118.0-255,5738,187845,78,245951
28109,0.023112,172.31.40.0-255,66,187911,78,245951
28110,0.025696,172.253.118.0-255,5738,193649,78,245951
28111,0.025706,172.31.40.0-255,66,193715,78,245951
28112,0.028296,172.253.118.0-255,5738,199453,78,245951
28113,0.028303,172.31.40.0-255,66,199519,78,245951
28114,0.030889,172.253.118.0-255,5738,205257,78,245951
28115,0.030905,172.31.40.0-255,66,205323,78,245951
28116,0.033514,172.253.118.0-255,5738,211061,78,245951
28117,0.03353,172.31.40.0-255,66,211127,78,245951
28118,0.036116,172.253.118.0-255,5738,216865,78,245951
28119,0.036127,172.31.40.0-255,66,216931,78,245951
28120,0.038716,172.253.118.0-255,5738,222669,78,245951
28121,0.038733,172.31.40.0-255,66,222735,78,245951
28122,0.041317,172.253.118.0-255,5738,228473,78,245951
28123,0.041339,172.31.40.0-255,66,228539,78,245951
28124,0.043928,172.253.118.0-255,5738,234277,78,245951
28125,0.043936,172.31.40.0-255,66,234343,78,245951
28126,0.046528,172.253.118.0-255,5738,240081,78,245951
28127,0.046547,172.31.40.0-255,66,240147,78,245951
28128,0.049135,172.253.118.0-255,5738,245885,78,245951
28129,0.049142,172.31.40.0-255,66,245951,78,245951
28130,0.0,172.217.194.0-255,153,153,78,151088
28131,1.7e-05,172.31.40.0-255,66,219,78,151088
28132,2.4e-05,172.217.194.0-255,1484,1703,78,151088
28133,2.8e-05,172.31.40.0-255,66,1769,78,151088
28134,3.4e-05,172.217.194.0-255,2902,4671,78,151088
28135,4.3e-05,172.31.40.0-255,66,4737,78,151088
28136,5.1e-05,172.217.194.0-255,5738,10475,78,151088
28137,5.3e-05,172.31.40.0-255,66,10541,78,151088
28138,6.6e-05,172.31.40.0-255,66,10607,78,151088
28139,7e-05,172.217.194.0-255,2902,13509,78,151088
28140,7.2e-05,172.31.40.0-255,66,13575,78,151088
28141,0.000106,172.217.194.0-255,6797,20372,78,151088
28142,0.000109,172.31.40.0-255,66,20438,78,151088
28143,0.00015,172.217.194.0-255,1484,21922,78,151088
28144,0.000152,172.31.40.0-255,66,21988,78,151088
28145,0.000157,172.217.194.0-255,2902,24890,78,151088
28146,0.000159,172.31.40.0-255,66,24956,78,151088
28147,0.000187,172.217.194.0-255,5738,30694,78,151088
28148,0.00019,172.31.40.0-255,66,30760,78,151088
28149,0.000216,172.217.194.0-255,4320,35080,78,151088
28150,0.000218,172.31.40.0-255,66,35146,78,151088
28151,0.000257,172.31.40.0-255,66,35212,78,151088
28152,0.000268,172.31.40.0-255,66,35278,78,151088
28153,0.000271,172.217.194.0-255,362,35640,78,151088
28154,0.000273,172.31.40.0-255,66,35706,78,151088
28155,0.000476,172.217.194.0-255,381,36087,78,151088
28156,0.000481,172.31.40.0-255,66,36153,78,151088
28157,0.00067,172.217.194.0-255,1484,37637,78,151088
28158,0.000675,172.31.40.0-255,66,37703,78,151088
28159,0.00068,172.217.194.0-255,2902,40605,78,151088
28160,0.000683,172.31.40.0-255,66,40671,78,151088
28161,0.000687,172.217.194.0-255,2902,43573,78,151088
28162,0.000695,172.31.40.0-255,66,43639,78,151088
28163,0.000726,172.217.194.0-255,2902,46541,78,151088
28164,0.000729,172.31.40.0-255,66,46607,78,151088
28165,0.000742,172.31.40.0-255,66,46673,78,151088
28166,0.000753,172.31.40.0-255,66,46739,78,151088
28167,0.000967,172.217.194.0-255,1484,48223,78,151088
28168,0.000973,172.217.194.0-255,2902,51125,78,151088
28169,0.000976,172.31.40.0-255,66,51191,78,151088
28170,0.000982,172.217.194.0-255,5738,56929,78,151088
28171,0.000984,172.31.40.0-255,66,56995,78,151088
28172,0.001022,172.31.40.0-255,66,57061,78,151088
28173,0.001047,172.217.194.0-255,1484,58545,78,151088
28174,0.00106,172.31.40.0-255,66,58611,78,151088
28175,0.001445,172.217.194.0-255,1484,60095,78,151088
28176,0.001463,172.217.194.0-255,2902,62997,78,151088
28177,0.001467,172.31.40.0-255,66,63063,78,151088
28178,0.001474,172.217.194.0-255,5738,68801,78,151088
28179,0.001476,172.31.40.0-255,66,68867,78,151088
28180,0.001522,172.31.40.0-255,66,68933,78,151088
28181,0.001555,172.31.40.0-255,66,68999,78,151088
28182,0.00158,172.217.194.0-255,1484,70483,78,151088
28183,0.001584,172.217.194.0-255,2184,72667,78,151088
28184,0.001586,172.31.40.0-255,66,72733,78,151088
28185,0.001622,172.217.194.0-255,1484,74217,78,151088
28186,0.001627,172.217.194.0-255,2902,77119,78,151088
28187,0.001629,172.31.40.0-255,66,77185,78,151088
28188,0.001634,172.217.194.0-255,2902,80087,78,151088
28189,0.001636,172.31.40.0-255,66,80153,78,151088
28190,0.001662,172.217.194.0-255,2902,83055,78,151088
28191,0.001664,172.31.40.0-255,66,83121,78,151088
28192,0.001708,172.217.194.0-255,5738,88859,78,151088
28193,0.00171,172.31.40.0-255,66,88925,78,151088
28194,0.001743,172.217.194.0-255,7156,96081,78,151088
28195,0.001745,172.31.40.0-255,66,96147,78,151088
28196,0.001748,172.217.194.0-255,1484,97631,78,151088
28197,0.001759,172.31.40.0-255,66,97697,78,151088
28198,0.001769,172.31.40.0-255,66,97763,78,151088
28199,0.001773,172.217.194.0-255,2902,100665,78,151088
28200,0.001774,172.31.40.0-255,66,100731,78,151088
28201,0.001794,172.217.194.0-255,4320,105051,78,151088
28202,0.001796,172.31.40.0-255,66,105117,78,151088
28203,0.001843,172.31.40.0-255,66,105183,78,151088
28204,0.001869,172.31.40.0-255,66,105249,78,151088
28205,0.00191,172.217.194.0-255,1484,106733,78,151088
28206,0.001913,172.217.194.0-255,2902,109635,78,151088
28207,0.001917,172.217.194.0-255,2902,112537,78,151088
28208,0.001925,172.31.40.0-255,66,112603,78,151088
28209,0.001928,172.31.40.0-255,66,112669,78,151088
28210,0.001932,172.217.194.0-255,2902,115571,78,151088
28211,0.001934,172.31.40.0-255,66,115637,78,151088
28212,0.001953,172.217.194.0-255,4320,119957,78,151088
28213,0.001955,172.31.40.0-255,66,120023,78,151088
28214,0.001993,172.31.40.0-255,66,120089,78,151088
28215,0.002,172.217.194.0-255,7156,127245,78,151088
28216,0.002002,172.31.40.0-255,66,127311,78,151088
28217,0.002034,172.217.194.0-255,3602,130913,78,151088
28218,0.002036,172.31.40.0-255,66,130979,78,151088
28219,0.002053,172.217.194.0-255,1484,132463,78,151088
28220,0.002059,172.217.194.0-255,2902,135365,78,151088
28221,0.002064,172.217.194.0-255,5738,141103,78,151088
28222,0.002077,172.217.194.0-255,2902,144005,78,151088
28223,0.002082,172.31.40.0-255,66,144071,78,151088
28224,0.002084,172.31.40.0-255,66,144137,78,151088
28225,0.002087,172.31.40.0-255,66,144203,78,151088
28226,0.002089,172.31.40.0-255,66,144269,78,151088
28227,0.002118,172.31.40.0-255,66,144335,78,151088
28228,0.002131,172.31.40.0-255,66,144401,78,151088
28229,0.002163,172.31.40.0-255,66,144467,78,151088
28230,0.002172,172.31.40.0-255,66,144533,78,151088
28231,0.002191,172.217.194.0-255,1484,146017,78,151088
28232,0.002225,172.31.40.0-255,66,146083,78,151088
28233,0.002258,172.31.40.0-255,66,146149,78,151088
28234,0.002298,172.31.40.0-255,66,146215,78,151088
28235,0.002337,172.31.40.0-255,66,146281,78,151088
28236,0.00234,172.217.194.0-255,105,146386,78,151088
28237,0.00422,172.31.40.0-255,66,146452,78,151088
28238,0.004258,172.31.40.0-255,105,146557,78,151088
28239,0.006524,172.217.194.0-255,66,146623,78,151088
28240,0.028631,172.31.40.0-255,172,146795,78,151088
28241,0.02866,172.31.40.0-255,1108,147903,78,151088
28242,0.028711,172.31.40.0-255,1514,149417,78,151088
28243,0.028713,172.31.40.0-255,1299,150716,78,151088
28244,0.030191,104.244.42.0-255,66,150782,78,151088
28245,0.030258,104.244.42.0-255,66,150848,78,151088
28246,0.030284,104.244.42.0-255,66,150914,78,151088
28247,0.030872,104.244.42.0-255,108,151022,78,151088
28248,0.030879,172.31.40.0-255,66,151088,78,151088
28249,0.0,172.217.194.0-255,66,66,78,66
28250,0.0,172.31.40.0-255,105,105,78,276
28251,0.00184,157.240.24.0-255,105,210,78,276
28252,0.001851,172.31.40.0-255,66,276,78,276
28253,0.0,74.125.68.0-255,143,143,78,230342
28254,2.4e-05,172.31.40.0-255,66,209,78,230342
28255,3.2e-05,74.125.68.0-255,1484,1693,78,230342
28256,3.7e-05,172.31.40.0-255,66,1759,78,230342
28257,4.2e-05,74.125.68.0-255,2902,4661,78,230342
28258,4.5e-05,172.31.40.0-255,66,4727,78,230342
28259,5.9e-05,74.125.68.0-255,4320,9047,78,230342
28260,6.2e-05,172.31.40.0-255,66,9113,78,230342
28261,0.000116,74.125.68.0-255,4938,14051,78,230342
28262,0.000119,172.31.40.0-255,66,14117,78,230342
28263,0.000344,74.125.68.0-255,1484,15601,78,230342
28264,0.000349,172.31.40.0-255,66,15667,78,230342
28265,0.000378,74.125.68.0-255,2902,18569,78,230342
28266,0.000381,172.31.40.0-255,66,18635,78,230342
28267,0.000408,74.125.68.0-255,1484,20119,78,230342
28268,0.000411,172.31.40.0-255,66,20185,78,230342
28269,0.000414,74.125.68.0-255,1484,21669,78,230342
28270,0.000417,172.31.40.0-255,66,21735,78,230342
28271,0.000451,74.125.68.0-255,1484,23219,78,230342
28272,0.000453,172.31.40.0-255,66,23285,78,230342
28273,0.000459,74.125.68.0-255,4320,27605,78,230342
28274,0.000462,172.31.40.0-255,66,27671,78,230342
28275,0.000496,74.125.68.0-255,3961,31632,78,230342
28276,0.0005,172.31.40.0-255,66,31698,78,230342
28277,0.000557,74.125.68.0-255,1484,33182,78,230342
28278,0.00056,172.31.40.0-255,66,33248,78,230342
28279,0.00059,74.125.68.0-255,2902,36150,78,230342
28280,0.000592,172.31.40.0-255,66,36216,78,230342
28281,0.000618,74.125.68.0-255,4320,40536,78,230342
28282,0.000621,172.31.40.0-255,66,40602,78,230342
28283,0.00065,74.125.68.0-255,2902,43504,78,230342
28284,0.000652,172.31.40.0-255,66,43570,78,230342
28285,0.000689,74.125.68.0-255,5379,48949,78,230342
28286,0.000706,74.125.68.0-255,4320,53269,78,230342
28287,0.000716,172.31.40.0-255,66,53335,78,230342
28288,0.000734,74.125.68.0-255,2902,56237,78,230342
28289,0.00076,172.31.40.0-255,66,56303,78,230342
28290,0.000771,74.125.68.0-255,1430,57733,78,230342
28291,0.000778,74.125.68.0-255,115,57848,78,230342
28292,0.000881,74.125.68.0-255,1484,59332,78,230342
28293,0.000901,74.125.68.0-255,2902,62234,78,230342
28294,0.000904,74.125.68.0-255,1484,63718,78,230342
28295,0.00091,172.31.40.0-255,66,63784,78,230342
28296,0.00092,74.125.68.0-255,2902,66686,78,230342
28297,0.000931,172.31.40.0-255,66,66752,78,230342
28298,0.000943,74.125.68.0-255,2902,69654,78,230342
28299,0.000973,74.125.68.0-255,6797,76451,78,230342
28300,0.000976,74.125.68.0-255,1484,77935,78,230342
28301,0.000981,172.31.40.0-255,66,78001,78,230342
28302,0.001009,74.125.68.0-255,2902,80903,78,230342
28303,0.001036,74.125.68.0-255,2543,83446,78,230342
28304,0.001042,172.31.40.0-255,66,83512,78,230342
28305,0.001538,74.125.68.0-255,1484,84996,78,230342
28306,0.001541,74.125.68.0-255,1484,86480,78,230342
28307,0.001547,172.31.40.0-255,66,86546,78,230342
28308,0.001564,74.125.68.0-255,1484,88030,78,230342
28309,0.001567,74.125.68.0-255,1484,89514,78,230342
28310,0.001588,172.31.40.0-255,66,89580,78,230342
28311,0.001596,74.125.68.0-255,1484,91064,78,230342
28312,0.001601,74.125.68.0-255,4320,95384,78,230342
28313,0.001609,74.125.68.0-255,7156,102540,78,230342
28314,0.001619,172.31.40.0-255,66,102606,78,230342
28315,0.001626,74.125.68.0-255,1484,104090,78,230342
28316,0.001632,74.125.68.0-255,7156,111246,78,230342
28317,0.001654,172.31.40.0-255,66,111312,78,230342
28318,0.001691,74.125.68.0-255,6438,117750,78,230342
28319,0.001702,172.31.40.0-255,66,117816,78,230342
28320,0.002188,74.125.68.0-255,1484,119300,78,230342
28321,0.002207,74.125.68.0-255,2902,122202,78,230342
28322,0.00221,172.31.40.0-255,66,122268,78,230342
28323,0.002216,74.125.68.0-255,2902,125170,78,230342
28324,0.002239,74.125.68.0-255,4320,129490,78,230342
28325,0.002283,74.125.68.0-255,4320,133810,78,230342
28326,0.002316,74.125.68.0-255,1484,135294,78,230342
28327,0.002324,74.125.68.0-255,7156,142450,78,230342
28328,0.002349,74.125.68.0-255,766,143216,78,230342
28329,0.008621,172.31.40.0-255,66,143282,78,230342
28330,0.011128,74.125.68.0-255,5738,149020,78,230342
28331,0.01114,172.31.40.0-255,66,149086,78,230342
28332,0.013618,74.125.68.0-255,5738,154824,78,230342
28333,0.013628,172.31.40.0-255,66,154890,78,230342
28334,0.016109,74.125.68.0-255,5738,160628,78,230342
28335,0.016118,172.31.40.0-255,66,160694,78,230342
28336,0.01865,74.125.68.0-255,5738,166432,78,230342
28337,0.018658,172.31.40.0-255,66,166498,78,230342
28338,0.021146,74.125.68.0-255,5738,172236,78,230342
28339,0.021153,172.31.40.0-255,66,172302,78,230342
28340,0.023652,74.125.68.0-255,5738,178040,78,230342
28341,0.023661,172.31.40.0-255,66,178106,78,230342
28342,0.026164,74.125.68.0-255,5738,183844,78,230342
28343,0.026183,172.31.40.0-255,66,183910,78,230342
28344,0.028686,74.125.68.0-255,5738,189648,78,230342
28345,0.031448,172.31.40.0-255,66,189714,78,230342
28346,0.03395,74.125.68.0-255,5738,195452,78,230342
28347,0.033969,172.31.40.0-255,66,195518,78,230342
28348,0.036502,74.125.68.0-255,5738,201256,78,230342
28349,0.036522,172.31.40.0-255,66,201322,78,230342
28350,0.039028,74.125.68.0-255,5738,207060,78,230342
28351,0.039045,172.31.40.0-255,66,207126,78,230342
28352,0.041554,74.125.68.0-255,5738,212864,78,230342
28353,0.041575,172.31.40.0-255,66,212930,78,230342
28354,0.044069,74.125.68.0-255,5738,218668,78,230342
28355,0.044079,172.31.40.0-255,66,218734,78,230342
28356,0.046593,74.125.68.0-255,5738,224472,78,230342
28357,0.046616,172.31.40.0-255,66,224538,78,230342
28358,0.0491,74.125.68.0-255,5738,230276,78,230342
28359,0.049113,172.31.40.0-255,66,230342,78,230342
28360,0.0,172.217.194.0-255,438,438,78,304172
28361,2e-05,172.31.40.0-255,66,504,78,304172
28362,2.7e-05,172.217.194.0-255,1484,1988,78,304172
28363,3.1e-05,172.31.40.0-255,66,2054,78,304172
28364,3.7e-05,172.217.194.0-255,4320,6374,78,304172
28365,4e-05,172.31.40.0-255,66,6440,78,304172
28366,4.4e-05,172.217.194.0-255,2902,9342,78,304172
28367,4.7e-05,172.31.40.0-255,66,9408,78,304172
28368,6.8e-05,172.217.194.0-255,1484,10892,78,304172
28369,7.1e-05,172.31.40.0-255,66,10958,78,304172
28370,9.1e-05,172.217.194.0-255,1484,12442,78,304172
28371,9.3e-05,172.31.40.0-255,66,12508,78,304172
28372,0.000105,172.217.194.0-255,1840,14348,78,304172
28373,0.000108,172.31.40.0-255,66,14414,78,304172
28374,0.000477,172.217.194.0-255,1484,15898,78,304172
28375,0.000483,172.31.40.0-255,66,15964,78,304172
28376,0.000488,172.217.194.0-255,2902,18866,78,304172
28377,0.000491,172.31.40.0-255,66,18932,78,304172
28378,0.000494,172.217.194.0-255,1484,20416,78,304172
28379,0.000496,172.31.40.0-255,66,20482,78,304172
28380,0.000528,172.217.194.0-255,4320,24802,78,304172
28381,0.000531,172.31.40.0-255,66,24868,78,304172
28382,0.000536,172.217.194.0-255,2902,27770,78,304172
28383,0.000538,172.31.40.0-255,66,27836,78,304172
28384,0.000564,172.31.40.0-255,66,27902,78,304172
28385,0.00057,172.217.194.0-255,5738,33640,78,304172
28386,0.000572,172.31.40.0-255,66,33706,78,304172
28387,0.000593,172.217.194.0-255,1484,35190,78,304172
28388,0.000596,172.31.40.0-255,66,35256,78,304172
28389,0.000617,172.217.194.0-255,5379,40635,78,304172
28390,0.00062,172.31.40.0-255,66,40701,78,304172
28391,0.000775,172.217.194.0-255,1484,42185,78,304172
28392,0.000781,172.217.194.0-255,2902,45087,78,304172
28393,0.000783,172.31.40.0-255,66,45153,78,304172
28394,0.000801,172.217.194.0-255,2902,48055,78,304172
28395,0.000804,172.31.40.0-255,66,48121,78,304172
28396,0.000826,172.217.194.0-255,2902,51023,78,304172
28397,0.000828,172.31.40.0-255,66,51089,78,304172
28398,0.000859,172.217.194.0-255,4320,55409,78,304172
28399,0.000862,172.31.40.0-255,66,55475,78,304172
28400,0.000874,172.217.194.0-255,2543,58018,78,304172
28401,0.000877,172.31.40.0-255,66,58084,78,304172
28402,0.000909,172.217.194.0-255,1484,59568,78,304172
28403,0.000931,172.217.194.0-255,2902,62470,78,304172
28404,0.000934,172.31.40.0-255,66,62536,78,304172
28405,0.000939,172.217.194.0-255,5738,68274,78,304172
28406,0.000941,172.31.40.0-255,66,68340,78,304172
28407,0.000946,172.217.194.0-255,4320,72660,78,304172
28408,0.000947,172.31.40.0-255,66,72726,78,304172
28409,0.000989,172.31.40.0-255,66,72792,78,304172
28410,0.000999,172.31.40.0-255,66,72858,78,304172
28411,0.001001,172.217.194.0-255,1125,73983,78,304172
28412,0.001038,172.217.194.0-255,646,74629,78,304172
28413,0.00104,172.31.40.0-255,66,74695,78,304172
28414,0.001504,172.217.194.0-255,1484,76179,78,304172
28415,0.001513,172.217.194.0-255,2902,79081,78,304172
28416,0.001517,172.31.40.0-255,66,79147,78,304172
28417,0.001523,172.217.194.0-255,4320,83467,78,304172
28418,0.001525,172.31.40.0-255,66,83533,78,304172
28419,0.001528,172.217.194.0-255,1484,85017,78,304172
28420,0.001554,172.217.194.0-255,7156,92173,78,304172
28421,0.001556,172.31.40.0-255,66,92239,78,304172
28422,0.001591,172.31.40.0-255,66,92305,78,304172
28423,0.001617,172.217.194.0-255,5738,98043,78,304172
28424,0.00162,172.31.40.0-255,66,98109,78,304172
28425,0.001645,172.217.194.0-255,2902,101011,78,304172
28426,0.001647,172.31.40.0-255,66,101077,78,304172
28427,0.001653,172.217.194.0-255,4320,105397,78,304172
28428,0.001655,172.31.40.0-255,66,105463,78,304172
28429,0.001686,172.217.194.0-255,5738,111201,78,304172
28430,0.001689,172.31.40.0-255,66,111267,78,304172
28431,0.001699,172.31.40.0-255,66,111333,78,304172
28432,0.001718,172.217.194.0-255,5738,117071,78,304172
28433,0.00172,172.31.40.0-255,66,117137,78,304172
28434,0.001732,172.217.194.0-255,766,117903,78,304172
28435,0.001736,172.217.194.0-255,1484,119387,78,304172
28436,0.001737,172.31.40.0-255,66,119453,78,304172
28437,0.001763,172.217.194.0-255,5738,125191,78,304172
28438,0.001766,172.31.40.0-255,66,125257,78,304172
28439,0.001828,172.31.40.0-255,66,125323,78,304172
28440,0.001842,172.31.40.0-255,66,125389,78,304172
28441,0.001853,172.217.194.0-255,766,126155,78,304172
28442,0.00201,172.217.194.0-255,1484,127639,78,304172
28443,0.002017,172.31.40.0-255,66,127705,78,304172
28444,0.002022,172.217.194.0-255,2902,130607,78,304172
28445,0.002025,172.31.40.0-255,66,130673,78,304172
28446,0.002028,172.217.194.0-255,1484,132157,78,304172
28447,0.002061,172.217.194.0-255,4320,136477,78,304172
28448,0.002064,172.31.40.0-255,66,136543,78,304172
28449,0.002077,172.31.40.0-255,66,136609,78,304172
28450,0.002083,172.217.194.0-255,7156,143765,78,304172
28451,0.002086,172.31.40.0-255,66,143831,78,304172
28452,0.00211,172.217.194.0-255,3602,147433,78,304172
28453,0.002112,172.31.40.0-255,66,147499,78,304172
28454,0.002142,172.217.194.0-255,1484,148983,78,304172
28455,0.002159,172.217.194.0-255,2902,151885,78,304172
28456,0.002162,172.31.40.0-255,66,151951,78,304172
28457,0.002169,172.217.194.0-255,5738,157689,78,304172
28458,0.002172,172.31.40.0-255,66,157755,78,304172
28459,0.002177,172.217.194.0-255,4320,162075,78,304172
28460,0.002179,172.31.40.0-255,66,162141,78,304172
28461,0.002205,172.217.194.0-255,1484,163625,78,304172
28462,0.002221,172.217.194.0-255,2902,166527,78,304172
28463,0.002224,172.31.40.0-255,66,166593,78,304172
28464,0.002251,172.217.194.0-255,7156,173749,78,304172
28465,0.002254,172.31.40.0-255,66,173815,78,304172
28466,0.002282,172.217.194.0-255,7156,180971,78,304172
28467,0.002285,172.31.40.0-255,66,181037,78,304172
28468,0.002287,172.217.194.0-255,766,181803,78,304172
28469,0.002299,172.217.194.0-255,1484,183287,78,304172
28470,0.002302,172.31.40.0-255,66,183353,78,304172
28471,0.002318,172.217.194.0-255,2902,186255,78,304172
28472,0.00232,172.31.40.0-255,66,186321,78,304172
28473,0.002344,172.217.194.0-255,4320,190641,78,304172
28474,0.002346,172.31.40.0-255,66,190707,78,304172
28475,0.002354,172.217.194.0-255,7156,197863,78,304172
28476,0.002356,172.31.40.0-255,66,197929,78,304172
28477,0.002371,172.217.194.0-255,1484,199413,78,304172
28478,0.002387,172.217.194.0-255,2902,202315,78,304172
28479,0.00239,172.31.40.0-255,66,202381,78,304172
28480,0.002412,172.31.40.0-255,66,202447,78,304172
28481,0.00475,172.217.194.0-255,5738,208185,78,304172
28482,0.004758,172.31.40.0-255,66,208251,78,304172
28483,0.007093,172.217.194.0-255,5738,213989,78,304172
28484,0.007099,172.31.40.0-255,66,214055,78,304172
28485,0.009447,172.217.194.0-255,5738,219793,78,304172
28486,0.009451,172.31.40.0-255,66,219859,78,304172
28487,0.0118,172.217.194.0-255,5738,225597,78,304172
28488,0.011807,172.31.40.0-255,66,225663,78,304172
28489,0.014139,172.217.194.0-255,5738,231401,78,304172
28490,0.014149,172.31.40.0-255,66,231467,78,304172
28491,0.016487,172.217.194.0-255,5738,237205,78,304172
28492,0.016494,172.31.40.0-255,66,237271,78,304172
28493,0.018831,172.217.194.0-255,5738,243009,78,304172
28494,0.018841,172.31.40.0-255,66,243075,78,304172
28495,0.021181,172.217.194.0-255,5738,248813,78,304172
28496,0.021191,172.31.40.0-255,66,248879,78,304172
28497,0.023534,172.217.194.0-255,5738,254617,78,304172
28498,0.023542,172.31.40.0-255,66,254683,78,304172
28499,0.025914,172.217.194.0-255,5738,260421,78,304172
28500,0.025921,172.31.40.0-255,66,260487,78,304172
28501,0.028259,172.217.194.0-255,4320,264807,78,304172
28502,0.028266,172.31.40.0-255,66,264873,78,304172
28503,0.028285,172.217.194.0-255,1484,266357,78,304172
28504,0.030238,172.31.40.0-255,172,266529,78,304172
28505,0.030266,172.31.40.0-255,1107,267636,78,304172
28506,0.030328,172.31.40.0-255,1514,269150,78,304172
28507,0.03033,172.31.40.0-255,1514,270664,78,304172
28508,0.030331,172.31.40.0-255,701,271365,78,304172
28509,0.030596,172.217.194.0-255,2902,274267,78,304172
28510,0.030603,172.31.40.0-255,66,274333,78,304172
28511,0.031772,104.244.42.0-255,66,274399,78,304172
28512,0.031796,104.244.42.0-255,66,274465,78,304172
28513,0.031872,104.244.42.0-255,66,274531,78,304172
28514,0.031876,104.244.42.0-255,66,274597,78,304172
28515,0.032953,172.217.194.0-255,5738,280335,78,304172
28516,0.032957,172.31.40.0-255,66,280401,78,304172
28517,0.033307,104.244.42.0-255,108,280509,78,304172
28518,0.033315,172.31.40.0-255,66,280575,78,304172
28519,0.035291,172.217.194.0-255,5738,286313,78,304172
28520,0.035297,172.31.40.0-255,66,286379,78,304172
28521,0.03763,172.217.194.0-255,5738,292117,78,304172
28522,0.037635,172.31.40.0-255,66,292183,78,304172
28523,0.039953,172.217.194.0-255,5738,297921,78,304172
28524,0.039958,172.31.40.0-255,66,297987,78,304172
28525,0.042271,172.217.194.0-255,5738,303725,78,304172
28526,0.042277,172.31.40.0-255,66,303791,78,304172
28527,0.044596,172.217.194.0-255,144,303935,78,304172
28528,0.044723,172.31.40.0-255,66,304001,78,304172
28529,0.044757,172.31.40.0-255,105,304106,78,304172
28530,0.047101,172.217.194.0-255,66,304172,78,304172
28531,0.0,172.217.194.0-255,300,300,78,212154
28532,2.5e-05,172.31.40.0-255,66,366,78,212154
28533,3.2e-05,172.217.194.0-255,1484,1850,78,212154
28534,3.6e-05,172.31.40.0-255,66,1916,78,212154
28535,4.4e-05,172.217.194.0-255,4320,6236,78,212154
28536,4.8e-05,172.31.40.0-255,66,6302,78,212154
28537,5.2e-05,172.217.194.0-255,2902,9204,78,212154
28538,5.5e-05,172.31.40.0-255,66,9270,78,212154
28539,7.8e-05,172.217.194.0-255,4320,13590,78,212154
28540,8.1e-05,172.31.40.0-255,66,13656,78,212154
28541,0.000101,172.217.194.0-255,4320,17976,78,212154
28542,0.000104,172.31.40.0-255,66,18042,78,212154
28543,0.000142,172.31.40.0-255,66,18108,78,212154
28544,0.000236,172.217.194.0-255,1125,19233,78,212154
28545,0.000239,172.31.40.0-255,66,19299,78,212154
28546,0.000243,172.217.194.0-255,1484,20783,78,212154
28547,0.000246,172.31.40.0-255,66,20849,78,212154
28548,0.000269,172.217.194.0-255,4320,25169,78,212154
28549,0.000272,172.31.40.0-255,66,25235,78,212154
28550,0.000318,172.31.40.0-255,66,25301,78,212154
28551,0.000415,172.31.40.0-255,66,25367,78,212154
28552,0.000441,172.31.40.0-255,66,25433,78,212154
28553,0.000503,172.217.194.0-255,118,25551,78,212154
28554,0.000506,172.31.40.0-255,66,25617,78,212154
28555,0.000532,172.217.194.0-255,1484,27101,78,212154
28556,0.000534,172.31.40.0-255,66,27167,78,212154
28557,0.000541,172.217.194.0-255,2902,30069,78,212154
28558,0.000543,172.31.40.0-255,66,30135,78,212154
28559,0.000577,172.217.194.0-255,7156,37291,78,212154
28560,0.00058,172.31.40.0-255,66,37357,78,212154
28561,0.000637,172.217.194.0-255,5738,43095,78,212154
28562,0.00064,172.31.40.0-255,66,43161,78,212154
28563,0.000672,172.31.40.0-255,66,43227,78,212154
28564,0.000794,172.217.194.0-255,6797,50024,78,212154
28565,0.000799,172.31.40.0-255,66,50090,78,212154
28566,0.000999,172.217.194.0-255,1484,51574,78,212154
28567,0.001006,172.217.194.0-255,2902,54476,78,212154
28568,0.00103,172.217.194.0-255,5738,60214,78,212154
28569,0.001042,172.31.40.0-255,66,60280,78,212154
28570,0.001087,172.217.194.0-255,4320,64600,78,212154
28571,0.001096,172.31.40.0-255,66,64666,78,212154
28572,0.001182,172.217.194.0-255,5738,70404,78,212154
28573,0.001197,172.217.194.0-255,1484,71888,78,212154
28574,0.001206,172.31.40.0-255,66,71954,78,212154
28575,0.001271,172.217.194.0-255,3602,75556,78,212154
28576,0.001298,172.31.40.0-255,66,75622,78,212154
28577,0.001435,172.31.40.0-255,66,75688,78,212154
28578,0.001556,172.217.194.0-255,5738,81426,78,212154
28579,0.001568,172.31.40.0-255,66,81492,78,212154
28580,0.001613,172.31.40.0-255,66,81558,78,212154
28581,0.001736,172.217.194.0-255,7156,88714,78,212154
28582,0.001751,172.31.40.0-255,66,88780,78,212154
28583,0.001794,172.31.40.0-255,66,88846,78,212154
28584,0.001976,172.31.40.0-255,66,88912,78,212154
28585,0.002137,172.217.194.0-255,1484,90396,78,212154
28586,0.002183,172.217.194.0-255,2902,93298,78,212154
28587,0.002186,172.31.40.0-255,66,93364,78,212154
28588,0.002193,172.217.194.0-255,4320,97684,78,212154
28589,0.002206,172.217.194.0-255,1484,99168,78,212154
28590,0.002212,172.217.194.0-255,4320,103488,78,212154
28591,0.002265,172.31.40.0-255,66,103554,78,212154
28592,0.002314,172.217.194.0-255,2902,106456,78,212154
28593,0.002323,172.31.40.0-255,66,106522,78,212154
28594,0.002369,172.31.40.0-255,66,106588,78,212154
28595,0.00256,172.217.194.0-255,4320,110908,78,212154
28596,0.002564,172.31.40.0-255,66,110974,78,212154
28597,0.002607,172.31.40.0-255,66,111040,78,212154
28598,0.002674,172.217.194.0-255,2184,113224,78,212154
28599,0.002678,172.31.40.0-255,66,113290,78,212154
28600,0.004825,172.217.194.0-255,2902,116192,78,212154
28601,0.004837,172.31.40.0-255,66,116258,78,212154
28602,0.004864,172.217.194.0-255,1484,117742,78,212154
28603,0.004882,172.217.194.0-255,1484,119226,78,212154
28604,0.004884,172.31.40.0-255,66,119292,78,212154
28605,0.007055,172.217.194.0-255,2902,122194,78,212154
28606,0.007071,172.31.40.0-255,66,122260,78,212154
28607,0.007095,172.217.194.0-255,2902,125162,78,212154
28608,0.007098,172.31.40.0-255,66,125228,78,212154
28609,0.009313,172.217.194.0-255,5738,130966,78,212154
28610,0.009328,172.31.40.0-255,66,131032,78,212154
28611,0.011541,172.217.194.0-255,5738,136770,78,212154
28612,0.011549,172.31.40.0-255,66,136836,78,212154
28613,0.013763,172.217.194.0-255,4320,141156,78,212154
28614,0.013771,172.31.40.0-255,66,141222,78,212154
28615,0.013784,172.217.194.0-255,1484,142706,78,212154
28616,0.015984,172.217.194.0-255,4320,147026,78,212154
28617,0.015991,172.31.40.0-255,66,147092,78,212154
28618,0.018225,172.217.194.0-255,5738,152830,78,212154
28619,0.018241,172.31.40.0-255,66,152896,78,212154
28620,0.02047,172.217.194.0-255,5738,158634,78,212154
28621,0.020479,172.31.40.0-255,66,158700,78,212154
28622,0.022734,172.217.194.0-255,5738,164438,78,212154
28623,0.022744,172.31.40.0-255,66,164504,78,212154
28624,0.024966,172.217.194.0-255,5738,170242,78,212154
28625,0.024975,172.31.40.0-255,66,170308,78,212154
28626,0.027197,172.217.194.0-255,5738,176046,78,212154
28627,0.02721,172.31.40.0-255,66,176112,78,212154
28628,0.029455,172.217.194.0-255,5738,181850,78,212154
28629,0.029474,172.31.40.0-255,66,181916,78,212154
28630,0.031715,172.217.194.0-255,5738,187654,78,212154
28631,0.031725,172.31.40.0-255,66,187720,78,212154
28632,0.03394,172.217.194.0-255,5738,193458,78,212154
28633,0.033949,172.31.40.0-255,66,193524,78,212154
28634,0.036181,172.217.194.0-255,5738,199262,78,212154
28635,0.036193,172.31.40.0-255,66,199328,78,212154
28636,0.038417,172.217.194.0-255,5738,205066,78,212154
28637,0.038425,172.31.40.0-255,66,205132,78,212154
28638,0.040651,172.217.194.0-255,5738,210870,78,212154
28639,0.040671,172.31.40.0-255,66,210936,78,212154
28640,0.042872,172.217.194.0-255,981,211917,78,212154
28641,0.043011,172.31.40.0-255,66,211983,78,212154
28642,0.043053,172.31.40.0-255,105,212088,78,212154
28643,0.045252,172.217.194.0-255,66,212154,78,212154
28644,0.0,74.125.24.0-255,150,150,78,279779
28645,2.3e-05,172.31.40.0-255,66,216,78,279779
28646,3e-05,74.125.24.0-255,1484,1700,78,279779
28647,3.4e-05,172.31.40.0-255,66,1766,78,279779
28648,3.9e-05,74.125.24.0-255,2902,4668,78,279779
28649,4.2e-05,172.31.40.0-255,66,4734,78,279779
28650,5.6e-05,74.125.24.0-255,7156,11890,78,279779
28651,5.9e-05,172.31.40.0-255,66,11956,78,279779
28652,6.3e-05,74.125.24.0-255,2039,13995,78,279779
28653,6.5e-05,172.31.40.0-255,66,14061,78,279779
28654,7.3e-05,74.125.24.0-255,7156,21217,78,279779
28655,7.6e-05,172.31.40.0-255,66,21283,78,279779
28656,0.000103,74.125.24.0-255,4320,25603,78,279779
28657,0.00011,172.31.40.0-255,66,25669,78,279779
28658,0.000116,74.125.24.0-255,4320,29989,78,279779
28659,0.000118,172.31.40.0-255,66,30055,78,279779
28660,0.000121,74.125.24.0-255,1125,31180,78,279779
28661,0.000123,172.31.40.0-255,66,31246,78,279779
28662,0.000221,74.125.24.0-255,1484,32730,78,279779
28663,0.000224,172.31.40.0-255,66,32796,78,279779
28664,0.000227,74.125.24.0-255,1484,34280,78,279779
28665,0.000229,172.31.40.0-255,66,34346,78,279779
28666,0.000252,74.125.24.0-255,2902,37248,78,279779
28667,0.000258,172.31.40.0-255,66,37314,78,279779
28668,0.000265,74.125.24.0-255,5738,43052,78,279779
28669,0.000267,172.31.40.0-255,66,43118,78,279779
28670,0.000301,74.125.24.0-255,5379,48497,78,279779
28671,0.000304,172.31.40.0-255,66,48563,78,279779
28672,0.000307,74.125.24.0-255,1484,50047,78,279779
28673,0.000308,172.31.40.0-255,66,50113,78,279779
28674,0.000337,172.31.40.0-255,66,50179,78,279779
28675,0.000342,74.125.24.0-255,4238,54417,78,279779
28676,0.000344,172.31.40.0-255,66,54483,78,279779
28677,0.000701,74.125.24.0-255,379,54862,78,279779
28678,0.001016,74.125.24.0-255,1484,56346,78,279779
28679,0.001021,172.31.40.0-255,66,56412,78,279779
28680,0.001026,74.125.24.0-255,2902,59314,78,279779
28681,0.001028,172.31.40.0-255,66,59380,78,279779
28682,0.001047,74.125.24.0-255,2902,62282,78,279779
28683,0.001049,172.31.40.0-255,66,62348,78,279779
28684,0.001054,74.125.24.0-255,2902,65250,78,279779
28685,0.00106,172.31.40.0-255,66,65316,78,279779
28686,0.001093,74.125.24.0-255,4320,69636,78,279779
28687,0.001095,172.31.40.0-255,66,69702,78,279779
28688,0.001101,74.125.24.0-255,4320,74022,78,279779
28689,0.001103,172.31.40.0-255,66,74088,78,279779
28690,0.001123,74.125.24.0-255,2543,76631,78,279779
28691,0.00113,172.31.40.0-255,66,76697,78,279779
28692,0.001137,74.125.24.0-255,7156,83853,78,279779
28693,0.001138,172.31.40.0-255,66,83919,78,279779
28694,0.001179,172.31.40.0-255,66,83985,78,279779
28695,0.001237,172.31.40.0-255,66,84051,78,279779
28696,0.001705,74.125.24.0-255,1484,85535,78,279779
28697,0.001713,74.125.24.0-255,2902,88437,78,279779
28698,0.001717,172.31.40.0-255,66,88503,78,279779
28699,0.001721,74.125.24.0-255,1484,89987,78,279779
28700,0.001753,74.125.24.0-255,4320,94307,78,279779
28701,0.001755,172.31.40.0-255,66,94373,78,279779
28702,0.001761,74.125.24.0-255,4320,98693,78,279779
28703,0.001763,172.31.40.0-255,66,98759,78,279779
28704,0.001789,74.125.24.0-255,7156,105915,78,279779
28705,0.001791,172.31.40.0-255,66,105981,78,279779
28706,0.001809,172.31.40.0-255,66,106047,78,279779
28707,0.001812,74.125.24.0-255,1484,107531,78,279779
28708,0.001816,74.125.24.0-255,2902,110433,78,279779
28709,0.001818,172.31.40.0-255,66,110499,78,279779
28710,0.001822,74.125.24.0-255,1484,111983,78,279779
28711,0.001862,74.125.24.0-255,4320,116303,78,279779
28712,0.001864,172.31.40.0-255,66,116369,78,279779
28713,0.001881,172.31.40.0-255,66,116435,78,279779
28714,0.001886,74.125.24.0-255,4320,120755,78,279779
28715,0.001888,172.31.40.0-255,66,120821,78,279779
28716,0.001925,74.125.24.0-255,6438,127259,78,279779
28717,0.001927,172.31.40.0-255,66,127325,78,279779
28718,0.001959,74.125.24.0-255,7156,134481,78,279779
28719,0.001962,172.31.40.0-255,66,134547,78,279779
28720,0.001967,74.125.24.0-255,4320,138867,78,279779
28721,0.00197,172.31.40.0-255,66,138933,78,279779
28722,0.002001,74.125.24.0-255,5738,144671,78,279779
28723,0.002004,172.31.40.0-255,66,144737,78,279779
28724,0.002025,74.125.24.0-255,7156,151893,78,279779
28725,0.002028,172.31.40.0-255,66,151959,78,279779
28726,0.002074,172.31.40.0-255,66,152025,78,279779
28727,0.004121,74.125.24.0-255,5738,157763,78,279779
28728,0.004128,172.31.40.0-255,66,157829,78,279779
28729,0.006267,74.125.24.0-255,5738,163567,78,279779
28730,0.006273,172.31.40.0-255,66,163633,78,279779
28731,0.008345,74.125.24.0-255,5738,169371,78,279779
28732,0.008352,172.31.40.0-255,66,169437,78,279779
28733,0.010447,74.125.24.0-255,5738,175175,78,279779
28734,0.010454,172.31.40.0-255,66,175241,78,279779
28735,0.012561,74.125.24.0-255,5738,180979,78,279779
28736,0.012569,172.31.40.0-255,66,181045,78,279779
28737,0.014671,74.125.24.0-255,5738,186783,78,279779
28738,0.014677,172.31.40.0-255,66,186849,78,279779
28739,0.016749,74.125.24.0-255,5738,192587,78,279779
28740,0.016763,172.31.40.0-255,66,192653,78,279779
28741,0.018813,74.125.24.0-255,5738,198391,78,279779
28742,0.018827,172.31.40.0-255,66,198457,78,279779
28743,0.020929,74.125.24.0-255,5738,204195,78,279779
28744,0.020942,172.31.40.0-255,66,204261,78,279779
28745,0.022998,74.125.24.0-255,5738,209999,78,279779
28746,0.02301,172.31.40.0-255,66,210065,78,279779
28747,0.025102,74.125.24.0-255,5738,215803,78,279779
28748,0.025126,172.31.40.0-255,66,215869,78,279779
28749,0.027198,74.125.24.0-255,5738,221607,78,279779
28750,0.027208,172.31.40.0-255,66,221673,78,279779
28751,0.02936,74.125.24.0-255,5738,227411,78,279779
28752,0.029371,172.31.40.0-255,66,227477,78,279779
28753,0.031421,74.125.24.0-255,5738,233215,78,279779
28754,0.031429,172.31.40.0-255,66,233281,78,279779
28755,0.033511,74.125.24.0-255,5738,239019,78,279779
28756,0.033519,172.31.40.0-255,66,239085,78,279779
28757,0.035618,74.125.24.0-255,5738,244823,78,279779
28758,0.035627,172.31.40.0-255,66,244889,78,279779
28759,0.037724,74.125.24.0-255,5738,250627,78,279779
28760,0.037735,172.31.40.0-255,66,250693,78,279779
28761,0.039805,74.125.24.0-255,5738,256431,78,279779
28762,0.039817,172.31.40.0-255,66,256497,78,279779
28763,0.041907,74.125.24.0-255,5738,262235,78,279779
28764,0.041918,172.31.40.0-255,66,262301,78,279779
28765,0.043998,74.125.24.0-255,5738,268039,78,279779
28766,0.044004,172.31.40.0-255,66,268105,78,279779
28767,0.046107,74.125.24.0-255,5738,273843,78,279779
28768,0.046123,172.31.40.0-255,66,273909,78,279779
28769,0.048213,74.125.24.0-255,4320,278229,78,279779
28770,0.048221,172.31.40.0-255,66,278295,78,279779
28771,0.04825,74.125.24.0-255,1484,279779,78,279779
28772,0.0,74.125.200.0-255,150,150,78,294793
28773,2.2e-05,172.31.40.0-255,66,216,78,294793
28774,2.8e-05,74.125.200.0-255,1484,1700,78,294793
28775,3.3e-05,172.31.40.0-255,66,1766,78,294793
28776,3.8e-05,74.125.200.0-255,2902,4668,78,294793
28777,4.1e-05,172.31.40.0-255,66,4734,78,294793
28778,4.7e-05,74.125.200.0-255,4320,9054,78,294793
28779,5.1e-05,172.31.40.0-255,66,9120,78,294793
28780,9.1e-05,74.125.200.0-255,4877,13997,78,294793
28781,9.5e-05,172.31.40.0-255,66,14063,78,294793
28782,0.000132,74.125.200.0-255,5738,19801,78,294793
28783,0.000135,172.31.40.0-255,66,19867,78,294793
28784,0.000139,74.125.200.0-255,2902,22769,78,294793
28785,0.000141,172.31.40.0-255,66,22835,78,294793
28786,0.000188,74.125.200.0-255,5738,28573,78,294793
28787,0.000191,172.31.40.0-255,66,28639,78,294793
28788,0.000211,74.125.200.0-255,2543,31182,78,294793
28789,0.000213,172.31.40.0-255,66,31248,78,294793
28790,0.000298,74.125.200.0-255,1484,32732,78,294793
28791,0.000302,172.31.40.0-255,66,32798,78,294793
28792,0.000306,74.125.200.0-255,2902,35700,78,294793
28793,0.000308,172.31.40.0-255,66,35766,78,294793
28794,0.000332,74.125.200.0-255,4320,40086,78,294793
28795,0.000335,172.31.40.0-255,66,40152,78,294793
28796,0.000353,74.125.200.0-255,1484,41636,78,294793
28797,0.000355,172.31.40.0-255,66,41702,78,294793
28798,0.000359,74.125.200.0-255,2902,44604,78,294793
28799,0.000361,172.31.40.0-255,66,44670,78,294793
28800,0.000367,74.125.200.0-255,3961,48631,78,294793
28801,0.000369,172.31.40.0-255,66,48697,78,294793
28802,0.000385,74.125.200.0-255,4320,53017,78,294793
28803,0.000388,172.31.40.0-255,66,53083,78,294793
28804,0.000401,74.125.200.0-255,4320,57403,78,294793
28805,0.000404,172.31.40.0-255,66,57469,78,294793
28806,0.000447,74.125.200.0-255,4320,61789,78,294793
28807,0.00045,172.31.40.0-255,66,61855,78,294793
28808,0.00047,74.125.200.0-255,4234,66089,78,294793
28809,0.000473,172.31.40.0-255,66,66155,78,294793
28810,0.000564,74.125.200.0-255,382,66537,78,294793
28811,0.000763,74.125.200.0-255,1484,68021,78,294793
28812,0.000769,172.31.40.0-255,66,68087,78,294793
28813,0.000773,74.125.200.0-255,2902,70989,78,294793
28814,0.000776,172.31.40.0-255,66,71055,78,294793
28815,0.0008,74.125.200.0-255,1484,72539,78,294793
28816,0.000805,74.125.200.0-255,2902,75441,78,294793
28817,0.000808,172.31.40.0-255,66,75507,78,294793
28818,0.000844,74.125.200.0-255,5738,81245,78,294793
28819,0.000848,172.31.40.0-255,66,81311,78,294793
28820,0.000851,74.125.200.0-255,1484,82795,78,294793
28821,0.000893,74.125.200.0-255,2543,85338,78,294793
28822,0.000895,172.31.40.0-255,66,85404,78,294793
28823,0.0009,74.125.200.0-255,4320,89724,78,294793
28824,0.000902,172.31.40.0-255,66,89790,78,294793
28825,0.000915,74.125.200.0-255,1484,91274,78,294793
28826,0.000938,74.125.200.0-255,4320,95594,78,294793
28827,0.000941,172.31.40.0-255,66,95660,78,294793
28828,0.000946,74.125.200.0-255,4320,99980,78,294793
28829,0.000949,172.31.40.0-255,66,100046,78,294793
28830,0.000961,74.125.200.0-255,1125,101171,78,294793
28831,0.001373,74.125.200.0-255,1484,102655,78,294793
28832,0.001377,172.31.40.0-255,66,102721,78,294793
28833,0.001394,74.125.200.0-255,2902,105623,78,294793
28834,0.001396,172.31.40.0-255,66,105689,78,294793
28835,0.001399,74.125.200.0-255,1484,107173,78,294793
28836,0.001415,74.125.200.0-255,1484,108657,78,294793
28837,0.001417,172.31.40.0-255,66,108723,78,294793
28838,0.001438,74.125.200.0-255,1484,110207,78,294793
28839,0.001452,74.125.200.0-255,4320,114527,78,294793
28840,0.001454,172.31.40.0-255,66,114593,78,294793
28841,0.001466,74.125.200.0-255,1484,116077,78,294793
28842,0.001469,74.125.200.0-255,1484,117561,78,294793
28843,0.001471,172.31.40.0-255,66,117627,78,294793
28844,0.001475,74.125.200.0-255,2902,120529,78,294793
28845,0.001477,172.31.40.0-255,66,120595,78,294793
28846,0.001494,74.125.200.0-255,2902,123497,78,294793
28847,0.001497,172.31.40.0-255,66,123563,78,294793
28848,0.001521,74.125.200.0-255,2902,126465,78,294793
28849,0.001524,172.31.40.0-255,66,126531,78,294793
28850,0.001528,74.125.200.0-255,1484,128015,78,294793
28851,0.001572,74.125.200.0-255,5738,133753,78,294793
28852,0.001575,172.31.40.0-255,66,133819,78,294793
28853,0.001594,74.125.200.0-255,2184,136003,78,294793
28854,0.001599,172.31.40.0-255,66,136069,78,294793
28855,0.001891,74.125.200.0-255,1484,137553,78,294793
28856,0.001908,74.125.200.0-255,2902,140455,78,294793
28857,0.001916,172.31.40.0-255,66,140521,78,294793
28858,0.001933,74.125.200.0-255,4320,144841,78,294793
28859,0.001935,172.31.40.0-255,66,144907,78,294793
28860,0.001964,74.125.200.0-255,2902,147809,78,294793
28861,0.001966,172.31.40.0-255,66,147875,78,294793
28862,0.001979,74.125.200.0-255,1484,149359,78,294793
28863,0.001991,74.125.200.0-255,2902,152261,78,294793
28864,0.001994,172.31.40.0-255,66,152327,78,294793
28865,0.00201,74.125.200.0-255,2902,155229,78,294793
28866,0.002012,172.31.40.0-255,66,155295,78,294793
28867,0.002035,74.125.200.0-255,2902,158197,78,294793
28868,0.002037,172.31.40.0-255,66,158263,78,294793
28869,0.002056,74.125.200.0-255,1484,159747,78,294793
28870,0.002079,74.125.200.0-255,5738,165485,78,294793
28871,0.002082,172.31.40.0-255,66,165551,78,294793
28872,0.002119,74.125.200.0-255,1484,167035,78,294793
28873,0.002137,74.125.200.0-255,3602,170637,78,294793
28874,0.00214,172.31.40.0-255,66,170703,78,294793
28875,0.002262,74.125.200.0-255,1484,172187,78,294793
28876,0.002295,74.125.200.0-255,1484,173671,78,294793
28877,0.002299,172.31.40.0-255,66,173737,78,294793
28878,0.004415,74.125.200.0-255,2902,176639,78,294793
28879,0.004422,172.31.40.0-255,66,176705,78,294793
28880,0.004561,74.125.200.0-255,2902,179607,78,294793
28881,0.004564,172.31.40.0-255,66,179673,78,294793
28882,0.0067,74.125.200.0-255,2902,182575,78,294793
28883,0.006704,172.31.40.0-255,66,182641,78,294793
28884,0.006836,74.125.200.0-255,2902,185543,78,294793
28885,0.006839,172.31.40.0-255,66,185609,78,294793
28886,0.008966,74.125.200.0-255,2902,188511,78,294793
28887,0.008974,172.31.40.0-255,66,188577,78,294793
28888,0.009103,74.125.200.0-255,2902,191479,78,294793
28889,0.009108,172.31.40.0-255,66,191545,78,294793
28890,0.011253,74.125.200.0-255,2902,194447,78,294793
28891,0.011261,172.31.40.0-255,66,194513,78,294793
28892,0.011376,74.125.200.0-255,2902,197415,78,294793
28893,0.011381,172.31.40.0-255,66,197481,78,294793
28894,0.013535,74.125.200.0-255,2902,200383,78,294793
28895,0.013544,172.31.40.0-255,66,200449,78,294793
28896,0.013639,74.125.200.0-255,2902,203351,78,294793
28897,0.013644,172.31.40.0-255,66,203417,78,294793
28898,0.01582,74.125.200.0-255,2902,206319,78,294793
28899,0.01583,172.31.40.0-255,66,206385,78,294793
28900,0.015908,74.125.200.0-255,2902,209287,78,294793
28901,0.015912,172.31.40.0-255,66,209353,78,294793
28902,0.018113,74.125.200.0-255,2902,212255,78,294793
28903,0.018122,172.31.40.0-255,66,212321,78,294793
28904,0.018169,74.125.200.0-255,2902,215223,78,294793
28905,0.018173,172.31.40.0-255,66,215289,78,294793
28906,0.020396,74.125.200.0-255,2902,218191,78,294793
28907,0.020404,172.31.40.0-255,66,218257,78,294793
28908,0.020426,74.125.200.0-255,2902,221159,78,294793
28909,0.020428,172.31.40.0-255,66,221225,78,294793
28910,0.022675,74.125.200.0-255,4320,225545,78,294793
28911,0.022686,172.31.40.0-255,66,225611,78,294793
28912,0.022708,74.125.200.0-255,1484,227095,78,294793
28913,0.024975,74.125.200.0-255,4320,231415,78,294793
28914,0.024982,172.31.40.0-255,66,231481,78,294793
28915,0.027263,74.125.200.0-255,5738,237219,78,294793
28916,0.027271,172.31.40.0-255,66,237285,78,294793
28917,0.029294,172.31.40.0-255,172,237457,78,294793
28918,0.029325,172.31.40.0-255,1108,238565,78,294793
28919,0.029386,172.31.40.0-255,1514,240079,78,294793
28920,0.029388,172.31.40.0-255,1514,241593,78,294793
28921,0.02939,172.31.40.0-255,700,242293,78,294793
28922,0.029546,74.125.200.0-255,5738,248031,78,294793
28923,0.029553,172.31.40.0-255,66,248097,78,294793
28924,0.030854,104.244.42.0-255,66,248163,78,294793
28925,0.03089,104.244.42.0-255,66,248229,78,294793
28926,0.030916,104.244.42.0-255,66,248295,78,294793
28927,0.030961,104.244.42.0-255,66,248361,78,294793
28928,0.031837,74.125.200.0-255,5738,254099,78,294793
28929,0.031844,172.31.40.0-255,66,254165,78,294793
28930,0.034135,74.125.200.0-255,5738,259903,78,294793
28931,0.03415,172.31.40.0-255,66,259969,78,294793
28932,0.036433,74.125.200.0-255,5738,265707,78,294793
28933,0.03645,172.31.40.0-255,66,265773,78,294793
28934,0.038732,74.125.200.0-255,5738,271511,78,294793
28935,0.038744,172.31.40.0-255,66,271577,78,294793
28936,0.041072,74.125.200.0-255,5738,277315,78,294793
28937,0.041089,172.31.40.0-255,66,277381,78,294793
28938,0.04336,74.125.200.0-255,5738,283119,78,294793
28939,0.043372,172.31.40.0-255,66,283185,78,294793
28940,0.04569,74.125.200.0-255,5738,288923,78,294793
28941,0.045711,172.31.40.0-255,66,288989,78,294793
28942,0.048025,74.125.200.0-255,5738,294727,78,294793
28943,0.048042,172.31.40.0-255,66,294793,78,294793
28944,0.0,74.125.68.0-255,154,154,78,329251
28945,2.3e-05,172.31.40.0-255,66,220,78,329251
28946,3e-05,74.125.68.0-255,1484,1704,78,329251
28947,3.4e-05,172.31.40.0-255,66,1770,78,329251
28948,6.7e-05,74.125.68.0-255,2902,4672,78,329251
28949,7.1e-05,172.31.40.0-255,66,4738,78,329251
28950,7.5e-05,74.125.68.0-255,2902,7640,78,329251
28951,7.8e-05,172.31.40.0-255,66,7706,78,329251
28952,0.000118,74.125.68.0-255,4320,12026,78,329251
28953,0.000121,172.31.40.0-255,66,12092,78,329251
28954,0.00014,74.125.68.0-255,2068,14160,78,329251
28955,0.000143,172.31.40.0-255,66,14226,78,329251
28956,0.000259,74.125.68.0-255,1484,15710,78,329251
28957,0.000263,172.31.40.0-255,66,15776,78,329251
28958,0.000282,74.125.68.0-255,1484,17260,78,329251
28959,0.000285,172.31.40.0-255,66,17326,78,329251
28960,0.000288,74.125.68.0-255,1484,18810,78,329251
28961,0.000291,172.31.40.0-255,66,18876,78,329251
28962,0.00031,74.125.68.0-255,1484,20360,78,329251
28963,0.000312,172.31.40.0-255,66,20426,78,329251
28964,0.000336,74.125.68.0-255,5738,26164,78,329251
28965,0.000339,172.31.40.0-255,66,26230,78,329251
28966,0.000342,74.125.68.0-255,1484,27714,78,329251
28967,0.000344,172.31.40.0-255,66,27780,78,329251
28968,0.000348,74.125.68.0-255,2902,30682,78,329251
28969,0.00035,172.31.40.0-255,66,30748,78,329251
28970,0.00039,74.125.68.0-255,3961,34709,78,329251
28971,0.000393,172.31.40.0-255,66,34775,78,329251
28972,0.000396,74.125.68.0-255,1484,36259,78,329251
28973,0.000398,172.31.40.0-255,66,36325,78,329251
28974,0.000415,74.125.68.0-255,2902,39227,78,329251
28975,0.000417,172.31.40.0-255,66,39293,78,329251
28976,0.000448,74.125.68.0-255,5738,45031,78,329251
28977,0.000451,172.31.40.0-255,66,45097,78,329251
28978,0.000454,74.125.68.0-255,1484,46581,78,329251
28979,0.000474,74.125.68.0-255,5738,52319,78,329251
28980,0.000477,172.31.40.0-255,66,52385,78,329251
28981,0.000493,74.125.68.0-255,1484,53869,78,329251
28982,0.000517,172.31.40.0-255,66,53935,78,329251
28983,0.000549,74.125.68.0-255,2184,56119,78,329251
28984,0.000551,172.31.40.0-255,66,56185,78,329251
28985,0.000566,74.125.68.0-255,428,56613,78,329251
28986,0.000846,74.125.68.0-255,1484,58097,78,329251
28987,0.000851,172.31.40.0-255,66,58163,78,329251
28988,0.000857,74.125.68.0-255,2902,61065,78,329251
28989,0.000859,172.31.40.0-255,66,61131,78,329251
28990,0.000887,74.125.68.0-255,5738,66869,78,329251
28991,0.00089,172.31.40.0-255,66,66935,78,329251
28992,0.000897,74.125.68.0-255,5738,72673,78,329251
28993,0.000899,172.31.40.0-255,66,72739,78,329251
28994,0.000912,74.125.68.0-255,1484,74223,78,329251
28995,0.000914,74.125.68.0-255,1484,75707,78,329251
28996,0.000919,172.31.40.0-255,66,75773,78,329251
28997,0.000944,74.125.68.0-255,7156,82929,78,329251
28998,0.000947,172.31.40.0-255,66,82995,78,329251
28999,0.000956,172.31.40.0-255,66,83061,78,329251
29000,0.000958,74.125.68.0-255,346,83407,78,329251
29001,0.001232,74.125.68.0-255,1484,84891,78,329251
29002,0.001235,172.31.40.0-255,66,84957,78,329251
29003,0.001248,74.125.68.0-255,2902,87859,78,329251
29004,0.00125,172.31.40.0-255,66,87925,78,329251
29005,0.001279,74.125.68.0-255,5738,93663,78,329251
29006,0.001281,172.31.40.0-255,66,93729,78,329251
29007,0.001298,74.125.68.0-255,4320,98049,78,329251
29008,0.0013,172.31.40.0-255,66,98115,78,329251
29009,0.001312,74.125.68.0-255,4320,102435,78,329251
29010,0.001314,172.31.40.0-255,66,102501,78,329251
29011,0.00135,172.31.40.0-255,66,102567,78,329251
29012,0.001356,74.125.68.0-255,5020,107587,78,329251
29013,0.001358,172.31.40.0-255,66,107653,78,329251
29014,0.001479,74.125.68.0-255,1484,109137,78,329251
29015,0.001484,74.125.68.0-255,2902,112039,78,329251
29016,0.001486,172.31.40.0-255,66,112105,78,329251
29017,0.001489,74.125.68.0-255,1484,113589,78,329251
29018,0.001505,74.125.68.0-255,2902,116491,78,329251
29019,0.001507,172.31.40.0-255,66,116557,78,329251
29020,0.001529,74.125.68.0-255,5738,122295,78,329251
29021,0.001531,172.31.40.0-255,66,122361,78,329251
29022,0.001548,74.125.68.0-255,4320,126681,78,329251
29023,0.00155,172.31.40.0-255,66,126747,78,329251
29024,0.001568,74.125.68.0-255,4320,131067,78,329251
29025,0.00157,172.31.40.0-255,66,131133,78,329251
29026,0.001575,74.125.68.0-255,5738,136871,78,329251
29027,0.001577,172.31.40.0-255,66,136937,78,329251
29028,0.001599,74.125.68.0-255,4320,141257,78,329251
29029,0.001601,172.31.40.0-255,66,141323,78,329251
29030,0.001604,74.125.68.0-255,766,142089,78,329251
29031,0.001883,74.125.68.0-255,1484,143573,78,329251
29032,0.001886,172.31.40.0-255,66,143639,78,329251
29033,0.001891,74.125.68.0-255,2902,146541,78,329251
29034,0.001893,172.31.40.0-255,66,146607,78,329251
29035,0.001934,74.125.68.0-255,1484,148091,78,329251
29036,0.001939,74.125.68.0-255,2902,150993,78,329251
29037,0.001941,172.31.40.0-255,66,151059,78,329251
29038,0.00196,74.125.68.0-255,4320,155379,78,329251
29039,0.001962,172.31.40.0-255,66,155445,78,329251
29040,0.001983,74.125.68.0-255,5738,161183,78,329251
29041,0.001985,172.31.40.0-255,66,161249,78,329251
29042,0.002029,172.31.40.0-255,66,161315,78,329251
29043,0.00206,74.125.68.0-255,6438,167753,78,329251
29044,0.002062,172.31.40.0-255,66,167819,78,329251
29045,0.002097,74.125.68.0-255,2902,170721,78,329251
29046,0.002099,172.31.40.0-255,66,170787,78,329251
29047,0.002123,74.125.68.0-255,4320,175107,78,329251
29048,0.002125,172.31.40.0-255,66,175173,78,329251
29049,0.002127,74.125.68.0-255,1484,176657,78,329251
29050,0.002131,74.125.68.0-255,2902,179559,78,329251
29051,0.002133,172.31.40.0-255,66,179625,78,329251
29052,0.002157,74.125.68.0-255,2902,182527,78,329251
29053,0.00216,74.125.68.0-255,1484,184011,78,329251
29054,0.002163,172.31.40.0-255,66,184077,78,329251
29055,0.002179,74.125.68.0-255,2902,186979,78,329251
29056,0.002181,172.31.40.0-255,66,187045,78,329251
29057,0.002199,74.125.68.0-255,2902,189947,78,329251
29058,0.002201,172.31.40.0-255,66,190013,78,329251
29059,0.002226,74.125.68.0-255,5738,195751,78,329251
29060,0.002229,172.31.40.0-255,66,195817,78,329251
29061,0.002258,74.125.68.0-255,4320,200137,78,329251
29062,0.00226,172.31.40.0-255,66,200203,78,329251
29063,0.002274,74.125.68.0-255,2184,202387,78,329251
29064,0.002276,172.31.40.0-255,66,202453,78,329251
29065,0.002423,74.125.68.0-255,1484,203937,78,329251
29066,0.002442,74.125.68.0-255,2902,206839,78,329251
29067,0.002445,172.31.40.0-255,66,206905,78,329251
29068,0.002448,74.125.68.0-255,1484,208389,78,329251
29069,0.00246,74.125.68.0-255,2902,211291,78,329251
29070,0.002462,172.31.40.0-255,66,211357,78,329251
29071,0.002545,74.125.68.0-255,2902,214259,78,329251
29072,0.002549,172.31.40.0-255,66,214325,78,329251
29073,0.002552,74.125.68.0-255,1484,215809,78,329251
29074,0.00258,74.125.68.0-255,2902,218711,78,329251
29075,0.002581,172.31.40.0-255,66,218777,78,329251
29076,0.002584,74.125.68.0-255,1484,220261,78,329251
29077,0.002608,74.125.68.0-255,4320,224581,78,329251
29078,0.00261,172.31.40.0-255,66,224647,78,329251
29079,0.002613,74.125.68.0-255,1484,226131,78,329251
29080,0.00521,74.125.68.0-255,4320,230451,78,329251
29081,0.005228,172.31.40.0-255,66,230517,78,329251
29082,0.00783,74.125.68.0-255,5738,236255,78,329251
29083,0.007845,172.31.40.0-255,66,236321,78,329251
29084,0.010449,74.125.68.0-255,5738,242059,78,329251
29085,0.010462,172.31.40.0-255,66,242125,78,329251
29086,0.013063,74.125.68.0-255,5738,247863,78,329251
29087,0.013072,172.31.40.0-255,66,247929,78,329251
29088,0.015666,74.125.68.0-255,5738,253667,78,329251
29089,0.015675,172.31.40.0-255,66,253733,78,329251
29090,0.018265,74.125.68.0-255,5738,259471,78,329251
29091,0.018282,172.31.40.0-255,66,259537,78,329251
29092,0.020868,74.125.68.0-255,5738,265275,78,329251
29093,0.02088,172.31.40.0-255,66,265341,78,329251
29094,0.02348,74.125.68.0-255,5738,271079,78,329251
29095,0.023493,172.31.40.0-255,66,271145,78,329251
29096,0.026095,74.125.68.0-255,5738,276883,78,329251
29097,0.026107,172.31.40.0-255,66,276949,78,329251
29098,0.028711,74.125.68.0-255,5738,282687,78,329251
29099,0.028729,172.31.40.0-255,66,282753,78,329251
29100,0.031318,74.125.68.0-255,5738,288491,78,329251
29101,0.031327,172.31.40.0-255,66,288557,78,329251
29102,0.033907,74.125.68.0-255,1484,290041,78,329251
29103,0.03393,74.125.68.0-255,4320,294361,78,329251
29104,0.033937,172.31.40.0-255,66,294427,78,329251
29105,0.036557,74.125.68.0-255,5738,300165,78,329251
29106,0.036577,172.31.40.0-255,66,300231,78,329251
29107,0.039168,74.125.68.0-255,5738,305969,78,329251
29108,0.03918,172.31.40.0-255,66,306035,78,329251
29109,0.041805,74.125.68.0-255,5738,311773,78,329251
29110,0.041823,172.31.40.0-255,66,311839,78,329251
29111,0.044407,74.125.68.0-255,5738,317577,78,329251
29112,0.044416,172.31.40.0-255,66,317643,78,329251
29113,0.047011,74.125.68.0-255,5738,323381,78,329251
29114,0.047028,172.31.40.0-255,66,323447,78,329251
29115,0.049658,74.125.68.0-255,5738,329185,78,329251
29116,0.049668,172.31.40.0-255,66,329251,78,329251
29117,0.0,74.125.24.0-255,153,153,78,112151
29118,2.3e-05,172.31.40.0-255,66,219,78,112151
29119,3e-05,74.125.24.0-255,1484,1703,78,112151
29120,3.4e-05,172.31.40.0-255,66,1769,78,112151
29121,4.8e-05,74.125.24.0-255,2902,4671,78,112151
29122,5.2e-05,172.31.40.0-255,66,4737,78,112151
29123,6e-05,74.125.24.0-255,7156,11893,78,112151
29124,6.3e-05,172.31.40.0-255,66,11959,78,112151
29125,0.000109,172.31.40.0-255,66,12025,78,112151
29126,0.000183,74.125.24.0-255,6797,18822,78,112151
29127,0.000187,172.31.40.0-255,66,18888,78,112151
29128,0.000301,74.125.24.0-255,1484,20372,78,112151
29129,0.000305,172.31.40.0-255,66,20438,78,112151
29130,0.000311,74.125.24.0-255,2902,23340,78,112151
29131,0.000313,172.31.40.0-255,66,23406,78,112151
29132,0.000317,74.125.24.0-255,1484,24890,78,112151
29133,0.000319,172.31.40.0-255,66,24956,78,112151
29134,0.000352,74.125.24.0-255,4320,29276,78,112151
29135,0.000355,172.31.40.0-255,66,29342,78,112151
29136,0.000405,172.31.40.0-255,66,29408,78,112151
29137,0.000523,172.31.40.0-255,66,29474,78,112151
29138,0.000668,74.125.24.0-255,646,30120,78,112151
29139,0.000672,172.31.40.0-255,66,30186,78,112151
29140,0.000862,74.125.24.0-255,1484,31670,78,112151
29141,0.000866,172.31.40.0-255,66,31736,78,112151
29142,0.000872,74.125.24.0-255,2902,34638,78,112151
29143,0.000874,172.31.40.0-255,66,34704,78,112151
29144,0.000878,74.125.24.0-255,2902,37606,78,112151
29145,0.00088,172.31.40.0-255,66,37672,78,112151
29146,0.000915,74.125.24.0-255,2902,40574,78,112151
29147,0.000918,172.31.40.0-255,66,40640,78,112151
29148,0.000932,74.125.24.0-255,5738,46378,78,112151
29149,0.000934,172.31.40.0-255,66,46444,78,112151
29150,0.000959,74.125.24.0-255,7156,53600,78,112151
29151,0.000961,172.31.40.0-255,66,53666,78,112151
29152,0.001037,74.125.24.0-255,1484,55150,78,112151
29153,0.00106,172.31.40.0-255,66,55216,78,112151
29154,0.001132,74.125.24.0-255,2902,58118,78,112151
29155,0.001135,172.31.40.0-255,66,58184,78,112151
29156,0.001171,172.31.40.0-255,66,58250,78,112151
29157,0.001232,74.125.24.0-255,7156,65406,78,112151
29158,0.001235,172.31.40.0-255,66,65472,78,112151
29159,0.001278,172.31.40.0-255,66,65538,78,112151
29160,0.001411,74.125.24.0-255,4320,69858,78,112151
29161,0.001414,172.31.40.0-255,66,69924,78,112151
29162,0.001453,172.31.40.0-255,66,69990,78,112151
29163,0.001635,74.125.24.0-255,4320,74310,78,112151
29164,0.00164,172.31.40.0-255,66,74376,78,112151
29165,0.001658,74.125.24.0-255,2184,76560,78,112151
29166,0.00166,172.31.40.0-255,66,76626,78,112151
29167,0.001715,74.125.24.0-255,5738,82364,78,112151
29168,0.001719,172.31.40.0-255,66,82430,78,112151
29169,0.001774,172.31.40.0-255,66,82496,78,112151
29170,0.001993,74.125.24.0-255,7156,89652,78,112151
29171,0.001997,172.31.40.0-255,66,89718,78,112151
29172,0.002042,172.31.40.0-255,66,89784,78,112151
29173,0.00226,74.125.24.0-255,5738,95522,78,112151
29174,0.002263,172.31.40.0-255,66,95588,78,112151
29175,0.002301,172.31.40.0-255,66,95654,78,112151
29176,0.002413,74.125.24.0-255,5738,101392,78,112151
29177,0.002418,172.31.40.0-255,66,101458,78,112151
29178,0.002485,172.31.40.0-255,66,101524,78,112151
29179,0.002852,74.125.24.0-255,4320,105844,78,112151
29180,0.002857,172.31.40.0-255,66,105910,78,112151
29181,0.002887,172.31.40.0-255,66,105976,78,112151
29182,0.002982,172.31.40.0-255,66,106042,78,112151
29183,0.003005,172.31.40.0-255,66,106108,78,112151
29184,0.012592,172.31.40.0-255,66,106174,78,112151
29185,0.01349,74.125.24.0-255,1268,107442,78,112151
29186,0.013502,172.31.40.0-255,78,107520,78,112151
29187,0.014452,172.31.40.0-255,105,107625,78,112151
29188,0.016547,74.125.24.0-255,66,107691,78,112151
29189,0.04511,172.31.40.0-255,167,107858,78,112151
29190,0.045144,172.31.40.0-255,1108,108966,78,112151
29191,0.045208,172.31.40.0-255,1514,110480,78,112151
29192,0.04521,172.31.40.0-255,1299,111779,78,112151
29193,0.046648,104.244.42.0-255,66,111845,78,112151
29194,0.046677,104.244.42.0-255,66,111911,78,112151
29195,0.046763,104.244.42.0-255,66,111977,78,112151
29196,0.048951,104.244.42.0-255,108,112085,78,112151
29197,0.048971,172.31.40.0-255,66,112151,78,112151
29198,0.0,74.125.24.0-255,151,151,78,260072
29199,2.4e-05,172.31.40.0-255,66,217,78,260072
29200,3.1e-05,74.125.24.0-255,1484,1701,78,260072
29201,3.6e-05,172.31.40.0-255,66,1767,78,260072
29202,4.2e-05,74.125.24.0-255,2902,4669,78,260072
29203,4.4e-05,172.31.40.0-255,66,4735,78,260072
29204,5e-05,74.125.24.0-255,4320,9055,78,260072
29205,5.3e-05,172.31.40.0-255,66,9121,78,260072
29206,8.3e-05,74.125.24.0-255,4838,13959,78,260072
29207,8.6e-05,172.31.40.0-255,66,14025,78,260072
29208,9.3e-05,74.125.24.0-255,5738,19763,78,260072
29209,9.6e-05,172.31.40.0-255,66,19829,78,260072
29210,0.000142,172.31.40.0-255,66,19895,78,260072
29211,0.000211,74.125.24.0-255,1484,21379,78,260072
29212,0.000214,172.31.40.0-255,66,21445,78,260072
29213,0.000219,74.125.24.0-255,2902,24347,78,260072
29214,0.000222,172.31.40.0-255,66,24413,78,260072
29215,0.00024,74.125.24.0-255,5738,30151,78,260072
29216,0.000243,172.31.40.0-255,66,30217,78,260072
29217,0.000262,74.125.24.0-255,7156,37373,78,260072
29218,0.000264,172.31.40.0-255,66,37439,78,260072
29219,0.000288,74.125.24.0-255,6797,44236,78,260072
29220,0.000291,172.31.40.0-255,66,44302,78,260072
29221,0.000302,172.31.40.0-255,66,44368,78,260072
29222,0.000339,74.125.24.0-255,441,44809,78,260072
29223,0.000341,172.31.40.0-255,66,44875,78,260072
29224,0.000403,74.125.24.0-255,335,45210,78,260072
29225,0.000407,172.31.40.0-255,66,45276,78,260072
29226,0.000719,74.125.24.0-255,1484,46760,78,260072
29227,0.000724,172.31.40.0-255,66,46826,78,260072
29228,0.00073,74.125.24.0-255,2902,49728,78,260072
29229,0.000737,74.125.24.0-255,4320,54048,78,260072
29230,0.000742,172.31.40.0-255,66,54114,78,260072
29231,0.000767,74.125.24.0-255,1484,55598,78,260072
29232,0.000783,74.125.24.0-255,4320,59918,78,260072
29233,0.000806,74.125.24.0-255,6438,66356,78,260072
29234,0.000824,172.31.40.0-255,66,66422,78,260072
29235,0.000892,74.125.24.0-255,1484,67906,78,260072
29236,0.000907,74.125.24.0-255,2902,70808,78,260072
29237,0.000928,74.125.24.0-255,5738,76546,78,260072
29238,0.000935,74.125.24.0-255,5738,82284,78,260072
29239,0.000955,74.125.24.0-255,2902,85186,78,260072
29240,0.000959,172.31.40.0-255,66,85252,78,260072
29241,0.000964,172.31.40.0-255,66,85318,78,260072
29242,0.000996,74.125.24.0-255,4320,89638,78,260072
29243,0.001012,172.31.40.0-255,66,89704,78,260072
29244,0.001015,74.125.24.0-255,766,90470,78,260072
29245,0.001138,172.31.40.0-255,101,90571,78,260072
29246,0.001302,74.125.24.0-255,1484,92055,78,260072
29247,0.001309,74.125.24.0-255,2902,94957,78,260072
29248,0.001312,172.31.40.0-255,66,95023,78,260072
29249,0.001362,74.125.24.0-255,1484,96507,78,260072
29250,0.001366,74.125.24.0-255,2902,99409,78,260072
29251,0.001373,74.125.24.0-255,5738,105147,78,260072
29252,0.00139,172.31.40.0-255,66,105213,78,260072
29253,0.001395,74.125.24.0-255,2902,108115,78,260072
29254,0.0014,172.31.40.0-255,66,108181,78,260072
29255,0.001427,74.125.24.0-255,1484,109665,78,260072
29256,0.00143,74.125.24.0-255,1484,111149,78,260072
29257,0.001454,74.125.24.0-255,5020,116169,78,260072
29258,0.001463,172.31.40.0-255,66,116235,78,260072
29259,0.001504,74.125.24.0-255,1484,117719,78,260072
29260,0.001519,74.125.24.0-255,2902,120621,78,260072
29261,0.001526,172.31.40.0-255,66,120687,78,260072
29262,0.001546,74.125.24.0-255,5738,126425,78,260072
29263,0.001554,74.125.24.0-255,7156,133581,78,260072
29264,0.001563,172.31.40.0-255,66,133647,78,260072
29265,0.001599,74.125.24.0-255,5020,138667,78,260072
29266,0.001614,172.31.40.0-255,66,138733,78,260072
29267,0.001628,74.125.24.0-255,5738,144471,78,260072
29268,0.001643,172.31.40.0-255,66,144537,78,260072
29269,0.001694,172.31.40.0-255,66,144603,78,260072
29270,0.001783,74.125.24.0-255,1484,146087,78,260072
29271,0.001801,74.125.24.0-255,2902,148989,78,260072
29272,0.001807,172.31.40.0-255,66,149055,78,260072
29273,0.001831,74.125.24.0-255,5738,154793,78,260072
29274,0.001837,172.31.40.0-255,66,154859,78,260072
29275,0.001858,74.125.24.0-255,2902,157761,78,260072
29276,0.001863,172.31.40.0-255,66,157827,78,260072
29277,0.001899,74.125.24.0-255,5738,163565,78,260072
29278,0.001916,74.125.24.0-255,5020,168585,78,260072
29279,0.001921,74.125.24.0-255,4320,172905,78,260072
29280,0.001935,74.125.24.0-255,1484,174389,78,260072
29281,0.001941,172.31.40.0-255,66,174455,78,260072
29282,0.001956,74.125.24.0-255,2902,177357,78,260072
29283,0.001962,74.125.24.0-255,4320,181677,78,260072
29284,0.001992,172.31.40.0-255,66,181743,78,260072
29285,0.001998,172.31.40.0-255,66,181809,78,260072
29286,0.002032,172.31.40.0-255,66,181875,78,260072
29287,0.002053,74.125.24.0-255,3602,185477,78,260072
29288,0.002072,172.31.40.0-255,66,185543,78,260072
29289,0.002151,74.125.24.0-255,1484,187027,78,260072
29290,0.002169,74.125.24.0-255,2902,189929,78,260072
29291,0.002187,74.125.24.0-255,5738,195667,78,260072
29292,0.002193,172.31.40.0-255,66,195733,78,260072
29293,0.002276,172.31.40.0-255,66,195799,78,260072
29294,0.002282,172.31.40.0-255,66,195865,78,260072
29295,0.003345,74.125.24.0-255,66,195931,78,260072
29296,0.004525,74.125.24.0-255,5738,201669,78,260072
29297,0.004533,172.31.40.0-255,66,201735,78,260072
29298,0.006781,74.125.24.0-255,5738,207473,78,260072
29299,0.013822,74.125.24.0-255,1484,208957,78,260072
29300,0.01688,172.31.40.0-255,66,209023,78,260072
29301,0.019136,74.125.24.0-255,5738,214761,78,260072
29302,0.019148,172.31.40.0-255,66,214827,78,260072
29303,0.021412,74.125.24.0-255,5738,220565,78,260072
29304,0.024845,172.31.40.0-255,66,220631,78,260072
29305,0.027083,74.125.24.0-255,5738,226369,78,260072
29306,0.027095,172.31.40.0-255,66,226435,78,260072
29307,0.02933,74.125.24.0-255,5738,232173,78,260072
29308,0.029338,172.31.40.0-255,66,232239,78,260072
29309,0.031585,74.125.24.0-255,5738,237977,78,260072
29310,0.032052,172.31.40.0-255,66,238043,78,260072
29311,0.034299,74.125.24.0-255,5738,243781,78,260072
29312,0.034316,172.31.40.0-255,66,243847,78,260072
29313,0.036586,74.125.24.0-255,5738,249585,78,260072
29314,0.036603,172.31.40.0-255,66,249651,78,260072
29315,0.038865,74.125.24.0-255,5738,255389,78,260072
29316,0.038872,172.31.40.0-255,66,255455,78,260072
29317,0.041097,74.125.24.0-255,271,255726,78,260072
29318,0.041289,172.31.40.0-255,105,255831,78,260072
29319,0.043236,172.31.40.0-255,172,256003,78,260072
29320,0.043264,172.31.40.0-255,1104,257107,78,260072
29321,0.043325,172.31.40.0-255,1514,258621,78,260072
29322,0.043327,172.31.40.0-255,1187,259808,78,260072
29323,0.044786,104.244.42.0-255,66,259874,78,260072
29324,0.044817,104.244.42.0-255,66,259940,78,260072
29325,0.044867,104.244.42.0-255,66,260006,78,260072
29326,0.047783,74.125.24.0-255,66,260072,78,260072
29327,0.0,74.125.130.0-255,150,150,78,300057
29328,1.9e-05,172.31.40.0-255,66,216,78,300057
29329,2.6e-05,74.125.130.0-255,1484,1700,78,300057
29330,3e-05,172.31.40.0-255,66,1766,78,300057
29331,3.5e-05,74.125.130.0-255,2902,4668,78,300057
29332,3.8e-05,172.31.40.0-255,66,4734,78,300057
29333,4.2e-05,74.125.130.0-255,2902,7636,78,300057
29334,4.5e-05,172.31.40.0-255,66,7702,78,300057
29335,6.7e-05,74.125.130.0-255,2902,10604,78,300057
29336,7e-05,172.31.40.0-255,66,10670,78,300057
29337,7.4e-05,74.125.130.0-255,3482,14152,78,300057
29338,7.6e-05,172.31.40.0-255,66,14218,78,300057
29339,0.000174,74.125.130.0-255,1484,15702,78,300057
29340,0.000177,172.31.40.0-255,66,15768,78,300057
29341,0.00018,74.125.130.0-255,1484,17252,78,300057
29342,0.000182,172.31.40.0-255,66,17318,78,300057
29343,0.000196,74.125.130.0-255,1484,18802,78,300057
29344,0.000198,172.31.40.0-255,66,18868,78,300057
29345,0.000204,74.125.130.0-255,5738,24606,78,300057
29346,0.000206,172.31.40.0-255,66,24672,78,300057
29347,0.000235,74.125.130.0-255,5738,30410,78,300057
29348,0.000237,172.31.40.0-255,66,30476,78,300057
29349,0.00026,74.125.130.0-255,1125,31601,78,300057
29350,0.000263,172.31.40.0-255,66,31667,78,300057
29351,0.00036,74.125.130.0-255,1484,33151,78,300057
29352,0.000363,172.31.40.0-255,66,33217,78,300057
29353,0.000366,74.125.130.0-255,1484,34701,78,300057
29354,0.000368,172.31.40.0-255,66,34767,78,300057
29355,0.000385,74.125.130.0-255,2902,37669,78,300057
29356,0.000388,172.31.40.0-255,66,37735,78,300057
29357,0.000391,74.125.130.0-255,1484,39219,78,300057
29358,0.000392,172.31.40.0-255,66,39285,78,300057
29359,0.000412,74.125.130.0-255,4320,43605,78,300057
29360,0.000414,172.31.40.0-255,66,43671,78,300057
29361,0.000417,74.125.130.0-255,1484,45155,78,300057
29362,0.00044,74.125.130.0-255,3961,49116,78,300057
29363,0.000443,172.31.40.0-255,66,49182,78,300057
29364,0.000448,74.125.130.0-255,5738,54920,78,300057
29365,0.00045,172.31.40.0-255,66,54986,78,300057
29366,0.000486,172.31.40.0-255,66,55052,78,300057
29367,0.000503,74.125.130.0-255,2543,57595,78,300057
29368,0.000505,172.31.40.0-255,66,57661,78,300057
29369,0.000508,74.125.130.0-255,646,58307,78,300057
29370,0.000645,74.125.130.0-255,1484,59791,78,300057
29371,0.000649,172.31.40.0-255,66,59857,78,300057
29372,0.000654,74.125.130.0-255,2902,62759,78,300057
29373,0.000656,172.31.40.0-255,66,62825,78,300057
29374,0.000679,74.125.130.0-255,2902,65727,78,300057
29375,0.000681,172.31.40.0-255,66,65793,78,300057
29376,0.000699,74.125.130.0-255,2902,68695,78,300057
29377,0.000702,172.31.40.0-255,66,68761,78,300057
29378,0.000708,74.125.130.0-255,6797,75558,78,300057
29379,0.00071,172.31.40.0-255,66,75624,78,300057
29380,0.000736,74.125.130.0-255,2902,78526,78,300057
29381,0.000738,172.31.40.0-255,66,78592,78,300057
29382,0.000761,74.125.130.0-255,7156,85748,78,300057
29383,0.000764,172.31.40.0-255,66,85814,78,300057
29384,0.000775,74.125.130.0-255,1484,87298,78,300057
29385,0.000793,74.125.130.0-255,5379,92677,78,300057
29386,0.000795,172.31.40.0-255,66,92743,78,300057
29387,0.001203,74.125.130.0-255,1484,94227,78,300057
29388,0.001218,74.125.130.0-255,2902,97129,78,300057
29389,0.001221,172.31.40.0-255,66,97195,78,300057
29390,0.001225,74.125.130.0-255,2902,100097,78,300057
29391,0.001227,172.31.40.0-255,66,100163,78,300057
29392,0.00124,74.125.130.0-255,4320,104483,78,300057
29393,0.001242,172.31.40.0-255,66,104549,78,300057
29394,0.001257,74.125.130.0-255,1484,106033,78,300057
29395,0.001274,74.125.130.0-255,7156,113189,78,300057
29396,0.001277,172.31.40.0-255,66,113255,78,300057
29397,0.001326,74.125.130.0-255,7156,120411,78,300057
29398,0.001329,172.31.40.0-255,66,120477,78,300057
29399,0.001332,74.125.130.0-255,1484,121961,78,300057
29400,0.001352,74.125.130.0-255,5020,126981,78,300057
29401,0.001354,172.31.40.0-255,66,127047,78,300057
29402,0.00138,74.125.130.0-255,1484,128531,78,300057
29403,0.001403,74.125.130.0-255,2902,131433,78,300057
29404,0.001406,172.31.40.0-255,66,131499,78,300057
29405,0.001425,74.125.130.0-255,5738,137237,78,300057
29406,0.001428,172.31.40.0-255,66,137303,78,300057
29407,0.00143,74.125.130.0-255,1484,138787,78,300057
29408,0.00146,74.125.130.0-255,7156,145943,78,300057
29409,0.001462,172.31.40.0-255,66,146009,78,300057
29410,0.001475,172.31.40.0-255,66,146075,78,300057
29411,0.001502,74.125.130.0-255,5020,151095,78,300057
29412,0.001505,172.31.40.0-255,66,151161,78,300057
29413,0.002286,74.125.130.0-255,1484,152645,78,300057
29414,0.002295,74.125.130.0-255,2902,155547,78,300057
29415,0.0023,172.31.40.0-255,66,155613,78,300057
29416,0.002326,74.125.130.0-255,5738,161351,78,300057
29417,0.002329,172.31.40.0-255,66,161417,78,300057
29418,0.002368,172.31.40.0-255,66,161483,78,300057
29419,0.002394,172.31.40.0-255,66,161549,78,300057
29420,0.002415,74.125.130.0-255,3602,165151,78,300057
29421,0.002417,172.31.40.0-255,66,165217,78,300057
29422,0.002461,74.125.130.0-255,1484,166701,78,300057
29423,0.002465,74.125.130.0-255,1484,168185,78,300057
29424,0.002467,172.31.40.0-255,66,168251,78,300057
29425,0.002483,74.125.130.0-255,1484,169735,78,300057
29426,0.002506,74.125.130.0-255,4320,174055,78,300057
29427,0.002508,172.31.40.0-255,66,174121,78,300057
29428,0.002514,74.125.130.0-255,4320,178441,78,300057
29429,0.002516,172.31.40.0-255,66,178507,78,300057
29430,0.00254,74.125.130.0-255,1484,179991,78,300057
29431,0.002565,74.125.130.0-255,5738,185729,78,300057
29432,0.002568,172.31.40.0-255,66,185795,78,300057
29433,0.002591,74.125.130.0-255,5738,191533,78,300057
29434,0.002594,172.31.40.0-255,66,191599,78,300057
29435,0.002597,74.125.130.0-255,1484,193083,78,300057
29436,0.005125,74.125.130.0-255,4320,197403,78,300057
29437,0.005131,172.31.40.0-255,66,197469,78,300057
29438,0.007655,74.125.130.0-255,5738,203207,78,300057
29439,0.007661,172.31.40.0-255,66,203273,78,300057
29440,0.010185,74.125.130.0-255,5738,209011,78,300057
29441,0.010192,172.31.40.0-255,66,209077,78,300057
29442,0.012728,74.125.130.0-255,5738,214815,78,300057
29443,0.012737,172.31.40.0-255,66,214881,78,300057
29444,0.015289,74.125.130.0-255,5738,220619,78,300057
29445,0.015309,172.31.40.0-255,66,220685,78,300057
29446,0.017854,74.125.130.0-255,5738,226423,78,300057
29447,0.017869,172.31.40.0-255,66,226489,78,300057
29448,0.020431,74.125.130.0-255,5738,232227,78,300057
29449,0.02045,172.31.40.0-255,66,232293,78,300057
29450,0.022977,74.125.130.0-255,5738,238031,78,300057
29451,0.022987,172.31.40.0-255,66,238097,78,300057
29452,0.025516,74.125.130.0-255,5738,243835,78,300057
29453,0.025536,172.31.40.0-255,66,243901,78,300057
29454,0.028054,74.125.130.0-255,5738,249639,78,300057
29455,0.028061,172.31.40.0-255,66,249705,78,300057
29456,0.030598,74.125.130.0-255,5738,255443,78,300057
29457,0.030608,172.31.40.0-255,66,255509,78,300057
29458,0.033137,74.125.130.0-255,4320,259829,78,300057
29459,0.033144,172.31.40.0-255,66,259895,78,300057
29460,0.033164,74.125.130.0-255,1484,261379,78,300057
29461,0.035708,74.125.130.0-255,4320,265699,78,300057
29462,0.035727,172.31.40.0-255,66,265765,78,300057
29463,0.038302,74.125.130.0-255,5738,271503,78,300057
29464,0.038311,172.31.40.0-255,66,271569,78,300057
29465,0.040859,74.125.130.0-255,5738,277307,78,300057
29466,0.040871,172.31.40.0-255,66,277373,78,300057
29467,0.043402,74.125.130.0-255,5738,283111,78,300057
29468,0.043414,172.31.40.0-255,66,283177,78,300057
29469,0.045594,172.31.40.0-255,172,283349,78,300057
29470,0.045629,172.31.40.0-255,1108,284457,78,300057
29471,0.045695,172.31.40.0-255,1514,285971,78,300057
29472,0.045697,172.31.40.0-255,1514,287485,78,300057
29473,0.045722,172.31.40.0-255,700,288185,78,300057
29474,0.04593,74.125.130.0-255,5738,293923,78,300057
29475,0.045938,172.31.40.0-255,66,293989,78,300057
29476,0.047153,104.244.42.0-255,66,294055,78,300057
29477,0.047163,104.244.42.0-255,66,294121,78,300057
29478,0.047258,104.244.42.0-255,66,294187,78,300057
29479,0.047262,104.244.42.0-255,66,294253,78,300057
29480,0.048471,74.125.130.0-255,5738,299991,78,300057
29481,0.048482,172.31.40.0-255,66,300057,78,300057
29482,0.0,74.125.24.0-255,152,152,78,258965
29483,2.2e-05,172.31.40.0-255,66,218,78,258965
29484,2.9e-05,74.125.24.0-255,1484,1702,78,258965
29485,3.2e-05,172.31.40.0-255,66,1768,78,258965
29486,3.8e-05,74.125.24.0-255,2902,4670,78,258965
29487,5e-05,172.31.40.0-255,66,4736,78,258965
29488,5.6e-05,74.125.24.0-255,4320,9056,78,258965
29489,5.9e-05,172.31.40.0-255,66,9122,78,258965
29490,7.9e-05,74.125.24.0-255,2902,12024,78,258965
29491,8.1e-05,172.31.40.0-255,66,12090,78,258965
29492,0.000112,74.125.24.0-255,1949,14039,78,258965
29493,0.000115,172.31.40.0-255,66,14105,78,258965
29494,0.000125,74.125.24.0-255,5738,19843,78,258965
29495,0.000127,172.31.40.0-255,66,19909,78,258965
29496,0.000154,74.125.24.0-255,7156,27065,78,258965
29497,0.00016,172.31.40.0-255,66,27131,78,258965
29498,0.000181,74.125.24.0-255,3961,31092,78,258965
29499,0.000183,172.31.40.0-255,66,31158,78,258965
29500,0.000289,74.125.24.0-255,1484,32642,78,258965
29501,0.000292,172.31.40.0-255,66,32708,78,258965
29502,0.000297,74.125.24.0-255,2902,35610,78,258965
29503,0.000299,172.31.40.0-255,66,35676,78,258965
29504,0.000315,74.125.24.0-255,1484,37160,78,258965
29505,0.000317,172.31.40.0-255,66,37226,78,258965
29506,0.000342,74.125.24.0-255,4320,41546,78,258965
29507,0.000345,172.31.40.0-255,66,41612,78,258965
29508,0.000351,74.125.24.0-255,6797,48409,78,258965
29509,0.000353,172.31.40.0-255,66,48475,78,258965
29510,0.000362,74.125.24.0-255,4320,52795,78,258965
29511,0.000364,172.31.40.0-255,66,52861,78,258965
29512,0.000402,172.31.40.0-255,66,52927,78,258965
29513,0.000406,74.125.24.0-255,2543,55470,78,258965
29514,0.000407,172.31.40.0-255,66,55536,78,258965
29515,0.000446,74.125.24.0-255,680,56216,78,258965
29516,0.000583,74.125.24.0-255,1484,57700,78,258965
29517,0.000588,172.31.40.0-255,66,57766,78,258965
29518,0.000592,74.125.24.0-255,2902,60668,78,258965
29519,0.000594,172.31.40.0-255,66,60734,78,258965
29520,0.000598,74.125.24.0-255,2902,63636,78,258965
29521,0.0006,172.31.40.0-255,66,63702,78,258965
29522,0.000632,74.125.24.0-255,2902,66604,78,258965
29523,0.000635,172.31.40.0-255,66,66670,78,258965
29524,0.000646,172.31.40.0-255,66,66736,78,258965
29525,0.000672,74.125.24.0-255,1484,68220,78,258965
29526,0.000688,74.125.24.0-255,2902,71122,78,258965
29527,0.000691,172.31.40.0-255,66,71188,78,258965
29528,0.000723,172.31.40.0-255,66,71254,78,258965
29529,0.00116,74.125.24.0-255,1484,72738,78,258965
29530,0.001165,74.125.24.0-255,2902,75640,78,258965
29531,0.001168,172.31.40.0-255,66,75706,78,258965
29532,0.001173,74.125.24.0-255,2902,78608,78,258965
29533,0.001174,172.31.40.0-255,66,78674,78,258965
29534,0.001192,74.125.24.0-255,2902,81576,78,258965
29535,0.001194,172.31.40.0-255,66,81642,78,258965
29536,0.001199,74.125.24.0-255,4320,85962,78,258965
29537,0.001201,172.31.40.0-255,66,86028,78,258965
29538,0.001247,172.31.40.0-255,66,86094,78,258965
29539,0.001253,74.125.24.0-255,7156,93250,78,258965
29540,0.001255,172.31.40.0-255,66,93316,78,258965
29541,0.001275,74.125.24.0-255,3602,96918,78,258965
29542,0.001277,172.31.40.0-255,66,96984,78,258965
29543,0.00188,74.125.24.0-255,1484,98468,78,258965
29544,0.001889,74.125.24.0-255,2902,101370,78,258965
29545,0.001893,172.31.40.0-255,66,101436,78,258965
29546,0.001901,74.125.24.0-255,5738,107174,78,258965
29547,0.001903,172.31.40.0-255,66,107240,78,258965
29548,0.001944,172.31.40.0-255,66,107306,78,258965
29549,0.001991,172.31.40.0-255,66,107372,78,258965
29550,0.002018,74.125.24.0-255,5738,113110,78,258965
29551,0.00202,172.31.40.0-255,66,113176,78,258965
29552,0.002041,74.125.24.0-255,5738,118914,78,258965
29553,0.002043,172.31.40.0-255,66,118980,78,258965
29554,0.00205,74.125.24.0-255,5738,124718,78,258965
29555,0.002052,172.31.40.0-255,66,124784,78,258965
29556,0.002111,172.31.40.0-255,66,124850,78,258965
29557,0.002139,172.31.40.0-255,66,124916,78,258965
29558,0.002146,74.125.24.0-255,7156,132072,78,258965
29559,0.002148,172.31.40.0-255,66,132138,78,258965
29560,0.002186,172.31.40.0-255,66,132204,78,258965
29561,0.002191,74.125.24.0-255,2902,135106,78,258965
29562,0.002193,172.31.40.0-255,66,135172,78,258965
29563,0.002231,172.31.40.0-255,66,135238,78,258965
29564,0.002272,74.125.24.0-255,3602,138840,78,258965
29565,0.002275,172.31.40.0-255,66,138906,78,258965
29566,0.004533,74.125.24.0-255,4320,143226,78,258965
29567,0.004542,172.31.40.0-255,66,143292,78,258965
29568,0.004571,74.125.24.0-255,1484,144776,78,258965
29569,0.006847,74.125.24.0-255,4320,149096,78,258965
29570,0.006853,172.31.40.0-255,66,149162,78,258965
29571,0.009167,74.125.24.0-255,5738,154900,78,258965
29572,0.009173,172.31.40.0-255,66,154966,78,258965
29573,0.011441,74.125.24.0-255,5738,160704,78,258965
29574,0.011448,172.31.40.0-255,66,160770,78,258965
29575,0.013717,74.125.24.0-255,5738,166508,78,258965
29576,0.013725,172.31.40.0-255,66,166574,78,258965
29577,0.016025,74.125.24.0-255,5738,172312,78,258965
29578,0.016042,172.31.40.0-255,66,172378,78,258965
29579,0.018358,74.125.24.0-255,5738,178116,78,258965
29580,0.018396,172.31.40.0-255,66,178182,78,258965
29581,0.020727,74.125.24.0-255,5738,183920,78,258965
29582,0.020743,172.31.40.0-255,66,183986,78,258965
29583,0.023085,74.125.24.0-255,5738,189724,78,258965
29584,0.023102,172.31.40.0-255,66,189790,78,258965
29585,0.025424,74.125.24.0-255,5738,195528,78,258965
29586,0.025434,172.31.40.0-255,66,195594,78,258965
29587,0.027742,74.125.24.0-255,5738,201332,78,258965
29588,0.027749,172.31.40.0-255,66,201398,78,258965
29589,0.030064,74.125.24.0-255,5738,207136,78,258965
29590,0.030079,172.31.40.0-255,66,207202,78,258965
29591,0.032365,74.125.24.0-255,5738,212940,78,258965
29592,0.032373,172.31.40.0-255,66,213006,78,258965
29593,0.034656,74.125.24.0-255,5738,218744,78,258965
29594,0.034672,172.31.40.0-255,66,218810,78,258965
29595,0.037013,74.125.24.0-255,5738,224548,78,258965
29596,0.037021,172.31.40.0-255,66,224614,78,258965
29597,0.039334,74.125.24.0-255,5738,230352,78,258965
29598,0.039342,172.31.40.0-255,66,230418,78,258965
29599,0.041688,74.125.24.0-255,5738,236156,78,258965
29600,0.041704,172.31.40.0-255,66,236222,78,258965
29601,0.043984,74.125.24.0-255,5738,241960,78,258965
29602,0.043995,172.31.40.0-255,66,242026,78,258965
29603,0.046293,74.125.24.0-255,5738,247764,78,258965
29604,0.046301,172.31.40.0-255,66,247830,78,258965
29605,0.04662,172.31.40.0-255,229,248059,78,258965
29606,0.046652,172.31.40.0-255,1107,249166,78,258965
29607,0.046709,172.31.40.0-255,1514,250680,78,258965
29608,0.046711,172.31.40.0-255,1514,252194,78,258965
29609,0.046734,172.31.40.0-255,703,252897,78,258965
29610,0.048145,104.244.42.0-255,66,252963,78,258965
29611,0.048192,104.244.42.0-255,66,253029,78,258965
29612,0.048241,104.244.42.0-255,66,253095,78,258965
29613,0.048245,104.244.42.0-255,66,253161,78,258965
29614,0.048601,74.125.24.0-255,5738,258899,78,258965
29615,0.048609,172.31.40.0-255,66,258965,78,258965
29616,0.0,172.217.27.0-255,153,153,78,237084
29617,2.3e-05,172.31.40.0-255,66,219,78,237084
29618,3.1e-05,172.217.27.0-255,1484,1703,78,237084
29619,3.6e-05,172.31.40.0-255,66,1769,78,237084
29620,4.9e-05,172.217.27.0-255,2902,4671,78,237084
29621,5.2e-05,172.31.40.0-255,66,4737,78,237084
29622,6.1e-05,172.217.27.0-255,7156,11893,78,237084
29623,6.4e-05,172.31.40.0-255,66,11959,78,237084
29624,0.000126,172.217.27.0-255,2040,13999,78,237084
29625,0.000129,172.31.40.0-255,66,14065,78,237084
29626,0.000133,172.217.27.0-255,2902,16967,78,237084
29627,0.000136,172.31.40.0-255,66,17033,78,237084
29628,0.000144,172.217.27.0-255,7156,24189,78,237084
29629,0.000146,172.31.40.0-255,66,24255,78,237084
29630,0.000154,172.217.27.0-255,6797,31052,78,237084
29631,0.000156,172.31.40.0-255,66,31118,78,237084
29632,0.000206,172.217.27.0-255,1484,32602,78,237084
29633,0.000209,172.31.40.0-255,66,32668,78,237084
29634,0.000214,172.217.27.0-255,2902,35570,78,237084
29635,0.000216,172.31.40.0-255,66,35636,78,237084
29636,0.000247,172.217.27.0-255,5738,41374,78,237084
29637,0.00025,172.31.40.0-255,66,41440,78,237084
29638,0.000257,172.217.27.0-255,6797,48237,78,237084
29639,0.000259,172.31.40.0-255,66,48303,78,237084
29640,0.00116,172.217.27.0-255,1484,49787,78,237084
29641,0.001167,172.31.40.0-255,66,49853,78,237084
29642,0.001176,172.217.27.0-255,2902,52755,78,237084
29643,0.001179,172.31.40.0-255,66,52821,78,237084
29644,0.001191,172.217.27.0-255,5738,58559,78,237084
29645,0.001194,172.31.40.0-255,66,58625,78,237084
29646,0.001198,172.217.27.0-255,2902,61527,78,237084
29647,0.0012,172.31.40.0-255,66,61593,78,237084
29648,0.001229,172.217.27.0-255,3961,65554,78,237084
29649,0.001232,172.31.40.0-255,66,65620,78,237084
29650,0.001235,172.217.27.0-255,646,66266,78,237084
29651,0.00286,172.217.27.0-255,4320,70586,78,237084
29652,0.002866,172.31.40.0-255,66,70652,78,237084
29653,0.004503,172.217.27.0-255,5738,76390,78,237084
29654,0.004506,172.31.40.0-255,66,76456,78,237084
29655,0.006139,172.217.27.0-255,5738,82194,78,237084
29656,0.006145,172.31.40.0-255,66,82260,78,237084
29657,0.007777,172.217.27.0-255,5738,87998,78,237084
29658,0.007784,172.31.40.0-255,66,88064,78,237084
29659,0.009431,172.217.27.0-255,5738,93802,78,237084
29660,0.009439,172.31.40.0-255,66,93868,78,237084
29661,0.011079,172.217.27.0-255,5738,99606,78,237084
29662,0.011087,172.31.40.0-255,66,99672,78,237084
29663,0.012724,172.217.27.0-255,5738,105410,78,237084
29664,0.012734,172.31.40.0-255,66,105476,78,237084
29665,0.014376,172.217.27.0-255,5738,111214,78,237084
29666,0.014384,172.31.40.0-255,66,111280,78,237084
29667,0.016018,172.217.27.0-255,5738,117018,78,237084
29668,0.016026,172.31.40.0-255,66,117084,78,237084
29669,0.017673,172.217.27.0-255,5738,122822,78,237084
29670,0.017681,172.31.40.0-255,66,122888,78,237084
29671,0.019332,172.217.27.0-255,5738,128626,78,237084
29672,0.01934,172.31.40.0-255,66,128692,78,237084
29673,0.020984,172.217.27.0-255,5738,134430,78,237084
29674,0.020991,172.31.40.0-255,66,134496,78,237084
29675,0.022658,172.217.27.0-255,5738,140234,78,237084
29676,0.022665,172.31.40.0-255,66,140300,78,237084
29677,0.024311,172.217.27.0-255,5738,146038,78,237084
29678,0.024319,172.31.40.0-255,66,146104,78,237084
29679,0.025954,172.217.27.0-255,5738,151842,78,237084
29680,0.02596,172.31.40.0-255,66,151908,78,237084
29681,0.026863,172.31.40.0-255,172,152080,78,237084
29682,0.02689,172.31.40.0-255,1108,153188,78,237084
29683,0.02694,172.31.40.0-255,1514,154702,78,237084
29684,0.026941,172.31.40.0-255,1514,156216,78,237084
29685,0.026963,172.31.40.0-255,700,156916,78,237084
29686,0.02762,172.217.27.0-255,5738,162654,78,237084
29687,0.027627,172.31.40.0-255,66,162720,78,237084
29688,0.028394,104.244.42.0-255,66,162786,78,237084
29689,0.028402,104.244.42.0-255,66,162852,78,237084
29690,0.028513,104.244.42.0-255,66,162918,78,237084
29691,0.028666,104.244.42.0-255,66,162984,78,237084
29692,0.029268,172.217.27.0-255,5738,168722,78,237084
29693,0.029274,172.31.40.0-255,66,168788,78,237084
29694,0.030917,172.217.27.0-255,5738,174526,78,237084
29695,0.030925,172.31.40.0-255,66,174592,78,237084
29696,0.032579,172.217.27.0-255,5738,180330,78,237084
29697,0.032587,172.31.40.0-255,66,180396,78,237084
29698,0.034231,172.217.27.0-255,5738,186134,78,237084
29699,0.034238,172.31.40.0-255,66,186200,78,237084
29700,0.035906,172.217.27.0-255,5738,191938,78,237084
29701,0.035913,172.31.40.0-255,66,192004,78,237084
29702,0.037588,172.217.27.0-255,5738,197742,78,237084
29703,0.037595,172.31.40.0-255,66,197808,78,237084
29704,0.039279,172.217.27.0-255,5738,203546,78,237084
29705,0.039286,172.31.40.0-255,66,203612,78,237084
29706,0.040936,172.217.27.0-255,5738,209350,78,237084
29707,0.040946,172.31.40.0-255,66,209416,78,237084
29708,0.042588,172.217.27.0-255,5738,215154,78,237084
29709,0.042599,172.31.40.0-255,66,215220,78,237084
29710,0.044234,172.217.27.0-255,4320,219540,78,237084
29711,0.044241,172.31.40.0-255,66,219606,78,237084
29712,0.044268,172.217.27.0-255,1484,221090,78,237084
29713,0.045877,172.217.27.0-255,4320,225410,78,237084
29714,0.045884,172.31.40.0-255,66,225476,78,237084
29715,0.047521,172.217.27.0-255,5738,231214,78,237084
29716,0.047528,172.31.40.0-255,66,231280,78,237084
29717,0.049179,172.217.27.0-255,5738,237018,78,237084
29718,0.049188,172.31.40.0-255,66,237084,78,237084
29719,0.0,74.125.24.0-255,299,299,78,238586
29720,1.6e-05,172.31.40.0-255,66,365,78,238586
29721,2.2e-05,74.125.24.0-255,1484,1849,78,238586
29722,2.6e-05,172.31.40.0-255,66,1915,78,238586
29723,3.3e-05,74.125.24.0-255,4320,6235,78,238586
29724,3.7e-05,172.31.40.0-255,66,6301,78,238586
29725,6.7e-05,74.125.24.0-255,4320,10621,78,238586
29726,7e-05,172.31.40.0-255,66,10687,78,238586
29727,8.8e-05,74.125.24.0-255,3292,13979,78,238586
29728,9e-05,172.31.40.0-255,66,14045,78,238586
29729,0.000128,74.125.24.0-255,1484,15529,78,238586
29730,0.000131,172.31.40.0-255,66,15595,78,238586
29731,0.000144,74.125.24.0-255,2902,18497,78,238586
29732,0.000146,172.31.40.0-255,66,18563,78,238586
29733,0.000149,74.125.24.0-255,1484,20047,78,238586
29734,0.000151,172.31.40.0-255,66,20113,78,238586
29735,0.000176,74.125.24.0-255,4320,24433,78,238586
29736,0.000179,172.31.40.0-255,66,24499,78,238586
29737,0.000185,74.125.24.0-255,5738,30237,78,238586
29738,0.000187,172.31.40.0-255,66,30303,78,238586
29739,0.000203,74.125.24.0-255,1125,31428,78,238586
29740,0.000205,172.31.40.0-255,66,31494,78,238586
29741,0.000257,74.125.24.0-255,1484,32978,78,238586
29742,0.00026,172.31.40.0-255,66,33044,78,238586
29743,0.000264,74.125.24.0-255,1484,34528,78,238586
29744,0.000265,172.31.40.0-255,66,34594,78,238586
29745,0.000283,74.125.24.0-255,2902,37496,78,238586
29746,0.000286,172.31.40.0-255,66,37562,78,238586
29747,0.000293,74.125.24.0-255,7156,44718,78,238586
29748,0.000295,172.31.40.0-255,66,44784,78,238586
29749,0.000335,172.31.40.0-255,66,44850,78,238586
29750,0.00034,74.125.24.0-255,3961,48811,78,238586
29751,0.000342,172.31.40.0-255,66,48877,78,238586
29752,0.001157,74.125.24.0-255,400,49277,78,238586
29753,0.001212,74.125.24.0-255,343,49620,78,238586
29754,0.001563,74.125.24.0-255,1484,51104,78,238586
29755,0.001568,172.31.40.0-255,66,51170,78,238586
29756,0.001575,74.125.24.0-255,2902,54072,78,238586
29757,0.001577,172.31.40.0-255,66,54138,78,238586
29758,0.001583,74.125.24.0-255,5738,59876,78,238586
29759,0.001584,172.31.40.0-255,66,59942,78,238586
29760,0.001611,172.31.40.0-255,66,60008,78,238586
29761,0.001629,74.125.24.0-255,1484,61492,78,238586
29762,0.001632,74.125.24.0-255,1484,62976,78,238586
29763,0.001634,172.31.40.0-255,66,63042,78,238586
29764,0.00165,74.125.24.0-255,5738,68780,78,238586
29765,0.001652,172.31.40.0-255,66,68846,78,238586
29766,0.001668,74.125.24.0-255,3602,72448,78,238586
29767,0.00167,172.31.40.0-255,66,72514,78,238586
29768,0.001762,74.125.24.0-255,1484,73998,78,238586
29769,0.001769,74.125.24.0-255,2902,76900,78,238586
29770,0.001772,172.31.40.0-255,66,76966,78,238586
29771,0.001778,74.125.24.0-255,2902,79868,78,238586
29772,0.00178,172.31.40.0-255,66,79934,78,238586
29773,0.001795,74.125.24.0-255,2902,82836,78,238586
29774,0.001798,172.31.40.0-255,66,82902,78,238586
29775,0.001804,74.125.24.0-255,5738,88640,78,238586
29776,0.001806,172.31.40.0-255,66,88706,78,238586
29777,0.001827,74.125.24.0-255,7156,95862,78,238586
29778,0.001829,172.31.40.0-255,66,95928,78,238586
29779,0.001853,74.125.24.0-255,5738,101666,78,238586
29780,0.001856,172.31.40.0-255,66,101732,78,238586
29781,0.001879,74.125.24.0-255,5020,106752,78,238586
29782,0.001882,172.31.40.0-255,66,106818,78,238586
29783,0.001895,172.31.40.0-255,66,106884,78,238586
29784,0.001926,172.31.40.0-255,66,106950,78,238586
29785,0.001958,172.31.40.0-255,66,107016,78,238586
29786,0.001963,74.125.24.0-255,2184,109200,78,238586
29787,0.001965,172.31.40.0-255,66,109266,78,238586
29788,0.002015,74.125.24.0-255,1484,110750,78,238586
29789,0.00202,74.125.24.0-255,2902,113652,78,238586
29790,0.002022,172.31.40.0-255,66,113718,78,238586
29791,0.002042,74.125.24.0-255,5738,119456,78,238586
29792,0.002045,172.31.40.0-255,66,119522,78,238586
29793,0.002048,74.125.24.0-255,1484,121006,78,238586
29794,0.002075,74.125.24.0-255,7156,128162,78,238586
29795,0.002078,172.31.40.0-255,66,128228,78,238586
29796,0.002129,172.31.40.0-255,66,128294,78,238586
29797,0.002145,74.125.24.0-255,1484,129778,78,238586
29798,0.002148,74.125.24.0-255,1484,131262,78,238586
29799,0.002151,172.31.40.0-255,66,131328,78,238586
29800,0.002169,74.125.24.0-255,1484,132812,78,238586
29801,0.002175,74.125.24.0-255,5738,138550,78,238586
29802,0.002178,172.31.40.0-255,66,138616,78,238586
29803,0.00221,172.31.40.0-255,66,138682,78,238586
29804,0.002218,74.125.24.0-255,7156,145838,78,238586
29805,0.00222,172.31.40.0-255,66,145904,78,238586
29806,0.002257,74.125.24.0-255,3602,149506,78,238586
29807,0.00226,172.31.40.0-255,66,149572,78,238586
29808,0.002759,74.125.24.0-255,1484,151056,78,238586
29809,0.002766,74.125.24.0-255,2902,153958,78,238586
29810,0.00277,172.31.40.0-255,66,154024,78,238586
29811,0.002792,74.125.24.0-255,5738,159762,78,238586
29812,0.002796,172.31.40.0-255,66,159828,78,238586
29813,0.002826,74.125.24.0-255,7156,166984,78,238586
29814,0.002829,172.31.40.0-255,66,167050,78,238586
29815,0.002832,74.125.24.0-255,1484,168534,78,238586
29816,0.002836,74.125.24.0-255,2902,171436,78,238586
29817,0.002839,172.31.40.0-255,66,171502,78,238586
29818,0.002845,74.125.24.0-255,4320,175822,78,238586
29819,0.002847,172.31.40.0-255,66,175888,78,238586
29820,0.002874,74.125.24.0-255,1484,177372,78,238586
29821,0.00288,74.125.24.0-255,5738,183110,78,238586
29822,0.002882,172.31.40.0-255,66,183176,78,238586
29823,0.002887,74.125.24.0-255,2184,185360,78,238586
29824,0.00289,172.31.40.0-255,66,185426,78,238586
29825,0.002896,74.125.24.0-255,5738,191164,78,238586
29826,0.002898,172.31.40.0-255,66,191230,78,238586
29827,0.002903,74.125.24.0-255,4320,195550,78,238586
29828,0.002906,172.31.40.0-255,66,195616,78,238586
29829,0.002942,172.31.40.0-255,66,195682,78,238586
29830,0.002963,74.125.24.0-255,4320,200002,78,238586
29831,0.002965,172.31.40.0-255,66,200068,78,238586
29832,0.002971,74.125.24.0-255,2902,202970,78,238586
29833,0.002973,172.31.40.0-255,66,203036,78,238586
29834,0.002998,74.125.24.0-255,5020,208056,78,238586
29835,0.003,172.31.40.0-255,66,208122,78,238586
29836,0.003005,74.125.24.0-255,2902,211024,78,238586
29837,0.003007,172.31.40.0-255,66,211090,78,238586
29838,0.003028,74.125.24.0-255,5738,216828,78,238586
29839,0.003031,172.31.40.0-255,66,216894,78,238586
29840,0.003037,74.125.24.0-255,5738,222632,78,238586
29841,0.003039,172.31.40.0-255,66,222698,78,238586
29842,0.003084,172.31.40.0-255,66,222764,78,238586
29843,0.003089,74.125.24.0-255,3602,226366,78,238586
29844,0.003091,172.31.40.0-255,66,226432,78,238586
29845,0.003136,74.125.24.0-255,7156,233588,78,238586
29846,0.00314,172.31.40.0-255,66,233654,78,238586
29847,0.003175,172.31.40.0-255,66,233720,78,238586
29848,0.00325,172.31.40.0-255,66,233786,78,238586
29849,0.003269,172.31.40.0-255,66,233852,78,238586
29850,0.003272,74.125.24.0-255,105,233957,78,238586
29851,0.004626,172.31.40.0-255,101,234058,78,238586
29852,0.005288,172.31.40.0-255,105,234163,78,238586
29853,0.007123,74.125.24.0-255,66,234229,78,238586
29854,0.007811,74.125.24.0-255,66,234295,78,238586
29855,0.029737,172.31.40.0-255,172,234467,78,238586
29856,0.029766,172.31.40.0-255,1108,235575,78,238586
29857,0.029819,172.31.40.0-255,1514,237089,78,238586
29858,0.02982,172.31.40.0-255,1299,238388,78,238586
29859,0.031326,104.244.42.0-255,66,238454,78,238586
29860,0.031362,104.244.42.0-255,66,238520,78,238586
29861,0.031409,104.244.42.0-255,66,238586,78,238586
29862,0.0,172.31.40.0-255,105,105,78,276
29863,0.001772,157.240.24.0-255,105,210,78,276
29864,0.001787,172.31.40.0-255,66,276,78,276
29865,0.0,172.217.194.0-255,153,153,78,210863
29866,1.5e-05,172.31.40.0-255,66,219,78,210863
29867,2.2e-05,172.217.194.0-255,1484,1703,78,210863
29868,2.7e-05,172.31.40.0-255,66,1769,78,210863
29869,3.2e-05,172.217.194.0-255,2902,4671,78,210863
29870,3.5e-05,172.31.40.0-255,66,4737,78,210863
29871,5.1e-05,172.217.194.0-255,7156,11893,78,210863
29872,5.4e-05,172.31.40.0-255,66,11959,78,210863
29873,5.7e-05,172.217.194.0-255,1484,13443,78,210863
29874,5.9e-05,172.31.40.0-255,66,13509,78,210863
29875,0.000115,172.31.40.0-255,66,13575,78,210863
29876,0.000119,172.217.194.0-255,2543,16118,78,210863
29877,0.000122,172.31.40.0-255,66,16184,78,210863
29878,0.000142,172.217.194.0-255,1484,17668,78,210863
29879,0.000149,172.31.40.0-255,66,17734,78,210863
29880,0.000153,172.217.194.0-255,2902,20636,78,210863
29881,0.000156,172.31.40.0-255,66,20702,78,210863
29882,0.000163,172.217.194.0-255,5738,26440,78,210863
29883,0.000165,172.31.40.0-255,66,26506,78,210863
29884,0.000196,172.217.194.0-255,6797,33303,78,210863
29885,0.000202,172.31.40.0-255,66,33369,78,210863
29886,0.000246,172.217.194.0-255,7156,40525,78,210863
29887,0.000249,172.31.40.0-255,66,40591,78,210863
29888,0.000283,172.217.194.0-255,5738,46329,78,210863
29889,0.000285,172.31.40.0-255,66,46395,78,210863
29890,0.000312,172.217.194.0-255,2902,49297,78,210863
29891,0.000314,172.31.40.0-255,66,49363,78,210863
29892,0.000319,172.217.194.0-255,1704,51067,78,210863
29893,0.000321,172.31.40.0-255,66,51133,78,210863
29894,0.000325,172.217.194.0-255,2902,54035,78,210863
29895,0.000333,172.31.40.0-255,66,54101,78,210863
29896,0.00034,172.217.194.0-255,7156,61257,78,210863
29897,0.000342,172.31.40.0-255,66,61323,78,210863
29898,0.000349,172.217.194.0-255,6797,68120,78,210863
29899,0.000352,172.31.40.0-255,66,68186,78,210863
29900,0.000379,172.217.194.0-255,4320,72506,78,210863
29901,0.000381,172.31.40.0-255,66,72572,78,210863
29902,0.000402,172.217.194.0-255,2902,75474,78,210863
29903,0.000409,172.31.40.0-255,66,75540,78,210863
29904,0.000412,172.217.194.0-255,1484,77024,78,210863
29905,0.000444,172.217.194.0-255,2902,79926,78,210863
29906,0.000446,172.31.40.0-255,66,79992,78,210863
29907,0.000481,172.217.194.0-255,4831,84823,78,210863
29908,0.000484,172.31.40.0-255,66,84889,78,210863
29909,0.000495,172.31.40.0-255,66,84955,78,210863
29910,0.000531,172.31.40.0-255,66,85021,78,210863
29911,0.002267,172.217.194.0-255,1484,86505,78,210863
29912,0.002278,172.217.194.0-255,2902,89407,78,210863
29913,0.002283,172.31.40.0-255,66,89473,78,210863
29914,0.002329,172.217.194.0-255,5738,95211,78,210863
29915,0.002331,172.31.40.0-255,66,95277,78,210863
29916,0.002346,172.31.40.0-255,66,95343,78,210863
29917,0.002358,172.31.40.0-255,66,95409,78,210863
29918,0.002387,172.217.194.0-255,1484,96893,78,210863
29919,0.002391,172.217.194.0-255,1484,98377,78,210863
29920,0.002393,172.31.40.0-255,66,98443,78,210863
29921,0.002409,172.217.194.0-255,1484,99927,78,210863
29922,0.002419,172.217.194.0-255,5738,105665,78,210863
29923,0.002421,172.31.40.0-255,66,105731,78,210863
29924,0.002458,172.31.40.0-255,66,105797,78,210863
29925,0.00247,172.31.40.0-255,66,105863,78,210863
29926,0.002501,172.217.194.0-255,5738,111601,78,210863
29927,0.002504,172.31.40.0-255,66,111667,78,210863
29928,0.002542,172.31.40.0-255,66,111733,78,210863
29929,0.002561,172.31.40.0-255,66,111799,78,210863
29930,0.00258,172.31.40.0-255,66,111865,78,210863
29931,0.002655,172.31.40.0-255,66,111931,78,210863
29932,0.002685,172.31.40.0-255,66,111997,78,210863
29933,0.002699,172.31.40.0-255,66,112063,78,210863
29934,0.005339,172.217.194.0-255,5738,117801,78,210863
29935,0.005358,172.31.40.0-255,66,117867,78,210863
29936,0.007961,172.217.194.0-255,5738,123605,78,210863
29937,0.007985,172.31.40.0-255,66,123671,78,210863
29938,0.010606,172.217.194.0-255,5738,129409,78,210863
29939,0.010612,172.31.40.0-255,66,129475,78,210863
29940,0.01319,172.217.194.0-255,2902,132377,78,210863
29941,0.013194,172.31.40.0-255,66,132443,78,210863
29942,0.013218,172.217.194.0-255,2902,135345,78,210863
29943,0.01322,172.31.40.0-255,66,135411,78,210863
29944,0.015841,172.217.194.0-255,5738,141149,78,210863
29945,0.01586,172.31.40.0-255,66,141215,78,210863
29946,0.018484,172.217.194.0-255,5738,146953,78,210863
29947,0.018503,172.31.40.0-255,66,147019,78,210863
29948,0.021114,172.217.194.0-255,5738,152757,78,210863
29949,0.021122,172.31.40.0-255,66,152823,78,210863
29950,0.023715,172.217.194.0-255,5738,158561,78,210863
29951,0.023723,172.31.40.0-255,66,158627,78,210863
29952,0.026346,172.217.194.0-255,5738,164365,78,210863
29953,0.02636,172.31.40.0-255,66,164431,78,210863
29954,0.028959,172.217.194.0-255,5738,170169,78,210863
29955,0.028967,172.31.40.0-255,66,170235,78,210863
29956,0.031571,172.217.194.0-255,5738,175973,78,210863
29957,0.031589,172.31.40.0-255,66,176039,78,210863
29958,0.034201,172.217.194.0-255,5738,181777,78,210863
29959,0.034209,172.31.40.0-255,66,181843,78,210863
29960,0.036811,172.217.194.0-255,5738,187581,78,210863
29961,0.036824,172.31.40.0-255,66,187647,78,210863
29962,0.039459,172.217.194.0-255,5738,193385,78,210863
29963,0.039485,172.31.40.0-255,66,193451,78,210863
29964,0.042128,172.217.194.0-255,5738,199189,78,210863
29965,0.042135,172.31.40.0-255,66,199255,78,210863
29966,0.044748,172.217.194.0-255,5738,204993,78,210863
29967,0.044756,172.31.40.0-255,66,205059,78,210863
29968,0.047386,172.217.194.0-255,5738,210797,78,210863
29969,0.047407,172.31.40.0-255,66,210863,78,210863
29970,0.0,74.125.24.0-255,146,146,78,200580
29971,2.4e-05,172.31.40.0-255,66,212,78,200580
29972,3e-05,74.125.24.0-255,1484,1696,78,200580
29973,3.5e-05,172.31.40.0-255,66,1762,78,200580
29974,4e-05,74.125.24.0-255,2902,4664,78,200580
29975,5.2e-05,172.31.40.0-255,66,4730,78,200580
29976,5.9e-05,74.125.24.0-255,7156,11886,78,200580
29977,6.2e-05,172.31.40.0-255,66,11952,78,200580
29978,6.9e-05,74.125.24.0-255,4803,16755,78,200580
29979,7.3e-05,172.31.40.0-255,66,16821,78,200580
29980,0.000108,74.125.24.0-255,7156,23977,78,200580
29981,0.000111,172.31.40.0-255,66,24043,78,200580
29982,0.000147,74.125.24.0-255,6797,30840,78,200580
29983,0.00015,172.31.40.0-255,66,30906,78,200580
29984,0.000391,74.125.24.0-255,1484,32390,78,200580
29985,0.000398,172.31.40.0-255,66,32456,78,200580
29986,0.000403,74.125.24.0-255,2902,35358,78,200580
29987,0.000405,172.31.40.0-255,66,35424,78,200580
29988,0.000435,74.125.24.0-255,1484,36908,78,200580
29989,0.000438,172.31.40.0-255,66,36974,78,200580
29990,0.000443,74.125.24.0-255,2902,39876,78,200580
29991,0.000446,172.31.40.0-255,66,39942,78,200580
29992,0.000459,74.125.24.0-255,5738,45680,78,200580
29993,0.000462,172.31.40.0-255,66,45746,78,200580
29994,0.000473,172.31.40.0-255,66,45812,78,200580
29995,0.00052,172.31.40.0-255,66,45878,78,200580
29996,0.000544,74.125.24.0-255,766,46644,78,200580
29997,0.000546,172.31.40.0-255,66,46710,78,200580
29998,0.000614,74.125.24.0-255,364,47074,78,200580
29999,0.000618,172.31.40.0-255,66,47140,78,200580
30000,0.000642,74.125.24.0-255,134,47274,78,200580
30001,0.000645,172.31.40.0-255,66,47340,78,200580
30002,0.000784,74.125.24.0-255,1484,48824,78,200580
30003,0.000788,172.31.40.0-255,66,48890,78,200580
30004,0.000795,74.125.24.0-255,2902,51792,78,200580
30005,0.000798,172.31.40.0-255,66,51858,78,200580
30006,0.000809,74.125.24.0-255,5738,57596,78,200580
30007,0.000812,172.31.40.0-255,66,57662,78,200580
30008,0.000817,74.125.24.0-255,4320,61982,78,200580
30009,0.000819,172.31.40.0-255,66,62048,78,200580
30010,0.000867,172.31.40.0-255,66,62114,78,200580
30011,0.000877,172.31.40.0-255,66,62180,78,200580
30012,0.000986,74.125.24.0-255,1484,63664,78,200580
30013,0.000991,172.31.40.0-255,66,63730,78,200580
30014,0.000996,74.125.24.0-255,2902,66632,78,200580
30015,0.000999,172.31.40.0-255,66,66698,78,200580
30016,0.00101,74.125.24.0-255,5738,72436,78,200580
30017,0.001012,172.31.40.0-255,66,72502,78,200580
30018,0.001017,74.125.24.0-255,4320,76822,78,200580
30019,0.00102,172.31.40.0-255,66,76888,78,200580
30020,0.001058,74.125.24.0-255,7156,84044,78,200580
30021,0.001173,74.125.24.0-255,1484,85528,78,200580
30022,0.001179,74.125.24.0-255,2902,88430,78,200580
30023,0.001196,74.125.24.0-255,5738,94168,78,200580
30024,0.001212,74.125.24.0-255,2902,97070,78,200580
30025,0.001255,74.125.24.0-255,7156,104226,78,200580
30026,0.001273,74.125.24.0-255,3602,107828,78,200580
30027,0.001276,172.31.40.0-255,66,107894,78,200580
30028,0.001282,172.31.40.0-255,66,107960,78,200580
30029,0.001345,74.125.24.0-255,1484,109444,78,200580
30030,0.00135,74.125.24.0-255,2902,112346,78,200580
30031,0.001364,74.125.24.0-255,5738,118084,78,200580
30032,0.001391,74.125.24.0-255,5738,123822,78,200580
30033,0.001411,74.125.24.0-255,7156,130978,78,200580
30034,0.001419,74.125.24.0-255,7156,138134,78,200580
30035,0.001451,74.125.24.0-255,3602,141736,78,200580
30036,0.001493,74.125.24.0-255,2902,144638,78,200580
30037,0.001558,74.125.24.0-255,4320,148958,78,200580
30038,0.001601,74.125.24.0-255,6438,155396,78,200580
30039,0.001659,74.125.24.0-255,1484,156880,78,200580
30040,0.001662,74.125.24.0-255,1484,158364,78,200580
30041,0.001683,74.125.24.0-255,1484,159848,78,200580
30042,0.00169,74.125.24.0-255,5738,165586,78,200580
30043,0.001692,74.125.24.0-255,1484,167070,78,200580
30044,0.001697,172.31.40.0-255,66,167136,78,200580
30045,0.001704,172.31.40.0-255,66,167202,78,200580
30046,0.001774,74.125.24.0-255,2184,169386,78,200580
30047,0.001777,74.125.24.0-255,1484,170870,78,200580
30048,0.001797,172.31.40.0-255,66,170936,78,200580
30049,0.001833,74.125.24.0-255,5020,175956,78,200580
30050,0.001839,74.125.24.0-255,5738,181694,78,200580
30051,0.001853,74.125.24.0-255,2902,184596,78,200580
30052,0.001884,74.125.24.0-255,7156,191752,78,200580
30053,0.001895,172.31.40.0-255,66,191818,78,200580
30054,0.001943,74.125.24.0-255,2184,194002,78,200580
30055,0.001964,172.31.40.0-255,66,194068,78,200580
30056,0.001991,172.31.40.0-255,66,194134,78,200580
30057,0.002021,74.125.24.0-255,766,194900,78,200580
30058,0.002091,172.31.40.0-255,66,194966,78,200580
30059,0.002115,74.125.24.0-255,105,195071,78,200580
30060,0.015496,172.31.40.0-255,66,195137,78,200580
30061,0.015549,172.31.40.0-255,105,195242,78,200580
30062,0.017781,74.125.24.0-255,66,195308,78,200580
30063,0.046426,172.31.40.0-255,172,195480,78,200580
30064,0.04646,172.31.40.0-255,1107,196587,78,200580
30065,0.046523,172.31.40.0-255,1514,198101,78,200580
30066,0.046525,172.31.40.0-255,1514,199615,78,200580
30067,0.046548,172.31.40.0-255,701,200316,78,200580
30068,0.04795,104.244.42.0-255,66,200382,78,200580
30069,0.047998,104.244.42.0-255,66,200448,78,200580
30070,0.048091,104.244.42.0-255,66,200514,78,200580
30071,0.048095,104.244.42.0-255,66,200580,78,200580
30072,0.0,172.217.194.0-255,152,152,78,238205
30073,2.9e-05,172.31.40.0-255,66,218,78,238205
30074,3.6e-05,172.217.194.0-255,1484,1702,78,238205
30075,4e-05,172.31.40.0-255,66,1768,78,238205
30076,4.6e-05,172.217.194.0-255,2902,4670,78,238205
30077,4.9e-05,172.31.40.0-255,66,4736,78,238205
30078,5.7e-05,172.217.194.0-255,7156,11892,78,238205
30079,6e-05,172.31.40.0-255,66,11958,78,238205
30080,6.4e-05,172.217.194.0-255,2067,14025,78,238205
30081,6.6e-05,172.31.40.0-255,66,14091,78,238205
30082,0.000124,172.217.194.0-255,1484,15575,78,238205
30083,0.000127,172.31.40.0-255,66,15641,78,238205
30084,0.000132,172.217.194.0-255,2902,18543,78,238205
30085,0.000134,172.31.40.0-255,66,18609,78,238205
30086,0.00015,172.217.194.0-255,2902,21511,78,238205
30087,0.000152,172.31.40.0-255,66,21577,78,238205
30088,0.000166,172.217.194.0-255,2902,24479,78,238205
30089,0.000168,172.31.40.0-255,66,24545,78,238205
30090,0.000198,172.217.194.0-255,6797,31342,78,238205
30091,0.000201,172.31.40.0-255,66,31408,78,238205
30092,0.000226,172.217.194.0-255,5738,37146,78,238205
30093,0.000229,172.31.40.0-255,66,37212,78,238205
30094,0.000246,172.217.194.0-255,1484,38696,78,238205
30095,0.000248,172.31.40.0-255,66,38762,78,238205
30096,0.000253,172.217.194.0-255,2902,41664,78,238205
30097,0.000256,172.31.40.0-255,66,41730,78,238205
30098,0.000272,172.217.194.0-255,6797,48527,78,238205
30099,0.000274,172.31.40.0-255,66,48593,78,238205
30100,0.000299,172.217.194.0-255,1484,50077,78,238205
30101,0.000301,172.31.40.0-255,66,50143,78,238205
30102,0.000306,172.217.194.0-255,2902,53045,78,238205
30103,0.000308,172.31.40.0-255,66,53111,78,238205
30104,0.000311,172.217.194.0-255,1484,54595,78,238205
30105,0.000327,172.217.194.0-255,4320,58915,78,238205
30106,0.00033,172.31.40.0-255,66,58981,78,238205
30107,0.000358,172.217.194.0-255,7070,66051,78,238205
30108,0.000361,172.31.40.0-255,66,66117,78,238205
30109,0.000379,172.217.194.0-255,434,66551,78,238205
30110,0.000495,172.217.194.0-255,1484,68035,78,238205
30111,0.000498,172.31.40.0-255,66,68101,78,238205
30112,0.000504,172.217.194.0-255,2902,71003,78,238205
30113,0.000506,172.31.40.0-255,66,71069,78,238205
30114,0.000525,172.217.194.0-255,5738,76807,78,238205
30115,0.000527,172.31.40.0-255,66,76873,78,238205
30116,0.000633,172.31.40.0-255,66,76939,78,238205
30117,0.001541,172.217.194.0-255,1484,78423,78,238205
30118,0.00157,172.217.194.0-255,2902,81325,78,238205
30119,0.001575,172.31.40.0-255,66,81391,78,238205
30120,0.001583,172.217.194.0-255,5738,87129,78,238205
30121,0.001585,172.31.40.0-255,66,87195,78,238205
30122,0.00159,172.217.194.0-255,5738,92933,78,238205
30123,0.001592,172.31.40.0-255,66,92999,78,238205
30124,0.001596,172.217.194.0-255,2902,95901,78,238205
30125,0.001599,172.31.40.0-255,66,95967,78,238205
30126,0.001631,172.31.40.0-255,66,96033,78,238205
30127,0.001637,172.217.194.0-255,5020,101053,78,238205
30128,0.001639,172.31.40.0-255,66,101119,78,238205
30129,0.001732,172.217.194.0-255,1484,102603,78,238205
30130,0.001737,172.217.194.0-255,2902,105505,78,238205
30131,0.001741,172.31.40.0-255,66,105571,78,238205
30132,0.001746,172.217.194.0-255,2902,108473,78,238205
30133,0.001748,172.31.40.0-255,66,108539,78,238205
30134,0.001764,172.217.194.0-255,2902,111441,78,238205
30135,0.001767,172.31.40.0-255,66,111507,78,238205
30136,0.001806,172.31.40.0-255,66,111573,78,238205
30137,0.001825,172.217.194.0-255,1484,113057,78,238205
30138,0.001859,172.31.40.0-255,66,113123,78,238205
30139,0.002209,172.217.194.0-255,1484,114607,78,238205
30140,0.002219,172.217.194.0-255,2902,117509,78,238205
30141,0.002222,172.31.40.0-255,66,117575,78,238205
30142,0.00223,172.217.194.0-255,5738,123313,78,238205
30143,0.002232,172.31.40.0-255,66,123379,78,238205
30144,0.002243,172.217.194.0-255,1484,124863,78,238205
30145,0.002259,172.217.194.0-255,2902,127765,78,238205
30146,0.002261,172.31.40.0-255,66,127831,78,238205
30147,0.002292,172.217.194.0-255,2902,130733,78,238205
30148,0.003581,172.31.40.0-255,66,130799,78,238205
30149,0.006124,172.217.194.0-255,5738,136537,78,238205
30150,0.00613,172.31.40.0-255,66,136603,78,238205
30151,0.008652,172.217.194.0-255,5738,142341,78,238205
30152,0.008659,172.31.40.0-255,66,142407,78,238205
30153,0.011217,172.217.194.0-255,5738,148145,78,238205
30154,0.011225,172.31.40.0-255,66,148211,78,238205
30155,0.013751,172.217.194.0-255,5738,153949,78,238205
30156,0.013759,172.31.40.0-255,66,154015,78,238205
30157,0.01634,172.217.194.0-255,5738,159753,78,238205
30158,0.016349,172.31.40.0-255,66,159819,78,238205
30159,0.018867,172.217.194.0-255,5738,165557,78,238205
30160,0.018877,172.31.40.0-255,66,165623,78,238205
30161,0.021424,172.217.194.0-255,5738,171361,78,238205
30162,0.021437,172.31.40.0-255,66,171427,78,238205
30163,0.02397,172.217.194.0-255,5738,177165,78,238205
30164,0.023979,172.31.40.0-255,66,177231,78,238205
30165,0.02652,172.217.194.0-255,4320,181551,78,238205
30166,0.026526,172.31.40.0-255,66,181617,78,238205
30167,0.026544,172.217.194.0-255,1484,183101,78,238205
30168,0.027797,172.31.40.0-255,167,183268,78,238205
30169,0.027831,172.31.40.0-255,1108,184376,78,238205
30170,0.027893,172.31.40.0-255,1514,185890,78,238205
30171,0.027895,172.31.40.0-255,1299,187189,78,238205
30172,0.029042,172.217.194.0-255,4320,191509,78,238205
30173,0.029049,172.31.40.0-255,66,191575,78,238205
30174,0.029376,104.244.42.0-255,66,191641,78,238205
30175,0.029406,104.244.42.0-255,66,191707,78,238205
30176,0.029443,104.244.42.0-255,66,191773,78,238205
30177,0.031601,172.217.194.0-255,5738,197511,78,238205
30178,0.031607,172.31.40.0-255,66,197577,78,238205
30179,0.034174,172.217.194.0-255,5738,203315,78,238205
30180,0.034179,172.31.40.0-255,66,203381,78,238205
30181,0.03671,172.217.194.0-255,5738,209119,78,238205
30182,0.036717,172.31.40.0-255,66,209185,78,238205
30183,0.03928,172.217.194.0-255,5738,214923,78,238205
30184,0.039286,172.31.40.0-255,66,214989,78,238205
30185,0.041874,172.217.194.0-255,5738,220727,78,238205
30186,0.04188,172.31.40.0-255,66,220793,78,238205
30187,0.044428,172.217.194.0-255,5738,226531,78,238205
30188,0.044437,172.31.40.0-255,66,226597,78,238205
30189,0.046966,172.217.194.0-255,5738,232335,78,238205
30190,0.046973,172.31.40.0-255,66,232401,78,238205
30191,0.049507,172.217.194.0-255,5738,238139,78,238205
30192,0.049513,172.31.40.0-255,66,238205,78,238205
30193,0.0,74.125.200.0-255,297,297,78,223924
30194,2.3e-05,172.31.40.0-255,66,363,78,223924
30195,3.1e-05,74.125.200.0-255,1484,1847,78,223924
30196,3.5e-05,172.31.40.0-255,66,1913,78,223924
30197,6.5e-05,74.125.200.0-255,2902,4815,78,223924
30198,6.9e-05,172.31.40.0-255,66,4881,78,223924
30199,7.6e-05,74.125.200.0-255,5738,10619,78,223924
30200,8e-05,172.31.40.0-255,66,10685,78,223924
30201,9.1e-05,172.31.40.0-255,66,10751,78,223924
30202,9.7e-05,74.125.200.0-255,4320,15071,78,223924
30203,0.0001,172.31.40.0-255,66,15137,78,223924
30204,0.000129,74.125.200.0-255,4320,19457,78,223924
30205,0.000132,172.31.40.0-255,66,19523,78,223924
30206,0.000138,74.125.200.0-255,3961,23484,78,223924
30207,0.00014,172.31.40.0-255,66,23550,78,223924
30208,0.000243,74.125.200.0-255,1484,25034,78,223924
30209,0.000247,172.31.40.0-255,66,25100,78,223924
30210,0.000252,74.125.200.0-255,2902,28002,78,223924
30211,0.000254,172.31.40.0-255,66,28068,78,223924
30212,0.000265,74.125.200.0-255,5738,33806,78,223924
30213,0.000268,172.31.40.0-255,66,33872,78,223924
30214,0.000312,172.31.40.0-255,66,33938,78,223924
30215,0.000325,172.31.40.0-255,66,34004,78,223924
30216,0.000328,74.125.200.0-255,1125,35129,78,223924
30217,0.00033,172.31.40.0-255,66,35195,78,223924
30218,0.000669,74.125.200.0-255,395,35590,78,223924
30219,0.000674,172.31.40.0-255,66,35656,78,223924
30220,0.000702,74.125.200.0-255,348,36004,78,223924
30221,0.000706,172.31.40.0-255,66,36070,78,223924
30222,0.001098,74.125.200.0-255,1484,37554,78,223924
30223,0.001106,74.125.200.0-255,2902,40456,78,223924
30224,0.00111,172.31.40.0-255,66,40522,78,223924
30225,0.001139,74.125.200.0-255,5738,46260,78,223924
30226,0.001142,172.31.40.0-255,66,46326,78,223924
30227,0.001149,74.125.200.0-255,5738,52064,78,223924
30228,0.001152,172.31.40.0-255,66,52130,78,223924
30229,0.001158,74.125.200.0-255,5738,57868,78,223924
30230,0.00116,172.31.40.0-255,66,57934,78,223924
30231,0.001182,74.125.200.0-255,1484,59418,78,223924
30232,0.001187,74.125.200.0-255,4320,63738,78,223924
30233,0.00119,172.31.40.0-255,66,63804,78,223924
30234,0.001224,74.125.200.0-255,6438,70242,78,223924
30235,0.001228,172.31.40.0-255,66,70308,78,223924
30236,0.001768,74.125.200.0-255,1484,71792,78,223924
30237,0.001776,74.125.200.0-255,1484,73276,78,223924
30238,0.001781,172.31.40.0-255,66,73342,78,223924
30239,0.001813,74.125.200.0-255,2902,76244,78,223924
30240,0.001817,172.31.40.0-255,66,76310,78,223924
30241,0.001821,74.125.200.0-255,1484,77794,78,223924
30242,0.001847,74.125.200.0-255,4320,82114,78,223924
30243,0.001849,172.31.40.0-255,66,82180,78,223924
30244,0.00189,74.125.200.0-255,4320,86500,78,223924
30245,0.001894,172.31.40.0-255,66,86566,78,223924
30246,0.001925,74.125.200.0-255,5738,92304,78,223924
30247,0.001927,172.31.40.0-255,66,92370,78,223924
30248,0.001971,74.125.200.0-255,7156,99526,78,223924
30249,0.001974,172.31.40.0-255,66,99592,78,223924
30250,0.001977,74.125.200.0-255,1484,101076,78,223924
30251,0.001999,74.125.200.0-255,2902,103978,78,223924
30252,0.002001,172.31.40.0-255,66,104044,78,223924
30253,0.002012,74.125.200.0-255,766,104810,78,223924
30254,0.004264,74.125.200.0-255,4320,109130,78,223924
30255,0.004272,172.31.40.0-255,66,109196,78,223924
30256,0.006528,74.125.200.0-255,5738,114934,78,223924
30257,0.006538,172.31.40.0-255,66,115000,78,223924
30258,0.008801,74.125.200.0-255,5738,120738,78,223924
30259,0.008812,172.31.40.0-255,66,120804,78,223924
30260,0.011088,74.125.200.0-255,5738,126542,78,223924
30261,0.011102,172.31.40.0-255,66,126608,78,223924
30262,0.013377,74.125.200.0-255,5738,132346,78,223924
30263,0.013387,172.31.40.0-255,66,132412,78,223924
30264,0.015666,74.125.200.0-255,5738,138150,78,223924
30265,0.015676,172.31.40.0-255,66,138216,78,223924
30266,0.01794,74.125.200.0-255,5738,143954,78,223924
30267,0.017953,172.31.40.0-255,66,144020,78,223924
30268,0.02022,74.125.200.0-255,5738,149758,78,223924
30269,0.020228,172.31.40.0-255,66,149824,78,223924
30270,0.022487,74.125.200.0-255,5738,155562,78,223924
30271,0.022495,172.31.40.0-255,66,155628,78,223924
30272,0.024761,74.125.200.0-255,5738,161366,78,223924
30273,0.024769,172.31.40.0-255,66,161432,78,223924
30274,0.027029,74.125.200.0-255,5738,167170,78,223924
30275,0.027038,172.31.40.0-255,66,167236,78,223924
30276,0.029294,74.125.200.0-255,5738,172974,78,223924
30277,0.029302,172.31.40.0-255,66,173040,78,223924
30278,0.031569,74.125.200.0-255,5738,178778,78,223924
30279,0.031577,172.31.40.0-255,66,178844,78,223924
30280,0.033848,74.125.200.0-255,5738,184582,78,223924
30281,0.033856,172.31.40.0-255,66,184648,78,223924
30282,0.036119,74.125.200.0-255,5738,190386,78,223924
30283,0.036126,172.31.40.0-255,66,190452,78,223924
30284,0.038382,74.125.200.0-255,5738,196190,78,223924
30285,0.038389,172.31.40.0-255,66,196256,78,223924
30286,0.04065,74.125.200.0-255,5738,201994,78,223924
30287,0.040658,172.31.40.0-255,66,202060,78,223924
30288,0.042917,74.125.200.0-255,5738,207798,78,223924
30289,0.04293,172.31.40.0-255,66,207864,78,223924
30290,0.045185,74.125.200.0-255,4320,212184,78,223924
30291,0.045192,172.31.40.0-255,66,212250,78,223924
30292,0.045216,74.125.200.0-255,1484,213734,78,223924
30293,0.047486,74.125.200.0-255,4320,218054,78,223924
30294,0.047505,172.31.40.0-255,66,218120,78,223924
30295,0.049781,74.125.200.0-255,5738,223858,78,223924
30296,0.049795,172.31.40.0-255,66,223924,78,223924
30297,0.0,74.125.24.0-255,152,152,78,287150
30298,1.9e-05,172.31.40.0-255,66,218,78,287150
30299,2.5e-05,74.125.24.0-255,1484,1702,78,287150
30300,2.9e-05,172.31.40.0-255,66,1768,78,287150
30301,3.4e-05,74.125.24.0-255,2902,4670,78,287150
30302,3.7e-05,172.31.40.0-255,66,4736,78,287150
30303,4.5e-05,74.125.24.0-255,7156,11892,78,287150
30304,4.8e-05,172.31.40.0-255,66,11958,78,287150
30305,5.2e-05,74.125.24.0-255,1986,13944,78,287150
30306,5.5e-05,172.31.40.0-255,66,14010,78,287150
30307,0.000102,74.125.24.0-255,5738,19748,78,287150
30308,0.000105,172.31.40.0-255,66,19814,78,287150
30309,0.000109,74.125.24.0-255,1484,21298,78,287150
30310,0.000111,172.31.40.0-255,66,21364,78,287150
30311,0.000135,74.125.24.0-255,5738,27102,78,287150
30312,0.000137,172.31.40.0-255,66,27168,78,287150
30313,0.000149,74.125.24.0-255,3961,31129,78,287150
30314,0.000152,172.31.40.0-255,66,31195,78,287150
30315,0.000317,74.125.24.0-255,1484,32679,78,287150
30316,0.000321,172.31.40.0-255,66,32745,78,287150
30317,0.000341,74.125.24.0-255,2902,35647,78,287150
30318,0.000343,172.31.40.0-255,66,35713,78,287150
30319,0.000348,74.125.24.0-255,4320,40033,78,287150
30320,0.00035,172.31.40.0-255,66,40099,78,287150
30321,0.000374,74.125.24.0-255,1484,41583,78,287150
30322,0.000376,172.31.40.0-255,66,41649,78,287150
30323,0.000381,74.125.24.0-255,5738,47387,78,287150
30324,0.000383,172.31.40.0-255,66,47453,78,287150
30325,0.000399,74.125.24.0-255,5738,53191,78,287150
30326,0.000401,172.31.40.0-255,66,53257,78,287150
30327,0.00042,172.31.40.0-255,66,53323,78,287150
30328,0.000425,74.125.24.0-255,4272,57595,78,287150
30329,0.000427,172.31.40.0-255,66,57661,78,287150
30330,0.00043,74.125.24.0-255,110,57771,78,287150
30331,0.000461,74.125.24.0-255,332,58103,78,287150
30332,0.00087,74.125.24.0-255,1484,59587,78,287150
30333,0.000875,172.31.40.0-255,66,59653,78,287150
30334,0.000882,74.125.24.0-255,2902,62555,78,287150
30335,0.000884,172.31.40.0-255,66,62621,78,287150
30336,0.000889,74.125.24.0-255,4320,66941,78,287150
30337,0.000892,172.31.40.0-255,66,67007,78,287150
30338,0.000912,74.125.24.0-255,1484,68491,78,287150
30339,0.000916,74.125.24.0-255,1484,69975,78,287150
30340,0.000918,172.31.40.0-255,66,70041,78,287150
30341,0.000936,74.125.24.0-255,4320,74361,78,287150
30342,0.000939,172.31.40.0-255,66,74427,78,287150
30343,0.000946,74.125.24.0-255,7156,81583,78,287150
30344,0.000948,172.31.40.0-255,66,81649,78,287150
30345,0.000974,74.125.24.0-255,4320,85969,78,287150
30346,0.000976,172.31.40.0-255,66,86035,78,287150
30347,0.001,74.125.24.0-255,6438,92473,78,287150
30348,0.001003,172.31.40.0-255,66,92539,78,287150
30349,0.001398,74.125.24.0-255,1484,94023,78,287150
30350,0.001407,74.125.24.0-255,2902,96925,78,287150
30351,0.001411,172.31.40.0-255,66,96991,78,287150
30352,0.001419,74.125.24.0-255,5738,102729,78,287150
30353,0.00142,172.31.40.0-255,66,102795,78,287150
30354,0.001454,172.31.40.0-255,66,102861,78,287150
30355,0.001472,74.125.24.0-255,1484,104345,78,287150
30356,0.001479,74.125.24.0-255,5738,110083,78,287150
30357,0.001482,172.31.40.0-255,66,110149,78,287150
30358,0.001485,74.125.24.0-255,1484,111633,78,287150
30359,0.001505,74.125.24.0-255,3602,115235,78,287150
30360,0.001507,172.31.40.0-255,66,115301,78,287150
30361,0.001706,74.125.24.0-255,1484,116785,78,287150
30362,0.001713,74.125.24.0-255,2902,119687,78,287150
30363,0.001717,172.31.40.0-255,66,119753,78,287150
30364,0.001724,74.125.24.0-255,5738,125491,78,287150
30365,0.001726,172.31.40.0-255,66,125557,78,287150
30366,0.001769,172.31.40.0-255,66,125623,78,287150
30367,0.001805,74.125.24.0-255,1484,127107,78,287150
30368,0.001824,172.31.40.0-255,66,127173,78,287150
30369,0.001875,74.125.24.0-255,1484,128657,78,287150
30370,0.00188,74.125.24.0-255,2902,131559,78,287150
30371,0.001883,172.31.40.0-255,66,131625,78,287150
30372,0.001888,74.125.24.0-255,5738,137363,78,287150
30373,0.001891,172.31.40.0-255,66,137429,78,287150
30374,0.001905,172.31.40.0-255,66,137495,78,287150
30375,0.00191,74.125.24.0-255,5738,143233,78,287150
30376,0.001913,172.31.40.0-255,66,143299,78,287150
30377,0.001946,74.125.24.0-255,5020,148319,78,287150
30378,0.001949,172.31.40.0-255,66,148385,78,287150
30379,0.003939,74.125.24.0-255,5738,154123,78,287150
30380,0.003947,172.31.40.0-255,66,154189,78,287150
30381,0.005922,74.125.24.0-255,5738,159927,78,287150
30382,0.005925,172.31.40.0-255,66,159993,78,287150
30383,0.00798,74.125.24.0-255,5738,165731,78,287150
30384,0.007986,172.31.40.0-255,66,165797,78,287150
30385,0.010014,74.125.24.0-255,5738,171535,78,287150
30386,0.010023,172.31.40.0-255,66,171601,78,287150
30387,0.01203,74.125.24.0-255,5738,177339,78,287150
30388,0.012037,172.31.40.0-255,66,177405,78,287150
30389,0.014041,74.125.24.0-255,5738,183143,78,287150
30390,0.014049,172.31.40.0-255,66,183209,78,287150
30391,0.016047,74.125.24.0-255,5738,188947,78,287150
30392,0.016056,172.31.40.0-255,66,189013,78,287150
30393,0.018064,74.125.24.0-255,5738,194751,78,287150
30394,0.01807,172.31.40.0-255,66,194817,78,287150
30395,0.020069,74.125.24.0-255,5738,200555,78,287150
30396,0.020076,172.31.40.0-255,66,200621,78,287150
30397,0.022072,74.125.24.0-255,5738,206359,78,287150
30398,0.022079,172.31.40.0-255,66,206425,78,287150
30399,0.024073,74.125.24.0-255,5738,212163,78,287150
30400,0.024079,172.31.40.0-255,66,212229,78,287150
30401,0.024758,172.31.40.0-255,171,212400,78,287150
30402,0.024811,172.31.40.0-255,1132,213532,78,287150
30403,0.024872,172.31.40.0-255,1514,215046,78,287150
30404,0.024873,172.31.40.0-255,1514,216560,78,287150
30405,0.024898,172.31.40.0-255,678,217238,78,287150
30406,0.026069,74.125.24.0-255,5738,222976,78,287150
30407,0.026075,172.31.40.0-255,66,223042,78,287150
30408,0.02626,104.244.42.0-255,66,223108,78,287150
30409,0.026325,104.244.42.0-255,66,223174,78,287150
30410,0.026396,104.244.42.0-255,66,223240,78,287150
30411,0.0264,104.244.42.0-255,66,223306,78,287150
30412,0.028065,74.125.24.0-255,5738,229044,78,287150
30413,0.028071,172.31.40.0-255,66,229110,78,287150
30414,0.030059,74.125.24.0-255,5738,234848,78,287150
30415,0.030065,172.31.40.0-255,66,234914,78,287150
30416,0.03207,74.125.24.0-255,5738,240652,78,287150
30417,0.032075,172.31.40.0-255,66,240718,78,287150
30418,0.034166,74.125.24.0-255,5738,246456,78,287150
30419,0.034172,172.31.40.0-255,66,246522,78,287150
30420,0.036178,74.125.24.0-255,5738,252260,78,287150
30421,0.036183,172.31.40.0-255,66,252326,78,287150
30422,0.038185,74.125.24.0-255,5738,258064,78,287150
30423,0.038194,172.31.40.0-255,66,258130,78,287150
30424,0.040195,74.125.24.0-255,5738,263868,78,287150
30425,0.040201,172.31.40.0-255,66,263934,78,287150
30426,0.042202,74.125.24.0-255,5738,269672,78,287150
30427,0.042207,172.31.40.0-255,66,269738,78,287150
30428,0.044255,74.125.24.0-255,5738,275476,78,287150
30429,0.044262,172.31.40.0-255,66,275542,78,287150
30430,0.046259,74.125.24.0-255,5738,281280,78,287150
30431,0.046265,172.31.40.0-255,66,281346,78,287150
30432,0.04826,74.125.24.0-255,5738,287084,78,287150
30433,0.048266,172.31.40.0-255,66,287150,78,287150
30434,0.0,172.217.194.0-255,146,146,78,219152
30435,1.9e-05,172.31.40.0-255,66,212,78,219152
30436,2.6e-05,172.217.194.0-255,1484,1696,78,219152
30437,3.1e-05,172.31.40.0-255,66,1762,78,219152
30438,4.5e-05,172.217.194.0-255,2902,4664,78,219152
30439,4.9e-05,172.31.40.0-255,66,4730,78,219152
30440,5.6e-05,172.217.194.0-255,5738,10468,78,219152
30441,5.8e-05,172.31.40.0-255,66,10534,78,219152
30442,9.2e-05,172.217.194.0-255,3574,14108,78,219152
30443,9.5e-05,172.31.40.0-255,66,14174,78,219152
30444,0.00032,172.217.194.0-255,1484,15658,78,219152
30445,0.000327,172.31.40.0-255,66,15724,78,219152
30446,0.000332,172.217.194.0-255,2902,18626,78,219152
30447,0.000335,172.31.40.0-255,66,18692,78,219152
30448,0.000344,172.217.194.0-255,2902,21594,78,219152
30449,0.000346,172.31.40.0-255,66,21660,78,219152
30450,0.000375,172.217.194.0-255,2902,24562,78,219152
30451,0.000378,172.31.40.0-255,66,24628,78,219152
30452,0.000415,172.217.194.0-255,6797,31425,78,219152
30453,0.000418,172.31.40.0-255,66,31491,78,219152
30454,0.00054,172.217.194.0-255,1484,32975,78,219152
30455,0.000544,172.31.40.0-255,66,33041,78,219152
30456,0.00055,172.217.194.0-255,2902,35943,78,219152
30457,0.000552,172.31.40.0-255,66,36009,78,219152
30458,0.000558,172.217.194.0-255,4320,40329,78,219152
30459,0.000566,172.31.40.0-255,66,40395,78,219152
30460,0.000591,172.217.194.0-255,1484,41879,78,219152
30461,0.000594,172.31.40.0-255,66,41945,78,219152
30462,0.000601,172.217.194.0-255,5738,47683,78,219152
30463,0.000603,172.31.40.0-255,66,47749,78,219152
30464,0.000635,172.31.40.0-255,66,47815,78,219152
30465,0.000671,172.31.40.0-255,66,47881,78,219152
30466,0.000735,172.217.194.0-255,646,48527,78,219152
30467,0.000855,172.217.194.0-255,1484,50011,78,219152
30468,0.000861,172.31.40.0-255,66,50077,78,219152
30469,0.000867,172.217.194.0-255,2902,52979,78,219152
30470,0.000869,172.31.40.0-255,66,53045,78,219152
30471,0.000881,172.217.194.0-255,5738,58783,78,219152
30472,0.000884,172.31.40.0-255,66,58849,78,219152
30473,0.000941,172.217.194.0-255,7156,66005,78,219152
30474,0.000945,172.31.40.0-255,66,66071,78,219152
30475,0.00096,172.31.40.0-255,66,66137,78,219152
30476,0.000964,172.217.194.0-255,2184,68321,78,219152
30477,0.000966,172.31.40.0-255,66,68387,78,219152
30478,0.001452,172.217.194.0-255,1484,69871,78,219152
30479,0.001456,172.217.194.0-255,1484,71355,78,219152
30480,0.001464,172.31.40.0-255,66,71421,78,219152
30481,0.001473,172.217.194.0-255,1484,72905,78,219152
30482,0.00148,172.217.194.0-255,5738,78643,78,219152
30483,0.001487,172.31.40.0-255,66,78709,78,219152
30484,0.001531,172.31.40.0-255,66,78775,78,219152
30485,0.001536,172.217.194.0-255,2902,81677,78,219152
30486,0.001537,172.31.40.0-255,66,81743,78,219152
30487,0.001576,172.31.40.0-255,66,81809,78,219152
30488,0.001762,172.217.194.0-255,1484,83293,78,219152
30489,0.001776,172.217.194.0-255,1484,84777,78,219152
30490,0.001779,172.31.40.0-255,66,84843,78,219152
30491,0.001807,172.217.194.0-255,1484,86327,78,219152
30492,0.001813,172.217.194.0-255,4320,90647,78,219152
30493,0.001816,172.31.40.0-255,66,90713,78,219152
30494,0.001827,172.31.40.0-255,66,90779,78,219152
30495,0.001838,172.31.40.0-255,66,90845,78,219152
30496,0.001865,172.217.194.0-255,2902,93747,78,219152
30497,0.00187,172.31.40.0-255,66,93813,78,219152
30498,0.001889,172.217.194.0-255,5020,98833,78,219152
30499,0.001892,172.31.40.0-255,66,98899,78,219152
30500,0.004183,172.217.194.0-255,5738,104637,78,219152
30501,0.004189,172.31.40.0-255,66,104703,78,219152
30502,0.006499,172.217.194.0-255,5738,110441,78,219152
30503,0.006502,172.31.40.0-255,66,110507,78,219152
30504,0.008795,172.217.194.0-255,5738,116245,78,219152
30505,0.008801,172.31.40.0-255,66,116311,78,219152
30506,0.011111,172.217.194.0-255,5738,122049,78,219152
30507,0.011119,172.31.40.0-255,66,122115,78,219152
30508,0.013447,172.217.194.0-255,5738,127853,78,219152
30509,0.013456,172.31.40.0-255,66,127919,78,219152
30510,0.015812,172.217.194.0-255,5738,133657,78,219152
30511,0.01582,172.31.40.0-255,66,133723,78,219152
30512,0.018129,172.217.194.0-255,5738,139461,78,219152
30513,0.018136,172.31.40.0-255,66,139527,78,219152
30514,0.020467,172.217.194.0-255,5738,145265,78,219152
30515,0.020473,172.31.40.0-255,66,145331,78,219152
30516,0.022793,172.217.194.0-255,5738,151069,78,219152
30517,0.0228,172.31.40.0-255,66,151135,78,219152
30518,0.024285,172.31.40.0-255,172,151307,78,219152
30519,0.024317,172.31.40.0-255,1103,152410,78,219152
30520,0.024376,172.31.40.0-255,1514,153924,78,219152
30521,0.024377,172.31.40.0-255,1186,155110,78,219152
30522,0.025108,172.217.194.0-255,5738,160848,78,219152
30523,0.025115,172.31.40.0-255,66,160914,78,219152
30524,0.025861,104.244.42.0-255,66,160980,78,219152
30525,0.025898,104.244.42.0-255,66,161046,78,219152
30526,0.025947,104.244.42.0-255,66,161112,78,219152
30527,0.027452,172.217.194.0-255,5738,166850,78,219152
30528,0.027457,172.31.40.0-255,66,166916,78,219152
30529,0.029775,172.217.194.0-255,5738,172654,78,219152
30530,0.029784,172.31.40.0-255,66,172720,78,219152
30531,0.032103,172.217.194.0-255,5738,178458,78,219152
30532,0.03211,172.31.40.0-255,66,178524,78,219152
30533,0.034464,172.217.194.0-255,5738,184262,78,219152
30534,0.03447,172.31.40.0-255,66,184328,78,219152
30535,0.036793,172.217.194.0-255,5738,190066,78,219152
30536,0.03681,172.31.40.0-255,66,190132,78,219152
30537,0.039182,172.217.194.0-255,5738,195870,78,219152
30538,0.039197,172.31.40.0-255,66,195936,78,219152
30539,0.041509,172.217.194.0-255,5738,201674,78,219152
30540,0.041516,172.31.40.0-255,66,201740,78,219152
30541,0.043837,172.217.194.0-255,5738,207478,78,219152
30542,0.043844,172.31.40.0-255,66,207544,78,219152
30543,0.046155,172.217.194.0-255,5738,213282,78,219152
30544,0.046163,172.31.40.0-255,66,213348,78,219152
30545,0.048467,172.217.194.0-255,5738,219086,78,219152
30546,0.048475,172.31.40.0-255,66,219152,78,219152
30547,0.0,74.125.24.0-255,156,156,78,313616
30548,1.5e-05,172.31.40.0-255,66,222,78,313616
30549,2.1e-05,74.125.24.0-255,1484,1706,78,313616
30550,2.6e-05,172.31.40.0-255,66,1772,78,313616
30551,3.1e-05,74.125.24.0-255,2902,4674,78,313616
30552,4.2e-05,172.31.40.0-255,66,4740,78,313616
30553,5e-05,74.125.24.0-255,7156,11896,78,313616
30554,5.3e-05,172.31.40.0-255,66,11962,78,313616
30555,6e-05,74.125.24.0-255,4857,16819,78,313616
30556,6.3e-05,172.31.40.0-255,66,16885,78,313616
30557,0.000113,172.31.40.0-255,66,16951,78,313616
30558,0.00022,74.125.24.0-255,1484,18435,78,313616
30559,0.000224,172.31.40.0-255,66,18501,78,313616
30560,0.00023,74.125.24.0-255,2902,21403,78,313616
30561,0.000233,172.31.40.0-255,66,21469,78,313616
30562,0.000269,74.125.24.0-255,5738,27207,78,313616
30563,0.000272,172.31.40.0-255,66,27273,78,313616
30564,0.000305,172.31.40.0-255,66,27339,78,313616
30565,0.000332,74.125.24.0-255,2543,29882,78,313616
30566,0.000334,172.31.40.0-255,66,29948,78,313616
30567,0.000341,74.125.24.0-255,5738,35686,78,313616
30568,0.000343,172.31.40.0-255,66,35752,78,313616
30569,0.000367,74.125.24.0-255,7134,42886,78,313616
30570,0.000369,172.31.40.0-255,66,42952,78,313616
30571,0.000506,74.125.24.0-255,1484,44436,78,313616
30572,0.00051,172.31.40.0-255,66,44502,78,313616
30573,0.000516,74.125.24.0-255,2902,47404,78,313616
30574,0.000518,172.31.40.0-255,66,47470,78,313616
30575,0.000522,74.125.24.0-255,1484,48954,78,313616
30576,0.000529,172.31.40.0-255,66,49020,78,313616
30577,0.000559,74.125.24.0-255,4320,53340,78,313616
30578,0.000563,172.31.40.0-255,66,53406,78,313616
30579,0.000573,172.31.40.0-255,66,53472,78,313616
30580,0.00058,74.125.24.0-255,7156,60628,78,313616
30581,0.000584,172.31.40.0-255,66,60694,78,313616
30582,0.000606,74.125.24.0-255,1484,62178,78,313616
30583,0.000615,74.125.24.0-255,6797,68975,78,313616
30584,0.000618,172.31.40.0-255,66,69041,78,313616
30585,0.000677,74.125.24.0-255,1484,70525,78,313616
30586,0.000681,74.125.24.0-255,1484,72009,78,313616
30587,0.000684,172.31.40.0-255,66,72075,78,313616
30588,0.000709,74.125.24.0-255,1484,73559,78,313616
30589,0.000717,74.125.24.0-255,5738,79297,78,313616
30590,0.00072,172.31.40.0-255,66,79363,78,313616
30591,0.000724,74.125.24.0-255,2902,82265,78,313616
30592,0.000726,172.31.40.0-255,66,82331,78,313616
30593,0.000764,74.125.24.0-255,3650,85981,78,313616
30594,0.000767,172.31.40.0-255,66,86047,78,313616
30595,0.000817,74.125.24.0-255,1484,87531,78,313616
30596,0.000832,74.125.24.0-255,2902,90433,78,313616
30597,0.000836,172.31.40.0-255,66,90499,78,313616
30598,0.000862,74.125.24.0-255,5738,96237,78,313616
30599,0.000865,172.31.40.0-255,66,96303,78,313616
30600,0.000872,74.125.24.0-255,7156,103459,78,313616
30601,0.000875,172.31.40.0-255,66,103525,78,313616
30602,0.000905,74.125.24.0-255,7156,110681,78,313616
30603,0.000908,172.31.40.0-255,66,110747,78,313616
30604,0.000939,74.125.24.0-255,7156,117903,78,313616
30605,0.000942,172.31.40.0-255,66,117969,78,313616
30606,0.000947,74.125.24.0-255,2184,120153,78,313616
30607,0.000949,172.31.40.0-255,66,120219,78,313616
30608,0.001021,74.125.24.0-255,1484,121703,78,313616
30609,0.001078,74.125.24.0-255,2902,124605,78,313616
30610,0.001082,172.31.40.0-255,66,124671,78,313616
30611,0.001089,74.125.24.0-255,5738,130409,78,313616
30612,0.001091,172.31.40.0-255,66,130475,78,313616
30613,0.001103,74.125.24.0-255,5787,136262,78,313616
30614,0.001105,172.31.40.0-255,66,136328,78,313616
30615,0.001158,74.125.24.0-255,1484,137812,78,313616
30616,0.001162,74.125.24.0-255,1484,139296,78,313616
30617,0.001165,172.31.40.0-255,66,139362,78,313616
30618,0.001176,74.125.24.0-255,1484,140846,78,313616
30619,0.001195,74.125.24.0-255,5738,146584,78,313616
30620,0.001199,172.31.40.0-255,66,146650,78,313616
30621,0.001245,172.31.40.0-255,66,146716,78,313616
30622,0.00126,172.31.40.0-255,66,146782,78,313616
30623,0.001284,74.125.24.0-255,2184,148966,78,313616
30624,0.001288,172.31.40.0-255,66,149032,78,313616
30625,0.001336,74.125.24.0-255,2902,151934,78,313616
30626,0.001339,172.31.40.0-255,66,152000,78,313616
30627,0.001344,74.125.24.0-255,2902,154902,78,313616
30628,0.001347,172.31.40.0-255,66,154968,78,313616
30629,0.00137,74.125.24.0-255,7156,162124,78,313616
30630,0.001377,172.31.40.0-255,66,162190,78,313616
30631,0.001382,74.125.24.0-255,2902,165092,78,313616
30632,0.001384,172.31.40.0-255,66,165158,78,313616
30633,0.001413,74.125.24.0-255,5738,170896,78,313616
30634,0.001416,172.31.40.0-255,66,170962,78,313616
30635,0.001444,172.31.40.0-255,66,171028,78,313616
30636,0.001469,74.125.24.0-255,3602,174630,78,313616
30637,0.001471,172.31.40.0-255,66,174696,78,313616
30638,0.001853,74.125.24.0-255,1484,176180,78,313616
30639,0.001867,74.125.24.0-255,2902,179082,78,313616
30640,0.00187,172.31.40.0-255,66,179148,78,313616
30641,0.001875,74.125.24.0-255,2902,182050,78,313616
30642,0.001878,172.31.40.0-255,66,182116,78,313616
30643,0.001915,74.125.24.0-255,2902,185018,78,313616
30644,0.001918,172.31.40.0-255,66,185084,78,313616
30645,0.001931,74.125.24.0-255,7156,192240,78,313616
30646,0.001933,172.31.40.0-255,66,192306,78,313616
30647,0.001947,172.31.40.0-255,66,192372,78,313616
30648,0.001951,74.125.24.0-255,2184,194556,78,313616
30649,0.001953,172.31.40.0-255,66,194622,78,313616
30650,0.002179,74.125.24.0-255,1484,196106,78,313616
30651,0.002204,74.125.24.0-255,2902,199008,78,313616
30652,0.002208,172.31.40.0-255,66,199074,78,313616
30653,0.002215,74.125.24.0-255,5738,204812,78,313616
30654,0.002217,172.31.40.0-255,66,204878,78,313616
30655,0.002255,172.31.40.0-255,66,204944,78,313616
30656,0.002263,74.125.24.0-255,7156,212100,78,313616
30657,0.002265,172.31.40.0-255,66,212166,78,313616
30658,0.002291,74.125.24.0-255,1484,213650,78,313616
30659,0.002309,74.125.24.0-255,2184,215834,78,313616
30660,0.002312,172.31.40.0-255,66,215900,78,313616
30661,0.004591,74.125.24.0-255,1484,217384,78,313616
30662,0.004618,74.125.24.0-255,4320,221704,78,313616
30663,0.004624,172.31.40.0-255,66,221770,78,313616
30664,0.006943,74.125.24.0-255,5738,227508,78,313616
30665,0.006959,172.31.40.0-255,66,227574,78,313616
30666,0.009268,74.125.24.0-255,5738,233312,78,313616
30667,0.009285,172.31.40.0-255,66,233378,78,313616
30668,0.011603,74.125.24.0-255,5738,239116,78,313616
30669,0.011611,172.31.40.0-255,66,239182,78,313616
30670,0.013892,74.125.24.0-255,5738,244920,78,313616
30671,0.013896,172.31.40.0-255,66,244986,78,313616
30672,0.016239,74.125.24.0-255,5738,250724,78,313616
30673,0.016246,172.31.40.0-255,66,250790,78,313616
30674,0.018578,74.125.24.0-255,5738,256528,78,313616
30675,0.018592,172.31.40.0-255,66,256594,78,313616
30676,0.020912,74.125.24.0-255,5738,262332,78,313616
30677,0.020927,172.31.40.0-255,66,262398,78,313616
30678,0.023247,74.125.24.0-255,5738,268136,78,313616
30679,0.023261,172.31.40.0-255,66,268202,78,313616
30680,0.025565,74.125.24.0-255,5738,273940,78,313616
30681,0.025573,172.31.40.0-255,66,274006,78,313616
30682,0.027906,74.125.24.0-255,5738,279744,78,313616
30683,0.027915,172.31.40.0-255,66,279810,78,313616
30684,0.030246,74.125.24.0-255,5738,285548,78,313616
30685,0.030253,172.31.40.0-255,66,285614,78,313616
30686,0.032612,74.125.24.0-255,5738,291352,78,313616
30687,0.03262,172.31.40.0-255,66,291418,78,313616
30688,0.03497,74.125.24.0-255,5738,297156,78,313616
30689,0.034978,172.31.40.0-255,66,297222,78,313616
30690,0.037269,74.125.24.0-255,5738,302960,78,313616
30691,0.037277,172.31.40.0-255,66,303026,78,313616
30692,0.03961,74.125.24.0-255,5738,308764,78,313616
30693,0.039629,172.31.40.0-255,66,308830,78,313616
30694,0.041918,74.125.24.0-255,4549,313379,78,313616
30695,0.041927,172.31.40.0-255,66,313445,78,313616
30696,0.042127,172.31.40.0-255,105,313550,78,313616
30697,0.044456,74.125.24.0-255,66,313616,78,313616
30698,0.0,74.125.130.0-255,146,146,78,272343
30699,2.3e-05,172.31.40.0-255,66,212,78,272343
30700,4.6e-05,74.125.130.0-255,1484,1696,78,272343
30701,5.1e-05,172.31.40.0-255,66,1762,78,272343
30702,5.4e-05,74.125.130.0-255,1484,3246,78,272343
30703,5.7e-05,172.31.40.0-255,66,3312,78,272343
30704,7.2e-05,74.125.130.0-255,1484,4796,78,272343
30705,7.4e-05,172.31.40.0-255,66,4862,78,272343
30706,0.000126,74.125.130.0-255,5738,10600,78,272343
30707,0.000129,172.31.40.0-255,66,10666,78,272343
30708,0.000137,74.125.130.0-255,6430,17096,78,272343
30709,0.000139,172.31.40.0-255,66,17162,78,272343
30710,0.000144,74.125.130.0-255,2902,20064,78,272343
30711,0.000147,172.31.40.0-255,66,20130,78,272343
30712,0.000169,74.125.130.0-255,2902,23032,78,272343
30713,0.000173,172.31.40.0-255,66,23098,78,272343
30714,0.000184,74.125.130.0-255,1484,24582,78,272343
30715,0.000187,172.31.40.0-255,66,24648,78,272343
30716,0.000202,74.125.130.0-255,4320,28968,78,272343
30717,0.000205,172.31.40.0-255,66,29034,78,272343
30718,0.000271,74.125.130.0-255,2543,31577,78,272343
30719,0.000274,172.31.40.0-255,66,31643,78,272343
30720,0.000707,74.125.130.0-255,1484,33127,78,272343
30721,0.000713,172.31.40.0-255,66,33193,78,272343
30722,0.000716,74.125.130.0-255,1484,34677,78,272343
30723,0.000719,172.31.40.0-255,66,34743,78,272343
30724,0.000731,74.125.130.0-255,1484,36227,78,272343
30725,0.000733,172.31.40.0-255,66,36293,78,272343
30726,0.00075,74.125.130.0-255,1484,37777,78,272343
30727,0.000752,172.31.40.0-255,66,37843,78,272343
30728,0.000757,74.125.130.0-255,2902,40745,78,272343
30729,0.000759,172.31.40.0-255,66,40811,78,272343
30730,0.000781,74.125.130.0-255,5738,46549,78,272343
30731,0.000784,172.31.40.0-255,66,46615,78,272343
30732,0.000788,74.125.130.0-255,2543,49158,78,272343
30733,0.00079,172.31.40.0-255,66,49224,78,272343
30734,0.000831,74.125.130.0-255,2902,52126,78,272343
30735,0.000834,172.31.40.0-255,66,52192,78,272343
30736,0.000846,74.125.130.0-255,1484,53676,78,272343
30737,0.000866,74.125.130.0-255,1484,55160,78,272343
30738,0.000868,172.31.40.0-255,66,55226,78,272343
30739,0.000885,74.125.130.0-255,1484,56710,78,272343
30740,0.000892,74.125.130.0-255,5738,62448,78,272343
30741,0.000894,172.31.40.0-255,66,62514,78,272343
30742,0.000938,74.125.130.0-255,1484,63998,78,272343
30743,0.000956,74.125.130.0-255,2797,66795,78,272343
30744,0.00096,172.31.40.0-255,66,66861,78,272343
30745,0.001017,74.125.130.0-255,116,66977,78,272343
30746,0.001182,172.31.40.0-255,66,67043,78,272343
30747,0.001255,74.125.130.0-255,1484,68527,78,272343
30748,0.001263,74.125.130.0-255,2902,71429,78,272343
30749,0.001266,172.31.40.0-255,66,71495,78,272343
30750,0.001289,74.125.130.0-255,5738,77233,78,272343
30751,0.001292,172.31.40.0-255,66,77299,78,272343
30752,0.001315,74.125.130.0-255,2902,80201,78,272343
30753,0.001317,172.31.40.0-255,66,80267,78,272343
30754,0.001333,74.125.130.0-255,1484,81751,78,272343
30755,0.001339,74.125.130.0-255,5738,87489,78,272343
30756,0.001341,172.31.40.0-255,66,87555,78,272343
30757,0.001347,74.125.130.0-255,5738,93293,78,272343
30758,0.001349,172.31.40.0-255,66,93359,78,272343
30759,0.001377,74.125.130.0-255,5738,99097,78,272343
30760,0.00138,172.31.40.0-255,66,99163,78,272343
30761,0.001384,74.125.130.0-255,2184,101347,78,272343
30762,0.001386,172.31.40.0-255,66,101413,78,272343
30763,0.001854,74.125.130.0-255,1484,102897,78,272343
30764,0.001862,74.125.130.0-255,2902,105799,78,272343
30765,0.001868,172.31.40.0-255,66,105865,78,272343
30766,0.001874,74.125.130.0-255,2902,108767,78,272343
30767,0.001876,172.31.40.0-255,66,108833,78,272343
30768,0.00189,74.125.130.0-255,2902,111735,78,272343
30769,0.001892,172.31.40.0-255,66,111801,78,272343
30770,0.001912,74.125.130.0-255,5738,117539,78,272343
30771,0.001915,172.31.40.0-255,66,117605,78,272343
30772,0.001942,74.125.130.0-255,7156,124761,78,272343
30773,0.001945,172.31.40.0-255,66,124827,78,272343
30774,0.001962,74.125.130.0-255,2902,127729,78,272343
30775,0.001964,172.31.40.0-255,66,127795,78,272343
30776,0.001997,172.31.40.0-255,66,127861,78,272343
30777,0.002032,74.125.130.0-255,1484,129345,78,272343
30778,0.002038,74.125.130.0-255,2902,132247,78,272343
30779,0.00204,172.31.40.0-255,66,132313,78,272343
30780,0.002063,74.125.130.0-255,5738,138051,78,272343
30781,0.002066,172.31.40.0-255,66,138117,78,272343
30782,0.00207,74.125.130.0-255,2902,141019,78,272343
30783,0.002073,172.31.40.0-255,66,141085,78,272343
30784,0.002078,74.125.130.0-255,4320,145405,78,272343
30785,0.00208,172.31.40.0-255,66,145471,78,272343
30786,0.002105,74.125.130.0-255,5738,151209,78,272343
30787,0.002108,172.31.40.0-255,66,151275,78,272343
30788,0.002129,74.125.130.0-255,2902,154177,78,272343
30789,0.002131,172.31.40.0-255,66,154243,78,272343
30790,0.002137,74.125.130.0-255,4320,158563,78,272343
30791,0.00214,172.31.40.0-255,66,158629,78,272343
30792,0.002166,74.125.130.0-255,3602,162231,78,272343
30793,0.002169,172.31.40.0-255,66,162297,78,272343
30794,0.004505,74.125.130.0-255,1484,163781,78,272343
30795,0.00453,74.125.130.0-255,1484,165265,78,272343
30796,0.004535,172.31.40.0-255,66,165331,78,272343
30797,0.004556,74.125.130.0-255,2902,168233,78,272343
30798,0.004558,172.31.40.0-255,66,168299,78,272343
30799,0.006894,74.125.130.0-255,2902,171201,78,272343
30800,0.006897,172.31.40.0-255,66,171267,78,272343
30801,0.006925,74.125.130.0-255,2902,174169,78,272343
30802,0.006928,172.31.40.0-255,66,174235,78,272343
30803,0.009271,74.125.130.0-255,2902,177137,78,272343
30804,0.009277,172.31.40.0-255,66,177203,78,272343
30805,0.0093,74.125.130.0-255,2902,180105,78,272343
30806,0.009303,172.31.40.0-255,66,180171,78,272343
30807,0.011661,74.125.130.0-255,2902,183073,78,272343
30808,0.011668,172.31.40.0-255,66,183139,78,272343
30809,0.011692,74.125.130.0-255,2902,186041,78,272343
30810,0.011695,172.31.40.0-255,66,186107,78,272343
30811,0.014055,74.125.130.0-255,5738,191845,78,272343
30812,0.014062,172.31.40.0-255,66,191911,78,272343
30813,0.016442,74.125.130.0-255,5738,197649,78,272343
30814,0.016449,172.31.40.0-255,66,197715,78,272343
30815,0.018835,74.125.130.0-255,5738,203453,78,272343
30816,0.018843,172.31.40.0-255,66,203519,78,272343
30817,0.021223,74.125.130.0-255,5738,209257,78,272343
30818,0.021231,172.31.40.0-255,66,209323,78,272343
30819,0.023623,74.125.130.0-255,5738,215061,78,272343
30820,0.02363,172.31.40.0-255,66,215127,78,272343
30821,0.026013,74.125.130.0-255,2902,218029,78,272343
30822,0.026026,172.31.40.0-255,66,218095,78,272343
30823,0.026051,74.125.130.0-255,2902,220997,78,272343
30824,0.026054,172.31.40.0-255,66,221063,78,272343
30825,0.02841,74.125.130.0-255,2902,223965,78,272343
30826,0.028418,172.31.40.0-255,66,224031,78,272343
30827,0.028441,74.125.130.0-255,2902,226933,78,272343
30828,0.028443,172.31.40.0-255,66,226999,78,272343
30829,0.030803,74.125.130.0-255,2902,229901,78,272343
30830,0.03081,172.31.40.0-255,66,229967,78,272343
30831,0.030832,74.125.130.0-255,2902,232869,78,272343
30832,0.030835,172.31.40.0-255,66,232935,78,272343
30833,0.03319,74.125.130.0-255,4320,237255,78,272343
30834,0.033198,172.31.40.0-255,66,237321,78,272343
30835,0.033216,74.125.130.0-255,1484,238805,78,272343
30836,0.035577,74.125.130.0-255,4320,243125,78,272343
30837,0.035585,172.31.40.0-255,66,243191,78,272343
30838,0.038,74.125.130.0-255,5738,248929,78,272343
30839,0.038018,172.31.40.0-255,66,248995,78,272343
30840,0.040424,74.125.130.0-255,5738,254733,78,272343
30841,0.040441,172.31.40.0-255,66,254799,78,272343
30842,0.042889,74.125.130.0-255,5738,260537,78,272343
30843,0.042907,172.31.40.0-255,66,260603,78,272343
30844,0.045314,74.125.130.0-255,5738,266341,78,272343
30845,0.045331,172.31.40.0-255,66,266407,78,272343
30846,0.047708,74.125.130.0-255,2902,269309,78,272343
30847,0.047716,172.31.40.0-255,66,269375,78,272343
30848,0.047738,74.125.130.0-255,2902,272277,78,272343
30849,0.047741,172.31.40.0-255,66,272343,78,272343
30850,0.0,74.125.24.0-255,146,146,78,257242
30851,1.4e-05,172.31.40.0-255,66,212,78,257242
30852,2.1e-05,74.125.24.0-255,1484,1696,78,257242
30853,2.5e-05,172.31.40.0-255,66,1762,78,257242
30854,3.1e-05,74.125.24.0-255,2902,4664,78,257242
30855,3.4e-05,172.31.40.0-255,66,4730,78,257242
30856,5.3e-05,74.125.24.0-255,4320,9050,78,257242
30857,5.6e-05,172.31.40.0-255,66,9116,78,257242
30858,8.8e-05,74.125.24.0-255,2902,12018,78,257242
30859,9e-05,172.31.40.0-255,66,12084,78,257242
30860,0.000108,172.31.40.0-255,66,12150,78,257242
30861,0.000129,74.125.24.0-255,2543,14693,78,257242
30862,0.000131,172.31.40.0-255,66,14759,78,257242
30863,0.000157,74.125.24.0-255,2902,17661,78,257242
30864,0.000159,172.31.40.0-255,66,17727,78,257242
30865,0.000162,74.125.24.0-255,1484,19211,78,257242
30866,0.000165,172.31.40.0-255,66,19277,78,257242
30867,0.000186,74.125.24.0-255,5738,25015,78,257242
30868,0.000188,172.31.40.0-255,66,25081,78,257242
30869,0.000196,74.125.24.0-255,5738,30819,78,257242
30870,0.000199,172.31.40.0-255,66,30885,78,257242
30871,0.000214,74.125.24.0-255,5738,36623,78,257242
30872,0.000217,172.31.40.0-255,66,36689,78,257242
30873,0.000221,74.125.24.0-255,2902,39591,78,257242
30874,0.000224,172.31.40.0-255,66,39657,78,257242
30875,0.000257,172.31.40.0-255,66,39723,78,257242
30876,0.000259,74.125.24.0-255,398,40121,78,257242
30877,0.000261,172.31.40.0-255,66,40187,78,257242
30878,0.000294,74.125.24.0-255,111,40298,78,257242
30879,0.000296,172.31.40.0-255,66,40364,78,257242
30880,0.000394,74.125.24.0-255,1484,41848,78,257242
30881,0.000399,74.125.24.0-255,1484,43332,78,257242
30882,0.000402,172.31.40.0-255,66,43398,78,257242
30883,0.000422,74.125.24.0-255,1484,44882,78,257242
30884,0.000429,74.125.24.0-255,5738,50620,78,257242
30885,0.000431,172.31.40.0-255,66,50686,78,257242
30886,0.000437,74.125.24.0-255,4320,55006,78,257242
30887,0.000439,172.31.40.0-255,66,55072,78,257242
30888,0.000446,74.125.24.0-255,7156,62228,78,257242
30889,0.000448,172.31.40.0-255,66,62294,78,257242
30890,0.000477,74.125.24.0-255,4320,66614,78,257242
30891,0.000479,172.31.40.0-255,66,66680,78,257242
30892,0.000482,74.125.24.0-255,1484,68164,78,257242
30893,0.000504,74.125.24.0-255,6703,74867,78,257242
30894,0.000507,172.31.40.0-255,66,74933,78,257242
30895,0.000635,74.125.24.0-255,1484,76417,78,257242
30896,0.000655,74.125.24.0-255,2902,79319,78,257242
30897,0.000659,172.31.40.0-255,66,79385,78,257242
30898,0.000666,74.125.24.0-255,5738,85123,78,257242
30899,0.000669,172.31.40.0-255,66,85189,78,257242
30900,0.000672,74.125.24.0-255,1484,86673,78,257242
30901,0.000692,74.125.24.0-255,1484,88157,78,257242
30902,0.000694,172.31.40.0-255,66,88223,78,257242
30903,0.000699,74.125.24.0-255,2902,91125,78,257242
30904,0.000701,172.31.40.0-255,66,91191,78,257242
30905,0.00072,74.125.24.0-255,7156,98347,78,257242
30906,0.000722,172.31.40.0-255,66,98413,78,257242
30907,0.000727,74.125.24.0-255,2902,101315,78,257242
30908,0.000729,172.31.40.0-255,66,101381,78,257242
30909,0.00076,172.31.40.0-255,66,101447,78,257242
30910,0.000809,74.125.24.0-255,1484,102931,78,257242
30911,0.000813,74.125.24.0-255,2902,105833,78,257242
30912,0.000816,172.31.40.0-255,66,105899,78,257242
30913,0.000839,74.125.24.0-255,5738,111637,78,257242
30914,0.000841,172.31.40.0-255,66,111703,78,257242
30915,0.000873,172.31.40.0-255,66,111769,78,257242
30916,0.000876,74.125.24.0-255,1484,113253,78,257242
30917,0.000901,172.31.40.0-255,66,113319,78,257242
30918,0.000938,74.125.24.0-255,1484,114803,78,257242
30919,0.00095,74.125.24.0-255,2902,117705,78,257242
30920,0.000952,172.31.40.0-255,66,117771,78,257242
30921,0.000955,74.125.24.0-255,1484,119255,78,257242
30922,0.000974,74.125.24.0-255,4320,123575,78,257242
30923,0.000976,172.31.40.0-255,66,123641,78,257242
30924,0.00098,74.125.24.0-255,2902,126543,78,257242
30925,0.000982,172.31.40.0-255,66,126609,78,257242
30926,0.001007,172.31.40.0-255,66,126675,78,257242
30927,0.001059,172.31.40.0-255,66,126741,78,257242
30928,0.001085,74.125.24.0-255,4320,131061,78,257242
30929,0.001088,172.31.40.0-255,66,131127,78,257242
30930,0.001107,74.125.24.0-255,7156,138283,78,257242
30931,0.001109,172.31.40.0-255,66,138349,78,257242
30932,0.00112,172.31.40.0-255,66,138415,78,257242
30933,0.001153,74.125.24.0-255,4320,142735,78,257242
30934,0.001156,172.31.40.0-255,66,142801,78,257242
30935,0.001197,74.125.24.0-255,7156,149957,78,257242
30936,0.001204,172.31.40.0-255,66,150023,78,257242
30937,0.001207,172.31.40.0-255,66,150089,78,257242
30938,0.001236,74.125.24.0-255,4320,154409,78,257242
30939,0.001239,172.31.40.0-255,66,154475,78,257242
30940,0.00127,172.31.40.0-255,66,154541,78,257242
30941,0.001272,74.125.24.0-255,1484,156025,78,257242
30942,0.001275,74.125.24.0-255,1484,157509,78,257242
30943,0.001277,172.31.40.0-255,66,157575,78,257242
30944,0.001288,74.125.24.0-255,1484,159059,78,257242
30945,0.001312,74.125.24.0-255,5738,164797,78,257242
30946,0.001315,172.31.40.0-255,66,164863,78,257242
30947,0.001325,172.31.40.0-255,66,164929,78,257242
30948,0.001338,74.125.24.0-255,4320,169249,78,257242
30949,0.00134,172.31.40.0-255,66,169315,78,257242
30950,0.001346,74.125.24.0-255,5738,175053,78,257242
30951,0.001348,172.31.40.0-255,66,175119,78,257242
30952,0.001361,74.125.24.0-255,5020,180139,78,257242
30953,0.001364,172.31.40.0-255,66,180205,78,257242
30954,0.001545,74.125.24.0-255,1484,181689,78,257242
30955,0.001549,74.125.24.0-255,1484,183173,78,257242
30956,0.001552,172.31.40.0-255,66,183239,78,257242
30957,0.001571,74.125.24.0-255,1484,184723,78,257242
30958,0.001577,74.125.24.0-255,5738,190461,78,257242
30959,0.00158,172.31.40.0-255,66,190527,78,257242
30960,0.001593,74.125.24.0-255,4320,194847,78,257242
30961,0.001595,172.31.40.0-255,66,194913,78,257242
30962,0.001609,74.125.24.0-255,2902,197815,78,257242
30963,0.001611,172.31.40.0-255,66,197881,78,257242
30964,0.001628,74.125.24.0-255,5738,203619,78,257242
30965,0.00163,172.31.40.0-255,66,203685,78,257242
30966,0.001634,74.125.24.0-255,2902,206587,78,257242
30967,0.001636,172.31.40.0-255,66,206653,78,257242
30968,0.001659,74.125.24.0-255,4320,210973,78,257242
30969,0.001662,172.31.40.0-255,66,211039,78,257242
30970,0.001666,74.125.24.0-255,3602,214641,78,257242
30971,0.001668,172.31.40.0-255,66,214707,78,257242
30972,0.001673,74.125.24.0-255,4320,219027,78,257242
30973,0.001674,172.31.40.0-255,66,219093,78,257242
30974,0.001698,74.125.24.0-255,2902,221995,78,257242
30975,0.0017,172.31.40.0-255,66,222061,78,257242
30976,0.00172,74.125.24.0-255,7156,229217,78,257242
30977,0.001723,172.31.40.0-255,66,229283,78,257242
30978,0.001729,74.125.24.0-255,7156,236439,78,257242
30979,0.001731,172.31.40.0-255,66,236505,78,257242
30980,0.001746,74.125.24.0-255,1484,237989,78,257242
30981,0.001782,74.125.24.0-255,2902,240891,78,257242
30982,0.001784,172.31.40.0-255,66,240957,78,257242
30983,0.001835,172.31.40.0-255,66,241023,78,257242
30984,0.001857,74.125.24.0-255,6438,247461,78,257242
30985,0.00186,172.31.40.0-255,66,247527,78,257242
30986,0.00187,172.31.40.0-255,66,247593,78,257242
30987,0.001875,74.125.24.0-255,4895,252488,78,257242
30988,0.001877,172.31.40.0-255,66,252554,78,257242
30989,0.00188,74.125.24.0-255,105,252659,78,257242
30990,0.013179,172.31.40.0-255,66,252725,78,257242
30991,0.013235,172.31.40.0-255,105,252830,78,257242
30992,0.015755,74.125.24.0-255,66,252896,78,257242
30993,0.031918,172.31.40.0-255,171,253067,78,257242
30994,0.031956,172.31.40.0-255,1127,254194,78,257242
30995,0.032025,172.31.40.0-255,1514,255708,78,257242
30996,0.032027,172.31.40.0-255,1162,256870,78,257242
30997,0.033493,104.244.42.0-255,66,256936,78,257242
30998,0.033525,104.244.42.0-255,66,257002,78,257242
30999,0.033574,104.244.42.0-255,66,257068,78,257242
31000,0.034189,104.244.42.0-255,108,257176,78,257242
31001,0.034195,172.31.40.0-255,66,257242,78,257242
31002,0.0,172.217.194.0-255,152,152,78,208861
31003,2.2e-05,172.31.40.0-255,66,218,78,208861
31004,2.9e-05,172.217.194.0-255,1484,1702,78,208861
31005,3.3e-05,172.31.40.0-255,66,1768,78,208861
31006,3.9e-05,172.217.194.0-255,2902,4670,78,208861
31007,4.1e-05,172.31.40.0-255,66,4736,78,208861
31008,4.9e-05,172.217.194.0-255,7156,11892,78,208861
31009,5.1e-05,172.31.40.0-255,66,11958,78,208861
31010,6.9e-05,172.217.194.0-255,2071,14029,78,208861
31011,7.1e-05,172.31.40.0-255,66,14095,78,208861
31012,0.000731,172.217.194.0-255,1484,15579,78,208861
31013,0.000738,172.31.40.0-255,66,15645,78,208861
31014,0.000763,172.217.194.0-255,2902,18547,78,208861
31015,0.000766,172.31.40.0-255,66,18613,78,208861
31016,0.000772,172.217.194.0-255,5738,24351,78,208861
31017,0.000774,172.31.40.0-255,66,24417,78,208861
31018,0.000782,172.217.194.0-255,7156,31573,78,208861
31019,0.000786,172.31.40.0-255,66,31639,78,208861
31020,0.000827,172.217.194.0-255,5379,37018,78,208861
31021,0.000829,172.31.40.0-255,66,37084,78,208861
31022,0.000843,172.31.40.0-255,66,37150,78,208861
31023,0.000858,172.31.40.0-255,66,37216,78,208861
31024,0.000861,172.217.194.0-255,346,37562,78,208861
31025,0.000863,172.31.40.0-255,66,37628,78,208861
31026,0.000968,172.217.194.0-255,397,38025,78,208861
31027,0.000972,172.31.40.0-255,66,38091,78,208861
31028,0.001042,172.217.194.0-255,1484,39575,78,208861
31029,0.001046,172.31.40.0-255,66,39641,78,208861
31030,0.001052,172.217.194.0-255,2902,42543,78,208861
31031,0.001054,172.31.40.0-255,66,42609,78,208861
31032,0.001059,172.217.194.0-255,2902,45511,78,208861
31033,0.001097,172.217.194.0-255,2902,48413,78,208861
31034,0.001106,172.217.194.0-255,7156,55569,78,208861
31035,0.001122,172.217.194.0-255,2184,57753,78,208861
31036,0.001273,172.217.194.0-255,1484,59237,78,208861
31037,0.001279,172.217.194.0-255,2902,62139,78,208861
31038,0.001349,172.217.194.0-255,5738,67877,78,208861
31039,0.001368,172.217.194.0-255,5738,73615,78,208861
31040,0.001382,172.217.194.0-255,5020,78635,78,208861
31041,0.001407,172.217.194.0-255,4320,82955,78,208861
31042,0.001418,172.217.194.0-255,1484,84439,78,208861
31043,0.001461,172.217.194.0-255,4320,88759,78,208861
31044,0.001476,172.217.194.0-255,5738,94497,78,208861
31045,0.0015,172.217.194.0-255,7156,101653,78,208861
31046,0.001503,172.217.194.0-255,766,102419,78,208861
31047,0.001533,172.217.194.0-255,2902,105321,78,208861
31048,0.001573,172.217.194.0-255,2902,108223,78,208861
31049,0.001587,172.217.194.0-255,4320,112543,78,208861
31050,0.001618,172.217.194.0-255,1484,114027,78,208861
31051,0.001722,172.217.194.0-255,4320,118347,78,208861
31052,0.00174,172.217.194.0-255,5020,123367,78,208861
31053,0.001794,172.217.194.0-255,1484,124851,78,208861
31054,0.001797,172.217.194.0-255,1484,126335,78,208861
31055,0.001821,172.217.194.0-255,1484,127819,78,208861
31056,0.001826,172.217.194.0-255,5738,133557,78,208861
31057,0.001841,172.217.194.0-255,5738,139295,78,208861
31058,0.001865,172.217.194.0-255,7156,146451,78,208861
31059,0.001888,172.217.194.0-255,1484,147935,78,208861
31060,0.00191,172.217.194.0-255,4320,152255,78,208861
31061,0.001952,172.217.194.0-255,2184,154439,78,208861
31062,0.001998,172.217.194.0-255,4320,158759,78,208861
31063,0.002093,172.217.194.0-255,1484,160243,78,208861
31064,0.002097,172.217.194.0-255,2902,163145,78,208861
31065,0.002116,172.217.194.0-255,5738,168883,78,208861
31066,0.002161,172.217.194.0-255,4320,173203,78,208861
31067,0.002185,172.217.194.0-255,6438,179641,78,208861
31068,0.00219,172.217.194.0-255,2902,182543,78,208861
31069,0.002207,172.217.194.0-255,7156,189699,78,208861
31070,0.002235,172.217.194.0-255,1484,191183,78,208861
31071,0.002239,172.217.194.0-255,2902,194085,78,208861
31072,0.002247,172.217.194.0-255,7156,201241,78,208861
31073,0.002334,172.217.194.0-255,2824,204065,78,208861
31074,0.002337,172.217.194.0-255,97,204162,78,208861
31075,0.003996,172.31.40.0-255,66,204228,78,208861
31076,0.006287,172.217.194.0-255,105,204333,78,208861
31077,0.006756,172.31.40.0-255,66,204399,78,208861
31078,0.006788,172.31.40.0-255,105,204504,78,208861
31079,0.009066,172.217.194.0-255,66,204570,78,208861
31080,0.026911,172.31.40.0-255,172,204742,78,208861
31081,0.026942,172.31.40.0-255,1108,205850,78,208861
31082,0.027002,172.31.40.0-255,1514,207364,78,208861
31083,0.027005,172.31.40.0-255,1299,208663,78,208861
31084,0.028469,104.244.42.0-255,66,208729,78,208861
31085,0.028522,104.244.42.0-255,66,208795,78,208861
31086,0.028573,104.244.42.0-255,66,208861,78,208861
31087,0.0,74.125.24.0-255,153,153,78,267274
31088,2.3e-05,172.31.40.0-255,66,219,78,267274
31089,3e-05,74.125.24.0-255,1484,1703,78,267274
31090,3.5e-05,172.31.40.0-255,66,1769,78,267274
31091,4.8e-05,74.125.24.0-255,2902,4671,78,267274
31092,5.1e-05,172.31.40.0-255,66,4737,78,267274
31093,6e-05,74.125.24.0-255,7156,11893,78,267274
31094,6.4e-05,172.31.40.0-255,66,11959,78,267274
31095,8.1e-05,172.31.40.0-255,66,12025,78,267274
31096,0.00011,74.125.24.0-255,2543,14568,78,267274
31097,0.000113,172.31.40.0-255,66,14634,78,267274
31098,0.00042,74.125.24.0-255,1484,16118,78,267274
31099,0.000426,172.31.40.0-255,66,16184,78,267274
31100,0.000431,74.125.24.0-255,1484,17668,78,267274
31101,0.000433,172.31.40.0-255,66,17734,78,267274
31102,0.000456,74.125.24.0-255,1484,19218,78,267274
31103,0.00046,172.31.40.0-255,66,19284,78,267274
31104,0.000467,74.125.24.0-255,5738,25022,78,267274
31105,0.000469,172.31.40.0-255,66,25088,78,267274
31106,0.000474,74.125.24.0-255,4320,29408,78,267274
31107,0.000477,172.31.40.0-255,66,29474,78,267274
31108,0.000506,74.125.24.0-255,2543,32017,78,267274
31109,0.000509,172.31.40.0-255,66,32083,78,267274
31110,0.000557,74.125.24.0-255,2902,34985,78,267274
31111,0.00056,172.31.40.0-255,66,35051,78,267274
31112,0.000564,74.125.24.0-255,1484,36535,78,267274
31113,0.000566,172.31.40.0-255,66,36601,78,267274
31114,0.000594,74.125.24.0-255,2902,39503,78,267274
31115,0.000596,172.31.40.0-255,66,39569,78,267274
31116,0.000613,172.31.40.0-255,66,39635,78,267274
31117,0.000617,74.125.24.0-255,1707,41342,78,267274
31118,0.000619,172.31.40.0-255,66,41408,78,267274
31119,0.000693,74.125.24.0-255,1484,42892,78,267274
31120,0.0007,74.125.24.0-255,2902,45794,78,267274
31121,0.000703,172.31.40.0-255,66,45860,78,267274
31122,0.000725,74.125.24.0-255,5738,51598,78,267274
31123,0.000728,172.31.40.0-255,66,51664,78,267274
31124,0.000795,172.31.40.0-255,66,51730,78,267274
31125,0.000805,74.125.24.0-255,1125,52855,78,267274
31126,0.000822,172.31.40.0-255,66,52921,78,267274
31127,0.001094,74.125.24.0-255,1484,54405,78,267274
31128,0.001099,74.125.24.0-255,1484,55889,78,267274
31129,0.001102,172.31.40.0-255,66,55955,78,267274
31130,0.001112,74.125.24.0-255,1484,57439,78,267274
31131,0.001122,74.125.24.0-255,5738,63177,78,267274
31132,0.001125,172.31.40.0-255,66,63243,78,267274
31133,0.001158,172.31.40.0-255,66,63309,78,267274
31134,0.0012,172.31.40.0-255,66,63375,78,267274
31135,0.001236,74.125.24.0-255,1484,64859,78,267274
31136,0.001257,74.125.24.0-255,2902,67761,78,267274
31137,0.00126,172.31.40.0-255,66,67827,78,267274
31138,0.001266,74.125.24.0-255,5738,73565,78,267274
31139,0.001269,172.31.40.0-255,66,73631,78,267274
31140,0.001275,74.125.24.0-255,5738,79369,78,267274
31141,0.001278,172.31.40.0-255,66,79435,78,267274
31142,0.001309,74.125.24.0-255,1484,80919,78,267274
31143,0.001325,172.31.40.0-255,66,80985,78,267274
31144,0.001329,74.125.24.0-255,2184,83169,78,267274
31145,0.001332,172.31.40.0-255,66,83235,78,267274
31146,0.00149,74.125.24.0-255,1484,84719,78,267274
31147,0.001493,74.125.24.0-255,1484,86203,78,267274
31148,0.001498,172.31.40.0-255,66,86269,78,267274
31149,0.001525,74.125.24.0-255,1484,87753,78,267274
31150,0.001532,74.125.24.0-255,5738,93491,78,267274
31151,0.001535,172.31.40.0-255,66,93557,78,267274
31152,0.00154,74.125.24.0-255,4320,97877,78,267274
31153,0.001543,172.31.40.0-255,66,97943,78,267274
31154,0.001555,172.31.40.0-255,66,98009,78,267274
31155,0.001588,172.31.40.0-255,66,98075,78,267274
31156,0.001622,172.31.40.0-255,66,98141,78,267274
31157,0.001633,172.31.40.0-255,66,98207,78,267274
31158,0.001637,74.125.24.0-255,2902,101109,78,267274
31159,0.001639,172.31.40.0-255,66,101175,78,267274
31160,0.001672,74.125.24.0-255,7156,108331,78,267274
31161,0.001675,172.31.40.0-255,66,108397,78,267274
31162,0.001682,74.125.24.0-255,5738,114135,78,267274
31163,0.001684,172.31.40.0-255,66,114201,78,267274
31164,0.001712,74.125.24.0-255,766,114967,78,267274
31165,0.001973,74.125.24.0-255,1484,116451,78,267274
31166,0.001978,172.31.40.0-255,66,116517,78,267274
31167,0.001983,74.125.24.0-255,2902,119419,78,267274
31168,0.001986,172.31.40.0-255,66,119485,78,267274
31169,0.002012,74.125.24.0-255,5738,125223,78,267274
31170,0.002015,172.31.40.0-255,66,125289,78,267274
31171,0.002021,74.125.24.0-255,4320,129609,78,267274
31172,0.002023,172.31.40.0-255,66,129675,78,267274
31173,0.004035,74.125.24.0-255,2902,132577,78,267274
31174,0.004042,172.31.40.0-255,66,132643,78,267274
31175,0.004072,74.125.24.0-255,2902,135545,78,267274
31176,0.004074,172.31.40.0-255,66,135611,78,267274
31177,0.006058,74.125.24.0-255,5738,141349,78,267274
31178,0.006075,172.31.40.0-255,66,141415,78,267274
31179,0.008105,74.125.24.0-255,5738,147153,78,267274
31180,0.008115,172.31.40.0-255,66,147219,78,267274
31181,0.010167,74.125.24.0-255,5738,152957,78,267274
31182,0.010181,172.31.40.0-255,66,153023,78,267274
31183,0.012188,74.125.24.0-255,5738,158761,78,267274
31184,0.012197,172.31.40.0-255,66,158827,78,267274
31185,0.014187,74.125.24.0-255,5738,164565,78,267274
31186,0.014191,172.31.40.0-255,66,164631,78,267274
31187,0.016202,74.125.24.0-255,5738,170369,78,267274
31188,0.016212,172.31.40.0-255,66,170435,78,267274
31189,0.018241,74.125.24.0-255,5738,176173,78,267274
31190,0.018253,172.31.40.0-255,66,176239,78,267274
31191,0.020264,74.125.24.0-255,5738,181977,78,267274
31192,0.020277,172.31.40.0-255,66,182043,78,267274
31193,0.022273,74.125.24.0-255,5738,187781,78,267274
31194,0.022282,172.31.40.0-255,66,187847,78,267274
31195,0.024293,74.125.24.0-255,5738,193585,78,267274
31196,0.0243,172.31.40.0-255,66,193651,78,267274
31197,0.026319,74.125.24.0-255,5738,199389,78,267274
31198,0.026334,172.31.40.0-255,66,199455,78,267274
31199,0.028415,74.125.24.0-255,5738,205193,78,267274
31200,0.028424,172.31.40.0-255,66,205259,78,267274
31201,0.030441,74.125.24.0-255,5738,210997,78,267274
31202,0.030448,172.31.40.0-255,66,211063,78,267274
31203,0.032444,74.125.24.0-255,5738,216801,78,267274
31204,0.032451,172.31.40.0-255,66,216867,78,267274
31205,0.034496,74.125.24.0-255,5738,222605,78,267274
31206,0.034513,172.31.40.0-255,66,222671,78,267274
31207,0.036506,74.125.24.0-255,5738,228409,78,267274
31208,0.036514,172.31.40.0-255,66,228475,78,267274
31209,0.038518,74.125.24.0-255,5738,234213,78,267274
31210,0.038526,172.31.40.0-255,66,234279,78,267274
31211,0.040548,74.125.24.0-255,5738,240017,78,267274
31212,0.040567,172.31.40.0-255,66,240083,78,267274
31213,0.042565,74.125.24.0-255,5738,245821,78,267274
31214,0.042575,172.31.40.0-255,66,245887,78,267274
31215,0.044576,74.125.24.0-255,5738,251625,78,267274
31216,0.044594,172.31.40.0-255,66,251691,78,267274
31217,0.046609,74.125.24.0-255,5738,257429,78,267274
31218,0.046617,172.31.40.0-255,66,257495,78,267274
31219,0.04861,74.125.24.0-255,5738,263233,78,267274
31220,0.048616,172.31.40.0-255,66,263299,78,267274
31221,0.049212,172.31.40.0-255,172,263471,78,267274
31222,0.049244,172.31.40.0-255,1104,264575,78,267274
31223,0.049311,172.31.40.0-255,1514,266089,78,267274
31224,0.049313,172.31.40.0-255,1185,267274,78,267274
31225,0.0,172.31.40.0-255,105,105,78,276
31226,0.001884,157.240.24.0-255,105,210,78,276
31227,0.001896,172.31.40.0-255,66,276,78,276
31228,0.0,216.58.203.0-255,146,146,78,266541
31229,2.2e-05,172.31.40.0-255,66,212,78,266541
31230,3e-05,216.58.203.0-255,1484,1696,78,266541
31231,3.5e-05,172.31.40.0-255,66,1762,78,266541
31232,4.1e-05,216.58.203.0-255,2902,4664,78,266541
31233,4.5e-05,172.31.40.0-255,66,4730,78,266541
31234,5.2e-05,216.58.203.0-255,7156,11886,78,266541
31235,5.5e-05,172.31.40.0-255,66,11952,78,266541
31236,6e-05,216.58.203.0-255,2038,13990,78,266541
31237,6.3e-05,172.31.40.0-255,66,14056,78,266541
31238,0.000333,216.58.203.0-255,1484,15540,78,266541
31239,0.000339,172.31.40.0-255,66,15606,78,266541
31240,0.000345,216.58.203.0-255,2902,18508,78,266541
31241,0.000348,172.31.40.0-255,66,18574,78,266541
31242,0.000351,216.58.203.0-255,1484,20058,78,266541
31243,0.000353,172.31.40.0-255,66,20124,78,266541
31244,0.000374,216.58.203.0-255,2902,23026,78,266541
31245,0.000377,172.31.40.0-255,66,23092,78,266541
31246,0.000384,216.58.203.0-255,5738,28830,78,266541
31247,0.000386,172.31.40.0-255,66,28896,78,266541
31248,0.000425,216.58.203.0-255,2543,31439,78,266541
31249,0.000429,172.31.40.0-255,66,31505,78,266541
31250,0.000528,216.58.203.0-255,1484,32989,78,266541
31251,0.000532,172.31.40.0-255,66,33055,78,266541
31252,0.000537,216.58.203.0-255,2902,35957,78,266541
31253,0.000539,172.31.40.0-255,66,36023,78,266541
31254,0.000553,216.58.203.0-255,2902,38925,78,266541
31255,0.000555,172.31.40.0-255,66,38991,78,266541
31256,0.000574,216.58.203.0-255,2902,41893,78,266541
31257,0.000577,172.31.40.0-255,66,41959,78,266541
31258,0.000582,216.58.203.0-255,4320,46279,78,266541
31259,0.000585,172.31.40.0-255,66,46345,78,266541
31260,0.000613,216.58.203.0-255,2543,48888,78,266541
31261,0.000616,172.31.40.0-255,66,48954,78,266541
31262,0.000689,216.58.203.0-255,1484,50438,78,266541
31263,0.000693,172.31.40.0-255,66,50504,78,266541
31264,0.000699,216.58.203.0-255,2902,53406,78,266541
31265,0.0007,172.31.40.0-255,66,53472,78,266541
31266,0.000716,216.58.203.0-255,2902,56374,78,266541
31267,0.000718,172.31.40.0-255,66,56440,78,266541
31268,0.000721,216.58.203.0-255,1484,57924,78,266541
31269,0.000723,172.31.40.0-255,66,57990,78,266541
31270,0.000738,216.58.203.0-255,2902,60892,78,266541
31271,0.00074,172.31.40.0-255,66,60958,78,266541
31272,0.000777,216.58.203.0-255,5704,66662,78,266541
31273,0.00078,172.31.40.0-255,66,66728,78,266541
31274,0.000913,216.58.203.0-255,119,66847,78,266541
31275,0.000917,172.31.40.0-255,66,66913,78,266541
31276,0.001092,216.58.203.0-255,1484,68397,78,266541
31277,0.001096,172.31.40.0-255,66,68463,78,266541
31278,0.001102,216.58.203.0-255,2902,71365,78,266541
31279,0.001104,172.31.40.0-255,66,71431,78,266541
31280,0.001107,216.58.203.0-255,1484,72915,78,266541
31281,0.001109,172.31.40.0-255,66,72981,78,266541
31282,0.001132,216.58.203.0-255,4320,77301,78,266541
31283,0.001134,172.31.40.0-255,66,77367,78,266541
31284,0.001139,216.58.203.0-255,2902,80269,78,266541
31285,0.001141,172.31.40.0-255,66,80335,78,266541
31286,0.001169,216.58.203.0-255,3961,84296,78,266541
31287,0.001172,172.31.40.0-255,66,84362,78,266541
31288,0.001183,172.31.40.0-255,66,84428,78,266541
31289,0.001197,216.58.203.0-255,1484,85912,78,266541
31290,0.001199,172.31.40.0-255,66,85978,78,266541
31291,0.001218,216.58.203.0-255,1484,87462,78,266541
31292,0.00122,172.31.40.0-255,66,87528,78,266541
31293,0.001242,216.58.203.0-255,5379,92907,78,266541
31294,0.001245,172.31.40.0-255,66,92973,78,266541
31295,0.00288,216.58.203.0-255,5738,98711,78,266541
31296,0.002886,172.31.40.0-255,66,98777,78,266541
31297,0.00452,216.58.203.0-255,4320,103097,78,266541
31298,0.004524,172.31.40.0-255,66,103163,78,266541
31299,0.004536,216.58.203.0-255,1484,104647,78,266541
31300,0.004538,172.31.40.0-255,66,104713,78,266541
31301,0.00615,216.58.203.0-255,4320,109033,78,266541
31302,0.006153,172.31.40.0-255,66,109099,78,266541
31303,0.006156,216.58.203.0-255,1484,110583,78,266541
31304,0.006157,172.31.40.0-255,66,110649,78,266541
31305,0.007786,216.58.203.0-255,5738,116387,78,266541
31306,0.007792,172.31.40.0-255,66,116453,78,266541
31307,0.009425,216.58.203.0-255,5738,122191,78,266541
31308,0.009431,172.31.40.0-255,66,122257,78,266541
31309,0.011064,216.58.203.0-255,5738,127995,78,266541
31310,0.011071,172.31.40.0-255,66,128061,78,266541
31311,0.012732,216.58.203.0-255,5738,133799,78,266541
31312,0.012738,172.31.40.0-255,66,133865,78,266541
31313,0.014378,216.58.203.0-255,5738,139603,78,266541
31314,0.014387,172.31.40.0-255,66,139669,78,266541
31315,0.016022,216.58.203.0-255,5738,145407,78,266541
31316,0.016029,172.31.40.0-255,66,145473,78,266541
31317,0.017667,216.58.203.0-255,5738,151211,78,266541
31318,0.017673,172.31.40.0-255,66,151277,78,266541
31319,0.019314,216.58.203.0-255,5738,157015,78,266541
31320,0.019324,172.31.40.0-255,66,157081,78,266541
31321,0.020964,216.58.203.0-255,5738,162819,78,266541
31322,0.020971,172.31.40.0-255,66,162885,78,266541
31323,0.022614,216.58.203.0-255,5738,168623,78,266541
31324,0.022624,172.31.40.0-255,66,168689,78,266541
31325,0.024265,216.58.203.0-255,5738,174427,78,266541
31326,0.024273,172.31.40.0-255,66,174493,78,266541
31327,0.025908,216.58.203.0-255,5738,180231,78,266541
31328,0.025915,172.31.40.0-255,66,180297,78,266541
31329,0.027546,216.58.203.0-255,2902,183199,78,266541
31330,0.027552,172.31.40.0-255,66,183265,78,266541
31331,0.027574,216.58.203.0-255,2902,186167,78,266541
31332,0.027577,172.31.40.0-255,66,186233,78,266541
31333,0.027774,172.31.40.0-255,167,186400,78,266541
31334,0.027807,172.31.40.0-255,1108,187508,78,266541
31335,0.027864,172.31.40.0-255,1514,189022,78,266541
31336,0.027866,172.31.40.0-255,1299,190321,78,266541
31337,0.029183,216.58.203.0-255,2902,193223,78,266541
31338,0.02919,172.31.40.0-255,66,193289,78,266541
31339,0.029213,216.58.203.0-255,2902,196191,78,266541
31340,0.029216,172.31.40.0-255,66,196257,78,266541
31341,0.029331,104.244.42.0-255,66,196323,78,266541
31342,0.029373,104.244.42.0-255,66,196389,78,266541
31343,0.029424,104.244.42.0-255,66,196455,78,266541
31344,0.030602,104.244.42.0-255,108,196563,78,266541
31345,0.030612,172.31.40.0-255,66,196629,78,266541
31346,0.030818,216.58.203.0-255,2902,199531,78,266541
31347,0.030824,172.31.40.0-255,66,199597,78,266541
31348,0.030847,216.58.203.0-255,2902,202499,78,266541
31349,0.03085,172.31.40.0-255,66,202565,78,266541
31350,0.032461,216.58.203.0-255,2902,205467,78,266541
31351,0.032469,172.31.40.0-255,66,205533,78,266541
31352,0.032494,216.58.203.0-255,2902,208435,78,266541
31353,0.032497,172.31.40.0-255,66,208501,78,266541
31354,0.034131,216.58.203.0-255,5738,214239,78,266541
31355,0.03414,172.31.40.0-255,66,214305,78,266541
31356,0.03578,216.58.203.0-255,5738,220043,78,266541
31357,0.035788,172.31.40.0-255,66,220109,78,266541
31358,0.037424,216.58.203.0-255,5738,225847,78,266541
31359,0.037432,172.31.40.0-255,66,225913,78,266541
31360,0.039085,216.58.203.0-255,5738,231651,78,266541
31361,0.039092,172.31.40.0-255,66,231717,78,266541
31362,0.040744,216.58.203.0-255,5738,237455,78,266541
31363,0.040752,172.31.40.0-255,66,237521,78,266541
31364,0.042401,216.58.203.0-255,5738,243259,78,266541
31365,0.042408,172.31.40.0-255,66,243325,78,266541
31366,0.044048,216.58.203.0-255,5738,249063,78,266541
31367,0.044057,172.31.40.0-255,66,249129,78,266541
31368,0.045691,216.58.203.0-255,5738,254867,78,266541
31369,0.045699,172.31.40.0-255,66,254933,78,266541
31370,0.047325,216.58.203.0-255,5738,260671,78,266541
31371,0.047333,172.31.40.0-255,66,260737,78,266541
31372,0.048959,216.58.203.0-255,5738,266475,78,266541
31373,0.048966,172.31.40.0-255,66,266541,78,266541
31374,0.0,74.125.24.0-255,154,154,78,175735
31375,1.6e-05,172.31.40.0-255,66,220,78,175735
31376,2.2e-05,74.125.24.0-255,1484,1704,78,175735
31377,2.7e-05,172.31.40.0-255,66,1770,78,175735
31378,3.2e-05,74.125.24.0-255,2902,4672,78,175735
31379,4.2e-05,172.31.40.0-255,66,4738,78,175735
31380,4.7e-05,74.125.24.0-255,4320,9058,78,175735
31381,5.1e-05,172.31.40.0-255,66,9124,78,175735
31382,6.8e-05,74.125.24.0-255,2902,12026,78,175735
31383,7.5e-05,172.31.40.0-255,66,12092,78,175735
31384,8.3e-05,74.125.24.0-255,7156,19248,78,175735
31385,8.6e-05,172.31.40.0-255,66,19314,78,175735
31386,0.000115,74.125.24.0-255,6272,25586,78,175735
31387,0.000129,172.31.40.0-255,66,25652,78,175735
31388,0.000136,74.125.24.0-255,5379,31031,78,175735
31389,0.000139,172.31.40.0-255,66,31097,78,175735
31390,0.000229,74.125.24.0-255,1484,32581,78,175735
31391,0.000233,172.31.40.0-255,66,32647,78,175735
31392,0.000238,74.125.24.0-255,2902,35549,78,175735
31393,0.000241,172.31.40.0-255,66,35615,78,175735
31394,0.000275,74.125.24.0-255,5738,41353,78,175735
31395,0.000278,172.31.40.0-255,66,41419,78,175735
31396,0.000305,74.125.24.0-255,6797,48216,78,175735
31397,0.000308,172.31.40.0-255,66,48282,78,175735
31398,0.000335,74.125.24.0-255,5738,54020,78,175735
31399,0.000338,172.31.40.0-255,66,54086,78,175735
31400,0.000358,74.125.24.0-255,5738,59824,78,175735
31401,0.000361,172.31.40.0-255,66,59890,78,175735
31402,0.000387,74.125.24.0-255,5653,65543,78,175735
31403,0.00039,172.31.40.0-255,66,65609,78,175735
31404,0.000457,74.125.24.0-255,130,65739,78,175735
31405,0.00046,172.31.40.0-255,66,65805,78,175735
31406,0.000612,74.125.24.0-255,1484,67289,78,175735
31407,0.00062,74.125.24.0-255,2902,70191,78,175735
31408,0.000623,172.31.40.0-255,66,70257,78,175735
31409,0.000628,74.125.24.0-255,2902,73159,78,175735
31410,0.00063,172.31.40.0-255,66,73225,78,175735
31411,0.000654,74.125.24.0-255,2902,76127,78,175735
31412,0.000657,172.31.40.0-255,66,76193,78,175735
31413,0.000671,172.31.40.0-255,66,76259,78,175735
31414,0.000707,172.31.40.0-255,66,76325,78,175735
31415,0.001225,74.125.24.0-255,1484,77809,78,175735
31416,0.00123,74.125.24.0-255,1484,79293,78,175735
31417,0.001234,172.31.40.0-255,66,79359,78,175735
31418,0.001248,74.125.24.0-255,1484,80843,78,175735
31419,0.001258,74.125.24.0-255,5738,86581,78,175735
31420,0.00126,172.31.40.0-255,66,86647,78,175735
31421,0.001292,74.125.24.0-255,7156,93803,78,175735
31422,0.001295,172.31.40.0-255,66,93869,78,175735
31423,0.001324,74.125.24.0-255,5738,99607,78,175735
31424,0.001327,172.31.40.0-255,66,99673,78,175735
31425,0.00134,172.31.40.0-255,66,99739,78,175735
31426,0.001343,74.125.24.0-255,1484,101223,78,175735
31427,0.001347,74.125.24.0-255,2902,104125,78,175735
31428,0.001349,172.31.40.0-255,66,104191,78,175735
31429,0.001352,74.125.24.0-255,1484,105675,78,175735
31430,0.001381,74.125.24.0-255,4320,109995,78,175735
31431,0.001384,172.31.40.0-255,66,110061,78,175735
31432,0.001397,172.31.40.0-255,66,110127,78,175735
31433,0.001405,74.125.24.0-255,7156,117283,78,175735
31434,0.001407,172.31.40.0-255,66,117349,78,175735
31435,0.001466,74.125.24.0-255,3602,120951,78,175735
31436,0.001469,172.31.40.0-255,66,121017,78,175735
31437,0.00153,74.125.24.0-255,1484,122501,78,175735
31438,0.001536,74.125.24.0-255,2902,125403,78,175735
31439,0.00154,172.31.40.0-255,66,125469,78,175735
31440,0.001572,74.125.24.0-255,5738,131207,78,175735
31441,0.001576,172.31.40.0-255,66,131273,78,175735
31442,0.001589,172.31.40.0-255,66,131339,78,175735
31443,0.001592,74.125.24.0-255,1484,132823,78,175735
31444,0.001637,172.31.40.0-255,66,132889,78,175735
31445,0.001776,74.125.24.0-255,1484,134373,78,175735
31446,0.001782,74.125.24.0-255,2902,137275,78,175735
31447,0.001785,172.31.40.0-255,66,137341,78,175735
31448,0.001788,74.125.24.0-255,1484,138825,78,175735
31449,0.001818,74.125.24.0-255,4320,143145,78,175735
31450,0.00182,172.31.40.0-255,66,143211,78,175735
31451,0.001851,172.31.40.0-255,66,143277,78,175735
31452,0.001865,74.125.24.0-255,4320,147597,78,175735
31453,0.001867,172.31.40.0-255,66,147663,78,175735
31454,0.001884,172.31.40.0-255,66,147729,78,175735
31455,0.001908,74.125.24.0-255,1484,149213,78,175735
31456,0.001934,74.125.24.0-255,2902,152115,78,175735
31457,0.001936,172.31.40.0-255,66,152181,78,175735
31458,0.001943,74.125.24.0-255,5738,157919,78,175735
31459,0.001946,172.31.40.0-255,66,157985,78,175735
31460,0.002001,172.31.40.0-255,66,158051,78,175735
31461,0.002009,74.125.24.0-255,7156,165207,78,175735
31462,0.002011,172.31.40.0-255,66,165273,78,175735
31463,0.002074,172.31.40.0-255,66,165339,78,175735
31464,0.002089,172.31.40.0-255,66,165405,78,175735
31465,0.002125,172.31.40.0-255,66,165471,78,175735
31466,0.002131,74.125.24.0-255,4320,169791,78,175735
31467,0.002134,172.31.40.0-255,66,169857,78,175735
31468,0.002184,172.31.40.0-255,66,169923,78,175735
31469,0.002206,172.31.40.0-255,66,169989,78,175735
31470,0.002216,172.31.40.0-255,66,170055,78,175735
31471,0.002302,172.31.40.0-255,66,170121,78,175735
31472,0.002305,74.125.24.0-255,105,170226,78,175735
31473,0.010298,172.31.40.0-255,66,170292,78,175735
31474,0.010342,172.31.40.0-255,105,170397,78,175735
31475,0.012665,74.125.24.0-255,66,170463,78,175735
31476,0.031166,172.31.40.0-255,172,170635,78,175735
31477,0.0312,172.31.40.0-255,1108,171743,78,175735
31478,0.031261,172.31.40.0-255,1514,173257,78,175735
31479,0.031263,172.31.40.0-255,1514,174771,78,175735
31480,0.031289,172.31.40.0-255,700,175471,78,175735
31481,0.032731,104.244.42.0-255,66,175537,78,175735
31482,0.032775,104.244.42.0-255,66,175603,78,175735
31483,0.032811,104.244.42.0-255,66,175669,78,175735
31484,0.032815,104.244.42.0-255,66,175735,78,175735
31485,0.0,172.217.194.0-255,155,155,78,269588
31486,2.2e-05,172.31.40.0-255,66,221,78,269588
31487,3e-05,172.217.194.0-255,1484,1705,78,269588
31488,3.5e-05,172.31.40.0-255,66,1771,78,269588
31489,4e-05,172.217.194.0-255,2902,4673,78,269588
31490,4.4e-05,172.31.40.0-255,66,4739,78,269588
31491,5.1e-05,172.217.194.0-255,5738,10477,78,269588
31492,5.4e-05,172.31.40.0-255,66,10543,78,269588
31493,6.1e-05,172.217.194.0-255,6345,16888,78,269588
31494,6.4e-05,172.31.40.0-255,66,16954,78,269588
31495,9.2e-05,172.217.194.0-255,7156,24110,78,269588
31496,9.6e-05,172.31.40.0-255,66,24176,78,269588
31497,0.00012,172.217.194.0-255,6797,30973,78,269588
31498,0.000122,172.31.40.0-255,66,31039,78,269588
31499,0.000282,172.217.194.0-255,1484,32523,78,269588
31500,0.000287,172.31.40.0-255,66,32589,78,269588
31501,0.000293,172.217.194.0-255,2902,35491,78,269588
31502,0.000295,172.31.40.0-255,66,35557,78,269588
31503,0.000301,172.217.194.0-255,2902,38459,78,269588
31504,0.000302,172.31.40.0-255,66,38525,78,269588
31505,0.000327,172.217.194.0-255,2902,41427,78,269588
31506,0.00033,172.31.40.0-255,66,41493,78,269588
31507,0.000349,172.217.194.0-255,4320,45813,78,269588
31508,0.000351,172.31.40.0-255,66,45879,78,269588
31509,0.000386,172.31.40.0-255,66,45945,78,269588
31510,0.000397,172.31.40.0-255,66,46011,78,269588
31511,0.000449,172.217.194.0-255,1445,47456,78,269588
31512,0.000452,172.31.40.0-255,66,47522,78,269588
31513,0.000567,172.217.194.0-255,1484,49006,78,269588
31514,0.000572,172.31.40.0-255,66,49072,78,269588
31515,0.000577,172.217.194.0-255,2902,51974,78,269588
31516,0.000579,172.31.40.0-255,66,52040,78,269588
31517,0.00062,172.217.194.0-255,5738,57778,78,269588
31518,0.000624,172.31.40.0-255,66,57844,78,269588
31519,0.000627,172.217.194.0-255,1484,59328,78,269588
31520,0.000649,172.217.194.0-255,5379,64707,78,269588
31521,0.000652,172.31.40.0-255,66,64773,78,269588
31522,0.000669,172.217.194.0-255,2902,67675,78,269588
31523,0.000672,172.31.40.0-255,66,67741,78,269588
31524,0.000707,172.31.40.0-255,66,67807,78,269588
31525,0.000711,172.217.194.0-255,2821,70628,78,269588
31526,0.000714,172.31.40.0-255,66,70694,78,269588
31527,0.000889,172.217.194.0-255,1484,72178,78,269588
31528,0.00091,172.217.194.0-255,2902,75080,78,269588
31529,0.000914,172.31.40.0-255,66,75146,78,269588
31530,0.000921,172.217.194.0-255,5738,80884,78,269588
31531,0.000924,172.31.40.0-255,66,80950,78,269588
31532,0.000927,172.217.194.0-255,1484,82434,78,269588
31533,0.000929,172.217.194.0-255,1484,83918,78,269588
31534,0.000931,172.31.40.0-255,66,83984,78,269588
31535,0.000962,172.217.194.0-255,7156,91140,78,269588
31536,0.000965,172.31.40.0-255,66,91206,78,269588
31537,0.000982,172.217.194.0-255,4320,95526,78,269588
31538,0.000986,172.31.40.0-255,66,95592,78,269588
31539,0.001018,172.31.40.0-255,66,95658,78,269588
31540,0.001192,172.217.194.0-255,1484,97142,78,269588
31541,0.001213,172.217.194.0-255,2902,100044,78,269588
31542,0.001217,172.31.40.0-255,66,100110,78,269588
31543,0.001255,172.217.194.0-255,4320,104430,78,269588
31544,0.001258,172.31.40.0-255,66,104496,78,269588
31545,0.001284,172.217.194.0-255,1484,105980,78,269588
31546,0.001291,172.217.194.0-255,5738,111718,78,269588
31547,0.001294,172.31.40.0-255,66,111784,78,269588
31548,0.00132,172.31.40.0-255,66,111850,78,269588
31549,0.001326,172.217.194.0-255,5020,116870,78,269588
31550,0.001328,172.31.40.0-255,66,116936,78,269588
31551,0.001435,172.217.194.0-255,1484,118420,78,269588
31552,0.001441,172.217.194.0-255,2902,121322,78,269588
31553,0.001444,172.31.40.0-255,66,121388,78,269588
31554,0.001462,172.217.194.0-255,5738,127126,78,269588
31555,0.001465,172.31.40.0-255,66,127192,78,269588
31556,0.001494,172.31.40.0-255,66,127258,78,269588
31557,0.00152,172.217.194.0-255,2902,130160,78,269588
31558,0.001523,172.31.40.0-255,66,130226,78,269588
31559,0.001536,172.31.40.0-255,66,130292,78,269588
31560,0.00352,172.217.194.0-255,5738,136030,78,269588
31561,0.003527,172.31.40.0-255,66,136096,78,269588
31562,0.005513,172.217.194.0-255,5738,141834,78,269588
31563,0.005517,172.31.40.0-255,66,141900,78,269588
31564,0.007518,172.217.194.0-255,5738,147638,78,269588
31565,0.00753,172.31.40.0-255,66,147704,78,269588
31566,0.009514,172.217.194.0-255,5738,153442,78,269588
31567,0.009521,172.31.40.0-255,66,153508,78,269588
31568,0.011497,172.217.194.0-255,5738,159246,78,269588
31569,0.011507,172.31.40.0-255,66,159312,78,269588
31570,0.013482,172.217.194.0-255,5738,165050,78,269588
31571,0.01349,172.31.40.0-255,66,165116,78,269588
31572,0.015477,172.217.194.0-255,5738,170854,78,269588
31573,0.015484,172.31.40.0-255,66,170920,78,269588
31574,0.017517,172.217.194.0-255,5738,176658,78,269588
31575,0.017525,172.31.40.0-255,66,176724,78,269588
31576,0.019562,172.217.194.0-255,5738,182462,78,269588
31577,0.01957,172.31.40.0-255,66,182528,78,269588
31578,0.0216,172.217.194.0-255,5738,188266,78,269588
31579,0.021618,172.31.40.0-255,66,188332,78,269588
31580,0.023659,172.217.194.0-255,5738,194070,78,269588
31581,0.023672,172.31.40.0-255,66,194136,78,269588
31582,0.025671,172.217.194.0-255,5738,199874,78,269588
31583,0.025684,172.31.40.0-255,66,199940,78,269588
31584,0.027677,172.217.194.0-255,5738,205678,78,269588
31585,0.027693,172.31.40.0-255,66,205744,78,269588
31586,0.029718,172.217.194.0-255,5738,211482,78,269588
31587,0.029731,172.31.40.0-255,66,211548,78,269588
31588,0.031725,172.217.194.0-255,5738,217286,78,269588
31589,0.031733,172.31.40.0-255,66,217352,78,269588
31590,0.03373,172.217.194.0-255,5738,223090,78,269588
31591,0.033743,172.31.40.0-255,66,223156,78,269588
31592,0.035754,172.217.194.0-255,5738,228894,78,269588
31593,0.035768,172.31.40.0-255,66,228960,78,269588
31594,0.037749,172.217.194.0-255,5738,234698,78,269588
31595,0.037757,172.31.40.0-255,66,234764,78,269588
31596,0.039779,172.217.194.0-255,5738,240502,78,269588
31597,0.039786,172.31.40.0-255,66,240568,78,269588
31598,0.041793,172.217.194.0-255,5738,246306,78,269588
31599,0.041804,172.31.40.0-255,66,246372,78,269588
31600,0.043809,172.217.194.0-255,5738,252110,78,269588
31601,0.04382,172.31.40.0-255,66,252176,78,269588
31602,0.045824,172.217.194.0-255,5738,257914,78,269588
31603,0.045833,172.31.40.0-255,66,257980,78,269588
31604,0.047835,172.217.194.0-255,5738,263718,78,269588
31605,0.04785,172.31.40.0-255,66,263784,78,269588
31606,0.049837,172.217.194.0-255,5738,269522,78,269588
31607,0.049845,172.31.40.0-255,66,269588,78,269588
31608,0.0,172.253.118.0-255,152,152,78,259851
31609,2.3e-05,172.31.40.0-255,66,218,78,259851
31610,3.1e-05,172.253.118.0-255,1484,1702,78,259851
31611,3.5e-05,172.31.40.0-255,66,1768,78,259851
31612,4.1e-05,172.253.118.0-255,2902,4670,78,259851
31613,5.2e-05,172.31.40.0-255,66,4736,78,259851
31614,5.9e-05,172.253.118.0-255,5738,10474,78,259851
31615,6.3e-05,172.31.40.0-255,66,10540,78,259851
31616,0.000103,172.31.40.0-255,66,10606,78,259851
31617,0.000109,172.253.118.0-255,4320,14926,78,259851
31618,0.000111,172.31.40.0-255,66,14992,78,259851
31619,0.000139,172.253.118.0-255,5738,20730,78,259851
31620,0.000143,172.31.40.0-255,66,20796,78,259851
31621,0.000146,172.253.118.0-255,1125,21921,78,259851
31622,0.000148,172.31.40.0-255,66,21987,78,259851
31623,0.000201,172.253.118.0-255,1484,23471,78,259851
31624,0.000203,172.31.40.0-255,66,23537,78,259851
31625,0.000208,172.253.118.0-255,2902,26439,78,259851
31626,0.00021,172.31.40.0-255,66,26505,78,259851
31627,0.000216,172.253.118.0-255,4320,30825,78,259851
31628,0.000218,172.31.40.0-255,66,30891,78,259851
31629,0.000243,172.253.118.0-255,1484,32375,78,259851
31630,0.000246,172.31.40.0-255,66,32441,78,259851
31631,0.00028,172.31.40.0-255,66,32507,78,259851
31632,0.000309,172.253.118.0-255,2543,35050,78,259851
31633,0.000312,172.31.40.0-255,66,35116,78,259851
31634,0.000317,172.253.118.0-255,4320,39436,78,259851
31635,0.000319,172.31.40.0-255,66,39502,78,259851
31636,0.000325,172.253.118.0-255,5379,44881,78,259851
31637,0.000328,172.31.40.0-255,66,44947,78,259851
31638,0.000351,172.253.118.0-255,400,45347,78,259851
31639,0.000384,172.253.118.0-255,343,45690,78,259851
31640,0.000731,172.253.118.0-255,1484,47174,78,259851
31641,0.000737,172.31.40.0-255,66,47240,78,259851
31642,0.000743,172.253.118.0-255,2902,50142,78,259851
31643,0.000746,172.31.40.0-255,66,50208,78,259851
31644,0.000772,172.253.118.0-255,5738,55946,78,259851
31645,0.000775,172.31.40.0-255,66,56012,78,259851
31646,0.000779,172.253.118.0-255,2902,58914,78,259851
31647,0.000781,172.31.40.0-255,66,58980,78,259851
31648,0.000827,172.31.40.0-255,66,59046,78,259851
31649,0.000831,172.253.118.0-255,2902,61948,78,259851
31650,0.000834,172.31.40.0-255,66,62014,78,259851
31651,0.00087,172.253.118.0-255,5738,67752,78,259851
31652,0.000872,172.31.40.0-255,66,67818,78,259851
31653,0.000885,172.253.118.0-255,2184,70002,78,259851
31654,0.000892,172.31.40.0-255,66,70068,78,259851
31655,0.000991,172.253.118.0-255,1484,71552,78,259851
31656,0.001012,172.253.118.0-255,2902,74454,78,259851
31657,0.001014,172.31.40.0-255,66,74520,78,259851
31658,0.00104,172.253.118.0-255,5738,80258,78,259851
31659,0.001042,172.31.40.0-255,66,80324,78,259851
31660,0.001073,172.253.118.0-255,1484,81808,78,259851
31661,0.001088,172.253.118.0-255,4320,86128,78,259851
31662,0.00109,172.31.40.0-255,66,86194,78,259851
31663,0.001122,172.31.40.0-255,66,86260,78,259851
31664,0.001134,172.31.40.0-255,66,86326,78,259851
31665,0.001158,172.253.118.0-255,4320,90646,78,259851
31666,0.00116,172.31.40.0-255,66,90712,78,259851
31667,0.001167,172.253.118.0-255,5738,96450,78,259851
31668,0.001169,172.31.40.0-255,66,96516,78,259851
31669,0.0012,172.253.118.0-255,6438,102954,78,259851
31670,0.001202,172.31.40.0-255,66,103020,78,259851
31671,0.001273,172.253.118.0-255,1484,104504,78,259851
31672,0.001288,172.253.118.0-255,2902,107406,78,259851
31673,0.001291,172.31.40.0-255,66,107472,78,259851
31674,0.001311,172.253.118.0-255,5738,113210,78,259851
31675,0.001314,172.31.40.0-255,66,113276,78,259851
31676,0.001343,172.31.40.0-255,66,113342,78,259851
31677,0.001371,172.253.118.0-255,1484,114826,78,259851
31678,0.001378,172.253.118.0-255,5738,120564,78,259851
31679,0.00138,172.31.40.0-255,66,120630,78,259851
31680,0.001386,172.253.118.0-255,5020,125650,78,259851
31681,0.001388,172.31.40.0-255,66,125716,78,259851
31682,0.001474,172.253.118.0-255,1484,127200,78,259851
31683,0.001487,172.253.118.0-255,2902,130102,78,259851
31684,0.00149,172.31.40.0-255,66,130168,78,259851
31685,0.001493,172.253.118.0-255,1484,131652,78,259851
31686,0.001523,172.253.118.0-255,4320,135972,78,259851
31687,0.001526,172.31.40.0-255,66,136038,78,259851
31688,0.001537,172.31.40.0-255,66,136104,78,259851
31689,0.001571,172.253.118.0-255,2902,139006,78,259851
31690,0.001573,172.31.40.0-255,66,139072,78,259851
31691,0.001579,172.253.118.0-255,5738,144810,78,259851
31692,0.001582,172.31.40.0-255,66,144876,78,259851
31693,0.001585,172.253.118.0-255,1484,146360,78,259851
31694,0.001606,172.253.118.0-255,3602,149962,78,259851
31695,0.001609,172.31.40.0-255,66,150028,78,259851
31696,0.001732,172.253.118.0-255,1484,151512,78,259851
31697,0.00175,172.253.118.0-255,2902,154414,78,259851
31698,0.001753,172.31.40.0-255,66,154480,78,259851
31699,0.001759,172.253.118.0-255,5738,160218,78,259851
31700,0.001762,172.31.40.0-255,66,160284,78,259851
31701,0.00181,172.253.118.0-255,4320,164604,78,259851
31702,0.001812,172.31.40.0-255,66,164670,78,259851
31703,0.001845,172.31.40.0-255,66,164736,78,259851
31704,0.001857,172.31.40.0-255,66,164802,78,259851
31705,0.00186,172.253.118.0-255,1484,166286,78,259851
31706,0.001865,172.253.118.0-255,2902,169188,78,259851
31707,0.001867,172.31.40.0-255,66,169254,78,259851
31708,0.00187,172.253.118.0-255,1484,170738,78,259851
31709,0.001905,172.253.118.0-255,4320,175058,78,259851
31710,0.001907,172.31.40.0-255,66,175124,78,259851
31711,0.001912,172.253.118.0-255,4320,179444,78,259851
31712,0.001914,172.31.40.0-255,66,179510,78,259851
31713,0.001925,172.31.40.0-255,66,179576,78,259851
31714,0.001956,172.253.118.0-255,2902,182478,78,259851
31715,0.001958,172.31.40.0-255,66,182544,78,259851
31716,0.001963,172.253.118.0-255,4320,186864,78,259851
31717,0.001966,172.31.40.0-255,66,186930,78,259851
31718,0.002001,172.31.40.0-255,66,186996,78,259851
31719,0.002016,172.31.40.0-255,66,187062,78,259851
31720,0.002037,172.31.40.0-255,66,187128,78,259851
31721,0.002082,172.253.118.0-255,1484,188612,78,259851
31722,0.002101,172.253.118.0-255,2902,191514,78,259851
31723,0.002103,172.31.40.0-255,66,191580,78,259851
31724,0.002129,172.253.118.0-255,5738,197318,78,259851
31725,0.002132,172.31.40.0-255,66,197384,78,259851
31726,0.002167,172.31.40.0-255,66,197450,78,259851
31727,0.002195,172.253.118.0-255,2902,200352,78,259851
31728,0.002197,172.31.40.0-255,66,200418,78,259851
31729,0.002203,172.253.118.0-255,5738,206156,78,259851
31730,0.002206,172.31.40.0-255,66,206222,78,259851
31731,0.002216,172.253.118.0-255,5020,211242,78,259851
31732,0.002218,172.31.40.0-255,66,211308,78,259851
31733,0.002558,172.253.118.0-255,1484,212792,78,259851
31734,0.004728,172.253.118.0-255,4320,217112,78,259851
31735,0.004747,172.31.40.0-255,66,217178,78,259851
31736,0.007283,172.253.118.0-255,5738,222916,78,259851
31737,0.007291,172.31.40.0-255,66,222982,78,259851
31738,0.00981,172.253.118.0-255,5738,228720,78,259851
31739,0.009817,172.31.40.0-255,66,228786,78,259851
31740,0.012317,172.253.118.0-255,5738,234524,78,259851
31741,0.012321,172.31.40.0-255,66,234590,78,259851
31742,0.014839,172.253.118.0-255,5738,240328,78,259851
31743,0.014846,172.31.40.0-255,66,240394,78,259851
31744,0.017391,172.253.118.0-255,5738,246132,78,259851
31745,0.01741,172.31.40.0-255,66,246198,78,259851
31746,0.01996,172.253.118.0-255,5738,251936,78,259851
31747,0.019977,172.31.40.0-255,66,252002,78,259851
31748,0.02251,172.253.118.0-255,2340,254342,78,259851
31749,0.022515,172.31.40.0-255,66,254408,78,259851
31750,0.022723,172.31.40.0-255,105,254513,78,259851
31751,0.025228,172.253.118.0-255,66,254579,78,259851
31752,0.048105,172.31.40.0-255,172,254751,78,259851
31753,0.048143,172.31.40.0-255,1108,255859,78,259851
31754,0.048211,172.31.40.0-255,1514,257373,78,259851
31755,0.048212,172.31.40.0-255,1514,258887,78,259851
31756,0.048244,172.31.40.0-255,700,259587,78,259851
31757,0.049662,104.244.42.0-255,66,259653,78,259851
31758,0.049705,104.244.42.0-255,66,259719,78,259851
31759,0.049759,104.244.42.0-255,66,259785,78,259851
31760,0.049852,104.244.42.0-255,66,259851,78,259851
31761,0.0,172.217.194.0-255,153,153,78,197862
31762,2.4e-05,172.31.40.0-255,66,219,78,197862
31763,3.1e-05,172.217.194.0-255,1484,1703,78,197862
31764,3.7e-05,172.31.40.0-255,66,1769,78,197862
31765,5.2e-05,172.217.194.0-255,2902,4671,78,197862
31766,5.6e-05,172.31.40.0-255,66,4737,78,197862
31767,6.4e-05,172.217.194.0-255,7156,11893,78,197862
31768,6.7e-05,172.31.40.0-255,66,11959,78,197862
31769,7.7e-05,172.31.40.0-255,66,12025,78,197862
31770,0.000104,172.217.194.0-255,1484,13509,78,197862
31771,0.000106,172.31.40.0-255,66,13575,78,197862
31772,0.000139,172.31.40.0-255,66,13641,78,197862
31773,0.000142,172.217.194.0-255,1484,15125,78,197862
31774,0.000144,172.31.40.0-255,66,15191,78,197862
31775,0.000149,172.217.194.0-255,2902,18093,78,197862
31776,0.000151,172.31.40.0-255,66,18159,78,197862
31777,0.000194,172.217.194.0-255,5738,23897,78,197862
31778,0.000198,172.31.40.0-255,66,23963,78,197862
31779,0.000238,172.31.40.0-255,66,24029,78,197862
31780,0.000248,172.31.40.0-255,66,24095,78,197862
31781,0.000255,172.217.194.0-255,380,24475,78,197862
31782,0.000257,172.31.40.0-255,66,24541,78,197862
31783,0.000299,172.217.194.0-255,365,24906,78,197862
31784,0.000302,172.31.40.0-255,66,24972,78,197862
31785,0.000645,172.217.194.0-255,1484,26456,78,197862
31786,0.00065,172.31.40.0-255,66,26522,78,197862
31787,0.000657,172.217.194.0-255,2902,29424,78,197862
31788,0.00066,172.31.40.0-255,66,29490,78,197862
31789,0.000671,172.217.194.0-255,5738,35228,78,197862
31790,0.000674,172.31.40.0-255,66,35294,78,197862
31791,0.000679,172.217.194.0-255,5738,41032,78,197862
31792,0.000682,172.31.40.0-255,66,41098,78,197862
31793,0.000708,172.217.194.0-255,574,41672,78,197862
31794,0.000733,172.217.194.0-255,1484,43156,78,197862
31795,0.000736,172.31.40.0-255,66,43222,78,197862
31796,0.000766,172.217.194.0-255,4320,47542,78,197862
31797,0.000769,172.31.40.0-255,66,47608,78,197862
31798,0.000805,172.31.40.0-255,66,47674,78,197862
31799,0.000815,172.31.40.0-255,66,47740,78,197862
31800,0.000854,172.31.40.0-255,66,47806,78,197862
31801,0.001179,172.217.194.0-255,1484,49290,78,197862
31802,0.001186,172.217.194.0-255,2902,52192,78,197862
31803,0.001192,172.31.40.0-255,66,52258,78,197862
31804,0.001222,172.217.194.0-255,5738,57996,78,197862
31805,0.001225,172.31.40.0-255,66,58062,78,197862
31806,0.001233,172.217.194.0-255,5738,63800,78,197862
31807,0.001235,172.31.40.0-255,66,63866,78,197862
31808,0.001276,172.217.194.0-255,7156,71022,78,197862
31809,0.001279,172.31.40.0-255,66,71088,78,197862
31810,0.001297,172.31.40.0-255,66,71154,78,197862
31811,0.001779,172.217.194.0-255,1484,72638,78,197862
31812,0.001785,172.217.194.0-255,2902,75540,78,197862
31813,0.001789,172.31.40.0-255,66,75606,78,197862
31814,0.001794,172.217.194.0-255,1484,77090,78,197862
31815,0.001825,172.217.194.0-255,4320,81410,78,197862
31816,0.001827,172.31.40.0-255,66,81476,78,197862
31817,0.001846,172.31.40.0-255,66,81542,78,197862
31818,0.001898,172.31.40.0-255,66,81608,78,197862
31819,0.002065,172.217.194.0-255,1484,83092,78,197862
31820,0.002071,172.217.194.0-255,2902,85994,78,197862
31821,0.002074,172.31.40.0-255,66,86060,78,197862
31822,0.002081,172.217.194.0-255,5738,91798,78,197862
31823,0.002083,172.31.40.0-255,66,91864,78,197862
31824,0.002117,172.31.40.0-255,66,91930,78,197862
31825,0.002183,172.31.40.0-255,66,91996,78,197862
31826,0.00221,172.31.40.0-255,66,92062,78,197862
31827,0.002221,172.31.40.0-255,66,92128,78,197862
31828,0.002272,172.31.40.0-255,66,92194,78,197862
31829,0.002289,172.31.40.0-255,66,92260,78,197862
31830,0.002294,172.217.194.0-255,2902,95162,78,197862
31831,0.002296,172.31.40.0-255,66,95228,78,197862
31832,0.002341,172.31.40.0-255,66,95294,78,197862
31833,0.002352,172.31.40.0-255,66,95360,78,197862
31834,0.004665,172.217.194.0-255,5738,101098,78,197862
31835,0.004684,172.31.40.0-255,66,101164,78,197862
31836,0.006997,172.217.194.0-255,5738,106902,78,197862
31837,0.007015,172.31.40.0-255,66,106968,78,197862
31838,0.00931,172.217.194.0-255,5738,112706,78,197862
31839,0.009325,172.31.40.0-255,66,112772,78,197862
31840,0.011626,172.217.194.0-255,5738,118510,78,197862
31841,0.011635,172.31.40.0-255,66,118576,78,197862
31842,0.013935,172.217.194.0-255,5738,124314,78,197862
31843,0.013943,172.31.40.0-255,66,124380,78,197862
31844,0.016238,172.217.194.0-255,5738,130118,78,197862
31845,0.016246,172.31.40.0-255,66,130184,78,197862
31846,0.018542,172.217.194.0-255,5738,135922,78,197862
31847,0.018548,172.31.40.0-255,66,135988,78,197862
31848,0.020835,172.217.194.0-255,5738,141726,78,197862
31849,0.020843,172.31.40.0-255,66,141792,78,197862
31850,0.023133,172.217.194.0-255,5738,147530,78,197862
31851,0.023141,172.31.40.0-255,66,147596,78,197862
31852,0.025445,172.217.194.0-255,5738,153334,78,197862
31853,0.025451,172.31.40.0-255,66,153400,78,197862
31854,0.027751,172.217.194.0-255,5738,159138,78,197862
31855,0.027759,172.31.40.0-255,66,159204,78,197862
31856,0.030062,172.217.194.0-255,5738,164942,78,197862
31857,0.030073,172.31.40.0-255,66,165008,78,197862
31858,0.032372,172.217.194.0-255,5738,170746,78,197862
31859,0.032378,172.31.40.0-255,66,170812,78,197862
31860,0.034674,172.217.194.0-255,5738,176550,78,197862
31861,0.034682,172.31.40.0-255,66,176616,78,197862
31862,0.037001,172.217.194.0-255,5738,182354,78,197862
31863,0.037012,172.31.40.0-255,66,182420,78,197862
31864,0.039307,172.217.194.0-255,5738,188158,78,197862
31865,0.039315,172.31.40.0-255,66,188224,78,197862
31866,0.041688,172.217.194.0-255,5738,193962,78,197862
31867,0.041696,172.31.40.0-255,66,194028,78,197862
31868,0.044011,172.217.194.0-255,3597,197625,78,197862
31869,0.04403,172.31.40.0-255,66,197691,78,197862
31870,0.04497,172.31.40.0-255,105,197796,78,197862
31871,0.047221,172.217.194.0-255,66,197862,78,197862
31872,0.0,172.217.194.0-255,153,153,78,295174
31873,1.3e-05,172.31.40.0-255,66,219,78,295174
31874,2e-05,172.217.194.0-255,1484,1703,78,295174
31875,2.4e-05,172.31.40.0-255,66,1769,78,295174
31876,2.8e-05,172.217.194.0-255,2902,4671,78,295174
31877,3.2e-05,172.31.40.0-255,66,4737,78,295174
31878,3.6e-05,172.217.194.0-255,2902,7639,78,295174
31879,3.9e-05,172.31.40.0-255,66,7705,78,295174
31880,6.5e-05,172.217.194.0-255,4320,12025,78,295174
31881,6.7e-05,172.31.40.0-255,66,12091,78,295174
31882,7.1e-05,172.217.194.0-255,1968,14059,78,295174
31883,7.3e-05,172.31.40.0-255,66,14125,78,295174
31884,7.6e-05,172.217.194.0-255,1484,15609,78,295174
31885,7.7e-05,172.31.40.0-255,66,15675,78,295174
31886,0.000109,172.31.40.0-255,66,15741,78,295174
31887,0.000114,172.217.194.0-255,5379,21120,78,295174
31888,0.000116,172.31.40.0-255,66,21186,78,295174
31889,0.000201,172.217.194.0-255,1484,22670,78,295174
31890,0.000205,172.31.40.0-255,66,22736,78,295174
31891,0.000211,172.217.194.0-255,2902,25638,78,295174
31892,0.000223,172.31.40.0-255,66,25704,78,295174
31893,0.000229,172.217.194.0-255,5738,31442,78,295174
31894,0.000232,172.31.40.0-255,66,31508,78,295174
31895,0.000257,172.217.194.0-255,4320,35828,78,295174
31896,0.00026,172.31.40.0-255,66,35894,78,295174
31897,0.000279,172.217.194.0-255,2543,38437,78,295174
31898,0.000282,172.31.40.0-255,66,38503,78,295174
31899,0.000522,172.217.194.0-255,1484,39987,78,295174
31900,0.000527,172.31.40.0-255,66,40053,78,295174
31901,0.000533,172.217.194.0-255,2902,42955,78,295174
31902,0.000535,172.31.40.0-255,66,43021,78,295174
31903,0.000567,172.217.194.0-255,5738,48759,78,295174
31904,0.00057,172.31.40.0-255,66,48825,78,295174
31905,0.000576,172.217.194.0-255,4320,53145,78,295174
31906,0.000578,172.31.40.0-255,66,53211,78,295174
31907,0.000593,172.217.194.0-255,2543,55754,78,295174
31908,0.000596,172.31.40.0-255,66,55820,78,295174
31909,0.000633,172.217.194.0-255,4320,60140,78,295174
31910,0.000636,172.31.40.0-255,66,60206,78,295174
31911,0.000658,172.217.194.0-255,5738,65944,78,295174
31912,0.000662,172.31.40.0-255,66,66010,78,295174
31913,0.000669,172.217.194.0-255,6797,72807,78,295174
31914,0.000672,172.31.40.0-255,66,72873,78,295174
31915,0.000728,172.217.194.0-255,1484,74357,78,295174
31916,0.000747,172.217.194.0-255,2902,77259,78,295174
31917,0.000751,172.31.40.0-255,66,77325,78,295174
31918,0.000771,172.217.194.0-255,5738,83063,78,295174
31919,0.000774,172.31.40.0-255,66,83129,78,295174
31920,0.00078,172.217.194.0-255,4320,87449,78,295174
31921,0.000782,172.31.40.0-255,66,87515,78,295174
31922,0.000827,172.217.194.0-255,1484,88999,78,295174
31923,0.000858,172.31.40.0-255,66,89065,78,295174
31924,0.000893,172.31.40.0-255,66,89131,78,295174
31925,0.000902,172.31.40.0-255,101,89232,78,295174
31926,0.000957,172.31.40.0-255,66,89298,78,295174
31927,0.000976,172.217.194.0-255,5787,95085,78,295174
31928,0.000979,172.31.40.0-255,66,95151,78,295174
31929,0.000982,172.217.194.0-255,1484,96635,78,295174
31930,0.001033,172.31.40.0-255,66,96701,78,295174
31931,0.001088,172.217.194.0-255,1484,98185,78,295174
31932,0.001094,172.217.194.0-255,2902,101087,78,295174
31933,0.001097,172.31.40.0-255,66,101153,78,295174
31934,0.0011,172.217.194.0-255,1484,102637,78,295174
31935,0.001119,172.217.194.0-255,4320,106957,78,295174
31936,0.001123,172.31.40.0-255,66,107023,78,295174
31937,0.001131,172.217.194.0-255,6797,113820,78,295174
31938,0.001133,172.31.40.0-255,66,113886,78,295174
31939,0.001172,172.217.194.0-255,5738,119624,78,295174
31940,0.001176,172.31.40.0-255,66,119690,78,295174
31941,0.001196,172.217.194.0-255,1484,121174,78,295174
31942,0.001205,172.217.194.0-255,7156,128330,78,295174
31943,0.001208,172.31.40.0-255,66,128396,78,295174
31944,0.001211,172.217.194.0-255,1484,129880,78,295174
31945,0.001231,172.217.194.0-255,6797,136677,78,295174
31946,0.001237,172.217.194.0-255,7156,143833,78,295174
31947,0.001242,172.31.40.0-255,66,143899,78,295174
31948,0.001249,172.31.40.0-255,66,143965,78,295174
31949,0.001252,172.217.194.0-255,1484,145449,78,295174
31950,0.001274,172.217.194.0-255,2543,147992,78,295174
31951,0.001276,172.31.40.0-255,66,148058,78,295174
31952,0.00133,172.217.194.0-255,2902,150960,78,295174
31953,0.001335,172.31.40.0-255,66,151026,78,295174
31954,0.001354,172.217.194.0-255,4320,155346,78,295174
31955,0.001359,172.217.194.0-255,4320,159666,78,295174
31956,0.001363,172.31.40.0-255,66,159732,78,295174
31957,0.001366,172.31.40.0-255,66,159798,78,295174
31958,0.00138,172.217.194.0-255,4320,164118,78,295174
31959,0.001384,172.31.40.0-255,66,164184,78,295174
31960,0.001388,172.217.194.0-255,2543,166727,78,295174
31961,0.001391,172.31.40.0-255,66,166793,78,295174
31962,0.001395,172.217.194.0-255,2902,169695,78,295174
31963,0.001397,172.31.40.0-255,66,169761,78,295174
31964,0.001428,172.217.194.0-255,7156,176917,78,295174
31965,0.001432,172.31.40.0-255,66,176983,78,295174
31966,0.001455,172.217.194.0-255,5379,182362,78,295174
31967,0.001459,172.31.40.0-255,66,182428,78,295174
31968,0.001465,172.217.194.0-255,5738,188166,78,295174
31969,0.001467,172.31.40.0-255,66,188232,78,295174
31970,0.0015,172.217.194.0-255,5738,193970,78,295174
31971,0.001504,172.31.40.0-255,66,194036,78,295174
31972,0.001526,172.217.194.0-255,5379,199415,78,295174
31973,0.001531,172.31.40.0-255,66,199481,78,295174
31974,0.001555,172.217.194.0-255,2902,202383,78,295174
31975,0.001557,172.31.40.0-255,66,202449,78,295174
31976,0.00158,172.217.194.0-255,2902,205351,78,295174
31977,0.001582,172.31.40.0-255,66,205417,78,295174
31978,0.001589,172.217.194.0-255,7156,212573,78,295174
31979,0.001591,172.31.40.0-255,66,212639,78,295174
31980,0.001614,172.217.194.0-255,3961,216600,78,295174
31981,0.001617,172.31.40.0-255,66,216666,78,295174
31982,0.001646,172.217.194.0-255,1484,218150,78,295174
31983,0.00165,172.217.194.0-255,2902,221052,78,295174
31984,0.001652,172.31.40.0-255,66,221118,78,295174
31985,0.001665,172.217.194.0-255,2902,224020,78,295174
31986,0.001667,172.31.40.0-255,66,224086,78,295174
31987,0.001681,172.217.194.0-255,2902,226988,78,295174
31988,0.001683,172.31.40.0-255,66,227054,78,295174
31989,0.001698,172.217.194.0-255,4320,231374,78,295174
31990,0.0017,172.31.40.0-255,66,231440,78,295174
31991,0.00173,172.217.194.0-255,7156,238596,78,295174
31992,0.001734,172.31.40.0-255,66,238662,78,295174
31993,0.001745,172.31.40.0-255,66,238728,78,295174
31994,0.00175,172.217.194.0-255,4320,243048,78,295174
31995,0.001752,172.31.40.0-255,66,243114,78,295174
31996,0.001773,172.217.194.0-255,7156,250270,78,295174
31997,0.001776,172.31.40.0-255,66,250336,78,295174
31998,0.001833,172.31.40.0-255,66,250402,78,295174
31999,0.001844,172.31.40.0-255,66,250468,78,295174
32000,0.001848,172.217.194.0-255,3961,254429,78,295174
32001,0.00185,172.31.40.0-255,66,254495,78,295174
32002,0.001855,172.217.194.0-255,4320,258815,78,295174
32003,0.001857,172.31.40.0-255,66,258881,78,295174
32004,0.001859,172.217.194.0-255,1484,260365,78,295174
32005,0.001885,172.31.40.0-255,66,260431,78,295174
32006,0.001888,172.217.194.0-255,1125,261556,78,295174
32007,0.001913,172.217.194.0-255,1484,263040,78,295174
32008,0.001915,172.31.40.0-255,66,263106,78,295174
32009,0.001933,172.217.194.0-255,4320,267426,78,295174
32010,0.001936,172.31.40.0-255,66,267492,78,295174
32011,0.001939,172.217.194.0-255,1484,268976,78,295174
32012,0.00196,172.217.194.0-255,4320,273296,78,295174
32013,0.001963,172.31.40.0-255,66,273362,78,295174
32014,0.00197,172.217.194.0-255,7156,280518,78,295174
32015,0.001972,172.31.40.0-255,66,280584,78,295174
32016,0.001988,172.217.194.0-255,4320,284904,78,295174
32017,0.001991,172.31.40.0-255,66,284970,78,295174
32018,0.001995,172.217.194.0-255,2902,287872,78,295174
32019,0.001996,172.31.40.0-255,66,287938,78,295174
32020,0.002027,172.31.40.0-255,66,288004,78,295174
32021,0.002043,172.217.194.0-255,1484,289488,78,295174
32022,0.002066,172.217.194.0-255,105,289593,78,295174
32023,0.00207,172.31.40.0-255,66,289659,78,295174
32024,0.003201,172.217.194.0-255,66,289725,78,295174
32025,0.012754,172.31.40.0-255,105,289830,78,295174
32026,0.015071,172.217.194.0-255,66,289896,78,295174
32027,0.04791,172.31.40.0-255,176,290072,78,295174
32028,0.047943,172.31.40.0-255,1107,291179,78,295174
32029,0.048008,172.31.40.0-255,1514,292693,78,295174
32030,0.04801,172.31.40.0-255,1514,294207,78,295174
32031,0.048034,172.31.40.0-255,703,294910,78,295174
32032,0.049443,104.244.42.0-255,66,294976,78,295174
32033,0.0495,104.244.42.0-255,66,295042,78,295174
32034,0.049548,104.244.42.0-255,66,295108,78,295174
32035,0.049552,104.244.42.0-255,66,295174,78,295174
32036,0.0,74.125.24.0-255,146,146,78,212429
32037,2.3e-05,172.31.40.0-255,66,212,78,212429
32038,3.1e-05,74.125.24.0-255,1484,1696,78,212429
32039,3.5e-05,172.31.40.0-255,66,1762,78,212429
32040,4.1e-05,74.125.24.0-255,2902,4664,78,212429
32041,4.5e-05,172.31.40.0-255,66,4730,78,212429
32042,5.3e-05,74.125.24.0-255,7156,11886,78,212429
32043,5.5e-05,172.31.40.0-255,66,11952,78,212429
32044,6e-05,74.125.24.0-255,2135,14087,78,212429
32045,6.3e-05,172.31.40.0-255,66,14153,78,212429
32046,8.3e-05,74.125.24.0-255,4320,18473,78,212429
32047,8.6e-05,172.31.40.0-255,66,18539,78,212429
32048,0.000104,74.125.24.0-255,7156,25695,78,212429
32049,0.000107,172.31.40.0-255,66,25761,78,212429
32050,0.000115,74.125.24.0-255,5379,31140,78,212429
32051,0.000117,172.31.40.0-255,66,31206,78,212429
32052,0.000204,74.125.24.0-255,1484,32690,78,212429
32053,0.000208,172.31.40.0-255,66,32756,78,212429
32054,0.000232,74.125.24.0-255,2902,35658,78,212429
32055,0.000235,172.31.40.0-255,66,35724,78,212429
32056,0.00024,74.125.24.0-255,2902,38626,78,212429
32057,0.000243,172.31.40.0-255,66,38692,78,212429
32058,0.000259,74.125.24.0-255,2902,41594,78,212429
32059,0.000261,172.31.40.0-255,66,41660,78,212429
32060,0.000267,74.125.24.0-255,5738,47398,78,212429
32061,0.00027,172.31.40.0-255,66,47464,78,212429
32062,0.000307,172.31.40.0-255,66,47530,78,212429
32063,0.00033,74.125.24.0-255,2902,50432,78,212429
32064,0.000332,172.31.40.0-255,66,50498,78,212429
32065,0.000339,74.125.24.0-255,5020,55518,78,212429
32066,0.000341,172.31.40.0-255,66,55584,78,212429
32067,0.000344,74.125.24.0-255,433,56017,78,212429
32068,0.000462,74.125.24.0-255,1484,57501,78,212429
32069,0.000469,172.31.40.0-255,66,57567,78,212429
32070,0.000475,74.125.24.0-255,2902,60469,78,212429
32071,0.000477,172.31.40.0-255,66,60535,78,212429
32072,0.000481,74.125.24.0-255,2902,63437,78,212429
32073,0.000484,172.31.40.0-255,66,63503,78,212429
32074,0.000504,74.125.24.0-255,2902,66405,78,212429
32075,0.000507,172.31.40.0-255,66,66471,78,212429
32076,0.000519,172.31.40.0-255,66,66537,78,212429
32077,0.000527,74.125.24.0-255,7156,73693,78,212429
32078,0.000542,74.125.24.0-255,4320,78013,78,212429
32079,0.000546,74.125.24.0-255,1484,79497,78,212429
32080,0.000558,74.125.24.0-255,766,80263,78,212429
32081,0.00058,74.125.24.0-255,343,80606,78,212429
32082,0.000764,74.125.24.0-255,1484,82090,78,212429
32083,0.000772,74.125.24.0-255,2902,84992,78,212429
32084,0.000792,74.125.24.0-255,5738,90730,78,212429
32085,0.000795,74.125.24.0-255,1484,92214,78,212429
32086,0.000822,74.125.24.0-255,7156,99370,78,212429
32087,0.000847,74.125.24.0-255,4320,103690,78,212429
32088,0.000867,74.125.24.0-255,2184,105874,78,212429
32089,0.000871,74.125.24.0-255,2902,108776,78,212429
32090,0.000893,74.125.24.0-255,7156,115932,78,212429
32091,0.000902,172.31.40.0-255,66,115998,78,212429
32092,0.000941,74.125.24.0-255,2902,118900,78,212429
32093,0.000999,74.125.24.0-255,2902,121802,78,212429
32094,0.001019,74.125.24.0-255,5738,127540,78,212429
32095,0.001044,74.125.24.0-255,2902,130442,78,212429
32096,0.001085,74.125.24.0-255,5738,136180,78,212429
32097,0.001103,74.125.24.0-255,6438,142618,78,212429
32098,0.00124,172.31.40.0-255,66,142684,78,212429
32099,0.00149,74.125.24.0-255,1484,144168,78,212429
32100,0.001497,74.125.24.0-255,2902,147070,78,212429
32101,0.001509,74.125.24.0-255,1484,148554,78,212429
32102,0.001525,74.125.24.0-255,4320,152874,78,212429
32103,0.001532,74.125.24.0-255,7156,160030,78,212429
32104,0.001543,74.125.24.0-255,1484,161514,78,212429
32105,0.001547,172.31.40.0-255,66,161580,78,212429
32106,0.001578,74.125.24.0-255,2902,164482,78,212429
32107,0.001584,172.31.40.0-255,66,164548,78,212429
32108,0.001621,172.31.40.0-255,66,164614,78,212429
32109,0.001726,74.125.24.0-255,1484,166098,78,212429
32110,0.001731,74.125.24.0-255,2902,169000,78,212429
32111,0.001737,172.31.40.0-255,66,169066,78,212429
32112,0.001752,74.125.24.0-255,4320,173386,78,212429
32113,0.001764,74.125.24.0-255,1484,174870,78,212429
32114,0.001767,74.125.24.0-255,1484,176354,78,212429
32115,0.001786,74.125.24.0-255,7156,183510,78,212429
32116,0.00179,172.31.40.0-255,66,183576,78,212429
32117,0.001812,74.125.24.0-255,4320,187896,78,212429
32118,0.001818,74.125.24.0-255,5738,193634,78,212429
32119,0.001823,172.31.40.0-255,66,193700,78,212429
32120,0.001838,74.125.24.0-255,2902,196602,78,212429
32121,0.001898,172.31.40.0-255,66,196668,78,212429
32122,0.001935,172.31.40.0-255,66,196734,78,212429
32123,0.001952,74.125.24.0-255,2902,199636,78,212429
32124,0.001961,172.31.40.0-255,66,199702,78,212429
32125,0.002016,172.31.40.0-255,66,199768,78,212429
32126,0.00206,172.31.40.0-255,66,199834,78,212429
32127,0.00207,74.125.24.0-255,2902,202736,78,212429
32128,0.002125,74.125.24.0-255,4873,207609,78,212429
32129,0.002184,74.125.24.0-255,105,207714,78,212429
32130,0.010514,172.31.40.0-255,66,207780,78,212429
32131,0.012556,74.125.24.0-255,105,207885,78,212429
32132,0.012567,172.31.40.0-255,78,207963,78,212429
32133,0.013314,172.31.40.0-255,105,208068,78,212429
32134,0.015838,74.125.24.0-255,66,208134,78,212429
32135,0.046517,172.31.40.0-255,176,208310,78,212429
32136,0.046555,172.31.40.0-255,1109,209419,78,212429
32137,0.046614,172.31.40.0-255,1514,210933,78,212429
32138,0.046616,172.31.40.0-255,1298,212231,78,212429
32139,0.048076,104.244.42.0-255,66,212297,78,212429
32140,0.048105,104.244.42.0-255,66,212363,78,212429
32141,0.048154,104.244.42.0-255,66,212429,78,212429
32142,0.0,74.125.24.0-255,150,150,78,277227
32143,2e-05,172.31.40.0-255,66,216,78,277227
32144,2.7e-05,74.125.24.0-255,1484,1700,78,277227
32145,3.1e-05,172.31.40.0-255,66,1766,78,277227
32146,3.7e-05,74.125.24.0-255,2902,4668,78,277227
32147,4e-05,172.31.40.0-255,66,4734,78,277227
32148,4.3e-05,74.125.24.0-255,1484,6218,78,277227
32149,4.6e-05,172.31.40.0-255,66,6284,78,277227
32150,8e-05,74.125.24.0-255,5738,12022,78,277227
32151,8.2e-05,172.31.40.0-255,66,12088,78,277227
32152,8.9e-05,74.125.24.0-255,6290,18378,78,277227
32153,9.1e-05,172.31.40.0-255,66,18444,78,277227
32154,0.000123,74.125.24.0-255,5738,24182,78,277227
32155,0.000126,172.31.40.0-255,66,24248,78,277227
32156,0.000149,74.125.24.0-255,6797,31045,78,277227
32157,0.000151,172.31.40.0-255,66,31111,78,277227
32158,0.000205,74.125.24.0-255,1484,32595,78,277227
32159,0.000208,172.31.40.0-255,66,32661,78,277227
32160,0.000213,74.125.24.0-255,2902,35563,78,277227
32161,0.000215,172.31.40.0-255,66,35629,78,277227
32162,0.00022,74.125.24.0-255,4320,39949,78,277227
32163,0.000223,172.31.40.0-255,66,40015,78,277227
32164,0.000246,74.125.24.0-255,1484,41499,78,277227
32165,0.000249,172.31.40.0-255,66,41565,78,277227
32166,0.000256,74.125.24.0-255,7156,48721,78,277227
32167,0.000258,172.31.40.0-255,66,48787,78,277227
32168,0.000284,74.125.24.0-255,6797,55584,78,277227
32169,0.000286,172.31.40.0-255,66,55650,78,277227
32170,0.000297,172.31.40.0-255,66,55716,78,277227
32171,0.000331,74.125.24.0-255,111,55827,78,277227
32172,0.000333,172.31.40.0-255,66,55893,78,277227
32173,0.000405,74.125.24.0-255,1484,57377,78,277227
32174,0.00041,74.125.24.0-255,1484,58861,78,277227
32175,0.000413,172.31.40.0-255,66,58927,78,277227
32176,0.000428,74.125.24.0-255,1484,60411,78,277227
32177,0.000435,74.125.24.0-255,5738,66149,78,277227
32178,0.000437,172.31.40.0-255,66,66215,78,277227
32179,0.000461,74.125.24.0-255,4320,70535,78,277227
32180,0.000464,172.31.40.0-255,66,70601,78,277227
32181,0.000493,172.31.40.0-255,66,70667,78,277227
32182,0.000504,172.31.40.0-255,66,70733,78,277227
32183,0.000906,74.125.24.0-255,1484,72217,78,277227
32184,0.000913,74.125.24.0-255,2902,75119,78,277227
32185,0.000916,172.31.40.0-255,66,75185,78,277227
32186,0.000924,74.125.24.0-255,5738,80923,78,277227
32187,0.000926,172.31.40.0-255,66,80989,78,277227
32188,0.000931,74.125.24.0-255,4320,85309,78,277227
32189,0.000933,172.31.40.0-255,66,85375,78,277227
32190,0.000969,172.31.40.0-255,66,85441,78,277227
32191,0.000987,74.125.24.0-255,2902,88343,78,277227
32192,0.00099,172.31.40.0-255,66,88409,78,277227
32193,0.001005,74.125.24.0-255,5020,93429,78,277227
32194,0.001007,172.31.40.0-255,66,93495,78,277227
32195,0.001175,74.125.24.0-255,1484,94979,78,277227
32196,0.00118,74.125.24.0-255,2902,97881,78,277227
32197,0.001183,172.31.40.0-255,66,97947,78,277227
32198,0.001208,74.125.24.0-255,5738,103685,78,277227
32199,0.001211,172.31.40.0-255,66,103751,78,277227
32200,0.001214,74.125.24.0-255,1484,105235,78,277227
32201,0.001264,172.31.40.0-255,66,105301,78,277227
32202,0.001268,172.31.40.0-255,66,105367,78,277227
32203,0.001306,74.125.24.0-255,1484,106851,78,277227
32204,0.001311,74.125.24.0-255,2902,109753,78,277227
32205,0.001313,172.31.40.0-255,66,109819,78,277227
32206,0.001319,74.125.24.0-255,5738,115557,78,277227
32207,0.001322,172.31.40.0-255,66,115623,78,277227
32208,0.001344,74.125.24.0-255,4320,119943,78,277227
32209,0.001347,172.31.40.0-255,66,120009,78,277227
32210,0.001361,74.125.24.0-255,1484,121493,78,277227
32211,0.001367,74.125.24.0-255,4320,125813,78,277227
32212,0.001369,172.31.40.0-255,66,125879,78,277227
32213,0.001409,172.31.40.0-255,66,125945,78,277227
32214,0.001415,74.125.24.0-255,5020,130965,78,277227
32215,0.001418,172.31.40.0-255,66,131031,78,277227
32216,0.002021,74.125.24.0-255,1484,132515,78,277227
32217,0.002039,74.125.24.0-255,2902,135417,78,277227
32218,0.002043,74.125.24.0-255,2902,138319,78,277227
32219,0.002047,172.31.40.0-255,66,138385,78,277227
32220,0.00205,172.31.40.0-255,66,138451,78,277227
32221,0.002065,74.125.24.0-255,2902,141353,78,277227
32222,0.002067,172.31.40.0-255,66,141419,78,277227
32223,0.002073,74.125.24.0-255,5738,147157,78,277227
32224,0.002075,172.31.40.0-255,66,147223,78,277227
32225,0.002086,172.31.40.0-255,66,147289,78,277227
32226,0.002116,74.125.24.0-255,2902,150191,78,277227
32227,0.002121,74.125.24.0-255,5020,155211,78,277227
32228,0.002124,172.31.40.0-255,66,155277,78,277227
32229,0.002127,172.31.40.0-255,66,155343,78,277227
32230,0.004383,74.125.24.0-255,5738,161081,78,277227
32231,0.00439,172.31.40.0-255,66,161147,78,277227
32232,0.006651,74.125.24.0-255,5738,166885,78,277227
32233,0.006654,172.31.40.0-255,66,166951,78,277227
32234,0.008899,74.125.24.0-255,5738,172689,78,277227
32235,0.008905,172.31.40.0-255,66,172755,78,277227
32236,0.011162,74.125.24.0-255,5738,178493,78,277227
32237,0.011168,172.31.40.0-255,66,178559,78,277227
32238,0.013419,74.125.24.0-255,5738,184297,78,277227
32239,0.013427,172.31.40.0-255,66,184363,78,277227
32240,0.015678,74.125.24.0-255,5738,190101,78,277227
32241,0.015684,172.31.40.0-255,66,190167,78,277227
32242,0.017953,74.125.24.0-255,5738,195905,78,277227
32243,0.017959,172.31.40.0-255,66,195971,78,277227
32244,0.020205,74.125.24.0-255,5738,201709,78,277227
32245,0.020211,172.31.40.0-255,66,201775,78,277227
32246,0.022459,74.125.24.0-255,5738,207513,78,277227
32247,0.022466,172.31.40.0-255,66,207579,78,277227
32248,0.024719,74.125.24.0-255,5738,213317,78,277227
32249,0.024725,172.31.40.0-255,66,213383,78,277227
32250,0.02697,74.125.24.0-255,5738,219121,78,277227
32251,0.026975,172.31.40.0-255,66,219187,78,277227
32252,0.029208,74.125.24.0-255,5738,224925,78,277227
32253,0.029215,172.31.40.0-255,66,224991,78,277227
32254,0.031477,74.125.24.0-255,5738,230729,78,277227
32255,0.031482,172.31.40.0-255,66,230795,78,277227
32256,0.033734,74.125.24.0-255,5738,236533,78,277227
32257,0.033742,172.31.40.0-255,66,236599,78,277227
32258,0.035977,74.125.24.0-255,5738,242337,78,277227
32259,0.035984,172.31.40.0-255,66,242403,78,277227
32260,0.038217,74.125.24.0-255,5738,248141,78,277227
32261,0.038223,172.31.40.0-255,66,248207,78,277227
32262,0.040462,74.125.24.0-255,5738,253945,78,277227
32263,0.040474,172.31.40.0-255,66,254011,78,277227
32264,0.042727,74.125.24.0-255,5738,259749,78,277227
32265,0.042734,172.31.40.0-255,66,259815,78,277227
32266,0.04498,74.125.24.0-255,5738,265553,78,277227
32267,0.044987,172.31.40.0-255,66,265619,78,277227
32268,0.047216,74.125.24.0-255,5738,271357,78,277227
32269,0.047222,172.31.40.0-255,66,271423,78,277227
32270,0.049486,74.125.24.0-255,5738,277161,78,277227
32271,0.049497,172.31.40.0-255,66,277227,78,277227
32272,0.0,172.217.194.0-255,143,143,78,295076
32273,1.3e-05,172.31.40.0-255,66,209,78,295076
32274,1.9e-05,172.217.194.0-255,1484,1693,78,295076
32275,2.3e-05,172.31.40.0-255,66,1759,78,295076
32276,4.5e-05,172.217.194.0-255,2902,4661,78,295076
32277,4.8e-05,172.31.40.0-255,66,4727,78,295076
32278,5.1e-05,172.217.194.0-255,1484,6211,78,295076
32279,5.4e-05,172.31.40.0-255,66,6277,78,295076
32280,8.6e-05,172.217.194.0-255,4320,10597,78,295076
32281,8.9e-05,172.31.40.0-255,66,10663,78,295076
32282,9.3e-05,172.217.194.0-255,3440,14103,78,295076
32283,9.5e-05,172.31.40.0-255,66,14169,78,295076
32284,0.000101,172.217.194.0-255,5738,19907,78,295076
32285,0.000103,172.31.40.0-255,66,19973,78,295076
32286,0.000131,172.217.194.0-255,5738,25711,78,295076
32287,0.000133,172.31.40.0-255,66,25777,78,295076
32288,0.000139,172.217.194.0-255,5379,31156,78,295076
32289,0.000141,172.31.40.0-255,66,31222,78,295076
32290,0.000167,172.217.194.0-255,1484,32706,78,295076
32291,0.000169,172.31.40.0-255,66,32772,78,295076
32292,0.000187,172.217.194.0-255,2902,35674,78,295076
32293,0.00019,172.31.40.0-255,66,35740,78,295076
32294,0.000195,172.217.194.0-255,5738,41478,78,295076
32295,0.000197,172.31.40.0-255,66,41544,78,295076
32296,0.000237,172.31.40.0-255,66,41610,78,295076
32297,0.000244,172.217.194.0-255,7156,48766,78,295076
32298,0.000246,172.31.40.0-255,66,48832,78,295076
32299,0.000276,172.217.194.0-255,1484,50316,78,295076
32300,0.000278,172.31.40.0-255,66,50382,78,295076
32301,0.000285,172.217.194.0-255,7046,57428,78,295076
32302,0.000288,172.31.40.0-255,66,57494,78,295076
32303,0.00029,172.217.194.0-255,120,57614,78,295076
32304,0.000341,172.217.194.0-255,1484,59098,78,295076
32305,0.000344,172.31.40.0-255,66,59164,78,295076
32306,0.000347,172.217.194.0-255,1484,60648,78,295076
32307,0.000357,172.217.194.0-255,1484,62132,78,295076
32308,0.000363,172.31.40.0-255,66,62198,78,295076
32309,0.000368,172.217.194.0-255,4320,66518,78,295076
32310,0.00037,172.31.40.0-255,66,66584,78,295076
32311,0.000411,172.217.194.0-255,4320,70904,78,295076
32312,0.000414,172.31.40.0-255,66,70970,78,295076
32313,0.000435,172.217.194.0-255,5379,76349,78,295076
32314,0.000437,172.31.40.0-255,66,76415,78,295076
32315,0.00044,172.217.194.0-255,1484,77899,78,295076
32316,0.00045,172.31.40.0-255,66,77965,78,295076
32317,0.000473,172.217.194.0-255,4320,82285,78,295076
32318,0.000475,172.31.40.0-255,66,82351,78,295076
32319,0.000477,172.217.194.0-255,1441,83792,78,295076
32320,0.001072,172.217.194.0-255,1484,85276,78,295076
32321,0.001076,172.31.40.0-255,66,85342,78,295076
32322,0.001094,172.217.194.0-255,2902,88244,78,295076
32323,0.001099,172.31.40.0-255,66,88310,78,295076
32324,0.001105,172.217.194.0-255,5738,94048,78,295076
32325,0.001107,172.31.40.0-255,66,94114,78,295076
32326,0.001111,172.217.194.0-255,2902,97016,78,295076
32327,0.001112,172.31.40.0-255,66,97082,78,295076
32328,0.00116,172.31.40.0-255,66,97148,78,295076
32329,0.00117,172.31.40.0-255,66,97214,78,295076
32330,0.001193,172.217.194.0-255,2184,99398,78,295076
32331,0.001196,172.217.194.0-255,2902,102300,78,295076
32332,0.001216,172.217.194.0-255,5738,108038,78,295076
32333,0.001221,172.31.40.0-255,66,108104,78,295076
32334,0.001223,172.31.40.0-255,66,108170,78,295076
32335,0.001225,172.31.40.0-255,66,108236,78,295076
32336,0.001237,172.217.194.0-255,1484,109720,78,295076
32337,0.00124,172.217.194.0-255,1484,111204,78,295076
32338,0.001241,172.31.40.0-255,66,111270,78,295076
32339,0.00127,172.217.194.0-255,2902,114172,78,295076
32340,0.001273,172.31.40.0-255,66,114238,78,295076
32341,0.001278,172.217.194.0-255,5738,119976,78,295076
32342,0.00128,172.31.40.0-255,66,120042,78,295076
32343,0.001322,172.31.40.0-255,66,120108,78,295076
32344,0.001344,172.217.194.0-255,2184,122292,78,295076
32345,0.001346,172.31.40.0-255,66,122358,78,295076
32346,0.001385,172.217.194.0-255,2902,125260,78,295076
32347,0.001388,172.31.40.0-255,66,125326,78,295076
32348,0.001393,172.217.194.0-255,4320,129646,78,295076
32349,0.001394,172.31.40.0-255,66,129712,78,295076
32350,0.001428,172.31.40.0-255,66,129778,78,295076
32351,0.00145,172.217.194.0-255,4320,134098,78,295076
32352,0.001453,172.31.40.0-255,66,134164,78,295076
32353,0.001492,172.31.40.0-255,66,134230,78,295076
32354,0.001497,172.217.194.0-255,5738,139968,78,295076
32355,0.001499,172.31.40.0-255,66,140034,78,295076
32356,0.001531,172.31.40.0-255,66,140100,78,295076
32357,0.001557,172.217.194.0-255,1484,141584,78,295076
32358,0.00156,172.217.194.0-255,1484,143068,78,295076
32359,0.001563,172.31.40.0-255,66,143134,78,295076
32360,0.001576,172.31.40.0-255,66,143200,78,295076
32361,0.001748,172.217.194.0-255,1484,144684,78,295076
32362,0.00177,172.217.194.0-255,2902,147586,78,295076
32363,0.001773,172.31.40.0-255,66,147652,78,295076
32364,0.001778,172.217.194.0-255,4320,151972,78,295076
32365,0.00178,172.31.40.0-255,66,152038,78,295076
32366,0.001799,172.217.194.0-255,1484,153522,78,295076
32367,0.001812,172.217.194.0-255,2902,156424,78,295076
32368,0.001814,172.31.40.0-255,66,156490,78,295076
32369,0.00185,172.31.40.0-255,66,156556,78,295076
32370,0.001887,172.217.194.0-255,7156,163712,78,295076
32371,0.00189,172.31.40.0-255,66,163778,78,295076
32372,0.001918,172.217.194.0-255,3602,167380,78,295076
32373,0.001921,172.31.40.0-255,66,167446,78,295076
32374,0.002201,172.217.194.0-255,1484,168930,78,295076
32375,0.002207,172.217.194.0-255,2902,171832,78,295076
32376,0.00221,172.31.40.0-255,66,171898,78,295076
32377,0.002232,172.217.194.0-255,5738,177636,78,295076
32378,0.002235,172.31.40.0-255,66,177702,78,295076
32379,0.002237,172.217.194.0-255,1484,179186,78,295076
32380,0.002257,172.217.194.0-255,7156,186342,78,295076
32381,0.002259,172.31.40.0-255,66,186408,78,295076
32382,0.002285,172.217.194.0-255,4320,190728,78,295076
32383,0.002287,172.31.40.0-255,66,190794,78,295076
32384,0.002298,172.31.40.0-255,66,190860,78,295076
32385,0.002322,172.217.194.0-255,1484,192344,78,295076
32386,0.002324,172.217.194.0-255,766,193110,78,295076
32387,0.002326,172.31.40.0-255,66,193176,78,295076
32388,0.004652,172.217.194.0-255,5738,198914,78,295076
32389,0.00466,172.31.40.0-255,66,198980,78,295076
32390,0.006984,172.217.194.0-255,5738,204718,78,295076
32391,0.006996,172.31.40.0-255,66,204784,78,295076
32392,0.007237,172.31.40.0-255,101,204885,78,295076
32393,0.009343,172.217.194.0-255,2902,207787,78,295076
32394,0.009349,172.31.40.0-255,66,207853,78,295076
32395,0.009378,172.217.194.0-255,2902,210755,78,295076
32396,0.00938,172.31.40.0-255,66,210821,78,295076
32397,0.009534,172.217.194.0-255,66,210887,78,295076
32398,0.011708,172.217.194.0-255,2902,213789,78,295076
32399,0.011718,172.31.40.0-255,66,213855,78,295076
32400,0.011754,172.217.194.0-255,2902,216757,78,295076
32401,0.011756,172.31.40.0-255,66,216823,78,295076
32402,0.014046,172.217.194.0-255,2902,219725,78,295076
32403,0.014055,172.31.40.0-255,66,219791,78,295076
32404,0.014087,172.217.194.0-255,2902,222693,78,295076
32405,0.014091,172.31.40.0-255,66,222759,78,295076
32406,0.016395,172.217.194.0-255,2902,225661,78,295076
32407,0.016404,172.31.40.0-255,66,225727,78,295076
32408,0.016436,172.217.194.0-255,2902,228629,78,295076
32409,0.016439,172.31.40.0-255,66,228695,78,295076
32410,0.018742,172.217.194.0-255,2902,231597,78,295076
32411,0.018748,172.31.40.0-255,66,231663,78,295076
32412,0.018782,172.217.194.0-255,2902,234565,78,295076
32413,0.018784,172.31.40.0-255,66,234631,78,295076
32414,0.02111,172.217.194.0-255,5738,240369,78,295076
32415,0.021118,172.31.40.0-255,66,240435,78,295076
32416,0.023458,172.217.194.0-255,5738,246173,78,295076
32417,0.023465,172.31.40.0-255,66,246239,78,295076
32418,0.02584,172.217.194.0-255,5738,251977,78,295076
32419,0.025848,172.31.40.0-255,66,252043,78,295076
32420,0.028233,172.217.194.0-255,5738,257781,78,295076
32421,0.02824,172.31.40.0-255,66,257847,78,295076
32422,0.028959,172.31.40.0-255,172,258019,78,295076
32423,0.028988,172.31.40.0-255,1107,259126,78,295076
32424,0.029052,172.31.40.0-255,1514,260640,78,295076
32425,0.029054,172.31.40.0-255,1514,262154,78,295076
32426,0.02908,172.31.40.0-255,701,262855,78,295076
32427,0.030514,104.244.42.0-255,66,262921,78,295076
32428,0.030548,104.244.42.0-255,66,262987,78,295076
32429,0.030606,172.217.194.0-255,5738,268725,78,295076
32430,0.030615,172.31.40.0-255,66,268791,78,295076
32431,0.030629,104.244.42.0-255,66,268857,78,295076
32432,0.030634,104.244.42.0-255,66,268923,78,295076
32433,0.032967,172.217.194.0-255,5738,274661,78,295076
32434,0.032973,172.31.40.0-255,66,274727,78,295076
32435,0.035374,172.217.194.0-255,5738,280465,78,295076
32436,0.035381,172.31.40.0-255,66,280531,78,295076
32437,0.03776,172.217.194.0-255,5738,286269,78,295076
32438,0.037766,172.31.40.0-255,66,286335,78,295076
32439,0.04013,172.217.194.0-255,5738,292073,78,295076
32440,0.040135,172.31.40.0-255,66,292139,78,295076
32441,0.042455,172.217.194.0-255,2700,294839,78,295076
32442,0.042464,172.31.40.0-255,66,294905,78,295076
32443,0.04263,172.31.40.0-255,105,295010,78,295076
32444,0.049558,172.217.194.0-255,66,295076,78,295076
32445,0.0,74.125.68.0-255,153,153,78,329104
32446,1.6e-05,172.31.40.0-255,66,219,78,329104
32447,2.3e-05,74.125.68.0-255,1484,1703,78,329104
32448,2.8e-05,172.31.40.0-255,66,1769,78,329104
32449,4.3e-05,74.125.68.0-255,2902,4671,78,329104
32450,4.7e-05,172.31.40.0-255,66,4737,78,329104
32451,5e-05,74.125.68.0-255,1484,6221,78,329104
32452,5.3e-05,172.31.40.0-255,66,6287,78,329104
32453,5.8e-05,74.125.68.0-255,2902,9189,78,329104
32454,6.1e-05,172.31.40.0-255,66,9255,78,329104
32455,0.000101,74.125.68.0-255,4965,14220,78,329104
32456,0.000105,172.31.40.0-255,66,14286,78,329104
32457,0.00017,74.125.68.0-255,1484,15770,78,329104
32458,0.000173,172.31.40.0-255,66,15836,78,329104
32459,0.000187,74.125.68.0-255,2902,18738,78,329104
32460,0.000194,172.31.40.0-255,66,18804,78,329104
32461,0.000234,74.125.68.0-255,4320,23124,78,329104
32462,0.000238,172.31.40.0-255,66,23190,78,329104
32463,0.000249,74.125.68.0-255,1484,24674,78,329104
32464,0.000255,172.31.40.0-255,66,24740,78,329104
32465,0.000259,74.125.68.0-255,2902,27642,78,329104
32466,0.000262,172.31.40.0-255,66,27708,78,329104
32467,0.000304,74.125.68.0-255,3961,31669,78,329104
32468,0.000307,172.31.40.0-255,66,31735,78,329104
32469,0.000312,74.125.68.0-255,4320,36055,78,329104
32470,0.000314,172.31.40.0-255,66,36121,78,329104
32471,0.000367,172.31.40.0-255,66,36187,78,329104
32472,0.000371,74.125.68.0-255,2543,38730,78,329104
32473,0.000373,172.31.40.0-255,66,38796,78,329104
32474,0.000546,74.125.68.0-255,1484,40280,78,329104
32475,0.000551,172.31.40.0-255,66,40346,78,329104
32476,0.000555,74.125.68.0-255,1484,41830,78,329104
32477,0.000596,74.125.68.0-255,1484,43314,78,329104
32478,0.0006,172.31.40.0-255,66,43380,78,329104
32479,0.000629,74.125.68.0-255,1484,44864,78,329104
32480,0.000635,74.125.68.0-255,5738,50602,78,329104
32481,0.000638,172.31.40.0-255,66,50668,78,329104
32482,0.000644,74.125.68.0-255,5379,56047,78,329104
32483,0.000647,172.31.40.0-255,66,56113,78,329104
32484,0.000837,74.125.68.0-255,1484,57597,78,329104
32485,0.000858,74.125.68.0-255,2902,60499,78,329104
32486,0.000862,172.31.40.0-255,66,60565,78,329104
32487,0.000867,74.125.68.0-255,4320,64885,78,329104
32488,0.000869,172.31.40.0-255,66,64951,78,329104
32489,0.000904,74.125.68.0-255,2902,67853,78,329104
32490,0.000907,172.31.40.0-255,66,67919,78,329104
32491,0.000942,74.125.68.0-255,5738,73657,78,329104
32492,0.000944,172.31.40.0-255,66,73723,78,329104
32493,0.000951,74.125.68.0-255,5738,79461,78,329104
32494,0.000953,172.31.40.0-255,66,79527,78,329104
32495,0.00096,74.125.68.0-255,1484,81011,78,329104
32496,0.000992,74.125.68.0-255,5738,86749,78,329104
32497,0.000996,172.31.40.0-255,66,86815,78,329104
32498,0.001002,74.125.68.0-255,3602,90417,78,329104
32499,0.001004,172.31.40.0-255,66,90483,78,329104
32500,0.001047,74.125.68.0-255,4320,94803,78,329104
32501,0.00105,172.31.40.0-255,66,94869,78,329104
32502,0.001053,74.125.68.0-255,1484,96353,78,329104
32503,0.001057,74.125.68.0-255,2902,99255,78,329104
32504,0.001059,172.31.40.0-255,66,99321,78,329104
32505,0.001083,74.125.68.0-255,5738,105059,78,329104
32506,0.001086,172.31.40.0-255,66,105125,78,329104
32507,0.001119,74.125.68.0-255,2902,108027,78,329104
32508,0.001123,172.31.40.0-255,66,108093,78,329104
32509,0.001136,74.125.68.0-255,5738,113831,78,329104
32510,0.001142,172.31.40.0-255,66,113897,78,329104
32511,0.001147,74.125.68.0-255,2902,116799,78,329104
32512,0.001149,172.31.40.0-255,66,116865,78,329104
32513,0.001176,74.125.68.0-255,7156,124021,78,329104
32514,0.001179,172.31.40.0-255,66,124087,78,329104
32515,0.001183,74.125.68.0-255,2184,126271,78,329104
32516,0.001185,172.31.40.0-255,66,126337,78,329104
32517,0.001188,74.125.68.0-255,1484,127821,78,329104
32518,0.001221,74.125.68.0-255,1484,129305,78,329104
32519,0.001223,172.31.40.0-255,66,129371,78,329104
32520,0.001231,74.125.68.0-255,7156,136527,78,329104
32521,0.001234,172.31.40.0-255,66,136593,78,329104
32522,0.001239,74.125.68.0-255,2902,139495,78,329104
32523,0.001243,172.31.40.0-255,66,139561,78,329104
32524,0.001262,74.125.68.0-255,1484,141045,78,329104
32525,0.001282,74.125.68.0-255,1125,142170,78,329104
32526,0.001285,172.31.40.0-255,66,142236,78,329104
32527,0.001403,74.125.68.0-255,1484,143720,78,329104
32528,0.001428,74.125.68.0-255,1484,145204,78,329104
32529,0.001433,74.125.68.0-255,2902,148106,78,329104
32530,0.001439,74.125.68.0-255,5738,153844,78,329104
32531,0.001444,172.31.40.0-255,66,153910,78,329104
32532,0.001448,172.31.40.0-255,66,153976,78,329104
32533,0.001451,172.31.40.0-255,66,154042,78,329104
32534,0.001459,74.125.68.0-255,1484,155526,78,329104
32535,0.001466,74.125.68.0-255,1484,157010,78,329104
32536,0.001469,172.31.40.0-255,66,157076,78,329104
32537,0.0015,74.125.68.0-255,1484,158560,78,329104
32538,0.001506,74.125.68.0-255,4320,162880,78,329104
32539,0.001509,172.31.40.0-255,66,162946,78,329104
32540,0.00152,172.31.40.0-255,66,163012,78,329104
32541,0.00155,74.125.68.0-255,5020,168032,78,329104
32542,0.001555,172.31.40.0-255,66,168098,78,329104
32543,0.001868,74.125.68.0-255,1484,169582,78,329104
32544,0.001887,74.125.68.0-255,2902,172484,78,329104
32545,0.001891,172.31.40.0-255,66,172550,78,329104
32546,0.001897,74.125.68.0-255,4320,176870,78,329104
32547,0.001899,172.31.40.0-255,66,176936,78,329104
32548,0.001958,74.125.68.0-255,7156,184092,78,329104
32549,0.001962,172.31.40.0-255,66,184158,78,329104
32550,0.001985,74.125.68.0-255,1484,185642,78,329104
32551,0.001992,74.125.68.0-255,5738,191380,78,329104
32552,0.001994,172.31.40.0-255,66,191446,78,329104
32553,0.002002,74.125.68.0-255,7156,198602,78,329104
32554,0.002004,172.31.40.0-255,66,198668,78,329104
32555,0.00201,74.125.68.0-255,5020,203688,78,329104
32556,0.002013,172.31.40.0-255,66,203754,78,329104
32557,0.002019,74.125.68.0-255,5738,209492,78,329104
32558,0.002021,172.31.40.0-255,66,209558,78,329104
32559,0.002024,74.125.68.0-255,1484,211042,78,329104
32560,0.002056,172.31.40.0-255,66,211108,78,329104
32561,0.002062,74.125.68.0-255,5738,216846,78,329104
32562,0.002064,172.31.40.0-255,66,216912,78,329104
32563,0.002139,172.31.40.0-255,66,216978,78,329104
32564,0.002144,74.125.68.0-255,2902,219880,78,329104
32565,0.002146,172.31.40.0-255,66,219946,78,329104
32566,0.00218,74.125.68.0-255,4320,224266,78,329104
32567,0.002183,172.31.40.0-255,66,224332,78,329104
32568,0.002191,74.125.68.0-255,7156,231488,78,329104
32569,0.002193,172.31.40.0-255,66,231554,78,329104
32570,0.002215,74.125.68.0-255,1484,233038,78,329104
32571,0.002226,172.31.40.0-255,66,233104,78,329104
32572,0.002267,172.31.40.0-255,66,233170,78,329104
32573,0.00227,74.125.68.0-255,1484,234654,78,329104
32574,0.002274,74.125.68.0-255,2902,237556,78,329104
32575,0.002276,172.31.40.0-255,66,237622,78,329104
32576,0.002282,74.125.68.0-255,5738,243360,78,329104
32577,0.002285,172.31.40.0-255,66,243426,78,329104
32578,0.002325,74.125.68.0-255,7156,250582,78,329104
32579,0.002328,172.31.40.0-255,66,250648,78,329104
32580,0.002339,172.31.40.0-255,66,250714,78,329104
32581,0.002344,74.125.68.0-255,4320,255034,78,329104
32582,0.002346,172.31.40.0-255,66,255100,78,329104
32583,0.002385,74.125.68.0-255,5020,260120,78,329104
32584,0.002388,172.31.40.0-255,66,260186,78,329104
32585,0.002391,74.125.68.0-255,1484,261670,78,329104
32586,0.002418,74.125.68.0-255,5738,267408,78,329104
32587,0.002421,172.31.40.0-255,66,267474,78,329104
32588,0.002423,74.125.68.0-255,1484,268958,78,329104
32589,0.002444,74.125.68.0-255,7156,276114,78,329104
32590,0.002447,172.31.40.0-255,66,276180,78,329104
32591,0.002451,74.125.68.0-255,2902,279082,78,329104
32592,0.002453,172.31.40.0-255,66,279148,78,329104
32593,0.002487,74.125.68.0-255,1484,280632,78,329104
32594,0.002495,74.125.68.0-255,5738,286370,78,329104
32595,0.002498,172.31.40.0-255,66,286436,78,329104
32596,0.002503,74.125.68.0-255,4320,290756,78,329104
32597,0.002505,172.31.40.0-255,66,290822,78,329104
32598,0.002527,74.125.68.0-255,2184,293006,78,329104
32599,0.002529,172.31.40.0-255,66,293072,78,329104
32600,0.002542,74.125.68.0-255,1484,294556,78,329104
32601,0.002564,74.125.68.0-255,5738,300294,78,329104
32602,0.002567,172.31.40.0-255,66,300360,78,329104
32603,0.002592,74.125.68.0-255,7156,307516,78,329104
32604,0.002595,172.31.40.0-255,66,307582,78,329104
32605,0.002626,74.125.68.0-255,5738,313320,78,329104
32606,0.00263,172.31.40.0-255,66,313386,78,329104
32607,0.002644,172.31.40.0-255,66,313452,78,329104
32608,0.005241,74.125.68.0-255,5738,319190,78,329104
32609,0.005262,172.31.40.0-255,66,319256,78,329104
32610,0.007849,74.125.68.0-255,5300,324556,78,329104
32611,0.00786,172.31.40.0-255,66,324622,78,329104
32612,0.010652,172.31.40.0-255,105,324727,78,329104
32613,0.013212,74.125.68.0-255,66,324793,78,329104
32614,0.046335,172.31.40.0-255,192,324985,78,329104
32615,0.046369,172.31.40.0-255,951,325936,78,329104
32616,0.046431,172.31.40.0-255,1514,327450,78,329104
32617,0.046433,172.31.40.0-255,1456,328906,78,329104
32618,0.047863,104.244.42.0-255,66,328972,78,329104
32619,0.047914,104.244.42.0-255,66,329038,78,329104
32620,0.048007,104.244.42.0-255,66,329104,78,329104
32621,0.0,172.217.194.0-255,143,143,78,145489
32622,2.3e-05,172.31.40.0-255,66,209,78,145489
32623,3e-05,172.217.194.0-255,1484,1693,78,145489
32624,3.5e-05,172.31.40.0-255,66,1759,78,145489
32625,4.1e-05,172.217.194.0-255,2902,4661,78,145489
32626,4.4e-05,172.31.40.0-255,66,4727,78,145489
32627,6e-05,172.217.194.0-255,7156,11883,78,145489
32628,6.4e-05,172.31.40.0-255,66,11949,78,145489
32629,6.8e-05,172.217.194.0-255,1912,13861,78,145489
32630,7.1e-05,172.31.40.0-255,66,13927,78,145489
32631,0.000123,172.31.40.0-255,66,13993,78,145489
32632,0.00013,172.217.194.0-255,5379,19372,78,145489
32633,0.000133,172.31.40.0-255,66,19438,78,145489
32634,0.000194,172.217.194.0-255,1484,20922,78,145489
32635,0.000197,172.31.40.0-255,66,20988,78,145489
32636,0.00022,172.217.194.0-255,2902,23890,78,145489
32637,0.000223,172.31.40.0-255,66,23956,78,145489
32638,0.00023,172.217.194.0-255,5738,29694,78,145489
32639,0.000232,172.31.40.0-255,66,29760,78,145489
32640,0.000236,172.217.194.0-255,2902,32662,78,145489
32641,0.000239,172.31.40.0-255,66,32728,78,145489
32642,0.000277,172.31.40.0-255,66,32794,78,145489
32643,0.000288,172.31.40.0-255,66,32860,78,145489
32644,0.000314,172.217.194.0-255,2184,35044,78,145489
32645,0.000317,172.31.40.0-255,66,35110,78,145489
32646,0.00032,172.217.194.0-255,410,35520,78,145489
32647,0.000322,172.31.40.0-255,66,35586,78,145489
32648,0.00035,172.217.194.0-255,1484,37070,78,145489
32649,0.000353,172.31.40.0-255,66,37136,78,145489
32650,0.000358,172.217.194.0-255,2902,40038,78,145489
32651,0.00036,172.31.40.0-255,66,40104,78,145489
32652,0.000393,172.217.194.0-255,5738,45842,78,145489
32653,0.000396,172.31.40.0-255,66,45908,78,145489
32654,0.00041,172.31.40.0-255,66,45974,78,145489
32655,0.000439,172.217.194.0-255,2902,48876,78,145489
32656,0.000442,172.31.40.0-255,66,48942,78,145489
32657,0.000456,172.31.40.0-255,66,49008,78,145489
32658,0.000479,172.217.194.0-255,365,49373,78,145489
32659,0.000835,172.217.194.0-255,1484,50857,78,145489
32660,0.00084,172.31.40.0-255,66,50923,78,145489
32661,0.000847,172.217.194.0-255,2902,53825,78,145489
32662,0.000849,172.31.40.0-255,66,53891,78,145489
32663,0.00088,172.217.194.0-255,5738,59629,78,145489
32664,0.000882,172.31.40.0-255,66,59695,78,145489
32665,0.000893,172.31.40.0-255,66,59761,78,145489
32666,0.000945,172.217.194.0-255,2902,62663,78,145489
32667,0.000948,172.31.40.0-255,66,62729,78,145489
32668,0.000999,172.31.40.0-255,66,62795,78,145489
32669,0.001334,172.217.194.0-255,1484,64279,78,145489
32670,0.001349,172.217.194.0-255,2902,67181,78,145489
32671,0.001353,172.31.40.0-255,66,67247,78,145489
32672,0.00136,172.217.194.0-255,5738,72985,78,145489
32673,0.001362,172.31.40.0-255,66,73051,78,145489
32674,0.001392,172.31.40.0-255,66,73117,78,145489
32675,0.001471,172.31.40.0-255,66,73183,78,145489
32676,0.001544,172.217.194.0-255,1484,74667,78,145489
32677,0.00155,172.217.194.0-255,2902,77569,78,145489
32678,0.001553,172.31.40.0-255,66,77635,78,145489
32679,0.001556,172.217.194.0-255,1484,79119,78,145489
32680,0.001583,172.217.194.0-255,4320,83439,78,145489
32681,0.001585,172.31.40.0-255,66,83505,78,145489
32682,0.001629,172.217.194.0-255,4320,87825,78,145489
32683,0.001644,172.31.40.0-255,66,87891,78,145489
32684,0.001706,172.217.194.0-255,1484,89375,78,145489
32685,0.001712,172.217.194.0-255,2902,92277,78,145489
32686,0.001733,172.217.194.0-255,5738,98015,78,145489
32687,0.001736,172.217.194.0-255,1484,99499,78,145489
32688,0.00174,172.31.40.0-255,66,99565,78,145489
32689,0.001786,172.217.194.0-255,1484,101049,78,145489
32690,0.001794,172.31.40.0-255,66,101115,78,145489
32691,0.00186,172.31.40.0-255,66,101181,78,145489
32692,0.001867,172.217.194.0-255,5738,106919,78,145489
32693,0.001876,172.31.40.0-255,66,106985,78,145489
32694,0.001887,172.217.194.0-255,6438,113423,78,145489
32695,0.001936,172.217.194.0-255,7156,120579,78,145489
32696,0.001948,172.31.40.0-255,66,120645,78,145489
32697,0.001955,172.217.194.0-255,7156,127801,78,145489
32698,0.001964,172.217.194.0-255,7156,134957,78,145489
32699,0.001984,172.31.40.0-255,66,135023,78,145489
32700,0.002053,172.217.194.0-255,7156,142179,78,145489
32701,0.002067,172.31.40.0-255,66,142245,78,145489
32702,0.002141,172.217.194.0-255,2902,145147,78,145489
32703,0.002171,172.217.194.0-255,105,145252,78,145489
32704,0.002181,172.31.40.0-255,66,145318,78,145489
32705,0.017528,172.31.40.0-255,105,145423,78,145489
32706,0.01981,172.217.194.0-255,66,145489,78,145489
32707,0.0,172.217.194.0-255,153,153,78,267363
32708,1.6e-05,172.31.40.0-255,66,219,78,267363
32709,2.4e-05,172.217.194.0-255,1484,1703,78,267363
32710,2.8e-05,172.31.40.0-255,66,1769,78,267363
32711,3.3e-05,172.217.194.0-255,2902,4671,78,267363
32712,3.6e-05,172.31.40.0-255,66,4737,78,267363
32713,5.1e-05,172.217.194.0-255,7156,11893,78,267363
32714,5.3e-05,172.31.40.0-255,66,11959,78,267363
32715,6e-05,172.217.194.0-255,6318,18277,78,267363
32716,6.3e-05,172.31.40.0-255,66,18343,78,267363
32717,0.000109,172.217.194.0-255,2902,21245,78,267363
32718,0.000111,172.31.40.0-255,66,21311,78,267363
32719,0.000146,172.31.40.0-255,66,21377,78,267363
32720,0.000193,172.217.194.0-255,1484,22861,78,267363
32721,0.000196,172.31.40.0-255,66,22927,78,267363
32722,0.000214,172.217.194.0-255,2902,25829,78,267363
32723,0.000217,172.31.40.0-255,66,25895,78,267363
32724,0.000221,172.217.194.0-255,2902,28797,78,267363
32725,0.000224,172.31.40.0-255,66,28863,78,267363
32726,0.00025,172.217.194.0-255,2902,31765,78,267363
32727,0.000253,172.31.40.0-255,66,31831,78,267363
32728,0.000257,172.217.194.0-255,4320,36151,78,267363
32729,0.000259,172.31.40.0-255,66,36217,78,267363
32730,0.000295,172.217.194.0-255,2543,38760,78,267363
32731,0.000298,172.31.40.0-255,66,38826,78,267363
32732,0.000305,172.217.194.0-255,7156,45982,78,267363
32733,0.000321,172.31.40.0-255,66,46048,78,267363
32734,0.000323,172.31.40.0-255,66,46114,78,267363
32735,0.000366,172.217.194.0-255,366,46480,78,267363
32736,0.000369,172.31.40.0-255,66,46546,78,267363
32737,0.000489,172.217.194.0-255,1484,48030,78,267363
32738,0.000503,172.217.194.0-255,2902,50932,78,267363
32739,0.000506,172.31.40.0-255,66,50998,78,267363
32740,0.000511,172.217.194.0-255,2902,53900,78,267363
32741,0.000514,172.31.40.0-255,66,53966,78,267363
32742,0.000538,172.217.194.0-255,2902,56868,78,267363
32743,0.00054,172.31.40.0-255,66,56934,78,267363
32744,0.000551,172.217.194.0-255,5738,62672,78,267363
32745,0.000555,172.31.40.0-255,66,62738,78,267363
32746,0.000591,172.217.194.0-255,7156,69894,78,267363
32747,0.000594,172.31.40.0-255,66,69960,78,267363
32748,0.0006,172.217.194.0-255,5738,75698,78,267363
32749,0.000603,172.31.40.0-255,66,75764,78,267363
32750,0.000627,172.217.194.0-255,5020,80784,78,267363
32751,0.00063,172.31.40.0-255,66,80850,78,267363
32752,0.000633,172.217.194.0-255,377,81227,78,267363
32753,0.000676,172.217.194.0-255,1484,82711,78,267363
32754,0.00068,172.31.40.0-255,66,82777,78,267363
32755,0.000694,172.217.194.0-255,4320,87097,78,267363
32756,0.000701,172.31.40.0-255,66,87163,78,267363
32757,0.000731,172.217.194.0-255,1484,88647,78,267363
32758,0.000739,172.217.194.0-255,7156,95803,78,267363
32759,0.000742,172.31.40.0-255,66,95869,78,267363
32760,0.000812,172.217.194.0-255,1484,97353,78,267363
32761,0.000827,172.217.194.0-255,5020,102373,78,267363
32762,0.000846,172.31.40.0-255,66,102439,78,267363
32763,0.000908,172.217.194.0-255,1484,103923,78,267363
32764,0.000927,172.217.194.0-255,2902,106825,78,267363
32765,0.000931,172.217.194.0-255,1484,108309,78,267363
32766,0.000937,172.31.40.0-255,66,108375,78,267363
32767,0.000951,172.217.194.0-255,4320,112695,78,267363
32768,0.000977,172.217.194.0-255,1484,114179,78,267363
32769,0.000982,172.217.194.0-255,4320,118499,78,267363
32770,0.000995,172.31.40.0-255,66,118565,78,267363
32771,0.001006,172.217.194.0-255,6438,125003,78,267363
32772,0.001016,172.31.40.0-255,66,125069,78,267363
32773,0.001057,172.217.194.0-255,1484,126553,78,267363
32774,0.001062,172.217.194.0-255,2902,129455,78,267363
32775,0.001068,172.31.40.0-255,66,129521,78,267363
32776,0.001078,172.217.194.0-255,2902,132423,78,267363
32777,0.001102,172.217.194.0-255,2902,135325,78,267363
32778,0.00113,172.217.194.0-255,1484,136809,78,267363
32779,0.001157,172.31.40.0-255,66,136875,78,267363
32780,0.00117,172.217.194.0-255,2184,139059,78,267363
32781,0.001178,172.217.194.0-255,2902,141961,78,267363
32782,0.001191,172.217.194.0-255,4320,146281,78,267363
32783,0.001203,172.217.194.0-255,2902,149183,78,267363
32784,0.001213,172.31.40.0-255,66,149249,78,267363
32785,0.001255,172.217.194.0-255,5738,154987,78,267363
32786,0.001263,172.217.194.0-255,6438,161425,78,267363
32787,0.001292,172.217.194.0-255,5738,167163,78,267363
32788,0.001295,172.31.40.0-255,66,167229,78,267363
32789,0.001299,172.31.40.0-255,66,167295,78,267363
32790,0.001372,172.31.40.0-255,66,167361,78,267363
32791,0.001397,172.217.194.0-255,1484,168845,78,267363
32792,0.001402,172.217.194.0-255,2902,171747,78,267363
32793,0.001417,172.217.194.0-255,4320,176067,78,267363
32794,0.001426,172.217.194.0-255,1484,177551,78,267363
32795,0.001435,172.31.40.0-255,66,177617,78,267363
32796,0.001478,172.217.194.0-255,1484,179101,78,267363
32797,0.001485,172.31.40.0-255,66,179167,78,267363
32798,0.001564,172.31.40.0-255,66,179233,78,267363
32799,0.001574,172.217.194.0-255,1484,180717,78,267363
32800,0.001583,172.217.194.0-255,2902,183619,78,267363
32801,0.001589,172.217.194.0-255,5738,189357,78,267363
32802,0.001602,172.217.194.0-255,1484,190841,78,267363
32803,0.001623,172.31.40.0-255,66,190907,78,267363
32804,0.001657,172.217.194.0-255,4320,195227,78,267363
32805,0.001675,172.217.194.0-255,5020,200247,78,267363
32806,0.001681,172.31.40.0-255,66,200313,78,267363
32807,0.001711,172.217.194.0-255,4320,204633,78,267363
32808,0.001718,172.217.194.0-255,4320,208953,78,267363
32809,0.001732,172.217.194.0-255,1484,210437,78,267363
32810,0.001738,172.217.194.0-255,4320,214757,78,267363
32811,0.001749,172.31.40.0-255,66,214823,78,267363
32812,0.001762,172.217.194.0-255,7156,221979,78,267363
32813,0.001769,172.217.194.0-255,2902,224881,78,267363
32814,0.00178,172.31.40.0-255,66,224947,78,267363
32815,0.001803,172.217.194.0-255,2902,227849,78,267363
32816,0.001813,172.31.40.0-255,66,227915,78,267363
32817,0.00183,172.217.194.0-255,6438,234353,78,267363
32818,0.001836,172.31.40.0-255,66,234419,78,267363
32819,0.003881,172.217.194.0-255,5738,240157,78,267363
32820,0.003889,172.31.40.0-255,66,240223,78,267363
32821,0.005947,172.217.194.0-255,5738,245961,78,267363
32822,0.011818,172.31.40.0-255,66,246027,78,267363
32823,0.012972,172.217.194.0-255,1484,247511,78,267363
32824,0.013877,172.217.194.0-255,4320,251831,78,267363
32825,0.013882,172.31.40.0-255,66,251897,78,267363
32826,0.015949,172.217.194.0-255,5738,257635,78,267363
32827,0.015958,172.31.40.0-255,66,257701,78,267363
32828,0.018049,172.217.194.0-255,4153,261854,78,267363
32829,0.018064,172.31.40.0-255,66,261920,78,267363
32830,0.023646,172.31.40.0-255,105,262025,78,267363
32831,0.025681,172.217.194.0-255,66,262091,78,267363
32832,0.04759,172.31.40.0-255,172,262263,78,267363
32833,0.047623,172.31.40.0-255,1108,263371,78,267363
32834,0.047692,172.31.40.0-255,1514,264885,78,267363
32835,0.047715,172.31.40.0-255,1514,266399,78,267363
32836,0.047718,172.31.40.0-255,700,267099,78,267363
32837,0.049132,104.244.42.0-255,66,267165,78,267363
32838,0.049166,104.244.42.0-255,66,267231,78,267363
32839,0.049245,104.244.42.0-255,66,267297,78,267363
32840,0.049249,104.244.42.0-255,66,267363,78,267363
32841,0.0,172.217.194.0-255,155,155,78,313237
32842,2.2e-05,172.31.40.0-255,66,221,78,313237
32843,2.8e-05,172.217.194.0-255,1484,1705,78,313237
32844,3.3e-05,172.31.40.0-255,66,1771,78,313237
32845,4e-05,172.217.194.0-255,2902,4673,78,313237
32846,4.4e-05,172.31.40.0-255,66,4739,78,313237
32847,4.9e-05,172.217.194.0-255,4320,9059,78,313237
32848,5.2e-05,172.31.40.0-255,66,9125,78,313237
32849,6.5e-05,172.217.194.0-255,4320,13445,78,313237
32850,6.9e-05,172.31.40.0-255,66,13511,78,313237
32851,0.000108,172.31.40.0-255,66,13577,78,313237
32852,0.000119,172.31.40.0-255,66,13643,78,313237
32853,0.0002,172.217.194.0-255,1484,15127,78,313237
32854,0.000203,172.31.40.0-255,66,15193,78,313237
32855,0.000208,172.217.194.0-255,2902,18095,78,313237
32856,0.00021,172.31.40.0-255,66,18161,78,313237
32857,0.000232,172.217.194.0-255,5738,23899,78,313237
32858,0.000235,172.31.40.0-255,66,23965,78,313237
32859,0.000242,172.217.194.0-255,5738,29703,78,313237
32860,0.000244,172.31.40.0-255,66,29769,78,313237
32861,0.000278,172.217.194.0-255,1125,30894,78,313237
32862,0.000281,172.31.40.0-255,66,30960,78,313237
32863,0.000353,172.217.194.0-255,1484,32444,78,313237
32864,0.000356,172.31.40.0-255,66,32510,78,313237
32865,0.000361,172.217.194.0-255,2902,35412,78,313237
32866,0.000363,172.31.40.0-255,66,35478,78,313237
32867,0.000379,172.217.194.0-255,5738,41216,78,313237
32868,0.000381,172.31.40.0-255,66,41282,78,313237
32869,0.000386,172.217.194.0-255,4320,45602,78,313237
32870,0.000387,172.31.40.0-255,66,45668,78,313237
32871,0.000403,172.217.194.0-255,2543,48211,78,313237
32872,0.000406,172.31.40.0-255,66,48277,78,313237
32873,0.000408,172.217.194.0-255,362,48639,78,313237
32874,0.000526,172.217.194.0-255,381,49020,78,313237
32875,0.000684,172.217.194.0-255,1484,50504,78,313237
32876,0.000688,172.31.40.0-255,66,50570,78,313237
32877,0.000693,172.217.194.0-255,2902,53472,78,313237
32878,0.000694,172.31.40.0-255,66,53538,78,313237
32879,0.000699,172.217.194.0-255,4320,57858,78,313237
32880,0.000701,172.31.40.0-255,66,57924,78,313237
32881,0.000745,172.217.194.0-255,4320,62244,78,313237
32882,0.000748,172.31.40.0-255,66,62310,78,313237
32883,0.000766,172.217.194.0-255,3412,65722,78,313237
32884,0.000768,172.31.40.0-255,66,65788,78,313237
32885,0.000922,172.217.194.0-255,1484,67272,78,313237
32886,0.000938,172.217.194.0-255,2902,70174,78,313237
32887,0.000941,172.31.40.0-255,66,70240,78,313237
32888,0.000946,172.217.194.0-255,4320,74560,78,313237
32889,0.000948,172.31.40.0-255,66,74626,78,313237
32890,0.000961,172.217.194.0-255,1484,76110,78,313237
32891,0.00098,172.217.194.0-255,7156,83266,78,313237
32892,0.000982,172.31.40.0-255,66,83332,78,313237
32893,0.001004,172.217.194.0-255,5738,89070,78,313237
32894,0.001006,172.31.40.0-255,66,89136,78,313237
32895,0.001017,172.31.40.0-255,66,89202,78,313237
32896,0.001175,172.217.194.0-255,1484,90686,78,313237
32897,0.001179,172.217.194.0-255,1484,92170,78,313237
32898,0.001183,172.31.40.0-255,66,92236,78,313237
32899,0.001204,172.217.194.0-255,1484,93720,78,313237
32900,0.001211,172.217.194.0-255,5738,99458,78,313237
32901,0.001213,172.31.40.0-255,66,99524,78,313237
32902,0.00122,172.217.194.0-255,5738,105262,78,313237
32903,0.001222,172.31.40.0-255,66,105328,78,313237
32904,0.001234,172.217.194.0-255,1484,106812,78,313237
32905,0.001237,172.217.194.0-255,1484,108296,78,313237
32906,0.001239,172.31.40.0-255,66,108362,78,313237
32907,0.001279,172.31.40.0-255,66,108428,78,313237
32908,0.001283,172.217.194.0-255,2184,110612,78,313237
32909,0.001285,172.31.40.0-255,66,110678,78,313237
32910,0.001381,172.217.194.0-255,1484,112162,78,313237
32911,0.001401,172.217.194.0-255,2902,115064,78,313237
32912,0.001404,172.31.40.0-255,66,115130,78,313237
32913,0.001412,172.217.194.0-255,5738,120868,78,313237
32914,0.001414,172.31.40.0-255,66,120934,78,313237
32915,0.001417,172.217.194.0-255,1484,122418,78,313237
32916,0.00144,172.217.194.0-255,5738,128156,78,313237
32917,0.001442,172.31.40.0-255,66,128222,78,313237
32918,0.001447,172.217.194.0-255,2902,131124,78,313237
32919,0.001449,172.31.40.0-255,66,131190,78,313237
32920,0.001475,172.31.40.0-255,66,131256,78,313237
32921,0.001479,172.217.194.0-255,2184,133440,78,313237
32922,0.001482,172.31.40.0-255,66,133506,78,313237
32923,0.001509,172.217.194.0-255,5738,139244,78,313237
32924,0.001512,172.31.40.0-255,66,139310,78,313237
32925,0.001542,172.31.40.0-255,66,139376,78,313237
32926,0.001589,172.31.40.0-255,66,139442,78,313237
32927,0.001611,172.217.194.0-255,4320,143762,78,313237
32928,0.001613,172.31.40.0-255,66,143828,78,313237
32929,0.001617,172.217.194.0-255,2184,146012,78,313237
32930,0.001619,172.31.40.0-255,66,146078,78,313237
32931,0.001723,172.217.194.0-255,1484,147562,78,313237
32932,0.001729,172.217.194.0-255,2902,150464,78,313237
32933,0.001732,172.31.40.0-255,66,150530,78,313237
32934,0.001739,172.217.194.0-255,5738,156268,78,313237
32935,0.001741,172.31.40.0-255,66,156334,78,313237
32936,0.00176,172.217.194.0-255,1484,157818,78,313237
32937,0.0018,172.31.40.0-255,66,157884,78,313237
32938,0.001803,172.217.194.0-255,1484,159368,78,313237
32939,0.001831,172.217.194.0-255,2902,162270,78,313237
32940,0.001834,172.31.40.0-255,66,162336,78,313237
32941,0.001862,172.217.194.0-255,6438,168774,78,313237
32942,0.001865,172.31.40.0-255,66,168840,78,313237
32943,0.001939,172.217.194.0-255,1484,170324,78,313237
32944,0.001961,172.217.194.0-255,2902,173226,78,313237
32945,0.001964,172.31.40.0-255,66,173292,78,313237
32946,0.001971,172.217.194.0-255,5738,179030,78,313237
32947,0.001973,172.31.40.0-255,66,179096,78,313237
32948,0.001978,172.217.194.0-255,4320,183416,78,313237
32949,0.001981,172.31.40.0-255,66,183482,78,313237
32950,0.002019,172.31.40.0-255,66,183548,78,313237
32951,0.002022,172.217.194.0-255,1484,185032,78,313237
32952,0.002026,172.217.194.0-255,2902,187934,78,313237
32953,0.002028,172.31.40.0-255,66,188000,78,313237
32954,0.002058,172.217.194.0-255,6438,194438,78,313237
32955,0.002061,172.31.40.0-255,66,194504,78,313237
32956,0.004053,172.217.194.0-255,5738,200242,78,313237
32957,0.00406,172.31.40.0-255,66,200308,78,313237
32958,0.006035,172.217.194.0-255,5738,206046,78,313237
32959,0.00604,172.31.40.0-255,66,206112,78,313237
32960,0.008006,172.217.194.0-255,5738,211850,78,313237
32961,0.008011,172.31.40.0-255,66,211916,78,313237
32962,0.009987,172.217.194.0-255,5738,217654,78,313237
32963,0.009994,172.31.40.0-255,66,217720,78,313237
32964,0.011972,172.217.194.0-255,5738,223458,78,313237
32965,0.011981,172.31.40.0-255,66,223524,78,313237
32966,0.013956,172.217.194.0-255,5738,229262,78,313237
32967,0.013965,172.31.40.0-255,66,229328,78,313237
32968,0.015968,172.217.194.0-255,5738,235066,78,313237
32969,0.015979,172.31.40.0-255,66,235132,78,313237
32970,0.017954,172.217.194.0-255,5738,240870,78,313237
32971,0.017962,172.31.40.0-255,66,240936,78,313237
32972,0.019932,172.217.194.0-255,5738,246674,78,313237
32973,0.019939,172.31.40.0-255,66,246740,78,313237
32974,0.021903,172.217.194.0-255,5738,252478,78,313237
32975,0.021909,172.31.40.0-255,66,252544,78,313237
32976,0.023863,172.217.194.0-255,5738,258282,78,313237
32977,0.02387,172.31.40.0-255,66,258348,78,313237
32978,0.025813,172.217.194.0-255,5738,264086,78,313237
32979,0.025821,172.31.40.0-255,66,264152,78,313237
32980,0.027793,172.217.194.0-255,5738,269890,78,313237
32981,0.027801,172.31.40.0-255,66,269956,78,313237
32982,0.029768,172.217.194.0-255,5738,275694,78,313237
32983,0.029774,172.31.40.0-255,66,275760,78,313237
32984,0.030914,172.31.40.0-255,172,275932,78,313237
32985,0.030938,172.31.40.0-255,1108,277040,78,313237
32986,0.030989,172.31.40.0-255,1514,278554,78,313237
32987,0.03099,172.31.40.0-255,1514,280068,78,313237
32988,0.031014,172.31.40.0-255,702,280770,78,313237
32989,0.03175,172.217.194.0-255,5738,286508,78,313237
32990,0.031756,172.31.40.0-255,66,286574,78,313237
32991,0.03245,104.244.42.0-255,66,286640,78,313237
32992,0.032537,104.244.42.0-255,66,286706,78,313237
32993,0.032564,104.244.42.0-255,66,286772,78,313237
32994,0.032584,104.244.42.0-255,66,286838,78,313237
32995,0.033732,172.217.194.0-255,5738,292576,78,313237
32996,0.033737,172.31.40.0-255,66,292642,78,313237
32997,0.035707,172.217.194.0-255,5738,298380,78,313237
32998,0.035714,172.31.40.0-255,66,298446,78,313237
32999,0.037678,172.217.194.0-255,5738,304184,78,313237
33000,0.037684,172.31.40.0-255,66,304250,78,313237
33001,0.039672,172.217.194.0-255,5738,309988,78,313237
33002,0.039678,172.31.40.0-255,66,310054,78,313237
33003,0.041648,172.217.194.0-255,2946,313000,78,313237
33004,0.041657,172.31.40.0-255,66,313066,78,313237
33005,0.041787,172.31.40.0-255,105,313171,78,313237
33006,0.043731,172.217.194.0-255,66,313237,78,313237
33007,0.0,74.125.24.0-255,150,150,78,286859
33008,2e-05,172.31.40.0-255,66,216,78,286859
33009,2.7e-05,74.125.24.0-255,1484,1700,78,286859
33010,3.1e-05,172.31.40.0-255,66,1766,78,286859
33011,3.7e-05,74.125.24.0-255,2902,4668,78,286859
33012,4.1e-05,172.31.40.0-255,66,4734,78,286859
33013,4.9e-05,74.125.24.0-255,7156,11890,78,286859
33014,5.2e-05,172.31.40.0-255,66,11956,78,286859
33015,5.6e-05,74.125.24.0-255,2017,13973,78,286859
33016,5.9e-05,172.31.40.0-255,66,14039,78,286859
33017,0.000145,74.125.24.0-255,1484,15523,78,286859
33018,0.000148,172.31.40.0-255,66,15589,78,286859
33019,0.000161,74.125.24.0-255,2902,18491,78,286859
33020,0.000165,172.31.40.0-255,66,18557,78,286859
33021,0.000189,74.125.24.0-255,5738,24295,78,286859
33022,0.000192,172.31.40.0-255,66,24361,78,286859
33023,0.000233,74.125.24.0-255,6797,31158,78,286859
33024,0.000236,172.31.40.0-255,66,31224,78,286859
33025,0.000655,74.125.24.0-255,1484,32708,78,286859
33026,0.000661,172.31.40.0-255,66,32774,78,286859
33027,0.000667,74.125.24.0-255,2902,35676,78,286859
33028,0.000669,172.31.40.0-255,66,35742,78,286859
33029,0.000674,74.125.24.0-255,2902,38644,78,286859
33030,0.000676,172.31.40.0-255,66,38710,78,286859
33031,0.0007,74.125.24.0-255,2902,41612,78,286859
33032,0.000702,172.31.40.0-255,66,41678,78,286859
33033,0.000708,74.125.24.0-255,4320,45998,78,286859
33034,0.000711,172.31.40.0-255,66,46064,78,286859
33035,0.000732,74.125.24.0-255,1484,47548,78,286859
33036,0.000734,172.31.40.0-255,66,47614,78,286859
33037,0.000765,172.31.40.0-255,66,47680,78,286859
33038,0.00077,74.125.24.0-255,4320,52000,78,286859
33039,0.000773,172.31.40.0-255,66,52066,78,286859
33040,0.000793,74.125.24.0-255,2543,54609,78,286859
33041,0.000796,172.31.40.0-255,66,54675,78,286859
33042,0.000824,74.125.24.0-255,399,55074,78,286859
33043,0.000928,74.125.24.0-255,1484,56558,78,286859
33044,0.000931,172.31.40.0-255,66,56624,78,286859
33045,0.000935,74.125.24.0-255,1484,58108,78,286859
33046,0.000951,74.125.24.0-255,1484,59592,78,286859
33047,0.000956,74.125.24.0-255,4320,63912,78,286859
33048,0.00096,172.31.40.0-255,66,63978,78,286859
33049,0.000963,172.31.40.0-255,66,64044,78,286859
33050,0.000975,74.125.24.0-255,1484,65528,78,286859
33051,0.001014,74.125.24.0-255,5738,71266,78,286859
33052,0.001016,172.31.40.0-255,66,71332,78,286859
33053,0.00104,74.125.24.0-255,7052,78384,78,286859
33054,0.001044,172.31.40.0-255,66,78450,78,286859
33055,0.001085,74.125.24.0-255,2902,81352,78,286859
33056,0.001088,172.31.40.0-255,66,81418,78,286859
33057,0.001114,172.31.40.0-255,66,81484,78,286859
33058,0.001232,74.125.24.0-255,1484,82968,78,286859
33059,0.001239,74.125.24.0-255,2902,85870,78,286859
33060,0.001241,172.31.40.0-255,66,85936,78,286859
33061,0.001245,74.125.24.0-255,1484,87420,78,286859
33062,0.001263,74.125.24.0-255,4320,91740,78,286859
33063,0.001265,172.31.40.0-255,66,91806,78,286859
33064,0.001312,74.125.24.0-255,6783,98589,78,286859
33065,0.001315,172.31.40.0-255,66,98655,78,286859
33066,0.001573,74.125.24.0-255,1484,100139,78,286859
33067,0.001578,74.125.24.0-255,2902,103041,78,286859
33068,0.001581,172.31.40.0-255,66,103107,78,286859
33069,0.001585,74.125.24.0-255,2902,106009,78,286859
33070,0.001587,172.31.40.0-255,66,106075,78,286859
33071,0.001603,74.125.24.0-255,2902,108977,78,286859
33072,0.001605,172.31.40.0-255,66,109043,78,286859
33073,0.001638,172.31.40.0-255,66,109109,78,286859
33074,0.001641,74.125.24.0-255,1484,110593,78,286859
33075,0.001663,74.125.24.0-255,5738,116331,78,286859
33076,0.001667,172.31.40.0-255,66,116397,78,286859
33077,0.001675,74.125.24.0-255,3602,119999,78,286859
33078,0.001677,172.31.40.0-255,66,120065,78,286859
33079,0.001695,74.125.24.0-255,1484,121549,78,286859
33080,0.001728,172.31.40.0-255,66,121615,78,286859
33081,0.001735,74.125.24.0-255,5787,127402,78,286859
33082,0.001736,172.31.40.0-255,66,127468,78,286859
33083,0.00178,172.31.40.0-255,66,127534,78,286859
33084,0.001802,74.125.24.0-255,1484,129018,78,286859
33085,0.001816,172.31.40.0-255,66,129084,78,286859
33086,0.001827,172.31.40.0-255,66,129150,78,286859
33087,0.001863,74.125.24.0-255,1484,130634,78,286859
33088,0.001866,74.125.24.0-255,1484,132118,78,286859
33089,0.00187,172.31.40.0-255,66,132184,78,286859
33090,0.001879,74.125.24.0-255,1484,133668,78,286859
33091,0.001884,74.125.24.0-255,5738,139406,78,286859
33092,0.001886,172.31.40.0-255,66,139472,78,286859
33093,0.001948,172.31.40.0-255,66,139538,78,286859
33094,0.001982,74.125.24.0-255,5738,145276,78,286859
33095,0.001985,172.31.40.0-255,66,145342,78,286859
33096,0.002007,74.125.24.0-255,5020,150362,78,286859
33097,0.00201,172.31.40.0-255,66,150428,78,286859
33098,0.004054,74.125.24.0-255,5738,156166,78,286859
33099,0.00406,172.31.40.0-255,66,156232,78,286859
33100,0.006119,74.125.24.0-255,4320,160552,78,286859
33101,0.006125,172.31.40.0-255,66,160618,78,286859
33102,0.006142,74.125.24.0-255,1484,162102,78,286859
33103,0.008147,74.125.24.0-255,4320,166422,78,286859
33104,0.008153,172.31.40.0-255,66,166488,78,286859
33105,0.010156,74.125.24.0-255,5738,172226,78,286859
33106,0.010163,172.31.40.0-255,66,172292,78,286859
33107,0.012194,74.125.24.0-255,5738,178030,78,286859
33108,0.012202,172.31.40.0-255,66,178096,78,286859
33109,0.014212,74.125.24.0-255,5738,183834,78,286859
33110,0.01422,172.31.40.0-255,66,183900,78,286859
33111,0.016318,74.125.24.0-255,5738,189638,78,286859
33112,0.016325,172.31.40.0-255,66,189704,78,286859
33113,0.018393,74.125.24.0-255,5738,195442,78,286859
33114,0.0184,172.31.40.0-255,66,195508,78,286859
33115,0.020392,74.125.24.0-255,5738,201246,78,286859
33116,0.020401,172.31.40.0-255,66,201312,78,286859
33117,0.022421,74.125.24.0-255,5738,207050,78,286859
33118,0.02243,172.31.40.0-255,66,207116,78,286859
33119,0.024464,74.125.24.0-255,5738,212854,78,286859
33120,0.024472,172.31.40.0-255,66,212920,78,286859
33121,0.026491,74.125.24.0-255,5738,218658,78,286859
33122,0.026499,172.31.40.0-255,66,218724,78,286859
33123,0.028509,74.125.24.0-255,5738,224462,78,286859
33124,0.028517,172.31.40.0-255,66,224528,78,286859
33125,0.030527,74.125.24.0-255,5738,230266,78,286859
33126,0.030535,172.31.40.0-255,66,230332,78,286859
33127,0.032165,172.31.40.0-255,172,230504,78,286859
33128,0.032192,172.31.40.0-255,1107,231611,78,286859
33129,0.032242,172.31.40.0-255,1514,233125,78,286859
33130,0.032244,172.31.40.0-255,1300,234425,78,286859
33131,0.032555,74.125.24.0-255,5738,240163,78,286859
33132,0.032561,172.31.40.0-255,66,240229,78,286859
33133,0.033743,104.244.42.0-255,66,240295,78,286859
33134,0.033782,104.244.42.0-255,66,240361,78,286859
33135,0.03382,104.244.42.0-255,66,240427,78,286859
33136,0.034598,74.125.24.0-255,5738,246165,78,286859
33137,0.034605,172.31.40.0-255,66,246231,78,286859
33138,0.036617,74.125.24.0-255,5738,251969,78,286859
33139,0.036623,172.31.40.0-255,66,252035,78,286859
33140,0.038668,74.125.24.0-255,5738,257773,78,286859
33141,0.038675,172.31.40.0-255,66,257839,78,286859
33142,0.04072,74.125.24.0-255,5738,263577,78,286859
33143,0.040727,172.31.40.0-255,66,263643,78,286859
33144,0.042763,74.125.24.0-255,5738,269381,78,286859
33145,0.04277,172.31.40.0-255,66,269447,78,286859
33146,0.044773,74.125.24.0-255,5738,275185,78,286859
33147,0.044781,172.31.40.0-255,66,275251,78,286859
33148,0.046826,74.125.24.0-255,5738,280989,78,286859
33149,0.046835,172.31.40.0-255,66,281055,78,286859
33150,0.048857,74.125.24.0-255,5738,286793,78,286859
33151,0.048864,172.31.40.0-255,66,286859,78,286859
33152,0.0,74.125.200.0-255,153,153,78,302280
33153,2.4e-05,172.31.40.0-255,66,219,78,302280
33154,3.2e-05,74.125.200.0-255,1484,1703,78,302280
33155,3.6e-05,172.31.40.0-255,66,1769,78,302280
33156,4.2e-05,74.125.200.0-255,2902,4671,78,302280
33157,4.4e-05,172.31.40.0-255,66,4737,78,302280
33158,4.7e-05,74.125.200.0-255,1484,6221,78,302280
33159,4.9e-05,172.31.40.0-255,66,6287,78,302280
33160,5.4e-05,74.125.200.0-255,2902,9189,78,302280
33161,5.7e-05,172.31.40.0-255,66,9255,78,302280
33162,8.2e-05,74.125.200.0-255,6195,15450,78,302280
33163,8.5e-05,172.31.40.0-255,66,15516,78,302280
33164,9.2e-05,74.125.200.0-255,5738,21254,78,302280
33165,9.4e-05,172.31.40.0-255,66,21320,78,302280
33166,0.00013,74.125.200.0-255,7156,28476,78,302280
33167,0.000133,172.31.40.0-255,66,28542,78,302280
33168,0.000137,74.125.200.0-255,2543,31085,78,302280
33169,0.000139,172.31.40.0-255,66,31151,78,302280
33170,0.00067,74.125.200.0-255,1484,32635,78,302280
33171,0.000676,172.31.40.0-255,66,32701,78,302280
33172,0.000683,74.125.200.0-255,2902,35603,78,302280
33173,0.000685,172.31.40.0-255,66,35669,78,302280
33174,0.000704,74.125.200.0-255,4320,39989,78,302280
33175,0.000707,172.31.40.0-255,66,40055,78,302280
33176,0.000712,74.125.200.0-255,2902,42957,78,302280
33177,0.000713,172.31.40.0-255,66,43023,78,302280
33178,0.00073,74.125.200.0-255,2902,45925,78,302280
33179,0.000732,172.31.40.0-255,66,45991,78,302280
33180,0.000749,74.125.200.0-255,4320,50311,78,302280
33181,0.000751,172.31.40.0-255,66,50377,78,302280
33182,0.000772,74.125.200.0-255,5379,55756,78,302280
33183,0.000774,172.31.40.0-255,66,55822,78,302280
33184,0.000786,172.31.40.0-255,66,55888,78,302280
33185,0.000789,74.125.200.0-255,111,55999,78,302280
33186,0.000863,74.125.200.0-255,331,56330,78,302280
33187,0.001122,74.125.200.0-255,1484,57814,78,302280
33188,0.001128,74.125.200.0-255,2902,60716,78,302280
33189,0.00113,74.125.200.0-255,1484,62200,78,302280
33190,0.001134,172.31.40.0-255,66,62266,78,302280
33191,0.001145,74.125.200.0-255,4320,66586,78,302280
33192,0.001148,74.125.200.0-255,2902,69488,78,302280
33193,0.001164,74.125.200.0-255,1484,70972,78,302280
33194,0.001185,74.125.200.0-255,2902,73874,78,302280
33195,0.001187,74.125.200.0-255,1484,75358,78,302280
33196,0.001205,74.125.200.0-255,4320,79678,78,302280
33197,0.001221,74.125.200.0-255,2902,82580,78,302280
33198,0.001227,74.125.200.0-255,5738,88318,78,302280
33199,0.001255,74.125.200.0-255,2184,90502,78,302280
33200,0.001577,74.125.200.0-255,1484,91986,78,302280
33201,0.001584,74.125.200.0-255,2902,94888,78,302280
33202,0.001609,74.125.200.0-255,5738,100626,78,302280
33203,0.001635,74.125.200.0-255,7156,107782,78,302280
33204,0.001659,74.125.200.0-255,1484,109266,78,302280
33205,0.001697,74.125.200.0-255,1484,110750,78,302280
33206,0.001711,74.125.200.0-255,766,111516,78,302280
33207,0.001729,74.125.200.0-255,2902,114418,78,302280
33208,0.001755,74.125.200.0-255,4320,118738,78,302280
33209,0.001773,74.125.200.0-255,2902,121640,78,302280
33210,0.001777,74.125.200.0-255,4320,125960,78,302280
33211,0.001796,74.125.200.0-255,4320,130280,78,302280
33212,0.001816,74.125.200.0-255,4320,134600,78,302280
33213,0.00184,74.125.200.0-255,766,135366,78,302280
33214,0.00189,74.125.200.0-255,1484,136850,78,302280
33215,0.001912,74.125.200.0-255,4320,141170,78,302280
33216,0.001914,74.125.200.0-255,1484,142654,78,302280
33217,0.001919,74.125.200.0-255,2902,145556,78,302280
33218,0.001979,74.125.200.0-255,5738,151294,78,302280
33219,0.002015,74.125.200.0-255,7156,158450,78,302280
33220,0.00203,74.125.200.0-255,766,159216,78,302280
33221,0.00218,74.125.200.0-255,1484,160700,78,302280
33222,0.002194,74.125.200.0-255,2902,163602,78,302280
33223,0.002227,74.125.200.0-255,4320,167922,78,302280
33224,0.002233,74.125.200.0-255,5738,173660,78,302280
33225,0.002259,74.125.200.0-255,5738,179398,78,302280
33226,0.002277,74.125.200.0-255,5738,185136,78,302280
33227,0.002281,74.125.200.0-255,4320,189456,78,302280
33228,0.002314,74.125.200.0-255,3602,193058,78,302280
33229,0.002346,74.125.200.0-255,2902,195960,78,302280
33230,0.005837,172.31.40.0-255,66,196026,78,302280
33231,0.005844,172.31.40.0-255,66,196092,78,302280
33232,0.005846,172.31.40.0-255,66,196158,78,302280
33233,0.005849,172.31.40.0-255,66,196224,78,302280
33234,0.00586,172.31.40.0-255,66,196290,78,302280
33235,0.005863,172.31.40.0-255,66,196356,78,302280
33236,0.005865,172.31.40.0-255,66,196422,78,302280
33237,0.005869,172.31.40.0-255,66,196488,78,302280
33238,0.005874,172.31.40.0-255,66,196554,78,302280
33239,0.005876,172.31.40.0-255,66,196620,78,302280
33240,0.005879,172.31.40.0-255,66,196686,78,302280
33241,0.005883,172.31.40.0-255,66,196752,78,302280
33242,0.005886,172.31.40.0-255,66,196818,78,302280
33243,0.005889,172.31.40.0-255,66,196884,78,302280
33244,0.005893,172.31.40.0-255,66,196950,78,302280
33245,0.005895,172.31.40.0-255,66,197016,78,302280
33246,0.005898,172.31.40.0-255,66,197082,78,302280
33247,0.005901,172.31.40.0-255,66,197148,78,302280
33248,0.005904,172.31.40.0-255,66,197214,78,302280
33249,0.005907,172.31.40.0-255,66,197280,78,302280
33250,0.005911,172.31.40.0-255,66,197346,78,302280
33251,0.005913,172.31.40.0-255,66,197412,78,302280
33252,0.005916,172.31.40.0-255,66,197478,78,302280
33253,0.005973,172.31.40.0-255,66,197544,78,302280
33254,0.008292,74.125.200.0-255,5738,203282,78,302280
33255,0.008299,172.31.40.0-255,66,203348,78,302280
33256,0.010619,74.125.200.0-255,2902,206250,78,302280
33257,0.010626,172.31.40.0-255,66,206316,78,302280
33258,0.010651,74.125.200.0-255,2902,209218,78,302280
33259,0.010654,172.31.40.0-255,66,209284,78,302280
33260,0.01294,74.125.200.0-255,2902,212186,78,302280
33261,0.012946,172.31.40.0-255,66,212252,78,302280
33262,0.012968,74.125.200.0-255,2902,215154,78,302280
33263,0.01297,172.31.40.0-255,66,215220,78,302280
33264,0.01528,74.125.200.0-255,5738,220958,78,302280
33265,0.015298,172.31.40.0-255,66,221024,78,302280
33266,0.017621,74.125.200.0-255,5738,226762,78,302280
33267,0.01763,172.31.40.0-255,66,226828,78,302280
33268,0.019956,74.125.200.0-255,5738,232566,78,302280
33269,0.019969,172.31.40.0-255,66,232632,78,302280
33270,0.022282,74.125.200.0-255,5738,238370,78,302280
33271,0.022289,172.31.40.0-255,66,238436,78,302280
33272,0.024622,74.125.200.0-255,5738,244174,78,302280
33273,0.024633,172.31.40.0-255,66,244240,78,302280
33274,0.026952,74.125.200.0-255,5738,249978,78,302280
33275,0.026959,172.31.40.0-255,66,250044,78,302280
33276,0.029276,74.125.200.0-255,5738,255782,78,302280
33277,0.029282,172.31.40.0-255,66,255848,78,302280
33278,0.03164,74.125.200.0-255,5738,261586,78,302280
33279,0.031657,172.31.40.0-255,66,261652,78,302280
33280,0.033975,74.125.200.0-255,5738,267390,78,302280
33281,0.033982,172.31.40.0-255,66,267456,78,302280
33282,0.036313,74.125.200.0-255,5738,273194,78,302280
33283,0.036327,172.31.40.0-255,66,273260,78,302280
33284,0.038638,74.125.200.0-255,5738,278998,78,302280
33285,0.038645,172.31.40.0-255,66,279064,78,302280
33286,0.040979,74.125.200.0-255,5738,284802,78,302280
33287,0.040998,172.31.40.0-255,66,284868,78,302280
33288,0.043383,74.125.200.0-255,5738,290606,78,302280
33289,0.043399,172.31.40.0-255,66,290672,78,302280
33290,0.045714,74.125.200.0-255,5738,296410,78,302280
33291,0.045726,172.31.40.0-255,66,296476,78,302280
33292,0.048066,74.125.200.0-255,5738,302214,78,302280
33293,0.048084,172.31.40.0-255,66,302280,78,302280
33294,0.0,172.217.194.0-255,374,374,78,164375
33295,1.6e-05,172.31.40.0-255,66,440,78,164375
33296,2.3e-05,172.217.194.0-255,1484,1924,78,164375
33297,2.7e-05,172.31.40.0-255,66,1990,78,164375
33298,5.5e-05,172.217.194.0-255,2902,4892,78,164375
33299,6.2e-05,172.31.40.0-255,66,4958,78,164375
33300,0.000164,172.217.194.0-255,5738,10696,78,164375
33301,0.000169,172.31.40.0-255,66,10762,78,164375
33302,0.000406,172.217.194.0-255,5738,16500,78,164375
33303,0.000412,172.31.40.0-255,66,16566,78,164375
33304,0.000448,172.31.40.0-255,66,16632,78,164375
33305,0.000951,172.217.194.0-255,6797,23429,78,164375
33306,0.000958,172.31.40.0-255,66,23495,78,164375
33307,0.003054,172.217.194.0-255,4320,27815,78,164375
33308,0.00306,172.31.40.0-255,66,27881,78,164375
33309,0.003086,172.217.194.0-255,1484,29365,78,164375
33310,0.003088,172.31.40.0-255,66,29431,78,164375
33311,0.005151,172.217.194.0-255,4320,33751,78,164375
33312,0.005158,172.31.40.0-255,66,33817,78,164375
33313,0.005214,172.217.194.0-255,1484,35301,78,164375
33314,0.005216,172.31.40.0-255,66,35367,78,164375
33315,0.007209,172.217.194.0-255,2902,38269,78,164375
33316,0.007217,172.31.40.0-255,66,38335,78,164375
33317,0.007287,172.217.194.0-255,2902,41237,78,164375
33318,0.00729,172.31.40.0-255,66,41303,78,164375
33319,0.009295,172.217.194.0-255,2902,44205,78,164375
33320,0.009302,172.31.40.0-255,66,44271,78,164375
33321,0.009396,172.217.194.0-255,2902,47173,78,164375
33322,0.0094,172.31.40.0-255,66,47239,78,164375
33323,0.011407,172.217.194.0-255,2902,50141,78,164375
33324,0.011415,172.31.40.0-255,66,50207,78,164375
33325,0.011562,172.217.194.0-255,2902,53109,78,164375
33326,0.011567,172.31.40.0-255,66,53175,78,164375
33327,0.013501,172.217.194.0-255,2902,56077,78,164375
33328,0.013511,172.31.40.0-255,66,56143,78,164375
33329,0.013666,172.217.194.0-255,2902,59045,78,164375
33330,0.01367,172.31.40.0-255,66,59111,78,164375
33331,0.015566,172.217.194.0-255,2902,62013,78,164375
33332,0.015572,172.31.40.0-255,66,62079,78,164375
33333,0.015734,172.217.194.0-255,2902,64981,78,164375
33334,0.015739,172.31.40.0-255,66,65047,78,164375
33335,0.017647,172.217.194.0-255,2902,67949,78,164375
33336,0.017656,172.31.40.0-255,66,68015,78,164375
33337,0.017806,172.217.194.0-255,2902,70917,78,164375
33338,0.017811,172.31.40.0-255,66,70983,78,164375
33339,0.019742,172.217.194.0-255,2902,73885,78,164375
33340,0.01975,172.31.40.0-255,66,73951,78,164375
33341,0.019878,172.217.194.0-255,2902,76853,78,164375
33342,0.019882,172.31.40.0-255,66,76919,78,164375
33343,0.021015,172.31.40.0-255,167,77086,78,164375
33344,0.021045,172.31.40.0-255,1108,78194,78,164375
33345,0.021103,172.31.40.0-255,1514,79708,78,164375
33346,0.021105,172.31.40.0-255,1299,81007,78,164375
33347,0.021838,172.217.194.0-255,2902,83909,78,164375
33348,0.021845,172.31.40.0-255,66,83975,78,164375
33349,0.021928,172.217.194.0-255,2902,86877,78,164375
33350,0.021933,172.31.40.0-255,66,86943,78,164375
33351,0.022534,104.244.42.0-255,66,87009,78,164375
33352,0.022574,104.244.42.0-255,66,87075,78,164375
33353,0.022688,104.244.42.0-255,66,87141,78,164375
33354,0.023917,172.217.194.0-255,2902,90043,78,164375
33355,0.023923,172.31.40.0-255,66,90109,78,164375
33356,0.023974,172.217.194.0-255,2902,93011,78,164375
33357,0.023977,172.31.40.0-255,66,93077,78,164375
33358,0.025971,172.217.194.0-255,2902,95979,78,164375
33359,0.025977,172.31.40.0-255,66,96045,78,164375
33360,0.02605,172.217.194.0-255,1484,97529,78,164375
33361,0.026061,172.217.194.0-255,1484,99013,78,164375
33362,0.026063,172.31.40.0-255,66,99079,78,164375
33363,0.028047,172.217.194.0-255,2902,101981,78,164375
33364,0.028053,172.31.40.0-255,66,102047,78,164375
33365,0.028149,172.217.194.0-255,2902,104949,78,164375
33366,0.028154,172.31.40.0-255,66,105015,78,164375
33367,0.030113,172.217.194.0-255,2902,107917,78,164375
33368,0.03012,172.31.40.0-255,66,107983,78,164375
33369,0.030228,172.217.194.0-255,2902,110885,78,164375
33370,0.030233,172.31.40.0-255,66,110951,78,164375
33371,0.032192,172.217.194.0-255,2902,113853,78,164375
33372,0.032199,172.31.40.0-255,66,113919,78,164375
33373,0.032321,172.217.194.0-255,2902,116821,78,164375
33374,0.032325,172.31.40.0-255,66,116887,78,164375
33375,0.034279,172.217.194.0-255,2902,119789,78,164375
33376,0.034285,172.31.40.0-255,66,119855,78,164375
33377,0.034399,172.217.194.0-255,2902,122757,78,164375
33378,0.034404,172.31.40.0-255,66,122823,78,164375
33379,0.036358,172.217.194.0-255,2902,125725,78,164375
33380,0.036365,172.31.40.0-255,66,125791,78,164375
33381,0.036516,172.217.194.0-255,2902,128693,78,164375
33382,0.036522,172.31.40.0-255,66,128759,78,164375
33383,0.038447,172.217.194.0-255,2902,131661,78,164375
33384,0.038453,172.31.40.0-255,66,131727,78,164375
33385,0.038583,172.217.194.0-255,2902,134629,78,164375
33386,0.038588,172.31.40.0-255,66,134695,78,164375
33387,0.040511,172.217.194.0-255,2902,137597,78,164375
33388,0.040518,172.31.40.0-255,66,137663,78,164375
33389,0.040653,172.217.194.0-255,2902,140565,78,164375
33390,0.040658,172.31.40.0-255,66,140631,78,164375
33391,0.042612,172.217.194.0-255,2902,143533,78,164375
33392,0.042618,172.31.40.0-255,66,143599,78,164375
33393,0.04272,172.217.194.0-255,2902,146501,78,164375
33394,0.042726,172.31.40.0-255,66,146567,78,164375
33395,0.04471,172.217.194.0-255,2902,149469,78,164375
33396,0.044716,172.31.40.0-255,66,149535,78,164375
33397,0.044783,172.217.194.0-255,2902,152437,78,164375
33398,0.044787,172.31.40.0-255,66,152503,78,164375
33399,0.046806,172.217.194.0-255,1484,153987,78,164375
33400,0.046812,172.31.40.0-255,66,154053,78,164375
33401,0.046845,172.217.194.0-255,4320,158373,78,164375
33402,0.046847,172.31.40.0-255,66,158439,78,164375
33403,0.048929,172.217.194.0-255,2902,161341,78,164375
33404,0.048935,172.31.40.0-255,66,161407,78,164375
33405,0.048969,172.217.194.0-255,2902,164309,78,164375
33406,0.048972,172.31.40.0-255,66,164375,78,164375
33407,0.0,172.217.194.0-255,153,153,78,149285
33408,2e-05,172.31.40.0-255,66,219,78,149285
33409,2.8e-05,172.217.194.0-255,1484,1703,78,149285
33410,3.2e-05,172.31.40.0-255,66,1769,78,149285
33411,3.7e-05,172.217.194.0-255,2902,4671,78,149285
33412,4e-05,172.31.40.0-255,66,4737,78,149285
33413,4.3e-05,172.217.194.0-255,1484,6221,78,149285
33414,4.6e-05,172.31.40.0-255,66,6287,78,149285
33415,8.1e-05,172.217.194.0-255,5738,12025,78,149285
33416,8.4e-05,172.31.40.0-255,66,12091,78,149285
33417,0.000147,172.217.194.0-255,6356,18447,78,149285
33418,0.00015,172.31.40.0-255,66,18513,78,149285
33419,0.000235,172.217.194.0-255,7156,25669,78,149285
33420,0.000238,172.31.40.0-255,66,25735,78,149285
33421,0.000326,172.217.194.0-255,5379,31114,78,149285
33422,0.00033,172.31.40.0-255,66,31180,78,149285
33423,0.000392,172.217.194.0-255,5738,36918,78,149285
33424,0.000395,172.31.40.0-255,66,36984,78,149285
33425,0.000424,172.31.40.0-255,66,37050,78,149285
33426,0.000594,172.217.194.0-255,5738,42788,78,149285
33427,0.0006,172.31.40.0-255,66,42854,78,149285
33428,0.00063,172.31.40.0-255,66,42920,78,149285
33429,0.000794,172.217.194.0-255,3946,46866,78,149285
33430,0.000798,172.31.40.0-255,66,46932,78,149285
33431,0.000852,172.217.194.0-255,2902,49834,78,149285
33432,0.000855,172.31.40.0-255,66,49900,78,149285
33433,0.000911,172.31.40.0-255,66,49966,78,149285
33434,0.001145,172.31.40.0-255,66,50032,78,149285
33435,0.001166,172.217.194.0-255,3602,53634,78,149285
33436,0.001184,172.31.40.0-255,66,53700,78,149285
33437,0.001279,172.217.194.0-255,364,54064,78,149285
33438,0.001299,172.217.194.0-255,2902,56966,78,149285
33439,0.001302,172.31.40.0-255,66,57032,78,149285
33440,0.001373,172.31.40.0-255,66,57098,78,149285
33441,0.001487,172.217.194.0-255,2902,60000,78,149285
33442,0.002203,172.217.194.0-255,1484,61484,78,149285
33443,0.00222,172.217.194.0-255,2902,64386,78,149285
33444,0.002261,172.217.194.0-255,5738,70124,78,149285
33445,0.002337,172.217.194.0-255,4320,74444,78,149285
33446,0.002507,172.217.194.0-255,4320,78764,78,149285
33447,0.002529,172.217.194.0-255,6438,85202,78,149285
33448,0.002656,172.217.194.0-255,4320,89522,78,149285
33449,0.002985,172.217.194.0-255,4320,93842,78,149285
33450,0.003004,172.217.194.0-255,5020,98862,78,149285
33451,0.003114,172.217.194.0-255,4320,103182,78,149285
33452,0.003216,172.217.194.0-255,2184,105366,78,149285
33453,0.006812,172.31.40.0-255,66,105432,78,149285
33454,0.009421,172.217.194.0-255,5738,111170,78,149285
33455,0.009438,172.31.40.0-255,66,111236,78,149285
33456,0.012029,172.217.194.0-255,5738,116974,78,149285
33457,0.017242,172.31.40.0-255,66,117040,78,149285
33458,0.019844,172.217.194.0-255,5738,122778,78,149285
33459,0.019862,172.31.40.0-255,66,122844,78,149285
33460,0.022452,172.217.194.0-255,5738,128582,78,149285
33461,0.022461,172.31.40.0-255,66,128648,78,149285
33462,0.025036,172.217.194.0-255,5738,134386,78,149285
33463,0.026896,172.31.40.0-255,66,134452,78,149285
33464,0.029485,172.217.194.0-255,5738,140190,78,149285
33465,0.029497,172.31.40.0-255,66,140256,78,149285
33466,0.032116,172.217.194.0-255,5738,145994,78,149285
33467,0.032125,172.31.40.0-255,66,146060,78,149285
33468,0.034717,172.217.194.0-255,2988,149048,78,149285
33469,0.034761,172.31.40.0-255,66,149114,78,149285
33470,0.035054,172.31.40.0-255,105,149219,78,149285
33471,0.037612,172.217.194.0-255,66,149285,78,149285
33472,0.0,74.125.68.0-255,153,153,78,314904
33473,2.3e-05,172.31.40.0-255,66,219,78,314904
33474,3.1e-05,74.125.68.0-255,1484,1703,78,314904
33475,3.6e-05,172.31.40.0-255,66,1769,78,314904
33476,3.9e-05,74.125.68.0-255,1484,3253,78,314904
33477,4.1e-05,172.31.40.0-255,66,3319,78,314904
33478,4.7e-05,74.125.68.0-255,2902,6221,78,314904
33479,5e-05,172.31.40.0-255,66,6287,78,314904
33480,7.6e-05,74.125.68.0-255,5738,12025,78,314904
33481,7.8e-05,172.31.40.0-255,66,12091,78,314904
33482,8.1e-05,74.125.68.0-255,1484,13575,78,314904
33483,8.3e-05,172.31.40.0-255,66,13641,78,314904
33484,0.000105,74.125.68.0-255,2148,15789,78,314904
33485,0.000107,172.31.40.0-255,66,15855,78,314904
33486,0.000134,74.125.68.0-255,4320,20175,78,314904
33487,0.000136,172.31.40.0-255,66,20241,78,314904
33488,0.000142,74.125.68.0-255,5738,25979,78,314904
33489,0.000145,172.31.40.0-255,66,26045,78,314904
33490,0.00017,74.125.68.0-255,2902,28947,78,314904
33491,0.000172,172.31.40.0-255,66,29013,78,314904
33492,0.000188,74.125.68.0-255,2543,31556,78,314904
33493,0.00019,172.31.40.0-255,66,31622,78,314904
33494,0.000294,74.125.68.0-255,1484,33106,78,314904
33495,0.0003,172.31.40.0-255,66,33172,78,314904
33496,0.000305,74.125.68.0-255,2902,36074,78,314904
33497,0.000307,172.31.40.0-255,66,36140,78,314904
33498,0.000325,74.125.68.0-255,5738,41878,78,314904
33499,0.000327,172.31.40.0-255,66,41944,78,314904
33500,0.00033,74.125.68.0-255,1484,43428,78,314904
33501,0.000332,172.31.40.0-255,66,43494,78,314904
33502,0.000358,74.125.68.0-255,5379,48873,78,314904
33503,0.00036,172.31.40.0-255,66,48939,78,314904
33504,0.000373,74.125.68.0-255,1484,50423,78,314904
33505,0.000395,172.31.40.0-255,66,50489,78,314904
33506,0.000476,74.125.68.0-255,7065,57554,78,314904
33507,0.000479,172.31.40.0-255,66,57620,78,314904
33508,0.00079,74.125.68.0-255,136,57756,78,314904
33509,0.000818,74.125.68.0-255,348,58104,78,314904
33510,0.001058,172.31.40.0-255,66,58170,78,314904
33511,0.001291,74.125.68.0-255,1484,59654,78,314904
33512,0.001301,74.125.68.0-255,2902,62556,78,314904
33513,0.001305,172.31.40.0-255,66,62622,78,314904
33514,0.00133,74.125.68.0-255,4320,66942,78,314904
33515,0.001333,172.31.40.0-255,66,67008,78,314904
33516,0.001361,74.125.68.0-255,5738,72746,78,314904
33517,0.001364,172.31.40.0-255,66,72812,78,314904
33518,0.00138,74.125.68.0-255,4320,77132,78,314904
33519,0.001382,172.31.40.0-255,66,77198,78,314904
33520,0.001398,74.125.68.0-255,7156,84354,78,314904
33521,0.0014,172.31.40.0-255,66,84420,78,314904
33522,0.001435,74.125.68.0-255,1484,85904,78,314904
33523,0.001466,74.125.68.0-255,6438,92342,78,314904
33524,0.001469,172.31.40.0-255,66,92408,78,314904
33525,0.001529,74.125.68.0-255,1484,93892,78,314904
33526,0.001542,74.125.68.0-255,1484,95376,78,314904
33527,0.001546,172.31.40.0-255,66,95442,78,314904
33528,0.001567,74.125.68.0-255,1484,96926,78,314904
33529,0.001574,74.125.68.0-255,5738,102664,78,314904
33530,0.001577,172.31.40.0-255,66,102730,78,314904
33531,0.00158,74.125.68.0-255,1484,104214,78,314904
33532,0.001595,74.125.68.0-255,5738,109952,78,314904
33533,0.001598,172.31.40.0-255,66,110018,78,314904
33534,0.001636,172.31.40.0-255,66,110084,78,314904
33535,0.001644,74.125.68.0-255,7156,117240,78,314904
33536,0.001646,172.31.40.0-255,66,117306,78,314904
33537,0.001678,74.125.68.0-255,766,118072,78,314904
33538,0.001789,74.125.68.0-255,1484,119556,78,314904
33539,0.001793,172.31.40.0-255,66,119622,78,314904
33540,0.0018,74.125.68.0-255,2902,122524,78,314904
33541,0.001803,172.31.40.0-255,66,122590,78,314904
33542,0.001826,74.125.68.0-255,5738,128328,78,314904
33543,0.00183,172.31.40.0-255,66,128394,78,314904
33544,0.001885,74.125.68.0-255,2902,131296,78,314904
33545,0.001888,172.31.40.0-255,66,131362,78,314904
33546,0.001914,74.125.68.0-255,5738,137100,78,314904
33547,0.001917,172.31.40.0-255,66,137166,78,314904
33548,0.001929,172.31.40.0-255,66,137232,78,314904
33549,0.001935,74.125.68.0-255,5020,142252,78,314904
33550,0.001937,172.31.40.0-255,66,142318,78,314904
33551,0.001984,74.125.68.0-255,1484,143802,78,314904
33552,0.001997,74.125.68.0-255,1484,145286,78,314904
33553,0.002001,172.31.40.0-255,66,145352,78,314904
33554,0.002006,74.125.68.0-255,2902,148254,78,314904
33555,0.002009,172.31.40.0-255,66,148320,78,314904
33556,0.002035,74.125.68.0-255,5738,154058,78,314904
33557,0.002039,172.31.40.0-255,66,154124,78,314904
33558,0.00206,74.125.68.0-255,5738,159862,78,314904
33559,0.002063,172.31.40.0-255,66,159928,78,314904
33560,0.002091,74.125.68.0-255,1484,161412,78,314904
33561,0.002102,172.31.40.0-255,66,161478,78,314904
33562,0.002108,74.125.68.0-255,4320,165798,78,314904
33563,0.002111,172.31.40.0-255,66,165864,78,314904
33564,0.002124,74.125.68.0-255,2184,168048,78,314904
33565,0.002127,172.31.40.0-255,66,168114,78,314904
33566,0.002234,74.125.68.0-255,1484,169598,78,314904
33567,0.002239,74.125.68.0-255,1484,171082,78,314904
33568,0.002242,172.31.40.0-255,66,171148,78,314904
33569,0.002265,74.125.68.0-255,1484,172632,78,314904
33570,0.002271,74.125.68.0-255,4320,176952,78,314904
33571,0.002273,172.31.40.0-255,66,177018,78,314904
33572,0.002276,74.125.68.0-255,1484,178502,78,314904
33573,0.002305,74.125.68.0-255,7156,185658,78,314904
33574,0.002308,172.31.40.0-255,66,185724,78,314904
33575,0.002316,74.125.68.0-255,7156,192880,78,314904
33576,0.002318,172.31.40.0-255,66,192946,78,314904
33577,0.002321,74.125.68.0-255,1484,194430,78,314904
33578,0.002342,74.125.68.0-255,7156,201586,78,314904
33579,0.002344,172.31.40.0-255,66,201652,78,314904
33580,0.002347,74.125.68.0-255,766,202418,78,314904
33581,0.002468,74.125.68.0-255,1484,203902,78,314904
33582,0.00247,172.31.40.0-255,66,203968,78,314904
33583,0.002486,74.125.68.0-255,2902,206870,78,314904
33584,0.002489,172.31.40.0-255,66,206936,78,314904
33585,0.002509,74.125.68.0-255,4320,211256,78,314904
33586,0.002513,172.31.40.0-255,66,211322,78,314904
33587,0.004973,74.125.68.0-255,1484,212806,78,314904
33588,0.004994,74.125.68.0-255,4320,217126,78,314904
33589,0.004999,172.31.40.0-255,66,217192,78,314904
33590,0.007494,74.125.68.0-255,5738,222930,78,314904
33591,0.007516,172.31.40.0-255,66,222996,78,314904
33592,0.010026,74.125.68.0-255,5738,228734,78,314904
33593,0.010044,172.31.40.0-255,66,228800,78,314904
33594,0.012559,74.125.68.0-255,5738,234538,78,314904
33595,0.012576,172.31.40.0-255,66,234604,78,314904
33596,0.015063,74.125.68.0-255,5738,240342,78,314904
33597,0.01507,172.31.40.0-255,66,240408,78,314904
33598,0.017552,74.125.68.0-255,2902,243310,78,314904
33599,0.017559,172.31.40.0-255,66,243376,78,314904
33600,0.017582,74.125.68.0-255,2902,246278,78,314904
33601,0.017585,172.31.40.0-255,66,246344,78,314904
33602,0.020033,74.125.68.0-255,2902,249246,78,314904
33603,0.02004,172.31.40.0-255,66,249312,78,314904
33604,0.020062,74.125.68.0-255,2902,252214,78,314904
33605,0.020064,172.31.40.0-255,66,252280,78,314904
33606,0.022531,74.125.68.0-255,2902,255182,78,314904
33607,0.022541,172.31.40.0-255,66,255248,78,314904
33608,0.022565,74.125.68.0-255,2902,258150,78,314904
33609,0.022568,172.31.40.0-255,66,258216,78,314904
33610,0.025026,74.125.68.0-255,4320,262536,78,314904
33611,0.025035,172.31.40.0-255,66,262602,78,314904
33612,0.025055,74.125.68.0-255,1484,264086,78,314904
33613,0.027532,74.125.68.0-255,4320,268406,78,314904
33614,0.027545,172.31.40.0-255,66,268472,78,314904
33615,0.030037,74.125.68.0-255,5738,274210,78,314904
33616,0.030054,172.31.40.0-255,66,274276,78,314904
33617,0.032542,74.125.68.0-255,5738,280014,78,314904
33618,0.032551,172.31.40.0-255,66,280080,78,314904
33619,0.03506,74.125.68.0-255,5738,285818,78,314904
33620,0.035079,172.31.40.0-255,66,285884,78,314904
33621,0.03757,74.125.68.0-255,5738,291622,78,314904
33622,0.037582,172.31.40.0-255,66,291688,78,314904
33623,0.040079,74.125.68.0-255,5738,297426,78,314904
33624,0.040086,172.31.40.0-255,66,297492,78,314904
33625,0.042615,74.125.68.0-255,5738,303230,78,314904
33626,0.042626,172.31.40.0-255,66,303296,78,314904
33627,0.045133,74.125.68.0-255,5738,309034,78,314904
33628,0.045152,172.31.40.0-255,66,309100,78,314904
33629,0.047659,74.125.68.0-255,5738,314838,78,314904
33630,0.047675,172.31.40.0-255,66,314904,78,314904
33631,0.0,74.125.24.0-255,150,150,78,170733
33632,1.7e-05,172.31.40.0-255,66,216,78,170733
33633,2.3e-05,74.125.24.0-255,1484,1700,78,170733
33634,2.8e-05,172.31.40.0-255,66,1766,78,170733
33635,3.3e-05,74.125.24.0-255,2902,4668,78,170733
33636,3.6e-05,172.31.40.0-255,66,4734,78,170733
33637,4.1e-05,74.125.24.0-255,4320,9054,78,170733
33638,4.5e-05,172.31.40.0-255,66,9120,78,170733
33639,8.1e-05,74.125.24.0-255,2902,12022,78,170733
33640,8.4e-05,172.31.40.0-255,66,12088,78,170733
33641,8.8e-05,74.125.24.0-255,2063,14151,78,170733
33642,9e-05,172.31.40.0-255,66,14217,78,170733
33643,0.000101,172.31.40.0-255,66,14283,78,170733
33644,0.000107,74.125.24.0-255,5379,19662,78,170733
33645,0.00011,172.31.40.0-255,66,19728,78,170733
33646,0.000167,74.125.24.0-255,1484,21212,78,170733
33647,0.00017,172.31.40.0-255,66,21278,78,170733
33648,0.000182,74.125.24.0-255,2902,24180,78,170733
33649,0.000188,172.31.40.0-255,66,24246,78,170733
33650,0.000193,74.125.24.0-255,5738,29984,78,170733
33651,0.000196,172.31.40.0-255,66,30050,78,170733
33652,0.000226,74.125.24.0-255,6797,36847,78,170733
33653,0.000228,172.31.40.0-255,66,36913,78,170733
33654,0.000234,74.125.24.0-255,7156,44069,78,170733
33655,0.000236,172.31.40.0-255,66,44135,78,170733
33656,0.000302,172.31.40.0-255,66,44201,78,170733
33657,0.000334,74.125.24.0-255,1484,45685,78,170733
33658,0.000336,172.31.40.0-255,66,45751,78,170733
33659,0.000347,74.125.24.0-255,1484,47235,78,170733
33660,0.000349,172.31.40.0-255,66,47301,78,170733
33661,0.000377,74.125.24.0-255,1484,48785,78,170733
33662,0.000384,74.125.24.0-255,5738,54523,78,170733
33663,0.000386,172.31.40.0-255,66,54589,78,170733
33664,0.000392,74.125.24.0-255,6493,61082,78,170733
33665,0.000394,172.31.40.0-255,66,61148,78,170733
33666,0.000547,74.125.24.0-255,1484,62632,78,170733
33667,0.000553,74.125.24.0-255,2902,65534,78,170733
33668,0.000556,172.31.40.0-255,66,65600,78,170733
33669,0.00058,74.125.24.0-255,5738,71338,78,170733
33670,0.000583,172.31.40.0-255,66,71404,78,170733
33671,0.000587,74.125.24.0-255,2902,74306,78,170733
33672,0.000589,172.31.40.0-255,66,74372,78,170733
33673,0.00062,172.31.40.0-255,66,74438,78,170733
33674,0.000643,74.125.24.0-255,2902,77340,78,170733
33675,0.000646,172.31.40.0-255,66,77406,78,170733
33676,0.000677,172.31.40.0-255,66,77472,78,170733
33677,0.000811,74.125.24.0-255,1484,78956,78,170733
33678,0.000839,74.125.24.0-255,2902,81858,78,170733
33679,0.000842,172.31.40.0-255,66,81924,78,170733
33680,0.000847,74.125.24.0-255,4320,86244,78,170733
33681,0.000849,172.31.40.0-255,66,86310,78,170733
33682,0.00087,74.125.24.0-255,5738,92048,78,170733
33683,0.000876,172.31.40.0-255,66,92114,78,170733
33684,0.000898,74.125.24.0-255,2902,95016,78,170733
33685,0.0009,172.31.40.0-255,66,95082,78,170733
33686,0.000914,172.31.40.0-255,66,95148,78,170733
33687,0.000934,74.125.24.0-255,766,95914,78,170733
33688,0.001028,74.125.24.0-255,1484,97398,78,170733
33689,0.001031,172.31.40.0-255,66,97464,78,170733
33690,0.001036,74.125.24.0-255,2902,100366,78,170733
33691,0.001038,172.31.40.0-255,66,100432,78,170733
33692,0.001067,74.125.24.0-255,5738,106170,78,170733
33693,0.001069,172.31.40.0-255,66,106236,78,170733
33694,0.001072,74.125.24.0-255,1484,107720,78,170733
33695,0.00111,172.31.40.0-255,66,107786,78,170733
33696,0.00112,172.31.40.0-255,66,107852,78,170733
33697,0.001228,74.125.24.0-255,1484,109336,78,170733
33698,0.001245,74.125.24.0-255,2902,112238,78,170733
33699,0.00125,172.31.40.0-255,66,112304,78,170733
33700,0.00128,74.125.24.0-255,5738,118042,78,170733
33701,0.001284,172.31.40.0-255,66,118108,78,170733
33702,0.001289,74.125.24.0-255,4320,122428,78,170733
33703,0.00129,172.31.40.0-255,66,122494,78,170733
33704,0.001327,74.125.24.0-255,2902,125396,78,170733
33705,0.001332,172.31.40.0-255,66,125462,78,170733
33706,0.001338,172.31.40.0-255,66,125528,78,170733
33707,0.001353,74.125.24.0-255,4320,129848,78,170733
33708,0.001355,172.31.40.0-255,66,129914,78,170733
33709,0.001381,74.125.24.0-255,3602,133516,78,170733
33710,0.001383,172.31.40.0-255,66,133582,78,170733
33711,0.001434,74.125.24.0-255,1484,135066,78,170733
33712,0.001439,74.125.24.0-255,2902,137968,78,170733
33713,0.001441,172.31.40.0-255,66,138034,78,170733
33714,0.001468,74.125.24.0-255,5738,143772,78,170733
33715,0.001471,172.31.40.0-255,66,143838,78,170733
33716,0.001475,74.125.24.0-255,2902,146740,78,170733
33717,0.001477,172.31.40.0-255,66,146806,78,170733
33718,0.001515,172.31.40.0-255,66,146872,78,170733
33719,0.001532,172.31.40.0-255,66,146938,78,170733
33720,0.001572,74.125.24.0-255,7156,154094,78,170733
33721,0.001577,172.31.40.0-255,66,154160,78,170733
33722,0.0016,74.125.24.0-255,7156,161316,78,170733
33723,0.001602,172.31.40.0-255,66,161382,78,170733
33724,0.001617,172.31.40.0-255,66,161448,78,170733
33725,0.001632,172.31.40.0-255,66,161514,78,170733
33726,0.001643,172.31.40.0-255,66,161580,78,170733
33727,0.001685,172.31.40.0-255,66,161646,78,170733
33728,0.001785,74.125.24.0-255,4320,165966,78,170733
33729,0.001788,172.31.40.0-255,66,166032,78,170733
33730,0.001792,172.31.40.0-255,66,166098,78,170733
33731,0.00183,74.125.24.0-255,105,166203,78,170733
33732,0.001866,172.31.40.0-255,66,166269,78,170733
33733,0.004121,172.31.40.0-255,105,166374,78,170733
33734,0.006679,74.125.24.0-255,66,166440,78,170733
33735,0.047396,172.31.40.0-255,172,166612,78,170733
33736,0.047426,172.31.40.0-255,1108,167720,78,170733
33737,0.047479,172.31.40.0-255,1514,169234,78,170733
33738,0.047481,172.31.40.0-255,1301,170535,78,170733
33739,0.048888,104.244.42.0-255,66,170601,78,170733
33740,0.048899,104.244.42.0-255,66,170667,78,170733
33741,0.048969,104.244.42.0-255,66,170733,78,170733
33742,0.0,74.125.68.0-255,146,146,78,353818
33743,1.6e-05,172.31.40.0-255,66,212,78,353818
33744,2.3e-05,74.125.68.0-255,1484,1696,78,353818
33745,2.7e-05,172.31.40.0-255,66,1762,78,353818
33746,4.1e-05,74.125.68.0-255,2902,4664,78,353818
33747,4.5e-05,172.31.40.0-255,66,4730,78,353818
33748,5.1e-05,74.125.68.0-255,4320,9050,78,353818
33749,5.4e-05,172.31.40.0-255,66,9116,78,353818
33750,7.6e-05,74.125.68.0-255,1484,10600,78,353818
33751,8.3e-05,172.31.40.0-255,66,10666,78,353818
33752,8.9e-05,74.125.68.0-255,3446,14112,78,353818
33753,9.1e-05,172.31.40.0-255,66,14178,78,353818
33754,0.000613,74.125.68.0-255,1484,15662,78,353818
33755,0.00062,172.31.40.0-255,66,15728,78,353818
33756,0.000629,74.125.68.0-255,2902,18630,78,353818
33757,0.000632,172.31.40.0-255,66,18696,78,353818
33758,0.000663,74.125.68.0-255,4320,23016,78,353818
33759,0.000666,172.31.40.0-255,66,23082,78,353818
33760,0.000693,74.125.68.0-255,4320,27402,78,353818
33761,0.000695,172.31.40.0-255,66,27468,78,353818
33762,0.000724,74.125.68.0-255,3961,31429,78,353818
33763,0.000726,172.31.40.0-255,66,31495,78,353818
33764,0.000732,74.125.68.0-255,4320,35815,78,353818
33765,0.000735,172.31.40.0-255,66,35881,78,353818
33766,0.000769,74.125.68.0-255,5738,41619,78,353818
33767,0.000772,172.31.40.0-255,66,41685,78,353818
33768,0.000777,74.125.68.0-255,2902,44587,78,353818
33769,0.000779,172.31.40.0-255,66,44653,78,353818
33770,0.000812,172.31.40.0-255,66,44719,78,353818
33771,0.000817,74.125.68.0-255,4320,49039,78,353818
33772,0.00082,172.31.40.0-255,66,49105,78,353818
33773,0.000896,74.125.68.0-255,677,49782,78,353818
33774,0.001329,74.125.68.0-255,1484,51266,78,353818
33775,0.001335,74.125.68.0-255,1484,52750,78,353818
33776,0.001348,74.125.68.0-255,2902,55652,78,353818
33777,0.001376,74.125.68.0-255,5738,61390,78,353818
33778,0.001392,74.125.68.0-255,4320,65710,78,353818
33779,0.001402,74.125.68.0-255,1125,66835,78,353818
33780,0.001615,74.125.68.0-255,1484,68319,78,353818
33781,0.001633,74.125.68.0-255,2902,71221,78,353818
33782,0.001636,74.125.68.0-255,1484,72705,78,353818
33783,0.001647,74.125.68.0-255,1484,74189,78,353818
33784,0.001652,74.125.68.0-255,4320,78509,78,353818
33785,0.001678,74.125.68.0-255,2902,81411,78,353818
33786,0.001697,74.125.68.0-255,5738,87149,78,353818
33787,0.001701,74.125.68.0-255,2902,90051,78,353818
33788,0.001714,74.125.68.0-255,1484,91535,78,353818
33789,0.001727,74.125.68.0-255,2902,94437,78,353818
33790,0.001741,74.125.68.0-255,2902,97339,78,353818
33791,0.001756,74.125.68.0-255,1484,98823,78,353818
33792,0.001769,74.125.68.0-255,2184,101007,78,353818
33793,0.002085,74.125.68.0-255,1484,102491,78,353818
33794,0.002102,74.125.68.0-255,2902,105393,78,353818
33795,0.002107,74.125.68.0-255,2902,108295,78,353818
33796,0.002126,74.125.68.0-255,2902,111197,78,353818
33797,0.002131,74.125.68.0-255,2902,114099,78,353818
33798,0.002137,74.125.68.0-255,4320,118419,78,353818
33799,0.002169,74.125.68.0-255,4320,122739,78,353818
33800,0.002205,74.125.68.0-255,3602,126341,78,353818
33801,0.002508,74.125.68.0-255,1484,127825,78,353818
33802,0.00252,74.125.68.0-255,2902,130727,78,353818
33803,0.002548,74.125.68.0-255,5738,136465,78,353818
33804,0.002577,74.125.68.0-255,5738,142203,78,353818
33805,0.002581,74.125.68.0-255,2902,145105,78,353818
33806,0.002602,74.125.68.0-255,4320,149425,78,353818
33807,0.002605,74.125.68.0-255,766,150191,78,353818
33808,0.002611,172.31.40.0-255,78,150269,78,353818
33809,0.002615,74.125.68.0-255,1484,151753,78,353818
33810,0.002617,172.31.40.0-255,78,151831,78,353818
33811,0.002652,74.125.68.0-255,1484,153315,78,353818
33812,0.002655,74.125.68.0-255,1484,154799,78,353818
33813,0.002681,74.125.68.0-255,2902,157701,78,353818
33814,0.002684,74.125.68.0-255,1484,159185,78,353818
33815,0.002689,74.125.68.0-255,2902,162087,78,353818
33816,0.002691,74.125.68.0-255,1484,163571,78,353818
33817,0.002713,74.125.68.0-255,2902,166473,78,353818
33818,0.002717,74.125.68.0-255,2902,169375,78,353818
33819,0.002743,74.125.68.0-255,4320,173695,78,353818
33820,0.002758,74.125.68.0-255,1484,175179,78,353818
33821,0.002781,74.125.68.0-255,4320,179499,78,353818
33822,0.002798,74.125.68.0-255,2902,182401,78,353818
33823,0.002825,74.125.68.0-255,1484,183885,78,353818
33824,0.002844,74.125.68.0-255,2184,186069,78,353818
33825,0.00285,74.125.68.0-255,4320,190389,78,353818
33826,0.002874,74.125.68.0-255,2902,193291,78,353818
33827,0.002889,74.125.68.0-255,2902,196193,78,353818
33828,0.002891,74.125.68.0-255,1484,197677,78,353818
33829,0.002911,74.125.68.0-255,5738,203415,78,353818
33830,0.002966,74.125.68.0-255,2902,206317,78,353818
33831,0.002986,74.125.68.0-255,7156,213473,78,353818
33832,0.002994,74.125.68.0-255,6438,219911,78,353818
33833,0.003005,74.125.68.0-255,7156,227067,78,353818
33834,0.00306,74.125.68.0-255,2902,229969,78,353818
33835,0.003079,74.125.68.0-255,7156,237125,78,353818
33836,0.003082,74.125.68.0-255,1484,238609,78,353818
33837,0.003095,74.125.68.0-255,1484,240093,78,353818
33838,0.003129,74.125.68.0-255,5020,245113,78,353818
33839,0.003166,74.125.68.0-255,1484,246597,78,353818
33840,0.003183,74.125.68.0-255,2902,249499,78,353818
33841,0.003197,74.125.68.0-255,1484,250983,78,353818
33842,0.003203,74.125.68.0-255,4320,255303,78,353818
33843,0.003229,74.125.68.0-255,2902,258205,78,353818
33844,0.00324,74.125.68.0-255,2902,261107,78,353818
33845,0.003245,74.125.68.0-255,4320,265427,78,353818
33846,0.003262,74.125.68.0-255,1484,266911,78,353818
33847,0.003278,74.125.68.0-255,1484,268395,78,353818
33848,0.00329,74.125.68.0-255,2184,270579,78,353818
33849,0.003336,74.125.68.0-255,1484,272063,78,353818
33850,0.003351,74.125.68.0-255,2902,274965,78,353818
33851,0.003375,74.125.68.0-255,5738,280703,78,353818
33852,0.003379,74.125.68.0-255,1484,282187,78,353818
33853,0.003406,74.125.68.0-255,1484,283671,78,353818
33854,0.00343,74.125.68.0-255,7156,290827,78,353818
33855,0.003433,74.125.68.0-255,1484,292311,78,353818
33856,0.003437,74.125.68.0-255,2902,295213,78,353818
33857,0.00346,74.125.68.0-255,5738,300951,78,353818
33858,0.003467,74.125.68.0-255,3602,304553,78,353818
33859,0.003552,74.125.68.0-255,1484,306037,78,353818
33860,0.00358,74.125.68.0-255,1484,307521,78,353818
33861,0.003598,74.125.68.0-255,1484,309005,78,353818
33862,0.003601,74.125.68.0-255,1484,310489,78,353818
33863,0.003605,74.125.68.0-255,2902,313391,78,353818
33864,0.003633,74.125.68.0-255,4320,317711,78,353818
33865,0.003647,74.125.68.0-255,1484,319195,78,353818
33866,0.00365,74.125.68.0-255,1484,320679,78,353818
33867,0.003665,74.125.68.0-255,2902,323581,78,353818
33868,0.003688,74.125.68.0-255,5738,329319,78,353818
33869,0.003691,74.125.68.0-255,1484,330803,78,353818
33870,0.003703,74.125.68.0-255,1484,332287,78,353818
33871,0.003717,74.125.68.0-255,1484,333771,78,353818
33872,0.003745,74.125.68.0-255,5020,338791,78,353818
33873,0.0038,74.125.68.0-255,5738,344529,78,353818
33874,0.003848,74.125.68.0-255,4661,349190,78,353818
33875,0.003898,74.125.68.0-255,105,349295,78,353818
33876,0.004525,172.31.40.0-255,66,349361,78,353818
33877,0.00862,172.31.40.0-255,105,349466,78,353818
33878,0.011183,74.125.68.0-255,66,349532,78,353818
33879,0.026913,172.31.40.0-255,167,349699,78,353818
33880,0.026965,172.31.40.0-255,1108,350807,78,353818
33881,0.027026,172.31.40.0-255,1514,352321,78,353818
33882,0.027028,172.31.40.0-255,1299,353620,78,353818
33883,0.028474,104.244.42.0-255,66,353686,78,353818
33884,0.028533,104.244.42.0-255,66,353752,78,353818
33885,0.028659,104.244.42.0-255,66,353818,78,353818
33886,0.0,74.125.24.0-255,153,153,78,204858
33887,1.8e-05,172.31.40.0-255,66,219,78,204858
33888,2.6e-05,74.125.24.0-255,1484,1703,78,204858
33889,3e-05,172.31.40.0-255,66,1769,78,204858
33890,3.5e-05,74.125.24.0-255,2902,4671,78,204858
33891,3.8e-05,172.31.40.0-255,66,4737,78,204858
33892,4.5e-05,74.125.24.0-255,5738,10475,78,204858
33893,4.9e-05,172.31.40.0-255,66,10541,78,204858
33894,7e-05,74.125.24.0-255,4320,14861,78,204858
33895,7.3e-05,172.31.40.0-255,66,14927,78,204858
33896,0.000111,172.31.40.0-255,66,14993,78,204858
33897,0.000117,74.125.24.0-255,6797,21790,78,204858
33898,0.00012,172.31.40.0-255,66,21856,78,204858
33899,0.000187,74.125.24.0-255,1484,23340,78,204858
33900,0.000191,172.31.40.0-255,66,23406,78,204858
33901,0.000196,74.125.24.0-255,2902,26308,78,204858
33902,0.000199,172.31.40.0-255,66,26374,78,204858
33903,0.000204,74.125.24.0-255,4320,30694,78,204858
33904,0.000207,172.31.40.0-255,66,30760,78,204858
33905,0.000221,74.125.24.0-255,1484,32244,78,204858
33906,0.000223,172.31.40.0-255,66,32310,78,204858
33907,0.00024,74.125.24.0-255,7156,39466,78,204858
33908,0.000243,172.31.40.0-255,66,39532,78,204858
33909,0.000263,74.125.24.0-255,6797,46329,78,204858
33910,0.000266,172.31.40.0-255,66,46395,78,204858
33911,0.000273,74.125.24.0-255,7156,53551,78,204858
33912,0.000275,172.31.40.0-255,66,53617,78,204858
33913,0.000292,74.125.24.0-255,2815,56432,78,204858
33914,0.000294,172.31.40.0-255,66,56498,78,204858
33915,0.000311,74.125.24.0-255,134,56632,78,204858
33916,0.000313,172.31.40.0-255,66,56698,78,204858
33917,0.000449,74.125.24.0-255,1484,58182,78,204858
33918,0.000456,74.125.24.0-255,2902,61084,78,204858
33919,0.00046,172.31.40.0-255,66,61150,78,204858
33920,0.000494,74.125.24.0-255,5738,66888,78,204858
33921,0.000497,172.31.40.0-255,66,66954,78,204858
33922,0.000503,74.125.24.0-255,4320,71274,78,204858
33923,0.000505,172.31.40.0-255,66,71340,78,204858
33924,0.000538,172.31.40.0-255,66,71406,78,204858
33925,0.000541,74.125.24.0-255,1484,72890,78,204858
33926,0.000572,172.31.40.0-255,66,72956,78,204858
33927,0.000587,74.125.24.0-255,2902,75858,78,204858
33928,0.00059,172.31.40.0-255,66,75924,78,204858
33929,0.00062,172.31.40.0-255,66,75990,78,204858
33930,0.000627,74.125.24.0-255,7156,83146,78,204858
33931,0.000629,172.31.40.0-255,66,83212,78,204858
33932,0.000662,74.125.24.0-255,4320,87532,78,204858
33933,0.000664,172.31.40.0-255,66,87598,78,204858
33934,0.000696,172.31.40.0-255,66,87664,78,204858
33935,0.000702,74.125.24.0-255,4320,91984,78,204858
33936,0.000705,172.31.40.0-255,66,92050,78,204858
33937,0.000732,172.31.40.0-255,66,92116,78,204858
33938,0.000738,74.125.24.0-255,5738,97854,78,204858
33939,0.000741,172.31.40.0-255,66,97920,78,204858
33940,0.000766,74.125.24.0-255,4320,102240,78,204858
33941,0.000768,172.31.40.0-255,66,102306,78,204858
33942,0.000779,172.31.40.0-255,66,102372,78,204858
33943,0.000814,172.31.40.0-255,66,102438,78,204858
33944,0.00082,74.125.24.0-255,5738,108176,78,204858
33945,0.000823,172.31.40.0-255,66,108242,78,204858
33946,0.000892,172.31.40.0-255,66,108308,78,204858
33947,0.000897,74.125.24.0-255,3602,111910,78,204858
33948,0.000899,172.31.40.0-255,66,111976,78,204858
33949,0.00093,74.125.24.0-255,1484,113460,78,204858
33950,0.000935,74.125.24.0-255,2902,116362,78,204858
33951,0.000938,172.31.40.0-255,66,116428,78,204858
33952,0.000966,74.125.24.0-255,5738,122166,78,204858
33953,0.000969,172.31.40.0-255,66,122232,78,204858
33954,0.000974,74.125.24.0-255,4320,126552,78,204858
33955,0.000976,172.31.40.0-255,66,126618,78,204858
33956,0.000981,74.125.24.0-255,4320,130938,78,204858
33957,0.000983,172.31.40.0-255,66,131004,78,204858
33958,0.001015,74.125.24.0-255,7156,138160,78,204858
33959,0.001018,172.31.40.0-255,66,138226,78,204858
33960,0.001048,172.31.40.0-255,66,138292,78,204858
33961,0.001066,74.125.24.0-255,1484,139776,78,204858
33962,0.001071,74.125.24.0-255,2902,142678,78,204858
33963,0.001073,172.31.40.0-255,66,142744,78,204858
33964,0.001076,74.125.24.0-255,1484,144228,78,204858
33965,0.001101,74.125.24.0-255,4320,148548,78,204858
33966,0.001103,172.31.40.0-255,66,148614,78,204858
33967,0.001106,74.125.24.0-255,1484,150098,78,204858
33968,0.00114,172.31.40.0-255,66,150164,78,204858
33969,0.00115,172.31.40.0-255,66,150230,78,204858
33970,0.001164,74.125.24.0-255,1484,151714,78,204858
33971,0.001181,74.125.24.0-255,7156,158870,78,204858
33972,0.001184,172.31.40.0-255,66,158936,78,204858
33973,0.001227,172.31.40.0-255,66,159002,78,204858
33974,0.001239,172.31.40.0-255,66,159068,78,204858
33975,0.001242,74.125.24.0-255,1484,160552,78,204858
33976,0.001246,74.125.24.0-255,2902,163454,78,204858
33977,0.001248,172.31.40.0-255,66,163520,78,204858
33978,0.001252,74.125.24.0-255,1484,165004,78,204858
33979,0.001268,74.125.24.0-255,4320,169324,78,204858
33980,0.00127,172.31.40.0-255,66,169390,78,204858
33981,0.001276,74.125.24.0-255,5738,175128,78,204858
33982,0.001278,172.31.40.0-255,66,175194,78,204858
33983,0.001294,74.125.24.0-255,7156,182350,78,204858
33984,0.001297,172.31.40.0-255,66,182416,78,204858
33985,0.001304,74.125.24.0-255,7156,189572,78,204858
33986,0.001306,172.31.40.0-255,66,189638,78,204858
33987,0.001328,74.125.24.0-255,1484,191122,78,204858
33988,0.001331,74.125.24.0-255,1484,192606,78,204858
33989,0.001333,172.31.40.0-255,66,192672,78,204858
33990,0.001357,74.125.24.0-255,2184,194856,78,204858
33991,0.00136,172.31.40.0-255,66,194922,78,204858
33992,0.001366,74.125.24.0-255,4320,199242,78,204858
33993,0.001369,172.31.40.0-255,66,199308,78,204858
33994,0.00138,172.31.40.0-255,66,199374,78,204858
33995,0.001424,172.31.40.0-255,66,199440,78,204858
33996,0.001496,172.31.40.0-255,66,199506,78,204858
33997,0.001511,74.125.24.0-255,105,199611,78,204858
33998,0.001534,172.31.40.0-255,66,199677,78,204858
33999,0.004429,172.31.40.0-255,105,199782,78,204858
34000,0.006695,74.125.24.0-255,66,199848,78,204858
34001,0.049258,172.31.40.0-255,172,200020,78,204858
34002,0.049304,172.31.40.0-255,1108,201128,78,204858
34003,0.049369,172.31.40.0-255,1514,202642,78,204858
34004,0.049371,172.31.40.0-255,1514,204156,78,204858
34005,0.049396,172.31.40.0-255,702,204858,78,204858
34006,0.0,172.253.118.0-255,152,152,78,233244
34007,2.2e-05,172.31.40.0-255,66,218,78,233244
34008,2.9e-05,172.253.118.0-255,1484,1702,78,233244
34009,3.3e-05,172.31.40.0-255,66,1768,78,233244
34010,3.8e-05,172.253.118.0-255,2902,4670,78,233244
34011,4.1e-05,172.31.40.0-255,66,4736,78,233244
34012,5.4e-05,172.253.118.0-255,7156,11892,78,233244
34013,5.8e-05,172.31.40.0-255,66,11958,78,233244
34014,6.1e-05,172.253.118.0-255,2002,13960,78,233244
34015,6.3e-05,172.31.40.0-255,66,14026,78,233244
34016,0.000157,172.253.118.0-255,1484,15510,78,233244
34017,0.00016,172.31.40.0-255,66,15576,78,233244
34018,0.000165,172.253.118.0-255,2902,18478,78,233244
34019,0.000167,172.31.40.0-255,66,18544,78,233244
34020,0.000195,172.253.118.0-255,5738,24282,78,233244
34021,0.000198,172.31.40.0-255,66,24348,78,233244
34022,0.000223,172.253.118.0-255,6797,31145,78,233244
34023,0.000225,172.31.40.0-255,66,31211,78,233244
34024,0.000689,172.253.118.0-255,1484,32695,78,233244
34025,0.000694,172.31.40.0-255,66,32761,78,233244
34026,0.000701,172.253.118.0-255,2902,35663,78,233244
34027,0.000703,172.31.40.0-255,66,35729,78,233244
34028,0.000712,172.253.118.0-255,2902,38631,78,233244
34029,0.000714,172.31.40.0-255,66,38697,78,233244
34030,0.000738,172.253.118.0-255,2902,41599,78,233244
34031,0.00074,172.31.40.0-255,66,41665,78,233244
34032,0.000767,172.31.40.0-255,66,41731,78,233244
34033,0.000781,172.31.40.0-255,66,41797,78,233244
34034,0.000818,172.253.118.0-255,1435,43232,78,233244
34035,0.00082,172.31.40.0-255,66,43298,78,233244
34036,0.001065,172.253.118.0-255,109,43407,78,233244
34037,0.001246,172.253.118.0-255,1484,44891,78,233244
34038,0.001251,172.31.40.0-255,66,44957,78,233244
34039,0.001257,172.253.118.0-255,2902,47859,78,233244
34040,0.00126,172.31.40.0-255,66,47925,78,233244
34041,0.001293,172.253.118.0-255,5738,53663,78,233244
34042,0.001296,172.31.40.0-255,66,53729,78,233244
34043,0.001347,172.253.118.0-255,6797,60526,78,233244
34044,0.00135,172.31.40.0-255,66,60592,78,233244
34045,0.001356,172.253.118.0-255,5738,66330,78,233244
34046,0.001358,172.31.40.0-255,66,66396,78,233244
34047,0.001378,172.253.118.0-255,1484,67880,78,233244
34048,0.001382,172.253.118.0-255,2902,70782,78,233244
34049,0.001384,172.31.40.0-255,66,70848,78,233244
34050,0.00142,172.253.118.0-255,4320,75168,78,233244
34051,0.001423,172.31.40.0-255,66,75234,78,233244
34052,0.001447,172.253.118.0-255,2543,77777,78,233244
34053,0.001449,172.31.40.0-255,66,77843,78,233244
34054,0.001992,172.253.118.0-255,1484,79327,78,233244
34055,0.001997,172.253.118.0-255,2902,82229,78,233244
34056,0.002001,172.31.40.0-255,66,82295,78,233244
34057,0.002028,172.253.118.0-255,1484,83779,78,233244
34058,0.002041,172.253.118.0-255,2902,86681,78,233244
34059,0.002043,172.31.40.0-255,66,86747,78,233244
34060,0.002068,172.253.118.0-255,5738,92485,78,233244
34061,0.00207,172.31.40.0-255,66,92551,78,233244
34062,0.002074,172.253.118.0-255,2902,95453,78,233244
34063,0.002076,172.31.40.0-255,66,95519,78,233244
34064,0.00212,172.253.118.0-255,1484,97003,78,233244
34065,0.002141,172.253.118.0-255,5738,102741,78,233244
34066,0.002144,172.31.40.0-255,66,102807,78,233244
34067,0.002163,172.253.118.0-255,2902,105709,78,233244
34068,0.002165,172.31.40.0-255,66,105775,78,233244
34069,0.002194,172.253.118.0-255,4320,110095,78,233244
34070,0.002197,172.31.40.0-255,66,110161,78,233244
34071,0.002222,172.253.118.0-255,2184,112345,78,233244
34072,0.002224,172.31.40.0-255,66,112411,78,233244
34073,0.002358,172.253.118.0-255,1484,113895,78,233244
34074,0.004506,172.253.118.0-255,1484,115379,78,233244
34075,0.004511,172.31.40.0-255,66,115445,78,233244
34076,0.004541,172.253.118.0-255,2902,118347,78,233244
34077,0.004544,172.31.40.0-255,66,118413,78,233244
34078,0.006831,172.253.118.0-255,2902,121315,78,233244
34079,0.006845,172.31.40.0-255,66,121381,78,233244
34080,0.006923,172.253.118.0-255,2902,124283,78,233244
34081,0.006927,172.31.40.0-255,66,124349,78,233244
34082,0.009177,172.253.118.0-255,2902,127251,78,233244
34083,0.009185,172.31.40.0-255,66,127317,78,233244
34084,0.009215,172.253.118.0-255,2902,130219,78,233244
34085,0.00922,172.31.40.0-255,66,130285,78,233244
34086,0.011516,172.253.118.0-255,5738,136023,78,233244
34087,0.011524,172.31.40.0-255,66,136089,78,233244
34088,0.013858,172.253.118.0-255,5738,141827,78,233244
34089,0.013868,172.31.40.0-255,66,141893,78,233244
34090,0.016195,172.253.118.0-255,5738,147631,78,233244
34091,0.016205,172.31.40.0-255,66,147697,78,233244
34092,0.018514,172.253.118.0-255,5738,153435,78,233244
34093,0.018524,172.31.40.0-255,66,153501,78,233244
34094,0.020867,172.253.118.0-255,5738,159239,78,233244
34095,0.020876,172.31.40.0-255,66,159305,78,233244
34096,0.023184,172.253.118.0-255,5738,165043,78,233244
34097,0.023191,172.31.40.0-255,66,165109,78,233244
34098,0.025533,172.253.118.0-255,5738,170847,78,233244
34099,0.025539,172.31.40.0-255,66,170913,78,233244
34100,0.026353,172.31.40.0-255,172,171085,78,233244
34101,0.026379,172.31.40.0-255,1107,172192,78,233244
34102,0.026425,172.31.40.0-255,1514,173706,78,233244
34103,0.026427,172.31.40.0-255,1300,175006,78,233244
34104,0.027869,172.253.118.0-255,5738,180744,78,233244
34105,0.027875,172.31.40.0-255,66,180810,78,233244
34106,0.02792,104.244.42.0-255,66,180876,78,233244
34107,0.027926,104.244.42.0-255,66,180942,78,233244
34108,0.027963,104.244.42.0-255,66,181008,78,233244
34109,0.030214,172.253.118.0-255,5738,186746,78,233244
34110,0.030222,172.31.40.0-255,66,186812,78,233244
34111,0.032554,172.253.118.0-255,5738,192550,78,233244
34112,0.032561,172.31.40.0-255,66,192616,78,233244
34113,0.034896,172.253.118.0-255,5738,198354,78,233244
34114,0.034904,172.31.40.0-255,66,198420,78,233244
34115,0.03724,172.253.118.0-255,5738,204158,78,233244
34116,0.037247,172.31.40.0-255,66,204224,78,233244
34117,0.039591,172.253.118.0-255,5738,209962,78,233244
34118,0.039596,172.31.40.0-255,66,210028,78,233244
34119,0.041917,172.253.118.0-255,5738,215766,78,233244
34120,0.041923,172.31.40.0-255,66,215832,78,233244
34121,0.044245,172.253.118.0-255,5738,221570,78,233244
34122,0.044252,172.31.40.0-255,66,221636,78,233244
34123,0.046576,172.253.118.0-255,5738,227374,78,233244
34124,0.046583,172.31.40.0-255,66,227440,78,233244
34125,0.048912,172.253.118.0-255,5738,233178,78,233244
34126,0.048919,172.31.40.0-255,66,233244,78,233244
34127,0.0,172.217.194.0-255,153,153,78,263217
34128,2.3e-05,172.31.40.0-255,66,219,78,263217
34129,3e-05,172.217.194.0-255,1484,1703,78,263217
34130,3.5e-05,172.31.40.0-255,66,1769,78,263217
34131,4.9e-05,172.217.194.0-255,2902,4671,78,263217
34132,5.3e-05,172.31.40.0-255,66,4737,78,263217
34133,5.9e-05,172.217.194.0-255,5738,10475,78,263217
34134,6.2e-05,172.31.40.0-255,66,10541,78,263217
34135,6.7e-05,172.217.194.0-255,3556,14097,78,263217
34136,7e-05,172.31.40.0-255,66,14163,78,263217
34137,0.000296,172.217.194.0-255,1484,15647,78,263217
34138,0.000303,172.31.40.0-255,66,15713,78,263217
34139,0.000307,172.217.194.0-255,1484,17197,78,263217
34140,0.000309,172.31.40.0-255,66,17263,78,263217
34141,0.000342,172.217.194.0-255,1484,18747,78,263217
34142,0.000345,172.31.40.0-255,66,18813,78,263217
34143,0.000364,172.217.194.0-255,5738,24551,78,263217
34144,0.000367,172.31.40.0-255,66,24617,78,263217
34145,0.000371,172.217.194.0-255,2902,27519,78,263217
34146,0.000373,172.31.40.0-255,66,27585,78,263217
34147,0.000387,172.217.194.0-255,3961,31546,78,263217
34148,0.00039,172.31.40.0-255,66,31612,78,263217
34149,0.000493,172.217.194.0-255,1484,33096,78,263217
34150,0.000497,172.31.40.0-255,66,33162,78,263217
34151,0.000504,172.217.194.0-255,2902,36064,78,263217
34152,0.000506,172.31.40.0-255,66,36130,78,263217
34153,0.000543,172.217.194.0-255,5738,41868,78,263217
34154,0.000546,172.31.40.0-255,66,41934,78,263217
34155,0.000551,172.217.194.0-255,2902,44836,78,263217
34156,0.000553,172.31.40.0-255,66,44902,78,263217
34157,0.000566,172.31.40.0-255,66,44968,78,263217
34158,0.00057,172.217.194.0-255,1484,46452,78,263217
34159,0.000609,172.31.40.0-255,66,46518,78,263217
34160,0.000626,172.217.194.0-255,364,46882,78,263217
34161,0.000636,172.217.194.0-255,380,47262,78,263217
34162,0.0008,172.217.194.0-255,1484,48746,78,263217
34163,0.000805,172.31.40.0-255,66,48812,78,263217
34164,0.000816,172.217.194.0-255,2902,51714,78,263217
34165,0.000818,172.31.40.0-255,66,51780,78,263217
34166,0.000826,172.217.194.0-255,1484,53264,78,263217
34167,0.000856,172.217.194.0-255,4320,57584,78,263217
34168,0.000858,172.31.40.0-255,66,57650,78,263217
34169,0.000865,172.217.194.0-255,5738,63388,78,263217
34170,0.000867,172.31.40.0-255,66,63454,78,263217
34171,0.0009,172.217.194.0-255,7156,70610,78,263217
34172,0.000903,172.31.40.0-255,66,70676,78,263217
34173,0.000916,172.31.40.0-255,66,70742,78,263217
34174,0.000981,172.217.194.0-255,1484,72226,78,263217
34175,0.000986,172.217.194.0-255,2902,75128,78,263217
34176,0.00099,172.31.40.0-255,66,75194,78,263217
34177,0.000993,172.217.194.0-255,1484,76678,78,263217
34178,0.001019,172.217.194.0-255,4320,80998,78,263217
34179,0.001023,172.31.40.0-255,66,81064,78,263217
34180,0.001036,172.31.40.0-255,66,81130,78,263217
34181,0.001075,172.217.194.0-255,4320,85450,78,263217
34182,0.001078,172.31.40.0-255,66,85516,78,263217
34183,0.001105,172.217.194.0-255,6438,91954,78,263217
34184,0.00111,172.31.40.0-255,66,92020,78,263217
34185,0.001314,172.217.194.0-255,1484,93504,78,263217
34186,0.001329,172.217.194.0-255,2902,96406,78,263217
34187,0.001332,172.31.40.0-255,66,96472,78,263217
34188,0.001336,172.217.194.0-255,1484,97956,78,263217
34189,0.001364,172.217.194.0-255,4320,102276,78,263217
34190,0.001368,172.217.194.0-255,2902,105178,78,263217
34191,0.001372,172.31.40.0-255,66,105244,78,263217
34192,0.001375,172.31.40.0-255,66,105310,78,263217
34193,0.001406,172.217.194.0-255,7156,112466,78,263217
34194,0.001409,172.31.40.0-255,66,112532,78,263217
34195,0.001423,172.31.40.0-255,66,112598,78,263217
34196,0.001446,172.217.194.0-255,2184,114782,78,263217
34197,0.001448,172.31.40.0-255,66,114848,78,263217
34198,0.001544,172.217.194.0-255,1484,116332,78,263217
34199,0.00155,172.217.194.0-255,2902,119234,78,263217
34200,0.001553,172.31.40.0-255,66,119300,78,263217
34201,0.001584,172.217.194.0-255,5738,125038,78,263217
34202,0.001586,172.31.40.0-255,66,125104,78,263217
34203,0.00159,172.217.194.0-255,1484,126588,78,263217
34204,0.001623,172.31.40.0-255,66,126654,78,263217
34205,0.001629,172.217.194.0-255,4320,130974,78,263217
34206,0.001632,172.31.40.0-255,66,131040,78,263217
34207,0.001686,172.31.40.0-255,66,131106,78,263217
34208,0.0017,172.31.40.0-255,66,131172,78,263217
34209,0.001745,172.31.40.0-255,66,131238,78,263217
34210,0.002537,172.217.194.0-255,1484,132722,78,263217
34211,0.002545,172.217.194.0-255,2902,135624,78,263217
34212,0.002549,172.31.40.0-255,66,135690,78,263217
34213,0.002556,172.217.194.0-255,2902,138592,78,263217
34214,0.002558,172.31.40.0-255,66,138658,78,263217
34215,0.002591,172.217.194.0-255,2902,141560,78,263217
34216,0.002594,172.31.40.0-255,66,141626,78,263217
34217,0.002607,172.217.194.0-255,7156,148782,78,263217
34218,0.002609,172.31.40.0-255,66,148848,78,263217
34219,0.002616,172.217.194.0-255,5738,154586,78,263217
34220,0.002618,172.31.40.0-255,66,154652,78,263217
34221,0.005223,172.217.194.0-255,5738,160390,78,263217
34222,0.005242,172.31.40.0-255,66,160456,78,263217
34223,0.007845,172.217.194.0-255,5738,166194,78,263217
34224,0.00786,172.31.40.0-255,66,166260,78,263217
34225,0.010472,172.217.194.0-255,5738,171998,78,263217
34226,0.010481,172.31.40.0-255,66,172064,78,263217
34227,0.013051,172.217.194.0-255,5738,177802,78,263217
34228,0.013057,172.31.40.0-255,66,177868,78,263217
34229,0.01566,172.217.194.0-255,5738,183606,78,263217
34230,0.015673,172.31.40.0-255,66,183672,78,263217
34231,0.018258,172.217.194.0-255,5738,189410,78,263217
34232,0.018266,172.31.40.0-255,66,189476,78,263217
34233,0.020872,172.217.194.0-255,5738,195214,78,263217
34234,0.02089,172.31.40.0-255,66,195280,78,263217
34235,0.023471,172.217.194.0-255,5738,201018,78,263217
34236,0.023479,172.31.40.0-255,66,201084,78,263217
34237,0.026114,172.217.194.0-255,5738,206822,78,263217
34238,0.026124,172.31.40.0-255,66,206888,78,263217
34239,0.028723,172.217.194.0-255,5738,212626,78,263217
34240,0.028734,172.31.40.0-255,66,212692,78,263217
34241,0.03132,172.217.194.0-255,5738,218430,78,263217
34242,0.031331,172.31.40.0-255,66,218496,78,263217
34243,0.033934,172.217.194.0-255,5738,224234,78,263217
34244,0.033952,172.31.40.0-255,66,224300,78,263217
34245,0.036619,172.217.194.0-255,5738,230038,78,263217
34246,0.036636,172.31.40.0-255,66,230104,78,263217
34247,0.03924,172.217.194.0-255,5738,235842,78,263217
34248,0.039247,172.31.40.0-255,66,235908,78,263217
34249,0.041819,172.217.194.0-255,5738,241646,78,263217
34250,0.041834,172.31.40.0-255,66,241712,78,263217
34251,0.044438,172.217.194.0-255,5738,247450,78,263217
34252,0.044456,172.31.40.0-255,66,247516,78,263217
34253,0.04703,172.217.194.0-255,5738,253254,78,263217
34254,0.047039,172.31.40.0-255,66,253320,78,263217
34255,0.049328,172.31.40.0-255,172,253492,78,263217
34256,0.049357,172.31.40.0-255,1109,254601,78,263217
34257,0.049405,172.31.40.0-255,1514,256115,78,263217
34258,0.049406,172.31.40.0-255,1298,257413,78,263217
34259,0.049616,172.217.194.0-255,5738,263151,78,263217
34260,0.049623,172.31.40.0-255,66,263217,78,263217
34261,0.0,172.217.194.0-255,153,153,78,309034
34262,1.3e-05,172.31.40.0-255,66,219,78,309034
34263,3.4e-05,172.217.194.0-255,1484,1703,78,309034
34264,3.9e-05,172.31.40.0-255,66,1769,78,309034
34265,6.3e-05,172.217.194.0-255,2902,4671,78,309034
34266,6.6e-05,172.31.40.0-255,66,4737,78,309034
34267,6.9e-05,172.217.194.0-255,1484,6221,78,309034
34268,7.2e-05,172.31.40.0-255,66,6287,78,309034
34269,9.2e-05,172.217.194.0-255,2902,9189,78,309034
34270,9.5e-05,172.31.40.0-255,66,9255,78,309034
34271,0.000105,172.217.194.0-255,1484,10739,78,309034
34272,0.000107,172.31.40.0-255,66,10805,78,309034
34273,0.000129,172.217.194.0-255,3467,14272,78,309034
34274,0.000131,172.31.40.0-255,66,14338,78,309034
34275,0.000136,172.217.194.0-255,4320,18658,78,309034
34276,0.000139,172.31.40.0-255,66,18724,78,309034
34277,0.000155,172.217.194.0-255,1484,20208,78,309034
34278,0.000157,172.31.40.0-255,66,20274,78,309034
34279,0.000163,172.217.194.0-255,4320,24594,78,309034
34280,0.000165,172.31.40.0-255,66,24660,78,309034
34281,0.000201,172.217.194.0-255,6797,31457,78,309034
34282,0.000205,172.31.40.0-255,66,31523,78,309034
34283,0.000279,172.217.194.0-255,1484,33007,78,309034
34284,0.000282,172.31.40.0-255,66,33073,78,309034
34285,0.000303,172.217.194.0-255,2902,35975,78,309034
34286,0.000305,172.31.40.0-255,66,36041,78,309034
34287,0.00031,172.217.194.0-255,2902,38943,78,309034
34288,0.000313,172.31.40.0-255,66,39009,78,309034
34289,0.000329,172.217.194.0-255,1484,40493,78,309034
34290,0.000331,172.31.40.0-255,66,40559,78,309034
34291,0.000338,172.217.194.0-255,5738,46297,78,309034
34292,0.00034,172.31.40.0-255,66,46363,78,309034
34293,0.000381,172.31.40.0-255,66,46429,78,309034
34294,0.000388,172.217.194.0-255,7048,53477,78,309034
34295,0.00039,172.31.40.0-255,66,53543,78,309034
34296,0.000393,172.217.194.0-255,404,53947,78,309034
34297,0.000426,172.217.194.0-255,1484,55431,78,309034
34298,0.000428,172.31.40.0-255,66,55497,78,309034
34299,0.000431,172.217.194.0-255,1484,56981,78,309034
34300,0.000447,172.217.194.0-255,2902,59883,78,309034
34301,0.00045,172.31.40.0-255,66,59949,78,309034
34302,0.000455,172.217.194.0-255,4320,64269,78,309034
34303,0.000458,172.31.40.0-255,66,64335,78,309034
34304,0.000482,172.217.194.0-255,5738,70073,78,309034
34305,0.000485,172.31.40.0-255,66,70139,78,309034
34306,0.000487,172.217.194.0-255,576,70715,78,309034
34307,0.001144,172.217.194.0-255,1484,72199,78,309034
34308,0.001149,172.31.40.0-255,66,72265,78,309034
34309,0.001155,172.217.194.0-255,2902,75167,78,309034
34310,0.001157,172.31.40.0-255,66,75233,78,309034
34311,0.001172,172.217.194.0-255,4320,79553,78,309034
34312,0.001174,172.31.40.0-255,66,79619,78,309034
34313,0.001198,172.217.194.0-255,1484,81103,78,309034
34314,0.001203,172.217.194.0-255,2902,84005,78,309034
34315,0.001205,172.31.40.0-255,66,84071,78,309034
34316,0.001246,172.217.194.0-255,3961,88032,78,309034
34317,0.001249,172.31.40.0-255,66,88098,78,309034
34318,0.001515,172.217.194.0-255,1484,89582,78,309034
34319,0.001521,172.217.194.0-255,2902,92484,78,309034
34320,0.001524,172.31.40.0-255,66,92550,78,309034
34321,0.001549,172.217.194.0-255,5738,98288,78,309034
34322,0.001556,172.217.194.0-255,7156,105444,78,309034
34323,0.001559,172.31.40.0-255,66,105510,78,309034
34324,0.001567,172.31.40.0-255,66,105576,78,309034
34325,0.00157,172.217.194.0-255,1484,107060,78,309034
34326,0.001603,172.31.40.0-255,66,107126,78,309034
34327,0.001607,172.217.194.0-255,2184,109310,78,309034
34328,0.001609,172.31.40.0-255,66,109376,78,309034
34329,0.002127,172.217.194.0-255,1484,110860,78,309034
34330,0.002138,172.217.194.0-255,2902,113762,78,309034
34331,0.002142,172.31.40.0-255,66,113828,78,309034
34332,0.00215,172.217.194.0-255,5738,119566,78,309034
34333,0.002152,172.31.40.0-255,66,119632,78,309034
34334,0.002155,172.217.194.0-255,1484,121116,78,309034
34335,0.002185,172.31.40.0-255,66,121182,78,309034
34336,0.002205,172.217.194.0-255,4320,125502,78,309034
34337,0.002207,172.31.40.0-255,66,125568,78,309034
34338,0.002213,172.217.194.0-255,4320,129888,78,309034
34339,0.002214,172.31.40.0-255,66,129954,78,309034
34340,0.002234,172.217.194.0-255,5020,134974,78,309034
34341,0.002237,172.31.40.0-255,66,135040,78,309034
34342,0.002457,172.217.194.0-255,1484,136524,78,309034
34343,0.002473,172.217.194.0-255,2902,139426,78,309034
34344,0.002477,172.31.40.0-255,66,139492,78,309034
34345,0.002494,172.217.194.0-255,2902,142394,78,309034
34346,0.002497,172.31.40.0-255,66,142460,78,309034
34347,0.002501,172.217.194.0-255,1484,143944,78,309034
34348,0.002506,172.217.194.0-255,5738,149682,78,309034
34349,0.002508,172.31.40.0-255,66,149748,78,309034
34350,0.002534,172.217.194.0-255,7156,156904,78,309034
34351,0.002537,172.31.40.0-255,66,156970,78,309034
34352,0.002581,172.31.40.0-255,66,157036,78,309034
34353,0.003031,172.217.194.0-255,1484,158520,78,309034
34354,0.003039,172.217.194.0-255,2902,161422,78,309034
34355,0.003043,172.31.40.0-255,66,161488,78,309034
34356,0.00305,172.217.194.0-255,5738,167226,78,309034
34357,0.003052,172.31.40.0-255,66,167292,78,309034
34358,0.003093,172.217.194.0-255,1484,168776,78,309034
34359,0.003114,172.31.40.0-255,66,168842,78,309034
34360,0.003121,172.217.194.0-255,7156,175998,78,309034
34361,0.003124,172.31.40.0-255,66,176064,78,309034
34362,0.003144,172.217.194.0-255,6438,182502,78,309034
34363,0.003146,172.31.40.0-255,66,182568,78,309034
34364,0.003266,172.217.194.0-255,1484,184052,78,309034
34365,0.003283,172.217.194.0-255,2902,186954,78,309034
34366,0.003286,172.31.40.0-255,66,187020,78,309034
34367,0.003289,172.217.194.0-255,1484,188504,78,309034
34368,0.003308,172.217.194.0-255,4320,192824,78,309034
34369,0.00331,172.31.40.0-255,66,192890,78,309034
34370,0.003322,172.217.194.0-255,7156,200046,78,309034
34371,0.003325,172.31.40.0-255,66,200112,78,309034
34372,0.003345,172.217.194.0-255,5738,205850,78,309034
34373,0.003347,172.31.40.0-255,66,205916,78,309034
34374,0.00335,172.217.194.0-255,1484,207400,78,309034
34375,0.003367,172.217.194.0-255,1484,208884,78,309034
34376,0.003369,172.31.40.0-255,66,208950,78,309034
34377,0.00339,172.31.40.0-255,66,209016,78,309034
34378,0.003471,172.217.194.0-255,1484,210500,78,309034
34379,0.003488,172.217.194.0-255,2902,213402,78,309034
34380,0.00349,172.31.40.0-255,66,213468,78,309034
34381,0.003493,172.217.194.0-255,1484,214952,78,309034
34382,0.003511,172.217.194.0-255,4320,219272,78,309034
34383,0.003513,172.31.40.0-255,66,219338,78,309034
34384,0.003528,172.217.194.0-255,5738,225076,78,309034
34385,0.003531,172.31.40.0-255,66,225142,78,309034
34386,0.003552,172.217.194.0-255,7156,232298,78,309034
34387,0.003565,172.217.194.0-255,766,233064,78,309034
34388,0.003687,172.217.194.0-255,1484,234548,78,309034
34389,0.00369,172.217.194.0-255,1484,236032,78,309034
34390,0.003703,172.217.194.0-255,1484,237516,78,309034
34391,0.003708,172.217.194.0-255,4320,241836,78,309034
34392,0.003723,172.217.194.0-255,1484,243320,78,309034
34393,0.003737,172.217.194.0-255,2902,246222,78,309034
34394,0.003754,172.217.194.0-255,4320,250542,78,309034
34395,0.003771,172.217.194.0-255,5738,256280,78,309034
34396,0.003779,172.217.194.0-255,7156,263436,78,309034
34397,0.003795,172.217.194.0-255,3602,267038,78,309034
34398,0.003879,172.217.194.0-255,1484,268522,78,309034
34399,0.003884,172.217.194.0-255,2902,271424,78,309034
34400,0.003886,172.217.194.0-255,1484,272908,78,309034
34401,0.003903,172.217.194.0-255,4320,277228,78,309034
34402,0.003936,172.217.194.0-255,1484,278712,78,309034
34403,0.003941,172.217.194.0-255,2902,281614,78,309034
34404,0.003956,172.217.194.0-255,5738,287352,78,309034
34405,0.003967,172.217.194.0-255,766,288118,78,309034
34406,0.003998,172.217.194.0-255,1484,289602,78,309034
34407,0.004017,172.217.194.0-255,4320,293922,78,309034
34408,0.00402,172.217.194.0-255,1484,295406,78,309034
34409,0.004051,172.217.194.0-255,5738,301144,78,309034
34410,0.004093,172.217.194.0-255,4113,305257,78,309034
34411,0.00414,172.217.194.0-255,105,305362,78,309034
34412,0.013232,172.217.194.0-255,105,305467,78,309034
34413,0.013253,172.31.40.0-255,78,305545,78,309034
34414,0.016737,172.31.40.0-255,105,305650,78,309034
34415,0.019044,172.217.194.0-255,66,305716,78,309034
34416,0.044164,172.31.40.0-255,166,305882,78,309034
34417,0.044198,172.31.40.0-255,1128,307010,78,309034
34418,0.044259,172.31.40.0-255,1514,308524,78,309034
34419,0.044261,172.31.40.0-255,312,308836,78,309034
34420,0.045733,104.244.42.0-255,66,308902,78,309034
34421,0.045783,104.244.42.0-255,66,308968,78,309034
34422,0.045843,104.244.42.0-255,66,309034,78,309034
34423,0.0,74.125.200.0-255,152,152,78,309757
34424,1.7e-05,172.31.40.0-255,66,218,78,309757
34425,2.4e-05,74.125.200.0-255,1484,1702,78,309757
34426,2.8e-05,172.31.40.0-255,66,1768,78,309757
34427,3.1e-05,74.125.200.0-255,1484,3252,78,309757
34428,3.4e-05,172.31.40.0-255,66,3318,78,309757
34429,4.8e-05,74.125.200.0-255,2902,6220,78,309757
34430,5.1e-05,172.31.40.0-255,66,6286,78,309757
34431,5.8e-05,74.125.200.0-255,5738,12024,78,309757
34432,6e-05,172.31.40.0-255,66,12090,78,309757
34433,6.5e-05,74.125.200.0-255,2048,14138,78,309757
34434,6.7e-05,172.31.40.0-255,66,14204,78,309757
34435,0.000108,74.125.200.0-255,2902,17106,78,309757
34436,0.000111,172.31.40.0-255,66,17172,78,309757
34437,0.000117,74.125.200.0-255,4320,21492,78,309757
34438,0.000119,172.31.40.0-255,66,21558,78,309757
34439,0.000169,172.31.40.0-255,66,21624,78,309757
34440,0.000173,74.125.200.0-255,1125,22749,78,309757
34441,0.000175,172.31.40.0-255,66,22815,78,309757
34442,0.000229,74.125.200.0-255,1484,24299,78,309757
34443,0.000232,172.31.40.0-255,66,24365,78,309757
34444,0.000235,74.125.200.0-255,1484,25849,78,309757
34445,0.000237,172.31.40.0-255,66,25915,78,309757
34446,0.000261,74.125.200.0-255,2902,28817,78,309757
34447,0.000263,172.31.40.0-255,66,28883,78,309757
34448,0.000273,74.125.200.0-255,2902,31785,78,309757
34449,0.000275,172.31.40.0-255,66,31851,78,309757
34450,0.000299,74.125.200.0-255,2902,34753,78,309757
34451,0.000301,172.31.40.0-255,66,34819,78,309757
34452,0.000317,74.125.200.0-255,1484,36303,78,309757
34453,0.00032,172.31.40.0-255,66,36369,78,309757
34454,0.000344,74.125.200.0-255,5379,41748,78,309757
34455,0.000346,172.31.40.0-255,66,41814,78,309757
34456,0.000354,74.125.200.0-255,7156,48970,78,309757
34457,0.000356,172.31.40.0-255,66,49036,78,309757
34458,0.000363,74.125.200.0-255,7156,56192,78,309757
34459,0.000365,172.31.40.0-255,66,56258,78,309757
34460,0.000388,74.125.200.0-255,1398,57656,78,309757
34461,0.000813,74.125.200.0-255,131,57787,78,309757
34462,0.000906,74.125.200.0-255,1484,59271,78,309757
34463,0.000911,172.31.40.0-255,66,59337,78,309757
34464,0.000944,74.125.200.0-255,2902,62239,78,309757
34465,0.000948,172.31.40.0-255,66,62305,78,309757
34466,0.000967,74.125.200.0-255,5738,68043,78,309757
34467,0.00097,172.31.40.0-255,66,68109,78,309757
34468,0.000974,74.125.200.0-255,1484,69593,78,309757
34469,0.000977,74.125.200.0-255,1484,71077,78,309757
34470,0.000979,172.31.40.0-255,66,71143,78,309757
34471,0.001008,74.125.200.0-255,1484,72627,78,309757
34472,0.001039,74.125.200.0-255,2543,75170,78,309757
34473,0.001042,172.31.40.0-255,66,75236,78,309757
34474,0.001062,74.125.200.0-255,2902,78138,78,309757
34475,0.001065,172.31.40.0-255,66,78204,78,309757
34476,0.00107,74.125.200.0-255,4320,82524,78,309757
34477,0.001072,172.31.40.0-255,66,82590,78,309757
34478,0.001101,74.125.200.0-255,7156,89746,78,309757
34479,0.001105,172.31.40.0-255,66,89812,78,309757
34480,0.001115,74.125.200.0-255,1484,91296,78,309757
34481,0.001122,74.125.200.0-255,1125,92421,78,309757
34482,0.001124,172.31.40.0-255,66,92487,78,309757
34483,0.001171,74.125.200.0-255,1484,93971,78,309757
34484,0.001212,74.125.200.0-255,2902,96873,78,309757
34485,0.001217,172.31.40.0-255,66,96939,78,309757
34486,0.001229,74.125.200.0-255,5738,102677,78,309757
34487,0.001235,172.31.40.0-255,66,102743,78,309757
34488,0.001262,74.125.200.0-255,4320,107063,78,309757
34489,0.001265,172.31.40.0-255,66,107129,78,309757
34490,0.001292,74.125.200.0-255,1484,108613,78,309757
34491,0.001308,74.125.200.0-255,7156,115769,78,309757
34492,0.00131,172.31.40.0-255,66,115835,78,309757
34493,0.001314,74.125.200.0-255,1484,117319,78,309757
34494,0.001327,74.125.200.0-255,4320,121639,78,309757
34495,0.001335,172.31.40.0-255,66,121705,78,309757
34496,0.001362,74.125.200.0-255,4320,126025,78,309757
34497,0.001365,172.31.40.0-255,66,126091,78,309757
34498,0.001387,74.125.200.0-255,766,126857,78,309757
34499,0.001392,74.125.200.0-255,2902,129759,78,309757
34500,0.001394,172.31.40.0-255,66,129825,78,309757
34501,0.001398,74.125.200.0-255,2902,132727,78,309757
34502,0.0014,172.31.40.0-255,66,132793,78,309757
34503,0.00142,74.125.200.0-255,1484,134277,78,309757
34504,0.001463,172.31.40.0-255,66,134343,78,309757
34505,0.001468,74.125.200.0-255,4320,138663,78,309757
34506,0.00147,172.31.40.0-255,66,138729,78,309757
34507,0.001476,74.125.200.0-255,4320,143049,78,309757
34508,0.001478,172.31.40.0-255,66,143115,78,309757
34509,0.001513,172.31.40.0-255,66,143181,78,309757
34510,0.00172,74.125.200.0-255,1484,144665,78,309757
34511,0.001726,74.125.200.0-255,2902,147567,78,309757
34512,0.001729,172.31.40.0-255,66,147633,78,309757
34513,0.001736,74.125.200.0-255,5738,153371,78,309757
34514,0.001737,172.31.40.0-255,66,153437,78,309757
34515,0.00174,74.125.200.0-255,1484,154921,78,309757
34516,0.001754,74.125.200.0-255,2902,157823,78,309757
34517,0.001756,172.31.40.0-255,66,157889,78,309757
34518,0.001759,74.125.200.0-255,1484,159373,78,309757
34519,0.001793,74.125.200.0-255,4320,163693,78,309757
34520,0.001796,172.31.40.0-255,66,163759,78,309757
34521,0.001804,74.125.200.0-255,7156,170915,78,309757
34522,0.001807,172.31.40.0-255,66,170981,78,309757
34523,0.001838,74.125.200.0-255,4320,175301,78,309757
34524,0.001841,172.31.40.0-255,66,175367,78,309757
34525,0.001867,74.125.200.0-255,2184,177551,78,309757
34526,0.00187,172.31.40.0-255,66,177617,78,309757
34527,0.003877,74.125.200.0-255,5738,183355,78,309757
34528,0.003886,172.31.40.0-255,66,183421,78,309757
34529,0.005863,74.125.200.0-255,5738,189159,78,309757
34530,0.005867,172.31.40.0-255,66,189225,78,309757
34531,0.007852,74.125.200.0-255,5738,194963,78,309757
34532,0.007859,172.31.40.0-255,66,195029,78,309757
34533,0.009852,74.125.200.0-255,5738,200767,78,309757
34534,0.009859,172.31.40.0-255,66,200833,78,309757
34535,0.01186,74.125.200.0-255,5738,206571,78,309757
34536,0.011866,172.31.40.0-255,66,206637,78,309757
34537,0.013855,74.125.200.0-255,5738,212375,78,309757
34538,0.013862,172.31.40.0-255,66,212441,78,309757
34539,0.015862,74.125.200.0-255,5738,218179,78,309757
34540,0.015869,172.31.40.0-255,66,218245,78,309757
34541,0.017857,74.125.200.0-255,5738,223983,78,309757
34542,0.017865,172.31.40.0-255,66,224049,78,309757
34543,0.019846,74.125.200.0-255,5738,229787,78,309757
34544,0.019853,172.31.40.0-255,66,229853,78,309757
34545,0.021874,74.125.200.0-255,5738,235591,78,309757
34546,0.02189,172.31.40.0-255,66,235657,78,309757
34547,0.023885,74.125.200.0-255,5738,241395,78,309757
34548,0.023899,172.31.40.0-255,66,241461,78,309757
34549,0.025894,74.125.200.0-255,5738,247199,78,309757
34550,0.025907,172.31.40.0-255,66,247265,78,309757
34551,0.027917,74.125.200.0-255,5738,253003,78,309757
34552,0.027931,172.31.40.0-255,66,253069,78,309757
34553,0.029934,74.125.200.0-255,5738,258807,78,309757
34554,0.029941,172.31.40.0-255,66,258873,78,309757
34555,0.031934,74.125.200.0-255,4320,263193,78,309757
34556,0.031943,172.31.40.0-255,66,263259,78,309757
34557,0.031968,74.125.200.0-255,1484,264743,78,309757
34558,0.033931,74.125.200.0-255,4320,269063,78,309757
34559,0.033938,172.31.40.0-255,66,269129,78,309757
34560,0.035932,74.125.200.0-255,5738,274867,78,309757
34561,0.035938,172.31.40.0-255,66,274933,78,309757
34562,0.037942,74.125.200.0-255,5738,280671,78,309757
34563,0.037953,172.31.40.0-255,66,280737,78,309757
34564,0.039941,74.125.200.0-255,5738,286475,78,309757
34565,0.039951,172.31.40.0-255,66,286541,78,309757
34566,0.041951,74.125.200.0-255,5738,292279,78,309757
34567,0.041958,172.31.40.0-255,66,292345,78,309757
34568,0.043965,74.125.200.0-255,5738,298083,78,309757
34569,0.043978,172.31.40.0-255,66,298149,78,309757
34570,0.045964,74.125.200.0-255,5738,303887,78,309757
34571,0.045972,172.31.40.0-255,66,303953,78,309757
34572,0.047973,74.125.200.0-255,5738,309691,78,309757
34573,0.04799,172.31.40.0-255,66,309757,78,309757
34574,0.0,74.125.24.0-255,152,152,78,248165
34575,1.8e-05,172.31.40.0-255,66,218,78,248165
34576,2.5e-05,74.125.24.0-255,1484,1702,78,248165
34577,2.9e-05,172.31.40.0-255,66,1768,78,248165
34578,3.4e-05,74.125.24.0-255,2902,4670,78,248165
34579,3.7e-05,172.31.40.0-255,66,4736,78,248165
34580,4.4e-05,74.125.24.0-255,7156,11892,78,248165
34581,4.7e-05,172.31.40.0-255,66,11958,78,248165
34582,5.7e-05,74.125.24.0-255,1980,13938,78,248165
34583,6e-05,172.31.40.0-255,66,14004,78,248165
34584,0.000237,74.125.24.0-255,1484,15488,78,248165
34585,0.000241,172.31.40.0-255,66,15554,78,248165
34586,0.000248,74.125.24.0-255,2902,18456,78,248165
34587,0.00025,172.31.40.0-255,66,18522,78,248165
34588,0.000256,74.125.24.0-255,5738,24260,78,248165
34589,0.000262,172.31.40.0-255,66,24326,78,248165
34590,0.000304,74.125.24.0-255,2902,27228,78,248165
34591,0.000306,172.31.40.0-255,66,27294,78,248165
34592,0.00033,74.125.24.0-255,3961,31255,78,248165
34593,0.000332,172.31.40.0-255,66,31321,78,248165
34594,0.000339,74.125.24.0-255,7156,38477,78,248165
34595,0.000341,172.31.40.0-255,66,38543,78,248165
34596,0.000365,172.31.40.0-255,66,38609,78,248165
34597,0.000388,74.125.24.0-255,1125,39734,78,248165
34598,0.00039,172.31.40.0-255,66,39800,78,248165
34599,0.000407,74.125.24.0-255,1484,41284,78,248165
34600,0.000412,172.31.40.0-255,66,41350,78,248165
34601,0.000416,74.125.24.0-255,2902,44252,78,248165
34602,0.000418,172.31.40.0-255,66,44318,78,248165
34603,0.000452,74.125.24.0-255,5738,50056,78,248165
34604,0.000455,172.31.40.0-255,66,50122,78,248165
34605,0.000461,74.125.24.0-255,6797,56919,78,248165
34606,0.000463,172.31.40.0-255,66,56985,78,248165
34607,0.00049,74.125.24.0-255,421,57406,78,248165
34608,0.000537,74.125.24.0-255,353,57759,78,248165
34609,0.000835,74.125.24.0-255,1484,59243,78,248165
34610,0.00084,172.31.40.0-255,66,59309,78,248165
34611,0.000845,74.125.24.0-255,2902,62211,78,248165
34612,0.000847,172.31.40.0-255,66,62277,78,248165
34613,0.000854,74.125.24.0-255,5738,68015,78,248165
34614,0.000855,172.31.40.0-255,66,68081,78,248165
34615,0.000868,74.125.24.0-255,7156,75237,78,248165
34616,0.000871,172.31.40.0-255,66,75303,78,248165
34617,0.000903,172.31.40.0-255,66,75369,78,248165
34618,0.00093,74.125.24.0-255,2902,78271,78,248165
34619,0.000933,172.31.40.0-255,66,78337,78,248165
34620,0.000937,74.125.24.0-255,2184,80521,78,248165
34621,0.000938,172.31.40.0-255,66,80587,78,248165
34622,0.001283,74.125.24.0-255,1484,82071,78,248165
34623,0.001287,74.125.24.0-255,1484,83555,78,248165
34624,0.001291,172.31.40.0-255,66,83621,78,248165
34625,0.00132,74.125.24.0-255,1484,85105,78,248165
34626,0.001328,74.125.24.0-255,5738,90843,78,248165
34627,0.001331,172.31.40.0-255,66,90909,78,248165
34628,0.001342,172.31.40.0-255,66,90975,78,248165
34629,0.001373,74.125.24.0-255,5738,96713,78,248165
34630,0.001376,172.31.40.0-255,66,96779,78,248165
34631,0.001406,172.31.40.0-255,66,96845,78,248165
34632,0.001421,172.31.40.0-255,66,96911,78,248165
34633,0.001427,74.125.24.0-255,4320,101231,78,248165
34634,0.001429,172.31.40.0-255,66,101297,78,248165
34635,0.00147,172.31.40.0-255,66,101363,78,248165
34636,0.001559,74.125.24.0-255,2902,104265,78,248165
34637,0.001565,172.31.40.0-255,66,104331,78,248165
34638,0.001579,172.31.40.0-255,66,104397,78,248165
34639,0.001595,172.31.40.0-255,66,104463,78,248165
34640,0.001606,74.125.24.0-255,1484,105947,78,248165
34641,0.001616,74.125.24.0-255,2902,108849,78,248165
34642,0.001618,172.31.40.0-255,66,108915,78,248165
34643,0.001622,74.125.24.0-255,2902,111817,78,248165
34644,0.001624,172.31.40.0-255,66,111883,78,248165
34645,0.001636,74.125.24.0-255,2902,114785,78,248165
34646,0.001638,172.31.40.0-255,66,114851,78,248165
34647,0.001666,172.31.40.0-255,66,114917,78,248165
34648,0.001692,74.125.24.0-255,7156,122073,78,248165
34649,0.001697,172.31.40.0-255,66,122139,78,248165
34650,0.001714,74.125.24.0-255,1484,123623,78,248165
34651,0.001717,74.125.24.0-255,2184,125807,78,248165
34652,0.00172,172.31.40.0-255,66,125873,78,248165
34653,0.001827,74.125.24.0-255,1484,127357,78,248165
34654,0.001833,74.125.24.0-255,2902,130259,78,248165
34655,0.001836,172.31.40.0-255,66,130325,78,248165
34656,0.001842,74.125.24.0-255,5738,136063,78,248165
34657,0.001843,172.31.40.0-255,66,136129,78,248165
34658,0.001848,74.125.24.0-255,2902,139031,78,248165
34659,0.001849,172.31.40.0-255,66,139097,78,248165
34660,0.001877,172.31.40.0-255,66,139163,78,248165
34661,0.001888,172.31.40.0-255,66,139229,78,248165
34662,0.001908,74.125.24.0-255,2184,141413,78,248165
34663,0.001911,172.31.40.0-255,66,141479,78,248165
34664,0.001915,74.125.24.0-255,4320,145799,78,248165
34665,0.001917,172.31.40.0-255,66,145865,78,248165
34666,0.001966,172.31.40.0-255,66,145931,78,248165
34667,0.001976,172.31.40.0-255,66,145997,78,248165
34668,0.001998,74.125.24.0-255,1484,147481,78,248165
34669,0.00202,74.125.24.0-255,2902,150383,78,248165
34670,0.002023,172.31.40.0-255,66,150449,78,248165
34671,0.002028,74.125.24.0-255,4320,154769,78,248165
34672,0.00203,172.31.40.0-255,66,154835,78,248165
34673,0.002063,74.125.24.0-255,5738,160573,78,248165
34674,0.002066,172.31.40.0-255,66,160639,78,248165
34675,0.004077,74.125.24.0-255,5738,166377,78,248165
34676,0.004084,172.31.40.0-255,66,166443,78,248165
34677,0.00613,74.125.24.0-255,5738,172181,78,248165
34678,0.006144,172.31.40.0-255,66,172247,78,248165
34679,0.008156,74.125.24.0-255,5738,177985,78,248165
34680,0.008171,172.31.40.0-255,66,178051,78,248165
34681,0.010199,74.125.24.0-255,5738,183789,78,248165
34682,0.010206,172.31.40.0-255,66,183855,78,248165
34683,0.012259,74.125.24.0-255,5738,189593,78,248165
34684,0.012262,172.31.40.0-255,66,189659,78,248165
34685,0.014302,74.125.24.0-255,5738,195397,78,248165
34686,0.014309,172.31.40.0-255,66,195463,78,248165
34687,0.016336,74.125.24.0-255,5738,201201,78,248165
34688,0.01635,172.31.40.0-255,66,201267,78,248165
34689,0.01841,74.125.24.0-255,5738,207005,78,248165
34690,0.018424,172.31.40.0-255,66,207071,78,248165
34691,0.020505,74.125.24.0-255,5738,212809,78,248165
34692,0.020513,172.31.40.0-255,66,212875,78,248165
34693,0.022538,74.125.24.0-255,5738,218613,78,248165
34694,0.022546,172.31.40.0-255,66,218679,78,248165
34695,0.024572,74.125.24.0-255,5738,224417,78,248165
34696,0.024582,172.31.40.0-255,66,224483,78,248165
34697,0.026585,74.125.24.0-255,5738,230221,78,248165
34698,0.026594,172.31.40.0-255,66,230287,78,248165
34699,0.028624,74.125.24.0-255,5738,236025,78,248165
34700,0.028631,172.31.40.0-255,66,236091,78,248165
34701,0.030666,74.125.24.0-255,5738,241829,78,248165
34702,0.030672,172.31.40.0-255,66,241895,78,248165
34703,0.032657,74.125.24.0-255,761,242656,78,248165
34704,0.03278,172.31.40.0-255,66,242722,78,248165
34705,0.032818,172.31.40.0-255,105,242827,78,248165
34706,0.034818,74.125.24.0-255,66,242893,78,248165
34707,0.047429,172.31.40.0-255,172,243065,78,248165
34708,0.047466,172.31.40.0-255,1107,244172,78,248165
34709,0.047533,172.31.40.0-255,1514,245686,78,248165
34710,0.047535,172.31.40.0-255,1514,247200,78,248165
34711,0.04756,172.31.40.0-255,701,247901,78,248165
34712,0.048994,104.244.42.0-255,66,247967,78,248165
34713,0.049019,104.244.42.0-255,66,248033,78,248165
34714,0.049082,104.244.42.0-255,66,248099,78,248165
34715,0.049131,104.244.42.0-255,66,248165,78,248165
34716,0.0,172.217.194.0-255,150,150,78,251000
34717,1.8e-05,172.31.40.0-255,66,216,78,251000
34718,2.4e-05,172.217.194.0-255,1484,1700,78,251000
34719,2.9e-05,172.31.40.0-255,66,1766,78,251000
34720,3.2e-05,172.217.194.0-255,1484,3250,78,251000
34721,3.5e-05,172.31.40.0-255,66,3316,78,251000
34722,5.5e-05,172.217.194.0-255,1484,4800,78,251000
34723,5.8e-05,172.31.40.0-255,66,4866,78,251000
34724,6.7e-05,172.217.194.0-255,7156,12022,78,251000
34725,7e-05,172.31.40.0-255,66,12088,78,251000
34726,0.000102,172.31.40.0-255,66,12154,78,251000
34727,0.000114,172.31.40.0-255,66,12220,78,251000
34728,0.000177,172.217.194.0-255,1484,13704,78,251000
34729,0.00018,172.31.40.0-255,66,13770,78,251000
34730,0.000187,172.217.194.0-255,2902,16672,78,251000
34731,0.00019,172.31.40.0-255,66,16738,78,251000
34732,0.000206,172.217.194.0-255,1484,18222,78,251000
34733,0.000209,172.31.40.0-255,66,18288,78,251000
34734,0.000226,172.217.194.0-255,4320,22608,78,251000
34735,0.000229,172.31.40.0-255,66,22674,78,251000
34736,0.000236,172.217.194.0-255,6797,29471,78,251000
34737,0.000239,172.31.40.0-255,66,29537,78,251000
34738,0.000243,172.217.194.0-255,2902,32439,78,251000
34739,0.000246,172.31.40.0-255,66,32505,78,251000
34740,0.000269,172.217.194.0-255,4320,36825,78,251000
34741,0.000272,172.31.40.0-255,66,36891,78,251000
34742,0.000278,172.217.194.0-255,4320,41211,78,251000
34743,0.00028,172.31.40.0-255,66,41277,78,251000
34744,0.000294,172.217.194.0-255,5629,46906,78,251000
34745,0.000297,172.31.40.0-255,66,46972,78,251000
34746,0.000317,172.217.194.0-255,435,47407,78,251000
34747,0.000544,172.217.194.0-255,1484,48891,78,251000
34748,0.00055,172.217.194.0-255,2902,51793,78,251000
34749,0.000555,172.217.194.0-255,2902,54695,78,251000
34750,0.000565,172.31.40.0-255,66,54761,78,251000
34751,0.000569,172.217.194.0-255,2902,57663,78,251000
34752,0.000574,172.31.40.0-255,66,57729,78,251000
34753,0.000586,172.217.194.0-255,7156,64885,78,251000
34754,0.000603,172.31.40.0-255,66,64951,78,251000
34755,0.000626,172.217.194.0-255,5738,70689,78,251000
34756,0.000634,172.217.194.0-255,7156,77845,78,251000
34757,0.000647,172.217.194.0-255,3602,81447,78,251000
34758,0.000685,172.31.40.0-255,66,81513,78,251000
34759,0.000696,172.217.194.0-255,4320,85833,78,251000
34760,0.0007,172.217.194.0-255,4320,90153,78,251000
34761,0.000738,172.31.40.0-255,66,90219,78,251000
34762,0.00076,172.217.194.0-255,2902,93121,78,251000
34763,0.000772,172.31.40.0-255,66,93187,78,251000
34764,0.000793,172.31.40.0-255,66,93253,78,251000
34765,0.000903,172.217.194.0-255,1484,94737,78,251000
34766,0.000916,172.217.194.0-255,2902,97639,78,251000
34767,0.000928,172.217.194.0-255,4320,101959,78,251000
34768,0.000942,172.217.194.0-255,1484,103443,78,251000
34769,0.000945,172.217.194.0-255,1484,104927,78,251000
34770,0.00095,172.31.40.0-255,66,104993,78,251000
34771,0.000994,172.217.194.0-255,1484,106477,78,251000
34772,0.001004,172.31.40.0-255,66,106543,78,251000
34773,0.00102,172.31.40.0-255,66,106609,78,251000
34774,0.001057,172.217.194.0-255,5738,112347,78,251000
34775,0.001067,172.31.40.0-255,66,112413,78,251000
34776,0.001082,172.217.194.0-255,7156,119569,78,251000
34777,0.001087,172.31.40.0-255,66,119635,78,251000
34778,0.001107,172.217.194.0-255,5738,125373,78,251000
34779,0.001121,172.31.40.0-255,66,125439,78,251000
34780,0.001128,172.217.194.0-255,6438,131877,78,251000
34781,0.001137,172.31.40.0-255,66,131943,78,251000
34782,0.001277,172.217.194.0-255,1484,133427,78,251000
34783,0.001282,172.217.194.0-255,1484,134911,78,251000
34784,0.001296,172.217.194.0-255,1484,136395,78,251000
34785,0.001306,172.31.40.0-255,66,136461,78,251000
34786,0.001321,172.217.194.0-255,5738,142199,78,251000
34787,0.001326,172.217.194.0-255,4320,146519,78,251000
34788,0.001359,172.217.194.0-255,7156,153675,78,251000
34789,0.001366,172.31.40.0-255,66,153741,78,251000
34790,0.001376,172.217.194.0-255,2902,156643,78,251000
34791,0.001391,172.31.40.0-255,66,156709,78,251000
34792,0.001411,172.31.40.0-255,66,156775,78,251000
34793,0.001596,172.217.194.0-255,1484,158259,78,251000
34794,0.001614,172.217.194.0-255,2902,161161,78,251000
34795,0.001627,172.217.194.0-255,4320,165481,78,251000
34796,0.00164,172.217.194.0-255,1484,166965,78,251000
34797,0.001645,172.217.194.0-255,4320,171285,78,251000
34798,0.001651,172.31.40.0-255,66,171351,78,251000
34799,0.001708,172.31.40.0-255,66,171417,78,251000
34800,0.001725,172.217.194.0-255,1484,172901,78,251000
34801,0.001728,172.217.194.0-255,1484,174385,78,251000
34802,0.001739,172.217.194.0-255,1484,175869,78,251000
34803,0.001742,172.217.194.0-255,1484,177353,78,251000
34804,0.001746,172.31.40.0-255,66,177419,78,251000
34805,0.001757,172.217.194.0-255,4320,181739,78,251000
34806,0.001768,172.217.194.0-255,1484,183223,78,251000
34807,0.001779,172.31.40.0-255,66,183289,78,251000
34808,0.001864,172.217.194.0-255,766,184055,78,251000
34809,0.001869,172.31.40.0-255,66,184121,78,251000
34810,0.002034,172.217.194.0-255,1484,185605,78,251000
34811,0.00204,172.217.194.0-255,2902,188507,78,251000
34812,0.00206,172.217.194.0-255,5738,194245,78,251000
34813,0.002063,172.31.40.0-255,66,194311,78,251000
34814,0.002073,172.31.40.0-255,66,194377,78,251000
34815,0.002084,172.217.194.0-255,4320,198697,78,251000
34816,0.002105,172.217.194.0-255,5738,204435,78,251000
34817,0.002114,172.31.40.0-255,66,204501,78,251000
34818,0.002133,172.217.194.0-255,2902,207403,78,251000
34819,0.002139,172.31.40.0-255,66,207469,78,251000
34820,0.002199,172.31.40.0-255,66,207535,78,251000
34821,0.00221,172.31.40.0-255,66,207601,78,251000
34822,0.002245,172.217.194.0-255,4320,211921,78,251000
34823,0.002258,172.31.40.0-255,66,211987,78,251000
34824,0.002269,172.217.194.0-255,6438,218425,78,251000
34825,0.002279,172.31.40.0-255,66,218491,78,251000
34826,0.002511,172.217.194.0-255,1484,219975,78,251000
34827,0.002534,172.217.194.0-255,2902,222877,78,251000
34828,0.002551,172.217.194.0-255,1484,224361,78,251000
34829,0.002566,172.217.194.0-255,2902,227263,78,251000
34830,0.002588,172.217.194.0-255,7156,234419,78,251000
34831,0.0026,172.217.194.0-255,1484,235903,78,251000
34832,0.002606,172.217.194.0-255,4320,240223,78,251000
34833,0.002641,172.217.194.0-255,4320,244543,78,251000
34834,0.002653,172.217.194.0-255,1758,246301,78,251000
34835,0.012244,172.31.40.0-255,66,246367,78,251000
34836,0.013446,172.217.194.0-255,105,246472,78,251000
34837,0.014305,172.31.40.0-255,66,246538,78,251000
34838,0.014338,172.31.40.0-255,105,246643,78,251000
34839,0.016884,172.217.194.0-255,66,246709,78,251000
34840,0.046916,172.31.40.0-255,172,246881,78,251000
34841,0.046952,172.31.40.0-255,1108,247989,78,251000
34842,0.047015,172.31.40.0-255,1514,249503,78,251000
34843,0.047017,172.31.40.0-255,1299,250802,78,251000
34844,0.048457,104.244.42.0-255,66,250868,78,251000
34845,0.048557,104.244.42.0-255,66,250934,78,251000
34846,0.048601,104.244.42.0-255,66,251000,78,251000
34847,0.0,74.125.24.0-255,153,153,78,235412
34848,2e-05,172.31.40.0-255,66,219,78,235412
34849,2.7e-05,74.125.24.0-255,1484,1703,78,235412
34850,3.1e-05,172.31.40.0-255,66,1769,78,235412
34851,3.4e-05,74.125.24.0-255,1484,3253,78,235412
34852,3.7e-05,172.31.40.0-255,66,3319,78,235412
34853,5.3e-05,74.125.24.0-255,4320,7639,78,235412
34854,5.6e-05,172.31.40.0-255,66,7705,78,235412
34855,8.5e-05,74.125.24.0-255,1484,9189,78,235412
34856,8.8e-05,172.31.40.0-255,66,9255,78,235412
34857,0.000118,74.125.24.0-255,4774,14029,78,235412
34858,0.000121,172.31.40.0-255,66,14095,78,235412
34859,0.00018,74.125.24.0-255,1484,15579,78,235412
34860,0.000182,172.31.40.0-255,66,15645,78,235412
34861,0.000187,74.125.24.0-255,2902,18547,78,235412
34862,0.000189,172.31.40.0-255,66,18613,78,235412
34863,0.000195,74.125.24.0-255,5738,24351,78,235412
34864,0.000197,172.31.40.0-255,66,24417,78,235412
34865,0.000228,74.125.24.0-255,2902,27319,78,235412
34866,0.00023,172.31.40.0-255,66,27385,78,235412
34867,0.000254,74.125.24.0-255,3961,31346,78,235412
34868,0.000257,172.31.40.0-255,66,31412,78,235412
34869,0.000265,74.125.24.0-255,7156,38568,78,235412
34870,0.000267,172.31.40.0-255,66,38634,78,235412
34871,0.000304,172.31.40.0-255,66,38700,78,235412
34872,0.000353,74.125.24.0-255,1125,39825,78,235412
34873,0.000356,172.31.40.0-255,66,39891,78,235412
34874,0.001209,74.125.24.0-255,1484,41375,78,235412
34875,0.001215,172.31.40.0-255,66,41441,78,235412
34876,0.001222,74.125.24.0-255,2902,44343,78,235412
34877,0.001224,172.31.40.0-255,66,44409,78,235412
34878,0.001229,74.125.24.0-255,5738,50147,78,235412
34879,0.001231,172.31.40.0-255,66,50213,78,235412
34880,0.001243,74.125.24.0-255,6797,57010,78,235412
34881,0.001244,172.31.40.0-255,66,57076,78,235412
34882,0.001335,74.125.24.0-255,1484,58560,78,235412
34883,0.001352,74.125.24.0-255,2902,61462,78,235412
34884,0.001355,172.31.40.0-255,66,61528,78,235412
34885,0.001366,74.125.24.0-255,1484,63012,78,235412
34886,0.001387,74.125.24.0-255,4320,67332,78,235412
34887,0.001389,172.31.40.0-255,66,67398,78,235412
34888,0.001393,74.125.24.0-255,2902,70300,78,235412
34889,0.001395,172.31.40.0-255,66,70366,78,235412
34890,0.001427,74.125.24.0-255,4320,74686,78,235412
34891,0.00143,172.31.40.0-255,66,74752,78,235412
34892,0.001447,74.125.24.0-255,4320,79072,78,235412
34893,0.001449,172.31.40.0-255,66,79138,78,235412
34894,0.001476,74.125.24.0-255,2543,81681,78,235412
34895,0.001478,172.31.40.0-255,66,81747,78,235412
34896,0.001483,74.125.24.0-255,4320,86067,78,235412
34897,0.001485,172.31.40.0-255,66,86133,78,235412
34898,0.001514,74.125.24.0-255,5959,92092,78,235412
34899,0.001517,172.31.40.0-255,66,92158,78,235412
34900,0.002249,74.125.24.0-255,1484,93642,78,235412
34901,0.002255,74.125.24.0-255,2902,96544,78,235412
34902,0.002258,172.31.40.0-255,66,96610,78,235412
34903,0.002288,74.125.24.0-255,5738,102348,78,235412
34904,0.00229,172.31.40.0-255,66,102414,78,235412
34905,0.002322,172.31.40.0-255,66,102480,78,235412
34906,0.002327,74.125.24.0-255,4320,106800,78,235412
34907,0.002328,172.31.40.0-255,66,106866,78,235412
34908,0.002354,74.125.24.0-255,4320,111186,78,235412
34909,0.002356,172.31.40.0-255,66,111252,78,235412
34910,0.004678,74.125.24.0-255,5738,116990,78,235412
34911,0.004685,172.31.40.0-255,66,117056,78,235412
34912,0.007015,74.125.24.0-255,5738,122794,78,235412
34913,0.007026,172.31.40.0-255,66,122860,78,235412
34914,0.009399,74.125.24.0-255,5738,128598,78,235412
34915,0.009415,172.31.40.0-255,66,128664,78,235412
34916,0.011763,74.125.24.0-255,5738,134402,78,235412
34917,0.01178,172.31.40.0-255,66,134468,78,235412
34918,0.01411,74.125.24.0-255,5738,140206,78,235412
34919,0.014128,172.31.40.0-255,66,140272,78,235412
34920,0.016479,74.125.24.0-255,5738,146010,78,235412
34921,0.016498,172.31.40.0-255,66,146076,78,235412
34922,0.018851,74.125.24.0-255,5738,151814,78,235412
34923,0.018866,172.31.40.0-255,66,151880,78,235412
34924,0.02123,74.125.24.0-255,5738,157618,78,235412
34925,0.021248,172.31.40.0-255,66,157684,78,235412
34926,0.023592,74.125.24.0-255,5738,163422,78,235412
34927,0.023611,172.31.40.0-255,66,163488,78,235412
34928,0.025934,74.125.24.0-255,5738,169226,78,235412
34929,0.025946,172.31.40.0-255,66,169292,78,235412
34930,0.028254,74.125.24.0-255,5738,175030,78,235412
34931,0.028265,172.31.40.0-255,66,175096,78,235412
34932,0.030557,74.125.24.0-255,5738,180834,78,235412
34933,0.030564,172.31.40.0-255,66,180900,78,235412
34934,0.031285,172.31.40.0-255,172,181072,78,235412
34935,0.031316,172.31.40.0-255,1107,182179,78,235412
34936,0.031381,172.31.40.0-255,1514,183693,78,235412
34937,0.031383,172.31.40.0-255,1514,185207,78,235412
34938,0.031388,172.31.40.0-255,1514,186721,78,235412
34939,0.031389,172.31.40.0-255,1514,188235,78,235412
34940,0.031422,172.31.40.0-255,481,188716,78,235412
34941,0.032869,104.244.42.0-255,66,188782,78,235412
34942,0.032883,104.244.42.0-255,66,188848,78,235412
34943,0.032892,74.125.24.0-255,5738,194586,78,235412
34944,0.032898,172.31.40.0-255,66,194652,78,235412
34945,0.03296,104.244.42.0-255,66,194718,78,235412
34946,0.032966,104.244.42.0-255,66,194784,78,235412
34947,0.035224,74.125.24.0-255,5738,200522,78,235412
34948,0.035234,172.31.40.0-255,66,200588,78,235412
34949,0.03757,74.125.24.0-255,5738,206326,78,235412
34950,0.037581,172.31.40.0-255,66,206392,78,235412
34951,0.039932,74.125.24.0-255,5738,212130,78,235412
34952,0.039944,172.31.40.0-255,66,212196,78,235412
34953,0.042293,74.125.24.0-255,5738,217934,78,235412
34954,0.042304,172.31.40.0-255,66,218000,78,235412
34955,0.044605,74.125.24.0-255,5738,223738,78,235412
34956,0.044613,172.31.40.0-255,66,223804,78,235412
34957,0.046919,74.125.24.0-255,5738,229542,78,235412
34958,0.046928,172.31.40.0-255,66,229608,78,235412
34959,0.049272,74.125.24.0-255,5738,235346,78,235412
34960,0.049283,172.31.40.0-255,66,235412,78,235412
34961,0.0,74.125.130.0-255,150,150,78,295721
34962,2.4e-05,172.31.40.0-255,66,216,78,295721
34963,3.2e-05,74.125.130.0-255,1484,1700,78,295721
34964,3.7e-05,172.31.40.0-255,66,1766,78,295721
34965,4.2e-05,74.125.130.0-255,2902,4668,78,295721
34966,5.3e-05,172.31.40.0-255,66,4734,78,295721
34967,6e-05,74.125.130.0-255,5738,10472,78,295721
34968,6.3e-05,172.31.40.0-255,66,10538,78,295721
34969,6.7e-05,74.125.130.0-255,2902,13440,78,295721
34970,7e-05,172.31.40.0-255,66,13506,78,295721
34971,9.1e-05,74.125.130.0-255,622,14128,78,295721
34972,9.4e-05,172.31.40.0-255,66,14194,78,295721
34973,0.000138,74.125.130.0-255,1484,15678,78,295721
34974,0.000141,172.31.40.0-255,66,15744,78,295721
34975,0.000155,74.125.130.0-255,4320,20064,78,295721
34976,0.000162,172.31.40.0-255,66,20130,78,295721
34977,0.000166,74.125.130.0-255,2902,23032,78,295721
34978,0.000168,172.31.40.0-255,66,23098,78,295721
34979,0.000262,74.125.130.0-255,4320,27418,78,295721
34980,0.000266,172.31.40.0-255,66,27484,78,295721
34981,0.000293,74.125.130.0-255,3961,31445,78,295721
34982,0.000297,172.31.40.0-255,66,31511,78,295721
34983,0.000407,74.125.130.0-255,1484,32995,78,295721
34984,0.000412,172.31.40.0-255,66,33061,78,295721
34985,0.000416,74.125.130.0-255,1484,34545,78,295721
34986,0.000418,172.31.40.0-255,66,34611,78,295721
34987,0.000421,74.125.130.0-255,1484,36095,78,295721
34988,0.000423,172.31.40.0-255,66,36161,78,295721
34989,0.000462,74.125.130.0-255,1484,37645,78,295721
34990,0.000465,172.31.40.0-255,66,37711,78,295721
34991,0.000471,74.125.130.0-255,5738,43449,78,295721
34992,0.000474,172.31.40.0-255,66,43515,78,295721
34993,0.000478,74.125.130.0-255,4320,47835,78,295721
34994,0.000485,172.31.40.0-255,66,47901,78,295721
34995,0.000514,74.125.130.0-255,1125,49026,78,295721
34996,0.000532,74.125.130.0-255,4320,53346,78,295721
34997,0.000535,172.31.40.0-255,66,53412,78,295721
34998,0.000557,74.125.130.0-255,1484,54896,78,295721
34999,0.000562,74.125.130.0-255,4320,59216,78,295721
35000,0.000565,172.31.40.0-255,66,59282,78,295721
35001,0.000568,74.125.130.0-255,1484,60766,78,295721
35002,0.000594,74.125.130.0-255,4320,65086,78,295721
35003,0.000597,172.31.40.0-255,66,65152,78,295721
35004,0.0006,74.125.130.0-255,1378,66530,78,295721
35005,0.000641,74.125.130.0-255,403,66933,78,295721
35006,0.000643,172.31.40.0-255,66,66999,78,295721
35007,0.00067,74.125.130.0-255,1484,68483,78,295721
35008,0.000682,74.125.130.0-255,1484,69967,78,295721
35009,0.000684,172.31.40.0-255,66,70033,78,295721
35010,0.00071,74.125.130.0-255,1484,71517,78,295721
35011,0.000736,74.125.130.0-255,5738,77255,78,295721
35012,0.00074,172.31.40.0-255,66,77321,78,295721
35013,0.000744,74.125.130.0-255,2902,80223,78,295721
35014,0.000746,172.31.40.0-255,66,80289,78,295721
35015,0.000751,74.125.130.0-255,3961,84250,78,295721
35016,0.000758,172.31.40.0-255,66,84316,78,295721
35017,0.000794,74.125.130.0-255,1484,85800,78,295721
35018,0.000813,74.125.130.0-255,2902,88702,78,295721
35019,0.000816,172.31.40.0-255,66,88768,78,295721
35020,0.000822,74.125.130.0-255,4320,93088,78,295721
35021,0.000824,172.31.40.0-255,66,93154,78,295721
35022,0.000848,74.125.130.0-255,5738,98892,78,295721
35023,0.00085,172.31.40.0-255,66,98958,78,295721
35024,0.000875,74.125.130.0-255,2543,101501,78,295721
35025,0.000877,172.31.40.0-255,66,101567,78,295721
35026,0.001357,74.125.130.0-255,1484,103051,78,295721
35027,0.001369,74.125.130.0-255,1484,104535,78,295721
35028,0.001372,172.31.40.0-255,66,104601,78,295721
35029,0.001403,74.125.130.0-255,1484,106085,78,295721
35030,0.001409,74.125.130.0-255,4320,110405,78,295721
35031,0.001412,172.31.40.0-255,66,110471,78,295721
35032,0.001422,172.31.40.0-255,66,110537,78,295721
35033,0.001427,74.125.130.0-255,4320,114857,78,295721
35034,0.001434,172.31.40.0-255,66,114923,78,295721
35035,0.001441,74.125.130.0-255,5738,120661,78,295721
35036,0.001444,172.31.40.0-255,66,120727,78,295721
35037,0.001494,74.125.130.0-255,6438,127165,78,295721
35038,0.001497,172.31.40.0-255,66,127231,78,295721
35039,0.001593,74.125.130.0-255,1484,128715,78,295721
35040,0.001614,74.125.130.0-255,2902,131617,78,295721
35041,0.001616,74.125.130.0-255,1484,133101,78,295721
35042,0.00162,172.31.40.0-255,66,133167,78,295721
35043,0.001634,74.125.130.0-255,2902,136069,78,295721
35044,0.001642,172.31.40.0-255,66,136135,78,295721
35045,0.001649,74.125.130.0-255,5738,141873,78,295721
35046,0.001651,172.31.40.0-255,66,141939,78,295721
35047,0.001705,172.31.40.0-255,66,142005,78,295721
35048,0.001736,172.31.40.0-255,66,142071,78,295721
35049,0.001879,74.125.130.0-255,1484,143555,78,295721
35050,0.001894,74.125.130.0-255,2902,146457,78,295721
35051,0.001897,172.31.40.0-255,66,146523,78,295721
35052,0.0019,74.125.130.0-255,1484,148007,78,295721
35053,0.001927,74.125.130.0-255,4320,152327,78,295721
35054,0.001929,172.31.40.0-255,66,152393,78,295721
35055,0.001938,74.125.130.0-255,7156,159549,78,295721
35056,0.00194,172.31.40.0-255,66,159615,78,295721
35057,0.001963,74.125.130.0-255,1484,161099,78,295721
35058,0.001977,172.31.40.0-255,66,161165,78,295721
35059,0.001981,74.125.130.0-255,2902,164067,78,295721
35060,0.001983,172.31.40.0-255,66,164133,78,295721
35061,0.002011,74.125.130.0-255,1484,165617,78,295721
35062,0.002014,74.125.130.0-255,766,166383,78,295721
35063,0.002016,172.31.40.0-255,66,166449,78,295721
35064,0.004214,74.125.130.0-255,2902,169351,78,295721
35065,0.004221,172.31.40.0-255,66,169417,78,295721
35066,0.004254,74.125.130.0-255,2902,172319,78,295721
35067,0.004256,172.31.40.0-255,66,172385,78,295721
35068,0.006477,74.125.130.0-255,2902,175287,78,295721
35069,0.00648,172.31.40.0-255,66,175353,78,295721
35070,0.006507,74.125.130.0-255,2902,178255,78,295721
35071,0.00651,172.31.40.0-255,66,178321,78,295721
35072,0.008724,74.125.130.0-255,2902,181223,78,295721
35073,0.008731,172.31.40.0-255,66,181289,78,295721
35074,0.008763,74.125.130.0-255,2902,184191,78,295721
35075,0.008766,172.31.40.0-255,66,184257,78,295721
35076,0.01097,74.125.130.0-255,2902,187159,78,295721
35077,0.010978,172.31.40.0-255,66,187225,78,295721
35078,0.011009,74.125.130.0-255,2902,190127,78,295721
35079,0.011012,172.31.40.0-255,66,190193,78,295721
35080,0.013221,74.125.130.0-255,2902,193095,78,295721
35081,0.01323,172.31.40.0-255,66,193161,78,295721
35082,0.013251,74.125.130.0-255,2902,196063,78,295721
35083,0.013254,172.31.40.0-255,66,196129,78,295721
35084,0.015474,74.125.130.0-255,4320,200449,78,295721
35085,0.015486,172.31.40.0-255,66,200515,78,295721
35086,0.015517,74.125.130.0-255,1484,201999,78,295721
35087,0.017717,74.125.130.0-255,4320,206319,78,295721
35088,0.017725,172.31.40.0-255,66,206385,78,295721
35089,0.019976,74.125.130.0-255,5738,212123,78,295721
35090,0.019987,172.31.40.0-255,66,212189,78,295721
35091,0.022235,74.125.130.0-255,5738,217927,78,295721
35092,0.022244,172.31.40.0-255,66,217993,78,295721
35093,0.024495,74.125.130.0-255,5738,223731,78,295721
35094,0.024513,172.31.40.0-255,66,223797,78,295721
35095,0.026767,74.125.130.0-255,5738,229535,78,295721
35096,0.026783,172.31.40.0-255,66,229601,78,295721
35097,0.029034,74.125.130.0-255,5738,235339,78,295721
35098,0.029049,172.31.40.0-255,66,235405,78,295721
35099,0.0313,74.125.130.0-255,5738,241143,78,295721
35100,0.031316,172.31.40.0-255,66,241209,78,295721
35101,0.033565,74.125.130.0-255,5738,246947,78,295721
35102,0.033574,172.31.40.0-255,66,247013,78,295721
35103,0.035823,74.125.130.0-255,5738,252751,78,295721
35104,0.035838,172.31.40.0-255,66,252817,78,295721
35105,0.038084,74.125.130.0-255,5738,258555,78,295721
35106,0.038093,172.31.40.0-255,66,258621,78,295721
35107,0.040331,74.125.130.0-255,5738,264359,78,295721
35108,0.040342,172.31.40.0-255,66,264425,78,295721
35109,0.042634,74.125.130.0-255,5738,270163,78,295721
35110,0.04265,172.31.40.0-255,66,270229,78,295721
35111,0.04488,74.125.130.0-255,5738,275967,78,295721
35112,0.044889,172.31.40.0-255,66,276033,78,295721
35113,0.046903,172.31.40.0-255,172,276205,78,295721
35114,0.046936,172.31.40.0-255,1108,277313,78,295721
35115,0.047003,172.31.40.0-255,1514,278827,78,295721
35116,0.047005,172.31.40.0-255,1514,280341,78,295721
35117,0.047011,172.31.40.0-255,1514,281855,78,295721
35118,0.047012,172.31.40.0-255,1514,283369,78,295721
35119,0.047034,172.31.40.0-255,480,283849,78,295721
35120,0.04712,74.125.130.0-255,5738,289587,78,295721
35121,0.047127,172.31.40.0-255,66,289653,78,295721
35122,0.048452,104.244.42.0-255,66,289719,78,295721
35123,0.048493,104.244.42.0-255,66,289785,78,295721
35124,0.04855,104.244.42.0-255,66,289851,78,295721
35125,0.048555,104.244.42.0-255,66,289917,78,295721
35126,0.049365,74.125.130.0-255,5738,295655,78,295721
35127,0.049378,172.31.40.0-255,66,295721,78,295721
35128,0.0,172.217.27.0-255,146,146,78,257680
35129,2.5e-05,172.31.40.0-255,66,212,78,257680
35130,3.2e-05,172.217.27.0-255,1484,1696,78,257680
35131,3.7e-05,172.31.40.0-255,66,1762,78,257680
35132,4.3e-05,172.217.27.0-255,2902,4664,78,257680
35133,4.7e-05,172.31.40.0-255,66,4730,78,257680
35134,5.3e-05,172.217.27.0-255,5738,10468,78,257680
35135,5.6e-05,172.31.40.0-255,66,10534,78,257680
35136,6.1e-05,172.217.27.0-255,2902,13436,78,257680
35137,6.4e-05,172.31.40.0-255,66,13502,78,257680
35138,9.7e-05,172.31.40.0-255,66,13568,78,257680
35139,0.000114,172.217.27.0-255,1484,15052,78,257680
35140,0.000116,172.31.40.0-255,66,15118,78,257680
35141,0.000138,172.217.27.0-255,6797,21915,78,257680
35142,0.00014,172.31.40.0-255,66,21981,78,257680
35143,0.000415,172.217.27.0-255,1484,23465,78,257680
35144,0.00042,172.31.40.0-255,66,23531,78,257680
35145,0.000425,172.217.27.0-255,1484,25015,78,257680
35146,0.000427,172.31.40.0-255,66,25081,78,257680
35147,0.00044,172.217.27.0-255,1484,26565,78,257680
35148,0.000443,172.31.40.0-255,66,26631,78,257680
35149,0.00045,172.217.27.0-255,5738,32369,78,257680
35150,0.000452,172.31.40.0-255,66,32435,78,257680
35151,0.000472,172.217.27.0-255,4320,36755,78,257680
35152,0.000475,172.31.40.0-255,66,36821,78,257680
35153,0.000495,172.217.27.0-255,5379,42200,78,257680
35154,0.000498,172.31.40.0-255,66,42266,78,257680
35155,0.000525,172.217.27.0-255,5738,48004,78,257680
35156,0.000527,172.31.40.0-255,66,48070,78,257680
35157,0.000546,172.217.27.0-255,1484,49554,78,257680
35158,0.000549,172.31.40.0-255,66,49620,78,257680
35159,0.000568,172.217.27.0-255,2902,52522,78,257680
35160,0.000573,172.31.40.0-255,66,52588,78,257680
35161,0.000582,172.217.27.0-255,4231,56819,78,257680
35162,0.000585,172.31.40.0-255,66,56885,78,257680
35163,0.00088,172.217.27.0-255,136,57021,78,257680
35164,0.00094,172.217.27.0-255,1484,58505,78,257680
35165,0.000945,172.217.27.0-255,2902,61407,78,257680
35166,0.000949,172.31.40.0-255,66,61473,78,257680
35167,0.000973,172.217.27.0-255,5738,67211,78,257680
35168,0.000998,172.217.27.0-255,7156,74367,78,257680
35169,0.001021,172.217.27.0-255,1484,75851,78,257680
35170,0.001103,172.217.27.0-255,2184,78035,78,257680
35171,0.001105,172.217.27.0-255,347,78382,78,257680
35172,0.001559,172.217.27.0-255,1484,79866,78,257680
35173,0.001577,172.217.27.0-255,2902,82768,78,257680
35174,0.00158,172.217.27.0-255,1484,84252,78,257680
35175,0.001602,172.217.27.0-255,2902,87154,78,257680
35176,0.001608,172.217.27.0-255,4320,91474,78,257680
35177,0.001627,172.217.27.0-255,2902,94376,78,257680
35178,0.001649,172.217.27.0-255,5738,100114,78,257680
35179,0.001667,172.217.27.0-255,1484,101598,78,257680
35180,0.001682,172.217.27.0-255,4320,105918,78,257680
35181,0.001714,172.217.27.0-255,1484,107402,78,257680
35182,0.006585,172.31.40.0-255,66,107468,78,257680
35183,0.006592,172.31.40.0-255,66,107534,78,257680
35184,0.006596,172.31.40.0-255,66,107600,78,257680
35185,0.006607,172.31.40.0-255,66,107666,78,257680
35186,0.00661,172.31.40.0-255,66,107732,78,257680
35187,0.006613,172.31.40.0-255,66,107798,78,257680
35188,0.006616,172.31.40.0-255,66,107864,78,257680
35189,0.006619,172.31.40.0-255,66,107930,78,257680
35190,0.006621,172.31.40.0-255,66,107996,78,257680
35191,0.006625,172.31.40.0-255,66,108062,78,257680
35192,0.006628,172.31.40.0-255,66,108128,78,257680
35193,0.006632,172.31.40.0-255,66,108194,78,257680
35194,0.008258,172.217.27.0-255,4320,112514,78,257680
35195,0.008264,172.31.40.0-255,66,112580,78,257680
35196,0.009918,172.217.27.0-255,5738,118318,78,257680
35197,0.009926,172.31.40.0-255,66,118384,78,257680
35198,0.011553,172.217.27.0-255,5738,124122,78,257680
35199,0.01156,172.31.40.0-255,66,124188,78,257680
35200,0.013203,172.217.27.0-255,5738,129926,78,257680
35201,0.01321,172.31.40.0-255,66,129992,78,257680
35202,0.014845,172.217.27.0-255,5738,135730,78,257680
35203,0.014851,172.31.40.0-255,66,135796,78,257680
35204,0.016499,172.217.27.0-255,5738,141534,78,257680
35205,0.016513,172.31.40.0-255,66,141600,78,257680
35206,0.018166,172.217.27.0-255,5738,147338,78,257680
35207,0.018178,172.31.40.0-255,66,147404,78,257680
35208,0.019819,172.217.27.0-255,5738,153142,78,257680
35209,0.019828,172.31.40.0-255,66,153208,78,257680
35210,0.021472,172.217.27.0-255,5738,158946,78,257680
35211,0.021481,172.31.40.0-255,66,159012,78,257680
35212,0.023131,172.217.27.0-255,5738,164750,78,257680
35213,0.02314,172.31.40.0-255,66,164816,78,257680
35214,0.024794,172.217.27.0-255,5738,170554,78,257680
35215,0.024808,172.31.40.0-255,66,170620,78,257680
35216,0.026486,172.217.27.0-255,5738,176358,78,257680
35217,0.026504,172.31.40.0-255,66,176424,78,257680
35218,0.028157,172.217.27.0-255,5738,182162,78,257680
35219,0.028164,172.31.40.0-255,66,182228,78,257680
35220,0.029813,172.217.27.0-255,5738,187966,78,257680
35221,0.02982,172.31.40.0-255,66,188032,78,257680
35222,0.031507,172.217.27.0-255,5738,193770,78,257680
35223,0.031519,172.31.40.0-255,66,193836,78,257680
35224,0.033159,172.217.27.0-255,5738,199574,78,257680
35225,0.033167,172.31.40.0-255,66,199640,78,257680
35226,0.034802,172.217.27.0-255,5738,205378,78,257680
35227,0.03481,172.31.40.0-255,66,205444,78,257680
35228,0.036441,172.217.27.0-255,5738,211182,78,257680
35229,0.036448,172.31.40.0-255,66,211248,78,257680
35230,0.038091,172.217.27.0-255,5738,216986,78,257680
35231,0.038101,172.31.40.0-255,66,217052,78,257680
35232,0.039776,172.217.27.0-255,5738,222790,78,257680
35233,0.039783,172.31.40.0-255,66,222856,78,257680
35234,0.041423,172.217.27.0-255,5738,228594,78,257680
35235,0.041433,172.31.40.0-255,66,228660,78,257680
35236,0.043073,172.217.27.0-255,5738,234398,78,257680
35237,0.043082,172.31.40.0-255,66,234464,78,257680
35238,0.044717,172.217.27.0-255,5738,240202,78,257680
35239,0.044724,172.31.40.0-255,66,240268,78,257680
35240,0.046376,172.217.27.0-255,5738,246006,78,257680
35241,0.046383,172.31.40.0-255,66,246072,78,257680
35242,0.048033,172.217.27.0-255,5738,251810,78,257680
35243,0.048044,172.31.40.0-255,66,251876,78,257680
35244,0.049698,172.217.27.0-255,5738,257614,78,257680
35245,0.049707,172.31.40.0-255,66,257680,78,257680
35246,0.0,74.125.130.0-255,146,146,78,344661
35247,2.3e-05,172.31.40.0-255,66,212,78,344661
35248,3e-05,74.125.130.0-255,1484,1696,78,344661
35249,3.4e-05,172.31.40.0-255,66,1762,78,344661
35250,3.9e-05,74.125.130.0-255,2902,4664,78,344661
35251,4.3e-05,172.31.40.0-255,66,4730,78,344661
35252,4.7e-05,74.125.130.0-255,2902,7632,78,344661
35253,4.9e-05,172.31.40.0-255,66,7698,78,344661
35254,5.5e-05,74.125.130.0-255,4320,12018,78,344661
35255,5.7e-05,172.31.40.0-255,66,12084,78,344661
35256,8e-05,74.125.130.0-255,2022,14106,78,344661
35257,8.3e-05,172.31.40.0-255,66,14172,78,344661
35258,0.00012,74.125.130.0-255,2902,17074,78,344661
35259,0.000123,172.31.40.0-255,66,17140,78,344661
35260,0.000126,74.125.130.0-255,1484,18624,78,344661
35261,0.000128,172.31.40.0-255,66,18690,78,344661
35262,0.000143,74.125.130.0-255,2902,21592,78,344661
35263,0.000145,172.31.40.0-255,66,21658,78,344661
35264,0.000148,74.125.130.0-255,1484,23142,78,344661
35265,0.00015,172.31.40.0-255,66,23208,78,344661
35266,0.000176,74.125.130.0-255,7156,30364,78,344661
35267,0.000179,172.31.40.0-255,66,30430,78,344661
35268,0.000181,74.125.130.0-255,1125,31555,78,344661
35269,0.000183,172.31.40.0-255,66,31621,78,344661
35270,0.000318,74.125.130.0-255,1484,33105,78,344661
35271,0.000323,172.31.40.0-255,66,33171,78,344661
35272,0.000341,74.125.130.0-255,2902,36073,78,344661
35273,0.000344,172.31.40.0-255,66,36139,78,344661
35274,0.00036,74.125.130.0-255,5738,41877,78,344661
35275,0.000363,172.31.40.0-255,66,41943,78,344661
35276,0.000393,74.125.130.0-255,6797,48740,78,344661
35277,0.000396,172.31.40.0-255,66,48806,78,344661
35278,0.000402,74.125.130.0-255,5738,54544,78,344661
35279,0.000405,172.31.40.0-255,66,54610,78,344661
35280,0.000417,74.125.130.0-255,1484,56094,78,344661
35281,0.000431,74.125.130.0-255,2902,58996,78,344661
35282,0.000433,172.31.40.0-255,66,59062,78,344661
35283,0.000455,74.125.130.0-255,6797,65859,78,344661
35284,0.000457,172.31.40.0-255,66,65925,78,344661
35285,0.00046,74.125.130.0-255,364,66289,78,344661
35286,0.000481,74.125.130.0-255,381,66670,78,344661
35287,0.000977,172.31.40.0-255,66,66736,78,344661
35288,0.001057,74.125.130.0-255,1484,68220,78,344661
35289,0.001064,74.125.130.0-255,1484,69704,78,344661
35290,0.001067,172.31.40.0-255,66,69770,78,344661
35291,0.001087,74.125.130.0-255,1484,71254,78,344661
35292,0.00109,74.125.130.0-255,1484,72738,78,344661
35293,0.001092,172.31.40.0-255,66,72804,78,344661
35294,0.001098,74.125.130.0-255,2902,75706,78,344661
35295,0.0011,172.31.40.0-255,66,75772,78,344661
35296,0.001105,74.125.130.0-255,4320,80092,78,344661
35297,0.001107,172.31.40.0-255,66,80158,78,344661
35298,0.001127,74.125.130.0-255,1484,81642,78,344661
35299,0.001164,74.125.130.0-255,7156,88798,78,344661
35300,0.001166,172.31.40.0-255,66,88864,78,344661
35301,0.001177,172.31.40.0-255,66,88930,78,344661
35302,0.001216,74.125.130.0-255,3602,92532,78,344661
35303,0.001219,172.31.40.0-255,66,92598,78,344661
35304,0.001282,74.125.130.0-255,1484,94082,78,344661
35305,0.001287,74.125.130.0-255,1484,95566,78,344661
35306,0.001289,172.31.40.0-255,66,95632,78,344661
35307,0.001308,74.125.130.0-255,1484,97116,78,344661
35308,0.001314,74.125.130.0-255,5738,102854,78,344661
35309,0.001316,172.31.40.0-255,66,102920,78,344661
35310,0.001333,74.125.130.0-255,1484,104404,78,344661
35311,0.001367,172.31.40.0-255,66,104470,78,344661
35312,0.001399,74.125.130.0-255,4320,108790,78,344661
35313,0.001401,172.31.40.0-255,66,108856,78,344661
35314,0.001419,172.31.40.0-255,66,108922,78,344661
35315,0.001449,74.125.130.0-255,1484,110406,78,344661
35316,0.001463,74.125.130.0-255,2902,113308,78,344661
35317,0.001466,172.31.40.0-255,66,113374,78,344661
35318,0.001473,74.125.130.0-255,5738,119112,78,344661
35319,0.001475,172.31.40.0-255,66,119178,78,344661
35320,0.001493,74.125.130.0-255,5738,124916,78,344661
35321,0.001496,172.31.40.0-255,66,124982,78,344661
35322,0.001514,74.125.130.0-255,2902,127884,78,344661
35323,0.001516,172.31.40.0-255,66,127950,78,344661
35324,0.001541,74.125.130.0-255,4320,132270,78,344661
35325,0.001544,172.31.40.0-255,66,132336,78,344661
35326,0.00155,74.125.130.0-255,5738,138074,78,344661
35327,0.001552,172.31.40.0-255,66,138140,78,344661
35328,0.001564,74.125.130.0-255,1484,139624,78,344661
35329,0.001587,74.125.130.0-255,3602,143226,78,344661
35330,0.001591,172.31.40.0-255,66,143292,78,344661
35331,0.001666,74.125.130.0-255,1484,144776,78,344661
35332,0.001684,74.125.130.0-255,2902,147678,78,344661
35333,0.001687,172.31.40.0-255,66,147744,78,344661
35334,0.001709,74.125.130.0-255,4320,152064,78,344661
35335,0.001712,172.31.40.0-255,66,152130,78,344661
35336,0.001717,74.125.130.0-255,4320,156450,78,344661
35337,0.00172,172.31.40.0-255,66,156516,78,344661
35338,0.001735,74.125.130.0-255,4320,160836,78,344661
35339,0.001738,172.31.40.0-255,66,160902,78,344661
35340,0.001745,74.125.130.0-255,7156,168058,78,344661
35341,0.001748,172.31.40.0-255,66,168124,78,344661
35342,0.001777,172.31.40.0-255,66,168190,78,344661
35343,0.00178,74.125.130.0-255,766,168956,78,344661
35344,0.001887,74.125.130.0-255,1484,170440,78,344661
35345,0.001892,172.31.40.0-255,66,170506,78,344661
35346,0.001907,74.125.130.0-255,2902,173408,78,344661
35347,0.001909,172.31.40.0-255,66,173474,78,344661
35348,0.001939,74.125.130.0-255,5738,179212,78,344661
35349,0.001942,172.31.40.0-255,66,179278,78,344661
35350,0.001949,74.125.130.0-255,5738,185016,78,344661
35351,0.001951,172.31.40.0-255,66,185082,78,344661
35352,0.001955,74.125.130.0-255,2902,187984,78,344661
35353,0.001958,172.31.40.0-255,66,188050,78,344661
35354,0.001978,74.125.130.0-255,4320,192370,78,344661
35355,0.001981,172.31.40.0-255,66,192436,78,344661
35356,0.001998,74.125.130.0-255,5738,198174,78,344661
35357,0.002,172.31.40.0-255,66,198240,78,344661
35358,0.002017,74.125.130.0-255,5020,203260,78,344661
35359,0.00202,172.31.40.0-255,66,203326,78,344661
35360,0.00406,74.125.130.0-255,5738,209064,78,344661
35361,0.004069,172.31.40.0-255,66,209130,78,344661
35362,0.006102,74.125.130.0-255,2902,212032,78,344661
35363,0.006106,172.31.40.0-255,66,212098,78,344661
35364,0.006124,74.125.130.0-255,2902,215000,78,344661
35365,0.006126,172.31.40.0-255,66,215066,78,344661
35366,0.008146,74.125.130.0-255,2902,217968,78,344661
35367,0.008153,172.31.40.0-255,66,218034,78,344661
35368,0.00818,74.125.130.0-255,2902,220936,78,344661
35369,0.008183,172.31.40.0-255,66,221002,78,344661
35370,0.010224,74.125.130.0-255,2902,223904,78,344661
35371,0.01024,172.31.40.0-255,66,223970,78,344661
35372,0.010261,74.125.130.0-255,2902,226872,78,344661
35373,0.010263,172.31.40.0-255,66,226938,78,344661
35374,0.012316,74.125.130.0-255,5738,232676,78,344661
35375,0.012329,172.31.40.0-255,66,232742,78,344661
35376,0.014383,74.125.130.0-255,5738,238480,78,344661
35377,0.014398,172.31.40.0-255,66,238546,78,344661
35378,0.016481,74.125.130.0-255,5738,244284,78,344661
35379,0.01649,172.31.40.0-255,66,244350,78,344661
35380,0.018544,74.125.130.0-255,5738,250088,78,344661
35381,0.018559,172.31.40.0-255,66,250154,78,344661
35382,0.020603,74.125.130.0-255,5738,255892,78,344661
35383,0.02061,172.31.40.0-255,66,255958,78,344661
35384,0.02266,74.125.130.0-255,5738,261696,78,344661
35385,0.022668,172.31.40.0-255,66,261762,78,344661
35386,0.024709,74.125.130.0-255,5738,267500,78,344661
35387,0.024716,172.31.40.0-255,66,267566,78,344661
35388,0.026751,74.125.130.0-255,5738,273304,78,344661
35389,0.026759,172.31.40.0-255,66,273370,78,344661
35390,0.028844,74.125.130.0-255,5738,279108,78,344661
35391,0.02885,172.31.40.0-255,66,279174,78,344661
35392,0.030891,74.125.130.0-255,5738,284912,78,344661
35393,0.030898,172.31.40.0-255,66,284978,78,344661
35394,0.032954,74.125.130.0-255,5738,290716,78,344661
35395,0.032968,172.31.40.0-255,66,290782,78,344661
35396,0.035023,74.125.130.0-255,5738,296520,78,344661
35397,0.035037,172.31.40.0-255,66,296586,78,344661
35398,0.037084,74.125.130.0-255,5738,302324,78,344661
35399,0.037091,172.31.40.0-255,66,302390,78,344661
35400,0.03915,74.125.130.0-255,5738,308128,78,344661
35401,0.039174,172.31.40.0-255,66,308194,78,344661
35402,0.041224,74.125.130.0-255,5738,313932,78,344661
35403,0.041231,172.31.40.0-255,66,313998,78,344661
35404,0.043269,74.125.130.0-255,2902,316900,78,344661
35405,0.043275,172.31.40.0-255,66,316966,78,344661
35406,0.043292,74.125.130.0-255,2902,319868,78,344661
35407,0.043295,172.31.40.0-255,66,319934,78,344661
35408,0.044507,172.31.40.0-255,172,320106,78,344661
35409,0.044539,172.31.40.0-255,1104,321210,78,344661
35410,0.044599,172.31.40.0-255,1514,322724,78,344661
35411,0.044601,172.31.40.0-255,1514,324238,78,344661
35412,0.044602,172.31.40.0-255,1514,325752,78,344661
35413,0.044626,172.31.40.0-255,969,326721,78,344661
35414,0.045308,74.125.130.0-255,2902,329623,78,344661
35415,0.045316,172.31.40.0-255,66,329689,78,344661
35416,0.045335,74.125.130.0-255,2902,332591,78,344661
35417,0.045337,172.31.40.0-255,66,332657,78,344661
35418,0.046067,104.244.42.0-255,66,332723,78,344661
35419,0.046075,104.244.42.0-255,66,332789,78,344661
35420,0.046164,104.244.42.0-255,66,332855,78,344661
35421,0.046169,104.244.42.0-255,66,332921,78,344661
35422,0.04735,74.125.130.0-255,2902,335823,78,344661
35423,0.047359,172.31.40.0-255,66,335889,78,344661
35424,0.04738,74.125.130.0-255,2902,338791,78,344661
35425,0.047384,172.31.40.0-255,66,338857,78,344661
35426,0.049413,74.125.130.0-255,5738,344595,78,344661
35427,0.049423,172.31.40.0-255,66,344661,78,344661
35428,0.0,172.217.194.0-255,156,156,78,199145
35429,2.5e-05,172.31.40.0-255,66,222,78,199145
35430,3.2e-05,172.217.194.0-255,1484,1706,78,199145
35431,3.7e-05,172.31.40.0-255,66,1772,78,199145
35432,4.2e-05,172.217.194.0-255,2902,4674,78,199145
35433,5.3e-05,172.31.40.0-255,66,4740,78,199145
35434,6.1e-05,172.217.194.0-255,7156,11896,78,199145
35435,6.4e-05,172.31.40.0-255,66,11962,78,199145
35436,6.8e-05,172.217.194.0-255,2111,14073,78,199145
35437,7.1e-05,172.31.40.0-255,66,14139,78,199145
35438,0.000102,172.217.194.0-255,2902,17041,78,199145
35439,0.000106,172.31.40.0-255,66,17107,78,199145
35440,0.000113,172.217.194.0-255,7156,24263,78,199145
35441,0.000116,172.31.40.0-255,66,24329,78,199145
35442,0.000154,172.217.194.0-255,6797,31126,78,199145
35443,0.000157,172.31.40.0-255,66,31192,78,199145
35444,0.000236,172.217.194.0-255,1484,32676,78,199145
35445,0.000238,172.31.40.0-255,66,32742,78,199145
35446,0.000265,172.217.194.0-255,2902,35644,78,199145
35447,0.000267,172.31.40.0-255,66,35710,78,199145
35448,0.000273,172.217.194.0-255,5738,41448,78,199145
35449,0.000276,172.31.40.0-255,66,41514,78,199145
35450,0.000284,172.217.194.0-255,1484,42998,78,199145
35451,0.000286,172.31.40.0-255,66,43064,78,199145
35452,0.000308,172.217.194.0-255,2902,45966,78,199145
35453,0.000311,172.31.40.0-255,66,46032,78,199145
35454,0.000318,172.217.194.0-255,5379,51411,78,199145
35455,0.00032,172.31.40.0-255,66,51477,78,199145
35456,0.000356,172.31.40.0-255,66,51543,78,199145
35457,0.000361,172.217.194.0-255,2543,54086,78,199145
35458,0.000362,172.31.40.0-255,66,54152,78,199145
35459,0.000381,172.217.194.0-255,358,54510,78,199145
35460,0.000642,172.217.194.0-255,387,54897,78,199145
35461,0.001058,172.217.194.0-255,1484,56381,78,199145
35462,0.001064,172.31.40.0-255,66,56447,78,199145
35463,0.001071,172.217.194.0-255,2902,59349,78,199145
35464,0.001073,172.31.40.0-255,66,59415,78,199145
35465,0.001079,172.217.194.0-255,5738,65153,78,199145
35466,0.001086,172.31.40.0-255,66,65219,78,199145
35467,0.001133,172.31.40.0-255,66,65285,78,199145
35468,0.001146,172.31.40.0-255,66,65351,78,199145
35469,0.001961,172.217.194.0-255,1484,66835,78,199145
35470,0.001972,172.217.194.0-255,2902,69737,78,199145
35471,0.001977,172.31.40.0-255,66,69803,78,199145
35472,0.001984,172.217.194.0-255,5738,75541,78,199145
35473,0.001986,172.31.40.0-255,66,75607,78,199145
35474,0.002024,172.31.40.0-255,66,75673,78,199145
35475,0.002052,172.217.194.0-255,4320,79993,78,199145
35476,0.002055,172.31.40.0-255,66,80059,78,199145
35477,0.002089,172.31.40.0-255,66,80125,78,199145
35478,0.004354,172.217.194.0-255,5738,85863,78,199145
35479,0.00436,172.31.40.0-255,66,85929,78,199145
35480,0.006632,172.217.194.0-255,5738,91667,78,199145
35481,0.006639,172.31.40.0-255,66,91733,78,199145
35482,0.008897,172.217.194.0-255,5738,97471,78,199145
35483,0.008904,172.31.40.0-255,66,97537,78,199145
35484,0.011159,172.217.194.0-255,5738,103275,78,199145
35485,0.011167,172.31.40.0-255,66,103341,78,199145
35486,0.013453,172.217.194.0-255,5738,109079,78,199145
35487,0.013461,172.31.40.0-255,66,109145,78,199145
35488,0.01571,172.217.194.0-255,4320,113465,78,199145
35489,0.015718,172.31.40.0-255,66,113531,78,199145
35490,0.015735,172.217.194.0-255,1484,115015,78,199145
35491,0.01798,172.217.194.0-255,4320,119335,78,199145
35492,0.017987,172.31.40.0-255,66,119401,78,199145
35493,0.020262,172.217.194.0-255,5738,125139,78,199145
35494,0.02027,172.31.40.0-255,66,125205,78,199145
35495,0.022587,172.217.194.0-255,5738,130943,78,199145
35496,0.022596,172.31.40.0-255,66,131009,78,199145
35497,0.02486,172.217.194.0-255,5738,136747,78,199145
35498,0.024868,172.31.40.0-255,66,136813,78,199145
35499,0.027139,172.217.194.0-255,5738,142551,78,199145
35500,0.027146,172.31.40.0-255,66,142617,78,199145
35501,0.029421,172.217.194.0-255,5738,148355,78,199145
35502,0.029429,172.31.40.0-255,66,148421,78,199145
35503,0.03171,172.217.194.0-255,5738,154159,78,199145
35504,0.031719,172.31.40.0-255,66,154225,78,199145
35505,0.033991,172.217.194.0-255,5738,159963,78,199145
35506,0.033999,172.31.40.0-255,66,160029,78,199145
35507,0.036257,172.217.194.0-255,5738,165767,78,199145
35508,0.036265,172.31.40.0-255,66,165833,78,199145
35509,0.038572,172.217.194.0-255,5738,171571,78,199145
35510,0.038582,172.31.40.0-255,66,171637,78,199145
35511,0.039796,172.31.40.0-255,172,171809,78,199145
35512,0.039831,172.31.40.0-255,1108,172917,78,199145
35513,0.039896,172.31.40.0-255,1514,174431,78,199145
35514,0.039898,172.31.40.0-255,1300,175731,78,199145
35515,0.040847,172.217.194.0-255,5738,181469,78,199145
35516,0.040854,172.31.40.0-255,66,181535,78,199145
35517,0.041382,104.244.42.0-255,66,181601,78,199145
35518,0.04139,104.244.42.0-255,66,181667,78,199145
35519,0.041476,104.244.42.0-255,66,181733,78,199145
35520,0.043144,172.217.194.0-255,5738,187471,78,199145
35521,0.04315,172.31.40.0-255,66,187537,78,199145
35522,0.045425,172.217.194.0-255,5738,193275,78,199145
35523,0.045432,172.31.40.0-255,66,193341,78,199145
35524,0.047689,172.217.194.0-255,5738,199079,78,199145
35525,0.047696,172.31.40.0-255,66,199145,78,199145
35526,0.0,172.217.194.0-255,152,152,78,224578
35527,2.3e-05,172.31.40.0-255,66,218,78,224578
35528,2.9e-05,172.217.194.0-255,1484,1702,78,224578
35529,3.3e-05,172.31.40.0-255,66,1768,78,224578
35530,3.8e-05,172.217.194.0-255,2902,4670,78,224578
35531,4.1e-05,172.31.40.0-255,66,4736,78,224578
35532,4.8e-05,172.217.194.0-255,7156,11892,78,224578
35533,5.2e-05,172.31.40.0-255,66,11958,78,224578
35534,5.5e-05,172.217.194.0-255,1484,13442,78,224578
35535,5.7e-05,172.31.40.0-255,66,13508,78,224578
35536,8e-05,172.217.194.0-255,602,14110,78,224578
35537,8.2e-05,172.31.40.0-255,66,14176,78,224578
35538,0.000125,172.217.194.0-255,1484,15660,78,224578
35539,0.000127,172.31.40.0-255,66,15726,78,224578
35540,0.00013,172.217.194.0-255,1484,17210,78,224578
35541,0.000132,172.31.40.0-255,66,17276,78,224578
35542,0.000149,172.217.194.0-255,2902,20178,78,224578
35543,0.000151,172.31.40.0-255,66,20244,78,224578
35544,0.00017,172.217.194.0-255,4320,24564,78,224578
35545,0.000172,172.31.40.0-255,66,24630,78,224578
35546,0.000188,172.217.194.0-255,2902,27532,78,224578
35547,0.00019,172.31.40.0-255,66,27598,78,224578
35548,0.000193,172.217.194.0-255,1484,29082,78,224578
35549,0.000194,172.31.40.0-255,66,29148,78,224578
35550,0.000221,172.217.194.0-255,2543,31691,78,224578
35551,0.000223,172.31.40.0-255,66,31757,78,224578
35552,0.000274,172.217.194.0-255,1484,33241,78,224578
35553,0.000277,172.31.40.0-255,66,33307,78,224578
35554,0.000289,172.217.194.0-255,2902,36209,78,224578
35555,0.000291,172.31.40.0-255,66,36275,78,224578
35556,0.000294,172.217.194.0-255,1484,37759,78,224578
35557,0.000296,172.31.40.0-255,66,37825,78,224578
35558,0.000322,172.217.194.0-255,2902,40727,78,224578
35559,0.000324,172.31.40.0-255,66,40793,78,224578
35560,0.00033,172.217.194.0-255,5738,46531,78,224578
35561,0.000332,172.31.40.0-255,66,46597,78,224578
35562,0.000354,172.217.194.0-255,3961,50558,78,224578
35563,0.000357,172.31.40.0-255,66,50624,78,224578
35564,0.000362,172.217.194.0-255,4320,54944,78,224578
35565,0.000364,172.31.40.0-255,66,55010,78,224578
35566,0.000393,172.31.40.0-255,66,55076,78,224578
35567,0.000396,172.217.194.0-255,676,55752,78,224578
35568,0.000525,172.217.194.0-255,1484,57236,78,224578
35569,0.00053,172.31.40.0-255,66,57302,78,224578
35570,0.000535,172.217.194.0-255,2902,60204,78,224578
35571,0.000538,172.31.40.0-255,66,60270,78,224578
35572,0.000542,172.217.194.0-255,4320,64590,78,224578
35573,0.000545,172.31.40.0-255,66,64656,78,224578
35574,0.000571,172.217.194.0-255,1484,66140,78,224578
35575,0.000584,172.31.40.0-255,66,66206,78,224578
35576,0.000597,172.31.40.0-255,66,66272,78,224578
35577,0.000601,172.217.194.0-255,2184,68456,78,224578
35578,0.000603,172.31.40.0-255,66,68522,78,224578
35579,0.000651,172.217.194.0-255,2902,71424,78,224578
35580,0.000655,172.31.40.0-255,66,71490,78,224578
35581,0.00066,172.217.194.0-255,4320,75810,78,224578
35582,0.000663,172.31.40.0-255,66,75876,78,224578
35583,0.000679,172.217.194.0-255,5738,81614,78,224578
35584,0.000681,172.31.40.0-255,66,81680,78,224578
35585,0.000702,172.217.194.0-255,2902,84582,78,224578
35586,0.000704,172.31.40.0-255,66,84648,78,224578
35587,0.000744,172.31.40.0-255,66,84714,78,224578
35588,0.000819,172.217.194.0-255,1484,86198,78,224578
35589,0.000824,172.217.194.0-255,2902,89100,78,224578
35590,0.000829,172.217.194.0-255,4320,93420,78,224578
35591,0.000834,172.31.40.0-255,66,93486,78,224578
35592,0.000838,172.31.40.0-255,66,93552,78,224578
35593,0.000856,172.217.194.0-255,1484,95036,78,224578
35594,0.000871,172.31.40.0-255,66,95102,78,224578
35595,0.000874,172.217.194.0-255,1484,96586,78,224578
35596,0.000919,172.31.40.0-255,66,96652,78,224578
35597,0.000931,172.31.40.0-255,66,96718,78,224578
35598,0.000954,172.217.194.0-255,1484,98202,78,224578
35599,0.000969,172.31.40.0-255,66,98268,78,224578
35600,0.00098,172.31.40.0-255,66,98334,78,224578
35601,0.000997,172.217.194.0-255,766,99100,78,224578
35602,0.001243,172.217.194.0-255,1484,100584,78,224578
35603,0.001249,172.31.40.0-255,66,100650,78,224578
35604,0.001255,172.217.194.0-255,2902,103552,78,224578
35605,0.001258,172.31.40.0-255,66,103618,78,224578
35606,0.001265,172.217.194.0-255,5738,109356,78,224578
35607,0.001268,172.31.40.0-255,66,109422,78,224578
35608,0.001275,172.217.194.0-255,7156,116578,78,224578
35609,0.001277,172.31.40.0-255,66,116644,78,224578
35610,0.001345,172.31.40.0-255,66,116710,78,224578
35611,0.001349,172.217.194.0-255,2184,118894,78,224578
35612,0.001351,172.31.40.0-255,66,118960,78,224578
35613,0.001657,172.217.194.0-255,1484,120444,78,224578
35614,0.001666,172.217.194.0-255,2902,123346,78,224578
35615,0.001671,172.31.40.0-255,66,123412,78,224578
35616,0.001678,172.217.194.0-255,5738,129150,78,224578
35617,0.00168,172.31.40.0-255,66,129216,78,224578
35618,0.001685,172.217.194.0-255,4320,133536,78,224578
35619,0.001687,172.31.40.0-255,66,133602,78,224578
35620,0.001715,172.217.194.0-255,4320,137922,78,224578
35621,0.001718,172.31.40.0-255,66,137988,78,224578
35622,0.001743,172.31.40.0-255,66,138054,78,224578
35623,0.001761,172.217.194.0-255,2184,140238,78,224578
35624,0.001764,172.31.40.0-255,66,140304,78,224578
35625,0.001801,172.217.194.0-255,5738,146042,78,224578
35626,0.001835,172.217.194.0-255,7156,153198,78,224578
35627,0.001854,172.217.194.0-255,2184,155382,78,224578
35628,0.001875,172.217.194.0-255,1484,156866,78,224578
35629,0.001888,172.217.194.0-255,2902,159768,78,224578
35630,0.001907,172.217.194.0-255,5738,165506,78,224578
35631,0.001923,172.217.194.0-255,5738,171244,78,224578
35632,0.001948,172.217.194.0-255,7156,178400,78,224578
35633,0.001989,172.217.194.0-255,4320,182720,78,224578
35634,0.002003,172.217.194.0-255,5738,188458,78,224578
35635,0.002015,172.217.194.0-255,2902,191360,78,224578
35636,0.002021,172.217.194.0-255,4320,195680,78,224578
35637,0.00205,172.217.194.0-255,1484,197164,78,224578
35638,0.002083,172.217.194.0-255,5738,202902,78,224578
35639,0.0021,172.217.194.0-255,5738,208640,78,224578
35640,0.002124,172.217.194.0-255,4320,212960,78,224578
35641,0.00214,172.217.194.0-255,6985,219945,78,224578
35642,0.002143,172.217.194.0-255,105,220050,78,224578
35643,0.004848,172.31.40.0-255,66,220116,78,224578
35644,0.007691,172.31.40.0-255,105,220221,78,224578
35645,0.009945,172.217.194.0-255,66,220287,78,224578
35646,0.031762,172.31.40.0-255,172,220459,78,224578
35647,0.031795,172.31.40.0-255,1107,221566,78,224578
35648,0.031859,172.31.40.0-255,1514,223080,78,224578
35649,0.031861,172.31.40.0-255,1300,224380,78,224578
35650,0.033318,104.244.42.0-255,66,224446,78,224578
35651,0.033363,104.244.42.0-255,66,224512,78,224578
35652,0.03342,104.244.42.0-255,66,224578,78,224578
35653,0.0,74.125.24.0-255,152,152,78,147515
35654,2.3e-05,172.31.40.0-255,66,218,78,147515
35655,3e-05,74.125.24.0-255,1484,1702,78,147515
35656,3.6e-05,172.31.40.0-255,66,1768,78,147515
35657,4.9e-05,74.125.24.0-255,2902,4670,78,147515
35658,5.3e-05,172.31.40.0-255,66,4736,78,147515
35659,6.1e-05,74.125.24.0-255,7156,11892,78,147515
35660,6.4e-05,172.31.40.0-255,66,11958,78,147515
35661,7.9e-05,172.31.40.0-255,66,12024,78,147515
35662,0.0001,74.125.24.0-255,2155,14179,78,147515
35663,0.000102,172.31.40.0-255,66,14245,78,147515
35664,0.000111,74.125.24.0-255,2543,16788,78,147515
35665,0.000114,172.31.40.0-255,66,16854,78,147515
35666,0.000211,74.125.24.0-255,1484,18338,78,147515
35667,0.000216,172.31.40.0-255,66,18404,78,147515
35668,0.00022,74.125.24.0-255,2902,21306,78,147515
35669,0.000223,172.31.40.0-255,66,21372,78,147515
35670,0.000225,74.125.24.0-255,1484,22856,78,147515
35671,0.000228,172.31.40.0-255,66,22922,78,147515
35672,0.000259,74.125.24.0-255,4320,27242,78,147515
35673,0.000266,172.31.40.0-255,66,27308,78,147515
35674,0.000282,172.31.40.0-255,66,27374,78,147515
35675,0.000292,172.31.40.0-255,66,27440,78,147515
35676,0.000328,74.125.24.0-255,1402,28842,78,147515
35677,0.00033,172.31.40.0-255,66,28908,78,147515
35678,0.000357,74.125.24.0-255,411,29319,78,147515
35679,0.000359,172.31.40.0-255,66,29385,78,147515
35680,0.000509,74.125.24.0-255,1484,30869,78,147515
35681,0.000514,172.31.40.0-255,66,30935,78,147515
35682,0.00052,74.125.24.0-255,2902,33837,78,147515
35683,0.000523,172.31.40.0-255,66,33903,78,147515
35684,0.000529,74.125.24.0-255,4320,38223,78,147515
35685,0.000536,172.31.40.0-255,66,38289,78,147515
35686,0.000546,74.125.24.0-255,1484,39773,78,147515
35687,0.000559,172.31.40.0-255,66,39839,78,147515
35688,0.00059,74.125.24.0-255,4320,44159,78,147515
35689,0.000592,172.31.40.0-255,66,44225,78,147515
35690,0.000609,172.31.40.0-255,66,44291,78,147515
35691,0.000779,74.125.24.0-255,1484,45775,78,147515
35692,0.000786,74.125.24.0-255,2902,48677,78,147515
35693,0.00079,172.31.40.0-255,66,48743,78,147515
35694,0.000794,74.125.24.0-255,1484,50227,78,147515
35695,0.000819,74.125.24.0-255,4320,54547,78,147515
35696,0.000822,172.31.40.0-255,66,54613,78,147515
35697,0.000836,172.31.40.0-255,66,54679,78,147515
35698,0.000853,172.31.40.0-255,66,54745,78,147515
35699,0.000883,74.125.24.0-255,766,55511,78,147515
35700,0.000885,74.125.24.0-255,1484,56995,78,147515
35701,0.000919,172.31.40.0-255,66,57061,78,147515
35702,0.000935,74.125.24.0-255,4320,61381,78,147515
35703,0.000942,172.31.40.0-255,66,61447,78,147515
35704,0.000954,172.31.40.0-255,66,61513,78,147515
35705,0.00096,74.125.24.0-255,5738,67251,78,147515
35706,0.000963,172.31.40.0-255,66,67317,78,147515
35707,0.00099,74.125.24.0-255,4320,71637,78,147515
35708,0.000992,172.31.40.0-255,66,71703,78,147515
35709,0.001051,172.31.40.0-255,66,71769,78,147515
35710,0.001059,172.31.40.0-255,66,71835,78,147515
35711,0.001062,172.31.40.0-255,66,71901,78,147515
35712,0.001094,74.125.24.0-255,5738,77639,78,147515
35713,0.001097,172.31.40.0-255,66,77705,78,147515
35714,0.001121,74.125.24.0-255,5020,82725,78,147515
35715,0.001124,172.31.40.0-255,66,82791,78,147515
35716,0.001137,172.31.40.0-255,66,82857,78,147515
35717,0.001143,74.125.24.0-255,4320,87177,78,147515
35718,0.001146,172.31.40.0-255,66,87243,78,147515
35719,0.001171,172.31.40.0-255,66,87309,78,147515
35720,0.001242,74.125.24.0-255,7156,94465,78,147515
35721,0.001276,172.31.40.0-255,66,94531,78,147515
35722,0.001282,172.31.40.0-255,66,94597,78,147515
35723,0.001317,74.125.24.0-255,766,95363,78,147515
35724,0.00132,74.125.24.0-255,1484,96847,78,147515
35725,0.001325,74.125.24.0-255,4320,101167,78,147515
35726,0.00133,74.125.24.0-255,2902,104069,78,147515
35727,0.001332,74.125.24.0-255,1484,105553,78,147515
35728,0.001347,74.125.24.0-255,2902,108455,78,147515
35729,0.001352,74.125.24.0-255,2902,111357,78,147515
35730,0.001373,74.125.24.0-255,5738,117095,78,147515
35731,0.001376,172.31.40.0-255,66,117161,78,147515
35732,0.001382,172.31.40.0-255,66,117227,78,147515
35733,0.001429,172.31.40.0-255,66,117293,78,147515
35734,0.001495,74.125.24.0-255,4320,121613,78,147515
35735,0.001534,172.31.40.0-255,66,121679,78,147515
35736,0.001541,74.125.24.0-255,1484,123163,78,147515
35737,0.001545,74.125.24.0-255,2902,126065,78,147515
35738,0.001551,172.31.40.0-255,66,126131,78,147515
35739,0.001577,74.125.24.0-255,5738,131869,78,147515
35740,0.001597,74.125.24.0-255,1484,133353,78,147515
35741,0.001623,172.31.40.0-255,66,133419,78,147515
35742,0.001648,74.125.24.0-255,4320,137739,78,147515
35743,0.001656,172.31.40.0-255,66,137805,78,147515
35744,0.001689,74.125.24.0-255,5020,142825,78,147515
35745,0.001725,74.125.24.0-255,105,142930,78,147515
35746,0.001751,172.31.40.0-255,66,142996,78,147515
35747,0.014271,172.31.40.0-255,105,143101,78,147515
35748,0.016869,74.125.24.0-255,66,143167,78,147515
35749,0.034131,172.31.40.0-255,172,143339,78,147515
35750,0.034166,172.31.40.0-255,1103,144442,78,147515
35751,0.034232,172.31.40.0-255,1514,145956,78,147515
35752,0.034234,172.31.40.0-255,1187,147143,78,147515
35753,0.035623,104.244.42.0-255,66,147209,78,147515
35754,0.035734,104.244.42.0-255,66,147275,78,147515
35755,0.035739,104.244.42.0-255,66,147341,78,147515
35756,0.036357,104.244.42.0-255,108,147449,78,147515
35757,0.036365,172.31.40.0-255,66,147515,78,147515
35758,0.0,172.217.194.0-255,152,152,78,210809
35759,2.4e-05,172.31.40.0-255,66,218,78,210809
35760,4.6e-05,172.217.194.0-255,1484,1702,78,210809
35761,5.2e-05,172.31.40.0-255,66,1768,78,210809
35762,5.9e-05,172.217.194.0-255,2902,4670,78,210809
35763,6.2e-05,172.31.40.0-255,66,4736,78,210809
35764,7e-05,172.217.194.0-255,7156,11892,78,210809
35765,7.4e-05,172.31.40.0-255,66,11958,78,210809
35766,7.8e-05,172.217.194.0-255,2010,13968,78,210809
35767,8.1e-05,172.31.40.0-255,66,14034,78,210809
35768,0.000133,172.217.194.0-255,1484,15518,78,210809
35769,0.000135,172.31.40.0-255,66,15584,78,210809
35770,0.00014,172.217.194.0-255,2902,18486,78,210809
35771,0.000144,172.31.40.0-255,66,18552,78,210809
35772,0.000148,172.217.194.0-255,2902,21454,78,210809
35773,0.000151,172.31.40.0-255,66,21520,78,210809
35774,0.000167,172.217.194.0-255,2902,24422,78,210809
35775,0.00017,172.31.40.0-255,66,24488,78,210809
35776,0.00021,172.217.194.0-255,4320,28808,78,210809
35777,0.000212,172.31.40.0-255,66,28874,78,210809
35778,0.000233,172.217.194.0-255,2543,31417,78,210809
35779,0.000236,172.31.40.0-255,66,31483,78,210809
35780,0.000266,172.217.194.0-255,5738,37221,78,210809
35781,0.000268,172.31.40.0-255,66,37287,78,210809
35782,0.000272,172.217.194.0-255,2902,40189,78,210809
35783,0.000274,172.31.40.0-255,66,40255,78,210809
35784,0.000289,172.217.194.0-255,4320,44575,78,210809
35785,0.000292,172.31.40.0-255,66,44641,78,210809
35786,0.000322,172.217.194.0-255,3961,48602,78,210809
35787,0.000325,172.31.40.0-255,66,48668,78,210809
35788,0.000332,172.217.194.0-255,4320,52988,78,210809
35789,0.000334,172.31.40.0-255,66,53054,78,210809
35790,0.000362,172.217.194.0-255,2543,55597,78,210809
35791,0.000498,172.31.40.0-255,66,55663,78,210809
35792,0.000901,172.217.194.0-255,646,56309,78,210809
35793,0.000999,172.217.194.0-255,1484,57793,78,210809
35794,0.001003,172.31.40.0-255,66,57859,78,210809
35795,0.001009,172.217.194.0-255,2902,60761,78,210809
35796,0.001015,172.217.194.0-255,4320,65081,78,210809
35797,0.001041,172.31.40.0-255,66,65147,78,210809
35798,0.001096,172.31.40.0-255,66,65213,78,210809
35799,0.001114,172.31.40.0-255,66,65279,78,210809
35800,0.001509,172.217.194.0-255,1484,66763,78,210809
35801,0.001517,172.217.194.0-255,2902,69665,78,210809
35802,0.001521,172.31.40.0-255,66,69731,78,210809
35803,0.001546,172.217.194.0-255,5738,75469,78,210809
35804,0.001552,172.217.194.0-255,4320,79789,78,210809
35805,0.001576,172.217.194.0-255,1484,81273,78,210809
35806,0.001707,172.217.194.0-255,1484,82757,78,210809
35807,0.001713,172.217.194.0-255,2902,85659,78,210809
35808,0.00174,172.217.194.0-255,5738,91397,78,210809
35809,0.001758,172.217.194.0-255,1484,92881,78,210809
35810,0.001774,172.217.194.0-255,5738,98619,78,210809
35811,0.001806,172.217.194.0-255,5738,104357,78,210809
35812,0.002253,172.217.194.0-255,1484,105841,78,210809
35813,0.002262,172.217.194.0-255,2902,108743,78,210809
35814,0.002265,172.217.194.0-255,1484,110227,78,210809
35815,0.002281,172.217.194.0-255,4320,114547,78,210809
35816,0.002286,172.217.194.0-255,2902,117449,78,210809
35817,0.002301,172.217.194.0-255,2902,120351,78,210809
35818,0.002305,172.217.194.0-255,2902,123253,78,210809
35819,0.002347,172.217.194.0-255,2902,126155,78,210809
35820,0.002381,172.217.194.0-255,2184,128339,78,210809
35821,0.002693,172.217.194.0-255,1484,129823,78,210809
35822,0.002701,172.217.194.0-255,2902,132725,78,210809
35823,0.002726,172.217.194.0-255,4320,137045,78,210809
35824,0.002739,172.217.194.0-255,1484,138529,78,210809
35825,0.002756,172.217.194.0-255,2902,141431,78,210809
35826,0.002776,172.217.194.0-255,7156,148587,78,210809
35827,0.002783,172.217.194.0-255,7156,155743,78,210809
35828,0.002804,172.217.194.0-255,6438,162181,78,210809
35829,0.002847,172.217.194.0-255,1484,163665,78,210809
35830,0.002861,172.217.194.0-255,1484,165149,78,210809
35831,0.002878,172.217.194.0-255,1484,166633,78,210809
35832,0.002885,172.217.194.0-255,5738,172371,78,210809
35833,0.00289,172.217.194.0-255,2902,175273,78,210809
35834,0.002968,172.217.194.0-255,7156,182429,78,210809
35835,0.003014,172.217.194.0-255,7156,189585,78,210809
35836,0.003071,172.217.194.0-255,5738,195323,78,210809
35837,0.003104,172.217.194.0-255,1484,196807,78,210809
35838,0.003115,172.217.194.0-255,1484,198291,78,210809
35839,0.00313,172.217.194.0-255,7156,205447,78,210809
35840,0.003189,172.217.194.0-255,5020,210467,78,210809
35841,0.003283,172.217.194.0-255,105,210572,78,210809
35842,0.008183,172.31.40.0-255,66,210638,78,210809
35843,0.011293,172.31.40.0-255,105,210743,78,210809
35844,0.013552,172.217.194.0-255,66,210809,78,210809
35845,0.0,74.125.24.0-255,150,150,78,162520
35846,1.5e-05,172.31.40.0-255,66,216,78,162520
35847,2.2e-05,74.125.24.0-255,1484,1700,78,162520
35848,2.7e-05,172.31.40.0-255,66,1766,78,162520
35849,4e-05,74.125.24.0-255,2902,4668,78,162520
35850,4.4e-05,172.31.40.0-255,66,4734,78,162520
35851,5.2e-05,74.125.24.0-255,5738,10472,78,162520
35852,5.4e-05,172.31.40.0-255,66,10538,78,162520
35853,0.000107,74.125.24.0-255,7156,17694,78,162520
35854,0.000111,172.31.40.0-255,66,17760,78,162520
35855,0.000141,74.125.24.0-255,6420,24180,78,162520
35856,0.000144,172.31.40.0-255,66,24246,78,162520
35857,0.000152,74.125.24.0-255,6797,31043,78,162520
35858,0.000154,172.31.40.0-255,66,31109,78,162520
35859,0.000867,74.125.24.0-255,1484,32593,78,162520
35860,0.000873,172.31.40.0-255,66,32659,78,162520
35861,0.000883,74.125.24.0-255,2902,35561,78,162520
35862,0.000885,172.31.40.0-255,66,35627,78,162520
35863,0.000898,74.125.24.0-255,5738,41365,78,162520
35864,0.0009,172.31.40.0-255,66,41431,78,162520
35865,0.000908,74.125.24.0-255,6797,48228,78,162520
35866,0.00091,172.31.40.0-255,66,48294,78,162520
35867,0.000953,74.125.24.0-255,7156,55450,78,162520
35868,0.000956,172.31.40.0-255,66,55516,78,162520
35869,0.000974,172.31.40.0-255,66,55582,78,162520
35870,0.001144,74.125.24.0-255,128,55710,78,162520
35871,0.001149,172.31.40.0-255,66,55776,78,162520
35872,0.001426,74.125.24.0-255,1484,57260,78,162520
35873,0.001433,172.31.40.0-255,66,57326,78,162520
35874,0.00144,74.125.24.0-255,2902,60228,78,162520
35875,0.001442,172.31.40.0-255,66,60294,78,162520
35876,0.001454,74.125.24.0-255,5738,66032,78,162520
35877,0.001457,172.31.40.0-255,66,66098,78,162520
35878,0.001462,74.125.24.0-255,4320,70418,78,162520
35879,0.001465,172.31.40.0-255,66,70484,78,162520
35880,0.001477,74.125.24.0-255,1484,71968,78,162520
35881,0.001517,172.31.40.0-255,66,72034,78,162520
35882,0.001528,172.31.40.0-255,66,72100,78,162520
35883,0.001642,74.125.24.0-255,1484,73584,78,162520
35884,0.001657,74.125.24.0-255,2902,76486,78,162520
35885,0.00166,172.31.40.0-255,66,76552,78,162520
35886,0.001694,74.125.24.0-255,4320,80872,78,162520
35887,0.001697,172.31.40.0-255,66,80938,78,162520
35888,0.001723,74.125.24.0-255,1484,82422,78,162520
35889,0.001738,172.31.40.0-255,66,82488,78,162520
35890,0.00175,172.31.40.0-255,66,82554,78,162520
35891,0.001768,172.31.40.0-255,66,82620,78,162520
35892,0.001772,74.125.24.0-255,2902,85522,78,162520
35893,0.001774,172.31.40.0-255,66,85588,78,162520
35894,0.001819,172.31.40.0-255,66,85654,78,162520
35895,0.001827,74.125.24.0-255,6438,92092,78,162520
35896,0.001829,172.31.40.0-255,66,92158,78,162520
35897,0.001853,74.125.24.0-255,4320,96478,78,162520
35898,0.001855,172.31.40.0-255,66,96544,78,162520
35899,0.001874,74.125.24.0-255,2902,99446,78,162520
35900,0.001876,172.31.40.0-255,66,99512,78,162520
35901,0.001882,74.125.24.0-255,4320,103832,78,162520
35902,0.001884,172.31.40.0-255,66,103898,78,162520
35903,0.001907,74.125.24.0-255,5738,109636,78,162520
35904,0.001909,172.31.40.0-255,66,109702,78,162520
35905,0.001929,172.31.40.0-255,66,109768,78,162520
35906,0.001944,74.125.24.0-255,5020,114788,78,162520
35907,0.001947,172.31.40.0-255,66,114854,78,162520
35908,0.001962,172.31.40.0-255,66,114920,78,162520
35909,0.002009,172.31.40.0-255,66,114986,78,162520
35910,0.002144,74.125.24.0-255,1484,116470,78,162520
35911,0.002149,74.125.24.0-255,2902,119372,78,162520
35912,0.002151,172.31.40.0-255,66,119438,78,162520
35913,0.002182,74.125.24.0-255,5738,125176,78,162520
35914,0.002185,172.31.40.0-255,66,125242,78,162520
35915,0.002192,74.125.24.0-255,5738,130980,78,162520
35916,0.002195,172.31.40.0-255,66,131046,78,162520
35917,0.002209,74.125.24.0-255,4320,135366,78,162520
35918,0.002211,172.31.40.0-255,66,135432,78,162520
35919,0.00225,172.31.40.0-255,66,135498,78,162520
35920,0.002256,74.125.24.0-255,5020,140518,78,162520
35921,0.002258,172.31.40.0-255,66,140584,78,162520
35922,0.002261,74.125.24.0-255,1484,142068,78,162520
35923,0.002293,74.125.24.0-255,4320,146388,78,162520
35924,0.002296,172.31.40.0-255,66,146454,78,162520
35925,0.002301,74.125.24.0-255,4320,150774,78,162520
35926,0.002304,172.31.40.0-255,66,150840,78,162520
35927,0.00232,172.31.40.0-255,66,150906,78,162520
35928,0.002372,74.125.24.0-255,1484,152390,78,162520
35929,0.00241,172.31.40.0-255,66,152456,78,162520
35930,0.002428,172.31.40.0-255,66,152522,78,162520
35931,0.002446,172.31.40.0-255,66,152588,78,162520
35932,0.00246,172.31.40.0-255,66,152654,78,162520
35933,0.002506,172.31.40.0-255,66,152720,78,162520
35934,0.002511,74.125.24.0-255,3602,156322,78,162520
35935,0.002513,172.31.40.0-255,66,156388,78,162520
35936,0.002539,74.125.24.0-255,1484,157872,78,162520
35937,0.002563,172.31.40.0-255,66,157938,78,162520
35938,0.0026,172.31.40.0-255,66,158004,78,162520
35939,0.0052,74.125.24.0-255,105,158109,78,162520
35940,0.00848,172.31.40.0-255,66,158175,78,162520
35941,0.008519,172.31.40.0-255,105,158280,78,162520
35942,0.011089,74.125.24.0-255,66,158346,78,162520
35943,0.030781,172.31.40.0-255,172,158518,78,162520
35944,0.030811,172.31.40.0-255,1103,159621,78,162520
35945,0.030976,172.31.40.0-255,1514,161135,78,162520
35946,0.030978,172.31.40.0-255,1187,162322,78,162520
35947,0.032377,104.244.42.0-255,66,162388,78,162520
35948,0.032387,104.244.42.0-255,66,162454,78,162520
35949,0.032527,104.244.42.0-255,66,162520,78,162520
35950,0.0,74.125.24.0-255,153,153,78,195952
35951,2.3e-05,172.31.40.0-255,66,219,78,195952
35952,3.1e-05,74.125.24.0-255,1484,1703,78,195952
35953,3.6e-05,172.31.40.0-255,66,1769,78,195952
35954,5e-05,74.125.24.0-255,2902,4671,78,195952
35955,5.5e-05,172.31.40.0-255,66,4737,78,195952
35956,6.2e-05,74.125.24.0-255,7156,11893,78,195952
35957,6.4e-05,172.31.40.0-255,66,11959,78,195952
35958,6.9e-05,74.125.24.0-255,2069,14028,78,195952
35959,7.1e-05,172.31.40.0-255,66,14094,78,195952
35960,8.6e-05,172.31.40.0-255,66,14160,78,195952
35961,0.000106,74.125.24.0-255,1484,15644,78,195952
35962,0.000109,172.31.40.0-255,66,15710,78,195952
35963,0.000133,74.125.24.0-255,3961,19671,78,195952
35964,0.00014,172.31.40.0-255,66,19737,78,195952
35965,0.000199,74.125.24.0-255,1484,21221,78,195952
35966,0.000201,172.31.40.0-255,66,21287,78,195952
35967,0.000207,74.125.24.0-255,2902,24189,78,195952
35968,0.00021,172.31.40.0-255,66,24255,78,195952
35969,0.000247,74.125.24.0-255,5738,29993,78,195952
35970,0.00025,172.31.40.0-255,66,30059,78,195952
35971,0.000258,74.125.24.0-255,6797,36856,78,195952
35972,0.000261,172.31.40.0-255,66,36922,78,195952
35973,0.000269,74.125.24.0-255,2902,39824,78,195952
35974,0.000271,172.31.40.0-255,66,39890,78,195952
35975,0.000318,172.31.40.0-255,66,39956,78,195952
35976,0.000322,74.125.24.0-255,2812,42768,78,195952
35977,0.000324,172.31.40.0-255,66,42834,78,195952
35978,0.000344,74.125.24.0-255,136,42970,78,195952
35979,0.000346,172.31.40.0-255,66,43036,78,195952
35980,0.000513,74.125.24.0-255,1484,44520,78,195952
35981,0.000522,74.125.24.0-255,2902,47422,78,195952
35982,0.000526,172.31.40.0-255,66,47488,78,195952
35983,0.000533,74.125.24.0-255,5738,53226,78,195952
35984,0.000535,172.31.40.0-255,66,53292,78,195952
35985,0.000576,172.31.40.0-255,66,53358,78,195952
35986,0.000633,74.125.24.0-255,5738,59096,78,195952
35987,0.000636,172.31.40.0-255,66,59162,78,195952
35988,0.000664,74.125.24.0-255,3961,63123,78,195952
35989,0.000668,172.31.40.0-255,66,63189,78,195952
35990,0.00093,74.125.24.0-255,1484,64673,78,195952
35991,0.000937,74.125.24.0-255,2902,67575,78,195952
35992,0.000941,172.31.40.0-255,66,67641,78,195952
35993,0.000947,74.125.24.0-255,4320,71961,78,195952
35994,0.000949,172.31.40.0-255,66,72027,78,195952
35995,0.000976,74.125.24.0-255,1484,73511,78,195952
35996,0.000984,74.125.24.0-255,7156,80667,78,195952
35997,0.000986,172.31.40.0-255,66,80733,78,195952
35998,0.001013,74.125.24.0-255,5738,86471,78,195952
35999,0.001015,172.31.40.0-255,66,86537,78,195952
36000,0.001028,172.31.40.0-255,66,86603,78,195952
36001,0.001057,74.125.24.0-255,3602,90205,78,195952
36002,0.00106,172.31.40.0-255,66,90271,78,195952
36003,0.001077,172.31.40.0-255,66,90337,78,195952
36004,0.001108,74.125.24.0-255,5738,96075,78,195952
36005,0.001111,172.31.40.0-255,66,96141,78,195952
36006,0.001153,172.31.40.0-255,66,96207,78,195952
36007,0.001205,74.125.24.0-255,1484,97691,78,195952
36008,0.00121,74.125.24.0-255,1484,99175,78,195952
36009,0.001213,172.31.40.0-255,66,99241,78,195952
36010,0.001241,74.125.24.0-255,1484,100725,78,195952
36011,0.001248,74.125.24.0-255,5738,106463,78,195952
36012,0.00125,172.31.40.0-255,66,106529,78,195952
36013,0.001262,172.31.40.0-255,66,106595,78,195952
36014,0.001277,74.125.24.0-255,2902,109497,78,195952
36015,0.001283,172.31.40.0-255,66,109563,78,195952
36016,0.001294,172.31.40.0-255,66,109629,78,195952
36017,0.001324,74.125.24.0-255,2184,111813,78,195952
36018,0.001327,172.31.40.0-255,66,111879,78,195952
36019,0.001425,74.125.24.0-255,1484,113363,78,195952
36020,0.001432,74.125.24.0-255,2902,116265,78,195952
36021,0.001435,172.31.40.0-255,66,116331,78,195952
36022,0.001442,74.125.24.0-255,5738,122069,78,195952
36023,0.001445,172.31.40.0-255,66,122135,78,195952
36024,0.001533,172.31.40.0-255,66,122201,78,195952
36025,0.001569,74.125.24.0-255,3602,125803,78,195952
36026,0.001602,172.31.40.0-255,66,125869,78,195952
36027,0.001614,74.125.24.0-255,6438,132307,78,195952
36028,0.001629,74.125.24.0-255,1484,133791,78,195952
36029,0.001633,74.125.24.0-255,2902,136693,78,195952
36030,0.001656,74.125.24.0-255,5738,142431,78,195952
36031,0.001666,172.31.40.0-255,66,142497,78,195952
36032,0.00168,74.125.24.0-255,7156,149653,78,195952
36033,0.001703,74.125.24.0-255,5738,155391,78,195952
36034,0.001716,172.31.40.0-255,66,155457,78,195952
36035,0.001724,74.125.24.0-255,1484,156941,78,195952
36036,0.001762,172.31.40.0-255,66,157007,78,195952
36037,0.001771,74.125.24.0-255,2902,159909,78,195952
36038,0.001804,74.125.24.0-255,7156,167065,78,195952
36039,0.001821,74.125.24.0-255,5738,172803,78,195952
36040,0.001828,74.125.24.0-255,5738,178541,78,195952
36041,0.001836,172.31.40.0-255,66,178607,78,195952
36042,0.001845,74.125.24.0-255,3602,182209,78,195952
36043,0.001864,172.31.40.0-255,66,182275,78,195952
36044,0.001914,172.31.40.0-255,66,182341,78,195952
36045,0.001971,74.125.24.0-255,5020,187361,78,195952
36046,0.001974,74.125.24.0-255,1484,188845,78,195952
36047,0.001978,172.31.40.0-255,66,188911,78,195952
36048,0.001991,74.125.24.0-255,6699,195610,78,195952
36049,0.002038,74.125.24.0-255,105,195715,78,195952
36050,0.002056,172.31.40.0-255,66,195781,78,195952
36051,0.01799,172.31.40.0-255,105,195886,78,195952
36052,0.020249,74.125.24.0-255,66,195952,78,195952
36053,0.0,74.125.24.0-255,153,153,78,238679
36054,2.1e-05,172.31.40.0-255,66,219,78,238679
36055,2.7e-05,74.125.24.0-255,1484,1703,78,238679
36056,3.1e-05,172.31.40.0-255,66,1769,78,238679
36057,3.6e-05,74.125.24.0-255,2902,4671,78,238679
36058,3.9e-05,172.31.40.0-255,66,4737,78,238679
36059,5.3e-05,74.125.24.0-255,7156,11893,78,238679
36060,5.5e-05,172.31.40.0-255,66,11959,78,238679
36061,8.3e-05,74.125.24.0-255,4320,16279,78,238679
36062,8.5e-05,172.31.40.0-255,66,16345,78,238679
36063,0.000125,172.31.40.0-255,66,16411,78,238679
36064,0.000129,74.125.24.0-255,2543,18954,78,238679
36065,0.000131,172.31.40.0-255,66,19020,78,238679
36066,0.000378,74.125.24.0-255,1484,20504,78,238679
36067,0.000383,172.31.40.0-255,66,20570,78,238679
36068,0.000388,74.125.24.0-255,2902,23472,78,238679
36069,0.000391,172.31.40.0-255,66,23538,78,238679
36070,0.000422,74.125.24.0-255,5738,29276,78,238679
36071,0.000424,172.31.40.0-255,66,29342,78,238679
36072,0.000466,74.125.24.0-255,4320,33662,78,238679
36073,0.00047,172.31.40.0-255,66,33728,78,238679
36074,0.000473,172.31.40.0-255,66,33794,78,238679
36075,0.000507,74.125.24.0-255,5688,39482,78,238679
36076,0.000511,172.31.40.0-255,66,39548,78,238679
36077,0.000514,74.125.24.0-255,112,39660,78,238679
36078,0.000516,172.31.40.0-255,66,39726,78,238679
36079,0.000577,74.125.24.0-255,1484,41210,78,238679
36080,0.000581,172.31.40.0-255,66,41276,78,238679
36081,0.000586,74.125.24.0-255,2902,44178,78,238679
36082,0.000589,172.31.40.0-255,66,44244,78,238679
36083,0.000617,74.125.24.0-255,4320,48564,78,238679
36084,0.000619,172.31.40.0-255,66,48630,78,238679
36085,0.000622,74.125.24.0-255,1484,50114,78,238679
36086,0.000661,172.31.40.0-255,66,50180,78,238679
36087,0.000673,172.31.40.0-255,66,50246,78,238679
36088,0.000721,74.125.24.0-255,5644,55890,78,238679
36089,0.000724,172.31.40.0-255,66,55956,78,238679
36090,0.000857,74.125.24.0-255,1484,57440,78,238679
36091,0.000862,74.125.24.0-255,2902,60342,78,238679
36092,0.000865,172.31.40.0-255,66,60408,78,238679
36093,0.000899,74.125.24.0-255,5738,66146,78,238679
36094,0.000902,172.31.40.0-255,66,66212,78,238679
36095,0.000909,74.125.24.0-255,5738,71950,78,238679
36096,0.000911,172.31.40.0-255,66,72016,78,238679
36097,0.000939,74.125.24.0-255,7156,79172,78,238679
36098,0.000942,172.31.40.0-255,66,79238,78,238679
36099,0.000976,74.125.24.0-255,7156,86394,78,238679
36100,0.000979,172.31.40.0-255,66,86460,78,238679
36101,0.000996,74.125.24.0-255,3602,90062,78,238679
36102,0.000999,172.31.40.0-255,66,90128,78,238679
36103,0.001816,74.125.24.0-255,1484,91612,78,238679
36104,0.001823,74.125.24.0-255,2902,94514,78,238679
36105,0.001827,172.31.40.0-255,66,94580,78,238679
36106,0.001831,74.125.24.0-255,1484,96064,78,238679
36107,0.001862,74.125.24.0-255,4320,100384,78,238679
36108,0.001864,172.31.40.0-255,66,100450,78,238679
36109,0.001878,172.31.40.0-255,66,100516,78,238679
36110,0.001881,74.125.24.0-255,1484,102000,78,238679
36111,0.001949,172.31.40.0-255,66,102066,78,238679
36112,0.002051,74.125.24.0-255,1484,103550,78,238679
36113,0.002065,74.125.24.0-255,2902,106452,78,238679
36114,0.002068,172.31.40.0-255,66,106518,78,238679
36115,0.002074,74.125.24.0-255,4320,110838,78,238679
36116,0.002077,172.31.40.0-255,66,110904,78,238679
36117,0.002109,74.125.24.0-255,1484,112388,78,238679
36118,0.002123,172.31.40.0-255,66,112454,78,238679
36119,0.002135,172.31.40.0-255,66,112520,78,238679
36120,0.002152,172.31.40.0-255,66,112586,78,238679
36121,0.002195,172.31.40.0-255,66,112652,78,238679
36122,0.00222,74.125.24.0-255,2902,115554,78,238679
36123,0.002222,172.31.40.0-255,66,115620,78,238679
36124,0.002249,172.31.40.0-255,66,115686,78,238679
36125,0.002254,74.125.24.0-255,4320,120006,78,238679
36126,0.002257,172.31.40.0-255,66,120072,78,238679
36127,0.002308,74.125.24.0-255,3602,123674,78,238679
36128,0.002313,172.31.40.0-255,66,123740,78,238679
36129,0.005708,172.31.40.0-255,66,123806,78,238679
36130,0.005714,172.31.40.0-255,66,123872,78,238679
36131,0.005718,172.31.40.0-255,66,123938,78,238679
36132,0.008002,74.125.24.0-255,5738,129676,78,238679
36133,0.008008,172.31.40.0-255,66,129742,78,238679
36134,0.010306,74.125.24.0-255,5738,135480,78,238679
36135,0.010315,172.31.40.0-255,66,135546,78,238679
36136,0.012599,74.125.24.0-255,5738,141284,78,238679
36137,0.012605,172.31.40.0-255,66,141350,78,238679
36138,0.015025,74.125.24.0-255,5738,147088,78,238679
36139,0.015035,172.31.40.0-255,66,147154,78,238679
36140,0.017333,74.125.24.0-255,5738,152892,78,238679
36141,0.017341,172.31.40.0-255,66,152958,78,238679
36142,0.019651,74.125.24.0-255,5738,158696,78,238679
36143,0.019661,172.31.40.0-255,66,158762,78,238679
36144,0.021961,74.125.24.0-255,5738,164500,78,238679
36145,0.021967,172.31.40.0-255,66,164566,78,238679
36146,0.024273,74.125.24.0-255,5738,170304,78,238679
36147,0.024282,172.31.40.0-255,66,170370,78,238679
36148,0.026562,74.125.24.0-255,5738,176108,78,238679
36149,0.02657,172.31.40.0-255,66,176174,78,238679
36150,0.02892,74.125.24.0-255,5738,181912,78,238679
36151,0.028927,172.31.40.0-255,66,181978,78,238679
36152,0.031229,74.125.24.0-255,5738,187716,78,238679
36153,0.031236,172.31.40.0-255,66,187782,78,238679
36154,0.03317,172.31.40.0-255,172,187954,78,238679
36155,0.033203,172.31.40.0-255,1107,189061,78,238679
36156,0.033295,172.31.40.0-255,1514,190575,78,238679
36157,0.033297,172.31.40.0-255,1300,191875,78,238679
36158,0.03352,74.125.24.0-255,5738,197613,78,238679
36159,0.033526,172.31.40.0-255,66,197679,78,238679
36160,0.034718,104.244.42.0-255,66,197745,78,238679
36161,0.034755,104.244.42.0-255,66,197811,78,238679
36162,0.034859,104.244.42.0-255,66,197877,78,238679
36163,0.035476,104.244.42.0-255,108,197985,78,238679
36164,0.035484,172.31.40.0-255,66,198051,78,238679
36165,0.035835,74.125.24.0-255,5738,203789,78,238679
36166,0.03584,172.31.40.0-255,66,203855,78,238679
36167,0.03813,74.125.24.0-255,5738,209593,78,238679
36168,0.038135,172.31.40.0-255,66,209659,78,238679
36169,0.040452,74.125.24.0-255,5738,215397,78,238679
36170,0.040457,172.31.40.0-255,66,215463,78,238679
36171,0.042755,74.125.24.0-255,5738,221201,78,238679
36172,0.042762,172.31.40.0-255,66,221267,78,238679
36173,0.045067,74.125.24.0-255,5738,227005,78,238679
36174,0.045073,172.31.40.0-255,66,227071,78,238679
36175,0.047355,74.125.24.0-255,5738,232809,78,238679
36176,0.047361,172.31.40.0-255,66,232875,78,238679
36177,0.049631,74.125.24.0-255,5738,238613,78,238679
36178,0.049637,172.31.40.0-255,66,238679,78,238679
36179,0.0,172.217.194.0-255,153,153,78,253676
36180,1.9e-05,172.31.40.0-255,66,219,78,253676
36181,2.6e-05,172.217.194.0-255,1484,1703,78,253676
36182,3.1e-05,172.31.40.0-255,66,1769,78,253676
36183,3.6e-05,172.217.194.0-255,2902,4671,78,253676
36184,4.7e-05,172.31.40.0-255,66,4737,78,253676
36185,5.5e-05,172.217.194.0-255,7156,11893,78,253676
36186,5.8e-05,172.31.40.0-255,66,11959,78,253676
36187,6.2e-05,172.217.194.0-255,1984,13943,78,253676
36188,6.5e-05,172.31.40.0-255,66,14009,78,253676
36189,0.000112,172.217.194.0-255,1484,15493,78,253676
36190,0.000115,172.31.40.0-255,66,15559,78,253676
36191,0.000119,172.217.194.0-255,1484,17043,78,253676
36192,0.000121,172.31.40.0-255,66,17109,78,253676
36193,0.000147,172.217.194.0-255,1484,18593,78,253676
36194,0.000149,172.31.40.0-255,66,18659,78,253676
36195,0.00016,172.217.194.0-255,5738,24397,78,253676
36196,0.000163,172.31.40.0-255,66,24463,78,253676
36197,0.00017,172.217.194.0-255,6797,31260,78,253676
36198,0.000172,172.31.40.0-255,66,31326,78,253676
36199,0.000219,172.217.194.0-255,1484,32810,78,253676
36200,0.000222,172.31.40.0-255,66,32876,78,253676
36201,0.000227,172.217.194.0-255,2902,35778,78,253676
36202,0.000229,172.31.40.0-255,66,35844,78,253676
36203,0.00026,172.217.194.0-255,5738,41582,78,253676
36204,0.000275,172.31.40.0-255,66,41648,78,253676
36205,0.000283,172.217.194.0-255,6797,48445,78,253676
36206,0.000285,172.31.40.0-255,66,48511,78,253676
36207,0.000304,172.31.40.0-255,66,48577,78,253676
36208,0.000309,172.217.194.0-255,2543,51120,78,253676
36209,0.000311,172.31.40.0-255,66,51186,78,253676
36210,0.000333,172.217.194.0-255,409,51595,78,253676
36211,0.000391,172.217.194.0-255,1783,53378,78,253676
36212,0.000412,172.217.194.0-255,4320,57698,78,253676
36213,0.000417,172.217.194.0-255,2902,60600,78,253676
36214,0.000435,172.217.194.0-255,5738,66338,78,253676
36215,0.000461,172.217.194.0-255,3961,70299,78,253676
36216,0.000504,172.217.194.0-255,4320,74619,78,253676
36217,0.000516,172.217.194.0-255,576,75195,78,253676
36218,0.000562,172.217.194.0-255,1484,76679,78,253676
36219,0.000566,172.217.194.0-255,1484,78163,78,253676
36220,0.000587,172.217.194.0-255,1484,79647,78,253676
36221,0.000593,172.217.194.0-255,5738,85385,78,253676
36222,0.000631,172.217.194.0-255,4320,89705,78,253676
36223,0.000652,172.217.194.0-255,4320,94025,78,253676
36224,0.000668,172.217.194.0-255,2184,96209,78,253676
36225,0.000721,172.31.40.0-255,66,96275,78,253676
36226,0.001201,172.217.194.0-255,1484,97759,78,253676
36227,0.00124,172.217.194.0-255,2902,100661,78,253676
36228,0.001259,172.217.194.0-255,4320,104981,78,253676
36229,0.001263,172.31.40.0-255,66,105047,78,253676
36230,0.001268,172.31.40.0-255,66,105113,78,253676
36231,0.001319,172.217.194.0-255,7156,112269,78,253676
36232,0.00133,172.217.194.0-255,2902,115171,78,253676
36233,0.001337,172.31.40.0-255,66,115237,78,253676
36234,0.001362,172.217.194.0-255,2902,118139,78,253676
36235,0.00138,172.217.194.0-255,3602,121741,78,253676
36236,0.001388,172.31.40.0-255,66,121807,78,253676
36237,0.001839,172.217.194.0-255,1484,123291,78,253676
36238,0.001859,172.217.194.0-255,2902,126193,78,253676
36239,0.001863,172.31.40.0-255,66,126259,78,253676
36240,0.001867,172.217.194.0-255,1484,127743,78,253676
36241,0.001893,172.217.194.0-255,4320,132063,78,253676
36242,0.001913,172.217.194.0-255,4320,136383,78,253676
36243,0.001917,172.31.40.0-255,66,136449,78,253676
36244,0.001958,172.217.194.0-255,5738,142187,78,253676
36245,0.001974,172.31.40.0-255,66,142253,78,253676
36246,0.001982,172.217.194.0-255,2902,145155,78,253676
36247,0.001987,172.31.40.0-255,66,145221,78,253676
36248,0.002022,172.217.194.0-255,4320,149541,78,253676
36249,0.002038,172.31.40.0-255,66,149607,78,253676
36250,0.002051,172.31.40.0-255,66,149673,78,253676
36251,0.002073,172.217.194.0-255,2902,152575,78,253676
36252,0.002106,172.31.40.0-255,66,152641,78,253676
36253,0.002116,172.217.194.0-255,1484,154125,78,253676
36254,0.002124,172.217.194.0-255,2902,157027,78,253676
36255,0.002151,172.31.40.0-255,66,157093,78,253676
36256,0.002157,172.217.194.0-255,5738,162831,78,253676
36257,0.002162,172.217.194.0-255,4320,167151,78,253676
36258,0.002167,172.31.40.0-255,66,167217,78,253676
36259,0.002254,172.217.194.0-255,2184,169401,78,253676
36260,0.002339,172.217.194.0-255,1484,170885,78,253676
36261,0.002355,172.217.194.0-255,2902,173787,78,253676
36262,0.002357,172.217.194.0-255,1484,175271,78,253676
36263,0.002382,172.217.194.0-255,4320,179591,78,253676
36264,0.00239,172.217.194.0-255,7156,186747,78,253676
36265,0.002409,172.217.194.0-255,4320,191067,78,253676
36266,0.002422,172.217.194.0-255,5738,196805,78,253676
36267,0.002443,172.217.194.0-255,4320,201125,78,253676
36268,0.002447,172.217.194.0-255,2902,204027,78,253676
36269,0.002464,172.217.194.0-255,7156,211183,78,253676
36270,0.002487,172.217.194.0-255,2184,213367,78,253676
36271,0.002522,172.217.194.0-255,2902,216269,78,253676
36272,0.002554,172.217.194.0-255,1484,217753,78,253676
36273,0.002587,172.217.194.0-255,2902,220655,78,253676
36274,0.002593,172.217.194.0-255,5738,226393,78,253676
36275,0.002611,172.217.194.0-255,3602,229995,78,253676
36276,0.00276,172.217.194.0-255,1484,231479,78,253676
36277,0.002774,172.217.194.0-255,2902,234381,78,253676
36278,0.002801,172.217.194.0-255,5738,240119,78,253676
36279,0.002832,172.217.194.0-255,4320,244439,78,253676
36280,0.002838,172.217.194.0-255,4705,249144,78,253676
36281,0.00284,172.217.194.0-255,97,249241,78,253676
36282,0.002901,172.217.194.0-255,105,249346,78,253676
36283,0.007117,172.31.40.0-255,66,249412,78,253676
36284,0.009752,172.31.40.0-255,105,249517,78,253676
36285,0.012261,172.217.194.0-255,66,249583,78,253676
36286,0.048551,172.31.40.0-255,172,249755,78,253676
36287,0.048583,172.31.40.0-255,1107,250862,78,253676
36288,0.048659,172.31.40.0-255,1514,252376,78,253676
36289,0.048661,172.31.40.0-255,1300,253676,78,253676
36290,0.0,74.125.24.0-255,148,148,78,241580
36291,2.3e-05,172.31.40.0-255,66,214,78,241580
36292,5.1e-05,74.125.24.0-255,1484,1698,78,241580
36293,5.7e-05,172.31.40.0-255,66,1764,78,241580
36294,6.3e-05,74.125.24.0-255,2902,4666,78,241580
36295,6.6e-05,172.31.40.0-255,66,4732,78,241580
36296,7.4e-05,74.125.24.0-255,7156,11888,78,241580
36297,8.4e-05,172.31.40.0-255,66,11954,78,241580
36298,8.9e-05,74.125.24.0-255,2111,14065,78,241580
36299,9.2e-05,172.31.40.0-255,66,14131,78,241580
36300,9.7e-05,74.125.24.0-255,2902,17033,78,241580
36301,0.0001,172.31.40.0-255,66,17099,78,241580
36302,0.000107,74.125.24.0-255,7156,24255,78,241580
36303,0.00011,172.31.40.0-255,66,24321,78,241580
36304,0.000152,74.125.24.0-255,6797,31118,78,241580
36305,0.000155,172.31.40.0-255,66,31184,78,241580
36306,0.000223,74.125.24.0-255,1484,32668,78,241580
36307,0.000226,172.31.40.0-255,66,32734,78,241580
36308,0.000231,74.125.24.0-255,2902,35636,78,241580
36309,0.000233,172.31.40.0-255,66,35702,78,241580
36310,0.000238,74.125.24.0-255,4320,40022,78,241580
36311,0.000241,172.31.40.0-255,66,40088,78,241580
36312,0.000251,74.125.24.0-255,5738,45826,78,241580
36313,0.000253,172.31.40.0-255,66,45892,78,241580
36314,0.000287,74.125.24.0-255,2543,48435,78,241580
36315,0.00029,172.31.40.0-255,66,48501,78,241580
36316,0.000314,74.125.24.0-255,2902,51403,78,241580
36317,0.000317,172.31.40.0-255,66,51469,78,241580
36318,0.000338,74.125.24.0-255,5738,57207,78,241580
36319,0.000341,172.31.40.0-255,66,57273,78,241580
36320,0.000349,74.125.24.0-255,7156,64429,78,241580
36321,0.000351,172.31.40.0-255,66,64495,78,241580
36322,0.000396,74.125.24.0-255,1486,65981,78,241580
36323,0.000526,172.31.40.0-255,66,66047,78,241580
36324,0.000673,74.125.24.0-255,347,66394,78,241580
36325,0.000993,74.125.24.0-255,1484,67878,78,241580
36326,0.000997,172.31.40.0-255,66,67944,78,241580
36327,0.001003,74.125.24.0-255,2902,70846,78,241580
36328,0.001005,74.125.24.0-255,1484,72330,78,241580
36329,0.001048,74.125.24.0-255,4320,76650,78,241580
36330,0.001064,172.31.40.0-255,66,76716,78,241580
36331,0.001073,74.125.24.0-255,1484,78200,78,241580
36332,0.001113,172.31.40.0-255,66,78266,78,241580
36333,0.00113,74.125.24.0-255,2184,80450,78,241580
36334,0.001144,172.31.40.0-255,66,80516,78,241580
36335,0.001919,74.125.24.0-255,1484,82000,78,241580
36336,0.00193,74.125.24.0-255,2902,84902,78,241580
36337,0.001935,172.31.40.0-255,66,84968,78,241580
36338,0.001943,74.125.24.0-255,5738,90706,78,241580
36339,0.001947,74.125.24.0-255,2902,93608,78,241580
36340,0.001974,74.125.24.0-255,2902,96510,78,241580
36341,0.001981,74.125.24.0-255,7156,103666,78,241580
36342,0.002003,74.125.24.0-255,4320,107986,78,241580
36343,0.002023,74.125.24.0-255,6438,114424,78,241580
36344,0.006242,172.31.40.0-255,66,114490,78,241580
36345,0.00832,74.125.24.0-255,5738,120228,78,241580
36346,0.008328,172.31.40.0-255,66,120294,78,241580
36347,0.010443,74.125.24.0-255,5738,126032,78,241580
36348,0.010451,172.31.40.0-255,66,126098,78,241580
36349,0.012532,74.125.24.0-255,5738,131836,78,241580
36350,0.012543,172.31.40.0-255,66,131902,78,241580
36351,0.014624,74.125.24.0-255,5738,137640,78,241580
36352,0.014635,172.31.40.0-255,66,137706,78,241580
36353,0.016699,74.125.24.0-255,5738,143444,78,241580
36354,0.016707,172.31.40.0-255,66,143510,78,241580
36355,0.018785,74.125.24.0-255,5738,149248,78,241580
36356,0.018793,172.31.40.0-255,66,149314,78,241580
36357,0.02086,74.125.24.0-255,5738,155052,78,241580
36358,0.020868,172.31.40.0-255,66,155118,78,241580
36359,0.022943,74.125.24.0-255,5738,160856,78,241580
36360,0.022949,172.31.40.0-255,66,160922,78,241580
36361,0.02352,172.31.40.0-255,172,161094,78,241580
36362,0.023547,172.31.40.0-255,1108,162202,78,241580
36363,0.023599,172.31.40.0-255,1514,163716,78,241580
36364,0.023601,172.31.40.0-255,1514,165230,78,241580
36365,0.023622,172.31.40.0-255,700,165930,78,241580
36366,0.025011,74.125.24.0-255,5738,171668,78,241580
36367,0.025018,172.31.40.0-255,66,171734,78,241580
36368,0.025058,104.244.42.0-255,66,171800,78,241580
36369,0.025152,104.244.42.0-255,66,171866,78,241580
36370,0.025157,104.244.42.0-255,66,171932,78,241580
36371,0.02516,104.244.42.0-255,66,171998,78,241580
36372,0.027083,74.125.24.0-255,5738,177736,78,241580
36373,0.02709,172.31.40.0-255,66,177802,78,241580
36374,0.029148,74.125.24.0-255,5738,183540,78,241580
36375,0.029156,172.31.40.0-255,66,183606,78,241580
36376,0.031257,74.125.24.0-255,5738,189344,78,241580
36377,0.03127,172.31.40.0-255,66,189410,78,241580
36378,0.033341,74.125.24.0-255,5738,195148,78,241580
36379,0.033349,172.31.40.0-255,66,195214,78,241580
36380,0.035473,74.125.24.0-255,5738,200952,78,241580
36381,0.035479,172.31.40.0-255,66,201018,78,241580
36382,0.037545,74.125.24.0-255,5738,206756,78,241580
36383,0.03755,172.31.40.0-255,66,206822,78,241580
36384,0.039657,74.125.24.0-255,5738,212560,78,241580
36385,0.039663,172.31.40.0-255,66,212626,78,241580
36386,0.041692,74.125.24.0-255,5738,218364,78,241580
36387,0.041703,172.31.40.0-255,66,218430,78,241580
36388,0.043768,74.125.24.0-255,5738,224168,78,241580
36389,0.043774,172.31.40.0-255,66,224234,78,241580
36390,0.045833,74.125.24.0-255,5738,229972,78,241580
36391,0.045841,172.31.40.0-255,66,230038,78,241580
36392,0.047932,74.125.24.0-255,5738,235776,78,241580
36393,0.047941,172.31.40.0-255,66,235842,78,241580
36394,0.049999,74.125.24.0-255,5738,241580,78,241580
36395,0.0,74.125.24.0-255,146,146,78,230561
36396,2.1e-05,172.31.40.0-255,66,212,78,230561
36397,2.8e-05,74.125.24.0-255,1484,1696,78,230561
36398,3.2e-05,172.31.40.0-255,66,1762,78,230561
36399,3.9e-05,74.125.24.0-255,2902,4664,78,230561
36400,4.2e-05,172.31.40.0-255,66,4730,78,230561
36401,5e-05,74.125.24.0-255,7156,11886,78,230561
36402,5.4e-05,172.31.40.0-255,66,11952,78,230561
36403,8e-05,74.125.24.0-255,2073,14025,78,230561
36404,8.4e-05,172.31.40.0-255,66,14091,78,230561
36405,0.000243,74.125.24.0-255,1484,15575,78,230561
36406,0.000247,172.31.40.0-255,66,15641,78,230561
36407,0.000253,74.125.24.0-255,2902,18543,78,230561
36408,0.000255,172.31.40.0-255,66,18609,78,230561
36409,0.000278,74.125.24.0-255,5738,24347,78,230561
36410,0.000281,172.31.40.0-255,66,24413,78,230561
36411,0.00031,74.125.24.0-255,6797,31210,78,230561
36412,0.000313,172.31.40.0-255,66,31276,78,230561
36413,0.000346,74.125.24.0-255,4320,35596,78,230561
36414,0.000348,172.31.40.0-255,66,35662,78,230561
36415,0.000376,172.31.40.0-255,66,35728,78,230561
36416,0.000391,172.31.40.0-255,66,35794,78,230561
36417,0.000395,74.125.24.0-255,3602,39396,78,230561
36418,0.000397,172.31.40.0-255,66,39462,78,230561
36419,0.000826,74.125.24.0-255,366,39828,78,230561
36420,0.00083,172.31.40.0-255,66,39894,78,230561
36421,0.000874,74.125.24.0-255,129,40023,78,230561
36422,0.000879,172.31.40.0-255,66,40089,78,230561
36423,0.001057,74.125.24.0-255,1484,41573,78,230561
36424,0.001062,172.31.40.0-255,66,41639,78,230561
36425,0.00107,74.125.24.0-255,2902,44541,78,230561
36426,0.001072,172.31.40.0-255,66,44607,78,230561
36427,0.001095,74.125.24.0-255,5738,50345,78,230561
36428,0.001098,172.31.40.0-255,66,50411,78,230561
36429,0.001103,74.125.24.0-255,5738,56149,78,230561
36430,0.001105,172.31.40.0-255,66,56215,78,230561
36431,0.001146,74.125.24.0-255,4320,60535,78,230561
36432,0.00115,172.31.40.0-255,66,60601,78,230561
36433,0.00118,172.31.40.0-255,66,60667,78,230561
36434,0.001186,74.125.24.0-255,5020,65687,78,230561
36435,0.001188,172.31.40.0-255,66,65753,78,230561
36436,0.00123,74.125.24.0-255,1484,67237,78,230561
36437,0.001243,74.125.24.0-255,2902,70139,78,230561
36438,0.001245,172.31.40.0-255,66,70205,78,230561
36439,0.001274,74.125.24.0-255,1484,71689,78,230561
36440,0.001279,74.125.24.0-255,2902,74591,78,230561
36441,0.001281,172.31.40.0-255,66,74657,78,230561
36442,0.001287,74.125.24.0-255,5738,80395,78,230561
36443,0.001289,172.31.40.0-255,66,80461,78,230561
36444,0.001303,74.125.24.0-255,2902,83363,78,230561
36445,0.001306,172.31.40.0-255,66,83429,78,230561
36446,0.001327,172.31.40.0-255,66,83495,78,230561
36447,0.001332,74.125.24.0-255,2902,86397,78,230561
36448,0.001334,172.31.40.0-255,66,86463,78,230561
36449,0.00135,74.125.24.0-255,1484,87947,78,230561
36450,0.001382,74.125.24.0-255,2902,90849,78,230561
36451,0.001385,172.31.40.0-255,66,90915,78,230561
36452,0.001417,172.31.40.0-255,66,90981,78,230561
36453,0.001423,74.125.24.0-255,5738,96719,78,230561
36454,0.001425,172.31.40.0-255,66,96785,78,230561
36455,0.001447,172.31.40.0-255,66,96851,78,230561
36456,0.001463,74.125.24.0-255,1484,98335,78,230561
36457,0.001474,74.125.24.0-255,766,99101,78,230561
36458,0.001476,172.31.40.0-255,66,99167,78,230561
36459,0.001572,74.125.24.0-255,1484,100651,78,230561
36460,0.001587,74.125.24.0-255,2902,103553,78,230561
36461,0.00159,172.31.40.0-255,66,103619,78,230561
36462,0.001596,74.125.24.0-255,5738,109357,78,230561
36463,0.001598,172.31.40.0-255,66,109423,78,230561
36464,0.001629,74.125.24.0-255,1484,110907,78,230561
36465,0.001656,172.31.40.0-255,66,110973,78,230561
36466,0.001665,172.31.40.0-255,66,111039,78,230561
36467,0.001687,74.125.24.0-255,2184,113223,78,230561
36468,0.001689,172.31.40.0-255,66,113289,78,230561
36469,0.001852,74.125.24.0-255,1484,114773,78,230561
36470,0.001874,74.125.24.0-255,2902,117675,78,230561
36471,0.001878,172.31.40.0-255,66,117741,78,230561
36472,0.001885,74.125.24.0-255,5738,123479,78,230561
36473,0.001887,172.31.40.0-255,66,123545,78,230561
36474,0.001893,74.125.24.0-255,7156,130701,78,230561
36475,0.001895,172.31.40.0-255,66,130767,78,230561
36476,0.001929,74.125.24.0-255,1484,132251,78,230561
36477,0.001947,74.125.24.0-255,5738,137989,78,230561
36478,0.001949,172.31.40.0-255,66,138055,78,230561
36479,0.00197,74.125.24.0-255,7156,145211,78,230561
36480,0.001972,172.31.40.0-255,66,145277,78,230561
36481,0.001975,74.125.24.0-255,1484,146761,78,230561
36482,0.002018,172.31.40.0-255,66,146827,78,230561
36483,0.002029,172.31.40.0-255,66,146893,78,230561
36484,0.002043,74.125.24.0-255,5020,151913,78,230561
36485,0.002045,172.31.40.0-255,66,151979,78,230561
36486,0.002048,74.125.24.0-255,1484,153463,78,230561
36487,0.002072,74.125.24.0-255,4320,157783,78,230561
36488,0.002074,172.31.40.0-255,66,157849,78,230561
36489,0.002088,74.125.24.0-255,2902,160751,78,230561
36490,0.002089,172.31.40.0-255,66,160817,78,230561
36491,0.002111,172.31.40.0-255,66,160883,78,230561
36492,0.002115,74.125.24.0-255,2902,163785,78,230561
36493,0.002117,172.31.40.0-255,66,163851,78,230561
36494,0.002153,172.31.40.0-255,66,163917,78,230561
36495,0.002159,74.125.24.0-255,6438,170355,78,230561
36496,0.002161,172.31.40.0-255,66,170421,78,230561
36497,0.002165,74.125.24.0-255,4320,174741,78,230561
36498,0.002167,172.31.40.0-255,66,174807,78,230561
36499,0.00219,74.125.24.0-255,2902,177709,78,230561
36500,0.002193,172.31.40.0-255,66,177775,78,230561
36501,0.002199,74.125.24.0-255,7156,184931,78,230561
36502,0.002201,172.31.40.0-255,66,184997,78,230561
36503,0.002219,172.31.40.0-255,66,185063,78,230561
36504,0.002237,74.125.24.0-255,5738,190801,78,230561
36505,0.00224,172.31.40.0-255,66,190867,78,230561
36506,0.002268,172.31.40.0-255,66,190933,78,230561
36507,0.002277,172.31.40.0-255,66,190999,78,230561
36508,0.002328,74.125.24.0-255,4320,195319,78,230561
36509,0.00233,172.31.40.0-255,66,195385,78,230561
36510,0.00235,172.31.40.0-255,66,195451,78,230561
36511,0.002354,74.125.24.0-255,2902,198353,78,230561
36512,0.002356,172.31.40.0-255,66,198419,78,230561
36513,0.004612,74.125.24.0-255,5738,204157,78,230561
36514,0.004616,172.31.40.0-255,66,204223,78,230561
36515,0.006908,74.125.24.0-255,5738,209961,78,230561
36516,0.006915,172.31.40.0-255,66,210027,78,230561
36517,0.009197,74.125.24.0-255,5738,215765,78,230561
36518,0.009203,172.31.40.0-255,66,215831,78,230561
36519,0.011483,74.125.24.0-255,5738,221569,78,230561
36520,0.011489,172.31.40.0-255,66,221635,78,230561
36521,0.013768,74.125.24.0-255,1520,223155,78,230561
36522,0.013775,172.31.40.0-255,66,223221,78,230561
36523,0.01607,172.31.40.0-255,105,223326,78,230561
36524,0.018321,74.125.24.0-255,66,223392,78,230561
36525,0.030667,172.31.40.0-255,172,223564,78,230561
36526,0.030696,172.31.40.0-255,1108,224672,78,230561
36527,0.030748,172.31.40.0-255,1514,226186,78,230561
36528,0.03075,172.31.40.0-255,1514,227700,78,230561
36529,0.030753,172.31.40.0-255,1514,229214,78,230561
36530,0.030754,172.31.40.0-255,1083,230297,78,230561
36531,0.032197,104.244.42.0-255,66,230363,78,230561
36532,0.032222,104.244.42.0-255,66,230429,78,230561
36533,0.032322,104.244.42.0-255,66,230495,78,230561
36534,0.032326,104.244.42.0-255,66,230561,78,230561
36535,0.0,172.217.194.0-255,146,146,78,161429
36536,2.2e-05,172.31.40.0-255,66,212,78,161429
36537,2.9e-05,172.217.194.0-255,1484,1696,78,161429
36538,3.4e-05,172.31.40.0-255,66,1762,78,161429
36539,4.7e-05,172.217.194.0-255,2902,4664,78,161429
36540,5e-05,172.31.40.0-255,66,4730,78,161429
36541,5.5e-05,172.217.194.0-255,2902,7632,78,161429
36542,5.8e-05,172.31.40.0-255,66,7698,78,161429
36543,9.3e-05,172.217.194.0-255,2902,10600,78,161429
36544,9.6e-05,172.31.40.0-255,66,10666,78,161429
36545,0.000126,172.217.194.0-255,3520,14186,78,161429
36546,0.000129,172.31.40.0-255,66,14252,78,161429
36547,0.000136,172.217.194.0-255,7156,21408,78,161429
36548,0.000139,172.31.40.0-255,66,21474,78,161429
36549,0.000155,172.31.40.0-255,66,21540,78,161429
36550,0.000194,172.217.194.0-255,7156,28696,78,161429
36551,0.000197,172.31.40.0-255,66,28762,78,161429
36552,0.000231,172.31.40.0-255,66,28828,78,161429
36553,0.000406,172.217.194.0-255,1484,30312,78,161429
36554,0.000411,172.31.40.0-255,66,30378,78,161429
36555,0.000417,172.217.194.0-255,2902,33280,78,161429
36556,0.00042,172.31.40.0-255,66,33346,78,161429
36557,0.000423,172.217.194.0-255,1484,34830,78,161429
36558,0.000429,172.31.40.0-255,66,34896,78,161429
36559,0.000454,172.217.194.0-255,1484,36380,78,161429
36560,0.000457,172.31.40.0-255,66,36446,78,161429
36561,0.00047,172.217.194.0-255,7156,43602,78,161429
36562,0.000472,172.31.40.0-255,66,43668,78,161429
36563,0.000499,172.217.194.0-255,2543,46211,78,161429
36564,0.000501,172.31.40.0-255,66,46277,78,161429
36565,0.000523,172.217.194.0-255,2902,49179,78,161429
36566,0.000526,172.31.40.0-255,66,49245,78,161429
36567,0.000551,172.217.194.0-255,2902,52147,78,161429
36568,0.000554,172.31.40.0-255,66,52213,78,161429
36569,0.000562,172.217.194.0-255,7156,59369,78,161429
36570,0.000564,172.31.40.0-255,66,59435,78,161429
36571,0.000589,172.217.194.0-255,2902,62337,78,161429
36572,0.000591,172.31.40.0-255,66,62403,78,161429
36573,0.000625,172.31.40.0-255,66,62469,78,161429
36574,0.000661,172.31.40.0-255,66,62535,78,161429
36575,0.000666,172.217.194.0-255,4320,66855,78,161429
36576,0.000668,172.31.40.0-255,66,66921,78,161429
36577,0.000686,172.217.194.0-255,5738,72659,78,161429
36578,0.00069,172.31.40.0-255,66,72725,78,161429
36579,0.000697,172.217.194.0-255,6248,78973,78,161429
36580,0.000699,172.31.40.0-255,66,79039,78,161429
36581,0.000979,172.217.194.0-255,1484,80523,78,161429
36582,0.000987,172.217.194.0-255,2902,83425,78,161429
36583,0.00099,172.31.40.0-255,66,83491,78,161429
36584,0.000998,172.217.194.0-255,5738,89229,78,161429
36585,0.001,172.31.40.0-255,66,89295,78,161429
36586,0.001039,172.31.40.0-255,66,89361,78,161429
36587,0.001104,172.31.40.0-255,66,89427,78,161429
36588,0.001292,172.217.194.0-255,1484,90911,78,161429
36589,0.001297,172.217.194.0-255,2902,93813,78,161429
36590,0.001301,172.31.40.0-255,66,93879,78,161429
36591,0.001308,172.217.194.0-255,5738,99617,78,161429
36592,0.00131,172.31.40.0-255,66,99683,78,161429
36593,0.001326,172.217.194.0-255,1484,101167,78,161429
36594,0.001366,172.31.40.0-255,66,101233,78,161429
36595,0.001383,172.31.40.0-255,66,101299,78,161429
36596,0.001481,172.217.194.0-255,1484,102783,78,161429
36597,0.001487,172.217.194.0-255,2902,105685,78,161429
36598,0.00149,172.31.40.0-255,66,105751,78,161429
36599,0.001495,172.217.194.0-255,2902,108653,78,161429
36600,0.001497,172.31.40.0-255,66,108719,78,161429
36601,0.001539,172.217.194.0-255,2902,111621,78,161429
36602,0.001542,172.31.40.0-255,66,111687,78,161429
36603,0.001561,172.31.40.0-255,66,111753,78,161429
36604,0.001574,172.31.40.0-255,66,111819,78,161429
36605,0.0017,172.217.194.0-255,1484,113303,78,161429
36606,0.001705,172.217.194.0-255,2902,116205,78,161429
36607,0.001709,172.31.40.0-255,66,116271,78,161429
36608,0.001738,172.217.194.0-255,2902,119173,78,161429
36609,0.001743,172.217.194.0-255,4320,123493,78,161429
36610,0.001749,172.217.194.0-255,4320,127813,78,161429
36611,0.001754,172.31.40.0-255,66,127879,78,161429
36612,0.001757,172.31.40.0-255,66,127945,78,161429
36613,0.001764,172.31.40.0-255,66,128011,78,161429
36614,0.001775,172.217.194.0-255,4320,132331,78,161429
36615,0.001778,172.31.40.0-255,66,132397,78,161429
36616,0.001791,172.31.40.0-255,66,132463,78,161429
36617,0.00182,172.217.194.0-255,2184,134647,78,161429
36618,0.001823,172.31.40.0-255,66,134713,78,161429
36619,0.00187,172.217.194.0-255,1484,136197,78,161429
36620,0.001875,172.217.194.0-255,2902,139099,78,161429
36621,0.001878,172.31.40.0-255,66,139165,78,161429
36622,0.001883,172.217.194.0-255,2902,142067,78,161429
36623,0.001885,172.31.40.0-255,66,142133,78,161429
36624,0.001914,172.217.194.0-255,2902,145035,78,161429
36625,0.001916,172.31.40.0-255,66,145101,78,161429
36626,0.001935,172.31.40.0-255,66,145167,78,161429
36627,0.001946,172.31.40.0-255,66,145233,78,161429
36628,0.001986,172.217.194.0-255,2902,148135,78,161429
36629,0.001989,172.31.40.0-255,66,148201,78,161429
36630,0.002035,172.31.40.0-255,66,148267,78,161429
36631,0.002039,172.217.194.0-255,1484,149751,78,161429
36632,0.00208,172.31.40.0-255,66,149817,78,161429
36633,0.002149,172.31.40.0-255,66,149883,78,161429
36634,0.00217,172.217.194.0-255,1484,151367,78,161429
36635,0.002183,172.31.40.0-255,66,151433,78,161429
36636,0.002207,172.31.40.0-255,66,151499,78,161429
36637,0.002219,172.31.40.0-255,66,151565,78,161429
36638,0.002254,172.217.194.0-255,5165,156730,78,161429
36639,0.002257,172.31.40.0-255,66,156796,78,161429
36640,0.00226,172.217.194.0-255,105,156901,78,161429
36641,0.015999,172.31.40.0-255,66,156967,78,161429
36642,0.016045,172.31.40.0-255,105,157072,78,161429
36643,0.01828,172.217.194.0-255,66,157138,78,161429
36644,0.046147,172.31.40.0-255,172,157310,78,161429
36645,0.046178,172.31.40.0-255,1109,158419,78,161429
36646,0.046236,172.31.40.0-255,1514,159933,78,161429
36647,0.046238,172.31.40.0-255,1298,161231,78,161429
36648,0.047722,104.244.42.0-255,66,161297,78,161429
36649,0.047746,104.244.42.0-255,66,161363,78,161429
36650,0.047802,104.244.42.0-255,66,161429,78,161429
36651,0.0,74.125.68.0-255,153,153,78,293708
36652,2.7e-05,172.31.40.0-255,66,219,78,293708
36653,3.3e-05,74.125.68.0-255,1484,1703,78,293708
36654,3.9e-05,172.31.40.0-255,66,1769,78,293708
36655,4.4e-05,74.125.68.0-255,2902,4671,78,293708
36656,4.7e-05,172.31.40.0-255,66,4737,78,293708
36657,6.9e-05,74.125.68.0-255,4320,9057,78,293708
36658,7.3e-05,172.31.40.0-255,66,9123,78,293708
36659,9.5e-05,74.125.68.0-255,2902,12025,78,293708
36660,9.8e-05,172.31.40.0-255,66,12091,78,293708
36661,0.000116,74.125.68.0-255,2005,14096,78,293708
36662,0.000119,172.31.40.0-255,66,14162,78,293708
36663,0.000207,74.125.68.0-255,1484,15646,78,293708
36664,0.000211,172.31.40.0-255,66,15712,78,293708
36665,0.000217,74.125.68.0-255,2902,18614,78,293708
36666,0.000219,172.31.40.0-255,66,18680,78,293708
36667,0.000244,74.125.68.0-255,5738,24418,78,293708
36668,0.000246,172.31.40.0-255,66,24484,78,293708
36669,0.00025,74.125.68.0-255,2902,27386,78,293708
36670,0.000252,172.31.40.0-255,66,27452,78,293708
36671,0.000267,74.125.68.0-255,2902,30354,78,293708
36672,0.00027,172.31.40.0-255,66,30420,78,293708
36673,0.000285,74.125.68.0-255,1125,31545,78,293708
36674,0.000289,172.31.40.0-255,66,31611,78,293708
36675,0.0003,74.125.68.0-255,2902,34513,78,293708
36676,0.000303,172.31.40.0-255,66,34579,78,293708
36677,0.000325,74.125.68.0-255,4320,38899,78,293708
36678,0.000329,172.31.40.0-255,66,38965,78,293708
36679,0.000352,172.31.40.0-255,66,39031,78,293708
36680,0.000354,74.125.68.0-255,1125,40156,78,293708
36681,0.000357,172.31.40.0-255,66,40222,78,293708
36682,0.000418,74.125.68.0-255,1484,41706,78,293708
36683,0.000422,74.125.68.0-255,1484,43190,78,293708
36684,0.000433,74.125.68.0-255,1484,44674,78,293708
36685,0.000436,172.31.40.0-255,66,44740,78,293708
36686,0.000446,74.125.68.0-255,5738,50478,78,293708
36687,0.000451,74.125.68.0-255,2902,53380,78,293708
36688,0.000452,172.31.40.0-255,66,53446,78,293708
36689,0.000457,172.31.40.0-255,66,53512,78,293708
36690,0.000506,74.125.68.0-255,4306,57818,78,293708
36691,0.000511,172.31.40.0-255,66,57884,78,293708
36692,0.000578,74.125.68.0-255,1484,59368,78,293708
36693,0.000597,74.125.68.0-255,2902,62270,78,293708
36694,0.0006,74.125.68.0-255,1484,63754,78,293708
36695,0.000602,172.31.40.0-255,66,63820,78,293708
36696,0.000612,74.125.68.0-255,4320,68140,78,293708
36697,0.000617,172.31.40.0-255,66,68206,78,293708
36698,0.000626,74.125.68.0-255,4320,72526,78,293708
36699,0.000631,172.31.40.0-255,66,72592,78,293708
36700,0.00064,74.125.68.0-255,2543,75135,78,293708
36701,0.000647,172.31.40.0-255,66,75201,78,293708
36702,0.000666,74.125.68.0-255,4320,79521,78,293708
36703,0.000673,172.31.40.0-255,66,79587,78,293708
36704,0.000686,74.125.68.0-255,4320,83907,78,293708
36705,0.00069,172.31.40.0-255,66,83973,78,293708
36706,0.000708,74.125.68.0-255,2902,86875,78,293708
36707,0.000712,172.31.40.0-255,66,86941,78,293708
36708,0.000725,74.125.68.0-255,5379,92320,78,293708
36709,0.000728,172.31.40.0-255,66,92386,78,293708
36710,0.000871,74.125.68.0-255,1484,93870,78,293708
36711,0.000885,74.125.68.0-255,2902,96772,78,293708
36712,0.000896,172.31.40.0-255,66,96838,78,293708
36713,0.000905,74.125.68.0-255,4320,101158,78,293708
36714,0.000908,172.31.40.0-255,66,101224,78,293708
36715,0.000917,74.125.68.0-255,1484,102708,78,293708
36716,0.000921,74.125.68.0-255,2902,105610,78,293708
36717,0.000931,172.31.40.0-255,66,105676,78,293708
36718,0.000944,74.125.68.0-255,4320,109996,78,293708
36719,0.000951,74.125.68.0-255,7156,117152,78,293708
36720,0.000957,172.31.40.0-255,66,117218,78,293708
36721,0.000974,74.125.68.0-255,1484,118702,78,293708
36722,0.00098,74.125.68.0-255,4320,123022,78,293708
36723,0.000993,172.31.40.0-255,66,123088,78,293708
36724,0.001013,74.125.68.0-255,3602,126690,78,293708
36725,0.001018,172.31.40.0-255,66,126756,78,293708
36726,0.001062,74.125.68.0-255,1484,128240,78,293708
36727,0.001078,74.125.68.0-255,1484,129724,78,293708
36728,0.001083,74.125.68.0-255,4320,134044,78,293708
36729,0.001088,172.31.40.0-255,66,134110,78,293708
36730,0.001136,74.125.68.0-255,1484,135594,78,293708
36731,0.001137,172.31.40.0-255,66,135660,78,293708
36732,0.001165,74.125.68.0-255,2902,138562,78,293708
36733,0.001175,172.31.40.0-255,66,138628,78,293708
36734,0.001188,172.31.40.0-255,66,138694,78,293708
36735,0.001225,74.125.68.0-255,5020,143714,78,293708
36736,0.001239,172.31.40.0-255,66,143780,78,293708
36737,0.001284,74.125.68.0-255,1484,145264,78,293708
36738,0.001297,74.125.68.0-255,1484,146748,78,293708
36739,0.001301,172.31.40.0-255,66,146814,78,293708
36740,0.001316,74.125.68.0-255,1484,148298,78,293708
36741,0.001319,74.125.68.0-255,1484,149782,78,293708
36742,0.001323,172.31.40.0-255,66,149848,78,293708
36743,0.001344,74.125.68.0-255,4320,154168,78,293708
36744,0.001348,172.31.40.0-255,66,154234,78,293708
36745,0.001349,74.125.68.0-255,2902,157136,78,293708
36746,0.001352,172.31.40.0-255,66,157202,78,293708
36747,0.001369,74.125.68.0-255,4320,161522,78,293708
36748,0.001376,172.31.40.0-255,66,161588,78,293708
36749,0.00138,172.31.40.0-255,66,161654,78,293708
36750,0.001429,74.125.68.0-255,4320,165974,78,293708
36751,0.001438,172.31.40.0-255,66,166040,78,293708
36752,0.001441,74.125.68.0-255,3602,169642,78,293708
36753,0.001451,172.31.40.0-255,66,169708,78,293708
36754,0.001455,74.125.68.0-255,332,170040,78,293708
36755,0.001853,172.31.40.0-255,66,170106,78,293708
36756,0.002249,74.125.68.0-255,1484,171590,78,293708
36757,0.002257,74.125.68.0-255,1484,173074,78,293708
36758,0.002269,74.125.68.0-255,1484,174558,78,293708
36759,0.002288,74.125.68.0-255,4320,178878,78,293708
36760,0.002304,74.125.68.0-255,1484,180362,78,293708
36761,0.002326,74.125.68.0-255,1484,181846,78,293708
36762,0.002343,74.125.68.0-255,5738,187584,78,293708
36763,0.002385,74.125.68.0-255,5738,193322,78,293708
36764,0.002396,74.125.68.0-255,2184,195506,78,293708
36765,0.007225,172.31.40.0-255,66,195572,78,293708
36766,0.009723,74.125.68.0-255,5738,201310,78,293708
36767,0.009732,172.31.40.0-255,66,201376,78,293708
36768,0.012235,74.125.68.0-255,5738,207114,78,293708
36769,0.012242,172.31.40.0-255,66,207180,78,293708
36770,0.014774,74.125.68.0-255,5738,212918,78,293708
36771,0.014784,172.31.40.0-255,66,212984,78,293708
36772,0.017293,74.125.68.0-255,5738,218722,78,293708
36773,0.019605,172.31.40.0-255,66,218788,78,293708
36774,0.022128,74.125.68.0-255,5738,224526,78,293708
36775,0.022147,172.31.40.0-255,66,224592,78,293708
36776,0.024649,74.125.68.0-255,5738,230330,78,293708
36777,0.024661,172.31.40.0-255,66,230396,78,293708
36778,0.027154,74.125.68.0-255,5738,236134,78,293708
36779,0.027161,172.31.40.0-255,66,236200,78,293708
36780,0.02973,74.125.68.0-255,5738,241938,78,293708
36781,0.029752,172.31.40.0-255,66,242004,78,293708
36782,0.032249,74.125.68.0-255,5738,247742,78,293708
36783,0.032256,172.31.40.0-255,66,247808,78,293708
36784,0.034783,74.125.68.0-255,5738,253546,78,293708
36785,0.034803,172.31.40.0-255,66,253612,78,293708
36786,0.037301,74.125.68.0-255,5738,259350,78,293708
36787,0.037309,172.31.40.0-255,66,259416,78,293708
36788,0.0398,74.125.68.0-255,5738,265154,78,293708
36789,0.039807,172.31.40.0-255,66,265220,78,293708
36790,0.040812,172.31.40.0-255,172,265392,78,293708
36791,0.04084,172.31.40.0-255,1108,266500,78,293708
36792,0.040882,172.31.40.0-255,1514,268014,78,293708
36793,0.040883,172.31.40.0-255,1514,269528,78,293708
36794,0.040908,172.31.40.0-255,700,270228,78,293708
36795,0.042322,74.125.68.0-255,5738,275966,78,293708
36796,0.042336,172.31.40.0-255,66,276032,78,293708
36797,0.042375,104.244.42.0-255,66,276098,78,293708
36798,0.042387,104.244.42.0-255,66,276164,78,293708
36799,0.042422,104.244.42.0-255,66,276230,78,293708
36800,0.042447,104.244.42.0-255,66,276296,78,293708
36801,0.044866,74.125.68.0-255,5738,282034,78,293708
36802,0.044885,172.31.40.0-255,66,282100,78,293708
36803,0.0474,74.125.68.0-255,5738,287838,78,293708
36804,0.047421,172.31.40.0-255,66,287904,78,293708
36805,0.049948,74.125.68.0-255,5738,293642,78,293708
36806,0.049969,172.31.40.0-255,66,293708,78,293708
36807,0.0,172.217.194.0-255,301,301,78,193141
36808,2.4e-05,172.31.40.0-255,66,367,78,193141
36809,3e-05,172.217.194.0-255,1484,1851,78,193141
36810,3.5e-05,172.31.40.0-255,66,1917,78,193141
36811,4.2e-05,172.217.194.0-255,4320,6237,78,193141
36812,4.4e-05,172.31.40.0-255,66,6303,78,193141
36813,5.5e-05,172.31.40.0-255,66,6369,78,193141
36814,8.2e-05,172.217.194.0-255,2902,9271,78,193141
36815,8.6e-05,172.31.40.0-255,66,9337,78,193141
36816,0.000115,172.217.194.0-255,5738,15075,78,193141
36817,0.000118,172.31.40.0-255,66,15141,78,193141
36818,0.000132,172.31.40.0-255,66,15207,78,193141
36819,0.000137,172.217.194.0-255,4320,19527,78,193141
36820,0.000139,172.31.40.0-255,66,19593,78,193141
36821,0.000176,172.31.40.0-255,66,19659,78,193141
36822,0.000183,172.217.194.0-255,5738,25397,78,193141
36823,0.000185,172.31.40.0-255,66,25463,78,193141
36824,0.000208,172.217.194.0-255,7156,32619,78,193141
36825,0.000211,172.31.40.0-255,66,32685,78,193141
36826,0.000216,172.217.194.0-255,4213,36898,78,193141
36827,0.000218,172.31.40.0-255,66,36964,78,193141
36828,0.000402,172.217.194.0-255,115,37079,78,193141
36829,0.000408,172.31.40.0-255,66,37145,78,193141
36830,0.000445,172.217.194.0-255,1484,38629,78,193141
36831,0.000448,172.31.40.0-255,66,38695,78,193141
36832,0.000469,172.217.194.0-255,2902,41597,78,193141
36833,0.000471,172.31.40.0-255,66,41663,78,193141
36834,0.000485,172.217.194.0-255,1484,43147,78,193141
36835,0.000487,172.31.40.0-255,66,43213,78,193141
36836,0.000513,172.217.194.0-255,5738,48951,78,193141
36837,0.000516,172.31.40.0-255,66,49017,78,193141
36838,0.000522,172.217.194.0-255,5738,54755,78,193141
36839,0.000525,172.31.40.0-255,66,54821,78,193141
36840,0.000557,172.31.40.0-255,66,54887,78,193141
36841,0.000564,172.217.194.0-255,6757,61644,78,193141
36842,0.000566,172.31.40.0-255,66,61710,78,193141
36843,0.000596,172.217.194.0-255,1484,63194,78,193141
36844,0.000619,172.217.194.0-255,2902,66096,78,193141
36845,0.000622,172.31.40.0-255,66,66162,78,193141
36846,0.000629,172.217.194.0-255,5738,71900,78,193141
36847,0.000631,172.31.40.0-255,66,71966,78,193141
36848,0.000635,172.217.194.0-255,1484,73450,78,193141
36849,0.000652,172.217.194.0-255,7156,80606,78,193141
36850,0.000655,172.31.40.0-255,66,80672,78,193141
36851,0.000693,172.217.194.0-255,4320,84992,78,193141
36852,0.000696,172.31.40.0-255,66,85058,78,193141
36853,0.000728,172.31.40.0-255,66,85124,78,193141
36854,0.000923,172.217.194.0-255,1484,86608,78,193141
36855,0.000928,172.217.194.0-255,2902,89510,78,193141
36856,0.000934,172.31.40.0-255,66,89576,78,193141
36857,0.000959,172.217.194.0-255,5738,95314,78,193141
36858,0.000961,172.31.40.0-255,66,95380,78,193141
36859,0.000966,172.217.194.0-255,2902,98282,78,193141
36860,0.000968,172.31.40.0-255,66,98348,78,193141
36861,0.000992,172.31.40.0-255,66,98414,78,193141
36862,0.000998,172.217.194.0-255,4320,102734,78,193141
36863,0.001001,172.31.40.0-255,66,102800,78,193141
36864,0.001018,172.217.194.0-255,5738,108538,78,193141
36865,0.001021,172.31.40.0-255,66,108604,78,193141
36866,0.001023,172.217.194.0-255,766,109370,78,193141
36867,0.001174,172.217.194.0-255,1484,110854,78,193141
36868,0.001179,172.31.40.0-255,66,110920,78,193141
36869,0.001185,172.217.194.0-255,2902,113822,78,193141
36870,0.001187,172.31.40.0-255,66,113888,78,193141
36871,0.001203,172.217.194.0-255,5738,119626,78,193141
36872,0.001205,172.31.40.0-255,66,119692,78,193141
36873,0.001209,172.217.194.0-255,1484,121176,78,193141
36874,0.001212,172.217.194.0-255,1484,122660,78,193141
36875,0.001213,172.31.40.0-255,66,122726,78,193141
36876,0.001244,172.31.40.0-255,66,122792,78,193141
36877,0.001279,172.31.40.0-255,66,122858,78,193141
36878,0.001726,172.217.194.0-255,1484,124342,78,193141
36879,0.001732,172.217.194.0-255,1484,125826,78,193141
36880,0.001735,172.31.40.0-255,66,125892,78,193141
36881,0.001757,172.217.194.0-255,1484,127376,78,193141
36882,0.001764,172.217.194.0-255,5738,133114,78,193141
36883,0.001766,172.31.40.0-255,66,133180,78,193141
36884,0.001772,172.217.194.0-255,5738,138918,78,193141
36885,0.001774,172.31.40.0-255,66,138984,78,193141
36886,0.0018,172.31.40.0-255,66,139050,78,193141
36887,0.001823,172.217.194.0-255,766,139816,78,193141
36888,0.001827,172.31.40.0-255,66,139882,78,193141
36889,0.001873,172.217.194.0-255,1484,141366,78,193141
36890,0.001876,172.31.40.0-255,66,141432,78,193141
36891,0.001901,172.217.194.0-255,2902,144334,78,193141
36892,0.001904,172.31.40.0-255,66,144400,78,193141
36893,0.001911,172.217.194.0-255,5738,150138,78,193141
36894,0.001913,172.31.40.0-255,66,150204,78,193141
36895,0.001929,172.31.40.0-255,66,150270,78,193141
36896,0.00195,172.217.194.0-255,1484,151754,78,193141
36897,0.001969,172.217.194.0-255,5738,157492,78,193141
36898,0.001973,172.31.40.0-255,66,157558,78,193141
36899,0.002003,172.217.194.0-255,1484,159042,78,193141
36900,0.002012,172.31.40.0-255,66,159108,78,193141
36901,0.00204,172.31.40.0-255,66,159174,78,193141
36902,0.002052,172.31.40.0-255,66,159240,78,193141
36903,0.002072,172.217.194.0-255,1484,160724,78,193141
36904,0.002083,172.31.40.0-255,66,160790,78,193141
36905,0.00213,172.217.194.0-255,1484,162274,78,193141
36906,0.002135,172.217.194.0-255,2902,165176,78,193141
36907,0.002138,172.31.40.0-255,66,165242,78,193141
36908,0.002156,172.217.194.0-255,5738,170980,78,193141
36909,0.002159,172.31.40.0-255,66,171046,78,193141
36910,0.002204,172.31.40.0-255,66,171112,78,193141
36911,0.002207,172.217.194.0-255,1484,172596,78,193141
36912,0.002235,172.31.40.0-255,66,172662,78,193141
36913,0.002238,172.217.194.0-255,1484,174146,78,193141
36914,0.002263,172.217.194.0-255,7156,181302,78,193141
36915,0.002266,172.31.40.0-255,66,181368,78,193141
36916,0.002278,172.31.40.0-255,66,181434,78,193141
36917,0.002319,172.31.40.0-255,66,181500,78,193141
36918,0.002333,172.217.194.0-255,2184,183684,78,193141
36919,0.002337,172.31.40.0-255,66,183750,78,193141
36920,0.002351,172.31.40.0-255,66,183816,78,193141
36921,0.004645,172.217.194.0-255,5738,189554,78,193141
36922,0.004652,172.31.40.0-255,66,189620,78,193141
36923,0.006961,172.217.194.0-255,3284,192904,78,193141
36924,0.006968,172.31.40.0-255,66,192970,78,193141
36925,0.009777,172.31.40.0-255,105,193075,78,193141
36926,0.012084,172.217.194.0-255,66,193141,78,193141
36927,0.0,74.125.200.0-255,159,159,78,303000
36928,2.3e-05,172.31.40.0-255,66,225,78,303000
36929,3.1e-05,74.125.200.0-255,1484,1709,78,303000
36930,3.5e-05,172.31.40.0-255,66,1775,78,303000
36931,4.1e-05,74.125.200.0-255,2902,4677,78,303000
36932,4.4e-05,172.31.40.0-255,66,4743,78,303000
36933,4.8e-05,74.125.200.0-255,2902,7645,78,303000
36934,5e-05,172.31.40.0-255,66,7711,78,303000
36935,5.6e-05,74.125.200.0-255,4320,12031,78,303000
36936,6e-05,172.31.40.0-255,66,12097,78,303000
36937,0.000103,172.31.40.0-255,66,12163,78,303000
36938,0.000109,74.125.200.0-255,4320,16483,78,303000
36939,0.000112,172.31.40.0-255,66,16549,78,303000
36940,0.000125,74.125.200.0-255,1484,18033,78,303000
36941,0.000127,172.31.40.0-255,66,18099,78,303000
36942,0.000146,74.125.200.0-255,3961,22060,78,303000
36943,0.000149,172.31.40.0-255,66,22126,78,303000
36944,0.000206,74.125.200.0-255,1484,23610,78,303000
36945,0.000209,172.31.40.0-255,66,23676,78,303000
36946,0.000248,74.125.200.0-255,2902,26578,78,303000
36947,0.000251,172.31.40.0-255,66,26644,78,303000
36948,0.000255,74.125.200.0-255,2902,29546,78,303000
36949,0.000257,172.31.40.0-255,66,29612,78,303000
36950,0.000262,74.125.200.0-255,4320,33932,78,303000
36951,0.000265,172.31.40.0-255,66,33998,78,303000
36952,0.000295,172.31.40.0-255,66,34064,78,303000
36953,0.000352,172.31.40.0-255,66,34130,78,303000
36954,0.00038,74.125.200.0-255,2821,36951,78,303000
36955,0.000382,172.31.40.0-255,66,37017,78,303000
36956,0.000415,74.125.200.0-255,132,37149,78,303000
36957,0.000466,74.125.200.0-255,1484,38633,78,303000
36958,0.000469,172.31.40.0-255,66,38699,78,303000
36959,0.0005,74.125.200.0-255,1484,40183,78,303000
36960,0.000506,74.125.200.0-255,2902,43085,78,303000
36961,0.000508,172.31.40.0-255,66,43151,78,303000
36962,0.000515,74.125.200.0-255,5738,48889,78,303000
36963,0.000517,172.31.40.0-255,66,48955,78,303000
36964,0.00053,74.125.200.0-255,2902,51857,78,303000
36965,0.000533,172.31.40.0-255,66,51923,78,303000
36966,0.00056,172.31.40.0-255,66,51989,78,303000
36967,0.000595,74.125.200.0-255,7156,59145,78,303000
36968,0.000597,172.31.40.0-255,66,59211,78,303000
36969,0.000617,74.125.200.0-255,2461,61672,78,303000
36970,0.000619,172.31.40.0-255,66,61738,78,303000
36971,0.000843,74.125.200.0-255,1484,63222,78,303000
36972,0.000849,74.125.200.0-255,1484,64706,78,303000
36973,0.000852,172.31.40.0-255,66,64772,78,303000
36974,0.00087,74.125.200.0-255,1484,66256,78,303000
36975,0.000878,74.125.200.0-255,5738,71994,78,303000
36976,0.00088,172.31.40.0-255,66,72060,78,303000
36977,0.000883,74.125.200.0-255,1484,73544,78,303000
36978,0.000915,74.125.200.0-255,7156,80700,78,303000
36979,0.000918,172.31.40.0-255,66,80766,78,303000
36980,0.000931,172.31.40.0-255,66,80832,78,303000
36981,0.000935,74.125.200.0-255,2902,83734,78,303000
36982,0.000937,172.31.40.0-255,66,83800,78,303000
36983,0.000952,74.125.200.0-255,2184,85984,78,303000
36984,0.000954,172.31.40.0-255,66,86050,78,303000
36985,0.001023,74.125.200.0-255,1484,87534,78,303000
36986,0.001039,74.125.200.0-255,2902,90436,78,303000
36987,0.001042,172.31.40.0-255,66,90502,78,303000
36988,0.001067,74.125.200.0-255,4320,94822,78,303000
36989,0.00107,172.31.40.0-255,66,94888,78,303000
36990,0.001096,172.31.40.0-255,66,94954,78,303000
36991,0.001107,172.31.40.0-255,66,95020,78,303000
36992,0.001137,74.125.200.0-255,2902,97922,78,303000
36993,0.00114,172.31.40.0-255,66,97988,78,303000
36994,0.001163,74.125.200.0-255,5020,103008,78,303000
36995,0.001166,172.31.40.0-255,66,103074,78,303000
36996,0.001252,74.125.200.0-255,1484,104558,78,303000
36997,0.001266,74.125.200.0-255,1484,106042,78,303000
36998,0.001271,172.31.40.0-255,66,106108,78,303000
36999,0.001294,74.125.200.0-255,1484,107592,78,303000
37000,0.0013,74.125.200.0-255,5738,113330,78,303000
37001,0.001316,74.125.200.0-255,4320,117650,78,303000
37002,0.001321,172.31.40.0-255,66,117716,78,303000
37003,0.001324,172.31.40.0-255,66,117782,78,303000
37004,0.001327,172.31.40.0-255,66,117848,78,303000
37005,0.001337,74.125.200.0-255,1484,119332,78,303000
37006,0.001375,74.125.200.0-255,5020,124352,78,303000
37007,0.001378,172.31.40.0-255,66,124418,78,303000
37008,0.001702,74.125.200.0-255,1484,125902,78,303000
37009,0.001707,74.125.200.0-255,1484,127386,78,303000
37010,0.00171,172.31.40.0-255,66,127452,78,303000
37011,0.001733,74.125.200.0-255,1484,128936,78,303000
37012,0.001739,74.125.200.0-255,5738,134674,78,303000
37013,0.001742,172.31.40.0-255,66,134740,78,303000
37014,0.001755,74.125.200.0-255,2902,137642,78,303000
37015,0.001758,172.31.40.0-255,66,137708,78,303000
37016,0.001785,172.31.40.0-255,66,137774,78,303000
37017,0.00181,74.125.200.0-255,5738,143512,78,303000
37018,0.001813,172.31.40.0-255,66,143578,78,303000
37019,0.001834,74.125.200.0-255,5020,148598,78,303000
37020,0.001874,172.31.40.0-255,66,148664,78,303000
37021,0.001878,74.125.200.0-255,1484,150148,78,303000
37022,0.001882,74.125.200.0-255,2902,153050,78,303000
37023,0.001884,172.31.40.0-255,66,153116,78,303000
37024,0.001907,74.125.200.0-255,5738,158854,78,303000
37025,0.001909,172.31.40.0-255,66,158920,78,303000
37026,0.00192,74.125.200.0-255,5738,164658,78,303000
37027,0.001923,172.31.40.0-255,66,164724,78,303000
37028,0.001929,74.125.200.0-255,5738,170462,78,303000
37029,0.001931,172.31.40.0-255,66,170528,78,303000
37030,0.00195,74.125.200.0-255,1484,172012,78,303000
37031,0.001972,172.31.40.0-255,66,172078,78,303000
37032,0.001991,74.125.200.0-255,2184,174262,78,303000
37033,0.001994,172.31.40.0-255,66,174328,78,303000
37034,0.002,74.125.200.0-255,5738,180066,78,303000
37035,0.002002,172.31.40.0-255,66,180132,78,303000
37036,0.002018,74.125.200.0-255,5738,185870,78,303000
37037,0.002021,172.31.40.0-255,66,185936,78,303000
37038,0.002027,74.125.200.0-255,4320,190256,78,303000
37039,0.002029,172.31.40.0-255,66,190322,78,303000
37040,0.002051,74.125.200.0-255,7156,197478,78,303000
37041,0.002054,172.31.40.0-255,66,197544,78,303000
37042,0.004049,74.125.200.0-255,5738,203282,78,303000
37043,0.004058,172.31.40.0-255,66,203348,78,303000
37044,0.006073,74.125.200.0-255,5738,209086,78,303000
37045,0.00609,172.31.40.0-255,66,209152,78,303000
37046,0.008106,74.125.200.0-255,5738,214890,78,303000
37047,0.008122,172.31.40.0-255,66,214956,78,303000
37048,0.010124,74.125.200.0-255,5738,220694,78,303000
37049,0.010134,172.31.40.0-255,66,220760,78,303000
37050,0.012146,74.125.200.0-255,5738,226498,78,303000
37051,0.01215,172.31.40.0-255,66,226564,78,303000
37052,0.014162,74.125.200.0-255,5738,232302,78,303000
37053,0.014173,172.31.40.0-255,66,232368,78,303000
37054,0.016185,74.125.200.0-255,5738,238106,78,303000
37055,0.016199,172.31.40.0-255,66,238172,78,303000
37056,0.018214,74.125.200.0-255,5738,243910,78,303000
37057,0.018229,172.31.40.0-255,66,243976,78,303000
37058,0.020262,74.125.200.0-255,5738,249714,78,303000
37059,0.020275,172.31.40.0-255,66,249780,78,303000
37060,0.022283,74.125.200.0-255,5738,255518,78,303000
37061,0.022298,172.31.40.0-255,66,255584,78,303000
37062,0.024314,74.125.200.0-255,5738,261322,78,303000
37063,0.024327,172.31.40.0-255,66,261388,78,303000
37064,0.026337,74.125.200.0-255,5738,267126,78,303000
37065,0.026352,172.31.40.0-255,66,267192,78,303000
37066,0.028361,74.125.200.0-255,5738,272930,78,303000
37067,0.028374,172.31.40.0-255,66,272996,78,303000
37068,0.030387,74.125.200.0-255,5738,278734,78,303000
37069,0.0304,172.31.40.0-255,66,278800,78,303000
37070,0.032406,74.125.200.0-255,5738,284538,78,303000
37071,0.032417,172.31.40.0-255,66,284604,78,303000
37072,0.034417,74.125.200.0-255,5738,290342,78,303000
37073,0.034427,172.31.40.0-255,66,290408,78,303000
37074,0.036438,74.125.200.0-255,5738,296146,78,303000
37075,0.036446,172.31.40.0-255,66,296212,78,303000
37076,0.038446,74.125.200.0-255,5738,301950,78,303000
37077,0.038455,172.31.40.0-255,66,302016,78,303000
37078,0.040444,74.125.200.0-255,747,302763,78,303000
37079,0.040631,172.31.40.0-255,66,302829,78,303000
37080,0.040671,172.31.40.0-255,105,302934,78,303000
37081,0.042637,74.125.200.0-255,66,303000,78,303000
37082,0.0,74.125.24.0-255,152,152,78,276494
37083,1.6e-05,172.31.40.0-255,66,218,78,276494
37084,2.2e-05,74.125.24.0-255,1484,1702,78,276494
37085,2.5e-05,172.31.40.0-255,66,1768,78,276494
37086,3.1e-05,74.125.24.0-255,2902,4670,78,276494
37087,3.4e-05,172.31.40.0-255,66,4736,78,276494
37088,4.4e-05,74.125.24.0-255,2902,7638,78,276494
37089,4.7e-05,172.31.40.0-255,66,7704,78,276494
37090,0.0001,74.125.24.0-255,6274,13978,78,276494
37091,0.000104,172.31.40.0-255,66,14044,78,276494
37092,0.000212,74.125.24.0-255,1484,15528,78,276494
37093,0.000216,172.31.40.0-255,66,15594,78,276494
37094,0.000221,74.125.24.0-255,2902,18496,78,276494
37095,0.000223,172.31.40.0-255,66,18562,78,276494
37096,0.000252,74.125.24.0-255,5738,24300,78,276494
37097,0.000254,172.31.40.0-255,66,24366,78,276494
37098,0.000261,74.125.24.0-255,6797,31163,78,276494
37099,0.000263,172.31.40.0-255,66,31229,78,276494
37100,0.00029,74.125.24.0-255,4320,35549,78,276494
37101,0.000293,172.31.40.0-255,66,35615,78,276494
37102,0.000324,172.31.40.0-255,66,35681,78,276494
37103,0.000335,172.31.40.0-255,66,35747,78,276494
37104,0.000394,74.125.24.0-255,7156,42903,78,276494
37105,0.000397,172.31.40.0-255,66,42969,78,276494
37106,0.000425,74.125.24.0-255,2477,45446,78,276494
37107,0.000427,172.31.40.0-255,66,45512,78,276494
37108,0.000605,74.125.24.0-255,383,45895,78,276494
37109,0.000609,172.31.40.0-255,66,45961,78,276494
37110,0.000649,74.125.24.0-255,1484,47445,78,276494
37111,0.000653,172.31.40.0-255,66,47511,78,276494
37112,0.000656,74.125.24.0-255,1484,48995,78,276494
37113,0.000679,74.125.24.0-255,4320,53315,78,276494
37114,0.000684,172.31.40.0-255,66,53381,78,276494
37115,0.000713,74.125.24.0-255,5738,59119,78,276494
37116,0.000716,172.31.40.0-255,66,59185,78,276494
37117,0.000746,74.125.24.0-255,4320,63505,78,276494
37118,0.00075,172.31.40.0-255,66,63571,78,276494
37119,0.000755,74.125.24.0-255,4320,67891,78,276494
37120,0.000758,172.31.40.0-255,66,67957,78,276494
37121,0.000809,172.31.40.0-255,66,68023,78,276494
37122,0.000839,74.125.24.0-255,2184,70207,78,276494
37123,0.000845,74.125.24.0-255,5738,75945,78,276494
37124,0.000851,74.125.24.0-255,7156,83101,78,276494
37125,0.000864,172.31.40.0-255,66,83167,78,276494
37126,0.000868,172.31.40.0-255,66,83233,78,276494
37127,0.00087,172.31.40.0-255,66,83299,78,276494
37128,0.000886,172.31.40.0-255,66,83365,78,276494
37129,0.000892,74.125.24.0-255,5738,89103,78,276494
37130,0.000894,172.31.40.0-255,66,89169,78,276494
37131,0.0009,74.125.24.0-255,5738,94907,78,276494
37132,0.000903,172.31.40.0-255,66,94973,78,276494
37133,0.000906,74.125.24.0-255,766,95739,78,276494
37134,0.000962,74.125.24.0-255,1484,97223,78,276494
37135,0.000965,172.31.40.0-255,66,97289,78,276494
37136,0.000971,74.125.24.0-255,2902,100191,78,276494
37137,0.000973,172.31.40.0-255,66,100257,78,276494
37138,0.001013,74.125.24.0-255,5738,105995,78,276494
37139,0.001016,172.31.40.0-255,66,106061,78,276494
37140,0.001023,74.125.24.0-255,7156,113217,78,276494
37141,0.001026,172.31.40.0-255,66,113283,78,276494
37142,0.001051,74.125.24.0-255,5738,119021,78,276494
37143,0.001057,172.31.40.0-255,66,119087,78,276494
37144,0.001068,172.31.40.0-255,66,119153,78,276494
37145,0.001098,74.125.24.0-255,2184,121337,78,276494
37146,0.001101,172.31.40.0-255,66,121403,78,276494
37147,0.0013,74.125.24.0-255,1484,122887,78,276494
37148,0.001318,74.125.24.0-255,2902,125789,78,276494
37149,0.001321,172.31.40.0-255,66,125855,78,276494
37150,0.001355,74.125.24.0-255,5738,131593,78,276494
37151,0.001358,172.31.40.0-255,66,131659,78,276494
37152,0.00137,172.31.40.0-255,66,131725,78,276494
37153,0.001412,172.31.40.0-255,66,131791,78,276494
37154,0.00144,74.125.24.0-255,5020,136811,78,276494
37155,0.001445,172.31.40.0-255,66,136877,78,276494
37156,0.001614,74.125.24.0-255,1484,138361,78,276494
37157,0.001643,74.125.24.0-255,2902,141263,78,276494
37158,0.001646,172.31.40.0-255,66,141329,78,276494
37159,0.001653,74.125.24.0-255,5738,147067,78,276494
37160,0.001656,172.31.40.0-255,66,147133,78,276494
37161,0.001678,74.125.24.0-255,7156,154289,78,276494
37162,0.00168,172.31.40.0-255,66,154355,78,276494
37163,0.001716,74.125.24.0-255,5738,160093,78,276494
37164,0.001721,74.125.24.0-255,4320,164413,78,276494
37165,0.001725,172.31.40.0-255,66,164479,78,276494
37166,0.001727,172.31.40.0-255,66,164545,78,276494
37167,0.00175,74.125.24.0-255,5738,170283,78,276494
37168,0.001753,172.31.40.0-255,66,170349,78,276494
37169,0.001789,172.31.40.0-255,66,170415,78,276494
37170,0.001807,172.31.40.0-255,66,170481,78,276494
37171,0.001837,74.125.24.0-255,2902,173383,78,276494
37172,0.00184,172.31.40.0-255,66,173449,78,276494
37173,0.001851,172.31.40.0-255,66,173515,78,276494
37174,0.001855,74.125.24.0-255,3602,177117,78,276494
37175,0.001858,172.31.40.0-255,66,177183,78,276494
37176,0.001891,74.125.24.0-255,4320,181503,78,276494
37177,0.001894,172.31.40.0-255,66,181569,78,276494
37178,0.001925,74.125.24.0-255,5738,187307,78,276494
37179,0.001928,172.31.40.0-255,66,187373,78,276494
37180,0.001968,74.125.24.0-255,5738,193111,78,276494
37181,0.00197,172.31.40.0-255,66,193177,78,276494
37182,0.002,74.125.24.0-255,5738,198915,78,276494
37183,0.002003,172.31.40.0-255,66,198981,78,276494
37184,0.002008,74.125.24.0-255,4320,203301,78,276494
37185,0.00201,172.31.40.0-255,66,203367,78,276494
37186,0.002019,172.31.40.0-255,66,203433,78,276494
37187,0.002043,74.125.24.0-255,1484,204917,78,276494
37188,0.002061,74.125.24.0-255,2902,207819,78,276494
37189,0.002064,172.31.40.0-255,66,207885,78,276494
37190,0.002067,74.125.24.0-255,1484,209369,78,276494
37191,0.002085,74.125.24.0-255,4320,213689,78,276494
37192,0.002087,172.31.40.0-255,66,213755,78,276494
37193,0.002098,74.125.24.0-255,1484,215239,78,276494
37194,0.002125,74.125.24.0-255,7156,222395,78,276494
37195,0.002128,172.31.40.0-255,66,222461,78,276494
37196,0.002138,172.31.40.0-255,66,222527,78,276494
37197,0.002154,74.125.24.0-255,1484,224011,78,276494
37198,0.002159,74.125.24.0-255,5020,229031,78,276494
37199,0.002165,172.31.40.0-255,66,229097,78,276494
37200,0.002189,74.125.24.0-255,2902,231999,78,276494
37201,0.002191,172.31.40.0-255,66,232065,78,276494
37202,0.002219,74.125.24.0-255,2902,234967,78,276494
37203,0.002222,172.31.40.0-255,66,235033,78,276494
37204,0.002227,74.125.24.0-255,4320,239353,78,276494
37205,0.002229,172.31.40.0-255,66,239419,78,276494
37206,0.002232,74.125.24.0-255,1484,240903,78,276494
37207,0.002258,172.31.40.0-255,66,240969,78,276494
37208,0.002264,74.125.24.0-255,5738,246707,78,276494
37209,0.002266,172.31.40.0-255,66,246773,78,276494
37210,0.002288,74.125.24.0-255,2902,249675,78,276494
37211,0.002297,172.31.40.0-255,66,249741,78,276494
37212,0.002306,74.125.24.0-255,3602,253343,78,276494
37213,0.002308,172.31.40.0-255,66,253409,78,276494
37214,0.002329,74.125.24.0-255,4320,257729,78,276494
37215,0.002331,172.31.40.0-255,66,257795,78,276494
37216,0.002354,74.125.24.0-255,4320,262115,78,276494
37217,0.002356,172.31.40.0-255,66,262181,78,276494
37218,0.002378,74.125.24.0-255,4320,266501,78,276494
37219,0.00238,172.31.40.0-255,66,266567,78,276494
37220,0.002391,172.31.40.0-255,66,266633,78,276494
37221,0.002412,74.125.24.0-255,5054,271687,78,276494
37222,0.002414,172.31.40.0-255,66,271753,78,276494
37223,0.00248,74.125.24.0-255,105,271858,78,276494
37224,0.010466,172.31.40.0-255,66,271924,78,276494
37225,0.010509,172.31.40.0-255,105,272029,78,276494
37226,0.013052,74.125.24.0-255,66,272095,78,276494
37227,0.029148,172.31.40.0-255,280,272375,78,276494
37228,0.029181,172.31.40.0-255,1107,273482,78,276494
37229,0.02924,172.31.40.0-255,1514,274996,78,276494
37230,0.029242,172.31.40.0-255,1300,276296,78,276494
37231,0.030703,104.244.42.0-255,66,276362,78,276494
37232,0.030759,104.244.42.0-255,66,276428,78,276494
37233,0.030792,104.244.42.0-255,66,276494,78,276494
37234,0.0,172.217.194.0-255,153,153,78,163225
37235,1.8e-05,172.31.40.0-255,66,219,78,163225
37236,5.7e-05,172.217.194.0-255,1484,1703,78,163225
37237,6.2e-05,172.31.40.0-255,66,1769,78,163225
37238,6.8e-05,172.217.194.0-255,2902,4671,78,163225
37239,7.1e-05,172.31.40.0-255,66,4737,78,163225
37240,0.000102,172.217.194.0-255,2902,7639,78,163225
37241,0.000105,172.31.40.0-255,66,7705,78,163225
37242,0.000132,172.217.194.0-255,4320,12025,78,163225
37243,0.000135,172.31.40.0-255,66,12091,78,163225
37244,0.000161,172.217.194.0-255,2099,14190,78,163225
37245,0.000163,172.31.40.0-255,66,14256,78,163225
37246,0.000168,172.217.194.0-255,2902,17158,78,163225
37247,0.00017,172.31.40.0-255,66,17224,78,163225
37248,0.000195,172.217.194.0-255,4320,21544,78,163225
37249,0.000202,172.31.40.0-255,66,21610,78,163225
37250,0.000208,172.217.194.0-255,5738,27348,78,163225
37251,0.000211,172.31.40.0-255,66,27414,78,163225
37252,0.000213,172.217.194.0-255,1484,28898,78,163225
37253,0.000216,172.31.40.0-255,66,28964,78,163225
37254,0.000263,172.31.40.0-255,66,29030,78,163225
37255,0.000268,172.217.194.0-255,5379,34409,78,163225
37256,0.000271,172.31.40.0-255,66,34475,78,163225
37257,0.000765,172.217.194.0-255,1484,35959,78,163225
37258,0.000772,172.31.40.0-255,66,36025,78,163225
37259,0.000779,172.217.194.0-255,2902,38927,78,163225
37260,0.000781,172.31.40.0-255,66,38993,78,163225
37261,0.000785,172.217.194.0-255,1484,40477,78,163225
37262,0.000793,172.31.40.0-255,66,40543,78,163225
37263,0.000826,172.217.194.0-255,4320,44863,78,163225
37264,0.000829,172.31.40.0-255,66,44929,78,163225
37265,0.000835,172.217.194.0-255,5738,50667,78,163225
37266,0.000838,172.31.40.0-255,66,50733,78,163225
37267,0.000843,172.217.194.0-255,4320,55053,78,163225
37268,0.000845,172.31.40.0-255,66,55119,78,163225
37269,0.000888,172.31.40.0-255,66,55185,78,163225
37270,0.000903,172.31.40.0-255,66,55251,78,163225
37271,0.000911,172.217.194.0-255,7156,62407,78,163225
37272,0.000913,172.31.40.0-255,66,62473,78,163225
37273,0.000946,172.217.194.0-255,5020,67493,78,163225
37274,0.00095,172.31.40.0-255,66,67559,78,163225
37275,0.000952,172.217.194.0-255,646,68205,78,163225
37276,0.001064,172.217.194.0-255,1484,69689,78,163225
37277,0.001067,172.217.194.0-255,1484,71173,78,163225
37278,0.001071,172.31.40.0-255,66,71239,78,163225
37279,0.001099,172.217.194.0-255,1484,72723,78,163225
37280,0.001101,172.31.40.0-255,66,72789,78,163225
37281,0.001109,172.217.194.0-255,5738,78527,78,163225
37282,0.001111,172.31.40.0-255,66,78593,78,163225
37283,0.001125,172.31.40.0-255,66,78659,78,163225
37284,0.001137,172.31.40.0-255,66,78725,78,163225
37285,0.001165,172.217.194.0-255,1484,80209,78,163225
37286,0.001171,172.217.194.0-255,5020,85229,78,163225
37287,0.001173,172.31.40.0-255,66,85295,78,163225
37288,0.001945,172.217.194.0-255,1484,86779,78,163225
37289,0.001951,172.217.194.0-255,2902,89681,78,163225
37290,0.001955,172.31.40.0-255,66,89747,78,163225
37291,0.001962,172.217.194.0-255,5738,95485,78,163225
37292,0.001964,172.31.40.0-255,66,95551,78,163225
37293,0.001991,172.217.194.0-255,7156,102707,78,163225
37294,0.001993,172.31.40.0-255,66,102773,78,163225
37295,0.002036,172.217.194.0-255,5738,108511,78,163225
37296,0.002038,172.31.40.0-255,66,108577,78,163225
37297,0.002056,172.217.194.0-255,2902,111479,78,163225
37298,0.002058,172.31.40.0-255,66,111545,78,163225
37299,0.002068,172.31.40.0-255,66,111611,78,163225
37300,0.002175,172.217.194.0-255,1484,113095,78,163225
37301,0.00218,172.217.194.0-255,2902,115997,78,163225
37302,0.002184,172.31.40.0-255,66,116063,78,163225
37303,0.002217,172.217.194.0-255,5738,121801,78,163225
37304,0.002221,172.31.40.0-255,66,121867,78,163225
37305,0.002239,172.31.40.0-255,66,121933,78,163225
37306,0.00225,172.31.40.0-255,66,121999,78,163225
37307,0.00228,172.217.194.0-255,2184,124183,78,163225
37308,0.002282,172.31.40.0-255,66,124249,78,163225
37309,0.002302,172.217.194.0-255,4320,128569,78,163225
37310,0.002305,172.31.40.0-255,66,128635,78,163225
37311,0.002344,172.31.40.0-255,66,128701,78,163225
37312,0.002374,172.217.194.0-255,2902,131603,78,163225
37313,0.002376,172.31.40.0-255,66,131669,78,163225
37314,0.002395,172.31.40.0-255,66,131735,78,163225
37315,0.002416,172.31.40.0-255,66,131801,78,163225
37316,0.002428,172.31.40.0-255,66,131867,78,163225
37317,0.002472,172.31.40.0-255,66,131933,78,163225
37318,0.002505,172.217.194.0-255,2902,134835,78,163225
37319,0.002508,172.31.40.0-255,66,134901,78,163225
37320,0.002532,172.31.40.0-255,66,134967,78,163225
37321,0.002546,172.31.40.0-255,66,135033,78,163225
37322,0.002622,172.31.40.0-255,66,135099,78,163225
37323,0.002656,172.31.40.0-255,66,135165,78,163225
37324,0.002677,172.31.40.0-255,66,135231,78,163225
37325,0.005215,172.217.194.0-255,5738,140969,78,163225
37326,0.005232,172.31.40.0-255,66,141035,78,163225
37327,0.007775,172.217.194.0-255,5738,146773,78,163225
37328,0.007785,172.31.40.0-255,66,146839,78,163225
37329,0.01035,172.217.194.0-255,5738,152577,78,163225
37330,0.010358,172.31.40.0-255,66,152643,78,163225
37331,0.01291,172.217.194.0-255,5738,158381,78,163225
37332,0.012917,172.31.40.0-255,66,158447,78,163225
37333,0.015489,172.217.194.0-255,2902,161349,78,163225
37334,0.015492,172.31.40.0-255,66,161415,78,163225
37335,0.01552,172.217.194.0-255,1573,162988,78,163225
37336,0.015522,172.31.40.0-255,66,163054,78,163225
37337,0.022597,172.31.40.0-255,105,163159,78,163225
37338,0.025133,172.217.194.0-255,66,163225,78,163225
37339,0.0,172.31.40.0-255,105,105,78,276
37340,0.001777,157.240.24.0-255,105,210,78,276
37341,0.001789,172.31.40.0-255,66,276,78,276
37342,0.0,74.125.24.0-255,145,145,78,219490
37343,2.3e-05,172.31.40.0-255,66,211,78,219490
37344,3e-05,74.125.24.0-255,1484,1695,78,219490
37345,3.6e-05,172.31.40.0-255,66,1761,78,219490
37346,5e-05,74.125.24.0-255,2902,4663,78,219490
37347,5.5e-05,172.31.40.0-255,66,4729,78,219490
37348,6.2e-05,74.125.24.0-255,7156,11885,78,219490
37349,6.5e-05,172.31.40.0-255,66,11951,78,219490
37350,7e-05,74.125.24.0-255,3492,15443,78,219490
37351,7.3e-05,172.31.40.0-255,66,15509,78,219490
37352,8.7e-05,172.31.40.0-255,66,15575,78,219490
37353,9.1e-05,74.125.24.0-255,2543,18118,78,219490
37354,9.4e-05,172.31.40.0-255,66,18184,78,219490
37355,0.00013,74.125.24.0-255,2902,21086,78,219490
37356,0.000132,172.31.40.0-255,66,21152,78,219490
37357,0.000139,74.125.24.0-255,7156,28308,78,219490
37358,0.000142,172.31.40.0-255,66,28374,78,219490
37359,0.000183,74.125.24.0-255,6797,35171,78,219490
37360,0.000186,172.31.40.0-255,66,35237,78,219490
37361,0.000242,74.125.24.0-255,1484,36721,78,219490
37362,0.000245,172.31.40.0-255,66,36787,78,219490
37363,0.000249,74.125.24.0-255,2902,39689,78,219490
37364,0.000251,172.31.40.0-255,66,39755,78,219490
37365,0.000255,74.125.24.0-255,2902,42657,78,219490
37366,0.000262,172.31.40.0-255,66,42723,78,219490
37367,0.000293,74.125.24.0-255,2902,45625,78,219490
37368,0.000295,172.31.40.0-255,66,45691,78,219490
37369,0.0003,74.125.24.0-255,4320,50011,78,219490
37370,0.000302,172.31.40.0-255,66,50077,78,219490
37371,0.00032,74.125.24.0-255,2543,52620,78,219490
37372,0.000326,172.31.40.0-255,66,52686,78,219490
37373,0.000351,74.125.24.0-255,397,53083,78,219490
37374,0.001032,172.31.40.0-255,66,53149,78,219490
37375,0.001301,74.125.24.0-255,1484,54633,78,219490
37376,0.001312,74.125.24.0-255,2902,57535,78,219490
37377,0.001316,172.31.40.0-255,66,57601,78,219490
37378,0.001321,74.125.24.0-255,1484,59085,78,219490
37379,0.00134,74.125.24.0-255,4320,63405,78,219490
37380,0.001343,172.31.40.0-255,66,63471,78,219490
37381,0.001346,74.125.24.0-255,1484,64955,78,219490
37382,0.001384,172.31.40.0-255,66,65021,78,219490
37383,0.001395,172.31.40.0-255,66,65087,78,219490
37384,0.001431,74.125.24.0-255,1383,66470,78,219490
37385,0.001435,74.125.24.0-255,1484,67954,78,219490
37386,0.001437,172.31.40.0-255,66,68020,78,219490
37387,0.001467,74.125.24.0-255,2902,70922,78,219490
37388,0.001469,172.31.40.0-255,66,70988,78,219490
37389,0.001493,74.125.24.0-255,1484,72472,78,219490
37390,0.0015,74.125.24.0-255,5738,78210,78,219490
37391,0.001503,172.31.40.0-255,66,78276,78,219490
37392,0.001525,74.125.24.0-255,4712,82988,78,219490
37393,0.001527,172.31.40.0-255,66,83054,78,219490
37394,0.001614,74.125.24.0-255,764,83818,78,219490
37395,0.002072,74.125.24.0-255,1484,85302,78,219490
37396,0.002078,172.31.40.0-255,66,85368,78,219490
37397,0.002087,74.125.24.0-255,2902,88270,78,219490
37398,0.002089,172.31.40.0-255,66,88336,78,219490
37399,0.0021,74.125.24.0-255,5738,94074,78,219490
37400,0.002103,172.31.40.0-255,66,94140,78,219490
37401,0.002108,74.125.24.0-255,4320,98460,78,219490
37402,0.00211,172.31.40.0-255,66,98526,78,219490
37403,0.002146,172.31.40.0-255,66,98592,78,219490
37404,0.002162,172.31.40.0-255,66,98658,78,219490
37405,0.002164,74.125.24.0-255,766,99424,78,219490
37406,0.00336,172.31.40.0-255,66,99490,78,219490
37407,0.004468,74.125.24.0-255,4320,103810,78,219490
37408,0.004476,172.31.40.0-255,66,103876,78,219490
37409,0.005658,74.125.24.0-255,1484,105360,78,219490
37410,0.006771,74.125.24.0-255,4320,109680,78,219490
37411,0.006775,172.31.40.0-255,66,109746,78,219490
37412,0.009092,74.125.24.0-255,5738,115484,78,219490
37413,0.009098,172.31.40.0-255,66,115550,78,219490
37414,0.01143,74.125.24.0-255,5738,121288,78,219490
37415,0.011438,172.31.40.0-255,66,121354,78,219490
37416,0.013764,74.125.24.0-255,5738,127092,78,219490
37417,0.013773,172.31.40.0-255,66,127158,78,219490
37418,0.016103,74.125.24.0-255,5738,132896,78,219490
37419,0.016111,172.31.40.0-255,66,132962,78,219490
37420,0.018484,74.125.24.0-255,5738,138700,78,219490
37421,0.018492,172.31.40.0-255,66,138766,78,219490
37422,0.020826,74.125.24.0-255,5738,144504,78,219490
37423,0.020834,172.31.40.0-255,66,144570,78,219490
37424,0.023204,74.125.24.0-255,5738,150308,78,219490
37425,0.023218,172.31.40.0-255,66,150374,78,219490
37426,0.025544,74.125.24.0-255,5738,156112,78,219490
37427,0.025553,172.31.40.0-255,66,156178,78,219490
37428,0.027901,74.125.24.0-255,5738,161916,78,219490
37429,0.027909,172.31.40.0-255,66,161982,78,219490
37430,0.030218,74.125.24.0-255,5738,167720,78,219490
37431,0.030225,172.31.40.0-255,66,167786,78,219490
37432,0.030369,172.31.40.0-255,172,167958,78,219490
37433,0.030397,172.31.40.0-255,1108,169066,78,219490
37434,0.030531,172.31.40.0-255,1514,170580,78,219490
37435,0.030533,172.31.40.0-255,1514,172094,78,219490
37436,0.030558,172.31.40.0-255,700,172794,78,219490
37437,0.031912,104.244.42.0-255,66,172860,78,219490
37438,0.03197,104.244.42.0-255,66,172926,78,219490
37439,0.032088,104.244.42.0-255,66,172992,78,219490
37440,0.032094,104.244.42.0-255,66,173058,78,219490
37441,0.032566,74.125.24.0-255,5738,178796,78,219490
37442,0.032573,172.31.40.0-255,66,178862,78,219490
37443,0.034931,74.125.24.0-255,5738,184600,78,219490
37444,0.034938,172.31.40.0-255,66,184666,78,219490
37445,0.03728,74.125.24.0-255,5738,190404,78,219490
37446,0.037288,172.31.40.0-255,66,190470,78,219490
37447,0.039679,74.125.24.0-255,5738,196208,78,219490
37448,0.039686,172.31.40.0-255,66,196274,78,219490
37449,0.042038,74.125.24.0-255,5738,202012,78,219490
37450,0.042044,172.31.40.0-255,66,202078,78,219490
37451,0.044389,74.125.24.0-255,5738,207816,78,219490
37452,0.044406,172.31.40.0-255,66,207882,78,219490
37453,0.046778,74.125.24.0-255,5738,213620,78,219490
37454,0.046794,172.31.40.0-255,66,213686,78,219490
37455,0.049166,74.125.24.0-255,5738,219424,78,219490
37456,0.049185,172.31.40.0-255,66,219490,78,219490
37457,0.0,74.125.200.0-255,152,152,78,335368
37458,2.2e-05,172.31.40.0-255,66,218,78,335368
37459,3e-05,74.125.200.0-255,1484,1702,78,335368
37460,3.6e-05,172.31.40.0-255,66,1768,78,335368
37461,4.1e-05,74.125.200.0-255,2902,4670,78,335368
37462,4.4e-05,172.31.40.0-255,66,4736,78,335368
37463,6.2e-05,74.125.200.0-255,4320,9056,78,335368
37464,6.6e-05,172.31.40.0-255,66,9122,78,335368
37465,0.000101,74.125.200.0-255,4875,13997,78,335368
37466,0.000104,172.31.40.0-255,66,14063,78,335368
37467,0.000126,74.125.200.0-255,5738,19801,78,335368
37468,0.000128,172.31.40.0-255,66,19867,78,335368
37469,0.000134,74.125.200.0-255,4320,24187,78,335368
37470,0.000137,172.31.40.0-255,66,24253,78,335368
37471,0.000155,74.125.200.0-255,1484,25737,78,335368
37472,0.000157,172.31.40.0-255,66,25803,78,335368
37473,0.000196,74.125.200.0-255,5379,31182,78,335368
37474,0.0002,172.31.40.0-255,66,31248,78,335368
37475,0.000331,74.125.200.0-255,1484,32732,78,335368
37476,0.000335,172.31.40.0-255,66,32798,78,335368
37477,0.000355,74.125.200.0-255,1484,34282,78,335368
37478,0.000358,172.31.40.0-255,66,34348,78,335368
37479,0.000363,74.125.200.0-255,2902,37250,78,335368
37480,0.000365,172.31.40.0-255,66,37316,78,335368
37481,0.000368,74.125.200.0-255,1484,38800,78,335368
37482,0.00037,172.31.40.0-255,66,38866,78,335368
37483,0.000397,74.125.200.0-255,4320,43186,78,335368
37484,0.000399,172.31.40.0-255,66,43252,78,335368
37485,0.000403,74.125.200.0-255,2902,46154,78,335368
37486,0.000405,172.31.40.0-255,66,46220,78,335368
37487,0.000435,74.125.200.0-255,4320,50540,78,335368
37488,0.000438,172.31.40.0-255,66,50606,78,335368
37489,0.000442,74.125.200.0-255,1484,52090,78,335368
37490,0.000458,74.125.200.0-255,4320,56410,78,335368
37491,0.000461,172.31.40.0-255,66,56476,78,335368
37492,0.00048,74.125.200.0-255,2902,59378,78,335368
37493,0.000483,172.31.40.0-255,66,59444,78,335368
37494,0.000503,74.125.200.0-255,6438,65882,78,335368
37495,0.000505,172.31.40.0-255,66,65948,78,335368
37496,0.000652,74.125.200.0-255,357,66305,78,335368
37497,0.000657,74.125.200.0-255,135,66440,78,335368
37498,0.000975,74.125.200.0-255,1484,67924,78,335368
37499,0.00098,172.31.40.0-255,66,67990,78,335368
37500,0.001,74.125.200.0-255,2902,70892,78,335368
37501,0.001002,172.31.40.0-255,66,70958,78,335368
37502,0.001024,74.125.200.0-255,4320,75278,78,335368
37503,0.001026,172.31.40.0-255,66,75344,78,335368
37504,0.001044,74.125.200.0-255,7156,82500,78,335368
37505,0.001047,172.31.40.0-255,66,82566,78,335368
37506,0.001058,74.125.200.0-255,1484,84050,78,335368
37507,0.001062,74.125.200.0-255,2902,86952,78,335368
37508,0.001065,172.31.40.0-255,66,87018,78,335368
37509,0.001094,74.125.200.0-255,5738,92756,78,335368
37510,0.001096,172.31.40.0-255,66,92822,78,335368
37511,0.001121,74.125.200.0-255,7156,99978,78,335368
37512,0.001124,172.31.40.0-255,66,100044,78,335368
37513,0.001127,74.125.200.0-255,766,100810,78,335368
37514,0.001336,74.125.200.0-255,1484,102294,78,335368
37515,0.00134,172.31.40.0-255,66,102360,78,335368
37516,0.001353,74.125.200.0-255,1484,103844,78,335368
37517,0.001372,74.125.200.0-255,2902,106746,78,335368
37518,0.001375,172.31.40.0-255,66,106812,78,335368
37519,0.001379,74.125.200.0-255,2902,109714,78,335368
37520,0.001382,172.31.40.0-255,66,109780,78,335368
37521,0.001395,74.125.200.0-255,2902,112682,78,335368
37522,0.001397,172.31.40.0-255,66,112748,78,335368
37523,0.001415,74.125.200.0-255,7156,119904,78,335368
37524,0.001418,172.31.40.0-255,66,119970,78,335368
37525,0.001421,74.125.200.0-255,1484,121454,78,335368
37526,0.001445,74.125.200.0-255,7156,128610,78,335368
37527,0.001448,172.31.40.0-255,66,128676,78,335368
37528,0.001452,74.125.200.0-255,2902,131578,78,335368
37529,0.001454,172.31.40.0-255,66,131644,78,335368
37530,0.001471,74.125.200.0-255,3602,135246,78,335368
37531,0.001473,172.31.40.0-255,66,135312,78,335368
37532,0.001479,74.125.200.0-255,4320,139632,78,335368
37533,0.001481,172.31.40.0-255,66,139698,78,335368
37534,0.001504,74.125.200.0-255,2902,142600,78,335368
37535,0.001506,172.31.40.0-255,66,142666,78,335368
37536,0.001517,172.31.40.0-255,66,142732,78,335368
37537,0.001529,74.125.200.0-255,2902,145634,78,335368
37538,0.001532,172.31.40.0-255,66,145700,78,335368
37539,0.001536,74.125.200.0-255,2902,148602,78,335368
37540,0.001539,172.31.40.0-255,66,148668,78,335368
37541,0.001566,172.31.40.0-255,66,148734,78,335368
37542,0.001585,74.125.200.0-255,1484,150218,78,335368
37543,0.00159,74.125.200.0-255,2184,152402,78,335368
37544,0.001592,172.31.40.0-255,66,152468,78,335368
37545,0.001692,74.125.200.0-255,1484,153952,78,335368
37546,0.001719,74.125.200.0-255,1484,155436,78,335368
37547,0.001723,172.31.40.0-255,66,155502,78,335368
37548,0.001742,74.125.200.0-255,2902,158404,78,335368
37549,0.001745,74.125.200.0-255,1484,159888,78,335368
37550,0.001748,172.31.40.0-255,66,159954,78,335368
37551,0.001767,74.125.200.0-255,4320,164274,78,335368
37552,0.001771,172.31.40.0-255,66,164340,78,335368
37553,0.001802,74.125.200.0-255,7156,171496,78,335368
37554,0.001804,172.31.40.0-255,66,171562,78,335368
37555,0.00181,74.125.200.0-255,4320,175882,78,335368
37556,0.001812,172.31.40.0-255,66,175948,78,335368
37557,0.001831,74.125.200.0-255,4320,180268,78,335368
37558,0.001834,172.31.40.0-255,66,180334,78,335368
37559,0.001873,74.125.200.0-255,6438,186772,78,335368
37560,0.001877,172.31.40.0-255,66,186838,78,335368
37561,0.001914,74.125.200.0-255,1484,188322,78,335368
37562,0.001928,74.125.200.0-255,2902,191224,78,335368
37563,0.00193,172.31.40.0-255,66,191290,78,335368
37564,0.001954,74.125.200.0-255,5738,197028,78,335368
37565,0.001958,172.31.40.0-255,66,197094,78,335368
37566,0.001961,74.125.200.0-255,1484,198578,78,335368
37567,0.003891,74.125.200.0-255,4320,202898,78,335368
37568,0.003898,172.31.40.0-255,66,202964,78,335368
37569,0.005848,74.125.200.0-255,5738,208702,78,335368
37570,0.005854,172.31.40.0-255,66,208768,78,335368
37571,0.007793,74.125.200.0-255,5738,214506,78,335368
37572,0.007801,172.31.40.0-255,66,214572,78,335368
37573,0.009758,74.125.200.0-255,5738,220310,78,335368
37574,0.009766,172.31.40.0-255,66,220376,78,335368
37575,0.011721,74.125.200.0-255,5738,226114,78,335368
37576,0.011728,172.31.40.0-255,66,226180,78,335368
37577,0.013676,74.125.200.0-255,5738,231918,78,335368
37578,0.013684,172.31.40.0-255,66,231984,78,335368
37579,0.015631,74.125.200.0-255,5738,237722,78,335368
37580,0.015638,172.31.40.0-255,66,237788,78,335368
37581,0.017589,74.125.200.0-255,5738,243526,78,335368
37582,0.017606,172.31.40.0-255,66,243592,78,335368
37583,0.019567,74.125.200.0-255,5738,249330,78,335368
37584,0.019579,172.31.40.0-255,66,249396,78,335368
37585,0.021523,74.125.200.0-255,5738,255134,78,335368
37586,0.02153,172.31.40.0-255,66,255200,78,335368
37587,0.02347,74.125.200.0-255,5738,260938,78,335368
37588,0.023478,172.31.40.0-255,66,261004,78,335368
37589,0.025431,74.125.200.0-255,2902,263906,78,335368
37590,0.025446,172.31.40.0-255,66,263972,78,335368
37591,0.02547,74.125.200.0-255,2902,266874,78,335368
37592,0.025473,172.31.40.0-255,66,266940,78,335368
37593,0.027386,74.125.200.0-255,2902,269842,78,335368
37594,0.027393,172.31.40.0-255,66,269908,78,335368
37595,0.027414,74.125.200.0-255,2902,272810,78,335368
37596,0.027416,172.31.40.0-255,66,272876,78,335368
37597,0.029358,74.125.200.0-255,4320,277196,78,335368
37598,0.029366,172.31.40.0-255,66,277262,78,335368
37599,0.029385,74.125.200.0-255,1484,278746,78,335368
37600,0.031338,74.125.200.0-255,4320,283066,78,335368
37601,0.031354,172.31.40.0-255,66,283132,78,335368
37602,0.033291,74.125.200.0-255,5738,288870,78,335368
37603,0.033299,172.31.40.0-255,66,288936,78,335368
37604,0.03525,74.125.200.0-255,5738,294674,78,335368
37605,0.03526,172.31.40.0-255,66,294740,78,335368
37606,0.037207,74.125.200.0-255,5738,300478,78,335368
37607,0.037218,172.31.40.0-255,66,300544,78,335368
37608,0.039156,74.125.200.0-255,5738,306282,78,335368
37609,0.039164,172.31.40.0-255,66,306348,78,335368
37610,0.041116,74.125.200.0-255,5738,312086,78,335368
37611,0.041131,172.31.40.0-255,66,312152,78,335368
37612,0.04309,74.125.200.0-255,5738,317890,78,335368
37613,0.043106,172.31.40.0-255,66,317956,78,335368
37614,0.045046,74.125.200.0-255,5738,323694,78,335368
37615,0.045054,172.31.40.0-255,66,323760,78,335368
37616,0.047006,74.125.200.0-255,5738,329498,78,335368
37617,0.047016,172.31.40.0-255,66,329564,78,335368
37618,0.048968,74.125.200.0-255,5738,335302,78,335368
37619,0.048979,172.31.40.0-255,66,335368,78,335368
37620,0.0,172.217.194.0-255,153,153,78,176279
37621,3.5e-05,172.31.40.0-255,66,219,78,176279
37622,4.3e-05,172.217.194.0-255,1484,1703,78,176279
37623,4.7e-05,172.31.40.0-255,66,1769,78,176279
37624,5.8e-05,172.217.194.0-255,2902,4671,78,176279
37625,6.1e-05,172.31.40.0-255,66,4737,78,176279
37626,6.8e-05,172.217.194.0-255,7156,11893,78,176279
37627,7.1e-05,172.31.40.0-255,66,11959,78,176279
37628,8.8e-05,172.31.40.0-255,66,12025,78,176279
37629,0.000143,172.217.194.0-255,2543,14568,78,176279
37630,0.000146,172.31.40.0-255,66,14634,78,176279
37631,0.000164,172.217.194.0-255,2902,17536,78,176279
37632,0.000166,172.31.40.0-255,66,17602,78,176279
37633,0.000199,172.217.194.0-255,7156,24758,78,176279
37634,0.000203,172.31.40.0-255,66,24824,78,176279
37635,0.000207,172.217.194.0-255,1484,26308,78,176279
37636,0.000209,172.31.40.0-255,66,26374,78,176279
37637,0.000219,172.31.40.0-255,66,26440,78,176279
37638,0.000244,172.217.194.0-255,6797,33237,78,176279
37639,0.000247,172.31.40.0-255,66,33303,78,176279
37640,0.000272,172.217.194.0-255,7085,40388,78,176279
37641,0.000276,172.31.40.0-255,66,40454,78,176279
37642,0.000279,172.217.194.0-255,367,40821,78,176279
37643,0.000281,172.31.40.0-255,66,40887,78,176279
37644,0.000328,172.217.194.0-255,1484,42371,78,176279
37645,0.000331,172.31.40.0-255,66,42437,78,176279
37646,0.000336,172.217.194.0-255,2902,45339,78,176279
37647,0.00034,172.31.40.0-255,66,45405,78,176279
37648,0.000361,172.217.194.0-255,5738,51143,78,176279
37649,0.000368,172.31.40.0-255,66,51209,78,176279
37650,0.000388,172.217.194.0-255,6797,58006,78,176279
37651,0.000391,172.31.40.0-255,66,58072,78,176279
37652,0.000424,172.217.194.0-255,7156,65228,78,176279
37653,0.000428,172.31.40.0-255,66,65294,78,176279
37654,0.000455,172.217.194.0-255,4320,69614,78,176279
37655,0.000459,172.31.40.0-255,66,69680,78,176279
37656,0.000486,172.217.194.0-255,4830,74510,78,176279
37657,0.00049,172.31.40.0-255,66,74576,78,176279
37658,0.000558,172.217.194.0-255,2902,77478,78,176279
37659,0.000562,172.31.40.0-255,66,77544,78,176279
37660,0.00057,172.217.194.0-255,2902,80446,78,176279
37661,0.000572,172.31.40.0-255,66,80512,78,176279
37662,0.000596,172.217.194.0-255,1484,81996,78,176279
37663,0.000608,172.31.40.0-255,66,82062,78,176279
37664,0.000626,172.31.40.0-255,66,82128,78,176279
37665,0.000674,172.217.194.0-255,1484,83612,78,176279
37666,0.000678,172.217.194.0-255,1484,85096,78,176279
37667,0.000681,172.31.40.0-255,66,85162,78,176279
37668,0.000692,172.217.194.0-255,1484,86646,78,176279
37669,0.000697,172.217.194.0-255,2902,89548,78,176279
37670,0.000704,172.31.40.0-255,66,89614,78,176279
37671,0.000723,172.217.194.0-255,2902,92516,78,176279
37672,0.000726,172.31.40.0-255,66,92582,78,176279
37673,0.000737,172.31.40.0-255,66,92648,78,176279
37674,0.000772,172.217.194.0-255,2902,95550,78,176279
37675,0.000776,172.31.40.0-255,66,95616,78,176279
37676,0.000789,172.31.40.0-255,66,95682,78,176279
37677,0.00083,172.31.40.0-255,66,95748,78,176279
37678,0.000833,172.217.194.0-255,1484,97232,78,176279
37679,0.000876,172.31.40.0-255,66,97298,78,176279
37680,0.000907,172.31.40.0-255,66,97364,78,176279
37681,0.000931,172.217.194.0-255,1484,98848,78,176279
37682,0.000968,172.31.40.0-255,66,98914,78,176279
37683,0.001031,172.31.40.0-255,66,98980,78,176279
37684,0.001038,172.217.194.0-255,6438,105418,78,176279
37685,0.00104,172.31.40.0-255,66,105484,78,176279
37686,0.001084,172.217.194.0-255,7156,112640,78,176279
37687,0.001089,172.31.40.0-255,66,112706,78,176279
37688,0.001116,172.217.194.0-255,4320,117026,78,176279
37689,0.001126,172.31.40.0-255,66,117092,78,176279
37690,0.001131,172.217.194.0-255,7156,124248,78,176279
37691,0.001133,172.31.40.0-255,66,124314,78,176279
37692,0.001174,172.217.194.0-255,4320,128634,78,176279
37693,0.001178,172.31.40.0-255,66,128700,78,176279
37694,0.001191,172.31.40.0-255,66,128766,78,176279
37695,0.001194,172.217.194.0-255,1484,130250,78,176279
37696,0.001205,172.217.194.0-255,2902,133152,78,176279
37697,0.001208,172.31.40.0-255,66,133218,78,176279
37698,0.001212,172.217.194.0-255,2902,136120,78,176279
37699,0.001214,172.31.40.0-255,66,136186,78,176279
37700,0.001251,172.217.194.0-255,2902,139088,78,176279
37701,0.001257,172.31.40.0-255,66,139154,78,176279
37702,0.001264,172.31.40.0-255,66,139220,78,176279
37703,0.001297,172.31.40.0-255,66,139286,78,176279
37704,0.001324,172.217.194.0-255,2184,141470,78,176279
37705,0.001328,172.31.40.0-255,66,141536,78,176279
37706,0.001338,172.217.194.0-255,1484,143020,78,176279
37707,0.001347,172.217.194.0-255,2902,145922,78,176279
37708,0.00135,172.31.40.0-255,66,145988,78,176279
37709,0.001379,172.217.194.0-255,5738,151726,78,176279
37710,0.001383,172.31.40.0-255,66,151792,78,176279
37711,0.001388,172.217.194.0-255,4320,156112,78,176279
37712,0.001391,172.31.40.0-255,66,156178,78,176279
37713,0.00143,172.31.40.0-255,66,156244,78,176279
37714,0.001441,172.31.40.0-255,66,156310,78,176279
37715,0.001465,172.217.194.0-255,5738,162048,78,176279
37716,0.001468,172.31.40.0-255,66,162114,78,176279
37717,0.001492,172.217.194.0-255,3602,165716,78,176279
37718,0.001495,172.31.40.0-255,66,165782,78,176279
37719,0.00153,172.31.40.0-255,66,165848,78,176279
37720,0.001564,172.31.40.0-255,66,165914,78,176279
37721,0.001576,172.217.194.0-255,2184,168098,78,176279
37722,0.001583,172.31.40.0-255,66,168164,78,176279
37723,0.001603,172.217.194.0-255,4320,172484,78,176279
37724,0.00161,172.31.40.0-255,66,172550,78,176279
37725,0.001657,172.31.40.0-255,66,172616,78,176279
37726,0.001712,172.217.194.0-255,105,172721,78,176279
37727,0.003393,172.31.40.0-255,66,172787,78,176279
37728,0.003419,172.31.40.0-255,105,172892,78,176279
37729,0.005876,172.217.194.0-255,66,172958,78,176279
37730,0.042757,172.31.40.0-255,167,173125,78,176279
37731,0.042786,172.31.40.0-255,1109,174234,78,176279
37732,0.042816,172.31.40.0-255,1514,175748,78,176279
37733,0.042818,172.31.40.0-255,333,176081,78,176279
37734,0.044271,104.244.42.0-255,66,176147,78,176279
37735,0.044404,104.244.42.0-255,66,176213,78,176279
37736,0.044409,104.244.42.0-255,66,176279,78,176279
37737,0.0,172.217.194.0-255,299,299,78,224158
37738,1.4e-05,172.31.40.0-255,66,365,78,224158
37739,2.1e-05,172.217.194.0-255,1484,1849,78,224158
37740,2.5e-05,172.31.40.0-255,66,1915,78,224158
37741,3.2e-05,172.217.194.0-255,4320,6235,78,224158
37742,3.4e-05,172.31.40.0-255,66,6301,78,224158
37743,3.9e-05,172.217.194.0-255,2902,9203,78,224158
37744,4.2e-05,172.31.40.0-255,66,9269,78,224158
37745,7.5e-05,172.217.194.0-255,6077,15346,78,224158
37746,7.8e-05,172.31.40.0-255,66,15412,78,224158
37747,8.5e-05,172.217.194.0-255,5738,21150,78,224158
37748,8.7e-05,172.31.40.0-255,66,21216,78,224158
37749,0.000107,172.217.194.0-255,2902,24118,78,224158
37750,0.000109,172.31.40.0-255,66,24184,78,224158
37751,0.000135,172.31.40.0-255,66,24250,78,224158
37752,0.000142,172.217.194.0-255,5738,29988,78,224158
37753,0.000144,172.31.40.0-255,66,30054,78,224158
37754,0.00016,172.217.194.0-255,5738,35792,78,224158
37755,0.000162,172.31.40.0-255,66,35858,78,224158
37756,0.000167,172.217.194.0-255,3961,39819,78,224158
37757,0.000169,172.31.40.0-255,66,39885,78,224158
37758,0.000745,172.217.194.0-255,1484,41369,78,224158
37759,0.000751,172.31.40.0-255,66,41435,78,224158
37760,0.000758,172.217.194.0-255,2902,44337,78,224158
37761,0.00076,172.31.40.0-255,66,44403,78,224158
37762,0.000765,172.217.194.0-255,2902,47305,78,224158
37763,0.000766,172.31.40.0-255,66,47371,78,224158
37764,0.000791,172.217.194.0-255,2902,50273,78,224158
37765,0.000794,172.31.40.0-255,66,50339,78,224158
37766,0.000825,172.217.194.0-255,6797,57136,78,224158
37767,0.000828,172.31.40.0-255,66,57202,78,224158
37768,0.000885,172.217.194.0-255,1484,58686,78,224158
37769,0.000891,172.217.194.0-255,1484,60170,78,224158
37770,0.000893,172.31.40.0-255,66,60236,78,224158
37771,0.000913,172.217.194.0-255,1484,61720,78,224158
37772,0.000919,172.217.194.0-255,5738,67458,78,224158
37773,0.000925,172.217.194.0-255,5738,73196,78,224158
37774,0.000929,172.31.40.0-255,66,73262,78,224158
37775,0.000932,172.31.40.0-255,66,73328,78,224158
37776,0.000984,172.217.194.0-255,4320,77648,78,224158
37777,0.000987,172.31.40.0-255,66,77714,78,224158
37778,0.001016,172.31.40.0-255,66,77780,78,224158
37779,0.001045,172.217.194.0-255,5958,83738,78,224158
37780,0.001049,172.31.40.0-255,66,83804,78,224158
37781,0.00186,172.217.194.0-255,1484,85288,78,224158
37782,0.00187,172.217.194.0-255,2902,88190,78,224158
37783,0.001874,172.31.40.0-255,66,88256,78,224158
37784,0.0019,172.217.194.0-255,5738,93994,78,224158
37785,0.001902,172.31.40.0-255,66,94060,78,224158
37786,0.001908,172.217.194.0-255,7156,101216,78,224158
37787,0.00191,172.31.40.0-255,66,101282,78,224158
37788,0.001954,172.31.40.0-255,66,101348,78,224158
37789,0.001958,172.217.194.0-255,2184,103532,78,224158
37790,0.001959,172.31.40.0-255,66,103598,78,224158
37791,0.004213,172.217.194.0-255,2902,106500,78,224158
37792,0.00422,172.31.40.0-255,66,106566,78,224158
37793,0.00424,172.217.194.0-255,2902,109468,78,224158
37794,0.004242,172.31.40.0-255,66,109534,78,224158
37795,0.0065,172.217.194.0-255,2902,112436,78,224158
37796,0.006505,172.31.40.0-255,66,112502,78,224158
37797,0.006543,172.217.194.0-255,2902,115404,78,224158
37798,0.006547,172.31.40.0-255,66,115470,78,224158
37799,0.008814,172.217.194.0-255,2902,118372,78,224158
37800,0.008821,172.31.40.0-255,66,118438,78,224158
37801,0.00885,172.217.194.0-255,2902,121340,78,224158
37802,0.008853,172.31.40.0-255,66,121406,78,224158
37803,0.011103,172.217.194.0-255,2902,124308,78,224158
37804,0.011112,172.31.40.0-255,66,124374,78,224158
37805,0.011133,172.217.194.0-255,2902,127276,78,224158
37806,0.011135,172.31.40.0-255,66,127342,78,224158
37807,0.013411,172.217.194.0-255,4320,131662,78,224158
37808,0.013417,172.31.40.0-255,66,131728,78,224158
37809,0.013435,172.217.194.0-255,1484,133212,78,224158
37810,0.015711,172.217.194.0-255,4320,137532,78,224158
37811,0.015725,172.31.40.0-255,66,137598,78,224158
37812,0.018018,172.217.194.0-255,5738,143336,78,224158
37813,0.018025,172.31.40.0-255,66,143402,78,224158
37814,0.020379,172.217.194.0-255,5738,149140,78,224158
37815,0.020387,172.31.40.0-255,66,149206,78,224158
37816,0.022661,172.217.194.0-255,5738,154944,78,224158
37817,0.02267,172.31.40.0-255,66,155010,78,224158
37818,0.024935,172.217.194.0-255,5738,160748,78,224158
37819,0.024942,172.31.40.0-255,66,160814,78,224158
37820,0.026221,172.31.40.0-255,204,161018,78,224158
37821,0.026269,172.31.40.0-255,1107,162125,78,224158
37822,0.02633,172.31.40.0-255,1514,163639,78,224158
37823,0.026331,172.31.40.0-255,1514,165153,78,224158
37824,0.026359,172.31.40.0-255,701,165854,78,224158
37825,0.02721,172.217.194.0-255,5738,171592,78,224158
37826,0.027217,172.31.40.0-255,66,171658,78,224158
37827,0.027791,104.244.42.0-255,66,171724,78,224158
37828,0.027815,104.244.42.0-255,66,171790,78,224158
37829,0.027871,104.244.42.0-255,66,171856,78,224158
37830,0.027882,104.244.42.0-255,66,171922,78,224158
37831,0.029496,172.217.194.0-255,5738,177660,78,224158
37832,0.0295,172.31.40.0-255,66,177726,78,224158
37833,0.031816,172.217.194.0-255,5738,183464,78,224158
37834,0.031823,172.31.40.0-255,66,183530,78,224158
37835,0.034105,172.217.194.0-255,5738,189268,78,224158
37836,0.034113,172.31.40.0-255,66,189334,78,224158
37837,0.036402,172.217.194.0-255,5738,195072,78,224158
37838,0.036408,172.31.40.0-255,66,195138,78,224158
37839,0.038689,172.217.194.0-255,5738,200876,78,224158
37840,0.038696,172.31.40.0-255,66,200942,78,224158
37841,0.040992,172.217.194.0-255,5738,206680,78,224158
37842,0.040998,172.31.40.0-255,66,206746,78,224158
37843,0.04329,172.217.194.0-255,5738,212484,78,224158
37844,0.043297,172.31.40.0-255,66,212550,78,224158
37845,0.045617,172.217.194.0-255,5738,218288,78,224158
37846,0.045623,172.31.40.0-255,66,218354,78,224158
37847,0.047901,172.217.194.0-255,5738,224092,78,224158
37848,0.047908,172.31.40.0-255,66,224158,78,224158
37849,0.0,74.125.24.0-255,153,153,78,203262
37850,2.3e-05,172.31.40.0-255,66,219,78,203262
37851,3.1e-05,74.125.24.0-255,1484,1703,78,203262
37852,3.5e-05,172.31.40.0-255,66,1769,78,203262
37853,4.9e-05,74.125.24.0-255,2902,4671,78,203262
37854,5.4e-05,172.31.40.0-255,66,4737,78,203262
37855,6.2e-05,74.125.24.0-255,7156,11893,78,203262
37856,6.5e-05,172.31.40.0-255,66,11959,78,203262
37857,6.9e-05,74.125.24.0-255,1951,13910,78,203262
37858,7.2e-05,172.31.40.0-255,66,13976,78,203262
37859,0.000199,74.125.24.0-255,1484,15460,78,203262
37860,0.000204,172.31.40.0-255,66,15526,78,203262
37861,0.00021,74.125.24.0-255,2902,18428,78,203262
37862,0.000213,172.31.40.0-255,66,18494,78,203262
37863,0.000224,74.125.24.0-255,5738,24232,78,203262
37864,0.000227,172.31.40.0-255,66,24298,78,203262
37865,0.000272,74.125.24.0-255,6797,31095,78,203262
37866,0.000275,172.31.40.0-255,66,31161,78,203262
37867,0.000431,74.125.24.0-255,1484,32645,78,203262
37868,0.000435,172.31.40.0-255,66,32711,78,203262
37869,0.000442,74.125.24.0-255,2902,35613,78,203262
37870,0.000444,172.31.40.0-255,66,35679,78,203262
37871,0.000448,74.125.24.0-255,1484,37163,78,203262
37872,0.000451,172.31.40.0-255,66,37229,78,203262
37873,0.000482,74.125.24.0-255,4320,41549,78,203262
37874,0.000485,172.31.40.0-255,66,41615,78,203262
37875,0.000491,74.125.24.0-255,4320,45935,78,203262
37876,0.000493,172.31.40.0-255,66,46001,78,203262
37877,0.000505,172.31.40.0-255,66,46067,78,203262
37878,0.000535,74.125.24.0-255,2543,48610,78,203262
37879,0.000537,172.31.40.0-255,66,48676,78,203262
37880,0.000545,74.125.24.0-255,6797,55473,78,203262
37881,0.000547,172.31.40.0-255,66,55539,78,203262
37882,0.00055,74.125.24.0-255,679,56218,78,203262
37883,0.000888,74.125.24.0-255,1484,57702,78,203262
37884,0.000893,172.31.40.0-255,66,57768,78,203262
37885,0.000899,74.125.24.0-255,2902,60670,78,203262
37886,0.000901,172.31.40.0-255,66,60736,78,203262
37887,0.000907,74.125.24.0-255,5738,66474,78,203262
37888,0.000909,172.31.40.0-255,66,66540,78,203262
37889,0.000922,74.125.24.0-255,7156,73696,78,203262
37890,0.000924,172.31.40.0-255,66,73762,78,203262
37891,0.000958,172.31.40.0-255,66,73828,78,203262
37892,0.000962,74.125.24.0-255,2184,76012,78,203262
37893,0.000964,172.31.40.0-255,66,76078,78,203262
37894,0.003268,74.125.24.0-255,5738,81816,78,203262
37895,0.003284,172.31.40.0-255,66,81882,78,203262
37896,0.005561,74.125.24.0-255,5738,87620,78,203262
37897,0.005578,172.31.40.0-255,66,87686,78,203262
37898,0.007896,74.125.24.0-255,5738,93424,78,203262
37899,0.007906,172.31.40.0-255,66,93490,78,203262
37900,0.010243,74.125.24.0-255,5738,99228,78,203262
37901,0.010261,172.31.40.0-255,66,99294,78,203262
37902,0.012581,74.125.24.0-255,5738,105032,78,203262
37903,0.012602,172.31.40.0-255,66,105098,78,203262
37904,0.014912,74.125.24.0-255,5738,110836,78,203262
37905,0.014931,172.31.40.0-255,66,110902,78,203262
37906,0.017224,74.125.24.0-255,5738,116640,78,203262
37907,0.017245,172.31.40.0-255,66,116706,78,203262
37908,0.019543,74.125.24.0-255,5738,122444,78,203262
37909,0.019561,172.31.40.0-255,66,122510,78,203262
37910,0.021856,74.125.24.0-255,5738,128248,78,203262
37911,0.021876,172.31.40.0-255,66,128314,78,203262
37912,0.024168,74.125.24.0-255,5738,134052,78,203262
37913,0.024187,172.31.40.0-255,66,134118,78,203262
37914,0.026491,74.125.24.0-255,5738,139856,78,203262
37915,0.026508,172.31.40.0-255,66,139922,78,203262
37916,0.028833,74.125.24.0-255,5738,145660,78,203262
37917,0.028853,172.31.40.0-255,66,145726,78,203262
37918,0.031133,74.125.24.0-255,5738,151464,78,203262
37919,0.031146,172.31.40.0-255,66,151530,78,203262
37920,0.031831,172.31.40.0-255,200,151730,78,203262
37921,0.031866,172.31.40.0-255,1107,152837,78,203262
37922,0.031935,172.31.40.0-255,1514,154351,78,203262
37923,0.031937,172.31.40.0-255,1514,155865,78,203262
37924,0.031965,172.31.40.0-255,701,156566,78,203262
37925,0.033386,104.244.42.0-255,66,156632,78,203262
37926,0.033418,104.244.42.0-255,66,156698,78,203262
37927,0.033451,74.125.24.0-255,5738,162436,78,203262
37928,0.033459,172.31.40.0-255,66,162502,78,203262
37929,0.033488,104.244.42.0-255,66,162568,78,203262
37930,0.033492,104.244.42.0-255,66,162634,78,203262
37931,0.035753,74.125.24.0-255,5738,168372,78,203262
37932,0.035767,172.31.40.0-255,66,168438,78,203262
37933,0.038044,74.125.24.0-255,5738,174176,78,203262
37934,0.038062,172.31.40.0-255,66,174242,78,203262
37935,0.040367,74.125.24.0-255,5738,179980,78,203262
37936,0.040383,172.31.40.0-255,66,180046,78,203262
37937,0.042699,74.125.24.0-255,5738,185784,78,203262
37938,0.042716,172.31.40.0-255,66,185850,78,203262
37939,0.045027,74.125.24.0-255,5738,191588,78,203262
37940,0.045041,172.31.40.0-255,66,191654,78,203262
37941,0.047354,74.125.24.0-255,5738,197392,78,203262
37942,0.047369,172.31.40.0-255,66,197458,78,203262
37943,0.049682,74.125.24.0-255,5738,203196,78,203262
37944,0.049693,172.31.40.0-255,66,203262,78,203262
37945,0.0,74.125.130.0-255,152,152,78,258308
37946,1.9e-05,172.31.40.0-255,66,218,78,258308
37947,2.6e-05,74.125.130.0-255,1484,1702,78,258308
37948,3e-05,172.31.40.0-255,66,1768,78,258308
37949,3.6e-05,74.125.130.0-255,2902,4670,78,258308
37950,4.6e-05,172.31.40.0-255,66,4736,78,258308
37951,5.4e-05,74.125.130.0-255,7156,11892,78,258308
37952,5.7e-05,172.31.40.0-255,66,11958,78,258308
37953,6.1e-05,74.125.130.0-255,2067,14025,78,258308
37954,6.5e-05,172.31.40.0-255,66,14091,78,258308
37955,0.00013,74.125.130.0-255,1484,15575,78,258308
37956,0.000133,172.31.40.0-255,66,15641,78,258308
37957,0.000138,74.125.130.0-255,2902,18543,78,258308
37958,0.000141,172.31.40.0-255,66,18609,78,258308
37959,0.000144,74.125.130.0-255,1484,20093,78,258308
37960,0.000146,172.31.40.0-255,66,20159,78,258308
37961,0.000183,74.125.130.0-255,2902,23061,78,258308
37962,0.000185,172.31.40.0-255,66,23127,78,258308
37963,0.000212,172.31.40.0-255,66,23193,78,258308
37964,0.000372,74.125.130.0-255,1484,24677,78,258308
37965,0.000377,172.31.40.0-255,66,24743,78,258308
37966,0.000383,74.125.130.0-255,2902,27645,78,258308
37967,0.000385,172.31.40.0-255,66,27711,78,258308
37968,0.000419,74.125.130.0-255,4320,32031,78,258308
37969,0.000422,172.31.40.0-255,66,32097,78,258308
37970,0.000449,74.125.130.0-255,1484,33581,78,258308
37971,0.000451,172.31.40.0-255,66,33647,78,258308
37972,0.000457,74.125.130.0-255,4320,37967,78,258308
37973,0.000459,172.31.40.0-255,66,38033,78,258308
37974,0.000466,74.125.130.0-255,5379,43412,78,258308
37975,0.000468,172.31.40.0-255,66,43478,78,258308
37976,0.000505,74.125.130.0-255,3961,47439,78,258308
37977,0.000554,74.125.130.0-255,678,48117,78,258308
37978,0.000584,172.31.40.0-255,66,48183,78,258308
37979,0.000734,74.125.130.0-255,1484,49667,78,258308
37980,0.000748,74.125.130.0-255,2902,52569,78,258308
37981,0.000752,74.125.130.0-255,1484,54053,78,258308
37982,0.000767,74.125.130.0-255,2902,56955,78,258308
37983,0.000778,172.31.40.0-255,66,57021,78,258308
37984,0.000787,74.125.130.0-255,2902,59923,78,258308
37985,0.000807,172.31.40.0-255,66,59989,78,258308
37986,0.000828,74.125.130.0-255,4320,64309,78,258308
37987,0.000835,74.125.130.0-255,5738,70047,78,258308
37988,0.000849,74.125.130.0-255,1484,71531,78,258308
37989,0.000855,172.31.40.0-255,66,71597,78,258308
37990,0.000872,74.125.130.0-255,2184,73781,78,258308
37991,0.00089,172.31.40.0-255,66,73847,78,258308
37992,0.001303,74.125.130.0-255,1484,75331,78,258308
37993,0.001308,74.125.130.0-255,1484,76815,78,258308
37994,0.001311,172.31.40.0-255,66,76881,78,258308
37995,0.001317,74.125.130.0-255,2902,79783,78,258308
37996,0.001338,74.125.130.0-255,5738,85521,78,258308
37997,0.001354,172.31.40.0-255,66,85587,78,258308
37998,0.001374,74.125.130.0-255,4320,89907,78,258308
37999,0.001395,74.125.130.0-255,5738,95645,78,258308
38000,0.001407,172.31.40.0-255,66,95711,78,258308
38001,0.001421,74.125.130.0-255,4320,100031,78,258308
38002,0.001442,74.125.130.0-255,7156,107187,78,258308
38003,0.001457,74.125.130.0-255,766,107953,78,258308
38004,0.001469,172.31.40.0-255,66,108019,78,258308
38005,0.002072,74.125.130.0-255,1484,109503,78,258308
38006,0.002079,74.125.130.0-255,2902,112405,78,258308
38007,0.002082,172.31.40.0-255,66,112471,78,258308
38008,0.002117,74.125.130.0-255,5738,118209,78,258308
38009,0.00212,172.31.40.0-255,66,118275,78,258308
38010,0.002123,74.125.130.0-255,1484,119759,78,258308
38011,0.002148,74.125.130.0-255,7156,126915,78,258308
38012,0.00215,172.31.40.0-255,66,126981,78,258308
38013,0.002191,74.125.130.0-255,1484,128465,78,258308
38014,0.002205,74.125.130.0-255,3602,132067,78,258308
38015,0.002211,172.31.40.0-255,66,132133,78,258308
38016,0.004421,74.125.130.0-255,5738,137871,78,258308
38017,0.004428,172.31.40.0-255,66,137937,78,258308
38018,0.006643,74.125.130.0-255,5738,143675,78,258308
38019,0.006648,172.31.40.0-255,66,143741,78,258308
38020,0.008865,74.125.130.0-255,5738,149479,78,258308
38021,0.008873,172.31.40.0-255,66,149545,78,258308
38022,0.011106,74.125.130.0-255,5738,155283,78,258308
38023,0.011113,172.31.40.0-255,66,155349,78,258308
38024,0.013333,74.125.130.0-255,5738,161087,78,258308
38025,0.013342,172.31.40.0-255,66,161153,78,258308
38026,0.01557,74.125.130.0-255,5738,166891,78,258308
38027,0.015579,172.31.40.0-255,66,166957,78,258308
38028,0.017796,74.125.130.0-255,5738,172695,78,258308
38029,0.017804,172.31.40.0-255,66,172761,78,258308
38030,0.020022,74.125.130.0-255,5738,178499,78,258308
38031,0.020029,172.31.40.0-255,66,178565,78,258308
38032,0.022251,74.125.130.0-255,5738,184303,78,258308
38033,0.022259,172.31.40.0-255,66,184369,78,258308
38034,0.024518,74.125.130.0-255,5738,190107,78,258308
38035,0.024526,172.31.40.0-255,66,190173,78,258308
38036,0.026744,74.125.130.0-255,5738,195911,78,258308
38037,0.02675,172.31.40.0-255,66,195977,78,258308
38038,0.028145,172.31.40.0-255,172,196149,78,258308
38039,0.028175,172.31.40.0-255,1108,197257,78,258308
38040,0.028238,172.31.40.0-255,1514,198771,78,258308
38041,0.028239,172.31.40.0-255,1299,200070,78,258308
38042,0.028977,74.125.130.0-255,5738,205808,78,258308
38043,0.028984,172.31.40.0-255,66,205874,78,258308
38044,0.029679,104.244.42.0-255,66,205940,78,258308
38045,0.029712,104.244.42.0-255,66,206006,78,258308
38046,0.029807,104.244.42.0-255,66,206072,78,258308
38047,0.031202,74.125.130.0-255,5738,211810,78,258308
38048,0.031207,172.31.40.0-255,66,211876,78,258308
38049,0.033423,74.125.130.0-255,5738,217614,78,258308
38050,0.03343,172.31.40.0-255,66,217680,78,258308
38051,0.035672,74.125.130.0-255,5738,223418,78,258308
38052,0.035689,172.31.40.0-255,66,223484,78,258308
38053,0.037912,74.125.130.0-255,5738,229222,78,258308
38054,0.037926,172.31.40.0-255,66,229288,78,258308
38055,0.040175,74.125.130.0-255,5738,235026,78,258308
38056,0.040192,172.31.40.0-255,66,235092,78,258308
38057,0.042414,74.125.130.0-255,5738,240830,78,258308
38058,0.042426,172.31.40.0-255,66,240896,78,258308
38059,0.044657,74.125.130.0-255,5738,246634,78,258308
38060,0.04467,172.31.40.0-255,66,246700,78,258308
38061,0.046906,74.125.130.0-255,5738,252438,78,258308
38062,0.046923,172.31.40.0-255,66,252504,78,258308
38063,0.049162,74.125.130.0-255,5738,258242,78,258308
38064,0.049176,172.31.40.0-255,66,258308,78,258308
38065,0.0,172.217.27.0-255,146,146,78,270533
38066,1.2e-05,172.31.40.0-255,66,212,78,270533
38067,1.8e-05,172.217.27.0-255,1484,1696,78,270533
38068,2.2e-05,172.31.40.0-255,66,1762,78,270533
38069,2.7e-05,172.217.27.0-255,2902,4664,78,270533
38070,3e-05,172.31.40.0-255,66,4730,78,270533
38071,6.2e-05,172.217.27.0-255,5738,10468,78,270533
38072,6.4e-05,172.31.40.0-255,66,10534,78,270533
38073,7.1e-05,172.217.27.0-255,6255,16789,78,270533
38074,7.3e-05,172.31.40.0-255,66,16855,78,270533
38075,0.000108,172.31.40.0-255,66,16921,78,270533
38076,0.000189,172.217.27.0-255,1484,18405,78,270533
38077,0.000193,172.31.40.0-255,66,18471,78,270533
38078,0.000198,172.217.27.0-255,2902,21373,78,270533
38079,0.0002,172.31.40.0-255,66,21439,78,270533
38080,0.000204,172.217.27.0-255,1484,22923,78,270533
38081,0.000205,172.31.40.0-255,66,22989,78,270533
38082,0.000225,172.217.27.0-255,2902,25891,78,270533
38083,0.000228,172.31.40.0-255,66,25957,78,270533
38084,0.00024,172.31.40.0-255,66,26023,78,270533
38085,0.00027,172.217.27.0-255,7156,33179,78,270533
38086,0.000273,172.31.40.0-255,66,33245,78,270533
38087,0.000296,172.31.40.0-255,66,33311,78,270533
38088,0.000299,172.217.27.0-255,394,33705,78,270533
38089,0.000301,172.31.40.0-255,66,33771,78,270533
38090,0.000564,172.217.27.0-255,116,33887,78,270533
38091,0.000569,172.31.40.0-255,66,33953,78,270533
38092,0.00067,172.217.27.0-255,1484,35437,78,270533
38093,0.000674,172.31.40.0-255,66,35503,78,270533
38094,0.000679,172.217.27.0-255,2902,38405,78,270533
38095,0.000681,172.31.40.0-255,66,38471,78,270533
38096,0.000686,172.217.27.0-255,2902,41373,78,270533
38097,0.000688,172.31.40.0-255,66,41439,78,270533
38098,0.000703,172.217.27.0-255,2902,44341,78,270533
38099,0.000706,172.31.40.0-255,66,44407,78,270533
38100,0.000717,172.31.40.0-255,66,44473,78,270533
38101,0.000722,172.217.27.0-255,4320,48793,78,270533
38102,0.000724,172.31.40.0-255,66,48859,78,270533
38103,0.000744,172.217.27.0-255,4320,53179,78,270533
38104,0.000747,172.31.40.0-255,66,53245,78,270533
38105,0.000775,172.217.27.0-255,6797,60042,78,270533
38106,0.00078,172.31.40.0-255,66,60108,78,270533
38107,0.00085,172.217.27.0-255,1484,61592,78,270533
38108,0.000856,172.217.27.0-255,2902,64494,78,270533
38109,0.00086,172.31.40.0-255,66,64560,78,270533
38110,0.000864,172.217.27.0-255,2902,67462,78,270533
38111,0.000866,172.31.40.0-255,66,67528,78,270533
38112,0.000881,172.217.27.0-255,2902,70430,78,270533
38113,0.000884,172.31.40.0-255,66,70496,78,270533
38114,0.000929,172.31.40.0-255,66,70562,78,270533
38115,0.000942,172.31.40.0-255,66,70628,78,270533
38116,0.000976,172.217.27.0-255,1484,72112,78,270533
38117,0.000981,172.217.27.0-255,2902,75014,78,270533
38118,0.000983,172.31.40.0-255,66,75080,78,270533
38119,0.000988,172.217.27.0-255,2902,77982,78,270533
38120,0.00099,172.31.40.0-255,66,78048,78,270533
38121,0.001006,172.217.27.0-255,2902,80950,78,270533
38122,0.001008,172.31.40.0-255,66,81016,78,270533
38123,0.001016,172.217.27.0-255,7156,88172,78,270533
38124,0.001018,172.31.40.0-255,66,88238,78,270533
38125,0.001047,172.217.27.0-255,4320,92558,78,270533
38126,0.00105,172.31.40.0-255,66,92624,78,270533
38127,0.001065,172.31.40.0-255,66,92690,78,270533
38128,0.001091,172.217.27.0-255,1484,94174,78,270533
38129,0.001096,172.217.27.0-255,2902,97076,78,270533
38130,0.001098,172.31.40.0-255,66,97142,78,270533
38131,0.001121,172.217.27.0-255,2902,100044,78,270533
38132,0.001124,172.31.40.0-255,66,100110,78,270533
38133,0.001129,172.217.27.0-255,4320,104430,78,270533
38134,0.001131,172.31.40.0-255,66,104496,78,270533
38135,0.001142,172.31.40.0-255,66,104562,78,270533
38136,0.001168,172.217.27.0-255,4320,108882,78,270533
38137,0.00117,172.31.40.0-255,66,108948,78,270533
38138,0.001197,172.31.40.0-255,66,109014,78,270533
38139,0.001213,172.217.27.0-255,1484,110498,78,270533
38140,0.001242,172.31.40.0-255,66,110564,78,270533
38141,0.001292,172.217.27.0-255,2227,112791,78,270533
38142,0.001295,172.31.40.0-255,66,112857,78,270533
38143,0.001298,172.217.27.0-255,2902,115759,78,270533
38144,0.001301,172.31.40.0-255,66,115825,78,270533
38145,0.001314,172.217.27.0-255,4320,120145,78,270533
38146,0.001317,172.31.40.0-255,66,120211,78,270533
38147,0.001322,172.217.27.0-255,5738,125949,78,270533
38148,0.001324,172.31.40.0-255,66,126015,78,270533
38149,0.001348,172.217.27.0-255,4320,130335,78,270533
38150,0.001351,172.31.40.0-255,66,130401,78,270533
38151,0.001374,172.217.27.0-255,7156,137557,78,270533
38152,0.001377,172.31.40.0-255,66,137623,78,270533
38153,0.001387,172.31.40.0-255,66,137689,78,270533
38154,0.001454,172.217.27.0-255,1484,139173,78,270533
38155,0.001459,172.217.27.0-255,2902,142075,78,270533
38156,0.001462,172.31.40.0-255,66,142141,78,270533
38157,0.001466,172.217.27.0-255,2902,145043,78,270533
38158,0.001468,172.31.40.0-255,66,145109,78,270533
38159,0.001481,172.217.27.0-255,1484,146593,78,270533
38160,0.001486,172.217.27.0-255,5738,152331,78,270533
38161,0.001488,172.31.40.0-255,66,152397,78,270533
38162,0.00151,172.217.27.0-255,5738,158135,78,270533
38163,0.001512,172.31.40.0-255,66,158201,78,270533
38164,0.001535,172.217.27.0-255,5738,163939,78,270533
38165,0.001538,172.31.40.0-255,66,164005,78,270533
38166,0.001546,172.31.40.0-255,66,164071,78,270533
38167,0.00158,172.217.27.0-255,1484,165555,78,270533
38168,0.001585,172.217.27.0-255,2902,168457,78,270533
38169,0.001587,172.31.40.0-255,66,168523,78,270533
38170,0.001591,172.217.27.0-255,2902,171425,78,270533
38171,0.001592,172.31.40.0-255,66,171491,78,270533
38172,0.001607,172.217.27.0-255,2902,174393,78,270533
38173,0.00161,172.31.40.0-255,66,174459,78,270533
38174,0.001612,172.217.27.0-255,1484,175943,78,270533
38175,0.001643,172.31.40.0-255,66,176009,78,270533
38176,0.001646,172.217.27.0-255,1484,177493,78,270533
38177,0.003252,172.217.27.0-255,4320,181813,78,270533
38178,0.003258,172.31.40.0-255,66,181879,78,270533
38179,0.004876,172.217.27.0-255,5738,187617,78,270533
38180,0.004884,172.31.40.0-255,66,187683,78,270533
38181,0.006496,172.217.27.0-255,5738,193421,78,270533
38182,0.006501,172.31.40.0-255,66,193487,78,270533
38183,0.00811,172.217.27.0-255,5738,199225,78,270533
38184,0.008113,172.31.40.0-255,66,199291,78,270533
38185,0.009731,172.217.27.0-255,5738,205029,78,270533
38186,0.009738,172.31.40.0-255,66,205095,78,270533
38187,0.011352,172.217.27.0-255,5738,210833,78,270533
38188,0.011358,172.31.40.0-255,66,210899,78,270533
38189,0.012976,172.217.27.0-255,5738,216637,78,270533
38190,0.012984,172.31.40.0-255,66,216703,78,270533
38191,0.014608,172.217.27.0-255,5738,222441,78,270533
38192,0.014615,172.31.40.0-255,66,222507,78,270533
38193,0.01625,172.217.27.0-255,5738,228245,78,270533
38194,0.016259,172.31.40.0-255,66,228311,78,270533
38195,0.01789,172.217.27.0-255,5738,234049,78,270533
38196,0.017898,172.31.40.0-255,66,234115,78,270533
38197,0.019532,172.217.27.0-255,5738,239853,78,270533
38198,0.019538,172.31.40.0-255,66,239919,78,270533
38199,0.021149,172.217.27.0-255,5738,245657,78,270533
38200,0.021156,172.31.40.0-255,66,245723,78,270533
38201,0.022775,172.217.27.0-255,5738,251461,78,270533
38202,0.02278,172.31.40.0-255,66,251527,78,270533
38203,0.024397,172.217.27.0-255,5738,257265,78,270533
38204,0.024402,172.31.40.0-255,66,257331,78,270533
38205,0.026019,172.217.27.0-255,5738,263069,78,270533
38206,0.026026,172.31.40.0-255,66,263135,78,270533
38207,0.027639,172.217.27.0-255,2870,266005,78,270533
38208,0.027646,172.31.40.0-255,66,266071,78,270533
38209,0.027824,172.31.40.0-255,105,266176,78,270533
38210,0.029403,172.217.27.0-255,66,266242,78,270533
38211,0.030371,172.31.40.0-255,172,266414,78,270533
38212,0.030396,172.31.40.0-255,1107,267521,78,270533
38213,0.030449,172.31.40.0-255,1514,269035,78,270533
38214,0.03045,172.31.40.0-255,1300,270335,78,270533
38215,0.031899,104.244.42.0-255,66,270401,78,270533
38216,0.031921,104.244.42.0-255,66,270467,78,270533
38217,0.031986,104.244.42.0-255,66,270533,78,270533
38218,0.0,74.125.24.0-255,143,143,78,260007
38219,2.3e-05,172.31.40.0-255,66,209,78,260007
38220,2.9e-05,74.125.24.0-255,1484,1693,78,260007
38221,3.4e-05,172.31.40.0-255,66,1759,78,260007
38222,4e-05,74.125.24.0-255,2902,4661,78,260007
38223,4.4e-05,172.31.40.0-255,66,4727,78,260007
38224,5.1e-05,74.125.24.0-255,7156,11883,78,260007
38225,5.4e-05,172.31.40.0-255,66,11949,78,260007
38226,5.8e-05,74.125.24.0-255,2168,14117,78,260007
38227,6.1e-05,172.31.40.0-255,66,14183,78,260007
38228,0.000207,74.125.24.0-255,1484,15667,78,260007
38229,0.000212,172.31.40.0-255,66,15733,78,260007
38230,0.000217,74.125.24.0-255,1484,17217,78,260007
38231,0.00022,172.31.40.0-255,66,17283,78,260007
38232,0.000231,74.125.24.0-255,1484,18767,78,260007
38233,0.000233,172.31.40.0-255,66,18833,78,260007
38234,0.000239,74.125.24.0-255,5738,24571,78,260007
38235,0.000242,172.31.40.0-255,66,24637,78,260007
38236,0.000261,74.125.24.0-255,5738,30375,78,260007
38237,0.000263,172.31.40.0-255,66,30441,78,260007
38238,0.000285,74.125.24.0-255,5379,35820,78,260007
38239,0.000288,172.31.40.0-255,66,35886,78,260007
38240,0.000295,74.125.24.0-255,7156,43042,78,260007
38241,0.000297,172.31.40.0-255,66,43108,78,260007
38242,0.000319,74.125.24.0-255,4320,47428,78,260007
38243,0.000321,172.31.40.0-255,66,47494,78,260007
38244,0.000333,172.31.40.0-255,66,47560,78,260007
38245,0.000358,74.125.24.0-255,6438,53998,78,260007
38246,0.000361,172.31.40.0-255,66,54064,78,260007
38247,0.000364,74.125.24.0-255,361,54425,78,260007
38248,0.000366,172.31.40.0-255,66,54491,78,260007
38249,0.000855,74.125.24.0-255,133,54624,78,260007
38250,0.000969,172.31.40.0-255,66,54690,78,260007
38251,0.001081,74.125.24.0-255,1484,56174,78,260007
38252,0.00109,74.125.24.0-255,2902,59076,78,260007
38253,0.001093,172.31.40.0-255,66,59142,78,260007
38254,0.001097,74.125.24.0-255,1484,60626,78,260007
38255,0.001114,74.125.24.0-255,4320,64946,78,260007
38256,0.001116,172.31.40.0-255,66,65012,78,260007
38257,0.001123,74.125.24.0-255,5738,70750,78,260007
38258,0.001125,172.31.40.0-255,66,70816,78,260007
38259,0.00116,172.31.40.0-255,66,70882,78,260007
38260,0.001166,74.125.24.0-255,4320,75202,78,260007
38261,0.001168,172.31.40.0-255,66,75268,78,260007
38262,0.001185,74.125.24.0-255,766,76034,78,260007
38263,0.001826,74.125.24.0-255,1484,77518,78,260007
38264,0.001832,172.31.40.0-255,66,77584,78,260007
38265,0.00184,74.125.24.0-255,2902,80486,78,260007
38266,0.001842,172.31.40.0-255,66,80552,78,260007
38267,0.001849,74.125.24.0-255,5738,86290,78,260007
38268,0.001852,172.31.40.0-255,66,86356,78,260007
38269,0.001885,172.31.40.0-255,66,86422,78,260007
38270,0.001892,74.125.24.0-255,7156,93578,78,260007
38271,0.001894,172.31.40.0-255,66,93644,78,260007
38272,0.001935,74.125.24.0-255,3602,97246,78,260007
38273,0.001938,172.31.40.0-255,66,97312,78,260007
38274,0.001942,74.125.24.0-255,2902,100214,78,260007
38275,0.001945,172.31.40.0-255,66,100280,78,260007
38276,0.001963,74.125.24.0-255,1484,101764,78,260007
38277,0.001971,74.125.24.0-255,7156,108920,78,260007
38278,0.001973,172.31.40.0-255,66,108986,78,260007
38279,0.001995,74.125.24.0-255,2902,111888,78,260007
38280,0.001998,172.31.40.0-255,66,111954,78,260007
38281,0.002004,74.125.24.0-255,7156,119110,78,260007
38282,0.002007,172.31.40.0-255,66,119176,78,260007
38283,0.002028,74.125.24.0-255,2902,122078,78,260007
38284,0.00203,172.31.40.0-255,66,122144,78,260007
38285,0.00206,172.31.40.0-255,66,122210,78,260007
38286,0.004083,74.125.24.0-255,5738,127948,78,260007
38287,0.004088,172.31.40.0-255,66,128014,78,260007
38288,0.006077,74.125.24.0-255,2902,130916,78,260007
38289,0.006081,172.31.40.0-255,66,130982,78,260007
38290,0.0061,74.125.24.0-255,2902,133884,78,260007
38291,0.006102,172.31.40.0-255,66,133950,78,260007
38292,0.0081,74.125.24.0-255,5738,139688,78,260007
38293,0.008107,172.31.40.0-255,66,139754,78,260007
38294,0.010137,74.125.24.0-255,5738,145492,78,260007
38295,0.010145,172.31.40.0-255,66,145558,78,260007
38296,0.012183,74.125.24.0-255,5738,151296,78,260007
38297,0.01219,172.31.40.0-255,66,151362,78,260007
38298,0.014206,74.125.24.0-255,5738,157100,78,260007
38299,0.014214,172.31.40.0-255,66,157166,78,260007
38300,0.016273,74.125.24.0-255,5738,162904,78,260007
38301,0.016289,172.31.40.0-255,66,162970,78,260007
38302,0.01832,74.125.24.0-255,5738,168708,78,260007
38303,0.018333,172.31.40.0-255,66,168774,78,260007
38304,0.020356,74.125.24.0-255,5738,174512,78,260007
38305,0.020364,172.31.40.0-255,66,174578,78,260007
38306,0.022395,74.125.24.0-255,5738,180316,78,260007
38307,0.022407,172.31.40.0-255,66,180382,78,260007
38308,0.024003,172.31.40.0-255,172,180554,78,260007
38309,0.024034,172.31.40.0-255,1103,181657,78,260007
38310,0.0241,172.31.40.0-255,1514,183171,78,260007
38311,0.024102,172.31.40.0-255,1186,184357,78,260007
38312,0.024443,74.125.24.0-255,5738,190095,78,260007
38313,0.024451,172.31.40.0-255,66,190161,78,260007
38314,0.025541,104.244.42.0-255,66,190227,78,260007
38315,0.025576,104.244.42.0-255,66,190293,78,260007
38316,0.025711,104.244.42.0-255,66,190359,78,260007
38317,0.026467,74.125.24.0-255,5738,196097,78,260007
38318,0.026473,172.31.40.0-255,66,196163,78,260007
38319,0.028516,74.125.24.0-255,5738,201901,78,260007
38320,0.028524,172.31.40.0-255,66,201967,78,260007
38321,0.030596,74.125.24.0-255,5738,207705,78,260007
38322,0.030604,172.31.40.0-255,66,207771,78,260007
38323,0.032611,74.125.24.0-255,5738,213509,78,260007
38324,0.032623,172.31.40.0-255,66,213575,78,260007
38325,0.034672,74.125.24.0-255,5738,219313,78,260007
38326,0.034685,172.31.40.0-255,66,219379,78,260007
38327,0.036725,74.125.24.0-255,5738,225117,78,260007
38328,0.036738,172.31.40.0-255,66,225183,78,260007
38329,0.038785,74.125.24.0-255,5738,230921,78,260007
38330,0.038796,172.31.40.0-255,66,230987,78,260007
38331,0.040863,74.125.24.0-255,5738,236725,78,260007
38332,0.040874,172.31.40.0-255,66,236791,78,260007
38333,0.042896,74.125.24.0-255,5738,242529,78,260007
38334,0.042903,172.31.40.0-255,66,242595,78,260007
38335,0.044928,74.125.24.0-255,5738,248333,78,260007
38336,0.044935,172.31.40.0-255,66,248399,78,260007
38337,0.046966,74.125.24.0-255,5738,254137,78,260007
38338,0.046972,172.31.40.0-255,66,254203,78,260007
38339,0.048989,74.125.24.0-255,5738,259941,78,260007
38340,0.048997,172.31.40.0-255,66,260007,78,260007
38341,0.0,172.217.27.0-255,153,153,78,247801
38342,1.8e-05,172.31.40.0-255,66,219,78,247801
38343,2.5e-05,172.217.27.0-255,1484,1703,78,247801
38344,2.9e-05,172.31.40.0-255,66,1769,78,247801
38345,3.4e-05,172.217.27.0-255,2902,4671,78,247801
38346,3.7e-05,172.31.40.0-255,66,4737,78,247801
38347,5.2e-05,172.217.27.0-255,7156,11893,78,247801
38348,5.5e-05,172.31.40.0-255,66,11959,78,247801
38349,0.000114,172.31.40.0-255,66,12025,78,247801
38350,0.00012,172.217.27.0-255,3961,15986,78,247801
38351,0.000122,172.31.40.0-255,66,16052,78,247801
38352,0.000187,172.217.27.0-255,1484,17536,78,247801
38353,0.00019,172.31.40.0-255,66,17602,78,247801
38354,0.000216,172.217.27.0-255,2902,20504,78,247801
38355,0.000219,172.31.40.0-255,66,20570,78,247801
38356,0.000226,172.217.27.0-255,5738,26308,78,247801
38357,0.000228,172.31.40.0-255,66,26374,78,247801
38358,0.000235,172.217.27.0-255,6797,33171,78,247801
38359,0.000237,172.31.40.0-255,66,33237,78,247801
38360,0.000301,172.217.27.0-255,1484,34721,78,247801
38361,0.000304,172.31.40.0-255,66,34787,78,247801
38362,0.000308,172.217.27.0-255,1484,36271,78,247801
38363,0.00031,172.31.40.0-255,66,36337,78,247801
38364,0.000315,172.217.27.0-255,2902,39239,78,247801
38365,0.000317,172.31.40.0-255,66,39305,78,247801
38366,0.000352,172.217.27.0-255,5738,45043,78,247801
38367,0.000355,172.31.40.0-255,66,45109,78,247801
38368,0.000359,172.217.27.0-255,1484,46593,78,247801
38369,0.000361,172.31.40.0-255,66,46659,78,247801
38370,0.000388,172.217.27.0-255,4252,50911,78,247801
38371,0.000391,172.31.40.0-255,66,50977,78,247801
38372,0.001035,172.217.27.0-255,385,51362,78,247801
38373,0.001086,172.31.40.0-255,66,51428,78,247801
38374,0.001165,172.217.27.0-255,1484,52912,78,247801
38375,0.001174,172.217.27.0-255,2902,55814,78,247801
38376,0.001178,172.31.40.0-255,66,55880,78,247801
38377,0.001183,172.217.27.0-255,1484,57364,78,247801
38378,0.001206,172.217.27.0-255,4320,61684,78,247801
38379,0.001209,172.31.40.0-255,66,61750,78,247801
38380,0.001231,172.217.27.0-255,6797,68547,78,247801
38381,0.001233,172.31.40.0-255,66,68613,78,247801
38382,0.001258,172.217.27.0-255,2902,71515,78,247801
38383,0.00126,172.31.40.0-255,66,71581,78,247801
38384,0.001293,172.217.27.0-255,4320,75901,78,247801
38385,0.001296,172.31.40.0-255,66,75967,78,247801
38386,0.001312,172.31.40.0-255,66,76033,78,247801
38387,0.002963,172.217.27.0-255,5738,81771,78,247801
38388,0.002971,172.31.40.0-255,66,81837,78,247801
38389,0.004623,172.217.27.0-255,1484,83321,78,247801
38390,0.004643,172.217.27.0-255,4320,87641,78,247801
38391,0.004646,172.31.40.0-255,66,87707,78,247801
38392,0.006295,172.217.27.0-255,2902,90609,78,247801
38393,0.006309,172.217.27.0-255,2902,93511,78,247801
38394,0.006509,172.31.40.0-255,66,93577,78,247801
38395,0.008168,172.217.27.0-255,5738,99315,78,247801
38396,0.008175,172.31.40.0-255,66,99381,78,247801
38397,0.009838,172.217.27.0-255,5738,105119,78,247801
38398,0.009846,172.31.40.0-255,66,105185,78,247801
38399,0.011508,172.217.27.0-255,5738,110923,78,247801
38400,0.011516,172.31.40.0-255,66,110989,78,247801
38401,0.013183,172.217.27.0-255,5738,116727,78,247801
38402,0.013191,172.31.40.0-255,66,116793,78,247801
38403,0.014852,172.217.27.0-255,5738,122531,78,247801
38404,0.014859,172.31.40.0-255,66,122597,78,247801
38405,0.016517,172.217.27.0-255,5738,128335,78,247801
38406,0.016524,172.31.40.0-255,66,128401,78,247801
38407,0.018174,172.217.27.0-255,5738,134139,78,247801
38408,0.018181,172.31.40.0-255,66,134205,78,247801
38409,0.019837,172.217.27.0-255,5738,139943,78,247801
38410,0.019844,172.31.40.0-255,66,140009,78,247801
38411,0.021502,172.217.27.0-255,5738,145747,78,247801
38412,0.021509,172.31.40.0-255,66,145813,78,247801
38413,0.023177,172.217.27.0-255,5738,151551,78,247801
38414,0.023183,172.31.40.0-255,66,151617,78,247801
38415,0.024287,172.31.40.0-255,167,151784,78,247801
38416,0.02432,172.31.40.0-255,1103,152887,78,247801
38417,0.024378,172.31.40.0-255,1514,154401,78,247801
38418,0.02438,172.31.40.0-255,338,154739,78,247801
38419,0.024848,172.217.27.0-255,5738,160477,78,247801
38420,0.024855,172.31.40.0-255,66,160543,78,247801
38421,0.025879,104.244.42.0-255,66,160609,78,247801
38422,0.025896,104.244.42.0-255,66,160675,78,247801
38423,0.02593,104.244.42.0-255,66,160741,78,247801
38424,0.026518,172.217.27.0-255,5738,166479,78,247801
38425,0.026524,172.31.40.0-255,66,166545,78,247801
38426,0.028215,172.217.27.0-255,5738,172283,78,247801
38427,0.028222,172.31.40.0-255,66,172349,78,247801
38428,0.029884,172.217.27.0-255,5738,178087,78,247801
38429,0.029891,172.31.40.0-255,66,178153,78,247801
38430,0.031559,172.217.27.0-255,5738,183891,78,247801
38431,0.031566,172.31.40.0-255,66,183957,78,247801
38432,0.033231,172.217.27.0-255,5738,189695,78,247801
38433,0.033238,172.31.40.0-255,66,189761,78,247801
38434,0.034901,172.217.27.0-255,5738,195499,78,247801
38435,0.034907,172.31.40.0-255,66,195565,78,247801
38436,0.036574,172.217.27.0-255,5738,201303,78,247801
38437,0.03658,172.31.40.0-255,66,201369,78,247801
38438,0.038244,172.217.27.0-255,5738,207107,78,247801
38439,0.03825,172.31.40.0-255,66,207173,78,247801
38440,0.039906,172.217.27.0-255,5738,212911,78,247801
38441,0.039913,172.31.40.0-255,66,212977,78,247801
38442,0.041581,172.217.27.0-255,5738,218715,78,247801
38443,0.041588,172.31.40.0-255,66,218781,78,247801
38444,0.043251,172.217.27.0-255,5738,224519,78,247801
38445,0.043257,172.31.40.0-255,66,224585,78,247801
38446,0.044922,172.217.27.0-255,5738,230323,78,247801
38447,0.044931,172.31.40.0-255,66,230389,78,247801
38448,0.046606,172.217.27.0-255,5738,236127,78,247801
38449,0.046624,172.31.40.0-255,66,236193,78,247801
38450,0.048292,172.217.27.0-255,5738,241931,78,247801
38451,0.048306,172.31.40.0-255,66,241997,78,247801
38452,0.04998,172.217.27.0-255,5738,247735,78,247801
38453,0.049997,172.31.40.0-255,66,247801,78,247801
38454,0.0,172.217.194.0-255,146,146,78,167397
38455,2.6e-05,172.31.40.0-255,66,212,78,167397
38456,3.4e-05,172.217.194.0-255,1484,1696,78,167397
38457,4.1e-05,172.31.40.0-255,66,1762,78,167397
38458,5.4e-05,172.217.194.0-255,2902,4664,78,167397
38459,5.7e-05,172.31.40.0-255,66,4730,78,167397
38460,6.5e-05,172.217.194.0-255,7156,11886,78,167397
38461,6.8e-05,172.31.40.0-255,66,11952,78,167397
38462,7.2e-05,172.217.194.0-255,2010,13962,78,167397
38463,7.5e-05,172.31.40.0-255,66,14028,78,167397
38464,0.000121,172.217.194.0-255,1484,15512,78,167397
38465,0.000124,172.31.40.0-255,66,15578,78,167397
38466,0.000129,172.217.194.0-255,2902,18480,78,167397
38467,0.000131,172.31.40.0-255,66,18546,78,167397
38468,0.000134,172.217.194.0-255,1484,20030,78,167397
38469,0.00014,172.31.40.0-255,66,20096,78,167397
38470,0.000178,172.217.194.0-255,4320,24416,78,167397
38471,0.000181,172.31.40.0-255,66,24482,78,167397
38472,0.000188,172.217.194.0-255,6797,31279,78,167397
38473,0.00019,172.31.40.0-255,66,31345,78,167397
38474,0.000339,172.217.194.0-255,1484,32829,78,167397
38475,0.000343,172.31.40.0-255,66,32895,78,167397
38476,0.000357,172.217.194.0-255,2902,35797,78,167397
38477,0.000364,172.31.40.0-255,66,35863,78,167397
38478,0.000369,172.217.194.0-255,2902,38765,78,167397
38479,0.000371,172.31.40.0-255,66,38831,78,167397
38480,0.000399,172.217.194.0-255,2902,41733,78,167397
38481,0.000406,172.31.40.0-255,66,41799,78,167397
38482,0.000418,172.31.40.0-255,66,41865,78,167397
38483,0.000455,172.217.194.0-255,5379,47244,78,167397
38484,0.000458,172.31.40.0-255,66,47310,78,167397
38485,0.00047,172.31.40.0-255,66,47376,78,167397
38486,0.000477,172.217.194.0-255,1446,48822,78,167397
38487,0.000504,172.217.194.0-255,1484,50306,78,167397
38488,0.000507,172.31.40.0-255,66,50372,78,167397
38489,0.000512,172.217.194.0-255,4320,54692,78,167397
38490,0.000515,172.31.40.0-255,66,54758,78,167397
38491,0.000551,172.217.194.0-255,5738,60496,78,167397
38492,0.000554,172.31.40.0-255,66,60562,78,167397
38493,0.000557,172.217.194.0-255,1484,62046,78,167397
38494,0.000587,172.31.40.0-255,66,62112,78,167397
38495,0.000627,172.31.40.0-255,66,62178,78,167397
38496,0.001253,172.217.194.0-255,1484,63662,78,167397
38497,0.001262,172.217.194.0-255,2902,66564,78,167397
38498,0.001266,172.31.40.0-255,66,66630,78,167397
38499,0.001274,172.217.194.0-255,5738,72368,78,167397
38500,0.001276,172.31.40.0-255,66,72434,78,167397
38501,0.001291,172.217.194.0-255,5738,78172,78,167397
38502,0.001293,172.31.40.0-255,66,78238,78,167397
38503,0.00134,172.31.40.0-255,66,78304,78,167397
38504,0.001346,172.217.194.0-255,5020,83324,78,167397
38505,0.001348,172.31.40.0-255,66,83390,78,167397
38506,0.001377,172.217.194.0-255,5738,89128,78,167397
38507,0.001379,172.31.40.0-255,66,89194,78,167397
38508,0.001385,172.217.194.0-255,4320,93514,78,167397
38509,0.001387,172.31.40.0-255,66,93580,78,167397
38510,0.001435,172.31.40.0-255,66,93646,78,167397
38511,0.001459,172.31.40.0-255,66,93712,78,167397
38512,0.001488,172.217.194.0-255,5020,98732,78,167397
38513,0.001491,172.31.40.0-255,66,98798,78,167397
38514,0.00151,172.31.40.0-255,66,98864,78,167397
38515,0.001526,172.31.40.0-255,66,98930,78,167397
38516,0.001554,172.217.194.0-255,5020,103950,78,167397
38517,0.001557,172.31.40.0-255,66,104016,78,167397
38518,0.001566,172.217.194.0-255,2902,106918,78,167397
38519,0.001568,172.31.40.0-255,66,106984,78,167397
38520,0.001595,172.217.194.0-255,2902,109886,78,167397
38521,0.001602,172.31.40.0-255,66,109952,78,167397
38522,0.001616,172.31.40.0-255,66,110018,78,167397
38523,0.001665,172.217.194.0-255,2902,112920,78,167397
38524,0.00167,172.31.40.0-255,66,112986,78,167397
38525,0.001693,172.31.40.0-255,66,113052,78,167397
38526,0.001718,172.217.194.0-255,2184,115236,78,167397
38527,0.001721,172.31.40.0-255,66,115302,78,167397
38528,0.001726,172.217.194.0-255,2902,118204,78,167397
38529,0.001729,172.31.40.0-255,66,118270,78,167397
38530,0.001765,172.31.40.0-255,66,118336,78,167397
38531,0.001778,172.217.194.0-255,5738,124074,78,167397
38532,0.00178,172.31.40.0-255,66,124140,78,167397
38533,0.001823,172.31.40.0-255,66,124206,78,167397
38534,0.001828,172.217.194.0-255,3602,127808,78,167397
38535,0.00183,172.31.40.0-255,66,127874,78,167397
38536,0.001836,172.217.194.0-255,4320,132194,78,167397
38537,0.001838,172.31.40.0-255,66,132260,78,167397
38538,0.001854,172.31.40.0-255,66,132326,78,167397
38539,0.00186,172.217.194.0-255,2902,135228,78,167397
38540,0.001862,172.31.40.0-255,66,135294,78,167397
38541,0.001877,172.31.40.0-255,66,135360,78,167397
38542,0.001881,172.217.194.0-255,2184,137544,78,167397
38543,0.001883,172.31.40.0-255,66,137610,78,167397
38544,0.002086,172.217.194.0-255,1484,139094,78,167397
38545,0.002092,172.217.194.0-255,2902,141996,78,167397
38546,0.002096,172.31.40.0-255,66,142062,78,167397
38547,0.002099,172.217.194.0-255,1484,143546,78,167397
38548,0.002124,172.217.194.0-255,4320,147866,78,167397
38549,0.002126,172.31.40.0-255,66,147932,78,167397
38550,0.002138,172.31.40.0-255,66,147998,78,167397
38551,0.002167,172.217.194.0-255,4320,152318,78,167397
38552,0.002169,172.31.40.0-255,66,152384,78,167397
38553,0.002186,172.31.40.0-255,66,152450,78,167397
38554,0.002212,172.217.194.0-255,4320,156770,78,167397
38555,0.002214,172.31.40.0-255,66,156836,78,167397
38556,0.002271,172.31.40.0-255,66,156902,78,167397
38557,0.002274,172.31.40.0-255,66,156968,78,167397
38558,0.002281,172.31.40.0-255,66,157034,78,167397
38559,0.00229,172.217.194.0-255,3602,160636,78,167397
38560,0.002293,172.31.40.0-255,66,160702,78,167397
38561,0.002309,172.217.194.0-255,2902,163604,78,167397
38562,0.002312,172.31.40.0-255,66,163670,78,167397
38563,0.002358,172.31.40.0-255,66,163736,78,167397
38564,0.004589,172.217.194.0-255,105,163841,78,167397
38565,0.017449,172.31.40.0-255,66,163907,78,167397
38566,0.017502,172.31.40.0-255,105,164012,78,167397
38567,0.019723,172.217.194.0-255,66,164078,78,167397
38568,0.0474,172.31.40.0-255,167,164245,78,167397
38569,0.047438,172.31.40.0-255,1104,165349,78,167397
38570,0.047497,172.31.40.0-255,1514,166863,78,167397
38571,0.047499,172.31.40.0-255,336,167199,78,167397
38572,0.048952,104.244.42.0-255,66,167265,78,167397
38573,0.048992,104.244.42.0-255,66,167331,78,167397
38574,0.049095,104.244.42.0-255,66,167397,78,167397
38575,0.0,172.217.194.0-255,153,153,78,238110
38576,2.1e-05,172.31.40.0-255,66,219,78,238110
38577,2.7e-05,172.217.194.0-255,1484,1703,78,238110
38578,3.2e-05,172.31.40.0-255,66,1769,78,238110
38579,3.8e-05,172.217.194.0-255,2902,4671,78,238110
38580,4.1e-05,172.31.40.0-255,66,4737,78,238110
38581,5.6e-05,172.217.194.0-255,7156,11893,78,238110
38582,5.9e-05,172.31.40.0-255,66,11959,78,238110
38583,9.6e-05,172.217.194.0-255,2030,13989,78,238110
38584,9.9e-05,172.31.40.0-255,66,14055,78,238110
38585,0.000103,172.217.194.0-255,1484,15539,78,238110
38586,0.000104,172.31.40.0-255,66,15605,78,238110
38587,0.000132,172.217.194.0-255,1484,17089,78,238110
38588,0.00014,172.31.40.0-255,66,17155,78,238110
38589,0.000149,172.217.194.0-255,7156,24311,78,238110
38590,0.000152,172.31.40.0-255,66,24377,78,238110
38591,0.000182,172.217.194.0-255,4320,28697,78,238110
38592,0.000185,172.31.40.0-255,66,28763,78,238110
38593,0.000214,172.217.194.0-255,2543,31306,78,238110
38594,0.000216,172.31.40.0-255,66,31372,78,238110
38595,0.000219,172.217.194.0-255,1484,32856,78,238110
38596,0.000221,172.31.40.0-255,66,32922,78,238110
38597,0.000226,172.217.194.0-255,2902,35824,78,238110
38598,0.000229,172.31.40.0-255,66,35890,78,238110
38599,0.000263,172.217.194.0-255,5738,41628,78,238110
38600,0.00027,172.31.40.0-255,66,41694,78,238110
38601,0.000276,172.217.194.0-255,5738,47432,78,238110
38602,0.000278,172.31.40.0-255,66,47498,78,238110
38603,0.000313,172.217.194.0-255,6797,54295,78,238110
38604,0.000315,172.31.40.0-255,66,54361,78,238110
38605,0.000318,172.217.194.0-255,1484,55845,78,238110
38606,0.00032,172.31.40.0-255,66,55911,78,238110
38607,0.00036,172.31.40.0-255,66,55977,78,238110
38608,0.000363,172.217.194.0-255,98,56075,78,238110
38609,0.000685,172.217.194.0-255,365,56440,78,238110
38610,0.000894,172.217.194.0-255,1484,57924,78,238110
38611,0.000899,172.31.40.0-255,66,57990,78,238110
38612,0.000916,172.217.194.0-255,2902,60892,78,238110
38613,0.000918,172.31.40.0-255,66,60958,78,238110
38614,0.000927,172.217.194.0-255,4320,65278,78,238110
38615,0.00093,172.31.40.0-255,66,65344,78,238110
38616,0.000956,172.217.194.0-255,1484,66828,78,238110
38617,0.000964,172.217.194.0-255,5738,72566,78,238110
38618,0.000971,172.31.40.0-255,66,72632,78,238110
38619,0.000985,172.31.40.0-255,66,72698,78,238110
38620,0.000993,172.217.194.0-255,4471,77169,78,238110
38621,0.000999,172.31.40.0-255,66,77235,78,238110
38622,0.001023,172.217.194.0-255,5738,82973,78,238110
38623,0.001026,172.31.40.0-255,66,83039,78,238110
38624,0.001042,172.31.40.0-255,66,83105,78,238110
38625,0.001085,172.31.40.0-255,66,83171,78,238110
38626,0.001091,172.217.194.0-255,3602,86773,78,238110
38627,0.001093,172.31.40.0-255,66,86839,78,238110
38628,0.001905,172.217.194.0-255,1484,88323,78,238110
38629,0.001914,172.217.194.0-255,2902,91225,78,238110
38630,0.001919,172.31.40.0-255,66,91291,78,238110
38631,0.001927,172.217.194.0-255,5738,97029,78,238110
38632,0.001929,172.31.40.0-255,66,97095,78,238110
38633,0.001965,172.31.40.0-255,66,97161,78,238110
38634,0.001976,172.31.40.0-255,66,97227,78,238110
38635,0.00393,172.217.194.0-255,5738,102965,78,238110
38636,0.003938,172.31.40.0-255,66,103031,78,238110
38637,0.005912,172.217.194.0-255,5738,108769,78,238110
38638,0.005916,172.31.40.0-255,66,108835,78,238110
38639,0.007858,172.217.194.0-255,5738,114573,78,238110
38640,0.007865,172.31.40.0-255,66,114639,78,238110
38641,0.009806,172.217.194.0-255,5738,120377,78,238110
38642,0.009812,172.31.40.0-255,66,120443,78,238110
38643,0.011744,172.217.194.0-255,5738,126181,78,238110
38644,0.011752,172.31.40.0-255,66,126247,78,238110
38645,0.013691,172.217.194.0-255,5738,131985,78,238110
38646,0.013701,172.31.40.0-255,66,132051,78,238110
38647,0.015645,172.217.194.0-255,5738,137789,78,238110
38648,0.015652,172.31.40.0-255,66,137855,78,238110
38649,0.017581,172.217.194.0-255,4320,142175,78,238110
38650,0.017589,172.31.40.0-255,66,142241,78,238110
38651,0.017615,172.217.194.0-255,1484,143725,78,238110
38652,0.019504,172.217.194.0-255,4320,148045,78,238110
38653,0.019511,172.31.40.0-255,66,148111,78,238110
38654,0.021426,172.217.194.0-255,5738,153849,78,238110
38655,0.021432,172.31.40.0-255,66,153915,78,238110
38656,0.023355,172.217.194.0-255,5738,159653,78,238110
38657,0.023363,172.31.40.0-255,66,159719,78,238110
38658,0.025307,172.217.194.0-255,5738,165457,78,238110
38659,0.025313,172.31.40.0-255,66,165523,78,238110
38660,0.027248,172.217.194.0-255,5738,171261,78,238110
38661,0.027255,172.31.40.0-255,66,171327,78,238110
38662,0.029022,172.31.40.0-255,172,171499,78,238110
38663,0.029053,172.31.40.0-255,1108,172607,78,238110
38664,0.029115,172.31.40.0-255,1514,174121,78,238110
38665,0.029138,172.31.40.0-255,1299,175420,78,238110
38666,0.029217,172.217.194.0-255,5738,181158,78,238110
38667,0.029223,172.31.40.0-255,66,181224,78,238110
38668,0.030551,104.244.42.0-255,66,181290,78,238110
38669,0.030637,104.244.42.0-255,66,181356,78,238110
38670,0.030684,104.244.42.0-255,66,181422,78,238110
38671,0.031145,172.217.194.0-255,5738,187160,78,238110
38672,0.031149,172.31.40.0-255,66,187226,78,238110
38673,0.033078,172.217.194.0-255,5738,192964,78,238110
38674,0.033094,172.31.40.0-255,66,193030,78,238110
38675,0.035053,172.217.194.0-255,5738,198768,78,238110
38676,0.035066,172.31.40.0-255,66,198834,78,238110
38677,0.036998,172.217.194.0-255,5738,204572,78,238110
38678,0.037012,172.31.40.0-255,66,204638,78,238110
38679,0.038969,172.217.194.0-255,4320,208958,78,238110
38680,0.038981,172.31.40.0-255,66,209024,78,238110
38681,0.039009,172.217.194.0-255,1484,210508,78,238110
38682,0.040945,172.217.194.0-255,4320,214828,78,238110
38683,0.040954,172.31.40.0-255,66,214894,78,238110
38684,0.042951,172.217.194.0-255,5738,220632,78,238110
38685,0.042964,172.31.40.0-255,66,220698,78,238110
38686,0.044906,172.217.194.0-255,5738,226436,78,238110
38687,0.044918,172.31.40.0-255,66,226502,78,238110
38688,0.046873,172.217.194.0-255,5738,232240,78,238110
38689,0.046887,172.31.40.0-255,66,232306,78,238110
38690,0.048838,172.217.194.0-255,5738,238044,78,238110
38691,0.048849,172.31.40.0-255,66,238110,78,238110
38692,0.0,172.253.118.0-255,146,146,78,232948
38693,2e-05,172.31.40.0-255,66,212,78,232948
38694,2.7e-05,172.253.118.0-255,1484,1696,78,232948
38695,3.2e-05,172.31.40.0-255,66,1762,78,232948
38696,3.7e-05,172.253.118.0-255,2902,4664,78,232948
38697,4.7e-05,172.31.40.0-255,66,4730,78,232948
38698,5.4e-05,172.253.118.0-255,7156,11886,78,232948
38699,5.7e-05,172.31.40.0-255,66,11952,78,232948
38700,6.1e-05,172.253.118.0-255,2101,14053,78,232948
38701,6.3e-05,172.31.40.0-255,66,14119,78,232948
38702,0.000107,172.253.118.0-255,1484,15603,78,232948
38703,0.000109,172.31.40.0-255,66,15669,78,232948
38704,0.000114,172.253.118.0-255,2902,18571,78,232948
38705,0.000117,172.31.40.0-255,66,18637,78,232948
38706,0.00015,172.253.118.0-255,5738,24375,78,232948
38707,0.000153,172.31.40.0-255,66,24441,78,232948
38708,0.000173,172.253.118.0-255,6797,31238,78,232948
38709,0.000176,172.31.40.0-255,66,31304,78,232948
38710,0.000278,172.253.118.0-255,1484,32788,78,232948
38711,0.000282,172.31.40.0-255,66,32854,78,232948
38712,0.000288,172.253.118.0-255,2902,35756,78,232948
38713,0.00029,172.31.40.0-255,66,35822,78,232948
38714,0.000319,172.253.118.0-255,1484,37306,78,232948
38715,0.000323,172.31.40.0-255,66,37372,78,232948
38716,0.000328,172.253.118.0-255,2902,40274,78,232948
38717,0.00033,172.31.40.0-255,66,40340,78,232948
38718,0.000341,172.253.118.0-255,5738,46078,78,232948
38719,0.000343,172.31.40.0-255,66,46144,78,232948
38720,0.000381,172.31.40.0-255,66,46210,78,232948
38721,0.000422,172.253.118.0-255,5689,51899,78,232948
38722,0.000425,172.31.40.0-255,66,51965,78,232948
38723,0.000531,172.253.118.0-255,109,52074,78,232948
38724,0.000686,172.253.118.0-255,1484,53558,78,232948
38725,0.000691,172.31.40.0-255,66,53624,78,232948
38726,0.000697,172.253.118.0-255,2902,56526,78,232948
38727,0.000699,172.31.40.0-255,66,56592,78,232948
38728,0.00071,172.253.118.0-255,5738,62330,78,232948
38729,0.000713,172.31.40.0-255,66,62396,78,232948
38730,0.000716,172.253.118.0-255,1484,63880,78,232948
38731,0.000744,172.253.118.0-255,4320,68200,78,232948
38732,0.000746,172.31.40.0-255,66,68266,78,232948
38733,0.000765,172.31.40.0-255,66,68332,78,232948
38734,0.00077,172.253.118.0-255,3961,72293,78,232948
38735,0.000772,172.31.40.0-255,66,72359,78,232948
38736,0.001927,172.253.118.0-255,1484,73843,78,232948
38737,0.001939,172.253.118.0-255,2902,76745,78,232948
38738,0.001943,172.31.40.0-255,66,76811,78,232948
38739,0.00195,172.253.118.0-255,5738,82549,78,232948
38740,0.001952,172.31.40.0-255,66,82615,78,232948
38741,0.001965,172.253.118.0-255,7156,89771,78,232948
38742,0.001967,172.31.40.0-255,66,89837,78,232948
38743,0.002006,172.253.118.0-255,5738,95575,78,232948
38744,0.002008,172.31.40.0-255,66,95641,78,232948
38745,0.002015,172.253.118.0-255,7156,102797,78,232948
38746,0.002017,172.31.40.0-255,66,102863,78,232948
38747,0.002047,172.253.118.0-255,3602,106465,78,232948
38748,0.00205,172.31.40.0-255,66,106531,78,232948
38749,0.004237,172.253.118.0-255,1484,108015,78,232948
38750,0.004267,172.253.118.0-255,4320,112335,78,232948
38751,0.004272,172.31.40.0-255,66,112401,78,232948
38752,0.006525,172.253.118.0-255,5738,118139,78,232948
38753,0.006529,172.31.40.0-255,66,118205,78,232948
38754,0.008764,172.253.118.0-255,5738,123943,78,232948
38755,0.008771,172.31.40.0-255,66,124009,78,232948
38756,0.010995,172.253.118.0-255,5738,129747,78,232948
38757,0.011004,172.31.40.0-255,66,129813,78,232948
38758,0.013232,172.253.118.0-255,5738,135551,78,232948
38759,0.01324,172.31.40.0-255,66,135617,78,232948
38760,0.01548,172.253.118.0-255,5738,141355,78,232948
38761,0.015492,172.31.40.0-255,66,141421,78,232948
38762,0.017722,172.253.118.0-255,5738,147159,78,232948
38763,0.01773,172.31.40.0-255,66,147225,78,232948
38764,0.019993,172.253.118.0-255,5738,152963,78,232948
38765,0.02,172.31.40.0-255,66,153029,78,232948
38766,0.022233,172.253.118.0-255,5738,158767,78,232948
38767,0.022244,172.31.40.0-255,66,158833,78,232948
38768,0.02447,172.253.118.0-255,5738,164571,78,232948
38769,0.024479,172.31.40.0-255,66,164637,78,232948
38770,0.026705,172.253.118.0-255,5738,170375,78,232948
38771,0.026713,172.31.40.0-255,66,170441,78,232948
38772,0.027096,172.31.40.0-255,172,170613,78,232948
38773,0.027123,172.31.40.0-255,1109,171722,78,232948
38774,0.027181,172.31.40.0-255,1514,173236,78,232948
38775,0.027183,172.31.40.0-255,1300,174536,78,232948
38776,0.028671,104.244.42.0-255,66,174602,78,232948
38777,0.028679,104.244.42.0-255,66,174668,78,232948
38778,0.028693,104.244.42.0-255,66,174734,78,232948
38779,0.028931,172.253.118.0-255,5738,180472,78,232948
38780,0.028936,172.31.40.0-255,66,180538,78,232948
38781,0.029635,104.244.42.0-255,108,180646,78,232948
38782,0.029644,172.31.40.0-255,66,180712,78,232948
38783,0.031162,172.253.118.0-255,5738,186450,78,232948
38784,0.031167,172.31.40.0-255,66,186516,78,232948
38785,0.0334,172.253.118.0-255,5738,192254,78,232948
38786,0.033407,172.31.40.0-255,66,192320,78,232948
38787,0.035636,172.253.118.0-255,5738,198058,78,232948
38788,0.035641,172.31.40.0-255,66,198124,78,232948
38789,0.037865,172.253.118.0-255,5738,203862,78,232948
38790,0.037871,172.31.40.0-255,66,203928,78,232948
38791,0.040093,172.253.118.0-255,5738,209666,78,232948
38792,0.0401,172.31.40.0-255,66,209732,78,232948
38793,0.042322,172.253.118.0-255,5738,215470,78,232948
38794,0.042328,172.31.40.0-255,66,215536,78,232948
38795,0.044557,172.253.118.0-255,5738,221274,78,232948
38796,0.044572,172.31.40.0-255,66,221340,78,232948
38797,0.046788,172.253.118.0-255,5738,227078,78,232948
38798,0.046794,172.31.40.0-255,66,227144,78,232948
38799,0.04903,172.253.118.0-255,5738,232882,78,232948
38800,0.049046,172.31.40.0-255,66,232948,78,232948
38801,0.0,74.125.24.0-255,152,152,78,244262
38802,2.7e-05,172.31.40.0-255,66,218,78,244262
38803,3.5e-05,74.125.24.0-255,1484,1702,78,244262
38804,4e-05,172.31.40.0-255,66,1768,78,244262
38805,4.6e-05,74.125.24.0-255,2902,4670,78,244262
38806,4.9e-05,172.31.40.0-255,66,4736,78,244262
38807,5.7e-05,74.125.24.0-255,7156,11892,78,244262
38808,6e-05,172.31.40.0-255,66,11958,78,244262
38809,9.3e-05,74.125.24.0-255,2001,13959,78,244262
38810,9.6e-05,172.31.40.0-255,66,14025,78,244262
38811,0.000346,74.125.24.0-255,1484,15509,78,244262
38812,0.000352,172.31.40.0-255,66,15575,78,244262
38813,0.000358,74.125.24.0-255,2902,18477,78,244262
38814,0.00036,172.31.40.0-255,66,18543,78,244262
38815,0.000367,74.125.24.0-255,5738,24281,78,244262
38816,0.000369,172.31.40.0-255,66,24347,78,244262
38817,0.00039,74.125.24.0-255,4320,28667,78,244262
38818,0.000393,172.31.40.0-255,66,28733,78,244262
38819,0.000407,74.125.24.0-255,5379,34112,78,244262
38820,0.00041,172.31.40.0-255,66,34178,78,244262
38821,0.000422,172.31.40.0-255,66,34244,78,244262
38822,0.00044,74.125.24.0-255,3961,38205,78,244262
38823,0.000443,172.31.40.0-255,66,38271,78,244262
38824,0.000503,74.125.24.0-255,1484,39755,78,244262
38825,0.000506,172.31.40.0-255,66,39821,78,244262
38826,0.000511,74.125.24.0-255,2902,42723,78,244262
38827,0.000513,172.31.40.0-255,66,42789,78,244262
38828,0.000516,74.125.24.0-255,1484,44273,78,244262
38829,0.000518,172.31.40.0-255,66,44339,78,244262
38830,0.000536,74.125.24.0-255,4320,48659,78,244262
38831,0.000538,172.31.40.0-255,66,48725,78,244262
38832,0.000564,74.125.24.0-255,7131,55856,78,244262
38833,0.000567,172.31.40.0-255,66,55922,78,244262
38834,0.001131,74.125.24.0-255,344,56266,78,244262
38835,0.001171,172.31.40.0-255,66,56332,78,244262
38836,0.00124,74.125.24.0-255,1484,57816,78,244262
38837,0.001248,74.125.24.0-255,2902,60718,78,244262
38838,0.001251,172.31.40.0-255,66,60784,78,244262
38839,0.001273,74.125.24.0-255,5738,66522,78,244262
38840,0.001275,172.31.40.0-255,66,66588,78,244262
38841,0.001309,74.125.24.0-255,4320,70908,78,244262
38842,0.001311,172.31.40.0-255,66,70974,78,244262
38843,0.00133,74.125.24.0-255,5379,76353,78,244262
38844,0.001332,172.31.40.0-255,66,76419,78,244262
38845,0.001343,172.31.40.0-255,66,76485,78,244262
38846,0.001357,74.125.24.0-255,1484,77969,78,244262
38847,0.001371,74.125.24.0-255,2543,80512,78,244262
38848,0.001373,172.31.40.0-255,66,80578,78,244262
38849,0.001846,74.125.24.0-255,1484,82062,78,244262
38850,0.001851,74.125.24.0-255,2902,84964,78,244262
38851,0.001854,172.31.40.0-255,66,85030,78,244262
38852,0.001858,74.125.24.0-255,2902,87932,78,244262
38853,0.00186,172.31.40.0-255,66,87998,78,244262
38854,0.001877,74.125.24.0-255,2902,90900,78,244262
38855,0.001879,172.31.40.0-255,66,90966,78,244262
38856,0.001885,74.125.24.0-255,5738,96704,78,244262
38857,0.001887,172.31.40.0-255,66,96770,78,244262
38858,0.001914,74.125.24.0-255,7156,103926,78,244262
38859,0.001916,172.31.40.0-255,66,103992,78,244262
38860,0.001926,172.31.40.0-255,66,104058,78,244262
38861,0.001943,74.125.24.0-255,2184,106242,78,244262
38862,0.001945,172.31.40.0-255,66,106308,78,244262
38863,0.003945,74.125.24.0-255,5738,112046,78,244262
38864,0.003957,172.31.40.0-255,66,112112,78,244262
38865,0.005946,74.125.24.0-255,5738,117850,78,244262
38866,0.005952,172.31.40.0-255,66,117916,78,244262
38867,0.007947,74.125.24.0-255,5738,123654,78,244262
38868,0.007952,172.31.40.0-255,66,123720,78,244262
38869,0.009952,74.125.24.0-255,5738,129458,78,244262
38870,0.009959,172.31.40.0-255,66,129524,78,244262
38871,0.011954,74.125.24.0-255,5738,135262,78,244262
38872,0.011963,172.31.40.0-255,66,135328,78,244262
38873,0.013956,74.125.24.0-255,5738,141066,78,244262
38874,0.013966,172.31.40.0-255,66,141132,78,244262
38875,0.015994,74.125.24.0-255,5738,146870,78,244262
38876,0.016012,172.31.40.0-255,66,146936,78,244262
38877,0.018039,74.125.24.0-255,5738,152674,78,244262
38878,0.018048,172.31.40.0-255,66,152740,78,244262
38879,0.020091,74.125.24.0-255,5738,158478,78,244262
38880,0.020103,172.31.40.0-255,66,158544,78,244262
38881,0.02211,74.125.24.0-255,5738,164282,78,244262
38882,0.02212,172.31.40.0-255,66,164348,78,244262
38883,0.024187,74.125.24.0-255,5738,170086,78,244262
38884,0.024195,172.31.40.0-255,66,170152,78,244262
38885,0.026242,74.125.24.0-255,5738,175890,78,244262
38886,0.026252,172.31.40.0-255,66,175956,78,244262
38887,0.028314,74.125.24.0-255,5738,181694,78,244262
38888,0.028326,172.31.40.0-255,66,181760,78,244262
38889,0.030171,172.31.40.0-255,167,181927,78,244262
38890,0.030339,74.125.24.0-255,5738,187665,78,244262
38891,0.030346,172.31.40.0-255,66,187731,78,244262
38892,0.03035,172.31.40.0-255,1107,188838,78,244262
38893,0.03049,172.31.40.0-255,1514,190352,78,244262
38894,0.030492,172.31.40.0-255,1302,191654,78,244262
38895,0.031716,104.244.42.0-255,66,191720,78,244262
38896,0.031882,104.244.42.0-255,66,191786,78,244262
38897,0.032028,104.244.42.0-255,66,191852,78,244262
38898,0.032359,74.125.24.0-255,5738,197590,78,244262
38899,0.032367,172.31.40.0-255,66,197656,78,244262
38900,0.033045,104.244.42.0-255,108,197764,78,244262
38901,0.03305,172.31.40.0-255,66,197830,78,244262
38902,0.034368,74.125.24.0-255,5738,203568,78,244262
38903,0.034377,172.31.40.0-255,66,203634,78,244262
38904,0.036407,74.125.24.0-255,5738,209372,78,244262
38905,0.036415,172.31.40.0-255,66,209438,78,244262
38906,0.038426,74.125.24.0-255,5738,215176,78,244262
38907,0.038438,172.31.40.0-255,66,215242,78,244262
38908,0.040463,74.125.24.0-255,5738,220980,78,244262
38909,0.040472,172.31.40.0-255,66,221046,78,244262
38910,0.042496,74.125.24.0-255,5738,226784,78,244262
38911,0.042509,172.31.40.0-255,66,226850,78,244262
38912,0.044514,74.125.24.0-255,5738,232588,78,244262
38913,0.044523,172.31.40.0-255,66,232654,78,244262
38914,0.046593,74.125.24.0-255,5738,238392,78,244262
38915,0.046601,172.31.40.0-255,66,238458,78,244262
38916,0.048625,74.125.24.0-255,5738,244196,78,244262
38917,0.048637,172.31.40.0-255,66,244262,78,244262
38918,0.0,74.125.24.0-255,150,150,78,291466
38919,3.5e-05,172.31.40.0-255,66,216,78,291466
38920,4.1e-05,74.125.24.0-255,1484,1700,78,291466
38921,4.5e-05,172.31.40.0-255,66,1766,78,291466
38922,4.9e-05,74.125.24.0-255,2902,4668,78,291466
38923,5.2e-05,172.31.40.0-255,66,4734,78,291466
38924,5.6e-05,74.125.24.0-255,2902,7636,78,291466
38925,6e-05,172.31.40.0-255,66,7702,78,291466
38926,6.5e-05,74.125.24.0-255,4320,12022,78,291466
38927,6.7e-05,172.31.40.0-255,66,12088,78,291466
38928,9.4e-05,74.125.24.0-255,2103,14191,78,291466
38929,9.7e-05,172.31.40.0-255,66,14257,78,291466
38930,0.000116,74.125.24.0-255,2902,17159,78,291466
38931,0.000119,172.31.40.0-255,66,17225,78,291466
38932,0.000132,74.125.24.0-255,1484,18709,78,291466
38933,0.000135,172.31.40.0-255,66,18775,78,291466
38934,0.000154,74.125.24.0-255,4320,23095,78,291466
38935,0.000156,172.31.40.0-255,66,23161,78,291466
38936,0.000183,74.125.24.0-255,5738,28899,78,291466
38937,0.000187,172.31.40.0-255,66,28965,78,291466
38938,0.0002,74.125.24.0-255,2543,31508,78,291466
38939,0.000203,172.31.40.0-255,66,31574,78,291466
38940,0.00021,74.125.24.0-255,5738,37312,78,291466
38941,0.000212,172.31.40.0-255,66,37378,78,291466
38942,0.000233,74.125.24.0-255,2902,40280,78,291466
38943,0.000236,172.31.40.0-255,66,40346,78,291466
38944,0.000247,172.31.40.0-255,66,40412,78,291466
38945,0.000419,74.125.24.0-255,1484,41896,78,291466
38946,0.000424,172.31.40.0-255,66,41962,78,291466
38947,0.000429,74.125.24.0-255,2902,44864,78,291466
38948,0.000435,172.31.40.0-255,66,44930,78,291466
38949,0.000449,74.125.24.0-255,5738,50668,78,291466
38950,0.000452,172.31.40.0-255,66,50734,78,291466
38951,0.000492,74.125.24.0-255,7142,57876,78,291466
38952,0.000495,172.31.40.0-255,66,57942,78,291466
38953,0.000527,74.125.24.0-255,333,58275,78,291466
38954,0.000615,74.125.24.0-255,1484,59759,78,291466
38955,0.00062,172.31.40.0-255,66,59825,78,291466
38956,0.000625,74.125.24.0-255,2902,62727,78,291466
38957,0.000627,172.31.40.0-255,66,62793,78,291466
38958,0.000642,74.125.24.0-255,5738,68531,78,291466
38959,0.000646,172.31.40.0-255,66,68597,78,291466
38960,0.000686,74.125.24.0-255,4320,72917,78,291466
38961,0.000689,172.31.40.0-255,66,72983,78,291466
38962,0.000709,74.125.24.0-255,2543,75526,78,291466
38963,0.000712,172.31.40.0-255,66,75592,78,291466
38964,0.000765,74.125.24.0-255,1484,77076,78,291466
38965,0.00077,74.125.24.0-255,2902,79978,78,291466
38966,0.000773,172.31.40.0-255,66,80044,78,291466
38967,0.000794,74.125.24.0-255,5738,85782,78,291466
38968,0.000797,172.31.40.0-255,66,85848,78,291466
38969,0.000803,74.125.24.0-255,6797,92645,78,291466
38970,0.000805,172.31.40.0-255,66,92711,78,291466
38971,0.001101,74.125.24.0-255,1484,94195,78,291466
38972,0.001111,74.125.24.0-255,2902,97097,78,291466
38973,0.001114,172.31.40.0-255,66,97163,78,291466
38974,0.001121,74.125.24.0-255,5738,102901,78,291466
38975,0.001123,172.31.40.0-255,66,102967,78,291466
38976,0.001167,172.31.40.0-255,66,103033,78,291466
38977,0.001174,74.125.24.0-255,7156,110189,78,291466
38978,0.001176,172.31.40.0-255,66,110255,78,291466
38979,0.001188,74.125.24.0-255,1484,111739,78,291466
38980,0.001203,74.125.24.0-255,2184,113923,78,291466
38981,0.001206,172.31.40.0-255,66,113989,78,291466
38982,0.001557,74.125.24.0-255,1484,115473,78,291466
38983,0.001563,74.125.24.0-255,2902,118375,78,291466
38984,0.001567,172.31.40.0-255,66,118441,78,291466
38985,0.001574,74.125.24.0-255,5738,124179,78,291466
38986,0.001576,172.31.40.0-255,66,124245,78,291466
38987,0.001579,74.125.24.0-255,1484,125729,78,291466
38988,0.001614,172.31.40.0-255,66,125795,78,291466
38989,0.001623,172.31.40.0-255,66,125861,78,291466
38990,0.001626,74.125.24.0-255,766,126627,78,291466
38991,0.001703,74.125.24.0-255,1484,128111,78,291466
38992,0.001709,172.31.40.0-255,66,128177,78,291466
38993,0.001713,74.125.24.0-255,2902,131079,78,291466
38994,0.001715,172.31.40.0-255,66,131145,78,291466
38995,0.00174,74.125.24.0-255,5738,136883,78,291466
38996,0.001744,172.31.40.0-255,66,136949,78,291466
38997,0.001813,172.31.40.0-255,66,137015,78,291466
38998,0.001816,74.125.24.0-255,1484,138499,78,291466
38999,0.001827,172.31.40.0-255,66,138565,78,291466
39000,0.001892,74.125.24.0-255,1484,140049,78,291466
39001,0.001904,74.125.24.0-255,2902,142951,78,291466
39002,0.001908,172.31.40.0-255,66,143017,78,291466
39003,0.001918,74.125.24.0-255,5738,148755,78,291466
39004,0.00192,172.31.40.0-255,66,148821,78,291466
39005,0.001934,74.125.24.0-255,2902,151723,78,291466
39006,0.001937,172.31.40.0-255,66,151789,78,291466
39007,0.001963,172.31.40.0-255,66,151855,78,291466
39008,0.001974,172.31.40.0-255,66,151921,78,291466
39009,0.004003,74.125.24.0-255,5738,157659,78,291466
39010,0.004008,172.31.40.0-255,66,157725,78,291466
39011,0.006028,74.125.24.0-255,1484,159209,78,291466
39012,0.006052,74.125.24.0-255,4320,163529,78,291466
39013,0.006056,172.31.40.0-255,66,163595,78,291466
39014,0.008084,74.125.24.0-255,5738,169333,78,291466
39015,0.00809,172.31.40.0-255,66,169399,78,291466
39016,0.010135,74.125.24.0-255,5738,175137,78,291466
39017,0.010151,172.31.40.0-255,66,175203,78,291466
39018,0.012177,74.125.24.0-255,5738,180941,78,291466
39019,0.012189,172.31.40.0-255,66,181007,78,291466
39020,0.014195,74.125.24.0-255,5738,186745,78,291466
39021,0.014207,172.31.40.0-255,66,186811,78,291466
39022,0.01627,74.125.24.0-255,5738,192549,78,291466
39023,0.016288,172.31.40.0-255,66,192615,78,291466
39024,0.01833,74.125.24.0-255,5738,198353,78,291466
39025,0.018343,172.31.40.0-255,66,198419,78,291466
39026,0.020363,74.125.24.0-255,5738,204157,78,291466
39027,0.020373,172.31.40.0-255,66,204223,78,291466
39028,0.022403,74.125.24.0-255,5738,209961,78,291466
39029,0.022418,172.31.40.0-255,66,210027,78,291466
39030,0.024437,74.125.24.0-255,5738,215765,78,291466
39031,0.024449,172.31.40.0-255,66,215831,78,291466
39032,0.026501,74.125.24.0-255,5738,221569,78,291466
39033,0.026515,172.31.40.0-255,66,221635,78,291466
39034,0.028503,74.125.24.0-255,4320,225955,78,291466
39035,0.02851,172.31.40.0-255,66,226021,78,291466
39036,0.028528,74.125.24.0-255,1484,227505,78,291466
39037,0.030519,74.125.24.0-255,4320,231825,78,291466
39038,0.030527,172.31.40.0-255,66,231891,78,291466
39039,0.032547,74.125.24.0-255,5738,237629,78,291466
39040,0.032565,172.31.40.0-255,66,237695,78,291466
39041,0.034589,74.125.24.0-255,5738,243433,78,291466
39042,0.034599,172.31.40.0-255,66,243499,78,291466
39043,0.036603,74.125.24.0-255,5738,249237,78,291466
39044,0.036621,172.31.40.0-255,66,249303,78,291466
39045,0.038621,74.125.24.0-255,5738,255041,78,291466
39046,0.038632,172.31.40.0-255,66,255107,78,291466
39047,0.04065,74.125.24.0-255,5738,260845,78,291466
39048,0.040664,172.31.40.0-255,66,260911,78,291466
39049,0.042665,74.125.24.0-255,5738,266649,78,291466
39050,0.042673,172.31.40.0-255,66,266715,78,291466
39051,0.044671,74.125.24.0-255,5738,272453,78,291466
39052,0.044683,172.31.40.0-255,66,272519,78,291466
39053,0.045309,172.31.40.0-255,172,272691,78,291466
39054,0.045346,172.31.40.0-255,1109,273800,78,291466
39055,0.045409,172.31.40.0-255,1514,275314,78,291466
39056,0.045411,172.31.40.0-255,1514,276828,78,291466
39057,0.045415,172.31.40.0-255,1514,278342,78,291466
39058,0.045416,172.31.40.0-255,1078,279420,78,291466
39059,0.046693,74.125.24.0-255,5738,285158,78,291466
39060,0.0467,172.31.40.0-255,66,285224,78,291466
39061,0.046854,104.244.42.0-255,66,285290,78,291466
39062,0.04691,104.244.42.0-255,66,285356,78,291466
39063,0.046947,104.244.42.0-255,66,285422,78,291466
39064,0.046952,104.244.42.0-255,66,285488,78,291466
39065,0.047967,104.244.42.0-255,108,285596,78,291466
39066,0.047978,172.31.40.0-255,66,285662,78,291466
39067,0.048694,74.125.24.0-255,5738,291400,78,291466
39068,0.048701,172.31.40.0-255,66,291466,78,291466
39069,0.0,172.217.194.0-255,153,153,78,256249
39070,2.2e-05,172.31.40.0-255,66,219,78,256249
39071,2.9e-05,172.217.194.0-255,1484,1703,78,256249
39072,3.4e-05,172.31.40.0-255,66,1769,78,256249
39073,4e-05,172.217.194.0-255,2902,4671,78,256249
39074,4.4e-05,172.31.40.0-255,66,4737,78,256249
39075,5.2e-05,172.217.194.0-255,7156,11893,78,256249
39076,5.5e-05,172.31.40.0-255,66,11959,78,256249
39077,5.9e-05,172.217.194.0-255,1968,13927,78,256249
39078,6.3e-05,172.31.40.0-255,66,13993,78,256249
39079,0.000123,172.217.194.0-255,7156,21149,78,256249
39080,0.000126,172.31.40.0-255,66,21215,78,256249
39081,0.000148,172.217.194.0-255,4320,25535,78,256249
39082,0.000151,172.31.40.0-255,66,25601,78,256249
39083,0.000156,172.217.194.0-255,4320,29921,78,256249
39084,0.000158,172.31.40.0-255,66,29987,78,256249
39085,0.000171,172.217.194.0-255,1125,31112,78,256249
39086,0.000173,172.31.40.0-255,66,31178,78,256249
39087,0.000219,172.217.194.0-255,1484,32662,78,256249
39088,0.000221,172.31.40.0-255,66,32728,78,256249
39089,0.000272,172.217.194.0-255,2902,35630,78,256249
39090,0.000276,172.31.40.0-255,66,35696,78,256249
39091,0.000283,172.217.194.0-255,5738,41434,78,256249
39092,0.000285,172.31.40.0-255,66,41500,78,256249
39093,0.000296,172.31.40.0-255,66,41566,78,256249
39094,0.000323,172.217.194.0-255,5379,46945,78,256249
39095,0.000326,172.31.40.0-255,66,47011,78,256249
39096,0.000337,172.31.40.0-255,66,47077,78,256249
39097,0.00034,172.217.194.0-255,364,47441,78,256249
39098,0.000342,172.31.40.0-255,66,47507,78,256249
39099,0.000561,172.217.194.0-255,381,47888,78,256249
39100,0.000962,172.31.40.0-255,66,47954,78,256249
39101,0.001268,172.217.194.0-255,1484,49438,78,256249
39102,0.001278,172.217.194.0-255,2902,52340,78,256249
39103,0.001283,172.31.40.0-255,66,52406,78,256249
39104,0.001308,172.217.194.0-255,4320,56726,78,256249
39105,0.00131,172.31.40.0-255,66,56792,78,256249
39106,0.001332,172.217.194.0-255,1484,58276,78,256249
39107,0.001344,172.31.40.0-255,66,58342,78,256249
39108,0.001356,172.217.194.0-255,2902,61244,78,256249
39109,0.001359,172.31.40.0-255,66,61310,78,256249
39110,0.001387,172.31.40.0-255,66,61376,78,256249
39111,0.001402,172.217.194.0-255,1484,62860,78,256249
39112,0.001407,172.217.194.0-255,2902,65762,78,256249
39113,0.001409,172.31.40.0-255,66,65828,78,256249
39114,0.00143,172.217.194.0-255,5738,71566,78,256249
39115,0.001433,172.31.40.0-255,66,71632,78,256249
39116,0.001456,172.217.194.0-255,4320,75952,78,256249
39117,0.001458,172.31.40.0-255,66,76018,78,256249
39118,0.00148,172.31.40.0-255,66,76084,78,256249
39119,0.001518,172.31.40.0-255,66,76150,78,256249
39120,0.001541,172.217.194.0-255,1484,77634,78,256249
39121,0.001556,172.217.194.0-255,5738,83372,78,256249
39122,0.001559,172.31.40.0-255,66,83438,78,256249
39123,0.001578,172.217.194.0-255,4320,87758,78,256249
39124,0.001581,172.31.40.0-255,66,87824,78,256249
39125,0.001625,172.31.40.0-255,66,87890,78,256249
39126,0.001646,172.217.194.0-255,5738,93628,78,256249
39127,0.001649,172.31.40.0-255,66,93694,78,256249
39128,0.001677,172.31.40.0-255,66,93760,78,256249
39129,0.001703,172.217.194.0-255,2184,95944,78,256249
39130,0.001706,172.31.40.0-255,66,96010,78,256249
39131,0.001713,172.217.194.0-255,7156,103166,78,256249
39132,0.001716,172.31.40.0-255,66,103232,78,256249
39133,0.001735,172.31.40.0-255,66,103298,78,256249
39134,0.001908,172.217.194.0-255,1484,104782,78,256249
39135,0.001915,172.217.194.0-255,2902,107684,78,256249
39136,0.00192,172.31.40.0-255,66,107750,78,256249
39137,0.001924,172.217.194.0-255,1484,109234,78,256249
39138,0.001946,172.217.194.0-255,4320,113554,78,256249
39139,0.00195,172.31.40.0-255,66,113620,78,256249
39140,0.001958,172.217.194.0-255,7156,120776,78,256249
39141,0.001961,172.31.40.0-255,66,120842,78,256249
39142,0.001976,172.217.194.0-255,5738,126580,78,256249
39143,0.001979,172.31.40.0-255,66,126646,78,256249
39144,0.001983,172.217.194.0-255,2902,129548,78,256249
39145,0.001985,172.31.40.0-255,66,129614,78,256249
39146,0.002014,172.31.40.0-255,66,129680,78,256249
39147,0.00403,172.217.194.0-255,4320,134000,78,256249
39148,0.004044,172.217.194.0-255,1484,135484,78,256249
39149,0.005138,172.31.40.0-255,66,135550,78,256249
39150,0.007172,172.217.194.0-255,5738,141288,78,256249
39151,0.007178,172.31.40.0-255,66,141354,78,256249
39152,0.009196,172.217.194.0-255,5738,147092,78,256249
39153,0.009205,172.31.40.0-255,66,147158,78,256249
39154,0.011306,172.217.194.0-255,5738,152896,78,256249
39155,0.011323,172.31.40.0-255,66,152962,78,256249
39156,0.013368,172.217.194.0-255,4320,157282,78,256249
39157,0.013383,172.31.40.0-255,66,157348,78,256249
39158,0.013402,172.217.194.0-255,1484,158832,78,256249
39159,0.015415,172.217.194.0-255,4320,163152,78,256249
39160,0.015429,172.31.40.0-255,66,163218,78,256249
39161,0.017494,172.217.194.0-255,5738,168956,78,256249
39162,0.017508,172.31.40.0-255,66,169022,78,256249
39163,0.019561,172.217.194.0-255,5738,174760,78,256249
39164,0.019569,172.31.40.0-255,66,174826,78,256249
39165,0.021603,172.217.194.0-255,5738,180564,78,256249
39166,0.02161,172.31.40.0-255,66,180630,78,256249
39167,0.023665,172.217.194.0-255,5738,186368,78,256249
39168,0.023681,172.31.40.0-255,66,186434,78,256249
39169,0.025759,172.217.194.0-255,5738,192172,78,256249
39170,0.025767,172.31.40.0-255,66,192238,78,256249
39171,0.02783,172.217.194.0-255,5738,197976,78,256249
39172,0.027842,172.31.40.0-255,66,198042,78,256249
39173,0.029897,172.217.194.0-255,5738,203780,78,256249
39174,0.029904,172.31.40.0-255,66,203846,78,256249
39175,0.029987,172.31.40.0-255,101,203947,78,256249
39176,0.031969,172.217.194.0-255,5738,209685,78,256249
39177,0.031984,172.31.40.0-255,66,209751,78,256249
39178,0.031992,172.217.194.0-255,66,209817,78,256249
39179,0.034058,172.217.194.0-255,5738,215555,78,256249
39180,0.034065,172.31.40.0-255,66,215621,78,256249
39181,0.036134,172.217.194.0-255,5738,221359,78,256249
39182,0.036149,172.31.40.0-255,66,221425,78,256249
39183,0.038185,172.217.194.0-255,5738,227163,78,256249
39184,0.038191,172.31.40.0-255,66,227229,78,256249
39185,0.040298,172.217.194.0-255,5738,232967,78,256249
39186,0.040315,172.31.40.0-255,66,233033,78,256249
39187,0.042347,172.217.194.0-255,5738,238771,78,256249
39188,0.042354,172.31.40.0-255,66,238837,78,256249
39189,0.044435,172.217.194.0-255,5738,244575,78,256249
39190,0.044442,172.31.40.0-255,66,244641,78,256249
39191,0.046489,172.217.194.0-255,5738,250379,78,256249
39192,0.046506,172.31.40.0-255,66,250445,78,256249
39193,0.048589,172.217.194.0-255,5738,256183,78,256249
39194,0.048603,172.31.40.0-255,66,256249,78,256249
39195,0.0,172.217.194.0-255,153,153,78,200946
39196,2.3e-05,172.31.40.0-255,66,219,78,200946
39197,3.1e-05,172.217.194.0-255,1484,1703,78,200946
39198,3.5e-05,172.31.40.0-255,66,1769,78,200946
39199,4.9e-05,172.217.194.0-255,2902,4671,78,200946
39200,5.1e-05,172.31.40.0-255,66,4737,78,200946
39201,5.9e-05,172.217.194.0-255,7156,11893,78,200946
39202,6.2e-05,172.31.40.0-255,66,11959,78,200946
39203,0.000107,172.31.40.0-255,66,12025,78,200946
39204,0.000159,172.31.40.0-255,66,12091,78,200946
39205,0.000204,172.217.194.0-255,1484,13575,78,200946
39206,0.000207,172.31.40.0-255,66,13641,78,200946
39207,0.000211,172.217.194.0-255,2902,16543,78,200946
39208,0.000213,172.31.40.0-255,66,16609,78,200946
39209,0.000224,172.217.194.0-255,5738,22347,78,200946
39210,0.000227,172.31.40.0-255,66,22413,78,200946
39211,0.000233,172.217.194.0-255,6797,29210,78,200946
39212,0.000237,172.31.40.0-255,66,29276,78,200946
39213,0.000279,172.217.194.0-255,5738,35014,78,200946
39214,0.000282,172.31.40.0-255,66,35080,78,200946
39215,0.000307,172.217.194.0-255,5738,40818,78,200946
39216,0.00031,172.31.40.0-255,66,40884,78,200946
39217,0.000346,172.217.194.0-255,5738,46622,78,200946
39218,0.000349,172.31.40.0-255,66,46688,78,200946
39219,0.000364,172.217.194.0-255,350,47038,78,200946
39220,0.000366,172.31.40.0-255,66,47104,78,200946
39221,0.000602,172.217.194.0-255,1484,48588,78,200946
39222,0.000607,172.31.40.0-255,66,48654,78,200946
39223,0.000612,172.217.194.0-255,2902,51556,78,200946
39224,0.000614,172.31.40.0-255,66,51622,78,200946
39225,0.000618,172.217.194.0-255,2902,54524,78,200946
39226,0.00062,172.31.40.0-255,66,54590,78,200946
39227,0.000651,172.217.194.0-255,2902,57492,78,200946
39228,0.000654,172.31.40.0-255,66,57558,78,200946
39229,0.000666,172.31.40.0-255,66,57624,78,200946
39230,0.000672,172.217.194.0-255,7156,64780,78,200946
39231,0.000674,172.31.40.0-255,66,64846,78,200946
39232,0.000704,172.217.194.0-255,2902,67748,78,200946
39233,0.000707,172.31.40.0-255,66,67814,78,200946
39234,0.000709,172.217.194.0-255,766,68580,78,200946
39235,0.001237,172.217.194.0-255,1484,70064,78,200946
39236,0.001241,172.31.40.0-255,66,70130,78,200946
39237,0.001246,172.217.194.0-255,2902,73032,78,200946
39238,0.001247,172.31.40.0-255,66,73098,78,200946
39239,0.001274,172.217.194.0-255,5738,78836,78,200946
39240,0.001276,172.31.40.0-255,66,78902,78,200946
39241,0.001285,172.31.40.0-255,66,78968,78,200946
39242,0.001298,172.217.194.0-255,4320,83288,78,200946
39243,0.0013,172.31.40.0-255,66,83354,78,200946
39244,0.001309,172.31.40.0-255,66,83420,78,200946
39245,0.001334,172.217.194.0-255,766,84186,78,200946
39246,0.001532,172.217.194.0-255,1484,85670,78,200946
39247,0.001535,172.31.40.0-255,66,85736,78,200946
39248,0.00154,172.217.194.0-255,2902,88638,78,200946
39249,0.001542,172.31.40.0-255,66,88704,78,200946
39250,0.001565,172.217.194.0-255,5738,94442,78,200946
39251,0.001571,172.31.40.0-255,66,94508,78,200946
39252,0.001577,172.217.194.0-255,7156,101664,78,200946
39253,0.001579,172.31.40.0-255,66,101730,78,200946
39254,0.001603,172.217.194.0-255,5738,107468,78,200946
39255,0.001605,172.31.40.0-255,66,107534,78,200946
39256,0.001641,172.31.40.0-255,66,107600,78,200946
39257,0.002074,172.217.194.0-255,1484,109084,78,200946
39258,0.002091,172.217.194.0-255,2902,111986,78,200946
39259,0.002094,172.31.40.0-255,66,112052,78,200946
39260,0.002101,172.217.194.0-255,5738,117790,78,200946
39261,0.002103,172.31.40.0-255,66,117856,78,200946
39262,0.002152,172.31.40.0-255,66,117922,78,200946
39263,0.002162,172.31.40.0-255,66,117988,78,200946
39264,0.00219,172.217.194.0-255,5738,123726,78,200946
39265,0.002192,172.31.40.0-255,66,123792,78,200946
39266,0.00222,172.217.194.0-255,6438,130230,78,200946
39267,0.002222,172.31.40.0-255,66,130296,78,200946
39268,0.002234,172.31.40.0-255,66,130362,78,200946
39269,0.002265,172.217.194.0-255,4320,134682,78,200946
39270,0.002266,172.31.40.0-255,66,134748,78,200946
39271,0.002295,172.217.194.0-255,6438,141186,78,200946
39272,0.002297,172.31.40.0-255,66,141252,78,200946
39273,0.002318,172.217.194.0-255,1484,142736,78,200946
39274,0.002323,172.217.194.0-255,2902,145638,78,200946
39275,0.002324,172.31.40.0-255,66,145704,78,200946
39276,0.002354,172.217.194.0-255,5738,151442,78,200946
39277,0.002356,172.31.40.0-255,66,151508,78,200946
39278,0.002375,172.31.40.0-255,66,151574,78,200946
39279,0.002418,172.31.40.0-255,66,151640,78,200946
39280,0.002447,172.217.194.0-255,1484,153124,78,200946
39281,0.002451,172.217.194.0-255,2902,156026,78,200946
39282,0.002453,172.31.40.0-255,66,156092,78,200946
39283,0.002457,172.217.194.0-255,2902,158994,78,200946
39284,0.002459,172.31.40.0-255,66,159060,78,200946
39285,0.002479,172.217.194.0-255,2902,161962,78,200946
39286,0.002481,172.31.40.0-255,66,162028,78,200946
39287,0.00249,172.31.40.0-255,66,162094,78,200946
39288,0.002514,172.217.194.0-255,4320,166414,78,200946
39289,0.002517,172.31.40.0-255,66,166480,78,200946
39290,0.002527,172.31.40.0-255,66,166546,78,200946
39291,0.002562,172.217.194.0-255,7156,173702,78,200946
39292,0.002604,172.217.194.0-255,4320,178022,78,200946
39293,0.00264,172.217.194.0-255,2902,180924,78,200946
39294,0.002703,172.217.194.0-255,4320,185244,78,200946
39295,0.002733,172.217.194.0-255,5738,190982,78,200946
39296,0.002775,172.217.194.0-255,5344,196326,78,200946
39297,0.002779,172.217.194.0-255,105,196431,78,200946
39298,0.01095,172.31.40.0-255,66,196497,78,200946
39299,0.012793,172.31.40.0-255,105,196602,78,200946
39300,0.013186,172.217.194.0-255,105,196707,78,200946
39301,0.013198,172.31.40.0-255,78,196785,78,200946
39302,0.015316,172.217.194.0-255,66,196851,78,200946
39303,0.049158,172.31.40.0-255,172,197023,78,200946
39304,0.049189,172.31.40.0-255,1109,198132,78,200946
39305,0.049263,172.31.40.0-255,1514,199646,78,200946
39306,0.049265,172.31.40.0-255,1300,200946,78,200946
39307,0.0,172.217.194.0-255,150,150,78,255718
39308,2.1e-05,172.31.40.0-255,66,216,78,255718
39309,2.8e-05,172.217.194.0-255,1484,1700,78,255718
39310,3.3e-05,172.31.40.0-255,66,1766,78,255718
39311,4e-05,172.217.194.0-255,2902,4668,78,255718
39312,4.4e-05,172.31.40.0-255,66,4734,78,255718
39313,5.2e-05,172.217.194.0-255,7156,11890,78,255718
39314,5.5e-05,172.31.40.0-255,66,11956,78,255718
39315,5.9e-05,172.217.194.0-255,2069,14025,78,255718
39316,6.2e-05,172.31.40.0-255,66,14091,78,255718
39317,6.6e-05,172.217.194.0-255,1484,15575,78,255718
39318,6.8e-05,172.31.40.0-255,66,15641,78,255718
39319,0.000104,172.217.194.0-255,1484,17125,78,255718
39320,0.000106,172.31.40.0-255,66,17191,78,255718
39321,0.000114,172.217.194.0-255,7156,24347,78,255718
39322,0.000116,172.31.40.0-255,66,24413,78,255718
39323,0.000124,172.217.194.0-255,6797,31210,78,255718
39324,0.000126,172.31.40.0-255,66,31276,78,255718
39325,0.000163,172.217.194.0-255,1484,32760,78,255718
39326,0.000165,172.31.40.0-255,66,32826,78,255718
39327,0.00017,172.217.194.0-255,2902,35728,78,255718
39328,0.000172,172.31.40.0-255,66,35794,78,255718
39329,0.000179,172.217.194.0-255,5738,41532,78,255718
39330,0.000182,172.31.40.0-255,66,41598,78,255718
39331,0.00021,172.217.194.0-255,5738,47336,78,255718
39332,0.000213,172.31.40.0-255,66,47402,78,255718
39333,0.000243,172.31.40.0-255,66,47468,78,255718
39334,0.000263,172.217.194.0-255,4320,51788,78,255718
39335,0.000265,172.31.40.0-255,66,51854,78,255718
39336,0.000302,172.217.194.0-255,5673,57527,78,255718
39337,0.000305,172.31.40.0-255,66,57593,78,255718
39338,0.000419,172.217.194.0-255,382,57975,78,255718
39339,0.000696,172.217.194.0-255,1484,59459,78,255718
39340,0.000701,172.31.40.0-255,66,59525,78,255718
39341,0.000707,172.217.194.0-255,2902,62427,78,255718
39342,0.000709,172.31.40.0-255,66,62493,78,255718
39343,0.000736,172.217.194.0-255,4320,66813,78,255718
39344,0.000738,172.31.40.0-255,66,66879,78,255718
39345,0.000764,172.217.194.0-255,1484,68363,78,255718
39346,0.000779,172.31.40.0-255,66,68429,78,255718
39347,0.000791,172.31.40.0-255,66,68495,78,255718
39348,0.001726,172.217.194.0-255,1484,69979,78,255718
39349,0.001737,172.217.194.0-255,2902,72881,78,255718
39350,0.001742,172.31.40.0-255,66,72947,78,255718
39351,0.00175,172.217.194.0-255,5738,78685,78,255718
39352,0.001752,172.31.40.0-255,66,78751,78,255718
39353,0.001789,172.31.40.0-255,66,78817,78,255718
39354,0.001799,172.31.40.0-255,66,78883,78,255718
39355,0.001829,172.217.194.0-255,2184,81067,78,255718
39356,0.001831,172.31.40.0-255,66,81133,78,255718
39357,0.001913,172.217.194.0-255,1484,82617,78,255718
39358,0.001919,172.217.194.0-255,2902,85519,78,255718
39359,0.001922,172.31.40.0-255,66,85585,78,255718
39360,0.001926,172.217.194.0-255,1484,87069,78,255718
39361,0.001943,172.217.194.0-255,4320,91389,78,255718
39362,0.001945,172.31.40.0-255,66,91455,78,255718
39363,0.001963,172.217.194.0-255,4320,95775,78,255718
39364,0.001965,172.31.40.0-255,66,95841,78,255718
39365,0.001996,172.31.40.0-255,66,95907,78,255718
39366,0.002008,172.31.40.0-255,66,95973,78,255718
39367,0.00203,172.217.194.0-255,766,96739,78,255718
39368,0.002034,172.217.194.0-255,1484,98223,78,255718
39369,0.002036,172.31.40.0-255,66,98289,78,255718
39370,0.002041,172.217.194.0-255,2902,101191,78,255718
39371,0.002043,172.31.40.0-255,66,101257,78,255718
39372,0.002074,172.217.194.0-255,5738,106995,78,255718
39373,0.002076,172.31.40.0-255,66,107061,78,255718
39374,0.002089,172.31.40.0-255,66,107127,78,255718
39375,0.002102,172.217.194.0-255,2902,110029,78,255718
39376,0.002105,172.31.40.0-255,66,110095,78,255718
39377,0.002117,172.31.40.0-255,66,110161,78,255718
39378,0.00212,172.217.194.0-255,766,110927,78,255718
39379,0.002165,172.217.194.0-255,1484,112411,78,255718
39380,0.002168,172.31.40.0-255,66,112477,78,255718
39381,0.002173,172.217.194.0-255,2902,115379,78,255718
39382,0.002175,172.31.40.0-255,66,115445,78,255718
39383,0.002188,172.217.194.0-255,1484,116929,78,255718
39384,0.002194,172.217.194.0-255,5738,122667,78,255718
39385,0.002196,172.31.40.0-255,66,122733,78,255718
39386,0.002203,172.217.194.0-255,7156,129889,78,255718
39387,0.002206,172.31.40.0-255,66,129955,78,255718
39388,0.002247,172.31.40.0-255,66,130021,78,255718
39389,0.002249,172.217.194.0-255,766,130787,78,255718
39390,0.004479,172.217.194.0-255,4320,135107,78,255718
39391,0.004483,172.31.40.0-255,66,135173,78,255718
39392,0.00671,172.217.194.0-255,5738,140911,78,255718
39393,0.006717,172.31.40.0-255,66,140977,78,255718
39394,0.008927,172.217.194.0-255,5738,146715,78,255718
39395,0.008933,172.31.40.0-255,66,146781,78,255718
39396,0.011181,172.217.194.0-255,5738,152519,78,255718
39397,0.011187,172.31.40.0-255,66,152585,78,255718
39398,0.013412,172.217.194.0-255,5738,158323,78,255718
39399,0.013431,172.31.40.0-255,66,158389,78,255718
39400,0.015681,172.217.194.0-255,5738,164127,78,255718
39401,0.015695,172.31.40.0-255,66,164193,78,255718
39402,0.01794,172.217.194.0-255,5738,169931,78,255718
39403,0.017955,172.31.40.0-255,66,169997,78,255718
39404,0.020177,172.217.194.0-255,5738,175735,78,255718
39405,0.020185,172.31.40.0-255,66,175801,78,255718
39406,0.022405,172.217.194.0-255,5738,181539,78,255718
39407,0.022413,172.31.40.0-255,66,181605,78,255718
39408,0.024634,172.217.194.0-255,5738,187343,78,255718
39409,0.02465,172.31.40.0-255,66,187409,78,255718
39410,0.026876,172.217.194.0-255,5738,193147,78,255718
39411,0.026886,172.31.40.0-255,66,193213,78,255718
39412,0.029092,172.217.194.0-255,5738,198951,78,255718
39413,0.029099,172.31.40.0-255,66,199017,78,255718
39414,0.031345,172.217.194.0-255,5738,204755,78,255718
39415,0.031352,172.31.40.0-255,66,204821,78,255718
39416,0.033575,172.217.194.0-255,5738,210559,78,255718
39417,0.033591,172.31.40.0-255,66,210625,78,255718
39418,0.035841,172.217.194.0-255,5738,216363,78,255718
39419,0.035856,172.31.40.0-255,66,216429,78,255718
39420,0.038086,172.217.194.0-255,5738,222167,78,255718
39421,0.038095,172.31.40.0-255,66,222233,78,255718
39422,0.040362,172.217.194.0-255,5738,227971,78,255718
39423,0.040379,172.31.40.0-255,66,228037,78,255718
39424,0.042619,172.217.194.0-255,5738,233775,78,255718
39425,0.042631,172.31.40.0-255,66,233841,78,255718
39426,0.043219,172.31.40.0-255,172,234013,78,255718
39427,0.043253,172.31.40.0-255,1108,235121,78,255718
39428,0.043309,172.31.40.0-255,1514,236635,78,255718
39429,0.043311,172.31.40.0-255,1299,237934,78,255718
39430,0.044753,104.244.42.0-255,66,238000,78,255718
39431,0.044827,104.244.42.0-255,66,238066,78,255718
39432,0.04483,104.244.42.0-255,66,238132,78,255718
39433,0.044845,172.217.194.0-255,5738,243870,78,255718
39434,0.044854,172.31.40.0-255,66,243936,78,255718
39435,0.047087,172.217.194.0-255,5738,249674,78,255718
39436,0.047106,172.31.40.0-255,66,249740,78,255718
39437,0.047389,104.244.42.0-255,108,249848,78,255718
39438,0.047398,172.31.40.0-255,66,249914,78,255718
39439,0.049315,172.217.194.0-255,5738,255652,78,255718
39440,0.049327,172.31.40.0-255,66,255718,78,255718
39441,0.0,74.125.200.0-255,147,147,78,220961
39442,2.3e-05,172.31.40.0-255,66,213,78,220961
39443,3.1e-05,74.125.200.0-255,1484,1697,78,220961
39444,3.6e-05,172.31.40.0-255,66,1763,78,220961
39445,5e-05,74.125.200.0-255,2902,4665,78,220961
39446,5.4e-05,172.31.40.0-255,66,4731,78,220961
39447,6.3e-05,74.125.200.0-255,7156,11887,78,220961
39448,6.6e-05,172.31.40.0-255,66,11953,78,220961
39449,0.00018,74.125.200.0-255,2010,13963,78,220961
39450,0.000184,172.31.40.0-255,66,14029,78,220961
39451,0.000264,74.125.200.0-255,1484,15513,78,220961
39452,0.000268,172.31.40.0-255,66,15579,78,220961
39453,0.000307,74.125.200.0-255,1484,17063,78,220961
39454,0.00031,172.31.40.0-255,66,17129,78,220961
39455,0.000335,74.125.200.0-255,1484,18613,78,220961
39456,0.000337,172.31.40.0-255,66,18679,78,220961
39457,0.000344,74.125.200.0-255,5738,24417,78,220961
39458,0.000347,172.31.40.0-255,66,24483,78,220961
39459,0.000397,74.125.200.0-255,1484,25967,78,220961
39460,0.000399,172.31.40.0-255,66,26033,78,220961
39461,0.000425,74.125.200.0-255,1484,27517,78,220961
39462,0.000428,172.31.40.0-255,66,27583,78,220961
39463,0.000456,74.125.200.0-255,3961,31544,78,220961
39464,0.000459,172.31.40.0-255,66,31610,78,220961
39465,0.000514,74.125.200.0-255,4320,35930,78,220961
39466,0.000518,172.31.40.0-255,66,35996,78,220961
39467,0.000581,74.125.200.0-255,1484,37480,78,220961
39468,0.000584,172.31.40.0-255,66,37546,78,220961
39469,0.000619,172.31.40.0-255,66,37612,78,220961
39470,0.00074,74.125.200.0-255,2543,40155,78,220961
39471,0.000745,172.31.40.0-255,66,40221,78,220961
39472,0.001119,74.125.200.0-255,1484,41705,78,220961
39473,0.001125,74.125.200.0-255,1484,43189,78,220961
39474,0.001129,172.31.40.0-255,66,43255,78,220961
39475,0.001146,74.125.200.0-255,1484,44739,78,220961
39476,0.001162,74.125.200.0-255,4320,49059,78,220961
39477,0.001178,74.125.200.0-255,1484,50543,78,220961
39478,0.001188,172.31.40.0-255,66,50609,78,220961
39479,0.001254,74.125.200.0-255,4320,54929,78,220961
39480,0.001266,74.125.200.0-255,2543,57472,78,220961
39481,0.001272,172.31.40.0-255,66,57538,78,220961
39482,0.001363,74.125.200.0-255,5738,63276,78,220961
39483,0.001369,172.31.40.0-255,66,63342,78,220961
39484,0.001378,74.125.200.0-255,1484,64826,78,220961
39485,0.001506,74.125.200.0-255,5738,70564,78,220961
39486,0.001511,172.31.40.0-255,66,70630,78,220961
39487,0.001542,74.125.200.0-255,4542,75172,78,220961
39488,0.001634,74.125.200.0-255,1484,76656,78,220961
39489,0.001661,74.125.200.0-255,2902,79558,78,220961
39490,0.001701,74.125.200.0-255,2902,82460,78,220961
39491,0.001718,74.125.200.0-255,2902,85362,78,220961
39492,0.001802,74.125.200.0-255,4320,89682,78,220961
39493,0.002019,74.125.200.0-255,4320,94002,78,220961
39494,0.002093,74.125.200.0-255,1484,95486,78,220961
39495,0.002115,74.125.200.0-255,4456,99942,78,220961
39496,0.002173,74.125.200.0-255,5738,105680,78,220961
39497,0.002575,74.125.200.0-255,5738,111418,78,220961
39498,0.002592,74.125.200.0-255,2184,113602,78,220961
39499,0.007291,172.31.40.0-255,66,113668,78,220961
39500,0.009316,74.125.200.0-255,5738,119406,78,220961
39501,0.009326,172.31.40.0-255,66,119472,78,220961
39502,0.011326,74.125.200.0-255,5738,125210,78,220961
39503,0.015776,172.31.40.0-255,66,125276,78,220961
39504,0.017795,74.125.200.0-255,5738,131014,78,220961
39505,0.01781,172.31.40.0-255,66,131080,78,220961
39506,0.019808,74.125.200.0-255,5738,136818,78,220961
39507,0.019816,172.31.40.0-255,66,136884,78,220961
39508,0.021818,74.125.200.0-255,5738,142622,78,220961
39509,0.021826,172.31.40.0-255,66,142688,78,220961
39510,0.023825,74.125.200.0-255,5738,148426,78,220961
39511,0.023833,172.31.40.0-255,66,148492,78,220961
39512,0.025832,74.125.200.0-255,4320,152812,78,220961
39513,0.02584,172.31.40.0-255,66,152878,78,220961
39514,0.025865,74.125.200.0-255,1484,154362,78,220961
39515,0.027143,172.31.40.0-255,172,154534,78,220961
39516,0.027178,172.31.40.0-255,1104,155638,78,220961
39517,0.027237,172.31.40.0-255,1514,157152,78,220961
39518,0.02724,172.31.40.0-255,1185,158337,78,220961
39519,0.02784,74.125.200.0-255,4320,162657,78,220961
39520,0.027849,172.31.40.0-255,66,162723,78,220961
39521,0.028714,104.244.42.0-255,66,162789,78,220961
39522,0.028748,104.244.42.0-255,66,162855,78,220961
39523,0.028833,104.244.42.0-255,66,162921,78,220961
39524,0.029847,74.125.200.0-255,5738,168659,78,220961
39525,0.029897,172.31.40.0-255,66,168725,78,220961
39526,0.031906,74.125.200.0-255,5738,174463,78,220961
39527,0.031914,172.31.40.0-255,66,174529,78,220961
39528,0.033918,74.125.200.0-255,5738,180267,78,220961
39529,0.033925,172.31.40.0-255,66,180333,78,220961
39530,0.035923,74.125.200.0-255,5738,186071,78,220961
39531,0.035931,172.31.40.0-255,66,186137,78,220961
39532,0.037939,74.125.200.0-255,5738,191875,78,220961
39533,0.037947,172.31.40.0-255,66,191941,78,220961
39534,0.039944,74.125.200.0-255,5738,197679,78,220961
39535,0.039951,172.31.40.0-255,66,197745,78,220961
39536,0.041964,74.125.200.0-255,5738,203483,78,220961
39537,0.041971,172.31.40.0-255,66,203549,78,220961
39538,0.043964,74.125.200.0-255,5738,209287,78,220961
39539,0.043972,172.31.40.0-255,66,209353,78,220961
39540,0.045973,74.125.200.0-255,5738,215091,78,220961
39541,0.04598,172.31.40.0-255,66,215157,78,220961
39542,0.047998,74.125.200.0-255,5738,220895,78,220961
39543,0.048005,172.31.40.0-255,66,220961,78,220961
39544,0.0,74.125.24.0-255,152,152,78,242333
39545,2.3e-05,172.31.40.0-255,66,218,78,242333
39546,2.9e-05,74.125.24.0-255,1484,1702,78,242333
39547,3.5e-05,172.31.40.0-255,66,1768,78,242333
39548,4.1e-05,74.125.24.0-255,2902,4670,78,242333
39549,4.3e-05,172.31.40.0-255,66,4736,78,242333
39550,5.1e-05,74.125.24.0-255,7156,11892,78,242333
39551,5.5e-05,172.31.40.0-255,66,11958,78,242333
39552,5.9e-05,74.125.24.0-255,1971,13929,78,242333
39553,6.2e-05,172.31.40.0-255,66,13995,78,242333
39554,8.9e-05,74.125.24.0-255,1484,15479,78,242333
39555,9.1e-05,172.31.40.0-255,66,15545,78,242333
39556,9.7e-05,74.125.24.0-255,2902,18447,78,242333
39557,9.9e-05,172.31.40.0-255,66,18513,78,242333
39558,0.000115,74.125.24.0-255,5738,24251,78,242333
39559,0.000118,172.31.40.0-255,66,24317,78,242333
39560,0.000149,74.125.24.0-255,6797,31114,78,242333
39561,0.000151,172.31.40.0-255,66,31180,78,242333
39562,0.000177,172.31.40.0-255,66,31246,78,242333
39563,0.000201,74.125.24.0-255,5738,36984,78,242333
39564,0.000203,172.31.40.0-255,66,37050,78,242333
39565,0.000208,74.125.24.0-255,2543,39593,78,242333
39566,0.00021,172.31.40.0-255,66,39659,78,242333
39567,0.000257,172.31.40.0-255,66,39725,78,242333
39568,0.00026,74.125.24.0-255,370,40095,78,242333
39569,0.000262,172.31.40.0-255,66,40161,78,242333
39570,0.000306,74.125.24.0-255,131,40292,78,242333
39571,0.000309,172.31.40.0-255,66,40358,78,242333
39572,0.000351,74.125.24.0-255,341,40699,78,242333
39573,0.000354,172.31.40.0-255,66,40765,78,242333
39574,0.000693,74.125.24.0-255,1484,42249,78,242333
39575,0.000702,74.125.24.0-255,2902,45151,78,242333
39576,0.000708,74.125.24.0-255,4320,49471,78,242333
39577,0.000718,74.125.24.0-255,1484,50955,78,242333
39578,0.000729,172.31.40.0-255,66,51021,78,242333
39579,0.000754,172.31.40.0-255,66,51087,78,242333
39580,0.000762,74.125.24.0-255,7156,58243,78,242333
39581,0.000788,74.125.24.0-255,3602,61845,78,242333
39582,0.000795,172.31.40.0-255,66,61911,78,242333
39583,0.001828,74.125.24.0-255,1484,63395,78,242333
39584,0.001839,74.125.24.0-255,2902,66297,78,242333
39585,0.001844,172.31.40.0-255,66,66363,78,242333
39586,0.001852,74.125.24.0-255,5738,72101,78,242333
39587,0.001854,172.31.40.0-255,66,72167,78,242333
39588,0.00186,74.125.24.0-255,4320,76487,78,242333
39589,0.001862,172.31.40.0-255,66,76553,78,242333
39590,0.00187,74.125.24.0-255,7156,83709,78,242333
39591,0.001873,172.31.40.0-255,66,83775,78,242333
39592,0.001892,74.125.24.0-255,4320,88095,78,242333
39593,0.001895,172.31.40.0-255,66,88161,78,242333
39594,0.001898,74.125.24.0-255,1484,89645,78,242333
39595,0.001918,74.125.24.0-255,6438,96083,78,242333
39596,0.001921,172.31.40.0-255,66,96149,78,242333
39597,0.002064,74.125.24.0-255,1484,97633,78,242333
39598,0.002071,74.125.24.0-255,2902,100535,78,242333
39599,0.002075,172.31.40.0-255,66,100601,78,242333
39600,0.002082,74.125.24.0-255,5738,106339,78,242333
39601,0.002084,172.31.40.0-255,66,106405,78,242333
39602,0.002099,74.125.24.0-255,2902,109307,78,242333
39603,0.002101,172.31.40.0-255,66,109373,78,242333
39604,0.002125,74.125.24.0-255,2902,112275,78,242333
39605,0.002127,172.31.40.0-255,66,112341,78,242333
39606,0.002134,74.125.24.0-255,7156,119497,78,242333
39607,0.002137,172.31.40.0-255,66,119563,78,242333
39608,0.0022,74.125.24.0-255,4320,123883,78,242333
39609,0.002219,74.125.24.0-255,5738,129621,78,242333
39610,0.002256,74.125.24.0-255,2902,132523,78,242333
39611,0.007038,172.31.40.0-255,66,132589,78,242333
39612,0.009322,74.125.24.0-255,5738,138327,78,242333
39613,0.00933,172.31.40.0-255,66,138393,78,242333
39614,0.011614,74.125.24.0-255,5738,144131,78,242333
39615,0.011622,172.31.40.0-255,66,144197,78,242333
39616,0.013963,74.125.24.0-255,5738,149935,78,242333
39617,0.013972,172.31.40.0-255,66,150001,78,242333
39618,0.016317,74.125.24.0-255,5738,155739,78,242333
39619,0.016328,172.31.40.0-255,66,155805,78,242333
39620,0.018641,74.125.24.0-255,5738,161543,78,242333
39621,0.018648,172.31.40.0-255,66,161609,78,242333
39622,0.020986,74.125.24.0-255,5738,167347,78,242333
39623,0.020992,172.31.40.0-255,66,167413,78,242333
39624,0.023286,74.125.24.0-255,5738,173151,78,242333
39625,0.023292,172.31.40.0-255,66,173217,78,242333
39626,0.025578,74.125.24.0-255,5738,178955,78,242333
39627,0.025585,172.31.40.0-255,66,179021,78,242333
39628,0.027872,74.125.24.0-255,5738,184759,78,242333
39629,0.02788,172.31.40.0-255,66,184825,78,242333
39630,0.030203,74.125.24.0-255,5738,190563,78,242333
39631,0.030222,172.31.40.0-255,66,190629,78,242333
39632,0.032553,74.125.24.0-255,5738,196367,78,242333
39633,0.032569,172.31.40.0-255,66,196433,78,242333
39634,0.034885,74.125.24.0-255,5738,202171,78,242333
39635,0.034902,172.31.40.0-255,66,202237,78,242333
39636,0.037245,74.125.24.0-255,5738,207975,78,242333
39637,0.03726,172.31.40.0-255,66,208041,78,242333
39638,0.03958,74.125.24.0-255,5738,213779,78,242333
39639,0.039587,172.31.40.0-255,66,213845,78,242333
39640,0.04192,74.125.24.0-255,5738,219583,78,242333
39641,0.04193,172.31.40.0-255,66,219649,78,242333
39642,0.042416,172.31.40.0-255,172,219821,78,242333
39643,0.042447,172.31.40.0-255,1107,220928,78,242333
39644,0.042511,172.31.40.0-255,1514,222442,78,242333
39645,0.042513,172.31.40.0-255,1514,223956,78,242333
39646,0.042541,172.31.40.0-255,701,224657,78,242333
39647,0.043967,104.244.42.0-255,66,224723,78,242333
39648,0.044144,104.244.42.0-255,66,224789,78,242333
39649,0.044148,104.244.42.0-255,66,224855,78,242333
39650,0.044151,104.244.42.0-255,66,224921,78,242333
39651,0.044248,74.125.24.0-255,5738,230659,78,242333
39652,0.044257,172.31.40.0-255,66,230725,78,242333
39653,0.046598,74.125.24.0-255,5738,236463,78,242333
39654,0.046615,172.31.40.0-255,66,236529,78,242333
39655,0.048947,74.125.24.0-255,5738,242267,78,242333
39656,0.048961,172.31.40.0-255,66,242333,78,242333
39657,0.0,74.125.24.0-255,157,157,78,201356
39658,2e-05,172.31.40.0-255,66,223,78,201356
39659,2.8e-05,74.125.24.0-255,1484,1707,78,201356
39660,3.2e-05,172.31.40.0-255,66,1773,78,201356
39661,3.8e-05,74.125.24.0-255,2902,4675,78,201356
39662,4.1e-05,172.31.40.0-255,66,4741,78,201356
39663,6.4e-05,74.125.24.0-255,5738,10479,78,201356
39664,6.7e-05,172.31.40.0-255,66,10545,78,201356
39665,8.9e-05,74.125.24.0-255,2902,13447,78,201356
39666,9.1e-05,172.31.40.0-255,66,13513,78,201356
39667,0.000113,172.31.40.0-255,66,13579,78,201356
39668,0.000143,74.125.24.0-255,7156,20735,78,201356
39669,0.000146,172.31.40.0-255,66,20801,78,201356
39670,0.000164,74.125.24.0-255,2543,23344,78,201356
39671,0.000166,172.31.40.0-255,66,23410,78,201356
39672,0.000232,74.125.24.0-255,1484,24894,78,201356
39673,0.000235,172.31.40.0-255,66,24960,78,201356
39674,0.00024,74.125.24.0-255,2902,27862,78,201356
39675,0.000242,172.31.40.0-255,66,27928,78,201356
39676,0.000249,74.125.24.0-255,5738,33666,78,201356
39677,0.000252,172.31.40.0-255,66,33732,78,201356
39678,0.000258,74.125.24.0-255,5738,39470,78,201356
39679,0.000261,172.31.40.0-255,66,39536,78,201356
39680,0.000273,172.31.40.0-255,66,39602,78,201356
39681,0.000298,74.125.24.0-255,2902,42504,78,201356
39682,0.000301,172.31.40.0-255,66,42570,78,201356
39683,0.000307,74.125.24.0-255,5020,47590,78,201356
39684,0.000309,172.31.40.0-255,66,47656,78,201356
39685,0.000311,74.125.24.0-255,429,48085,78,201356
39686,0.000313,172.31.40.0-255,66,48151,78,201356
39687,0.000462,74.125.24.0-255,1484,49635,78,201356
39688,0.000484,74.125.24.0-255,2902,52537,78,201356
39689,0.000487,172.31.40.0-255,66,52603,78,201356
39690,0.000494,74.125.24.0-255,5738,58341,78,201356
39691,0.000496,172.31.40.0-255,66,58407,78,201356
39692,0.000534,172.31.40.0-255,66,58473,78,201356
39693,0.000542,74.125.24.0-255,7156,65629,78,201356
39694,0.000544,172.31.40.0-255,66,65695,78,201356
39695,0.000564,74.125.24.0-255,1484,67179,78,201356
39696,0.000583,74.125.24.0-255,2184,69363,78,201356
39697,0.000586,172.31.40.0-255,66,69429,78,201356
39698,0.001204,74.125.24.0-255,1484,70913,78,201356
39699,0.00121,74.125.24.0-255,2902,73815,78,201356
39700,0.001214,172.31.40.0-255,66,73881,78,201356
39701,0.00122,74.125.24.0-255,4320,78201,78,201356
39702,0.001222,172.31.40.0-255,66,78267,78,201356
39703,0.001234,74.125.24.0-255,1484,79751,78,201356
39704,0.001254,74.125.24.0-255,7156,86907,78,201356
39705,0.001256,172.31.40.0-255,66,86973,78,201356
39706,0.001276,74.125.24.0-255,1484,88457,78,201356
39707,0.001288,172.31.40.0-255,66,88523,78,201356
39708,0.001311,74.125.24.0-255,5020,93543,78,201356
39709,0.001313,172.31.40.0-255,66,93609,78,201356
39710,0.001344,74.125.24.0-255,1484,95093,78,201356
39711,0.001349,74.125.24.0-255,2902,97995,78,201356
39712,0.001351,172.31.40.0-255,66,98061,78,201356
39713,0.00137,74.125.24.0-255,4320,102381,78,201356
39714,0.001373,172.31.40.0-255,66,102447,78,201356
39715,0.001391,74.125.24.0-255,1484,103931,78,201356
39716,0.001394,74.125.24.0-255,1484,105415,78,201356
39717,0.001396,172.31.40.0-255,66,105481,78,201356
39718,0.001415,74.125.24.0-255,4320,109801,78,201356
39719,0.001425,172.31.40.0-255,66,109867,78,201356
39720,0.001432,74.125.24.0-255,7156,117023,78,201356
39721,0.001435,172.31.40.0-255,66,117089,78,201356
39722,0.001438,74.125.24.0-255,1484,118573,78,201356
39723,0.00147,172.31.40.0-255,66,118639,78,201356
39724,0.001474,74.125.24.0-255,1484,120123,78,201356
39725,0.00149,74.125.24.0-255,7156,127279,78,201356
39726,0.001492,172.31.40.0-255,66,127345,78,201356
39727,0.001521,74.125.24.0-255,5738,133083,78,201356
39728,0.001523,172.31.40.0-255,66,133149,78,201356
39729,0.001535,172.31.40.0-255,66,133215,78,201356
39730,0.001559,74.125.24.0-255,7156,140371,78,201356
39731,0.001561,172.31.40.0-255,66,140437,78,201356
39732,0.001564,74.125.24.0-255,766,141203,78,201356
39733,0.001657,74.125.24.0-255,1484,142687,78,201356
39734,0.00166,74.125.24.0-255,1484,144171,78,201356
39735,0.001668,172.31.40.0-255,66,144237,78,201356
39736,0.001673,74.125.24.0-255,1484,145721,78,201356
39737,0.001676,172.31.40.0-255,66,145787,78,201356
39738,0.001681,74.125.24.0-255,2902,148689,78,201356
39739,0.001683,172.31.40.0-255,66,148755,78,201356
39740,0.001702,74.125.24.0-255,2902,151657,78,201356
39741,0.001705,172.31.40.0-255,66,151723,78,201356
39742,0.001717,172.31.40.0-255,66,151789,78,201356
39743,0.001738,74.125.24.0-255,2902,154691,78,201356
39744,0.00174,172.31.40.0-255,66,154757,78,201356
39745,0.00175,172.31.40.0-255,66,154823,78,201356
39746,0.00177,74.125.24.0-255,1484,156307,78,201356
39747,0.001787,74.125.24.0-255,766,157073,78,201356
39748,0.001791,172.31.40.0-255,66,157139,78,201356
39749,0.00185,74.125.24.0-255,1484,158623,78,201356
39750,0.001854,74.125.24.0-255,1484,160107,78,201356
39751,0.001856,172.31.40.0-255,66,160173,78,201356
39752,0.00187,74.125.24.0-255,1484,161657,78,201356
39753,0.001875,74.125.24.0-255,4320,165977,78,201356
39754,0.001877,172.31.40.0-255,66,166043,78,201356
39755,0.001897,74.125.24.0-255,1484,167527,78,201356
39756,0.001953,74.125.24.0-255,5738,173265,78,201356
39757,0.001956,172.31.40.0-255,66,173331,78,201356
39758,0.001979,74.125.24.0-255,2902,176233,78,201356
39759,0.001982,172.31.40.0-255,66,176299,78,201356
39760,0.001994,172.31.40.0-255,66,176365,78,201356
39761,0.00201,172.31.40.0-255,66,176431,78,201356
39762,0.002025,172.31.40.0-255,66,176497,78,201356
39763,0.00204,172.31.40.0-255,66,176563,78,201356
39764,0.002054,172.31.40.0-255,66,176629,78,201356
39765,0.002097,172.31.40.0-255,66,176695,78,201356
39766,0.002107,172.31.40.0-255,66,176761,78,201356
39767,0.00213,74.125.24.0-255,5738,182499,78,201356
39768,0.002133,172.31.40.0-255,66,182565,78,201356
39769,0.002149,74.125.24.0-255,5738,188303,78,201356
39770,0.002154,172.31.40.0-255,66,188369,78,201356
39771,0.002184,172.31.40.0-255,66,188435,78,201356
39772,0.002198,172.31.40.0-255,66,188501,78,201356
39773,0.002237,74.125.24.0-255,7156,195657,78,201356
39774,0.002241,172.31.40.0-255,66,195723,78,201356
39775,0.002247,74.125.24.0-255,5225,200948,78,201356
39776,0.002249,172.31.40.0-255,66,201014,78,201356
39777,0.002252,74.125.24.0-255,105,201119,78,201356
39778,0.013262,172.31.40.0-255,66,201185,78,201356
39779,0.013318,172.31.40.0-255,105,201290,78,201356
39780,0.01564,74.125.24.0-255,66,201356,78,201356
39781,0.0,74.125.24.0-255,155,155,78,208672
39782,2.3e-05,172.31.40.0-255,66,221,78,208672
39783,3e-05,74.125.24.0-255,1484,1705,78,208672
39784,3.5e-05,172.31.40.0-255,66,1771,78,208672
39785,4.1e-05,74.125.24.0-255,2902,4673,78,208672
39786,4.3e-05,172.31.40.0-255,66,4739,78,208672
39787,5.1e-05,74.125.24.0-255,7156,11895,78,208672
39788,5.5e-05,172.31.40.0-255,66,11961,78,208672
39789,8.1e-05,74.125.24.0-255,1985,13946,78,208672
39790,8.4e-05,172.31.40.0-255,66,14012,78,208672
39791,0.000111,74.125.24.0-255,1484,15496,78,208672
39792,0.000114,172.31.40.0-255,66,15562,78,208672
39793,0.000137,74.125.24.0-255,2902,18464,78,208672
39794,0.000139,172.31.40.0-255,66,18530,78,208672
39795,0.000146,74.125.24.0-255,5738,24268,78,208672
39796,0.000149,172.31.40.0-255,66,24334,78,208672
39797,0.000186,74.125.24.0-255,4320,28654,78,208672
39798,0.000189,172.31.40.0-255,66,28720,78,208672
39799,0.000211,74.125.24.0-255,2543,31263,78,208672
39800,0.000213,172.31.40.0-255,66,31329,78,208672
39801,0.000433,74.125.24.0-255,1484,32813,78,208672
39802,0.000436,172.31.40.0-255,66,32879,78,208672
39803,0.000442,74.125.24.0-255,2902,35781,78,208672
39804,0.000444,172.31.40.0-255,66,35847,78,208672
39805,0.000447,74.125.24.0-255,1484,37331,78,208672
39806,0.000449,172.31.40.0-255,66,37397,78,208672
39807,0.000476,74.125.24.0-255,4320,41717,78,208672
39808,0.000479,172.31.40.0-255,66,41783,78,208672
39809,0.000486,74.125.24.0-255,6797,48580,78,208672
39810,0.000488,172.31.40.0-255,66,48646,78,208672
39811,0.000496,74.125.24.0-255,7156,55802,78,208672
39812,0.000499,172.31.40.0-255,66,55868,78,208672
39813,0.000538,74.125.24.0-255,5738,61606,78,208672
39814,0.000557,74.125.24.0-255,3961,65567,78,208672
39815,0.000618,74.125.24.0-255,645,66212,78,208672
39816,0.000728,172.31.40.0-255,66,66278,78,208672
39817,0.001122,74.125.24.0-255,1484,67762,78,208672
39818,0.001128,74.125.24.0-255,2902,70664,78,208672
39819,0.001152,74.125.24.0-255,5738,76402,78,208672
39820,0.001159,172.31.40.0-255,66,76468,78,208672
39821,0.001198,74.125.24.0-255,2902,79370,78,208672
39822,0.001219,172.31.40.0-255,66,79436,78,208672
39823,0.003229,74.125.24.0-255,5738,85174,78,208672
39824,0.003236,172.31.40.0-255,66,85240,78,208672
39825,0.0053,74.125.24.0-255,5738,90978,78,208672
39826,0.007437,172.31.40.0-255,66,91044,78,208672
39827,0.009442,74.125.24.0-255,5738,96782,78,208672
39828,0.009451,172.31.40.0-255,66,96848,78,208672
39829,0.011483,74.125.24.0-255,5738,102586,78,208672
39830,0.012082,172.31.40.0-255,66,102652,78,208672
39831,0.014101,74.125.24.0-255,5738,108390,78,208672
39832,0.01411,172.31.40.0-255,66,108456,78,208672
39833,0.016135,74.125.24.0-255,5738,114194,78,208672
39834,0.016145,172.31.40.0-255,66,114260,78,208672
39835,0.018193,74.125.24.0-255,5738,119998,78,208672
39836,0.018201,172.31.40.0-255,66,120064,78,208672
39837,0.020262,74.125.24.0-255,5738,125802,78,208672
39838,0.020269,172.31.40.0-255,66,125868,78,208672
39839,0.022333,74.125.24.0-255,5738,131606,78,208672
39840,0.022341,172.31.40.0-255,66,131672,78,208672
39841,0.024361,74.125.24.0-255,5738,137410,78,208672
39842,0.024367,172.31.40.0-255,66,137476,78,208672
39843,0.026396,74.125.24.0-255,4320,141796,78,208672
39844,0.026402,172.31.40.0-255,66,141862,78,208672
39845,0.026423,74.125.24.0-255,1484,143346,78,208672
39846,0.027273,172.31.40.0-255,199,143545,78,208672
39847,0.027304,172.31.40.0-255,1132,144677,78,208672
39848,0.027365,172.31.40.0-255,1514,146191,78,208672
39849,0.027366,172.31.40.0-255,1275,147466,78,208672
39850,0.02842,74.125.24.0-255,2902,150368,78,208672
39851,0.028426,172.31.40.0-255,66,150434,78,208672
39852,0.028809,104.244.42.0-255,66,150500,78,208672
39853,0.028835,104.244.42.0-255,66,150566,78,208672
39854,0.028954,104.244.42.0-255,66,150632,78,208672
39855,0.030437,74.125.24.0-255,5738,156370,78,208672
39856,0.030496,172.31.40.0-255,66,156436,78,208672
39857,0.032506,74.125.24.0-255,5738,162174,78,208672
39858,0.032513,172.31.40.0-255,66,162240,78,208672
39859,0.034584,74.125.24.0-255,5738,167978,78,208672
39860,0.034591,172.31.40.0-255,66,168044,78,208672
39861,0.036672,74.125.24.0-255,5738,173782,78,208672
39862,0.036678,172.31.40.0-255,66,173848,78,208672
39863,0.038724,74.125.24.0-255,5738,179586,78,208672
39864,0.03873,172.31.40.0-255,66,179652,78,208672
39865,0.040776,74.125.24.0-255,5738,185390,78,208672
39866,0.040783,172.31.40.0-255,66,185456,78,208672
39867,0.042824,74.125.24.0-255,5738,191194,78,208672
39868,0.042831,172.31.40.0-255,66,191260,78,208672
39869,0.044961,74.125.24.0-255,5738,196998,78,208672
39870,0.044968,172.31.40.0-255,66,197064,78,208672
39871,0.047039,74.125.24.0-255,5738,202802,78,208672
39872,0.047045,172.31.40.0-255,66,202868,78,208672
39873,0.049076,74.125.24.0-255,5738,208606,78,208672
39874,0.049083,172.31.40.0-255,66,208672,78,208672
39875,0.0,74.125.24.0-255,148,148,78,183899
39876,2e-05,172.31.40.0-255,66,214,78,183899
39877,2.7e-05,74.125.24.0-255,1484,1698,78,183899
39878,3.1e-05,172.31.40.0-255,66,1764,78,183899
39879,3.6e-05,74.125.24.0-255,2902,4666,78,183899
39880,3.8e-05,172.31.40.0-255,66,4732,78,183899
39881,4.5e-05,74.125.24.0-255,7156,11888,78,183899
39882,4.7e-05,172.31.40.0-255,66,11954,78,183899
39883,5e-05,74.125.24.0-255,2028,13982,78,183899
39884,5.2e-05,172.31.40.0-255,66,14048,78,183899
39885,0.000101,74.125.24.0-255,1484,15532,78,183899
39886,0.000103,172.31.40.0-255,66,15598,78,183899
39887,0.000106,74.125.24.0-255,1484,17082,78,183899
39888,0.000108,172.31.40.0-255,66,17148,78,183899
39889,0.000124,74.125.24.0-255,1484,18632,78,183899
39890,0.000126,172.31.40.0-255,66,18698,78,183899
39891,0.000132,74.125.24.0-255,5738,24436,78,183899
39892,0.000134,172.31.40.0-255,66,24502,78,183899
39893,0.000151,74.125.24.0-255,1484,25986,78,183899
39894,0.000152,172.31.40.0-255,66,26052,78,183899
39895,0.000173,74.125.24.0-255,5379,31431,78,183899
39896,0.000175,172.31.40.0-255,66,31497,78,183899
39897,0.000263,74.125.24.0-255,1484,32981,78,183899
39898,0.000266,172.31.40.0-255,66,33047,78,183899
39899,0.000271,74.125.24.0-255,2902,35949,78,183899
39900,0.000273,172.31.40.0-255,66,36015,78,183899
39901,0.000275,74.125.24.0-255,1484,37499,78,183899
39902,0.000277,172.31.40.0-255,66,37565,78,183899
39903,0.000291,74.125.24.0-255,4320,41885,78,183899
39904,0.000293,172.31.40.0-255,66,41951,78,183899
39905,0.000322,172.31.40.0-255,66,42017,78,183899
39906,0.000329,74.125.24.0-255,7156,49173,78,183899
39907,0.00033,172.31.40.0-255,66,49239,78,183899
39908,0.000345,74.125.24.0-255,1484,50723,78,183899
39909,0.000351,74.125.24.0-255,4320,55043,78,183899
39910,0.000353,172.31.40.0-255,66,55109,78,183899
39911,0.000373,74.125.24.0-255,2842,57951,78,183899
39912,0.000375,172.31.40.0-255,66,58017,78,183899
39913,0.000443,74.125.24.0-255,130,58147,78,183899
39914,0.000446,74.125.24.0-255,345,58492,78,183899
39915,0.000619,74.125.24.0-255,1484,59976,78,183899
39916,0.000623,172.31.40.0-255,66,60042,78,183899
39917,0.000627,74.125.24.0-255,2902,62944,78,183899
39918,0.000629,172.31.40.0-255,66,63010,78,183899
39919,0.000631,74.125.24.0-255,1484,64494,78,183899
39920,0.000645,74.125.24.0-255,4320,68814,78,183899
39921,0.000648,172.31.40.0-255,66,68880,78,183899
39922,0.000678,172.31.40.0-255,66,68946,78,183899
39923,0.000727,172.31.40.0-255,66,69012,78,183899
39924,0.000743,74.125.24.0-255,2184,71196,78,183899
39925,0.000745,172.31.40.0-255,66,71262,78,183899
39926,0.000901,74.125.24.0-255,1484,72746,78,183899
39927,0.000917,74.125.24.0-255,2902,75648,78,183899
39928,0.00092,172.31.40.0-255,66,75714,78,183899
39929,0.000926,74.125.24.0-255,5738,81452,78,183899
39930,0.000927,172.31.40.0-255,66,81518,78,183899
39931,0.000941,74.125.24.0-255,2902,84420,78,183899
39932,0.000943,172.31.40.0-255,66,84486,78,183899
39933,0.000966,74.125.24.0-255,1484,85970,78,183899
39934,0.00097,172.31.40.0-255,66,86036,78,183899
39935,0.001,172.31.40.0-255,66,86102,78,183899
39936,0.001028,74.125.24.0-255,1484,87586,78,183899
39937,0.001031,74.125.24.0-255,1484,89070,78,183899
39938,0.001033,172.31.40.0-255,66,89136,78,183899
39939,0.001043,74.125.24.0-255,1484,90620,78,183899
39940,0.001045,74.125.24.0-255,1484,92104,78,183899
39941,0.001048,172.31.40.0-255,66,92170,78,183899
39942,0.001062,74.125.24.0-255,4320,96490,78,183899
39943,0.001064,172.31.40.0-255,66,96556,78,183899
39944,0.001068,74.125.24.0-255,2902,99458,78,183899
39945,0.00107,172.31.40.0-255,66,99524,78,183899
39946,0.001098,172.31.40.0-255,66,99590,78,183899
39947,0.001114,74.125.24.0-255,1484,101074,78,183899
39948,0.001138,172.31.40.0-255,66,101140,78,183899
39949,0.001173,74.125.24.0-255,1484,102624,78,183899
39950,0.001178,74.125.24.0-255,2902,105526,78,183899
39951,0.00118,172.31.40.0-255,66,105592,78,183899
39952,0.001206,74.125.24.0-255,4320,109912,78,183899
39953,0.001209,172.31.40.0-255,66,109978,78,183899
39954,0.001226,74.125.24.0-255,1484,111462,78,183899
39955,0.001237,172.31.40.0-255,66,111528,78,183899
39956,0.001276,74.125.24.0-255,4320,115848,78,183899
39957,0.001279,172.31.40.0-255,66,115914,78,183899
39958,0.001298,172.31.40.0-255,66,115980,78,183899
39959,0.001325,172.31.40.0-255,66,116046,78,183899
39960,0.001341,74.125.24.0-255,5738,121784,78,183899
39961,0.001344,172.31.40.0-255,66,121850,78,183899
39962,0.001354,172.31.40.0-255,66,121916,78,183899
39963,0.001399,172.31.40.0-255,66,121982,78,183899
39964,0.001428,74.125.24.0-255,2902,124884,78,183899
39965,0.00143,172.31.40.0-255,66,124950,78,183899
39966,0.001433,74.125.24.0-255,1484,126434,78,183899
39967,0.001449,74.125.24.0-255,2902,129336,78,183899
39968,0.001452,172.31.40.0-255,66,129402,78,183899
39969,0.001456,74.125.24.0-255,2902,132304,78,183899
39970,0.001458,172.31.40.0-255,66,132370,78,183899
39971,0.001489,74.125.24.0-255,5738,138108,78,183899
39972,0.001492,172.31.40.0-255,66,138174,78,183899
39973,0.00152,172.31.40.0-255,66,138240,78,183899
39974,0.001586,74.125.24.0-255,1484,139724,78,183899
39975,0.001591,74.125.24.0-255,2902,142626,78,183899
39976,0.001594,172.31.40.0-255,66,142692,78,183899
39977,0.001601,74.125.24.0-255,5738,148430,78,183899
39978,0.001604,172.31.40.0-255,66,148496,78,183899
39979,0.001633,172.31.40.0-255,66,148562,78,183899
39980,0.001657,74.125.24.0-255,1484,150046,78,183899
39981,0.001669,172.31.40.0-255,66,150112,78,183899
39982,0.001688,74.125.24.0-255,2184,152296,78,183899
39983,0.001691,172.31.40.0-255,66,152362,78,183899
39984,0.001711,74.125.24.0-255,2902,155264,78,183899
39985,0.001714,172.31.40.0-255,66,155330,78,183899
39986,0.001744,74.125.24.0-255,7156,162486,78,183899
39987,0.00175,74.125.24.0-255,4320,166806,78,183899
39988,0.001795,172.31.40.0-255,66,166872,78,183899
39989,0.001813,172.31.40.0-255,66,166938,78,183899
39990,0.001834,74.125.24.0-255,2184,169122,78,183899
39991,0.001861,172.31.40.0-255,66,169188,78,183899
39992,0.001873,74.125.24.0-255,1484,170672,78,183899
39993,0.001918,172.31.40.0-255,66,170738,78,183899
39994,0.001951,74.125.24.0-255,2902,173640,78,183899
39995,0.00196,172.31.40.0-255,66,173706,78,183899
39996,0.001972,74.125.24.0-255,5558,179264,78,183899
39997,0.001975,74.125.24.0-255,105,179369,78,183899
39998,0.001997,172.31.40.0-255,66,179435,78,183899
39999,0.004266,172.31.40.0-255,105,179540,78,183899
40000,0.006795,74.125.24.0-255,66,179606,78,183899
40001,0.02941,172.31.40.0-255,172,179778,78,183899
40002,0.029447,172.31.40.0-255,1108,180886,78,183899
40003,0.02951,172.31.40.0-255,1514,182400,78,183899
40004,0.029512,172.31.40.0-255,1301,183701,78,183899
40005,0.030899,104.244.42.0-255,66,183767,78,183899
40006,0.030936,104.244.42.0-255,66,183833,78,183899
40007,0.031012,104.244.42.0-255,66,183899,78,183899
40008,0.0,74.125.24.0-255,66,66,78,66
40009,0.0,172.217.27.0-255,290,290,78,263750
40010,2.6e-05,172.31.40.0-255,66,356,78,263750
40011,3.2e-05,172.217.27.0-255,1484,1840,78,263750
40012,3.7e-05,172.31.40.0-255,66,1906,78,263750
40013,4.4e-05,172.217.27.0-255,4320,6226,78,263750
40014,4.8e-05,172.31.40.0-255,66,6292,78,263750
40015,6.4e-05,172.217.27.0-255,7156,13448,78,263750
40016,6.7e-05,172.31.40.0-255,66,13514,78,263750
40017,7.9e-05,172.31.40.0-255,66,13580,78,263750
40018,8.4e-05,172.217.27.0-255,2902,16482,78,263750
40019,8.6e-05,172.31.40.0-255,66,16548,78,263750
40020,0.000128,172.217.27.0-255,6797,23345,78,263750
40021,0.000132,172.31.40.0-255,66,23411,78,263750
40022,0.000223,172.217.27.0-255,1484,24895,78,263750
40023,0.000225,172.31.40.0-255,66,24961,78,263750
40024,0.000246,172.217.27.0-255,2902,27863,78,263750
40025,0.000249,172.31.40.0-255,66,27929,78,263750
40026,0.000256,172.217.27.0-255,5738,33667,78,263750
40027,0.000258,172.31.40.0-255,66,33733,78,263750
40028,0.000289,172.217.27.0-255,2902,36635,78,263750
40029,0.000292,172.31.40.0-255,66,36701,78,263750
40030,0.000329,172.217.27.0-255,6797,43498,78,263750
40031,0.000332,172.31.40.0-255,66,43564,78,263750
40032,0.000344,172.31.40.0-255,66,43630,78,263750
40033,0.000355,172.217.27.0-255,4227,47857,78,263750
40034,0.000358,172.31.40.0-255,66,47923,78,263750
40035,0.001186,172.217.27.0-255,390,48313,78,263750
40036,0.001192,172.31.40.0-255,66,48379,78,263750
40037,0.001226,172.217.27.0-255,1484,49863,78,263750
40038,0.001229,172.31.40.0-255,66,49929,78,263750
40039,0.001233,172.217.27.0-255,1484,51413,78,263750
40040,0.00125,172.217.27.0-255,2902,54315,78,263750
40041,0.001252,172.31.40.0-255,66,54381,78,263750
40042,0.001281,172.217.27.0-255,5738,60119,78,263750
40043,0.001284,172.31.40.0-255,66,60185,78,263750
40044,0.00129,172.217.27.0-255,4320,64505,78,263750
40045,0.001292,172.31.40.0-255,66,64571,78,263750
40046,0.001296,172.217.27.0-255,2902,67473,78,263750
40047,0.001298,172.31.40.0-255,66,67539,78,263750
40048,0.001343,172.217.27.0-255,2902,70441,78,263750
40049,0.001345,172.31.40.0-255,66,70507,78,263750
40050,0.001362,172.31.40.0-255,66,70573,78,263750
40051,0.001365,172.217.27.0-255,766,71339,78,263750
40052,0.001557,172.217.27.0-255,1484,72823,78,263750
40053,0.001562,172.31.40.0-255,66,72889,78,263750
40054,0.001568,172.217.27.0-255,2902,75791,78,263750
40055,0.00157,172.31.40.0-255,66,75857,78,263750
40056,0.001605,172.217.27.0-255,5738,81595,78,263750
40057,0.00161,172.31.40.0-255,66,81661,78,263750
40058,0.001615,172.217.27.0-255,2902,84563,78,263750
40059,0.001616,172.31.40.0-255,66,84629,78,263750
40060,0.001642,172.217.27.0-255,4320,88949,78,263750
40061,0.001645,172.31.40.0-255,66,89015,78,263750
40062,0.001649,172.217.27.0-255,2902,91917,78,263750
40063,0.001651,172.31.40.0-255,66,91983,78,263750
40064,0.00168,172.217.27.0-255,2902,94885,78,263750
40065,0.001683,172.31.40.0-255,66,94951,78,263750
40066,0.001857,172.217.27.0-255,5738,100689,78,263750
40067,0.001862,172.31.40.0-255,66,100755,78,263750
40068,0.003496,172.217.27.0-255,5738,106493,78,263750
40069,0.003504,172.31.40.0-255,66,106559,78,263750
40070,0.005156,172.217.27.0-255,4320,110879,78,263750
40071,0.00516,172.31.40.0-255,66,110945,78,263750
40072,0.005185,172.217.27.0-255,1484,112429,78,263750
40073,0.006806,172.217.27.0-255,4320,116749,78,263750
40074,0.006809,172.31.40.0-255,66,116815,78,263750
40075,0.008498,172.217.27.0-255,5738,122553,78,263750
40076,0.008504,172.31.40.0-255,66,122619,78,263750
40077,0.010189,172.217.27.0-255,5738,128357,78,263750
40078,0.010196,172.31.40.0-255,66,128423,78,263750
40079,0.01186,172.217.27.0-255,5738,134161,78,263750
40080,0.011869,172.31.40.0-255,66,134227,78,263750
40081,0.013524,172.217.27.0-255,5738,139965,78,263750
40082,0.013533,172.31.40.0-255,66,140031,78,263750
40083,0.015188,172.217.27.0-255,5738,145769,78,263750
40084,0.015207,172.31.40.0-255,66,145835,78,263750
40085,0.01688,172.217.27.0-255,5738,151573,78,263750
40086,0.016899,172.31.40.0-255,66,151639,78,263750
40087,0.018553,172.217.27.0-255,5738,157377,78,263750
40088,0.018572,172.31.40.0-255,66,157443,78,263750
40089,0.020208,172.217.27.0-255,5738,163181,78,263750
40090,0.020216,172.31.40.0-255,66,163247,78,263750
40091,0.021852,172.217.27.0-255,5738,168985,78,263750
40092,0.021859,172.31.40.0-255,66,169051,78,263750
40093,0.023497,172.217.27.0-255,5738,174789,78,263750
40094,0.023504,172.31.40.0-255,66,174855,78,263750
40095,0.02514,172.217.27.0-255,5738,180593,78,263750
40096,0.02515,172.31.40.0-255,66,180659,78,263750
40097,0.026799,172.217.27.0-255,5738,186397,78,263750
40098,0.026809,172.31.40.0-255,66,186463,78,263750
40099,0.027517,172.31.40.0-255,167,186630,78,263750
40100,0.027552,172.31.40.0-255,1104,187734,78,263750
40101,0.027613,172.31.40.0-255,1514,189248,78,263750
40102,0.027616,172.31.40.0-255,336,189584,78,263750
40103,0.028443,172.217.27.0-255,5738,195322,78,263750
40104,0.02845,172.31.40.0-255,66,195388,78,263750
40105,0.029733,104.244.42.0-255,66,195454,78,263750
40106,0.03008,172.217.27.0-255,5738,201192,78,263750
40107,0.030087,172.31.40.0-255,66,201258,78,263750
40108,0.031733,172.217.27.0-255,5738,206996,78,263750
40109,0.031746,172.31.40.0-255,66,207062,78,263750
40110,0.033383,172.217.27.0-255,5738,212800,78,263750
40111,0.033396,172.31.40.0-255,66,212866,78,263750
40112,0.035037,172.217.27.0-255,5738,218604,78,263750
40113,0.035045,172.31.40.0-255,66,218670,78,263750
40114,0.036734,172.217.27.0-255,5738,224408,78,263750
40115,0.036747,172.31.40.0-255,66,224474,78,263750
40116,0.038393,172.217.27.0-255,5738,230212,78,263750
40117,0.038404,172.31.40.0-255,66,230278,78,263750
40118,0.040046,172.217.27.0-255,5738,236016,78,263750
40119,0.04006,172.31.40.0-255,66,236082,78,263750
40120,0.041696,172.217.27.0-255,5738,241820,78,263750
40121,0.041707,172.31.40.0-255,66,241886,78,263750
40122,0.043347,172.217.27.0-255,5738,247624,78,263750
40123,0.043365,172.31.40.0-255,66,247690,78,263750
40124,0.045026,172.217.27.0-255,5738,253428,78,263750
40125,0.045037,172.31.40.0-255,66,253494,78,263750
40126,0.046675,172.217.27.0-255,4320,257814,78,263750
40127,0.046685,172.31.40.0-255,66,257880,78,263750
40128,0.046717,172.217.27.0-255,1484,259364,78,263750
40129,0.048345,172.217.27.0-255,4320,263684,78,263750
40130,0.048355,172.31.40.0-255,66,263750,78,263750
40131,0.0,74.125.130.0-255,143,143,78,359515
40132,2.2e-05,172.31.40.0-255,66,209,78,359515
40133,2.9e-05,74.125.130.0-255,1484,1693,78,359515
40134,3.4e-05,172.31.40.0-255,66,1759,78,359515
40135,3.7e-05,74.125.130.0-255,1484,3243,78,359515
40136,4e-05,172.31.40.0-255,66,3309,78,359515
40137,5.2e-05,74.125.130.0-255,1484,4793,78,359515
40138,5.5e-05,172.31.40.0-255,66,4859,78,359515
40139,7.7e-05,74.125.130.0-255,1484,6343,78,359515
40140,8.5e-05,172.31.40.0-255,66,6409,78,359515
40141,9.3e-05,74.125.130.0-255,5738,12147,78,359515
40142,9.6e-05,172.31.40.0-255,66,12213,78,359515
40143,0.000132,74.125.130.0-255,5738,17951,78,359515
40144,0.000134,172.31.40.0-255,66,18017,78,359515
40145,0.000164,74.125.130.0-255,6329,24346,78,359515
40146,0.000167,172.31.40.0-255,66,24412,78,359515
40147,0.000173,74.125.130.0-255,6797,31209,78,359515
40148,0.000176,172.31.40.0-255,66,31275,78,359515
40149,0.000399,74.125.130.0-255,1484,32759,78,359515
40150,0.000404,172.31.40.0-255,66,32825,78,359515
40151,0.00041,74.125.130.0-255,2902,35727,78,359515
40152,0.000413,172.31.40.0-255,66,35793,78,359515
40153,0.000419,74.125.130.0-255,4320,40113,78,359515
40154,0.000421,172.31.40.0-255,66,40179,78,359515
40155,0.000436,74.125.130.0-255,1484,41663,78,359515
40156,0.000438,172.31.40.0-255,66,41729,78,359515
40157,0.000442,74.125.130.0-255,1484,43213,78,359515
40158,0.000448,172.31.40.0-255,66,43279,78,359515
40159,0.000487,172.31.40.0-255,66,43345,78,359515
40160,0.000491,74.125.130.0-255,2902,46247,78,359515
40161,0.000494,172.31.40.0-255,66,46313,78,359515
40162,0.000531,74.125.130.0-255,7156,53469,78,359515
40163,0.000534,172.31.40.0-255,66,53535,78,359515
40164,0.000537,74.125.130.0-255,1484,55019,78,359515
40165,0.000562,74.125.130.0-255,2794,57813,78,359515
40166,0.000564,172.31.40.0-255,66,57879,78,359515
40167,0.000592,74.125.130.0-255,115,57994,78,359515
40168,0.000747,74.125.130.0-255,1484,59478,78,359515
40169,0.000752,172.31.40.0-255,66,59544,78,359515
40170,0.000758,74.125.130.0-255,2902,62446,78,359515
40171,0.00076,172.31.40.0-255,66,62512,78,359515
40172,0.000763,74.125.130.0-255,1484,63996,78,359515
40173,0.000796,74.125.130.0-255,4320,68316,78,359515
40174,0.000799,172.31.40.0-255,66,68382,78,359515
40175,0.000804,74.125.130.0-255,2902,71284,78,359515
40176,0.000806,172.31.40.0-255,66,71350,78,359515
40177,0.000841,74.125.130.0-255,3961,75311,78,359515
40178,0.000844,172.31.40.0-255,66,75377,78,359515
40179,0.00085,74.125.130.0-255,5738,81115,78,359515
40180,0.000853,172.31.40.0-255,66,81181,78,359515
40181,0.000856,74.125.130.0-255,1484,82665,78,359515
40182,0.000888,74.125.130.0-255,5738,88403,78,359515
40183,0.000892,172.31.40.0-255,66,88469,78,359515
40184,0.000897,74.125.130.0-255,3961,92430,78,359515
40185,0.000899,172.31.40.0-255,66,92496,78,359515
40186,0.001003,74.125.130.0-255,1484,93980,78,359515
40187,0.00102,74.125.130.0-255,2902,96882,78,359515
40188,0.001025,74.125.130.0-255,2902,99784,78,359515
40189,0.001029,172.31.40.0-255,66,99850,78,359515
40190,0.001036,172.31.40.0-255,66,99916,78,359515
40191,0.001059,74.125.130.0-255,4320,104236,78,359515
40192,0.001062,172.31.40.0-255,66,104302,78,359515
40193,0.001067,74.125.130.0-255,2902,107204,78,359515
40194,0.001069,172.31.40.0-255,66,107270,78,359515
40195,0.001105,74.125.130.0-255,5738,113008,78,359515
40196,0.001107,172.31.40.0-255,66,113074,78,359515
40197,0.001113,74.125.130.0-255,4320,117394,78,359515
40198,0.001115,172.31.40.0-255,66,117460,78,359515
40199,0.001121,74.125.130.0-255,4320,121780,78,359515
40200,0.001123,172.31.40.0-255,66,121846,78,359515
40201,0.001153,74.125.130.0-255,1484,123330,78,359515
40202,0.001156,74.125.130.0-255,1484,124814,78,359515
40203,0.001161,172.31.40.0-255,66,124880,78,359515
40204,0.001179,74.125.130.0-255,2184,127064,78,359515
40205,0.001182,172.31.40.0-255,66,127130,78,359515
40206,0.00124,74.125.130.0-255,1484,128614,78,359515
40207,0.001257,74.125.130.0-255,2902,131516,78,359515
40208,0.00126,172.31.40.0-255,66,131582,78,359515
40209,0.001265,74.125.130.0-255,2902,134484,78,359515
40210,0.001267,172.31.40.0-255,66,134550,78,359515
40211,0.00129,74.125.130.0-255,2902,137452,78,359515
40212,0.001294,172.31.40.0-255,66,137518,78,359515
40213,0.001301,74.125.130.0-255,5738,143256,78,359515
40214,0.001304,172.31.40.0-255,66,143322,78,359515
40215,0.001337,74.125.130.0-255,5738,149060,78,359515
40216,0.00134,172.31.40.0-255,66,149126,78,359515
40217,0.001347,74.125.130.0-255,7156,156282,78,359515
40218,0.001349,172.31.40.0-255,66,156348,78,359515
40219,0.00138,74.125.130.0-255,5020,161368,78,359515
40220,0.001387,172.31.40.0-255,66,161434,78,359515
40221,0.001476,74.125.130.0-255,1484,162918,78,359515
40222,0.001489,74.125.130.0-255,2902,165820,78,359515
40223,0.001492,172.31.40.0-255,66,165886,78,359515
40224,0.001497,74.125.130.0-255,2902,168788,78,359515
40225,0.001499,172.31.40.0-255,66,168854,78,359515
40226,0.001523,74.125.130.0-255,1484,170338,78,359515
40227,0.001527,74.125.130.0-255,2902,173240,78,359515
40228,0.001529,172.31.40.0-255,66,173306,78,359515
40229,0.001562,74.125.130.0-255,5738,179044,78,359515
40230,0.001565,172.31.40.0-255,66,179110,78,359515
40231,0.001571,74.125.130.0-255,5738,184848,78,359515
40232,0.001573,172.31.40.0-255,66,184914,78,359515
40233,0.001601,74.125.130.0-255,7156,192070,78,359515
40234,0.001604,172.31.40.0-255,66,192136,78,359515
40235,0.001633,74.125.130.0-255,3602,195738,78,359515
40236,0.001637,172.31.40.0-255,66,195804,78,359515
40237,0.001746,74.125.130.0-255,1484,197288,78,359515
40238,0.001751,74.125.130.0-255,2902,200190,78,359515
40239,0.001754,172.31.40.0-255,66,200256,78,359515
40240,0.001779,74.125.130.0-255,1484,201740,78,359515
40241,0.001799,74.125.130.0-255,4320,206060,78,359515
40242,0.001802,172.31.40.0-255,66,206126,78,359515
40243,0.001806,74.125.130.0-255,2902,209028,78,359515
40244,0.001808,172.31.40.0-255,66,209094,78,359515
40245,0.001814,74.125.130.0-255,4320,213414,78,359515
40246,0.00182,172.31.40.0-255,66,213480,78,359515
40247,0.001854,172.31.40.0-255,66,213546,78,359515
40248,0.001876,74.125.130.0-255,4320,217866,78,359515
40249,0.001879,172.31.40.0-255,66,217932,78,359515
40250,0.001904,74.125.130.0-255,3602,221534,78,359515
40251,0.001907,172.31.40.0-255,66,221600,78,359515
40252,0.003925,74.125.130.0-255,1484,223084,78,359515
40253,0.00395,74.125.130.0-255,4320,227404,78,359515
40254,0.003955,172.31.40.0-255,66,227470,78,359515
40255,0.005996,74.125.130.0-255,1484,228954,78,359515
40256,0.006012,74.125.130.0-255,4320,233274,78,359515
40257,0.006015,172.31.40.0-255,66,233340,78,359515
40258,0.008075,74.125.130.0-255,5738,239078,78,359515
40259,0.008081,172.31.40.0-255,66,239144,78,359515
40260,0.010145,74.125.130.0-255,5738,244882,78,359515
40261,0.010152,172.31.40.0-255,66,244948,78,359515
40262,0.01221,74.125.130.0-255,5738,250686,78,359515
40263,0.012218,172.31.40.0-255,66,250752,78,359515
40264,0.014278,74.125.130.0-255,5738,256490,78,359515
40265,0.014286,172.31.40.0-255,66,256556,78,359515
40266,0.016358,74.125.130.0-255,5738,262294,78,359515
40267,0.016366,172.31.40.0-255,66,262360,78,359515
40268,0.018421,74.125.130.0-255,5738,268098,78,359515
40269,0.018429,172.31.40.0-255,66,268164,78,359515
40270,0.020465,74.125.130.0-255,5738,273902,78,359515
40271,0.020472,172.31.40.0-255,66,273968,78,359515
40272,0.022519,74.125.130.0-255,5738,279706,78,359515
40273,0.022525,172.31.40.0-255,66,279772,78,359515
40274,0.024574,74.125.130.0-255,5738,285510,78,359515
40275,0.024582,172.31.40.0-255,66,285576,78,359515
40276,0.026636,74.125.130.0-255,5738,291314,78,359515
40277,0.026643,172.31.40.0-255,66,291380,78,359515
40278,0.028699,74.125.130.0-255,5738,297118,78,359515
40279,0.028706,172.31.40.0-255,66,297184,78,359515
40280,0.030013,172.31.40.0-255,172,297356,78,359515
40281,0.030042,172.31.40.0-255,1108,298464,78,359515
40282,0.0301,172.31.40.0-255,1514,299978,78,359515
40283,0.030102,172.31.40.0-255,1299,301277,78,359515
40284,0.030764,74.125.130.0-255,5738,307015,78,359515
40285,0.030771,172.31.40.0-255,66,307081,78,359515
40286,0.031546,104.244.42.0-255,66,307147,78,359515
40287,0.031598,104.244.42.0-255,66,307213,78,359515
40288,0.031704,104.244.42.0-255,66,307279,78,359515
40289,0.032834,74.125.130.0-255,5738,313017,78,359515
40290,0.03284,172.31.40.0-255,66,313083,78,359515
40291,0.034902,74.125.130.0-255,5738,318821,78,359515
40292,0.034908,172.31.40.0-255,66,318887,78,359515
40293,0.036967,74.125.130.0-255,5738,324625,78,359515
40294,0.036973,172.31.40.0-255,66,324691,78,359515
40295,0.039035,74.125.130.0-255,5738,330429,78,359515
40296,0.039043,172.31.40.0-255,66,330495,78,359515
40297,0.041104,74.125.130.0-255,5738,336233,78,359515
40298,0.041111,172.31.40.0-255,66,336299,78,359515
40299,0.043182,74.125.130.0-255,5738,342037,78,359515
40300,0.043188,172.31.40.0-255,66,342103,78,359515
40301,0.045242,74.125.130.0-255,5738,347841,78,359515
40302,0.04525,172.31.40.0-255,66,347907,78,359515
40303,0.04731,74.125.130.0-255,5738,353645,78,359515
40304,0.047316,172.31.40.0-255,66,353711,78,359515
40305,0.049377,74.125.130.0-255,5738,359449,78,359515
40306,0.049384,172.31.40.0-255,66,359515,78,359515
40307,0.0,172.217.194.0-255,153,153,78,271061
40308,1.7e-05,172.31.40.0-255,66,219,78,271061
40309,2.4e-05,172.217.194.0-255,1484,1703,78,271061
40310,2.9e-05,172.31.40.0-255,66,1769,78,271061
40311,3.3e-05,172.217.194.0-255,1484,3253,78,271061
40312,4.2e-05,172.31.40.0-255,66,3319,78,271061
40313,5e-05,172.217.194.0-255,4320,7639,78,271061
40314,5.3e-05,172.31.40.0-255,66,7705,78,271061
40315,5.7e-05,172.217.194.0-255,1484,9189,78,271061
40316,5.8e-05,172.31.40.0-255,66,9255,78,271061
40317,9.4e-05,172.217.194.0-255,4862,14117,78,271061
40318,9.7e-05,172.31.40.0-255,66,14183,78,271061
40319,0.000139,172.217.194.0-255,1484,15667,78,271061
40320,0.000141,172.31.40.0-255,66,15733,78,271061
40321,0.00016,172.217.194.0-255,2902,18635,78,271061
40322,0.000163,172.31.40.0-255,66,18701,78,271061
40323,0.000197,172.217.194.0-255,5738,24439,78,271061
40324,0.0002,172.31.40.0-255,66,24505,78,271061
40325,0.000233,172.217.194.0-255,6797,31302,78,271061
40326,0.000236,172.31.40.0-255,66,31368,78,271061
40327,0.0004,172.217.194.0-255,1484,32852,78,271061
40328,0.000405,172.31.40.0-255,66,32918,78,271061
40329,0.00041,172.217.194.0-255,2902,35820,78,271061
40330,0.000412,172.31.40.0-255,66,35886,78,271061
40331,0.000417,172.217.194.0-255,2902,38788,78,271061
40332,0.000423,172.31.40.0-255,66,38854,78,271061
40333,0.000428,172.217.194.0-255,2902,41756,78,271061
40334,0.00043,172.31.40.0-255,66,41822,78,271061
40335,0.000456,172.217.194.0-255,1484,43306,78,271061
40336,0.000458,172.31.40.0-255,66,43372,78,271061
40337,0.000475,172.31.40.0-255,66,43438,78,271061
40338,0.000481,172.217.194.0-255,5738,49176,78,271061
40339,0.000532,172.217.194.0-255,4320,53496,78,271061
40340,0.000543,172.217.194.0-255,2843,56339,78,271061
40341,0.000552,172.31.40.0-255,66,56405,78,271061
40342,0.000577,172.217.194.0-255,377,56782,78,271061
40343,0.000778,172.217.194.0-255,1484,58266,78,271061
40344,0.000786,172.31.40.0-255,66,58332,78,271061
40345,0.000798,172.217.194.0-255,2902,61234,78,271061
40346,0.000808,172.217.194.0-255,4320,65554,78,271061
40347,0.000821,172.217.194.0-255,1484,67038,78,271061
40348,0.000844,172.31.40.0-255,66,67104,78,271061
40349,0.000874,172.217.194.0-255,4320,71424,78,271061
40350,0.000877,172.217.194.0-255,1484,72908,78,271061
40351,0.000889,172.217.194.0-255,2902,75810,78,271061
40352,0.000898,172.31.40.0-255,66,75876,78,271061
40353,0.000915,172.217.194.0-255,6438,82314,78,271061
40354,0.000929,172.217.194.0-255,2902,85216,78,271061
40355,0.000941,172.31.40.0-255,66,85282,78,271061
40356,0.000955,172.217.194.0-255,7156,92438,78,271061
40357,0.000988,172.31.40.0-255,66,92504,78,271061
40358,0.001013,172.31.40.0-255,66,92570,78,271061
40359,0.001041,172.217.194.0-255,5020,97590,78,271061
40360,0.001058,172.217.194.0-255,2902,100492,78,271061
40361,0.001075,172.31.40.0-255,66,100558,78,271061
40362,0.001088,172.31.40.0-255,66,100624,78,271061
40363,0.001104,172.217.194.0-255,3602,104226,78,271061
40364,0.001136,172.217.194.0-255,4320,108546,78,271061
40365,0.001153,172.217.194.0-255,2184,110730,78,271061
40366,0.001168,172.31.40.0-255,66,110796,78,271061
40367,0.001199,172.217.194.0-255,2902,113698,78,271061
40368,0.001205,172.217.194.0-255,4320,118018,78,271061
40369,0.001211,172.217.194.0-255,7156,125174,78,271061
40370,0.001219,172.31.40.0-255,66,125240,78,271061
40371,0.001228,172.217.194.0-255,1484,126724,78,271061
40372,0.001245,172.217.194.0-255,4320,131044,78,271061
40373,0.001293,172.31.40.0-255,66,131110,78,271061
40374,0.001335,172.217.194.0-255,1484,132594,78,271061
40375,0.001339,172.217.194.0-255,1484,134078,78,271061
40376,0.001352,172.31.40.0-255,66,134144,78,271061
40377,0.00136,172.217.194.0-255,1484,135628,78,271061
40378,0.001374,172.217.194.0-255,5738,141366,78,271061
40379,0.001422,172.217.194.0-255,7156,148522,78,271061
40380,0.001427,172.31.40.0-255,66,148588,78,271061
40381,0.001449,172.217.194.0-255,5738,154326,78,271061
40382,0.001476,172.31.40.0-255,66,154392,78,271061
40383,0.001624,172.217.194.0-255,1484,155876,78,271061
40384,0.00164,172.217.194.0-255,2902,158778,78,271061
40385,0.001647,172.217.194.0-255,5738,164516,78,271061
40386,0.001678,172.217.194.0-255,7156,171672,78,271061
40387,0.001683,172.31.40.0-255,66,171738,78,271061
40388,0.001694,172.217.194.0-255,5738,177476,78,271061
40389,0.001704,172.217.194.0-255,7156,184632,78,271061
40390,0.001712,172.31.40.0-255,66,184698,78,271061
40391,0.001722,172.217.194.0-255,3602,188300,78,271061
40392,0.001743,172.31.40.0-255,66,188366,78,271061
40393,0.001994,172.217.194.0-255,1484,189850,78,271061
40394,0.002,172.217.194.0-255,2902,192752,78,271061
40395,0.002011,172.31.40.0-255,66,192818,78,271061
40396,0.002024,172.217.194.0-255,5738,198556,78,271061
40397,0.002047,172.217.194.0-255,7156,205712,78,271061
40398,0.002068,172.217.194.0-255,5738,211450,78,271061
40399,0.00208,172.217.194.0-255,766,212216,78,271061
40400,0.002084,172.31.40.0-255,66,212282,78,271061
40401,0.002111,172.217.194.0-255,1484,213766,78,271061
40402,0.002117,172.217.194.0-255,4320,218086,78,271061
40403,0.002127,172.31.40.0-255,66,218152,78,271061
40404,0.002178,172.31.40.0-255,66,218218,78,271061
40405,0.004309,172.217.194.0-255,5738,223956,78,271061
40406,0.004316,172.31.40.0-255,66,224022,78,271061
40407,0.006472,172.217.194.0-255,5738,229760,78,271061
40408,0.006479,172.31.40.0-255,66,229826,78,271061
40409,0.008636,172.217.194.0-255,5738,235564,78,271061
40410,0.008641,172.31.40.0-255,66,235630,78,271061
40411,0.010777,172.217.194.0-255,5738,241368,78,271061
40412,0.010783,172.31.40.0-255,66,241434,78,271061
40413,0.012969,172.217.194.0-255,5738,247172,78,271061
40414,0.012976,172.31.40.0-255,66,247238,78,271061
40415,0.015131,172.217.194.0-255,5738,252976,78,271061
40416,0.015139,172.31.40.0-255,66,253042,78,271061
40417,0.017289,172.217.194.0-255,5738,258780,78,271061
40418,0.017299,172.31.40.0-255,66,258846,78,271061
40419,0.019453,172.217.194.0-255,5738,264584,78,271061
40420,0.019461,172.31.40.0-255,66,264650,78,271061
40421,0.021594,172.217.194.0-255,1884,266534,78,271061
40422,0.021602,172.31.40.0-255,66,266600,78,271061
40423,0.021771,172.31.40.0-255,105,266705,78,271061
40424,0.023873,172.217.194.0-255,66,266771,78,271061
40425,0.030464,172.31.40.0-255,171,266942,78,271061
40426,0.030496,172.31.40.0-255,1132,268074,78,271061
40427,0.030558,172.31.40.0-255,1514,269588,78,271061
40428,0.03056,172.31.40.0-255,1275,270863,78,271061
40429,0.032003,104.244.42.0-255,66,270929,78,271061
40430,0.032081,104.244.42.0-255,66,270995,78,271061
40431,0.032128,104.244.42.0-255,66,271061,78,271061
40432,0.0,74.125.24.0-255,153,153,78,262886
40433,2.1e-05,172.31.40.0-255,66,219,78,262886
40434,2.8e-05,74.125.24.0-255,1484,1703,78,262886
40435,3.4e-05,172.31.40.0-255,66,1769,78,262886
40436,3.9e-05,74.125.24.0-255,2902,4671,78,262886
40437,4.3e-05,172.31.40.0-255,66,4737,78,262886
40438,5.1e-05,74.125.24.0-255,7156,11893,78,262886
40439,5.4e-05,172.31.40.0-255,66,11959,78,262886
40440,7.7e-05,74.125.24.0-255,1998,13957,78,262886
40441,8e-05,172.31.40.0-255,66,14023,78,262886
40442,0.00012,74.125.24.0-255,2902,16925,78,262886
40443,0.000123,172.31.40.0-255,66,16991,78,262886
40444,0.000126,74.125.24.0-255,1484,18475,78,262886
40445,0.000128,172.31.40.0-255,66,18541,78,262886
40446,0.000145,74.125.24.0-255,2902,21443,78,262886
40447,0.000148,172.31.40.0-255,66,21509,78,262886
40448,0.000156,74.125.24.0-255,7156,28665,78,262886
40449,0.000158,172.31.40.0-255,66,28731,78,262886
40450,0.00018,74.125.24.0-255,1484,30215,78,262886
40451,0.000182,172.31.40.0-255,66,30281,78,262886
40452,0.000186,74.125.24.0-255,1125,31406,78,262886
40453,0.000189,172.31.40.0-255,66,31472,78,262886
40454,0.000449,74.125.24.0-255,1484,32956,78,262886
40455,0.000455,172.31.40.0-255,66,33022,78,262886
40456,0.000461,74.125.24.0-255,2902,35924,78,262886
40457,0.000464,172.31.40.0-255,66,35990,78,262886
40458,0.00047,74.125.24.0-255,5738,41728,78,262886
40459,0.000472,172.31.40.0-255,66,41794,78,262886
40460,0.000477,74.125.24.0-255,2902,44696,78,262886
40461,0.000479,172.31.40.0-255,66,44762,78,262886
40462,0.000508,74.125.24.0-255,3961,48723,78,262886
40463,0.000511,172.31.40.0-255,66,48789,78,262886
40464,0.000518,74.125.24.0-255,7156,55945,78,262886
40465,0.000521,172.31.40.0-255,66,56011,78,262886
40466,0.000524,74.125.24.0-255,1484,57495,78,262886
40467,0.000551,172.31.40.0-255,66,57561,78,262886
40468,0.000641,74.125.24.0-255,114,57675,78,262886
40469,0.000852,74.125.24.0-255,1484,59159,78,262886
40470,0.000857,172.31.40.0-255,66,59225,78,262886
40471,0.000864,74.125.24.0-255,2902,62127,78,262886
40472,0.000866,172.31.40.0-255,66,62193,78,262886
40473,0.000872,74.125.24.0-255,5738,67931,78,262886
40474,0.000874,172.31.40.0-255,66,67997,78,262886
40475,0.000894,74.125.24.0-255,7156,75153,78,262886
40476,0.000896,172.31.40.0-255,66,75219,78,262886
40477,0.000903,74.125.24.0-255,5738,80957,78,262886
40478,0.000905,172.31.40.0-255,66,81023,78,262886
40479,0.000927,74.125.24.0-255,2902,83925,78,262886
40480,0.00093,172.31.40.0-255,66,83991,78,262886
40481,0.000936,74.125.24.0-255,4320,88311,78,262886
40482,0.000938,172.31.40.0-255,66,88377,78,262886
40483,0.000952,74.125.24.0-255,3866,92243,78,262886
40484,0.000954,172.31.40.0-255,66,92309,78,262886
40485,0.001082,74.125.24.0-255,1484,93793,78,262886
40486,0.001088,74.125.24.0-255,2902,96695,78,262886
40487,0.001091,172.31.40.0-255,66,96761,78,262886
40488,0.001116,74.125.24.0-255,5738,102499,78,262886
40489,0.001118,172.31.40.0-255,66,102565,78,262886
40490,0.001132,172.31.40.0-255,66,102631,78,262886
40491,0.001161,74.125.24.0-255,1484,104115,78,262886
40492,0.001175,172.31.40.0-255,66,104181,78,262886
40493,0.001371,74.125.24.0-255,1484,105665,78,262886
40494,0.001377,74.125.24.0-255,2902,108567,78,262886
40495,0.00138,172.31.40.0-255,66,108633,78,262886
40496,0.001405,74.125.24.0-255,5738,114371,78,262886
40497,0.001408,172.31.40.0-255,66,114437,78,262886
40498,0.001414,74.125.24.0-255,5738,120175,78,262886
40499,0.001416,172.31.40.0-255,66,120241,78,262886
40500,0.001435,74.125.24.0-255,7156,127397,78,262886
40501,0.001437,172.31.40.0-255,66,127463,78,262886
40502,0.001441,74.125.24.0-255,1484,128947,78,262886
40503,0.001484,172.31.40.0-255,66,129013,78,262886
40504,0.001989,74.125.24.0-255,1484,130497,78,262886
40505,0.001996,74.125.24.0-255,2902,133399,78,262886
40506,0.002,172.31.40.0-255,66,133465,78,262886
40507,0.002005,74.125.24.0-255,2902,136367,78,262886
40508,0.002007,172.31.40.0-255,66,136433,78,262886
40509,0.002023,74.125.24.0-255,2902,139335,78,262886
40510,0.002025,172.31.40.0-255,66,139401,78,262886
40511,0.00203,74.125.24.0-255,2902,142303,78,262886
40512,0.002032,172.31.40.0-255,66,142369,78,262886
40513,0.002078,172.31.40.0-255,66,142435,78,262886
40514,0.002091,172.31.40.0-255,66,142501,78,262886
40515,0.004417,74.125.24.0-255,5738,148239,78,262886
40516,0.004426,172.31.40.0-255,66,148305,78,262886
40517,0.006741,74.125.24.0-255,5738,154043,78,262886
40518,0.006746,172.31.40.0-255,66,154109,78,262886
40519,0.009068,74.125.24.0-255,5738,159847,78,262886
40520,0.009076,172.31.40.0-255,66,159913,78,262886
40521,0.011396,74.125.24.0-255,5738,165651,78,262886
40522,0.011404,172.31.40.0-255,66,165717,78,262886
40523,0.013712,74.125.24.0-255,5738,171455,78,262886
40524,0.013721,172.31.40.0-255,66,171521,78,262886
40525,0.016021,74.125.24.0-255,5738,177259,78,262886
40526,0.016029,172.31.40.0-255,66,177325,78,262886
40527,0.018354,74.125.24.0-255,5738,183063,78,262886
40528,0.018362,172.31.40.0-255,66,183129,78,262886
40529,0.020684,74.125.24.0-255,5738,188867,78,262886
40530,0.020691,172.31.40.0-255,66,188933,78,262886
40531,0.023007,74.125.24.0-255,2902,191835,78,262886
40532,0.023014,172.31.40.0-255,66,191901,78,262886
40533,0.023041,74.125.24.0-255,2902,194803,78,262886
40534,0.023044,172.31.40.0-255,66,194869,78,262886
40535,0.02536,74.125.24.0-255,5738,200607,78,262886
40536,0.025378,172.31.40.0-255,66,200673,78,262886
40537,0.027721,74.125.24.0-255,5738,206411,78,262886
40538,0.027738,172.31.40.0-255,66,206477,78,262886
40539,0.03008,74.125.24.0-255,5738,212215,78,262886
40540,0.030096,172.31.40.0-255,66,212281,78,262886
40541,0.032415,74.125.24.0-255,5738,218019,78,262886
40542,0.032432,172.31.40.0-255,66,218085,78,262886
40543,0.034771,74.125.24.0-255,5738,223823,78,262886
40544,0.034779,172.31.40.0-255,66,223889,78,262886
40545,0.037132,74.125.24.0-255,5738,229627,78,262886
40546,0.037145,172.31.40.0-255,66,229693,78,262886
40547,0.039462,74.125.24.0-255,5738,235431,78,262886
40548,0.03947,172.31.40.0-255,66,235497,78,262886
40549,0.040082,172.31.40.0-255,172,235669,78,262886
40550,0.040116,172.31.40.0-255,1104,236773,78,262886
40551,0.04018,172.31.40.0-255,1514,238287,78,262886
40552,0.040182,172.31.40.0-255,1185,239472,78,262886
40553,0.041655,104.244.42.0-255,66,239538,78,262886
40554,0.041664,104.244.42.0-255,66,239604,78,262886
40555,0.041749,104.244.42.0-255,66,239670,78,262886
40556,0.041795,74.125.24.0-255,5738,245408,78,262886
40557,0.041805,172.31.40.0-255,66,245474,78,262886
40558,0.044131,74.125.24.0-255,5738,251212,78,262886
40559,0.044148,172.31.40.0-255,66,251278,78,262886
40560,0.046486,74.125.24.0-255,5738,257016,78,262886
40561,0.046503,172.31.40.0-255,66,257082,78,262886
40562,0.04887,74.125.24.0-255,5738,262820,78,262886
40563,0.048886,172.31.40.0-255,66,262886,78,262886
40564,0.0,74.125.130.0-255,295,295,78,280007
40565,2.1e-05,172.31.40.0-255,66,361,78,280007
40566,2.8e-05,74.125.130.0-255,1484,1845,78,280007
40567,3.2e-05,172.31.40.0-255,66,1911,78,280007
40568,5.7e-05,74.125.130.0-255,4320,6231,78,280007
40569,6.1e-05,172.31.40.0-255,66,6297,78,280007
40570,7.1e-05,74.125.130.0-255,2902,9199,78,280007
40571,7.4e-05,172.31.40.0-255,66,9265,78,280007
40572,9.8e-05,74.125.130.0-255,2902,12167,78,280007
40573,0.0001,172.31.40.0-255,66,12233,78,280007
40574,0.000109,74.125.130.0-255,1824,14057,78,280007
40575,0.000111,172.31.40.0-255,66,14123,78,280007
40576,0.000318,74.125.130.0-255,1484,15607,78,280007
40577,0.000323,172.31.40.0-255,66,15673,78,280007
40578,0.000328,74.125.130.0-255,1484,17157,78,280007
40579,0.00033,172.31.40.0-255,66,17223,78,280007
40580,0.00035,74.125.130.0-255,1484,18707,78,280007
40581,0.000352,172.31.40.0-255,66,18773,78,280007
40582,0.000358,74.125.130.0-255,4320,23093,78,280007
40583,0.000365,172.31.40.0-255,66,23159,78,280007
40584,0.000393,74.125.130.0-255,1484,24643,78,280007
40585,0.000396,172.31.40.0-255,66,24709,78,280007
40586,0.0004,74.125.130.0-255,2902,27611,78,280007
40587,0.000402,172.31.40.0-255,66,27677,78,280007
40588,0.000428,172.31.40.0-255,66,27743,78,280007
40589,0.000462,172.31.40.0-255,66,27809,78,280007
40590,0.000466,74.125.130.0-255,3961,31770,78,280007
40591,0.000468,172.31.40.0-255,66,31836,78,280007
40592,0.00118,74.125.130.0-255,1484,33320,78,280007
40593,0.001186,172.31.40.0-255,66,33386,78,280007
40594,0.00121,74.125.130.0-255,2902,36288,78,280007
40595,0.001212,172.31.40.0-255,66,36354,78,280007
40596,0.001216,74.125.130.0-255,1484,37838,78,280007
40597,0.00124,74.125.130.0-255,2902,40740,78,280007
40598,0.001243,172.31.40.0-255,66,40806,78,280007
40599,0.001271,74.125.130.0-255,5738,46544,78,280007
40600,0.001274,172.31.40.0-255,66,46610,78,280007
40601,0.001277,74.125.130.0-255,1484,48094,78,280007
40602,0.001316,74.125.130.0-255,1484,49578,78,280007
40603,0.001318,172.31.40.0-255,66,49644,78,280007
40604,0.001355,172.31.40.0-255,66,49710,78,280007
40605,0.001358,74.125.130.0-255,2902,52612,78,280007
40606,0.00136,172.31.40.0-255,66,52678,78,280007
40607,0.001364,74.125.130.0-255,1484,54162,78,280007
40608,0.001405,172.31.40.0-255,66,54228,78,280007
40609,0.00141,74.125.130.0-255,5738,59966,78,280007
40610,0.001412,172.31.40.0-255,66,60032,78,280007
40611,0.001436,74.125.130.0-255,2184,62216,78,280007
40612,0.001438,172.31.40.0-255,66,62282,78,280007
40613,0.001514,74.125.130.0-255,1484,63766,78,280007
40614,0.001527,74.125.130.0-255,1484,65250,78,280007
40615,0.001529,172.31.40.0-255,66,65316,78,280007
40616,0.001539,74.125.130.0-255,1484,66800,78,280007
40617,0.001558,74.125.130.0-255,1484,68284,78,280007
40618,0.00156,172.31.40.0-255,66,68350,78,280007
40619,0.001584,74.125.130.0-255,5738,74088,78,280007
40620,0.001587,172.31.40.0-255,66,74154,78,280007
40621,0.001615,74.125.130.0-255,6679,80833,78,280007
40622,0.001618,172.31.40.0-255,66,80899,78,280007
40623,0.001644,74.125.130.0-255,7156,88055,78,280007
40624,0.001646,172.31.40.0-255,66,88121,78,280007
40625,0.001671,74.125.130.0-255,4320,92441,78,280007
40626,0.001673,172.31.40.0-255,66,92507,78,280007
40627,0.001696,74.125.130.0-255,4320,96827,78,280007
40628,0.001698,172.31.40.0-255,66,96893,78,280007
40629,0.0017,74.125.130.0-255,404,97297,78,280007
40630,0.001777,74.125.130.0-255,1484,98781,78,280007
40631,0.001781,172.31.40.0-255,66,98847,78,280007
40632,0.001798,74.125.130.0-255,2902,101749,78,280007
40633,0.001801,172.31.40.0-255,66,101815,78,280007
40634,0.001834,74.125.130.0-255,5738,107553,78,280007
40635,0.001836,172.31.40.0-255,66,107619,78,280007
40636,0.001839,74.125.130.0-255,1484,109103,78,280007
40637,0.001859,74.125.130.0-255,2902,112005,78,280007
40638,0.001862,172.31.40.0-255,66,112071,78,280007
40639,0.001867,74.125.130.0-255,5738,117809,78,280007
40640,0.001869,172.31.40.0-255,66,117875,78,280007
40641,0.001903,74.125.130.0-255,5738,123613,78,280007
40642,0.001905,172.31.40.0-255,66,123679,78,280007
40643,0.001933,74.125.130.0-255,5738,129417,78,280007
40644,0.001935,172.31.40.0-255,66,129483,78,280007
40645,0.001939,74.125.130.0-255,2184,131667,78,280007
40646,0.001941,172.31.40.0-255,66,131733,78,280007
40647,0.002004,74.125.130.0-255,1484,133217,78,280007
40648,0.002021,74.125.130.0-255,2902,136119,78,280007
40649,0.002025,172.31.40.0-255,66,136185,78,280007
40650,0.002046,74.125.130.0-255,4320,140505,78,280007
40651,0.002049,172.31.40.0-255,66,140571,78,280007
40652,0.002071,74.125.130.0-255,4320,144891,78,280007
40653,0.002073,172.31.40.0-255,66,144957,78,280007
40654,0.002082,74.125.130.0-255,1484,146441,78,280007
40655,0.004132,74.125.130.0-255,4320,150761,78,280007
40656,0.004142,172.31.40.0-255,66,150827,78,280007
40657,0.006216,74.125.130.0-255,5738,156565,78,280007
40658,0.006223,172.31.40.0-255,66,156631,78,280007
40659,0.008281,74.125.130.0-255,2902,159533,78,280007
40660,0.008285,172.31.40.0-255,66,159599,78,280007
40661,0.0083,74.125.130.0-255,2902,162501,78,280007
40662,0.008302,172.31.40.0-255,66,162567,78,280007
40663,0.010354,74.125.130.0-255,5738,168305,78,280007
40664,0.010361,172.31.40.0-255,66,168371,78,280007
40665,0.012432,74.125.130.0-255,5738,174109,78,280007
40666,0.012439,172.31.40.0-255,66,174175,78,280007
40667,0.01451,74.125.130.0-255,5738,179913,78,280007
40668,0.014519,172.31.40.0-255,66,179979,78,280007
40669,0.016597,74.125.130.0-255,5738,185717,78,280007
40670,0.016606,172.31.40.0-255,66,185783,78,280007
40671,0.018682,74.125.130.0-255,5738,191521,78,280007
40672,0.018689,172.31.40.0-255,66,191587,78,280007
40673,0.020791,74.125.130.0-255,5738,197325,78,280007
40674,0.0208,172.31.40.0-255,66,197391,78,280007
40675,0.02288,74.125.130.0-255,5738,203129,78,280007
40676,0.022887,172.31.40.0-255,66,203195,78,280007
40677,0.02497,74.125.130.0-255,5738,208933,78,280007
40678,0.024978,172.31.40.0-255,66,208999,78,280007
40679,0.027086,74.125.130.0-255,5738,214737,78,280007
40680,0.027094,172.31.40.0-255,66,214803,78,280007
40681,0.029166,74.125.130.0-255,5738,220541,78,280007
40682,0.029173,172.31.40.0-255,66,220607,78,280007
40683,0.030125,172.31.40.0-255,171,220778,78,280007
40684,0.03016,172.31.40.0-255,1132,221910,78,280007
40685,0.03022,172.31.40.0-255,1514,223424,78,280007
40686,0.030222,172.31.40.0-255,1514,224938,78,280007
40687,0.030226,172.31.40.0-255,1514,226452,78,280007
40688,0.030227,172.31.40.0-255,1055,227507,78,280007
40689,0.031255,74.125.130.0-255,5738,233245,78,280007
40690,0.031262,172.31.40.0-255,66,233311,78,280007
40691,0.031673,104.244.42.0-255,66,233377,78,280007
40692,0.031735,104.244.42.0-255,66,233443,78,280007
40693,0.031783,104.244.42.0-255,66,233509,78,280007
40694,0.031787,104.244.42.0-255,66,233575,78,280007
40695,0.033338,74.125.130.0-255,5738,239313,78,280007
40696,0.033345,172.31.40.0-255,66,239379,78,280007
40697,0.035417,74.125.130.0-255,5738,245117,78,280007
40698,0.035422,172.31.40.0-255,66,245183,78,280007
40699,0.0375,74.125.130.0-255,5738,250921,78,280007
40700,0.037505,172.31.40.0-255,66,250987,78,280007
40701,0.039584,74.125.130.0-255,5738,256725,78,280007
40702,0.039593,172.31.40.0-255,66,256791,78,280007
40703,0.041675,74.125.130.0-255,5738,262529,78,280007
40704,0.04168,172.31.40.0-255,66,262595,78,280007
40705,0.043747,74.125.130.0-255,5738,268333,78,280007
40706,0.043753,172.31.40.0-255,66,268399,78,280007
40707,0.045852,74.125.130.0-255,5738,274137,78,280007
40708,0.045858,172.31.40.0-255,66,274203,78,280007
40709,0.04793,74.125.130.0-255,5738,279941,78,280007
40710,0.047936,172.31.40.0-255,66,280007,78,280007
40711,0.0,172.217.24.0-255,153,153,78,304982
40712,2.5e-05,172.31.40.0-255,66,219,78,304982
40713,3.2e-05,172.217.24.0-255,1484,1703,78,304982
40714,3.7e-05,172.31.40.0-255,66,1769,78,304982
40715,4.3e-05,172.217.24.0-255,2902,4671,78,304982
40716,4.6e-05,172.31.40.0-255,66,4737,78,304982
40717,5.4e-05,172.217.24.0-255,7156,11893,78,304982
40718,5.7e-05,172.31.40.0-255,66,11959,78,304982
40719,6e-05,172.217.24.0-255,1484,13443,78,304982
40720,6.2e-05,172.31.40.0-255,66,13509,78,304982
40721,6.5e-05,172.217.24.0-255,694,14203,78,304982
40722,6.8e-05,172.31.40.0-255,66,14269,78,304982
40723,0.000117,172.217.24.0-255,1484,15753,78,304982
40724,0.00012,172.31.40.0-255,66,15819,78,304982
40725,0.000125,172.217.24.0-255,2902,18721,78,304982
40726,0.000128,172.31.40.0-255,66,18787,78,304982
40727,0.000133,172.217.24.0-255,4320,23107,78,304982
40728,0.000136,172.31.40.0-255,66,23173,78,304982
40729,0.000141,172.217.24.0-255,4320,27493,78,304982
40730,0.000143,172.31.40.0-255,66,27559,78,304982
40731,0.000167,172.217.24.0-255,3961,31520,78,304982
40732,0.000169,172.31.40.0-255,66,31586,78,304982
40733,0.000257,172.217.24.0-255,1484,33070,78,304982
40734,0.000262,172.31.40.0-255,66,33136,78,304982
40735,0.000267,172.217.24.0-255,2902,36038,78,304982
40736,0.000269,172.31.40.0-255,66,36104,78,304982
40737,0.000272,172.217.24.0-255,1484,37588,78,304982
40738,0.000274,172.31.40.0-255,66,37654,78,304982
40739,0.000308,172.217.24.0-255,4320,41974,78,304982
40740,0.000311,172.31.40.0-255,66,42040,78,304982
40741,0.000318,172.217.24.0-255,6797,48837,78,304982
40742,0.000321,172.31.40.0-255,66,48903,78,304982
40743,0.000467,172.217.24.0-255,1484,50387,78,304982
40744,0.000474,172.217.24.0-255,2902,53289,78,304982
40745,0.000478,172.31.40.0-255,66,53355,78,304982
40746,0.0005,172.217.24.0-255,4320,57675,78,304982
40747,0.000504,172.31.40.0-255,66,57741,78,304982
40748,0.000509,172.217.24.0-255,4320,62061,78,304982
40749,0.000511,172.31.40.0-255,66,62127,78,304982
40750,0.000527,172.217.24.0-255,4252,66379,78,304982
40751,0.00053,172.31.40.0-255,66,66445,78,304982
40752,0.000956,172.217.24.0-255,386,66831,78,304982
40753,0.001025,172.31.40.0-255,66,66897,78,304982
40754,0.001036,172.217.24.0-255,1484,68381,78,304982
40755,0.00104,172.217.24.0-255,2902,71283,78,304982
40756,0.001042,172.31.40.0-255,66,71349,78,304982
40757,0.001045,172.217.24.0-255,1484,72833,78,304982
40758,0.001066,172.217.24.0-255,4320,77153,78,304982
40759,0.001069,172.31.40.0-255,66,77219,78,304982
40760,0.0011,172.217.24.0-255,4320,81539,78,304982
40761,0.001103,172.31.40.0-255,66,81605,78,304982
40762,0.001125,172.217.24.0-255,2543,84148,78,304982
40763,0.001127,172.31.40.0-255,66,84214,78,304982
40764,0.001133,172.217.24.0-255,7156,91370,78,304982
40765,0.001135,172.31.40.0-255,66,91436,78,304982
40766,0.001148,172.217.24.0-255,5738,97174,78,304982
40767,0.00115,172.31.40.0-255,66,97240,78,304982
40768,0.001164,172.217.24.0-255,3961,101201,78,304982
40769,0.001166,172.31.40.0-255,66,101267,78,304982
40770,0.001583,172.217.24.0-255,1484,102751,78,304982
40771,0.001591,172.217.24.0-255,2902,105653,78,304982
40772,0.001595,172.31.40.0-255,66,105719,78,304982
40773,0.0016,172.217.24.0-255,2902,108621,78,304982
40774,0.001601,172.31.40.0-255,66,108687,78,304982
40775,0.001604,172.217.24.0-255,1484,110171,78,304982
40776,0.001627,172.217.24.0-255,2902,113073,78,304982
40777,0.001628,172.31.40.0-255,66,113139,78,304982
40778,0.001637,172.31.40.0-255,66,113205,78,304982
40779,0.001676,172.31.40.0-255,66,113271,78,304982
40780,0.00169,172.217.24.0-255,766,114037,78,304982
40781,0.001731,172.217.24.0-255,1484,115521,78,304982
40782,0.001734,172.31.40.0-255,66,115587,78,304982
40783,0.001739,172.217.24.0-255,2902,118489,78,304982
40784,0.00174,172.31.40.0-255,66,118555,78,304982
40785,0.001753,172.217.24.0-255,1484,120039,78,304982
40786,0.001757,172.217.24.0-255,2902,122941,78,304982
40787,0.001758,172.31.40.0-255,66,123007,78,304982
40788,0.001764,172.217.24.0-255,4320,127327,78,304982
40789,0.001765,172.31.40.0-255,66,127393,78,304982
40790,0.001787,172.217.24.0-255,4320,131713,78,304982
40791,0.00179,172.31.40.0-255,66,131779,78,304982
40792,0.00181,172.217.24.0-255,4320,136099,78,304982
40793,0.001813,172.31.40.0-255,66,136165,78,304982
40794,0.001825,172.31.40.0-255,66,136231,78,304982
40795,0.001853,172.217.24.0-255,1484,137715,78,304982
40796,0.001866,172.217.24.0-255,2902,140617,78,304982
40797,0.001868,172.31.40.0-255,66,140683,78,304982
40798,0.001874,172.217.24.0-255,5738,146421,78,304982
40799,0.001876,172.31.40.0-255,66,146487,78,304982
40800,0.001915,172.31.40.0-255,66,146553,78,304982
40801,0.001936,172.217.24.0-255,2902,149455,78,304982
40802,0.001939,172.31.40.0-255,66,149521,78,304982
40803,0.001946,172.217.24.0-255,5738,155259,78,304982
40804,0.001948,172.31.40.0-255,66,155325,78,304982
40805,0.001977,172.217.24.0-255,2902,158227,78,304982
40806,0.001978,172.31.40.0-255,66,158293,78,304982
40807,0.001999,172.217.24.0-255,2184,160477,78,304982
40808,0.002002,172.31.40.0-255,66,160543,78,304982
40809,0.003902,172.217.24.0-255,2902,163445,78,304982
40810,0.003909,172.31.40.0-255,66,163511,78,304982
40811,0.003929,172.217.24.0-255,2902,166413,78,304982
40812,0.003932,172.31.40.0-255,66,166479,78,304982
40813,0.005824,172.217.24.0-255,2902,169381,78,304982
40814,0.005827,172.31.40.0-255,66,169447,78,304982
40815,0.005845,172.217.24.0-255,2902,172349,78,304982
40816,0.005847,172.31.40.0-255,66,172415,78,304982
40817,0.007744,172.217.24.0-255,2902,175317,78,304982
40818,0.007748,172.31.40.0-255,66,175383,78,304982
40819,0.007766,172.217.24.0-255,2902,178285,78,304982
40820,0.007768,172.31.40.0-255,66,178351,78,304982
40821,0.009679,172.217.24.0-255,2902,181253,78,304982
40822,0.009687,172.31.40.0-255,66,181319,78,304982
40823,0.009709,172.217.24.0-255,2902,184221,78,304982
40824,0.009711,172.31.40.0-255,66,184287,78,304982
40825,0.011611,172.217.24.0-255,2902,187189,78,304982
40826,0.011622,172.31.40.0-255,66,187255,78,304982
40827,0.011645,172.217.24.0-255,2902,190157,78,304982
40828,0.011648,172.31.40.0-255,66,190223,78,304982
40829,0.013555,172.217.24.0-255,2902,193125,78,304982
40830,0.013565,172.31.40.0-255,66,193191,78,304982
40831,0.013586,172.217.24.0-255,2902,196093,78,304982
40832,0.013589,172.31.40.0-255,66,196159,78,304982
40833,0.015494,172.217.24.0-255,2902,199061,78,304982
40834,0.015502,172.31.40.0-255,66,199127,78,304982
40835,0.015524,172.217.24.0-255,2902,202029,78,304982
40836,0.015527,172.31.40.0-255,66,202095,78,304982
40837,0.017434,172.217.24.0-255,2902,204997,78,304982
40838,0.017442,172.31.40.0-255,66,205063,78,304982
40839,0.017466,172.217.24.0-255,2902,207965,78,304982
40840,0.017469,172.31.40.0-255,66,208031,78,304982
40841,0.019384,172.217.24.0-255,5738,213769,78,304982
40842,0.0194,172.31.40.0-255,66,213835,78,304982
40843,0.021349,172.217.24.0-255,5738,219573,78,304982
40844,0.021364,172.31.40.0-255,66,219639,78,304982
40845,0.023293,172.217.24.0-255,5738,225377,78,304982
40846,0.023308,172.31.40.0-255,66,225443,78,304982
40847,0.025254,172.217.24.0-255,5738,231181,78,304982
40848,0.025263,172.31.40.0-255,66,231247,78,304982
40849,0.027204,172.217.24.0-255,5738,236985,78,304982
40850,0.027216,172.31.40.0-255,66,237051,78,304982
40851,0.029161,172.217.24.0-255,5738,242789,78,304982
40852,0.029176,172.31.40.0-255,66,242855,78,304982
40853,0.031121,172.217.24.0-255,5738,248593,78,304982
40854,0.031134,172.31.40.0-255,66,248659,78,304982
40855,0.033075,172.217.24.0-255,5738,254397,78,304982
40856,0.033092,172.31.40.0-255,66,254463,78,304982
40857,0.035021,172.217.24.0-255,5738,260201,78,304982
40858,0.035029,172.31.40.0-255,66,260267,78,304982
40859,0.036975,172.217.24.0-255,5738,266005,78,304982
40860,0.03699,172.31.40.0-255,66,266071,78,304982
40861,0.038932,172.217.24.0-255,5738,271809,78,304982
40862,0.038946,172.31.40.0-255,66,271875,78,304982
40863,0.040897,172.217.24.0-255,5738,277613,78,304982
40864,0.040912,172.31.40.0-255,66,277679,78,304982
40865,0.042839,172.217.24.0-255,5738,283417,78,304982
40866,0.042847,172.31.40.0-255,66,283483,78,304982
40867,0.043229,172.31.40.0-255,101,283584,78,304982
40868,0.044767,172.217.24.0-255,4320,287904,78,304982
40869,0.044774,172.31.40.0-255,66,287970,78,304982
40870,0.044791,172.217.24.0-255,1484,289454,78,304982
40871,0.045115,172.217.24.0-255,66,289520,78,304982
40872,0.045846,172.31.40.0-255,172,289692,78,304982
40873,0.045876,172.31.40.0-255,1108,290800,78,304982
40874,0.045957,172.31.40.0-255,1514,292314,78,304982
40875,0.045959,172.31.40.0-255,1514,293828,78,304982
40876,0.04596,172.31.40.0-255,700,294528,78,304982
40877,0.046703,172.217.24.0-255,4320,298848,78,304982
40878,0.046709,172.31.40.0-255,66,298914,78,304982
40879,0.04742,104.244.42.0-255,66,298980,78,304982
40880,0.047448,104.244.42.0-255,66,299046,78,304982
40881,0.047499,104.244.42.0-255,66,299112,78,304982
40882,0.047503,104.244.42.0-255,66,299178,78,304982
40883,0.048645,172.217.24.0-255,5738,304916,78,304982
40884,0.048653,172.31.40.0-255,66,304982,78,304982
40885,0.0,172.31.40.0-255,105,105,78,276
40886,0.001776,157.240.24.0-255,105,210,78,276
40887,0.001789,172.31.40.0-255,66,276,78,276
40888,0.0,74.125.24.0-255,150,150,78,265295
40889,1.5e-05,172.31.40.0-255,66,216,78,265295
40890,4.7e-05,74.125.24.0-255,1484,1700,78,265295
40891,5.2e-05,172.31.40.0-255,66,1766,78,265295
40892,5.7e-05,74.125.24.0-255,2902,4668,78,265295
40893,6e-05,172.31.40.0-255,66,4734,78,265295
40894,6.6e-05,74.125.24.0-255,7156,11890,78,265295
40895,6.9e-05,172.31.40.0-255,66,11956,78,265295
40896,9.2e-05,74.125.24.0-255,4320,16276,78,265295
40897,9.4e-05,172.31.40.0-255,66,16342,78,265295
40898,0.000117,74.125.24.0-255,3417,19759,78,265295
40899,0.00012,172.31.40.0-255,66,19825,78,265295
40900,0.000131,172.31.40.0-255,66,19891,78,265295
40901,0.000181,74.125.24.0-255,2543,22434,78,265295
40902,0.000185,172.31.40.0-255,66,22500,78,265295
40903,0.000435,74.125.24.0-255,1484,23984,78,265295
40904,0.000442,172.31.40.0-255,66,24050,78,265295
40905,0.000448,74.125.24.0-255,2902,26952,78,265295
40906,0.00045,172.31.40.0-255,66,27018,78,265295
40907,0.000461,74.125.24.0-255,5738,32756,78,265295
40908,0.000463,172.31.40.0-255,66,32822,78,265295
40909,0.000466,74.125.24.0-255,1484,34306,78,265295
40910,0.000469,172.31.40.0-255,66,34372,78,265295
40911,0.000501,74.125.24.0-255,4320,38692,78,265295
40912,0.000504,172.31.40.0-255,66,38758,78,265295
40913,0.000511,74.125.24.0-255,5738,44496,78,265295
40914,0.000514,172.31.40.0-255,66,44562,78,265295
40915,0.00056,172.31.40.0-255,66,44628,78,265295
40916,0.000565,74.125.24.0-255,4273,48901,78,265295
40917,0.000567,172.31.40.0-255,66,48967,78,265295
40918,0.000571,74.125.24.0-255,110,49077,78,265295
40919,0.000721,74.125.24.0-255,1484,50561,78,265295
40920,0.000735,74.125.24.0-255,2902,53463,78,265295
40921,0.000749,74.125.24.0-255,2902,56365,78,265295
40922,0.00076,74.125.24.0-255,2902,59267,78,265295
40923,0.000771,172.31.40.0-255,66,59333,78,265295
40924,0.000777,74.125.24.0-255,4320,63653,78,265295
40925,0.000783,172.31.40.0-255,66,63719,78,265295
40926,0.000807,74.125.24.0-255,5379,69098,78,265295
40927,0.000826,74.125.24.0-255,3961,73059,78,265295
40928,0.000876,172.31.40.0-255,66,73125,78,265295
40929,0.001266,74.125.24.0-255,1484,74609,78,265295
40930,0.001272,74.125.24.0-255,2902,77511,78,265295
40931,0.001275,172.31.40.0-255,66,77577,78,265295
40932,0.001308,74.125.24.0-255,5738,83315,78,265295
40933,0.001311,74.125.24.0-255,1484,84799,78,265295
40934,0.001346,172.31.40.0-255,66,84865,78,265295
40935,0.001351,74.125.24.0-255,2902,87767,78,265295
40936,0.001353,74.125.24.0-255,1484,89251,78,265295
40937,0.001366,172.31.40.0-255,66,89317,78,265295
40938,0.00139,74.125.24.0-255,2902,92219,78,265295
40939,0.001402,172.31.40.0-255,66,92285,78,265295
40940,0.001419,74.125.24.0-255,6438,98723,78,265295
40941,0.001425,172.31.40.0-255,66,98789,78,265295
40942,0.001563,74.125.24.0-255,1484,100273,78,265295
40943,0.001567,74.125.24.0-255,1484,101757,78,265295
40944,0.001573,172.31.40.0-255,66,101823,78,265295
40945,0.001604,74.125.24.0-255,1484,103307,78,265295
40946,0.001611,74.125.24.0-255,5738,109045,78,265295
40947,0.001614,74.125.24.0-255,1484,110529,78,265295
40948,0.001621,172.31.40.0-255,66,110595,78,265295
40949,0.001646,74.125.24.0-255,1484,112079,78,265295
40950,0.00165,172.31.40.0-255,66,112145,78,265295
40951,0.001697,172.31.40.0-255,66,112211,78,265295
40952,0.00188,74.125.24.0-255,1484,113695,78,265295
40953,0.001896,74.125.24.0-255,2902,116597,78,265295
40954,0.001899,172.31.40.0-255,66,116663,78,265295
40955,0.001926,74.125.24.0-255,5738,122401,78,265295
40956,0.001933,172.31.40.0-255,66,122467,78,265295
40957,0.001943,74.125.24.0-255,1484,123951,78,265295
40958,0.001981,172.31.40.0-255,66,124017,78,265295
40959,0.002003,74.125.24.0-255,766,124783,78,265295
40960,0.002101,74.125.24.0-255,1484,126267,78,265295
40961,0.002106,172.31.40.0-255,66,126333,78,265295
40962,0.002114,74.125.24.0-255,2902,129235,78,265295
40963,0.002118,172.31.40.0-255,66,129301,78,265295
40964,0.002144,74.125.24.0-255,5738,135039,78,265295
40965,0.00215,74.125.24.0-255,4320,139359,78,265295
40966,0.002164,172.31.40.0-255,66,139425,78,265295
40967,0.002167,74.125.24.0-255,1484,140909,78,265295
40968,0.004241,74.125.24.0-255,4320,145229,78,265295
40969,0.004261,172.31.40.0-255,66,145295,78,265295
40970,0.006347,74.125.24.0-255,5738,151033,78,265295
40971,0.008207,172.31.40.0-255,66,151099,78,265295
40972,0.010317,74.125.24.0-255,5738,156837,78,265295
40973,0.010325,172.31.40.0-255,66,156903,78,265295
40974,0.012403,74.125.24.0-255,5738,162641,78,265295
40975,0.012411,172.31.40.0-255,66,162707,78,265295
40976,0.014514,74.125.24.0-255,5738,168445,78,265295
40977,0.016265,172.31.40.0-255,66,168511,78,265295
40978,0.018376,74.125.24.0-255,5738,174249,78,265295
40979,0.018388,172.31.40.0-255,66,174315,78,265295
40980,0.02046,74.125.24.0-255,4320,178635,78,265295
40981,0.020467,172.31.40.0-255,66,178701,78,265295
40982,0.020494,74.125.24.0-255,1484,180185,78,265295
40983,0.022527,74.125.24.0-255,4320,184505,78,265295
40984,0.022534,172.31.40.0-255,66,184571,78,265295
40985,0.024615,74.125.24.0-255,5738,190309,78,265295
40986,0.024845,172.31.40.0-255,66,190375,78,265295
40987,0.026926,74.125.24.0-255,5738,196113,78,265295
40988,0.026933,172.31.40.0-255,66,196179,78,265295
40989,0.029026,74.125.24.0-255,5738,201917,78,265295
40990,0.029034,172.31.40.0-255,66,201983,78,265295
40991,0.031154,74.125.24.0-255,5738,207721,78,265295
40992,0.031162,172.31.40.0-255,66,207787,78,265295
40993,0.03326,74.125.24.0-255,5738,213525,78,265295
40994,0.033268,172.31.40.0-255,66,213591,78,265295
40995,0.03537,74.125.24.0-255,5738,219329,78,265295
40996,0.035379,172.31.40.0-255,66,219395,78,265295
40997,0.036704,172.31.40.0-255,172,219567,78,265295
40998,0.036736,172.31.40.0-255,1107,220674,78,265295
40999,0.036798,172.31.40.0-255,1514,222188,78,265295
41000,0.0368,172.31.40.0-255,1514,223702,78,265295
41001,0.036825,172.31.40.0-255,701,224403,78,265295
41002,0.037435,74.125.24.0-255,5738,230141,78,265295
41003,0.037442,172.31.40.0-255,66,230207,78,265295
41004,0.038248,104.244.42.0-255,66,230273,78,265295
41005,0.038275,104.244.42.0-255,66,230339,78,265295
41006,0.038342,104.244.42.0-255,66,230405,78,265295
41007,0.038355,104.244.42.0-255,66,230471,78,265295
41008,0.039516,74.125.24.0-255,5738,236209,78,265295
41009,0.039521,172.31.40.0-255,66,236275,78,265295
41010,0.041595,74.125.24.0-255,5738,242013,78,265295
41011,0.041602,172.31.40.0-255,66,242079,78,265295
41012,0.043705,74.125.24.0-255,5738,247817,78,265295
41013,0.043713,172.31.40.0-255,66,247883,78,265295
41014,0.045802,74.125.24.0-255,5738,253621,78,265295
41015,0.04581,172.31.40.0-255,66,253687,78,265295
41016,0.047898,74.125.24.0-255,5738,259425,78,265295
41017,0.047904,172.31.40.0-255,66,259491,78,265295
41018,0.049975,74.125.24.0-255,5738,265229,78,265295
41019,0.049983,172.31.40.0-255,66,265295,78,265295
41020,0.0,172.217.27.0-255,152,152,78,226459
41021,2.2e-05,172.31.40.0-255,66,218,78,226459
41022,2.9e-05,172.217.27.0-255,1484,1702,78,226459
41023,3.4e-05,172.31.40.0-255,66,1768,78,226459
41024,4.7e-05,172.217.27.0-255,2902,4670,78,226459
41025,5e-05,172.31.40.0-255,66,4736,78,226459
41026,5.8e-05,172.217.27.0-255,5738,10474,78,226459
41027,6.1e-05,172.31.40.0-255,66,10540,78,226459
41028,6.6e-05,172.217.27.0-255,3538,14078,78,226459
41029,7e-05,172.31.40.0-255,66,14144,78,226459
41030,0.000115,172.217.27.0-255,1484,15628,78,226459
41031,0.000119,172.31.40.0-255,66,15694,78,226459
41032,0.000122,172.217.27.0-255,1484,17178,78,226459
41033,0.000124,172.31.40.0-255,66,17244,78,226459
41034,0.000153,172.217.27.0-255,1484,18728,78,226459
41035,0.000155,172.31.40.0-255,66,18794,78,226459
41036,0.000161,172.217.27.0-255,5738,24532,78,226459
41037,0.000164,172.31.40.0-255,66,24598,78,226459
41038,0.000176,172.217.27.0-255,6797,31395,78,226459
41039,0.000179,172.31.40.0-255,66,31461,78,226459
41040,0.000218,172.217.27.0-255,4320,35781,78,226459
41041,0.00022,172.31.40.0-255,66,35847,78,226459
41042,0.000244,172.217.27.0-255,2902,38749,78,226459
41043,0.000251,172.31.40.0-255,66,38815,78,226459
41044,0.000262,172.31.40.0-255,66,38881,78,226459
41045,0.00029,172.217.27.0-255,1484,40365,78,226459
41046,0.000292,172.31.40.0-255,66,40431,78,226459
41047,0.000298,172.217.27.0-255,2902,43333,78,226459
41048,0.0003,172.31.40.0-255,66,43399,78,226459
41049,0.000306,172.217.27.0-255,5738,49137,78,226459
41050,0.000313,172.31.40.0-255,66,49203,78,226459
41051,0.000317,172.217.27.0-255,4320,53523,78,226459
41052,0.000319,172.31.40.0-255,66,53589,78,226459
41053,0.00035,172.217.27.0-255,2543,56132,78,226459
41054,0.000353,172.31.40.0-255,66,56198,78,226459
41055,0.000355,172.217.27.0-255,392,56590,78,226459
41056,0.001056,172.31.40.0-255,66,56656,78,226459
41057,0.001546,172.217.27.0-255,115,56771,78,226459
41058,0.002004,172.217.27.0-255,2902,59673,78,226459
41059,0.002011,172.31.40.0-255,66,59739,78,226459
41060,0.003,172.217.27.0-255,1484,61223,78,226459
41061,0.003665,172.217.27.0-255,4320,65543,78,226459
41062,0.003668,172.31.40.0-255,66,65609,78,226459
41063,0.005328,172.217.27.0-255,5738,71347,78,226459
41064,0.005335,172.31.40.0-255,66,71413,78,226459
41065,0.006989,172.217.27.0-255,5738,77151,78,226459
41066,0.006996,172.31.40.0-255,66,77217,78,226459
41067,0.008657,172.217.27.0-255,5738,82955,78,226459
41068,0.008664,172.31.40.0-255,66,83021,78,226459
41069,0.010318,172.217.27.0-255,5738,88759,78,226459
41070,0.010326,172.31.40.0-255,66,88825,78,226459
41071,0.011981,172.217.27.0-255,5738,94563,78,226459
41072,0.011989,172.31.40.0-255,66,94629,78,226459
41073,0.013651,172.217.27.0-255,5738,100367,78,226459
41074,0.013658,172.31.40.0-255,66,100433,78,226459
41075,0.015317,172.217.27.0-255,5738,106171,78,226459
41076,0.015325,172.31.40.0-255,66,106237,78,226459
41077,0.016985,172.217.27.0-255,4320,110557,78,226459
41078,0.016991,172.31.40.0-255,66,110623,78,226459
41079,0.017015,172.217.27.0-255,1484,112107,78,226459
41080,0.018645,172.217.27.0-255,4320,116427,78,226459
41081,0.018651,172.31.40.0-255,66,116493,78,226459
41082,0.020311,172.217.27.0-255,5738,122231,78,226459
41083,0.020318,172.31.40.0-255,66,122297,78,226459
41084,0.02198,172.217.27.0-255,2902,125199,78,226459
41085,0.021987,172.31.40.0-255,66,125265,78,226459
41086,0.022024,172.217.27.0-255,2902,128167,78,226459
41087,0.022027,172.31.40.0-255,66,128233,78,226459
41088,0.023233,172.31.40.0-255,172,128405,78,226459
41089,0.023285,172.31.40.0-255,1103,129508,78,226459
41090,0.023349,172.31.40.0-255,1514,131022,78,226459
41091,0.023352,172.31.40.0-255,1187,132209,78,226459
41092,0.023648,172.217.27.0-255,2902,135111,78,226459
41093,0.023655,172.31.40.0-255,66,135177,78,226459
41094,0.023687,172.217.27.0-255,2902,138079,78,226459
41095,0.02369,172.31.40.0-255,66,138145,78,226459
41096,0.024773,104.244.42.0-255,66,138211,78,226459
41097,0.024869,104.244.42.0-255,66,138277,78,226459
41098,0.024925,104.244.42.0-255,66,138343,78,226459
41099,0.025321,172.217.27.0-255,2902,141245,78,226459
41100,0.025326,172.31.40.0-255,66,141311,78,226459
41101,0.025356,172.217.27.0-255,2902,144213,78,226459
41102,0.025359,172.31.40.0-255,66,144279,78,226459
41103,0.026995,172.217.27.0-255,2902,147181,78,226459
41104,0.027001,172.31.40.0-255,66,147247,78,226459
41105,0.027031,172.217.27.0-255,2902,150149,78,226459
41106,0.027034,172.31.40.0-255,66,150215,78,226459
41107,0.028668,172.217.27.0-255,2902,153117,78,226459
41108,0.028675,172.31.40.0-255,66,153183,78,226459
41109,0.028705,172.217.27.0-255,2902,156085,78,226459
41110,0.028707,172.31.40.0-255,66,156151,78,226459
41111,0.030335,172.217.27.0-255,2902,159053,78,226459
41112,0.030341,172.31.40.0-255,66,159119,78,226459
41113,0.030369,172.217.27.0-255,2902,162021,78,226459
41114,0.030372,172.31.40.0-255,66,162087,78,226459
41115,0.032007,172.217.27.0-255,2902,164989,78,226459
41116,0.032014,172.31.40.0-255,66,165055,78,226459
41117,0.032043,172.217.27.0-255,2902,167957,78,226459
41118,0.032046,172.31.40.0-255,66,168023,78,226459
41119,0.033677,172.217.27.0-255,2902,170925,78,226459
41120,0.033684,172.31.40.0-255,66,170991,78,226459
41121,0.033716,172.217.27.0-255,2902,173893,78,226459
41122,0.033719,172.31.40.0-255,66,173959,78,226459
41123,0.03534,172.217.27.0-255,2902,176861,78,226459
41124,0.035347,172.31.40.0-255,66,176927,78,226459
41125,0.035378,172.217.27.0-255,2902,179829,78,226459
41126,0.035381,172.31.40.0-255,66,179895,78,226459
41127,0.036998,172.217.27.0-255,2902,182797,78,226459
41128,0.037005,172.31.40.0-255,66,182863,78,226459
41129,0.037026,172.217.27.0-255,2902,185765,78,226459
41130,0.037029,172.31.40.0-255,66,185831,78,226459
41131,0.0387,172.217.27.0-255,5738,191569,78,226459
41132,0.038706,172.31.40.0-255,66,191635,78,226459
41133,0.040369,172.217.27.0-255,5738,197373,78,226459
41134,0.040375,172.31.40.0-255,66,197439,78,226459
41135,0.042033,172.217.27.0-255,5738,203177,78,226459
41136,0.042038,172.31.40.0-255,66,203243,78,226459
41137,0.043755,172.217.27.0-255,5738,208981,78,226459
41138,0.043761,172.31.40.0-255,66,209047,78,226459
41139,0.045434,172.217.27.0-255,5738,214785,78,226459
41140,0.045442,172.31.40.0-255,66,214851,78,226459
41141,0.047108,172.217.27.0-255,5738,220589,78,226459
41142,0.047114,172.31.40.0-255,66,220655,78,226459
41143,0.048782,172.217.27.0-255,5738,226393,78,226459
41144,0.048788,172.31.40.0-255,66,226459,78,226459
41145,0.0,172.217.194.0-255,153,153,78,154711
41146,2.4e-05,172.31.40.0-255,66,219,78,154711
41147,3.1e-05,172.217.194.0-255,1484,1703,78,154711
41148,3.6e-05,172.31.40.0-255,66,1769,78,154711
41149,4.2e-05,172.217.194.0-255,2902,4671,78,154711
41150,4.6e-05,172.31.40.0-255,66,4737,78,154711
41151,7.4e-05,172.217.194.0-255,7156,11893,78,154711
41152,7.7e-05,172.31.40.0-255,66,11959,78,154711
41153,0.000176,172.217.194.0-255,3423,15382,78,154711
41154,0.00018,172.31.40.0-255,66,15448,78,154711
41155,0.000291,172.31.40.0-255,66,15514,78,154711
41156,0.000492,172.31.40.0-255,66,15580,78,154711
41157,0.000799,172.31.40.0-255,66,15646,78,154711
41158,0.000819,172.217.194.0-255,6797,22443,78,154711
41159,0.000822,172.31.40.0-255,66,22509,78,154711
41160,0.001053,172.217.194.0-255,648,23157,78,154711
41161,0.001057,172.31.40.0-255,66,23223,78,154711
41162,0.001082,172.217.194.0-255,5738,28961,78,154711
41163,0.001084,172.31.40.0-255,66,29027,78,154711
41164,0.001095,172.217.194.0-255,1484,30511,78,154711
41165,0.001097,172.31.40.0-255,66,30577,78,154711
41166,0.001204,172.217.194.0-255,5738,36315,78,154711
41167,0.001208,172.31.40.0-255,66,36381,78,154711
41168,0.001224,172.217.194.0-255,4320,40701,78,154711
41169,0.001227,172.31.40.0-255,66,40767,78,154711
41170,0.001378,172.217.194.0-255,5738,46505,78,154711
41171,0.001383,172.31.40.0-255,66,46571,78,154711
41172,0.00142,172.31.40.0-255,66,46637,78,154711
41173,0.001744,172.217.194.0-255,2902,49539,78,154711
41174,0.001944,172.217.194.0-255,7156,56695,78,154711
41175,0.002548,172.217.194.0-255,5738,62433,78,154711
41176,0.003086,172.217.194.0-255,2902,65335,78,154711
41177,0.003134,172.217.194.0-255,2184,67519,78,154711
41178,0.01161,172.31.40.0-255,66,67585,78,154711
41179,0.01249,172.217.194.0-255,1484,69069,78,154711
41180,0.014013,172.217.194.0-255,4320,73389,78,154711
41181,0.014019,172.31.40.0-255,66,73455,78,154711
41182,0.016437,172.217.194.0-255,5738,79193,78,154711
41183,0.016641,172.31.40.0-255,66,79259,78,154711
41184,0.01903,172.217.194.0-255,5738,84997,78,154711
41185,0.019047,172.31.40.0-255,66,85063,78,154711
41186,0.02144,172.217.194.0-255,5738,90801,78,154711
41187,0.021447,172.31.40.0-255,66,90867,78,154711
41188,0.023919,172.217.194.0-255,5738,96605,78,154711
41189,0.023928,172.31.40.0-255,66,96671,78,154711
41190,0.02632,172.217.194.0-255,5738,102409,78,154711
41191,0.026331,172.31.40.0-255,66,102475,78,154711
41192,0.028696,172.217.194.0-255,5738,108213,78,154711
41193,0.028704,172.31.40.0-255,66,108279,78,154711
41194,0.031176,172.217.194.0-255,5738,114017,78,154711
41195,0.031193,172.31.40.0-255,66,114083,78,154711
41196,0.033584,172.217.194.0-255,5738,119821,78,154711
41197,0.033592,172.31.40.0-255,66,119887,78,154711
41198,0.036001,172.217.194.0-255,5738,125625,78,154711
41199,0.036011,172.31.40.0-255,66,125691,78,154711
41200,0.03844,172.217.194.0-255,5738,131429,78,154711
41201,0.038455,172.31.40.0-255,66,131495,78,154711
41202,0.040819,172.217.194.0-255,5738,137233,78,154711
41203,0.040832,172.31.40.0-255,66,137299,78,154711
41204,0.043256,172.217.194.0-255,5738,143037,78,154711
41205,0.043273,172.31.40.0-255,66,143103,78,154711
41206,0.045696,172.217.194.0-255,5738,148841,78,154711
41207,0.045714,172.31.40.0-255,66,148907,78,154711
41208,0.048132,172.217.194.0-255,5738,154645,78,154711
41209,0.048141,172.31.40.0-255,66,154711,78,154711
41210,0.0,74.125.68.0-255,150,150,78,264168
41211,2.2e-05,172.31.40.0-255,66,216,78,264168
41212,2.9e-05,74.125.68.0-255,1484,1700,78,264168
41213,3.4e-05,172.31.40.0-255,66,1766,78,264168
41214,4e-05,74.125.68.0-255,2902,4668,78,264168
41215,4.4e-05,172.31.40.0-255,66,4734,78,264168
41216,5.2e-05,74.125.68.0-255,7156,11890,78,264168
41217,5.5e-05,172.31.40.0-255,66,11956,78,264168
41218,9.8e-05,74.125.68.0-255,2012,13968,78,264168
41219,0.000101,172.31.40.0-255,66,14034,78,264168
41220,0.000144,74.125.68.0-255,1484,15518,78,264168
41221,0.000146,172.31.40.0-255,66,15584,78,264168
41222,0.000161,74.125.68.0-255,2902,18486,78,264168
41223,0.000164,172.31.40.0-255,66,18552,78,264168
41224,0.000187,74.125.68.0-255,5738,24290,78,264168
41225,0.00019,172.31.40.0-255,66,24356,78,264168
41226,0.000193,74.125.68.0-255,1484,25840,78,264168
41227,0.000195,172.31.40.0-255,66,25906,78,264168
41228,0.000209,74.125.68.0-255,2902,28808,78,264168
41229,0.000211,172.31.40.0-255,66,28874,78,264168
41230,0.000246,74.125.68.0-255,2543,31417,78,264168
41231,0.000248,172.31.40.0-255,66,31483,78,264168
41232,0.00031,74.125.68.0-255,1484,32967,78,264168
41233,0.000314,172.31.40.0-255,66,33033,78,264168
41234,0.000318,74.125.68.0-255,2902,35935,78,264168
41235,0.000321,172.31.40.0-255,66,36001,78,264168
41236,0.000331,74.125.68.0-255,1484,37485,78,264168
41237,0.000333,172.31.40.0-255,66,37551,78,264168
41238,0.000356,74.125.68.0-255,4320,41871,78,264168
41239,0.000358,172.31.40.0-255,66,41937,78,264168
41240,0.000363,74.125.68.0-255,2902,44839,78,264168
41241,0.000365,172.31.40.0-255,66,44905,78,264168
41242,0.00037,74.125.68.0-255,3961,48866,78,264168
41243,0.000373,172.31.40.0-255,66,48932,78,264168
41244,0.000408,74.125.68.0-255,4320,53252,78,264168
41245,0.000411,172.31.40.0-255,66,53318,78,264168
41246,0.000414,74.125.68.0-255,1484,54802,78,264168
41247,0.000433,74.125.68.0-255,4320,59122,78,264168
41248,0.000436,172.31.40.0-255,66,59188,78,264168
41249,0.000459,74.125.68.0-255,4320,63508,78,264168
41250,0.000461,172.31.40.0-255,66,63574,78,264168
41251,0.000472,74.125.68.0-255,2543,66117,78,264168
41252,0.000475,172.31.40.0-255,66,66183,78,264168
41253,0.000478,74.125.68.0-255,410,66593,78,264168
41254,0.000562,74.125.68.0-255,334,66927,78,264168
41255,0.000789,74.125.68.0-255,1484,68411,78,264168
41256,0.000794,172.31.40.0-255,66,68477,78,264168
41257,0.000801,74.125.68.0-255,2902,71379,78,264168
41258,0.000804,172.31.40.0-255,66,71445,78,264168
41259,0.000809,74.125.68.0-255,2902,74347,78,264168
41260,0.000811,172.31.40.0-255,66,74413,78,264168
41261,0.00083,74.125.68.0-255,1484,75897,78,264168
41262,0.000836,74.125.68.0-255,2902,78799,78,264168
41263,0.000839,172.31.40.0-255,66,78865,78,264168
41264,0.000866,74.125.68.0-255,5738,84603,78,264168
41265,0.000869,172.31.40.0-255,66,84669,78,264168
41266,0.000876,74.125.68.0-255,7156,91825,78,264168
41267,0.000879,172.31.40.0-255,66,91891,78,264168
41268,0.000882,74.125.68.0-255,1484,93375,78,264168
41269,0.00091,74.125.68.0-255,7156,100531,78,264168
41270,0.000914,172.31.40.0-255,66,100597,78,264168
41271,0.000916,74.125.68.0-255,766,101363,78,264168
41272,0.001095,74.125.68.0-255,1484,102847,78,264168
41273,0.001099,172.31.40.0-255,66,102913,78,264168
41274,0.001105,74.125.68.0-255,2902,105815,78,264168
41275,0.001107,172.31.40.0-255,66,105881,78,264168
41276,0.00113,74.125.68.0-255,5738,111619,78,264168
41277,0.001132,172.31.40.0-255,66,111685,78,264168
41278,0.001171,172.31.40.0-255,66,111751,78,264168
41279,0.001175,74.125.68.0-255,1484,113235,78,264168
41280,0.001203,74.125.68.0-255,2902,116137,78,264168
41281,0.001207,172.31.40.0-255,66,116203,78,264168
41282,0.00121,74.125.68.0-255,1484,117687,78,264168
41283,0.001244,74.125.68.0-255,1484,119171,78,264168
41284,0.001246,172.31.40.0-255,66,119237,78,264168
41285,0.001256,74.125.68.0-255,1484,120721,78,264168
41286,0.001269,74.125.68.0-255,2184,122905,78,264168
41287,0.001271,172.31.40.0-255,66,122971,78,264168
41288,0.002177,74.125.68.0-255,1484,124455,78,264168
41289,0.002187,74.125.68.0-255,1484,125939,78,264168
41290,0.002191,172.31.40.0-255,66,126005,78,264168
41291,0.002211,74.125.68.0-255,1484,127489,78,264168
41292,0.002214,74.125.68.0-255,1484,128973,78,264168
41293,0.002216,172.31.40.0-255,66,129039,78,264168
41294,0.002262,74.125.68.0-255,2902,131941,78,264168
41295,0.002265,172.31.40.0-255,66,132007,78,264168
41296,0.002287,74.125.68.0-255,4320,136327,78,264168
41297,0.00229,172.31.40.0-255,66,136393,78,264168
41298,0.002315,172.31.40.0-255,66,136459,78,264168
41299,0.002319,74.125.68.0-255,2902,139361,78,264168
41300,0.002321,172.31.40.0-255,66,139427,78,264168
41301,0.002325,74.125.68.0-255,2902,142329,78,264168
41302,0.002327,172.31.40.0-255,66,142395,78,264168
41303,0.004615,74.125.68.0-255,4320,146715,78,264168
41304,0.004623,172.31.40.0-255,66,146781,78,264168
41305,0.004643,74.125.68.0-255,1484,148265,78,264168
41306,0.006934,74.125.68.0-255,4320,152585,78,264168
41307,0.006941,172.31.40.0-255,66,152651,78,264168
41308,0.009252,74.125.68.0-255,5738,158389,78,264168
41309,0.00926,172.31.40.0-255,66,158455,78,264168
41310,0.01159,74.125.68.0-255,5738,164193,78,264168
41311,0.011602,172.31.40.0-255,66,164259,78,264168
41312,0.013915,74.125.68.0-255,5738,169997,78,264168
41313,0.013925,172.31.40.0-255,66,170063,78,264168
41314,0.016244,74.125.68.0-255,5738,175801,78,264168
41315,0.016255,172.31.40.0-255,66,175867,78,264168
41316,0.01858,74.125.68.0-255,5738,181605,78,264168
41317,0.018589,172.31.40.0-255,66,181671,78,264168
41318,0.020903,74.125.68.0-255,5738,187409,78,264168
41319,0.020913,172.31.40.0-255,66,187475,78,264168
41320,0.023243,74.125.68.0-255,5738,193213,78,264168
41321,0.023253,172.31.40.0-255,66,193279,78,264168
41322,0.025597,74.125.68.0-255,5738,199017,78,264168
41323,0.025606,172.31.40.0-255,66,199083,78,264168
41324,0.025745,172.31.40.0-255,172,199255,78,264168
41325,0.025774,172.31.40.0-255,1104,200359,78,264168
41326,0.025838,172.31.40.0-255,1514,201873,78,264168
41327,0.02584,172.31.40.0-255,1514,203387,78,264168
41328,0.025842,172.31.40.0-255,1514,204901,78,264168
41329,0.025843,172.31.40.0-255,963,205864,78,264168
41330,0.027324,104.244.42.0-255,66,205930,78,264168
41331,0.027353,104.244.42.0-255,66,205996,78,264168
41332,0.027406,104.244.42.0-255,66,206062,78,264168
41333,0.027419,104.244.42.0-255,66,206128,78,264168
41334,0.027928,74.125.68.0-255,5738,211866,78,264168
41335,0.027935,172.31.40.0-255,66,211932,78,264168
41336,0.030255,74.125.68.0-255,5738,217670,78,264168
41337,0.030262,172.31.40.0-255,66,217736,78,264168
41338,0.032572,74.125.68.0-255,5738,223474,78,264168
41339,0.032579,172.31.40.0-255,66,223540,78,264168
41340,0.034905,74.125.68.0-255,5738,229278,78,264168
41341,0.034912,172.31.40.0-255,66,229344,78,264168
41342,0.037236,74.125.68.0-255,5738,235082,78,264168
41343,0.037253,172.31.40.0-255,66,235148,78,264168
41344,0.039587,74.125.68.0-255,5738,240886,78,264168
41345,0.039601,172.31.40.0-255,66,240952,78,264168
41346,0.041932,74.125.68.0-255,5738,246690,78,264168
41347,0.041949,172.31.40.0-255,66,246756,78,264168
41348,0.044295,74.125.68.0-255,5738,252494,78,264168
41349,0.044312,172.31.40.0-255,66,252560,78,264168
41350,0.04665,74.125.68.0-255,5738,258298,78,264168
41351,0.04668,172.31.40.0-255,66,258364,78,264168
41352,0.049004,74.125.68.0-255,5738,264102,78,264168
41353,0.049025,172.31.40.0-255,66,264168,78,264168
41354,0.0,74.125.24.0-255,296,296,78,237918
41355,2.3e-05,172.31.40.0-255,66,362,78,237918
41356,2.9e-05,74.125.24.0-255,1484,1846,78,237918
41357,3.5e-05,172.31.40.0-255,66,1912,78,237918
41358,4.3e-05,74.125.24.0-255,4320,6232,78,237918
41359,4.7e-05,172.31.40.0-255,66,6298,78,237918
41360,5.9e-05,172.31.40.0-255,66,6364,78,237918
41361,8.8e-05,74.125.24.0-255,1484,7848,78,237918
41362,9.1e-05,172.31.40.0-255,66,7914,78,237918
41363,9.7e-05,74.125.24.0-255,2902,10816,78,237918
41364,9.9e-05,172.31.40.0-255,66,10882,78,237918
41365,0.000111,74.125.24.0-255,1484,12366,78,237918
41366,0.000113,172.31.40.0-255,66,12432,78,237918
41367,0.000138,74.125.24.0-255,4320,16752,78,237918
41368,0.000141,172.31.40.0-255,66,16818,78,237918
41369,0.000145,74.125.24.0-255,2902,19720,78,237918
41370,0.000147,172.31.40.0-255,66,19786,78,237918
41371,0.000162,74.125.24.0-255,3961,23747,78,237918
41372,0.000165,172.31.40.0-255,66,23813,78,237918
41373,0.000267,74.125.24.0-255,1484,25297,78,237918
41374,0.000271,172.31.40.0-255,66,25363,78,237918
41375,0.000277,74.125.24.0-255,2902,28265,78,237918
41376,0.000279,172.31.40.0-255,66,28331,78,237918
41377,0.000285,74.125.24.0-255,4320,32651,78,237918
41378,0.000287,172.31.40.0-255,66,32717,78,237918
41379,0.000312,74.125.24.0-255,1484,34201,78,237918
41380,0.000314,172.31.40.0-255,66,34267,78,237918
41381,0.00032,74.125.24.0-255,5738,40005,78,237918
41382,0.000323,172.31.40.0-255,66,40071,78,237918
41383,0.000342,74.125.24.0-255,4320,44391,78,237918
41384,0.000344,172.31.40.0-255,66,44457,78,237918
41385,0.00038,172.31.40.0-255,66,44523,78,237918
41386,0.000385,74.125.24.0-255,3961,48484,78,237918
41387,0.000387,172.31.40.0-255,66,48550,78,237918
41388,0.000653,74.125.24.0-255,413,48963,78,237918
41389,0.000676,74.125.24.0-255,330,49293,78,237918
41390,0.000949,172.31.40.0-255,101,49394,78,237918
41391,0.000988,74.125.24.0-255,1484,50878,78,237918
41392,0.000994,74.125.24.0-255,2902,53780,78,237918
41393,0.000997,172.31.40.0-255,66,53846,78,237918
41394,0.00102,74.125.24.0-255,5738,59584,78,237918
41395,0.001023,172.31.40.0-255,66,59650,78,237918
41396,0.00105,74.125.24.0-255,4320,63970,78,237918
41397,0.001053,172.31.40.0-255,66,64036,78,237918
41398,0.001079,74.125.24.0-255,7156,71192,78,237918
41399,0.001082,172.31.40.0-255,66,71258,78,237918
41400,0.001095,172.31.40.0-255,66,71324,78,237918
41401,0.001857,74.125.24.0-255,1484,72808,78,237918
41402,0.001866,74.125.24.0-255,2902,75710,78,237918
41403,0.00187,172.31.40.0-255,66,75776,78,237918
41404,0.001875,74.125.24.0-255,2902,78678,78,237918
41405,0.001877,172.31.40.0-255,66,78744,78,237918
41406,0.001892,74.125.24.0-255,2902,81646,78,237918
41407,0.001894,172.31.40.0-255,66,81712,78,237918
41408,0.001899,74.125.24.0-255,4320,86032,78,237918
41409,0.001901,172.31.40.0-255,66,86098,78,237918
41410,0.001922,172.31.40.0-255,66,86164,78,237918
41411,0.001953,74.125.24.0-255,5738,91902,78,237918
41412,0.001955,172.31.40.0-255,66,91968,78,237918
41413,0.001977,74.125.24.0-255,2902,94870,78,237918
41414,0.001979,172.31.40.0-255,66,94936,78,237918
41415,0.001982,74.125.24.0-255,2184,97120,78,237918
41416,0.001984,172.31.40.0-255,66,97186,78,237918
41417,0.002083,74.125.24.0-255,1484,98670,78,237918
41418,0.002089,74.125.24.0-255,2902,101572,78,237918
41419,0.002091,172.31.40.0-255,66,101638,78,237918
41420,0.002095,74.125.24.0-255,1484,103122,78,237918
41421,0.002114,74.125.24.0-255,4320,107442,78,237918
41422,0.002116,172.31.40.0-255,66,107508,78,237918
41423,0.00213,74.125.24.0-255,4320,111828,78,237918
41424,0.002132,172.31.40.0-255,66,111894,78,237918
41425,0.002146,74.125.24.0-255,4320,116214,78,237918
41426,0.002148,172.31.40.0-255,66,116280,78,237918
41427,0.002181,74.125.24.0-255,1484,117764,78,237918
41428,0.002216,172.31.40.0-255,66,117830,78,237918
41429,0.0023,74.125.24.0-255,1484,119314,78,237918
41430,0.003198,74.125.24.0-255,66,119380,78,237918
41431,0.004519,74.125.24.0-255,2902,122282,78,237918
41432,0.004524,172.31.40.0-255,66,122348,78,237918
41433,0.00454,74.125.24.0-255,1484,123832,78,237918
41434,0.006837,74.125.24.0-255,1484,125316,78,237918
41435,0.00684,172.31.40.0-255,66,125382,78,237918
41436,0.006858,74.125.24.0-255,2902,128284,78,237918
41437,0.00686,172.31.40.0-255,66,128350,78,237918
41438,0.00918,74.125.24.0-255,5738,134088,78,237918
41439,0.009189,172.31.40.0-255,66,134154,78,237918
41440,0.011494,74.125.24.0-255,5738,139892,78,237918
41441,0.011503,172.31.40.0-255,66,139958,78,237918
41442,0.013835,74.125.24.0-255,5738,145696,78,237918
41443,0.013844,172.31.40.0-255,66,145762,78,237918
41444,0.016161,74.125.24.0-255,5738,151500,78,237918
41445,0.016169,172.31.40.0-255,66,151566,78,237918
41446,0.018451,74.125.24.0-255,5738,157304,78,237918
41447,0.018461,172.31.40.0-255,66,157370,78,237918
41448,0.020751,74.125.24.0-255,2902,160272,78,237918
41449,0.020759,172.31.40.0-255,66,160338,78,237918
41450,0.020781,74.125.24.0-255,2902,163240,78,237918
41451,0.020784,172.31.40.0-255,66,163306,78,237918
41452,0.023066,74.125.24.0-255,2902,166208,78,237918
41453,0.023074,172.31.40.0-255,66,166274,78,237918
41454,0.0231,74.125.24.0-255,2902,169176,78,237918
41455,0.023103,172.31.40.0-255,66,169242,78,237918
41456,0.024961,172.31.40.0-255,171,169413,78,237918
41457,0.024994,172.31.40.0-255,1128,170541,78,237918
41458,0.025056,172.31.40.0-255,1514,172055,78,237918
41459,0.025058,172.31.40.0-255,1161,173216,78,237918
41460,0.025358,74.125.24.0-255,2902,176118,78,237918
41461,0.025365,172.31.40.0-255,66,176184,78,237918
41462,0.025387,74.125.24.0-255,2902,179086,78,237918
41463,0.02539,172.31.40.0-255,66,179152,78,237918
41464,0.026543,104.244.42.0-255,66,179218,78,237918
41465,0.026564,104.244.42.0-255,66,179284,78,237918
41466,0.026604,104.244.42.0-255,66,179350,78,237918
41467,0.027672,74.125.24.0-255,2902,182252,78,237918
41468,0.027679,172.31.40.0-255,66,182318,78,237918
41469,0.027712,74.125.24.0-255,2902,185220,78,237918
41470,0.027716,172.31.40.0-255,66,185286,78,237918
41471,0.029967,74.125.24.0-255,2902,188188,78,237918
41472,0.029975,172.31.40.0-255,66,188254,78,237918
41473,0.030032,74.125.24.0-255,2902,191156,78,237918
41474,0.030035,172.31.40.0-255,66,191222,78,237918
41475,0.032284,74.125.24.0-255,2902,194124,78,237918
41476,0.032291,172.31.40.0-255,66,194190,78,237918
41477,0.032335,74.125.24.0-255,2902,197092,78,237918
41478,0.032338,172.31.40.0-255,66,197158,78,237918
41479,0.034613,74.125.24.0-255,2902,200060,78,237918
41480,0.03462,172.31.40.0-255,66,200126,78,237918
41481,0.034637,74.125.24.0-255,2902,203028,78,237918
41482,0.03464,172.31.40.0-255,66,203094,78,237918
41483,0.036944,74.125.24.0-255,5738,208832,78,237918
41484,0.036963,172.31.40.0-255,66,208898,78,237918
41485,0.039293,74.125.24.0-255,5738,214636,78,237918
41486,0.03931,172.31.40.0-255,66,214702,78,237918
41487,0.041643,74.125.24.0-255,5738,220440,78,237918
41488,0.04166,172.31.40.0-255,66,220506,78,237918
41489,0.04395,74.125.24.0-255,5738,226244,78,237918
41490,0.04397,172.31.40.0-255,66,226310,78,237918
41491,0.046297,74.125.24.0-255,5738,232048,78,237918
41492,0.046305,172.31.40.0-255,66,232114,78,237918
41493,0.048625,74.125.24.0-255,5738,237852,78,237918
41494,0.048642,172.31.40.0-255,66,237918,78,237918
41495,0.0,74.125.24.0-255,152,152,78,225114
41496,2.1e-05,172.31.40.0-255,66,218,78,225114
41497,4.2e-05,74.125.24.0-255,1484,1702,78,225114
41498,4.6e-05,172.31.40.0-255,66,1768,78,225114
41499,5.2e-05,74.125.24.0-255,2902,4670,78,225114
41500,5.5e-05,172.31.40.0-255,66,4736,78,225114
41501,6e-05,74.125.24.0-255,2902,7638,78,225114
41502,6.2e-05,172.31.40.0-255,66,7704,78,225114
41503,9e-05,74.125.24.0-255,4320,12024,78,225114
41504,9.5e-05,172.31.40.0-255,66,12090,78,225114
41505,0.0001,74.125.24.0-255,2000,14090,78,225114
41506,0.000102,172.31.40.0-255,66,14156,78,225114
41507,0.00012,74.125.24.0-255,2902,17058,78,225114
41508,0.000123,172.31.40.0-255,66,17124,78,225114
41509,0.00013,74.125.24.0-255,7156,24280,78,225114
41510,0.000133,172.31.40.0-255,66,24346,78,225114
41511,0.000136,74.125.24.0-255,1484,25830,78,225114
41512,0.000139,172.31.40.0-255,66,25896,78,225114
41513,0.000161,74.125.24.0-255,1484,27380,78,225114
41514,0.000163,172.31.40.0-255,66,27446,78,225114
41515,0.000198,74.125.24.0-255,3961,31407,78,225114
41516,0.000201,172.31.40.0-255,66,31473,78,225114
41517,0.000312,74.125.24.0-255,1484,32957,78,225114
41518,0.000316,172.31.40.0-255,66,33023,78,225114
41519,0.000322,74.125.24.0-255,2902,35925,78,225114
41520,0.000326,172.31.40.0-255,66,35991,78,225114
41521,0.000341,74.125.24.0-255,4320,40311,78,225114
41522,0.000344,172.31.40.0-255,66,40377,78,225114
41523,0.000359,74.125.24.0-255,1484,41861,78,225114
41524,0.000362,172.31.40.0-255,66,41927,78,225114
41525,0.00037,74.125.24.0-255,6797,48724,78,225114
41526,0.000373,172.31.40.0-255,66,48790,78,225114
41527,0.0004,74.125.24.0-255,1484,50274,78,225114
41528,0.000405,74.125.24.0-255,2902,53176,78,225114
41529,0.000408,172.31.40.0-255,66,53242,78,225114
41530,0.000415,74.125.24.0-255,5738,58980,78,225114
41531,0.000417,172.31.40.0-255,66,59046,78,225114
41532,0.000455,74.125.24.0-255,4320,63366,78,225114
41533,0.00046,172.31.40.0-255,66,63432,78,225114
41534,0.000468,74.125.24.0-255,2543,65975,78,225114
41535,0.000471,172.31.40.0-255,66,66041,78,225114
41536,0.000486,74.125.24.0-255,411,66452,78,225114
41537,0.000706,74.125.24.0-255,332,66784,78,225114
41538,0.000847,172.31.40.0-255,66,66850,78,225114
41539,0.001188,74.125.24.0-255,1484,68334,78,225114
41540,0.001198,74.125.24.0-255,2902,71236,78,225114
41541,0.001202,172.31.40.0-255,66,71302,78,225114
41542,0.001209,74.125.24.0-255,5738,77040,78,225114
41543,0.001211,172.31.40.0-255,66,77106,78,225114
41544,0.001217,74.125.24.0-255,5738,82844,78,225114
41545,0.001219,172.31.40.0-255,66,82910,78,225114
41546,0.001269,172.31.40.0-255,66,82976,78,225114
41547,0.001276,74.125.24.0-255,5020,87996,78,225114
41548,0.001278,172.31.40.0-255,66,88062,78,225114
41549,0.001805,74.125.24.0-255,1484,89546,78,225114
41550,0.001812,74.125.24.0-255,2902,92448,78,225114
41551,0.001816,172.31.40.0-255,66,92514,78,225114
41552,0.001871,74.125.24.0-255,5738,98252,78,225114
41553,0.001873,172.31.40.0-255,66,98318,78,225114
41554,0.001886,172.31.40.0-255,66,98384,78,225114
41555,0.001897,172.31.40.0-255,66,98450,78,225114
41556,0.004164,74.125.24.0-255,5738,104188,78,225114
41557,0.004172,172.31.40.0-255,66,104254,78,225114
41558,0.006421,74.125.24.0-255,5738,109992,78,225114
41559,0.006426,172.31.40.0-255,66,110058,78,225114
41560,0.008697,74.125.24.0-255,5738,115796,78,225114
41561,0.008702,172.31.40.0-255,66,115862,78,225114
41562,0.01098,74.125.24.0-255,5738,121600,78,225114
41563,0.010987,172.31.40.0-255,66,121666,78,225114
41564,0.013246,74.125.24.0-255,1484,123150,78,225114
41565,0.013336,74.125.24.0-255,4320,127470,78,225114
41566,0.013342,172.31.40.0-255,66,127536,78,225114
41567,0.015615,74.125.24.0-255,5738,133274,78,225114
41568,0.015621,172.31.40.0-255,66,133340,78,225114
41569,0.017887,74.125.24.0-255,5738,139078,78,225114
41570,0.017894,172.31.40.0-255,66,139144,78,225114
41571,0.020153,74.125.24.0-255,5738,144882,78,225114
41572,0.02016,172.31.40.0-255,66,144948,78,225114
41573,0.02243,74.125.24.0-255,5738,150686,78,225114
41574,0.022437,172.31.40.0-255,66,150752,78,225114
41575,0.023555,172.31.40.0-255,172,150924,78,225114
41576,0.023578,172.31.40.0-255,1107,152031,78,225114
41577,0.023616,172.31.40.0-255,1514,153545,78,225114
41578,0.023618,172.31.40.0-255,1514,155059,78,225114
41579,0.023639,172.31.40.0-255,703,155762,78,225114
41580,0.024705,74.125.24.0-255,5738,161500,78,225114
41581,0.024711,172.31.40.0-255,66,161566,78,225114
41582,0.025051,104.244.42.0-255,66,161632,78,225114
41583,0.025121,104.244.42.0-255,66,161698,78,225114
41584,0.025125,104.244.42.0-255,66,161764,78,225114
41585,0.025128,104.244.42.0-255,66,161830,78,225114
41586,0.026964,74.125.24.0-255,5738,167568,78,225114
41587,0.02697,172.31.40.0-255,66,167634,78,225114
41588,0.029229,74.125.24.0-255,5738,173372,78,225114
41589,0.029236,172.31.40.0-255,66,173438,78,225114
41590,0.031476,74.125.24.0-255,4320,177758,78,225114
41591,0.031481,172.31.40.0-255,66,177824,78,225114
41592,0.031522,74.125.24.0-255,1484,179308,78,225114
41593,0.03373,74.125.24.0-255,4320,183628,78,225114
41594,0.033736,172.31.40.0-255,66,183694,78,225114
41595,0.036008,74.125.24.0-255,5738,189432,78,225114
41596,0.036014,172.31.40.0-255,66,189498,78,225114
41597,0.038262,74.125.24.0-255,2902,192400,78,225114
41598,0.038267,172.31.40.0-255,66,192466,78,225114
41599,0.038299,74.125.24.0-255,2902,195368,78,225114
41600,0.038302,172.31.40.0-255,66,195434,78,225114
41601,0.040528,74.125.24.0-255,2902,198336,78,225114
41602,0.040533,172.31.40.0-255,66,198402,78,225114
41603,0.040563,74.125.24.0-255,2902,201304,78,225114
41604,0.040565,172.31.40.0-255,66,201370,78,225114
41605,0.042804,74.125.24.0-255,2902,204272,78,225114
41606,0.042809,172.31.40.0-255,66,204338,78,225114
41607,0.042837,74.125.24.0-255,2902,207240,78,225114
41608,0.04284,172.31.40.0-255,66,207306,78,225114
41609,0.045078,74.125.24.0-255,2902,210208,78,225114
41610,0.045083,172.31.40.0-255,66,210274,78,225114
41611,0.045102,74.125.24.0-255,2902,213176,78,225114
41612,0.045104,172.31.40.0-255,66,213242,78,225114
41613,0.047362,74.125.24.0-255,2902,216144,78,225114
41614,0.047369,172.31.40.0-255,66,216210,78,225114
41615,0.047399,74.125.24.0-255,2902,219112,78,225114
41616,0.047402,172.31.40.0-255,66,219178,78,225114
41617,0.049632,74.125.24.0-255,2902,222080,78,225114
41618,0.049637,172.31.40.0-255,66,222146,78,225114
41619,0.049671,74.125.24.0-255,2902,225048,78,225114
41620,0.049674,172.31.40.0-255,66,225114,78,225114
41621,0.0,74.125.24.0-255,153,153,78,258484
41622,2.3e-05,172.31.40.0-255,66,219,78,258484
41623,3e-05,74.125.24.0-255,1484,1703,78,258484
41624,3.5e-05,172.31.40.0-255,66,1769,78,258484
41625,3.8e-05,74.125.24.0-255,1484,3253,78,258484
41626,4.2e-05,172.31.40.0-255,66,3319,78,258484
41627,5.8e-05,74.125.24.0-255,4320,7639,78,258484
41628,6.1e-05,172.31.40.0-255,66,7705,78,258484
41629,9.9e-05,172.31.40.0-255,66,7771,78,258484
41630,0.00011,172.31.40.0-255,66,7837,78,258484
41631,0.000133,74.125.24.0-255,2902,10739,78,258484
41632,0.000136,172.31.40.0-255,66,10805,78,258484
41633,0.000174,74.125.24.0-255,1125,11930,78,258484
41634,0.000176,172.31.40.0-255,66,11996,78,258484
41635,0.000276,74.125.24.0-255,1484,13480,78,258484
41636,0.00028,172.31.40.0-255,66,13546,78,258484
41637,0.00031,74.125.24.0-255,2902,16448,78,258484
41638,0.000313,172.31.40.0-255,66,16514,78,258484
41639,0.00032,74.125.24.0-255,5738,22252,78,258484
41640,0.000322,172.31.40.0-255,66,22318,78,258484
41641,0.000327,74.125.24.0-255,4320,26638,78,258484
41642,0.00033,172.31.40.0-255,66,26704,78,258484
41643,0.000396,172.31.40.0-255,66,26770,78,258484
41644,0.000403,74.125.24.0-255,5738,32508,78,258484
41645,0.000405,172.31.40.0-255,66,32574,78,258484
41646,0.000456,74.125.24.0-255,1399,33973,78,258484
41647,0.000458,172.31.40.0-255,66,34039,78,258484
41648,0.000569,74.125.24.0-255,129,34168,78,258484
41649,0.000574,172.31.40.0-255,66,34234,78,258484
41650,0.000604,74.125.24.0-255,348,34582,78,258484
41651,0.000788,74.125.24.0-255,1484,36066,78,258484
41652,0.000794,172.31.40.0-255,66,36132,78,258484
41653,0.0008,74.125.24.0-255,2902,39034,78,258484
41654,0.000804,172.31.40.0-255,66,39100,78,258484
41655,0.000835,74.125.24.0-255,5738,44838,78,258484
41656,0.000837,172.31.40.0-255,66,44904,78,258484
41657,0.000861,172.31.40.0-255,66,44970,78,258484
41658,0.000909,172.31.40.0-255,66,45036,78,258484
41659,0.000942,74.125.24.0-255,6438,51474,78,258484
41660,0.000945,172.31.40.0-255,66,51540,78,258484
41661,0.000993,74.125.24.0-255,1484,53024,78,258484
41662,0.00101,74.125.24.0-255,2902,55926,78,258484
41663,0.001013,172.31.40.0-255,66,55992,78,258484
41664,0.001019,74.125.24.0-255,4320,60312,78,258484
41665,0.001021,172.31.40.0-255,66,60378,78,258484
41666,0.001043,74.125.24.0-255,1484,61862,78,258484
41667,0.001051,74.125.24.0-255,7156,69018,78,258484
41668,0.001058,172.31.40.0-255,66,69084,78,258484
41669,0.001096,172.31.40.0-255,66,69150,78,258484
41670,0.001113,74.125.24.0-255,1484,70634,78,258484
41671,0.001117,74.125.24.0-255,2184,72818,78,258484
41672,0.001121,172.31.40.0-255,66,72884,78,258484
41673,0.001195,74.125.24.0-255,1484,74368,78,258484
41674,0.001209,74.125.24.0-255,2902,77270,78,258484
41675,0.001213,172.31.40.0-255,66,77336,78,258484
41676,0.00122,74.125.24.0-255,5738,83074,78,258484
41677,0.001222,172.31.40.0-255,66,83140,78,258484
41678,0.001246,74.125.24.0-255,7156,90296,78,258484
41679,0.001249,172.31.40.0-255,66,90362,78,258484
41680,0.001279,74.125.24.0-255,5738,96100,78,258484
41681,0.001299,172.31.40.0-255,66,96166,78,258484
41682,0.001312,172.31.40.0-255,66,96232,78,258484
41683,0.001317,74.125.24.0-255,2184,98416,78,258484
41684,0.001319,172.31.40.0-255,66,98482,78,258484
41685,0.001581,74.125.24.0-255,1484,99966,78,258484
41686,0.001588,74.125.24.0-255,2902,102868,78,258484
41687,0.001592,172.31.40.0-255,66,102934,78,258484
41688,0.001625,74.125.24.0-255,5738,108672,78,258484
41689,0.001629,172.31.40.0-255,66,108738,78,258484
41690,0.001637,74.125.24.0-255,7156,115894,78,258484
41691,0.00164,172.31.40.0-255,66,115960,78,258484
41692,0.001665,172.31.40.0-255,101,116061,78,258484
41693,0.001672,74.125.24.0-255,5738,121799,78,258484
41694,0.001676,74.125.24.0-255,4320,126119,78,258484
41695,0.001699,74.125.24.0-255,6438,132557,78,258484
41696,0.001701,74.125.24.0-255,1484,134041,78,258484
41697,0.001706,172.31.40.0-255,66,134107,78,258484
41698,0.001709,172.31.40.0-255,66,134173,78,258484
41699,0.001713,172.31.40.0-255,66,134239,78,258484
41700,0.001746,172.31.40.0-255,66,134305,78,258484
41701,0.001763,172.31.40.0-255,66,134371,78,258484
41702,0.001801,74.125.24.0-255,7156,141527,78,258484
41703,0.001804,172.31.40.0-255,66,141593,78,258484
41704,0.00181,74.125.24.0-255,5020,146613,78,258484
41705,0.001813,172.31.40.0-255,66,146679,78,258484
41706,0.001819,74.125.24.0-255,5738,152417,78,258484
41707,0.001821,172.31.40.0-255,66,152483,78,258484
41708,0.001826,74.125.24.0-255,4320,156803,78,258484
41709,0.001829,172.31.40.0-255,66,156869,78,258484
41710,0.00187,74.125.24.0-255,2902,159771,78,258484
41711,0.001872,172.31.40.0-255,66,159837,78,258484
41712,0.001912,172.31.40.0-255,66,159903,78,258484
41713,0.001925,172.31.40.0-255,66,159969,78,258484
41714,0.002093,74.125.24.0-255,1484,161453,78,258484
41715,0.002098,74.125.24.0-255,1484,162937,78,258484
41716,0.002101,172.31.40.0-255,66,163003,78,258484
41717,0.002132,74.125.24.0-255,1484,164487,78,258484
41718,0.002139,74.125.24.0-255,5738,170225,78,258484
41719,0.002142,172.31.40.0-255,66,170291,78,258484
41720,0.002154,172.31.40.0-255,66,170357,78,258484
41721,0.00218,74.125.24.0-255,2902,173259,78,258484
41722,0.002183,172.31.40.0-255,66,173325,78,258484
41723,0.002191,74.125.24.0-255,5738,179063,78,258484
41724,0.002194,172.31.40.0-255,66,179129,78,258484
41725,0.002221,74.125.24.0-255,5020,184149,78,258484
41726,0.002237,172.31.40.0-255,66,184215,78,258484
41727,0.00224,172.31.40.0-255,66,184281,78,258484
41728,0.002255,74.125.24.0-255,2902,187183,78,258484
41729,0.002258,172.31.40.0-255,66,187249,78,258484
41730,0.002271,172.31.40.0-255,66,187315,78,258484
41731,0.002318,172.31.40.0-255,66,187381,78,258484
41732,0.003882,74.125.24.0-255,66,187447,78,258484
41733,0.004595,74.125.24.0-255,5738,193185,78,258484
41734,0.004602,172.31.40.0-255,66,193251,78,258484
41735,0.00687,74.125.24.0-255,5738,198989,78,258484
41736,0.006878,172.31.40.0-255,66,199055,78,258484
41737,0.009153,74.125.24.0-255,5738,204793,78,258484
41738,0.009156,172.31.40.0-255,66,204859,78,258484
41739,0.011443,74.125.24.0-255,5738,210597,78,258484
41740,0.01145,172.31.40.0-255,66,210663,78,258484
41741,0.013745,74.125.24.0-255,5738,216401,78,258484
41742,0.013754,172.31.40.0-255,66,216467,78,258484
41743,0.016026,74.125.24.0-255,5738,222205,78,258484
41744,0.016034,172.31.40.0-255,66,222271,78,258484
41745,0.018358,74.125.24.0-255,5738,228009,78,258484
41746,0.018374,172.31.40.0-255,66,228075,78,258484
41747,0.020652,74.125.24.0-255,5738,233813,78,258484
41748,0.020659,172.31.40.0-255,66,233879,78,258484
41749,0.022931,74.125.24.0-255,4320,238199,78,258484
41750,0.02294,172.31.40.0-255,66,238265,78,258484
41751,0.022972,74.125.24.0-255,1484,239749,78,258484
41752,0.025229,74.125.24.0-255,4320,244069,78,258484
41753,0.025238,172.31.40.0-255,66,244135,78,258484
41754,0.02755,74.125.24.0-255,5738,249873,78,258484
41755,0.027558,172.31.40.0-255,66,249939,78,258484
41756,0.029812,74.125.24.0-255,119,250058,78,258484
41757,0.029989,172.31.40.0-255,105,250163,78,258484
41758,0.037142,74.125.24.0-255,66,250229,78,258484
41759,0.03987,172.31.40.0-255,171,250400,78,258484
41760,0.039905,172.31.40.0-255,1131,251531,78,258484
41761,0.039969,172.31.40.0-255,1514,253045,78,258484
41762,0.039971,172.31.40.0-255,1514,254559,78,258484
41763,0.039976,172.31.40.0-255,1514,256073,78,258484
41764,0.039977,172.31.40.0-255,1514,257587,78,258484
41765,0.039996,172.31.40.0-255,459,258046,78,258484
41766,0.041454,104.244.42.0-255,66,258112,78,258484
41767,0.041482,104.244.42.0-255,66,258178,78,258484
41768,0.041542,104.244.42.0-255,66,258244,78,258484
41769,0.041547,104.244.42.0-255,66,258310,78,258484
41770,0.04218,104.244.42.0-255,108,258418,78,258484
41771,0.042188,172.31.40.0-255,66,258484,78,258484
41772,0.0,74.125.130.0-255,160,160,78,351304
41773,2.3e-05,172.31.40.0-255,66,226,78,351304
41774,3e-05,74.125.130.0-255,1484,1710,78,351304
41775,3.5e-05,172.31.40.0-255,66,1776,78,351304
41776,4.8e-05,74.125.130.0-255,2902,4678,78,351304
41777,5.2e-05,172.31.40.0-255,66,4744,78,351304
41778,6e-05,74.125.130.0-255,7156,11900,78,351304
41779,6.3e-05,172.31.40.0-255,66,11966,78,351304
41780,6.5e-05,74.125.130.0-255,1484,13450,78,351304
41781,6.8e-05,172.31.40.0-255,66,13516,78,351304
41782,7.2e-05,74.125.130.0-255,609,14125,78,351304
41783,7.4e-05,172.31.40.0-255,66,14191,78,351304
41784,0.00016,74.125.130.0-255,1484,15675,78,351304
41785,0.000163,172.31.40.0-255,66,15741,78,351304
41786,0.000168,74.125.130.0-255,2902,18643,78,351304
41787,0.00017,172.31.40.0-255,66,18709,78,351304
41788,0.000198,74.125.130.0-255,5738,24447,78,351304
41789,0.0002,172.31.40.0-255,66,24513,78,351304
41790,0.000205,74.125.130.0-255,2902,27415,78,351304
41791,0.000207,172.31.40.0-255,66,27481,78,351304
41792,0.000255,74.125.130.0-255,5738,33219,78,351304
41793,0.000258,172.31.40.0-255,66,33285,78,351304
41794,0.000284,74.125.130.0-255,2543,35828,78,351304
41795,0.000287,172.31.40.0-255,66,35894,78,351304
41796,0.000298,172.31.40.0-255,66,35960,78,351304
41797,0.000308,74.125.130.0-255,3961,39921,78,351304
41798,0.00031,172.31.40.0-255,66,39987,78,351304
41799,0.000378,74.125.130.0-255,1484,41471,78,351304
41800,0.000381,172.31.40.0-255,66,41537,78,351304
41801,0.000385,74.125.130.0-255,1484,43021,78,351304
41802,0.000387,172.31.40.0-255,66,43087,78,351304
41803,0.00041,74.125.130.0-255,1484,44571,78,351304
41804,0.000417,74.125.130.0-255,4320,48891,78,351304
41805,0.000424,172.31.40.0-255,66,48957,78,351304
41806,0.000431,74.125.130.0-255,5738,54695,78,351304
41807,0.000433,172.31.40.0-255,66,54761,78,351304
41808,0.000462,74.125.130.0-255,2543,57304,78,351304
41809,0.000464,172.31.40.0-255,66,57370,78,351304
41810,0.000485,74.125.130.0-255,381,57751,78,351304
41811,0.000585,74.125.130.0-255,1484,59235,78,351304
41812,0.000589,172.31.40.0-255,66,59301,78,351304
41813,0.000619,74.125.130.0-255,2902,62203,78,351304
41814,0.000622,172.31.40.0-255,66,62269,78,351304
41815,0.000627,74.125.130.0-255,4320,66589,78,351304
41816,0.000629,172.31.40.0-255,66,66655,78,351304
41817,0.000662,172.31.40.0-255,66,66721,78,351304
41818,0.00069,74.125.130.0-255,1125,67846,78,351304
41819,0.000698,74.125.130.0-255,7156,75002,78,351304
41820,0.0007,172.31.40.0-255,66,75068,78,351304
41821,0.000711,172.31.40.0-255,66,75134,78,351304
41822,0.000936,74.125.130.0-255,1484,76618,78,351304
41823,0.000942,74.125.130.0-255,2902,79520,78,351304
41824,0.000953,172.31.40.0-255,66,79586,78,351304
41825,0.000957,74.125.130.0-255,1484,81070,78,351304
41826,0.000983,74.125.130.0-255,4320,85390,78,351304
41827,0.000986,172.31.40.0-255,66,85456,78,351304
41828,0.000991,74.125.130.0-255,2902,88358,78,351304
41829,0.000993,172.31.40.0-255,66,88424,78,351304
41830,0.001003,74.125.130.0-255,4320,92744,78,351304
41831,0.001005,172.31.40.0-255,66,92810,78,351304
41832,0.001011,74.125.130.0-255,4320,97130,78,351304
41833,0.001013,172.31.40.0-255,66,97196,78,351304
41834,0.001027,74.125.130.0-255,4320,101516,78,351304
41835,0.001029,172.31.40.0-255,66,101582,78,351304
41836,0.001038,74.125.130.0-255,4320,105902,78,351304
41837,0.00104,172.31.40.0-255,66,105968,78,351304
41838,0.001068,74.125.130.0-255,1484,107452,78,351304
41839,0.001082,74.125.130.0-255,2184,109636,78,351304
41840,0.001085,172.31.40.0-255,66,109702,78,351304
41841,0.00112,74.125.130.0-255,1484,111186,78,351304
41842,0.001136,74.125.130.0-255,2902,114088,78,351304
41843,0.001138,172.31.40.0-255,66,114154,78,351304
41844,0.001167,74.125.130.0-255,5738,119892,78,351304
41845,0.001169,172.31.40.0-255,66,119958,78,351304
41846,0.001176,74.125.130.0-255,5738,125696,78,351304
41847,0.001179,172.31.40.0-255,66,125762,78,351304
41848,0.001201,74.125.130.0-255,1484,127246,78,351304
41849,0.001212,172.31.40.0-255,66,127312,78,351304
41850,0.00124,74.125.130.0-255,4320,131632,78,351304
41851,0.001245,172.31.40.0-255,66,131698,78,351304
41852,0.001252,74.125.130.0-255,1484,133182,78,351304
41853,0.001274,74.125.130.0-255,3602,136784,78,351304
41854,0.001277,172.31.40.0-255,66,136850,78,351304
41855,0.001282,74.125.130.0-255,4320,141170,78,351304
41856,0.001284,172.31.40.0-255,66,141236,78,351304
41857,0.001318,74.125.130.0-255,5738,146974,78,351304
41858,0.001321,172.31.40.0-255,66,147040,78,351304
41859,0.001331,172.31.40.0-255,66,147106,78,351304
41860,0.001359,74.125.130.0-255,2902,150008,78,351304
41861,0.001361,172.31.40.0-255,66,150074,78,351304
41862,0.001364,74.125.130.0-255,1484,151558,78,351304
41863,0.001429,74.125.130.0-255,5738,157296,78,351304
41864,0.001431,172.31.40.0-255,66,157362,78,351304
41865,0.001462,74.125.130.0-255,3602,160964,78,351304
41866,0.001465,172.31.40.0-255,66,161030,78,351304
41867,0.001468,74.125.130.0-255,1484,162514,78,351304
41868,0.001473,74.125.130.0-255,2902,165416,78,351304
41869,0.001475,172.31.40.0-255,66,165482,78,351304
41870,0.001486,74.125.130.0-255,5738,171220,78,351304
41871,0.001489,172.31.40.0-255,66,171286,78,351304
41872,0.001493,74.125.130.0-255,2902,174188,78,351304
41873,0.001495,172.31.40.0-255,66,174254,78,351304
41874,0.0015,74.125.130.0-255,4320,178574,78,351304
41875,0.001503,172.31.40.0-255,66,178640,78,351304
41876,0.001542,172.31.40.0-255,66,178706,78,351304
41877,0.001547,74.125.130.0-255,4320,183026,78,351304
41878,0.001549,172.31.40.0-255,66,183092,78,351304
41879,0.001587,74.125.130.0-255,3602,186694,78,351304
41880,0.00159,172.31.40.0-255,66,186760,78,351304
41881,0.001654,74.125.130.0-255,1484,188244,78,351304
41882,0.00167,74.125.130.0-255,2902,191146,78,351304
41883,0.001674,172.31.40.0-255,66,191212,78,351304
41884,0.001692,74.125.130.0-255,4320,195532,78,351304
41885,0.001695,172.31.40.0-255,66,195598,78,351304
41886,0.001721,74.125.130.0-255,1484,197082,78,351304
41887,0.001734,74.125.130.0-255,7156,204238,78,351304
41888,0.001736,172.31.40.0-255,66,204304,78,351304
41889,0.001743,74.125.130.0-255,5738,210042,78,351304
41890,0.001745,172.31.40.0-255,66,210108,78,351304
41891,0.001776,74.125.130.0-255,7156,217264,78,351304
41892,0.001779,172.31.40.0-255,66,217330,78,351304
41893,0.001792,74.125.130.0-255,3602,220932,78,351304
41894,0.001799,172.31.40.0-255,66,220998,78,351304
41895,0.001957,74.125.130.0-255,1484,222482,78,351304
41896,0.001974,74.125.130.0-255,2902,225384,78,351304
41897,0.001977,172.31.40.0-255,66,225450,78,351304
41898,0.002008,74.125.130.0-255,5738,231188,78,351304
41899,0.002011,172.31.40.0-255,66,231254,78,351304
41900,0.002018,74.125.130.0-255,7156,238410,78,351304
41901,0.00202,172.31.40.0-255,66,238476,78,351304
41902,0.00205,74.125.130.0-255,7156,245632,78,351304
41903,0.002052,172.31.40.0-255,66,245698,78,351304
41904,0.002076,74.125.130.0-255,2902,248600,78,351304
41905,0.002079,172.31.40.0-255,66,248666,78,351304
41906,0.0021,74.125.130.0-255,6438,255104,78,351304
41907,0.002103,172.31.40.0-255,66,255170,78,351304
41908,0.004368,74.125.130.0-255,5738,260908,78,351304
41909,0.004379,172.31.40.0-255,66,260974,78,351304
41910,0.006664,74.125.130.0-255,5738,266712,78,351304
41911,0.006677,172.31.40.0-255,66,266778,78,351304
41912,0.008931,74.125.130.0-255,5738,272516,78,351304
41913,0.008939,172.31.40.0-255,66,272582,78,351304
41914,0.011194,74.125.130.0-255,5738,278320,78,351304
41915,0.011199,172.31.40.0-255,66,278386,78,351304
41916,0.013469,74.125.130.0-255,5738,284124,78,351304
41917,0.013479,172.31.40.0-255,66,284190,78,351304
41918,0.015737,74.125.130.0-255,5738,289928,78,351304
41919,0.015744,172.31.40.0-255,66,289994,78,351304
41920,0.018015,74.125.130.0-255,5738,295732,78,351304
41921,0.01803,172.31.40.0-255,66,295798,78,351304
41922,0.0203,74.125.130.0-255,5738,301536,78,351304
41923,0.020307,172.31.40.0-255,66,301602,78,351304
41924,0.022565,74.125.130.0-255,5738,307340,78,351304
41925,0.022573,172.31.40.0-255,66,307406,78,351304
41926,0.024835,74.125.130.0-255,5738,313144,78,351304
41927,0.024844,172.31.40.0-255,66,313210,78,351304
41928,0.027107,74.125.130.0-255,5738,318948,78,351304
41929,0.027114,172.31.40.0-255,66,319014,78,351304
41930,0.029368,74.125.130.0-255,5738,324752,78,351304
41931,0.029375,172.31.40.0-255,66,324818,78,351304
41932,0.031656,74.125.130.0-255,5738,330556,78,351304
41933,0.031672,172.31.40.0-255,66,330622,78,351304
41934,0.033976,74.125.130.0-255,5738,336360,78,351304
41935,0.033984,172.31.40.0-255,66,336426,78,351304
41936,0.036243,74.125.130.0-255,5738,342164,78,351304
41937,0.036249,172.31.40.0-255,66,342230,78,351304
41938,0.038525,74.125.130.0-255,5738,347968,78,351304
41939,0.038532,172.31.40.0-255,66,348034,78,351304
41940,0.040809,74.125.130.0-255,3033,351067,78,351304
41941,0.040836,172.31.40.0-255,66,351133,78,351304
41942,0.041117,172.31.40.0-255,105,351238,78,351304
41943,0.04335,74.125.130.0-255,66,351304,78,351304
41944,0.0,172.217.194.0-255,297,297,78,233142
41945,1.5e-05,172.31.40.0-255,66,363,78,233142
41946,2.2e-05,172.217.194.0-255,1484,1847,78,233142
41947,2.6e-05,172.31.40.0-255,66,1913,78,233142
41948,4.5e-05,172.217.194.0-255,4320,6233,78,233142
41949,4.8e-05,172.31.40.0-255,66,6299,78,233142
41950,5.1e-05,172.217.194.0-255,1484,7783,78,233142
41951,5.4e-05,172.31.40.0-255,66,7849,78,233142
41952,9.8e-05,172.217.194.0-255,6120,13969,78,233142
41953,0.0001,172.31.40.0-255,66,14035,78,233142
41954,0.000122,172.217.194.0-255,7156,21191,78,233142
41955,0.000125,172.31.40.0-255,66,21257,78,233142
41956,0.000152,172.31.40.0-255,66,21323,78,233142
41957,0.000298,172.217.194.0-255,1484,22807,78,233142
41958,0.000303,172.31.40.0-255,66,22873,78,233142
41959,0.000326,172.217.194.0-255,2902,25775,78,233142
41960,0.000329,172.31.40.0-255,66,25841,78,233142
41961,0.000335,172.217.194.0-255,5738,31579,78,233142
41962,0.000337,172.31.40.0-255,66,31645,78,233142
41963,0.000342,172.217.194.0-255,2902,34547,78,233142
41964,0.000344,172.31.40.0-255,66,34613,78,233142
41965,0.000367,172.217.194.0-255,3961,38574,78,233142
41966,0.00037,172.31.40.0-255,66,38640,78,233142
41967,0.000377,172.217.194.0-255,7156,45796,78,233142
41968,0.00038,172.31.40.0-255,66,45862,78,233142
41969,0.000399,172.217.194.0-255,5738,51600,78,233142
41970,0.000402,172.31.40.0-255,66,51666,78,233142
41971,0.000418,172.217.194.0-255,3961,55627,78,233142
41972,0.00042,172.31.40.0-255,66,55693,78,233142
41973,0.000947,172.217.194.0-255,646,56339,78,233142
41974,0.000952,172.31.40.0-255,66,56405,78,233142
41975,0.001089,172.217.194.0-255,1484,57889,78,233142
41976,0.001096,172.217.194.0-255,2902,60791,78,233142
41977,0.001099,172.31.40.0-255,66,60857,78,233142
41978,0.001103,172.217.194.0-255,1484,62341,78,233142
41979,0.001123,172.217.194.0-255,4320,66661,78,233142
41980,0.001126,172.31.40.0-255,66,66727,78,233142
41981,0.001157,172.31.40.0-255,66,66793,78,233142
41982,0.001171,172.217.194.0-255,5738,72531,78,233142
41983,0.001174,172.31.40.0-255,66,72597,78,233142
41984,0.001193,172.217.194.0-255,5020,77617,78,233142
41985,0.001195,172.31.40.0-255,66,77683,78,233142
41986,0.001839,172.217.194.0-255,1484,79167,78,233142
41987,0.001846,172.217.194.0-255,2902,82069,78,233142
41988,0.001851,172.31.40.0-255,66,82135,78,233142
41989,0.001859,172.217.194.0-255,5738,87873,78,233142
41990,0.001861,172.31.40.0-255,66,87939,78,233142
41991,0.001915,172.31.40.0-255,66,88005,78,233142
41992,0.001918,172.217.194.0-255,1484,89489,78,233142
41993,0.001945,172.31.40.0-255,66,89555,78,233142
41994,0.003916,172.217.194.0-255,5738,95293,78,233142
41995,0.003924,172.31.40.0-255,66,95359,78,233142
41996,0.0059,172.217.194.0-255,5738,101097,78,233142
41997,0.005904,172.31.40.0-255,66,101163,78,233142
41998,0.007894,172.217.194.0-255,5738,106901,78,233142
41999,0.0079,172.31.40.0-255,66,106967,78,233142
42000,0.009866,172.217.194.0-255,5738,112705,78,233142
42001,0.009872,172.31.40.0-255,66,112771,78,233142
42002,0.011867,172.217.194.0-255,5738,118509,78,233142
42003,0.011874,172.31.40.0-255,66,118575,78,233142
42004,0.013833,172.217.194.0-255,5738,124313,78,233142
42005,0.01384,172.31.40.0-255,66,124379,78,233142
42006,0.015876,172.217.194.0-255,5738,130117,78,233142
42007,0.015885,172.31.40.0-255,66,130183,78,233142
42008,0.017858,172.217.194.0-255,5738,135921,78,233142
42009,0.017866,172.31.40.0-255,66,135987,78,233142
42010,0.01986,172.217.194.0-255,5738,141725,78,233142
42011,0.019869,172.31.40.0-255,66,141791,78,233142
42012,0.021843,172.217.194.0-255,5738,147529,78,233142
42013,0.021851,172.31.40.0-255,66,147595,78,233142
42014,0.023841,172.217.194.0-255,5738,153333,78,233142
42015,0.023848,172.31.40.0-255,66,153399,78,233142
42016,0.02584,172.217.194.0-255,5738,159137,78,233142
42017,0.025846,172.31.40.0-255,66,159203,78,233142
42018,0.026674,172.31.40.0-255,172,159375,78,233142
42019,0.026701,172.31.40.0-255,1108,160483,78,233142
42020,0.026751,172.31.40.0-255,1514,161997,78,233142
42021,0.026753,172.31.40.0-255,1299,163296,78,233142
42022,0.027835,172.217.194.0-255,5738,169034,78,233142
42023,0.027842,172.31.40.0-255,66,169100,78,233142
42024,0.028229,104.244.42.0-255,66,169166,78,233142
42025,0.028271,104.244.42.0-255,66,169232,78,233142
42026,0.028318,104.244.42.0-255,66,169298,78,233142
42027,0.029833,172.217.194.0-255,5738,175036,78,233142
42028,0.029839,172.31.40.0-255,66,175102,78,233142
42029,0.031828,172.217.194.0-255,5738,180840,78,233142
42030,0.031834,172.31.40.0-255,66,180906,78,233142
42031,0.033815,172.217.194.0-255,5738,186644,78,233142
42032,0.033821,172.31.40.0-255,66,186710,78,233142
42033,0.035808,172.217.194.0-255,5738,192448,78,233142
42034,0.035814,172.31.40.0-255,66,192514,78,233142
42035,0.037783,172.217.194.0-255,5738,198252,78,233142
42036,0.037788,172.31.40.0-255,66,198318,78,233142
42037,0.039777,172.217.194.0-255,5738,204056,78,233142
42038,0.039786,172.31.40.0-255,66,204122,78,233142
42039,0.041797,172.217.194.0-255,5738,209860,78,233142
42040,0.041803,172.31.40.0-255,66,209926,78,233142
42041,0.043801,172.217.194.0-255,5738,215664,78,233142
42042,0.04382,172.31.40.0-255,66,215730,78,233142
42043,0.045816,172.217.194.0-255,5738,221468,78,233142
42044,0.045831,172.31.40.0-255,66,221534,78,233142
42045,0.047838,172.217.194.0-255,5738,227272,78,233142
42046,0.047853,172.31.40.0-255,66,227338,78,233142
42047,0.049827,172.217.194.0-255,5738,233076,78,233142
42048,0.04984,172.31.40.0-255,66,233142,78,233142
42049,0.0,172.217.194.0-255,153,153,78,212180
42050,2.3e-05,172.31.40.0-255,66,219,78,212180
42051,3.1e-05,172.217.194.0-255,1484,1703,78,212180
42052,3.5e-05,172.31.40.0-255,66,1769,78,212180
42053,4.1e-05,172.217.194.0-255,2902,4671,78,212180
42054,4.3e-05,172.31.40.0-255,66,4737,78,212180
42055,0.000109,172.217.194.0-255,7156,11893,78,212180
42056,0.000113,172.31.40.0-255,66,11959,78,212180
42057,0.000123,172.31.40.0-255,66,12025,78,212180
42058,0.000175,172.31.40.0-255,66,12091,78,212180
42059,0.000187,172.31.40.0-255,66,12157,78,212180
42060,0.000201,172.217.194.0-255,2543,14700,78,212180
42061,0.000204,172.31.40.0-255,66,14766,78,212180
42062,0.000787,172.217.194.0-255,1484,16250,78,212180
42063,0.000794,172.31.40.0-255,66,16316,78,212180
42064,0.000827,172.217.194.0-255,2902,19218,78,212180
42065,0.000829,172.31.40.0-255,66,19284,78,212180
42066,0.000835,172.217.194.0-255,4320,23604,78,212180
42067,0.000837,172.31.40.0-255,66,23670,78,212180
42068,0.00084,172.217.194.0-255,1484,25154,78,212180
42069,0.000841,172.31.40.0-255,66,25220,78,212180
42070,0.000874,172.31.40.0-255,66,25286,78,212180
42071,0.000886,172.217.194.0-255,2902,28188,78,212180
42072,0.000888,172.31.40.0-255,66,28254,78,212180
42073,0.000918,172.217.194.0-255,7156,35410,78,212180
42074,0.00092,172.31.40.0-255,66,35476,78,212180
42075,0.000954,172.217.194.0-255,6248,41724,78,212180
42076,0.000957,172.31.40.0-255,66,41790,78,212180
42077,0.001425,172.217.194.0-255,1484,43274,78,212180
42078,0.001435,172.217.194.0-255,2902,46176,78,212180
42079,0.00144,172.31.40.0-255,66,46242,78,212180
42080,0.001449,172.217.194.0-255,5738,51980,78,212180
42081,0.001451,172.31.40.0-255,66,52046,78,212180
42082,0.001484,172.31.40.0-255,66,52112,78,212180
42083,0.001506,172.217.194.0-255,1484,53596,78,212180
42084,0.001518,172.31.40.0-255,66,53662,78,212180
42085,0.001521,172.217.194.0-255,766,54428,78,212180
42086,0.001657,172.217.194.0-255,1484,55912,78,212180
42087,0.001662,172.31.40.0-255,66,55978,78,212180
42088,0.001668,172.217.194.0-255,2902,58880,78,212180
42089,0.001671,172.31.40.0-255,66,58946,78,212180
42090,0.001677,172.217.194.0-255,5738,64684,78,212180
42091,0.001679,172.31.40.0-255,66,64750,78,212180
42092,0.001684,172.217.194.0-255,2902,67652,78,212180
42093,0.001686,172.31.40.0-255,66,67718,78,212180
42094,0.001709,172.217.194.0-255,4320,72038,78,212180
42095,0.001711,172.31.40.0-255,66,72104,78,212180
42096,0.001723,172.31.40.0-255,66,72170,78,212180
42097,0.001744,172.217.194.0-255,4320,76490,78,212180
42098,0.001746,172.31.40.0-255,66,76556,78,212180
42099,0.00175,172.217.194.0-255,2184,78740,78,212180
42100,0.001752,172.31.40.0-255,66,78806,78,212180
42101,0.001855,172.217.194.0-255,1484,80290,78,212180
42102,0.001861,172.217.194.0-255,2902,83192,78,212180
42103,0.001865,172.31.40.0-255,66,83258,78,212180
42104,0.00187,172.217.194.0-255,2902,86160,78,212180
42105,0.001872,172.31.40.0-255,66,86226,78,212180
42106,0.001885,172.217.194.0-255,2902,89128,78,212180
42107,0.001887,172.31.40.0-255,66,89194,78,212180
42108,0.00189,172.217.194.0-255,1484,90678,78,212180
42109,0.001926,172.31.40.0-255,66,90744,78,212180
42110,0.001947,172.217.194.0-255,5738,96482,78,212180
42111,0.00195,172.31.40.0-255,66,96548,78,212180
42112,0.001969,172.217.194.0-255,5020,101568,78,212180
42113,0.001973,172.31.40.0-255,66,101634,78,212180
42114,0.002056,172.217.194.0-255,1484,103118,78,212180
42115,0.002062,172.217.194.0-255,2902,106020,78,212180
42116,0.002064,172.31.40.0-255,66,106086,78,212180
42117,0.002071,172.217.194.0-255,5738,111824,78,212180
42118,0.002074,172.31.40.0-255,66,111890,78,212180
42119,0.002099,172.217.194.0-255,5738,117628,78,212180
42120,0.002102,172.31.40.0-255,66,117694,78,212180
42121,0.002125,172.217.194.0-255,7156,124850,78,212180
42122,0.002128,172.31.40.0-255,66,124916,78,212180
42123,0.002185,172.31.40.0-255,66,124982,78,212180
42124,0.002319,172.217.194.0-255,1484,126466,78,212180
42125,0.002338,172.217.194.0-255,2902,129368,78,212180
42126,0.002341,172.31.40.0-255,66,129434,78,212180
42127,0.002348,172.217.194.0-255,4320,133754,78,212180
42128,0.00235,172.31.40.0-255,66,133820,78,212180
42129,0.002367,172.217.194.0-255,1484,135304,78,212180
42130,0.002387,172.217.194.0-255,2902,138206,78,212180
42131,0.002389,172.31.40.0-255,66,138272,78,212180
42132,0.002415,172.217.194.0-255,7156,145428,78,212180
42133,0.002417,172.31.40.0-255,66,145494,78,212180
42134,0.002429,172.31.40.0-255,66,145560,78,212180
42135,0.002434,172.217.194.0-255,3602,149162,78,212180
42136,0.002436,172.31.40.0-255,66,149228,78,212180
42137,0.003126,172.217.194.0-255,1484,150712,78,212180
42138,0.003131,172.217.194.0-255,2902,153614,78,212180
42139,0.003133,172.31.40.0-255,66,153680,78,212180
42140,0.003157,172.217.194.0-255,5738,159418,78,212180
42141,0.00316,172.31.40.0-255,66,159484,78,212180
42142,0.003163,172.217.194.0-255,1484,160968,78,212180
42143,0.003164,172.217.194.0-255,1484,162452,78,212180
42144,0.003167,172.31.40.0-255,78,162530,78,212180
42145,0.003172,172.217.194.0-255,4320,166850,78,212180
42146,0.003174,172.31.40.0-255,78,166928,78,212180
42147,0.003197,172.217.194.0-255,4320,171248,78,212180
42148,0.0032,172.31.40.0-255,66,171314,78,212180
42149,0.003203,172.217.194.0-255,1484,172798,78,212180
42150,0.003226,172.31.40.0-255,66,172864,78,212180
42151,0.003258,172.217.194.0-255,1484,174348,78,212180
42152,0.003272,172.217.194.0-255,2902,177250,78,212180
42153,0.003273,172.31.40.0-255,66,177316,78,212180
42154,0.003278,172.217.194.0-255,2902,180218,78,212180
42155,0.00328,172.31.40.0-255,66,180284,78,212180
42156,0.003299,172.217.194.0-255,2902,183186,78,212180
42157,0.003302,172.31.40.0-255,66,183252,78,212180
42158,0.003316,172.217.194.0-255,5738,188990,78,212180
42159,0.003318,172.31.40.0-255,66,189056,78,212180
42160,0.003345,172.217.194.0-255,7156,196212,78,212180
42161,0.003347,172.31.40.0-255,66,196278,78,212180
42162,0.003357,172.31.40.0-255,66,196344,78,212180
42163,0.003366,172.217.194.0-255,766,197110,78,212180
42164,0.00337,172.217.194.0-255,2902,200012,78,212180
42165,0.003372,172.31.40.0-255,66,200078,78,212180
42166,0.003414,172.31.40.0-255,66,200144,78,212180
42167,0.003453,172.217.194.0-255,2902,203046,78,212180
42168,0.003577,172.217.194.0-255,7156,210202,78,212180
42169,0.003604,172.217.194.0-255,1636,211838,78,212180
42170,0.003607,172.217.194.0-255,105,211943,78,212180
42171,0.009558,172.31.40.0-255,66,212009,78,212180
42172,0.012094,172.31.40.0-255,105,212114,78,212180
42173,0.014365,172.217.194.0-255,66,212180,78,212180
42174,0.0,172.217.194.0-255,167,167,78,189685
42175,2.2e-05,172.31.40.0-255,66,233,78,189685
42176,2.8e-05,172.217.194.0-255,1484,1717,78,189685
42177,3.3e-05,172.31.40.0-255,66,1783,78,189685
42178,4.6e-05,172.217.194.0-255,2902,4685,78,189685
42179,4.9e-05,172.31.40.0-255,66,4751,78,189685
42180,5.7e-05,172.217.194.0-255,7156,11907,78,189685
42181,6e-05,172.31.40.0-255,66,11973,78,189685
42182,6.8e-05,172.217.194.0-255,7156,19129,78,189685
42183,7.1e-05,172.31.40.0-255,66,19195,78,189685
42184,0.000108,172.217.194.0-255,4837,24032,78,189685
42185,0.000111,172.31.40.0-255,66,24098,78,189685
42186,0.00013,172.31.40.0-255,66,24164,78,189685
42187,0.000135,172.217.194.0-255,2902,27066,78,189685
42188,0.000138,172.31.40.0-255,66,27132,78,189685
42189,0.000231,172.31.40.0-255,66,27198,78,189685
42190,0.00024,172.217.194.0-255,7118,34316,78,189685
42191,0.000243,172.31.40.0-255,66,34382,78,189685
42192,0.000297,172.217.194.0-255,1484,35866,78,189685
42193,0.000301,172.217.194.0-255,2902,38768,78,189685
42194,0.000303,172.217.194.0-255,1484,40252,78,189685
42195,0.000307,172.31.40.0-255,66,40318,78,189685
42196,0.000315,172.31.40.0-255,66,40384,78,189685
42197,0.000318,172.31.40.0-255,66,40450,78,189685
42198,0.000324,172.217.194.0-255,4320,44770,78,189685
42199,0.000331,172.31.40.0-255,66,44836,78,189685
42200,0.000346,172.31.40.0-255,66,44902,78,189685
42201,0.00036,172.31.40.0-255,66,44968,78,189685
42202,0.000404,172.217.194.0-255,1484,46452,78,189685
42203,0.000408,172.217.194.0-255,1484,47936,78,189685
42204,0.000411,172.31.40.0-255,66,48002,78,189685
42205,0.000438,172.217.194.0-255,1484,49486,78,189685
42206,0.000444,172.217.194.0-255,5738,55224,78,189685
42207,0.000447,172.31.40.0-255,66,55290,78,189685
42208,0.00045,172.217.194.0-255,1484,56774,78,189685
42209,0.000476,172.31.40.0-255,66,56840,78,189685
42210,0.000479,172.217.194.0-255,1484,58324,78,189685
42211,0.000513,172.31.40.0-255,66,58390,78,189685
42212,0.000568,172.217.194.0-255,4320,62710,78,189685
42213,0.000571,172.31.40.0-255,66,62776,78,189685
42214,0.000578,172.217.194.0-255,5738,68514,78,189685
42215,0.00058,172.31.40.0-255,66,68580,78,189685
42216,0.000597,172.31.40.0-255,66,68646,78,189685
42217,0.000603,172.217.194.0-255,5738,74384,78,189685
42218,0.000605,172.31.40.0-255,66,74450,78,189685
42219,0.000638,172.217.194.0-255,6438,80888,78,189685
42220,0.000641,172.31.40.0-255,66,80954,78,189685
42221,0.000679,172.217.194.0-255,1484,82438,78,189685
42222,0.000691,172.217.194.0-255,2902,85340,78,189685
42223,0.000694,172.31.40.0-255,66,85406,78,189685
42224,0.000725,172.217.194.0-255,5738,91144,78,189685
42225,0.000727,172.31.40.0-255,66,91210,78,189685
42226,0.000732,172.217.194.0-255,2902,94112,78,189685
42227,0.000734,172.31.40.0-255,66,94178,78,189685
42228,0.000767,172.31.40.0-255,66,94244,78,189685
42229,0.00077,172.217.194.0-255,1484,95728,78,189685
42230,0.000818,172.31.40.0-255,66,95794,78,189685
42231,0.000825,172.217.194.0-255,7156,102950,78,189685
42232,0.000828,172.31.40.0-255,66,103016,78,189685
42233,0.000853,172.217.194.0-255,2902,105918,78,189685
42234,0.000855,172.31.40.0-255,66,105984,78,189685
42235,0.000899,172.31.40.0-255,66,106050,78,189685
42236,0.000926,172.217.194.0-255,2184,108234,78,189685
42237,0.000929,172.31.40.0-255,66,108300,78,189685
42238,0.000935,172.217.194.0-255,4618,112918,78,189685
42239,0.000938,172.31.40.0-255,66,112984,78,189685
42240,0.000949,172.217.194.0-255,5738,118722,78,189685
42241,0.000952,172.31.40.0-255,66,118788,78,189685
42242,0.000979,172.217.194.0-255,5738,124526,78,189685
42243,0.000982,172.31.40.0-255,66,124592,78,189685
42244,0.001017,172.217.194.0-255,7156,131748,78,189685
42245,0.00102,172.31.40.0-255,66,131814,78,189685
42246,0.001031,172.31.40.0-255,66,131880,78,189685
42247,0.001034,172.217.194.0-255,766,132646,78,189685
42248,0.001037,172.217.194.0-255,1484,134130,78,189685
42249,0.001039,172.31.40.0-255,66,134196,78,189685
42250,0.001042,172.217.194.0-255,1484,135680,78,189685
42251,0.001078,172.217.194.0-255,2902,138582,78,189685
42252,0.00108,172.31.40.0-255,66,138648,78,189685
42253,0.001097,172.31.40.0-255,66,138714,78,189685
42254,0.001109,172.31.40.0-255,66,138780,78,189685
42255,0.001115,172.217.194.0-255,4320,143100,78,189685
42256,0.001117,172.31.40.0-255,66,143166,78,189685
42257,0.001152,172.217.194.0-255,3602,146768,78,189685
42258,0.001155,172.31.40.0-255,66,146834,78,189685
42259,0.001165,172.31.40.0-255,66,146900,78,189685
42260,0.001193,172.217.194.0-255,6438,153338,78,189685
42261,0.00129,172.31.40.0-255,66,153404,78,189685
42262,0.001447,172.217.194.0-255,1484,154888,78,189685
42263,0.00146,172.217.194.0-255,2902,157790,78,189685
42264,0.001466,172.31.40.0-255,66,157856,78,189685
42265,0.001498,172.217.194.0-255,5738,163594,78,189685
42266,0.001501,172.217.194.0-255,1484,165078,78,189685
42267,0.001516,172.31.40.0-255,66,165144,78,189685
42268,0.001523,172.217.194.0-255,4320,169464,78,189685
42269,0.001562,172.31.40.0-255,66,169530,78,189685
42270,0.001569,172.217.194.0-255,7156,176686,78,189685
42271,0.001574,172.31.40.0-255,66,176752,78,189685
42272,0.001595,172.217.194.0-255,7156,183908,78,189685
42273,0.001608,172.217.194.0-255,97,184005,78,189685
42274,0.00163,172.31.40.0-255,66,184071,78,189685
42275,0.001679,172.217.194.0-255,105,184176,78,189685
42276,0.003902,172.31.40.0-255,66,184242,78,189685
42277,0.003934,172.31.40.0-255,105,184347,78,189685
42278,0.00621,172.217.194.0-255,66,184413,78,189685
42279,0.035724,172.31.40.0-255,172,184585,78,189685
42280,0.035759,172.31.40.0-255,1107,185692,78,189685
42281,0.035825,172.31.40.0-255,1514,187206,78,189685
42282,0.035827,172.31.40.0-255,1514,188720,78,189685
42283,0.035852,172.31.40.0-255,701,189421,78,189685
42284,0.037325,104.244.42.0-255,66,189487,78,189685
42285,0.037343,104.244.42.0-255,66,189553,78,189685
42286,0.037346,104.244.42.0-255,66,189619,78,189685
42287,0.037447,104.244.42.0-255,66,189685,78,189685
42288,0.0,74.125.200.0-255,153,153,78,287683
42289,2.3e-05,172.31.40.0-255,66,219,78,287683
42290,3e-05,74.125.200.0-255,1484,1703,78,287683
42291,3.5e-05,172.31.40.0-255,66,1769,78,287683
42292,6.5e-05,74.125.200.0-255,2902,4671,78,287683
42293,7.3e-05,172.31.40.0-255,66,4737,78,287683
42294,8.1e-05,74.125.200.0-255,5738,10475,78,287683
42295,8.3e-05,172.31.40.0-255,66,10541,78,287683
42296,8.6e-05,74.125.200.0-255,1484,12025,78,287683
42297,8.9e-05,172.31.40.0-255,66,12091,78,287683
42298,9.4e-05,74.125.200.0-255,2100,14191,78,287683
42299,9.8e-05,172.31.40.0-255,66,14257,78,287683
42300,0.000133,74.125.200.0-255,2902,17159,78,287683
42301,0.000136,172.31.40.0-255,66,17225,78,287683
42302,0.000157,74.125.200.0-255,4320,21545,78,287683
42303,0.00016,172.31.40.0-255,66,21611,78,287683
42304,0.000185,74.125.200.0-255,2902,24513,78,287683
42305,0.000188,172.31.40.0-255,66,24579,78,287683
42306,0.000215,74.125.200.0-255,4320,28899,78,287683
42307,0.000218,172.31.40.0-255,66,28965,78,287683
42308,0.000222,74.125.200.0-255,1484,30449,78,287683
42309,0.000224,172.31.40.0-255,66,30515,78,287683
42310,0.000252,74.125.200.0-255,7156,37671,78,287683
42311,0.000255,172.31.40.0-255,66,37737,78,287683
42312,0.000259,74.125.200.0-255,2902,40639,78,287683
42313,0.000262,172.31.40.0-255,66,40705,78,287683
42314,0.000266,74.125.200.0-255,4320,45025,78,287683
42315,0.000269,172.31.40.0-255,66,45091,78,287683
42316,0.000294,74.125.200.0-255,3602,48693,78,287683
42317,0.000296,172.31.40.0-255,66,48759,78,287683
42318,0.000371,74.125.200.0-255,1484,50243,78,287683
42319,0.000374,172.31.40.0-255,66,50309,78,287683
42320,0.000392,74.125.200.0-255,2902,53211,78,287683
42321,0.000395,172.31.40.0-255,66,53277,78,287683
42322,0.0004,74.125.200.0-255,4320,57597,78,287683
42323,0.000403,172.31.40.0-255,66,57663,78,287683
42324,0.00044,172.31.40.0-255,66,57729,78,287683
42325,0.000443,74.125.200.0-255,112,57841,78,287683
42326,0.000518,74.125.200.0-255,1484,59325,78,287683
42327,0.000521,172.31.40.0-255,66,59391,78,287683
42328,0.000525,74.125.200.0-255,1484,60875,78,287683
42329,0.000553,74.125.200.0-255,1484,62359,78,287683
42330,0.000555,172.31.40.0-255,66,62425,78,287683
42331,0.000559,74.125.200.0-255,2902,65327,78,287683
42332,0.000563,172.31.40.0-255,66,65393,78,287683
42333,0.000571,74.125.200.0-255,4320,69713,78,287683
42334,0.000574,172.31.40.0-255,66,69779,78,287683
42335,0.000606,172.31.40.0-255,66,69845,78,287683
42336,0.000611,74.125.200.0-255,2902,72747,78,287683
42337,0.000613,172.31.40.0-255,66,72813,78,287683
42338,0.000665,172.31.40.0-255,66,72879,78,287683
42339,0.001048,74.125.200.0-255,1484,74363,78,287683
42340,0.001068,74.125.200.0-255,2902,77265,78,287683
42341,0.001072,172.31.40.0-255,66,77331,78,287683
42342,0.001079,74.125.200.0-255,5738,83069,78,287683
42343,0.001081,172.31.40.0-255,66,83135,78,287683
42344,0.001123,172.31.40.0-255,66,83201,78,287683
42345,0.001199,172.31.40.0-255,66,83267,78,287683
42346,0.001476,74.125.200.0-255,1484,84751,78,287683
42347,0.001493,74.125.200.0-255,2902,87653,78,287683
42348,0.001497,172.31.40.0-255,66,87719,78,287683
42349,0.00153,74.125.200.0-255,5738,93457,78,287683
42350,0.001533,172.31.40.0-255,66,93523,78,287683
42351,0.001541,74.125.200.0-255,7156,100679,78,287683
42352,0.001543,172.31.40.0-255,66,100745,78,287683
42353,0.001572,74.125.200.0-255,7156,107901,78,287683
42354,0.001574,172.31.40.0-255,66,107967,78,287683
42355,0.001608,74.125.200.0-255,7156,115123,78,287683
42356,0.001611,172.31.40.0-255,66,115189,78,287683
42357,0.001615,74.125.200.0-255,2184,117373,78,287683
42358,0.001617,172.31.40.0-255,66,117439,78,287683
42359,0.001689,74.125.200.0-255,1484,118923,78,287683
42360,0.001702,74.125.200.0-255,2902,121825,78,287683
42361,0.001705,172.31.40.0-255,66,121891,78,287683
42362,0.001709,74.125.200.0-255,1484,123375,78,287683
42363,0.00173,74.125.200.0-255,2902,126277,78,287683
42364,0.001732,172.31.40.0-255,66,126343,78,287683
42365,0.001756,74.125.200.0-255,5738,132081,78,287683
42366,0.001758,172.31.40.0-255,66,132147,78,287683
42367,0.001786,74.125.200.0-255,5738,137885,78,287683
42368,0.001789,172.31.40.0-255,66,137951,78,287683
42369,0.001813,74.125.200.0-255,4320,142271,78,287683
42370,0.001817,172.31.40.0-255,66,142337,78,287683
42371,0.001838,74.125.200.0-255,7156,149493,78,287683
42372,0.001841,172.31.40.0-255,66,149559,78,287683
42373,0.001883,74.125.200.0-255,2184,151743,78,287683
42374,0.001887,172.31.40.0-255,66,151809,78,287683
42375,0.001899,172.31.40.0-255,66,151875,78,287683
42376,0.001905,74.125.200.0-255,4320,156195,78,287683
42377,0.001907,172.31.40.0-255,66,156261,78,287683
42378,0.001915,74.125.200.0-255,5738,161999,78,287683
42379,0.001918,172.31.40.0-255,66,162065,78,287683
42380,0.001963,172.31.40.0-255,66,162131,78,287683
42381,0.00197,74.125.200.0-255,3602,165733,78,287683
42382,0.001973,172.31.40.0-255,66,165799,78,287683
42383,0.004224,74.125.200.0-255,5738,171537,78,287683
42384,0.004251,172.31.40.0-255,66,171603,78,287683
42385,0.006514,74.125.200.0-255,5738,177341,78,287683
42386,0.006529,172.31.40.0-255,66,177407,78,287683
42387,0.008805,74.125.200.0-255,5738,183145,78,287683
42388,0.008817,172.31.40.0-255,66,183211,78,287683
42389,0.011078,74.125.200.0-255,5738,188949,78,287683
42390,0.011094,172.31.40.0-255,66,189015,78,287683
42391,0.01335,74.125.200.0-255,5738,194753,78,287683
42392,0.013365,172.31.40.0-255,66,194819,78,287683
42393,0.01564,74.125.200.0-255,5738,200557,78,287683
42394,0.015652,172.31.40.0-255,66,200623,78,287683
42395,0.017927,74.125.200.0-255,5738,206361,78,287683
42396,0.01794,172.31.40.0-255,66,206427,78,287683
42397,0.020193,74.125.200.0-255,5738,212165,78,287683
42398,0.020206,172.31.40.0-255,66,212231,78,287683
42399,0.022469,74.125.200.0-255,5738,217969,78,287683
42400,0.022485,172.31.40.0-255,66,218035,78,287683
42401,0.024734,74.125.200.0-255,5738,223773,78,287683
42402,0.024742,172.31.40.0-255,66,223839,78,287683
42403,0.026985,74.125.200.0-255,5738,229577,78,287683
42404,0.026994,172.31.40.0-255,66,229643,78,287683
42405,0.029259,74.125.200.0-255,5738,235381,78,287683
42406,0.029266,172.31.40.0-255,66,235447,78,287683
42407,0.031555,74.125.200.0-255,5738,241185,78,287683
42408,0.031564,172.31.40.0-255,66,241251,78,287683
42409,0.033828,74.125.200.0-255,5738,246989,78,287683
42410,0.033844,172.31.40.0-255,66,247055,78,287683
42411,0.036094,74.125.200.0-255,5738,252793,78,287683
42412,0.036103,172.31.40.0-255,66,252859,78,287683
42413,0.038357,74.125.200.0-255,5738,258597,78,287683
42414,0.03837,172.31.40.0-255,66,258663,78,287683
42415,0.040614,74.125.200.0-255,5738,264401,78,287683
42416,0.040623,172.31.40.0-255,66,264467,78,287683
42417,0.04289,74.125.200.0-255,5738,270205,78,287683
42418,0.042908,172.31.40.0-255,66,270271,78,287683
42419,0.045164,74.125.200.0-255,5738,276009,78,287683
42420,0.045175,172.31.40.0-255,66,276075,78,287683
42421,0.047428,74.125.200.0-255,5738,281813,78,287683
42422,0.047437,172.31.40.0-255,66,281879,78,287683
42423,0.049709,74.125.200.0-255,5738,287617,78,287683
42424,0.049728,172.31.40.0-255,66,287683,78,287683
42425,0.0,172.217.194.0-255,147,147,78,208368
42426,2.5e-05,172.31.40.0-255,66,213,78,208368
42427,3.2e-05,172.217.194.0-255,1484,1697,78,208368
42428,3.7e-05,172.31.40.0-255,66,1763,78,208368
42429,5.1e-05,172.217.194.0-255,2902,4665,78,208368
42430,5.4e-05,172.31.40.0-255,66,4731,78,208368
42431,6.2e-05,172.217.194.0-255,7156,11887,78,208368
42432,6.5e-05,172.31.40.0-255,66,11953,78,208368
42433,7e-05,172.217.194.0-255,1982,13935,78,208368
42434,7.2e-05,172.31.40.0-255,66,14001,78,208368
42435,0.000284,172.217.194.0-255,1484,15485,78,208368
42436,0.00029,172.31.40.0-255,66,15551,78,208368
42437,0.000295,172.217.194.0-255,2902,18453,78,208368
42438,0.000298,172.31.40.0-255,66,18519,78,208368
42439,0.000308,172.217.194.0-255,2902,21421,78,208368
42440,0.000311,172.31.40.0-255,66,21487,78,208368
42441,0.000339,172.217.194.0-255,2902,24389,78,208368
42442,0.000341,172.31.40.0-255,66,24455,78,208368
42443,0.000353,172.31.40.0-255,66,24521,78,208368
42444,0.000373,172.217.194.0-255,5379,29900,78,208368
42445,0.000376,172.31.40.0-255,66,29966,78,208368
42446,0.000422,172.31.40.0-255,66,30032,78,208368
42447,0.001092,172.217.194.0-255,1484,31516,78,208368
42448,0.001099,172.31.40.0-255,66,31582,78,208368
42449,0.001107,172.217.194.0-255,2902,34484,78,208368
42450,0.00111,172.31.40.0-255,66,34550,78,208368
42451,0.00112,172.217.194.0-255,4320,38870,78,208368
42452,0.001122,172.31.40.0-255,66,38936,78,208368
42453,0.001155,172.217.194.0-255,1484,40420,78,208368
42454,0.001157,172.31.40.0-255,66,40486,78,208368
42455,0.001172,172.31.40.0-255,66,40552,78,208368
42456,0.001208,172.217.194.0-255,5738,46290,78,208368
42457,0.00121,172.31.40.0-255,66,46356,78,208368
42458,0.001238,172.217.194.0-255,2902,49258,78,208368
42459,0.001255,172.31.40.0-255,66,49324,78,208368
42460,0.001268,172.31.40.0-255,66,49390,78,208368
42461,0.001282,172.31.40.0-255,66,49456,78,208368
42462,0.00182,172.217.194.0-255,1484,50940,78,208368
42463,0.00183,172.217.194.0-255,2902,53842,78,208368
42464,0.001835,172.31.40.0-255,66,53908,78,208368
42465,0.001843,172.217.194.0-255,5738,59646,78,208368
42466,0.001846,172.31.40.0-255,66,59712,78,208368
42467,0.001865,172.31.40.0-255,66,59778,78,208368
42468,0.001913,172.31.40.0-255,66,59844,78,208368
42469,0.001942,172.31.40.0-255,66,59910,78,208368
42470,0.001954,172.31.40.0-255,66,59976,78,208368
42471,0.001997,172.217.194.0-255,4320,64296,78,208368
42472,0.002,172.31.40.0-255,66,64362,78,208368
42473,0.002029,172.31.40.0-255,66,64428,78,208368
42474,0.002271,172.217.194.0-255,1484,65912,78,208368
42475,0.002286,172.217.194.0-255,2902,68814,78,208368
42476,0.002289,172.31.40.0-255,66,68880,78,208368
42477,0.002292,172.217.194.0-255,1484,70364,78,208368
42478,0.002322,172.217.194.0-255,4320,74684,78,208368
42479,0.002325,172.31.40.0-255,66,74750,78,208368
42480,0.002333,172.217.194.0-255,7156,81906,78,208368
42481,0.002335,172.31.40.0-255,66,81972,78,208368
42482,0.002353,172.31.40.0-255,66,82038,78,208368
42483,0.002386,172.217.194.0-255,4320,86358,78,208368
42484,0.002388,172.31.40.0-255,66,86424,78,208368
42485,0.002393,172.217.194.0-255,2184,88608,78,208368
42486,0.002395,172.31.40.0-255,66,88674,78,208368
42487,0.004719,172.217.194.0-255,2902,91576,78,208368
42488,0.004722,172.31.40.0-255,66,91642,78,208368
42489,0.004748,172.217.194.0-255,2902,94544,78,208368
42490,0.00475,172.31.40.0-255,66,94610,78,208368
42491,0.007058,172.217.194.0-255,2902,97512,78,208368
42492,0.007064,172.31.40.0-255,66,97578,78,208368
42493,0.007094,172.217.194.0-255,2902,100480,78,208368
42494,0.007097,172.31.40.0-255,66,100546,78,208368
42495,0.009408,172.217.194.0-255,2902,103448,78,208368
42496,0.009417,172.31.40.0-255,66,103514,78,208368
42497,0.009446,172.217.194.0-255,2902,106416,78,208368
42498,0.009449,172.31.40.0-255,66,106482,78,208368
42499,0.011748,172.217.194.0-255,2902,109384,78,208368
42500,0.011756,172.31.40.0-255,66,109450,78,208368
42501,0.011787,172.217.194.0-255,2902,112352,78,208368
42502,0.01179,172.31.40.0-255,66,112418,78,208368
42503,0.014098,172.217.194.0-255,2902,115320,78,208368
42504,0.014107,172.31.40.0-255,66,115386,78,208368
42505,0.014142,172.217.194.0-255,2902,118288,78,208368
42506,0.014144,172.31.40.0-255,66,118354,78,208368
42507,0.01645,172.217.194.0-255,2902,121256,78,208368
42508,0.016457,172.31.40.0-255,66,121322,78,208368
42509,0.016488,172.217.194.0-255,2902,124224,78,208368
42510,0.01649,172.31.40.0-255,66,124290,78,208368
42511,0.018838,172.217.194.0-255,5738,130028,78,208368
42512,0.018847,172.31.40.0-255,66,130094,78,208368
42513,0.021187,172.217.194.0-255,4320,134414,78,208368
42514,0.021194,172.31.40.0-255,66,134480,78,208368
42515,0.021225,172.217.194.0-255,1484,135964,78,208368
42516,0.023545,172.217.194.0-255,4320,140284,78,208368
42517,0.023552,172.31.40.0-255,66,140350,78,208368
42518,0.025938,172.217.194.0-255,5738,146088,78,208368
42519,0.025955,172.31.40.0-255,66,146154,78,208368
42520,0.02835,172.217.194.0-255,5738,151892,78,208368
42521,0.028367,172.31.40.0-255,66,151958,78,208368
42522,0.030736,172.217.194.0-255,5738,157696,78,208368
42523,0.030753,172.31.40.0-255,66,157762,78,208368
42524,0.033112,172.217.194.0-255,5738,163500,78,208368
42525,0.033121,172.31.40.0-255,66,163566,78,208368
42526,0.035497,172.217.194.0-255,5738,169304,78,208368
42527,0.035515,172.31.40.0-255,66,169370,78,208368
42528,0.037879,172.217.194.0-255,5738,175108,78,208368
42529,0.037887,172.31.40.0-255,66,175174,78,208368
42530,0.040243,172.217.194.0-255,5738,180912,78,208368
42531,0.04025,172.31.40.0-255,66,180978,78,208368
42532,0.04259,172.217.194.0-255,5738,186716,78,208368
42533,0.042602,172.31.40.0-255,66,186782,78,208368
42534,0.044971,172.217.194.0-255,5738,192520,78,208368
42535,0.04498,172.31.40.0-255,66,192586,78,208368
42536,0.047316,172.217.194.0-255,5738,198324,78,208368
42537,0.047324,172.31.40.0-255,66,198390,78,208368
42538,0.048328,172.31.40.0-255,172,198562,78,208368
42539,0.048359,172.31.40.0-255,1104,199666,78,208368
42540,0.048414,172.31.40.0-255,1514,201180,78,208368
42541,0.048415,172.31.40.0-255,1186,202366,78,208368
42542,0.049667,172.217.194.0-255,5738,208104,78,208368
42543,0.049679,172.31.40.0-255,66,208170,78,208368
42544,0.049875,104.244.42.0-255,66,208236,78,208368
42545,0.049919,104.244.42.0-255,66,208302,78,208368
42546,0.049972,104.244.42.0-255,66,208368,78,208368
42547,0.0,172.217.194.0-255,150,150,78,212420
42548,2.3e-05,172.31.40.0-255,66,216,78,212420
42549,3e-05,172.217.194.0-255,1484,1700,78,212420
42550,3.4e-05,172.31.40.0-255,66,1766,78,212420
42551,4e-05,172.217.194.0-255,2902,4668,78,212420
42552,5.2e-05,172.31.40.0-255,66,4734,78,212420
42553,6e-05,172.217.194.0-255,7156,11890,78,212420
42554,6.3e-05,172.31.40.0-255,66,11956,78,212420
42555,7.9e-05,172.31.40.0-255,66,12022,78,212420
42556,0.000109,172.217.194.0-255,3447,15469,78,212420
42557,0.000111,172.31.40.0-255,66,15535,78,212420
42558,0.000116,172.217.194.0-255,2543,18078,78,212420
42559,0.000119,172.31.40.0-255,66,18144,78,212420
42560,0.000152,172.217.194.0-255,1484,19628,78,212420
42561,0.000154,172.31.40.0-255,66,19694,78,212420
42562,0.00016,172.217.194.0-255,2902,22596,78,212420
42563,0.000162,172.31.40.0-255,66,22662,78,212420
42564,0.000167,172.217.194.0-255,2902,25564,78,212420
42565,0.000169,172.31.40.0-255,66,25630,78,212420
42566,0.000202,172.217.194.0-255,2902,28532,78,212420
42567,0.000205,172.31.40.0-255,66,28598,78,212420
42568,0.000211,172.217.194.0-255,4320,32918,78,212420
42569,0.000213,172.31.40.0-255,66,32984,78,212420
42570,0.000227,172.31.40.0-255,66,33050,78,212420
42571,0.000231,172.217.194.0-255,2902,35952,78,212420
42572,0.000234,172.31.40.0-255,66,36018,78,212420
42573,0.000268,172.217.194.0-255,4252,40270,78,212420
42574,0.000271,172.31.40.0-255,66,40336,78,212420
42575,0.000294,172.217.194.0-255,98,40434,78,212420
42576,0.000297,172.31.40.0-255,66,40500,78,212420
42577,0.000367,172.217.194.0-255,1484,41984,78,212420
42578,0.000373,172.217.194.0-255,1484,43468,78,212420
42579,0.000376,172.31.40.0-255,66,43534,78,212420
42580,0.0004,172.217.194.0-255,1484,45018,78,212420
42581,0.000407,172.217.194.0-255,5738,50756,78,212420
42582,0.00041,172.31.40.0-255,66,50822,78,212420
42583,0.000441,172.217.194.0-255,6797,57619,78,212420
42584,0.000444,172.31.40.0-255,66,57685,78,212420
42585,0.000467,172.217.194.0-255,1484,59169,78,212420
42586,0.000483,172.217.194.0-255,5738,64907,78,212420
42587,0.000486,172.31.40.0-255,66,64973,78,212420
42588,0.000492,172.217.194.0-255,5738,70711,78,212420
42589,0.000494,172.31.40.0-255,66,70777,78,212420
42590,0.000554,172.217.194.0-255,3961,74738,78,212420
42591,0.000556,172.31.40.0-255,66,74804,78,212420
42592,0.000591,172.217.194.0-255,4320,79124,78,212420
42593,0.000594,172.31.40.0-255,66,79190,78,212420
42594,0.000599,172.217.194.0-255,4320,83510,78,212420
42595,0.000601,172.31.40.0-255,66,83576,78,212420
42596,0.000624,172.217.194.0-255,1484,85060,78,212420
42597,0.000643,172.31.40.0-255,66,85126,78,212420
42598,0.000654,172.31.40.0-255,66,85192,78,212420
42599,0.000717,172.31.40.0-255,66,85258,78,212420
42600,0.000744,172.217.194.0-255,5020,90278,78,212420
42601,0.000747,172.31.40.0-255,66,90344,78,212420
42602,0.000758,172.31.40.0-255,66,90410,78,212420
42603,0.000792,172.31.40.0-255,66,90476,78,212420
42604,0.000984,172.217.194.0-255,1484,91960,78,212420
42605,0.00099,172.217.194.0-255,2902,94862,78,212420
42606,0.000994,172.31.40.0-255,66,94928,78,212420
42607,0.001022,172.217.194.0-255,4320,99248,78,212420
42608,0.001025,172.31.40.0-255,66,99314,78,212420
42609,0.001031,172.217.194.0-255,5738,105052,78,212420
42610,0.001034,172.31.40.0-255,66,105118,78,212420
42611,0.001083,172.31.40.0-255,66,105184,78,212420
42612,0.001089,172.217.194.0-255,5738,110922,78,212420
42613,0.001091,172.31.40.0-255,66,110988,78,212420
42614,0.001111,172.217.194.0-255,2184,113172,78,212420
42615,0.001114,172.31.40.0-255,66,113238,78,212420
42616,0.001263,172.217.194.0-255,1484,114722,78,212420
42617,0.00128,172.217.194.0-255,2902,117624,78,212420
42618,0.001283,172.31.40.0-255,66,117690,78,212420
42619,0.001291,172.217.194.0-255,5738,123428,78,212420
42620,0.001293,172.31.40.0-255,66,123494,78,212420
42621,0.001296,172.217.194.0-255,1484,124978,78,212420
42622,0.00135,172.31.40.0-255,66,125044,78,212420
42623,0.001359,172.31.40.0-255,66,125110,78,212420
42624,0.001456,172.217.194.0-255,1484,126594,78,212420
42625,0.001472,172.217.194.0-255,2902,129496,78,212420
42626,0.001475,172.31.40.0-255,66,129562,78,212420
42627,0.001482,172.217.194.0-255,5738,135300,78,212420
42628,0.001485,172.31.40.0-255,66,135366,78,212420
42629,0.001517,172.217.194.0-255,7156,142522,78,212420
42630,0.00152,172.31.40.0-255,66,142588,78,212420
42631,0.001547,172.217.194.0-255,5738,148326,78,212420
42632,0.00155,172.31.40.0-255,66,148392,78,212420
42633,0.001556,172.217.194.0-255,5738,154130,78,212420
42634,0.001559,172.31.40.0-255,66,154196,78,212420
42635,0.001595,172.217.194.0-255,5020,159216,78,212420
42636,0.001598,172.31.40.0-255,66,159282,78,212420
42637,0.001617,172.217.194.0-255,2902,162184,78,212420
42638,0.001619,172.31.40.0-255,66,162250,78,212420
42639,0.001647,172.217.194.0-255,2902,165152,78,212420
42640,0.00165,172.31.40.0-255,66,165218,78,212420
42641,0.001658,172.217.194.0-255,7156,172374,78,212420
42642,0.00166,172.31.40.0-255,66,172440,78,212420
42643,0.001738,172.217.194.0-255,6438,178878,78,212420
42644,0.001741,172.217.194.0-255,1484,180362,78,212420
42645,0.001756,172.217.194.0-255,5738,186100,78,212420
42646,0.001767,172.31.40.0-255,66,186166,78,212420
42647,0.001797,172.217.194.0-255,4320,190486,78,212420
42648,0.001809,172.31.40.0-255,66,190552,78,212420
42649,0.001835,172.31.40.0-255,66,190618,78,212420
42650,0.001845,172.217.194.0-255,5738,196356,78,212420
42651,0.001884,172.31.40.0-255,66,196422,78,212420
42652,0.001919,172.217.194.0-255,4320,200742,78,212420
42653,0.001929,172.31.40.0-255,66,200808,78,212420
42654,0.00198,172.217.194.0-255,4320,205128,78,212420
42655,0.001985,172.217.194.0-255,3602,208730,78,212420
42656,0.001998,172.31.40.0-255,66,208796,78,212420
42657,0.002029,172.217.194.0-255,1484,210280,78,212420
42658,0.002038,172.31.40.0-255,66,210346,78,212420
42659,0.00208,172.217.194.0-255,1666,212012,78,212420
42660,0.002088,172.31.40.0-255,66,212078,78,212420
42661,0.002095,172.217.194.0-255,105,212183,78,212420
42662,0.024289,172.31.40.0-255,66,212249,78,212420
42663,0.024342,172.31.40.0-255,105,212354,78,212420
42664,0.026849,172.217.194.0-255,66,212420,78,212420
42665,0.0,172.217.194.0-255,150,150,78,116248
42666,1.4e-05,172.31.40.0-255,66,216,78,116248
42667,2e-05,172.217.194.0-255,1484,1700,78,116248
42668,2.5e-05,172.31.40.0-255,66,1766,78,116248
42669,3e-05,172.217.194.0-255,2902,4668,78,116248
42670,4.1e-05,172.31.40.0-255,66,4734,78,116248
42671,4.8e-05,172.217.194.0-255,5738,10472,78,116248
42672,5.1e-05,172.31.40.0-255,66,10538,78,116248
42673,8.4e-05,172.217.194.0-255,3535,14073,78,116248
42674,8.7e-05,172.31.40.0-255,66,14139,78,116248
42675,9.3e-05,172.217.194.0-255,4320,18459,78,116248
42676,9.6e-05,172.31.40.0-255,66,18525,78,116248
42677,0.000141,172.31.40.0-255,66,18591,78,116248
42678,0.000167,172.217.194.0-255,2543,21134,78,116248
42679,0.000169,172.31.40.0-255,66,21200,78,116248
42680,0.000175,172.217.194.0-255,4320,25520,78,116248
42681,0.000177,172.31.40.0-255,66,25586,78,116248
42682,0.000215,172.31.40.0-255,66,25652,78,116248
42683,0.00026,172.217.194.0-255,2543,28195,78,116248
42684,0.000262,172.31.40.0-255,66,28261,78,116248
42685,0.00051,172.217.194.0-255,1484,29745,78,116248
42686,0.000516,172.31.40.0-255,66,29811,78,116248
42687,0.000522,172.217.194.0-255,2902,32713,78,116248
42688,0.000525,172.31.40.0-255,66,32779,78,116248
42689,0.000527,172.217.194.0-255,1484,34263,78,116248
42690,0.000535,172.31.40.0-255,66,34329,78,116248
42691,0.00057,172.217.194.0-255,4320,38649,78,116248
42692,0.000595,172.31.40.0-255,66,38715,78,116248
42693,0.000631,172.31.40.0-255,66,38781,78,116248
42694,0.000642,172.31.40.0-255,66,38847,78,116248
42695,0.000698,172.31.40.0-255,66,38913,78,116248
42696,0.00076,172.217.194.0-255,6438,45351,78,116248
42697,0.000764,172.31.40.0-255,66,45417,78,116248
42698,0.000804,172.217.194.0-255,7156,52573,78,116248
42699,0.000807,172.31.40.0-255,66,52639,78,116248
42700,0.000841,172.31.40.0-255,66,52705,78,116248
42701,0.000907,172.217.194.0-255,7156,59861,78,116248
42702,0.00091,172.31.40.0-255,66,59927,78,116248
42703,0.000948,172.31.40.0-255,66,59993,78,116248
42704,0.001002,172.217.194.0-255,7156,67149,78,116248
42705,0.001006,172.31.40.0-255,66,67215,78,116248
42706,0.001056,172.31.40.0-255,66,67281,78,116248
42707,0.001204,172.217.194.0-255,5738,73019,78,116248
42708,0.001209,172.31.40.0-255,66,73085,78,116248
42709,0.00123,172.217.194.0-255,4320,77405,78,116248
42710,0.001233,172.31.40.0-255,66,77471,78,116248
42711,0.001266,172.217.194.0-255,2902,80373,78,116248
42712,0.00127,172.31.40.0-255,66,80439,78,116248
42713,0.001314,172.31.40.0-255,66,80505,78,116248
42714,0.001407,172.217.194.0-255,7156,87661,78,116248
42715,0.001411,172.31.40.0-255,66,87727,78,116248
42716,0.001454,172.31.40.0-255,66,87793,78,116248
42717,0.001649,172.217.194.0-255,5738,93531,78,116248
42718,0.001654,172.31.40.0-255,66,93597,78,116248
42719,0.00171,172.31.40.0-255,66,93663,78,116248
42720,0.001812,172.217.194.0-255,7156,100819,78,116248
42721,0.001816,172.31.40.0-255,66,100885,78,116248
42722,0.001859,172.31.40.0-255,66,100951,78,116248
42723,0.001924,172.217.194.0-255,4320,105271,78,116248
42724,0.001929,172.31.40.0-255,66,105337,78,116248
42725,0.00198,172.31.40.0-255,66,105403,78,116248
42726,0.00202,172.31.40.0-255,66,105469,78,116248
42727,0.002247,172.217.194.0-255,7156,112625,78,116248
42728,0.002252,172.31.40.0-255,66,112691,78,116248
42729,0.002311,172.31.40.0-255,66,112757,78,116248
42730,0.013884,172.31.40.0-255,105,112862,78,116248
42731,0.016185,172.217.194.0-255,66,112928,78,116248
42732,0.033695,172.31.40.0-255,167,113095,78,116248
42733,0.033731,172.31.40.0-255,1103,114198,78,116248
42734,0.033795,172.31.40.0-255,1514,115712,78,116248
42735,0.033797,172.31.40.0-255,338,116050,78,116248
42736,0.03526,104.244.42.0-255,66,116116,78,116248
42737,0.035291,104.244.42.0-255,66,116182,78,116248
42738,0.035344,104.244.42.0-255,66,116248,78,116248
42739,0.0,74.125.200.0-255,143,143,78,289413
42740,2.4e-05,172.31.40.0-255,66,209,78,289413
42741,3.2e-05,74.125.200.0-255,1484,1693,78,289413
42742,3.6e-05,172.31.40.0-255,66,1759,78,289413
42743,3.9e-05,74.125.200.0-255,1484,3243,78,289413
42744,4.2e-05,172.31.40.0-255,66,3309,78,289413
42745,6.7e-05,74.125.200.0-255,2902,6211,78,289413
42746,7e-05,172.31.40.0-255,66,6277,78,289413
42747,7.5e-05,74.125.200.0-255,2902,9179,78,289413
42748,7.7e-05,172.31.40.0-255,66,9245,78,289413
42749,0.00011,74.125.200.0-255,2902,12147,78,289413
42750,0.000113,172.31.40.0-255,66,12213,78,289413
42751,0.000119,74.125.200.0-255,1484,13697,78,289413
42752,0.000122,172.31.40.0-255,66,13763,78,289413
42753,0.000126,74.125.200.0-255,1992,15755,78,289413
42754,0.000129,172.31.40.0-255,66,15821,78,289413
42755,0.000134,74.125.200.0-255,2902,18723,78,289413
42756,0.000136,172.31.40.0-255,66,18789,78,289413
42757,0.000167,74.125.200.0-255,1484,20273,78,289413
42758,0.00017,172.31.40.0-255,66,20339,78,289413
42759,0.000181,74.125.200.0-255,5738,26077,78,289413
42760,0.000183,172.31.40.0-255,66,26143,78,289413
42761,0.000188,74.125.200.0-255,2902,29045,78,289413
42762,0.00019,172.31.40.0-255,66,29111,78,289413
42763,0.000216,74.125.200.0-255,2543,31654,78,289413
42764,0.000218,172.31.40.0-255,66,31720,78,289413
42765,0.000572,74.125.200.0-255,1484,33204,78,289413
42766,0.000579,172.31.40.0-255,66,33270,78,289413
42767,0.000585,74.125.200.0-255,2902,36172,78,289413
42768,0.000588,172.31.40.0-255,66,36238,78,289413
42769,0.00061,74.125.200.0-255,2902,39140,78,289413
42770,0.000613,172.31.40.0-255,66,39206,78,289413
42771,0.000622,74.125.200.0-255,4320,43526,78,289413
42772,0.000625,172.31.40.0-255,66,43592,78,289413
42773,0.000661,172.31.40.0-255,66,43658,78,289413
42774,0.000666,74.125.200.0-255,4320,47978,78,289413
42775,0.000669,172.31.40.0-255,66,48044,78,289413
42776,0.000694,74.125.200.0-255,1484,49528,78,289413
42777,0.000724,74.125.200.0-255,7120,56648,78,289413
42778,0.000727,172.31.40.0-255,66,56714,78,289413
42779,0.000834,74.125.200.0-255,1484,58198,78,289413
42780,0.000855,74.125.200.0-255,1484,59682,78,289413
42781,0.000858,172.31.40.0-255,66,59748,78,289413
42782,0.000886,74.125.200.0-255,2902,62650,78,289413
42783,0.000889,172.31.40.0-255,66,62716,78,289413
42784,0.000923,74.125.200.0-255,1484,64200,78,289413
42785,0.000928,74.125.200.0-255,2902,67102,78,289413
42786,0.00093,172.31.40.0-255,66,67168,78,289413
42787,0.000955,74.125.200.0-255,4320,71488,78,289413
42788,0.000958,172.31.40.0-255,66,71554,78,289413
42789,0.00099,74.125.200.0-255,1484,73038,78,289413
42790,0.000996,74.125.200.0-255,4320,77358,78,289413
42791,0.000998,172.31.40.0-255,66,77424,78,289413
42792,0.001004,74.125.200.0-255,5738,83162,78,289413
42793,0.001007,172.31.40.0-255,66,83228,78,289413
42794,0.001022,172.31.40.0-255,66,83294,78,289413
42795,0.001181,74.125.200.0-255,331,83625,78,289413
42796,0.001238,74.125.200.0-255,1484,85109,78,289413
42797,0.001242,172.31.40.0-255,66,85175,78,289413
42798,0.001266,74.125.200.0-255,1484,86659,78,289413
42799,0.001281,74.125.200.0-255,2902,89561,78,289413
42800,0.001284,172.31.40.0-255,66,89627,78,289413
42801,0.001301,74.125.200.0-255,2902,92529,78,289413
42802,0.001303,172.31.40.0-255,66,92595,78,289413
42803,0.001318,74.125.200.0-255,1484,94079,78,289413
42804,0.001329,74.125.200.0-255,5738,99817,78,289413
42805,0.001331,172.31.40.0-255,66,99883,78,289413
42806,0.001358,74.125.200.0-255,1484,101367,78,289413
42807,0.001374,74.125.200.0-255,1484,102851,78,289413
42808,0.001376,172.31.40.0-255,66,102917,78,289413
42809,0.001392,74.125.200.0-255,1484,104401,78,289413
42810,0.001404,74.125.200.0-255,5738,110139,78,289413
42811,0.001407,172.31.40.0-255,66,110205,78,289413
42812,0.00141,74.125.200.0-255,1484,111689,78,289413
42813,0.001455,74.125.200.0-255,1484,113173,78,289413
42814,0.001458,172.31.40.0-255,66,113239,78,289413
42815,0.001479,74.125.200.0-255,5020,118259,78,289413
42816,0.001481,172.31.40.0-255,66,118325,78,289413
42817,0.001818,74.125.200.0-255,1484,119809,78,289413
42818,0.001823,74.125.200.0-255,2902,122711,78,289413
42819,0.001829,172.31.40.0-255,66,122777,78,289413
42820,0.001841,74.125.200.0-255,2902,125679,78,289413
42821,0.001844,172.31.40.0-255,66,125745,78,289413
42822,0.001869,74.125.200.0-255,2902,128647,78,289413
42823,0.001871,172.31.40.0-255,66,128713,78,289413
42824,0.001878,74.125.200.0-255,7156,135869,78,289413
42825,0.00188,172.31.40.0-255,66,135935,78,289413
42826,0.001891,172.31.40.0-255,66,136001,78,289413
42827,0.00192,74.125.200.0-255,5738,141739,78,289413
42828,0.001922,172.31.40.0-255,66,141805,78,289413
42829,0.001953,74.125.200.0-255,2184,143989,78,289413
42830,0.001955,172.31.40.0-255,66,144055,78,289413
42831,0.003829,74.125.200.0-255,2902,146957,78,289413
42832,0.003835,172.31.40.0-255,66,147023,78,289413
42833,0.003865,74.125.200.0-255,2902,149925,78,289413
42834,0.003867,172.31.40.0-255,66,149991,78,289413
42835,0.005725,74.125.200.0-255,2902,152893,78,289413
42836,0.005728,172.31.40.0-255,66,152959,78,289413
42837,0.005765,74.125.200.0-255,2902,155861,78,289413
42838,0.005768,172.31.40.0-255,66,155927,78,289413
42839,0.007651,74.125.200.0-255,4320,160247,78,289413
42840,0.007655,172.31.40.0-255,66,160313,78,289413
42841,0.007678,74.125.200.0-255,1484,161797,78,289413
42842,0.009563,74.125.200.0-255,4320,166117,78,289413
42843,0.00957,172.31.40.0-255,66,166183,78,289413
42844,0.011478,74.125.200.0-255,5738,171921,78,289413
42845,0.011485,172.31.40.0-255,66,171987,78,289413
42846,0.013393,74.125.200.0-255,5738,177725,78,289413
42847,0.0134,172.31.40.0-255,66,177791,78,289413
42848,0.015313,74.125.200.0-255,5738,183529,78,289413
42849,0.015321,172.31.40.0-255,66,183595,78,289413
42850,0.017229,74.125.200.0-255,5738,189333,78,289413
42851,0.017236,172.31.40.0-255,66,189399,78,289413
42852,0.019143,74.125.200.0-255,5738,195137,78,289413
42853,0.01915,172.31.40.0-255,66,195203,78,289413
42854,0.02107,74.125.200.0-255,5738,200941,78,289413
42855,0.021077,172.31.40.0-255,66,201007,78,289413
42856,0.022999,74.125.200.0-255,5738,206745,78,289413
42857,0.023005,172.31.40.0-255,66,206811,78,289413
42858,0.024917,74.125.200.0-255,5738,212549,78,289413
42859,0.024924,172.31.40.0-255,66,212615,78,289413
42860,0.026835,74.125.200.0-255,5738,218353,78,289413
42861,0.026841,172.31.40.0-255,66,218419,78,289413
42862,0.028749,74.125.200.0-255,5738,224157,78,289413
42863,0.028756,172.31.40.0-255,66,224223,78,289413
42864,0.030659,74.125.200.0-255,5738,229961,78,289413
42865,0.030666,172.31.40.0-255,66,230027,78,289413
42866,0.03258,74.125.200.0-255,5738,235765,78,289413
42867,0.032587,172.31.40.0-255,66,235831,78,289413
42868,0.0345,74.125.200.0-255,5738,241569,78,289413
42869,0.034507,172.31.40.0-255,66,241635,78,289413
42870,0.036418,74.125.200.0-255,5738,247373,78,289413
42871,0.036425,172.31.40.0-255,66,247439,78,289413
42872,0.038347,74.125.200.0-255,5738,253177,78,289413
42873,0.038355,172.31.40.0-255,66,253243,78,289413
42874,0.040276,74.125.200.0-255,5738,258981,78,289413
42875,0.040284,172.31.40.0-255,66,259047,78,289413
42876,0.04221,74.125.200.0-255,5738,264785,78,289413
42877,0.042218,172.31.40.0-255,66,264851,78,289413
42878,0.044149,74.125.200.0-255,5738,270589,78,289413
42879,0.044158,172.31.40.0-255,66,270655,78,289413
42880,0.046067,74.125.200.0-255,1484,272139,78,289413
42881,0.046094,74.125.200.0-255,4320,276459,78,289413
42882,0.046101,172.31.40.0-255,66,276525,78,289413
42883,0.048009,74.125.200.0-255,5738,282263,78,289413
42884,0.048017,172.31.40.0-255,66,282329,78,289413
42885,0.049875,172.31.40.0-255,172,282501,78,289413
42886,0.04991,172.31.40.0-255,1108,283609,78,289413
42887,0.049964,74.125.200.0-255,5738,289347,78,289413
42888,0.049971,172.31.40.0-255,66,289413,78,289413
42889,0.0,172.217.194.0-255,146,146,78,217728
42890,2.4e-05,172.31.40.0-255,66,212,78,217728
42891,3.1e-05,172.217.194.0-255,1484,1696,78,217728
42892,3.5e-05,172.31.40.0-255,66,1762,78,217728
42893,4.2e-05,172.217.194.0-255,2902,4664,78,217728
42894,5.4e-05,172.31.40.0-255,66,4730,78,217728
42895,6.2e-05,172.217.194.0-255,7156,11886,78,217728
42896,6.6e-05,172.31.40.0-255,66,11952,78,217728
42897,7e-05,172.217.194.0-255,1938,13890,78,217728
42898,7.3e-05,172.31.40.0-255,66,13956,78,217728
42899,0.00012,172.31.40.0-255,66,14022,78,217728
42900,0.000148,172.217.194.0-255,5379,19401,78,217728
42901,0.000152,172.31.40.0-255,66,19467,78,217728
42902,0.000176,172.217.194.0-255,5738,25205,78,217728
42903,0.000179,172.31.40.0-255,66,25271,78,217728
42904,0.000206,172.217.194.0-255,2902,28173,78,217728
42905,0.000209,172.31.40.0-255,66,28239,78,217728
42906,0.000243,172.31.40.0-255,66,28305,78,217728
42907,0.00056,172.217.194.0-255,1484,29789,78,217728
42908,0.000565,172.31.40.0-255,66,29855,78,217728
42909,0.000571,172.217.194.0-255,2902,32757,78,217728
42910,0.000573,172.31.40.0-255,66,32823,78,217728
42911,0.000586,172.217.194.0-255,5738,38561,78,217728
42912,0.000588,172.31.40.0-255,66,38627,78,217728
42913,0.000594,172.217.194.0-255,4320,42947,78,217728
42914,0.000596,172.31.40.0-255,66,43013,78,217728
42915,0.000626,172.217.194.0-255,2543,45556,78,217728
42916,0.000629,172.31.40.0-255,66,45622,78,217728
42917,0.000633,172.217.194.0-255,646,46268,78,217728
42918,0.000636,172.31.40.0-255,66,46334,78,217728
42919,0.000982,172.217.194.0-255,1484,47818,78,217728
42920,0.000986,172.31.40.0-255,66,47884,78,217728
42921,0.001005,172.217.194.0-255,2902,50786,78,217728
42922,0.001008,172.31.40.0-255,66,50852,78,217728
42923,0.001014,172.217.194.0-255,5738,56590,78,217728
42924,0.001016,172.31.40.0-255,66,56656,78,217728
42925,0.001061,172.31.40.0-255,66,56722,78,217728
42926,0.001073,172.31.40.0-255,66,56788,78,217728
42927,0.001101,172.217.194.0-255,766,57554,78,217728
42928,0.001104,172.31.40.0-255,66,57620,78,217728
42929,0.001356,172.217.194.0-255,1484,59104,78,217728
42930,0.00136,172.31.40.0-255,66,59170,78,217728
42931,0.001366,172.217.194.0-255,2902,62072,78,217728
42932,0.001368,172.31.40.0-255,66,62138,78,217728
42933,0.001379,172.217.194.0-255,5738,67876,78,217728
42934,0.001381,172.31.40.0-255,66,67942,78,217728
42935,0.001392,172.31.40.0-255,66,68008,78,217728
42936,0.001438,172.217.194.0-255,5738,73746,78,217728
42937,0.001441,172.31.40.0-255,66,73812,78,217728
42938,0.001485,172.31.40.0-255,66,73878,78,217728
42939,0.002037,172.217.194.0-255,1484,75362,78,217728
42940,0.002042,172.31.40.0-255,66,75428,78,217728
42941,0.002051,172.217.194.0-255,2902,78330,78,217728
42942,0.002053,172.31.40.0-255,66,78396,78,217728
42943,0.002065,172.217.194.0-255,5738,84134,78,217728
42944,0.002067,172.31.40.0-255,66,84200,78,217728
42945,0.002093,172.217.194.0-255,7156,91356,78,217728
42946,0.002111,172.217.194.0-255,5738,97094,78,217728
42947,0.002114,172.217.194.0-255,1484,98578,78,217728
42948,0.002143,172.217.194.0-255,5738,104316,78,217728
42949,0.002162,172.217.194.0-255,3602,107918,78,217728
42950,0.005689,172.31.40.0-255,66,107984,78,217728
42951,0.008035,172.217.194.0-255,5738,113722,78,217728
42952,0.008043,172.31.40.0-255,66,113788,78,217728
42953,0.010367,172.217.194.0-255,5738,119526,78,217728
42954,0.010374,172.31.40.0-255,66,119592,78,217728
42955,0.012738,172.217.194.0-255,5738,125330,78,217728
42956,0.012746,172.31.40.0-255,66,125396,78,217728
42957,0.015067,172.217.194.0-255,5738,131134,78,217728
42958,0.015082,172.31.40.0-255,66,131200,78,217728
42959,0.017426,172.217.194.0-255,5738,136938,78,217728
42960,0.017438,172.31.40.0-255,66,137004,78,217728
42961,0.019794,172.217.194.0-255,5738,142742,78,217728
42962,0.019805,172.31.40.0-255,66,142808,78,217728
42963,0.022152,172.217.194.0-255,5738,148546,78,217728
42964,0.022161,172.31.40.0-255,66,148612,78,217728
42965,0.024514,172.217.194.0-255,5738,154350,78,217728
42966,0.024524,172.31.40.0-255,66,154416,78,217728
42967,0.026201,172.31.40.0-255,172,154588,78,217728
42968,0.026233,172.31.40.0-255,1107,155695,78,217728
42969,0.026292,172.31.40.0-255,1514,157209,78,217728
42970,0.026294,172.31.40.0-255,1514,158723,78,217728
42971,0.026319,172.31.40.0-255,701,159424,78,217728
42972,0.02686,172.217.194.0-255,5738,165162,78,217728
42973,0.026866,172.31.40.0-255,66,165228,78,217728
42974,0.027734,104.244.42.0-255,66,165294,78,217728
42975,0.027777,104.244.42.0-255,66,165360,78,217728
42976,0.027882,104.244.42.0-255,66,165426,78,217728
42977,0.027887,104.244.42.0-255,66,165492,78,217728
42978,0.029205,172.217.194.0-255,5738,171230,78,217728
42979,0.029212,172.31.40.0-255,66,171296,78,217728
42980,0.03156,172.217.194.0-255,5738,177034,78,217728
42981,0.031567,172.31.40.0-255,66,177100,78,217728
42982,0.033899,172.217.194.0-255,5738,182838,78,217728
42983,0.033906,172.31.40.0-255,66,182904,78,217728
42984,0.036239,172.217.194.0-255,5738,188642,78,217728
42985,0.036246,172.31.40.0-255,66,188708,78,217728
42986,0.038606,172.217.194.0-255,5738,194446,78,217728
42987,0.038613,172.31.40.0-255,66,194512,78,217728
42988,0.040979,172.217.194.0-255,5738,200250,78,217728
42989,0.042231,172.31.40.0-255,66,200316,78,217728
42990,0.044592,172.217.194.0-255,5738,206054,78,217728
42991,0.04461,172.31.40.0-255,66,206120,78,217728
42992,0.04697,172.217.194.0-255,5738,211858,78,217728
42993,0.046992,172.31.40.0-255,66,211924,78,217728
42994,0.04935,172.217.194.0-255,5738,217662,78,217728
42995,0.04937,172.31.40.0-255,66,217728,78,217728
42996,0.0,74.125.130.0-255,153,153,78,306011
42997,2.2e-05,172.31.40.0-255,66,219,78,306011
42998,2.9e-05,74.125.130.0-255,1484,1703,78,306011
42999,3.3e-05,172.31.40.0-255,66,1769,78,306011
43000,3.8e-05,74.125.130.0-255,2902,4671,78,306011
43001,4.1e-05,172.31.40.0-255,66,4737,78,306011
43002,4.7e-05,74.125.130.0-255,4320,9057,78,306011
43003,5e-05,172.31.40.0-255,66,9123,78,306011
43004,9.8e-05,172.31.40.0-255,66,9189,78,306011
43005,0.000159,172.31.40.0-255,66,9255,78,306011
43006,0.000201,74.125.130.0-255,1484,10739,78,306011
43007,0.000204,172.31.40.0-255,66,10805,78,306011
43008,0.000235,74.125.130.0-255,2543,13348,78,306011
43009,0.000237,172.31.40.0-255,66,13414,78,306011
43010,0.000297,74.125.130.0-255,1484,14898,78,306011
43011,0.0003,172.31.40.0-255,66,14964,78,306011
43012,0.000315,74.125.130.0-255,2902,17866,78,306011
43013,0.000318,172.31.40.0-255,66,17932,78,306011
43014,0.000322,74.125.130.0-255,2902,20834,78,306011
43015,0.000324,172.31.40.0-255,66,20900,78,306011
43016,0.000343,74.125.130.0-255,2902,23802,78,306011
43017,0.000345,172.31.40.0-255,66,23868,78,306011
43018,0.00037,74.125.130.0-255,2902,26770,78,306011
43019,0.000372,172.31.40.0-255,66,26836,78,306011
43020,0.00039,74.125.130.0-255,2902,29738,78,306011
43021,0.000392,172.31.40.0-255,66,29804,78,306011
43022,0.000412,172.31.40.0-255,66,29870,78,306011
43023,0.000476,74.125.130.0-255,1484,31354,78,306011
43024,0.000479,172.31.40.0-255,66,31420,78,306011
43025,0.000533,74.125.130.0-255,432,31852,78,306011
43026,0.000572,172.31.40.0-255,66,31918,78,306011
43027,0.000735,74.125.130.0-255,1484,33402,78,306011
43028,0.00074,74.125.130.0-255,1484,34886,78,306011
43029,0.000745,172.31.40.0-255,66,34952,78,306011
43030,0.000754,74.125.130.0-255,1484,36436,78,306011
43031,0.000757,74.125.130.0-255,1484,37920,78,306011
43032,0.000768,172.31.40.0-255,66,37986,78,306011
43033,0.000774,74.125.130.0-255,4320,42306,78,306011
43034,0.000799,74.125.130.0-255,4320,46626,78,306011
43035,0.000825,172.31.40.0-255,66,46692,78,306011
43036,0.000906,74.125.130.0-255,5738,52430,78,306011
43037,0.000928,74.125.130.0-255,5020,57450,78,306011
43038,0.000934,172.31.40.0-255,66,57516,78,306011
43039,0.000986,74.125.130.0-255,1484,59000,78,306011
43040,0.001007,74.125.130.0-255,2902,61902,78,306011
43041,0.001016,74.125.130.0-255,1484,63386,78,306011
43042,0.00102,172.31.40.0-255,66,63452,78,306011
43043,0.001031,74.125.130.0-255,4320,67772,78,306011
43044,0.001052,172.31.40.0-255,66,67838,78,306011
43045,0.001071,74.125.130.0-255,2902,70740,78,306011
43046,0.001087,74.125.130.0-255,2902,73642,78,306011
43047,0.001096,172.31.40.0-255,66,73708,78,306011
43048,0.001124,74.125.130.0-255,1484,75192,78,306011
43049,0.001152,74.125.130.0-255,1484,76676,78,306011
43050,0.001162,172.31.40.0-255,66,76742,78,306011
43051,0.001172,74.125.130.0-255,1484,78226,78,306011
43052,0.001177,74.125.130.0-255,5738,83964,78,306011
43053,0.001196,172.31.40.0-255,66,84030,78,306011
43054,0.001203,74.125.130.0-255,4320,88350,78,306011
43055,0.001209,172.31.40.0-255,66,88416,78,306011
43056,0.001241,74.125.130.0-255,3602,92018,78,306011
43057,0.001249,172.31.40.0-255,66,92084,78,306011
43058,0.0013,74.125.130.0-255,1484,93568,78,306011
43059,0.001303,74.125.130.0-255,1484,95052,78,306011
43060,0.001313,172.31.40.0-255,66,95118,78,306011
43061,0.001316,74.125.130.0-255,1484,96602,78,306011
43062,0.001329,74.125.130.0-255,4320,100922,78,306011
43063,0.001345,74.125.130.0-255,1484,102406,78,306011
43064,0.001348,172.31.40.0-255,66,102472,78,306011
43065,0.001361,74.125.130.0-255,4320,106792,78,306011
43066,0.00137,172.31.40.0-255,66,106858,78,306011
43067,0.001378,74.125.130.0-255,2902,109760,78,306011
43068,0.001382,172.31.40.0-255,66,109826,78,306011
43069,0.001415,74.125.130.0-255,2902,112728,78,306011
43070,0.001423,172.31.40.0-255,66,112794,78,306011
43071,0.001434,74.125.130.0-255,5738,118532,78,306011
43072,0.001441,172.31.40.0-255,66,118598,78,306011
43073,0.001489,74.125.130.0-255,4320,122918,78,306011
43074,0.001505,74.125.130.0-255,3602,126520,78,306011
43075,0.001515,172.31.40.0-255,66,126586,78,306011
43076,0.001556,74.125.130.0-255,1484,128070,78,306011
43077,0.001568,74.125.130.0-255,1484,129554,78,306011
43078,0.001571,172.31.40.0-255,66,129620,78,306011
43079,0.001587,74.125.130.0-255,1484,131104,78,306011
43080,0.001592,74.125.130.0-255,5738,136842,78,306011
43081,0.001602,172.31.40.0-255,66,136908,78,306011
43082,0.001638,74.125.130.0-255,1484,138392,78,306011
43083,0.001653,74.125.130.0-255,1484,139876,78,306011
43084,0.001661,172.31.40.0-255,66,139942,78,306011
43085,0.001696,172.31.40.0-255,66,140008,78,306011
43086,0.001743,74.125.130.0-255,1484,141492,78,306011
43087,0.001757,74.125.130.0-255,2902,144394,78,306011
43088,0.001765,172.31.40.0-255,66,144460,78,306011
43089,0.001784,74.125.130.0-255,6438,150898,78,306011
43090,0.001788,172.31.40.0-255,66,150964,78,306011
43091,0.001956,74.125.130.0-255,1484,152448,78,306011
43092,0.00196,74.125.130.0-255,2902,155350,78,306011
43093,0.001963,172.31.40.0-255,66,155416,78,306011
43094,0.001983,74.125.130.0-255,5738,161154,78,306011
43095,0.002011,74.125.130.0-255,1484,162638,78,306011
43096,0.002015,172.31.40.0-255,66,162704,78,306011
43097,0.002026,74.125.130.0-255,2902,165606,78,306011
43098,0.002041,172.31.40.0-255,66,165672,78,306011
43099,0.002057,74.125.130.0-255,4320,169992,78,306011
43100,0.002066,74.125.130.0-255,1484,171476,78,306011
43101,0.002068,172.31.40.0-255,66,171542,78,306011
43102,0.002098,74.125.130.0-255,2902,174444,78,306011
43103,0.0021,172.31.40.0-255,66,174510,78,306011
43104,0.002134,172.31.40.0-255,66,174576,78,306011
43105,0.002202,74.125.130.0-255,7156,181732,78,306011
43106,0.002207,172.31.40.0-255,66,181798,78,306011
43107,0.002219,74.125.130.0-255,2184,183982,78,306011
43108,0.002235,172.31.40.0-255,66,184048,78,306011
43109,0.002279,74.125.130.0-255,4320,188368,78,306011
43110,0.002286,172.31.40.0-255,66,188434,78,306011
43111,0.002431,74.125.130.0-255,4320,192754,78,306011
43112,0.002476,74.125.130.0-255,5020,197774,78,306011
43113,0.002625,74.125.130.0-255,2902,200676,78,306011
43114,0.00276,74.125.130.0-255,4320,204996,78,306011
43115,0.002773,74.125.130.0-255,766,205762,78,306011
43116,0.006642,172.31.40.0-255,66,205828,78,306011
43117,0.007806,172.31.40.0-255,101,205929,78,306011
43118,0.008974,74.125.130.0-255,5738,211667,78,306011
43119,0.008982,172.31.40.0-255,66,211733,78,306011
43120,0.010092,74.125.130.0-255,66,211799,78,306011
43121,0.011321,74.125.130.0-255,5738,217537,78,306011
43122,0.011328,172.31.40.0-255,66,217603,78,306011
43123,0.013653,74.125.130.0-255,5738,223341,78,306011
43124,0.01366,172.31.40.0-255,66,223407,78,306011
43125,0.016011,74.125.130.0-255,5738,229145,78,306011
43126,0.016021,172.31.40.0-255,66,229211,78,306011
43127,0.018376,74.125.130.0-255,5738,234949,78,306011
43128,0.018386,172.31.40.0-255,66,235015,78,306011
43129,0.020727,74.125.130.0-255,5738,240753,78,306011
43130,0.020737,172.31.40.0-255,66,240819,78,306011
43131,0.023076,74.125.130.0-255,5738,246557,78,306011
43132,0.023084,172.31.40.0-255,66,246623,78,306011
43133,0.025419,74.125.130.0-255,5738,252361,78,306011
43134,0.025426,172.31.40.0-255,66,252427,78,306011
43135,0.027747,74.125.130.0-255,5738,258165,78,306011
43136,0.027753,172.31.40.0-255,66,258231,78,306011
43137,0.030082,74.125.130.0-255,5738,263969,78,306011
43138,0.030091,172.31.40.0-255,66,264035,78,306011
43139,0.032,172.31.40.0-255,172,264207,78,306011
43140,0.032035,172.31.40.0-255,1108,265315,78,306011
43141,0.032091,172.31.40.0-255,1514,266829,78,306011
43142,0.032093,172.31.40.0-255,1299,268128,78,306011
43143,0.03242,74.125.130.0-255,5738,273866,78,306011
43144,0.032427,172.31.40.0-255,66,273932,78,306011
43145,0.033528,104.244.42.0-255,66,273998,78,306011
43146,0.033575,104.244.42.0-255,66,274064,78,306011
43147,0.033725,104.244.42.0-255,66,274130,78,306011
43148,0.034759,74.125.130.0-255,5738,279868,78,306011
43149,0.034763,172.31.40.0-255,66,279934,78,306011
43150,0.037114,74.125.130.0-255,5738,285672,78,306011
43151,0.037123,172.31.40.0-255,66,285738,78,306011
43152,0.039447,74.125.130.0-255,5738,291476,78,306011
43153,0.039454,172.31.40.0-255,66,291542,78,306011
43154,0.041792,74.125.130.0-255,5738,297280,78,306011
43155,0.041802,172.31.40.0-255,66,297346,78,306011
43156,0.044135,74.125.130.0-255,5738,303084,78,306011
43157,0.044141,172.31.40.0-255,66,303150,78,306011
43158,0.04652,74.125.130.0-255,2690,305840,78,306011
43159,0.046527,172.31.40.0-255,66,305906,78,306011
43160,0.046692,172.31.40.0-255,105,306011,78,306011
43161,0.0,172.31.40.0-255,105,105,78,276
43162,0.00209,157.240.24.0-255,105,210,78,276
43163,0.002104,172.31.40.0-255,66,276,78,276
43164,0.0,172.217.26.0-255,153,153,78,234940
43165,2.3e-05,172.31.40.0-255,66,219,78,234940
43166,3.1e-05,172.217.26.0-255,1484,1703,78,234940
43167,3.6e-05,172.31.40.0-255,66,1769,78,234940
43168,5e-05,172.217.26.0-255,2902,4671,78,234940
43169,5.3e-05,172.31.40.0-255,66,4737,78,234940
43170,6e-05,172.217.26.0-255,5738,10475,78,234940
43171,6.4e-05,172.31.40.0-255,66,10541,78,234940
43172,0.000102,172.217.26.0-255,3356,13897,78,234940
43173,0.000105,172.31.40.0-255,66,13963,78,234940
43174,0.000213,172.217.26.0-255,1484,15447,78,234940
43175,0.000218,172.31.40.0-255,66,15513,78,234940
43176,0.000223,172.217.26.0-255,2902,18415,78,234940
43177,0.000225,172.31.40.0-255,66,18481,78,234940
43178,0.000236,172.217.26.0-255,4320,22801,78,234940
43179,0.000238,172.31.40.0-255,66,22867,78,234940
43180,0.000273,172.217.26.0-255,1484,24351,78,234940
43181,0.000275,172.31.40.0-255,66,24417,78,234940
43182,0.000284,172.217.26.0-255,6797,31214,78,234940
43183,0.00029,172.31.40.0-255,66,31280,78,234940
43184,0.000383,172.217.26.0-255,1484,32764,78,234940
43185,0.000386,172.31.40.0-255,66,32830,78,234940
43186,0.000391,172.217.26.0-255,2902,35732,78,234940
43187,0.000393,172.31.40.0-255,66,35798,78,234940
43188,0.000396,172.217.26.0-255,1484,37282,78,234940
43189,0.000403,172.31.40.0-255,66,37348,78,234940
43190,0.000437,172.217.26.0-255,1484,38832,78,234940
43191,0.000439,172.31.40.0-255,66,38898,78,234940
43192,0.00048,172.217.26.0-255,4320,43218,78,234940
43193,0.000483,172.31.40.0-255,66,43284,78,234940
43194,0.000489,172.217.26.0-255,5379,48663,78,234940
43195,0.000491,172.31.40.0-255,66,48729,78,234940
43196,0.000612,172.217.26.0-255,1484,50213,78,234940
43197,0.000618,172.217.26.0-255,1484,51697,78,234940
43198,0.000621,172.31.40.0-255,66,51763,78,234940
43199,0.000633,172.217.26.0-255,1484,53247,78,234940
43200,0.000649,172.217.26.0-255,1484,54731,78,234940
43201,0.000651,172.31.40.0-255,66,54797,78,234940
43202,0.00068,172.217.26.0-255,4320,59117,78,234940
43203,0.000683,172.31.40.0-255,66,59183,78,234940
43204,0.000687,172.217.26.0-255,2902,62085,78,234940
43205,0.00069,172.31.40.0-255,66,62151,78,234940
43206,0.000722,172.217.26.0-255,3961,66112,78,234940
43207,0.000726,172.31.40.0-255,66,66178,78,234940
43208,0.000729,172.217.26.0-255,397,66575,78,234940
43209,0.00113,172.31.40.0-255,66,66641,78,234940
43210,0.001498,172.217.26.0-255,346,66987,78,234940
43211,0.00152,172.217.26.0-255,1484,68471,78,234940
43212,0.001524,172.31.40.0-255,66,68537,78,234940
43213,0.001529,172.217.26.0-255,1484,70021,78,234940
43214,0.001556,172.217.26.0-255,2902,72923,78,234940
43215,0.001559,172.31.40.0-255,66,72989,78,234940
43216,0.001566,172.217.26.0-255,5738,78727,78,234940
43217,0.001568,172.31.40.0-255,66,78793,78,234940
43218,0.001597,172.217.26.0-255,2902,81695,78,234940
43219,0.0016,172.31.40.0-255,66,81761,78,234940
43220,0.001618,172.217.26.0-255,2543,84304,78,234940
43221,0.00162,172.31.40.0-255,66,84370,78,234940
43222,0.001627,172.217.26.0-255,5738,90108,78,234940
43223,0.001629,172.31.40.0-255,66,90174,78,234940
43224,0.001681,172.217.26.0-255,1484,91658,78,234940
43225,0.001704,172.31.40.0-255,66,91724,78,234940
43226,0.003649,172.217.26.0-255,5738,97462,78,234940
43227,0.003656,172.31.40.0-255,66,97528,78,234940
43228,0.00559,172.217.26.0-255,4320,101848,78,234940
43229,0.005593,172.31.40.0-255,66,101914,78,234940
43230,0.005607,172.217.26.0-255,1484,103398,78,234940
43231,0.007531,172.217.26.0-255,4320,107718,78,234940
43232,0.007538,172.31.40.0-255,66,107784,78,234940
43233,0.009495,172.217.26.0-255,5738,113522,78,234940
43234,0.009502,172.31.40.0-255,66,113588,78,234940
43235,0.01144,172.217.26.0-255,5738,119326,78,234940
43236,0.011446,172.31.40.0-255,66,119392,78,234940
43237,0.013407,172.217.26.0-255,5738,125130,78,234940
43238,0.013416,172.31.40.0-255,66,125196,78,234940
43239,0.01536,172.217.26.0-255,5738,130934,78,234940
43240,0.015367,172.31.40.0-255,66,131000,78,234940
43241,0.017326,172.217.26.0-255,5738,136738,78,234940
43242,0.017338,172.31.40.0-255,66,136804,78,234940
43243,0.019308,172.217.26.0-255,5738,142542,78,234940
43244,0.019316,172.31.40.0-255,66,142608,78,234940
43245,0.021256,172.217.26.0-255,5738,148346,78,234940
43246,0.021264,172.31.40.0-255,66,148412,78,234940
43247,0.023228,172.217.26.0-255,5738,154150,78,234940
43248,0.023234,172.31.40.0-255,66,154216,78,234940
43249,0.025171,172.217.26.0-255,5738,159954,78,234940
43250,0.025178,172.31.40.0-255,66,160020,78,234940
43251,0.027131,172.217.26.0-255,5738,165758,78,234940
43252,0.027138,172.31.40.0-255,66,165824,78,234940
43253,0.029084,172.217.26.0-255,5738,171562,78,234940
43254,0.029092,172.31.40.0-255,66,171628,78,234940
43255,0.031035,172.217.26.0-255,5738,177366,78,234940
43256,0.031042,172.31.40.0-255,66,177432,78,234940
43257,0.032981,172.217.26.0-255,5738,183170,78,234940
43258,0.032987,172.31.40.0-255,66,183236,78,234940
43259,0.034036,172.31.40.0-255,172,183408,78,234940
43260,0.034069,172.31.40.0-255,1107,184515,78,234940
43261,0.034132,172.31.40.0-255,1514,186029,78,234940
43262,0.034135,172.31.40.0-255,1514,187543,78,234940
43263,0.034159,172.31.40.0-255,701,188244,78,234940
43264,0.034938,172.217.26.0-255,5738,193982,78,234940
43265,0.034945,172.31.40.0-255,66,194048,78,234940
43266,0.035601,104.244.42.0-255,66,194114,78,234940
43267,0.035637,104.244.42.0-255,66,194180,78,234940
43268,0.035686,104.244.42.0-255,66,194246,78,234940
43269,0.035707,104.244.42.0-255,66,194312,78,234940
43270,0.036907,172.217.26.0-255,5738,200050,78,234940
43271,0.036912,172.31.40.0-255,66,200116,78,234940
43272,0.038861,172.217.26.0-255,5738,205854,78,234940
43273,0.038868,172.31.40.0-255,66,205920,78,234940
43274,0.040818,172.217.26.0-255,5738,211658,78,234940
43275,0.040824,172.31.40.0-255,66,211724,78,234940
43276,0.042815,172.217.26.0-255,5738,217462,78,234940
43277,0.042822,172.31.40.0-255,66,217528,78,234940
43278,0.04477,172.217.26.0-255,5738,223266,78,234940
43279,0.044779,172.31.40.0-255,66,223332,78,234940
43280,0.046723,172.217.26.0-255,5738,229070,78,234940
43281,0.04673,172.31.40.0-255,66,229136,78,234940
43282,0.048692,172.217.26.0-255,5738,234874,78,234940
43283,0.048699,172.31.40.0-255,66,234940,78,234940
43284,0.0,74.125.24.0-255,153,153,78,245633
43285,1.5e-05,172.31.40.0-255,66,219,78,245633
43286,2.2e-05,74.125.24.0-255,1484,1703,78,245633
43287,2.7e-05,172.31.40.0-255,66,1769,78,245633
43288,3.4e-05,74.125.24.0-255,2902,4671,78,245633
43289,4.4e-05,172.31.40.0-255,66,4737,78,245633
43290,4.8e-05,74.125.24.0-255,2902,7639,78,245633
43291,5.1e-05,172.31.40.0-255,66,7705,78,245633
43292,8.5e-05,74.125.24.0-255,4320,12025,78,245633
43293,8.8e-05,172.31.40.0-255,66,12091,78,245633
43294,0.000122,74.125.24.0-255,2028,14119,78,245633
43295,0.000125,172.31.40.0-255,66,14185,78,245633
43296,0.000132,74.125.24.0-255,7156,21341,78,245633
43297,0.000135,172.31.40.0-255,66,21407,78,245633
43298,0.000164,172.31.40.0-255,66,21473,78,245633
43299,0.000348,74.125.24.0-255,1484,22957,78,245633
43300,0.000352,172.31.40.0-255,66,23023,78,245633
43301,0.000358,74.125.24.0-255,2902,25925,78,245633
43302,0.00036,172.31.40.0-255,66,25991,78,245633
43303,0.000371,74.125.24.0-255,4320,30311,78,245633
43304,0.000374,172.31.40.0-255,66,30377,78,245633
43305,0.000404,74.125.24.0-255,1484,31861,78,245633
43306,0.000406,172.31.40.0-255,66,31927,78,245633
43307,0.000414,74.125.24.0-255,6797,38724,78,245633
43308,0.000416,172.31.40.0-255,66,38790,78,245633
43309,0.00043,172.31.40.0-255,66,38856,78,245633
43310,0.000452,74.125.24.0-255,2902,41758,78,245633
43311,0.000455,172.31.40.0-255,66,41824,78,245633
43312,0.000458,74.125.24.0-255,1484,43308,78,245633
43313,0.00046,172.31.40.0-255,66,43374,78,245633
43314,0.000481,74.125.24.0-255,1125,44499,78,245633
43315,0.001014,74.125.24.0-255,647,45146,78,245633
43316,0.001019,172.31.40.0-255,66,45212,78,245633
43317,0.001144,74.125.24.0-255,1484,46696,78,245633
43318,0.001168,74.125.24.0-255,2902,49598,78,245633
43319,0.001172,172.31.40.0-255,66,49664,78,245633
43320,0.00118,74.125.24.0-255,5738,55402,78,245633
43321,0.001182,172.31.40.0-255,66,55468,78,245633
43322,0.001212,74.125.24.0-255,7156,62624,78,245633
43323,0.001214,172.31.40.0-255,66,62690,78,245633
43324,0.001225,172.31.40.0-255,66,62756,78,245633
43325,0.001254,74.125.24.0-255,1484,64240,78,245633
43326,0.001277,74.125.24.0-255,6438,70678,78,245633
43327,0.001279,172.31.40.0-255,66,70744,78,245633
43328,0.001474,74.125.24.0-255,1484,72228,78,245633
43329,0.001482,74.125.24.0-255,2902,75130,78,245633
43330,0.001485,172.31.40.0-255,66,75196,78,245633
43331,0.00149,74.125.24.0-255,2902,78098,78,245633
43332,0.001492,172.31.40.0-255,66,78164,78,245633
43333,0.001517,74.125.24.0-255,2902,81066,78,245633
43334,0.00152,172.31.40.0-255,66,81132,78,245633
43335,0.001527,74.125.24.0-255,7156,88288,78,245633
43336,0.001529,172.31.40.0-255,66,88354,78,245633
43337,0.001566,172.31.40.0-255,66,88420,78,245633
43338,0.001585,74.125.24.0-255,5738,94158,78,245633
43339,0.001587,172.31.40.0-255,66,94224,78,245633
43340,0.001591,74.125.24.0-255,2184,96408,78,245633
43341,0.001594,172.31.40.0-255,66,96474,78,245633
43342,0.001655,74.125.24.0-255,1484,97958,78,245633
43343,0.00166,74.125.24.0-255,1484,99442,78,245633
43344,0.001663,172.31.40.0-255,66,99508,78,245633
43345,0.00169,74.125.24.0-255,1484,100992,78,245633
43346,0.001697,74.125.24.0-255,5738,106730,78,245633
43347,0.0017,172.31.40.0-255,66,106796,78,245633
43348,0.001704,74.125.24.0-255,1484,108280,78,245633
43349,0.001733,172.31.40.0-255,66,108346,78,245633
43350,0.001769,172.31.40.0-255,66,108412,78,245633
43351,0.002228,74.125.24.0-255,1484,109896,78,245633
43352,0.002271,74.125.24.0-255,2902,112798,78,245633
43353,0.002277,172.31.40.0-255,66,112864,78,245633
43354,0.002284,74.125.24.0-255,4320,117184,78,245633
43355,0.002286,172.31.40.0-255,66,117250,78,245633
43356,0.002319,74.125.24.0-255,2902,120152,78,245633
43357,0.002322,172.31.40.0-255,66,120218,78,245633
43358,0.002333,172.31.40.0-255,66,120284,78,245633
43359,0.002373,172.31.40.0-255,66,120350,78,245633
43360,0.002402,74.125.24.0-255,2184,122534,78,245633
43361,0.002405,172.31.40.0-255,66,122600,78,245633
43362,0.002524,74.125.24.0-255,1484,124084,78,245633
43363,0.002531,74.125.24.0-255,2902,126986,78,245633
43364,0.002534,172.31.40.0-255,66,127052,78,245633
43365,0.002541,74.125.24.0-255,5738,132790,78,245633
43366,0.002543,172.31.40.0-255,66,132856,78,245633
43367,0.002546,74.125.24.0-255,1484,134340,78,245633
43368,0.002573,74.125.24.0-255,1484,135824,78,245633
43369,0.002576,172.31.40.0-255,66,135890,78,245633
43370,0.005132,74.125.24.0-255,5738,141628,78,245633
43371,0.005137,172.31.40.0-255,66,141694,78,245633
43372,0.007725,74.125.24.0-255,5738,147432,78,245633
43373,0.00773,172.31.40.0-255,66,147498,78,245633
43374,0.01031,74.125.24.0-255,5738,153236,78,245633
43375,0.010318,172.31.40.0-255,66,153302,78,245633
43376,0.012921,74.125.24.0-255,5738,159040,78,245633
43377,0.012928,172.31.40.0-255,66,159106,78,245633
43378,0.015487,74.125.24.0-255,5738,164844,78,245633
43379,0.015499,172.31.40.0-255,66,164910,78,245633
43380,0.018048,74.125.24.0-255,5738,170648,78,245633
43381,0.018056,172.31.40.0-255,66,170714,78,245633
43382,0.020621,74.125.24.0-255,5738,176452,78,245633
43383,0.02063,172.31.40.0-255,66,176518,78,245633
43384,0.023233,74.125.24.0-255,5738,182256,78,245633
43385,0.023252,172.31.40.0-255,66,182322,78,245633
43386,0.02584,74.125.24.0-255,5738,188060,78,245633
43387,0.025854,172.31.40.0-255,66,188126,78,245633
43388,0.02843,74.125.24.0-255,5738,193864,78,245633
43389,0.028446,172.31.40.0-255,66,193930,78,245633
43390,0.031044,74.125.24.0-255,5738,199668,78,245633
43391,0.031051,172.31.40.0-255,66,199734,78,245633
43392,0.033623,74.125.24.0-255,5738,205472,78,245633
43393,0.03364,172.31.40.0-255,66,205538,78,245633
43394,0.036194,74.125.24.0-255,5738,211276,78,245633
43395,0.036202,172.31.40.0-255,66,211342,78,245633
43396,0.038798,74.125.24.0-255,5738,217080,78,245633
43397,0.038813,172.31.40.0-255,66,217146,78,245633
43398,0.040458,172.31.40.0-255,171,217317,78,245633
43399,0.040507,172.31.40.0-255,1132,218449,78,245633
43400,0.04057,172.31.40.0-255,1514,219963,78,245633
43401,0.040593,172.31.40.0-255,1514,221477,78,245633
43402,0.040596,172.31.40.0-255,676,222153,78,245633
43403,0.041375,74.125.24.0-255,5738,227891,78,245633
43404,0.041381,172.31.40.0-255,66,227957,78,245633
43405,0.042076,104.244.42.0-255,66,228023,78,245633
43406,0.042083,104.244.42.0-255,66,228089,78,245633
43407,0.042126,104.244.42.0-255,66,228155,78,245633
43408,0.042131,104.244.42.0-255,66,228221,78,245633
43409,0.043966,74.125.24.0-255,5738,233959,78,245633
43410,0.043991,172.31.40.0-255,66,234025,78,245633
43411,0.046626,74.125.24.0-255,5738,239763,78,245633
43412,0.046641,172.31.40.0-255,66,239829,78,245633
43413,0.049234,74.125.24.0-255,5738,245567,78,245633
43414,0.049247,172.31.40.0-255,66,245633,78,245633
43415,0.0,74.125.200.0-255,153,153,78,304765
43416,2e-05,172.31.40.0-255,66,219,78,304765
43417,2.6e-05,74.125.200.0-255,1484,1703,78,304765
43418,3.1e-05,172.31.40.0-255,66,1769,78,304765
43419,3.7e-05,74.125.200.0-255,2902,4671,78,304765
43420,4e-05,172.31.40.0-255,66,4737,78,304765
43421,4.8e-05,74.125.200.0-255,7156,11893,78,304765
43422,5.1e-05,172.31.40.0-255,66,11959,78,304765
43423,5.5e-05,74.125.200.0-255,2117,14076,78,304765
43424,5.8e-05,172.31.40.0-255,66,14142,78,304765
43425,0.000365,74.125.200.0-255,1484,15626,78,304765
43426,0.000371,172.31.40.0-255,66,15692,78,304765
43427,0.000377,74.125.200.0-255,2902,18594,78,304765
43428,0.00038,172.31.40.0-255,66,18660,78,304765
43429,0.000383,74.125.200.0-255,1484,20144,78,304765
43430,0.000385,172.31.40.0-255,66,20210,78,304765
43431,0.000411,74.125.200.0-255,4320,24530,78,304765
43432,0.000415,74.125.200.0-255,2902,27432,78,304765
43433,0.000419,172.31.40.0-255,66,27498,78,304765
43434,0.000426,172.31.40.0-255,66,27564,78,304765
43435,0.000432,74.125.200.0-255,3961,31525,78,304765
43436,0.000434,172.31.40.0-255,66,31591,78,304765
43437,0.000495,74.125.200.0-255,1484,33075,78,304765
43438,0.000498,172.31.40.0-255,66,33141,78,304765
43439,0.000504,74.125.200.0-255,2902,36043,78,304765
43440,0.000506,172.31.40.0-255,66,36109,78,304765
43441,0.000526,74.125.200.0-255,4320,40429,78,304765
43442,0.00053,172.31.40.0-255,66,40495,78,304765
43443,0.000589,172.31.40.0-255,66,40561,78,304765
43444,0.000594,74.125.200.0-255,4320,44881,78,304765
43445,0.000596,172.31.40.0-255,66,44947,78,304765
43446,0.000603,74.125.200.0-255,5738,50685,78,304765
43447,0.000606,172.31.40.0-255,66,50751,78,304765
43448,0.000609,74.125.200.0-255,1484,52235,78,304765
43449,0.000627,74.125.200.0-255,3961,56196,78,304765
43450,0.000629,172.31.40.0-255,66,56262,78,304765
43451,0.000648,74.125.200.0-255,677,56939,78,304765
43452,0.00087,74.125.200.0-255,1484,58423,78,304765
43453,0.000875,172.31.40.0-255,66,58489,78,304765
43454,0.000879,74.125.200.0-255,1484,59973,78,304765
43455,0.000893,74.125.200.0-255,1484,61457,78,304765
43456,0.0009,74.125.200.0-255,5738,67195,78,304765
43457,0.000903,172.31.40.0-255,66,67261,78,304765
43458,0.000906,172.31.40.0-255,66,67327,78,304765
43459,0.000914,74.125.200.0-255,1484,68811,78,304765
43460,0.000939,74.125.200.0-255,7156,75967,78,304765
43461,0.000942,172.31.40.0-255,66,76033,78,304765
43462,0.000946,74.125.200.0-255,2902,78935,78,304765
43463,0.000948,172.31.40.0-255,66,79001,78,304765
43464,0.000964,74.125.200.0-255,7156,86157,78,304765
43465,0.000967,172.31.40.0-255,66,86223,78,304765
43466,0.000996,74.125.200.0-255,2902,89125,78,304765
43467,0.000999,172.31.40.0-255,66,89191,78,304765
43468,0.001013,74.125.200.0-255,2184,91375,78,304765
43469,0.001016,172.31.40.0-255,66,91441,78,304765
43470,0.001405,74.125.200.0-255,1484,92925,78,304765
43471,0.00141,74.125.200.0-255,1484,94409,78,304765
43472,0.001413,172.31.40.0-255,66,94475,78,304765
43473,0.001432,74.125.200.0-255,1484,95959,78,304765
43474,0.001438,74.125.200.0-255,4320,100279,78,304765
43475,0.00144,172.31.40.0-255,66,100345,78,304765
43476,0.001466,172.31.40.0-255,66,100411,78,304765
43477,0.001482,74.125.200.0-255,1484,101895,78,304765
43478,0.001503,74.125.200.0-255,7156,109051,78,304765
43479,0.001507,172.31.40.0-255,66,109117,78,304765
43480,0.001549,172.31.40.0-255,66,109183,78,304765
43481,0.001633,74.125.200.0-255,1484,110667,78,304765
43482,0.001637,74.125.200.0-255,1484,112151,78,304765
43483,0.00164,172.31.40.0-255,66,112217,78,304765
43484,0.001658,74.125.200.0-255,1484,113701,78,304765
43485,0.001665,74.125.200.0-255,5738,119439,78,304765
43486,0.001668,172.31.40.0-255,66,119505,78,304765
43487,0.001697,74.125.200.0-255,1484,120989,78,304765
43488,0.001721,74.125.200.0-255,1484,122473,78,304765
43489,0.001723,172.31.40.0-255,66,122539,78,304765
43490,0.001729,74.125.200.0-255,4320,126859,78,304765
43491,0.001731,172.31.40.0-255,66,126925,78,304765
43492,0.001741,172.31.40.0-255,66,126991,78,304765
43493,0.001748,74.125.200.0-255,7156,134147,78,304765
43494,0.001751,172.31.40.0-255,66,134213,78,304765
43495,0.00177,74.125.200.0-255,766,134979,78,304765
43496,0.001882,74.125.200.0-255,1484,136463,78,304765
43497,0.001886,172.31.40.0-255,66,136529,78,304765
43498,0.001891,74.125.200.0-255,2902,139431,78,304765
43499,0.001893,172.31.40.0-255,66,139497,78,304765
43500,0.00191,74.125.200.0-255,5738,145235,78,304765
43501,0.001913,172.31.40.0-255,66,145301,78,304765
43502,0.001935,74.125.200.0-255,7156,152457,78,304765
43503,0.001938,172.31.40.0-255,66,152523,78,304765
43504,0.001961,74.125.200.0-255,2902,155425,78,304765
43505,0.001964,172.31.40.0-255,66,155491,78,304765
43506,0.00197,74.125.200.0-255,5738,161229,78,304765
43507,0.001971,172.31.40.0-255,66,161295,78,304765
43508,0.003922,74.125.200.0-255,5738,167033,78,304765
43509,0.003928,172.31.40.0-255,66,167099,78,304765
43510,0.005852,74.125.200.0-255,5738,172837,78,304765
43511,0.005858,172.31.40.0-255,66,172903,78,304765
43512,0.007797,74.125.200.0-255,5738,178641,78,304765
43513,0.007803,172.31.40.0-255,66,178707,78,304765
43514,0.009753,74.125.200.0-255,5738,184445,78,304765
43515,0.00976,172.31.40.0-255,66,184511,78,304765
43516,0.011702,74.125.200.0-255,5738,190249,78,304765
43517,0.01171,172.31.40.0-255,66,190315,78,304765
43518,0.01364,74.125.200.0-255,5738,196053,78,304765
43519,0.013648,172.31.40.0-255,66,196119,78,304765
43520,0.015589,74.125.200.0-255,5738,201857,78,304765
43521,0.015596,172.31.40.0-255,66,201923,78,304765
43522,0.017536,74.125.200.0-255,5738,207661,78,304765
43523,0.017543,172.31.40.0-255,66,207727,78,304765
43524,0.019483,74.125.200.0-255,5738,213465,78,304765
43525,0.019489,172.31.40.0-255,66,213531,78,304765
43526,0.021441,74.125.200.0-255,5738,219269,78,304765
43527,0.021448,172.31.40.0-255,66,219335,78,304765
43528,0.023392,74.125.200.0-255,5738,225073,78,304765
43529,0.023404,172.31.40.0-255,66,225139,78,304765
43530,0.025356,74.125.200.0-255,5738,230877,78,304765
43531,0.025368,172.31.40.0-255,66,230943,78,304765
43532,0.027326,74.125.200.0-255,5738,236681,78,304765
43533,0.02734,172.31.40.0-255,66,236747,78,304765
43534,0.029282,74.125.200.0-255,5738,242485,78,304765
43535,0.02929,172.31.40.0-255,66,242551,78,304765
43536,0.031236,74.125.200.0-255,5738,248289,78,304765
43537,0.031243,172.31.40.0-255,66,248355,78,304765
43538,0.031874,172.31.40.0-255,172,248527,78,304765
43539,0.031906,172.31.40.0-255,1103,249630,78,304765
43540,0.031968,172.31.40.0-255,1514,251144,78,304765
43541,0.03197,172.31.40.0-255,1187,252331,78,304765
43542,0.033192,74.125.200.0-255,5738,258069,78,304765
43543,0.033199,172.31.40.0-255,66,258135,78,304765
43544,0.033379,104.244.42.0-255,66,258201,78,304765
43545,0.033571,104.244.42.0-255,66,258267,78,304765
43546,0.033599,104.244.42.0-255,66,258333,78,304765
43547,0.035134,74.125.200.0-255,5738,264071,78,304765
43548,0.035139,172.31.40.0-255,66,264137,78,304765
43549,0.037084,74.125.200.0-255,5738,269875,78,304765
43550,0.037091,172.31.40.0-255,66,269941,78,304765
43551,0.03903,74.125.200.0-255,5738,275679,78,304765
43552,0.039037,172.31.40.0-255,66,275745,78,304765
43553,0.04097,74.125.200.0-255,5738,281483,78,304765
43554,0.040979,172.31.40.0-255,66,281549,78,304765
43555,0.04291,74.125.200.0-255,5738,287287,78,304765
43556,0.042918,172.31.40.0-255,66,287353,78,304765
43557,0.044859,74.125.200.0-255,5738,293091,78,304765
43558,0.044866,172.31.40.0-255,66,293157,78,304765
43559,0.046846,74.125.200.0-255,5738,298895,78,304765
43560,0.046852,172.31.40.0-255,66,298961,78,304765
43561,0.048792,74.125.200.0-255,5738,304699,78,304765
43562,0.048799,172.31.40.0-255,66,304765,78,304765
43563,0.0,172.217.160.0-255,152,152,78,240397
43564,2.1e-05,172.31.40.0-255,66,218,78,240397
43565,2.7e-05,172.217.160.0-255,1484,1702,78,240397
43566,3.2e-05,172.31.40.0-255,66,1768,78,240397
43567,3.8e-05,172.217.160.0-255,2902,4670,78,240397
43568,4.1e-05,172.31.40.0-255,66,4736,78,240397
43569,4.8e-05,172.217.160.0-255,7156,11892,78,240397
43570,5.2e-05,172.31.40.0-255,66,11958,78,240397
43571,5.5e-05,172.217.160.0-255,1484,13442,78,240397
43572,5.8e-05,172.31.40.0-255,66,13508,78,240397
43573,0.0001,172.217.160.0-255,1985,15493,78,240397
43574,0.000103,172.31.40.0-255,66,15559,78,240397
43575,0.000107,172.217.160.0-255,2902,18461,78,240397
43576,0.00011,172.31.40.0-255,66,18527,78,240397
43577,0.000117,172.217.160.0-255,7156,25683,78,240397
43578,0.000119,172.31.40.0-255,66,25749,78,240397
43579,0.000147,172.217.160.0-255,5379,31128,78,240397
43580,0.00015,172.31.40.0-255,66,31194,78,240397
43581,0.000221,172.217.160.0-255,1484,32678,78,240397
43582,0.000224,172.31.40.0-255,66,32744,78,240397
43583,0.000229,172.217.160.0-255,2902,35646,78,240397
43584,0.000231,172.31.40.0-255,66,35712,78,240397
43585,0.000246,172.217.160.0-255,4320,40032,78,240397
43586,0.000249,172.31.40.0-255,66,40098,78,240397
43587,0.000276,172.217.160.0-255,5738,45836,78,240397
43588,0.000279,172.31.40.0-255,66,45902,78,240397
43589,0.0003,172.217.160.0-255,4320,50222,78,240397
43590,0.000303,172.31.40.0-255,66,50288,78,240397
43591,0.00033,172.31.40.0-255,66,50354,78,240397
43592,0.000347,172.217.160.0-255,4320,54674,78,240397
43593,0.00035,172.31.40.0-255,66,54740,78,240397
43594,0.000364,172.217.160.0-255,2848,57588,78,240397
43595,0.000484,172.31.40.0-255,66,57654,78,240397
43596,0.001358,172.217.160.0-255,371,58025,78,240397
43597,0.001478,172.217.160.0-255,1484,59509,78,240397
43598,0.001484,172.31.40.0-255,66,59575,78,240397
43599,0.001492,172.217.160.0-255,2902,62477,78,240397
43600,0.001509,172.217.160.0-255,5738,68215,78,240397
43601,0.001535,172.217.160.0-255,4320,72535,78,240397
43602,0.001565,172.217.160.0-255,7156,79691,78,240397
43603,0.001576,172.217.160.0-255,2543,82234,78,240397
43604,0.001657,172.217.160.0-255,1484,83718,78,240397
43605,0.001663,172.217.160.0-255,2902,86620,78,240397
43606,0.001685,172.217.160.0-255,4320,90940,78,240397
43607,0.00663,172.31.40.0-255,66,91006,78,240397
43608,0.008341,172.217.160.0-255,5738,96744,78,240397
43609,0.008348,172.31.40.0-255,66,96810,78,240397
43610,0.010035,172.217.160.0-255,5738,102548,78,240397
43611,0.01117,172.31.40.0-255,66,102614,78,240397
43612,0.012841,172.217.160.0-255,5738,108352,78,240397
43613,0.01285,172.31.40.0-255,66,108418,78,240397
43614,0.014517,172.217.160.0-255,5738,114156,78,240397
43615,0.014526,172.31.40.0-255,66,114222,78,240397
43616,0.016209,172.217.160.0-255,5738,119960,78,240397
43617,0.016216,172.31.40.0-255,66,120026,78,240397
43618,0.017894,172.217.160.0-255,5738,125764,78,240397
43619,0.017902,172.31.40.0-255,66,125830,78,240397
43620,0.019565,172.217.160.0-255,5738,131568,78,240397
43621,0.019571,172.31.40.0-255,66,131634,78,240397
43622,0.021241,172.217.160.0-255,5738,137372,78,240397
43623,0.021247,172.31.40.0-255,66,137438,78,240397
43624,0.022916,172.217.160.0-255,5738,143176,78,240397
43625,0.022923,172.31.40.0-255,66,143242,78,240397
43626,0.024357,172.31.40.0-255,172,143414,78,240397
43627,0.024388,172.31.40.0-255,1108,144522,78,240397
43628,0.024449,172.31.40.0-255,1514,146036,78,240397
43629,0.024451,172.31.40.0-255,1299,147335,78,240397
43630,0.024602,172.217.160.0-255,5738,153073,78,240397
43631,0.024609,172.31.40.0-255,66,153139,78,240397
43632,0.025913,104.244.42.0-255,66,153205,78,240397
43633,0.026042,104.244.42.0-255,66,153271,78,240397
43634,0.026047,104.244.42.0-255,66,153337,78,240397
43635,0.026272,172.217.160.0-255,5738,159075,78,240397
43636,0.026278,172.31.40.0-255,66,159141,78,240397
43637,0.027956,172.217.160.0-255,5738,164879,78,240397
43638,0.027963,172.31.40.0-255,66,164945,78,240397
43639,0.029635,172.217.160.0-255,5738,170683,78,240397
43640,0.029642,172.31.40.0-255,66,170749,78,240397
43641,0.031348,172.217.160.0-255,5738,176487,78,240397
43642,0.031353,172.31.40.0-255,66,176553,78,240397
43643,0.033023,172.217.160.0-255,5738,182291,78,240397
43644,0.033028,172.31.40.0-255,66,182357,78,240397
43645,0.034697,172.217.160.0-255,5738,188095,78,240397
43646,0.034704,172.31.40.0-255,66,188161,78,240397
43647,0.036372,172.217.160.0-255,5738,193899,78,240397
43648,0.036377,172.31.40.0-255,66,193965,78,240397
43649,0.038051,172.217.160.0-255,5738,199703,78,240397
43650,0.038057,172.31.40.0-255,66,199769,78,240397
43651,0.039729,172.217.160.0-255,5738,205507,78,240397
43652,0.039735,172.31.40.0-255,66,205573,78,240397
43653,0.041419,172.217.160.0-255,5738,211311,78,240397
43654,0.041425,172.31.40.0-255,66,211377,78,240397
43655,0.043093,172.217.160.0-255,5738,217115,78,240397
43656,0.043099,172.31.40.0-255,66,217181,78,240397
43657,0.044772,172.217.160.0-255,5738,222919,78,240397
43658,0.044778,172.31.40.0-255,66,222985,78,240397
43659,0.04651,172.217.160.0-255,5738,228723,78,240397
43660,0.046515,172.31.40.0-255,66,228789,78,240397
43661,0.04818,172.217.160.0-255,5738,234527,78,240397
43662,0.048187,172.31.40.0-255,66,234593,78,240397
43663,0.04986,172.217.160.0-255,5738,240331,78,240397
43664,0.049866,172.31.40.0-255,66,240397,78,240397
43665,0.0,172.217.27.0-255,150,150,78,332369
43666,1.4e-05,172.31.40.0-255,66,216,78,332369
43667,2.1e-05,172.217.27.0-255,1484,1700,78,332369
43668,2.5e-05,172.31.40.0-255,66,1766,78,332369
43669,3.1e-05,172.217.27.0-255,2902,4668,78,332369
43670,3.3e-05,172.31.40.0-255,66,4734,78,332369
43671,4.1e-05,172.217.27.0-255,5738,10472,78,332369
43672,4.3e-05,172.31.40.0-255,66,10538,78,332369
43673,4.7e-05,172.217.27.0-255,1484,12022,78,332369
43674,4.9e-05,172.31.40.0-255,66,12088,78,332369
43675,7.4e-05,172.217.27.0-255,4874,16962,78,332369
43676,7.7e-05,172.31.40.0-255,66,17028,78,332369
43677,8.2e-05,172.217.27.0-255,2902,19930,78,332369
43678,8.4e-05,172.31.40.0-255,66,19996,78,332369
43679,0.000112,172.217.27.0-255,7156,27152,78,332369
43680,0.000115,172.31.40.0-255,66,27218,78,332369
43681,0.000132,172.217.27.0-255,3961,31179,78,332369
43682,0.000135,172.31.40.0-255,66,31245,78,332369
43683,0.000217,172.217.27.0-255,1484,32729,78,332369
43684,0.000221,172.31.40.0-255,66,32795,78,332369
43685,0.000226,172.217.27.0-255,2902,35697,78,332369
43686,0.000229,172.31.40.0-255,66,35763,78,332369
43687,0.000234,172.217.27.0-255,2902,38665,78,332369
43688,0.000236,172.31.40.0-255,66,38731,78,332369
43689,0.000239,172.217.27.0-255,1484,40215,78,332369
43690,0.000241,172.31.40.0-255,66,40281,78,332369
43691,0.000259,172.217.27.0-255,2902,43183,78,332369
43692,0.000262,172.31.40.0-255,66,43249,78,332369
43693,0.000266,172.217.27.0-255,2902,46151,78,332369
43694,0.000268,172.31.40.0-255,66,46217,78,332369
43695,0.000299,172.217.27.0-255,6797,53014,78,332369
43696,0.000302,172.31.40.0-255,66,53080,78,332369
43697,0.000313,172.31.40.0-255,66,53146,78,332369
43698,0.000336,172.217.27.0-255,2835,55981,78,332369
43699,0.000338,172.31.40.0-255,66,56047,78,332369
43700,0.000605,172.217.27.0-255,129,56176,78,332369
43701,0.000759,172.217.27.0-255,1484,57660,78,332369
43702,0.000764,172.31.40.0-255,66,57726,78,332369
43703,0.00077,172.217.27.0-255,2902,60628,78,332369
43704,0.000772,172.31.40.0-255,66,60694,78,332369
43705,0.000779,172.217.27.0-255,5738,66432,78,332369
43706,0.000781,172.31.40.0-255,66,66498,78,332369
43707,0.000809,172.217.27.0-255,6504,73002,78,332369
43708,0.000811,172.31.40.0-255,66,73068,78,332369
43709,0.001185,172.217.27.0-255,1484,74552,78,332369
43710,0.001191,172.217.27.0-255,2902,77454,78,332369
43711,0.001194,172.31.40.0-255,66,77520,78,332369
43712,0.001217,172.217.27.0-255,4320,81840,78,332369
43713,0.001219,172.31.40.0-255,66,81906,78,332369
43714,0.001223,172.217.27.0-255,2902,84808,78,332369
43715,0.001225,172.31.40.0-255,66,84874,78,332369
43716,0.001243,172.217.27.0-255,5738,90612,78,332369
43717,0.001246,172.31.40.0-255,66,90678,78,332369
43718,0.001263,172.217.27.0-255,4320,94998,78,332369
43719,0.001265,172.31.40.0-255,66,95064,78,332369
43720,0.001289,172.31.40.0-255,66,95130,78,332369
43721,0.001305,172.217.27.0-255,1484,96614,78,332369
43722,0.001309,172.217.27.0-255,2902,99516,78,332369
43723,0.001311,172.31.40.0-255,66,99582,78,332369
43724,0.001336,172.217.27.0-255,5738,105320,78,332369
43725,0.001339,172.31.40.0-255,66,105386,78,332369
43726,0.001354,172.217.27.0-255,4320,109706,78,332369
43727,0.001356,172.31.40.0-255,66,109772,78,332369
43728,0.00138,172.217.27.0-255,7156,116928,78,332369
43729,0.001383,172.31.40.0-255,66,116994,78,332369
43730,0.001391,172.217.27.0-255,7156,124150,78,332369
43731,0.001393,172.31.40.0-255,66,124216,78,332369
43732,0.00142,172.217.27.0-255,5020,129236,78,332369
43733,0.001423,172.31.40.0-255,66,129302,78,332369
43734,0.001498,172.217.27.0-255,1484,130786,78,332369
43735,0.001503,172.217.27.0-255,1484,132270,78,332369
43736,0.001506,172.31.40.0-255,66,132336,78,332369
43737,0.001528,172.217.27.0-255,1484,133820,78,332369
43738,0.001534,172.217.27.0-255,5738,139558,78,332369
43739,0.001537,172.31.40.0-255,66,139624,78,332369
43740,0.001553,172.217.27.0-255,2902,142526,78,332369
43741,0.001555,172.31.40.0-255,66,142592,78,332369
43742,0.001585,172.31.40.0-255,66,142658,78,332369
43743,0.001593,172.217.27.0-255,7156,149814,78,332369
43744,0.001595,172.31.40.0-255,66,149880,78,332369
43745,0.001645,172.217.27.0-255,3602,153482,78,332369
43746,0.001647,172.31.40.0-255,66,153548,78,332369
43747,0.00165,172.217.27.0-255,1484,155032,78,332369
43748,0.001657,172.217.27.0-255,5738,160770,78,332369
43749,0.001659,172.31.40.0-255,66,160836,78,332369
43750,0.003283,172.217.27.0-255,5738,166574,78,332369
43751,0.003291,172.31.40.0-255,66,166640,78,332369
43752,0.004915,172.217.27.0-255,5738,172378,78,332369
43753,0.004921,172.31.40.0-255,66,172444,78,332369
43754,0.006537,172.217.27.0-255,4320,176764,78,332369
43755,0.006541,172.31.40.0-255,66,176830,78,332369
43756,0.006556,172.217.27.0-255,1484,178314,78,332369
43757,0.008171,172.217.27.0-255,4320,182634,78,332369
43758,0.008178,172.31.40.0-255,66,182700,78,332369
43759,0.00981,172.217.27.0-255,5738,188438,78,332369
43760,0.009817,172.31.40.0-255,66,188504,78,332369
43761,0.011446,172.217.27.0-255,5738,194242,78,332369
43762,0.011454,172.31.40.0-255,66,194308,78,332369
43763,0.013081,172.217.27.0-255,5738,200046,78,332369
43764,0.013088,172.31.40.0-255,66,200112,78,332369
43765,0.014719,172.217.27.0-255,2902,203014,78,332369
43766,0.014726,172.31.40.0-255,66,203080,78,332369
43767,0.014747,172.217.27.0-255,2902,205982,78,332369
43768,0.01475,172.31.40.0-255,66,206048,78,332369
43769,0.016355,172.217.27.0-255,2902,208950,78,332369
43770,0.016364,172.31.40.0-255,66,209016,78,332369
43771,0.016386,172.217.27.0-255,2902,211918,78,332369
43772,0.016389,172.31.40.0-255,66,211984,78,332369
43773,0.017986,172.217.27.0-255,2902,214886,78,332369
43774,0.017992,172.31.40.0-255,66,214952,78,332369
43775,0.018009,172.217.27.0-255,2902,217854,78,332369
43776,0.018012,172.31.40.0-255,66,217920,78,332369
43777,0.019633,172.217.27.0-255,5738,223658,78,332369
43778,0.01964,172.31.40.0-255,66,223724,78,332369
43779,0.021269,172.217.27.0-255,5738,229462,78,332369
43780,0.021282,172.31.40.0-255,66,229528,78,332369
43781,0.022911,172.217.27.0-255,5738,235266,78,332369
43782,0.022922,172.31.40.0-255,66,235332,78,332369
43783,0.024558,172.217.27.0-255,5738,241070,78,332369
43784,0.024569,172.31.40.0-255,66,241136,78,332369
43785,0.026228,172.217.27.0-255,5738,246874,78,332369
43786,0.02624,172.31.40.0-255,66,246940,78,332369
43787,0.027889,172.217.27.0-255,5738,252678,78,332369
43788,0.027897,172.31.40.0-255,66,252744,78,332369
43789,0.029662,172.217.27.0-255,5738,258482,78,332369
43790,0.029675,172.31.40.0-255,66,258548,78,332369
43791,0.031305,172.217.27.0-255,5738,264286,78,332369
43792,0.031312,172.31.40.0-255,66,264352,78,332369
43793,0.033103,172.217.27.0-255,5738,270090,78,332369
43794,0.033119,172.31.40.0-255,66,270156,78,332369
43795,0.034736,172.217.27.0-255,5738,275894,78,332369
43796,0.034742,172.31.40.0-255,66,275960,78,332369
43797,0.036378,172.217.27.0-255,5738,281698,78,332369
43798,0.036389,172.31.40.0-255,66,281764,78,332369
43799,0.038031,172.217.27.0-255,5738,287502,78,332369
43800,0.038041,172.31.40.0-255,66,287568,78,332369
43801,0.039749,172.217.27.0-255,5738,293306,78,332369
43802,0.039758,172.31.40.0-255,66,293372,78,332369
43803,0.041351,172.31.40.0-255,172,293544,78,332369
43804,0.041396,172.217.27.0-255,5738,299282,78,332369
43805,0.041401,172.31.40.0-255,66,299348,78,332369
43806,0.041418,172.31.40.0-255,1104,300452,78,332369
43807,0.041535,172.31.40.0-255,1514,301966,78,332369
43808,0.041538,172.31.40.0-255,1185,303151,78,332369
43809,0.042951,104.244.42.0-255,66,303217,78,332369
43810,0.043039,172.217.27.0-255,5738,308955,78,332369
43811,0.04305,172.31.40.0-255,66,309021,78,332369
43812,0.043074,104.244.42.0-255,66,309087,78,332369
43813,0.043079,104.244.42.0-255,66,309153,78,332369
43814,0.04468,172.217.27.0-255,5738,314891,78,332369
43815,0.044689,172.31.40.0-255,66,314957,78,332369
43816,0.046314,172.217.27.0-255,5738,320695,78,332369
43817,0.046322,172.31.40.0-255,66,320761,78,332369
43818,0.047946,172.217.27.0-255,5738,326499,78,332369
43819,0.047953,172.31.40.0-255,66,326565,78,332369
43820,0.049593,172.217.27.0-255,5738,332303,78,332369
43821,0.049599,172.31.40.0-255,66,332369,78,332369
43822,0.0,74.125.68.0-255,146,146,78,236007
43823,1.6e-05,172.31.40.0-255,66,212,78,236007
43824,2.3e-05,74.125.68.0-255,1484,1696,78,236007
43825,2.8e-05,172.31.40.0-255,66,1762,78,236007
43826,5.4e-05,74.125.68.0-255,2902,4664,78,236007
43827,5.8e-05,172.31.40.0-255,66,4730,78,236007
43828,6.4e-05,74.125.68.0-255,4320,9050,78,236007
43829,6.7e-05,172.31.40.0-255,66,9116,78,236007
43830,9.4e-05,74.125.68.0-255,4873,13989,78,236007
43831,9.7e-05,172.31.40.0-255,66,14055,78,236007
43832,0.000271,74.125.68.0-255,1484,15539,78,236007
43833,0.000276,172.31.40.0-255,66,15605,78,236007
43834,0.000281,74.125.68.0-255,1484,17089,78,236007
43835,0.000283,172.31.40.0-255,66,17155,78,236007
43836,0.000298,74.125.68.0-255,1484,18639,78,236007
43837,0.0003,172.31.40.0-255,66,18705,78,236007
43838,0.000329,74.125.68.0-255,4320,23025,78,236007
43839,0.000333,172.31.40.0-255,66,23091,78,236007
43840,0.00034,74.125.68.0-255,5738,28829,78,236007
43841,0.000342,172.31.40.0-255,66,28895,78,236007
43842,0.000355,74.125.68.0-255,2543,31438,78,236007
43843,0.000358,172.31.40.0-255,66,31504,78,236007
43844,0.000362,74.125.68.0-255,2902,34406,78,236007
43845,0.000365,172.31.40.0-255,66,34472,78,236007
43846,0.000397,74.125.68.0-255,5738,40210,78,236007
43847,0.000399,172.31.40.0-255,66,40276,78,236007
43848,0.000407,74.125.68.0-255,7156,47432,78,236007
43849,0.00041,172.31.40.0-255,66,47498,78,236007
43850,0.000415,74.125.68.0-255,4320,51818,78,236007
43851,0.000417,172.31.40.0-255,66,51884,78,236007
43852,0.000443,74.125.68.0-255,4320,56204,78,236007
43853,0.000445,172.31.40.0-255,66,56270,78,236007
43854,0.000462,74.125.68.0-255,7156,63426,78,236007
43855,0.000466,172.31.40.0-255,66,63492,78,236007
43856,0.000485,74.125.68.0-255,2184,65676,78,236007
43857,0.000487,172.31.40.0-255,66,65742,78,236007
43858,0.00049,74.125.68.0-255,357,66099,78,236007
43859,0.000492,172.31.40.0-255,66,66165,78,236007
43860,0.000514,74.125.68.0-255,385,66550,78,236007
43861,0.000517,172.31.40.0-255,66,66616,78,236007
43862,0.000683,74.125.68.0-255,1484,68100,78,236007
43863,0.000687,172.31.40.0-255,66,68166,78,236007
43864,0.000708,74.125.68.0-255,1484,69650,78,236007
43865,0.000711,172.31.40.0-255,66,69716,78,236007
43866,0.000728,74.125.68.0-255,1484,71200,78,236007
43867,0.000731,172.31.40.0-255,66,71266,78,236007
43868,0.000738,74.125.68.0-255,5738,77004,78,236007
43869,0.000741,172.31.40.0-255,66,77070,78,236007
43870,0.00078,74.125.68.0-255,2902,79972,78,236007
43871,0.000783,172.31.40.0-255,66,80038,78,236007
43872,0.000805,74.125.68.0-255,4320,84358,78,236007
43873,0.000807,172.31.40.0-255,66,84424,78,236007
43874,0.000818,172.31.40.0-255,66,84490,78,236007
43875,0.000863,74.125.68.0-255,5738,90228,78,236007
43876,0.000868,172.31.40.0-255,66,90294,78,236007
43877,0.00088,74.125.68.0-255,2184,92478,78,236007
43878,0.000883,172.31.40.0-255,66,92544,78,236007
43879,0.002051,74.125.68.0-255,1484,94028,78,236007
43880,0.002058,172.31.40.0-255,66,94094,78,236007
43881,0.002068,74.125.68.0-255,2902,96996,78,236007
43882,0.002071,172.31.40.0-255,66,97062,78,236007
43883,0.002078,74.125.68.0-255,5738,102800,78,236007
43884,0.002081,172.31.40.0-255,66,102866,78,236007
43885,0.002096,74.125.68.0-255,2902,105768,78,236007
43886,0.002098,172.31.40.0-255,66,105834,78,236007
43887,0.002128,74.125.68.0-255,7156,112990,78,236007
43888,0.00213,172.31.40.0-255,66,113056,78,236007
43889,0.002142,172.31.40.0-255,66,113122,78,236007
43890,0.002165,74.125.68.0-255,2184,115306,78,236007
43891,0.002167,172.31.40.0-255,66,115372,78,236007
43892,0.00442,74.125.68.0-255,2902,118274,78,236007
43893,0.004427,172.31.40.0-255,66,118340,78,236007
43894,0.004448,74.125.68.0-255,2902,121242,78,236007
43895,0.00445,172.31.40.0-255,66,121308,78,236007
43896,0.006688,74.125.68.0-255,2902,124210,78,236007
43897,0.006692,172.31.40.0-255,66,124276,78,236007
43898,0.00671,74.125.68.0-255,2902,127178,78,236007
43899,0.006712,172.31.40.0-255,66,127244,78,236007
43900,0.008967,74.125.68.0-255,5738,132982,78,236007
43901,0.008975,172.31.40.0-255,66,133048,78,236007
43902,0.011248,74.125.68.0-255,5738,138786,78,236007
43903,0.011255,172.31.40.0-255,66,138852,78,236007
43904,0.013544,74.125.68.0-255,5738,144590,78,236007
43905,0.013551,172.31.40.0-255,66,144656,78,236007
43906,0.015834,74.125.68.0-255,5738,150394,78,236007
43907,0.015842,172.31.40.0-255,66,150460,78,236007
43908,0.018124,74.125.68.0-255,5738,156198,78,236007
43909,0.018134,172.31.40.0-255,66,156264,78,236007
43910,0.02042,74.125.68.0-255,5738,162002,78,236007
43911,0.020428,172.31.40.0-255,66,162068,78,236007
43912,0.022708,74.125.68.0-255,5738,167806,78,236007
43913,0.022715,172.31.40.0-255,66,167872,78,236007
43914,0.024985,74.125.68.0-255,5738,173610,78,236007
43915,0.024992,172.31.40.0-255,66,173676,78,236007
43916,0.025656,172.31.40.0-255,172,173848,78,236007
43917,0.025684,172.31.40.0-255,1107,174955,78,236007
43918,0.025739,172.31.40.0-255,1514,176469,78,236007
43919,0.02574,172.31.40.0-255,1300,177769,78,236007
43920,0.027192,104.244.42.0-255,66,177835,78,236007
43921,0.02725,104.244.42.0-255,66,177901,78,236007
43922,0.027297,74.125.68.0-255,5738,183639,78,236007
43923,0.027302,172.31.40.0-255,66,183705,78,236007
43924,0.027323,104.244.42.0-255,66,183771,78,236007
43925,0.029585,74.125.68.0-255,5738,189509,78,236007
43926,0.029591,172.31.40.0-255,66,189575,78,236007
43927,0.03187,74.125.68.0-255,5738,195313,78,236007
43928,0.031875,172.31.40.0-255,66,195379,78,236007
43929,0.03415,74.125.68.0-255,5738,201117,78,236007
43930,0.034156,172.31.40.0-255,66,201183,78,236007
43931,0.03644,74.125.68.0-255,5738,206921,78,236007
43932,0.036447,172.31.40.0-255,66,206987,78,236007
43933,0.038745,74.125.68.0-255,5738,212725,78,236007
43934,0.038752,172.31.40.0-255,66,212791,78,236007
43935,0.041038,74.125.68.0-255,5738,218529,78,236007
43936,0.041046,172.31.40.0-255,66,218595,78,236007
43937,0.043332,74.125.68.0-255,5738,224333,78,236007
43938,0.043337,172.31.40.0-255,66,224399,78,236007
43939,0.045634,74.125.68.0-255,5738,230137,78,236007
43940,0.045642,172.31.40.0-255,66,230203,78,236007
43941,0.047935,74.125.68.0-255,5738,235941,78,236007
43942,0.047942,172.31.40.0-255,66,236007,78,236007
43943,0.0,172.217.194.0-255,150,150,78,129244
43944,2.2e-05,172.31.40.0-255,66,216,78,129244
43945,3e-05,172.217.194.0-255,1484,1700,78,129244
43946,3.4e-05,172.31.40.0-255,66,1766,78,129244
43947,4.1e-05,172.217.194.0-255,2902,4668,78,129244
43948,5.3e-05,172.31.40.0-255,66,4734,78,129244
43949,6.2e-05,172.217.194.0-255,7156,11890,78,129244
43950,6.4e-05,172.31.40.0-255,66,11956,78,129244
43951,6.9e-05,172.217.194.0-255,2036,13992,78,129244
43952,7.1e-05,172.31.40.0-255,66,14058,78,129244
43953,8.5e-05,172.31.40.0-255,66,14124,78,129244
43954,9.8e-05,172.31.40.0-255,66,14190,78,129244
43955,0.000146,172.31.40.0-255,66,14256,78,129244
43956,0.005207,172.217.194.0-255,1484,15740,78,129244
43957,0.005214,172.31.40.0-255,66,15806,78,129244
43958,0.005223,172.217.194.0-255,2902,18708,78,129244
43959,0.005225,172.31.40.0-255,66,18774,78,129244
43960,0.005235,172.217.194.0-255,1484,20258,78,129244
43961,0.005237,172.31.40.0-255,66,20324,78,129244
43962,0.007609,172.217.194.0-255,5738,26062,78,129244
43963,0.007617,172.31.40.0-255,66,26128,78,129244
43964,0.010003,172.217.194.0-255,5683,31811,78,129244
43965,0.010011,172.31.40.0-255,66,31877,78,129244
43966,0.013013,172.217.194.0-255,1484,33361,78,129244
43967,0.013022,172.31.40.0-255,66,33427,78,129244
43968,0.013033,172.217.194.0-255,2902,36329,78,129244
43969,0.013042,172.31.40.0-255,66,36395,78,129244
43970,0.013073,172.217.194.0-255,1484,37879,78,129244
43971,0.013076,172.31.40.0-255,66,37945,78,129244
43972,0.015359,172.217.194.0-255,1484,39429,78,129244
43973,0.015422,172.217.194.0-255,4320,43749,78,129244
43974,0.015428,172.31.40.0-255,66,43815,78,129244
43975,0.017799,172.217.194.0-255,5738,49553,78,129244
43976,0.017806,172.31.40.0-255,66,49619,78,129244
43977,0.020156,172.217.194.0-255,5738,55357,78,129244
43978,0.020164,172.31.40.0-255,66,55423,78,129244
43979,0.020681,172.31.40.0-255,172,55595,78,129244
43980,0.020711,172.31.40.0-255,1104,56699,78,129244
43981,0.020773,172.31.40.0-255,1514,58213,78,129244
43982,0.020775,172.31.40.0-255,1185,59398,78,129244
43983,0.022219,104.244.42.0-255,66,59464,78,129244
43984,0.022247,104.244.42.0-255,66,59530,78,129244
43985,0.02231,104.244.42.0-255,66,59596,78,129244
43986,0.022544,172.217.194.0-255,5738,65334,78,129244
43987,0.02255,172.31.40.0-255,66,65400,78,129244
43988,0.024922,172.217.194.0-255,5738,71138,78,129244
43989,0.024929,172.31.40.0-255,66,71204,78,129244
43990,0.027312,172.217.194.0-255,5738,76942,78,129244
43991,0.027317,172.31.40.0-255,66,77008,78,129244
43992,0.029705,172.217.194.0-255,5738,82746,78,129244
43993,0.029712,172.31.40.0-255,66,82812,78,129244
43994,0.03209,172.217.194.0-255,5738,88550,78,129244
43995,0.032098,172.31.40.0-255,66,88616,78,129244
43996,0.034479,172.217.194.0-255,5738,94354,78,129244
43997,0.034486,172.31.40.0-255,66,94420,78,129244
43998,0.036854,172.217.194.0-255,5738,100158,78,129244
43999,0.036861,172.31.40.0-255,66,100224,78,129244
44000,0.039245,172.217.194.0-255,5738,105962,78,129244
44001,0.039252,172.31.40.0-255,66,106028,78,129244
44002,0.041641,172.217.194.0-255,5738,111766,78,129244
44003,0.041648,172.31.40.0-255,66,111832,78,129244
44004,0.044017,172.217.194.0-255,5738,117570,78,129244
44005,0.044023,172.31.40.0-255,66,117636,78,129244
44006,0.046416,172.217.194.0-255,5738,123374,78,129244
44007,0.046423,172.31.40.0-255,66,123440,78,129244
44008,0.048811,172.217.194.0-255,5738,129178,78,129244
44009,0.048818,172.31.40.0-255,66,129244,78,129244
44010,0.0,172.217.194.0-255,152,152,78,310216
44011,1.6e-05,172.31.40.0-255,66,218,78,310216
44012,2.2e-05,172.217.194.0-255,1484,1702,78,310216
44013,2.7e-05,172.31.40.0-255,66,1768,78,310216
44014,3.3e-05,172.217.194.0-255,2902,4670,78,310216
44015,4.5e-05,172.31.40.0-255,66,4736,78,310216
44016,8.2e-05,172.217.194.0-255,7156,11892,78,310216
44017,8.6e-05,172.31.40.0-255,66,11958,78,310216
44018,8.9e-05,172.217.194.0-255,1484,13442,78,310216
44019,9.2e-05,172.31.40.0-255,66,13508,78,310216
44020,9.5e-05,172.217.194.0-255,1484,14992,78,310216
44021,9.8e-05,172.31.40.0-255,66,15058,78,310216
44022,0.000138,172.31.40.0-255,66,15124,78,310216
44023,0.000141,172.217.194.0-255,2543,17667,78,310216
44024,0.000144,172.31.40.0-255,66,17733,78,310216
44025,0.000194,172.217.194.0-255,1484,19217,78,310216
44026,0.000197,172.31.40.0-255,66,19283,78,310216
44027,0.0002,172.217.194.0-255,1484,20767,78,310216
44028,0.000202,172.31.40.0-255,66,20833,78,310216
44029,0.000219,172.217.194.0-255,1484,22317,78,310216
44030,0.000221,172.31.40.0-255,66,22383,78,310216
44031,0.000227,172.217.194.0-255,5738,28121,78,310216
44032,0.00023,172.31.40.0-255,66,28187,78,310216
44033,0.000235,172.217.194.0-255,4320,32507,78,310216
44034,0.000238,172.31.40.0-255,66,32573,78,310216
44035,0.000264,172.217.194.0-255,2902,35475,78,310216
44036,0.000266,172.31.40.0-255,66,35541,78,310216
44037,0.000281,172.31.40.0-255,66,35607,78,310216
44038,0.000284,172.217.194.0-255,2184,37791,78,310216
44039,0.000287,172.31.40.0-255,66,37857,78,310216
44040,0.000332,172.217.194.0-255,410,38267,78,310216
44041,0.00036,172.217.194.0-255,364,38631,78,310216
44042,0.000442,172.217.194.0-255,1484,40115,78,310216
44043,0.000447,172.31.40.0-255,66,40181,78,310216
44044,0.000452,172.217.194.0-255,2902,43083,78,310216
44045,0.000454,172.31.40.0-255,66,43149,78,310216
44046,0.000461,172.217.194.0-255,5738,48887,78,310216
44047,0.000468,172.31.40.0-255,66,48953,78,310216
44048,0.000473,172.217.194.0-255,2902,51855,78,310216
44049,0.000475,172.31.40.0-255,66,51921,78,310216
44050,0.000501,172.217.194.0-255,3961,55882,78,310216
44051,0.000503,172.31.40.0-255,66,55948,78,310216
44052,0.000534,172.217.194.0-255,4320,60268,78,310216
44053,0.000536,172.31.40.0-255,66,60334,78,310216
44054,0.000543,172.217.194.0-255,5738,66072,78,310216
44055,0.000545,172.31.40.0-255,66,66138,78,310216
44056,0.000583,172.217.194.0-255,5738,71876,78,310216
44057,0.000586,172.31.40.0-255,66,71942,78,310216
44058,0.000611,172.217.194.0-255,1125,73067,78,310216
44059,0.001423,172.217.194.0-255,1484,74551,78,310216
44060,0.001429,172.31.40.0-255,66,74617,78,310216
44061,0.001435,172.217.194.0-255,2902,77519,78,310216
44062,0.001438,172.31.40.0-255,66,77585,78,310216
44063,0.001474,172.217.194.0-255,5738,83323,78,310216
44064,0.001477,172.31.40.0-255,66,83389,78,310216
44065,0.001491,172.31.40.0-255,66,83455,78,310216
44066,0.001497,172.217.194.0-255,4320,87775,78,310216
44067,0.001502,172.31.40.0-255,66,87841,78,310216
44068,0.001539,172.217.194.0-255,6438,94279,78,310216
44069,0.001543,172.31.40.0-255,66,94345,78,310216
44070,0.001568,172.217.194.0-255,1484,95829,78,310216
44071,0.001573,172.217.194.0-255,2902,98731,78,310216
44072,0.001576,172.31.40.0-255,66,98797,78,310216
44073,0.001582,172.217.194.0-255,5738,104535,78,310216
44074,0.001584,172.31.40.0-255,66,104601,78,310216
44075,0.001617,172.217.194.0-255,4320,108921,78,310216
44076,0.001619,172.31.40.0-255,66,108987,78,310216
44077,0.001625,172.217.194.0-255,5738,114725,78,310216
44078,0.001627,172.31.40.0-255,66,114791,78,310216
44079,0.001631,172.217.194.0-255,2902,117693,78,310216
44080,0.001633,172.31.40.0-255,66,117759,78,310216
44081,0.001671,172.31.40.0-255,66,117825,78,310216
44082,0.001675,172.217.194.0-255,2184,120009,78,310216
44083,0.001677,172.31.40.0-255,66,120075,78,310216
44084,0.001709,172.217.194.0-255,1484,121559,78,310216
44085,0.001723,172.217.194.0-255,2902,124461,78,310216
44086,0.001726,172.31.40.0-255,66,124527,78,310216
44087,0.001751,172.217.194.0-255,5738,130265,78,310216
44088,0.001754,172.31.40.0-255,66,130331,78,310216
44089,0.001778,172.217.194.0-255,7156,137487,78,310216
44090,0.001781,172.31.40.0-255,66,137553,78,310216
44091,0.001825,172.31.40.0-255,66,137619,78,310216
44092,0.00183,172.217.194.0-255,2184,139803,78,310216
44093,0.001832,172.31.40.0-255,66,139869,78,310216
44094,0.00187,172.217.194.0-255,1484,141353,78,310216
44095,0.001883,172.217.194.0-255,2902,144255,78,310216
44096,0.001886,172.31.40.0-255,66,144321,78,310216
44097,0.001913,172.217.194.0-255,4320,148641,78,310216
44098,0.001915,172.31.40.0-255,66,148707,78,310216
44099,0.001943,172.217.194.0-255,1484,150191,78,310216
44100,0.001951,172.217.194.0-255,7156,157347,78,310216
44101,0.001954,172.31.40.0-255,66,157413,78,310216
44102,0.001958,172.217.194.0-255,2902,160315,78,310216
44103,0.001961,172.31.40.0-255,66,160381,78,310216
44104,0.001994,172.31.40.0-255,66,160447,78,310216
44105,0.002027,172.217.194.0-255,3602,164049,78,310216
44106,0.00203,172.31.40.0-255,66,164115,78,310216
44107,0.002141,172.217.194.0-255,1484,165599,78,310216
44108,0.002149,172.217.194.0-255,2902,168501,78,310216
44109,0.002152,172.31.40.0-255,66,168567,78,310216
44110,0.002159,172.217.194.0-255,5738,174305,78,310216
44111,0.002161,172.31.40.0-255,66,174371,78,310216
44112,0.002178,172.217.194.0-255,5738,180109,78,310216
44113,0.00218,172.31.40.0-255,66,180175,78,310216
44114,0.002247,172.31.40.0-255,66,180241,78,310216
44115,0.002253,172.217.194.0-255,5020,185261,78,310216
44116,0.002255,172.31.40.0-255,66,185327,78,310216
44117,0.002258,172.217.194.0-255,1484,186811,78,310216
44118,0.004486,172.217.194.0-255,4320,191131,78,310216
44119,0.004494,172.31.40.0-255,66,191197,78,310216
44120,0.006755,172.217.194.0-255,4320,195517,78,310216
44121,0.006761,172.31.40.0-255,66,195583,78,310216
44122,0.006786,172.217.194.0-255,1484,197067,78,310216
44123,0.008998,172.217.194.0-255,4320,201387,78,310216
44124,0.009005,172.31.40.0-255,66,201453,78,310216
44125,0.011272,172.217.194.0-255,5738,207191,78,310216
44126,0.011281,172.31.40.0-255,66,207257,78,310216
44127,0.013499,172.217.194.0-255,5738,212995,78,310216
44128,0.013507,172.31.40.0-255,66,213061,78,310216
44129,0.015752,172.217.194.0-255,5738,218799,78,310216
44130,0.015764,172.31.40.0-255,66,218865,78,310216
44131,0.018,172.217.194.0-255,5738,224603,78,310216
44132,0.018008,172.31.40.0-255,66,224669,78,310216
44133,0.020255,172.217.194.0-255,5738,230407,78,310216
44134,0.020261,172.31.40.0-255,66,230473,78,310216
44135,0.022517,172.217.194.0-255,5738,236211,78,310216
44136,0.022525,172.31.40.0-255,66,236277,78,310216
44137,0.024774,172.217.194.0-255,5738,242015,78,310216
44138,0.02478,172.31.40.0-255,66,242081,78,310216
44139,0.027034,172.217.194.0-255,5738,247819,78,310216
44140,0.027041,172.31.40.0-255,66,247885,78,310216
44141,0.029285,172.217.194.0-255,5738,253623,78,310216
44142,0.029292,172.31.40.0-255,66,253689,78,310216
44143,0.029318,172.31.40.0-255,172,253861,78,310216
44144,0.029341,172.31.40.0-255,1108,254969,78,310216
44145,0.029442,172.31.40.0-255,1514,256483,78,310216
44146,0.029444,172.31.40.0-255,1299,257782,78,310216
44147,0.030875,104.244.42.0-255,66,257848,78,310216
44148,0.030929,104.244.42.0-255,66,257914,78,310216
44149,0.031018,104.244.42.0-255,66,257980,78,310216
44150,0.031519,172.217.194.0-255,5738,263718,78,310216
44151,0.031525,172.31.40.0-255,66,263784,78,310216
44152,0.033779,172.217.194.0-255,5738,269522,78,310216
44153,0.033792,172.31.40.0-255,66,269588,78,310216
44154,0.036073,172.217.194.0-255,5738,275326,78,310216
44155,0.036081,172.31.40.0-255,66,275392,78,310216
44156,0.038319,172.217.194.0-255,5738,281130,78,310216
44157,0.038326,172.31.40.0-255,66,281196,78,310216
44158,0.040587,172.217.194.0-255,5738,286934,78,310216
44159,0.040594,172.31.40.0-255,66,287000,78,310216
44160,0.042841,172.217.194.0-255,5738,292738,78,310216
44161,0.042847,172.31.40.0-255,66,292804,78,310216
44162,0.045124,172.217.194.0-255,5738,298542,78,310216
44163,0.045131,172.31.40.0-255,66,298608,78,310216
44164,0.047386,172.217.194.0-255,5738,304346,78,310216
44165,0.047395,172.31.40.0-255,66,304412,78,310216
44166,0.049653,172.217.194.0-255,5738,310150,78,310216
44167,0.049659,172.31.40.0-255,66,310216,78,310216
44168,0.0,172.31.40.0-255,105,105,78,276
44169,0.001754,157.240.24.0-255,105,210,78,276
44170,0.001769,172.31.40.0-255,66,276,78,276
